37-51563,aHR0cDovL3RzaG9wLnIxMHMuanAvYWN0eS9jYWJpbmV0L3NoaW4zMS8xMDI2NDM1LmpwZz9maXRpbj03MDA6NzAw,NzUyNC44MDAw,,44Oa44OD44OI44O744Oa44OD44OI44Kw44OD44K6ID4g54qs55So5ZOBID4g44GK44KC44Gh44KDID4g44Gs44GE44GQ44KL44G/,NTA3NDg3NSDjg5rjg4Pjg4jjg5fjg60gRG9nVG95IOODreODs+OCsOODhuOCpOODqyBCT1jjgrvjg4Pjg4g=,44GL44KP44GE44GE44GK44KC44Gh44KD44Gu44K744OD44OI44CC,PHRhYmxlIHdpZHRoPSI2MDAiIGJvcmRlcj0iMCIgYWxpZ249ImNlbnRlciIgY2VsbHBhZGRpbmc9IjAiIGNlbGxzcGFjaW5nPSIwIj48dHI+PHRkPjxmb250IGNvbG9yPSIjMDA5OTk5IiBzaXplPSI1Ij48c3Ryb25nPuOBi+OCj+OBhOOBhOOBiuOCguOBoeOCg+OBruOCu+ODg+ODiOOAgjwvc3Ryb25nPjwvZm9udD48L3RkPjwvdHI+PC90YWJsZT48YnI+PHRhYmxlIHdpZHRoPSI2MTAiIGJvcmRlcj0iMCIgYWxpZ249ImNlbnRlciIgY2VsbHBhZGRpbmc9IjEiIGNlbGxzcGFjaW5nPSIwIj48dHI+PHRkIHdpZHRoPSI2MTAiIHZhbGlnbj0idG9wIiBhbGlnbj0iY2VudGVyIj48ZGl2PjxpbWcgc3JjPSJodHRwOi8vaW1hZ2UucmFrdXRlbi5jby5qcC90dWhhbi15YS9jYWJpbmV0L3Rfc2ltcGxlNTM0MS8xMDI2NDM1LTAxLmpwZyIgd2lkdGg9IjYwMCIgaGVpZ2h0PSI1NTIiPjxicj48Zm9udCBzaXplPTM+PC9mb250PjwvZGl2Pjxicj48dGFibGUgd2lkdGg9IjYwMCIgYm9yZGVyPSIwIiBhbGlnbj0iY2VudGVyIiBjZWxscGFkZGluZz0iMSIgY2VsbHNwYWNpbmc9IjAiPjx0cj48dGQgd2lkdGg9IjYwMCIgdmFsaWduPSJ0b3AiIGFsaWduPSJsZWZ0Ij48Zm9udCBzaXplPSIzIj7jgJDkvb/nlKjkuIrjga7ms6jmhI/jgJE8YnI+44O754qs44Gu44GK44KC44Gh44KD5Lul5aSW44Gu55So6YCU44Gr44Gv5L2/55So44GX44Gq44GE44Gn44GP44Gg44GV44GE44CCPGJyPuODu+mjvOOBhOS4u+OBruebruOBruWxiuOBj+evhOWbsuOBp+S9v+eUqOOBl+OAgeOBiuOCguOBoeOCg+OCkumjsuOBv+i+vOOCgOetieOBruS6i+aVheOBq+azqOaEj+OBl+OBpuOBj+OBoOOBleOBhOOAgjxicj7jg7vmnKzlk4HjgavnoLTmkI3nrofmiYDjgYzopovjgaTjgYvjgaPjgZ/loLTlkIjjga/nm7TjgaHjgavkvb/nlKjjgpLkuK3mraLjgZfjgabjgY/jgaDjgZXjgYTjgII8L2ZvbnQ+PC90ZD48L3RyPjwvdGFibGU+PGJyPjxicj48dGFibGUgd2lkdGg9IjYwMCIgY2VsbHNwYWNpbmc9IjAiIGNlbGxwYWRkaW5nPSIwIiBib3JkZXI9IjAiIGFsaWduPSJjZW50ZXIiPjx0cj48dGQgd2lkdGg9IjYwMCIgdmFsaWduPSJ0b3AiPjxkaXYgYWxpZ249ImNlbnRlciI+PGltZyB3aWR0aD0iNjAwIiBoZWlnaHQ9IjI3NiIgc3JjPSJodHRwOi8vaW1hZ2UucmFrdXRlbi5jby5qcC90dWhhbi15YS9jYWJpbmV0L3Rfc2ltcGxlNTM0MS8xMDI2NDM1LTAyLmpwZyI+PGJyPjxmb250IHNpemU9IjMiPjwvZm9udD48L2Rpdj48YnI+PC90ZD48L3RyPjwvdGFibGU+PC90ZD48L3RyPjwvdGFibGU+PHRhYmxlIHdpZHRoPSI2MDAiIGJvcmRlcj0iMCIgYWxpZ249ImNlbnRlciIgY2VsbHBhZGRpbmc9IjEiIGNlbGxzcGFjaW5nPSIwIj48dHI+PHRkIHdpZHRoPSI2MDAiIHZhbGlnbj0idG9wIiBhbGlnbj0ibGVmdCI+PGJyPjxmb250IHNpemU9IjMiPuWZm+OCgOOBqOODlOODpeODvOODlOODpeODvOOBqOmfs+OBjOmztOOCi+OBiuOCguOBoeOCg+OBrkJPWOOCu+ODg+ODiOOBp+OBmeOAgjwvZm9udD48L3RkPjwvdHI+PC90YWJsZT48YnI+PHNwYW4gc3R5bGU9InBhZGRpbmc6MDttYXJnaW46MDtmb250LXNpemU6MDtjb2xvcjojZmZmOyI+ZmswOTRpZ3Jqczwvc3Bhbj48dGFibGUgd2lkdGg9IjMwMCIgYm9yZGVyPSIwIiBjZWxsc3BhY2luZz0iMCIgY2VsbHBhZGRpbmc9IjAiPjx0cj48dGQ+PGZvbnQgY29sb3I9IiMzMzMzMzMiIHNpemU9Ii0xIj7lmZvjgoDjgajjg5Tjg6Xjg7zjg5Tjg6Xjg7zjgajpn7PjgYzps7TjgovjgYrjgoLjgaHjgoPjga5CT1jjgrvjg4Pjg4jjgafjgZnjgII8L2ZvbnQ+PC90ZD48L3RyPjwvdGFibGU+PGJyPjx0YWJsZSB3aWR0aD0iMzAwIiBib3JkZXI9IjAiIGNlbGxwYWRkaW5nPSI1IiBjZWxsc3BhY2luZz0iMSIgYmdjb2xvcj0iIzY2NjY2NiI+PHRyIGJnY29sb3I9IiNGRkZGRkYiPjx0ZCBhbGlnbj0iY2VudGVyIiBub3dyYXAgYmdjb2xvcj0iI0ZGRkZDQyI+PGZvbnQgY29sb3I9IiMzMzMzMzMiIHNpemU9Ii0xIj7jgrXjgqTjgro8L2ZvbnQ+PC90ZD48dGQgYWxpZ249ImxlZnQiPjxmb250IGNvbG9yPSIjMzMzMzMzIiBzaXplPSItMSI+566xOjMwMMOXMTE1w5czMzBtbTwvZm9udD48YnI+PGZvbnQgY29sb3I9IiMzMzMzMzMiIHNpemU9Ii0xIj7lgIvoo4XjgrXjgqTjgrrvvJozMMOXMzPDlzEyY208L2ZvbnQ+PC90ZD48L3RyPjx0ciBiZ2NvbG9yPSIjRkZGRkZGIj48dGQgYWxpZ249ImNlbnRlciIgbm93cmFwIGJnY29sb3I9IiNGRkZGQ0MiPjxmb250IGNvbG9yPSIjMzMzMzMzIiBzaXplPSItMSI+6YeN6YePPC9mb250PjwvdGQ+PHRkIGFsaWduPSJsZWZ0Ij48Zm9udCBjb2xvcj0iIzMzMzMzMyIgc2l6ZT0iLTEiPuWAi+ijhemHjemHj++8mjc3MGc8L2ZvbnQ+PC90ZD48L3RyPjx0ciBiZ2NvbG9yPSIjRkZGRkZGIj48dGQgYWxpZ249ImNlbnRlciIgbm93cmFwIGJnY29sb3I9IiNGRkZGQ0MiPjxmb250IGNvbG9yPSIjMzMzMzMzIiBzaXplPSItMSI+57Sg5p2Q44O75p2Q6LOqPC9mb250PjwvdGQ+PHRkIGFsaWduPSJsZWZ0Ij48Zm9udCBjb2xvcj0iIzMzMzMzMyIgc2l6ZT0iLTEiPuODneODquOCqOOCueODhuODqzwvZm9udD48L3RkPjwvdHI+PHRyIGJnY29sb3I9IiNGRkZGRkYiPjx0ZCBhbGlnbj0iY2VudGVyIiBub3dyYXAgYmdjb2xvcj0iI0ZGRkZDQyI+PGZvbnQgY29sb3I9IiMzMzMzMzMiIHNpemU9Ii0xIj7ku5Xmp5g8L2ZvbnQ+PC90ZD48dGQgYWxpZ249ImxlZnQiPjxmb250IGNvbG9yPSIjMzMzMzMzIiBzaXplPSItMSI+54qs55So44GK44KC44Gh44KDPC9mb250Pjxicj48L3RkPjwvdHI+PHRyIGJnY29sb3I9IiNGRkZGRkYiPjx0ZCBhbGlnbj0iY2VudGVyIiBub3dyYXAgYmdjb2xvcj0iI0ZGRkZDQyI+PGZvbnQgY29sb3I9IiMzMzMzMzMiIHNpemU9Ii0xIj7jgrvjg4Pjg4jlhoXlrrk8L2ZvbnQ+PC90ZD48dGQgYWxpZ249ImxlZnQiPjxmb250IGNvbG9yPSIjMzMzMzMzIiBzaXplPSItMSI+44GK44KC44Gh44KDKDXnqK4pw5flkIQ05YCLPC9mb250PjwvdGQ+PC90cj48dHIgYmdjb2xvcj0iI0ZGRkZGRiI+PHRkIGFsaWduPSJjZW50ZXIiIG5vd3JhcCBiZ2NvbG9yPSIjRkZGRkNDIj48Zm9udCBjb2xvcj0iIzMzMzMzMyIgc2l6ZT0iLTEiPuijvemAoOWbvTwvZm9udD48L3RkPjx0ZCBhbGlnbj0ibGVmdCI+PGZvbnQgY29sb3I9IiMzMzMzMzMiIHNpemU9Ii0xIj7kuK3lm708L2ZvbnQ+PC90ZD48L3RyPjwvdGFibGU+PFRBQkxFIGJvcmRlcj0iMCI+PFRCT0RZPjxUUj4gICAgICA8VEQgd2lkdGg9IjY5OCI+PC9URD48L1RSPiAgPC9UQk9EWT48L1RBQkxFPjxUQUJMRSBib3JkZXI9IjAiPgogIDxUQk9EWT4KICAgIDxUUj4KICAgICAgPHRkIGFsaWduPSJjZW50ZXIiPiZuYnNwOzxpbWcgc3JjPSJodHRwczovL2ltYWdlLnJha3V0ZW4uY28uanAvYWN0eS9jYWJpbmV0L3NoaW4zMi9yYW1lMDAwLmpwZyIgQk9SREVSPSIxIiB3aWR0aD0iMzE5IiBoZWlnaHQ9IjEyNSI+IDwvdGQ+CiAgICAgIDx0ZCBhbGlnbj0iY2VudGVyIj4mbmJzcDs8aW1nIHNyYz0iaHR0cHM6Ly9pbWFnZS5yYWt1dGVuLmNvLmpwL2FjdHkvY2FiaW5ldC9zaGluMzIvYmVydTAwMC5qcGciIEJPUkRFUj0iMSIgd2lkdGg9IjMxOSIgaGVpZ2h0PSIxMTAiPjwvdGQ+CiAgICA8L1RSPgogICAgPFRSPgogICAgICA8dGQgYWxpZ249ImNlbnRlciIgY29sc3Bhbj0iMiI+CiAgICAgIDx0YWJsZSBib3JkZXI9IjAiIGNlbGxzcGFjaW5nPSIwIiBiZ2NvbG9yPSIjZmZmZmZmIj4KICAgICAgICA8VEJPRFk+CiAgICAgICAgICA8VFI+CiAgICAgICAgICAgIDxURD48cD4KPC9URD4KICAgICAgICAgIDwvVFI+CiAgICAgICAgPC9UQk9EWT4KICAgICAgPC90YWJsZT4KICAgICAgPEJSPgogICAgICA8dGFibGUgYm9yZGVyPSIwIiBjZWxsc3BhY2luZz0iMSIgYmdjb2xvcj0iIzY2NjY2NiI+CiAgPFRCT0RZPgogICAgPFRSPgogICAgICAgICAgICA8dGQgYmdjb2xvcj0iI2ZmZmZmZiIgYWxpZ249ImNlbnRlciI+PGltZyBzcmM9Imh0dHBzOi8vaW1hZ2UucmFrdXRlbi5jby5qcC9hY3R5L2NhYmluZXQvc2hpbjMyL2thbnN5YTIuZ2lmIiBCT1JERVI9IjAiIHdpZHRoPSI1ODYiPjwvdGQ+CiAgICAgICAgICA8L1RSPgogIDwvVEJPRFk+CjwvdGFibGU+CiAgICAgIDwvdGQ+CiAgICA8L1RSPgogICAgPFRSPgogICAgICA8dGQgYWxpZ249ImNlbnRlciIgd2lkdGg9IjcyMyIgY29sc3Bhbj0iMiI+PC90ZD4KICAgIDwvVFI+CiAgPC9UQk9EWT4KPC9UQUJMRT4KPHRhYmxlIGJvcmRlcj0iMCIgd2lkdGg9IjczMyI+CiAgPFRCT0RZPgogICAgPHRyPgogICAgICA8dGQgYWxpZ249ImNlbnRlciI+CiAgICAgIDxUQUJMRSBib3JkZXI9IjAiPgogICAgICAgIDxUQk9EWT4KICAgICAgICAgIDxUUj4KICAgICAgICAgICAgPHRkIGFsaWduPSJjZW50ZXIiPjwvdGQ+CiAgICAgICAgICA8L1RSPgogICAgICAgIDwvVEJPRFk+CiAgICAgIDwvVEFCTEU+CiAgICAgIDxUQUJMRSBib3JkZXI9IjAiPgogICAgICAgIDxUQk9EWT4KICAgICAgICAgIDxUUj4KICAgICAgICAgICAgPHRkIHdpZHRoPSI3MzUiIGFsaWduPSJjZW50ZXIiPjxpbWcgc3JjPSJodHRwOi8vaW1hZ2UucmFrdXRlbi5jby5qcC9hY3R5L2NhYmluZXQvc2hpbjE2L2ZhaXRlYmEuZ2lmIiB3aWR0aD0iMzUwIiBoZWlnaHQ9IjExNiIgYm9yZGVyPSIwIj4gPGltZyBzcmM9Imh0dHA6Ly9pbWFnZS5yYWt1dGVuLmNvLmpwL2FjdHkvY2FiaW5ldC9zaGluMTYva2FyYWJhLmdpZiIgd2lkdGg9IjM1MCIgaGVpZ2h0PSIxMTYiIGJvcmRlcj0iMCI+PC90ZD4KICAgICAgICAgIDwvVFI+CiAgICAgICAgICA8VFI+CiAgICAgICAgICAgIDx0ZCB3aWR0aD0iNzM1Ij48L3RkPgogICAgICAgICAgPC9UUj4KICAgICAgICA8L1RCT0RZPgogICAgICA8L1RBQkxFPgogICAgICAKICAgICAgPHRhYmxlPgogICAgICAgIDx0Ym9keT4KICAgICAgICAgIDx0cj4KICAgICAgICAgIDwvdHI+CiAgICAgICAgPC90Ym9keT4KICAgICAgPC90YWJsZT4KICAgICAgPC90ZD4KICAgIDwvdHI+CiAgPC9UQk9EWT4KPC90YWJsZT4KPHA+CjxwPgo8aW1nIHNyYz0iaHR0cDovL2ltYWdlLnJha3V0ZW4uY28uanAvYWN0eS9jYWJpbmV0L3NoaW4yNy9ndWFyYW50eS5qcGciIHdpZHRoPSI3NTIiIGJvcmRlcj0iMCIgaGVpZ2h0PSIyOTciPg==,NTA3NDg3NSDjg5rjg4Pjg4jjg5fjg60gRG9nVG95IOODreODs+OCsOODhuOCpOODqyBCT1jjgrvjg4Pjg4jvvJrjgoTjgZnjgonjgY7jgajnmZLjgZfjga7jgrfjg6fjg4Pjg5c=,5rip54ax5rK755mC5Zmo44OK44OB44Ol44Os44OrU1DjgrLjg6vjgq/jg6rjg7zjg6Djgrnjg6zjg7Pjg4fjgqPjg7zjgrfjgqfjg6vjg5/jg6njg4Pjgq8g44K544Kt44Oz44Os44K544Kt44Ol44O844Ot44O844K344On44Oz6LGG5Lmz44GK44GL44KJQUTjg63jg7zjgrfjg6fjg7Pjg4rjgqTjg4jjg5zjg7Pjg5Djg7xH44OX44Op44K744Oz44K/44Ky44Or44Oe44OL44Km44Og44K544Oq44Og44Ot44O844Op44O8QkLjgq/jg6rjg7zjg6Djg4rjg4Hjg6Xjg6zjg6tTUOOCsuODq+OCr+ODquODvOODoOOCueODvOODkeODvOODkuOCouODq+ODreODs+ODl+OCqOODqeODquOCouODiuODjuOCt+ODvOODiOODl+ODrOOCvOODs+ODiOODkOOCuOODq+OCt+ODvOODiUFE44Ot44O844K344On44Oz44OX44Ko44Op44Oq44Ki5bCP6aGU44Ky44Or44Kv44Oq44O844OgNTA3NDg3NSDjg5rjg4Pjg4jjg5fjg60gRG9nVG95IOODreODs+OCsOODhuOCpOODqyBCT1jjgrvjg4Pjg4g=,44GL44KP44GE44GE44GK44KC44Gh44KD44Gu44K744OD44OI44CC44CCNTA3NDg3NSDjg5rjg4Pjg4jjg5fjg60gRG9nVG95IOODreODs+OCsOODhuOCpOODqyBCT1jjgrvjg4Pjg4g=[rn]
37-51564,aHR0cDovL3RzaG9wLnIxMHMuanAvbWVkaXN0b2NrL2NhYmluZXQvbXBldDEzLzQ5ODQ5Mzc2NjIxODkuanBnP2ZpdGluPTcwMDo3MDA=,NDQwLjAwMDA=,,44Oa44OD44OI44O744Oa44OD44OI44Kw44OD44K6ID4g54qs55So5ZOBID4g44GK44KC44Gh44KDID4g44Gs44GE44GQ44KL44G/,44CQ44Oa44OD44OE44Or44O844OI44CR44Gm44KL44Gm44KL44K644O844K644O8IOOCvuOCpuKYheODmuODg+ODiOeUqOWTgSDigLvjgYrlj5bjgorlr4TjgZvllYblk4HjgJBSQ1DjgJHjgJAxMFAwM0RlYzE244CR,,PHRhYmxlIHdpZHRoPSIzODAiIGJvcmRlcj0iMCIgYmdjb2xvcj0iI2NjMDAwMCI+PHRyPjx0ZCBhbGlnbj0iY2VudGVyIj48aW1nIHNyYz0iaHR0cDovL2ltYWdlLnJha3V0ZW4uY28uanAvbWVkaXN0b2NrL2NhYmluZXQvdml0YXRyZWFsL3ZpdGFfaW5mbzEuZ2lmIj48L3RkPjwvdHI+Cjx0cj48dGQ+PC90ZD48L3RyPgo8L3RhYmxlPgo8ZGl2PjxpbWcgc3JjPSJodHRwOi8vd3d3LnJha3V0ZW4ubmUuanAvZ29sZC9tZWRpc3RvY2svaW1nL3NwYWNlci5naWYiIGhlaWdodD0iNSI+PC9kaXY+PHRhYmxlIGJvcmRlcj0wIHdpZHRoPTM4MD48dHI+PHRkPjxmb250IHN0eWxlPSJmb250LXNpemU6MTRweDtsaW5lLWhlaWdodDoxLjI7Ij4KPGhyIGNvbG9yPSNjY2ZmY2Mgc2l6ZT0yPjxmb250IGNvbG9yPSMwMDY2ZmY+4peGPC9mb250PjxiPueJuSAg6ZW3PC9iPjxmb250IGNvbG9yPSMwMDY2ZmY+4peGPC9mb250PjxociBjb2xvcj0jY2NmZmNjIHNpemU9Mj7il4/oia/jgY/po5vjgbbvvJ/jgYrjgoLjgaHjgoPil4/jgabjgovjgabjgovjgrrjg7zjgrrjg7zjgpLlmZvjgpPjgafmjK/jgaPjgabpo5vjgbDjgZfjgabjgq3jg6Pjg4Pjg4HvvIHil4/lmZvjgpPjgafjg7vmjK/jgaPjgabjga7pgYrjgbPmlrnjga/jgoLjgaHjgo3jgpPjgIHjg5Xjg6rjgrnjg5Pjg7zjga7mp5jjgavmipXjgZLjgabjgoLpgYrjgbnjgb7jgZnjgILil4/mjK/jgozjgbDjgqvjg6njgqvjg6npn7PjgIHlmZvjgb/jgoTjgZnjgYTjg57jg7Pjg4jjga7pg6jliIbjgavjga8044Kz44Gu56yb44GM5YWl44Gj44Gm44GE44G+44GZ44CCPGhyIGNvbG9yPSNjY2ZmY2Mgc2l6ZT0yPjxmb250IGNvbG9yPSMwMDY2ZmY+4peGPC9mb250PjxiPuODoeODvOOCq+ODvDwvYj48Zm9udCBjb2xvcj0jMDA2NmZmPuKXhjwvZm9udD48aHIgY29sb3I9I2NjZmZjYyBzaXplPTI+5qCq5byP5Lya56S+44CA44Oa44OD44OE44Or44O844OIPGhyIGNvbG9yPSNjY2ZmY2Mgc2l6ZT0yPjxmb250IGNvbG9yPSMwMDY2ZmY+4peGPC9mb250PjxiPuadkOOAgOizqjwvYj48Zm9udCBjb2xvcj0jMDA2NmZmPuKXhjwvZm9udD48aHIgY29sb3I9I2NjZmZjYyBzaXplPTI+55Sf5Zyw44CB5Lit57a/44O744O744O744Od44Oq44Ko44K544OG44OrPGJyPuesm+ODu+ODu+ODu+ODneODquOCqOODgeODrOODszxicj7piLTjg7vjg7vjg7vjg53jg6rjg5fjg63jg5Tjg6zjg7M8L2ZvbnQ+PC90ZD48L3RyPjwvdGFibGU+Cjx0YWJsZSBib3JkZXI9MCB3aWR0aD0zODA+PHRyPjx0ZCBzdHlsZT0iZm9udC1zaXplOjEycHg7Ij48Zm9udCBjb2xvcj0jMDAwMDg4Pjxocj7jgJDjgZTms6jmhI/vvJHjgJHjgZPjga7llYblk4Hjga/jgYrlj5bjgorlr4TjgZvllYblk4HjgafjgZnjgILjgZTms6jmlofjgZXjgozjgabjgYvjgonnmbrpgIHjgZXjgozjgovjgb7jgafntIQxMOWWtualreaXpSjlnJ/ml6Xjg7vnpZ3jgpLpmaTjgY8p44GE44Gf44Gg44GN44G+44GZ44CCPGJyPgrjgarjgYrjgIHllYblk4Hjgavjgojjgorjgb7jgZfjgabjga/jgIHkuojlrprjgYzlpKfluYXjgavpgYXjgozjgovjgZPjgajjgoLjgZTjgZbjgYTjgb7jgZnjga7jgafjgIHkvZXljZLjgYLjgonjgYvjgZjjgoHjgZTkuobmib/jgYrpoZjjgYTjgYTjgZ/jgZfjgb7jgZnjgII8L2ZvbnQ+PC90ZD48L3RyPjx0cj48dGQgc3R5bGU9ImZvbnQtc2l6ZToxMnB4OyI+PGZvbnQgY29sb3I9IzAwMDA4OD7jgJDjgZTms6jmhI/vvJLjgJHjgYrlj5bjgorlr4TjgZvllYblk4Hku6XlpJbjga7llYblk4HjgajkuIDnt5LjgavjgYrosrfjgYTkuIrjgZLjga7loLTlkIjjga/jgIHlhajjgabjga7llYblk4HjgYzmj4PjgYTmrKHnrKzjga7nmbrpgIHjgajjgarjgorjgb7jgZnjga7jgafjgIHjgZTkuobmib/kuIvjgZXjgYTjgII8L2ZvbnQ+PC90ZD48L3RyPjwvdGFibGU+Cjx0YWJsZSBib3JkZXI9MCB3aWR0aD0zODAgc3R5bGU9ImZvbnQtc2l6ZToxMnB4O2xpbmUtaGVpZ2h0OjEuMjsiPjx0cj48dGQ+PGZvbnQgY29sb3I9IzAwMDA4OD48aHI+4oC744OR44OD44Kx44O844K444OH44K244Kk44Oz562J44GM5LqI5ZGK44Gq44GP5aSJ5pu044GV44KM44KL5aC05ZCI44KC44GC44KK44G+44GZ44CCPGJyPuKAu+WVhuWTgeW7g+eVquODu+ODoeODvOOCq+ODvOasoOWTgeOBquOBqeiruOS6i+aDheOBq+OCiOOCiuOBiuWxiuOBkeOBp+OBjeOBquOBhOWgtOWQiOOBjOOBlOOBluOBhOOBvuOBmeOAgjxocj48L2ZvbnQ+PC90ZD48L3RyPjwvdGFibGU+Cjx0YWJsZSBib3JkZXI9MCB3aWR0aD0zODAgc3R5bGU9ImZvbnQtc2l6ZToxMnB4O2xpbmUtaGVpZ2h0OjEuMjsiPjx0cj48dGQ+44CQ5bqD5ZGK5paH6LKs44CR5qCq5byP5Lya56S+44Oh44OH44Kj44K544Oz44OX44Op44K577yaMDEyMC0yMDUtOTA0IOKAu+S8kealreaXpSDlnJ/ml6Xjg7vnpZ3npa3ml6U8L3RkPjwvdHI+PC90YWJsZT48IS0tIOKWvOW3puODleODreODvOODiOODkOODiuODvCDooajnpLogQ1NTICYgVEFHIOOCu+ODg+ODiCAtLT4KPGxpbmsgcmVsPSJzdHlsZXNoZWV0IiBocmVmPSJodHRwOi8vd3d3LnJha3V0ZW4ubmUuanAvZ29sZC9tZWRpc3RvY2svY3NzX2ZsdC9mYl9sX20uY3NzIiB0eXBlPSJ0ZXh0L2NzcyIgLz4KPCEtLeODiOODg+ODl+ODkOODiuODvC0tPgo8ZGl2IGlkPSJmbHRfbDEiPjwvZGl2Pgo8IS0t77y344Kq44Oe44KxLS0+CjxkaXYgaWQ9ImZsdF9sMiI+PC9kaXY+CjwhLS3jgrvjgrXjg5/jg7MtLT4KPGRpdiBpZD0iZmx0X2wzIj48L2Rpdj4KPCEtLeODr+OCtOODs+OCu+ODvOODqy0tPgo8ZGl2IGlkPSJmbHRfbDQiPjwvZGl2Pgo8IS0t6YCB5paZ54Sh5paZLS0+CjxkaXYgaWQ9ImZsdF9sNSI+PC9kaXY+CjwhLS0gTVDjg6rjg7Pjgq8gLS0+CjxkaXYgaWQ9ImZsdF9sNiI+PC9kaXY+CjwhLS0gbm9uZSAtLT4KPGRpdiBpZD0iZmx0X2w3Ij48L2Rpdj4KPCEtLSDilrLlt6bjg5Xjg63jg7zjg4jjg5Djg4rjg7wg6KGo56S6IENTUyAmIFRBRyDjgrvjg4Pjg4ggLS0+Cgo8IS0tIOKWvOWPs+ODleODreODvOODiOODkOODiuODvCDooajnpLogQ1NTICYgVEFHIOOCu+ODg+ODiCAtLT4KPGxpbmsgcmVsPSJzdHlsZXNoZWV0IiBocmVmPSJodHRwOi8vd3d3LnJha3V0ZW4ubmUuanAvZ29sZC9tZWRpc3RvY2svY3NzX2ZsdC9mYl9yX20uY3NzIiB0eXBlPSJ0ZXh0L2NzcyIgLz4KPCEtLeODl+ODrCBFWFAtLT4KPGRpdiBpZD0iZmx0X3IxIj48L2Rpdj4KPCEtLeODl+ODrCDjg6zjg5AtLT4KPGRpdiBpZD0iZmx0X3IyIj48L2Rpdj4KPCEtLeiKseeyieeJuembhi0tPgo8ZGl2IGlkPSJmbHRfcjMiPjwvZGl2Pgo8IS0t44Gq44GXLS0+CjxkaXYgaWQ9ImZsdF9yNCI+PC9kaXY+CjwhLS3jgarjgZctLT4KPGRpdiBpZD0iZmx0X3I1Ij48L2Rpdj4KPCEtLeODk+OCvyDjg6/jgrTjg7MtLT4KPCEtLeOCtOODvOODq+ODiUEtLT4KPGRpdiBpZD0iZmx0X3I2Ij48L2Rpdj4KPCEtLeOBquOBly0tPgo8ZGl2IGlkPSJmbHRfcjciPjwvZGl2Pgo8IS0tIOKWsuWPs+ODleODreODvOODiOODkOODiuODvCDooajnpLogQ1NTICYgVEFHIOOCu+ODg+ODiCAtLT4KCgo8IS0tIOKWvOOCueODqeOCpOODiSAtLT4KPGNlbnRlcj4KPGRpdiBzdHlsZT0id2lkdGg6NzEwcHg7IGJvcmRlcjoxcHggc29saWQgIzUyYWVmMDsgcGFkZGluZzo1cHg7IG1hcmdpbi1ib3R0b206NXB4OyI+Cgo8L2Rpdj4KPC9jZW50ZXI+CjwhLS0g4pay44K544Op44Kk44OJIC0tPgoKPCEtLeKWvOmgheebrumBuOaKni0tPgoKPGJyPgo8IS0t4pay6aCF55uu6YG45oqeLS0+CgoKPCEtLeKWvOWPs+err+e4puihqOekui0tPgo8c3R5bGUgdHlwZT0idGV4dC9jc3MiPgo8IS0tCi8qCmJvZHkgewpiYWNrZ3JvdW5kLWltYWdlOnVybChodHRwOi8vaW1hZ2UucmFrdXRlbi5jby5qcC9tZWRpc3RvY2svY2FiaW5ldC9tZWRpc3RvY2svdGF0ZTE1MDhtZC5naWYpOwpiYWNrZ3JvdW5kLXJlcGVhdDpyZXBlYXQteTsKYmFja2dyb3VuZC1wb3NpdGlvbjogcmlnaHQgdG9wOwp9CiovCi0tPgo8L3N0eWxlPgoKCgo8dGFibGUgd2lkdGg9IjczMCIgYm9yZGVyPSIwIj48dHI+PHRkIGFsaWduPSJjZW50ZXIiPgoKCTxkaXY+PGltZyBzcmM9Imh0dHA6Ly9pbWFnZS5yYWt1dGVuLmNvLmpwL21lZGlzdG9jay9jYWJpbmV0L2hkL3NwLmdpZiIgaGVpZ2h0PSIyMCI+PC9kaXY+CgoKCgk8ZGl2PjxpbWcgc3JjPSJodHRwOi8vaW1hZ2UucmFrdXRlbi5jby5qcC9tZWRpc3RvY2svY2FiaW5ldC9iYW5uZXIvMTcwNjAxcDMuZ2lmIiB3aWR0aD0iNDY4IiBhbHQ9IuOCqOODs+ODiOODquODvCIgYm9yZGVyPSIwIj48L2Rpdj4KCTxkaXY+PGltZyBzcmM9Imh0dHA6Ly9pbWFnZS5yYWt1dGVuLmNvLmpwL21lZGlzdG9jay9jYWJpbmV0L2hkL3NwLmdpZiIgaGVpZ2h0PSI1Ij48L2Rpdj4KCgoJPGRpdj48aW1nIHNyYz0iaHR0cDovL2ltYWdlLnJha3V0ZW4uY28uanAvbWVkaXN0b2NrL2NhYmluZXQvYmFubmVyLzE3MDR3aW4uanBnIiB3aWR0aD0iNDY4IiBhbHQ9IuOCqOODs+ODiOODquODvCIgYm9yZGVyPSIwIj48L2Rpdj4KCTxkaXY+PGltZyBzcmM9Imh0dHA6Ly9pbWFnZS5yYWt1dGVuLmNvLmpwL21lZGlzdG9jay9jYWJpbmV0L2hkL3NwLmdpZiIgaGVpZ2h0PSI1Ij48L2Rpdj4KCgoKCgk8ZGl2PjxpbWcgc3JjPSJodHRwOi8vaW1hZ2UucmFrdXRlbi5jby5qcC9tZWRpc3RvY2svY2FiaW5ldC9iYW5uZXIvMTYwODAxbHMuZ2lmIiB3aWR0aD0iNDY4IiBhbHQ9IuOCqOODs+ODiOODquODvCIgYm9yZGVyPSIwIj48L2Rpdj4KCTxkaXY+PGltZyBzcmM9Imh0dHA6Ly9pbWFnZS5yYWt1dGVuLmNvLmpwL21lZGlzdG9jay9jYWJpbmV0L2hkL3NwLmdpZiIgaGVpZ2h0PSI1Ij48L2Rpdj4KCgoKCTxkaXY+PGltZyBzcmM9Imh0dHA6Ly9pbWFnZS5yYWt1dGVuLmNvLmpwL21lZGlzdG9jay9jYWJpbmV0L2Jhbm5lci8xNjAxMThwdDcuanBnIiB3aWR0aD0iNDY4IiBhbHQ9IuOCqOODs+ODiOODquODvCIgYm9yZGVyPSIwIj48L2Rpdj4KCTxkaXY+PGltZyBzcmM9Imh0dHA6Ly9pbWFnZS5yYWt1dGVuLmNvLmpwL21lZGlzdG9jay9jYWJpbmV0L2hkL3NwLmdpZiIgaGVpZ2h0PSI1Ij48L2Rpdj4KCgoJPGRpdj48aW1nIHNyYz0iaHR0cDovL2ltYWdlLnJha3V0ZW4uY28uanAvbWVkaXN0b2NrL2NhYmluZXQvYmFubmVyLzE2MDgwMW51YS5qcGciIHdpZHRoPSI0NjgiIGFsdD0i44Ko44Oz44OI44Oq44O8IiBib3JkZXI9IjAiPjwvZGl2PgoJPGRpdj48aW1nIHNyYz0iaHR0cDovL2ltYWdlLnJha3V0ZW4uY28uanAvbWVkaXN0b2NrL2NhYmluZXQvaGQvc3AuZ2lmIiBoZWlnaHQ9IjUiPjwvZGl2PgoKCgk8ZGl2PjxpbWcgc3JjPSJodHRwOi8vaW1hZ2UucmFrdXRlbi5jby5qcC9tZWRpc3RvY2svY2FiaW5ldC9iYW5uZXIvMTYwNTA2cmd3LmpwZyIgd2lkdGg9IjQ2OCIgYWx0PSLjgqjjg7Pjg4jjg6rjg7wiIGJvcmRlcj0iMCI+PC9kaXY+Cgk8ZGl2PjxpbWcgc3JjPSJodHRwOi8vaW1hZ2UucmFrdXRlbi5jby5qcC9tZWRpc3RvY2svY2FiaW5ldC9oZC9zcC5naWYiIGhlaWdodD0iNSI+PC9kaXY+CgoKCgk8ZGl2PjxpbWcgc3JjPSJodHRwOi8vaW1hZ2UucmFrdXRlbi5jby5qcC9tZWRpc3RvY2svY2FiaW5ldC9iYW5uZXIvMTYxMjAxdGIwNXAuanBnIiB3aWR0aD0iNDY4IiBhbHQ9IuODhOODvOODq+ODkOODvFB0MiIgYm9yZGVyPSIwIj48L2Rpdj4KCTxkaXY+PGltZyBzcmM9Imh0dHA6Ly9pbWFnZS5yYWt1dGVuLmNvLmpwL21lZGlzdG9jay9jYWJpbmV0L2hkL3NwLmdpZiIgaGVpZ2h0PSI1Ij48L2Rpdj4KCgoKCTxkaXY+PGltZyBzcmM9Imh0dHA6Ly9pbWFnZS5yYWt1dGVuLmNvLmpwL21lZGlzdG9jay9jYWJpbmV0L2Jhbm5lci8xNjA2MDF0YjEwLmpwZyIgd2lkdGg9IjQ2OCIgYWx0PSLliJ3jg4Tjg7zjg6vjg5Djg7wiIGJvcmRlcj0iMCI+PC9kaXY+Cgk8ZGl2PjxpbWcgc3JjPSJodHRwOi8vaW1hZ2UucmFrdXRlbi5jby5qcC9tZWRpc3RvY2svY2FiaW5ldC9oZC9zcC5naWYiIGhlaWdodD0iNSI+PC9kaXY+CgoKCgoKCTxkaXY+PGltZyBzcmM9Imh0dHA6Ly9pbWFnZS5yYWt1dGVuLmNvLmpwL21lZGlzdG9jay9jYWJpbmV0L2Jhbm5lci8xNTExMDFhcHAuanBnIiB3aWR0aD0iNDY4IiBhbHQ9IuOCqOODs+ODiOODquODvCIgYm9yZGVyPSIwIj48L2Rpdj4KCTxkaXY+PGltZyBzcmM9Imh0dHA6Ly9pbWFnZS5yYWt1dGVuLmNvLmpwL21lZGlzdG9jay9jYWJpbmV0L2hkL3NwLmdpZiIgaGVpZ2h0PSI1Ij48L2Rpdj4KCgo8ZGl2PjxpbWcgc3JjPSJodHRwOi8vaW1hZ2UucmFrdXRlbi5jby5qcC9tZWRpc3RvY2svY2FiaW5ldC9wX2ltZy9ibl9hdG8uZ2lmIiB3aWR0aD0iNDY4IiBhbHQ9Iu+8ru+8sOW+jOaJleOBhCIgYm9yZGVyPSIwIj48L2Rpdj4KPGRpdj48aW1nIHNyYz0iaHR0cDovL2ltYWdlLnJha3V0ZW4uY28uanAvbWVkaXN0b2NrL2NhYmluZXQvaGQvc3AuZ2lmIiBoZWlnaHQ9IjUiPjwvZGl2PgoKPEJyPgoKPC90ZD48L3RyPjwvdGFibGU+,44CQ44Oa44OD44OE44Or44O844OI44CR44Gm44KL44Gm44KL44K644O844K644O8IOOCvuOCpuKYheODmuODg+ODiOeUqOWTgSDigLvjgYrlj5bjgorlr4TjgZvllYblk4HjgJBSQ1DjgJHjgJAxMFAwM0RlYzE244CR77ya44Oh44OH44Kj44K544OI44OD44Kv,576O5a655YGl5bq344Oh44OH44Kj44K544Oz44OX44Op44K544Oh44OH44Kj44K544OI44OD44Kv5YGl5bq36aOf5ZOB44K144OX44Oq44Oh44Oz44OI44Oa44OD44OI55So5ZOB5YyW57Kn5ZOB44OJ44OD44Kw44OV44O844OJ44Kt44Oj44OD44OI44OV44O844OJ5pel55So5ZOB6aOf5paZ5ZOB6aaZ5rC05Yy76Jas5ZOB44CQ44Oa44OD44OE44Or44O844OI44CR44Gm44KL44Gm44KL44K644O844K644O8IOOCvuOCpuKYheODmuODg+ODiOeUqOWTgSDigLvjgYrlj5bjgorlr4TjgZvllYblk4HjgJBSQ1DjgJHjgJAxMFAwM0RlYzE244CR,44CQ44Oa44OD44OE44Or44O844OI44CR44Gm44KL44Gm44KL44K644O844K644O8IOOCvuOCpuKYheODmuODg+ODiOeUqOWTgSDigLvjgYrlj5bjgorlr4TjgZvllYblk4HjgJBSQ1DjgJHjgJAxMFAwM0RlYzE244CR[rn]
37-51565,aHR0cDovL3RzaG9wLnIxMHMuanAvbWVkaXN0b2NrL2NhYmluZXQvbXBldDEzLzQ5MDM1ODgyNDAwNDEuanBnP2ZpdGluPTcwMDo3MDA=,Mjg0LjgwMDA=,,44Oa44OD44OI44O744Oa44OD44OI44Kw44OD44K6ID4g54qs55So5ZOBID4g44GK44KC44Gh44KDID4g44Gs44GE44GQ44KL44G/,44CQ44Ok44Oe44OS44K144CA44Ki44OJ44Oh44Kk44OI44CR44Ki44OL44Oe44Or44OV44Os44Oz44K6IO+8ru+9j++9ie+9k++9me+8tO+8r++8uSDjgbbjgZ/jgZXjgpPimIXjg5rjg4Pjg4jnlKjlk4Eg4oC744GK5Y+W44KK5a+E44Gb5ZWG5ZOB44CQUkNQ44CR44CQMTBQMDNEZWMxNuOAkQ==,,PHRhYmxlIHdpZHRoPSIzODAiIGJvcmRlcj0iMCIgYmdjb2xvcj0iI2NjMDAwMCI+PHRyPjx0ZCBhbGlnbj0iY2VudGVyIj48aW1nIHNyYz0iaHR0cDovL2ltYWdlLnJha3V0ZW4uY28uanAvbWVkaXN0b2NrL2NhYmluZXQvdml0YXRyZWFsL3ZpdGFfaW5mbzEuZ2lmIj48L3RkPjwvdHI+Cjx0cj48dGQ+PC90ZD48L3RyPgo8L3RhYmxlPgo8ZGl2PjxpbWcgc3JjPSJodHRwOi8vd3d3LnJha3V0ZW4ubmUuanAvZ29sZC9tZWRpc3RvY2svaW1nL3NwYWNlci5naWYiIGhlaWdodD0iNSI+PC9kaXY+PHRhYmxlIGJvcmRlcj0wIHdpZHRoPTM4MD48dHI+PHRkPjxmb250IHN0eWxlPSJmb250LXNpemU6MTRweDtsaW5lLWhlaWdodDoxLjI7Ij4KPGhyIGNvbG9yPSNjY2ZmY2Mgc2l6ZT0yPjxmb250IGNvbG9yPSMwMDY2ZmY+4peGPC9mb250PjxiPueJuSAg6ZW3PC9iPjxmb250IGNvbG9yPSMwMDY2ZmY+4peGPC9mb250PjxociBjb2xvcj0jY2NmZmNjIHNpemU9Mj7il4/kuK3ntr/lhaXjgorjgafjgr3jg5Xjg4jjgarjgYvjgb/lv4PlnLA8YnI+4peP44Kq44O844OK44O85qeY44GM5oqV44GS44KE44GZ44GP44CB5oSb54qs44GM44GP44KP44GI5piT44GE5b2i54q244Gr44GT44Gg44KP44KK44G+44GX44Gf44CCPGJyPuKXj+Wkp+OBjeOBqumfs+OBjOmztOOCi+esm+S7mOOBjeOBp+OBmeOAgjxociBjb2xvcj0jY2NmZmNjIHNpemU9Mj48Zm9udCBjb2xvcj0jMDA2NmZmPuKXhjwvZm9udD48Yj7jg6Hjg7zjgqvjg7w8L2I+PGZvbnQgY29sb3I9IzAwNjZmZj7il4Y8L2ZvbnQ+PGhyIGNvbG9yPSNjY2ZmY2Mgc2l6ZT0yPuagquW8j+S8muekvuODpOODnuODkuOCteOCouODieODoeOCpOODiO+8iOKAu+S4reWbveijve+8iTxociBjb2xvcj0jY2NmZmNjIHNpemU9Mj48Zm9udCBjb2xvcj0jMDA2NmZmPuKXhjwvZm9udD48Yj7mnZDjgIDos6o8L2I+PGZvbnQgY29sb3I9IzAwNjZmZj7il4Y8L2ZvbnQ+PGhyIGNvbG9yPSNjY2ZmY2Mgc2l6ZT0yPuacrOS9k++8muODqeODhuODg+OCr+OCueOAgeODneODquOCqOOCueODhuODqzxicj7nrJvvvJpQUDwvZm9udD48L3RkPjwvdHI+PC90YWJsZT4KPHRhYmxlIGJvcmRlcj0wIHdpZHRoPTM4MD48dHI+PHRkIHN0eWxlPSJmb250LXNpemU6MTJweDsiPjxmb250IGNvbG9yPSMwMDAwODg+PGhyPuOAkOOBlOazqOaEj++8keOAkeOBk+OBruWVhuWTgeOBr+OBiuWPluOCiuWvhOOBm+WVhuWTgeOBp+OBmeOAguOBlOazqOaWh+OBleOCjOOBpuOBi+OCieeZuumAgeOBleOCjOOCi+OBvuOBp+e0hDEw5Za25qWt5pelKOWcn+aXpeODu+elneOCkumZpOOBjynjgYTjgZ/jgaDjgY3jgb7jgZnjgII8YnI+CuOBquOBiuOAgeWVhuWTgeOBq+OCiOOCiuOBvuOBl+OBpuOBr+OAgeS6iOWumuOBjOWkp+W5heOBq+mBheOCjOOCi+OBk+OBqOOCguOBlOOBluOBhOOBvuOBmeOBruOBp+OAgeS9leWNkuOBguOCieOBi+OBmOOCgeOBlOS6huaJv+OBiumhmOOBhOOBhOOBn+OBl+OBvuOBmeOAgjwvZm9udD48L3RkPjwvdHI+PHRyPjx0ZCBzdHlsZT0iZm9udC1zaXplOjEycHg7Ij48Zm9udCBjb2xvcj0jMDAwMDg4PuOAkOOBlOazqOaEj++8kuOAkeOBiuWPluOCiuWvhOOBm+WVhuWTgeS7peWkluOBruWVhuWTgeOBqOS4gOe3kuOBq+OBiuiyt+OBhOS4iuOBkuOBruWgtOWQiOOBr+OAgeWFqOOBpuOBruWVhuWTgeOBjOaPg+OBhOasoeesrOOBrueZuumAgeOBqOOBquOCiuOBvuOBmeOBruOBp+OAgeOBlOS6huaJv+S4i+OBleOBhOOAgjwvZm9udD48L3RkPjwvdHI+PC90YWJsZT4KPHRhYmxlIGJvcmRlcj0wIHdpZHRoPTM4MCBzdHlsZT0iZm9udC1zaXplOjEycHg7bGluZS1oZWlnaHQ6MS4yOyI+PHRyPjx0ZD48Zm9udCBjb2xvcj0jMDAwMDg4Pjxocj7igLvjg5Hjg4PjgrHjg7zjgrjjg4fjgrbjgqTjg7PnrYnjgYzkuojlkYrjgarjgY/lpInmm7TjgZXjgozjgovloLTlkIjjgoLjgYLjgorjgb7jgZnjgII8YnI+4oC75ZWG5ZOB5buD55Wq44O744Oh44O844Kr44O85qyg5ZOB44Gq44Gp6Ku45LqL5oOF44Gr44KI44KK44GK5bGK44GR44Gn44GN44Gq44GE5aC05ZCI44GM44GU44GW44GE44G+44GZ44CCPGhyPjwvZm9udD48L3RkPjwvdHI+PC90YWJsZT4KPHRhYmxlIGJvcmRlcj0wIHdpZHRoPTM4MCBzdHlsZT0iZm9udC1zaXplOjEycHg7bGluZS1oZWlnaHQ6MS4yOyI+PHRyPjx0ZD7jgJDluoPlkYrmlofosqzjgJHmoKrlvI/kvJrnpL7jg6Hjg4fjgqPjgrnjg7Pjg5fjg6njgrnvvJowMTIwLTIwNS05MDQg4oC75LyR5qWt5pelIOWcn+aXpeODu+elneelreaXpTwvdGQ+PC90cj48L3RhYmxlPjwhLS0g4pa85bem44OV44Ot44O844OI44OQ44OK44O8IOihqOekuiBDU1MgJiBUQUcg44K744OD44OIIC0tPgo8bGluayByZWw9InN0eWxlc2hlZXQiIGhyZWY9Imh0dHA6Ly93d3cucmFrdXRlbi5uZS5qcC9nb2xkL21lZGlzdG9jay9jc3NfZmx0L2ZiX2xfbS5jc3MiIHR5cGU9InRleHQvY3NzIiAvPgo8IS0t44OI44OD44OX44OQ44OK44O8LS0+CjxkaXYgaWQ9ImZsdF9sMSI+PC9kaXY+CjwhLS3vvLfjgqrjg57jgrEtLT4KPGRpdiBpZD0iZmx0X2wyIj48L2Rpdj4KPCEtLeOCu+OCteODn+ODsy0tPgo8ZGl2IGlkPSJmbHRfbDMiPjwvZGl2Pgo8IS0t44Ov44K044Oz44K744O844OrLS0+CjxkaXYgaWQ9ImZsdF9sNCI+PC9kaXY+CjwhLS3pgIHmlpnnhKHmlpktLT4KPGRpdiBpZD0iZmx0X2w1Ij48L2Rpdj4KPCEtLSBNUOODquODs+OCryAtLT4KPGRpdiBpZD0iZmx0X2w2Ij48L2Rpdj4KPCEtLSBub25lIC0tPgo8ZGl2IGlkPSJmbHRfbDciPjwvZGl2Pgo8IS0tIOKWsuW3puODleODreODvOODiOODkOODiuODvCDooajnpLogQ1NTICYgVEFHIOOCu+ODg+ODiCAtLT4KCjwhLS0g4pa85Y+z44OV44Ot44O844OI44OQ44OK44O8IOihqOekuiBDU1MgJiBUQUcg44K744OD44OIIC0tPgo8bGluayByZWw9InN0eWxlc2hlZXQiIGhyZWY9Imh0dHA6Ly93d3cucmFrdXRlbi5uZS5qcC9nb2xkL21lZGlzdG9jay9jc3NfZmx0L2ZiX3JfbS5jc3MiIHR5cGU9InRleHQvY3NzIiAvPgo8IS0t44OX44OsIEVYUC0tPgo8ZGl2IGlkPSJmbHRfcjEiPjwvZGl2Pgo8IS0t44OX44OsIOODrOODkC0tPgo8ZGl2IGlkPSJmbHRfcjIiPjwvZGl2Pgo8IS0t6Iqx57KJ54m56ZuGLS0+CjxkaXYgaWQ9ImZsdF9yMyI+PC9kaXY+CjwhLS3jgarjgZctLT4KPGRpdiBpZD0iZmx0X3I0Ij48L2Rpdj4KPCEtLeOBquOBly0tPgo8ZGl2IGlkPSJmbHRfcjUiPjwvZGl2Pgo8IS0t44OT44K/IOODr+OCtOODsy0tPgo8IS0t44K044O844Or44OJQS0tPgo8ZGl2IGlkPSJmbHRfcjYiPjwvZGl2Pgo8IS0t44Gq44GXLS0+CjxkaXYgaWQ9ImZsdF9yNyI+PC9kaXY+CjwhLS0g4pay5Y+z44OV44Ot44O844OI44OQ44OK44O8IOihqOekuiBDU1MgJiBUQUcg44K744OD44OIIC0tPgoKCjwhLS0g4pa844K544Op44Kk44OJIC0tPgo8Y2VudGVyPgo8ZGl2IHN0eWxlPSJ3aWR0aDo3MTBweDsgYm9yZGVyOjFweCBzb2xpZCAjNTJhZWYwOyBwYWRkaW5nOjVweDsgbWFyZ2luLWJvdHRvbTo1cHg7Ij4KCjwvZGl2Pgo8L2NlbnRlcj4KPCEtLSDilrLjgrnjg6njgqTjg4kgLS0+Cgo8IS0t4pa86aCF55uu6YG45oqeLS0+Cgo8YnI+CjwhLS3ilrLpoIXnm67pgbjmip4tLT4KCgo8IS0t4pa85Y+z56uv57im6KGo56S6LS0+CjxzdHlsZSB0eXBlPSJ0ZXh0L2NzcyI+CjwhLS0KLyoKYm9keSB7CmJhY2tncm91bmQtaW1hZ2U6dXJsKGh0dHA6Ly9pbWFnZS5yYWt1dGVuLmNvLmpwL21lZGlzdG9jay9jYWJpbmV0L21lZGlzdG9jay90YXRlMTUwOG1kLmdpZik7CmJhY2tncm91bmQtcmVwZWF0OnJlcGVhdC15OwpiYWNrZ3JvdW5kLXBvc2l0aW9uOiByaWdodCB0b3A7Cn0KKi8KLS0+Cjwvc3R5bGU+CgoKCjx0YWJsZSB3aWR0aD0iNzMwIiBib3JkZXI9IjAiPjx0cj48dGQgYWxpZ249ImNlbnRlciI+CgoJPGRpdj48aW1nIHNyYz0iaHR0cDovL2ltYWdlLnJha3V0ZW4uY28uanAvbWVkaXN0b2NrL2NhYmluZXQvaGQvc3AuZ2lmIiBoZWlnaHQ9IjIwIj48L2Rpdj4KCgoKCTxkaXY+PGltZyBzcmM9Imh0dHA6Ly9pbWFnZS5yYWt1dGVuLmNvLmpwL21lZGlzdG9jay9jYWJpbmV0L2Jhbm5lci8xNzA2MDFwMy5naWYiIHdpZHRoPSI0NjgiIGFsdD0i44Ko44Oz44OI44Oq44O8IiBib3JkZXI9IjAiPjwvZGl2PgoJPGRpdj48aW1nIHNyYz0iaHR0cDovL2ltYWdlLnJha3V0ZW4uY28uanAvbWVkaXN0b2NrL2NhYmluZXQvaGQvc3AuZ2lmIiBoZWlnaHQ9IjUiPjwvZGl2PgoKCgk8ZGl2PjxpbWcgc3JjPSJodHRwOi8vaW1hZ2UucmFrdXRlbi5jby5qcC9tZWRpc3RvY2svY2FiaW5ldC9iYW5uZXIvMTcwNHdpbi5qcGciIHdpZHRoPSI0NjgiIGFsdD0i44Ko44Oz44OI44Oq44O8IiBib3JkZXI9IjAiPjwvZGl2PgoJPGRpdj48aW1nIHNyYz0iaHR0cDovL2ltYWdlLnJha3V0ZW4uY28uanAvbWVkaXN0b2NrL2NhYmluZXQvaGQvc3AuZ2lmIiBoZWlnaHQ9IjUiPjwvZGl2PgoKCgoKCTxkaXY+PGltZyBzcmM9Imh0dHA6Ly9pbWFnZS5yYWt1dGVuLmNvLmpwL21lZGlzdG9jay9jYWJpbmV0L2Jhbm5lci8xNjA4MDFscy5naWYiIHdpZHRoPSI0NjgiIGFsdD0i44Ko44Oz44OI44Oq44O8IiBib3JkZXI9IjAiPjwvZGl2PgoJPGRpdj48aW1nIHNyYz0iaHR0cDovL2ltYWdlLnJha3V0ZW4uY28uanAvbWVkaXN0b2NrL2NhYmluZXQvaGQvc3AuZ2lmIiBoZWlnaHQ9IjUiPjwvZGl2PgoKCgoJPGRpdj48aW1nIHNyYz0iaHR0cDovL2ltYWdlLnJha3V0ZW4uY28uanAvbWVkaXN0b2NrL2NhYmluZXQvYmFubmVyLzE2MDExOHB0Ny5qcGciIHdpZHRoPSI0NjgiIGFsdD0i44Ko44Oz44OI44Oq44O8IiBib3JkZXI9IjAiPjwvZGl2PgoJPGRpdj48aW1nIHNyYz0iaHR0cDovL2ltYWdlLnJha3V0ZW4uY28uanAvbWVkaXN0b2NrL2NhYmluZXQvaGQvc3AuZ2lmIiBoZWlnaHQ9IjUiPjwvZGl2PgoKCgk8ZGl2PjxpbWcgc3JjPSJodHRwOi8vaW1hZ2UucmFrdXRlbi5jby5qcC9tZWRpc3RvY2svY2FiaW5ldC9iYW5uZXIvMTYwODAxbnVhLmpwZyIgd2lkdGg9IjQ2OCIgYWx0PSLjgqjjg7Pjg4jjg6rjg7wiIGJvcmRlcj0iMCI+PC9kaXY+Cgk8ZGl2PjxpbWcgc3JjPSJodHRwOi8vaW1hZ2UucmFrdXRlbi5jby5qcC9tZWRpc3RvY2svY2FiaW5ldC9oZC9zcC5naWYiIGhlaWdodD0iNSI+PC9kaXY+CgoKCTxkaXY+PGltZyBzcmM9Imh0dHA6Ly9pbWFnZS5yYWt1dGVuLmNvLmpwL21lZGlzdG9jay9jYWJpbmV0L2Jhbm5lci8xNjA1MDZyZ3cuanBnIiB3aWR0aD0iNDY4IiBhbHQ9IuOCqOODs+ODiOODquODvCIgYm9yZGVyPSIwIj48L2Rpdj4KCTxkaXY+PGltZyBzcmM9Imh0dHA6Ly9pbWFnZS5yYWt1dGVuLmNvLmpwL21lZGlzdG9jay9jYWJpbmV0L2hkL3NwLmdpZiIgaGVpZ2h0PSI1Ij48L2Rpdj4KCgoKCTxkaXY+PGltZyBzcmM9Imh0dHA6Ly9pbWFnZS5yYWt1dGVuLmNvLmpwL21lZGlzdG9jay9jYWJpbmV0L2Jhbm5lci8xNjEyMDF0YjA1cC5qcGciIHdpZHRoPSI0NjgiIGFsdD0i44OE44O844Or44OQ44O8UHQyIiBib3JkZXI9IjAiPjwvZGl2PgoJPGRpdj48aW1nIHNyYz0iaHR0cDovL2ltYWdlLnJha3V0ZW4uY28uanAvbWVkaXN0b2NrL2NhYmluZXQvaGQvc3AuZ2lmIiBoZWlnaHQ9IjUiPjwvZGl2PgoKCgoJPGRpdj48aW1nIHNyYz0iaHR0cDovL2ltYWdlLnJha3V0ZW4uY28uanAvbWVkaXN0b2NrL2NhYmluZXQvYmFubmVyLzE2MDYwMXRiMTAuanBnIiB3aWR0aD0iNDY4IiBhbHQ9IuWIneODhOODvOODq+ODkOODvCIgYm9yZGVyPSIwIj48L2Rpdj4KCTxkaXY+PGltZyBzcmM9Imh0dHA6Ly9pbWFnZS5yYWt1dGVuLmNvLmpwL21lZGlzdG9jay9jYWJpbmV0L2hkL3NwLmdpZiIgaGVpZ2h0PSI1Ij48L2Rpdj4KCgoKCgoJPGRpdj48aW1nIHNyYz0iaHR0cDovL2ltYWdlLnJha3V0ZW4uY28uanAvbWVkaXN0b2NrL2NhYmluZXQvYmFubmVyLzE1MTEwMWFwcC5qcGciIHdpZHRoPSI0NjgiIGFsdD0i44Ko44Oz44OI44Oq44O8IiBib3JkZXI9IjAiPjwvZGl2PgoJPGRpdj48aW1nIHNyYz0iaHR0cDovL2ltYWdlLnJha3V0ZW4uY28uanAvbWVkaXN0b2NrL2NhYmluZXQvaGQvc3AuZ2lmIiBoZWlnaHQ9IjUiPjwvZGl2PgoKCjxkaXY+PGltZyBzcmM9Imh0dHA6Ly9pbWFnZS5yYWt1dGVuLmNvLmpwL21lZGlzdG9jay9jYWJpbmV0L3BfaW1nL2JuX2F0by5naWYiIHdpZHRoPSI0NjgiIGFsdD0i77yu77yw5b6M5omV44GEIiBib3JkZXI9IjAiPjwvZGl2Pgo8ZGl2PjxpbWcgc3JjPSJodHRwOi8vaW1hZ2UucmFrdXRlbi5jby5qcC9tZWRpc3RvY2svY2FiaW5ldC9oZC9zcC5naWYiIGhlaWdodD0iNSI+PC9kaXY+Cgo8QnI+Cgo8L3RkPjwvdHI+PC90YWJsZT4=,44CQ44Ok44Oe44OS44K144CA44Ki44OJ44Oh44Kk44OI44CR44Ki44OL44Oe44Or44OV44Os44Oz44K6IO+8ru+9j++9ie+9k++9me+8tO+8r++8uSDjgbbjgZ/jgZXjgpPimIXjg5rjg4Pjg4jnlKjlk4Eg4oC744GK5Y+W44KK5a+E44Gb5ZWG5ZOB44CQUkNQ44CR44CQMTBQMDNEZWMxNuOAke+8muODoeODh+OCo+OCueODiOODg+OCrw==,576O5a655YGl5bq344Oh44OH44Kj44K544Oz44OX44Op44K544Oh44OH44Kj44K544OI44OD44Kv5YGl5bq36aOf5ZOB44K144OX44Oq44Oh44Oz44OI44Oa44OD44OI55So5ZOB5YyW57Kn5ZOB44OJ44OD44Kw44OV44O844OJ44Kt44Oj44OD44OI44OV44O844OJ5pel55So5ZOB6aOf5paZ5ZOB6aaZ5rC05Yy76Jas5ZOB44CQ44Ok44Oe44OS44K144CA44Ki44OJ44Oh44Kk44OI44CR44Ki44OL44Oe44Or44OV44Os44Oz44K6IO+8ru+9j++9ie+9k++9me+8tO+8r++8uSDjgbbjgZ/jgZXjgpPimIXjg5rjg4Pjg4jnlKjlk4Eg4oC744GK5Y+W44KK5a+E44Gb5ZWG5ZOB44CQUkNQ44CR44CQMTBQMDNEZWMxNuOAkQ==,44CQ44Ok44Oe44OS44K144CA44Ki44OJ44Oh44Kk44OI44CR44Ki44OL44Oe44Or44OV44Os44Oz44K6IO+8ru+9j++9ie+9k++9me+8tO+8r++8uSDjgbbjgZ/jgZXjgpPimIXjg5rjg4Pjg4jnlKjlk4Eg4oC744GK5Y+W44KK5a+E44Gb5ZWG5ZOB44CQUkNQ44CR44CQMTBQMDNEZWMxNuOAkQ==[rn]
37-51566,aHR0cDovL3RzaG9wLnIxMHMuanAvbWVkaXN0b2NrL2NhYmluZXQvbXBldDEzLzQ5MDM1ODgyNDE4NjQuanBnP2ZpdGluPTcwMDo3MDA=,NTEyLjAwMDA=,,44Oa44OD44OI44O744Oa44OD44OI44Kw44OD44K6ID4g54qs55So5ZOBID4g44GK44KC44Gh44KDID4g44Gs44GE44GQ44KL44G/,44CQ44Ok44Oe44OS44K144CA44Ki44OJ44Oh44Kk44OI44CR77yu772P772J772T772Z77y0772P772ZIO+8ou+9he+9he+9kCDjgYrjgZXjgovjgZXjgpPimIXjg5rjg4Pjg4jnlKjlk4Eg4oC744GK5Y+W44KK5a+E44Gb5ZWG5ZOB44CQUkNQ44CR44CQMTBQMDNEZWMxNuOAkQ==,,PHRhYmxlIHdpZHRoPSIzODAiIGJvcmRlcj0iMCIgYmdjb2xvcj0iI2NjMDAwMCI+PHRyPjx0ZCBhbGlnbj0iY2VudGVyIj48aW1nIHNyYz0iaHR0cDovL2ltYWdlLnJha3V0ZW4uY28uanAvbWVkaXN0b2NrL2NhYmluZXQvdml0YXRyZWFsL3ZpdGFfaW5mbzEuZ2lmIj48L3RkPjwvdHI+Cjx0cj48dGQ+PC90ZD48L3RyPgo8L3RhYmxlPgo8ZGl2PjxpbWcgc3JjPSJodHRwOi8vd3d3LnJha3V0ZW4ubmUuanAvZ29sZC9tZWRpc3RvY2svaW1nL3NwYWNlci5naWYiIGhlaWdodD0iNSI+PC9kaXY+PHRhYmxlIGJvcmRlcj0wIHdpZHRoPTM4MD48dHI+PHRkPjxmb250IHN0eWxlPSJmb250LXNpemU6MTRweDtsaW5lLWhlaWdodDoxLjI7Ij4KPGhyIGNvbG9yPSNjY2ZmY2Mgc2l6ZT0yPjxmb250IGNvbG9yPSMwMDY2ZmY+4peGPC9mb250PjxiPueJuSAg6ZW3PC9iPjxmb250IGNvbG9yPSMwMDY2ZmY+4peGPC9mb250PjxociBjb2xvcj0jY2NmZmNjIHNpemU9Mj7il4/mpb3jgZfjgYTlo7Djgafps7TjgY/mhInlv6vjgarlsbHjga7ku7LplpPjgZ/jgaHjgYzku7LplpPlhaXjgoo8YnI+4peP6Laz44Gu6YOo5YiG44Gv44Ot44O844OX44Gr44Gq44Gj44Gm44GE44G+44GZ44CC5L2T44Gu44GE44KN44KT44Gq5omA44GrNOOBpOOBruesm+WFpeOCiuOAgjxociBjb2xvcj0jY2NmZmNjIHNpemU9Mj48Zm9udCBjb2xvcj0jMDA2NmZmPuKXhjwvZm9udD48Yj7jg6Hjg7zjgqvjg7w8L2I+PGZvbnQgY29sb3I9IzAwNjZmZj7il4Y8L2ZvbnQ+PGhyIGNvbG9yPSNjY2ZmY2Mgc2l6ZT0yPuagquW8j+S8muekvuODpOODnuODkuOCteOCouODieODoeOCpOODiO+8iOKAu+S4reWbveijve+8iTxociBjb2xvcj0jY2NmZmNjIHNpemU9Mj48Zm9udCBjb2xvcj0jMDA2NmZmPuKXhjwvZm9udD48Yj7mnZDjgIDos6o8L2I+PGZvbnQgY29sb3I9IzAwNjZmZj7il4Y8L2ZvbnQ+PGhyIGNvbG9yPSNjY2ZmY2Mgc2l6ZT0yPueUn+WcsOOAgeS4ree2v++8muODneODquOCqOOCueODhuODqzEwMO+8hTxicj7jg63jg7zjg5fvvJrntr8xMDDvvIU8YnI+56yb44O744O744O744Od44Oq44OX44Ot44OU44Os44OzPC9mb250PjwvdGQ+PC90cj48L3RhYmxlPgo8dGFibGUgYm9yZGVyPTAgd2lkdGg9MzgwPjx0cj48dGQgc3R5bGU9ImZvbnQtc2l6ZToxMnB4OyI+PGZvbnQgY29sb3I9IzAwMDA4OD48aHI+44CQ44GU5rOo5oSP77yR44CR44GT44Gu5ZWG5ZOB44Gv44GK5Y+W44KK5a+E44Gb5ZWG5ZOB44Gn44GZ44CC44GU5rOo5paH44GV44KM44Gm44GL44KJ55m66YCB44GV44KM44KL44G+44Gn57SEMTDllrbmpa3ml6Uo5Zyf5pel44O756Wd44KS6Zmk44GPKeOBhOOBn+OBoOOBjeOBvuOBmeOAgjxicj4K44Gq44GK44CB5ZWG5ZOB44Gr44KI44KK44G+44GX44Gm44Gv44CB5LqI5a6a44GM5aSn5bmF44Gr6YGF44KM44KL44GT44Go44KC44GU44GW44GE44G+44GZ44Gu44Gn44CB5L2V5Y2S44GC44KJ44GL44GY44KB44GU5LqG5om/44GK6aGY44GE44GE44Gf44GX44G+44GZ44CCPC9mb250PjwvdGQ+PC90cj48dHI+PHRkIHN0eWxlPSJmb250LXNpemU6MTJweDsiPjxmb250IGNvbG9yPSMwMDAwODg+44CQ44GU5rOo5oSP77yS44CR44GK5Y+W44KK5a+E44Gb5ZWG5ZOB5Lul5aSW44Gu5ZWG5ZOB44Go5LiA57eS44Gr44GK6LK344GE5LiK44GS44Gu5aC05ZCI44Gv44CB5YWo44Gm44Gu5ZWG5ZOB44GM5o+D44GE5qyh56ys44Gu55m66YCB44Go44Gq44KK44G+44GZ44Gu44Gn44CB44GU5LqG5om/5LiL44GV44GE44CCPC9mb250PjwvdGQ+PC90cj48L3RhYmxlPgo8dGFibGUgYm9yZGVyPTAgd2lkdGg9MzgwIHN0eWxlPSJmb250LXNpemU6MTJweDtsaW5lLWhlaWdodDoxLjI7Ij48dHI+PHRkPjxmb250IGNvbG9yPSMwMDAwODg+PGhyPuKAu+ODkeODg+OCseODvOOCuOODh+OCtuOCpOODs+etieOBjOS6iOWRiuOBquOBj+WkieabtOOBleOCjOOCi+WgtOWQiOOCguOBguOCiuOBvuOBmeOAgjxicj7igLvllYblk4Hlu4Pnlarjg7vjg6Hjg7zjgqvjg7zmrKDlk4Hjgarjganoq7jkuovmg4XjgavjgojjgorjgYrlsYrjgZHjgafjgY3jgarjgYTloLTlkIjjgYzjgZTjgZbjgYTjgb7jgZnjgII8aHI+PC9mb250PjwvdGQ+PC90cj48L3RhYmxlPgo8dGFibGUgYm9yZGVyPTAgd2lkdGg9MzgwIHN0eWxlPSJmb250LXNpemU6MTJweDtsaW5lLWhlaWdodDoxLjI7Ij48dHI+PHRkPuOAkOW6g+WRiuaWh+iyrOOAkeagquW8j+S8muekvuODoeODh+OCo+OCueODs+ODl+ODqeOCue+8mjAxMjAtMjA1LTkwNCDigLvkvJHmpa3ml6Ug5Zyf5pel44O756Wd56Wt5pelPC90ZD48L3RyPjwvdGFibGU+PCEtLSDilrzlt6bjg5Xjg63jg7zjg4jjg5Djg4rjg7wg6KGo56S6IENTUyAmIFRBRyDjgrvjg4Pjg4ggLS0+CjxsaW5rIHJlbD0ic3R5bGVzaGVldCIgaHJlZj0iaHR0cDovL3d3dy5yYWt1dGVuLm5lLmpwL2dvbGQvbWVkaXN0b2NrL2Nzc19mbHQvZmJfbF9tLmNzcyIgdHlwZT0idGV4dC9jc3MiIC8+CjwhLS3jg4jjg4Pjg5fjg5Djg4rjg7wtLT4KPGRpdiBpZD0iZmx0X2wxIj48L2Rpdj4KPCEtLe+8t+OCquODnuOCsS0tPgo8ZGl2IGlkPSJmbHRfbDIiPjwvZGl2Pgo8IS0t44K744K144Of44OzLS0+CjxkaXYgaWQ9ImZsdF9sMyI+PC9kaXY+CjwhLS3jg6/jgrTjg7Pjgrvjg7zjg6stLT4KPGRpdiBpZD0iZmx0X2w0Ij48L2Rpdj4KPCEtLemAgeaWmeeEoeaWmS0tPgo8ZGl2IGlkPSJmbHRfbDUiPjwvZGl2Pgo8IS0tIE1Q44Oq44Oz44KvIC0tPgo8ZGl2IGlkPSJmbHRfbDYiPjwvZGl2Pgo8IS0tIG5vbmUgLS0+CjxkaXYgaWQ9ImZsdF9sNyI+PC9kaXY+CjwhLS0g4pay5bem44OV44Ot44O844OI44OQ44OK44O8IOihqOekuiBDU1MgJiBUQUcg44K744OD44OIIC0tPgoKPCEtLSDilrzlj7Pjg5Xjg63jg7zjg4jjg5Djg4rjg7wg6KGo56S6IENTUyAmIFRBRyDjgrvjg4Pjg4ggLS0+CjxsaW5rIHJlbD0ic3R5bGVzaGVldCIgaHJlZj0iaHR0cDovL3d3dy5yYWt1dGVuLm5lLmpwL2dvbGQvbWVkaXN0b2NrL2Nzc19mbHQvZmJfcl9tLmNzcyIgdHlwZT0idGV4dC9jc3MiIC8+CjwhLS3jg5fjg6wgRVhQLS0+CjxkaXYgaWQ9ImZsdF9yMSI+PC9kaXY+CjwhLS3jg5fjg6wg44Os44OQLS0+CjxkaXYgaWQ9ImZsdF9yMiI+PC9kaXY+CjwhLS3oirHnsonnibnpm4YtLT4KPGRpdiBpZD0iZmx0X3IzIj48L2Rpdj4KPCEtLeOBquOBly0tPgo8ZGl2IGlkPSJmbHRfcjQiPjwvZGl2Pgo8IS0t44Gq44GXLS0+CjxkaXYgaWQ9ImZsdF9yNSI+PC9kaXY+CjwhLS3jg5Pjgr8g44Ov44K044OzLS0+CjwhLS3jgrTjg7zjg6vjg4lBLS0+CjxkaXYgaWQ9ImZsdF9yNiI+PC9kaXY+CjwhLS3jgarjgZctLT4KPGRpdiBpZD0iZmx0X3I3Ij48L2Rpdj4KPCEtLSDilrLlj7Pjg5Xjg63jg7zjg4jjg5Djg4rjg7wg6KGo56S6IENTUyAmIFRBRyDjgrvjg4Pjg4ggLS0+CgoKPCEtLSDilrzjgrnjg6njgqTjg4kgLS0+CjxjZW50ZXI+CjxkaXYgc3R5bGU9IndpZHRoOjcxMHB4OyBib3JkZXI6MXB4IHNvbGlkICM1MmFlZjA7IHBhZGRpbmc6NXB4OyBtYXJnaW4tYm90dG9tOjVweDsiPgoKPC9kaXY+CjwvY2VudGVyPgo8IS0tIOKWsuOCueODqeOCpOODiSAtLT4KCjwhLS3ilrzpoIXnm67pgbjmip4tLT4KCjxicj4KPCEtLeKWsumgheebrumBuOaKni0tPgoKCjwhLS3ilrzlj7Pnq6/nuKbooajnpLotLT4KPHN0eWxlIHR5cGU9InRleHQvY3NzIj4KPCEtLQovKgpib2R5IHsKYmFja2dyb3VuZC1pbWFnZTp1cmwoaHR0cDovL2ltYWdlLnJha3V0ZW4uY28uanAvbWVkaXN0b2NrL2NhYmluZXQvbWVkaXN0b2NrL3RhdGUxNTA4bWQuZ2lmKTsKYmFja2dyb3VuZC1yZXBlYXQ6cmVwZWF0LXk7CmJhY2tncm91bmQtcG9zaXRpb246IHJpZ2h0IHRvcDsKfQoqLwotLT4KPC9zdHlsZT4KCgoKPHRhYmxlIHdpZHRoPSI3MzAiIGJvcmRlcj0iMCI+PHRyPjx0ZCBhbGlnbj0iY2VudGVyIj4KCgk8ZGl2PjxpbWcgc3JjPSJodHRwOi8vaW1hZ2UucmFrdXRlbi5jby5qcC9tZWRpc3RvY2svY2FiaW5ldC9oZC9zcC5naWYiIGhlaWdodD0iMjAiPjwvZGl2PgoKCgoJPGRpdj48aW1nIHNyYz0iaHR0cDovL2ltYWdlLnJha3V0ZW4uY28uanAvbWVkaXN0b2NrL2NhYmluZXQvYmFubmVyLzE3MDYwMXAzLmdpZiIgd2lkdGg9IjQ2OCIgYWx0PSLjgqjjg7Pjg4jjg6rjg7wiIGJvcmRlcj0iMCI+PC9kaXY+Cgk8ZGl2PjxpbWcgc3JjPSJodHRwOi8vaW1hZ2UucmFrdXRlbi5jby5qcC9tZWRpc3RvY2svY2FiaW5ldC9oZC9zcC5naWYiIGhlaWdodD0iNSI+PC9kaXY+CgoKCTxkaXY+PGltZyBzcmM9Imh0dHA6Ly9pbWFnZS5yYWt1dGVuLmNvLmpwL21lZGlzdG9jay9jYWJpbmV0L2Jhbm5lci8xNzA0d2luLmpwZyIgd2lkdGg9IjQ2OCIgYWx0PSLjgqjjg7Pjg4jjg6rjg7wiIGJvcmRlcj0iMCI+PC9kaXY+Cgk8ZGl2PjxpbWcgc3JjPSJodHRwOi8vaW1hZ2UucmFrdXRlbi5jby5qcC9tZWRpc3RvY2svY2FiaW5ldC9oZC9zcC5naWYiIGhlaWdodD0iNSI+PC9kaXY+CgoKCgoJPGRpdj48aW1nIHNyYz0iaHR0cDovL2ltYWdlLnJha3V0ZW4uY28uanAvbWVkaXN0b2NrL2NhYmluZXQvYmFubmVyLzE2MDgwMWxzLmdpZiIgd2lkdGg9IjQ2OCIgYWx0PSLjgqjjg7Pjg4jjg6rjg7wiIGJvcmRlcj0iMCI+PC9kaXY+Cgk8ZGl2PjxpbWcgc3JjPSJodHRwOi8vaW1hZ2UucmFrdXRlbi5jby5qcC9tZWRpc3RvY2svY2FiaW5ldC9oZC9zcC5naWYiIGhlaWdodD0iNSI+PC9kaXY+CgoKCgk8ZGl2PjxpbWcgc3JjPSJodHRwOi8vaW1hZ2UucmFrdXRlbi5jby5qcC9tZWRpc3RvY2svY2FiaW5ldC9iYW5uZXIvMTYwMTE4cHQ3LmpwZyIgd2lkdGg9IjQ2OCIgYWx0PSLjgqjjg7Pjg4jjg6rjg7wiIGJvcmRlcj0iMCI+PC9kaXY+Cgk8ZGl2PjxpbWcgc3JjPSJodHRwOi8vaW1hZ2UucmFrdXRlbi5jby5qcC9tZWRpc3RvY2svY2FiaW5ldC9oZC9zcC5naWYiIGhlaWdodD0iNSI+PC9kaXY+CgoKCTxkaXY+PGltZyBzcmM9Imh0dHA6Ly9pbWFnZS5yYWt1dGVuLmNvLmpwL21lZGlzdG9jay9jYWJpbmV0L2Jhbm5lci8xNjA4MDFudWEuanBnIiB3aWR0aD0iNDY4IiBhbHQ9IuOCqOODs+ODiOODquODvCIgYm9yZGVyPSIwIj48L2Rpdj4KCTxkaXY+PGltZyBzcmM9Imh0dHA6Ly9pbWFnZS5yYWt1dGVuLmNvLmpwL21lZGlzdG9jay9jYWJpbmV0L2hkL3NwLmdpZiIgaGVpZ2h0PSI1Ij48L2Rpdj4KCgoJPGRpdj48aW1nIHNyYz0iaHR0cDovL2ltYWdlLnJha3V0ZW4uY28uanAvbWVkaXN0b2NrL2NhYmluZXQvYmFubmVyLzE2MDUwNnJndy5qcGciIHdpZHRoPSI0NjgiIGFsdD0i44Ko44Oz44OI44Oq44O8IiBib3JkZXI9IjAiPjwvZGl2PgoJPGRpdj48aW1nIHNyYz0iaHR0cDovL2ltYWdlLnJha3V0ZW4uY28uanAvbWVkaXN0b2NrL2NhYmluZXQvaGQvc3AuZ2lmIiBoZWlnaHQ9IjUiPjwvZGl2PgoKCgoJPGRpdj48aW1nIHNyYz0iaHR0cDovL2ltYWdlLnJha3V0ZW4uY28uanAvbWVkaXN0b2NrL2NhYmluZXQvYmFubmVyLzE2MTIwMXRiMDVwLmpwZyIgd2lkdGg9IjQ2OCIgYWx0PSLjg4Tjg7zjg6vjg5Djg7xQdDIiIGJvcmRlcj0iMCI+PC9kaXY+Cgk8ZGl2PjxpbWcgc3JjPSJodHRwOi8vaW1hZ2UucmFrdXRlbi5jby5qcC9tZWRpc3RvY2svY2FiaW5ldC9oZC9zcC5naWYiIGhlaWdodD0iNSI+PC9kaXY+CgoKCgk8ZGl2PjxpbWcgc3JjPSJodHRwOi8vaW1hZ2UucmFrdXRlbi5jby5qcC9tZWRpc3RvY2svY2FiaW5ldC9iYW5uZXIvMTYwNjAxdGIxMC5qcGciIHdpZHRoPSI0NjgiIGFsdD0i5Yid44OE44O844Or44OQ44O8IiBib3JkZXI9IjAiPjwvZGl2PgoJPGRpdj48aW1nIHNyYz0iaHR0cDovL2ltYWdlLnJha3V0ZW4uY28uanAvbWVkaXN0b2NrL2NhYmluZXQvaGQvc3AuZ2lmIiBoZWlnaHQ9IjUiPjwvZGl2PgoKCgoKCgk8ZGl2PjxpbWcgc3JjPSJodHRwOi8vaW1hZ2UucmFrdXRlbi5jby5qcC9tZWRpc3RvY2svY2FiaW5ldC9iYW5uZXIvMTUxMTAxYXBwLmpwZyIgd2lkdGg9IjQ2OCIgYWx0PSLjgqjjg7Pjg4jjg6rjg7wiIGJvcmRlcj0iMCI+PC9kaXY+Cgk8ZGl2PjxpbWcgc3JjPSJodHRwOi8vaW1hZ2UucmFrdXRlbi5jby5qcC9tZWRpc3RvY2svY2FiaW5ldC9oZC9zcC5naWYiIGhlaWdodD0iNSI+PC9kaXY+CgoKPGRpdj48aW1nIHNyYz0iaHR0cDovL2ltYWdlLnJha3V0ZW4uY28uanAvbWVkaXN0b2NrL2NhYmluZXQvcF9pbWcvYm5fYXRvLmdpZiIgd2lkdGg9IjQ2OCIgYWx0PSLvvK7vvLDlvozmiZXjgYQiIGJvcmRlcj0iMCI+PC9kaXY+CjxkaXY+PGltZyBzcmM9Imh0dHA6Ly9pbWFnZS5yYWt1dGVuLmNvLmpwL21lZGlzdG9jay9jYWJpbmV0L2hkL3NwLmdpZiIgaGVpZ2h0PSI1Ij48L2Rpdj4KCjxCcj4KCjwvdGQ+PC90cj48L3RhYmxlPg==,44CQ44Ok44Oe44OS44K144CA44Ki44OJ44Oh44Kk44OI44CR77yu772P772J772T772Z77y0772P772ZIO+8ou+9he+9he+9kCDjgYrjgZXjgovjgZXjgpPimIXjg5rjg4Pjg4jnlKjlk4Eg4oC744GK5Y+W44KK5a+E44Gb5ZWG5ZOB44CQUkNQ44CR44CQMTBQMDNEZWMxNuOAke+8muODoeODh+OCo+OCueODiOODg+OCrw==,576O5a655YGl5bq344Oh44OH44Kj44K544Oz44OX44Op44K544Oh44OH44Kj44K544OI44OD44Kv5YGl5bq36aOf5ZOB44K144OX44Oq44Oh44Oz44OI44Oa44OD44OI55So5ZOB5YyW57Kn5ZOB44OJ44OD44Kw44OV44O844OJ44Kt44Oj44OD44OI44OV44O844OJ5pel55So5ZOB6aOf5paZ5ZOB6aaZ5rC05Yy76Jas5ZOB44CQ44Ok44Oe44OS44K144CA44Ki44OJ44Oh44Kk44OI44CR77yu772P772J772T772Z77y0772P772ZIO+8ou+9he+9he+9kCDjgYrjgZXjgovjgZXjgpPimIXjg5rjg4Pjg4jnlKjlk4Eg4oC744GK5Y+W44KK5a+E44Gb5ZWG5ZOB44CQUkNQ44CR44CQMTBQMDNEZWMxNuOAkQ==,44CQ44Ok44Oe44OS44K144CA44Ki44OJ44Oh44Kk44OI44CR77yu772P772J772T772Z77y0772P772ZIO+8ou+9he+9he+9kCDjgYrjgZXjgovjgZXjgpPimIXjg5rjg4Pjg4jnlKjlk4Eg4oC744GK5Y+W44KK5a+E44Gb5ZWG5ZOB44CQUkNQ44CR44CQMTBQMDNEZWMxNuOAkQ==[rn]
37-51567,aHR0cDovL3RzaG9wLnIxMHMuanAvaW5hcGFjL2NhYmluZXQvaW1ncmMwMDY4NDY5OTAxLmpwZz9maXRpbj03MDA6NzAw,Mjk2MC4wMDAw,,44Oa44OD44OI44O744Oa44OD44OI44Kw44OD44K6ID4g44Oa44OD44OI55So44GK5omL5YWl44KM55So5ZOBID4g54iq44Kx44Ki55So5ZOBID4g54yr55So54iq44Go44GO,54yr44Gu54iq44Go44GO44CA44Kt44Oj44OD44OI44K/44Ov44O8IOOCpuOCp+ODvOODluWjgeS7mOOBkSDpq5jjgZXvvJjvvJBjbeOAkOaXpeacrOijvSDnjKsg44Gk44KB44Go44GOIOeIquOBqOOBjiDniKrno6jjgY0g54iq44G/44GM44GNIOeMq+eUqOWTgSDmrrXjg5zjg7zjg6sg44K/44Ov44O8IOWjgeS7mOOBkeOAkQ==,,PGRpdiBjbGFzcz0nZWUxc3B3cnAnPjxzdHlsZT48IS0tLmVlMXNwd3JwIGRpdiwuZWUxc3B3cnAgaW1nLC5lZTFzcHdycCB0YWJsZSwuZWUxc3B3cnAgdHIsLmVlMXNwd3JwIHRke3dpZHRoOmF1dG87aGVpZ2h0OmF1dG87cGFkZGluZzowO21hcmdpbjowO292ZXJmbG93OmhpZGRlbn0uZWUxc3B3cnAgdGR7ZmxvYXQ6bm9uZSAhaW1wb3J0YW50fS5lZTFzcHdycCwuZWUxc3B3cnAgZGl2LC5lZTFzcHdycCBkaXYgaDMsLmVlMXNwd3JwIGRpdiBwe2Rpc3BsYXk6YmxvY2t9LmVlMXNwd3JwIGRpdiB0YWJsZXtkaXNwbGF5OnRhYmxlO3dpZHRoOmF1dG87aGVpZ2h0OmF1dG87cGFkZGluZzowO21hcmdpbjowO2JvcmRlci1zcGFjaW5nOjB9LmVlMXNwd3JwIGRpdiB0YWJsZSB0ciwuZWUxc3B3cnAgZGl2IHRhYmxlIHRib2R5IHRye2Rpc3BsYXk6dGFibGUtcm93fS5lZTFzcHdycCBkaXYgdGFibGUgdHIgdGQsLmVlMXNwd3JwIGRpdiB0YWJsZSB0Ym9keSB0ciB0ZHtkaXNwbGF5OnRhYmxlLWNlbGw7ZmxvYXQ6bm9uZSAhaW1wb3J0YW50O3ZlcnRpY2FsLWFsaWduOnRvcH0uZWUxc3B3cnAgdGFibGUgdGFibGV7d2lkdGg6MTAwJX0uZWUxc3B3cnAsLmVlMXNwd3JwIHRoLC5lZTFzcHdycCB0ZHtjb2xvcjojMDAwMDAwO2ZvbnQtc2l6ZToxNnB4ICFpbXBvcnRhbnQ7Zm9udC1mYW1pbHk6J+ODkuODqeOCruODjuinkuOCtCBQcm8gVzMnLCdIaXJhZ2lubyBLYWt1IEdvdGhpYyBQcm8nLOODoeOCpOODquOCqixNZWlyeW8sT3Nha2EsJ++8re+8syDvvLDjgrTjgrfjg4Pjgq8nLCdNUyBQR290aGljJyxzYW5zLXNlcmlmO3RleHQtYWxpZ246Y2VudGVyfS5lZTFzcHdycCBkaXYgaDMsLmVlMXNwd3JwIGRpdiBwLC5lZTFzcHdycCBzdHJvbmd7d29yZC13cmFwOmJyZWFrLXdvcmQ7d29yZC1icmVhazpicmVhay1hbGw7cGFkZGluZzowO21hcmdpbi10b3A6MC41ZW07bWFyZ2luLWJvdHRvbTowLjVlbTtsaW5lLWhlaWdodDoxLjQ7dGV4dC1hbGlnbjpsZWZ0O292ZXJmbG93OnZpc2libGV9LmVlMXNwd3JwIGRpdiBoMywuZWUxc3B3cnAgc3Ryb25ne2ZvbnQtc2l6ZToxMTclO30uZWUxc3BpbXt2ZXJ0aWNhbC1hbGlnbjp0b3B9LmVlMXNwd3JwIGRpdi5lZTFzcGlte21hcmdpbi1sZWZ0OmF1dG87bWFyZ2luLXJpZ2h0OmF1dG87dGV4dC1hbGlnbjpjZW50ZXJ9LmVlMXNwd3JwIHAuZWUxc3BpbXt0ZXh0LWFsaWduOmNlbnRlcn0uZWUxc3B3cnAgZGl2IGltZywuZWUxc3B3cnAgZGl2IGEgaW1ne2JvcmRlcjpub25lO3ZlcnRpY2FsLWFsaWduOmJvdHRvbX0uZWUxc3B3cnAgZGl2LC5lZTFzcHdycCB0YWJsZSB7aGVpZ2h0OmF1dG99LmVlMXNwd3JwIGRpdntvdmVyZmxvdzpoaWRkZW59LmVlMXNwd3JwIGRpdiBkaXZ7b3ZlcmZsb3c6dmlzaWJsZX0uZWUxc3B3cnAgPiBkaXY6YWZ0ZXIsLmVlMXNwd3JwID4gdGFibGU6YWZ0ZXIge2NvbnRlbnQ6IiI7ZGlzcGxheTpibG9jaztoZWlnaHQ6MDtjbGVhcjpib3RoO3Zpc2liaWxpdHk6aGlkZGVufS5lZTFzcHdycHt3aWR0aDo3MTBweDtoZWlnaHQ6YXV0bztiYWNrZ3JvdW5kOiNmZmZmZmY7bWFyZ2luLWxlZnQ6YXV0bzttYXJnaW4tcmlnaHQ6YXV0bztwYWRkaW5nOjB9I2VlMXNwYjAsI2VlMXNwYjF7YmFja2dyb3VuZDp0cmFuc3BhcmVudDtwYWRkaW5nOjVweCAwfSNlZTFzcGIwIHRhYmxlLCNlZTFzcGIxIHRhYmxle2JvcmRlci1zcGFjaW5nOjEwcHg7bWFyZ2luOi0xMHB4O3dpZHRoOjczMHB4fSNlZTFzcGMwLCNlZTFzcGMxe3dpZHRoOjcxMHB4O2JhY2tncm91bmQ6dHJhbnNwYXJlbnQ7Ym9yZGVyOnNvbGlkICMwMDAwMDAgMDtwYWRkaW5nOjB9LmVlMXNwaW17d2lkdGg6MTAwJTtoZWlnaHQ6YXV0b30tLT48L3N0eWxlPjwhLS1baWYgZ3RlIElFIDYuMF0+PHN0eWxlPi5lZTFzcHdycCwuZWUxc3B3cnAgZGl2LC5lZTFzcHdycCBoMywuZWUxc3B3cnAgcCwuZWUxc3B3cnAgdGgsLmVlMXNwd3JwIHRke3pvb206MX0uZWUxc3B3cnAsLmVlMXNwd3JwIHRoLC5lZTFzcHdycCB0ZHtmb250LXNpemU6MTZweCAhaW1wb3J0YW50fS5lZTFzcHdycHt3aWR0aDo3MTBweH0jZWUxc3BjMCwjZWUxc3BjMXt3aWR0aDo3MTBweH08L3N0eWxlPjwhW2VuZGlmXS0tPjxkaXYgaWQ9ImVlMXNwYjAiPjx0YWJsZSBjZWxsc3BhY2luZz0iMTAiPjx0cj48dGQgaWQ9ImVlMXNwYzAiPjxkaXYgY2xhc3M9ImVlMXNwaW0iPjxpbWcgc3JjPSJpbmFwYWMvY2FiaW5ldC8zNnJrMTEuanBnIj48L2Rpdj48L3RhYmxlPjwvZGl2PjxkaXYgaWQ9ImVlMXNwYjEiPjx0YWJsZSBjZWxsc3BhY2luZz0iMTAiPjx0cj48dGQgaWQ9ImVlMXNwYzEiPjxkaXYgY2xhc3M9ImVlMXNwaW0iPjxpbWcgc3JjPSJpbmFwYWMvY2FiaW5ldC8zNnJrMTIuanBnIj48L2Rpdj48L3RhYmxlPjwvZGl2PjwvZGl2PgoKCjxkaXYgY2xhc3M9J3lhNnNwd3JwJz48c3R5bGU+PCEtLS55YTZzcHdycCBkaXYsLnlhNnNwd3JwIGltZywueWE2c3B3cnAgdGFibGUsLnlhNnNwd3JwIHRyLC55YTZzcHdycCB0ZHt3aWR0aDphdXRvO2hlaWdodDphdXRvO3BhZGRpbmc6MDttYXJnaW46MDtvdmVyZmxvdzpoaWRkZW59LnlhNnNwd3JwIHRke2Zsb2F0Om5vbmUgIWltcG9ydGFudH0ueWE2c3B3cnAsLnlhNnNwd3JwIGRpdiwueWE2c3B3cnAgZGl2IGgzLC55YTZzcHdycCBkaXYgcHtkaXNwbGF5OmJsb2NrfS55YTZzcHdycCBkaXYgdGFibGV7ZGlzcGxheTp0YWJsZTt3aWR0aDphdXRvO2hlaWdodDphdXRvO3BhZGRpbmc6MDttYXJnaW46MDtib3JkZXItc3BhY2luZzowfS55YTZzcHdycCBkaXYgdGFibGUgdHIsLnlhNnNwd3JwIGRpdiB0YWJsZSB0Ym9keSB0cntkaXNwbGF5OnRhYmxlLXJvd30ueWE2c3B3cnAgZGl2IHRhYmxlIHRyIHRkLC55YTZzcHdycCBkaXYgdGFibGUgdGJvZHkgdHIgdGR7ZGlzcGxheTp0YWJsZS1jZWxsO2Zsb2F0Om5vbmUgIWltcG9ydGFudDt2ZXJ0aWNhbC1hbGlnbjp0b3B9LnlhNnNwd3JwIHRhYmxlIHRhYmxle3dpZHRoOjEwMCV9LnlhNnNwd3JwLC55YTZzcHdycCB0aCwueWE2c3B3cnAgdGR7Y29sb3I6IzAwMDAwMDtmb250LXNpemU6MTZweCAhaW1wb3J0YW50O2ZvbnQtZmFtaWx5Oifjg5Ljg6njgq7jg47op5LjgrQgUHJvIFczJywnSGlyYWdpbm8gS2FrdSBHb3RoaWMgUHJvJyzjg6HjgqTjg6rjgqosTWVpcnlvLE9zYWthLCfvvK3vvLMg77yw44K044K344OD44KvJywnTVMgUEdvdGhpYycsc2Fucy1zZXJpZjt0ZXh0LWFsaWduOmNlbnRlcn0ueWE2c3B3cnAgZGl2IGgzLC55YTZzcHdycCBkaXYgcCwueWE2c3B3cnAgc3Ryb25ne3dvcmQtd3JhcDpicmVhay13b3JkO3dvcmQtYnJlYWs6YnJlYWstYWxsO3BhZGRpbmc6MDttYXJnaW4tdG9wOjAuNWVtO21hcmdpbi1ib3R0b206MC41ZW07bGluZS1oZWlnaHQ6MS40O3RleHQtYWxpZ246bGVmdDtvdmVyZmxvdzp2aXNpYmxlfS55YTZzcHdycCBkaXYgaDMsLnlhNnNwd3JwIHN0cm9uZ3tmb250LXNpemU6MTE3JTt9LnlhNnNwaW17dmVydGljYWwtYWxpZ246dG9wfS55YTZzcHdycCBkaXYueWE2c3BpbXttYXJnaW4tbGVmdDphdXRvO21hcmdpbi1yaWdodDphdXRvO3RleHQtYWxpZ246Y2VudGVyfS55YTZzcHdycCBwLnlhNnNwaW17dGV4dC1hbGlnbjpjZW50ZXJ9LnlhNnNwd3JwIGRpdiBpbWcsLnlhNnNwd3JwIGRpdiBhIGltZ3tib3JkZXI6bm9uZTt2ZXJ0aWNhbC1hbGlnbjpib3R0b219LnlhNnNwd3JwIGRpdiwueWE2c3B3cnAgdGFibGUge2hlaWdodDphdXRvfS55YTZzcHdycCBkaXZ7b3ZlcmZsb3c6aGlkZGVufS55YTZzcHdycCBkaXYgZGl2e292ZXJmbG93OnZpc2libGV9LnlhNnNwd3JwID4gZGl2OmFmdGVyLC55YTZzcHdycCA+IHRhYmxlOmFmdGVyIHtjb250ZW50OiIiO2Rpc3BsYXk6YmxvY2s7aGVpZ2h0OjA7Y2xlYXI6Ym90aDt2aXNpYmlsaXR5OmhpZGRlbn0ueWE2c3B3cnB7d2lkdGg6NzEwcHg7aGVpZ2h0OmF1dG87YmFja2dyb3VuZDojZmZmZmZmO21hcmdpbi1sZWZ0OmF1dG87bWFyZ2luLXJpZ2h0OmF1dG87cGFkZGluZzowfSN5YTZzcGIwe2JhY2tncm91bmQ6dHJhbnNwYXJlbnQ7cGFkZGluZzo1cHggMH0jeWE2c3BiMCB0YWJsZXtib3JkZXItc3BhY2luZzoxMHB4O21hcmdpbjotMTBweDt3aWR0aDo3MzBweH0jeWE2c3BjMHt3aWR0aDo3MTBweDtiYWNrZ3JvdW5kOnRyYW5zcGFyZW50O2JvcmRlcjpzb2xpZCAjMDAwMDAwIDA7cGFkZGluZzowfS55YTZzcGlte3dpZHRoOjEwMCU7aGVpZ2h0OmF1dG99LS0+PC9zdHlsZT48IS0tW2lmIGd0ZSBJRSA2LjBdPjxzdHlsZT4ueWE2c3B3cnAsLnlhNnNwd3JwIGRpdiwueWE2c3B3cnAgaDMsLnlhNnNwd3JwIHAsLnlhNnNwd3JwIHRoLC55YTZzcHdycCB0ZHt6b29tOjF9LnlhNnNwd3JwLC55YTZzcHdycCB0aCwueWE2c3B3cnAgdGR7Zm9udC1zaXplOjE2cHggIWltcG9ydGFudH0ueWE2c3B3cnB7d2lkdGg6NzEwcHh9I3lhNnNwYzB7d2lkdGg6NzEwcHh9PC9zdHlsZT48IVtlbmRpZl0tLT48ZGl2IGlkPSJ5YTZzcGIwIj48dGFibGUgY2VsbHNwYWNpbmc9IjEwIj48dHI+PHRkIGlkPSJ5YTZzcGMwIj48ZGl2IGNsYXNzPSJ5YTZzcGltIj48aW1nIHNyYz0iaW5hcGFjL2NhYmluZXQvaWNyazYxLmpwZyI+PC9kaXY+PC90YWJsZT48L2Rpdj48L2Rpdj48dGFibGUgd2lkdGg9IjQwMCIgYmdjb2xvcj0iI2ZjOGE4MCIgY2VsbHNwYWNpbmc9IjEiIGNlbGxwYWRkaW5nPSIzIj48dHI+PHRoIGNvbHNwYW49IjIiIGFsaWduPSJjZW50ZXIiIGJnY29sb3I9IiNmZWRiZDkiPjxiPgo8Zm9udCBjb2xvcj0iIzMzMzMzMyI+5ZWG5ZOB6Kmz57SwPC9mb250PjwvYj48L3RoPjwvdHI+PHRyPjx0aCB3aWR0aD0iOTQiIGFsaWduPSJjZW50ZXIiIGJnY29sb3I9IiNmZWRiZDkiPjxmb250IHNpemU9IjIiIApjb2xvcj0iIzMzMzMzMyI+44K144Kk44K6PC9mb250PjwvdGg+PHRkIHdpZHRoPSIyOTEiIGJnY29sb3I9IiNmZmZmZmYiPjxmb250IHNpemU9IjIiIGNvbG9yPSIjMzMzMzMzIj4K5bqV5p2/77yU77yVw5fvvJPvvJDjgrvjg7Pjg4HjgIE8YnIgLz48YnIgLz7oiq/mo5LjgIDplbfjgZXvvJjvvJDjgrvjg7Pjg4Hjga7vvJPjgrvjg7Pjg4Hop5I8L2ZvbnQ+PC90ZD48L3RyPjx0cj48dGggd2lkdGg9Ijk0IiAKYWxpZ249ImNlbnRlciIgYmdjb2xvcj0iI2ZlZGJkOSI+PGZvbnQgc2l6ZT0iMiIgY29sb3I9IiMzMzMzMzMiPuadkOizqjwvZm9udD48L3RoPjx0ZCB3aWR0aD0iMjkxIiBiZ2NvbG9yPSIjZmZmZmZmIj48Zm9udCBzaXplPSIyIiAKY29sb3I9IiMzMzMzMzMiPuauteODnOODvOODq+OAgeacqOadkDwvZm9udD48L3RkPjwvdHI+PHRyPjx0aCB3aWR0aD0iOTQiIGFsaWduPSJjZW50ZXIiIGJnY29sb3I9IiNmZWRiZDkiPjxmb250IHNpemU9IjIiIGNvbG9yPSIjMzMzMzMzIj4K5ZWG5ZOB6Kqs5piOPC9mb250PjwvdGg+PHRkIHdpZHRoPSIyOTEiIGJnY29sb3I9IiNmZmZmZmYiPjxmb250IHNpemU9IjIiIGNvbG9yPSIjMzMzMzMzIj48YnIgLz4K5aOB44KS44Ks44Oq44Ks44Oq44KE44Gh44KD44GG54yr44Gh44KD44KT44GT44KM44Gq44KJ5rqA6Laz77yB77yfPGJyIC8+5bmF44GM5bqD44GP5LiI5aSr44Gn44GZ44KI77yBPGJyIAovPuOBvuOBn+OAgeS4gOW6puiyt+OBo+OBpuOBhOOBn+OBoOOBkeOCjOOBsOasoeOBi+OCieOBr+ipsOOCgeabv+OBiOeUqOOCkuiyt+OBhuOBoOOBkeOBp+OBhOOBhOOBruOBp+OAgeOBqOOBo+OBpuOCgue1jOa4iOeahOOBp+OBmeOCiO+8gTwvZm9udD48L3RkPjwvdHI+PC90YWJsZT48ZGl2PjxpbWcgc3JjPSJodHRwOi8vaW1hZ2UucmFrdXRlbi5jby5qcC9pbmFwYWMvY2FiaW5ldC90b3AvdGl0bGUtcGkuZ2lmIiBhbHQ9IuazqOebruWVhuWTgSIgd2lkdGg9Ijc2MCIgaGVpZ2h0PSIzNSI+PC9kaXY+,54yr44Gu54iq44Go44GO44CA44Kt44Oj44OD44OI44K/44Ov44O8IOOCpuOCp+ODvOODluWjgeS7mOOBkSDpq5jjgZXvvJjvvJBjbeOAkOaXpeacrOijvSDnjKsg44Gk44KB44Go44GOIOeIquOBqOOBjiDniKrno6jjgY0g54iq44G/44GM44GNIOeMq+eUqOWTgSDmrrXjg5zjg7zjg6sg44K/44Ov44O8IOWjgeS7mOOBkeOAke+8muOBj+OCieOBteOBqOW3peaIv+OCr+ODrOOCouODq+OAgOalveWkqeW4guWgtOW6lw==,54yr44Gu54iq44Go44GO44CA44Kt44Oj44OD44OI44K/44Ov44O8IOOCpuOCp+ODvOODluWjgeS7mOOBkSDpq5jjgZXvvJjvvJBjbeOAkOaXpeacrOijvSDnjKsg44Gk44KB44Go44GOIOeIquOBqOOBjiDniKrno6jjgY0g54iq44G/44GM44GNIOeMq+eUqOWTgSDmrrXjg5zjg7zjg6sg44K/44Ov44O8IOWjgeS7mOOBkeOAkQ==,54yr44Gu54iq44Go44GO44CA44Kt44Oj44OD44OI44K/44Ov44O8IOOCpuOCp+ODvOODluWjgeS7mOOBkSDpq5jjgZXvvJjvvJBjbeOAkOaXpeacrOijvSDnjKsg44Gk44KB44Go44GOIOeIquOBqOOBjiDniKrno6jjgY0g54iq44G/44GM44GNIOeMq+eUqOWTgSDmrrXjg5zjg7zjg6sg44K/44Ov44O8IOWjgeS7mOOBkeOAkQ==[rn]
37-51568,aHR0cDovL3RzaG9wLnIxMHMuanAvaW5hcGFjL2NhYmluZXQvaW1ncmMwMDY5NzA1NzI4LmpwZz9maXRpbj03MDA6NzAw,ODQwLjAwMDA=,,44Oa44OD44OI44O744Oa44OD44OI44Kw44OD44K6ID4g44Oa44OD44OI55So44GK5omL5YWl44KM55So5ZOBID4g54iq44Kx44Ki55So5ZOBID4g54yr55So54iq44Go44GO,54yr44Gu54iq44Go44GOICDjg4/jg7zjg5Xjg5HjgqTjg5fjgJDml6XmnKzoo70g54yrIOOBpOOCgeOBqOOBjiDniKrjgajjgY4g54iq56Oo44GNIOeIquOBv+OBjOOBjSDnjKvnlKjlk4Eg5q6144Oc44O844OrICDpgYrjgbPjgJE=,,PGRpdiBjbGFzcz0nbXg2c3B3cnAnPjxzdHlsZT48IS0tLm14NnNwd3JwIGRpdiwubXg2c3B3cnAgaW1nLC5teDZzcHdycCB0YWJsZSwubXg2c3B3cnAgdHIsLm14NnNwd3JwIHRke3dpZHRoOmF1dG87aGVpZ2h0OmF1dG87cGFkZGluZzowO21hcmdpbjowO292ZXJmbG93OmhpZGRlbn0ubXg2c3B3cnAgdGR7ZmxvYXQ6bm9uZSAhaW1wb3J0YW50fS5teDZzcHdycCwubXg2c3B3cnAgZGl2LC5teDZzcHdycCBkaXYgaDMsLm14NnNwd3JwIGRpdiBwe2Rpc3BsYXk6YmxvY2t9Lm14NnNwd3JwIGRpdiB0YWJsZXtkaXNwbGF5OnRhYmxlO3dpZHRoOmF1dG87aGVpZ2h0OmF1dG87cGFkZGluZzowO21hcmdpbjowO2JvcmRlci1zcGFjaW5nOjB9Lm14NnNwd3JwIGRpdiB0YWJsZSB0ciwubXg2c3B3cnAgZGl2IHRhYmxlIHRib2R5IHRye2Rpc3BsYXk6dGFibGUtcm93fS5teDZzcHdycCBkaXYgdGFibGUgdHIgdGQsLm14NnNwd3JwIGRpdiB0YWJsZSB0Ym9keSB0ciB0ZHtkaXNwbGF5OnRhYmxlLWNlbGw7ZmxvYXQ6bm9uZSAhaW1wb3J0YW50O3ZlcnRpY2FsLWFsaWduOnRvcH0ubXg2c3B3cnAgdGFibGUgdGFibGV7d2lkdGg6MTAwJX0ubXg2c3B3cnAsLm14NnNwd3JwIHRoLC5teDZzcHdycCB0ZHtjb2xvcjojMDAwMDAwO2ZvbnQtc2l6ZToxNnB4ICFpbXBvcnRhbnQ7Zm9udC1mYW1pbHk6J+ODkuODqeOCruODjuinkuOCtCBQcm8gVzMnLCdIaXJhZ2lubyBLYWt1IEdvdGhpYyBQcm8nLOODoeOCpOODquOCqixNZWlyeW8sT3Nha2EsJ++8re+8syDvvLDjgrTjgrfjg4Pjgq8nLCdNUyBQR290aGljJyxzYW5zLXNlcmlmO3RleHQtYWxpZ246Y2VudGVyfS5teDZzcHdycCBkaXYgaDMsLm14NnNwd3JwIGRpdiBwLC5teDZzcHdycCBzdHJvbmd7d29yZC13cmFwOmJyZWFrLXdvcmQ7d29yZC1icmVhazpicmVhay1hbGw7cGFkZGluZzowO21hcmdpbi10b3A6MC41ZW07bWFyZ2luLWJvdHRvbTowLjVlbTtsaW5lLWhlaWdodDoxLjQ7dGV4dC1hbGlnbjpsZWZ0O292ZXJmbG93OnZpc2libGV9Lm14NnNwd3JwIGRpdiBoMywubXg2c3B3cnAgc3Ryb25ne2ZvbnQtc2l6ZToxMTclO30ubXg2c3BpbXt2ZXJ0aWNhbC1hbGlnbjp0b3B9Lm14NnNwd3JwIGRpdi5teDZzcGlte21hcmdpbi1sZWZ0OmF1dG87bWFyZ2luLXJpZ2h0OmF1dG87dGV4dC1hbGlnbjpjZW50ZXJ9Lm14NnNwd3JwIHAubXg2c3BpbXt0ZXh0LWFsaWduOmNlbnRlcn0ubXg2c3B3cnAgZGl2IGltZywubXg2c3B3cnAgZGl2IGEgaW1ne2JvcmRlcjpub25lO3ZlcnRpY2FsLWFsaWduOmJvdHRvbX0ubXg2c3B3cnAgZGl2LC5teDZzcHdycCB0YWJsZSB7aGVpZ2h0OmF1dG99Lm14NnNwd3JwIGRpdntvdmVyZmxvdzpoaWRkZW59Lm14NnNwd3JwIGRpdiBkaXZ7b3ZlcmZsb3c6dmlzaWJsZX0ubXg2c3B3cnAgPiBkaXY6YWZ0ZXIsLm14NnNwd3JwID4gdGFibGU6YWZ0ZXIge2NvbnRlbnQ6IiI7ZGlzcGxheTpibG9jaztoZWlnaHQ6MDtjbGVhcjpib3RoO3Zpc2liaWxpdHk6aGlkZGVufS5teDZzcHdycHt3aWR0aDo3MTBweDtoZWlnaHQ6YXV0bztiYWNrZ3JvdW5kOiNmZmZmZmY7bWFyZ2luLWxlZnQ6YXV0bzttYXJnaW4tcmlnaHQ6YXV0bztwYWRkaW5nOjB9I214NnNwYjAsI214NnNwYjF7YmFja2dyb3VuZDp0cmFuc3BhcmVudDtwYWRkaW5nOjVweCAwfSNteDZzcGIwIHRhYmxlLCNteDZzcGIxIHRhYmxle2JvcmRlci1zcGFjaW5nOjEwcHg7bWFyZ2luOi0xMHB4O3dpZHRoOjczMHB4fSNteDZzcGMwLCNteDZzcGMxe3dpZHRoOjcxMHB4O2JhY2tncm91bmQ6dHJhbnNwYXJlbnQ7Ym9yZGVyOnNvbGlkICMwMDAwMDAgMDtwYWRkaW5nOjB9Lm14NnNwaW17d2lkdGg6MTAwJTtoZWlnaHQ6YXV0b30tLT48L3N0eWxlPjwhLS1baWYgZ3RlIElFIDYuMF0+PHN0eWxlPi5teDZzcHdycCwubXg2c3B3cnAgZGl2LC5teDZzcHdycCBoMywubXg2c3B3cnAgcCwubXg2c3B3cnAgdGgsLm14NnNwd3JwIHRke3pvb206MX0ubXg2c3B3cnAsLm14NnNwd3JwIHRoLC5teDZzcHdycCB0ZHtmb250LXNpemU6MTZweCAhaW1wb3J0YW50fS5teDZzcHdycHt3aWR0aDo3MTBweH0jbXg2c3BjMCwjbXg2c3BjMXt3aWR0aDo3MTBweH08L3N0eWxlPjwhW2VuZGlmXS0tPjxkaXYgaWQ9Im14NnNwYjAiPjx0YWJsZSBjZWxsc3BhY2luZz0iMTAiPjx0cj48dGQgaWQ9Im14NnNwYzAiPjxkaXYgY2xhc3M9Im14NnNwaW0iPjxpbWcgc3JjPSJpbmFwYWMvY2FiaW5ldC85dHJrNjEuanBnIj48L2Rpdj48L3RhYmxlPjwvZGl2PjxkaXYgaWQ9Im14NnNwYjEiPjx0YWJsZSBjZWxsc3BhY2luZz0iMTAiPjx0cj48dGQgaWQ9Im14NnNwYzEiPjxkaXYgY2xhc3M9Im14NnNwaW0iPjxpbWcgc3JjPSJpbmFwYWMvY2FiaW5ldC85dHJrNjIuanBnIj48L2Rpdj48L3RhYmxlPjwvZGl2PjwvZGl2Pjx0YWJsZSB3aWR0aD0iNDAwIiBiZ2NvbG9yPSIjZmM4YTgwIiBjZWxsc3BhY2luZz0iMSIgY2VsbHBhZGRpbmc9IjMiPjx0cj48dGggY29sc3Bhbj0iMiIgYWxpZ249ImNlbnRlciIgYmdjb2xvcj0iI2ZlZGJkOSI+PGI+Cjxmb250IGNvbG9yPSIjMzMzMzMzIj7llYblk4HoqbPntLA8L2ZvbnQ+PC9iPjwvdGg+PC90cj48dHI+PHRoIHdpZHRoPSI5NCIgYWxpZ249ImNlbnRlciIgYmdjb2xvcj0iI2ZlZGJkOSI+PGZvbnQgc2l6ZT0iMiIgCmNvbG9yPSIjMzMzMzMzIj7jgrXjgqTjgro8L2ZvbnQ+PC90aD48dGQgd2lkdGg9IjI5MSIgYmdjb2xvcj0iI2ZmZmZmZiI+PGZvbnQgc2l6ZT0iMiIgY29sb3I9IiMzMzMzMzMiPue4puOAgOe0hDkuM+OCu+ODs+ODgeODuzMuNeOCu+ODs+ODgTxiciAvPuaoquOAgCAK57SE77yT77yV44K744Oz44OBPGJyIC8+6ZW344GV44CA57SE77yV77yQ44K744Oz44OBPGJyIC8+6YeN44GV44CA57SEMS4344Kt44OtPGJyIC8+PC9mb250PjwvdGQ+PC90cj48dHI+PHRoIHdpZHRoPSI5NCIgYWxpZ249ImNlbnRlciIgYmdjb2xvcj0iI2ZlZGJkOSI+Cjxmb250IHNpemU9IjIiIGNvbG9yPSIjMzMzMzMzIj7mnZDos6o8L2ZvbnQ+PC90aD48dGQgd2lkdGg9IjI5MSIgYmdjb2xvcj0iI2ZmZmZmZiI+PGZvbnQgc2l6ZT0iMiIgY29sb3I9IiMzMzMzMzMiPuauteODnOODvOODqzwvZm9udD4KPC90ZD48L3RyPjx0cj48dGggd2lkdGg9Ijk0IiBhbGlnbj0iY2VudGVyIiBiZ2NvbG9yPSIjZmVkYmQ5Ij48Zm9udCBzaXplPSIyIiBjb2xvcj0iIzMzMzMzMyI+6ImyPC9mb250PjwvdGg+PHRkIHdpZHRoPSIyOTEiIApiZ2NvbG9yPSIjZmZmZmZmIj48Zm9udCBzaXplPSIyIiBjb2xvcj0iIzMzMzMzMyI+44OK44OB44Ol44Op44Or44Gu44G/PC9mb250PjwvdGQ+PC90cj48dHI+PHRoIHdpZHRoPSI5NCIgYWxpZ249ImNlbnRlciIgCmJnY29sb3I9IiNmZWRiZDkiPjxmb250IHNpemU9IjIiIGNvbG9yPSIjMzMzMzMzIj7llYblk4HoqqzmmI48L2ZvbnQ+PC90aD48dGQgd2lkdGg9IjI5MSIgYmdjb2xvcj0iI2ZmZmZmZiI+PGZvbnQgc2l6ZT0iMiIgCmNvbG9yPSIjMzMzMzMzIj48YnIgLz7ml6XmnKznlKPjga7oia/os6rjgarmrrXjg5zjg7zjg6vjgafjgrfjg7Pjg5fjg6vjgavku5XkuIrjgZLjgb7jgZfjgZ/jgII8YnIgLz4K6YeN44GV44GM44GC44KL44Gu44Gn5a6J5a6a5oSf44GM44GC44KK44CB44GP44G844KT44Gg5omA44Gn5LiA5LyR44G/77yBPGJyIC8+PGJyIC8+PC9mb250PjwvdGQ+PC90cj48L3RhYmxlPjxkaXY+PGltZyBzcmM9Imh0dHA6Ly9pbWFnZS5yYWt1dGVuLmNvLmpwL2luYXBhYy9jYWJpbmV0L3RvcC90aXRsZS1waS5naWYiIGFsdD0i5rOo55uu5ZWG5ZOBIiB3aWR0aD0iNzYwIiBoZWlnaHQ9IjM1Ij48L2Rpdj4=,54yr44Gu54iq44Go44GOICDjg4/jg7zjg5Xjg5HjgqTjg5fjgJDml6XmnKzoo70g54yrIOOBpOOCgeOBqOOBjiDniKrjgajjgY4g54iq56Oo44GNIOeIquOBv+OBjOOBjSDnjKvnlKjlk4Eg5q6144Oc44O844OrICDpgYrjgbPjgJHvvJrjgY/jgonjgbXjgajlt6XmiL/jgq/jg6zjgqLjg6vjgIDmpb3lpKnluILloLTlupc=,54yr44Gu54iq44Go44GOICDjg4/jg7zjg5Xjg5HjgqTjg5fjgJDml6XmnKzoo70g54yrIOOBpOOCgeOBqOOBjiDniKrjgajjgY4g54iq56Oo44GNIOeIquOBv+OBjOOBjSDnjKvnlKjlk4Eg5q6144Oc44O844OrICDpgYrjgbPjgJE=,54yr44Gu54iq44Go44GOICDjg4/jg7zjg5Xjg5HjgqTjg5fjgJDml6XmnKzoo70g54yrIOOBpOOCgeOBqOOBjiDniKrjgajjgY4g54iq56Oo44GNIOeIquOBv+OBjOOBjSDnjKvnlKjlk4Eg5q6144Oc44O844OrICDpgYrjgbPjgJE=[rn]
37-51569,aHR0cDovL3RzaG9wLnIxMHMuanAvaW5hcGFjL2NhYmluZXQvaW1ncmMwMDY5OTQwODIzLmpwZz9maXRpbj03MDA6NzAw,MTE2MC4wMDAw,,44Oa44OD44OI44O744Oa44OD44OI44Kw44OD44K6ID4g44Oa44OD44OI55So44GK5omL5YWl44KM55So5ZOBID4g54iq44Kx44Ki55So5ZOBID4g54yr55So54iq44Go44GO,54yr44Gu54iq44Go44GO44CA44Kt44Oj44OD44OI44K544Oe44Kk44OrIOOAkOaXpeacrOijvSDnjKsg44Gk44KB44Go44GOIOeIquOBqOOBjiDniKrno6jjgY0g54iq44G/44GM44GNIOeMq+eUqOWTgSDmrrXjg5zjg7zjg6sgIOmBiuOBs+OAkQ==,,PGRpdiBjbGFzcz0ncGw2c3B3cnAnPjxzdHlsZT48IS0tLnBsNnNwd3JwIGRpdiwucGw2c3B3cnAgaW1nLC5wbDZzcHdycCB0YWJsZSwucGw2c3B3cnAgdHIsLnBsNnNwd3JwIHRke3dpZHRoOmF1dG87aGVpZ2h0OmF1dG87cGFkZGluZzowO21hcmdpbjowO292ZXJmbG93OmhpZGRlbn0ucGw2c3B3cnAgdGR7ZmxvYXQ6bm9uZSAhaW1wb3J0YW50fS5wbDZzcHdycCwucGw2c3B3cnAgZGl2LC5wbDZzcHdycCBkaXYgaDMsLnBsNnNwd3JwIGRpdiBwe2Rpc3BsYXk6YmxvY2t9LnBsNnNwd3JwIGRpdiB0YWJsZXtkaXNwbGF5OnRhYmxlO3dpZHRoOmF1dG87aGVpZ2h0OmF1dG87cGFkZGluZzowO21hcmdpbjowO2JvcmRlci1zcGFjaW5nOjB9LnBsNnNwd3JwIGRpdiB0YWJsZSB0ciwucGw2c3B3cnAgZGl2IHRhYmxlIHRib2R5IHRye2Rpc3BsYXk6dGFibGUtcm93fS5wbDZzcHdycCBkaXYgdGFibGUgdHIgdGQsLnBsNnNwd3JwIGRpdiB0YWJsZSB0Ym9keSB0ciB0ZHtkaXNwbGF5OnRhYmxlLWNlbGw7ZmxvYXQ6bm9uZSAhaW1wb3J0YW50O3ZlcnRpY2FsLWFsaWduOnRvcH0ucGw2c3B3cnAgdGFibGUgdGFibGV7d2lkdGg6MTAwJX0ucGw2c3B3cnAsLnBsNnNwd3JwIHRoLC5wbDZzcHdycCB0ZHtjb2xvcjojMDAwMDAwO2ZvbnQtc2l6ZToxNnB4ICFpbXBvcnRhbnQ7Zm9udC1mYW1pbHk6J+ODkuODqeOCruODjuinkuOCtCBQcm8gVzMnLCdIaXJhZ2lubyBLYWt1IEdvdGhpYyBQcm8nLOODoeOCpOODquOCqixNZWlyeW8sT3Nha2EsJ++8re+8syDvvLDjgrTjgrfjg4Pjgq8nLCdNUyBQR290aGljJyxzYW5zLXNlcmlmO3RleHQtYWxpZ246Y2VudGVyfS5wbDZzcHdycCBkaXYgaDMsLnBsNnNwd3JwIGRpdiBwLC5wbDZzcHdycCBzdHJvbmd7d29yZC13cmFwOmJyZWFrLXdvcmQ7d29yZC1icmVhazpicmVhay1hbGw7cGFkZGluZzowO21hcmdpbi10b3A6MC41ZW07bWFyZ2luLWJvdHRvbTowLjVlbTtsaW5lLWhlaWdodDoxLjQ7dGV4dC1hbGlnbjpsZWZ0O292ZXJmbG93OnZpc2libGV9LnBsNnNwd3JwIGRpdiBoMywucGw2c3B3cnAgc3Ryb25ne2ZvbnQtc2l6ZToxMTclO30ucGw2c3BpbXt2ZXJ0aWNhbC1hbGlnbjp0b3B9LnBsNnNwd3JwIGRpdi5wbDZzcGlte21hcmdpbi1sZWZ0OmF1dG87bWFyZ2luLXJpZ2h0OmF1dG87dGV4dC1hbGlnbjpjZW50ZXJ9LnBsNnNwd3JwIHAucGw2c3BpbXt0ZXh0LWFsaWduOmNlbnRlcn0ucGw2c3B3cnAgZGl2IGltZywucGw2c3B3cnAgZGl2IGEgaW1ne2JvcmRlcjpub25lO3ZlcnRpY2FsLWFsaWduOmJvdHRvbX0ucGw2c3B3cnAgZGl2LC5wbDZzcHdycCB0YWJsZSB7aGVpZ2h0OmF1dG99LnBsNnNwd3JwIGRpdntvdmVyZmxvdzpoaWRkZW59LnBsNnNwd3JwIGRpdiBkaXZ7b3ZlcmZsb3c6dmlzaWJsZX0ucGw2c3B3cnAgPiBkaXY6YWZ0ZXIsLnBsNnNwd3JwID4gdGFibGU6YWZ0ZXIge2NvbnRlbnQ6IiI7ZGlzcGxheTpibG9jaztoZWlnaHQ6MDtjbGVhcjpib3RoO3Zpc2liaWxpdHk6aGlkZGVufS5wbDZzcHdycHt3aWR0aDo3MTBweDtoZWlnaHQ6YXV0bztiYWNrZ3JvdW5kOiNmZmZmZmY7bWFyZ2luLWxlZnQ6YXV0bzttYXJnaW4tcmlnaHQ6YXV0bztwYWRkaW5nOjB9I3BsNnNwYjAsI3BsNnNwYjF7YmFja2dyb3VuZDp0cmFuc3BhcmVudDtwYWRkaW5nOjVweCAwfSNwbDZzcGIwIHRhYmxlLCNwbDZzcGIxIHRhYmxle2JvcmRlci1zcGFjaW5nOjEwcHg7bWFyZ2luOi0xMHB4O3dpZHRoOjczMHB4fSNwbDZzcGMwLCNwbDZzcGMxe3dpZHRoOjcxMHB4O2JhY2tncm91bmQ6dHJhbnNwYXJlbnQ7Ym9yZGVyOnNvbGlkICMwMDAwMDAgMDtwYWRkaW5nOjB9LnBsNnNwaW17d2lkdGg6MTAwJTtoZWlnaHQ6YXV0b30tLT48L3N0eWxlPjwhLS1baWYgZ3RlIElFIDYuMF0+PHN0eWxlPi5wbDZzcHdycCwucGw2c3B3cnAgZGl2LC5wbDZzcHdycCBoMywucGw2c3B3cnAgcCwucGw2c3B3cnAgdGgsLnBsNnNwd3JwIHRke3pvb206MX0ucGw2c3B3cnAsLnBsNnNwd3JwIHRoLC5wbDZzcHdycCB0ZHtmb250LXNpemU6MTZweCAhaW1wb3J0YW50fS5wbDZzcHdycHt3aWR0aDo3MTBweH0jcGw2c3BjMCwjcGw2c3BjMXt3aWR0aDo3MTBweH08L3N0eWxlPjwhW2VuZGlmXS0tPjxkaXYgaWQ9InBsNnNwYjAiPjx0YWJsZSBjZWxsc3BhY2luZz0iMTAiPjx0cj48dGQgaWQ9InBsNnNwYzAiPjxkaXYgY2xhc3M9InBsNnNwaW0iPjxpbWcgc3JjPSJpbmFwYWMvY2FiaW5ldC9icnJrNjEuanBnIj48L2Rpdj48L3RhYmxlPjwvZGl2PjxkaXYgaWQ9InBsNnNwYjEiPjx0YWJsZSBjZWxsc3BhY2luZz0iMTAiPjx0cj48dGQgaWQ9InBsNnNwYzEiPjxkaXYgY2xhc3M9InBsNnNwaW0iPjxpbWcgc3JjPSJpbmFwYWMvY2FiaW5ldC9icnJrNmEuanBnIj48L2Rpdj48L3RhYmxlPjwvZGl2PjwvZGl2PgoKCgoKPGRpdiBjbGFzcz0ncGY2c3B3cnAnPjxzdHlsZT48IS0tLnBmNnNwd3JwIGRpdiwucGY2c3B3cnAgaW1nLC5wZjZzcHdycCB0YWJsZSwucGY2c3B3cnAgdHIsLnBmNnNwd3JwIHRke3dpZHRoOmF1dG87aGVpZ2h0OmF1dG87cGFkZGluZzowO21hcmdpbjowO292ZXJmbG93OmhpZGRlbn0ucGY2c3B3cnAgdGR7ZmxvYXQ6bm9uZSAhaW1wb3J0YW50fS5wZjZzcHdycCwucGY2c3B3cnAgZGl2LC5wZjZzcHdycCBkaXYgaDMsLnBmNnNwd3JwIGRpdiBwe2Rpc3BsYXk6YmxvY2t9LnBmNnNwd3JwIGRpdiB0YWJsZXtkaXNwbGF5OnRhYmxlO3dpZHRoOmF1dG87aGVpZ2h0OmF1dG87cGFkZGluZzowO21hcmdpbjowO2JvcmRlci1zcGFjaW5nOjB9LnBmNnNwd3JwIGRpdiB0YWJsZSB0ciwucGY2c3B3cnAgZGl2IHRhYmxlIHRib2R5IHRye2Rpc3BsYXk6dGFibGUtcm93fS5wZjZzcHdycCBkaXYgdGFibGUgdHIgdGQsLnBmNnNwd3JwIGRpdiB0YWJsZSB0Ym9keSB0ciB0ZHtkaXNwbGF5OnRhYmxlLWNlbGw7ZmxvYXQ6bm9uZSAhaW1wb3J0YW50O3ZlcnRpY2FsLWFsaWduOnRvcH0ucGY2c3B3cnAgdGFibGUgdGFibGV7d2lkdGg6MTAwJX0ucGY2c3B3cnAsLnBmNnNwd3JwIHRoLC5wZjZzcHdycCB0ZHtjb2xvcjojMDAwMDAwO2ZvbnQtc2l6ZToxNnB4ICFpbXBvcnRhbnQ7Zm9udC1mYW1pbHk6J+ODkuODqeOCruODjuinkuOCtCBQcm8gVzMnLCdIaXJhZ2lubyBLYWt1IEdvdGhpYyBQcm8nLOODoeOCpOODquOCqixNZWlyeW8sT3Nha2EsJ++8re+8syDvvLDjgrTjgrfjg4Pjgq8nLCdNUyBQR290aGljJyxzYW5zLXNlcmlmO3RleHQtYWxpZ246Y2VudGVyfS5wZjZzcHdycCBkaXYgaDMsLnBmNnNwd3JwIGRpdiBwLC5wZjZzcHdycCBzdHJvbmd7d29yZC13cmFwOmJyZWFrLXdvcmQ7d29yZC1icmVhazpicmVhay1hbGw7cGFkZGluZzowO21hcmdpbi10b3A6MC41ZW07bWFyZ2luLWJvdHRvbTowLjVlbTtsaW5lLWhlaWdodDoxLjQ7dGV4dC1hbGlnbjpsZWZ0O292ZXJmbG93OnZpc2libGV9LnBmNnNwd3JwIGRpdiBoMywucGY2c3B3cnAgc3Ryb25ne2ZvbnQtc2l6ZToxMTclO30ucGY2c3BpbXt2ZXJ0aWNhbC1hbGlnbjp0b3B9LnBmNnNwd3JwIGRpdi5wZjZzcGlte21hcmdpbi1sZWZ0OmF1dG87bWFyZ2luLXJpZ2h0OmF1dG87dGV4dC1hbGlnbjpjZW50ZXJ9LnBmNnNwd3JwIHAucGY2c3BpbXt0ZXh0LWFsaWduOmNlbnRlcn0ucGY2c3B3cnAgZGl2IGltZywucGY2c3B3cnAgZGl2IGEgaW1ne2JvcmRlcjpub25lO3ZlcnRpY2FsLWFsaWduOmJvdHRvbX0ucGY2c3B3cnAgZGl2LC5wZjZzcHdycCB0YWJsZSB7aGVpZ2h0OmF1dG99LnBmNnNwd3JwIGRpdntvdmVyZmxvdzpoaWRkZW59LnBmNnNwd3JwIGRpdiBkaXZ7b3ZlcmZsb3c6dmlzaWJsZX0ucGY2c3B3cnAgPiBkaXY6YWZ0ZXIsLnBmNnNwd3JwID4gdGFibGU6YWZ0ZXIge2NvbnRlbnQ6IiI7ZGlzcGxheTpibG9jaztoZWlnaHQ6MDtjbGVhcjpib3RoO3Zpc2liaWxpdHk6aGlkZGVufS5wZjZzcHdycHt3aWR0aDo3MTBweDtoZWlnaHQ6YXV0bztiYWNrZ3JvdW5kOiNmZmZmZmY7bWFyZ2luLWxlZnQ6YXV0bzttYXJnaW4tcmlnaHQ6YXV0bztwYWRkaW5nOjB9I3BmNnNwYjB7YmFja2dyb3VuZDp0cmFuc3BhcmVudDtwYWRkaW5nOjVweCAwfSNwZjZzcGIwIHRhYmxle2JvcmRlci1zcGFjaW5nOjEwcHg7bWFyZ2luOi0xMHB4O3dpZHRoOjczMHB4fSNwZjZzcGMwe3dpZHRoOjcxMHB4O2JhY2tncm91bmQ6dHJhbnNwYXJlbnQ7Ym9yZGVyOnNvbGlkICMwMDAwMDAgMDtwYWRkaW5nOjB9LnBmNnNwaW17d2lkdGg6MTAwJTtoZWlnaHQ6YXV0b30tLT48L3N0eWxlPjwhLS1baWYgZ3RlIElFIDYuMF0+PHN0eWxlPi5wZjZzcHdycCwucGY2c3B3cnAgZGl2LC5wZjZzcHdycCBoMywucGY2c3B3cnAgcCwucGY2c3B3cnAgdGgsLnBmNnNwd3JwIHRke3pvb206MX0ucGY2c3B3cnAsLnBmNnNwd3JwIHRoLC5wZjZzcHdycCB0ZHtmb250LXNpemU6MTZweCAhaW1wb3J0YW50fS5wZjZzcHdycHt3aWR0aDo3MTBweH0jcGY2c3BjMHt3aWR0aDo3MTBweH08L3N0eWxlPjwhW2VuZGlmXS0tPjxkaXYgaWQ9InBmNnNwYjAiPjx0YWJsZSBjZWxsc3BhY2luZz0iMTAiPjx0cj48dGQgaWQ9InBmNnNwYzAiPjxkaXYgY2xhc3M9InBmNnNwaW0iPjxpbWcgc3JjPSJpbmFwYWMvY2FiaW5ldC9ibHJrNjEuanBnIj48L2Rpdj48L3RhYmxlPjwvZGl2PjwvZGl2PgoKCgoKCgo8dGFibGUgd2lkdGg9IjQwMCIgYmdjb2xvcj0iI2ZjOGE4MCIgY2VsbHNwYWNpbmc9IjEiIGNlbGxwYWRkaW5nPSIzIj48dHI+PHRoIGNvbHNwYW49IjIiIGFsaWduPSJjZW50ZXIiIGJnY29sb3I9IiNmZWRiZDkiPjxiPgo8Zm9udCBjb2xvcj0iIzMzMzMzMyI+5ZWG5ZOB6Kmz57SwPC9mb250PjwvYj48L3RoPjwvdHI+PHRyPjx0aCB3aWR0aD0iOTQiIGFsaWduPSJjZW50ZXIiIGJnY29sb3I9IiNmZWRiZDkiPjxmb250IHNpemU9IjIiIApjb2xvcj0iIzMzMzMzMyI+44K144Kk44K6PC9mb250PjwvdGg+PHRkIHdpZHRoPSIyOTEiIGJnY29sb3I9IiNmZmZmZmYiPjxmb250IHNpemU9IjIiIGNvbG9yPSIjMzMzMzMzIj7nuKbvvIjpoZTnnJ/jgpPkuK3pg6jliIbvvInvvJnjgrvjg7Pjg4HjgIDvvIjogLPjgb7jgafvvIkxNOOCu+ODs+ODgQo8YnIgLz7mqKrjgIDvvJPvvJXjgrvjg7Pjg4E8YnIgLz7lpaXooYzjgIDntITvvJXvvJDjgrvjg7Pjg4E8YnIgLz7ph43jgZXjgIDntITvvJLvvIzvvJLjgq3jg608L2ZvbnQ+PC90ZD48L3RyPjx0cj48dGggd2lkdGg9Ijk0IiBhbGlnbj0iY2VudGVyIiAKYmdjb2xvcj0iI2ZlZGJkOSI+PGZvbnQgc2l6ZT0iMiIgY29sb3I9IiMzMzMzMzMiPuadkOizqjwvZm9udD48L3RoPjx0ZCB3aWR0aD0iMjkxIiBiZ2NvbG9yPSIjZmZmZmZmIj48Zm9udCBzaXplPSIyIiBjb2xvcj0iIzMzMzMzMyI+CuauteODnOODvOODq+OAgeODl+ODqeOCueODgeODg+OCr+auteODnOODvOODqzwvZm9udD48L3RkPjwvdHI+PHRyPjx0aCB3aWR0aD0iOTQiIGFsaWduPSJjZW50ZXIiIGJnY29sb3I9IiNmZWRiZDkiPjxmb250IHNpemU9IjIiIGNvbG9yPSIjMzMzMzMzIj4K6ImyPC9mb250PjwvdGg+PHRkIHdpZHRoPSIyOTEiIGJnY29sb3I9IiNmZmZmZmYiPjxmb250IHNpemU9IjIiIGNvbG9yPSIjMzMzMzMzIj7otaTjg7vjg5Tjg7Pjgq/jg7vpu4Tjg7vjgqrjg6zjg7Pjgrjjg7vnt5Hjg7vpnZLjg7vnmb3jg7vpu5Ljg7vjg4rjg4Hjg6Xjg6njg6vjg7vmnKjnm67oqr/jg7vjg5fjg6nmrrUg55m9PGJyIC8+PC9mb250PjwvdGQ+CjwvdHI+PHRyPjx0aCB3aWR0aD0iOTQiIGFsaWduPSJjZW50ZXIiIGJnY29sb3I9IiNmZWRiZDkiPjxmb250IHNpemU9IjIiIGNvbG9yPSIjMzMzMzMzIj7llYblk4HoqqzmmI48L2ZvbnQ+PC90aD48dGQgd2lkdGg9IjI5MSIgCmJnY29sb3I9IiNmZmZmZmYiPjxmb250IHNpemU9IjIiIGNvbG9yPSIjMzMzMzMzIj7jg5Hjg7zjg4Tjgrfjg7zjg6vjgpLosrzjgaPjgabjg43jgrPjgaHjgoPjgpPjga7poZTjgpLkvZzjgaPjgabjga3jgII8YnIgLz7jg4vjgrPjg4vjgrPpoZTjgaflj6/mhJvjgYTniKrjgajjgY7jgafjgZnjgII8YnIgLz7oo4/pnaLjgpLmlLnoia/jgZfjg5njg4Pjg4njgajjgZfjgabjgoLkvb/jgYjjgabntYzmuIjnmoTjgafjgZnjgII8YnIgLz4K44Gp44KT44Gq44GK5a6244Gr44KC5LiH6IO944Gr5ZCI44KP44Gb44KM44KL44Gu44Gn44Gv44Gq44GE44Gn44GX44KH44GG44GL77yfPC9mb250PjwvdGQ+CjwvdHI+PC90YWJsZT48ZGl2PjxpbWcgc3JjPSJodHRwOi8vaW1hZ2UucmFrdXRlbi5jby5qcC9pbmFwYWMvY2FiaW5ldC90b3AvdGl0bGUtcGkuZ2lmIiBhbHQ9IuazqOebruWVhuWTgSIgd2lkdGg9Ijc2MCIgaGVpZ2h0PSIzNSI+PC9kaXY+,54yr44Gu54iq44Go44GO44CA44Kt44Oj44OD44OI44K544Oe44Kk44OrIOOAkOaXpeacrOijvSDnjKsg44Gk44KB44Go44GOIOeIquOBqOOBjiDniKrno6jjgY0g54iq44G/44GM44GNIOeMq+eUqOWTgSDmrrXjg5zjg7zjg6sgIOmBiuOBs+OAke+8muOBj+OCieOBteOBqOW3peaIv+OCr+ODrOOCouODq+OAgOalveWkqeW4guWgtOW6lw==,54yr44Gu54iq44Go44GO44CA44Kt44Oj44OD44OI44K544Oe44Kk44OrIOOAkOaXpeacrOijvSDnjKsg44Gk44KB44Go44GOIOeIquOBqOOBjiDniKrno6jjgY0g54iq44G/44GM44GNIOeMq+eUqOWTgSDmrrXjg5zjg7zjg6sgIOmBiuOBs+OAkQ==,54yr44Gu54iq44Go44GO44CA44Kt44Oj44OD44OI44K544Oe44Kk44OrIOOAkOaXpeacrOijvSDnjKsg44Gk44KB44Go44GOIOeIquOBqOOBjiDniKrno6jjgY0g54iq44G/44GM44GNIOeMq+eUqOWTgSDmrrXjg5zjg7zjg6sgIOmBiuOBs+OAkQ==[rn]
37-51570,aHR0cDovL3RzaG9wLnIxMHMuanAvaW5hcGFjL2NhYmluZXQvMDM1OTc5MzUvMDQ2MjE4NzAvMDQ2MjE4ODcvaW1ncmMwMDc1ODkzMzEwLmpwZz9maXRpbj03MDA6NzAw,MzI4MC4wMDAw,,44Oa44OD44OI44O744Oa44OD44OI44Kw44OD44K6ID4g44Oa44OD44OI55So44GK5omL5YWl44KM55So5ZOBID4g54iq44Kx44Ki55So5ZOBID4g54yr55So54iq44Go44GO,44CQ44GK6LK344GE5b6X44K744OD44OI44CRIOeMq+OBrueIquOBqOOBjuOAgO+8peOCu+ODg+ODiCDjgJDml6XmnKzoo70g54yrIOauteODnOODvOODqyDjg4Djg7Pjg5zjg7zjg6sg54iq44Go44GOIOOBpOOCgeOBqOOBjiDjgYrosrfjgYTlvpcg44GC44Gd44GzIOODquODk+ODs+OCsOOAkQ==,,PGRpdiBjbGFzcz0ncG02c3B3cnAnPjxzdHlsZT48IS0tLnBtNnNwd3JwIGRpdiwucG02c3B3cnAgaW1nLC5wbTZzcHdycCB0YWJsZSwucG02c3B3cnAgdHIsLnBtNnNwd3JwIHRke3dpZHRoOmF1dG87aGVpZ2h0OmF1dG87cGFkZGluZzowO21hcmdpbjowO292ZXJmbG93OmhpZGRlbn0ucG02c3B3cnAgdGR7ZmxvYXQ6bm9uZSAhaW1wb3J0YW50fS5wbTZzcHdycCwucG02c3B3cnAgZGl2LC5wbTZzcHdycCBkaXYgaDMsLnBtNnNwd3JwIGRpdiBwe2Rpc3BsYXk6YmxvY2t9LnBtNnNwd3JwIGRpdiB0YWJsZXtkaXNwbGF5OnRhYmxlO3dpZHRoOmF1dG87aGVpZ2h0OmF1dG87cGFkZGluZzowO21hcmdpbjowO2JvcmRlci1zcGFjaW5nOjB9LnBtNnNwd3JwIGRpdiB0YWJsZSB0ciwucG02c3B3cnAgZGl2IHRhYmxlIHRib2R5IHRye2Rpc3BsYXk6dGFibGUtcm93fS5wbTZzcHdycCBkaXYgdGFibGUgdHIgdGQsLnBtNnNwd3JwIGRpdiB0YWJsZSB0Ym9keSB0ciB0ZHtkaXNwbGF5OnRhYmxlLWNlbGw7ZmxvYXQ6bm9uZSAhaW1wb3J0YW50O3ZlcnRpY2FsLWFsaWduOnRvcH0ucG02c3B3cnAgdGFibGUgdGFibGV7d2lkdGg6MTAwJX0ucG02c3B3cnAsLnBtNnNwd3JwIHRoLC5wbTZzcHdycCB0ZHtjb2xvcjojMDAwMDAwO2ZvbnQtc2l6ZToxNnB4ICFpbXBvcnRhbnQ7Zm9udC1mYW1pbHk6J+ODkuODqeOCruODjuinkuOCtCBQcm8gVzMnLCdIaXJhZ2lubyBLYWt1IEdvdGhpYyBQcm8nLOODoeOCpOODquOCqixNZWlyeW8sT3Nha2EsJ++8re+8syDvvLDjgrTjgrfjg4Pjgq8nLCdNUyBQR290aGljJyxzYW5zLXNlcmlmO3RleHQtYWxpZ246Y2VudGVyfS5wbTZzcHdycCBkaXYgaDMsLnBtNnNwd3JwIGRpdiBwLC5wbTZzcHdycCBzdHJvbmd7d29yZC13cmFwOmJyZWFrLXdvcmQ7d29yZC1icmVhazpicmVhay1hbGw7cGFkZGluZzowO21hcmdpbi10b3A6MC41ZW07bWFyZ2luLWJvdHRvbTowLjVlbTtsaW5lLWhlaWdodDoxLjQ7dGV4dC1hbGlnbjpsZWZ0O292ZXJmbG93OnZpc2libGV9LnBtNnNwd3JwIGRpdiBoMywucG02c3B3cnAgc3Ryb25ne2ZvbnQtc2l6ZToxMTclO30ucG02c3BpbXt2ZXJ0aWNhbC1hbGlnbjp0b3B9LnBtNnNwd3JwIGRpdi5wbTZzcGlte21hcmdpbi1sZWZ0OmF1dG87bWFyZ2luLXJpZ2h0OmF1dG87dGV4dC1hbGlnbjpjZW50ZXJ9LnBtNnNwd3JwIHAucG02c3BpbXt0ZXh0LWFsaWduOmNlbnRlcn0ucG02c3B3cnAgZGl2IGltZywucG02c3B3cnAgZGl2IGEgaW1ne2JvcmRlcjpub25lO3ZlcnRpY2FsLWFsaWduOmJvdHRvbX0ucG02c3B3cnAgZGl2LC5wbTZzcHdycCB0YWJsZSB7aGVpZ2h0OmF1dG99LnBtNnNwd3JwIGRpdntvdmVyZmxvdzpoaWRkZW59LnBtNnNwd3JwIGRpdiBkaXZ7b3ZlcmZsb3c6dmlzaWJsZX0ucG02c3B3cnAgPiBkaXY6YWZ0ZXIsLnBtNnNwd3JwID4gdGFibGU6YWZ0ZXIge2NvbnRlbnQ6IiI7ZGlzcGxheTpibG9jaztoZWlnaHQ6MDtjbGVhcjpib3RoO3Zpc2liaWxpdHk6aGlkZGVufS5wbTZzcHdycHt3aWR0aDo3MTBweDtoZWlnaHQ6YXV0bztiYWNrZ3JvdW5kOiNmZmZmZmY7bWFyZ2luLWxlZnQ6YXV0bzttYXJnaW4tcmlnaHQ6YXV0bztwYWRkaW5nOjB9I3BtNnNwYjB7YmFja2dyb3VuZDp0cmFuc3BhcmVudDtwYWRkaW5nOjVweCAwfSNwbTZzcGIwIHRhYmxle2JvcmRlci1zcGFjaW5nOjEwcHg7bWFyZ2luOi0xMHB4O3dpZHRoOjczMHB4fSNwbTZzcGMwe3dpZHRoOjcxMHB4O2JhY2tncm91bmQ6dHJhbnNwYXJlbnQ7Ym9yZGVyOnNvbGlkICMwMDAwMDAgMDtwYWRkaW5nOjB9LnBtNnNwaW17d2lkdGg6MTAwJTtoZWlnaHQ6YXV0b30tLT48L3N0eWxlPjwhLS1baWYgZ3RlIElFIDYuMF0+PHN0eWxlPi5wbTZzcHdycCwucG02c3B3cnAgZGl2LC5wbTZzcHdycCBoMywucG02c3B3cnAgcCwucG02c3B3cnAgdGgsLnBtNnNwd3JwIHRke3pvb206MX0ucG02c3B3cnAsLnBtNnNwd3JwIHRoLC5wbTZzcHdycCB0ZHtmb250LXNpemU6MTZweCAhaW1wb3J0YW50fS5wbTZzcHdycHt3aWR0aDo3MTBweH0jcG02c3BjMHt3aWR0aDo3MTBweH08L3N0eWxlPjwhW2VuZGlmXS0tPjxkaXYgaWQ9InBtNnNwYjAiPjx0YWJsZSBjZWxsc3BhY2luZz0iMTAiPjx0cj48dGQgaWQ9InBtNnNwYzAiPjxkaXYgY2xhc3M9InBtNnNwaW0iPjxpbWcgc3JjPSJpbmFwYWMvY2FiaW5ldC9ic3JrNjYuanBnIj48L2Rpdj48L3RhYmxlPjwvZGl2PjwvZGl2PjxkaXY+PGltZyBzcmM9Imh0dHA6Ly9pbWFnZS5yYWt1dGVuLmNvLmpwL2luYXBhYy9jYWJpbmV0L3RvcC90aXRsZS1waS5naWYiIGFsdD0i5rOo55uu5ZWG5ZOBIiB3aWR0aD0iNzYwIiBoZWlnaHQ9IjM1Ij48L2Rpdj4=,44CQ44GK6LK344GE5b6X44K744OD44OI44CRIOeMq+OBrueIquOBqOOBjuOAgO+8peOCu+ODg+ODiCDjgJDml6XmnKzoo70g54yrIOauteODnOODvOODqyDjg4Djg7Pjg5zjg7zjg6sg54iq44Go44GOIOOBpOOCgeOBqOOBjiDjgYrosrfjgYTlvpcg44GC44Gd44GzIOODquODk+ODs+OCsOOAke+8muOBj+OCieOBteOBqOW3peaIv+OCr+ODrOOCouODq+OAgOalveWkqeW4guWgtOW6lw==,44CQ44GK6LK344GE5b6X44K744OD44OI44CRIOeMq+OBrueIquOBqOOBjuOAgO+8peOCu+ODg+ODiCDjgJDml6XmnKzoo70g54yrIOauteODnOODvOODqyDjg4Djg7Pjg5zjg7zjg6sg54iq44Go44GOIOOBpOOCgeOBqOOBjiDjgYrosrfjgYTlvpcg44GC44Gd44GzIOODquODk+ODs+OCsOOAkQ==,44CQ44GK6LK344GE5b6X44K744OD44OI44CRIOeMq+OBrueIquOBqOOBjuOAgO+8peOCu+ODg+ODiCDjgJDml6XmnKzoo70g54yrIOauteODnOODvOODqyDjg4Djg7Pjg5zjg7zjg6sg54iq44Go44GOIOOBpOOCgeOBqOOBjiDjgYrosrfjgYTlvpcg44GC44Gd44GzIOODquODk+ODs+OCsOOAkQ==[rn]
37-51571,aHR0cDovL3RzaG9wLnIxMHMuanAvaW5hcGFjL2NhYmluZXQvMDM1OTc5MzUvaW1ncmMwMDcxMjM1OTI0LmpwZz9maXRpbj03MDA6NzAw,MjY0MC4wMDAw,,44Oa44OD44OI44O744Oa44OD44OI44Kw44OD44K6ID4g44Oa44OD44OI55So44GK5omL5YWl44KM55So5ZOBID4g54iq44Kx44Ki55So5ZOBID4g54yr55So54iq44Go44GO,44CQ44GK6LK344GE5b6X44K744OD44OI44CRIOeMq+OBrueIquOBqOOBjuOAgO+8o+OCu+ODg+ODiCDjgJDml6XmnKzoo70g54yrIOauteODnOODvOODqyDjg4Djg7Pjg5zjg7zjg6sg54iq44Go44GOIOOBpOOCgeOBqOOBjiDjgYrosrfjgYTlvpcg44GC44Gd44GzIOODquODk+ODs+OCsOOAkQ==,,PGRpdiBjbGFzcz0ncG02c3B3cnAnPjxzdHlsZT48IS0tLnBtNnNwd3JwIGRpdiwucG02c3B3cnAgaW1nLC5wbTZzcHdycCB0YWJsZSwucG02c3B3cnAgdHIsLnBtNnNwd3JwIHRke3dpZHRoOmF1dG87aGVpZ2h0OmF1dG87cGFkZGluZzowO21hcmdpbjowO292ZXJmbG93OmhpZGRlbn0ucG02c3B3cnAgdGR7ZmxvYXQ6bm9uZSAhaW1wb3J0YW50fS5wbTZzcHdycCwucG02c3B3cnAgZGl2LC5wbTZzcHdycCBkaXYgaDMsLnBtNnNwd3JwIGRpdiBwe2Rpc3BsYXk6YmxvY2t9LnBtNnNwd3JwIGRpdiB0YWJsZXtkaXNwbGF5OnRhYmxlO3dpZHRoOmF1dG87aGVpZ2h0OmF1dG87cGFkZGluZzowO21hcmdpbjowO2JvcmRlci1zcGFjaW5nOjB9LnBtNnNwd3JwIGRpdiB0YWJsZSB0ciwucG02c3B3cnAgZGl2IHRhYmxlIHRib2R5IHRye2Rpc3BsYXk6dGFibGUtcm93fS5wbTZzcHdycCBkaXYgdGFibGUgdHIgdGQsLnBtNnNwd3JwIGRpdiB0YWJsZSB0Ym9keSB0ciB0ZHtkaXNwbGF5OnRhYmxlLWNlbGw7ZmxvYXQ6bm9uZSAhaW1wb3J0YW50O3ZlcnRpY2FsLWFsaWduOnRvcH0ucG02c3B3cnAgdGFibGUgdGFibGV7d2lkdGg6MTAwJX0ucG02c3B3cnAsLnBtNnNwd3JwIHRoLC5wbTZzcHdycCB0ZHtjb2xvcjojMDAwMDAwO2ZvbnQtc2l6ZToxNnB4ICFpbXBvcnRhbnQ7Zm9udC1mYW1pbHk6J+ODkuODqeOCruODjuinkuOCtCBQcm8gVzMnLCdIaXJhZ2lubyBLYWt1IEdvdGhpYyBQcm8nLOODoeOCpOODquOCqixNZWlyeW8sT3Nha2EsJ++8re+8syDvvLDjgrTjgrfjg4Pjgq8nLCdNUyBQR290aGljJyxzYW5zLXNlcmlmO3RleHQtYWxpZ246Y2VudGVyfS5wbTZzcHdycCBkaXYgaDMsLnBtNnNwd3JwIGRpdiBwLC5wbTZzcHdycCBzdHJvbmd7d29yZC13cmFwOmJyZWFrLXdvcmQ7d29yZC1icmVhazpicmVhay1hbGw7cGFkZGluZzowO21hcmdpbi10b3A6MC41ZW07bWFyZ2luLWJvdHRvbTowLjVlbTtsaW5lLWhlaWdodDoxLjQ7dGV4dC1hbGlnbjpsZWZ0O292ZXJmbG93OnZpc2libGV9LnBtNnNwd3JwIGRpdiBoMywucG02c3B3cnAgc3Ryb25ne2ZvbnQtc2l6ZToxMTclO30ucG02c3BpbXt2ZXJ0aWNhbC1hbGlnbjp0b3B9LnBtNnNwd3JwIGRpdi5wbTZzcGlte21hcmdpbi1sZWZ0OmF1dG87bWFyZ2luLXJpZ2h0OmF1dG87dGV4dC1hbGlnbjpjZW50ZXJ9LnBtNnNwd3JwIHAucG02c3BpbXt0ZXh0LWFsaWduOmNlbnRlcn0ucG02c3B3cnAgZGl2IGltZywucG02c3B3cnAgZGl2IGEgaW1ne2JvcmRlcjpub25lO3ZlcnRpY2FsLWFsaWduOmJvdHRvbX0ucG02c3B3cnAgZGl2LC5wbTZzcHdycCB0YWJsZSB7aGVpZ2h0OmF1dG99LnBtNnNwd3JwIGRpdntvdmVyZmxvdzpoaWRkZW59LnBtNnNwd3JwIGRpdiBkaXZ7b3ZlcmZsb3c6dmlzaWJsZX0ucG02c3B3cnAgPiBkaXY6YWZ0ZXIsLnBtNnNwd3JwID4gdGFibGU6YWZ0ZXIge2NvbnRlbnQ6IiI7ZGlzcGxheTpibG9jaztoZWlnaHQ6MDtjbGVhcjpib3RoO3Zpc2liaWxpdHk6aGlkZGVufS5wbTZzcHdycHt3aWR0aDo3MTBweDtoZWlnaHQ6YXV0bztiYWNrZ3JvdW5kOiNmZmZmZmY7bWFyZ2luLWxlZnQ6YXV0bzttYXJnaW4tcmlnaHQ6YXV0bztwYWRkaW5nOjB9I3BtNnNwYjB7YmFja2dyb3VuZDp0cmFuc3BhcmVudDtwYWRkaW5nOjVweCAwfSNwbTZzcGIwIHRhYmxle2JvcmRlci1zcGFjaW5nOjEwcHg7bWFyZ2luOi0xMHB4O3dpZHRoOjczMHB4fSNwbTZzcGMwe3dpZHRoOjcxMHB4O2JhY2tncm91bmQ6dHJhbnNwYXJlbnQ7Ym9yZGVyOnNvbGlkICMwMDAwMDAgMDtwYWRkaW5nOjB9LnBtNnNwaW17d2lkdGg6MTAwJTtoZWlnaHQ6YXV0b30tLT48L3N0eWxlPjwhLS1baWYgZ3RlIElFIDYuMF0+PHN0eWxlPi5wbTZzcHdycCwucG02c3B3cnAgZGl2LC5wbTZzcHdycCBoMywucG02c3B3cnAgcCwucG02c3B3cnAgdGgsLnBtNnNwd3JwIHRke3pvb206MX0ucG02c3B3cnAsLnBtNnNwd3JwIHRoLC5wbTZzcHdycCB0ZHtmb250LXNpemU6MTZweCAhaW1wb3J0YW50fS5wbTZzcHdycHt3aWR0aDo3MTBweH0jcG02c3BjMHt3aWR0aDo3MTBweH08L3N0eWxlPjwhW2VuZGlmXS0tPjxkaXYgaWQ9InBtNnNwYjAiPjx0YWJsZSBjZWxsc3BhY2luZz0iMTAiPjx0cj48dGQgaWQ9InBtNnNwYzAiPjxkaXYgY2xhc3M9InBtNnNwaW0iPjxpbWcgc3JjPSJpbmFwYWMvY2FiaW5ldC9ic3JrNjYuanBnIj48L2Rpdj48L3RhYmxlPjwvZGl2PjwvZGl2PjxkaXY+PGltZyBzcmM9Imh0dHA6Ly9pbWFnZS5yYWt1dGVuLmNvLmpwL2luYXBhYy9jYWJpbmV0L3RvcC90aXRsZS1waS5naWYiIGFsdD0i5rOo55uu5ZWG5ZOBIiB3aWR0aD0iNzYwIiBoZWlnaHQ9IjM1Ij48L2Rpdj4=,44CQ44GK6LK344GE5b6X44K744OD44OI44CRIOeMq+OBrueIquOBqOOBjuOAgO+8o+OCu+ODg+ODiCDjgJDml6XmnKzoo70g54yrIOauteODnOODvOODqyDjg4Djg7Pjg5zjg7zjg6sg54iq44Go44GOIOOBpOOCgeOBqOOBjiDjgYrosrfjgYTlvpcg44GC44Gd44GzIOODquODk+ODs+OCsOOAke+8muOBj+OCieOBteOBqOW3peaIv+OCr+ODrOOCouODq+OAgOalveWkqeW4guWgtOW6lw==,44CQ44GK6LK344GE5b6X44K744OD44OI44CRIOeMq+OBrueIquOBqOOBjuOAgO+8o+OCu+ODg+ODiCDjgJDml6XmnKzoo70g54yrIOauteODnOODvOODqyDjg4Djg7Pjg5zjg7zjg6sg54iq44Go44GOIOOBpOOCgeOBqOOBjiDjgYrosrfjgYTlvpcg44GC44Gd44GzIOODquODk+ODs+OCsOOAkQ==,44CQ44GK6LK344GE5b6X44K744OD44OI44CRIOeMq+OBrueIquOBqOOBjuOAgO+8o+OCu+ODg+ODiCDjgJDml6XmnKzoo70g54yrIOauteODnOODvOODqyDjg4Djg7Pjg5zjg7zjg6sg54iq44Go44GOIOOBpOOCgeOBqOOBjiDjgYrosrfjgYTlvpcg44GC44Gd44GzIOODquODk+ODs+OCsOOAkQ==[rn]
37-51572,aHR0cDovL3RzaG9wLnIxMHMuanAvaW5hcGFjL2NhYmluZXQvaW1ncmMwMDc1NDExMzE2LmpwZz9maXRpbj03MDA6NzAw,MjcyMC4wMDAw,,44Oa44OD44OI44O744Oa44OD44OI44Kw44OD44K6ID4g44Oa44OD44OI55So44GK5omL5YWl44KM55So5ZOBID4g54iq44Kx44Ki55So5ZOBID4g54yr55So54iq44Go44GO,54yr44Gu44Gk44KB44Go44GOIOODquODqeODg+OCr+OCueODiOODs+ODjeODqyDjgJDml6XmnKzoo70g54yrIOOBpOOCgeOBqOOBjiDniKrjgajjgY4g54iq56Oo44GNIOeIquOBv+OBjOOBjSDnjKvnlKjlk4Eg5q6144Oc44O844OrIOODiOODs+ODjeODqyDpgYrjgbPjgJE=,,PGRpdiBjbGFzcz0neWE2c3B3cnAnPjxzdHlsZT48IS0tLnlhNnNwd3JwIGRpdiwueWE2c3B3cnAgaW1nLC55YTZzcHdycCB0YWJsZSwueWE2c3B3cnAgdHIsLnlhNnNwd3JwIHRke3dpZHRoOmF1dG87aGVpZ2h0OmF1dG87cGFkZGluZzowO21hcmdpbjowO292ZXJmbG93OmhpZGRlbn0ueWE2c3B3cnAgdGR7ZmxvYXQ6bm9uZSAhaW1wb3J0YW50fS55YTZzcHdycCwueWE2c3B3cnAgZGl2LC55YTZzcHdycCBkaXYgaDMsLnlhNnNwd3JwIGRpdiBwe2Rpc3BsYXk6YmxvY2t9LnlhNnNwd3JwIGRpdiB0YWJsZXtkaXNwbGF5OnRhYmxlO3dpZHRoOmF1dG87aGVpZ2h0OmF1dG87cGFkZGluZzowO21hcmdpbjowO2JvcmRlci1zcGFjaW5nOjB9LnlhNnNwd3JwIGRpdiB0YWJsZSB0ciwueWE2c3B3cnAgZGl2IHRhYmxlIHRib2R5IHRye2Rpc3BsYXk6dGFibGUtcm93fS55YTZzcHdycCBkaXYgdGFibGUgdHIgdGQsLnlhNnNwd3JwIGRpdiB0YWJsZSB0Ym9keSB0ciB0ZHtkaXNwbGF5OnRhYmxlLWNlbGw7ZmxvYXQ6bm9uZSAhaW1wb3J0YW50O3ZlcnRpY2FsLWFsaWduOnRvcH0ueWE2c3B3cnAgdGFibGUgdGFibGV7d2lkdGg6MTAwJX0ueWE2c3B3cnAsLnlhNnNwd3JwIHRoLC55YTZzcHdycCB0ZHtjb2xvcjojMDAwMDAwO2ZvbnQtc2l6ZToxNnB4ICFpbXBvcnRhbnQ7Zm9udC1mYW1pbHk6J+ODkuODqeOCruODjuinkuOCtCBQcm8gVzMnLCdIaXJhZ2lubyBLYWt1IEdvdGhpYyBQcm8nLOODoeOCpOODquOCqixNZWlyeW8sT3Nha2EsJ++8re+8syDvvLDjgrTjgrfjg4Pjgq8nLCdNUyBQR290aGljJyxzYW5zLXNlcmlmO3RleHQtYWxpZ246Y2VudGVyfS55YTZzcHdycCBkaXYgaDMsLnlhNnNwd3JwIGRpdiBwLC55YTZzcHdycCBzdHJvbmd7d29yZC13cmFwOmJyZWFrLXdvcmQ7d29yZC1icmVhazpicmVhay1hbGw7cGFkZGluZzowO21hcmdpbi10b3A6MC41ZW07bWFyZ2luLWJvdHRvbTowLjVlbTtsaW5lLWhlaWdodDoxLjQ7dGV4dC1hbGlnbjpsZWZ0O292ZXJmbG93OnZpc2libGV9LnlhNnNwd3JwIGRpdiBoMywueWE2c3B3cnAgc3Ryb25ne2ZvbnQtc2l6ZToxMTclO30ueWE2c3BpbXt2ZXJ0aWNhbC1hbGlnbjp0b3B9LnlhNnNwd3JwIGRpdi55YTZzcGlte21hcmdpbi1sZWZ0OmF1dG87bWFyZ2luLXJpZ2h0OmF1dG87dGV4dC1hbGlnbjpjZW50ZXJ9LnlhNnNwd3JwIHAueWE2c3BpbXt0ZXh0LWFsaWduOmNlbnRlcn0ueWE2c3B3cnAgZGl2IGltZywueWE2c3B3cnAgZGl2IGEgaW1ne2JvcmRlcjpub25lO3ZlcnRpY2FsLWFsaWduOmJvdHRvbX0ueWE2c3B3cnAgZGl2LC55YTZzcHdycCB0YWJsZSB7aGVpZ2h0OmF1dG99LnlhNnNwd3JwIGRpdntvdmVyZmxvdzpoaWRkZW59LnlhNnNwd3JwIGRpdiBkaXZ7b3ZlcmZsb3c6dmlzaWJsZX0ueWE2c3B3cnAgPiBkaXY6YWZ0ZXIsLnlhNnNwd3JwID4gdGFibGU6YWZ0ZXIge2NvbnRlbnQ6IiI7ZGlzcGxheTpibG9jaztoZWlnaHQ6MDtjbGVhcjpib3RoO3Zpc2liaWxpdHk6aGlkZGVufS55YTZzcHdycHt3aWR0aDo3MTBweDtoZWlnaHQ6YXV0bztiYWNrZ3JvdW5kOiNmZmZmZmY7bWFyZ2luLWxlZnQ6YXV0bzttYXJnaW4tcmlnaHQ6YXV0bztwYWRkaW5nOjB9I3lhNnNwYjB7YmFja2dyb3VuZDp0cmFuc3BhcmVudDtwYWRkaW5nOjVweCAwfSN5YTZzcGIwIHRhYmxle2JvcmRlci1zcGFjaW5nOjEwcHg7bWFyZ2luOi0xMHB4O3dpZHRoOjczMHB4fSN5YTZzcGMwe3dpZHRoOjcxMHB4O2JhY2tncm91bmQ6dHJhbnNwYXJlbnQ7Ym9yZGVyOnNvbGlkICMwMDAwMDAgMDtwYWRkaW5nOjB9LnlhNnNwaW17d2lkdGg6MTAwJTtoZWlnaHQ6YXV0b30tLT48L3N0eWxlPjwhLS1baWYgZ3RlIElFIDYuMF0+PHN0eWxlPi55YTZzcHdycCwueWE2c3B3cnAgZGl2LC55YTZzcHdycCBoMywueWE2c3B3cnAgcCwueWE2c3B3cnAgdGgsLnlhNnNwd3JwIHRke3pvb206MX0ueWE2c3B3cnAsLnlhNnNwd3JwIHRoLC55YTZzcHdycCB0ZHtmb250LXNpemU6MTZweCAhaW1wb3J0YW50fS55YTZzcHdycHt3aWR0aDo3MTBweH0jeWE2c3BjMHt3aWR0aDo3MTBweH08L3N0eWxlPjwhW2VuZGlmXS0tPjxkaXYgaWQ9InlhNnNwYjAiPjx0YWJsZSBjZWxsc3BhY2luZz0iMTAiPjx0cj48dGQgaWQ9InlhNnNwYzAiPjxkaXYgY2xhc3M9InlhNnNwaW0iPjxpbWcgc3JjPSJpbmFwYWMvY2FiaW5ldC9pY3JrNjEuanBnIj48L2Rpdj48L3RhYmxlPjwvZGl2PjwvZGl2Pjx0YWJsZSB3aWR0aD0iNDAwIiBiZ2NvbG9yPSIjZmM4YTgwIiBjZWxsc3BhY2luZz0iMSIgY2VsbHBhZGRpbmc9IjMiPjx0cj48dGggY29sc3Bhbj0iMiIgYWxpZ249ImNlbnRlciIgYmdjb2xvcj0iI2ZlZGJkOSI+PGI+Cjxmb250IGNvbG9yPSIjMzMzMzMzIj7llYblk4HoqbPntLA8L2ZvbnQ+PC9iPjwvdGg+PC90cj48dHI+PHRoIHdpZHRoPSI5NCIgYWxpZ249ImNlbnRlciIgYmdjb2xvcj0iI2ZlZGJkOSI+PGZvbnQgc2l6ZT0iMiIgCmNvbG9yPSIjMzMzMzMzIj7jgrXjgqTjgro8L2ZvbnQ+PC90aD48dGQgd2lkdGg9IjI5MSIgYmdjb2xvcj0iI2ZmZmZmZiI+PGZvbnQgc2l6ZT0iMiIgY29sb3I9IiMzMzMzMzMiPue4piA1MOOCu+ODs+ODgeOAgOOAgOaoqiA0MOOCu+ODs+ODgQo8YnIgLz7lpaXooYzjgIDntIQ0NeOCu+ODs+ODgTxiciAvPjwvZm9udD48L3RkPjwvdHI+PHRyPjx0aCB3aWR0aD0iOTQiIAphbGlnbj0iY2VudGVyIiBiZ2NvbG9yPSIjZmVkYmQ5Ij48Zm9udCBzaXplPSIyIiBjb2xvcj0iIzMzMzMzMyI+5p2Q6LOqPC9mb250PjwvdGg+PHRkIHdpZHRoPSIyOTEiIGJnY29sb3I9IiNmZmZmZmYiPjxmb250IHNpemU9IjIiIApjb2xvcj0iIzMzMzMzMyI+5q6144Oc44O844OrPC9mb250PjwvdGQ+PC90cj48dHI+PHRoIHdpZHRoPSI5NCIgYWxpZ249ImNlbnRlciIgYmdjb2xvcj0iI2ZlZGJkOSI+PGZvbnQgc2l6ZT0iMiIgCmNvbG9yPSIjMzMzMzMzIj7oibI8L2ZvbnQ+PC90aD48dGQgd2lkdGg9IjI5MSIgYmdjb2xvcj0iI2ZmZmZmZiI+PGZvbnQgc2l6ZT0iMiIgY29sb3I9IiMzMzMzMzMiPui1pOOAgeeZveOAgeODiuODgeODpeODqeODq+OAgeacqOebruiqvwo8L2ZvbnQ+PC90ZD48L3RyPjx0cj48dGggd2lkdGg9Ijk0IiBhbGlnbj0iY2VudGVyIiBiZ2NvbG9yPSIjZmVkYmQ5Ij48Zm9udCBzaXplPSIyIiBjb2xvcj0iIzMzMzMzMyI+5ZWG5ZOB6Kqs5piOPC9mb250PjwvdGg+PHRkIAp3aWR0aD0iMjkxIiBiZ2NvbG9yPSIjZmZmZmZmIj48Zm9udCBzaXplPSIyIiBjb2xvcj0iIzMzMzMzMyI+5aSn5Lq65rCX44Gu44KG44Gj44Gf44KK44OZ44OD44OJ44Go77yo44OZ44OD44OJ44KS57WE44G/5ZCI44KP44Gb44Gm44CB54yr44Gh44KD44KT44Gu5aSn5aW944GN44Gq44OI44Oz44ON44Or44KC44OX44Op44K544GX44G+44GX44Gf77yBPGJyPuODiOODs+ODjeODq+OBp+mBiuOBueOBpuOAgeOChuOBo+OBn+OCiuOBiuaYvOWvneOCguOBp+OBjeOCi+eMq+OBoeOCg+OCk+Wkp+a6gOi2s+OBrueIquOBqOOBjuOBp+OBmeOAgjxicj4gPC9mb250PjwvdGQ+PC90cj48L3RhYmxlPjxkaXY+PGltZyBzcmM9Imh0dHA6Ly9pbWFnZS5yYWt1dGVuLmNvLmpwL2luYXBhYy9jYWJpbmV0L3RvcC90aXRsZS1waS5naWYiIGFsdD0i5rOo55uu5ZWG5ZOBIiB3aWR0aD0iNzYwIiBoZWlnaHQ9IjM1Ij48L2Rpdj4=,54yr44Gu44Gk44KB44Go44GOIOODquODqeODg+OCr+OCueODiOODs+ODjeODqyDjgJDml6XmnKzoo70g54yrIOOBpOOCgeOBqOOBjiDniKrjgajjgY4g54iq56Oo44GNIOeIquOBv+OBjOOBjSDnjKvnlKjlk4Eg5q6144Oc44O844OrIOODiOODs+ODjeODqyDpgYrjgbPjgJHvvJrjgY/jgonjgbXjgajlt6XmiL/jgq/jg6zjgqLjg6vjgIDmpb3lpKnluILloLTlupc=,54yr44Gu44Gk44KB44Go44GOIOODquODqeODg+OCr+OCueODiOODs+ODjeODqyDjgJDml6XmnKzoo70g54yrIOOBpOOCgeOBqOOBjiDniKrjgajjgY4g54iq56Oo44GNIOeIquOBv+OBjOOBjSDnjKvnlKjlk4Eg5q6144Oc44O844OrIOODiOODs+ODjeODqyDpgYrjgbPjgJE=,54yr44Gu44Gk44KB44Go44GOIOODquODqeODg+OCr+OCueODiOODs+ODjeODqyDjgJDml6XmnKzoo70g54yrIOOBpOOCgeOBqOOBjiDniKrjgajjgY4g54iq56Oo44GNIOeIquOBv+OBjOOBjSDnjKvnlKjlk4Eg5q6144Oc44O844OrIOODiOODs+ODjeODqyDpgYrjgbPjgJE=[rn]
37-51573,aHR0cDovL3RzaG9wLnIxMHMuanAvaW5hcGFjL2NhYmluZXQvaW1ncmMwMDcxMDI3OTU1LmpwZz9maXRpbj03MDA6NzAw,NjgwLjAwMDA=,,44Oa44OD44OI44O744Oa44OD44OI44Kw44OD44K6ID4g44Oa44OD44OI55So44GK5omL5YWl44KM55So5ZOBID4g54iq44Kx44Ki55So5ZOBID4g54yr55So54iq44Go44GO,54yr44Gu54iq44Go44GO44CA6Kmw5pu/44K544OG44Kj44OD44Kv44CA6ZW344GV77yT77yV772D772N44CQ5pel5pys6KO9IOeMqyDjgaTjgoHjgajjgY4g54iq44Go44GOIOeIquejqOOBjSDniKrjgb/jgYzjgY0g54yr55So5ZOBIOauteODnOODvOODqyDoqbDmm7/jgYgg6YGK44Gz44CR,,PGRpdiBjbGFzcz0ndG02c3B3cnAnPjxzdHlsZT48IS0tLnRtNnNwd3JwIGRpdiwudG02c3B3cnAgaW1nLC50bTZzcHdycCB0YWJsZSwudG02c3B3cnAgdHIsLnRtNnNwd3JwIHRke3dpZHRoOmF1dG87aGVpZ2h0OmF1dG87cGFkZGluZzowO21hcmdpbjowO292ZXJmbG93OmhpZGRlbn0udG02c3B3cnAgdGR7ZmxvYXQ6bm9uZSAhaW1wb3J0YW50fS50bTZzcHdycCwudG02c3B3cnAgZGl2LC50bTZzcHdycCBkaXYgaDMsLnRtNnNwd3JwIGRpdiBwe2Rpc3BsYXk6YmxvY2t9LnRtNnNwd3JwIGRpdiB0YWJsZXtkaXNwbGF5OnRhYmxlO3dpZHRoOmF1dG87aGVpZ2h0OmF1dG87cGFkZGluZzowO21hcmdpbjowO2JvcmRlci1zcGFjaW5nOjB9LnRtNnNwd3JwIGRpdiB0YWJsZSB0ciwudG02c3B3cnAgZGl2IHRhYmxlIHRib2R5IHRye2Rpc3BsYXk6dGFibGUtcm93fS50bTZzcHdycCBkaXYgdGFibGUgdHIgdGQsLnRtNnNwd3JwIGRpdiB0YWJsZSB0Ym9keSB0ciB0ZHtkaXNwbGF5OnRhYmxlLWNlbGw7ZmxvYXQ6bm9uZSAhaW1wb3J0YW50O3ZlcnRpY2FsLWFsaWduOnRvcH0udG02c3B3cnAgdGFibGUgdGFibGV7d2lkdGg6MTAwJX0udG02c3B3cnAsLnRtNnNwd3JwIHRoLC50bTZzcHdycCB0ZHtjb2xvcjojMDAwMDAwO2ZvbnQtc2l6ZToxNnB4ICFpbXBvcnRhbnQ7Zm9udC1mYW1pbHk6J+ODkuODqeOCruODjuinkuOCtCBQcm8gVzMnLCdIaXJhZ2lubyBLYWt1IEdvdGhpYyBQcm8nLOODoeOCpOODquOCqixNZWlyeW8sT3Nha2EsJ++8re+8syDvvLDjgrTjgrfjg4Pjgq8nLCdNUyBQR290aGljJyxzYW5zLXNlcmlmO3RleHQtYWxpZ246Y2VudGVyfS50bTZzcHdycCBkaXYgaDMsLnRtNnNwd3JwIGRpdiBwLC50bTZzcHdycCBzdHJvbmd7d29yZC13cmFwOmJyZWFrLXdvcmQ7d29yZC1icmVhazpicmVhay1hbGw7cGFkZGluZzowO21hcmdpbi10b3A6MC41ZW07bWFyZ2luLWJvdHRvbTowLjVlbTtsaW5lLWhlaWdodDoxLjQ7dGV4dC1hbGlnbjpsZWZ0O292ZXJmbG93OnZpc2libGV9LnRtNnNwd3JwIGRpdiBoMywudG02c3B3cnAgc3Ryb25ne2ZvbnQtc2l6ZToxMTclO30udG02c3BpbXt2ZXJ0aWNhbC1hbGlnbjp0b3B9LnRtNnNwd3JwIGRpdi50bTZzcGlte21hcmdpbi1sZWZ0OmF1dG87bWFyZ2luLXJpZ2h0OmF1dG87dGV4dC1hbGlnbjpjZW50ZXJ9LnRtNnNwd3JwIHAudG02c3BpbXt0ZXh0LWFsaWduOmNlbnRlcn0udG02c3B3cnAgZGl2IGltZywudG02c3B3cnAgZGl2IGEgaW1ne2JvcmRlcjpub25lO3ZlcnRpY2FsLWFsaWduOmJvdHRvbX0udG02c3B3cnAgZGl2LC50bTZzcHdycCB0YWJsZSB7aGVpZ2h0OmF1dG99LnRtNnNwd3JwIGRpdntvdmVyZmxvdzpoaWRkZW59LnRtNnNwd3JwIGRpdiBkaXZ7b3ZlcmZsb3c6dmlzaWJsZX0udG02c3B3cnAgPiBkaXY6YWZ0ZXIsLnRtNnNwd3JwID4gdGFibGU6YWZ0ZXIge2NvbnRlbnQ6IiI7ZGlzcGxheTpibG9jaztoZWlnaHQ6MDtjbGVhcjpib3RoO3Zpc2liaWxpdHk6aGlkZGVufS50bTZzcHdycHt3aWR0aDo3MTBweDtoZWlnaHQ6YXV0bztiYWNrZ3JvdW5kOiNmZmZmZmY7bWFyZ2luLWxlZnQ6YXV0bzttYXJnaW4tcmlnaHQ6YXV0bztwYWRkaW5nOjB9I3RtNnNwYjAsI3RtNnNwYjF7YmFja2dyb3VuZDp0cmFuc3BhcmVudDtwYWRkaW5nOjVweCAwfSN0bTZzcGIwIHRhYmxlLCN0bTZzcGIxIHRhYmxle2JvcmRlci1zcGFjaW5nOjEwcHg7bWFyZ2luOi0xMHB4O3dpZHRoOjczMHB4fSN0bTZzcGMwe3dpZHRoOjcxMHB4O2JhY2tncm91bmQ6dHJhbnNwYXJlbnQ7Ym9yZGVyOnNvbGlkICMwMDAwMDAgMDtwYWRkaW5nOjB9LnRtNnNwaW17d2lkdGg6MTAwJTtoZWlnaHQ6YXV0b30jdG02c3BjMSwjdG02c3BjMiwjdG02c3BjM3t3aWR0aDoyMzBweDtiYWNrZ3JvdW5kOnRyYW5zcGFyZW50O2JvcmRlcjpzb2xpZCAjMDAwMDAwIDA7cGFkZGluZzowfSN0bTZzcGMxLCN0bTZzcGMye21hcmdpbi1yaWdodDoxMHB4fS0tPjwvc3R5bGU+PCEtLVtpZiBndGUgSUUgNi4wXT48c3R5bGU+LnRtNnNwd3JwLC50bTZzcHdycCBkaXYsLnRtNnNwd3JwIGgzLC50bTZzcHdycCBwLC50bTZzcHdycCB0aCwudG02c3B3cnAgdGR7em9vbToxfS50bTZzcHdycCwudG02c3B3cnAgdGgsLnRtNnNwd3JwIHRke2ZvbnQtc2l6ZToxNnB4ICFpbXBvcnRhbnR9LnRtNnNwd3Jwe3dpZHRoOjcxMHB4fSN0bTZzcGMwe3dpZHRoOjcxMHB4fSN0bTZzcGMxLCN0bTZzcGMyLCN0bTZzcGMze3dpZHRoOjIzMHB4fTwvc3R5bGU+PCFbZW5kaWZdLS0+PGRpdiBpZD0idG02c3BiMCI+PHRhYmxlIGNlbGxzcGFjaW5nPSIxMCI+PHRyPjx0ZCBpZD0idG02c3BjMCI+PGRpdiBjbGFzcz0idG02c3BpbSI+PGltZyBzcmM9ImluYXBhYy9jYWJpbmV0L2V1cms2MS5qcGciPjwvZGl2PjwvdGFibGU+PC9kaXY+PGRpdiBpZD0idG02c3BiMSI+PHRhYmxlIGNlbGxzcGFjaW5nPSIxMCI+PHRyPjx0ZCBpZD0idG02c3BjMSI+PGRpdiBjbGFzcz0idG02c3BpbSI+PGEgaHJlZj0iaHR0cDovL2l0ZW0ucmFrdXRlbi5jby5qcC9pbmFwYWMvMTAwMDA0NDMvIj48aW1nIHNyYz0iaW5hcGFjL2NhYmluZXQvZXVyazYyLmpwZyI+PC9hPjwvZGl2Pjx0ZCBpZD0idG02c3BjMiI+PGRpdiBjbGFzcz0idG02c3BpbSI+PGEgaHJlZj0iaHR0cDovL2l0ZW0ucmFrdXRlbi5jby5qcC9pbmFwYWMvMTAwMDA0NDEvIj48aW1nIHNyYz0iaW5hcGFjL2NhYmluZXQvZXVyazY2LmpwZyI+PC9hPjwvZGl2Pjx0ZCBpZD0idG02c3BjMyI+PGRpdiBjbGFzcz0idG02c3BpbSI+PGEgaHJlZj0iaHR0cDovL2l0ZW0ucmFrdXRlbi5jby5qcC9pbmFwYWMvMTAwMDA0NDIvIj48aW1nIHNyYz0iaW5hcGFjL2NhYmluZXQvZXVyazY4LmpwZyI+PC9hPjwvZGl2PjwvdGFibGU+PC9kaXY+PC9kaXY+PGRpdj48aW1nIHNyYz0iaHR0cDovL2ltYWdlLnJha3V0ZW4uY28uanAvaW5hcGFjL2NhYmluZXQvdG9wL3RpdGxlLXBpLmdpZiIgYWx0PSLms6jnm67llYblk4EiIHdpZHRoPSI3NjAiIGhlaWdodD0iMzUiPjwvZGl2Pg==,54yr44Gu54iq44Go44GO44CA6Kmw5pu/44K544OG44Kj44OD44Kv44CA6ZW344GV77yT77yV772D772N44CQ5pel5pys6KO9IOeMqyDjgaTjgoHjgajjgY4g54iq44Go44GOIOeIquejqOOBjSDniKrjgb/jgYzjgY0g54yr55So5ZOBIOauteODnOODvOODqyDoqbDmm7/jgYgg6YGK44Gz44CR77ya44GP44KJ44G144Go5bel5oi/44Kv44Os44Ki44Or44CA5qW95aSp5biC5aC05bqX,54yr44Gu54iq44Go44GO44CA6Kmw5pu/44K544OG44Kj44OD44Kv44CA6ZW344GV77yT77yV772D772N44CQ5pel5pys6KO9IOeMqyDjgaTjgoHjgajjgY4g54iq44Go44GOIOeIquejqOOBjSDniKrjgb/jgYzjgY0g54yr55So5ZOBIOauteODnOODvOODqyDoqbDmm7/jgYgg6YGK44Gz44CR,54yr44Gu54iq44Go44GO44CA6Kmw5pu/44K544OG44Kj44OD44Kv44CA6ZW344GV77yT77yV772D772N44CQ5pel5pys6KO9IOeMqyDjgaTjgoHjgajjgY4g54iq44Go44GOIOeIquejqOOBjSDniKrjgb/jgYzjgY0g54yr55So5ZOBIOauteODnOODvOODqyDoqbDmm7/jgYgg6YGK44Gz44CR[rn]
37-51574,aHR0cDovL3RzaG9wLnIxMHMuanAvaW5hcGFjL2NhYmluZXQvaW1ncmMwMDY4MjE2MzA4LmpwZz9maXRpbj03MDA6NzAw,MTIwMC4wMDAw,,44Oa44OD44OI44O744Oa44OD44OI44Kw44OD44K6ID4g44Oa44OD44OI55So44GK5omL5YWl44KM55So5ZOBID4g54iq44Kx44Ki55So5ZOBID4g54yr55So54iq44Go44GO,54yr44Gu44Gk44KB44Go44GO44CA6KaL5a6I44KK54yr44CA44Go44GT44Gr44KD44KT44OZ44OD44OJ77yI5bCP77yJ44CAIOOAkOaXpeacrOijvSDnjKsg44Gk44KB44Go44GOIOeIquOBqOOBjiDniKrno6jjgY0g54iq44G/44GM44GNIOeMq+eUqOWTgSDmrrXjg5zjg7zjg6sg44OI44Oz44ON44OrIOmBiuOBs+OAkQ==,,PGRpdiBjbGFzcz0nZnE0c3B3cnAnPjxzdHlsZT48IS0tLmZxNHNwd3JwIGRpdiwuZnE0c3B3cnAgaW1nLC5mcTRzcHdycCB0YWJsZSwuZnE0c3B3cnAgdHIsLmZxNHNwd3JwIHRke3dpZHRoOmF1dG87aGVpZ2h0OmF1dG87cGFkZGluZzowO21hcmdpbjowO292ZXJmbG93OmhpZGRlbn0uZnE0c3B3cnAgdGR7ZmxvYXQ6bm9uZSAhaW1wb3J0YW50fS5mcTRzcHdycCwuZnE0c3B3cnAgZGl2LC5mcTRzcHdycCBkaXYgaDMsLmZxNHNwd3JwIGRpdiBwe2Rpc3BsYXk6YmxvY2t9LmZxNHNwd3JwIGRpdiB0YWJsZXtkaXNwbGF5OnRhYmxlO3dpZHRoOmF1dG87aGVpZ2h0OmF1dG87cGFkZGluZzowO21hcmdpbjowO2JvcmRlci1zcGFjaW5nOjB9LmZxNHNwd3JwIGRpdiB0YWJsZSB0ciwuZnE0c3B3cnAgZGl2IHRhYmxlIHRib2R5IHRye2Rpc3BsYXk6dGFibGUtcm93fS5mcTRzcHdycCBkaXYgdGFibGUgdHIgdGQsLmZxNHNwd3JwIGRpdiB0YWJsZSB0Ym9keSB0ciB0ZHtkaXNwbGF5OnRhYmxlLWNlbGw7ZmxvYXQ6bm9uZSAhaW1wb3J0YW50O3ZlcnRpY2FsLWFsaWduOnRvcH0uZnE0c3B3cnAgdGFibGUgdGFibGV7d2lkdGg6MTAwJX0uZnE0c3B3cnAsLmZxNHNwd3JwIHRoLC5mcTRzcHdycCB0ZHtjb2xvcjojMDAwMDAwO2ZvbnQtc2l6ZToxNnB4ICFpbXBvcnRhbnQ7Zm9udC1mYW1pbHk6J+ODkuODqeOCruODjuinkuOCtCBQcm8gVzMnLCdIaXJhZ2lubyBLYWt1IEdvdGhpYyBQcm8nLOODoeOCpOODquOCqixNZWlyeW8sT3Nha2EsJ++8re+8syDvvLDjgrTjgrfjg4Pjgq8nLCdNUyBQR290aGljJyxzYW5zLXNlcmlmO3RleHQtYWxpZ246Y2VudGVyfS5mcTRzcHdycCBkaXYgaDMsLmZxNHNwd3JwIGRpdiBwLC5mcTRzcHdycCBzdHJvbmd7d29yZC13cmFwOmJyZWFrLXdvcmQ7d29yZC1icmVhazpicmVhay1hbGw7cGFkZGluZzowO21hcmdpbi10b3A6MC41ZW07bWFyZ2luLWJvdHRvbTowLjVlbTtsaW5lLWhlaWdodDoxLjQ7dGV4dC1hbGlnbjpsZWZ0O292ZXJmbG93OnZpc2libGV9LmZxNHNwd3JwIGRpdiBoMywuZnE0c3B3cnAgc3Ryb25ne2ZvbnQtc2l6ZToxMTclO30uZnE0c3BpbXt2ZXJ0aWNhbC1hbGlnbjp0b3B9LmZxNHNwd3JwIGRpdi5mcTRzcGlte21hcmdpbi1sZWZ0OmF1dG87bWFyZ2luLXJpZ2h0OmF1dG87dGV4dC1hbGlnbjpjZW50ZXJ9LmZxNHNwd3JwIHAuZnE0c3BpbXt0ZXh0LWFsaWduOmNlbnRlcn0uZnE0c3B3cnAgZGl2IGltZywuZnE0c3B3cnAgZGl2IGEgaW1ne2JvcmRlcjpub25lO3ZlcnRpY2FsLWFsaWduOmJvdHRvbX0uZnE0c3B3cnAgZGl2LC5mcTRzcHdycCB0YWJsZSB7aGVpZ2h0OmF1dG99LmZxNHNwd3JwIGRpdntvdmVyZmxvdzpoaWRkZW59LmZxNHNwd3JwIGRpdiBkaXZ7b3ZlcmZsb3c6dmlzaWJsZX0uZnE0c3B3cnAgPiBkaXY6YWZ0ZXIsLmZxNHNwd3JwID4gdGFibGU6YWZ0ZXIge2NvbnRlbnQ6IiI7ZGlzcGxheTpibG9jaztoZWlnaHQ6MDtjbGVhcjpib3RoO3Zpc2liaWxpdHk6aGlkZGVufS5mcTRzcHdycHt3aWR0aDo3MTBweDtoZWlnaHQ6YXV0bztiYWNrZ3JvdW5kOiNGRkZGRkY7bWFyZ2luLWxlZnQ6YXV0bzttYXJnaW4tcmlnaHQ6YXV0bztwYWRkaW5nOjB9I2ZxNHNwYjAsI2ZxNHNwYjF7YmFja2dyb3VuZDp0cmFuc3BhcmVudDtwYWRkaW5nOjVweCAwfSNmcTRzcGIwIHRhYmxlLCNmcTRzcGIxIHRhYmxle2JvcmRlci1zcGFjaW5nOjEwcHg7bWFyZ2luOi0xMHB4O3dpZHRoOjczMHB4fSNmcTRzcGMwLCNmcTRzcGMxe3dpZHRoOjcxMHB4O2JhY2tncm91bmQ6dHJhbnNwYXJlbnQ7Ym9yZGVyOnNvbGlkICMwMDAwMDAgMDtwYWRkaW5nOjB9LmZxNHNwaW17d2lkdGg6MTAwJTtoZWlnaHQ6YXV0b30tLT48L3N0eWxlPjwhLS1baWYgZ3RlIElFIDYuMF0+PHN0eWxlPi5mcTRzcHdycCwuZnE0c3B3cnAgZGl2LC5mcTRzcHdycCBoMywuZnE0c3B3cnAgcCwuZnE0c3B3cnAgdGgsLmZxNHNwd3JwIHRke3pvb206MX0uZnE0c3B3cnAsLmZxNHNwd3JwIHRoLC5mcTRzcHdycCB0ZHtmb250LXNpemU6MTZweCAhaW1wb3J0YW50fS5mcTRzcHdycHt3aWR0aDo3MTBweH0jZnE0c3BjMCwjZnE0c3BjMXt3aWR0aDo3MTBweH08L3N0eWxlPjwhW2VuZGlmXS0tPjxkaXYgaWQ9ImZxNHNwYjAiPjx0YWJsZSBjZWxsc3BhY2luZz0iMTAiPjx0cj48dGQgaWQ9ImZxNHNwYzAiPjxkaXYgY2xhc3M9ImZxNHNwaW0iPjxpbWcgc3JjPSJpbmFwYWMvY2FiaW5ldC80YXJrNDYuanBnIj48L2Rpdj48L3RhYmxlPjwvZGl2PjxkaXYgaWQ9ImZxNHNwYjEiPjx0YWJsZSBjZWxsc3BhY2luZz0iMTAiPjx0cj48dGQgaWQ9ImZxNHNwYzEiPjxkaXYgY2xhc3M9ImZxNHNwaW0iPjxpbWcgc3JjPSJpbmFwYWMvY2FiaW5ldC80YXJrNDIuanBnIj48L2Rpdj48L3RhYmxlPjwvZGl2PjwvZGl2PgoKCgoKPHRhYmxlIHdpZHRoPSI0MDAiIGJnY29sb3I9IiNmYzhhODAiIGNlbGxzcGFjaW5nPSIxIiBjZWxscGFkZGluZz0iMyI+PHRyPjx0aCBjb2xzcGFuPSIyIiBhbGlnbj0iY2VudGVyIiBiZ2NvbG9yPSIjZmVkYmQ5Ij48Yj4KPGZvbnQgY29sb3I9IiMzMzMzMzMiPuWVhuWTgeiqrOaYjjwvZm9udD48L2I+PC90aD48L3RyPjx0cj48dGggd2lkdGg9Ijk0IiBhbGlnbj0iY2VudGVyIiBiZ2NvbG9yPSIjZmVkYmQ5Ij48Zm9udCBzaXplPSIyIiAKY29sb3I9IiMzMzMzMzMiPuOCteOCpOOCujwvZm9udD48L3RoPjx0ZCB3aWR0aD0iMjkxIiBiZ2NvbG9yPSIjZmZmZmZmIj48Zm9udCBzaXplPSIyIiBjb2xvcj0iIzMzMzMzMyI+6auY44GVMTguNeOCu+ODs+ODge+8jOaoqjMw44K744Oz44OBPGJyIC8+CuWlpeihjOe0hDQz44K744Oz44OBPGJyIC8+6YeN44GV57SEMS4044Kt44OtPGJyIC8+PGJyIC8+PGJyIC8+PC9mb250PjwvdGQ+PC90cj48dHI+PHRoIHdpZHRoPSI5NCIgYWxpZ249ImNlbnRlciIgYmdjb2xvcj0iI2ZlZGJkOSI+PGZvbnQgCnNpemU9IjIiIGNvbG9yPSIjMzMzMzMzIj7mnZDos6o8L2ZvbnQ+PC90aD48dGQgd2lkdGg9IjI5MSIgYmdjb2xvcj0iI2ZmZmZmZiI+PGZvbnQgc2l6ZT0iMiIgY29sb3I9IiMzMzMzMzMiPuauteODnOODvOODq+OAgee0mTwvZm9udD48L3RkPgo8L3RyPjx0cj48dGggd2lkdGg9Ijk0IiBhbGlnbj0iY2VudGVyIiBiZ2NvbG9yPSIjZmVkYmQ5Ij48Zm9udCBzaXplPSIyIiBjb2xvcj0iIzMzMzMzMyI+5ZWG5ZOB6Kqs5piOPC9mb250PjwvdGg+PHRkIHdpZHRoPSIyOTEiIApiZ2NvbG9yPSIjZmZmZmZmIj48Zm9udCBzaXplPSIyIiBjb2xvcj0iIzMzMzMzMyI+5Zu955Sj44Gu5q6144Oc44O844Or44KS5L2/55So44GX44Gm44GE44KL44Gu44Gn44CB44GX44Gj44GL44KK44GX44Gm44GE44Gm5a6J5YWo44Gn44GZ44CCPGJyIC8+PGJyIC8+CuOChOOBmeOCieOBjuOBruOCueODmuODvOOCueOBq+OAgeeIquOBqOOBjuOBqOOBl+OBpuOCguS9v+OBiOOBvuOBmeOAgjxiciAvPjxiciAvPjxiciAvPjxiciAvPjxiciAvPjxiciAvPjwvZm9udD48L3RkPjwvdHI+PC90YWJsZT48ZGl2PjxpbWcgc3JjPSJodHRwOi8vaW1hZ2UucmFrdXRlbi5jby5qcC9pbmFwYWMvY2FiaW5ldC90b3AvdGl0bGUtcGkuZ2lmIiBhbHQ9IuazqOebruWVhuWTgSIgd2lkdGg9Ijc2MCIgaGVpZ2h0PSIzNSI+PC9kaXY+,54yr44Gu44Gk44KB44Go44GO44CA6KaL5a6I44KK54yr44CA44Go44GT44Gr44KD44KT44OZ44OD44OJ77yI5bCP77yJ44CAIOOAkOaXpeacrOijvSDnjKsg44Gk44KB44Go44GOIOeIquOBqOOBjiDniKrno6jjgY0g54iq44G/44GM44GNIOeMq+eUqOWTgSDmrrXjg5zjg7zjg6sg44OI44Oz44ON44OrIOmBiuOBs+OAke+8muOBj+OCieOBteOBqOW3peaIv+OCr+ODrOOCouODq+OAgOalveWkqeW4guWgtOW6lw==,54yr44Gu44Gk44KB44Go44GO44CA6KaL5a6I44KK54yr44CA44Go44GT44Gr44KD44KT44OZ44OD44OJ77yI5bCP77yJ44CAIOOAkOaXpeacrOijvSDnjKsg44Gk44KB44Go44GOIOeIquOBqOOBjiDniKrno6jjgY0g54iq44G/44GM44GNIOeMq+eUqOWTgSDmrrXjg5zjg7zjg6sg44OI44Oz44ON44OrIOmBiuOBs+OAkQ==,54yr44Gu44Gk44KB44Go44GO44CA6KaL5a6I44KK54yr44CA44Go44GT44Gr44KD44KT44OZ44OD44OJ77yI5bCP77yJ44CAIOOAkOaXpeacrOijvSDnjKsg44Gk44KB44Go44GOIOeIquOBqOOBjiDniKrno6jjgY0g54iq44G/44GM44GNIOeMq+eUqOWTgSDmrrXjg5zjg7zjg6sg44OI44Oz44ON44OrIOmBiuOBs+OAkQ==[rn]
37-51575,aHR0cDovL3RzaG9wLnIxMHMuanAvaW5hcGFjL2NhYmluZXQvaW1ncmMwMDcwMTEzMDEwLmpwZz9maXRpbj03MDA6NzAw,MTEyMC4wMDAw,,44Oa44OD44OI44O744Oa44OD44OI44Kw44OD44K6ID4g44Oa44OD44OI55So44GK5omL5YWl44KM55So5ZOBID4g54iq44Kx44Ki55So5ZOBID4g54yr55So54iq44Go44GO,54yr44Gu54iq44Go44GO44CA44Of44OL44K944OV44Kh44CQ5pel5pys6KO9IOeMqyDjgaTjgoHjgajjgY4g54iq44Go44GOIOeIquejqOOBjSDniKrjgb/jgYzjgY0g54yr55So5ZOBIOauteODnOODvOODqyDjgr3jg5XjgqEg6YGK44Gz44CR,,PGRpdiBjbGFzcz0ncWY2c3B3cnAnPjxzdHlsZT48IS0tLnFmNnNwd3JwIGRpdiwucWY2c3B3cnAgaW1nLC5xZjZzcHdycCB0YWJsZSwucWY2c3B3cnAgdHIsLnFmNnNwd3JwIHRke3dpZHRoOmF1dG87aGVpZ2h0OmF1dG87cGFkZGluZzowO21hcmdpbjowO292ZXJmbG93OmhpZGRlbn0ucWY2c3B3cnAgdGR7ZmxvYXQ6bm9uZSAhaW1wb3J0YW50fS5xZjZzcHdycCwucWY2c3B3cnAgZGl2LC5xZjZzcHdycCBkaXYgaDMsLnFmNnNwd3JwIGRpdiBwe2Rpc3BsYXk6YmxvY2t9LnFmNnNwd3JwIGRpdiB0YWJsZXtkaXNwbGF5OnRhYmxlO3dpZHRoOmF1dG87aGVpZ2h0OmF1dG87cGFkZGluZzowO21hcmdpbjowO2JvcmRlci1zcGFjaW5nOjB9LnFmNnNwd3JwIGRpdiB0YWJsZSB0ciwucWY2c3B3cnAgZGl2IHRhYmxlIHRib2R5IHRye2Rpc3BsYXk6dGFibGUtcm93fS5xZjZzcHdycCBkaXYgdGFibGUgdHIgdGQsLnFmNnNwd3JwIGRpdiB0YWJsZSB0Ym9keSB0ciB0ZHtkaXNwbGF5OnRhYmxlLWNlbGw7ZmxvYXQ6bm9uZSAhaW1wb3J0YW50O3ZlcnRpY2FsLWFsaWduOnRvcH0ucWY2c3B3cnAgdGFibGUgdGFibGV7d2lkdGg6MTAwJX0ucWY2c3B3cnAsLnFmNnNwd3JwIHRoLC5xZjZzcHdycCB0ZHtjb2xvcjojMDAwMDAwO2ZvbnQtc2l6ZToxNnB4ICFpbXBvcnRhbnQ7Zm9udC1mYW1pbHk6J+ODkuODqeOCruODjuinkuOCtCBQcm8gVzMnLCdIaXJhZ2lubyBLYWt1IEdvdGhpYyBQcm8nLOODoeOCpOODquOCqixNZWlyeW8sT3Nha2EsJ++8re+8syDvvLDjgrTjgrfjg4Pjgq8nLCdNUyBQR290aGljJyxzYW5zLXNlcmlmO3RleHQtYWxpZ246Y2VudGVyfS5xZjZzcHdycCBkaXYgaDMsLnFmNnNwd3JwIGRpdiBwLC5xZjZzcHdycCBzdHJvbmd7d29yZC13cmFwOmJyZWFrLXdvcmQ7d29yZC1icmVhazpicmVhay1hbGw7cGFkZGluZzowO21hcmdpbi10b3A6MC41ZW07bWFyZ2luLWJvdHRvbTowLjVlbTtsaW5lLWhlaWdodDoxLjQ7dGV4dC1hbGlnbjpsZWZ0O292ZXJmbG93OnZpc2libGV9LnFmNnNwd3JwIGRpdiBoMywucWY2c3B3cnAgc3Ryb25ne2ZvbnQtc2l6ZToxMTclO30ucWY2c3BpbXt2ZXJ0aWNhbC1hbGlnbjp0b3B9LnFmNnNwd3JwIGRpdi5xZjZzcGlte21hcmdpbi1sZWZ0OmF1dG87bWFyZ2luLXJpZ2h0OmF1dG87dGV4dC1hbGlnbjpjZW50ZXJ9LnFmNnNwd3JwIHAucWY2c3BpbXt0ZXh0LWFsaWduOmNlbnRlcn0ucWY2c3B3cnAgZGl2IGltZywucWY2c3B3cnAgZGl2IGEgaW1ne2JvcmRlcjpub25lO3ZlcnRpY2FsLWFsaWduOmJvdHRvbX0ucWY2c3B3cnAgZGl2LC5xZjZzcHdycCB0YWJsZSB7aGVpZ2h0OmF1dG99LnFmNnNwd3JwIGRpdntvdmVyZmxvdzpoaWRkZW59LnFmNnNwd3JwIGRpdiBkaXZ7b3ZlcmZsb3c6dmlzaWJsZX0ucWY2c3B3cnAgPiBkaXY6YWZ0ZXIsLnFmNnNwd3JwID4gdGFibGU6YWZ0ZXIge2NvbnRlbnQ6IiI7ZGlzcGxheTpibG9jaztoZWlnaHQ6MDtjbGVhcjpib3RoO3Zpc2liaWxpdHk6aGlkZGVufS5xZjZzcHdycHt3aWR0aDo3MTBweDtoZWlnaHQ6YXV0bztiYWNrZ3JvdW5kOiNmZmZmZmY7bWFyZ2luLWxlZnQ6YXV0bzttYXJnaW4tcmlnaHQ6YXV0bztwYWRkaW5nOjB9I3FmNnNwYjAsI3FmNnNwYjF7YmFja2dyb3VuZDp0cmFuc3BhcmVudDtwYWRkaW5nOjVweCAwfSNxZjZzcGIwIHRhYmxlLCNxZjZzcGIxIHRhYmxle2JvcmRlci1zcGFjaW5nOjEwcHg7bWFyZ2luOi0xMHB4O3dpZHRoOjczMHB4fSNxZjZzcGMwLCNxZjZzcGMxe3dpZHRoOjcxMHB4O2JhY2tncm91bmQ6dHJhbnNwYXJlbnQ7Ym9yZGVyOnNvbGlkICMwMDAwMDAgMDtwYWRkaW5nOjB9LnFmNnNwaW17d2lkdGg6MTAwJTtoZWlnaHQ6YXV0b30tLT48L3N0eWxlPjwhLS1baWYgZ3RlIElFIDYuMF0+PHN0eWxlPi5xZjZzcHdycCwucWY2c3B3cnAgZGl2LC5xZjZzcHdycCBoMywucWY2c3B3cnAgcCwucWY2c3B3cnAgdGgsLnFmNnNwd3JwIHRke3pvb206MX0ucWY2c3B3cnAsLnFmNnNwd3JwIHRoLC5xZjZzcHdycCB0ZHtmb250LXNpemU6MTZweCAhaW1wb3J0YW50fS5xZjZzcHdycHt3aWR0aDo3MTBweH0jcWY2c3BjMCwjcWY2c3BjMXt3aWR0aDo3MTBweH08L3N0eWxlPjwhW2VuZGlmXS0tPjxkaXYgaWQ9InFmNnNwYjAiPjx0YWJsZSBjZWxsc3BhY2luZz0iMTAiPjx0cj48dGQgaWQ9InFmNnNwYzAiPjxkaXYgY2xhc3M9InFmNnNwaW0iPjxpbWcgc3JjPSJpbmFwYWMvY2FiaW5ldC9jZHJrNmEuanBnIj48L2Rpdj48L3RhYmxlPjwvZGl2PjxkaXYgaWQ9InFmNnNwYjEiPjx0YWJsZSBjZWxsc3BhY2luZz0iMTAiPjx0cj48dGQgaWQ9InFmNnNwYzEiPjxkaXYgY2xhc3M9InFmNnNwaW0iPjxpbWcgc3JjPSJpbmFwYWMvY2FiaW5ldC9jZHJrNjIuanBnIj48L2Rpdj48L3RhYmxlPjwvZGl2PjwvZGl2PgoKCgoKPGRpdiBjbGFzcz0ncWc2c3B3cnAnPjxzdHlsZT48IS0tLnFnNnNwd3JwIGRpdiwucWc2c3B3cnAgaW1nLC5xZzZzcHdycCB0YWJsZSwucWc2c3B3cnAgdHIsLnFnNnNwd3JwIHRke3dpZHRoOmF1dG87aGVpZ2h0OmF1dG87cGFkZGluZzowO21hcmdpbjowO292ZXJmbG93OmhpZGRlbn0ucWc2c3B3cnAgdGR7ZmxvYXQ6bm9uZSAhaW1wb3J0YW50fS5xZzZzcHdycCwucWc2c3B3cnAgZGl2LC5xZzZzcHdycCBkaXYgaDMsLnFnNnNwd3JwIGRpdiBwe2Rpc3BsYXk6YmxvY2t9LnFnNnNwd3JwIGRpdiB0YWJsZXtkaXNwbGF5OnRhYmxlO3dpZHRoOmF1dG87aGVpZ2h0OmF1dG87cGFkZGluZzowO21hcmdpbjowO2JvcmRlci1zcGFjaW5nOjB9LnFnNnNwd3JwIGRpdiB0YWJsZSB0ciwucWc2c3B3cnAgZGl2IHRhYmxlIHRib2R5IHRye2Rpc3BsYXk6dGFibGUtcm93fS5xZzZzcHdycCBkaXYgdGFibGUgdHIgdGQsLnFnNnNwd3JwIGRpdiB0YWJsZSB0Ym9keSB0ciB0ZHtkaXNwbGF5OnRhYmxlLWNlbGw7ZmxvYXQ6bm9uZSAhaW1wb3J0YW50O3ZlcnRpY2FsLWFsaWduOnRvcH0ucWc2c3B3cnAgdGFibGUgdGFibGV7d2lkdGg6MTAwJX0ucWc2c3B3cnAsLnFnNnNwd3JwIHRoLC5xZzZzcHdycCB0ZHtjb2xvcjojMDAwMDAwO2ZvbnQtc2l6ZToxNnB4ICFpbXBvcnRhbnQ7Zm9udC1mYW1pbHk6J+ODkuODqeOCruODjuinkuOCtCBQcm8gVzMnLCdIaXJhZ2lubyBLYWt1IEdvdGhpYyBQcm8nLOODoeOCpOODquOCqixNZWlyeW8sT3Nha2EsJ++8re+8syDvvLDjgrTjgrfjg4Pjgq8nLCdNUyBQR290aGljJyxzYW5zLXNlcmlmO3RleHQtYWxpZ246Y2VudGVyfS5xZzZzcHdycCBkaXYgaDMsLnFnNnNwd3JwIGRpdiBwLC5xZzZzcHdycCBzdHJvbmd7d29yZC13cmFwOmJyZWFrLXdvcmQ7d29yZC1icmVhazpicmVhay1hbGw7cGFkZGluZzowO21hcmdpbi10b3A6MC41ZW07bWFyZ2luLWJvdHRvbTowLjVlbTtsaW5lLWhlaWdodDoxLjQ7dGV4dC1hbGlnbjpsZWZ0O292ZXJmbG93OnZpc2libGV9LnFnNnNwd3JwIGRpdiBoMywucWc2c3B3cnAgc3Ryb25ne2ZvbnQtc2l6ZToxMTclO30ucWc2c3BpbXt2ZXJ0aWNhbC1hbGlnbjp0b3B9LnFnNnNwd3JwIGRpdi5xZzZzcGlte21hcmdpbi1sZWZ0OmF1dG87bWFyZ2luLXJpZ2h0OmF1dG87dGV4dC1hbGlnbjpjZW50ZXJ9LnFnNnNwd3JwIHAucWc2c3BpbXt0ZXh0LWFsaWduOmNlbnRlcn0ucWc2c3B3cnAgZGl2IGltZywucWc2c3B3cnAgZGl2IGEgaW1ne2JvcmRlcjpub25lO3ZlcnRpY2FsLWFsaWduOmJvdHRvbX0ucWc2c3B3cnAgZGl2LC5xZzZzcHdycCB0YWJsZSB7aGVpZ2h0OmF1dG99LnFnNnNwd3JwIGRpdntvdmVyZmxvdzpoaWRkZW59LnFnNnNwd3JwIGRpdiBkaXZ7b3ZlcmZsb3c6dmlzaWJsZX0ucWc2c3B3cnAgPiBkaXY6YWZ0ZXIsLnFnNnNwd3JwID4gdGFibGU6YWZ0ZXIge2NvbnRlbnQ6IiI7ZGlzcGxheTpibG9jaztoZWlnaHQ6MDtjbGVhcjpib3RoO3Zpc2liaWxpdHk6aGlkZGVufS5xZzZzcHdycHt3aWR0aDo3MTBweDtoZWlnaHQ6YXV0bztiYWNrZ3JvdW5kOiNmZmZmZmY7bWFyZ2luLWxlZnQ6YXV0bzttYXJnaW4tcmlnaHQ6YXV0bztwYWRkaW5nOjB9I3FnNnNwYjB7YmFja2dyb3VuZDp0cmFuc3BhcmVudDtwYWRkaW5nOjVweCAwfSNxZzZzcGIwIHRhYmxle2JvcmRlci1zcGFjaW5nOjEwcHg7bWFyZ2luOi0xMHB4O3dpZHRoOjczMHB4fSNxZzZzcGMwe3dpZHRoOjcxMHB4O2JhY2tncm91bmQ6dHJhbnNwYXJlbnQ7Ym9yZGVyOnNvbGlkICMwMDAwMDAgMDtwYWRkaW5nOjB9LnFnNnNwaW17d2lkdGg6MTAwJTtoZWlnaHQ6YXV0b30tLT48L3N0eWxlPjwhLS1baWYgZ3RlIElFIDYuMF0+PHN0eWxlPi5xZzZzcHdycCwucWc2c3B3cnAgZGl2LC5xZzZzcHdycCBoMywucWc2c3B3cnAgcCwucWc2c3B3cnAgdGgsLnFnNnNwd3JwIHRke3pvb206MX0ucWc2c3B3cnAsLnFnNnNwd3JwIHRoLC5xZzZzcHdycCB0ZHtmb250LXNpemU6MTZweCAhaW1wb3J0YW50fS5xZzZzcHdycHt3aWR0aDo3MTBweH0jcWc2c3BjMHt3aWR0aDo3MTBweH08L3N0eWxlPjwhW2VuZGlmXS0tPjxkaXYgaWQ9InFnNnNwYjAiPjx0YWJsZSBjZWxsc3BhY2luZz0iMTAiPjx0cj48dGQgaWQ9InFnNnNwYzAiPjxkaXYgY2xhc3M9InFnNnNwaW0iPjxpbWcgc3JjPSJpbmFwYWMvY2FiaW5ldC9jZXJrNjYuanBnIj48L2Rpdj48L3RhYmxlPjwvZGl2PjwvZGl2PgoKCgoKCgoKCjx0YWJsZSB3aWR0aD0iNDAwIiBiZ2NvbG9yPSIjZmM4YTgwIiBjZWxsc3BhY2luZz0iMSIgY2VsbHBhZGRpbmc9IjMiPjx0cj48dGggY29sc3Bhbj0iMiIgYWxpZ249ImNlbnRlciIgYmdjb2xvcj0iI2ZlZGJkOSI+PGI+Cjxmb250IGNvbG9yPSIjMzMzMzMzIj7llYblk4HoqbPntLA8L2ZvbnQ+PC9iPjwvdGg+PC90cj48dHI+PHRoIHdpZHRoPSI5NCIgYWxpZ249ImNlbnRlciIgYmdjb2xvcj0iI2ZlZGJkOSI+PGZvbnQgc2l6ZT0iMiIgCmNvbG9yPSIjMzMzMzMzIj7jgrXjgqTjgro8L2ZvbnQ+PC90aD48dGQgd2lkdGg9IjI5MSIgYmdjb2xvcj0iI2ZmZmZmZiI+PGZvbnQgc2l6ZT0iMiIgY29sb3I9IiMzMzMzMzMiPue4pu+8iOmhlOecn+OCk+S4remDqOWIhu+8ie+8meOCu+ODs+ODgQo8YnIgLz7lpaXooYwgMzjjgrvjg7Pjg4E8YnIgLz4zNeOCu+ODs+ODgTxiciAvPumHjeOBlTkwMOOCsOODqeODoDxiciAvPjwvZm9udD48L3RkPjwvdHI+PHRyPjx0aCB3aWR0aD0iOTQiIGFsaWduPSJjZW50ZXIiIGJnY29sb3I9IiNmZWRiZDkiPgo8Zm9udCBzaXplPSIyIiBjb2xvcj0iIzMzMzMzMyI+5p2Q6LOqPC9mb250PjwvdGg+PHRkIHdpZHRoPSIyOTEiIGJnY29sb3I9IiNmZmZmZmYiPjxmb250IHNpemU9IjIiIGNvbG9yPSIjMzMzMzMzIj4K5q6144Oc44O844OrPGJyPjwvZm9udD48L3RkPjwvdHI+PHRyPjx0aCB3aWR0aD0iOTQiIGFsaWduPSJjZW50ZXIiIGJnY29sb3I9IiNmZWRiZDkiPjxmb250IHNpemU9IjIiIApjb2xvcj0iIzMzMzMzMyI+6ImyPC9mb250PjwvdGg+PHRkIHdpZHRoPSIyOTEiIGJnY29sb3I9IiNmZmZmZmYiPjxmb250IHNpemU9IjIiIGNvbG9yPSIjMzMzMzMzIj4K44OK44OB44Ol44Op44Or44CB5pyo55uu6Kq/44CB44OX44Op5q61IOeZvTwvZm9udD48L3RkPjwvdHI+PHRyPjx0aCB3aWR0aD0iOTQiIGFsaWduPSJjZW50ZXIiIGJnY29sb3I9IiNmZWRiZDkiPjxmb250IHNpemU9IjIiIApjb2xvcj0iIzMzMzMzMyI+5ZWG5ZOB6Kqs5piOPC9mb250PjwvdGg+PHRkIHdpZHRoPSIyOTEiIGJnY29sb3I9IiNmZmZmZmYiPjxmb250IHNpemU9IjIiIGNvbG9yPSIjMzMzMzMzIj4K5a6J5b+D44Gu5Zu955Sj5q6144Oc44O844Or44KS5L2/55So44GX44Gm44GE44G+44GZ44CCPGJyIC8+44GX44Gj44GL44KK44GX44Gm44GE44Gm44CB54yr44Gh44KD44KT44KC44Gu44KT44Gz44KK44GP44Gk44KN44GS44KL44GT44Go6ZaT6YGV44GE44Gq44GX44Gn44GZ44CCPGJyIC8+PGJyIC8+CueIquOBqOOBjuOCguOBp+OBjeOBpuOCueODiOODrOOCueino+a2iOOBq+OAgjwvZm9udD48L3RkPjwvdHI+PC90YWJsZT48ZGl2PjxpbWcgc3JjPSJodHRwOi8vaW1hZ2UucmFrdXRlbi5jby5qcC9pbmFwYWMvY2FiaW5ldC90b3AvdGl0bGUtcGkuZ2lmIiBhbHQ9IuazqOebruWVhuWTgSIgd2lkdGg9Ijc2MCIgaGVpZ2h0PSIzNSI+PC9kaXY+,54yr44Gu54iq44Go44GO44CA44Of44OL44K944OV44Kh44CQ5pel5pys6KO9IOeMqyDjgaTjgoHjgajjgY4g54iq44Go44GOIOeIquejqOOBjSDniKrjgb/jgYzjgY0g54yr55So5ZOBIOauteODnOODvOODqyDjgr3jg5XjgqEg6YGK44Gz44CR77ya44GP44KJ44G144Go5bel5oi/44Kv44Os44Ki44Or44CA5qW95aSp5biC5aC05bqX,54yr44Gu54iq44Go44GO44CA44Of44OL44K944OV44Kh44CQ5pel5pys6KO9IOeMqyDjgaTjgoHjgajjgY4g54iq44Go44GOIOeIquejqOOBjSDniKrjgb/jgYzjgY0g54yr55So5ZOBIOauteODnOODvOODqyDjgr3jg5XjgqEg6YGK44Gz44CR,54yr44Gu54iq44Go44GO44CA44Of44OL44K944OV44Kh44CQ5pel5pys6KO9IOeMqyDjgaTjgoHjgajjgY4g54iq44Go44GOIOeIquejqOOBjSDniKrjgb/jgYzjgY0g54yr55So5ZOBIOauteODnOODvOODqyDjgr3jg5XjgqEg6YGK44Gz44CR[rn]
37-51576,aHR0cDovL3RzaG9wLnIxMHMuanAvaW5hcGFjL2NhYmluZXQvMDM1OTc5MzUvaW1ncmMwMDcxMTA2ODE4LmpwZz9maXRpbj03MDA6NzAw,MjcyMC4wMDAw,,44Oa44OD44OI44O744Oa44OD44OI44Kw44OD44K6ID4g44Oa44OD44OI55So44GK5omL5YWl44KM55So5ZOBID4g54iq44Kx44Ki55So5ZOBID4g54yr55So54iq44Go44GO,44CQ44GK6LK344GE5b6X44K744OD44OI44CRIOeMq+OBrueIquOBqOOBjuOAgO+8t+OCu+ODg+ODiCDjgJDml6XmnKzoo70g54yrIOauteODnOODvOODqyDjg4Djg7Pjg5zjg7zjg6sg54iq44Go44GOIOOBpOOCgeOBqOOBjiDjgYrosrfjgYTlvpcg44GC44Gd44GzIOODquODk+ODs+OCsOOAkQ==,,PGRpdiBjbGFzcz0ncG02c3B3cnAnPjxzdHlsZT48IS0tLnBtNnNwd3JwIGRpdiwucG02c3B3cnAgaW1nLC5wbTZzcHdycCB0YWJsZSwucG02c3B3cnAgdHIsLnBtNnNwd3JwIHRke3dpZHRoOmF1dG87aGVpZ2h0OmF1dG87cGFkZGluZzowO21hcmdpbjowO292ZXJmbG93OmhpZGRlbn0ucG02c3B3cnAgdGR7ZmxvYXQ6bm9uZSAhaW1wb3J0YW50fS5wbTZzcHdycCwucG02c3B3cnAgZGl2LC5wbTZzcHdycCBkaXYgaDMsLnBtNnNwd3JwIGRpdiBwe2Rpc3BsYXk6YmxvY2t9LnBtNnNwd3JwIGRpdiB0YWJsZXtkaXNwbGF5OnRhYmxlO3dpZHRoOmF1dG87aGVpZ2h0OmF1dG87cGFkZGluZzowO21hcmdpbjowO2JvcmRlci1zcGFjaW5nOjB9LnBtNnNwd3JwIGRpdiB0YWJsZSB0ciwucG02c3B3cnAgZGl2IHRhYmxlIHRib2R5IHRye2Rpc3BsYXk6dGFibGUtcm93fS5wbTZzcHdycCBkaXYgdGFibGUgdHIgdGQsLnBtNnNwd3JwIGRpdiB0YWJsZSB0Ym9keSB0ciB0ZHtkaXNwbGF5OnRhYmxlLWNlbGw7ZmxvYXQ6bm9uZSAhaW1wb3J0YW50O3ZlcnRpY2FsLWFsaWduOnRvcH0ucG02c3B3cnAgdGFibGUgdGFibGV7d2lkdGg6MTAwJX0ucG02c3B3cnAsLnBtNnNwd3JwIHRoLC5wbTZzcHdycCB0ZHtjb2xvcjojMDAwMDAwO2ZvbnQtc2l6ZToxNnB4ICFpbXBvcnRhbnQ7Zm9udC1mYW1pbHk6J+ODkuODqeOCruODjuinkuOCtCBQcm8gVzMnLCdIaXJhZ2lubyBLYWt1IEdvdGhpYyBQcm8nLOODoeOCpOODquOCqixNZWlyeW8sT3Nha2EsJ++8re+8syDvvLDjgrTjgrfjg4Pjgq8nLCdNUyBQR290aGljJyxzYW5zLXNlcmlmO3RleHQtYWxpZ246Y2VudGVyfS5wbTZzcHdycCBkaXYgaDMsLnBtNnNwd3JwIGRpdiBwLC5wbTZzcHdycCBzdHJvbmd7d29yZC13cmFwOmJyZWFrLXdvcmQ7d29yZC1icmVhazpicmVhay1hbGw7cGFkZGluZzowO21hcmdpbi10b3A6MC41ZW07bWFyZ2luLWJvdHRvbTowLjVlbTtsaW5lLWhlaWdodDoxLjQ7dGV4dC1hbGlnbjpsZWZ0O292ZXJmbG93OnZpc2libGV9LnBtNnNwd3JwIGRpdiBoMywucG02c3B3cnAgc3Ryb25ne2ZvbnQtc2l6ZToxMTclO30ucG02c3BpbXt2ZXJ0aWNhbC1hbGlnbjp0b3B9LnBtNnNwd3JwIGRpdi5wbTZzcGlte21hcmdpbi1sZWZ0OmF1dG87bWFyZ2luLXJpZ2h0OmF1dG87dGV4dC1hbGlnbjpjZW50ZXJ9LnBtNnNwd3JwIHAucG02c3BpbXt0ZXh0LWFsaWduOmNlbnRlcn0ucG02c3B3cnAgZGl2IGltZywucG02c3B3cnAgZGl2IGEgaW1ne2JvcmRlcjpub25lO3ZlcnRpY2FsLWFsaWduOmJvdHRvbX0ucG02c3B3cnAgZGl2LC5wbTZzcHdycCB0YWJsZSB7aGVpZ2h0OmF1dG99LnBtNnNwd3JwIGRpdntvdmVyZmxvdzpoaWRkZW59LnBtNnNwd3JwIGRpdiBkaXZ7b3ZlcmZsb3c6dmlzaWJsZX0ucG02c3B3cnAgPiBkaXY6YWZ0ZXIsLnBtNnNwd3JwID4gdGFibGU6YWZ0ZXIge2NvbnRlbnQ6IiI7ZGlzcGxheTpibG9jaztoZWlnaHQ6MDtjbGVhcjpib3RoO3Zpc2liaWxpdHk6aGlkZGVufS5wbTZzcHdycHt3aWR0aDo3MTBweDtoZWlnaHQ6YXV0bztiYWNrZ3JvdW5kOiNmZmZmZmY7bWFyZ2luLWxlZnQ6YXV0bzttYXJnaW4tcmlnaHQ6YXV0bztwYWRkaW5nOjB9I3BtNnNwYjB7YmFja2dyb3VuZDp0cmFuc3BhcmVudDtwYWRkaW5nOjVweCAwfSNwbTZzcGIwIHRhYmxle2JvcmRlci1zcGFjaW5nOjEwcHg7bWFyZ2luOi0xMHB4O3dpZHRoOjczMHB4fSNwbTZzcGMwe3dpZHRoOjcxMHB4O2JhY2tncm91bmQ6dHJhbnNwYXJlbnQ7Ym9yZGVyOnNvbGlkICMwMDAwMDAgMDtwYWRkaW5nOjB9LnBtNnNwaW17d2lkdGg6MTAwJTtoZWlnaHQ6YXV0b30tLT48L3N0eWxlPjwhLS1baWYgZ3RlIElFIDYuMF0+PHN0eWxlPi5wbTZzcHdycCwucG02c3B3cnAgZGl2LC5wbTZzcHdycCBoMywucG02c3B3cnAgcCwucG02c3B3cnAgdGgsLnBtNnNwd3JwIHRke3pvb206MX0ucG02c3B3cnAsLnBtNnNwd3JwIHRoLC5wbTZzcHdycCB0ZHtmb250LXNpemU6MTZweCAhaW1wb3J0YW50fS5wbTZzcHdycHt3aWR0aDo3MTBweH0jcG02c3BjMHt3aWR0aDo3MTBweH08L3N0eWxlPjwhW2VuZGlmXS0tPjxkaXYgaWQ9InBtNnNwYjAiPjx0YWJsZSBjZWxsc3BhY2luZz0iMTAiPjx0cj48dGQgaWQ9InBtNnNwYzAiPjxkaXYgY2xhc3M9InBtNnNwaW0iPjxpbWcgc3JjPSJpbmFwYWMvY2FiaW5ldC9ic3JrNjYuanBnIj48L2Rpdj48L3RhYmxlPjwvZGl2PjwvZGl2PjxkaXY+PGltZyBzcmM9Imh0dHA6Ly9pbWFnZS5yYWt1dGVuLmNvLmpwL2luYXBhYy9jYWJpbmV0L3RvcC90aXRsZS1waS5naWYiIGFsdD0i5rOo55uu5ZWG5ZOBIiB3aWR0aD0iNzYwIiBoZWlnaHQ9IjM1Ij48L2Rpdj4=,44CQ44GK6LK344GE5b6X44K744OD44OI44CRIOeMq+OBrueIquOBqOOBjuOAgO+8t+OCu+ODg+ODiCDjgJDml6XmnKzoo70g54yrIOauteODnOODvOODqyDjg4Djg7Pjg5zjg7zjg6sg54iq44Go44GOIOOBpOOCgeOBqOOBjiDjgYrosrfjgYTlvpcg44GC44Gd44GzIOODquODk+ODs+OCsOOAke+8muOBj+OCieOBteOBqOW3peaIv+OCr+ODrOOCouODq+OAgOalveWkqeW4guWgtOW6lw==,44CQ44GK6LK344GE5b6X44K744OD44OI44CRIOeMq+OBrueIquOBqOOBjuOAgO+8t+OCu+ODg+ODiCDjgJDml6XmnKzoo70g54yrIOauteODnOODvOODqyDjg4Djg7Pjg5zjg7zjg6sg54iq44Go44GOIOOBpOOCgeOBqOOBjiDjgYrosrfjgYTlvpcg44GC44Gd44GzIOODquODk+ODs+OCsOOAkQ==,44CQ44GK6LK344GE5b6X44K744OD44OI44CRIOeMq+OBrueIquOBqOOBjuOAgO+8t+OCu+ODg+ODiCDjgJDml6XmnKzoo70g54yrIOauteODnOODvOODqyDjg4Djg7Pjg5zjg7zjg6sg54iq44Go44GOIOOBpOOCgeOBqOOBjiDjgYrosrfjgYTlvpcg44GC44Gd44GzIOODquODk+ODs+OCsOOAkQ==[rn]
37-51577,aHR0cDovL3RzaG9wLnIxMHMuanAvaW5hcGFjL2NhYmluZXQvMDM1OTc5MzUvaW1nNjY3NzczMTUuanBnP2ZpdGluPTcwMDo3MDA=,NDQwLjAwMDA=,,44Oa44OD44OI44O744Oa44OD44OI44Kw44OD44K6ID4g44Oa44OD44OI55So44GK5omL5YWl44KM55So5ZOBID4g54iq44Kx44Ki55So5ZOBID4g54yr55So54iq44Go44GO,44Gt44GT44Gu44GK44KC44Gh44KD44CA5q6144Kz44Ot44Oc44O844OrIOOAkOaXpeacrOijvSDjga3jgZMg44GK44KC44Gh44KDIOmBiuOBsyDmrrXjg5zjg7zjg6sg6Yi0IOOCs+ODreOCs+ODrSDjgJE=,,PGRpdiBjbGFzcz0nY2sxc3B3cnAnPjxzdHlsZT48IS0tLmNrMXNwd3JwIGRpdiwuY2sxc3B3cnAgaW1nLC5jazFzcHdycCB0YWJsZSwuY2sxc3B3cnAgdHIsLmNrMXNwd3JwIHRke3dpZHRoOmF1dG87aGVpZ2h0OmF1dG87cGFkZGluZzowO21hcmdpbjowO292ZXJmbG93OmhpZGRlbn0uY2sxc3B3cnAgdGR7ZmxvYXQ6bm9uZSAhaW1wb3J0YW50fS5jazFzcHdycCwuY2sxc3B3cnAgZGl2LC5jazFzcHdycCBkaXYgaDMsLmNrMXNwd3JwIGRpdiBwe2Rpc3BsYXk6YmxvY2t9LmNrMXNwd3JwIGRpdiB0YWJsZXtkaXNwbGF5OnRhYmxlO3dpZHRoOmF1dG87aGVpZ2h0OmF1dG87cGFkZGluZzowO21hcmdpbjowO2JvcmRlci1zcGFjaW5nOjB9LmNrMXNwd3JwIGRpdiB0YWJsZSB0ciwuY2sxc3B3cnAgZGl2IHRhYmxlIHRib2R5IHRye2Rpc3BsYXk6dGFibGUtcm93fS5jazFzcHdycCBkaXYgdGFibGUgdHIgdGQsLmNrMXNwd3JwIGRpdiB0YWJsZSB0Ym9keSB0ciB0ZHtkaXNwbGF5OnRhYmxlLWNlbGw7ZmxvYXQ6bm9uZSAhaW1wb3J0YW50O3ZlcnRpY2FsLWFsaWduOnRvcH0uY2sxc3B3cnAgdGFibGUgdGFibGV7d2lkdGg6MTAwJX0uY2sxc3B3cnAsLmNrMXNwd3JwIHRoLC5jazFzcHdycCB0ZHtjb2xvcjojMDAwMDAwO2ZvbnQtc2l6ZToxNnB4ICFpbXBvcnRhbnQ7Zm9udC1mYW1pbHk6J+ODkuODqeOCruODjuinkuOCtCBQcm8gVzMnLCdIaXJhZ2lubyBLYWt1IEdvdGhpYyBQcm8nLOODoeOCpOODquOCqixNZWlyeW8sT3Nha2EsJ++8re+8syDvvLDjgrTjgrfjg4Pjgq8nLCdNUyBQR290aGljJyxzYW5zLXNlcmlmO3RleHQtYWxpZ246Y2VudGVyfS5jazFzcHdycCBkaXYgaDMsLmNrMXNwd3JwIGRpdiBwLC5jazFzcHdycCBzdHJvbmd7d29yZC13cmFwOmJyZWFrLXdvcmQ7d29yZC1icmVhazpicmVhay1hbGw7cGFkZGluZzowO21hcmdpbi10b3A6MC41ZW07bWFyZ2luLWJvdHRvbTowLjVlbTtsaW5lLWhlaWdodDoxLjQ7dGV4dC1hbGlnbjpsZWZ0O292ZXJmbG93OnZpc2libGV9LmNrMXNwd3JwIGRpdiBoMywuY2sxc3B3cnAgc3Ryb25ne2ZvbnQtc2l6ZToxMTclO30uY2sxc3BpbXt2ZXJ0aWNhbC1hbGlnbjp0b3B9LmNrMXNwd3JwIGRpdi5jazFzcGlte21hcmdpbi1sZWZ0OmF1dG87bWFyZ2luLXJpZ2h0OmF1dG87dGV4dC1hbGlnbjpjZW50ZXJ9LmNrMXNwd3JwIHAuY2sxc3BpbXt0ZXh0LWFsaWduOmNlbnRlcn0uY2sxc3B3cnAgZGl2IGltZywuY2sxc3B3cnAgZGl2IGEgaW1ne2JvcmRlcjpub25lO3ZlcnRpY2FsLWFsaWduOmJvdHRvbX0uY2sxc3B3cnAgZGl2LC5jazFzcHdycCB0YWJsZSB7aGVpZ2h0OmF1dG99LmNrMXNwd3JwIGRpdntvdmVyZmxvdzpoaWRkZW59LmNrMXNwd3JwIGRpdiBkaXZ7b3ZlcmZsb3c6dmlzaWJsZX0uY2sxc3B3cnAgPiBkaXY6YWZ0ZXIsLmNrMXNwd3JwID4gdGFibGU6YWZ0ZXIge2NvbnRlbnQ6IiI7ZGlzcGxheTpibG9jaztoZWlnaHQ6MDtjbGVhcjpib3RoO3Zpc2liaWxpdHk6aGlkZGVufS5jazFzcHdycHt3aWR0aDo3MTBweDtoZWlnaHQ6YXV0bztiYWNrZ3JvdW5kOiNmZmZmZmY7bWFyZ2luLWxlZnQ6YXV0bzttYXJnaW4tcmlnaHQ6YXV0bztwYWRkaW5nOjB9I2NrMXNwYjB7YmFja2dyb3VuZDp0cmFuc3BhcmVudDtwYWRkaW5nOjVweCAwfSNjazFzcGIwIHRhYmxle2JvcmRlci1zcGFjaW5nOjEwcHg7bWFyZ2luOi0xMHB4O3dpZHRoOjczMHB4fSNjazFzcGMwe3dpZHRoOjcxMHB4O2JhY2tncm91bmQ6dHJhbnNwYXJlbnQ7Ym9yZGVyOnNvbGlkICMwMDAwMDAgMDtwYWRkaW5nOjB9LmNrMXNwaW17d2lkdGg6MTAwJTtoZWlnaHQ6YXV0b30tLT48L3N0eWxlPjwhLS1baWYgZ3RlIElFIDYuMF0+PHN0eWxlPi5jazFzcHdycCwuY2sxc3B3cnAgZGl2LC5jazFzcHdycCBoMywuY2sxc3B3cnAgcCwuY2sxc3B3cnAgdGgsLmNrMXNwd3JwIHRke3pvb206MX0uY2sxc3B3cnAsLmNrMXNwd3JwIHRoLC5jazFzcHdycCB0ZHtmb250LXNpemU6MTZweCAhaW1wb3J0YW50fS5jazFzcHdycHt3aWR0aDo3MTBweH0jY2sxc3BjMHt3aWR0aDo3MTBweH08L3N0eWxlPjwhW2VuZGlmXS0tPjxkaXYgaWQ9ImNrMXNwYjAiPjx0YWJsZSBjZWxsc3BhY2luZz0iMTAiPjx0cj48dGQgaWQ9ImNrMXNwYzAiPjxkaXYgY2xhc3M9ImNrMXNwaW0iPjxpbWcgc3JjPSJpbmFwYWMvY2FiaW5ldC8xc3JrMTEuanBnIj48L2Rpdj48L3RhYmxlPjwvZGl2PjwvZGl2PgoKCjxkaXYgY2xhc3M9J2NsMXNwd3JwJz48c3R5bGU+PCEtLS5jbDFzcHdycCBkaXYsLmNsMXNwd3JwIGltZywuY2wxc3B3cnAgdGFibGUsLmNsMXNwd3JwIHRyLC5jbDFzcHdycCB0ZHt3aWR0aDphdXRvO2hlaWdodDphdXRvO3BhZGRpbmc6MDttYXJnaW46MDtvdmVyZmxvdzpoaWRkZW59LmNsMXNwd3JwIHRke2Zsb2F0Om5vbmUgIWltcG9ydGFudH0uY2wxc3B3cnAsLmNsMXNwd3JwIGRpdiwuY2wxc3B3cnAgZGl2IGgzLC5jbDFzcHdycCBkaXYgcHtkaXNwbGF5OmJsb2NrfS5jbDFzcHdycCBkaXYgdGFibGV7ZGlzcGxheTp0YWJsZTt3aWR0aDphdXRvO2hlaWdodDphdXRvO3BhZGRpbmc6MDttYXJnaW46MDtib3JkZXItc3BhY2luZzowfS5jbDFzcHdycCBkaXYgdGFibGUgdHIsLmNsMXNwd3JwIGRpdiB0YWJsZSB0Ym9keSB0cntkaXNwbGF5OnRhYmxlLXJvd30uY2wxc3B3cnAgZGl2IHRhYmxlIHRyIHRkLC5jbDFzcHdycCBkaXYgdGFibGUgdGJvZHkgdHIgdGR7ZGlzcGxheTp0YWJsZS1jZWxsO2Zsb2F0Om5vbmUgIWltcG9ydGFudDt2ZXJ0aWNhbC1hbGlnbjp0b3B9LmNsMXNwd3JwIHRhYmxlIHRhYmxle3dpZHRoOjEwMCV9LmNsMXNwd3JwLC5jbDFzcHdycCB0aCwuY2wxc3B3cnAgdGR7Y29sb3I6IzAwMDAwMDtmb250LXNpemU6MTZweCAhaW1wb3J0YW50O2ZvbnQtZmFtaWx5Oifjg5Ljg6njgq7jg47op5LjgrQgUHJvIFczJywnSGlyYWdpbm8gS2FrdSBHb3RoaWMgUHJvJyzjg6HjgqTjg6rjgqosTWVpcnlvLE9zYWthLCfvvK3vvLMg77yw44K044K344OD44KvJywnTVMgUEdvdGhpYycsc2Fucy1zZXJpZjt0ZXh0LWFsaWduOmNlbnRlcn0uY2wxc3B3cnAgZGl2IGgzLC5jbDFzcHdycCBkaXYgcCwuY2wxc3B3cnAgc3Ryb25ne3dvcmQtd3JhcDpicmVhay13b3JkO3dvcmQtYnJlYWs6YnJlYWstYWxsO3BhZGRpbmc6MDttYXJnaW4tdG9wOjAuNWVtO21hcmdpbi1ib3R0b206MC41ZW07bGluZS1oZWlnaHQ6MS40O3RleHQtYWxpZ246bGVmdDtvdmVyZmxvdzp2aXNpYmxlfS5jbDFzcHdycCBkaXYgaDMsLmNsMXNwd3JwIHN0cm9uZ3tmb250LXNpemU6MTE3JTt9LmNsMXNwaW17dmVydGljYWwtYWxpZ246dG9wfS5jbDFzcHdycCBkaXYuY2wxc3BpbXttYXJnaW4tbGVmdDphdXRvO21hcmdpbi1yaWdodDphdXRvO3RleHQtYWxpZ246Y2VudGVyfS5jbDFzcHdycCBwLmNsMXNwaW17dGV4dC1hbGlnbjpjZW50ZXJ9LmNsMXNwd3JwIGRpdiBpbWcsLmNsMXNwd3JwIGRpdiBhIGltZ3tib3JkZXI6bm9uZTt2ZXJ0aWNhbC1hbGlnbjpib3R0b219LmNsMXNwd3JwIGRpdiwuY2wxc3B3cnAgdGFibGUge2hlaWdodDphdXRvfS5jbDFzcHdycCBkaXZ7b3ZlcmZsb3c6aGlkZGVufS5jbDFzcHdycCBkaXYgZGl2e292ZXJmbG93OnZpc2libGV9LmNsMXNwd3JwID4gZGl2OmFmdGVyLC5jbDFzcHdycCA+IHRhYmxlOmFmdGVyIHtjb250ZW50OiIiO2Rpc3BsYXk6YmxvY2s7aGVpZ2h0OjA7Y2xlYXI6Ym90aDt2aXNpYmlsaXR5OmhpZGRlbn0uY2wxc3B3cnB7d2lkdGg6NzEwcHg7aGVpZ2h0OmF1dG87YmFja2dyb3VuZDojZmZmZmZmO21hcmdpbi1sZWZ0OmF1dG87bWFyZ2luLXJpZ2h0OmF1dG87cGFkZGluZzowfSNjbDFzcGIwe2JhY2tncm91bmQ6dHJhbnNwYXJlbnQ7cGFkZGluZzo1cHggMH0jY2wxc3BiMCB0YWJsZXtib3JkZXItc3BhY2luZzoxMHB4O21hcmdpbjotMTBweDt3aWR0aDo3MzBweH0jY2wxc3BjMHt3aWR0aDo3MTBweDtiYWNrZ3JvdW5kOnRyYW5zcGFyZW50O2JvcmRlcjpzb2xpZCAjMDAwMDAwIDA7cGFkZGluZzowfS5jbDFzcGlte3dpZHRoOjEwMCU7aGVpZ2h0OmF1dG99LS0+PC9zdHlsZT48IS0tW2lmIGd0ZSBJRSA2LjBdPjxzdHlsZT4uY2wxc3B3cnAsLmNsMXNwd3JwIGRpdiwuY2wxc3B3cnAgaDMsLmNsMXNwd3JwIHAsLmNsMXNwd3JwIHRoLC5jbDFzcHdycCB0ZHt6b29tOjF9LmNsMXNwd3JwLC5jbDFzcHdycCB0aCwuY2wxc3B3cnAgdGR7Zm9udC1zaXplOjE2cHggIWltcG9ydGFudH0uY2wxc3B3cnB7d2lkdGg6NzEwcHh9I2NsMXNwYzB7d2lkdGg6NzEwcHh9PC9zdHlsZT48IVtlbmRpZl0tLT48ZGl2IGlkPSJjbDFzcGIwIj48dGFibGUgY2VsbHNwYWNpbmc9IjEwIj48dHI+PHRkIGlkPSJjbDFzcGMwIj48ZGl2IGNsYXNzPSJjbDFzcGltIj48aW1nIHNyYz0iaW5hcGFjL2NhYmluZXQvMXRyazExLmpwZyI+PC9kaXY+PC90YWJsZT48L2Rpdj48L2Rpdj48dGFibGUgd2lkdGg9IjQwMCIgYmdjb2xvcj0iI2ZjOGE4MCIgY2VsbHNwYWNpbmc9IjEiIGNlbGxwYWRkaW5nPSIzIj48dHI+PHRoIGNvbHNwYW49IjIiIGFsaWduPSJjZW50ZXIiIGJnY29sb3I9IiNmZWRiZDkiPjxiPgo8Zm9udCBjb2xvcj0iIzMzMzMzMyI+5ZWG5ZOB6Kmz57SwPC9mb250PjwvYj48L3RoPjwvdHI+PHRyPjx0aCB3aWR0aD0iOTQiIGFsaWduPSJjZW50ZXIiIGJnY29sb3I9IiNmZWRiZDkiPjxmb250IHNpemU9IjIiIApjb2xvcj0iIzMzMzMzMyI+44K144Kk44K6PC9mb250PjwvdGg+PHRkIHdpZHRoPSIyOTEiIGJnY29sb3I9IiNmZmZmZmYiPjxmb250IHNpemU9IjIiIGNvbG9yPSIjMzMzMzMzIj7nm7TlvoTvvJHvvJLjgrvjg7Pjg4E8YnIgLz4K6ZW344GV77yR77yS77yO77yV44K744Oz44OBPC9mb250PjwvdGQ+PC90cj48dHI+PHRoIHdpZHRoPSI5NCIgYWxpZ249ImNlbnRlciIgYmdjb2xvcj0iI2ZlZGJkOSI+PGZvbnQgc2l6ZT0iMiIgY29sb3I9IiMzMzMzMzMiPuadkOizqjwvZm9udD4KPC90aD48dGQgd2lkdGg9IjI5MSIgYmdjb2xvcj0iI2ZmZmZmZiI+PGZvbnQgc2l6ZT0iMiIgY29sb3I9IiMzMzMzMzMiPuauteODnOODvOODq+OAgeOCt+ODvOODqzwvZm9udD48L3RkPjwvdHI+PHRyPjx0aCB3aWR0aD0iOTQiIAphbGlnbj0iY2VudGVyIiBiZ2NvbG9yPSIjZmVkYmQ5Ij48Zm9udCBzaXplPSIyIiBjb2xvcj0iIzMzMzMzMyI+6ImyPC9mb250PjwvdGg+PHRkIHdpZHRoPSIyOTEiIGJnY29sb3I9IiNmZmZmZmYiPjxmb250IHNpemU9IjIiIApjb2xvcj0iIzMzMzMzMyI+6LWk44O76Z2S44O76buE44O757eR44O76buS44O757SrPC9mb250PjwvdGQ+PC90cj48dHI+PHRoIHdpZHRoPSI5NCIgYWxpZ249ImNlbnRlciIgYmdjb2xvcj0iI2ZlZGJkOSI+PGZvbnQgc2l6ZT0iMiIgCmNvbG9yPSIjMzMzMzMzIj7llYblk4HoqqzmmI48L2ZvbnQ+PC90aD48dGQgd2lkdGg9IjI5MSIgYmdjb2xvcj0iI2ZmZmZmZiI+PGZvbnQgc2l6ZT0iMiIgY29sb3I9IiMzMzMzMzMiPgrjga3jgZPjgaHjgoPjgpPjga7lpb3jgY3jgarmrrXjg5zjg7zjg6vjgajpiLTjgafjgYrjgoLjgaHjgoPjgpLkvZzjgorjgb7jgZfjgZ/vvIE8YnIgLz48YnIgLz7jgrPjg63jgrPjg63ou6LjgYzjgaPjgabpiLTjgoLjgarjgaPjgabjgIHjgaTjgYTlpKLkuK3jgavjgarjgaPjgaHjgoPjgYTjgb7jgZnvvIHvvIE8YnIgLz4KPGJyIC8+5piO44KL44GE6Imy44Gu44K344O844Or44Gr44Gq44Gj44Gm44GE44KL44Gu44Gn5Y+v5oSb44KJ44GX44GV44KC5YCN5aKX77yB77yBPGJyIC8+PC9mb250PjwvdGQ+PC90cj48L3RhYmxlPjxkaXY+PGltZyBzcmM9Imh0dHA6Ly9pbWFnZS5yYWt1dGVuLmNvLmpwL2luYXBhYy9jYWJpbmV0L3RvcC90aXRsZS1waS5naWYiIGFsdD0i5rOo55uu5ZWG5ZOBIiB3aWR0aD0iNzYwIiBoZWlnaHQ9IjM1Ij48L2Rpdj4=,44Gt44GT44Gu44GK44KC44Gh44KD44CA5q6144Kz44Ot44Oc44O844OrIOOAkOaXpeacrOijvSDjga3jgZMg44GK44KC44Gh44KDIOmBiuOBsyDmrrXjg5zjg7zjg6sg6Yi0IOOCs+ODreOCs+ODrSDjgJHvvJrjgY/jgonjgbXjgajlt6XmiL/jgq/jg6zjgqLjg6vjgIDmpb3lpKnluILloLTlupc=,44Gt44GT44Gu44GK44KC44Gh44KD44CA5q6144Kz44Ot44Oc44O844OrIOOAkOaXpeacrOijvSDjga3jgZMg44GK44KC44Gh44KDIOmBiuOBsyDmrrXjg5zjg7zjg6sg6Yi0IOOCs+ODreOCs+ODrSDjgJE=,44Gt44GT44Gu44GK44KC44Gh44KD44CA5q6144Kz44Ot44Oc44O844OrIOOAkOaXpeacrOijvSDjga3jgZMg44GK44KC44Gh44KDIOmBiuOBsyDmrrXjg5zjg7zjg6sg6Yi0IOOCs+ODreOCs+ODrSDjgJE=[rn]
37-51578,aHR0cDovL3RzaG9wLnIxMHMuanAvaW5hcGFjL2NhYmluZXQvaW1ncmMwMDY5NzA1NzA4LmpwZz9maXRpbj03MDA6NzAw,NDgwLjAwMDA=,,44Oa44OD44OI44O744Oa44OD44OI44Kw44OD44K6ID4g44Oa44OD44OI55So44GK5omL5YWl44KM55So5ZOBID4g54iq44Kx44Ki55So5ZOBID4g54yr55So54iq44Go44GO,54yr44Gu54iq44Go44GOICDkuJjlnosg44CQ5pel5pys6KO9IOeMqyDjgaTjgoHjgajjgY4g54iq44Go44GOIOeIquejqOOBjSDniKrjgb/jgYzjgY0g54yr55So5ZOBIOauteODnOODvOODqyAg6YGK44Gz44CR,,PGRpdiBjbGFzcz0nbXc2c3B3cnAnPjxzdHlsZT48IS0tLm13NnNwd3JwIGRpdiwubXc2c3B3cnAgaW1nLC5tdzZzcHdycCB0YWJsZSwubXc2c3B3cnAgdHIsLm13NnNwd3JwIHRke3dpZHRoOmF1dG87aGVpZ2h0OmF1dG87cGFkZGluZzowO21hcmdpbjowO292ZXJmbG93OmhpZGRlbn0ubXc2c3B3cnAgdGR7ZmxvYXQ6bm9uZSAhaW1wb3J0YW50fS5tdzZzcHdycCwubXc2c3B3cnAgZGl2LC5tdzZzcHdycCBkaXYgaDMsLm13NnNwd3JwIGRpdiBwe2Rpc3BsYXk6YmxvY2t9Lm13NnNwd3JwIGRpdiB0YWJsZXtkaXNwbGF5OnRhYmxlO3dpZHRoOmF1dG87aGVpZ2h0OmF1dG87cGFkZGluZzowO21hcmdpbjowO2JvcmRlci1zcGFjaW5nOjB9Lm13NnNwd3JwIGRpdiB0YWJsZSB0ciwubXc2c3B3cnAgZGl2IHRhYmxlIHRib2R5IHRye2Rpc3BsYXk6dGFibGUtcm93fS5tdzZzcHdycCBkaXYgdGFibGUgdHIgdGQsLm13NnNwd3JwIGRpdiB0YWJsZSB0Ym9keSB0ciB0ZHtkaXNwbGF5OnRhYmxlLWNlbGw7ZmxvYXQ6bm9uZSAhaW1wb3J0YW50O3ZlcnRpY2FsLWFsaWduOnRvcH0ubXc2c3B3cnAgdGFibGUgdGFibGV7d2lkdGg6MTAwJX0ubXc2c3B3cnAsLm13NnNwd3JwIHRoLC5tdzZzcHdycCB0ZHtjb2xvcjojMDAwMDAwO2ZvbnQtc2l6ZToxNnB4ICFpbXBvcnRhbnQ7Zm9udC1mYW1pbHk6J+ODkuODqeOCruODjuinkuOCtCBQcm8gVzMnLCdIaXJhZ2lubyBLYWt1IEdvdGhpYyBQcm8nLOODoeOCpOODquOCqixNZWlyeW8sT3Nha2EsJ++8re+8syDvvLDjgrTjgrfjg4Pjgq8nLCdNUyBQR290aGljJyxzYW5zLXNlcmlmO3RleHQtYWxpZ246Y2VudGVyfS5tdzZzcHdycCBkaXYgaDMsLm13NnNwd3JwIGRpdiBwLC5tdzZzcHdycCBzdHJvbmd7d29yZC13cmFwOmJyZWFrLXdvcmQ7d29yZC1icmVhazpicmVhay1hbGw7cGFkZGluZzowO21hcmdpbi10b3A6MC41ZW07bWFyZ2luLWJvdHRvbTowLjVlbTtsaW5lLWhlaWdodDoxLjQ7dGV4dC1hbGlnbjpsZWZ0O292ZXJmbG93OnZpc2libGV9Lm13NnNwd3JwIGRpdiBoMywubXc2c3B3cnAgc3Ryb25ne2ZvbnQtc2l6ZToxMTclO30ubXc2c3BpbXt2ZXJ0aWNhbC1hbGlnbjp0b3B9Lm13NnNwd3JwIGRpdi5tdzZzcGlte21hcmdpbi1sZWZ0OmF1dG87bWFyZ2luLXJpZ2h0OmF1dG87dGV4dC1hbGlnbjpjZW50ZXJ9Lm13NnNwd3JwIHAubXc2c3BpbXt0ZXh0LWFsaWduOmNlbnRlcn0ubXc2c3B3cnAgZGl2IGltZywubXc2c3B3cnAgZGl2IGEgaW1ne2JvcmRlcjpub25lO3ZlcnRpY2FsLWFsaWduOmJvdHRvbX0ubXc2c3B3cnAgZGl2LC5tdzZzcHdycCB0YWJsZSB7aGVpZ2h0OmF1dG99Lm13NnNwd3JwIGRpdntvdmVyZmxvdzpoaWRkZW59Lm13NnNwd3JwIGRpdiBkaXZ7b3ZlcmZsb3c6dmlzaWJsZX0ubXc2c3B3cnAgPiBkaXY6YWZ0ZXIsLm13NnNwd3JwID4gdGFibGU6YWZ0ZXIge2NvbnRlbnQ6IiI7ZGlzcGxheTpibG9jaztoZWlnaHQ6MDtjbGVhcjpib3RoO3Zpc2liaWxpdHk6aGlkZGVufS5tdzZzcHdycHt3aWR0aDo3MTBweDtoZWlnaHQ6YXV0bztiYWNrZ3JvdW5kOiNmZmZmZmY7bWFyZ2luLWxlZnQ6YXV0bzttYXJnaW4tcmlnaHQ6YXV0bztwYWRkaW5nOjB9I213NnNwYjAsI213NnNwYjF7YmFja2dyb3VuZDp0cmFuc3BhcmVudDtwYWRkaW5nOjVweCAwfSNtdzZzcGIwIHRhYmxlLCNtdzZzcGIxIHRhYmxle2JvcmRlci1zcGFjaW5nOjEwcHg7bWFyZ2luOi0xMHB4O3dpZHRoOjczMHB4fSNtdzZzcGMwLCNtdzZzcGMxe3dpZHRoOjcxMHB4O2JhY2tncm91bmQ6dHJhbnNwYXJlbnQ7Ym9yZGVyOnNvbGlkICMwMDAwMDAgMDtwYWRkaW5nOjB9Lm13NnNwaW17d2lkdGg6MTAwJTtoZWlnaHQ6YXV0b30tLT48L3N0eWxlPjwhLS1baWYgZ3RlIElFIDYuMF0+PHN0eWxlPi5tdzZzcHdycCwubXc2c3B3cnAgZGl2LC5tdzZzcHdycCBoMywubXc2c3B3cnAgcCwubXc2c3B3cnAgdGgsLm13NnNwd3JwIHRke3pvb206MX0ubXc2c3B3cnAsLm13NnNwd3JwIHRoLC5tdzZzcHdycCB0ZHtmb250LXNpemU6MTZweCAhaW1wb3J0YW50fS5tdzZzcHdycHt3aWR0aDo3MTBweH0jbXc2c3BjMCwjbXc2c3BjMXt3aWR0aDo3MTBweH08L3N0eWxlPjwhW2VuZGlmXS0tPjxkaXYgaWQ9Im13NnNwYjAiPjx0YWJsZSBjZWxsc3BhY2luZz0iMTAiPjx0cj48dGQgaWQ9Im13NnNwYzAiPjxkaXYgY2xhc3M9Im13NnNwaW0iPjxpbWcgc3JjPSJpbmFwYWMvY2FiaW5ldC85c3JrNjEuanBnIj48L2Rpdj48L3RhYmxlPjwvZGl2PjxkaXYgaWQ9Im13NnNwYjEiPjx0YWJsZSBjZWxsc3BhY2luZz0iMTAiPjx0cj48dGQgaWQ9Im13NnNwYzEiPjxkaXYgY2xhc3M9Im13NnNwaW0iPjxpbWcgc3JjPSJpbmFwYWMvY2FiaW5ldC85c3JrNjIuanBnIj48L2Rpdj48L3RhYmxlPjwvZGl2PjwvZGl2Pjx0YWJsZSB3aWR0aD0iNDAwIiBiZ2NvbG9yPSIjZmM4YTgwIiBjZWxsc3BhY2luZz0iMSIgY2VsbHBhZGRpbmc9IjMiPjx0cj48dGggY29sc3Bhbj0iMiIgYWxpZ249ImNlbnRlciIgYmdjb2xvcj0iI2ZlZGJkOSI+PGI+Cjxmb250IGNvbG9yPSIjMzMzMzMzIj7llYblk4HoqbPntLA8L2ZvbnQ+PC9iPjwvdGg+PC90cj48dHI+PHRoIHdpZHRoPSI5NCIgYWxpZ249ImNlbnRlciIgYmdjb2xvcj0iI2ZlZGJkOSI+PGZvbnQgc2l6ZT0iMiIgCmNvbG9yPSIjMzMzMzMzIj7jgrXjgqTjgro8L2ZvbnQ+PC90aD48dGQgd2lkdGg9IjI5MSIgYmdjb2xvcj0iI2ZmZmZmZiI+PGZvbnQgc2l6ZT0iMiIgY29sb3I9IiMzMzMzMzMiPue4puOAgOe0hDYuM+OCu+ODs+ODgTxiciAvPuaoquOAgCAK57SEMjPjgrvjg7Pjg4E8YnIgLz7plbfjgZXjgIDntIQ0NeOCu+ODs+ODgTxiciAvPumHjeOBleOAgOe0hDAuOeOCreODrTxiciAvPjwvZm9udD48L3RkPjwvdHI+PHRyPjx0aCB3aWR0aD0iOTQiIGFsaWduPSJjZW50ZXIiIGJnY29sb3I9IiNmZWRiZDkiPgo8Zm9udCBzaXplPSIyIiBjb2xvcj0iIzMzMzMzMyI+5p2Q6LOqPC9mb250PjwvdGg+PHRkIHdpZHRoPSIyOTEiIGJnY29sb3I9IiNmZmZmZmYiPjxmb250IHNpemU9IjIiIGNvbG9yPSIjMzMzMzMzIj7mrrXjg5zjg7zjg6s8L2ZvbnQ+CjwvdGQ+PC90cj48dHI+PHRoIHdpZHRoPSI5NCIgYWxpZ249ImNlbnRlciIgYmdjb2xvcj0iI2ZlZGJkOSI+PGZvbnQgc2l6ZT0iMiIgY29sb3I9IiMzMzMzMzMiPuiJsjwvZm9udD48L3RoPjx0ZCB3aWR0aD0iMjkxIiAKYmdjb2xvcj0iI2ZmZmZmZiI+PGZvbnQgc2l6ZT0iMiIgY29sb3I9IiMzMzMzMzMiPuODiuODgeODpeODqeODq+OBruOBvzwvZm9udD48L3RkPjwvdHI+PHRyPjx0aCB3aWR0aD0iOTQiIGFsaWduPSJjZW50ZXIiIApiZ2NvbG9yPSIjZmVkYmQ5Ij48Zm9udCBzaXplPSIyIiBjb2xvcj0iIzMzMzMzMyI+5ZWG5ZOB6Kqs5piOPC9mb250PjwvdGg+PHRkIHdpZHRoPSIyOTEiIGJnY29sb3I9IiNmZmZmZmYiPjxmb250IHNpemU9IjIiIApjb2xvcj0iIzMzMzMzMyI+5pel5pys55Sj44Gu6Imv6LOq44Gq5q6144Oc44O844Or44Gn44K344Oz44OX44Or44Gr5LuV5LiK44GS44G+44GX44Gf44CCPGJyIC8+57ep44KE44GL44Gq5Li444GM54yr44Gh44KD44KT5aSn5Zac44Gz77yB77yBPGJyIC8+CjxiciAvPjwvZm9udD48L3RkPjwvdHI+PC90YWJsZT48ZGl2PjxpbWcgc3JjPSJodHRwOi8vaW1hZ2UucmFrdXRlbi5jby5qcC9pbmFwYWMvY2FiaW5ldC90b3AvdGl0bGUtcGkuZ2lmIiBhbHQ9IuazqOebruWVhuWTgSIgd2lkdGg9Ijc2MCIgaGVpZ2h0PSIzNSI+PC9kaXY+,54yr44Gu54iq44Go44GOICDkuJjlnosg44CQ5pel5pys6KO9IOeMqyDjgaTjgoHjgajjgY4g54iq44Go44GOIOeIquejqOOBjSDniKrjgb/jgYzjgY0g54yr55So5ZOBIOauteODnOODvOODqyAg6YGK44Gz44CR77ya44GP44KJ44G144Go5bel5oi/44Kv44Os44Ki44Or44CA5qW95aSp5biC5aC05bqX,54yr44Gu54iq44Go44GOICDkuJjlnosg44CQ5pel5pys6KO9IOeMqyDjgaTjgoHjgajjgY4g54iq44Go44GOIOeIquejqOOBjSDniKrjgb/jgYzjgY0g54yr55So5ZOBIOauteODnOODvOODqyAg6YGK44Gz44CR,54yr44Gu54iq44Go44GOICDkuJjlnosg44CQ5pel5pys6KO9IOeMqyDjgaTjgoHjgajjgY4g54iq44Go44GOIOeIquejqOOBjSDniKrjgb/jgYzjgY0g54yr55So5ZOBIOauteODnOODvOODqyAg6YGK44Gz44CR[rn]
37-51579,aHR0cDovL3RzaG9wLnIxMHMuanAvaW5hcGFjL2NhYmluZXQvaW1ncmMwMDY5OTY0MzAxLmpwZz9maXRpbj03MDA6NzAw,MTY0MC4wMDAw,,44Oa44OD44OI44O744Oa44OD44OI44Kw44OD44K6ID4g44Oa44OD44OI55So44GK5omL5YWl44KM55So5ZOBID4g54iq44Kx44Ki55So5ZOBID4g54yr55So54iq44Go44GO,54yr44Gu44Gk44KB44Go44GOIOODn+ODi+ODiOODs+ODjeODqyDjgJDml6XmnKzoo70g54yrIOOBpOOCgeOBqOOBjiDniKrjgajjgY4g54iq56Oo44GNIOeIquOBv+OBjOOBjSDnjKvnlKjlk4Eg5q6144Oc44O844OrIOODiOODs+ODjeODqyDpgYrjgbPjgJE=,,PGRpdiBjbGFzcz0ncGo2c3B3cnAnPjxzdHlsZT48IS0tLnBqNnNwd3JwIGRpdiwucGo2c3B3cnAgaW1nLC5wajZzcHdycCB0YWJsZSwucGo2c3B3cnAgdHIsLnBqNnNwd3JwIHRke3dpZHRoOmF1dG87aGVpZ2h0OmF1dG87cGFkZGluZzowO21hcmdpbjowO292ZXJmbG93OmhpZGRlbn0ucGo2c3B3cnAgdGR7ZmxvYXQ6bm9uZSAhaW1wb3J0YW50fS5wajZzcHdycCwucGo2c3B3cnAgZGl2LC5wajZzcHdycCBkaXYgaDMsLnBqNnNwd3JwIGRpdiBwe2Rpc3BsYXk6YmxvY2t9LnBqNnNwd3JwIGRpdiB0YWJsZXtkaXNwbGF5OnRhYmxlO3dpZHRoOmF1dG87aGVpZ2h0OmF1dG87cGFkZGluZzowO21hcmdpbjowO2JvcmRlci1zcGFjaW5nOjB9LnBqNnNwd3JwIGRpdiB0YWJsZSB0ciwucGo2c3B3cnAgZGl2IHRhYmxlIHRib2R5IHRye2Rpc3BsYXk6dGFibGUtcm93fS5wajZzcHdycCBkaXYgdGFibGUgdHIgdGQsLnBqNnNwd3JwIGRpdiB0YWJsZSB0Ym9keSB0ciB0ZHtkaXNwbGF5OnRhYmxlLWNlbGw7ZmxvYXQ6bm9uZSAhaW1wb3J0YW50O3ZlcnRpY2FsLWFsaWduOnRvcH0ucGo2c3B3cnAgdGFibGUgdGFibGV7d2lkdGg6MTAwJX0ucGo2c3B3cnAsLnBqNnNwd3JwIHRoLC5wajZzcHdycCB0ZHtjb2xvcjojMDAwMDAwO2ZvbnQtc2l6ZToxNnB4ICFpbXBvcnRhbnQ7Zm9udC1mYW1pbHk6J+ODkuODqeOCruODjuinkuOCtCBQcm8gVzMnLCdIaXJhZ2lubyBLYWt1IEdvdGhpYyBQcm8nLOODoeOCpOODquOCqixNZWlyeW8sT3Nha2EsJ++8re+8syDvvLDjgrTjgrfjg4Pjgq8nLCdNUyBQR290aGljJyxzYW5zLXNlcmlmO3RleHQtYWxpZ246Y2VudGVyfS5wajZzcHdycCBkaXYgaDMsLnBqNnNwd3JwIGRpdiBwLC5wajZzcHdycCBzdHJvbmd7d29yZC13cmFwOmJyZWFrLXdvcmQ7d29yZC1icmVhazpicmVhay1hbGw7cGFkZGluZzowO21hcmdpbi10b3A6MC41ZW07bWFyZ2luLWJvdHRvbTowLjVlbTtsaW5lLWhlaWdodDoxLjQ7dGV4dC1hbGlnbjpsZWZ0O292ZXJmbG93OnZpc2libGV9LnBqNnNwd3JwIGRpdiBoMywucGo2c3B3cnAgc3Ryb25ne2ZvbnQtc2l6ZToxMTclO30ucGo2c3BpbXt2ZXJ0aWNhbC1hbGlnbjp0b3B9LnBqNnNwd3JwIGRpdi5wajZzcGlte21hcmdpbi1sZWZ0OmF1dG87bWFyZ2luLXJpZ2h0OmF1dG87dGV4dC1hbGlnbjpjZW50ZXJ9LnBqNnNwd3JwIHAucGo2c3BpbXt0ZXh0LWFsaWduOmNlbnRlcn0ucGo2c3B3cnAgZGl2IGltZywucGo2c3B3cnAgZGl2IGEgaW1ne2JvcmRlcjpub25lO3ZlcnRpY2FsLWFsaWduOmJvdHRvbX0ucGo2c3B3cnAgZGl2LC5wajZzcHdycCB0YWJsZSB7aGVpZ2h0OmF1dG99LnBqNnNwd3JwIGRpdntvdmVyZmxvdzpoaWRkZW59LnBqNnNwd3JwIGRpdiBkaXZ7b3ZlcmZsb3c6dmlzaWJsZX0ucGo2c3B3cnAgPiBkaXY6YWZ0ZXIsLnBqNnNwd3JwID4gdGFibGU6YWZ0ZXIge2NvbnRlbnQ6IiI7ZGlzcGxheTpibG9jaztoZWlnaHQ6MDtjbGVhcjpib3RoO3Zpc2liaWxpdHk6aGlkZGVufS5wajZzcHdycHt3aWR0aDo3MTBweDtoZWlnaHQ6YXV0bztiYWNrZ3JvdW5kOiNmZmZmZmY7bWFyZ2luLWxlZnQ6YXV0bzttYXJnaW4tcmlnaHQ6YXV0bztwYWRkaW5nOjB9I3BqNnNwYjAsI3BqNnNwYjF7YmFja2dyb3VuZDp0cmFuc3BhcmVudDtwYWRkaW5nOjVweCAwfSNwajZzcGIwIHRhYmxlLCNwajZzcGIxIHRhYmxle2JvcmRlci1zcGFjaW5nOjEwcHg7bWFyZ2luOi0xMHB4O3dpZHRoOjczMHB4fSNwajZzcGMwLCNwajZzcGMxe3dpZHRoOjcxMHB4O2JhY2tncm91bmQ6dHJhbnNwYXJlbnQ7Ym9yZGVyOnNvbGlkICMwMDAwMDAgMDtwYWRkaW5nOjB9LnBqNnNwaW17d2lkdGg6MTAwJTtoZWlnaHQ6YXV0b30tLT48L3N0eWxlPjwhLS1baWYgZ3RlIElFIDYuMF0+PHN0eWxlPi5wajZzcHdycCwucGo2c3B3cnAgZGl2LC5wajZzcHdycCBoMywucGo2c3B3cnAgcCwucGo2c3B3cnAgdGgsLnBqNnNwd3JwIHRke3pvb206MX0ucGo2c3B3cnAsLnBqNnNwd3JwIHRoLC5wajZzcHdycCB0ZHtmb250LXNpemU6MTZweCAhaW1wb3J0YW50fS5wajZzcHdycHt3aWR0aDo3MTBweH0jcGo2c3BjMCwjcGo2c3BjMXt3aWR0aDo3MTBweH08L3N0eWxlPjwhW2VuZGlmXS0tPjxkaXYgaWQ9InBqNnNwYjAiPjx0YWJsZSBjZWxsc3BhY2luZz0iMTAiPjx0cj48dGQgaWQ9InBqNnNwYzAiPjxkaXYgY2xhc3M9InBqNnNwaW0iPjxpbWcgc3JjPSJpbmFwYWMvY2FiaW5ldC9icHJrNjYuanBnIj48L2Rpdj48L3RhYmxlPjwvZGl2PjxkaXYgaWQ9InBqNnNwYjEiPjx0YWJsZSBjZWxsc3BhY2luZz0iMTAiPjx0cj48dGQgaWQ9InBqNnNwYzEiPjxkaXYgY2xhc3M9InBqNnNwaW0iPjxpbWcgc3JjPSJpbmFwYWMvY2FiaW5ldC9icHJrNjIuanBnIj48L2Rpdj48L3RhYmxlPjwvZGl2PjwvZGl2PgoKCgo8ZGl2IGNsYXNzPSdwazZzcHdycCc+PHN0eWxlPjwhLS0ucGs2c3B3cnAgZGl2LC5wazZzcHdycCBpbWcsLnBrNnNwd3JwIHRhYmxlLC5wazZzcHdycCB0ciwucGs2c3B3cnAgdGR7d2lkdGg6YXV0bztoZWlnaHQ6YXV0bztwYWRkaW5nOjA7bWFyZ2luOjA7b3ZlcmZsb3c6aGlkZGVufS5wazZzcHdycCB0ZHtmbG9hdDpub25lICFpbXBvcnRhbnR9LnBrNnNwd3JwLC5wazZzcHdycCBkaXYsLnBrNnNwd3JwIGRpdiBoMywucGs2c3B3cnAgZGl2IHB7ZGlzcGxheTpibG9ja30ucGs2c3B3cnAgZGl2IHRhYmxle2Rpc3BsYXk6dGFibGU7d2lkdGg6YXV0bztoZWlnaHQ6YXV0bztwYWRkaW5nOjA7bWFyZ2luOjA7Ym9yZGVyLXNwYWNpbmc6MH0ucGs2c3B3cnAgZGl2IHRhYmxlIHRyLC5wazZzcHdycCBkaXYgdGFibGUgdGJvZHkgdHJ7ZGlzcGxheTp0YWJsZS1yb3d9LnBrNnNwd3JwIGRpdiB0YWJsZSB0ciB0ZCwucGs2c3B3cnAgZGl2IHRhYmxlIHRib2R5IHRyIHRke2Rpc3BsYXk6dGFibGUtY2VsbDtmbG9hdDpub25lICFpbXBvcnRhbnQ7dmVydGljYWwtYWxpZ246dG9wfS5wazZzcHdycCB0YWJsZSB0YWJsZXt3aWR0aDoxMDAlfS5wazZzcHdycCwucGs2c3B3cnAgdGgsLnBrNnNwd3JwIHRke2NvbG9yOiMwMDAwMDA7Zm9udC1zaXplOjE2cHggIWltcG9ydGFudDtmb250LWZhbWlseTon44OS44Op44Ku44OO6KeS44K0IFBybyBXMycsJ0hpcmFnaW5vIEtha3UgR290aGljIFBybycs44Oh44Kk44Oq44KqLE1laXJ5byxPc2FrYSwn77yt77yzIO+8sOOCtOOCt+ODg+OCrycsJ01TIFBHb3RoaWMnLHNhbnMtc2VyaWY7dGV4dC1hbGlnbjpjZW50ZXJ9LnBrNnNwd3JwIGRpdiBoMywucGs2c3B3cnAgZGl2IHAsLnBrNnNwd3JwIHN0cm9uZ3t3b3JkLXdyYXA6YnJlYWstd29yZDt3b3JkLWJyZWFrOmJyZWFrLWFsbDtwYWRkaW5nOjA7bWFyZ2luLXRvcDowLjVlbTttYXJnaW4tYm90dG9tOjAuNWVtO2xpbmUtaGVpZ2h0OjEuNDt0ZXh0LWFsaWduOmxlZnQ7b3ZlcmZsb3c6dmlzaWJsZX0ucGs2c3B3cnAgZGl2IGgzLC5wazZzcHdycCBzdHJvbmd7Zm9udC1zaXplOjExNyU7fS5wazZzcGlte3ZlcnRpY2FsLWFsaWduOnRvcH0ucGs2c3B3cnAgZGl2LnBrNnNwaW17bWFyZ2luLWxlZnQ6YXV0bzttYXJnaW4tcmlnaHQ6YXV0bzt0ZXh0LWFsaWduOmNlbnRlcn0ucGs2c3B3cnAgcC5wazZzcGlte3RleHQtYWxpZ246Y2VudGVyfS5wazZzcHdycCBkaXYgaW1nLC5wazZzcHdycCBkaXYgYSBpbWd7Ym9yZGVyOm5vbmU7dmVydGljYWwtYWxpZ246Ym90dG9tfS5wazZzcHdycCBkaXYsLnBrNnNwd3JwIHRhYmxlIHtoZWlnaHQ6YXV0b30ucGs2c3B3cnAgZGl2e292ZXJmbG93OmhpZGRlbn0ucGs2c3B3cnAgZGl2IGRpdntvdmVyZmxvdzp2aXNpYmxlfS5wazZzcHdycCA+IGRpdjphZnRlciwucGs2c3B3cnAgPiB0YWJsZTphZnRlciB7Y29udGVudDoiIjtkaXNwbGF5OmJsb2NrO2hlaWdodDowO2NsZWFyOmJvdGg7dmlzaWJpbGl0eTpoaWRkZW59LnBrNnNwd3Jwe3dpZHRoOjcxMHB4O2hlaWdodDphdXRvO2JhY2tncm91bmQ6I2ZmZmZmZjttYXJnaW4tbGVmdDphdXRvO21hcmdpbi1yaWdodDphdXRvO3BhZGRpbmc6MH0jcGs2c3BiMHtiYWNrZ3JvdW5kOnRyYW5zcGFyZW50O3BhZGRpbmc6NXB4IDB9I3BrNnNwYjAgdGFibGV7Ym9yZGVyLXNwYWNpbmc6MTBweDttYXJnaW46LTEwcHg7d2lkdGg6NzMwcHh9I3BrNnNwYzB7d2lkdGg6NzEwcHg7YmFja2dyb3VuZDp0cmFuc3BhcmVudDtib3JkZXI6c29saWQgIzAwMDAwMCAwO3BhZGRpbmc6MH0ucGs2c3BpbXt3aWR0aDoxMDAlO2hlaWdodDphdXRvfS0tPjwvc3R5bGU+PCEtLVtpZiBndGUgSUUgNi4wXT48c3R5bGU+LnBrNnNwd3JwLC5wazZzcHdycCBkaXYsLnBrNnNwd3JwIGgzLC5wazZzcHdycCBwLC5wazZzcHdycCB0aCwucGs2c3B3cnAgdGR7em9vbToxfS5wazZzcHdycCwucGs2c3B3cnAgdGgsLnBrNnNwd3JwIHRke2ZvbnQtc2l6ZToxNnB4ICFpbXBvcnRhbnR9LnBrNnNwd3Jwe3dpZHRoOjcxMHB4fSNwazZzcGMwe3dpZHRoOjcxMHB4fTwvc3R5bGU+PCFbZW5kaWZdLS0+PGRpdiBpZD0icGs2c3BiMCI+PHRhYmxlIGNlbGxzcGFjaW5nPSIxMCI+PHRyPjx0ZCBpZD0icGs2c3BjMCI+PGRpdiBjbGFzcz0icGs2c3BpbSI+PGltZyBzcmM9ImluYXBhYy9jYWJpbmV0L2Jxcms2MS5qcGciPjwvZGl2PjwvdGFibGU+PC9kaXY+PC9kaXY+CgoKCjxkaXYgY2xhc3M9J3lhNnNwd3JwJz48c3R5bGU+PCEtLS55YTZzcHdycCBkaXYsLnlhNnNwd3JwIGltZywueWE2c3B3cnAgdGFibGUsLnlhNnNwd3JwIHRyLC55YTZzcHdycCB0ZHt3aWR0aDphdXRvO2hlaWdodDphdXRvO3BhZGRpbmc6MDttYXJnaW46MDtvdmVyZmxvdzpoaWRkZW59LnlhNnNwd3JwIHRke2Zsb2F0Om5vbmUgIWltcG9ydGFudH0ueWE2c3B3cnAsLnlhNnNwd3JwIGRpdiwueWE2c3B3cnAgZGl2IGgzLC55YTZzcHdycCBkaXYgcHtkaXNwbGF5OmJsb2NrfS55YTZzcHdycCBkaXYgdGFibGV7ZGlzcGxheTp0YWJsZTt3aWR0aDphdXRvO2hlaWdodDphdXRvO3BhZGRpbmc6MDttYXJnaW46MDtib3JkZXItc3BhY2luZzowfS55YTZzcHdycCBkaXYgdGFibGUgdHIsLnlhNnNwd3JwIGRpdiB0YWJsZSB0Ym9keSB0cntkaXNwbGF5OnRhYmxlLXJvd30ueWE2c3B3cnAgZGl2IHRhYmxlIHRyIHRkLC55YTZzcHdycCBkaXYgdGFibGUgdGJvZHkgdHIgdGR7ZGlzcGxheTp0YWJsZS1jZWxsO2Zsb2F0Om5vbmUgIWltcG9ydGFudDt2ZXJ0aWNhbC1hbGlnbjp0b3B9LnlhNnNwd3JwIHRhYmxlIHRhYmxle3dpZHRoOjEwMCV9LnlhNnNwd3JwLC55YTZzcHdycCB0aCwueWE2c3B3cnAgdGR7Y29sb3I6IzAwMDAwMDtmb250LXNpemU6MTZweCAhaW1wb3J0YW50O2ZvbnQtZmFtaWx5Oifjg5Ljg6njgq7jg47op5LjgrQgUHJvIFczJywnSGlyYWdpbm8gS2FrdSBHb3RoaWMgUHJvJyzjg6HjgqTjg6rjgqosTWVpcnlvLE9zYWthLCfvvK3vvLMg77yw44K044K344OD44KvJywnTVMgUEdvdGhpYycsc2Fucy1zZXJpZjt0ZXh0LWFsaWduOmNlbnRlcn0ueWE2c3B3cnAgZGl2IGgzLC55YTZzcHdycCBkaXYgcCwueWE2c3B3cnAgc3Ryb25ne3dvcmQtd3JhcDpicmVhay13b3JkO3dvcmQtYnJlYWs6YnJlYWstYWxsO3BhZGRpbmc6MDttYXJnaW4tdG9wOjAuNWVtO21hcmdpbi1ib3R0b206MC41ZW07bGluZS1oZWlnaHQ6MS40O3RleHQtYWxpZ246bGVmdDtvdmVyZmxvdzp2aXNpYmxlfS55YTZzcHdycCBkaXYgaDMsLnlhNnNwd3JwIHN0cm9uZ3tmb250LXNpemU6MTE3JTt9LnlhNnNwaW17dmVydGljYWwtYWxpZ246dG9wfS55YTZzcHdycCBkaXYueWE2c3BpbXttYXJnaW4tbGVmdDphdXRvO21hcmdpbi1yaWdodDphdXRvO3RleHQtYWxpZ246Y2VudGVyfS55YTZzcHdycCBwLnlhNnNwaW17dGV4dC1hbGlnbjpjZW50ZXJ9LnlhNnNwd3JwIGRpdiBpbWcsLnlhNnNwd3JwIGRpdiBhIGltZ3tib3JkZXI6bm9uZTt2ZXJ0aWNhbC1hbGlnbjpib3R0b219LnlhNnNwd3JwIGRpdiwueWE2c3B3cnAgdGFibGUge2hlaWdodDphdXRvfS55YTZzcHdycCBkaXZ7b3ZlcmZsb3c6aGlkZGVufS55YTZzcHdycCBkaXYgZGl2e292ZXJmbG93OnZpc2libGV9LnlhNnNwd3JwID4gZGl2OmFmdGVyLC55YTZzcHdycCA+IHRhYmxlOmFmdGVyIHtjb250ZW50OiIiO2Rpc3BsYXk6YmxvY2s7aGVpZ2h0OjA7Y2xlYXI6Ym90aDt2aXNpYmlsaXR5OmhpZGRlbn0ueWE2c3B3cnB7d2lkdGg6NzEwcHg7aGVpZ2h0OmF1dG87YmFja2dyb3VuZDojZmZmZmZmO21hcmdpbi1sZWZ0OmF1dG87bWFyZ2luLXJpZ2h0OmF1dG87cGFkZGluZzowfSN5YTZzcGIwe2JhY2tncm91bmQ6dHJhbnNwYXJlbnQ7cGFkZGluZzo1cHggMH0jeWE2c3BiMCB0YWJsZXtib3JkZXItc3BhY2luZzoxMHB4O21hcmdpbjotMTBweDt3aWR0aDo3MzBweH0jeWE2c3BjMHt3aWR0aDo3MTBweDtiYWNrZ3JvdW5kOnRyYW5zcGFyZW50O2JvcmRlcjpzb2xpZCAjMDAwMDAwIDA7cGFkZGluZzowfS55YTZzcGlte3dpZHRoOjEwMCU7aGVpZ2h0OmF1dG99LS0+PC9zdHlsZT48IS0tW2lmIGd0ZSBJRSA2LjBdPjxzdHlsZT4ueWE2c3B3cnAsLnlhNnNwd3JwIGRpdiwueWE2c3B3cnAgaDMsLnlhNnNwd3JwIHAsLnlhNnNwd3JwIHRoLC55YTZzcHdycCB0ZHt6b29tOjF9LnlhNnNwd3JwLC55YTZzcHdycCB0aCwueWE2c3B3cnAgdGR7Zm9udC1zaXplOjE2cHggIWltcG9ydGFudH0ueWE2c3B3cnB7d2lkdGg6NzEwcHh9I3lhNnNwYzB7d2lkdGg6NzEwcHh9PC9zdHlsZT48IVtlbmRpZl0tLT48ZGl2IGlkPSJ5YTZzcGIwIj48dGFibGUgY2VsbHNwYWNpbmc9IjEwIj48dHI+PHRkIGlkPSJ5YTZzcGMwIj48ZGl2IGNsYXNzPSJ5YTZzcGltIj48aW1nIHNyYz0iaW5hcGFjL2NhYmluZXQvaWNyazYxLmpwZyI+PC9kaXY+PC90YWJsZT48L2Rpdj48L2Rpdj4KCjx0YWJsZSB3aWR0aD0iNDAwIiBiZ2NvbG9yPSIjZmM4YTgwIiBjZWxsc3BhY2luZz0iMSIgY2VsbHBhZGRpbmc9IjMiPjx0cj48dGggY29sc3Bhbj0iMiIgYWxpZ249ImNlbnRlciIgYmdjb2xvcj0iI2ZlZGJkOSI+PGI+Cjxmb250IGNvbG9yPSIjMzMzMzMzIj7llYblk4HoqbPntLA8L2ZvbnQ+PC9iPjwvdGg+PC90cj48dHI+PHRoIHdpZHRoPSI5NCIgYWxpZ249ImNlbnRlciIgYmdjb2xvcj0iI2ZlZGJkOSI+PGZvbnQgc2l6ZT0iMiIgCmNvbG9yPSIjMzMzMzMzIj7jgrXjgqTjgro8L2ZvbnQ+PC90aD48dGQgd2lkdGg9IjI5MSIgYmdjb2xvcj0iI2ZmZmZmZiI+PGZvbnQgc2l6ZT0iMiIgY29sb3I9IiMzMzMzMzMiPue4piAyNO+9g++9jeOAgQrmqKrjgIAzNe+9g++9jeOAgeWlpeihjOOAgOe0hDQ0772D772NPGJyIC8+PGJyLz7njKvjga7lj6Ppg6jliIbjg7vjg7vjg7vmqKrjgIAyNu+9g++9jeOAgOe4puOAgO+8ke+8le+9g++9jTxiciAvPjwvZm9udD48L3RkPjwvdHI+PHRyPjx0aCB3aWR0aD0iOTQiIAphbGlnbj0iY2VudGVyIiBiZ2NvbG9yPSIjZmVkYmQ5Ij48Zm9udCBzaXplPSIyIiBjb2xvcj0iIzMzMzMzMyI+5p2Q6LOqPC9mb250PjwvdGg+PHRkIHdpZHRoPSIyOTEiIGJnY29sb3I9IiNmZmZmZmYiPjxmb250IHNpemU9IjIiIApjb2xvcj0iIzMzMzMzMyI+5q6144Oc44O844Or44CB44OX44Op44K544OB44OD44Kv5q6144Oc44O844OrPC9mb250PjwvdGQ+PC90cj48dHI+PHRoIHdpZHRoPSI5NCIgYWxpZ249ImNlbnRlciIgYmdjb2xvcj0iI2ZlZGJkOSI+PGZvbnQgc2l6ZT0iMiIgCmNvbG9yPSIjMzMzMzMzIj7oibI8L2ZvbnQ+PC90aD48dGQgd2lkdGg9IjI5MSIgYmdjb2xvcj0iI2ZmZmZmZiI+PGZvbnQgc2l6ZT0iMiIgY29sb3I9IiMzMzMzMzMiPui1pOOAgeODlOODs+OCr+OAgem7hOOAgeOCquODrOODs+OCuOOAgee3keOAgemdkuOAgem7kuOAgeeZveOAgeODiuODgeODpeODqeODq+OAgeacqOebruiqv+OAgeODl+ODqeautSDnmb0KPC9mb250PjwvdGQ+PC90cj48dHI+PHRoIHdpZHRoPSI5NCIgYWxpZ249ImNlbnRlciIgYmdjb2xvcj0iI2ZlZGJkOSI+PGZvbnQgc2l6ZT0iMiIgY29sb3I9IiMzMzMzMzMiPuWVhuWTgeiqrOaYjjwvZm9udD48L3RoPjx0ZCAKd2lkdGg9IjI5MSIgYmdjb2xvcj0iI2ZmZmZmZiI+PGZvbnQgc2l6ZT0iMiIgY29sb3I9IiMzMzMzMzMiPuS6uuawl+WVhuWTgeOCreODo+ODg+ODiOODiOODs+ODjeODq+OBruODn+ODi+OCteOCpOOCuuOBp+OBmeOAgjxiciAvPgrjg5Hjg7zjg4TjgYzjgrfjg7zjg6vjgavjgarjgorjgb7jgZfjgZ/jgILjg43jgrPjgaHjgoPjgpPjga7poZTjgpLkvZzjgaPjgabjga3jgII8YnIgLz7jg4jjg7Pjg43jg6vjgpLjgY/jgZDjgaPjgZ/jgorjgIHogLPjga7plpPjgafjgrTjg63jg7PjgajjgZfjgabjgoLjgII8YnIgLz48YnIgLz48L2ZvbnQ+CjwvdGQ+PC90cj48L3RhYmxlPjxkaXY+PGltZyBzcmM9Imh0dHA6Ly9pbWFnZS5yYWt1dGVuLmNvLmpwL2luYXBhYy9jYWJpbmV0L3RvcC90aXRsZS1waS5naWYiIGFsdD0i5rOo55uu5ZWG5ZOBIiB3aWR0aD0iNzYwIiBoZWlnaHQ9IjM1Ij48L2Rpdj4=,54yr44Gu44Gk44KB44Go44GOIOODn+ODi+ODiOODs+ODjeODqyDjgJDml6XmnKzoo70g54yrIOOBpOOCgeOBqOOBjiDniKrjgajjgY4g54iq56Oo44GNIOeIquOBv+OBjOOBjSDnjKvnlKjlk4Eg5q6144Oc44O844OrIOODiOODs+ODjeODqyDpgYrjgbPjgJHvvJrjgY/jgonjgbXjgajlt6XmiL/jgq/jg6zjgqLjg6vjgIDmpb3lpKnluILloLTlupc=,54yr44Gu44Gk44KB44Go44GOIOODn+ODi+ODiOODs+ODjeODqyDjgJDml6XmnKzoo70g54yrIOOBpOOCgeOBqOOBjiDniKrjgajjgY4g54iq56Oo44GNIOeIquOBv+OBjOOBjSDnjKvnlKjlk4Eg5q6144Oc44O844OrIOODiOODs+ODjeODqyDpgYrjgbPjgJE=,54yr44Gu44Gk44KB44Go44GOIOODn+ODi+ODiOODs+ODjeODqyDjgJDml6XmnKzoo70g54yrIOOBpOOCgeOBqOOBjiDniKrjgajjgY4g54iq56Oo44GNIOeIquOBv+OBjOOBjSDnjKvnlKjlk4Eg5q6144Oc44O844OrIOODiOODs+ODjeODqyDpgYrjgbPjgJE=[rn]
37-51580,aHR0cDovL3RzaG9wLnIxMHMuanAvaW5hcGFjL2NhYmluZXQvaW1ncmMwMDc0NDY2MTg0LmpwZz9maXRpbj03MDA6NzAw,MjA4MC4wMDAw,,44Oa44OD44OI44O744Oa44OD44OI44Kw44OD44K6ID4g44Oa44OD44OI55So44GK5omL5YWl44KM55So5ZOBID4g54iq44Kx44Ki55So5ZOBID4g54yr55So54iq44Go44GO,54yr44Gu54iq44Go44GOIOODleODqeODr+ODvOODiOODs+ODjeODqyDjgJDml6XmnKzoo70g54yrIOeIquOBqOOBjiDjgaTjgoHjgajjgY4g54iq56Oo44GNIOeIquOBv+OBjOOBjSDnjKvnlKjlk4Eg44GK5omL5YWl44KM55So5ZOBIOauteODnOODvOODq+OAkQ==,,PGRpdiBjbGFzcz0ncW02c3B3cnAnPjxzdHlsZT48IS0tLnFtNnNwd3JwIGRpdiwucW02c3B3cnAgaW1nLC5xbTZzcHdycCB0YWJsZSwucW02c3B3cnAgdHIsLnFtNnNwd3JwIHRke3dpZHRoOmF1dG87aGVpZ2h0OmF1dG87cGFkZGluZzowO21hcmdpbjowO292ZXJmbG93OmhpZGRlbn0ucW02c3B3cnAgdGR7ZmxvYXQ6bm9uZSAhaW1wb3J0YW50fS5xbTZzcHdycCwucW02c3B3cnAgZGl2LC5xbTZzcHdycCBkaXYgaDMsLnFtNnNwd3JwIGRpdiBwe2Rpc3BsYXk6YmxvY2t9LnFtNnNwd3JwIGRpdiB0YWJsZXtkaXNwbGF5OnRhYmxlO3dpZHRoOmF1dG87aGVpZ2h0OmF1dG87cGFkZGluZzowO21hcmdpbjowO2JvcmRlci1zcGFjaW5nOjB9LnFtNnNwd3JwIGRpdiB0YWJsZSB0ciwucW02c3B3cnAgZGl2IHRhYmxlIHRib2R5IHRye2Rpc3BsYXk6dGFibGUtcm93fS5xbTZzcHdycCBkaXYgdGFibGUgdHIgdGQsLnFtNnNwd3JwIGRpdiB0YWJsZSB0Ym9keSB0ciB0ZHtkaXNwbGF5OnRhYmxlLWNlbGw7ZmxvYXQ6bm9uZSAhaW1wb3J0YW50O3ZlcnRpY2FsLWFsaWduOnRvcH0ucW02c3B3cnAgdGFibGUgdGFibGV7d2lkdGg6MTAwJX0ucW02c3B3cnAsLnFtNnNwd3JwIHRoLC5xbTZzcHdycCB0ZHtjb2xvcjojMDAwMDAwO2ZvbnQtc2l6ZToxNnB4ICFpbXBvcnRhbnQ7Zm9udC1mYW1pbHk6J+ODkuODqeOCruODjuinkuOCtCBQcm8gVzMnLCdIaXJhZ2lubyBLYWt1IEdvdGhpYyBQcm8nLOODoeOCpOODquOCqixNZWlyeW8sT3Nha2EsJ++8re+8syDvvLDjgrTjgrfjg4Pjgq8nLCdNUyBQR290aGljJyxzYW5zLXNlcmlmO3RleHQtYWxpZ246Y2VudGVyfS5xbTZzcHdycCBkaXYgaDMsLnFtNnNwd3JwIGRpdiBwLC5xbTZzcHdycCBzdHJvbmd7d29yZC13cmFwOmJyZWFrLXdvcmQ7d29yZC1icmVhazpicmVhay1hbGw7cGFkZGluZzowO21hcmdpbi10b3A6MC41ZW07bWFyZ2luLWJvdHRvbTowLjVlbTtsaW5lLWhlaWdodDoxLjQ7dGV4dC1hbGlnbjpsZWZ0O292ZXJmbG93OnZpc2libGV9LnFtNnNwd3JwIGRpdiBoMywucW02c3B3cnAgc3Ryb25ne2ZvbnQtc2l6ZToxMTclO30ucW02c3BpbXt2ZXJ0aWNhbC1hbGlnbjp0b3B9LnFtNnNwd3JwIGRpdi5xbTZzcGlte21hcmdpbi1sZWZ0OmF1dG87bWFyZ2luLXJpZ2h0OmF1dG87dGV4dC1hbGlnbjpjZW50ZXJ9LnFtNnNwd3JwIHAucW02c3BpbXt0ZXh0LWFsaWduOmNlbnRlcn0ucW02c3B3cnAgZGl2IGltZywucW02c3B3cnAgZGl2IGEgaW1ne2JvcmRlcjpub25lO3ZlcnRpY2FsLWFsaWduOmJvdHRvbX0ucW02c3B3cnAgZGl2LC5xbTZzcHdycCB0YWJsZSB7aGVpZ2h0OmF1dG99LnFtNnNwd3JwIGRpdntvdmVyZmxvdzpoaWRkZW59LnFtNnNwd3JwIGRpdiBkaXZ7b3ZlcmZsb3c6dmlzaWJsZX0ucW02c3B3cnAgPiBkaXY6YWZ0ZXIsLnFtNnNwd3JwID4gdGFibGU6YWZ0ZXIge2NvbnRlbnQ6IiI7ZGlzcGxheTpibG9jaztoZWlnaHQ6MDtjbGVhcjpib3RoO3Zpc2liaWxpdHk6aGlkZGVufS5xbTZzcHdycHt3aWR0aDo3MTBweDtoZWlnaHQ6YXV0bztiYWNrZ3JvdW5kOiNmZmZmZmY7bWFyZ2luLWxlZnQ6YXV0bzttYXJnaW4tcmlnaHQ6YXV0bztwYWRkaW5nOjB9I3FtNnNwYjAsI3FtNnNwYjEsI3FtNnNwYjJ7YmFja2dyb3VuZDp0cmFuc3BhcmVudDtwYWRkaW5nOjVweCAwfSNxbTZzcGIwIHRhYmxlLCNxbTZzcGIxIHRhYmxlLCNxbTZzcGIyIHRhYmxle2JvcmRlci1zcGFjaW5nOjEwcHg7bWFyZ2luOi0xMHB4O3dpZHRoOjczMHB4fSNxbTZzcGMwLCNxbTZzcGMxLCNxbTZzcGMye3dpZHRoOjcxMHB4O2JhY2tncm91bmQ6dHJhbnNwYXJlbnQ7Ym9yZGVyOnNvbGlkICMwMDAwMDAgMDtwYWRkaW5nOjB9LnFtNnNwaW17d2lkdGg6MTAwJTtoZWlnaHQ6YXV0b30tLT48L3N0eWxlPjwhLS1baWYgZ3RlIElFIDYuMF0+PHN0eWxlPi5xbTZzcHdycCwucW02c3B3cnAgZGl2LC5xbTZzcHdycCBoMywucW02c3B3cnAgcCwucW02c3B3cnAgdGgsLnFtNnNwd3JwIHRke3pvb206MX0ucW02c3B3cnAsLnFtNnNwd3JwIHRoLC5xbTZzcHdycCB0ZHtmb250LXNpemU6MTZweCAhaW1wb3J0YW50fS5xbTZzcHdycHt3aWR0aDo3MTBweH0jcW02c3BjMCwjcW02c3BjMSwjcW02c3BjMnt3aWR0aDo3MTBweH08L3N0eWxlPjwhW2VuZGlmXS0tPjxkaXYgaWQ9InFtNnNwYjAiPjx0YWJsZSBjZWxsc3BhY2luZz0iMTAiPjx0cj48dGQgaWQ9InFtNnNwYzAiPjxkaXYgY2xhc3M9InFtNnNwaW0iPjxpbWcgc3JjPSJpbmFwYWMvY2FiaW5ldC9ja3JrNjYuanBnIj48L2Rpdj48L3RhYmxlPjwvZGl2PjxkaXYgaWQ9InFtNnNwYjEiPjx0YWJsZSBjZWxsc3BhY2luZz0iMTAiPjx0cj48dGQgaWQ9InFtNnNwYzEiPjxkaXYgY2xhc3M9InFtNnNwaW0iPjxpbWcgc3JjPSJpbmFwYWMvY2FiaW5ldC9ja3JrNjguanBnIj48L2Rpdj48L3RhYmxlPjwvZGl2PjxkaXYgaWQ9InFtNnNwYjIiPjx0YWJsZSBjZWxsc3BhY2luZz0iMTAiPjx0cj48dGQgaWQ9InFtNnNwYzIiPjxkaXYgY2xhc3M9InFtNnNwaW0iPjxpbWcgc3JjPSJpbmFwYWMvY2FiaW5ldC9ja3JrNmEuanBnIj48L2Rpdj48L3RhYmxlPjwvZGl2PjwvZGl2PgoKCjxkaXYgY2xhc3M9J3lhNnNwd3JwJz48c3R5bGU+PCEtLS55YTZzcHdycCBkaXYsLnlhNnNwd3JwIGltZywueWE2c3B3cnAgdGFibGUsLnlhNnNwd3JwIHRyLC55YTZzcHdycCB0ZHt3aWR0aDphdXRvO2hlaWdodDphdXRvO3BhZGRpbmc6MDttYXJnaW46MDtvdmVyZmxvdzpoaWRkZW59LnlhNnNwd3JwIHRke2Zsb2F0Om5vbmUgIWltcG9ydGFudH0ueWE2c3B3cnAsLnlhNnNwd3JwIGRpdiwueWE2c3B3cnAgZGl2IGgzLC55YTZzcHdycCBkaXYgcHtkaXNwbGF5OmJsb2NrfS55YTZzcHdycCBkaXYgdGFibGV7ZGlzcGxheTp0YWJsZTt3aWR0aDphdXRvO2hlaWdodDphdXRvO3BhZGRpbmc6MDttYXJnaW46MDtib3JkZXItc3BhY2luZzowfS55YTZzcHdycCBkaXYgdGFibGUgdHIsLnlhNnNwd3JwIGRpdiB0YWJsZSB0Ym9keSB0cntkaXNwbGF5OnRhYmxlLXJvd30ueWE2c3B3cnAgZGl2IHRhYmxlIHRyIHRkLC55YTZzcHdycCBkaXYgdGFibGUgdGJvZHkgdHIgdGR7ZGlzcGxheTp0YWJsZS1jZWxsO2Zsb2F0Om5vbmUgIWltcG9ydGFudDt2ZXJ0aWNhbC1hbGlnbjp0b3B9LnlhNnNwd3JwIHRhYmxlIHRhYmxle3dpZHRoOjEwMCV9LnlhNnNwd3JwLC55YTZzcHdycCB0aCwueWE2c3B3cnAgdGR7Y29sb3I6IzAwMDAwMDtmb250LXNpemU6MTZweCAhaW1wb3J0YW50O2ZvbnQtZmFtaWx5Oifjg5Ljg6njgq7jg47op5LjgrQgUHJvIFczJywnSGlyYWdpbm8gS2FrdSBHb3RoaWMgUHJvJyzjg6HjgqTjg6rjgqosTWVpcnlvLE9zYWthLCfvvK3vvLMg77yw44K044K344OD44KvJywnTVMgUEdvdGhpYycsc2Fucy1zZXJpZjt0ZXh0LWFsaWduOmNlbnRlcn0ueWE2c3B3cnAgZGl2IGgzLC55YTZzcHdycCBkaXYgcCwueWE2c3B3cnAgc3Ryb25ne3dvcmQtd3JhcDpicmVhay13b3JkO3dvcmQtYnJlYWs6YnJlYWstYWxsO3BhZGRpbmc6MDttYXJnaW4tdG9wOjAuNWVtO21hcmdpbi1ib3R0b206MC41ZW07bGluZS1oZWlnaHQ6MS40O3RleHQtYWxpZ246bGVmdDtvdmVyZmxvdzp2aXNpYmxlfS55YTZzcHdycCBkaXYgaDMsLnlhNnNwd3JwIHN0cm9uZ3tmb250LXNpemU6MTE3JTt9LnlhNnNwaW17dmVydGljYWwtYWxpZ246dG9wfS55YTZzcHdycCBkaXYueWE2c3BpbXttYXJnaW4tbGVmdDphdXRvO21hcmdpbi1yaWdodDphdXRvO3RleHQtYWxpZ246Y2VudGVyfS55YTZzcHdycCBwLnlhNnNwaW17dGV4dC1hbGlnbjpjZW50ZXJ9LnlhNnNwd3JwIGRpdiBpbWcsLnlhNnNwd3JwIGRpdiBhIGltZ3tib3JkZXI6bm9uZTt2ZXJ0aWNhbC1hbGlnbjpib3R0b219LnlhNnNwd3JwIGRpdiwueWE2c3B3cnAgdGFibGUge2hlaWdodDphdXRvfS55YTZzcHdycCBkaXZ7b3ZlcmZsb3c6aGlkZGVufS55YTZzcHdycCBkaXYgZGl2e292ZXJmbG93OnZpc2libGV9LnlhNnNwd3JwID4gZGl2OmFmdGVyLC55YTZzcHdycCA+IHRhYmxlOmFmdGVyIHtjb250ZW50OiIiO2Rpc3BsYXk6YmxvY2s7aGVpZ2h0OjA7Y2xlYXI6Ym90aDt2aXNpYmlsaXR5OmhpZGRlbn0ueWE2c3B3cnB7d2lkdGg6NzEwcHg7aGVpZ2h0OmF1dG87YmFja2dyb3VuZDojZmZmZmZmO21hcmdpbi1sZWZ0OmF1dG87bWFyZ2luLXJpZ2h0OmF1dG87cGFkZGluZzowfSN5YTZzcGIwe2JhY2tncm91bmQ6dHJhbnNwYXJlbnQ7cGFkZGluZzo1cHggMH0jeWE2c3BiMCB0YWJsZXtib3JkZXItc3BhY2luZzoxMHB4O21hcmdpbjotMTBweDt3aWR0aDo3MzBweH0jeWE2c3BjMHt3aWR0aDo3MTBweDtiYWNrZ3JvdW5kOnRyYW5zcGFyZW50O2JvcmRlcjpzb2xpZCAjMDAwMDAwIDA7cGFkZGluZzowfS55YTZzcGlte3dpZHRoOjEwMCU7aGVpZ2h0OmF1dG99LS0+PC9zdHlsZT48IS0tW2lmIGd0ZSBJRSA2LjBdPjxzdHlsZT4ueWE2c3B3cnAsLnlhNnNwd3JwIGRpdiwueWE2c3B3cnAgaDMsLnlhNnNwd3JwIHAsLnlhNnNwd3JwIHRoLC55YTZzcHdycCB0ZHt6b29tOjF9LnlhNnNwd3JwLC55YTZzcHdycCB0aCwueWE2c3B3cnAgdGR7Zm9udC1zaXplOjE2cHggIWltcG9ydGFudH0ueWE2c3B3cnB7d2lkdGg6NzEwcHh9I3lhNnNwYzB7d2lkdGg6NzEwcHh9PC9zdHlsZT48IVtlbmRpZl0tLT48ZGl2IGlkPSJ5YTZzcGIwIj48dGFibGUgY2VsbHNwYWNpbmc9IjEwIj48dHI+PHRkIGlkPSJ5YTZzcGMwIj48ZGl2IGNsYXNzPSJ5YTZzcGltIj48aW1nIHNyYz0iaW5hcGFjL2NhYmluZXQvaWNyazYxLmpwZyI+PC9kaXY+PC90YWJsZT48L2Rpdj48L2Rpdj48dGFibGUgd2lkdGg9IjQwMCIgYmdjb2xvcj0iI2ZjOGE4MCIgY2VsbHNwYWNpbmc9IjEiIGNlbGxwYWRkaW5nPSIzIj48dHI+PHRoIGNvbHNwYW49IjIiIGFsaWduPSJjZW50ZXIiIGJnY29sb3I9IiNmZWRiZDkiPjxiPgo8Zm9udCBjb2xvcj0iIzMzMzMzMyI+5ZWG5ZOB6Kmz57SwPC9mb250PjwvYj48L3RoPjwvdHI+PHRyPjx0aCB3aWR0aD0iOTQiIGFsaWduPSJjZW50ZXIiIGJnY29sb3I9IiNmZWRiZDkiPjxmb250IHNpemU9IjIiIApjb2xvcj0iIzMzMzMzMyI+44K144Kk44K6PC9mb250PjwvdGg+PHRkIHdpZHRoPSIyOTEiIGJnY29sb3I9IiNmZmZmZmYiPjxmb250IHNpemU9IjIiIGNvbG9yPSIjMzMzMzMzIj7nuKYgNDQuN+OCu+ODs+ODgTxiciAvPuaoqiA0NC4344K744Oz44OBPGJyIC8+5aWl6KGMIOe0hDMwCuOCu+ODs+ODgTxiciAvPumHjeOBleOAgOe0hDMuNwrjgq3jg608YnIgLz48L2ZvbnQ+PC90ZD48L3RyPjx0cj48dGggd2lkdGg9Ijk0IiBhbGlnbj0iY2VudGVyIiBiZ2NvbG9yPSIjZmVkYmQ5Ij4KPGZvbnQgc2l6ZT0iMiIgY29sb3I9IiMzMzMzMzMiPuadkOizqjwvZm9udD48L3RoPjx0ZCB3aWR0aD0iMjkxIiBiZ2NvbG9yPSIjZmZmZmZmIj48Zm9udCBzaXplPSIyIiBjb2xvcj0iIzMzMzMzMyI+CuODgOODs+ODnOODvOODq++8iOe0lOWbveeUo++8iTwvZm9udD48L3RkPjwvdHI+PHRyPjx0aCB3aWR0aD0iOTQiIGFsaWduPSJjZW50ZXIiIGJnY29sb3I9IiNmZWRiZDkiPjxmb250IHNpemU9IjIiIApjb2xvcj0iIzMzMzMzMyI+6ImyPC9mb250PjwvdGg+PHRkIHdpZHRoPSIyOTEiIGJnY29sb3I9IiNmZmZmZmYiPjxmb250IHNpemU9IjIiIGNvbG9yPSIjMzMzMzMzIj4K6LWk44CB44OU44Oz44Kv44CB6buE44CB44Kq44Os44Oz44K444CB57eR44CB6Z2S44CB55m944CB6buS44CB44OK44OB44Ol44Op44Or44CB5pyo55uu6Kq/PC9mb250PjwvdGQ+PC90cj48dHI+PHRoIHdpZHRoPSI5NCIgYWxpZ249ImNlbnRlciIgYmdjb2xvcj0iI2ZlZGJkOSI+PGZvbnQgc2l6ZT0iMiIgCmNvbG9yPSIjMzMzMzMzIj7llYblk4HoqqzmmI48L2ZvbnQ+PC90aD48dGQgd2lkdGg9IjI5MSIgYmdjb2xvcj0iI2ZmZmZmZiI+PGZvbnQgc2l6ZT0iMiIgY29sb3I9IiMzMzMzMzMiPgrjgYroirHjga7niKrjgajjgY7jgafjgZnjgII8YnIgLz7jgYvjgo/jgYTjgonjgZfjgYTjgYroirHjgafjgYrpg6jlsYvjga7jgqTjg7Pjg4bjg6rjgqLjgavjgoLjgIIKPGJyIC8+5YWo6Z2i54iq44Go44GO44Gn44GN44KL44Gu44Gn57WM5riI55qE44Gn44GZ44CCPGJyIC8+CjwvZm9udD48L3RkPjwvdHI+PC90YWJsZT48ZGl2PjxpbWcgc3JjPSJodHRwOi8vaW1hZ2UucmFrdXRlbi5jby5qcC9pbmFwYWMvY2FiaW5ldC90b3AvdGl0bGUtcGkuZ2lmIiBhbHQ9IuazqOebruWVhuWTgSIgd2lkdGg9Ijc2MCIgaGVpZ2h0PSIzNSI+PC9kaXY+,54yr44Gu54iq44Go44GOIOODleODqeODr+ODvOODiOODs+ODjeODqyDjgJDml6XmnKzoo70g54yrIOeIquOBqOOBjiDjgaTjgoHjgajjgY4g54iq56Oo44GNIOeIquOBv+OBjOOBjSDnjKvnlKjlk4Eg44GK5omL5YWl44KM55So5ZOBIOauteODnOODvOODq+OAke+8muOBj+OCieOBteOBqOW3peaIv+OCr+ODrOOCouODq+OAgOalveWkqeW4guWgtOW6lw==,54yr44Gu54iq44Go44GOIOODleODqeODr+ODvOODiOODs+ODjeODqyDjgJDml6XmnKzoo70g54yrIOeIquOBqOOBjiDjgaTjgoHjgajjgY4g54iq56Oo44GNIOeIquOBv+OBjOOBjSDnjKvnlKjlk4Eg44GK5omL5YWl44KM55So5ZOBIOauteODnOODvOODq+OAkQ==,54yr44Gu54iq44Go44GOIOODleODqeODr+ODvOODiOODs+ODjeODqyDjgJDml6XmnKzoo70g54yrIOeIquOBqOOBjiDjgaTjgoHjgajjgY4g54iq56Oo44GNIOeIquOBv+OBjOOBjSDnjKvnlKjlk4Eg44GK5omL5YWl44KM55So5ZOBIOauteODnOODvOODq+OAkQ==[rn]
37-51581,aHR0cDovL3RzaG9wLnIxMHMuanAvaW5hcGFjL2NhYmluZXQvaW1ncmMwMDcyMTMzODA0LmpwZz9maXRpbj03MDA6NzAw,Mjk2MC4wMDAw,,44Oa44OD44OI44O744Oa44OD44OI44Kw44OD44K6ID4g44Oa44OD44OI55So44GK5omL5YWl44KM55So5ZOBID4g54iq44Kx44Ki55So5ZOBID4g54yr55So54iq44Go44GO,54yr44Gu44Gk44KB44Go44GO44CA44Ot44Oz44Kw44OI44Oz44ON44OrICDjgJDml6XmnKzoo70g54yrIOeIquOBqOOBjiDnjKvnlKjlk4Eg44Gk44KB44Go44GOIOOBpOOCgeOBv+OBjOOBjSDniKrjgajjgY4g54iq56Oo44GNIOODiOODs+ODjeODqyDmrrXjg5zjg7zjg6vjgJE=,44CQ5q6144Oc44O844OrL+eIquOBqOOBji/jg4jjg7Pjg43jg6sv5pel5pys6KO944CR,PGRpdiBjbGFzcz0ndnQ2c3B3cnAnPjxzdHlsZT48IS0tLnZ0NnNwd3JwIGRpdiwudnQ2c3B3cnAgaW1nLC52dDZzcHdycCB0YWJsZSwudnQ2c3B3cnAgdHIsLnZ0NnNwd3JwIHRke3dpZHRoOmF1dG87aGVpZ2h0OmF1dG87cGFkZGluZzowO21hcmdpbjowO292ZXJmbG93OmhpZGRlbn0udnQ2c3B3cnAgdGR7ZmxvYXQ6bm9uZSAhaW1wb3J0YW50fS52dDZzcHdycCwudnQ2c3B3cnAgZGl2LC52dDZzcHdycCBkaXYgaDMsLnZ0NnNwd3JwIGRpdiBwe2Rpc3BsYXk6YmxvY2t9LnZ0NnNwd3JwIGRpdiB0YWJsZXtkaXNwbGF5OnRhYmxlO3dpZHRoOmF1dG87aGVpZ2h0OmF1dG87cGFkZGluZzowO21hcmdpbjowO2JvcmRlci1zcGFjaW5nOjB9LnZ0NnNwd3JwIGRpdiB0YWJsZSB0ciwudnQ2c3B3cnAgZGl2IHRhYmxlIHRib2R5IHRye2Rpc3BsYXk6dGFibGUtcm93fS52dDZzcHdycCBkaXYgdGFibGUgdHIgdGQsLnZ0NnNwd3JwIGRpdiB0YWJsZSB0Ym9keSB0ciB0ZHtkaXNwbGF5OnRhYmxlLWNlbGw7ZmxvYXQ6bm9uZSAhaW1wb3J0YW50O3ZlcnRpY2FsLWFsaWduOnRvcH0udnQ2c3B3cnAgdGFibGUgdGFibGV7d2lkdGg6MTAwJX0udnQ2c3B3cnAsLnZ0NnNwd3JwIHRoLC52dDZzcHdycCB0ZHtjb2xvcjojMDAwMDAwO2ZvbnQtc2l6ZToxNnB4ICFpbXBvcnRhbnQ7Zm9udC1mYW1pbHk6J+ODkuODqeOCruODjuinkuOCtCBQcm8gVzMnLCdIaXJhZ2lubyBLYWt1IEdvdGhpYyBQcm8nLOODoeOCpOODquOCqixNZWlyeW8sT3Nha2EsJ++8re+8syDvvLDjgrTjgrfjg4Pjgq8nLCdNUyBQR290aGljJyxzYW5zLXNlcmlmO3RleHQtYWxpZ246Y2VudGVyfS52dDZzcHdycCBkaXYgaDMsLnZ0NnNwd3JwIGRpdiBwLC52dDZzcHdycCBzdHJvbmd7d29yZC13cmFwOmJyZWFrLXdvcmQ7d29yZC1icmVhazpicmVhay1hbGw7cGFkZGluZzowO21hcmdpbi10b3A6MC41ZW07bWFyZ2luLWJvdHRvbTowLjVlbTtsaW5lLWhlaWdodDoxLjQ7dGV4dC1hbGlnbjpsZWZ0O292ZXJmbG93OnZpc2libGV9LnZ0NnNwd3JwIGRpdiBoMywudnQ2c3B3cnAgc3Ryb25ne2ZvbnQtc2l6ZToxMTclO30udnQ2c3BpbXt2ZXJ0aWNhbC1hbGlnbjp0b3B9LnZ0NnNwd3JwIGRpdi52dDZzcGlte21hcmdpbi1sZWZ0OmF1dG87bWFyZ2luLXJpZ2h0OmF1dG87dGV4dC1hbGlnbjpjZW50ZXJ9LnZ0NnNwd3JwIHAudnQ2c3BpbXt0ZXh0LWFsaWduOmNlbnRlcn0udnQ2c3B3cnAgZGl2IGltZywudnQ2c3B3cnAgZGl2IGEgaW1ne2JvcmRlcjpub25lO3ZlcnRpY2FsLWFsaWduOmJvdHRvbX0udnQ2c3B3cnAgZGl2LC52dDZzcHdycCB0YWJsZSB7aGVpZ2h0OmF1dG99LnZ0NnNwd3JwIGRpdntvdmVyZmxvdzpoaWRkZW59LnZ0NnNwd3JwIGRpdiBkaXZ7b3ZlcmZsb3c6dmlzaWJsZX0udnQ2c3B3cnAgPiBkaXY6YWZ0ZXIsLnZ0NnNwd3JwID4gdGFibGU6YWZ0ZXIge2NvbnRlbnQ6IiI7ZGlzcGxheTpibG9jaztoZWlnaHQ6MDtjbGVhcjpib3RoO3Zpc2liaWxpdHk6aGlkZGVufS52dDZzcHdycHt3aWR0aDo3MTBweDtoZWlnaHQ6YXV0bztiYWNrZ3JvdW5kOiNmZmZmZmY7bWFyZ2luLWxlZnQ6YXV0bzttYXJnaW4tcmlnaHQ6YXV0bztwYWRkaW5nOjB9I3Z0NnNwYjAsI3Z0NnNwYjF7YmFja2dyb3VuZDp0cmFuc3BhcmVudDtwYWRkaW5nOjVweCAwfSN2dDZzcGIwIHRhYmxlLCN2dDZzcGIxIHRhYmxle2JvcmRlci1zcGFjaW5nOjEwcHg7bWFyZ2luOi0xMHB4O3dpZHRoOjczMHB4fSN2dDZzcGMwLCN2dDZzcGMxe3dpZHRoOjcxMHB4O2JhY2tncm91bmQ6dHJhbnNwYXJlbnQ7Ym9yZGVyOnNvbGlkICMwMDAwMDAgMDtwYWRkaW5nOjB9LnZ0NnNwaW17d2lkdGg6MTAwJTtoZWlnaHQ6YXV0b30tLT48L3N0eWxlPjwhLS1baWYgZ3RlIElFIDYuMF0+PHN0eWxlPi52dDZzcHdycCwudnQ2c3B3cnAgZGl2LC52dDZzcHdycCBoMywudnQ2c3B3cnAgcCwudnQ2c3B3cnAgdGgsLnZ0NnNwd3JwIHRke3pvb206MX0udnQ2c3B3cnAsLnZ0NnNwd3JwIHRoLC52dDZzcHdycCB0ZHtmb250LXNpemU6MTZweCAhaW1wb3J0YW50fS52dDZzcHdycHt3aWR0aDo3MTBweH0jdnQ2c3BjMCwjdnQ2c3BjMXt3aWR0aDo3MTBweH08L3N0eWxlPjwhW2VuZGlmXS0tPjxkaXYgaWQ9InZ0NnNwYjAiPjx0YWJsZSBjZWxsc3BhY2luZz0iMTAiPjx0cj48dGQgaWQ9InZ0NnNwYzAiPjxkaXYgY2xhc3M9InZ0NnNwaW0iPjxpbWcgc3JjPSJpbmFwYWMvY2FiaW5ldC9nbHJrNjEuanBnIj48L2Rpdj48L3RhYmxlPjwvZGl2PjxkaXYgaWQ9InZ0NnNwYjEiPjx0YWJsZSBjZWxsc3BhY2luZz0iMTAiPjx0cj48dGQgaWQ9InZ0NnNwYzEiPjxkaXYgY2xhc3M9InZ0NnNwaW0iPjxpbWcgc3JjPSJpbmFwYWMvY2FiaW5ldC9nbHJrNjYuanBnIj48L2Rpdj48L3RhYmxlPjwvZGl2PjwvZGl2PgoKCgoKCgo8ZGl2IGNsYXNzPSd2czZzcHdycCc+PHN0eWxlPjwhLS0udnM2c3B3cnAgZGl2LC52czZzcHdycCBpbWcsLnZzNnNwd3JwIHRhYmxlLC52czZzcHdycCB0ciwudnM2c3B3cnAgdGR7d2lkdGg6YXV0bztoZWlnaHQ6YXV0bztwYWRkaW5nOjA7bWFyZ2luOjA7b3ZlcmZsb3c6aGlkZGVufS52czZzcHdycCB0ZHtmbG9hdDpub25lICFpbXBvcnRhbnR9LnZzNnNwd3JwLC52czZzcHdycCBkaXYsLnZzNnNwd3JwIGRpdiBoMywudnM2c3B3cnAgZGl2IHB7ZGlzcGxheTpibG9ja30udnM2c3B3cnAgZGl2IHRhYmxle2Rpc3BsYXk6dGFibGU7d2lkdGg6YXV0bztoZWlnaHQ6YXV0bztwYWRkaW5nOjA7bWFyZ2luOjA7Ym9yZGVyLXNwYWNpbmc6MH0udnM2c3B3cnAgZGl2IHRhYmxlIHRyLC52czZzcHdycCBkaXYgdGFibGUgdGJvZHkgdHJ7ZGlzcGxheTp0YWJsZS1yb3d9LnZzNnNwd3JwIGRpdiB0YWJsZSB0ciB0ZCwudnM2c3B3cnAgZGl2IHRhYmxlIHRib2R5IHRyIHRke2Rpc3BsYXk6dGFibGUtY2VsbDtmbG9hdDpub25lICFpbXBvcnRhbnQ7dmVydGljYWwtYWxpZ246dG9wfS52czZzcHdycCB0YWJsZSB0YWJsZXt3aWR0aDoxMDAlfS52czZzcHdycCwudnM2c3B3cnAgdGgsLnZzNnNwd3JwIHRke2NvbG9yOiMwMDAwMDA7Zm9udC1zaXplOjE2cHggIWltcG9ydGFudDtmb250LWZhbWlseTon44OS44Op44Ku44OO6KeS44K0IFBybyBXMycsJ0hpcmFnaW5vIEtha3UgR290aGljIFBybycs44Oh44Kk44Oq44KqLE1laXJ5byxPc2FrYSwn77yt77yzIO+8sOOCtOOCt+ODg+OCrycsJ01TIFBHb3RoaWMnLHNhbnMtc2VyaWY7dGV4dC1hbGlnbjpjZW50ZXJ9LnZzNnNwd3JwIGRpdiBoMywudnM2c3B3cnAgZGl2IHAsLnZzNnNwd3JwIHN0cm9uZ3t3b3JkLXdyYXA6YnJlYWstd29yZDt3b3JkLWJyZWFrOmJyZWFrLWFsbDtwYWRkaW5nOjA7bWFyZ2luLXRvcDowLjVlbTttYXJnaW4tYm90dG9tOjAuNWVtO2xpbmUtaGVpZ2h0OjEuNDt0ZXh0LWFsaWduOmxlZnQ7b3ZlcmZsb3c6dmlzaWJsZX0udnM2c3B3cnAgZGl2IGgzLC52czZzcHdycCBzdHJvbmd7Zm9udC1zaXplOjExNyU7fS52czZzcGlte3ZlcnRpY2FsLWFsaWduOnRvcH0udnM2c3B3cnAgZGl2LnZzNnNwaW17bWFyZ2luLWxlZnQ6YXV0bzttYXJnaW4tcmlnaHQ6YXV0bzt0ZXh0LWFsaWduOmNlbnRlcn0udnM2c3B3cnAgcC52czZzcGlte3RleHQtYWxpZ246Y2VudGVyfS52czZzcHdycCBkaXYgaW1nLC52czZzcHdycCBkaXYgYSBpbWd7Ym9yZGVyOm5vbmU7dmVydGljYWwtYWxpZ246Ym90dG9tfS52czZzcHdycCBkaXYsLnZzNnNwd3JwIHRhYmxlIHtoZWlnaHQ6YXV0b30udnM2c3B3cnAgZGl2e292ZXJmbG93OmhpZGRlbn0udnM2c3B3cnAgZGl2IGRpdntvdmVyZmxvdzp2aXNpYmxlfS52czZzcHdycCA+IGRpdjphZnRlciwudnM2c3B3cnAgPiB0YWJsZTphZnRlciB7Y29udGVudDoiIjtkaXNwbGF5OmJsb2NrO2hlaWdodDowO2NsZWFyOmJvdGg7dmlzaWJpbGl0eTpoaWRkZW59LnZzNnNwd3Jwe3dpZHRoOjcxMHB4O2hlaWdodDphdXRvO2JhY2tncm91bmQ6I2ZmZmZmZjttYXJnaW4tbGVmdDphdXRvO21hcmdpbi1yaWdodDphdXRvO3BhZGRpbmc6MH0jdnM2c3BiMHtiYWNrZ3JvdW5kOnRyYW5zcGFyZW50O3BhZGRpbmc6NXB4IDB9I3ZzNnNwYjAgdGFibGV7Ym9yZGVyLXNwYWNpbmc6MTBweDttYXJnaW46LTEwcHg7d2lkdGg6NzMwcHh9I3ZzNnNwYzB7d2lkdGg6NzEwcHg7YmFja2dyb3VuZDp0cmFuc3BhcmVudDtib3JkZXI6c29saWQgIzAwMDAwMCAwO3BhZGRpbmc6MH0udnM2c3BpbXt3aWR0aDoxMDAlO2hlaWdodDphdXRvfS0tPjwvc3R5bGU+PCEtLVtpZiBndGUgSUUgNi4wXT48c3R5bGU+LnZzNnNwd3JwLC52czZzcHdycCBkaXYsLnZzNnNwd3JwIGgzLC52czZzcHdycCBwLC52czZzcHdycCB0aCwudnM2c3B3cnAgdGR7em9vbToxfS52czZzcHdycCwudnM2c3B3cnAgdGgsLnZzNnNwd3JwIHRke2ZvbnQtc2l6ZToxNnB4ICFpbXBvcnRhbnR9LnZzNnNwd3Jwe3dpZHRoOjcxMHB4fSN2czZzcGMwe3dpZHRoOjcxMHB4fTwvc3R5bGU+PCFbZW5kaWZdLS0+PGRpdiBpZD0idnM2c3BiMCI+PHRhYmxlIGNlbGxzcGFjaW5nPSIxMCI+PHRyPjx0ZCBpZD0idnM2c3BjMCI+PGRpdiBjbGFzcz0idnM2c3BpbSI+PGltZyBzcmM9ImluYXBhYy9jYWJpbmV0L2drcms2MS5qcGciPjwvZGl2PjwvdGFibGU+PC9kaXY+PC9kaXY+CgoKPGRpdiBjbGFzcz0neWE2c3B3cnAnPjxzdHlsZT48IS0tLnlhNnNwd3JwIGRpdiwueWE2c3B3cnAgaW1nLC55YTZzcHdycCB0YWJsZSwueWE2c3B3cnAgdHIsLnlhNnNwd3JwIHRke3dpZHRoOmF1dG87aGVpZ2h0OmF1dG87cGFkZGluZzowO21hcmdpbjowO292ZXJmbG93OmhpZGRlbn0ueWE2c3B3cnAgdGR7ZmxvYXQ6bm9uZSAhaW1wb3J0YW50fS55YTZzcHdycCwueWE2c3B3cnAgZGl2LC55YTZzcHdycCBkaXYgaDMsLnlhNnNwd3JwIGRpdiBwe2Rpc3BsYXk6YmxvY2t9LnlhNnNwd3JwIGRpdiB0YWJsZXtkaXNwbGF5OnRhYmxlO3dpZHRoOmF1dG87aGVpZ2h0OmF1dG87cGFkZGluZzowO21hcmdpbjowO2JvcmRlci1zcGFjaW5nOjB9LnlhNnNwd3JwIGRpdiB0YWJsZSB0ciwueWE2c3B3cnAgZGl2IHRhYmxlIHRib2R5IHRye2Rpc3BsYXk6dGFibGUtcm93fS55YTZzcHdycCBkaXYgdGFibGUgdHIgdGQsLnlhNnNwd3JwIGRpdiB0YWJsZSB0Ym9keSB0ciB0ZHtkaXNwbGF5OnRhYmxlLWNlbGw7ZmxvYXQ6bm9uZSAhaW1wb3J0YW50O3ZlcnRpY2FsLWFsaWduOnRvcH0ueWE2c3B3cnAgdGFibGUgdGFibGV7d2lkdGg6MTAwJX0ueWE2c3B3cnAsLnlhNnNwd3JwIHRoLC55YTZzcHdycCB0ZHtjb2xvcjojMDAwMDAwO2ZvbnQtc2l6ZToxNnB4ICFpbXBvcnRhbnQ7Zm9udC1mYW1pbHk6J+ODkuODqeOCruODjuinkuOCtCBQcm8gVzMnLCdIaXJhZ2lubyBLYWt1IEdvdGhpYyBQcm8nLOODoeOCpOODquOCqixNZWlyeW8sT3Nha2EsJ++8re+8syDvvLDjgrTjgrfjg4Pjgq8nLCdNUyBQR290aGljJyxzYW5zLXNlcmlmO3RleHQtYWxpZ246Y2VudGVyfS55YTZzcHdycCBkaXYgaDMsLnlhNnNwd3JwIGRpdiBwLC55YTZzcHdycCBzdHJvbmd7d29yZC13cmFwOmJyZWFrLXdvcmQ7d29yZC1icmVhazpicmVhay1hbGw7cGFkZGluZzowO21hcmdpbi10b3A6MC41ZW07bWFyZ2luLWJvdHRvbTowLjVlbTtsaW5lLWhlaWdodDoxLjQ7dGV4dC1hbGlnbjpsZWZ0O292ZXJmbG93OnZpc2libGV9LnlhNnNwd3JwIGRpdiBoMywueWE2c3B3cnAgc3Ryb25ne2ZvbnQtc2l6ZToxMTclO30ueWE2c3BpbXt2ZXJ0aWNhbC1hbGlnbjp0b3B9LnlhNnNwd3JwIGRpdi55YTZzcGlte21hcmdpbi1sZWZ0OmF1dG87bWFyZ2luLXJpZ2h0OmF1dG87dGV4dC1hbGlnbjpjZW50ZXJ9LnlhNnNwd3JwIHAueWE2c3BpbXt0ZXh0LWFsaWduOmNlbnRlcn0ueWE2c3B3cnAgZGl2IGltZywueWE2c3B3cnAgZGl2IGEgaW1ne2JvcmRlcjpub25lO3ZlcnRpY2FsLWFsaWduOmJvdHRvbX0ueWE2c3B3cnAgZGl2LC55YTZzcHdycCB0YWJsZSB7aGVpZ2h0OmF1dG99LnlhNnNwd3JwIGRpdntvdmVyZmxvdzpoaWRkZW59LnlhNnNwd3JwIGRpdiBkaXZ7b3ZlcmZsb3c6dmlzaWJsZX0ueWE2c3B3cnAgPiBkaXY6YWZ0ZXIsLnlhNnNwd3JwID4gdGFibGU6YWZ0ZXIge2NvbnRlbnQ6IiI7ZGlzcGxheTpibG9jaztoZWlnaHQ6MDtjbGVhcjpib3RoO3Zpc2liaWxpdHk6aGlkZGVufS55YTZzcHdycHt3aWR0aDo3MTBweDtoZWlnaHQ6YXV0bztiYWNrZ3JvdW5kOiNmZmZmZmY7bWFyZ2luLWxlZnQ6YXV0bzttYXJnaW4tcmlnaHQ6YXV0bztwYWRkaW5nOjB9I3lhNnNwYjB7YmFja2dyb3VuZDp0cmFuc3BhcmVudDtwYWRkaW5nOjVweCAwfSN5YTZzcGIwIHRhYmxle2JvcmRlci1zcGFjaW5nOjEwcHg7bWFyZ2luOi0xMHB4O3dpZHRoOjczMHB4fSN5YTZzcGMwe3dpZHRoOjcxMHB4O2JhY2tncm91bmQ6dHJhbnNwYXJlbnQ7Ym9yZGVyOnNvbGlkICMwMDAwMDAgMDtwYWRkaW5nOjB9LnlhNnNwaW17d2lkdGg6MTAwJTtoZWlnaHQ6YXV0b30tLT48L3N0eWxlPjwhLS1baWYgZ3RlIElFIDYuMF0+PHN0eWxlPi55YTZzcHdycCwueWE2c3B3cnAgZGl2LC55YTZzcHdycCBoMywueWE2c3B3cnAgcCwueWE2c3B3cnAgdGgsLnlhNnNwd3JwIHRke3pvb206MX0ueWE2c3B3cnAsLnlhNnNwd3JwIHRoLC55YTZzcHdycCB0ZHtmb250LXNpemU6MTZweCAhaW1wb3J0YW50fS55YTZzcHdycHt3aWR0aDo3MTBweH0jeWE2c3BjMHt3aWR0aDo3MTBweH08L3N0eWxlPjwhW2VuZGlmXS0tPjxkaXYgaWQ9InlhNnNwYjAiPjx0YWJsZSBjZWxsc3BhY2luZz0iMTAiPjx0cj48dGQgaWQ9InlhNnNwYzAiPjxkaXYgY2xhc3M9InlhNnNwaW0iPjxpbWcgc3JjPSJpbmFwYWMvY2FiaW5ldC9pY3JrNjEuanBnIj48L2Rpdj48L3RhYmxlPjwvZGl2PjwvZGl2Pgo8dGFibGUgd2lkdGg9IjQwMCIgYmdjb2xvcj0iI2ZjOGE4MCIgY2VsbHNwYWNpbmc9IjEiIGNlbGxwYWRkaW5nPSIzIj48dHI+PHRoIGNvbHNwYW49IjIiIGFsaWduPSJjZW50ZXIiIGJnY29sb3I9IiNmZWRiZDkiPjxiPgo8Zm9udCBjb2xvcj0iIzMzMzMzMyI+5ZWG5ZOB6Kmz57SwPC9mb250PjwvYj48L3RoPjwvdHI+PHRyPjx0aCB3aWR0aD0iOTQiIGFsaWduPSJjZW50ZXIiIGJnY29sb3I9IiNmZWRiZDkiPjxmb250IHNpemU9IjIiIApjb2xvcj0iIzMzMzMzMyI+44K144Kk44K6PC9mb250PjwvdGg+PHRkIHdpZHRoPSIyOTEiIGJnY29sb3I9IiNmZmZmZmYiPjxmb250IHNpemU9IjIiIGNvbG9yPSIjMzMzMzMzIj7nuKYgNDLjgrvjg7Pjg4E8YnIgLz7mqKogNTIuNeOCu+ODs+ODgTxiciAvPuWlpeihjCDntIQ0NeOCu+ODs+ODgTwvZm9udD48L3RkPjwvdHI+PHRyPjx0aCB3aWR0aD0iOTQiIGFsaWduPSJjZW50ZXIiIGJnY29sb3I9IiNmZWRiZDkiPjxmb250IHNpemU9IjIiIGNvbG9yPSIjMzMzMzMzIj4K5p2Q6LOqPC9mb250PjwvdGg+PHRkIHdpZHRoPSIyOTEiIGJnY29sb3I9IiNmZmZmZmYiPjxmb250IHNpemU9IjIiIGNvbG9yPSIjMzMzMzMzIj7jg4Djg7Pjg5zjg7zjg6vjgIHjg5fjg6njgrnjg4Hjg4Pjgq/mrrXjg5zjg7zjg6sKPC9mb250PjwvdGQ+PC90cj48dHI+PHRoIHdpZHRoPSI5NCIgYWxpZ249ImNlbnRlciIgYmdjb2xvcj0iI2ZlZGJkOSI+PGZvbnQgc2l6ZT0iMiIgY29sb3I9IiMzMzMzMzMiPuiJsjwvZm9udD48L3RoPjx0ZCB3aWR0aD0iMjkxIiAKYmdjb2xvcj0iI2ZmZmZmZiI+PGZvbnQgc2l6ZT0iMiIgY29sb3I9IiMzMzMzMzMiPui1pOOAgeODlOODs+OCr+OAgem7hOOAgeOCquODrOODs+OCuOOAgee3keOAgemdkuOAgeeZveOAgem7kuOAgeODiuODgeODpeODqeODq+OAgeacqOebruiqv+OAgeODl+ODqeautSDnmb08L2ZvbnQ+PC90ZD48L3RyPjx0cj48dGggCndpZHRoPSI5NCIgYWxpZ249ImNlbnRlciIgYmdjb2xvcj0iI2ZlZGJkOSI+PGZvbnQgc2l6ZT0iMiIgY29sb3I9IiMzMzMzMzMiPuWVhuWTgeiqrOaYjjwvZm9udD48L3RoPjx0ZCB3aWR0aD0iMjkxIiBiZ2NvbG9yPSIjZmZmZmZmIj4KPGZvbnQgc2l6ZT0iMiIgY29sb3I9IiMzMzMzMzMiPuODk+ODg+OCsOODiOODs+ODjeODq+OCkuOCguOBhuWwkeOBl+OCs+ODs+ODkeOCr+ODiOOBq+OBqOOBhOOBhuOBlOimgeacm+OBq+OBiuW/nOOBiOOBl+OBpuOAgeWlpeihjOOBjeOCkuWwkeOBl+efreOBj+OBl+OBn+ODreODs+OCsOODiOODs+ODjeODq+OBjOaWsOeZu+WgtCE8YnIvPgrlj6Pjga7pg6jliIbjgYzlhaXlj6PjgajjgarjgaPjgabjgYrjgorjgIHkuK3jgYzjgY/jgormipzjgYTjgabjgYLjgorjgb7jgZnjgII8YnIgLz4K54yr44Gh44KD44KT44GM5Lit44Gn44GP44Gk44KN44GQ44GT44Go44KC54iq44Go44GO44GX44Gm6YGK44G244GT44Go44KC5Y+v6IO944Gn44GZ44CCPGJyIC8+44G+44Gf44CB5Zu955Sj44Gu5q6144Oc44O844Or44Gq44Gu44Gn44GX44Gj44GL44KK44GX44Gm44GE44Gm5LiK44Gr5LmX44Gj44Gm44KC5aSn5LiI5aSr44Gn44GZ44KI44CCPC9mb250PjwvdGQ+PC90cj48L3RhYmxlPjxkaXY+PGltZyBzcmM9Imh0dHA6Ly9pbWFnZS5yYWt1dGVuLmNvLmpwL2luYXBhYy9jYWJpbmV0L3RvcC90aXRsZS1waS5naWYiIGFsdD0i5rOo55uu5ZWG5ZOBIiB3aWR0aD0iNzYwIiBoZWlnaHQ9IjM1Ij48L2Rpdj4=,54yr44Gu44Gk44KB44Go44GO44CA44Ot44Oz44Kw44OI44Oz44ON44OrICDjgJDml6XmnKzoo70g54yrIOeIquOBqOOBjiDnjKvnlKjlk4Eg44Gk44KB44Go44GOIOOBpOOCgeOBv+OBjOOBjSDniKrjgajjgY4g54iq56Oo44GNIOODiOODs+ODjeODqyDmrrXjg5zjg7zjg6vjgJHvvJrjgY/jgonjgbXjgajlt6XmiL/jgq/jg6zjgqLjg6vjgIDmpb3lpKnluILloLTlupc=,54yr44Gu44Gk44KB44Go44GO44CA44Ot44Oz44Kw44OI44Oz44ON44OrICDjgJDml6XmnKzoo70g54yrIOeIquOBqOOBjiDnjKvnlKjlk4Eg44Gk44KB44Go44GOIOOBpOOCgeOBv+OBjOOBjSDniKrjgajjgY4g54iq56Oo44GNIOODiOODs+ODjeODqyDmrrXjg5zjg7zjg6vjgJE=,44CQ5q6144Oc44O844OrL+eIquOBqOOBji/jg4jjg7Pjg43jg6sv5pel5pys6KO944CR44CC54yr44Gu44Gk44KB44Go44GO44CA44Ot44Oz44Kw44OI44Oz44ON44OrICDjgJDml6XmnKzoo70g54yrIOeIquOBqOOBjiDnjKvnlKjlk4Eg44Gk44KB44Go44GOIOOBpOOCgeOBv+OBjOOBjSDniKrjgajjgY4g54iq56Oo44GNIOODiOODs+ODjeODqyDmrrXjg5zjg7zjg6vjgJE=[rn]
37-51582,aHR0cDovL3RzaG9wLnIxMHMuanAvaW5hcGFjL2NhYmluZXQvaW1ncmMwMDc1Mjk3NTcwLmpwZz9maXRpbj03MDA6NzAw,MjY0MC4wMDAw,,44Oa44OD44OI44O744Oa44OD44OI44Kw44OD44K6ID4g44Oa44OD44OI55So44GK5omL5YWl44KM55So5ZOBID4g54iq44Kx44Ki55So5ZOBID4g54yr55So54iq44Go44GO,54yr44Gu54iq44Go44GO44CA44OI44Oz44ON44Or6Zuy44CA44CQ5pel5pys6KO9IOeMqyDjgaTjgoHjgajjgY4g54iq44Go44GOIOeIquejqOOBjSDniKrjgb/jgYzjgY0g54yr55So5ZOBIOauteODnOODvOODqyAg6YGK44Gz44CR,,PGRpdiBjbGFzcz0neWE2c3B3cnAnPjxzdHlsZT48IS0tLnlhNnNwd3JwIGRpdiwueWE2c3B3cnAgaW1nLC55YTZzcHdycCB0YWJsZSwueWE2c3B3cnAgdHIsLnlhNnNwd3JwIHRke3dpZHRoOmF1dG87aGVpZ2h0OmF1dG87cGFkZGluZzowO21hcmdpbjowO292ZXJmbG93OmhpZGRlbn0ueWE2c3B3cnAgdGR7ZmxvYXQ6bm9uZSAhaW1wb3J0YW50fS55YTZzcHdycCwueWE2c3B3cnAgZGl2LC55YTZzcHdycCBkaXYgaDMsLnlhNnNwd3JwIGRpdiBwe2Rpc3BsYXk6YmxvY2t9LnlhNnNwd3JwIGRpdiB0YWJsZXtkaXNwbGF5OnRhYmxlO3dpZHRoOmF1dG87aGVpZ2h0OmF1dG87cGFkZGluZzowO21hcmdpbjowO2JvcmRlci1zcGFjaW5nOjB9LnlhNnNwd3JwIGRpdiB0YWJsZSB0ciwueWE2c3B3cnAgZGl2IHRhYmxlIHRib2R5IHRye2Rpc3BsYXk6dGFibGUtcm93fS55YTZzcHdycCBkaXYgdGFibGUgdHIgdGQsLnlhNnNwd3JwIGRpdiB0YWJsZSB0Ym9keSB0ciB0ZHtkaXNwbGF5OnRhYmxlLWNlbGw7ZmxvYXQ6bm9uZSAhaW1wb3J0YW50O3ZlcnRpY2FsLWFsaWduOnRvcH0ueWE2c3B3cnAgdGFibGUgdGFibGV7d2lkdGg6MTAwJX0ueWE2c3B3cnAsLnlhNnNwd3JwIHRoLC55YTZzcHdycCB0ZHtjb2xvcjojMDAwMDAwO2ZvbnQtc2l6ZToxNnB4ICFpbXBvcnRhbnQ7Zm9udC1mYW1pbHk6J+ODkuODqeOCruODjuinkuOCtCBQcm8gVzMnLCdIaXJhZ2lubyBLYWt1IEdvdGhpYyBQcm8nLOODoeOCpOODquOCqixNZWlyeW8sT3Nha2EsJ++8re+8syDvvLDjgrTjgrfjg4Pjgq8nLCdNUyBQR290aGljJyxzYW5zLXNlcmlmO3RleHQtYWxpZ246Y2VudGVyfS55YTZzcHdycCBkaXYgaDMsLnlhNnNwd3JwIGRpdiBwLC55YTZzcHdycCBzdHJvbmd7d29yZC13cmFwOmJyZWFrLXdvcmQ7d29yZC1icmVhazpicmVhay1hbGw7cGFkZGluZzowO21hcmdpbi10b3A6MC41ZW07bWFyZ2luLWJvdHRvbTowLjVlbTtsaW5lLWhlaWdodDoxLjQ7dGV4dC1hbGlnbjpsZWZ0O292ZXJmbG93OnZpc2libGV9LnlhNnNwd3JwIGRpdiBoMywueWE2c3B3cnAgc3Ryb25ne2ZvbnQtc2l6ZToxMTclO30ueWE2c3BpbXt2ZXJ0aWNhbC1hbGlnbjp0b3B9LnlhNnNwd3JwIGRpdi55YTZzcGlte21hcmdpbi1sZWZ0OmF1dG87bWFyZ2luLXJpZ2h0OmF1dG87dGV4dC1hbGlnbjpjZW50ZXJ9LnlhNnNwd3JwIHAueWE2c3BpbXt0ZXh0LWFsaWduOmNlbnRlcn0ueWE2c3B3cnAgZGl2IGltZywueWE2c3B3cnAgZGl2IGEgaW1ne2JvcmRlcjpub25lO3ZlcnRpY2FsLWFsaWduOmJvdHRvbX0ueWE2c3B3cnAgZGl2LC55YTZzcHdycCB0YWJsZSB7aGVpZ2h0OmF1dG99LnlhNnNwd3JwIGRpdntvdmVyZmxvdzpoaWRkZW59LnlhNnNwd3JwIGRpdiBkaXZ7b3ZlcmZsb3c6dmlzaWJsZX0ueWE2c3B3cnAgPiBkaXY6YWZ0ZXIsLnlhNnNwd3JwID4gdGFibGU6YWZ0ZXIge2NvbnRlbnQ6IiI7ZGlzcGxheTpibG9jaztoZWlnaHQ6MDtjbGVhcjpib3RoO3Zpc2liaWxpdHk6aGlkZGVufS55YTZzcHdycHt3aWR0aDo3MTBweDtoZWlnaHQ6YXV0bztiYWNrZ3JvdW5kOiNmZmZmZmY7bWFyZ2luLWxlZnQ6YXV0bzttYXJnaW4tcmlnaHQ6YXV0bztwYWRkaW5nOjB9I3lhNnNwYjB7YmFja2dyb3VuZDp0cmFuc3BhcmVudDtwYWRkaW5nOjVweCAwfSN5YTZzcGIwIHRhYmxle2JvcmRlci1zcGFjaW5nOjEwcHg7bWFyZ2luOi0xMHB4O3dpZHRoOjczMHB4fSN5YTZzcGMwe3dpZHRoOjcxMHB4O2JhY2tncm91bmQ6dHJhbnNwYXJlbnQ7Ym9yZGVyOnNvbGlkICMwMDAwMDAgMDtwYWRkaW5nOjB9LnlhNnNwaW17d2lkdGg6MTAwJTtoZWlnaHQ6YXV0b30tLT48L3N0eWxlPjwhLS1baWYgZ3RlIElFIDYuMF0+PHN0eWxlPi55YTZzcHdycCwueWE2c3B3cnAgZGl2LC55YTZzcHdycCBoMywueWE2c3B3cnAgcCwueWE2c3B3cnAgdGgsLnlhNnNwd3JwIHRke3pvb206MX0ueWE2c3B3cnAsLnlhNnNwd3JwIHRoLC55YTZzcHdycCB0ZHtmb250LXNpemU6MTZweCAhaW1wb3J0YW50fS55YTZzcHdycHt3aWR0aDo3MTBweH0jeWE2c3BjMHt3aWR0aDo3MTBweH08L3N0eWxlPjwhW2VuZGlmXS0tPjxkaXYgaWQ9InlhNnNwYjAiPjx0YWJsZSBjZWxsc3BhY2luZz0iMTAiPjx0cj48dGQgaWQ9InlhNnNwYzAiPjxkaXYgY2xhc3M9InlhNnNwaW0iPjxpbWcgc3JjPSJpbmFwYWMvY2FiaW5ldC9pY3JrNjEuanBnIj48L2Rpdj48L3RhYmxlPjwvZGl2PjwvZGl2Pjx0YWJsZSB3aWR0aD0iNDAwIiBiZ2NvbG9yPSIjZmM4YTgwIiBjZWxsc3BhY2luZz0iMSIgY2VsbHBhZGRpbmc9IjMiPjx0cj48dGggY29sc3Bhbj0iMiIgYWxpZ249ImNlbnRlciIgYmdjb2xvcj0iI2ZlZGJkOSI+PGI+Cjxmb250IGNvbG9yPSIjMzMzMzMzIj7llYblk4HoqbPntLA8L2ZvbnQ+PC9iPjwvdGg+PC90cj48dHI+PHRoIHdpZHRoPSI5NCIgYWxpZ249ImNlbnRlciIgYmdjb2xvcj0iI2ZlZGJkOSI+PGZvbnQgc2l6ZT0iMiIgCmNvbG9yPSIjMzMzMzMzIj7jgrXjgqTjgro8L2ZvbnQ+PC90aD48dGQgd2lkdGg9IjI5MSIgYmdjb2xvcj0iI2ZmZmZmZiI+PGZvbnQgc2l6ZT0iMiIgY29sb3I9IiMzMzMzMzMiPuWkluWvuOOAgOe4piAzNuOCu+ODs+ODgeOAgOaoqiA4MOOCu+ODs+ODgSAKPGJyIC8+5YaF5a+444CA57imIDI244K744Oz44OB44CA5qiqIDcw44K744Oz44OBICjjgbjjgZPjgb/pg6ggMjHjgrvjg7Pjg4HvvIk8YnIgLz7lpaXooYwg57SEMjfjgrvjg7Pjg4E8YnIgLz7ph43jgZXjgIDntIQ144Kt44OtPC9mb250PjwvdGQ+PC90cj48dHI+PHRoIHdpZHRoPSI5NCIgYWxpZ249ImNlbnRlciIgCmJnY29sb3I9IiNmZWRiZDkiPjxmb250IHNpemU9IjIiIGNvbG9yPSIjMzMzMzMzIj7mnZDos6o8L2ZvbnQ+PC90aD48dGQgd2lkdGg9IjI5MSIgYmdjb2xvcj0iI2ZmZmZmZiI+PGZvbnQgc2l6ZT0iMiIgY29sb3I9IiMzMzMzMzMiPgrmrrXjg5zjg7zjg6s8L2ZvbnQ+PC90ZD48L3RyPjx0cj48dGggd2lkdGg9Ijk0IiBhbGlnbj0iY2VudGVyIiBiZ2NvbG9yPSIjZmVkYmQ5Ij48Zm9udCBzaXplPSIyIiBjb2xvcj0iIzMzMzMzMyI+CuiJsjwvZm9udD48L3RoPjx0ZCB3aWR0aD0iMjkxIiBiZ2NvbG9yPSIjZmZmZmZmIj48Zm9udCBzaXplPSIyIiBjb2xvcj0iIzMzMzMzMyI+44OK44OB44Ol44Op44OrPGJyIC8+PC9mb250PjwvdGQ+CjwvdHI+PHRyPjx0aCB3aWR0aD0iOTQiIGFsaWduPSJjZW50ZXIiIGJnY29sb3I9IiNmZWRiZDkiPjxmb250IHNpemU9IjIiIGNvbG9yPSIjMzMzMzMzIj7llYblk4HoqqzmmI48L2ZvbnQ+PC90aD48dGQgd2lkdGg9IjI5MSIgCmJnY29sb3I9IiNmZmZmZmYiPjxmb250IHNpemU9IjIiIGNvbG9yPSIjMzMzMzMzIj4K5aSn44GN44GE44Gn44GZISDjgZ3jga7lpKfjgY3jgZXjgYzprYXlipvjgafjgZkhITxiciAvPumbsuOBruS4iuOBp+OChuOBo+OBn+OCiuOBiuaYvOWvneOAguacqOijveWbm+OBpOiRieOBjOODr+ODs+ODneOCpOODs+ODiOOBp+OBmeOAgjwvZm9udD48L3RkPgo8L3RyPjwvdGFibGU+PGRpdj48aW1nIHNyYz0iaHR0cDovL2ltYWdlLnJha3V0ZW4uY28uanAvaW5hcGFjL2NhYmluZXQvdG9wL3RpdGxlLXBpLmdpZiIgYWx0PSLms6jnm67llYblk4EiIHdpZHRoPSI3NjAiIGhlaWdodD0iMzUiPjwvZGl2Pg==,54yr44Gu54iq44Go44GO44CA44OI44Oz44ON44Or6Zuy44CA44CQ5pel5pys6KO9IOeMqyDjgaTjgoHjgajjgY4g54iq44Go44GOIOeIquejqOOBjSDniKrjgb/jgYzjgY0g54yr55So5ZOBIOauteODnOODvOODqyAg6YGK44Gz44CR77ya44GP44KJ44G144Go5bel5oi/44Kv44Os44Ki44Or44CA5qW95aSp5biC5aC05bqX,54yr44Gu54iq44Go44GO44CA44OI44Oz44ON44Or6Zuy44CA44CQ5pel5pys6KO9IOeMqyDjgaTjgoHjgajjgY4g54iq44Go44GOIOeIquejqOOBjSDniKrjgb/jgYzjgY0g54yr55So5ZOBIOauteODnOODvOODqyAg6YGK44Gz44CR,54yr44Gu54iq44Go44GO44CA44OI44Oz44ON44Or6Zuy44CA44CQ5pel5pys6KO9IOeMqyDjgaTjgoHjgajjgY4g54iq44Go44GOIOeIquejqOOBjSDniKrjgb/jgYzjgY0g54yr55So5ZOBIOauteODnOODvOODqyAg6YGK44Gz44CR[rn]
37-51583,aHR0cDovL3RzaG9wLnIxMHMuanAvaW5hcGFjL2NhYmluZXQvaW1ncmMwMDcwMDQzMDYwLmpwZz9maXRpbj03MDA6NzAw,MTkyMC4wMDAw,,44Oa44OD44OI44O744Oa44OD44OI44Kw44OD44K6ID4g44Oa44OD44OI55So44GK5omL5YWl44KM55So5ZOBID4g54iq44Kx44Ki55So5ZOBID4g54yr55So54iq44Go44GO,54yr44Gu54iq44Go44GO44CA44OV44Kh44Oz44K/44K444O844CA77yS44OR44K/44O844OzIOOAkOaXpeacrOijvSDnjKsg44Gk44KB44Go44GOIOeIquOBqOOBjiDniKrno6jjgY0g54iq44G/44GM44GNIOeMq+eUqOWTgSDmrrXjg5zjg7zjg6sg44OI44Oz44ON44OrIOmBiuOBs+OAkQ==,,PGRpdiBjbGFzcz0ncHc2c3B3cnAnPjxzdHlsZT48IS0tLnB3NnNwd3JwIGRpdiwucHc2c3B3cnAgaW1nLC5wdzZzcHdycCB0YWJsZSwucHc2c3B3cnAgdHIsLnB3NnNwd3JwIHRke3dpZHRoOmF1dG87aGVpZ2h0OmF1dG87cGFkZGluZzowO21hcmdpbjowO292ZXJmbG93OmhpZGRlbn0ucHc2c3B3cnAgdGR7ZmxvYXQ6bm9uZSAhaW1wb3J0YW50fS5wdzZzcHdycCwucHc2c3B3cnAgZGl2LC5wdzZzcHdycCBkaXYgaDMsLnB3NnNwd3JwIGRpdiBwe2Rpc3BsYXk6YmxvY2t9LnB3NnNwd3JwIGRpdiB0YWJsZXtkaXNwbGF5OnRhYmxlO3dpZHRoOmF1dG87aGVpZ2h0OmF1dG87cGFkZGluZzowO21hcmdpbjowO2JvcmRlci1zcGFjaW5nOjB9LnB3NnNwd3JwIGRpdiB0YWJsZSB0ciwucHc2c3B3cnAgZGl2IHRhYmxlIHRib2R5IHRye2Rpc3BsYXk6dGFibGUtcm93fS5wdzZzcHdycCBkaXYgdGFibGUgdHIgdGQsLnB3NnNwd3JwIGRpdiB0YWJsZSB0Ym9keSB0ciB0ZHtkaXNwbGF5OnRhYmxlLWNlbGw7ZmxvYXQ6bm9uZSAhaW1wb3J0YW50O3ZlcnRpY2FsLWFsaWduOnRvcH0ucHc2c3B3cnAgdGFibGUgdGFibGV7d2lkdGg6MTAwJX0ucHc2c3B3cnAsLnB3NnNwd3JwIHRoLC5wdzZzcHdycCB0ZHtjb2xvcjojMDAwMDAwO2ZvbnQtc2l6ZToxNnB4ICFpbXBvcnRhbnQ7Zm9udC1mYW1pbHk6J+ODkuODqeOCruODjuinkuOCtCBQcm8gVzMnLCdIaXJhZ2lubyBLYWt1IEdvdGhpYyBQcm8nLOODoeOCpOODquOCqixNZWlyeW8sT3Nha2EsJ++8re+8syDvvLDjgrTjgrfjg4Pjgq8nLCdNUyBQR290aGljJyxzYW5zLXNlcmlmO3RleHQtYWxpZ246Y2VudGVyfS5wdzZzcHdycCBkaXYgaDMsLnB3NnNwd3JwIGRpdiBwLC5wdzZzcHdycCBzdHJvbmd7d29yZC13cmFwOmJyZWFrLXdvcmQ7d29yZC1icmVhazpicmVhay1hbGw7cGFkZGluZzowO21hcmdpbi10b3A6MC41ZW07bWFyZ2luLWJvdHRvbTowLjVlbTtsaW5lLWhlaWdodDoxLjQ7dGV4dC1hbGlnbjpsZWZ0O292ZXJmbG93OnZpc2libGV9LnB3NnNwd3JwIGRpdiBoMywucHc2c3B3cnAgc3Ryb25ne2ZvbnQtc2l6ZToxMTclO30ucHc2c3BpbXt2ZXJ0aWNhbC1hbGlnbjp0b3B9LnB3NnNwd3JwIGRpdi5wdzZzcGlte21hcmdpbi1sZWZ0OmF1dG87bWFyZ2luLXJpZ2h0OmF1dG87dGV4dC1hbGlnbjpjZW50ZXJ9LnB3NnNwd3JwIHAucHc2c3BpbXt0ZXh0LWFsaWduOmNlbnRlcn0ucHc2c3B3cnAgZGl2IGltZywucHc2c3B3cnAgZGl2IGEgaW1ne2JvcmRlcjpub25lO3ZlcnRpY2FsLWFsaWduOmJvdHRvbX0ucHc2c3B3cnAgZGl2LC5wdzZzcHdycCB0YWJsZSB7aGVpZ2h0OmF1dG99LnB3NnNwd3JwIGRpdntvdmVyZmxvdzpoaWRkZW59LnB3NnNwd3JwIGRpdiBkaXZ7b3ZlcmZsb3c6dmlzaWJsZX0ucHc2c3B3cnAgPiBkaXY6YWZ0ZXIsLnB3NnNwd3JwID4gdGFibGU6YWZ0ZXIge2NvbnRlbnQ6IiI7ZGlzcGxheTpibG9jaztoZWlnaHQ6MDtjbGVhcjpib3RoO3Zpc2liaWxpdHk6aGlkZGVufS5wdzZzcHdycHt3aWR0aDo3MTBweDtoZWlnaHQ6YXV0bztiYWNrZ3JvdW5kOiNGRkZGRkY7bWFyZ2luLWxlZnQ6YXV0bzttYXJnaW4tcmlnaHQ6YXV0bztwYWRkaW5nOjB9I3B3NnNwYjAsI3B3NnNwYjF7YmFja2dyb3VuZDp0cmFuc3BhcmVudDtwYWRkaW5nOjVweCAwfSNwdzZzcGIwIHRhYmxlLCNwdzZzcGIxIHRhYmxle2JvcmRlci1zcGFjaW5nOjEwcHg7bWFyZ2luOi0xMHB4O3dpZHRoOjczMHB4fSNwdzZzcGMwLCNwdzZzcGMxe3dpZHRoOjcxMHB4O2JhY2tncm91bmQ6dHJhbnNwYXJlbnQ7Ym9yZGVyOnNvbGlkICMwMDAwMDAgMDtwYWRkaW5nOjB9LnB3NnNwaW17d2lkdGg6MTAwJTtoZWlnaHQ6YXV0b30tLT48L3N0eWxlPjwhLS1baWYgZ3RlIElFIDYuMF0+PHN0eWxlPi5wdzZzcHdycCwucHc2c3B3cnAgZGl2LC5wdzZzcHdycCBoMywucHc2c3B3cnAgcCwucHc2c3B3cnAgdGgsLnB3NnNwd3JwIHRke3pvb206MX0ucHc2c3B3cnAsLnB3NnNwd3JwIHRoLC5wdzZzcHdycCB0ZHtmb250LXNpemU6MTZweCAhaW1wb3J0YW50fS5wdzZzcHdycHt3aWR0aDo3MTBweH0jcHc2c3BjMCwjcHc2c3BjMXt3aWR0aDo3MTBweH08L3N0eWxlPjwhW2VuZGlmXS0tPjxkaXYgaWQ9InB3NnNwYjAiPjx0YWJsZSBjZWxsc3BhY2luZz0iMTAiPjx0cj48dGQgaWQ9InB3NnNwYzAiPjxkaXYgY2xhc3M9InB3NnNwaW0iPjxpbWcgc3JjPSJpbmFwYWMvY2FiaW5ldC9jNHJrNmMuanBnIj48L2Rpdj48L3RhYmxlPjwvZGl2PjxkaXYgaWQ9InB3NnNwYjEiPjx0YWJsZSBjZWxsc3BhY2luZz0iMTAiPjx0cj48dGQgaWQ9InB3NnNwYzEiPjxkaXYgY2xhc3M9InB3NnNwaW0iPjxpbWcgc3JjPSJpbmFwYWMvY2FiaW5ldC9jNHJrNjIuanBnIj48L2Rpdj48L3RhYmxlPjwvZGl2PjwvZGl2PgoKCgo8ZGl2IGNsYXNzPSdyazZzcHdycCc+PHN0eWxlPjwhLS0ucms2c3B3cnAgZGl2LC5yazZzcHdycCBpbWcsLnJrNnNwd3JwIHRhYmxlLC5yazZzcHdycCB0ciwucms2c3B3cnAgdGR7d2lkdGg6YXV0bztoZWlnaHQ6YXV0bztwYWRkaW5nOjA7bWFyZ2luOjA7b3ZlcmZsb3c6aGlkZGVufS5yazZzcHdycCB0ZHtmbG9hdDpub25lICFpbXBvcnRhbnR9LnJrNnNwd3JwLC5yazZzcHdycCBkaXYsLnJrNnNwd3JwIGRpdiBoMywucms2c3B3cnAgZGl2IHB7ZGlzcGxheTpibG9ja30ucms2c3B3cnAgZGl2IHRhYmxle2Rpc3BsYXk6dGFibGU7d2lkdGg6YXV0bztoZWlnaHQ6YXV0bztwYWRkaW5nOjA7bWFyZ2luOjA7Ym9yZGVyLXNwYWNpbmc6MH0ucms2c3B3cnAgZGl2IHRhYmxlIHRyLC5yazZzcHdycCBkaXYgdGFibGUgdGJvZHkgdHJ7ZGlzcGxheTp0YWJsZS1yb3d9LnJrNnNwd3JwIGRpdiB0YWJsZSB0ciB0ZCwucms2c3B3cnAgZGl2IHRhYmxlIHRib2R5IHRyIHRke2Rpc3BsYXk6dGFibGUtY2VsbDtmbG9hdDpub25lICFpbXBvcnRhbnQ7dmVydGljYWwtYWxpZ246dG9wfS5yazZzcHdycCB0YWJsZSB0YWJsZXt3aWR0aDoxMDAlfS5yazZzcHdycCwucms2c3B3cnAgdGgsLnJrNnNwd3JwIHRke2NvbG9yOiMwMDAwMDA7Zm9udC1zaXplOjE2cHggIWltcG9ydGFudDtmb250LWZhbWlseTon44OS44Op44Ku44OO6KeS44K0IFBybyBXMycsJ0hpcmFnaW5vIEtha3UgR290aGljIFBybycs44Oh44Kk44Oq44KqLE1laXJ5byxPc2FrYSwn77yt77yzIO+8sOOCtOOCt+ODg+OCrycsJ01TIFBHb3RoaWMnLHNhbnMtc2VyaWY7dGV4dC1hbGlnbjpjZW50ZXJ9LnJrNnNwd3JwIGRpdiBoMywucms2c3B3cnAgZGl2IHAsLnJrNnNwd3JwIHN0cm9uZ3t3b3JkLXdyYXA6YnJlYWstd29yZDt3b3JkLWJyZWFrOmJyZWFrLWFsbDtwYWRkaW5nOjA7bWFyZ2luLXRvcDowLjVlbTttYXJnaW4tYm90dG9tOjAuNWVtO2xpbmUtaGVpZ2h0OjEuNDt0ZXh0LWFsaWduOmxlZnQ7b3ZlcmZsb3c6dmlzaWJsZX0ucms2c3B3cnAgZGl2IGgzLC5yazZzcHdycCBzdHJvbmd7Zm9udC1zaXplOjExNyU7fS5yazZzcGlte3ZlcnRpY2FsLWFsaWduOnRvcH0ucms2c3B3cnAgZGl2LnJrNnNwaW17bWFyZ2luLWxlZnQ6YXV0bzttYXJnaW4tcmlnaHQ6YXV0bzt0ZXh0LWFsaWduOmNlbnRlcn0ucms2c3B3cnAgcC5yazZzcGlte3RleHQtYWxpZ246Y2VudGVyfS5yazZzcHdycCBkaXYgaW1nLC5yazZzcHdycCBkaXYgYSBpbWd7Ym9yZGVyOm5vbmU7dmVydGljYWwtYWxpZ246Ym90dG9tfS5yazZzcHdycCBkaXYsLnJrNnNwd3JwIHRhYmxlIHtoZWlnaHQ6YXV0b30ucms2c3B3cnAgZGl2e292ZXJmbG93OmhpZGRlbn0ucms2c3B3cnAgZGl2IGRpdntvdmVyZmxvdzp2aXNpYmxlfS5yazZzcHdycCA+IGRpdjphZnRlciwucms2c3B3cnAgPiB0YWJsZTphZnRlciB7Y29udGVudDoiIjtkaXNwbGF5OmJsb2NrO2hlaWdodDowO2NsZWFyOmJvdGg7dmlzaWJpbGl0eTpoaWRkZW59LnJrNnNwd3Jwe3dpZHRoOjcxMHB4O2hlaWdodDphdXRvO2JhY2tncm91bmQ6I0ZGRkZGRjttYXJnaW4tbGVmdDphdXRvO21hcmdpbi1yaWdodDphdXRvO3BhZGRpbmc6MH0jcms2c3BiMHtiYWNrZ3JvdW5kOnRyYW5zcGFyZW50O3BhZGRpbmc6NXB4IDB9I3JrNnNwYjAgdGFibGV7Ym9yZGVyLXNwYWNpbmc6MTBweDttYXJnaW46LTEwcHg7d2lkdGg6NzMwcHh9I3JrNnNwYzB7d2lkdGg6NzEwcHg7YmFja2dyb3VuZDp0cmFuc3BhcmVudDtib3JkZXI6c29saWQgIzAwMDAwMCAwO3BhZGRpbmc6MH0ucms2c3BpbXt3aWR0aDoxMDAlO2hlaWdodDphdXRvfS0tPjwvc3R5bGU+PCEtLVtpZiBndGUgSUUgNi4wXT48c3R5bGU+LnJrNnNwd3JwLC5yazZzcHdycCBkaXYsLnJrNnNwd3JwIGgzLC5yazZzcHdycCBwLC5yazZzcHdycCB0aCwucms2c3B3cnAgdGR7em9vbToxfS5yazZzcHdycCwucms2c3B3cnAgdGgsLnJrNnNwd3JwIHRke2ZvbnQtc2l6ZToxNnB4ICFpbXBvcnRhbnR9LnJrNnNwd3Jwe3dpZHRoOjcxMHB4fSNyazZzcGMwe3dpZHRoOjcxMHB4fTwvc3R5bGU+PCFbZW5kaWZdLS0+PGRpdiBpZD0icms2c3BiMCI+PHRhYmxlIGNlbGxzcGFjaW5nPSIxMCI+PHRyPjx0ZCBpZD0icms2c3BjMCI+PGRpdiBjbGFzcz0icms2c3BpbSI+PGltZyBzcmM9ImluYXBhYy9jYWJpbmV0L2Rhcms2MS5qcGciPjwvZGl2PjwvdGFibGU+PC9kaXY+PC9kaXY+CgoKPGRpdiBjbGFzcz0neWE2c3B3cnAnPjxzdHlsZT48IS0tLnlhNnNwd3JwIGRpdiwueWE2c3B3cnAgaW1nLC55YTZzcHdycCB0YWJsZSwueWE2c3B3cnAgdHIsLnlhNnNwd3JwIHRke3dpZHRoOmF1dG87aGVpZ2h0OmF1dG87cGFkZGluZzowO21hcmdpbjowO292ZXJmbG93OmhpZGRlbn0ueWE2c3B3cnAgdGR7ZmxvYXQ6bm9uZSAhaW1wb3J0YW50fS55YTZzcHdycCwueWE2c3B3cnAgZGl2LC55YTZzcHdycCBkaXYgaDMsLnlhNnNwd3JwIGRpdiBwe2Rpc3BsYXk6YmxvY2t9LnlhNnNwd3JwIGRpdiB0YWJsZXtkaXNwbGF5OnRhYmxlO3dpZHRoOmF1dG87aGVpZ2h0OmF1dG87cGFkZGluZzowO21hcmdpbjowO2JvcmRlci1zcGFjaW5nOjB9LnlhNnNwd3JwIGRpdiB0YWJsZSB0ciwueWE2c3B3cnAgZGl2IHRhYmxlIHRib2R5IHRye2Rpc3BsYXk6dGFibGUtcm93fS55YTZzcHdycCBkaXYgdGFibGUgdHIgdGQsLnlhNnNwd3JwIGRpdiB0YWJsZSB0Ym9keSB0ciB0ZHtkaXNwbGF5OnRhYmxlLWNlbGw7ZmxvYXQ6bm9uZSAhaW1wb3J0YW50O3ZlcnRpY2FsLWFsaWduOnRvcH0ueWE2c3B3cnAgdGFibGUgdGFibGV7d2lkdGg6MTAwJX0ueWE2c3B3cnAsLnlhNnNwd3JwIHRoLC55YTZzcHdycCB0ZHtjb2xvcjojMDAwMDAwO2ZvbnQtc2l6ZToxNnB4ICFpbXBvcnRhbnQ7Zm9udC1mYW1pbHk6J+ODkuODqeOCruODjuinkuOCtCBQcm8gVzMnLCdIaXJhZ2lubyBLYWt1IEdvdGhpYyBQcm8nLOODoeOCpOODquOCqixNZWlyeW8sT3Nha2EsJ++8re+8syDvvLDjgrTjgrfjg4Pjgq8nLCdNUyBQR290aGljJyxzYW5zLXNlcmlmO3RleHQtYWxpZ246Y2VudGVyfS55YTZzcHdycCBkaXYgaDMsLnlhNnNwd3JwIGRpdiBwLC55YTZzcHdycCBzdHJvbmd7d29yZC13cmFwOmJyZWFrLXdvcmQ7d29yZC1icmVhazpicmVhay1hbGw7cGFkZGluZzowO21hcmdpbi10b3A6MC41ZW07bWFyZ2luLWJvdHRvbTowLjVlbTtsaW5lLWhlaWdodDoxLjQ7dGV4dC1hbGlnbjpsZWZ0O292ZXJmbG93OnZpc2libGV9LnlhNnNwd3JwIGRpdiBoMywueWE2c3B3cnAgc3Ryb25ne2ZvbnQtc2l6ZToxMTclO30ueWE2c3BpbXt2ZXJ0aWNhbC1hbGlnbjp0b3B9LnlhNnNwd3JwIGRpdi55YTZzcGlte21hcmdpbi1sZWZ0OmF1dG87bWFyZ2luLXJpZ2h0OmF1dG87dGV4dC1hbGlnbjpjZW50ZXJ9LnlhNnNwd3JwIHAueWE2c3BpbXt0ZXh0LWFsaWduOmNlbnRlcn0ueWE2c3B3cnAgZGl2IGltZywueWE2c3B3cnAgZGl2IGEgaW1ne2JvcmRlcjpub25lO3ZlcnRpY2FsLWFsaWduOmJvdHRvbX0ueWE2c3B3cnAgZGl2LC55YTZzcHdycCB0YWJsZSB7aGVpZ2h0OmF1dG99LnlhNnNwd3JwIGRpdntvdmVyZmxvdzpoaWRkZW59LnlhNnNwd3JwIGRpdiBkaXZ7b3ZlcmZsb3c6dmlzaWJsZX0ueWE2c3B3cnAgPiBkaXY6YWZ0ZXIsLnlhNnNwd3JwID4gdGFibGU6YWZ0ZXIge2NvbnRlbnQ6IiI7ZGlzcGxheTpibG9jaztoZWlnaHQ6MDtjbGVhcjpib3RoO3Zpc2liaWxpdHk6aGlkZGVufS55YTZzcHdycHt3aWR0aDo3MTBweDtoZWlnaHQ6YXV0bztiYWNrZ3JvdW5kOiNmZmZmZmY7bWFyZ2luLWxlZnQ6YXV0bzttYXJnaW4tcmlnaHQ6YXV0bztwYWRkaW5nOjB9I3lhNnNwYjB7YmFja2dyb3VuZDp0cmFuc3BhcmVudDtwYWRkaW5nOjVweCAwfSN5YTZzcGIwIHRhYmxle2JvcmRlci1zcGFjaW5nOjEwcHg7bWFyZ2luOi0xMHB4O3dpZHRoOjczMHB4fSN5YTZzcGMwe3dpZHRoOjcxMHB4O2JhY2tncm91bmQ6dHJhbnNwYXJlbnQ7Ym9yZGVyOnNvbGlkICMwMDAwMDAgMDtwYWRkaW5nOjB9LnlhNnNwaW17d2lkdGg6MTAwJTtoZWlnaHQ6YXV0b30tLT48L3N0eWxlPjwhLS1baWYgZ3RlIElFIDYuMF0+PHN0eWxlPi55YTZzcHdycCwueWE2c3B3cnAgZGl2LC55YTZzcHdycCBoMywueWE2c3B3cnAgcCwueWE2c3B3cnAgdGgsLnlhNnNwd3JwIHRke3pvb206MX0ueWE2c3B3cnAsLnlhNnNwd3JwIHRoLC55YTZzcHdycCB0ZHtmb250LXNpemU6MTZweCAhaW1wb3J0YW50fS55YTZzcHdycHt3aWR0aDo3MTBweH0jeWE2c3BjMHt3aWR0aDo3MTBweH08L3N0eWxlPjwhW2VuZGlmXS0tPjxkaXYgaWQ9InlhNnNwYjAiPjx0YWJsZSBjZWxsc3BhY2luZz0iMTAiPjx0cj48dGQgaWQ9InlhNnNwYzAiPjxkaXYgY2xhc3M9InlhNnNwaW0iPjxpbWcgc3JjPSJpbmFwYWMvY2FiaW5ldC9pY3JrNjEuanBnIj48L2Rpdj48L3RhYmxlPjwvZGl2PjwvZGl2Pjx0YWJsZSB3aWR0aD0iNDAwIiBiZ2NvbG9yPSIjZmM4YTgwIiBjZWxsc3BhY2luZz0iMSIgY2VsbHBhZGRpbmc9IjMiPjx0cj48dGggY29sc3Bhbj0iMiIgYWxpZ249ImNlbnRlciIgYmdjb2xvcj0iI2ZlZGJkOSI+PGI+Cjxmb250IGNvbG9yPSIjMzMzMzMzIj7llYblk4HoqbPntLA8L2ZvbnQ+PC9iPjwvdGg+PC90cj48dHI+PHRoIHdpZHRoPSI5NCIgYWxpZ249ImNlbnRlciIgYmdjb2xvcj0iI2ZlZGJkOSI+PGZvbnQgc2l6ZT0iMiIgCmNvbG9yPSIjMzMzMzMzIj7jgrXjgqTjgro8L2ZvbnQ+PC90aD48dGQgd2lkdGg9IjI5MSIgYmdjb2xvcj0iI2ZmZmZmZiI+PGZvbnQgc2l6ZT0iMiIgY29sb3I9IiMzMzMzMzMiPuODiOODs+ODjeODq+WGhemDqOOAgArnuKYyN+OCu+ODs+ODgeOAgeaoqjI5LjXjgrvjg7Pjg4E8YnIgLz7lpaXooYwg57SE77yU77yY44K744Oz44OBPGJyIC8+6YeN44GV57SEMi4544Kt44OtPC9mb250PjwvdGQ+PC90cj48dHI+PHRoIHdpZHRoPSI5NCIgYWxpZ249ImNlbnRlciIgCmJnY29sb3I9IiNmZWRiZDkiPjxmb250IHNpemU9IjIiIGNvbG9yPSIjMzMzMzMzIj7mnZDos6o8L2ZvbnQ+PC90aD48dGQgd2lkdGg9IjI5MSIgYmdjb2xvcj0iI2ZmZmZmZiI+PGZvbnQgc2l6ZT0iMiIgY29sb3I9IiMzMzMzMzMiPgrmrrXjg5zjg7zjg6vjgIHjg5fjg6njgrnjg4Hjg4Pjgq/mrrXjg5zjg7zjg6s8YnI+PC9mb250PjwvdGQ+PC90cj48dHI+PHRoIHdpZHRoPSI5NCIgYWxpZ249ImNlbnRlciIgYmdjb2xvcj0iI2ZlZGJkOSI+PGZvbnQgc2l6ZT0iMiIgCmNvbG9yPSIjMzMzMzMzIj7oibI8L2ZvbnQ+PC90aD48dGQgd2lkdGg9IjI5MSIgYmdjb2xvcj0iI2ZmZmZmZiI+PGZvbnQgc2l6ZT0iMiIgY29sb3I9IiMzMzMzMzMiPui1pOOAgeODlOODs+OCr+OAgem7hOOAgeOCquODrOODs+OCuOOAgee3keOAgemdkuOAgeeZveOAgem7kuOAgeODiuODgeODpeODqeODq+OAgeacqOebruiqv+OAgeODl+ODqeautSDnmb0KPC9mb250PjwvdGQ+PC90cj48dHI+PHRoIHdpZHRoPSI5NCIgYWxpZ249ImNlbnRlciIgYmdjb2xvcj0iI2ZlZGJkOSI+PGZvbnQgc2l6ZT0iMiIgY29sb3I9IiMzMzMzMzMiPuWVhuWTgeiqrOaYjjwvZm9udD48L3RoPjx0ZCAKd2lkdGg9IjI5MSIgYmdjb2xvcj0iI2ZmZmZmZiI+PGZvbnQgc2l6ZT0iMiIgY29sb3I9IiMzMzMzMzMiPuS4gOaemuS4gOaemuaJi+OBp+W8teOCiuWQiOOCj+OBm+OBpuS9nOOBo+OBpuOBhOOBvuOBmeOAgjxiciAvPgrjg4jjg7Pjg43jg6vjgpLluoPjgY/jgajjgaPjgabjgYLjgovjga7jgafjgaHjgofjgaPjgajlpKfjgY3jgoHnjKvjgaHjgoPjgpPjgoLpgYrjgbnjgb7jgZnjgojvvIE8YnIgLz7ogJDkuYXmgKfjgavjgoLlhKrjgozjgabjgYTjgovjga7jgafjgIHkuIrjgavjga7jgaPjgabjgoLlpKfkuIjlpKvvvIHvvIE8L2ZvbnQ+PC90ZD4KPC90cj48L3RhYmxlPjxkaXY+PGltZyBzcmM9Imh0dHA6Ly9pbWFnZS5yYWt1dGVuLmNvLmpwL2luYXBhYy9jYWJpbmV0L3RvcC90aXRsZS1waS5naWYiIGFsdD0i5rOo55uu5ZWG5ZOBIiB3aWR0aD0iNzYwIiBoZWlnaHQ9IjM1Ij48L2Rpdj4=,54yr44Gu54iq44Go44GO44CA44OV44Kh44Oz44K/44K444O844CA77yS44OR44K/44O844OzIOOAkOaXpeacrOijvSDnjKsg44Gk44KB44Go44GOIOeIquOBqOOBjiDniKrno6jjgY0g54iq44G/44GM44GNIOeMq+eUqOWTgSDmrrXjg5zjg7zjg6sg44OI44Oz44ON44OrIOmBiuOBs+OAke+8muOBj+OCieOBteOBqOW3peaIv+OCr+ODrOOCouODq+OAgOalveWkqeW4guWgtOW6lw==,54yr44Gu54iq44Go44GO44CA44OV44Kh44Oz44K/44K444O844CA77yS44OR44K/44O844OzIOOAkOaXpeacrOijvSDnjKsg44Gk44KB44Go44GOIOeIquOBqOOBjiDniKrno6jjgY0g54iq44G/44GM44GNIOeMq+eUqOWTgSDmrrXjg5zjg7zjg6sg44OI44Oz44ON44OrIOmBiuOBs+OAkQ==,54yr44Gu54iq44Go44GO44CA44OV44Kh44Oz44K/44K444O844CA77yS44OR44K/44O844OzIOOAkOaXpeacrOijvSDnjKsg44Gk44KB44Go44GOIOeIquOBqOOBjiDniKrno6jjgY0g54iq44G/44GM44GNIOeMq+eUqOWTgSDmrrXjg5zjg7zjg6sg44OI44Oz44ON44OrIOmBiuOBs+OAkQ==[rn]
37-51584,aHR0cDovL3RzaG9wLnIxMHMuanAvaW5hcGFjL2NhYmluZXQvMDM1OTc5MzUvaW1ncmMwMDcwOTcxNzkwLmpwZz9maXRpbj03MDA6NzAw,MjQ4MC4wMDAw,,44Oa44OD44OI44O744Oa44OD44OI44Kw44OD44K6ID4g44Oa44OD44OI55So44GK5omL5YWl44KM55So5ZOBID4g54iq44Kx44Ki55So5ZOBID4g54yr55So54iq44Go44GO,54yr44Gu44Gk44KB44Go44GOIOOCreODo+ODg+ODiOOCueODq+ODvCDjgJDml6XmnKzoo70g54yrIOOBpOOCgeOBqOOBjiDniKrjgajjgY4g54iq56Oo44GNIOeIquOBv+OBjOOBjSDogonnkIMg54yr55So5ZOBIOauteODnOODvOODqyDjg4jjg7Pjg43jg6sg6YGK44Gz44CR,,PGRpdiBjbGFzcz0ndGY2c3B3cnAnPjxzdHlsZT48IS0tLnRmNnNwd3JwIGRpdiwudGY2c3B3cnAgaW1nLC50ZjZzcHdycCB0YWJsZSwudGY2c3B3cnAgdHIsLnRmNnNwd3JwIHRke3dpZHRoOmF1dG87aGVpZ2h0OmF1dG87cGFkZGluZzowO21hcmdpbjowO292ZXJmbG93OmhpZGRlbn0udGY2c3B3cnAgdGR7ZmxvYXQ6bm9uZSAhaW1wb3J0YW50fS50ZjZzcHdycCwudGY2c3B3cnAgZGl2LC50ZjZzcHdycCBkaXYgaDMsLnRmNnNwd3JwIGRpdiBwe2Rpc3BsYXk6YmxvY2t9LnRmNnNwd3JwIGRpdiB0YWJsZXtkaXNwbGF5OnRhYmxlO3dpZHRoOmF1dG87aGVpZ2h0OmF1dG87cGFkZGluZzowO21hcmdpbjowO2JvcmRlci1zcGFjaW5nOjB9LnRmNnNwd3JwIGRpdiB0YWJsZSB0ciwudGY2c3B3cnAgZGl2IHRhYmxlIHRib2R5IHRye2Rpc3BsYXk6dGFibGUtcm93fS50ZjZzcHdycCBkaXYgdGFibGUgdHIgdGQsLnRmNnNwd3JwIGRpdiB0YWJsZSB0Ym9keSB0ciB0ZHtkaXNwbGF5OnRhYmxlLWNlbGw7ZmxvYXQ6bm9uZSAhaW1wb3J0YW50O3ZlcnRpY2FsLWFsaWduOnRvcH0udGY2c3B3cnAgdGFibGUgdGFibGV7d2lkdGg6MTAwJX0udGY2c3B3cnAsLnRmNnNwd3JwIHRoLC50ZjZzcHdycCB0ZHtjb2xvcjojMDAwMDAwO2ZvbnQtc2l6ZToxNnB4ICFpbXBvcnRhbnQ7Zm9udC1mYW1pbHk6J+ODkuODqeOCruODjuinkuOCtCBQcm8gVzMnLCdIaXJhZ2lubyBLYWt1IEdvdGhpYyBQcm8nLOODoeOCpOODquOCqixNZWlyeW8sT3Nha2EsJ++8re+8syDvvLDjgrTjgrfjg4Pjgq8nLCdNUyBQR290aGljJyxzYW5zLXNlcmlmO3RleHQtYWxpZ246Y2VudGVyfS50ZjZzcHdycCBkaXYgaDMsLnRmNnNwd3JwIGRpdiBwLC50ZjZzcHdycCBzdHJvbmd7d29yZC13cmFwOmJyZWFrLXdvcmQ7d29yZC1icmVhazpicmVhay1hbGw7cGFkZGluZzowO21hcmdpbi10b3A6MC41ZW07bWFyZ2luLWJvdHRvbTowLjVlbTtsaW5lLWhlaWdodDoxLjQ7dGV4dC1hbGlnbjpsZWZ0O292ZXJmbG93OnZpc2libGV9LnRmNnNwd3JwIGRpdiBoMywudGY2c3B3cnAgc3Ryb25ne2ZvbnQtc2l6ZToxMTclO30udGY2c3BpbXt2ZXJ0aWNhbC1hbGlnbjp0b3B9LnRmNnNwd3JwIGRpdi50ZjZzcGlte21hcmdpbi1sZWZ0OmF1dG87bWFyZ2luLXJpZ2h0OmF1dG87dGV4dC1hbGlnbjpjZW50ZXJ9LnRmNnNwd3JwIHAudGY2c3BpbXt0ZXh0LWFsaWduOmNlbnRlcn0udGY2c3B3cnAgZGl2IGltZywudGY2c3B3cnAgZGl2IGEgaW1ne2JvcmRlcjpub25lO3ZlcnRpY2FsLWFsaWduOmJvdHRvbX0udGY2c3B3cnAgZGl2LC50ZjZzcHdycCB0YWJsZSB7aGVpZ2h0OmF1dG99LnRmNnNwd3JwIGRpdntvdmVyZmxvdzpoaWRkZW59LnRmNnNwd3JwIGRpdiBkaXZ7b3ZlcmZsb3c6dmlzaWJsZX0udGY2c3B3cnAgPiBkaXY6YWZ0ZXIsLnRmNnNwd3JwID4gdGFibGU6YWZ0ZXIge2NvbnRlbnQ6IiI7ZGlzcGxheTpibG9jaztoZWlnaHQ6MDtjbGVhcjpib3RoO3Zpc2liaWxpdHk6aGlkZGVufS50ZjZzcHdycHt3aWR0aDo3MTBweDtoZWlnaHQ6YXV0bztiYWNrZ3JvdW5kOiNmZmZmZmY7bWFyZ2luLWxlZnQ6YXV0bzttYXJnaW4tcmlnaHQ6YXV0bztwYWRkaW5nOjB9I3RmNnNwYjAsI3RmNnNwYjEsI3RmNnNwYjJ7YmFja2dyb3VuZDp0cmFuc3BhcmVudDtwYWRkaW5nOjVweCAwfSN0ZjZzcGIwIHRhYmxlLCN0ZjZzcGIxIHRhYmxlLCN0ZjZzcGIyIHRhYmxle2JvcmRlci1zcGFjaW5nOjEwcHg7bWFyZ2luOi0xMHB4O3dpZHRoOjczMHB4fSN0ZjZzcGMwLCN0ZjZzcGMxLCN0ZjZzcGMye3dpZHRoOjcxMHB4O2JhY2tncm91bmQ6dHJhbnNwYXJlbnQ7Ym9yZGVyOnNvbGlkICMwMDAwMDAgMDtwYWRkaW5nOjB9LnRmNnNwaW17d2lkdGg6MTAwJTtoZWlnaHQ6YXV0b30tLT48L3N0eWxlPjwhLS1baWYgZ3RlIElFIDYuMF0+PHN0eWxlPi50ZjZzcHdycCwudGY2c3B3cnAgZGl2LC50ZjZzcHdycCBoMywudGY2c3B3cnAgcCwudGY2c3B3cnAgdGgsLnRmNnNwd3JwIHRke3pvb206MX0udGY2c3B3cnAsLnRmNnNwd3JwIHRoLC50ZjZzcHdycCB0ZHtmb250LXNpemU6MTZweCAhaW1wb3J0YW50fS50ZjZzcHdycHt3aWR0aDo3MTBweH0jdGY2c3BjMCwjdGY2c3BjMSwjdGY2c3BjMnt3aWR0aDo3MTBweH08L3N0eWxlPjwhW2VuZGlmXS0tPjxkaXYgaWQ9InRmNnNwYjAiPjx0YWJsZSBjZWxsc3BhY2luZz0iMTAiPjx0cj48dGQgaWQ9InRmNnNwYzAiPjxkaXYgY2xhc3M9InRmNnNwaW0iPjxpbWcgc3JjPSJpbmFwYWMvY2FiaW5ldC9lbnJrNjEuanBnIj48L2Rpdj48L3RhYmxlPjwvZGl2PjxkaXYgaWQ9InRmNnNwYjEiPjx0YWJsZSBjZWxsc3BhY2luZz0iMTAiPjx0cj48dGQgaWQ9InRmNnNwYzEiPjxkaXYgY2xhc3M9InRmNnNwaW0iPjxpbWcgc3JjPSJpbmFwYWMvY2FiaW5ldC9lbnJrNjIuanBnIj48L2Rpdj48L3RhYmxlPjwvZGl2PjxkaXYgaWQ9InRmNnNwYjIiPjx0YWJsZSBjZWxsc3BhY2luZz0iMTAiPjx0cj48dGQgaWQ9InRmNnNwYzIiPjxkaXYgY2xhc3M9InRmNnNwaW0iPjxpbWcgc3JjPSJpbmFwYWMvY2FiaW5ldC9lbnJrNjMuanBnIj48L2Rpdj48L3RhYmxlPjwvZGl2PjwvZGl2PgoKCjxkaXYgY2xhc3M9J3lhNnNwd3JwJz48c3R5bGU+PCEtLS55YTZzcHdycCBkaXYsLnlhNnNwd3JwIGltZywueWE2c3B3cnAgdGFibGUsLnlhNnNwd3JwIHRyLC55YTZzcHdycCB0ZHt3aWR0aDphdXRvO2hlaWdodDphdXRvO3BhZGRpbmc6MDttYXJnaW46MDtvdmVyZmxvdzpoaWRkZW59LnlhNnNwd3JwIHRke2Zsb2F0Om5vbmUgIWltcG9ydGFudH0ueWE2c3B3cnAsLnlhNnNwd3JwIGRpdiwueWE2c3B3cnAgZGl2IGgzLC55YTZzcHdycCBkaXYgcHtkaXNwbGF5OmJsb2NrfS55YTZzcHdycCBkaXYgdGFibGV7ZGlzcGxheTp0YWJsZTt3aWR0aDphdXRvO2hlaWdodDphdXRvO3BhZGRpbmc6MDttYXJnaW46MDtib3JkZXItc3BhY2luZzowfS55YTZzcHdycCBkaXYgdGFibGUgdHIsLnlhNnNwd3JwIGRpdiB0YWJsZSB0Ym9keSB0cntkaXNwbGF5OnRhYmxlLXJvd30ueWE2c3B3cnAgZGl2IHRhYmxlIHRyIHRkLC55YTZzcHdycCBkaXYgdGFibGUgdGJvZHkgdHIgdGR7ZGlzcGxheTp0YWJsZS1jZWxsO2Zsb2F0Om5vbmUgIWltcG9ydGFudDt2ZXJ0aWNhbC1hbGlnbjp0b3B9LnlhNnNwd3JwIHRhYmxlIHRhYmxle3dpZHRoOjEwMCV9LnlhNnNwd3JwLC55YTZzcHdycCB0aCwueWE2c3B3cnAgdGR7Y29sb3I6IzAwMDAwMDtmb250LXNpemU6MTZweCAhaW1wb3J0YW50O2ZvbnQtZmFtaWx5Oifjg5Ljg6njgq7jg47op5LjgrQgUHJvIFczJywnSGlyYWdpbm8gS2FrdSBHb3RoaWMgUHJvJyzjg6HjgqTjg6rjgqosTWVpcnlvLE9zYWthLCfvvK3vvLMg77yw44K044K344OD44KvJywnTVMgUEdvdGhpYycsc2Fucy1zZXJpZjt0ZXh0LWFsaWduOmNlbnRlcn0ueWE2c3B3cnAgZGl2IGgzLC55YTZzcHdycCBkaXYgcCwueWE2c3B3cnAgc3Ryb25ne3dvcmQtd3JhcDpicmVhay13b3JkO3dvcmQtYnJlYWs6YnJlYWstYWxsO3BhZGRpbmc6MDttYXJnaW4tdG9wOjAuNWVtO21hcmdpbi1ib3R0b206MC41ZW07bGluZS1oZWlnaHQ6MS40O3RleHQtYWxpZ246bGVmdDtvdmVyZmxvdzp2aXNpYmxlfS55YTZzcHdycCBkaXYgaDMsLnlhNnNwd3JwIHN0cm9uZ3tmb250LXNpemU6MTE3JTt9LnlhNnNwaW17dmVydGljYWwtYWxpZ246dG9wfS55YTZzcHdycCBkaXYueWE2c3BpbXttYXJnaW4tbGVmdDphdXRvO21hcmdpbi1yaWdodDphdXRvO3RleHQtYWxpZ246Y2VudGVyfS55YTZzcHdycCBwLnlhNnNwaW17dGV4dC1hbGlnbjpjZW50ZXJ9LnlhNnNwd3JwIGRpdiBpbWcsLnlhNnNwd3JwIGRpdiBhIGltZ3tib3JkZXI6bm9uZTt2ZXJ0aWNhbC1hbGlnbjpib3R0b219LnlhNnNwd3JwIGRpdiwueWE2c3B3cnAgdGFibGUge2hlaWdodDphdXRvfS55YTZzcHdycCBkaXZ7b3ZlcmZsb3c6aGlkZGVufS55YTZzcHdycCBkaXYgZGl2e292ZXJmbG93OnZpc2libGV9LnlhNnNwd3JwID4gZGl2OmFmdGVyLC55YTZzcHdycCA+IHRhYmxlOmFmdGVyIHtjb250ZW50OiIiO2Rpc3BsYXk6YmxvY2s7aGVpZ2h0OjA7Y2xlYXI6Ym90aDt2aXNpYmlsaXR5OmhpZGRlbn0ueWE2c3B3cnB7d2lkdGg6NzEwcHg7aGVpZ2h0OmF1dG87YmFja2dyb3VuZDojZmZmZmZmO21hcmdpbi1sZWZ0OmF1dG87bWFyZ2luLXJpZ2h0OmF1dG87cGFkZGluZzowfSN5YTZzcGIwe2JhY2tncm91bmQ6dHJhbnNwYXJlbnQ7cGFkZGluZzo1cHggMH0jeWE2c3BiMCB0YWJsZXtib3JkZXItc3BhY2luZzoxMHB4O21hcmdpbjotMTBweDt3aWR0aDo3MzBweH0jeWE2c3BjMHt3aWR0aDo3MTBweDtiYWNrZ3JvdW5kOnRyYW5zcGFyZW50O2JvcmRlcjpzb2xpZCAjMDAwMDAwIDA7cGFkZGluZzowfS55YTZzcGlte3dpZHRoOjEwMCU7aGVpZ2h0OmF1dG99LS0+PC9zdHlsZT48IS0tW2lmIGd0ZSBJRSA2LjBdPjxzdHlsZT4ueWE2c3B3cnAsLnlhNnNwd3JwIGRpdiwueWE2c3B3cnAgaDMsLnlhNnNwd3JwIHAsLnlhNnNwd3JwIHRoLC55YTZzcHdycCB0ZHt6b29tOjF9LnlhNnNwd3JwLC55YTZzcHdycCB0aCwueWE2c3B3cnAgdGR7Zm9udC1zaXplOjE2cHggIWltcG9ydGFudH0ueWE2c3B3cnB7d2lkdGg6NzEwcHh9I3lhNnNwYzB7d2lkdGg6NzEwcHh9PC9zdHlsZT48IVtlbmRpZl0tLT48ZGl2IGlkPSJ5YTZzcGIwIj48dGFibGUgY2VsbHNwYWNpbmc9IjEwIj48dHI+PHRkIGlkPSJ5YTZzcGMwIj48ZGl2IGNsYXNzPSJ5YTZzcGltIj48aW1nIHNyYz0iaW5hcGFjL2NhYmluZXQvaWNyazYxLmpwZyI+PC9kaXY+PC90YWJsZT48L2Rpdj48L2Rpdj48dGFibGUgd2lkdGg9IjQwMCIgYmdjb2xvcj0iI2ZjOGE4MCIgY2VsbHNwYWNpbmc9IjEiIGNlbGxwYWRkaW5nPSIzIj48dHI+PHRoIGNvbHNwYW49IjIiIGFsaWduPSJjZW50ZXIiIGJnY29sb3I9IiNmZWRiZDkiPjxiPgo8Zm9udCBjb2xvcj0iIzMzMzMzMyI+5ZWG5ZOB6Kmz57SwPC9mb250PjwvYj48L3RoPjwvdHI+PHRyPjx0aCB3aWR0aD0iOTQiIGFsaWduPSJjZW50ZXIiIGJnY29sb3I9IiNmZWRiZDkiPjxmb250IHNpemU9IjIiIApjb2xvcj0iIzMzMzMzMyI+44K144Kk44K6PC9mb250PjwvdGg+PHRkIHdpZHRoPSIyOTEiIGJnY29sb3I9IiNmZmZmZmYiPjxmb250IHNpemU9IjIiIGNvbG9yPSIjMzMzMzMzIj7nuKYgMzkuOOOCu+ODs+ODgeOAgOOAgOaoqiA0Mi4044K744Oz44OBCjxiciAvPuWlpeihjOOAgOe0hDQ144K744Oz44OBPGJyIC8+PGJyIC8+PGJyIC8+PC9mb250PjwvdGQ+PC90cj48dHI+PHRoIHdpZHRoPSI5NCIgCmFsaWduPSJjZW50ZXIiIGJnY29sb3I9IiNmZWRiZDkiPjxmb250IHNpemU9IjIiIGNvbG9yPSIjMzMzMzMzIj7mnZDos6o8L2ZvbnQ+PC90aD48dGQgd2lkdGg9IjI5MSIgYmdjb2xvcj0iI2ZmZmZmZiI+PGZvbnQgc2l6ZT0iMiIgCmNvbG9yPSIjMzMzMzMzIj7mrrXjg5zjg7zjg6s8L2ZvbnQ+PC90ZD48L3RyPjx0cj48dGggd2lkdGg9Ijk0IiBhbGlnbj0iY2VudGVyIiBiZ2NvbG9yPSIjZmVkYmQ5Ij48Zm9udCBzaXplPSIyIiAKY29sb3I9IiMzMzMzMzMiPuiJsjwvZm9udD48L3RoPjx0ZCB3aWR0aD0iMjkxIiBiZ2NvbG9yPSIjZmZmZmZmIj48Zm9udCBzaXplPSIyIiBjb2xvcj0iIzMzMzMzMyI+6LWk44CB6buS44CB55m944CB44OU44Oz44Kv44CB5pyo55uu6Kq/44CB44OK44OB44Ol44Op44OrCjwvZm9udD48L3RkPjwvdHI+PHRyPjx0aCB3aWR0aD0iOTQiIGFsaWduPSJjZW50ZXIiIGJnY29sb3I9IiNmZWRiZDkiPjxmb250IHNpemU9IjIiIGNvbG9yPSIjMzMzMzMzIj7llYblk4HoqqzmmI48L2ZvbnQ+PC90aD48dGQgCndpZHRoPSIyOTEiIGJnY29sb3I9IiNmZmZmZmYiPjxmb250IHNpemU9IjIiIGNvbG9yPSIjMzMzMzMzIj7jg4jjg7Pjg43jg6vjga7lvaLjgYznjKvjgaHjgoPjgpPjgavjgarjgaPjgabjgb7jgZnjgILjg4jjg7Pjg43jg6vjga7kuK3jgafjgoLniKrjgYznoJTjgZLjgIHkuIrjgajkuIvjgafjgZjjgoPjgozjgYLjgYbnjKvjgaHjgoPjgpPjgoLjgYTjgb7jgZnjgojvvIHvvIE8YnI+IDwvZm9udD48L3RkPjwvdHI+PC90YWJsZT48ZGl2PjxpbWcgc3JjPSJodHRwOi8vaW1hZ2UucmFrdXRlbi5jby5qcC9pbmFwYWMvY2FiaW5ldC90b3AvdGl0bGUtcGkuZ2lmIiBhbHQ9IuazqOebruWVhuWTgSIgd2lkdGg9Ijc2MCIgaGVpZ2h0PSIzNSI+PC9kaXY+,54yr44Gu44Gk44KB44Go44GOIOOCreODo+ODg+ODiOOCueODq+ODvCDjgJDml6XmnKzoo70g54yrIOOBpOOCgeOBqOOBjiDniKrjgajjgY4g54iq56Oo44GNIOeIquOBv+OBjOOBjSDogonnkIMg54yr55So5ZOBIOauteODnOODvOODqyDjg4jjg7Pjg43jg6sg6YGK44Gz44CR77ya44GP44KJ44G144Go5bel5oi/44Kv44Os44Ki44Or44CA5qW95aSp5biC5aC05bqX,54yr44Gu44Gk44KB44Go44GOIOOCreODo+ODg+ODiOOCueODq+ODvCDjgJDml6XmnKzoo70g54yrIOOBpOOCgeOBqOOBjiDniKrjgajjgY4g54iq56Oo44GNIOeIquOBv+OBjOOBjSDogonnkIMg54yr55So5ZOBIOauteODnOODvOODqyDjg4jjg7Pjg43jg6sg6YGK44Gz44CR,54yr44Gu44Gk44KB44Go44GOIOOCreODo+ODg+ODiOOCueODq+ODvCDjgJDml6XmnKzoo70g54yrIOOBpOOCgeOBqOOBjiDniKrjgajjgY4g54iq56Oo44GNIOeIquOBv+OBjOOBjSDogonnkIMg54yr55So5ZOBIOauteODnOODvOODqyDjg4jjg7Pjg43jg6sg6YGK44Gz44CR[rn]
37-51585,aHR0cDovL3RzaG9wLnIxMHMuanAvaW5hcGFjL2NhYmluZXQvaW1ncmMwMDY5OTYwMTI5LmpwZz9maXRpbj03MDA6NzAw,ODQwLjAwMDA=,,44Oa44OD44OI44O744Oa44OD44OI44Kw44OD44K6ID4g44Oa44OD44OI55So44GK5omL5YWl44KM55So5ZOBID4g54iq44Kx44Ki55So5ZOBID4g54yr55So54iq44Go44GO,54yr44Gu54iq44Go44GO44CA5Li45Z6L44CA6IKJ55CD5p+EIOOAkOaXpeacrOijvSDnjKsg44Gk44KB44Go44GOIOeIquOBqOOBjiDniKrno6jjgY0g54iq44G/44GM44GNIOeMq+eUqOWTgSDmrrXjg5zjg7zjg6sgIOmBiuOBs+OAkQ==,,PGRpdiBjbGFzcz0ncGc2c3B3cnAnPjxzdHlsZT48IS0tLnBnNnNwd3JwIGRpdiwucGc2c3B3cnAgaW1nLC5wZzZzcHdycCB0YWJsZSwucGc2c3B3cnAgdHIsLnBnNnNwd3JwIHRke3dpZHRoOmF1dG87aGVpZ2h0OmF1dG87cGFkZGluZzowO21hcmdpbjowO292ZXJmbG93OmhpZGRlbn0ucGc2c3B3cnAgdGR7ZmxvYXQ6bm9uZSAhaW1wb3J0YW50fS5wZzZzcHdycCwucGc2c3B3cnAgZGl2LC5wZzZzcHdycCBkaXYgaDMsLnBnNnNwd3JwIGRpdiBwe2Rpc3BsYXk6YmxvY2t9LnBnNnNwd3JwIGRpdiB0YWJsZXtkaXNwbGF5OnRhYmxlO3dpZHRoOmF1dG87aGVpZ2h0OmF1dG87cGFkZGluZzowO21hcmdpbjowO2JvcmRlci1zcGFjaW5nOjB9LnBnNnNwd3JwIGRpdiB0YWJsZSB0ciwucGc2c3B3cnAgZGl2IHRhYmxlIHRib2R5IHRye2Rpc3BsYXk6dGFibGUtcm93fS5wZzZzcHdycCBkaXYgdGFibGUgdHIgdGQsLnBnNnNwd3JwIGRpdiB0YWJsZSB0Ym9keSB0ciB0ZHtkaXNwbGF5OnRhYmxlLWNlbGw7ZmxvYXQ6bm9uZSAhaW1wb3J0YW50O3ZlcnRpY2FsLWFsaWduOnRvcH0ucGc2c3B3cnAgdGFibGUgdGFibGV7d2lkdGg6MTAwJX0ucGc2c3B3cnAsLnBnNnNwd3JwIHRoLC5wZzZzcHdycCB0ZHtjb2xvcjojMDAwMDAwO2ZvbnQtc2l6ZToxNnB4ICFpbXBvcnRhbnQ7Zm9udC1mYW1pbHk6J+ODkuODqeOCruODjuinkuOCtCBQcm8gVzMnLCdIaXJhZ2lubyBLYWt1IEdvdGhpYyBQcm8nLOODoeOCpOODquOCqixNZWlyeW8sT3Nha2EsJ++8re+8syDvvLDjgrTjgrfjg4Pjgq8nLCdNUyBQR290aGljJyxzYW5zLXNlcmlmO3RleHQtYWxpZ246Y2VudGVyfS5wZzZzcHdycCBkaXYgaDMsLnBnNnNwd3JwIGRpdiBwLC5wZzZzcHdycCBzdHJvbmd7d29yZC13cmFwOmJyZWFrLXdvcmQ7d29yZC1icmVhazpicmVhay1hbGw7cGFkZGluZzowO21hcmdpbi10b3A6MC41ZW07bWFyZ2luLWJvdHRvbTowLjVlbTtsaW5lLWhlaWdodDoxLjQ7dGV4dC1hbGlnbjpsZWZ0O292ZXJmbG93OnZpc2libGV9LnBnNnNwd3JwIGRpdiBoMywucGc2c3B3cnAgc3Ryb25ne2ZvbnQtc2l6ZToxMTclO30ucGc2c3BpbXt2ZXJ0aWNhbC1hbGlnbjp0b3B9LnBnNnNwd3JwIGRpdi5wZzZzcGlte21hcmdpbi1sZWZ0OmF1dG87bWFyZ2luLXJpZ2h0OmF1dG87dGV4dC1hbGlnbjpjZW50ZXJ9LnBnNnNwd3JwIHAucGc2c3BpbXt0ZXh0LWFsaWduOmNlbnRlcn0ucGc2c3B3cnAgZGl2IGltZywucGc2c3B3cnAgZGl2IGEgaW1ne2JvcmRlcjpub25lO3ZlcnRpY2FsLWFsaWduOmJvdHRvbX0ucGc2c3B3cnAgZGl2LC5wZzZzcHdycCB0YWJsZSB7aGVpZ2h0OmF1dG99LnBnNnNwd3JwIGRpdntvdmVyZmxvdzpoaWRkZW59LnBnNnNwd3JwIGRpdiBkaXZ7b3ZlcmZsb3c6dmlzaWJsZX0ucGc2c3B3cnAgPiBkaXY6YWZ0ZXIsLnBnNnNwd3JwID4gdGFibGU6YWZ0ZXIge2NvbnRlbnQ6IiI7ZGlzcGxheTpibG9jaztoZWlnaHQ6MDtjbGVhcjpib3RoO3Zpc2liaWxpdHk6aGlkZGVufS5wZzZzcHdycHt3aWR0aDo3MTBweDtoZWlnaHQ6YXV0bztiYWNrZ3JvdW5kOiNGRkZGRkY7bWFyZ2luLWxlZnQ6YXV0bzttYXJnaW4tcmlnaHQ6YXV0bztwYWRkaW5nOjB9I3BnNnNwYjAsI3BnNnNwYjF7YmFja2dyb3VuZDp0cmFuc3BhcmVudDtwYWRkaW5nOjVweCAwfSNwZzZzcGIwIHRhYmxlLCNwZzZzcGIxIHRhYmxle2JvcmRlci1zcGFjaW5nOjEwcHg7bWFyZ2luOi0xMHB4O3dpZHRoOjczMHB4fSNwZzZzcGMwLCNwZzZzcGMxe3dpZHRoOjcxMHB4O2JhY2tncm91bmQ6dHJhbnNwYXJlbnQ7Ym9yZGVyOnNvbGlkICMwMDAwMDAgMDtwYWRkaW5nOjB9LnBnNnNwaW17d2lkdGg6MTAwJTtoZWlnaHQ6YXV0b30tLT48L3N0eWxlPjwhLS1baWYgZ3RlIElFIDYuMF0+PHN0eWxlPi5wZzZzcHdycCwucGc2c3B3cnAgZGl2LC5wZzZzcHdycCBoMywucGc2c3B3cnAgcCwucGc2c3B3cnAgdGgsLnBnNnNwd3JwIHRke3pvb206MX0ucGc2c3B3cnAsLnBnNnNwd3JwIHRoLC5wZzZzcHdycCB0ZHtmb250LXNpemU6MTZweCAhaW1wb3J0YW50fS5wZzZzcHdycHt3aWR0aDo3MTBweH0jcGc2c3BjMCwjcGc2c3BjMXt3aWR0aDo3MTBweH08L3N0eWxlPjwhW2VuZGlmXS0tPjxkaXYgaWQ9InBnNnNwYjAiPjx0YWJsZSBjZWxsc3BhY2luZz0iMTAiPjx0cj48dGQgaWQ9InBnNnNwYzAiPjxkaXYgY2xhc3M9InBnNnNwaW0iPjxpbWcgc3JjPSJpbmFwYWMvY2FiaW5ldC9ibXJrNjEuanBnIj48L2Rpdj48L3RhYmxlPjwvZGl2PjxkaXYgaWQ9InBnNnNwYjEiPjx0YWJsZSBjZWxsc3BhY2luZz0iMTAiPjx0cj48dGQgaWQ9InBnNnNwYzEiPjxkaXYgY2xhc3M9InBnNnNwaW0iPjxpbWcgc3JjPSJpbmFwYWMvY2FiaW5ldC9ibXJrNjIuanBnIj48L2Rpdj48L3RhYmxlPjwvZGl2PjwvZGl2PgoKCgo8ZGl2IGNsYXNzPSdwaTZzcHdycCc+PHN0eWxlPjwhLS0ucGk2c3B3cnAgZGl2LC5waTZzcHdycCBpbWcsLnBpNnNwd3JwIHRhYmxlLC5waTZzcHdycCB0ciwucGk2c3B3cnAgdGR7d2lkdGg6YXV0bztoZWlnaHQ6YXV0bztwYWRkaW5nOjA7bWFyZ2luOjA7b3ZlcmZsb3c6aGlkZGVufS5waTZzcHdycCB0ZHtmbG9hdDpub25lICFpbXBvcnRhbnR9LnBpNnNwd3JwLC5waTZzcHdycCBkaXYsLnBpNnNwd3JwIGRpdiBoMywucGk2c3B3cnAgZGl2IHB7ZGlzcGxheTpibG9ja30ucGk2c3B3cnAgZGl2IHRhYmxle2Rpc3BsYXk6dGFibGU7d2lkdGg6YXV0bztoZWlnaHQ6YXV0bztwYWRkaW5nOjA7bWFyZ2luOjA7Ym9yZGVyLXNwYWNpbmc6MH0ucGk2c3B3cnAgZGl2IHRhYmxlIHRyLC5waTZzcHdycCBkaXYgdGFibGUgdGJvZHkgdHJ7ZGlzcGxheTp0YWJsZS1yb3d9LnBpNnNwd3JwIGRpdiB0YWJsZSB0ciB0ZCwucGk2c3B3cnAgZGl2IHRhYmxlIHRib2R5IHRyIHRke2Rpc3BsYXk6dGFibGUtY2VsbDtmbG9hdDpub25lICFpbXBvcnRhbnQ7dmVydGljYWwtYWxpZ246dG9wfS5waTZzcHdycCB0YWJsZSB0YWJsZXt3aWR0aDoxMDAlfS5waTZzcHdycCwucGk2c3B3cnAgdGgsLnBpNnNwd3JwIHRke2NvbG9yOiMwMDAwMDA7Zm9udC1zaXplOjE2cHggIWltcG9ydGFudDtmb250LWZhbWlseTon44OS44Op44Ku44OO6KeS44K0IFBybyBXMycsJ0hpcmFnaW5vIEtha3UgR290aGljIFBybycs44Oh44Kk44Oq44KqLE1laXJ5byxPc2FrYSwn77yt77yzIO+8sOOCtOOCt+ODg+OCrycsJ01TIFBHb3RoaWMnLHNhbnMtc2VyaWY7dGV4dC1hbGlnbjpjZW50ZXJ9LnBpNnNwd3JwIGRpdiBoMywucGk2c3B3cnAgZGl2IHAsLnBpNnNwd3JwIHN0cm9uZ3t3b3JkLXdyYXA6YnJlYWstd29yZDt3b3JkLWJyZWFrOmJyZWFrLWFsbDtwYWRkaW5nOjA7bWFyZ2luLXRvcDowLjVlbTttYXJnaW4tYm90dG9tOjAuNWVtO2xpbmUtaGVpZ2h0OjEuNDt0ZXh0LWFsaWduOmxlZnQ7b3ZlcmZsb3c6dmlzaWJsZX0ucGk2c3B3cnAgZGl2IGgzLC5waTZzcHdycCBzdHJvbmd7Zm9udC1zaXplOjExNyU7fS5waTZzcGlte3ZlcnRpY2FsLWFsaWduOnRvcH0ucGk2c3B3cnAgZGl2LnBpNnNwaW17bWFyZ2luLWxlZnQ6YXV0bzttYXJnaW4tcmlnaHQ6YXV0bzt0ZXh0LWFsaWduOmNlbnRlcn0ucGk2c3B3cnAgcC5waTZzcGlte3RleHQtYWxpZ246Y2VudGVyfS5waTZzcHdycCBkaXYgaW1nLC5waTZzcHdycCBkaXYgYSBpbWd7Ym9yZGVyOm5vbmU7dmVydGljYWwtYWxpZ246Ym90dG9tfS5waTZzcHdycCBkaXYsLnBpNnNwd3JwIHRhYmxlIHtoZWlnaHQ6YXV0b30ucGk2c3B3cnAgZGl2e292ZXJmbG93OmhpZGRlbn0ucGk2c3B3cnAgZGl2IGRpdntvdmVyZmxvdzp2aXNpYmxlfS5waTZzcHdycCA+IGRpdjphZnRlciwucGk2c3B3cnAgPiB0YWJsZTphZnRlciB7Y29udGVudDoiIjtkaXNwbGF5OmJsb2NrO2hlaWdodDowO2NsZWFyOmJvdGg7dmlzaWJpbGl0eTpoaWRkZW59LnBpNnNwd3Jwe3dpZHRoOjcxMHB4O2hlaWdodDphdXRvO2JhY2tncm91bmQ6I2ZmZmZmZjttYXJnaW4tbGVmdDphdXRvO21hcmdpbi1yaWdodDphdXRvO3BhZGRpbmc6MH0jcGk2c3BiMHtiYWNrZ3JvdW5kOnRyYW5zcGFyZW50O3BhZGRpbmc6NXB4IDB9I3BpNnNwYjAgdGFibGV7Ym9yZGVyLXNwYWNpbmc6MTBweDttYXJnaW46LTEwcHg7d2lkdGg6NzMwcHh9I3BpNnNwYzB7d2lkdGg6NzEwcHg7YmFja2dyb3VuZDp0cmFuc3BhcmVudDtib3JkZXI6c29saWQgIzAwMDAwMCAwO3BhZGRpbmc6MH0ucGk2c3BpbXt3aWR0aDoxMDAlO2hlaWdodDphdXRvfS0tPjwvc3R5bGU+PCEtLVtpZiBndGUgSUUgNi4wXT48c3R5bGU+LnBpNnNwd3JwLC5waTZzcHdycCBkaXYsLnBpNnNwd3JwIGgzLC5waTZzcHdycCBwLC5waTZzcHdycCB0aCwucGk2c3B3cnAgdGR7em9vbToxfS5waTZzcHdycCwucGk2c3B3cnAgdGgsLnBpNnNwd3JwIHRke2ZvbnQtc2l6ZToxNnB4ICFpbXBvcnRhbnR9LnBpNnNwd3Jwe3dpZHRoOjcxMHB4fSNwaTZzcGMwe3dpZHRoOjcxMHB4fTwvc3R5bGU+PCFbZW5kaWZdLS0+PGRpdiBpZD0icGk2c3BiMCI+PHRhYmxlIGNlbGxzcGFjaW5nPSIxMCI+PHRyPjx0ZCBpZD0icGk2c3BjMCI+PGRpdiBjbGFzcz0icGk2c3BpbSI+PGltZyBzcmM9ImluYXBhYy9jYWJpbmV0L2Jvcms2NC5qcGciPjwvZGl2PjwvdGFibGU+PC9kaXY+PC9kaXY+PHRhYmxlIHdpZHRoPSI0MDAiIGJnY29sb3I9IiNmYzhhODAiIGNlbGxzcGFjaW5nPSIxIiBjZWxscGFkZGluZz0iMyI+PHRyPjx0aCBjb2xzcGFuPSIyIiBhbGlnbj0iY2VudGVyIiBiZ2NvbG9yPSIjZmVkYmQ5Ij48Yj4KPGZvbnQgY29sb3I9IiMzMzMzMzMiPuWVhuWTgeips+e0sDwvZm9udD48L2I+PC90aD48L3RyPjx0cj48dGggd2lkdGg9Ijk0IiBhbGlnbj0iY2VudGVyIiBiZ2NvbG9yPSIjZmVkYmQ5Ij48Zm9udCBzaXplPSIyIiAKY29sb3I9IiMzMzMzMzMiPuOCteOCpOOCujwvZm9udD48L3RoPjx0ZCB3aWR0aD0iMjkxIiBiZ2NvbG9yPSIjZmZmZmZmIj48Zm9udCBzaXplPSIyIiBjb2xvcj0iIzMzMzMzMyI+57imIDEzLjjjgrvjg7Pjg4HjgIHmqKogMjUuNeOCu+ODs+ODgTxiciAvPuWlpeihjCDntITvvJTvvJPjgrvjg7Pjg4E8YnIgLz7ph43jgZXjgIDntITvvJEu77yV44Kt44OtPGJyIC8+PC9mb250PjwvdGQ+PC90cj48dHI+PHRoIHdpZHRoPSI5NCIgYWxpZ249ImNlbnRlciIgCmJnY29sb3I9IiNmZWRiZDkiPjxmb250IHNpemU9IjIiIGNvbG9yPSIjMzMzMzMzIj7mnZDos6o8L2ZvbnQ+PC90aD48dGQgd2lkdGg9IjI5MSIgYmdjb2xvcj0iI2ZmZmZmZiI+PGZvbnQgc2l6ZT0iMiIgY29sb3I9IiMzMzMzMzMiPgrmrrXjg5zjg7zjg6vjgIHjg5fjg6njgrnjg4Hjg4Pjgq/mrrXjg5zjg7zjg6s8L2ZvbnQ+PC90ZD48L3RyPjx0cj48dGggd2lkdGg9Ijk0IiBhbGlnbj0iY2VudGVyIiBiZ2NvbG9yPSIjZmVkYmQ5Ij48Zm9udCBzaXplPSIyIiBjb2xvcj0iIzMzMzMzMyI+CuiJsjwvZm9udD48L3RoPjx0ZCB3aWR0aD0iMjkxIiBiZ2NvbG9yPSIjZmZmZmZmIj48Zm9udCBzaXplPSIyIiBjb2xvcj0iIzMzMzMzMyI+6LWk44CB44OU44Oz44Kv44CB6buE44CB44Kq44Os44Oz44K444CB57eR44CB6Z2S44CB55m944CB6buS44CB44OK44OB44Ol44Op44Or44CB5pyo55uu6Kq/44CB44OX44Op5q61IOeZvTwvZm9udD48L3RkPjwvdHI+Cjx0cj48dGggd2lkdGg9Ijk0IiBhbGlnbj0iY2VudGVyIiBiZ2NvbG9yPSIjZmVkYmQ5Ij48Zm9udCBzaXplPSIyIiBjb2xvcj0iIzMzMzMzMyI+5ZWG5ZOB6Kqs5piOPC9mb250PjwvdGg+PHRkIHdpZHRoPSIyOTEiIApiZ2NvbG9yPSIjZmZmZmZmIj48Zm9udCBzaXplPSIyIiBjb2xvcj0iIzMzMzMzMyI+54yr44Gh44KD44KT44Gu5Y+v5oSb44GE6IKJ55CD44GM44GK6YOo5bGL44KS5b2p44KK44G+44GZ44CCPGJyIC8+CuWlveOBjeOBquiJsuOBruiCieeQg+OCt+ODvOODq+OCkuiyvOOBo+OBpuOCouODrOODs+OCuOOBl+OBpuOBreOAgjxiciAvPumBiuOBs+W/g+a6gOi8ieOBrualveOBl+OBhOWVhuWTgeOBp+OBmeOAgjxiciAvPjwvZm9udD48L3RkPjwvdHI+PC90YWJsZT48ZGl2PjxpbWcgc3JjPSJodHRwOi8vaW1hZ2UucmFrdXRlbi5jby5qcC9pbmFwYWMvY2FiaW5ldC90b3AvdGl0bGUtcGkuZ2lmIiBhbHQ9IuazqOebruWVhuWTgSIgd2lkdGg9Ijc2MCIgaGVpZ2h0PSIzNSI+PC9kaXY+,54yr44Gu54iq44Go44GO44CA5Li45Z6L44CA6IKJ55CD5p+EIOOAkOaXpeacrOijvSDnjKsg44Gk44KB44Go44GOIOeIquOBqOOBjiDniKrno6jjgY0g54iq44G/44GM44GNIOeMq+eUqOWTgSDmrrXjg5zjg7zjg6sgIOmBiuOBs+OAke+8muOBj+OCieOBteOBqOW3peaIv+OCr+ODrOOCouODq+OAgOalveWkqeW4guWgtOW6lw==,54yr44Gu54iq44Go44GO44CA5Li45Z6L44CA6IKJ55CD5p+EIOOAkOaXpeacrOijvSDnjKsg44Gk44KB44Go44GOIOeIquOBqOOBjiDniKrno6jjgY0g54iq44G/44GM44GNIOeMq+eUqOWTgSDmrrXjg5zjg7zjg6sgIOmBiuOBs+OAkQ==,54yr44Gu54iq44Go44GO44CA5Li45Z6L44CA6IKJ55CD5p+EIOOAkOaXpeacrOijvSDnjKsg44Gk44KB44Go44GOIOeIquOBqOOBjiDniKrno6jjgY0g54iq44G/44GM44GNIOeMq+eUqOWTgSDmrrXjg5zjg7zjg6sgIOmBiuOBs+OAkQ==[rn]
37-51586,aHR0cDovL3RzaG9wLnIxMHMuanAvaW5hcGFjL2NhYmluZXQvaW1ncmMwMDY4OTA4MTcxLmpwZz9maXRpbj03MDA6NzAw,OTYwLjAwMDA=,,44Oa44OD44OI44O744Oa44OD44OI44Kw44OD44K6ID4g44Oa44OD44OI55So44GK5omL5YWl44KM55So5ZOBID4g54iq44Kx44Ki55So5ZOBID4g54yr55So54iq44Go44GO,54yr44Gu54iq44Go44GO44CA44OP44O844OV44OZ44OD44OJ44CQ5pel5pys6KO9IOeMqyDniKrjgajjgY4g44Gk44KB44Go44GOIOODmeODg+ODiSDniKrno6jjgY0g54iq44G/44GM44GNIOOBpOOCgeeglOOBjiDnjKvnlKjlk4Eg44GK5omL5YWl44KM55So5ZOBIOauteODnOODvOODq+OAkQ==,,PGRpdiBjbGFzcz0nb2M0c3B3cnAnPjxzdHlsZT48IS0tLm9jNHNwd3JwIGRpdiwub2M0c3B3cnAgaW1nLC5vYzRzcHdycCB0YWJsZSwub2M0c3B3cnAgdHIsLm9jNHNwd3JwIHRke3dpZHRoOmF1dG87aGVpZ2h0OmF1dG87cGFkZGluZzowO21hcmdpbjowO292ZXJmbG93OmhpZGRlbn0ub2M0c3B3cnAgdGR7ZmxvYXQ6bm9uZSAhaW1wb3J0YW50fS5vYzRzcHdycCwub2M0c3B3cnAgZGl2LC5vYzRzcHdycCBkaXYgaDMsLm9jNHNwd3JwIGRpdiBwe2Rpc3BsYXk6YmxvY2t9Lm9jNHNwd3JwIGRpdiB0YWJsZXtkaXNwbGF5OnRhYmxlO3dpZHRoOmF1dG87aGVpZ2h0OmF1dG87cGFkZGluZzowO21hcmdpbjowO2JvcmRlci1zcGFjaW5nOjB9Lm9jNHNwd3JwIGRpdiB0YWJsZSB0ciwub2M0c3B3cnAgZGl2IHRhYmxlIHRib2R5IHRye2Rpc3BsYXk6dGFibGUtcm93fS5vYzRzcHdycCBkaXYgdGFibGUgdHIgdGQsLm9jNHNwd3JwIGRpdiB0YWJsZSB0Ym9keSB0ciB0ZHtkaXNwbGF5OnRhYmxlLWNlbGw7ZmxvYXQ6bm9uZSAhaW1wb3J0YW50O3ZlcnRpY2FsLWFsaWduOnRvcH0ub2M0c3B3cnAgdGFibGUgdGFibGV7d2lkdGg6MTAwJX0ub2M0c3B3cnAsLm9jNHNwd3JwIHRoLC5vYzRzcHdycCB0ZHtjb2xvcjojMDAwMDAwO2ZvbnQtc2l6ZToxNnB4ICFpbXBvcnRhbnQ7Zm9udC1mYW1pbHk6J+ODkuODqeOCruODjuinkuOCtCBQcm8gVzMnLCdIaXJhZ2lubyBLYWt1IEdvdGhpYyBQcm8nLOODoeOCpOODquOCqixNZWlyeW8sT3Nha2EsJ++8re+8syDvvLDjgrTjgrfjg4Pjgq8nLCdNUyBQR290aGljJyxzYW5zLXNlcmlmO3RleHQtYWxpZ246Y2VudGVyfS5vYzRzcHdycCBkaXYgaDMsLm9jNHNwd3JwIGRpdiBwLC5vYzRzcHdycCBzdHJvbmd7d29yZC13cmFwOmJyZWFrLXdvcmQ7d29yZC1icmVhazpicmVhay1hbGw7cGFkZGluZzowO21hcmdpbi10b3A6MC41ZW07bWFyZ2luLWJvdHRvbTowLjVlbTtsaW5lLWhlaWdodDoxLjQ7dGV4dC1hbGlnbjpsZWZ0O292ZXJmbG93OnZpc2libGV9Lm9jNHNwd3JwIGRpdiBoMywub2M0c3B3cnAgc3Ryb25ne2ZvbnQtc2l6ZToxMTclO30ub2M0c3BpbXt2ZXJ0aWNhbC1hbGlnbjp0b3B9Lm9jNHNwd3JwIGRpdi5vYzRzcGlte21hcmdpbi1sZWZ0OmF1dG87bWFyZ2luLXJpZ2h0OmF1dG87dGV4dC1hbGlnbjpjZW50ZXJ9Lm9jNHNwd3JwIHAub2M0c3BpbXt0ZXh0LWFsaWduOmNlbnRlcn0ub2M0c3B3cnAgZGl2IGltZywub2M0c3B3cnAgZGl2IGEgaW1ne2JvcmRlcjpub25lO3ZlcnRpY2FsLWFsaWduOmJvdHRvbX0ub2M0c3B3cnAgZGl2LC5vYzRzcHdycCB0YWJsZSB7aGVpZ2h0OmF1dG99Lm9jNHNwd3JwIGRpdntvdmVyZmxvdzpoaWRkZW59Lm9jNHNwd3JwIGRpdiBkaXZ7b3ZlcmZsb3c6dmlzaWJsZX0ub2M0c3B3cnAgPiBkaXY6YWZ0ZXIsLm9jNHNwd3JwID4gdGFibGU6YWZ0ZXIge2NvbnRlbnQ6IiI7ZGlzcGxheTpibG9jaztoZWlnaHQ6MDtjbGVhcjpib3RoO3Zpc2liaWxpdHk6aGlkZGVufS5vYzRzcHdycHt3aWR0aDo3MTBweDtoZWlnaHQ6YXV0bztiYWNrZ3JvdW5kOiNGRkZGRkY7bWFyZ2luLWxlZnQ6YXV0bzttYXJnaW4tcmlnaHQ6YXV0bztwYWRkaW5nOjB9I29jNHNwYjAsI29jNHNwYjEsI29jNHNwYjJ7YmFja2dyb3VuZDp0cmFuc3BhcmVudDtwYWRkaW5nOjVweCAwfSNvYzRzcGIwIHRhYmxlLCNvYzRzcGIxIHRhYmxlLCNvYzRzcGIyIHRhYmxle2JvcmRlci1zcGFjaW5nOjEwcHg7bWFyZ2luOi0xMHB4O3dpZHRoOjczMHB4fSNvYzRzcGMwLCNvYzRzcGMxLCNvYzRzcGMye3dpZHRoOjcxMHB4O2JhY2tncm91bmQ6dHJhbnNwYXJlbnQ7Ym9yZGVyOnNvbGlkICMwMDAwMDAgMDtwYWRkaW5nOjB9Lm9jNHNwaW17d2lkdGg6MTAwJTtoZWlnaHQ6YXV0b30tLT48L3N0eWxlPjwhLS1baWYgZ3RlIElFIDYuMF0+PHN0eWxlPi5vYzRzcHdycCwub2M0c3B3cnAgZGl2LC5vYzRzcHdycCBoMywub2M0c3B3cnAgcCwub2M0c3B3cnAgdGgsLm9jNHNwd3JwIHRke3pvb206MX0ub2M0c3B3cnAsLm9jNHNwd3JwIHRoLC5vYzRzcHdycCB0ZHtmb250LXNpemU6MTZweCAhaW1wb3J0YW50fS5vYzRzcHdycHt3aWR0aDo3MTBweH0jb2M0c3BjMCwjb2M0c3BjMSwjb2M0c3BjMnt3aWR0aDo3MTBweH08L3N0eWxlPjwhW2VuZGlmXS0tPjxkaXYgaWQ9Im9jNHNwYjAiPjx0YWJsZSBjZWxsc3BhY2luZz0iMTAiPjx0cj48dGQgaWQ9Im9jNHNwYzAiPjxkaXYgY2xhc3M9Im9jNHNwaW0iPjxpbWcgc3JjPSJpbmFwYWMvY2FiaW5ldC9hcXJrNDEuanBnIj48L2Rpdj48L3RhYmxlPjwvZGl2PjxkaXYgaWQ9Im9jNHNwYjEiPjx0YWJsZSBjZWxsc3BhY2luZz0iMTAiPjx0cj48dGQgaWQ9Im9jNHNwYzEiPjxkaXYgY2xhc3M9Im9jNHNwaW0iPjxpbWcgc3JjPSJpbmFwYWMvY2FiaW5ldC9hcXJrNDIuanBnIj48L2Rpdj48L3RhYmxlPjwvZGl2PjxkaXYgaWQ9Im9jNHNwYjIiPjx0YWJsZSBjZWxsc3BhY2luZz0iMTAiPjx0cj48dGQgaWQ9Im9jNHNwYzIiPjxkaXYgY2xhc3M9Im9jNHNwaW0iPjxpbWcgc3JjPSJpbmFwYWMvY2FiaW5ldC9hcXJrNDkuanBnIj48L2Rpdj48L3RhYmxlPjwvZGl2PjwvZGl2Pjx0YWJsZSB3aWR0aD0iNDAwIiBiZ2NvbG9yPSIjZmM4YTgwIiBjZWxsc3BhY2luZz0iMSIgY2VsbHBhZGRpbmc9IjMiPjx0cj48dGggY29sc3Bhbj0iMiIgYWxpZ249ImNlbnRlciIgYmdjb2xvcj0iI2ZlZGJkOSI+PGI+Cjxmb250IGNvbG9yPSIjMzMzMzMzIj7llYblk4HoqbPntLA8L2ZvbnQ+PC9iPjwvdGg+PC90cj48dHI+PHRoIHdpZHRoPSI5NCIgYWxpZ249ImNlbnRlciIgYmdjb2xvcj0iI2ZlZGJkOSI+PGZvbnQgc2l6ZT0iMiIgCmNvbG9yPSIjMzMzMzMzIj7jgrXjgqTjgro8L2ZvbnQ+PC90aD48dGQgd2lkdGg9IjI5MSIgYmdjb2xvcj0iI2ZmZmZmZiI+PGZvbnQgc2l6ZT0iMiIgY29sb3I9IiMzMzMzMzMiPumrmOOBleOAgOe0hDE2LjXjgrvjg7Pjg4E8YnIgLz7mqKrjgIAgCue0hDUw44K744Oz44OBPGJyIC8+5aWl6KGM44CA57SEMjXjgrvjg7Pjg4E8YnIgLz7ph43jgZXjgIDntIQxLjbjgq3jg608YnIgLz48L2ZvbnQ+PC90ZD48L3RyPjx0cj48dGggd2lkdGg9Ijk0IiBhbGlnbj0iY2VudGVyIiBiZ2NvbG9yPSIjZmVkYmQ5Ij4KPGZvbnQgc2l6ZT0iMiIgY29sb3I9IiMzMzMzMzMiPuadkOizqjwvZm9udD48L3RoPjx0ZCB3aWR0aD0iMjkxIiBiZ2NvbG9yPSIjZmZmZmZmIj48Zm9udCBzaXplPSIyIiBjb2xvcj0iIzMzMzMzMyI+CuODgOODs+ODnOODvOODqzwvZm9udD48L3RkPjwvdHI+PHRyPjx0aCB3aWR0aD0iOTQiIGFsaWduPSJjZW50ZXIiIGJnY29sb3I9IiNmZWRiZDkiPjxmb250IHNpemU9IjIiIApjb2xvcj0iIzMzMzMzMyI+6ImyPC9mb250PjwvdGg+PHRkIHdpZHRoPSIyOTEiIGJnY29sb3I9IiNmZmZmZmYiPjxmb250IHNpemU9IjIiIGNvbG9yPSIjMzMzMzMzIj4K6LWk44CB44OU44Oz44Kv44CB6Z2S44CB6buE44CB57eR44CB44Kq44Os44Oz44K444CB6buSPC9mb250PjwvdGQ+PC90cj48dHI+PHRoIHdpZHRoPSI5NCIgYWxpZ249ImNlbnRlciIgYmdjb2xvcj0iI2ZlZGJkOSI+PGZvbnQgc2l6ZT0iMiIgCmNvbG9yPSIjMzMzMzMzIj7llYblk4HoqqzmmI48L2ZvbnQ+PC90aD48dGQgd2lkdGg9IjI5MSIgYmdjb2xvcj0iI2ZmZmZmZiI+PGZvbnQgc2l6ZT0iMiIgY29sb3I9IiMzMzMzMzMiPgrjgqvjg6njg7zjg5Djg6rjgqjjg7zjgrfjg6fjg7PjgoLosYrlr4zjgafjgYrpg6jlsYvjga7jgqTjg7Pjg4bjg6rjgqLjgavlkIjjgo/jgZvjgabjgYrpgbjjgbPjgYTjgZ/jgaDjgZHjgb7jgZnjgII8YnIgLz48YnIgLz4K44Gy44Gj44GP44KK6L+U44GX44Gm44KC5L2/44GI44KL44Gu44Gn44Go44Gj44Gm44KC57WM5riI55qE44Gn44GZ44KI44CCPGJyIC8+CjwvZm9udD48L3RkPjwvdHI+PC90YWJsZT48ZGl2PjxpbWcgc3JjPSJodHRwOi8vaW1hZ2UucmFrdXRlbi5jby5qcC9pbmFwYWMvY2FiaW5ldC90b3AvdGl0bGUtcGkuZ2lmIiBhbHQ9IuazqOebruWVhuWTgSIgd2lkdGg9Ijc2MCIgaGVpZ2h0PSIzNSI+PC9kaXY+,54yr44Gu54iq44Go44GO44CA44OP44O844OV44OZ44OD44OJ44CQ5pel5pys6KO9IOeMqyDniKrjgajjgY4g44Gk44KB44Go44GOIOODmeODg+ODiSDniKrno6jjgY0g54iq44G/44GM44GNIOOBpOOCgeeglOOBjiDnjKvnlKjlk4Eg44GK5omL5YWl44KM55So5ZOBIOauteODnOODvOODq+OAke+8muOBj+OCieOBteOBqOW3peaIv+OCr+ODrOOCouODq+OAgOalveWkqeW4guWgtOW6lw==,54yr44Gu54iq44Go44GO44CA44OP44O844OV44OZ44OD44OJ44CQ5pel5pys6KO9IOeMqyDniKrjgajjgY4g44Gk44KB44Go44GOIOODmeODg+ODiSDniKrno6jjgY0g54iq44G/44GM44GNIOOBpOOCgeeglOOBjiDnjKvnlKjlk4Eg44GK5omL5YWl44KM55So5ZOBIOauteODnOODvOODq+OAkQ==,54yr44Gu54iq44Go44GO44CA44OP44O844OV44OZ44OD44OJ44CQ5pel5pys6KO9IOeMqyDniKrjgajjgY4g44Gk44KB44Go44GOIOODmeODg+ODiSDniKrno6jjgY0g54iq44G/44GM44GNIOOBpOOCgeeglOOBjiDnjKvnlKjlk4Eg44GK5omL5YWl44KM55So5ZOBIOauteODnOODvOODq+OAkQ==[rn]
37-51587,aHR0cDovL3RzaG9wLnIxMHMuanAvY2hhbmV0L2NhYmluZXQvMTUzLzE0ODg5LTEuanBnP2ZpdGluPTcwMDo3MDA=,MTI2Ny4yMDAw,,44Oa44OD44OI44O744Oa44OD44OI44Kw44OD44K6ID4g54ax5biv6a2a44O744Ki44Kv44Ki44Oq44Km44OgID4g5rC05qe944O744Ki44Kv44Ki44Oq44Km44OgID4g5rC06LOq566h55CG55So5ZOBID4g5rC06LOq6Kq/5pW05Ymk,5reh5rC055So44CA44K544O844OR44O844OQ44Kk44Kz44Og44CA44K544K/44O844K/44O844Kt44OD44OI44CA77yR77yR77yQ772N772M44CA44OQ44Kv44OG44Oq44Ki44CA54ax5biv6a2a44CA6Kaz6LOe6a2a44CA6Zai5p2x5b2T5pel5L6/,5raI6LK75pyf6ZmQIDIwMTcvMTAvMTU=,PGRpdiBJRD0iaGVhZGVyX3Nob3dfcGFyZW50Ij48aW1nIHNyYz0iaHR0cDovL3d3dy5yYWt1dGVuLm5lLmpwL2dvbGQvY2hhbmV0L2ltYWdlL2ljb24vaW5kZXgvc2V0aXRlbV9wYXJlbnRfdGl0NS5naWYiIGFsdD0i5Y2Y5ZOB44KI44KK44KC44K744OD44OI44GM44GK5b6X77yBIiBib3JkZXI9IjAiPjxicj48YSBocmVmPSJodHRwOi8vaXRlbS5yYWt1dGVuLmNvLmpwL2NoYW5ldC8yMDMxMiI+5reh5rC055So44CA44K544O844OR44O844OQ44Kk44Kz44Og44CA44K544K/44O844K/44O844Kt44OD44OI44CA77yR77yR77yQ772N772M44CA77yL44CA77yn772F772M44CA77yj772V772C772F44CA44K544Oi44O844Or44CA77yR44Oq44OD44OI44OrPC9hPjxicj48YSBocmVmPSJodHRwOi8vaXRlbS5yYWt1dGVuLmNvLmpwL2NoYW5ldC8yMzAyMCI+44K544O844OR44O844OQ44Kk44Kz44Og44CA44K544K/44O844K/44O844Kt44OD44OI44CA77yR77yR77yQ772N772M44CA5reh5rC055So44CA77yL44CA77yn772F772M44CA77yj772V772C772F44CA44K544Oi44O844Or44CA77yR44Oq44OD44OI44OrPC9hPjxicj48YSBocmVmPSJodHRwOi8vaXRlbS5yYWt1dGVuLmNvLmpwL2NoYW5ldC8yMzAyMSI+44K544O844OR44O844OQ44Kk44Kz44Og44CA44K544K/44O844K/44O844Kt44OD44OI44CA77yR77yR77yQ772N772M44CA5reh5rC055So44CA77yL44CA77yn772F772M44CA77yj772V772C772F44CA44Op44O844K444CA77yR44Oq44OD44OI44OrPC9hPjxicj48L2Rpdj48SFI+PEI+4pag44GT44Gu5ZWG5ZOB44KS44GK6LK344GE5LiK44GS44Gu44GK5a6i5qeY44Gv44CB5LiL6KiY5ZWG5ZOB44KC44GK6LK344GE5LiK44GS44Gn44GZ44CC4oC744GT44Gu5ZWG5ZOB44Gr44Gv5LuY5bGe44GX44G+44Gb44KT44CC4pagPC9CPjxCUj48QSBIUkVGPSJodHRwOi8vaXRlbS5yYWt1dGVuLmNvLmpwL2NoYW5ldC8yMDE3MzUvIj7vvLHvvJHvvJDjgYrosrfjgYTlvpfjgrvjg4Pjg4jjgIDnmb3mv4HpmaTljrvvvIjvvIvjgqvjg6vjgq3mipzjgY3vvInvvIvjg5Djgq/jg4bjg6rjgqLvvIvjg5/jg43jg6njg6vjgIDmt6HmsLTnlKjjgIDvvJXvvJDvvJDvvY3vvKzDl+WQhO+8keacrDwvQT48QlI+PEEgSFJFRj0iaHR0cDovL2l0ZW0ucmFrdXRlbi5jby5qcC9jaGFuZXQvMjAxODM0LyI+77yx77yR77yQ44K544K/44O844OI44CA5reh5rC055So44CA77yV77yQ77yQ772N77ys44CA5qSN54mp55Sx5p2lIOeZvea/gemZpOWOu++8iOOCqOODk+OBq+WEquOBl+OBhOOCq+ODq+OCreaKnOOBje+8iTwvQT48QlI+PEEgSFJFRj0iaHR0cDovL2l0ZW0ucmFrdXRlbi5jby5qcC9jaGFuZXQvMjAxODUyLyI+77yx77yR77yQ44K544K/44O844OI44CA5reh5rC055So44CA77yS77yV77yQ772N77ys44CA5qSN54mp55Sx5p2lIOeZvea/gemZpOWOu++8iOOCqOODk+OBq+WEquOBl+OBhOOCq+ODq+OCreaKnOOBje+8iSDmsLTmp70g56uL44Gh5LiK44GSIOWIneacnyAg6Kej5raIIOmHkemtmiDjgr3jgqTjg6s8L0E+PGJyPuODoeODvOOCq+ODvO+8mu+8ou+8qe+8o++8r++8rTxicj7vvJfvvJjjga/kupznoZ3phbjjgIHjgqLjg7Pjg6Ljg4vjgqLjgpLliIbop6PjgIHvvJLvvJHvvLDvvKTjga/phbjntKDjgYzljYHliIbjgavjgYLjgovnkrDlooPjgafjga/jg5jjg4njg63jgoTjg5XjgqPjg6vjgr/jg7zjgpLnm67oqbDjgb7jgorjgZXjgZvjgabjgYTjgovmp5jjgIXjgarlm7rlvaLnianjga7liIbop6PjgIHphbjntKDph4/jgYzlsJHjgarjgYTnkrDlooPjgafjga/noZ3phbjloanjgpLpmaTljrvjgZnjgovlirnmnpzjgpLmjIHjgaHjgb7jgZnjgII8YnI+PGJyPjxUQUJMRT48VEJPRFk+PFRSIGJnY29sb3I9IiNlNmRiZTYiPjxURCBiZ2NvbG9yPSIjMDA2NmZmIiB3aWR0aD0iNTAwIiBhbGlnbj0iY2VudGVyIiBoZWlnaHQ9IjI0Ij48Rk9OVCBjb2xvcj0iIzY2NjY2NiIgc2l6ZT0iNSI+PEZPTlQgc2l6ZT0iNCI+PEI+PEZPTlQgY29sb3I9IiM2NjY2NjYiIHNpemU9IjUiPjxGT05UIHNpemU9IjQiIGNvbG9yPSIjZmZmZmZmIj7jgrnjg7zjg5Hjg7zjg5DjgqTjgrPjg6DjgIDjgrnjgr/jg7zjgr/jg7zjgq3jg4Pjg4jjgIDvvJHvvJHvvJDvvY3vvYzjgIA8QlI+IOa3oeawtOeUqDwvRk9OVD48L0ZPTlQ+PC9CPjwvRk9OVD48L0ZPTlQ+PC9URD48L1RSPjxUUj48VEQgd2lkdGg9IjUwMCIgdmFsaWduPSJ0b3AiIGhlaWdodD0iMTg3Ij48QlI+PEI+PEZPTlQgY29sb3I9IiNmZjAwMzMiPu+8kuOBpOOBruS9nOeUqOOBp+iHqueEtuOBruOBjeOCjOOBhOOBquawtOOBq++8gTwvRk9OVD48L0I+PEJSPjxCUj48Rk9OVCBjb2xvcj0jNjY2NjY2IHNpemU9LTE+44OQ44Kk44Kz44Og77yX77yY44Go77yS77yR77yw77yk44GM44K744OD44OI44Gr44Gq44Gj44Gf44CB6Kqw44KC44GM57Ch5Y2Y44Gr56qS57Sg5b6q55Kw44KS5rC05qe95YaF44Gr5L2c44KL44GT44Go44GM44Gn44GN44KL44Kt44OD44OI44Gn44GZ44CC5Yid44KB44Gm6a2a44KS6aO844GG5pmC44CB55eF5rCX5rK755mC5b6M44Gq44Gp5aSn6YeP44Gu5o+b5rC044KS6KGM44Gj44Gf5pmC44CB5r++6YGO5p2Q44KS5rSX5rWE44G+44Gf44Gv5Lqk5o+b44GX44Gf5pmC44Gq44Gp44Gr5L6/5Yip44Gn44GZ44CCPEJSPiDmsLTjga7msZrjgozjgpLlvLflipvjgavliIbop6PjgZnjgovjg5Djgq/jg4bjg6rjgqLliaTjga7kuK3jgafjgoLmnIDjgoLkurrmsJfjga7pq5jjgYTjgrfjg6rjg7zjgrrjga7kuIDjgaTjgILlpJrjgY/jga7loLTlkIjjga/msLTmp73jga7nq4vjgaHkuIrjgZLmmYLjgavmsLTos6rjga7lronlrprjgajjgo3pgY7jga7nq4vjgaHkuIrjgYzjgorjgpLml6njgoHjgovjga7jgavkvb/jgo/jgozjgb7jgZnjgYzjgIHlpI/jga7pq5jmsLTmuKnmmYLjgoTjgIHlraPnr4Djga7np7vjgorlpInjgo/jgorjga7msLTmuKnjgYzkuI3lronlrprjgarmmYLmnJ/nrYnjgIHjg5Djgq/jg4bjg6rjgqLjga7mtLvli5XjgYzkuI3mtLvnmbrvvI/kuI3lronlrprjgavjgarjgorjgYzjgaHjgarmmYLmnJ/jgavoo5zliqnnmoTjgavkvb/nlKjjgZnjgovjga7jgoLlirnmnpzjgYzjgYLjgorjgb7jgZnjgII8QlI+PEJSPiDil4/jgrnjg7zjg5Hjg7zjg5DjgqTjgrPjg6DvvJfvvJjnoZ3ljJboj4zjga/igKbprZrjgavjgajjgaPjgabmnInlrrPjgarjgqLjg7Pjg6Ljg4vjgqLjgIHkupznoZ3phbjjgpLliIbop6PjgZfnhKHmr5LljJbjgZfjgb7jgZnjgII8QlI+IOKXj+OCueODvOODkeODvOODkOOCpOOCs+ODoO+8ku+8ke+8sO+8pOiEseeqkue0oOiPjOOBr+KApuacieapn+eJqeOCkumAn+OChOOBi+OBq+WIhuino+OBl+OAgeeZveOBq+OBlOOCiuetieOCkuS6iOmYsuOBl+OBvuOBmeOAgjxCUj48QlI+IOWQhO+8mu+8ke+8ke+8kO+9je+9jDxCUj48QlI+PC9GT05UPjwvVEQ+PC9UUj48L1RCT0RZPjwvVEFCTEU+PGJyPjxicj48ZGl2IGNsYXNzPSJpZnJhbWVmbGV4IGluY19xcmNvZGUiPjwvZGl2PjxkaXYgY2xhc3M9ImluY191bml0X3ByaWNlIj48L2Rpdj48YnIgLz48YnIgLz7jg4Hjg6Pjg7zjg6Dmpb3lpKnluILloLTlupfjgIDjg5rjg4Pjg4jnlKjlk4Hjg7vnlJ/jgY3nianlsILploA8YnI+PGJyPjxCUj7vvLHvvJHvvJDjgYrosrfjgYTlvpfjgrvjg4Pjg4jjgIDnmb3mv4HpmaTljrvvvIjvvIvjgqvjg6vjgq3mipzjgY3vvInvvIvjg5Djgq/jg4bjg6rjgqLvvIvjg5/jg43jg6njg6vjgIDmt6HmsLTnlKjjgIDvvJXvvJDvvJDvvY3vvKzDl+WQhO+8keacrDxCUj7vvLHvvJHvvJDjgrnjgr/jg7zjg4jjgIDmt6HmsLTnlKjjgIDvvJXvvJDvvJDvvY3vvKzjgIDmpI3niannlLHmnaUg55m95r+B6Zmk5Y6777yI44Ko44OT44Gr5YSq44GX44GE44Kr44Or44Kt5oqc44GN77yJPEJSPu+8se+8ke+8kOOCueOCv+ODvOODiOOAgOa3oeawtOeUqOOAgO+8ku+8le+8kO+9je+8rOOAgOakjeeJqeeUseadpSDnmb3mv4HpmaTljrvvvIjjgqjjg5PjgavlhKrjgZfjgYTjgqvjg6vjgq3mipzjgY3vvIkg5rC05qe9IOeri+OBoeS4iuOBkiDliJ3mnJ8g6Kej5raIIOmHkemtmiDjgr3jgqTjg6s8YnI+PGJyPiDigKYg44Ki44Kv44Ki55So5ZOB44CA6Kq/5pW05Ymk77yP44OQ44Kv44OG44Oq44Ki44CA44OQ44Kv44OG44Oq44Ki44CA44OQ44Kk44Kz44Og44CA77yi77yp77yj77yv77yt44CA5reh5rC055So44CA44K544O844OR44O844OQ44Kk44Kz44Og44CA44K544K/44O844K/44O844Kt44OD44OI44CA77yR77yR77yQ772N772M44CA5a6a55Wq44Kz44Kx5a++562W44CA44CQ44Kz44Kx5a++562W44CR5rC06LOq44KS5pS55ZaE44GZ44KL44CAYmljb21fc2V044CAYmljb21faXRlbeOAgOW9k+aXpeS+v+OAgOOAkOOBguOBmealvV/lnJ/mm5zllrbmpa3jgJHjgIDjgJDjgYLjgZnmpb1f5pel5puc5Za25qWt44CR44CA44CQ44GC44GZ5qW9X+W5tOS4reeEoeS8keOAkeOAgDQ1MTA2OTEwMDMwMTTjgIBya21zMTQxMF8xMF9iaWNt44CAc3MxMG1kbV9iY21iYWPjgIBzcHMxNTEyX3B1MTBfYV9iY21hcXU=,5reh5rC055So44CA44K544O844OR44O844OQ44Kk44Kz44Og44CA44K544K/44O844K/44O844Kt44OD44OI44CA77yR77yR77yQ772N772M44CA44OQ44Kv44OG44Oq44Ki44CA54ax5biv6a2a44CA6Kaz6LOe6a2a44CA6Zai5p2x5b2T5pel5L6/77yaY2hhcm0g5qW95aSp5biC5aC05bqX,54ax5biv6a2a44K544Kk44Os44Oz54iq44Go44GO5rC06I2J44Kw44Oq44OL44O844K654yr56CC5aSn56Ov56CC44OJ44OD44Kw44OV44O844OJ44Kt44Oj44OD44OI44OV44O844OJ44Oa44OD44OI44K344O844OE5piG6Jmr44Km44K144Ku44Ot44Kk44Ok44Or44Kr44OK44OzR1JFRU5JRVPnnaHok67piaLoprPokYnmpI3nianjgrXjgqTjgqjjg7Pjgrnjg4DjgqTjgqjjg4Pjg4jph5HprZrjg6Hjg4Djgqvjg5Pjg7zjgrfjg6Xjg6rjg7Pjg5fmt6HmsLTnlKjjgIDjgrnjg7zjg5Hjg7zjg5DjgqTjgrPjg6DjgIDjgrnjgr/jg7zjgr/jg7zjgq3jg4Pjg4jjgIDvvJHvvJHvvJDvvY3vvYzjgIDjg5Djgq/jg4bjg6rjgqLjgIDnhrHluK/prZrjgIDoprPos57prZrjgIDplqLmnbHlvZPml6Xkvr8=,5raI6LK75pyf6ZmQIDIwMTcvMTAvMTUg44CC5reh5rC055So44CA44K544O844OR44O844OQ44Kk44Kz44Og44CA44K544K/44O844K/44O844Kt44OD44OI44CA77yR77yR77yQ772N772M44CA44OQ44Kv44OG44Oq44Ki44CA54ax5biv6a2a44CA6Kaz6LOe6a2a44CA6Zai5p2x5b2T5pel5L6/[rn]
37-51588,aHR0cDovL3RzaG9wLnIxMHMuanAvY2hhbmV0L2NhYmluZXQvMTUzLzE0ODkwLTEuanBnP2ZpdGluPTcwMDo3MDA=,MjI0Ni40MDAw,,44Oa44OD44OI44O744Oa44OD44OI44Kw44OD44K6ID4g54ax5biv6a2a44O744Ki44Kv44Ki44Oq44Km44OgID4g5rC05qe944O744Ki44Kv44Ki44Oq44Km44OgID4g5rC06LOq566h55CG55So5ZOBID4g5rC06LOq6Kq/5pW05Ymk,5reh5rC055So44CA44K544O844OR44O844OQ44Kk44Kz44Og44CA44K544K/44O844K/44O844Kt44OD44OI44CA77yS77yV77yQ772N772M44CA44OQ44Kv44OG44Oq44Ki44CA54ax5biv6a2a44CA6Kaz6LOe6a2a44CA6Zai5p2x5b2T5pel5L6/,5raI6LK75pyf6ZmQIDIwMTcvMTAvMTU=,PGRpdiBJRD0iaGVhZGVyX3Nob3dfcGFyZW50Ij48aW1nIHNyYz0iaHR0cDovL3d3dy5yYWt1dGVuLm5lLmpwL2dvbGQvY2hhbmV0L2ltYWdlL2ljb24vaW5kZXgvc2V0aXRlbV9wYXJlbnRfdGl0NS5naWYiIGFsdD0i5Y2Y5ZOB44KI44KK44KC44K744OD44OI44GM44GK5b6X77yBIiBib3JkZXI9IjAiPjxicj48YSBocmVmPSJodHRwOi8vaXRlbS5yYWt1dGVuLmNvLmpwL2NoYW5ldC8yNTE5MiI+5reh5rC055So44CA44K544O844OR44O844OQ44Kk44Kz44Og44CA44K544K/44O844K/44O844Kt44OD44OI44CA77yS77yV77yQ772N772M44CA77yL44CA44Ky44Or44Kt44Ol44O844OW44CA44K544Oi44O844Or44CA77yQ77yO77yV77ys44CA44OQ44Kv44OG44Oq44Ki44CA54ax5biv6a2a44CA6Kaz6LOe6a2aPC9hPjxicj48YSBocmVmPSJodHRwOi8vaXRlbS5yYWt1dGVuLmNvLmpwL2NoYW5ldC8yMDA1OSI+44Ko44O844OP44Kk44Og44CA44Kv44Op44K344OD44Kv44OV44Kj44Or44K/44O844CA77yS77yS77yR77yT44CA44OQ44Kv44OG44Oq44Ki5LuY44GN44K744OD44OI44CA44K544K/44O844K/44O844K744OD44OI5LuY44GN44CA5rC05qe955So5aSW6YOo44OV44Kj44Or44K/44O844CA44Oh44O844Kr44O85L+d6Ki85pyf6ZaT77yS5bm0PC9hPjxicj48YSBocmVmPSJodHRwOi8vaXRlbS5yYWt1dGVuLmNvLmpwL2NoYW5ldC8yMzc4MCI+5reh5rC055So44CA44K544O844OR44O844OQ44Kk44Kz44Og44CA54ax5biv6a2a55So44CA5Yid5pyf56uL44Gh5LiK44GS77yT54K544K744OD44OI44CA44OQ44Kv44OG44Oq44Ki44CA54ax5biv6a2a44CA6Kaz6LOe6a2aPC9hPjxicj48YSBocmVmPSJodHRwOi8vaXRlbS5yYWt1dGVuLmNvLmpwL2NoYW5ldC8yMzc4MSI+5reh5rC055So44CA44K544O844OR44O844OQ44Kk44Kz44Og44CA5rC06I2J55So44CA5Yid5pyf56uL44Gh5LiK44GS77yT54K544K744OD44OI44CA44OQ44Kv44OG44Oq44Ki44CA54ax5biv6a2a44CA6Kaz6LOe6a2aPC9hPjxicj48YSBocmVmPSJodHRwOi8vaXRlbS5yYWt1dGVuLmNvLmpwL2NoYW5ldC8yMzc4MiI+5reh5rC055So44CA44K544O844OR44O844OQ44Kk44Kz44Og44CA44Ko44OT55So44CA5Yid5pyf56uL44Gh5LiK44GS77yU54K544K744OD44OI44CA44OQ44Kv44OG44Oq44Ki44CA54ax5biv6a2a44CA44OT44O844K344Ol44Oq44Oz44OXPC9hPjxicj48YSBocmVmPSJodHRwOi8vaXRlbS5yYWt1dGVuLmNvLmpwL2NoYW5ldC8yMzc4NCI+5reh5rC055So44CA44K544O844OR44O844OQ44Kk44Kz44Og44CA54ax5biv6a2a55So44CA5Yid5pyf56uL44Gh5LiK44GS77yU54K544K744OD44OI44CA44OQ44Kv44OG44Oq44Ki44CA54ax5biv6a2a44CA6Kaz6LOe6a2aPC9hPjxicj48YSBocmVmPSJodHRwOi8vaXRlbS5yYWt1dGVuLmNvLmpwL2NoYW5ldC8yMzc4NSI+77yI5rC06I2J77yJ5reh5rC055So44CA44K544O844OR44O844OQ44Kk44Kz44Og44CA5rC06I2J55So77yT54K544K744OD44OI44CA44OQ44Kv44OG44Oq44Ki44CA5pys5bee44O75Zub5Zu96ZmQ5a6aPC9hPjxicj48YSBocmVmPSJodHRwOi8vaXRlbS5yYWt1dGVuLmNvLmpwL2NoYW5ldC8yMzc4NiI+77yI5rC06I2J77yJ5reh5rC055So44CA44K544O844OR44O844OQ44Kk44Kz44Og44CA44Ko44OT55So77yT54K544K744OD44OI44CA44OQ44Kv44OG44Oq44Ki44CA5pys5bee44O75Zub5Zu96ZmQ5a6aPC9hPjxicj48YSBocmVmPSJodHRwOi8vaXRlbS5yYWt1dGVuLmNvLmpwL2NoYW5ldC8yMDUwMCI+5reh5rC055So44CA44OQ44Kk44Kz44Og44CA77yL44CA44Ky44Or44Kt44Ol44O844OW44CA5by35Yqb55Sf54mp5r++6YGO44K744OD44OIPC9hPjxicj48L2Rpdj48SFI+PEI+4pag44GT44Gu5ZWG5ZOB44KS44GK6LK344GE5LiK44GS44Gu44GK5a6i5qeY44Gv44CB5LiL6KiY5ZWG5ZOB44KC44GK6LK344GE5LiK44GS44Gn44GZ44CC4oC744GT44Gu5ZWG5ZOB44Gr44Gv5LuY5bGe44GX44G+44Gb44KT44CC4pagPC9CPjxCUj48QSBIUkVGPSJodHRwOi8vaXRlbS5yYWt1dGVuLmNvLmpwL2NoYW5ldC8xMjIxOC8iPuODhuODiOODqeODhuOCueODiOOAgOOCouODs+ODouODi+OCouippuiWrO+8ru+8qO+8k++8j++8ru+8qO+8lO+8i++8iOa3oeawtOOAgea1t+awtOeUqO+8iTwvQT48QlI+PEEgSFJFRj0iaHR0cDovL2l0ZW0ucmFrdXRlbi5jby5qcC9jaGFuZXQvMTIyMTkvIj7jg4bjg4jjg6njg4bjgrnjg4jjgIDkupznoZ3phbjoqabolqzvvK7vvK/vvJLvvI3vvIjmt6HmsLTjg7vmtbfmsLTnlKjvvIk8L0E+PEJSPjxBIEhSRUY9Imh0dHA6Ly9pdGVtLnJha3V0ZW4uY28uanAvY2hhbmV0LzE1MTE1LyI+44OG44OI44Op44CA44Kk44O844K444O844OQ44Op44Oz44K544CA77yS77yV77yQ772N772M44CA5reh5rC055SoPC9BPjxCUj48QSBIUkVGPSJodHRwOi8vaXRlbS5yYWt1dGVuLmNvLmpwL2NoYW5ldC8yMDE3MzUvIj7vvLHvvJHvvJDjgYrosrfjgYTlvpfjgrvjg4Pjg4jjgIDnmb3mv4HpmaTljrvvvIjvvIvjgqvjg6vjgq3mipzjgY3vvInvvIvjg5Djgq/jg4bjg6rjgqLvvIvjg5/jg43jg6njg6vjgIDmt6HmsLTnlKjjgIDvvJXvvJDvvJDvvY3vvKzDl+WQhO+8keacrDwvQT48QlI+PEEgSFJFRj0iaHR0cDovL2l0ZW0ucmFrdXRlbi5jby5qcC9jaGFuZXQvMjAxODM0LyI+77yx77yR77yQ44K544K/44O844OI44CA5reh5rC055So44CA77yV77yQ77yQ772N77ys44CA5qSN54mp55Sx5p2lIOeZvea/gemZpOWOu++8iOOCqOODk+OBq+WEquOBl+OBhOOCq+ODq+OCreaKnOOBje+8iTwvQT48QlI+PEEgSFJFRj0iaHR0cDovL2l0ZW0ucmFrdXRlbi5jby5qcC9jaGFuZXQvMjAxODUyLyI+77yx77yR77yQ44K544K/44O844OI44CA5reh5rC055So44CA77yS77yV77yQ772N77ys44CA5qSN54mp55Sx5p2lIOeZvea/gemZpOWOu++8iOOCqOODk+OBq+WEquOBl+OBhOOCq+ODq+OCreaKnOOBje+8iSDmsLTmp70g56uL44Gh5LiK44GSIOWIneacnyAg6Kej5raIIOmHkemtmiDjgr3jgqTjg6s8L0E+PGJyPuODoeODvOOCq+ODvO+8mu+8ou+8qe+8o++8r++8rTxicj48VEFCTEUgY2xhc3M9ImNvbnRhaW5lcl9hcXVhIj48VFI+PFREPjxkaXYgY2xhc3M9ImNhdGNoX2FxdWEiPjxCPu+8kuOBpOOBruS9nOeUqOOBp+OBjeOCjOOBhOOBquawtOOBq++8gTwvQj48L2Rpdj48QlI+5reh5rC05rC05qe95bCC55So44Gu56Gd5YyW44OQ44Kv44OG44Oq44Ki44K744OD44OI44Gn44GZ44CCPGJyIC8+5Yid44KB44Gm6a2a44KS6aO844GG5pmC44CB55eF5rCX5rK755mC5b6M44Gq44Gp5aSn6YeP44Gu5o+b5rC044KS6KGM44Gj44Gf5pmC44CB5r++6YGO5p2Q44KS5rSX5rWE44G+44Gf44Gv5Lqk5o+b44GX44Gf5pmC44Gq44Gp44Gr5L2/55So44GZ44KL44Go6Imv44GE44Gn44GX44KH44GG44CCPGJyPuawtOanveOBruaXqeacn+WuieWumuODu+eZvea/geOAgeOCs+OCseOBrueZuueUn+OCkuaKkeWItuODu+ehnemFuOWhqeOBrumZpOWOu++8iOWrjOawl+eahOadoeS7tuS4i++8ieOBquOBqeOBruWKueaenOOBjOacn+W+heOBp+OBjeOBvuOBmeOAgiA8QlI+PGJyPjxUQUJMRSBjbGFzcz0idGFibGVfc3BlY19hcXVhIiBib3JkZXI9IjEiPjxUUj48VEggY29sc3Bhbj0iMiIgY2xhc3M9InRpdGxlIj7mt6HmsLTnlKjjgIDjgrnjg7zjg5Hjg7zjg5DjgqTjgrPjg6DjgIDjgrnjgr/jg7zjgr/jg7zjgq3jg4Pjg4jjgIDvvJLvvJXvvJDvvY3vvYzjgIDjg5Djgq/jg4bjg6rjgqLjgIDoprPos57prZo8L1RIPjwvVFI+PFRSPjxUSD7pganlv5zmsLTmp708L1RIPjx0ZD7mt6HmsLTmsLTmp708L1REPjwvVFI+PFRSPjxUSD7nibnplbc8L1RIPjx0ZD7il4/mt6HmsLTmsLTmp73nlKjjga7noZ3ljJbjg5Djgq/jg4bjg6rjgqLjgafjgZnjgII8QlI+IOKXj+OCueODvOODkeODvOODkOOCpOOCs+ODoO+8l++8mOehneWMluiPjO+8iOmAj+aYjuODnOODiOODq++8ieOBr+OAgemtmuOBq+OBqOOBo+OBpuacieWus+OBquOCouODs+ODouODi+OCouOAgeS6nOehnemFuOOCkuWIhuino+OBl+eEoeavkuWMluOBl+OBvuOBmeOAgjxCUj4g4peP44K544O844OR44O844OQ44Kk44Kz44Og77yS77yR77yw77yk77yI57Sr44Oc44OI44Or77yJ44Gv44CB5pyJ5qmf54mp44KS6YCf44KE44GL44Gr5YiG6Kej44GX44CB55m95r+B44KK44Gq44Gp44KS5LqI6Ziy44GX44G+44GZ44CC44G+44Gf44CB5auM5rCX5LiL77yI6YW457Sg44Gu44Gq44GE54q25oWL77yJ44Gn44Gv6ISx56qS44KS6KGM44GE44G+44GZ44CCPGJyPiDil4/msLTjga7nq4vjgaHkuIrjgZLjgavjga/jgIHvvJLnqK7poZ7jga7jg5Djgq/jg4bjg6rjgqLjgYzlv4XopoHjgafjgIHjg5DjgqTjgrPjg6Djga7noZ3ljJboj4zjga/ni6znq4vooYzmlL/ms5XkurrnlKPmpa3nt4/lkIjnoJTnqbbmiYDjgavoj4zjgpLlr4ToqJfjgZfjgabjgYrjgorjgIHnsbPlm73nibnoqLHjgoLlj5blvpfjgZfjgabjgYTjgb7jgZnjgII8L1REPjwvVFI+PFRSPjxUSD7lhoXlrrnph488L1RIPjxURD7lkITvvJLvvJXvvJDvvY3vvYw8L1REPjwvVFI+PFRSPjxUSD7jgZTkvb/nlKjmlrnms5U8L1RIPjx0ZD4g4peP44GU5L2/55So5pa55rOV44Gv44CB5Lul5LiL44Gu44Go44GK44KK44Gn44GZ44CCPEJSPjxCUj48VEFCTEUgYm9yZGVyPSIxIiBjbGFzcz0ibmVrb19mb29kIj48VEJPRFk+PFRSPjxURCByb3dzcGFuPSIyIj7jgrnjg7zjg5Hjg7zjg5DjgqTjgrPjg6DvvJfvvJg8L1REPjxURD7opo/lrprph4/vvIjmsLTmp73jga7nq4vjgaHkuIrjgZLmmYLjgIHjgo3pgY7mnZDjga7mtJfmtYTjg7vkuqTmj5vmmYLjgarjganvvIk8L1REPjxURD7msLTvvJHvvJDvvKzjgavlr77jgZfjgabvvJLvvJDvvY3vvYzjga7mt7vliqA8L1REPjwvVFI+PFRSPjxURD7msLTmj5vjgYjmmYI8L1REPjxURD7msLTvvJHvvJDvvKzjgavlr77jgZfjgabvvJHvvJDvvY3vvYzjga7mt7vliqA8L1REPjwvVFI+PFRSPjxURCByb3dzcGFuPSIyIj7jgrnjg7zjg5Hjg7zjg5DjgqTjgrPjg6DvvJLvvJHvvLDvvKQ8L1REPjxURD7opo/lrprph4/vvIjmsLTmp73jga7nq4vjgaHkuIrjgZLmmYLjgIHjgo3pgY7mnZDjga7mtJfmtYTjg7vkuqTmj5vmmYLjgarjganvvIk8L1REPjxURD7msLTvvJHvvJDvvKzjgavlr77jgZfjgabvvJTvvY3vvYzjga7mt7vliqA8L1REPjwvVFI+PFRSPjxURD7msLTmj5vjgYjmmYI8L1REPjxURD7msLTvvJHvvJDvvKzjgavlr77jgZfjgabvvJLvvY3vvYzjga7mt7vliqA8L1REPjwvVFI+PC9UQk9EWT48L1RBQkxFPjxCUj4g4oC75LuY5bGe44Gu5bCC55So5Z+66LOq77yI77yV772N772M44Oc44OI44Or77yJ44Gv56Gd5YyW6I+M44KS5rS75oCn44GV44Gb44KL44Of44ON44Op44Or5Ymk44Gn44GZ44CCPGJyPiDjgrnjg7zjg5Hjg7zjg5DjgqTjgrPjg6DvvJfvvJjkvb/nlKjmmYLjgavmsLTvvJXvvJDvvKzjgavlr77jgZfjgabvvJHmnKzjgpLnm67lronjgavmt7vliqDjgZfjgabjgY/jgaDjgZXjgYTjgII8YnI+IOehneWMluiPjOOBrua0u+aAp+OCkuS/g+OBmeOBu+OBi+OBq+eUn+S9k+OBrua0u+WKm+Wil+mAsuWKueaenOOCguacn+W+heOBp+OBjeOBvuOBmeOAgjxicj48YnI+IOKXj+OBlOS9v+eUqOmHj+OBruebruWuiTxicj48VEFCTEUgYm9yZGVyPSIxIiBjbGFzcz0ibmVrb19mb29kIj48VEJPRFk+PFRSPjxURCByb3dzcGFuPSIyIj7msLTmp73jgrXjgqTjgro8L1REPjxURCByb3dzcGFuPSIyIj7msLTmp73lrrnph488L1REPjxURCBjb2xzcGFuPSIyIj7jgrnjg7zjg5Hjg7zjg5DjgqTjgrPjg6DvvJfvvJg8L1REPjxURCBjb2xzcGFuPSIyIj7jgrnjg7zjg5Hjg7zjg5DjgqTjgrPjg6DvvJLvvJHvvLDvvKQ8L1REPjwvVFI+PFRSPjxURD7opo/lrprph488L1REPjxURD7msLTmj5vjgYjmmYI8L1REPjxURD7opo/lrprph488L1REPjxURD7pgLHjgavvvJHluqY8L1REPjwvVFI+PFRSPjxURD7vvJbvvJDvvYPvvY08L1REPjxURD7vvJXvvJXvvKw8L1REPjxURD7vvJHvvJHvvJDvvY3vvYw8L1REPjxURD7vvJXvvJXvvY3vvYw8L1REPjxURD7vvJLvvJLvvY3vvYw8L1REPjxURD7vvJHvvJHvvY3vvYw8L1REPjwvVFI+PFRSPjxURD7vvJfvvJXvvYPvvY08L1REPjxURD7vvJHvvJHvvJXvvKw8L1REPjxURD7vvJLvvJPvvJDvvY3vvYw8L1REPjxURD7vvJHvvJHvvJXvvY3vvYw8L1REPjxURD7vvJTvvJbvvY3vvYw8L1REPjxURD7vvJLvvJPvvY3vvYw8L1REPjwvVFI+PC9UQk9EWT48L1RBQkxFPjxicj7igLvjgq3jg6Pjg4Pjg5fvvJHmna/vvJrntITvvJHvvJDvvY3vvYw8L1REPjwvVFI+PFRSPjxUSD7jgZTms6jmhI88L1RIPjxURD7igLvmnKzlk4Hjga/mt6HmsLTnlKjjgafjgZnjgILmsb3msLTjgIHmtbfmsLTmsLTmp73jgavjga/jgZTkvb/nlKjjgYTjgZ/jgaDjgZHjgb7jgZvjgpPjgII8YnIgLz7igLvjg5zjg4jjg6vlhoXjga7msojmrr/nianjga/oj4zjgYzjg5Xjg63jg4Pjgq/kuIrjgavjgarjgaPjgZ/jgoLjga7jgafllY/poYzjga/jgYLjgorjgb7jgZvjgpPjgILjg5zjg4jjg6vjgpLjgojjgY/mjK/jgaPjgabjgYvjgonjgZTkvb/nlKjjgY/jgaDjgZXjgYTjgII8QlI+4oC76aO86IKy5bC+5pWw44CB57Wm6aSM6YeP44CB5rC06LOq44Gr44KI44KK5re75Yqg6YeP44Gu6Kq/5pW044GM5b+F6KaB44Go44Gq44KL5aC05ZCI44GM44GC44KK44G+44GZ44CCPGJyPuKAu+W/heOBmuOCq+ODq+OCreaKnOOBjeOCkuihjOOBo+OBpuOBi+OCieOBlOS9v+eUqOOBl+OBpuOBj+OBoOOBleOBhOOAgjxicj7igLvpo7Ljgb/nianjgafjga/jgYLjgorjgb7jgZvjgpPjgILoqqTjgaPjgabpo7Ljgb7jgarjgYTjgojjgYbjgavjgZTms6jmhI/jgY/jgaDjgZXjgYTjgILjgb7jgZ/jgIHnm67jgoTlgrflj6PjgavlhaXjgonjgarjgYTjgojjgYbjgavjgZTms6jmhI/jgY/jgaDjgZXjgYTjgII8YnI+4oC75L2/55So5b6M44Gv5b+F44Ga55+z6bm444Gn5omL44KS44KI44GP5rSX44Gj44Gm44GP44Gg44GV44GE44CCPGJyPuKAu+acrOWTgeOBr+eUn+OBjeeJqeOBp+OBmeOBruOBp+OAgemWi+agk+W+jOOBr+acieWKueacn+mZkOWGheOBq+OBiuS9v+OBhOOBj+OBoOOBleOBhOOAgjxicj7igLvkv53nrqHjga7pmpvjga/jgIHjgq3jg6Pjg4Pjg5fjgpLplonjgoHjgIHlsI/lhZDjga7miYvjga7lsYrjgYvjgarjgYTlhrfmmpfmiYDjgavjgabjgYrpoZjjgYTjgZfjgb7jgZnjgII8YnI+4oC75pys5ZOB44Gv6ZGR6LOe6a2a55So44Gn44GZ44CC44Gd44KM5Lul5aSW44Gu55uu55qE44Gn44Gv5L2/55So44GX44Gq44GE44Gn44GP44Gg44GV44GE44CCPC9URD48L1RSPjwvVEFCTEU+PC9URD48L1RSPjwvVEFCTEU+PGJyPjxicj48ZGl2IGNsYXNzPSJpbmNsdWRlX2NvbnRlbnRzIiBpZD0iYy1ocmVmX3Bha2VoZW4iPjxkaXYgY2xhc3M9ImlmcmFtZWZsZXggaW5jX2l0ZW1saXN0Ij4gPC9kaXY+PGgzPuODkeODg+OCseODvOOCuOetieOBruWkieabtOOBq+OBpOOBhOOBpjwvaDM+PHNwYW4gY2xhc3M9InJlZCI+5LqI5ZGK44Gq44GP44OR44OD44Kx44O844K444CB5LuV5qeY77yI5Y6f5p2Q5paZ44CB55Sf55Sj5Zu944CB6Imy44CB5b2i54q244CB44K144Kk44K6562J77yJ44Gu5aSJ5pu044GM44GC44KL5aC05ZCI44GM44GU44GW44GE44G+44GZ44CC5LqI44KB44GU5LqG5om/44GP44Gg44GV44GE44CCPC9zcGFuPjxiciAvPjwvZGl2Pjxicj48YnI+PGRpdiBjbGFzcz0iaWZyYW1lZmxleCBpbmNfcXJjb2RlIj48L2Rpdj48ZGl2IGNsYXNzPSJpbmNfdW5pdF9wcmljZSI+PC9kaXY+PGJyIC8+PGJyIC8+44OB44Oj44O844Og5qW95aSp5biC5aC05bqX44CA44Oa44OD44OI55So5ZOB44O755Sf44GN54mp5bCC6ZaAPGJyPjxicj48QlI+44OG44OI44Op44OG44K544OI44CA44Ki44Oz44Oi44OL44Ki6Kmm6Jas77yu77yo77yT77yP77yu77yo77yU77yL77yI5reh5rC044CB5rW35rC055So77yJPEJSPuODhuODiOODqeODhuOCueODiOOAgOS6nOehnemFuOippuiWrO+8ru+8r++8ku+8je+8iOa3oeawtOODu+a1t+awtOeUqO+8iTxCUj7jg4bjg4jjg6njgIDjgqTjg7zjgrjjg7zjg5Djg6njg7PjgrnjgIDvvJLvvJXvvJDvvY3vvYzjgIDmt6HmsLTnlKg8QlI+77yx77yR77yQ44GK6LK344GE5b6X44K744OD44OI44CA55m95r+B6Zmk5Y6777yI77yL44Kr44Or44Kt5oqc44GN77yJ77yL44OQ44Kv44OG44Oq44Ki77yL44Of44ON44Op44Or44CA5reh5rC055So44CA77yV77yQ77yQ772N77ysw5flkITvvJHmnKw8QlI+77yx77yR77yQ44K544K/44O844OI44CA5reh5rC055So44CA77yV77yQ77yQ772N77ys44CA5qSN54mp55Sx5p2lIOeZvea/gemZpOWOu++8iOOCqOODk+OBq+WEquOBl+OBhOOCq+ODq+OCreaKnOOBje+8iTxCUj7vvLHvvJHvvJDjgrnjgr/jg7zjg4jjgIDmt6HmsLTnlKjjgIDvvJLvvJXvvJDvvY3vvKzjgIDmpI3niannlLHmnaUg55m95r+B6Zmk5Y6777yI44Ko44OT44Gr5YSq44GX44GE44Kr44Or44Kt5oqc44GN77yJIOawtOanvSDnq4vjgaHkuIrjgZIg5Yid5pyfIOino+a2iCDph5HprZog44K944Kk44OrPGJyPjxicj4g4oCmIOOCouOCr+OCoueUqOWTgeOAgOiqv+aVtOWJpO+8j+ODkOOCr+ODhuODquOCouOAgOODkOOCr+ODhuODquOCouOAgOODkOOCpOOCs+ODoOOAgO+8ou+8qe+8o++8r++8reOAgOa3oeawtOeUqOOAgOOCueODvOODkeODvOODkOOCpOOCs+ODoOOAgOOCueOCv+ODvOOCv+ODvOOCreODg+ODiOOAgO+8ku+8le+8kO+9je+9jOOAgOWumueVquOCs+OCseWvvuetluOAgOOAkOOCs+OCseWvvuetluOAkeawtOizquOCkuaUueWWhOOBmeOCi+OAgGJpY29tX3NldOOAgGJpY29tX2l0ZW3jgIDlvZPml6Xkvr/jgIDjgJDjgYLjgZnmpb1f5Zyf5puc5Za25qWt44CR44CA44CQ44GC44GZ5qW9X+aXpeabnOWWtualreOAkeOAgOOAkOOBguOBmealvV/lubTkuK3nhKHkvJHjgJHjgIA0NTEwNjkxMDAzMDIx44CAcmttczE0MTBfMTBfYmljbeOAgHNzMTBtZG1fYmNtYmFj44CAc3BzMTUxMl9wdTEwX2FfYmNtYXF144CA44CAMDIwOV9iaWNvbTEwcF8wMjI5,5reh5rC055So44CA44K544O844OR44O844OQ44Kk44Kz44Og44CA44K544K/44O844K/44O844Kt44OD44OI44CA77yS77yV77yQ772N772M44CA44OQ44Kv44OG44Oq44Ki44CA54ax5biv6a2a44CA6Kaz6LOe6a2a44CA6Zai5p2x5b2T5pel5L6/77yaY2hhcm0g5qW95aSp5biC5aC05bqX,54ax5biv6a2a44K544Kk44Os44Oz54iq44Go44GO5rC06I2J44Kw44Oq44OL44O844K654yr56CC5aSn56Ov56CC44OJ44OD44Kw44OV44O844OJ44Kt44Oj44OD44OI44OV44O844OJ44Oa44OD44OI44K344O844OE5piG6Jmr44Km44K144Ku44Ot44Kk44Ok44Or44Kr44OK44OzR1JFRU5JRVPnnaHok67piaLoprPokYnmpI3nianjgrXjgqTjgqjjg7Pjgrnjg4DjgqTjgqjjg4Pjg4jph5HprZrjg6Hjg4Djgqvjg5Pjg7zjgrfjg6Xjg6rjg7Pjg5fmt6HmsLTnlKjjgIDjgrnjg7zjg5Hjg7zjg5DjgqTjgrPjg6DjgIDjgrnjgr/jg7zjgr/jg7zjgq3jg4Pjg4jjgIDvvJLvvJXvvJDvvY3vvYzjgIDjg5Djgq/jg4bjg6rjgqLjgIDnhrHluK/prZrjgIDoprPos57prZrjgIDplqLmnbHlvZPml6Xkvr8=,5raI6LK75pyf6ZmQIDIwMTcvMTAvMTUg44CC5reh5rC055So44CA44K544O844OR44O844OQ44Kk44Kz44Og44CA44K544K/44O844K/44O844Kt44OD44OI44CA77yS77yV77yQ772N772M44CA44OQ44Kv44OG44Oq44Ki44CA54ax5biv6a2a44CA6Kaz6LOe6a2a44CA6Zai5p2x5b2T5pel5L6/[rn]
37-51589,aHR0cDovL3RzaG9wLnIxMHMuanAvY2hhbmV0L2NhYmluZXQvMTUzLzE0ODgwLTEuanBnP2ZpdGluPTcwMDo3MDA=,NTE4LjQwMDA=,,44Oa44OD44OI44O744Oa44OD44OI44Kw44OD44K6ID4g54ax5biv6a2a44O744Ki44Kv44Ki44Oq44Km44OgID4g5rC05qe944O744Ki44Kv44Ki44Oq44Km44OgID4g5rC06LOq566h55CG55So5ZOBID4g5rC06LOq6Kq/5pW05Ymk,5reh5rC055So44CA44K544O844OR44O844OQ44Kk44Kz44Og44CA77yX77yY44CA77yV77yQ772N772M44CA44OQ44Kv44OG44Oq44Ki44CA54ax5biv6a2a44CA6Kaz6LOe6a2a44CA6Zai5p2x5b2T5pel5L6/,5raI6LK75pyf6ZmQIDIwMTcvMDgvMTU=,PEhSPjxCPuKWoOOBk+OBruWVhuWTgeOCkuOBiuiyt+OBhOS4iuOBkuOBruOBiuWuouanmOOBr+OAgeS4i+iomOWVhuWTgeOCguOBiuiyt+OBhOS4iuOBkuOBp+OBmeOAguKAu+OBk+OBruWVhuWTgeOBq+OBr+S7mOWxnuOBl+OBvuOBm+OCk+OAguKWoDwvQj48QlI+PEEgSFJFRj0iaHR0cDovL2l0ZW0ucmFrdXRlbi5jby5qcC9jaGFuZXQvMjAxNzM1LyI+77yx77yR77yQ44GK6LK344GE5b6X44K744OD44OI44CA55m95r+B6Zmk5Y6777yI77yL44Kr44Or44Kt5oqc44GN77yJ77yL44OQ44Kv44OG44Oq44Ki77yL44Of44ON44Op44Or44CA5reh5rC055So44CA77yV77yQ77yQ772N77ysw5flkITvvJHmnKw8L0E+PEJSPjxBIEhSRUY9Imh0dHA6Ly9pdGVtLnJha3V0ZW4uY28uanAvY2hhbmV0LzIwMTgzNC8iPu+8se+8ke+8kOOCueOCv+ODvOODiOOAgOa3oeawtOeUqOOAgO+8le+8kO+8kO+9je+8rOOAgOakjeeJqeeUseadpSDnmb3mv4HpmaTljrvvvIjjgqjjg5PjgavlhKrjgZfjgYTjgqvjg6vjgq3mipzjgY3vvIk8L0E+PEJSPjxBIEhSRUY9Imh0dHA6Ly9pdGVtLnJha3V0ZW4uY28uanAvY2hhbmV0LzIwMTg1Mi8iPu+8se+8ke+8kOOCueOCv+ODvOODiOOAgOa3oeawtOeUqOOAgO+8ku+8le+8kO+9je+8rOOAgOakjeeJqeeUseadpSDnmb3mv4HpmaTljrvvvIjjgqjjg5PjgavlhKrjgZfjgYTjgqvjg6vjgq3mipzjgY3vvIkg5rC05qe9IOeri+OBoeS4iuOBkiDliJ3mnJ8gIOino+a2iCDph5HprZog44K944Kk44OrPC9BPjxicj7jg6Hjg7zjgqvjg7zvvJrvvKLvvKnvvKPvvK/vvK08YnI+PGRpdiBjbGFzcz0iaWZyYW1lZmxleCBpbmNfcXJjb2RlIj48L2Rpdj48ZGl2IGNsYXNzPSJpbmNfdW5pdF9wcmljZSI+PC9kaXY+PGJyIC8+PGJyIC8+44OB44Oj44O844Og5qW95aSp5biC5aC05bqX44CA44Oa44OD44OI55So5ZOB44O755Sf44GN54mp5bCC6ZaAPGJyPjxicj48QlI+77yx77yR77yQ44GK6LK344GE5b6X44K744OD44OI44CA55m95r+B6Zmk5Y6777yI77yL44Kr44Or44Kt5oqc44GN77yJ77yL44OQ44Kv44OG44Oq44Ki77yL44Of44ON44Op44Or44CA5reh5rC055So44CA77yV77yQ77yQ772N77ysw5flkITvvJHmnKw8QlI+77yx77yR77yQ44K544K/44O844OI44CA5reh5rC055So44CA77yV77yQ77yQ772N77ys44CA5qSN54mp55Sx5p2lIOeZvea/gemZpOWOu++8iOOCqOODk+OBq+WEquOBl+OBhOOCq+ODq+OCreaKnOOBje+8iTxCUj7vvLHvvJHvvJDjgrnjgr/jg7zjg4jjgIDmt6HmsLTnlKjjgIDvvJLvvJXvvJDvvY3vvKzjgIDmpI3niannlLHmnaUg55m95r+B6Zmk5Y6777yI44Ko44OT44Gr5YSq44GX44GE44Kr44Or44Kt5oqc44GN77yJIOawtOanvSDnq4vjgaHkuIrjgZIg5Yid5pyfIOino+a2iCDph5HprZog44K944Kk44OrPGJyPjxicj4g4oCmIOOCouOCr+OCoueUqOWTgeOAgOiqv+aVtOWJpO+8j+ODkOOCr+ODhuODquOCouOAgOODkOOCr+ODhuODquOCouOAgOODkOOCpOOCs+ODoOOAgO+8ou+8qe+8o++8r++8reOAgOa3oeawtOeUqOOAgOOCueODvOODkeODvOODkOOCpOOCs+ODoOOAgDc444CA77yV77yQ772N772M44CA44OQ44Kk44Kz44Og44OQ44Kv44OG44Oq44Ki5reh5rC044CAYmljb21faXRlbeOAgOW9k+aXpeS+v+OAgG11cnlvdGFzc2VpXzYwMF82OTnjgIBfYXF1YeOAgOOAkOOBguOBmealvV/lnJ/mm5zllrbmpa3jgJHjgIDjgJDjgYLjgZnmpb1f5pel5puc5Za25qWt44CR44CA44CQ44GC44GZ5qW9X+W5tOS4reeEoeS8keOAkeOAgDQ1MTA2OTEwMDEwMDPjgIBya21zMTQxMF8xMF9iaWNt44CAc3MxMG1kbV9iY21iYWM=,5reh5rC055So44CA44K544O844OR44O844OQ44Kk44Kz44Og44CA77yX77yY44CA77yV77yQ772N772M44CA44OQ44Kv44OG44Oq44Ki44CA54ax5biv6a2a44CA6Kaz6LOe6a2a44CA6Zai5p2x5b2T5pel5L6/77yaY2hhcm0g5qW95aSp5biC5aC05bqX,54ax5biv6a2a44K544Kk44Os44Oz54iq44Go44GO5rC06I2J44Kw44Oq44OL44O844K654yr56CC5aSn56Ov56CC44OJ44OD44Kw44OV44O844OJ44Kt44Oj44OD44OI44OV44O844OJ44Oa44OD44OI44K344O844OE5piG6Jmr44Km44K144Ku44Ot44Kk44Ok44Or44Kr44OK44OzR1JFRU5JRVPnnaHok67piaLoprPokYnmpI3nianjgrXjgqTjgqjjg7Pjgrnjg4DjgqTjgqjjg4Pjg4jph5HprZrjg6Hjg4Djgqvjg5Pjg7zjgrfjg6Xjg6rjg7Pjg5fmt6HmsLTnlKjjgIDjgrnjg7zjg5Hjg7zjg5DjgqTjgrPjg6DjgIDvvJfvvJjjgIDvvJXvvJDvvY3vvYzjgIDjg5Djgq/jg4bjg6rjgqLjgIDnhrHluK/prZrjgIDoprPos57prZrjgIDplqLmnbHlvZPml6Xkvr8=,5raI6LK75pyf6ZmQIDIwMTcvMDgvMTUg44CC5reh5rC055So44CA44K544O844OR44O844OQ44Kk44Kz44Og44CA77yX77yY44CA77yV77yQ772N772M44CA44OQ44Kv44OG44Oq44Ki44CA54ax5biv6a2a44CA6Kaz6LOe6a2a44CA6Zai5p2x5b2T5pel5L6/[rn]
37-51590,aHR0cDovL3RzaG9wLnIxMHMuanAvY2hhbmV0L2NhYmluZXQvMTUzLzE0ODgyLTEuanBnP2ZpdGluPTcwMDo3MDA=,MTYxMi44MDAw,,44Oa44OD44OI44O744Oa44OD44OI44Kw44OD44K6ID4g54ax5biv6a2a44O744Ki44Kv44Ki44Oq44Km44OgID4g5rC05qe944O744Ki44Kv44Ki44Oq44Km44OgID4g5rC06LOq566h55CG55So5ZOBID4g5rC06LOq6Kq/5pW05Ymk,5reh5rC055So44CA44K544O844OR44O844OQ44Kk44Kz44Og44CA77yX77yY44CA77yS77yV77yQ772N772M44CA44OQ44Kv44OG44Oq44Ki44CA54ax5biv6a2a44CA6Kaz6LOe6a2a44CA6Zai5p2x5b2T5pel5L6/,5raI6LK75pyf6ZmQIDIwMTcvMTAvMzE=,PGRpdiBJRD0iaGVhZGVyX3Nob3dfcGFyZW50Ij48aW1nIHNyYz0iaHR0cDovL3d3dy5yYWt1dGVuLm5lLmpwL2dvbGQvY2hhbmV0L2ltYWdlL2ljb24vaW5kZXgvc2V0aXRlbV9wYXJlbnRfdGl0NS5naWYiIGFsdD0i5Y2Y5ZOB44KI44KK44KC44K744OD44OI44GM44GK5b6X77yBIiBib3JkZXI9IjAiPjxicj48YSBocmVmPSJodHRwOi8vaXRlbS5yYWt1dGVuLmNvLmpwL2NoYW5ldC8yMDA1NyI+44Ko44O844OP44Kk44Og44CA44Kv44Op44K344OD44Kv44OV44Kj44Or44K/44O844CA77yS77yS77yR77yT44CA44OQ44Kv44OG44Oq44Ki5LuY44GN44K744OD44OI44CA5reh5rC055So44OQ44Kk44Kz44Og77yX77yY44CA5rC05qe955So5aSW6YOo44OV44Kj44Or44K/44O844CA44Oh44O844Kr44O85L+d6Ki85pyf6ZaT77yS5bm0PC9hPjxicj48YSBocmVmPSJodHRwOi8vaXRlbS5yYWt1dGVuLmNvLmpwL2NoYW5ldC8yMDA1MSI+77yI54ax5biv6a2a77yJ44Kz44Kx5a++562W44K744OD44OI44CA6Iy244K044Kx5a++562W55So44CA44Kq44OI44K344Oz44Kv44Or44K577yI77yW5Yy577yJ44CA77yL44CA44OQ44Kk44Kz44Og44CA77yX77yY44CA77yS77yV77yQ772N772M44CA5pys5bee44O75Zub5Zu96ZmQ5a6aPC9hPjxicj48L2Rpdj48SFI+PEI+4pag44GT44Gu5ZWG5ZOB44KS44GK6LK344GE5LiK44GS44Gu44GK5a6i5qeY44Gv44CB5LiL6KiY5ZWG5ZOB44KC44GK6LK344GE5LiK44GS44Gn44GZ44CC4oC744GT44Gu5ZWG5ZOB44Gr44Gv5LuY5bGe44GX44G+44Gb44KT44CC4pagPC9CPjxCUj48QSBIUkVGPSJodHRwOi8vaXRlbS5yYWt1dGVuLmNvLmpwL2NoYW5ldC8xMjIxOC8iPuODhuODiOODqeODhuOCueODiOOAgOOCouODs+ODouODi+OCouippuiWrO+8ru+8qO+8k++8j++8ru+8qO+8lO+8i++8iOa3oeawtOOAgea1t+awtOeUqO+8iTwvQT48QlI+PEEgSFJFRj0iaHR0cDovL2l0ZW0ucmFrdXRlbi5jby5qcC9jaGFuZXQvMTIyMTkvIj7jg4bjg4jjg6njg4bjgrnjg4jjgIDkupznoZ3phbjoqabolqzvvK7vvK/vvJLvvI3vvIjmt6HmsLTjg7vmtbfmsLTnlKjvvIk8L0E+PEJSPjxBIEhSRUY9Imh0dHA6Ly9pdGVtLnJha3V0ZW4uY28uanAvY2hhbmV0LzE0ODg3LyI+5reh5rC055So44CA44K544O844OR44O844OQ44Kk44Kz44Og44CA77yS77yR77yw77yk44CA77yS77yV77yQ772N772M44CA44OQ44Kv44OG44Oq44Ki44CA54ax5biv6a2a44CA6Kaz6LOe6a2aPC9BPjxCUj48QSBIUkVGPSJodHRwOi8vaXRlbS5yYWt1dGVuLmNvLmpwL2NoYW5ldC8xNTExNS8iPuODhuODiOODqeOAgOOCpOODvOOCuOODvOODkOODqeODs+OCueOAgO+8ku+8le+8kO+9je+9jOOAgOa3oeawtOeUqDwvQT48YnI+44Oh44O844Kr44O877ya77yi77yp77yj77yv77ytPGJyPuWTgeeVqu+8mu+8kO+8ke+8kO+8ku+8lzxicj48YnI+PFRBQkxFIGNsYXNzPSJjb250YWluZXJfYXF1YSI+PFRSPjxURD48ZGl2IGNsYXNzPSJjYXRjaF9hcXVhIj48Qj7jgqLjg7Pjg6Ljg4vjgqLjg7vkupznoZ3phbjjgpLliIbop6PjgZfjgIHnhKHmr5LljJbvvIE8L0I+PC9kaXY+PEJSPua3oeawtOeUqOOBrua2iOWMluiPjOOBp+OBmeOAguOCouODs+ODouODi+OCouODu+S6nOehnemFuOOBruWIhuino+WKueaenOOBjOacn+W+heOBp+OBjeOBvuOBmeOAgjxiciAvPua2iOWMluiPjOOCkua0u+aAp+WMluOBleOBm+OCi+ODn+ODjeODqeODq+WJpOOCguS7mOWxnuOBl+OBpuOBhOOBvuOBmeOAgjxicj7mnIDlpKfpmZDjga7lirnmnpzjgpLnmbrmj67jgZnjgovjgZ/jgoHjgavjga/jgIHjgIzjgrnjg7zjg5Hjg7zjg5DjgqTjgrPjg6DvvJLvvJHvvLDvvKTjgI3jgajkvbXnlKjjgZfjgabjgYTjgZ/jgaDjgY/jgajjgojjgorlirnmnpznmoTjgafjgZnjgII8QlI+PGJyPjxUQUJMRSBjbGFzcz0idGFibGVfc3BlY19hcXVhIiBib3JkZXI9IjEiPjxUUj48VEggY29sc3Bhbj0iMiIgY2xhc3M9InRpdGxlIj7mt6HmsLTnlKjjgIDjgrnjg7zjg5Hjg7zjg5DjgqTjgrPjg6DjgIDvvJfvvJjjgIDvvJLvvJXvvJDvvY3vvYzjgIDjg5Djgq/jg4bjg6rjgqLjgIDnhrHluK/prZrjgIDoprPos57prZo8L1RIPjwvVFI+PFRSPjxUSD7pganlv5zmsLTmp708L1RIPjx0ZD7mt6HmsLTmsLTmp708L1REPjwvVFI+PFRSPjxUSD7nibnplbc8L1RIPjx0ZD7il4/mt6HmsLTmsLTmp73nlKjjga7nlJ/jgY3jgZ/jg5Djgq/jg4bjg6rjgqLjgafjgZnjgILjgqLjg7Pjg6Ljg4vjgqLjg7vkupznoZ3phbjjgpLliIbop6PjgZfjgIHnhKHmr5LljJbjgZfjgb7jgZnjgII8QlI+IOKXj+ODkOOCr+ODhuODquOCouOCkua0u+aAp+WMluOBleOBm+OCi+ODn+ODjeODqeODq+WJpOOCguS7mOWxnuOBl+OBpuOBhOOBvuOBmeOAgjxCUj4g4peP5paw6KaP5rC05qe944Gu56uL44Gh5LiK44GS5pmC44Gu5pmC44CB5rC06LOq44KS5pep44GP5a6J5a6a44GV44Gb44G+44GZ44CC5rC05o+b44GI44Gu5b6M44KE44KN6YGO5qe944Gu5o6D6Zmk5b6M44Gn44Gu5L2/55So44KC5pyJ5Yq544Gn44GZ44CCPGJyPiDil4/lp4nlprnlk4Hjga7jgIzjgrnjg7zjg5Hjg7zjg5DjgqTjgrPjg6DvvJLvvJHvvLDvvKTjgI3vvIjliKXlo7LvvInjgpLkvbXnlKjjgZfjgabjgYTjgZ/jgaDjgY/jgajjgIHmnKzlk4HjgavjgojjgorliIbop6PjgZXjgozjgZ/jgqLjg7Pjg6Ljg4vjgqLjg7vkupznoZ3phbjjgavjgojjgorok4TnqY3jgZXjgozjgZ/noZ3phbjloanjga7ohLHnqpLlirnmnpzjgYzmnJ/lvoXjgafjgY3jgovvvIjlq4zmsJfkuIvmnaHku7bjga7mmYLvvInjgZ/jgoHjgIHjgojjgorlirnmnpznmoTjgafjgZnjgII8L1REPjwvVFI+PFRSPjxUSD7lhoXlrrnph488L1RIPjxURD7vvJLvvJXvvJDvvY3vvYzvvIjku5jlsZ7ln7ros6rvvJrvvJXvvJDvvY3vvYzDl++8keacrO+8iTwvVEQ+PC9UUj48VFI+PFRIPuOBlOS9v+eUqOaWueazlTwvVEg+PHRkPiDil4/msLTvvJHvvJDvvKzjgavlr77jgZfjgabvvJLvvJDvvY3vvYzjga7mt7vliqDjgYzopo/lrprph4/jgafjgZnjgILnq4vjgaHkuIrjgZLmmYLjgIHjgo3pgY7mnZDjga7kuqTmj5vjg7vmtJfmtYTntq3mjIHjgavjga/opo/lrprph4/jgpLmt7vliqDjgZfjgabjgY/jgaDjgZXjgYTjgII8YnI+IOOBneOBruW+jOmAseOBq++8keW6puimj+WumumHj+OBruWNiuWIhuOCkua3u+WKoOOBl+OBpuOBj+OBoOOBleOBhOOAgjxCUj48QlI+PFRBQkxFIGJvcmRlcj0iMSIgY2xhc3M9Im5la29fZm9vZCI+PFRCT0RZPjxUUj48VEQ+5rC05qe944K144Kk44K6PC9URD48VEQ+5rC05qe95a656YePPC9URD48VEQ+6KaP5a6a6YePPC9URD48VEQ+6YCx44Gr77yR5bqmPC9URD48L1RSPjxUUj48VEQ+77yW77yQ772D772NPC9URD48VEQ+77yV77yV77ysPC9URD48VEQ+77yR77yR77yQ772N772MPC9URD48VEQ+77yV77yV772N772MPC9URD48L1RSPjxUUj48VEQ+77yX77yV772D772NPC9URD48VEQ+77yR77yR77yV77ysPC9URD48VEQ+77yS77yT77yQ772N772MPC9URD48VEQ+77yR77yR77yV772N772MPC9URD48L1RSPjxUUj48VEQ+77yZ77yQ772D772NPC9URD48VEQ+77yR77yV77yV77ysPC9URD48VEQ+77yT77yR77yQ772N772MPC9URD48VEQ+77yR77yV77yV772N772MPC9URD48L1RSPjxUUj48VEQ+77yR77yS77yQ772D772NPC9URD48VEQ+77yS77yQ77yQ77ysPC9URD48VEQ+77yU77yQ77yQ772N772MPC9URD48VEQ+77yS77yQ77yQ772N772MPC9URD48L1RSPjwvVEJPRFk+PC9UQUJMRT48QlI+IOKXj+OCreODo+ODg+ODl++8keadr+OBr+e0hO+8ke+8kO+9je+9jOOBp+OBmeOAgjxicj48YnI+IOKXj+S7mOWxnuOBruWwgueUqOWfuuizqu+8iO+8le+9je+9jOODnOODiOODq++8ieOBr+a2iOWMluiPjOOCkua0u+aAp+WMluOBleOBm+OCi+ODn+ODjeODqeODq+WJpOOBp+OBmeOAguacrOWTgeS9v+eUqOaZguOBq+awtO+8le+8kO+8rOOBq+WvvuOBl+OBpu+8keacrOOCkuebruWuieOBq+a3u+WKoOOBl+OBpuOBj+OBoOOBleOBhOOAgua2iOWMluiPjOOBoOOBkeOBp+OBquOBj+eUn+S9k+OBrua0u+WKm+Wil+mAsuWKueaenOOCguimi+i+vOOCgeOBvuOBmeOAgjwvVEQ+PC9UUj48VFI+PFRIPuOBlOazqOaEjzwvVEg+PFREPuKAu+acrOWTgeOBr+a3oeawtOeUqOOBp+OBmeOAguaxveawtOmtmuOBquOBqeOBruWhqeWIhuOBruOBguOCi+awtOanveOBq+OBr+a1t+awtOeUqOOCkuOBlOS9v+eUqOOBj+OBoOOBleOBhOOAgjxicj4g4oC744Oc44OI44Or5YaF44Gu5rKI5q6/54mp44Gv6I+M44GM44OV44Ot44OD44Kv54q244Gr44Gq44Gj44Gf44KC44Gu44Gn44Gv5ZWP6aGM44Gv44GC44KK44G+44Gb44KT44CC44Oc44OI44Or44KS6Imv44GP5oyv44Gj44Gm44GL44KJ44GU5L2/55So44GP44Gg44GV44GE44CCPGJyPiDigLvpo7zogrLlsL7mlbDjgIHntabppIzph4/jgIHmsLTos6rjgavjgojjgormt7vliqDph4/jga7oqr/mlbTjgYzlv4XopoHjgajjgarjgovloLTlkIjjgYzjgZTjgZbjgYTjgb7jgZnjgII8YnI+IOKAu+W/heOBmuOCq+ODq+OCreaKnOOBjeOCkuihjOOBo+OBpuOBi+OCieOBlOS9v+eUqOOBj+OBoOOBleOBhOOAgjxicj4g4oC76aOy44G/54mp44Gn44Gv44GC44KK44G+44Gb44KT44CC6Kqk44Gj44Gm6aOy44G+44Gq44GE44KI44GG44GU5rOo5oSP44GP44Gg44GV44GE44CC44G+44Gf44CB55uu44KE5YK35Y+j44Gr5YWl44KJ44Gq44GE44KI44GG44GU5rOo5oSP44GP44Gg44GV44GE44CCPGJyPiDigLvkvb/nlKjlvozjga/lv4XjgZrnn7PpubjjgafmiYvjgpLoia/jgY/mtJfjgaPjgabjgY/jgaDjgZXjgYTjgII8YnI+IOKAu+acrOWTgeOBr+eUn+OBjeeJqeOBp+OBmeOBruOBp+mWi+agk+W+jOOBr+acieWKueacn+mZkOWGheOBq+OBiuS9v+OBhOOBj+OBoOOBleOBhOOAgjxicj4g4oC75L+d566h44Gu6Zqb44Gv44CB44Kt44Oj44OD44OX44KS6ZaJ44KB44CB5bCP5YWQ44Gu5omL44Gu5bGK44GL44Gq44GE5Ya35pqX5omA44Gr44Gm44GK6aGY44GE44GX44G+44GZ44CCPGJyPiDigLvmnKzlk4Hjga/pkZHos57prZrnlKjjgafjgZnjgILjgZ3jgozku6XlpJbjga7nm67nmoTjgafjga/kvb/nlKjjgZfjgarjgYTjgafjgY/jgaDjgZXjgYTjgII8L1REPjwvVFI+PC9UQUJMRT48L1REPjwvVFI+PC9UQUJMRT48YnI+PGJyPjxkaXYgY2xhc3M9ImlmcmFtZWZsZXggaW5jX3FyY29kZSI+PC9kaXY+PGRpdiBjbGFzcz0iaW5jX3VuaXRfcHJpY2UiPjwvZGl2PjxiciAvPjxiciAvPuODgeODo+ODvOODoOalveWkqeW4guWgtOW6l+OAgOODmuODg+ODiOeUqOWTgeODu+eUn+OBjeeJqeWwgumWgDxicj48YnI+PEJSPuODhuODiOODqeODhuOCueODiOOAgOOCouODs+ODouODi+OCouippuiWrO+8ru+8qO+8k++8j++8ru+8qO+8lO+8i++8iOa3oeawtOOAgea1t+awtOeUqO+8iTxCUj7jg4bjg4jjg6njg4bjgrnjg4jjgIDkupznoZ3phbjoqabolqzvvK7vvK/vvJLvvI3vvIjmt6HmsLTjg7vmtbfmsLTnlKjvvIk8QlI+5reh5rC055So44CA44K544O844OR44O844OQ44Kk44Kz44Og44CA77yS77yR77yw77yk44CA77yS77yV77yQ772N772M44CA44OQ44Kv44OG44Oq44Ki44CA54ax5biv6a2a44CA6Kaz6LOe6a2aPEJSPuODhuODiOODqeOAgOOCpOODvOOCuOODvOODkOODqeODs+OCueOAgO+8ku+8le+8kO+9je+9jOOAgOa3oeawtOeUqDxicj48YnI+IOKApiDjgqLjgq/jgqLnlKjlk4HjgIDoqr/mlbTliaTvvI/jg5Djgq/jg4bjg6rjgqLjgIDjg5Djgq/jg4bjg6rjgqLjgIDjg5DjgqTjgrPjg6DjgIDvvKLvvKnvvKPvvK/vvK3jgIDmt6HmsLTnlKjjgIDjgrnjg7zjg5Hjg7zjg5DjgqTjgrPjg6DjgIA3OOOAgO+8ku+8le+8kO+9je+9jOOAgOODkOOCpOOCs+ODoOODkOOCr+ODhuODquOCoua3oeawtOOAgGJpY29tX2l0ZW3jgIDlvZPml6Xkvr/jgIDjgJDjgYLjgZnmpb1f5Zyf5puc5Za25qWt44CR44CA44CQ44GC44GZ5qW9X+aXpeabnOWWtualreOAkeOAgOOAkOOBguOBmealvV/lubTkuK3nhKHkvJHjgJHjgIA0NTEwNjkxMDAxMDI344CAcmttczE0MTBfMTBfYmljbeOAgHNzMTBtZG1fYmNtYmFj44CAc3BzMTUxMl9wdTEwX2FfYmNtYXF1,5reh5rC055So44CA44K544O844OR44O844OQ44Kk44Kz44Og44CA77yX77yY44CA77yS77yV77yQ772N772M44CA44OQ44Kv44OG44Oq44Ki44CA54ax5biv6a2a44CA6Kaz6LOe6a2a44CA6Zai5p2x5b2T5pel5L6/77yaY2hhcm0g5qW95aSp5biC5aC05bqX,54ax5biv6a2a44K544Kk44Os44Oz54iq44Go44GO5rC06I2J44Kw44Oq44OL44O844K654yr56CC5aSn56Ov56CC44OJ44OD44Kw44OV44O844OJ44Kt44Oj44OD44OI44OV44O844OJ44Oa44OD44OI44K344O844OE5piG6Jmr44Km44K144Ku44Ot44Kk44Ok44Or44Kr44OK44OzR1JFRU5JRVPnnaHok67piaLoprPokYnmpI3nianjgrXjgqTjgqjjg7Pjgrnjg4DjgqTjgqjjg4Pjg4jph5HprZrjg6Hjg4Djgqvjg5Pjg7zjgrfjg6Xjg6rjg7Pjg5fmt6HmsLTnlKjjgIDjgrnjg7zjg5Hjg7zjg5DjgqTjgrPjg6DjgIDvvJfvvJjjgIDvvJLvvJXvvJDvvY3vvYzjgIDjg5Djgq/jg4bjg6rjgqLjgIDnhrHluK/prZrjgIDoprPos57prZrjgIDplqLmnbHlvZPml6Xkvr8=,5raI6LK75pyf6ZmQIDIwMTcvMTAvMzEg44CC5reh5rC055So44CA44K544O844OR44O844OQ44Kk44Kz44Og44CA77yX77yY44CA77yS77yV77yQ772N772M44CA44OQ44Kv44OG44Oq44Ki44CA54ax5biv6a2a44CA6Kaz6LOe6a2a44CA6Zai5p2x5b2T5pel5L6/[rn]
37-51591,aHR0cDovL3RzaG9wLnIxMHMuanAvY2hhbmV0L2NhYmluZXQvMTUzLzE0ODgxLTEuanBnP2ZpdGluPTcwMDo3MDA=,OTIxLjYwMDA=,,44Oa44OD44OI44O744Oa44OD44OI44Kw44OD44K6ID4g54ax5biv6a2a44O744Ki44Kv44Ki44Oq44Km44OgID4g5rC05qe944O744Ki44Kv44Ki44Oq44Km44OgID4g5rC06LOq566h55CG55So5ZOBID4g5rC06LOq6Kq/5pW05Ymk,5reh5rC055So44CA44K544O844OR44O844OQ44Kk44Kz44Og44CA77yX77yY44CA77yR77yR77yQ772N772M44CA44OQ44Kv44OG44Oq44Ki44CA54ax5biv6a2a44CA6Kaz6LOe6a2a44CA6Zai5p2x5b2T5pel5L6/,5raI6LK75pyf6ZmQIDIwMTcvMDgvMzE=,PEhSPjxCPuKWoOOBk+OBruWVhuWTgeOCkuOBiuiyt+OBhOS4iuOBkuOBruOBiuWuouanmOOBr+OAgeS4i+iomOWVhuWTgeOCguOBiuiyt+OBhOS4iuOBkuOBp+OBmeOAguKAu+OBk+OBruWVhuWTgeOBq+OBr+S7mOWxnuOBl+OBvuOBm+OCk+OAguKWoDwvQj48QlI+PEEgSFJFRj0iaHR0cDovL2l0ZW0ucmFrdXRlbi5jby5qcC9jaGFuZXQvMjAxNzM1LyI+77yx77yR77yQ44GK6LK344GE5b6X44K744OD44OI44CA55m95r+B6Zmk5Y6777yI77yL44Kr44Or44Kt5oqc44GN77yJ77yL44OQ44Kv44OG44Oq44Ki77yL44Of44ON44Op44Or44CA5reh5rC055So44CA77yV77yQ77yQ772N77ysw5flkITvvJHmnKw8L0E+PEJSPjxBIEhSRUY9Imh0dHA6Ly9pdGVtLnJha3V0ZW4uY28uanAvY2hhbmV0LzIwMTgzNC8iPu+8se+8ke+8kOOCueOCv+ODvOODiOOAgOa3oeawtOeUqOOAgO+8le+8kO+8kO+9je+8rOOAgOakjeeJqeeUseadpSDnmb3mv4HpmaTljrvvvIjjgqjjg5PjgavlhKrjgZfjgYTjgqvjg6vjgq3mipzjgY3vvIk8L0E+PEJSPjxBIEhSRUY9Imh0dHA6Ly9pdGVtLnJha3V0ZW4uY28uanAvY2hhbmV0LzIwMTg1Mi8iPu+8se+8ke+8kOOCueOCv+ODvOODiOOAgOa3oeawtOeUqOOAgO+8ku+8le+8kO+9je+8rOOAgOakjeeJqeeUseadpSDnmb3mv4HpmaTljrvvvIjjgqjjg5PjgavlhKrjgZfjgYTjgqvjg6vjgq3mipzjgY3vvIkg5rC05qe9IOeri+OBoeS4iuOBkiDliJ3mnJ8gIOino+a2iCDph5HprZog44K944Kk44OrPC9BPjxicj7jg6Hjg7zjgqvjg7zvvJrvvKLvvKnvvKPvvK/vvK08YnI+PGRpdiBjbGFzcz0iaWZyYW1lZmxleCBpbmNfcXJjb2RlIj48L2Rpdj48ZGl2IGNsYXNzPSJpbmNfdW5pdF9wcmljZSI+PC9kaXY+PGJyIC8+PGJyIC8+44OB44Oj44O844Og5qW95aSp5biC5aC05bqX44CA44Oa44OD44OI55So5ZOB44O755Sf44GN54mp5bCC6ZaAPGJyPjxicj48QlI+77yx77yR77yQ44GK6LK344GE5b6X44K744OD44OI44CA55m95r+B6Zmk5Y6777yI77yL44Kr44Or44Kt5oqc44GN77yJ77yL44OQ44Kv44OG44Oq44Ki77yL44Of44ON44Op44Or44CA5reh5rC055So44CA77yV77yQ77yQ772N77ysw5flkITvvJHmnKw8QlI+77yx77yR77yQ44K544K/44O844OI44CA5reh5rC055So44CA77yV77yQ77yQ772N77ys44CA5qSN54mp55Sx5p2lIOeZvea/gemZpOWOu++8iOOCqOODk+OBq+WEquOBl+OBhOOCq+ODq+OCreaKnOOBje+8iTxCUj7vvLHvvJHvvJDjgrnjgr/jg7zjg4jjgIDmt6HmsLTnlKjjgIDvvJLvvJXvvJDvvY3vvKzjgIDmpI3niannlLHmnaUg55m95r+B6Zmk5Y6777yI44Ko44OT44Gr5YSq44GX44GE44Kr44Or44Kt5oqc44GN77yJIOawtOanvSDnq4vjgaHkuIrjgZIg5Yid5pyfIOino+a2iCDph5HprZog44K944Kk44OrPGJyPjxicj4g4oCmIOOCouOCr+OCoueUqOWTgeOAgOiqv+aVtOWJpO+8j+ODkOOCr+ODhuODquOCouOAgOODkOOCr+ODhuODquOCouOAgOODkOOCpOOCs+ODoOOAgO+8ou+8qe+8o++8r++8reOAgOa3oeawtOeUqOOAgOOCueODvOODkeODvOODkOOCpOOCs+ODoOOAgDc444CA77yR77yR77yQ772N772M44CA44CQ44Kz44Kx5a++562W44CR5rC06LOq44KS5pS55ZaE44GZ44KL44CA44OQ44Kk44Kz44Og44OQ44Kv44OG44Oq44Ki5reh5rC044CAYmljb21faXRlbeOAgOW9k+aXpeS+v+OAgOOAkOOBguOBmealvV/lnJ/mm5zllrbmpa3jgJHjgIDjgJDjgYLjgZnmpb1f5pel5puc5Za25qWt44CR44CA44CQ44GC44GZ5qW9X+W5tOS4reeEoeS8keOAkeOAgDQ1MTA2OTEwMDEwMTDjgIBya21zMTQxMF8xMF9iaWNt44CAc3MxMG1kbV9iY21iYWPjgIBzcHMxNTEyX3B1MTBfYV9iY21hcXU=,5reh5rC055So44CA44K544O844OR44O844OQ44Kk44Kz44Og44CA77yX77yY44CA77yR77yR77yQ772N772M44CA44OQ44Kv44OG44Oq44Ki44CA54ax5biv6a2a44CA6Kaz6LOe6a2a44CA6Zai5p2x5b2T5pel5L6/77yaY2hhcm0g5qW95aSp5biC5aC05bqX,54ax5biv6a2a44K544Kk44Os44Oz54iq44Go44GO5rC06I2J44Kw44Oq44OL44O844K654yr56CC5aSn56Ov56CC44OJ44OD44Kw44OV44O844OJ44Kt44Oj44OD44OI44OV44O844OJ44Oa44OD44OI44K344O844OE5piG6Jmr44Km44K144Ku44Ot44Kk44Ok44Or44Kr44OK44OzR1JFRU5JRVPnnaHok67piaLoprPokYnmpI3nianjgrXjgqTjgqjjg7Pjgrnjg4DjgqTjgqjjg4Pjg4jph5HprZrjg6Hjg4Djgqvjg5Pjg7zjgrfjg6Xjg6rjg7Pjg5fmt6HmsLTnlKjjgIDjgrnjg7zjg5Hjg7zjg5DjgqTjgrPjg6DjgIDvvJfvvJjjgIDvvJHvvJHvvJDvvY3vvYzjgIDjg5Djgq/jg4bjg6rjgqLjgIDnhrHluK/prZrjgIDoprPos57prZrjgIDplqLmnbHlvZPml6Xkvr8=,5raI6LK75pyf6ZmQIDIwMTcvMDgvMzEg44CC5reh5rC055So44CA44K544O844OR44O844OQ44Kk44Kz44Og44CA77yX77yY44CA77yR77yR77yQ772N772M44CA44OQ44Kv44OG44Oq44Ki44CA54ax5biv6a2a44CA6Kaz6LOe6a2a44CA6Zai5p2x5b2T5pel5L6/[rn]
37-51592,aHR0cDovL3RzaG9wLnIxMHMuanAvY2hhbmV0L2NhYmluZXQvMTUzLzE0ODgzLTEuanBnP2ZpdGluPTcwMDo3MDA=,MjgyMi40MDAw,,44Oa44OD44OI44O744Oa44OD44OI44Kw44OD44K6ID4g54ax5biv6a2a44O744Ki44Kv44Ki44Oq44Km44OgID4g5rC05qe944O744Ki44Kv44Ki44Oq44Km44OgID4g5rC06LOq566h55CG55So5ZOBID4g5rC06LOq6Kq/5pW05Ymk,5reh5rC055So44CA44K544O844OR44O844OQ44Kk44Kz44Og44CA77yX77yY44CA77yV77yQ77yQ772N772M44CA44OQ44Kv44OG44Oq44Ki44CA54ax5biv6a2a44CA6Kaz6LOe6a2a44CA6Zai5p2x5b2T5pel5L6/,5raI6LK75pyf6ZmQIDIwMTcvMTAvMzE=,PEhSPjxCPuKWoOOBk+OBruWVhuWTgeOCkuOBiuiyt+OBhOS4iuOBkuOBruOBiuWuouanmOOBr+OAgeS4i+iomOWVhuWTgeOCguOBiuiyt+OBhOS4iuOBkuOBp+OBmeOAguKAu+OBk+OBruWVhuWTgeOBq+OBr+S7mOWxnuOBl+OBvuOBm+OCk+OAguKWoDwvQj48QlI+PEEgSFJFRj0iaHR0cDovL2l0ZW0ucmFrdXRlbi5jby5qcC9jaGFuZXQvMjAxNzM1LyI+77yx77yR77yQ44GK6LK344GE5b6X44K744OD44OI44CA55m95r+B6Zmk5Y6777yI77yL44Kr44Or44Kt5oqc44GN77yJ77yL44OQ44Kv44OG44Oq44Ki77yL44Of44ON44Op44Or44CA5reh5rC055So44CA77yV77yQ77yQ772N77ysw5flkITvvJHmnKw8L0E+PEJSPjxBIEhSRUY9Imh0dHA6Ly9pdGVtLnJha3V0ZW4uY28uanAvY2hhbmV0LzIwMTgzNC8iPu+8se+8ke+8kOOCueOCv+ODvOODiOOAgOa3oeawtOeUqOOAgO+8le+8kO+8kO+9je+8rOOAgOakjeeJqeeUseadpSDnmb3mv4HpmaTljrvvvIjjgqjjg5PjgavlhKrjgZfjgYTjgqvjg6vjgq3mipzjgY3vvIk8L0E+PEJSPjxBIEhSRUY9Imh0dHA6Ly9pdGVtLnJha3V0ZW4uY28uanAvY2hhbmV0LzIwMTg1Mi8iPu+8se+8ke+8kOOCueOCv+ODvOODiOOAgOa3oeawtOeUqOOAgO+8ku+8le+8kO+9je+8rOOAgOakjeeJqeeUseadpSDnmb3mv4HpmaTljrvvvIjjgqjjg5PjgavlhKrjgZfjgYTjgqvjg6vjgq3mipzjgY3vvIkg5rC05qe9IOeri+OBoeS4iuOBkiDliJ3mnJ8gIOino+a2iCDph5HprZog44K944Kk44OrPC9BPjxicj7jg6Hjg7zjgqvjg7zvvJrvvKLvvKnvvKPvvK/vvK08YnI+PGRpdiBjbGFzcz0iaWZyYW1lZmxleCBpbmNfcXJjb2RlIj48L2Rpdj48ZGl2IGNsYXNzPSJpbmNfdW5pdF9wcmljZSI+PC9kaXY+PGJyIC8+PGJyIC8+44OB44Oj44O844Og5qW95aSp5biC5aC05bqX44CA44Oa44OD44OI55So5ZOB44O755Sf44GN54mp5bCC6ZaAPGJyPjxicj48QlI+77yx77yR77yQ44GK6LK344GE5b6X44K744OD44OI44CA55m95r+B6Zmk5Y6777yI77yL44Kr44Or44Kt5oqc44GN77yJ77yL44OQ44Kv44OG44Oq44Ki77yL44Of44ON44Op44Or44CA5reh5rC055So44CA77yV77yQ77yQ772N77ysw5flkITvvJHmnKw8QlI+77yx77yR77yQ44K544K/44O844OI44CA5reh5rC055So44CA77yV77yQ77yQ772N77ys44CA5qSN54mp55Sx5p2lIOeZvea/gemZpOWOu++8iOOCqOODk+OBq+WEquOBl+OBhOOCq+ODq+OCreaKnOOBje+8iTxCUj7vvLHvvJHvvJDjgrnjgr/jg7zjg4jjgIDmt6HmsLTnlKjjgIDvvJLvvJXvvJDvvY3vvKzjgIDmpI3niannlLHmnaUg55m95r+B6Zmk5Y6777yI44Ko44OT44Gr5YSq44GX44GE44Kr44Or44Kt5oqc44GN77yJIOawtOanvSDnq4vjgaHkuIrjgZIg5Yid5pyfIOino+a2iCDph5HprZog44K944Kk44OrPGJyPjxicj4g4oCmIOOCouOCr+OCoueUqOWTgeOAgOiqv+aVtOWJpO+8j+ODkOOCr+ODhuODquOCouOAgOODkOOCr+ODhuODquOCouOAgOODkOOCpOOCs+ODoOOAgO+8ou+8qe+8o++8r++8reOAgOa3oeawtOeUqOOAgOOCueODvOODkeODvOODkOOCpOOCs+ODoOOAgDc444CA77yV77yQ77yQ772N772M44CA44OQ44Kk44Kz44Og44OQ44Kv44OG44Oq44Ki5reh5rC044CAYmljb21faXRlbeOAgOW9k+aXpeS+v+OAgOOAkOOBguOBmealvV/lnJ/mm5zllrbmpa3jgJHjgIDjgJDjgYLjgZnmpb1f5pel5puc5Za25qWt44CR44CA44CQ44GC44GZ5qW9X+W5tOS4reeEoeS8keOAkeOAgDQ1MTA2OTEwMDEwMzTjgIBya21zMTQxMF8xMF9iaWNt44CAc3MxMG1kbV9iY21iYWPjgIBzcHMxNTEyX3B1MTBfYV9iY21hcXU=,5reh5rC055So44CA44K544O844OR44O844OQ44Kk44Kz44Og44CA77yX77yY44CA77yV77yQ77yQ772N772M44CA44OQ44Kv44OG44Oq44Ki44CA54ax5biv6a2a44CA6Kaz6LOe6a2a44CA6Zai5p2x5b2T5pel5L6/77yaY2hhcm0g5qW95aSp5biC5aC05bqX,54ax5biv6a2a44K544Kk44Os44Oz54iq44Go44GO5rC06I2J44Kw44Oq44OL44O844K654yr56CC5aSn56Ov56CC44OJ44OD44Kw44OV44O844OJ44Kt44Oj44OD44OI44OV44O844OJ44Oa44OD44OI44K344O844OE5piG6Jmr44Km44K144Ku44Ot44Kk44Ok44Or44Kr44OK44OzR1JFRU5JRVPnnaHok67piaLoprPokYnmpI3nianjgrXjgqTjgqjjg7Pjgrnjg4DjgqTjgqjjg4Pjg4jph5HprZrjg6Hjg4Djgqvjg5Pjg7zjgrfjg6Xjg6rjg7Pjg5fmt6HmsLTnlKjjgIDjgrnjg7zjg5Hjg7zjg5DjgqTjgrPjg6DjgIDvvJfvvJjjgIDvvJXvvJDvvJDvvY3vvYzjgIDjg5Djgq/jg4bjg6rjgqLjgIDnhrHluK/prZrjgIDoprPos57prZrjgIDplqLmnbHlvZPml6Xkvr8=,5raI6LK75pyf6ZmQIDIwMTcvMTAvMzEg44CC5reh5rC055So44CA44K544O844OR44O844OQ44Kk44Kz44Og44CA77yX77yY44CA77yV77yQ77yQ772N772M44CA44OQ44Kv44OG44Oq44Ki44CA54ax5biv6a2a44CA6Kaz6LOe6a2a44CA6Zai5p2x5b2T5pel5L6/[rn]
37-51593,aHR0cDovL3RzaG9wLnIxMHMuanAvY2hhbmV0L2NhYmluZXQvMTUzLzE0ODg0LTEuanBnP2ZpdGluPTcwMDo3MDA=,NDYwOC4wMDAw,,44Oa44OD44OI44O744Oa44OD44OI44Kw44OD44K6ID4g54ax5biv6a2a44O744Ki44Kv44Ki44Oq44Km44OgID4g5rC05qe944O744Ki44Kv44Ki44Oq44Km44OgID4g5rC06LOq566h55CG55So5ZOBID4g5rC06LOq6Kq/5pW05Ymk,5reh5rC055So44CA44K544O844OR44O844OQ44Kk44Kz44Og44CA77yX77yY44CA77yR77yQ77yQ77yQ772N772M44CA44OQ44Kv44OG44Oq44Ki44CA54ax5biv6a2a44CA6Kaz6LOe6a2a44CA6Zai5p2x5b2T5pel5L6/,5raI6LK75pyf6ZmQIDIwMTcvMTAvMTU=,PEhSPjxCPuKWoOOBk+OBruWVhuWTgeOCkuOBiuiyt+OBhOS4iuOBkuOBruOBiuWuouanmOOBr+OAgeS4i+iomOWVhuWTgeOCguOBiuiyt+OBhOS4iuOBkuOBp+OBmeOAguKAu+OBk+OBruWVhuWTgeOBq+OBr+S7mOWxnuOBl+OBvuOBm+OCk+OAguKWoDwvQj48QlI+PEEgSFJFRj0iaHR0cDovL2l0ZW0ucmFrdXRlbi5jby5qcC9jaGFuZXQvMTIyMTgvIj7jg4bjg4jjg6njg4bjgrnjg4jjgIDjgqLjg7Pjg6Ljg4vjgqLoqabolqzvvK7vvKjvvJPvvI/vvK7vvKjvvJTvvIvvvIjmt6HmsLTjgIHmtbfmsLTnlKjvvIk8L0E+PEJSPjxBIEhSRUY9Imh0dHA6Ly9pdGVtLnJha3V0ZW4uY28uanAvY2hhbmV0LzEyMjE5LyI+44OG44OI44Op44OG44K544OI44CA5Lqc56Gd6YW46Kmm6Jas77yu77yv77yS77yN77yI5reh5rC044O75rW35rC055So77yJPC9BPjxCUj48QSBIUkVGPSJodHRwOi8vaXRlbS5yYWt1dGVuLmNvLmpwL2NoYW5ldC8xNDg4Ny8iPua3oeawtOeUqOOAgOOCueODvOODkeODvOODkOOCpOOCs+ODoOOAgO+8ku+8ke+8sO+8pOOAgO+8ku+8le+8kO+9je+9jOOAgOODkOOCr+ODhuODquOCouOAgOeGseW4r+mtmuOAgOims+iznumtmjwvQT48QlI+PEEgSFJFRj0iaHR0cDovL2l0ZW0ucmFrdXRlbi5jby5qcC9jaGFuZXQvMTUxMTUvIj7jg4bjg4jjg6njgIDjgqTjg7zjgrjjg7zjg5Djg6njg7PjgrnjgIDvvJLvvJXvvJDvvY3vvYzjgIDmt6HmsLTnlKg8L0E+PGJyPuODoeODvOOCq+ODvO+8mu+8ou+8qe+8o++8r++8rTxicj48VEFCTEUgY2xhc3M9ImNvbnRhaW5lcl9hcXVhIj48VFI+PFREPjxkaXYgY2xhc3M9ImNhdGNoX2FxdWEiPjxCPuOCouODs+ODouODi+OCouODu+S6nOehnemFuOOCkuWIhuino+OBl+OAgeeEoeavkuWMlu+8gTwvQj48L2Rpdj48QlI+5reh5rC055So44Gu5raI5YyW6I+M44Gn44GZ44CC44Ki44Oz44Oi44OL44Ki44O75Lqc56Gd6YW444Gu5YiG6Kej5Yq55p6c44GM5pyf5b6F44Gn44GN44G+44GZ44CCPGJyIC8+5raI5YyW6I+M44KS5rS75oCn5YyW44GV44Gb44KL44Of44ON44Op44Or5Ymk44KC5LuY5bGe44GX44Gm44GE44G+44GZ44CCPGJyPuacgOWkp+mZkOOBruWKueaenOOCkueZuuaPruOBmeOCi+OBn+OCgeOBq+OBr+OAgeOAjOOCueODvOODkeODvOODkOOCpOOCs+ODoO+8ku+8ke+8sO+8pOOAjeOBqOS9teeUqOOBl+OBpuOBhOOBn+OBoOOBj+OBqOOCiOOCiuWKueaenOeahOOBp+OBmeOAgjxCUj48YnI+PFRBQkxFIGNsYXNzPSJ0YWJsZV9zcGVjX2FxdWEiIGJvcmRlcj0iMSI+PFRSPjxUSCBjb2xzcGFuPSIyIiBjbGFzcz0idGl0bGUiPua3oeawtOeUqOOAgOOCueODvOODkeODvOODkOOCpOOCs+ODoOOAgO+8l++8mOOAgO+8ke+8kO+8kO+8kO+9je+9jOOAgOODkOOCr+ODhuODquOCouOAgOeGseW4r+mtmuOAgOims+iznumtmjwvVEg+PC9UUj48VFI+PFRIPumBqeW/nOawtOanvTwvVEg+PHRkPua3oeawtOawtOanvTwvVEQ+PC9UUj48VFI+PFRIPueJuemVtzwvVEg+PHRkPuKXj+a3oeawtOawtOanveeUqOOBrueUn+OBjeOBn+ODkOOCr+ODhuODquOCouOBp+OBmeOAguOCouODs+ODouODi+OCouODu+S6nOehnemFuOOCkuWIhuino+OBl+OAgeeEoeavkuWMluOBl+OBvuOBmeOAgjxCUj4g4peP44OQ44Kv44OG44Oq44Ki44KS5rS75oCn5YyW44GV44Gb44KL44Of44ON44Op44Or5Ymk44KC5LuY5bGe44GX44Gm44GE44G+44GZ44CCPEJSPiDil4/mlrDopo/msLTmp73jga7nq4vjgaHkuIrjgZLmmYLjga7mmYLjgIHmsLTos6rjgpLml6njgY/lronlrprjgZXjgZvjgb7jgZnjgILmsLTmj5vjgYjjga7lvozjgoTjgo3pgY7mp73jga7mjoPpmaTlvozjgafjga7kvb/nlKjjgoLmnInlirnjgafjgZnjgII8YnI+IOKXj+WnieWmueWTgeOBruOAjOOCueODvOODkeODvOODkOOCpOOCs+ODoO+8ku+8ke+8sO+8pOOAje+8iOWIpeWjsu+8ieOCkuS9teeUqOOBl+OBpuOBhOOBn+OBoOOBj+OBqOOAgeacrOWTgeOBq+OCiOOCiuWIhuino+OBleOCjOOBn+OCouODs+ODouODi+OCouODu+S6nOehnemFuOOBq+OCiOOCiuiThOepjeOBleOCjOOBn+ehnemFuOWhqeOBruiEseeqkuWKueaenOOBjOacn+W+heOBp+OBjeOCi++8iOWrjOawl+S4i+adoeS7tuOBruaZgu+8ieOBn+OCgeOAgeOCiOOCiuWKueaenOeahOOBp+OBmeOAgjwvVEQ+PC9UUj48VFI+PFRIPuWGheWuuemHjzwvVEg+PFREPu+8ke+8kO+8kO+8kO+9je+9jO+8iOS7mOWxnuWfuuizqu+8mu+8le+8kO+9je+9jMOX77yU5YCL77yJPC9URD48L1RSPjxUUj48VEg+44GU5L2/55So5pa55rOVPC9USD48dGQ+IOKXj+awtO+8ke+8kO+8rOOBq+WvvuOBl+OBpu+8ku+8kO+9je+9jOOBrua3u+WKoOOBjOimj+WumumHj+OBp+OBmeOAgueri+OBoeS4iuOBkuaZguOAgeOCjemBjuadkOOBruS6pOaPm+ODu+a0l+a1hOe2reaMgeOBq+OBr+imj+WumumHj+OCkua3u+WKoOOBl+OBpuOBj+OBoOOBleOBhOOAgjxicj4g44Gd44Gu5b6M6YCx44Gr77yR5bqm6KaP5a6a6YeP44Gu5Y2K5YiG44KS5re75Yqg44GX44Gm44GP44Gg44GV44GE44CCPEJSPjxCUj48VEFCTEUgYm9yZGVyPSIxIiBjbGFzcz0ibmVrb19mb29kIj48VEJPRFk+PFRSPjxURD7msLTmp73jgrXjgqTjgro8L1REPjxURD7msLTmp73lrrnph488L1REPjxURD7opo/lrprph488L1REPjxURD7pgLHjgavvvJHluqY8L1REPjwvVFI+PFRSPjxURD7vvJbvvJDvvYPvvY08L1REPjxURD7vvJXvvJXvvKw8L1REPjxURD7vvJHvvJHvvJDvvY3vvYw8L1REPjxURD7vvJXvvJXvvY3vvYw8L1REPjwvVFI+PFRSPjxURD7vvJfvvJXvvYPvvY08L1REPjxURD7vvJHvvJHvvJXvvKw8L1REPjxURD7vvJLvvJPvvJDvvY3vvYw8L1REPjxURD7vvJHvvJHvvJXvvY3vvYw8L1REPjwvVFI+PFRSPjxURD7vvJnvvJDvvYPvvY08L1REPjxURD7vvJHvvJXvvJXvvKw8L1REPjxURD7vvJPvvJHvvJDvvY3vvYw8L1REPjxURD7vvJHvvJXvvJXvvY3vvYw8L1REPjwvVFI+PFRSPjxURD7vvJHvvJLvvJDvvYPvvY08L1REPjxURD7vvJLvvJDvvJDvvKw8L1REPjxURD7vvJTvvJDvvJDvvY3vvYw8L1REPjxURD7vvJLvvJDvvJDvvY3vvYw8L1REPjwvVFI+PFRSPjxURD7vvJHvvJXvvJDvvYPvvY08L1REPjxURD7vvJTvvJfvvJXvvKw8L1REPjxURD7vvJnvvJXvvJDvvY3vvYw8L1REPjxURD7vvJTvvJfvvJXvvY3vvYw8L1REPjwvVFI+PFRSPjxURD7vvJHvvJjvvJDvvYPvvY08L1REPjxURD7vvJXvvJjvvJDvvKw8L1REPjxURD7vvJHvvJHvvJbvvJDvvY3vvYw8L1REPjxURD7vvJXvvJjvvJDvvY3vvYw8L1REPjwvVFI+PC9UQk9EWT48L1RBQkxFPjxCUj4g4peP5LuY5bGe44Gu5bCC55So5Z+66LOq77yI77yV772N772M44Oc44OI44Or77yJ44Gv5raI5YyW6I+M44KS5rS75oCn5YyW44GV44Gb44KL44Of44ON44Op44Or5Ymk44Gn44GZ44CC5pys5ZOB5L2/55So5pmC44Gr5rC077yV77yQ77ys44Gr5a++44GX44Gm77yR5pys44KS55uu5a6J44Gr5re75Yqg44GX44Gm44GP44Gg44GV44GE44CC5raI5YyW6I+M44Gg44GR44Gn44Gq44GP55Sf5L2T44Gu5rS75Yqb5aKX6YCy5Yq55p6c44KC6KaL6L6844KB44G+44GZ44CCPC9URD48L1RSPjxUUj48VEg+44GU5rOo5oSPPC9USD48VEQ+4oC75pys5ZOB44Gv5reh5rC055So44Gn44GZ44CC5rG95rC06a2a44Gq44Gp44Gu5aGp5YiG44Gu44GC44KL5rC05qe944Gr44Gv5rW35rC055So44KS44GU5L2/55So44GP44Gg44GV44GE44CCPGJyPiDigLvjg5zjg4jjg6vlhoXjga7msojmrr/nianjga/oj4zjgYzjg5Xjg63jg4Pjgq/nirbjgavjgarjgaPjgZ/jgoLjga7jgafjga/llY/poYzjga/jgYLjgorjgb7jgZvjgpPjgILjg5zjg4jjg6vjgpLoia/jgY/mjK/jgaPjgabjgYvjgonjgZTkvb/nlKjjgY/jgaDjgZXjgYTjgII8YnI+IOKAu+mjvOiCsuWwvuaVsOOAgee1pumkjOmHj+OAgeawtOizquOBq+OCiOOCiua3u+WKoOmHj+OBruiqv+aVtOOBjOW/heimgeOBqOOBquOCi+WgtOWQiOOBjOOBlOOBluOBhOOBvuOBmeOAgjxicj4g4oC75b+F44Ga44Kr44Or44Kt5oqc44GN44KS6KGM44Gj44Gm44GL44KJ44GU5L2/55So44GP44Gg44GV44GE44CCPGJyPiDigLvpo7Ljgb/nianjgafjga/jgYLjgorjgb7jgZvjgpPjgILoqqTjgaPjgabpo7Ljgb7jgarjgYTjgojjgYbjgZTms6jmhI/jgY/jgaDjgZXjgYTjgILjgb7jgZ/jgIHnm67jgoTlgrflj6PjgavlhaXjgonjgarjgYTjgojjgYbjgZTms6jmhI/jgY/jgaDjgZXjgYTjgII8YnI+IOKAu+S9v+eUqOW+jOOBr+W/heOBmuefs+m5uOOBp+aJi+OCkuiJr+OBj+a0l+OBo+OBpuOBj+OBoOOBleOBhOOAgjxicj4g4oC75pys5ZOB44Gv55Sf44GN54mp44Gn44GZ44Gu44Gn6ZaL5qCT5b6M44Gv5pyJ5Yq55pyf6ZmQ5YaF44Gr44GK5L2/44GE44GP44Gg44GV44GE44CCPGJyPiDigLvkv53nrqHjga7pmpvjga/jgIHjgq3jg6Pjg4Pjg5fjgpLplonjgoHjgIHlsI/lhZDjga7miYvjga7lsYrjgYvjgarjgYTlhrfmmpfmiYDjgavjgabjgYrpoZjjgYTjgZfjgb7jgZnjgII8YnI+IOKAu+acrOWTgeOBr+mRkeiznumtmueUqOOBp+OBmeOAguOBneOCjOS7peWkluOBruebrueahOOBp+OBr+S9v+eUqOOBl+OBquOBhOOBp+OBj+OBoOOBleOBhOOAgjwvVEQ+PC9UUj48L1RBQkxFPjwvVEQ+PC9UUj48L1RBQkxFPjxicj48YnI+PGRpdiBjbGFzcz0iaWZyYW1lZmxleCBpbmNfcXJjb2RlIj48L2Rpdj48ZGl2IGNsYXNzPSJpbmNfdW5pdF9wcmljZSI+PC9kaXY+PGJyIC8+PGJyIC8+44OB44Oj44O844Og5qW95aSp5biC5aC05bqX44CA44Oa44OD44OI55So5ZOB44O755Sf44GN54mp5bCC6ZaAPGJyPjxicj48QlI+44OG44OI44Op44OG44K544OI44CA44Ki44Oz44Oi44OL44Ki6Kmm6Jas77yu77yo77yT77yP77yu77yo77yU77yL77yI5reh5rC044CB5rW35rC055So77yJPEJSPuODhuODiOODqeODhuOCueODiOOAgOS6nOehnemFuOippuiWrO+8ru+8r++8ku+8je+8iOa3oeawtOODu+a1t+awtOeUqO+8iTxCUj7mt6HmsLTnlKjjgIDjgrnjg7zjg5Hjg7zjg5DjgqTjgrPjg6DjgIDvvJLvvJHvvLDvvKTjgIDvvJLvvJXvvJDvvY3vvYzjgIDjg5Djgq/jg4bjg6rjgqLjgIDnhrHluK/prZrjgIDoprPos57prZo8QlI+44OG44OI44Op44CA44Kk44O844K444O844OQ44Op44Oz44K544CA77yS77yV77yQ772N772M44CA5reh5rC055SoPGJyPjxicj4g4oCmIOOCouOCr+OCoueUqOWTgeOAgOiqv+aVtOWJpO+8j+ODkOOCr+ODhuODquOCouOAgOODkOOCr+ODhuODquOCouOAgOODkOOCpOOCs+ODoOOAgO+8ou+8qe+8o++8r++8reOAgOa3oeawtOeUqOOAgOOCueODvOODkeODvOODkOOCpOOCs+ODoOOAgDc444CA77yR77yQ77yQ77yQ772N772M44CA44OQ44Kk44Kz44Og44OQ44Kv44OG44Oq44Ki5reh5rC044CAYmljb21faXRlbeOAgOW9k+aXpeS+v+OAgHNmc2V044CAX2FxdWHjgIBrbXdyX2FxYV9iYWN0ZXJpYeOAgOOAkOOBguOBmealvV/lnJ/mm5zllrbmpa3jgJHjgIDjgJDjgYLjgZnmpb1f5pel5puc5Za25qWt44CR44CA44CQ44GC44GZ5qW9X+W5tOS4reeEoeS8keOAkeOAgDQ1MTA2OTEwMDEwNDHjgIBya21zMTQxMF8xMF9iaWNt44CAc3MxMG1kbV9iY21iYWPjgIBzcHMxNTEyX3B1MTBfYV9iY21hcXXjgIDjgIAwMjA5X2JpY29tMTBwXzAyMjk=,5reh5rC055So44CA44K544O844OR44O844OQ44Kk44Kz44Og44CA77yX77yY44CA77yR77yQ77yQ77yQ772N772M44CA44OQ44Kv44OG44Oq44Ki44CA54ax5biv6a2a44CA6Kaz6LOe6a2a44CA6Zai5p2x5b2T5pel5L6/77yaY2hhcm0g5qW95aSp5biC5aC05bqX,54ax5biv6a2a44K544Kk44Os44Oz54iq44Go44GO5rC06I2J44Kw44Oq44OL44O844K654yr56CC5aSn56Ov56CC44OJ44OD44Kw44OV44O844OJ44Kt44Oj44OD44OI44OV44O844OJ44Oa44OD44OI44K344O844OE5piG6Jmr44Km44K144Ku44Ot44Kk44Ok44Or44Kr44OK44OzR1JFRU5JRVPnnaHok67piaLoprPokYnmpI3nianjgrXjgqTjgqjjg7Pjgrnjg4DjgqTjgqjjg4Pjg4jph5HprZrjg6Hjg4Djgqvjg5Pjg7zjgrfjg6Xjg6rjg7Pjg5fmt6HmsLTnlKjjgIDjgrnjg7zjg5Hjg7zjg5DjgqTjgrPjg6DjgIDvvJfvvJjjgIDvvJHvvJDvvJDvvJDvvY3vvYzjgIDjg5Djgq/jg4bjg6rjgqLjgIDnhrHluK/prZrjgIDoprPos57prZrjgIDplqLmnbHlvZPml6Xkvr8=,5raI6LK75pyf6ZmQIDIwMTcvMTAvMTUg44CC5reh5rC055So44CA44K544O844OR44O844OQ44Kk44Kz44Og44CA77yX77yY44CA77yR77yQ77yQ77yQ772N772M44CA44OQ44Kv44OG44Oq44Ki44CA54ax5biv6a2a44CA6Kaz6LOe6a2a44CA6Zai5p2x5b2T5pel5L6/[rn]
37-51594,aHR0cDovL3RzaG9wLnIxMHMuanAvY2hhbmV0L2NhYmluZXQvMTcwMS8xNjk4MTItMS5qcGc/Zml0aW49NzAwOjcwMA==,NzIyNC4wMDAw,,44Oa44OD44OI44O744Oa44OD44OI44Kw44OD44K6ID4g54ax5biv6a2a44O744Ki44Kv44Ki44Oq44Km44OgID4g5rC05qe944O744Ki44Kv44Ki44Oq44Km44OgID4g5rC06LOq566h55CG55So5ZOBID4g5rC06LOq6Kq/5pW05Ymk,44OQ44Kk44Kq44OY44Or44K344O844CA77yV772L772H44CA5YWJ5ZCI5oiQ57Sw6I+M44CA77yw77yz77yi44CA5re75Yqg5Ymk44CA6Zai5p2x5b2T5pel5L6/,,PEhSPjxCPuKWoOOBk+OBruWVhuWTgeOCkuOBiuiyt+OBhOS4iuOBkuOBruOBiuWuouanmOOBr+OAgeS4i+iomOWVhuWTgeOCguOBiuiyt+OBhOS4iuOBkuOBp+OBmeOAguKAu+OBk+OBruWVhuWTgeOBq+OBr+S7mOWxnuOBl+OBvuOBm+OCk+OAguKWoDwvQj48QlI+PEEgSFJFRj0iaHR0cDovL2l0ZW0ucmFrdXRlbi5jby5qcC9jaGFuZXQvMTEyNjAzLyI+44OI44Ot6Iif77yR77yQ77yQPC9BPjxCUj48QSBIUkVGPSJodHRwOi8vaXRlbS5yYWt1dGVuLmNvLmpwL2NoYW5ldC8xNjE4NDYvIj7ml6Xnq4vjg4/jg7Pjg4fjgqPjg5Pjg6vjgrjjg53jg7Pjg5fjgIDvvKPvvKLvvI3vvLDvvJjvvJDvvLc8L0E+PEJSPjxBIEhSRUY9Imh0dHA6Ly9pdGVtLnJha3V0ZW4uY28uanAvY2hhbmV0LzE2MTkwNS8iPuewoeaYk+aiseWMheOAgOODl+ODqeeuse+8lu+8kOOAgOODluODqeODg+OCr+OAgO+8iO+8t++8mO+8ksOX77yk77yV77yRw5fvvKjvvJLvvJHvvYPvvY3jgIDntITvvJbvvJDvvKzvvIk8L0E+PEJSPjxBIEhSRUY9Imh0dHA6Ly9pdGVtLnJha3V0ZW4uY28uanAvY2hhbmV0LzE2OTgxNC8iPuOCv+OCq+ODqeOAgOmvieOBruOCiOOCjeOBk+OBs+OAgO+8ke+9i++9h+OAgOaxoOOAgOawtOanveOAgOawtOizqua1hOWMljwvQT48QlI+PEEgSFJFRj0iaHR0cDovL2l0ZW0ucmFrdXRlbi5jby5qcC9jaGFuZXQvNjQ5NDIvIj7jg6Hjg7zjgqvjg7znm7TpgIHjgIDjgrzjg7PjgrnjgqTjgIDjgqbjgqnjg7zjgr/jg7zjgq/jg6rjg7zjg4rjg7zjgIDlpKfmraPjgIDvvJPvvJBMPC9BPjxCUj48QSBIUkVGPSJodHRwOi8vaXRlbS5yYWt1dGVuLmNvLmpwL2NoYW5ldC83ODE5OC8iPuOCu+ODqeOAgOODleOCo+ODg+OCt+ODpeOCv+ODn+ODs+OAgO+8ke+8le+9je+9jDwvQT48YnI+PFRBQkxFIGNsYXNzPSJjb250YWluZXJfYXF1YSI+PFRSPjxURD48ZGl2IGNsYXNzPSJjYXRjaF9hcXVhIj48Qj7jgojjgb/jgYzjgYjjgovmsLTjg7vjgojjgb/jgYzjgYjjgovlgaXlurfvvIE8L0I+PC9kaXY+PEJSPu+8sO+8s++8ou+8iOWFieWQiOaIkOe0sOiPjO+8ieODu+ODouODs+ODouODquODreODiuOCpOODiOODu+a1t+iXu+ODu+mrmOa4qeeEvOaIkOOCu+ODqeODn+ODg+OCr+OCkumFjeWQiOOBl+OBn+a3u+WKoOWJpOOBp+OBmeOAgjxCUj7vvLDvvLPvvKLjga/msLTos6rmtYTljJbog73lipvjgpLjgoLjgaPjgabjgYrjgorjgIHoj4zkvZPjgavlkKvjgb7jgozjgovmnInlirnnianos6rjga/prZrkvZPjga7moITppIrliaTjg7vnsr7npZ7lronlrprliaTjgajjgZfjgablhoXolLXmqZ/og73jga7os6bmtLvmgKfljJbjgpLkv4PjgZfjgb7jgZnjgII8QlI+44G+44Gf44CB44Kr44Ot44OB44Oz6Imy57Sg44KS5ZCr5pyJ44GZ44KL44Gu44Gn6Imy5b2p44KS6a6u5piO44Gr44GX44CB6a2a5L2T44Gu6Imy6Im244Gu5L+d5oyB44O744OG44Oq44Gu5aKX6YCy44O76YeN6YeP5oSf44O75YWF5a6f5oSf44Gu44GC44KL55Sf6IKy44KS44GX44G+44GZ44CCPEJSPuODouODs+ODouODquODreODiuOCpOODiOODu+mrmOa4qeeEvOaIkOOCu+ODqeODn+ODg+OCr+OBjOmtmuOBq+OBqOOBo+OBpuacieWus+OBquOCouODs+ODouODi+OCouODu+ehq+WMluawtOe0oOOCkuWkp+mHj+OBq+WQuOedgOOBl+OAgeawtOizquOCkui7n+izquOBq+OBl+OBpu+9kO+8qOOCkuWuieWumuOBleOBm+OBvuOBmeOAgjxCUj48YnI+PFRBQkxFIGNsYXNzPSJ0YWJsZV9zcGVjX2FxdWEiIGJvcmRlcj0iMSI+PFRSPjxUSCBjb2xzcGFuPSIyIiBjbGFzcz0idGl0bGUiPuODkOOCpOOCquODmOODq+OCt+ODvOOAgO+8le+9i++9h+OAgOWFieWQiOaIkOe0sOiPjOOAgO+8sO+8s++8ouOAgOa3u+WKoOWJpDwvVEg+PC9UUj48VFI+PFRIPueUqOmAlDwvVEg+PFREPuaxoOODu+awtOanve+8iOa3oeawtO+8ieeUqOa3u+WKoOWJpDwvVEQ+PC9UUj48VFI+PFRIPueJuemVtzwvVEg+PFREPuKXj+awtOizqua1hOWMluS9nOeUqOOCkuaMgeOBpOWFieWQiOaIkOe0sOiPjO+8iO+8sO+8s++8ou+8ieOCkuS4u+OBq+ODouODs+ODouODquODreODiuOCpOODiOODu+a1t+iXu+ODu+mrmOa4qeeEvOaIkOOCu+ODqeODn+ODg+OCr+OCkumFjeWQiOOBl+OBn++8sO+8s++8oua3u+WKoOWJpOOBp+OBmeOAgjxCUj7il4/msLTos6rmtYTljJbjga7jgbvjgYvjgIHvvLDvvLPvvKLjgavlkKvjgb7jgozjgovmnInlirnnianos6rjgYzprZrkvZPjga7moITppIrliaTjg7vnsr7npZ7lronlrprliaTjgajjgZfjgablhoXolLXmqZ/og73jga7os6bmtLvmgKfljJbjgpLkv4PpgLLjgZfjgb7jgZnjgII8QlI+4peP44Kr44Ot44OB44Oz6Imy57Sg44GM6aO86IKy6a2a44Gu6Imy5b2p44KS6a6u5piO44Gr44GX44CB6a2a5L2T44Gu6Imy6Im244Gu5L+d5oyB44O744OG44Oq44Gu5aKX6YCy44O76YeN6YeP5oSf44O75YWF5a6f5oSf44Gu44GC44KL55Sf6IKy44KS44GX44G+44GZ44CCPEJSPuKXj+WMl+asp+eUo+a1t+iXu+OBr+ODn+ODjeODqeODq+ODu+ODk+OCv+ODn+ODs+ODu+OCouODn+ODjumFuOOCkuWkmuOBj+WQq+acieOBl+OBpuOBhOOBvuOBmeOAguOBvuOBn+OAgeOCouODq+OCruODs+mFuOOBjOacieWKueW+rueUn+eJqeOCkuWil+auluOBleOBm+OBvuOBmeOAgjxCUj7il4/jgrXjgqTjg4jjgqvjgqTjg4vjg7PnrYnjgaflhYnlkIjmiJDjgpLkv4PpgLLjgZXjgZvjgIHmpI3nianmgKfjg5fjg6njg7Pjgq/jg4jjg7PjgpLlopfmrpbjgZXjgZvjgb7jgZnjgII8QlI+4peP6auY5rip54S85oiQ44K744Op44Of44OD44Kv44Gv44Oi44Oz44Oi44Oq44OK44Kk44OI44KS5ZCr5pyJ44GX44CB6a2a44Gr44Go44Gj44Gm5pyJ5a6z44Gq44Ki44Oz44Oi44OL44Ki44O756Gr5YyW5rC057Sg44Gq44Gp44KS5ZC4552A44GX44CB44GL44Gk772Q77yo44KS6Kq/5pW044GX44G+44GZ44CCPEJSPuKXj+mVt+acn+S/neWtmOOBjOWPr+iDveOBp+OBmeOAgjxCUj48L1REPjwvVFI+PFRSPjxUSD7lhoXlrrnph488L1RIPjxURD7vvJXvvYvvvYc8L1REPjwvVFI+PFRSPjxUSD7kvb/nlKjmlrnms5U8L1RIPjxURD48VEFCTEUgYm9yZGVyPSIxIiBjbGFzcz0iZG9nX2Zvb2QiPjxUQk9EWT48VFI+PFREPuaxoOOBruWgtOWQiDwvVEQ+PFREPuawtOanve+8iOS9v+eUqOS+i++8lu+8kO+9g++9jeawtOanve+8ieOBruWgtOWQiDwvVEQ+PC9UUj48VFI+PFREPuawtOmHj++8ke+9lOOBq+OBpOOBjeOAgeWIneWbnuOCs+ODg+ODl++8ke+8j++8kuadrzxCUj7vvJLlm57nm67jgrPjg4Pjg5fvvJHvvI/vvJTmna88L1REPjxURD7pgLHvvJLlm548QlI+77yR5Zue44GU44Go44Gr5aSn44K144K477yR5p2vPC9URD48L1RSPjwvVEJPRFk+PC9UQUJMRT48QlI+4peP44Gd44Gu44G+44G+5rGg44Gu5YmN6Z2i44Gr5pWj5biD44GX44Gm5LiL44GV44GE44CCPEJSPuKXj+e1pumkjOacn+OBr+mkjOOBq+OBvuOBtuOBl+OBpuS4juOBiOOBpuS4i+OBleOBhOOAgjxCUj7il4/lupXmsLTmipzjgY3jga/lrprmnJ/nmoTjgavooYzjgaPjgabkuIvjgZXjgYTjgII8QlI+PC9URD48L1RSPjxUUj48VEg+44GU5rOo5oSPPC9USD48VEQ+4oC76ZW35pyf6ZaT44Gu5L+d5a2Y44GM5Y+v6IO944Gn44GZ44GM44CB55Sf54mp44Gn44GZ44Gu44Gn5rC05rCX44O76auY5rip44O755u05bCE5pel5YWJ44KS6YG/44GR5Ya35pqX5omA44Gr5L+d566h44GX44Gm5LiL44GV44GE44CCPC9URD48L1RSPjwvVEFCTEU+PC9URD48L1RSPjwvVEFCTEU+PGJyPjxicj48ZGl2IGNsYXNzPSJpbmNsdWRlX2NvbnRlbnRzIiBpZD0iYy1ocmVmX3Bha2VoZW4iPjxkaXYgY2xhc3M9ImlmcmFtZWZsZXggaW5jX2l0ZW1saXN0Ij4gPC9kaXY+PGgzPuODkeODg+OCseODvOOCuOetieOBruWkieabtOOBq+OBpOOBhOOBpjwvaDM+PHNwYW4gY2xhc3M9InJlZCI+5LqI5ZGK44Gq44GP44OR44OD44Kx44O844K444CB5LuV5qeY562J44Gu5aSJ5pu044GM44GC44KL5aC05ZCI44GM44GU44GW44GE44G+44GZ44CC5LqI44KB44GU5LqG5om/44GP44Gg44GV44GE44CCPC9zcGFuPjxiciAvPjwvZGl2Pjxicj48YnI+PGRpdiBjbGFzcz0iaWZyYW1lZmxleCBpbmNfcXJjb2RlIj48L2Rpdj48YnIgLz48YnIgLz7jg4Hjg6Pjg7zjg6Dmpb3lpKnluILloLTlupfjgIDjg5rjg4Pjg4jnlKjlk4Hjg7vnlJ/jgY3nianlsILploA8YnI+PGJyPjxCUj7jg4jjg63oiJ/vvJHvvJDvvJA8QlI+5pel56uL44OP44Oz44OH44Kj44OT44Or44K444Od44Oz44OX44CA77yj77yi77yN77yw77yY77yQ77y3PEJSPuewoeaYk+aiseWMheOAgOODl+ODqeeuse+8lu+8kOOAgOODluODqeODg+OCr+OAgO+8iO+8t++8mO+8ksOX77yk77yV77yRw5fvvKjvvJLvvJHvvYPvvY3jgIDntITvvJbvvJDvvKzvvIk8QlI+44K/44Kr44Op44CA6a+J44Gu44KI44KN44GT44Gz44CA77yR772L772H44CA5rGg44CA5rC05qe944CA5rC06LOq5rWE5YyWPEJSPuODoeODvOOCq+ODvOebtOmAgeOAgOOCvOODs+OCueOCpOOAgOOCpuOCqeODvOOCv+ODvOOCr+ODquODvOODiuODvOOAgOWkp+ato+OAgO+8k++8kEw8QlI+44K744Op44CA44OV44Kj44OD44K344Ol44K/44Of44Oz44CA77yR77yV772N772MPGJyPjxicj4g4oCmIOOCouOCr+OCoueUqOWTgeOAgOiqv+aVtOWJpO+8j+ODkOOCr+ODhuODquOCouOAgOODkOOCr+ODhuODquOCouOAgOODkOOCpOOCquODmOODq+OCt+ODvOOAgO+8ku+8ju+8le+9i++9h+OAgOWFieWQiOaIkOe0sOiPjOOAgO+8sO+8s++8ouOAgOa3u+WKoOWJpOOAgOawtOizqua1hOWMluaghOmkiue0sOiPjOOAgOawtOizqua1hOWMluOAgOOCouODs+ODouODi+OCouOAgOehq+WMluawtOe0oOOAgO+9kEjoqr/mlbTjgIDmsaDjgIDmsLTmp73jgIAyMDE0MDEyNeOAgE9LQuOAgOmvieOAgOmMpumvieOAgOOAkOOBguOBmealvV/lnJ/mm5zllrbmpa3jgJHjgIDjgJDjgYLjgZnmpb1f5pel5puc5Za25qWt44CR44CA44CQ44GC44GZ5qW9X+W5tOS4reeEoeS8keOAkQ==,44OQ44Kk44Kq44OY44Or44K344O844CA77yV772L772H44CA5YWJ5ZCI5oiQ57Sw6I+M44CA77yw77yz77yi44CA5re75Yqg5Ymk44CA6Zai5p2x5b2T5pel5L6/77yaY2hhcm0g5qW95aSp5biC5aC05bqX,54ax5biv6a2a44K544Kk44Os44Oz54iq44Go44GO5rC06I2J44Kw44Oq44OL44O844K654yr56CC5aSn56Ov56CC44OJ44OD44Kw44OV44O844OJ44Kt44Oj44OD44OI44OV44O844OJ44Oa44OD44OI44K344O844OE5piG6Jmr44Km44K144Ku44Ot44Kk44Ok44Or44Kr44OK44OzR1JFRU5JRVPnnaHok67piaLoprPokYnmpI3nianjgrXjgqTjgqjjg7Pjgrnjg4DjgqTjgqjjg4Pjg4jph5HprZrjg6Hjg4Djgqvjg5Pjg7zjgrfjg6Xjg6rjg7Pjg5fjg5DjgqTjgqrjg5jjg6vjgrfjg7zjgIDvvJXvvYvvvYfjgIDlhYnlkIjmiJDntLDoj4zjgIDvvLDvvLPvvKLjgIDmt7vliqDliaTjgIDplqLmnbHlvZPml6Xkvr8=,44OQ44Kk44Kq44OY44Or44K344O844CA77yV772L772H44CA5YWJ5ZCI5oiQ57Sw6I+M44CA77yw77yz77yi44CA5re75Yqg5Ymk44CA6Zai5p2x5b2T5pel5L6/[rn]
37-51595,aHR0cDovL3RzaG9wLnIxMHMuanAvY2hhbmV0L2NhYmluZXQvMTcwMS8xNjk4MTEtMS5qcGc/Zml0aW49NzAwOjcwMA==,Mzk4NC4wMDAw,,44Oa44OD44OI44O744Oa44OD44OI44Kw44OD44K6ID4g54ax5biv6a2a44O744Ki44Kv44Ki44Oq44Km44OgID4g5rC05qe944O744Ki44Kv44Ki44Oq44Km44OgID4g5rC06LOq566h55CG55So5ZOBID4g5rC06LOq6Kq/5pW05Ymk,44OQ44Kk44Kq44OY44Or44K344O844CA77yS77yO77yV772L772H44CA5YWJ5ZCI5oiQ57Sw6I+M44CA77yw77yz77yi44CA5re75Yqg5Ymk44CA6Zai5p2x5b2T5pel5L6/,,PEhSPjxCPuKWoOOBk+OBruWVhuWTgeOCkuOBiuiyt+OBhOS4iuOBkuOBruOBiuWuouanmOOBr+OAgeS4i+iomOWVhuWTgeOCguOBiuiyt+OBhOS4iuOBkuOBp+OBmeOAguKAu+OBk+OBruWVhuWTgeOBq+OBr+S7mOWxnuOBl+OBvuOBm+OCk+OAguKWoDwvQj48QlI+PEEgSFJFRj0iaHR0cDovL2l0ZW0ucmFrdXRlbi5jby5qcC9jaGFuZXQvMTEyNjAzLyI+44OI44Ot6Iif77yR77yQ77yQ44CA44GK5LiA5Lq65qeY77yR54K56ZmQ44KKPC9BPjxCUj48QSBIUkVGPSJodHRwOi8vaXRlbS5yYWt1dGVuLmNvLmpwL2NoYW5ldC8xNjE4NDYvIj7ml6Xnq4vjg4/jg7Pjg4fjgqPjg5Pjg6vjgrjjg53jg7Pjg5fjgIDvvKPvvKLvvI3vvLDvvJjvvJDvvLfjgIDmtYHph4/vvJTvvJDjg6rjg4Pjg4jjg6vvvI/liIY8L0E+PEJSPjxBIEhSRUY9Imh0dHA6Ly9pdGVtLnJha3V0ZW4uY28uanAvY2hhbmV0LzE2MTkwNS8iPuewoeaYk+aiseWMheOAgOODl+ODqeeuse+8lu+8kOOAgOODluODqeODg+OCr+OAgO+8iO+8t++8mO+8ksOX77yk77yV77yRw5fvvKjvvJLvvJHvvYPvvY3jgIDntITvvJbvvJDvvKzvvIk8L0E+PEJSPjxBIEhSRUY9Imh0dHA6Ly9pdGVtLnJha3V0ZW4uY28uanAvY2hhbmV0LzE2OTgxNC8iPuOCv+OCq+ODqeOAgOmvieOBruOCiOOCjeOBk+OBs+OAgO+8ke+9i++9h+OAgOaxoOOAgOawtOanveOAgOawtOizqua1hOWMljwvQT48QlI+PEEgSFJFRj0iaHR0cDovL2l0ZW0ucmFrdXRlbi5jby5qcC9jaGFuZXQvNjQ5NDIvIj7jg6Hjg7zjgqvjg7znm7TpgIHjgIDjgrzjg7PjgrnjgqTjgIDjgqbjgqnjg7zjgr/jg7zjgq/jg6rjg7zjg4rjg7zjgIDlpKfmraPjgIDvvJPvvJBMPC9BPjxCUj48QSBIUkVGPSJodHRwOi8vaXRlbS5yYWt1dGVuLmNvLmpwL2NoYW5ldC83ODE5OC8iPuOCu+ODqeOAgOODleOCo+ODg+OCt+ODpeOCv+ODn+ODs+OAgO+8ke+8le+9je+9jDwvQT48YnI+PFRBQkxFIGNsYXNzPSJjb250YWluZXJfYXF1YSI+PFRSPjxURD48ZGl2IGNsYXNzPSJjYXRjaF9hcXVhIj48Qj7jgojjgb/jgYzjgYjjgovmsLTjg7vjgojjgb/jgYzjgYjjgovlgaXlurfvvIE8L0I+PC9kaXY+PEJSPu+8sO+8s++8ou+8iOWFieWQiOaIkOe0sOiPjO+8ieODu+ODouODs+ODouODquODreODiuOCpOODiOODu+a1t+iXu+ODu+mrmOa4qeeEvOaIkOOCu+ODqeODn+ODg+OCr+OCkumFjeWQiOOBl+OBn+a3u+WKoOWJpOOBp+OBmeOAgjxCUj7vvLDvvLPvvKLjga/msLTos6rmtYTljJbog73lipvjgpLjgoLjgaPjgabjgYrjgorjgIHoj4zkvZPjgavlkKvjgb7jgozjgovmnInlirnnianos6rjga/prZrkvZPjga7moITppIrliaTjg7vnsr7npZ7lronlrprliaTjgajjgZfjgablhoXolLXmqZ/og73jga7os6bmtLvmgKfljJbjgpLkv4PjgZfjgb7jgZnjgII8QlI+44G+44Gf44CB44Kr44Ot44OB44Oz6Imy57Sg44KS5ZCr5pyJ44GZ44KL44Gu44Gn6Imy5b2p44KS6a6u5piO44Gr44GX44CB6a2a5L2T44Gu6Imy6Im244Gu5L+d5oyB44O744OG44Oq44Gu5aKX6YCy44O76YeN6YeP5oSf44O75YWF5a6f5oSf44Gu44GC44KL55Sf6IKy44KS44GX44G+44GZ44CCPEJSPuODouODs+ODouODquODreODiuOCpOODiOODu+mrmOa4qeeEvOaIkOOCu+ODqeODn+ODg+OCr+OBjOmtmuOBq+OBqOOBo+OBpuacieWus+OBquOCouODs+ODouODi+OCouODu+ehq+WMluawtOe0oOOCkuWkp+mHj+OBq+WQuOedgOOBl+OAgeawtOizquOCkui7n+izquOBq+OBl+OBpu+9kO+8qOOCkuWuieWumuOBleOBm+OBvuOBmeOAgjxCUj48YnI+PFRBQkxFIGNsYXNzPSJ0YWJsZV9zcGVjX2FxdWEiIGJvcmRlcj0iMSI+PFRSPjxUSCBjb2xzcGFuPSIyIiBjbGFzcz0idGl0bGUiPuODkOOCpOOCquODmOODq+OCt+ODvOOAgO+8ku+8ju+8le+9i++9h+OAgOWFieWQiOaIkOe0sOiPjOOAgO+8sO+8s++8ouOAgOa3u+WKoOWJpDwvVEg+PC9UUj48VFI+PFRIPueUqOmAlDwvVEg+PFREPuaxoOODu+awtOanve+8iOa3oeawtO+8ieeUqOa3u+WKoOWJpDwvVEQ+PC9UUj48VFI+PFRIPueJuemVtzwvVEg+PFREPuKXj+awtOizqua1hOWMluS9nOeUqOOCkuaMgeOBpOWFieWQiOaIkOe0sOiPjO+8iO+8sO+8s++8ou+8ieOCkuS4u+OBq+ODouODs+ODouODquODreODiuOCpOODiOODu+a1t+iXu+ODu+mrmOa4qeeEvOaIkOOCu+ODqeODn+ODg+OCr+OCkumFjeWQiOOBl+OBn++8sO+8s++8oua3u+WKoOWJpOOBp+OBmeOAgjxCUj7il4/msLTos6rmtYTljJbjga7jgbvjgYvjgIHvvLDvvLPvvKLjgavlkKvjgb7jgozjgovmnInlirnnianos6rjgYzprZrkvZPjga7moITppIrliaTjg7vnsr7npZ7lronlrprliaTjgajjgZfjgablhoXolLXmqZ/og73jga7os6bmtLvmgKfljJbjgpLkv4PpgLLjgZfjgb7jgZnjgII8QlI+4peP44Kr44Ot44OB44Oz6Imy57Sg44GM6aO86IKy6a2a44Gu6Imy5b2p44KS6a6u5piO44Gr44GX44CB6a2a5L2T44Gu6Imy6Im244Gu5L+d5oyB44O744OG44Oq44Gu5aKX6YCy44O76YeN6YeP5oSf44O75YWF5a6f5oSf44Gu44GC44KL55Sf6IKy44KS44GX44G+44GZ44CCPEJSPuKXj+WMl+asp+eUo+a1t+iXu+OBr+ODn+ODjeODqeODq+ODu+ODk+OCv+ODn+ODs+ODu+OCouODn+ODjumFuOOCkuWkmuOBj+WQq+acieOBl+OBpuOBhOOBvuOBmeOAguOBvuOBn+OAgeOCouODq+OCruODs+mFuOOBjOacieWKueW+rueUn+eJqeOCkuWil+auluOBleOBm+OBvuOBmeOAgjxCUj7il4/jgrXjgqTjg4jjgqvjgqTjg4vjg7PnrYnjgaflhYnlkIjmiJDjgpLkv4PpgLLjgZXjgZvjgIHmpI3nianmgKfjg5fjg6njg7Pjgq/jg4jjg7PjgpLlopfmrpbjgZXjgZvjgb7jgZnjgII8QlI+4peP6auY5rip54S85oiQ44K744Op44Of44OD44Kv44Gv44Oi44Oz44Oi44Oq44OK44Kk44OI44KS5ZCr5pyJ44GX44CB6a2a44Gr44Go44Gj44Gm5pyJ5a6z44Gq44Ki44Oz44Oi44OL44Ki44O756Gr5YyW5rC057Sg44Gq44Gp44KS5ZC4552A44GX44CB44GL44Gk772Q77yo44KS6Kq/5pW044GX44G+44GZ44CCPEJSPuKXj+mVt+acn+S/neWtmOOBjOWPr+iDveOBp+OBmeOAgjxCUj48L1REPjwvVFI+PFRSPjxUSD7lhoXlrrnph488L1RIPjxURD7vvJLvvI7vvJXvvYvvvYc8L1REPjwvVFI+PFRSPjxUSD7kvb/nlKjmlrnms5U8L1RIPjxURD48VEFCTEUgYm9yZGVyPSIxIiBjbGFzcz0iZG9nX2Zvb2QiPjxUQk9EWT48VFI+PFREPuaxoOOBruWgtOWQiDwvVEQ+PFREPuawtOanve+8iOS9v+eUqOS+i++8lu+8kO+9g++9jeawtOanve+8ieOBruWgtOWQiDwvVEQ+PC9UUj48VFI+PFREPuawtOmHj++8ke+9lOOBq+OBpOOBjeOAgeWIneWbnuOCs+ODg+ODl++8ke+8j++8kuadrzxCUj7vvJLlm57nm67jgrPjg4Pjg5fvvJHvvI/vvJTmna88L1REPjxURD7pgLHvvJLlm548QlI+77yR5Zue44GU44Go44Gr5aSn44K144K477yR5p2vPC9URD48L1RSPjwvVEJPRFk+PC9UQUJMRT48QlI+4peP44Gd44Gu44G+44G+5rGg44Gu5YmN6Z2i44Gr5pWj5biD44GX44Gm5LiL44GV44GE44CCPEJSPuKXj+e1pumkjOacn+OBr+mkjOOBq+OBvuOBtuOBl+OBpuS4juOBiOOBpuS4i+OBleOBhOOAgjxCUj7il4/lupXmsLTmipzjgY3jga/lrprmnJ/nmoTjgavooYzjgaPjgabkuIvjgZXjgYTjgII8QlI+PC9URD48L1RSPjxUUj48VEg+44GU5rOo5oSPPC9USD48VEQ+4oC76ZW35pyf6ZaT44Gu5L+d5a2Y44GM5Y+v6IO944Gn44GZ44GM44CB55Sf54mp44Gn44GZ44Gu44Gn5rC05rCX44O76auY5rip44O755u05bCE5pel5YWJ44KS6YG/44GR5Ya35pqX5omA44Gr5L+d566h44GX44Gm5LiL44GV44GE44CCPC9URD48L1RSPjwvVEFCTEU+PC9URD48L1RSPjwvVEFCTEU+PGJyPjxicj48ZGl2IGNsYXNzPSJpbmNsdWRlX2NvbnRlbnRzIiBpZD0iYy1ocmVmX3Bha2VoZW4iPjxkaXYgY2xhc3M9ImlmcmFtZWZsZXggaW5jX2l0ZW1saXN0Ij4gPC9kaXY+PGgzPuODkeODg+OCseODvOOCuOetieOBruWkieabtOOBq+OBpOOBhOOBpjwvaDM+PHNwYW4gY2xhc3M9InJlZCI+5LqI5ZGK44Gq44GP44OR44OD44Kx44O844K444CB5LuV5qeY77yI5Y6f5p2Q5paZ44CB55Sf55Sj5Zu944CB6Imy44CB5b2i54q244CB44K144Kk44K6562J77yJ44Gu5aSJ5pu044GM44GC44KL5aC05ZCI44GM44GU44GW44GE44G+44GZ44CC5LqI44KB44GU5LqG5om/44GP44Gg44GV44GE44CCPC9zcGFuPjxiciAvPjwvZGl2Pjxicj48YnI+PGRpdiBjbGFzcz0iaWZyYW1lZmxleCBpbmNfcXJjb2RlIj48L2Rpdj48ZGl2IGNsYXNzPSJpbmNfdW5pdF9wcmljZSI+PC9kaXY+PGJyIC8+PGJyIC8+44OB44Oj44O844Og5qW95aSp5biC5aC05bqX44CA44Oa44OD44OI55So5ZOB44O755Sf44GN54mp5bCC6ZaAPGJyPjxicj48QlI+44OI44Ot6Iif77yR77yQ77yQ44CA44GK5LiA5Lq65qeY77yR54K56ZmQ44KKPEJSPuaXpeeri+ODj+ODs+ODh+OCo+ODk+ODq+OCuOODneODs+ODl+OAgO+8o++8ou+8je+8sO+8mO+8kO+8t+OAgOa1gemHj++8lO+8kOODquODg+ODiOODq++8j+WIhjxCUj7nsKHmmJPmorHljIXjgIDjg5fjg6nnrrHvvJbvvJDjgIDjg5bjg6njg4Pjgq/jgIDvvIjvvLfvvJjvvJLDl++8pO+8le+8kcOX77yo77yS77yR772D772N44CA57SE77yW77yQ77ys77yJPEJSPuOCv+OCq+ODqeOAgOmvieOBruOCiOOCjeOBk+OBs+OAgO+8ke+9i++9h+OAgOaxoOOAgOawtOanveOAgOawtOizqua1hOWMljxCUj7jg6Hjg7zjgqvjg7znm7TpgIHjgIDjgrzjg7PjgrnjgqTjgIDjgqbjgqnjg7zjgr/jg7zjgq/jg6rjg7zjg4rjg7zjgIDlpKfmraPjgIDvvJPvvJBMPEJSPuOCu+ODqeOAgOODleOCo+ODg+OCt+ODpeOCv+ODn+ODs+OAgO+8ke+8le+9je+9jDxicj48YnI+IOKApiBzZnNldOOAgF9hcXVh44CA44Ki44Kv44Ki55So5ZOB44CA6Kq/5pW05Ymk77yP44OQ44Kv44OG44Oq44Ki44CA44OQ44Kv44OG44Oq44Ki44CA44OQ44Kk44Kq44OY44Or44K344O844CA77yS77yO77yV772L772H44CA5YWJ5ZCI5oiQ57Sw6I+M44CA77yw77yz77yi44CA5re75Yqg5Ymk44CA5rC06LOq5rWE5YyW5qCE6aSK57Sw6I+M44CA5rC06LOq5rWE5YyW44CA44Ki44Oz44Oi44OL44Ki44CA56Gr5YyW5rC057Sg44CA772QSOiqv+aVtOOAgOaxoOOAgOawtOanveOAgDIwMTQwMTI144CAT0tC44CA6a+J44CA6Yym6a+J44CA44CQ44GC44GZ5qW9X+Wcn+abnOWWtualreOAkeOAgOOAkOOBguOBmealvV/ml6Xmm5zllrbmpa3jgJHjgIDjgJDjgYLjgZnmpb1f5bm05Lit54Sh5LyR44CR,44OQ44Kk44Kq44OY44Or44K344O844CA77yS77yO77yV772L772H44CA5YWJ5ZCI5oiQ57Sw6I+M44CA77yw77yz77yi44CA5re75Yqg5Ymk44CA6Zai5p2x5b2T5pel5L6/77yaY2hhcm0g5qW95aSp5biC5aC05bqX,54ax5biv6a2a44K544Kk44Os44Oz54iq44Go44GO5rC06I2J44Kw44Oq44OL44O844K654yr56CC5aSn56Ov56CC44OJ44OD44Kw44OV44O844OJ44Kt44Oj44OD44OI44OV44O844OJ44Oa44OD44OI44K344O844OE5piG6Jmr44Km44K144Ku44Ot44Kk44Ok44Or44Kr44OK44OzR1JFRU5JRVPnnaHok67piaLoprPokYnmpI3nianjgrXjgqTjgqjjg7Pjgrnjg4DjgqTjgqjjg4Pjg4jph5HprZrjg6Hjg4Djgqvjg5Pjg7zjgrfjg6Xjg6rjg7Pjg5fjg5DjgqTjgqrjg5jjg6vjgrfjg7zjgIDvvJLvvI7vvJXvvYvvvYfjgIDlhYnlkIjmiJDntLDoj4zjgIDvvLDvvLPvvKLjgIDmt7vliqDliaTjgIDplqLmnbHlvZPml6Xkvr8=,44OQ44Kk44Kq44OY44Or44K344O844CA77yS77yO77yV772L772H44CA5YWJ5ZCI5oiQ57Sw6I+M44CA77yw77yz77yi44CA5re75Yqg5Ymk44CA6Zai5p2x5b2T5pel5L6/[rn]
37-51596,aHR0cDovL3RzaG9wLnIxMHMuanAvY2hhbmV0L2NhYmluZXQvMzAwOS8zMDA5ODYtMS5qcGc/Zml0aW49NzAwOjcwMA==,MTE5ODQuMDAwMA==,,44Oa44OD44OI44O744Oa44OD44OI44Kw44OD44K6ID4g54ax5biv6a2a44O744Ki44Kv44Ki44Oq44Km44OgID4g5rC05qe944O744Ki44Kv44Ki44Oq44Km44OgID4g5rC06LOq566h55CG55So5ZOBID4g5rC06LOq6Kq/5pW05Ymk,44Kq44Kt44K344OH44O844K/44O844CA77yh44K/44Kk44OX44CA6Zai5p2x5b2T5pel5L6/,,PEhSPjxCPuKWoOOBk+OBruWVhuWTgeOCkuOBiuiyt+OBhOS4iuOBkuOBruOBiuWuouanmOOBr+OAgeS4i+iomOWVhuWTgeOCguOBiuiyt+OBhOS4iuOBkuOBp+OBmeOAguKAu+OBk+OBruWVhuWTgeOBq+OBr+S7mOWxnuOBl+OBvuOBm+OCk+OAguKWoDwvQj48QlI+PEEgSFJFRj0iaHR0cDovL2l0ZW0ucmFrdXRlbi5jby5qcC9jaGFuZXQvMzAwOTg3LyI+44Kq44Kt44K344OH44O844K/44O844CA5bCC55So6KOc5YWF5ray44CA77yR77ysPC9BPjxicj48aW1nIHNyYz0iaHR0cDovL3d3dy5yYWt1dGVuLm5lLmpwL2dvbGQvY2hhbmV0L2ltYWdlL2ljb24vdGFuay9pY29uL2lpY29uX3RpdC5fc2VpdGFpLmdpZiI+PGJyPjxpbWcgc3JjPSJodHRwOi8vd3d3LnJha3V0ZW4ubmUuanAvZ29sZC9jaGFuZXQvaW1hZ2UvaWNvbi90YW5rL2ljb24vaWljb25fZm9vZF9raW5neW8uZ2lmIiB3aWR0aD0iODAiIGhlaWdodD0iODAiIGFsdD0i6YeR6a2aIj48YnI+PGJyPjxicj48YnI+PGRpdiBjbGFzcz0iY29udGFpbmVyX2FxdWEiPjxkaXYgY2xhc3M9ImNhdGNoX2FxdWEiPjxzdHJvbmc+5rS75oCn6YW457Sg44Gn5rC06LOq5rWE5YyW77yBPC9zdHJvbmc+PC9kaXY+PGJyIC8+PHRhYmxlIGNsYXNzPSJ0YWJsZV9zcGVjX2FxdWEiIGJvcmRlcj0iMSI+PHRyPjx0aCBjb2xzcGFuPSIyIiBjbGFzcz0idGl0bGUiPuOCquOCreOCt+ODh+ODvOOCv+ODvOOAgO+8oeOCv+OCpOODlzwvdGg+PC90cj48dHI+PHRoPuWvvuixoTwvdGg+PHRkPumBqeWQiOawtOmHj++8mu+8ke+8kO+8kO+9nu+8lO+8kO+8kO+8rDwvdGQ+PC90cj48dHI+PHRoPueJuemVtzwvdGg+PHRkPuKXj+WwgueUqOOBruijnOWFhea2suOCkuipsOOCgeOBpuawtOanveWGheOBq+e9ruOBj+OBoOOBkeOBp+OAgeawtOizqua1hOWMluWKueaenOOCkueZuuaPruOBmeOCi+eJueauiuawtOizqueuoeeQhuWZqOWFt+OBp+OBmeOAgjxiciAvPuKXj+awtOS4reOBq+eZuueUn+OBleOBm+OBn+a0u+aAp+mFuOe0oOOBjOawtOOBruWIhuWtkOOChOiFkOaVl+eJqeOCkuWIhuino+OAgea1hOWMluOBl+OBquOBjOOCiee0lOeyi+mFuOe0oOOBq+WkieOCj+OBo+OBpua/vumBjuODkOOCr+ODhuODquOCouOCkuWil+auluOBmeOCi+WMluWtpuWPjeW/nOOBqOeUn+eJqea/vumBjuOCkuW/nOeUqOOBl+OBn+ODieOCpOODhOOBquOCieOBp+OBr+OBruawtOizqueuoeeQhuWZqOWFt+OBp+OBmeOAgjxiciAvPuKXj+OCquOCreOCt+ODh+ODvOOCv+ODvOOBi+OCieawtOanveWGheOBq+S4gOWumuOBq+a5p+OBjeWHuuOBl+e2muOBkeOCi+a0u+aAp+mFuOe0oOOBr+OAgeOAjOa1rumBiumFuOe0oOOAjeOBqOOCguiogOOBhOOBvuOBmeOAguODleODqeODleODqeOBqOa0u+eZuuOBq+awtOS4reOCkua1rumBiuOBl+OAgeawtOOBruWIhuWtkOOCkuOBr+OBmOOCgeOBguOCieOChuOCi+iFkOaVl+eJqeOChOmbkeiPjOOBquOBqeOBqOihneeqgeOBl+OAgeOBk+OCjOOCkuegtOegleODu+e0sOWIhuWMluOBl+OBpueEoeWus+WMluOBl+OAgee0lOeyi+mFuOe0oOOBq+WkieWMluOBl+OBpuOBhOOBjeOBvuOBmeOAgjxiciAvPuKXj+awtOanveS4reOCkua1hOWMluOBl+OBn+a0u+aAp+mFuOe0oOOBr+OCs+ODs+OCueOCv+ODs+ODiOOBq+e0lOeyi+mFuOe0oOOBq+WkieOCj+OCiue2muOBkeOAgeawtOanveOBrumaheOAheOBvuOBp+OBhOOBjeOCj+OBn+OCiuOBvuOBmeOAguOBk+OBrumFuOe0oOOBjOODleOCo+ODq+OCv+ODvOWGheOBrua/vumBjuODkOOCr+ODhuODquOCouOBruWil+auluOCkuOCteODneODvOODiOOBl+OBvuOBmeOAgjxiciAvPuKXj+OCqOOCouODrOODvOOCt+ODp+ODs+OChOODouODvOOCv+ODvOOBruawtOa1geOBq+OCiOOCi+epuuawl+S4reOBi+OCieOBrumWk+aOpeeahOOBqumFuOe0oOOBrua3t+WFpeOBqOmBleOBhOOAgeebtOaOpeawtOS4reOBq+a6tuOBkei+vOOCgOmFuOe0oOOBr+WKueaenOOBjOmrmOOBhOS4iuOAgeawtOmdouOCkuWPqeOBi+OBquOBhOOBn+OCgeawtOiNieOBruiCsuaIkOawtOanveOBp+OBruS9v+eUqOOBq+OCguWKueaenOeahOOBp+OBmeOAgjxiciAvPuKXj+a0u+aAp+mFuOe0oOOBr+awtOOBruWIhuWtkOOCkuegtOegleODu+e0sOWIhuWMluOBl+OAgeawtOWIhuWtkOOBrumbhuWbo+OBp+OBguOCi+OAjOOCr+ODqeOCueOCv+ODvOOAjeOCkuWwj+OBleOBj+OBl+OBvuOBmeOAguOBk+OBruOCr+ODqeOCueOCv+ODvOOBjOe0sOWIhuWMluOBleOCjOOBn+awtOOBk+OBneOAgeaBkOOCi+OBueOBjemAj+aYjuW6puOCkuaMgeOBo+OBn+OBk+OBquOCjOOBn+awtOOBquOBruOBp+OBmeOAgjxiciAvPuKXj+OCs+OCseOBruWkp+WNiuOBr+iFkOaVl+eahOeqkue0oOWMluWQiOeJqeOCkuiCpeaWmeOBq+Wil+OBiOe2muOBkeOBvuOBmeOAgua0u+aAp+mFuOe0oOOBr+OBk+OCjOOCkuW+ueW6leeahOOBq+WIhuino+OBl+OAgeeCreawtOWMlueJqeOBqOS6jOmFuOWMlueCree0oOOBq+WIhuino+OBl+OBvuOBmeOAguOBk+OCjOOBr+awtOiNieOBq+alteOCgeOBpuacieWKueOBp+OBguOCi+OBsOOBi+OCiuOBi+OAgea/vumBjuODkOOCr+ODhuODquOCouOBrueZuueUn+eOh+OBruaCquOBhOOBqOOBk+OCjeOBq+Wil+auluOBmeOCi+iXjeiXu+OBquOBqeWkmuOBj+OBruOCs+OCseOCkuaKkeWItuOBl+OBvuOBmeOAgjxiciAvPuKXj+OCquOCreOCt+ODh+ODvOOCv+ODvOOBp+euoeeQhuOBleOCjOOBn+awtOanveOBr+OAgeOBjeOCgeOBrue0sOOBi+OBhOOBk+OBquOCjOOBn+awtOOBqOixiuWvjOOBqumFuOe0oOmHj+OBjOWMluWtpuWPjeW/nOOBq+OCiOOCiueiuuWun+OBq+aMgee2muOBmeOCi+OBruOBp+OAgeawtOizquOBruaApeWkieOBq+OCiOOCi+ODh+OCo+OCueOCq+OCueOBruOCqOODqeiFkOOCjOOChOOCouODreODr+ODiuOBruOCqOODqeOCgeOBj+OCjOetieOBruWvvuetluOBq+OBr+acgOmBqeOBp+OBmeOAgjxiciAvPuKXj+OCquOCreOCt+ODh+ODvOOCv+ODvOacgOWkp+OBrueJueiJsuOBr+OAgeODoeODs+ODhuOBruS4iuaJi+S4i+aJi+OAgeODnuODoeOBp+OBguOCi+eEoeOBl+OBq+OBi+OBi+OCj+OCieOBmuOAgea0u+aAp+mFuOe0oOOBjOawtOanveOCkua1hOWMluOBl+e2muOBkeOCi+eCueOBp+OBmeOAguW4uOOBq+OBguOBquOBn+OBruawtOanveOBruawtOizqua1hOWMluOCkuOCteODneODvOODiOOBl+OBvuOBmeOAgjxiciAvPjxiciAvPuOAkOOCquOCreOCt+ODh+ODvOOCv+ODvOOBruWOn+eQhuOBqOani+mAoOOAkTxiciAvPuKXj+aoueiEguOCrOODqeOCueOBruWuueWZqOOBruS4reOBp+OAgemBjumFuOWMluawtOe0oOawtOOBqOmrmOW6puOBquijveazleOBq+OCiOOCi+inpuWqkuOBqOOCkuWMluWtpuWPjeW/nOOBleOBm+OAgea0u+aAp+mFuOe0oOOCkueZuueUn+OBleOBm+OCi+WZqOWFt+OBp+OBmeOAgjxiciAvPuKXj+ODieOCpOODhOOBruawtOOBruaoqeWogeiAheOBp+OBguOCi+OAjO+8pO+9ku+8juOCvuODkuODhuOCo+ODs+OCsOOAjeOBjOmWi+eZuuOBl+OBvuOBl+OBn+OAgjxiciAvPuKXj+OBneOBruODoeOCq+ODi+OCuuODoOOBr+OAgeaoueiEguOCrOODqeOCueijveOBruiWrOa2suOCv+ODs+OCr+OBruS4reOBp+eZuueUn+OBl+OBn+mFuOe0oOOCrOOCueOBjOOAgeOBneOBruWcp+WKm+OBq+W/nOOBmOOBn+mHj+OBrumBjumFuOWMluawtOe0oOawtOOCkua0u+aAp+mFuOe0oOOBq+OBl+OBpuawtOS4reOBq+aUvuWHuuOBl+OBpuOAgeOCs+ODs+OCueOCv+ODs+ODiOOBq+WJjei/sOOBruWKueaenOOCkueZuuaPruOBl+OBquOBjOOCiee0lOeyi+mFuOe0oOOBq+WkieWMluOBl+OBpuOBhOOBjeOBvuOBmeOAgjxiciAvPuKXj+OBl+OBn+OBjOOBo+OBpuOAgeawtOmHj+OBq+W/nOOBmOOBn+iWrOa2sua/g+W6puOBruaMh+WumuiWrOa2suOCkueUqOOBhOOBpuOBhOOCi+mZkOOCiuOAgeawtOanveWPiuOBs+axoOWGheOBr+eQhuaDs+eahOOBquawtOizquOBjOS/neaMgeOBleOCjOe2muOBkeOBvuOBmeOAgjwvdGQ+PC90cj48dHI+PHRoPuaVsOmHjzwvdGg+PHRkPuacrOS9k+OAgO+8keWAizxiciAvPuKAu+ijnOWFhea2suOBr+S7mOWxnuOBhOOBn+OBl+OBvuOBm+OCk+OAguWIpemAlOOBiuaxguOCgeOBj+OBoOOBleOBhOOAgjwvdGQ+PC90cj48dHI+PHRoPuOCteOCpOOCuu+8iOe0hO+8iTwvdGg+PHRkPuebtOW+hO+8mcOX6auY44GV77yR77yS77yI44OV44K/6Kit572u5pmC77ya77yR77yW77yO77yV77yJ772D772NPC90ZD48L3RyPjx0cj48dGg+55Sf55Sj5Zu9PC90aD48dGQ+44OJ44Kk44OEPC90ZD48L3RyPjx0cj48dGg+44GU5rOo5oSPPC90aD48dGQ+4oC75pys5ZOB44Gv6Kaz6LOe6a2a55So5ZOB44Gn44GZ44CC55uu55qE5Lul5aSW44Gu55So6YCU44Gn44Gv5L2/55So44GX44Gq44GE44Gn44GP44Gg44GV44GE44CCPGJyIC8+4oC75rS75oCn6YW457Sg44Gv5rC05Lit44Gr5rq244GR6L6844G/44KE44GZ44GE44Gu44Gn44CB44Kq44K+44Oz44Go44Gu5L2155So44KE44CB5b+F6KaB5Lul5LiK44Gu6auY5r+D5bqm44Gn5pys5Zmo44KS5L2/55So44GZ44KL44Go44CB6YGO6YW457Sg44Gu5a6z44Gr44KI44KK6a2a44GM5q275Lqh44GZ44KL44GT44Go44GM44GC44KK44G+44GZ44CC5re75LuY44Gu5L2/55So6Kqs5piO5pu444Gr44GX44Gf44GM44Gj44Gm44GU5L2/55So44GP44Gg44GV44GE44CCPC90ZD48L3RyPiA8L3RhYmxlPjwvZGl2Pjxicj48YnI+PGRpdiBjbGFzcz0iaW5jbHVkZV9jb250ZW50cyIgaWQ9ImMtaHJlZl9wYWtlaGVuIj48ZGl2IGNsYXNzPSJpZnJhbWVmbGV4IGluY19pdGVtbGlzdCI+IDwvZGl2PjxoMz7jg5Hjg4PjgrHjg7zjgrjnrYnjga7lpInmm7TjgavjgaTjgYTjgaY8L2gzPjxzcGFuIGNsYXNzPSJyZWQiPuS6iOWRiuOBquOBj+ODkeODg+OCseODvOOCuOOAgeS7leanmO+8iOWOn+adkOaWmeOAgeeUn+eUo+WbveOAgeiJsuOAgeW9oueKtuOAgeOCteOCpOOCuuetie+8ieOBruWkieabtOOBjOOBguOCi+WgtOWQiOOBjOOBlOOBluOBhOOBvuOBmeOAguS6iOOCgeOBlOS6huaJv+OBj+OBoOOBleOBhOOAgjwvc3Bhbj48YnIgLz48L2Rpdj48YnI+PGJyPjxkaXYgY2xhc3M9ImlmcmFtZWZsZXggaW5jX3FyY29kZSI+PC9kaXY+PGJyIC8+PGJyIC8+44OB44Oj44O844Og5qW95aSp5biC5aC05bqX44CA44Oa44OD44OI55So5ZOB44O755Sf44GN54mp5bCC6ZaAPGJyPjxicj48QlI+44Kq44Kt44K344OH44O844K/44O844CA5bCC55So6KOc5YWF5ray44CA77yR77ysPGJyPjxicj4g4oCmIF9hcXVh44CAc2ZzZXTjgIDjgqrjgq3jgrfjg4fjg7zjgr/jg7zjgIDvvKHjgr/jgqTjg5fjgIDjgqLjgq/jgqLnlKjlk4HvvJLjgIDmsLTos6roqr/mlbTliaTjgIDmtLvmgKfphbjntKDjgIDjgqLjg7Pjg6Ljg4vjgqLjgIDkupznoZ3phbjjgIDpmaTljrvjgIDlr77nrZbjgIDnmb3mv4HjgorjgIDnmb3jgavjgZTjgorjgIDjgrPjgrHjgIDoi5TjgIDmipHliLbjgIDol43ol7vjgIDph5HprZrjgIDjg4fjgqPjgrnjgqvjgrnjgIDlj6Tku6PprZrjgIDjgqLjg63jg6/jg4rjgIAyMDE3MDIwNeOAgO+8q++8q+OAgOawtOWIhuWtkOOAgOOCr+ODqeOCueOCv+ODvOOAgOmFuOe0oOS+m+e1puOAgOOCqOOCouODrOODvOOCt+ODp+ODs+OAgOOCqOOCouODvOODrOODvOOCt+ODp+ODs+OAgO+8r++8uO+8pO+8oe+8tO+8r++8suOAgO+8pOOAgOODieOCpOODhOijveOAgDQwMTkwNTY4MjU1MDE=,44Kq44Kt44K344OH44O844K/44O844CA77yh44K/44Kk44OX44CA6Zai5p2x5b2T5pel5L6/77yaY2hhcm0g5qW95aSp5biC5aC05bqX,54ax5biv6a2a44K544Kk44Os44Oz54iq44Go44GO5rC06I2J44Kw44Oq44OL44O844K654yr56CC5aSn56Ov56CC44OJ44OD44Kw44OV44O844OJ44Kt44Oj44OD44OI44OV44O844OJ44Oa44OD44OI44K344O844OE5piG6Jmr44Km44K144Ku44Ot44Kk44Ok44Or44Kr44OK44OzR1JFRU5JRVPnnaHok67piaLoprPokYnmpI3nianjgrXjgqTjgqjjg7Pjgrnjg4DjgqTjgqjjg4Pjg4jph5HprZrjg6Hjg4Djgqvjg5Pjg7zjgrfjg6Xjg6rjg7Pjg5fjgqrjgq3jgrfjg4fjg7zjgr/jg7zjgIDvvKHjgr/jgqTjg5fjgIDplqLmnbHlvZPml6Xkvr8=,44Kq44Kt44K344OH44O844K/44O844CA77yh44K/44Kk44OX44CA6Zai5p2x5b2T5pel5L6/[rn]
37-51597,aHR0cDovL3RzaG9wLnIxMHMuanAvY2hhbmV0L2NhYmluZXQvMzAwOS8zMDA5ODUtMS5qcGc/Zml0aW49NzAwOjcwMA==,NzE4NC4wMDAw,,44Oa44OD44OI44O744Oa44OD44OI44Kw44OD44K6ID4g54ax5biv6a2a44O744Ki44Kv44Ki44Oq44Km44OgID4g5rC05qe944O744Ki44Kv44Ki44Oq44Km44OgID4g5rC06LOq566h55CG55So5ZOBID4g5rC06LOq6Kq/5pW05Ymk,44Kq44Kt44K344OH44O844K/44O844CA77yk44K/44Kk44OX44CA6Zai5p2x5b2T5pel5L6/,,PEhSPjxCPuKWoOOBk+OBruWVhuWTgeOCkuOBiuiyt+OBhOS4iuOBkuOBruOBiuWuouanmOOBr+OAgeS4i+iomOWVhuWTgeOCguOBiuiyt+OBhOS4iuOBkuOBp+OBmeOAguKAu+OBk+OBruWVhuWTgeOBq+OBr+S7mOWxnuOBl+OBvuOBm+OCk+OAguKWoDwvQj48QlI+PEEgSFJFRj0iaHR0cDovL2l0ZW0ucmFrdXRlbi5jby5qcC9jaGFuZXQvMzAwOTg3LyI+44Kq44Kt44K344OH44O844K/44O844CA5bCC55So6KOc5YWF5ray44CA77yR77ysPC9BPjxicj48aW1nIHNyYz0iaHR0cDovL3d3dy5yYWt1dGVuLm5lLmpwL2dvbGQvY2hhbmV0L2ltYWdlL2ljb24vdGFuay9pY29uL2lpY29uX3RpdC5fc2VpdGFpLmdpZiI+PGJyPjxpbWcgc3JjPSJodHRwOi8vd3d3LnJha3V0ZW4ubmUuanAvZ29sZC9jaGFuZXQvaW1hZ2UvaWNvbi90YW5rL2ljb24vaWljb25fZm9vZF9raW5neW8uZ2lmIiB3aWR0aD0iODAiIGhlaWdodD0iODAiIGFsdD0i6YeR6a2aIj48YnI+PGJyPjxicj48YnI+PGRpdiBjbGFzcz0iY29udGFpbmVyX2FxdWEiPjxkaXYgY2xhc3M9ImNhdGNoX2FxdWEiPjxzdHJvbmc+5rS75oCn6YW457Sg44Gn5rC06LOq5rWE5YyW77yBPC9zdHJvbmc+PC9kaXY+PGJyIC8+PHRhYmxlIGNsYXNzPSJ0YWJsZV9zcGVjX2FxdWEiIGJvcmRlcj0iMSI+PHRyPjx0aCBjb2xzcGFuPSIyIiBjbGFzcz0idGl0bGUiPuOCquOCreOCt+ODh+ODvOOCv+ODvOOAgO+8pOOCv+OCpOODlzwvdGg+PC90cj48dHI+PHRoPuWvvuixoTwvdGg+PHRkPumBqeWQiOawtOmHj++8mu+8le+8kO+9nu+8ke+8kO+8kO+8rDwvdGQ+PC90cj48dHI+PHRoPueJuemVtzwvdGg+PHRkPuKXj+WwgueUqOOBruijnOWFhea2suOCkuipsOOCgeOBpuawtOanveWGheOBq+e9ruOBj+OBoOOBkeOBp+OAgeawtOizqua1hOWMluWKueaenOOCkueZuuaPruOBmeOCi+eJueauiuawtOizqueuoeeQhuWZqOWFt+OBp+OBmeOAgjxiciAvPuKXj+awtOS4reOBq+eZuueUn+OBleOBm+OBn+a0u+aAp+mFuOe0oOOBjOawtOOBruWIhuWtkOOChOiFkOaVl+eJqeOCkuWIhuino+OAgea1hOWMluOBl+OBquOBjOOCiee0lOeyi+mFuOe0oOOBq+WkieOCj+OBo+OBpua/vumBjuODkOOCr+ODhuODquOCouOCkuWil+auluOBmeOCi+WMluWtpuWPjeW/nOOBqOeUn+eJqea/vumBjuOCkuW/nOeUqOOBl+OBn+ODieOCpOODhOOBquOCieOBp+OBr+OBruawtOizqueuoeeQhuWZqOWFt+OBp+OBmeOAgjxiciAvPuKXj+OCquOCreOCt+ODh+ODvOOCv+ODvOOBi+OCieawtOanveWGheOBq+S4gOWumuOBq+a5p+OBjeWHuuOBl+e2muOBkeOCi+a0u+aAp+mFuOe0oOOBr+OAgeOAjOa1rumBiumFuOe0oOOAjeOBqOOCguiogOOBhOOBvuOBmeOAguODleODqeODleODqeOBqOa0u+eZuuOBq+awtOS4reOCkua1rumBiuOBl+OAgeawtOOBruWIhuWtkOOCkuOBr+OBmOOCgeOBguOCieOChuOCi+iFkOaVl+eJqeOChOmbkeiPjOOBquOBqeOBqOihneeqgeOBl+OAgeOBk+OCjOOCkuegtOegleODu+e0sOWIhuWMluOBl+OBpueEoeWus+WMluOBl+OAgee0lOeyi+mFuOe0oOOBq+WkieWMluOBl+OBpuOBhOOBjeOBvuOBmeOAgjxiciAvPuKXj+awtOanveS4reOCkua1hOWMluOBl+OBn+a0u+aAp+mFuOe0oOOBr+OCs+ODs+OCueOCv+ODs+ODiOOBq+e0lOeyi+mFuOe0oOOBq+WkieOCj+OCiue2muOBkeOAgeawtOanveOBrumaheOAheOBvuOBp+OBhOOBjeOCj+OBn+OCiuOBvuOBmeOAguOBk+OBrumFuOe0oOOBjOODleOCo+ODq+OCv+ODvOWGheOBrua/vumBjuODkOOCr+ODhuODquOCouOBruWil+auluOCkuOCteODneODvOODiOOBl+OBvuOBmeOAgjxiciAvPuKXj+OCqOOCouODrOODvOOCt+ODp+ODs+OChOODouODvOOCv+ODvOOBruawtOa1geOBq+OCiOOCi+epuuawl+S4reOBi+OCieOBrumWk+aOpeeahOOBqumFuOe0oOOBrua3t+WFpeOBqOmBleOBhOOAgeebtOaOpeawtOS4reOBq+a6tuOBkei+vOOCgOmFuOe0oOOBr+WKueaenOOBjOmrmOOBhOS4iuOAgeawtOmdouOCkuWPqeOBi+OBquOBhOOBn+OCgeawtOiNieOBruiCsuaIkOawtOanveOBp+OBruS9v+eUqOOBq+OCguWKueaenOeahOOBp+OBmeOAgjxiciAvPuKXj+a0u+aAp+mFuOe0oOOBr+awtOOBruWIhuWtkOOCkuegtOegleODu+e0sOWIhuWMluOBl+OAgeawtOWIhuWtkOOBrumbhuWbo+OBp+OBguOCi+OAjOOCr+ODqeOCueOCv+ODvOOAjeOCkuWwj+OBleOBj+OBl+OBvuOBmeOAguOBk+OBruOCr+ODqeOCueOCv+ODvOOBjOe0sOWIhuWMluOBleOCjOOBn+awtOOBk+OBneOAgeaBkOOCi+OBueOBjemAj+aYjuW6puOCkuaMgeOBo+OBn+OBk+OBquOCjOOBn+awtOOBquOBruOBp+OBmeOAgjxiciAvPuKXj+OCs+OCseOBruWkp+WNiuOBr+iFkOaVl+eahOeqkue0oOWMluWQiOeJqeOCkuiCpeaWmeOBq+Wil+OBiOe2muOBkeOBvuOBmeOAgua0u+aAp+mFuOe0oOOBr+OBk+OCjOOCkuW+ueW6leeahOOBq+WIhuino+OBl+OAgeeCreawtOWMlueJqeOBqOS6jOmFuOWMlueCree0oOOBq+WIhuino+OBl+OBvuOBmeOAguOBk+OCjOOBr+awtOiNieOBq+alteOCgeOBpuacieWKueOBp+OBguOCi+OBsOOBi+OCiuOBi+OAgea/vumBjuODkOOCr+ODhuODquOCouOBrueZuueUn+eOh+OBruaCquOBhOOBqOOBk+OCjeOBq+Wil+auluOBmeOCi+iXjeiXu+OBquOBqeWkmuOBj+OBruOCs+OCseOCkuaKkeWItuOBl+OBvuOBmeOAgjxiciAvPuKXj+OCquOCreOCt+ODh+ODvOOCv+ODvOOBp+euoeeQhuOBleOCjOOBn+awtOanveOBr+OAgeOBjeOCgeOBrue0sOOBi+OBhOOBk+OBquOCjOOBn+awtOOBqOixiuWvjOOBqumFuOe0oOmHj+OBjOWMluWtpuWPjeW/nOOBq+OCiOOCiueiuuWun+OBq+aMgee2muOBmeOCi+OBruOBp+OAgeawtOizquOBruaApeWkieOBq+OCiOOCi+ODh+OCo+OCueOCq+OCueOBruOCqOODqeiFkOOCjOOChOOCouODreODr+ODiuOBruOCqOODqeOCgeOBj+OCjOetieOBruWvvuetluOBq+OBr+acgOmBqeOBp+OBmeOAgjxiciAvPuKXj+OCquOCreOCt+ODh+ODvOOCv+ODvOacgOWkp+OBrueJueiJsuOBr+OAgeODoeODs+ODhuOBruS4iuaJi+S4i+aJi+OAgeODnuODoeOBp+OBguOCi+eEoeOBl+OBq+OBi+OBi+OCj+OCieOBmuOAgea0u+aAp+mFuOe0oOOBjOawtOanveOCkua1hOWMluOBl+e2muOBkeOCi+eCueOBp+OBmeOAguW4uOOBq+OBguOBquOBn+OBruawtOanveOBruawtOizqua1hOWMluOCkuOCteODneODvOODiOOBl+OBvuOBmeOAgjxiciAvPjxiciAvPuOAkOOCquOCreOCt+ODh+ODvOOCv+ODvOOBruWOn+eQhuOBqOani+mAoOOAkTxiciAvPuKXj+aoueiEguOCrOODqeOCueOBruWuueWZqOOBruS4reOBp+OAgemBjumFuOWMluawtOe0oOawtOOBqOmrmOW6puOBquijveazleOBq+OCiOOCi+inpuWqkuOBqOOCkuWMluWtpuWPjeW/nOOBleOBm+OAgea0u+aAp+mFuOe0oOOCkueZuueUn+OBleOBm+OCi+WZqOWFt+OBp+OBmeOAgjxiciAvPuKXj+ODieOCpOODhOOBruawtOOBruaoqeWogeiAheOBp+OBguOCi+OAjO+8pO+9ku+8juOCvuODkuODhuOCo+ODs+OCsOOAjeOBjOmWi+eZuuOBl+OBvuOBl+OBn+OAgjxiciAvPuKXj+OBneOBruODoeOCq+ODi+OCuuODoOOBr+OAgeaoueiEguOCrOODqeOCueijveOBruiWrOa2suOCv+ODs+OCr+OBruS4reOBp+eZuueUn+OBl+OBn+mFuOe0oOOCrOOCueOBjOOAgeOBneOBruWcp+WKm+OBq+W/nOOBmOOBn+mHj+OBrumBjumFuOWMluawtOe0oOawtOOCkua0u+aAp+mFuOe0oOOBq+OBl+OBpuawtOS4reOBq+aUvuWHuuOBl+OBpuOAgeOCs+ODs+OCueOCv+ODs+ODiOOBq+WJjei/sOOBruWKueaenOOCkueZuuaPruOBl+OBquOBjOOCiee0lOeyi+mFuOe0oOOBq+WkieWMluOBl+OBpuOBhOOBjeOBvuOBmeOAgjxiciAvPuKXj+OBl+OBn+OBjOOBo+OBpuOAgeawtOmHj+OBq+W/nOOBmOOBn+iWrOa2sua/g+W6puOBruaMh+WumuiWrOa2suOCkueUqOOBhOOBpuOBhOOCi+mZkOOCiuOAgeawtOanveWPiuOBs+axoOWGheOBr+eQhuaDs+eahOOBquawtOizquOBjOS/neaMgeOBleOCjOe2muOBkeOBvuOBmeOAgjwvdGQ+PC90cj48dHI+PHRoPuaVsOmHjzwvdGg+PHRkPuacrOS9k+OAgO+8keWAizxiciAvPuKAu+ijnOWFhea2suOBr+S7mOWxnuOBhOOBn+OBl+OBvuOBm+OCk+OAguWIpemAlOOBiuaxguOCgeOBj+OBoOOBleOBhOOAgjwvdGQ+PC90cj48dHI+PHRoPuOCteOCpOOCuu+8iOe0hO+8iTwvdGg+PHRkPuebtOW+hO+8mO+8ju+8lcOX6auY44GV77yY77yO77yS772D772NPC90ZD48L3RyPjx0cj48dGg+55Sf55Sj5Zu9PC90aD48dGQ+44OJ44Kk44OEPC90ZD48L3RyPjx0cj48dGg+44GU5rOo5oSPPC90aD48dGQ+4oC75pys5ZOB44Gv6Kaz6LOe6a2a55So5ZOB44Gn44GZ44CC55uu55qE5Lul5aSW44Gu55So6YCU44Gn44Gv5L2/55So44GX44Gq44GE44Gn44GP44Gg44GV44GE44CCPGJyIC8+4oC75rS75oCn6YW457Sg44Gv5rC05Lit44Gr5rq244GR6L6844G/44KE44GZ44GE44Gu44Gn44CB44Kq44K+44Oz44Go44Gu5L2155So44KE44CB5b+F6KaB5Lul5LiK44Gu6auY5r+D5bqm44Gn5pys5Zmo44KS5L2/55So44GZ44KL44Go44CB6YGO6YW457Sg44Gu5a6z44Gr44KI44KK6a2a44GM5q275Lqh44GZ44KL44GT44Go44GM44GC44KK44G+44GZ44CC5re75LuY44Gu5L2/55So6Kqs5piO5pu444Gr44GX44Gf44GM44Gj44Gm44GU5L2/55So44GP44Gg44GV44GE44CCPC90ZD48L3RyPiA8L3RhYmxlPjwvZGl2Pjxicj48YnI+PGRpdiBjbGFzcz0iaW5jbHVkZV9jb250ZW50cyIgaWQ9ImMtaHJlZl9wYWtlaGVuIj48ZGl2IGNsYXNzPSJpZnJhbWVmbGV4IGluY19pdGVtbGlzdCI+IDwvZGl2PjxoMz7jg5Hjg4PjgrHjg7zjgrjnrYnjga7lpInmm7TjgavjgaTjgYTjgaY8L2gzPjxzcGFuIGNsYXNzPSJyZWQiPuS6iOWRiuOBquOBj+ODkeODg+OCseODvOOCuOOAgeS7leanmO+8iOWOn+adkOaWmeOAgeeUn+eUo+WbveOAgeiJsuOAgeW9oueKtuOAgeOCteOCpOOCuuetie+8ieOBruWkieabtOOBjOOBguOCi+WgtOWQiOOBjOOBlOOBluOBhOOBvuOBmeOAguS6iOOCgeOBlOS6huaJv+OBj+OBoOOBleOBhOOAgjwvc3Bhbj48YnIgLz48L2Rpdj48YnI+PGJyPjxkaXYgY2xhc3M9ImlmcmFtZWZsZXggaW5jX3FyY29kZSI+PC9kaXY+PGJyIC8+PGJyIC8+44OB44Oj44O844Og5qW95aSp5biC5aC05bqX44CA44Oa44OD44OI55So5ZOB44O755Sf44GN54mp5bCC6ZaAPGJyPjxicj48QlI+44Kq44Kt44K344OH44O844K/44O844CA5bCC55So6KOc5YWF5ray44CA77yR77ysPGJyPjxicj4g4oCmIF9hcXVh44CAc2ZzZXTjgIDjgqrjgq3jgrfjg4fjg7zjgr/jg7zjgIDvvKTjgr/jgqTjg5fjgIDjgqLjgq/jgqLnlKjlk4HvvJLjgIDmsLTos6roqr/mlbTliaTjgIDmtLvmgKfphbjntKDjgIDjgqLjg7Pjg6Ljg4vjgqLjgIDkupznoZ3phbjjgIDpmaTljrvjgIDlr77nrZbjgIDnmb3mv4HjgorjgIDnmb3jgavjgZTjgorjgIDjgrPjgrHjgIDoi5TjgIDmipHliLbjgIDol43ol7vjgIDph5HprZrjgIDjg4fjgqPjgrnjgqvjgrnjgIDlj6Tku6PprZrjgIDjgqLjg63jg6/jg4rjgIAyMDE3MDIwNOOAgO+8q++8q+OAgOawtOWIhuWtkOOAgOOCr+ODqeOCueOCv+ODvOOAgOmFuOe0oOS+m+e1puOAgOOCqOOCouODrOODvOOCt+ODp+ODs+OAgOOCqOOCouODvOODrOODvOOCt+ODp+ODs+OAgO+8r++8uO+8pO+8oe+8tO+8r++8suOAgO+8pOOAgOODieOCpOODhOijveOAgDQwMTkwNTY4MjUzMDM=,44Kq44Kt44K344OH44O844K/44O844CA77yk44K/44Kk44OX44CA6Zai5p2x5b2T5pel5L6/77yaY2hhcm0g5qW95aSp5biC5aC05bqX,54ax5biv6a2a44K544Kk44Os44Oz54iq44Go44GO5rC06I2J44Kw44Oq44OL44O844K654yr56CC5aSn56Ov56CC44OJ44OD44Kw44OV44O844OJ44Kt44Oj44OD44OI44OV44O844OJ44Oa44OD44OI44K344O844OE5piG6Jmr44Km44K144Ku44Ot44Kk44Ok44Or44Kr44OK44OzR1JFRU5JRVPnnaHok67piaLoprPokYnmpI3nianjgrXjgqTjgqjjg7Pjgrnjg4DjgqTjgqjjg4Pjg4jph5HprZrjg6Hjg4Djgqvjg5Pjg7zjgrfjg6Xjg6rjg7Pjg5fjgqrjgq3jgrfjg4fjg7zjgr/jg7zjgIDvvKTjgr/jgqTjg5fjgIDplqLmnbHlvZPml6Xkvr8=,44Kq44Kt44K344OH44O844K/44O844CA77yk44K/44Kk44OX44CA6Zai5p2x5b2T5pel5L6/[rn]
37-51598,aHR0cDovL3RzaG9wLnIxMHMuanAvY2hhbmV0L2NhYmluZXQvMzAwOS8zMDA5ODQtMS5qcGc/Zml0aW49NzAwOjcwMA==,MzE4NC4wMDAw,,44Oa44OD44OI44O744Oa44OD44OI44Kw44OD44K6ID4g54ax5biv6a2a44O744Ki44Kv44Ki44Oq44Km44OgID4g5rC05qe944O744Ki44Kv44Ki44Oq44Km44OgID4g5rC06LOq566h55CG55So5ZOBID4g5rC06LOq6Kq/5pW05Ymk,44Kq44Kt44K344OH44O844K/44O844CA44Of44OL44CA6Zai5p2x5b2T5pel5L6/,,PEhSPjxCPuKWoOOBk+OBruWVhuWTgeOCkuOBiuiyt+OBhOS4iuOBkuOBruOBiuWuouanmOOBr+OAgeS4i+iomOWVhuWTgeOCguOBiuiyt+OBhOS4iuOBkuOBp+OBmeOAguKAu+OBk+OBruWVhuWTgeOBq+OBr+S7mOWxnuOBl+OBvuOBm+OCk+OAguKWoDwvQj48QlI+PEEgSFJFRj0iaHR0cDovL2l0ZW0ucmFrdXRlbi5jby5qcC9jaGFuZXQvMzAwOTg3LyI+44Kq44Kt44K344OH44O844K/44O844CA5bCC55So6KOc5YWF5ray44CA77yR77ysPC9BPjxicj7jg6Hjg7zjgqvjg7zvvJrjgqrjgq3jgrfjg4fjg7zjgr/jg7w8YnI+PGltZyBzcmM9Imh0dHBzOi8vd3d3LnJha3V0ZW4ubmUuanAvZ29sZC9jaGFuZXQvaW1hZ2UvaWNvbi90YW5rL2ljb24vaWljb25fdGl0Ll9zZWl0YWkuZ2lmIj48YnI+PGltZyBzcmM9Imh0dHBzOi8vd3d3LnJha3V0ZW4ubmUuanAvZ29sZC9jaGFuZXQvaW1hZ2UvaWNvbi90YW5rL2ljb24vaWljb25fZm9vZF9raW5neW8uZ2lmIiB3aWR0aD0iODAiIGhlaWdodD0iODAiIGFsdD0i6YeR6a2aIj48YnI+PGJyPjxicj48YnI+PGRpdiBjbGFzcz0iY29udGFpbmVyX2FxdWEiPjxkaXYgY2xhc3M9ImNhdGNoX2FxdWEiPjxzdHJvbmc+5rS75oCn6YW457Sg44Gn5rC06LOq5rWE5YyW77yBPC9zdHJvbmc+PC9kaXY+PGJyIC8+PHRhYmxlIGNsYXNzPSJ0YWJsZV9zcGVjX2FxdWEiIGJvcmRlcj0iMSI+PHRyPjx0aCBjb2xzcGFuPSIyIiBjbGFzcz0idGl0bGUiPuOCquOCreOCt+ODh+ODvOOCv+ODvOOAgOODn+ODizwvdGg+PC90cj48dHI+PHRoPuWvvuixoTwvdGg+PHRkPumBqeWQiOawtOmHj++8mu+8k++8kO+9nu+8lu+8kO+8rDwvdGQ+PC90cj48dHI+PHRoPueJuemVtzwvdGg+PHRkPuKXj+WwgueUqOOBruijnOWFhea2suOCkuipsOOCgeOBpuawtOanveWGheOBq+e9ruOBj+OBoOOBkeOBp+OAgeawtOizqua1hOWMluWKueaenOOCkueZuuaPruOBmeOCi+eJueauiuawtOizqueuoeeQhuWZqOWFt+OBp+OBmeOAgjxiciAvPuKXj+awtOS4reOBq+eZuueUn+OBleOBm+OBn+a0u+aAp+mFuOe0oOOBjOawtOOBruWIhuWtkOOChOiFkOaVl+eJqeOCkuWIhuino+OAgea1hOWMluOBl+OBquOBjOOCiee0lOeyi+mFuOe0oOOBq+WkieOCj+OBo+OBpua/vumBjuODkOOCr+ODhuODquOCouOCkuWil+auluOBmeOCi+WMluWtpuWPjeW/nOOBqOeUn+eJqea/vumBjuOCkuW/nOeUqOOBl+OBn+ODieOCpOODhOOBquOCieOBp+OBr+OBruawtOizqueuoeeQhuWZqOWFt+OBp+OBmeOAgjxiciAvPuKXj+OCquOCreOCt+ODh+ODvOOCv+ODvOOBi+OCieawtOanveWGheOBq+S4gOWumuOBq+a5p+OBjeWHuuOBl+e2muOBkeOCi+a0u+aAp+mFuOe0oOOBr+OAgeOAjOa1rumBiumFuOe0oOOAjeOBqOOCguiogOOBhOOBvuOBmeOAguODleODqeODleODqeOBqOa0u+eZuuOBq+awtOS4reOCkua1rumBiuOBl+OAgeawtOOBruWIhuWtkOOCkuOBr+OBmOOCgeOBguOCieOChuOCi+iFkOaVl+eJqeOChOmbkeiPjOOBquOBqeOBqOihneeqgeOBl+OAgeOBk+OCjOOCkuegtOegleODu+e0sOWIhuWMluOBl+OBpueEoeWus+WMluOBl+OAgee0lOeyi+mFuOe0oOOBq+WkieWMluOBl+OBpuOBhOOBjeOBvuOBmeOAgjxiciAvPuKXj+awtOanveS4reOCkua1hOWMluOBl+OBn+a0u+aAp+mFuOe0oOOBr+OCs+ODs+OCueOCv+ODs+ODiOOBq+e0lOeyi+mFuOe0oOOBq+WkieOCj+OCiue2muOBkeOAgeawtOanveOBrumaheOAheOBvuOBp+OBhOOBjeOCj+OBn+OCiuOBvuOBmeOAguOBk+OBrumFuOe0oOOBjOODleOCo+ODq+OCv+ODvOWGheOBrua/vumBjuODkOOCr+ODhuODquOCouOBruWil+auluOCkuOCteODneODvOODiOOBl+OBvuOBmeOAgjxiciAvPuKXj+OCqOOCouODrOODvOOCt+ODp+ODs+OChOODouODvOOCv+ODvOOBruawtOa1geOBq+OCiOOCi+epuuawl+S4reOBi+OCieOBrumWk+aOpeeahOOBqumFuOe0oOOBrua3t+WFpeOBqOmBleOBhOOAgeebtOaOpeawtOS4reOBq+a6tuOBkei+vOOCgOmFuOe0oOOBr+WKueaenOOBjOmrmOOBhOS4iuOAgeawtOmdouOCkuWPqeOBi+OBquOBhOOBn+OCgeawtOiNieOBruiCsuaIkOawtOanveOBp+OBruS9v+eUqOOBq+OCguWKueaenOeahOOBp+OBmeOAgjxiciAvPuKXj+a0u+aAp+mFuOe0oOOBr+awtOOBruWIhuWtkOOCkuegtOegleODu+e0sOWIhuWMluOBl+OAgeawtOWIhuWtkOOBrumbhuWbo+OBp+OBguOCi+OAjOOCr+ODqeOCueOCv+ODvOOAjeOCkuWwj+OBleOBj+OBl+OBvuOBmeOAguOBk+OBruOCr+ODqeOCueOCv+ODvOOBjOe0sOWIhuWMluOBleOCjOOBn+awtOOBk+OBneOAgeaBkOOCi+OBueOBjemAj+aYjuW6puOCkuaMgeOBo+OBn+OBk+OBquOCjOOBn+awtOOBquOBruOBp+OBmeOAgjxiciAvPuKXj+OCs+OCseOBruWkp+WNiuOBr+iFkOaVl+eahOeqkue0oOWMluWQiOeJqeOCkuiCpeaWmeOBq+Wil+OBiOe2muOBkeOBvuOBmeOAgua0u+aAp+mFuOe0oOOBr+OBk+OCjOOCkuW+ueW6leeahOOBq+WIhuino+OBl+OAgeeCreawtOWMlueJqeOBqOS6jOmFuOWMlueCree0oOOBq+WIhuino+OBl+OBvuOBmeOAguOBk+OCjOOBr+awtOiNieOBq+alteOCgeOBpuacieWKueOBp+OBguOCi+OBsOOBi+OCiuOBi+OAgea/vumBjuODkOOCr+ODhuODquOCouOBrueZuueUn+eOh+OBruaCquOBhOOBqOOBk+OCjeOBq+Wil+auluOBmeOCi+iXjeiXu+OBquOBqeWkmuOBj+OBruOCs+OCseOCkuaKkeWItuOBl+OBvuOBmeOAgjxiciAvPuKXj+OCquOCreOCt+ODh+ODvOOCv+ODvOOBp+euoeeQhuOBleOCjOOBn+awtOanveOBr+OAgeOBjeOCgeOBrue0sOOBi+OBhOOBk+OBquOCjOOBn+awtOOBqOixiuWvjOOBqumFuOe0oOmHj+OBjOWMluWtpuWPjeW/nOOBq+OCiOOCiueiuuWun+OBq+aMgee2muOBmeOCi+OBruOBp+OAgeawtOizquOBruaApeWkieOBq+OCiOOCi+ODh+OCo+OCueOCq+OCueOBruOCqOODqeiFkOOCjOOChOOCouODreODr+ODiuOBruOCqOODqeOCgeOBj+OCjOetieOBruWvvuetluOBq+OBr+acgOmBqeOBp+OBmeOAgjxiciAvPuKXj+OCquOCreOCt+ODh+ODvOOCv+ODvOacgOWkp+OBrueJueiJsuOBr+OAgeODoeODs+ODhuOBruS4iuaJi+S4i+aJi+OAgeODnuODoeOBp+OBguOCi+eEoeOBl+OBq+OBi+OBi+OCj+OCieOBmuOAgea0u+aAp+mFuOe0oOOBjOawtOanveOCkua1hOWMluOBl+e2muOBkeOCi+eCueOBp+OBmeOAguW4uOOBq+OBguOBquOBn+OBruawtOanveOBruawtOizqua1hOWMluOCkuOCteODneODvOODiOOBl+OBvuOBmeOAgjxiciAvPjxiciAvPuOAkOOCquOCreOCt+ODh+ODvOOCv+ODvOOBruWOn+eQhuOBqOani+mAoOOAkTxiciAvPuKXj+aoueiEguOCrOODqeOCueOBruWuueWZqOOBruS4reOBp+OAgemBjumFuOWMluawtOe0oOawtOOBqOmrmOW6puOBquijveazleOBq+OCiOOCi+inpuWqkuOBqOOCkuWMluWtpuWPjeW/nOOBleOBm+OAgea0u+aAp+mFuOe0oOOCkueZuueUn+OBleOBm+OCi+WZqOWFt+OBp+OBmeOAgjxiciAvPuKXj+ODieOCpOODhOOBruawtOOBruaoqeWogeiAheOBp+OBguOCi+OAjO+8pO+9ku+8juOCvuODkuODhuOCo+ODs+OCsOOAjeOBjOmWi+eZuuOBl+OBvuOBl+OBn+OAgjxiciAvPuKXj+OBneOBruODoeOCq+ODi+OCuuODoOOBr+OAgeaoueiEguOCrOODqeOCueijveOBruiWrOa2suOCv+ODs+OCr+OBruS4reOBp+eZuueUn+OBl+OBn+mFuOe0oOOCrOOCueOBjOOAgeOBneOBruWcp+WKm+OBq+W/nOOBmOOBn+mHj+OBrumBjumFuOWMluawtOe0oOawtOOCkua0u+aAp+mFuOe0oOOBq+OBl+OBpuawtOS4reOBq+aUvuWHuuOBl+OBpuOAgeOCs+ODs+OCueOCv+ODs+ODiOOBq+WJjei/sOOBruWKueaenOOCkueZuuaPruOBl+OBquOBjOOCiee0lOeyi+mFuOe0oOOBq+WkieWMluOBl+OBpuOBhOOBjeOBvuOBmeOAgjxiciAvPuKXj+OBl+OBn+OBjOOBo+OBpuOAgeawtOmHj+OBq+W/nOOBmOOBn+iWrOa2sua/g+W6puOBruaMh+WumuiWrOa2suOCkueUqOOBhOOBpuOBhOOCi+mZkOOCiuOAgeawtOanveWPiuOBs+axoOWGheOBr+eQhuaDs+eahOOBquawtOizquOBjOS/neaMgeOBleOCjOe2muOBkeOBvuOBmeOAgjwvdGQ+PC90cj48dHI+PHRoPuOCu+ODg+ODiOWGheWuuTwvdGg+PHRkPuacrOS9k+OAgO+8keWAizxiciAvPuijnOWFhea2suOAgO+8l++8le+9je+9jOOAgO+8kuacrDwvdGQ+PC90cj48dHI+PHRoPuOCteOCpOOCuu+8iOe0hO+8iTwvdGg+PHRkPuebtOW+hO+8k++8ju+8lsOX6auY44GV77yY772D772NPC90ZD48L3RyPjx0cj48dGg+55Sf55Sj5Zu9PC90aD48dGQ+44OJ44Kk44OEPC90ZD48L3RyPjx0cj48dGg+44GU5rOo5oSPPC90aD48dGQ+4oC75pys5ZOB44Gv6Kaz6LOe6a2a55So5ZOB44Gn44GZ44CC55uu55qE5Lul5aSW44Gu55So6YCU44Gn44Gv5L2/55So44GX44Gq44GE44Gn44GP44Gg44GV44GE44CCPGJyIC8+4oC75rS75oCn6YW457Sg44Gv5rC05Lit44Gr5rq244GR6L6844G/44KE44GZ44GE44Gu44Gn44CB44Kq44K+44Oz44Go44Gu5L2155So44KE44CB5b+F6KaB5Lul5LiK44Gu6auY5r+D5bqm44Gn5pys5Zmo44KS5L2/55So44GZ44KL44Go44CB6YGO6YW457Sg44Gu5a6z44Gr44KI44KK6a2a44GM5q275Lqh44GZ44KL44GT44Go44GM44GC44KK44G+44GZ44CC5re75LuY44Gu5L2/55So6Kqs5piO5pu444Gr44GX44Gf44GM44Gj44Gm44GU5L2/55So44GP44Gg44GV44GE44CCPC90ZD48L3RyPiA8L3RhYmxlPjwvZGl2Pjxicj48YnI+PGRpdiBjbGFzcz0iaW5jbHVkZV9jb250ZW50cyIgaWQ9ImMtaHJlZl9wYWtlaGVuIj48ZGl2IGNsYXNzPSJpZnJhbWVmbGV4IGluY19pdGVtbGlzdCI+IDwvZGl2PjxoMz7jg5Hjg4PjgrHjg7zjgrjnrYnjga7lpInmm7TjgavjgaTjgYTjgaY8L2gzPjxzcGFuIGNsYXNzPSJyZWQiPuS6iOWRiuOBquOBj+ODkeODg+OCseODvOOCuOOAgeS7leanmO+8iOWOn+adkOaWmeOAgeeUn+eUo+WbveOAgeiJsuOAgeW9oueKtuOAgeOCteOCpOOCuuetie+8ieOBruWkieabtOOBjOOBguOCi+WgtOWQiOOBjOOBlOOBluOBhOOBvuOBmeOAguS6iOOCgeOBlOS6huaJv+OBj+OBoOOBleOBhOOAgjwvc3Bhbj48YnIgLz48L2Rpdj48YnI+PGJyPjxkaXYgY2xhc3M9ImlmcmFtZWZsZXggaW5jX3FyY29kZSI+PC9kaXY+PGRpdiBjbGFzcz0iaW5jX3VuaXRfcHJpY2UiPjwvZGl2PjxiciAvPjxiciAvPuODgeODo+ODvOODoOalveWkqeW4guWgtOW6l+OAgOODmuODg+ODiOeUqOWTgeODu+eUn+OBjeeJqeWwgumWgDxicj48YnI+PEJSPuOCquOCreOCt+ODh+ODvOOCv+ODvOOAgOWwgueUqOijnOWFhea2suOAgO+8ke+8rDxicj48YnI+IOKApiDjgqrjgq3jgrfjg4fjg7zjgr/jg7zjgIDjg5/jg4vjgIDjgqLjgq/jgqLnlKjlk4HvvJLjgIDmsLTos6roqr/mlbTliaTjgIDmtLvmgKfphbjntKDjgIDjgqLjg7Pjg6Ljg4vjgqLjgIDkupznoZ3phbjjgIDpmaTljrvjgIDlr77nrZbjgIDnmb3mv4HjgorjgIDnmb3jgavjgZTjgorjgIDjgrPjgrHjgIDoi5TjgIDmipHliLbjgIDol43ol7vjgIDph5HprZrjgIDjg4fjgqPjgrnjgqvjgrnjgIDlj6Tku6PprZrjgIDjgqLjg63jg6/jg4rjgIDvvKvvvKvjgIDmsLTliIblrZDjgIDjgq/jg6njgrnjgr/jg7zjgIDphbjntKDkvpvntabjgIDjgqjjgqLjg6zjg7zjgrfjg6fjg7PjgIDjgqjjgqLjg7zjg6zjg7zjgrfjg6fjg7PjgIDvvK/vvLjvvKTvvKHvvLTvvK/vvLLjgIDvvK3vvKnvvK7vvKnjgIDjg4njgqTjg4Too73jgIA0MDE5MDU2ODI1MjA044CAMjAxNzAyMDQ=,44Kq44Kt44K344OH44O844K/44O844CA44Of44OL44CA6Zai5p2x5b2T5pel5L6/77yaY2hhcm0g5qW95aSp5biC5aC05bqX,54ax5biv6a2a44K544Kk44Os44Oz54iq44Go44GO5rC06I2J44Kw44Oq44OL44O844K654yr56CC5aSn56Ov56CC44OJ44OD44Kw44OV44O844OJ44Kt44Oj44OD44OI44OV44O844OJ44Oa44OD44OI44K344O844OE5piG6Jmr44Km44K144Ku44Ot44Kk44Ok44Or44Kr44OK44OzR1JFRU5JRVPnnaHok67piaLoprPokYnmpI3nianjgrXjgqTjgqjjg7Pjgrnjg4DjgqTjgqjjg4Pjg4jph5HprZrjg6Hjg4Djgqvjg5Pjg7zjgrfjg6Xjg6rjg7Pjg5fjgqrjgq3jgrfjg4fjg7zjgr/jg7zjgIDjg5/jg4vjgIDplqLmnbHlvZPml6Xkvr8=,44Kq44Kt44K344OH44O844K/44O844CA44Of44OL44CA6Zai5p2x5b2T5pel5L6/[rn]
37-51599,aHR0cDovL3RzaG9wLnIxMHMuanAvY2hhbmV0L2NhYmluZXQvMTg2OS8xODY2NzEtMS5qcGc/Zml0aW49NzAwOjcwMA==,MjM4LjQwMDA=,,44Oa44OD44OI44O744Oa44OD44OI44Kw44OD44K6ID4g54ax5biv6a2a44O744Ki44Kv44Ki44Oq44Km44OgID4g5rC05qe944O744Ki44Kv44Ki44Oq44Km44OgID4g5rC06LOq566h55CG55So5ZOBID4g5rC06LOq6Kq/5pW05Ymk,77yn77yl77y444CA44Oh44OA44Kr5YWD5rCX44G244GP44G244GP44OW44Ot44OD44Kv44CA44Oh44OA44Kr44CA6YW457Sg44CA6Zai5p2x5b2T5pel5L6/,,PGRpdiBJRD0iaGVhZGVyX3Nob3dfcGFyZW50Ij48aW1nIHNyYz0iaHR0cDovL3d3dy5yYWt1dGVuLm5lLmpwL2dvbGQvY2hhbmV0L2ltYWdlL2ljb24vaW5kZXgvc2V0aXRlbV9wYXJlbnRfdGl0NS5naWYiIGFsdD0i5Y2Y5ZOB44KI44KK44KC44K744OD44OI44GM44GK5b6X77yBIiBib3JkZXI9IjAiPjxicj48YSBocmVmPSJodHRwOi8vaXRlbS5yYWt1dGVuLmNvLmpwL2NoYW5ldC8yMDM5NTIiPuOChuOBhuODkeOCseODg+ODiOWvvuW/nOOAgO+8p++8pe+8uOOAgOODoeODgOOCq+WFg+awl+OBtuOBj+OBtuOBj+ODluODreODg+OCr+OAgOODoeODgOOCq+OAgOmFuOe0oOOAgOWQjOaiseODu+S7o+W8leOBjeODu+edgOaXpeaMh+WumuS4jeWPrzwvYT48YnI+PC9kaXY+PEhSPjxCPuKWoOOBk+OBruWVhuWTgeOCkuOBiuiyt+OBhOS4iuOBkuOBruOBiuWuouanmOOBr+OAgeS4i+iomOWVhuWTgeOCguOBiuiyt+OBhOS4iuOBkuOBp+OBmeOAguKAu+OBk+OBruWVhuWTgeOBq+OBr+S7mOWxnuOBl+OBvuOBm+OCk+OAguKWoDwvQj48QlI+PEEgSFJFRj0iaHR0cDovL2l0ZW0ucmFrdXRlbi5jby5qcC9jaGFuZXQvMTY4MTM0LyI+77yn77yl77y444CA44Oh44OA44Kr5YWD5rCX55Sj5Y2144O76IKy5oiQ55So44OV44O844OJ44CA77yR77yQ77yQ772H44CA44KB44Gg44GL44CA44Ko44K144CA6aSM44CA44GI44GVPC9BPjxCUj48QSBIUkVGPSJodHRwOi8vaXRlbS5yYWt1dGVuLmNvLmpwL2NoYW5ldC8xNjk1NjEvIj7jg4bjg4jjg6njgIDjg5Pjgr/jg5/jg7PjgIDjg6Hjg4DjgqvnlKjjgIDvvJLvvJXvvJDvvY3vvYzjgIDmt6HmsLTnlKjjgIDljbPlirnmgKfjgIDjg6Hjg4DjgqvjgIDjgrPjg7Pjg4fjgqPjgrfjg6fjg4rjg7zjgIDmt7vliqDliaQ8L0E+PEJSPjxBIEhSRUY9Imh0dHA6Ly9pdGVtLnJha3V0ZW4uY28uanAvY2hhbmV0LzE4NjYwNi8iPu+8p++8pe+8uOOAgOODoeODgOOCq+WFg+awl+OAgOOBi+OCk+OBn+OCk+mjvOiCsuOCu+ODg+ODiOOAgO+8syDmsLTmp73jgrvjg4Pjg4jjgIDjg6Hjg4DjgqvjgIDliJ3lv4PogIU8L0E+PEJSPjxBIEhSRUY9Imh0dHA6Ly9pdGVtLnJha3V0ZW4uY28uanAvY2hhbmV0LzE4NjYyMC8iPu+8p++8pe+8uOOAgOODoeODgOOCq+WFg+awl++8oe+8te+8tO+8r+OAgO+8qO+8pe+8oe+8tO+8pe+8suOAgO+8s++8qO+8le+8leOAgOODkuODvOOCv+ODvDwvQT48QlI+PEEgSFJFRj0iaHR0cDovL2l0ZW0ucmFrdXRlbi5jby5qcC9jaGFuZXQvMTg2NjQwLyI+77yn77yl77y444CA44Oh44OA44Kr5rC05pmv44CA44K544Kk44Os44Oz44CA5Lq65bel5rC06I2JPC9BPjxCUj48QSBIUkVGPSJodHRwOi8vaXRlbS5yYWt1dGVuLmNvLmpwL2NoYW5ldC8yMTM1OC8iPu+8iOOCgeOBoOOBi+OAgOODm+ODhuOCpOiNie+8ieODkuODoeODgOOCq+OAgOWIneW/g+iAheOCu+ODg+ODiOOAgOODkuODoeODgOOCq++8iO+8ke+8kOWMue+8ieOAgO+8i+OAgOODm+ODhuOCpOiNie+8iO+8keagqu+8ieOAgOOCu+ODg+ODiOOAgOacrOW3nuWbm+WbvemZkOWumjwvQT48QlI+PEEgSFJFRj0iaHR0cDovL2l0ZW0ucmFrdXRlbi5jby5qcC9jaGFuZXQvOTg5ODcvIj7jgrfjg6njgq/jg6njgIDjgoHjgaDjgYvjg5Xjg6zjg7zjgq/jgIDvvJHvvJDvvYfjgIDjg6Hjg4DjgqvjgIDjgqjjgrXjgIDppIzjgIDjgYjjgZU8L0E+PGJyPuODoeODvOOCq+ODvO+8muOCuOOCp+ODg+OCr+OCuTxicj48dGFibGUgY2xhc3M9ImNvbnRhaW5lcl9hcXVhIj48dHI+PHRkPjxkaXYgY2xhc3M9ImNhdGNoX2FxdWEiPjxiPuawtOOBq+WFpeOCjOOCi+OBoOOBkeOBp+mFuOe0oOOBjOOChuOBo+OBj+OCiua6tuOBkeWHuuOBme+8gTwvYj48L2Rpdj48YnI+5rC044Gr5YWl44KM44KL44Gg44GR44Gn44KG44Gj44GP44KK44Go6YW457Sg44KS5L6b57Wm44GX44CB44Oh44OA44Kr44Gu5L2P44G/44KE44GZ44GE55Kw5aKD44KS44Gk44GP44KK44Gg44GZ44OW44Ot44OD44Kv44Gn44GZ44CCPEJSPuODoeODgOOCq+mJouOAgeWwj+Wei+awtOanveOAgeODoeODgOOCq+OBruOBiuW8leOBo+i2iuOBl+OAgeOBvuOBn+mbu+awl+OBjOS9v+OBiOOBquOBhOe3iuaApeaZguOBruODoeODgOOCq+OBrumFuOasoOmYsuatouOBq+OCguOBlOS9v+eUqOOBhOOBn+OBoOOBkeOBvuOBmeOAgjxCUj7msLTpgZPmsLTkuK3jga7mnInlrrPjgarloanntKDvvIjjgqvjg6vjgq3vvInjgajph43ph5HlsZ7jgpLnhKHlrrPljJbjgZnjgovjg6Hjg4DjgqvnlKjjgqvjg6vjgq3mipzjgY3jgIzjga/jgZDjgY/jgoDmsLTjgaXjgY/jgorjgI3vvJHlm57liIbku5jjgY3jgafjgZnjgII8QlI+PGJyPjx0YWJsZSBjbGFzcz0idGFibGVfc3BlY19hcXVhIiBib3JkZXI9IjEiPjx0cj48dGggY29sc3Bhbj0iMiIgY2xhc3M9InRpdGxlIj7vvKfvvKXvvLjjgIDjg6Hjg4DjgqvlhYPmsJfjgbbjgY/jgbbjgY/jg5bjg63jg4Pjgq/jgIDjg6Hjg4DjgqvjgIDphbjntKA8L3RoPjwvdHI+PHRyPjx0aD7lr77osaE8L3RoPjx0ZD7jg6Hjg4Djgqs8L3RkPjwvdHI+PHRyPjx0aD7nibnplbc8L3RoPjx0ZD7jgJDjgbbjgY/jgbbjgY/jg5bjg63jg4Pjgq/jgJE8QlI+4peP5rC044Gu5Lit44Gr5YWl44KM44KL44Gg44GR44Gn44CB5rC05Lit44Gr6YW457Sg44GM5rq244GR5Ye644GX44CB44Oh44OA44Kr44Gu5L2P44G/44KE44GZ44GE55Kw5aKD44KS44Gk44GP44KK44G+44GZ44CCPEJSPuKXj+ODoeODgOOCq+OBruWBpeW6t+OCkue2reaMgeOBmeOCi+ODn+ODjeODqeODq+WFpeOCiuOBp+OBmeOAgjxCUj7il4/jg6Hjg4Djgqvjga7jgYrlvJXjgaPotorjgZfmmYLjgoTjgIHlgZzpm7vjgarjganjga7nt4rmgKXmmYLjgavjgoLpnZ7luLjjgavkvr/liKnjgafjgZnjgII8QlI+PEJSPuOAkOOBr+OBkOOBj+OCgOawtOOBpeOBj+OCiuOAkTxCUj7il4/msLTpgZPmsLTkuK3jga7mnInlrrPjgarloanntKDvvIjjgqvjg6vjgq3vvInjgajph43ph5HlsZ7jgpLnnqzplpPnhKHlrrPljJbjgZfjgb7jgZnjgII8QlI+4peP5aSp54S255Sx5p2l5oiQ5YiG44GM44Oh44OA44Kr44Gu6Ieq54S244Gq55Sj5Y2144Go5oiQ6ZW344KS44K144Od44O844OI44GX44G+44GZ44CCPEJSPjwvdGQ+PC90cj48dHI+PHRoPuWGheWuuemHjzwvdGg+PHRkPuKXj+OBtuOBj+OBtuOBj+ODluODreODg+OCr++8mu+8lOmMoO+8iOawtOWuuemHj++8ke+8kO+8rOS7peS4i+OBruWgtOWQiOe0hO+8lOODtuaciOWIhu+8iTxCUj7il4/jga/jgZDjgY/jgoDmsLTjgaXjgY/jgorvvJrvvJHooovvvIjvvJHvvJLvvY3vvYzlhaXjgorvvIk8L3RkPjwvdHI+PHRyPjx0aD7ljp/mnZDmlpk8L3RoPjx0ZD7il4/jgbbjgY/jgbbjgY/jg5bjg63jg4Pjgq/vvJrpgY7phbjljJbjgqvjg6vjgrfjgqbjg6DjgIHphbjljJbjgqvjg6vjgrfjgqbjg6DjgIHnrKzkuIDjg6rjg7Pphbjjgqvjg6vjgrfjgqbjg6DjgIHpibHnianos6rlvq7nsonjgIHjgrnjg4bjgqLjg6rjg7Pphbjjg57jgrDjg43jgrfjgqbjg6DjgIHmtYHli5XljJbliaTjgIHntZDlkIjliaQ8QlI+4peP44Gv44GQ44GP44KA5rC044Gl44GP44KK77ya44OB44Kq56Gr6YW444OK44OI44Oq44Km44Og44CB5aGp5YyW44OK44OI44Oq44Km44Og44CB5aGp5YyW44Kr44Oq44Km44Og44CB44Kt44Os44O844OI5Ymk44CB44Kt44OI44K144Oz44CB54Kt6YW444OK44OI44Oq44Km44Og44CB44OT44K/44Of44Oz77yi77yS44CB44OT44K/44Of44Oz77yjPC90ZD48L3RyPjx0cj48dGg+55Sf55Sj5Zu9PC90aD48dGQ+5pel5pysPC90ZD48L3RyPjx0cj48dGg+44GU5L2/55So5pa55rOVPC90aD48dGQ+4peP44CM44Gv44GQ44GP44KA5rC044Gl44GP44KK44CN44KS6KaP5a6a6YeP5YWl44KM44Gm44Kr44Or44Kt44KS5oqc44GE44Gf5rC044KS44CB6aO86IKy5a655Zmo44Gr5YWl44KM44Gm44GP44Gg44GV44GE44CCPEJSPuKXj+S4i+iomOOBruihqOOCkuWPguiAg+OBq+OBtuOBj+OBtuOBj+ODluODreODg+OCr+OCkuawtOS4reOBq+WFpeOCjOOBpuOBj+OBoOOBleOBhOOAgjxCUj7il4/jgbbjgY/jgbbjgY/jg5bjg63jg4Pjgq/jga/murbjgZHjgablsI/jgZXjgY/jgarjgaPjgZ/jgorjgIHmtojjgYjjgovjgZPjgajjga/jgYLjgorjgb7jgZvjgpPjgILntITvvJHjg7XmnIjjgpLnm67lronjgavkuqTmj5vjgZfjgabjgY/jgaDjgZXjgYTjgII8QlI+PEJSPjx0YWJsZSBib3JkZXI9IjEiIGNsYXNzPSJkb2dfZm9vZCI+PHRyPjx0ZCByb3dzcGFuPSIyIj7jgIA8L3RkPjx0ZCBjb2xzcGFuPSIyIj7jg6Hjg4DjgqvpiaLjg7vjg5fjg6njgrHjg7zjgrnnrYk8L3RkPjx0ZCBjb2xzcGFuPSIyIj7jgrPjg7Pjg5Hjgq/jg4jmsLTmp708L3RkPjwvdHI+PHRyPjx0ZD7vvJDvvI7vvJXvvZ7vvJXvvKw8L3RkPjx0ZCBjb2xzcGFuPSIyIj7vvJHvvJDvvKzku6XkuIs8L3RkPjx0ZD7vvJLvvJTvvKzku6XkuIs8L3RkPjwvdHI+PHRyPjx0ZD7jgbbjgY/jgbbjgY/jg5bjg63jg4Pjgq88L3RkPjx0ZD7vvJHpjKA8L3RkPjx0ZCBjb2xzcGFuPSIyIj7vvJHvvZ7vvJLpjKA8L3RkPjx0ZD7vvJLvvZ7vvJPpjKA8L3RkPjwvdHI+PHRyPjx0ZD7jga/jgZDjgY/jgoDmsLTjgaXjgY/jgoo8L3RkPjx0ZCBjb2xzcGFuPSIzIj7ntITvvJHvvI/vvJLooovvvIjvvJbvvY3vvYzvvIk8L3RkPjx0ZD7ntITvvJHooovvvIjvvJHvvJLvvY3vvYzvvIk8L3RkPjwvdHI+PC90YWJsZT7igLvjgqvjg6vjgq3mipzjgY3jgIzjg6Hjg4DjgqvlhYPmsJfjga/jgZDjgY/jgoDmsLTjgaXjgY/jgorjgI3jga/jgIHmsLTpgZPmsLTvvJLvvKzjgYLjgZ/jgorvvJHvvZ7vvJLvvY3vvYzjgpLnm67lronjgavjgZTkvb/nlKjjgY/jgaDjgZXjgYTjgILvvIjlpJrlsJHlpJrjgY/lhaXjgozjgabjgoLllY/poYzjgYLjgorjgb7jgZvjgpPjgILvvIk8QlI+PC90ZD48L3RyPjx0cj48dGg+44GU5rOo5oSPPC90aD48dGQ+4oC75pys6KO95ZOB44Gv6Kaz6LOe6a2a6aO86IKy5bCC55So44Gn44GZ44CC44G744GL44Gu55uu55qE44Gr44Gv5L2/55So44GX44Gq44GE44Gn44GP44Gg44GV44GE44CCPEJSPuKAu+mjn+eUqOOBp+OBr+OBguOCiuOBvuOBm+OCk+OAguWtkOS+m+OBruaJi+OBruWxiuOBi+OBquOBhOOBqOOBk+OCjeOBq+S/neeuoeOBl+OBpuOBj+OBoOOBleOBhOOAgjxCUj7igLvjg5Hjg4PjgrHjg7zjgrjjga7jg5bjg63jg4Pjgq/jga7lhpnnnJ/jga/jgqTjg6Hjg7zjgrjjgafjgZnjgILjgZTkvb/nlKjmmYLjgavmsJfms6HjgYzopovjgYjjgarjgYTloLTlkIjjgoLjgYLjgorjgb7jgZnjgYzjgIHjgZPjgozjga/nmbrnlJ/jgZfjgZ/phbjntKDjgYzjgZnjgZDjgavmsLTjgavmurbjgZHovrzjgpPjgafjgYTjgovjgZ/jgoHjgafjgZnjga7jgafjgIHllY/poYzjgYLjgorjgb7jgZvjgpPjgII8QlI+4oC744GU5L2/55So5pmC44Gr44OW44Ot44OD44Kv44Gu6KGo6Z2i44Gr44Kz44Kx44KE5rC044GC44GL44GM5LuY552A44GX44Gf5aC05ZCI44Gv5Y+W44KK6Zmk44GE44Gm44GP44Gg44GV44GE44CC6YW457Sg44Gu5rq25Ye644KS5byx44KB44KL5Y6f5Zug44Gr44Gq44KK44G+44GZ44CC44G+44Gf44GU5L2/55So5pmC44Gr44OW44Ot44OD44Kv44GM5Ymy44KM44Gf44KK44CB44OS44OT44GM5YWl44Gj44Gm44KC44CB5ZOB6LOq5LiK5ZWP6aGM44GC44KK44G+44Gb44KT44CCPEJSPuKAu+acrOijveWTgeOBr+e0hO+8keODteaciOmFuOe0oOOBjOa6tuWHuuOBl+OBvuOBmeOBjOOAgeOCjemBjuiDveWKm+OBr+OBguOCiuOBvuOBm+OCk+OBruOBp+Wumuacn+eahOOBquawtOaPm+OBiOOBjOW/heimgeOBp+OBmeOAgueJueOBq+ODk+ODvOOCt+ODpeODquODs+ODl+OBquOBqeOAgeawtOizquWkieWMluOBq+aVj+aEn+OBqueUn+S9k+OBr+mgu+e5geOBq+awtOaPm+OBiOOCkuihjOOBo+OBpuOBj+OBoOOBleOBhOOAgjxCUj7igLvmtojosrvmnJ/pmZDjga/jgYLjgorjgb7jgZvjgpPjgYzjgIHmnKzoo73lk4HjgpLlhoXooovjgYvjgonlh7rjgZfjgZ/jgb7jgb7jgafjga7kv53nrqHjgoTjgIHnm7TlsITml6XlhYnjga7jgYLjgZ/jgovjgajjgZPjgo3jgoTpq5jmuKnlpJrmub/jga7loLTmiYDjgafjga7kv53nrqHjga/pgb/jgZHjgabjgY/jgaDjgZXjgYTjgILphbjntKDjgYznmbrnlJ/jgZfjgarjgY/jgarjgovjgZPjgajjgYzjgYLjgorjgb7jgZk8QlI+4oC744OR44OD44Kx44O844K45YG06Z2i44Gr6KiY6LyJ44GV44KM44Gm44GE44KL44CM5L2/55So6YeP44Gu55uu5a6J44CN44KS5Y+C6ICD44Gr44GU5L2/55So44GP44Gg44GV44GE44CC5pys6KO95ZOB44KS5LiA5bqm44Gr5aSn6YeP44Gr44GU5L2/55So44GV44KM44KL44Go44CB5rC06LOq44GM5aSJ5YyW44GZ44KL44GT44Go44GM44GC44KK44G+44GZ44Gu44Gn44GU5rOo5oSP44GP44Gg44GV44GE44CCPEJSPjwvdGQ+PC90cj48L3RhYmxlPjwvdGQ+PC90cj48L3RhYmxlPjxicj48YnI+PGRpdiBjbGFzcz0iaW5jbHVkZV9jb250ZW50cyIgaWQ9ImMtaHJlZl9wYWtlaGVuIj48ZGl2IGNsYXNzPSJpZnJhbWVmbGV4IGluY19pdGVtbGlzdCI+IDwvZGl2PjxoMz7jg5Hjg4PjgrHjg7zjgrjnrYnjga7lpInmm7TjgavjgaTjgYTjgaY8L2gzPjxzcGFuIGNsYXNzPSJyZWQiPuS6iOWRiuOBquOBj+ODkeODg+OCseODvOOCuOOAgeS7leanmO+8iOWOn+adkOaWmeOAgeeUn+eUo+WbveOAgeiJsuOAgeW9oueKtuOAgeOCteOCpOOCuuetie+8ieOBruWkieabtOOBjOOBguOCi+WgtOWQiOOBjOOBlOOBluOBhOOBvuOBmeOAguS6iOOCgeOBlOS6huaJv+OBj+OBoOOBleOBhOOAgjwvc3Bhbj48YnIgLz48L2Rpdj48YnI+PGJyPjxkaXYgY2xhc3M9ImlmcmFtZWZsZXggaW5jX3FyY29kZSI+PC9kaXY+PGRpdiBjbGFzcz0iaW5jX3VuaXRfcHJpY2UiPjwvZGl2PjxiciAvPjxiciAvPuODgeODo+ODvOODoOalveWkqeW4guWgtOW6l+OAgOODmuODg+ODiOeUqOWTgeODu+eUn+OBjeeJqeWwgumWgDxicj48YnI+PEJSPu+8p++8pe+8uOOAgOODoeODgOOCq+WFg+awl+eUo+WNteODu+iCsuaIkOeUqOODleODvOODieOAgO+8ke+8kO+8kO+9h+OAgOOCgeOBoOOBi+OAgOOCqOOCteOAgOmkjOOAgOOBiOOBlTxCUj7jg4bjg4jjg6njgIDjg5Pjgr/jg5/jg7PjgIDjg6Hjg4DjgqvnlKjjgIDvvJLvvJXvvJDvvY3vvYzjgIDmt6HmsLTnlKjjgIDljbPlirnmgKfjgIDjg6Hjg4DjgqvjgIDjgrPjg7Pjg4fjgqPjgrfjg6fjg4rjg7zjgIDmt7vliqDliaQ8QlI+77yn77yl77y444CA44Oh44OA44Kr5YWD5rCX44CA44GL44KT44Gf44KT6aO86IKy44K744OD44OI44CA77yzIOawtOanveOCu+ODg+ODiOOAgOODoeODgOOCq+OAgOWIneW/g+iAhTxCUj7vvKfvvKXvvLjjgIDjg6Hjg4DjgqvlhYPmsJfvvKHvvLXvvLTvvK/jgIDvvKjvvKXvvKHvvLTvvKXvvLLjgIDvvLPvvKjvvJXvvJXjgIDjg5Ljg7zjgr/jg7w8QlI+77yn77yl77y444CA44Oh44OA44Kr5rC05pmv44CA44K544Kk44Os44Oz44CA5Lq65bel5rC06I2JPEJSPu+8iOOCgeOBoOOBi+OAgOODm+ODhuOCpOiNie+8ieODkuODoeODgOOCq+OAgOWIneW/g+iAheOCu+ODg+ODiOOAgOODkuODoeODgOOCq++8iO+8ke+8kOWMue+8ieOAgO+8i+OAgOODm+ODhuOCpOiNie+8iO+8keagqu+8ieOAgOOCu+ODg+ODiOOAgOacrOW3nuWbm+WbvemZkOWumjxCUj7jgrfjg6njgq/jg6njgIDjgoHjgaDjgYvjg5Xjg6zjg7zjgq/jgIDvvJHvvJDvvYfjgIDjg6Hjg4DjgqvjgIDjgqjjgrXjgIDppIzjgIDjgYjjgZU8YnI+PGJyPiDigKYgeWFob29fYnJhbmTjgIBHRVjjgIBtdXJ5b3Rhc3NlaV8yMDBfMjk544CAX2FxdWHjgIDph5HprZrjg7vjg6Hjg4DjgqvjgIDjgqLjgq/jgqLnlKjlk4HjgIDjgrjjgqfjg4Pjgq/jgrnjgIDvvKfvvKXvvLjjgIDjg6Hjg4DjgqvlhYPmsJfjgbbjgY/jgbbjgY/jg5bjg63jg4Pjgq/jgIDjg6Hjg4DjgqvjgIDphbjntKDjgIDjgqvjg6vjgq3mipzjgY3jgIDphbjmrKDpmLLmraLjgIDlvJXjgaPotorjgZfjgIDjg6Hjg4DjgqvpiaLjgIDlsI/lnovmsLTmp73jgIAyMDE0MDQwN+OAgE9LQuOAgOOAkOOBguOBmealvV/lnJ/mm5zllrbmpa3jgJHjgIDjgJDjgYLjgZnmpb1f5pel5puc5Za25qWt44CR44CA44CQ44GC44GZ5qW9X+W5tOS4reeEoeS8keOAkeOAgDQ5NzI1NDcwMjgwNjjjgIBtcnMxNjA4X3B1NV9nZXhscWTjgIBtcnMxNjA4X3B1NV9nZXhscWQ=,77yn77yl77y444CA44Oh44OA44Kr5YWD5rCX44G244GP44G244GP44OW44Ot44OD44Kv44CA44Oh44OA44Kr44CA6YW457Sg44CA6Zai5p2x5b2T5pel5L6/77yaY2hhcm0g5qW95aSp5biC5aC05bqX,54ax5biv6a2a44K544Kk44Os44Oz54iq44Go44GO5rC06I2J44Kw44Oq44OL44O844K654yr56CC5aSn56Ov56CC44OJ44OD44Kw44OV44O844OJ44Kt44Oj44OD44OI44OV44O844OJ44Oa44OD44OI44K344O844OE5piG6Jmr44Km44K144Ku44Ot44Kk44Ok44Or44Kr44OK44OzR1JFRU5JRVPnnaHok67piaLoprPokYnmpI3nianjgrXjgqTjgqjjg7Pjgrnjg4DjgqTjgqjjg4Pjg4jph5HprZrjg6Hjg4Djgqvjg5Pjg7zjgrfjg6Xjg6rjg7Pjg5fvvKfvvKXvvLjjgIDjg6Hjg4DjgqvlhYPmsJfjgbbjgY/jgbbjgY/jg5bjg63jg4Pjgq/jgIDjg6Hjg4DjgqvjgIDphbjntKDjgIDplqLmnbHlvZPml6Xkvr8=,77yn77yl77y444CA44Oh44OA44Kr5YWD5rCX44G244GP44G244GP44OW44Ot44OD44Kv44CA44Oh44OA44Kr44CA6YW457Sg44CA6Zai5p2x5b2T5pel5L6/[rn]
37-51600,aHR0cDovL3RzaG9wLnIxMHMuanAvY2hhbmV0L2NhYmluZXQvMzAwOS8zMDA5ODctMS5qcGc/Zml0aW49NzAwOjcwMA==,MTU4NC4wMDAw,,44Oa44OD44OI44O744Oa44OD44OI44Kw44OD44K6ID4g54ax5biv6a2a44O744Ki44Kv44Ki44Oq44Km44OgID4g5rC05qe944O744Ki44Kv44Ki44Oq44Km44OgID4g5rC06LOq566h55CG55So5ZOBID4g5rC06LOq6Kq/5pW05Ymk,44Kq44Kt44K344OH44O844K/44O844CA5bCC55So6KOc5YWF5ray44CA77yR77ys44CA6Zai5p2x5b2T5pel5L6/,,PEhSPjxCPuKWoOOBk+OBruWVhuWTgeOCkuOBiuiyt+OBhOS4iuOBkuOBruOBiuWuouanmOOBr+OAgeS4i+iomOWVhuWTgeOCguOBiuiyt+OBhOS4iuOBkuOBp+OBmeOAguKAu+OBk+OBruWVhuWTgeOBq+OBr+S7mOWxnuOBl+OBvuOBm+OCk+OAguKWoDwvQj48QlI+PEEgSFJFRj0iaHR0cDovL2l0ZW0ucmFrdXRlbi5jby5qcC9jaGFuZXQvMzAwOTg0LyI+44Kq44Kt44K344OH44O844K/44O844CA44Of44OLPC9BPjxCUj48QSBIUkVGPSJodHRwOi8vaXRlbS5yYWt1dGVuLmNvLmpwL2NoYW5ldC8zMDA5ODUvIj7jgqrjgq3jgrfjg4fjg7zjgr/jg7zjgIDvvKTjgr/jgqTjg5c8L0E+PEJSPjxBIEhSRUY9Imh0dHA6Ly9pdGVtLnJha3V0ZW4uY28uanAvY2hhbmV0LzMwMDk4Ni8iPuOCquOCreOCt+ODh+ODvOOCv+ODvOOAgO+8oeOCv+OCpOODlzwvQT48YnI+PGltZyBzcmM9Imh0dHA6Ly93d3cucmFrdXRlbi5uZS5qcC9nb2xkL2NoYW5ldC9pbWFnZS9pY29uL3RhbmsvaWNvbi9paWNvbl90aXQuX3NlaXRhaS5naWYiPjxicj48aW1nIHNyYz0iaHR0cDovL3d3dy5yYWt1dGVuLm5lLmpwL2dvbGQvY2hhbmV0L2ltYWdlL2ljb24vdGFuay9pY29uL2lpY29uX2Zvb2Rfa2luZ3lvLmdpZiIgd2lkdGg9IjgwIiBoZWlnaHQ9IjgwIiBhbHQ9IumHkemtmiI+PGJyPjxicj48YnI+PGJyPjxkaXYgY2xhc3M9ImNvbnRhaW5lcl9hcXVhIj48ZGl2IGNsYXNzPSJjYXRjaF9hcXVhIj48c3Ryb25nPuOCquOCreOCt+ODh+ODvOOCv+ODvOOCt+ODquODvOOCuuOBruWwgueUqOijnOWFhea2su+8gTwvc3Ryb25nPjwvZGl2PjxiciAvPjx0YWJsZSBjbGFzcz0idGFibGVfc3BlY19hcXVhIiBib3JkZXI9IjEiPjx0cj48dGggY29sc3Bhbj0iMiIgY2xhc3M9InRpdGxlIj7jgqrjgq3jgrfjg4fjg7zjgr/jg7zjgIDlsILnlKjoo5zlhYXmtrLjgIDvvJHvvKw8L3RoPjwvdHI+PHRyPjx0aD7lr77osaE8L3RoPjx0ZD7jgqrjgq3jgrfjg4fjg7zjgr/jg7zjgrfjg6rjg7zjgrrjgIDlhajmqZ/nqK7lhbHpgJo8L3RkPjwvdHI+PHRyPjx0aD7nibnplbc8L3RoPjx0ZD7il4/jgqrjgq3jgrfjg4fjg7zjgr/jg7zjgrfjg6rjg7zjgrrlhbHpgJrjga7lsILnlKjoo5zlhYXmtrLjgafjgZnjgII8YnIgLz7il4/jgqrjgq3jgrfjg4fjg7zjgr/jg7zjga7pgYvnlKjjgavjga/mnKzlk4HjgYzkuI3lj6/mrKDjgafjgZnjgILjgZzjgbLkuIDnt5LjgavjgYrmsYLjgoHjgY/jgaDjgZXjgYTjgII8YnIgLz48YnIgLz7jgJDjgqrjgq3jgrfjg4fjg7zjgr/jg7zjga7ljp/nkIbjgajmp4vpgKDjgJE8YnIgLz7il4/mqLnohILjgqzjg6njgrnjga7lrrnlmajjga7kuK3jgafjgIHpgY7phbjljJbmsLTntKDmsLTjgajpq5jluqbjgaroo73ms5Xjgavjgojjgovop6blqpLjgajjgpLljJblrablj43lv5zjgZXjgZvjgIHmtLvmgKfphbjntKDjgpLnmbrnlJ/jgZXjgZvjgovlmajlhbfjgafjgZnjgII8YnIgLz7il4/jg4njgqTjg4Tjga7msLTjga7mqKnlqIHogIXjgafjgYLjgovjgIzvvKTvvZLvvI7jgr7jg5Ljg4bjgqPjg7PjgrDjgI3jgYzplovnmbrjgZfjgb7jgZfjgZ/jgII8YnIgLz7il4/jgZ3jga7jg6Hjgqvjg4vjgrrjg6Djga/jgIHmqLnohILjgqzjg6njgrnoo73jga7olqzmtrLjgr/jg7Pjgq/jga7kuK3jgafnmbrnlJ/jgZfjgZ/phbjntKDjgqzjgrnjgYzjgIHjgZ3jga7lnKflipvjgavlv5zjgZjjgZ/ph4/jga7pgY7phbjljJbmsLTntKDmsLTjgpLmtLvmgKfphbjntKDjgavjgZfjgabmsLTkuK3jgavmlL7lh7rjgZfjgabjgIHjgrPjg7Pjgrnjgr/jg7Pjg4jjgavliY3ov7Djga7lirnmnpzjgpLnmbrmj67jgZfjgarjgYzjgonntJTnsovphbjntKDjgavlpInljJbjgZfjgabjgYTjgY3jgb7jgZnjgII8YnIgLz7il4/jgZfjgZ/jgYzjgaPjgabjgIHmsLTph4/jgavlv5zjgZjjgZ/olqzmtrLmv4Pluqbjga7mjIflrprolqzmtrLjgpLnlKjjgYTjgabjgYTjgovpmZDjgorjgIHmsLTmp73lj4rjgbPmsaDlhoXjga/nkIbmg7PnmoTjgarmsLTos6rjgYzkv53mjIHjgZXjgozntprjgZHjgb7jgZnjgII8L3RkPjwvdHI+PHRyPjx0aD7lhoXlrrnph488L3RoPjx0ZD7vvJHvvKw8L3RkPjwvdHI+PHRyPjx0aD7jgZTkvb/nlKjmlrnms5U8L3RoPjx0ZD7il4/mnKzlk4Hjga/jgIHlv4XopoHjgavlv5zjgZjjgabluIzph4jjgZfjgabjgZTkvb/nlKjjgY/jgaDjgZXjgYTjgII8YnIgLz7il4/jgqrjgq3jgrfjg4fjg7zjgr/vvKHvvJrmnKzmtrLjgpLjgZ3jga7jgb7jgb7kvb/nlKjjgZfjgabjgY/jgaDjgZXjgYTjgII8YnIgLz7il4/jgqrjgq3jgrfjg4fjg7zjgr/vvKTvvJrmsLTvvJHjgavlr77jgZfjgIHmnKzmtrLvvJHjgpLliqDjgYjjgabjgZTkvb/nlKjjgY/jgaDjgZXjgYTjgII8YnIgLz7il4/jgqrjgq3jgrfjg4fjg7zjgr/jg7zjg5/jg4vvvJrmsLTvvJHjgavlr77jgZfjgIHmnKzmtrLvvJXjgpLliqDjgYjjgabjgZTkvb/nlKjjgY/jgaDjgZXjgYTjgII8YnIgLz7il4/msLTmp73jga7msLTph4/jgavjgojjgorjgIHmnKzkvZPoqqzmmI7mm7jjgavlvpPjgYTjgIHmsLTjga7ph4/jgpLliqDmuJvjgZfjgabjgY/jgaDjgZXjgYTjgII8YnIgLz7il4/luIzph4jjgavkvb/nlKjjgZnjgovmsLTjga/jgIHnsr7oo73msLTjgoLjgZfjgY/jga/jgZ3jgozjgavpoIbjgZrjgovmsLTjgpLkvb/nlKjjgZfjgabjgY/jgaDjgZXjgYTjgILjg5/jg43jg6njg6vjgqbjgqnjg7zjgr/jg7zjgIHjgqLjg6vjgqvjg6rmsLTjgIHkupXmiLjmsLTjgarjganjgafluIzph4jjgZnjgovjgZPjgajjga/jgafjgY3jgb7jgZvjgpPjgII8L3RkPjwvdHI+PHRyPjx0aD7jgZTms6jmhI88L3RoPjx0ZD7igLvmnKzlk4Hjga/jgqrjgq3jgrfjg4fjg7zjgr/jg7zlsILnlKjjga7oo5zlhYXmtrLjgafjgZnjgILjgZ3jgozku6XlpJbjga7nlKjpgJTjgavjga/kvb/nlKjjgZfjgarjgYTjgafjgY/jgaDjgZXjgYTjgII8YnIgLz7igLvmnKzlk4HjgYznianjgavku5jnnYDjgZfjgZ/loLTlkIjjgIHlpInoibLjg7vohLHoibLjg7vlpInos6rjgZnjgovjgZPjgajjgYzjgYLjgorjgb7jgZnjga7jgafjgIHjgZTms6jmhI/jgY/jgaDjgZXjgYTjgII8YnIgLz7igLvmnKzlk4Hjgavmr5LmgKfjga/jgYLjgorjgb7jgZvjgpPjgYzjgIHljp/mtrLjgYzkvZPjgavku5jnnYDjgZfjgZ/loLTlkIjjgIHjgoTjgZHjganjga7jgojjgYbjgarnirbmhYvjgavjgarjgovjgZPjgajjgYzjgYLjgorjgb7jgZnjgII8YnIgLz7igLvjgZTkvb/nlKjjga7pmpvjga/jg5Pjg4vjg7zjg6vmiYvooovjgarjganjgpLjgZfjgIHnibnjgavnm67jgoTpoZTjgavmtrLjgYzlvZPjgZ/jgonjgarjgYTjgojjgYbjgIHpo5vjgbPot7Pjga3jgarjganjgavjgoLljYHliIbjgZTms6jmhI/jgY/jgaDjgZXjgYTjgII8YnIgLz7igLvkuIfjgYzkuIDjgIHnm67jgavlhaXjgaPjgZ/loLTlkIjjgavjga/jgIHjgZnjgZDjgavmsLTlj4jjga/jgazjgovjgb7mua/jgafmtJfjgYTmtYHjgZfjgIHnmq7ohprnp5Hjga7oqLrnmYLjgpLjgYrjgZnjgZnjgoHjgZfjgb7jgZnjgII8YnIgLz7igLvluIzph4jmtrLjga7kvZzjgornva7jgY3jga/jgZfjgarjgYTjgafjgY/jgaDjgZXjgYTjgII8L3RkPjwvdHI+PC90YWJsZT48L2Rpdj48YnI+PGJyPjxkaXYgY2xhc3M9ImluY2x1ZGVfY29udGVudHMiIGlkPSJjLWhyZWZfcGFrZWhlbiI+PGRpdiBjbGFzcz0iaWZyYW1lZmxleCBpbmNfaXRlbWxpc3QiPiA8L2Rpdj48aDM+44OR44OD44Kx44O844K4562J44Gu5aSJ5pu044Gr44Gk44GE44GmPC9oMz48c3BhbiBjbGFzcz0icmVkIj7kuojlkYrjgarjgY/jg5Hjg4PjgrHjg7zjgrjjgIHku5Xmp5jvvIjljp/mnZDmlpnjgIHnlJ/nlKPlm73jgIHoibLjgIHlvaLnirbjgIHjgrXjgqTjgrrnrYnvvInjga7lpInmm7TjgYzjgYLjgovloLTlkIjjgYzjgZTjgZbjgYTjgb7jgZnjgILkuojjgoHjgZTkuobmib/jgY/jgaDjgZXjgYTjgII8L3NwYW4+PGJyIC8+PC9kaXY+PGJyPjxicj48ZGl2IGNsYXNzPSJpZnJhbWVmbGV4IGluY19xcmNvZGUiPjwvZGl2PjxiciAvPjxiciAvPuODgeODo+ODvOODoOalveWkqeW4guWgtOW6l+OAgOODmuODg+ODiOeUqOWTgeODu+eUn+OBjeeJqeWwgumWgDxicj48YnI+PEJSPuOCquOCreOCt+ODh+ODvOOCv+ODvOOAgOODn+ODizxCUj7jgqrjgq3jgrfjg4fjg7zjgr/jg7zjgIDvvKTjgr/jgqTjg5c8QlI+44Kq44Kt44K344OH44O844K/44O844CA77yh44K/44Kk44OXPGJyPjxicj4g4oCmIOOCquOCreOCt+ODh+ODvOOCv+ODvOOAgOWwgueUqOijnOWFhea2suOAgO+8oeOCv+OCpOODl+OAgO+8pOOCv+OCpOODl+OAgOWFqOapn+eoruWFsemAmuOAgOOCouOCr+OCoueUqOWTge+8kuOAgOawtOizquiqv+aVtOWJpOOAgOa0u+aAp+mFuOe0oOOAgOOCouODs+ODouODi+OCouOAgOS6nOehnemFuOOAgOmZpOWOu+OAgOWvvuetluOAgOeZvea/geOCiuOAgOeZveOBq+OBlOOCiuOAgOOCs+OCseOAgOiLlOOAgOaKkeWItuOAgOiXjeiXu+OAgOmHkemtmuOAgOODh+OCo+OCueOCq+OCueOAgOWPpOS7o+mtmuOAgOOCouODreODr+ODiuOAgDIwMTcwMjA044CA77yr77yr44CA5rC05YiG5a2Q44CA44Kv44Op44K544K/44O844CA6YW457Sg5L6b57Wm44CA44Ko44Ki44Os44O844K344On44Oz44CA44Ko44Ki44O844Os44O844K344On44Oz44CA77yv77y477yk77yh77y077yv77yy44CA44Of44OL44CA77yt77yp77yu77yp44CA77yh44CA77yk44CA44OJ44Kk44OE6KO944CANDAxOTA1NjgyNTMwMw==,44Kq44Kt44K344OH44O844K/44O844CA5bCC55So6KOc5YWF5ray44CA77yR77ys44CA6Zai5p2x5b2T5pel5L6/77yaY2hhcm0g5qW95aSp5biC5aC05bqX,54ax5biv6a2a44K544Kk44Os44Oz54iq44Go44GO5rC06I2J44Kw44Oq44OL44O844K654yr56CC5aSn56Ov56CC44OJ44OD44Kw44OV44O844OJ44Kt44Oj44OD44OI44OV44O844OJ44Oa44OD44OI44K344O844OE5piG6Jmr44Km44K144Ku44Ot44Kk44Ok44Or44Kr44OK44OzR1JFRU5JRVPnnaHok67piaLoprPokYnmpI3nianjgrXjgqTjgqjjg7Pjgrnjg4DjgqTjgqjjg4Pjg4jph5HprZrjg6Hjg4Djgqvjg5Pjg7zjgrfjg6Xjg6rjg7Pjg5fjgqrjgq3jgrfjg4fjg7zjgr/jg7zjgIDlsILnlKjoo5zlhYXmtrLjgIDvvJHvvKzjgIDplqLmnbHlvZPml6Xkvr8=,44Kq44Kt44K344OH44O844K/44O844CA5bCC55So6KOc5YWF5ray44CA77yR77ys44CA6Zai5p2x5b2T5pel5L6/[rn]
37-51601,aHR0cDovL3RzaG9wLnIxMHMuanAvY2hhbmV0L2NhYmluZXQvMTcwMS8xNjk4MTQtMS5qcGc/Zml0aW49NzAwOjcwMA==,MTAwMC4wMDAw,,44Oa44OD44OI44O744Oa44OD44OI44Kw44OD44K6ID4g54ax5biv6a2a44O744Ki44Kv44Ki44Oq44Km44OgID4g5rC05qe944O744Ki44Kv44Ki44Oq44Km44OgID4g5rC06LOq566h55CG55So5ZOBID4g5rC06LOq6Kq/5pW05Ymk,44K/44Kr44Op44CA6a+J44Gu44KI44KN44GT44Gz44CA77yR772L772H44CA5rGg44CA5rC05qe944CA5rC06LOq5rWE5YyW44CA6Zai5p2x5b2T5pel5L6/,,PEhSPjxCPuKWoOOBk+OBruWVhuWTgeOCkuOBiuiyt+OBhOS4iuOBkuOBruOBiuWuouanmOOBr+OAgeS4i+iomOWVhuWTgeOCguOBiuiyt+OBhOS4iuOBkuOBp+OBmeOAguKAu+OBk+OBruWVhuWTgeOBq+OBr+S7mOWxnuOBl+OBvuOBm+OCk+OAguKWoDwvQj48QlI+PEEgSFJFRj0iaHR0cDovL2l0ZW0ucmFrdXRlbi5jby5qcC9jaGFuZXQvMTIxMDIvIj7jg4bjg4jjg6njgIDjgqbjgqPjg7zjgq/jgqjjg7Pjg4njgIDvvJnvvYfjgIDnhrHluK/prZrnlKg8L0E+PEJSPjxBIEhSRUY9Imh0dHA6Ly9pdGVtLnJha3V0ZW4uY28uanAvY2hhbmV0LzE2OTgxMS8iPuWPluWvhOOBm+WVhuWTgeOAgOODkOOCpOOCquODmOODq+OCt+ODvOOAgO+8ku+8ju+8le+9i++9h+OAgOWFieWQiOaIkOe0sOiPjOOAgO+8sO+8s++8ouOAgOa3u+WKoOWJpDwvQT48QlI+PEEgSFJFRj0iaHR0cDovL2l0ZW0ucmFrdXRlbi5jby5qcC9jaGFuZXQvMTY5ODEyLyI+44OQ44Kk44Kq44OY44Or44K344O844CA77yV772L772H44CA5YWJ5ZCI5oiQ57Sw6I+M44CA77yw77yz77yi44CA5re75Yqg5YmkPC9BPjxCUj48QSBIUkVGPSJodHRwOi8vaXRlbS5yYWt1dGVuLmNvLmpwL2NoYW5ldC8xNjk4MTMvIj7lj5blr4TjgZvllYblk4HjgIDjg5DjgqTjgqrjg5jjg6vjgrfjg7zjgIDvvJHvvJDvvYvvvYfjgIDlhYnlkIjmiJDntLDoj4zjgIDvvLDvvLPvvKLjgIDmt7vliqDliaQ8L0E+PEJSPjxBIEhSRUY9Imh0dHA6Ly9pdGVtLnJha3V0ZW4uY28uanAvY2hhbmV0LzY0OTQyLyI+44Oh44O844Kr44O855u06YCB44CA44K844Oz44K544Kk44CA44Km44Kp44O844K/44O844Kv44Oq44O844OK44O844CA5aSn5q2j44CA77yT77yQTDwvQT48YnI+PFRBQkxFIGNsYXNzPSJjb250YWluZXJfYXF1YSI+PFRSPjxURD48ZGl2IGNsYXNzPSJjYXRjaF9hcXVhIj48Qj7lpKfoh6rnhLbjga7msLTnkrDlooPjgavvvIE8L0I+PC9kaXY+PEJSPueUn+WRveS9k+OBq+eEoeWus+OBquWkqeeEtuOCu+ODqeODn+ODg+OCr+OBruawtOizqua1hOWMluWJpOOBp+OBmeOAguawtOizquOCku+9kO+8qO+8l++9nu+8l++8ju+8lOOBruW8seOCouODq+OCq+ODquaAp+OBq+e2reaMgeOBl+OBvuOBmeOAgjxCUj7lsqnnn7Pjga7ntYTmiJDjg5/jg43jg6njg6vjgYzosYrlr4zjgavlkKvjgb7jgozjgIHnlJ/lkb3kvZPjga7ntLDog57jga7mlrDpmbPku6PorJ3mtLvli5XjgavmrKDjgYvjgZvjgarjgYTphbjntKDjga7mtLvmgKfljJbjgavph43opoHjgarlvbnlibLjgpLmi4XjgaPjgabjgYTjgb7jgZnjgII8QlI+5rC05Lit44Gu44Of44ON44Op44Or44GM5qyg5LmP44GX44G+44GZ44Go6a2a44O75qSN54mp44O75b6u55Sf54mp562J44Gu55Sf5ZG95L2T44Gr5aSJ5YyW44GM55Sf44GY44CB55Sf5oWL57O744Gu44OQ44Op44Oz44K544GM5bSp44KM44Gm44GX44G+44GE44G+44GZ44CCPEJSPuawtOS4reOBruODn+ODjeODqeODq+ODkOODqeODs+OCueOCkuiqv+aVtOOBl+OAgeeUn+WRveS9k+OBjOato+W4uOOBqueUn+iCsuOCkuaMgee2muOBp+OBjeOCi+eSsOWig+OBpeOBj+OCiuOCkuOAgeOCu+ODqeODn+ODg+OCr+ODkeOCpuODgOODvOKJqumvieOBruOCiOOCjeOBk+OBs+KJq+OBjOWkqeeEtuOBruWKm+OBp+eiuuWun+OBq+ihjOOBhOOBvuOBmeOAgjxCUj48YnI+PFRBQkxFIGNsYXNzPSJ0YWJsZV9zcGVjX2FxdWEiIGJvcmRlcj0iMSI+PFRSPjxUSCBjb2xzcGFuPSIyIiBjbGFzcz0idGl0bGUiPuOCv+OCq+ODqeOAgOmvieOBruOCiOOCjeOBk+OBs+OAgO+8ke+9i++9h+OAgOaxoOOAgOawtOanveOAgOawtOizqua1hOWMljwvVEg+PC9UUj48VFI+PFRIPuWvvuixoemtmjwvVEg+PFREPumvieODu+mHkemtmuODu+a1t+awtOmtmu+8iOeGseW4r+mtmumZpOOBj++8iTwvVEQ+PC9UUj48VFI+PFRIPueJuemVtzwvVEg+PFREPuKXj+eUn+WRveS9k+OBq+eEoeWus+OBquWkqeeEtuOCu+ODqeODn+ODg+OCr+ODkeOCpuODgOODvOOBp+OBmeOAguawtOizquOCkua1hOWMluOBl+OAgeW8seOCouODq+OCq+ODquaAp+OBq+e2reaMgeOBl+OBvuOBmeOAgjxCUj7il4/lpKnnhLblvq7ntLDjgqvjg6vjgrfjgqbjg6Djg7vpgaDotaTjgYzmsLTjgpLmtLvmgKfljJbjgZfjgIHmsLTjga7nrqHnkIbjgYzlrrnmmJPjgavjgarjgorjgb7jgZnjgII8QlI+4peP44KN5p2Q5rSX5rWE44K144Kk44Kv44Or44GM5aSn5bmF44Gr5Ly444Gz44CB5rSX5rWE44Gu54Wp44KP44GX44GV44GL44KJ6Kej5pS+44GV44KM44G+44GZ44CCPEJSPuKXj+S4u+aIkOWIhuOBrueCremFuOOCq+ODq+OCt+OCpuODoOOBjOawtOOBru+9kO+8qOOCku+8l++9nu+8l++8ju+8lOOBruW8seOCouODq+OCq+ODquOBq+iHquWLleeahOOBq+OCs+ODs+ODiOODreODvOODq+OBl+OBvuOBmeOAgjxCUj7il4/jgqLjg7Pjg6Ljg4vjgqLjg7vkupznoZ3phbjmhYvnqpLntKDjg7vnoavljJbmsLTntKDnrYnjga7jg57jgqTjg4rjgrnlm6DlrZDjga7lkLjnnYDjg7vliIbop6PjgYzjgafjgY3jgb7jgZnjgII8QlI+4peP6ZuR6I+M44O744Ki44Kq44Kz44Gu5aKX57mB5q6W44KS5oqR5Yi244GX44CB6a2a44GM5YGl5bq35L2T44Go44Gq44KK6Imy44O744OE44Ok44GM6Imv44GP44Gq44KK44G+44GZ44CCPEJSPuKXj+eymOedgOaAp+OBjOOBquOBj+OCjeadkOOBruebruipsOOBvuOCiuOBjOOBguOCiuOBvuOBm+OCk+OAgjxCUj7il4/ntITvvJHlubTjga7plbfmnJ/jgavmuKHjgaPjgablirnmnpzjgYzmjIHntprjgZfjgb7jgZnjgII8QlI+PC9URD48L1RSPjxUUj48VEg+5YaF5a656YePPC9USD48VEQ+77yR772L772HPC9URD48L1RSPjxUUj48VEg+5oiQ5YiGPC9USD48VEQ+54Kt6YW444Kr44Or44K344Km44Og77ya77yS77yU77yO77yV77yF44CB44GR44GE6YW477ya77yT77yS77yO77yW77yF44CB6YW45YyW44Ki44Or44Of44OL44Km44Og77ya77yY77yO77yS77yF44CB6YW45YyW44OK44OI44Oq44Km44Og77ya77yT77yO77yZ77yF44CB6YW45YyW44Oe44Kw44ON44K344Km44Og77ya77yQ77yO77yW77yF44CB6YW45YyW44Kr44Oq44Km44Og77ya77yQ77yO77yV77yF44CB54Kt6YW444Ks44K577ya77yS77yU77yO77yV77yF44CB44Gd44Gu5LuW5b6u6YeP5YWD57SgPC9URD48L1RSPjxUUj48VEg+5L2/55So5pa55rOVPC9USD48VEQ+4peP5rC077yR772U44GC44Gf44KK77yI5rC05rex77yV77yQ772D772N44Gn55Wz5LiA5p6a55u45b2T77yJ57eP5pWj5biD6YeP77yR772e77yT772L772H44KS55uu5a6J44Gr5pWj5biD44GX44Gm5LiL44GV44GE44CCPEJSPuKXj+OCjeadkOOBrua0l+a1hOetieOBp+OCu+ODqeODn+ODg+OCr+ODkeOCpuODgOODvOOBjOa1geWHuuOBl+OBn+mam+OBquOBqeOBr+OAgemBqeWunOi/veWKoOaVo+W4g+OCkuihjOOBo+OBpuS4i+OBleOBhOOAgjxCUj7il4/msLTmp73jgafjgZTkvb/nlKjjga7pmpvjgavjga/mlaPluIPph4/jgpLoqr/mlbTjgZfjgabkuIvjgZXjgYTjgII8QlI+4peP5pys6KO95ZOB44Gv6a+J44O76YeR6a2a44O75rW35rC06a2a44Gu6aO86IKy55So44Gn44GZ44CC77yI54ax5biv6a2a44Gv6Zmk44GN44G+44GZ77yJPC9URD48L1RSPjxUUj48VEg+44GU5rOo5oSPPC9USD48VEQ+4oC75pWj5biD5pmC44Gr55m95r+B44GX44G+44GZ44GM44CB5pmC6ZaT44Gu57WM6YGO44Go5YWx44Gr5r6E44KT44Gn44GN44G+44GZ44CCPEJSPuKAu+S4gOWbnuOBq+WkmumHj+OBq+aKleWFpeOBl+OBvuOBmeOBqOmvieOBjOmpmuOBhOOBpuaatOOCjOOBn+OCiuOBmeOCi+OBk+OBqOOBjOOBguOCiuOBvuOBmeOBjOOAgeawtOizquOBq+mmtOafk+OCgOOBqOiQveOBoeedgOOBjeOBvuOBmeOAgjxCUj48L1REPjwvVFI+PC9UQUJMRT48L1REPjwvVFI+PC9UQUJMRT48YnI+PGJyPjxkaXYgY2xhc3M9ImluY2x1ZGVfY29udGVudHMiIGlkPSJjLWhyZWZfcGFrZWhlbiI+PGRpdiBjbGFzcz0iaWZyYW1lZmxleCBpbmNfaXRlbWxpc3QiPiA8L2Rpdj48aDM+44OR44OD44Kx44O844K4562J44Gu5aSJ5pu044Gr44Gk44GE44GmPC9oMz48c3BhbiBjbGFzcz0icmVkIj7kuojlkYrjgarjgY/jg5Hjg4PjgrHjg7zjgrjjgIHku5Xmp5jnrYnjga7lpInmm7TjgYzjgYLjgovloLTlkIjjgYzjgZTjgZbjgYTjgb7jgZnjgILkuojjgoHjgZTkuobmib/jgY/jgaDjgZXjgYTjgII8L3NwYW4+PGJyIC8+PC9kaXY+PGJyPjxicj48ZGl2IGNsYXNzPSJpZnJhbWVmbGV4IGluY19xcmNvZGUiPjwvZGl2PjxiciAvPjxiciAvPuODgeODo+ODvOODoOalveWkqeW4guWgtOW6l+OAgOODmuODg+ODiOeUqOWTgeODu+eUn+OBjeeJqeWwgumWgDxicj48YnI+PEJSPuODhuODiOODqeOAgOOCpuOCo+ODvOOCr+OCqOODs+ODieOAgO+8me+9h+OAgOeGseW4r+mtmueUqDxCUj7lj5blr4TjgZvllYblk4HjgIDjg5DjgqTjgqrjg5jjg6vjgrfjg7zjgIDvvJLvvI7vvJXvvYvvvYfjgIDlhYnlkIjmiJDntLDoj4zjgIDvvLDvvLPvvKLjgIDmt7vliqDliaQ8QlI+44OQ44Kk44Kq44OY44Or44K344O844CA77yV772L772H44CA5YWJ5ZCI5oiQ57Sw6I+M44CA77yw77yz77yi44CA5re75Yqg5YmkPEJSPuWPluWvhOOBm+WVhuWTgeOAgOODkOOCpOOCquODmOODq+OCt+ODvOOAgO+8ke+8kO+9i++9h+OAgOWFieWQiOaIkOe0sOiPjOOAgO+8sO+8s++8ouOAgOa3u+WKoOWJpDxCUj7jg6Hjg7zjgqvjg7znm7TpgIHjgIDjgrzjg7PjgrnjgqTjgIDjgqbjgqnjg7zjgr/jg7zjgq/jg6rjg7zjg4rjg7zjgIDlpKfmraPjgIDvvJPvvJBMPGJyPjxicj4g4oCmIOOCouOCr+OCoueUqOWTgeOAgOOCv+OCq+ODqeOAgOmvieOBruOCiOOCjeOBk+OBs+OAgO+8ke+9i++9h+OAgOaxoOOAgOawtOanveOAgOawtOizqua1hOWMluOAgO+9kEjoqr/mlbTjgIDjgrvjg6njg5/jg4Pjgq/jg5Hjgqbjg4Djg7zjgIDlvLHjgqLjg6vjgqvjg6rmgKfjgIDmsaDjgIDmsLTmp73jgIDpr4njgIDph5HprZrjgIDmtbfmsLTprZrjgIAyMDE0MDEyNeOAgE9LQuOAgF9hcXVh44CA44CQ44GC44GZ5qW9X+Wcn+abnOWWtualreOAkeOAgOOAkOOBguOBmealvV/ml6Xmm5zllrbmpa3jgJHjgIDjgJDjgYLjgZnmpb1f5bm05Lit54Sh5LyR44CR44CANDk2MDA0MTQwODE1OA==,44K/44Kr44Op44CA6a+J44Gu44KI44KN44GT44Gz44CA77yR772L772H44CA5rGg44CA5rC05qe944CA5rC06LOq5rWE5YyW44CA6Zai5p2x5b2T5pel5L6/77yaY2hhcm0g5qW95aSp5biC5aC05bqX,54ax5biv6a2a44K544Kk44Os44Oz54iq44Go44GO5rC06I2J44Kw44Oq44OL44O844K654yr56CC5aSn56Ov56CC44OJ44OD44Kw44OV44O844OJ44Kt44Oj44OD44OI44OV44O844OJ44Oa44OD44OI44K344O844OE5piG6Jmr44Km44K144Ku44Ot44Kk44Ok44Or44Kr44OK44OzR1JFRU5JRVPnnaHok67piaLoprPokYnmpI3nianjgrXjgqTjgqjjg7Pjgrnjg4DjgqTjgqjjg4Pjg4jph5HprZrjg6Hjg4Djgqvjg5Pjg7zjgrfjg6Xjg6rjg7Pjg5fjgr/jgqvjg6njgIDpr4njga7jgojjgo3jgZPjgbPjgIDvvJHvvYvvvYfjgIDmsaDjgIDmsLTmp73jgIDmsLTos6rmtYTljJbjgIDplqLmnbHlvZPml6Xkvr8=,44K/44Kr44Op44CA6a+J44Gu44KI44KN44GT44Gz44CA77yR772L772H44CA5rGg44CA5rC05qe944CA5rC06LOq5rWE5YyW44CA6Zai5p2x5b2T5pel5L6/[rn]
37-51602,aHR0cDovL3RzaG9wLnIxMHMuanAvY2hhbmV0L2NhYmluZXQvMTcwMS8xNjk4MTAtMS5qcGc/Zml0aW49NzAwOjcwMA==,MTU0NC4wMDAw,,44Oa44OD44OI44O744Oa44OD44OI44Kw44OD44K6ID4g54ax5biv6a2a44O744Ki44Kv44Ki44Oq44Km44OgID4g5rC05qe944O744Ki44Kv44Ki44Oq44Km44OgID4g5rC06LOq566h55CG55So5ZOBID4g5rC06LOq6Kq/5pW05Ymk,44OQ44Kk44Kq44OV44Kh44Kv44K/44O844CA77y277ys44CA77yR77yO77yV772L772H44CA44Kz44Kk44CA6Yym6a+J44CA5oiQ6ZW35L+D6YCy44CA6Zai5p2x5b2T5pel5L6/,,PEhSPjxCPuKWoOOBk+OBruWVhuWTgeOCkuOBiuiyt+OBhOS4iuOBkuOBruOBiuWuouanmOOBr+OAgeS4i+iomOWVhuWTgeOCguOBiuiyt+OBhOS4iuOBkuOBp+OBmeOAguKAu+OBk+OBruWVhuWTgeOBq+OBr+S7mOWxnuOBl+OBvuOBm+OCk+OAguKWoDwvQj48QlI+PEEgSFJFRj0iaHR0cDovL2l0ZW0ucmFrdXRlbi5jby5qcC9jaGFuZXQvMTYxOTA1LyI+57Ch5piT5qKx5YyF44CA44OX44Op566x77yW77yQ44CA44OW44Op44OD44Kv44CA77yI77y377yY77ySw5fvvKTvvJXvvJHDl++8qO+8ku+8ke+9g++9jeOAgOe0hO+8lu+8kO+8rO+8iTwvQT48QlI+PEEgSFJFRj0iaHR0cDovL2l0ZW0ucmFrdXRlbi5jby5qcC9jaGFuZXQvMTY5ODEwLyI+44OQ44Kk44Kq44OV44Kh44Kv44K/44O844CA77y277ys44CA77yR77yO77yV772L772H44CA44Kz44Kk44CA6Yym6a+J44CA5oiQ6ZW35L+D6YCyPC9BPjxCUj48QSBIUkVGPSJodHRwOi8vaXRlbS5yYWt1dGVuLmNvLmpwL2NoYW5ldC8yMDE3MzUvIj7vvLHvvJHvvJDjgYrosrfjgYTlvpfjgrvjg4Pjg4jjgIDnmb3mv4HpmaTljrvvvIjvvIvjgqvjg6vjgq3mipzjgY3vvInvvIvjg5Djgq/jg4bjg6rjgqLvvIvjg5/jg43jg6njg6vjgIDmt6HmsLTnlKjjgIDvvJXvvJDvvJDvvY3vvKzDl+WQhO+8keacrDwvQT48QlI+PEEgSFJFRj0iaHR0cDovL2l0ZW0ucmFrdXRlbi5jby5qcC9jaGFuZXQvMjAxODM0LyI+44GK77yR5Lq65qeY77yT54K56ZmQ44KK44CA77yx77yR77yQ44K544K/44O844OI44CA5reh5rC055So44CA77yV77yQ77yQ772N77ys44CA5qSN54mp55Sx5p2lIOeZvea/gemZpOWOu++8iOOCqOODk+OBq+WEquOBl+OBhOOCq+ODq+OCreaKnOOBje+8ieOBiuippuOBl++8k++8me+8meWGhjwvQT48QlI+PEEgSFJFRj0iaHR0cDovL2l0ZW0ucmFrdXRlbi5jby5qcC9jaGFuZXQvMjAxODUyLyI+77yx77yR77yQ44K544K/44O844OI44CA5reh5rC055So44CA77yV77yQ77yQ772N77ys44CA5qSN54mp55Sx5p2lIOeZvea/gemZpOWOu++8iOOCqOODk+OBq+WEquOBl+OBhOOCq+ODq+OCreaKnOOBje+8iSDmsLTmp70g56uL44Gh5LiK44GSIOWIneacnyAg6Kej5raIIOmHkemtmiDjgr3jgqTjg6s8L0E+PEJSPjxBIEhSRUY9Imh0dHA6Ly9pdGVtLnJha3V0ZW4uY28uanAvY2hhbmV0LzY0OTQyLyI+44Oh44O844Kr44O855u06YCB44CA44K844Oz44K544Kk44CA44Km44Kp44O844K/44O844Kv44Oq44O844OK44O844CA5aSn5q2j44CA77yT77yQTDwvQT48YnI+PFRBQkxFIGNsYXNzPSJjb250YWluZXJfYXF1YSI+PFRSPjxURD48ZGl2IGNsYXNzPSJjYXRjaF9hcXVhIj48Qj7pkZHos57msaDpjKbpr4njga7miJDplbfkv4PpgLLjgavvvIE8L0I+PC9kaXY+PEJSPumMpumvieOCkumjvOiCsuOBmeOCi+axoOOBruawtOOBp+OBr+OAgeW+rueUn+eJqeOChOiXu+mhnuOBq+OCiOOBo+OBpuW/heimgeOBquODn+ODjeODqeODq+OChOaxmuazpeS4reaIkOmVt+WboOWtkOOBjOa2iOiyu+OBleOCjOOBpuOBl+OBvuOBhuOBn+OCgeOAgemMpumvieOBruaIkOmVt+OBjOmYu+Wus+OBleOCjOOBpuOBl+OBvuOBhOOBvuOBmeOAguOBvuOBn+OAgeODn+ODjeODqeODq+OBjOasoOS5j+OBmeOCi+OBqOmqqOagvOODu+mxl+ODu+mwreOBruW9ouaIkOizquOBjOW8seOBj+OBquOCiueCjueXh+OBjOeZuueUn+OBl+OChOOBmeOBj+OBquOCiuOBvuOBmeOAgjxCUj7mnKzoo73lk4Hjga/jgIHpo5/mrLLkuI3mjK/jg7vpgYrms7PkuI3mjK/jgpLjga/jgZjjgoHjgajjgZnjgovlkITnqK7jga7ooajnmq7ngo7nl4fjga7msrvnmYLjgavlirnmnpzjgpLjgZfjgoHjgZfjgIHmsLTos6rjgpLmlLnlloTjgZfjgabpjKbpr4njga7miJDplbfjgpLkv4PpgLLjgZnjgovnlLvmnJ/nmoTjgarllYblk4HjgafjgZnjgII8QlI+PGJyPjxUQUJMRSBjbGFzcz0idGFibGVfc3BlY19hcXVhIiBib3JkZXI9IjEiPjxUUj48VEggY29sc3Bhbj0iMiIgY2xhc3M9InRpdGxlIj7jg5DjgqTjgqrjg5XjgqHjgq/jgr/jg7zjgIDvvLbvvKzjgIDvvJHvvI7vvJXvvYvvvYfjgIDjgrPjgqTjgIDpjKbpr4njgIDmiJDplbfkv4PpgLI8L1RIPjwvVFI+PFRSPjxUSD7lr77osaHprZo8L1RIPjxURD7pjKbpr4k8L1REPjwvVFI+PFRSPjxUSD7nibnplbc8L1RIPjxURD7il4/po5/mrLLkuI3mjK/jg7vpgYrms7PkuI3mjK/jgarjganjga7nl4fnirbjgpLjga/jgZjjgoHjgajjgZnjgovlkITnqK7jga7ooajnmq7ngo7nl4fjga7msrvnmYLjgavlirnmnpznmoTjgafjgZnjgII8QlI+4peP6aO86IKy5rGg44Gu5rC06LOq44KS5pS55ZaE44GX44CB6Yym6a+J44Gu5oiQ6ZW344KS5L+D6YCy44GX44G+44GZ44CCPEJSPuKXj+ehq+WMluawtOe0oOOAgeacieavkuOCrOOCueOBrueZuueUn+OCkumYsuatouOBl+OBvuOBmeOAgu+8iOeJueOBq+eomumtmuiCsuaIkOmHjuaxoOOBq+acieWKue+8iTwvVEQ+PC9UUj48VFI+PFRIPuWGheWuuemHjzwvVEg+PFREPu+8ke+8ju+8le+9i++9hzwvVEQ+PC9UUj48VFI+PFRIPuaIkOWIhjwvVEg+PFREPueCremFuOOCq+ODq+OCt+ODpeODvOODoO+8iOWkqeeEtuefs+eBsOefs++8ie+8mu+8me+8mO+8heOAge+8s++9ie+8r++8ku+8mu+8kO+8ju+8ku+8heOAge+8re+9h++8r++8mu+8kO+8ju+8mO+8hTxCUj7lnJ/lo4zmnInlirnlm6DlrZDjgajlpKnnhLbjgrDjg63jgrnjg5XjgqHjgq/jgr/jg7zmt7flkIjjgYzmt7vliqDjgZXjgozjgabjgYTjgb7jgZnjgII8L1REPjwvVFI+PFRSPjxUSD7kvb/nlKjmlrnms5U8L1RIPjxURD7il4/miJDplbfkv4PpgLLjgavjga/vvJXvvJDvvYfvvI/vvJHvvJDvvZTmsaDjgIHmr47ml6XvvJHlm57jga7mlaPluIPjgpLjgZfjgabjgY/jgaDjgZXjgYTjgII8QlI+4peP6KGo55qu44Gu54KO55eH5rK755mC44Gr44Gv77yR77yQ77yQ772e77yR77yS77yQ772H77yP77yR77yQ772U5rGg44CB5q+O5pel77yS5Zue44Gu5pWj5biD44KS44GX44Gm5LiL44GV44GE44CCPEJSPuKXj+mtmuOBruS4jeiqv+aUueWWhOOBq+OBr++8ke+8kO+8kO+9nu+8ke+8ku+8kO+9h++8j++8ke+8kO+9lOaxoOOAgeavjuaXpe+8keWbnu+9nu+8k+Wbnueoi+W6puOCkuaVo+W4g+OBl+OBpuS4i+OBleOBhDxCUj48L1REPjwvVFI+PC9URD48L1RSPjwvVEFCTEU+PC9URD48L1RSPjwvVEFCTEU+PGJyPjxicj48ZGl2IGNsYXNzPSJpbmNsdWRlX2NvbnRlbnRzIiBpZD0iYy1ocmVmX3Bha2VoZW4iPjxkaXYgY2xhc3M9ImlmcmFtZWZsZXggaW5jX2l0ZW1saXN0Ij4gPC9kaXY+PGgzPuODkeODg+OCseODvOOCuOetieOBruWkieabtOOBq+OBpOOBhOOBpjwvaDM+PHNwYW4gY2xhc3M9InJlZCI+5LqI5ZGK44Gq44GP44OR44OD44Kx44O844K444CB5LuV5qeY562J44Gu5aSJ5pu044GM44GC44KL5aC05ZCI44GM44GU44GW44GE44G+44GZ44CC5LqI44KB44GU5LqG5om/44GP44Gg44GV44GE44CCPC9zcGFuPjxiciAvPjwvZGl2Pjxicj48YnI+PGRpdiBjbGFzcz0iaWZyYW1lZmxleCBpbmNfcXJjb2RlIj48L2Rpdj48YnIgLz48YnIgLz7jg4Hjg6Pjg7zjg6Dmpb3lpKnluILloLTlupfjgIDjg5rjg4Pjg4jnlKjlk4Hjg7vnlJ/jgY3nianlsILploA8YnI+PGJyPjxCUj7nsKHmmJPmorHljIXjgIDjg5fjg6nnrrHvvJbvvJDjgIDjg5bjg6njg4Pjgq/jgIDvvIjvvLfvvJjvvJLDl++8pO+8le+8kcOX77yo77yS77yR772D772N44CA57SE77yW77yQ77ys77yJPEJSPuODkOOCpOOCquODleOCoeOCr+OCv+ODvOOAgO+8tu+8rOOAgO+8ke+8ju+8le+9i++9h+OAgOOCs+OCpOOAgOmMpumvieOAgOaIkOmVt+S/g+mAsjxCUj7vvLHvvJHvvJDjgYrosrfjgYTlvpfjgrvjg4Pjg4jjgIDnmb3mv4HpmaTljrvvvIjvvIvjgqvjg6vjgq3mipzjgY3vvInvvIvjg5Djgq/jg4bjg6rjgqLvvIvjg5/jg43jg6njg6vjgIDmt6HmsLTnlKjjgIDvvJXvvJDvvJDvvY3vvKzDl+WQhO+8keacrDxCUj7jgYrvvJHkurrmp5jvvJPngrnpmZDjgorjgIDvvLHvvJHvvJDjgrnjgr/jg7zjg4jjgIDmt6HmsLTnlKjjgIDvvJXvvJDvvJDvvY3vvKzjgIDmpI3niannlLHmnaUg55m95r+B6Zmk5Y6777yI44Ko44OT44Gr5YSq44GX44GE44Kr44Or44Kt5oqc44GN77yJ44GK6Kmm44GX77yT77yZ77yZ5YaGPEJSPu+8se+8ke+8kOOCueOCv+ODvOODiOOAgOa3oeawtOeUqOOAgO+8le+8kO+8kO+9je+8rOOAgOakjeeJqeeUseadpSDnmb3mv4HpmaTljrvvvIjjgqjjg5PjgavlhKrjgZfjgYTjgqvjg6vjgq3mipzjgY3vvIkg5rC05qe9IOeri+OBoeS4iuOBkiDliJ3mnJ8g6Kej5raIIOmHkemtmiDjgr3jgqTjg6s8QlI+44Oh44O844Kr44O855u06YCB44CA44K844Oz44K544Kk44CA44Km44Kp44O844K/44O844Kv44Oq44O844OK44O844CA5aSn5q2j44CA77yT77yQTDxicj48YnI+IOKApiDjgqLjgq/jgqLnlKjlk4HjgIDoqr/mlbTliaTvvI/jg5Djgq/jg4bjg6rjgqLjgIDjg5DjgqTjgqrjg5XjgqHjgq/jgr/jg7zjgIDvvLbvvKzjgIDvvJHvvI7vvJXvvYvvvYfjgIDjgrPjgqTjgIDpjKbpr4njgIDmiJDplbfkv4PpgLLjgIDmt7vliqDliaTjgIDmsLTos6rmtYTljJbjgIDmsLTos6rmlLnlloTjgIDnoavljJbmsLTntKDjgIDmsaDjgIDmsLTmp73jgIAyMDE0MDIwM+OAgE9LQuOAgOmvieOAgOmMpumvieOAgOOAkOOBguOBmealvV/lnJ/mm5zllrbmpa3jgJHjgIDjgJDjgYLjgZnmpb1f5pel5puc5Za25qWt44CR44CA44CQ44GC44GZ5qW9X+W5tOS4reeEoeS8keOAkSDjgIA0OTQwNzg5NTUxNjA2,44OQ44Kk44Kq44OV44Kh44Kv44K/44O844CA77y277ys44CA77yR77yO77yV772L772H44CA44Kz44Kk44CA6Yym6a+J44CA5oiQ6ZW35L+D6YCy44CA6Zai5p2x5b2T5pel5L6/77yaY2hhcm0g5qW95aSp5biC5aC05bqX,54ax5biv6a2a44K544Kk44Os44Oz54iq44Go44GO5rC06I2J44Kw44Oq44OL44O844K654yr56CC5aSn56Ov56CC44OJ44OD44Kw44OV44O844OJ44Kt44Oj44OD44OI44OV44O844OJ44Oa44OD44OI44K344O844OE5piG6Jmr44Km44K144Ku44Ot44Kk44Ok44Or44Kr44OK44OzR1JFRU5JRVPnnaHok67piaLoprPokYnmpI3nianjgrXjgqTjgqjjg7Pjgrnjg4DjgqTjgqjjg4Pjg4jph5HprZrjg6Hjg4Djgqvjg5Pjg7zjgrfjg6Xjg6rjg7Pjg5fjg5DjgqTjgqrjg5XjgqHjgq/jgr/jg7zjgIDvvLbvvKzjgIDvvJHvvI7vvJXvvYvvvYfjgIDjgrPjgqTjgIDpjKbpr4njgIDmiJDplbfkv4PpgLLjgIDplqLmnbHlvZPml6Xkvr8=,44OQ44Kk44Kq44OV44Kh44Kv44K/44O844CA77y277ys44CA77yR77yO77yV772L772H44CA44Kz44Kk44CA6Yym6a+J44CA5oiQ6ZW35L+D6YCy44CA6Zai5p2x5b2T5pel5L6/[rn]
37-51603,aHR0cDovL3RzaG9wLnIxMHMuanAvY2hhbmV0L2NhYmluZXQvMTcwMS8xNjk4MTMtMS5qcGc/Zml0aW49NzAwOjcwMA==,MTE2ODAuMDAwMA==,,44Oa44OD44OI44O744Oa44OD44OI44Kw44OD44K6ID4g54ax5biv6a2a44O744Ki44Kv44Ki44Oq44Km44OgID4g5rC05qe944O744Ki44Kv44Ki44Oq44Km44OgID4g5rC06LOq566h55CG55So5ZOBID4g5rC06LOq6Kq/5pW05Ymk,5Y+W5a+E44Gb5ZWG5ZOB44CA44OQ44Kk44Kq44OY44Or44K344O844CA77yR77yQ772L772H44CA5YWJ5ZCI5oiQ57Sw6I+M44CA77yw77yz77yi44CA5re75Yqg5Ymk,,PEhSPjxCPuKWoOOBk+OBruWVhuWTgeOCkuOBiuiyt+OBhOS4iuOBkuOBruOBiuWuouanmOOBr+OAgeS4i+iomOWVhuWTgeOCguOBiuiyt+OBhOS4iuOBkuOBp+OBmeOAguKAu+OBk+OBruWVhuWTgeOBq+OBr+S7mOWxnuOBl+OBvuOBm+OCk+OAguKWoDwvQj48QlI+PEEgSFJFRj0iaHR0cDovL2l0ZW0ucmFrdXRlbi5jby5qcC9jaGFuZXQvMTYxODQ2LyI+5pel56uL44OP44Oz44OH44Kj44OT44Or44K444Od44Oz44OX44CA77yj77yi77yN77yw77yY77yQ77y344CA5rWB6YeP77yU77yQ44Oq44OD44OI44Or77yP5YiGPC9BPjxCUj48QSBIUkVGPSJodHRwOi8vaXRlbS5yYWt1dGVuLmNvLmpwL2NoYW5ldC8xNjk4MTQvIj7jgr/jgqvjg6njgIDpr4njga7jgojjgo3jgZPjgbPjgIDvvJHvvYvvvYfjgIDmsaDjgIDmsLTmp73jgIDmsLTos6rmtYTljJY8L0E+PEJSPjxBIEhSRUY9Imh0dHA6Ly9pdGVtLnJha3V0ZW4uY28uanAvY2hhbmV0LzY0OTQyLyI+44Oh44O844Kr44O855u06YCB44CA44K844Oz44K544Kk44CA44Km44Kp44O844K/44O844Kv44Oq44O844OK44O844CA5aSn5q2j44CA77yT77yQTDwvQT48QlI+PEEgSFJFRj0iaHR0cDovL2l0ZW0ucmFrdXRlbi5jby5qcC9jaGFuZXQvNzgxOTgvIj7jgrvjg6njgIDjg5XjgqPjg4Pjgrfjg6Xjgr/jg5/jg7PjgIDvvJHvvJXvvY3vvYw8L0E+PGJyPjxzcGFuIHN0eWxlPSJjb2xvcjojZmYwMDAwOyBmb250LXdlaWdodDpib2xkOyI+4oC744Oh44O844Kr44O844KI44KK5Y+W5a+E44Gb44G+44Gf44Gv55u06YCB44Gu5ZWG5ZOB44Go44Gq44KK44G+44GZ44CC44GU5rOo5paH44KI44KK44GK5bGK44GR44G+44Gn5pel5pWw44KS44GE44Gf44Gg44GN44G+44GZ44Gu44Gn44CB5LqI44KB44GU5LqG5om/44GP44Gg44GV44GE44CCPC9zcGFuPjxiciAvPjxicj48YnI+PGRpdiBjbGFzcz0iaW5jbHVkZV9jb250ZW50cyI+PGltZyBzcmM9Imh0dHBzOi8vd3d3LnJha3V0ZW4ubmUuanAvZ29sZC9jaGFuZXQvaW1hZ2UvaW5jbHVkZS9pbmNfY2hva3V0b3JpX3JrLnBuZyIgLz48L2Rpdj48YnI+PGJyPjxUQUJMRSBjbGFzcz0iY29udGFpbmVyX2FxdWEiPjxUUj48VEQ+PGRpdiBjbGFzcz0iY2F0Y2hfYXF1YSI+PEI+44KI44G/44GM44GI44KL5rC044O744KI44G/44GM44GI44KL5YGl5bq377yBPC9CPjwvZGl2PjxCUj7vvLDvvLPvvKLvvIjlhYnlkIjmiJDntLDoj4zvvInjg7vjg6Ljg7Pjg6Ljg6rjg63jg4rjgqTjg4jjg7vmtbfol7vjg7vpq5jmuKnnhLzmiJDjgrvjg6njg5/jg4Pjgq/jgpLphY3lkIjjgZfjgZ/mt7vliqDliaTjgafjgZnjgII8QlI+77yw77yz77yi44Gv5rC06LOq5rWE5YyW6IO95Yqb44KS44KC44Gj44Gm44GK44KK44CB6I+M5L2T44Gr5ZCr44G+44KM44KL5pyJ5Yq554mp6LOq44Gv6a2a5L2T44Gu5qCE6aSK5Ymk44O757K+56We5a6J5a6a5Ymk44Go44GX44Gm5YaF6JS15qmf6IO944Gu6LOm5rS75oCn5YyW44KS5L+D44GX44G+44GZ44CCPEJSPuOBvuOBn+OAgeOCq+ODreODgeODs+iJsue0oOOCkuWQq+acieOBmeOCi+OBruOBp+iJsuW9qeOCkumuruaYjuOBq+OBl+OAgemtmuS9k+OBruiJsuiJtuOBruS/neaMgeODu+ODhuODquOBruWil+mAsuODu+mHjemHj+aEn+ODu+WFheWun+aEn+OBruOBguOCi+eUn+iCsuOCkuOBl+OBvuOBmeOAgjxCUj7jg6Ljg7Pjg6Ljg6rjg63jg4rjgqTjg4jjg7vpq5jmuKnnhLzmiJDjgrvjg6njg5/jg4Pjgq/jgYzprZrjgavjgajjgaPjgabmnInlrrPjgarjgqLjg7Pjg6Ljg4vjgqLjg7vnoavljJbmsLTntKDjgpLlpKfph4/jgavlkLjnnYDjgZfjgIHmsLTos6rjgpLou5/os6rjgavjgZfjgabvvZDvvKjjgpLlronlrprjgZXjgZvjgb7jgZnjgII8QlI+PGJyPjxUQUJMRSBjbGFzcz0idGFibGVfc3BlY19hcXVhIiBib3JkZXI9IjEiPjxUUj48VEggY29sc3Bhbj0iMiIgY2xhc3M9InRpdGxlIj7jg5DjgqTjgqrjg5jjg6vjgrfjg7zjgIDvvJHvvJDvvYvvvYfjgIDlhYnlkIjmiJDntLDoj4zjgIDvvLDvvLPvvKLjgIDmt7vliqDliaQ8L1RIPjwvVFI+PFRSPjxUSD7pganlv5zmsLTmp708L1RIPjxURD7msaDjg7vmsLTmp708L1REPjwvVFI+PFRSPjxUSD7nibnplbc8L1RIPjxURD7il4/msLTos6rmtYTljJbkvZznlKjjgpLmjIHjgaTlhYnlkIjmiJDntLDoj4zvvIjvvLDvvLPvvKLvvInjgpLkuLvjgavjg6Ljg7Pjg6Ljg6rjg63jg4rjgqTjg4jjg7vmtbfol7vjg7vpq5jmuKnnhLzmiJDjgrvjg6njg5/jg4Pjgq/jgpLphY3lkIjjgZfjgZ/vvLDvvLPvvKLmt7vliqDliaTjgafjgZnjgII8QlI+4peP5rC06LOq5rWE5YyW44Gu44G744GL44CB77yw77yz77yi44Gr5ZCr44G+44KM44KL5pyJ5Yq554mp6LOq44GM6a2a5L2T44Gu5qCE6aSK5Ymk44O757K+56We5a6J5a6a5Ymk44Go44GX44Gm5YaF6JS15qmf6IO944Gu6LOm5rS75oCn5YyW44KS5L+D6YCy44GX44G+44GZ44CCPEJSPuKXj+OCq+ODreODgeODs+iJsue0oOOBjOmjvOiCsumtmuOBruiJsuW9qeOCkumuruaYjuOBq+OBl+OAgemtmuS9k+OBruiJsuiJtuOBruS/neaMgeODu+ODhuODquOBruWil+mAsuODu+mHjemHj+aEn+ODu+WFheWun+aEn+OBruOBguOCi+eUn+iCsuOCkuOBl+OBvuOBmeOAgjxCUj7il4/ljJfmrKfnlKPmtbfol7vjga/jg5/jg43jg6njg6vjg7vjg5Pjgr/jg5/jg7Pjg7vjgqLjg5/jg47phbjjgpLlpJrjgY/lkKvmnInjgZfjgabjgYTjgb7jgZnjgILjgb7jgZ/jgIHjgqLjg6vjgq7jg7PphbjjgYzmnInlirnlvq7nlJ/nianjgpLlopfmrpbjgZXjgZvjgb7jgZnjgII8QlI+4peP44K144Kk44OI44Kr44Kk44OL44Oz562J44Gn5YWJ5ZCI5oiQ44KS5L+D6YCy44GV44Gb44CB5qSN54mp5oCn44OX44Op44Oz44Kv44OI44Oz44KS5aKX5q6W44GV44Gb44G+44GZ44CCPEJSPuKXj+mrmOa4qeeEvOaIkOOCu+ODqeODn+ODg+OCr+OBr+ODouODs+ODouODquODiuOCpOODiOOCkuWQq+acieOBl+OAgemtmuOBq+OBqOOBo+OBpuacieWus+OBquOCouODs+ODouODi+OCouODu+ehq+WMluawtOe0oOOBquOBqeOCkuWQuOedgOOBl+OAgeOBi+OBpO+9kO+8qOOCkuiqv+aVtOOBl+OBvuOBmeOAgjxCUj7il4/plbfmnJ/kv53lrZjjgYzlj6/og73jgafjgZnjgII8QlI+PC9URD48L1RSPjxUUj48VEg+5YaF5a656YePPC9USD48VEQ+77yR77yQ772L772HPC9URD48L1RSPjxUUj48VEg+5L2/55So5pa55rOVPC9USD48VEQ+PFRBQkxFIGJvcmRlcj0iMSIgY2xhc3M9ImRvZ19mb29kIj48VEJPRFk+PFRSPjxURD7msaDjga7loLTlkIg8L1REPjxURD7msLTmp73vvIjkvb/nlKjkvovvvJbvvJDvvYPvvY3msLTmp73vvInjga7loLTlkIg8L1REPjwvVFI+PFRSPjxURD7msLTph4/vvJHvvZTjgavjgaTjgY3jgIHliJ3lm57jgrPjg4Pjg5fvvJHvvI/vvJLmna88QlI+77yS5Zue55uu44Kz44OD44OX77yR77yP77yU5p2vPC9URD48VEQ+6YCx77yS5ZuePEJSPu+8keWbnuOBlOOBqOOBq+Wkp+OCteOCuO+8keadrzwvVEQ+PC9UUj48L1RCT0RZPjwvVEFCTEU+PEJSPuKXj+OBneOBruOBvuOBvuaxoOOBruWJjemdouOBq+aVo+W4g+OBl+OBpuS4i+OBleOBhOOAgjxCUj7il4/ntabppIzmnJ/jga/ppIzjgavjgb7jgbbjgZfjgabkuI7jgYjjgabkuIvjgZXjgYTjgII8QlI+4peP5bqV5rC05oqc44GN44Gv5a6a5pyf55qE44Gr6KGM44Gj44Gm5LiL44GV44GE44CCPEJSPjwvVEQ+PC9UUj48VFI+PFRIPuOBlOazqOaEjzwvVEg+PFREPuKAu+mVt+acn+mWk+OBruS/neWtmOOBjOWPr+iDveOBp+OBmeOBjOOAgeeUn+eJqeOBp+OBmeOBruOBp+awtOawl+ODu+mrmOa4qeODu+ebtOWwhOaXpeWFieOCkumBv+OBkeWGt+aal+aJgOOBq+S/neeuoeOBl+OBpuS4i+OBleOBhOOAgjwvVEQ+PC9UUj48L1RBQkxFPjwvVEQ+PC9UUj48L1RBQkxFPjxicj48YnI+PGRpdiBjbGFzcz0iaW5jbHVkZV9jb250ZW50cyIgaWQ9ImMtaHJlZl9wYWtlaGVuIj48ZGl2IGNsYXNzPSJpZnJhbWVmbGV4IGluY19pdGVtbGlzdCI+IDwvZGl2PjxoMz7jg5Hjg4PjgrHjg7zjgrjnrYnjga7lpInmm7TjgavjgaTjgYTjgaY8L2gzPjxzcGFuIGNsYXNzPSJyZWQiPuS6iOWRiuOBquOBj+ODkeODg+OCseODvOOCuOOAgeS7leanmO+8iOWOn+adkOaWmeOAgeeUn+eUo+WbveOAgeiJsuOAgeW9oueKtuOAgeOCteOCpOOCuuetie+8ieOBruWkieabtOOBjOOBguOCi+WgtOWQiOOBjOOBlOOBluOBhOOBvuOBmeOAguS6iOOCgeOBlOS6huaJv+OBj+OBoOOBleOBhOOAgjwvc3Bhbj48YnIgLz48L2Rpdj48YnI+PGJyPjxkaXYgY2xhc3M9ImlmcmFtZWZsZXggaW5jX3FyY29kZSI+PC9kaXY+PGRpdiBjbGFzcz0iaW5jX3VuaXRfcHJpY2UiPjwvZGl2PjxiciAvPjxiciAvPuODgeODo+ODvOODoOalveWkqeW4guWgtOW6l+OAgOODmuODg+ODiOeUqOWTgeODu+eUn+OBjeeJqeWwgumWgDxicj48YnI+PEJSPuaXpeeri+ODj+ODs+ODh+OCo+ODk+ODq+OCuOODneODs+ODl+OAgO+8o++8ou+8je+8sO+8mO+8kO+8t+OAgOa1gemHj++8lO+8kOODquODg+ODiOODq++8j+WIhjxCUj7jgr/jgqvjg6njgIDpr4njga7jgojjgo3jgZPjgbPjgIDvvJHvvYvvvYfjgIDmsaDjgIDmsLTmp73jgIDmsLTos6rmtYTljJY8QlI+44Oh44O844Kr44O855u06YCB44CA44K844Oz44K544Kk44CA44Km44Kp44O844K/44O844Kv44Oq44O844OK44O844CA5aSn5q2j44CA77yT77yQTDxCUj7jgrvjg6njgIDjg5XjgqPjg4Pjgrfjg6Xjgr/jg5/jg7PjgIDvvJHvvJXvvY3vvYw8YnI+PGJyPiDigKYgc2ZzZXTjgIBfYXF1YeOAgOOCouOCr+OCoueUqOWTge+8kuOAgOOCouOCr+OCoueUqOWTgeOAgOiqv+aVtOWJpO+8j+ODkOOCr+ODhuODquOCouOAgOODkOOCr+ODhuODquOCouOAgOODkOOCpOOCquODmOODq+OCt+ODvOOAgO+8ku+8ju+8le+9i++9h+OAgOWFieWQiOaIkOe0sOiPjOOAgO+8sO+8s++8ouOAgOa3u+WKoOWJpOOAgOawtOizqua1hOWMluaghOmkiue0sOiPjOOAgOawtOizqua1hOWMluOAgOOCouODs+ODouODi+OCouOAgOehq+WMluawtOe0oOOAgO+9kEjoqr/mlbTjgIDmsaDjgIDmsLTmp73jgIAyMDE0MDEyNuOAgE9LQuOAgOmvieOAgOmMpumvieOAgOOAkOOBguOBmealvV/lnJ/mm5zllrbmpa3jgJHjgIDjgJDjgYLjgZnmpb1f5pel5puc5Za25qWt44CR44CA44CQ44GC44GZ5qW9X+W5tOS4reeEoeS8keOAkQ==,5Y+W5a+E44Gb5ZWG5ZOB44CA44OQ44Kk44Kq44OY44Or44K344O844CA77yR77yQ772L772H44CA5YWJ5ZCI5oiQ57Sw6I+M44CA77yw77yz77yi44CA5re75Yqg5Ymk77yaY2hhcm0g5qW95aSp5biC5aC05bqX,54ax5biv6a2a44K544Kk44Os44Oz54iq44Go44GO5rC06I2J44Kw44Oq44OL44O844K654yr56CC5aSn56Ov56CC44OJ44OD44Kw44OV44O844OJ44Kt44Oj44OD44OI44OV44O844OJ44Oa44OD44OI44K344O844OE5piG6Jmr44Km44K144Ku44Ot44Kk44Ok44Or44Kr44OK44OzR1JFRU5JRVPnnaHok67piaLoprPokYnmpI3nianjgrXjgqTjgqjjg7Pjgrnjg4DjgqTjgqjjg4Pjg4jph5HprZrjg6Hjg4Djgqvjg5Pjg7zjgrfjg6Xjg6rjg7Pjg5flj5blr4TjgZvllYblk4HjgIDjg5DjgqTjgqrjg5jjg6vjgrfjg7zjgIDvvJHvvJDvvYvvvYfjgIDlhYnlkIjmiJDntLDoj4zjgIDvvLDvvLPvvKLjgIDmt7vliqDliaQ=,5Y+W5a+E44Gb5ZWG5ZOB44CA44OQ44Kk44Kq44OY44Or44K344O844CA77yR77yQ772L772H44CA5YWJ5ZCI5oiQ57Sw6I+M44CA77yw77yz77yi44CA5re75Yqg5Ymk[rn]
37-51604,aHR0cDovL3RzaG9wLnIxMHMuanAvY2hhbmV0L2NhYmluZXQvMTcwNy8xNzA2MDUtMS5qcGc/Zml0aW49NzAwOjcwMA==,NTUyLjgwMDA=,,44Oa44OD44OI44O744Oa44OD44OI44Kw44OD44K6ID4g54ax5biv6a2a44O744Ki44Kv44Ki44Oq44Km44OgID4g5rC05qe944O744Ki44Kv44Ki44Oq44Km44OgID4g5rC06LOq566h55CG55So5ZOBID4g5rC06LOq6Kq/5pW05Ymk,44OQ44Kk44Kz44Og44CA44OQ44OV44Kj44Oq44OQ44O844K544CA6YeR6a2a55So44CA77yS5pys5YWl44KK44CA5aSW5o6b44GR5byP44OV44Kj44Or44K/44O844CA44KN5p2Q44CA6Zai5p2x5b2T5pel5L6/,,PGRpdiBJRD0iaGVhZGVyX3Nob3dfcGFyZW50Ij48aW1nIHNyYz0iaHR0cDovL3d3dy5yYWt1dGVuLm5lLmpwL2dvbGQvY2hhbmV0L2ltYWdlL2ljb24vaW5kZXgvc2V0aXRlbV9wYXJlbnRfdGl0NS5naWYiIGFsdD0i5Y2Y5ZOB44KI44KK44KC44K744OD44OI44GM44GK5b6X77yBIiBib3JkZXI9IjAiPjxicj48YSBocmVmPSJodHRwOi8vaXRlbS5yYWt1dGVuLmNvLmpwL2NoYW5ldC8yMDc1OTgiPuOChuOBhuODkeOCseODg+ODiOWvvuW/nOOAgOODkOOCpOOCs+ODoOOAgOODkOODleOCo+ODquODkOODvOOCueOAgOmHkemtmueUqOOAgO+8kuacrOWFpeOCiuOAgOWkluaOm+OBkeW8j+ODleOCo+ODq+OCv+ODvOOAgOOCjeadkOOAgOWQjOaiseODu+S7o+W8leOBjeODu+edgOaXpeaMh+WumuS4jeWPrzwvYT48YnI+PC9kaXY+PEhSPjxCPuKWoOOBk+OBruWVhuWTgeOCkuOBiuiyt+OBhOS4iuOBkuOBruOBiuWuouanmOOBr+OAgeS4i+iomOWVhuWTgeOCguOBiuiyt+OBhOS4iuOBkuOBp+OBmeOAguKAu+OBk+OBruWVhuWTgeOBq+OBr+S7mOWxnuOBl+OBvuOBm+OCk+OAguKWoDwvQj48QlI+PEEgSFJFRj0iaHR0cDovL2l0ZW0ucmFrdXRlbi5jby5qcC9jaGFuZXQvMTM0NzIvIj7ph5HprZrjg5DjgqTjgrPjg6DjgIDnoZ3ljJboj4zjgIDvvJLvvJXvvJDvvY3vvYzjgIDjg5Djgq/jg4bjg6rjgqLjgIDnhrHluK/prZrjgIDoprPos57prZo8L0E+PEJSPjxBIEhSRUY9Imh0dHA6Ly9pdGVtLnJha3V0ZW4uY28uanAvY2hhbmV0LzE3MDI0NC8iPumHkemtmuOCouODq+OCuOOCrOODvOODieOAgO+8ku+8kO+8kO+9je+8rOOAgOmHkemtmuOAgOOCs+OCseOAgOaKkeWItjwvQT48QlI+PEEgSFJFRj0iaHR0cDovL2l0ZW0ucmFrdXRlbi5jby5qcC9jaGFuZXQvMTcwMjQ1LyI+6YeR6a2a44Gu44Kr44Or44Kt5oqc44GN44CA77yS77yV77yQ772N772MIOOCq+ODq+OCreaKnOOBjeOAgOmHkemtmjwvQT48QlI+PEEgSFJFRj0iaHR0cDovL2l0ZW0ucmFrdXRlbi5jby5qcC9jaGFuZXQvMjA0OTUvIj7jg5DjgqTjgrPjg6DjgIDjg5Djg5XjgqPjg7zvvIjoj4roirHmo5LnirbvvInvvJPmnKzjgrvjg4Pjg4g8L0E+PEJSPjxBIEhSRUY9Imh0dHA6Ly9pdGVtLnJha3V0ZW4uY28uanAvY2hhbmV0LzUwMzQ5OS8iPuODkOOCpOOCs+ODoOOBrumkjOOAgOmHkemtmueUqCDvvJXvvJDvvYcg6YeR6a2a44CA6aSM44CA6YeR6a2a44Gu44GI44GVPC9BPjxCUj48QSBIUkVGPSJodHRwOi8vaXRlbS5yYWt1dGVuLmNvLmpwL2NoYW5ldC82Njg4Mi8iPuODkOOCpOOCs+ODoOOAgOODkOODleOCo+ODvOODnOODvOODiTwvQT48YnI+44Oh44O844Kr44O877ya77yi77yp77yj77yv77ytPGJyPuWTgeeVqu+8mjAwOTEyMjxicj48YnI+PGltZyBzcmM9Imh0dHA6Ly93d3cucmFrdXRlbi5uZS5qcC9nb2xkL2NoYW5ldC9pbWFnZS9pY29uL3RhbmsvaWNvbi9paWNvbl90aXQuX3NlaXRhaS5naWYiPjxicj48aW1nIHNyYz0iaHR0cDovL3d3dy5yYWt1dGVuLm5lLmpwL2dvbGQvY2hhbmV0L2ltYWdlL2ljb24vdGFuay9pY29uL2lpY29uX2Zvb2Rfa2luZ3lvLmdpZiIgd2lkdGg9IjgwIiBoZWlnaHQ9IjgwIiBhbHQ9IumHkemtmiI+PGJyPjxicj48YnI+PGJyPjxkaXYgY2xhc3M9ImNvbnRhaW5lcl9hcXVhIj48ZGl2IGNsYXNzPSJjYXRjaF9hcXVhIj48c3Ryb25nPuODkOOCpOOCs+ODoMOX44Oq44OQ44O844K577yBPC9zdHJvbmc+PC9kaXY+PGJyIC8+5rC044KS44GN44KM44GE44Gr44GZ44KL6YeR6a2a5bCC55So44Gu44KN6YGO5p2Q44Gn44GZ44CCPGJyIC8+5ZC4552A5Ymk44Gn5pyJ5ZCN44Gq44Km44Kp44O844K/44O844Ko44Oz44K444OL44Ki44Oq44Oz44Kw44Go44KN5p2Q44O744OQ44Kv44OG44Oq44Ki44Gn5pyJ5ZCN44Gq44OQ44Kk44Kz44Og44Gu5YWx5ZCM6ZaL55m644Gr44KI44KK55Sf44G+44KM44G+44GX44Gf44CCPGJyIC8+6YeR6a2a44Gr6YGp44GX44Gf772Q77yo5YCk44Gr5pW044GI44CB44OQ44Kv44OG44Oq44Ki44GM5a6a552A44GZ44KL44GT44Go44Gn5rGa44KM44Gu5Y6f5Zug44KS6Zmk5Y6744GX44CB44Kz44Kx44Gu55m655Sf44KC6Ziy44GO44G+44GZ44CC5aSW5o6b44GR44OV44Kj44Or44K/44O844Gq44Gp44Kz44Oz44OR44Kv44OI44Gq44K544Oa44O844K544Gn44KC6Kit572u44Gn44GN44KL44Gu44Gn44CB5qeY44CF44Gq6aO86IKy55Kw5aKD44Gn44GU5rS755So44GE44Gf44Gg44GR44G+44GZ44CCPGJyIC8+PGJyIC8+PHRhYmxlIGNsYXNzPSJ0YWJsZV9zcGVjX2FxdWEiIGJvcmRlcj0iMSI+PHRyPjx0aCBjb2xzcGFuPSIyIiBjbGFzcz0idGl0bGUiPuODkOOCpOOCs+ODoOOAgOODkOODleOCo+ODquODkOODvOOCueOAgOmHkemtmueUqOOAgO+8kuacrOWFpeOCijwvdGg+PC90cj48dHI+PHRoPuWvvuixoTwvdGg+PHRkPumHkemtmjwvdGQ+PC90cj48dHI+PHRoPueJuemVtzwvdGg+PHRkPuKXj+eJueauiuODneODquODnuODvOWKoOW3peOBp+ODkOOCr+ODhuODquOCouOBjOaApemAn+OBq+WQuOedgOOBl+OBvuOBmeOAgjxiciAvPuKXj+OCpOOCquODs+WQuOedgOWKm+OBp+awtOS4reOBruOCpOOCquODs+ODkOODqeODs+OCueOCkuaVtOOBiO+9kO+8qOOCkuWuieWumuOBl+OBvuOBmeOAgjxiciAvPuKXj+OCs+OCseOBruWOn+WboOOBqOOBquOCi+ODquODs+mFuOODu+OCseOCpOmFuOOCkue0oOaXqeOBj+mZpOWOu+OBl+OBvuOBmeOAgjwvdGQ+PC90cj48dHI+PHRoPuaVsOmHjzwvdGg+PHRkPu+8ke+8le+8rOeUqMOX77yS44OR44OD44KvPC90ZD48L3RyPjx0cj48dGg+44K144Kk44K677yI57SE77yJPC90aD48dGQ+5bmF77yU77yQw5flpaXooYzvvJHvvJTvvJDDl+mrmOOBle+8ke+8le+9je+9je+8j++8keODkeODg+OCrzwvdGQ+PC90cj48dHI+PHRoPueUn+eUo+WbvTwvdGg+PHRkPuaXpeacrDwvdGQ+PC90cj48dHI+PHRoPuOBlOS9v+eUqOaWueazlTwvdGg+PHRkPuKXj+OBi+OCi+OBj+awtOa0l+OBhOOBl+OBpuOBi+OCieOBlOS9v+eUqOOBj+OBoOOBleOBhOOAgjxiciAvPuKXj+mjvOiCsuawtO+8ke+8le+8rOOBq+WvvuOBl+OBpuacrOWTge+8keacrOOBjOebruWuieOBp+OBmeOAgu+8ke+8le+8rOS7peS4i+OBruawtOanveOBq+OBr++8keacrOOBlOS9v+eUqOOBj+OBoOOBleOBhOOAgjxiciAvPuKXj+WkluaOm+OBkeODleOCo+ODq+OCv+ODvOOBruOCjemBjuanveOBq+WFpeOCjOOBpuOBlOS9v+eUqOOBj+OBoOOBleOBhOOAguOBquOBiuOAgeODleOCo+ODq+OCv+ODvOOCkuS9v+eUqOOBl+OBpuOBhOOBquOBhOWgtOWQiOOBr+ebtOaOpeawtOanveOBq+WFpeOCjOOBpuOBlOS9v+eUqOOBj+OBoOOBleOBhOOAgjwvdGQ+PC90cj48dHI+PHRoPuOBlOazqOaEjzwvdGg+PHRkPuKAu+acrOWVhuWTgeOBr+mHkemtmueUqOOBp+OBmeOAguOBneOCjOS7peWkluOBrueUqOmAlOOBq+S9v+eUqOOBl+OBquOBhOOBp+OBj+OBoOOBleOBhOOAgjxiciAvPuKAu+acrOWTgeOBr+mjn+OBueOCieOCjOOBvuOBm+OCk+OAguS5s+W5vOWFkOOBruaJi+OBruWxiuOBi+OBquOBhOWgtOaJgOOBp+S/neeuoeOBl+OBpuOBj+OBoOOBleOBhOOAgjxiciAvPuKAu+WVhuWTgeaUueiJr+OBrueCuuOAgeS7leanmOODu+Wkluims+etieOCkuS6iOWRiuOBquOBj+WkieabtOOBmeOCi+WgtOWQiOOBjOOBguOCiuOBvuOBmeOAguOBlOS6huaJv+OBj+OBoOOBleOBhOOAgjwvdGQ+PC90cj48L3RhYmxlPjwvZGl2Pjxicj48YnI+PGRpdiBjbGFzcz0iaW5jbHVkZV9jb250ZW50cyIgaWQ9ImMtaHJlZl9wYWtlaGVuIj48ZGl2IGNsYXNzPSJpZnJhbWVmbGV4IGluY19pdGVtbGlzdCI+IDwvZGl2PjxoMz7jg5Hjg4PjgrHjg7zjgrjnrYnjga7lpInmm7TjgavjgaTjgYTjgaY8L2gzPjxzcGFuIGNsYXNzPSJyZWQiPuS6iOWRiuOBquOBj+ODkeODg+OCseODvOOCuOOAgeS7leanmOetieOBruWkieabtOOBjOOBguOCi+WgtOWQiOOBjOOBlOOBluOBhOOBvuOBmeOAguS6iOOCgeOBlOS6huaJv+OBj+OBoOOBleOBhOOAgjwvc3Bhbj48YnIgLz48L2Rpdj48YnI+PGJyPjxkaXYgY2xhc3M9ImlmcmFtZWZsZXggaW5jX3FyY29kZSI+PC9kaXY+PGJyIC8+PGJyIC8+44OB44Oj44O844Og5qW95aSp5biC5aC05bqX44CA44Oa44OD44OI55So5ZOB44O755Sf44GN54mp5bCC6ZaAPGJyPjxicj48QlI+6YeR6a2a44OQ44Kk44Kz44Og44CA56Gd5YyW6I+M44CA77yS77yV77yQ772N772M44CA44OQ44Kv44OG44Oq44Ki44CA54ax5biv6a2a44CA6Kaz6LOe6a2aPEJSPumHkemtmuOCouODq+OCuOOCrOODvOODieOAgO+8ku+8kO+8kO+9je+8rOOAgOmHkemtmuOAgOOCs+OCseOAgOaKkeWItjxCUj7ph5HprZrjga7jgqvjg6vjgq3mipzjgY3jgIDvvJLvvJXvvJDvvY3vvYwg44Kr44Or44Kt5oqc44GN44CA6YeR6a2aPEJSPuODkOOCpOOCs+ODoOOAgOODkOODleOCo+ODvO+8iOiPiuiKseajkueKtu+8ie+8k+acrOOCu+ODg+ODiDxCUj7jg5DjgqTjgrPjg6Djga7ppIzjgIDph5HprZrnlKgg77yV77yQ772HIOmHkemtmuOAgOmkjOOAgOmHkemtmuOBruOBiOOBlTxCUj7jg5DjgqTjgrPjg6DjgIDjg5Djg5XjgqPjg7zjg5zjg7zjg4k8YnI+PGJyPiDigKYgbXVyeW90YXNzZWlfNjAwXzY5OeOAgF9hcXVh44CA44Ki44Kv44Ki55So5ZOB44CA5ZC4552A5Ymk44CA44OQ44Kk44Kz44Og44CA44OQ44OV44Kj44CA77yi772B772G772J44CA44Oq44OQ44O844K544CA77yy77yl77yi77yp77yy77y077yo44CA54m55q6K44Od44Oq44Oe44O844CA44OQ44Kv44OG44Oq44Ki44CA44Kk44Kq44Oz44CA5ZC4552A44CA44Oq44Oz6YW444CA44Kx44Kk6YW444CA772Q77yo5a6J5a6a44CA5aSW5o6b44GR44OV44Kj44Or44K/44O844CA44KN5p2Q44CA44KN6YGO44CA6YCf5Yq55oCn44CAMjAxNTAzMDfjgIDvvLnvvKnvvKjjgIDph5HprZrjgIA0NTEwNjkxMDA5MTIy44CAYmlvbV9iYWZpX3JlYmlydGjjgIBzcHMxNTEyX3B1MTBfYV9iY21hcXXjgIBzcHMxNjA2X3B1MTBfYmljYmZ5,44OQ44Kk44Kz44Og44CA44OQ44OV44Kj44Oq44OQ44O844K544CA6YeR6a2a55So44CA77yS5pys5YWl44KK44CA5aSW5o6b44GR5byP44OV44Kj44Or44K/44O844CA44KN5p2Q44CA6Zai5p2x5b2T5pel5L6/77yaY2hhcm0g5qW95aSp5biC5aC05bqX,54ax5biv6a2a44K544Kk44Os44Oz54iq44Go44GO5rC06I2J44Kw44Oq44OL44O844K654yr56CC5aSn56Ov56CC44OJ44OD44Kw44OV44O844OJ44Kt44Oj44OD44OI44OV44O844OJ44Oa44OD44OI44K344O844OE5piG6Jmr44Km44K144Ku44Ot44Kk44Ok44Or44Kr44OK44OzR1JFRU5JRVPnnaHok67piaLoprPokYnmpI3nianjgrXjgqTjgqjjg7Pjgrnjg4DjgqTjgqjjg4Pjg4jph5HprZrjg6Hjg4Djgqvjg5Pjg7zjgrfjg6Xjg6rjg7Pjg5fjg5DjgqTjgrPjg6DjgIDjg5Djg5XjgqPjg6rjg5Djg7zjgrnjgIDph5HprZrnlKjjgIDvvJLmnKzlhaXjgorjgIDlpJbmjpvjgZHlvI/jg5XjgqPjg6vjgr/jg7zjgIDjgo3mnZDjgIDplqLmnbHlvZPml6Xkvr8=,44OQ44Kk44Kz44Og44CA44OQ44OV44Kj44Oq44OQ44O844K544CA6YeR6a2a55So44CA77yS5pys5YWl44KK44CA5aSW5o6b44GR5byP44OV44Kj44Or44K/44O844CA44KN5p2Q44CA6Zai5p2x5b2T5pel5L6/[rn]
37-51605,aHR0cDovL3RzaG9wLnIxMHMuanAvY2hhbmV0L2NhYmluZXQvMTcwNy8xNzA2MDYtMS5qcGc/Zml0aW49NzAwOjcwMA==,NTUyLjgwMDA=,,44Oa44OD44OI44O744Oa44OD44OI44Kw44OD44K6ID4g54ax5biv6a2a44O744Ki44Kv44Ki44Oq44Km44OgID4g5rC05qe944O744Ki44Kv44Ki44Oq44Km44OgID4g5rC06LOq566h55CG55So5ZOBID4g5rC06LOq6Kq/5pW05Ymk,44OQ44Kk44Kz44Og44CA44OQ44OV44Kj44Oq44OQ44O844K544CA44Oh44OA44Kr55So44CA77yS5pys5YWl44KK44CA5aSW5o6b44GR5byP44OV44Kj44Or44K/44O844CA44KN5p2Q44CA6Zai5p2x5b2T5pel5L6/,,PGRpdiBJRD0iaGVhZGVyX3Nob3dfcGFyZW50Ij48aW1nIHNyYz0iaHR0cDovL3d3dy5yYWt1dGVuLm5lLmpwL2dvbGQvY2hhbmV0L2ltYWdlL2ljb24vaW5kZXgvc2V0aXRlbV9wYXJlbnRfdGl0NS5naWYiIGFsdD0i5Y2Y5ZOB44KI44KK44KC44K744OD44OI44GM44GK5b6X77yBIiBib3JkZXI9IjAiPjxicj48YSBocmVmPSJodHRwOi8vaXRlbS5yYWt1dGVuLmNvLmpwL2NoYW5ldC8yMDc1OTkiPuOChuOBhuODkeOCseODg+ODiOWvvuW/nOOAgOODkOOCpOOCs+ODoOOAgOODkOODleOCo+ODquODkOODvOOCueOAgOODoeODgOOCq+eUqOOAgO+8kuacrOWFpeOCiuOAgOWkluaOm+OBkeW8j+ODleOCo+ODq+OCv+ODvOOAgOOCjeadkOOAgOWQjOaiseODu+S7o+W8leOBjeODu+edgOaXpeaMh+WumuS4jeWPrzwvYT48YnI+PC9kaXY+PEhSPjxCPuKWoOOBk+OBruWVhuWTgeOCkuOBiuiyt+OBhOS4iuOBkuOBruOBiuWuouanmOOBr+OAgeS4i+iomOWVhuWTgeOCguOBiuiyt+OBhOS4iuOBkuOBp+OBmeOAguKAu+OBk+OBruWVhuWTgeOBq+OBr+S7mOWxnuOBl+OBvuOBm+OCk+OAguKWoDwvQj48QlI+PEEgSFJFRj0iaHR0cDovL2l0ZW0ucmFrdXRlbi5jby5qcC9jaGFuZXQvMTQ4ODgvIj7mt6HmsLTnlKjjgIDjgrnjg7zjg5Hjg7zjg5DjgqTjgrPjg6DjgIDjgrnjgr/jg7zjgr/jg7zjgq3jg4Pjg4jjgIDvvJXvvJDvvY3vvYzjgIDjg5Djgq/jg4bjg6rjgqLjgIDnhrHluK/prZrjgIDoprPos57prZo8L0E+PEJSPjxBIEhSRUY9Imh0dHA6Ly9pdGVtLnJha3V0ZW4uY28uanAvY2hhbmV0LzE2MzI1LyI+44KB44Gg44GL44Gu5rC05Ye65p2l44Gh44KD44Gj44Gf44CA77yS77yV77yQ772N77ysPC9BPjxCUj48QSBIUkVGPSJodHRwOi8vaXRlbS5yYWt1dGVuLmNvLmpwL2NoYW5ldC8xNjY1NDYvIj7jgrnjg4njg7zjgIDjg6Hjg4Djgqvjga7mupDmsLTjgIDvvJLvvJDvvJDvvY3vvYw8L0E+PEJSPjxBIEhSRUY9Imh0dHA6Ly9pdGVtLnJha3V0ZW4uY28uanAvY2hhbmV0LzUzMzk2LyI+5YWD5rCX5rC044CA44Oh44OA44Kr55So44CA77yR77yQ77yQ772N772MPC9BPjxCUj48QSBIUkVGPSJodHRwOi8vaXRlbS5yYWt1dGVuLmNvLmpwL2NoYW5ldC81NzU5NC8iPuWFg+awl+awtOOAgOODoeODgOOCq+ODu+OCueOCpOODrOODs+mJoueUqOOAgO+8le+8kO+8kO+9je+9jDwvQT48QlI+PEEgSFJFRj0iaHR0cDovL2l0ZW0ucmFrdXRlbi5jby5qcC9jaGFuZXQvNTgyOTYvIj7msLTkvZzjgIDjg6Hjg4Djgqvjg7vjgrnjg4jjg7zjg7M8L0E+PEJSPjxBIEhSRUY9Imh0dHA6Ly9pdGVtLnJha3V0ZW4uY28uanAvY2hhbmV0LzY1MzcxLyI+44Oh44OA44Kr44OQ44Kk44Kz44Og44CA56Gd5YyW6I+M44CA77yS77yV77yQ772N772M44CA44OQ44Kv44OG44Oq44Ki44CA54ax5biv6a2a44CA6Kaz6LOe6a2aPC9BPjxicj7jg6Hjg7zjgqvjg7zvvJrvvKLvvKnvvKPvvK/vvK08YnI+5ZOB55Wq77yaMDA5MTM5PGJyPjxicj48aW1nIHNyYz0iaHR0cDovL3d3dy5yYWt1dGVuLm5lLmpwL2dvbGQvY2hhbmV0L2ltYWdlL2ljb24vdGFuay9pY29uL2lpY29uX3RpdC5fc2VpdGFpLmdpZiI+PGJyPjxpbWcgc3JjPSJodHRwOi8vd3d3LnJha3V0ZW4ubmUuanAvZ29sZC9jaGFuZXQvaW1hZ2UvaWNvbi90YW5rL2ljb24vaWljb25fZm9vZF9tZWRha2EuZ2lmIiB3aWR0aD0iODAiIGhlaWdodD0iODAiIGFsdD0i44Oh44OA44KrIj48YnI+PGJyPjxicj48YnI+PGRpdiBjbGFzcz0iY29udGFpbmVyX2FxdWEiPjxkaXYgY2xhc3M9ImNhdGNoX2FxdWEiPjxzdHJvbmc+44OQ44Kk44Kz44Ogw5fjg6rjg5Djg7zjgrnvvIE8L3N0cm9uZz48L2Rpdj48YnIgLz7msLTjgpLjgY3jgozjgYTjgavjgZnjgovjg6Hjg4DjgqvlsILnlKjjga7jgo3pgY7mnZDjgafjgZnjgII8YnIgLz7lkLjnnYDliaTjgafmnInlkI3jgarjgqbjgqnjg7zjgr/jg7zjgqjjg7Pjgrjjg4vjgqLjg6rjg7PjgrDjgajjgo3mnZDjg7vjg5Djgq/jg4bjg6rjgqLjgafmnInlkI3jgarjg5DjgqTjgrPjg6Djga7lhbHlkIzplovnmbrjgavjgojjgornlJ/jgb7jgozjgb7jgZfjgZ/jgII8YnIgLz7jg6Hjg4DjgqvjgavpganjgZfjgZ/vvZDvvKjlgKTjgavmlbTjgYjjgIHjg5Djgq/jg4bjg6rjgqLjgYzlrprnnYDjgZnjgovjgZPjgajjgafmsZrjgozjga7ljp/lm6DjgpLpmaTljrvjgZfjgIHjgrPjgrHjga7nmbrnlJ/jgoLpmLLjgY7jgb7jgZnjgILlpJbmjpvjgZHjg5XjgqPjg6vjgr/jg7zjgarjganjgrPjg7Pjg5Hjgq/jg4jjgarjgrnjg5rjg7zjgrnjgafjgoLoqK3nva7jgafjgY3jgovjga7jgafjgIHmp5jjgIXjgarpo7zogrLnkrDlooPjgafjgZTmtLvnlKjjgYTjgZ/jgaDjgZHjgb7jgZnjgII8YnIgLz48YnIgLz48dGFibGUgY2xhc3M9InRhYmxlX3NwZWNfYXF1YSIgYm9yZGVyPSIxIj48dHI+PHRoIGNvbHNwYW49IjIiIGNsYXNzPSJ0aXRsZSI+44OQ44Kk44Kz44Og44CA44OQ44OV44Kj44Oq44OQ44O844K544CA44Oh44OA44Kr55So44CA77yS5pys5YWl44KKPC90aD48L3RyPjx0cj48dGg+5a++6LGhPC90aD48dGQ+44Oh44OA44KrPC90ZD48L3RyPjx0cj48dGg+54m56ZW3PC90aD48dGQ+4peP54m55q6K44Od44Oq44Oe44O85Yqg5bel44Gn44OQ44Kv44OG44Oq44Ki44GM5oCl6YCf44Gr5ZC4552A44GX44G+44GZ44CCPGJyIC8+4peP44Kk44Kq44Oz5ZC4552A5Yqb44Gn5rC05Lit44Gu44Kk44Kq44Oz44OQ44Op44Oz44K544KS5pW044GI772Q77yo44KS5a6J5a6a44GX44G+44GZ44CCPGJyIC8+4peP44Kz44Kx44Gu5Y6f5Zug44Go44Gq44KL44Oq44Oz6YW444O744Kx44Kk6YW444KS57Sg5pep44GP6Zmk5Y6744GX44G+44GZ44CCPC90ZD48L3RyPjx0cj48dGg+5pWw6YePPC90aD48dGQ+77yR77yV77ys55Sow5fvvJLjg5Hjg4Pjgq88L3RkPjwvdHI+PHRyPjx0aD7jgrXjgqTjgrrvvIjntITvvIk8L3RoPjx0ZD7luYXvvJTvvJDDl+WlpeihjO+8ke+8lO+8kMOX6auY44GV77yR77yV772N772N77yP77yR44OR44OD44KvPC90ZD48L3RyPjx0cj48dGg+55Sf55Sj5Zu9PC90aD48dGQ+5pel5pysPC90ZD48L3RyPjx0cj48dGg+44GU5L2/55So5pa55rOVPC90aD48dGQ+4peP44GL44KL44GP5rC05rSX44GE44GX44Gm44GL44KJ44GU5L2/55So44GP44Gg44GV44GE44CCPGJyIC8+4peP6aO86IKy5rC077yR77yV77ys44Gr5a++44GX44Gm5pys5ZOB77yR5pys44GM55uu5a6J44Gn44GZ44CC77yR77yV77ys5Lul5LiL44Gu5rC05qe944Gr44Gv77yR5pys44GU5L2/55So44GP44Gg44GV44GE44CCPGJyIC8+4peP5aSW5o6b44GR44OV44Kj44Or44K/44O844Gu44KN6YGO5qe944Gr5YWl44KM44Gm44GU5L2/55So44GP44Gg44GV44GE44CC44Gq44GK44CB44OV44Kj44Or44K/44O844KS5L2/55So44GX44Gm44GE44Gq44GE5aC05ZCI44Gv55u05o6l5rC05qe944Gr5YWl44KM44Gm44GU5L2/55So44GP44Gg44GV44GE44CCPC90ZD48L3RyPjx0cj48dGg+44GU5rOo5oSPPC90aD48dGQ+4oC75pys5ZWG5ZOB44Gv44Oh44OA44Kr55So44Gn44GZ44CC44Gd44KM5Lul5aSW44Gu55So6YCU44Gr5L2/55So44GX44Gq44GE44Gn44GP44Gg44GV44GE44CCPGJyIC8+4oC75pys5ZOB44Gv6aOf44G544KJ44KM44G+44Gb44KT44CC5Lmz5bm85YWQ44Gu5omL44Gu5bGK44GL44Gq44GE5aC05omA44Gn5L+d566h44GX44Gm44GP44Gg44GV44GE44CCPGJyIC8+4oC75ZWG5ZOB5pS56Imv44Gu54K644CB5LuV5qeY44O75aSW6Kaz562J44KS5LqI5ZGK44Gq44GP5aSJ5pu044GZ44KL5aC05ZCI44GM44GC44KK44G+44GZ44CC44GU5LqG5om/44GP44Gg44GV44GE44CCPC90ZD48L3RyPjwvdGFibGU+PC9kaXY+PGJyPjxicj48ZGl2IGNsYXNzPSJpbmNsdWRlX2NvbnRlbnRzIiBpZD0iYy1ocmVmX3Bha2VoZW4iPjxkaXYgY2xhc3M9ImlmcmFtZWZsZXggaW5jX2l0ZW1saXN0Ij4gPC9kaXY+PGgzPuODkeODg+OCseODvOOCuOetieOBruWkieabtOOBq+OBpOOBhOOBpjwvaDM+PHNwYW4gY2xhc3M9InJlZCI+5LqI5ZGK44Gq44GP44OR44OD44Kx44O844K444CB5LuV5qeY77yI5Y6f5p2Q5paZ44CB55Sf55Sj5Zu944CB6Imy44CB5b2i54q244CB44K144Kk44K6562J77yJ44Gu5aSJ5pu044GM44GC44KL5aC05ZCI44GM44GU44GW44GE44G+44GZ44CC5LqI44KB44GU5LqG5om/44GP44Gg44GV44GE44CCPC9zcGFuPjxiciAvPjwvZGl2Pjxicj48YnI+PGRpdiBjbGFzcz0iaWZyYW1lZmxleCBpbmNfcXJjb2RlIj48L2Rpdj48YnIgLz48YnIgLz7jg4Hjg6Pjg7zjg6Dmpb3lpKnluILloLTlupfjgIDjg5rjg4Pjg4jnlKjlk4Hjg7vnlJ/jgY3nianlsILploA8YnI+PGJyPjxCUj7mt6HmsLTnlKjjgIDjgrnjg7zjg5Hjg7zjg5DjgqTjgrPjg6DjgIDjgrnjgr/jg7zjgr/jg7zjgq3jg4Pjg4jjgIDvvJXvvJDvvY3vvYzjgIDjg5Djgq/jg4bjg6rjgqLjgIDnhrHluK/prZrjgIDoprPos57prZo8QlI+44KB44Gg44GL44Gu5rC05Ye65p2l44Gh44KD44Gj44Gf44CA77yS77yV77yQ772N77ysPEJSPuOCueODieODvOOAgOODoeODgOOCq+OBrua6kOawtOOAgO+8ku+8kO+8kO+9je+9jDxCUj7lhYPmsJfmsLTjgIDjg6Hjg4DjgqvnlKjjgIDvvJHvvJDvvJDvvY3vvYw8QlI+5YWD5rCX5rC044CA44Oh44OA44Kr44O744K544Kk44Os44Oz6Ymi55So44CA77yV77yQ77yQ772N772MPEJSPuawtOS9nOOAgOODoeODgOOCq+ODu+OCueODiOODvOODszxCUj7jg6Hjg4Djgqvjg5DjgqTjgrPjg6DjgIDnoZ3ljJboj4zjgIDvvJLvvJXvvJDvvY3vvYzjgIDjg5Djgq/jg4bjg6rjgqLjgIDnhrHluK/prZrjgIDoprPos57prZo8YnI+PGJyPiDigKYg6YeR6a2a44O744Oh44OA44Kr44CAbXVyeW90YXNzZWlfNjAwXzY5OeOAgF9hcXVh44CA44Ki44Kv44Ki55So5ZOB44CA5ZC4552A5Ymk44CA44OQ44Kk44Kz44Og44CA44OQ44OV44Kj44CA77yi772B772G772J44CA44Oq44OQ44O844K544CA77yy77yl77yi77yp77yy77y077yo44CA54m55q6K44Od44Oq44Oe44O844CA44OQ44Kv44OG44Oq44Ki44CA44Kk44Kq44Oz44CA5ZC4552A44CA44Oq44Oz6YW444CA44Kx44Kk6YW444CA772Q77yo5a6J5a6a44CA5aSW5o6b44GR44OV44Kj44Or44K/44O844CA44KN5p2Q44CA44KN6YGO44CA6YCf5Yq55oCn44CAMjAxNTAzMDfjgIDvvLnvvKnvvKjjgIDjg6Hjg4DjgqvjgIBiaW9tX2JhZmlfcmViaXJ0aOOAgHNwczE1MTJfcHUxMF9hX2JjbWFxdeOAgHNwczE2MDZfcHUxMF9iaWNiZnk=,44OQ44Kk44Kz44Og44CA44OQ44OV44Kj44Oq44OQ44O844K544CA44Oh44OA44Kr55So44CA77yS5pys5YWl44KK44CA5aSW5o6b44GR5byP44OV44Kj44Or44K/44O844CA44KN5p2Q44CA6Zai5p2x5b2T5pel5L6/77yaY2hhcm0g5qW95aSp5biC5aC05bqX,54ax5biv6a2a44K544Kk44Os44Oz54iq44Go44GO5rC06I2J44Kw44Oq44OL44O844K654yr56CC5aSn56Ov56CC44OJ44OD44Kw44OV44O844OJ44Kt44Oj44OD44OI44OV44O844OJ44Oa44OD44OI44K344O844OE5piG6Jmr44Km44K144Ku44Ot44Kk44Ok44Or44Kr44OK44OzR1JFRU5JRVPnnaHok67piaLoprPokYnmpI3nianjgrXjgqTjgqjjg7Pjgrnjg4DjgqTjgqjjg4Pjg4jph5HprZrjg6Hjg4Djgqvjg5Pjg7zjgrfjg6Xjg6rjg7Pjg5fjg5DjgqTjgrPjg6DjgIDjg5Djg5XjgqPjg6rjg5Djg7zjgrnjgIDjg6Hjg4DjgqvnlKjjgIDvvJLmnKzlhaXjgorjgIDlpJbmjpvjgZHlvI/jg5XjgqPjg6vjgr/jg7zjgIDjgo3mnZDjgIDplqLmnbHlvZPml6Xkvr8=,44OQ44Kk44Kz44Og44CA44OQ44OV44Kj44Oq44OQ44O844K544CA44Oh44OA44Kr55So44CA77yS5pys5YWl44KK44CA5aSW5o6b44GR5byP44OV44Kj44Or44K/44O844CA44KN5p2Q44CA6Zai5p2x5b2T5pel5L6/[rn]
37-51606,aHR0cDovL3RzaG9wLnIxMHMuanAvaHVvbmVzdC9jYWJpbmV0L3NrNi8zMjAwMDMyLmpwZz9maXRpbj03MDA6NzAw,MjA3MzYuMDAwMA==,,44Kk44Oz44OG44Oq44Ki44O75a+d5YW344O75Y+O57SNID4g44K944OV44Kh44O744K944OV44Kh44OZ44OD44OJID4gMuS6uuaOm+OBkeOCveODleOCoSA+IOW4g+WcsA==,5LqM5Lq65o6b44GR44K944OV44KhIOS6jOS6uuaOm+OBkSDjg4Hjgqfjg4Pjgq/mn4Qg5Y+O57SN5LuY44GNIOWMl+aspyDjgqvjgrjjg6XjgqLjg6sg44K944OV44KhIDJQIDLkurrmjpvjgZEgMuS6uuaOm+OBkeOCveODleOCoSDjgr3jg5XjgqHjg7wg5LqM5Lq65o6b44GR44K944OV44Kh44O8IOOCq+OCpuODgeOCveODleOCoSDjg6njg5bjgr3jg5XjgqEgMuS6uuaOm+OBkeOCveODleOCoeODvCDogpjku5jjgY0g6IKY5o6b44GR5LuY44GNIOOCouODvOODoOOCveODleOCoSDjg6zjg4jjg60g44OV44Kh44OW44Oq44OD44KvIOWkp+S6uuWPr+aEm+OBhOODgeOCp+ODg+OCr+afhA==,44OB44Kn44OD44Kv5p+EIOWMl+asp+miqCDkuozkurrmjpvjgZHjgr3jg5XjgqEg5Y+O57SN5LuY44GNIDLkurrmjpvjgZHjgr3jg5XjgqHjg7w=,PGRpdiBzdHlsZT0iIHdpZHRoOjY3MHB4OyBtYXJnaW46YXV0bzsiPgo8aW1nIHNyYz0iaHR0cHM6Ly9pbWFnZS5yYWt1dGVuLmNvLmpwL2h1b25lc3QvY2FiaW5ldC9zazYvMzIwMDAzMi5qcGciIGJvcmRlcj0iMCIgYWx0PSLlj47ntI3luqvku5jjgY3jgr3jg5XjgqEiIC8+CjxpbWcgc3JjPSJodHRwczovL2ltYWdlLnJha3V0ZW4uY28uanAvaHVvbmVzdC9jYWJpbmV0L3NrNi8zMjAwMDMyXzEuanBnIiBib3JkZXI9IjAiIC8+CjxpbWcgc3JjPSJodHRwczovL2ltYWdlLnJha3V0ZW4uY28uanAvaHVvbmVzdC9jYWJpbmV0L3NrNi8zMjAwMDMyXzIuanBnIiBib3JkZXI9IjAiIC8+CjxpbWcgc3JjPSJodHRwczovL2ltYWdlLnJha3V0ZW4uY28uanAvaHVvbmVzdC9jYWJpbmV0L3NrNi8zMjAwMDMyXzMuanBnIiBib3JkZXI9IjAiIC8+CjxpbWcgc3JjPSJodHRwczovL2ltYWdlLnJha3V0ZW4uY28uanAvaHVvbmVzdC9jYWJpbmV0L3NrNi8zMjAwMDMyXzQuanBnIiBib3JkZXI9IjAiIC8+Cgo8YnI+PGJyPjxicj4KPGRpdiBzdHlsZT0id2lkdGg6NjcwcHg7IGZvbnQtc2l6ZToxMi41cHg7IGxpbmUtaGVpZ2h0OjEuNjsgZm9udC1mYW1pbHk6IE1laXJ5bywnSGlyYWdpbm8gS2FrdSBHb3RoaWMgUHJvTicsIHNhbnMtc2VyaWY7IGNvbG9yOiMwMDA7IGJvcmRlcjpkYXNoZWQgMXB4ICMzMzM7IHBhZGRpbmctYm90dG9tOjE1cHg7Ij4KPGg0IHN0eWxlPSJib3JkZXItYm90dG9tOnNvbGlkIDFweCAjMDAwOyBwYWRkaW5nLWxlZnQ6MjBweDsgcGFkZGluZy10b3A6NnB4OyAgZm9udC1zaXplOjIwcHg7IG1hcmdpbjowIDAgMjBweCAwOyBiYWNrZ3JvdW5kOiAjRUJFQkVCIj7plqLpgKPllYblk4Hjg6rjg7Pjgq88L2g0Pgo8ZGl2IHN0eWxlPSJ3aWR0aDoyMDJweDsgZmxvYXQ6bGVmdDsgbWFyZ2luLXJpZ2h0OjIwcHg7IHBhZGRpbmctbGVmdDoxMXB4OyI+CjxhIGhyZWY9Imh0dHBzOi8vaXRlbS5yYWt1dGVuLmNvLmpwL2h1b25lc3QvMzIwMDAzMC8iPjxpbWcgc3JjPSJodHRwczovL2ltYWdlLnJha3V0ZW4uY28uanAvaHVvbmVzdC9jYWJpbmV0L3NrNi8zMjAwMDMwLmpwZyIgYWx0PSLlvJXlh7rjgZfku5jjgY3jg63jg7zjg4bjg7zjg5bjg6siIHdpZHRoPSIyMDIiIGJvcmRlcj0iMCIgLz48cCBzdHlsZT0icGFkZGluZzowIDEwcHg7IG1hcmdpbi1ib3R0b206MTVweCI+5byV5Ye644GX5LuY44GN44Ot44O844OG44O844OW44OrPC9wPjwvYT4KPC9kaXY+CjxkaXYgc3R5bGU9IndpZHRoOjIwMnB4OyBmbG9hdDpsZWZ0OyBtYXJnaW4tcmlnaHQ6MjBweCI+CjxhIGhyZWY9Imh0dHBzOi8vaXRlbS5yYWt1dGVuLmNvLmpwL2h1b25lc3QvMzIwMDAzMS8iPjxpbWcgc3JjPSJodHRwczovL2ltYWdlLnJha3V0ZW4uY28uanAvaHVvbmVzdC9jYWJpbmV0L3NrNi8zMjAwMDMxLmpwZyIgYWx0PSLjgrnjg6njgqTjg4nlvI/jgrPjg7zjg4rjg7zjg4bjg6zjg5Plj7AiIHdpZHRoPSIyMDIiIGJvcmRlcj0iMCIgLz48cCBzdHlsZT0icGFkZGluZzowIDEwcHg7IG1hcmdpbi1ib3R0b206MTVweCI+44K544Op44Kk44OJ5byP44Kz44O844OK44O844OG44Os44OT5Y+wPC9wPjwvYT4KPC9kaXY+CjxkaXYgc3R5bGU9IndpZHRoOjIwMnB4OyBmbG9hdDpsZWZ0OyBtYXJnaW4tcmlnaHQ6MCI+CjxhIGhyZWY9Imh0dHBzOi8vaXRlbS5yYWt1dGVuLmNvLmpwL2h1b25lc3QvMzIwMDAzMi8iPjxpbWcgc3JjPSJodHRwczovL2ltYWdlLnJha3V0ZW4uY28uanAvaHVvbmVzdC9jYWJpbmV0L3NrNi8zMjAwMDMyLmpwZyIgYWx0PSLlj47ntI3ku5jjgY3ljJfmrKfpoqgyUOOCveODleOCoSIgd2lkdGg9IjIwMiIgYm9yZGVyPSIwIiAvPjxwIHN0eWxlPSJwYWRkaW5nOjAgMTBweDsgbWFyZ2luLWJvdHRvbToxNXB4Ij7lj47ntI3ku5jjgY3ljJfmrKfpoqgyUOOCveODleOCoTwvcD48L2E+CjwvZGl2Pgo8YnIgc3R5bGU9ImNsZWFyOmJvdGgiIC8+CjwvZGl2PgoKPC9kaXY+PHRhYmxlIHdpZHRoPSIxMDAlIiBib3JkZXI9IjAiIGNlbGxzcGFjaW5nPSIxIiBjZWxscGFkZGluZz0iOCIgY2xhc3M9ImlfaW5mbyI+Cjx0cj4KPHRkIGNvbHNwYW49IjIiIGNsYXNzPSJpX2luZm9fdCI+CjxiPjxmb250IGNvbG9yPSIzMzMiPuOCpOODs+ODleOCqeODoeODvOOCt+ODp+ODs+ODu+azqOaEj+S6i+mghTwvZm9udD48L2I+CjwvdGQ+CjwvdHI+Cjx0aD7pgIHmlpnjgavjgaTjgYTjgaY8L3RoPgo8dGQgY2xhc3M9ImlhdHRuc29yeW8iIGJnY29sb3I9IiNGRkZGRkYiPjxwIHN0eWxlPSJjb2xvcjojRkYwMDAwOyI+6YCB5paZ54Sh5paZPGJyPgo8aW1nIHNyYz0iaHR0cHM6Ly9pbWFnZS5yYWt1dGVuLmNvLmpwL2h1b25lc3QvY2FiaW5ldC9jYW0vZGliaWtpLmdpZiIgYWx0PSLku6Pph5HlvJXmj5vkuI3lj6/llYblk4EiIGJvcmRlcj0iMCI+PGJyPgrigLvku6PlvJXjgY3kuI3lj6/jga7llYblk4Hjgajjgarjgorjgb7jgZnjgILku5bjga7jgYrmlK/miZXjgYTmlrnms5XjgpLjgYrpgbjjgbPjgY/jgaDjgZXjgYTjgII8YnI+CuKAu+aylue4hOODu+mbouWztuODu+S4gOmDqOmBoOmalOWcsOOBuOOBruOBiuWxiuOBkeOBr+WHuuadpeOBvuOBm+OCk+OAgjxCUj4KPHAgY2xhc3M9ImRlbGl2X2ZlZV9ob2t1Ij7ljJfmtbfpgZPjgbjjga7phY3pgIHjga/liKXpgJTpgIHmlpnjgYzjgYvjgYvjgorjgb7jgZnjgII8YnI+5YyX5rW36YGT6YCB5paZ77ya44CQ5YyXNeOAkeOCv+OCpOODlzwvcD4K4oC75pmC6ZaT5oyH5a6a44GvMeS+v++8iDktMTTmmYLvvInjgIEy5L6/77yIMTItMTjmmYLvvInjgIHntYLml6Xkvr/vvIg5LTE45pmC77yJ44Gu44G/44Go44Gq44KK44G+44GZ44CCPEJSPgrjg7vlnLDln5/jgavjgojjgaPjgabphY3pgIHjga7mm5zml6XjgYzpmZDlrprjgZXjgozjgovloLTlkIjjgoTjgIHmmYLplpPmjIflrprjgYzmib/jgozjgarjgYTloLTlkIjjgYzjgZTjgZbjgYTjgb7jgZnjgII8QlI+PC9wPgoKPC90ZD4KPC90cj4KPHRoPuaxuua4iOaWueazleOBq+OBpOOBhOOBpjwvdGg+Cjx0ZCBiZ2NvbG9yPSIjRkZGRkZGIiBjbGFzcz0iaWF0dG5wZXkiPumAmuW4uOaxuua4iO+8iOOBiuiyt+OBhOeJqeOCrOOCpOODieOAjOOBiuaUr+aJleOBhOaWueazleOBq+OBpOOBhOOBpuOAjeOCkuOBlOeiuuiqjeOBj+OBoOOBleOBhOOAgjwvdGQ+CjwvdHI+Cgo8L3RhYmxlPgoKCgo8dGFibGUgd2lkdGg9IjEwMCUiIGJvcmRlcj0iMCIgY2VsbHNwYWNpbmc9IjEiIGNlbGxwYWRkaW5nPSI4IiBjbGFzcz0iaV9zcGVjIj48dHI+PHRkIGNvbHNwYW49IjIiIGJnY29sb3I9IiNGM0YzRjMiPgo8Yj48Zm9udCBjb2xvcj0iMzMzIj7oqbPntLDjg7vjgrnjg5rjg4Pjgq88L2ZvbnQ+PC9iPjwvdGQ+PC90cj4KPHRyPgo8dGg+5ZWG5ZOB6Kqs5piOPC90aD4KPHRkIGNsYXNzPSJpZXhwbGFuYXRpb24iIGJnY29sb3I9IiNGRkZGRkYiPgo8cD4K44Kz44Oz44OR44Kv44OI44Gq44Gu44Gr5a2Y5Zyo5oSf44Gu44GC44KL44CB55SY6YGO44GO44Gq44GE44K344Oz44OX44Or44Gn6JC944Gh552A44GE44Gf44OB44Kn44OD44Kv5p+E44Gu44OV44Kh44OW44Oq44OD44KvMlDjgr3jg5XjgqHjgII8YnI+CuOCveODleOCoeOBruW6p+mdouS4i+OBr+WPjue0jeOCueODmuODvOOCueOBq+OBquOBo+OBpuOBiuOCiuOAgeacrOOChOmbkeiqjOODu+aVo+OBi+OCiuOChOOBmeOBhOOBiuOCguOBoeOCg+OBquOBqeOBoeOCh+OBo+OBqOOBl+OBn+OCguOBruOCkuWPjue0jeOBmeOCi+OBruOBq+S+v+WIqeOBp+OBmeOAgjxicj4K44K944OV44Kh44Go5ZCM44GY5p+E44Gu44Kv44OD44K344On44OzMuWAi+S7mOOBjeOAguOBiuOBl+OCg+OCjOOBquOCq+ODleOCp+OBruOCiOOBhuOBquWPr+aEm+OCieOBl+OBhOepuumWk+OCkua8lOWHuuOBl+OBvuOBmeOAgjxicj4KPC9wPgo8L3RkPgo8L3RyPgoKPHRyPgo8dGg+44K144Kk44K6PC90aD4KPHRkIGNsYXNzPSJpc2l6ZSIgYmdjb2xvcj0iI0ZGRkZGRiI+CjxwPgrluYUxMzfDl+WlpeihjDY1w5fpq5jjgZU3MGNtPEJSPgrjg7vluqfpnaLluYXvvJrntIQxMTBjbTxicj4K44O75Y+O57SN6YOo5YaF5a+477ya5bmFMTAyw5flpaXooYw0M8OX6auY44GVMTJjbTxicj4KCjwvcD4KPC90ZD4KPC90cj4KCgo8dHI+Cjx0aD7mnZAg6LOqPC90aD4KPHRkIGNsYXNzPSJpbWF0ZXJpYWwiIGJnY29sb3I9IiNGRkZGRkYiPgrmnKzkvZPvvJrmnKjmnqDjgIHjgqbjg6zjgr/jg7Pjg5Xjgqnjg7zjg6DjgIFT44OQ44ONPGJyPgrlvLXlnLDvvJrjg53jg6rjgqjjgrnjg4bjg6sxMDAlPGJyPgrohJrpg6jvvJrmnKjoo708YnI+CjwvdGQ+CjwvdHI+Cgo8dHI+Cjx0aD7ntYQg56uLPC90aD4KPHRkIGNsYXNzPSJpa3VtaXRhdGUiIGJnY29sb3I9IiNGRkZGRkYiPgrlrozmiJDlk4Eo6ISa6YOo44Gu44G/44GK5a6i5qeY5Y+W44KK5LuY44GRKTxicj4KCjwvdGQ+CjwvdHI+Cgo8dHI+Cjx0aD7nlJ/nlKPlm708L3RoPgo8dGQgY2xhc3M9ImlrdW1pdGF0ZSIgYmdjb2xvcj0iI0ZGRkZGRiI+CuS4reWbvQoKPC90ZD4KPC90cj4KCgoKPHRyPgo8dGg+44Gd44Gu5LuW44O75rOo5oSP5LqL6aCFPC90aD4KPHRkIGNsYXNzPSJpYXR0bnR4dCIgYmdjb2xvcj0iI0ZGRkZGRiI+CuODu+WQjOiJsuOCr+ODg+OCt+ODp+ODszLlgIvku5jjgY08YnI+CuODu+W6p+mdouS4i+WPjue0jeS7mOOBjTxicj4KPGZvbnQgY29sb3I9InJlZCI+4oC75ZWG5ZOB55S75YOP44Gv6Imy5ZCI44GE44KE57Sg5p2Q5oSf44GM5a6f6Zqb44Gu5ZWG5ZOB44Go55Ww44Gq44KL5aC05ZCI44GM44GU44GW44GE44G+44GZ44CCPGJyPgrjg6Ljg4vjgr/jg7zjg7vjg4fjgqPjgrnjg5fjg6zjgqTjgavjgojjgaPjgabjgoLlhpnjgormlrnjgYzlpInjgorjgb7jgZnjgILkuojjgoHjgZTkuobmib/jgY/jgaDjgZXjgYTjgII8YnI+PC9mb250Pgo8L3RkPgo8L3RyPgo8L3RhYmxlPjxsaW5rIHJlbD0ic3R5bGVzaGVldCIgaHJlZj0iaHR0cDovL3d3dy5yYWt1dGVuLm5lLmpwL2dvbGQvaHVvbmVzdC9jc3Mvc3R5bGUuY3NzIiAvPgoKPGltZyBzcmM9Imh0dHA6Ly9pbWFnZS5yYWt1dGVuLmNvLmpwL2h1b25lc3QvY2FiaW5ldC8wMzk1MzIzMC9zb2ZhXzk4MF80MDAuanBnIiBhbHQ9IuS6uuawl+OBruOBiuOBl+OCg+OCjOOCveODleOCoeODu+OCveODleOCoeODvOODmeODg+ODiSDpgJrosqkiIHdpZHRoPSI4MDAiIC8+PGJyPgrkurrmsJfjga7ljJfmrKfpoqjjgr3jg5XjgqHjgoTjgr3jg5XjgqHjg7zjg5njg4Pjg4njgYzli6LjgZ7jgo3jgYTvvIHjgYrjgZfjgoPjgozjgr3jg5XjgqHjg7vjgr3jg5XjgqHjg7zjg5njg4Pjg4nnibnpm4Y8YnI+Cjxicj4KCgoKCjxkaXYgY2xhc3M9ImxpbmUiPgo8aDM+TkVXIEFSUklWQUw8c3Bhbj7mlrDnnYDllYblk4E8L3NwYW4+PC9oMz4KPC9kaXY+CgoKCjxiciBzdHlsZT0iY2xlYXI6Ym90aCIgLz4=,5LqM5Lq65o6b44GR44K944OV44KhIOS6jOS6uuaOm+OBkSDjg4Hjgqfjg4Pjgq/mn4Qg5Y+O57SN5LuY44GNIOWMl+aspyDjgqvjgrjjg6XjgqLjg6sg44K944OV44KhIDJQIDLkurrmjpvjgZEgMuS6uuaOm+OBkeOCveODleOCoSDjgr3jg5XjgqHjg7wg5LqM5Lq65o6b44GR44K944OV44Kh44O8IOOCq+OCpuODgeOCveODleOCoSDjg6njg5bjgr3jg5XjgqEgMuS6uuaOm+OBkeOCveODleOCoeODvCDogpjku5jjgY0g6IKY5o6b44GR5LuY44GNIOOCouODvOODoOOCveODleOCoSDjg6zjg4jjg60g44OV44Kh44OW44Oq44OD44KvIOWkp+S6uuWPr+aEm+OBhOODgeOCp+ODg+OCr+afhO+8mkhVT05FU1Q=,5LqM5Lq65o6b44GR44K944OV44KhIOS6jOS6uuaOm+OBkSDjg4Hjgqfjg4Pjgq/mn4Qg5Y+O57SN5LuY44GNIOWMl+aspyDjgqvjgrjjg6XjgqLjg6sg44K944OV44KhIDJQIDLkurrmjpvjgZEgMuS6uuaOm+OBkeOCveODleOCoSDjgr3jg5XjgqHjg7wg5LqM5Lq65o6b44GR44K944OV44Kh44O8IOOCq+OCpuODgeOCveODleOCoSDjg6njg5bjgr3jg5XjgqEgMuS6uuaOm+OBkeOCveODleOCoeODvCDogpjku5jjgY0g6IKY5o6b44GR5LuY44GNIOOCouODvOODoOOCveODleOCoSDjg6zjg4jjg60g44OV44Kh44OW44Oq44OD44KvIOWkp+S6uuWPr+aEm+OBhOODgeOCp+ODg+OCr+afhA==,44OB44Kn44OD44Kv5p+EIOWMl+asp+miqCDkuozkurrmjpvjgZHjgr3jg5XjgqEg5Y+O57SN5LuY44GNIDLkurrmjpvjgZHjgr3jg5XjgqHjg7zjgILkuozkurrmjpvjgZHjgr3jg5XjgqEg5LqM5Lq65o6b44GRIOODgeOCp+ODg+OCr+afhCDlj47ntI3ku5jjgY0g5YyX5qynIOOCq+OCuOODpeOCouODqyDjgr3jg5XjgqEgMlAgMuS6uuaOm+OBkSAy5Lq65o6b44GR44K944OV44KhIOOCveODleOCoeODvCDkuozkurrmjpvjgZHjgr3jg5XjgqHjg7wg44Kr44Km44OB44K944OV44KhIOODqeODluOCveODleOCoSAy5Lq65o6b44GR44K944OV44Kh44O8IOiCmOS7mOOBjSDogpjmjpvjgZHku5jjgY0g44Ki44O844Og44K944OV44KhIOODrOODiOODrSDjg5XjgqHjg5bjg6rjg4Pjgq8g5aSn5Lq65Y+v5oSb44GE44OB44Kn44OD44Kv5p+E[rn]
37-51607,aHR0cDovL3RzaG9wLnIxMHMuanAvaHVvbmVzdC9jYWJpbmV0L3RrMTIvMjkwMDAwNS5qcGc/Zml0aW49NzAwOjcwMA==,MzQzODcuMjAwMA==,,44Kk44Oz44OG44Oq44Ki44O75a+d5YW344O75Y+O57SNID4g44K944OV44Kh44O744K944OV44Kh44OZ44OD44OJID4gMuS6uuaOm+OBkeOCveODleOCoSA+IOW4g+WcsA==,44OV44Op44Oz44K544OZ44OD44OJIOODreODvOOCveODleOCoeODvCBvbiZvZmYgMuS6uuaOm+OBkeOCveODleOCoSDjgrPjg7zjg4rjg7zjgr3jg5XjgqEg44Kr44Km44OB44K944OV44KhIDJQ44K944OV44KhIOODquOCr+ODqeOCpOODi+ODs+OCsCDjgr3jg5XjgqEg44Ot44O844K944OV44KhIOODleODreOCouOCveODleOCoSDluqfmpIXlrZAgNDLmrrXpmo4g44Oq44Kv44Op44Kk44OL44Oz44Kw44K944OV44KhIOOBlOOCjeWvnSDohJrku5jjgY0gRnJhbmNlIEJlZCBNb3ZlYWJsZSBzb2ZhIDLlj7Djgrvjg4Pjg4g=,44OV44Op44Oz44K544OZ44OD44OJIOODreODvOOCveODleOCoeODvCBvbiZhbXA7b2ZmIDLkurrmjpvjgZHjgr3jg5XjgqE=,CgoKPGRpdiBzdHlsZT0id2lkdGg6NjcwcHg7IGZvbnQtc2l6ZToxMi41cHg7IGxpbmUtaGVpZ2h0OjEuNjsgZm9udC1mYW1pbHk6J0hpcmFnaW5vIEtha3UgR290aGljIFByb04nLCBNZWlyeW8sIHNhbnMtc2VyaWY7IGNvbG9yOiMzMzMiPgogIDxpbWcgc3JjPSJodHRwczovL2ltYWdlLnJha3V0ZW4uY28uanAvaHVvbmVzdC9jYWJpbmV0L3RrMTIvb25hbmRvZmYuanBnIiAvPjxiciAvPgo8YnIgLz4KCiAgPGg0IHN0eWxlPSJib3JkZXItbGVmdDpzb2xpZCA4cHggIzMzMzsgcGFkZGluZy1sZWZ0OjIwcHg7IGZvbnQtc2l6ZToxOHB4Ij7luqfjgaPjgabjgIxPTuOAjeOAgeaoquOBq+OBquOBo+OBpuOAjE9GRuOAjSEy44Gk44Gu44OB44Kn44Ki44KS5aSJ5b2i44GV44Gb44KLPGJyPgogIOODleODqeODs+OCueODmeODg+ODieODquOCr+ODqeOCpOODi+ODs+OCsOODreODvOOCveODleOCoeOAgFvjgIBPTiZPRkbjgIBdPC9oND4KICA8aW1nIHNyYz0iaHR0cHM6Ly9pbWFnZS5yYWt1dGVuLmNvLmpwL2h1b25lc3QvY2FiaW5ldC90azEyL29uYW5kb2ZmXzAwMS5qcGciICAvPgogIDxwIHN0eWxlPSJwYWRkaW5nOjAgMTBweDsgbWFyZ2luLWJvdHRvbTo0MHB4Ij4y44Gk44Gu44Ot44O844K944OV44Kh44O844KS6Ieq5Zyo44Gr5aSJ5b2i44GV44Gb44Gm5L2/44GI44KL44OV44Op44Oz44K544OZ44OD44OJ56S+6ZaL55m644Gu44CMT04mT0ZG44CN44CCPGJyPuOCveODleOCoeOCkuW6g+OBkuOCjOOBsOOCs+ODvOODiuODvOOCveODleOCoeOBq+OAguOBn+OBpuOBq+WkieW9ouOBmeOCi+OBqOOBlOOCjeWvneOBq+OBtOOBo+OBn+OCiuOAguW6p+mdouS4i+OBruOCueODgeODvOODq+ODl+ODrOODvOODiOOCkuODrOODg+OCsOOBq+WPluOCiuS7mOOBkeOCi+OBk+OBqOOBq+OCiOOCiuOAgeiHqueUseOBquWbnui7ouOBjOWPr+iDveOBqOOBquOCiuOBvuOBl+OBn+OAgjwvcD4KICA8YnIgLz4KCiAgICA8aDQgc3R5bGU9ImJvcmRlci1sZWZ0OnNvbGlkIDhweCAjMzMzOyBwYWRkaW5nLWxlZnQ6MjBweDsgZm9udC1zaXplOjE4cHgiPuOAjOOCs+ODvOODiuODvOOAjeOAgeOAjDJQ44CN44CB44CM44Ot44Oz44Kw44CN44CC6Ieq5Zyo44Gr44Kr44K/44OB44KS5aSJ5YyW44Gn44GN44KL44Ot44O844K944OV44Kh44CCPC9oND4KPGRpdiBzdHlsZT0id2lkdGg6MzI1cHg7IGZsb2F0OmxlZnQ7IG1hcmdpbi1yaWdodDoyMHB4Ij4KPGEgaHJlZj0iaHR0cHM6Ly9pbWFnZS5yYWt1dGVuLmNvLmpwL2h1b25lc3QvY2FiaW5ldC90azEyL29uYW5kb2ZmXzAwNS5qcGciIHN0eWxlPSJjdXJzb3I6dXJsKGh0dHBzOi8vd3d3LnJha3V0ZW4ubmUuanAvZ29sZC9odW9uZXN0L3NlYXJjaC5wbmcpLCBwb2ludGVyOyIgdGFyZ2V0PSJfYmxhbmsiPjxpbWcgc3JjPSJodHRwczovL2ltYWdlLnJha3V0ZW4uY28uanAvaHVvbmVzdC9jYWJpbmV0L3RrMTIvb25hbmRvZmZfMDA1LmpwZyIgd2lkdGg9IjMyNSIgLz48L2E+CjxwIHN0eWxlPSJwYWRkaW5nOjAgMTBweDsgbWFyZ2luLWJvdHRvbTo0MHB4Ij7luqfpnaLkuIvjga7jgrnjg4Hjg7zjg6vjg5fjg6zjg7zjg4jjgpLjg6zjg4PjgrDjgavlj5bjgorku5jjgZHjgovjgZPjgajjgavjgojjgorjgIHoh6rnlLHjgarlm57ou6LjgYzlj6/og73jgII8L3A+CjwvZGl2PgoKPGRpdiBzdHlsZT0id2lkdGg6MzI1cHg7IGZsb2F0OmxlZnQiPgo8YSBocmVmPSJodHRwczovL2ltYWdlLnJha3V0ZW4uY28uanAvaHVvbmVzdC9jYWJpbmV0L3RrMTIvb25hbmRvZmZfMDAzLmpwZyIgc3R5bGU9ImN1cnNvcjp1cmwoaHR0cHM6Ly93d3cucmFrdXRlbi5uZS5qcC9nb2xkL2h1b25lc3Qvc2VhcmNoLnBuZyksIHBvaW50ZXI7IiB0YXJnZXQ9Il9ibGFuayI+PGltZyBzcmM9Imh0dHBzOi8vaW1hZ2UucmFrdXRlbi5jby5qcC9odW9uZXN0L2NhYmluZXQvdGsxMi9vbmFuZG9mZl8wMDMuanBnIiB3aWR0aD0iMzI1IiAvPjwvYT4KPHAgc3R5bGU9InBhZGRpbmc6MCAxMHB4OyBtYXJnaW4tYm90dG9tOjQwcHgiPuOCveODleOCoeOCkuW6g+OBkuOCjOOBsOOCs+ODvOODiuODvOOCveODleOCoeOBq+OAgjwvcD4KPC9kaXY+CjxkaXYgc3R5bGU9IndpZHRoOjMyNXB4OyBmbG9hdDpsZWZ0OyBtYXJnaW4tcmlnaHQ6MjBweCI+CjxhIGhyZWY9Imh0dHBzOi8vaW1hZ2UucmFrdXRlbi5jby5qcC9odW9uZXN0L2NhYmluZXQvdGsxMi9vbmFuZG9mZl8wMDIuanBnIiBzdHlsZT0iY3Vyc29yOnVybChodHRwczovL3d3dy5yYWt1dGVuLm5lLmpwL2dvbGQvaHVvbmVzdC9zZWFyY2gucG5nKSwgcG9pbnRlcjsiIHRhcmdldD0iX2JsYW5rIj48aW1nIHNyYz0iaHR0cHM6Ly9pbWFnZS5yYWt1dGVuLmNvLmpwL2h1b25lc3QvY2FiaW5ldC90azEyL29uYW5kb2ZmXzAwMi5qcGciIHdpZHRoPSIzMjUiIC8+PC9hPgo8cCBzdHlsZT0icGFkZGluZzowIDEwcHg7IG1hcmdpbi1ib3R0b206NDBweCI+5Lim44G544Gm44GK44GR44GwMlDjgr3jg5XjgqHjgavjgII8L3A+CjwvZGl2PgoKPGRpdiBzdHlsZT0id2lkdGg6MzI1cHg7IGZsb2F0OmxlZnQiPgo8YSBocmVmPSJodHRwczovL2ltYWdlLnJha3V0ZW4uY28uanAvaHVvbmVzdC9jYWJpbmV0L3RrMTIvb25hbmRvZmZfMDA0LmpwZyIgc3R5bGU9ImN1cnNvcjp1cmwoaHR0cHM6Ly93d3cucmFrdXRlbi5uZS5qcC9nb2xkL2h1b25lc3Qvc2VhcmNoLnBuZyksIHBvaW50ZXI7IiB0YXJnZXQ9Il9ibGFuayI+PGltZyBzcmM9Imh0dHBzOi8vaW1hZ2UucmFrdXRlbi5jby5qcC9odW9uZXN0L2NhYmluZXQvdGsxMi9vbmFuZG9mZl8wMDQuanBnIiB3aWR0aD0iMzI1IiAvPjwvYT4KPHAgc3R5bGU9InBhZGRpbmc6MCAxMHB4OyBtYXJnaW4tYm90dG9tOjQwcHgiPue4puOBq+WkieW9ouOBmeOCi+OBqOOBlOOCjeWvneOBjOOBp+OBjeOBvuOBmeOAgjwvcD4KPC9kaXY+CjxiciBzdHlsZT0iY2xlYXI6Ym90aCIgLz4KICA8aDQgc3R5bGU9ImJvcmRlci1sZWZ0OnNvbGlkIDhweCAjMzMzOyBwYWRkaW5nLWxlZnQ6MjBweDsgZm9udC1zaXplOjE4cHgiPumgremDqOODu+iDjOmDqOOBrzQy5q616ZqO44Gu44Oq44Kv44Op44Kk44OL44Oz44Kw5qmf6IO95pCt6LyJ44CCPC9oND4KICAgIDxwIHN0eWxlPSJwYWRkaW5nOjAgMTBweDsgbWFyZ2luLWJvdHRvbTo0MHB4Ij4y44Gk44Gu44Ot44O844K944OV44Kh44O844KS6Ieq5Zyo44Gr5aSJ5b2i44GV44Gb44Gm5L2/44GI44KL44OV44Op44Oz44K544OZ44OD44OJ56S+6ZaL55m644Gu44CMT04mT0ZG44CN44CCPGJyPuOCveODleOCoeOCkuW6g+OBkuOCjOOBsOOCs+ODvOODiuODvOOCveODleOCoeOBq+OAguOBn+OBpuOBq+WkieW9ouOBmeOCi+OBqOOBlOOCjeWvneOBq+OBtOOBo+OBn+OCiuOAguW6p+mdouS4i+OBruOCueODgeODvOODq+ODl+ODrOODvOODiOOCkuODrOODg+OCsOOBq+WPluOCiuS7mOOBkeOCi+OBk+OBqOOBq+OCiOOCiuOAgeiHqueUseOBquWbnui7ouOBjOWPr+iDveOBqOOBquOCiuOBvuOBl+OBn+OAgjwvcD4KICA8aW1nIHNyYz0iaHR0cHM6Ly9pbWFnZS5yYWt1dGVuLmNvLmpwL2h1b25lc3QvY2FiaW5ldC90azEyL29uYW5kb2ZmXzAwNi5qcGciICAvPgo8YnIgc3R5bGU9ImNsZWFyOmJvdGgiIC8+CjxoNCBzdHlsZT0iYm9yZGVyLWxlZnQ6c29saWQgOHB4ICMzMzM7IHBhZGRpbmctbGVmdDoyMHB4OyBmb250LXNpemU6MThweCI+RGV0YWlsPC9oND4KPGJyIC8+CjxiciAvPgoKPGRpdiBzdHlsZT0id2lkdGg6MzI1cHg7IGZsb2F0OmxlZnQ7IG1hcmdpbi1yaWdodDoyMHB4Ij4KPGEgaHJlZj0iaHR0cHM6Ly9pbWFnZS5yYWt1dGVuLmNvLmpwL2h1b25lc3QvY2FiaW5ldC90azEyL29uYW5kb2ZmXzAwNy5qcGciIHN0eWxlPSJjdXJzb3I6dXJsKGh0dHBzOi8vd3d3LnJha3V0ZW4ubmUuanAvZ29sZC9odW9uZXN0L3NlYXJjaC5wbmcpLCBwb2ludGVyOyIgdGFyZ2V0PSJfYmxhbmsiPjxpbWcgc3JjPSJodHRwczovL2ltYWdlLnJha3V0ZW4uY28uanAvaHVvbmVzdC9jYWJpbmV0L3RrMTIvb25hbmRvZmZfMDA3LmpwZyIgd2lkdGg9IjMyNSIgLz48L2E+CjxwIHN0eWxlPSJwYWRkaW5nOjAgMTBweDsgbWFyZ2luLWJvdHRvbTo0MHB4Ij7ohJrpg6jjga/lpKnnhLbnm67jga7ohJrjgpLkvb/nlKjjgZfjgabjgYTjgb7jgZnjgII8L3A+CjwvZGl2PgoKPGRpdiBzdHlsZT0id2lkdGg6MzI1cHg7IGZsb2F0OmxlZnQiPgo8YSBocmVmPSJodHRwczovL2ltYWdlLnJha3V0ZW4uY28uanAvaHVvbmVzdC9jYWJpbmV0L3RrMTIvb25hbmRvZmZfMDA4LmpwZyIgc3R5bGU9ImN1cnNvcjp1cmwoaHR0cHM6Ly93d3cucmFrdXRlbi5uZS5qcC9nb2xkL2h1b25lc3Qvc2VhcmNoLnBuZyksIHBvaW50ZXI7IiB0YXJnZXQ9Il9ibGFuayI+PGltZyBzcmM9Imh0dHBzOi8vaW1hZ2UucmFrdXRlbi5jby5qcC9odW9uZXN0L2NhYmluZXQvdGsxMi9vbmFuZG9mZl8wMDguanBnIiB3aWR0aD0iMzI1IiAvPjwvYT4KPHAgc3R5bGU9InBhZGRpbmc6MCAxMHB4OyBtYXJnaW4tYm90dG9tOjQwcHgiPuS4puOBueOBpuOChuOBo+OBn+OCiuOBqOOBj+OBpOOCjeOBkOOBk+OBqOOBjOOBp+OBjeOBvuOBmeOAgjwvcD4KPC9kaXY+CjxkaXYgYWxpZ249ImNlbnRlciI+PGJyIHN0eWxlPSJjbGVhcjpib3RoIiAvPiAgICAKICAgIAogIDxCUj4KICAgIDxpbWcgc3JjPSJodHRwczovL2ltYWdlLnJha3V0ZW4uY28uanAvaHVvbmVzdC9jYWJpbmV0L3RrMTIvb25hbmRvZmZfMDEwLmpwZyIgLz48L2Rpdj4KCgoKPHRhYmxlIHdpZHRoPSIxMDAlIiBib3JkZXI9IjAiIGNlbGxzcGFjaW5nPSIxIiBjZWxscGFkZGluZz0iOCIgY2xhc3M9ImlfaW5mbyI+Cjx0cj4KPHRkIGNvbHNwYW49IjIiIGNsYXNzPSJpX2luZm9fdCI+CjxiPjxmb250IGNvbG9yPSIzMzMiPuOCpOODs+ODleOCqeODoeODvOOCt+ODp+ODs+ODu+azqOaEj+S6i+mghTwvZm9udD48L2I+CjwvdGQ+CjwvdHI+Cjx0aD7pgIHmlpnjgavjgaTjgYTjgaY8L3RoPgo8dGQgY2xhc3M9ImlhdHRuc29yeW8iIGJnY29sb3I9IiNGRkZGRkYiPumAgeaWmeeEoeaWmTxicj4KPHAgc3R5bGU9ImNvbG9yOiNGRjAwMDA7Ij4K4oC75rKW57iE44O76Zui5bO244O75LiA6YOo6YGg6ZqU5Zyw44G444Gu44GK5bGK44GR44Gv5Ye65p2l44G+44Gb44KT44CCPEJSPgo8cCBjbGFzcz0iZGVsaXZfZmVlX2hva3UiPuWMl+a1t+mBk+OBuOOBrumFjemAgeOBr+WIpemAlOmAgeaWmeOBjOOBi+OBi+OCiuOBvuOBmeOAggo8YnI+5YyX5rW36YGT6YCB5paZ77ya44CQ5YyXM+OAkeOCv+OCpOODlzwvcD4K4oC75pmC6ZaT5oyH5a6a44GvMeS+v++8iDktMTTmmYLvvInjgIEy5L6/77yIMTItMTjmmYLvvInjgIHntYLml6Xkvr/vvIg5LTE45pmC77yJ44Gu44G/44Go44Gq44KK44G+44GZ44CCPEJSPgrjg7vlnLDln5/jgavjgojjgaPjgabphY3pgIHjga7mm5zml6XjgYzpmZDlrprjgZXjgozjgovloLTlkIjjgoTjgIHmmYLplpPmjIflrprjgYzmib/jgozjgarjgYTloLTlkIjjgYzjgZTjgZbjgYTjgb7jgZnjgII8QlI+PC9wPgo8L3RkPgo8L3RyPgo8dGg+5rG65riI5pa55rOV44Gr44Gk44GE44GmPC90aD4KPHRkIGJnY29sb3I9IiNGRkZGRkYiIGNsYXNzPSJpYXR0bnBleSI+6YCa5bi45rG65riI77yI44GK6LK344GE54mp44Ks44Kk44OJ44CM44GK5pSv5omV44GE5pa55rOV44Gr44Gk44GE44Gm44CN44KS44GU56K66KqN44GP44Gg44GV44GE44CCPC90ZD4KPC90cj4KCjwvdGFibGU+CgoKCjx0YWJsZSB3aWR0aD0iMTAwJSIgYm9yZGVyPSIwIiBjZWxsc3BhY2luZz0iMSIgY2VsbHBhZGRpbmc9IjgiIGNsYXNzPSJpX3NwZWMiPjx0cj48dGQgY29sc3Bhbj0iMiIgYmdjb2xvcj0iI0YzRjNGMyI+CjxiPjxmb250IGNvbG9yPSIzMzMiPuips+e0sOODu+OCueODmuODg+OCrzwvZm9udD48L2I+PC90ZD48L3RyPgo8dHI+Cjx0aD7llYblk4HoqqzmmI48L3RoPgo8dGQgY2xhc3M9ImlleHBsYW5hdGlvbiIgYmdjb2xvcj0iI0ZGRkZGRiI+CjxwPgrluqfjgaPjgaZbT05d44KC44CB5qiq44Gr44Gq44Gj44GmW09GRl3jgoLjgaHjgofjgYbjganjgYTjgYTjgII8YnI+CuS4gOS6uuOBp+S9v+OBo+OBpuOCguOAgeS6jOS6uuOBp+S9v+OBo+OBpuOCguOBoeOCh+OBhuOBqeOBhOOBhOOAgjxicj4K5bqn6Z2i44KC6IOM5Lit44KC6Ieq55Sx44Gr5L2/44GI44KL44Gu44Gn44Gp44KT44Gq44K344O844Oz44Gr44KC44G044Gj44Gf44KK77yBPGJyPgrliY3ohJrjgavlj5bjgorku5jjgZHjgonjgozjgZ/jgrnjg4Hjg7zjg6vjg5fjg6zjg7zjg4jjgaflvaLjgYzlpInjgo/jgosy5Lq65o6b44GR44Ot44O844K944OV44Kh44O844CCPGJyPgrnuKbplbfjgavlpInlvaLjgZnjgovjgajoqq3mm7jjgavmnIDpganjgarjgqvjgqbjg4Hjgr3jg5XjgqHjg7zjgIHog4zjgoLjgZ/jgozjgpLlgJLjgZvjgbDjgZTjgo3lr53jg5njg4Pjg4njgavjgoLjgII8YnI+CuiDjOOCguOBn+OCjO+8humgremDqOWIhuOBruODquOCr+ODqeOCpOODi+ODs+OCsOOBr+OAgeOBiuWlveOBjeOBquS9jee9ruOBp+atouOCgeOCieOCjOOCi+acgOaWsOWeizQy5q616ZqO44Ku44Ki44KS5o6h55So44CCPGJyPgrjgb7jgZ/jgIHliY3jgavlgJLjgZfjgabjg63jg4Pjgq/jgpLop6PpmaTjgZfjgIHjgYrlpb3jgb/jga7kvY3nva7jgafjg63jg4Pjgq/jgpLmjpvjgZHjgovjgZPjgajjgYzjgafjgY3jgovjga7jgafjgIHmsLTlubPjgavlgJLjgZXjgarjgY/jgabjgoLlpKfkuIjlpKvjgII8QlI+CuiDjOOCguOBn+OCjOOBruS9jee9ruOCkuWkieOBiOOCi+OBn+OCgeOBq+WLleOBi+OBmeOBk+OBqOOBjOOBquOBj+OAgeecgeOCueODmuODvOOCueWMluOCkuWun+ePvuOBl+OBvuOBl+OBn+OAgjxCUj4K56qT6Zqb44Gr572u44GE44Gf44G+44G+44Gn44KC44Oq44Kv44Op44Kk44OL44Oz44Kw44GM44Gn44GN44G+44GZ44CCPEJSPgo8L3A+CjwvdGQ+CjwvdHI+Cgo8dHI+Cjx0aD7jgrXjgqTjgro8L3RoPgo8dGQgY2xhc3M9ImlzaXplIiBiZ2NvbG9yPSIjRkZGRkZGIj4KPHA+Cu+8iOS4gOWPsOOBguOBn+OCiu+8ieW5hTY1w5flpaXooYw3McOX6auY44GVNzRjbTxCUj4K4oC744GT44Gh44KJ44Gu5ZWG5ZOB44Gv77yS5Y+w44K744OD44OI44Go44Gq44KK44G+44GZ44CCPEJSPgoKPC9wPgo8L3RkPgo8L3RyPgoKPHRyPgo8dGg+5p2QIOizqjwvdGg+Cjx0ZCBjbGFzcz0iaW1hdGVyaWFsIiBiZ2NvbG9yPSIjRkZGRkZGIj4K5p2Q6LOq77ya44OV44Os44O844OgIOOCueODgeODvOODq+OCr+ODg+OCt+ODp+ODs+adkOOAgeOCpuODrOOCv+ODs+ODleOCqeODvOODoOOAgeihqOWcsOODneODquOCqOOCueODhuODqzEwMCU8YnI+CumHjemHj++8mjIwLjRrZzxCUj4KPC90ZD4KPC90cj4KCjx0cj4KPHRoPuODquOCr+ODqeOCpOODi+ODs+OCsDwvdGg+Cjx0ZCBjbGFzcz0iaW1hdGVyaWFsIiBiZ2NvbG9yPSIjRkZGRkZGIj4K6IOM44KC44Gf44KM77yG6aCt6YOo77yaNDLmrrXpmo7jg6rjgq/jg6njgqTjg4vjg7PjgrA8QlI+CjwvdGQ+CjwvdHI+Cgo8dHI+Cjx0aD7jgZ3jga7ku5bjg7vms6jmhI/kuovpoIU8L3RoPgo8dGQgY2xhc3M9ImlhdHRudHh0IiBiZ2NvbG9yPSIjRkZGRkZGIj4K5qKx5YyF44K144Kk44K677ya5bmFNjfDl+mVt+OBlTEyOMOX6auY44GVMjIuNWNtPGJyIC8+CuaiseWMhemHjemHj++8mjIyLjVrZzxiciAvPjxiciAvPgrjg7vllYblk4HnlLvlg4/jga/oibLlkIjjgYTjgoTntKDmnZDmhJ/jgYzlrp/pmpvjga7llYblk4HjgajnlbDjgarjgovloLTlkIjjgYzjgZTjgZbjgYTjgb7jgZnjgII8YnIgLz4K44Oi44OL44K/44O844O744OH44Kj44K544OX44Os44Kk44Gr44KI44Gj44Gm44KC5YaZ44KK5pa544GM5aSJ44KK44G+44GZ44CC5LqI44KB44GU5LqG5om/44GP44Gg44GV44GE44CCPEJSPgo8L3RkPgo8L3RyPgo8L3RhYmxlPjxsaW5rIHJlbD0ic3R5bGVzaGVldCIgaHJlZj0iaHR0cDovL3d3dy5yYWt1dGVuLm5lLmpwL2dvbGQvaHVvbmVzdC9jc3Mvc3R5bGUuY3NzIiAvPgoKPGltZyBzcmM9Imh0dHA6Ly9pbWFnZS5yYWt1dGVuLmNvLmpwL2h1b25lc3QvY2FiaW5ldC8wMzk1MzIzMC9zb2ZhXzk4MF80MDAuanBnIiBhbHQ9IuS6uuawl+OBruOBiuOBl+OCg+OCjOOCveODleOCoeODu+OCveODleOCoeODvOODmeODg+ODiSDpgJrosqkiIHdpZHRoPSI4MDAiIC8+PGJyPgrkurrmsJfjga7ljJfmrKfpoqjjgr3jg5XjgqHjgoTjgr3jg5XjgqHjg7zjg5njg4Pjg4njgYzli6LjgZ7jgo3jgYTvvIHjgYrjgZfjgoPjgozjgr3jg5XjgqHjg7vjgr3jg5XjgqHjg7zjg5njg4Pjg4nnibnpm4Y8YnI+Cjxicj4KCgoKCjxkaXYgY2xhc3M9ImxpbmUiPgo8aDM+TkVXIEFSUklWQUw8c3Bhbj7mlrDnnYDllYblk4E8L3NwYW4+PC9oMz4KPC9kaXY+CgoKCjxiciBzdHlsZT0iY2xlYXI6Ym90aCIgLz4=,44OV44Op44Oz44K544OZ44OD44OJIOODreODvOOCveODleOCoeODvCBvbiZhbXA7b2ZmIDLkurrmjpvjgZHjgr3jg5XjgqEg44Kz44O844OK44O844K944OV44KhIOOCq+OCpuODgeOCveODleOCoSAyUOOCveODleOCoSDjg6rjgq/jg6njgqTjg4vjg7PjgrAg44K944OV44KhIOODreODvOOCveODleOCoSDjg5Xjg63jgqLjgr3jg5XjgqEg5bqn5qSF5a2QIDQy5q616ZqOIOODquOCr+ODqeOCpOODi+ODs+OCsOOCveODleOCoSDjgZTjgo3lr50g6ISa5LuY44GNIEZyYW5jZSBCZWQgTW92ZWFibGUgc29mYSAy5Y+w44K744OD44OI77yaSFVPTkVTVA==,44OV44Op44Oz44K544OZ44OD44OJIOODreODvOOCveODleOCoeODvCBvbiZhbXA7b2ZmIDLkurrmjpvjgZHjgr3jg5XjgqEg44Kz44O844OK44O844K944OV44KhIOOCq+OCpuODgeOCveODleOCoSAyUOOCveODleOCoSDjg6rjgq/jg6njgqTjg4vjg7PjgrAg44K944OV44KhIOODreODvOOCveODleOCoSDjg5Xjg63jgqLjgr3jg5XjgqEg5bqn5qSF5a2QIDQy5q616ZqOIOODquOCr+ODqeOCpOODi+ODs+OCsOOCveODleOCoSDjgZTjgo3lr50g6ISa5LuY44GNIEZyYW5jZSBCZWQgTW92ZWFibGUgc29mYSAy5Y+w44K744OD44OI,44OV44Op44Oz44K544OZ44OD44OJIOODreODvOOCveODleOCoeODvCBvbiZhbXA7b2ZmIDLkurrmjpvjgZHjgr3jg5XjgqHjgILjg5Xjg6njg7Pjgrnjg5njg4Pjg4kg44Ot44O844K944OV44Kh44O8IG9uJmFtcDtvZmYgMuS6uuaOm+OBkeOCveODleOCoSDjgrPjg7zjg4rjg7zjgr3jg5XjgqEg44Kr44Km44OB44K944OV44KhIDJQ44K944OV44KhIOODquOCr+ODqeOCpOODi+ODs+OCsCDjgr3jg5XjgqEg44Ot44O844K944OV44KhIOODleODreOCouOCveODleOCoSDluqfmpIXlrZAgNDLmrrXpmo4g44Oq44Kv44Op44Kk44OL44Oz44Kw44K944OV44KhIOOBlOOCjeWvnSDohJrku5jjgY0gRnJhbmNlIEJlZCBNb3ZlYWJsZSBzb2ZhIDLlj7Djgrvjg4Pjg4g=[rn]
37-51608,aHR0cDovL3RzaG9wLnIxMHMuanAvaHVvbmVzdC9jYWJpbmV0L2trLzI2NTEwMDMxLmpwZz9maXRpbj03MDA6NzAw,MjU3NDcuMjAwMA==,,44Kk44Oz44OG44Oq44Ki44O75a+d5YW344O75Y+O57SNID4g44K944OV44Kh44O744K944OV44Kh44OZ44OD44OJID4gMuS6uuaOm+OBkeOCveODleOCoSA+IOW4g+WcsA==,MuS6uuaOm+OBkeOCveODleOCoSBSSUEg44Oq44KiIDJQ44K944OV44KhIOW4g+ijvSDjg5XjgqHjg5bjg6rjg4Pjgq8g44OV44Ot44Ki44K944OV44KhIOODreODvOOCveODleOCoSDjgr3jg5XjgqHjg7wg44K344Oz44OX44OrIOODiuODgeODpeODqeODqyDljJfmrKcg44Oi44OA44Oz,MuS6uuaOm+OBkeOCveODleOCoSBSSUEg44Oq44KiIOW4g+ijvSDjg5XjgqHjg5bjg6rjg4Pjgq8g44OV44Ot44Ki44K944OV44Kh,PGRpdiBjbGFzcz0iaXBibG9jayI+CiAgPGltZyBzcmM9Imh0dHBzOi8vaW1hZ2UucmFrdXRlbi5jby5qcC9odW9uZXN0L2NhYmluZXQva2svMjY1MTAwMzEuanBnIiBhbHQ9IlJJQSAyUOOCveODleOCoSI+CiAgPGJyPgogIDxwIGNsYXNzPSJpcHR4dCI+6JC944Gh552A44GR44KL44Kr44Op44O8w5fjg4fjgrbjgqTjg7PjgafjganjgpPjgarpg6jlsYvjgavjgoLoqr/lkozjgZfjgoTjgZnjgYRSSUHvvIjjg6rjgqLvvIkyUOOCveODleOCoeOAgjxicj4K44K344Oz44OX44Or44Gq44GM44KJ44KC44Oc44Oq44Ol44O844Og44Gu44GC44KL44K944OV44Kh44Gn44G744Gj44GT44KK44Go6JC944Gh552A44GR44G+44GZ44CCPGJyPgrohJrjgpLlj5bjgorku5jjgZHjgZrjgavjg63jg7zjgr/jgqTjg5fjgajjgZfjgabjgoLjgYrkvb/jgYTjgYTjgZ/jgaDjgZHjgb7jgZnjgII8YnI+CuWCt+S7mOOBjemYsuatoueUqOiEmuijj+ODleOCp+ODq+ODiOOBguOCiuOAguKAu+OBk+OBoeOCieOBruWVhuWTgeOBr+WkqeeEtuacqOOCkuS9v+eUqOOBl+OBpuOBiuOCiuOBvuOBmeeCuuOAgeacqOebruOChOevgOOBquOBqeOBruWHuuaWueOBjOeVsOOBquOCiuOBvuOBmeOAgjxicj4KICA8L3A+CiAgPGltZyBzcmM9Imh0dHBzOi8vaW1hZ2UucmFrdXRlbi5jby5qcC9odW9uZXN0L2NhYmluZXQva2svMjY1MTAwMzFfNC5qcGciIGFsdD0iQVNIQlkgMlAgc29mYSIgc3R5bGU9Im1hcmdpbi10b3A6IDMwcHg7Ij4KICA8YnI+CiAgICAgIDxpbWcgc3JjPSJodHRwczovL2ltYWdlLnJha3V0ZW4uY28uanAvaHVvbmVzdC9jYWJpbmV0L2trLzI2NTEwMDMxXzIuanBnIiBhbHQ9ImRldGFpbCIgc3R5bGU9Im1hcmdpbi10b3A6MzBweDsiPgogICAgICA8aW1nIHNyYz0iaHR0cHM6Ly9pbWFnZS5yYWt1dGVuLmNvLmpwL2h1b25lc3QvY2FiaW5ldC9ray8yNjUxMDAzMV8zLmpwZyIgYWx0PSJkZXRhaWwiIHN0eWxlPSJtYXJnaW4tdG9wOjMwcHg7Ij4KICAgICAgPGJyPgogIDxpbWcgc3JjPSJodHRwczovL2ltYWdlLnJha3V0ZW4uY28uanAvaHVvbmVzdC9jYWJpbmV0L2trLzI2NTEwMDMxXzEuanBnIiBhbHQ9InNpemUiIHN0eWxlPSJtYXJnaW4tdG9wOjMwcHg7Ij48YnI+CjxhIGhyZWY9Imh0dHBzOi8vaXRlbS5yYWt1dGVuLmNvLmpwL2h1b25lc3QvMjY1MTAwMzAvIj48aW1nIHNyYz0iaHR0cHM6Ly9pbWFnZS5yYWt1dGVuLmNvLmpwL2h1b25lc3QvY2FiaW5ldC9ray8yNjUxMDAzMV9saW5rMS5qcGciIGFsdD0iUklBIDJQIHNvZmEiIHN0eWxlPSJtYXJnaW4tdG9wOiAzMHB4OyI+PC9hPgo8L2Rpdj48dGFibGUgd2lkdGg9IjEwMCUiIGJvcmRlcj0iMCIgY2VsbHNwYWNpbmc9IjEiIGNlbGxwYWRkaW5nPSI4IiBjbGFzcz0iaV9pbmZvIj4KPHRyPgo8dGQgY29sc3Bhbj0iMiIgY2xhc3M9ImlfaW5mb190Ij4KPGI+PGZvbnQgY29sb3I9IiMzMzMzMzMiPuOCpOODs+ODleOCqeODoeODvOOCt+ODp+ODs+ODu+azqOaEj+S6i+mghTwvZm9udD48L2I+CjwvdGQ+CjwvdHI+Cjx0aD7pgIHmlpnjgavjgaTjgYTjgaY8L3RoPgo8dGQgY2xhc3M9ImlhdHRuc29yeW8iIGJnY29sb3I9IiNGRkZGRkYiPumAgeaWmeeEoeaWmTxicj4KPHA+4oC75rKW57iE44CB6Zui5bO244O76YGg6ZqU5Zyw44Gr6Zai44GX44G+44GX44Gm44Gv5Yil6YCU6YCB5paZ44GM44GL44GL44KK44G+44GZ44CC5a6f6LK76KuL5rGC44Go44Gq44KK44G+44GZ44Gu44Gn44CB44GC44KJ44GL44GY44KB44GU5LqG5om/5LiL44GV44GE44CCPC9wPgo8L3RkPgo8L3RyPgo8dGg+5rG65riI5pa55rOV44Gr44Gk44GE44GmPC90aD4KPHRkIGJnY29sb3I9IiNGRkZGRkYiIGNsYXNzPSJpYXR0bnBleSI+CjxwPjxpbWcgc3JjPSJodHRwczovL2ltYWdlLnJha3V0ZW4uY28uanAvaHVvbmVzdC9jYWJpbmV0L2NhbS9kaWJpa2kuZ2lmIiBhbHQ9IuS7o+mHkeW8leaPm+S4jeWPr+WVhuWTgSIgYm9yZGVyPSIwIiA+PGJyPjxicj4K5b2T5ZWG5ZOB44Gv5Luj6YeR5byV5o+b44Gv44GU5Yip55So44GE44Gf44Gg44GR44G+44Gb44KT44CCCjwvcD4KPHA+77yI44GK6LK344GE54mp44Ks44Kk44OJ44CM44GK5pSv5omV44GE5pa55rOV44Gr44Gk44GE44Gm44CN44KS44GU56K66KqN44GP44Gg44GV44GE44CC77yJPC9wPjwvdGQ+CjwvdHI+Cjx0aD7phY3pgIE8L3RoPgo8dGQgY2xhc3M9ImlhdHRuZGVsaSIgYmdjb2xvcj0iI0ZGRkZGRiI+CjxwPueOhOmWouWFiOOBvuOBp+OBruOBiuWxiuOBkeOBqOOBquOCiuOBvuOBmeOAgjwvcD4KPC90ZD4KPC90cj4KPC90YWJsZT4KCjx0YWJsZSB3aWR0aD0iMTAwJSIgYm9yZGVyPSIwIiBjZWxsc3BhY2luZz0iMSIgY2VsbHBhZGRpbmc9IjgiIGNsYXNzPSJpX3NwZWMiPjx0cj48dGQgY29sc3Bhbj0iMiIgYmdjb2xvcj0iI0YzRjNGMyI+CjxiPjxmb250IGNvbG9yPSIjMzMzMzMzIj7oqbPntLDjg7vjgrnjg5rjg4Pjgq88L2ZvbnQ+PC9iPjwvdGQ+PC90cj4KPHRyPgo8dGg+5ZWG5ZOB6Kqs5piOPC90aD4KPHRkIGNsYXNzPSJpZXhwbGFuYXRpb24iIGJnY29sb3I9IiNGRkZGRkYiPgo8cD7okL3jgaHnnYDjgZHjgovjgqvjg6njg7zDl+ODh+OCtuOCpOODs+OBp+OBqeOCk+OBqumDqOWxi+OBq+OCguiqv+WSjOOBl+OChOOBmeOBhFJJQe+8iOODquOCou+8iTJQ44K944OV44Kh44CCPGJyPgrjgrfjg7Pjg5fjg6vjgarjgYzjgonjgoLjg5zjg6rjg6Xjg7zjg6Djga7jgYLjgovjgr3jg5XjgqHjgafjgbvjgaPjgZPjgorjgajokL3jgaHnnYDjgZHjgb7jgZnjgII8YnI+CuiEmuOCkuWPluOCiuS7mOOBkeOBmuOBq+ODreODvOOCv+OCpOODl+OBqOOBl+OBpuOCguOBiuS9v+OBhOOBhOOBn+OBoOOBkeOBvuOBmeOAgjxicj4K5YK35LuY44GN6Ziy5q2i55So6ISa6KOP44OV44Kn44Or44OI44GC44KK44CC4oC744GT44Gh44KJ44Gu5ZWG5ZOB44Gv5aSp54S25pyo44KS5L2/55So44GX44Gm44GK44KK44G+44GZ54K644CB5pyo55uu44KE56+A44Gq44Gp44Gu5Ye65pa544GM55Ww44Gq44KK44G+44GZ44CCPGJyPgo8L3A+CjwvdGQ+CjwvdHI+Cgo8dHI+Cjx0aD7jgrXjgqTjgro8L3RoPgo8dGQgY2xhc3M9ImlzaXplIiBiZ2NvbG9yPSIjRkZGRkZGIj4KPHA+KOe0hCkxMTcuNcOX5aWl6KGMNzbDl+mrmOOBlTc0LjXvvIjluqfpnaLpq5jvvIk0MmNtPC9wPgo8cD7ph43ph4/vvJrntIQxOGtnPC9wPgo8L3RkPgo8L3RyPgoKPHRyPgo8dGg+5p2QIOizqjwvdGg+Cjx0ZCBjbGFzcz0iaW1hdGVyaWFsIiBiZ2NvbG9yPSIjRkZGRkZGIj4KPHA+5by15Zyw77ya44Od44Oq44Ko44K544OG44OrMTAwJTwvcD4KPHA+5Lit5p2Q77ya44Km44Os44K/44Oz44OV44Kp44O844Og44CB44OV44Os44O844Og77ya5aSp54S25pyo77yI44Op44OQ44O844Km44OD44OJ77yJPC9wPgo8L3RkPgo8L3RyPgoKPHRyPgo8dGg+6ICQ6I236YeNPC90aD4KPHRkIGNsYXNzPSJtaXciIGJnY29sb3I9IiNGRkZGRkYiPgo8cD7ntIQxMzBrZzwvcD4KPC90ZD4KPC90cj4KCjx0cj4KPHRoPue1hCDnq4s8L3RoPgo8dGQgY2xhc3M9ImlrdW1pdGF0ZSIgYmdjb2xvcj0iI0ZGRkZGRiI+CjxwPuiEmumDqOOBruOBv+e1hOeri+WVhuWTge+8iOiEmumDqOOCkuWPluOCiuWkluOBl+OBpuOBruS9v+eUqOWPr+iDve+8iTwvcD4KPC90ZD4KPC90cj4KCjx0cj4KPHRoPueUn+eUo+WbvTwvdGg+Cjx0ZCBjbGFzcz0iaWNvdW50cnkiIGJnY29sb3I9IiNGRkZGRkYiPgo8cD7kuK3lm708L3A+CjwvdGQ+CjwvdHI+Cgo8dHI+Cjx0aD7jgZ3jga7ku5bjg7vms6jmhI/kuovpoIU8L3RoPgo8dGQgY2xhc3M9ImlhdHRudHh0IiBiZ2NvbG9yPSIjRkZGRkZGIj4KPHA+4oC744GK5L2/44GE44Gu44OR44K944Kz44Oz44Oi44OL44K/44O844Gu6Kit5a6a562J44Gr44KI44KK55S75YOP44Gu44GK6Imy44GM5a6f54mp44Go55Ww44Gq44Gj44Gm6KaL44GI44KL5aC05ZCI44GM44GU44GW44GE44G+44GZ44CC5LqI44KB44GU5LqG5om/44GP44Gg44GV44GE44CCPGJyPgo8L3A+CjwvdGQ+CjwvdHI+CjwvdGFibGU+PGxpbmsgcmVsPSJzdHlsZXNoZWV0IiBocmVmPSJodHRwOi8vd3d3LnJha3V0ZW4ubmUuanAvZ29sZC9odW9uZXN0L2Nzcy9zdHlsZS5jc3MiIC8+Cgo8aW1nIHNyYz0iaHR0cDovL2ltYWdlLnJha3V0ZW4uY28uanAvaHVvbmVzdC9jYWJpbmV0LzAzOTUzMjMwL3NvZmFfOTgwXzQwMC5qcGciIGFsdD0i5Lq65rCX44Gu44GK44GX44KD44KM44K944OV44Kh44O744K944OV44Kh44O844OZ44OD44OJIOmAmuiyqSIgd2lkdGg9IjgwMCIgLz48YnI+CuS6uuawl+OBruWMl+asp+miqOOCveODleOCoeOChOOCveODleOCoeODvOODmeODg+ODieOBjOWLouOBnuOCjeOBhO+8geOBiuOBl+OCg+OCjOOCveODleOCoeODu+OCveODleOCoeODvOODmeODg+ODieeJuembhjxicj4KPGJyPgoKCgoKPGRpdiBjbGFzcz0ibGluZSI+CjxoMz5ORVcgQVJSSVZBTDxzcGFuPuaWsOedgOWVhuWTgTwvc3Bhbj48L2gzPgo8L2Rpdj4KCgoKPGJyIHN0eWxlPSJjbGVhcjpib3RoIiAvPg==,MuS6uuaOm+OBkeOCveODleOCoSBSSUEg44Oq44KiIDJQ44K944OV44KhIOW4g+ijvSDjg5XjgqHjg5bjg6rjg4Pjgq8g44OV44Ot44Ki44K944OV44KhIOODreODvOOCveODleOCoSDjgr3jg5XjgqHjg7wg44K344Oz44OX44OrIOODiuODgeODpeODqeODqyDljJfmrKcg44Oi44OA44Oz77yaSFVPTkVTVA==,MuS6uuaOm+OBkeOCveODleOCoSBSSUEg44Oq44KiIDJQ44K944OV44KhIOW4g+ijvSDjg5XjgqHjg5bjg6rjg4Pjgq8g44OV44Ot44Ki44K944OV44KhIOODreODvOOCveODleOCoSDjgr3jg5XjgqHjg7wg44K344Oz44OX44OrIOODiuODgeODpeODqeODqyDljJfmrKcg44Oi44OA44Oz,MuS6uuaOm+OBkeOCveODleOCoSBSSUEg44Oq44KiIOW4g+ijvSDjg5XjgqHjg5bjg6rjg4Pjgq8g44OV44Ot44Ki44K944OV44Kh44CCMuS6uuaOm+OBkeOCveODleOCoSBSSUEg44Oq44KiIDJQ44K944OV44KhIOW4g+ijvSDjg5XjgqHjg5bjg6rjg4Pjgq8g44OV44Ot44Ki44K944OV44KhIOODreODvOOCveODleOCoSDjgr3jg5XjgqHjg7wg44K344Oz44OX44OrIOODiuODgeODpeODqeODqyDljJfmrKcg44Oi44OA44Oz[rn]
37-51609,aHR0cDovL3RzaG9wLnIxMHMuanAvaHVvbmVzdC9jYWJpbmV0L3NrLzQ3MDAwMDIuanBnP2ZpdGluPTcwMDo3MDA=,MTAyNDAuMDAwMA==,,44Kk44Oz44OG44Oq44Ki44O75a+d5YW344O75Y+O57SNID4g44K944OV44Kh44O744K944OV44Kh44OZ44OD44OJID4gMuS6uuaOm+OBkeOCveODleOCoSA+IOW4g+WcsA==,44K944OV44KhIOODquOCr+ODqeOCpOODi+ODs+OCsCDml6XmnKzoo70g44G144KT44KP44KK44Oq44Kv44Op44Kk44OL44Oz44Kw44K944OV44KhIDLkurrmjpvjgZEg5Zu955SjIDbmrrXpmo7jg6rjgq/jg6njgqTjg4vjg7PjgrAgMlDjgr3jg5XjgqEg44Ot44O844K944OV44KhIOODleODreOCouOCveODleOCoSDjgr3jg5XjgqHjg5njg4Pjg4kg44G144KP44G144KPIOOBiuOBl+OCg+OCjCDluqfmpIXlrZAgMuS6uiDkuozkurrnlKgg44Ot44O844K/44Kk44OXIDJQIOOCveODleOCoeODvCDjg63jg7zjgr3jg5XjgqHjg7wg44OV44Ot44Ki44K944OV44Kh44O8IOODquOCr+ODqeOCpOODi+ODs+OCsOOCveODleOCoeODvA==,5pel5pys6KO9IOOBteOCk+OCj+OCiuODquOCr+ODqeOCpOODi+ODs+OCsOOCveODleOCoSAy5Lq65o6b44GRIOODleODreOCouOCveODleOCoQ==,PGltZyBzcmM9Imh0dHBzOi8vaW1hZ2UucmFrdXRlbi5jby5qcC9odW9uZXN0L2NhYmluZXQvc2svNDcwMDAwMi5qcGciIGJvcmRlcj0iMCIgYWx0PSLjgbXjgpPjgo/jgorjg6rjgq/jg6njgqTjg4vjg7PjgrDjgr3jg5XjgqHjg7zvvIgy5Lq65o6b44GR77yJIiAvPjxicj48YnI+PGJyPjxicj4KCgoKPGg0IHN0eWxlPSIgYm9yZGVyLWxlZnQ6c29saWQgOHB4ICMzMzM7IHBhZGRpbmc6NXB4IDAgNXB4IDEycHg7IGZvbnQtc2l6ZToxLjZlbTsgZm9udC13ZWlnaHQ6Ym9sZDsgY29sb3I6ICMzMzM7IG1hcmdpbi1ib3R0b206MTBweCI+44Oc44Oq44Ol44O844Og44Gf44Gj44G344KK44G144KP44G144KP44Gu44OV44Ot44Ki44K944OV44KhPGJyPgo25q616ZqO44Gu44Oq44Kv44Op44Kk44OL44Oz44Kw44Gn44KG44Gj44Gf44KK44CB44GK5pi85a+d44Gr44KC5pyA6YGp44Gn44GZ4pmqPC9oND4KPGltZyBzcmM9Imh0dHBzOi8vaW1hZ2UucmFrdXRlbi5jby5qcC9odW9uZXN0L2NhYmluZXQvc2svNDcwMDAwMl8wMS5qcGciIGJvcmRlcj0iMCIgYWx0PSLjgbXjgpPjgo/jgorjg6rjgq/jg6njgqTjg4vjg7PjgrDjgr3jg5XjgqHjg7zvvIgy5Lq65o6b44GR77yJIiAvPjxicj48YnI+CjxwIHN0eWxlPSIgbGluZS1oZWlnaHQ6MS40ZW0iPuW6p+mdoumrmOOBlTI1Y23vvIHjgbXjgYvjgbXjgYvluqfjgorlv4PlnLDmipznvqTjgafmsJfmjIHjgaHjgYTjgYTvvIE8YnI+CuOBiuOBhuOBoeOBp+aYoOeUu+mRkeiznuOChOOAgeODquODqeODg+OCr+OCueOCv+OCpOODoOOBq+OBtOOBo+OBn+OCiuOAgjbmrrXpmo7jga7jg6rjgq/jg6njgqTjg4vjg7PjgrDjgYzlj6/og73jgarjg6rjgq/jg6njgqTjg4vjg7PjgrDjgr3jg5XjgqHjgafjgZnjgII8L3A+Cgo8YnI+PGJyPgo8aW1nIHNyYz0iaHR0cHM6Ly9pbWFnZS5yYWt1dGVuLmNvLmpwL2h1b25lc3QvY2FiaW5ldC9zay80NzAwMDAyXzAyLmpwZyIgYm9yZGVyPSIwIiBhbHQ9IuOBteOCk+OCj+OCiuODquOCr+ODqeOCpOODi+ODs+OCsOOCveODleOCoeODvO+8iDLkurrmjpvjgZHvvIkiIC8+CjxpbWcgc3JjPSJodHRwczovL2ltYWdlLnJha3V0ZW4uY28uanAvaHVvbmVzdC9jYWJpbmV0L3NrLzQ3MDAwMDJfMDMuanBnIiBib3JkZXI9IjAiIGFsdD0i44G144KT44KP44KK44Oq44Kv44Op44Kk44OL44Oz44Kw44K944OV44Kh44O877yIMuS6uuaOm+OBke+8iSIgLz4KPGltZyBzcmM9Imh0dHBzOi8vaW1hZ2UucmFrdXRlbi5jby5qcC9odW9uZXN0L2NhYmluZXQvc2svNDcwMDAwMl8wNC5qcGciIGJvcmRlcj0iMCIgYWx0PSLjgbXjgpPjgo/jgorjg6rjgq/jg6njgqTjg4vjg7PjgrDjgr3jg5XjgqHjg7zvvIgy5Lq65o6b44GR77yJIiAvPjxicj48YnI+PHRhYmxlIHdpZHRoPSIxMDAlIiBib3JkZXI9IjAiIGNlbGxzcGFjaW5nPSIxIiBjZWxscGFkZGluZz0iOCIgY2xhc3M9ImlfaW5mbyI+Cjx0cj4KPHRkIGNvbHNwYW49IjIiIGNsYXNzPSJpX2luZm9fdCI+CjxiPjxmb250IGNvbG9yPSIzMzMiPuOCpOODs+ODleOCqeODoeODvOOCt+ODp+ODs+ODu+azqOaEj+S6i+mghTwvZm9udD48L2I+CjwvdGQ+CjwvdHI+Cjx0aD7pgIHmlpnjgavjgaTjgYTjgaY8L3RoPgo8dGQgY2xhc3M9ImlhdHRuc29yeW8iIGJnY29sb3I9IiNGRkZGRkYiPumAgeaWmeeEoeaWmTwvdGQ+CjwvdHI+Cjx0aD7msbrmuIjmlrnms5XjgavjgaTjgYTjgaY8L3RoPgo8dGQgYmdjb2xvcj0iI0ZGRkZGRiIgY2xhc3M9ImlhdHRucGV5Ij7pgJrluLjmsbrmuIjvvIjjgYrosrfjgYTnianjgqzjgqTjg4njgIzjgYrmlK/miZXjgYTmlrnms5XjgavjgaTjgYTjgabjgI3jgpLjgZTnorroqo3jgY/jgaDjgZXjgYTjgII8L3RkPgo8L3RyPgo8dGg+6YWNIOmAgTwvdGg+Cjx0ZCBjbGFzcz0iaWF0dG5kZWxpIiBiZ2NvbG9yPSIjRkZGRkZGIj4KPHA+PGltZyBzcmM9Imh0dHBzOi8vaW1hZ2UucmFrdXRlbi5jby5qcC9odW9uZXN0L2NhYmluZXQvY2FtL2RpYmlraS5naWYiIGFsdD0i5Luj6YeR5byV5o+b5LiN5Y+v5ZWG5ZOBIiBib3JkZXI9IjAiPjxicj48YnI+Cjxmb250IGNvbG9yPSJyZWQiPuKAu+S7o+W8leOBjeS4jeWPr+OBruWVhuWTgeOBqOOBquOCiuOBvuOBmeOAguS7luOBruOBiuaUr+aJleOBhOaWueazleOCkuOBiumBuOOBs+OBj+OBoOOBleOBhOOAgjwvZm9udD48L3A+CjxwIGNsYXNzPSJkZWxpdl9mZWVfaG9rdSI+5YyX5rW36YGT44G444Gu6YWN6YCB44Gv5Yil6YCU6YCB5paZ44GM44GL44GL44KK44G+44GZ44CCPGJyPuWMl+a1t+mBk+mAgeaWme+8muOAkOWMlzLjgJHjgr/jgqTjg5c8L3A+CjxwIHN0eWxlPSJmb250LXNpemU6IDEycHg7IGNvbG9yOiNDQzAwMDA7Ij4K4oC744GK5bGK44GR44Gu5pmC6ZaT5oyH5a6a44KS5om/44KL44GT44Go44GM44Gn44GN44G+44Gb44KT44CCPGJyPgrigLvmspbnuITjg7vpm6Lls7bjg7vkuIDpg6jpgaDpmpTlnLDjgbjjga7jgYrlsYrjgZHjga/lh7rmnaXjgb7jgZvjgpPjgII8L3A+PC90ZD4KPC90cj4KCjwvdGFibGU+CgoKPCEtLTx0YWJsZSB3aWR0aD0iMTAwJSIgYm9yZGVyPSIwIiBjZWxsc3BhY2luZz0iMSIgY2VsbHBhZGRpbmc9IjgiIGNsYXNzPSJpX2thbnJlbiI+Cjx0cj48dGQgY29sc3Bhbj0iMiIgYmdjb2xvcj0iI0YzRjNGMyI+CjxiPjxmb250IGNvbG9yPSIzMzMiPumWoumAo+WVhuWTgTwvZm9udD48L2I+CjwvdGQ+PC90cj4KPHRoPuOBiuOBmeOBmeOCgeOCouOCpOODhuODoDwvdGg+Cjx0ZCBjbGFzcz0iaXJlbGF0aW9uc2hpcCIgYmdjb2xvcj0iI0ZGRkZGRiI+Cjxicj4KCjwvdGQ+CjwvdHI+Cgo8L3RhYmxlPi0tPgoKPHRhYmxlIHdpZHRoPSIxMDAlIiBib3JkZXI9IjAiIGNlbGxzcGFjaW5nPSIxIiBjZWxscGFkZGluZz0iOCIgY2xhc3M9Imlfc3BlYyI+PHRyPjx0ZCBjb2xzcGFuPSIyIiBiZ2NvbG9yPSIjRjNGM0YzIj4KPGI+PGZvbnQgY29sb3I9IjMzMyI+6Kmz57Sw44O744K544Oa44OD44KvPC9mb250PjwvYj48L3RkPjwvdHI+Cjx0cj4KPHRoPuWVhuWTgeiqrOaYjjwvdGg+Cjx0ZCBjbGFzcz0iaWV4cGxhbmF0aW9uIiBiZ2NvbG9yPSIjRkZGRkZGIj4KPHA+44Oc44Oq44Ol44O844Og44Gf44Gj44G344KK44G144KP44G144KP44Gu5pel5pys6KO944OV44Ot44Ki44K944OV44Kh44GvNuautemajuOBruODquOCr+ODqeOCpOODi+ODs+OCsOOBjOWPr+iDve+8gSjmsLTlubPjgpLlkKvjgoApPEJSPuODquOCr+ODqeOCpOODi+ODs+OCsOOBl+OBpuOChuOBo+OBn+OCiuOAgeOBiuaYvOWvneOBq+OCguacgOmBqeOBp+OBmeKZqjxicj7luqfpnaLpq5jjgZUyNWNt77yB44G144GL44G144GL5bqn44KK5b+D5Zyw5oqc576k44Gn5rCX5oyB44Gh44GE44GE77yBPGJyPgrjgYrjgYbjgaHjgafmmKDnlLvpkZHos57jgoTjgIHjg6rjg6njg4Pjgq/jgrnjgr/jgqTjg6DjgavjgbTjgaPjgZ/jgorjgarjg6rjgq/jg6njgqTjg4vjg7PjgrDjgr3jg5XjgqHjgafjgZnjgII8L3A+CjwvdGQ+CjwvdHI+Cgo8dHI+Cjx0aD7jgrXjgqTjgro8L3RoPgo8dGQgY2xhc3M9ImlzaXplIiBiZ2NvbG9yPSIjRkZGRkZGIj4KPHA+5bmFMTIzw5flpaXooYw3Ne+9njEwNsOX6auY44GVNjBjbTxicj4K5bqn6Z2i77ya6auY44GVMjVjbTwvcD4KPC90ZD4KPC90cj4KCjx0cj4KPHRoPuadkCDos6o8L3RoPgo8dGQgY2xhc3M9ImltYXRlcmlhbCIgYmdjb2xvcj0iI0ZGRkZGRiI+CuKWoOadkOizqu+8mjxCUj4K6Iqv5p2Q77ya44K544OB44O844Or44OR44Kk44OXPEJSPgrkuK3ouqvvvJrjgqbjg6zjgr/jg7Pjg4Hjg4Pjg5fjgIHjgqbjg6zjgr/jg7Pjg5Xjgqnjg7zjg6A8QlI+CuKWoOW8teWcsO+8muODneODquOCqOOCueODhuODqzEwMO+8hTxCUj4KPC90ZD4KPC90cj4KCjx0cj4KPHRoPue1hCDnq4s8L3RoPgo8dGQgY2xhc3M9ImlrdW1pdGF0ZSIgYmdjb2xvcj0iI0ZGRkZGRiI+CuWujOaIkOWTgQo8L3RkPgo8L3RyPgoKPHRyPgo8dGg+55Sf55Sj5Zu9PC90aD4KPHRkIGNsYXNzPSJpY291bnRyeSIgYmdjb2xvcj0iI0ZGRkZGRiI+CuaXpeacrAo8L3RkPgo8L3RyPgoKPHRyPgo8dGg+44Gd44Gu5LuW44O75rOo5oSP5LqL6aCFPC90aD4KPHRkIGNsYXNzPSJpYXR0bnR4dCIgYmdjb2xvcj0iI0ZGRkZGRiI+CuKWoOawtOW5s+OCkuWQq+OCgDbmrrXpmo7jg6rjgq/jg6njgqTjg4vjg7PjgrA8QlI+CuKWoOaiseWMheOCteOCpOOCuu+8mjEyNcOXMTAyw5cyNC41Y208YnIgLz4K4pag6YeN6YeP77yaMTNrZzxCUj4KPC90ZD4KPC90cj4KPC90YWJsZT48bGluayByZWw9InN0eWxlc2hlZXQiIGhyZWY9Imh0dHA6Ly93d3cucmFrdXRlbi5uZS5qcC9nb2xkL2h1b25lc3QvY3NzL3N0eWxlLmNzcyIgLz4KCjxpbWcgc3JjPSJodHRwOi8vaW1hZ2UucmFrdXRlbi5jby5qcC9odW9uZXN0L2NhYmluZXQvMDM5NTMyMzAvc29mYV85ODBfNDAwLmpwZyIgYWx0PSLkurrmsJfjga7jgYrjgZfjgoPjgozjgr3jg5XjgqHjg7vjgr3jg5XjgqHjg7zjg5njg4Pjg4kg6YCa6LKpIiB3aWR0aD0iODAwIiAvPjxicj4K5Lq65rCX44Gu5YyX5qyn6aKo44K944OV44Kh44KE44K944OV44Kh44O844OZ44OD44OJ44GM5Yui44Ge44KN44GE77yB44GK44GX44KD44KM44K944OV44Kh44O744K944OV44Kh44O844OZ44OD44OJ54m56ZuGPGJyPgo8YnI+CgoKCgo8ZGl2IGNsYXNzPSJsaW5lIj4KPGgzPk5FVyBBUlJJVkFMPHNwYW4+5paw552A5ZWG5ZOBPC9zcGFuPjwvaDM+CjwvZGl2PgoKCgo8YnIgc3R5bGU9ImNsZWFyOmJvdGgiIC8+,44K944OV44KhIOODquOCr+ODqeOCpOODi+ODs+OCsCDml6XmnKzoo70g44G144KT44KP44KK44Oq44Kv44Op44Kk44OL44Oz44Kw44K944OV44KhIDLkurrmjpvjgZEg5Zu955SjIDbmrrXpmo7jg6rjgq/jg6njgqTjg4vjg7PjgrAgMlDjgr3jg5XjgqEg44Ot44O844K944OV44KhIOODleODreOCouOCveODleOCoSDjgr3jg5XjgqHjg5njg4Pjg4kg44G144KP44G144KPIOOBiuOBl+OCg+OCjCDluqfmpIXlrZAgMuS6uiDkuozkurrnlKgg44Ot44O844K/44Kk44OXIDJQIOOCveODleOCoeODvCDjg63jg7zjgr3jg5XjgqHjg7wg44OV44Ot44Ki44K944OV44Kh44O8IOODquOCr+ODqeOCpOODi+ODs+OCsOOCveODleOCoeODvO+8mkhVT05FU1Q=,44K944OV44KhIOODquOCr+ODqeOCpOODi+ODs+OCsCDml6XmnKzoo70g44G144KT44KP44KK44Oq44Kv44Op44Kk44OL44Oz44Kw44K944OV44KhIDLkurrmjpvjgZEg5Zu955SjIDbmrrXpmo7jg6rjgq/jg6njgqTjg4vjg7PjgrAgMlDjgr3jg5XjgqEg44Ot44O844K944OV44KhIOODleODreOCouOCveODleOCoSDjgr3jg5XjgqHjg5njg4Pjg4kg44G144KP44G144KPIOOBiuOBl+OCg+OCjCDluqfmpIXlrZAgMuS6uiDkuozkurrnlKgg44Ot44O844K/44Kk44OXIDJQIOOCveODleOCoeODvCDjg63jg7zjgr3jg5XjgqHjg7wg44OV44Ot44Ki44K944OV44Kh44O8IOODquOCr+ODqeOCpOODi+ODs+OCsOOCveODleOCoeODvA==,5pel5pys6KO9IOOBteOCk+OCj+OCiuODquOCr+ODqeOCpOODi+ODs+OCsOOCveODleOCoSAy5Lq65o6b44GRIOODleODreOCouOCveODleOCoeOAguOCveODleOCoSDjg6rjgq/jg6njgqTjg4vjg7PjgrAg5pel5pys6KO9IOOBteOCk+OCj+OCiuODquOCr+ODqeOCpOODi+ODs+OCsOOCveODleOCoSAy5Lq65o6b44GRIOWbveeUoyA25q616ZqO44Oq44Kv44Op44Kk44OL44Oz44KwIDJQ44K944OV44KhIOODreODvOOCveODleOCoSDjg5Xjg63jgqLjgr3jg5XjgqEg44K944OV44Kh44OZ44OD44OJIOOBteOCj+OBteOCjyDjgYrjgZfjgoPjgowg5bqn5qSF5a2QIDLkurog5LqM5Lq655SoIOODreODvOOCv+OCpOODlyAyUCDjgr3jg5XjgqHjg7wg44Ot44O844K944OV44Kh44O8IOODleODreOCouOCveODleOCoeODvCDjg6rjgq/jg6njgqTjg4vjg7PjgrDjgr3jg5XjgqHjg7w=[rn]
37-51610,aHR0cDovL3RzaG9wLnIxMHMuanAvaHVvbmVzdC9jYWJpbmV0L3NrOS82MTAwNTcyLmpwZz9maXRpbj03MDA6NzAw,MzE4NDAuMDAwMA==,,44Kk44Oz44OG44Oq44Ki44O75a+d5YW344O75Y+O57SNID4g44K944OV44Kh44O744K944OV44Kh44OZ44OD44OJID4gMuS6uuaOm+OBkeOCveODleOCoSA+IOW4g+WcsA==,44K944OV44KhIDLkurrmjpvjgZEg44OV44Kh44OW44Oq44OD44Kv44K944OV44KhIOODreODvOOCveODleOCoSDjg5Xjg63jgqLjgr3jg5XjgqEg44K944OV44Kh44O8IDLkurrmjpsgMlDjgr3jg5XjgqEg5pyo6ISaIOOCouODq+ODieODqyBhcmRvciDjgqvjg5Xjgqfjgr3jg5XjgqEg44Ot44O844K544K/44Kk44OrIOODiuODgeODpeODqeODqyDljJfmrKfpoqgg44Kr44OV44Kn6aKoIOOCs+ODs+ODkeOCr+ODiCDjgqvjgqbjg4Hjgr3jg5XjgqEg44Kr44Km44OBIOiCmOS7mOOBjeOCveODleOCoSDjgYrjgZfjgoPjgowg44K344Oz44OX44OrIOWMl+asp+miqCDlvJXotorjgZcg5paw55Sf5rS7IOaWsOWxhSDkuIDkurrmmq7jgonjgZc=,44K944OV44KhIDLkurrmjpvjgZEg44OV44Kh44OW44Oq44OD44Kv44K944OV44KhIOiCmOS7mOOBjeOCveODleOCoSDjg63jg7zjgr3jg5XjgqE=,PGRpdiBzdHlsZT0id2lkdGg6NjcwcHg7IG1hcmdpbjphdXRvOyBmb250LWZhbWlseTrjg6HjgqTjg6rjgqosICdIaXJhZ2lubyBLYWt1IEdvdGhpYyBQcm9OJywgJ+ODkuODqeOCruODjuinkuOCtCBQcm9OIFczJywgc2Fucy1zZXJpZiI+CjxpbWcgc3JjPSJodHRwczovL2ltYWdlLnJha3V0ZW4uY28uanAvaHVvbmVzdC9jYWJpbmV0L3NrOS82MTAwNTcyLmpwZyIgYm9yZGVyPSIwIiBhbHQ9IjLkurrmjpvjgZHjgr3jg5XjgqHjgIDjgqLjg6vjg4njg6siIC8+Cjxicj4KPGJyPgo8cCBzdHlsZT0iZm9udC1zaXplOjE1cHg7IHBhZGRpbmc6MTVweCAxMHB4OyBtYXJnaW46MDsgYmFja2dyb3VuZC1jb2xvcjogI2Y2ZjZmNjsgdGV4dC1hbGlnbjpjZW50ZXIiPgrljJfmrKfpoqjjga7jgrfjg7Pjg5fjg6vjgaflrp/nlKjnmoTjgarlj6/mhJvjgonjgZfjgYTjgrfjg6vjgqjjg4Pjg4jjga7jg6njg5bjgr3jg5XjgqHjgIzjgqLjg6vjg4njg6vjgI3jgII8YnI+Cui6q+S9k+OCkuWMheOBv+i+vOOCgOOCiOOBhuOBquWEquOBl+OBhOmbsOWbsuawl+OBruOCveODleOCoeODvOOBr+S6jOS6uuaaruOCieOBl+OChOODr+ODs+ODq+ODvOODoOOBruOBiumDqOWxi+OBq+OBiuOBmeOBmeOCgeOAgjxicj4K44GK6YOo5bGL44Gu6Zuw5Zuy5rCX44KS5aOK44GV44Ga44CB5rip44GL44G/44Gu44GC44KL56m66ZaT44KS5ryU5Ye644GX44G+44GZ44CCCjwvcD4KPGltZyBzcmM9Imh0dHBzOi8vaW1hZ2UucmFrdXRlbi5jby5qcC9odW9uZXN0L2NhYmluZXQvc2s5LzYxMDA1NzJfMDEuanBnIiBib3JkZXI9IjAiIGFsdD0i44Ot44O844K944OV44Kh44Gr44KC44Gq44KK44G+44GZIiAvPgoKPHVsIHN0eWxlPSJmb250LXNpemU6IDA7IG1hcmdpbjowOyBwYWRkaW5nOjAgIj4KPGxpIHN0eWxlPSJkaXNwbGF5OiBpbmxpbmUtYmxvY2s7IHdpZHRoOiAzNDlweDsgZm9udC1zaXplOiAxNXB4OyBtYXJnaW4tcmlnaHQ6MTRweDt2ZXJ0aWNhbC1hbGlnbjogdG9wOyI+CjxpbWcgc3JjPSJodHRwczovL2ltYWdlLnJha3V0ZW4uY28uanAvaHVvbmVzdC9jYWJpbmV0L3NrOS82MTAwNTcyXzAyLmpwZyIgYm9yZGVyPSIwIiBhbHQ9IumHjeWOmuaEn+OBruOBguOCi+OCveODleOCoeODvCIgLz4KPC9saT4KPGxpIHN0eWxlPSJkaXNwbGF5OiBpbmxpbmUtYmxvY2s7IHdpZHRoOiAzMDdweDsgaGVpZ2h0OjQ2N3B4OyBmb250LXNpemU6IDE1cHg7dmVydGljYWwtYWxpZ246IHRvcDsgYmFja2dyb3VuZC1jb2xvcjogI2Y2ZjZmNjsiPgo8cCBzdHlsZT0icGFkZGluZzowIDEwcHg7IGZvbnQtc2l6ZTp4LWxhcmdlIj7lronlv4PmhJ/jga7jgYLjgovku5XkuIrjgYzjgoo8L3A+CjxwIHN0eWxlPSJwYWRkaW5nOjAgMTBweCI+5bqn6Z2i44CB6IOM44KC44Gf44KM5YWx44Gr6IKJ5Y6a44Gn44KC44Gj44Gh44KK44Go44GX44Gf5LuV5LiK44GM44KK44Gn6Lqr5L2T44GM44OV44Kj44OD44OI44GZ44KL5qeY44Gq5YyF44G/6L6844G+44KM44KL5rCX5oyB44Gh44GE44GE5bqn44KK5b+D5Zyw44Gn44GZ44CCPGJyPgroqq3mm7jjgoTmmKDnlLvpkZHos57jgarjganjgavmnIDpganjgarjgobjgaPjgZ/jgorjg6rjg6njg4Pjgq/jgrnjgafjgY3jgovlpaXooYzjgY3jgajjgIHog4zjgoLjgZ/jgozjga7pq5jjgZXjgYzjgaHjgofjgYbjganjgYTjgYTjgrXjgqTjgrrjgII8YnI+PGJyPgoK6JC944Gh552A44GE44Gf6Zuw5Zuy5rCX44KS44GK6YOo5bGL44Gr5ryU5Ye644GX44Gm44GP44KM44KL44OK44OB44Ol44Op44Or44OG44Kk44K544OI44GqMuS6uuaOm+OBkeOCveODleOCoeOBp+OBmeOAgjwvcD4KPC9saT4KPC91bD4KPGJyPgoKPGltZyBzcmM9Imh0dHBzOi8vaW1hZ2UucmFrdXRlbi5jby5qcC9odW9uZXN0L2NhYmluZXQvc2s5LzYxMDA1NzJfMDMuanBnIiBib3JkZXI9IjAiIGFsdD0i5b6M44KN44GL44KJ6KaL44Gm44KC57a66bqX44Gq44K944OV44KhIiAvPgo8dWwgc3R5bGU9ImZvbnQtc2l6ZTogMDsgbWFyZ2luOjA7IHBhZGRpbmc6MCAiPgo8bGkgc3R5bGU9ImRpc3BsYXk6IGlubGluZS1ibG9jazsgd2lkdGg6IDMyOHB4OyBmb250LXNpemU6IDE1cHg7IG1hcmdpbi1yaWdodDoxNHB4O3ZlcnRpY2FsLWFsaWduOiB0b3A7Ij4KPHA+6IOM6Z2i44KC44GX44Gj44GL44KK5YyW57Kn44GV44KM44Gm44GE44KL44Gu44Gn572u44GP5aC05omA44Gr5Zuw44KK44G+44Gb44KT44CCPC9wPgo8L2xpPgo8bGkgc3R5bGU9ImRpc3BsYXk6IGlubGluZS1ibG9jazsgd2lkdGg6IDMyOHB4OyBmb250LXNpemU6IDE1cHg7dmVydGljYWwtYWxpZ246IHRvcDsiPgo8cD7lhajkvZPnmoTjgavkuLjjgb/jga7jgYLjgovjgrfjg6vjgqjjg4Pjg4jjgYzlpKfkurrlj6/mhJvjgYTjgpLmvJTlh7rjgZfjgb7jgZnjgII8L3A+CjwvbGk+CjwvdWw+CjxpbWcgc3JjPSJodHRwczovL2ltYWdlLnJha3V0ZW4uY28uanAvaHVvbmVzdC9jYWJpbmV0L3NrOS82MTAwNTcyXzA0LmpwZyIgYm9yZGVyPSIwIiBhbHQ9IuiEmuOBr+WPluOCiuWkluOBl+WPr+iDvSIgLz4KPHVsIHN0eWxlPSJmb250LXNpemU6IDA7IG1hcmdpbjowOyBwYWRkaW5nOjAgIj4KPGxpIHN0eWxlPSJkaXNwbGF5OiBpbmxpbmUtYmxvY2s7IHdpZHRoOiAzMjhweDsgZm9udC1zaXplOiAxNXB4OyBtYXJnaW4tcmlnaHQ6MTRweDt2ZXJ0aWNhbC1hbGlnbjogdG9wOyI+CjxwPuOCs+ODreODs+OBqOOBl+OBn+acqOiEmuOBr+W8teWcsOOBqOOBruOCs+ODs+ODiOODqeOCueODiOOBjOe+juOBl+OBhOOAguiEmuOBr+WPluOCiuWkluOBl+WPr+iDveOBp+OBmeOAgjwvcD4KPC9saT4KPGxpIHN0eWxlPSJkaXNwbGF5OiBpbmxpbmUtYmxvY2s7IHdpZHRoOiAzMjhweDsgZm9udC1zaXplOiAxNXB4O3ZlcnRpY2FsLWFsaWduOiB0b3A7Ij4KPHA+5rip44GL44G/44Gu44GC44KL5piO44KL44GE44Kr44Op44O844Gu5by15Zyw44KS5o6h55So44GX44Gm44GE44G+44GZ44CCPC9wPgo8L2xpPgo8L3VsPgo8YnI+Cgo8aW1nIHNyYz0iaHR0cHM6Ly9pbWFnZS5yYWt1dGVuLmNvLmpwL2h1b25lc3QvY2FiaW5ldC9zazkvNjEwMDU3Ml8wNi5qcGciIGJvcmRlcj0iMCIgYWx0PSIyV0FZ44K544K/44Kk44OrIiAvPgo8cCBzdHlsZT0iZm9udC1zaXplOjE1cHg7IHBhZGRpbmc6MTVweCAxMHB4OyBtYXJnaW46MDsgYmFja2dyb3VuZC1jb2xvcjogI2Y2ZjZmNjsiPgrjgIzjgqLjg6vjg4njg6vjgI3jgr3jg5XjgqHjga/mnKjohJrjga7lj5bjgorlpJbjgZfjgYzlj6/og73jgafjgZnjgILjgYrpg6jlsYvjgoTjg6njgqTjg5Xjgrnjgr/jgqTjg6vjgavlkIjjgo/jgZvjgabohJrjgpLlj5bjgorlpJbjgZfjgZnjgovjgZPjgajjgYzjgafjgY3jgovjga7jgaflpI/jga/ohJrku5jjgY3jgIHlhqzjga/jg63jg7zjgr3jg5XjgqHjgajjgZfjgabjgarjganjgYrlpb3jgb/jga7jgrnjgr/jgqTjg6vjgpLjgYrmpb3jgZfjgb/jgYTjgZ/jgaDjgZHjgb7jgZnjgIIKPC9wPjxicj4KPGltZyBzcmM9Imh0dHBzOi8vaW1hZ2UucmFrdXRlbi5jby5qcC9odW9uZXN0L2NhYmluZXQvc2s5LzYxMDA1NzJfMDUuanBnIiBib3JkZXI9IjAiIGFsdD0i44Ot44O844K544K/44Kk44OrIiAvPgoKPGltZyBzcmM9Imh0dHBzOi8vaW1hZ2UucmFrdXRlbi5jby5qcC9odW9uZXN0L2NhYmluZXQvc2s5LzYxMDA1NzJfMDcuanBnIiBib3JkZXI9IjAiIGFsdD0i44K144Kk44K6IiAvPgoKCgo8L2Rpdj48dGFibGUgd2lkdGg9IjEwMCUiIGJvcmRlcj0iMCIgY2VsbHNwYWNpbmc9IjEiIGNlbGxwYWRkaW5nPSI4IiBjbGFzcz0iaV9pbmZvIj4KPHRyPgo8dGQgY29sc3Bhbj0iMiIgY2xhc3M9ImlfaW5mb190Ij4KPGI+PGZvbnQgY29sb3I9IiMzMzMzMzMiPuOCpOODs+ODleOCqeODoeODvOOCt+ODp+ODs+ODu+azqOaEj+S6i+mghTwvZm9udD48L2I+CjwvdGQ+CjwvdHI+Cjx0cj4KPHRoPumAgeaWmeOBq+OBpOOBhOOBpjwvdGg+Cjx0ZCBjbGFzcz0iaWF0dG5zb3J5byIgYmdjb2xvcj0iI0ZGRkZGRiI+PHA+CumAgeaWmeeEoeaWmTxicj4KPHAgY2xhc3M9ImRlbGl2X2ZlZV9ob2t1Ij7ljJfmtbfpgZPjgbjjga7phY3pgIHjga/liKXpgJTpgIHmlpnjgYzjgYvjgYvjgorjgb7jgZnjgII8YnI+5YyX5rW36YGT6YCB5paZ77ya44CQ5YyXMeOAkeOCv+OCpOODlzwvcD4KPC9wPiA8L3RkPgo8L3RyPgo8dHI+Cjx0aD7msbrmuIjmlrnms5XjgavjgaTjgYTjgaY8L3RoPgo8dGQgYmdjb2xvcj0iI0ZGRkZGRiIgY2xhc3M9ImlhdHRucGV5Ij4KCjxwPu+8iOOBiuiyt+OBhOeJqeOCrOOCpOODieOAjOOBiuaUr+aJleOBhOaWueazleOBq+OBpOOBhOOBpuOAjeOCkuOBlOeiuuiqjeOBj+OBoOOBleOBhOOAgu+8iTwvcD48L3RkPiA8L3RyPjx0cj4KPHRoPumFjSDpgIE8L3RoPgo8dGQgY2xhc3M9ImlhdHRuZGVsaSIgYmdjb2xvcj0iI0ZGRkZGRiI+CuKAu+aylue4hOecjOODu+mbouWztuODu+S4gOmDqOmBoOmalOWcsOOBuOOBruOBiuWxiuOBkeOBr+OAgeWIpemAlOOBiuimi+epjeOCguOCiuOBq+OBquOCiuOBvuOBmeOAgjxCUj4K4oC75pmC6ZaT5oyH5a6a44GvMeS+v++8iDktMTTmmYLvvInjgIEy5L6/77yIMTItMTjmmYLvvInjgIHntYLml6Xkvr/vvIg5LTE45pmC77yJ44Gu44G/44Go44Gq44KK44G+44GZ44CCPEJSPgrjg7vlnLDln5/jgavjgojjgaPjgabphY3pgIHjga7mm5zml6XjgYzpmZDlrprjgZXjgozjgovloLTlkIjjgoTjgIHmmYLplpPmjIflrprjgYzmib/jgozjgarjgYTloLTlkIjjgYzjgZTjgZbjgYTjgb7jgZnjgII8QlI+CjwvdGQ+IDwvdHI+IAo8L3RhYmxlPgo8dGFibGUgd2lkdGg9IjEwMCUiIGJvcmRlcj0iMCIgY2VsbHNwYWNpbmc9IjEiIGNlbGxwYWRkaW5nPSI4IiBjbGFzcz0iaV9rYW5yZW4iPgo8dHI+PHRkIGNvbHNwYW49IjIiIGJnY29sb3I9IiNGM0YzRjMiPiA8Yj48Zm9udCBjb2xvcj0iIzMzMzMzMyI+6Zai6YCj5ZWG5ZOBPC9mb250PjwvYj4gPC90ZD48L3RyPgo8dHI+PHRoPuOCt+ODquODvOOCuuS4gOimpzwvdGg+Cjx0ZCBjbGFzcz0iaXZhbCIgYmdjb2xvcj0iI0ZGRkZGRiI+Cgo8L3RkPgo8L3RyPgo8L3RhYmxlPgo8dGFibGUgd2lkdGg9IjEwMCUiIGJvcmRlcj0iMCIgY2VsbHNwYWNpbmc9IjEiIGNlbGxwYWRkaW5nPSI4IiBjbGFzcz0iaV9zcGVjIj48dHI+PHRkIGNvbHNwYW49IjIiIGJnY29sb3I9IiNGM0YzRjMiPgo8Yj48Zm9udCBjb2xvcj0iIzMzMzMzMyI+6Kmz57Sw44O744K544Oa44OD44KvPC9mb250PjwvYj48L3RkPjwvdHI+Cjx0cj4KPHRoPuWVhuWTgeiqrOaYjjwvdGg+Cjx0ZCBjbGFzcz0iaWV4cGxhbmF0aW9uIiBiZ2NvbG9yPSIjRkZGRkZGIj4K44OK44OB44Ol44Op44Or44OG44Kk44K544OI44Gq44Op44OW44K944OV44Kh44CCPGJyPgrmnKjohJrjga/lj5bjgorlpJbjgZflj6/og73jgILmqLnohILohJrku5jjgY3jgarjga7jgafjgYrpg6jlsYvjga7luorjgpLlgrfjgaTjgZHjgovjgZPjgajjgarjgY/jgIHjg63jg7zjgrnjgr/jgqTjg6vjga7jg63jg7zjgr3jg5XjgqHjgpLjgYrmpb3jgZfjgb/jgYTjgZ/jgaDjgZHjgb7jgZnjgII8YnI+CuODj+OCpOODkOODg+OCr+OBruOCiOOBhuOBquiDjOOCguOBn+OCjOOBr+W6p+OCi+OBqOWMheOBv+i+vOOBvuOCjOOBpuOBhOOCi+OCiOOBhuOBquaEn+immuOBp+OChuOBo+OBn+OCiuODquODqeODg+OCr+OCueOBjOWHuuadpeOBvuOBmeOAgjxicj4K5pyo6ISa44Go44Gu44Kz44Oz44OI44Op44K544OI44GM576O44GX44GE44Gh44KH44GG44Gp44GE44GE44K144Kk44K644GuMuS6uuaOm+OBkeOCveODleOCoeOBp+OBmeOAggo8L3RkPgo8L3RyPgo8dHI+Cjx0aD7jgrXjgqTjgroo57SEKTwvdGg+Cjx0ZCBjbGFzcz0iaXNpemUiIGJnY29sb3I9IiNGRkZGRkYiPuW5hTEzM8OX5aWl6KGMODbDl+mrmOOBlTg0Y208YnI+CuW6p+mdoumrmOOBle+8mjQyY208YnI+Cgo8L3RkPgo8L3RyPgo8dHI+Cjx0aD7mnZAg6LOqPC90aD4KPHRkIGNsYXNzPSJpbWF0ZXJpYWwiIGJnY29sb3I9IiNGRkZGRkYiPuW4g++8iOODneODquOCqOOCueODhuODqzEwMO+8he+8ieOAgeacqOiEmgo8L3RkPgo8L3RyPgoKPHRyPgo8dGg+57WE56uLPC90aD4KPHRkIGNsYXNzPSJpa3VtaXRhdGUiIGJnY29sb3I9IiNGRkZGRkYiPuOBiuWuouanmOe1hOeri+WTgSgy5ZCN57SEMTDliIYpCjwvdGQ+CjwvdHI+Cjx0cj4KPHRoPueUn+eUo+WbvTwvdGg+Cjx0ZCBjbGFzcz0iaWNvdW50cnkiIGJnY29sb3I9IiNGRkZGRkYiPuS4reWbvQo8L3RkPgo8L3RyPgo8dHI+Cjx0aD7jgZ3jga7ku5bjg7vms6jmhI/kuovpoIU8L3RoPgo8dGQgY2xhc3M9ImlhdHRudHh0IiBiZ2NvbG9yPSIjRkZGRkZGIj7jg7vmorHljIXjgrXjgqTjgrrvvJoxMzXDlzg4w5c1OWNtCjxicj4KPGZvbnQgY29sb3I9InJlZCI+4oC75ZWG5ZOB55S75YOP44Gv6Imy5ZCI44GE44KE57Sg5p2Q5oSf44GM5a6f6Zqb44Gu5ZWG5ZOB44Go55Ww44Gq44KL5aC05ZCI44GM44GU44GW44GE44G+44GZ44CCPGJyPgrjg6Ljg4vjgr/jg7zjg7vjg4fjgqPjgrnjg5fjg6zjgqTjgavjgojjgaPjgabjgoLlhpnjgormlrnjgYzlpInjgorjgb7jgZnjgILkuojjgoHjgZTkuobmib/jgY/jgaDjgZXjgYTjgII8YnI+PC9mb250Pjxicj7jg6Hjg7zjgqvjg7zluIzmnJvlsI/lo7LkvqHmoLzjga/jg6Hjg7zjgqvjg7zjgqvjgr/jg63jgrDjgavln7rjgaXjgYTjgabmjrLovInjgZfjgabjgYTjgb7jgZkKPC90ZD4KPC90cj4KPC90YWJsZT48c3R5bGUgdHlwZT0idGV4dC9jc3MiPgpAY2hhcnNldCAidXRmLTgiOwovKiBDU1MgRG9jdW1lbnQgKi8KCiNsZWZ0bmF2IGgzIHsKYmFja2dyb3VuZDogdXJsKGh0dHA6Ly93d3cucmFrdXRlbi5uZS5qcC9nb2xkL2h1b25lc3QvaW1hZ2VzL25hdl9pY29uMDEuZ2lmKSBuby1yZXBlYXQgMCA2cHg7CnBhZGRpbmc6MCAwIDIwcHggMzBweDsKZm9udC1zaXplOjIwcHg7CmZvbnQtd2VpZ2h0OmJvbGQ7CndpZHRoOjY4MHB4Cn0KCiNsZWZ0bmF2IGgzIHNwYW4gewpmb250LXNpemU6MTJweDsKY29sb3I6IzY2NjsKcGFkZGluZy1sZWZ0OjRweAp9CgoubGluZSB7CmJhY2tncm91bmQ6IHVybChodHRwOi8vd3d3LnJha3V0ZW4ubmUuanAvZ29sZC9odW9uZXN0L2ltYWdlcy9saW5lLmdpZikgcmVwZWF0LXggYm90dG9tIGxlZnQ7Cm1hcmdpbi1ib3R0b206MTBweDsKfQo8L3N0eWxlPgo8aGVhZD4KCjx0aXRsZT7lhbHpgJroqqzmmI7mloflpKc8L3RpdGxlPgo8L2hlYWQ+CgoKPGRpdiBjbGFzcz0ibGluZSI+CjxpbWcgc3JjPSJodHRwOi8vaW1hZ2UucmFrdXRlbi5jby5qcC9odW9uZXN0L2NhYmluZXQvMDM5NTMyMzAvaW1ncmMwMDY0NzA3ODMwLmpwZyIgd2lkdGg9Ijg0MCIgLz4KPGJyPjxicj4KPGgzPk5FVyBBUlJJVkFMPHNwYW4+5paw552A5ZWG5ZOBPC9zcGFuPjwvaDM+CjwvZGl2PgoKCgo8YnIgc3R5bGU9ImNsZWFyOmJvdGgiIC8+CgoKCgoKPC9odG1sPg==,44K944OV44KhIDLkurrmjpvjgZEg44OV44Kh44OW44Oq44OD44Kv44K944OV44KhIOODreODvOOCveODleOCoSDjg5Xjg63jgqLjgr3jg5XjgqEg44K944OV44Kh44O8IDLkurrmjpsgMlDjgr3jg5XjgqEg5pyo6ISaIOOCouODq+ODieODqyBhcmRvciDjgqvjg5Xjgqfjgr3jg5XjgqEg44Ot44O844K544K/44Kk44OrIOODiuODgeODpeODqeODqyDljJfmrKfpoqgg44Kr44OV44Kn6aKoIOOCs+ODs+ODkeOCr+ODiCDjgqvjgqbjg4Hjgr3jg5XjgqEg44Kr44Km44OBIOiCmOS7mOOBjeOCveODleOCoSDjgYrjgZfjgoPjgowg44K344Oz44OX44OrIOWMl+asp+miqCDlvJXotorjgZcg5paw55Sf5rS7IOaWsOWxhSDkuIDkurrmmq7jgonjgZfvvJpIVU9ORVNU,44K944OV44KhIDLkurrmjpvjgZEg44OV44Kh44OW44Oq44OD44Kv44K944OV44KhIOODreODvOOCveODleOCoSDjg5Xjg63jgqLjgr3jg5XjgqEg44K944OV44Kh44O8IDLkurrmjpsgMlDjgr3jg5XjgqEg5pyo6ISaIOOCouODq+ODieODqyBhcmRvciDjgqvjg5Xjgqfjgr3jg5XjgqEg44Ot44O844K544K/44Kk44OrIOODiuODgeODpeODqeODqyDljJfmrKfpoqgg44Kr44OV44Kn6aKoIOOCs+ODs+ODkeOCr+ODiCDjgqvjgqbjg4Hjgr3jg5XjgqEg44Kr44Km44OBIOiCmOS7mOOBjeOCveODleOCoSDjgYrjgZfjgoPjgowg44K344Oz44OX44OrIOWMl+asp+miqCDlvJXotorjgZcg5paw55Sf5rS7IOaWsOWxhSDkuIDkurrmmq7jgonjgZc=,44K944OV44KhIDLkurrmjpvjgZEg44OV44Kh44OW44Oq44OD44Kv44K944OV44KhIOiCmOS7mOOBjeOCveODleOCoSDjg63jg7zjgr3jg5XjgqHjgILjgr3jg5XjgqEgMuS6uuaOm+OBkSDjg5XjgqHjg5bjg6rjg4Pjgq/jgr3jg5XjgqEg44Ot44O844K944OV44KhIOODleODreOCouOCveODleOCoSDjgr3jg5XjgqHjg7wgMuS6uuaOmyAyUOOCveODleOCoSDmnKjohJog44Ki44Or44OJ44OrIGFyZG9yIOOCq+ODleOCp+OCveODleOCoSDjg63jg7zjgrnjgr/jgqTjg6sg44OK44OB44Ol44Op44OrIOWMl+asp+miqCDjgqvjg5Xjgqfpoqgg44Kz44Oz44OR44Kv44OIIOOCq+OCpuODgeOCveODleOCoSDjgqvjgqbjg4Eg6IKY5LuY44GN44K944OV44KhIOOBiuOBl+OCg+OCjCDjgrfjg7Pjg5fjg6sg5YyX5qyn6aKoIOW8lei2iuOBlyDmlrDnlJ/mtLsg5paw5bGFIOS4gOS6uuaaruOCieOBlw==[rn]
37-51611,aHR0cDovL3RzaG9wLnIxMHMuanAvaHVvbmVzdC9jYWJpbmV0L2JhbWUxLzYxMDAxNDIuanBnP2ZpdGluPTcwMDo3MDA=,MjE0NDAuMDAwMA==,,44Kk44Oz44OG44Oq44Ki44O75a+d5YW344O75Y+O57SNID4g44K944OV44Kh44O744K944OV44Kh44OZ44OD44OJID4gMuS6uuaOm+OBkeOCveODleOCoSA+IOW4g+WcsA==,44K944OV44KhIOODkeODg+ODgeODr+ODvOOCryDjgr3jg5XjgqEgMuS6uuaOm+OBkSDjg6Ljg4Djg7Mg44K944OV44Kh44O8IDLkurrmjpvjgZEg44Ot44O844K/44Kk44OX44K944OV44Kh44O8IOOCveODleOCoeODvCDjg5Hjg4Pjg4Hjg6/jg7zjgq8gMuS6uuaOm+OBkeOCveODleOCoeODvCDjg5Hjg4Pjg4Hjg6/jg7zjgq8g44K944OV44KhIOODreODvOOCv+OCpOODlyDjgr3jg5XjgqEg44K944OV44KhIOODreODvCDjg5Hjg4Pjg4Hjg6/jg7zjgq/jgr3jg5XjgqHjg7wgMuS6uuaOm+OBkeOCveODleOCoSDjg5Hjg4Pjg4Hjg6/jg7zjgq/mn4QgW2J544GK44GZ44GZ44KBXVvpgIHmlpnnhKHmlpld,44K944OV44KhIOODkeODg+ODgeODr+ODvOOCryDjgr3jg5XjgqEgMuS6uuaOm+OBkQ==,PGltZyBzcmM9Imh0dHBzOi8vaW1hZ2UucmFrdXRlbi5jby5qcC9odW9uZXN0L2NhYmluZXQvYmFtZTEvNjEwMDE0Mi5qcGciIGFsdD0i44OR44OD44OB44Ov44O844Kv44K944OV44KhIDLkurrmjpvjgZEiIC8+PGJyIC8+CjxpbWcgc3JjPSJodHRwczovL2ltYWdlLnJha3V0ZW4uY28uanAvaHVvbmVzdC9jYWJpbmV0L2JhbWUxLzYxMDAxNDJfMS5qcGciIGFsdD0i44OR44OD44OB44Ov44O844Kv44K944OV44KhIDLkurrmjpvjgZEiIC8+PGJyIC8+CjxpbWcgc3JjPSJodHRwczovL2ltYWdlLnJha3V0ZW4uY28uanAvaHVvbmVzdC9jYWJpbmV0L2JhbWUxLzYxMDAxNDJfMi5qcGciIGFsdD0i44OR44OD44OB44Ov44O844Kv44K944OV44KhIDLkurrmjpvjgZEiIC8+PGJyIC8+CjxpbWcgc3JjPSJodHRwczovL2ltYWdlLnJha3V0ZW4uY28uanAvaHVvbmVzdC9jYWJpbmV0L2JhbWUxLzYxMDAxNDJfMy5qcGciIGFsdD0i44OR44OD44OB44Ov44O844Kv44K944OV44KhIDLkurrmjpvjgZEiIC8+PGJyIC8+CjxpbWcgc3JjPSJodHRwczovL2ltYWdlLnJha3V0ZW4uY28uanAvaHVvbmVzdC9jYWJpbmV0L2JhbWUxLzYxMDAxNDJfNC5qcGciIGFsdD0i44OR44OD44OB44Ov44O844Kv44K944OV44KhIDLkurrmjpvjgZEiIC8+PGJyIC8+CjxpbWcgc3JjPSJodHRwczovL2ltYWdlLnJha3V0ZW4uY28uanAvaHVvbmVzdC9jYWJpbmV0L2JhbWUxLzYxMDAxNDJfNS5qcGciIGFsdD0i44OR44OD44OB44Ov44O844Kv44K944OV44KhIDLkurrmjpvjgZEiIC8+PGJyIC8+CjxpbWcgc3JjPSJodHRwczovL2ltYWdlLnJha3V0ZW4uY28uanAvaHVvbmVzdC9jYWJpbmV0L2JhbWUxLzYxMDAxNDJfNi5qcGciIGFsdD0i44OR44OD44OB44Ov44O844Kv44K944OV44KhIDLkurrmjpvjgZEiIC8+PGJyIC8+CjxpbWcgc3JjPSJodHRwczovL2ltYWdlLnJha3V0ZW4uY28uanAvaHVvbmVzdC9jYWJpbmV0L2JhbWUxLzYxMDAxNDJfMDEuanBnIiBhbHQ9IuODkeODg+ODgeODr+ODvOOCr+OCveODleOCoSAy5Lq65o6b44GRIiAvPjxiciAvPgo8YnI+PGJyPjxkaXYgc3R5bGU9IndpZHRoOjY3MHB4OyBmb250LXNpemU6MTIuNXB4OyBsaW5lLWhlaWdodDoxLjY7IGZvbnQtZmFtaWx5OiBNZWlyeW8sJ0hpcmFnaW5vIEtha3UgR290aGljIFByb04nLCBzYW5zLXNlcmlmOyBjb2xvcjojMDAwOyBib3JkZXItYm90dG9tOmRhc2hlZCAxcHggIzMzMzsgcGFkZGluZy1ib3R0b206MTVweDsiPgoKPGg0IHN0eWxlPSJib3JkZXI6c29saWQgMXB4ICMwMDA7IHBhZGRpbmctbGVmdDoyMHB4OyBwYWRkaW5nLXRvcDo2cHg7ICBmb250LXNpemU6MjBweDsgbWFyZ2luOjAgMCAyMHB4IDA7IGJhY2tncm91bmQ6ICNFQkVCRUIiPuODkeODg+ODgeODr+ODvOOCr+OCveODleOCoeOCt+ODquODvOOCujwvaDQ+CjxkaXYgc3R5bGU9IndpZHRoOjIwMnB4OyBmbG9hdDpsZWZ0OyBtYXJnaW4tbGVmdDoxNXB4Ij48YSBocmVmPSJodHRwczovL2l0ZW0ucmFrdXRlbi5jby5qcC9odW9uZXN0LzYxMDAxNDIvIj48aW1nIHNyYz0iaHR0cHM6Ly9pbWFnZS5yYWt1dGVuLmNvLmpwL2h1b25lc3QvY2FiaW5ldC9iYW1lMS82MTAwMTQyLmpwZyIgYWx0PSIyUOOCveODleOCoe+8iOiKseafhO+8iSIgd2lkdGg9IjIwMiIgYm9yZGVyPSIwIiAvPjxwIHN0eWxlPSJwYWRkaW5nOjAgMTBweDsgbWFyZ2luLWJvdHRvbToxNXB4Ij4yUOOCveODleOCoe+8iOiKseafhO+8iTwvcD48L2E+PC9kaXY+CjxkaXYgc3R5bGU9IndpZHRoOjIwMnB4OyBmbG9hdDpsZWZ0OyBtYXJnaW4tbGVmdDoxNXB4Ij48YSBocmVmPSJodHRwczovL2l0ZW0ucmFrdXRlbi5jby5qcC9odW9uZXN0LzYxMDAxNDAvIj48aW1nIHNyYz0iaHR0cHM6Ly9pbWFnZS5yYWt1dGVuLmNvLmpwL2h1b25lc3QvY2FiaW5ldC9zazkvNjEwMDE0MC5qcGciIGFsdD0iMlDjgr3jg5XjgqHvvIjjgqvjg6njg5Xjg6vvvIkiIHdpZHRoPSIyMDIiIGJvcmRlcj0iMCIgLz48cCBzdHlsZT0icGFkZGluZzowIDEwcHg7IG1hcmdpbi1ib3R0b206MTVweCI+MlDjgr3jg5XjgqHvvIjjgqvjg6njg5Xjg6vvvIk8L3A+PC9hPjwvZGl2PgoKPGJyIHN0eWxlPSJjbGVhcjpib3RoIiAvPgo8L2Rpdj48dGFibGUgd2lkdGg9IjEwMCUiIGJvcmRlcj0iMCIgY2VsbHNwYWNpbmc9IjEiIGNlbGxwYWRkaW5nPSI4IiBjbGFzcz0iaV9pbmZvIj4KPHRyPgo8dGQgY29sc3Bhbj0iMiIgY2xhc3M9ImlfaW5mb190Ij4KPGI+PGZvbnQgY29sb3I9IiMzMzMzMzMiPuOCpOODs+ODleOCqeODoeODvOOCt+ODp+ODs+ODu+azqOaEj+S6i+mghTwvZm9udD48L2I+CjwvdGQ+CjwvdHI+Cjx0cj4KPHRoPumAgeaWmeOBq+OBpOOBhOOBpjwvdGg+Cjx0ZCBjbGFzcz0iaWF0dG5zb3J5byIgYmdjb2xvcj0iI0ZGRkZGRiI+PHA+CumAgeaWmeeEoeaWmTxicj4K5YyX5rW36YGT44G444Gu6YWN6YCB44Gv5Yil6YCU6YCB5paZ44GM44GL44GL44KK44G+44GZ44CCPGJyPgo8cCBjbGFzcz0iZGVsaXZfZmVlX2hva3UiPuWMl+a1t+mBk+OBuOOBrumFjemAgeOBr+WIpemAlOmAgeaWmeOBjOOBi+OBi+OCiuOBvuOBmeOAgjxicj7ljJfmtbfpgZPpgIHmlpnvvJrjgJDljJcy44CR44K/44Kk44OXPC9wPgo8L3A+IDwvdGQ+CjwvdHI+Cjx0cj4KPHRoPuaxuua4iOaWueazleOBq+OBpOOBhOOBpjwvdGg+Cjx0ZCBiZ2NvbG9yPSIjRkZGRkZGIiBjbGFzcz0iaWF0dG5wZXkiPgo8aW1nIHNyYz0iaHR0cHM6Ly9pbWFnZS5yYWt1dGVuLmNvLmpwL2h1b25lc3QvY2FiaW5ldC9jYW0vZGliaWtpLmdpZiIgYWx0PSLku6Pph5HlvJXmj5vkuI3lj6/llYblk4EiIGJvcmRlcj0iMCIgPjxicj48YnI+PGZvbnQgY29sb3I9InJlZCI+4oC75Luj5byV44GN5LiN5Y+v44Gu5ZWG5ZOB44Go44Gq44KK44G+44GZ44CC5LuW44Gu44GK5pSv5omV44GE5pa55rOV44KS44GK6YG444Gz44GP44Gg44GV44GE44CCPC9mb250PjxCUj48QlI+CjxwPu+8iOOBiuiyt+OBhOeJqeOCrOOCpOODieOAjOOBiuaUr+aJleOBhOaWueazleOBq+OBpOOBhOOBpuOAjeOCkuOBlOeiuuiqjeOBj+OBoOOBleOBhOOAgu+8iTwvcD48L3RkPiA8L3RyPjx0cj4KPHRoPumFjSDpgIE8L3RoPgo8dGQgY2xhc3M9ImlhdHRuZGVsaSIgYmdjb2xvcj0iI0ZGRkZGRiI+CuKAu+aylue4hOecjOODu+mbouWztuODu+S4gOmDqOmBoOmalOWcsOOBuOOBruOBiuWxiuOBkeOBr+OAgeWIpemAlOOBiuimi+epjeOCguOCiuOBq+OBquOCiuOBvuOBmeOAgjxCUj4KPC90ZD4gPC90cj4gCjwvdGFibGU+Cjx0YWJsZSB3aWR0aD0iMTAwJSIgYm9yZGVyPSIwIiBjZWxsc3BhY2luZz0iMSIgY2VsbHBhZGRpbmc9IjgiIGNsYXNzPSJpX2thbnJlbiI+Cjx0cj48dGQgY29sc3Bhbj0iMiIgYmdjb2xvcj0iI0YzRjNGMyI+IDxiPjxmb250IGNvbG9yPSIjMzMzMzMzIj7plqLpgKPllYblk4E8L2ZvbnQ+PC9iPiA8L3RkPjwvdHI+Cjx0cj48dGg+44K344Oq44O844K65LiA6KanPC90aD4KPHRkIGNsYXNzPSJpdmFsIiBiZ2NvbG9yPSIjRkZGRkZGIj4KMlDjgr3jg5XjgqHvvIjjgqvjg6njg5Xjg6vvvIk8QlI+PEJSPgoyUOOCveODleOCoe+8iOiKseafhO+8iQoKPC90ZD4KPC90cj4KPC90YWJsZT4KPHRhYmxlIHdpZHRoPSIxMDAlIiBib3JkZXI9IjAiIGNlbGxzcGFjaW5nPSIxIiBjZWxscGFkZGluZz0iOCIgY2xhc3M9Imlfc3BlYyI+PHRyPjx0ZCBjb2xzcGFuPSIyIiBiZ2NvbG9yPSIjRjNGM0YzIj4KPGI+PGZvbnQgY29sb3I9IiMzMzMzMzMiPuips+e0sOODu+OCueODmuODg+OCrzwvZm9udD48L2I+PC90ZD48L3RyPgo8dHI+Cjx0aD7llYblk4HoqqzmmI48L3RoPgo8dGQgY2xhc3M9ImlleHBsYW5hdGlvbiIgYmdjb2xvcj0iI0ZGRkZGRiI+CuaXpeW4uOeUn+a0u+OCkuOBoeOCh+OBo+OBqOOBoOOBkemuruOChOOBi+OBq+OAgjxicj4K44Os44OI44Ot44Gn5YyX5qyn44KJ44GX44GV44Go44CB44Ki44K444Ki44Oz44Gq6Zuw5Zuy5rCX44KS44Of44OD44Kv44K544GV44Gb44Gf44KI44GG44Gq6Iqx5p+E44OR44OD44OB44Ov44O844Kv44GM44GK5rSS6JC944CCCuiDjOmdouOCgue2uum6l+OBquODkeODg+ODgeODr+ODvOOCr+afhOOBp+WgtOaJgOOCkumBuOOBs+OBvuOBm+OCk+OAgjxicj4K5pyo6ISa44Gv5Y+W44KK5aSW44GX5Y+v6IO944CC44GK6YOo5bGL44Gu6Zuw5Zuy5rCX44Gr5ZCI44KP44Gb44Gm44Ot44O844K944OV44Kh44Go44GX44Gm44KC44GK5L2/44GE44GE44Gf44Gg44GR44G+44GZ44CCPGJyPgoKPC90ZD4KPC90cj4KPHRyPgo8dGg+44K144Kk44K6KOe0hCk8L3RoPgo8dGQgY2xhc3M9ImlzaXplIiBiZ2NvbG9yPSIjRkZGRkZGIj7luYUxMTJjbcOX5aWl6KGM44GNNjhjbcOX6auY44GVNjhjbTxicj4K5bqn6Z2i6auY44GVMzZjbcOX6ISa5LiLMTljbTxicj4K44Ot44O844K/44Kk44OX5pmC77ya5bmFMTEyY23Dl+WlpeihjOOBjTY4Y23Dl+mrmOOBlTQ4Y208YnI+CuW6p+mdoumrmOOBlTE4Y208YnI+CjwvdGQ+CjwvdHI+Cjx0cj4KPHRoPuadkCDos6o8L3RoPgo8dGQgY2xhc3M9ImltYXRlcmlhbCIgYmdjb2xvcj0iI0ZGRkZGRiI+5by15Zyw77ya5biDKOODneODquOCqOOCueODhuODqzEwMO+8hSk8YnI+CuadkOizqijluqfpg6gp77ya44Km44Ko44OT44Oz44Kw44OG44O844OX44O76Yu86KO9U+ODkOODjTxicj4K6ISa6YOo77ya5pyo6KO9KE1ERik8YnI+CjwvdGQ+CjwvdHI+Cgo8dHI+Cjx0aD7ntYTnq4s8L3RoPgo8dGQgY2xhc3M9ImlrdW1pdGF0ZSIgYmdjb2xvcj0iI0ZGRkZGRiI+5a6M5oiQ5ZOB4oC76ISa6YOo44Gu5Y+W5LuY44GR5L2c5qWt5pyJ44KK44CCPGJyPgrmorHljIXjgrXjgqTjgrrvvJrluYUxMjLDl+WlpeihjDY3w5fpq5jjgZU1M2NtPGJyPgo8L3RkPgo8L3RyPgoKPHRyPgo8dGg+44Gd44Gu5LuW44O75rOo5oSP5LqL6aCFPC90aD4KPHRkIGNsYXNzPSJpYXR0bnR4dCIgYmdjb2xvcj0iI0ZGRkZGRiI+CjxwPuODoeODvOOCq+ODvOW4jOacm+Wwj+WjsuS+oeagvOOBr+ODoeODvOOCq+ODvOOCq+OCv+ODreOCsOOBq+WfuuOBpeOBhOOBpuaOsui8ieOBl+OBpuOBhOOBvuOBmTwvcD4KPGZvbnQgY29sb3I9InJlZCI+4oC75ZWG5ZOB55S75YOP44Gv6Imy5ZCI44GE44KE57Sg5p2Q5oSf44GM5a6f6Zqb44Gu5ZWG5ZOB44Go55Ww44Gq44KL5aC05ZCI44GM44GU44GW44GE44G+44GZ44CCPGJyPgrjg6Ljg4vjgr/jg7zjg7vjg4fjgqPjgrnjg5fjg6zjgqTjgavjgojjgaPjgabjgoLlhpnjgormlrnjgYzlpInjgorjgb7jgZnjgILkuojjgoHjgZTkuobmib/jgY/jgaDjgZXjgYTjgII8YnI+PC9mb250Pgo8L3RkPgo8L3RyPgo8L3RhYmxlPjxsaW5rIHJlbD0ic3R5bGVzaGVldCIgaHJlZj0iaHR0cDovL3d3dy5yYWt1dGVuLm5lLmpwL2dvbGQvaHVvbmVzdC9jc3Mvc3R5bGUuY3NzIiAvPgoKPGltZyBzcmM9Imh0dHA6Ly9pbWFnZS5yYWt1dGVuLmNvLmpwL2h1b25lc3QvY2FiaW5ldC8wMzk1MzIzMC9zb2ZhXzk4MF80MDAuanBnIiBhbHQ9IuS6uuawl+OBruOBiuOBl+OCg+OCjOOCveODleOCoeODu+OCveODleOCoeODvOODmeODg+ODiSDpgJrosqkiIHdpZHRoPSI4MDAiIC8+PGJyPgrkurrmsJfjga7ljJfmrKfpoqjjgr3jg5XjgqHjgoTjgr3jg5XjgqHjg7zjg5njg4Pjg4njgYzli6LjgZ7jgo3jgYTvvIHjgYrjgZfjgoPjgozjgr3jg5XjgqHjg7vjgr3jg5XjgqHjg7zjg5njg4Pjg4nnibnpm4Y8YnI+Cjxicj4KCgoKCjxkaXYgY2xhc3M9ImxpbmUiPgo8aDM+TkVXIEFSUklWQUw8c3Bhbj7mlrDnnYDllYblk4E8L3NwYW4+PC9oMz4KPC9kaXY+CgoKCjxiciBzdHlsZT0iY2xlYXI6Ym90aCIgLz4=,44K944OV44KhIOODkeODg+ODgeODr+ODvOOCryDjgr3jg5XjgqEgMuS6uuaOm+OBkSDjg6Ljg4Djg7Mg44K944OV44Kh44O8IDLkurrmjpvjgZEg44Ot44O844K/44Kk44OX44K944OV44Kh44O8IOOCveODleOCoeODvCDjg5Hjg4Pjg4Hjg6/jg7zjgq8gMuS6uuaOm+OBkeOCveODleOCoeODvCDjg5Hjg4Pjg4Hjg6/jg7zjgq8g44K944OV44KhIOODreODvOOCv+OCpOODlyDjgr3jg5XjgqEg44K944OV44KhIOODreODvCDjg5Hjg4Pjg4Hjg6/jg7zjgq/jgr3jg5XjgqHjg7wgMuS6uuaOm+OBkeOCveODleOCoSDjg5Hjg4Pjg4Hjg6/jg7zjgq/mn4QgW2J544GK44GZ44GZ44KBXVvpgIHmlpnnhKHmlpld77yaSFVPTkVTVA==,44K944OV44KhIOODkeODg+ODgeODr+ODvOOCryDjgr3jg5XjgqEgMuS6uuaOm+OBkSDjg6Ljg4Djg7Mg44K944OV44Kh44O8IDLkurrmjpvjgZEg44Ot44O844K/44Kk44OX44K944OV44Kh44O8IOOCveODleOCoeODvCDjg5Hjg4Pjg4Hjg6/jg7zjgq8gMuS6uuaOm+OBkeOCveODleOCoeODvCDjg5Hjg4Pjg4Hjg6/jg7zjgq8g44K944OV44KhIOODreODvOOCv+OCpOODlyDjgr3jg5XjgqEg44K944OV44KhIOODreODvCDjg5Hjg4Pjg4Hjg6/jg7zjgq/jgr3jg5XjgqHjg7wgMuS6uuaOm+OBkeOCveODleOCoSDjg5Hjg4Pjg4Hjg6/jg7zjgq/mn4QgW2J544GK44GZ44GZ44KBXVvpgIHmlpnnhKHmlpld,44K944OV44KhIOODkeODg+ODgeODr+ODvOOCryDjgr3jg5XjgqEgMuS6uuaOm+OBkeOAguOCveODleOCoSDjg5Hjg4Pjg4Hjg6/jg7zjgq8g44K944OV44KhIDLkurrmjpvjgZEg44Oi44OA44OzIOOCveODleOCoeODvCAy5Lq65o6b44GRIOODreODvOOCv+OCpOODl+OCveODleOCoeODvCDjgr3jg5XjgqHjg7wg44OR44OD44OB44Ov44O844KvIDLkurrmjpvjgZHjgr3jg5XjgqHjg7wg44OR44OD44OB44Ov44O844KvIOOCveODleOCoSDjg63jg7zjgr/jgqTjg5cg44K944OV44KhIOOCveODleOCoSDjg63jg7wg44OR44OD44OB44Ov44O844Kv44K944OV44Kh44O8IDLkurrmjpvjgZHjgr3jg5XjgqEg44OR44OD44OB44Ov44O844Kv5p+EIFtieeOBiuOBmeOBmeOCgV1b6YCB5paZ54Sh5paZXQ==[rn]
37-51612,aHR0cDovL3RzaG9wLnIxMHMuanAvaHVvbmVzdC9jYWJpbmV0L3NrNi8xMjIwMDQ0My5qcGc/Zml0aW49NzAwOjcwMA==,MjA1NjMuMjAwMA==,,44Kk44Oz44OG44Oq44Ki44O75a+d5YW344O75Y+O57SNID4g44K944OV44Kh44O744K944OV44Kh44OZ44OD44OJID4gMuS6uuaOm+OBkeOCveODleOCoSA+IOW4g+WcsA==,5LqM5Lq65o6b44GR44K944OV44KhIOODl+ODrOODvOODiSDjgr3jg5XjgqEg44OK44OB44Ol44Op44OrIOiCmOaOm+OBkeS7mOOBjSDogpjku5jjgY0g44OV44Kh44OW44Oq44OD44Kv44K944OV44KhIOOCveODleOCoeODvCAy5Lq65o6b44GR44K944OV44KhIDLkurrmjpvjgZEg44Ot44O844K/44Kk44OX44K944OV44Kh44O8IDLkurrmjpvjgZHjgr3jg5XjgqHjg7wg44Ot44O844K/44Kk44OXIOODreODvCDmnKjoo73jg5Xjg6zjg7zjg6Ag5pyo6KO9IOODgeOCp+ODg+OCr+afhCDjg6Ljg4Djg7Mg44GK44GX44KD44KMIOOBsuOBqOOCiuaaruOCieOBlyDlvJXotorjgZcg5paw55Sf5rS7,44Os44OI44Ot44Gn5Y+v5oSb44GEMlDjgr3jg5XjgqEg5LqM5Lq65o6b44GR44K944OV44KhIOODiuODgeODpeODqeODqyDogpjmjpvjgZHku5jjgY0=,PGRpdiBzdHlsZT0id2lkdGg6NjcwcHg7IG1hcmdpbjphdXRvOyI+CjxpbWcgc3JjPSJodHRwczovL2ltYWdlLnJha3V0ZW4uY28uanAvaHVvbmVzdC9jYWJpbmV0L3NrNi8xMjIwMDQ0My5qcGciIHdpZHRoPSIxMDAlIj48YnI+CjxpbWcgc3JjPSJodHRwczovL2ltYWdlLnJha3V0ZW4uY28uanAvaHVvbmVzdC9jYWJpbmV0L3NrNi8xMjIwMDQ0M18xLmpwZyIgd2lkdGg9IjEwMCUiPjxicj4KPGltZyBzcmM9Imh0dHBzOi8vaW1hZ2UucmFrdXRlbi5jby5qcC9odW9uZXN0L2NhYmluZXQvc2s2LzEyMjAwNDQzXzIuanBnIiB3aWR0aD0iMTAwJSI+PGJyPgoKPC9kaXY+Cjxicj48YnI+PGRpdiBzdHlsZT0id2lkdGg6NjcwcHg7IGZvbnQtc2l6ZToxMi41cHg7IGxpbmUtaGVpZ2h0OjEuNjsgZm9udC1mYW1pbHk6J0hpcmFnaW5vIEtha3UgR290aGljIFByb04nLCBNZWlyeW8sIHNhbnMtc2VyaWY7IGNvbG9yOiMzMzMiPgo8aDQgc3R5bGU9ImJvcmRlci1sZWZ0OnNvbGlkIDhweCAjMzMzOyBib3JkZXItYm90dG9tOnNvbGlkIDFweCAjMzMzOyBwYWRkaW5nLWxlZnQ6MjBweDsgZm9udC1zaXplOjIwcHg7IG1hcmdpbi1ib3R0b206MTBweDsiPuODl+ODrOODvOODieOCveODleOCoeOCt+ODquODvOOCuuODquODs+OCrzwvaDQ+CjxkaXYgc3R5bGU9IndpZHRoOjIwMHB4OyBmbG9hdDpsZWZ0OyBtYXJnaW4tcmlnaHQ6MjBweCI+PGEgaHJlZj0iaHR0cHM6Ly9pdGVtLnJha3V0ZW4uY28uanAvaHVvbmVzdC8xMjIwMDQ0Mi8iPjxpbWcgc3JjPSJodHRwczovL2ltYWdlLnJha3V0ZW4uY28uanAvaHVvbmVzdC9jYWJpbmV0L3NrNi8xMjIwMDQ0Mi5qcGciIGFsdD0i44OW44Op44Km44OzIiB3aWR0aD0iMjAwIiBib3JkZXI9IjAiIC8+PHAgc3R5bGU9InBhZGRpbmc6MCAxMHB4OyBtYXJnaW4tYm90dG9tOjE1cHgiPuODluODqeOCpuODszwvcD48L2E+PC9kaXY+CjxkaXYgc3R5bGU9IndpZHRoOjIwMHB4OyBmbG9hdDpsZWZ0OyBtYXJnaW4tcmlnaHQ6MjBweCI+PGEgaHJlZj0iaHR0cHM6Ly9pdGVtLnJha3V0ZW4uY28uanAvaHVvbmVzdC8xMjIwMDQ0My8iPjxpbWcgc3JjPSJodHRwczovL2ltYWdlLnJha3V0ZW4uY28uanAvaHVvbmVzdC9jYWJpbmV0L3NrNi8xMjIwMDQ0My5qcGciIGFsdD0i44OK44OB44Ol44Op44OrIiB3aWR0aD0iMjAwIiBib3JkZXI9IjAiIC8+PHAgc3R5bGU9InBhZGRpbmc6MCAxMHB4OyBtYXJnaW4tYm90dG9tOjE1cHgiPuODiuODgeODpeODqeODqzwvcD48L2E+PC9kaXY+Cgo8YnIgc3R5bGU9ImNsZWFyOmJvdGgiIC8+CjwvZGl2PjxpbWcgc3JjPSJodHRwczovL2ltYWdlLnJha3V0ZW4uY28uanAvaHVvbmVzdC9jYWJpbmV0L2NhbS9kaWJpa2kuZ2lmIiBhbHQ9IuS7o+mHkeW8leaPm+S4jeWPr+WVhuWTgSIgYm9yZGVyPSIwIiA+PGJyPjxicj4KPGZvbnQgY29sb3I9InJlZCI+4oC75Luj5byV44GN5LiN5Y+v44Gu5ZWG5ZOB44Go44Gq44KK44G+44GZ44CC5LuW44Gu44GK5pSv5omV44GE5pa55rOV44KS44GK6YG444Gz44GP44Gg44GV44GE44CCPC9mb250PjwvcD4KPEJSPgo8cCBzdHlsZT0iY29sb3I6I0ZGMDAwMDsiPgrigLvmspbnuITnnIzjg7vpm6Lls7bjg7vkuIDpg6jpgaDpmpTlnLDjgbjjga7jgYrlsYrjgZHjga/jgIHliKXpgJTjgYropovnqY3jgoLjgorjgavjgarjgorjgb7jgZnjgII8QlI+CjxwIGNsYXNzPSJkZWxpdl9mZWVfaG9rdSI+5YyX5rW36YGT44G444Gu6YWN6YCB44Gv5Yil6YCU6YCB5paZ44GM44GL44GL44KK44G+44GZ44CCPGJyPuWMl+a1t+mBk+mAgeaWme+8muOAkOWMlzPjgJHjgr/jgqTjg5c8L3A+CuKAu+OBiuWxiuOBkeOBruaXpeabnOaXpeOAgeelneaXpeaMh+WumuOCkuaJv+OCi+OBk+OBqOOBjOOBp+OBjeOBvuOBm+OCk+OAgiA8QlI+PC9wPjxicj4KPGhyIHN0eWxlPSJib3JkZXI6IG5vbmU7IGJvcmRlci10b3A6IGRhc2hlZCAxcHggIzAwMDAwMDtoZWlnaHQ6IDFweDsgY29sb3I6ICNmZmZmZmY7Ij4KCuKWoOOCteOCpOOCuu+8muW5hTExMsOX5aWl6KGMNzLDl+mrmOOBlTY5Y208YnI+CuW6p+mdoumrmOOBlTM1Y208YnI+CuKWoOadkOizqu+8mjxicj4K5by15Zyw77ya5biDKOODgeOCp+ODg+OCr+afhCDjg53jg6rjgqjjgrnjg4bjg6sxMDAlKTxicj4K44OV44Os44O844Og77ya5aSp54S25pyoKOODqeODkOODvOOCpuODg+ODiSkg5aGX6KOFPGJyPgrluqfvvJpT44OQ44ONK+OCpuOCp+ODvOODk+ODs+OCsOODhuODvOODlzxicj4K4pag57WE56uL77ya44GK5a6i5qeY57WE56uL5ZOBPGJyPgoKPGhyIHN0eWxlPSJib3JkZXI6IG5vbmU7IGJvcmRlci10b3A6IGRhc2hlZCAxcHggIzAwMDAwMDtoZWlnaHQ6IDFweDsgY29sb3I6ICNmZmZmZmY7Ij4K44GP44Gk44KN44GO44Gu56m66ZaT44KS5b2p44KL56eB44Gu44GK5rCX44Gr5YWl44KK44CB44KG44Gj44Gf44KK44Go44GX44Gf5bqn44KK5b+D5Zyw44Gu44Os44OI44Ot44Gn5Y+v5oSb44GEMlDjgr3jg5XjgqHjgIzjg5fjg6zjg7zjg4njgI3jgII8YnI+CuWkqeeEtuacqOOBruODleODrOODvOODoOOBq+ODgeOCp+ODg+OCr+afhOOBruODleOCoeODluODquODg+OCr+OBjOOCt+ODs+ODl+ODq+mBjuOBjuOBquOBhOOBiua0kuiQveOBleOCkua8lOWHuuOBl+OBvuOBmeOAgjxicj48bGluayByZWw9InN0eWxlc2hlZXQiIGhyZWY9Imh0dHA6Ly93d3cucmFrdXRlbi5uZS5qcC9nb2xkL2h1b25lc3QvY3NzL3N0eWxlLmNzcyIgLz4KCjxpbWcgc3JjPSJodHRwOi8vaW1hZ2UucmFrdXRlbi5jby5qcC9odW9uZXN0L2NhYmluZXQvMDM5NTMyMzAvc29mYV85ODBfNDAwLmpwZyIgYWx0PSLkurrmsJfjga7jgYrjgZfjgoPjgozjgr3jg5XjgqHjg7vjgr3jg5XjgqHjg7zjg5njg4Pjg4kg6YCa6LKpIiB3aWR0aD0iODAwIiAvPjxicj4K5Lq65rCX44Gu5YyX5qyn6aKo44K944OV44Kh44KE44K944OV44Kh44O844OZ44OD44OJ44GM5Yui44Ge44KN44GE77yB44GK44GX44KD44KM44K944OV44Kh44O744K944OV44Kh44O844OZ44OD44OJ54m56ZuGPGJyPgo8YnI+CgoKCgo8ZGl2IGNsYXNzPSJsaW5lIj4KPGgzPk5FVyBBUlJJVkFMPHNwYW4+5paw552A5ZWG5ZOBPC9zcGFuPjwvaDM+CjwvZGl2PgoKCgo8YnIgc3R5bGU9ImNsZWFyOmJvdGgiIC8+,5LqM5Lq65o6b44GR44K944OV44KhIOODl+ODrOODvOODiSDjgr3jg5XjgqEg44OK44OB44Ol44Op44OrIOiCmOaOm+OBkeS7mOOBjSDogpjku5jjgY0g44OV44Kh44OW44Oq44OD44Kv44K944OV44KhIOOCveODleOCoeODvCAy5Lq65o6b44GR44K944OV44KhIDLkurrmjpvjgZEg44Ot44O844K/44Kk44OX44K944OV44Kh44O8IDLkurrmjpvjgZHjgr3jg5XjgqHjg7wg44Ot44O844K/44Kk44OXIOODreODvCDmnKjoo73jg5Xjg6zjg7zjg6Ag5pyo6KO9IOODgeOCp+ODg+OCr+afhCDjg6Ljg4Djg7Mg44GK44GX44KD44KMIOOBsuOBqOOCiuaaruOCieOBlyDlvJXotorjgZcg5paw55Sf5rS777yaSFVPTkVTVA==,5LqM5Lq65o6b44GR44K944OV44KhIOODl+ODrOODvOODiSDjgr3jg5XjgqEg44OK44OB44Ol44Op44OrIOiCmOaOm+OBkeS7mOOBjSDogpjku5jjgY0g44OV44Kh44OW44Oq44OD44Kv44K944OV44KhIOOCveODleOCoeODvCAy5Lq65o6b44GR44K944OV44KhIDLkurrmjpvjgZEg44Ot44O844K/44Kk44OX44K944OV44Kh44O8IDLkurrmjpvjgZHjgr3jg5XjgqHjg7wg44Ot44O844K/44Kk44OXIOODreODvCDmnKjoo73jg5Xjg6zjg7zjg6Ag5pyo6KO9IOODgeOCp+ODg+OCr+afhCDjg6Ljg4Djg7Mg44GK44GX44KD44KMIOOBsuOBqOOCiuaaruOCieOBlyDlvJXotorjgZcg5paw55Sf5rS7,44Os44OI44Ot44Gn5Y+v5oSb44GEMlDjgr3jg5XjgqEg5LqM5Lq65o6b44GR44K944OV44KhIOODiuODgeODpeODqeODqyDogpjmjpvjgZHku5jjgY0g44CC5LqM5Lq65o6b44GR44K944OV44KhIOODl+ODrOODvOODiSDjgr3jg5XjgqEg44OK44OB44Ol44Op44OrIOiCmOaOm+OBkeS7mOOBjSDogpjku5jjgY0g44OV44Kh44OW44Oq44OD44Kv44K944OV44KhIOOCveODleOCoeODvCAy5Lq65o6b44GR44K944OV44KhIDLkurrmjpvjgZEg44Ot44O844K/44Kk44OX44K944OV44Kh44O8IDLkurrmjpvjgZHjgr3jg5XjgqHjg7wg44Ot44O844K/44Kk44OXIOODreODvCDmnKjoo73jg5Xjg6zjg7zjg6Ag5pyo6KO9IOODgeOCp+ODg+OCr+afhCDjg6Ljg4Djg7Mg44GK44GX44KD44KMIOOBsuOBqOOCiuaaruOCieOBlyDlvJXotorjgZcg5paw55Sf5rS7[rn]
37-51613,aHR0cDovL3RzaG9wLnIxMHMuanAvaHVvbmVzdC9jYWJpbmV0L3NrNi8xMjIwMDQ0Mi5qcGc/Zml0aW49NzAwOjcwMA==,MjA1NjMuMjAwMA==,,44Kk44Oz44OG44Oq44Ki44O75a+d5YW344O75Y+O57SNID4g44K944OV44Kh44O744K944OV44Kh44OZ44OD44OJID4gMuS6uuaOm+OBkeOCveODleOCoSA+IOW4g+WcsA==,5LqM5Lq65o6b44GR44K944OV44KhIOODl+ODrOODvOODiSDjgr3jg5XjgqEg44OW44Op44Km44OzIOiCmOaOm+OBkeS7mOOBjSDogpjku5jjgY0g44OV44Kh44OW44Oq44OD44Kv44K944OV44KhIOOCveODleOCoeODvCAy5Lq65o6b44GR44K944OV44KhIDLkurrmjpvjgZEg44Ot44O844K/44Kk44OX44K944OV44Kh44O8IDLkurrmjpvjgZHjgr3jg5XjgqHjg7wg44Ot44O844K/44Kk44OXIOODreODvCDmnKjoo73jg5Xjg6zjg7zjg6Ag5pyo6KO9IOODgeOCp+ODg+OCr+afhCDjg6Ljg4Djg7Mg44GK44GX44KD44KMIOOBsuOBqOOCiuaaruOCieOBlyDlvJXotorjgZcg5paw55Sf5rS7,44Os44OI44Ot44Gn5Y+v5oSb44GEMlDjgr3jg5XjgqEg5LqM5Lq65o6b44GR44K944OV44KhIOODluODqeOCpuODsyDogpjmjpvjgZHku5jjgY0=,PGRpdiBzdHlsZT0id2lkdGg6NjcwcHg7IG1hcmdpbjphdXRvOyI+CjxpbWcgc3JjPSJodHRwczovL2ltYWdlLnJha3V0ZW4uY28uanAvaHVvbmVzdC9jYWJpbmV0L3NrNi8xMjIwMDQ0Mi5qcGciIHdpZHRoPSIxMDAlIj48YnI+CjxpbWcgc3JjPSJodHRwczovL2ltYWdlLnJha3V0ZW4uY28uanAvaHVvbmVzdC9jYWJpbmV0L3NrNi8xMjIwMDQ0Ml8xLmpwZyIgd2lkdGg9IjEwMCUiPjxicj4KPGltZyBzcmM9Imh0dHBzOi8vaW1hZ2UucmFrdXRlbi5jby5qcC9odW9uZXN0L2NhYmluZXQvc2s2LzEyMjAwNDQyXzIuanBnIiB3aWR0aD0iMTAwJSI+PGJyPgoKPC9kaXY+Cjxicj48YnI+PGRpdiBzdHlsZT0id2lkdGg6NjcwcHg7IGZvbnQtc2l6ZToxMi41cHg7IGxpbmUtaGVpZ2h0OjEuNjsgZm9udC1mYW1pbHk6J0hpcmFnaW5vIEtha3UgR290aGljIFByb04nLCBNZWlyeW8sIHNhbnMtc2VyaWY7IGNvbG9yOiMzMzMiPgo8aDQgc3R5bGU9ImJvcmRlci1sZWZ0OnNvbGlkIDhweCAjMzMzOyBib3JkZXItYm90dG9tOnNvbGlkIDFweCAjMzMzOyBwYWRkaW5nLWxlZnQ6MjBweDsgZm9udC1zaXplOjIwcHg7IG1hcmdpbi1ib3R0b206MTBweDsiPuODl+ODrOODvOODieOCveODleOCoeOCt+ODquODvOOCuuODquODs+OCrzwvaDQ+CjxkaXYgc3R5bGU9IndpZHRoOjIwMHB4OyBmbG9hdDpsZWZ0OyBtYXJnaW4tcmlnaHQ6MjBweCI+PGEgaHJlZj0iaHR0cHM6Ly9pdGVtLnJha3V0ZW4uY28uanAvaHVvbmVzdC8xMjIwMDQ0Mi8iPjxpbWcgc3JjPSJodHRwczovL2ltYWdlLnJha3V0ZW4uY28uanAvaHVvbmVzdC9jYWJpbmV0L3NrNi8xMjIwMDQ0Mi5qcGciIGFsdD0i44OW44Op44Km44OzIiB3aWR0aD0iMjAwIiBib3JkZXI9IjAiIC8+PHAgc3R5bGU9InBhZGRpbmc6MCAxMHB4OyBtYXJnaW4tYm90dG9tOjE1cHgiPuODluODqeOCpuODszwvcD48L2E+PC9kaXY+CjxkaXYgc3R5bGU9IndpZHRoOjIwMHB4OyBmbG9hdDpsZWZ0OyBtYXJnaW4tcmlnaHQ6MjBweCI+PGEgaHJlZj0iaHR0cHM6Ly9pdGVtLnJha3V0ZW4uY28uanAvaHVvbmVzdC8xMjIwMDQ0My8iPjxpbWcgc3JjPSJodHRwczovL2ltYWdlLnJha3V0ZW4uY28uanAvaHVvbmVzdC9jYWJpbmV0L3NrNi8xMjIwMDQ0My5qcGciIGFsdD0i44OK44OB44Ol44Op44OrIiB3aWR0aD0iMjAwIiBib3JkZXI9IjAiIC8+PHAgc3R5bGU9InBhZGRpbmc6MCAxMHB4OyBtYXJnaW4tYm90dG9tOjE1cHgiPuODiuODgeODpeODqeODqzwvcD48L2E+PC9kaXY+Cgo8YnIgc3R5bGU9ImNsZWFyOmJvdGgiIC8+CjwvZGl2PjxpbWcgc3JjPSJodHRwczovL2ltYWdlLnJha3V0ZW4uY28uanAvaHVvbmVzdC9jYWJpbmV0L2NhbS9kaWJpa2kuZ2lmIiBhbHQ9IuS7o+mHkeW8leaPm+S4jeWPr+WVhuWTgSIgYm9yZGVyPSIwIiA+PGJyPjxicj4KPGZvbnQgY29sb3I9InJlZCI+4oC75Luj5byV44GN5LiN5Y+v44Gu5ZWG5ZOB44Go44Gq44KK44G+44GZ44CC5LuW44Gu44GK5pSv5omV44GE5pa55rOV44KS44GK6YG444Gz44GP44Gg44GV44GE44CCPC9mb250PjwvcD4KPEJSPgo8cCBzdHlsZT0iY29sb3I6I0ZGMDAwMDsiPgrigLvmspbnuITnnIzjg7vpm6Lls7bjg7vkuIDpg6jpgaDpmpTlnLDjgbjjga7jgYrlsYrjgZHjga/jgIHliKXpgJTjgYropovnqY3jgoLjgorjgavjgarjgorjgb7jgZnjgII8QlI+CjxwIGNsYXNzPSJkZWxpdl9mZWVfaG9rdSI+5YyX5rW36YGT44G444Gu6YWN6YCB44Gv5Yil6YCU6YCB5paZ44GM44GL44GL44KK44G+44GZ44CCPGJyPuWMl+a1t+mBk+mAgeaWme+8muOAkOWMlzPjgJHjgr/jgqTjg5c8L3A+CuKAu+OBiuWxiuOBkeOBruaXpeabnOaXpeOAgeelneaXpeaMh+WumuOCkuaJv+OCi+OBk+OBqOOBjOOBp+OBjeOBvuOBm+OCk+OAgiA8QlI+PC9wPjxicj4KPGhyIHN0eWxlPSJib3JkZXI6IG5vbmU7IGJvcmRlci10b3A6IGRhc2hlZCAxcHggIzAwMDAwMDtoZWlnaHQ6IDFweDsgY29sb3I6ICNmZmZmZmY7Ij4KCuKWoOOCteOCpOOCuu+8muW5hTExMsOX5aWl6KGMNzLDl+mrmOOBlTY5Y208YnI+CuW6p+mdoumrmOOBlTM1Y208YnI+CuKWoOadkOizqu+8mjxicj4K5by15Zyw77ya5biDKOODgeOCp+ODg+OCr+afhCDjg53jg6rjgqjjgrnjg4bjg6sxMDAlKTxicj4K44OV44Os44O844Og77ya5aSp54S25pyoKOODqeODkOODvOOCpuODg+ODiSkg5aGX6KOFPGJyPgrluqfvvJpT44OQ44ONK+OCpuOCp+ODvOODk+ODs+OCsOODhuODvOODlzxicj4K4pag57WE56uL77ya44GK5a6i5qeY57WE56uL5ZOBPGJyPgoKPGhyIHN0eWxlPSJib3JkZXI6IG5vbmU7IGJvcmRlci10b3A6IGRhc2hlZCAxcHggIzAwMDAwMDtoZWlnaHQ6IDFweDsgY29sb3I6ICNmZmZmZmY7Ij4K44GP44Gk44KN44GO44Gu56m66ZaT44KS5b2p44KL56eB44Gu44GK5rCX44Gr5YWl44KK44CB44KG44Gj44Gf44KK44Go44GX44Gf5bqn44KK5b+D5Zyw44Gu44Os44OI44Ot44Gn5Y+v5oSb44GEMlDjgr3jg5XjgqHjgIzjg5fjg6zjg7zjg4njgI3jgII8YnI+CuWkqeeEtuacqOOBruODleODrOODvOODoOOBq+ODgeOCp+ODg+OCr+afhOOBruODleOCoeODluODquODg+OCr+OBjOOCt+ODs+ODl+ODq+mBjuOBjuOBquOBhOOBiua0kuiQveOBleOCkua8lOWHuuOBl+OBvuOBmeOAgjxicj48bGluayByZWw9InN0eWxlc2hlZXQiIGhyZWY9Imh0dHA6Ly93d3cucmFrdXRlbi5uZS5qcC9nb2xkL2h1b25lc3QvY3NzL3N0eWxlLmNzcyIgLz4KCjxpbWcgc3JjPSJodHRwOi8vaW1hZ2UucmFrdXRlbi5jby5qcC9odW9uZXN0L2NhYmluZXQvMDM5NTMyMzAvc29mYV85ODBfNDAwLmpwZyIgYWx0PSLkurrmsJfjga7jgYrjgZfjgoPjgozjgr3jg5XjgqHjg7vjgr3jg5XjgqHjg7zjg5njg4Pjg4kg6YCa6LKpIiB3aWR0aD0iODAwIiAvPjxicj4K5Lq65rCX44Gu5YyX5qyn6aKo44K944OV44Kh44KE44K944OV44Kh44O844OZ44OD44OJ44GM5Yui44Ge44KN44GE77yB44GK44GX44KD44KM44K944OV44Kh44O744K944OV44Kh44O844OZ44OD44OJ54m56ZuGPGJyPgo8YnI+CgoKCgo8ZGl2IGNsYXNzPSJsaW5lIj4KPGgzPk5FVyBBUlJJVkFMPHNwYW4+5paw552A5ZWG5ZOBPC9zcGFuPjwvaDM+CjwvZGl2PgoKCgo8YnIgc3R5bGU9ImNsZWFyOmJvdGgiIC8+,5LqM5Lq65o6b44GR44K944OV44KhIOODl+ODrOODvOODiSDjgr3jg5XjgqEg44OW44Op44Km44OzIOiCmOaOm+OBkeS7mOOBjSDogpjku5jjgY0g44OV44Kh44OW44Oq44OD44Kv44K944OV44KhIOOCveODleOCoeODvCAy5Lq65o6b44GR44K944OV44KhIDLkurrmjpvjgZEg44Ot44O844K/44Kk44OX44K944OV44Kh44O8IDLkurrmjpvjgZHjgr3jg5XjgqHjg7wg44Ot44O844K/44Kk44OXIOODreODvCDmnKjoo73jg5Xjg6zjg7zjg6Ag5pyo6KO9IOODgeOCp+ODg+OCr+afhCDjg6Ljg4Djg7Mg44GK44GX44KD44KMIOOBsuOBqOOCiuaaruOCieOBlyDlvJXotorjgZcg5paw55Sf5rS777yaSFVPTkVTVA==,5LqM5Lq65o6b44GR44K944OV44KhIOODl+ODrOODvOODiSDjgr3jg5XjgqEg44OW44Op44Km44OzIOiCmOaOm+OBkeS7mOOBjSDogpjku5jjgY0g44OV44Kh44OW44Oq44OD44Kv44K944OV44KhIOOCveODleOCoeODvCAy5Lq65o6b44GR44K944OV44KhIDLkurrmjpvjgZEg44Ot44O844K/44Kk44OX44K944OV44Kh44O8IDLkurrmjpvjgZHjgr3jg5XjgqHjg7wg44Ot44O844K/44Kk44OXIOODreODvCDmnKjoo73jg5Xjg6zjg7zjg6Ag5pyo6KO9IOODgeOCp+ODg+OCr+afhCDjg6Ljg4Djg7Mg44GK44GX44KD44KMIOOBsuOBqOOCiuaaruOCieOBlyDlvJXotorjgZcg5paw55Sf5rS7,44Os44OI44Ot44Gn5Y+v5oSb44GEMlDjgr3jg5XjgqEg5LqM5Lq65o6b44GR44K944OV44KhIOODluODqeOCpuODsyDogpjmjpvjgZHku5jjgY3jgILkuozkurrmjpvjgZHjgr3jg5XjgqEg44OX44Os44O844OJIOOCveODleOCoSDjg5bjg6njgqbjg7Mg6IKY5o6b44GR5LuY44GNIOiCmOS7mOOBjSDjg5XjgqHjg5bjg6rjg4Pjgq/jgr3jg5XjgqEg44K944OV44Kh44O8IDLkurrmjpvjgZHjgr3jg5XjgqEgMuS6uuaOm+OBkSDjg63jg7zjgr/jgqTjg5fjgr3jg5XjgqHjg7wgMuS6uuaOm+OBkeOCveODleOCoeODvCDjg63jg7zjgr/jgqTjg5cg44Ot44O8IOacqOijveODleODrOODvOODoCDmnKjoo70g44OB44Kn44OD44Kv5p+EIOODouODgOODsyDjgYrjgZfjgoPjgowg44Gy44Go44KK5pqu44KJ44GXIOW8lei2iuOBlyDmlrDnlJ/mtLs=[rn]
37-51614,aHR0cDovL3RzaG9wLnIxMHMuanAvaHVvbmVzdC9jYWJpbmV0L3ltMDMvMzIwMDEwMC5qcGc/Zml0aW49NzAwOjcwMA==,Mzc2ODcuMjAwMA==,,44Kk44Oz44OG44Oq44Ki44O75a+d5YW344O75Y+O57SNID4g44K944OV44Kh44O744K944OV44Kh44OZ44OD44OJID4gMuS6uuaOm+OBkeOCveODleOCoSA+IOW4g+WcsA==,44K544OE44O844Or5LuY44K944OV44Kh44OZ44OD44OJIOW8leOBjeWHuuOBl+WPjue0jeS7mOOBjSjjg5bjg6njgqbjg7Mg44Kw44Oq44O844OzKSDog4zjgoLjgZ/jgozjg7vogpjmjpvjgZHjg6rjgq/jg6njgqTjg4vjg7PjgrDlj6/og70g44K944OV44Kh44O844OZ44OD44OJIOODnuODq+ODgeODquOCr+ODqeOCpOODi+ODs+OCsOOCveODleOCoSDjgqvjgqbjg4Hjgr3jg5XjgqEg5LqM5Lq65o6b44GRIOODquOCr+ODqeOCpOODi+ODs+OCsOOCveODleOCoeKAlSDluIPlnLAg44K944OV44Kh44OZ44OD44OJIOOCveODleOCoeODvOODmeODg+ODieOAkOaXpeacrOijveOAkeOAkOmAgeaWmeeEoeaWmeOAkeOAkOaXpeaZguaMh+WumuS4jeWPr+WVhuWTgeOAkQ==,44Oq44Kv44Op44Kk44OL44Oz44Kw44K944OV44KhIOOCveODleOCoeODmeODg+ODiSDlj47ntI3ku5jjgY0g5LqM5Lq65o6b44GR,PHAgc3R5bGU9ImZvbnQtc2l6ZToxMnB4O2xpbmUtaGVpZ2h0OjE0MCU7d2lkdGg6NjUwcHg7Ym9yZGVyOjFweCBzb2xpZCAjQzkzO21hcmdpbjo5cHggMDtwYWRkaW5nOjlweDtiYWNrZ3JvdW5kOiNGRkQ7Ij4KPHNwYW4gc3R5bGU9ImZvbnQtc2l6ZToxNnB4O2NvbG9yOiNBMTg7Zm9udC13ZWlnaHQ6Ym9sZDsiPjHlj7Djgafjgr3jg5XjgqHjgIHjg5njg4Pjg4njgIHjgrnjg4Tjg7zjg6vjgIHluqfpnaLkuIvlj47ntI3jgILlpJrmqZ/og73jgr3jg5XjgqHjg5njg4Pjg4njgII8L3NwYW4+PGJyPgrjgZfjgaPjgYvjgorjgajjgZfjgZ/lm7rjgoHjga7luqfjgorlv4PlnLDjgILjg5njg4Pjg4nmmYLjgavplbfjgY/kvb/nlKjjgZfjgabjgYTjgabjgoLjgZfjgaPjgYvjgorjgajlr53jgonjgozjgovjgojjgYbjgavku5XkuIrjgZLjgb7jgZfjgZ/jgII8YnI+CuODquOCr+ODqeOCpOODi+ODs+OCsOapn+iDveOBrzPmrrXpmo7jgILjgYrlpb3jgb/jga7op5LluqbjgafjgYrlr5vjgY7jgY/jgaDjgZXjgYTjgILjg5Xjg6vjg5Xjg6njg4Pjg4jjgavjgZnjgozjgbDjgIHjg5njg4Pjg4njgavjgarjgorjgb7jgZnjgII8YnI+CuiCmOaOm+OBkeOCgjPmrrXpmo7jg6rjgq/jg6njgqTjg4vjg7PjgrDjgILjgaHjgofjgaPjgajmqKrjgavohJrjgpLkvLjjgbDjgZfjgZ/jgYTmmYLjgavkvr/liKnjgII8YnI+CuaXpeacrOijveOBquOCieOBp+OBr+OBriDntLDpg6jjgb7jgafjga7jgZPjgaDjgo/jgorjgILlronlhajjgavjgoLmsJfjgpLphY3jgorjgIHmjqXnnYDliaTjgavjga9G4piG4piG4piG4piG5Z+65rqW44Gu44KC44Gu44KS5o6h55So44CCCjwvcD4KPGRpdiBzdHlsZT0id2lkdGg6NjcwcHg7Ij4KPGRpdj48aW1nIHNyYz0iaHR0cHM6Ly9pbWFnZS5yYWt1dGVuLmNvLmpwL2ktb2ZmaWNlMS9jYWJpbmV0L3ltMDMvMzIwMDEwMGEuanBnIiBhbHQ9IuOCueODhOODvOODq+S7mOODquOCr+ODqeOCpOODi+ODs+OCsOODnuODq+ODgeOCveODleOCoeODmeODg+ODiSI+CjwvZGl2Pgo8ZGl2IHN0eWxlPSJtYXJnaW46MjBweCAwOyI+CjxpbWcgc3JjPSJodHRwczovL2ltYWdlLnJha3V0ZW4uY28uanAvaS1vZmZpY2UxL2NhYmluZXQveW0wMy8zMjAwMTAwYi5qcGciIGFsdD0i44K544OE44O844Or5LuY44Oq44Kv44Op44Kk44OL44Oz44Kw44Oe44Or44OB44K944OV44Kh44OZ44OD44OJIj4KPHAgc3R5bGU9InBhZGRpbmc6NXB4IDEycHg7Ij4x5Y+w44Gn44K944OV44Kh44CB44OZ44OD44OJ44CB44K544OE44O844Or44CB5bqn6Z2i5LiL5Y+O57SN44CC5aSa5qmf6IO944K944OV44Kh44OZ44OD44OJ44CCPC9wPgo8L2Rpdj4KPGRpdiBzdHlsZT0ibWFyZ2luOjIwcHggMDsiPgo8aW1nIHNyYz0iaHR0cHM6Ly9pbWFnZS5yYWt1dGVuLmNvLmpwL2ktb2ZmaWNlMS9jYWJpbmV0L3ltMDMvMzIwMDEwMGMuanBnIiBhbHQ9IuOCueODhOODvOODq+S7mOODquOCr+ODqeOCpOODi+ODs+OCsOODnuODq+ODgeOCveODleOCoeODmeODg+ODiSI+CjxwIHN0eWxlPSJwYWRkaW5nOjVweCAxMnB4OyI+44GX44Gj44GL44KK44Go44GX44Gf5Zu644KB44Gu5bqn44KK5b+D5Zyw44CC44OZ44OD44OJ5pmC44Gr6ZW344GP5L2/55So44GX44Gm44GE44Gm44KC44GX44Gj44GL44KK44Go5a+d44KJ44KM44KL44KI44GG44Gr5LuV5LiK44GS44G+44GX44Gf44CCPC9wPgo8L2Rpdj4KPGRpdiBzdHlsZT0ibWFyZ2luOjIwcHggMDsiPgo8aW1nIHNyYz0iaHR0cHM6Ly9pbWFnZS5yYWt1dGVuLmNvLmpwL2ktb2ZmaWNlMS9jYWJpbmV0L3ltMDMvMzIwMDEwMGguanBnIiBhbHQ9IuOCueODhOODvOODq+S7mOODquOCr+ODqeOCpOODi+ODs+OCsOODnuODq+ODgeOCveODleOCoeODmeODg+ODiSI+CjxwIHN0eWxlPSJwYWRkaW5nOjVweCAxMnB4OyI+5pel5pys6KO944Gq44KJ44Gn44Gv44Gu5ZOB6LOq5Z+65rqW44Gu6auY44GV44CB57Sw6YOo44G+44Gn44Gu44GT44Gg44KP44KK44CCPGJyPuWuieWFqOOBq+OCguawl+OCkumFjeOCiuOAgeaOpeedgOWJpOOBq+OBr0bimIbimIbimIbimIbln7rmupbjga7jgoLjga7jgpLmjqHnlKjjgII8YnI+57ir6KO944CB5bqn6Z2i44Gu5oSf6Kem44CB44Gp44KM44KS6KaL44Gm44KC44CB44GX44Gj44GL44KK44Go5L2c44Gj44Gm44GE44G+44GZ44CCPC9wPgo8L2Rpdj4KPGRpdiBzdHlsZT0ibWFyZ2luOjIwcHggMDsiPgo8aW1nIHNyYz0iaHR0cHM6Ly9pbWFnZS5yYWt1dGVuLmNvLmpwL2ktb2ZmaWNlMS9jYWJpbmV0L3ltMDMvMzIwMDEwMGQuanBnIiBhbHQ9IuOCueODhOODvOODq+S7mOODquOCr+ODqeOCpOODi+ODs+OCsOODnuODq+ODgeOCveODleOCoeODmeODg+ODie+8iOOCteOCpOOCuu+8iSI+CjwvZGl2Pgo8ZGl2IHN0eWxlPSJtYXJnaW46MjBweCAwIDEwcHggMDsiPjxpbWcgc3JjPSJodHRwczovL2ltYWdlLnJha3V0ZW4uY28uanAvaS1vZmZpY2UxL2NhYmluZXQveW0wMy8zMjAwMTAwZS5qcGciIGFsdD0i44K544OE44O844Or5LuY44Oq44Kv44Op44Kk44OL44Oz44Kw44Oe44Or44OB44K944OV44Kh44OZ44OD44OJKOOCq+ODqeODvCkiPjwvZGl2Pgo8ZGl2IGFsaWduPSJjZW50ZXIiPgo8dGFibGUgYm9yZGVyPSIwIiBjZWxscGFkZGluZz0iMCIgY2VsbHNwYWNpbmc9IjkiIHN0eWxlPSJmb250LXNpemU6MTJweDttYXJnaW46MCAwIDMwcHggMDsiPgo8dHIgYWxpZ249ImNlbnRlciI+Cjx0ZD48aW1nIHNyYz0iaHR0cHM6Ly9pbWFnZS5yYWt1dGVuLmNvLmpwL2ktb2ZmaWNlMS9jYWJpbmV0L3ltMDMvMzIwMDEwMGYuanBnIiBhbHQ9IuOCueODhOODvOODq+S7mOODquOCr+ODqeOCpOODi+ODs+OCsOODnuODq+ODgeOCveODleOCoeODmeODg+ODiSjjgrDjg6rjg7zjg7MpIiBib3JkZXI9IjAiPjxwPuOCueODhOODvOODq+S7mDxicj7jg6rjgq/jg6njgqTjg4vjg7PjgrA8YnI+44Oe44Or44OB44K944OV44Kh44OZ44OD44OJPGJyPuOAkOOCsOODquODvOODs+OAkTwvcD48L3RkPgo8dGQ+PGltZyBzcmM9Imh0dHBzOi8vaW1hZ2UucmFrdXRlbi5jby5qcC9pLW9mZmljZTEvY2FiaW5ldC95bTAzLzMyMDAxMDBnLmpwZyIgYWx0PSLjgrnjg4Tjg7zjg6vku5jjg6rjgq/jg6njgqTjg4vjg7PjgrDjg57jg6vjg4Hjgr3jg5XjgqHjg5njg4Pjg4ko44OW44Op44Km44OzKSIgYm9yZGVyPSIwIj48cD7jgrnjg4Tjg7zjg6vku5g8YnI+44Oq44Kv44Op44Kk44OL44Oz44KwPGJyPuODnuODq+ODgeOCveODleOCoeODmeODg+ODiTxicj7jgJDjg5bjg6njgqbjg7PjgJE8L3A+PC90ZD4KPC90cj4KPC90YWJsZT4KCjwvZGl2Pgo8L2Rpdj4KPGJyPjxicj4KPGltZyBzcmM9Imh0dHBzOi8vaW1hZ2UucmFrdXRlbi5jby5qcC9pLW9mZmljZTEvY2FiaW5ldC9zdWdpbW90bzYvbml0aWppaHVrYTY3MC5qcGciIC8+Cjxicj48YnI+PHA+PGltZyBzcmM9Imh0dHBzOi8vaW1hZ2UucmFrdXRlbi5jby5qcC9odW9uZXN0L2NhYmluZXQvY2FtL2RpYmlraS5naWYiIGFsdD0i5Luj6YeR5byV5o+b5LiN5Y+v5ZWG5ZOBIiBib3JkZXI9IjAiID48YnI+44CM5pys5ZWG5ZOB44Gv44CB5Luj6YeR5byV5o+b5rG65riI44GM44GU5Yip55So44GE44Gf44Gg44GR44G+44Gb44KT44CC44CNPC9wPjxwIHN0eWxlPSJmb250LXNpemU6MTJweDsgY29sb3I6I0QzMzsiPuKAu+mBoOmalOWcsOOBr+WIpemAlOmAgeaWmeOBjOOBi+OBi+OCiuOBvuOBmTxicj7igLvmspbnuITjgIHpm6Lls7bnrYnkuIDpg6jlnLDln5/jgbjjga7jgYrlsYrjgZHjgYzjgafjgY3jgb7jgZvjgpPjgILkuojjgoHjgZTkuobmib/kuIvjgZXjgYTjgII8L3A+Cjxicj7igLvlj5fms6jnlJ/nlKPlk4Hjgajjgarjgorjgb7jgZnjgILjgYrlsYrjgZHjgb7jgafjgavntIQz6YCx6ZaT56iL6aCC44GE44Gm44GK44KK44G+44GZ44CCPEJSPgrigLvlj5fms6jnlJ/nlKPlk4Hjga7ngrrjgIHjgZTms6jmloflvozjga7jgq3jg6Pjg7Pjgrvjg6vjga/jgYrlj5fjgZHjgafjgY3jgb7jgZvjgpPjgII8QlI+Cgo8ZGw+CjxkdCBzdHlsZT0iYmFja2dyb3VuZDojRUVFO2JvcmRlci1ib3R0b206MXB4IHNvbGlkICM5OTk7Ym9yZGVyLXJpZ2h0OjFweCBzb2xpZCAjOTk5O2ZvbnQtd2VpZ2h0OmJvbGQ7Y29sb3I6IzY2NjtwYWRkaW5nOjNweCA1cHg7Ij7llYblk4HoqqzmmI48L2R0Pgo8ZGQgc3R5bGU9Im1hcmdpbi1ib3R0b206MTBweDsiPjxwPgox5Y+w44Gn44K944OV44Kh44CB44OZ44OD44OJ44CB44K544OE44O844Or44CB5bqn6Z2i5LiL5Y+O57SN44CC5aSa5qmf6IO944K944OV44Kh44OZ44OD44OJ44CCPGJyPgrog4zpnaLjgIHogpjmjpsz5q616ZqO44Oq44Kv44Op44Kk44OL44Oz44Kw44CCPGJyPuWuieWFqOOBq+OCguawl+OCkumFjeOCiuOAgeaOpeedgOWJpOOBq+OBr0bimIbimIbimIbimIbln7rmupbjga7jgoLjga7jgpLmjqHnlKjjgII8YnI+CuaXpeacrOijveOBquOCieOBp+OBr+OBriDntLDpg6jjgb7jgafjga7jgZPjgaDjgo/jgorjgIIKPC9wPjwvZGQ+CjxkdCBzdHlsZT0iYmFja2dyb3VuZDojRUVFO2JvcmRlci1ib3R0b206MXB4IHNvbGlkICM5OTk7Ym9yZGVyLXJpZ2h0OjFweCBzb2xpZCAjOTk5O2ZvbnQtd2VpZ2h0OmJvbGQ7Y29sb3I6IzY2NjtwYWRkaW5nOjNweCA1cHg7Ij7jgrXjgqTjgro8L2R0Pgo8ZGQgc3R5bGU9Im1hcmdpbi1ib3R0b206MTBweDsiPjxwPgrjgJDmnKzkvZPjgJE8YnI+57SE5bmFMTU3Y23Dl+WlpeihjDgy772eOThjbcOX6auY44GVNzZjbTxicj4K44CQ44K544OE44O844Or44CRPGJyPue0hOW5hTQwY23Dl+WlpeihjDk4Y23Dl+mrmOOBlTM5Y208YnI+Cjxicj4K44CQ5qKx5YyF44K144Kk44K644CRPGJyPjE5OGNtw5cxMDBjbcOXNDBjbTxicj4K44CQ5qKx5YyF6YeN6YeP44CRNjBrZwo8L3A+PC9kZD4KPGR0IHN0eWxlPSJiYWNrZ3JvdW5kOiNFRUU7Ym9yZGVyLWJvdHRvbToxcHggc29saWQgIzk5OTtib3JkZXItcmlnaHQ6MXB4IHNvbGlkICM5OTk7Zm9udC13ZWlnaHQ6Ym9sZDtjb2xvcjojNjY2O3BhZGRpbmc6M3B4IDVweDsiPuS7leanmDwvZHQ+CjxkZCBzdHlsZT0ibWFyZ2luLWJvdHRvbToxMHB4OyI+PHA+CuOAkOeUn+WcsOOAkeODneODquOCqOOCueODhuODqzMw77yF44CB44Ki44Kv44Oq44OrNDDvvIXjgIHntr8zMO+8hTxicj4K44CQ5Lit5p2Q44CR5aSp54S25pyo44CB44Km44Os44K/44Oz44OV44Kp44O844OgPGJyPgrlrozmiJDlk4EKPC9wPjwvZGQ+CjxkdCBzdHlsZT0iYmFja2dyb3VuZDojRUVFO2JvcmRlci1ib3R0b206MXB4IHNvbGlkICM5OTk7Ym9yZGVyLXJpZ2h0OjFweCBzb2xpZCAjOTk5O2ZvbnQtd2VpZ2h0OmJvbGQ7Y29sb3I6IzY2NjtwYWRkaW5nOjNweCA1cHg7Ij7jgqvjg6njg7w8L2R0Pgo8ZGQgc3R5bGU9Im1hcmdpbi1ib3R0b206MTBweDsiPjxwPgrjg5bjg6njgqbjg7MgLyDjgrDjg6rjg7zjg7M8YnI+CuKAu+WVhuWTgeeUu+WDj+OBr+OBlOS9v+eUqOOBruODh+OCo+OCueODl+ODrOOCpOOBq+OCiOOBo+OBpuiJsuWQiOOBhOOChOe0oOadkOaEn+OBjOWun+mam+OBruWVhuWTgeOBqOW+ruWmmeOBq+eVsOOBquOCi+WgtOWQiOOBjOOBlOOBluOBhOOBvuOBmeOAguS6iOOCgeOBlOS6huaJv+OBj+OBoOOBleOBhOOAggo8L3A+PC9kZD4KPGR0IHN0eWxlPSJiYWNrZ3JvdW5kOiNFRUU7Ym9yZGVyLWJvdHRvbToxcHggc29saWQgIzk5OTtib3JkZXItcmlnaHQ6MXB4IHNvbGlkICM5OTk7Zm9udC13ZWlnaHQ6Ym9sZDtjb2xvcjojNjY2O3BhZGRpbmc6M3B4IDVweDsiPueUn+eUo+WbvTwvZHQ+CjxkZCBzdHlsZT0ibWFyZ2luLWJvdHRvbToxMHB4OyI+PHA+CuaXpeacrAo8L3A+PC9kZD4KPC9kbD4KPGJyPjxicj48aW1nIHNyYz0iaHR0cHM6Ly9pbWFnZS5yYWt1dGVuLmNvLmpwL2h1b25lc3QvY2FiaW5ldC90YWtlOS9zb2ZhX2FubmFpLmpwZyIgYWx0PSIiICAgYm9yZGVyPSIwIiAgPjxicj48YnI+PGxpbmsgcmVsPSJzdHlsZXNoZWV0IiBocmVmPSJodHRwOi8vd3d3LnJha3V0ZW4ubmUuanAvZ29sZC9odW9uZXN0L2Nzcy9zdHlsZS5jc3MiIC8+Cgo8aW1nIHNyYz0iaHR0cDovL2ltYWdlLnJha3V0ZW4uY28uanAvaHVvbmVzdC9jYWJpbmV0LzAzOTUzMjMwL3NvZmFfOTgwXzQwMC5qcGciIGFsdD0i5Lq65rCX44Gu44GK44GX44KD44KM44K944OV44Kh44O744K944OV44Kh44O844OZ44OD44OJIOmAmuiyqSIgd2lkdGg9IjgwMCIgLz48YnI+CuS6uuawl+OBruWMl+asp+miqOOCveODleOCoeOChOOCveODleOCoeODvOODmeODg+ODieOBjOWLouOBnuOCjeOBhO+8geOBiuOBl+OCg+OCjOOCveODleOCoeODu+OCveODleOCoeODvOODmeODg+ODieeJuembhjxicj4KPGJyPgoKCgoKPGRpdiBjbGFzcz0ibGluZSI+CjxoMz5ORVcgQVJSSVZBTDxzcGFuPuaWsOedgOWVhuWTgTwvc3Bhbj48L2gzPgo8L2Rpdj4KCgoKPGJyIHN0eWxlPSJjbGVhcjpib3RoIiAvPg==,44K544OE44O844Or5LuY44K944OV44Kh44OZ44OD44OJIOW8leOBjeWHuuOBl+WPjue0jeS7mOOBjSjjg5bjg6njgqbjg7Mg44Kw44Oq44O844OzKSDog4zjgoLjgZ/jgozjg7vogpjmjpvjgZHjg6rjgq/jg6njgqTjg4vjg7PjgrDlj6/og70g44K944OV44Kh44O844OZ44OD44OJIOODnuODq+ODgeODquOCr+ODqeOCpOODi+ODs+OCsOOCveODleOCoSDjgqvjgqbjg4Hjgr3jg5XjgqEg5LqM5Lq65o6b44GRIOODquOCr+ODqeOCpOODi+ODs+OCsOOCveODleOCoSZtZGFzaDsg5biD5ZywIOOCveODleOCoeODmeODg+ODiSDjgr3jg5XjgqHjg7zjg5njg4Pjg4njgJDml6XmnKzoo73jgJHjgJDpgIHmlpnnhKHmlpnjgJHjgJDml6XmmYLmjIflrprkuI3lj6/llYblk4HjgJHvvJpIVU9ORVNU,44K544OE44O844Or5LuY44K944OV44Kh44OZ44OD44OJIOW8leOBjeWHuuOBl+WPjue0jeS7mOOBjSjjg5bjg6njgqbjg7Mg44Kw44Oq44O844OzKSDog4zjgoLjgZ/jgozjg7vogpjmjpvjgZHjg6rjgq/jg6njgqTjg4vjg7PjgrDlj6/og70g44K944OV44Kh44O844OZ44OD44OJIOODnuODq+ODgeODquOCr+ODqeOCpOODi+ODs+OCsOOCveODleOCoSDjgqvjgqbjg4Hjgr3jg5XjgqEg5LqM5Lq65o6b44GRIOODquOCr+ODqeOCpOODi+ODs+OCsOOCveODleOCoSZtZGFzaDsg5biD5ZywIOOCveODleOCoeODmeODg+ODiSDjgr3jg5XjgqHjg7zjg5njg4Pjg4njgJDml6XmnKzoo73jgJHjgJDpgIHmlpnnhKHmlpnjgJHjgJDml6XmmYLmjIflrprkuI3lj6/llYblk4HjgJE=,44Oq44Kv44Op44Kk44OL44Oz44Kw44K944OV44KhIOOCveODleOCoeODmeODg+ODiSDlj47ntI3ku5jjgY0g5LqM5Lq65o6b44GR44CC44K544OE44O844Or5LuY44K944OV44Kh44OZ44OD44OJIOW8leOBjeWHuuOBl+WPjue0jeS7mOOBjSjjg5bjg6njgqbjg7Mg44Kw44Oq44O844OzKSDog4zjgoLjgZ/jgozjg7vogpjmjpvjgZHjg6rjgq/jg6njgqTjg4vjg7PjgrDlj6/og70g44K944OV44Kh44O844OZ44OD44OJIOODnuODq+ODgeODquOCr+ODqeOCpOODi+ODs+OCsOOCveODleOCoSDjgqvjgqbjg4Hjgr3jg5XjgqEg5LqM5Lq65o6b44GRIOODquOCr+ODqeOCpOODi+ODs+OCsOOCveODleOCoSZtZGFzaDsg5biD5ZywIOOCveODleOCoeODmeODg+ODiSDjgr3jg5XjgqHjg7zjg5njg4Pjg4njgJDml6XmnKzoo73jgJHjgJDpgIHmlpnnhKHmlpnjgJHjgJDml6XmmYLmjIflrprkuI3lj6/llYblk4HjgJE=[rn]
37-51615,aHR0cDovL3RzaG9wLnIxMHMuanAvc2Vpa2F0c3V6YWNjYS9jYWJpbmV0L3N6XzI1LzI0MDU5LTA2XzEuanBnP2ZpdGluPTcwMDo3MDA=,MzU2NjQuMDAwMA==,,44Kk44Oz44OG44Oq44Ki44O75a+d5YW344O75Y+O57SNID4g44K944OV44Kh44O744K944OV44Kh44OZ44OD44OJID4gMuS6uuaOm+OBkeOCveODleOCoSA+IOW4g+WcsA==,44CQ6YCB5paZ54Sh5paZ44CRIOe1hOWQiOOBm+iHqueUseOCouODkOOCq+OCveODleOCoeODvO+8p++8l++8kOOAgO+8ou+8iOacrOS9k++8ie+8kuS6uuaOm+OBkeOAgO+8iHphY2Nh77yJ44CA44CQ55u06YCB44CR,,PGEgaHJlZj0iaHR0cDovL3NlYXJjaC5yYWt1dGVuLmNvLmpwL3NlYXJjaC9pbnNob3AtbWFsbC8lRTMlODIlQUElRTMlODMlQkMlRTMlODMlQUIlRTMlODIlQjclRTMlODMlQkMlRTMlODIlQkElRTMlODMlQjMrJUUzJTgzJTlFJUUzJTgyJUE0JUUzJTgyJUFGJUUzJTgzJUFEJUUzJTgzJTk1JUUzJTgyJUExJUUzJTgyJUE0JUUzJTgzJTkwJUUzJTgzJUJDLy0vZi4xLXAuMS1zLjEtc2YuMC1zaWQuMjM1NTAyLXN0LkEtdi4zIiB0YXJnZXQ9Il9ibGFuayI+PGltZyBzcmM9Imh0dHBzOi8vaW1hZ2UucmFrdXRlbi5jby5qcC9zZWlrYXRzdXphY2NhL2NhYmluZXQvdHAvbmFtZXJha2EwNTI5LmpwZyIgd2lkdGg9IjcwMCIgaGVpZ2h0PSIyNDgiIGJvcmRlcj0iMCI+PC9hPjxicj48YnI+PGEgaHJlZj0iaHR0cDovL2l0ZW0ucmFrdXRlbi5jby5qcC9zZWlrYXRzdXphY2NhL2MvMDAwMDAwMzIyNi8iIHRhcmdldD0iX2JsYW5rIj48aW1nIHNyYz0iaHR0cHM6Ly9pbWFnZS5yYWt1dGVuLmNvLmpwL3NlaWthdHN1emFjY2EvY2FiaW5ldC90cC9zYWxlLTA1MjAuanBnIiB3aWR0aD0iNzAwIiBoZWlnaHQ9IjIzMiIgYm9yZGVyPSIwIj48L2E+PGJyPjxicj48YSBocmVmPSJodHRwOi8vaXRlbS5yYWt1dGVuLmNvLmpwL3NlaWthdHN1emFjY2EvYy8wMDAwMDAyNDk1Lz9zPTUmaT0xIiB0YXJnZXQ9Il9ibGFuayI+PGltZyBzcmM9Imh0dHBzOi8vaW1hZ2UucmFrdXRlbi5jby5qcC9zZWlrYXRzdXphY2NhL2NhYmluZXQvdHAvYXV0cmV0MDUyM2EuanBnIiB3aWR0aD0iNzAwIiBoZWlnaHQ9IjEyMCIgYm9yZGVyPSIwIj48L2E+PGJyPjxicj48dGFibGUgd2lkdGg9NzEwIGJvcmRlcj0wIGNlbGxzcGFjaW5nPTAgY2VsbHBhZGRpbmc9MD48dHIgaGVpZ2h0PTgwPjx0ZCBiYWNrZ3JvdW5kPWh0dHA6Ly93d3cucmFrdXRlbi5uZS5qcC9nb2xkL3ctbWFydC9pbWFnZXMvcHJvZHVjdC96YV8yLmpwZz48Zm9udCBzaXplPTQgY29sb3I9I0ZGMzMzMz48c3Ryb25nPuiHqueUseOBq+e1hOOBv+WQiOOCj+OBm+OBpuOAgeiHquWIhuS7leanmOOBruOCveODleOCoeODvOOBq+OCouODrOODs+OCuOKZqjwvc3Ryb25nPjwvZm9udD48L3RkPjwvdHI+PC90YWJsZT48dGFibGUgd2lkdGg9NzEwIGJvcmRlcj0wIGNlbGxzcGFjaW5nPTAgY2VsbHBhZGRpbmc9MD48dHI+PHRkPjxkaXYgYWxpZ249Y2VudGVyPjxpbWcgc3JjPWh0dHA6Ly9pbWFnZS5yYWt1dGVuLmNvLmpwL3ctbWFydC9jYWJpbmV0L3Nob2hpbjAxLzE0MDE2emFra2EvMjQwNTlfOS5qcGcgdnNwYWNlPTU+PC9kaXY+PC90ZD48L3RyPjwvdGFibGU+PGJyPjx0YWJsZSB3aWR0aD03MTAgYm9yZGVyPTAgY2VsbHNwYWNpbmc9MSBjZWxscGFkZGluZz0xMCBiZ2NvbG9yPSNDQ0JCQkI+PHRyPjx0ZCBiZ2NvbG9yPSNGRkZGRkY+PGZvbnQgc2l6ZT0zIGNvbG9yPSNBNTQ0M0Q+PGI+57WE5ZCI44Gb6Ieq55Sx44Ki44OQ44Kr44K944OV44Kh44O877yn77yX77yQ44CA77yi77yI5pys5L2T77yJ77yS5Lq65o6b44GRPC9iPjwvZm9udD48YnI+PGJyPjxmb250IHNpemU9Mj48Zm9udCBjb2xvcj0jNjY2NjY2PuOCveODleOCoeODvOOBruOCteOCpOOCuuOBr++8lOOCv+OCpOODl+OAgeOCq+ODkOODvOOBr++8ke+8kOiJsuOBi+OCiemBuOOBueOCi+OAgee1hOOBv+WQiOOCj+OBm+ODleODquODvOOBruOCouODkOOCq+OCveODleOCoeODvOOAguOBiuawl+OBq+WFpeOCiuOBruOCteOCpOOCuuOBqOOCq+ODqeODvOOCkumBuOOBueOBsOOAgeiHquWIhuOBoOOBkeOBruOCveODleOCoeODvOOBjOWujOaIkO+8geODl+ODgeODquODoeOCpOOCr+awl+WIhuOBp+OCq+ODkOODvOOCkuedgOabv+OBiOOBpuOCgualveOBl+OBhOKZqjwhLS0gbGluayAtLT48YnI+PGJyPjxhIGhyZWY9aHR0cDovL3NlYXJjaC5yYWt1dGVuLmNvLmpwL3NlYXJjaC9pbnNob3AtbWFsbC8yNDA1OS8tL2YuMS1wLjEtcy4xLXNmLjAtc2lkLjIzNTUwMi1zdC5BLXYuMyB0YXJnZXQ9X2JsYW5rPuWQjOOBmOOCt+ODquODvOOCuuOBruWVhuWTgeOCkuimi+OCi+OAgO+8nu+8njwvYT48IS0tIC9saW5rIC0tPjwvZm9udD48L2ZvbnQ+PC90ZD48L3RyPjwvdGFibGU+PGJyPjxpbWcgc3JjPWh0dHA6Ly93d3cucmFrdXRlbi5uZS5qcC9nb2xkL3ctbWFydC9pbWFnZXMvcHJvZHVjdC96YV8zLmpwZyB3aWR0aD03MTAgaGVpZ2h0PTMyIHZzcGFjZT01IC8+PGJyPjx0YWJsZSB3aWR0aD03MjAgYm9yZGVyPTAgY2VsbHNwYWNpbmc9MCBjZWxscGFkZGluZz0wPjx0cj48dGQgd2lkdGg9NzIwPjxkaXYgYWxpZ249bGVmdD48aW1nIHNyYz1odHRwOi8vaW1hZ2UucmFrdXRlbi5jby5qcC93LW1hcnQvY2FiaW5ldC9zaG9oaW4wMS8xNDAxNnpha2thLzI0MDU5XzIuanBnIHZzcGFjZT01PjxpbWcgc3JjPWh0dHA6Ly93d3cucmFrdXRlbi5uZS5qcC9nb2xkL3ctbWFydC9pbWFnZXMvcHJvZHVjdC9zcGFjZXIuZ2lmIHdpZHRoPTUgaGVpZ2h0PTU+PGltZyBzcmM9aHR0cDovL2ltYWdlLnJha3V0ZW4uY28uanAvdy1tYXJ0L2NhYmluZXQvc2hvaGluMDEvMTQwMTZ6YWtrYS8yNDA1OV8zLmpwZyB2c3BhY2U9NT48aW1nIHNyYz1odHRwOi8vd3d3LnJha3V0ZW4ubmUuanAvZ29sZC93LW1hcnQvaW1hZ2VzL3Byb2R1Y3Qvc3BhY2VyLmdpZiB3aWR0aD01IGhlaWdodD01PjxpbWcgc3JjPWh0dHA6Ly9pbWFnZS5yYWt1dGVuLmNvLmpwL3ctbWFydC9jYWJpbmV0L3Nob2hpbjAxLzE0MDE2emFra2EvMjQwNTlfNC5qcGcgdnNwYWNlPTU+PGltZyBzcmM9aHR0cDovL3d3dy5yYWt1dGVuLm5lLmpwL2dvbGQvdy1tYXJ0L2ltYWdlcy9wcm9kdWN0L3NwYWNlci5naWYgd2lkdGg9NSBoZWlnaHQ9NT48aW1nIHNyYz1odHRwOi8vaW1hZ2UucmFrdXRlbi5jby5qcC93LW1hcnQvY2FiaW5ldC9zaG9oaW4wMS8xNDAxNnpha2thLzI0MDU5XzUuanBnIHZzcGFjZT01PjxpbWcgc3JjPWh0dHA6Ly93d3cucmFrdXRlbi5uZS5qcC9nb2xkL3ctbWFydC9pbWFnZXMvcHJvZHVjdC9zcGFjZXIuZ2lmIHdpZHRoPTUgaGVpZ2h0PTU+PGltZyBzcmM9aHR0cDovL2ltYWdlLnJha3V0ZW4uY28uanAvdy1tYXJ0L2NhYmluZXQvc2hvaGluMDEvMTQwMTZ6YWtrYS8yNDA1OV82LmpwZyB2c3BhY2U9NT48aW1nIHNyYz1odHRwOi8vd3d3LnJha3V0ZW4ubmUuanAvZ29sZC93LW1hcnQvaW1hZ2VzL3Byb2R1Y3Qvc3BhY2VyLmdpZiB3aWR0aD01IGhlaWdodD01PjxpbWcgc3JjPWh0dHA6Ly9pbWFnZS5yYWt1dGVuLmNvLmpwL3ctbWFydC9jYWJpbmV0L3Nob2hpbjAxLzE0MDE2emFra2EvMjQwNTlfNy5qcGcgdnNwYWNlPTU+PGltZyBzcmM9aHR0cDovL3d3dy5yYWt1dGVuLm5lLmpwL2dvbGQvdy1tYXJ0L2ltYWdlcy9wcm9kdWN0L3NwYWNlci5naWYgd2lkdGg9NSBoZWlnaHQ9NT48L2Rpdj48L3RkPjwvdHI+PC90YWJsZT48YnI+PGltZyBzcmM9aHR0cDovL3d3dy5yYWt1dGVuLm5lLmpwL2dvbGQvdy1tYXJ0L2ltYWdlcy9wcm9kdWN0L3phXzQuanBnIHdpZHRoPTcxMCBoZWlnaHQ9MzIgdnNwYWNlPTUgLz48YnI+PHRhYmxlIHdpZHRoPTcxMCBib3JkZXI9MCBjZWxsc3BhY2luZz0wIGNlbGxwYWRkaW5nPTA+PHRyPjx0ZD48ZGl2IGFsaWduPWxlZnQ+PGltZyBzcmM9aHR0cDovL2ltYWdlLnJha3V0ZW4uY28uanAvdy1tYXJ0L2NhYmluZXQvc2hvaGluMDEvMTQwMTZ6YWtrYS8yNDA1OV8xLmpwZyB2c3BhY2U9NT48L2Rpdj48L3RkPjwvdHI+PC90YWJsZT48IS0tc2VyaWVzIGxpbmstLT48dGFibGUgd2lkdGg9IjcwMCIgYm9yZGVyPSIwIiBjZWxsc3BhY2luZz0iMCIgY2VsbHBhZGRpbmc9IjAiPjx0cj48dGQgYWxpZ249ImxlZnQiIHZhbGlnbj0idG9wIj48aW1nIHNyYz0iaHR0cDovL3d3dy5yYWt1dGVuLm5lLmpwL2dvbGQvbXV0b3cvcmFrdXRlbl9iL3N6bGlua25hdmkuanBnIiB2c3BhY2U9IjUiIC8+PC90ZD48L3RyPjwvdGFibGU+PHRhYmxlIHdpZHRoPSI3MDAiIGJvcmRlcj0iMCIgY2VsbHNwYWNpbmc9IjEiIGNlbGxwYWRkaW5nPSIwIiBiZ2NvbG9yPSIjRTJEREQxIj48dHI+PHRkIGFsaWduPSJjZW50ZXIiIGJnY29sb3I9IiNGRkZGRkYiPjx0YWJsZSB3aWR0aD0iNjkwIiBib3JkZXI9IjAiIGNlbGxzcGFjaW5nPSIzIiBjZWxscGFkZGluZz0iNSIgYmdjb2xvcj0iI0ZGRkZGRiI+PHRyPjx0ZCBjb2xzcGFuPSIxMiIgYWxpZ249ImNlbnRlciIgYmdjb2xvcj0iI0RERDdDOCIgc3R5bGU9ImxpbmUtaGVpZ2h0OjEyMCU7Zm9udC1zaXplOjEycHgiPjxiPu+8oe+8iOOCq+ODkOODvO+8iTwvYj48L3RkPjwvdHI+PHRyIGFsaWduPSJjZW50ZXIiIGJvcmRlcmNvbG9yPSIjRkZGRkZGIiBiZ2NvbG9yPSIjRjVGNUY1Ij48dGQgY29sc3Bhbj0iMyIgd2lkdGg9IjI1JSIgYWxpZ249ImNlbnRlciIgYmdjb2xvcj0iI0Y1RjNFRiIgc3R5bGU9ImxpbmUtaGVpZ2h0OjEyMCU7Zm9udC1zaXplOjEycHgiPjxhIGhyZWY9Imh0dHA6Ly9pdGVtLnJha3V0ZW4uY28uanAvc2Vpa2F0c3V6YWNjYS8yNDA1OS0wMS8iPu+8keS6uuaOm+OBkeeUqDwvYT48L3RkPjx0ZCBjb2xzcGFuPSIzIiB3aWR0aD0iMjUlIiBhbGlnbj0iY2VudGVyIiBiZ2NvbG9yPSIjRjVGM0VGIiBzdHlsZT0ibGluZS1oZWlnaHQ6MTIwJTtmb250LXNpemU6MTJweCI+PGEgaHJlZj0iaHR0cDovL2l0ZW0ucmFrdXRlbi5jby5qcC9zZWlrYXRzdXphY2NhLzI0MDU5LTAyLyI+77yS5Lq65o6b44GR55SoPC9hPjwvdGQ+PHRkIGNvbHNwYW49IjMiIHdpZHRoPSIyNSUiIGFsaWduPSJjZW50ZXIiIGJnY29sb3I9IiNGNUYzRUYiIHN0eWxlPSJsaW5lLWhlaWdodDoxMjAlO2ZvbnQtc2l6ZToxMnB4Ij48YSBocmVmPSJodHRwOi8vaXRlbS5yYWt1dGVuLmNvLmpwL3NlaWthdHN1emFjY2EvMjQwNTktMDMvIj7vvJPkurrmjpvjgZHnlKg8L2E+PC90ZD48dGQgY29sc3Bhbj0iMyIgd2lkdGg9IjI1JSIgYWxpZ249ImNlbnRlciIgYmdjb2xvcj0iI0Y1RjNFRiIgc3R5bGU9ImxpbmUtaGVpZ2h0OjEyMCU7Zm9udC1zaXplOjEycHgiPjxhIGhyZWY9Imh0dHA6Ly9pdGVtLnJha3V0ZW4uY28uanAvc2Vpa2F0c3V6YWNjYS8yNDA1OS0wNC8iPuOCquODg+ODiOODnuODs+eUqDwvYT48L3RkPjwvdHI+PHRyPjx0ZCBjb2xzcGFuPSIxMiIgYWxpZ249ImNlbnRlciIgYmdjb2xvcj0iI0RERDdDOCIgc3R5bGU9ImxpbmUtaGVpZ2h0OjEyMCU7Zm9udC1zaXplOjEycHgiPjxiPu+8ou+8iOacrOS9k++8iTwvYj48L3RkPjwvdHI+PHRyIGFsaWduPSJjZW50ZXIiIGJvcmRlcmNvbG9yPSIjRkZGRkZGIiBiZ2NvbG9yPSIjRjVGNUY1Ij48dGQgY29sc3Bhbj0iMyIgd2lkdGg9IjI1JSIgYWxpZ249ImNlbnRlciIgYmdjb2xvcj0iI0Y1RjNFRiIgc3R5bGU9ImxpbmUtaGVpZ2h0OjEyMCU7Zm9udC1zaXplOjEycHgiPjxhIGhyZWY9Imh0dHA6Ly9pdGVtLnJha3V0ZW4uY28uanAvc2Vpa2F0c3V6YWNjYS8yNDA1OS0wNS8iPu+8keS6uuaOm+OBkTwvYT48L3RkPjx0ZCBjb2xzcGFuPSIzIiB3aWR0aD0iMjUlIiBhbGlnbj0iY2VudGVyIiBiZ2NvbG9yPSIjRjVGM0VGIiBzdHlsZT0ibGluZS1oZWlnaHQ6MTIwJTtmb250LXNpemU6MTJweCI+PGEgaHJlZj0iaHR0cDovL2l0ZW0ucmFrdXRlbi5jby5qcC9zZWlrYXRzdXphY2NhLzI0MDU5LTA2LyI+77yS5Lq65o6b44GRPC9hPjwvdGQ+PHRkIGNvbHNwYW49IjMiIHdpZHRoPSIyNSUiIGFsaWduPSJjZW50ZXIiIGJnY29sb3I9IiNGNUYzRUYiIHN0eWxlPSJsaW5lLWhlaWdodDoxMjAlO2ZvbnQtc2l6ZToxMnB4Ij48YSBocmVmPSJodHRwOi8vaXRlbS5yYWt1dGVuLmNvLmpwL3NlaWthdHN1emFjY2EvMjQwNTktMDcvIj7vvJPkurrmjpvjgZE8L2E+PC90ZD48dGQgY29sc3Bhbj0iMyIgd2lkdGg9IjI1JSIgYWxpZ249ImNlbnRlciIgYmdjb2xvcj0iI0Y1RjNFRiIgc3R5bGU9ImxpbmUtaGVpZ2h0OjEyMCU7Zm9udC1zaXplOjEycHgiPjxhIGhyZWY9Imh0dHA6Ly9pdGVtLnJha3V0ZW4uY28uanAvc2Vpa2F0c3V6YWNjYS8yNDA1OS0wOC8iPuOCquODg+ODiOODnuODszwvYT48L3RkPjwvdHI+PC90YWJsZT48L3RkPjwvdHI+PC90YWJsZT48IS0tL3NlcmllcyBsaW5rLS0+PGJyPjxicj48aW1nIHNyYz0+PCEtLSBjYXB0aW9uIC0tPjxmb250IGNvbG9yPSNGRjMzNjY+6Ieq55Sx44Gr57WE44G/5ZCI44KP44Gb44Gm44CB6Ieq5YiG5LuV5qeY44Gu44K944OV44Kh44O844Gr44Ki44Os44Oz44K44pmqPC9mb250Pjxicj7jgr3jg5XjgqHjg7zjga7jgrXjgqTjgrrjga/vvJTjgr/jgqTjg5fjgIHjgqvjg5Djg7zjga/vvJHvvJDoibLjgYvjgonpgbjjgbnjgovjgIHntYTjgb/lkIjjgo/jgZvjg5Xjg6rjg7zjga7jgqLjg5Djgqvjgr3jg5XjgqHjg7zjgILjgYrmsJfjgavlhaXjgorjga7jgrXjgqTjgrrjgajjgqvjg6njg7zjgpLpgbjjgbnjgbDjgIHoh6rliIbjgaDjgZHjga7jgr3jg5XjgqHjg7zjgYzlrozmiJDvvIHjg5fjg4Hjg6rjg6HjgqTjgq/msJfliIbjgafjgqvjg5Djg7zjgpLnnYDmm7/jgYjjgabjgoLmpb3jgZfjgYTimao8YnI+KOaknOe0oueUqCnjgqvjg6njg7zlsZXplovvvJrjg5njg7zjgrjjg6Xjg7vjg5bjg6njgqbjg7Pjg7vjgrDjg6rjg7zjg7Pjg7vjg5Hjg7zjg5fjg6vjg7vjg6njgqTjg4jjg5bjg6vjg7zjg7vjg5vjg6/jgqTjg4jjg7vjg5bjg6njg4Pjgq/jg7vjg6zjg4Pjg4njg7vjg4/jg6/jgqTjgqLjg7PvvLfvvKjjg7vjg4/jg6/jgqTjgqLjg7PvvKLvvKvjgIAwNXo0Mjc8IS0tIHNpemUgLS0+PGJyPjxicj7ilqDllYblk4HjgrXjgqTjgrrvvI88YnI+44CU77yR5Lq65o6b44GR772e77yT5Lq65o6b44GR5pys5L2T44CV5bmFKO+8keS6uuaOm+OBkSnvvJbvvJgo77yS5Lq65o6b44GRKe+8ke+8ku+8kCjvvJPkurrmjpvjgZEp77yR77yX77yQ772l5aWl6KGM77yX77yV772l6auY44GV77yX77yQ772l5bqn6Z2i6auY77yT77yY772D772NPGJyPuOAlOOCquODg+ODiOODnuODs+acrOS9k+OAleW5he+8le+8ke+9peWlpeihjO+8le+8ke+9pemrmOOBle+8k++8mO+9g++9jTxicj7jgJTjgqrjg4Pjg4jjg57jg7PmnKzkvZPjgJXluYXvvJXvvJHvvaXlpaXooYzvvJXvvJHvvaXpq5jjgZXvvJPvvJjvvYPvvY08IS0tIHNwZWMgLS0+PGJyPjxicj7ilqDlk4Hos6rvvI/jgJTmnKzkvZPjgJXjgqLjg5DjgqvvvaXlpKnnhLbmnKgo44Km44Os44K/44Oz5qi56ISC5aGX6KOFKeOAlOihqOWcsOOAlSjvvKHjg5bjg6njgqbjg7Pjg7vvvKHjg5njg7zjgrjjg6Up44Od44Oq44OX44Ot44OU44Os44Oz77yW77yU77yF772l44Od44Oq44Ko44K544OG44Or77yT77yW77yFPGJyPijvvKHjg4/jg6/jgqTjgqLjg7Pjg5vjg6/jgqTjg4jjg7vvvKHjg4/jg6/jgqTjgqLjg7Pjg5bjg6njgqbjg7Mp44Od44Oq44Ko44K544OG44Or77yY77yS77yF772l57a/77yR77yS77yF772l44Os44O844Oo44Oz77yW77yFPGJyPijvvKHku5Yp44Od44Oq44Ko44K544OG44Or77yR77yQ77yQ77yF44CU5Lit5p2Q44CV44Km44Os44K/44Oz44OV44Kp44O844OgPGJyPuKAu+OAlO+8oeOAleOCq+ODkOODvOOBr+WPluOCiuWkluOBl+OBpuODieODqeOCpOOCr+ODquODvOODi+ODs+OCsOWPr+iDvTxicj7il4/jgqTjg7Pjg4njg43jgrfjgqLoo708YnI+4oC76ISa6YOo44Gu44G/5Y+W5LuYKO+8oik8QlI+4oC744Oh44O844Kr44O844GK5bGK44GR5ZOBPCEtLSDlpKflnovllYblk4HmkKzpgIHjgavjgaTjgYTjgaYgLS0+PGJyPjxicj4tLS0tLS0tLS0tLS0tLS0tLS0tLS0tLS0tLS0tLS0tLS0tLS0tLTxicj48Zm9udCBjb2xvcj0jMDAwMENEPuKWoOWkp+Wei+WVhuWTgeOCkuOBlOazqOaWh+OBrumam+OBruazqOaEj+S6i+mghTwvZm9udD48YnI+4oC75ZWG5ZOB44Gu44K144Kk44K644KE6YeN44GV562J44KS55uu5a6J44Gr546E6Zai5Y+j77yI44Ko44Os44OZ44O844K/77yJ44Gn5pCs5YWl44GM5Y+v6IO944GL5LqL5YmN44Gr56K66KqN44KS44GK6aGY44GE44GX44G+44GZ44CCPGJyPuKAu+mHjeapn+OChOOCr+ODrOODvOODs+OCkuS9v+OBo+OBpuOBruaQrOWFpeOBr+aJv+OBo+OBpuOBiuOCiuOBvuOBm+OCk+OAgjxicj7igLvmkKzlhaXjgYzjgafjgY3jgZrjgavov5Tlk4HjgajjgarjgovloLTlkIjjga/jgIHlvoDlvqnpgYvos4PjgpLoq4vmsYLjgZnjgovloLTlkIjjgYzjgZTjgZbjgYTjgb7jgZnjgILkuojjgoHjgZTkuobmib/jgY/jgaDjgZXjgYTjgII8YnI+PC9mb250Pi0tLS0tLS0tLS0tLS0tLS0tLS0tLS0tLS0tLS0tLS0tLS0tLS0tPCEtLSAv5aSn5Z6L5ZWG5ZOB5pCs6YCB44Gr44Gk44GE44GmIC0tPjxicj7jgrnjgq/jg63jg7zjg6sg55Sf5rS76ZuR6LKo5qW95aSp5biC5aC05bqXIOODoOODiOOCpjxpbWcgc3JjPSJodHRwczovL2ltYWdlLnJha3V0ZW4uY28uanAvc2Vpa2F0c3V6YWNjYS9jYWJpbmV0L3RwL25hdHVwYzA1MzAuanBnIiB3aWR0aD0iNzAwIiBoZWlnaHQ9IjI0OCIgYm9yZGVyPSIwIj48YnI+Cgo8IS0t5aSP54mp5Yem5YiG44K744O844OrCjx0YWJsZSB3aWR0aD0iNzAwIiBib3JkZXI9IjAiIGNlbGxzcGFjaW5nPSIwIiBjZWxscGFkZGluZz0iMCI+Cjx0cj4KPHRkIGFsaWduPSJjZW50ZXIiPjxpbWcgc3JjPSJodHRwOi8vaW1hZ2UucmFrdXRlbi5jby5qcC9zZWlrYXRzdXphY2NhL2NhYmluZXQvYm4vc2NzMTMwODE1LWJucjcwMC5qcGciIGFsdD0i5pyA5aSnODDvvIVPRkbimIXjgqTjg7Pjg4bjg6rjgqLjgIHlj47ntI3jgIHlrrblhbfjgIHpm5HosqjjgYzlh6bliIbkvqHmoLwhISIgYm9yZGVyPSIwIiAvPjxicj4KPGZvbnQgc2l6ZT0iMiI+PGltZyBzcmM9Imh0dHA6Ly9pbWFnZS5yYWt1dGVuLmNvLmpwL211dG93L2NhYmluZXQvYm5yL3RfbmV3Mi5naWYiIGhzcGFjZT0iMiIgYm9yZGVyPSIwIj7mnIDlpKc4MO+8hU9GRuKYheOCpOODs+ODhuODquOCouOAgeWPjue0jeOAgeWutuWFt+OAgembkeiyqOOBjOWHpuWIhuS+oeagvCEhPC9mb250PjwvdGQ+CjwvdHI+CjwvdGFibGU+Ci0tPg==,44CQ6YCB5paZ54Sh5paZ44CRIOe1hOWQiOOBm+iHqueUseOCouODkOOCq+OCveODleOCoeODvO+8p++8l++8kOOAgO+8ou+8iOacrOS9k++8ie+8kuS6uuaOm+OBkeOAgO+8iHphY2Nh77yJ44CA44CQ55u06YCB44CR77ya55Sf5rS76ZuR6LKo5qW95aSp5biC5aC05bqX,44CQ6YCB5paZ54Sh5paZ44CRIOe1hOWQiOOBm+iHqueUseOCouODkOOCq+OCveODleOCoeODvO+8p++8l++8kOOAgO+8ou+8iOacrOS9k++8ie+8kuS6uuaOm+OBkeOAgO+8iHphY2Nh77yJ44CA44CQ55u06YCB44CR,44CQ6YCB5paZ54Sh5paZ44CRIOe1hOWQiOOBm+iHqueUseOCouODkOOCq+OCveODleOCoeODvO+8p++8l++8kOOAgO+8ou+8iOacrOS9k++8ie+8kuS6uuaOm+OBkeOAgO+8iHphY2Nh77yJ44CA44CQ55u06YCB44CR[rn]
37-51616,aHR0cDovL3RzaG9wLnIxMHMuanAvc2Vpa2F0c3V6YWNjYS9jYWJpbmV0L3N6XzI3LzI3MTg4LTA2XzEuanBnP2ZpdGluPTcwMDo3MDA=,MzU2NjQuMDAwMA==,,44Kk44Oz44OG44Oq44Ki44O75a+d5YW344O75Y+O57SNID4g44K944OV44Kh44O744K944OV44Kh44OZ44OD44OJID4gMuS6uuaOm+OBkeOCveODleOCoSA+IOW4g+WcsA==,44CQ6YCB5paZ54Sh5paZ44CRIOe1hOWQiOOBm+iHqueUseOCouODkOOCq+OCveODleOCoeODvO+8p++8l++8keOAgO+8ou+8iOacrOS9k++8ie+8kuS6uuaOm+OBkeOAgO+8iHphY2Nh77yJ44CA44CQ55u06YCB44CR,,PGEgaHJlZj0iaHR0cDovL3NlYXJjaC5yYWt1dGVuLmNvLmpwL3NlYXJjaC9pbnNob3AtbWFsbC8lRTMlODIlQUElRTMlODMlQkMlRTMlODMlQUIlRTMlODIlQjclRTMlODMlQkMlRTMlODIlQkElRTMlODMlQjMrJUUzJTgzJTlFJUUzJTgyJUE0JUUzJTgyJUFGJUUzJTgzJUFEJUUzJTgzJTk1JUUzJTgyJUExJUUzJTgyJUE0JUUzJTgzJTkwJUUzJTgzJUJDLy0vZi4xLXAuMS1zLjEtc2YuMC1zaWQuMjM1NTAyLXN0LkEtdi4zIiB0YXJnZXQ9Il9ibGFuayI+PGltZyBzcmM9Imh0dHBzOi8vaW1hZ2UucmFrdXRlbi5jby5qcC9zZWlrYXRzdXphY2NhL2NhYmluZXQvdHAvbmFtZXJha2EwNTI5LmpwZyIgd2lkdGg9IjcwMCIgaGVpZ2h0PSIyNDgiIGJvcmRlcj0iMCI+PC9hPjxicj48YnI+PGEgaHJlZj0iaHR0cDovL2l0ZW0ucmFrdXRlbi5jby5qcC9zZWlrYXRzdXphY2NhL2MvMDAwMDAwMzIyNi8iIHRhcmdldD0iX2JsYW5rIj48aW1nIHNyYz0iaHR0cHM6Ly9pbWFnZS5yYWt1dGVuLmNvLmpwL3NlaWthdHN1emFjY2EvY2FiaW5ldC90cC9zYWxlLTA1MjAuanBnIiB3aWR0aD0iNzAwIiBoZWlnaHQ9IjIzMiIgYm9yZGVyPSIwIj48L2E+PGJyPjxicj48YSBocmVmPSJodHRwOi8vaXRlbS5yYWt1dGVuLmNvLmpwL3NlaWthdHN1emFjY2EvYy8wMDAwMDAyNDk1Lz9zPTUmaT0xIiB0YXJnZXQ9Il9ibGFuayI+PGltZyBzcmM9Imh0dHBzOi8vaW1hZ2UucmFrdXRlbi5jby5qcC9zZWlrYXRzdXphY2NhL2NhYmluZXQvdHAvYXV0cmV0MDUyM2EuanBnIiB3aWR0aD0iNzAwIiBoZWlnaHQ9IjEyMCIgYm9yZGVyPSIwIj48L2E+PGJyPjxicj48dGFibGUgd2lkdGg9NzEwIGJvcmRlcj0wIGNlbGxzcGFjaW5nPTAgY2VsbHBhZGRpbmc9MD48dHIgaGVpZ2h0PTgwPjx0ZCBiYWNrZ3JvdW5kPWh0dHA6Ly93d3cucmFrdXRlbi5uZS5qcC9nb2xkL3ctbWFydC9pbWFnZXMvcHJvZHVjdC96YV8yLmpwZz48Zm9udCBzaXplPTQgY29sb3I9I0ZGMzMzMz48c3Ryb25nPu+8ke+8kOiJsuOBruOCq+ODkOODvMOX77yU44K144Kk44K644Gu5pys5L2T4pmq57WE44G/5ZCI44KP44Gb6Ieq55Sx44Gu44Ki44OQ44Kr44K944OV44Kh44O84piGPC9zdHJvbmc+PC9mb250PjwvdGQ+PC90cj48L3RhYmxlPjx0YWJsZSB3aWR0aD03MTAgYm9yZGVyPTAgY2VsbHNwYWNpbmc9MCBjZWxscGFkZGluZz0wPjx0cj48dGQ+PGRpdiBhbGlnbj1jZW50ZXI+PGltZyBzcmM9aHR0cDovL2ltYWdlLnJha3V0ZW4uY28uanAvdy1tYXJ0L2NhYmluZXQvc2hvaGluMDEvMTQwMTZ6YWtrYS8yNzE4OF85LmpwZyB2c3BhY2U9NT48L2Rpdj48L3RkPjwvdHI+PC90YWJsZT48YnI+PHRhYmxlIHdpZHRoPTcxMCBib3JkZXI9MCBjZWxsc3BhY2luZz0xIGNlbGxwYWRkaW5nPTEwIGJnY29sb3I9I0NDQkJCQj48dHI+PHRkIGJnY29sb3I9I0ZGRkZGRj48Zm9udCBzaXplPTMgY29sb3I9I0E1NDQzRD48Yj7ntYTlkIjjgZvoh6rnlLHjgqLjg5Djgqvjgr3jg5XjgqHjg7zvvKfvvJfvvJHjgIDvvKLvvIjmnKzkvZPvvInvvJLkurrmjpvjgZE8L2I+PC9mb250Pjxicj48YnI+PGZvbnQgc2l6ZT0yPjxmb250IGNvbG9yPSM2NjY2NjY+6Ieq5YiG44Gu44GK5rCX44Gr5YWl44KK44Gu44K144Kk44K6772l44Kr44Op44O844Gu57WE44G/5ZCI44KP44Gb44KS5o6i44Gb44KL44Gu44Gn44CB6ZaT5Y+W44KK44Gr5ZCI44KP44Gb44Gm44OV44Os44Kt44K344OW44Or77yB5Lq644Go44GL44G244KK44Gf44GP44Gq44GE44CB5YCL5oCn55qE44Gq44Kk44Oz44OG44Oq44Ki44KS5o6i44GX44Gm44GE44KL5Lq644Gr44KC44Kq44K544K544Oh44Gn44GZ44CC44Kr44OQ44O844Gg44GR44Gn44KC6LO85YWl5Y+v6IO944Gq44Gu44Gn44CB5rSX44GE5pu/44GI44Gv44KC44Gh44KN44KT44CB44K944OV44Kh44O85pys5L2T44KS6LK35pu/44GI44Gq44GP44Gm44KC44Op44Kv44Op44Kv5qih5qeY5pu/44GI44GM44Gn44GN44Gh44KD44GE44G+44GZ44CC5pil5aSP55So44CB56eL5Yas55So44Gq44Gp44CB5a2j56+A44Gn44Kr44OQ44O844KS5pu/44GI44KL44Gu44KC44GK44GZ44GZ44KB44Gn44GZ4pmqPCEtLSBsaW5rIC0tPjxicj48YnI+PGEgaHJlZj1odHRwOi8vc2VhcmNoLnJha3V0ZW4uY28uanAvc2VhcmNoL2luc2hvcC1tYWxsLzI3MTg4Ly0vZi4xLXAuMS1zLjEtc2YuMC1zaWQuMjM1NTAyLXN0LkEtdi4zIHRhcmdldD1fYmxhbms+5ZCM44GY44K344Oq44O844K644Gu5ZWG5ZOB44KS6KaL44KL44CA77ye77yePC9hPjwhLS0gL2xpbmsgLS0+PC9mb250PjwvZm9udD48L3RkPjwvdHI+PC90YWJsZT48YnI+PGltZyBzcmM9aHR0cDovL3d3dy5yYWt1dGVuLm5lLmpwL2dvbGQvdy1tYXJ0L2ltYWdlcy9wcm9kdWN0L3phXzMuanBnIHdpZHRoPTcxMCBoZWlnaHQ9MzIgdnNwYWNlPTUgLz48YnI+PHRhYmxlIHdpZHRoPTcyMCBib3JkZXI9MCBjZWxsc3BhY2luZz0wIGNlbGxwYWRkaW5nPTA+PHRyPjx0ZCB3aWR0aD03MjA+PGRpdiBhbGlnbj1sZWZ0PjxpbWcgc3JjPWh0dHA6Ly9pbWFnZS5yYWt1dGVuLmNvLmpwL3ctbWFydC9jYWJpbmV0L3Nob2hpbjAxLzE0MDE2emFra2EvMjcxODhfMi5qcGcgdnNwYWNlPTU+PGltZyBzcmM9aHR0cDovL3d3dy5yYWt1dGVuLm5lLmpwL2dvbGQvdy1tYXJ0L2ltYWdlcy9wcm9kdWN0L3NwYWNlci5naWYgd2lkdGg9NSBoZWlnaHQ9NT48aW1nIHNyYz1odHRwOi8vaW1hZ2UucmFrdXRlbi5jby5qcC93LW1hcnQvY2FiaW5ldC9zaG9oaW4wMS8xNDAxNnpha2thLzI3MTg4XzMuanBnIHZzcGFjZT01PjxpbWcgc3JjPWh0dHA6Ly93d3cucmFrdXRlbi5uZS5qcC9nb2xkL3ctbWFydC9pbWFnZXMvcHJvZHVjdC9zcGFjZXIuZ2lmIHdpZHRoPTUgaGVpZ2h0PTU+PGltZyBzcmM9aHR0cDovL2ltYWdlLnJha3V0ZW4uY28uanAvdy1tYXJ0L2NhYmluZXQvc2hvaGluMDEvMTQwMTZ6YWtrYS8yNzE4OF80LmpwZyB2c3BhY2U9NT48aW1nIHNyYz1odHRwOi8vd3d3LnJha3V0ZW4ubmUuanAvZ29sZC93LW1hcnQvaW1hZ2VzL3Byb2R1Y3Qvc3BhY2VyLmdpZiB3aWR0aD01IGhlaWdodD01PjxpbWcgc3JjPWh0dHA6Ly9pbWFnZS5yYWt1dGVuLmNvLmpwL3ctbWFydC9jYWJpbmV0L3Nob2hpbjAxLzE0MDE2emFra2EvMjcxODhfNS5qcGcgdnNwYWNlPTU+PGltZyBzcmM9aHR0cDovL3d3dy5yYWt1dGVuLm5lLmpwL2dvbGQvdy1tYXJ0L2ltYWdlcy9wcm9kdWN0L3NwYWNlci5naWYgd2lkdGg9NSBoZWlnaHQ9NT48aW1nIHNyYz1odHRwOi8vaW1hZ2UucmFrdXRlbi5jby5qcC93LW1hcnQvY2FiaW5ldC9zaG9oaW4wMS8xNDAxNnpha2thLzI3MTg4XzYuanBnIHZzcGFjZT01PjxpbWcgc3JjPWh0dHA6Ly93d3cucmFrdXRlbi5uZS5qcC9nb2xkL3ctbWFydC9pbWFnZXMvcHJvZHVjdC9zcGFjZXIuZ2lmIHdpZHRoPTUgaGVpZ2h0PTU+PGltZyBzcmM9aHR0cDovL2ltYWdlLnJha3V0ZW4uY28uanAvdy1tYXJ0L2NhYmluZXQvc2hvaGluMDEvMTQwMTZ6YWtrYS8yNzE4OF83LmpwZyB2c3BhY2U9NT48aW1nIHNyYz1odHRwOi8vd3d3LnJha3V0ZW4ubmUuanAvZ29sZC93LW1hcnQvaW1hZ2VzL3Byb2R1Y3Qvc3BhY2VyLmdpZiB3aWR0aD01IGhlaWdodD01PjwvZGl2PjwvdGQ+PC90cj48L3RhYmxlPjxicj48aW1nIHNyYz1odHRwOi8vd3d3LnJha3V0ZW4ubmUuanAvZ29sZC93LW1hcnQvaW1hZ2VzL3Byb2R1Y3QvemFfNC5qcGcgd2lkdGg9NzEwIGhlaWdodD0zMiB2c3BhY2U9NSAvPjxicj48dGFibGUgd2lkdGg9NzEwIGJvcmRlcj0wIGNlbGxzcGFjaW5nPTAgY2VsbHBhZGRpbmc9MD48dHI+PHRkPjxkaXYgYWxpZ249bGVmdD48aW1nIHNyYz1odHRwOi8vaW1hZ2UucmFrdXRlbi5jby5qcC93LW1hcnQvY2FiaW5ldC9zaG9oaW4wMS8xNDAxNnpha2thLzI3MTg4XzEuanBnIHZzcGFjZT01PjwvZGl2PjwvdGQ+PC90cj48L3RhYmxlPjwhLS1zZXJpZXMgbGluay0tPjx0YWJsZSB3aWR0aD0iNzAwIiBib3JkZXI9IjAiIGNlbGxzcGFjaW5nPSIwIiBjZWxscGFkZGluZz0iMCI+PHRyPjx0ZCBhbGlnbj0ibGVmdCIgdmFsaWduPSJ0b3AiPjxpbWcgc3JjPSJodHRwOi8vd3d3LnJha3V0ZW4ubmUuanAvZ29sZC9tdXRvdy9yYWt1dGVuX2Ivc3psaW5rbmF2aS5qcGciIHZzcGFjZT0iNSIgLz48L3RkPjwvdHI+PC90YWJsZT48dGFibGUgd2lkdGg9IjcwMCIgYm9yZGVyPSIwIiBjZWxsc3BhY2luZz0iMSIgY2VsbHBhZGRpbmc9IjAiIGJnY29sb3I9IiNFMkRERDEiPjx0cj48dGQgYWxpZ249ImNlbnRlciIgYmdjb2xvcj0iI0ZGRkZGRiI+PHRhYmxlIHdpZHRoPSI2OTAiIGJvcmRlcj0iMCIgY2VsbHNwYWNpbmc9IjMiIGNlbGxwYWRkaW5nPSI1IiBiZ2NvbG9yPSIjRkZGRkZGIj48dHI+PHRkIGNvbHNwYW49IjEyIiBhbGlnbj0iY2VudGVyIiBiZ2NvbG9yPSIjREREN0M4IiBzdHlsZT0ibGluZS1oZWlnaHQ6MTIwJTtmb250LXNpemU6MTJweCI+PGI+77yh77yI44Kr44OQ44O877yJPC9iPjwvdGQ+PC90cj48dHIgYWxpZ249ImNlbnRlciIgYm9yZGVyY29sb3I9IiNGRkZGRkYiIGJnY29sb3I9IiNGNUY1RjUiPjx0ZCBjb2xzcGFuPSIzIiB3aWR0aD0iMjUlIiBhbGlnbj0iY2VudGVyIiBiZ2NvbG9yPSIjRjVGM0VGIiBzdHlsZT0ibGluZS1oZWlnaHQ6MTIwJTtmb250LXNpemU6MTJweCI+PGEgaHJlZj0iaHR0cDovL2l0ZW0ucmFrdXRlbi5jby5qcC9zZWlrYXRzdXphY2NhLzI3MTg4LTAxLyI+77yR5Lq65o6b44GR55SoPC9hPjwvdGQ+PHRkIGNvbHNwYW49IjMiIHdpZHRoPSIyNSUiIGFsaWduPSJjZW50ZXIiIGJnY29sb3I9IiNGNUYzRUYiIHN0eWxlPSJsaW5lLWhlaWdodDoxMjAlO2ZvbnQtc2l6ZToxMnB4Ij48YSBocmVmPSJodHRwOi8vaXRlbS5yYWt1dGVuLmNvLmpwL3NlaWthdHN1emFjY2EvMjcxODgtMDIvIj7vvJLkurrmjpvjgZHnlKg8L2E+PC90ZD48dGQgY29sc3Bhbj0iMyIgd2lkdGg9IjI1JSIgYWxpZ249ImNlbnRlciIgYmdjb2xvcj0iI0Y1RjNFRiIgc3R5bGU9ImxpbmUtaGVpZ2h0OjEyMCU7Zm9udC1zaXplOjEycHgiPjxhIGhyZWY9Imh0dHA6Ly9pdGVtLnJha3V0ZW4uY28uanAvc2Vpa2F0c3V6YWNjYS8yNzE4OC0wMy8iPu+8k+S6uuaOm+OBkeeUqDwvYT48L3RkPjx0ZCBjb2xzcGFuPSIzIiB3aWR0aD0iMjUlIiBhbGlnbj0iY2VudGVyIiBiZ2NvbG9yPSIjRjVGM0VGIiBzdHlsZT0ibGluZS1oZWlnaHQ6MTIwJTtmb250LXNpemU6MTJweCI+PGEgaHJlZj0iaHR0cDovL2l0ZW0ucmFrdXRlbi5jby5qcC9zZWlrYXRzdXphY2NhLzI3MTg4LTA0LyI+44Kq44OD44OI44Oe44Oz55SoPC9hPjwvdGQ+PC90cj48dHI+PHRkIGNvbHNwYW49IjEyIiBhbGlnbj0iY2VudGVyIiBiZ2NvbG9yPSIjREREN0M4IiBzdHlsZT0ibGluZS1oZWlnaHQ6MTIwJTtmb250LXNpemU6MTJweCI+PGI+77yi77yI5pys5L2T77yJPC9iPjwvdGQ+PC90cj48dHIgYWxpZ249ImNlbnRlciIgYm9yZGVyY29sb3I9IiNGRkZGRkYiIGJnY29sb3I9IiNGNUY1RjUiPjx0ZCBjb2xzcGFuPSIzIiB3aWR0aD0iMjUlIiBhbGlnbj0iY2VudGVyIiBiZ2NvbG9yPSIjRjVGM0VGIiBzdHlsZT0ibGluZS1oZWlnaHQ6MTIwJTtmb250LXNpemU6MTJweCI+PGEgaHJlZj0iaHR0cDovL2l0ZW0ucmFrdXRlbi5jby5qcC9zZWlrYXRzdXphY2NhLzI3MTg4LTA1LyI+77yR5Lq65o6b44GRPC9hPjwvdGQ+PHRkIGNvbHNwYW49IjMiIHdpZHRoPSIyNSUiIGFsaWduPSJjZW50ZXIiIGJnY29sb3I9IiNGNUYzRUYiIHN0eWxlPSJsaW5lLWhlaWdodDoxMjAlO2ZvbnQtc2l6ZToxMnB4Ij48YSBocmVmPSJodHRwOi8vaXRlbS5yYWt1dGVuLmNvLmpwL3NlaWthdHN1emFjY2EvMjcxODgtMDYvIj7vvJLkurrmjpvjgZE8L2E+PC90ZD48dGQgY29sc3Bhbj0iMyIgd2lkdGg9IjI1JSIgYWxpZ249ImNlbnRlciIgYmdjb2xvcj0iI0Y1RjNFRiIgc3R5bGU9ImxpbmUtaGVpZ2h0OjEyMCU7Zm9udC1zaXplOjEycHgiPjxhIGhyZWY9Imh0dHA6Ly9pdGVtLnJha3V0ZW4uY28uanAvc2Vpa2F0c3V6YWNjYS8yNzE4OC0wNy8iPu+8k+S6uuaOm+OBkTwvYT48L3RkPjx0ZCBjb2xzcGFuPSIzIiB3aWR0aD0iMjUlIiBhbGlnbj0iY2VudGVyIiBiZ2NvbG9yPSIjRjVGM0VGIiBzdHlsZT0ibGluZS1oZWlnaHQ6MTIwJTtmb250LXNpemU6MTJweCI+PGEgaHJlZj0iaHR0cDovL2l0ZW0ucmFrdXRlbi5jby5qcC9zZWlrYXRzdXphY2NhLzI3MTg4LTA4LyI+44Kq44OD44OI44Oe44OzPC9hPjwvdGQ+PC90cj48L3RhYmxlPjwvdGQ+PC90cj48L3RhYmxlPjwhLS0vc2VyaWVzIGxpbmstLT48YnI+PGJyPjxpbWcgc3JjPT48IS0tIGNhcHRpb24gLS0+PGZvbnQgY29sb3I9I0ZGMzM2Nj7vvJHvvJDoibLjga7jgqvjg5Djg7zDl++8lOOCteOCpOOCuuOBruacrOS9k+KZque1hOOBv+WQiOOCj+OBm+iHqueUseOBruOCouODkOOCq+OCveODleOCoeODvOKYhjwvZm9udD48YnI+6Ieq5YiG44Gu44GK5rCX44Gr5YWl44KK44Gu44K144Kk44K6772l44Kr44Op44O844Gu57WE44G/5ZCI44KP44Gb44KS5o6i44Gb44KL44Gu44Gn44CB6ZaT5Y+W44KK44Gr5ZCI44KP44Gb44Gm44OV44Os44Kt44K344OW44Or77yB5Lq644Go44GL44G244KK44Gf44GP44Gq44GE44CB5YCL5oCn55qE44Gq44Kk44Oz44OG44Oq44Ki44KS5o6i44GX44Gm44GE44KL5Lq644Gr44KC44Kq44K544K544Oh44Gn44GZ44CC44Kr44OQ44O844Gg44GR44Gn44KC6LO85YWl5Y+v6IO944Gq44Gu44Gn44CB5rSX44GE5pu/44GI44Gv44KC44Gh44KN44KT44CB44K944OV44Kh44O85pys5L2T44KS6LK35pu/44GI44Gq44GP44Gm44KC44Op44Kv44Op44Kv5qih5qeY5pu/44GI44GM44Gn44GN44Gh44KD44GE44G+44GZ44CC5pil5aSP55So44CB56eL5Yas55So44Gq44Gp44CB5a2j56+A44Gn44Kr44OQ44O844KS5pu/44GI44KL44Gu44KC44GK44GZ44GZ44KB44Gn44GZ4pmqPGJyPijmpJzntKLnlKgp44Kr44Op44O85bGV6ZaL77ya44OZ44O844K444Ol44O744OW44Op44Km44Oz44O744Kw44Oq44O844Oz44O744OR44O844OX44Or44O744Op44Kk44OI44OW44Or44O844O744Ob44Ov44Kk44OI44O744OW44Op44OD44Kv44O744Os44OD44OJ44O744OP44Ov44Kk44Ki44Oz77y377yo44O744OP44Ov44Kk44Ki44Oz77yr44CAMDV6NDI3PCEtLSBzaXplIC0tPjxicj48YnI+4pag5ZWG5ZOB44K144Kk44K677yPPGJyPuOAlO+8keS6uuaOm+OBke+9nu+8k+S6uuaOm+OBkeacrOS9k+OAleW5hSjvvJHkurrmjpvjgZEp77yW77yYKO+8kuS6uuaOm+OBkSnvvJHvvJLvvJAo77yT5Lq65o6b44GRKe+8ke+8l++8kO+9peWlpeihjO+8l++8le+9pemrmOOBle+8l++8kO+9peW6p+mdoumrmO+8k++8mO+9g++9jTxicj7jgJTjgqrjg4Pjg4jjg57jg7PmnKzkvZPjgJXluYXvvJXvvJHvvaXlpaXooYzvvJXvvJHvvaXpq5jjgZXvvJPvvJjvvYPvvY08IS0tIHNwZWMgLS0+PGJyPjxicj7ilqDlk4Hos6rvvI/jgJTmnKzkvZPjgJXjgqLjg5DjgqvvvaXlpKnnhLbmnKgo44Km44Os44K/44Oz5qi56ISC5aGX6KOFKeOAlOihqOWcsOOAlSjvvKHjg5bjg6njgqbjg7Pjg7vvvKHjg5njg7zjgrjjg6Up44Od44Oq44OX44Ot44OU44Os44Oz77yW77yU77yF772l44Od44Oq44Ko44K544OG44Or77yT77yW77yFPGJyPijvvKHjg4/jg6/jgqTjgqLjg7Pjg5vjg6/jgqTjg4jjg7vvvKHjg4/jg6/jgqTjgqLjg7Pjg5bjg6njgqbjg7Mp44Od44Oq44Ko44K544OG44Or77yY77yS77yF772l57a/77yR77yS77yF772l44Os44O844Oo44Oz77yW77yFPGJyPijvvKHku5Yp44Od44Oq44Ko44K544OG44Or77yR77yQ77yQ77yF44CU5Lit5p2Q44CV44Km44Os44K/44Oz44OV44Kp44O844OgPGJyPuKXj+OCpOODs+ODieODjeOCt+OCouijvTxicj7igLvohJrpg6jjga7jgb/lj5bku5g8QlI+4oC744Oh44O844Kr44O844GK5bGK44GR5ZOBPGJyPuOCueOCr+ODreODvOODqyDnlJ/mtLvpm5Hosqjmpb3lpKnluILloLTlupcg44Og44OI44KmPGltZyBzcmM9Imh0dHBzOi8vaW1hZ2UucmFrdXRlbi5jby5qcC9zZWlrYXRzdXphY2NhL2NhYmluZXQvdHAvbmF0dXBjMDUzMC5qcGciIHdpZHRoPSI3MDAiIGhlaWdodD0iMjQ4IiBib3JkZXI9IjAiPjxicj4KCjwhLS3lpI/nianlh6bliIbjgrvjg7zjg6sKPHRhYmxlIHdpZHRoPSI3MDAiIGJvcmRlcj0iMCIgY2VsbHNwYWNpbmc9IjAiIGNlbGxwYWRkaW5nPSIwIj4KPHRyPgo8dGQgYWxpZ249ImNlbnRlciI+PGltZyBzcmM9Imh0dHA6Ly9pbWFnZS5yYWt1dGVuLmNvLmpwL3NlaWthdHN1emFjY2EvY2FiaW5ldC9ibi9zY3MxMzA4MTUtYm5yNzAwLmpwZyIgYWx0PSLmnIDlpKc4MO+8hU9GRuKYheOCpOODs+ODhuODquOCouOAgeWPjue0jeOAgeWutuWFt+OAgembkeiyqOOBjOWHpuWIhuS+oeagvCEhIiBib3JkZXI9IjAiIC8+PGJyPgo8Zm9udCBzaXplPSIyIj48aW1nIHNyYz0iaHR0cDovL2ltYWdlLnJha3V0ZW4uY28uanAvbXV0b3cvY2FiaW5ldC9ibnIvdF9uZXcyLmdpZiIgaHNwYWNlPSIyIiBib3JkZXI9IjAiPuacgOWkpzgw77yFT0ZG4piF44Kk44Oz44OG44Oq44Ki44CB5Y+O57SN44CB5a625YW344CB6ZuR6LKo44GM5Yem5YiG5L6h5qC8ISE8L2ZvbnQ+PC90ZD4KPC90cj4KPC90YWJsZT4KLS0+,44CQ6YCB5paZ54Sh5paZ44CRIOe1hOWQiOOBm+iHqueUseOCouODkOOCq+OCveODleOCoeODvO+8p++8l++8keOAgO+8ou+8iOacrOS9k++8ie+8kuS6uuaOm+OBkeOAgO+8iHphY2Nh77yJ44CA44CQ55u06YCB44CR77ya55Sf5rS76ZuR6LKo5qW95aSp5biC5aC05bqX,44CQ6YCB5paZ54Sh5paZ44CRIOe1hOWQiOOBm+iHqueUseOCouODkOOCq+OCveODleOCoeODvO+8p++8l++8keOAgO+8ou+8iOacrOS9k++8ie+8kuS6uuaOm+OBkeOAgO+8iHphY2Nh77yJ44CA44CQ55u06YCB44CR,44CQ6YCB5paZ54Sh5paZ44CRIOe1hOWQiOOBm+iHqueUseOCouODkOOCq+OCveODleOCoeODvO+8p++8l++8keOAgO+8ou+8iOacrOS9k++8ie+8kuS6uuaOm+OBkeOAgO+8iHphY2Nh77yJ44CA44CQ55u06YCB44CR[rn]
37-51617,aHR0cDovL3RzaG9wLnIxMHMuanAvc2Vpa2F0c3V6YWNjYS9jYWJpbmV0L3N6XzU4Lzc0MDE0LTAxXzEuanBnP2ZpdGluPTcwMDo3MDA=,MTM1MDQuMDAwMA==,,44Kk44Oz44OG44Oq44Ki44O75a+d5YW344O75Y+O57SNID4g44K944OV44Kh44O744K944OV44Kh44OZ44OD44OJID4gMuS6uuaOm+OBkeOCveODleOCoSA+IOW4g+WcsA==,44CQ6YCB5paZ54Sh5paZ44CRIOOCveODleOCoeODvOOAgO+8pe+8l++8keOAgOODquODnOODs+OAgEHjgr3jg5XjgqHjg7zjgIAy5Lq65o6b44GR44CA77yIemFjY2HvvInvvIjjgIDluqfmpIXlrZDjgIDvvInjgIDjgJDnm7TpgIHjgJE=,44K944OV44Kh44O844CA44Oq44Oc44Oz44CAMuS6uuaOm+OBkeOAgOW6p+akheWtkA==,PGEgaHJlZj0iaHR0cDovL3NlYXJjaC5yYWt1dGVuLmNvLmpwL3NlYXJjaC9pbnNob3AtbWFsbC8lRTMlODIlQUElRTMlODMlQkMlRTMlODMlQUIlRTMlODIlQjclRTMlODMlQkMlRTMlODIlQkElRTMlODMlQjMrJUUzJTgzJTlFJUUzJTgyJUE0JUUzJTgyJUFGJUUzJTgzJUFEJUUzJTgzJTk1JUUzJTgyJUExJUUzJTgyJUE0JUUzJTgzJTkwJUUzJTgzJUJDLy0vZi4xLXAuMS1zLjEtc2YuMC1zaWQuMjM1NTAyLXN0LkEtdi4zIiB0YXJnZXQ9Il9ibGFuayI+PGltZyBzcmM9Imh0dHBzOi8vaW1hZ2UucmFrdXRlbi5jby5qcC9zZWlrYXRzdXphY2NhL2NhYmluZXQvdHAvbmFtZXJha2EwNTI5LmpwZyIgd2lkdGg9IjcwMCIgaGVpZ2h0PSIyNDgiIGJvcmRlcj0iMCI+PC9hPjxicj48YnI+PGEgaHJlZj0iaHR0cDovL2l0ZW0ucmFrdXRlbi5jby5qcC9zZWlrYXRzdXphY2NhL2MvMDAwMDAwMzIyNi8iIHRhcmdldD0iX2JsYW5rIj48aW1nIHNyYz0iaHR0cHM6Ly9pbWFnZS5yYWt1dGVuLmNvLmpwL3NlaWthdHN1emFjY2EvY2FiaW5ldC90cC9zYWxlLTA1MjAuanBnIiB3aWR0aD0iNzAwIiBoZWlnaHQ9IjIzMiIgYm9yZGVyPSIwIj48L2E+PGJyPjxicj48YSBocmVmPSJodHRwOi8vaXRlbS5yYWt1dGVuLmNvLmpwL3NlaWthdHN1emFjY2EvYy8wMDAwMDAyNDk1Lz9zPTUmaT0xIiB0YXJnZXQ9Il9ibGFuayI+PGltZyBzcmM9Imh0dHBzOi8vaW1hZ2UucmFrdXRlbi5jby5qcC9zZWlrYXRzdXphY2NhL2NhYmluZXQvdHAvYXV0cmV0MDUyM2EuanBnIiB3aWR0aD0iNzAwIiBoZWlnaHQ9IjEyMCIgYm9yZGVyPSIwIj48L2E+PGJyPjxicj48dGFibGUgd2lkdGg9IjcwMCIgYm9yZGVyPSIwIiBjZWxsc3BhY2luZz0iMCIgY2VsbHBhZGRpbmc9IjAiPjx0cj48dGQ+PGltZyBzcmM9Imh0dHA6Ly93d3cucmFrdXRlbi5uZS5qcC9nb2xkL211dG93L3Byb2R1Y3QvMTAwMzJ6YWtrYS9zdWIvc3o3NDAxNC0wMS5qcGciIHdpZHRoPSI3MDAiIGhlaWdodD0iMjczIiBib3JkZXI9IjAiPjwvdGQ+PC90cj48dHI+PHRkPjxpbWcgc3JjPSJodHRwOi8vd3d3LnJha3V0ZW4ubmUuanAvZ29sZC9tdXRvdy9wcm9kdWN0LzEwMDMyemFra2Evc3ViL3N6NzQwMTQtMDIuanBnIiB3aWR0aD0iNzAwIiBoZWlnaHQ9IjMzMyIgYm9yZGVyPSIwIj48L3RkPjwvdHI+PC90YWJsZT48YnI+PHRhYmxlIHdpZHRoPSI3MDAiIGJvcmRlcj0iMCIgY2VsbHNwYWNpbmc9IjAiIGNlbGxwYWRkaW5nPSIwIj48dHI+PHRkPjxpbWcgc3JjPSJodHRwOi8vd3d3LnJha3V0ZW4ubmUuanAvZ29sZC9tdXRvdy9wcm9kdWN0LzEwMDMyemFra2Evc3ViL3N6NzQwMTQtMDMuZ2lmIiB3aWR0aD0iNzAwIiBoZWlnaHQ9IjM2IiBib3JkZXI9IjAiPjwvdGQ+PC90cj48L3RhYmxlPjx0YWJsZSB3aWR0aD0iNzAwIiBib3JkZXI9IjAiIGNlbGxzcGFjaW5nPSIwIiBjZWxscGFkZGluZz0iMCI+PHRyPjx0ZD48aW1nIHNyYz0iaHR0cDovL3d3dy5yYWt1dGVuLm5lLmpwL2dvbGQvbXV0b3cvcHJvZHVjdC8xMDAzMnpha2thL3N1Yi9zejc0MDE0LTA0LmdpZiIgd2lkdGg9IjEyIiBoZWlnaHQ9IjIxNiIgYm9yZGVyPSIwIj48L3RkPjx0ZCB3aWR0aD0iMjc1IiBiYWNrZ3JvdW5kPSJodHRwOi8vd3d3LnJha3V0ZW4ubmUuanAvZ29sZC9tdXRvdy9wcm9kdWN0LzEwMDMyemFra2Evc3ViL3N6NzQwMTQtMDUuZ2lmIj48Zm9udCBzaXplPSIyIiBjb2xvcj0iIzY2NjY2NiI+PGJyPuOAlO+8oeOAleOBi+OCj+OBhOOBhOOBoOOBkeOBmOOCg+OBquOBhO+8gTxicj7jgbXjgYvjgbXjgYvntKDmnZDjgafjgoTjgZXjgZfjgYTluqfjgorjgZTjgZPjgaHjgas8YnI+44GT44Gg44KP44Gj44Gf77yS5Lq65o6b44GR44Gu44K944OV44Kh44O844CCPGJyPuiDjOmDqO+8luautemajuODquOCr+ODqeOCpOODi+ODs+OCsOW8jyjjg5Xjg6njg4Pjg4jlkKvjgoApPGJyPjxicj7jgJTvvKLjgJXjgq/jg4Pjgrfjg6fjg7PjgajjgZfjgabjga/jgoLjgaHjgo3jgpPjgIE8YnI+6IOM44KC44Gf44KM44CB44GU44KN5a+d44CB5oqx44GN44G+44GP44KJ44Gq44GpPGJyPuS9v+OBhOaWueOBr+OBguOBquOBn+asoeesrOKZqjwvZm9udD48L3RkPjx0ZD48aW1nIHNyYz0iaHR0cDovL3d3dy5yYWt1dGVuLm5lLmpwL2dvbGQvbXV0b3cvcHJvZHVjdC8xMDAzMnpha2thL3N1Yi9zejc0MDE0LTA2LmpwZyIgd2lkdGg9IjQxMyIgaGVpZ2h0PSIyMTYiIGJvcmRlcj0iMCI+PC90ZD48L3RyPjwvdGFibGU+PGJyPjx0YWJsZSB3aWR0aD0iNzAwIiBib3JkZXI9IjAiIGNlbGxzcGFjaW5nPSIwIiBjZWxscGFkZGluZz0iMCI+PHRyPjx0ZD48aW1nIHNyYz0iaHR0cDovL3d3dy5yYWt1dGVuLm5lLmpwL2dvbGQvbXV0b3cvcHJvZHVjdC8xMDAzMnpha2thL3N1Yi9zejc0MDE0LTA3LmpwZyIgd2lkdGg9IjcwMCIgaGVpZ2h0PSIyOTAiIGJvcmRlcj0iMCI+PC90ZD48L3RyPjwvdGFibGU+PGJyPjxicj48dGFibGUgd2lkdGg9IjcwMCIgYm9yZGVyPSIxIiBjZWxsc3BhY2luZz0iMiIgY2VsbHBhZGRpbmc9IjUiIGJvcmRlcmNvbG9yPSIjQ0NDQ0NDIj48dHIgYWxpZ249ImNlbnRlciIgYm9yZGVyY29sb3I9IiNGRkZGRkYiIGJnY29sb3I9IiNGNUY1RjUiPjx0ZCB3aWR0aD0iNTAlIj48Zm9udCBzaXplPSIyIj48YSBocmVmPSJodHRwOi8vaXRlbS5yYWt1dGVuLmNvLmpwL3NlaWthdHN1emFjY2EvNzQwMTQtMDEvIj7vvKHjgr/jgqTjg5fjgIDjgr3jg5XjgqHjg7w8L2E+PC9mb250PjwvdGQ+PHRkIHdpZHRoPSI1MCUiPjxmb250IHNpemU9IjIiPjxhIGhyZWY9Imh0dHA6Ly9pdGVtLnJha3V0ZW4uY28uanAvc2Vpa2F0c3V6YWNjYS83NDAxNC0wMi8iPu+8ouOCv+OCpOODl+OAgOOCr+ODg+OCt+ODp+ODszwvYT48L2ZvbnQ+PC90ZD48L3RyPjwvdGFibGU+PCEtLSBjYXB0aW9uIC0tPjxmb250IGNvbG9yPSNGRjMzNjY+PC9mb250Pjxicj7jgJTvvKHjgJXjgYvjgo/jgYTjgYTjgaDjgZHjgZjjgoPjgarjgYTvvIHjgbXjgYvjgbXjgYvntKDmnZDjgafjgoTjgZXjgZfjgYTluqfjgorjgZTjgZPjgaHjgavjgZPjgaDjgo/jgaPjgZ/vvJLkurrmjpvjgZHjga7jgr3jg5XjgqHjg7zjgII8YnI+77yI5qSc57Si55So77yJMDF6MDA3PGJyPuKAu+OBk+OBruODmuODvOOCuOOBr+OAge+8oeOCv+OCpOODl+OCveODleOCoeODvOOBruODmuODvOOCuOOBp+OBmeOAgjwhLS0gc2l6ZSAtLT48YnI+PGJyPuKWoOOCteOCpOOCuu+8j+OAlO+8oeOAleW5he+8ke+8kO+8luODu+WlpeihjO+8l++8ke+9nu+8ke+8ke+8luODu+mrmOOBle+8k++8kO+9nu+8lu+8kOODu+W6p+mdoumrmO+8ku+8l++9g++9jTxicj7igLvvvJHvvZ7vvJLkurrmjpvjgZE8IS0tIHNwZWMgLS0+PGJyPjxicj7ilqDlk4Hos6rvvI/jgJTvvKHjg7vvvKLlhbHpgJrjgJUo6KGo5ZywKeODneODquOCqOOCueODhuODq++8ke+8kO+8kO+8hSjkuK3mnZAp44Km44Os44K/44Oz44OV44Kp44O844Og44CB57KJ56CV44Km44Os44K/44Oz44OB44OD44OX44CU77yh44Gu44G/44CVKOS4readkCnjgrnjg4Hjg7zjg6vjg5HjgqTjg5c8YnI+4oC744CU77yh44CV6IOM6YOo77yW5q616ZqO44Oq44Kv44Op44Kk44OL44Oz44Kw5byPKOODleODqeODg+ODiOWQq+OCgCk8YnI+4peP5pel5pys6KO9PGJyPuKAu+ODoeODvOOCq+ODvOOBiuWxiuOBkeWTgTwhLS0gS2V5d29yZCAtLT48YnI+PGJyPuOAkHNzc2FsZV8wNzA044CRPCEtLSAva2V5d29yZCAtLT48IS0tIOWkp+Wei+WVhuWTgeaQrOmAgeOBq+OBpOOBhOOBpiAtLT48YnI+PGJyPi0tLS0tLS0tLS0tLS0tLS0tLS0tLS0tLS0tLS0tLS0tLS0tLS0tPGJyPjxmb250IGNvbG9yPSMwMDAwQ0Q+4pag5aSn5Z6L5ZWG5ZOB44KS44GU5rOo5paH44Gu6Zqb44Gu5rOo5oSP5LqL6aCFPC9mb250Pjxicj7igLvllYblk4Hjga7jgrXjgqTjgrrjgoTph43jgZXnrYnjgpLnm67lronjgavnjoTplqLlj6PvvIjjgqjjg6zjg5njg7zjgr/vvInjgafmkKzlhaXjgYzlj6/og73jgYvkuovliY3jgavnorroqo3jgpLjgYrpoZjjgYTjgZfjgb7jgZnjgII8YnI+4oC76YeN5qmf44KE44Kv44Os44O844Oz44KS5L2/44Gj44Gm44Gu5pCs5YWl44Gv5om/44Gj44Gm44GK44KK44G+44Gb44KT44CCPGJyPuKAu+aQrOWFpeOBjOOBp+OBjeOBmuOBq+i/lOWTgeOBqOOBquOCi+WgtOWQiOOBr+OAgeW+gOW+qemBi+izg+OCkuiri+axguOBmeOCi+WgtOWQiOOBjOOBlOOBluOBhOOBvuOBmeOAguS6iOOCgeOBlOS6huaJv+OBj+OBoOOBleOBhOOAgjxicj48L2ZvbnQ+LS0tLS0tLS0tLS0tLS0tLS0tLS0tLS0tLS0tLS0tLS0tLS0tLS08IS0tIC/lpKflnovllYblk4HmkKzpgIHjgavjgaTjgYTjgaYgLS0+PGJyPuOCueOCr+ODreODvOODqyDnlJ/mtLvpm5Hosqjmpb3lpKnluILloLTlupcg44Og44OI44KmPGltZyBzcmM9Imh0dHBzOi8vaW1hZ2UucmFrdXRlbi5jby5qcC9zZWlrYXRzdXphY2NhL2NhYmluZXQvdHAvbmF0dXBjMDUzMC5qcGciIHdpZHRoPSI3MDAiIGhlaWdodD0iMjQ4IiBib3JkZXI9IjAiPjxicj4KCjwhLS3lpI/nianlh6bliIbjgrvjg7zjg6sKPHRhYmxlIHdpZHRoPSI3MDAiIGJvcmRlcj0iMCIgY2VsbHNwYWNpbmc9IjAiIGNlbGxwYWRkaW5nPSIwIj4KPHRyPgo8dGQgYWxpZ249ImNlbnRlciI+PGltZyBzcmM9Imh0dHA6Ly9pbWFnZS5yYWt1dGVuLmNvLmpwL3NlaWthdHN1emFjY2EvY2FiaW5ldC9ibi9zY3MxMzA4MTUtYm5yNzAwLmpwZyIgYWx0PSLmnIDlpKc4MO+8hU9GRuKYheOCpOODs+ODhuODquOCouOAgeWPjue0jeOAgeWutuWFt+OAgembkeiyqOOBjOWHpuWIhuS+oeagvCEhIiBib3JkZXI9IjAiIC8+PGJyPgo8Zm9udCBzaXplPSIyIj48aW1nIHNyYz0iaHR0cDovL2ltYWdlLnJha3V0ZW4uY28uanAvbXV0b3cvY2FiaW5ldC9ibnIvdF9uZXcyLmdpZiIgaHNwYWNlPSIyIiBib3JkZXI9IjAiPuacgOWkpzgw77yFT0ZG4piF44Kk44Oz44OG44Oq44Ki44CB5Y+O57SN44CB5a625YW344CB6ZuR6LKo44GM5Yem5YiG5L6h5qC8ISE8L2ZvbnQ+PC90ZD4KPC90cj4KPC90YWJsZT4KLS0+,44CQ6YCB5paZ54Sh5paZ44CRIOOCveODleOCoeODvOOAgO+8pe+8l++8keOAgOODquODnOODs+OAgEHjgr3jg5XjgqHjg7zjgIAy5Lq65o6b44GR44CA77yIemFjY2HvvInvvIjjgIDluqfmpIXlrZDjgIDvvInjgIDjgJDnm7TpgIHjgJHvvJrnlJ/mtLvpm5Hosqjmpb3lpKnluILloLTlupc=,44CQ6YCB5paZ54Sh5paZ44CRIOOCveODleOCoeODvOOAgO+8pe+8l++8keOAgOODquODnOODs+OAgEHjgr3jg5XjgqHjg7zjgIAy5Lq65o6b44GR44CA77yIemFjY2HvvInvvIjjgIDluqfmpIXlrZDjgIDvvInjgIDjgJDnm7TpgIHjgJE=,44K944OV44Kh44O844CA44Oq44Oc44Oz44CAMuS6uuaOm+OBkeOAgOW6p+akheWtkOOAguOAkOmAgeaWmeeEoeaWmeOAkSDjgr3jg5XjgqHjg7zjgIDvvKXvvJfvvJHjgIDjg6rjg5zjg7PjgIBB44K944OV44Kh44O844CAMuS6uuaOm+OBkeOAgO+8iHphY2Nh77yJ77yI44CA5bqn5qSF5a2Q44CA77yJ44CA44CQ55u06YCB44CR[rn]
37-51618,aHR0cDovL3RzaG9wLnIxMHMuanAvaHVvbmVzdC9jYWJpbmV0L2ljaGkxNy8zNjYwMDI1MS5qcGc/Zml0aW49NzAwOjcwMA==,MzQyNDAuMDAwMA==,,44Kk44Oz44OG44Oq44Ki44O75a+d5YW344O75Y+O57SNID4g44K944OV44Kh44O744K944OV44Kh44OZ44OD44OJID4gMuS6uuaOm+OBkeOCveODleOCoSA+IOW4g+WcsA==,44K944OV44KhIDLkurrmjpvjgZEg44OV44Kh44OW44Oq44OD44KvIOOCveODleOCoSDkuozkurrmjpvjgZEgMlAg6ISa44KS44Gv44Ga44GX44Gm44Ot44O844K/44Kk44OX44Gn44KC5L2/44GI44KLMndheeOCveODleOCoSDjg63jg7zjgr3jg5XjgqEg44Kz44Oz44OR44Kv44OIIOOCr+ODqeOCt+OCq+ODqyDjg5XjgqHjg5bjg6rjg4Pjgq/jgr3jg5XjgqHjg7w=,44OV44Kh44OW44Oq44OD44Kv44K944OV44KhIDLkurrmjpvjgZEg44K944OV44KhIOS6jOS6uuaOm+OBkSAyUA==,PGRpdiBzdHlsZT0id2lkdGg6NjcwcHg7IG1hcmdpbjphdXRvOyBmb250LWZhbWlseTrjg6HjgqTjg6rjgqosICdIaXJhZ2lubyBLYWt1IEdvdGhpYyBQcm9OJywgJ+ODkuODqeOCruODjuinkuOCtCBQcm9OIFczJywgc2Fucy1zZXJpZiI+PGltZyBhbHQ9IjLkurrmjpvjgZHjgr3jg5XjgqEiIGJvcmRlcj0iMCIgc3JjPSJodHRwczovL2ltYWdlLnJha3V0ZW4uY28uanAvaHVvbmVzdC9jYWJpbmV0L2ljaGkxNy8zNjYwMDI1MS5qcGciPjxicj4KPGJyPgo8cCBzdHlsZT0id2lkdGg6NjEwcHg7Zm9udC1zaXplOjE1cHg7IHBhZGRpbmc6MzBweDsgMTBweDsgbWFyZ2luOjA7IGJhY2tncm91bmQtY29sb3I6ICNmNmY2ZjY7Ij7jgq/jg6njgrfjgqvjg6vjgarpm7Dlm7LmsJfjga7jg5XjgqHjg5bjg6rjg4Pjgq/jgr3jg5XjgqHjgII8YnI+Cui6q+S9k+OCkuWMheOBv+i+vOOCgOOCiOOBhuOBquWEquOBl+OBj+OChuOBo+OBn+OCiuOBqOOBj+OBpOOCjeOBkuOCi+iDjOmdouW9oueKtuOCveODleOCoeODvOOAguOCs+ODs+ODkeOCr+ODiOOBquODh+OCtuOCpOODs+OBr+S6jOS6uuaaruOCieOBl+OChOODr+ODs+ODq+ODvOODoOOBruOBiumDqOWxi+OBq+OCguOBiuOBmeOBmeOCgeOAgjxicj4K44OV44Kh44OW44Oq44OD44Kv44Gu44GC44Gf44Gf44GL44G/44Gu44GC44KL5by144KK5Zyw44Gv44CB44GK6YOo5bGL44Gu6Zuw5Zuy5rCX44KS5aOK44GV44Ga44CB44Gs44GP44KC44KK44Gu44GC44KL56m66ZaT44KS5ryU5Ye644GX44G+44GZ44CCPC9wPgo8dWwgc3R5bGU9ImZvbnQtc2l6ZTogMDsgbWFyZ2luOjA7IHBhZGRpbmc6MCI+CjxsaSBzdHlsZT0iZGlzcGxheTogaW5saW5lLWJsb2NrOyB3aWR0aDogMzQ5cHg7IGZvbnQtc2l6ZTogMTVweDsgbWFyZ2luLXJpZ2h0OjE0cHg7dmVydGljYWwtYWxpZ246IHRvcDsiPjxpbWcgYWx0PSLjgr3jg5XjgqHjg7wiIGJvcmRlcj0iMCIgc3JjPSJodHRwczovL2ltYWdlLnJha3V0ZW4uY28uanAvaHVvbmVzdC9jYWJpbmV0L2ljaGkxNy8zNjYwMDI1MV8wMi5qcGciPjwvbGk+CjxsaSBzdHlsZT0iZGlzcGxheTogaW5saW5lLWJsb2NrOyB3aWR0aDogMzA3cHg7IGhlaWdodDo0NjdweDsgZm9udC1zaXplOiAxNXB4O3ZlcnRpY2FsLWFsaWduOiB0b3A7IGJhY2tncm91bmQtY29sb3I6ICNmNmY2ZjY7Ij4KPHAgc3R5bGU9InBhZGRpbmc6MCAxMHB4OyBmb250LXNpemU6eC1sYXJnZSI+44Kv44Op44K344Kr44Or44Gq5LuV5LiK44GM44KKPC9wPgo8cCBzdHlsZT0icGFkZGluZzowIDEwcHgiPuOCr+ODqeOCt+OCq+ODq+OBquOCt+ODq+OCqOODg+ODiOOBjOWNsOixoeeahOOAguOChuOBo+OBn+OCiuOBqOOBj+OBpOOCjeOBkuOCi+iDjOmdouW9oueKtuOBr+WMheOBv+i+vOOBvuOCjOOCi+OCiOOBhuOBquawl+aMgeOBoeOBhOOBhOW6p+OCiuW/g+WcsOOBp+OBmeOAgjxicj4K44Kz44Oz44OR44Kv44OI44Gq44OH44K244Kk44Oz44Gq44GM44KJ44CB6Kqt5pu444KE5pig55S76ZGR6LOe44Gq44Gp44Gr44KC44KG44Gj44Gf44KK44Oq44Op44OD44Kv44K544CCPGJyPgo8YnI+CuiQveOBoeedgOOBhOOBn+mbsOWbsuawl+OCkuOBiumDqOWxi+OBq+a8lOWHuuOBl+OBpuOBj+OCjOOCi+WMl+asp+ODhuOCpOOCueODiOOBrjLkurrmjpvjgZHjgr3jg5XjgqHjgafjgZnjgII8L3A+CjwvbGk+CjwvdWw+PGJyPgo8aW1nIGFsdD0i5b6M44KN44GL44KJ6KaL44Gm44KC57a66bqX44Gq44K944OV44KhIiBib3JkZXI9IjAiIHNyYz0iaHR0cHM6Ly9pbWFnZS5yYWt1dGVuLmNvLmpwL2h1b25lc3QvY2FiaW5ldC9pY2hpMTcvMzY2MDAyNTFfMDMuanBnIj4KPHVsIHN0eWxlPSJmb250LXNpemU6IDA7IG1hcmdpbjowOyBwYWRkaW5nOjAiPgo8bGkgc3R5bGU9ImRpc3BsYXk6IGlubGluZS1ibG9jazsgd2lkdGg6IDMyOHB4OyBmb250LXNpemU6IDE1cHg7IG1hcmdpbi1yaWdodDoxNHB4O3ZlcnRpY2FsLWFsaWduOiB0b3A7Ij4KPHA+6IOM6Z2i44KC44GN44KM44GE44Gq44OV44Kh44OW44Oq44OD44Kv44CC44Os44Kk44Ki44Km44OI44Gu6Ieq55Sx5bqm44KC44Ki44OD44OX44CCPC9wPgo8L2xpPgo8bGkgc3R5bGU9ImRpc3BsYXk6IGlubGluZS1ibG9jazsgd2lkdGg6IDMyOHB4OyBmb250LXNpemU6IDE1cHg7dmVydGljYWwtYWxpZ246IHRvcDsiPgo8cD7lhajkvZPnmoTjgavkuLjjgb/jga7jgYLjgovjgrfjg6vjgqjjg4Pjg4jjgYzlhKrjgZfjgYTpm7Dlm7LmsJfjga7jgYrpg6jlsYvjgpLmvJTlh7rjgZfjgb7jgZnjgII8L3A+CjwvbGk+CjwvdWw+PGltZyBhbHQ9IuiEmuOBr+WPluOCiuWkluOBl+WPr+iDvSIgYm9yZGVyPSIwIiBzcmM9Imh0dHBzOi8vaW1hZ2UucmFrdXRlbi5jby5qcC9odW9uZXN0L2NhYmluZXQvaWNoaTE3LzM2NjAwMjUxXzA0LmpwZyI+Cjx1bCBzdHlsZT0iZm9udC1zaXplOiAwOyBtYXJnaW46MDsgcGFkZGluZzowIj4KPGxpIHN0eWxlPSJsaXN0LXN0eWxlOiBub25lOyBkaXNwbGF5OiBpbmxpbmUiPgo8dWw+CjxsaT7ljJfmrKfpoqjjgrnjgr/jgqTjg6vjgILjgrnjg57jg7zjg4jjgarjg4/jga7lrZfjga7mnKjohJrjgILohJrpg6jjga/lj5bjgorlpJbjgZflj6/og73jgafjgZnjgII8L2xpPgo8L3VsPgo8L2xpPgo8bGk+5rip44GL44G/44Gu44GC44KL44OV44Kh44OW44Oq44OD44Kv5by15Zyw44CC44Kr44Op44O844KC6LGK5a+M44Gn44GZ44CCPC9saT4KPC91bD48YnI+CjxpbWcgYWx0PSLohJrjga/lj5bjgorlpJbjgZflj6/og70gMldBWeOCueOCv+OCpOODqyIgYm9yZGVyPSIwIiBzcmM9Imh0dHBzOi8vaW1hZ2UucmFrdXRlbi5jby5qcC9odW9uZXN0L2NhYmluZXQvaWNoaTE3LzM2NjAwMjUxXzA1LmpwZyI+CjxwIHN0eWxlPSJ3aWR0aDo2MTBweDtmb250LXNpemU6MTVweDsgcGFkZGluZzozMHB4OyAxMHB4OyBtYXJnaW46MDsgYmFja2dyb3VuZC1jb2xvcjogI2Y2ZjZmNjsiPuacqOiEmuOBruWPluOCiuWkluOBl+OBjOWPr+iDveOBp+OBmeOAguOBiumDqOWxi+OChOODqeOCpOODleOCueOCv+OCpOODq+OBq+WQiOOCj+OBm+OBpuiEmuOCkuWPluOCiuWkluOBl+OBmeOCi+OBk+OBqOOBjOOBp+OBjeOCi+OBruOBp+ODreODvOOCveODleOCoeOBqOOBl+OBpuOBiuS9v+OBhOOBhOOBn+OBoOOBkeOBvuOBmeOAgjwvcD48YnI+CjxpbWcgYWx0PSLjgrXjgqTjgroiIGJvcmRlcj0iMCIgc3JjPSJodHRwczovL2ltYWdlLnJha3V0ZW4uY28uanAvaHVvbmVzdC9jYWJpbmV0L2ljaGkxNy8zNjYwMDI1MV8xLmpwZyI+PGJyPgo8aW1nIGFsdD0i44Kr44Op44O8IiBib3JkZXI9IjAiIHNyYz0iaHR0cHM6Ly9pbWFnZS5yYWt1dGVuLmNvLmpwL2h1b25lc3QvY2FiaW5ldC9pY2hpMTcvMzY2MDAyNTFfMi5qcGciPjxicj4KPHAgc3R5bGU9InBhZGRpbmc6MCAxMHB4OyBmb250LXNpemU6eC1sYXJnZSI+44K344Oq44O844K65ZWG5ZOB44Gn57WE44G/5ZCI44KP44Gb44Gm44GK5L2/44GE44GE44Gf44Gg44GR44G+44GZ44CCPC9wPjxpbWcgYWx0PSLjgrfjg6rjg7zjgrrllYblk4EiIGJvcmRlcj0iMCIgc3JjPSJodHRwczovL2ltYWdlLnJha3V0ZW4uY28uanAvaHVvbmVzdC9jYWJpbmV0L2ljaGkxNy8zNjYwMDI1MV8wMS5qcGciPjxicj4KPC9kaXY+CjxoNCBzdHlsZT0iYm9yZGVyLWxlZnQ6c29saWQgOHB4ICMzMzM7IHBhZGRpbmctbGVmdDoyMHB4OyBmb250LXNpemU6MThweCI+6Zai6YCj5ZWG5ZOBPC9oND4KPGRpdiBzdHlsZT0id2lkdGg6MTUwcHg7IGZsb2F0OmxlZnQ7IG1hcmdpbi1yaWdodDoyMHB4Ij4KPGEgaHJlZj0iaHR0cHM6Ly9pdGVtLnJha3V0ZW4uY28uanAvaHVvbmVzdC8zNjYwMDI1MC8iPjxpbWcgYWx0PSIiIGJvcmRlcj0iMCIgc3JjPSJodHRwczovL2ltYWdlLnJha3V0ZW4uY28uanAvaHVvbmVzdC9jYWJpbmV0L2ljaGkxNy8zNjYwMDI1MF9saW5rLmpwZyIgd2lkdGg9IjE1MCI+CjxwIHN0eWxlPSJwYWRkaW5nOjAgMTBweDsgbWFyZ2luLWJvdHRvbToxNXB4Ij4xUOOCveODleOCoTwvcD48L2E+CjwvZGl2Pgo8ZGl2IHN0eWxlPSJ3aWR0aDoxNTBweDsgZmxvYXQ6bGVmdDsgbWFyZ2luLXJpZ2h0OjIwcHgiPgo8YSBocmVmPSJodHRwczovL2l0ZW0ucmFrdXRlbi5jby5qcC9odW9uZXN0LzM2NjAwMjUxLyI+PGltZyBhbHQ9IiIgYm9yZGVyPSIwIiBzcmM9Imh0dHBzOi8vaW1hZ2UucmFrdXRlbi5jby5qcC9odW9uZXN0L2NhYmluZXQvaWNoaTE3LzM2NjAwMjUxX2xpbmsuanBnIiB3aWR0aD0iMTUwIj4KPHAgc3R5bGU9InBhZGRpbmc6MCAxMHB4OyBtYXJnaW4tYm90dG9tOjE1cHgiPjJQ44K944OV44KhPC9wPjwvYT4KPC9kaXY+CjxkaXYgc3R5bGU9IndpZHRoOjE1MHB4OyBmbG9hdDpsZWZ0OyBtYXJnaW4tcmlnaHQ6MjBweCI+CjxhIGhyZWY9Imh0dHBzOi8vaXRlbS5yYWt1dGVuLmNvLmpwL2h1b25lc3QvMzY2MDAyNTIvIj48aW1nIGFsdD0iIiBib3JkZXI9IjAiIHNyYz0iaHR0cHM6Ly9pbWFnZS5yYWt1dGVuLmNvLmpwL2h1b25lc3QvY2FiaW5ldC9pY2hpMTcvMzY2MDAyNTJfbGluay5qcGciIHdpZHRoPSIxNTAiPgo8cCBzdHlsZT0icGFkZGluZzowIDEwcHg7IG1hcmdpbi1ib3R0b206MTVweCI+M1Djgr3jg5XjgqE8L3A+PC9hPgo8L2Rpdj4KPGRpdiBzdHlsZT0id2lkdGg6MTUwcHg7IGZsb2F0OmxlZnQ7IG1hcmdpbi1yaWdodDoyMHB4Ij4KPGEgaHJlZj0iaHR0cHM6Ly9pdGVtLnJha3V0ZW4uY28uanAvaHVvbmVzdC8zNjYwMDI1My8iPjxpbWcgYWx0PSIiIGJvcmRlcj0iMCIgc3JjPSJodHRwczovL2ltYWdlLnJha3V0ZW4uY28uanAvaHVvbmVzdC9jYWJpbmV0L2ljaGkxNy8zNjYwMDI1M19saW5rLmpwZyIgd2lkdGg9IjE1MCI+CjxwIHN0eWxlPSJwYWRkaW5nOjAgMTBweDsgbWFyZ2luLWJvdHRvbToxNXB4Ij7jgrnjg4Tjg7zjg6vjgIHjgqrjg4Pjg4jjg57jg7M8L3A+PC9hPgo8L2Rpdj48YnIgc3R5bGU9ImNsZWFyOmJvdGgiPjx0YWJsZSB3aWR0aD0iMTAwJSIgYm9yZGVyPSIwIiBjZWxsc3BhY2luZz0iMSIgY2VsbHBhZGRpbmc9IjgiIGNsYXNzPSJpX2thbnJlbiI+PHRyPjx0ZCBjb2xzcGFuPSIyIiBjbGFzcz0iaV9pbmZvX3QiPjxiPjxmb250IGNvbG9yPSIjMzMzIj7jgqTjg7Pjg5Xjgqnjg6Hjg7zjgrfjg6fjg7Pjg7vms6jmhI/kuovpoIU8L2ZvbnQ+PC9iPiA8L3RkPjwvdHI+PHRyPjx0aD7pgIHmlpnjgavjgaTjgYTjgaY8L3RoPjx0ZCBiZ2NvbG9yPSIjRkZGRkZGIj48cCBjbGFzcz0iZGVsaXZfZmVlX2hva3UiPuWMl+a1t+mBk+OBuOOBrumFjemAgeOBr+WIpemAlOmAgeaWmeOBjOOBi+OBi+OCiuOBvuOBmeOAgjxicj7ljJfmtbfpgZPpgIHmlpnvvJrjgJDljJc144CR44K/44Kk44OXPC9wPjxicj7pgIHmlpnnhKHmlpk8L3RkPjwvdHI+PHRyPjx0aD7msbrmuIjmlrnms5XjgavjgaTjgYTjgaY8L3RoPjx0ZCBiZ2NvbG9yPSIjRkZGRkZGIj7pgJrluLjmsbrmuIjvvIjjgYrosrfjgYTnianjgqzjgqTjg4njgIzjgYrmlK/miZXjgYTmlrnms5XjgavjgaTjgYTjgabjgI3jgpLjgZTnorroqo3jgY/jgaDjgZXjgYTjgII8L3RkPjwvdHI+PHRyPjx0aD7phY0g6YCBPC90aD48dGQgYmdjb2xvcj0iI0ZGRkZGRiI+PHAgc3R5bGU9ImNvbG9yOiNDQzAwMDA7Ij7igLvmspbnuITnnIzjg7vpm6Lls7bjg7vkuIDpg6jpgaDpmpTlnLDjgbjjga7jgYrlsYrjgZHjga/lh7rmnaXjgb7jgZvjgpPjgII8YnI+4oC744GK5bGK44GR5pel5pmC44Gu5oyH5a6a44Gv44GK5Y+X44GR44Gn44GN44G+44Gb44KT44CCPGJyPjxicj7igLvpgJrluLjjgIHjgYrlsYrjgZHjgb7jgafntIQy6YCx6ZaT44G744Gp44GL44GL44KK44G+44GZ44CC44G+44Gf44CB5qyg5ZOB5Lit44Gu5aC05ZCI44KE6YWN6YCB5Zyw5Z+f44Gr44KI44Gj44Gm44CB44GK5pmC6ZaT44KS44GE44Gf44Gg44GP5aC05ZCI44GM44GU44GW44GE44G+44GZ44Gu44Gn5LqI44KB44GU5LqG5om/44GP44Gg44GV44GE44CCPC9wPjwvdGQ+PC90cj48L3RhYmxlPjx0YWJsZSB3aWR0aD0iMTAwJSIgYm9yZGVyPSIwIiBjZWxsc3BhY2luZz0iMSIgY2VsbHBhZGRpbmc9IjgiIGNsYXNzPSJpX2thbnJlbiI+PHRyPjx0ZCBiZ2NvbG9yPSIjRjNGM0YzIj48Yj48Zm9udCBjb2xvcj0iMzMzIj7plqLpgKPllYblk4E8L2ZvbnQ+PC9iPiA8L3RkPjwvdHI+PHRyPjx0aD48cCBhbGlnbj0ibGVmdCI+4pePMVDjgr3jg5XjgqE8YnI+PGJyPuKXjzJQ44K944OV44KhPGJyPjxicj7il48zUOOCveODleOCoTxicj7il4/jgrnjg4Tjg7zjg6s8YnI+PC9wPjwvdGg+PC90cj48L3RhYmxlPjx0YWJsZSB3aWR0aD0iMTAwJSIgYm9yZGVyPSIwIiBjZWxsc3BhY2luZz0iMSIgY2VsbHBhZGRpbmc9IjgiIGNsYXNzPSJpX3NwZWMiPjx0cj48dGQgY29sc3Bhbj0iMiIgYmdjb2xvcj0iI0YzRjNGMyI+PGI+PGZvbnQgY29sb3I9IjMzMyI+6Kmz57Sw44O744K544Oa44OD44KvPC9mb250PjwvYj48L3RkPjwvdHI+PHRyPjx0aD7llYblk4HoqqzmmI48L3RoPjx0ZCBiZ2NvbG9yPSIjRkZGRkZGIj48cD7jgq/jg6njgrfjgqvjg6vjgarjgrfjg6vjgqjjg4Pjg4jjgYzljbDosaHnmoTjgILjgrPjg7Pjg5Hjgq/jg4jjgarjg4fjgrbjgqTjg7PjgafjgZnjgYzjgIHjgobjgaPjgZ/jgorjgajjgY/jgaTjgo3jgZLjgovog4zpnaLlvaLnirbjgILjgrXjgqTjgrrjgoLosYrlr4zjgafntYTjgb/lkIjjgo/jgZvjgabjgYrpg6jlsYvjgrPjg7zjg4fjgqPjg43jg7zjg4jjgII8YnI+44K944OV44KhIDLkurrmjpvjgZEg44OV44Kh44OW44Oq44OD44Kv44K944OV44KhIOODreODvOOCveODleOCoSDjg5Xjg63jgqLjgr3jg5XjgqEg44K944OV44Kh44O8IDLkurrmjpsgMlDjgr3jg5XjgqEg5pyo6ISaIOOCq+ODleOCp+OCveODleOCoSDjgqLjg7zjg6Djgr3jg5XjgqEg44OK44OB44Ol44Op44OrIOOCq+ODleOCp+miqCDjgrPjg7Pjg5Hjgq/jg4gg44Kr44Km44OB44K944OV44KhIOOCq+OCpuODgSDogpjku5jjgY3jgr3jg5XjgqEg44GK44GX44KD44KMIOOCt+ODs+ODl+ODqyDljJfmrKfpoqgg5byV6LaK44GXIOaWsOeUn+a0uyDmlrDlsYUg5LiA5Lq65pqu44KJ44GXPC9wPjwvdGQ+PC90cj48dHI+PHRoPuOCteOCpOOCujwvdGg+PHRkIGJnY29sb3I9IiNGRkZGRkYiPjxwPuW5hTEzM8OX5aWl6KGMODLDl+mrmDg4Y208YnI+5bqn6Z2i6auYNDJjbTxicj4q6ISa6auYMTdjbTwvcD48L3RkPjwvdHI+PHRyPjx0aD7mnZAg6LOqPC90aD48dGQgYmdjb2xvcj0iI0ZGRkZGRiI+44OV44Kh44OW44Oq44OD44Kv44CBU+ODkOODjeOAgeOCpuODrOOCv+ODs+ODleOCqeODvOODoDwvdGQ+PC90cj48dHI+PHRoPue1hCDnq4s8L3RoPjx0ZCBiZ2NvbG9yPSIjRkZGRkZGIj7lrozmiJDlk4Eo6ISa6YOo5Y+W5LuY44GR44GC44KKKTwvdGQ+PC90cj48dHI+PHRoPueUn+eUo+WbvTwvdGg+PHRkIGJnY29sb3I9IiNGRkZGRkYiPuS4reWbvSA8L3RkPjwvdHI+PHRyPjx0aD7jgZ3jga7ku5bjg7vms6jmhI/kuovpoIU8L3RoPjx0ZCBiZ2NvbG9yPSIjRkZGRkZGIj7igLvllYblk4HoqqzmmI7lhpnnnJ/jgavkvb/jgo/jgozjgabjgYTjgosg44CB5bCP54mp6aGe562J44Gv44CB5ZWG5ZOB44Gr5ZCr44G+44KM44Gm44GK44KK44G+44Gb44KT44CCIDxicj48YnI+4oC75ZWG5ZOB55S75YOP44Gv6Imy5ZCI44GE44KE57Sg5p2Q5oSf44GM5a6f6Zqb44Gu5ZWG5ZOB44Go55Ww44Gq44KL5aC05ZCI44GM44GU44GW44GE44G+44GZ44CCPGJyPjxicj7igLvjg6Ljg4vjgr/jg7zjg7vjg4fjgqPjgrnjg5fjg6zjgqTjgavjgojjgaPjgabjgoLlhpnjgormlrnjgYzlpInjgorjgb7jgZnjgILkuojjgoHjgZTkuobmib/jgY/jgaDjgZXjgYTjgILmorHljIXjgrXjgqTjgrrvvJoxMzTvvZg4M++9mDcyY208YnI+4oC744Kq44OD44OI44Oe44Oz44K544OE44O844Or44Gv5Yil5aOy44Gn44GZ44CCPC90ZD48L3RyPjwvdGFibGU+PHN0eWxlIHR5cGU9InRleHQvY3NzIj4KQGNoYXJzZXQgInV0Zi04IjsKLyogQ1NTIERvY3VtZW50ICovCgojbGVmdG5hdiBoMyB7CmJhY2tncm91bmQ6IHVybChodHRwOi8vd3d3LnJha3V0ZW4ubmUuanAvZ29sZC9odW9uZXN0L2ltYWdlcy9uYXZfaWNvbjAxLmdpZikgbm8tcmVwZWF0IDAgNnB4OwpwYWRkaW5nOjAgMCAyMHB4IDMwcHg7CmZvbnQtc2l6ZToyMHB4Owpmb250LXdlaWdodDpib2xkOwp3aWR0aDo2ODBweAp9CgojbGVmdG5hdiBoMyBzcGFuIHsKZm9udC1zaXplOjEycHg7CmNvbG9yOiM2NjY7CnBhZGRpbmctbGVmdDo0cHgKfQoKLmxpbmUgewpiYWNrZ3JvdW5kOiB1cmwoaHR0cDovL3d3dy5yYWt1dGVuLm5lLmpwL2dvbGQvaHVvbmVzdC9pbWFnZXMvbGluZS5naWYpIHJlcGVhdC14IGJvdHRvbSBsZWZ0OwptYXJnaW4tYm90dG9tOjEwcHg7Cn0KPC9zdHlsZT4KPGhlYWQ+Cgo8dGl0bGU+5YWx6YCa6Kqs5piO5paH5aSnPC90aXRsZT4KPC9oZWFkPgoKCjxkaXYgY2xhc3M9ImxpbmUiPgo8aW1nIHNyYz0iaHR0cDovL2ltYWdlLnJha3V0ZW4uY28uanAvaHVvbmVzdC9jYWJpbmV0LzAzOTUzMjMwL2ltZ3JjMDA2NDcwNzgzMC5qcGciIHdpZHRoPSI4NDAiIC8+Cjxicj48YnI+CjxoMz5ORVcgQVJSSVZBTDxzcGFuPuaWsOedgOWVhuWTgTwvc3Bhbj48L2gzPgo8L2Rpdj4KCgoKPGJyIHN0eWxlPSJjbGVhcjpib3RoIiAvPgoKCgoKCjwvaHRtbD4=,44K944OV44KhIDLkurrmjpvjgZEg44OV44Kh44OW44Oq44OD44KvIOOCveODleOCoSDkuozkurrmjpvjgZEgMlAg6ISa44KS44Gv44Ga44GX44Gm44Ot44O844K/44Kk44OX44Gn44KC5L2/44GI44KLMndheeOCveODleOCoSDjg63jg7zjgr3jg5XjgqEg44Kz44Oz44OR44Kv44OIIOOCr+ODqeOCt+OCq+ODqyDjg5XjgqHjg5bjg6rjg4Pjgq/jgr3jg5XjgqHjg7zvvJpIVU9ORVNU,44K944OV44KhIDLkurrmjpvjgZEg44OV44Kh44OW44Oq44OD44KvIOOCveODleOCoSDkuozkurrmjpvjgZEgMlAg6ISa44KS44Gv44Ga44GX44Gm44Ot44O844K/44Kk44OX44Gn44KC5L2/44GI44KLMndheeOCveODleOCoSDjg63jg7zjgr3jg5XjgqEg44Kz44Oz44OR44Kv44OIIOOCr+ODqeOCt+OCq+ODqyDjg5XjgqHjg5bjg6rjg4Pjgq/jgr3jg5XjgqHjg7w=,44OV44Kh44OW44Oq44OD44Kv44K944OV44KhIDLkurrmjpvjgZEg44K944OV44KhIOS6jOS6uuaOm+OBkSAyUCDjgILjgr3jg5XjgqEgMuS6uuaOm+OBkSDjg5XjgqHjg5bjg6rjg4Pjgq8g44K944OV44KhIOS6jOS6uuaOm+OBkSAyUCDohJrjgpLjga/jgZrjgZfjgabjg63jg7zjgr/jgqTjg5fjgafjgoLkvb/jgYjjgosyd2F544K944OV44KhIOODreODvOOCveODleOCoSDjgrPjg7Pjg5Hjgq/jg4gg44Kv44Op44K344Kr44OrIOODleOCoeODluODquODg+OCr+OCveODleOCoeODvA==[rn]
37-51619,aHR0cDovL3RzaG9wLnIxMHMuanAvaHVvbmVzdC9jYWJpbmV0L3NhbnUvNjY1MDEzMi5qcGc/Zml0aW49NzAwOjcwMA==,NDkyMDYuNDAwMA==,,44Kk44Oz44OG44Oq44Ki44O75a+d5YW344O75Y+O57SNID4g44K944OV44Kh44O744K944OV44Kh44OZ44OD44OJID4gMuS6uuaOm+OBkeOCveODleOCoSA+IOW4g+WcsA==,77yS5Lq65o6b44GR44K944OV44KhIOODmOODs+ODquODvCBIZW5yeSDluYUxMjdjbeOAkOmAgeaWmeeEoeaWmeOAkeWMl+asp+OCueOCv+OCpOODqyDlpKnnhLbmnKgg44Ki44OD44K344Ol5p2QIOWMl+aspyDkuozkurrmjpvjgZHjgr3jg5XjgqEg44OV44Kh44OW44Oq44OD44Kv44K944OV44KhIOOCsOODquODvOODsyDjg5bjg6njgqbjg7Mg44K344Oz44OX44OrIOiCmOS7mOOBjSDohJrku5jjgY0g44OK44OB44Ol44Op44Or44K944OV44KhIDJQIOODquODk+ODs+OCsOOCveODleOCoeODvCDluIPlnLAgW2J544GK44GZ44GZ44KBXSDmlrDnlJ/mtLsg5byV6LaK,MuS6uuaOm+OBkeOCveODleOCoSDjg5jjg7Pjg6rjg7zjgrfjg6rjg7zjgrogSGVucnkg5pyo6IKY44K944OV44Kh44O8,PGRpdiBzdHlsZT0id2lkdGg6IDY3MHB4OyBmb250LXNpemU6IDE0cHg7Ij4KPGltZyBzcmM9Imh0dHBzOi8vaW1hZ2UucmFrdXRlbi5jby5qcC9odW9uZXN0L2NhYmluZXQvc2FudS82NjUwMTMyYS5qcGciIGFsdD0i44Kr44OV44Kn5rCX5YiG44Gn44KG44Gj44Gf44KK5qW944GX44KA5YyX5qyn44K544K/44Kk44OrIC0gMuS6uuaOm+OBkeOCveODleOCoeOAgOODmOODs+ODquODvCBIZW5yeSIgLz48YnIgLz4KPGltZyBzcmM9Imh0dHBzOi8vaW1hZ2UucmFrdXRlbi5jby5qcC9odW9uZXN0L2NhYmluZXQvc2FudS82NjUwMTMyYi5qcGciIGFsdD0i6Ieq54S244Gu5rip44KC44KK44KS5oSf44GY44GV44Gb44KL5YSq44GX44GE5pyo55uu44GM5Y2w6LGh55qEIiBzdHlsZT0ibWFyZ2luLXRvcDogMjBweDsiIC8+PGJyIC8+CjxpbWcgc3JjPSJodHRwczovL2ltYWdlLnJha3V0ZW4uY28uanAvaHVvbmVzdC9jYWJpbmV0L3NhbnUvNjY1MDEzMmMuanBnIiBhbHQ9IuODiuODgeODpeODqeODq+OBquizquaEn+OBjOOBiumDqOWxi+OCkuWEquOBl+OBj+a8lOWHuuOBl+OBvuOBmeOAgiIgc3R5bGU9Im1hcmdpbi10b3A6IDIwcHg7IiAvPjxiciAvPgo8aW1nIHNyYz0iaHR0cHM6Ly9pbWFnZS5yYWt1dGVuLmNvLmpwL2h1b25lc3QvY2FiaW5ldC9zYW51LzY2NTAxMzJkLmpwZyIgYWx0PSJDb2xvciIgc3R5bGU9Im1hcmdpbi10b3A6IDMwcHg7IiAvPjxiciAvPgo8aW1nIHNyYz0iaHR0cHM6Ly9pbWFnZS5yYWt1dGVuLmNvLmpwL2h1b25lc3QvY2FiaW5ldC9zYW51LzY2NTAxMzJlLmpwZyIgYWx0PSJTaXplIiBzdHlsZT0ibWFyZ2luLXRvcDogMzBweDsiIC8+PGJyIC8+CjxpbWcgc3JjPSJodHRwczovL2ltYWdlLnJha3V0ZW4uY28uanAvaHVvbmVzdC9jYWJpbmV0L3NhbnUvNjY1MDEzMmYuanBnIiBhbHQ9IuWMl+asp+ODh+OCtuOCpOODsyDkuozkurrmjpvjgZHjgr3jg5XjgqEiIHN0eWxlPSJtYXJnaW4tdG9wOiAzMHB4OyIgLz48YnIgLz4KPGltZyBzcmM9Imh0dHBzOi8vaW1hZ2UucmFrdXRlbi5jby5qcC9odW9uZXN0L2NhYmluZXQvc2FudS82NjUwMTMyZy5qcGciIGFsdD0i77yS77yw44K944OV44KhIiBzdHlsZT0ibWFyZ2luLXRvcDogMzBweDsiIC8+PGJyIC8+PGJyPgo8aW1nIHNyYz0iaHR0cHM6Ly9pbWFnZS5yYWt1dGVuLmNvLmpwL2h1b25lc3QvY2FiaW5ldC9zdWdpbW90by9rYW5yZW4uanBnIiBhbHQ9IiIgICBib3JkZXI9IjAiICA+PGJyPgo8dGFibGUgd2lkdGg9IjY3MCIgYm9yZGVyPSIwIiBjZWxsc3BhY2luZz0iMSIgc3R5bGU9ImZvbnQtc2l6ZToxMnB4OyBmb250LXdlaWdodDpib2xkOyI+Cjx0cj4KPHRkIGJnY29sb3I9IiNGRkZGRkYiPjxhIGhyZWY9Imh0dHBzOi8vaXRlbS5yYWt1dGVuLmNvLmpwL2h1b25lc3QvMTQwNTA2NzEvIj48aW1nIHNyYz0iaHR0cHM6Ly9pbWFnZS5yYWt1dGVuLmNvLmpwL2h1b25lc3QvY2FiaW5ldC9zYW51LzE0MDUwNjcxXzIwMC5qcGciIGFsdD0iIiAgIGJvcmRlcj0iMCIgID48YnIgLz7jgr3jg5XjgqHjg7zjgrXjgqTjg4njg4bjg7zjg5bjg6s8L2E+PC90ZD4KPHRkIGJnY29sb3I9IiNGRkZGRkYiPjxhIGhyZWY9Imh0dHBzOi8vaXRlbS5yYWt1dGVuLmNvLmpwL2h1b25lc3QvNjY1MDEzMS8iPjxpbWcgc3JjPSJodHRwczovL2ltYWdlLnJha3V0ZW4uY28uanAvaHVvbmVzdC9jYWJpbmV0L3NhbnUvNjY1MDEzMV8yMDAuanBnIiBhbHQ9IiIgICBib3JkZXI9IjAiICA+PGJyIC8+CuOCu+ODs+OCv+ODvOODhuODvOODluODqzwvYT48L3RkPgo8dGQgYmdjb2xvcj0iI0ZGRkZGRiI+PGEgaHJlZj0iaHR0cHM6Ly9pdGVtLnJha3V0ZW4uY28uanAvaHVvbmVzdC82NjUwMTMyLyI+PGltZyBzcmM9Imh0dHBzOi8vaW1hZ2UucmFrdXRlbi5jby5qcC9odW9uZXN0L2NhYmluZXQvc2FudS82NjUwMTMyXzIwMC5qcGciIGFsdD0iIiAgIGJvcmRlcj0iMCIgID48YnIgLz4y5Lq65o6b44GR44K944OV44Kh44O8PC9hPjwvdGQ+CjwvdHI+Cjx0cj4KPHRkIGJnY29sb3I9IiNGRkZGRkYiIGhlaWdodD0iMjAiPjwvdGQ+Cjx0ZCBiZ2NvbG9yPSIjRkZGRkZGIj48L3RkPgo8dGQgYmdjb2xvcj0iI0ZGRkZGRiI+PC90ZD4KPC90cj4KPHRyPgo8dGQgYmdjb2xvcj0iI0ZGRkZGRiI+PGEgaHJlZj0iaHR0cHM6Ly9pdGVtLnJha3V0ZW4uY28uanAvaHVvbmVzdC82NjUwMTMzLyI+PGltZyBzcmM9Imh0dHBzOi8vaW1hZ2UucmFrdXRlbi5jby5qcC9odW9uZXN0L2NhYmluZXQvc2FudS82NjUwMTMzXzIwMC5qcGciIGFsdD0iIiAgIGJvcmRlcj0iMCIgID48YnIgLz4z5Lq65o6b44GR44K944OV44Kh44O8PC9hPjwvdGQ+Cjx0ZCBiZ2NvbG9yPSIjRkZGRkZGIj48YSBocmVmPSJodHRwczovL2l0ZW0ucmFrdXRlbi5jby5qcC9odW9uZXN0LzY2NTAxMzAvIj48aW1nIHNyYz0iaHR0cHM6Ly9pbWFnZS5yYWt1dGVuLmNvLmpwL2h1b25lc3QvY2FiaW5ldC9zYW51LzY2NTAxMzBfMjAwLmpwZyIgYWx0PSIiICAgYm9yZGVyPSIwIiAgPjxiciAvPjLkurrmjpvjgZHjgr3jg5XjgqHjg7w8L2E+PC90ZD4KPHRkIGJnY29sb3I9IiNGRkZGRkYiPjxhIGhyZWY9Imh0dHBzOi8vaXRlbS5yYWt1dGVuLmNvLmpwL2h1b25lc3QvNjY1MDEzNC8iPjxpbWcgc3JjPSJodHRwczovL2ltYWdlLnJha3V0ZW4uY28uanAvaHVvbmVzdC9jYWJpbmV0L3NhbnUvNjY1MDEzNF8yMDAuanBnIiBhbHQ9IiIgICBib3JkZXI9IjAiICA+PGJyIC8+MuS6uuaOm+OBkeOCveODleOCoeODvDwvYT48L3RkPgo8L3RyPgo8L3RhYmxlPgo8L2Rpdj48YnI+CjxwIGNsYXNzPSJkZWxpdl9mZWVfaG9rdSI+5YyX5rW36YGT44G444Gu6YWN6YCB44Gv5Yil6YCU6YCB5paZ44GM44GL44GL44KK44G+44GZ44CCPGJyPuWMl+a1t+mBk+mAgeaWme+8muOAkOWMlzPjgJHjgr/jgqTjg5c8L3A+Cjxmb250IGNvbG9yPSJGRjAwMDAwMCI+PGJyPgrigLvmspbnuITjgIHpm6Lls7bjg7vpgaDpmpTlnLDjgavplqLjgZfjgb7jgZfjgabjga/liKXpgJTpgIHmlpnjgYzjgYvjgYvjgorjgb7jgZnjgII8L2ZvbnQ+PGJyPjxicj7jg7vjgq/jg4Pjgrfjg6fjg7PmgKfjga7jgYLjgovluqfpnaLjga/jg5zjg6rjg6Xjg7zjg6DjgoLjgZ/jgaPjgbfjgorjgafjgIHluqfjgorlv4PlnLDjgoLmipznvqTjgafjgZnjgII8YnI+Cgrjg7vjg4rjg4Hjg6Xjg6njg6vjgaros6rmhJ/jgYzjgYrpg6jlsYvjgpLlhKrjgZfjgY/mvJTlh7rjgZfjgb7jgZnjgII8YnI+Cgrjg7vnqY/jgoTjgYvjgarmsJfliIbjgpLmhJ/jgZjjgZXjgZvjgovvvJLjgqvjg6njg7zjgILlpKnnhLbmnKjjga7jg5Xjg6zjg7zjg6DjgYzou73jgoTjgYvjgaflnKfov6vmhJ/jga7jgarjgYTjgrXjgqTjgrrjgafjgZnjgII8YnI+PC9wPiA8aHIgd2lkdGg9IjAiIHNpemU9IjAiIHN0eWxlPSJ3aWR0aDoxMDAlOyBib3JkZXItYm90dG9tOnRoaW47Ij4gPHAgc3R5bGU9IndpZHRoOjEwMCU7Ij7ilqDjgrXjgqTjgrrvvJo8YnI+5bmFMTI3w5flpaXooYzjgY03McOX6auY44GVODVjbe+8iOW6p+mdouOBvuOBp+OBrumrmOOBlTQxY23vvIk8YnI+CjwvcD4gPGhyIHdpZHRoPSIwIiBzaXplPSIwIiBzdHlsZT0id2lkdGg6MTAwJTsgYm9yZGVyLWJvdHRvbTp0aGluOyI+IDxwIHN0eWxlPSJ3aWR0aDoxMDAlOyI+4pag5p2Q6LOqPGJyPgrlpKnnhLbmnKjvvIjjgqLjg4Pjgrfjg6XvvInjgIHjgqbjg6zjgr/jg7PloZfoo4U8YnI+CuODneODquOCqOOCueODhuODq+OAgeOCs+ODg+ODiOODszxicj48YnI+PC9wPiA8aHIgd2lkdGg9IjAiIHNpemU9IjAiIHN0eWxlPSJ3aWR0aDoxMDAlOyBib3JkZXItYm90dG9tOnRoaW47Ij4gPHAgc3R5bGU9IndpZHRoOjEwMCU7Ij7ilqDjgYrlrqLmp5jntYTnq4vlk4HvvJrlpKfkurrvvJHlkI3ntIQxNeWIhjxicj7igLvohJrpg6jjga7jgb/lj5bjgorku5jjgZE8L3A+CjxociB3aWR0aD0iMCIgc2l6ZT0iMCIgc3R5bGU9IndpZHRoOjEwMCU7IGJvcmRlci1ib3R0b206dGhpbjsiPjxwPuODoeODvOOCq+ODvOW4jOacm+Wwj+WjsuS+oeagvOOBr+ODoeODvOOCq+ODvOOCteOCpOODiOOBq+WfuuOBpeOBhOOBpuaOsui8ieOBl+OBpuOBhOOBvuOBmTwvcD48bGluayByZWw9InN0eWxlc2hlZXQiIGhyZWY9Imh0dHA6Ly93d3cucmFrdXRlbi5uZS5qcC9nb2xkL2h1b25lc3QvY3NzL3N0eWxlLmNzcyIgLz4KCjxpbWcgc3JjPSJodHRwOi8vaW1hZ2UucmFrdXRlbi5jby5qcC9odW9uZXN0L2NhYmluZXQvMDM5NTMyMzAvc29mYV85ODBfNDAwLmpwZyIgYWx0PSLkurrmsJfjga7jgYrjgZfjgoPjgozjgr3jg5XjgqHjg7vjgr3jg5XjgqHjg7zjg5njg4Pjg4kg6YCa6LKpIiB3aWR0aD0iODAwIiAvPjxicj4K5Lq65rCX44Gu5YyX5qyn6aKo44K944OV44Kh44KE44K944OV44Kh44O844OZ44OD44OJ44GM5Yui44Ge44KN44GE77yB44GK44GX44KD44KM44K944OV44Kh44O744K944OV44Kh44O844OZ44OD44OJ54m56ZuGPGJyPgo8YnI+CgoKCgo8ZGl2IGNsYXNzPSJsaW5lIj4KPGgzPk5FVyBBUlJJVkFMPHNwYW4+5paw552A5ZWG5ZOBPC9zcGFuPjwvaDM+CjwvZGl2PgoKCgo8YnIgc3R5bGU9ImNsZWFyOmJvdGgiIC8+,77yS5Lq65o6b44GR44K944OV44KhIOODmOODs+ODquODvCBIZW5yeSDluYUxMjdjbeOAkOmAgeaWmeeEoeaWmeOAkeWMl+asp+OCueOCv+OCpOODqyDlpKnnhLbmnKgg44Ki44OD44K344Ol5p2QIOWMl+aspyDkuozkurrmjpvjgZHjgr3jg5XjgqEg44OV44Kh44OW44Oq44OD44Kv44K944OV44KhIOOCsOODquODvOODsyDjg5bjg6njgqbjg7Mg44K344Oz44OX44OrIOiCmOS7mOOBjSDohJrku5jjgY0g44OK44OB44Ol44Op44Or44K944OV44KhIDJQIOODquODk+ODs+OCsOOCveODleOCoeODvCDluIPlnLAgW2J544GK44GZ44GZ44KBXSDmlrDnlJ/mtLsg5byV6LaK77yaSFVPTkVTVA==,77yS5Lq65o6b44GR44K944OV44KhIOODmOODs+ODquODvCBIZW5yeSDluYUxMjdjbeOAkOmAgeaWmeeEoeaWmeOAkeWMl+asp+OCueOCv+OCpOODqyDlpKnnhLbmnKgg44Ki44OD44K344Ol5p2QIOWMl+aspyDkuozkurrmjpvjgZHjgr3jg5XjgqEg44OV44Kh44OW44Oq44OD44Kv44K944OV44KhIOOCsOODquODvOODsyDjg5bjg6njgqbjg7Mg44K344Oz44OX44OrIOiCmOS7mOOBjSDohJrku5jjgY0g44OK44OB44Ol44Op44Or44K944OV44KhIDJQIOODquODk+ODs+OCsOOCveODleOCoeODvCDluIPlnLAgW2J544GK44GZ44GZ44KBXSDmlrDnlJ/mtLsg5byV6LaK,MuS6uuaOm+OBkeOCveODleOCoSDjg5jjg7Pjg6rjg7zjgrfjg6rjg7zjgrogSGVucnkg5pyo6IKY44K944OV44Kh44O844CC77yS5Lq65o6b44GR44K944OV44KhIOODmOODs+ODquODvCBIZW5yeSDluYUxMjdjbeOAkOmAgeaWmeeEoeaWmeOAkeWMl+asp+OCueOCv+OCpOODqyDlpKnnhLbmnKgg44Ki44OD44K344Ol5p2QIOWMl+aspyDkuozkurrmjpvjgZHjgr3jg5XjgqEg44OV44Kh44OW44Oq44OD44Kv44K944OV44KhIOOCsOODquODvOODsyDjg5bjg6njgqbjg7Mg44K344Oz44OX44OrIOiCmOS7mOOBjSDohJrku5jjgY0g44OK44OB44Ol44Op44Or44K944OV44KhIDJQIOODquODk+ODs+OCsOOCveODleOCoeODvCDluIPlnLAgW2J544GK44GZ44GZ44KBXSDmlrDnlJ/mtLsg5byV6LaK[rn]
37-51620,aHR0cDovL3RzaG9wLnIxMHMuanAvaHVvbmVzdC9jYWJpbmV0L3lrMS8xMTQwMDgwMS5qcGc/Zml0aW49NzAwOjcwMA==,MjQ2NDAuODAwMA==,,44Kk44Oz44OG44Oq44Ki44O75a+d5YW344O75Y+O57SNID4g44K944OV44Kh44O744K944OV44Kh44OZ44OD44OJID4gMuS6uuaOm+OBkeOCveODleOCoSA+IOW4g+WcsA==,44K944OV44KhIOODgeOCp+OCoiDmpIXlrZAg44Kr44OV44Kn6aKoIOODrOODiOODrSDjgqLjg7Pjg4bjgqPjg7zjgq8g5LqM5Lq655SoIOS6jOS6uuaOm+OBkSDmnKjogpjjgr3jg5XjgqEg5pyo6KO9IOWkqeeEtuacqCDjg5XjgqHjg5bjg6rjg4Pjgq8g44Kv44O844OR44O8,44K944OV44KhIOODgeOCp+OCoiDmpIXlrZAg44Kr44OV44Kn6aKoIOODrOODiOODrSDjgqLjg7Pjg4bjgqPjg7zjgq8g5LqM5Lq655SoIOS6jOS6ug==,PGRpdiBjbGFzcz0iaXBibG9jayI+Cgo8aW1nIHNyYz0iaHR0cHM6Ly9pbWFnZS5yYWt1dGVuLmNvLmpwL2h1b25lc3QvY2FiaW5ldC95azEvMTE0MDA4MDEuanBnIiBhbHQ9IuacqOiCmOOCveODleOCoeOAgOOCr+ODvOODkeODvO+8ku+8sCI+PGJyPjxicj48YnI+CjxpbWcgc3JjPSJodHRwczovL2ltYWdlLnJha3V0ZW4uY28uanAvaHVvbmVzdC9jYWJpbmV0L3lrMS8xMTQwMDgwMV8xLmpwZyI+PGJyPjxicj48YnI+CjxpbWcgc3JjPSJodHRwczovL2ltYWdlLnJha3V0ZW4uY28uanAvaHVvbmVzdC9jYWJpbmV0L3lrMS8xMTQwMDgwMV8yLmpwZyI+PGJyPjxicj48YnI+CjxpbWcgc3JjPSJodHRwczovL2ltYWdlLnJha3V0ZW4uY28uanAvaHVvbmVzdC9jYWJpbmV0L3lrMS8xMTQwMDgwMV8zLmpwZyI+CjxoNCBjbGFzcz0iaXBjb3B5MiI+5LiA5Lq65pqu44KJ44GX44Gu44GK6YOo5bGL44Gr44KC5rCX6Lu944Gr6Kit572u44Gn44GN44KLPGJyPgogIOOCs+ODs+ODkeOCr+ODiOOBquS6jOS6uuaOm+OBkeOCveODleOCoeOBp+OBmeOAgjwvaDQ+CjxwIGNsYXNzPSJpcHR4dDIiPuaJi+eLreOBquOCueODmuODvOOCueOBq+OCgue9ruOBjeOChOOBmeOBhOOCs+ODs+ODkeOCr+ODiOOCteOCpOOCuuOBquOBjOOCieOAgeODnOODquODpeODvOODoOOBn+OBo+OBt+OCiuOBruW6p+mdouOBp+W6p+OCiuW/g+WcsOOBr+W/q+mBqeOAguODquODk+ODs+OCsOOBp+mBjuOBlOOBmeOBsuOBqOaZguOCkuOBleOCieOBq+ODquODqeODg+OCr+OCueOBp+OBjeOCi+aZgumWk+OBq+WkieOBiOOBpuOBj+OCjOOCi+OCveODleOCoeOBp+OBmeOAguWkqeeEtuacqOOBjOS9v+OCj+OCjOOBn+ODleODrOODvOODoOOBr+imi+OBn+ebruOBq+OCguaflOOCieOBi+OBquWNsOixoeOBp+OAgeiCjOOBq+inpuOCjOOBn+aZguOBruWEquOBl+OBleOCguODkOODhOOCsOODs+OAgue3qeOChOOBi+OBq+OCq+ODvOODluOBl+OBn+iCmOe9ruOBjeOBr+OChuOBo+OBn+OCiuOBqOW6p+OBo+OBn+Wnv+WLouOCkualveOBq+OCreODvOODl+OBl+OBpuOBj+OCjOOBpuOAgemVt+OBj+W6p+OBo+OBpuOBhOOBpuOCgueWsuOCjOOBvuOBm+OCk+OAgjwvcD4KCgo8YnI+CjxoNCBzdHlsZT0iYmFja2dyb3VuZC1jb2xvcjogI2M5NiA7IGNvbG9yOiNmZmY7IiBjbGFzcz0iaXBiYXIyIj5EZXRhaWw8L2g0Pgo8cCBjbGFzcz0iaXB0eHQyIj7lraPnr4DjgpLllY/jgo/jgZrlv6vpganjgarogozop6bjgorjgpLmpb3jgZfjgoHjgovjg5XjgqHjg5bjg6rjg4Pjgq/lvLXjgorjgafjgZnjgII8L3A+CjxpbWcgc3JjPSJodHRwczovL2ltYWdlLnJha3V0ZW4uY28uanAvaHVvbmVzdC9jYWJpbmV0L3lrMS8xMTQwMDgwMV80LmpwZyI+CjxwIGNsYXNzPSJpcHR4dDIiPuaxl+OBsOOCgOWto+evgOOCguiCjOOBq+iyvOOCiuOBpOOBi+OBmuOAgeWGt+OBiOi+vOOCgOWto+evgOOBp+OCguODkuODs+ODpOODquaEn+OBruOBquOBhOODleOCoeODluODquODg+OCr+W8teOCiuOAguiCjOOBq+inpuOCjOOBn+aZguOCguW/q+mBqeOBp+mrmOe0muaEn+OCguOBn+OBo+OBt+OCiuOBp+OBmeOAguOCt+ODs+ODl+ODq+OBquODh+OCtuOCpOODs+OBq+OCueODhuODg+ODgeOBqOODnOOCv+ODs+OBp+OCouOCr+OCu+ODs+ODiOOCkuOBpOOBkeOBn+OCveODleOCoeOBr+OBqeOCk+OBquOBiumDqOWxi+OChOOCpOODs+ODhuODquOCouOBq+OCguOBl+OBo+OBj+OCiuOBqOmmtOafk+OCk+OBp+OBj+OCjOOBvuOBmeOAgjwvcD4KCgoKPGJyPgo8aDQgc3R5bGU9ImJhY2tncm91bmQtY29sb3I6ICNjOTYgOyBjb2xvcjojZmZmOyIgY2xhc3M9ImlwYmFyMiI+U3BlYzwvaDQ+CjxwIGNsYXNzPSJpcHR4dDIiPuiCmOe9ruOBjeOChOiEmumDqOOBruWkqeeEtuacqOOBq+S4uOOBv+OCkuaMgeOBn+OBm+OCi+OBk+OBqOOBpzxicj4KICDogozop6bjgorjga7oia/jgZXjgajlronlhajmgKfjgpLjgqLjg4Pjg5fjgZfjgb7jgZfjgZ/jgII8L3A+CjxpbWcgc3JjPSJodHRwczovL2ltYWdlLnJha3V0ZW4uY28uanAvaHVvbmVzdC9jYWJpbmV0L3lrMS8xMTQwMDgwMV81LmpwZyI+Cgo8YnI+CjxoNCBzdHlsZT0iYmFja2dyb3VuZC1jb2xvcjogI2M5NiA7IGNvbG9yOiNmZmY7IiBjbGFzcz0iaXBiYXIyIj5Db2xvcjwvaDQ+CjxwIGNsYXNzPSJpcHR4dDIiPuixiuWvjOOBquOCq+ODqeODvOODkOODquOCqOODvOOCt+ODp+ODszwvcD4KPGltZyBzcmM9Imh0dHBzOi8vaW1hZ2UucmFrdXRlbi5jby5qcC9odW9uZXN0L2NhYmluZXQveWsxLzExNDAwODAxXzYuanBnIj4KCjxicj4KPGg0IHN0eWxlPSJiYWNrZ3JvdW5kLWNvbG9yOiAjYzk2IDsgY29sb3I6I2ZmZjsiIGNsYXNzPSJpcGJhcjIiPumWoumAo+WVhuWTgTwvaDQ+Cjx0YWJsZSB3aWR0aD0iMTAwJSIgYm9yZGVyPSIwIiBjZWxsc3BhY2luZz0iMSIgY2VsbHBhZGRpbmc9IjgiIGNsYXNzPSJpX3Zhcl9ib3giIHN0eWxlPSJtYXJnaW4tYm90dG9tOjQwcHg7Ij4KPHRyPgo8dGggY29sc3Bhbj0iMyI+44OQ44Oq44Ko44O844K344On44Oz44O744K144Kk44K6PC90aD4KPC90cj4KPHRyIGFsaWduPSJjZW50ZXIiIHZhbGlnbj0idG9wIj4KPHRkPgo8YSBocmVmPSJodHRwczovL2l0ZW0ucmFrdXRlbi5jby5qcC9odW9uZXN0LzExNDAwODAwLyI+PGltZyBzcmM9Imh0dHBzOi8vaW1hZ2UucmFrdXRlbi5jby5qcC9odW9uZXN0L2NhYmluZXQveWsxLzExNDAwODAwLmpwZyIgYWx0PSLmnKjogpjjgr3jg5XjgqEgMVAgMeS6uuaOm+OBkSIgd2lkdGg9IjIwMCI+PGJyPuacqOiCmOOCveODleOCoSAxUCAx5Lq65o6b44GRPC9hPjxicj4KPC90ZD4KPHRkPgo8YSBocmVmPSJodHRwczovL2l0ZW0ucmFrdXRlbi5jby5qcC9odW9uZXN0LzExNDAwODAxLyI+PGltZyBzcmM9Imh0dHBzOi8vaW1hZ2UucmFrdXRlbi5jby5qcC9odW9uZXN0L2NhYmluZXQveWsxLzExNDAwODAxLmpwZyIgYWx0PSLmnKjogpjjgr3jg5XjgqEgMlAgMuS6uuaOm+OBkSIgd2lkdGg9IjIwMCI+PGJyPuacqOiCmOOCveODleOCoSAyUCAy5Lq65o6b44GRPC9hPjxicj4KPC90ZD4KPHRkPgo8YSBocmVmPSJodHRwczovL2l0ZW0ucmFrdXRlbi5jby5qcC9odW9uZXN0LzExNDAwODAyLyI+PGltZyBzcmM9Imh0dHBzOi8vaW1hZ2UucmFrdXRlbi5jby5qcC9odW9uZXN0L2NhYmluZXQveWsxLzExNDAwODAyLmpwZyIgYWx0PSLjgqrjg4Pjg4jjg57jg7Mo5pyo6IKY44K944OV44Kh55SoKSIgd2lkdGg9IjIwMCI+PGJyPuOCquODg+ODiOODnuODsyjmnKjogpjjgr3jg5XjgqHnlKgpPC9hPjxicj4KPC90ZD4KPC90cj4KPC90YWJsZT4KCjxicj4KPGJyPgoKCjwvZGl2Pjx0YWJsZSB3aWR0aD0iMTAwJSIgYm9yZGVyPSIwIiBjZWxsc3BhY2luZz0iMSIgY2VsbHBhZGRpbmc9IjgiIGNsYXNzPSJpX2luZm8iPgo8dHI+Cjx0ZCBjb2xzcGFuPSIyIiBjbGFzcz0iaV9pbmZvX3QiPgo8Yj48Zm9udCBjb2xvcj0iIzMzMzMzMyI+44Kk44Oz44OV44Kp44Oh44O844K344On44Oz44O75rOo5oSP5LqL6aCFPC9mb250PjwvYj4KPC90ZD4KPC90cj4KPHRyPgo8dGg+6YCB5paZ44Gr44Gk44GE44GmPC90aD4KPHRkIGNsYXNzPSJpYXR0bnNvcnlvIiBiZ2NvbG9yPSIjRkZGRkZGIj48cD4K6YCB5paZ54Sh5paZCjwvcD4gPC90ZD4KPC90cj4KPHRyPgo8dGg+5rG65riI5pa55rOV44Gr44Gk44GE44GmPC90aD4KPHRkIGJnY29sb3I9IiNGRkZGRkYiIGNsYXNzPSJpYXR0bnBleSI+CjxpbWcgc3JjPSJodHRwczovL2ltYWdlLnJha3V0ZW4uY28uanAvaHVvbmVzdC9jYWJpbmV0L2NhbS9kaWJpa2kuZ2lmIiBhbHQ9IuS7o+mHkeW8leaPm+S4jeWPr+WVhuWTgSIgYm9yZGVyPSIwIiA+PGJyPjxicj48Zm9udCBjb2xvcj0icmVkIj7igLvku6PlvJXjgY3kuI3lj6/jga7llYblk4Hjgajjgarjgorjgb7jgZnjgILku5bjga7jgYrmlK/miZXjgYTmlrnms5XjgpLjgYrpgbjjgbPjgY/jgaDjgZXjgYTjgII8L2ZvbnQ+PEJSPjxCUj4KPHA+77yI44GK6LK344GE54mp44Ks44Kk44OJ44CM44GK5pSv5omV44GE5pa55rOV44Gr44Gk44GE44Gm44CN44KS44GU56K66KqN44GP44Gg44GV44GE44CC77yJPC9wPjwvdGQ+IDwvdHI+PHRyPgo8dGg+6YWNIOmAgTwvdGg+Cjx0ZCBjbGFzcz0iaWF0dG5kZWxpIiBiZ2NvbG9yPSIjRkZGRkZGIj4K4oC75rKW57iE55yM44O76Zui5bO244O75LiA6YOo6YGg6ZqU5Zyw44G444Gu44GK5bGK44GR44Gv44CB5Yil6YCU44GK6KaL56mN44KC44KK44Gr44Gq44KK44G+44GZ44CCPEJSPuKAu+OBiuWxiuOBkeOBruaXpeaZguaMh+WumuOCkuaJv+OCi+OBk+OBqOOBjOOBp+OBjeOBvuOBm+OCk+OAgiA8QlI+CjwvdGQ+IDwvdHI+IAo8L3RhYmxlPgo8dGFibGUgd2lkdGg9IjEwMCUiIGJvcmRlcj0iMCIgY2VsbHNwYWNpbmc9IjEiIGNlbGxwYWRkaW5nPSI4IiBjbGFzcz0iaV9rYW5yZW4iPgo8dHI+PHRkIGNvbHNwYW49IjIiIGJnY29sb3I9IiNGM0YzRjMiPiA8Yj48Zm9udCBjb2xvcj0iIzMzMzMzMyI+6Zai6YCj5ZWG5ZOBPC9mb250PjwvYj4gPC90ZD48L3RyPgo8dHI+PHRoPuODquODs+OCr+S4gOimpzwvdGg+Cjx0ZCBjbGFzcz0iaXZhbCIgYmdjb2xvcj0iI0ZGRkZGRiI+CuacqOiCmOOCveODleOCoSDjgq/jg7zjg5Hjg7wxUDxCUj48QlI+CuacqOiCmOOCveODleOCoSDjgq/jg7zjg5Hjg7zvvJJQPEJSPjxCUj4K5pyo6IKY44K944OV44KhIOOCquODg+ODiOODnuODszxCUj4KPC90ZD4KPC90cj4KPC90YWJsZT4KPHRhYmxlIHdpZHRoPSIxMDAlIiBib3JkZXI9IjAiIGNlbGxzcGFjaW5nPSIxIiBjZWxscGFkZGluZz0iOCIgY2xhc3M9Imlfc3BlYyI+PHRyPjx0ZCBjb2xzcGFuPSIyIiBiZ2NvbG9yPSIjRjNGM0YzIj4KPGI+PGZvbnQgY29sb3I9IiMzMzMzMzMiPuips+e0sOODu+OCueODmuODg+OCrzwvZm9udD48L2I+PC90ZD48L3RyPgo8dHI+Cjx0aD7llYblk4HoqqzmmI48L3RoPgo8dGQgY2xhc3M9ImlleHBsYW5hdGlvbiIgYmdjb2xvcj0iI0ZGRkZGRiI+CuaJi+eLreOBquOCueODmuODvOOCueOBq+OCgue9ruOBjeOChOOBmeOBhOOCs+ODs+ODkeOCr+ODiOOCteOCpOOCuuOBquOBjOOCieOAgeODnOODquODpeODvOODoOOBn+OBo+OBt+OCiuOBruW6p+mdouOBp+W6p+OCiuW/g+WcsOOBr+W/q+mBqeOAggrjg6rjg5Pjg7PjgrDjgafpgY7jgZTjgZnjgbLjgajmmYLjgpLjgZXjgonjgavjg6rjg6njg4Pjgq/jgrnjgafjgY3jgovmmYLplpPjgavlpInjgYjjgabjgY/jgozjgovjgr3jg5XjgqHjgafjgZnjgILlpKnnhLbmnKjjgYzkvb/jgo/jgozjgZ8K44OV44Os44O844Og44Gv6KaL44Gf55uu44Gr44KC5p+U44KJ44GL44Gq5Y2w6LGh44Gn44CB6IKM44Gr6Kem44KM44Gf5pmC44Gu5YSq44GX44GV44KC44OQ44OE44Kw44Oz44CC57ep44KE44GL44Gr44Kr44O844OW44GX44Gf6IKY572u44GN44GvCuOChuOBo+OBn+OCiuOBqOW6p+OBo+OBn+Wnv+WLouOCkualveOBq+OCreODvOODl+OBl+OBpuOBj+OCjOOBpuOAgemVt+OBj+W6p+OBo+OBpuOBhOOBpuOCgueWsuOCjOOBvuOBm+OCk+OAggo8L3RkPgo8L3RyPgo8dHI+Cjx0aD7jgrXjgqTjgroo57SEKTwvdGg+Cjx0ZCBjbGFzcz0iaXNpemUiIGJnY29sb3I9IiNGRkZGRkYiPu+8iOe0hO+8ieW5hTExM8OX5aWl6KGMODMuNcOX6auY44GVNzljbe+8iOW6p+mdoumrmDQyLjVjbe+8iQo8L3RkPgo8L3RyPgo8dHI+Cjx0aD7mnZAg6LOqPC90aD4KPHRkIGNsYXNzPSJpbWF0ZXJpYWwiIGJnY29sb3I9IiNGRkZGRkYiPuODleOCoeODluODquODg+OCr+ODu+WkqeeEtuacqO+8iOacqOiCmO+8iTxicj4K44Op44OD44Kr44O85aGX6KOFCjwvdGQ+CjwvdHI+Cjx0cj4KPHRoPue1hOerizwvdGg+Cjx0ZCBjbGFzcz0iaWt1bWl0YXRlIiBiZ2NvbG9yPSIjRkZGRkZGIj7ntYTnq4vlk4Eo57WE56uL5pmC6ZaT57SENDDliIYpCjwvdGQ+CjwvdHI+Cjx0cj4KPHRoPueUn+eUo+WbvTwvdGg+Cjx0ZCBjbGFzcz0iaWNvdW50cnkiIGJnY29sb3I9IiNGRkZGRkYiPuODnuODrOODvOOCt+OCogo8L3RkPgo8L3RyPgo8dHI+Cjx0aD7jgZ3jga7ku5bjg7vms6jmhI/kuovpoIU8L3RoPgo8dGQgY2xhc3M9ImlhdHRudHh0IiBiZ2NvbG9yPSIjRkZGRkZGIj5T44K544OX44Oq44Oz44Kw44O744Km44Os44K/44Oz44OV44Kp44O844OgCuOCpuOCp+ODlOODs+OCsOODmeODq+ODiOODu1Pjg5Djg40KPGJyPgo8Zm9udCBjb2xvcj0icmVkIj7igLvllYblk4HnlLvlg4/jga/oibLlkIjjgYTjgoTntKDmnZDmhJ/jgYzlrp/pmpvjga7llYblk4HjgajnlbDjgarjgovloLTlkIjjgYzjgZTjgZbjgYTjgb7jgZnjgII8YnI+CuODouODi+OCv+ODvOODu+ODh+OCo+OCueODl+ODrOOCpOOBq+OCiOOBo+OBpuOCguWGmeOCiuaWueOBjOWkieOCiuOBvuOBmeOAguS6iOOCgeOBlOS6huaJv+OBj+OBoOOBleOBhOOAgjxicj48L2ZvbnQ+CjwvdGQ+CjwvdHI+CjwvdGFibGU+PHN0eWxlIHR5cGU9InRleHQvY3NzIj4KQGNoYXJzZXQgInV0Zi04IjsKLyogQ1NTIERvY3VtZW50ICovCgojbGVmdG5hdiBoMyB7CmJhY2tncm91bmQ6IHVybChodHRwOi8vd3d3LnJha3V0ZW4ubmUuanAvZ29sZC9odW9uZXN0L2ltYWdlcy9uYXZfaWNvbjAxLmdpZikgbm8tcmVwZWF0IDAgNnB4OwpwYWRkaW5nOjAgMCAyMHB4IDMwcHg7CmZvbnQtc2l6ZToyMHB4Owpmb250LXdlaWdodDpib2xkOwp3aWR0aDo2ODBweAp9CgojbGVmdG5hdiBoMyBzcGFuIHsKZm9udC1zaXplOjEycHg7CmNvbG9yOiM2NjY7CnBhZGRpbmctbGVmdDo0cHgKfQoKLmxpbmUgewpiYWNrZ3JvdW5kOiB1cmwoaHR0cDovL3d3dy5yYWt1dGVuLm5lLmpwL2dvbGQvaHVvbmVzdC9pbWFnZXMvbGluZS5naWYpIHJlcGVhdC14IGJvdHRvbSBsZWZ0OwptYXJnaW4tYm90dG9tOjEwcHg7Cn0KPC9zdHlsZT4KPGhlYWQ+Cgo8dGl0bGU+5YWx6YCa6Kqs5piO5paH5aSnPC90aXRsZT4KPC9oZWFkPgoKCjxkaXYgY2xhc3M9ImxpbmUiPgo8aW1nIHNyYz0iaHR0cDovL2ltYWdlLnJha3V0ZW4uY28uanAvaHVvbmVzdC9jYWJpbmV0LzAzOTUzMjMwL2ltZ3JjMDA2NDcwNzgzMC5qcGciIHdpZHRoPSI4NDAiIC8+Cjxicj48YnI+CjxoMz5ORVcgQVJSSVZBTDxzcGFuPuaWsOedgOWVhuWTgTwvc3Bhbj48L2gzPgo8L2Rpdj4KCgoKPGJyIHN0eWxlPSJjbGVhcjpib3RoIiAvPgoKCgoKCjwvaHRtbD4=,44K944OV44KhIOODgeOCp+OCoiDmpIXlrZAg44Kr44OV44Kn6aKoIOODrOODiOODrSDjgqLjg7Pjg4bjgqPjg7zjgq8g5LqM5Lq655SoIOS6jOS6uuaOm+OBkSDmnKjogpjjgr3jg5XjgqEg5pyo6KO9IOWkqeeEtuacqCDjg5XjgqHjg5bjg6rjg4Pjgq8g44Kv44O844OR44O877yaSFVPTkVTVA==,44K944OV44KhIOODgeOCp+OCoiDmpIXlrZAg44Kr44OV44Kn6aKoIOODrOODiOODrSDjgqLjg7Pjg4bjgqPjg7zjgq8g5LqM5Lq655SoIOS6jOS6uuaOm+OBkSDmnKjogpjjgr3jg5XjgqEg5pyo6KO9IOWkqeeEtuacqCDjg5XjgqHjg5bjg6rjg4Pjgq8g44Kv44O844OR44O8,44K944OV44KhIOODgeOCp+OCoiDmpIXlrZAg44Kr44OV44Kn6aKoIOODrOODiOODrSDjgqLjg7Pjg4bjgqPjg7zjgq8g5LqM5Lq655SoIOS6jOS6uuOAguOCveODleOCoSDjg4HjgqfjgqIg5qSF5a2QIOOCq+ODleOCp+miqCDjg6zjg4jjg60g44Ki44Oz44OG44Kj44O844KvIOS6jOS6uueUqCDkuozkurrmjpvjgZEg5pyo6IKY44K944OV44KhIOacqOijvSDlpKnnhLbmnKgg44OV44Kh44OW44Oq44OD44KvIOOCr+ODvOODkeODvA==[rn]
37-51621,aHR0cDovL3RzaG9wLnIxMHMuanAvaHVvbmVzdC9jYWJpbmV0L3ltMTAvMjY1MDEwMzMuanBnP2ZpdGluPTcwMDo3MDA=,MTcxMDcuMjAwMA==,,44Kk44Oz44OG44Oq44Ki44O75a+d5YW344O75Y+O57SNID4g44K944OV44Kh44O744K944OV44Kh44OZ44OD44OJID4gMuS6uuaOm+OBkeOCveODleOCoSA+IOW4g+WcsA==,6YG444G544KL44K944OV44KhIDLkurrmjpvjgZEg44K544OI44Op44Kk44OX44K544OG44OD44OBIOODrOODg+ODiSDjg5XjgqHjg5bjg6rjg4Pjgq8g44OA44O844Kv44OW44Op44Km44Oz44OV44Os44O844OgIOiEmuS7mCDogpjmjpvjgZHku5jjgY0g44Ki44O844Og44K944OV44KhIOacqOiCmCDjg6zjg4jjg63jgr3jg5XjgqEgMlAg5LqM5Lq65o6b44GR44K944OV44Kh44O8IDLkurrmjpvjgZHjgr3jg5XjgqHjg7wg44Op44OW44K944OV44KhIOOCt+ODs+ODl+ODqyDljJfmrKfjg4rjg4Hjg6Xjg6njg6sg44O044Kj44Oz44OG44O844K4IOWkqeeEtuacqOODleODrOODvOODoCDjgqvjg5Xjgqfpoqjjg4HjgqfjgqI=,5LqM5Lq65o6b44GR44K944OV44KhIDLkurrmjpvjgZHjgr3jg5XjgqHjg7wg6IKY5o6b44GR5LuY44GNIOODleOCoeODluODquODg+OCryDljJfmrKc=,PGRpdiBjbGFzcz0iaXBibG9jayI+CjxkaXY+PGltZyBzcmM9Imh0dHBzOi8vaW1hZ2UucmFrdXRlbi5jby5qcC9pLW9mZmljZTEvY2FiaW5ldC95bTEwLzI2NTAxMDMzLmpwZyIgYWx0PSIiIHN0eWxlPSJtYXJnaW4tYm90dG9tOjQwcHg7Ij48L2Rpdj4KPGRpdj4KPHAgc3R5bGU9IndpZHRoOjY0OHB4O3BhZGRpbmc6MTBweDtsaW5lLWhlaWdodDoxNjAlO2JvcmRlcjoxcHggc29saWQgI0NDQzsiPgo8YiBzdHlsZT0iY29sb3I6IzkyMjsiPue1hOOBv+WQiOOCj+OBm+iHqueUseiHquWcqO+8geiHquWIhuOBoOOBkeOBruOCueOCv+OCpOODq++8gTwvYj48YnI+Cue1hOOBv+WQiOOCj+OBm+iHqueUseiHquWcqOOBruODrOODiOODreOBqumbsOWbsuawl+OBruOCq+ODleOCp+miqOOCveODleOCoeOAggrluqfpnaLjgajog4zjgoLjgZ/jgozjga7nuKvjgYTmn4TjgajlvLXlnLDjgIHlpKnnhLbmnKjjg5Xjg6zjg7zjg6Djga7jgqvjg6njg7zjgYvjgonjgYrlpb3jgb/jga7jg4fjgrbjgqTjg7PjgpLjgYrpgbjjgbPjgYTjgZ/jgaDjgZHjgb7jgZnjgII8YnI+CuixiuWvjOOBque1hOOBv+WQiOOCj+OBm+ODkeOCv+ODvOODs+OBi+OCieOAgeOBjeOBo+OBqOOBguOBquOBn+OBrueUn+a0u+OCueOCv+OCpOODq+OBq+WQiOOBhuOCveODleOCoeOBjOimi+OBpOOBi+OCiuOBvuOBmeOAgjxicj4KPC9wPgo8L2Rpdj4KPGRpdj48aW1nIHNyYz0iaHR0cHM6Ly93d3cucmFrdXRlbi5uZS5qcC9nb2xkL2Jlc3Q5OS9zaGIvMjY1L2Vic29mYS9pbWcvY19zb2ZhMDQuanBnIiBhbHQ9IumBuOOBueOCi+OCveODleOCoSI+PC9kaXY+CjxkaXY+PGltZyBzcmM9Imh0dHBzOi8vd3d3LnJha3V0ZW4ubmUuanAvZ29sZC9iZXN0OTkvc2hiLzI2NS9lYnNvZmEvaW1nL2Nfc29mYTA1LmpwZyIgYWx0PSLpgbjjgbnjgovjgr3jg5XjgqEiPjwvZGl2Pgo8ZGl2PjxpbWcgc3JjPSJodHRwczovL3d3dy5yYWt1dGVuLm5lLmpwL2dvbGQvYmVzdDk5L3NoYi8yNjUvZWJzb2ZhL2ltZy9jX3NvZmEwNi5qcGciIGFsdD0i6YG444G544KL44K944OV44KhIj48L2Rpdj4KPGRpdj48aW1nIHNyYz0iaHR0cHM6Ly93d3cucmFrdXRlbi5uZS5qcC9nb2xkL2Jlc3Q5OS9zaGIvMjY1L2Vic29mYS9pbWcvY19zb2ZhMDcuanBnIiBhbHQ9IumBuOOBueOCi+OCveODleOCoSI+PC9kaXY+CjxkaXYgaWQ9ImVicCI+PGltZyBzcmM9Imh0dHBzOi8vd3d3LnJha3V0ZW4ubmUuanAvZ29sZC9iZXN0OTkvc2hiLzI2NS9lYnNvZmEvaW1nL2Nfc29mYTA4LmpwZyIgYWx0PSLpgbjjgbnjgovjgr3jg5XjgqEiPjwvZGl2PgoKPGRpdj48aW1nIHNyYz0iaHR0cHM6Ly93d3cucmFrdXRlbi5uZS5qcC9nb2xkL2Jlc3Q5OS9zaGIvMjY1L2Vic29mYS9pbWcvY19zb2ZhMTEuanBnIiBhbHQ9IumBuOOBueOCi+OCveODleOCoTLkurrmjpvjgZEiPjxicj4KPHNwYW4gc3R5bGU9ImZvbnQtc2l6ZToxNHB4OyI+4pa844K544OG44OD44OB44K/44Kk44OX44Gu44OV44Os44O844Og44Kr44Op44O844KS44Kv44Oq44OD44Kv44GZ44KL44Go5a++6LGh5ZWG5ZOB44GM44GU56K66KqN44GE44Gf44Gg44GR44G+44GZ44CCPC9zcGFuPjwvZGl2Pgo8ZGl2IHN0eWxlPSJtYXJnaW4tYm90dG9tOjVweDsiPjxpZnJhbWUgc3JjPSJodHRwczovL3d3dy5yYWt1dGVuLm5lLmpwL2dvbGQvYmVzdDk5L3NoYi8yNjUvZWJzb2ZhL2NhdGVnb3J5X1IyX2lmcmFtZV9CLmh0bWwiIGJvcmRlcj0iMCIgd2lkdGg9IjY3MCIgaGVpZ2h0PSI3MzAiIGZyYW1lYm9yZGVyPSIwIiBzY3JvbGxpbmc9Im5vIiBzdHlsZT0ibWFyZ2luOjA7cGFkZGluZzowOyI+PC9pZnJhbWU+PC9kaXY+CjxkaXYgYWxpZ249InJpZ2h0IiBzdHlsZT0id2lkdGg6NjUwcHg7Zm9udC1zaXplOjE0cHg7bWFyZ2luLWJvdHRvbTo5MHB4OyI+PGEgaHJlZj0iaHR0cHM6Ly9pdGVtLnJha3V0ZW4uY28uanAvaHVvbmVzdC9jLzAwMDAwMDIzNzAvI2VicCI+Jmd0OyZndDvku5bjga7jgr3jg5XjgqHjgrXjgqTjgrrjgpLopovjgos8L2E+PC9kaXY+CjwvZGl2Pjx0YWJsZSB3aWR0aD0iMTAwJSIgYm9yZGVyPSIwIiBjZWxsc3BhY2luZz0iMSIgY2VsbHBhZGRpbmc9IjgiIGNsYXNzPSJpX2luZm8iPgo8dHI+Cjx0ZCBjb2xzcGFuPSIyIiBjbGFzcz0iaV9pbmZvX3QiPgo8Yj48Zm9udCBjb2xvcj0iIzMzMzMzMyI+44Kk44Oz44OV44Kp44Oh44O844K344On44Oz44O75rOo5oSP5LqL6aCFPC9mb250PjwvYj4KPC90ZD4KPC90cj4KPHRyPgo8dGg+6YCB5paZ44Gr44Gk44GE44GmPC90aD4KPHRkIGNsYXNzPSJpYXR0bnNvcnlvIiBiZ2NvbG9yPSIjRkZGRkZGIj4KPHA+6YCB5paZ54Sh5paZPC9wPgo8cD7igLvmspbnuITjgIHpm6Lls7bjg7vpgaDpmpTlnLDjgavplqLjgZfjgb7jgZfjgabjga/liKXpgJTpgIHmlpnjgYzjgYvjgYvjgorjgb7jgZnjgILlrp/osrvoq4vmsYLjgajjgarjgorjgb7jgZnjga7jgafjgIHjgYLjgonjgYvjgZjjgoHjgZTkuobmib/kuIvjgZXjgYTjgII8L3A+CjwvdGQ+CjwvdHI+Cjx0cj4KPHRoPuaxuua4iOaWueazleOBq+OBpOOBhOOBpjwvdGg+Cjx0ZCBiZ2NvbG9yPSIjRkZGRkZGIiBjbGFzcz0iaWF0dG5wZXkiPgo8cD4KPGltZyBzcmM9Imh0dHBzOi8vaW1hZ2UucmFrdXRlbi5jby5qcC9odW9uZXN0L2NhYmluZXQvY2FtL2RpYmlraS5naWYiIGFsdD0i5Luj6YeR5byV5o+b5LiN5Y+v5ZWG5ZOBIiBib3JkZXI9IjAiID48YnI+CuW9k+WVhuWTgeOBr+S7o+mHkeW8leaPm+OBr+OBlOWIqeeUqOOBhOOBn+OBoOOBkeOBvuOBm+OCk+OAggo8L3A+CjxwPu+8iOOBiuiyt+OBhOeJqeOCrOOCpOODieOAjOOBiuaUr+aJleOBhOaWueazleOBq+OBpOOBhOOBpuOAjeOCkuOBlOeiuuiqjeOBj+OBoOOBleOBhOOAgu+8iTwvcD4KPC90ZD4KPC90cj4KPHRyPgo8dGg+6YWN6YCBPC90aD4KPHRkIGNsYXNzPSJpYXR0bmRlbGkiIGJnY29sb3I9IiNGRkZGRkYiPgo8cD7njoTplqLlhYjjgb7jgafjga7jgYrlsYrjgZHjgajjgarjgorjgb7jgZnjgII8L3A+CjwvdGQ+CjwvdHI+CjwvdGFibGU+Cjx0YWJsZSB3aWR0aD0iMTAwJSIgYm9yZGVyPSIwIiBjZWxsc3BhY2luZz0iMSIgY2VsbHBhZGRpbmc9IjgiIGNsYXNzPSJpX2thbnJlbiI+Cjx0cj48dGQgY29sc3Bhbj0iMiIgYmdjb2xvcj0iI0YzRjNGMyI+IDxiPjxmb250IGNvbG9yPSIjMzMzMzMzIj7plqLpgKPllYblk4E8L2ZvbnQ+PC9iPiA8L3RkPjwvdHI+Cjx0cj48dGg+MuS6uuaOm+OBkeOCveODleOCoSDjg6zjg4Pjg4k8L3RoPgo8dGQgY2xhc3M9Iml2YWwiIGJnY29sb3I9IiNGRkZGRkYiPgo8cD4K44CQ44Oc44K/44Oz44Kv44Ot44K544K544OG44OD44OB44CRPGJyPgrjg5XjgqHjg5bjg6rjg4Pjgq8g44OA44O844Kv44OW44Op44Km44Oz44OV44Os44O844OgPGJyPgrjg5XjgqHjg5bjg6rjg4Pjgq8g44OK44OB44Ol44Op44Or44OV44Os44O844OgPGJyPgrjg5XjgqHjg5bjg6rjg4Pjgq8g44Ob44Ov44Kk44OI44OV44Os44O844OgPGJyPgo8L3A+CjxwPgrjgJDjgrnjg4jjg6njgqTjg5fjgrnjg4bjg4Pjg4HjgJE8YnI+CuODleOCoeODluODquODg+OCryDjg4Djg7zjgq/jg5bjg6njgqbjg7Pjg5Xjg6zjg7zjg6A8YnI+CuODleOCoeODluODquODg+OCryDjg4rjg4Hjg6Xjg6njg6vjg5Xjg6zjg7zjg6A8YnI+CuODleOCoeODluODquODg+OCryDjg5vjg6/jgqTjg4jjg5Xjg6zjg7zjg6A8YnI+CjwvcD4KPC90ZD4KPC90cj4KPC90YWJsZT4KPHRhYmxlIHdpZHRoPSIxMDAlIiBib3JkZXI9IjAiIGNlbGxzcGFjaW5nPSIxIiBjZWxscGFkZGluZz0iOCIgY2xhc3M9Imlfc3BlYyI+PHRyPjx0ZCBjb2xzcGFuPSIyIiBiZ2NvbG9yPSIjRjNGM0YzIj4KPGI+PGZvbnQgY29sb3I9IiMzMzMzMzMiPuips+e0sOODu+OCueODmuODg+OCrzwvZm9udD48L2I+PC90ZD48L3RyPgo8dHI+Cjx0aD7llYblk4HoqqzmmI48L3RoPgo8dGQgY2xhc3M9ImlleHBsYW5hdGlvbiIgYmdjb2xvcj0iI0ZGRkZGRiI+CjxwPgrntYTjgb/lkIjjgo/jgZvoh6rnlLHoh6rlnKjjga7jg6zjg4jjg63jgarpm7Dlm7LmsJfjga7jgqvjg5Xjgqfpoqjjgr3jg5XjgqHjgII8YnI+CuW6p+mdouOBqOiDjOOCguOBn+OCjOOBrue4q+OBhOafhOOBqOW8teWcsOOAgeWkqeeEtuacqOODleODrOODvOODoOOBruOCq+ODqeODvOOBi+OCieOBiuWlveOBv+OBruODh+OCtuOCpOODs+OCkuOBiumBuOOBs+OBhOOBn+OBoOOBkeOBvuOBmeOAgjxicj4K6LGK5a+M44Gq57WE44G/5ZCI44KP44Gb44OR44K/44O844Oz44GL44KJ44CB44GN44Gj44Go44GC44Gq44Gf44Gu55Sf5rS744K544K/44Kk44Or44Gr5ZCI44GG44K944OV44Kh44GM6KaL44Gk44GL44KK44G+44GZ44CCPGJyPgo8YnI+CuOAkOOCueODiOODqeOCpOODl+OCueODhuODg+ODgeOAkTxicj4K562J6ZaT6ZqU44Gu57im57ie44K544OG44OD44OB44GM6JC944Gh552A44GE44Gf6Zuw5Zuy5rCX44CCPGJyPgrjgrfjg6Pjg7zjg5fjgarljbDosaHjga7jgr3jg5XjgqHjgavku5XkuIrjgYzjgorjgb7jgZnjgII8YnI+CjwvcD4KPC90ZD4KPC90cj4KPHRyPgo8dGg+44K144Kk44K6KOe0hCk8L3RoPgo8dGQgY2xhc3M9ImlzaXplIiBiZ2NvbG9yPSIjRkZGRkZGIj4KPHA+CuacrOS9k++8muW5hTExMy41w5flpaXooYw3McOX6auY44GVNzQo5bqn6Z2i6auYMzguNSljbTxicj4K6YeN6YeP77ya57SEMTVrZzxicj4KPC9wPgo8L3RkPgo8L3RyPgo8dHI+Cjx0aD7mnZDos6o8L3RoPgo8dGQgY2xhc3M9ImltYXRlcmlhbCIgYmdjb2xvcj0iI0ZGRkZGRiI+CjxwPgrlvLXlnLDvvJrjg53jg6rjgqjjgrnjg4bjg6sxMDDvvIU8YnI+CuS4readkO+8muOCpuODrOOCv+ODs+ODleOCqeODvOODoDxicj4K44OV44Os44O844Og77ya5aSp54S25pyoKOODqeODkOODvOOCpuODg+ODiSk8YnI+CjwvcD4KPC90ZD4KPC90cj4KPHRyPgo8dGg+57WE56uLPC90aD4KPHRkIGNsYXNzPSJpa3VtaXRhdGUiIGJnY29sb3I9IiNGRkZGRkYiPgo8cD7jgYrlrqLmp5jntYTnq4so5aSn5Lq6MuWQje+8mue0hDMw5YiGKTwvcD4KPC90ZD4KPC90cj4KPHRyPgo8dGg+55Sf55Sj5Zu9PC90aD4KPHRkIGNsYXNzPSJpY291bnRyeSIgYmdjb2xvcj0iI0ZGRkZGRiI+CjxwPuODmeODiOODiuODoDwvcD4KPC90ZD4KPC90cj4KPHRyPgo8dGg+44Gd44Gu5LuW44O75rOo5oSP5LqL6aCFPC90aD4KPHRkIGNsYXNzPSJpYXR0bnR4dCIgYmdjb2xvcj0iI0ZGRkZGRiI+CjxwPgrllYblk4HnlLvlg4/jga/oibLlkIjjgYTjgoTntKDmnZDmhJ/jgYzlrp/pmpvjga7llYblk4HjgajnlbDjgarjgovloLTlkIjjgYzjgZTjgZbjgYTjgb7jgZnjgII8YnI+CuODouODi+OCv+ODvOODu+ODh+OCo+OCueODl+ODrOOCpOOBq+OCiOOBo+OBpuOCguWGmeOCiuaWueOBjOWkieOCiuOBvuOBmeOAguS6iOOCgeOBlOS6huaJv+OBj+OBoOOBleOBhOOAgjxicj4KPC9wPgo8L3RkPgo8L3RyPgo8L3RhYmxlPjxsaW5rIHJlbD0ic3R5bGVzaGVldCIgaHJlZj0iaHR0cDovL3d3dy5yYWt1dGVuLm5lLmpwL2dvbGQvaHVvbmVzdC9jc3Mvc3R5bGUuY3NzIiAvPgoKPGltZyBzcmM9Imh0dHA6Ly9pbWFnZS5yYWt1dGVuLmNvLmpwL2h1b25lc3QvY2FiaW5ldC8wMzk1MzIzMC9zb2ZhXzk4MF80MDAuanBnIiBhbHQ9IuS6uuawl+OBruOBiuOBl+OCg+OCjOOCveODleOCoeODu+OCveODleOCoeODvOODmeODg+ODiSDpgJrosqkiIHdpZHRoPSI4MDAiIC8+PGJyPgrkurrmsJfjga7ljJfmrKfpoqjjgr3jg5XjgqHjgoTjgr3jg5XjgqHjg7zjg5njg4Pjg4njgYzli6LjgZ7jgo3jgYTvvIHjgYrjgZfjgoPjgozjgr3jg5XjgqHjg7vjgr3jg5XjgqHjg7zjg5njg4Pjg4nnibnpm4Y8YnI+Cjxicj4KCgoKCjxkaXYgY2xhc3M9ImxpbmUiPgo8aDM+TkVXIEFSUklWQUw8c3Bhbj7mlrDnnYDllYblk4E8L3NwYW4+PC9oMz4KPC9kaXY+CgoKCjxiciBzdHlsZT0iY2xlYXI6Ym90aCIgLz4=,6YG444G544KL44K944OV44KhIDLkurrmjpvjgZEg44K544OI44Op44Kk44OX44K544OG44OD44OBIOODrOODg+ODiSDjg5XjgqHjg5bjg6rjg4Pjgq8g44OA44O844Kv44OW44Op44Km44Oz44OV44Os44O844OgIOiEmuS7mCDogpjmjpvjgZHku5jjgY0g44Ki44O844Og44K944OV44KhIOacqOiCmCDjg6zjg4jjg63jgr3jg5XjgqEgMlAg5LqM5Lq65o6b44GR44K944OV44Kh44O8IDLkurrmjpvjgZHjgr3jg5XjgqHjg7wg44Op44OW44K944OV44KhIOOCt+ODs+ODl+ODqyDljJfmrKfjg4rjg4Hjg6Xjg6njg6sg44O044Kj44Oz44OG44O844K4IOWkqeeEtuacqOODleODrOODvOODoCDjgqvjg5Xjgqfpoqjjg4HjgqfjgqLvvJpIVU9ORVNU,6YG444G544KL44K944OV44KhIDLkurrmjpvjgZEg44K544OI44Op44Kk44OX44K544OG44OD44OBIOODrOODg+ODiSDjg5XjgqHjg5bjg6rjg4Pjgq8g44OA44O844Kv44OW44Op44Km44Oz44OV44Os44O844OgIOiEmuS7mCDogpjmjpvjgZHku5jjgY0g44Ki44O844Og44K944OV44KhIOacqOiCmCDjg6zjg4jjg63jgr3jg5XjgqEgMlAg5LqM5Lq65o6b44GR44K944OV44Kh44O8IDLkurrmjpvjgZHjgr3jg5XjgqHjg7wg44Op44OW44K944OV44KhIOOCt+ODs+ODl+ODqyDljJfmrKfjg4rjg4Hjg6Xjg6njg6sg44O044Kj44Oz44OG44O844K4IOWkqeeEtuacqOODleODrOODvOODoCDjgqvjg5Xjgqfpoqjjg4HjgqfjgqI=,5LqM5Lq65o6b44GR44K944OV44KhIDLkurrmjpvjgZHjgr3jg5XjgqHjg7wg6IKY5o6b44GR5LuY44GNIOODleOCoeODluODquODg+OCryDljJfmrKfjgILpgbjjgbnjgovjgr3jg5XjgqEgMuS6uuaOm+OBkSDjgrnjg4jjg6njgqTjg5fjgrnjg4bjg4Pjg4Eg44Os44OD44OJIOODleOCoeODluODquODg+OCryDjg4Djg7zjgq/jg5bjg6njgqbjg7Pjg5Xjg6zjg7zjg6Ag6ISa5LuYIOiCmOaOm+OBkeS7mOOBjSDjgqLjg7zjg6Djgr3jg5XjgqEg5pyo6IKYIOODrOODiOODreOCveODleOCoSAyUCDkuozkurrmjpvjgZHjgr3jg5XjgqHjg7wgMuS6uuaOm+OBkeOCveODleOCoeODvCDjg6njg5bjgr3jg5XjgqEg44K344Oz44OX44OrIOWMl+asp+ODiuODgeODpeODqeODqyDjg7TjgqPjg7Pjg4bjg7zjgrgg5aSp54S25pyo44OV44Os44O844OgIOOCq+ODleOCp+miqOODgeOCp+OCog==[rn]
37-51622,aHR0cDovL3RzaG9wLnIxMHMuanAvZ29sZC9hc3F1aXNzZS9henVtYXlhL25zNTE3LzBfMW5zNTE3LmpwZz9maXRpbj03MDA6NzAw,MzgxMDIuNDAwMA==,,44Kk44Oz44OG44Oq44Ki44O75a+d5YW344O75Y+O57SNID4g44K944OV44Kh44O744K944OV44Kh44OZ44OD44OJID4gMuS6uuaOm+OBkeOCveODleOCoSA+IOW4g+WcsA==,44OV44Os44K644OO44K944OV44KhIDLkurrmjpvjgZHjgr3jg5XjgqEg44K944OV44Kh44O8IOS6jOS6uuaOm+OBkSDjg4fjg4vjg6Ag44OW44Or44O8IOOBiuOBl+OCg+OCjCDjgqTjg7Pjg4Djgrnjg4jjg6rjgqLjg6sg44Ki44Oz44OG44Kj44O844KvIOODrOODiOODrSDjg4rjg4Hjg6Xjg6njg6sg55S35YmNIOODoeODs+OCuuODqeOCpOOCryDjgqvjgrjjg6XjgqLjg6sg44OT44Oz44OG44O844K4IOOCouODoeODquOCq+ODsyDjgrjjg7zjg7Pjgrrjgr3jg5XjgqEg44CQ6YCB5paZ54Sh5paZ44CR,5rSX44GE44KS5o6b44GR44Gf44K444O844Oz44K655Sf5Zyw44KS5L2/44Gj44Gf44GK44GX44KD44KM44GqMuS6uuaOm+OBkeOCveODleOCoQ==,PGltZyBzcmM9Imh0dHA6Ly93d3cucmFrdXRlbi5uZS5qcC9nb2xkL2FzcXVpc3NlL2F6dW1heWEvbnM1MTcvMF8xbnM1MTcuanBnIi8+CjxwPgrjgIDkuIDluqbmtJfjgYTjgpLmjpvjgZHjgZ/jgrjjg7zjg7PjgrrnlJ/lnLDjgpLkvb/jgaPjgZ/jgIHlkbPjga7jgYLjgovjgYrjgZfjgoPjgozjgaoy5Lq65o6b44GR44K944OV44KhPGJyPjxicj4K44CA44Ot44O844K/44Kk44OX44Gr44GX44Gm44KC44GK5L2/44GE6aCC44GR44KL44Gu44Gn44GK5aW944G/44Gr5ZCI44KP44Gb44Gm4peOPC9wPgo8cD7jgIDnlLfliY3jgqTjg7Pjg4bjg6rjgqLjgoTjgqTjg7Pjg4Djgrnjg4jjg6rjgqLjg6vjg4bjgqTjgrnjg4jjg7vjgqLjg7Pjg4bjgqPjg7zjgq/jgarjganjga7jgYrpg6jlsYvjgavjgYrjgZnjgZnjgoHjgafjgZk8L3A+CjxwPuOAgOiEmuOBjOOBpOOBhOOBpuOBhOOCi+OBk+OBqOOBp+mHjeiLpuOBl+OBj+OBquOCieOBmuOAgeODkOODqeODs+OCueOBruOBqOOCjOOBn+WPluOCiuWFpeOCjOOChOOBmeOBhOODh+OCtuOCpOODs+OBp+OBmTwvcD4KPGJyPjxicj4KPGltZyBzcmM9Imh0dHA6Ly93d3cucmFrdXRlbi5uZS5qcC9nb2xkL2FzcXVpc3NlL2F6dW1heWEvbnM1MTcvMm5zNTE3LmpwZyIvPgo8YnI+PGJyPgo8aW1nIHNyYz0iaHR0cDovL2ltYWdlLnJha3V0ZW4uY28uanAvYXNxdWlzc2UvY2FiaW5ldC8wMzA2MDg3My8wMzA5MzI3MS9pbWc2MDMwMzA0MS5qcGciLz4KPGJyPjxicj4KPGEgaHJlZj0iaHR0cDovL2l0ZW0ucmFrdXRlbi5jby5qcC9hc3F1aXNzZS9jLzAwMDAwMDAyMDYvIiB0YXJnZXQ9Il9ibGFuayI+PGltZyBzcmM9Imh0dHA6Ly93d3cucmFrdXRlbi5uZS5qcC9nb2xkL2FzcXVpc3NlL3RvcC9kZW5pbS9saW5rX2RlbmltLmpwZyI+PC9hPgo8YnI+PGJyPgoKPHN0eWxlIHR5cGU9InRleHQvY3NzIj4KPCEtLQouc3R5bGUzIHtjb2xvcjogIzMzMzMzMzsgZm9udC1zaXplOiAxMnB4OyB9Ci0tPgo8L3N0eWxlPgoKPHRhYmxlIHdpZHRoPSI2MDAiIGhlaWdodD0iNDAwIiBib3JkZXI9IjEiIGNlbGxzcGFjaW5nPSIwIiBib3JkZXJjb2xvcj0iI0UxRTFFMSI+Cjx0cj4KICAgIDx0ZCB3aWR0aD0iMTA0IiBiZ2NvbG9yPSIjRjNGM0YzIj48c3BhbiBjbGFzcz0ic3R5bGUzIj7jgIAK54m55b60PC9zcGFuPjwvdGQ+CiAgICA8dGQgd2lkdGg9IjQ4NiI+PHNwYW4gY2xhc3M9InN0eWxlMyI+44CA5LiA5bqm5rSX44GE44KS5o6b44GR44Gf44K444O844Oz44K655Sf5Zyw44KS5L2/44Gj44Gf44CB5ZGz44Gu44GC44KL44GK44GX44KD44KM44GqMuS6uuaOm+OBkeOCveODleOCoTxicj4K44CA44Ot44O844K/44Kk44OX44Gr44GX44Gm44KC44GK5L2/44GE6aCC44GR44KL44Gu44Gn44GK5aW944G/44Gr5ZCI44KP44Gb44Gm4peOPGJyPgrjgIDnlLfliY3jgqTjg7Pjg4bjg6rjgqLjgoTjgqTjg7Pjg4Djgrnjg4jjg6rjgqLjg6vjg4bjgqTjgrnjg4jjg7vjgqLjg7Pjg4bjgqPjg7zjgq/jgarjganjga7jgYrpg6jlsYvjgavjgYrjgZnjgZnjgoHjgafjgZk8YnI+CuOAgOiEmuOBjOOBpOOBhOOBpuOBhOOCi+OBk+OBqOOBp+mHjeiLpuOBl+OBj+OBquOCieOBmuOAgeODkOODqeODs+OCueOBruOBqOOCjOOBn+WPluOCiuWFpeOCjOOChOOBmeOBhOODh+OCtuOCpOODs+OBp+OBmTwvc3Bhbj48L3RkPgogIDwvdHI+Cjx0cj4KICAgIDx0ZCB3aWR0aD0iMTA0IiBiZ2NvbG9yPSIjRjNGM0YzIj48c3BhbiBjbGFzcz0ic3R5bGUzIj7jgIAK44K144Kk44K6PC9zcGFuPjwvdGQ+CiAgICA8dGQgd2lkdGg9IjQ4NiI+PHNwYW4gY2xhc3M9InN0eWxlMyI+CuOAgFcxNDAww5dEODIww5dIODIwKFNINDAwKSBtbTwvc3Bhbj48L3RkPgogIDwvdHI+Cjx0cj4KICAgIDx0ZCBiZ2NvbG9yPSIjRjNGM0YzIj48c3BhbiBjbGFzcz0ic3R5bGUzIj7jgIDmnZDos6o8L3NwYW4+PC90ZD4KICAgIDx0ZD48c3BhbiBjbGFzcz0ic3R5bGUzIj7jgIDmnKjjg5Xjg6zjg7zjg6DjgIDjgqbjgqfjg7zjg5Pjg7PjgrDjg5njg6vjg4jjgIDjgrPjg4Pjg4jjg7M8L3NwYW4+PC90ZD4KICA8L3RyPgo8dHI+CiAgICA8dGQgYmdjb2xvcj0iI0YzRjNGMyI+PHNwYW4gY2xhc3M9InN0eWxlMyI+44CA5YKZ6ICDPC9zcGFuPjwvdGQ+CiAgICA8dGQ+PHNwYW4gY2xhc3M9InN0eWxlMyI+CuOAgOeOhOmWoua4oeOBl+WVhuWTgSjlroXphY3kvr/jgafjga7jgYrlsYrjgZEpIDxicj4K44CA44Ot44O844K/44Kk44OX5L2/55So5Y+vPGJyPgrjgIDmtJfjgaPjgZ/nlJ/lnLDjgpLkvb/nlKjjgZfjgabjgYrjgorjgb7jgZnjga7jgafoibLjg6Djg6njgYzlh7rjgovloLTlkIjjgYzjgZTjgZbjgYTjgb7jgZnjgILkuojjgoHjgZTkuobmib/jgY/jgaDjgZXjgYTjgb7jgZvjgII8L3NwYW4+PC90ZD4KICA8L3RyPgogICAgICA8dHI+CiAgICA8dGQgYmdjb2xvcj0iI0YzRjNGMyI+PHNwYW4gY2xhc3M9InN0eWxlMyI+44CA57SN5pyfPC9zcGFuPjwvdGQ+CiAgICA8dGQ+PHNwYW4gY2xhc3M9InN0eWxlMyI+44CA44GK5Y+W44KK5a+E44Gb5ZWG5ZOB44Gr44Gq44KK44G+44GZ44CC6YCa5bi4N+aXpeOBi+OCiTEw5pel56iL5bqmPC9zcGFuPjwvdGQ+CiAgPC90cj4KCgoKCgogPC90YWJsZT4KCgo8aW1nIHNyYz0iaHR0cDovL3d3dy5yYWt1dGVuLm5lLmpwL2dvbGQvYXNxdWlzc2UvYXp1bWF5YS9uczUxOC8wXzFuczUxOC5qcGcid2lkdGg9IjMwMCJoZWlnaHQ9IjMwMCJib3JkZXI9IjAiPgoKPGJyPgrjgrXjgqTjgrrpgZXjgYTjga/jgZPjgaHjgok8YnI+PHN0eWxlIHR5cGU9InRleHQvY3NzIj4KLyrjgYrmsJfjgavlhaXjgorllYblk4Hjg5zjgr/jg7Pjga7jgr/jgrDjgZPjgZPjgYvjgokqLwpkaXYuYm9va21hcmtBcmVhIGRpdi5ia20gewp3aWR0aDogMzE4cHggIWltcG9ydGFudDsgIC8qMS7jgZPjgZPjgavnlLvlg4/jga7mqKrluYXjgpLmjIflrpoqLwpoZWlnaHQ6IDgzcHggIWltcG9ydGFudDsgIC8qMS7jgZPjgZPjgavnlLvlg4/jga7pq5jjgZXjgpLmjIflrpoqLwp9CmRpdi5ib29rbWFya0FyZWEgZGl2LmJrbSBhLmFkZEJrbSBzcGFuLmJrbVN0YXIgewpkaXNwbGF5OiBpbmxpbmUtYmxvY2sgIWltcG9ydGFudDsKCndpZHRoOiAzMThweCAhaW1wb3J0YW50OyAgIC8qMS7jgZPjgZPjgavnlLvlg4/jga7mqKrluYXjgpLmjIflrpoqLwpoZWlnaHQ6IDgzcHggIWltcG9ydGFudDsgICAvKjEu44GT44GT44Gr55S75YOP44Gu6auY44GV44KS5oyH5a6aKi8KCgptYXJnaW4tcmlnaHQ6IDBweCAhaW1wb3J0YW50OwpiYWNrZ3JvdW5kOgp1cmwoaHR0cDovL2ltYWdlLnJha3V0ZW4uY28uanAvYXNxdWlzc2UvY2FiaW5ldC9pbWdyYzAwNjQ3MTk2MTEuanBnKSBuby1yZXBlYXQgMCAwICFpbXBvcnRhbnQ744CACgkJCSAgIC8q4oaR4oaRMi7jgZPjgZPjgavjgYrlpb3jgb/jga7jgYrmsJfjgavlhaXjgornlLvlg4/jgpLjgrPjg5Tjg5rihpHihpEKKi8KCmN1cnNvcjogcG9pbnRlciAhaW1wb3J0YW50Owp9CgpkaXYuYm9va21hcmtBcmVhIGRpdi5ia20gewp3aWR0aDogMzE4cHggIWltcG9ydGFudDsgIC8qMS7jgZPjgZPjgavnlLvlg4/jga7mqKrluYXjgpLmjIflrpoqLwpoZWlnaHQ6IDgzcHggIWltcG9ydGFudDsgIC8qMS7jgZPjgZPjgavnlLvlg4/jga7pq5jjgZXjgpLmjIflrpoqLwp9CmRpdi5ib29rbWFya0FyZWEgZGl2LmJrbSBhLmFkZEJrbSBzcGFuLmJrbVN0YXIgewpkaXNwbGF5OiBpbmxpbmUtYmxvY2sgIWltcG9ydGFudDsKCndpZHRoOiAzMThweCAhaW1wb3J0YW50OyAgIC8qMS7jgZPjgZPjgavnlLvlg4/jga7mqKrluYXjgpLmjIflrpoqLwpoZWlnaHQ6IDgzcHggIWltcG9ydGFudDsgICAvKjEu44GT44GT44Gr55S75YOP44Gu6auY44GV44KS5oyH5a6aKi8KCgptYXJnaW4tcmlnaHQ6IDBweCAhaW1wb3J0YW50OwpiYWNrZ3JvdW5kOgp1cmwoaHR0cDovL2ltYWdlLnJha3V0ZW4uY28uanAvYXNxdWlzc2UvY2FiaW5ldC9pbWdyYzAwNjQ3MTk2MTEuanBnKSBuby1yZXBlYXQgMCAwICFpbXBvcnRhbnQ744CALyrjgZPjgZPjgavjgYrlpb3jgb/jga7jgYrmsJfjgavlhaXjgornlLvlg4/jgpLjgrPjg5Tjg5oqLwoJCQkgICAvKuKGkeKGkTIu44GT44GT44Gr44GK5aW944G/44Gu44GK5rCX44Gr5YWl44KK55S75YOP44KS44Kz44OU44Oa4oaR4oaRCiovCgpjdXJzb3I6IHBvaW50ZXIgIWltcG9ydGFudDsKfQoKCgovKuOBiuawl+OBq+WFpeOCiuWVhuWTgeODnOOCv+ODs+OCv+OCsOOBk+OBk+OBvuOBpyovCi8q44GK6LK344GE54mp44GL44GU44K/44Kw44GT44GT44GL44KJKi8KCmlucHV0W3ZhbHVlPSLosrfjgYTnianjgYvjgZTjgavlhaXjgozjgosiXXsKCglmb250LXNpemU6MTZweDsKCWZvbnQtZmFtaWx5OkFyaWFsOwoJZm9udC13ZWlnaHQ6bm9ybWFsOwoJLW1vei1ib3JkZXItcmFkaXVzOjhweDsKCS13ZWJraXQtYm9yZGVyLXJhZGl1czo4cHg7Cglib3JkZXItcmFkaXVzOjhweDsKCWJvcmRlcjoxcHggc29saWQgI2Q4MzUyNjsKCXBhZGRpbmc6OXB4IDE4cHg7Cgl0ZXh0LWRlY29yYXRpb246bm9uZTsKCgliYWNrZ3JvdW5kOi1tb3otbGluZWFyLWdyYWRpZW50KCBjZW50ZXIgdG9wLCAjZmUxYTAwIDUlLCAjY2UwMTAwIDEwMCUgKTsKCWJhY2tncm91bmQ6LW1zLWxpbmVhci1ncmFkaWVudCggdG9wLCAjZmUxYTAwIDUlLCAjY2UwMTAwIDEwMCUgKTsKICAgICAgIAliYWNrZ3JvdW5kOi13ZWJraXQtZ3JhZGllbnQoIGxpbmVhciwgbGVmdCB0b3AsIGxlZnQgYm90dG9tLCBjb2xvci1zdG9wKDUlLCAjZmUxYTAwKSwgY29sb3Itc3RvcCgxMDAlLCAjY2UwMTAwKSApOwoKCWN1cnNvcjogcG9pbnRlciAhaW1wb3J0YW50OwoKCWJhY2tncm91bmQtY29sb3I6I2ZlMWEwMDsKCWNvbG9yOiNmZmZmZmY7CglkaXNwbGF5OmlubGluZS1ibG9jazsKCXRleHQtc2hhZG93OjFweCAxcHggMHB4ICNiMjNlMzU7CiAJYm94LXNoYWRvdzppbnNldCAxcHggMXB4IDBweCAwcHggI2YyOWM5MzsgfQoKLyrjgYrosrfjgYTnianjgYvjgZTjgr/jgrDjgZPjgZPjgb7jgacqLwoKPCEtLQouc3R5bGUxIHtmb250LXNpemU6IDEwcHh9Ci5zdHlsZTIge2NvbG9yOiAjRkYwMDAwfQouc3R5bGU0IHtjb2xvcjogIzAwMDBGRn0KLS0+Cjwvc3R5bGU+CjxpbWcgc3JjPSJodHRwOi8vaW1hZ2UucmFrdXRlbi5jby5qcC9hc3F1aXNzZS9jYWJpbmV0L2ltZzU4OTExMDgzLmpwZyIvPgo8dGFibGUgd2lkdGg9IjYxMSIgYm9yZGVyPSIwIj4KCiAgPHRyPgogICAgPHRkIHdpZHRoPSIyOTQiIHJvd3NwYW49IjIiPjxwIGNsYXNzPSJzdHlsZTEiPuKWoOWWtualreaZgumWk+W4rzxicj4KCeODjeODg+ODiOOBp+OBruOBlOazqOaWh+OBr+OAgTxzcGFuIGNsYXNzPSJzdHlsZTIiPjI05pmC6ZaTPC9zcGFuPuWPl+OBkeS7mOOBkeOBpuOBiuOCiuOBvuOBmeOAgjxicj48YnI+CgrjgYrpm7voqbHjgafjga7jgYrllY/lkIjjgZvjga/kuIvoqJjjga7mmYLplpPluK/jgavjgYrpoZjjgYTjgZfjgb7jgZnjgIIKPGJyPgoKCjxzcGFuIGNsYXNzPSJzdHlsZTIiPjExOjAw772eMjA6MDA8L3NwYW4+IOOAgCA8c3BhbiBjbGFzcz0ic3R5bGUyIj7igLvngavmm5zml6Xjga/jgYrkvJHjgb88L3NwYW4+44KS44GE44Gf44Gg44GE44Gm44GK44KK44G+44GZ44CCPGJyPgo8YnI+CgrilqDpgIHmlpk8YnI+CuWFqOWbveS4gOW+i+aWmemHke+8mjxzcGFuIGNsYXNzPSJzdHlsZTIiPjU4MOWGhjwvc3Bhbj48YnI+CijljJfmtbfpgZPjgIHmspbnuITjgIHpm6Lls7bjg7vkuIDpg6jlnLDln5/jga/ov73liqDpgIHmlpnnmbrnlJ/jgZfjgb7jgZnjgIIpPGJyPgo8YnI+CuKWoOWuhemFjeS+vzxicj4K44Ok44Oe44OI6YGL6Ly444CA6KW/5r+D6YGL6Ly444CA5L2Q5bed5oCl5L6/44CA44KG44GG44OR44OD44KvPGJyPgo8YnI+CuKWoOWVhuWTgeeZuumAgeOBruOCv+OCpOODn+ODs+OCsDxicj4K54m544Gr44GU5oyH5a6a44GM44Gq44GE5aC05ZCI44CBPGJyPgrmpb3lpKnjg5Djg7Pjgq/msbrmuIjjgIHpioDooYzmjK/ovrzih5LjgZTlhaXph5Hnorroqo3lvozjgIE8c3BhbiBjbGFzcz0ic3R5bGUyIj435Za25qWt5pel5Lul5YaFPC9zcGFuPuOBq+eZuumAgeiHtOOBl+OBvuOBmeOAgjxicj4K44Kv44Os44K444OD44OI44CB5Luj6YeR5byV5o+b44CA4oeS44GU5rOo5paH56K66KqN5b6M44CBPHNwYW4gY2xhc3M9InN0eWxlMiI+N+WWtualreaXpeS7peWGhTwvc3Bhbj7jgavnmbrpgIHoh7TjgZfjgb7jgZnjgIIgCjxicj4KPGJyPgrilqDov5Tlk4Hjg7vkuqTmj5vjgavjgaTjgYTjgaY8YnI+CuWVhuWTgeOBruOCq+ODqeODvOOBq+mWouOBl+OBvuOBl+OBpuOBr+mWsuimp+eSsOWig+OBq+OCiOOBo+OBpuiLpeW5sumBleOBo+OBpuimi+OBiOOCi+WgtOWQiOOBjOOBlOOBluOBhOOBvuOBmeS6iOOCgeOBlOS6huaJv+S4i+OBleOBhOOAgjxicj4K44Oh44O844Kr44O844GM5Yid5pyf5LiN6Imv44Go6KqN5a6a44GX44Gm44GE44Gq44GE5ZWG5ZOB44CB44CM44Kk44Oh44O844K444Go6YGV44GG44CN562J44Gu6L+U5ZOB44O75Lqk5o+b44Gv44GK5Y+X44GR44Gn44GN44G+44Gb44KT44Gu44Gn44GU5LqG5om/44GP44Gg44GV44GE44CCPGJyPgrkuovliY3jga7jgZTpgKPntaHjga7jgarjgYTov5Tlk4HjgavplqLjgZfjgb7jgZfjgabjga/jgYrlj5fjgZHjgafjgY3jgb7jgZvjgpM8YnI+Cu+8iOedgOaJleOBhOetieOBp+OBrui/lOWTge+8ieOBlOS6huaJv+OBj+OBoOOBleOBhOOAgjxicj4KPGJyPgrilqDkuI3oia/lk4HjgavjgaTjgYTjgaY8YnI+CuWVhuWTgeOBjOegtOaQjeODu+axmuaQjeOBl+OBpuOBhOOBn+WgtOWQiOOBr+mFjemBlOW+jOS4gOmAsemWk+S7peWGheOBq+ODoeODvOODq+OBi+mbu+ipseOBp+OBlOmAo+e1oeOBj+OBoOOBleOBhOOAggrjgZnjgZDjgavkuqTmj5vjga7lk4Hjgb7jgZ/jga/ov5Tlk4HjgpLmib/jgorjgb7jgZnjgII8YnI+CuKAu+OBk+OBruWgtOWQiOOBr+mAgeaWmeOAgeaJi+aVsOaWmeOBr+W9k+W6l+OBjOiyoOaLheOBhOOBn+OBl+OBvuOBmeOAggogIDwvdGQ+CiAgICA8dGQgd2lkdGg9IjMwNyIgaGVpZ2h0PSI2MiIgdmFsaWduPSJ0b3AiPjxzcGFuIGNsYXNzPSJzdHlsZTEiPuKWoOOBiuaUr+aJleOBhOaWueazleOBq+OBpOOBhOOBpjxicj4KICAgIOOBiuaUr+aJleOBhOOBr+alveWkqeODkOODs+OCr+OAgemKgOihjOaMr+OCiui+vOOBv+OAgeS7o+mHkeW8leaPm+OAgeOCr+ODrOOCuOODg+ODiOOBjOOBlOWIqeeUqOOBhOOBn+OBoOOBkeOBvuOBmeOAgjxiciAvPgogICAgPGJyPgogICAgPHNwYW4gY2xhc3M9InN0eWxlNCI+4oC744Kv44Os44K444OD44OI44Kr44O844OJ44Gu44K744Kt44Ol44Oq44OG44Kj44GvU1NM44Go44GE44GG44K344K544OG44Og44KS5Yip55So44GX44Gm44GK44KK44G+44GZ44CCIOOCq+ODvOODieeVquWPt+OBr+aal+WPt+WMluOBleOCjOOBpuWuieWFqOOBq+mAgeS/oeOBleOCjOOBvuOBmeOBruOBp+OAgeOBqeOBhuOBnuOBlOWuieW/g+OBj+OBoOOBleOBhOOAgjxiciAvPgogICAgPGltZyBzcmM9Imh0dHA6Ly9pbWFnZS5yYWt1dGVuLmNvLmpwL19zdXBwb3J0LW9zL2NhYmluZXQvdmlzYS5naWYiIC8+IDxpbWcgc3JjPSJodHRwOi8vaW1hZ2UucmFrdXRlbi5jby5qcC9fc3VwcG9ydC1vcy9jYWJpbmV0L21hc3RlcmNhcmQuZ2lmIiAvPiA8aW1nIHNyYz0iaHR0cDovL2ltYWdlLnJha3V0ZW4uY28uanAvX3N1cHBvcnQtb3MvY2FiaW5ldC9qY2IuZ2lmIiAvPiA8aW1nIHNyYz0iaHR0cDovL2ltYWdlLnJha3V0ZW4uY28uanAvX3N1cHBvcnQtb3MvY2FiaW5ldC9kaW5lcnMuZ2lmIiAvPiA8aW1nIHNyYz0iaHR0cDovL2ltYWdlLnJha3V0ZW4uY28uanAvX3N1cHBvcnQtb3MvY2FiaW5ldC9hbWV4LmdpZiIgLz4gPGltZyBzcmM9Imh0dHA6Ly9pbWFnZS5yYWt1dGVuLmNvLmpwL19zdXBwb3J0LW9zL2NhYmluZXQvZ2lua291LmdpZiIgd2lkdGg9IjM2IiBoZWlnaHQ9IjM2IiAvPiA8aW1nIHNyYz0iaHR0cDovL2ltYWdlLnJha3V0ZW4uY28uanAvX3N1cHBvcnQtb3MvY2FiaW5ldC9kYWliaWtpLmdpZiIgd2lkdGg9IjM2IiBoZWlnaHQ9IjM2IiAvPjwvc3Bhbj48L3NwYW4+PC90ZD4KICA8L3RyPgogIAogIDx0cj4KICAgIDx0ZCB2YWxpZ249InRvcCI+PHNwYW4gY2xhc3M9InN0eWxlMSI+4pag5qW95aSp44OQ44Oz44Kv5rG65riIPGJyPgrmpb3lpKnjg5Djg7Pjgq/msbrmuIjmiYvmlbDmlpko56iO6L68KTxicj4KMeWGhu+9njI5LDk5OeWGhuOAgOOAgDxzcGFuIGNsYXNzPSJzdHlsZTIiPjE1NeWGhjwvc3Bhbj48YnI+CjMwLDAwMOWGhu+9nuOAgOOAgOOAgOOAgDxzcGFuIGNsYXNzPSJzdHlsZTIiPjI1N+WGhjwvc3Bhbj48YnI+PGJyPgoK4pag5Luj6YeR5byV5o+bIDxicj4K5Luj5byV5omL5pWw5paZ5paZ77ya5YWo5Zu95LiA5b6L5paZ6YeR77yaIDxzcGFuIGNsYXNzPSJzdHlsZTIiPjMyNOWGhjwvc3Bhbj48YnI+Cjxicj4K4pag6YqA6KGM5oyv6L68PGJyPgrjgZTlhaXph5Hnorroqo3lvozjgavnmbrpgIHjgYTjgZ/jgZfjgb7jgZnjgII8YnI+CuaMr+i+vOaJi+aVsOaWmeOBr+OBiuWuouanmOiyoOaLheOBp+OBiumhmOOBhOiHtOOBl+OBvuOBmeOAgjxicj4KPGJyPgrjgJDmjK/ovrzlhYjjgJEg5qW95aSp6YqA6KGM77yI44Op44Kv44OG44Oz44Ku44Oz44Kz44Km77yJ5qW95aSp5biC5aC05pSv5bqX77yI44Op44Kv44OG44Oz44Kk44OB44OQ44K344OG44Oz77yJIOaZrumAmiAxMDQ3MDcwIOODqeOCr+ODhuODs++8iO+8oe+8s++8se+8te+8qe+8s++8s++8pSAKPGJyPuKAu+OBk+OBruWPo+W6p+OBruaoqeWIqeOBr+alveWkqeagquW8j+S8muekvuOBjOS/neacieOBl+OBpuOBhOOBvuOBmeOAgiA8YnI+Cjxicj4KPHNwYW4gY2xhc3M9InN0eWxlNCI+4oC744Od44Kk44Oz44OI44KS44GU5Yip55So44Gu5aC05ZCI562J44CB5qW95aSp44GL44KJ6Ieq5YuV44Gn6YWN5L+h44GV44KM44KL56K66KqN44Oh44O844Or44Gu6YeR6aGN44Go44GK5oyv6L6844G/5pmC44Gu6YeR6aGN44GM55Ww44Gq44KL5aC05ZCI44GM44GU44GW44GE44G+44GZ44CCCuOBruOBoeOBu+OBqeW9k+W6l+OBi+OCieOBiumAgeOCiuOBmeOCi+ODoeODvOODq+OBq+iomOi8ieOBrumHkemhjeOCkuOBiuaMr+i+vOOBv+OBj+OBoOOBleOBhOOAgjwvc3Bhbj48L3NwYW4+PC90ZD4KICA8L3RyPgogIDx0cj4KICAgIDx0ZCBjb2xzcGFuPSIyIj4mbmJzcDs8L3RkPgogIDwvdHI+CjwvdGFibGU+,44OV44Os44K644OO44K944OV44KhIDLkurrmjpvjgZHjgr3jg5XjgqEg44K944OV44Kh44O8IOS6jOS6uuaOm+OBkSDjg4fjg4vjg6Ag44OW44Or44O8IOOBiuOBl+OCg+OCjCDjgqTjg7Pjg4Djgrnjg4jjg6rjgqLjg6sg44Ki44Oz44OG44Kj44O844KvIOODrOODiOODrSDjg4rjg4Hjg6Xjg6njg6sg55S35YmNIOODoeODs+OCuuODqeOCpOOCryDjgqvjgrjjg6XjgqLjg6sg44OT44Oz44OG44O844K4IOOCouODoeODquOCq+ODsyDjgrjjg7zjg7Pjgrrjgr3jg5XjgqEg44CQ6YCB5paZ54Sh5paZ44CR77yaYXNxdWlzc2U=,44OV44Os44K644OO44K944OV44KhIDLkurrmjpvjgZHjgr3jg5XjgqEg44K944OV44Kh44O8IOS6jOS6uuaOm+OBkSDjg4fjg4vjg6Ag44OW44Or44O8IOOBiuOBl+OCg+OCjCDjgqTjg7Pjg4Djgrnjg4jjg6rjgqLjg6sg44Ki44Oz44OG44Kj44O844KvIOODrOODiOODrSDjg4rjg4Hjg6Xjg6njg6sg55S35YmNIOODoeODs+OCuuODqeOCpOOCryDjgqvjgrjjg6XjgqLjg6sg44OT44Oz44OG44O844K4IOOCouODoeODquOCq+ODsyDjgrjjg7zjg7Pjgrrjgr3jg5XjgqEg44CQ6YCB5paZ54Sh5paZ44CR,5rSX44GE44KS5o6b44GR44Gf44K444O844Oz44K655Sf5Zyw44KS5L2/44Gj44Gf44GK44GX44KD44KM44GqMuS6uuaOm+OBkeOCveODleOCoeOAguODleODrOOCuuODjuOCveODleOCoSAy5Lq65o6b44GR44K944OV44KhIOOCveODleOCoeODvCDkuozkurrmjpvjgZEg44OH44OL44OgIOODluODq+ODvCDjgYrjgZfjgoPjgowg44Kk44Oz44OA44K544OI44Oq44Ki44OrIOOCouODs+ODhuOCo+ODvOOCryDjg6zjg4jjg60g44OK44OB44Ol44Op44OrIOeUt+WJjSDjg6Hjg7Pjgrrjg6njgqTjgq8g44Kr44K444Ol44Ki44OrIOODk+ODs+ODhuODvOOCuCDjgqLjg6Hjg6rjgqvjg7Mg44K444O844Oz44K644K944OV44KhIOOAkOmAgeaWmeeEoeaWmeOAkQ==[rn]
37-51623,aHR0cDovL3RzaG9wLnIxMHMuanAvZ29sZC9hc3F1aXNzZS9henVtYXlhL25zNTI1LzBuczUyNS5qcGc/Zml0aW49NzAwOjcwMA==,NjA0ODAuMDAwMA==,,44Kk44Oz44OG44Oq44Ki44O75a+d5YW344O75Y+O57SNID4g44K944OV44Kh44O744K944OV44Kh44OZ44OD44OJID4gMuS6uuaOm+OBkeOCveODleOCoSA+IOW4g+WcsA==,44OZ44Oz44OJ44K944OV44KhIDIuNeS6uuaOm+OBkeOCveODleOCoSDjgr3jg5XjgqHjg7wg5LqM5Lq65o6b44GRIOS4ieS6uuaOm+OBkSDjg5Hjg4Pjg4Hjg6/jg7zjgq8g44OH44OL44OgIOODluODq+ODvCDjgYrjgZfjgoPjgowg44Kk44Oz44OA44K544OI44Oq44Ki44OrIOOCouODs+ODhuOCo+ODvOOCryDjg6zjg4jjg60g44OK44OB44Ol44Op44OrIOeUt+WJjSDjg6Hjg7Pjgrrjg6njgqTjgq8g44Kr44K444Ol44Ki44OrIOODk+ODs+ODhuODvOOCuCDjgqLjg6Hjg6rjgqvjg7Mg44K444O844Oz44K6IOODkeODiOODquODg+OCryDjgJDpgIHmlpnnhKHmlpnjgJE=,5rSX44GE44KS5o6b44GR44Gf44K444O844Oz44K644KS5L2/44Gj44Gf44OR44OD44OB44Ov44O844Kv44GuMi415Lq65o6b44GR44K944OV44Kh,PGltZyBzcmM9Imh0dHA6Ly93d3cucmFrdXRlbi5uZS5qcC9nb2xkL2FzcXVpc3NlL2F6dW1heWEvbnM1MjUvMW5zNTI1LmpwZyIvPgo8YnI+PGJyPgo8aW1nIHNyYz0iaHR0cDovL3d3dy5yYWt1dGVuLm5lLmpwL2dvbGQvYXNxdWlzc2UvYXp1bWF5YS9uczUyNS8ybnM1MjUuanBnIi8+Cjxicj48YnI+CjxpbWcgc3JjPSJodHRwOi8vaW1hZ2UucmFrdXRlbi5jby5qcC9hc3F1aXNzZS9jYWJpbmV0LzAzMDYwODczLzAzMDkzMjcxL2ltZzYwMzAzMDQxLmpwZyIvPgo8YnI+PGJyPgo8YSBocmVmPSJodHRwOi8vaXRlbS5yYWt1dGVuLmNvLmpwL2FzcXVpc3NlL2MvMDAwMDAwMDIwNi8iIHRhcmdldD0iX2JsYW5rIj48aW1nIHNyYz0iaHR0cDovL3d3dy5yYWt1dGVuLm5lLmpwL2dvbGQvYXNxdWlzc2UvdG9wL2RlbmltL2xpbmtfZGVuaW0uanBnIj48L2E+Cjxicj48YnI+CjxzdHlsZSB0eXBlPSJ0ZXh0L2NzcyI+CjwhLS0KLnN0eWxlMyB7Y29sb3I6ICMzMzMzMzM7IGZvbnQtc2l6ZTogMTJweDsgfQotLT4KPC9zdHlsZT4KCjx0YWJsZSB3aWR0aD0iNjAwIiBoZWlnaHQ9IjQwMCIgYm9yZGVyPSIxIiBjZWxsc3BhY2luZz0iMCIgYm9yZGVyY29sb3I9IiNFMUUxRTEiPgo8dHI+CiAgICA8dGQgd2lkdGg9IjEwNCIgYmdjb2xvcj0iI0YzRjNGMyI+PHNwYW4gY2xhc3M9InN0eWxlMyI+44CACueJueW+tDwvc3Bhbj48L3RkPgogICAgPHRkIHdpZHRoPSI0ODYiPjxzcGFuIGNsYXNzPSJzdHlsZTMiPgrjgIDkuIDluqbmtJfjgYTjgpLmjpvjgZHjgZ/jgrjjg7zjg7PjgrrnlJ/lnLDjgpLkvb/jgaPjgZ/jgIHjg5Hjg4Pjg4Hjg6/jg7zjgq/jga4yLjXkurrmjpvjgZHjgr3jg5XjgqE8YnI+CuOAgOOChuOBo+OBn+OCiuOBqOOBl+OBn+OCteOCpOOCuuaEn+OBp+ODquODk+ODs+OCsOOBruS4u+W9ueOBq+OBtOOBo+OBn+OCiuOBp+OBmTxicj4K44CA44OT44Oz44OG44O844K444KE44Ki44Oh44Oq44Kr44Oz44CB44Kk44Oz44OA44K544OI44Oq44Ki44Or44OG44Kk44K544OI44Gr44GK44GZ44GZ44KB44Gn44GZPC9zcGFuPjwvdGQ+CiAgPC90cj4KPHRyPgogICAgPHRkIHdpZHRoPSIxMDQiIGJnY29sb3I9IiNGM0YzRjMiPjxzcGFuIGNsYXNzPSJzdHlsZTMiPuOAgArjgrXjgqTjgro8L3NwYW4+PC90ZD4KICAgIDx0ZCB3aWR0aD0iNDg2Ij48c3BhbiBjbGFzcz0ic3R5bGUzIj4K44CAVzE3MDDDl0Q4NDDDl0g3NTAoU0g0MDApIG1tPC9zcGFuPjwvdGQ+CiAgPC90cj4KPHRyPgogICAgPHRkIGJnY29sb3I9IiNGM0YzRjMiPjxzcGFuIGNsYXNzPSJzdHlsZTMiPuOAgOadkOizqjwvc3Bhbj48L3RkPgogICAgPHRkPjxzcGFuIGNsYXNzPSJzdHlsZTMiPuOAgOacqOODleODrOODvOODoOOAgOOCpuOCp+ODvOODk+ODs+OCsOODmeODq+ODiOOAgOOCs+ODg+ODiOODs+OAgOODneODquOCqOOCueODhuODq+OAgOODneODquODl+ODreODlOODrOODszwvc3Bhbj48L3RkPgogIDwvdHI+Cjx0cj4KICAgIDx0ZCBiZ2NvbG9yPSIjRjNGM0YzIj48c3BhbiBjbGFzcz0ic3R5bGUzIj7jgIDlgpnogIM8L3NwYW4+PC90ZD4KICAgIDx0ZD48c3BhbiBjbGFzcz0ic3R5bGUzIj4K44CA546E6Zai5rih44GX5ZWG5ZOBKOWuhemFjeS+v+OBp+OBruOBiuWxiuOBkSkgPGJyPgrjgIDjg63jg7zjgr/jgqTjg5fkvb/nlKjlj688YnI+CuOAgOa0l+OBo+OBn+eUn+WcsOOCkuS9v+eUqOOBl+OBpuOBiuOCiuOBvuOBmeOBruOBp+iJsuODoOODqeOBjOWHuuOCi+WgtOWQiOOBjOOBlOOBluOBhOOBvuOBmeOAguS6iOOCgeOBlOS6huaJv+OBj+OBoOOBleOBhOOBvuOBm+OAgjwvc3Bhbj48L3RkPgogIDwvdHI+CiAgICAgIDx0cj4KICAgIDx0ZCBiZ2NvbG9yPSIjRjNGM0YzIj48c3BhbiBjbGFzcz0ic3R5bGUzIj7jgIDntI3mnJ88L3NwYW4+PC90ZD4KICAgIDx0ZD48c3BhbiBjbGFzcz0ic3R5bGUzIj7jgIDjgYrlj5bjgorlr4TjgZvllYblk4Hjgavjgarjgorjgb7jgZnjgILpgJrluLg35pel44GL44KJMTDml6XnqIvluqY8L3NwYW4+PC90ZD4KICA8L3RyPgoKCgoKCiA8L3RhYmxlPgoKCjxzdHlsZSB0eXBlPSJ0ZXh0L2NzcyI+Ci8q44GK5rCX44Gr5YWl44KK5ZWG5ZOB44Oc44K/44Oz44Gu44K/44Kw44GT44GT44GL44KJKi8KZGl2LmJvb2ttYXJrQXJlYSBkaXYuYmttIHsKd2lkdGg6IDMxOHB4ICFpbXBvcnRhbnQ7ICAvKjEu44GT44GT44Gr55S75YOP44Gu5qiq5bmF44KS5oyH5a6aKi8KaGVpZ2h0OiA4M3B4ICFpbXBvcnRhbnQ7ICAvKjEu44GT44GT44Gr55S75YOP44Gu6auY44GV44KS5oyH5a6aKi8KfQpkaXYuYm9va21hcmtBcmVhIGRpdi5ia20gYS5hZGRCa20gc3Bhbi5ia21TdGFyIHsKZGlzcGxheTogaW5saW5lLWJsb2NrICFpbXBvcnRhbnQ7Cgp3aWR0aDogMzE4cHggIWltcG9ydGFudDsgICAvKjEu44GT44GT44Gr55S75YOP44Gu5qiq5bmF44KS5oyH5a6aKi8KaGVpZ2h0OiA4M3B4ICFpbXBvcnRhbnQ7ICAgLyoxLuOBk+OBk+OBq+eUu+WDj+OBrumrmOOBleOCkuaMh+WumiovCgoKbWFyZ2luLXJpZ2h0OiAwcHggIWltcG9ydGFudDsKYmFja2dyb3VuZDoKdXJsKGh0dHA6Ly9pbWFnZS5yYWt1dGVuLmNvLmpwL2FzcXVpc3NlL2NhYmluZXQvaW1ncmMwMDY0NzE5NjExLmpwZykgbm8tcmVwZWF0IDAgMCAhaW1wb3J0YW50O+OAgAoJCQkgICAvKuKGkeKGkTIu44GT44GT44Gr44GK5aW944G/44Gu44GK5rCX44Gr5YWl44KK55S75YOP44KS44Kz44OU44Oa4oaR4oaRCiovCgpjdXJzb3I6IHBvaW50ZXIgIWltcG9ydGFudDsKfQoKZGl2LmJvb2ttYXJrQXJlYSBkaXYuYmttIHsKd2lkdGg6IDMxOHB4ICFpbXBvcnRhbnQ7ICAvKjEu44GT44GT44Gr55S75YOP44Gu5qiq5bmF44KS5oyH5a6aKi8KaGVpZ2h0OiA4M3B4ICFpbXBvcnRhbnQ7ICAvKjEu44GT44GT44Gr55S75YOP44Gu6auY44GV44KS5oyH5a6aKi8KfQpkaXYuYm9va21hcmtBcmVhIGRpdi5ia20gYS5hZGRCa20gc3Bhbi5ia21TdGFyIHsKZGlzcGxheTogaW5saW5lLWJsb2NrICFpbXBvcnRhbnQ7Cgp3aWR0aDogMzE4cHggIWltcG9ydGFudDsgICAvKjEu44GT44GT44Gr55S75YOP44Gu5qiq5bmF44KS5oyH5a6aKi8KaGVpZ2h0OiA4M3B4ICFpbXBvcnRhbnQ7ICAgLyoxLuOBk+OBk+OBq+eUu+WDj+OBrumrmOOBleOCkuaMh+WumiovCgoKbWFyZ2luLXJpZ2h0OiAwcHggIWltcG9ydGFudDsKYmFja2dyb3VuZDoKdXJsKGh0dHA6Ly9pbWFnZS5yYWt1dGVuLmNvLmpwL2FzcXVpc3NlL2NhYmluZXQvaW1ncmMwMDY0NzE5NjExLmpwZykgbm8tcmVwZWF0IDAgMCAhaW1wb3J0YW50O+OAgC8q44GT44GT44Gr44GK5aW944G/44Gu44GK5rCX44Gr5YWl44KK55S75YOP44KS44Kz44OU44OaKi8KCQkJICAgLyrihpHihpEyLuOBk+OBk+OBq+OBiuWlveOBv+OBruOBiuawl+OBq+WFpeOCiueUu+WDj+OCkuOCs+ODlOODmuKGkeKGkQoqLwoKY3Vyc29yOiBwb2ludGVyICFpbXBvcnRhbnQ7Cn0KCgoKLyrjgYrmsJfjgavlhaXjgorllYblk4Hjg5zjgr/jg7Pjgr/jgrDjgZPjgZPjgb7jgacqLwovKuOBiuiyt+OBhOeJqeOBi+OBlOOCv+OCsOOBk+OBk+OBi+OCiSovCgppbnB1dFt2YWx1ZT0i6LK344GE54mp44GL44GU44Gr5YWl44KM44KLIl17CgoJZm9udC1zaXplOjE2cHg7Cglmb250LWZhbWlseTpBcmlhbDsKCWZvbnQtd2VpZ2h0Om5vcm1hbDsKCS1tb3otYm9yZGVyLXJhZGl1czo4cHg7Cgktd2Via2l0LWJvcmRlci1yYWRpdXM6OHB4OwoJYm9yZGVyLXJhZGl1czo4cHg7Cglib3JkZXI6MXB4IHNvbGlkICNkODM1MjY7CglwYWRkaW5nOjlweCAxOHB4OwoJdGV4dC1kZWNvcmF0aW9uOm5vbmU7CgoJYmFja2dyb3VuZDotbW96LWxpbmVhci1ncmFkaWVudCggY2VudGVyIHRvcCwgI2ZlMWEwMCA1JSwgI2NlMDEwMCAxMDAlICk7CgliYWNrZ3JvdW5kOi1tcy1saW5lYXItZ3JhZGllbnQoIHRvcCwgI2ZlMWEwMCA1JSwgI2NlMDEwMCAxMDAlICk7CiAgICAgICAJYmFja2dyb3VuZDotd2Via2l0LWdyYWRpZW50KCBsaW5lYXIsIGxlZnQgdG9wLCBsZWZ0IGJvdHRvbSwgY29sb3Itc3RvcCg1JSwgI2ZlMWEwMCksIGNvbG9yLXN0b3AoMTAwJSwgI2NlMDEwMCkgKTsKCgljdXJzb3I6IHBvaW50ZXIgIWltcG9ydGFudDsKCgliYWNrZ3JvdW5kLWNvbG9yOiNmZTFhMDA7Cgljb2xvcjojZmZmZmZmOwoJZGlzcGxheTppbmxpbmUtYmxvY2s7Cgl0ZXh0LXNoYWRvdzoxcHggMXB4IDBweCAjYjIzZTM1OwogCWJveC1zaGFkb3c6aW5zZXQgMXB4IDFweCAwcHggMHB4ICNmMjljOTM7IH0KCi8q44GK6LK344GE54mp44GL44GU44K/44Kw44GT44GT44G+44GnKi8KCjwhLS0KLnN0eWxlMSB7Zm9udC1zaXplOiAxMHB4fQouc3R5bGUyIHtjb2xvcjogI0ZGMDAwMH0KLnN0eWxlNCB7Y29sb3I6ICMwMDAwRkZ9Ci0tPgo8L3N0eWxlPgo8aW1nIHNyYz0iaHR0cDovL2ltYWdlLnJha3V0ZW4uY28uanAvYXNxdWlzc2UvY2FiaW5ldC9pbWc1ODkxMTA4My5qcGciLz4KPHRhYmxlIHdpZHRoPSI2MTEiIGJvcmRlcj0iMCI+CgogIDx0cj4KICAgIDx0ZCB3aWR0aD0iMjk0IiByb3dzcGFuPSIyIj48cCBjbGFzcz0ic3R5bGUxIj7ilqDllrbmpa3mmYLplpPluK88YnI+Cgnjg43jg4Pjg4jjgafjga7jgZTms6jmlofjga/jgIE8c3BhbiBjbGFzcz0ic3R5bGUyIj4yNOaZgumWkzwvc3Bhbj7lj5fjgZHku5jjgZHjgabjgYrjgorjgb7jgZnjgII8YnI+PGJyPgoK44GK6Zu76Kmx44Gn44Gu44GK5ZWP5ZCI44Gb44Gv5LiL6KiY44Gu5pmC6ZaT5biv44Gr44GK6aGY44GE44GX44G+44GZ44CCCjxicj4KCgo8c3BhbiBjbGFzcz0ic3R5bGUyIj4xMTowMO+9njIwOjAwPC9zcGFuPiDjgIAgPHNwYW4gY2xhc3M9InN0eWxlMiI+4oC754Gr5puc5pel44Gv44GK5LyR44G/PC9zcGFuPuOCkuOBhOOBn+OBoOOBhOOBpuOBiuOCiuOBvuOBmeOAgjxicj4KPGJyPgoK4pag6YCB5paZPGJyPgrlhajlm73kuIDlvovmlpnph5HvvJo8c3BhbiBjbGFzcz0ic3R5bGUyIj41ODDlhoY8L3NwYW4+PGJyPgoo5YyX5rW36YGT44CB5rKW57iE44CB6Zui5bO244O75LiA6YOo5Zyw5Z+f44Gv6L+95Yqg6YCB5paZ55m655Sf44GX44G+44GZ44CCKTxicj4KPGJyPgrilqDlroXphY3kvr88YnI+CuODpOODnuODiOmBi+i8uOOAgOilv+a/g+mBi+i8uOOAgOS9kOW3neaApeS+v+OAgOOChuOBhuODkeODg+OCrzxicj4KPGJyPgrilqDllYblk4HnmbrpgIHjga7jgr/jgqTjg5/jg7PjgrA8YnI+CueJueOBq+OBlOaMh+WumuOBjOOBquOBhOWgtOWQiOOAgTxicj4K5qW95aSp44OQ44Oz44Kv5rG65riI44CB6YqA6KGM5oyv6L684oeS44GU5YWl6YeR56K66KqN5b6M44CBPHNwYW4gY2xhc3M9InN0eWxlMiI+N+WWtualreaXpeS7peWGhTwvc3Bhbj7jgavnmbrpgIHoh7TjgZfjgb7jgZnjgII8YnI+CuOCr+ODrOOCuOODg+ODiOOAgeS7o+mHkeW8leaPm+OAgOKHkuOBlOazqOaWh+eiuuiqjeW+jOOAgTxzcGFuIGNsYXNzPSJzdHlsZTIiPjfllrbmpa3ml6Xku6XlhoU8L3NwYW4+44Gr55m66YCB6Ie044GX44G+44GZ44CCIAo8YnI+Cjxicj4K4pag6L+U5ZOB44O75Lqk5o+b44Gr44Gk44GE44GmPGJyPgrllYblk4Hjga7jgqvjg6njg7zjgavplqLjgZfjgb7jgZfjgabjga/plrLopqfnkrDlooPjgavjgojjgaPjgaboi6XlubLpgZXjgaPjgabopovjgYjjgovloLTlkIjjgYzjgZTjgZbjgYTjgb7jgZnkuojjgoHjgZTkuobmib/kuIvjgZXjgYTjgII8YnI+CuODoeODvOOCq+ODvOOBjOWIneacn+S4jeiJr+OBqOiqjeWumuOBl+OBpuOBhOOBquOBhOWVhuWTgeOAgeOAjOOCpOODoeODvOOCuOOBqOmBleOBhuOAjeetieOBrui/lOWTgeODu+S6pOaPm+OBr+OBiuWPl+OBkeOBp+OBjeOBvuOBm+OCk+OBruOBp+OBlOS6huaJv+OBj+OBoOOBleOBhOOAgjxicj4K5LqL5YmN44Gu44GU6YCj57Wh44Gu44Gq44GE6L+U5ZOB44Gr6Zai44GX44G+44GX44Gm44Gv44GK5Y+X44GR44Gn44GN44G+44Gb44KTPGJyPgrvvIjnnYDmiZXjgYTnrYnjgafjga7ov5Tlk4HvvInjgZTkuobmib/jgY/jgaDjgZXjgYTjgII8YnI+Cjxicj4K4pag5LiN6Imv5ZOB44Gr44Gk44GE44GmPGJyPgrllYblk4HjgYznoLTmkI3jg7vmsZrmkI3jgZfjgabjgYTjgZ/loLTlkIjjga/phY3pgZTlvozkuIDpgLHplpPku6XlhoXjgavjg6Hjg7zjg6vjgYvpm7voqbHjgafjgZTpgKPntaHjgY/jgaDjgZXjgYTjgIIK44GZ44GQ44Gr5Lqk5o+b44Gu5ZOB44G+44Gf44Gv6L+U5ZOB44KS5om/44KK44G+44GZ44CCPGJyPgrigLvjgZPjga7loLTlkIjjga/pgIHmlpnjgIHmiYvmlbDmlpnjga/lvZPlupfjgYzosqDmi4XjgYTjgZ/jgZfjgb7jgZnjgIIKICA8L3RkPgogICAgPHRkIHdpZHRoPSIzMDciIGhlaWdodD0iNjIiIHZhbGlnbj0idG9wIj48c3BhbiBjbGFzcz0ic3R5bGUxIj7ilqDjgYrmlK/miZXjgYTmlrnms5XjgavjgaTjgYTjgaY8YnI+CiAgICDjgYrmlK/miZXjgYTjga/mpb3lpKnjg5Djg7Pjgq/jgIHpioDooYzmjK/jgorovrzjgb/jgIHku6Pph5HlvJXmj5vjgIHjgq/jg6zjgrjjg4Pjg4jjgYzjgZTliKnnlKjjgYTjgZ/jgaDjgZHjgb7jgZnjgII8YnIgLz4KICAgIDxicj4KICAgIDxzcGFuIGNsYXNzPSJzdHlsZTQiPuKAu+OCr+ODrOOCuOODg+ODiOOCq+ODvOODieOBruOCu+OCreODpeODquODhuOCo+OBr1NTTOOBqOOBhOOBhuOCt+OCueODhuODoOOCkuWIqeeUqOOBl+OBpuOBiuOCiuOBvuOBmeOAgiDjgqvjg7zjg4nnlarlj7fjga/mmpflj7fljJbjgZXjgozjgablronlhajjgavpgIHkv6HjgZXjgozjgb7jgZnjga7jgafjgIHjganjgYbjgZ7jgZTlronlv4PjgY/jgaDjgZXjgYTjgII8YnIgLz4KICAgIDxpbWcgc3JjPSJodHRwOi8vaW1hZ2UucmFrdXRlbi5jby5qcC9fc3VwcG9ydC1vcy9jYWJpbmV0L3Zpc2EuZ2lmIiAvPiA8aW1nIHNyYz0iaHR0cDovL2ltYWdlLnJha3V0ZW4uY28uanAvX3N1cHBvcnQtb3MvY2FiaW5ldC9tYXN0ZXJjYXJkLmdpZiIgLz4gPGltZyBzcmM9Imh0dHA6Ly9pbWFnZS5yYWt1dGVuLmNvLmpwL19zdXBwb3J0LW9zL2NhYmluZXQvamNiLmdpZiIgLz4gPGltZyBzcmM9Imh0dHA6Ly9pbWFnZS5yYWt1dGVuLmNvLmpwL19zdXBwb3J0LW9zL2NhYmluZXQvZGluZXJzLmdpZiIgLz4gPGltZyBzcmM9Imh0dHA6Ly9pbWFnZS5yYWt1dGVuLmNvLmpwL19zdXBwb3J0LW9zL2NhYmluZXQvYW1leC5naWYiIC8+IDxpbWcgc3JjPSJodHRwOi8vaW1hZ2UucmFrdXRlbi5jby5qcC9fc3VwcG9ydC1vcy9jYWJpbmV0L2dpbmtvdS5naWYiIHdpZHRoPSIzNiIgaGVpZ2h0PSIzNiIgLz4gPGltZyBzcmM9Imh0dHA6Ly9pbWFnZS5yYWt1dGVuLmNvLmpwL19zdXBwb3J0LW9zL2NhYmluZXQvZGFpYmlraS5naWYiIHdpZHRoPSIzNiIgaGVpZ2h0PSIzNiIgLz48L3NwYW4+PC9zcGFuPjwvdGQ+CiAgPC90cj4KICAKICA8dHI+CiAgICA8dGQgdmFsaWduPSJ0b3AiPjxzcGFuIGNsYXNzPSJzdHlsZTEiPuKWoOalveWkqeODkOODs+OCr+axuua4iDxicj4K5qW95aSp44OQ44Oz44Kv5rG65riI5omL5pWw5paZKOeojui+vCk8YnI+CjHlhobvvZ4yOSw5OTnlhobjgIDjgIA8c3BhbiBjbGFzcz0ic3R5bGUyIj4xNTXlhoY8L3NwYW4+PGJyPgozMCwwMDDlhobvvZ7jgIDjgIDjgIDjgIA8c3BhbiBjbGFzcz0ic3R5bGUyIj4yNTflhoY8L3NwYW4+PGJyPjxicj4KCuKWoOS7o+mHkeW8leaPmyA8YnI+CuS7o+W8leaJi+aVsOaWmeaWme+8muWFqOWbveS4gOW+i+aWmemHke+8miA8c3BhbiBjbGFzcz0ic3R5bGUyIj4zMjTlhoY8L3NwYW4+PGJyPgo8YnI+CuKWoOmKgOihjOaMr+i+vDxicj4K44GU5YWl6YeR56K66KqN5b6M44Gr55m66YCB44GE44Gf44GX44G+44GZ44CCPGJyPgrmjK/ovrzmiYvmlbDmlpnjga/jgYrlrqLmp5josqDmi4XjgafjgYrpoZjjgYToh7TjgZfjgb7jgZnjgII8YnI+Cjxicj4K44CQ5oyv6L685YWI44CRIOalveWkqemKgOihjO+8iOODqeOCr+ODhuODs+OCruODs+OCs+OCpu+8iealveWkqeW4guWgtOaUr+W6l++8iOODqeOCr+ODhuODs+OCpOODgeODkOOCt+ODhuODs++8iSDmma7pgJogMTA0NzA3MCDjg6njgq/jg4bjg7PvvIjvvKHvvLPvvLHvvLXvvKnvvLPvvLPvvKUgCjxicj7igLvjgZPjga7lj6Pluqfjga7mqKnliKnjga/mpb3lpKnmoKrlvI/kvJrnpL7jgYzkv53mnInjgZfjgabjgYTjgb7jgZnjgIIgPGJyPgo8YnI+CjxzcGFuIGNsYXNzPSJzdHlsZTQiPuKAu+ODneOCpOODs+ODiOOCkuOBlOWIqeeUqOOBruWgtOWQiOetieOAgealveWkqeOBi+OCieiHquWLleOBp+mFjeS/oeOBleOCjOOCi+eiuuiqjeODoeODvOODq+OBrumHkemhjeOBqOOBiuaMr+i+vOOBv+aZguOBrumHkemhjeOBjOeVsOOBquOCi+WgtOWQiOOBjOOBlOOBluOBhOOBvuOBmeOAggrjga7jgaHjgbvjganlvZPlupfjgYvjgonjgYrpgIHjgorjgZnjgovjg6Hjg7zjg6vjgavoqJjovInjga7ph5HpoY3jgpLjgYrmjK/ovrzjgb/jgY/jgaDjgZXjgYTjgII8L3NwYW4+PC9zcGFuPjwvdGQ+CiAgPC90cj4KICA8dHI+CiAgICA8dGQgY29sc3Bhbj0iMiI+Jm5ic3A7PC90ZD4KICA8L3RyPgo8L3RhYmxlPg==,44OZ44Oz44OJ44K944OV44KhIDIuNeS6uuaOm+OBkeOCveODleOCoSDjgr3jg5XjgqHjg7wg5LqM5Lq65o6b44GRIOS4ieS6uuaOm+OBkSDjg5Hjg4Pjg4Hjg6/jg7zjgq8g44OH44OL44OgIOODluODq+ODvCDjgYrjgZfjgoPjgowg44Kk44Oz44OA44K544OI44Oq44Ki44OrIOOCouODs+ODhuOCo+ODvOOCryDjg6zjg4jjg60g44OK44OB44Ol44Op44OrIOeUt+WJjSDjg6Hjg7Pjgrrjg6njgqTjgq8g44Kr44K444Ol44Ki44OrIOODk+ODs+ODhuODvOOCuCDjgqLjg6Hjg6rjgqvjg7Mg44K444O844Oz44K6IOODkeODiOODquODg+OCryDjgJDpgIHmlpnnhKHmlpnjgJHvvJphc3F1aXNzZQ==,44OZ44Oz44OJ44K944OV44KhIDIuNeS6uuaOm+OBkeOCveODleOCoSDjgr3jg5XjgqHjg7wg5LqM5Lq65o6b44GRIOS4ieS6uuaOm+OBkSDjg5Hjg4Pjg4Hjg6/jg7zjgq8g44OH44OL44OgIOODluODq+ODvCDjgYrjgZfjgoPjgowg44Kk44Oz44OA44K544OI44Oq44Ki44OrIOOCouODs+ODhuOCo+ODvOOCryDjg6zjg4jjg60g44OK44OB44Ol44Op44OrIOeUt+WJjSDjg6Hjg7Pjgrrjg6njgqTjgq8g44Kr44K444Ol44Ki44OrIOODk+ODs+ODhuODvOOCuCDjgqLjg6Hjg6rjgqvjg7Mg44K444O844Oz44K6IOODkeODiOODquODg+OCryDjgJDpgIHmlpnnhKHmlpnjgJE=,5rSX44GE44KS5o6b44GR44Gf44K444O844Oz44K644KS5L2/44Gj44Gf44OR44OD44OB44Ov44O844Kv44GuMi415Lq65o6b44GR44K944OV44Kh44CC44OZ44Oz44OJ44K944OV44KhIDIuNeS6uuaOm+OBkeOCveODleOCoSDjgr3jg5XjgqHjg7wg5LqM5Lq65o6b44GRIOS4ieS6uuaOm+OBkSDjg5Hjg4Pjg4Hjg6/jg7zjgq8g44OH44OL44OgIOODluODq+ODvCDjgYrjgZfjgoPjgowg44Kk44Oz44OA44K544OI44Oq44Ki44OrIOOCouODs+ODhuOCo+ODvOOCryDjg6zjg4jjg60g44OK44OB44Ol44Op44OrIOeUt+WJjSDjg6Hjg7Pjgrrjg6njgqTjgq8g44Kr44K444Ol44Ki44OrIOODk+ODs+ODhuODvOOCuCDjgqLjg6Hjg6rjgqvjg7Mg44K444O844Oz44K6IOODkeODiOODquODg+OCryDjgJDpgIHmlpnnhKHmlpnjgJE=[rn]
37-51624,aHR0cDovL3RzaG9wLnIxMHMuanAvZ29sZC9hc3F1aXNzZS9henVtYXlhL25zNTIyLzBuczUyMi5qcGc/Zml0aW49NzAwOjcwMA==,NTM4MjcuMjAwMA==,,44Kk44Oz44OG44Oq44Ki44O75a+d5YW344O75Y+O57SNID4g44K944OV44Kh44O744K944OV44Kh44OZ44OD44OJID4gMuS6uuaOm+OBkeOCveODleOCoSA+IOW4g+WcsA==,44OH44Kj44Ki44OW44Ot44K944OV44KhIDIuNeS6uuaOm+OBkeOCveODleOCoSAy5Lq65o6b44GRIDPkurrmjpvjgZEg44K944OV44Kh44O8IOS6jOS6uuaOm+OBkSDkuInkurrmjpvjgZEg44OR44OD44OB44Ov44O844KvIOODh+ODi+ODoCDjg5bjg6vjg7wg44GK44GX44KD44KMIOOCpOODs+ODgOOCueODiOODquOCouODqyDjgqLjg7Pjg4bjgqPjg7zjgq8g44Os44OI44OtIOODiuODgeODpeODqeODqyDnlLfliY0g44Oh44Oz44K644Op44Kk44KvIOOCq+OCuOODpeOCouODqyDjg5Pjg7Pjg4bjg7zjgrgg44Ki44Oh44Oq44Kr44OzIOOCuOODvOODs+OCuiDjg4fjg7Pjg5Djg7wg44CQ6YCB5paZ54Sh5paZ44CR,5LiA5bqm5rSX44GE44KS5o6b44GR44Gf44K444O844Oz44K644Gu44Od44Kx44OD44OI5LuY44GNMi415Lq65o6b44GR44K944OV44Kh,PGltZyBzcmM9Imh0dHA6Ly93d3cucmFrdXRlbi5uZS5qcC9nb2xkL2FzcXVpc3NlL2F6dW1heWEvbnM1MjIvMW5zNTIyLmpwZyIvPgo8YnI+PGJyPgo8aW1nIHNyYz0iaHR0cDovL3d3dy5yYWt1dGVuLm5lLmpwL2dvbGQvYXNxdWlzc2UvYXp1bWF5YS9uczUyMi8ybnM1MjIuanBnIi8+Cjxicj48YnI+CjxpbWcgc3JjPSJodHRwOi8vaW1hZ2UucmFrdXRlbi5jby5qcC9hc3F1aXNzZS9jYWJpbmV0LzAzMDYwODczLzAzMDkzMjcxL2ltZzYwMzAzMDQxLmpwZyIvPgo8YnI+PGJyPgo8YSBocmVmPSJodHRwOi8vaXRlbS5yYWt1dGVuLmNvLmpwL2FzcXVpc3NlL2MvMDAwMDAwMDIwNi8iIHRhcmdldD0iX2JsYW5rIj48aW1nIHNyYz0iaHR0cDovL3d3dy5yYWt1dGVuLm5lLmpwL2dvbGQvYXNxdWlzc2UvdG9wL2RlbmltL2xpbmtfZGVuaW0uanBnIj48L2E+Cjxicj48YnI+CjxzdHlsZSB0eXBlPSJ0ZXh0L2NzcyI+CjwhLS0KLnN0eWxlMyB7Y29sb3I6ICMzMzMzMzM7IGZvbnQtc2l6ZTogMTJweDsgfQotLT4KPC9zdHlsZT4KCjx0YWJsZSB3aWR0aD0iNjAwIiBoZWlnaHQ9IjQwMCIgYm9yZGVyPSIxIiBjZWxsc3BhY2luZz0iMCIgYm9yZGVyY29sb3I9IiNFMUUxRTEiPgo8dHI+CiAgICA8dGQgd2lkdGg9IjEwNCIgYmdjb2xvcj0iI0YzRjNGMyI+PHNwYW4gY2xhc3M9InN0eWxlMyI+44CACueJueW+tDwvc3Bhbj48L3RkPgogICAgPHRkIHdpZHRoPSI0ODYiPjxzcGFuIGNsYXNzPSJzdHlsZTMiPgrjgIDkuIDluqbmtJfjgYTjgpLmjpvjgZHjgZ/jgrjjg7zjg7PjgrrjgpLkvb/jgaPjgZ/jg53jgrHjg4Pjg4jku5jjgY3jga7jgYrjgZfjgoPjgozjgaoyLjXkurrmjpvjgZHjgr3jg5XjgqE8YnI+CuOAgOODq+ODg+OCr+OCueOBruiJr+OBleOBqOOBl+OBpuOBoOOBkeOBp+OBquOBj+OAgeODquODouOCs+ODs+OBquOBqeOBrue0sOOAheOBqOOBl+OBn+OCguOBruOCkuODneOCseODg+ODiOOBq+WPjue0jeOBp+OBjeOCi+OBruOBpzxicj4K44CA44Oq44OT44Oz44Kw5ZGo44KK44KC44GZ44Gj44GN44KK44Go44GX44G+44GZPGJyPgrjgIDjg5Pjg7Pjg4bjg7zjgrjjgoTjgqLjg6Hjg6rjgqvjg7PjgIHjgqTjg7Pjg4Djgrnjg4jjg6rjgqLjg6vjg4bjgqTjgrnjg4jjgavjgYrjgZnjgZnjgoHjgafjgZk8L3NwYW4+PC90ZD4KICA8L3RyPgo8dHI+CiAgICA8dGQgd2lkdGg9IjEwNCIgYmdjb2xvcj0iI0YzRjNGMyI+PHNwYW4gY2xhc3M9InN0eWxlMyI+44CACuOCteOCpOOCujwvc3Bhbj48L3RkPgogICAgPHRkIHdpZHRoPSI0ODYiPjxzcGFuIGNsYXNzPSJzdHlsZTMiPgrjgIBXMTYwMMOXRDgxMMOXSDc1MChTSDQwMCkgbW08L3NwYW4+PC90ZD4KICA8L3RyPgo8dHI+CiAgICA8dGQgYmdjb2xvcj0iI0YzRjNGMyI+PHNwYW4gY2xhc3M9InN0eWxlMyI+44CA5p2Q6LOqPC9zcGFuPjwvdGQ+CiAgICA8dGQ+PHNwYW4gY2xhc3M9InN0eWxlMyI+44CA5pyo44OV44Os44O844Og44CA44Km44Kn44O844OT44Oz44Kw44OZ44Or44OI44CA44Kz44OD44OI44OzPC9zcGFuPjwvdGQ+CiAgPC90cj4KPHRyPgogICAgPHRkIGJnY29sb3I9IiNGM0YzRjMiPjxzcGFuIGNsYXNzPSJzdHlsZTMiPuOAgOWCmeiAgzwvc3Bhbj48L3RkPgogICAgPHRkPjxzcGFuIGNsYXNzPSJzdHlsZTMiPgrjgIDnjoTplqLmuKHjgZfllYblk4Eo5a6F6YWN5L6/44Gn44Gu44GK5bGK44GRKSA8YnI+CuOAgOa0l+OBo+OBn+eUn+WcsOOCkuS9v+eUqOOBl+OBpuOBiuOCiuOBvuOBmeOBruOBp+iJsuODoOODqeOBjOWHuuOCi+WgtOWQiOOBjOOBlOOBluOBhOOBvuOBmeOAguS6iOOCgeOBlOS6huaJv+OBj+OBoOOBleOBhOOBvuOBm+OAgjwvc3Bhbj48L3RkPgogIDwvdHI+CiAgICAgIDx0cj4KICAgIDx0ZCBiZ2NvbG9yPSIjRjNGM0YzIj48c3BhbiBjbGFzcz0ic3R5bGUzIj7jgIDntI3mnJ88L3NwYW4+PC90ZD4KICAgIDx0ZD48c3BhbiBjbGFzcz0ic3R5bGUzIj7jgIDjgYrlj5bjgorlr4TjgZvllYblk4Hjgavjgarjgorjgb7jgZnjgILpgJrluLg35pel44GL44KJMTDml6XnqIvluqY8L3NwYW4+PC90ZD4KICA8L3RyPgoKCgoKCiA8L3RhYmxlPgoKCjxzdHlsZSB0eXBlPSJ0ZXh0L2NzcyI+Ci8q44GK5rCX44Gr5YWl44KK5ZWG5ZOB44Oc44K/44Oz44Gu44K/44Kw44GT44GT44GL44KJKi8KZGl2LmJvb2ttYXJrQXJlYSBkaXYuYmttIHsKd2lkdGg6IDMxOHB4ICFpbXBvcnRhbnQ7ICAvKjEu44GT44GT44Gr55S75YOP44Gu5qiq5bmF44KS5oyH5a6aKi8KaGVpZ2h0OiA4M3B4ICFpbXBvcnRhbnQ7ICAvKjEu44GT44GT44Gr55S75YOP44Gu6auY44GV44KS5oyH5a6aKi8KfQpkaXYuYm9va21hcmtBcmVhIGRpdi5ia20gYS5hZGRCa20gc3Bhbi5ia21TdGFyIHsKZGlzcGxheTogaW5saW5lLWJsb2NrICFpbXBvcnRhbnQ7Cgp3aWR0aDogMzE4cHggIWltcG9ydGFudDsgICAvKjEu44GT44GT44Gr55S75YOP44Gu5qiq5bmF44KS5oyH5a6aKi8KaGVpZ2h0OiA4M3B4ICFpbXBvcnRhbnQ7ICAgLyoxLuOBk+OBk+OBq+eUu+WDj+OBrumrmOOBleOCkuaMh+WumiovCgoKbWFyZ2luLXJpZ2h0OiAwcHggIWltcG9ydGFudDsKYmFja2dyb3VuZDoKdXJsKGh0dHA6Ly9pbWFnZS5yYWt1dGVuLmNvLmpwL2FzcXVpc3NlL2NhYmluZXQvaW1ncmMwMDY0NzE5NjExLmpwZykgbm8tcmVwZWF0IDAgMCAhaW1wb3J0YW50O+OAgAoJCQkgICAvKuKGkeKGkTIu44GT44GT44Gr44GK5aW944G/44Gu44GK5rCX44Gr5YWl44KK55S75YOP44KS44Kz44OU44Oa4oaR4oaRCiovCgpjdXJzb3I6IHBvaW50ZXIgIWltcG9ydGFudDsKfQoKZGl2LmJvb2ttYXJrQXJlYSBkaXYuYmttIHsKd2lkdGg6IDMxOHB4ICFpbXBvcnRhbnQ7ICAvKjEu44GT44GT44Gr55S75YOP44Gu5qiq5bmF44KS5oyH5a6aKi8KaGVpZ2h0OiA4M3B4ICFpbXBvcnRhbnQ7ICAvKjEu44GT44GT44Gr55S75YOP44Gu6auY44GV44KS5oyH5a6aKi8KfQpkaXYuYm9va21hcmtBcmVhIGRpdi5ia20gYS5hZGRCa20gc3Bhbi5ia21TdGFyIHsKZGlzcGxheTogaW5saW5lLWJsb2NrICFpbXBvcnRhbnQ7Cgp3aWR0aDogMzE4cHggIWltcG9ydGFudDsgICAvKjEu44GT44GT44Gr55S75YOP44Gu5qiq5bmF44KS5oyH5a6aKi8KaGVpZ2h0OiA4M3B4ICFpbXBvcnRhbnQ7ICAgLyoxLuOBk+OBk+OBq+eUu+WDj+OBrumrmOOBleOCkuaMh+WumiovCgoKbWFyZ2luLXJpZ2h0OiAwcHggIWltcG9ydGFudDsKYmFja2dyb3VuZDoKdXJsKGh0dHA6Ly9pbWFnZS5yYWt1dGVuLmNvLmpwL2FzcXVpc3NlL2NhYmluZXQvaW1ncmMwMDY0NzE5NjExLmpwZykgbm8tcmVwZWF0IDAgMCAhaW1wb3J0YW50O+OAgC8q44GT44GT44Gr44GK5aW944G/44Gu44GK5rCX44Gr5YWl44KK55S75YOP44KS44Kz44OU44OaKi8KCQkJICAgLyrihpHihpEyLuOBk+OBk+OBq+OBiuWlveOBv+OBruOBiuawl+OBq+WFpeOCiueUu+WDj+OCkuOCs+ODlOODmuKGkeKGkQoqLwoKY3Vyc29yOiBwb2ludGVyICFpbXBvcnRhbnQ7Cn0KCgoKLyrjgYrmsJfjgavlhaXjgorllYblk4Hjg5zjgr/jg7Pjgr/jgrDjgZPjgZPjgb7jgacqLwovKuOBiuiyt+OBhOeJqeOBi+OBlOOCv+OCsOOBk+OBk+OBi+OCiSovCgppbnB1dFt2YWx1ZT0i6LK344GE54mp44GL44GU44Gr5YWl44KM44KLIl17CgoJZm9udC1zaXplOjE2cHg7Cglmb250LWZhbWlseTpBcmlhbDsKCWZvbnQtd2VpZ2h0Om5vcm1hbDsKCS1tb3otYm9yZGVyLXJhZGl1czo4cHg7Cgktd2Via2l0LWJvcmRlci1yYWRpdXM6OHB4OwoJYm9yZGVyLXJhZGl1czo4cHg7Cglib3JkZXI6MXB4IHNvbGlkICNkODM1MjY7CglwYWRkaW5nOjlweCAxOHB4OwoJdGV4dC1kZWNvcmF0aW9uOm5vbmU7CgoJYmFja2dyb3VuZDotbW96LWxpbmVhci1ncmFkaWVudCggY2VudGVyIHRvcCwgI2ZlMWEwMCA1JSwgI2NlMDEwMCAxMDAlICk7CgliYWNrZ3JvdW5kOi1tcy1saW5lYXItZ3JhZGllbnQoIHRvcCwgI2ZlMWEwMCA1JSwgI2NlMDEwMCAxMDAlICk7CiAgICAgICAJYmFja2dyb3VuZDotd2Via2l0LWdyYWRpZW50KCBsaW5lYXIsIGxlZnQgdG9wLCBsZWZ0IGJvdHRvbSwgY29sb3Itc3RvcCg1JSwgI2ZlMWEwMCksIGNvbG9yLXN0b3AoMTAwJSwgI2NlMDEwMCkgKTsKCgljdXJzb3I6IHBvaW50ZXIgIWltcG9ydGFudDsKCgliYWNrZ3JvdW5kLWNvbG9yOiNmZTFhMDA7Cgljb2xvcjojZmZmZmZmOwoJZGlzcGxheTppbmxpbmUtYmxvY2s7Cgl0ZXh0LXNoYWRvdzoxcHggMXB4IDBweCAjYjIzZTM1OwogCWJveC1zaGFkb3c6aW5zZXQgMXB4IDFweCAwcHggMHB4ICNmMjljOTM7IH0KCi8q44GK6LK344GE54mp44GL44GU44K/44Kw44GT44GT44G+44GnKi8KCjwhLS0KLnN0eWxlMSB7Zm9udC1zaXplOiAxMHB4fQouc3R5bGUyIHtjb2xvcjogI0ZGMDAwMH0KLnN0eWxlNCB7Y29sb3I6ICMwMDAwRkZ9Ci0tPgo8L3N0eWxlPgo8aW1nIHNyYz0iaHR0cDovL2ltYWdlLnJha3V0ZW4uY28uanAvYXNxdWlzc2UvY2FiaW5ldC9pbWc1ODkxMTA4My5qcGciLz4KPHRhYmxlIHdpZHRoPSI2MTEiIGJvcmRlcj0iMCI+CgogIDx0cj4KICAgIDx0ZCB3aWR0aD0iMjk0IiByb3dzcGFuPSIyIj48cCBjbGFzcz0ic3R5bGUxIj7ilqDllrbmpa3mmYLplpPluK88YnI+Cgnjg43jg4Pjg4jjgafjga7jgZTms6jmlofjga/jgIE8c3BhbiBjbGFzcz0ic3R5bGUyIj4yNOaZgumWkzwvc3Bhbj7lj5fjgZHku5jjgZHjgabjgYrjgorjgb7jgZnjgII8YnI+PGJyPgoK44GK6Zu76Kmx44Gn44Gu44GK5ZWP5ZCI44Gb44Gv5LiL6KiY44Gu5pmC6ZaT5biv44Gr44GK6aGY44GE44GX44G+44GZ44CCCjxicj4KCgo8c3BhbiBjbGFzcz0ic3R5bGUyIj4xMTowMO+9njIwOjAwPC9zcGFuPiDjgIAgPHNwYW4gY2xhc3M9InN0eWxlMiI+4oC754Gr5puc5pel44Gv44GK5LyR44G/PC9zcGFuPuOCkuOBhOOBn+OBoOOBhOOBpuOBiuOCiuOBvuOBmeOAgjxicj4KPGJyPgoK4pag6YCB5paZPGJyPgrlhajlm73kuIDlvovmlpnph5HvvJo8c3BhbiBjbGFzcz0ic3R5bGUyIj41ODDlhoY8L3NwYW4+PGJyPgoo5YyX5rW36YGT44CB5rKW57iE44CB6Zui5bO244O75LiA6YOo5Zyw5Z+f44Gv6L+95Yqg6YCB5paZ55m655Sf44GX44G+44GZ44CCKTxicj4KPGJyPgrilqDlroXphY3kvr88YnI+CuODpOODnuODiOmBi+i8uOOAgOilv+a/g+mBi+i8uOOAgOS9kOW3neaApeS+v+OAgOOChuOBhuODkeODg+OCrzxicj4KPGJyPgrilqDllYblk4HnmbrpgIHjga7jgr/jgqTjg5/jg7PjgrA8YnI+CueJueOBq+OBlOaMh+WumuOBjOOBquOBhOWgtOWQiOOAgTxicj4K5qW95aSp44OQ44Oz44Kv5rG65riI44CB6YqA6KGM5oyv6L684oeS44GU5YWl6YeR56K66KqN5b6M44CBPHNwYW4gY2xhc3M9InN0eWxlMiI+N+WWtualreaXpeS7peWGhTwvc3Bhbj7jgavnmbrpgIHoh7TjgZfjgb7jgZnjgII8YnI+CuOCr+ODrOOCuOODg+ODiOOAgeS7o+mHkeW8leaPm+OAgOKHkuOBlOazqOaWh+eiuuiqjeW+jOOAgTxzcGFuIGNsYXNzPSJzdHlsZTIiPjfllrbmpa3ml6Xku6XlhoU8L3NwYW4+44Gr55m66YCB6Ie044GX44G+44GZ44CCIAo8YnI+Cjxicj4K4pag6L+U5ZOB44O75Lqk5o+b44Gr44Gk44GE44GmPGJyPgrllYblk4Hjga7jgqvjg6njg7zjgavplqLjgZfjgb7jgZfjgabjga/plrLopqfnkrDlooPjgavjgojjgaPjgaboi6XlubLpgZXjgaPjgabopovjgYjjgovloLTlkIjjgYzjgZTjgZbjgYTjgb7jgZnkuojjgoHjgZTkuobmib/kuIvjgZXjgYTjgII8YnI+CuODoeODvOOCq+ODvOOBjOWIneacn+S4jeiJr+OBqOiqjeWumuOBl+OBpuOBhOOBquOBhOWVhuWTgeOAgeOAjOOCpOODoeODvOOCuOOBqOmBleOBhuOAjeetieOBrui/lOWTgeODu+S6pOaPm+OBr+OBiuWPl+OBkeOBp+OBjeOBvuOBm+OCk+OBruOBp+OBlOS6huaJv+OBj+OBoOOBleOBhOOAgjxicj4K5LqL5YmN44Gu44GU6YCj57Wh44Gu44Gq44GE6L+U5ZOB44Gr6Zai44GX44G+44GX44Gm44Gv44GK5Y+X44GR44Gn44GN44G+44Gb44KTPGJyPgrvvIjnnYDmiZXjgYTnrYnjgafjga7ov5Tlk4HvvInjgZTkuobmib/jgY/jgaDjgZXjgYTjgII8YnI+Cjxicj4K4pag5LiN6Imv5ZOB44Gr44Gk44GE44GmPGJyPgrllYblk4HjgYznoLTmkI3jg7vmsZrmkI3jgZfjgabjgYTjgZ/loLTlkIjjga/phY3pgZTlvozkuIDpgLHplpPku6XlhoXjgavjg6Hjg7zjg6vjgYvpm7voqbHjgafjgZTpgKPntaHjgY/jgaDjgZXjgYTjgIIK44GZ44GQ44Gr5Lqk5o+b44Gu5ZOB44G+44Gf44Gv6L+U5ZOB44KS5om/44KK44G+44GZ44CCPGJyPgrigLvjgZPjga7loLTlkIjjga/pgIHmlpnjgIHmiYvmlbDmlpnjga/lvZPlupfjgYzosqDmi4XjgYTjgZ/jgZfjgb7jgZnjgIIKICA8L3RkPgogICAgPHRkIHdpZHRoPSIzMDciIGhlaWdodD0iNjIiIHZhbGlnbj0idG9wIj48c3BhbiBjbGFzcz0ic3R5bGUxIj7ilqDjgYrmlK/miZXjgYTmlrnms5XjgavjgaTjgYTjgaY8YnI+CiAgICDjgYrmlK/miZXjgYTjga/mpb3lpKnjg5Djg7Pjgq/jgIHpioDooYzmjK/jgorovrzjgb/jgIHku6Pph5HlvJXmj5vjgIHjgq/jg6zjgrjjg4Pjg4jjgYzjgZTliKnnlKjjgYTjgZ/jgaDjgZHjgb7jgZnjgII8YnIgLz4KICAgIDxicj4KICAgIDxzcGFuIGNsYXNzPSJzdHlsZTQiPuKAu+OCr+ODrOOCuOODg+ODiOOCq+ODvOODieOBruOCu+OCreODpeODquODhuOCo+OBr1NTTOOBqOOBhOOBhuOCt+OCueODhuODoOOCkuWIqeeUqOOBl+OBpuOBiuOCiuOBvuOBmeOAgiDjgqvjg7zjg4nnlarlj7fjga/mmpflj7fljJbjgZXjgozjgablronlhajjgavpgIHkv6HjgZXjgozjgb7jgZnjga7jgafjgIHjganjgYbjgZ7jgZTlronlv4PjgY/jgaDjgZXjgYTjgII8YnIgLz4KICAgIDxpbWcgc3JjPSJodHRwOi8vaW1hZ2UucmFrdXRlbi5jby5qcC9fc3VwcG9ydC1vcy9jYWJpbmV0L3Zpc2EuZ2lmIiAvPiA8aW1nIHNyYz0iaHR0cDovL2ltYWdlLnJha3V0ZW4uY28uanAvX3N1cHBvcnQtb3MvY2FiaW5ldC9tYXN0ZXJjYXJkLmdpZiIgLz4gPGltZyBzcmM9Imh0dHA6Ly9pbWFnZS5yYWt1dGVuLmNvLmpwL19zdXBwb3J0LW9zL2NhYmluZXQvamNiLmdpZiIgLz4gPGltZyBzcmM9Imh0dHA6Ly9pbWFnZS5yYWt1dGVuLmNvLmpwL19zdXBwb3J0LW9zL2NhYmluZXQvZGluZXJzLmdpZiIgLz4gPGltZyBzcmM9Imh0dHA6Ly9pbWFnZS5yYWt1dGVuLmNvLmpwL19zdXBwb3J0LW9zL2NhYmluZXQvYW1leC5naWYiIC8+IDxpbWcgc3JjPSJodHRwOi8vaW1hZ2UucmFrdXRlbi5jby5qcC9fc3VwcG9ydC1vcy9jYWJpbmV0L2dpbmtvdS5naWYiIHdpZHRoPSIzNiIgaGVpZ2h0PSIzNiIgLz4gPGltZyBzcmM9Imh0dHA6Ly9pbWFnZS5yYWt1dGVuLmNvLmpwL19zdXBwb3J0LW9zL2NhYmluZXQvZGFpYmlraS5naWYiIHdpZHRoPSIzNiIgaGVpZ2h0PSIzNiIgLz48L3NwYW4+PC9zcGFuPjwvdGQ+CiAgPC90cj4KICAKICA8dHI+CiAgICA8dGQgdmFsaWduPSJ0b3AiPjxzcGFuIGNsYXNzPSJzdHlsZTEiPuKWoOalveWkqeODkOODs+OCr+axuua4iDxicj4K5qW95aSp44OQ44Oz44Kv5rG65riI5omL5pWw5paZKOeojui+vCk8YnI+CjHlhobvvZ4yOSw5OTnlhobjgIDjgIA8c3BhbiBjbGFzcz0ic3R5bGUyIj4xNTXlhoY8L3NwYW4+PGJyPgozMCwwMDDlhobvvZ7jgIDjgIDjgIDjgIA8c3BhbiBjbGFzcz0ic3R5bGUyIj4yNTflhoY8L3NwYW4+PGJyPjxicj4KCuKWoOS7o+mHkeW8leaPmyA8YnI+CuS7o+W8leaJi+aVsOaWmeaWme+8muWFqOWbveS4gOW+i+aWmemHke+8miA8c3BhbiBjbGFzcz0ic3R5bGUyIj4zMjTlhoY8L3NwYW4+PGJyPgo8YnI+CuKWoOmKgOihjOaMr+i+vDxicj4K44GU5YWl6YeR56K66KqN5b6M44Gr55m66YCB44GE44Gf44GX44G+44GZ44CCPGJyPgrmjK/ovrzmiYvmlbDmlpnjga/jgYrlrqLmp5josqDmi4XjgafjgYrpoZjjgYToh7TjgZfjgb7jgZnjgII8YnI+Cjxicj4K44CQ5oyv6L685YWI44CRIOalveWkqemKgOihjO+8iOODqeOCr+ODhuODs+OCruODs+OCs+OCpu+8iealveWkqeW4guWgtOaUr+W6l++8iOODqeOCr+ODhuODs+OCpOODgeODkOOCt+ODhuODs++8iSDmma7pgJogMTA0NzA3MCDjg6njgq/jg4bjg7PvvIjvvKHvvLPvvLHvvLXvvKnvvLPvvLPvvKUgCjxicj7igLvjgZPjga7lj6Pluqfjga7mqKnliKnjga/mpb3lpKnmoKrlvI/kvJrnpL7jgYzkv53mnInjgZfjgabjgYTjgb7jgZnjgIIgPGJyPgo8YnI+CjxzcGFuIGNsYXNzPSJzdHlsZTQiPuKAu+ODneOCpOODs+ODiOOCkuOBlOWIqeeUqOOBruWgtOWQiOetieOAgealveWkqeOBi+OCieiHquWLleOBp+mFjeS/oeOBleOCjOOCi+eiuuiqjeODoeODvOODq+OBrumHkemhjeOBqOOBiuaMr+i+vOOBv+aZguOBrumHkemhjeOBjOeVsOOBquOCi+WgtOWQiOOBjOOBlOOBluOBhOOBvuOBmeOAggrjga7jgaHjgbvjganlvZPlupfjgYvjgonjgYrpgIHjgorjgZnjgovjg6Hjg7zjg6vjgavoqJjovInjga7ph5HpoY3jgpLjgYrmjK/ovrzjgb/jgY/jgaDjgZXjgYTjgII8L3NwYW4+PC9zcGFuPjwvdGQ+CiAgPC90cj4KICA8dHI+CiAgICA8dGQgY29sc3Bhbj0iMiI+Jm5ic3A7PC90ZD4KICA8L3RyPgo8L3RhYmxlPg==,44OH44Kj44Ki44OW44Ot44K944OV44KhIDIuNeS6uuaOm+OBkeOCveODleOCoSAy5Lq65o6b44GRIDPkurrmjpvjgZEg44K944OV44Kh44O8IOS6jOS6uuaOm+OBkSDkuInkurrmjpvjgZEg44OR44OD44OB44Ov44O844KvIOODh+ODi+ODoCDjg5bjg6vjg7wg44GK44GX44KD44KMIOOCpOODs+ODgOOCueODiOODquOCouODqyDjgqLjg7Pjg4bjgqPjg7zjgq8g44Os44OI44OtIOODiuODgeODpeODqeODqyDnlLfliY0g44Oh44Oz44K644Op44Kk44KvIOOCq+OCuOODpeOCouODqyDjg5Pjg7Pjg4bjg7zjgrgg44Ki44Oh44Oq44Kr44OzIOOCuOODvOODs+OCuiDjg4fjg7Pjg5Djg7wg44CQ6YCB5paZ54Sh5paZ44CR77yaYXNxdWlzc2U=,44OH44Kj44Ki44OW44Ot44K944OV44KhIDIuNeS6uuaOm+OBkeOCveODleOCoSAy5Lq65o6b44GRIDPkurrmjpvjgZEg44K944OV44Kh44O8IOS6jOS6uuaOm+OBkSDkuInkurrmjpvjgZEg44OR44OD44OB44Ov44O844KvIOODh+ODi+ODoCDjg5bjg6vjg7wg44GK44GX44KD44KMIOOCpOODs+ODgOOCueODiOODquOCouODqyDjgqLjg7Pjg4bjgqPjg7zjgq8g44Os44OI44OtIOODiuODgeODpeODqeODqyDnlLfliY0g44Oh44Oz44K644Op44Kk44KvIOOCq+OCuOODpeOCouODqyDjg5Pjg7Pjg4bjg7zjgrgg44Ki44Oh44Oq44Kr44OzIOOCuOODvOODs+OCuiDjg4fjg7Pjg5Djg7wg44CQ6YCB5paZ54Sh5paZ44CR,5LiA5bqm5rSX44GE44KS5o6b44GR44Gf44K444O844Oz44K644Gu44Od44Kx44OD44OI5LuY44GNMi415Lq65o6b44GR44K944OV44Kh44CC44OH44Kj44Ki44OW44Ot44K944OV44KhIDIuNeS6uuaOm+OBkeOCveODleOCoSAy5Lq65o6b44GRIDPkurrmjpvjgZEg44K944OV44Kh44O8IOS6jOS6uuaOm+OBkSDkuInkurrmjpvjgZEg44OR44OD44OB44Ov44O844KvIOODh+ODi+ODoCDjg5bjg6vjg7wg44GK44GX44KD44KMIOOCpOODs+ODgOOCueODiOODquOCouODqyDjgqLjg7Pjg4bjgqPjg7zjgq8g44Os44OI44OtIOODiuODgeODpeODqeODqyDnlLfliY0g44Oh44Oz44K644Op44Kk44KvIOOCq+OCuOODpeOCouODqyDjg5Pjg7Pjg4bjg7zjgrgg44Ki44Oh44Oq44Kr44OzIOOCuOODvOODs+OCuiDjg4fjg7Pjg5Djg7wg44CQ6YCB5paZ54Sh5paZ44CR[rn]
37-51625,aHR0cDovL3RzaG9wLnIxMHMuanAvZ29sZC9hc3F1aXNzZS9henVtYXlhL2hzNzU1LzBfMWhzNzU1LmpwZz9maXRpbj03MDA6NzAw,NDcxNzQuNDAwMA==,,44Kk44Oz44OG44Oq44Ki44O75a+d5YW344O75Y+O57SNID4g44K944OV44Kh44O744K944OV44Kh44OZ44OD44OJID4gMuS6uuaOm+OBkeOCveODleOCoSA+IOW4g+WcsA==,44K144Oz44OO44K844K944OV44KhIDLkurrmjpvjgZHjgr3jg5XjgqEg44K944OV44Kh44O8IOS6jOS6uuaOm+OBkSDjgrjjg7zjg7PjgrrjgIDjg4fjg4vjg6Ag44OW44Or44O8IOOBiuOBl+OCg+OCjCDjgqTjg7Pjg4Djgrnjg4jjg6rjgqLjg6sg44Ki44Oz44OG44Kj44O844KvIOODiuODgeODpeODqeODqyDnlLfliY0g44Oh44Oz44K644Op44Kk44KvIOODluODq+ODg+OCr+ODquODsyDljJfmrKcg54Sh5Z6iIOODouODgOODsyDmnKjoo70g44Km44OD44OJIOOCouOCpOOCouODsyDpiYQg44Kz44Oz44OR44Kv44OIIOOCteODvOOCuCDjgJDpgIHmlpnnhKHmlpnjgJE=,44OH44OL44Og6Kq/44Gu5biD44Go44K544OB44O844Or44GM44GK44GX44KD44KM44GqMuS6uuaOm+OBkeOCveODleOCoQ==,PGltZyBzcmM9Imh0dHA6Ly93d3cucmFrdXRlbi5uZS5qcC9nb2xkL2FzcXVpc3NlL2F6dW1heWEvaHM3NTUvMF8xaHM3NTUuanBnIi8+CjxwPgrjgIDjg5bjg6njg4Pjgq/jga7jgrnjg4Hjg7zjg6vjgajjg4fjg4vjg6Doqr/jga7luIPjgYzjgYrjgZfjgoPjgozjgaoy5Lq65o6b44GR44K944OV44KhPGJyPjxicj4K44CA44Ki44O844Og6YOo44Gu44Km44OD44OJ44KC44Ki44Kv44K744Oz44OI44Go44Gq44Gj44Gm44GK44KK44G+44GZPC9wPgo8cD7jgIDnlLfliY3jgqTjg7Pjg4bjg6rjgqLjgoTjgqTjg7Pjg4Djgrnjg4jjg6rjgqLjg6vjg4bjgqTjgrnjg4jjg7vjgqLjg7Pjg4bjgqPjg7zjgq/jgarjganjga7jgYrpg6jlsYvjgavjgYrjgZnjgZnjgoHjgafjgZk8L3A+Cjxicj48YnI+CjxpbWcgc3JjPSJodHRwOi8vd3d3LnJha3V0ZW4ubmUuanAvZ29sZC9hc3F1aXNzZS9henVtYXlhL2hzNzU1LzJoczc1NS5qcGciLz4KPHA+44CA6IOM6Z2i44Gv44Op44OA44O86Kq/44Gr44Gq44Gj44Gm44GK44KK44CB6ZaT5LuV5YiH44KK44Go44GX44Gm44KC44GK5L2/44GE44GE44Gf44Gg44GR44G+44GZPC9wPgo8YnI+PGJyPgo8aW1nIHNyYz0iaHR0cDovL2ltYWdlLnJha3V0ZW4uY28uanAvYXNxdWlzc2UvY2FiaW5ldC8wMzA2MDg3My8wMzA5MzI3MS9pbWc2MDMwMzA0MS5qcGciLz4KPGJyPjxicj4KPGEgaHJlZj0iaHR0cDovL2l0ZW0ucmFrdXRlbi5jby5qcC9hc3F1aXNzZS9jLzAwMDAwMDAyMDYvIiB0YXJnZXQ9Il9ibGFuayI+PGltZyBzcmM9Imh0dHA6Ly93d3cucmFrdXRlbi5uZS5qcC9nb2xkL2FzcXVpc3NlL3RvcC9kZW5pbS9saW5rX2RlbmltLmpwZyI+PC9hPgo8YnI+PGJyPgoKPHN0eWxlIHR5cGU9InRleHQvY3NzIj4KPCEtLQouc3R5bGUzIHtjb2xvcjogIzMzMzMzMzsgZm9udC1zaXplOiAxMnB4OyB9Ci0tPgo8L3N0eWxlPgoKPHRhYmxlIHdpZHRoPSI2MDAiIGhlaWdodD0iNDAwIiBib3JkZXI9IjEiIGNlbGxzcGFjaW5nPSIwIiBib3JkZXJjb2xvcj0iI0UxRTFFMSI+Cjx0cj4KICAgIDx0ZCB3aWR0aD0iMTA0IiBiZ2NvbG9yPSIjRjNGM0YzIj48c3BhbiBjbGFzcz0ic3R5bGUzIj7jgIAK54m55b60PC9zcGFuPjwvdGQ+CiAgICA8dGQgd2lkdGg9IjQ4NiI+PHNwYW4gY2xhc3M9InN0eWxlMyI+44CA44OW44Op44OD44Kv44Gu44K544OB44O844Or44Go44OH44OL44Og6Kq/44Gu5biD44GM44GK44GX44KD44KM44GqMuS6uuaOm+OBkeOCveODleOCoTxicj4K44CA44Ki44O844Og6YOo44Gu44Km44OD44OJ44KC44Ki44Kv44K744Oz44OI44Go44Gq44Gj44Gm44GK44KK44G+44GZPGJyPgrjgIDnlLfliY3jgqTjg7Pjg4bjg6rjgqLjgoTjgqTjg7Pjg4Djgrnjg4jjg6rjgqLjg6vjg4bjgqTjgrnjg4jjg7vjgqLjg7Pjg4bjgqPjg7zjgq/jgarjganjga7jgYrpg6jlsYvjgavjgYrjgZnjgZnjgoHjgafjgZk8YnI+CuOAgOiDjOmdouOBr+ODqeODgOODvOiqv+OBq+OBquOBo+OBpuOBiuOCiuOAgemWk+S7leWIh+OCiuOBqOOBl+OBpuOCguOBiuS9v+OBhOOBhOOBn+OBoOOBkeOBvuOBmTwvc3Bhbj48L3RkPgogIDwvdHI+Cjx0cj4KICAgIDx0ZCB3aWR0aD0iMTA0IiBiZ2NvbG9yPSIjRjNGM0YzIj48c3BhbiBjbGFzcz0ic3R5bGUzIj7jgIAK44K144Kk44K6PC9zcGFuPjwvdGQ+CiAgICA8dGQgd2lkdGg9IjQ4NiI+PHNwYW4gY2xhc3M9InN0eWxlMyI+CuOAgFcxNTEww5dENzgww5dINzcwKFNINDEwKSBtbTwvc3Bhbj48L3RkPgogIDwvdHI+Cjx0cj4KICAgIDx0ZCBiZ2NvbG9yPSIjRjNGM0YzIj48c3BhbiBjbGFzcz0ic3R5bGUzIj7jgIDmnZDos6o8L3NwYW4+PC90ZD4KICAgIDx0ZD48c3BhbiBjbGFzcz0ic3R5bGUzIj7jgIDjgrnjg4Hjg7zjg6so57KJ5L2T5aGX6KOFKeOAgOODneOCseODg+ODiOOCs+OCpOODq+OAgOODneODquOCqOOCueODhuODqzwvc3Bhbj48L3RkPgogIDwvdHI+Cjx0cj4KICAgIDx0ZCBiZ2NvbG9yPSIjRjNGM0YzIj48c3BhbiBjbGFzcz0ic3R5bGUzIj7jgIDlgpnogIM8L3NwYW4+PC90ZD4KICAgIDx0ZD48c3BhbiBjbGFzcz0ic3R5bGUzIj4K44CA546E6Zai5rih44GX5ZWG5ZOBKOWuhemFjeS+v+OBp+OBruOBiuWxiuOBkSk8YnI+CuOAgOOBk+OBruWVhuWTgeOBr+OAgee1hOOBv+eri+OBpuW8j+WutuWFt+OBp+OBmSA8L3NwYW4+PC90ZD4KICA8L3RyPgogICAgICA8dHI+CiAgICA8dGQgYmdjb2xvcj0iI0YzRjNGMyI+PHNwYW4gY2xhc3M9InN0eWxlMyI+44CA57SN5pyfPC9zcGFuPjwvdGQ+CiAgICA8dGQ+PHNwYW4gY2xhc3M9InN0eWxlMyI+44CA44GK5Y+W44KK5a+E44Gb5ZWG5ZOB44Gr44Gq44KK44G+44GZ44CC6YCa5bi4N+aXpeOBi+OCiTEw5pel56iL5bqmPC9zcGFuPjwvdGQ+CiAgPC90cj4KCgoKCgogPC90YWJsZT4KCgo8c3R5bGUgdHlwZT0idGV4dC9jc3MiPgovKuOBiuawl+OBq+WFpeOCiuWVhuWTgeODnOOCv+ODs+OBruOCv+OCsOOBk+OBk+OBi+OCiSovCmRpdi5ib29rbWFya0FyZWEgZGl2LmJrbSB7CndpZHRoOiAzMThweCAhaW1wb3J0YW50OyAgLyoxLuOBk+OBk+OBq+eUu+WDj+OBruaoquW5heOCkuaMh+WumiovCmhlaWdodDogODNweCAhaW1wb3J0YW50OyAgLyoxLuOBk+OBk+OBq+eUu+WDj+OBrumrmOOBleOCkuaMh+WumiovCn0KZGl2LmJvb2ttYXJrQXJlYSBkaXYuYmttIGEuYWRkQmttIHNwYW4uYmttU3RhciB7CmRpc3BsYXk6IGlubGluZS1ibG9jayAhaW1wb3J0YW50OwoKd2lkdGg6IDMxOHB4ICFpbXBvcnRhbnQ7ICAgLyoxLuOBk+OBk+OBq+eUu+WDj+OBruaoquW5heOCkuaMh+WumiovCmhlaWdodDogODNweCAhaW1wb3J0YW50OyAgIC8qMS7jgZPjgZPjgavnlLvlg4/jga7pq5jjgZXjgpLmjIflrpoqLwoKCm1hcmdpbi1yaWdodDogMHB4ICFpbXBvcnRhbnQ7CmJhY2tncm91bmQ6CnVybChodHRwOi8vaW1hZ2UucmFrdXRlbi5jby5qcC9hc3F1aXNzZS9jYWJpbmV0L2ltZ3JjMDA2NDcxOTYxMS5qcGcpIG5vLXJlcGVhdCAwIDAgIWltcG9ydGFudDvjgIAKCQkJICAgLyrihpHihpEyLuOBk+OBk+OBq+OBiuWlveOBv+OBruOBiuawl+OBq+WFpeOCiueUu+WDj+OCkuOCs+ODlOODmuKGkeKGkQoqLwoKY3Vyc29yOiBwb2ludGVyICFpbXBvcnRhbnQ7Cn0KCmRpdi5ib29rbWFya0FyZWEgZGl2LmJrbSB7CndpZHRoOiAzMThweCAhaW1wb3J0YW50OyAgLyoxLuOBk+OBk+OBq+eUu+WDj+OBruaoquW5heOCkuaMh+WumiovCmhlaWdodDogODNweCAhaW1wb3J0YW50OyAgLyoxLuOBk+OBk+OBq+eUu+WDj+OBrumrmOOBleOCkuaMh+WumiovCn0KZGl2LmJvb2ttYXJrQXJlYSBkaXYuYmttIGEuYWRkQmttIHNwYW4uYmttU3RhciB7CmRpc3BsYXk6IGlubGluZS1ibG9jayAhaW1wb3J0YW50OwoKd2lkdGg6IDMxOHB4ICFpbXBvcnRhbnQ7ICAgLyoxLuOBk+OBk+OBq+eUu+WDj+OBruaoquW5heOCkuaMh+WumiovCmhlaWdodDogODNweCAhaW1wb3J0YW50OyAgIC8qMS7jgZPjgZPjgavnlLvlg4/jga7pq5jjgZXjgpLmjIflrpoqLwoKCm1hcmdpbi1yaWdodDogMHB4ICFpbXBvcnRhbnQ7CmJhY2tncm91bmQ6CnVybChodHRwOi8vaW1hZ2UucmFrdXRlbi5jby5qcC9hc3F1aXNzZS9jYWJpbmV0L2ltZ3JjMDA2NDcxOTYxMS5qcGcpIG5vLXJlcGVhdCAwIDAgIWltcG9ydGFudDvjgIAvKuOBk+OBk+OBq+OBiuWlveOBv+OBruOBiuawl+OBq+WFpeOCiueUu+WDj+OCkuOCs+ODlOODmiovCgkJCSAgIC8q4oaR4oaRMi7jgZPjgZPjgavjgYrlpb3jgb/jga7jgYrmsJfjgavlhaXjgornlLvlg4/jgpLjgrPjg5Tjg5rihpHihpEKKi8KCmN1cnNvcjogcG9pbnRlciAhaW1wb3J0YW50Owp9CgoKCi8q44GK5rCX44Gr5YWl44KK5ZWG5ZOB44Oc44K/44Oz44K/44Kw44GT44GT44G+44GnKi8KLyrjgYrosrfjgYTnianjgYvjgZTjgr/jgrDjgZPjgZPjgYvjgokqLwoKaW5wdXRbdmFsdWU9Iuiyt+OBhOeJqeOBi+OBlOOBq+WFpeOCjOOCiyJdewoKCWZvbnQtc2l6ZToxNnB4OwoJZm9udC1mYW1pbHk6QXJpYWw7Cglmb250LXdlaWdodDpub3JtYWw7CgktbW96LWJvcmRlci1yYWRpdXM6OHB4OwoJLXdlYmtpdC1ib3JkZXItcmFkaXVzOjhweDsKCWJvcmRlci1yYWRpdXM6OHB4OwoJYm9yZGVyOjFweCBzb2xpZCAjZDgzNTI2OwoJcGFkZGluZzo5cHggMThweDsKCXRleHQtZGVjb3JhdGlvbjpub25lOwoKCWJhY2tncm91bmQ6LW1vei1saW5lYXItZ3JhZGllbnQoIGNlbnRlciB0b3AsICNmZTFhMDAgNSUsICNjZTAxMDAgMTAwJSApOwoJYmFja2dyb3VuZDotbXMtbGluZWFyLWdyYWRpZW50KCB0b3AsICNmZTFhMDAgNSUsICNjZTAxMDAgMTAwJSApOwogICAgICAgCWJhY2tncm91bmQ6LXdlYmtpdC1ncmFkaWVudCggbGluZWFyLCBsZWZ0IHRvcCwgbGVmdCBib3R0b20sIGNvbG9yLXN0b3AoNSUsICNmZTFhMDApLCBjb2xvci1zdG9wKDEwMCUsICNjZTAxMDApICk7CgoJY3Vyc29yOiBwb2ludGVyICFpbXBvcnRhbnQ7CgoJYmFja2dyb3VuZC1jb2xvcjojZmUxYTAwOwoJY29sb3I6I2ZmZmZmZjsKCWRpc3BsYXk6aW5saW5lLWJsb2NrOwoJdGV4dC1zaGFkb3c6MXB4IDFweCAwcHggI2IyM2UzNTsKIAlib3gtc2hhZG93Omluc2V0IDFweCAxcHggMHB4IDBweCAjZjI5YzkzOyB9CgovKuOBiuiyt+OBhOeJqeOBi+OBlOOCv+OCsOOBk+OBk+OBvuOBpyovCgo8IS0tCi5zdHlsZTEge2ZvbnQtc2l6ZTogMTBweH0KLnN0eWxlMiB7Y29sb3I6ICNGRjAwMDB9Ci5zdHlsZTQge2NvbG9yOiAjMDAwMEZGfQotLT4KPC9zdHlsZT4KPGltZyBzcmM9Imh0dHA6Ly9pbWFnZS5yYWt1dGVuLmNvLmpwL2FzcXVpc3NlL2NhYmluZXQvaW1nNTg5MTEwODMuanBnIi8+Cjx0YWJsZSB3aWR0aD0iNjExIiBib3JkZXI9IjAiPgoKICA8dHI+CiAgICA8dGQgd2lkdGg9IjI5NCIgcm93c3Bhbj0iMiI+PHAgY2xhc3M9InN0eWxlMSI+4pag5Za25qWt5pmC6ZaT5bivPGJyPgoJ44ON44OD44OI44Gn44Gu44GU5rOo5paH44Gv44CBPHNwYW4gY2xhc3M9InN0eWxlMiI+MjTmmYLplpM8L3NwYW4+5Y+X44GR5LuY44GR44Gm44GK44KK44G+44GZ44CCPGJyPjxicj4KCuOBiumbu+ipseOBp+OBruOBiuWVj+WQiOOBm+OBr+S4i+iomOOBruaZgumWk+W4r+OBq+OBiumhmOOBhOOBl+OBvuOBmeOAggo8YnI+CgoKPHNwYW4gY2xhc3M9InN0eWxlMiI+MTE6MDDvvZ4yMDowMDwvc3Bhbj4g44CAIDxzcGFuIGNsYXNzPSJzdHlsZTIiPuKAu+eBq+abnOaXpeOBr+OBiuS8keOBvzwvc3Bhbj7jgpLjgYTjgZ/jgaDjgYTjgabjgYrjgorjgb7jgZnjgII8YnI+Cjxicj4KCuKWoOmAgeaWmTxicj4K5YWo5Zu95LiA5b6L5paZ6YeR77yaPHNwYW4gY2xhc3M9InN0eWxlMiI+NTgw5YaGPC9zcGFuPjxicj4KKOWMl+a1t+mBk+OAgeaylue4hOOAgembouWztuODu+S4gOmDqOWcsOWfn+OBr+i/veWKoOmAgeaWmeeZuueUn+OBl+OBvuOBmeOAgik8YnI+Cjxicj4K4pag5a6F6YWN5L6/PGJyPgrjg6Tjg57jg4jpgYvovLjjgIDopb/mv4PpgYvovLjjgIDkvZDlt53mgKXkvr/jgIDjgobjgYbjg5Hjg4Pjgq88YnI+Cjxicj4K4pag5ZWG5ZOB55m66YCB44Gu44K/44Kk44Of44Oz44KwPGJyPgrnibnjgavjgZTmjIflrprjgYzjgarjgYTloLTlkIjjgIE8YnI+CualveWkqeODkOODs+OCr+axuua4iOOAgemKgOihjOaMr+i+vOKHkuOBlOWFpemHkeeiuuiqjeW+jOOAgTxzcGFuIGNsYXNzPSJzdHlsZTIiPjfllrbmpa3ml6Xku6XlhoU8L3NwYW4+44Gr55m66YCB6Ie044GX44G+44GZ44CCPGJyPgrjgq/jg6zjgrjjg4Pjg4jjgIHku6Pph5HlvJXmj5vjgIDih5LjgZTms6jmlofnorroqo3lvozjgIE8c3BhbiBjbGFzcz0ic3R5bGUyIj435Za25qWt5pel5Lul5YaFPC9zcGFuPuOBq+eZuumAgeiHtOOBl+OBvuOBmeOAgiAKPGJyPgo8YnI+CuKWoOi/lOWTgeODu+S6pOaPm+OBq+OBpOOBhOOBpjxicj4K5ZWG5ZOB44Gu44Kr44Op44O844Gr6Zai44GX44G+44GX44Gm44Gv6Zay6Kan55Kw5aKD44Gr44KI44Gj44Gm6Iul5bmy6YGV44Gj44Gm6KaL44GI44KL5aC05ZCI44GM44GU44GW44GE44G+44GZ5LqI44KB44GU5LqG5om/5LiL44GV44GE44CCPGJyPgrjg6Hjg7zjgqvjg7zjgYzliJ3mnJ/kuI3oia/jgajoqo3lrprjgZfjgabjgYTjgarjgYTllYblk4HjgIHjgIzjgqTjg6Hjg7zjgrjjgajpgZXjgYbjgI3nrYnjga7ov5Tlk4Hjg7vkuqTmj5vjga/jgYrlj5fjgZHjgafjgY3jgb7jgZvjgpPjga7jgafjgZTkuobmib/jgY/jgaDjgZXjgYTjgII8YnI+CuS6i+WJjeOBruOBlOmAo+e1oeOBruOBquOBhOi/lOWTgeOBq+mWouOBl+OBvuOBl+OBpuOBr+OBiuWPl+OBkeOBp+OBjeOBvuOBm+OCkzxicj4K77yI552A5omV44GE562J44Gn44Gu6L+U5ZOB77yJ44GU5LqG5om/44GP44Gg44GV44GE44CCPGJyPgo8YnI+CuKWoOS4jeiJr+WTgeOBq+OBpOOBhOOBpjxicj4K5ZWG5ZOB44GM56C05pCN44O75rGa5pCN44GX44Gm44GE44Gf5aC05ZCI44Gv6YWN6YGU5b6M5LiA6YCx6ZaT5Lul5YaF44Gr44Oh44O844Or44GL6Zu76Kmx44Gn44GU6YCj57Wh44GP44Gg44GV44GE44CCCuOBmeOBkOOBq+S6pOaPm+OBruWTgeOBvuOBn+OBr+i/lOWTgeOCkuaJv+OCiuOBvuOBmeOAgjxicj4K4oC744GT44Gu5aC05ZCI44Gv6YCB5paZ44CB5omL5pWw5paZ44Gv5b2T5bqX44GM6LKg5ouF44GE44Gf44GX44G+44GZ44CCCiAgPC90ZD4KICAgIDx0ZCB3aWR0aD0iMzA3IiBoZWlnaHQ9IjYyIiB2YWxpZ249InRvcCI+PHNwYW4gY2xhc3M9InN0eWxlMSI+4pag44GK5pSv5omV44GE5pa55rOV44Gr44Gk44GE44GmPGJyPgogICAg44GK5pSv5omV44GE44Gv5qW95aSp44OQ44Oz44Kv44CB6YqA6KGM5oyv44KK6L6844G/44CB5Luj6YeR5byV5o+b44CB44Kv44Os44K444OD44OI44GM44GU5Yip55So44GE44Gf44Gg44GR44G+44GZ44CCPGJyIC8+CiAgICA8YnI+CiAgICA8c3BhbiBjbGFzcz0ic3R5bGU0Ij7igLvjgq/jg6zjgrjjg4Pjg4jjgqvjg7zjg4njga7jgrvjgq3jg6Xjg6rjg4bjgqPjga9TU0zjgajjgYTjgYbjgrfjgrnjg4bjg6DjgpLliKnnlKjjgZfjgabjgYrjgorjgb7jgZnjgIIg44Kr44O844OJ55Wq5Y+344Gv5pqX5Y+35YyW44GV44KM44Gm5a6J5YWo44Gr6YCB5L+h44GV44KM44G+44GZ44Gu44Gn44CB44Gp44GG44Ge44GU5a6J5b+D44GP44Gg44GV44GE44CCPGJyIC8+CiAgICA8aW1nIHNyYz0iaHR0cDovL2ltYWdlLnJha3V0ZW4uY28uanAvX3N1cHBvcnQtb3MvY2FiaW5ldC92aXNhLmdpZiIgLz4gPGltZyBzcmM9Imh0dHA6Ly9pbWFnZS5yYWt1dGVuLmNvLmpwL19zdXBwb3J0LW9zL2NhYmluZXQvbWFzdGVyY2FyZC5naWYiIC8+IDxpbWcgc3JjPSJodHRwOi8vaW1hZ2UucmFrdXRlbi5jby5qcC9fc3VwcG9ydC1vcy9jYWJpbmV0L2pjYi5naWYiIC8+IDxpbWcgc3JjPSJodHRwOi8vaW1hZ2UucmFrdXRlbi5jby5qcC9fc3VwcG9ydC1vcy9jYWJpbmV0L2RpbmVycy5naWYiIC8+IDxpbWcgc3JjPSJodHRwOi8vaW1hZ2UucmFrdXRlbi5jby5qcC9fc3VwcG9ydC1vcy9jYWJpbmV0L2FtZXguZ2lmIiAvPiA8aW1nIHNyYz0iaHR0cDovL2ltYWdlLnJha3V0ZW4uY28uanAvX3N1cHBvcnQtb3MvY2FiaW5ldC9naW5rb3UuZ2lmIiB3aWR0aD0iMzYiIGhlaWdodD0iMzYiIC8+IDxpbWcgc3JjPSJodHRwOi8vaW1hZ2UucmFrdXRlbi5jby5qcC9fc3VwcG9ydC1vcy9jYWJpbmV0L2RhaWJpa2kuZ2lmIiB3aWR0aD0iMzYiIGhlaWdodD0iMzYiIC8+PC9zcGFuPjwvc3Bhbj48L3RkPgogIDwvdHI+CiAgCiAgPHRyPgogICAgPHRkIHZhbGlnbj0idG9wIj48c3BhbiBjbGFzcz0ic3R5bGUxIj7ilqDmpb3lpKnjg5Djg7Pjgq/msbrmuIg8YnI+CualveWkqeODkOODs+OCr+axuua4iOaJi+aVsOaWmSjnqI7ovrwpPGJyPgox5YaG772eMjksOTk55YaG44CA44CAPHNwYW4gY2xhc3M9InN0eWxlMiI+MTU15YaGPC9zcGFuPjxicj4KMzAsMDAw5YaG772e44CA44CA44CA44CAPHNwYW4gY2xhc3M9InN0eWxlMiI+MjU35YaGPC9zcGFuPjxicj48YnI+CgrilqDku6Pph5HlvJXmj5sgPGJyPgrku6PlvJXmiYvmlbDmlpnmlpnvvJrlhajlm73kuIDlvovmlpnph5HvvJogPHNwYW4gY2xhc3M9InN0eWxlMiI+MzI05YaGPC9zcGFuPjxicj4KPGJyPgrilqDpioDooYzmjK/ovrw8YnI+CuOBlOWFpemHkeeiuuiqjeW+jOOBq+eZuumAgeOBhOOBn+OBl+OBvuOBmeOAgjxicj4K5oyv6L685omL5pWw5paZ44Gv44GK5a6i5qeY6LKg5ouF44Gn44GK6aGY44GE6Ie044GX44G+44GZ44CCPGJyPgo8YnI+CuOAkOaMr+i+vOWFiOOAkSDmpb3lpKnpioDooYzvvIjjg6njgq/jg4bjg7Pjgq7jg7PjgrPjgqbvvInmpb3lpKnluILloLTmlK/lupfvvIjjg6njgq/jg4bjg7PjgqTjg4Hjg5Djgrfjg4bjg7PvvIkg5pmu6YCaIDEwNDcwNzAg44Op44Kv44OG44Oz77yI77yh77yz77yx77y177yp77yz77yz77ylIAo8YnI+4oC744GT44Gu5Y+j5bqn44Gu5qip5Yip44Gv5qW95aSp5qCq5byP5Lya56S+44GM5L+d5pyJ44GX44Gm44GE44G+44GZ44CCIDxicj4KPGJyPgo8c3BhbiBjbGFzcz0ic3R5bGU0Ij7igLvjg53jgqTjg7Pjg4jjgpLjgZTliKnnlKjjga7loLTlkIjnrYnjgIHmpb3lpKnjgYvjgonoh6rli5XjgafphY3kv6HjgZXjgozjgovnorroqo3jg6Hjg7zjg6vjga7ph5HpoY3jgajjgYrmjK/ovrzjgb/mmYLjga7ph5HpoY3jgYznlbDjgarjgovloLTlkIjjgYzjgZTjgZbjgYTjgb7jgZnjgIIK44Gu44Gh44G744Gp5b2T5bqX44GL44KJ44GK6YCB44KK44GZ44KL44Oh44O844Or44Gr6KiY6LyJ44Gu6YeR6aGN44KS44GK5oyv6L6844G/44GP44Gg44GV44GE44CCPC9zcGFuPjwvc3Bhbj48L3RkPgogIDwvdHI+CiAgPHRyPgogICAgPHRkIGNvbHNwYW49IjIiPiZuYnNwOzwvdGQ+CiAgPC90cj4KPC90YWJsZT4=,44K144Oz44OO44K844K944OV44KhIDLkurrmjpvjgZHjgr3jg5XjgqEg44K944OV44Kh44O8IOS6jOS6uuaOm+OBkSDjgrjjg7zjg7PjgrrjgIDjg4fjg4vjg6Ag44OW44Or44O8IOOBiuOBl+OCg+OCjCDjgqTjg7Pjg4Djgrnjg4jjg6rjgqLjg6sg44Ki44Oz44OG44Kj44O844KvIOODiuODgeODpeODqeODqyDnlLfliY0g44Oh44Oz44K644Op44Kk44KvIOODluODq+ODg+OCr+ODquODsyDljJfmrKcg54Sh5Z6iIOODouODgOODsyDmnKjoo70g44Km44OD44OJIOOCouOCpOOCouODsyDpiYQg44Kz44Oz44OR44Kv44OIIOOCteODvOOCuCDjgJDpgIHmlpnnhKHmlpnjgJHvvJphc3F1aXNzZQ==,44K144Oz44OO44K844K944OV44KhIDLkurrmjpvjgZHjgr3jg5XjgqEg44K944OV44Kh44O8IOS6jOS6uuaOm+OBkSDjgrjjg7zjg7PjgrrjgIDjg4fjg4vjg6Ag44OW44Or44O8IOOBiuOBl+OCg+OCjCDjgqTjg7Pjg4Djgrnjg4jjg6rjgqLjg6sg44Ki44Oz44OG44Kj44O844KvIOODiuODgeODpeODqeODqyDnlLfliY0g44Oh44Oz44K644Op44Kk44KvIOODluODq+ODg+OCr+ODquODsyDljJfmrKcg54Sh5Z6iIOODouODgOODsyDmnKjoo70g44Km44OD44OJIOOCouOCpOOCouODsyDpiYQg44Kz44Oz44OR44Kv44OIIOOCteODvOOCuCDjgJDpgIHmlpnnhKHmlpnjgJE=,44OH44OL44Og6Kq/44Gu5biD44Go44K544OB44O844Or44GM44GK44GX44KD44KM44GqMuS6uuaOm+OBkeOCveODleOCoeOAguOCteODs+ODjuOCvOOCveODleOCoSAy5Lq65o6b44GR44K944OV44KhIOOCveODleOCoeODvCDkuozkurrmjpvjgZEg44K444O844Oz44K644CA44OH44OL44OgIOODluODq+ODvCDjgYrjgZfjgoPjgowg44Kk44Oz44OA44K544OI44Oq44Ki44OrIOOCouODs+ODhuOCo+ODvOOCryDjg4rjg4Hjg6Xjg6njg6sg55S35YmNIOODoeODs+OCuuODqeOCpOOCryDjg5bjg6vjg4Pjgq/jg6rjg7Mg5YyX5qynIOeEoeWeoiDjg6Ljg4Djg7Mg5pyo6KO9IOOCpuODg+ODiSDjgqLjgqTjgqLjg7Mg6YmEIOOCs+ODs+ODkeOCr+ODiCDjgrXjg7zjgrgg44CQ6YCB5paZ54Sh5paZ44CR[rn]
37-51626,aHR0cDovL3RzaG9wLnIxMHMuanAvZ29sZC9hc3F1aXNzZS9henVtYXlhL25zNTI0LzBuczUyNC5qcGc/Zml0aW49NzAwOjcwMA==,NDcxNzQuNDAwMA==,,44Kk44Oz44OG44Oq44Ki44O75a+d5YW344O75Y+O57SNID4g44K944OV44Kh44O744K944OV44Kh44OZ44OD44OJID4gMuS6uuaOm+OBkeOCveODleOCoSA+IOW4g+WcsA==,44OG44Kj44OW44Ot44Oz44K944OV44KhIDLkurrmjpvjgZHjgr3jg5XjgqEg44K944OV44Kh44O8IOS6jOS6uuaOm+OBkSDjg5Hjg4Pjg4Hjg6/jg7zjgq8g44OH44OL44OgIOODluODq+ODvCDjgYrjgZfjgoPjgowg44Kk44Oz44OA44K544OI44Oq44Ki44OrIOOCouODs+ODhuOCo+ODvOOCryDjg6zjg4jjg60g44OK44OB44Ol44Op44OrIOeUt+WJjSDjg6Hjg7Pjgrrjg6njgqTjgq8g44Kr44K444Ol44Ki44OrIOODk+ODs+ODhuODvOOCuCDjgqLjg6Hjg6rjgqvjg7Mg44K444O844Oz44K6IOODqeODs+ODh+OCoyDjgJDpgIHmlpnnhKHmlpnjgJE=,44OH44OL44Og44OR44OD44OB44Ov44O844Kv44Go44Oc44K/44Oz6Yuy44GM44GK44GX44KD44KM44GqMuS6uuaOm+OBkeOCveODleOCoQ==,PGltZyBzcmM9Imh0dHA6Ly93d3cucmFrdXRlbi5uZS5qcC9nb2xkL2FzcXVpc3NlL2F6dW1heWEvbnM1MjQvMW5zNTI0LmpwZyIvPgo8YnI+PGJyPgo8aW1nIHNyYz0iaHR0cDovL3d3dy5yYWt1dGVuLm5lLmpwL2dvbGQvYXNxdWlzc2UvYXp1bWF5YS9uczUyNC8ybnM1MjQuanBnIi8+Cjxicj48YnI+CjxpbWcgc3JjPSJodHRwOi8vaW1hZ2UucmFrdXRlbi5jby5qcC9hc3F1aXNzZS9jYWJpbmV0LzAzMDYwODczLzAzMDkzMjcxL2ltZzYwMzAzMDQxLmpwZyIvPgo8YnI+PGJyPgo8YSBocmVmPSJodHRwOi8vaXRlbS5yYWt1dGVuLmNvLmpwL2FzcXVpc3NlL2MvMDAwMDAwMDIwNi8iIHRhcmdldD0iX2JsYW5rIj48aW1nIHNyYz0iaHR0cDovL3d3dy5yYWt1dGVuLm5lLmpwL2dvbGQvYXNxdWlzc2UvdG9wL2RlbmltL2xpbmtfZGVuaW0uanBnIj48L2E+Cjxicj48YnI+CjxzdHlsZSB0eXBlPSJ0ZXh0L2NzcyI+CjwhLS0KLnN0eWxlMyB7Y29sb3I6ICMzMzMzMzM7IGZvbnQtc2l6ZTogMTJweDsgfQotLT4KPC9zdHlsZT4KCjx0YWJsZSB3aWR0aD0iNjAwIiBoZWlnaHQ9IjQwMCIgYm9yZGVyPSIxIiBjZWxsc3BhY2luZz0iMCIgYm9yZGVyY29sb3I9IiNFMUUxRTEiPgo8dHI+CiAgICA8dGQgd2lkdGg9IjEwNCIgYmdjb2xvcj0iI0YzRjNGMyI+PHNwYW4gY2xhc3M9InN0eWxlMyI+44CACueJueW+tDwvc3Bhbj48L3RkPgogICAgPHRkIHdpZHRoPSI0ODYiPjxzcGFuIGNsYXNzPSJzdHlsZTMiPgrjgIDkuIDluqbmtJfjgYTjgpLmjpvjgZHjgZ/jgrjjg7zjg7PjgrrjgpLkvb/jgaPjgZ/jgIHjg5Hjg4Pjg4Hjg6/jg7zjgq/jgajjg5zjgr/jg7Ppi7LjgYzjgYrjgZfjgoPjgozjgaoy5Lq65o6b44GR44K944OV44KhPGJyPgrjgIDjg6rjg5Pjg7PjgrDjga7jgqLjgq/jgrvjg7Pjg4jjgavil448YnI+CuOAgOODk+ODs+ODhuODvOOCuOOChOOCouODoeODquOCq+ODs+OAgeOCpOODs+ODgOOCueODiOODquOCouODq+ODhuOCpOOCueODiOOBq+OBiuOBmeOBmeOCgeOBp+OBmTwvc3Bhbj48L3RkPgogIDwvdHI+Cjx0cj4KICAgIDx0ZCB3aWR0aD0iMTA0IiBiZ2NvbG9yPSIjRjNGM0YzIj48c3BhbiBjbGFzcz0ic3R5bGUzIj7jgIAK44K144Kk44K6PC9zcGFuPjwvdGQ+CiAgICA8dGQgd2lkdGg9IjQ4NiI+PHNwYW4gY2xhc3M9InN0eWxlMyI+CuOAgFcxNDAww5dEODQww5dIODAwKFNIMzgwKSBtbTwvc3Bhbj48L3RkPgogIDwvdHI+Cjx0cj4KICAgIDx0ZCBiZ2NvbG9yPSIjRjNGM0YzIj48c3BhbiBjbGFzcz0ic3R5bGUzIj7jgIDmnZDos6o8L3NwYW4+PC90ZD4KICAgIDx0ZD48c3BhbiBjbGFzcz0ic3R5bGUzIj7jgIDmnKjjg5Xjg6zjg7zjg6DjgIDjgqbjgqfjg7zjg5Pjg7PjgrDjg5njg6vjg4jjgIDjgrPjg4Pjg4jjg7M8L3NwYW4+PC90ZD4KICA8L3RyPgo8dHI+CiAgICA8dGQgYmdjb2xvcj0iI0YzRjNGMyI+PHNwYW4gY2xhc3M9InN0eWxlMyI+44CA5YKZ6ICDPC9zcGFuPjwvdGQ+CiAgICA8dGQ+PHNwYW4gY2xhc3M9InN0eWxlMyI+CuOAgOeOhOmWoua4oeOBl+WVhuWTgSjlroXphY3kvr/jgafjga7jgYrlsYrjgZEpIDxicj4K44CA44Ot44O844K/44Kk44OX5L2/55So5Y+vPGJyPgrjgIDmtJfjgaPjgZ/nlJ/lnLDjgpLkvb/nlKjjgZfjgabjgYrjgorjgb7jgZnjga7jgafoibLjg6Djg6njgYzlh7rjgovloLTlkIjjgYzjgZTjgZbjgYTjgb7jgZnjgILkuojjgoHjgZTkuobmib/jgY/jgaDjgZXjgYTjgb7jgZvjgII8L3NwYW4+PC90ZD4KICA8L3RyPgogICAgICA8dHI+CiAgICA8dGQgYmdjb2xvcj0iI0YzRjNGMyI+PHNwYW4gY2xhc3M9InN0eWxlMyI+44CA57SN5pyfPC9zcGFuPjwvdGQ+CiAgICA8dGQ+PHNwYW4gY2xhc3M9InN0eWxlMyI+44CA44GK5Y+W44KK5a+E44Gb5ZWG5ZOB44Gr44Gq44KK44G+44GZ44CC6YCa5bi4N+aXpeOBi+OCiTEw5pel56iL5bqmPC9zcGFuPjwvdGQ+CiAgPC90cj4KCgoKCgogPC90YWJsZT4KCgo8aW1nIHNyYz0iaHR0cDovL3d3dy5yYWt1dGVuLm5lLmpwL2dvbGQvYXNxdWlzc2UvYXp1bWF5YS9uczUyMy8wbnM1MjMuanBnIndpZHRoPSIzMDAiaGVpZ2h0PSIzMDAiYm9yZGVyPSIwIj4KPGJyPgrjgrXjgqTjgrrpgZXjgYTjga/jgZPjgaHjgokKPGJyPjxicj48c3R5bGUgdHlwZT0idGV4dC9jc3MiPgovKuOBiuawl+OBq+WFpeOCiuWVhuWTgeODnOOCv+ODs+OBruOCv+OCsOOBk+OBk+OBi+OCiSovCmRpdi5ib29rbWFya0FyZWEgZGl2LmJrbSB7CndpZHRoOiAzMThweCAhaW1wb3J0YW50OyAgLyoxLuOBk+OBk+OBq+eUu+WDj+OBruaoquW5heOCkuaMh+WumiovCmhlaWdodDogODNweCAhaW1wb3J0YW50OyAgLyoxLuOBk+OBk+OBq+eUu+WDj+OBrumrmOOBleOCkuaMh+WumiovCn0KZGl2LmJvb2ttYXJrQXJlYSBkaXYuYmttIGEuYWRkQmttIHNwYW4uYmttU3RhciB7CmRpc3BsYXk6IGlubGluZS1ibG9jayAhaW1wb3J0YW50OwoKd2lkdGg6IDMxOHB4ICFpbXBvcnRhbnQ7ICAgLyoxLuOBk+OBk+OBq+eUu+WDj+OBruaoquW5heOCkuaMh+WumiovCmhlaWdodDogODNweCAhaW1wb3J0YW50OyAgIC8qMS7jgZPjgZPjgavnlLvlg4/jga7pq5jjgZXjgpLmjIflrpoqLwoKCm1hcmdpbi1yaWdodDogMHB4ICFpbXBvcnRhbnQ7CmJhY2tncm91bmQ6CnVybChodHRwOi8vaW1hZ2UucmFrdXRlbi5jby5qcC9hc3F1aXNzZS9jYWJpbmV0L2ltZ3JjMDA2NDcxOTYxMS5qcGcpIG5vLXJlcGVhdCAwIDAgIWltcG9ydGFudDvjgIAKCQkJICAgLyrihpHihpEyLuOBk+OBk+OBq+OBiuWlveOBv+OBruOBiuawl+OBq+WFpeOCiueUu+WDj+OCkuOCs+ODlOODmuKGkeKGkQoqLwoKY3Vyc29yOiBwb2ludGVyICFpbXBvcnRhbnQ7Cn0KCmRpdi5ib29rbWFya0FyZWEgZGl2LmJrbSB7CndpZHRoOiAzMThweCAhaW1wb3J0YW50OyAgLyoxLuOBk+OBk+OBq+eUu+WDj+OBruaoquW5heOCkuaMh+WumiovCmhlaWdodDogODNweCAhaW1wb3J0YW50OyAgLyoxLuOBk+OBk+OBq+eUu+WDj+OBrumrmOOBleOCkuaMh+WumiovCn0KZGl2LmJvb2ttYXJrQXJlYSBkaXYuYmttIGEuYWRkQmttIHNwYW4uYmttU3RhciB7CmRpc3BsYXk6IGlubGluZS1ibG9jayAhaW1wb3J0YW50OwoKd2lkdGg6IDMxOHB4ICFpbXBvcnRhbnQ7ICAgLyoxLuOBk+OBk+OBq+eUu+WDj+OBruaoquW5heOCkuaMh+WumiovCmhlaWdodDogODNweCAhaW1wb3J0YW50OyAgIC8qMS7jgZPjgZPjgavnlLvlg4/jga7pq5jjgZXjgpLmjIflrpoqLwoKCm1hcmdpbi1yaWdodDogMHB4ICFpbXBvcnRhbnQ7CmJhY2tncm91bmQ6CnVybChodHRwOi8vaW1hZ2UucmFrdXRlbi5jby5qcC9hc3F1aXNzZS9jYWJpbmV0L2ltZ3JjMDA2NDcxOTYxMS5qcGcpIG5vLXJlcGVhdCAwIDAgIWltcG9ydGFudDvjgIAvKuOBk+OBk+OBq+OBiuWlveOBv+OBruOBiuawl+OBq+WFpeOCiueUu+WDj+OCkuOCs+ODlOODmiovCgkJCSAgIC8q4oaR4oaRMi7jgZPjgZPjgavjgYrlpb3jgb/jga7jgYrmsJfjgavlhaXjgornlLvlg4/jgpLjgrPjg5Tjg5rihpHihpEKKi8KCmN1cnNvcjogcG9pbnRlciAhaW1wb3J0YW50Owp9CgoKCi8q44GK5rCX44Gr5YWl44KK5ZWG5ZOB44Oc44K/44Oz44K/44Kw44GT44GT44G+44GnKi8KLyrjgYrosrfjgYTnianjgYvjgZTjgr/jgrDjgZPjgZPjgYvjgokqLwoKaW5wdXRbdmFsdWU9Iuiyt+OBhOeJqeOBi+OBlOOBq+WFpeOCjOOCiyJdewoKCWZvbnQtc2l6ZToxNnB4OwoJZm9udC1mYW1pbHk6QXJpYWw7Cglmb250LXdlaWdodDpub3JtYWw7CgktbW96LWJvcmRlci1yYWRpdXM6OHB4OwoJLXdlYmtpdC1ib3JkZXItcmFkaXVzOjhweDsKCWJvcmRlci1yYWRpdXM6OHB4OwoJYm9yZGVyOjFweCBzb2xpZCAjZDgzNTI2OwoJcGFkZGluZzo5cHggMThweDsKCXRleHQtZGVjb3JhdGlvbjpub25lOwoKCWJhY2tncm91bmQ6LW1vei1saW5lYXItZ3JhZGllbnQoIGNlbnRlciB0b3AsICNmZTFhMDAgNSUsICNjZTAxMDAgMTAwJSApOwoJYmFja2dyb3VuZDotbXMtbGluZWFyLWdyYWRpZW50KCB0b3AsICNmZTFhMDAgNSUsICNjZTAxMDAgMTAwJSApOwogICAgICAgCWJhY2tncm91bmQ6LXdlYmtpdC1ncmFkaWVudCggbGluZWFyLCBsZWZ0IHRvcCwgbGVmdCBib3R0b20sIGNvbG9yLXN0b3AoNSUsICNmZTFhMDApLCBjb2xvci1zdG9wKDEwMCUsICNjZTAxMDApICk7CgoJY3Vyc29yOiBwb2ludGVyICFpbXBvcnRhbnQ7CgoJYmFja2dyb3VuZC1jb2xvcjojZmUxYTAwOwoJY29sb3I6I2ZmZmZmZjsKCWRpc3BsYXk6aW5saW5lLWJsb2NrOwoJdGV4dC1zaGFkb3c6MXB4IDFweCAwcHggI2IyM2UzNTsKIAlib3gtc2hhZG93Omluc2V0IDFweCAxcHggMHB4IDBweCAjZjI5YzkzOyB9CgovKuOBiuiyt+OBhOeJqeOBi+OBlOOCv+OCsOOBk+OBk+OBvuOBpyovCgo8IS0tCi5zdHlsZTEge2ZvbnQtc2l6ZTogMTBweH0KLnN0eWxlMiB7Y29sb3I6ICNGRjAwMDB9Ci5zdHlsZTQge2NvbG9yOiAjMDAwMEZGfQotLT4KPC9zdHlsZT4KPGltZyBzcmM9Imh0dHA6Ly9pbWFnZS5yYWt1dGVuLmNvLmpwL2FzcXVpc3NlL2NhYmluZXQvaW1nNTg5MTEwODMuanBnIi8+Cjx0YWJsZSB3aWR0aD0iNjExIiBib3JkZXI9IjAiPgoKICA8dHI+CiAgICA8dGQgd2lkdGg9IjI5NCIgcm93c3Bhbj0iMiI+PHAgY2xhc3M9InN0eWxlMSI+4pag5Za25qWt5pmC6ZaT5bivPGJyPgoJ44ON44OD44OI44Gn44Gu44GU5rOo5paH44Gv44CBPHNwYW4gY2xhc3M9InN0eWxlMiI+MjTmmYLplpM8L3NwYW4+5Y+X44GR5LuY44GR44Gm44GK44KK44G+44GZ44CCPGJyPjxicj4KCuOBiumbu+ipseOBp+OBruOBiuWVj+WQiOOBm+OBr+S4i+iomOOBruaZgumWk+W4r+OBq+OBiumhmOOBhOOBl+OBvuOBmeOAggo8YnI+CgoKPHNwYW4gY2xhc3M9InN0eWxlMiI+MTE6MDDvvZ4yMDowMDwvc3Bhbj4g44CAIDxzcGFuIGNsYXNzPSJzdHlsZTIiPuKAu+eBq+abnOaXpeOBr+OBiuS8keOBvzwvc3Bhbj7jgpLjgYTjgZ/jgaDjgYTjgabjgYrjgorjgb7jgZnjgII8YnI+Cjxicj4KCuKWoOmAgeaWmTxicj4K5YWo5Zu95LiA5b6L5paZ6YeR77yaPHNwYW4gY2xhc3M9InN0eWxlMiI+NTgw5YaGPC9zcGFuPjxicj4KKOWMl+a1t+mBk+OAgeaylue4hOOAgembouWztuODu+S4gOmDqOWcsOWfn+OBr+i/veWKoOmAgeaWmeeZuueUn+OBl+OBvuOBmeOAgik8YnI+Cjxicj4K4pag5a6F6YWN5L6/PGJyPgrjg6Tjg57jg4jpgYvovLjjgIDopb/mv4PpgYvovLjjgIDkvZDlt53mgKXkvr/jgIDjgobjgYbjg5Hjg4Pjgq88YnI+Cjxicj4K4pag5ZWG5ZOB55m66YCB44Gu44K/44Kk44Of44Oz44KwPGJyPgrnibnjgavjgZTmjIflrprjgYzjgarjgYTloLTlkIjjgIE8YnI+CualveWkqeODkOODs+OCr+axuua4iOOAgemKgOihjOaMr+i+vOKHkuOBlOWFpemHkeeiuuiqjeW+jOOAgTxzcGFuIGNsYXNzPSJzdHlsZTIiPjfllrbmpa3ml6Xku6XlhoU8L3NwYW4+44Gr55m66YCB6Ie044GX44G+44GZ44CCPGJyPgrjgq/jg6zjgrjjg4Pjg4jjgIHku6Pph5HlvJXmj5vjgIDih5LjgZTms6jmlofnorroqo3lvozjgIE8c3BhbiBjbGFzcz0ic3R5bGUyIj435Za25qWt5pel5Lul5YaFPC9zcGFuPuOBq+eZuumAgeiHtOOBl+OBvuOBmeOAgiAKPGJyPgo8YnI+CuKWoOi/lOWTgeODu+S6pOaPm+OBq+OBpOOBhOOBpjxicj4K5ZWG5ZOB44Gu44Kr44Op44O844Gr6Zai44GX44G+44GX44Gm44Gv6Zay6Kan55Kw5aKD44Gr44KI44Gj44Gm6Iul5bmy6YGV44Gj44Gm6KaL44GI44KL5aC05ZCI44GM44GU44GW44GE44G+44GZ5LqI44KB44GU5LqG5om/5LiL44GV44GE44CCPGJyPgrjg6Hjg7zjgqvjg7zjgYzliJ3mnJ/kuI3oia/jgajoqo3lrprjgZfjgabjgYTjgarjgYTllYblk4HjgIHjgIzjgqTjg6Hjg7zjgrjjgajpgZXjgYbjgI3nrYnjga7ov5Tlk4Hjg7vkuqTmj5vjga/jgYrlj5fjgZHjgafjgY3jgb7jgZvjgpPjga7jgafjgZTkuobmib/jgY/jgaDjgZXjgYTjgII8YnI+CuS6i+WJjeOBruOBlOmAo+e1oeOBruOBquOBhOi/lOWTgeOBq+mWouOBl+OBvuOBl+OBpuOBr+OBiuWPl+OBkeOBp+OBjeOBvuOBm+OCkzxicj4K77yI552A5omV44GE562J44Gn44Gu6L+U5ZOB77yJ44GU5LqG5om/44GP44Gg44GV44GE44CCPGJyPgo8YnI+CuKWoOS4jeiJr+WTgeOBq+OBpOOBhOOBpjxicj4K5ZWG5ZOB44GM56C05pCN44O75rGa5pCN44GX44Gm44GE44Gf5aC05ZCI44Gv6YWN6YGU5b6M5LiA6YCx6ZaT5Lul5YaF44Gr44Oh44O844Or44GL6Zu76Kmx44Gn44GU6YCj57Wh44GP44Gg44GV44GE44CCCuOBmeOBkOOBq+S6pOaPm+OBruWTgeOBvuOBn+OBr+i/lOWTgeOCkuaJv+OCiuOBvuOBmeOAgjxicj4K4oC744GT44Gu5aC05ZCI44Gv6YCB5paZ44CB5omL5pWw5paZ44Gv5b2T5bqX44GM6LKg5ouF44GE44Gf44GX44G+44GZ44CCCiAgPC90ZD4KICAgIDx0ZCB3aWR0aD0iMzA3IiBoZWlnaHQ9IjYyIiB2YWxpZ249InRvcCI+PHNwYW4gY2xhc3M9InN0eWxlMSI+4pag44GK5pSv5omV44GE5pa55rOV44Gr44Gk44GE44GmPGJyPgogICAg44GK5pSv5omV44GE44Gv5qW95aSp44OQ44Oz44Kv44CB6YqA6KGM5oyv44KK6L6844G/44CB5Luj6YeR5byV5o+b44CB44Kv44Os44K444OD44OI44GM44GU5Yip55So44GE44Gf44Gg44GR44G+44GZ44CCPGJyIC8+CiAgICA8YnI+CiAgICA8c3BhbiBjbGFzcz0ic3R5bGU0Ij7igLvjgq/jg6zjgrjjg4Pjg4jjgqvjg7zjg4njga7jgrvjgq3jg6Xjg6rjg4bjgqPjga9TU0zjgajjgYTjgYbjgrfjgrnjg4bjg6DjgpLliKnnlKjjgZfjgabjgYrjgorjgb7jgZnjgIIg44Kr44O844OJ55Wq5Y+344Gv5pqX5Y+35YyW44GV44KM44Gm5a6J5YWo44Gr6YCB5L+h44GV44KM44G+44GZ44Gu44Gn44CB44Gp44GG44Ge44GU5a6J5b+D44GP44Gg44GV44GE44CCPGJyIC8+CiAgICA8aW1nIHNyYz0iaHR0cDovL2ltYWdlLnJha3V0ZW4uY28uanAvX3N1cHBvcnQtb3MvY2FiaW5ldC92aXNhLmdpZiIgLz4gPGltZyBzcmM9Imh0dHA6Ly9pbWFnZS5yYWt1dGVuLmNvLmpwL19zdXBwb3J0LW9zL2NhYmluZXQvbWFzdGVyY2FyZC5naWYiIC8+IDxpbWcgc3JjPSJodHRwOi8vaW1hZ2UucmFrdXRlbi5jby5qcC9fc3VwcG9ydC1vcy9jYWJpbmV0L2pjYi5naWYiIC8+IDxpbWcgc3JjPSJodHRwOi8vaW1hZ2UucmFrdXRlbi5jby5qcC9fc3VwcG9ydC1vcy9jYWJpbmV0L2RpbmVycy5naWYiIC8+IDxpbWcgc3JjPSJodHRwOi8vaW1hZ2UucmFrdXRlbi5jby5qcC9fc3VwcG9ydC1vcy9jYWJpbmV0L2FtZXguZ2lmIiAvPiA8aW1nIHNyYz0iaHR0cDovL2ltYWdlLnJha3V0ZW4uY28uanAvX3N1cHBvcnQtb3MvY2FiaW5ldC9naW5rb3UuZ2lmIiB3aWR0aD0iMzYiIGhlaWdodD0iMzYiIC8+IDxpbWcgc3JjPSJodHRwOi8vaW1hZ2UucmFrdXRlbi5jby5qcC9fc3VwcG9ydC1vcy9jYWJpbmV0L2RhaWJpa2kuZ2lmIiB3aWR0aD0iMzYiIGhlaWdodD0iMzYiIC8+PC9zcGFuPjwvc3Bhbj48L3RkPgogIDwvdHI+CiAgCiAgPHRyPgogICAgPHRkIHZhbGlnbj0idG9wIj48c3BhbiBjbGFzcz0ic3R5bGUxIj7ilqDmpb3lpKnjg5Djg7Pjgq/msbrmuIg8YnI+CualveWkqeODkOODs+OCr+axuua4iOaJi+aVsOaWmSjnqI7ovrwpPGJyPgox5YaG772eMjksOTk55YaG44CA44CAPHNwYW4gY2xhc3M9InN0eWxlMiI+MTU15YaGPC9zcGFuPjxicj4KMzAsMDAw5YaG772e44CA44CA44CA44CAPHNwYW4gY2xhc3M9InN0eWxlMiI+MjU35YaGPC9zcGFuPjxicj48YnI+CgrilqDku6Pph5HlvJXmj5sgPGJyPgrku6PlvJXmiYvmlbDmlpnmlpnvvJrlhajlm73kuIDlvovmlpnph5HvvJogPHNwYW4gY2xhc3M9InN0eWxlMiI+MzI05YaGPC9zcGFuPjxicj4KPGJyPgrilqDpioDooYzmjK/ovrw8YnI+CuOBlOWFpemHkeeiuuiqjeW+jOOBq+eZuumAgeOBhOOBn+OBl+OBvuOBmeOAgjxicj4K5oyv6L685omL5pWw5paZ44Gv44GK5a6i5qeY6LKg5ouF44Gn44GK6aGY44GE6Ie044GX44G+44GZ44CCPGJyPgo8YnI+CuOAkOaMr+i+vOWFiOOAkSDmpb3lpKnpioDooYzvvIjjg6njgq/jg4bjg7Pjgq7jg7PjgrPjgqbvvInmpb3lpKnluILloLTmlK/lupfvvIjjg6njgq/jg4bjg7PjgqTjg4Hjg5Djgrfjg4bjg7PvvIkg5pmu6YCaIDEwNDcwNzAg44Op44Kv44OG44Oz77yI77yh77yz77yx77y177yp77yz77yz77ylIAo8YnI+4oC744GT44Gu5Y+j5bqn44Gu5qip5Yip44Gv5qW95aSp5qCq5byP5Lya56S+44GM5L+d5pyJ44GX44Gm44GE44G+44GZ44CCIDxicj4KPGJyPgo8c3BhbiBjbGFzcz0ic3R5bGU0Ij7igLvjg53jgqTjg7Pjg4jjgpLjgZTliKnnlKjjga7loLTlkIjnrYnjgIHmpb3lpKnjgYvjgonoh6rli5XjgafphY3kv6HjgZXjgozjgovnorroqo3jg6Hjg7zjg6vjga7ph5HpoY3jgajjgYrmjK/ovrzjgb/mmYLjga7ph5HpoY3jgYznlbDjgarjgovloLTlkIjjgYzjgZTjgZbjgYTjgb7jgZnjgIIK44Gu44Gh44G744Gp5b2T5bqX44GL44KJ44GK6YCB44KK44GZ44KL44Oh44O844Or44Gr6KiY6LyJ44Gu6YeR6aGN44KS44GK5oyv6L6844G/44GP44Gg44GV44GE44CCPC9zcGFuPjwvc3Bhbj48L3RkPgogIDwvdHI+CiAgPHRyPgogICAgPHRkIGNvbHNwYW49IjIiPiZuYnNwOzwvdGQ+CiAgPC90cj4KPC90YWJsZT4=,44OG44Kj44OW44Ot44Oz44K944OV44KhIDLkurrmjpvjgZHjgr3jg5XjgqEg44K944OV44Kh44O8IOS6jOS6uuaOm+OBkSDjg5Hjg4Pjg4Hjg6/jg7zjgq8g44OH44OL44OgIOODluODq+ODvCDjgYrjgZfjgoPjgowg44Kk44Oz44OA44K544OI44Oq44Ki44OrIOOCouODs+ODhuOCo+ODvOOCryDjg6zjg4jjg60g44OK44OB44Ol44Op44OrIOeUt+WJjSDjg6Hjg7Pjgrrjg6njgqTjgq8g44Kr44K444Ol44Ki44OrIOODk+ODs+ODhuODvOOCuCDjgqLjg6Hjg6rjgqvjg7Mg44K444O844Oz44K6IOODqeODs+ODh+OCoyDjgJDpgIHmlpnnhKHmlpnjgJHvvJphc3F1aXNzZQ==,44OG44Kj44OW44Ot44Oz44K944OV44KhIDLkurrmjpvjgZHjgr3jg5XjgqEg44K944OV44Kh44O8IOS6jOS6uuaOm+OBkSDjg5Hjg4Pjg4Hjg6/jg7zjgq8g44OH44OL44OgIOODluODq+ODvCDjgYrjgZfjgoPjgowg44Kk44Oz44OA44K544OI44Oq44Ki44OrIOOCouODs+ODhuOCo+ODvOOCryDjg6zjg4jjg60g44OK44OB44Ol44Op44OrIOeUt+WJjSDjg6Hjg7Pjgrrjg6njgqTjgq8g44Kr44K444Ol44Ki44OrIOODk+ODs+ODhuODvOOCuCDjgqLjg6Hjg6rjgqvjg7Mg44K444O844Oz44K6IOODqeODs+ODh+OCoyDjgJDpgIHmlpnnhKHmlpnjgJE=,44OH44OL44Og44OR44OD44OB44Ov44O844Kv44Go44Oc44K/44Oz6Yuy44GM44GK44GX44KD44KM44GqMuS6uuaOm+OBkeOCveODleOCoeOAguODhuOCo+ODluODreODs+OCveODleOCoSAy5Lq65o6b44GR44K944OV44KhIOOCveODleOCoeODvCDkuozkurrmjpvjgZEg44OR44OD44OB44Ov44O844KvIOODh+ODi+ODoCDjg5bjg6vjg7wg44GK44GX44KD44KMIOOCpOODs+ODgOOCueODiOODquOCouODqyDjgqLjg7Pjg4bjgqPjg7zjgq8g44Os44OI44OtIOODiuODgeODpeODqeODqyDnlLfliY0g44Oh44Oz44K644Op44Kk44KvIOOCq+OCuOODpeOCouODqyDjg5Pjg7Pjg4bjg7zjgrgg44Ki44Oh44Oq44Kr44OzIOOCuOODvOODs+OCuiDjg6njg7Pjg4fjgqMg44CQ6YCB5paZ54Sh5paZ44CR[rn]
37-51627,aHR0cDovL3RzaG9wLnIxMHMuanAvZ29sZC9hc3F1aXNzZS9henVtYXlhL2dzMTUvMGdzMTUuanBnP2ZpdGluPTcwMDo3MDA=,NjY1MjguMDAwMA==,,44Kk44Oz44OG44Oq44Ki44O75a+d5YW344O75Y+O57SNID4g44K944OV44Kh44O744K944OV44Kh44OZ44OD44OJID4gMuS6uuaOm+OBkeOCveODleOCoSA+IOW4g+WcsA==,44Km44Kn44O844OH44K944OV44KhIDLkurrmjpvjgZHjgr3jg5XjgqEg44K944OV44Kh44O8IOS6jOS6uuaOm+OBkSDjg5njg7zjgrjjg6Ug44Ob44Ov44Kk44OIIOOCouOCpOODnOODquODvCDmnKjoo70g44Km44OD44OJIOOBiuOBl+OCg+OCjCDljJfmrKcg44Os44OI44OtIOODiuODgeODpeODqeODqyDjgqvjgrjjg6XjgqLjg6sg5LqM5Lq65pqu44KJ44GXIOS4gOS6uuaaruOCieOBlyDjgqTjg7Pjg4bjg6rjgqIg5a625YW3IOOBi+OCj+OBhOOBhCDjgJDpgIHmlpnnhKHmlpnjgJE=,44Ki44O844Og44G+44Gn5Ly444Gz44Gf44Km44OD44OJ44OV44Os44O844Og44GM44GK44GX44KD44KM44GqMuS6uuaOm+OBkeOCveODleOCoQ==,PGltZyBzcmM9Imh0dHA6Ly93d3cucmFrdXRlbi5uZS5qcC9nb2xkL2FzcXVpc3NlL2F6dW1heWEvZ3MxNS8wZ3MxNS5qcGciLz4KPHA+CuOAgOOCouODvOODoOOBvuOBp+S8uOOBs+OBn+OCpuODg+ODieODleODrOODvOODoOOBjOOBiuOBl+OCg+OCjOOBqjLkurrmjpvjgZHjgr3jg5XjgqE8YnI+PGJyPgrjgIDjg5XjgqHjg5bjg6rjg4Pjgq/jgajjgqbjg4Pjg4nohJrjgYzjgYLjgZ/jgZ/jgYvjgb/jgYzjgYLjgorjgIHlhKrjgZfjgYTpm7Dlm7LmsJfjgafjgZk8L3A+CjxwPuOAgOODiuODgeODpeODqeODq+OCpOODs+ODhuODquOCouOChOWMl+asp+ODhuOCpOOCueODiOOBquOBqeOBruOBiumDqOWxi+OBq+OBiuOBmeOBmeOCgeOBp+OBmTwvcD4KPGJyPjxicj4KPGltZyBzcmM9Imh0dHA6Ly93d3cucmFrdXRlbi5uZS5qcC9nb2xkL2FzcXVpc3NlL2F6dW1heWEvZ3MxNS8xZ3MxNS5qcGciLz4KPHA+44CA6ISa44GM44Gk44GE44Gm44GE44KL44GT44Go44Gn6YeN6Ium44GX44GP44Gq44KJ44Ga44CB44OQ44Op44Oz44K544Gu44Go44KM44Gf5Y+W44KK5YWl44KM44KE44GZ44GE44OH44K244Kk44Oz44Gn44GZPC9wPgo8YnI+PGJyPgo8aW1nIHNyYz0iaHR0cDovL3d3dy5yYWt1dGVuLm5lLmpwL2dvbGQvYXNxdWlzc2UvYXp1bWF5YS9nczE1LzJnczE1LmpwZyIvPgo8YnI+PGJyPgo8aW1nIHNyYz0iaHR0cDovL2ltYWdlLnJha3V0ZW4uY28uanAvYXNxdWlzc2UvY2FiaW5ldC8wMzA2MDg3My8wMzA5MzI3MS9pbWc2MDMwMzA0MS5qcGciLz4KPGJyPjxicj4KCgo8c3R5bGUgdHlwZT0idGV4dC9jc3MiPgo8IS0tCi5zdHlsZTMge2NvbG9yOiAjMzMzMzMzOyBmb250LXNpemU6IDEycHg7IH0KLS0+Cjwvc3R5bGU+Cgo8dGFibGUgd2lkdGg9IjYwMCIgaGVpZ2h0PSI0MDAiIGJvcmRlcj0iMSIgY2VsbHNwYWNpbmc9IjAiIGJvcmRlcmNvbG9yPSIjRTFFMUUxIj4KPHRyPgogICAgPHRkIHdpZHRoPSIxMDQiIGJnY29sb3I9IiNGM0YzRjMiPjxzcGFuIGNsYXNzPSJzdHlsZTMiPuOAgArnibnlvrQ8L3NwYW4+PC90ZD4KICAgIDx0ZCB3aWR0aD0iNDg2Ij48c3BhbiBjbGFzcz0ic3R5bGUzIj4K44CA44Ki44O844Og44G+44Gn5Ly444Gz44Gf44Km44OD44OJ44OV44Os44O844Og44GM44GK44GX44KD44KM44GqMuS6uuaOm+OBkeOCveODleOCoTxicj4K44CA44OV44Kh44OW44Oq44OD44Kv44Go44Km44OD44OJ6ISa44GM44GC44Gf44Gf44GL44G/44GM44GC44KK44CB5YSq44GX44GE6Zuw5Zuy5rCX44Gn44GZPGJyPgrjgIDjg4rjg4Hjg6Xjg6njg6vjgqTjg7Pjg4bjg6rjgqLjgoTljJfmrKfjg4bjgqTjgrnjg4jjgarjganjga7jgYrpg6jlsYvjgavjgYrjgZnjgZnjgoHjgafjgZk8YnI+CuOAgOiEmuOBjOOBpOOBhOOBpuOBhOOCi+OBk+OBqOOBp+mHjeiLpuOBl+OBj+OBquOCieOBmuOAgeODkOODqeODs+OCueOBruOBqOOCjOOBn+WPluOCiuWFpeOCjOOChOOBmeOBhOODh+OCtuOCpOODs+OBp+OBmTwvc3Bhbj48L3RkPgogIDwvdHI+Cjx0cj4KICAgIDx0ZCB3aWR0aD0iMTA0IiBiZ2NvbG9yPSIjRjNGM0YzIj48c3BhbiBjbGFzcz0ic3R5bGUzIj7jgIAK44K144Kk44K6PC9zcGFuPjwvdGQ+CiAgICA8dGQgd2lkdGg9IjQ4NiI+PHNwYW4gY2xhc3M9InN0eWxlMyI+CuOAgFcxMjUww5dENzYww5dINzUwKFNINDAwKSBtbTwvc3Bhbj48L3RkPgogIDwvdHI+Cjx0cj4KICAgIDx0ZCBiZ2NvbG9yPSIjRjNGM0YzIj48c3BhbiBjbGFzcz0ic3R5bGUzIj7jgIDmnZDos6o8L3NwYW4+PC90ZD4KICAgIDx0ZD48c3BhbiBjbGFzcz0ic3R5bGUzIj7jgIDmnKjjg5Xjg6zjg7zjg6DjgIDjgqbjgqfjg7zjg5Pjg7PjgrDjg5njg6vjg4jjgIDjgqbjg6zjgr/jg7PloZfoo4XjgIDjg53jg6rjgqjjgrnjg4bjg6s8L3NwYW4+PC90ZD4KICA8L3RyPgo8dHI+CiAgICA8dGQgYmdjb2xvcj0iI0YzRjNGMyI+PHNwYW4gY2xhc3M9InN0eWxlMyI+44CA5YKZ6ICDPC9zcGFuPjwvdGQ+CiAgICA8dGQ+PHNwYW4gY2xhc3M9InN0eWxlMyI+CuOAgOeOhOmWoua4oeOBl+WVhuWTgSjlroXphY3kvr/jgafjga7jgYrlsYrjgZEpIDwvc3Bhbj48L3RkPgogIDwvdHI+CiAgICAgIDx0cj4KICAgIDx0ZCBiZ2NvbG9yPSIjRjNGM0YzIj48c3BhbiBjbGFzcz0ic3R5bGUzIj7jgIDntI3mnJ88L3NwYW4+PC90ZD4KICAgIDx0ZD48c3BhbiBjbGFzcz0ic3R5bGUzIj7jgIDjgYrlj5bjgorlr4TjgZvllYblk4Hjgavjgarjgorjgb7jgZnjgILpgJrluLg35pel44GL44KJMTDml6XnqIvluqY8L3NwYW4+PC90ZD4KICA8L3RyPgoKCgoKCiA8L3RhYmxlPgoKCjxpbWcgc3JjPSJodHRwOi8vd3d3LnJha3V0ZW4ubmUuanAvZ29sZC9hc3F1aXNzZS9henVtYXlhL2dzMTYvMGdzMTYuanBnIndpZHRoPSIzMDAiaGVpZ2h0PSIzMDAiYm9yZGVyPSIwIj4KCjxicj4K44K144Kk44K66YGV44GE44Gv44GT44Gh44KJPGJyPjxzdHlsZSB0eXBlPSJ0ZXh0L2NzcyI+Ci8q44GK5rCX44Gr5YWl44KK5ZWG5ZOB44Oc44K/44Oz44Gu44K/44Kw44GT44GT44GL44KJKi8KZGl2LmJvb2ttYXJrQXJlYSBkaXYuYmttIHsKd2lkdGg6IDMxOHB4ICFpbXBvcnRhbnQ7ICAvKjEu44GT44GT44Gr55S75YOP44Gu5qiq5bmF44KS5oyH5a6aKi8KaGVpZ2h0OiA4M3B4ICFpbXBvcnRhbnQ7ICAvKjEu44GT44GT44Gr55S75YOP44Gu6auY44GV44KS5oyH5a6aKi8KfQpkaXYuYm9va21hcmtBcmVhIGRpdi5ia20gYS5hZGRCa20gc3Bhbi5ia21TdGFyIHsKZGlzcGxheTogaW5saW5lLWJsb2NrICFpbXBvcnRhbnQ7Cgp3aWR0aDogMzE4cHggIWltcG9ydGFudDsgICAvKjEu44GT44GT44Gr55S75YOP44Gu5qiq5bmF44KS5oyH5a6aKi8KaGVpZ2h0OiA4M3B4ICFpbXBvcnRhbnQ7ICAgLyoxLuOBk+OBk+OBq+eUu+WDj+OBrumrmOOBleOCkuaMh+WumiovCgoKbWFyZ2luLXJpZ2h0OiAwcHggIWltcG9ydGFudDsKYmFja2dyb3VuZDoKdXJsKGh0dHA6Ly9pbWFnZS5yYWt1dGVuLmNvLmpwL2FzcXVpc3NlL2NhYmluZXQvaW1ncmMwMDY0NzE5NjExLmpwZykgbm8tcmVwZWF0IDAgMCAhaW1wb3J0YW50O+OAgAoJCQkgICAvKuKGkeKGkTIu44GT44GT44Gr44GK5aW944G/44Gu44GK5rCX44Gr5YWl44KK55S75YOP44KS44Kz44OU44Oa4oaR4oaRCiovCgpjdXJzb3I6IHBvaW50ZXIgIWltcG9ydGFudDsKfQoKZGl2LmJvb2ttYXJrQXJlYSBkaXYuYmttIHsKd2lkdGg6IDMxOHB4ICFpbXBvcnRhbnQ7ICAvKjEu44GT44GT44Gr55S75YOP44Gu5qiq5bmF44KS5oyH5a6aKi8KaGVpZ2h0OiA4M3B4ICFpbXBvcnRhbnQ7ICAvKjEu44GT44GT44Gr55S75YOP44Gu6auY44GV44KS5oyH5a6aKi8KfQpkaXYuYm9va21hcmtBcmVhIGRpdi5ia20gYS5hZGRCa20gc3Bhbi5ia21TdGFyIHsKZGlzcGxheTogaW5saW5lLWJsb2NrICFpbXBvcnRhbnQ7Cgp3aWR0aDogMzE4cHggIWltcG9ydGFudDsgICAvKjEu44GT44GT44Gr55S75YOP44Gu5qiq5bmF44KS5oyH5a6aKi8KaGVpZ2h0OiA4M3B4ICFpbXBvcnRhbnQ7ICAgLyoxLuOBk+OBk+OBq+eUu+WDj+OBrumrmOOBleOCkuaMh+WumiovCgoKbWFyZ2luLXJpZ2h0OiAwcHggIWltcG9ydGFudDsKYmFja2dyb3VuZDoKdXJsKGh0dHA6Ly9pbWFnZS5yYWt1dGVuLmNvLmpwL2FzcXVpc3NlL2NhYmluZXQvaW1ncmMwMDY0NzE5NjExLmpwZykgbm8tcmVwZWF0IDAgMCAhaW1wb3J0YW50O+OAgC8q44GT44GT44Gr44GK5aW944G/44Gu44GK5rCX44Gr5YWl44KK55S75YOP44KS44Kz44OU44OaKi8KCQkJICAgLyrihpHihpEyLuOBk+OBk+OBq+OBiuWlveOBv+OBruOBiuawl+OBq+WFpeOCiueUu+WDj+OCkuOCs+ODlOODmuKGkeKGkQoqLwoKY3Vyc29yOiBwb2ludGVyICFpbXBvcnRhbnQ7Cn0KCgoKLyrjgYrmsJfjgavlhaXjgorllYblk4Hjg5zjgr/jg7Pjgr/jgrDjgZPjgZPjgb7jgacqLwovKuOBiuiyt+OBhOeJqeOBi+OBlOOCv+OCsOOBk+OBk+OBi+OCiSovCgppbnB1dFt2YWx1ZT0i6LK344GE54mp44GL44GU44Gr5YWl44KM44KLIl17CgoJZm9udC1zaXplOjE2cHg7Cglmb250LWZhbWlseTpBcmlhbDsKCWZvbnQtd2VpZ2h0Om5vcm1hbDsKCS1tb3otYm9yZGVyLXJhZGl1czo4cHg7Cgktd2Via2l0LWJvcmRlci1yYWRpdXM6OHB4OwoJYm9yZGVyLXJhZGl1czo4cHg7Cglib3JkZXI6MXB4IHNvbGlkICNkODM1MjY7CglwYWRkaW5nOjlweCAxOHB4OwoJdGV4dC1kZWNvcmF0aW9uOm5vbmU7CgoJYmFja2dyb3VuZDotbW96LWxpbmVhci1ncmFkaWVudCggY2VudGVyIHRvcCwgI2ZlMWEwMCA1JSwgI2NlMDEwMCAxMDAlICk7CgliYWNrZ3JvdW5kOi1tcy1saW5lYXItZ3JhZGllbnQoIHRvcCwgI2ZlMWEwMCA1JSwgI2NlMDEwMCAxMDAlICk7CiAgICAgICAJYmFja2dyb3VuZDotd2Via2l0LWdyYWRpZW50KCBsaW5lYXIsIGxlZnQgdG9wLCBsZWZ0IGJvdHRvbSwgY29sb3Itc3RvcCg1JSwgI2ZlMWEwMCksIGNvbG9yLXN0b3AoMTAwJSwgI2NlMDEwMCkgKTsKCgljdXJzb3I6IHBvaW50ZXIgIWltcG9ydGFudDsKCgliYWNrZ3JvdW5kLWNvbG9yOiNmZTFhMDA7Cgljb2xvcjojZmZmZmZmOwoJZGlzcGxheTppbmxpbmUtYmxvY2s7Cgl0ZXh0LXNoYWRvdzoxcHggMXB4IDBweCAjYjIzZTM1OwogCWJveC1zaGFkb3c6aW5zZXQgMXB4IDFweCAwcHggMHB4ICNmMjljOTM7IH0KCi8q44GK6LK344GE54mp44GL44GU44K/44Kw44GT44GT44G+44GnKi8KCjwhLS0KLnN0eWxlMSB7Zm9udC1zaXplOiAxMHB4fQouc3R5bGUyIHtjb2xvcjogI0ZGMDAwMH0KLnN0eWxlNCB7Y29sb3I6ICMwMDAwRkZ9Ci0tPgo8L3N0eWxlPgo8aW1nIHNyYz0iaHR0cDovL2ltYWdlLnJha3V0ZW4uY28uanAvYXNxdWlzc2UvY2FiaW5ldC9pbWc1ODkxMTA4My5qcGciLz4KPHRhYmxlIHdpZHRoPSI2MTEiIGJvcmRlcj0iMCI+CgogIDx0cj4KICAgIDx0ZCB3aWR0aD0iMjk0IiByb3dzcGFuPSIyIj48cCBjbGFzcz0ic3R5bGUxIj7ilqDllrbmpa3mmYLplpPluK88YnI+Cgnjg43jg4Pjg4jjgafjga7jgZTms6jmlofjga/jgIE8c3BhbiBjbGFzcz0ic3R5bGUyIj4yNOaZgumWkzwvc3Bhbj7lj5fjgZHku5jjgZHjgabjgYrjgorjgb7jgZnjgII8YnI+PGJyPgoK44GK6Zu76Kmx44Gn44Gu44GK5ZWP5ZCI44Gb44Gv5LiL6KiY44Gu5pmC6ZaT5biv44Gr44GK6aGY44GE44GX44G+44GZ44CCCjxicj4KCgo8c3BhbiBjbGFzcz0ic3R5bGUyIj4xMTowMO+9njIwOjAwPC9zcGFuPiDjgIAgPHNwYW4gY2xhc3M9InN0eWxlMiI+4oC754Gr5puc5pel44Gv44GK5LyR44G/PC9zcGFuPuOCkuOBhOOBn+OBoOOBhOOBpuOBiuOCiuOBvuOBmeOAgjxicj4KPGJyPgoK4pag6YCB5paZPGJyPgrlhajlm73kuIDlvovmlpnph5HvvJo8c3BhbiBjbGFzcz0ic3R5bGUyIj41ODDlhoY8L3NwYW4+PGJyPgoo5YyX5rW36YGT44CB5rKW57iE44CB6Zui5bO244O75LiA6YOo5Zyw5Z+f44Gv6L+95Yqg6YCB5paZ55m655Sf44GX44G+44GZ44CCKTxicj4KPGJyPgrilqDlroXphY3kvr88YnI+CuODpOODnuODiOmBi+i8uOOAgOilv+a/g+mBi+i8uOOAgOS9kOW3neaApeS+v+OAgOOChuOBhuODkeODg+OCrzxicj4KPGJyPgrilqDllYblk4HnmbrpgIHjga7jgr/jgqTjg5/jg7PjgrA8YnI+CueJueOBq+OBlOaMh+WumuOBjOOBquOBhOWgtOWQiOOAgTxicj4K5qW95aSp44OQ44Oz44Kv5rG65riI44CB6YqA6KGM5oyv6L684oeS44GU5YWl6YeR56K66KqN5b6M44CBPHNwYW4gY2xhc3M9InN0eWxlMiI+N+WWtualreaXpeS7peWGhTwvc3Bhbj7jgavnmbrpgIHoh7TjgZfjgb7jgZnjgII8YnI+CuOCr+ODrOOCuOODg+ODiOOAgeS7o+mHkeW8leaPm+OAgOKHkuOBlOazqOaWh+eiuuiqjeW+jOOAgTxzcGFuIGNsYXNzPSJzdHlsZTIiPjfllrbmpa3ml6Xku6XlhoU8L3NwYW4+44Gr55m66YCB6Ie044GX44G+44GZ44CCIAo8YnI+Cjxicj4K4pag6L+U5ZOB44O75Lqk5o+b44Gr44Gk44GE44GmPGJyPgrllYblk4Hjga7jgqvjg6njg7zjgavplqLjgZfjgb7jgZfjgabjga/plrLopqfnkrDlooPjgavjgojjgaPjgaboi6XlubLpgZXjgaPjgabopovjgYjjgovloLTlkIjjgYzjgZTjgZbjgYTjgb7jgZnkuojjgoHjgZTkuobmib/kuIvjgZXjgYTjgII8YnI+CuODoeODvOOCq+ODvOOBjOWIneacn+S4jeiJr+OBqOiqjeWumuOBl+OBpuOBhOOBquOBhOWVhuWTgeOAgeOAjOOCpOODoeODvOOCuOOBqOmBleOBhuOAjeetieOBrui/lOWTgeODu+S6pOaPm+OBr+OBiuWPl+OBkeOBp+OBjeOBvuOBm+OCk+OBruOBp+OBlOS6huaJv+OBj+OBoOOBleOBhOOAgjxicj4K5LqL5YmN44Gu44GU6YCj57Wh44Gu44Gq44GE6L+U5ZOB44Gr6Zai44GX44G+44GX44Gm44Gv44GK5Y+X44GR44Gn44GN44G+44Gb44KTPGJyPgrvvIjnnYDmiZXjgYTnrYnjgafjga7ov5Tlk4HvvInjgZTkuobmib/jgY/jgaDjgZXjgYTjgII8YnI+Cjxicj4K4pag5LiN6Imv5ZOB44Gr44Gk44GE44GmPGJyPgrllYblk4HjgYznoLTmkI3jg7vmsZrmkI3jgZfjgabjgYTjgZ/loLTlkIjjga/phY3pgZTlvozkuIDpgLHplpPku6XlhoXjgavjg6Hjg7zjg6vjgYvpm7voqbHjgafjgZTpgKPntaHjgY/jgaDjgZXjgYTjgIIK44GZ44GQ44Gr5Lqk5o+b44Gu5ZOB44G+44Gf44Gv6L+U5ZOB44KS5om/44KK44G+44GZ44CCPGJyPgrigLvjgZPjga7loLTlkIjjga/pgIHmlpnjgIHmiYvmlbDmlpnjga/lvZPlupfjgYzosqDmi4XjgYTjgZ/jgZfjgb7jgZnjgIIKICA8L3RkPgogICAgPHRkIHdpZHRoPSIzMDciIGhlaWdodD0iNjIiIHZhbGlnbj0idG9wIj48c3BhbiBjbGFzcz0ic3R5bGUxIj7ilqDjgYrmlK/miZXjgYTmlrnms5XjgavjgaTjgYTjgaY8YnI+CiAgICDjgYrmlK/miZXjgYTjga/mpb3lpKnjg5Djg7Pjgq/jgIHpioDooYzmjK/jgorovrzjgb/jgIHku6Pph5HlvJXmj5vjgIHjgq/jg6zjgrjjg4Pjg4jjgYzjgZTliKnnlKjjgYTjgZ/jgaDjgZHjgb7jgZnjgII8YnIgLz4KICAgIDxicj4KICAgIDxzcGFuIGNsYXNzPSJzdHlsZTQiPuKAu+OCr+ODrOOCuOODg+ODiOOCq+ODvOODieOBruOCu+OCreODpeODquODhuOCo+OBr1NTTOOBqOOBhOOBhuOCt+OCueODhuODoOOCkuWIqeeUqOOBl+OBpuOBiuOCiuOBvuOBmeOAgiDjgqvjg7zjg4nnlarlj7fjga/mmpflj7fljJbjgZXjgozjgablronlhajjgavpgIHkv6HjgZXjgozjgb7jgZnjga7jgafjgIHjganjgYbjgZ7jgZTlronlv4PjgY/jgaDjgZXjgYTjgII8YnIgLz4KICAgIDxpbWcgc3JjPSJodHRwOi8vaW1hZ2UucmFrdXRlbi5jby5qcC9fc3VwcG9ydC1vcy9jYWJpbmV0L3Zpc2EuZ2lmIiAvPiA8aW1nIHNyYz0iaHR0cDovL2ltYWdlLnJha3V0ZW4uY28uanAvX3N1cHBvcnQtb3MvY2FiaW5ldC9tYXN0ZXJjYXJkLmdpZiIgLz4gPGltZyBzcmM9Imh0dHA6Ly9pbWFnZS5yYWt1dGVuLmNvLmpwL19zdXBwb3J0LW9zL2NhYmluZXQvamNiLmdpZiIgLz4gPGltZyBzcmM9Imh0dHA6Ly9pbWFnZS5yYWt1dGVuLmNvLmpwL19zdXBwb3J0LW9zL2NhYmluZXQvZGluZXJzLmdpZiIgLz4gPGltZyBzcmM9Imh0dHA6Ly9pbWFnZS5yYWt1dGVuLmNvLmpwL19zdXBwb3J0LW9zL2NhYmluZXQvYW1leC5naWYiIC8+IDxpbWcgc3JjPSJodHRwOi8vaW1hZ2UucmFrdXRlbi5jby5qcC9fc3VwcG9ydC1vcy9jYWJpbmV0L2dpbmtvdS5naWYiIHdpZHRoPSIzNiIgaGVpZ2h0PSIzNiIgLz4gPGltZyBzcmM9Imh0dHA6Ly9pbWFnZS5yYWt1dGVuLmNvLmpwL19zdXBwb3J0LW9zL2NhYmluZXQvZGFpYmlraS5naWYiIHdpZHRoPSIzNiIgaGVpZ2h0PSIzNiIgLz48L3NwYW4+PC9zcGFuPjwvdGQ+CiAgPC90cj4KICAKICA8dHI+CiAgICA8dGQgdmFsaWduPSJ0b3AiPjxzcGFuIGNsYXNzPSJzdHlsZTEiPuKWoOalveWkqeODkOODs+OCr+axuua4iDxicj4K5qW95aSp44OQ44Oz44Kv5rG65riI5omL5pWw5paZKOeojui+vCk8YnI+CjHlhobvvZ4yOSw5OTnlhobjgIDjgIA8c3BhbiBjbGFzcz0ic3R5bGUyIj4xNTXlhoY8L3NwYW4+PGJyPgozMCwwMDDlhobvvZ7jgIDjgIDjgIDjgIA8c3BhbiBjbGFzcz0ic3R5bGUyIj4yNTflhoY8L3NwYW4+PGJyPjxicj4KCuKWoOS7o+mHkeW8leaPmyA8YnI+CuS7o+W8leaJi+aVsOaWmeaWme+8muWFqOWbveS4gOW+i+aWmemHke+8miA8c3BhbiBjbGFzcz0ic3R5bGUyIj4zMjTlhoY8L3NwYW4+PGJyPgo8YnI+CuKWoOmKgOihjOaMr+i+vDxicj4K44GU5YWl6YeR56K66KqN5b6M44Gr55m66YCB44GE44Gf44GX44G+44GZ44CCPGJyPgrmjK/ovrzmiYvmlbDmlpnjga/jgYrlrqLmp5josqDmi4XjgafjgYrpoZjjgYToh7TjgZfjgb7jgZnjgII8YnI+Cjxicj4K44CQ5oyv6L685YWI44CRIOalveWkqemKgOihjO+8iOODqeOCr+ODhuODs+OCruODs+OCs+OCpu+8iealveWkqeW4guWgtOaUr+W6l++8iOODqeOCr+ODhuODs+OCpOODgeODkOOCt+ODhuODs++8iSDmma7pgJogMTA0NzA3MCDjg6njgq/jg4bjg7PvvIjvvKHvvLPvvLHvvLXvvKnvvLPvvLPvvKUgCjxicj7igLvjgZPjga7lj6Pluqfjga7mqKnliKnjga/mpb3lpKnmoKrlvI/kvJrnpL7jgYzkv53mnInjgZfjgabjgYTjgb7jgZnjgIIgPGJyPgo8YnI+CjxzcGFuIGNsYXNzPSJzdHlsZTQiPuKAu+ODneOCpOODs+ODiOOCkuOBlOWIqeeUqOOBruWgtOWQiOetieOAgealveWkqeOBi+OCieiHquWLleOBp+mFjeS/oeOBleOCjOOCi+eiuuiqjeODoeODvOODq+OBrumHkemhjeOBqOOBiuaMr+i+vOOBv+aZguOBrumHkemhjeOBjOeVsOOBquOCi+WgtOWQiOOBjOOBlOOBluOBhOOBvuOBmeOAggrjga7jgaHjgbvjganlvZPlupfjgYvjgonjgYrpgIHjgorjgZnjgovjg6Hjg7zjg6vjgavoqJjovInjga7ph5HpoY3jgpLjgYrmjK/ovrzjgb/jgY/jgaDjgZXjgYTjgII8L3NwYW4+PC9zcGFuPjwvdGQ+CiAgPC90cj4KICA8dHI+CiAgICA8dGQgY29sc3Bhbj0iMiI+Jm5ic3A7PC90ZD4KICA8L3RyPgo8L3RhYmxlPg==,44Km44Kn44O844OH44K944OV44KhIDLkurrmjpvjgZHjgr3jg5XjgqEg44K944OV44Kh44O8IOS6jOS6uuaOm+OBkSDjg5njg7zjgrjjg6Ug44Ob44Ov44Kk44OIIOOCouOCpOODnOODquODvCDmnKjoo70g44Km44OD44OJIOOBiuOBl+OCg+OCjCDljJfmrKcg44Os44OI44OtIOODiuODgeODpeODqeODqyDjgqvjgrjjg6XjgqLjg6sg5LqM5Lq65pqu44KJ44GXIOS4gOS6uuaaruOCieOBlyDjgqTjg7Pjg4bjg6rjgqIg5a625YW3IOOBi+OCj+OBhOOBhCDjgJDpgIHmlpnnhKHmlpnjgJHvvJphc3F1aXNzZQ==,44Km44Kn44O844OH44K944OV44KhIDLkurrmjpvjgZHjgr3jg5XjgqEg44K944OV44Kh44O8IOS6jOS6uuaOm+OBkSDjg5njg7zjgrjjg6Ug44Ob44Ov44Kk44OIIOOCouOCpOODnOODquODvCDmnKjoo70g44Km44OD44OJIOOBiuOBl+OCg+OCjCDljJfmrKcg44Os44OI44OtIOODiuODgeODpeODqeODqyDjgqvjgrjjg6XjgqLjg6sg5LqM5Lq65pqu44KJ44GXIOS4gOS6uuaaruOCieOBlyDjgqTjg7Pjg4bjg6rjgqIg5a625YW3IOOBi+OCj+OBhOOBhCDjgJDpgIHmlpnnhKHmlpnjgJE=,44Ki44O844Og44G+44Gn5Ly444Gz44Gf44Km44OD44OJ44OV44Os44O844Og44GM44GK44GX44KD44KM44GqMuS6uuaOm+OBkeOCveODleOCoeOAguOCpuOCp+ODvOODh+OCveODleOCoSAy5Lq65o6b44GR44K944OV44KhIOOCveODleOCoeODvCDkuozkurrmjpvjgZEg44OZ44O844K444OlIOODm+ODr+OCpOODiCDjgqLjgqTjg5zjg6rjg7wg5pyo6KO9IOOCpuODg+ODiSDjgYrjgZfjgoPjgowg5YyX5qynIOODrOODiOODrSDjg4rjg4Hjg6Xjg6njg6sg44Kr44K444Ol44Ki44OrIOS6jOS6uuaaruOCieOBlyDkuIDkurrmmq7jgonjgZcg44Kk44Oz44OG44Oq44KiIOWutuWFtyDjgYvjgo/jgYTjgYQg44CQ6YCB5paZ54Sh5paZ44CR[rn]
37-51628,aHR0cDovL3RzaG9wLnIxMHMuanAvYXNxdWlzc2UvY2FiaW5ldC8wNTMxMTU5NS9pbWdyYzAwNjY1MDk1MjkuanBnP2ZpdGluPTcwMDo3MDA=,MTE5MjMyLjAwMDA=,,44Kk44Oz44OG44Oq44Ki44O75a+d5YW344O75Y+O57SNID4g44K944OV44Kh44O744K944OV44Kh44OZ44OD44OJID4gMuS6uuaOm+OBkeOCveODleOCoSA+IOW4g+WcsA==,am91cm5hbCBzdGFuZGFyZCBGdXJuaXR1cmUg44K444Oj44O844OK44Or44K544K/44Oz44OA44O844OJ44OV44Kh44OL44OB44Oj44O8IERFUlVTU1kgU09GQSDjg4fjg63jgrfjg7zjgr3jg5XjgqEg5a625YW3IDLkurrmjpvjgZEg44Kz44Oz44OR44Kv44OIIOOCveODleOCoSDjgqvjg7zjgq0g44CQ6YCB5paZ54Sh5paZ44CR44Ki44Kk44Ki44OzIOOBiuOBl+OCg+OCjCDjgqTjg7Pjg4Djgrnjg4jjg6rjgqLjg6sg44Ki44Oz44OG44Kj44O844KvIOODtOOCo+ODs+ODhuODvOOCuCDnlLfliY0g44OW44Or44OD44Kv44Oq44OzIOOCq+ODquODleOCqeODq+ODi+OCog==,am91cm5hbCBzdGFuZGFyZCBGdXJuaXR1cmXjga7jg5/jg6rjgr/jg6rjg7zjgaoxLjXkurrmjpvjgZHjgr3jg5XjgqE=,PGltZyBzcmM9Imh0dHA6Ly9pbWFnZS5yYWt1dGVuLmNvLmpwL2FzcXVpc3NlL2NhYmluZXQvMDUzMTE1OTUvaW1ncmMwMDY2NTAxMjQ3LmdpZiIvPgo8YnI+PGJyPgo8aW1nIHNyYz0iaHR0cDovL2ltYWdlLnJha3V0ZW4uY28uanAvYXNxdWlzc2UvY2FiaW5ldC8wNTMxMTU5NS9pbWdyYzAwNjY1MDk1MjkuanBnIi8+CjxwPmpvdXJuYWwgc3RhbmRhcmQgRnVybml0dXJl44Gu44Kz44Oz44OR44Kv44OI44Gq44K144Kk44K65oSf44Go44Of44Oq44K/44Oq44O844Gq6Zuw5Zuy5rCX44GM6a2F5Yqb44GuMS415Lq65o6b44GR44K944OV44KhPGJyPgrjgqvjg5Djg7zjgYzlj5bjgorlpJbjgZfjgafjgY3jgovjga7jgoLjgYbjgozjgZfjgYTjg53jgqTjg7Pjg4g8YnI+CuWlpeihjOOBjeOCkuW6g+OBj+OBqOOCi+OBk+OBqOOBp+W6p+mdouOBruS4iuOBp+OBguOBkOOCieOCkuOBi+OBhOOBpuOChuOBo+OBn+OCiuOBqOW6p+OCjOOBvuOBmTxicj4K44OV44Kn44K244O844Go44Km44Os44K/44Oz44KS5re35ZCI44GV44Gb44Gf44OV44Ov44OV44Ov44Go44GX44Gf5bqn44KK5b+D5Zyw44Gr44KC44GT44Gg44KP44KK44G+44GX44GfPC9wPgo8aW1nIHNyYz0iaHR0cDovL2ltYWdlLnJha3V0ZW4uY28uanAvYXNxdWlzc2UvY2FiaW5ldC8wNTMxMTU5NS9pbWdyYzAwNjY1MDk1MjguanBnIi8+Cjxicj48YnI+CjxpbWcgc3JjPSJodHRwOi8vaW1hZ2UucmFrdXRlbi5jby5qcC9hc3F1aXNzZS9jYWJpbmV0LzA1MzExNTk1L2ltZ3JjMDA2NjUwOTUyNy5qcGciLz4KPGJyPjxicj4KPGltZyBzcmM9Imh0dHA6Ly9pbWFnZS5yYWt1dGVuLmNvLmpwL2FzcXVpc3NlL2NhYmluZXQvMDUzMTE1OTUvaW1ncmMwMDY2NTA5NTI2LmpwZyIvPgo8YnI+PGJyPgo8aW1nIHNyYz0iaHR0cDovL2ltYWdlLnJha3V0ZW4uY28uanAvYXNxdWlzc2UvY2FiaW5ldC8wNTMxMTU5NS9pbWdyYzAwNjY1MDk1MjUuanBnIi8+Cjxicj48YnI+CjxpbWcgc3JjPSJodHRwOi8vaW1hZ2UucmFrdXRlbi5jby5qcC9hc3F1aXNzZS9jYWJpbmV0LzA1MzExNTk1L2ltZ3JjMDA2NjUwOTUyNC5qcGciLz4KPGJyPjxicj4KPGltZyBzcmM9Imh0dHA6Ly9pbWFnZS5yYWt1dGVuLmNvLmpwL2FzcXVpc3NlL2NhYmluZXQvMDUzMTE1OTUvaW1ncmMwMDY2NTA5NTIzLmpwZyIvPgo8YnI+PGJyPgo8aW1nIHNyYz0iaHR0cDovL2ltYWdlLnJha3V0ZW4uY28uanAvYXNxdWlzc2UvY2FiaW5ldC8wNTMxMTU5NS9pbWdyYzAwNjY1MDgxMTAuZ2lmIi8+Cjxicj48YnI+Cgo8c3R5bGUgdHlwZT0idGV4dC9jc3MiPgo8IS0tCi5zdHlsZTMge2NvbG9yOiAjMzMzMzMzOyBmb250LXNpemU6IDEycHg7IH0KLS0+Cjwvc3R5bGU+Cgo8dGFibGUgd2lkdGg9IjYwMCIgaGVpZ2h0PSI0NTAiIGJvcmRlcj0iMSIgY2VsbHNwYWNpbmc9IjAiIGJvcmRlcmNvbG9yPSIjRTFFMUUxIj4KPHRyPgogICAgPHRkIHdpZHRoPSIxMDQiIGJnY29sb3I9IiNGM0YzRjMiPjxzcGFuIGNsYXNzPSJzdHlsZTMiPuOAgArnibnlvrQ8L3NwYW4+PC90ZD4KICAgIDx0ZCB3aWR0aD0iNDg2Ij48c3BhbiBjbGFzcz0ic3R5bGUzIj4K44CAam91cm5hbCBzdGFuZGFyZCBGdXJuaXR1cmXjga7jgrPjg7Pjg5Hjgq/jg4jjgarjgrXjgqTjgrrmhJ/jgajjg5/jg6rjgr/jg6rjg7zjgarpm7Dlm7LmsJfjgYw8YnI+CuOAgOmtheWKm+OBrjEuNeS6uuaOm+OBkeOCveODleOCoTxicj4K44CA44Kr44OQ44O844GM5Y+W44KK5aSW44GX44Gn44GN44KL44Gu44KC44GG44KM44GX44GE44Od44Kk44Oz44OIPGJyPgrjgIDlpaXooYzjgY3jgpLluoPjgY/jgajjgovjgZPjgajjgafluqfpnaLjga7kuIrjgafjgYLjgZDjgonjgpLjgYvjgYTjgabjgobjgaPjgZ/jgorjgajluqfjgozjgb7jgZk8YnI+CuOAgOODleOCp+OCtuODvOOBqOOCpuODrOOCv+ODs+OCkua3t+WQiOOBleOBm+OBn+ODleODr+ODleODr+OBqOOBl+OBn+W6p+OCiuW/g+WcsOOBq+OCguOBk+OBoOOCj+OCiuOBvuOBl+OBnzwvc3Bhbj48L3RkPgogIDwvdHI+Cjx0cj4KICAgIDx0ZCB3aWR0aD0iMTA0IiBiZ2NvbG9yPSIjRjNGM0YzIj48c3BhbiBjbGFzcz0ic3R5bGUzIj7jgIAK44OW44Op44Oz44OJPC9zcGFuPjwvdGQ+CiAgICA8dGQgd2lkdGg9IjQ4NiI+PHNwYW4gY2xhc3M9InN0eWxlMyI+CuOAgGpvdXJuYWwgc3RhbmRhcmQgRnVybml0dXJlPGJyPgrjgIAo44K444Oj44O844OK44Or44K544K/44Oz44OA44O844OJ44OV44Kh44OL44OB44Oj44O8KTwvc3Bhbj48L3RkPgogIDwvdHI+Cjx0cj4KICAgIDx0ZCB3aWR0aD0iMTA0IiBiZ2NvbG9yPSIjRjNGM0YzIj48c3BhbiBjbGFzcz0ic3R5bGUzIj7jgIAK44K144Kk44K6PC9zcGFuPjwvdGQ+CiAgICA8dGQgd2lkdGg9IjQ4NiI+PHNwYW4gY2xhc3M9InN0eWxlMyI+CuOAgFcxMzAww5dENzkww5dINzMwKFNINDAwKSBtbTwvc3Bhbj48L3RkPgogIDwvdHI+Cjx0cj4KICAgIDx0ZCBiZ2NvbG9yPSIjRjNGM0YzIj48c3BhbiBjbGFzcz0ic3R5bGUzIj7jgIDmnZDos6o8L3NwYW4+PC90ZD4KICAgIDx0ZD48c3BhbiBjbGFzcz0ic3R5bGUzIj4K44CA44Ki44Kk44Ki44Oz44CA44Kz44OD44OI44OzPC9zcGFuPjwvdGQ+CiAgPC90cj4KPHRyPgogICAgPHRkIGJnY29sb3I9IiNGM0YzRjMiPjxzcGFuIGNsYXNzPSJzdHlsZTMiPuOAgOmHjemHjzwvc3Bhbj48L3RkPgogICAgPHRkPjxzcGFuIGNsYXNzPSJzdHlsZTMiPgrjgIAzMGtnPC9zcGFuPjwvdGQ+CiAgPC90cj4KPHRyPgogICAgPHRkIGJnY29sb3I9IiNGM0YzRjMiPjxzcGFuIGNsYXNzPSJzdHlsZTMiPuOAgOmAgeaWmTwvc3Bhbj48L3RkPgogICAgPHRkPjxzcGFuIGNsYXNzPSJzdHlsZTMiPgrjgIDpgIHmlpnnhKHmlpk8YnI+CuOAgOKAu+WMl+a1t+mBk+ODu+aylue4hOOBr+WIpemAlOmAgeaWmemgguOBjeOBvuOBmTwvc3Bhbj48L3RkPgogIDwvdHI+Cjx0cj4KICAgIDx0ZCBiZ2NvbG9yPSIjRjNGM0YzIj48c3BhbiBjbGFzcz0ic3R5bGUzIj7jgIDlgpnogIM8L3NwYW4+PC90ZD4KICAgIDx0ZD48c3BhbiBjbGFzcz0ic3R5bGUzIj4K44CA44O744O044Kj44Oz44OG44O844K45Yqg5bel44KS5pa944GX44Gm44GE44KL44Gf44KB44CB44Ki44Kk44Ki44Oz44Gu5Yqg5bel44Gu5Ye65pa544Gq44Gp44GM5LiA54K55LiA54K555Ww44Gq44KK44G+44GZPGJyPgrjgIDjg7vjgqLjgqTjgqLjg7Pjga7pjIbjgarjganjga/jgIHjg7TjgqPjg7Pjg4bjg7zjgrjmhJ/jgpLlh7rjgZnjgZ/jgoHjga7liqDlt6XjgafjgYLjgorkuI3oia/lk4Hjgafjga/jgZTjgZbjgYTjgb7jgZvjgpPjgII8YnI+CuOAgOWVhuWTgeOBruODh+OCtuOCpOODs+OBqOOBl+OBpuOBlOeQhuino+OBruS4iuOBiuiyt+OBhOaxguOCgemgguOBjeOBvuOBmeOCiOOBhuOBiumhmOOBhOeUs+OBl+S4iuOBkuOBvuOBmTxicj4K44CA44O76ISa5YWI44GM6YmE6KO944Gu5ZWG5ZOB44Gv44CB44Gd44Gu44G+44G+44GU5L2/55So44Gr44Gq44KK44G+44GZ44Go5bqK44KS55eb44KB44KL5Y6f5Zug44Go44Gq44KK44G+44GZ44Gu44GnPGJyPgrjgIDjgZTkvb/nlKjliY3jgavjga/lv4XjgZrjgIHohJrlhYjjgajoqK3nva7pnaLjgpLjgZTnorroqo3jgY/jgaDjgZXjgYQ8L3NwYW4+PC90ZD4KICA8L3RyPgo8dHI+CiAgICA8dGQgYmdjb2xvcj0iI0YzRjNGMyI+PHNwYW4gY2xhc3M9InN0eWxlMyI+44CA57SN5pyfPC9zcGFuPjwvdGQ+CiAgICA8dGQ+PHNwYW4gY2xhc3M9InN0eWxlMyI+44CA44Oh44O844Kr44O855u06YCB5ZWG5ZOB44Gu54K644CBMTDvvZ4xNOaXpeeoi+W6pjwvc3Bhbj48L3RkPgogIDwvdHI+CiA8L3RhYmxlPgoKCjxzdHlsZSB0eXBlPSJ0ZXh0L2NzcyI+CjwhLS0KLnN0eWxlMyB7Y29sb3I6ICMzMzMzMzM7IGZvbnQtc2l6ZTogMTJweDsgfQotLT4KPC9zdHlsZT4KCjx0YWJsZSB3aWR0aD0iMzAwIiBoZWlnaHQ9IjYwMCIgYm9yZGVyPSIxIiBjZWxsc3BhY2luZz0iMCIgYm9yZGVyY29sb3I9IiNFMUUxRTEiPgo8dHI+CiAgICA8dGQgd2lkdGg9IjEwNCIgYmdjb2xvcj0iI0YzRjNGMyI+PHNwYW4gY2xhc3M9InN0eWxlMyI+CuOAgOeJueW+tDwvc3Bhbj48L3RkPgogICAgPHRkIHdpZHRoPSI0ODYiPjxzcGFuIGNsYXNzPSJzdHlsZTMiPgrjgIBqb3VybmFsIHN0YW5kYXJkIEZ1cm5pdHVyZeOBruOCs+ODs+ODkeOCr+ODiOOBqjxicj4K44CA44K144Kk44K65oSf44Go44Of44Oq44K/44Oq44O844Gq6Zuw5Zuy5rCX44GM6a2F5Yqb44GuPGJyPgrjgIAxLjXkurrmjpvjgZHjgr3jg5XjgqE8YnI+CuOAgOOCq+ODkOODvOOBjOWPluOCiuWkluOBl+OBp+OBjeOCi+OBruOCguOBhuOCjOOBl+OBhOODneOCpOODs+ODiDxicj4K44CA5aWl6KGM44GN44KS5bqD44GP44Go44KL44GT44Go44Gn5bqn6Z2i44Gu5LiK44Gn44GC44GQ44KJ44KSPGJyPgrjgIDjgYvjgYTjgabjgobjgaPjgZ/jgorjgajluqfjgozjgb7jgZk8YnI+CuOAgOODleOCp+OCtuODvOOBqOOCpuODrOOCv+ODs+OCkua3t+WQiOOBleOBm+OBn+ODleODr+ODleODr+OBqOOBl+OBnzxicj4K44CA5bqn44KK5b+D5Zyw44Gr44KC44GT44Gg44KP44KK44G+44GX44GfCjwvc3Bhbj48L3RkPgogIDwvdHI+Cjx0cj4KICAgIDx0ZCB3aWR0aD0iMTA0IiBiZ2NvbG9yPSIjRjNGM0YzIj48c3BhbiBjbGFzcz0ic3R5bGUzIj4K44CA44OW44Op44Oz44OJPC9zcGFuPjwvdGQ+CiAgICA8dGQgd2lkdGg9IjQ4NiI+PHNwYW4gY2xhc3M9InN0eWxlMyI+CuOAgGpvdXJuYWwgc3RhbmRhcmQgRnVybml0dXJlPGJyPgrjgIAo44K444Oj44O844OK44Or44K544K/44Oz44OA44O844OJ44OV44Kh44OL44OB44Oj44O8KTwvc3Bhbj48L3RkPgogIDwvdHI+Cjx0cj4KICAgIDx0ZCB3aWR0aD0iMTA0IiBiZ2NvbG9yPSIjRjNGM0YzIj48c3BhbiBjbGFzcz0ic3R5bGUzIj4K44CA44K144Kk44K6PC9zcGFuPjwvdGQ+CiAgICA8dGQgd2lkdGg9IjQ4NiI+PHNwYW4gY2xhc3M9InN0eWxlMyI+CuOAgFcxMzAww5dENzkww5dINzMwKFNINDAwKSBtbTwvc3Bhbj48L3RkPgogIDwvdHI+Cjx0cj4KICAgIDx0ZCB3aWR0aD0iMTA0IiBiZ2NvbG9yPSIjRjNGM0YzIj48c3BhbiBjbGFzcz0ic3R5bGUzIj4K44CA6YeN6YePPC9zcGFuPjwvdGQ+CiAgICA8dGQgd2lkdGg9IjQ4NiI+PHNwYW4gY2xhc3M9InN0eWxlMyI+CuOAgDMwa2c8L3NwYW4+PC90ZD4KICA8L3RyPgo8dHI+CiAgICA8dGQgd2lkdGg9IjEwNCIgYmdjb2xvcj0iI0YzRjNGMyI+PHNwYW4gY2xhc3M9InN0eWxlMyI+CuOAgOadkOizqjwvc3Bhbj48L3RkPgogICAgPHRkIHdpZHRoPSI0ODYiPjxzcGFuIGNsYXNzPSJzdHlsZTMiPgrjgIDjgqLjgqTjgqLjg7PjgIDjgrPjg4Pjg4jjg7M8L3NwYW4+PC90ZD4KICA8L3RyPgo8dHI+CiAgICA8dGQgYmdjb2xvcj0iI0YzRjNGMyI+PHNwYW4gY2xhc3M9InN0eWxlMyI+CuOAgOmAgeaWmTwvc3Bhbj48L3RkPgogICAgPHRkPjxzcGFuIGNsYXNzPSJzdHlsZTMiPgrjgIDpgIHmlpnnhKHmlpk8YnI+CuOAgOKAu+WMl+a1t+mBk+ODu+aylue4hOOBr+WIpemAlOmAgeaWmemgguOBjeOBvuOBmTwvc3Bhbj48L3RkPgogIDwvdHI+Cjx0cj4KICAgIDx0ZCBiZ2NvbG9yPSIjRjNGM0YzIj48c3BhbiBjbGFzcz0ic3R5bGUzIj4K44CA5YKZ6ICDPC9zcGFuPjwvdGQ+CiAgICA8dGQ+PHNwYW4gY2xhc3M9InN0eWxlMyI+CuOAgOODu+ODtOOCo+ODs+ODhuODvOOCuOWKoOW3peOCkuaWveOBl+OBpuOBhOOCi+OBn+OCgeOAgeOCouOCpOOCouODszxicj4K44CA44Gu5Yqg5bel44Gu5Ye65pa544Gq44Gp44GM5LiA54K55LiA54K555Ww44Gq44KK44G+44GZPGJyPgrjgIDjg7vjgqLjgqTjgqLjg7Pjga7pjIbjgarjganjga/jgIHjg7TjgqPjg7Pjg4bjg7zjgrjmhJ/jgpLlh7rjgZk8YnI+CuOAgOOBn+OCgeOBruWKoOW3peOBp+OBguOCiuS4jeiJr+WTgeOBp+OBr+OBlOOBluOBhOOBvuOBm+OCkzxicj4K44CA44Gu44Gn5ZWG5ZOB44Gu44OH44K244Kk44Oz44Go44GX44Gm44GU55CG6Kej44Gu5LiKPGJyPgrjgIDjgYrosrfjgYTmsYLjgoHpoILjgY3jgb7jgZnjgojjgYbjgYrpoZjjgYTnlLPjgZfkuIrjgZLjgb7jgZk8YnI+CuOAgOODu+iEmuWFiOOBjOmJhOijveOBruWVhuWTgeOBr+OAgeOBneOBruOBvuOBvuOBlOS9v+eUqOOBq+OBquOCijxicj4K44CA44G+44GZ44Go5bqK44KS55eb44KB44KL5Y6f5Zug44Go44Gq44KK44G+44GZ44Gu44Gn44GU5L2/55So5YmNPGJyPgrjgIDjgavjga/lv4XjgZrjgIHohJrlhYjjgajoqK3nva7pnaLjgpLjgZTnorroqo3jgY/jgaDjgZXjgYQ8L3NwYW4+PC90ZD4KICA8L3RyPgogICAgICA8dHI+CiAgICA8dGQgYmdjb2xvcj0iI0YzRjNGMyI+PHNwYW4gY2xhc3M9InN0eWxlMyI+CuOAgOe0jeacnzwvc3Bhbj48L3RkPgogICAgPHRkPjxzcGFuIGNsYXNzPSJzdHlsZTMiPuOAgOODoeODvOOCq+ODvOebtOmAgeWVhuWTgeOBrueCuuOAgTEw772eMTTml6XnqIvluqY8L3NwYW4+PC90ZD48L3RyPgogPC90YWJsZT48c3R5bGUgdHlwZT0idGV4dC9jc3MiPgovKuOBiuawl+OBq+WFpeOCiuWVhuWTgeODnOOCv+ODs+OBruOCv+OCsOOBk+OBk+OBi+OCiSovCmRpdi5ib29rbWFya0FyZWEgZGl2LmJrbSB7CndpZHRoOiAzMThweCAhaW1wb3J0YW50OyAgLyoxLuOBk+OBk+OBq+eUu+WDj+OBruaoquW5heOCkuaMh+WumiovCmhlaWdodDogODNweCAhaW1wb3J0YW50OyAgLyoxLuOBk+OBk+OBq+eUu+WDj+OBrumrmOOBleOCkuaMh+WumiovCn0KZGl2LmJvb2ttYXJrQXJlYSBkaXYuYmttIGEuYWRkQmttIHNwYW4uYmttU3RhciB7CmRpc3BsYXk6IGlubGluZS1ibG9jayAhaW1wb3J0YW50OwoKd2lkdGg6IDMxOHB4ICFpbXBvcnRhbnQ7ICAgLyoxLuOBk+OBk+OBq+eUu+WDj+OBruaoquW5heOCkuaMh+WumiovCmhlaWdodDogODNweCAhaW1wb3J0YW50OyAgIC8qMS7jgZPjgZPjgavnlLvlg4/jga7pq5jjgZXjgpLmjIflrpoqLwoKCm1hcmdpbi1yaWdodDogMHB4ICFpbXBvcnRhbnQ7CmJhY2tncm91bmQ6CnVybChodHRwOi8vaW1hZ2UucmFrdXRlbi5jby5qcC9hc3F1aXNzZS9jYWJpbmV0L2ltZ3JjMDA2NDcxOTYxMS5qcGcpIG5vLXJlcGVhdCAwIDAgIWltcG9ydGFudDvjgIAKCQkJICAgLyrihpHihpEyLuOBk+OBk+OBq+OBiuWlveOBv+OBruOBiuawl+OBq+WFpeOCiueUu+WDj+OCkuOCs+ODlOODmuKGkeKGkQoqLwoKY3Vyc29yOiBwb2ludGVyICFpbXBvcnRhbnQ7Cn0KCmRpdi5ib29rbWFya0FyZWEgZGl2LmJrbSB7CndpZHRoOiAzMThweCAhaW1wb3J0YW50OyAgLyoxLuOBk+OBk+OBq+eUu+WDj+OBruaoquW5heOCkuaMh+WumiovCmhlaWdodDogODNweCAhaW1wb3J0YW50OyAgLyoxLuOBk+OBk+OBq+eUu+WDj+OBrumrmOOBleOCkuaMh+WumiovCn0KZGl2LmJvb2ttYXJrQXJlYSBkaXYuYmttIGEuYWRkQmttIHNwYW4uYmttU3RhciB7CmRpc3BsYXk6IGlubGluZS1ibG9jayAhaW1wb3J0YW50OwoKd2lkdGg6IDMxOHB4ICFpbXBvcnRhbnQ7ICAgLyoxLuOBk+OBk+OBq+eUu+WDj+OBruaoquW5heOCkuaMh+WumiovCmhlaWdodDogODNweCAhaW1wb3J0YW50OyAgIC8qMS7jgZPjgZPjgavnlLvlg4/jga7pq5jjgZXjgpLmjIflrpoqLwoKCm1hcmdpbi1yaWdodDogMHB4ICFpbXBvcnRhbnQ7CmJhY2tncm91bmQ6CnVybChodHRwOi8vaW1hZ2UucmFrdXRlbi5jby5qcC9hc3F1aXNzZS9jYWJpbmV0L2ltZ3JjMDA2NDcxOTYxMS5qcGcpIG5vLXJlcGVhdCAwIDAgIWltcG9ydGFudDvjgIAvKuOBk+OBk+OBq+OBiuWlveOBv+OBruOBiuawl+OBq+WFpeOCiueUu+WDj+OCkuOCs+ODlOODmiovCgkJCSAgIC8q4oaR4oaRMi7jgZPjgZPjgavjgYrlpb3jgb/jga7jgYrmsJfjgavlhaXjgornlLvlg4/jgpLjgrPjg5Tjg5rihpHihpEKKi8KCmN1cnNvcjogcG9pbnRlciAhaW1wb3J0YW50Owp9CgoKCi8q44GK5rCX44Gr5YWl44KK5ZWG5ZOB44Oc44K/44Oz44K/44Kw44GT44GT44G+44GnKi8KLyrjgYrosrfjgYTnianjgYvjgZTjgr/jgrDjgZPjgZPjgYvjgokqLwoKaW5wdXRbdmFsdWU9Iuiyt+OBhOeJqeOBi+OBlOOBq+WFpeOCjOOCiyJdewoKCWZvbnQtc2l6ZToxNnB4OwoJZm9udC1mYW1pbHk6QXJpYWw7Cglmb250LXdlaWdodDpub3JtYWw7CgktbW96LWJvcmRlci1yYWRpdXM6OHB4OwoJLXdlYmtpdC1ib3JkZXItcmFkaXVzOjhweDsKCWJvcmRlci1yYWRpdXM6OHB4OwoJYm9yZGVyOjFweCBzb2xpZCAjZDgzNTI2OwoJcGFkZGluZzo5cHggMThweDsKCXRleHQtZGVjb3JhdGlvbjpub25lOwoKCWJhY2tncm91bmQ6LW1vei1saW5lYXItZ3JhZGllbnQoIGNlbnRlciB0b3AsICNmZTFhMDAgNSUsICNjZTAxMDAgMTAwJSApOwoJYmFja2dyb3VuZDotbXMtbGluZWFyLWdyYWRpZW50KCB0b3AsICNmZTFhMDAgNSUsICNjZTAxMDAgMTAwJSApOwogICAgICAgCWJhY2tncm91bmQ6LXdlYmtpdC1ncmFkaWVudCggbGluZWFyLCBsZWZ0IHRvcCwgbGVmdCBib3R0b20sIGNvbG9yLXN0b3AoNSUsICNmZTFhMDApLCBjb2xvci1zdG9wKDEwMCUsICNjZTAxMDApICk7CgoJY3Vyc29yOiBwb2ludGVyICFpbXBvcnRhbnQ7CgoJYmFja2dyb3VuZC1jb2xvcjojZmUxYTAwOwoJY29sb3I6I2ZmZmZmZjsKCWRpc3BsYXk6aW5saW5lLWJsb2NrOwoJdGV4dC1zaGFkb3c6MXB4IDFweCAwcHggI2IyM2UzNTsKIAlib3gtc2hhZG93Omluc2V0IDFweCAxcHggMHB4IDBweCAjZjI5YzkzOyB9CgovKuOBiuiyt+OBhOeJqeOBi+OBlOOCv+OCsOOBk+OBk+OBvuOBpyovCgo8IS0tCi5zdHlsZTEge2ZvbnQtc2l6ZTogMTBweH0KLnN0eWxlMiB7Y29sb3I6ICNGRjAwMDB9Ci5zdHlsZTQge2NvbG9yOiAjMDAwMEZGfQotLT4KPC9zdHlsZT4KPGltZyBzcmM9Imh0dHA6Ly9pbWFnZS5yYWt1dGVuLmNvLmpwL2FzcXVpc3NlL2NhYmluZXQvaW1nNTg5MTEwODMuanBnIi8+Cjx0YWJsZSB3aWR0aD0iNjExIiBib3JkZXI9IjAiPgoKICA8dHI+CiAgICA8dGQgd2lkdGg9IjI5NCIgcm93c3Bhbj0iMiI+PHAgY2xhc3M9InN0eWxlMSI+4pag5Za25qWt5pmC6ZaT5bivPGJyPgoJ44ON44OD44OI44Gn44Gu44GU5rOo5paH44Gv44CBPHNwYW4gY2xhc3M9InN0eWxlMiI+MjTmmYLplpM8L3NwYW4+5Y+X44GR5LuY44GR44Gm44GK44KK44G+44GZ44CCPGJyPjxicj4KCuOBiumbu+ipseOBp+OBruOBiuWVj+WQiOOBm+OBr+S4i+iomOOBruaZgumWk+W4r+OBq+OBiumhmOOBhOOBl+OBvuOBmeOAggo8YnI+CgoKPHNwYW4gY2xhc3M9InN0eWxlMiI+MTE6MDDvvZ4yMDowMDwvc3Bhbj4g44CAIDxzcGFuIGNsYXNzPSJzdHlsZTIiPuKAu+eBq+abnOaXpeOBr+OBiuS8keOBvzwvc3Bhbj7jgpLjgYTjgZ/jgaDjgYTjgabjgYrjgorjgb7jgZnjgII8YnI+Cjxicj4KCuKWoOmAgeaWmTxicj4K5YWo5Zu95LiA5b6L5paZ6YeR77yaPHNwYW4gY2xhc3M9InN0eWxlMiI+NTgw5YaGPC9zcGFuPjxicj4KKOWMl+a1t+mBk+OAgeaylue4hOOAgembouWztuODu+S4gOmDqOWcsOWfn+OBr+i/veWKoOmAgeaWmeeZuueUn+OBl+OBvuOBmeOAgik8YnI+Cjxicj4K4pag5a6F6YWN5L6/PGJyPgrjg6Tjg57jg4jpgYvovLjjgIDopb/mv4PpgYvovLjjgIDkvZDlt53mgKXkvr/jgIDjgobjgYbjg5Hjg4Pjgq88YnI+Cjxicj4K4pag5ZWG5ZOB55m66YCB44Gu44K/44Kk44Of44Oz44KwPGJyPgrnibnjgavjgZTmjIflrprjgYzjgarjgYTloLTlkIjjgIE8YnI+CualveWkqeODkOODs+OCr+axuua4iOOAgemKgOihjOaMr+i+vOKHkuOBlOWFpemHkeeiuuiqjeW+jOOAgTxzcGFuIGNsYXNzPSJzdHlsZTIiPjfllrbmpa3ml6Xku6XlhoU8L3NwYW4+44Gr55m66YCB6Ie044GX44G+44GZ44CCPGJyPgrjgq/jg6zjgrjjg4Pjg4jjgIHku6Pph5HlvJXmj5vjgIDih5LjgZTms6jmlofnorroqo3lvozjgIE8c3BhbiBjbGFzcz0ic3R5bGUyIj435Za25qWt5pel5Lul5YaFPC9zcGFuPuOBq+eZuumAgeiHtOOBl+OBvuOBmeOAgiAKPGJyPgo8YnI+CuKWoOi/lOWTgeODu+S6pOaPm+OBq+OBpOOBhOOBpjxicj4K5ZWG5ZOB44Gu44Kr44Op44O844Gr6Zai44GX44G+44GX44Gm44Gv6Zay6Kan55Kw5aKD44Gr44KI44Gj44Gm6Iul5bmy6YGV44Gj44Gm6KaL44GI44KL5aC05ZCI44GM44GU44GW44GE44G+44GZ5LqI44KB44GU5LqG5om/5LiL44GV44GE44CCPGJyPgrjg6Hjg7zjgqvjg7zjgYzliJ3mnJ/kuI3oia/jgajoqo3lrprjgZfjgabjgYTjgarjgYTllYblk4HjgIHjgIzjgqTjg6Hjg7zjgrjjgajpgZXjgYbjgI3nrYnjga7ov5Tlk4Hjg7vkuqTmj5vjga/jgYrlj5fjgZHjgafjgY3jgb7jgZvjgpPjga7jgafjgZTkuobmib/jgY/jgaDjgZXjgYTjgII8YnI+CuS6i+WJjeOBruOBlOmAo+e1oeOBruOBquOBhOi/lOWTgeOBq+mWouOBl+OBvuOBl+OBpuOBr+OBiuWPl+OBkeOBp+OBjeOBvuOBm+OCkzxicj4K77yI552A5omV44GE562J44Gn44Gu6L+U5ZOB77yJ44GU5LqG5om/44GP44Gg44GV44GE44CCPGJyPgo8YnI+CuKWoOS4jeiJr+WTgeOBq+OBpOOBhOOBpjxicj4K5ZWG5ZOB44GM56C05pCN44O75rGa5pCN44GX44Gm44GE44Gf5aC05ZCI44Gv6YWN6YGU5b6M5LiA6YCx6ZaT5Lul5YaF44Gr44Oh44O844Or44GL6Zu76Kmx44Gn44GU6YCj57Wh44GP44Gg44GV44GE44CCCuOBmeOBkOOBq+S6pOaPm+OBruWTgeOBvuOBn+OBr+i/lOWTgeOCkuaJv+OCiuOBvuOBmeOAgjxicj4K4oC744GT44Gu5aC05ZCI44Gv6YCB5paZ44CB5omL5pWw5paZ44Gv5b2T5bqX44GM6LKg5ouF44GE44Gf44GX44G+44GZ44CCCiAgPC90ZD4KICAgIDx0ZCB3aWR0aD0iMzA3IiBoZWlnaHQ9IjYyIiB2YWxpZ249InRvcCI+PHNwYW4gY2xhc3M9InN0eWxlMSI+4pag44GK5pSv5omV44GE5pa55rOV44Gr44Gk44GE44GmPGJyPgogICAg44GK5pSv5omV44GE44Gv5qW95aSp44OQ44Oz44Kv44CB6YqA6KGM5oyv44KK6L6844G/44CB5Luj6YeR5byV5o+b44CB44Kv44Os44K444OD44OI44GM44GU5Yip55So44GE44Gf44Gg44GR44G+44GZ44CCPGJyIC8+CiAgICA8YnI+CiAgICA8c3BhbiBjbGFzcz0ic3R5bGU0Ij7igLvjgq/jg6zjgrjjg4Pjg4jjgqvjg7zjg4njga7jgrvjgq3jg6Xjg6rjg4bjgqPjga9TU0zjgajjgYTjgYbjgrfjgrnjg4bjg6DjgpLliKnnlKjjgZfjgabjgYrjgorjgb7jgZnjgIIg44Kr44O844OJ55Wq5Y+344Gv5pqX5Y+35YyW44GV44KM44Gm5a6J5YWo44Gr6YCB5L+h44GV44KM44G+44GZ44Gu44Gn44CB44Gp44GG44Ge44GU5a6J5b+D44GP44Gg44GV44GE44CCPGJyIC8+CiAgICA8aW1nIHNyYz0iaHR0cDovL2ltYWdlLnJha3V0ZW4uY28uanAvX3N1cHBvcnQtb3MvY2FiaW5ldC92aXNhLmdpZiIgLz4gPGltZyBzcmM9Imh0dHA6Ly9pbWFnZS5yYWt1dGVuLmNvLmpwL19zdXBwb3J0LW9zL2NhYmluZXQvbWFzdGVyY2FyZC5naWYiIC8+IDxpbWcgc3JjPSJodHRwOi8vaW1hZ2UucmFrdXRlbi5jby5qcC9fc3VwcG9ydC1vcy9jYWJpbmV0L2pjYi5naWYiIC8+IDxpbWcgc3JjPSJodHRwOi8vaW1hZ2UucmFrdXRlbi5jby5qcC9fc3VwcG9ydC1vcy9jYWJpbmV0L2RpbmVycy5naWYiIC8+IDxpbWcgc3JjPSJodHRwOi8vaW1hZ2UucmFrdXRlbi5jby5qcC9fc3VwcG9ydC1vcy9jYWJpbmV0L2FtZXguZ2lmIiAvPiA8aW1nIHNyYz0iaHR0cDovL2ltYWdlLnJha3V0ZW4uY28uanAvX3N1cHBvcnQtb3MvY2FiaW5ldC9naW5rb3UuZ2lmIiB3aWR0aD0iMzYiIGhlaWdodD0iMzYiIC8+IDxpbWcgc3JjPSJodHRwOi8vaW1hZ2UucmFrdXRlbi5jby5qcC9fc3VwcG9ydC1vcy9jYWJpbmV0L2RhaWJpa2kuZ2lmIiB3aWR0aD0iMzYiIGhlaWdodD0iMzYiIC8+PC9zcGFuPjwvc3Bhbj48L3RkPgogIDwvdHI+CiAgCiAgPHRyPgogICAgPHRkIHZhbGlnbj0idG9wIj48c3BhbiBjbGFzcz0ic3R5bGUxIj7ilqDmpb3lpKnjg5Djg7Pjgq/msbrmuIg8YnI+CualveWkqeODkOODs+OCr+axuua4iOaJi+aVsOaWmSjnqI7ovrwpPGJyPgox5YaG772eMjksOTk55YaG44CA44CAPHNwYW4gY2xhc3M9InN0eWxlMiI+MTU15YaGPC9zcGFuPjxicj4KMzAsMDAw5YaG772e44CA44CA44CA44CAPHNwYW4gY2xhc3M9InN0eWxlMiI+MjU35YaGPC9zcGFuPjxicj48YnI+CgrilqDku6Pph5HlvJXmj5sgPGJyPgrku6PlvJXmiYvmlbDmlpnmlpnvvJrlhajlm73kuIDlvovmlpnph5HvvJogPHNwYW4gY2xhc3M9InN0eWxlMiI+MzI05YaGPC9zcGFuPjxicj4KPGJyPgrilqDpioDooYzmjK/ovrw8YnI+CuOBlOWFpemHkeeiuuiqjeW+jOOBq+eZuumAgeOBhOOBn+OBl+OBvuOBmeOAgjxicj4K5oyv6L685omL5pWw5paZ44Gv44GK5a6i5qeY6LKg5ouF44Gn44GK6aGY44GE6Ie044GX44G+44GZ44CCPGJyPgo8YnI+CuOAkOaMr+i+vOWFiOOAkSDmpb3lpKnpioDooYzvvIjjg6njgq/jg4bjg7Pjgq7jg7PjgrPjgqbvvInmpb3lpKnluILloLTmlK/lupfvvIjjg6njgq/jg4bjg7PjgqTjg4Hjg5Djgrfjg4bjg7PvvIkg5pmu6YCaIDEwNDcwNzAg44Op44Kv44OG44Oz77yI77yh77yz77yx77y177yp77yz77yz77ylIAo8YnI+4oC744GT44Gu5Y+j5bqn44Gu5qip5Yip44Gv5qW95aSp5qCq5byP5Lya56S+44GM5L+d5pyJ44GX44Gm44GE44G+44GZ44CCIDxicj4KPGJyPgo8c3BhbiBjbGFzcz0ic3R5bGU0Ij7igLvjg53jgqTjg7Pjg4jjgpLjgZTliKnnlKjjga7loLTlkIjnrYnjgIHmpb3lpKnjgYvjgonoh6rli5XjgafphY3kv6HjgZXjgozjgovnorroqo3jg6Hjg7zjg6vjga7ph5HpoY3jgajjgYrmjK/ovrzjgb/mmYLjga7ph5HpoY3jgYznlbDjgarjgovloLTlkIjjgYzjgZTjgZbjgYTjgb7jgZnjgIIK44Gu44Gh44G744Gp5b2T5bqX44GL44KJ44GK6YCB44KK44GZ44KL44Oh44O844Or44Gr6KiY6LyJ44Gu6YeR6aGN44KS44GK5oyv6L6844G/44GP44Gg44GV44GE44CCPC9zcGFuPjwvc3Bhbj48L3RkPgogIDwvdHI+CiAgPHRyPgogICAgPHRkIGNvbHNwYW49IjIiPiZuYnNwOzwvdGQ+CiAgPC90cj4KPC90YWJsZT4=,am91cm5hbCBzdGFuZGFyZCBGdXJuaXR1cmUg44K444Oj44O844OK44Or44K544K/44Oz44OA44O844OJ44OV44Kh44OL44OB44Oj44O8IERFUlVTU1kgU09GQSDjg4fjg63jgrfjg7zjgr3jg5XjgqEg5a625YW3IDLkurrmjpvjgZEg44Kz44Oz44OR44Kv44OIIOOCveODleOCoSDjgqvjg7zjgq0g44CQ6YCB5paZ54Sh5paZ44CR44Ki44Kk44Ki44OzIOOBiuOBl+OCg+OCjCDjgqTjg7Pjg4Djgrnjg4jjg6rjgqLjg6sg44Ki44Oz44OG44Kj44O844KvIOODtOOCo+ODs+ODhuODvOOCuCDnlLfliY0g44OW44Or44OD44Kv44Oq44OzIOOCq+ODquODleOCqeODq+ODi+OCou+8mmFzcXVpc3Nl,am91cm5hbCBzdGFuZGFyZCBGdXJuaXR1cmUg44K444Oj44O844OK44Or44K544K/44Oz44OA44O844OJ44OV44Kh44OL44OB44Oj44O8IERFUlVTU1kgU09GQSDjg4fjg63jgrfjg7zjgr3jg5XjgqEg5a625YW3IDLkurrmjpvjgZEg44Kz44Oz44OR44Kv44OIIOOCveODleOCoSDjgqvjg7zjgq0g44CQ6YCB5paZ54Sh5paZ44CR44Ki44Kk44Ki44OzIOOBiuOBl+OCg+OCjCDjgqTjg7Pjg4Djgrnjg4jjg6rjgqLjg6sg44Ki44Oz44OG44Kj44O844KvIOODtOOCo+ODs+ODhuODvOOCuCDnlLfliY0g44OW44Or44OD44Kv44Oq44OzIOOCq+ODquODleOCqeODq+ODi+OCog==,am91cm5hbCBzdGFuZGFyZCBGdXJuaXR1cmXjga7jg5/jg6rjgr/jg6rjg7zjgaoxLjXkurrmjpvjgZHjgr3jg5XjgqHjgIJqb3VybmFsIHN0YW5kYXJkIEZ1cm5pdHVyZSDjgrjjg6Pjg7zjg4rjg6vjgrnjgr/jg7Pjg4Djg7zjg4njg5XjgqHjg4vjg4Hjg6Pjg7wgREVSVVNTWSBTT0ZBIOODh+ODreOCt+ODvOOCveODleOCoSDlrrblhbcgMuS6uuaOm+OBkSDjgrPjg7Pjg5Hjgq/jg4gg44K944OV44KhIOOCq+ODvOOCrSDjgJDpgIHmlpnnhKHmlpnjgJHjgqLjgqTjgqLjg7Mg44GK44GX44KD44KMIOOCpOODs+ODgOOCueODiOODquOCouODqyDjgqLjg7Pjg4bjgqPjg7zjgq8g44O044Kj44Oz44OG44O844K4IOeUt+WJjSDjg5bjg6vjg4Pjgq/jg6rjg7Mg44Kr44Oq44OV44Kp44Or44OL44Ki[rn]
37-51629,aHR0cDovL3RzaG9wLnIxMHMuanAvZ29sZC9hc3F1aXNzZS9henVtYXlhL3RhYzIxMl9nbi8wdGFjMjEyX2duLmpwZz9maXRpbj03MDA6NzAw,Mjc4MjAuODAwMA==,,44Kk44Oz44OG44Oq44Ki44O75a+d5YW344O75Y+O57SNID4g44K944OV44Kh44O744K944OV44Kh44OZ44OD44OJID4gMuS6uuaOm+OBkeOCveODleOCoSA+IOW4g+WcsA==,44OI44Og44OG44K944OV44KhIDLkurrmjpvjgZHjgr3jg5XjgqEg44K944OV44Kh44O8IOS6jOS6uuaOm+OBkSDjgrDjg6rjg7zjg7Mg57eRIOiMtuiJsiDmnKjoo70g44Km44OD44OJIOOBiuOBl+OCg+OCjCDljJfmrKcg44Os44OI44OtIOOCouODs+ODhuOCo+ODvOOCryDjg4rjg4Hjg6Xjg6njg6sg44Kr44K444Ol44Ki44OrIOS6jOS6uuaaruOCieOBlyDkuIDkurrmmq7jgonjgZcg44Kk44Oz44OG44Oq44KiIOWutuWFtyDjgYvjgo/jgYTjgYQg44CQ6YCB5paZ54Sh5paZ44CR,6JC944Gh552A44GE44Gf6Imy5ZCI44GE44Gu44Km44OD44OJ44OV44Os44O844Og44GM44GK44GX44KD44KM44GqMuS6uuaOm+OBkeOCveODleOCoQ==,PGltZyBzcmM9Imh0dHA6Ly93d3cucmFrdXRlbi5uZS5qcC9nb2xkL2FzcXVpc3NlL2F6dW1heWEvdGFjMjEyX2duLzB0YWMyMTJfZ24uanBnIi8+CjxwPgrjgIDokL3jgaHnnYDjgYTjgZ/oibLlkIjjgYTjga7jgqbjg4Pjg4njg5Xjg6zjg7zjg6DjgYzjgYrjgZfjgoPjgozjgaoy5Lq65o6b44GR44K944OV44KhPGJyPjxicj4K44CA44Oi44Kx44OD44OI44Go44Km44OD44OJ6ISa44GM44GC44Gf44Gf44GL44G/44GM44GC44KK44CB5YSq44GX44GE6Zuw5Zuy5rCX44Gn44GZPC9wPgo8cD7jgIDjg5zjgr/jg7Pjga7jgqLjgq/jgrvjg7Pjg4jjgYzku5jjgYTjgZ/og4zjgoLjgZ/jgozjga/jg6zjg4jjg63jgarpm7Dlm7LmsJfjgafjg4rjg4Hjg6Xjg6njg6vjgqTjg7Pjg4bjg6rjgqLjgoTljJfmrKfjg4bjgqTjgrnjg4jjgarjganjga48YnI+CuOAgOOBiumDqOWxi+OBq+OBiuOBmeOBmeOCgeOBp+OBmTwvcD4KPHA+44CA6ISa44GM44Gk44GE44Gm44GE44KL44GT44Go44Gn6YeN6Ium44GX44GP44Gq44KJ44Ga44CB44OQ44Op44Oz44K544Gu44Go44KM44Gf5Y+W44KK5YWl44KM44KE44GZ44GE44OH44K244Kk44Oz44Gn44GZPC9wPgo8aW1nIHNyYz0iaHR0cDovL3d3dy5yYWt1dGVuLm5lLmpwL2dvbGQvYXNxdWlzc2UvYXp1bWF5YS90YWMyMTJfZ24vMXRhYzIxMl9nbi5qcGciLz4KPGJyPjxicj4KPGltZyBzcmM9Imh0dHA6Ly9pbWFnZS5yYWt1dGVuLmNvLmpwL2FzcXVpc3NlL2NhYmluZXQvMDMwNjA4NzMvMDMwOTMyNzEvaW1nNjAzMDMwNDEuanBnIi8+Cjxicj48YnI+CgoKPHN0eWxlIHR5cGU9InRleHQvY3NzIj4KPCEtLQouc3R5bGUzIHtjb2xvcjogIzMzMzMzMzsgZm9udC1zaXplOiAxMnB4OyB9Ci0tPgo8L3N0eWxlPgoKPHRhYmxlIHdpZHRoPSI2MDAiIGhlaWdodD0iNDAwIiBib3JkZXI9IjEiIGNlbGxzcGFjaW5nPSIwIiBib3JkZXJjb2xvcj0iI0UxRTFFMSI+Cjx0cj4KICAgIDx0ZCB3aWR0aD0iMTA0IiBiZ2NvbG9yPSIjRjNGM0YzIj48c3BhbiBjbGFzcz0ic3R5bGUzIj7jgIAK54m55b60PC9zcGFuPjwvdGQ+CiAgICA8dGQgd2lkdGg9IjQ4NiI+PHNwYW4gY2xhc3M9InN0eWxlMyI+CuOAgOiQveOBoeedgOOBhOOBn+iJsuWQiOOBhOOBruOCpuODg+ODieODleODrOODvOODoOOBjOOBiuOBl+OCg+OCjOOBqjLkurrmjpvjgZHjgr3jg5XjgqE8YnI+CuOAgOODouOCseODg+ODiOOBqOOCpuODg+ODieiEmuOBjOOBguOBn+OBn+OBi+OBv+OBjOOBguOCiuOAgeWEquOBl+OBhOmbsOWbsuawl+OBp+OBmTxicj4K44CA44Oc44K/44Oz44Gu44Ki44Kv44K744Oz44OI44GM5LuY44GE44Gf6IOM44KC44Gf44KM44Gv44Os44OI44Ot44Gq6Zuw5Zuy5rCX44Gn44GZPGJyPgrjgIDohJrjgYzjgaTjgYTjgabjgYTjgovjgZPjgajjgafph43oi6bjgZfjgY/jgarjgonjgZrjgIHjg5Djg6njg7Pjgrnjga7jgajjgozjgZ/lj5bjgorlhaXjgozjgoTjgZnjgYTjg4fjgrbjgqTjg7PjgafjgZk8L3NwYW4+PC90ZD4KICA8L3RyPgo8dHI+CiAgICA8dGQgd2lkdGg9IjEwNCIgYmdjb2xvcj0iI0YzRjNGMyI+PHNwYW4gY2xhc3M9InN0eWxlMyI+44CACuOCteOCpOOCujwvc3Bhbj48L3RkPgogICAgPHRkIHdpZHRoPSI0ODYiPjxzcGFuIGNsYXNzPSJzdHlsZTMiPgrjgIBXMTE1MMOXRDcwMMOXSDY5MChTSDM3MCkgbW08L3NwYW4+PC90ZD4KICA8L3RyPgo8dHI+CiAgICA8dGQgYmdjb2xvcj0iI0YzRjNGMyI+PHNwYW4gY2xhc3M9InN0eWxlMyI+44CA5p2Q6LOqPC9zcGFuPjwvdGQ+CiAgICA8dGQ+PHNwYW4gY2xhc3M9InN0eWxlMyI+44CA5pyo44OV44Os44O844OgIOOCpuOCp+ODvOODk+ODs+OCsOODmeODq+ODiOOAgOODneODquOCqOOCueODhuODqyjjg6LjgrHjg4Pjg4gp44CA5aSp54S25pyoKOODqeODkOODvOOCpuODg+ODiSnjgIDjg6njg4Pjgqvjg7zloZfoo4U8L3NwYW4+PC90ZD4KICA8L3RyPgo8dHI+CiAgICA8dGQgYmdjb2xvcj0iI0YzRjNGMyI+PHNwYW4gY2xhc3M9InN0eWxlMyI+44CA5YKZ6ICDPC9zcGFuPjwvdGQ+CiAgICA8dGQ+PHNwYW4gY2xhc3M9InN0eWxlMyI+CuOAgOeOhOmWoua4oeOBl+WVhuWTgSjlroXphY3kvr/jgafjga7jgYrlsYrjgZEpIDxicj4K44CA57WE56uL5ZOBPC9zcGFuPjwvdGQ+CiAgPC90cj4KICAgICAgPHRyPgogICAgPHRkIGJnY29sb3I9IiNGM0YzRjMiPjxzcGFuIGNsYXNzPSJzdHlsZTMiPuOAgOe0jeacnzwvc3Bhbj48L3RkPgogICAgPHRkPjxzcGFuIGNsYXNzPSJzdHlsZTMiPuOAgOOBiuWPluOCiuWvhOOBm+WVhuWTgeOBq+OBquOCiuOBvuOBmeOAgumAmuW4uDfml6XjgYvjgokxMOaXpeeoi+W6pjwvc3Bhbj48L3RkPgogIDwvdHI+CgoKCgoKIDwvdGFibGU+CgoKPGltZyBzcmM9Imh0dHA6Ly93d3cucmFrdXRlbi5uZS5qcC9nb2xkL2FzcXVpc3NlL2F6dW1heWEvdGFjMjEyLzB0YWMyMTIuanBnIndpZHRoPSIzMDAiaGVpZ2h0PSIzMDAiYm9yZGVyPSIwIj4KCjxicj4K44OR44K/44O844Oz6YGV44GE44Gv44GT44Gh44KJPGJyPjxzdHlsZSB0eXBlPSJ0ZXh0L2NzcyI+Ci8q44GK5rCX44Gr5YWl44KK5ZWG5ZOB44Oc44K/44Oz44Gu44K/44Kw44GT44GT44GL44KJKi8KZGl2LmJvb2ttYXJrQXJlYSBkaXYuYmttIHsKd2lkdGg6IDMxOHB4ICFpbXBvcnRhbnQ7ICAvKjEu44GT44GT44Gr55S75YOP44Gu5qiq5bmF44KS5oyH5a6aKi8KaGVpZ2h0OiA4M3B4ICFpbXBvcnRhbnQ7ICAvKjEu44GT44GT44Gr55S75YOP44Gu6auY44GV44KS5oyH5a6aKi8KfQpkaXYuYm9va21hcmtBcmVhIGRpdi5ia20gYS5hZGRCa20gc3Bhbi5ia21TdGFyIHsKZGlzcGxheTogaW5saW5lLWJsb2NrICFpbXBvcnRhbnQ7Cgp3aWR0aDogMzE4cHggIWltcG9ydGFudDsgICAvKjEu44GT44GT44Gr55S75YOP44Gu5qiq5bmF44KS5oyH5a6aKi8KaGVpZ2h0OiA4M3B4ICFpbXBvcnRhbnQ7ICAgLyoxLuOBk+OBk+OBq+eUu+WDj+OBrumrmOOBleOCkuaMh+WumiovCgoKbWFyZ2luLXJpZ2h0OiAwcHggIWltcG9ydGFudDsKYmFja2dyb3VuZDoKdXJsKGh0dHA6Ly9pbWFnZS5yYWt1dGVuLmNvLmpwL2FzcXVpc3NlL2NhYmluZXQvaW1ncmMwMDY0NzE5NjExLmpwZykgbm8tcmVwZWF0IDAgMCAhaW1wb3J0YW50O+OAgAoJCQkgICAvKuKGkeKGkTIu44GT44GT44Gr44GK5aW944G/44Gu44GK5rCX44Gr5YWl44KK55S75YOP44KS44Kz44OU44Oa4oaR4oaRCiovCgpjdXJzb3I6IHBvaW50ZXIgIWltcG9ydGFudDsKfQoKZGl2LmJvb2ttYXJrQXJlYSBkaXYuYmttIHsKd2lkdGg6IDMxOHB4ICFpbXBvcnRhbnQ7ICAvKjEu44GT44GT44Gr55S75YOP44Gu5qiq5bmF44KS5oyH5a6aKi8KaGVpZ2h0OiA4M3B4ICFpbXBvcnRhbnQ7ICAvKjEu44GT44GT44Gr55S75YOP44Gu6auY44GV44KS5oyH5a6aKi8KfQpkaXYuYm9va21hcmtBcmVhIGRpdi5ia20gYS5hZGRCa20gc3Bhbi5ia21TdGFyIHsKZGlzcGxheTogaW5saW5lLWJsb2NrICFpbXBvcnRhbnQ7Cgp3aWR0aDogMzE4cHggIWltcG9ydGFudDsgICAvKjEu44GT44GT44Gr55S75YOP44Gu5qiq5bmF44KS5oyH5a6aKi8KaGVpZ2h0OiA4M3B4ICFpbXBvcnRhbnQ7ICAgLyoxLuOBk+OBk+OBq+eUu+WDj+OBrumrmOOBleOCkuaMh+WumiovCgoKbWFyZ2luLXJpZ2h0OiAwcHggIWltcG9ydGFudDsKYmFja2dyb3VuZDoKdXJsKGh0dHA6Ly9pbWFnZS5yYWt1dGVuLmNvLmpwL2FzcXVpc3NlL2NhYmluZXQvaW1ncmMwMDY0NzE5NjExLmpwZykgbm8tcmVwZWF0IDAgMCAhaW1wb3J0YW50O+OAgC8q44GT44GT44Gr44GK5aW944G/44Gu44GK5rCX44Gr5YWl44KK55S75YOP44KS44Kz44OU44OaKi8KCQkJICAgLyrihpHihpEyLuOBk+OBk+OBq+OBiuWlveOBv+OBruOBiuawl+OBq+WFpeOCiueUu+WDj+OCkuOCs+ODlOODmuKGkeKGkQoqLwoKY3Vyc29yOiBwb2ludGVyICFpbXBvcnRhbnQ7Cn0KCgoKLyrjgYrmsJfjgavlhaXjgorllYblk4Hjg5zjgr/jg7Pjgr/jgrDjgZPjgZPjgb7jgacqLwovKuOBiuiyt+OBhOeJqeOBi+OBlOOCv+OCsOOBk+OBk+OBi+OCiSovCgppbnB1dFt2YWx1ZT0i6LK344GE54mp44GL44GU44Gr5YWl44KM44KLIl17CgoJZm9udC1zaXplOjE2cHg7Cglmb250LWZhbWlseTpBcmlhbDsKCWZvbnQtd2VpZ2h0Om5vcm1hbDsKCS1tb3otYm9yZGVyLXJhZGl1czo4cHg7Cgktd2Via2l0LWJvcmRlci1yYWRpdXM6OHB4OwoJYm9yZGVyLXJhZGl1czo4cHg7Cglib3JkZXI6MXB4IHNvbGlkICNkODM1MjY7CglwYWRkaW5nOjlweCAxOHB4OwoJdGV4dC1kZWNvcmF0aW9uOm5vbmU7CgoJYmFja2dyb3VuZDotbW96LWxpbmVhci1ncmFkaWVudCggY2VudGVyIHRvcCwgI2ZlMWEwMCA1JSwgI2NlMDEwMCAxMDAlICk7CgliYWNrZ3JvdW5kOi1tcy1saW5lYXItZ3JhZGllbnQoIHRvcCwgI2ZlMWEwMCA1JSwgI2NlMDEwMCAxMDAlICk7CiAgICAgICAJYmFja2dyb3VuZDotd2Via2l0LWdyYWRpZW50KCBsaW5lYXIsIGxlZnQgdG9wLCBsZWZ0IGJvdHRvbSwgY29sb3Itc3RvcCg1JSwgI2ZlMWEwMCksIGNvbG9yLXN0b3AoMTAwJSwgI2NlMDEwMCkgKTsKCgljdXJzb3I6IHBvaW50ZXIgIWltcG9ydGFudDsKCgliYWNrZ3JvdW5kLWNvbG9yOiNmZTFhMDA7Cgljb2xvcjojZmZmZmZmOwoJZGlzcGxheTppbmxpbmUtYmxvY2s7Cgl0ZXh0LXNoYWRvdzoxcHggMXB4IDBweCAjYjIzZTM1OwogCWJveC1zaGFkb3c6aW5zZXQgMXB4IDFweCAwcHggMHB4ICNmMjljOTM7IH0KCi8q44GK6LK344GE54mp44GL44GU44K/44Kw44GT44GT44G+44GnKi8KCjwhLS0KLnN0eWxlMSB7Zm9udC1zaXplOiAxMHB4fQouc3R5bGUyIHtjb2xvcjogI0ZGMDAwMH0KLnN0eWxlNCB7Y29sb3I6ICMwMDAwRkZ9Ci0tPgo8L3N0eWxlPgo8aW1nIHNyYz0iaHR0cDovL2ltYWdlLnJha3V0ZW4uY28uanAvYXNxdWlzc2UvY2FiaW5ldC9pbWc1ODkxMTA4My5qcGciLz4KPHRhYmxlIHdpZHRoPSI2MTEiIGJvcmRlcj0iMCI+CgogIDx0cj4KICAgIDx0ZCB3aWR0aD0iMjk0IiByb3dzcGFuPSIyIj48cCBjbGFzcz0ic3R5bGUxIj7ilqDllrbmpa3mmYLplpPluK88YnI+Cgnjg43jg4Pjg4jjgafjga7jgZTms6jmlofjga/jgIE8c3BhbiBjbGFzcz0ic3R5bGUyIj4yNOaZgumWkzwvc3Bhbj7lj5fjgZHku5jjgZHjgabjgYrjgorjgb7jgZnjgII8YnI+PGJyPgoK44GK6Zu76Kmx44Gn44Gu44GK5ZWP5ZCI44Gb44Gv5LiL6KiY44Gu5pmC6ZaT5biv44Gr44GK6aGY44GE44GX44G+44GZ44CCCjxicj4KCgo8c3BhbiBjbGFzcz0ic3R5bGUyIj4xMTowMO+9njIwOjAwPC9zcGFuPiDjgIAgPHNwYW4gY2xhc3M9InN0eWxlMiI+4oC754Gr5puc5pel44Gv44GK5LyR44G/PC9zcGFuPuOCkuOBhOOBn+OBoOOBhOOBpuOBiuOCiuOBvuOBmeOAgjxicj4KPGJyPgoK4pag6YCB5paZPGJyPgrlhajlm73kuIDlvovmlpnph5HvvJo8c3BhbiBjbGFzcz0ic3R5bGUyIj41ODDlhoY8L3NwYW4+PGJyPgoo5YyX5rW36YGT44CB5rKW57iE44CB6Zui5bO244O75LiA6YOo5Zyw5Z+f44Gv6L+95Yqg6YCB5paZ55m655Sf44GX44G+44GZ44CCKTxicj4KPGJyPgrilqDlroXphY3kvr88YnI+CuODpOODnuODiOmBi+i8uOOAgOilv+a/g+mBi+i8uOOAgOS9kOW3neaApeS+v+OAgOOChuOBhuODkeODg+OCrzxicj4KPGJyPgrilqDllYblk4HnmbrpgIHjga7jgr/jgqTjg5/jg7PjgrA8YnI+CueJueOBq+OBlOaMh+WumuOBjOOBquOBhOWgtOWQiOOAgTxicj4K5qW95aSp44OQ44Oz44Kv5rG65riI44CB6YqA6KGM5oyv6L684oeS44GU5YWl6YeR56K66KqN5b6M44CBPHNwYW4gY2xhc3M9InN0eWxlMiI+N+WWtualreaXpeS7peWGhTwvc3Bhbj7jgavnmbrpgIHoh7TjgZfjgb7jgZnjgII8YnI+CuOCr+ODrOOCuOODg+ODiOOAgeS7o+mHkeW8leaPm+OAgOKHkuOBlOazqOaWh+eiuuiqjeW+jOOAgTxzcGFuIGNsYXNzPSJzdHlsZTIiPjfllrbmpa3ml6Xku6XlhoU8L3NwYW4+44Gr55m66YCB6Ie044GX44G+44GZ44CCIAo8YnI+Cjxicj4K4pag6L+U5ZOB44O75Lqk5o+b44Gr44Gk44GE44GmPGJyPgrllYblk4Hjga7jgqvjg6njg7zjgavplqLjgZfjgb7jgZfjgabjga/plrLopqfnkrDlooPjgavjgojjgaPjgaboi6XlubLpgZXjgaPjgabopovjgYjjgovloLTlkIjjgYzjgZTjgZbjgYTjgb7jgZnkuojjgoHjgZTkuobmib/kuIvjgZXjgYTjgII8YnI+CuODoeODvOOCq+ODvOOBjOWIneacn+S4jeiJr+OBqOiqjeWumuOBl+OBpuOBhOOBquOBhOWVhuWTgeOAgeOAjOOCpOODoeODvOOCuOOBqOmBleOBhuOAjeetieOBrui/lOWTgeODu+S6pOaPm+OBr+OBiuWPl+OBkeOBp+OBjeOBvuOBm+OCk+OBruOBp+OBlOS6huaJv+OBj+OBoOOBleOBhOOAgjxicj4K5LqL5YmN44Gu44GU6YCj57Wh44Gu44Gq44GE6L+U5ZOB44Gr6Zai44GX44G+44GX44Gm44Gv44GK5Y+X44GR44Gn44GN44G+44Gb44KTPGJyPgrvvIjnnYDmiZXjgYTnrYnjgafjga7ov5Tlk4HvvInjgZTkuobmib/jgY/jgaDjgZXjgYTjgII8YnI+Cjxicj4K4pag5LiN6Imv5ZOB44Gr44Gk44GE44GmPGJyPgrllYblk4HjgYznoLTmkI3jg7vmsZrmkI3jgZfjgabjgYTjgZ/loLTlkIjjga/phY3pgZTlvozkuIDpgLHplpPku6XlhoXjgavjg6Hjg7zjg6vjgYvpm7voqbHjgafjgZTpgKPntaHjgY/jgaDjgZXjgYTjgIIK44GZ44GQ44Gr5Lqk5o+b44Gu5ZOB44G+44Gf44Gv6L+U5ZOB44KS5om/44KK44G+44GZ44CCPGJyPgrigLvjgZPjga7loLTlkIjjga/pgIHmlpnjgIHmiYvmlbDmlpnjga/lvZPlupfjgYzosqDmi4XjgYTjgZ/jgZfjgb7jgZnjgIIKICA8L3RkPgogICAgPHRkIHdpZHRoPSIzMDciIGhlaWdodD0iNjIiIHZhbGlnbj0idG9wIj48c3BhbiBjbGFzcz0ic3R5bGUxIj7ilqDjgYrmlK/miZXjgYTmlrnms5XjgavjgaTjgYTjgaY8YnI+CiAgICDjgYrmlK/miZXjgYTjga/mpb3lpKnjg5Djg7Pjgq/jgIHpioDooYzmjK/jgorovrzjgb/jgIHku6Pph5HlvJXmj5vjgIHjgq/jg6zjgrjjg4Pjg4jjgYzjgZTliKnnlKjjgYTjgZ/jgaDjgZHjgb7jgZnjgII8YnIgLz4KICAgIDxicj4KICAgIDxzcGFuIGNsYXNzPSJzdHlsZTQiPuKAu+OCr+ODrOOCuOODg+ODiOOCq+ODvOODieOBruOCu+OCreODpeODquODhuOCo+OBr1NTTOOBqOOBhOOBhuOCt+OCueODhuODoOOCkuWIqeeUqOOBl+OBpuOBiuOCiuOBvuOBmeOAgiDjgqvjg7zjg4nnlarlj7fjga/mmpflj7fljJbjgZXjgozjgablronlhajjgavpgIHkv6HjgZXjgozjgb7jgZnjga7jgafjgIHjganjgYbjgZ7jgZTlronlv4PjgY/jgaDjgZXjgYTjgII8YnIgLz4KICAgIDxpbWcgc3JjPSJodHRwOi8vaW1hZ2UucmFrdXRlbi5jby5qcC9fc3VwcG9ydC1vcy9jYWJpbmV0L3Zpc2EuZ2lmIiAvPiA8aW1nIHNyYz0iaHR0cDovL2ltYWdlLnJha3V0ZW4uY28uanAvX3N1cHBvcnQtb3MvY2FiaW5ldC9tYXN0ZXJjYXJkLmdpZiIgLz4gPGltZyBzcmM9Imh0dHA6Ly9pbWFnZS5yYWt1dGVuLmNvLmpwL19zdXBwb3J0LW9zL2NhYmluZXQvamNiLmdpZiIgLz4gPGltZyBzcmM9Imh0dHA6Ly9pbWFnZS5yYWt1dGVuLmNvLmpwL19zdXBwb3J0LW9zL2NhYmluZXQvZGluZXJzLmdpZiIgLz4gPGltZyBzcmM9Imh0dHA6Ly9pbWFnZS5yYWt1dGVuLmNvLmpwL19zdXBwb3J0LW9zL2NhYmluZXQvYW1leC5naWYiIC8+IDxpbWcgc3JjPSJodHRwOi8vaW1hZ2UucmFrdXRlbi5jby5qcC9fc3VwcG9ydC1vcy9jYWJpbmV0L2dpbmtvdS5naWYiIHdpZHRoPSIzNiIgaGVpZ2h0PSIzNiIgLz4gPGltZyBzcmM9Imh0dHA6Ly9pbWFnZS5yYWt1dGVuLmNvLmpwL19zdXBwb3J0LW9zL2NhYmluZXQvZGFpYmlraS5naWYiIHdpZHRoPSIzNiIgaGVpZ2h0PSIzNiIgLz48L3NwYW4+PC9zcGFuPjwvdGQ+CiAgPC90cj4KICAKICA8dHI+CiAgICA8dGQgdmFsaWduPSJ0b3AiPjxzcGFuIGNsYXNzPSJzdHlsZTEiPuKWoOalveWkqeODkOODs+OCr+axuua4iDxicj4K5qW95aSp44OQ44Oz44Kv5rG65riI5omL5pWw5paZKOeojui+vCk8YnI+CjHlhobvvZ4yOSw5OTnlhobjgIDjgIA8c3BhbiBjbGFzcz0ic3R5bGUyIj4xNTXlhoY8L3NwYW4+PGJyPgozMCwwMDDlhobvvZ7jgIDjgIDjgIDjgIA8c3BhbiBjbGFzcz0ic3R5bGUyIj4yNTflhoY8L3NwYW4+PGJyPjxicj4KCuKWoOS7o+mHkeW8leaPmyA8YnI+CuS7o+W8leaJi+aVsOaWmeaWme+8muWFqOWbveS4gOW+i+aWmemHke+8miA8c3BhbiBjbGFzcz0ic3R5bGUyIj4zMjTlhoY8L3NwYW4+PGJyPgo8YnI+CuKWoOmKgOihjOaMr+i+vDxicj4K44GU5YWl6YeR56K66KqN5b6M44Gr55m66YCB44GE44Gf44GX44G+44GZ44CCPGJyPgrmjK/ovrzmiYvmlbDmlpnjga/jgYrlrqLmp5josqDmi4XjgafjgYrpoZjjgYToh7TjgZfjgb7jgZnjgII8YnI+Cjxicj4K44CQ5oyv6L685YWI44CRIOalveWkqemKgOihjO+8iOODqeOCr+ODhuODs+OCruODs+OCs+OCpu+8iealveWkqeW4guWgtOaUr+W6l++8iOODqeOCr+ODhuODs+OCpOODgeODkOOCt+ODhuODs++8iSDmma7pgJogMTA0NzA3MCDjg6njgq/jg4bjg7PvvIjvvKHvvLPvvLHvvLXvvKnvvLPvvLPvvKUgCjxicj7igLvjgZPjga7lj6Pluqfjga7mqKnliKnjga/mpb3lpKnmoKrlvI/kvJrnpL7jgYzkv53mnInjgZfjgabjgYTjgb7jgZnjgIIgPGJyPgo8YnI+CjxzcGFuIGNsYXNzPSJzdHlsZTQiPuKAu+ODneOCpOODs+ODiOOCkuOBlOWIqeeUqOOBruWgtOWQiOetieOAgealveWkqeOBi+OCieiHquWLleOBp+mFjeS/oeOBleOCjOOCi+eiuuiqjeODoeODvOODq+OBrumHkemhjeOBqOOBiuaMr+i+vOOBv+aZguOBrumHkemhjeOBjOeVsOOBquOCi+WgtOWQiOOBjOOBlOOBluOBhOOBvuOBmeOAggrjga7jgaHjgbvjganlvZPlupfjgYvjgonjgYrpgIHjgorjgZnjgovjg6Hjg7zjg6vjgavoqJjovInjga7ph5HpoY3jgpLjgYrmjK/ovrzjgb/jgY/jgaDjgZXjgYTjgII8L3NwYW4+PC9zcGFuPjwvdGQ+CiAgPC90cj4KICA8dHI+CiAgICA8dGQgY29sc3Bhbj0iMiI+Jm5ic3A7PC90ZD4KICA8L3RyPgo8L3RhYmxlPg==,44OI44Og44OG44K944OV44KhIDLkurrmjpvjgZHjgr3jg5XjgqEg44K944OV44Kh44O8IOS6jOS6uuaOm+OBkSDjgrDjg6rjg7zjg7Mg57eRIOiMtuiJsiDmnKjoo70g44Km44OD44OJIOOBiuOBl+OCg+OCjCDljJfmrKcg44Os44OI44OtIOOCouODs+ODhuOCo+ODvOOCryDjg4rjg4Hjg6Xjg6njg6sg44Kr44K444Ol44Ki44OrIOS6jOS6uuaaruOCieOBlyDkuIDkurrmmq7jgonjgZcg44Kk44Oz44OG44Oq44KiIOWutuWFtyDjgYvjgo/jgYTjgYQg44CQ6YCB5paZ54Sh5paZ44CR77yaYXNxdWlzc2U=,44OI44Og44OG44K944OV44KhIDLkurrmjpvjgZHjgr3jg5XjgqEg44K944OV44Kh44O8IOS6jOS6uuaOm+OBkSDjgrDjg6rjg7zjg7Mg57eRIOiMtuiJsiDmnKjoo70g44Km44OD44OJIOOBiuOBl+OCg+OCjCDljJfmrKcg44Os44OI44OtIOOCouODs+ODhuOCo+ODvOOCryDjg4rjg4Hjg6Xjg6njg6sg44Kr44K444Ol44Ki44OrIOS6jOS6uuaaruOCieOBlyDkuIDkurrmmq7jgonjgZcg44Kk44Oz44OG44Oq44KiIOWutuWFtyDjgYvjgo/jgYTjgYQg44CQ6YCB5paZ54Sh5paZ44CR,6JC944Gh552A44GE44Gf6Imy5ZCI44GE44Gu44Km44OD44OJ44OV44Os44O844Og44GM44GK44GX44KD44KM44GqMuS6uuaOm+OBkeOCveODleOCoeOAguODiOODoOODhuOCveODleOCoSAy5Lq65o6b44GR44K944OV44KhIOOCveODleOCoeODvCDkuozkurrmjpvjgZEg44Kw44Oq44O844OzIOe3kSDojLboibIg5pyo6KO9IOOCpuODg+ODiSDjgYrjgZfjgoPjgowg5YyX5qynIOODrOODiOODrSDjgqLjg7Pjg4bjgqPjg7zjgq8g44OK44OB44Ol44Op44OrIOOCq+OCuOODpeOCouODqyDkuozkurrmmq7jgonjgZcg5LiA5Lq65pqu44KJ44GXIOOCpOODs+ODhuODquOCoiDlrrblhbcg44GL44KP44GE44GEIOOAkOmAgeaWmeeEoeaWmeOAkQ==[rn]
37-51630,aHR0cDovL3RzaG9wLnIxMHMuanAvZ29sZC9hc3F1aXNzZS95YW1hc29yby9zb2ZhMi8xc29mYTIuanBnP2ZpdGluPTcwMDo3MDA=,MTgzMTYuODAwMA==,,44Kk44Oz44OG44Oq44Ki44O75a+d5YW344O75Y+O57SNID4g44K944OV44Kh44O744K944OV44Kh44OZ44OD44OJID4gMuS6uuaOm+OBkeOCveODleOCoSA+IOW4g+WcsA==,44CQ6YCB5paZ54Sh5paZ44CR44K944OV44KhIOS6jOS6uuaOm+OBkeOCveODleOCoSDkuozkurrnlKgg5LqM5Lq6IOODleODrOODvOODoCDjgqbjgqnjg7zjg6vjg4rjg4Pjg4gg44OW44Op44Km44OzIOODouODgOODsyDjgrfjg7Pjg5fjg6sg5pyo6KO9IOODiuODgeODpeODqeODqyDjg4njg4Pjg4gg5rC0546JIOODleOCoeODluODquODg+OCryDjg6zjg4jjg60g44Oc44K/44OzIOWMl+aspyDjgqLjg7Pjg4bjgqPjg7zjgq8g44GL44KP44GE44GEIOWutuWFtyDjgqTjg7Pjg4bjg6rjgqIg44Kw44Oq44O844OzICDjgqTjg7Pjg4bjg6rjgqIg5a625YW3IOOBiuOBl+OCg+OCjA==,44Km44Kp44O844Or44OK44OD44OI5pyo55uu44Go44Kq44Kk44Or44K544OG44Kk44Oz5LuV5LiK44GS44GM54m55b6044Gu44K944OV44Kh,PGltZyBzcmM9Imh0dHA6Ly93d3cucmFrdXRlbi5uZS5qcC9nb2xkL2FzcXVpc3NlL3lhbWFzb3JvL3NvZmEyLzFzb2ZhMi5qcGciLz4KPHA+44Km44Kp44O844Or44OK44OD44OI5pyo55uu44Go44Kq44Kk44Or44K544OG44Kk44Oz5LuV5LiK44GS44GM54m55b6044Gu5LqM5Lq65o6b44GR44K944OV44KhPC9wPgo8aW1nIHNyYz0iaHR0cDovL3d3dy5yYWt1dGVuLm5lLmpwL2dvbGQvYXNxdWlzc2UveWFtYXNvcm8vc29mYTIvMmNhYmkuanBnIi8+CjxwPuePjeOBl+OBhOODieODg+ODiOafhOOBqOOBj+OCi+OBv+ODnOOCv+ODs+OBp+ODrOODiOODreOBp+OBi+OCj+OBhOOCieOBl+OBhOODh+OCtuOCpOODs+OBp+OBmTwvcD4KPGltZyBzcmM9Imh0dHA6Ly93d3cucmFrdXRlbi5uZS5qcC9nb2xkL2FzcXVpc3NlL3lhbWFzb3JvL3NvZmEyLzNzb2ZhMi5qcGciLz4KPGJyPjxicj4KPGltZyBzcmM9Imh0dHA6Ly9pbWFnZS5yYWt1dGVuLmNvLmpwL2FzcXVpc3NlL2NhYmluZXQvMDMwNjA4NzMvMDMwOTMyNzEvaW1nNjAzMDMwNDEuanBnIi8+Cjxicj48YnI+Cgo8c3R5bGUgdHlwZT0idGV4dC9jc3MiPgo8IS0tCi5zdHlsZTMge2NvbG9yOiAjMzMzMzMzOyBmb250LXNpemU6IDEycHg7IH0KLS0+Cjwvc3R5bGU+Cgo8dGFibGUgd2lkdGg9IjYwMCIgaGVpZ2h0PSIxOTAiIGJvcmRlcj0iMSIgY2VsbHNwYWNpbmc9IjAiIGJvcmRlcmNvbG9yPSIjRTFFMUUxIj4KICA8dHI+CiAgICA8dGQgd2lkdGg9IjEwNCIgYmdjb2xvcj0iI0YzRjNGMyI+PHNwYW4gY2xhc3M9InN0eWxlMyI+44CA44K144Kk44K6PC9zcGFuPjwvdGQ+CiAgICA8dGQgd2lkdGg9IjQ4NiI+PHNwYW4gY2xhc3M9InN0eWxlMyI+CuOAgFcxMTQww5dENjcww5dINzMwKFNIMzcwKSBtbQo8L3NwYW4+PC90ZD4KICA8L3RyPgogIDx0cj4KICAgIDx0ZCBiZ2NvbG9yPSIjRjNGM0YzIj48c3BhbiBjbGFzcz0ic3R5bGUzIj7jgIDmnZDos6o8L3NwYW4+PC90ZD4KICAgIDx0ZD48c3BhbiBjbGFzcz0ic3R5bGUzIj4K44CA5Li75p2Q77ya5aSp54S25pyo44CA44Km44Os44K/44Oz44OV44Kp44O844Og44CA6YeR5bGeKOmLvCk8YnI+CuOAgOOCquOCpOODq+OCueODhuOCpOODs+S7leS4iuOBkuOAgOODqeODg+OCq+ODvOWhl+ijhQrjgIA8L3NwYW4+PC90ZD4KICA8L3RyPgo8dHI+CiAgICA8dGQgYmdjb2xvcj0iI0YzRjNGMyI+PHNwYW4gY2xhc3M9InN0eWxlMyI+44CA6YeN6YePPC9zcGFuPjwvdGQ+CiAgICA8dGQ+PHNwYW4gY2xhc3M9InN0eWxlMyI+44CA57SEMTUuNCBrZzwvc3Bhbj48L3RkPgogIDwvdHI+Cjx0cj4KICAgIDx0ZCBiZ2NvbG9yPSIjRjNGM0YzIj48c3BhbiBjbGFzcz0ic3R5bGUzIj7jgIDlgpnogIM8L3NwYW4+PC90ZD4KICAgIDx0ZD48c3BhbiBjbGFzcz0ic3R5bGUzIj7jgIDjg5XjgqHjg5bjg6rjg4Pjgq/jga7jg4njg4Pjg4jpg6jliIbjga/jgqLjgqTjg5zjg6rjg7zoibLjgajjgarjgaPjgabjgYrjgorjgb7jgZk8L3NwYW4+PC90ZD4KICA8L3RyPgogPHRyPgogICAgPHRkIGJnY29sb3I9IiNGM0YzRjMiPjxzcGFuIGNsYXNzPSJzdHlsZTMiPuOAgOe0jeacnzwvc3Bhbj48L3RkPgogICAgPHRkPjxzcGFuIGNsYXNzPSJzdHlsZTMiPuOAgOmAmuW4uDfml6XjgYvjgokxMOaXpeeoi+W6pjwvc3Bhbj48L3RkPgogIDwvdHI+CgoKCgoKIDwvdGFibGU+CgoKPHN0eWxlIHR5cGU9InRleHQvY3NzIj4KLyrjgYrmsJfjgavlhaXjgorllYblk4Hjg5zjgr/jg7Pjga7jgr/jgrDjgZPjgZPjgYvjgokqLwpkaXYuYm9va21hcmtBcmVhIGRpdi5ia20gewp3aWR0aDogMzE4cHggIWltcG9ydGFudDsgIC8qMS7jgZPjgZPjgavnlLvlg4/jga7mqKrluYXjgpLmjIflrpoqLwpoZWlnaHQ6IDgzcHggIWltcG9ydGFudDsgIC8qMS7jgZPjgZPjgavnlLvlg4/jga7pq5jjgZXjgpLmjIflrpoqLwp9CmRpdi5ib29rbWFya0FyZWEgZGl2LmJrbSBhLmFkZEJrbSBzcGFuLmJrbVN0YXIgewpkaXNwbGF5OiBpbmxpbmUtYmxvY2sgIWltcG9ydGFudDsKCndpZHRoOiAzMThweCAhaW1wb3J0YW50OyAgIC8qMS7jgZPjgZPjgavnlLvlg4/jga7mqKrluYXjgpLmjIflrpoqLwpoZWlnaHQ6IDgzcHggIWltcG9ydGFudDsgICAvKjEu44GT44GT44Gr55S75YOP44Gu6auY44GV44KS5oyH5a6aKi8KCgptYXJnaW4tcmlnaHQ6IDBweCAhaW1wb3J0YW50OwpiYWNrZ3JvdW5kOgp1cmwoaHR0cDovL2ltYWdlLnJha3V0ZW4uY28uanAvYXNxdWlzc2UvY2FiaW5ldC9pbWdyYzAwNjQ3MTk2MTEuanBnKSBuby1yZXBlYXQgMCAwICFpbXBvcnRhbnQ744CACgkJCSAgIC8q4oaR4oaRMi7jgZPjgZPjgavjgYrlpb3jgb/jga7jgYrmsJfjgavlhaXjgornlLvlg4/jgpLjgrPjg5Tjg5rihpHihpEKKi8KCmN1cnNvcjogcG9pbnRlciAhaW1wb3J0YW50Owp9CgpkaXYuYm9va21hcmtBcmVhIGRpdi5ia20gewp3aWR0aDogMzE4cHggIWltcG9ydGFudDsgIC8qMS7jgZPjgZPjgavnlLvlg4/jga7mqKrluYXjgpLmjIflrpoqLwpoZWlnaHQ6IDgzcHggIWltcG9ydGFudDsgIC8qMS7jgZPjgZPjgavnlLvlg4/jga7pq5jjgZXjgpLmjIflrpoqLwp9CmRpdi5ib29rbWFya0FyZWEgZGl2LmJrbSBhLmFkZEJrbSBzcGFuLmJrbVN0YXIgewpkaXNwbGF5OiBpbmxpbmUtYmxvY2sgIWltcG9ydGFudDsKCndpZHRoOiAzMThweCAhaW1wb3J0YW50OyAgIC8qMS7jgZPjgZPjgavnlLvlg4/jga7mqKrluYXjgpLmjIflrpoqLwpoZWlnaHQ6IDgzcHggIWltcG9ydGFudDsgICAvKjEu44GT44GT44Gr55S75YOP44Gu6auY44GV44KS5oyH5a6aKi8KCgptYXJnaW4tcmlnaHQ6IDBweCAhaW1wb3J0YW50OwpiYWNrZ3JvdW5kOgp1cmwoaHR0cDovL2ltYWdlLnJha3V0ZW4uY28uanAvYXNxdWlzc2UvY2FiaW5ldC9pbWdyYzAwNjQ3MTk2MTEuanBnKSBuby1yZXBlYXQgMCAwICFpbXBvcnRhbnQ744CALyrjgZPjgZPjgavjgYrlpb3jgb/jga7jgYrmsJfjgavlhaXjgornlLvlg4/jgpLjgrPjg5Tjg5oqLwoJCQkgICAvKuKGkeKGkTIu44GT44GT44Gr44GK5aW944G/44Gu44GK5rCX44Gr5YWl44KK55S75YOP44KS44Kz44OU44Oa4oaR4oaRCiovCgpjdXJzb3I6IHBvaW50ZXIgIWltcG9ydGFudDsKfQoKCgovKuOBiuawl+OBq+WFpeOCiuWVhuWTgeODnOOCv+ODs+OCv+OCsOOBk+OBk+OBvuOBpyovCi8q44GK6LK344GE54mp44GL44GU44K/44Kw44GT44GT44GL44KJKi8KCmlucHV0W3ZhbHVlPSLosrfjgYTnianjgYvjgZTjgavlhaXjgozjgosiXXsKCglmb250LXNpemU6MTZweDsKCWZvbnQtZmFtaWx5OkFyaWFsOwoJZm9udC13ZWlnaHQ6bm9ybWFsOwoJLW1vei1ib3JkZXItcmFkaXVzOjhweDsKCS13ZWJraXQtYm9yZGVyLXJhZGl1czo4cHg7Cglib3JkZXItcmFkaXVzOjhweDsKCWJvcmRlcjoxcHggc29saWQgI2Q4MzUyNjsKCXBhZGRpbmc6OXB4IDE4cHg7Cgl0ZXh0LWRlY29yYXRpb246bm9uZTsKCgliYWNrZ3JvdW5kOi1tb3otbGluZWFyLWdyYWRpZW50KCBjZW50ZXIgdG9wLCAjZmUxYTAwIDUlLCAjY2UwMTAwIDEwMCUgKTsKCWJhY2tncm91bmQ6LW1zLWxpbmVhci1ncmFkaWVudCggdG9wLCAjZmUxYTAwIDUlLCAjY2UwMTAwIDEwMCUgKTsKICAgICAgIAliYWNrZ3JvdW5kOi13ZWJraXQtZ3JhZGllbnQoIGxpbmVhciwgbGVmdCB0b3AsIGxlZnQgYm90dG9tLCBjb2xvci1zdG9wKDUlLCAjZmUxYTAwKSwgY29sb3Itc3RvcCgxMDAlLCAjY2UwMTAwKSApOwoKCWN1cnNvcjogcG9pbnRlciAhaW1wb3J0YW50OwoKCWJhY2tncm91bmQtY29sb3I6I2ZlMWEwMDsKCWNvbG9yOiNmZmZmZmY7CglkaXNwbGF5OmlubGluZS1ibG9jazsKCXRleHQtc2hhZG93OjFweCAxcHggMHB4ICNiMjNlMzU7CiAJYm94LXNoYWRvdzppbnNldCAxcHggMXB4IDBweCAwcHggI2YyOWM5MzsgfQoKLyrjgYrosrfjgYTnianjgYvjgZTjgr/jgrDjgZPjgZPjgb7jgacqLwoKPCEtLQouc3R5bGUxIHtmb250LXNpemU6IDEwcHh9Ci5zdHlsZTIge2NvbG9yOiAjRkYwMDAwfQouc3R5bGU0IHtjb2xvcjogIzAwMDBGRn0KLS0+Cjwvc3R5bGU+CjxpbWcgc3JjPSJodHRwOi8vaW1hZ2UucmFrdXRlbi5jby5qcC9hc3F1aXNzZS9jYWJpbmV0L2ltZzU4OTExMDgzLmpwZyIvPgo8dGFibGUgd2lkdGg9IjYxMSIgYm9yZGVyPSIwIj4KCiAgPHRyPgogICAgPHRkIHdpZHRoPSIyOTQiIHJvd3NwYW49IjIiPjxwIGNsYXNzPSJzdHlsZTEiPuKWoOWWtualreaZgumWk+W4rzxicj4KCeODjeODg+ODiOOBp+OBruOBlOazqOaWh+OBr+OAgTxzcGFuIGNsYXNzPSJzdHlsZTIiPjI05pmC6ZaTPC9zcGFuPuWPl+OBkeS7mOOBkeOBpuOBiuOCiuOBvuOBmeOAgjxicj48YnI+CgrjgYrpm7voqbHjgafjga7jgYrllY/lkIjjgZvjga/kuIvoqJjjga7mmYLplpPluK/jgavjgYrpoZjjgYTjgZfjgb7jgZnjgIIKPGJyPgoKCjxzcGFuIGNsYXNzPSJzdHlsZTIiPjExOjAw772eMjA6MDA8L3NwYW4+IOOAgCA8c3BhbiBjbGFzcz0ic3R5bGUyIj7igLvngavmm5zml6Xjga/jgYrkvJHjgb88L3NwYW4+44KS44GE44Gf44Gg44GE44Gm44GK44KK44G+44GZ44CCPGJyPgo8YnI+CgrilqDpgIHmlpk8YnI+CuWFqOWbveS4gOW+i+aWmemHke+8mjxzcGFuIGNsYXNzPSJzdHlsZTIiPjU4MOWGhjwvc3Bhbj48YnI+CijljJfmtbfpgZPjgIHmspbnuITjgIHpm6Lls7bjg7vkuIDpg6jlnLDln5/jga/ov73liqDpgIHmlpnnmbrnlJ/jgZfjgb7jgZnjgIIpPGJyPgo8YnI+CuKWoOWuhemFjeS+vzxicj4K44Ok44Oe44OI6YGL6Ly444CA6KW/5r+D6YGL6Ly444CA5L2Q5bed5oCl5L6/44CA44KG44GG44OR44OD44KvPGJyPgo8YnI+CuKWoOWVhuWTgeeZuumAgeOBruOCv+OCpOODn+ODs+OCsDxicj4K54m544Gr44GU5oyH5a6a44GM44Gq44GE5aC05ZCI44CBPGJyPgrmpb3lpKnjg5Djg7Pjgq/msbrmuIjjgIHpioDooYzmjK/ovrzih5LjgZTlhaXph5Hnorroqo3lvozjgIE8c3BhbiBjbGFzcz0ic3R5bGUyIj435Za25qWt5pel5Lul5YaFPC9zcGFuPuOBq+eZuumAgeiHtOOBl+OBvuOBmeOAgjxicj4K44Kv44Os44K444OD44OI44CB5Luj6YeR5byV5o+b44CA4oeS44GU5rOo5paH56K66KqN5b6M44CBPHNwYW4gY2xhc3M9InN0eWxlMiI+N+WWtualreaXpeS7peWGhTwvc3Bhbj7jgavnmbrpgIHoh7TjgZfjgb7jgZnjgIIgCjxicj4KPGJyPgrilqDov5Tlk4Hjg7vkuqTmj5vjgavjgaTjgYTjgaY8YnI+CuWVhuWTgeOBruOCq+ODqeODvOOBq+mWouOBl+OBvuOBl+OBpuOBr+mWsuimp+eSsOWig+OBq+OCiOOBo+OBpuiLpeW5sumBleOBo+OBpuimi+OBiOOCi+WgtOWQiOOBjOOBlOOBluOBhOOBvuOBmeS6iOOCgeOBlOS6huaJv+S4i+OBleOBhOOAgjxicj4K44Oh44O844Kr44O844GM5Yid5pyf5LiN6Imv44Go6KqN5a6a44GX44Gm44GE44Gq44GE5ZWG5ZOB44CB44CM44Kk44Oh44O844K444Go6YGV44GG44CN562J44Gu6L+U5ZOB44O75Lqk5o+b44Gv44GK5Y+X44GR44Gn44GN44G+44Gb44KT44Gu44Gn44GU5LqG5om/44GP44Gg44GV44GE44CCPGJyPgrkuovliY3jga7jgZTpgKPntaHjga7jgarjgYTov5Tlk4HjgavplqLjgZfjgb7jgZfjgabjga/jgYrlj5fjgZHjgafjgY3jgb7jgZvjgpM8YnI+Cu+8iOedgOaJleOBhOetieOBp+OBrui/lOWTge+8ieOBlOS6huaJv+OBj+OBoOOBleOBhOOAgjxicj4KPGJyPgrilqDkuI3oia/lk4HjgavjgaTjgYTjgaY8YnI+CuWVhuWTgeOBjOegtOaQjeODu+axmuaQjeOBl+OBpuOBhOOBn+WgtOWQiOOBr+mFjemBlOW+jOS4gOmAsemWk+S7peWGheOBq+ODoeODvOODq+OBi+mbu+ipseOBp+OBlOmAo+e1oeOBj+OBoOOBleOBhOOAggrjgZnjgZDjgavkuqTmj5vjga7lk4Hjgb7jgZ/jga/ov5Tlk4HjgpLmib/jgorjgb7jgZnjgII8YnI+CuKAu+OBk+OBruWgtOWQiOOBr+mAgeaWmeOAgeaJi+aVsOaWmeOBr+W9k+W6l+OBjOiyoOaLheOBhOOBn+OBl+OBvuOBmeOAggogIDwvdGQ+CiAgICA8dGQgd2lkdGg9IjMwNyIgaGVpZ2h0PSI2MiIgdmFsaWduPSJ0b3AiPjxzcGFuIGNsYXNzPSJzdHlsZTEiPuKWoOOBiuaUr+aJleOBhOaWueazleOBq+OBpOOBhOOBpjxicj4KICAgIOOBiuaUr+aJleOBhOOBr+alveWkqeODkOODs+OCr+OAgemKgOihjOaMr+OCiui+vOOBv+OAgeS7o+mHkeW8leaPm+OAgeOCr+ODrOOCuOODg+ODiOOBjOOBlOWIqeeUqOOBhOOBn+OBoOOBkeOBvuOBmeOAgjxiciAvPgogICAgPGJyPgogICAgPHNwYW4gY2xhc3M9InN0eWxlNCI+4oC744Kv44Os44K444OD44OI44Kr44O844OJ44Gu44K744Kt44Ol44Oq44OG44Kj44GvU1NM44Go44GE44GG44K344K544OG44Og44KS5Yip55So44GX44Gm44GK44KK44G+44GZ44CCIOOCq+ODvOODieeVquWPt+OBr+aal+WPt+WMluOBleOCjOOBpuWuieWFqOOBq+mAgeS/oeOBleOCjOOBvuOBmeOBruOBp+OAgeOBqeOBhuOBnuOBlOWuieW/g+OBj+OBoOOBleOBhOOAgjxiciAvPgogICAgPGltZyBzcmM9Imh0dHA6Ly9pbWFnZS5yYWt1dGVuLmNvLmpwL19zdXBwb3J0LW9zL2NhYmluZXQvdmlzYS5naWYiIC8+IDxpbWcgc3JjPSJodHRwOi8vaW1hZ2UucmFrdXRlbi5jby5qcC9fc3VwcG9ydC1vcy9jYWJpbmV0L21hc3RlcmNhcmQuZ2lmIiAvPiA8aW1nIHNyYz0iaHR0cDovL2ltYWdlLnJha3V0ZW4uY28uanAvX3N1cHBvcnQtb3MvY2FiaW5ldC9qY2IuZ2lmIiAvPiA8aW1nIHNyYz0iaHR0cDovL2ltYWdlLnJha3V0ZW4uY28uanAvX3N1cHBvcnQtb3MvY2FiaW5ldC9kaW5lcnMuZ2lmIiAvPiA8aW1nIHNyYz0iaHR0cDovL2ltYWdlLnJha3V0ZW4uY28uanAvX3N1cHBvcnQtb3MvY2FiaW5ldC9hbWV4LmdpZiIgLz4gPGltZyBzcmM9Imh0dHA6Ly9pbWFnZS5yYWt1dGVuLmNvLmpwL19zdXBwb3J0LW9zL2NhYmluZXQvZ2lua291LmdpZiIgd2lkdGg9IjM2IiBoZWlnaHQ9IjM2IiAvPiA8aW1nIHNyYz0iaHR0cDovL2ltYWdlLnJha3V0ZW4uY28uanAvX3N1cHBvcnQtb3MvY2FiaW5ldC9kYWliaWtpLmdpZiIgd2lkdGg9IjM2IiBoZWlnaHQ9IjM2IiAvPjwvc3Bhbj48L3NwYW4+PC90ZD4KICA8L3RyPgogIAogIDx0cj4KICAgIDx0ZCB2YWxpZ249InRvcCI+PHNwYW4gY2xhc3M9InN0eWxlMSI+4pag5qW95aSp44OQ44Oz44Kv5rG65riIPGJyPgrmpb3lpKnjg5Djg7Pjgq/msbrmuIjmiYvmlbDmlpko56iO6L68KTxicj4KMeWGhu+9njI5LDk5OeWGhuOAgOOAgDxzcGFuIGNsYXNzPSJzdHlsZTIiPjE1NeWGhjwvc3Bhbj48YnI+CjMwLDAwMOWGhu+9nuOAgOOAgOOAgOOAgDxzcGFuIGNsYXNzPSJzdHlsZTIiPjI1N+WGhjwvc3Bhbj48YnI+PGJyPgoK4pag5Luj6YeR5byV5o+bIDxicj4K5Luj5byV5omL5pWw5paZ5paZ77ya5YWo5Zu95LiA5b6L5paZ6YeR77yaIDxzcGFuIGNsYXNzPSJzdHlsZTIiPjMyNOWGhjwvc3Bhbj48YnI+Cjxicj4K4pag6YqA6KGM5oyv6L68PGJyPgrjgZTlhaXph5Hnorroqo3lvozjgavnmbrpgIHjgYTjgZ/jgZfjgb7jgZnjgII8YnI+CuaMr+i+vOaJi+aVsOaWmeOBr+OBiuWuouanmOiyoOaLheOBp+OBiumhmOOBhOiHtOOBl+OBvuOBmeOAgjxicj4KPGJyPgrjgJDmjK/ovrzlhYjjgJEg5qW95aSp6YqA6KGM77yI44Op44Kv44OG44Oz44Ku44Oz44Kz44Km77yJ5qW95aSp5biC5aC05pSv5bqX77yI44Op44Kv44OG44Oz44Kk44OB44OQ44K344OG44Oz77yJIOaZrumAmiAxMDQ3MDcwIOODqeOCr+ODhuODs++8iO+8oe+8s++8se+8te+8qe+8s++8s++8pSAKPGJyPuKAu+OBk+OBruWPo+W6p+OBruaoqeWIqeOBr+alveWkqeagquW8j+S8muekvuOBjOS/neacieOBl+OBpuOBhOOBvuOBmeOAgiA8YnI+Cjxicj4KPHNwYW4gY2xhc3M9InN0eWxlNCI+4oC744Od44Kk44Oz44OI44KS44GU5Yip55So44Gu5aC05ZCI562J44CB5qW95aSp44GL44KJ6Ieq5YuV44Gn6YWN5L+h44GV44KM44KL56K66KqN44Oh44O844Or44Gu6YeR6aGN44Go44GK5oyv6L6844G/5pmC44Gu6YeR6aGN44GM55Ww44Gq44KL5aC05ZCI44GM44GU44GW44GE44G+44GZ44CCCuOBruOBoeOBu+OBqeW9k+W6l+OBi+OCieOBiumAgeOCiuOBmeOCi+ODoeODvOODq+OBq+iomOi8ieOBrumHkemhjeOCkuOBiuaMr+i+vOOBv+OBj+OBoOOBleOBhOOAgjwvc3Bhbj48L3NwYW4+PC90ZD4KICA8L3RyPgogIDx0cj4KICAgIDx0ZCBjb2xzcGFuPSIyIj4mbmJzcDs8L3RkPgogIDwvdHI+CjwvdGFibGU+,44CQ6YCB5paZ54Sh5paZ44CR44K944OV44KhIOS6jOS6uuaOm+OBkeOCveODleOCoSDkuozkurrnlKgg5LqM5Lq6IOODleODrOODvOODoCDjgqbjgqnjg7zjg6vjg4rjg4Pjg4gg44OW44Op44Km44OzIOODouODgOODsyDjgrfjg7Pjg5fjg6sg5pyo6KO9IOODiuODgeODpeODqeODqyDjg4njg4Pjg4gg5rC0546JIOODleOCoeODluODquODg+OCryDjg6zjg4jjg60g44Oc44K/44OzIOWMl+aspyDjgqLjg7Pjg4bjgqPjg7zjgq8g44GL44KP44GE44GEIOWutuWFtyDjgqTjg7Pjg4bjg6rjgqIg44Kw44Oq44O844OzICDjgqTjg7Pjg4bjg6rjgqIg5a625YW3IOOBiuOBl+OCg+OCjO+8mmFzcXVpc3Nl,44CQ6YCB5paZ54Sh5paZ44CR44K944OV44KhIOS6jOS6uuaOm+OBkeOCveODleOCoSDkuozkurrnlKgg5LqM5Lq6IOODleODrOODvOODoCDjgqbjgqnjg7zjg6vjg4rjg4Pjg4gg44OW44Op44Km44OzIOODouODgOODsyDjgrfjg7Pjg5fjg6sg5pyo6KO9IOODiuODgeODpeODqeODqyDjg4njg4Pjg4gg5rC0546JIOODleOCoeODluODquODg+OCryDjg6zjg4jjg60g44Oc44K/44OzIOWMl+aspyDjgqLjg7Pjg4bjgqPjg7zjgq8g44GL44KP44GE44GEIOWutuWFtyDjgqTjg7Pjg4bjg6rjgqIg44Kw44Oq44O844OzICDjgqTjg7Pjg4bjg6rjgqIg5a625YW3IOOBiuOBl+OCg+OCjA==,44Km44Kp44O844Or44OK44OD44OI5pyo55uu44Go44Kq44Kk44Or44K544OG44Kk44Oz5LuV5LiK44GS44GM54m55b6044Gu44K944OV44Kh44CC44CQ6YCB5paZ54Sh5paZ44CR44K944OV44KhIOS6jOS6uuaOm+OBkeOCveODleOCoSDkuozkurrnlKgg5LqM5Lq6IOODleODrOODvOODoCDjgqbjgqnjg7zjg6vjg4rjg4Pjg4gg44OW44Op44Km44OzIOODouODgOODsyDjgrfjg7Pjg5fjg6sg5pyo6KO9IOODiuODgeODpeODqeODqyDjg4njg4Pjg4gg5rC0546JIOODleOCoeODluODquODg+OCryDjg6zjg4jjg60g44Oc44K/44OzIOWMl+aspyDjgqLjg7Pjg4bjgqPjg7zjgq8g44GL44KP44GE44GEIOWutuWFtyDjgqTjg7Pjg4bjg6rjgqIg44Kw44Oq44O844OzICDjgqTjg7Pjg4bjg6rjgqIg5a625YW3IOOBiuOBl+OCg+OCjA==[rn]
37-51631,aHR0cDovL3RzaG9wLnIxMHMuanAvZ29sZC9hc3F1aXNzZS95YW1hc29yby9nYWlhLzFnYWlhLmpwZz9maXRpbj03MDA6NzAw,Mjk2MzUuMjAwMA==,,44Kk44Oz44OG44Oq44Ki44O75a+d5YW344O75Y+O57SNID4g44K944OV44Kh44O744K944OV44Kh44OZ44OD44OJID4gMuS6uuaOm+OBkeOCveODleOCoSA+IOW4g+WcsA==,44CQ6YCB5paZ54Sh5paZ44CR44Ks44Kk44Ki44K944OV44KhIDLkurrmjpvjgZHjgr3jg5XjgqEg5LqM5Lq655SoIOS6jOS6uiDjg6zjgrbjg7wg5ZCI5oiQ55qu6Z2pIOmJhOiEmiDjgqLjgqTjgqLjg7Mg6YmEIOODoeODs+OCuiDnlLfliY0g44OW44Op44Km44OzIOOCt+ODs+ODl+ODqyDjg4rjg4Hjg6Xjg6njg6sg44OV44Kh44OW44Oq44OD44KvIOODrOODiOODrSDjgqTjg7Pjg4Djgrnjg4jjg6rjgqLjg6sg5YyX5qynIOOCouODs+ODhuOCo+ODvOOCryDjgYvjgo/jgYTjgYQg5a625YW3IOOCpOODs+ODhuODquOCoiDlrrblhbcg44GK44GX44KD44KMIOODk+ODs+ODhuODvOOCuA==,44OA44O844Kv44OW44Op44Km44Oz44GuUFXjg6zjgrbjg7zjgajpiYTohJrjgYzjg5Pjg7Pjg4bjg7zjgrjjgaoy5Lq65o6b44GR44K944OV44Kh,PGltZyBzcmM9Imh0dHA6Ly93d3cucmFrdXRlbi5uZS5qcC9nb2xkL2FzcXVpc3NlL3lhbWFzb3JvL2dhaWEvMWdhaWEuanBnIi8+CjxwPuODgOODvOOCr+ODluODqeOCpuODs+OBrlBV44Os44K244O844Go6YmE6ISa44GM44OT44Oz44OG44O844K45oSf5ryC44GGMuS6uuaOm+OBkeOCveODleOCoeOAgOeUt+WJjeOCpOODs+ODhuODquOCouOBq+OBiuOBmeOBmeOCgeOBp+OBmTwvcD4KPGltZyBzcmM9Imh0dHA6Ly93d3cucmFrdXRlbi5uZS5qcC9nb2xkL2FzcXVpc3NlL3lhbWFzb3JvL2dhaWEvMmdhaWEuanBnIi8+Cjxicj48YnI+CjxpbWcgc3JjPSJodHRwOi8vd3d3LnJha3V0ZW4ubmUuanAvZ29sZC9hc3F1aXNzZS95YW1hc29yby9nYWlhLzNnYWlhLmpwZyIvPgo8YnI+PGJyPgo8aW1nIHNyYz0iaHR0cDovL2ltYWdlLnJha3V0ZW4uY28uanAvYXNxdWlzc2UvY2FiaW5ldC8wMzA2MDg3My8wMzA5MzI3MS9pbWc2MDMwMzA0MS5qcGciLz4KPGJyPjxicj4KCjxzdHlsZSB0eXBlPSJ0ZXh0L2NzcyI+CjwhLS0KLnN0eWxlMyB7Y29sb3I6ICMzMzMzMzM7IGZvbnQtc2l6ZTogMTJweDsgfQotLT4KPC9zdHlsZT4KCjx0YWJsZSB3aWR0aD0iNjAwIiBoZWlnaHQ9IjE5MCIgYm9yZGVyPSIxIiBjZWxsc3BhY2luZz0iMCIgYm9yZGVyY29sb3I9IiNFMUUxRTEiPgogIDx0cj4KICAgIDx0ZCB3aWR0aD0iMTA0IiBiZ2NvbG9yPSIjRjNGM0YzIj48c3BhbiBjbGFzcz0ic3R5bGUzIj7jgIDjgrXjgqTjgro8L3NwYW4+PC90ZD4KICAgIDx0ZCB3aWR0aD0iNDg2Ij48c3BhbiBjbGFzcz0ic3R5bGUzIj4K44CAVzEyODXDl0Q3MzDDl0g4MTAoU0g0MTApIG1tCjwvc3Bhbj48L3RkPgogIDwvdHI+CiAgPHRyPgogICAgPHRkIGJnY29sb3I9IiNGM0YzRjMiPjxzcGFuIGNsYXNzPSJzdHlsZTMiPuOAgOadkOizqjwvc3Bhbj48L3RkPgogICAgPHRkPjxzcGFuIGNsYXNzPSJzdHlsZTMiPgrjgIDkuLvmnZDvvJrjgrnjg4Hjg7zjg6vjgIDjgqrjg7zjgq/nqoHmnb/jgIBNREbjgIDjgqbjg6zjgr/jg7Pjg5Xjgqnjg7zjg6DjgIDjg53jgrHjg4Pjg4jjgrPjgqTjg6vjgIDlkIjmiJDnmq7pnakK44CAPC9zcGFuPjwvdGQ+CiAgPC90cj4KPHRyPgogICAgPHRkIGJnY29sb3I9IiNGM0YzRjMiPjxzcGFuIGNsYXNzPSJzdHlsZTMiPuOAgOmHjemHjzwvc3Bhbj48L3RkPgogICAgPHRkPjxzcGFuIGNsYXNzPSJzdHlsZTMiPuOAgOOAgOe0hDIxLjYga2c8L3NwYW4+PC90ZD4KICA8L3RyPgogPHRyPgogICAgPHRkIGJnY29sb3I9IiNGM0YzRjMiPjxzcGFuIGNsYXNzPSJzdHlsZTMiPuOAgOe0jeacnzwvc3Bhbj48L3RkPgogICAgPHRkPjxzcGFuIGNsYXNzPSJzdHlsZTMiPuOAgOOBiuWPluOCiuWvhOOBm+WVhuWTgeOBqOOBquOCiuOBvuOBmeOAgumAmuW4uDfml6XjgYvjgokxMOaXpTwvc3Bhbj48L3RkPgogIDwvdHI+CgoKCgoKIDwvdGFibGU+CgoKPHN0eWxlIHR5cGU9InRleHQvY3NzIj4KLyrjgYrmsJfjgavlhaXjgorllYblk4Hjg5zjgr/jg7Pjga7jgr/jgrDjgZPjgZPjgYvjgokqLwpkaXYuYm9va21hcmtBcmVhIGRpdi5ia20gewp3aWR0aDogMzE4cHggIWltcG9ydGFudDsgIC8qMS7jgZPjgZPjgavnlLvlg4/jga7mqKrluYXjgpLmjIflrpoqLwpoZWlnaHQ6IDgzcHggIWltcG9ydGFudDsgIC8qMS7jgZPjgZPjgavnlLvlg4/jga7pq5jjgZXjgpLmjIflrpoqLwp9CmRpdi5ib29rbWFya0FyZWEgZGl2LmJrbSBhLmFkZEJrbSBzcGFuLmJrbVN0YXIgewpkaXNwbGF5OiBpbmxpbmUtYmxvY2sgIWltcG9ydGFudDsKCndpZHRoOiAzMThweCAhaW1wb3J0YW50OyAgIC8qMS7jgZPjgZPjgavnlLvlg4/jga7mqKrluYXjgpLmjIflrpoqLwpoZWlnaHQ6IDgzcHggIWltcG9ydGFudDsgICAvKjEu44GT44GT44Gr55S75YOP44Gu6auY44GV44KS5oyH5a6aKi8KCgptYXJnaW4tcmlnaHQ6IDBweCAhaW1wb3J0YW50OwpiYWNrZ3JvdW5kOgp1cmwoaHR0cDovL2ltYWdlLnJha3V0ZW4uY28uanAvYXNxdWlzc2UvY2FiaW5ldC9pbWdyYzAwNjQ3MTk2MTEuanBnKSBuby1yZXBlYXQgMCAwICFpbXBvcnRhbnQ744CACgkJCSAgIC8q4oaR4oaRMi7jgZPjgZPjgavjgYrlpb3jgb/jga7jgYrmsJfjgavlhaXjgornlLvlg4/jgpLjgrPjg5Tjg5rihpHihpEKKi8KCmN1cnNvcjogcG9pbnRlciAhaW1wb3J0YW50Owp9CgpkaXYuYm9va21hcmtBcmVhIGRpdi5ia20gewp3aWR0aDogMzE4cHggIWltcG9ydGFudDsgIC8qMS7jgZPjgZPjgavnlLvlg4/jga7mqKrluYXjgpLmjIflrpoqLwpoZWlnaHQ6IDgzcHggIWltcG9ydGFudDsgIC8qMS7jgZPjgZPjgavnlLvlg4/jga7pq5jjgZXjgpLmjIflrpoqLwp9CmRpdi5ib29rbWFya0FyZWEgZGl2LmJrbSBhLmFkZEJrbSBzcGFuLmJrbVN0YXIgewpkaXNwbGF5OiBpbmxpbmUtYmxvY2sgIWltcG9ydGFudDsKCndpZHRoOiAzMThweCAhaW1wb3J0YW50OyAgIC8qMS7jgZPjgZPjgavnlLvlg4/jga7mqKrluYXjgpLmjIflrpoqLwpoZWlnaHQ6IDgzcHggIWltcG9ydGFudDsgICAvKjEu44GT44GT44Gr55S75YOP44Gu6auY44GV44KS5oyH5a6aKi8KCgptYXJnaW4tcmlnaHQ6IDBweCAhaW1wb3J0YW50OwpiYWNrZ3JvdW5kOgp1cmwoaHR0cDovL2ltYWdlLnJha3V0ZW4uY28uanAvYXNxdWlzc2UvY2FiaW5ldC9pbWdyYzAwNjQ3MTk2MTEuanBnKSBuby1yZXBlYXQgMCAwICFpbXBvcnRhbnQ744CALyrjgZPjgZPjgavjgYrlpb3jgb/jga7jgYrmsJfjgavlhaXjgornlLvlg4/jgpLjgrPjg5Tjg5oqLwoJCQkgICAvKuKGkeKGkTIu44GT44GT44Gr44GK5aW944G/44Gu44GK5rCX44Gr5YWl44KK55S75YOP44KS44Kz44OU44Oa4oaR4oaRCiovCgpjdXJzb3I6IHBvaW50ZXIgIWltcG9ydGFudDsKfQoKCgovKuOBiuawl+OBq+WFpeOCiuWVhuWTgeODnOOCv+ODs+OCv+OCsOOBk+OBk+OBvuOBpyovCi8q44GK6LK344GE54mp44GL44GU44K/44Kw44GT44GT44GL44KJKi8KCmlucHV0W3ZhbHVlPSLosrfjgYTnianjgYvjgZTjgavlhaXjgozjgosiXXsKCglmb250LXNpemU6MTZweDsKCWZvbnQtZmFtaWx5OkFyaWFsOwoJZm9udC13ZWlnaHQ6bm9ybWFsOwoJLW1vei1ib3JkZXItcmFkaXVzOjhweDsKCS13ZWJraXQtYm9yZGVyLXJhZGl1czo4cHg7Cglib3JkZXItcmFkaXVzOjhweDsKCWJvcmRlcjoxcHggc29saWQgI2Q4MzUyNjsKCXBhZGRpbmc6OXB4IDE4cHg7Cgl0ZXh0LWRlY29yYXRpb246bm9uZTsKCgliYWNrZ3JvdW5kOi1tb3otbGluZWFyLWdyYWRpZW50KCBjZW50ZXIgdG9wLCAjZmUxYTAwIDUlLCAjY2UwMTAwIDEwMCUgKTsKCWJhY2tncm91bmQ6LW1zLWxpbmVhci1ncmFkaWVudCggdG9wLCAjZmUxYTAwIDUlLCAjY2UwMTAwIDEwMCUgKTsKICAgICAgIAliYWNrZ3JvdW5kOi13ZWJraXQtZ3JhZGllbnQoIGxpbmVhciwgbGVmdCB0b3AsIGxlZnQgYm90dG9tLCBjb2xvci1zdG9wKDUlLCAjZmUxYTAwKSwgY29sb3Itc3RvcCgxMDAlLCAjY2UwMTAwKSApOwoKCWN1cnNvcjogcG9pbnRlciAhaW1wb3J0YW50OwoKCWJhY2tncm91bmQtY29sb3I6I2ZlMWEwMDsKCWNvbG9yOiNmZmZmZmY7CglkaXNwbGF5OmlubGluZS1ibG9jazsKCXRleHQtc2hhZG93OjFweCAxcHggMHB4ICNiMjNlMzU7CiAJYm94LXNoYWRvdzppbnNldCAxcHggMXB4IDBweCAwcHggI2YyOWM5MzsgfQoKLyrjgYrosrfjgYTnianjgYvjgZTjgr/jgrDjgZPjgZPjgb7jgacqLwoKPCEtLQouc3R5bGUxIHtmb250LXNpemU6IDEwcHh9Ci5zdHlsZTIge2NvbG9yOiAjRkYwMDAwfQouc3R5bGU0IHtjb2xvcjogIzAwMDBGRn0KLS0+Cjwvc3R5bGU+CjxpbWcgc3JjPSJodHRwOi8vaW1hZ2UucmFrdXRlbi5jby5qcC9hc3F1aXNzZS9jYWJpbmV0L2ltZzU4OTExMDgzLmpwZyIvPgo8dGFibGUgd2lkdGg9IjYxMSIgYm9yZGVyPSIwIj4KCiAgPHRyPgogICAgPHRkIHdpZHRoPSIyOTQiIHJvd3NwYW49IjIiPjxwIGNsYXNzPSJzdHlsZTEiPuKWoOWWtualreaZgumWk+W4rzxicj4KCeODjeODg+ODiOOBp+OBruOBlOazqOaWh+OBr+OAgTxzcGFuIGNsYXNzPSJzdHlsZTIiPjI05pmC6ZaTPC9zcGFuPuWPl+OBkeS7mOOBkeOBpuOBiuOCiuOBvuOBmeOAgjxicj48YnI+CgrjgYrpm7voqbHjgafjga7jgYrllY/lkIjjgZvjga/kuIvoqJjjga7mmYLplpPluK/jgavjgYrpoZjjgYTjgZfjgb7jgZnjgIIKPGJyPgoKCjxzcGFuIGNsYXNzPSJzdHlsZTIiPjExOjAw772eMjA6MDA8L3NwYW4+IOOAgCA8c3BhbiBjbGFzcz0ic3R5bGUyIj7igLvngavmm5zml6Xjga/jgYrkvJHjgb88L3NwYW4+44KS44GE44Gf44Gg44GE44Gm44GK44KK44G+44GZ44CCPGJyPgo8YnI+CgrilqDpgIHmlpk8YnI+CuWFqOWbveS4gOW+i+aWmemHke+8mjxzcGFuIGNsYXNzPSJzdHlsZTIiPjU4MOWGhjwvc3Bhbj48YnI+CijljJfmtbfpgZPjgIHmspbnuITjgIHpm6Lls7bjg7vkuIDpg6jlnLDln5/jga/ov73liqDpgIHmlpnnmbrnlJ/jgZfjgb7jgZnjgIIpPGJyPgo8YnI+CuKWoOWuhemFjeS+vzxicj4K44Ok44Oe44OI6YGL6Ly444CA6KW/5r+D6YGL6Ly444CA5L2Q5bed5oCl5L6/44CA44KG44GG44OR44OD44KvPGJyPgo8YnI+CuKWoOWVhuWTgeeZuumAgeOBruOCv+OCpOODn+ODs+OCsDxicj4K54m544Gr44GU5oyH5a6a44GM44Gq44GE5aC05ZCI44CBPGJyPgrmpb3lpKnjg5Djg7Pjgq/msbrmuIjjgIHpioDooYzmjK/ovrzih5LjgZTlhaXph5Hnorroqo3lvozjgIE8c3BhbiBjbGFzcz0ic3R5bGUyIj435Za25qWt5pel5Lul5YaFPC9zcGFuPuOBq+eZuumAgeiHtOOBl+OBvuOBmeOAgjxicj4K44Kv44Os44K444OD44OI44CB5Luj6YeR5byV5o+b44CA4oeS44GU5rOo5paH56K66KqN5b6M44CBPHNwYW4gY2xhc3M9InN0eWxlMiI+N+WWtualreaXpeS7peWGhTwvc3Bhbj7jgavnmbrpgIHoh7TjgZfjgb7jgZnjgIIgCjxicj4KPGJyPgrilqDov5Tlk4Hjg7vkuqTmj5vjgavjgaTjgYTjgaY8YnI+CuWVhuWTgeOBruOCq+ODqeODvOOBq+mWouOBl+OBvuOBl+OBpuOBr+mWsuimp+eSsOWig+OBq+OCiOOBo+OBpuiLpeW5sumBleOBo+OBpuimi+OBiOOCi+WgtOWQiOOBjOOBlOOBluOBhOOBvuOBmeS6iOOCgeOBlOS6huaJv+S4i+OBleOBhOOAgjxicj4K44Oh44O844Kr44O844GM5Yid5pyf5LiN6Imv44Go6KqN5a6a44GX44Gm44GE44Gq44GE5ZWG5ZOB44CB44CM44Kk44Oh44O844K444Go6YGV44GG44CN562J44Gu6L+U5ZOB44O75Lqk5o+b44Gv44GK5Y+X44GR44Gn44GN44G+44Gb44KT44Gu44Gn44GU5LqG5om/44GP44Gg44GV44GE44CCPGJyPgrkuovliY3jga7jgZTpgKPntaHjga7jgarjgYTov5Tlk4HjgavplqLjgZfjgb7jgZfjgabjga/jgYrlj5fjgZHjgafjgY3jgb7jgZvjgpM8YnI+Cu+8iOedgOaJleOBhOetieOBp+OBrui/lOWTge+8ieOBlOS6huaJv+OBj+OBoOOBleOBhOOAgjxicj4KPGJyPgrilqDkuI3oia/lk4HjgavjgaTjgYTjgaY8YnI+CuWVhuWTgeOBjOegtOaQjeODu+axmuaQjeOBl+OBpuOBhOOBn+WgtOWQiOOBr+mFjemBlOW+jOS4gOmAsemWk+S7peWGheOBq+ODoeODvOODq+OBi+mbu+ipseOBp+OBlOmAo+e1oeOBj+OBoOOBleOBhOOAggrjgZnjgZDjgavkuqTmj5vjga7lk4Hjgb7jgZ/jga/ov5Tlk4HjgpLmib/jgorjgb7jgZnjgII8YnI+CuKAu+OBk+OBruWgtOWQiOOBr+mAgeaWmeOAgeaJi+aVsOaWmeOBr+W9k+W6l+OBjOiyoOaLheOBhOOBn+OBl+OBvuOBmeOAggogIDwvdGQ+CiAgICA8dGQgd2lkdGg9IjMwNyIgaGVpZ2h0PSI2MiIgdmFsaWduPSJ0b3AiPjxzcGFuIGNsYXNzPSJzdHlsZTEiPuKWoOOBiuaUr+aJleOBhOaWueazleOBq+OBpOOBhOOBpjxicj4KICAgIOOBiuaUr+aJleOBhOOBr+alveWkqeODkOODs+OCr+OAgemKgOihjOaMr+OCiui+vOOBv+OAgeS7o+mHkeW8leaPm+OAgeOCr+ODrOOCuOODg+ODiOOBjOOBlOWIqeeUqOOBhOOBn+OBoOOBkeOBvuOBmeOAgjxiciAvPgogICAgPGJyPgogICAgPHNwYW4gY2xhc3M9InN0eWxlNCI+4oC744Kv44Os44K444OD44OI44Kr44O844OJ44Gu44K744Kt44Ol44Oq44OG44Kj44GvU1NM44Go44GE44GG44K344K544OG44Og44KS5Yip55So44GX44Gm44GK44KK44G+44GZ44CCIOOCq+ODvOODieeVquWPt+OBr+aal+WPt+WMluOBleOCjOOBpuWuieWFqOOBq+mAgeS/oeOBleOCjOOBvuOBmeOBruOBp+OAgeOBqeOBhuOBnuOBlOWuieW/g+OBj+OBoOOBleOBhOOAgjxiciAvPgogICAgPGltZyBzcmM9Imh0dHA6Ly9pbWFnZS5yYWt1dGVuLmNvLmpwL19zdXBwb3J0LW9zL2NhYmluZXQvdmlzYS5naWYiIC8+IDxpbWcgc3JjPSJodHRwOi8vaW1hZ2UucmFrdXRlbi5jby5qcC9fc3VwcG9ydC1vcy9jYWJpbmV0L21hc3RlcmNhcmQuZ2lmIiAvPiA8aW1nIHNyYz0iaHR0cDovL2ltYWdlLnJha3V0ZW4uY28uanAvX3N1cHBvcnQtb3MvY2FiaW5ldC9qY2IuZ2lmIiAvPiA8aW1nIHNyYz0iaHR0cDovL2ltYWdlLnJha3V0ZW4uY28uanAvX3N1cHBvcnQtb3MvY2FiaW5ldC9kaW5lcnMuZ2lmIiAvPiA8aW1nIHNyYz0iaHR0cDovL2ltYWdlLnJha3V0ZW4uY28uanAvX3N1cHBvcnQtb3MvY2FiaW5ldC9hbWV4LmdpZiIgLz4gPGltZyBzcmM9Imh0dHA6Ly9pbWFnZS5yYWt1dGVuLmNvLmpwL19zdXBwb3J0LW9zL2NhYmluZXQvZ2lua291LmdpZiIgd2lkdGg9IjM2IiBoZWlnaHQ9IjM2IiAvPiA8aW1nIHNyYz0iaHR0cDovL2ltYWdlLnJha3V0ZW4uY28uanAvX3N1cHBvcnQtb3MvY2FiaW5ldC9kYWliaWtpLmdpZiIgd2lkdGg9IjM2IiBoZWlnaHQ9IjM2IiAvPjwvc3Bhbj48L3NwYW4+PC90ZD4KICA8L3RyPgogIAogIDx0cj4KICAgIDx0ZCB2YWxpZ249InRvcCI+PHNwYW4gY2xhc3M9InN0eWxlMSI+4pag5qW95aSp44OQ44Oz44Kv5rG65riIPGJyPgrmpb3lpKnjg5Djg7Pjgq/msbrmuIjmiYvmlbDmlpko56iO6L68KTxicj4KMeWGhu+9njI5LDk5OeWGhuOAgOOAgDxzcGFuIGNsYXNzPSJzdHlsZTIiPjE1NeWGhjwvc3Bhbj48YnI+CjMwLDAwMOWGhu+9nuOAgOOAgOOAgOOAgDxzcGFuIGNsYXNzPSJzdHlsZTIiPjI1N+WGhjwvc3Bhbj48YnI+PGJyPgoK4pag5Luj6YeR5byV5o+bIDxicj4K5Luj5byV5omL5pWw5paZ5paZ77ya5YWo5Zu95LiA5b6L5paZ6YeR77yaIDxzcGFuIGNsYXNzPSJzdHlsZTIiPjMyNOWGhjwvc3Bhbj48YnI+Cjxicj4K4pag6YqA6KGM5oyv6L68PGJyPgrjgZTlhaXph5Hnorroqo3lvozjgavnmbrpgIHjgYTjgZ/jgZfjgb7jgZnjgII8YnI+CuaMr+i+vOaJi+aVsOaWmeOBr+OBiuWuouanmOiyoOaLheOBp+OBiumhmOOBhOiHtOOBl+OBvuOBmeOAgjxicj4KPGJyPgrjgJDmjK/ovrzlhYjjgJEg5qW95aSp6YqA6KGM77yI44Op44Kv44OG44Oz44Ku44Oz44Kz44Km77yJ5qW95aSp5biC5aC05pSv5bqX77yI44Op44Kv44OG44Oz44Kk44OB44OQ44K344OG44Oz77yJIOaZrumAmiAxMDQ3MDcwIOODqeOCr+ODhuODs++8iO+8oe+8s++8se+8te+8qe+8s++8s++8pSAKPGJyPuKAu+OBk+OBruWPo+W6p+OBruaoqeWIqeOBr+alveWkqeagquW8j+S8muekvuOBjOS/neacieOBl+OBpuOBhOOBvuOBmeOAgiA8YnI+Cjxicj4KPHNwYW4gY2xhc3M9InN0eWxlNCI+4oC744Od44Kk44Oz44OI44KS44GU5Yip55So44Gu5aC05ZCI562J44CB5qW95aSp44GL44KJ6Ieq5YuV44Gn6YWN5L+h44GV44KM44KL56K66KqN44Oh44O844Or44Gu6YeR6aGN44Go44GK5oyv6L6844G/5pmC44Gu6YeR6aGN44GM55Ww44Gq44KL5aC05ZCI44GM44GU44GW44GE44G+44GZ44CCCuOBruOBoeOBu+OBqeW9k+W6l+OBi+OCieOBiumAgeOCiuOBmeOCi+ODoeODvOODq+OBq+iomOi8ieOBrumHkemhjeOCkuOBiuaMr+i+vOOBv+OBj+OBoOOBleOBhOOAgjwvc3Bhbj48L3NwYW4+PC90ZD4KICA8L3RyPgogIDx0cj4KICAgIDx0ZCBjb2xzcGFuPSIyIj4mbmJzcDs8L3RkPgogIDwvdHI+CjwvdGFibGU+,44CQ6YCB5paZ54Sh5paZ44CR44Ks44Kk44Ki44K944OV44KhIDLkurrmjpvjgZHjgr3jg5XjgqEg5LqM5Lq655SoIOS6jOS6uiDjg6zjgrbjg7wg5ZCI5oiQ55qu6Z2pIOmJhOiEmiDjgqLjgqTjgqLjg7Mg6YmEIOODoeODs+OCuiDnlLfliY0g44OW44Op44Km44OzIOOCt+ODs+ODl+ODqyDjg4rjg4Hjg6Xjg6njg6sg44OV44Kh44OW44Oq44OD44KvIOODrOODiOODrSDjgqTjg7Pjg4Djgrnjg4jjg6rjgqLjg6sg5YyX5qynIOOCouODs+ODhuOCo+ODvOOCryDjgYvjgo/jgYTjgYQg5a625YW3IOOCpOODs+ODhuODquOCoiDlrrblhbcg44GK44GX44KD44KMIOODk+ODs+ODhuODvOOCuO+8mmFzcXVpc3Nl,44CQ6YCB5paZ54Sh5paZ44CR44Ks44Kk44Ki44K944OV44KhIDLkurrmjpvjgZHjgr3jg5XjgqEg5LqM5Lq655SoIOS6jOS6uiDjg6zjgrbjg7wg5ZCI5oiQ55qu6Z2pIOmJhOiEmiDjgqLjgqTjgqLjg7Mg6YmEIOODoeODs+OCuiDnlLfliY0g44OW44Op44Km44OzIOOCt+ODs+ODl+ODqyDjg4rjg4Hjg6Xjg6njg6sg44OV44Kh44OW44Oq44OD44KvIOODrOODiOODrSDjgqTjg7Pjg4Djgrnjg4jjg6rjgqLjg6sg5YyX5qynIOOCouODs+ODhuOCo+ODvOOCryDjgYvjgo/jgYTjgYQg5a625YW3IOOCpOODs+ODhuODquOCoiDlrrblhbcg44GK44GX44KD44KMIOODk+ODs+ODhuODvOOCuA==,44OA44O844Kv44OW44Op44Km44Oz44GuUFXjg6zjgrbjg7zjgajpiYTohJrjgYzjg5Pjg7Pjg4bjg7zjgrjjgaoy5Lq65o6b44GR44K944OV44Kh44CC44CQ6YCB5paZ54Sh5paZ44CR44Ks44Kk44Ki44K944OV44KhIDLkurrmjpvjgZHjgr3jg5XjgqEg5LqM5Lq655SoIOS6jOS6uiDjg6zjgrbjg7wg5ZCI5oiQ55qu6Z2pIOmJhOiEmiDjgqLjgqTjgqLjg7Mg6YmEIOODoeODs+OCuiDnlLfliY0g44OW44Op44Km44OzIOOCt+ODs+ODl+ODqyDjg4rjg4Hjg6Xjg6njg6sg44OV44Kh44OW44Oq44OD44KvIOODrOODiOODrSDjgqTjg7Pjg4Djgrnjg4jjg6rjgqLjg6sg5YyX5qynIOOCouODs+ODhuOCo+ODvOOCryDjgYvjgo/jgYTjgYQg5a625YW3IOOCpOODs+ODhuODquOCoiDlrrblhbcg44GK44GX44KD44KMIOODk+ODs+ODhuODvOOCuA==[rn]
37-51632,aHR0cDovL3RzaG9wLnIxMHMuanAvYXNxdWlzc2UvY2FiaW5ldC8wMzA4Nzc4Ny8wMzA4NzgwMS9pbWc2MDc0NzMzMy5qcGc/Zml0aW49NzAwOjcwMA==,MzI3NDkuNjAwMA==,,44Kk44Oz44OG44Oq44Ki44O75a+d5YW344O75Y+O57SNID4g44K944OV44Kh44O744K944OV44Kh44OZ44OD44OJID4gMuS6uuaOm+OBkeOCveODleOCoSA+IOW4g+WcsA==,44CQ6YCB5paZ54Sh5paZ44CRIGVtby4gMlAgU29mYSBFTVQtMjQ2NUJSIOOCqOODoiDkuozkurrmjpvjgZHjgr3jg5XjgqEg5LqM5Lq655SoIOOCveODleOCoSDkuozkurog44OV44Os44O844OgIOOCpuOCqeODvOODq+ODiuODg+ODiCDjg5bjg6njgqbjg7Mg44K344Oz44OX44OrIOacqOijvSDjg4rjg4Hjg6Xjg6njg6sg44OZ44O844K444OlIOODluODqeOCpuODsyDjgrDjg6rjg7zjg7M=,44Km44Kp44Or44OK44OD44OI44Gu5pyo55uu44Gu44OV44Os44O844Og44GM44GC44Gf44Gf44GL44G/44Gu44GC44KL44K944OV44Kh,PGltZyBzcmM9Imh0dHA6Ly9pbWFnZS5yYWt1dGVuLmNvLmpwL2FzcXVpc3NlL2NhYmluZXQvMDMwODc3ODcvMDMwODc4MDEvaW1nNjA3NDczMzMuanBnIi8+Cjxicj4K44Km44Kp44O844Or44OK44OD44OI44Gu5pyo55uu44Gu44OV44Os44O844Og44GM57a66bqX44Gq5LqM5Lq65o6b44GR44K944OV44KhCjxicj48YnI+CjxpbWcgc3JjPSJodHRwOi8vaW1hZ2UucmFrdXRlbi5jby5qcC9hc3F1aXNzZS9jYWJpbmV0LzAzMDg3Nzg3LzAzMDg3ODAxL2ltZzYwNzQ3MzM0LmpwZyIvPgo8YnI+CuiEmuOCkuS8uOOBsOOBl+OBpuW6p+OCjOOCi+OCteOCpOOCuuaEnwo8YnI+PGJyPgo8aW1nIHNyYz0iaHR0cDovL2ltYWdlLnJha3V0ZW4uY28uanAvYXNxdWlzc2UvY2FiaW5ldC8wMzA4Nzc4Ny8wMzA4NzgwMS9pbWc2MDc0NzMzNy5qcGciLz4KPGJyPgrmqKrjgYvjgonopovjgabjgoLjgqrjgrfjg6Pjg6wKPGJyPjxicj4KPGltZyBzcmM9Imh0dHA6Ly9pbWFnZS5yYWt1dGVuLmNvLmpwL2FzcXVpc3NlL2NhYmluZXQvMDMwODc3ODcvMDMwODc4MDEvaW1nNjA3NDczMzYuanBnIi8+Cjxicj48YnI+CjxpbWcgc3JjPSJodHRwOi8vaW1hZ2UucmFrdXRlbi5jby5qcC9hc3F1aXNzZS9jYWJpbmV0LzAzMDg3Nzg3LzAzMDg3ODAxL2ltZzYwNzQ3MzM1LmpwZyIvPgo8YnI+PGJyPgo8aW1nIHNyYz0iaHR0cDovL2ltYWdlLnJha3V0ZW4uY28uanAvYXNxdWlzc2UvY2FiaW5ldC8wMzA2MDg3My8wMzA5MzI3MS9pbWc2MDMwMzA0MS5qcGciLz4KPGJyPjxicj4KCjxzdHlsZSB0eXBlPSJ0ZXh0L2NzcyI+CjwhLS0KLnN0eWxlMyB7Y29sb3I6ICMzMzMzMzM7IGZvbnQtc2l6ZTogMTJweDsgfQotLT4KPC9zdHlsZT4KCjx0YWJsZSB3aWR0aD0iNjAwIiBoZWlnaHQ9IjE5MCIgYm9yZGVyPSIxIiBjZWxsc3BhY2luZz0iMCIgYm9yZGVyY29sb3I9IiNFMUUxRTEiPgogIDx0cj4KICAgIDx0ZCB3aWR0aD0iMTA0IiBiZ2NvbG9yPSIjRjNGM0YzIj48c3BhbiBjbGFzcz0ic3R5bGUzIj7jgIDjgrXjgqTjgro8L3NwYW4+PC90ZD4KICAgIDx0ZCB3aWR0aD0iNDg2Ij48c3BhbiBjbGFzcz0ic3R5bGUzIj7jgIBXMTMyMMOXRDc3MMOXSDg1MCg0MDApIG1tCjwvc3Bhbj48L3RkPgogIDwvdHI+CiAgPHRyPgogICAgPHRkIGJnY29sb3I9IiNGM0YzRjMiPjxzcGFuIGNsYXNzPSJzdHlsZTMiPuOAgOadkOizqjwvc3Bhbj48L3RkPgogICAgPHRkPjxzcGFuIGNsYXNzPSJzdHlsZTMiPgrjgIDlpKnnhLbmnKgo5qi65p2QKTxicj4K44CA44Km44Os44K/44Oz44OV44Kp44O844Og44O744Od44Oq44Ko44K544OG44OrMTAwJTxicj4K44CA44Op44OD44Kr44O85aGX6KOFCuOAgDwvc3Bhbj48L3RkPgogIDwvdHI+CiAgICAgIDx0cj4KICAgIDx0ZCBiZ2NvbG9yPSIjRjNGM0YzIj48c3BhbiBjbGFzcz0ic3R5bGUzIj7jgIDljp/nlKPlm708L3NwYW4+PC90ZD4KICAgIDx0ZD48c3BhbiBjbGFzcz0ic3R5bGUzIj7jgIDkuK3lm708L3NwYW4+PC90ZD4KICA8L3RyPgogPHRyPgogICAgPHRkIGJnY29sb3I9IiNGM0YzRjMiPjxzcGFuIGNsYXNzPSJzdHlsZTMiPuOAgOe0jeacnzwvc3Bhbj48L3RkPgogICAgPHRkPjxzcGFuIGNsYXNzPSJzdHlsZTMiPuOAgOmAmuW4uDXml6XjgYvjgok35pel56iL5bqmPC9zcGFuPjwvdGQ+CiAgPC90cj4KCgoKCgogPC90YWJsZT4KCgo8c3R5bGUgdHlwZT0idGV4dC9jc3MiPgovKuOBiuawl+OBq+WFpeOCiuWVhuWTgeODnOOCv+ODs+OBruOCv+OCsOOBk+OBk+OBi+OCiSovCmRpdi5ib29rbWFya0FyZWEgZGl2LmJrbSB7CndpZHRoOiAzMThweCAhaW1wb3J0YW50OyAgLyoxLuOBk+OBk+OBq+eUu+WDj+OBruaoquW5heOCkuaMh+WumiovCmhlaWdodDogODNweCAhaW1wb3J0YW50OyAgLyoxLuOBk+OBk+OBq+eUu+WDj+OBrumrmOOBleOCkuaMh+WumiovCn0KZGl2LmJvb2ttYXJrQXJlYSBkaXYuYmttIGEuYWRkQmttIHNwYW4uYmttU3RhciB7CmRpc3BsYXk6IGlubGluZS1ibG9jayAhaW1wb3J0YW50OwoKd2lkdGg6IDMxOHB4ICFpbXBvcnRhbnQ7ICAgLyoxLuOBk+OBk+OBq+eUu+WDj+OBruaoquW5heOCkuaMh+WumiovCmhlaWdodDogODNweCAhaW1wb3J0YW50OyAgIC8qMS7jgZPjgZPjgavnlLvlg4/jga7pq5jjgZXjgpLmjIflrpoqLwoKCm1hcmdpbi1yaWdodDogMHB4ICFpbXBvcnRhbnQ7CmJhY2tncm91bmQ6CnVybChodHRwOi8vaW1hZ2UucmFrdXRlbi5jby5qcC9hc3F1aXNzZS9jYWJpbmV0L2ltZ3JjMDA2NDcxOTYxMS5qcGcpIG5vLXJlcGVhdCAwIDAgIWltcG9ydGFudDvjgIAKCQkJICAgLyrihpHihpEyLuOBk+OBk+OBq+OBiuWlveOBv+OBruOBiuawl+OBq+WFpeOCiueUu+WDj+OCkuOCs+ODlOODmuKGkeKGkQoqLwoKY3Vyc29yOiBwb2ludGVyICFpbXBvcnRhbnQ7Cn0KCmRpdi5ib29rbWFya0FyZWEgZGl2LmJrbSB7CndpZHRoOiAzMThweCAhaW1wb3J0YW50OyAgLyoxLuOBk+OBk+OBq+eUu+WDj+OBruaoquW5heOCkuaMh+WumiovCmhlaWdodDogODNweCAhaW1wb3J0YW50OyAgLyoxLuOBk+OBk+OBq+eUu+WDj+OBrumrmOOBleOCkuaMh+WumiovCn0KZGl2LmJvb2ttYXJrQXJlYSBkaXYuYmttIGEuYWRkQmttIHNwYW4uYmttU3RhciB7CmRpc3BsYXk6IGlubGluZS1ibG9jayAhaW1wb3J0YW50OwoKd2lkdGg6IDMxOHB4ICFpbXBvcnRhbnQ7ICAgLyoxLuOBk+OBk+OBq+eUu+WDj+OBruaoquW5heOCkuaMh+WumiovCmhlaWdodDogODNweCAhaW1wb3J0YW50OyAgIC8qMS7jgZPjgZPjgavnlLvlg4/jga7pq5jjgZXjgpLmjIflrpoqLwoKCm1hcmdpbi1yaWdodDogMHB4ICFpbXBvcnRhbnQ7CmJhY2tncm91bmQ6CnVybChodHRwOi8vaW1hZ2UucmFrdXRlbi5jby5qcC9hc3F1aXNzZS9jYWJpbmV0L2ltZ3JjMDA2NDcxOTYxMS5qcGcpIG5vLXJlcGVhdCAwIDAgIWltcG9ydGFudDvjgIAvKuOBk+OBk+OBq+OBiuWlveOBv+OBruOBiuawl+OBq+WFpeOCiueUu+WDj+OCkuOCs+ODlOODmiovCgkJCSAgIC8q4oaR4oaRMi7jgZPjgZPjgavjgYrlpb3jgb/jga7jgYrmsJfjgavlhaXjgornlLvlg4/jgpLjgrPjg5Tjg5rihpHihpEKKi8KCmN1cnNvcjogcG9pbnRlciAhaW1wb3J0YW50Owp9CgoKCi8q44GK5rCX44Gr5YWl44KK5ZWG5ZOB44Oc44K/44Oz44K/44Kw44GT44GT44G+44GnKi8KLyrjgYrosrfjgYTnianjgYvjgZTjgr/jgrDjgZPjgZPjgYvjgokqLwoKaW5wdXRbdmFsdWU9Iuiyt+OBhOeJqeOBi+OBlOOBq+WFpeOCjOOCiyJdewoKCWZvbnQtc2l6ZToxNnB4OwoJZm9udC1mYW1pbHk6QXJpYWw7Cglmb250LXdlaWdodDpub3JtYWw7CgktbW96LWJvcmRlci1yYWRpdXM6OHB4OwoJLXdlYmtpdC1ib3JkZXItcmFkaXVzOjhweDsKCWJvcmRlci1yYWRpdXM6OHB4OwoJYm9yZGVyOjFweCBzb2xpZCAjZDgzNTI2OwoJcGFkZGluZzo5cHggMThweDsKCXRleHQtZGVjb3JhdGlvbjpub25lOwoKCWJhY2tncm91bmQ6LW1vei1saW5lYXItZ3JhZGllbnQoIGNlbnRlciB0b3AsICNmZTFhMDAgNSUsICNjZTAxMDAgMTAwJSApOwoJYmFja2dyb3VuZDotbXMtbGluZWFyLWdyYWRpZW50KCB0b3AsICNmZTFhMDAgNSUsICNjZTAxMDAgMTAwJSApOwogICAgICAgCWJhY2tncm91bmQ6LXdlYmtpdC1ncmFkaWVudCggbGluZWFyLCBsZWZ0IHRvcCwgbGVmdCBib3R0b20sIGNvbG9yLXN0b3AoNSUsICNmZTFhMDApLCBjb2xvci1zdG9wKDEwMCUsICNjZTAxMDApICk7CgoJY3Vyc29yOiBwb2ludGVyICFpbXBvcnRhbnQ7CgoJYmFja2dyb3VuZC1jb2xvcjojZmUxYTAwOwoJY29sb3I6I2ZmZmZmZjsKCWRpc3BsYXk6aW5saW5lLWJsb2NrOwoJdGV4dC1zaGFkb3c6MXB4IDFweCAwcHggI2IyM2UzNTsKIAlib3gtc2hhZG93Omluc2V0IDFweCAxcHggMHB4IDBweCAjZjI5YzkzOyB9CgovKuOBiuiyt+OBhOeJqeOBi+OBlOOCv+OCsOOBk+OBk+OBvuOBpyovCgo8IS0tCi5zdHlsZTEge2ZvbnQtc2l6ZTogMTBweH0KLnN0eWxlMiB7Y29sb3I6ICNGRjAwMDB9Ci5zdHlsZTQge2NvbG9yOiAjMDAwMEZGfQotLT4KPC9zdHlsZT4KPGltZyBzcmM9Imh0dHA6Ly9pbWFnZS5yYWt1dGVuLmNvLmpwL2FzcXVpc3NlL2NhYmluZXQvaW1nNTg5MTEwODMuanBnIi8+Cjx0YWJsZSB3aWR0aD0iNjExIiBib3JkZXI9IjAiPgoKICA8dHI+CiAgICA8dGQgd2lkdGg9IjI5NCIgcm93c3Bhbj0iMiI+PHAgY2xhc3M9InN0eWxlMSI+4pag5Za25qWt5pmC6ZaT5bivPGJyPgoJ44ON44OD44OI44Gn44Gu44GU5rOo5paH44Gv44CBPHNwYW4gY2xhc3M9InN0eWxlMiI+MjTmmYLplpM8L3NwYW4+5Y+X44GR5LuY44GR44Gm44GK44KK44G+44GZ44CCPGJyPjxicj4KCuOBiumbu+ipseOBp+OBruOBiuWVj+WQiOOBm+OBr+S4i+iomOOBruaZgumWk+W4r+OBq+OBiumhmOOBhOOBl+OBvuOBmeOAggo8YnI+CgoKPHNwYW4gY2xhc3M9InN0eWxlMiI+MTE6MDDvvZ4yMDowMDwvc3Bhbj4g44CAIDxzcGFuIGNsYXNzPSJzdHlsZTIiPuKAu+eBq+abnOaXpeOBr+OBiuS8keOBvzwvc3Bhbj7jgpLjgYTjgZ/jgaDjgYTjgabjgYrjgorjgb7jgZnjgII8YnI+Cjxicj4KCuKWoOmAgeaWmTxicj4K5YWo5Zu95LiA5b6L5paZ6YeR77yaPHNwYW4gY2xhc3M9InN0eWxlMiI+NTgw5YaGPC9zcGFuPjxicj4KKOWMl+a1t+mBk+OAgeaylue4hOOAgembouWztuODu+S4gOmDqOWcsOWfn+OBr+i/veWKoOmAgeaWmeeZuueUn+OBl+OBvuOBmeOAgik8YnI+Cjxicj4K4pag5a6F6YWN5L6/PGJyPgrjg6Tjg57jg4jpgYvovLjjgIDopb/mv4PpgYvovLjjgIDkvZDlt53mgKXkvr/jgIDjgobjgYbjg5Hjg4Pjgq88YnI+Cjxicj4K4pag5ZWG5ZOB55m66YCB44Gu44K/44Kk44Of44Oz44KwPGJyPgrnibnjgavjgZTmjIflrprjgYzjgarjgYTloLTlkIjjgIE8YnI+CualveWkqeODkOODs+OCr+axuua4iOOAgemKgOihjOaMr+i+vOKHkuOBlOWFpemHkeeiuuiqjeW+jOOAgTxzcGFuIGNsYXNzPSJzdHlsZTIiPjfllrbmpa3ml6Xku6XlhoU8L3NwYW4+44Gr55m66YCB6Ie044GX44G+44GZ44CCPGJyPgrjgq/jg6zjgrjjg4Pjg4jjgIHku6Pph5HlvJXmj5vjgIDih5LjgZTms6jmlofnorroqo3lvozjgIE8c3BhbiBjbGFzcz0ic3R5bGUyIj435Za25qWt5pel5Lul5YaFPC9zcGFuPuOBq+eZuumAgeiHtOOBl+OBvuOBmeOAgiAKPGJyPgo8YnI+CuKWoOi/lOWTgeODu+S6pOaPm+OBq+OBpOOBhOOBpjxicj4K5ZWG5ZOB44Gu44Kr44Op44O844Gr6Zai44GX44G+44GX44Gm44Gv6Zay6Kan55Kw5aKD44Gr44KI44Gj44Gm6Iul5bmy6YGV44Gj44Gm6KaL44GI44KL5aC05ZCI44GM44GU44GW44GE44G+44GZ5LqI44KB44GU5LqG5om/5LiL44GV44GE44CCPGJyPgrjg6Hjg7zjgqvjg7zjgYzliJ3mnJ/kuI3oia/jgajoqo3lrprjgZfjgabjgYTjgarjgYTllYblk4HjgIHjgIzjgqTjg6Hjg7zjgrjjgajpgZXjgYbjgI3nrYnjga7ov5Tlk4Hjg7vkuqTmj5vjga/jgYrlj5fjgZHjgafjgY3jgb7jgZvjgpPjga7jgafjgZTkuobmib/jgY/jgaDjgZXjgYTjgII8YnI+CuS6i+WJjeOBruOBlOmAo+e1oeOBruOBquOBhOi/lOWTgeOBq+mWouOBl+OBvuOBl+OBpuOBr+OBiuWPl+OBkeOBp+OBjeOBvuOBm+OCkzxicj4K77yI552A5omV44GE562J44Gn44Gu6L+U5ZOB77yJ44GU5LqG5om/44GP44Gg44GV44GE44CCPGJyPgo8YnI+CuKWoOS4jeiJr+WTgeOBq+OBpOOBhOOBpjxicj4K5ZWG5ZOB44GM56C05pCN44O75rGa5pCN44GX44Gm44GE44Gf5aC05ZCI44Gv6YWN6YGU5b6M5LiA6YCx6ZaT5Lul5YaF44Gr44Oh44O844Or44GL6Zu76Kmx44Gn44GU6YCj57Wh44GP44Gg44GV44GE44CCCuOBmeOBkOOBq+S6pOaPm+OBruWTgeOBvuOBn+OBr+i/lOWTgeOCkuaJv+OCiuOBvuOBmeOAgjxicj4K4oC744GT44Gu5aC05ZCI44Gv6YCB5paZ44CB5omL5pWw5paZ44Gv5b2T5bqX44GM6LKg5ouF44GE44Gf44GX44G+44GZ44CCCiAgPC90ZD4KICAgIDx0ZCB3aWR0aD0iMzA3IiBoZWlnaHQ9IjYyIiB2YWxpZ249InRvcCI+PHNwYW4gY2xhc3M9InN0eWxlMSI+4pag44GK5pSv5omV44GE5pa55rOV44Gr44Gk44GE44GmPGJyPgogICAg44GK5pSv5omV44GE44Gv5qW95aSp44OQ44Oz44Kv44CB6YqA6KGM5oyv44KK6L6844G/44CB5Luj6YeR5byV5o+b44CB44Kv44Os44K444OD44OI44GM44GU5Yip55So44GE44Gf44Gg44GR44G+44GZ44CCPGJyIC8+CiAgICA8YnI+CiAgICA8c3BhbiBjbGFzcz0ic3R5bGU0Ij7igLvjgq/jg6zjgrjjg4Pjg4jjgqvjg7zjg4njga7jgrvjgq3jg6Xjg6rjg4bjgqPjga9TU0zjgajjgYTjgYbjgrfjgrnjg4bjg6DjgpLliKnnlKjjgZfjgabjgYrjgorjgb7jgZnjgIIg44Kr44O844OJ55Wq5Y+344Gv5pqX5Y+35YyW44GV44KM44Gm5a6J5YWo44Gr6YCB5L+h44GV44KM44G+44GZ44Gu44Gn44CB44Gp44GG44Ge44GU5a6J5b+D44GP44Gg44GV44GE44CCPGJyIC8+CiAgICA8aW1nIHNyYz0iaHR0cDovL2ltYWdlLnJha3V0ZW4uY28uanAvX3N1cHBvcnQtb3MvY2FiaW5ldC92aXNhLmdpZiIgLz4gPGltZyBzcmM9Imh0dHA6Ly9pbWFnZS5yYWt1dGVuLmNvLmpwL19zdXBwb3J0LW9zL2NhYmluZXQvbWFzdGVyY2FyZC5naWYiIC8+IDxpbWcgc3JjPSJodHRwOi8vaW1hZ2UucmFrdXRlbi5jby5qcC9fc3VwcG9ydC1vcy9jYWJpbmV0L2pjYi5naWYiIC8+IDxpbWcgc3JjPSJodHRwOi8vaW1hZ2UucmFrdXRlbi5jby5qcC9fc3VwcG9ydC1vcy9jYWJpbmV0L2RpbmVycy5naWYiIC8+IDxpbWcgc3JjPSJodHRwOi8vaW1hZ2UucmFrdXRlbi5jby5qcC9fc3VwcG9ydC1vcy9jYWJpbmV0L2FtZXguZ2lmIiAvPiA8aW1nIHNyYz0iaHR0cDovL2ltYWdlLnJha3V0ZW4uY28uanAvX3N1cHBvcnQtb3MvY2FiaW5ldC9naW5rb3UuZ2lmIiB3aWR0aD0iMzYiIGhlaWdodD0iMzYiIC8+IDxpbWcgc3JjPSJodHRwOi8vaW1hZ2UucmFrdXRlbi5jby5qcC9fc3VwcG9ydC1vcy9jYWJpbmV0L2RhaWJpa2kuZ2lmIiB3aWR0aD0iMzYiIGhlaWdodD0iMzYiIC8+PC9zcGFuPjwvc3Bhbj48L3RkPgogIDwvdHI+CiAgCiAgPHRyPgogICAgPHRkIHZhbGlnbj0idG9wIj48c3BhbiBjbGFzcz0ic3R5bGUxIj7ilqDmpb3lpKnjg5Djg7Pjgq/msbrmuIg8YnI+CualveWkqeODkOODs+OCr+axuua4iOaJi+aVsOaWmSjnqI7ovrwpPGJyPgox5YaG772eMjksOTk55YaG44CA44CAPHNwYW4gY2xhc3M9InN0eWxlMiI+MTU15YaGPC9zcGFuPjxicj4KMzAsMDAw5YaG772e44CA44CA44CA44CAPHNwYW4gY2xhc3M9InN0eWxlMiI+MjU35YaGPC9zcGFuPjxicj48YnI+CgrilqDku6Pph5HlvJXmj5sgPGJyPgrku6PlvJXmiYvmlbDmlpnmlpnvvJrlhajlm73kuIDlvovmlpnph5HvvJogPHNwYW4gY2xhc3M9InN0eWxlMiI+MzI05YaGPC9zcGFuPjxicj4KPGJyPgrilqDpioDooYzmjK/ovrw8YnI+CuOBlOWFpemHkeeiuuiqjeW+jOOBq+eZuumAgeOBhOOBn+OBl+OBvuOBmeOAgjxicj4K5oyv6L685omL5pWw5paZ44Gv44GK5a6i5qeY6LKg5ouF44Gn44GK6aGY44GE6Ie044GX44G+44GZ44CCPGJyPgo8YnI+CuOAkOaMr+i+vOWFiOOAkSDmpb3lpKnpioDooYzvvIjjg6njgq/jg4bjg7Pjgq7jg7PjgrPjgqbvvInmpb3lpKnluILloLTmlK/lupfvvIjjg6njgq/jg4bjg7PjgqTjg4Hjg5Djgrfjg4bjg7PvvIkg5pmu6YCaIDEwNDcwNzAg44Op44Kv44OG44Oz77yI77yh77yz77yx77y177yp77yz77yz77ylIAo8YnI+4oC744GT44Gu5Y+j5bqn44Gu5qip5Yip44Gv5qW95aSp5qCq5byP5Lya56S+44GM5L+d5pyJ44GX44Gm44GE44G+44GZ44CCIDxicj4KPGJyPgo8c3BhbiBjbGFzcz0ic3R5bGU0Ij7igLvjg53jgqTjg7Pjg4jjgpLjgZTliKnnlKjjga7loLTlkIjnrYnjgIHmpb3lpKnjgYvjgonoh6rli5XjgafphY3kv6HjgZXjgozjgovnorroqo3jg6Hjg7zjg6vjga7ph5HpoY3jgajjgYrmjK/ovrzjgb/mmYLjga7ph5HpoY3jgYznlbDjgarjgovloLTlkIjjgYzjgZTjgZbjgYTjgb7jgZnjgIIK44Gu44Gh44G744Gp5b2T5bqX44GL44KJ44GK6YCB44KK44GZ44KL44Oh44O844Or44Gr6KiY6LyJ44Gu6YeR6aGN44KS44GK5oyv6L6844G/44GP44Gg44GV44GE44CCPC9zcGFuPjwvc3Bhbj48L3RkPgogIDwvdHI+CiAgPHRyPgogICAgPHRkIGNvbHNwYW49IjIiPiZuYnNwOzwvdGQ+CiAgPC90cj4KPC90YWJsZT4=,44CQ6YCB5paZ54Sh5paZ44CRIGVtby4gMlAgU29mYSBFTVQtMjQ2NUJSIOOCqOODoiDkuozkurrmjpvjgZHjgr3jg5XjgqEg5LqM5Lq655SoIOOCveODleOCoSDkuozkurog44OV44Os44O844OgIOOCpuOCqeODvOODq+ODiuODg+ODiCDjg5bjg6njgqbjg7Mg44K344Oz44OX44OrIOacqOijvSDjg4rjg4Hjg6Xjg6njg6sg44OZ44O844K444OlIOODluODqeOCpuODsyDjgrDjg6rjg7zjg7PvvJphc3F1aXNzZQ==,44CQ6YCB5paZ54Sh5paZ44CRIGVtby4gMlAgU29mYSBFTVQtMjQ2NUJSIOOCqOODoiDkuozkurrmjpvjgZHjgr3jg5XjgqEg5LqM5Lq655SoIOOCveODleOCoSDkuozkurog44OV44Os44O844OgIOOCpuOCqeODvOODq+ODiuODg+ODiCDjg5bjg6njgqbjg7Mg44K344Oz44OX44OrIOacqOijvSDjg4rjg4Hjg6Xjg6njg6sg44OZ44O844K444OlIOODluODqeOCpuODsyDjgrDjg6rjg7zjg7M=,44Km44Kp44Or44OK44OD44OI44Gu5pyo55uu44Gu44OV44Os44O844Og44GM44GC44Gf44Gf44GL44G/44Gu44GC44KL44K944OV44Kh44CC44CQ6YCB5paZ54Sh5paZ44CRIGVtby4gMlAgU29mYSBFTVQtMjQ2NUJSIOOCqOODoiDkuozkurrmjpvjgZHjgr3jg5XjgqEg5LqM5Lq655SoIOOCveODleOCoSDkuozkurog44OV44Os44O844OgIOOCpuOCqeODvOODq+ODiuODg+ODiCDjg5bjg6njgqbjg7Mg44K344Oz44OX44OrIOacqOijvSDjg4rjg4Hjg6Xjg6njg6sg44OZ44O844K444OlIOODluODqeOCpuODsyDjgrDjg6rjg7zjg7M=[rn]
37-51633,aHR0cDovL3RzaG9wLnIxMHMuanAvZ29sZC9hc3F1aXNzZS9henVtYXlhL21zNTcxLzBtczU3MS5qcGc/Zml0aW49NzAwOjcwMA==,NzU2MDAuMDAwMA==,,44Kk44Oz44OG44Oq44Ki44O75a+d5YW344O75Y+O57SNID4g44K944OV44Kh44O744K944OV44Kh44OZ44OD44OJID4gMuS6uuaOm+OBkeOCveODleOCoSA+IOW4g+WcsA==,44Oe44OO44Oz44K944OV44KhIDLkurrmjpvjgZEg44K944OV44Kh44O8IOS6jOS6uuaOm+OBkSDjgqLjgqTjg5zjg6rjg7wg44Ob44Ov44Kk44OIIOOBiuOBl+OCg+OCjCDjg6zjg4jjg60g44OK44OB44Ol44Op44OrIOOCq+OCuOODpeOCouODqyDjg53jg4Pjg5cg44GL44KP44GE44GEIOS4gOS6uuaaruOCieOBlyDljJfmrKcg54Sh5Z6iIOOCt+ODs+ODl+ODqyDjgqbjg4Pjg4kg5pyo6KO9IOOCq+ODkOODvOODquODs+OCsCDjgJDpgIHmlpnnhKHmlpnjgJE=,5Li444G/44KS5biv44Gz44Gf5Y+v5oSb44KJ44GX44GE5Y2w6LGh44GuMuS6uuaOm+OBkeOCveODleOCoQ==,PGltZyBzcmM9Imh0dHA6Ly93d3cucmFrdXRlbi5uZS5qcC9nb2xkL2FzcXVpc3NlL2F6dW1heWEvbXM1NzEvMG1zNTcxLmpwZyIvPgo8cD7jgIDkuLjjgb/jgpLluK/jgbPjgZ/lj6/mhJvjgonjgZfjgYTljbDosaHjga4y5Lq65o6b44GR44K944OV44KhPGJyPjxicj4K44CA44OV44Kh44OW44Oq44OD44Kv44Go44Km44OD44OJ6ISa44GM44GC44Gf44Gf44GL44G/44GM44GC44KK44CB5YSq44GX44GE6Zuw5Zuy5rCX44Gn44GZPC9wPgo8cD7jgIDjg6zjg4jjg63jgIHjg4rjg4Hjg6Xjg6njg6vjgIHljJfmrKfjg4bjgqTjgrnjg4jjgavjgYrjgZnjgZnjgoHjgafjgZk8L3A+CjxwPuOAgOiEmuOBjOOBpOOBhOOBpuOBhOOCi+OBk+OBqOOBp+mHjeiLpuOBl+OBj+OBquOCieOBmuOAgeODkOODqeODs+OCueOBruOBqOOCjOOBn+WPluOCiuWFpeOCjOOChOOBmeOBhOODh+OCtuOCpOODs+OBp+OBmTwvcD4KPHA+44CA44Kv44OD44K344On44Oz5LuY44GN44Gn44Kz44O844OH44Kj44ON44O844OI44Gr44KC5Zuw44KJ44Ga44CB44Kr44OQ44O844Oq44Oz44Kw5LuV5qeY44Gq44Gu44Gn44GE44Gk44Gn44KC5riF5r2U44Gr5L+d44Gm44G+44GZPC9wPgo8aW1nIHNyYz0iaHR0cDovL3d3dy5yYWt1dGVuLm5lLmpwL2dvbGQvYXNxdWlzc2UvYXp1bWF5YS9tczU3MS8ybXM1NzEuanBnIi8+Cjxicj48YnI+CjxpbWcgc3JjPSJodHRwOi8vaW1hZ2UucmFrdXRlbi5jby5qcC9hc3F1aXNzZS9jYWJpbmV0LzAzMDYwODczLzAzMDkzMjcxL2ltZzYwMzAzMDQxLmpwZyIvPgo8YnI+PGJyPgoKPHN0eWxlIHR5cGU9InRleHQvY3NzIj4KPCEtLQouc3R5bGUzIHtjb2xvcjogIzMzMzMzMzsgZm9udC1zaXplOiAxMnB4OyB9Ci0tPgo8L3N0eWxlPgoKPHRhYmxlIHdpZHRoPSI2MDAiIGhlaWdodD0iNDAwIiBib3JkZXI9IjEiIGNlbGxzcGFjaW5nPSIwIiBib3JkZXJjb2xvcj0iI0UxRTFFMSI+Cjx0cj4KICAgIDx0ZCB3aWR0aD0iMTA0IiBiZ2NvbG9yPSIjRjNGM0YzIj48c3BhbiBjbGFzcz0ic3R5bGUzIj7jgIAK54m55b60PC9zcGFuPjwvdGQ+CiAgICA8dGQgd2lkdGg9IjQ4NiI+PHNwYW4gY2xhc3M9InN0eWxlMyI+CuOAgOS4uOOBv+OCkuW4r+OBs+OBn+WPr+aEm+OCieOBl+OBhOWNsOixoeOBrjLkurrmjpvjgZHjgr3jg5XjgqE8YnI+CuOAgOODrOODiOODreOAgeODiuODgeODpeODqeODq+OAgeWMl+asp+ODhuOCpOOCueODiOOBq+OBiuOBmeOBmeOCgeOBp+OBmTwvc3Bhbj48L3RkPgogIDwvdHI+Cjx0cj4KICAgIDx0ZCB3aWR0aD0iMTA0IiBiZ2NvbG9yPSIjRjNGM0YzIj48c3BhbiBjbGFzcz0ic3R5bGUzIj7jgIAK44K144Kk44K6PC9zcGFuPjwvdGQ+CiAgICA8dGQgd2lkdGg9IjQ4NiI+PHNwYW4gY2xhc3M9InN0eWxlMyI+CuOAgFcxNDkww5dEOTEww5dIODAwKFNINDIwKSBtbTwvc3Bhbj48L3RkPgogIDwvdHI+Cjx0cj4KICAgIDx0ZCBiZ2NvbG9yPSIjRjNGM0YzIj48c3BhbiBjbGFzcz0ic3R5bGUzIj7jgIDmnZDos6o8L3NwYW4+PC90ZD4KICAgIDx0ZD48c3BhbiBjbGFzcz0ic3R5bGUzIj7jgIDmnKjjg5Xjg6zjg7zjg6DjgIDjgqbjg6zjgr/jg7Pjg5Xjgqnjg7zjg6DjgIDjg6zjg7zjg6jjg7PjgIDjg53jg6rjgqjjgrnjg4bjg6vjgIDjgrPjg4Pjg4jjg7PjgIDpurs8L3NwYW4+PC90ZD4KICA8L3RyPgo8dHI+CiAgICA8dGQgYmdjb2xvcj0iI0YzRjNGMyI+PHNwYW4gY2xhc3M9InN0eWxlMyI+44CA5YKZ6ICDPC9zcGFuPjwvdGQ+CiAgICA8dGQ+PHNwYW4gY2xhc3M9InN0eWxlMyI+CuOAgOeOhOmWoua4oeOBl+WVhuWTgSjlroXphY3kvr/jgafjga7jgYrlsYrjgZEpPGJyPgrjgIDjgq/jg4Pjgrfjg6fjg7Pku5jjgY08YnI+CuOAgOOCq+ODkOODvOODquODs+OCsOS7leanmDwvc3Bhbj48L3RkPgogIDwvdHI+CiAgICAgIDx0cj4KICAgIDx0ZCBiZ2NvbG9yPSIjRjNGM0YzIj48c3BhbiBjbGFzcz0ic3R5bGUzIj7jgIDntI3mnJ88L3NwYW4+PC90ZD4KICAgIDx0ZD48c3BhbiBjbGFzcz0ic3R5bGUzIj7jgIDjgYrlj5bjgorlr4TjgZvllYblk4Hjgavjgarjgorjgb7jgZnjgILpgJrluLg35pel44GL44KJMTDml6XnqIvluqY8L3NwYW4+PC90ZD4KICA8L3RyPgoKCgoKCiA8L3RhYmxlPgoKCjxzdHlsZSB0eXBlPSJ0ZXh0L2NzcyI+Ci8q44GK5rCX44Gr5YWl44KK5ZWG5ZOB44Oc44K/44Oz44Gu44K/44Kw44GT44GT44GL44KJKi8KZGl2LmJvb2ttYXJrQXJlYSBkaXYuYmttIHsKd2lkdGg6IDMxOHB4ICFpbXBvcnRhbnQ7ICAvKjEu44GT44GT44Gr55S75YOP44Gu5qiq5bmF44KS5oyH5a6aKi8KaGVpZ2h0OiA4M3B4ICFpbXBvcnRhbnQ7ICAvKjEu44GT44GT44Gr55S75YOP44Gu6auY44GV44KS5oyH5a6aKi8KfQpkaXYuYm9va21hcmtBcmVhIGRpdi5ia20gYS5hZGRCa20gc3Bhbi5ia21TdGFyIHsKZGlzcGxheTogaW5saW5lLWJsb2NrICFpbXBvcnRhbnQ7Cgp3aWR0aDogMzE4cHggIWltcG9ydGFudDsgICAvKjEu44GT44GT44Gr55S75YOP44Gu5qiq5bmF44KS5oyH5a6aKi8KaGVpZ2h0OiA4M3B4ICFpbXBvcnRhbnQ7ICAgLyoxLuOBk+OBk+OBq+eUu+WDj+OBrumrmOOBleOCkuaMh+WumiovCgoKbWFyZ2luLXJpZ2h0OiAwcHggIWltcG9ydGFudDsKYmFja2dyb3VuZDoKdXJsKGh0dHA6Ly9pbWFnZS5yYWt1dGVuLmNvLmpwL2FzcXVpc3NlL2NhYmluZXQvaW1ncmMwMDY0NzE5NjExLmpwZykgbm8tcmVwZWF0IDAgMCAhaW1wb3J0YW50O+OAgAoJCQkgICAvKuKGkeKGkTIu44GT44GT44Gr44GK5aW944G/44Gu44GK5rCX44Gr5YWl44KK55S75YOP44KS44Kz44OU44Oa4oaR4oaRCiovCgpjdXJzb3I6IHBvaW50ZXIgIWltcG9ydGFudDsKfQoKZGl2LmJvb2ttYXJrQXJlYSBkaXYuYmttIHsKd2lkdGg6IDMxOHB4ICFpbXBvcnRhbnQ7ICAvKjEu44GT44GT44Gr55S75YOP44Gu5qiq5bmF44KS5oyH5a6aKi8KaGVpZ2h0OiA4M3B4ICFpbXBvcnRhbnQ7ICAvKjEu44GT44GT44Gr55S75YOP44Gu6auY44GV44KS5oyH5a6aKi8KfQpkaXYuYm9va21hcmtBcmVhIGRpdi5ia20gYS5hZGRCa20gc3Bhbi5ia21TdGFyIHsKZGlzcGxheTogaW5saW5lLWJsb2NrICFpbXBvcnRhbnQ7Cgp3aWR0aDogMzE4cHggIWltcG9ydGFudDsgICAvKjEu44GT44GT44Gr55S75YOP44Gu5qiq5bmF44KS5oyH5a6aKi8KaGVpZ2h0OiA4M3B4ICFpbXBvcnRhbnQ7ICAgLyoxLuOBk+OBk+OBq+eUu+WDj+OBrumrmOOBleOCkuaMh+WumiovCgoKbWFyZ2luLXJpZ2h0OiAwcHggIWltcG9ydGFudDsKYmFja2dyb3VuZDoKdXJsKGh0dHA6Ly9pbWFnZS5yYWt1dGVuLmNvLmpwL2FzcXVpc3NlL2NhYmluZXQvaW1ncmMwMDY0NzE5NjExLmpwZykgbm8tcmVwZWF0IDAgMCAhaW1wb3J0YW50O+OAgC8q44GT44GT44Gr44GK5aW944G/44Gu44GK5rCX44Gr5YWl44KK55S75YOP44KS44Kz44OU44OaKi8KCQkJICAgLyrihpHihpEyLuOBk+OBk+OBq+OBiuWlveOBv+OBruOBiuawl+OBq+WFpeOCiueUu+WDj+OCkuOCs+ODlOODmuKGkeKGkQoqLwoKY3Vyc29yOiBwb2ludGVyICFpbXBvcnRhbnQ7Cn0KCgoKLyrjgYrmsJfjgavlhaXjgorllYblk4Hjg5zjgr/jg7Pjgr/jgrDjgZPjgZPjgb7jgacqLwovKuOBiuiyt+OBhOeJqeOBi+OBlOOCv+OCsOOBk+OBk+OBi+OCiSovCgppbnB1dFt2YWx1ZT0i6LK344GE54mp44GL44GU44Gr5YWl44KM44KLIl17CgoJZm9udC1zaXplOjE2cHg7Cglmb250LWZhbWlseTpBcmlhbDsKCWZvbnQtd2VpZ2h0Om5vcm1hbDsKCS1tb3otYm9yZGVyLXJhZGl1czo4cHg7Cgktd2Via2l0LWJvcmRlci1yYWRpdXM6OHB4OwoJYm9yZGVyLXJhZGl1czo4cHg7Cglib3JkZXI6MXB4IHNvbGlkICNkODM1MjY7CglwYWRkaW5nOjlweCAxOHB4OwoJdGV4dC1kZWNvcmF0aW9uOm5vbmU7CgoJYmFja2dyb3VuZDotbW96LWxpbmVhci1ncmFkaWVudCggY2VudGVyIHRvcCwgI2ZlMWEwMCA1JSwgI2NlMDEwMCAxMDAlICk7CgliYWNrZ3JvdW5kOi1tcy1saW5lYXItZ3JhZGllbnQoIHRvcCwgI2ZlMWEwMCA1JSwgI2NlMDEwMCAxMDAlICk7CiAgICAgICAJYmFja2dyb3VuZDotd2Via2l0LWdyYWRpZW50KCBsaW5lYXIsIGxlZnQgdG9wLCBsZWZ0IGJvdHRvbSwgY29sb3Itc3RvcCg1JSwgI2ZlMWEwMCksIGNvbG9yLXN0b3AoMTAwJSwgI2NlMDEwMCkgKTsKCgljdXJzb3I6IHBvaW50ZXIgIWltcG9ydGFudDsKCgliYWNrZ3JvdW5kLWNvbG9yOiNmZTFhMDA7Cgljb2xvcjojZmZmZmZmOwoJZGlzcGxheTppbmxpbmUtYmxvY2s7Cgl0ZXh0LXNoYWRvdzoxcHggMXB4IDBweCAjYjIzZTM1OwogCWJveC1zaGFkb3c6aW5zZXQgMXB4IDFweCAwcHggMHB4ICNmMjljOTM7IH0KCi8q44GK6LK344GE54mp44GL44GU44K/44Kw44GT44GT44G+44GnKi8KCjwhLS0KLnN0eWxlMSB7Zm9udC1zaXplOiAxMHB4fQouc3R5bGUyIHtjb2xvcjogI0ZGMDAwMH0KLnN0eWxlNCB7Y29sb3I6ICMwMDAwRkZ9Ci0tPgo8L3N0eWxlPgo8aW1nIHNyYz0iaHR0cDovL2ltYWdlLnJha3V0ZW4uY28uanAvYXNxdWlzc2UvY2FiaW5ldC9pbWc1ODkxMTA4My5qcGciLz4KPHRhYmxlIHdpZHRoPSI2MTEiIGJvcmRlcj0iMCI+CgogIDx0cj4KICAgIDx0ZCB3aWR0aD0iMjk0IiByb3dzcGFuPSIyIj48cCBjbGFzcz0ic3R5bGUxIj7ilqDllrbmpa3mmYLplpPluK88YnI+Cgnjg43jg4Pjg4jjgafjga7jgZTms6jmlofjga/jgIE8c3BhbiBjbGFzcz0ic3R5bGUyIj4yNOaZgumWkzwvc3Bhbj7lj5fjgZHku5jjgZHjgabjgYrjgorjgb7jgZnjgII8YnI+PGJyPgoK44GK6Zu76Kmx44Gn44Gu44GK5ZWP5ZCI44Gb44Gv5LiL6KiY44Gu5pmC6ZaT5biv44Gr44GK6aGY44GE44GX44G+44GZ44CCCjxicj4KCgo8c3BhbiBjbGFzcz0ic3R5bGUyIj4xMTowMO+9njIwOjAwPC9zcGFuPiDjgIAgPHNwYW4gY2xhc3M9InN0eWxlMiI+4oC754Gr5puc5pel44Gv44GK5LyR44G/PC9zcGFuPuOCkuOBhOOBn+OBoOOBhOOBpuOBiuOCiuOBvuOBmeOAgjxicj4KPGJyPgoK4pag6YCB5paZPGJyPgrlhajlm73kuIDlvovmlpnph5HvvJo8c3BhbiBjbGFzcz0ic3R5bGUyIj41ODDlhoY8L3NwYW4+PGJyPgoo5YyX5rW36YGT44CB5rKW57iE44CB6Zui5bO244O75LiA6YOo5Zyw5Z+f44Gv6L+95Yqg6YCB5paZ55m655Sf44GX44G+44GZ44CCKTxicj4KPGJyPgrilqDlroXphY3kvr88YnI+CuODpOODnuODiOmBi+i8uOOAgOilv+a/g+mBi+i8uOOAgOS9kOW3neaApeS+v+OAgOOChuOBhuODkeODg+OCrzxicj4KPGJyPgrilqDllYblk4HnmbrpgIHjga7jgr/jgqTjg5/jg7PjgrA8YnI+CueJueOBq+OBlOaMh+WumuOBjOOBquOBhOWgtOWQiOOAgTxicj4K5qW95aSp44OQ44Oz44Kv5rG65riI44CB6YqA6KGM5oyv6L684oeS44GU5YWl6YeR56K66KqN5b6M44CBPHNwYW4gY2xhc3M9InN0eWxlMiI+N+WWtualreaXpeS7peWGhTwvc3Bhbj7jgavnmbrpgIHoh7TjgZfjgb7jgZnjgII8YnI+CuOCr+ODrOOCuOODg+ODiOOAgeS7o+mHkeW8leaPm+OAgOKHkuOBlOazqOaWh+eiuuiqjeW+jOOAgTxzcGFuIGNsYXNzPSJzdHlsZTIiPjfllrbmpa3ml6Xku6XlhoU8L3NwYW4+44Gr55m66YCB6Ie044GX44G+44GZ44CCIAo8YnI+Cjxicj4K4pag6L+U5ZOB44O75Lqk5o+b44Gr44Gk44GE44GmPGJyPgrllYblk4Hjga7jgqvjg6njg7zjgavplqLjgZfjgb7jgZfjgabjga/plrLopqfnkrDlooPjgavjgojjgaPjgaboi6XlubLpgZXjgaPjgabopovjgYjjgovloLTlkIjjgYzjgZTjgZbjgYTjgb7jgZnkuojjgoHjgZTkuobmib/kuIvjgZXjgYTjgII8YnI+CuODoeODvOOCq+ODvOOBjOWIneacn+S4jeiJr+OBqOiqjeWumuOBl+OBpuOBhOOBquOBhOWVhuWTgeOAgeOAjOOCpOODoeODvOOCuOOBqOmBleOBhuOAjeetieOBrui/lOWTgeODu+S6pOaPm+OBr+OBiuWPl+OBkeOBp+OBjeOBvuOBm+OCk+OBruOBp+OBlOS6huaJv+OBj+OBoOOBleOBhOOAgjxicj4K5LqL5YmN44Gu44GU6YCj57Wh44Gu44Gq44GE6L+U5ZOB44Gr6Zai44GX44G+44GX44Gm44Gv44GK5Y+X44GR44Gn44GN44G+44Gb44KTPGJyPgrvvIjnnYDmiZXjgYTnrYnjgafjga7ov5Tlk4HvvInjgZTkuobmib/jgY/jgaDjgZXjgYTjgII8YnI+Cjxicj4K4pag5LiN6Imv5ZOB44Gr44Gk44GE44GmPGJyPgrllYblk4HjgYznoLTmkI3jg7vmsZrmkI3jgZfjgabjgYTjgZ/loLTlkIjjga/phY3pgZTlvozkuIDpgLHplpPku6XlhoXjgavjg6Hjg7zjg6vjgYvpm7voqbHjgafjgZTpgKPntaHjgY/jgaDjgZXjgYTjgIIK44GZ44GQ44Gr5Lqk5o+b44Gu5ZOB44G+44Gf44Gv6L+U5ZOB44KS5om/44KK44G+44GZ44CCPGJyPgrigLvjgZPjga7loLTlkIjjga/pgIHmlpnjgIHmiYvmlbDmlpnjga/lvZPlupfjgYzosqDmi4XjgYTjgZ/jgZfjgb7jgZnjgIIKICA8L3RkPgogICAgPHRkIHdpZHRoPSIzMDciIGhlaWdodD0iNjIiIHZhbGlnbj0idG9wIj48c3BhbiBjbGFzcz0ic3R5bGUxIj7ilqDjgYrmlK/miZXjgYTmlrnms5XjgavjgaTjgYTjgaY8YnI+CiAgICDjgYrmlK/miZXjgYTjga/mpb3lpKnjg5Djg7Pjgq/jgIHpioDooYzmjK/jgorovrzjgb/jgIHku6Pph5HlvJXmj5vjgIHjgq/jg6zjgrjjg4Pjg4jjgYzjgZTliKnnlKjjgYTjgZ/jgaDjgZHjgb7jgZnjgII8YnIgLz4KICAgIDxicj4KICAgIDxzcGFuIGNsYXNzPSJzdHlsZTQiPuKAu+OCr+ODrOOCuOODg+ODiOOCq+ODvOODieOBruOCu+OCreODpeODquODhuOCo+OBr1NTTOOBqOOBhOOBhuOCt+OCueODhuODoOOCkuWIqeeUqOOBl+OBpuOBiuOCiuOBvuOBmeOAgiDjgqvjg7zjg4nnlarlj7fjga/mmpflj7fljJbjgZXjgozjgablronlhajjgavpgIHkv6HjgZXjgozjgb7jgZnjga7jgafjgIHjganjgYbjgZ7jgZTlronlv4PjgY/jgaDjgZXjgYTjgII8YnIgLz4KICAgIDxpbWcgc3JjPSJodHRwOi8vaW1hZ2UucmFrdXRlbi5jby5qcC9fc3VwcG9ydC1vcy9jYWJpbmV0L3Zpc2EuZ2lmIiAvPiA8aW1nIHNyYz0iaHR0cDovL2ltYWdlLnJha3V0ZW4uY28uanAvX3N1cHBvcnQtb3MvY2FiaW5ldC9tYXN0ZXJjYXJkLmdpZiIgLz4gPGltZyBzcmM9Imh0dHA6Ly9pbWFnZS5yYWt1dGVuLmNvLmpwL19zdXBwb3J0LW9zL2NhYmluZXQvamNiLmdpZiIgLz4gPGltZyBzcmM9Imh0dHA6Ly9pbWFnZS5yYWt1dGVuLmNvLmpwL19zdXBwb3J0LW9zL2NhYmluZXQvZGluZXJzLmdpZiIgLz4gPGltZyBzcmM9Imh0dHA6Ly9pbWFnZS5yYWt1dGVuLmNvLmpwL19zdXBwb3J0LW9zL2NhYmluZXQvYW1leC5naWYiIC8+IDxpbWcgc3JjPSJodHRwOi8vaW1hZ2UucmFrdXRlbi5jby5qcC9fc3VwcG9ydC1vcy9jYWJpbmV0L2dpbmtvdS5naWYiIHdpZHRoPSIzNiIgaGVpZ2h0PSIzNiIgLz4gPGltZyBzcmM9Imh0dHA6Ly9pbWFnZS5yYWt1dGVuLmNvLmpwL19zdXBwb3J0LW9zL2NhYmluZXQvZGFpYmlraS5naWYiIHdpZHRoPSIzNiIgaGVpZ2h0PSIzNiIgLz48L3NwYW4+PC9zcGFuPjwvdGQ+CiAgPC90cj4KICAKICA8dHI+CiAgICA8dGQgdmFsaWduPSJ0b3AiPjxzcGFuIGNsYXNzPSJzdHlsZTEiPuKWoOalveWkqeODkOODs+OCr+axuua4iDxicj4K5qW95aSp44OQ44Oz44Kv5rG65riI5omL5pWw5paZKOeojui+vCk8YnI+CjHlhobvvZ4yOSw5OTnlhobjgIDjgIA8c3BhbiBjbGFzcz0ic3R5bGUyIj4xNTXlhoY8L3NwYW4+PGJyPgozMCwwMDDlhobvvZ7jgIDjgIDjgIDjgIA8c3BhbiBjbGFzcz0ic3R5bGUyIj4yNTflhoY8L3NwYW4+PGJyPjxicj4KCuKWoOS7o+mHkeW8leaPmyA8YnI+CuS7o+W8leaJi+aVsOaWmeaWme+8muWFqOWbveS4gOW+i+aWmemHke+8miA8c3BhbiBjbGFzcz0ic3R5bGUyIj4zMjTlhoY8L3NwYW4+PGJyPgo8YnI+CuKWoOmKgOihjOaMr+i+vDxicj4K44GU5YWl6YeR56K66KqN5b6M44Gr55m66YCB44GE44Gf44GX44G+44GZ44CCPGJyPgrmjK/ovrzmiYvmlbDmlpnjga/jgYrlrqLmp5josqDmi4XjgafjgYrpoZjjgYToh7TjgZfjgb7jgZnjgII8YnI+Cjxicj4K44CQ5oyv6L685YWI44CRIOalveWkqemKgOihjO+8iOODqeOCr+ODhuODs+OCruODs+OCs+OCpu+8iealveWkqeW4guWgtOaUr+W6l++8iOODqeOCr+ODhuODs+OCpOODgeODkOOCt+ODhuODs++8iSDmma7pgJogMTA0NzA3MCDjg6njgq/jg4bjg7PvvIjvvKHvvLPvvLHvvLXvvKnvvLPvvLPvvKUgCjxicj7igLvjgZPjga7lj6Pluqfjga7mqKnliKnjga/mpb3lpKnmoKrlvI/kvJrnpL7jgYzkv53mnInjgZfjgabjgYTjgb7jgZnjgIIgPGJyPgo8YnI+CjxzcGFuIGNsYXNzPSJzdHlsZTQiPuKAu+ODneOCpOODs+ODiOOCkuOBlOWIqeeUqOOBruWgtOWQiOetieOAgealveWkqeOBi+OCieiHquWLleOBp+mFjeS/oeOBleOCjOOCi+eiuuiqjeODoeODvOODq+OBrumHkemhjeOBqOOBiuaMr+i+vOOBv+aZguOBrumHkemhjeOBjOeVsOOBquOCi+WgtOWQiOOBjOOBlOOBluOBhOOBvuOBmeOAggrjga7jgaHjgbvjganlvZPlupfjgYvjgonjgYrpgIHjgorjgZnjgovjg6Hjg7zjg6vjgavoqJjovInjga7ph5HpoY3jgpLjgYrmjK/ovrzjgb/jgY/jgaDjgZXjgYTjgII8L3NwYW4+PC9zcGFuPjwvdGQ+CiAgPC90cj4KICA8dHI+CiAgICA8dGQgY29sc3Bhbj0iMiI+Jm5ic3A7PC90ZD4KICA8L3RyPgo8L3RhYmxlPg==,44Oe44OO44Oz44K944OV44KhIDLkurrmjpvjgZEg44K944OV44Kh44O8IOS6jOS6uuaOm+OBkSDjgqLjgqTjg5zjg6rjg7wg44Ob44Ov44Kk44OIIOOBiuOBl+OCg+OCjCDjg6zjg4jjg60g44OK44OB44Ol44Op44OrIOOCq+OCuOODpeOCouODqyDjg53jg4Pjg5cg44GL44KP44GE44GEIOS4gOS6uuaaruOCieOBlyDljJfmrKcg54Sh5Z6iIOOCt+ODs+ODl+ODqyDjgqbjg4Pjg4kg5pyo6KO9IOOCq+ODkOODvOODquODs+OCsCDjgJDpgIHmlpnnhKHmlpnjgJHvvJphc3F1aXNzZQ==,44Oe44OO44Oz44K944OV44KhIDLkurrmjpvjgZEg44K944OV44Kh44O8IOS6jOS6uuaOm+OBkSDjgqLjgqTjg5zjg6rjg7wg44Ob44Ov44Kk44OIIOOBiuOBl+OCg+OCjCDjg6zjg4jjg60g44OK44OB44Ol44Op44OrIOOCq+OCuOODpeOCouODqyDjg53jg4Pjg5cg44GL44KP44GE44GEIOS4gOS6uuaaruOCieOBlyDljJfmrKcg54Sh5Z6iIOOCt+ODs+ODl+ODqyDjgqbjg4Pjg4kg5pyo6KO9IOOCq+ODkOODvOODquODs+OCsCDjgJDpgIHmlpnnhKHmlpnjgJE=,5Li444G/44KS5biv44Gz44Gf5Y+v5oSb44KJ44GX44GE5Y2w6LGh44GuMuS6uuaOm+OBkeOCveODleOCoeOAguODnuODjuODs+OCveODleOCoSAy5Lq65o6b44GRIOOCveODleOCoeODvCDkuozkurrmjpvjgZEg44Ki44Kk44Oc44Oq44O8IOODm+ODr+OCpOODiCDjgYrjgZfjgoPjgowg44Os44OI44OtIOODiuODgeODpeODqeODqyDjgqvjgrjjg6XjgqLjg6sg44Od44OD44OXIOOBi+OCj+OBhOOBhCDkuIDkurrmmq7jgonjgZcg5YyX5qynIOeEoeWeoiDjgrfjg7Pjg5fjg6sg44Km44OD44OJIOacqOijvSDjgqvjg5Djg7zjg6rjg7PjgrAg44CQ6YCB5paZ54Sh5paZ44CR[rn]
37-51634,aHR0cDovL3RzaG9wLnIxMHMuanAvZ29sZC9hc3F1aXNzZS9henVtYXlhL3ltczQwMi8weW1zNDAyLmpwZz9maXRpbj03MDA6NzAw,MjE3NzIuODAwMA==,,44Kk44Oz44OG44Oq44Ki44O75a+d5YW344O75Y+O57SNID4g44K944OV44Kh44O744K944OV44Kh44OZ44OD44OJID4gMuS6uuaOm+OBkeOCveODleOCoSA+IOW4g+WcsA==,44Kx44Oq44O844K944OV44KhIDLkurrmjpvjgZHjgr3jg5XjgqEg44K944OV44Kh44O8IOS6jOS6uuaOm+OBkSDjg5bjg6njg4Pjgq8g6buSIOOCouOCpOODnOODquODvCDjgYrjgZfjgoPjgowg5YyX5qynIOODrOODiOODrSDjgqLjg7Pjg4bjgqPjg7zjgq8g44OK44OB44Ol44Op44OrIOOCq+OCuOODpeOCouODqyDjgrfjg7Pjg5fjg6sg5LqM5Lq65pqu44KJ44GXIOS4gOS6uuaaruOCieOBlyDjgqTjg7Pjg4bjg6rjgqIg5a625YW3IOOBi+OCj+OBhOOBhCDjgJDpgIHmlpnnhKHmlpnjgJE=,5Li444G/44Gu44GC44KL5b2i44GM44GK44GX44KD44KM44GqMuS6uuaOm+OBkeOCveODleOCoQ==,PGltZyBzcmM9Imh0dHA6Ly93d3cucmFrdXRlbi5uZS5qcC9nb2xkL2FzcXVpc3NlL2F6dW1heWEveW1zNDAyLzB5bXM0MDIuanBnIi8+CjxwPgrjgIDkuLjjgb/jga7jgYLjgovlvaLjgYzjgYrjgZfjgoPjgozjgaoy5Lq65o6b44GR44K944OV44KhPGJyPjxicj4K44CA44OK44OB44Ol44Op44Or44Kk44Oz44OG44Oq44Ki44KE44Os44OI44Ot44OG44Kk44K544OI44Gq44Gp44Gu44GK6YOo5bGL44Gr44GK44GZ44GZ44KB44Gn44GZPC9wPgo8aW1nIHNyYz0iaHR0cDovL3d3dy5yYWt1dGVuLm5lLmpwL2dvbGQvYXNxdWlzc2UvYXp1bWF5YS95bXM0MDIvMXltczQwMi5qcGciLz4KPHA+44CA6ISa44GM44Gk44GE44Gm44GE44KL44GT44Go44Gn6YeN6Ium44GX44GP44Gq44KJ44Ga44CB44OQ44Op44Oz44K544Gu44Go44KM44Gf5Y+W44KK5YWl44KM44KE44GZ44GE44OH44K244Kk44Oz44Gn44GZPC9wPgo8aW1nIHNyYz0iaHR0cDovL3d3dy5yYWt1dGVuLm5lLmpwL2dvbGQvYXNxdWlzc2UvYXp1bWF5YS95bXM0MDIvMnltczQwMi5qcGciLz4KPGJyPjxicj4KPGltZyBzcmM9Imh0dHA6Ly9pbWFnZS5yYWt1dGVuLmNvLmpwL2FzcXVpc3NlL2NhYmluZXQvMDMwNjA4NzMvMDMwOTMyNzEvaW1nNjAzMDMwNDEuanBnIi8+Cjxicj48YnI+CgoKPHN0eWxlIHR5cGU9InRleHQvY3NzIj4KPCEtLQouc3R5bGUzIHtjb2xvcjogIzMzMzMzMzsgZm9udC1zaXplOiAxMnB4OyB9Ci0tPgo8L3N0eWxlPgoKPHRhYmxlIHdpZHRoPSI2MDAiIGhlaWdodD0iNDAwIiBib3JkZXI9IjEiIGNlbGxzcGFjaW5nPSIwIiBib3JkZXJjb2xvcj0iI0UxRTFFMSI+Cjx0cj4KICAgIDx0ZCB3aWR0aD0iMTA0IiBiZ2NvbG9yPSIjRjNGM0YzIj48c3BhbiBjbGFzcz0ic3R5bGUzIj7jgIAK54m55b60PC9zcGFuPjwvdGQ+CiAgICA8dGQgd2lkdGg9IjQ4NiI+PHNwYW4gY2xhc3M9InN0eWxlMyI+CuOAgOS4uOOBv+OBruOBguOCi+W9ouOBjOOBiuOBl+OCg+OCjOOBqjLkurrmjpvjgZHjgr3jg5XjgqE8YnI+CuOAgOiEmuOBjOOBpOOBhOOBpuOBhOOCi+OBk+OBqOOBp+mHjeiLpuOBl+OBj+OBquOCieOBmuOAgeODkOODqeODs+OCueOBruOBqOOCjOOBn+WPluOCiuWFpeOCjOOChOOBmeOBhOODh+OCtuOCpOODs+OBp+OBmTwvc3Bhbj48L3RkPgogIDwvdHI+Cjx0cj4KICAgIDx0ZCB3aWR0aD0iMTA0IiBiZ2NvbG9yPSIjRjNGM0YzIj48c3BhbiBjbGFzcz0ic3R5bGUzIj7jgIAK44K144Kk44K6PC9zcGFuPjwvdGQ+CiAgICA8dGQgd2lkdGg9IjQ4NiI+PHNwYW4gY2xhc3M9InN0eWxlMyI+CuOAgFcxMjQww5dENzIww5dINzMwKFNIMzgwKSBtbTwvc3Bhbj48L3RkPgogIDwvdHI+Cjx0cj4KICAgIDx0ZCBiZ2NvbG9yPSIjRjNGM0YzIj48c3BhbiBjbGFzcz0ic3R5bGUzIj7jgIDmnZDos6o8L3NwYW4+PC90ZD4KICAgIDx0ZD48c3BhbiBjbGFzcz0ic3R5bGUzIj7jgIDmnKjjg5Xjg6zjg7zjg6DjgIDjgqbjgqfjg7zjg5Pjg7PjgrDjg5njg6vjg4jjgIDjg53jg6rjg5fjg63jg5Tjg6zjg7PjgIDjg53jg6rjgqjjgrnjg4bjg6s8L3NwYW4+PC90ZD4KICA8L3RyPgo8dHI+CiAgICA8dGQgYmdjb2xvcj0iI0YzRjNGMyI+PHNwYW4gY2xhc3M9InN0eWxlMyI+44CA5YKZ6ICDPC9zcGFuPjwvdGQ+CiAgICA8dGQ+PHNwYW4gY2xhc3M9InN0eWxlMyI+CuOAgOeOhOmWoua4oeOBl+WVhuWTgSjlroXphY3kvr/jgafjga7jgYrlsYrjgZEpPC9zcGFuPjwvdGQ+CiAgPC90cj4KICAgICAgPHRyPgogICAgPHRkIGJnY29sb3I9IiNGM0YzRjMiPjxzcGFuIGNsYXNzPSJzdHlsZTMiPuOAgOe0jeacnzwvc3Bhbj48L3RkPgogICAgPHRkPjxzcGFuIGNsYXNzPSJzdHlsZTMiPuOAgOOBiuWPluOCiuWvhOOBm+WVhuWTgeOBq+OBquOCiuOBvuOBmeOAgumAmuW4uDfml6XjgYvjgokxMOaXpeeoi+W6pjwvc3Bhbj48L3RkPgogIDwvdHI+CgoKCgoKIDwvdGFibGU+CgoKPGltZyBzcmM9Imh0dHA6Ly93d3cucmFrdXRlbi5uZS5qcC9nb2xkL2FzcXVpc3NlL2F6dW1heWEveW1zNDAzLzB5bXM0MDMuanBnIndpZHRoPSIzMDAiaGVpZ2h0PSIzMDAiYm9yZGVyPSIwIj4KCjxicj4K44K144Kk44K66YGV44GE44Gv44GT44Gh44KJPGJyPjxzdHlsZSB0eXBlPSJ0ZXh0L2NzcyI+Ci8q44GK5rCX44Gr5YWl44KK5ZWG5ZOB44Oc44K/44Oz44Gu44K/44Kw44GT44GT44GL44KJKi8KZGl2LmJvb2ttYXJrQXJlYSBkaXYuYmttIHsKd2lkdGg6IDMxOHB4ICFpbXBvcnRhbnQ7ICAvKjEu44GT44GT44Gr55S75YOP44Gu5qiq5bmF44KS5oyH5a6aKi8KaGVpZ2h0OiA4M3B4ICFpbXBvcnRhbnQ7ICAvKjEu44GT44GT44Gr55S75YOP44Gu6auY44GV44KS5oyH5a6aKi8KfQpkaXYuYm9va21hcmtBcmVhIGRpdi5ia20gYS5hZGRCa20gc3Bhbi5ia21TdGFyIHsKZGlzcGxheTogaW5saW5lLWJsb2NrICFpbXBvcnRhbnQ7Cgp3aWR0aDogMzE4cHggIWltcG9ydGFudDsgICAvKjEu44GT44GT44Gr55S75YOP44Gu5qiq5bmF44KS5oyH5a6aKi8KaGVpZ2h0OiA4M3B4ICFpbXBvcnRhbnQ7ICAgLyoxLuOBk+OBk+OBq+eUu+WDj+OBrumrmOOBleOCkuaMh+WumiovCgoKbWFyZ2luLXJpZ2h0OiAwcHggIWltcG9ydGFudDsKYmFja2dyb3VuZDoKdXJsKGh0dHA6Ly9pbWFnZS5yYWt1dGVuLmNvLmpwL2FzcXVpc3NlL2NhYmluZXQvaW1ncmMwMDY0NzE5NjExLmpwZykgbm8tcmVwZWF0IDAgMCAhaW1wb3J0YW50O+OAgAoJCQkgICAvKuKGkeKGkTIu44GT44GT44Gr44GK5aW944G/44Gu44GK5rCX44Gr5YWl44KK55S75YOP44KS44Kz44OU44Oa4oaR4oaRCiovCgpjdXJzb3I6IHBvaW50ZXIgIWltcG9ydGFudDsKfQoKZGl2LmJvb2ttYXJrQXJlYSBkaXYuYmttIHsKd2lkdGg6IDMxOHB4ICFpbXBvcnRhbnQ7ICAvKjEu44GT44GT44Gr55S75YOP44Gu5qiq5bmF44KS5oyH5a6aKi8KaGVpZ2h0OiA4M3B4ICFpbXBvcnRhbnQ7ICAvKjEu44GT44GT44Gr55S75YOP44Gu6auY44GV44KS5oyH5a6aKi8KfQpkaXYuYm9va21hcmtBcmVhIGRpdi5ia20gYS5hZGRCa20gc3Bhbi5ia21TdGFyIHsKZGlzcGxheTogaW5saW5lLWJsb2NrICFpbXBvcnRhbnQ7Cgp3aWR0aDogMzE4cHggIWltcG9ydGFudDsgICAvKjEu44GT44GT44Gr55S75YOP44Gu5qiq5bmF44KS5oyH5a6aKi8KaGVpZ2h0OiA4M3B4ICFpbXBvcnRhbnQ7ICAgLyoxLuOBk+OBk+OBq+eUu+WDj+OBrumrmOOBleOCkuaMh+WumiovCgoKbWFyZ2luLXJpZ2h0OiAwcHggIWltcG9ydGFudDsKYmFja2dyb3VuZDoKdXJsKGh0dHA6Ly9pbWFnZS5yYWt1dGVuLmNvLmpwL2FzcXVpc3NlL2NhYmluZXQvaW1ncmMwMDY0NzE5NjExLmpwZykgbm8tcmVwZWF0IDAgMCAhaW1wb3J0YW50O+OAgC8q44GT44GT44Gr44GK5aW944G/44Gu44GK5rCX44Gr5YWl44KK55S75YOP44KS44Kz44OU44OaKi8KCQkJICAgLyrihpHihpEyLuOBk+OBk+OBq+OBiuWlveOBv+OBruOBiuawl+OBq+WFpeOCiueUu+WDj+OCkuOCs+ODlOODmuKGkeKGkQoqLwoKY3Vyc29yOiBwb2ludGVyICFpbXBvcnRhbnQ7Cn0KCgoKLyrjgYrmsJfjgavlhaXjgorllYblk4Hjg5zjgr/jg7Pjgr/jgrDjgZPjgZPjgb7jgacqLwovKuOBiuiyt+OBhOeJqeOBi+OBlOOCv+OCsOOBk+OBk+OBi+OCiSovCgppbnB1dFt2YWx1ZT0i6LK344GE54mp44GL44GU44Gr5YWl44KM44KLIl17CgoJZm9udC1zaXplOjE2cHg7Cglmb250LWZhbWlseTpBcmlhbDsKCWZvbnQtd2VpZ2h0Om5vcm1hbDsKCS1tb3otYm9yZGVyLXJhZGl1czo4cHg7Cgktd2Via2l0LWJvcmRlci1yYWRpdXM6OHB4OwoJYm9yZGVyLXJhZGl1czo4cHg7Cglib3JkZXI6MXB4IHNvbGlkICNkODM1MjY7CglwYWRkaW5nOjlweCAxOHB4OwoJdGV4dC1kZWNvcmF0aW9uOm5vbmU7CgoJYmFja2dyb3VuZDotbW96LWxpbmVhci1ncmFkaWVudCggY2VudGVyIHRvcCwgI2ZlMWEwMCA1JSwgI2NlMDEwMCAxMDAlICk7CgliYWNrZ3JvdW5kOi1tcy1saW5lYXItZ3JhZGllbnQoIHRvcCwgI2ZlMWEwMCA1JSwgI2NlMDEwMCAxMDAlICk7CiAgICAgICAJYmFja2dyb3VuZDotd2Via2l0LWdyYWRpZW50KCBsaW5lYXIsIGxlZnQgdG9wLCBsZWZ0IGJvdHRvbSwgY29sb3Itc3RvcCg1JSwgI2ZlMWEwMCksIGNvbG9yLXN0b3AoMTAwJSwgI2NlMDEwMCkgKTsKCgljdXJzb3I6IHBvaW50ZXIgIWltcG9ydGFudDsKCgliYWNrZ3JvdW5kLWNvbG9yOiNmZTFhMDA7Cgljb2xvcjojZmZmZmZmOwoJZGlzcGxheTppbmxpbmUtYmxvY2s7Cgl0ZXh0LXNoYWRvdzoxcHggMXB4IDBweCAjYjIzZTM1OwogCWJveC1zaGFkb3c6aW5zZXQgMXB4IDFweCAwcHggMHB4ICNmMjljOTM7IH0KCi8q44GK6LK344GE54mp44GL44GU44K/44Kw44GT44GT44G+44GnKi8KCjwhLS0KLnN0eWxlMSB7Zm9udC1zaXplOiAxMHB4fQouc3R5bGUyIHtjb2xvcjogI0ZGMDAwMH0KLnN0eWxlNCB7Y29sb3I6ICMwMDAwRkZ9Ci0tPgo8L3N0eWxlPgo8aW1nIHNyYz0iaHR0cDovL2ltYWdlLnJha3V0ZW4uY28uanAvYXNxdWlzc2UvY2FiaW5ldC9pbWc1ODkxMTA4My5qcGciLz4KPHRhYmxlIHdpZHRoPSI2MTEiIGJvcmRlcj0iMCI+CgogIDx0cj4KICAgIDx0ZCB3aWR0aD0iMjk0IiByb3dzcGFuPSIyIj48cCBjbGFzcz0ic3R5bGUxIj7ilqDllrbmpa3mmYLplpPluK88YnI+Cgnjg43jg4Pjg4jjgafjga7jgZTms6jmlofjga/jgIE8c3BhbiBjbGFzcz0ic3R5bGUyIj4yNOaZgumWkzwvc3Bhbj7lj5fjgZHku5jjgZHjgabjgYrjgorjgb7jgZnjgII8YnI+PGJyPgoK44GK6Zu76Kmx44Gn44Gu44GK5ZWP5ZCI44Gb44Gv5LiL6KiY44Gu5pmC6ZaT5biv44Gr44GK6aGY44GE44GX44G+44GZ44CCCjxicj4KCgo8c3BhbiBjbGFzcz0ic3R5bGUyIj4xMTowMO+9njIwOjAwPC9zcGFuPiDjgIAgPHNwYW4gY2xhc3M9InN0eWxlMiI+4oC754Gr5puc5pel44Gv44GK5LyR44G/PC9zcGFuPuOCkuOBhOOBn+OBoOOBhOOBpuOBiuOCiuOBvuOBmeOAgjxicj4KPGJyPgoK4pag6YCB5paZPGJyPgrlhajlm73kuIDlvovmlpnph5HvvJo8c3BhbiBjbGFzcz0ic3R5bGUyIj41ODDlhoY8L3NwYW4+PGJyPgoo5YyX5rW36YGT44CB5rKW57iE44CB6Zui5bO244O75LiA6YOo5Zyw5Z+f44Gv6L+95Yqg6YCB5paZ55m655Sf44GX44G+44GZ44CCKTxicj4KPGJyPgrilqDlroXphY3kvr88YnI+CuODpOODnuODiOmBi+i8uOOAgOilv+a/g+mBi+i8uOOAgOS9kOW3neaApeS+v+OAgOOChuOBhuODkeODg+OCrzxicj4KPGJyPgrilqDllYblk4HnmbrpgIHjga7jgr/jgqTjg5/jg7PjgrA8YnI+CueJueOBq+OBlOaMh+WumuOBjOOBquOBhOWgtOWQiOOAgTxicj4K5qW95aSp44OQ44Oz44Kv5rG65riI44CB6YqA6KGM5oyv6L684oeS44GU5YWl6YeR56K66KqN5b6M44CBPHNwYW4gY2xhc3M9InN0eWxlMiI+N+WWtualreaXpeS7peWGhTwvc3Bhbj7jgavnmbrpgIHoh7TjgZfjgb7jgZnjgII8YnI+CuOCr+ODrOOCuOODg+ODiOOAgeS7o+mHkeW8leaPm+OAgOKHkuOBlOazqOaWh+eiuuiqjeW+jOOAgTxzcGFuIGNsYXNzPSJzdHlsZTIiPjfllrbmpa3ml6Xku6XlhoU8L3NwYW4+44Gr55m66YCB6Ie044GX44G+44GZ44CCIAo8YnI+Cjxicj4K4pag6L+U5ZOB44O75Lqk5o+b44Gr44Gk44GE44GmPGJyPgrllYblk4Hjga7jgqvjg6njg7zjgavplqLjgZfjgb7jgZfjgabjga/plrLopqfnkrDlooPjgavjgojjgaPjgaboi6XlubLpgZXjgaPjgabopovjgYjjgovloLTlkIjjgYzjgZTjgZbjgYTjgb7jgZnkuojjgoHjgZTkuobmib/kuIvjgZXjgYTjgII8YnI+CuODoeODvOOCq+ODvOOBjOWIneacn+S4jeiJr+OBqOiqjeWumuOBl+OBpuOBhOOBquOBhOWVhuWTgeOAgeOAjOOCpOODoeODvOOCuOOBqOmBleOBhuOAjeetieOBrui/lOWTgeODu+S6pOaPm+OBr+OBiuWPl+OBkeOBp+OBjeOBvuOBm+OCk+OBruOBp+OBlOS6huaJv+OBj+OBoOOBleOBhOOAgjxicj4K5LqL5YmN44Gu44GU6YCj57Wh44Gu44Gq44GE6L+U5ZOB44Gr6Zai44GX44G+44GX44Gm44Gv44GK5Y+X44GR44Gn44GN44G+44Gb44KTPGJyPgrvvIjnnYDmiZXjgYTnrYnjgafjga7ov5Tlk4HvvInjgZTkuobmib/jgY/jgaDjgZXjgYTjgII8YnI+Cjxicj4K4pag5LiN6Imv5ZOB44Gr44Gk44GE44GmPGJyPgrllYblk4HjgYznoLTmkI3jg7vmsZrmkI3jgZfjgabjgYTjgZ/loLTlkIjjga/phY3pgZTlvozkuIDpgLHplpPku6XlhoXjgavjg6Hjg7zjg6vjgYvpm7voqbHjgafjgZTpgKPntaHjgY/jgaDjgZXjgYTjgIIK44GZ44GQ44Gr5Lqk5o+b44Gu5ZOB44G+44Gf44Gv6L+U5ZOB44KS5om/44KK44G+44GZ44CCPGJyPgrigLvjgZPjga7loLTlkIjjga/pgIHmlpnjgIHmiYvmlbDmlpnjga/lvZPlupfjgYzosqDmi4XjgYTjgZ/jgZfjgb7jgZnjgIIKICA8L3RkPgogICAgPHRkIHdpZHRoPSIzMDciIGhlaWdodD0iNjIiIHZhbGlnbj0idG9wIj48c3BhbiBjbGFzcz0ic3R5bGUxIj7ilqDjgYrmlK/miZXjgYTmlrnms5XjgavjgaTjgYTjgaY8YnI+CiAgICDjgYrmlK/miZXjgYTjga/mpb3lpKnjg5Djg7Pjgq/jgIHpioDooYzmjK/jgorovrzjgb/jgIHku6Pph5HlvJXmj5vjgIHjgq/jg6zjgrjjg4Pjg4jjgYzjgZTliKnnlKjjgYTjgZ/jgaDjgZHjgb7jgZnjgII8YnIgLz4KICAgIDxicj4KICAgIDxzcGFuIGNsYXNzPSJzdHlsZTQiPuKAu+OCr+ODrOOCuOODg+ODiOOCq+ODvOODieOBruOCu+OCreODpeODquODhuOCo+OBr1NTTOOBqOOBhOOBhuOCt+OCueODhuODoOOCkuWIqeeUqOOBl+OBpuOBiuOCiuOBvuOBmeOAgiDjgqvjg7zjg4nnlarlj7fjga/mmpflj7fljJbjgZXjgozjgablronlhajjgavpgIHkv6HjgZXjgozjgb7jgZnjga7jgafjgIHjganjgYbjgZ7jgZTlronlv4PjgY/jgaDjgZXjgYTjgII8YnIgLz4KICAgIDxpbWcgc3JjPSJodHRwOi8vaW1hZ2UucmFrdXRlbi5jby5qcC9fc3VwcG9ydC1vcy9jYWJpbmV0L3Zpc2EuZ2lmIiAvPiA8aW1nIHNyYz0iaHR0cDovL2ltYWdlLnJha3V0ZW4uY28uanAvX3N1cHBvcnQtb3MvY2FiaW5ldC9tYXN0ZXJjYXJkLmdpZiIgLz4gPGltZyBzcmM9Imh0dHA6Ly9pbWFnZS5yYWt1dGVuLmNvLmpwL19zdXBwb3J0LW9zL2NhYmluZXQvamNiLmdpZiIgLz4gPGltZyBzcmM9Imh0dHA6Ly9pbWFnZS5yYWt1dGVuLmNvLmpwL19zdXBwb3J0LW9zL2NhYmluZXQvZGluZXJzLmdpZiIgLz4gPGltZyBzcmM9Imh0dHA6Ly9pbWFnZS5yYWt1dGVuLmNvLmpwL19zdXBwb3J0LW9zL2NhYmluZXQvYW1leC5naWYiIC8+IDxpbWcgc3JjPSJodHRwOi8vaW1hZ2UucmFrdXRlbi5jby5qcC9fc3VwcG9ydC1vcy9jYWJpbmV0L2dpbmtvdS5naWYiIHdpZHRoPSIzNiIgaGVpZ2h0PSIzNiIgLz4gPGltZyBzcmM9Imh0dHA6Ly9pbWFnZS5yYWt1dGVuLmNvLmpwL19zdXBwb3J0LW9zL2NhYmluZXQvZGFpYmlraS5naWYiIHdpZHRoPSIzNiIgaGVpZ2h0PSIzNiIgLz48L3NwYW4+PC9zcGFuPjwvdGQ+CiAgPC90cj4KICAKICA8dHI+CiAgICA8dGQgdmFsaWduPSJ0b3AiPjxzcGFuIGNsYXNzPSJzdHlsZTEiPuKWoOalveWkqeODkOODs+OCr+axuua4iDxicj4K5qW95aSp44OQ44Oz44Kv5rG65riI5omL5pWw5paZKOeojui+vCk8YnI+CjHlhobvvZ4yOSw5OTnlhobjgIDjgIA8c3BhbiBjbGFzcz0ic3R5bGUyIj4xNTXlhoY8L3NwYW4+PGJyPgozMCwwMDDlhobvvZ7jgIDjgIDjgIDjgIA8c3BhbiBjbGFzcz0ic3R5bGUyIj4yNTflhoY8L3NwYW4+PGJyPjxicj4KCuKWoOS7o+mHkeW8leaPmyA8YnI+CuS7o+W8leaJi+aVsOaWmeaWme+8muWFqOWbveS4gOW+i+aWmemHke+8miA8c3BhbiBjbGFzcz0ic3R5bGUyIj4zMjTlhoY8L3NwYW4+PGJyPgo8YnI+CuKWoOmKgOihjOaMr+i+vDxicj4K44GU5YWl6YeR56K66KqN5b6M44Gr55m66YCB44GE44Gf44GX44G+44GZ44CCPGJyPgrmjK/ovrzmiYvmlbDmlpnjga/jgYrlrqLmp5josqDmi4XjgafjgYrpoZjjgYToh7TjgZfjgb7jgZnjgII8YnI+Cjxicj4K44CQ5oyv6L685YWI44CRIOalveWkqemKgOihjO+8iOODqeOCr+ODhuODs+OCruODs+OCs+OCpu+8iealveWkqeW4guWgtOaUr+W6l++8iOODqeOCr+ODhuODs+OCpOODgeODkOOCt+ODhuODs++8iSDmma7pgJogMTA0NzA3MCDjg6njgq/jg4bjg7PvvIjvvKHvvLPvvLHvvLXvvKnvvLPvvLPvvKUgCjxicj7igLvjgZPjga7lj6Pluqfjga7mqKnliKnjga/mpb3lpKnmoKrlvI/kvJrnpL7jgYzkv53mnInjgZfjgabjgYTjgb7jgZnjgIIgPGJyPgo8YnI+CjxzcGFuIGNsYXNzPSJzdHlsZTQiPuKAu+ODneOCpOODs+ODiOOCkuOBlOWIqeeUqOOBruWgtOWQiOetieOAgealveWkqeOBi+OCieiHquWLleOBp+mFjeS/oeOBleOCjOOCi+eiuuiqjeODoeODvOODq+OBrumHkemhjeOBqOOBiuaMr+i+vOOBv+aZguOBrumHkemhjeOBjOeVsOOBquOCi+WgtOWQiOOBjOOBlOOBluOBhOOBvuOBmeOAggrjga7jgaHjgbvjganlvZPlupfjgYvjgonjgYrpgIHjgorjgZnjgovjg6Hjg7zjg6vjgavoqJjovInjga7ph5HpoY3jgpLjgYrmjK/ovrzjgb/jgY/jgaDjgZXjgYTjgII8L3NwYW4+PC9zcGFuPjwvdGQ+CiAgPC90cj4KICA8dHI+CiAgICA8dGQgY29sc3Bhbj0iMiI+Jm5ic3A7PC90ZD4KICA8L3RyPgo8L3RhYmxlPg==,44Kx44Oq44O844K944OV44KhIDLkurrmjpvjgZHjgr3jg5XjgqEg44K944OV44Kh44O8IOS6jOS6uuaOm+OBkSDjg5bjg6njg4Pjgq8g6buSIOOCouOCpOODnOODquODvCDjgYrjgZfjgoPjgowg5YyX5qynIOODrOODiOODrSDjgqLjg7Pjg4bjgqPjg7zjgq8g44OK44OB44Ol44Op44OrIOOCq+OCuOODpeOCouODqyDjgrfjg7Pjg5fjg6sg5LqM5Lq65pqu44KJ44GXIOS4gOS6uuaaruOCieOBlyDjgqTjg7Pjg4bjg6rjgqIg5a625YW3IOOBi+OCj+OBhOOBhCDjgJDpgIHmlpnnhKHmlpnjgJHvvJphc3F1aXNzZQ==,44Kx44Oq44O844K944OV44KhIDLkurrmjpvjgZHjgr3jg5XjgqEg44K944OV44Kh44O8IOS6jOS6uuaOm+OBkSDjg5bjg6njg4Pjgq8g6buSIOOCouOCpOODnOODquODvCDjgYrjgZfjgoPjgowg5YyX5qynIOODrOODiOODrSDjgqLjg7Pjg4bjgqPjg7zjgq8g44OK44OB44Ol44Op44OrIOOCq+OCuOODpeOCouODqyDjgrfjg7Pjg5fjg6sg5LqM5Lq65pqu44KJ44GXIOS4gOS6uuaaruOCieOBlyDjgqTjg7Pjg4bjg6rjgqIg5a625YW3IOOBi+OCj+OBhOOBhCDjgJDpgIHmlpnnhKHmlpnjgJE=,5Li444G/44Gu44GC44KL5b2i44GM44GK44GX44KD44KM44GqMuS6uuaOm+OBkeOCveODleOCoeOAguOCseODquODvOOCveODleOCoSAy5Lq65o6b44GR44K944OV44KhIOOCveODleOCoeODvCDkuozkurrmjpvjgZEg44OW44Op44OD44KvIOm7kiDjgqLjgqTjg5zjg6rjg7wg44GK44GX44KD44KMIOWMl+aspyDjg6zjg4jjg60g44Ki44Oz44OG44Kj44O844KvIOODiuODgeODpeODqeODqyDjgqvjgrjjg6XjgqLjg6sg44K344Oz44OX44OrIOS6jOS6uuaaruOCieOBlyDkuIDkurrmmq7jgonjgZcg44Kk44Oz44OG44Oq44KiIOWutuWFtyDjgYvjgo/jgYTjgYQg44CQ6YCB5paZ54Sh5paZ44CR[rn]
37-51635,aHR0cDovL3RzaG9wLnIxMHMuanAvYXNxdWlzc2UvY2FiaW5ldC8wMzA4Nzc4Ny9pbWc2MTQ4NDQ1Ni5qcGc/Zml0aW49NzAwOjcwMA==,MzY4NjQuMDAwMA==,,44Kk44Oz44OG44Oq44Ki44O75a+d5YW344O75Y+O57SNID4g44K944OV44Kh44O744K944OV44Kh44OZ44OD44OJID4gMuS6uuaOm+OBkeOCveODleOCoSA+IOW4g+WcsA==,44CQ6YCB5paZ54Sh5paZ44CRZW1vLiAyUCBTb2ZhIEVNUy0yNDY1IOOCqOODoiDjgr3jg5XjgqEg5LqM5Lq65o6b44GRIOS6jOS6uueUqCDjgqbjgqnjg7zjg6vjg4rjg4Pjg4gg44OW44Op44Km44OzIOOCt+ODs+ODl+ODqyDmnKjoo70g44Kk44Oz44OG44Oq44KiIOWutuWFtyDjg4Hjgqfjg4Pjgq8g5Y2D6bOl5qC85a2QIOm7kiDnmb0g44OW44Op44OD44KvIOODm+ODr+OCpOODiA==,44Km44Kp44Or44OK44OD44OI44Gu5pyo55uu44GM44GC44Gf44Gf44GL44G/44Gu44GC44KL5LqM5Lq65o6b44GR44K944OV44Kh,PGltZyBzcmM9Imh0dHA6Ly9pbWFnZS5yYWt1dGVuLmNvLmpwL2FzcXVpc3NlL2NhYmluZXQvMDMwODc3ODcvaW1nNjE0ODQ0NTYuanBnIi8+Cjxicj4K44Km44Kp44Or44OK44OD44OI44Gu5pyo55uu44GM44GC44Gf44Gf44GL44G/44Gu44GC44KL44OA44Kk44OL44Oz44Kw44OZ44Oz44OBPGJyPgo8YnI+PGJyPgo8aW1nIHNyYz0iaHR0cDovL2ltYWdlLnJha3V0ZW4uY28uanAvYXNxdWlzc2UvY2FiaW5ldC8wMzA4Nzc4Ny9pbWc2MTQ4NDQ1Ny5qcGciLz4KPGJyPjxicj4KPGltZyBzcmM9Imh0dHA6Ly9pbWFnZS5yYWt1dGVuLmNvLmpwL2FzcXVpc3NlL2NhYmluZXQvMDMwODc3ODcvaW1nNjE0ODQ0NTguanBnIi8+Cjxicj48YnI+CjxpbWcgc3JjPSJodHRwOi8vaW1hZ2UucmFrdXRlbi5jby5qcC9hc3F1aXNzZS9jYWJpbmV0LzAzMDg3Nzg3L2ltZzYxNDg0NDYzLmpwZyJ3aWR0aD0iMzAwIi8+CjxpbWcgc3JjPSJodHRwOi8vaW1hZ2UucmFrdXRlbi5jby5qcC9hc3F1aXNzZS9jYWJpbmV0LzAzMDg3Nzg3L2ltZzYxNDgyODI0LmpwZyJ3aWR0aD0iMzAwIi8+Cjxicj7jgrfjg6rjg7zjgrrjgafjgZ3jgo3jgYjjgovjgajntbHkuIDmhJ/jgYzlh7rjgabjgYrjgZfjgoPjgozjgafjgZnjgIDnlJ/lnLDjga7jgqvjg6njg7zjgavjgojjgaPjgabpm7Dlm7LmsJfjgYzlpInjgo/jgorjgb7jgZkKPGJyPjxicj4KPGltZyBzcmM9Imh0dHA6Ly9pbWFnZS5yYWt1dGVuLmNvLmpwL2FzcXVpc3NlL2NhYmluZXQvMDMwNjA4NzMvMDMwOTMyNzEvaW1nNjAzMDMwNDEuanBnIi8+Cjxicj48YnI+Cgo8c3R5bGUgdHlwZT0idGV4dC9jc3MiPgo8IS0tCi5zdHlsZTMge2NvbG9yOiAjMzMzMzMzOyBmb250LXNpemU6IDEycHg7IH0KLS0+Cjwvc3R5bGU+Cgo8dGFibGUgd2lkdGg9IjYwMCIgaGVpZ2h0PSIxOTAiIGJvcmRlcj0iMSIgY2VsbHNwYWNpbmc9IjAiIGJvcmRlcmNvbG9yPSIjRTFFMUUxIj4KICA8dHI+CiAgICA8dGQgd2lkdGg9IjEwNCIgYmdjb2xvcj0iI0YzRjNGMyI+PHNwYW4gY2xhc3M9InN0eWxlMyI+44CA44K144Kk44K6PC9zcGFuPjwvdGQ+CiAgICA8dGQgd2lkdGg9IjQ4NiI+PHNwYW4gY2xhc3M9InN0eWxlMyI+CuOAgFcxMzIww5dENzcww5dIODUwKFNIIDQwMCkgbW0KPC9zcGFuPjwvdGQ+CiAgPC90cj4KICA8dHI+CiAgICA8dGQgYmdjb2xvcj0iI0YzRjNGMyI+PHNwYW4gY2xhc3M9InN0eWxlMyI+44CA5p2Q6LOqPC9zcGFuPjwvdGQ+CiAgICA8dGQ+PHNwYW4gY2xhc3M9InN0eWxlMyI+CuOAgOWkqeeEtuacqOOAgOODqeODg+OCq+ODvOWhl+ijhTxicj4K44CA44Km44Os44K/44Oz44OV44Kp44O844OgPGJyPgrjgIDjg5bjg6njg4Pjgq/Dl+ODm+ODr+OCpOODiO+8muODneODquOCqOOCueODhuODqzk1JSDntr81JTxicj4K44CA44OB44Kn44OD44Kv77ya44Od44Oq44Ko44K544OG44OrMTAwJQo8L3NwYW4+PC90ZD4KICA8L3RyPgo8dHI+CiAgICA8dGQgYmdjb2xvcj0iI0YzRjNGMyI+PHNwYW4gY2xhc3M9InN0eWxlMyI+44CA5YKZ6ICDPC9zcGFuPjwvdGQ+CiAgICA8dGQ+PHNwYW4gY2xhc3M9InN0eWxlMyI+CuOAgOe1hOeri+W8jzwvc3Bhbj48L3RkPgogIDwvdHI+CiAgICAgIDx0cj4KICAgIDx0ZCBiZ2NvbG9yPSIjRjNGM0YzIj48c3BhbiBjbGFzcz0ic3R5bGUzIj7jgIDljp/nlKPlm708L3NwYW4+PC90ZD4KICAgIDx0ZD48c3BhbiBjbGFzcz0ic3R5bGUzIj7jgIDkuK3lm708L3NwYW4+PC90ZD4KICA8L3RyPgogPHRyPgogICAgPHRkIGJnY29sb3I9IiNGM0YzRjMiPjxzcGFuIGNsYXNzPSJzdHlsZTMiPuOAgOe0jeacnzwvc3Bhbj48L3RkPgogICAgPHRkPjxzcGFuIGNsYXNzPSJzdHlsZTMiPuOAgOmAmuW4uDXml6XjgYvjgok35pelPC9zcGFuPjwvdGQ+CiAgPC90cj4KCgoKCgogPC90YWJsZT4KCgo8c3R5bGUgdHlwZT0idGV4dC9jc3MiPgovKuOBiuawl+OBq+WFpeOCiuWVhuWTgeODnOOCv+ODs+OBruOCv+OCsOOBk+OBk+OBi+OCiSovCmRpdi5ib29rbWFya0FyZWEgZGl2LmJrbSB7CndpZHRoOiAzMThweCAhaW1wb3J0YW50OyAgLyoxLuOBk+OBk+OBq+eUu+WDj+OBruaoquW5heOCkuaMh+WumiovCmhlaWdodDogODNweCAhaW1wb3J0YW50OyAgLyoxLuOBk+OBk+OBq+eUu+WDj+OBrumrmOOBleOCkuaMh+WumiovCn0KZGl2LmJvb2ttYXJrQXJlYSBkaXYuYmttIGEuYWRkQmttIHNwYW4uYmttU3RhciB7CmRpc3BsYXk6IGlubGluZS1ibG9jayAhaW1wb3J0YW50OwoKd2lkdGg6IDMxOHB4ICFpbXBvcnRhbnQ7ICAgLyoxLuOBk+OBk+OBq+eUu+WDj+OBruaoquW5heOCkuaMh+WumiovCmhlaWdodDogODNweCAhaW1wb3J0YW50OyAgIC8qMS7jgZPjgZPjgavnlLvlg4/jga7pq5jjgZXjgpLmjIflrpoqLwoKCm1hcmdpbi1yaWdodDogMHB4ICFpbXBvcnRhbnQ7CmJhY2tncm91bmQ6CnVybChodHRwOi8vaW1hZ2UucmFrdXRlbi5jby5qcC9hc3F1aXNzZS9jYWJpbmV0L2ltZ3JjMDA2NDcxOTYxMS5qcGcpIG5vLXJlcGVhdCAwIDAgIWltcG9ydGFudDvjgIAKCQkJICAgLyrihpHihpEyLuOBk+OBk+OBq+OBiuWlveOBv+OBruOBiuawl+OBq+WFpeOCiueUu+WDj+OCkuOCs+ODlOODmuKGkeKGkQoqLwoKY3Vyc29yOiBwb2ludGVyICFpbXBvcnRhbnQ7Cn0KCmRpdi5ib29rbWFya0FyZWEgZGl2LmJrbSB7CndpZHRoOiAzMThweCAhaW1wb3J0YW50OyAgLyoxLuOBk+OBk+OBq+eUu+WDj+OBruaoquW5heOCkuaMh+WumiovCmhlaWdodDogODNweCAhaW1wb3J0YW50OyAgLyoxLuOBk+OBk+OBq+eUu+WDj+OBrumrmOOBleOCkuaMh+WumiovCn0KZGl2LmJvb2ttYXJrQXJlYSBkaXYuYmttIGEuYWRkQmttIHNwYW4uYmttU3RhciB7CmRpc3BsYXk6IGlubGluZS1ibG9jayAhaW1wb3J0YW50OwoKd2lkdGg6IDMxOHB4ICFpbXBvcnRhbnQ7ICAgLyoxLuOBk+OBk+OBq+eUu+WDj+OBruaoquW5heOCkuaMh+WumiovCmhlaWdodDogODNweCAhaW1wb3J0YW50OyAgIC8qMS7jgZPjgZPjgavnlLvlg4/jga7pq5jjgZXjgpLmjIflrpoqLwoKCm1hcmdpbi1yaWdodDogMHB4ICFpbXBvcnRhbnQ7CmJhY2tncm91bmQ6CnVybChodHRwOi8vaW1hZ2UucmFrdXRlbi5jby5qcC9hc3F1aXNzZS9jYWJpbmV0L2ltZ3JjMDA2NDcxOTYxMS5qcGcpIG5vLXJlcGVhdCAwIDAgIWltcG9ydGFudDvjgIAvKuOBk+OBk+OBq+OBiuWlveOBv+OBruOBiuawl+OBq+WFpeOCiueUu+WDj+OCkuOCs+ODlOODmiovCgkJCSAgIC8q4oaR4oaRMi7jgZPjgZPjgavjgYrlpb3jgb/jga7jgYrmsJfjgavlhaXjgornlLvlg4/jgpLjgrPjg5Tjg5rihpHihpEKKi8KCmN1cnNvcjogcG9pbnRlciAhaW1wb3J0YW50Owp9CgoKCi8q44GK5rCX44Gr5YWl44KK5ZWG5ZOB44Oc44K/44Oz44K/44Kw44GT44GT44G+44GnKi8KLyrjgYrosrfjgYTnianjgYvjgZTjgr/jgrDjgZPjgZPjgYvjgokqLwoKaW5wdXRbdmFsdWU9Iuiyt+OBhOeJqeOBi+OBlOOBq+WFpeOCjOOCiyJdewoKCWZvbnQtc2l6ZToxNnB4OwoJZm9udC1mYW1pbHk6QXJpYWw7Cglmb250LXdlaWdodDpub3JtYWw7CgktbW96LWJvcmRlci1yYWRpdXM6OHB4OwoJLXdlYmtpdC1ib3JkZXItcmFkaXVzOjhweDsKCWJvcmRlci1yYWRpdXM6OHB4OwoJYm9yZGVyOjFweCBzb2xpZCAjZDgzNTI2OwoJcGFkZGluZzo5cHggMThweDsKCXRleHQtZGVjb3JhdGlvbjpub25lOwoKCWJhY2tncm91bmQ6LW1vei1saW5lYXItZ3JhZGllbnQoIGNlbnRlciB0b3AsICNmZTFhMDAgNSUsICNjZTAxMDAgMTAwJSApOwoJYmFja2dyb3VuZDotbXMtbGluZWFyLWdyYWRpZW50KCB0b3AsICNmZTFhMDAgNSUsICNjZTAxMDAgMTAwJSApOwogICAgICAgCWJhY2tncm91bmQ6LXdlYmtpdC1ncmFkaWVudCggbGluZWFyLCBsZWZ0IHRvcCwgbGVmdCBib3R0b20sIGNvbG9yLXN0b3AoNSUsICNmZTFhMDApLCBjb2xvci1zdG9wKDEwMCUsICNjZTAxMDApICk7CgoJY3Vyc29yOiBwb2ludGVyICFpbXBvcnRhbnQ7CgoJYmFja2dyb3VuZC1jb2xvcjojZmUxYTAwOwoJY29sb3I6I2ZmZmZmZjsKCWRpc3BsYXk6aW5saW5lLWJsb2NrOwoJdGV4dC1zaGFkb3c6MXB4IDFweCAwcHggI2IyM2UzNTsKIAlib3gtc2hhZG93Omluc2V0IDFweCAxcHggMHB4IDBweCAjZjI5YzkzOyB9CgovKuOBiuiyt+OBhOeJqeOBi+OBlOOCv+OCsOOBk+OBk+OBvuOBpyovCgo8IS0tCi5zdHlsZTEge2ZvbnQtc2l6ZTogMTBweH0KLnN0eWxlMiB7Y29sb3I6ICNGRjAwMDB9Ci5zdHlsZTQge2NvbG9yOiAjMDAwMEZGfQotLT4KPC9zdHlsZT4KPGltZyBzcmM9Imh0dHA6Ly9pbWFnZS5yYWt1dGVuLmNvLmpwL2FzcXVpc3NlL2NhYmluZXQvaW1nNTg5MTEwODMuanBnIi8+Cjx0YWJsZSB3aWR0aD0iNjExIiBib3JkZXI9IjAiPgoKICA8dHI+CiAgICA8dGQgd2lkdGg9IjI5NCIgcm93c3Bhbj0iMiI+PHAgY2xhc3M9InN0eWxlMSI+4pag5Za25qWt5pmC6ZaT5bivPGJyPgoJ44ON44OD44OI44Gn44Gu44GU5rOo5paH44Gv44CBPHNwYW4gY2xhc3M9InN0eWxlMiI+MjTmmYLplpM8L3NwYW4+5Y+X44GR5LuY44GR44Gm44GK44KK44G+44GZ44CCPGJyPjxicj4KCuOBiumbu+ipseOBp+OBruOBiuWVj+WQiOOBm+OBr+S4i+iomOOBruaZgumWk+W4r+OBq+OBiumhmOOBhOOBl+OBvuOBmeOAggo8YnI+CgoKPHNwYW4gY2xhc3M9InN0eWxlMiI+MTE6MDDvvZ4yMDowMDwvc3Bhbj4g44CAIDxzcGFuIGNsYXNzPSJzdHlsZTIiPuKAu+eBq+abnOaXpeOBr+OBiuS8keOBvzwvc3Bhbj7jgpLjgYTjgZ/jgaDjgYTjgabjgYrjgorjgb7jgZnjgII8YnI+Cjxicj4KCuKWoOmAgeaWmTxicj4K5YWo5Zu95LiA5b6L5paZ6YeR77yaPHNwYW4gY2xhc3M9InN0eWxlMiI+NTgw5YaGPC9zcGFuPjxicj4KKOWMl+a1t+mBk+OAgeaylue4hOOAgembouWztuODu+S4gOmDqOWcsOWfn+OBr+i/veWKoOmAgeaWmeeZuueUn+OBl+OBvuOBmeOAgik8YnI+Cjxicj4K4pag5a6F6YWN5L6/PGJyPgrjg6Tjg57jg4jpgYvovLjjgIDopb/mv4PpgYvovLjjgIDkvZDlt53mgKXkvr/jgIDjgobjgYbjg5Hjg4Pjgq88YnI+Cjxicj4K4pag5ZWG5ZOB55m66YCB44Gu44K/44Kk44Of44Oz44KwPGJyPgrnibnjgavjgZTmjIflrprjgYzjgarjgYTloLTlkIjjgIE8YnI+CualveWkqeODkOODs+OCr+axuua4iOOAgemKgOihjOaMr+i+vOKHkuOBlOWFpemHkeeiuuiqjeW+jOOAgTxzcGFuIGNsYXNzPSJzdHlsZTIiPjfllrbmpa3ml6Xku6XlhoU8L3NwYW4+44Gr55m66YCB6Ie044GX44G+44GZ44CCPGJyPgrjgq/jg6zjgrjjg4Pjg4jjgIHku6Pph5HlvJXmj5vjgIDih5LjgZTms6jmlofnorroqo3lvozjgIE8c3BhbiBjbGFzcz0ic3R5bGUyIj435Za25qWt5pel5Lul5YaFPC9zcGFuPuOBq+eZuumAgeiHtOOBl+OBvuOBmeOAgiAKPGJyPgo8YnI+CuKWoOi/lOWTgeODu+S6pOaPm+OBq+OBpOOBhOOBpjxicj4K5ZWG5ZOB44Gu44Kr44Op44O844Gr6Zai44GX44G+44GX44Gm44Gv6Zay6Kan55Kw5aKD44Gr44KI44Gj44Gm6Iul5bmy6YGV44Gj44Gm6KaL44GI44KL5aC05ZCI44GM44GU44GW44GE44G+44GZ5LqI44KB44GU5LqG5om/5LiL44GV44GE44CCPGJyPgrjg6Hjg7zjgqvjg7zjgYzliJ3mnJ/kuI3oia/jgajoqo3lrprjgZfjgabjgYTjgarjgYTllYblk4HjgIHjgIzjgqTjg6Hjg7zjgrjjgajpgZXjgYbjgI3nrYnjga7ov5Tlk4Hjg7vkuqTmj5vjga/jgYrlj5fjgZHjgafjgY3jgb7jgZvjgpPjga7jgafjgZTkuobmib/jgY/jgaDjgZXjgYTjgII8YnI+CuS6i+WJjeOBruOBlOmAo+e1oeOBruOBquOBhOi/lOWTgeOBq+mWouOBl+OBvuOBl+OBpuOBr+OBiuWPl+OBkeOBp+OBjeOBvuOBm+OCkzxicj4K77yI552A5omV44GE562J44Gn44Gu6L+U5ZOB77yJ44GU5LqG5om/44GP44Gg44GV44GE44CCPGJyPgo8YnI+CuKWoOS4jeiJr+WTgeOBq+OBpOOBhOOBpjxicj4K5ZWG5ZOB44GM56C05pCN44O75rGa5pCN44GX44Gm44GE44Gf5aC05ZCI44Gv6YWN6YGU5b6M5LiA6YCx6ZaT5Lul5YaF44Gr44Oh44O844Or44GL6Zu76Kmx44Gn44GU6YCj57Wh44GP44Gg44GV44GE44CCCuOBmeOBkOOBq+S6pOaPm+OBruWTgeOBvuOBn+OBr+i/lOWTgeOCkuaJv+OCiuOBvuOBmeOAgjxicj4K4oC744GT44Gu5aC05ZCI44Gv6YCB5paZ44CB5omL5pWw5paZ44Gv5b2T5bqX44GM6LKg5ouF44GE44Gf44GX44G+44GZ44CCCiAgPC90ZD4KICAgIDx0ZCB3aWR0aD0iMzA3IiBoZWlnaHQ9IjYyIiB2YWxpZ249InRvcCI+PHNwYW4gY2xhc3M9InN0eWxlMSI+4pag44GK5pSv5omV44GE5pa55rOV44Gr44Gk44GE44GmPGJyPgogICAg44GK5pSv5omV44GE44Gv5qW95aSp44OQ44Oz44Kv44CB6YqA6KGM5oyv44KK6L6844G/44CB5Luj6YeR5byV5o+b44CB44Kv44Os44K444OD44OI44GM44GU5Yip55So44GE44Gf44Gg44GR44G+44GZ44CCPGJyIC8+CiAgICA8YnI+CiAgICA8c3BhbiBjbGFzcz0ic3R5bGU0Ij7igLvjgq/jg6zjgrjjg4Pjg4jjgqvjg7zjg4njga7jgrvjgq3jg6Xjg6rjg4bjgqPjga9TU0zjgajjgYTjgYbjgrfjgrnjg4bjg6DjgpLliKnnlKjjgZfjgabjgYrjgorjgb7jgZnjgIIg44Kr44O844OJ55Wq5Y+344Gv5pqX5Y+35YyW44GV44KM44Gm5a6J5YWo44Gr6YCB5L+h44GV44KM44G+44GZ44Gu44Gn44CB44Gp44GG44Ge44GU5a6J5b+D44GP44Gg44GV44GE44CCPGJyIC8+CiAgICA8aW1nIHNyYz0iaHR0cDovL2ltYWdlLnJha3V0ZW4uY28uanAvX3N1cHBvcnQtb3MvY2FiaW5ldC92aXNhLmdpZiIgLz4gPGltZyBzcmM9Imh0dHA6Ly9pbWFnZS5yYWt1dGVuLmNvLmpwL19zdXBwb3J0LW9zL2NhYmluZXQvbWFzdGVyY2FyZC5naWYiIC8+IDxpbWcgc3JjPSJodHRwOi8vaW1hZ2UucmFrdXRlbi5jby5qcC9fc3VwcG9ydC1vcy9jYWJpbmV0L2pjYi5naWYiIC8+IDxpbWcgc3JjPSJodHRwOi8vaW1hZ2UucmFrdXRlbi5jby5qcC9fc3VwcG9ydC1vcy9jYWJpbmV0L2RpbmVycy5naWYiIC8+IDxpbWcgc3JjPSJodHRwOi8vaW1hZ2UucmFrdXRlbi5jby5qcC9fc3VwcG9ydC1vcy9jYWJpbmV0L2FtZXguZ2lmIiAvPiA8aW1nIHNyYz0iaHR0cDovL2ltYWdlLnJha3V0ZW4uY28uanAvX3N1cHBvcnQtb3MvY2FiaW5ldC9naW5rb3UuZ2lmIiB3aWR0aD0iMzYiIGhlaWdodD0iMzYiIC8+IDxpbWcgc3JjPSJodHRwOi8vaW1hZ2UucmFrdXRlbi5jby5qcC9fc3VwcG9ydC1vcy9jYWJpbmV0L2RhaWJpa2kuZ2lmIiB3aWR0aD0iMzYiIGhlaWdodD0iMzYiIC8+PC9zcGFuPjwvc3Bhbj48L3RkPgogIDwvdHI+CiAgCiAgPHRyPgogICAgPHRkIHZhbGlnbj0idG9wIj48c3BhbiBjbGFzcz0ic3R5bGUxIj7ilqDmpb3lpKnjg5Djg7Pjgq/msbrmuIg8YnI+CualveWkqeODkOODs+OCr+axuua4iOaJi+aVsOaWmSjnqI7ovrwpPGJyPgox5YaG772eMjksOTk55YaG44CA44CAPHNwYW4gY2xhc3M9InN0eWxlMiI+MTU15YaGPC9zcGFuPjxicj4KMzAsMDAw5YaG772e44CA44CA44CA44CAPHNwYW4gY2xhc3M9InN0eWxlMiI+MjU35YaGPC9zcGFuPjxicj48YnI+CgrilqDku6Pph5HlvJXmj5sgPGJyPgrku6PlvJXmiYvmlbDmlpnmlpnvvJrlhajlm73kuIDlvovmlpnph5HvvJogPHNwYW4gY2xhc3M9InN0eWxlMiI+MzI05YaGPC9zcGFuPjxicj4KPGJyPgrilqDpioDooYzmjK/ovrw8YnI+CuOBlOWFpemHkeeiuuiqjeW+jOOBq+eZuumAgeOBhOOBn+OBl+OBvuOBmeOAgjxicj4K5oyv6L685omL5pWw5paZ44Gv44GK5a6i5qeY6LKg5ouF44Gn44GK6aGY44GE6Ie044GX44G+44GZ44CCPGJyPgo8YnI+CuOAkOaMr+i+vOWFiOOAkSDmpb3lpKnpioDooYzvvIjjg6njgq/jg4bjg7Pjgq7jg7PjgrPjgqbvvInmpb3lpKnluILloLTmlK/lupfvvIjjg6njgq/jg4bjg7PjgqTjg4Hjg5Djgrfjg4bjg7PvvIkg5pmu6YCaIDEwNDcwNzAg44Op44Kv44OG44Oz77yI77yh77yz77yx77y177yp77yz77yz77ylIAo8YnI+4oC744GT44Gu5Y+j5bqn44Gu5qip5Yip44Gv5qW95aSp5qCq5byP5Lya56S+44GM5L+d5pyJ44GX44Gm44GE44G+44GZ44CCIDxicj4KPGJyPgo8c3BhbiBjbGFzcz0ic3R5bGU0Ij7igLvjg53jgqTjg7Pjg4jjgpLjgZTliKnnlKjjga7loLTlkIjnrYnjgIHmpb3lpKnjgYvjgonoh6rli5XjgafphY3kv6HjgZXjgozjgovnorroqo3jg6Hjg7zjg6vjga7ph5HpoY3jgajjgYrmjK/ovrzjgb/mmYLjga7ph5HpoY3jgYznlbDjgarjgovloLTlkIjjgYzjgZTjgZbjgYTjgb7jgZnjgIIK44Gu44Gh44G744Gp5b2T5bqX44GL44KJ44GK6YCB44KK44GZ44KL44Oh44O844Or44Gr6KiY6LyJ44Gu6YeR6aGN44KS44GK5oyv6L6844G/44GP44Gg44GV44GE44CCPC9zcGFuPjwvc3Bhbj48L3RkPgogIDwvdHI+CiAgPHRyPgogICAgPHRkIGNvbHNwYW49IjIiPiZuYnNwOzwvdGQ+CiAgPC90cj4KPC90YWJsZT4=,44CQ6YCB5paZ54Sh5paZ44CRZW1vLiAyUCBTb2ZhIEVNUy0yNDY1IOOCqOODoiDjgr3jg5XjgqEg5LqM5Lq65o6b44GRIOS6jOS6uueUqCDjgqbjgqnjg7zjg6vjg4rjg4Pjg4gg44OW44Op44Km44OzIOOCt+ODs+ODl+ODqyDmnKjoo70g44Kk44Oz44OG44Oq44KiIOWutuWFtyDjg4Hjgqfjg4Pjgq8g5Y2D6bOl5qC85a2QIOm7kiDnmb0g44OW44Op44OD44KvIOODm+ODr+OCpOODiO+8mmFzcXVpc3Nl,44CQ6YCB5paZ54Sh5paZ44CRZW1vLiAyUCBTb2ZhIEVNUy0yNDY1IOOCqOODoiDjgr3jg5XjgqEg5LqM5Lq65o6b44GRIOS6jOS6uueUqCDjgqbjgqnjg7zjg6vjg4rjg4Pjg4gg44OW44Op44Km44OzIOOCt+ODs+ODl+ODqyDmnKjoo70g44Kk44Oz44OG44Oq44KiIOWutuWFtyDjg4Hjgqfjg4Pjgq8g5Y2D6bOl5qC85a2QIOm7kiDnmb0g44OW44Op44OD44KvIOODm+ODr+OCpOODiA==,44Km44Kp44Or44OK44OD44OI44Gu5pyo55uu44GM44GC44Gf44Gf44GL44G/44Gu44GC44KL5LqM5Lq65o6b44GR44K944OV44Kh44CC44CQ6YCB5paZ54Sh5paZ44CRZW1vLiAyUCBTb2ZhIEVNUy0yNDY1IOOCqOODoiDjgr3jg5XjgqEg5LqM5Lq65o6b44GRIOS6jOS6uueUqCDjgqbjgqnjg7zjg6vjg4rjg4Pjg4gg44OW44Op44Km44OzIOOCt+ODs+ODl+ODqyDmnKjoo70g44Kk44Oz44OG44Oq44KiIOWutuWFtyDjg4Hjgqfjg4Pjgq8g5Y2D6bOl5qC85a2QIOm7kiDnmb0g44OW44Op44OD44KvIOODm+ODr+OCpOODiA==[rn]
37-51636,aHR0cDovL3RzaG9wLnIxMHMuanAvZ29sZC9hc3F1aXNzZS9henVtYXlhL21zNTc1LzBtczU3NS5qcGc/Zml0aW49NzAwOjcwMA==,NzU2MDAuMDAwMA==,,44Kk44Oz44OG44Oq44Ki44O75a+d5YW344O75Y+O57SNID4g44K944OV44Kh44O744K944OV44Kh44OZ44OD44OJID4gMuS6uuaOm+OBkeOCveODleOCoSA+IOW4g+WcsA==,44OG44Kq44K944OV44KhIDLkurrmjpvjgZEg44K944OV44Kh44O8IOS6jOS6uuaOm+OBkSDjgqLjgqTjg5zjg6rjg7wg44Ob44Ov44Kk44OIIOOBiuOBl+OCg+OCjCDjg6zjg4jjg60g44OK44OB44Ol44Op44OrIOOCq+OCuOODpeOCouODqyDjg53jg4Pjg5cg44GL44KP44GE44GEIOS4gOS6uuaaruOCieOBlyDljJfmrKcg54Sh5Z6iIOOCt+ODs+ODl+ODqyDjgqbjg4Pjg4kg5pyo6KO9IOOCq+ODkOODvOODquODs+OCsCDjgJDpgIHmlpnnhKHmlpnjgJE=,44Ki44O844Og44Go6IOM44KC44Gf44KM44GM5ZCM44GY6auY44GV44Gu44GZ44Gj44GN44KK44Go44GX44GfMuS6uuaOm+OBkeOCveODleOCoQ==,PGltZyBzcmM9Imh0dHA6Ly93d3cucmFrdXRlbi5uZS5qcC9nb2xkL2FzcXVpc3NlL2F6dW1heWEvbXM1NzUvMG1zNTc1LmpwZyIvPgo8YnI+PGJyPgo8cD7jgIDjgqLjg7zjg6Djgajog4zjgoLjgZ/jgozjgYzlkIzjgZjpq5jjgZXjga7jgZnjgaPjgY3jgorjgajjgZfjgZ/ljbDosaHjga4y5Lq65o6b44GR44K944OV44KhPGJyPjxicj4K44CA44OV44Kh44OW44Oq44OD44Kv44Go44Km44OD44OJ6ISa44GM44GC44Gf44Gf44GL44G/44GM44GC44KK44CB5YSq44GX44GE6Zuw5Zuy5rCX44Gn44GZPC9wPgo8cD7jgIDjg6zjg4jjg63jgIHjg4rjg4Hjg6Xjg6njg6vjgIHljJfmrKfjg4bjgqTjgrnjg4jjgavjgYrjgZnjgZnjgoHjgafjgZk8L3A+CjxwPuOAgOiEmuOBjOOBpOOBhOOBpuOBhOOCi+OBk+OBqOOBp+mHjeiLpuOBl+OBj+OBquOCieOBmuOAgeODkOODqeODs+OCueOBruOBqOOCjOOBn+WPluOCiuWFpeOCjOOChOOBmeOBhOODh+OCtuOCpOODs+OBp+OBmTwvcD4KPGltZyBzcmM9Imh0dHA6Ly93d3cucmFrdXRlbi5uZS5qcC9nb2xkL2FzcXVpc3NlL2F6dW1heWEvbXM1NzUvMW1zNTc1LmpwZyIvPgo8YnI+PGJyPgo8aW1nIHNyYz0iaHR0cDovL3d3dy5yYWt1dGVuLm5lLmpwL2dvbGQvYXNxdWlzc2UvYXp1bWF5YS9tczU3NS8ybXM1NzUuanBnIi8+Cjxicj48YnI+CjxpbWcgc3JjPSJodHRwOi8vaW1hZ2UucmFrdXRlbi5jby5qcC9hc3F1aXNzZS9jYWJpbmV0LzAzMDYwODczLzAzMDkzMjcxL2ltZzYwMzAzMDQxLmpwZyIvPgo8YnI+PGJyPgoKPHN0eWxlIHR5cGU9InRleHQvY3NzIj4KPCEtLQouc3R5bGUzIHtjb2xvcjogIzMzMzMzMzsgZm9udC1zaXplOiAxMnB4OyB9Ci0tPgo8L3N0eWxlPgoKPHRhYmxlIHdpZHRoPSI2MDAiIGhlaWdodD0iNDAwIiBib3JkZXI9IjEiIGNlbGxzcGFjaW5nPSIwIiBib3JkZXJjb2xvcj0iI0UxRTFFMSI+Cjx0cj4KICAgIDx0ZCB3aWR0aD0iMTA0IiBiZ2NvbG9yPSIjRjNGM0YzIj48c3BhbiBjbGFzcz0ic3R5bGUzIj7jgIAK54m55b60PC9zcGFuPjwvdGQ+CiAgICA8dGQgd2lkdGg9IjQ4NiI+PHNwYW4gY2xhc3M9InN0eWxlMyI+CuOAgOOCouODvOODoOOBqOiDjOOCguOBn+OCjOOBjOWQjOOBmOmrmOOBleOBruOBmeOBo+OBjeOCiuOBqOOBl+OBn+WNsOixoeOBrjLkurrmjpvjgZHjgr3jg5XjgqE8YnI+CuOAgOODrOODiOODreOAgeODiuODgeODpeODqeODq+OAgeWMl+asp+ODhuOCpOOCueODiOOBq+OBiuOBmeOBmeOCgeOBp+OBmTwvc3Bhbj48L3RkPgogIDwvdHI+Cjx0cj4KICAgIDx0ZCB3aWR0aD0iMTA0IiBiZ2NvbG9yPSIjRjNGM0YzIj48c3BhbiBjbGFzcz0ic3R5bGUzIj7jgIAK44K144Kk44K6PC9zcGFuPjwvdGQ+CiAgICA8dGQgd2lkdGg9IjQ4NiI+PHNwYW4gY2xhc3M9InN0eWxlMyI+CuOAgFcxNTAww5dEODYww5dINzIwKFNINDUwKSBtbTwvc3Bhbj48L3RkPgogIDwvdHI+Cjx0cj4KICAgIDx0ZCBiZ2NvbG9yPSIjRjNGM0YzIj48c3BhbiBjbGFzcz0ic3R5bGUzIj7jgIDmnZDos6o8L3NwYW4+PC90ZD4KICAgIDx0ZD48c3BhbiBjbGFzcz0ic3R5bGUzIj7jgIDlpKnnhLbmnKjjgIDjgqbjg6zjgr/jg7Pjg5Xjgqnjg7zjg6DjgIBT44OQ44ON44CA44Od44Oq44Ko44K544OG44Or44CA6bq7PC9zcGFuPjwvdGQ+CiAgPC90cj4KPHRyPgogICAgPHRkIGJnY29sb3I9IiNGM0YzRjMiPjxzcGFuIGNsYXNzPSJzdHlsZTMiPuOAgOWCmeiAgzwvc3Bhbj48L3RkPgogICAgPHRkPjxzcGFuIGNsYXNzPSJzdHlsZTMiPgrjgIDnjoTplqLmuKHjgZfllYblk4Eo5a6F6YWN5L6/44Gn44Gu44GK5bGK44GRKTxicj4K44CA44Kv44OD44K344On44Oz5LuY44GNPGJyPgrjgIDjgqvjg5Djg7zjg6rjg7PjgrDku5Xmp5g8L3NwYW4+PC90ZD4KICA8L3RyPgogICAgICA8dHI+CiAgICA8dGQgYmdjb2xvcj0iI0YzRjNGMyI+PHNwYW4gY2xhc3M9InN0eWxlMyI+44CA57SN5pyfPC9zcGFuPjwvdGQ+CiAgICA8dGQ+PHNwYW4gY2xhc3M9InN0eWxlMyI+44CA44GK5Y+W44KK5a+E44Gb5ZWG5ZOB44Gr44Gq44KK44G+44GZ44CC6YCa5bi4N+aXpeOBi+OCiTEw5pel56iL5bqmPC9zcGFuPjwvdGQ+CiAgPC90cj4KCgoKCgogPC90YWJsZT4KCgo8aW1nIHNyYz0iaHR0cDovL3d3dy5yYWt1dGVuLm5lLmpwL2dvbGQvYXNxdWlzc2UvYXp1bWF5YS9tczU3Ni8wbXM1NzYuanBnIndpZHRoPSIzMDAiaGVpZ2h0PSIzMDAiYm9yZGVyPSIwIj4KPGJyPgrjgrXjgqTjgrrpgZXjgYTjga/jgZPjgaHjgokKPGJyPjxicj48c3R5bGUgdHlwZT0idGV4dC9jc3MiPgovKuOBiuawl+OBq+WFpeOCiuWVhuWTgeODnOOCv+ODs+OBruOCv+OCsOOBk+OBk+OBi+OCiSovCmRpdi5ib29rbWFya0FyZWEgZGl2LmJrbSB7CndpZHRoOiAzMThweCAhaW1wb3J0YW50OyAgLyoxLuOBk+OBk+OBq+eUu+WDj+OBruaoquW5heOCkuaMh+WumiovCmhlaWdodDogODNweCAhaW1wb3J0YW50OyAgLyoxLuOBk+OBk+OBq+eUu+WDj+OBrumrmOOBleOCkuaMh+WumiovCn0KZGl2LmJvb2ttYXJrQXJlYSBkaXYuYmttIGEuYWRkQmttIHNwYW4uYmttU3RhciB7CmRpc3BsYXk6IGlubGluZS1ibG9jayAhaW1wb3J0YW50OwoKd2lkdGg6IDMxOHB4ICFpbXBvcnRhbnQ7ICAgLyoxLuOBk+OBk+OBq+eUu+WDj+OBruaoquW5heOCkuaMh+WumiovCmhlaWdodDogODNweCAhaW1wb3J0YW50OyAgIC8qMS7jgZPjgZPjgavnlLvlg4/jga7pq5jjgZXjgpLmjIflrpoqLwoKCm1hcmdpbi1yaWdodDogMHB4ICFpbXBvcnRhbnQ7CmJhY2tncm91bmQ6CnVybChodHRwOi8vaW1hZ2UucmFrdXRlbi5jby5qcC9hc3F1aXNzZS9jYWJpbmV0L2ltZ3JjMDA2NDcxOTYxMS5qcGcpIG5vLXJlcGVhdCAwIDAgIWltcG9ydGFudDvjgIAKCQkJICAgLyrihpHihpEyLuOBk+OBk+OBq+OBiuWlveOBv+OBruOBiuawl+OBq+WFpeOCiueUu+WDj+OCkuOCs+ODlOODmuKGkeKGkQoqLwoKY3Vyc29yOiBwb2ludGVyICFpbXBvcnRhbnQ7Cn0KCmRpdi5ib29rbWFya0FyZWEgZGl2LmJrbSB7CndpZHRoOiAzMThweCAhaW1wb3J0YW50OyAgLyoxLuOBk+OBk+OBq+eUu+WDj+OBruaoquW5heOCkuaMh+WumiovCmhlaWdodDogODNweCAhaW1wb3J0YW50OyAgLyoxLuOBk+OBk+OBq+eUu+WDj+OBrumrmOOBleOCkuaMh+WumiovCn0KZGl2LmJvb2ttYXJrQXJlYSBkaXYuYmttIGEuYWRkQmttIHNwYW4uYmttU3RhciB7CmRpc3BsYXk6IGlubGluZS1ibG9jayAhaW1wb3J0YW50OwoKd2lkdGg6IDMxOHB4ICFpbXBvcnRhbnQ7ICAgLyoxLuOBk+OBk+OBq+eUu+WDj+OBruaoquW5heOCkuaMh+WumiovCmhlaWdodDogODNweCAhaW1wb3J0YW50OyAgIC8qMS7jgZPjgZPjgavnlLvlg4/jga7pq5jjgZXjgpLmjIflrpoqLwoKCm1hcmdpbi1yaWdodDogMHB4ICFpbXBvcnRhbnQ7CmJhY2tncm91bmQ6CnVybChodHRwOi8vaW1hZ2UucmFrdXRlbi5jby5qcC9hc3F1aXNzZS9jYWJpbmV0L2ltZ3JjMDA2NDcxOTYxMS5qcGcpIG5vLXJlcGVhdCAwIDAgIWltcG9ydGFudDvjgIAvKuOBk+OBk+OBq+OBiuWlveOBv+OBruOBiuawl+OBq+WFpeOCiueUu+WDj+OCkuOCs+ODlOODmiovCgkJCSAgIC8q4oaR4oaRMi7jgZPjgZPjgavjgYrlpb3jgb/jga7jgYrmsJfjgavlhaXjgornlLvlg4/jgpLjgrPjg5Tjg5rihpHihpEKKi8KCmN1cnNvcjogcG9pbnRlciAhaW1wb3J0YW50Owp9CgoKCi8q44GK5rCX44Gr5YWl44KK5ZWG5ZOB44Oc44K/44Oz44K/44Kw44GT44GT44G+44GnKi8KLyrjgYrosrfjgYTnianjgYvjgZTjgr/jgrDjgZPjgZPjgYvjgokqLwoKaW5wdXRbdmFsdWU9Iuiyt+OBhOeJqeOBi+OBlOOBq+WFpeOCjOOCiyJdewoKCWZvbnQtc2l6ZToxNnB4OwoJZm9udC1mYW1pbHk6QXJpYWw7Cglmb250LXdlaWdodDpub3JtYWw7CgktbW96LWJvcmRlci1yYWRpdXM6OHB4OwoJLXdlYmtpdC1ib3JkZXItcmFkaXVzOjhweDsKCWJvcmRlci1yYWRpdXM6OHB4OwoJYm9yZGVyOjFweCBzb2xpZCAjZDgzNTI2OwoJcGFkZGluZzo5cHggMThweDsKCXRleHQtZGVjb3JhdGlvbjpub25lOwoKCWJhY2tncm91bmQ6LW1vei1saW5lYXItZ3JhZGllbnQoIGNlbnRlciB0b3AsICNmZTFhMDAgNSUsICNjZTAxMDAgMTAwJSApOwoJYmFja2dyb3VuZDotbXMtbGluZWFyLWdyYWRpZW50KCB0b3AsICNmZTFhMDAgNSUsICNjZTAxMDAgMTAwJSApOwogICAgICAgCWJhY2tncm91bmQ6LXdlYmtpdC1ncmFkaWVudCggbGluZWFyLCBsZWZ0IHRvcCwgbGVmdCBib3R0b20sIGNvbG9yLXN0b3AoNSUsICNmZTFhMDApLCBjb2xvci1zdG9wKDEwMCUsICNjZTAxMDApICk7CgoJY3Vyc29yOiBwb2ludGVyICFpbXBvcnRhbnQ7CgoJYmFja2dyb3VuZC1jb2xvcjojZmUxYTAwOwoJY29sb3I6I2ZmZmZmZjsKCWRpc3BsYXk6aW5saW5lLWJsb2NrOwoJdGV4dC1zaGFkb3c6MXB4IDFweCAwcHggI2IyM2UzNTsKIAlib3gtc2hhZG93Omluc2V0IDFweCAxcHggMHB4IDBweCAjZjI5YzkzOyB9CgovKuOBiuiyt+OBhOeJqeOBi+OBlOOCv+OCsOOBk+OBk+OBvuOBpyovCgo8IS0tCi5zdHlsZTEge2ZvbnQtc2l6ZTogMTBweH0KLnN0eWxlMiB7Y29sb3I6ICNGRjAwMDB9Ci5zdHlsZTQge2NvbG9yOiAjMDAwMEZGfQotLT4KPC9zdHlsZT4KPGltZyBzcmM9Imh0dHA6Ly9pbWFnZS5yYWt1dGVuLmNvLmpwL2FzcXVpc3NlL2NhYmluZXQvaW1nNTg5MTEwODMuanBnIi8+Cjx0YWJsZSB3aWR0aD0iNjExIiBib3JkZXI9IjAiPgoKICA8dHI+CiAgICA8dGQgd2lkdGg9IjI5NCIgcm93c3Bhbj0iMiI+PHAgY2xhc3M9InN0eWxlMSI+4pag5Za25qWt5pmC6ZaT5bivPGJyPgoJ44ON44OD44OI44Gn44Gu44GU5rOo5paH44Gv44CBPHNwYW4gY2xhc3M9InN0eWxlMiI+MjTmmYLplpM8L3NwYW4+5Y+X44GR5LuY44GR44Gm44GK44KK44G+44GZ44CCPGJyPjxicj4KCuOBiumbu+ipseOBp+OBruOBiuWVj+WQiOOBm+OBr+S4i+iomOOBruaZgumWk+W4r+OBq+OBiumhmOOBhOOBl+OBvuOBmeOAggo8YnI+CgoKPHNwYW4gY2xhc3M9InN0eWxlMiI+MTE6MDDvvZ4yMDowMDwvc3Bhbj4g44CAIDxzcGFuIGNsYXNzPSJzdHlsZTIiPuKAu+eBq+abnOaXpeOBr+OBiuS8keOBvzwvc3Bhbj7jgpLjgYTjgZ/jgaDjgYTjgabjgYrjgorjgb7jgZnjgII8YnI+Cjxicj4KCuKWoOmAgeaWmTxicj4K5YWo5Zu95LiA5b6L5paZ6YeR77yaPHNwYW4gY2xhc3M9InN0eWxlMiI+NTgw5YaGPC9zcGFuPjxicj4KKOWMl+a1t+mBk+OAgeaylue4hOOAgembouWztuODu+S4gOmDqOWcsOWfn+OBr+i/veWKoOmAgeaWmeeZuueUn+OBl+OBvuOBmeOAgik8YnI+Cjxicj4K4pag5a6F6YWN5L6/PGJyPgrjg6Tjg57jg4jpgYvovLjjgIDopb/mv4PpgYvovLjjgIDkvZDlt53mgKXkvr/jgIDjgobjgYbjg5Hjg4Pjgq88YnI+Cjxicj4K4pag5ZWG5ZOB55m66YCB44Gu44K/44Kk44Of44Oz44KwPGJyPgrnibnjgavjgZTmjIflrprjgYzjgarjgYTloLTlkIjjgIE8YnI+CualveWkqeODkOODs+OCr+axuua4iOOAgemKgOihjOaMr+i+vOKHkuOBlOWFpemHkeeiuuiqjeW+jOOAgTxzcGFuIGNsYXNzPSJzdHlsZTIiPjfllrbmpa3ml6Xku6XlhoU8L3NwYW4+44Gr55m66YCB6Ie044GX44G+44GZ44CCPGJyPgrjgq/jg6zjgrjjg4Pjg4jjgIHku6Pph5HlvJXmj5vjgIDih5LjgZTms6jmlofnorroqo3lvozjgIE8c3BhbiBjbGFzcz0ic3R5bGUyIj435Za25qWt5pel5Lul5YaFPC9zcGFuPuOBq+eZuumAgeiHtOOBl+OBvuOBmeOAgiAKPGJyPgo8YnI+CuKWoOi/lOWTgeODu+S6pOaPm+OBq+OBpOOBhOOBpjxicj4K5ZWG5ZOB44Gu44Kr44Op44O844Gr6Zai44GX44G+44GX44Gm44Gv6Zay6Kan55Kw5aKD44Gr44KI44Gj44Gm6Iul5bmy6YGV44Gj44Gm6KaL44GI44KL5aC05ZCI44GM44GU44GW44GE44G+44GZ5LqI44KB44GU5LqG5om/5LiL44GV44GE44CCPGJyPgrjg6Hjg7zjgqvjg7zjgYzliJ3mnJ/kuI3oia/jgajoqo3lrprjgZfjgabjgYTjgarjgYTllYblk4HjgIHjgIzjgqTjg6Hjg7zjgrjjgajpgZXjgYbjgI3nrYnjga7ov5Tlk4Hjg7vkuqTmj5vjga/jgYrlj5fjgZHjgafjgY3jgb7jgZvjgpPjga7jgafjgZTkuobmib/jgY/jgaDjgZXjgYTjgII8YnI+CuS6i+WJjeOBruOBlOmAo+e1oeOBruOBquOBhOi/lOWTgeOBq+mWouOBl+OBvuOBl+OBpuOBr+OBiuWPl+OBkeOBp+OBjeOBvuOBm+OCkzxicj4K77yI552A5omV44GE562J44Gn44Gu6L+U5ZOB77yJ44GU5LqG5om/44GP44Gg44GV44GE44CCPGJyPgo8YnI+CuKWoOS4jeiJr+WTgeOBq+OBpOOBhOOBpjxicj4K5ZWG5ZOB44GM56C05pCN44O75rGa5pCN44GX44Gm44GE44Gf5aC05ZCI44Gv6YWN6YGU5b6M5LiA6YCx6ZaT5Lul5YaF44Gr44Oh44O844Or44GL6Zu76Kmx44Gn44GU6YCj57Wh44GP44Gg44GV44GE44CCCuOBmeOBkOOBq+S6pOaPm+OBruWTgeOBvuOBn+OBr+i/lOWTgeOCkuaJv+OCiuOBvuOBmeOAgjxicj4K4oC744GT44Gu5aC05ZCI44Gv6YCB5paZ44CB5omL5pWw5paZ44Gv5b2T5bqX44GM6LKg5ouF44GE44Gf44GX44G+44GZ44CCCiAgPC90ZD4KICAgIDx0ZCB3aWR0aD0iMzA3IiBoZWlnaHQ9IjYyIiB2YWxpZ249InRvcCI+PHNwYW4gY2xhc3M9InN0eWxlMSI+4pag44GK5pSv5omV44GE5pa55rOV44Gr44Gk44GE44GmPGJyPgogICAg44GK5pSv5omV44GE44Gv5qW95aSp44OQ44Oz44Kv44CB6YqA6KGM5oyv44KK6L6844G/44CB5Luj6YeR5byV5o+b44CB44Kv44Os44K444OD44OI44GM44GU5Yip55So44GE44Gf44Gg44GR44G+44GZ44CCPGJyIC8+CiAgICA8YnI+CiAgICA8c3BhbiBjbGFzcz0ic3R5bGU0Ij7igLvjgq/jg6zjgrjjg4Pjg4jjgqvjg7zjg4njga7jgrvjgq3jg6Xjg6rjg4bjgqPjga9TU0zjgajjgYTjgYbjgrfjgrnjg4bjg6DjgpLliKnnlKjjgZfjgabjgYrjgorjgb7jgZnjgIIg44Kr44O844OJ55Wq5Y+344Gv5pqX5Y+35YyW44GV44KM44Gm5a6J5YWo44Gr6YCB5L+h44GV44KM44G+44GZ44Gu44Gn44CB44Gp44GG44Ge44GU5a6J5b+D44GP44Gg44GV44GE44CCPGJyIC8+CiAgICA8aW1nIHNyYz0iaHR0cDovL2ltYWdlLnJha3V0ZW4uY28uanAvX3N1cHBvcnQtb3MvY2FiaW5ldC92aXNhLmdpZiIgLz4gPGltZyBzcmM9Imh0dHA6Ly9pbWFnZS5yYWt1dGVuLmNvLmpwL19zdXBwb3J0LW9zL2NhYmluZXQvbWFzdGVyY2FyZC5naWYiIC8+IDxpbWcgc3JjPSJodHRwOi8vaW1hZ2UucmFrdXRlbi5jby5qcC9fc3VwcG9ydC1vcy9jYWJpbmV0L2pjYi5naWYiIC8+IDxpbWcgc3JjPSJodHRwOi8vaW1hZ2UucmFrdXRlbi5jby5qcC9fc3VwcG9ydC1vcy9jYWJpbmV0L2RpbmVycy5naWYiIC8+IDxpbWcgc3JjPSJodHRwOi8vaW1hZ2UucmFrdXRlbi5jby5qcC9fc3VwcG9ydC1vcy9jYWJpbmV0L2FtZXguZ2lmIiAvPiA8aW1nIHNyYz0iaHR0cDovL2ltYWdlLnJha3V0ZW4uY28uanAvX3N1cHBvcnQtb3MvY2FiaW5ldC9naW5rb3UuZ2lmIiB3aWR0aD0iMzYiIGhlaWdodD0iMzYiIC8+IDxpbWcgc3JjPSJodHRwOi8vaW1hZ2UucmFrdXRlbi5jby5qcC9fc3VwcG9ydC1vcy9jYWJpbmV0L2RhaWJpa2kuZ2lmIiB3aWR0aD0iMzYiIGhlaWdodD0iMzYiIC8+PC9zcGFuPjwvc3Bhbj48L3RkPgogIDwvdHI+CiAgCiAgPHRyPgogICAgPHRkIHZhbGlnbj0idG9wIj48c3BhbiBjbGFzcz0ic3R5bGUxIj7ilqDmpb3lpKnjg5Djg7Pjgq/msbrmuIg8YnI+CualveWkqeODkOODs+OCr+axuua4iOaJi+aVsOaWmSjnqI7ovrwpPGJyPgox5YaG772eMjksOTk55YaG44CA44CAPHNwYW4gY2xhc3M9InN0eWxlMiI+MTU15YaGPC9zcGFuPjxicj4KMzAsMDAw5YaG772e44CA44CA44CA44CAPHNwYW4gY2xhc3M9InN0eWxlMiI+MjU35YaGPC9zcGFuPjxicj48YnI+CgrilqDku6Pph5HlvJXmj5sgPGJyPgrku6PlvJXmiYvmlbDmlpnmlpnvvJrlhajlm73kuIDlvovmlpnph5HvvJogPHNwYW4gY2xhc3M9InN0eWxlMiI+MzI05YaGPC9zcGFuPjxicj4KPGJyPgrilqDpioDooYzmjK/ovrw8YnI+CuOBlOWFpemHkeeiuuiqjeW+jOOBq+eZuumAgeOBhOOBn+OBl+OBvuOBmeOAgjxicj4K5oyv6L685omL5pWw5paZ44Gv44GK5a6i5qeY6LKg5ouF44Gn44GK6aGY44GE6Ie044GX44G+44GZ44CCPGJyPgo8YnI+CuOAkOaMr+i+vOWFiOOAkSDmpb3lpKnpioDooYzvvIjjg6njgq/jg4bjg7Pjgq7jg7PjgrPjgqbvvInmpb3lpKnluILloLTmlK/lupfvvIjjg6njgq/jg4bjg7PjgqTjg4Hjg5Djgrfjg4bjg7PvvIkg5pmu6YCaIDEwNDcwNzAg44Op44Kv44OG44Oz77yI77yh77yz77yx77y177yp77yz77yz77ylIAo8YnI+4oC744GT44Gu5Y+j5bqn44Gu5qip5Yip44Gv5qW95aSp5qCq5byP5Lya56S+44GM5L+d5pyJ44GX44Gm44GE44G+44GZ44CCIDxicj4KPGJyPgo8c3BhbiBjbGFzcz0ic3R5bGU0Ij7igLvjg53jgqTjg7Pjg4jjgpLjgZTliKnnlKjjga7loLTlkIjnrYnjgIHmpb3lpKnjgYvjgonoh6rli5XjgafphY3kv6HjgZXjgozjgovnorroqo3jg6Hjg7zjg6vjga7ph5HpoY3jgajjgYrmjK/ovrzjgb/mmYLjga7ph5HpoY3jgYznlbDjgarjgovloLTlkIjjgYzjgZTjgZbjgYTjgb7jgZnjgIIK44Gu44Gh44G744Gp5b2T5bqX44GL44KJ44GK6YCB44KK44GZ44KL44Oh44O844Or44Gr6KiY6LyJ44Gu6YeR6aGN44KS44GK5oyv6L6844G/44GP44Gg44GV44GE44CCPC9zcGFuPjwvc3Bhbj48L3RkPgogIDwvdHI+CiAgPHRyPgogICAgPHRkIGNvbHNwYW49IjIiPiZuYnNwOzwvdGQ+CiAgPC90cj4KPC90YWJsZT4=,44OG44Kq44K944OV44KhIDLkurrmjpvjgZEg44K944OV44Kh44O8IOS6jOS6uuaOm+OBkSDjgqLjgqTjg5zjg6rjg7wg44Ob44Ov44Kk44OIIOOBiuOBl+OCg+OCjCDjg6zjg4jjg60g44OK44OB44Ol44Op44OrIOOCq+OCuOODpeOCouODqyDjg53jg4Pjg5cg44GL44KP44GE44GEIOS4gOS6uuaaruOCieOBlyDljJfmrKcg54Sh5Z6iIOOCt+ODs+ODl+ODqyDjgqbjg4Pjg4kg5pyo6KO9IOOCq+ODkOODvOODquODs+OCsCDjgJDpgIHmlpnnhKHmlpnjgJHvvJphc3F1aXNzZQ==,44OG44Kq44K944OV44KhIDLkurrmjpvjgZEg44K944OV44Kh44O8IOS6jOS6uuaOm+OBkSDjgqLjgqTjg5zjg6rjg7wg44Ob44Ov44Kk44OIIOOBiuOBl+OCg+OCjCDjg6zjg4jjg60g44OK44OB44Ol44Op44OrIOOCq+OCuOODpeOCouODqyDjg53jg4Pjg5cg44GL44KP44GE44GEIOS4gOS6uuaaruOCieOBlyDljJfmrKcg54Sh5Z6iIOOCt+ODs+ODl+ODqyDjgqbjg4Pjg4kg5pyo6KO9IOOCq+ODkOODvOODquODs+OCsCDjgJDpgIHmlpnnhKHmlpnjgJE=,44Ki44O844Og44Go6IOM44KC44Gf44KM44GM5ZCM44GY6auY44GV44Gu44GZ44Gj44GN44KK44Go44GX44GfMuS6uuaOm+OBkeOCveODleOCoeOAguODhuOCquOCveODleOCoSAy5Lq65o6b44GRIOOCveODleOCoeODvCDkuozkurrmjpvjgZEg44Ki44Kk44Oc44Oq44O8IOODm+ODr+OCpOODiCDjgYrjgZfjgoPjgowg44Os44OI44OtIOODiuODgeODpeODqeODqyDjgqvjgrjjg6XjgqLjg6sg44Od44OD44OXIOOBi+OCj+OBhOOBhCDkuIDkurrmmq7jgonjgZcg5YyX5qynIOeEoeWeoiDjgrfjg7Pjg5fjg6sg44Km44OD44OJIOacqOijvSDjgqvjg5Djg7zjg6rjg7PjgrAg44CQ6YCB5paZ54Sh5paZ44CR[rn]
37-51637,aHR0cDovL3RzaG9wLnIxMHMuanAvZ29sZC9hc3F1aXNzZS9henVtYXlhL3J0bzYxMi8wcnRvNjEyLmpwZz9maXRpbj03MDA6NzAw,MjcyMTYuMDAwMA==,,44Kk44Oz44OG44Oq44Ki44O75a+d5YW344O75Y+O57SNID4g44K944OV44Kh44O744K944OV44Kh44OZ44OD44OJID4gMuS6uuaOm+OBkeOCveODleOCoSA+IOW4g+WcsA==,44Oc44Or44OG44K944OV44KhIDLkurrmjpvjgZHjgr3jg5XjgqEg44K944OV44Kh44O8IOS6jOS6uuaOm+OBkSDjg5njg7zjgrjjg6Ug44Kw44Oq44O844OzIOe3kSDojLboibIg5pyo6KO9IOOCpuODg+ODiSDjgYrjgZfjgoPjgowg5YyX5qynIOODrOODiOODrSDjgqLjg7Pjg4bjgqPjg7zjgq8g44OK44OB44Ol44Op44OrIOOCq+OCuOODpeOCouODqyDkuozkurrmmq7jgonjgZcg5LiA5Lq65pqu44KJ44GXIOOCpOODs+ODhuODquOCoiDlrrblhbcg44GL44KP44GE44GEIOOAkOmAgeaWmeeEoeaWmeOAkQ==,6JC944Gh552A44GE44Gf6Imy5ZCI44GE44Gu44Km44OD44OJ44OV44Os44O844Og44GM44GK44GX44KD44KM44GqMuS6uuaOm+OBkeOCveODleOCoQ==,PGltZyBzcmM9Imh0dHA6Ly93d3cucmFrdXRlbi5uZS5qcC9nb2xkL2FzcXVpc3NlL2F6dW1heWEvcnRvNjEyLzBydG82MTIuanBnIi8+CjxwPgrjgIDokL3jgaHnnYDjgYTjgZ/oibLlkIjjgYTjga7jgqbjg4Pjg4njg5Xjg6zjg7zjg6DjgYzjgYrjgZfjgoPjgozjgaoy5Lq65o6b44GR44K944OV44KhPGJyPjxicj4K44CA44OV44Kh44OW44Oq44OD44Kv44Go44Km44OD44OJ6ISa44GM44GC44Gf44Gf44GL44G/44GM44GC44KK44CB5YSq44GX44GE6Zuw5Zuy5rCX44Gn44GZPC9wPgo8cD7jgIDjg5zjgr/jg7Pjga7jgqLjgq/jgrvjg7Pjg4jjgYzku5jjgYTjgZ/jga/jg6zjg4jjg63jgarpm7Dlm7LmsJfjgafjg4rjg4Hjg6Xjg6njg6vjgqTjg7Pjg4bjg6rjgqLjgoTljJfmrKfjg4bjgqTjgrnjg4jjgarjganjga48YnI+CuOAgOOBiumDqOWxi+OBq+OBiuOBmeOBmeOCgeOBp+OBmTwvcD4KPGJyPjxicj4KPGltZyBzcmM9Imh0dHA6Ly93d3cucmFrdXRlbi5uZS5qcC9nb2xkL2FzcXVpc3NlL2F6dW1heWEvcnRvNjEyLzFydG82MTIuanBnIi8+CjxwPuOAgOiEmuOBjOOBpOOBhOOBpuOBhOOCi+OBk+OBqOOBp+mHjeiLpuOBl+OBj+OBquOCieOBmuOAgeODkOODqeODs+OCueOBruOBqOOCjOOBn+WPluOCiuWFpeOCjOOChOOBmeOBhOODh+OCtuOCpOODs+OBp+OBmTwvcD4KPGJyPjxicj4KPGltZyBzcmM9Imh0dHA6Ly93d3cucmFrdXRlbi5uZS5qcC9nb2xkL2FzcXVpc3NlL2F6dW1heWEvcnRvNjEyLzJydG82MTIuanBnIi8+Cjxicj48YnI+CjxpbWcgc3JjPSJodHRwOi8vaW1hZ2UucmFrdXRlbi5jby5qcC9hc3F1aXNzZS9jYWJpbmV0LzAzMDYwODczLzAzMDkzMjcxL2ltZzYwMzAzMDQxLmpwZyIvPgo8YnI+PGJyPgoKCjxzdHlsZSB0eXBlPSJ0ZXh0L2NzcyI+CjwhLS0KLnN0eWxlMyB7Y29sb3I6ICMzMzMzMzM7IGZvbnQtc2l6ZTogMTJweDsgfQotLT4KPC9zdHlsZT4KCjx0YWJsZSB3aWR0aD0iNjAwIiBoZWlnaHQ9IjQwMCIgYm9yZGVyPSIxIiBjZWxsc3BhY2luZz0iMCIgYm9yZGVyY29sb3I9IiNFMUUxRTEiPgo8dHI+CiAgICA8dGQgd2lkdGg9IjEwNCIgYmdjb2xvcj0iI0YzRjNGMyI+PHNwYW4gY2xhc3M9InN0eWxlMyI+44CACueJueW+tDwvc3Bhbj48L3RkPgogICAgPHRkIHdpZHRoPSI0ODYiPjxzcGFuIGNsYXNzPSJzdHlsZTMiPgrjgIDokL3jgaHnnYDjgYTjgZ/oibLlkIjjgYTjga7jgqbjg4Pjg4njg5Xjg6zjg7zjg6DjgYzjgYrjgZfjgoPjgozjgaoy5Lq65o6b44GR44K944OV44KhPGJyPgrjgIDjg5XjgqHjg5bjg6rjg4Pjgq/jgajjgqbjg4Pjg4nohJrjgYzjgYLjgZ/jgZ/jgYvjgb/jgYzjgYLjgorjgIHlhKrjgZfjgYTpm7Dlm7LmsJfjgafjgZk8YnI+CuOAgOODnOOCv+ODs+OBruOCouOCr+OCu+ODs+ODiOOBjOS7mOOBhOOBn+iDjOOCguOBn+OCjOOBr+ODrOODiOODreOBqumbsOWbsuawl+OBp+OBmTxicj4K44CA6ISa44GM44Gk44GE44Gm44GE44KL44GT44Go44Gn6YeN6Ium44GX44GP44Gq44KJ44Ga44CB44OQ44Op44Oz44K544Gu44Go44KM44Gf5Y+W44KK5YWl44KM44KE44GZ44GE44OH44K244Kk44Oz44Gn44GZPC9zcGFuPjwvdGQ+CiAgPC90cj4KPHRyPgogICAgPHRkIHdpZHRoPSIxMDQiIGJnY29sb3I9IiNGM0YzRjMiPjxzcGFuIGNsYXNzPSJzdHlsZTMiPuOAgArjgrXjgqTjgro8L3NwYW4+PC90ZD4KICAgIDx0ZCB3aWR0aD0iNDg2Ij48c3BhbiBjbGFzcz0ic3R5bGUzIj4K44CAVzExNjDDl0Q3MDDDl0g2OTAoU0gzNzApIG1tPC9zcGFuPjwvdGQ+CiAgPC90cj4KPHRyPgogICAgPHRkIGJnY29sb3I9IiNGM0YzRjMiPjxzcGFuIGNsYXNzPSJzdHlsZTMiPuOAgOadkOizqjwvc3Bhbj48L3RkPgogICAgPHRkPjxzcGFuIGNsYXNzPSJzdHlsZTMiPuOAgOacqOODleODrOODvOODoCDjgqbjgqfjg7zjg5Pjg7PjgrDjg5njg6vjg4jjgIDjg53jg6rjgqjjgrnjg4bjg6s8L3NwYW4+PC90ZD4KICA8L3RyPgo8dHI+CiAgICA8dGQgYmdjb2xvcj0iI0YzRjNGMyI+PHNwYW4gY2xhc3M9InN0eWxlMyI+44CA5YKZ6ICDPC9zcGFuPjwvdGQ+CiAgICA8dGQ+PHNwYW4gY2xhc3M9InN0eWxlMyI+CuOAgOeOhOmWoua4oeOBl+WVhuWTgSjlroXphY3kvr/jgafjga7jgYrlsYrjgZEpIDxicj4K44CA57WE56uL5ZOBPC9zcGFuPjwvdGQ+CiAgPC90cj4KICAgICAgPHRyPgogICAgPHRkIGJnY29sb3I9IiNGM0YzRjMiPjxzcGFuIGNsYXNzPSJzdHlsZTMiPuOAgOe0jeacnzwvc3Bhbj48L3RkPgogICAgPHRkPjxzcGFuIGNsYXNzPSJzdHlsZTMiPuOAgOOBiuWPluOCiuWvhOOBm+WVhuWTgeOBq+OBquOCiuOBvuOBmeOAgumAmuW4uDfml6XjgYvjgokxMOaXpeeoi+W6pjwvc3Bhbj48L3RkPgogIDwvdHI+CgoKCgoKIDwvdGFibGU+CgoKPGltZyBzcmM9Imh0dHA6Ly93d3cucmFrdXRlbi5uZS5qcC9nb2xkL2FzcXVpc3NlL2F6dW1heWEvcnRvNjExLzBydG82MTEuanBnIndpZHRoPSIzMDAiaGVpZ2h0PSIzMDAiYm9yZGVyPSIwIj4KCjxicj4K44K144Kk44K66YGV44GE44Gv44GT44Gh44KJPGJyPjxzdHlsZSB0eXBlPSJ0ZXh0L2NzcyI+Ci8q44GK5rCX44Gr5YWl44KK5ZWG5ZOB44Oc44K/44Oz44Gu44K/44Kw44GT44GT44GL44KJKi8KZGl2LmJvb2ttYXJrQXJlYSBkaXYuYmttIHsKd2lkdGg6IDMxOHB4ICFpbXBvcnRhbnQ7ICAvKjEu44GT44GT44Gr55S75YOP44Gu5qiq5bmF44KS5oyH5a6aKi8KaGVpZ2h0OiA4M3B4ICFpbXBvcnRhbnQ7ICAvKjEu44GT44GT44Gr55S75YOP44Gu6auY44GV44KS5oyH5a6aKi8KfQpkaXYuYm9va21hcmtBcmVhIGRpdi5ia20gYS5hZGRCa20gc3Bhbi5ia21TdGFyIHsKZGlzcGxheTogaW5saW5lLWJsb2NrICFpbXBvcnRhbnQ7Cgp3aWR0aDogMzE4cHggIWltcG9ydGFudDsgICAvKjEu44GT44GT44Gr55S75YOP44Gu5qiq5bmF44KS5oyH5a6aKi8KaGVpZ2h0OiA4M3B4ICFpbXBvcnRhbnQ7ICAgLyoxLuOBk+OBk+OBq+eUu+WDj+OBrumrmOOBleOCkuaMh+WumiovCgoKbWFyZ2luLXJpZ2h0OiAwcHggIWltcG9ydGFudDsKYmFja2dyb3VuZDoKdXJsKGh0dHA6Ly9pbWFnZS5yYWt1dGVuLmNvLmpwL2FzcXVpc3NlL2NhYmluZXQvaW1ncmMwMDY0NzE5NjExLmpwZykgbm8tcmVwZWF0IDAgMCAhaW1wb3J0YW50O+OAgAoJCQkgICAvKuKGkeKGkTIu44GT44GT44Gr44GK5aW944G/44Gu44GK5rCX44Gr5YWl44KK55S75YOP44KS44Kz44OU44Oa4oaR4oaRCiovCgpjdXJzb3I6IHBvaW50ZXIgIWltcG9ydGFudDsKfQoKZGl2LmJvb2ttYXJrQXJlYSBkaXYuYmttIHsKd2lkdGg6IDMxOHB4ICFpbXBvcnRhbnQ7ICAvKjEu44GT44GT44Gr55S75YOP44Gu5qiq5bmF44KS5oyH5a6aKi8KaGVpZ2h0OiA4M3B4ICFpbXBvcnRhbnQ7ICAvKjEu44GT44GT44Gr55S75YOP44Gu6auY44GV44KS5oyH5a6aKi8KfQpkaXYuYm9va21hcmtBcmVhIGRpdi5ia20gYS5hZGRCa20gc3Bhbi5ia21TdGFyIHsKZGlzcGxheTogaW5saW5lLWJsb2NrICFpbXBvcnRhbnQ7Cgp3aWR0aDogMzE4cHggIWltcG9ydGFudDsgICAvKjEu44GT44GT44Gr55S75YOP44Gu5qiq5bmF44KS5oyH5a6aKi8KaGVpZ2h0OiA4M3B4ICFpbXBvcnRhbnQ7ICAgLyoxLuOBk+OBk+OBq+eUu+WDj+OBrumrmOOBleOCkuaMh+WumiovCgoKbWFyZ2luLXJpZ2h0OiAwcHggIWltcG9ydGFudDsKYmFja2dyb3VuZDoKdXJsKGh0dHA6Ly9pbWFnZS5yYWt1dGVuLmNvLmpwL2FzcXVpc3NlL2NhYmluZXQvaW1ncmMwMDY0NzE5NjExLmpwZykgbm8tcmVwZWF0IDAgMCAhaW1wb3J0YW50O+OAgC8q44GT44GT44Gr44GK5aW944G/44Gu44GK5rCX44Gr5YWl44KK55S75YOP44KS44Kz44OU44OaKi8KCQkJICAgLyrihpHihpEyLuOBk+OBk+OBq+OBiuWlveOBv+OBruOBiuawl+OBq+WFpeOCiueUu+WDj+OCkuOCs+ODlOODmuKGkeKGkQoqLwoKY3Vyc29yOiBwb2ludGVyICFpbXBvcnRhbnQ7Cn0KCgoKLyrjgYrmsJfjgavlhaXjgorllYblk4Hjg5zjgr/jg7Pjgr/jgrDjgZPjgZPjgb7jgacqLwovKuOBiuiyt+OBhOeJqeOBi+OBlOOCv+OCsOOBk+OBk+OBi+OCiSovCgppbnB1dFt2YWx1ZT0i6LK344GE54mp44GL44GU44Gr5YWl44KM44KLIl17CgoJZm9udC1zaXplOjE2cHg7Cglmb250LWZhbWlseTpBcmlhbDsKCWZvbnQtd2VpZ2h0Om5vcm1hbDsKCS1tb3otYm9yZGVyLXJhZGl1czo4cHg7Cgktd2Via2l0LWJvcmRlci1yYWRpdXM6OHB4OwoJYm9yZGVyLXJhZGl1czo4cHg7Cglib3JkZXI6MXB4IHNvbGlkICNkODM1MjY7CglwYWRkaW5nOjlweCAxOHB4OwoJdGV4dC1kZWNvcmF0aW9uOm5vbmU7CgoJYmFja2dyb3VuZDotbW96LWxpbmVhci1ncmFkaWVudCggY2VudGVyIHRvcCwgI2ZlMWEwMCA1JSwgI2NlMDEwMCAxMDAlICk7CgliYWNrZ3JvdW5kOi1tcy1saW5lYXItZ3JhZGllbnQoIHRvcCwgI2ZlMWEwMCA1JSwgI2NlMDEwMCAxMDAlICk7CiAgICAgICAJYmFja2dyb3VuZDotd2Via2l0LWdyYWRpZW50KCBsaW5lYXIsIGxlZnQgdG9wLCBsZWZ0IGJvdHRvbSwgY29sb3Itc3RvcCg1JSwgI2ZlMWEwMCksIGNvbG9yLXN0b3AoMTAwJSwgI2NlMDEwMCkgKTsKCgljdXJzb3I6IHBvaW50ZXIgIWltcG9ydGFudDsKCgliYWNrZ3JvdW5kLWNvbG9yOiNmZTFhMDA7Cgljb2xvcjojZmZmZmZmOwoJZGlzcGxheTppbmxpbmUtYmxvY2s7Cgl0ZXh0LXNoYWRvdzoxcHggMXB4IDBweCAjYjIzZTM1OwogCWJveC1zaGFkb3c6aW5zZXQgMXB4IDFweCAwcHggMHB4ICNmMjljOTM7IH0KCi8q44GK6LK344GE54mp44GL44GU44K/44Kw44GT44GT44G+44GnKi8KCjwhLS0KLnN0eWxlMSB7Zm9udC1zaXplOiAxMHB4fQouc3R5bGUyIHtjb2xvcjogI0ZGMDAwMH0KLnN0eWxlNCB7Y29sb3I6ICMwMDAwRkZ9Ci0tPgo8L3N0eWxlPgo8aW1nIHNyYz0iaHR0cDovL2ltYWdlLnJha3V0ZW4uY28uanAvYXNxdWlzc2UvY2FiaW5ldC9pbWc1ODkxMTA4My5qcGciLz4KPHRhYmxlIHdpZHRoPSI2MTEiIGJvcmRlcj0iMCI+CgogIDx0cj4KICAgIDx0ZCB3aWR0aD0iMjk0IiByb3dzcGFuPSIyIj48cCBjbGFzcz0ic3R5bGUxIj7ilqDllrbmpa3mmYLplpPluK88YnI+Cgnjg43jg4Pjg4jjgafjga7jgZTms6jmlofjga/jgIE8c3BhbiBjbGFzcz0ic3R5bGUyIj4yNOaZgumWkzwvc3Bhbj7lj5fjgZHku5jjgZHjgabjgYrjgorjgb7jgZnjgII8YnI+PGJyPgoK44GK6Zu76Kmx44Gn44Gu44GK5ZWP5ZCI44Gb44Gv5LiL6KiY44Gu5pmC6ZaT5biv44Gr44GK6aGY44GE44GX44G+44GZ44CCCjxicj4KCgo8c3BhbiBjbGFzcz0ic3R5bGUyIj4xMTowMO+9njIwOjAwPC9zcGFuPiDjgIAgPHNwYW4gY2xhc3M9InN0eWxlMiI+4oC754Gr5puc5pel44Gv44GK5LyR44G/PC9zcGFuPuOCkuOBhOOBn+OBoOOBhOOBpuOBiuOCiuOBvuOBmeOAgjxicj4KPGJyPgoK4pag6YCB5paZPGJyPgrlhajlm73kuIDlvovmlpnph5HvvJo8c3BhbiBjbGFzcz0ic3R5bGUyIj41ODDlhoY8L3NwYW4+PGJyPgoo5YyX5rW36YGT44CB5rKW57iE44CB6Zui5bO244O75LiA6YOo5Zyw5Z+f44Gv6L+95Yqg6YCB5paZ55m655Sf44GX44G+44GZ44CCKTxicj4KPGJyPgrilqDlroXphY3kvr88YnI+CuODpOODnuODiOmBi+i8uOOAgOilv+a/g+mBi+i8uOOAgOS9kOW3neaApeS+v+OAgOOChuOBhuODkeODg+OCrzxicj4KPGJyPgrilqDllYblk4HnmbrpgIHjga7jgr/jgqTjg5/jg7PjgrA8YnI+CueJueOBq+OBlOaMh+WumuOBjOOBquOBhOWgtOWQiOOAgTxicj4K5qW95aSp44OQ44Oz44Kv5rG65riI44CB6YqA6KGM5oyv6L684oeS44GU5YWl6YeR56K66KqN5b6M44CBPHNwYW4gY2xhc3M9InN0eWxlMiI+N+WWtualreaXpeS7peWGhTwvc3Bhbj7jgavnmbrpgIHoh7TjgZfjgb7jgZnjgII8YnI+CuOCr+ODrOOCuOODg+ODiOOAgeS7o+mHkeW8leaPm+OAgOKHkuOBlOazqOaWh+eiuuiqjeW+jOOAgTxzcGFuIGNsYXNzPSJzdHlsZTIiPjfllrbmpa3ml6Xku6XlhoU8L3NwYW4+44Gr55m66YCB6Ie044GX44G+44GZ44CCIAo8YnI+Cjxicj4K4pag6L+U5ZOB44O75Lqk5o+b44Gr44Gk44GE44GmPGJyPgrllYblk4Hjga7jgqvjg6njg7zjgavplqLjgZfjgb7jgZfjgabjga/plrLopqfnkrDlooPjgavjgojjgaPjgaboi6XlubLpgZXjgaPjgabopovjgYjjgovloLTlkIjjgYzjgZTjgZbjgYTjgb7jgZnkuojjgoHjgZTkuobmib/kuIvjgZXjgYTjgII8YnI+CuODoeODvOOCq+ODvOOBjOWIneacn+S4jeiJr+OBqOiqjeWumuOBl+OBpuOBhOOBquOBhOWVhuWTgeOAgeOAjOOCpOODoeODvOOCuOOBqOmBleOBhuOAjeetieOBrui/lOWTgeODu+S6pOaPm+OBr+OBiuWPl+OBkeOBp+OBjeOBvuOBm+OCk+OBruOBp+OBlOS6huaJv+OBj+OBoOOBleOBhOOAgjxicj4K5LqL5YmN44Gu44GU6YCj57Wh44Gu44Gq44GE6L+U5ZOB44Gr6Zai44GX44G+44GX44Gm44Gv44GK5Y+X44GR44Gn44GN44G+44Gb44KTPGJyPgrvvIjnnYDmiZXjgYTnrYnjgafjga7ov5Tlk4HvvInjgZTkuobmib/jgY/jgaDjgZXjgYTjgII8YnI+Cjxicj4K4pag5LiN6Imv5ZOB44Gr44Gk44GE44GmPGJyPgrllYblk4HjgYznoLTmkI3jg7vmsZrmkI3jgZfjgabjgYTjgZ/loLTlkIjjga/phY3pgZTlvozkuIDpgLHplpPku6XlhoXjgavjg6Hjg7zjg6vjgYvpm7voqbHjgafjgZTpgKPntaHjgY/jgaDjgZXjgYTjgIIK44GZ44GQ44Gr5Lqk5o+b44Gu5ZOB44G+44Gf44Gv6L+U5ZOB44KS5om/44KK44G+44GZ44CCPGJyPgrigLvjgZPjga7loLTlkIjjga/pgIHmlpnjgIHmiYvmlbDmlpnjga/lvZPlupfjgYzosqDmi4XjgYTjgZ/jgZfjgb7jgZnjgIIKICA8L3RkPgogICAgPHRkIHdpZHRoPSIzMDciIGhlaWdodD0iNjIiIHZhbGlnbj0idG9wIj48c3BhbiBjbGFzcz0ic3R5bGUxIj7ilqDjgYrmlK/miZXjgYTmlrnms5XjgavjgaTjgYTjgaY8YnI+CiAgICDjgYrmlK/miZXjgYTjga/mpb3lpKnjg5Djg7Pjgq/jgIHpioDooYzmjK/jgorovrzjgb/jgIHku6Pph5HlvJXmj5vjgIHjgq/jg6zjgrjjg4Pjg4jjgYzjgZTliKnnlKjjgYTjgZ/jgaDjgZHjgb7jgZnjgII8YnIgLz4KICAgIDxicj4KICAgIDxzcGFuIGNsYXNzPSJzdHlsZTQiPuKAu+OCr+ODrOOCuOODg+ODiOOCq+ODvOODieOBruOCu+OCreODpeODquODhuOCo+OBr1NTTOOBqOOBhOOBhuOCt+OCueODhuODoOOCkuWIqeeUqOOBl+OBpuOBiuOCiuOBvuOBmeOAgiDjgqvjg7zjg4nnlarlj7fjga/mmpflj7fljJbjgZXjgozjgablronlhajjgavpgIHkv6HjgZXjgozjgb7jgZnjga7jgafjgIHjganjgYbjgZ7jgZTlronlv4PjgY/jgaDjgZXjgYTjgII8YnIgLz4KICAgIDxpbWcgc3JjPSJodHRwOi8vaW1hZ2UucmFrdXRlbi5jby5qcC9fc3VwcG9ydC1vcy9jYWJpbmV0L3Zpc2EuZ2lmIiAvPiA8aW1nIHNyYz0iaHR0cDovL2ltYWdlLnJha3V0ZW4uY28uanAvX3N1cHBvcnQtb3MvY2FiaW5ldC9tYXN0ZXJjYXJkLmdpZiIgLz4gPGltZyBzcmM9Imh0dHA6Ly9pbWFnZS5yYWt1dGVuLmNvLmpwL19zdXBwb3J0LW9zL2NhYmluZXQvamNiLmdpZiIgLz4gPGltZyBzcmM9Imh0dHA6Ly9pbWFnZS5yYWt1dGVuLmNvLmpwL19zdXBwb3J0LW9zL2NhYmluZXQvZGluZXJzLmdpZiIgLz4gPGltZyBzcmM9Imh0dHA6Ly9pbWFnZS5yYWt1dGVuLmNvLmpwL19zdXBwb3J0LW9zL2NhYmluZXQvYW1leC5naWYiIC8+IDxpbWcgc3JjPSJodHRwOi8vaW1hZ2UucmFrdXRlbi5jby5qcC9fc3VwcG9ydC1vcy9jYWJpbmV0L2dpbmtvdS5naWYiIHdpZHRoPSIzNiIgaGVpZ2h0PSIzNiIgLz4gPGltZyBzcmM9Imh0dHA6Ly9pbWFnZS5yYWt1dGVuLmNvLmpwL19zdXBwb3J0LW9zL2NhYmluZXQvZGFpYmlraS5naWYiIHdpZHRoPSIzNiIgaGVpZ2h0PSIzNiIgLz48L3NwYW4+PC9zcGFuPjwvdGQ+CiAgPC90cj4KICAKICA8dHI+CiAgICA8dGQgdmFsaWduPSJ0b3AiPjxzcGFuIGNsYXNzPSJzdHlsZTEiPuKWoOalveWkqeODkOODs+OCr+axuua4iDxicj4K5qW95aSp44OQ44Oz44Kv5rG65riI5omL5pWw5paZKOeojui+vCk8YnI+CjHlhobvvZ4yOSw5OTnlhobjgIDjgIA8c3BhbiBjbGFzcz0ic3R5bGUyIj4xNTXlhoY8L3NwYW4+PGJyPgozMCwwMDDlhobvvZ7jgIDjgIDjgIDjgIA8c3BhbiBjbGFzcz0ic3R5bGUyIj4yNTflhoY8L3NwYW4+PGJyPjxicj4KCuKWoOS7o+mHkeW8leaPmyA8YnI+CuS7o+W8leaJi+aVsOaWmeaWme+8muWFqOWbveS4gOW+i+aWmemHke+8miA8c3BhbiBjbGFzcz0ic3R5bGUyIj4zMjTlhoY8L3NwYW4+PGJyPgo8YnI+CuKWoOmKgOihjOaMr+i+vDxicj4K44GU5YWl6YeR56K66KqN5b6M44Gr55m66YCB44GE44Gf44GX44G+44GZ44CCPGJyPgrmjK/ovrzmiYvmlbDmlpnjga/jgYrlrqLmp5josqDmi4XjgafjgYrpoZjjgYToh7TjgZfjgb7jgZnjgII8YnI+Cjxicj4K44CQ5oyv6L685YWI44CRIOalveWkqemKgOihjO+8iOODqeOCr+ODhuODs+OCruODs+OCs+OCpu+8iealveWkqeW4guWgtOaUr+W6l++8iOODqeOCr+ODhuODs+OCpOODgeODkOOCt+ODhuODs++8iSDmma7pgJogMTA0NzA3MCDjg6njgq/jg4bjg7PvvIjvvKHvvLPvvLHvvLXvvKnvvLPvvLPvvKUgCjxicj7igLvjgZPjga7lj6Pluqfjga7mqKnliKnjga/mpb3lpKnmoKrlvI/kvJrnpL7jgYzkv53mnInjgZfjgabjgYTjgb7jgZnjgIIgPGJyPgo8YnI+CjxzcGFuIGNsYXNzPSJzdHlsZTQiPuKAu+ODneOCpOODs+ODiOOCkuOBlOWIqeeUqOOBruWgtOWQiOetieOAgealveWkqeOBi+OCieiHquWLleOBp+mFjeS/oeOBleOCjOOCi+eiuuiqjeODoeODvOODq+OBrumHkemhjeOBqOOBiuaMr+i+vOOBv+aZguOBrumHkemhjeOBjOeVsOOBquOCi+WgtOWQiOOBjOOBlOOBluOBhOOBvuOBmeOAggrjga7jgaHjgbvjganlvZPlupfjgYvjgonjgYrpgIHjgorjgZnjgovjg6Hjg7zjg6vjgavoqJjovInjga7ph5HpoY3jgpLjgYrmjK/ovrzjgb/jgY/jgaDjgZXjgYTjgII8L3NwYW4+PC9zcGFuPjwvdGQ+CiAgPC90cj4KICA8dHI+CiAgICA8dGQgY29sc3Bhbj0iMiI+Jm5ic3A7PC90ZD4KICA8L3RyPgo8L3RhYmxlPg==,44Oc44Or44OG44K944OV44KhIDLkurrmjpvjgZHjgr3jg5XjgqEg44K944OV44Kh44O8IOS6jOS6uuaOm+OBkSDjg5njg7zjgrjjg6Ug44Kw44Oq44O844OzIOe3kSDojLboibIg5pyo6KO9IOOCpuODg+ODiSDjgYrjgZfjgoPjgowg5YyX5qynIOODrOODiOODrSDjgqLjg7Pjg4bjgqPjg7zjgq8g44OK44OB44Ol44Op44OrIOOCq+OCuOODpeOCouODqyDkuozkurrmmq7jgonjgZcg5LiA5Lq65pqu44KJ44GXIOOCpOODs+ODhuODquOCoiDlrrblhbcg44GL44KP44GE44GEIOOAkOmAgeaWmeeEoeaWmeOAke+8mmFzcXVpc3Nl,44Oc44Or44OG44K944OV44KhIDLkurrmjpvjgZHjgr3jg5XjgqEg44K944OV44Kh44O8IOS6jOS6uuaOm+OBkSDjg5njg7zjgrjjg6Ug44Kw44Oq44O844OzIOe3kSDojLboibIg5pyo6KO9IOOCpuODg+ODiSDjgYrjgZfjgoPjgowg5YyX5qynIOODrOODiOODrSDjgqLjg7Pjg4bjgqPjg7zjgq8g44OK44OB44Ol44Op44OrIOOCq+OCuOODpeOCouODqyDkuozkurrmmq7jgonjgZcg5LiA5Lq65pqu44KJ44GXIOOCpOODs+ODhuODquOCoiDlrrblhbcg44GL44KP44GE44GEIOOAkOmAgeaWmeeEoeaWmeOAkQ==,6JC944Gh552A44GE44Gf6Imy5ZCI44GE44Gu44Km44OD44OJ44OV44Os44O844Og44GM44GK44GX44KD44KM44GqMuS6uuaOm+OBkeOCveODleOCoeOAguODnOODq+ODhuOCveODleOCoSAy5Lq65o6b44GR44K944OV44KhIOOCveODleOCoeODvCDkuozkurrmjpvjgZEg44OZ44O844K444OlIOOCsOODquODvOODsyDnt5Eg6Iy26ImyIOacqOijvSDjgqbjg4Pjg4kg44GK44GX44KD44KMIOWMl+aspyDjg6zjg4jjg60g44Ki44Oz44OG44Kj44O844KvIOODiuODgeODpeODqeODqyDjgqvjgrjjg6XjgqLjg6sg5LqM5Lq65pqu44KJ44GXIOS4gOS6uuaaruOCieOBlyDjgqTjg7Pjg4bjg6rjgqIg5a625YW3IOOBi+OCj+OBhOOBhCDjgJDpgIHmlpnnhKHmlpnjgJE=[rn]
37-51638,aHR0cDovL3RzaG9wLnIxMHMuanAvYXNxdWlzc2UvY2FiaW5ldC8wMzA2MDg3My9pbWc2MTY3MTM1OC5qcGc/Zml0aW49NzAwOjcwMA==,NjczOTIuMDAwMA==,,44Kk44Oz44OG44Oq44Ki44O75a+d5YW344O75Y+O57SNID4g44K944OV44Kh44O744K944OV44Kh44OZ44OD44OJID4gMuS6uuaOm+OBkeOCveODleOCoSA+IOW4g+WcsA==,44CQ6YCB5paZ54Sh5paZ44CRRkFCUklDIFBBVFRFUk4gU09GQSAyUCDkuozkurrmjpvjgZEg44K944OV44KhIOS6jOS6uueUqCDjgr3jg5XjgqHjg7wg44OB44Kn44OD44KvIOODlOODs+OCryDjgrDjg6rjg7zjg7Mg44OW44Op44Km44OzIOODluODqeODg+OCryDjg6zjg4jjg60g5YyX5qynIOOCouODoeODquOCq+ODsyDjg4rjg4Hjg6Xjg6njg6sg44GL44KP44GE44GEIOOBiuOBl+OCg+OCjCDjg5Xjg6zjg7zjg6Ag44Km44OD44OJIOacqCDmnKjoo70g6IKY5LuY44GNIOOCouODvOODoCAg5Zu955SjIOaXpeacrOijvQ==,44OB44Kn44OD44Kv44Gu44OV44Kh44OW44Oq44OD44Kv44Go44Ki44O844Og44GM44GK44GX44KD44KM44Gq5LqM5Lq655So44K944OV44Kh,PGltZyBzcmM9Imh0dHA6Ly9pbWFnZS5yYWt1dGVuLmNvLmpwL2FzcXVpc3NlL2NhYmluZXQvMDMwNjA4NzMvaW1nNjE2NzEzNTguanBnIi8+CjxwPuWNsOixoeeahOOBquODgeOCp+ODg+OCr+OBruODleOCoeODluODquODg+OCr+OBqOODluODqeOCpuODs+OBruOCouODvOODoOOBjOOBiuOBl+OCg+OCjOOBquS6jOS6uuaOm+OBkeOCveODleOCoTwvcD4KPGltZyBzcmM9Imh0dHA6Ly9pbWFnZS5yYWt1dGVuLmNvLmpwL2FzcXVpc3NlL2NhYmluZXQvMDMwNjA4NzMvaW1nNjE2NzEzNTIuanBnIi8+CjxwPuODrOODiOODreOBqumbsOWbsuawl+OBrueVmeOCgeWFt+OBqOODluODqeOCpuODs+OBruacqOebruOBjOS4iuizquOBp+OBmTwvcD4KPGltZyBzcmM9Imh0dHA6Ly9pbWFnZS5yYWt1dGVuLmNvLmpwL2FzcXVpc3NlL2NhYmluZXQvMDMwNjA4NzMvaW1nNjE2NzEzNTkuanBnIi8+CjxwPuOCr+ODg+OCt+ODp+ODs+OBr+ehrOOCgeOBruOCpuODrOOCv+ODs+OCkuS9v+eUqOeWsuOCjOOBq+OBj+OBj+OAgeW6p+mdouOBjOW6g+OAheOBqOOBl+OBpuOBhOOCi+OBruOBp+OAgeOChuOBo+OBn+OCiuOBqOiFsOaOm+OBkeOCi+OBk+OBqOOBjOOBp+OBjeOBvuOBmTwvcD4KPHA+5pel5pys6KO944Gn5L2c44KK44KC44GX44Gj44GL44KK44Go44GX44Gf44K944OV44Kh44Gn44GZPC9wPgo8aW1nIHNyYz0iaHR0cDovL2ltYWdlLnJha3V0ZW4uY28uanAvYXNxdWlzc2UvY2FiaW5ldC8wMzA2MDg3My9pbWc2MTY3MTM2MC5qcGciLz4KPHA+5bqn44KL44Go44GT44Gu44KI44GG44Gq44K144Kk44K65oSfPC9wPgo8aW1nIHNyYz0iaHR0cDovL2ltYWdlLnJha3V0ZW4uY28uanAvYXNxdWlzc2UvY2FiaW5ldC8wMzA2MDg3My9pbWc2MTY3MTM1NS5qcGciLz4KPHA+44Kr44Op44O844Gr44KI44Gj44Gm6Zuw5Zuy5rCX44GM5aSJ44KP44KK44G+44GZ44Gu44Gn44GK5aW944G/44Gr5ZCI44KP44Gb44Gm44GK6YG444Gz44GE44Gf44Gg44GR44G+44GZPC9wPgo8aW1nIHNyYz0iaHR0cDovL2ltYWdlLnJha3V0ZW4uY28uanAvYXNxdWlzc2UvY2FiaW5ldC8wMzA2MDg3My9pbWc2MTY3MTM2MS5qcGciLz4KPGJyPjxicj4KPGltZyBzcmM9Imh0dHA6Ly9pbWFnZS5yYWt1dGVuLmNvLmpwL2FzcXVpc3NlL2NhYmluZXQvMDMwNjA4NzMvaW1nNjE2NzEzNTcuanBnIi8+Cjxicj48YnI+CjxpbWcgc3JjPSJodHRwOi8vaW1hZ2UucmFrdXRlbi5jby5qcC9hc3F1aXNzZS9jYWJpbmV0LzAzMDg3Nzg3LzAzMDg3ODAwL2ltZzU5NzcxNTQzLmpwZyIvPgo8YnI+PGJyPgoKCjxzdHlsZSB0eXBlPSJ0ZXh0L2NzcyI+CjwhLS0KLnN0eWxlMyB7Y29sb3I6ICMzMzMzMzM7IGZvbnQtc2l6ZTogMTJweDsgfQotLT4KPC9zdHlsZT4KCjx0YWJsZSB3aWR0aD0iNjAwIiBoZWlnaHQ9IjE5MCIgYm9yZGVyPSIxIiBjZWxsc3BhY2luZz0iMCIgYm9yZGVyY29sb3I9IiNFMUUxRTEiPgogICAgPHRyPgogICAgPHRkIGJnY29sb3I9IiNGM0YzRjMiPjxzcGFuIGNsYXNzPSJzdHlsZTMiPuOAgOadkOizqjwvc3Bhbj48L3RkPgogICAgPHRkPjxzcGFuIGNsYXNzPSJzdHlsZTMiPgrjgIDnlJ/lnLDvvJrjg53jg6rjgqjjgrnjg4bjg6s8YnI+CuOAgOacrOS9k++8muWkqeeEtuacqOOAgOOCpuODrOOCv+ODszwvc3Bhbj48L3RkPgogIDwvdHI+Cjx0cj4KICAgIDx0ZCBiZ2NvbG9yPSIjRjNGM0YzIj48c3BhbiBjbGFzcz0ic3R5bGUzIj7jgIDmnKzkvZPjgrXjgqTjgro8L3NwYW4+PC90ZD4KICAgIDx0ZD48c3BhbiBjbGFzcz0ic3R5bGUzIj4K44CAVzEzMjDDl0Q3MzDDl0g2OTAoU0jvvJozNTApIG1tPC9zcGFuPjwvdGQ+CiAgPC90cj4KPHRyPgogICAgPHRkIGJnY29sb3I9IiNGM0YzRjMiPjxzcGFuIGNsYXNzPSJzdHlsZTMiPuOAgOacrOS9k+ips+e0sDwvc3Bhbj48L3RkPgogICAgPHRkPjxzcGFuIGNsYXNzPSJzdHlsZTMiPgrjgIDntYTnq4vlvI88L3NwYW4+PC90ZD4KICA8L3RyPiAKPHRyPgogICAgPHRkIGJnY29sb3I9IiNGM0YzRjMiPjxzcGFuIGNsYXNzPSJzdHlsZTMiPuOAgOe0jeacnzwvc3Bhbj48L3RkPgogICAgPHRkPjxzcGFuIGNsYXNzPSJzdHlsZTMiPgrjgIDlj5fms6jnlJ/nlKPlk4Hjga7jgZ/jgoHntIQy772eM+mAsemWk+W+jDwvc3Bhbj48L3RkPgogIDwvdHI+CjwvdGFibGU+PGltZyBzcmM9Imh0dHA6Ly9pbWFnZS5yYWt1dGVuLmNvLmpwL2FzcXVpc3NlL2NhYmluZXQvMDMwNjA4NzMvaW1nNjE2NzEzNTEuanBnIndpZHRoPSIyMDAiaGVpZ2h0PSIyMDAiYm9yZGVyPSIwIj4KCjxicj48YnI+Cgo8aW1nIHNyYz0iaHR0cDovL2ltYWdlLnJha3V0ZW4uY28uanAvYXNxdWlzc2UvY2FiaW5ldC8wMzA2MDg3My9pbWc2MTY3MTM2Mi5qcGcid2lkdGg9IjIwMCJoZWlnaHQ9IjIwMCJib3JkZXI9IjAiPgo8YnI+CuWQjOOCt+ODquODvOOCuuOBruOCveODleOCoeOBr+OBk+OBoeOCiTxzdHlsZSB0eXBlPSJ0ZXh0L2NzcyI+Ci8q44GK5rCX44Gr5YWl44KK5ZWG5ZOB44Oc44K/44Oz44Gu44K/44Kw44GT44GT44GL44KJKi8KZGl2LmJvb2ttYXJrQXJlYSBkaXYuYmttIHsKd2lkdGg6IDMxOHB4ICFpbXBvcnRhbnQ7ICAvKjEu44GT44GT44Gr55S75YOP44Gu5qiq5bmF44KS5oyH5a6aKi8KaGVpZ2h0OiA4M3B4ICFpbXBvcnRhbnQ7ICAvKjEu44GT44GT44Gr55S75YOP44Gu6auY44GV44KS5oyH5a6aKi8KfQpkaXYuYm9va21hcmtBcmVhIGRpdi5ia20gYS5hZGRCa20gc3Bhbi5ia21TdGFyIHsKZGlzcGxheTogaW5saW5lLWJsb2NrICFpbXBvcnRhbnQ7Cgp3aWR0aDogMzE4cHggIWltcG9ydGFudDsgICAvKjEu44GT44GT44Gr55S75YOP44Gu5qiq5bmF44KS5oyH5a6aKi8KaGVpZ2h0OiA4M3B4ICFpbXBvcnRhbnQ7ICAgLyoxLuOBk+OBk+OBq+eUu+WDj+OBrumrmOOBleOCkuaMh+WumiovCgoKbWFyZ2luLXJpZ2h0OiAwcHggIWltcG9ydGFudDsKYmFja2dyb3VuZDoKdXJsKGh0dHA6Ly9pbWFnZS5yYWt1dGVuLmNvLmpwL2FzcXVpc3NlL2NhYmluZXQvaW1ncmMwMDY0NzE5NjExLmpwZykgbm8tcmVwZWF0IDAgMCAhaW1wb3J0YW50O+OAgAoJCQkgICAvKuKGkeKGkTIu44GT44GT44Gr44GK5aW944G/44Gu44GK5rCX44Gr5YWl44KK55S75YOP44KS44Kz44OU44Oa4oaR4oaRCiovCgpjdXJzb3I6IHBvaW50ZXIgIWltcG9ydGFudDsKfQoKZGl2LmJvb2ttYXJrQXJlYSBkaXYuYmttIHsKd2lkdGg6IDMxOHB4ICFpbXBvcnRhbnQ7ICAvKjEu44GT44GT44Gr55S75YOP44Gu5qiq5bmF44KS5oyH5a6aKi8KaGVpZ2h0OiA4M3B4ICFpbXBvcnRhbnQ7ICAvKjEu44GT44GT44Gr55S75YOP44Gu6auY44GV44KS5oyH5a6aKi8KfQpkaXYuYm9va21hcmtBcmVhIGRpdi5ia20gYS5hZGRCa20gc3Bhbi5ia21TdGFyIHsKZGlzcGxheTogaW5saW5lLWJsb2NrICFpbXBvcnRhbnQ7Cgp3aWR0aDogMzE4cHggIWltcG9ydGFudDsgICAvKjEu44GT44GT44Gr55S75YOP44Gu5qiq5bmF44KS5oyH5a6aKi8KaGVpZ2h0OiA4M3B4ICFpbXBvcnRhbnQ7ICAgLyoxLuOBk+OBk+OBq+eUu+WDj+OBrumrmOOBleOCkuaMh+WumiovCgoKbWFyZ2luLXJpZ2h0OiAwcHggIWltcG9ydGFudDsKYmFja2dyb3VuZDoKdXJsKGh0dHA6Ly9pbWFnZS5yYWt1dGVuLmNvLmpwL2FzcXVpc3NlL2NhYmluZXQvaW1ncmMwMDY0NzE5NjExLmpwZykgbm8tcmVwZWF0IDAgMCAhaW1wb3J0YW50O+OAgC8q44GT44GT44Gr44GK5aW944G/44Gu44GK5rCX44Gr5YWl44KK55S75YOP44KS44Kz44OU44OaKi8KCQkJICAgLyrihpHihpEyLuOBk+OBk+OBq+OBiuWlveOBv+OBruOBiuawl+OBq+WFpeOCiueUu+WDj+OCkuOCs+ODlOODmuKGkeKGkQoqLwoKY3Vyc29yOiBwb2ludGVyICFpbXBvcnRhbnQ7Cn0KCgoKLyrjgYrmsJfjgavlhaXjgorllYblk4Hjg5zjgr/jg7Pjgr/jgrDjgZPjgZPjgb7jgacqLwovKuOBiuiyt+OBhOeJqeOBi+OBlOOCv+OCsOOBk+OBk+OBi+OCiSovCgppbnB1dFt2YWx1ZT0i6LK344GE54mp44GL44GU44Gr5YWl44KM44KLIl17CgoJZm9udC1zaXplOjE2cHg7Cglmb250LWZhbWlseTpBcmlhbDsKCWZvbnQtd2VpZ2h0Om5vcm1hbDsKCS1tb3otYm9yZGVyLXJhZGl1czo4cHg7Cgktd2Via2l0LWJvcmRlci1yYWRpdXM6OHB4OwoJYm9yZGVyLXJhZGl1czo4cHg7Cglib3JkZXI6MXB4IHNvbGlkICNkODM1MjY7CglwYWRkaW5nOjlweCAxOHB4OwoJdGV4dC1kZWNvcmF0aW9uOm5vbmU7CgoJYmFja2dyb3VuZDotbW96LWxpbmVhci1ncmFkaWVudCggY2VudGVyIHRvcCwgI2ZlMWEwMCA1JSwgI2NlMDEwMCAxMDAlICk7CgliYWNrZ3JvdW5kOi1tcy1saW5lYXItZ3JhZGllbnQoIHRvcCwgI2ZlMWEwMCA1JSwgI2NlMDEwMCAxMDAlICk7CiAgICAgICAJYmFja2dyb3VuZDotd2Via2l0LWdyYWRpZW50KCBsaW5lYXIsIGxlZnQgdG9wLCBsZWZ0IGJvdHRvbSwgY29sb3Itc3RvcCg1JSwgI2ZlMWEwMCksIGNvbG9yLXN0b3AoMTAwJSwgI2NlMDEwMCkgKTsKCgljdXJzb3I6IHBvaW50ZXIgIWltcG9ydGFudDsKCgliYWNrZ3JvdW5kLWNvbG9yOiNmZTFhMDA7Cgljb2xvcjojZmZmZmZmOwoJZGlzcGxheTppbmxpbmUtYmxvY2s7Cgl0ZXh0LXNoYWRvdzoxcHggMXB4IDBweCAjYjIzZTM1OwogCWJveC1zaGFkb3c6aW5zZXQgMXB4IDFweCAwcHggMHB4ICNmMjljOTM7IH0KCi8q44GK6LK344GE54mp44GL44GU44K/44Kw44GT44GT44G+44GnKi8KCjwhLS0KLnN0eWxlMSB7Zm9udC1zaXplOiAxMHB4fQouc3R5bGUyIHtjb2xvcjogI0ZGMDAwMH0KLnN0eWxlNCB7Y29sb3I6ICMwMDAwRkZ9Ci0tPgo8L3N0eWxlPgo8aW1nIHNyYz0iaHR0cDovL2ltYWdlLnJha3V0ZW4uY28uanAvYXNxdWlzc2UvY2FiaW5ldC9pbWc1ODkxMTA4My5qcGciLz4KPHRhYmxlIHdpZHRoPSI2MTEiIGJvcmRlcj0iMCI+CgogIDx0cj4KICAgIDx0ZCB3aWR0aD0iMjk0IiByb3dzcGFuPSIyIj48cCBjbGFzcz0ic3R5bGUxIj7ilqDllrbmpa3mmYLplpPluK88YnI+Cgnjg43jg4Pjg4jjgafjga7jgZTms6jmlofjga/jgIE8c3BhbiBjbGFzcz0ic3R5bGUyIj4yNOaZgumWkzwvc3Bhbj7lj5fjgZHku5jjgZHjgabjgYrjgorjgb7jgZnjgII8YnI+PGJyPgoK44GK6Zu76Kmx44Gn44Gu44GK5ZWP5ZCI44Gb44Gv5LiL6KiY44Gu5pmC6ZaT5biv44Gr44GK6aGY44GE44GX44G+44GZ44CCCjxicj4KCgo8c3BhbiBjbGFzcz0ic3R5bGUyIj4xMTowMO+9njIwOjAwPC9zcGFuPiDjgIAgPHNwYW4gY2xhc3M9InN0eWxlMiI+4oC754Gr5puc5pel44Gv44GK5LyR44G/PC9zcGFuPuOCkuOBhOOBn+OBoOOBhOOBpuOBiuOCiuOBvuOBmeOAgjxicj4KPGJyPgoK4pag6YCB5paZPGJyPgrlhajlm73kuIDlvovmlpnph5HvvJo8c3BhbiBjbGFzcz0ic3R5bGUyIj41ODDlhoY8L3NwYW4+PGJyPgoo5YyX5rW36YGT44CB5rKW57iE44CB6Zui5bO244O75LiA6YOo5Zyw5Z+f44Gv6L+95Yqg6YCB5paZ55m655Sf44GX44G+44GZ44CCKTxicj4KPGJyPgrilqDlroXphY3kvr88YnI+CuODpOODnuODiOmBi+i8uOOAgOilv+a/g+mBi+i8uOOAgOS9kOW3neaApeS+v+OAgOOChuOBhuODkeODg+OCrzxicj4KPGJyPgrilqDllYblk4HnmbrpgIHjga7jgr/jgqTjg5/jg7PjgrA8YnI+CueJueOBq+OBlOaMh+WumuOBjOOBquOBhOWgtOWQiOOAgTxicj4K5qW95aSp44OQ44Oz44Kv5rG65riI44CB6YqA6KGM5oyv6L684oeS44GU5YWl6YeR56K66KqN5b6M44CBPHNwYW4gY2xhc3M9InN0eWxlMiI+N+WWtualreaXpeS7peWGhTwvc3Bhbj7jgavnmbrpgIHoh7TjgZfjgb7jgZnjgII8YnI+CuOCr+ODrOOCuOODg+ODiOOAgeS7o+mHkeW8leaPm+OAgOKHkuOBlOazqOaWh+eiuuiqjeW+jOOAgTxzcGFuIGNsYXNzPSJzdHlsZTIiPjfllrbmpa3ml6Xku6XlhoU8L3NwYW4+44Gr55m66YCB6Ie044GX44G+44GZ44CCIAo8YnI+Cjxicj4K4pag6L+U5ZOB44O75Lqk5o+b44Gr44Gk44GE44GmPGJyPgrllYblk4Hjga7jgqvjg6njg7zjgavplqLjgZfjgb7jgZfjgabjga/plrLopqfnkrDlooPjgavjgojjgaPjgaboi6XlubLpgZXjgaPjgabopovjgYjjgovloLTlkIjjgYzjgZTjgZbjgYTjgb7jgZnkuojjgoHjgZTkuobmib/kuIvjgZXjgYTjgII8YnI+CuODoeODvOOCq+ODvOOBjOWIneacn+S4jeiJr+OBqOiqjeWumuOBl+OBpuOBhOOBquOBhOWVhuWTgeOAgeOAjOOCpOODoeODvOOCuOOBqOmBleOBhuOAjeetieOBrui/lOWTgeODu+S6pOaPm+OBr+OBiuWPl+OBkeOBp+OBjeOBvuOBm+OCk+OBruOBp+OBlOS6huaJv+OBj+OBoOOBleOBhOOAgjxicj4K5LqL5YmN44Gu44GU6YCj57Wh44Gu44Gq44GE6L+U5ZOB44Gr6Zai44GX44G+44GX44Gm44Gv44GK5Y+X44GR44Gn44GN44G+44Gb44KTPGJyPgrvvIjnnYDmiZXjgYTnrYnjgafjga7ov5Tlk4HvvInjgZTkuobmib/jgY/jgaDjgZXjgYTjgII8YnI+Cjxicj4K4pag5LiN6Imv5ZOB44Gr44Gk44GE44GmPGJyPgrllYblk4HjgYznoLTmkI3jg7vmsZrmkI3jgZfjgabjgYTjgZ/loLTlkIjjga/phY3pgZTlvozkuIDpgLHplpPku6XlhoXjgavjg6Hjg7zjg6vjgYvpm7voqbHjgafjgZTpgKPntaHjgY/jgaDjgZXjgYTjgIIK44GZ44GQ44Gr5Lqk5o+b44Gu5ZOB44G+44Gf44Gv6L+U5ZOB44KS5om/44KK44G+44GZ44CCPGJyPgrigLvjgZPjga7loLTlkIjjga/pgIHmlpnjgIHmiYvmlbDmlpnjga/lvZPlupfjgYzosqDmi4XjgYTjgZ/jgZfjgb7jgZnjgIIKICA8L3RkPgogICAgPHRkIHdpZHRoPSIzMDciIGhlaWdodD0iNjIiIHZhbGlnbj0idG9wIj48c3BhbiBjbGFzcz0ic3R5bGUxIj7ilqDjgYrmlK/miZXjgYTmlrnms5XjgavjgaTjgYTjgaY8YnI+CiAgICDjgYrmlK/miZXjgYTjga/mpb3lpKnjg5Djg7Pjgq/jgIHpioDooYzmjK/jgorovrzjgb/jgIHku6Pph5HlvJXmj5vjgIHjgq/jg6zjgrjjg4Pjg4jjgYzjgZTliKnnlKjjgYTjgZ/jgaDjgZHjgb7jgZnjgII8YnIgLz4KICAgIDxicj4KICAgIDxzcGFuIGNsYXNzPSJzdHlsZTQiPuKAu+OCr+ODrOOCuOODg+ODiOOCq+ODvOODieOBruOCu+OCreODpeODquODhuOCo+OBr1NTTOOBqOOBhOOBhuOCt+OCueODhuODoOOCkuWIqeeUqOOBl+OBpuOBiuOCiuOBvuOBmeOAgiDjgqvjg7zjg4nnlarlj7fjga/mmpflj7fljJbjgZXjgozjgablronlhajjgavpgIHkv6HjgZXjgozjgb7jgZnjga7jgafjgIHjganjgYbjgZ7jgZTlronlv4PjgY/jgaDjgZXjgYTjgII8YnIgLz4KICAgIDxpbWcgc3JjPSJodHRwOi8vaW1hZ2UucmFrdXRlbi5jby5qcC9fc3VwcG9ydC1vcy9jYWJpbmV0L3Zpc2EuZ2lmIiAvPiA8aW1nIHNyYz0iaHR0cDovL2ltYWdlLnJha3V0ZW4uY28uanAvX3N1cHBvcnQtb3MvY2FiaW5ldC9tYXN0ZXJjYXJkLmdpZiIgLz4gPGltZyBzcmM9Imh0dHA6Ly9pbWFnZS5yYWt1dGVuLmNvLmpwL19zdXBwb3J0LW9zL2NhYmluZXQvamNiLmdpZiIgLz4gPGltZyBzcmM9Imh0dHA6Ly9pbWFnZS5yYWt1dGVuLmNvLmpwL19zdXBwb3J0LW9zL2NhYmluZXQvZGluZXJzLmdpZiIgLz4gPGltZyBzcmM9Imh0dHA6Ly9pbWFnZS5yYWt1dGVuLmNvLmpwL19zdXBwb3J0LW9zL2NhYmluZXQvYW1leC5naWYiIC8+IDxpbWcgc3JjPSJodHRwOi8vaW1hZ2UucmFrdXRlbi5jby5qcC9fc3VwcG9ydC1vcy9jYWJpbmV0L2dpbmtvdS5naWYiIHdpZHRoPSIzNiIgaGVpZ2h0PSIzNiIgLz4gPGltZyBzcmM9Imh0dHA6Ly9pbWFnZS5yYWt1dGVuLmNvLmpwL19zdXBwb3J0LW9zL2NhYmluZXQvZGFpYmlraS5naWYiIHdpZHRoPSIzNiIgaGVpZ2h0PSIzNiIgLz48L3NwYW4+PC9zcGFuPjwvdGQ+CiAgPC90cj4KICAKICA8dHI+CiAgICA8dGQgdmFsaWduPSJ0b3AiPjxzcGFuIGNsYXNzPSJzdHlsZTEiPuKWoOalveWkqeODkOODs+OCr+axuua4iDxicj4K5qW95aSp44OQ44Oz44Kv5rG65riI5omL5pWw5paZKOeojui+vCk8YnI+CjHlhobvvZ4yOSw5OTnlhobjgIDjgIA8c3BhbiBjbGFzcz0ic3R5bGUyIj4xNTXlhoY8L3NwYW4+PGJyPgozMCwwMDDlhobvvZ7jgIDjgIDjgIDjgIA8c3BhbiBjbGFzcz0ic3R5bGUyIj4yNTflhoY8L3NwYW4+PGJyPjxicj4KCuKWoOS7o+mHkeW8leaPmyA8YnI+CuS7o+W8leaJi+aVsOaWmeaWme+8muWFqOWbveS4gOW+i+aWmemHke+8miA8c3BhbiBjbGFzcz0ic3R5bGUyIj4zMjTlhoY8L3NwYW4+PGJyPgo8YnI+CuKWoOmKgOihjOaMr+i+vDxicj4K44GU5YWl6YeR56K66KqN5b6M44Gr55m66YCB44GE44Gf44GX44G+44GZ44CCPGJyPgrmjK/ovrzmiYvmlbDmlpnjga/jgYrlrqLmp5josqDmi4XjgafjgYrpoZjjgYToh7TjgZfjgb7jgZnjgII8YnI+Cjxicj4K44CQ5oyv6L685YWI44CRIOalveWkqemKgOihjO+8iOODqeOCr+ODhuODs+OCruODs+OCs+OCpu+8iealveWkqeW4guWgtOaUr+W6l++8iOODqeOCr+ODhuODs+OCpOODgeODkOOCt+ODhuODs++8iSDmma7pgJogMTA0NzA3MCDjg6njgq/jg4bjg7PvvIjvvKHvvLPvvLHvvLXvvKnvvLPvvLPvvKUgCjxicj7igLvjgZPjga7lj6Pluqfjga7mqKnliKnjga/mpb3lpKnmoKrlvI/kvJrnpL7jgYzkv53mnInjgZfjgabjgYTjgb7jgZnjgIIgPGJyPgo8YnI+CjxzcGFuIGNsYXNzPSJzdHlsZTQiPuKAu+ODneOCpOODs+ODiOOCkuOBlOWIqeeUqOOBruWgtOWQiOetieOAgealveWkqeOBi+OCieiHquWLleOBp+mFjeS/oeOBleOCjOOCi+eiuuiqjeODoeODvOODq+OBrumHkemhjeOBqOOBiuaMr+i+vOOBv+aZguOBrumHkemhjeOBjOeVsOOBquOCi+WgtOWQiOOBjOOBlOOBluOBhOOBvuOBmeOAggrjga7jgaHjgbvjganlvZPlupfjgYvjgonjgYrpgIHjgorjgZnjgovjg6Hjg7zjg6vjgavoqJjovInjga7ph5HpoY3jgpLjgYrmjK/ovrzjgb/jgY/jgaDjgZXjgYTjgII8L3NwYW4+PC9zcGFuPjwvdGQ+CiAgPC90cj4KICA8dHI+CiAgICA8dGQgY29sc3Bhbj0iMiI+Jm5ic3A7PC90ZD4KICA8L3RyPgo8L3RhYmxlPg==,44CQ6YCB5paZ54Sh5paZ44CRRkFCUklDIFBBVFRFUk4gU09GQSAyUCDkuozkurrmjpvjgZEg44K944OV44KhIOS6jOS6uueUqCDjgr3jg5XjgqHjg7wg44OB44Kn44OD44KvIOODlOODs+OCryDjgrDjg6rjg7zjg7Mg44OW44Op44Km44OzIOODluODqeODg+OCryDjg6zjg4jjg60g5YyX5qynIOOCouODoeODquOCq+ODsyDjg4rjg4Hjg6Xjg6njg6sg44GL44KP44GE44GEIOOBiuOBl+OCg+OCjCDjg5Xjg6zjg7zjg6Ag44Km44OD44OJIOacqCDmnKjoo70g6IKY5LuY44GNIOOCouODvOODoCAg5Zu955SjIOaXpeacrOijve+8mmFzcXVpc3Nl,44CQ6YCB5paZ54Sh5paZ44CRRkFCUklDIFBBVFRFUk4gU09GQSAyUCDkuozkurrmjpvjgZEg44K944OV44KhIOS6jOS6uueUqCDjgr3jg5XjgqHjg7wg44OB44Kn44OD44KvIOODlOODs+OCryDjgrDjg6rjg7zjg7Mg44OW44Op44Km44OzIOODluODqeODg+OCryDjg6zjg4jjg60g5YyX5qynIOOCouODoeODquOCq+ODsyDjg4rjg4Hjg6Xjg6njg6sg44GL44KP44GE44GEIOOBiuOBl+OCg+OCjCDjg5Xjg6zjg7zjg6Ag44Km44OD44OJIOacqCDmnKjoo70g6IKY5LuY44GNIOOCouODvOODoCAg5Zu955SjIOaXpeacrOijvQ==,44OB44Kn44OD44Kv44Gu44OV44Kh44OW44Oq44OD44Kv44Go44Ki44O844Og44GM44GK44GX44KD44KM44Gq5LqM5Lq655So44K944OV44Kh44CC44CQ6YCB5paZ54Sh5paZ44CRRkFCUklDIFBBVFRFUk4gU09GQSAyUCDkuozkurrmjpvjgZEg44K944OV44KhIOS6jOS6uueUqCDjgr3jg5XjgqHjg7wg44OB44Kn44OD44KvIOODlOODs+OCryDjgrDjg6rjg7zjg7Mg44OW44Op44Km44OzIOODluODqeODg+OCryDjg6zjg4jjg60g5YyX5qynIOOCouODoeODquOCq+ODsyDjg4rjg4Hjg6Xjg6njg6sg44GL44KP44GE44GEIOOBiuOBl+OCg+OCjCDjg5Xjg6zjg7zjg6Ag44Km44OD44OJIOacqCDmnKjoo70g6IKY5LuY44GNIOOCouODvOODoCAg5Zu955SjIOaXpeacrOijvQ==[rn]
37-51639,aHR0cDovL3RzaG9wLnIxMHMuanAvZ29sZC9hc3F1aXNzZS9henVtYXlhL3NzOTUvMHNzOTUuanBnP2ZpdGluPTcwMDo3MDA=,MjExNjguMDAwMA==,,44Kk44Oz44OG44Oq44Ki44O75a+d5YW344O75Y+O57SNID4g44K944OV44Kh44O744K944OV44Kh44OZ44OD44OJID4gMuS6uuaOm+OBkeOCveODleOCoSA+IOW4g+WcsA==,44ON44Kq44OI44Oe44K944Oz44K944OV44KhIDLkurrmjpvjgZHjgr3jg5XjgqEg44K944OV44Kh44O8IOS6jOS6uuaOm+OBkSDjgrDjg6zjg7wg44OZ44O844K444OlIOOBiuOBl+OCg+OCjCDljJfmrKcg44Os44OI44OtIOOCouODs+ODhuOCo+ODvOOCryDjg4rjg4Hjg6Xjg6njg6sg44Kr44Oz44OI44Oq44O8IOOCq+OCuOODpeOCouODqyDjgrfjg7Pjg5fjg6sg5LqM5Lq65pqu44KJ44GXIOS4gOS6uuaaruOCieOBlyDjgqTjg7Pjg4bjg6rjgqIg5a625YW3IOOBi+OCj+OBhOOBhCDjgJDpgIHmlpnnhKHmlpnjgJE=,44Ki44O844Og44Gq44GX44Gu44GZ44Gj44GN44KK44Go44GX44Gf5Y2w6LGh44GuMuS6uuaOm+OBkeOCveODleOCoQ==,PGltZyBzcmM9Imh0dHA6Ly93d3cucmFrdXRlbi5uZS5qcC9nb2xkL2FzcXVpc3NlL2F6dW1heWEvc3M5NS8wc3M5NS5qcGciLz4KPHA+CuOAgOOCouODvOODoOOBquOBl+OBruOBmeOBo+OBjeOCiuOBqOOBl+OBn+WNsOixoeOBrjLkurrmjpvjgZHjgr3jg5XjgqHjgIA8YnI+CuOAgOODleOCoeODluODquODg+OCr+OBqOOCpuODg+ODieiEmuOBjOOBguOBn+OBn+OBi+OBv+OBjOOBguOCiuOAgeWEquOBl+OBhOmbsOWbsuawl+OBp+OBmTxicj4K44CA6ISa44KS5Y+W44KK5aSW44GX44Gm44Ot44O844K/44Kk44OX44Gr44KC44Gn44GN44KL44Gu44Gn44GK5aW944G/44Gu44K/44Kk44OX44KS44GK6YG444Gz44GE44Gf44Gg44GR44G+44GZPGJyPgrjgIDjg4rjg4Hjg6Xjg6njg6vjgqTjg7Pjg4bjg6rjgqLjgoTljJfmrKfjg4bjgqTjgrnjg4jjgIHjgqvjg7Pjg4jjg6rjg7zjg4bjgqTjgrnjg4jjgarjganjga48YnI+CuOAgOOBiumDqOWxi+OBq+OBiuOBmeOBmeOCgeOBp+OBmTwvcD4KPGltZyBzcmM9Imh0dHA6Ly93d3cucmFrdXRlbi5uZS5qcC9nb2xkL2FzcXVpc3NlL2F6dW1heWEvc3M5NS8xc3M5NS5qcGciLz4KPGJyPjxicj4KPGltZyBzcmM9Imh0dHA6Ly93d3cucmFrdXRlbi5uZS5qcC9nb2xkL2FzcXVpc3NlL2F6dW1heWEvc3M5NS8yc3M5NS5qcGciLz4KPGJyPjxicj4KPGltZyBzcmM9Imh0dHA6Ly9pbWFnZS5yYWt1dGVuLmNvLmpwL2FzcXVpc3NlL2NhYmluZXQvMDMwNjA4NzMvMDMwOTMyNzEvaW1nNjAzMDMwNDEuanBnIi8+Cjxicj48YnI+CgoKPHN0eWxlIHR5cGU9InRleHQvY3NzIj4KPCEtLQouc3R5bGUzIHtjb2xvcjogIzMzMzMzMzsgZm9udC1zaXplOiAxMnB4OyB9Ci0tPgo8L3N0eWxlPgoKPHRhYmxlIHdpZHRoPSI2MDAiIGhlaWdodD0iNDAwIiBib3JkZXI9IjEiIGNlbGxzcGFjaW5nPSIwIiBib3JkZXJjb2xvcj0iI0UxRTFFMSI+Cjx0cj4KICAgIDx0ZCB3aWR0aD0iMTA0IiBiZ2NvbG9yPSIjRjNGM0YzIj48c3BhbiBjbGFzcz0ic3R5bGUzIj7jgIAK54m55b60PC9zcGFuPjwvdGQ+CiAgICA8dGQgd2lkdGg9IjQ4NiI+PHNwYW4gY2xhc3M9InN0eWxlMyI+CuOAgOOCouODvOODoOOBquOBl+OBruOBmeOBo+OBjeOCiuOBqOOBl+OBn+WNsOixoeOBrjLkurrmjpvjgZHjgr3jg5XjgqE8YnI+CuOAgOODleOCoeODluODquODg+OCr+OBqOOCpuODg+ODieiEmuOBjOOBguOBn+OBn+OBi+OBv+OBjOOBguOCiuOAgeWEquOBl+OBhOmbsOWbsuawl+OBp+OBmTxicj4K44CA6ISa44KS5Y+W44KK5aSW44GX44Gm44Ot44O844K/44Kk44OX44Gr44KC44Gn44GN44KL44Gu44Gn44GK5aW944G/44Gu44K/44Kk44OX44KS44GK6YG444Gz44GE44Gf44Gg44GR44G+44GZPGJyPgrjgIDjg4rjg4Hjg6Xjg6njg6vjgqTjg7Pjg4bjg6rjgqLjgoTljJfmrKfjg4bjgqTjgrnjg4jjgIHjgqvjg7Pjg4jjg6rjg7zjg4bjgqTjgrnjg4jjgarjganjga7jgYrpg6jlsYvjgavjgYrjgZnjgZnjgoHjgafjgZk8L3NwYW4+PC90ZD4KICA8L3RyPgo8dHI+CiAgICA8dGQgd2lkdGg9IjEwNCIgYmdjb2xvcj0iI0YzRjNGMyI+PHNwYW4gY2xhc3M9InN0eWxlMyI+44CACuOCteOCpOOCujwvc3Bhbj48L3RkPgogICAgPHRkIHdpZHRoPSI0ODYiPjxzcGFuIGNsYXNzPSJzdHlsZTMiPgrjgIBXMTIxMMOXRDc1MMOXSDcxMChTSDM3MCkgbW08L3NwYW4+PC90ZD4KICA8L3RyPgo8dHI+CiAgICA8dGQgYmdjb2xvcj0iI0YzRjNGMyI+PHNwYW4gY2xhc3M9InN0eWxlMyI+44CA5p2Q6LOqPC9zcGFuPjwvdGQ+CiAgICA8dGQ+PHNwYW4gY2xhc3M9InN0eWxlMyI+44CA5pyo44OV44Os44O844Og44CAU+ODkOODjeOAgOODneODquODl+ODreODlOODrOODszwvc3Bhbj48L3RkPgogIDwvdHI+Cjx0cj4KICAgIDx0ZCBiZ2NvbG9yPSIjRjNGM0YzIj48c3BhbiBjbGFzcz0ic3R5bGUzIj7jgIDlgpnogIM8L3NwYW4+PC90ZD4KICAgIDx0ZD48c3BhbiBjbGFzcz0ic3R5bGUzIj4K44CA546E6Zai5rih44GX5ZWG5ZOBKOWuhemFjeS+v+OBp+OBruOBiuWxiuOBkSkgPGJyPgrjgIDjg63jg7zjgr/jgqTjg5fkvb/nlKjlj688L3NwYW4+PC90ZD4KICA8L3RyPgogICAgICA8dHI+CiAgICA8dGQgYmdjb2xvcj0iI0YzRjNGMyI+PHNwYW4gY2xhc3M9InN0eWxlMyI+44CA57SN5pyfPC9zcGFuPjwvdGQ+CiAgICA8dGQ+PHNwYW4gY2xhc3M9InN0eWxlMyI+44CA44GK5Y+W44KK5a+E44Gb5ZWG5ZOB44Gr44Gq44KK44G+44GZ44CC6YCa5bi4N+aXpeOBi+OCiTEw5pel56iL5bqmPC9zcGFuPjwvdGQ+CiAgPC90cj4KCgoKCgogPC90YWJsZT4KCgo8aW1nIHNyYz0iaHR0cDovL3d3dy5yYWt1dGVuLm5lLmpwL2dvbGQvYXNxdWlzc2UvYXp1bWF5YS9zczk0LzBzczk0LmpwZyJ3aWR0aD0iMzAwImhlaWdodD0iMzAwImJvcmRlcj0iMCI+Cgo8YnI+PGJyPgoKPGltZyBzcmM9Imh0dHA6Ly93d3cucmFrdXRlbi5uZS5qcC9nb2xkL2FzcXVpc3NlL2F6dW1heWEvc3M5Ni8wc3M5Ni5qcGcid2lkdGg9IjMwMCJoZWlnaHQ9IjMwMCJib3JkZXI9IjAiPgoKPGJyPgrkuIDkurrmjpvjgZHjgIHjgqvjgqbjg4Hjgr3jg5XjgqHjga/jgZPjgaHjgok8YnI+PHN0eWxlIHR5cGU9InRleHQvY3NzIj4KLyrjgYrmsJfjgavlhaXjgorllYblk4Hjg5zjgr/jg7Pjga7jgr/jgrDjgZPjgZPjgYvjgokqLwpkaXYuYm9va21hcmtBcmVhIGRpdi5ia20gewp3aWR0aDogMzE4cHggIWltcG9ydGFudDsgIC8qMS7jgZPjgZPjgavnlLvlg4/jga7mqKrluYXjgpLmjIflrpoqLwpoZWlnaHQ6IDgzcHggIWltcG9ydGFudDsgIC8qMS7jgZPjgZPjgavnlLvlg4/jga7pq5jjgZXjgpLmjIflrpoqLwp9CmRpdi5ib29rbWFya0FyZWEgZGl2LmJrbSBhLmFkZEJrbSBzcGFuLmJrbVN0YXIgewpkaXNwbGF5OiBpbmxpbmUtYmxvY2sgIWltcG9ydGFudDsKCndpZHRoOiAzMThweCAhaW1wb3J0YW50OyAgIC8qMS7jgZPjgZPjgavnlLvlg4/jga7mqKrluYXjgpLmjIflrpoqLwpoZWlnaHQ6IDgzcHggIWltcG9ydGFudDsgICAvKjEu44GT44GT44Gr55S75YOP44Gu6auY44GV44KS5oyH5a6aKi8KCgptYXJnaW4tcmlnaHQ6IDBweCAhaW1wb3J0YW50OwpiYWNrZ3JvdW5kOgp1cmwoaHR0cDovL2ltYWdlLnJha3V0ZW4uY28uanAvYXNxdWlzc2UvY2FiaW5ldC9pbWdyYzAwNjQ3MTk2MTEuanBnKSBuby1yZXBlYXQgMCAwICFpbXBvcnRhbnQ744CACgkJCSAgIC8q4oaR4oaRMi7jgZPjgZPjgavjgYrlpb3jgb/jga7jgYrmsJfjgavlhaXjgornlLvlg4/jgpLjgrPjg5Tjg5rihpHihpEKKi8KCmN1cnNvcjogcG9pbnRlciAhaW1wb3J0YW50Owp9CgpkaXYuYm9va21hcmtBcmVhIGRpdi5ia20gewp3aWR0aDogMzE4cHggIWltcG9ydGFudDsgIC8qMS7jgZPjgZPjgavnlLvlg4/jga7mqKrluYXjgpLmjIflrpoqLwpoZWlnaHQ6IDgzcHggIWltcG9ydGFudDsgIC8qMS7jgZPjgZPjgavnlLvlg4/jga7pq5jjgZXjgpLmjIflrpoqLwp9CmRpdi5ib29rbWFya0FyZWEgZGl2LmJrbSBhLmFkZEJrbSBzcGFuLmJrbVN0YXIgewpkaXNwbGF5OiBpbmxpbmUtYmxvY2sgIWltcG9ydGFudDsKCndpZHRoOiAzMThweCAhaW1wb3J0YW50OyAgIC8qMS7jgZPjgZPjgavnlLvlg4/jga7mqKrluYXjgpLmjIflrpoqLwpoZWlnaHQ6IDgzcHggIWltcG9ydGFudDsgICAvKjEu44GT44GT44Gr55S75YOP44Gu6auY44GV44KS5oyH5a6aKi8KCgptYXJnaW4tcmlnaHQ6IDBweCAhaW1wb3J0YW50OwpiYWNrZ3JvdW5kOgp1cmwoaHR0cDovL2ltYWdlLnJha3V0ZW4uY28uanAvYXNxdWlzc2UvY2FiaW5ldC9pbWdyYzAwNjQ3MTk2MTEuanBnKSBuby1yZXBlYXQgMCAwICFpbXBvcnRhbnQ744CALyrjgZPjgZPjgavjgYrlpb3jgb/jga7jgYrmsJfjgavlhaXjgornlLvlg4/jgpLjgrPjg5Tjg5oqLwoJCQkgICAvKuKGkeKGkTIu44GT44GT44Gr44GK5aW944G/44Gu44GK5rCX44Gr5YWl44KK55S75YOP44KS44Kz44OU44Oa4oaR4oaRCiovCgpjdXJzb3I6IHBvaW50ZXIgIWltcG9ydGFudDsKfQoKCgovKuOBiuawl+OBq+WFpeOCiuWVhuWTgeODnOOCv+ODs+OCv+OCsOOBk+OBk+OBvuOBpyovCi8q44GK6LK344GE54mp44GL44GU44K/44Kw44GT44GT44GL44KJKi8KCmlucHV0W3ZhbHVlPSLosrfjgYTnianjgYvjgZTjgavlhaXjgozjgosiXXsKCglmb250LXNpemU6MTZweDsKCWZvbnQtZmFtaWx5OkFyaWFsOwoJZm9udC13ZWlnaHQ6bm9ybWFsOwoJLW1vei1ib3JkZXItcmFkaXVzOjhweDsKCS13ZWJraXQtYm9yZGVyLXJhZGl1czo4cHg7Cglib3JkZXItcmFkaXVzOjhweDsKCWJvcmRlcjoxcHggc29saWQgI2Q4MzUyNjsKCXBhZGRpbmc6OXB4IDE4cHg7Cgl0ZXh0LWRlY29yYXRpb246bm9uZTsKCgliYWNrZ3JvdW5kOi1tb3otbGluZWFyLWdyYWRpZW50KCBjZW50ZXIgdG9wLCAjZmUxYTAwIDUlLCAjY2UwMTAwIDEwMCUgKTsKCWJhY2tncm91bmQ6LW1zLWxpbmVhci1ncmFkaWVudCggdG9wLCAjZmUxYTAwIDUlLCAjY2UwMTAwIDEwMCUgKTsKICAgICAgIAliYWNrZ3JvdW5kOi13ZWJraXQtZ3JhZGllbnQoIGxpbmVhciwgbGVmdCB0b3AsIGxlZnQgYm90dG9tLCBjb2xvci1zdG9wKDUlLCAjZmUxYTAwKSwgY29sb3Itc3RvcCgxMDAlLCAjY2UwMTAwKSApOwoKCWN1cnNvcjogcG9pbnRlciAhaW1wb3J0YW50OwoKCWJhY2tncm91bmQtY29sb3I6I2ZlMWEwMDsKCWNvbG9yOiNmZmZmZmY7CglkaXNwbGF5OmlubGluZS1ibG9jazsKCXRleHQtc2hhZG93OjFweCAxcHggMHB4ICNiMjNlMzU7CiAJYm94LXNoYWRvdzppbnNldCAxcHggMXB4IDBweCAwcHggI2YyOWM5MzsgfQoKLyrjgYrosrfjgYTnianjgYvjgZTjgr/jgrDjgZPjgZPjgb7jgacqLwoKPCEtLQouc3R5bGUxIHtmb250LXNpemU6IDEwcHh9Ci5zdHlsZTIge2NvbG9yOiAjRkYwMDAwfQouc3R5bGU0IHtjb2xvcjogIzAwMDBGRn0KLS0+Cjwvc3R5bGU+CjxpbWcgc3JjPSJodHRwOi8vaW1hZ2UucmFrdXRlbi5jby5qcC9hc3F1aXNzZS9jYWJpbmV0L2ltZzU4OTExMDgzLmpwZyIvPgo8dGFibGUgd2lkdGg9IjYxMSIgYm9yZGVyPSIwIj4KCiAgPHRyPgogICAgPHRkIHdpZHRoPSIyOTQiIHJvd3NwYW49IjIiPjxwIGNsYXNzPSJzdHlsZTEiPuKWoOWWtualreaZgumWk+W4rzxicj4KCeODjeODg+ODiOOBp+OBruOBlOazqOaWh+OBr+OAgTxzcGFuIGNsYXNzPSJzdHlsZTIiPjI05pmC6ZaTPC9zcGFuPuWPl+OBkeS7mOOBkeOBpuOBiuOCiuOBvuOBmeOAgjxicj48YnI+CgrjgYrpm7voqbHjgafjga7jgYrllY/lkIjjgZvjga/kuIvoqJjjga7mmYLplpPluK/jgavjgYrpoZjjgYTjgZfjgb7jgZnjgIIKPGJyPgoKCjxzcGFuIGNsYXNzPSJzdHlsZTIiPjExOjAw772eMjA6MDA8L3NwYW4+IOOAgCA8c3BhbiBjbGFzcz0ic3R5bGUyIj7igLvngavmm5zml6Xjga/jgYrkvJHjgb88L3NwYW4+44KS44GE44Gf44Gg44GE44Gm44GK44KK44G+44GZ44CCPGJyPgo8YnI+CgrilqDpgIHmlpk8YnI+CuWFqOWbveS4gOW+i+aWmemHke+8mjxzcGFuIGNsYXNzPSJzdHlsZTIiPjU4MOWGhjwvc3Bhbj48YnI+CijljJfmtbfpgZPjgIHmspbnuITjgIHpm6Lls7bjg7vkuIDpg6jlnLDln5/jga/ov73liqDpgIHmlpnnmbrnlJ/jgZfjgb7jgZnjgIIpPGJyPgo8YnI+CuKWoOWuhemFjeS+vzxicj4K44Ok44Oe44OI6YGL6Ly444CA6KW/5r+D6YGL6Ly444CA5L2Q5bed5oCl5L6/44CA44KG44GG44OR44OD44KvPGJyPgo8YnI+CuKWoOWVhuWTgeeZuumAgeOBruOCv+OCpOODn+ODs+OCsDxicj4K54m544Gr44GU5oyH5a6a44GM44Gq44GE5aC05ZCI44CBPGJyPgrmpb3lpKnjg5Djg7Pjgq/msbrmuIjjgIHpioDooYzmjK/ovrzih5LjgZTlhaXph5Hnorroqo3lvozjgIE8c3BhbiBjbGFzcz0ic3R5bGUyIj435Za25qWt5pel5Lul5YaFPC9zcGFuPuOBq+eZuumAgeiHtOOBl+OBvuOBmeOAgjxicj4K44Kv44Os44K444OD44OI44CB5Luj6YeR5byV5o+b44CA4oeS44GU5rOo5paH56K66KqN5b6M44CBPHNwYW4gY2xhc3M9InN0eWxlMiI+N+WWtualreaXpeS7peWGhTwvc3Bhbj7jgavnmbrpgIHoh7TjgZfjgb7jgZnjgIIgCjxicj4KPGJyPgrilqDov5Tlk4Hjg7vkuqTmj5vjgavjgaTjgYTjgaY8YnI+CuWVhuWTgeOBruOCq+ODqeODvOOBq+mWouOBl+OBvuOBl+OBpuOBr+mWsuimp+eSsOWig+OBq+OCiOOBo+OBpuiLpeW5sumBleOBo+OBpuimi+OBiOOCi+WgtOWQiOOBjOOBlOOBluOBhOOBvuOBmeS6iOOCgeOBlOS6huaJv+S4i+OBleOBhOOAgjxicj4K44Oh44O844Kr44O844GM5Yid5pyf5LiN6Imv44Go6KqN5a6a44GX44Gm44GE44Gq44GE5ZWG5ZOB44CB44CM44Kk44Oh44O844K444Go6YGV44GG44CN562J44Gu6L+U5ZOB44O75Lqk5o+b44Gv44GK5Y+X44GR44Gn44GN44G+44Gb44KT44Gu44Gn44GU5LqG5om/44GP44Gg44GV44GE44CCPGJyPgrkuovliY3jga7jgZTpgKPntaHjga7jgarjgYTov5Tlk4HjgavplqLjgZfjgb7jgZfjgabjga/jgYrlj5fjgZHjgafjgY3jgb7jgZvjgpM8YnI+Cu+8iOedgOaJleOBhOetieOBp+OBrui/lOWTge+8ieOBlOS6huaJv+OBj+OBoOOBleOBhOOAgjxicj4KPGJyPgrilqDkuI3oia/lk4HjgavjgaTjgYTjgaY8YnI+CuWVhuWTgeOBjOegtOaQjeODu+axmuaQjeOBl+OBpuOBhOOBn+WgtOWQiOOBr+mFjemBlOW+jOS4gOmAsemWk+S7peWGheOBq+ODoeODvOODq+OBi+mbu+ipseOBp+OBlOmAo+e1oeOBj+OBoOOBleOBhOOAggrjgZnjgZDjgavkuqTmj5vjga7lk4Hjgb7jgZ/jga/ov5Tlk4HjgpLmib/jgorjgb7jgZnjgII8YnI+CuKAu+OBk+OBruWgtOWQiOOBr+mAgeaWmeOAgeaJi+aVsOaWmeOBr+W9k+W6l+OBjOiyoOaLheOBhOOBn+OBl+OBvuOBmeOAggogIDwvdGQ+CiAgICA8dGQgd2lkdGg9IjMwNyIgaGVpZ2h0PSI2MiIgdmFsaWduPSJ0b3AiPjxzcGFuIGNsYXNzPSJzdHlsZTEiPuKWoOOBiuaUr+aJleOBhOaWueazleOBq+OBpOOBhOOBpjxicj4KICAgIOOBiuaUr+aJleOBhOOBr+alveWkqeODkOODs+OCr+OAgemKgOihjOaMr+OCiui+vOOBv+OAgeS7o+mHkeW8leaPm+OAgeOCr+ODrOOCuOODg+ODiOOBjOOBlOWIqeeUqOOBhOOBn+OBoOOBkeOBvuOBmeOAgjxiciAvPgogICAgPGJyPgogICAgPHNwYW4gY2xhc3M9InN0eWxlNCI+4oC744Kv44Os44K444OD44OI44Kr44O844OJ44Gu44K744Kt44Ol44Oq44OG44Kj44GvU1NM44Go44GE44GG44K344K544OG44Og44KS5Yip55So44GX44Gm44GK44KK44G+44GZ44CCIOOCq+ODvOODieeVquWPt+OBr+aal+WPt+WMluOBleOCjOOBpuWuieWFqOOBq+mAgeS/oeOBleOCjOOBvuOBmeOBruOBp+OAgeOBqeOBhuOBnuOBlOWuieW/g+OBj+OBoOOBleOBhOOAgjxiciAvPgogICAgPGltZyBzcmM9Imh0dHA6Ly9pbWFnZS5yYWt1dGVuLmNvLmpwL19zdXBwb3J0LW9zL2NhYmluZXQvdmlzYS5naWYiIC8+IDxpbWcgc3JjPSJodHRwOi8vaW1hZ2UucmFrdXRlbi5jby5qcC9fc3VwcG9ydC1vcy9jYWJpbmV0L21hc3RlcmNhcmQuZ2lmIiAvPiA8aW1nIHNyYz0iaHR0cDovL2ltYWdlLnJha3V0ZW4uY28uanAvX3N1cHBvcnQtb3MvY2FiaW5ldC9qY2IuZ2lmIiAvPiA8aW1nIHNyYz0iaHR0cDovL2ltYWdlLnJha3V0ZW4uY28uanAvX3N1cHBvcnQtb3MvY2FiaW5ldC9kaW5lcnMuZ2lmIiAvPiA8aW1nIHNyYz0iaHR0cDovL2ltYWdlLnJha3V0ZW4uY28uanAvX3N1cHBvcnQtb3MvY2FiaW5ldC9hbWV4LmdpZiIgLz4gPGltZyBzcmM9Imh0dHA6Ly9pbWFnZS5yYWt1dGVuLmNvLmpwL19zdXBwb3J0LW9zL2NhYmluZXQvZ2lua291LmdpZiIgd2lkdGg9IjM2IiBoZWlnaHQ9IjM2IiAvPiA8aW1nIHNyYz0iaHR0cDovL2ltYWdlLnJha3V0ZW4uY28uanAvX3N1cHBvcnQtb3MvY2FiaW5ldC9kYWliaWtpLmdpZiIgd2lkdGg9IjM2IiBoZWlnaHQ9IjM2IiAvPjwvc3Bhbj48L3NwYW4+PC90ZD4KICA8L3RyPgogIAogIDx0cj4KICAgIDx0ZCB2YWxpZ249InRvcCI+PHNwYW4gY2xhc3M9InN0eWxlMSI+4pag5qW95aSp44OQ44Oz44Kv5rG65riIPGJyPgrmpb3lpKnjg5Djg7Pjgq/msbrmuIjmiYvmlbDmlpko56iO6L68KTxicj4KMeWGhu+9njI5LDk5OeWGhuOAgOOAgDxzcGFuIGNsYXNzPSJzdHlsZTIiPjE1NeWGhjwvc3Bhbj48YnI+CjMwLDAwMOWGhu+9nuOAgOOAgOOAgOOAgDxzcGFuIGNsYXNzPSJzdHlsZTIiPjI1N+WGhjwvc3Bhbj48YnI+PGJyPgoK4pag5Luj6YeR5byV5o+bIDxicj4K5Luj5byV5omL5pWw5paZ5paZ77ya5YWo5Zu95LiA5b6L5paZ6YeR77yaIDxzcGFuIGNsYXNzPSJzdHlsZTIiPjMyNOWGhjwvc3Bhbj48YnI+Cjxicj4K4pag6YqA6KGM5oyv6L68PGJyPgrjgZTlhaXph5Hnorroqo3lvozjgavnmbrpgIHjgYTjgZ/jgZfjgb7jgZnjgII8YnI+CuaMr+i+vOaJi+aVsOaWmeOBr+OBiuWuouanmOiyoOaLheOBp+OBiumhmOOBhOiHtOOBl+OBvuOBmeOAgjxicj4KPGJyPgrjgJDmjK/ovrzlhYjjgJEg5qW95aSp6YqA6KGM77yI44Op44Kv44OG44Oz44Ku44Oz44Kz44Km77yJ5qW95aSp5biC5aC05pSv5bqX77yI44Op44Kv44OG44Oz44Kk44OB44OQ44K344OG44Oz77yJIOaZrumAmiAxMDQ3MDcwIOODqeOCr+ODhuODs++8iO+8oe+8s++8se+8te+8qe+8s++8s++8pSAKPGJyPuKAu+OBk+OBruWPo+W6p+OBruaoqeWIqeOBr+alveWkqeagquW8j+S8muekvuOBjOS/neacieOBl+OBpuOBhOOBvuOBmeOAgiA8YnI+Cjxicj4KPHNwYW4gY2xhc3M9InN0eWxlNCI+4oC744Od44Kk44Oz44OI44KS44GU5Yip55So44Gu5aC05ZCI562J44CB5qW95aSp44GL44KJ6Ieq5YuV44Gn6YWN5L+h44GV44KM44KL56K66KqN44Oh44O844Or44Gu6YeR6aGN44Go44GK5oyv6L6844G/5pmC44Gu6YeR6aGN44GM55Ww44Gq44KL5aC05ZCI44GM44GU44GW44GE44G+44GZ44CCCuOBruOBoeOBu+OBqeW9k+W6l+OBi+OCieOBiumAgeOCiuOBmeOCi+ODoeODvOODq+OBq+iomOi8ieOBrumHkemhjeOCkuOBiuaMr+i+vOOBv+OBj+OBoOOBleOBhOOAgjwvc3Bhbj48L3NwYW4+PC90ZD4KICA8L3RyPgogIDx0cj4KICAgIDx0ZCBjb2xzcGFuPSIyIj4mbmJzcDs8L3RkPgogIDwvdHI+CjwvdGFibGU+,44ON44Kq44OI44Oe44K944Oz44K944OV44KhIDLkurrmjpvjgZHjgr3jg5XjgqEg44K944OV44Kh44O8IOS6jOS6uuaOm+OBkSDjgrDjg6zjg7wg44OZ44O844K444OlIOOBiuOBl+OCg+OCjCDljJfmrKcg44Os44OI44OtIOOCouODs+ODhuOCo+ODvOOCryDjg4rjg4Hjg6Xjg6njg6sg44Kr44Oz44OI44Oq44O8IOOCq+OCuOODpeOCouODqyDjgrfjg7Pjg5fjg6sg5LqM5Lq65pqu44KJ44GXIOS4gOS6uuaaruOCieOBlyDjgqTjg7Pjg4bjg6rjgqIg5a625YW3IOOBi+OCj+OBhOOBhCDjgJDpgIHmlpnnhKHmlpnjgJHvvJphc3F1aXNzZQ==,44ON44Kq44OI44Oe44K944Oz44K944OV44KhIDLkurrmjpvjgZHjgr3jg5XjgqEg44K944OV44Kh44O8IOS6jOS6uuaOm+OBkSDjgrDjg6zjg7wg44OZ44O844K444OlIOOBiuOBl+OCg+OCjCDljJfmrKcg44Os44OI44OtIOOCouODs+ODhuOCo+ODvOOCryDjg4rjg4Hjg6Xjg6njg6sg44Kr44Oz44OI44Oq44O8IOOCq+OCuOODpeOCouODqyDjgrfjg7Pjg5fjg6sg5LqM5Lq65pqu44KJ44GXIOS4gOS6uuaaruOCieOBlyDjgqTjg7Pjg4bjg6rjgqIg5a625YW3IOOBi+OCj+OBhOOBhCDjgJDpgIHmlpnnhKHmlpnjgJE=,44Ki44O844Og44Gq44GX44Gu44GZ44Gj44GN44KK44Go44GX44Gf5Y2w6LGh44GuMuS6uuaOm+OBkeOCveODleOCoeOAguODjeOCquODiOODnuOCveODs+OCveODleOCoSAy5Lq65o6b44GR44K944OV44KhIOOCveODleOCoeODvCDkuozkurrmjpvjgZEg44Kw44Os44O8IOODmeODvOOCuOODpSDjgYrjgZfjgoPjgowg5YyX5qynIOODrOODiOODrSDjgqLjg7Pjg4bjgqPjg7zjgq8g44OK44OB44Ol44Op44OrIOOCq+ODs+ODiOODquODvCDjgqvjgrjjg6XjgqLjg6sg44K344Oz44OX44OrIOS6jOS6uuaaruOCieOBlyDkuIDkurrmmq7jgonjgZcg44Kk44Oz44OG44Oq44KiIOWutuWFtyDjgYvjgo/jgYTjgYQg44CQ6YCB5paZ54Sh5paZ44CR[rn]
37-51640,aHR0cDovL3RzaG9wLnIxMHMuanAvZ29sZC9hc3F1aXNzZS9henVtYXlhL2dzNTQ5LzBnczU0OS5qcGc/Zml0aW49NzAwOjcwMA==,NTA5NzYuMDAwMA==,,44Kk44Oz44OG44Oq44Ki44O75a+d5YW344O75Y+O57SNID4g44K944OV44Kh44O744K944OV44Kh44OZ44OD44OJID4gMuS6uuaOm+OBkeOCveODleOCoSA+IOW4g+WcsA==,44OQ44O844OK44Or44K944OV44KhIDLkurrmjpvjgZHjgr3jg5XjgqEg44K944OV44Kh44O8IOS6jOS6uuaOm+OBkSDjgrDjg6rjg7zjg7Mg44Os44OD44OJIOODneODg+ODlyDjgYrjgZfjgoPjgowg5YyX5qynIOODrOODiOODrSDjg4rjg4Hjg6Xjg6njg6sg44Kr44K444Ol44Ki44OrIOS6jOS6uuaaruOCieOBlyDkuIDkurrmmq7jgonjgZcg44Kk44Oz44OG44Oq44KiIOWutuWFtyDjgYvjgo/jgYTjgYQg44CQ6YCB5paZ54Sh5paZ44CR,5Li444G/44Gu44GC44KL44K344Oz44OX44Or44GqMuS6uuaOm+OBkeOCveODleOCoQ==,PGltZyBzcmM9Imh0dHA6Ly93d3cucmFrdXRlbi5uZS5qcC9nb2xkL2FzcXVpc3NlL2F6dW1heWEvZ3M1NDkvMGdzNTQ5LmpwZyIvPgo8cD4K44CA5Li444G/44Gu44GC44KL44K344Oz44OX44Or44GqMuS6uuaOm+OBkeOCveODleOCoTxicj48YnI+CuOAgOODleOCoeODluODquODg+OCr+OBqOOCpuODg+ODieiEmuOBjOOBguOBn+OBn+OBi+OBv+OBjOOBguOCiuOAgeWEquOBl+OBhOmbsOWbsuawl+OBp+OBmTwvcD4KPHA+44CA44OK44OB44Ol44Op44Or44Kk44Oz44OG44Oq44Ki44KE5YyX5qyn44OG44Kk44K544OI44Gq44Gp44Gu44GK6YOo5bGL44Gr44GK44GZ44GZ44KB44Gn44GZPC9wPgo8cD7jgIDohJrjgYzjgaTjgYTjgabjgYTjgovjgZPjgajjgafph43oi6bjgZfjgY/jgarjgonjgZrjgIHjg5Djg6njg7Pjgrnjga7jgajjgozjgZ/lj5bjgorlhaXjgozjgoTjgZnjgYTjg4fjgrbjgqTjg7PjgafjgZk8L3A+Cjxicj48YnI+CjxpbWcgc3JjPSJodHRwOi8vd3d3LnJha3V0ZW4ubmUuanAvZ29sZC9hc3F1aXNzZS9henVtYXlhL2dzNTQ5LzFnczU0OS5qcGciLz4KPGJyPjxicj4KPGltZyBzcmM9Imh0dHA6Ly93d3cucmFrdXRlbi5uZS5qcC9nb2xkL2FzcXVpc3NlL2F6dW1heWEvZ3M1NDkvMmdzNTQ5LmpwZyIvPgo8YnI+PGJyPgo8aW1nIHNyYz0iaHR0cDovL2ltYWdlLnJha3V0ZW4uY28uanAvYXNxdWlzc2UvY2FiaW5ldC8wMzA2MDg3My8wMzA5MzI3MS9pbWc2MDMwMzA0MS5qcGciLz4KPGJyPjxicj4KCgo8c3R5bGUgdHlwZT0idGV4dC9jc3MiPgo8IS0tCi5zdHlsZTMge2NvbG9yOiAjMzMzMzMzOyBmb250LXNpemU6IDEycHg7IH0KLS0+Cjwvc3R5bGU+Cgo8dGFibGUgd2lkdGg9IjYwMCIgaGVpZ2h0PSI0MDAiIGJvcmRlcj0iMSIgY2VsbHNwYWNpbmc9IjAiIGJvcmRlcmNvbG9yPSIjRTFFMUUxIj4KPHRyPgogICAgPHRkIHdpZHRoPSIxMDQiIGJnY29sb3I9IiNGM0YzRjMiPjxzcGFuIGNsYXNzPSJzdHlsZTMiPuOAgArnibnlvrQ8L3NwYW4+PC90ZD4KICAgIDx0ZCB3aWR0aD0iNDg2Ij48c3BhbiBjbGFzcz0ic3R5bGUzIj4K44CA5Li444G/44Gu44GC44KL44K344Oz44OX44Or44GqMuS6uuaOm+OBkeOCveODleOCoTxicj4K44CA44OV44Kh44OW44Oq44OD44Kv44Go44Km44OD44OJ6ISa44GM44GC44Gf44Gf44GL44G/44GM44GC44KK44CB5YSq44GX44GE6Zuw5Zuy5rCX44Gn44GZPGJyPgrjgIDjg4rjg4Hjg6Xjg6njg6vjgqTjg7Pjg4bjg6rjgqLjgoTljJfmrKfjg4bjgqTjgrnjg4jjgarjganjga7jgYrpg6jlsYvjgavjgYrjgZnjgZnjgoHjgafjgZk8YnI+CuOAgOiEmuOBjOOBpOOBhOOBpuOBhOOCi+OBk+OBqOOBp+mHjeiLpuOBl+OBj+OBquOCieOBmuOAgeODkOODqeODs+OCueOBruOBqOOCjOOBn+WPluOCiuWFpeOCjOOChOOBmeOBhOODh+OCtuOCpOODs+OBp+OBmTwvc3Bhbj48L3RkPgogIDwvdHI+Cjx0cj4KICAgIDx0ZCB3aWR0aD0iMTA0IiBiZ2NvbG9yPSIjRjNGM0YzIj48c3BhbiBjbGFzcz0ic3R5bGUzIj7jgIAK44K144Kk44K6PC9zcGFuPjwvdGQ+CiAgICA8dGQgd2lkdGg9IjQ4NiI+PHNwYW4gY2xhc3M9InN0eWxlMyI+CuOAgFcxNDAww5dENzkww5dINjkwKFNINDIwKSBtbTwvc3Bhbj48L3RkPgogIDwvdHI+Cjx0cj4KICAgIDx0ZCBiZ2NvbG9yPSIjRjNGM0YzIj48c3BhbiBjbGFzcz0ic3R5bGUzIj7jgIDmnZDos6o8L3NwYW4+PC90ZD4KICAgIDx0ZD48c3BhbiBjbGFzcz0ic3R5bGUzIj7jgIDmnKjjg5Xjg6zjg7zjg6DjgIBT44OQ44ON44CA44Od44Oq44Ko44K544OG44Or44CA44Os44O844Oo44OzPC9zcGFuPjwvdGQ+CiAgPC90cj4KPHRyPgogICAgPHRkIGJnY29sb3I9IiNGM0YzRjMiPjxzcGFuIGNsYXNzPSJzdHlsZTMiPuOAgOWCmeiAgzwvc3Bhbj48L3RkPgogICAgPHRkPjxzcGFuIGNsYXNzPSJzdHlsZTMiPgrjgIDnjoTplqLmuKHjgZfllYblk4Eo5a6F6YWN5L6/44Gn44Gu44GK5bGK44GRKSA8L3NwYW4+PC90ZD4KICA8L3RyPgogICAgICA8dHI+CiAgICA8dGQgYmdjb2xvcj0iI0YzRjNGMyI+PHNwYW4gY2xhc3M9InN0eWxlMyI+44CA57SN5pyfPC9zcGFuPjwvdGQ+CiAgICA8dGQ+PHNwYW4gY2xhc3M9InN0eWxlMyI+44CA44GK5Y+W44KK5a+E44Gb5ZWG5ZOB44Gr44Gq44KK44G+44GZ44CC6YCa5bi4N+aXpeOBi+OCiTEw5pel56iL5bqmPC9zcGFuPjwvdGQ+CiAgPC90cj4KCgoKCgogPC90YWJsZT4KCgo8c3R5bGUgdHlwZT0idGV4dC9jc3MiPgovKuOBiuawl+OBq+WFpeOCiuWVhuWTgeODnOOCv+ODs+OBruOCv+OCsOOBk+OBk+OBi+OCiSovCmRpdi5ib29rbWFya0FyZWEgZGl2LmJrbSB7CndpZHRoOiAzMThweCAhaW1wb3J0YW50OyAgLyoxLuOBk+OBk+OBq+eUu+WDj+OBruaoquW5heOCkuaMh+WumiovCmhlaWdodDogODNweCAhaW1wb3J0YW50OyAgLyoxLuOBk+OBk+OBq+eUu+WDj+OBrumrmOOBleOCkuaMh+WumiovCn0KZGl2LmJvb2ttYXJrQXJlYSBkaXYuYmttIGEuYWRkQmttIHNwYW4uYmttU3RhciB7CmRpc3BsYXk6IGlubGluZS1ibG9jayAhaW1wb3J0YW50OwoKd2lkdGg6IDMxOHB4ICFpbXBvcnRhbnQ7ICAgLyoxLuOBk+OBk+OBq+eUu+WDj+OBruaoquW5heOCkuaMh+WumiovCmhlaWdodDogODNweCAhaW1wb3J0YW50OyAgIC8qMS7jgZPjgZPjgavnlLvlg4/jga7pq5jjgZXjgpLmjIflrpoqLwoKCm1hcmdpbi1yaWdodDogMHB4ICFpbXBvcnRhbnQ7CmJhY2tncm91bmQ6CnVybChodHRwOi8vaW1hZ2UucmFrdXRlbi5jby5qcC9hc3F1aXNzZS9jYWJpbmV0L2ltZ3JjMDA2NDcxOTYxMS5qcGcpIG5vLXJlcGVhdCAwIDAgIWltcG9ydGFudDvjgIAKCQkJICAgLyrihpHihpEyLuOBk+OBk+OBq+OBiuWlveOBv+OBruOBiuawl+OBq+WFpeOCiueUu+WDj+OCkuOCs+ODlOODmuKGkeKGkQoqLwoKY3Vyc29yOiBwb2ludGVyICFpbXBvcnRhbnQ7Cn0KCmRpdi5ib29rbWFya0FyZWEgZGl2LmJrbSB7CndpZHRoOiAzMThweCAhaW1wb3J0YW50OyAgLyoxLuOBk+OBk+OBq+eUu+WDj+OBruaoquW5heOCkuaMh+WumiovCmhlaWdodDogODNweCAhaW1wb3J0YW50OyAgLyoxLuOBk+OBk+OBq+eUu+WDj+OBrumrmOOBleOCkuaMh+WumiovCn0KZGl2LmJvb2ttYXJrQXJlYSBkaXYuYmttIGEuYWRkQmttIHNwYW4uYmttU3RhciB7CmRpc3BsYXk6IGlubGluZS1ibG9jayAhaW1wb3J0YW50OwoKd2lkdGg6IDMxOHB4ICFpbXBvcnRhbnQ7ICAgLyoxLuOBk+OBk+OBq+eUu+WDj+OBruaoquW5heOCkuaMh+WumiovCmhlaWdodDogODNweCAhaW1wb3J0YW50OyAgIC8qMS7jgZPjgZPjgavnlLvlg4/jga7pq5jjgZXjgpLmjIflrpoqLwoKCm1hcmdpbi1yaWdodDogMHB4ICFpbXBvcnRhbnQ7CmJhY2tncm91bmQ6CnVybChodHRwOi8vaW1hZ2UucmFrdXRlbi5jby5qcC9hc3F1aXNzZS9jYWJpbmV0L2ltZ3JjMDA2NDcxOTYxMS5qcGcpIG5vLXJlcGVhdCAwIDAgIWltcG9ydGFudDvjgIAvKuOBk+OBk+OBq+OBiuWlveOBv+OBruOBiuawl+OBq+WFpeOCiueUu+WDj+OCkuOCs+ODlOODmiovCgkJCSAgIC8q4oaR4oaRMi7jgZPjgZPjgavjgYrlpb3jgb/jga7jgYrmsJfjgavlhaXjgornlLvlg4/jgpLjgrPjg5Tjg5rihpHihpEKKi8KCmN1cnNvcjogcG9pbnRlciAhaW1wb3J0YW50Owp9CgoKCi8q44GK5rCX44Gr5YWl44KK5ZWG5ZOB44Oc44K/44Oz44K/44Kw44GT44GT44G+44GnKi8KLyrjgYrosrfjgYTnianjgYvjgZTjgr/jgrDjgZPjgZPjgYvjgokqLwoKaW5wdXRbdmFsdWU9Iuiyt+OBhOeJqeOBi+OBlOOBq+WFpeOCjOOCiyJdewoKCWZvbnQtc2l6ZToxNnB4OwoJZm9udC1mYW1pbHk6QXJpYWw7Cglmb250LXdlaWdodDpub3JtYWw7CgktbW96LWJvcmRlci1yYWRpdXM6OHB4OwoJLXdlYmtpdC1ib3JkZXItcmFkaXVzOjhweDsKCWJvcmRlci1yYWRpdXM6OHB4OwoJYm9yZGVyOjFweCBzb2xpZCAjZDgzNTI2OwoJcGFkZGluZzo5cHggMThweDsKCXRleHQtZGVjb3JhdGlvbjpub25lOwoKCWJhY2tncm91bmQ6LW1vei1saW5lYXItZ3JhZGllbnQoIGNlbnRlciB0b3AsICNmZTFhMDAgNSUsICNjZTAxMDAgMTAwJSApOwoJYmFja2dyb3VuZDotbXMtbGluZWFyLWdyYWRpZW50KCB0b3AsICNmZTFhMDAgNSUsICNjZTAxMDAgMTAwJSApOwogICAgICAgCWJhY2tncm91bmQ6LXdlYmtpdC1ncmFkaWVudCggbGluZWFyLCBsZWZ0IHRvcCwgbGVmdCBib3R0b20sIGNvbG9yLXN0b3AoNSUsICNmZTFhMDApLCBjb2xvci1zdG9wKDEwMCUsICNjZTAxMDApICk7CgoJY3Vyc29yOiBwb2ludGVyICFpbXBvcnRhbnQ7CgoJYmFja2dyb3VuZC1jb2xvcjojZmUxYTAwOwoJY29sb3I6I2ZmZmZmZjsKCWRpc3BsYXk6aW5saW5lLWJsb2NrOwoJdGV4dC1zaGFkb3c6MXB4IDFweCAwcHggI2IyM2UzNTsKIAlib3gtc2hhZG93Omluc2V0IDFweCAxcHggMHB4IDBweCAjZjI5YzkzOyB9CgovKuOBiuiyt+OBhOeJqeOBi+OBlOOCv+OCsOOBk+OBk+OBvuOBpyovCgo8IS0tCi5zdHlsZTEge2ZvbnQtc2l6ZTogMTBweH0KLnN0eWxlMiB7Y29sb3I6ICNGRjAwMDB9Ci5zdHlsZTQge2NvbG9yOiAjMDAwMEZGfQotLT4KPC9zdHlsZT4KPGltZyBzcmM9Imh0dHA6Ly9pbWFnZS5yYWt1dGVuLmNvLmpwL2FzcXVpc3NlL2NhYmluZXQvaW1nNTg5MTEwODMuanBnIi8+Cjx0YWJsZSB3aWR0aD0iNjExIiBib3JkZXI9IjAiPgoKICA8dHI+CiAgICA8dGQgd2lkdGg9IjI5NCIgcm93c3Bhbj0iMiI+PHAgY2xhc3M9InN0eWxlMSI+4pag5Za25qWt5pmC6ZaT5bivPGJyPgoJ44ON44OD44OI44Gn44Gu44GU5rOo5paH44Gv44CBPHNwYW4gY2xhc3M9InN0eWxlMiI+MjTmmYLplpM8L3NwYW4+5Y+X44GR5LuY44GR44Gm44GK44KK44G+44GZ44CCPGJyPjxicj4KCuOBiumbu+ipseOBp+OBruOBiuWVj+WQiOOBm+OBr+S4i+iomOOBruaZgumWk+W4r+OBq+OBiumhmOOBhOOBl+OBvuOBmeOAggo8YnI+CgoKPHNwYW4gY2xhc3M9InN0eWxlMiI+MTE6MDDvvZ4yMDowMDwvc3Bhbj4g44CAIDxzcGFuIGNsYXNzPSJzdHlsZTIiPuKAu+eBq+abnOaXpeOBr+OBiuS8keOBvzwvc3Bhbj7jgpLjgYTjgZ/jgaDjgYTjgabjgYrjgorjgb7jgZnjgII8YnI+Cjxicj4KCuKWoOmAgeaWmTxicj4K5YWo5Zu95LiA5b6L5paZ6YeR77yaPHNwYW4gY2xhc3M9InN0eWxlMiI+NTgw5YaGPC9zcGFuPjxicj4KKOWMl+a1t+mBk+OAgeaylue4hOOAgembouWztuODu+S4gOmDqOWcsOWfn+OBr+i/veWKoOmAgeaWmeeZuueUn+OBl+OBvuOBmeOAgik8YnI+Cjxicj4K4pag5a6F6YWN5L6/PGJyPgrjg6Tjg57jg4jpgYvovLjjgIDopb/mv4PpgYvovLjjgIDkvZDlt53mgKXkvr/jgIDjgobjgYbjg5Hjg4Pjgq88YnI+Cjxicj4K4pag5ZWG5ZOB55m66YCB44Gu44K/44Kk44Of44Oz44KwPGJyPgrnibnjgavjgZTmjIflrprjgYzjgarjgYTloLTlkIjjgIE8YnI+CualveWkqeODkOODs+OCr+axuua4iOOAgemKgOihjOaMr+i+vOKHkuOBlOWFpemHkeeiuuiqjeW+jOOAgTxzcGFuIGNsYXNzPSJzdHlsZTIiPjfllrbmpa3ml6Xku6XlhoU8L3NwYW4+44Gr55m66YCB6Ie044GX44G+44GZ44CCPGJyPgrjgq/jg6zjgrjjg4Pjg4jjgIHku6Pph5HlvJXmj5vjgIDih5LjgZTms6jmlofnorroqo3lvozjgIE8c3BhbiBjbGFzcz0ic3R5bGUyIj435Za25qWt5pel5Lul5YaFPC9zcGFuPuOBq+eZuumAgeiHtOOBl+OBvuOBmeOAgiAKPGJyPgo8YnI+CuKWoOi/lOWTgeODu+S6pOaPm+OBq+OBpOOBhOOBpjxicj4K5ZWG5ZOB44Gu44Kr44Op44O844Gr6Zai44GX44G+44GX44Gm44Gv6Zay6Kan55Kw5aKD44Gr44KI44Gj44Gm6Iul5bmy6YGV44Gj44Gm6KaL44GI44KL5aC05ZCI44GM44GU44GW44GE44G+44GZ5LqI44KB44GU5LqG5om/5LiL44GV44GE44CCPGJyPgrjg6Hjg7zjgqvjg7zjgYzliJ3mnJ/kuI3oia/jgajoqo3lrprjgZfjgabjgYTjgarjgYTllYblk4HjgIHjgIzjgqTjg6Hjg7zjgrjjgajpgZXjgYbjgI3nrYnjga7ov5Tlk4Hjg7vkuqTmj5vjga/jgYrlj5fjgZHjgafjgY3jgb7jgZvjgpPjga7jgafjgZTkuobmib/jgY/jgaDjgZXjgYTjgII8YnI+CuS6i+WJjeOBruOBlOmAo+e1oeOBruOBquOBhOi/lOWTgeOBq+mWouOBl+OBvuOBl+OBpuOBr+OBiuWPl+OBkeOBp+OBjeOBvuOBm+OCkzxicj4K77yI552A5omV44GE562J44Gn44Gu6L+U5ZOB77yJ44GU5LqG5om/44GP44Gg44GV44GE44CCPGJyPgo8YnI+CuKWoOS4jeiJr+WTgeOBq+OBpOOBhOOBpjxicj4K5ZWG5ZOB44GM56C05pCN44O75rGa5pCN44GX44Gm44GE44Gf5aC05ZCI44Gv6YWN6YGU5b6M5LiA6YCx6ZaT5Lul5YaF44Gr44Oh44O844Or44GL6Zu76Kmx44Gn44GU6YCj57Wh44GP44Gg44GV44GE44CCCuOBmeOBkOOBq+S6pOaPm+OBruWTgeOBvuOBn+OBr+i/lOWTgeOCkuaJv+OCiuOBvuOBmeOAgjxicj4K4oC744GT44Gu5aC05ZCI44Gv6YCB5paZ44CB5omL5pWw5paZ44Gv5b2T5bqX44GM6LKg5ouF44GE44Gf44GX44G+44GZ44CCCiAgPC90ZD4KICAgIDx0ZCB3aWR0aD0iMzA3IiBoZWlnaHQ9IjYyIiB2YWxpZ249InRvcCI+PHNwYW4gY2xhc3M9InN0eWxlMSI+4pag44GK5pSv5omV44GE5pa55rOV44Gr44Gk44GE44GmPGJyPgogICAg44GK5pSv5omV44GE44Gv5qW95aSp44OQ44Oz44Kv44CB6YqA6KGM5oyv44KK6L6844G/44CB5Luj6YeR5byV5o+b44CB44Kv44Os44K444OD44OI44GM44GU5Yip55So44GE44Gf44Gg44GR44G+44GZ44CCPGJyIC8+CiAgICA8YnI+CiAgICA8c3BhbiBjbGFzcz0ic3R5bGU0Ij7igLvjgq/jg6zjgrjjg4Pjg4jjgqvjg7zjg4njga7jgrvjgq3jg6Xjg6rjg4bjgqPjga9TU0zjgajjgYTjgYbjgrfjgrnjg4bjg6DjgpLliKnnlKjjgZfjgabjgYrjgorjgb7jgZnjgIIg44Kr44O844OJ55Wq5Y+344Gv5pqX5Y+35YyW44GV44KM44Gm5a6J5YWo44Gr6YCB5L+h44GV44KM44G+44GZ44Gu44Gn44CB44Gp44GG44Ge44GU5a6J5b+D44GP44Gg44GV44GE44CCPGJyIC8+CiAgICA8aW1nIHNyYz0iaHR0cDovL2ltYWdlLnJha3V0ZW4uY28uanAvX3N1cHBvcnQtb3MvY2FiaW5ldC92aXNhLmdpZiIgLz4gPGltZyBzcmM9Imh0dHA6Ly9pbWFnZS5yYWt1dGVuLmNvLmpwL19zdXBwb3J0LW9zL2NhYmluZXQvbWFzdGVyY2FyZC5naWYiIC8+IDxpbWcgc3JjPSJodHRwOi8vaW1hZ2UucmFrdXRlbi5jby5qcC9fc3VwcG9ydC1vcy9jYWJpbmV0L2pjYi5naWYiIC8+IDxpbWcgc3JjPSJodHRwOi8vaW1hZ2UucmFrdXRlbi5jby5qcC9fc3VwcG9ydC1vcy9jYWJpbmV0L2RpbmVycy5naWYiIC8+IDxpbWcgc3JjPSJodHRwOi8vaW1hZ2UucmFrdXRlbi5jby5qcC9fc3VwcG9ydC1vcy9jYWJpbmV0L2FtZXguZ2lmIiAvPiA8aW1nIHNyYz0iaHR0cDovL2ltYWdlLnJha3V0ZW4uY28uanAvX3N1cHBvcnQtb3MvY2FiaW5ldC9naW5rb3UuZ2lmIiB3aWR0aD0iMzYiIGhlaWdodD0iMzYiIC8+IDxpbWcgc3JjPSJodHRwOi8vaW1hZ2UucmFrdXRlbi5jby5qcC9fc3VwcG9ydC1vcy9jYWJpbmV0L2RhaWJpa2kuZ2lmIiB3aWR0aD0iMzYiIGhlaWdodD0iMzYiIC8+PC9zcGFuPjwvc3Bhbj48L3RkPgogIDwvdHI+CiAgCiAgPHRyPgogICAgPHRkIHZhbGlnbj0idG9wIj48c3BhbiBjbGFzcz0ic3R5bGUxIj7ilqDmpb3lpKnjg5Djg7Pjgq/msbrmuIg8YnI+CualveWkqeODkOODs+OCr+axuua4iOaJi+aVsOaWmSjnqI7ovrwpPGJyPgox5YaG772eMjksOTk55YaG44CA44CAPHNwYW4gY2xhc3M9InN0eWxlMiI+MTU15YaGPC9zcGFuPjxicj4KMzAsMDAw5YaG772e44CA44CA44CA44CAPHNwYW4gY2xhc3M9InN0eWxlMiI+MjU35YaGPC9zcGFuPjxicj48YnI+CgrilqDku6Pph5HlvJXmj5sgPGJyPgrku6PlvJXmiYvmlbDmlpnmlpnvvJrlhajlm73kuIDlvovmlpnph5HvvJogPHNwYW4gY2xhc3M9InN0eWxlMiI+MzI05YaGPC9zcGFuPjxicj4KPGJyPgrilqDpioDooYzmjK/ovrw8YnI+CuOBlOWFpemHkeeiuuiqjeW+jOOBq+eZuumAgeOBhOOBn+OBl+OBvuOBmeOAgjxicj4K5oyv6L685omL5pWw5paZ44Gv44GK5a6i5qeY6LKg5ouF44Gn44GK6aGY44GE6Ie044GX44G+44GZ44CCPGJyPgo8YnI+CuOAkOaMr+i+vOWFiOOAkSDmpb3lpKnpioDooYzvvIjjg6njgq/jg4bjg7Pjgq7jg7PjgrPjgqbvvInmpb3lpKnluILloLTmlK/lupfvvIjjg6njgq/jg4bjg7PjgqTjg4Hjg5Djgrfjg4bjg7PvvIkg5pmu6YCaIDEwNDcwNzAg44Op44Kv44OG44Oz77yI77yh77yz77yx77y177yp77yz77yz77ylIAo8YnI+4oC744GT44Gu5Y+j5bqn44Gu5qip5Yip44Gv5qW95aSp5qCq5byP5Lya56S+44GM5L+d5pyJ44GX44Gm44GE44G+44GZ44CCIDxicj4KPGJyPgo8c3BhbiBjbGFzcz0ic3R5bGU0Ij7igLvjg53jgqTjg7Pjg4jjgpLjgZTliKnnlKjjga7loLTlkIjnrYnjgIHmpb3lpKnjgYvjgonoh6rli5XjgafphY3kv6HjgZXjgozjgovnorroqo3jg6Hjg7zjg6vjga7ph5HpoY3jgajjgYrmjK/ovrzjgb/mmYLjga7ph5HpoY3jgYznlbDjgarjgovloLTlkIjjgYzjgZTjgZbjgYTjgb7jgZnjgIIK44Gu44Gh44G744Gp5b2T5bqX44GL44KJ44GK6YCB44KK44GZ44KL44Oh44O844Or44Gr6KiY6LyJ44Gu6YeR6aGN44KS44GK5oyv6L6844G/44GP44Gg44GV44GE44CCPC9zcGFuPjwvc3Bhbj48L3RkPgogIDwvdHI+CiAgPHRyPgogICAgPHRkIGNvbHNwYW49IjIiPiZuYnNwOzwvdGQ+CiAgPC90cj4KPC90YWJsZT4=,44OQ44O844OK44Or44K944OV44KhIDLkurrmjpvjgZHjgr3jg5XjgqEg44K944OV44Kh44O8IOS6jOS6uuaOm+OBkSDjgrDjg6rjg7zjg7Mg44Os44OD44OJIOODneODg+ODlyDjgYrjgZfjgoPjgowg5YyX5qynIOODrOODiOODrSDjg4rjg4Hjg6Xjg6njg6sg44Kr44K444Ol44Ki44OrIOS6jOS6uuaaruOCieOBlyDkuIDkurrmmq7jgonjgZcg44Kk44Oz44OG44Oq44KiIOWutuWFtyDjgYvjgo/jgYTjgYQg44CQ6YCB5paZ54Sh5paZ44CR77yaYXNxdWlzc2U=,44OQ44O844OK44Or44K944OV44KhIDLkurrmjpvjgZHjgr3jg5XjgqEg44K944OV44Kh44O8IOS6jOS6uuaOm+OBkSDjgrDjg6rjg7zjg7Mg44Os44OD44OJIOODneODg+ODlyDjgYrjgZfjgoPjgowg5YyX5qynIOODrOODiOODrSDjg4rjg4Hjg6Xjg6njg6sg44Kr44K444Ol44Ki44OrIOS6jOS6uuaaruOCieOBlyDkuIDkurrmmq7jgonjgZcg44Kk44Oz44OG44Oq44KiIOWutuWFtyDjgYvjgo/jgYTjgYQg44CQ6YCB5paZ54Sh5paZ44CR,5Li444G/44Gu44GC44KL44K344Oz44OX44Or44GqMuS6uuaOm+OBkeOCveODleOCoeOAguODkOODvOODiuODq+OCveODleOCoSAy5Lq65o6b44GR44K944OV44KhIOOCveODleOCoeODvCDkuozkurrmjpvjgZEg44Kw44Oq44O844OzIOODrOODg+ODiSDjg53jg4Pjg5cg44GK44GX44KD44KMIOWMl+aspyDjg6zjg4jjg60g44OK44OB44Ol44Op44OrIOOCq+OCuOODpeOCouODqyDkuozkurrmmq7jgonjgZcg5LiA5Lq65pqu44KJ44GXIOOCpOODs+ODhuODquOCoiDlrrblhbcg44GL44KP44GE44GEIOOAkOmAgeaWmeeEoeaWmeOAkQ==[rn]
37-51641,aHR0cDovL3RzaG9wLnIxMHMuanAvZ29sZC9hc3F1aXNzZS9henVtYXlhL2hzMjI1LzBoczIyNS5qcGc/Zml0aW49NzAwOjcwMA==,MzQ0NzMuNjAwMA==,,44Kk44Oz44OG44Oq44Ki44O75a+d5YW344O75Y+O57SNID4g44K944OV44Kh44O744K944OV44Kh44OZ44OD44OJID4gMuS6uuaOm+OBkeOCveODleOCoSA+IOW4g+WcsA==,44Os44Kz44Or44K944OV44KhIDLkurrmjpvjgZHjgr3jg5XjgqEg44K944OV44Kh44O8IOS6jOS6uuaOm+OBkSDjg5bjg6njgqbjg7Mg6Iy2IOODrOODg+ODiSDotaQg44OB44Kn44OD44KvIOOBiuOBl+OCg+OCjCDjg53jg4Pjg5cg44GL44KP44GE44GEIOODrOODiOODrSDjgqLjg7Pjg4bjgqPjg7zjgq8g44OK44OB44Ol44Op44OrIOOCq+OCuOODpeOCouODqyDjgrfjg7Pjg5fjg6sg5LqM5Lq65pqu44KJ44GXIOS4gOS6uuaaruOCieOBlyDjgqTjg7Pjg4bjg6rjgqIg5a625YW3IOOAkOmAgeaWmeeEoeaWmeOAkQ==,44OB44Kn44OD44Kv44Gu44OV44Kh44OW44Oq44OD44Kv44Go44Oc44K/44Oz44GM44GL44KP44GE44KJ44GX44GEMuS6uuaOm+OBkeOCveODleOCoQ==,PGltZyBzcmM9Imh0dHA6Ly93d3cucmFrdXRlbi5uZS5qcC9nb2xkL2FzcXVpc3NlL2F6dW1heWEvaHMyMjUvMGhzMjI1LmpwZyIvPgo8cD4K44CA44OB44Kn44OD44Kv44Gu44OV44Kh44OW44Oq44OD44Kv44Go44Oc44K/44Oz44GM44GL44KP44GE44KJ44GX44GEMuS6uuaOm+OBkeOCveODleOCoTw8YnI+PGJyPgrjgIDjgqvjg7Pjg4jjg6rjg7zjg4bjgqTjgrnjg4jjgoTjg6zjg4jjg63jg4bjgqTjgrnjg4jjgarjganjga7jgYrpg6jlsYvjgavjgYrjgZnjgZnjgoHjgafjgZk8L3A+CjxpbWcgc3JjPSJodHRwOi8vd3d3LnJha3V0ZW4ubmUuanAvZ29sZC9hc3F1aXNzZS9henVtYXlhL2hzMjI1LzFoczIyNS5qcGciLz4KPHA+44CA6ISa44GM44Gk44GE44Gm44GE44KL44GT44Go44Gn6YeN6Ium44GX44GP44Gq44KJ44Ga44CB44OQ44Op44Oz44K544Gu44Go44KM44Gf5Y+W44KK5YWl44KM44KE44GZ44GE44OH44K244Kk44Oz44Gn44GZPC9wPgo8aW1nIHNyYz0iaHR0cDovL3d3dy5yYWt1dGVuLm5lLmpwL2dvbGQvYXNxdWlzc2UvYXp1bWF5YS9oczIyNS8yaHMyMjUuanBnIi8+Cjxicj48YnI+CjxpbWcgc3JjPSJodHRwOi8vaW1hZ2UucmFrdXRlbi5jby5qcC9hc3F1aXNzZS9jYWJpbmV0LzAzMDYwODczLzAzMDkzMjcxL2ltZzYwMzAzMDQxLmpwZyIvPgo8YnI+PGJyPgoKCjxzdHlsZSB0eXBlPSJ0ZXh0L2NzcyI+CjwhLS0KLnN0eWxlMyB7Y29sb3I6ICMzMzMzMzM7IGZvbnQtc2l6ZTogMTJweDsgfQotLT4KPC9zdHlsZT4KCjx0YWJsZSB3aWR0aD0iNjAwIiBoZWlnaHQ9IjQwMCIgYm9yZGVyPSIxIiBjZWxsc3BhY2luZz0iMCIgYm9yZGVyY29sb3I9IiNFMUUxRTEiPgo8dHI+CiAgICA8dGQgd2lkdGg9IjEwNCIgYmdjb2xvcj0iI0YzRjNGMyI+PHNwYW4gY2xhc3M9InN0eWxlMyI+44CACueJueW+tDwvc3Bhbj48L3RkPgogICAgPHRkIHdpZHRoPSI0ODYiPjxzcGFuIGNsYXNzPSJzdHlsZTMiPgrjgIDjg4Hjgqfjg4Pjgq/jga7jg5XjgqHjg5bjg6rjg4Pjgq/jgajjg5zjgr/jg7PjgYzjgYvjgo/jgYTjgonjgZfjgYQy5Lq65o6b44GR44K944OV44KhPGJyPgrjgIDohJrjgYzjgaTjgYTjgabjgYTjgovjgZPjgajjgafph43oi6bjgZfjgY/jgarjgonjgZrjgIHjg5Djg6njg7Pjgrnjga7jgajjgozjgZ/lj5bjgorlhaXjgozjgoTjgZnjgYTjg4fjgrbjgqTjg7PjgafjgZk8YnI+CuOAgOOCq+ODs+ODiOODquODvOODhuOCpOOCueODiOOChOODrOODiOODreODhuOCpOOCueODiOOBquOBqeOBruOBiumDqOWxi+OBq+OBiuOBmeOBmeOCgeOBp+OBmTwvc3Bhbj48L3RkPgogIDwvdHI+Cjx0cj4KICAgIDx0ZCB3aWR0aD0iMTA0IiBiZ2NvbG9yPSIjRjNGM0YzIj48c3BhbiBjbGFzcz0ic3R5bGUzIj7jgIAK44K144Kk44K6PC9zcGFuPjwvdGQ+CiAgICA8dGQgd2lkdGg9IjQ4NiI+PHNwYW4gY2xhc3M9InN0eWxlMyI+CuOAgFcxMzgww5dEODAww5dINzAwKFNINDAwKSBtbTwvc3Bhbj48L3RkPgogIDwvdHI+Cjx0cj4KICAgIDx0ZCBiZ2NvbG9yPSIjRjNGM0YzIj48c3BhbiBjbGFzcz0ic3R5bGUzIj7jgIDmnZDos6o8L3NwYW4+PC90ZD4KICAgIDx0ZD48c3BhbiBjbGFzcz0ic3R5bGUzIj7jgIDmnKjjg5Xjg6zjg7zjg6DjgIDjg53jgrHjg4Pjg4jjgrPjgqTjg6vjgIDjg53jg6rjgqjjgrnjg4bjg6s8L3NwYW4+PC90ZD4KICA8L3RyPgo8dHI+CiAgICA8dGQgYmdjb2xvcj0iI0YzRjNGMyI+PHNwYW4gY2xhc3M9InN0eWxlMyI+44CA5YKZ6ICDPC9zcGFuPjwvdGQ+CiAgICA8dGQ+PHNwYW4gY2xhc3M9InN0eWxlMyI+CuOAgOOCouODvOODoOmDqOe1hOeri+W8jzxicj4K44CA44Ot44O844K/44Kk44OX5L2/55So5Y+vPGJyPgrjgIDnjoTplqLmuKHjgZfllYblk4Eo5a6F6YWN5L6/44Gn44Gu44GK5bGK44GRKTwvc3Bhbj48L3RkPgogIDwvdHI+CiAgICAgIDx0cj4KICAgIDx0ZCBiZ2NvbG9yPSIjRjNGM0YzIj48c3BhbiBjbGFzcz0ic3R5bGUzIj7jgIDntI3mnJ88L3NwYW4+PC90ZD4KICAgIDx0ZD48c3BhbiBjbGFzcz0ic3R5bGUzIj7jgIDjgYrlj5bjgorlr4TjgZvllYblk4Hjgavjgarjgorjgb7jgZnjgILpgJrluLg35pel44GL44KJMTDml6XnqIvluqY8L3NwYW4+PC90ZD4KICA8L3RyPgoKCgoKCiA8L3RhYmxlPgoKCjxzdHlsZSB0eXBlPSJ0ZXh0L2NzcyI+Ci8q44GK5rCX44Gr5YWl44KK5ZWG5ZOB44Oc44K/44Oz44Gu44K/44Kw44GT44GT44GL44KJKi8KZGl2LmJvb2ttYXJrQXJlYSBkaXYuYmttIHsKd2lkdGg6IDMxOHB4ICFpbXBvcnRhbnQ7ICAvKjEu44GT44GT44Gr55S75YOP44Gu5qiq5bmF44KS5oyH5a6aKi8KaGVpZ2h0OiA4M3B4ICFpbXBvcnRhbnQ7ICAvKjEu44GT44GT44Gr55S75YOP44Gu6auY44GV44KS5oyH5a6aKi8KfQpkaXYuYm9va21hcmtBcmVhIGRpdi5ia20gYS5hZGRCa20gc3Bhbi5ia21TdGFyIHsKZGlzcGxheTogaW5saW5lLWJsb2NrICFpbXBvcnRhbnQ7Cgp3aWR0aDogMzE4cHggIWltcG9ydGFudDsgICAvKjEu44GT44GT44Gr55S75YOP44Gu5qiq5bmF44KS5oyH5a6aKi8KaGVpZ2h0OiA4M3B4ICFpbXBvcnRhbnQ7ICAgLyoxLuOBk+OBk+OBq+eUu+WDj+OBrumrmOOBleOCkuaMh+WumiovCgoKbWFyZ2luLXJpZ2h0OiAwcHggIWltcG9ydGFudDsKYmFja2dyb3VuZDoKdXJsKGh0dHA6Ly9pbWFnZS5yYWt1dGVuLmNvLmpwL2FzcXVpc3NlL2NhYmluZXQvaW1ncmMwMDY0NzE5NjExLmpwZykgbm8tcmVwZWF0IDAgMCAhaW1wb3J0YW50O+OAgAoJCQkgICAvKuKGkeKGkTIu44GT44GT44Gr44GK5aW944G/44Gu44GK5rCX44Gr5YWl44KK55S75YOP44KS44Kz44OU44Oa4oaR4oaRCiovCgpjdXJzb3I6IHBvaW50ZXIgIWltcG9ydGFudDsKfQoKZGl2LmJvb2ttYXJrQXJlYSBkaXYuYmttIHsKd2lkdGg6IDMxOHB4ICFpbXBvcnRhbnQ7ICAvKjEu44GT44GT44Gr55S75YOP44Gu5qiq5bmF44KS5oyH5a6aKi8KaGVpZ2h0OiA4M3B4ICFpbXBvcnRhbnQ7ICAvKjEu44GT44GT44Gr55S75YOP44Gu6auY44GV44KS5oyH5a6aKi8KfQpkaXYuYm9va21hcmtBcmVhIGRpdi5ia20gYS5hZGRCa20gc3Bhbi5ia21TdGFyIHsKZGlzcGxheTogaW5saW5lLWJsb2NrICFpbXBvcnRhbnQ7Cgp3aWR0aDogMzE4cHggIWltcG9ydGFudDsgICAvKjEu44GT44GT44Gr55S75YOP44Gu5qiq5bmF44KS5oyH5a6aKi8KaGVpZ2h0OiA4M3B4ICFpbXBvcnRhbnQ7ICAgLyoxLuOBk+OBk+OBq+eUu+WDj+OBrumrmOOBleOCkuaMh+WumiovCgoKbWFyZ2luLXJpZ2h0OiAwcHggIWltcG9ydGFudDsKYmFja2dyb3VuZDoKdXJsKGh0dHA6Ly9pbWFnZS5yYWt1dGVuLmNvLmpwL2FzcXVpc3NlL2NhYmluZXQvaW1ncmMwMDY0NzE5NjExLmpwZykgbm8tcmVwZWF0IDAgMCAhaW1wb3J0YW50O+OAgC8q44GT44GT44Gr44GK5aW944G/44Gu44GK5rCX44Gr5YWl44KK55S75YOP44KS44Kz44OU44OaKi8KCQkJICAgLyrihpHihpEyLuOBk+OBk+OBq+OBiuWlveOBv+OBruOBiuawl+OBq+WFpeOCiueUu+WDj+OCkuOCs+ODlOODmuKGkeKGkQoqLwoKY3Vyc29yOiBwb2ludGVyICFpbXBvcnRhbnQ7Cn0KCgoKLyrjgYrmsJfjgavlhaXjgorllYblk4Hjg5zjgr/jg7Pjgr/jgrDjgZPjgZPjgb7jgacqLwovKuOBiuiyt+OBhOeJqeOBi+OBlOOCv+OCsOOBk+OBk+OBi+OCiSovCgppbnB1dFt2YWx1ZT0i6LK344GE54mp44GL44GU44Gr5YWl44KM44KLIl17CgoJZm9udC1zaXplOjE2cHg7Cglmb250LWZhbWlseTpBcmlhbDsKCWZvbnQtd2VpZ2h0Om5vcm1hbDsKCS1tb3otYm9yZGVyLXJhZGl1czo4cHg7Cgktd2Via2l0LWJvcmRlci1yYWRpdXM6OHB4OwoJYm9yZGVyLXJhZGl1czo4cHg7Cglib3JkZXI6MXB4IHNvbGlkICNkODM1MjY7CglwYWRkaW5nOjlweCAxOHB4OwoJdGV4dC1kZWNvcmF0aW9uOm5vbmU7CgoJYmFja2dyb3VuZDotbW96LWxpbmVhci1ncmFkaWVudCggY2VudGVyIHRvcCwgI2ZlMWEwMCA1JSwgI2NlMDEwMCAxMDAlICk7CgliYWNrZ3JvdW5kOi1tcy1saW5lYXItZ3JhZGllbnQoIHRvcCwgI2ZlMWEwMCA1JSwgI2NlMDEwMCAxMDAlICk7CiAgICAgICAJYmFja2dyb3VuZDotd2Via2l0LWdyYWRpZW50KCBsaW5lYXIsIGxlZnQgdG9wLCBsZWZ0IGJvdHRvbSwgY29sb3Itc3RvcCg1JSwgI2ZlMWEwMCksIGNvbG9yLXN0b3AoMTAwJSwgI2NlMDEwMCkgKTsKCgljdXJzb3I6IHBvaW50ZXIgIWltcG9ydGFudDsKCgliYWNrZ3JvdW5kLWNvbG9yOiNmZTFhMDA7Cgljb2xvcjojZmZmZmZmOwoJZGlzcGxheTppbmxpbmUtYmxvY2s7Cgl0ZXh0LXNoYWRvdzoxcHggMXB4IDBweCAjYjIzZTM1OwogCWJveC1zaGFkb3c6aW5zZXQgMXB4IDFweCAwcHggMHB4ICNmMjljOTM7IH0KCi8q44GK6LK344GE54mp44GL44GU44K/44Kw44GT44GT44G+44GnKi8KCjwhLS0KLnN0eWxlMSB7Zm9udC1zaXplOiAxMHB4fQouc3R5bGUyIHtjb2xvcjogI0ZGMDAwMH0KLnN0eWxlNCB7Y29sb3I6ICMwMDAwRkZ9Ci0tPgo8L3N0eWxlPgo8aW1nIHNyYz0iaHR0cDovL2ltYWdlLnJha3V0ZW4uY28uanAvYXNxdWlzc2UvY2FiaW5ldC9pbWc1ODkxMTA4My5qcGciLz4KPHRhYmxlIHdpZHRoPSI2MTEiIGJvcmRlcj0iMCI+CgogIDx0cj4KICAgIDx0ZCB3aWR0aD0iMjk0IiByb3dzcGFuPSIyIj48cCBjbGFzcz0ic3R5bGUxIj7ilqDllrbmpa3mmYLplpPluK88YnI+Cgnjg43jg4Pjg4jjgafjga7jgZTms6jmlofjga/jgIE8c3BhbiBjbGFzcz0ic3R5bGUyIj4yNOaZgumWkzwvc3Bhbj7lj5fjgZHku5jjgZHjgabjgYrjgorjgb7jgZnjgII8YnI+PGJyPgoK44GK6Zu76Kmx44Gn44Gu44GK5ZWP5ZCI44Gb44Gv5LiL6KiY44Gu5pmC6ZaT5biv44Gr44GK6aGY44GE44GX44G+44GZ44CCCjxicj4KCgo8c3BhbiBjbGFzcz0ic3R5bGUyIj4xMTowMO+9njIwOjAwPC9zcGFuPiDjgIAgPHNwYW4gY2xhc3M9InN0eWxlMiI+4oC754Gr5puc5pel44Gv44GK5LyR44G/PC9zcGFuPuOCkuOBhOOBn+OBoOOBhOOBpuOBiuOCiuOBvuOBmeOAgjxicj4KPGJyPgoK4pag6YCB5paZPGJyPgrlhajlm73kuIDlvovmlpnph5HvvJo8c3BhbiBjbGFzcz0ic3R5bGUyIj41ODDlhoY8L3NwYW4+PGJyPgoo5YyX5rW36YGT44CB5rKW57iE44CB6Zui5bO244O75LiA6YOo5Zyw5Z+f44Gv6L+95Yqg6YCB5paZ55m655Sf44GX44G+44GZ44CCKTxicj4KPGJyPgrilqDlroXphY3kvr88YnI+CuODpOODnuODiOmBi+i8uOOAgOilv+a/g+mBi+i8uOOAgOS9kOW3neaApeS+v+OAgOOChuOBhuODkeODg+OCrzxicj4KPGJyPgrilqDllYblk4HnmbrpgIHjga7jgr/jgqTjg5/jg7PjgrA8YnI+CueJueOBq+OBlOaMh+WumuOBjOOBquOBhOWgtOWQiOOAgTxicj4K5qW95aSp44OQ44Oz44Kv5rG65riI44CB6YqA6KGM5oyv6L684oeS44GU5YWl6YeR56K66KqN5b6M44CBPHNwYW4gY2xhc3M9InN0eWxlMiI+N+WWtualreaXpeS7peWGhTwvc3Bhbj7jgavnmbrpgIHoh7TjgZfjgb7jgZnjgII8YnI+CuOCr+ODrOOCuOODg+ODiOOAgeS7o+mHkeW8leaPm+OAgOKHkuOBlOazqOaWh+eiuuiqjeW+jOOAgTxzcGFuIGNsYXNzPSJzdHlsZTIiPjfllrbmpa3ml6Xku6XlhoU8L3NwYW4+44Gr55m66YCB6Ie044GX44G+44GZ44CCIAo8YnI+Cjxicj4K4pag6L+U5ZOB44O75Lqk5o+b44Gr44Gk44GE44GmPGJyPgrllYblk4Hjga7jgqvjg6njg7zjgavplqLjgZfjgb7jgZfjgabjga/plrLopqfnkrDlooPjgavjgojjgaPjgaboi6XlubLpgZXjgaPjgabopovjgYjjgovloLTlkIjjgYzjgZTjgZbjgYTjgb7jgZnkuojjgoHjgZTkuobmib/kuIvjgZXjgYTjgII8YnI+CuODoeODvOOCq+ODvOOBjOWIneacn+S4jeiJr+OBqOiqjeWumuOBl+OBpuOBhOOBquOBhOWVhuWTgeOAgeOAjOOCpOODoeODvOOCuOOBqOmBleOBhuOAjeetieOBrui/lOWTgeODu+S6pOaPm+OBr+OBiuWPl+OBkeOBp+OBjeOBvuOBm+OCk+OBruOBp+OBlOS6huaJv+OBj+OBoOOBleOBhOOAgjxicj4K5LqL5YmN44Gu44GU6YCj57Wh44Gu44Gq44GE6L+U5ZOB44Gr6Zai44GX44G+44GX44Gm44Gv44GK5Y+X44GR44Gn44GN44G+44Gb44KTPGJyPgrvvIjnnYDmiZXjgYTnrYnjgafjga7ov5Tlk4HvvInjgZTkuobmib/jgY/jgaDjgZXjgYTjgII8YnI+Cjxicj4K4pag5LiN6Imv5ZOB44Gr44Gk44GE44GmPGJyPgrllYblk4HjgYznoLTmkI3jg7vmsZrmkI3jgZfjgabjgYTjgZ/loLTlkIjjga/phY3pgZTlvozkuIDpgLHplpPku6XlhoXjgavjg6Hjg7zjg6vjgYvpm7voqbHjgafjgZTpgKPntaHjgY/jgaDjgZXjgYTjgIIK44GZ44GQ44Gr5Lqk5o+b44Gu5ZOB44G+44Gf44Gv6L+U5ZOB44KS5om/44KK44G+44GZ44CCPGJyPgrigLvjgZPjga7loLTlkIjjga/pgIHmlpnjgIHmiYvmlbDmlpnjga/lvZPlupfjgYzosqDmi4XjgYTjgZ/jgZfjgb7jgZnjgIIKICA8L3RkPgogICAgPHRkIHdpZHRoPSIzMDciIGhlaWdodD0iNjIiIHZhbGlnbj0idG9wIj48c3BhbiBjbGFzcz0ic3R5bGUxIj7ilqDjgYrmlK/miZXjgYTmlrnms5XjgavjgaTjgYTjgaY8YnI+CiAgICDjgYrmlK/miZXjgYTjga/mpb3lpKnjg5Djg7Pjgq/jgIHpioDooYzmjK/jgorovrzjgb/jgIHku6Pph5HlvJXmj5vjgIHjgq/jg6zjgrjjg4Pjg4jjgYzjgZTliKnnlKjjgYTjgZ/jgaDjgZHjgb7jgZnjgII8YnIgLz4KICAgIDxicj4KICAgIDxzcGFuIGNsYXNzPSJzdHlsZTQiPuKAu+OCr+ODrOOCuOODg+ODiOOCq+ODvOODieOBruOCu+OCreODpeODquODhuOCo+OBr1NTTOOBqOOBhOOBhuOCt+OCueODhuODoOOCkuWIqeeUqOOBl+OBpuOBiuOCiuOBvuOBmeOAgiDjgqvjg7zjg4nnlarlj7fjga/mmpflj7fljJbjgZXjgozjgablronlhajjgavpgIHkv6HjgZXjgozjgb7jgZnjga7jgafjgIHjganjgYbjgZ7jgZTlronlv4PjgY/jgaDjgZXjgYTjgII8YnIgLz4KICAgIDxpbWcgc3JjPSJodHRwOi8vaW1hZ2UucmFrdXRlbi5jby5qcC9fc3VwcG9ydC1vcy9jYWJpbmV0L3Zpc2EuZ2lmIiAvPiA8aW1nIHNyYz0iaHR0cDovL2ltYWdlLnJha3V0ZW4uY28uanAvX3N1cHBvcnQtb3MvY2FiaW5ldC9tYXN0ZXJjYXJkLmdpZiIgLz4gPGltZyBzcmM9Imh0dHA6Ly9pbWFnZS5yYWt1dGVuLmNvLmpwL19zdXBwb3J0LW9zL2NhYmluZXQvamNiLmdpZiIgLz4gPGltZyBzcmM9Imh0dHA6Ly9pbWFnZS5yYWt1dGVuLmNvLmpwL19zdXBwb3J0LW9zL2NhYmluZXQvZGluZXJzLmdpZiIgLz4gPGltZyBzcmM9Imh0dHA6Ly9pbWFnZS5yYWt1dGVuLmNvLmpwL19zdXBwb3J0LW9zL2NhYmluZXQvYW1leC5naWYiIC8+IDxpbWcgc3JjPSJodHRwOi8vaW1hZ2UucmFrdXRlbi5jby5qcC9fc3VwcG9ydC1vcy9jYWJpbmV0L2dpbmtvdS5naWYiIHdpZHRoPSIzNiIgaGVpZ2h0PSIzNiIgLz4gPGltZyBzcmM9Imh0dHA6Ly9pbWFnZS5yYWt1dGVuLmNvLmpwL19zdXBwb3J0LW9zL2NhYmluZXQvZGFpYmlraS5naWYiIHdpZHRoPSIzNiIgaGVpZ2h0PSIzNiIgLz48L3NwYW4+PC9zcGFuPjwvdGQ+CiAgPC90cj4KICAKICA8dHI+CiAgICA8dGQgdmFsaWduPSJ0b3AiPjxzcGFuIGNsYXNzPSJzdHlsZTEiPuKWoOalveWkqeODkOODs+OCr+axuua4iDxicj4K5qW95aSp44OQ44Oz44Kv5rG65riI5omL5pWw5paZKOeojui+vCk8YnI+CjHlhobvvZ4yOSw5OTnlhobjgIDjgIA8c3BhbiBjbGFzcz0ic3R5bGUyIj4xNTXlhoY8L3NwYW4+PGJyPgozMCwwMDDlhobvvZ7jgIDjgIDjgIDjgIA8c3BhbiBjbGFzcz0ic3R5bGUyIj4yNTflhoY8L3NwYW4+PGJyPjxicj4KCuKWoOS7o+mHkeW8leaPmyA8YnI+CuS7o+W8leaJi+aVsOaWmeaWme+8muWFqOWbveS4gOW+i+aWmemHke+8miA8c3BhbiBjbGFzcz0ic3R5bGUyIj4zMjTlhoY8L3NwYW4+PGJyPgo8YnI+CuKWoOmKgOihjOaMr+i+vDxicj4K44GU5YWl6YeR56K66KqN5b6M44Gr55m66YCB44GE44Gf44GX44G+44GZ44CCPGJyPgrmjK/ovrzmiYvmlbDmlpnjga/jgYrlrqLmp5josqDmi4XjgafjgYrpoZjjgYToh7TjgZfjgb7jgZnjgII8YnI+Cjxicj4K44CQ5oyv6L685YWI44CRIOalveWkqemKgOihjO+8iOODqeOCr+ODhuODs+OCruODs+OCs+OCpu+8iealveWkqeW4guWgtOaUr+W6l++8iOODqeOCr+ODhuODs+OCpOODgeODkOOCt+ODhuODs++8iSDmma7pgJogMTA0NzA3MCDjg6njgq/jg4bjg7PvvIjvvKHvvLPvvLHvvLXvvKnvvLPvvLPvvKUgCjxicj7igLvjgZPjga7lj6Pluqfjga7mqKnliKnjga/mpb3lpKnmoKrlvI/kvJrnpL7jgYzkv53mnInjgZfjgabjgYTjgb7jgZnjgIIgPGJyPgo8YnI+CjxzcGFuIGNsYXNzPSJzdHlsZTQiPuKAu+ODneOCpOODs+ODiOOCkuOBlOWIqeeUqOOBruWgtOWQiOetieOAgealveWkqeOBi+OCieiHquWLleOBp+mFjeS/oeOBleOCjOOCi+eiuuiqjeODoeODvOODq+OBrumHkemhjeOBqOOBiuaMr+i+vOOBv+aZguOBrumHkemhjeOBjOeVsOOBquOCi+WgtOWQiOOBjOOBlOOBluOBhOOBvuOBmeOAggrjga7jgaHjgbvjganlvZPlupfjgYvjgonjgYrpgIHjgorjgZnjgovjg6Hjg7zjg6vjgavoqJjovInjga7ph5HpoY3jgpLjgYrmjK/ovrzjgb/jgY/jgaDjgZXjgYTjgII8L3NwYW4+PC9zcGFuPjwvdGQ+CiAgPC90cj4KICA8dHI+CiAgICA8dGQgY29sc3Bhbj0iMiI+Jm5ic3A7PC90ZD4KICA8L3RyPgo8L3RhYmxlPg==,44Os44Kz44Or44K944OV44KhIDLkurrmjpvjgZHjgr3jg5XjgqEg44K944OV44Kh44O8IOS6jOS6uuaOm+OBkSDjg5bjg6njgqbjg7Mg6Iy2IOODrOODg+ODiSDotaQg44OB44Kn44OD44KvIOOBiuOBl+OCg+OCjCDjg53jg4Pjg5cg44GL44KP44GE44GEIOODrOODiOODrSDjgqLjg7Pjg4bjgqPjg7zjgq8g44OK44OB44Ol44Op44OrIOOCq+OCuOODpeOCouODqyDjgrfjg7Pjg5fjg6sg5LqM5Lq65pqu44KJ44GXIOS4gOS6uuaaruOCieOBlyDjgqTjg7Pjg4bjg6rjgqIg5a625YW3IOOAkOmAgeaWmeeEoeaWmeOAke+8mmFzcXVpc3Nl,44Os44Kz44Or44K944OV44KhIDLkurrmjpvjgZHjgr3jg5XjgqEg44K944OV44Kh44O8IOS6jOS6uuaOm+OBkSDjg5bjg6njgqbjg7Mg6Iy2IOODrOODg+ODiSDotaQg44OB44Kn44OD44KvIOOBiuOBl+OCg+OCjCDjg53jg4Pjg5cg44GL44KP44GE44GEIOODrOODiOODrSDjgqLjg7Pjg4bjgqPjg7zjgq8g44OK44OB44Ol44Op44OrIOOCq+OCuOODpeOCouODqyDjgrfjg7Pjg5fjg6sg5LqM5Lq65pqu44KJ44GXIOS4gOS6uuaaruOCieOBlyDjgqTjg7Pjg4bjg6rjgqIg5a625YW3IOOAkOmAgeaWmeeEoeaWmeOAkQ==,44OB44Kn44OD44Kv44Gu44OV44Kh44OW44Oq44OD44Kv44Go44Oc44K/44Oz44GM44GL44KP44GE44KJ44GX44GEMuS6uuaOm+OBkeOCveODleOCoeOAguODrOOCs+ODq+OCveODleOCoSAy5Lq65o6b44GR44K944OV44KhIOOCveODleOCoeODvCDkuozkurrmjpvjgZEg44OW44Op44Km44OzIOiMtiDjg6zjg4Pjg4kg6LWkIOODgeOCp+ODg+OCryDjgYrjgZfjgoPjgowg44Od44OD44OXIOOBi+OCj+OBhOOBhCDjg6zjg4jjg60g44Ki44Oz44OG44Kj44O844KvIOODiuODgeODpeODqeODqyDjgqvjgrjjg6XjgqLjg6sg44K344Oz44OX44OrIOS6jOS6uuaaruOCieOBlyDkuIDkurrmmq7jgonjgZcg44Kk44Oz44OG44Oq44KiIOWutuWFtyDjgJDpgIHmlpnnhKHmlpnjgJE=[rn]
37-51642,aHR0cDovL3RzaG9wLnIxMHMuanAvZ29sZC9hc3F1aXNzZS9henVtYXlhL2hzMTMzLzBoczEzMy5qcGc/Zml0aW49NzAwOjcwMA==,MzgxMDIuNDAwMA==,,44Kk44Oz44OG44Oq44Ki44O75a+d5YW344O75Y+O57SNID4g44K944OV44Kh44O744K944OV44Kh44OZ44OD44OJID4gMuS6uuaOm+OBkeOCveODleOCoSA+IOW4g+WcsA==,44K844OW44Op44O844OO44K944OV44KhIDLkurrmjpvjgZHjgr3jg5XjgqEg44K944OV44Kh44O8IOS6jOS6uuaOm+OBkSDjg5bjg6njgqbjg7Mg6Iy2IOODmeODvOOCuOODpSDjgYrjgZfjgoPjgowg44Oi44OA44OzIOODn+ODg+ODieOCu+ODs+ODgeODpeODquODvCDljJfmrKcg44Os44OI44OtIOOCouODs+ODhuOCo+ODvOOCryDjg4rjg4Hjg6Xjg6njg6sg44Kr44K444Ol44Ki44OrIOOCt+ODs+ODl+ODqyDkuozkurrmmq7jgonjgZcg5LiA5Lq65pqu44KJ44GXIOOCpOODs+ODhuODquOCoiDlrrblhbcg44CQ6YCB5paZ54Sh5paZ44CR,5YG06Z2i44Gu44Km44OD44OJ44GM44Ki44Kv44K744Oz44OI44Gu44GK44GX44KD44KM44GqMuS6uuaOm+OBkeOCveODleOCoQ==,PGltZyBzcmM9Imh0dHA6Ly93d3cucmFrdXRlbi5uZS5qcC9nb2xkL2FzcXVpc3NlL2F6dW1heWEvaHMxMzMvMGhzMTMzLmpwZyIvPgo8cD4K44CA5YG06Z2i44Gu44Km44OD44OJ44GM44Ki44Kv44K744Oz44OI44Gu44GK44GX44KD44KM44GqMuS6uuaOm+OBkeOCveODleOCoTxicj48YnI+CuOAgOOCueODgeODvOODq+OBruiEmuOCgue0sOi6q+OBp+OCueOCv+OCpOODquODg+OCt+ODpeOBqumbsOWbsuawl+OBp+OBmTxicj48YnI+CuOAgOODouODgOODs+OCpOODs+ODhuODquOCouOChOODn+ODg+ODieOCu+ODs+ODgeODpeODquODvOOBquOBqeOBruOBiumDqOWxi+OBq+OBiuOBmeOBmeOCgeOBp+OBmTwvcD4KPGltZyBzcmM9Imh0dHA6Ly93d3cucmFrdXRlbi5uZS5qcC9nb2xkL2FzcXVpc3NlL2F6dW1heWEvaHMxMzMvMWhzMTMzLmpwZyIvPgo8cD7jgIDohJrjgYzjgaTjgYTjgabjgYTjgovjgZPjgajjgafph43oi6bjgZfjgY/jgarjgonjgZrjgIHjg5Djg6njg7Pjgrnjga7jgajjgozjgZ/lj5bjgorlhaXjgozjgoTjgZnjgYTjg4fjgrbjgqTjg7PjgafjgZk8L3A+CjxpbWcgc3JjPSJodHRwOi8vd3d3LnJha3V0ZW4ubmUuanAvZ29sZC9hc3F1aXNzZS9henVtYXlhL2hzMTMzLzJoczEzMy5qcGciLz4KPGJyPjxicj4KPGltZyBzcmM9Imh0dHA6Ly9pbWFnZS5yYWt1dGVuLmNvLmpwL2FzcXVpc3NlL2NhYmluZXQvMDMwNjA4NzMvMDMwOTMyNzEvaW1nNjAzMDMwNDEuanBnIi8+Cjxicj48YnI+CgoKPHN0eWxlIHR5cGU9InRleHQvY3NzIj4KPCEtLQouc3R5bGUzIHtjb2xvcjogIzMzMzMzMzsgZm9udC1zaXplOiAxMnB4OyB9Ci0tPgo8L3N0eWxlPgoKPHRhYmxlIHdpZHRoPSI2MDAiIGhlaWdodD0iNDAwIiBib3JkZXI9IjEiIGNlbGxzcGFjaW5nPSIwIiBib3JkZXJjb2xvcj0iI0UxRTFFMSI+Cjx0cj4KICAgIDx0ZCB3aWR0aD0iMTA0IiBiZ2NvbG9yPSIjRjNGM0YzIj48c3BhbiBjbGFzcz0ic3R5bGUzIj7jgIAK54m55b60PC9zcGFuPjwvdGQ+CiAgICA8dGQgd2lkdGg9IjQ4NiI+PHNwYW4gY2xhc3M9InN0eWxlMyI+CuOAgOWBtOmdouOBruOCpuODg+ODieOBjOOCouOCr+OCu+ODs+ODiOOBruOBiuOBl+OCg+OCjOOBqjLkurrmjpvjgZHjgr3jg5XjgqE8YnI+CuOAgOOCueODgeODvOODq+OBruiEmuOCgue0sOi6q+OBp+OCueOCv+OCpOODquODg+OCt+ODpeOBqumbsOWbsuawl+OBp+OBmTxicj4K44CA6ISa44GM44Gk44GE44Gm44GE44KL44GT44Go44Gn6YeN6Ium44GX44GP44Gq44KJ44Ga44CB44OQ44Op44Oz44K544Gu44Go44KM44Gf5Y+W44KK5YWl44KM44KE44GZ44GE44OH44K244Kk44Oz44Gn44GZPGJyPgrjgIDjg6Ljg4Djg7PjgqTjg7Pjg4bjg6rjgqLjgoTjg5/jg4Pjg4njgrvjg7Pjg4Hjg6Xjg6rjg7zjgarjganjga7jgYrpg6jlsYvjgavjgYrjgZnjgZnjgoHjgafjgZk8L3NwYW4+PC90ZD4KICA8L3RyPgo8dHI+CiAgICA8dGQgd2lkdGg9IjEwNCIgYmdjb2xvcj0iI0YzRjNGMyI+PHNwYW4gY2xhc3M9InN0eWxlMyI+44CACuOCteOCpOOCujwvc3Bhbj48L3RkPgogICAgPHRkIHdpZHRoPSI0ODYiPjxzcGFuIGNsYXNzPSJzdHlsZTMiPgrjgIBXMTQwMMOXRDgwMMOXSDcyMChTSDM2MCkgbW08L3NwYW4+PC90ZD4KICA8L3RyPgo8dHI+CiAgICA8dGQgYmdjb2xvcj0iI0YzRjNGMyI+PHNwYW4gY2xhc3M9InN0eWxlMyI+44CA5p2Q6LOqPC9zcGFuPjwvdGQ+CiAgICA8dGQ+PHNwYW4gY2xhc3M9InN0eWxlMyI+44CA5pyo44OV44Os44O844Og44CA44Od44Kx44OD44OI44Kz44Kk44Or44CA44Od44Oq44Ko44K544OG44Or44CA44Kz44OD44OI44Oz44CA5aSp54S25pyo5YyW57Kn57mK57at5p2/KOOCvOODluODqeOCpuODg+ODiSnjgIDjgrnjg4Hjg7zjg6so44Kv44Ot44Og44Oh44OD44KtKTwvc3Bhbj48L3RkPgogIDwvdHI+Cjx0cj4KICAgIDx0ZCBiZ2NvbG9yPSIjRjNGM0YzIj48c3BhbiBjbGFzcz0ic3R5bGUzIj7jgIDlgpnogIM8L3NwYW4+PC90ZD4KICAgIDx0ZD48c3BhbiBjbGFzcz0ic3R5bGUzIj4K44CA546E6Zai5rih44GX5ZWG5ZOBKOWuhemFjeS+v+OBp+OBruOBiuWxiuOBkSk8L3NwYW4+PC90ZD4KICA8L3RyPgogICAgICA8dHI+CiAgICA8dGQgYmdjb2xvcj0iI0YzRjNGMyI+PHNwYW4gY2xhc3M9InN0eWxlMyI+44CA57SN5pyfPC9zcGFuPjwvdGQ+CiAgICA8dGQ+PHNwYW4gY2xhc3M9InN0eWxlMyI+44CA44GK5Y+W44KK5a+E44Gb5ZWG5ZOB44Gr44Gq44KK44G+44GZ44CC6YCa5bi4N+aXpeOBi+OCiTEw5pel56iL5bqmPC9zcGFuPjwvdGQ+CiAgPC90cj4KCgoKCgogPC90YWJsZT4KCgo8c3R5bGUgdHlwZT0idGV4dC9jc3MiPgovKuOBiuawl+OBq+WFpeOCiuWVhuWTgeODnOOCv+ODs+OBruOCv+OCsOOBk+OBk+OBi+OCiSovCmRpdi5ib29rbWFya0FyZWEgZGl2LmJrbSB7CndpZHRoOiAzMThweCAhaW1wb3J0YW50OyAgLyoxLuOBk+OBk+OBq+eUu+WDj+OBruaoquW5heOCkuaMh+WumiovCmhlaWdodDogODNweCAhaW1wb3J0YW50OyAgLyoxLuOBk+OBk+OBq+eUu+WDj+OBrumrmOOBleOCkuaMh+WumiovCn0KZGl2LmJvb2ttYXJrQXJlYSBkaXYuYmttIGEuYWRkQmttIHNwYW4uYmttU3RhciB7CmRpc3BsYXk6IGlubGluZS1ibG9jayAhaW1wb3J0YW50OwoKd2lkdGg6IDMxOHB4ICFpbXBvcnRhbnQ7ICAgLyoxLuOBk+OBk+OBq+eUu+WDj+OBruaoquW5heOCkuaMh+WumiovCmhlaWdodDogODNweCAhaW1wb3J0YW50OyAgIC8qMS7jgZPjgZPjgavnlLvlg4/jga7pq5jjgZXjgpLmjIflrpoqLwoKCm1hcmdpbi1yaWdodDogMHB4ICFpbXBvcnRhbnQ7CmJhY2tncm91bmQ6CnVybChodHRwOi8vaW1hZ2UucmFrdXRlbi5jby5qcC9hc3F1aXNzZS9jYWJpbmV0L2ltZ3JjMDA2NDcxOTYxMS5qcGcpIG5vLXJlcGVhdCAwIDAgIWltcG9ydGFudDvjgIAKCQkJICAgLyrihpHihpEyLuOBk+OBk+OBq+OBiuWlveOBv+OBruOBiuawl+OBq+WFpeOCiueUu+WDj+OCkuOCs+ODlOODmuKGkeKGkQoqLwoKY3Vyc29yOiBwb2ludGVyICFpbXBvcnRhbnQ7Cn0KCmRpdi5ib29rbWFya0FyZWEgZGl2LmJrbSB7CndpZHRoOiAzMThweCAhaW1wb3J0YW50OyAgLyoxLuOBk+OBk+OBq+eUu+WDj+OBruaoquW5heOCkuaMh+WumiovCmhlaWdodDogODNweCAhaW1wb3J0YW50OyAgLyoxLuOBk+OBk+OBq+eUu+WDj+OBrumrmOOBleOCkuaMh+WumiovCn0KZGl2LmJvb2ttYXJrQXJlYSBkaXYuYmttIGEuYWRkQmttIHNwYW4uYmttU3RhciB7CmRpc3BsYXk6IGlubGluZS1ibG9jayAhaW1wb3J0YW50OwoKd2lkdGg6IDMxOHB4ICFpbXBvcnRhbnQ7ICAgLyoxLuOBk+OBk+OBq+eUu+WDj+OBruaoquW5heOCkuaMh+WumiovCmhlaWdodDogODNweCAhaW1wb3J0YW50OyAgIC8qMS7jgZPjgZPjgavnlLvlg4/jga7pq5jjgZXjgpLmjIflrpoqLwoKCm1hcmdpbi1yaWdodDogMHB4ICFpbXBvcnRhbnQ7CmJhY2tncm91bmQ6CnVybChodHRwOi8vaW1hZ2UucmFrdXRlbi5jby5qcC9hc3F1aXNzZS9jYWJpbmV0L2ltZ3JjMDA2NDcxOTYxMS5qcGcpIG5vLXJlcGVhdCAwIDAgIWltcG9ydGFudDvjgIAvKuOBk+OBk+OBq+OBiuWlveOBv+OBruOBiuawl+OBq+WFpeOCiueUu+WDj+OCkuOCs+ODlOODmiovCgkJCSAgIC8q4oaR4oaRMi7jgZPjgZPjgavjgYrlpb3jgb/jga7jgYrmsJfjgavlhaXjgornlLvlg4/jgpLjgrPjg5Tjg5rihpHihpEKKi8KCmN1cnNvcjogcG9pbnRlciAhaW1wb3J0YW50Owp9CgoKCi8q44GK5rCX44Gr5YWl44KK5ZWG5ZOB44Oc44K/44Oz44K/44Kw44GT44GT44G+44GnKi8KLyrjgYrosrfjgYTnianjgYvjgZTjgr/jgrDjgZPjgZPjgYvjgokqLwoKaW5wdXRbdmFsdWU9Iuiyt+OBhOeJqeOBi+OBlOOBq+WFpeOCjOOCiyJdewoKCWZvbnQtc2l6ZToxNnB4OwoJZm9udC1mYW1pbHk6QXJpYWw7Cglmb250LXdlaWdodDpub3JtYWw7CgktbW96LWJvcmRlci1yYWRpdXM6OHB4OwoJLXdlYmtpdC1ib3JkZXItcmFkaXVzOjhweDsKCWJvcmRlci1yYWRpdXM6OHB4OwoJYm9yZGVyOjFweCBzb2xpZCAjZDgzNTI2OwoJcGFkZGluZzo5cHggMThweDsKCXRleHQtZGVjb3JhdGlvbjpub25lOwoKCWJhY2tncm91bmQ6LW1vei1saW5lYXItZ3JhZGllbnQoIGNlbnRlciB0b3AsICNmZTFhMDAgNSUsICNjZTAxMDAgMTAwJSApOwoJYmFja2dyb3VuZDotbXMtbGluZWFyLWdyYWRpZW50KCB0b3AsICNmZTFhMDAgNSUsICNjZTAxMDAgMTAwJSApOwogICAgICAgCWJhY2tncm91bmQ6LXdlYmtpdC1ncmFkaWVudCggbGluZWFyLCBsZWZ0IHRvcCwgbGVmdCBib3R0b20sIGNvbG9yLXN0b3AoNSUsICNmZTFhMDApLCBjb2xvci1zdG9wKDEwMCUsICNjZTAxMDApICk7CgoJY3Vyc29yOiBwb2ludGVyICFpbXBvcnRhbnQ7CgoJYmFja2dyb3VuZC1jb2xvcjojZmUxYTAwOwoJY29sb3I6I2ZmZmZmZjsKCWRpc3BsYXk6aW5saW5lLWJsb2NrOwoJdGV4dC1zaGFkb3c6MXB4IDFweCAwcHggI2IyM2UzNTsKIAlib3gtc2hhZG93Omluc2V0IDFweCAxcHggMHB4IDBweCAjZjI5YzkzOyB9CgovKuOBiuiyt+OBhOeJqeOBi+OBlOOCv+OCsOOBk+OBk+OBvuOBpyovCgo8IS0tCi5zdHlsZTEge2ZvbnQtc2l6ZTogMTBweH0KLnN0eWxlMiB7Y29sb3I6ICNGRjAwMDB9Ci5zdHlsZTQge2NvbG9yOiAjMDAwMEZGfQotLT4KPC9zdHlsZT4KPGltZyBzcmM9Imh0dHA6Ly9pbWFnZS5yYWt1dGVuLmNvLmpwL2FzcXVpc3NlL2NhYmluZXQvaW1nNTg5MTEwODMuanBnIi8+Cjx0YWJsZSB3aWR0aD0iNjExIiBib3JkZXI9IjAiPgoKICA8dHI+CiAgICA8dGQgd2lkdGg9IjI5NCIgcm93c3Bhbj0iMiI+PHAgY2xhc3M9InN0eWxlMSI+4pag5Za25qWt5pmC6ZaT5bivPGJyPgoJ44ON44OD44OI44Gn44Gu44GU5rOo5paH44Gv44CBPHNwYW4gY2xhc3M9InN0eWxlMiI+MjTmmYLplpM8L3NwYW4+5Y+X44GR5LuY44GR44Gm44GK44KK44G+44GZ44CCPGJyPjxicj4KCuOBiumbu+ipseOBp+OBruOBiuWVj+WQiOOBm+OBr+S4i+iomOOBruaZgumWk+W4r+OBq+OBiumhmOOBhOOBl+OBvuOBmeOAggo8YnI+CgoKPHNwYW4gY2xhc3M9InN0eWxlMiI+MTE6MDDvvZ4yMDowMDwvc3Bhbj4g44CAIDxzcGFuIGNsYXNzPSJzdHlsZTIiPuKAu+eBq+abnOaXpeOBr+OBiuS8keOBvzwvc3Bhbj7jgpLjgYTjgZ/jgaDjgYTjgabjgYrjgorjgb7jgZnjgII8YnI+Cjxicj4KCuKWoOmAgeaWmTxicj4K5YWo5Zu95LiA5b6L5paZ6YeR77yaPHNwYW4gY2xhc3M9InN0eWxlMiI+NTgw5YaGPC9zcGFuPjxicj4KKOWMl+a1t+mBk+OAgeaylue4hOOAgembouWztuODu+S4gOmDqOWcsOWfn+OBr+i/veWKoOmAgeaWmeeZuueUn+OBl+OBvuOBmeOAgik8YnI+Cjxicj4K4pag5a6F6YWN5L6/PGJyPgrjg6Tjg57jg4jpgYvovLjjgIDopb/mv4PpgYvovLjjgIDkvZDlt53mgKXkvr/jgIDjgobjgYbjg5Hjg4Pjgq88YnI+Cjxicj4K4pag5ZWG5ZOB55m66YCB44Gu44K/44Kk44Of44Oz44KwPGJyPgrnibnjgavjgZTmjIflrprjgYzjgarjgYTloLTlkIjjgIE8YnI+CualveWkqeODkOODs+OCr+axuua4iOOAgemKgOihjOaMr+i+vOKHkuOBlOWFpemHkeeiuuiqjeW+jOOAgTxzcGFuIGNsYXNzPSJzdHlsZTIiPjfllrbmpa3ml6Xku6XlhoU8L3NwYW4+44Gr55m66YCB6Ie044GX44G+44GZ44CCPGJyPgrjgq/jg6zjgrjjg4Pjg4jjgIHku6Pph5HlvJXmj5vjgIDih5LjgZTms6jmlofnorroqo3lvozjgIE8c3BhbiBjbGFzcz0ic3R5bGUyIj435Za25qWt5pel5Lul5YaFPC9zcGFuPuOBq+eZuumAgeiHtOOBl+OBvuOBmeOAgiAKPGJyPgo8YnI+CuKWoOi/lOWTgeODu+S6pOaPm+OBq+OBpOOBhOOBpjxicj4K5ZWG5ZOB44Gu44Kr44Op44O844Gr6Zai44GX44G+44GX44Gm44Gv6Zay6Kan55Kw5aKD44Gr44KI44Gj44Gm6Iul5bmy6YGV44Gj44Gm6KaL44GI44KL5aC05ZCI44GM44GU44GW44GE44G+44GZ5LqI44KB44GU5LqG5om/5LiL44GV44GE44CCPGJyPgrjg6Hjg7zjgqvjg7zjgYzliJ3mnJ/kuI3oia/jgajoqo3lrprjgZfjgabjgYTjgarjgYTllYblk4HjgIHjgIzjgqTjg6Hjg7zjgrjjgajpgZXjgYbjgI3nrYnjga7ov5Tlk4Hjg7vkuqTmj5vjga/jgYrlj5fjgZHjgafjgY3jgb7jgZvjgpPjga7jgafjgZTkuobmib/jgY/jgaDjgZXjgYTjgII8YnI+CuS6i+WJjeOBruOBlOmAo+e1oeOBruOBquOBhOi/lOWTgeOBq+mWouOBl+OBvuOBl+OBpuOBr+OBiuWPl+OBkeOBp+OBjeOBvuOBm+OCkzxicj4K77yI552A5omV44GE562J44Gn44Gu6L+U5ZOB77yJ44GU5LqG5om/44GP44Gg44GV44GE44CCPGJyPgo8YnI+CuKWoOS4jeiJr+WTgeOBq+OBpOOBhOOBpjxicj4K5ZWG5ZOB44GM56C05pCN44O75rGa5pCN44GX44Gm44GE44Gf5aC05ZCI44Gv6YWN6YGU5b6M5LiA6YCx6ZaT5Lul5YaF44Gr44Oh44O844Or44GL6Zu76Kmx44Gn44GU6YCj57Wh44GP44Gg44GV44GE44CCCuOBmeOBkOOBq+S6pOaPm+OBruWTgeOBvuOBn+OBr+i/lOWTgeOCkuaJv+OCiuOBvuOBmeOAgjxicj4K4oC744GT44Gu5aC05ZCI44Gv6YCB5paZ44CB5omL5pWw5paZ44Gv5b2T5bqX44GM6LKg5ouF44GE44Gf44GX44G+44GZ44CCCiAgPC90ZD4KICAgIDx0ZCB3aWR0aD0iMzA3IiBoZWlnaHQ9IjYyIiB2YWxpZ249InRvcCI+PHNwYW4gY2xhc3M9InN0eWxlMSI+4pag44GK5pSv5omV44GE5pa55rOV44Gr44Gk44GE44GmPGJyPgogICAg44GK5pSv5omV44GE44Gv5qW95aSp44OQ44Oz44Kv44CB6YqA6KGM5oyv44KK6L6844G/44CB5Luj6YeR5byV5o+b44CB44Kv44Os44K444OD44OI44GM44GU5Yip55So44GE44Gf44Gg44GR44G+44GZ44CCPGJyIC8+CiAgICA8YnI+CiAgICA8c3BhbiBjbGFzcz0ic3R5bGU0Ij7igLvjgq/jg6zjgrjjg4Pjg4jjgqvjg7zjg4njga7jgrvjgq3jg6Xjg6rjg4bjgqPjga9TU0zjgajjgYTjgYbjgrfjgrnjg4bjg6DjgpLliKnnlKjjgZfjgabjgYrjgorjgb7jgZnjgIIg44Kr44O844OJ55Wq5Y+344Gv5pqX5Y+35YyW44GV44KM44Gm5a6J5YWo44Gr6YCB5L+h44GV44KM44G+44GZ44Gu44Gn44CB44Gp44GG44Ge44GU5a6J5b+D44GP44Gg44GV44GE44CCPGJyIC8+CiAgICA8aW1nIHNyYz0iaHR0cDovL2ltYWdlLnJha3V0ZW4uY28uanAvX3N1cHBvcnQtb3MvY2FiaW5ldC92aXNhLmdpZiIgLz4gPGltZyBzcmM9Imh0dHA6Ly9pbWFnZS5yYWt1dGVuLmNvLmpwL19zdXBwb3J0LW9zL2NhYmluZXQvbWFzdGVyY2FyZC5naWYiIC8+IDxpbWcgc3JjPSJodHRwOi8vaW1hZ2UucmFrdXRlbi5jby5qcC9fc3VwcG9ydC1vcy9jYWJpbmV0L2pjYi5naWYiIC8+IDxpbWcgc3JjPSJodHRwOi8vaW1hZ2UucmFrdXRlbi5jby5qcC9fc3VwcG9ydC1vcy9jYWJpbmV0L2RpbmVycy5naWYiIC8+IDxpbWcgc3JjPSJodHRwOi8vaW1hZ2UucmFrdXRlbi5jby5qcC9fc3VwcG9ydC1vcy9jYWJpbmV0L2FtZXguZ2lmIiAvPiA8aW1nIHNyYz0iaHR0cDovL2ltYWdlLnJha3V0ZW4uY28uanAvX3N1cHBvcnQtb3MvY2FiaW5ldC9naW5rb3UuZ2lmIiB3aWR0aD0iMzYiIGhlaWdodD0iMzYiIC8+IDxpbWcgc3JjPSJodHRwOi8vaW1hZ2UucmFrdXRlbi5jby5qcC9fc3VwcG9ydC1vcy9jYWJpbmV0L2RhaWJpa2kuZ2lmIiB3aWR0aD0iMzYiIGhlaWdodD0iMzYiIC8+PC9zcGFuPjwvc3Bhbj48L3RkPgogIDwvdHI+CiAgCiAgPHRyPgogICAgPHRkIHZhbGlnbj0idG9wIj48c3BhbiBjbGFzcz0ic3R5bGUxIj7ilqDmpb3lpKnjg5Djg7Pjgq/msbrmuIg8YnI+CualveWkqeODkOODs+OCr+axuua4iOaJi+aVsOaWmSjnqI7ovrwpPGJyPgox5YaG772eMjksOTk55YaG44CA44CAPHNwYW4gY2xhc3M9InN0eWxlMiI+MTU15YaGPC9zcGFuPjxicj4KMzAsMDAw5YaG772e44CA44CA44CA44CAPHNwYW4gY2xhc3M9InN0eWxlMiI+MjU35YaGPC9zcGFuPjxicj48YnI+CgrilqDku6Pph5HlvJXmj5sgPGJyPgrku6PlvJXmiYvmlbDmlpnmlpnvvJrlhajlm73kuIDlvovmlpnph5HvvJogPHNwYW4gY2xhc3M9InN0eWxlMiI+MzI05YaGPC9zcGFuPjxicj4KPGJyPgrilqDpioDooYzmjK/ovrw8YnI+CuOBlOWFpemHkeeiuuiqjeW+jOOBq+eZuumAgeOBhOOBn+OBl+OBvuOBmeOAgjxicj4K5oyv6L685omL5pWw5paZ44Gv44GK5a6i5qeY6LKg5ouF44Gn44GK6aGY44GE6Ie044GX44G+44GZ44CCPGJyPgo8YnI+CuOAkOaMr+i+vOWFiOOAkSDmpb3lpKnpioDooYzvvIjjg6njgq/jg4bjg7Pjgq7jg7PjgrPjgqbvvInmpb3lpKnluILloLTmlK/lupfvvIjjg6njgq/jg4bjg7PjgqTjg4Hjg5Djgrfjg4bjg7PvvIkg5pmu6YCaIDEwNDcwNzAg44Op44Kv44OG44Oz77yI77yh77yz77yx77y177yp77yz77yz77ylIAo8YnI+4oC744GT44Gu5Y+j5bqn44Gu5qip5Yip44Gv5qW95aSp5qCq5byP5Lya56S+44GM5L+d5pyJ44GX44Gm44GE44G+44GZ44CCIDxicj4KPGJyPgo8c3BhbiBjbGFzcz0ic3R5bGU0Ij7igLvjg53jgqTjg7Pjg4jjgpLjgZTliKnnlKjjga7loLTlkIjnrYnjgIHmpb3lpKnjgYvjgonoh6rli5XjgafphY3kv6HjgZXjgozjgovnorroqo3jg6Hjg7zjg6vjga7ph5HpoY3jgajjgYrmjK/ovrzjgb/mmYLjga7ph5HpoY3jgYznlbDjgarjgovloLTlkIjjgYzjgZTjgZbjgYTjgb7jgZnjgIIK44Gu44Gh44G744Gp5b2T5bqX44GL44KJ44GK6YCB44KK44GZ44KL44Oh44O844Or44Gr6KiY6LyJ44Gu6YeR6aGN44KS44GK5oyv6L6844G/44GP44Gg44GV44GE44CCPC9zcGFuPjwvc3Bhbj48L3RkPgogIDwvdHI+CiAgPHRyPgogICAgPHRkIGNvbHNwYW49IjIiPiZuYnNwOzwvdGQ+CiAgPC90cj4KPC90YWJsZT4=,44K844OW44Op44O844OO44K944OV44KhIDLkurrmjpvjgZHjgr3jg5XjgqEg44K944OV44Kh44O8IOS6jOS6uuaOm+OBkSDjg5bjg6njgqbjg7Mg6Iy2IOODmeODvOOCuOODpSDjgYrjgZfjgoPjgowg44Oi44OA44OzIOODn+ODg+ODieOCu+ODs+ODgeODpeODquODvCDljJfmrKcg44Os44OI44OtIOOCouODs+ODhuOCo+ODvOOCryDjg4rjg4Hjg6Xjg6njg6sg44Kr44K444Ol44Ki44OrIOOCt+ODs+ODl+ODqyDkuozkurrmmq7jgonjgZcg5LiA5Lq65pqu44KJ44GXIOOCpOODs+ODhuODquOCoiDlrrblhbcg44CQ6YCB5paZ54Sh5paZ44CR77yaYXNxdWlzc2U=,44K844OW44Op44O844OO44K944OV44KhIDLkurrmjpvjgZHjgr3jg5XjgqEg44K944OV44Kh44O8IOS6jOS6uuaOm+OBkSDjg5bjg6njgqbjg7Mg6Iy2IOODmeODvOOCuOODpSDjgYrjgZfjgoPjgowg44Oi44OA44OzIOODn+ODg+ODieOCu+ODs+ODgeODpeODquODvCDljJfmrKcg44Os44OI44OtIOOCouODs+ODhuOCo+ODvOOCryDjg4rjg4Hjg6Xjg6njg6sg44Kr44K444Ol44Ki44OrIOOCt+ODs+ODl+ODqyDkuozkurrmmq7jgonjgZcg5LiA5Lq65pqu44KJ44GXIOOCpOODs+ODhuODquOCoiDlrrblhbcg44CQ6YCB5paZ54Sh5paZ44CR,5YG06Z2i44Gu44Km44OD44OJ44GM44Ki44Kv44K744Oz44OI44Gu44GK44GX44KD44KM44GqMuS6uuaOm+OBkeOCveODleOCoeOAguOCvOODluODqeODvOODjuOCveODleOCoSAy5Lq65o6b44GR44K944OV44KhIOOCveODleOCoeODvCDkuozkurrmjpvjgZEg44OW44Op44Km44OzIOiMtiDjg5njg7zjgrjjg6Ug44GK44GX44KD44KMIOODouODgOODsyDjg5/jg4Pjg4njgrvjg7Pjg4Hjg6Xjg6rjg7wg5YyX5qynIOODrOODiOODrSDjgqLjg7Pjg4bjgqPjg7zjgq8g44OK44OB44Ol44Op44OrIOOCq+OCuOODpeOCouODqyDjgrfjg7Pjg5fjg6sg5LqM5Lq65pqu44KJ44GXIOS4gOS6uuaaruOCieOBlyDjgqTjg7Pjg4bjg6rjgqIg5a625YW3IOOAkOmAgeaWmeeEoeaWmeOAkQ==[rn]
37-51643,aHR0cDovL3RzaG9wLnIxMHMuanAvcmNtZGluL2NhYmluZXQvYXYwNi9hdi00NTczNDU4MTU1NTYyLmpwZz9maXRpbj03MDA6NzAw,MjI5OTkuMjAwMA==,,44Kk44Oz44OG44Oq44Ki44O75a+d5YW344O75Y+O57SNID4g44K944OV44Kh44O744K944OV44Kh44OZ44OD44OJID4gMuS6uuaOm+OBkeOCveODleOCoSA+IOWQiOaIkOearumdqQ==,5aSn5bed5a625YW3IOOCs+ODs+ODkeOCr+ODiDLkurrmjpvjgZHjgr3jg5XjgqHjg7wg44OU44Oz44KvIFNLVC0wMTg5KOS7o+W8leS4jeWPrynjgJDpgIHmlpnnhKHmlpnjgJHjgJBzbXRiLWbjgJE=,,PGNlbnRlcj48ZGl2PjxpbWcgc3JjPSJodHRwOi8vaW1hZ2UucmFrdXRlbi5jby5qcC9yY21kL2NhYmluZXQvYXYwNi80NTczNDU4MTU1NTYyLmpwZyIgd2lkdGg9IjY4NSI+PC9kaXY+PGJyPjxkaXY+PGltZyBzcmM9Imh0dHA6Ly9pbWFnZS5yYWt1dGVuLmNvLmpwL3JjbWQvY2FiaW5ldC9hdjA2LzQ1NzM0NTgxNTU1NjJfMS5qcGciIHdpZHRoPSI2ODUiPjwvZGl2Pjxicj48ZGl2PjxpbWcgc3JjPSJodHRwOi8vaW1hZ2UucmFrdXRlbi5jby5qcC9yY21kL2NhYmluZXQvYXYwNi80NTczNDU4MTU1NTYyXzIuanBnIiB3aWR0aD0iNjg1Ij48L2Rpdj48L2NlbnRlcj7jgrXjgqTjgro65bmFMTI2IHgg5aWl6KGMNjcgeCDpq5jjgZU2My41KOW6p+mdoumrmDM1KWNtPGJyPuacrOS9k+mHjemHjzoxNi41S2c8YnI+55Sf55Sj5Zu9OuS4reWbvTxicj7mnZDos6rjg7vlvLXjgorlnLA644CA5ZCI5oiQ55qu6Z2pPGJyPuadkOizquODu+acrOS9kzrmnKjmnqDjgIFT44OQ44ON44CB44Km44Os44K/44Oz44OV44Kp44O844OgPGJyPuW6p+mdouOCteOCpOOCujrluYUxMDAgeCDlpaXooYw0OWNtKOiDjOmrmOOBlee0hDM4Y20pPGJyPuiEmumrmOOBlToxMGNtPGJyPuS7leanmDrohJrjga7jgb/lj5bku5jlvI88YnI+44Oh44K/44Or44Gu6ISa5LuY44Gn44Kz44Oz44OR44Kv44OI44Gq44OH44K244Kk44Oz44K944OV44Kh44CCPGJyPuOBiuWlveOBv+OBq+WQiOOCj+OBm+OBpjfoibLjgYvjgonpgbjjgbnjgb7jgZnjgII8YnI+44OR44O844K944OK44Or44Om44O844K544Gn44KC44Oq44OT44Oz44Kw44Gu44Od44Kk44Oz44OI44Gr44KC5L2/44GE44KE44GZ44GE44K944OV44Kh44CCPGJyPuS7leanmDrohJrjga7jgb/lj5bjgorku5jjgZHlvI88YnI+PGJyPuOAkOWkp+Wei+WutuWFt+mFjemAgeOBq+mWouOBmeOCi+azqOaEj+S6i+mgheOAkTxicj7jgZPjga7llYblk4Hjga/pgJrluLjphY3pgIHjgajpgZXjgYTjgIHlpKflnovlrrblhbfphY3pgIHjga7mibHjgYTjgajjgarjgorjgb7jgZnjgII8YnI+MeOAgeWMl+a1t+mBk+ODu+aylue4hOecjOODu+mdkuajruecjOODu+WyqeaJi+ecjOODu+WuruWfjuecjOODu+eni+eUsOecjOODu+WxseW9ouecjOODu+emj+WztuecjOODu+OAgOOAgOOBneOBruS7lumbouWztuOBuOOBrumFjemAgeOBr+WIpemAlOimi+epjeOBqOOBquOCiuOBvuOBmeOAgjxicj7jgIDjgIDjgb7jgZ/kuIDpg6jlnLDln5/jga/phY3pgIHkuI3lj6/jga7loLTlkIjjgYLjgorjgb7jgZnjgII8YnI+44CA44CAKOOCteOCpOODiOWGheiomOi8ieOBrumBi+izg+ihqOOBqOeVsOOBquOCiuOBvuOBmeOBruOBp+OBlOazqOaEj+OBj+OBoOOBleOBhCk8YnI+MuOAgeOBiuWxiuOBkeaXpeOBruaMh+WumuOBr+OBlOW4jOacm+OBq+a3u+OBiOOBquOBhOWgtOWQiOOBjOOBguOCi+OBk+OBqOOCkuS6iOOCgeOBlOS6huaJv+OBj+OBoOOBleOBhOOAgjxicj7jgIDjgIDjgZTms6jmlofnorroqo3jga7jg6Hjg7zjg6vjgafjgYrlsYrjgZHkuojlrprml6XjgpLjgZTmoYjlhoXjgYTjgZ/jgZfjgb7jgZnjgII8YnI+44CA44CA44G+44Gf6YWN6YGU5pmC6ZaT44Gu5oyH5a6a44Gv44Gn44GN44G+44Gb44KT44CCPGJyPuOAgOOAgOOBiuWxiuOBkeS6iOWumuOBruebruWuiTrjgZTms6jmlofjgYvjgonntIQxMOaXpeOBi+OCiee0hDE15pel5b6M44Gu44GK5bGK44GRPGJyPuOAgOOAgCjml6Xmm5zjg7vnpZ3ml6Xjga/phY3pgZTjgafjgY3jgarjgYTloLTlkIjjgYzjgYLjgorjgb7jgZkpPGJyPjPjgIHphY3pgZTjga/jgYrlrqLmp5jnjoTplqLmuKHjgZfjgafjgZnjgILnjoTplqLjgYvjgonlrrbjga7kuK3jgarjganjgbjjga7mkKzlhaXjga/jgYTjgZ/jgZfjgb7jgZvjgpPjgII8YnI+NOOAgee1hOeri+ODu+ioree9ruOBruOBlOW4jOacm+OBjOOBguOCi+WgtOWQiOOBr+OAgeW/heOBmuOBlOazqOaWh+aZguOBq+aYjuiomOOBl+OBpuOBj+OBoOOBleOBhOOAgjxicj7jgIDjgIDoqK3nva7loLTmiYDjgarjganjgpLnorroqo3jga7kuIrjgIHliKXpgJTopovnqY3jgYTjgZ/jgZfjgb7jgZnjgIIo44GU5rOo5paH56K65a6a5b6M44Gv5Y+X5LuY5LiN5Y+vKTxicj4144CB6YWN6YGU5YmN44Gr5Zyw5Z+f44Gu5a625YW36YWN6YCB5Lya56S+44GL44KJ44GK5a6i5qeY44Gr44GK6Zu76Kmx44Gr44Gm6YWN6YCB5LqI5a6a44Gu6YCj57Wh44KS5YWl44KM44G+44GZ44CCPGJyPuOAgOOAgOmbu+ipseOBq+OBpumFjemBlOaXpeeiuuiqjeOBrumam+OAgeOBiuWuouanmOOBqOaZgumWk+W4r+OBjOWQiOOCj+OBmuOChOOCgOOCkuW+l+OBmuWkieabtOOBmeOCi+WgtOWQiOOAgOOAgOOBjOOBguOCiuOBvuOBmeOAgjxicj7jgIDjgIDpm7voqbHjgYzjgaTjgarjgYzjgonjgarjgYTloLTlkIjjgarjgankuovliY3jgavpgKPntaHjgYzku5jjgYvjgarjgYTloLTlkIjjgIHphY3pgZTkuojlrprml6XjgafjgoLjgIDjgIDllYblk4Hjga7mjIHjgaHlh7rjgZfjgYzjgafjgY3jgb7jgZvjgpPjga7jgafphY3pgZTjga/nubDjgorlu7bjgbnjgavjgarjgorjgb7jgZnjgII8YnI+PGJyPjxicj48YnI+PGZvbnQgY29sb3I9I2ZmOTkwMD7jgJDku6PlvJXjgY3jgavjgaTjgYTjgabjgJE8L2ZvbnQ+PGJyPuOBk+OBoeOCieOBruWVhuWTgeOBr+OAgTxmb250IGNvbG9yPSNmZjAwMDA+5Luj5byV44GN44Gn44Gu5Ye66I2344Gv5Y+X44GR5LuY44GR44Gm44GK44KK44G+44Gb44KT44CCPC9mb250Pjxicj48YnI+PGJyPjxmb250IGNvbG9yPSNmZjk5MDA+44CQ6YCB5paZ44Gr44Gk44GE44Gm44CRPC9mb250Pjxicj48Zm9udCBjb2xvcj0jZmYwMDAwPuWMl+a1t+mBk+OAgeadseWMl+OAgeaylue4hOOAgembouWztuOBr+WIpemAlOmAgeaWmeOCkumgguOBjeOBvuOBmeOAgjwvZm9udD4=,5aSn5bed5a625YW3IOOCs+ODs+ODkeOCr+ODiDLkurrmjpvjgZHjgr3jg5XjgqHjg7wg44OU44Oz44KvIFNLVC0wMTg5KOS7o+W8leS4jeWPrynjgJDpgIHmlpnnhKHmlpnjgJHjgJBzbXRiLWbjgJHvvJrjg6rjgrPjg6Hjg7PloILjgqTjg7Pjg4bjg6rjgqLppKg=,5aSn5bed5a625YW3IOOCs+ODs+ODkeOCr+ODiDLkurrmjpvjgZHjgr3jg5XjgqHjg7wg44OU44Oz44KvIFNLVC0wMTg5KOS7o+W8leS4jeWPrynjgJDpgIHmlpnnhKHmlpnjgJHjgJBzbXRiLWbjgJE=,5aSn5bed5a625YW3IOOCs+ODs+ODkeOCr+ODiDLkurrmjpvjgZHjgr3jg5XjgqHjg7wg44OU44Oz44KvIFNLVC0wMTg5KOS7o+W8leS4jeWPrynjgJDpgIHmlpnnhKHmlpnjgJHjgJBzbXRiLWbjgJE=[rn]
37-51644,aHR0cDovL3RzaG9wLnIxMHMuanAvcmNtZGluL2NhYmluZXQvYXowNC9hei1ocy0xNjBicmMuanBnP2ZpdGluPTcwMDo3MDA=,MjI3OTIuMDAwMA==,,44Kk44Oz44OG44Oq44Ki44O75a+d5YW344O75Y+O57SNID4g44K944OV44Kh44O744K944OV44Kh44OZ44OD44OJID4gMuS6uuaOm+OBkeOCveODleOCoSA+IOWQiOaIkOearumdqQ==,44K944OV44Kh44CA44K944OV44Kh44O8IOODiuODg+OCr+OCuSDlt6bogpjjgIDjgIBIUy0xNjBCUkMo5Luj5byV5LiN5Y+vKeOAkOmAgeaWmeeEoeaWmeOAkQ==,44CA,PGNlbnRlcj48aW1nIHNyYz0iaHR0cDovL2ltYWdlLnJha3V0ZW4uY28uanAvcmNtZC9jYWJpbmV0L2F6MDQvYXotaHMtMTYwYnJjLTAwMS5qcGciPjxicj48aW1nIHNyYz0iaHR0cDovL2ltYWdlLnJha3V0ZW4uY28uanAvcmNtZC9jYWJpbmV0L2F6MDQvYXotaHMtMTYwYnJjLTAwMi5qcGciPjxicj48aW1nIHNyYz0iaHR0cDovL2ltYWdlLnJha3V0ZW4uY28uanAvcmNtZC9jYWJpbmV0L2F6MDQvYXotaHMtMTYwYnJjLTAwMy5qcGciPjxicj48aW1nIHNyYz0iaHR0cDovL2ltYWdlLnJha3V0ZW4uY28uanAvcmNtZC9jYWJpbmV0L2F6MDQvYXotaHMtMTYwYnJjLTAwNC5qcGciPjxicj48aW1nIHNyYz0iaHR0cDovL2ltYWdlLnJha3V0ZW4uY28uanAvcmNtZC9jYWJpbmV0L2F6MDQvYXotaHMtMTYwYnJjLTAwNS5qcGciPjwvY2VudGVyPjwhLS3lhbHpgJrjg6rjg7Pjgq8tLT48Y2VudGVyPjxpZnJhbWUgc3JjPSJodHRwOi8vd3d3LnJha3V0ZW4ubmUuanAvZ29sZC9yY21kaW4vY2F0L3NvZmEwLWkuaHRtbCIgaGVpZ2h0PSIxMTYwIiB3aWR0aD0iNzAwIiBmcmFtZWJvcmRlcj0iMCIgc2Nyb2xsaW5nPSJubyIgaHNwYWNlPSIwIiB2c3BhY2U9IjAiIG1hcmdpbmhlaWdodD0iMCIgbWFyZ2lud2lkdGg9IjAiPjwvaWZyYW1lPjwvY2VudGVyPuOAkOOCteOCpOOCuuOAkVcxNDHDl0Q3McOXSDcxw5dTSDQyY208YnI+44CQ57Sg5p2Q44CR5pyo44OV44Os44O844Og44CA44Km44Kj44O844OT44Oz44Kw44OZ44Or44OIIOWQiOearuOAgOODneODquOCqOOCueODhuODq+OAgOOCs+ODg+ODiOODszxicj48YnI+44CQ5Y6f55Sj5Zyw44CR44CA5Lit5Zu9PGJyPjxicj7jgJDmorHljIXjgrXjgqTjgrrjgJFXMTQy772Y77ykNzHvvZjvvKg1N++9g++9jTxicj7jgJDmorHljIXph43ph4/jgJHjgIAzMO+9i++9hzxicj48YnI+PGJyPjxmb250IGNvbG9yPSNmZjk5MDA+44CQ5Luj5byV44GN44Gr44Gk44GE44Gm44CRPC9mb250Pjxicj7jgZPjgaHjgonjga7llYblk4Hjga/jgIE8Zm9udCBjb2xvcj0jZmYwMDAwPuS7o+W8leOBjeOBp+OBruWHuuiNt+OBr+WPl+OBkeS7mOOBkeOBpuOBiuOCiuOBvuOBm+OCk+OAgjwvZm9udD48YnI+PGJyPjxicj48Zm9udCBjb2xvcj0jZmY5OTAwPuOAkOmAgeaWmeOBq+OBpOOBhOOBpuOAkTwvZm9udD48YnI+PGZvbnQgY29sb3I9I2ZmMDAwMD7ljJfmtbfpgZPjgIHmspbnuITjgIHpm6Lls7bjga/liKXpgJTpgIHmlpnjgpLpoILjgY3jgb7jgZnjgII8L2ZvbnQ+,44K944OV44Kh44CA44K944OV44Kh44O8IOODiuODg+OCr+OCuSDlt6bogpjjgIDjgIBIUy0xNjBCUkMo5Luj5byV5LiN5Y+vKeOAkOmAgeaWmeeEoeaWmeOAke+8muODquOCs+ODoeODs+WgguOCpOODs+ODhuODquOCoumkqA==,44K944OV44Kh44CA44K944OV44Kh44O8IOODiuODg+OCr+OCuSDlt6bogpjjgIDjgIBIUy0xNjBCUkMo5Luj5byV5LiN5Y+vKeOAkOmAgeaWmeeEoeaWmeOAkQ==,44CA44CC44K944OV44Kh44CA44K944OV44Kh44O8IOODiuODg+OCr+OCuSDlt6bogpjjgIDjgIBIUy0xNjBCUkMo5Luj5byV5LiN5Y+vKeOAkOmAgeaWmeeEoeaWmeOAkQ==[rn]
37-51645,aHR0cDovL3RzaG9wLnIxMHMuanAvcmNtZGluL2NhYmluZXQvYXowNC9hei1ocy0xNjBicmEuanBnP2ZpdGluPTcwMDo3MDA=,MjE0OTYuMDAwMA==,,44Kk44Oz44OG44Oq44Ki44O75a+d5YW344O75Y+O57SNID4g44K944OV44Kh44O744K944OV44Kh44OZ44OD44OJID4gMuS6uuaOm+OBkeOCveODleOCoSA+IOWQiOaIkOearumdqQ==,44K944OV44Kh44CA44K944OV44Kh44O8IOODiuODg+OCr+OCueOAgEhTLTE2MEJSQSjku6PlvJXkuI3lj68p44CQ6YCB5paZ54Sh5paZ44CR,44CA,PGNlbnRlcj48aW1nIHNyYz0iaHR0cDovL2ltYWdlLnJha3V0ZW4uY28uanAvcmNtZC9jYWJpbmV0L2F6MDQvYXotaHMtMTYwYnJhLTAwMS5qcGciPjxicj48aW1nIHNyYz0iaHR0cDovL2ltYWdlLnJha3V0ZW4uY28uanAvcmNtZC9jYWJpbmV0L2F6MDQvYXotaHMtMTYwYnJhLTAwMi5qcGciPjxicj48aW1nIHNyYz0iaHR0cDovL2ltYWdlLnJha3V0ZW4uY28uanAvcmNtZC9jYWJpbmV0L2F6MDQvYXotaHMtMTYwYnJhLTAwMy5qcGciPjxicj48aW1nIHNyYz0iaHR0cDovL2ltYWdlLnJha3V0ZW4uY28uanAvcmNtZC9jYWJpbmV0L2F6MDQvYXotaHMtMTYwYnJhLTAwNC5qcGciPjxicj48aW1nIHNyYz0iaHR0cDovL2ltYWdlLnJha3V0ZW4uY28uanAvcmNtZC9jYWJpbmV0L2F6MDQvYXotaHMtMTYwYnJhLTAwNS5qcGciPjxicj48aW1nIHNyYz0iaHR0cDovL2ltYWdlLnJha3V0ZW4uY28uanAvcmNtZC9jYWJpbmV0L2F6MDQvYXotaHMtMTYwYnJhLTAwNi5qcGciPjwvY2VudGVyPjwhLS3lhbHpgJrjg6rjg7Pjgq8tLT48Y2VudGVyPjxpZnJhbWUgc3JjPSJodHRwOi8vd3d3LnJha3V0ZW4ubmUuanAvZ29sZC9yY21kaW4vY2F0L3NvZmEwLWkuaHRtbCIgaGVpZ2h0PSIxMTYwIiB3aWR0aD0iNzAwIiBmcmFtZWJvcmRlcj0iMCIgc2Nyb2xsaW5nPSJubyIgaHNwYWNlPSIwIiB2c3BhY2U9IjAiIG1hcmdpbmhlaWdodD0iMCIgbWFyZ2lud2lkdGg9IjAiPjwvaWZyYW1lPjwvY2VudGVyPuOAkOOCteOCpOOCuuOAkVcxMTnDl0Q3McOXSDcxw5dTSDQyY208YnI+44CQ57Sg5p2Q44CR5pyo44OV44Os44O844Og44CA44Km44Kj44O844OT44Oz44Kw44OZ44Or44OIIOWQiOearuOAgOODneODquOCqOOCueODhuODq+OAgOOCs+ODg+ODiOODszxicj48YnI+44CQ5Y6f55Sj5Zyw44CR44CA5Lit5Zu9PGJyPjxicj7jgJDmorHljIXjgrXjgqTjgrrjgJFXMTIw772Y77ykNzLvvZjvvKg2M++9g++9jTxicj7jgJDmorHljIXph43ph4/jgJHjgIAyNO+9i++9hzxicj48YnI+PGJyPjxmb250IGNvbG9yPSNmZjk5MDA+44CQ5Luj5byV44GN44Gr44Gk44GE44Gm44CRPC9mb250Pjxicj7jgZPjgaHjgonjga7llYblk4Hjga/jgIE8Zm9udCBjb2xvcj0jZmYwMDAwPuS7o+W8leOBjeOBp+OBruWHuuiNt+OBr+WPl+OBkeS7mOOBkeOBpuOBiuOCiuOBvuOBm+OCk+OAgjwvZm9udD48YnI+PGJyPjxicj48Zm9udCBjb2xvcj0jZmY5OTAwPuOAkOmAgeaWmeOBq+OBpOOBhOOBpuOAkTwvZm9udD48YnI+PGZvbnQgY29sb3I9I2ZmMDAwMD7ljJfmtbfpgZPjgIHmspbnuITjgIHpm6Lls7bjga/liKXpgJTpgIHmlpnjgpLpoILjgY3jgb7jgZnjgII8L2ZvbnQ+,44K944OV44Kh44CA44K944OV44Kh44O8IOODiuODg+OCr+OCueOAgEhTLTE2MEJSQSjku6PlvJXkuI3lj68p44CQ6YCB5paZ54Sh5paZ44CR77ya44Oq44Kz44Oh44Oz5aCC44Kk44Oz44OG44Oq44Ki6aSo,44K944OV44Kh44CA44K944OV44Kh44O8IOODiuODg+OCr+OCueOAgEhTLTE2MEJSQSjku6PlvJXkuI3lj68p44CQ6YCB5paZ54Sh5paZ44CR,44CA44CC44K944OV44Kh44CA44K944OV44Kh44O8IOODiuODg+OCr+OCueOAgEhTLTE2MEJSQSjku6PlvJXkuI3lj68p44CQ6YCB5paZ54Sh5paZ44CR[rn]
37-51646,aHR0cDovL3RzaG9wLnIxMHMuanAvcmNtZGluL2NhYmluZXQvYXowMS9hei15bXMtNDAyaXYuanBnP2ZpdGluPTcwMDo3MDA=,MjA0MTYuMDAwMA==,,44Kk44Oz44OG44Oq44Ki44O75a+d5YW344O75Y+O57SNID4g44K944OV44Kh44O744K944OV44Kh44OZ44OD44OJID4gMuS6uuaOm+OBkeOCveODleOCoSA+IOWQiOaIkOearumdqQ==,44K944OV44KhIOOCseODquODvCBLZWxseSAy5Lq65o6bIFtZTVMtNDAySVZdKOS7o+W8leS4jeWPrynjgJDpgIHmlpnnhKHmlpnjgJE=,44CA,PGNlbnRlcj48aW1nIHNyYz0iaHR0cDovL2ltYWdlLnJha3V0ZW4uY28uanAvcmNtZC9jYWJpbmV0L2F6MDIvcm9vbV9lc3NlbnNlLmpwZyI+PGJyPjxicj48aW1nIHNyYz0iaHR0cDovL2ltYWdlLnJha3V0ZW4uY28uanAvcmNtZC9jYWJpbmV0L2F6MDEvYXoteW1zLTQwMml2LmpwZyI+PC9jZW50ZXI+PCEtLeWFsemAmuODquODs+OCry0tPjxjZW50ZXI+PGlmcmFtZSBzcmM9Imh0dHA6Ly93d3cucmFrdXRlbi5uZS5qcC9nb2xkL3JjbWRpbi9jYXQvc29mYTAtaS5odG1sIiBoZWlnaHQ9IjExNjAiIHdpZHRoPSI3MDAiIGZyYW1lYm9yZGVyPSIwIiBzY3JvbGxpbmc9Im5vIiBoc3BhY2U9IjAiIHZzcGFjZT0iMCIgbWFyZ2luaGVpZ2h0PSIwIiBtYXJnaW53aWR0aD0iMCI+PC9pZnJhbWU+PC9jZW50ZXI+PHRhYmxlIHdpZHRoPTM1MCBib3JkZXI9MCBjZWxscGFkZGluZz01IGNlbGxzcGFjaW5nPTEgYmdjb2xvcj0jNjY2NjY2IHN0eWxlPWZvbnQtc2l6ZToxMnB4OyBjb2xvcjojMzMzMzMzPjx0cj48dGQgd2lkdGg9NjAgYmdjb2xvcj0jREZERkRGPuOCteOCpOOCujwvdGQ+PHRkIGJnY29sb3I9I0ZGRkZGRj5XMTI0eEQ3MnhINzN4U0gzODwvdGQ+PC90cj48dHI+PHRkIGJnY29sb3I9I0RGREZERj7llYblk4Hph43ph488L3RkPjx0ZCBiZ2NvbG9yPSNGRkZGRkY+MjFrZzwvdGQ+PC90cj48dHI+PHRkIGJnY29sb3I9I0RGREZERj7jg5Xjg6zjg7zjg6DnrYk8L3RkPjx0ZCBiZ2NvbG9yPSNGRkZGRkY+5pyo44OV44Os44O844OgIOOCpuOCp+ODvOODk+ODs+OCsOODmeODq+ODiDwvdGQ+PC90cj48dHI+PHRkIGJnY29sb3I9I0RGREZERj7lvLXlnLDnrYk8L3RkPjx0ZCBiZ2NvbG9yPSNGRkZGRkY+IOW8teWcsO+8muODneODquODl+ODreODlOODrOODszY177yFIOODneODquOCqOOCueODhuODqzM177yFPC90ZD48L3RyPjx0cj48dGQgYmdjb2xvcj0jREZERkRGPumFjemAgeetiTwvdGQ+PHRkIGJnY29sb3I9I0ZGRkZGRj48SU1HIGhlaWdodD0yOCBzcmM9aHR0cDovL2ltYWdlLnJha3V0ZW4uY28uanAvcmNtZC9jYWJpbmV0L2NjMDcvZGFpaGlraTQwLmpwZyB3aWR0aD0zND48YnI+44GT44Gh44KJ44Gu5ZWG5ZOB44Gv44CBPEZPTlQgY29sb3I9I2ZmMDAwMD7ku6PlvJXjgY3jgafjga7lh7rojbfjga/lh7rmnaXjgb7jgZvjgpM8L0ZPTlQ+44CCPC90ZD48L3RyPjwvdGFibGU+PCEtLWV2aWRlbmNlLS0+PGJyPjxicj7jg6Hjg7zjgqvjg7zluIzmnJvlsI/lo7LkvqHmoLzjga/jg6Hjg7zjgqvjg7zjgqvjgr/jg63jgrDjgavln7rjgaXjgYTjgabmjrLovInjgZfjgabjgYTjgb7jgZk8YnI+PGJyPjxicj48Rk9OVCBjb2xvcj0jZmY5OTAwPuOAkOmFjemAgeOBq+OBpOOBhOOBpuOAkTwvRk9OVD48QlI+PEZPTlQgY29sb3I9I2ZmMDAwMD7jgYrlsYrjgZHml6XmmYLmjIflrprkuI3lj6/jga7llYblk4Hjgajjgarjgorjgb7jgZnjgILjgYLjgonjgYvjgZjjgoHjgZTkuobmib/jgY/jgaDjgZXjgYTjgb7jgZvjgII8L0ZPTlQ+,44K944OV44KhIOOCseODquODvCBLZWxseSAy5Lq65o6bIFtZTVMtNDAySVZdKOS7o+W8leS4jeWPrynjgJDpgIHmlpnnhKHmlpnjgJHvvJrjg6rjgrPjg6Hjg7PloILjgqTjg7Pjg4bjg6rjgqLppKg=,44K944OV44KhIOOCseODquODvCBLZWxseSAy5Lq65o6bIFtZTVMtNDAySVZdKOS7o+W8leS4jeWPrynjgJDpgIHmlpnnhKHmlpnjgJE=,44CA44CC44K944OV44KhIOOCseODquODvCBLZWxseSAy5Lq65o6bIFtZTVMtNDAySVZdKOS7o+W8leS4jeWPrynjgJDpgIHmlpnnhKHmlpnjgJE=[rn]
37-51647,aHR0cDovL3RzaG9wLnIxMHMuanAvcmNtZGluL2NhYmluZXQvYXowMS9hei15bXMtODA3aXYuanBnP2ZpdGluPTcwMDo3MDA=,MzAzNTIuMDAwMA==,,44Kk44Oz44OG44Oq44Ki44O75a+d5YW344O75Y+O57SNID4g44K944OV44Kh44O744K944OV44Kh44OZ44OD44OJID4gMuS6uuaOm+OBkeOCveODleOCoSA+IOWQiOaIkOearumdqQ==,44Ot44Oz44Kw44K944OV44KhIOODreODleOCoSBMb2ZhIFtZTVMtODA3SVZdKOS7o+W8leS4jeWPrynjgJDpgIHmlpnnhKHmlpnjgJE=,44CA,PGNlbnRlcj48aW1nIHNyYz0iaHR0cDovL2ltYWdlLnJha3V0ZW4uY28uanAvcmNtZC9jYWJpbmV0L2F6MDIvcm9vbV9lc3NlbnNlLmpwZyI+PGJyPjxicj48aW1nIHNyYz0iaHR0cDovL2ltYWdlLnJha3V0ZW4uY28uanAvcmNtZC9jYWJpbmV0L2F6MDEvYXoteW1zLTgwN2l2LmpwZyI+PC9jZW50ZXI+PCEtLeWFsemAmuODquODs+OCry0tPjxjZW50ZXI+PGlmcmFtZSBzcmM9Imh0dHA6Ly93d3cucmFrdXRlbi5uZS5qcC9nb2xkL3JjbWRpbi9jYXQvc29mYTAtaS5odG1sIiBoZWlnaHQ9IjExNjAiIHdpZHRoPSI3MDAiIGZyYW1lYm9yZGVyPSIwIiBzY3JvbGxpbmc9Im5vIiBoc3BhY2U9IjAiIHZzcGFjZT0iMCIgbWFyZ2luaGVpZ2h0PSIwIiBtYXJnaW53aWR0aD0iMCI+PC9pZnJhbWU+PC9jZW50ZXI+PHRhYmxlIHdpZHRoPTM1MCBib3JkZXI9MCBjZWxscGFkZGluZz01IGNlbGxzcGFjaW5nPTEgYmdjb2xvcj0jNjY2NjY2IHN0eWxlPWZvbnQtc2l6ZToxMnB4OyBjb2xvcjojMzMzMzMzPjx0cj48dGQgd2lkdGg9NjAgYmdjb2xvcj0jREZERkRGPuOCteOCpOOCujwvdGQ+PHRkIGJnY29sb3I9I0ZGRkZGRj5XMTY1eEQ4NHhINTh4U0gzMDwvdGQ+PC90cj48dHI+PHRkIGJnY29sb3I9I0RGREZERj7llYblk4Hph43ph488L3RkPjx0ZCBiZ2NvbG9yPSNGRkZGRkY+MjhrZzwvdGQ+PC90cj48dHI+PHRkIGJnY29sb3I9I0RGREZERj7jg5Xjg6zjg7zjg6DnrYk8L3RkPjx0ZCBiZ2NvbG9yPSNGRkZGRkY+5pyo44OV44Os44O844OgIOOCpuOCp+ODvOODk+ODs+OCsOODmeODq+ODiDwvdGQ+PC90cj48dHI+PHRkIGJnY29sb3I9I0RGREZERj7lvLXlnLDnrYk8L3RkPjx0ZCBiZ2NvbG9yPSNGRkZGRkY+IOW8teWcsO+8muODneODquODl+ODreODlOODrOODszY177yFIOODneODquOCqOOCueODhuODqzM177yFPC90ZD48L3RyPjx0cj48dGQgYmdjb2xvcj0jREZERkRGPumFjemAgeetiTwvdGQ+PHRkIGJnY29sb3I9I0ZGRkZGRj48SU1HIGhlaWdodD0yOCBzcmM9aHR0cDovL2ltYWdlLnJha3V0ZW4uY28uanAvcmNtZC9jYWJpbmV0L2NjMDcvZGFpaGlraTQwLmpwZyB3aWR0aD0zND48YnI+44GT44Gh44KJ44Gu5ZWG5ZOB44Gv44CBPEZPTlQgY29sb3I9I2ZmMDAwMD7ku6PlvJXjgY3jgafjga7lh7rojbfjga/lh7rmnaXjgb7jgZvjgpM8L0ZPTlQ+44CCPC90ZD48L3RyPjwvdGFibGU+PCEtLWV2aWRlbmNlLS0+PGJyPjxicj7jg6Hjg7zjgqvjg7zluIzmnJvlsI/lo7LkvqHmoLzjga/jg6Hjg7zjgqvjg7zjgqvjgr/jg63jgrDjgavln7rjgaXjgYTjgabmjrLovInjgZfjgabjgYTjgb7jgZk8YnI+PGJyPjxicj48Rk9OVCBjb2xvcj0jZmY5OTAwPuOAkOmFjemAgeOBq+OBpOOBhOOBpuOAkTwvRk9OVD48QlI+PEZPTlQgY29sb3I9I2ZmMDAwMD7jgYrlsYrjgZHml6XmmYLmjIflrprkuI3lj6/jga7llYblk4Hjgajjgarjgorjgb7jgZnjgILjgYLjgonjgYvjgZjjgoHjgZTkuobmib/jgY/jgaDjgZXjgYTjgb7jgZvjgII8L0ZPTlQ+,44Ot44Oz44Kw44K944OV44KhIOODreODleOCoSBMb2ZhIFtZTVMtODA3SVZdKOS7o+W8leS4jeWPrynjgJDpgIHmlpnnhKHmlpnjgJHvvJrjg6rjgrPjg6Hjg7PloILjgqTjg7Pjg4bjg6rjgqLppKg=,44Ot44Oz44Kw44K944OV44KhIOODreODleOCoSBMb2ZhIFtZTVMtODA3SVZdKOS7o+W8leS4jeWPrynjgJDpgIHmlpnnhKHmlpnjgJE=,44CA44CC44Ot44Oz44Kw44K944OV44KhIOODreODleOCoSBMb2ZhIFtZTVMtODA3SVZdKOS7o+W8leS4jeWPrynjgJDpgIHmlpnnhKHmlpnjgJE=[rn]
37-51648,aHR0cDovL3RzaG9wLnIxMHMuanAvcmNtZGluL2NhYmluZXQvaGcwMy9oZy1waXJlMnAtd2guanBnP2ZpdGluPTcwMDo3MDA=,MjE0MjcuMjAwMA==,,44Kk44Oz44OG44Oq44Ki44O75a+d5YW344O75Y+O57SNID4g44K944OV44Kh44O744K944OV44Kh44OZ44OD44OJID4gMuS6uuaOm+OBkeOCveODleOCoSA+IOWQiOaIkOearumdqQ==,44K944OV44KhIOOCveODleOCoeODvCAy5Lq65o6b44GRIOOCveODleOCoeODvCDjg5Tjg6zjg7wyUC1XSCjku6PlvJXkuI3lj68p44CQ6YCB5paZ54Sh5paZ44CR44CQc210Yi1m44CR,,PGNlbnRlcj48L2NlbnRlcj48IS0t5YWx6YCa44Oq44Oz44KvLS0+PGNlbnRlcj48aWZyYW1lIHNyYz0iaHR0cDovL3d3dy5yYWt1dGVuLm5lLmpwL2dvbGQvcmNtZGluL2NhdC9zb2ZhMC1pLmh0bWwiIGhlaWdodD0iMTE2MCIgd2lkdGg9IjcwMCIgZnJhbWVib3JkZXI9IjAiIHNjcm9sbGluZz0ibm8iIGhzcGFjZT0iMCIgdnNwYWNlPSIwIiBtYXJnaW5oZWlnaHQ9IjAiIG1hcmdpbndpZHRoPSIwIj48L2lmcmFtZT48L2NlbnRlcj7jg6zjg4jjg63jgajjg53jg4Pjg5fjgYzlkIjjgo/jgZXjgaPjgZ/lj6/mhJvjgYQy5Lq65o6b44GR44K944OV44Kh44O8772h6ISa44KS5Y+W44KK5aSW44GX44Gm44Ot44O844K/44Kk44OX44Gr44KC44Gn44GN44G+44GZ772hPGJyPuOAkOWVhuWTgeOCteOCpOOCuuOAkTxicj4o57SEKTrluYUxMjLDl+WlpeihjDczw5fpq5jjgZU2OcOX5bqn6Z2i6auYNDAuNWNtPGJyPjxicj7jgJDku5Xmp5jjgJE8YnI+5by15ZywOlBWQzxicj7luqfpnaI6U+ODkOODjTxicj48YnI+PGJyPjxicj48Zm9udCBjb2xvcj0jZmY5OTAwPuOAkOS7o+W8leOBjeOBq+OBpOOBhOOBpuOAkTwvZm9udD48YnI+44GT44Gh44KJ44Gu5ZWG5ZOB44Gv44CBPGZvbnQgY29sb3I9I2ZmMDAwMD7ku6PlvJXjgY3jgafjga7lh7rojbfjga/lj5fjgZHku5jjgZHjgabjgYrjgorjgb7jgZvjgpPjgII8L2ZvbnQ+PGJyPjxicj48YnI+PGZvbnQgY29sb3I9I2ZmOTkwMD7jgJDpgIHmlpnjgavjgaTjgYTjgabjgJE8L2ZvbnQ+PGJyPjxmb250IGNvbG9yPSNmZjAwMDA+5YyX5rW36YGT44CB5rKW57iE44CB6Zui5bO244Gv5Yil6YCU6YCB5paZ44KS6aCC44GN44G+44GZ44CCPC9mb250Pg==,44K944OV44KhIOOCveODleOCoeODvCAy5Lq65o6b44GRIOOCveODleOCoeODvCDjg5Tjg6zjg7wyUC1XSCjku6PlvJXkuI3lj68p44CQ6YCB5paZ54Sh5paZ44CR44CQc210Yi1m44CR77ya44Oq44Kz44Oh44Oz5aCC44Kk44Oz44OG44Oq44Ki6aSo,44K944OV44KhIOOCveODleOCoeODvCAy5Lq65o6b44GRIOOCveODleOCoeODvCDjg5Tjg6zjg7wyUC1XSCjku6PlvJXkuI3lj68p44CQ6YCB5paZ54Sh5paZ44CR44CQc210Yi1m44CR,44K944OV44KhIOOCveODleOCoeODvCAy5Lq65o6b44GRIOOCveODleOCoeODvCDjg5Tjg6zjg7wyUC1XSCjku6PlvJXkuI3lj68p44CQ6YCB5paZ54Sh5paZ44CR44CQc210Yi1m44CR[rn]
37-51649,aHR0cDovL3RzaG9wLnIxMHMuanAvcmNtZGluL2NhYmluZXQvaXowMS9pei1yY21kLXNvZmEwMDcuanBnP2ZpdGluPTcwMDo3MDA=,Mjc4NDAuMDAwMA==,,44Kk44Oz44OG44Oq44Ki44O75a+d5YW344O75Y+O57SNID4g44K944OV44Kh44O744K944OV44Kh44OZ44OD44OJID4gMuS6uuaOm+OBkeOCveODleOCoSA+IOWQiOaIkOearumdqQ==,44K944OV44KhIOacqOiCmCDjg6zjg4jjg60g44O044Kj44Oz44OG44O844K4IOWkqeeEtuacqCDmnKjogpjjgr3jg5XjgqEg44K944OV44Kh44O8IOOCq+ODleOCpyDmnKjoo70g44Os44K244O8IOODk+ODs+ODhuODvOOCuCDogpjmjpsg5ZCI55quIDIuNeS6uuaOm+OBkeOCveODleOCoSjku6PlvJXkuI3lj68p44CQ6YCB5paZ54Sh5paZ44CR44CQc210Yi1m44CR,,PGNlbnRlcj48aW1nIHNyYz0iaHR0cDovL2ltYWdlLnJha3V0ZW4uY28uanAvcmNtZC9jYWJpbmV0L2l6MDEvaXotcmNtZC1zb2ZhMDA3LTAwMS5qcGciPjxicj48aW1nIHNyYz0iaHR0cDovL2ltYWdlLnJha3V0ZW4uY28uanAvcmNtZC9jYWJpbmV0L2l6MDEvaXotcmNtZC1zb2ZhMDA3LTAwMi5qcGciPjxicj48aW1nIHNyYz0iaHR0cDovL2ltYWdlLnJha3V0ZW4uY28uanAvcmNtZC9jYWJpbmV0L2l6MDEvaXotcmNtZC1zb2ZhMDA3LTAwMy5qcGciPjxicj48aW1nIHNyYz0iaHR0cDovL2ltYWdlLnJha3V0ZW4uY28uanAvcmNtZC9jYWJpbmV0L2l6MDEvaXotcmNtZC1zb2ZhMDA3LTAwNC5qcGciPjxicj48aW1nIHNyYz0iaHR0cDovL2ltYWdlLnJha3V0ZW4uY28uanAvcmNtZC9jYWJpbmV0L2l6MDEvaXotcmNtZC1zb2ZhMDA3LTAwNS5qcGciPjxicj48aW1nIHNyYz0iaHR0cDovL2ltYWdlLnJha3V0ZW4uY28uanAvcmNtZC9jYWJpbmV0L2l6MDEvaXotcmNtZC1zb2ZhMDA3LTAwNi5qcGciPjxicj48aW1nIHNyYz0iaHR0cDovL2ltYWdlLnJha3V0ZW4uY28uanAvcmNtZC9jYWJpbmV0L2l6MDEvaXotcmNtZC1zb2ZhMDA3LTAwNy5qcGciPjxicj48aW1nIHNyYz0iaHR0cDovL2ltYWdlLnJha3V0ZW4uY28uanAvcmNtZC9jYWJpbmV0L2l6MDEvaXotcmNtZC1zb2ZhMDA3LTAwOC5qcGciPjxicj48aW1nIHNyYz0iaHR0cDovL2ltYWdlLnJha3V0ZW4uY28uanAvcmNtZC9jYWJpbmV0L2l6MDEvaXotcmNtZC1zb2ZhMDA3LTAwOS5qcGciPjxicj48dGFibGUgY2VsbHBhZGRpbmc9IjAiIGNlbGxzcGFjaW5nPSIwIj48dHI+PHRkPjxpbWcgc3JjPSJodHRwOi8vaW1hZ2UucmFrdXRlbi5jby5qcC9yY21kL2NhYmluZXQvaXowMS9pei1yY21kLXNvZmEwMDctMDEwLmpwZyI+PC90ZD48dGQ+PGEgaHJlZj0iaHR0cDovL2l0ZW0ucmFrdXRlbi5jby5qcC9yY21kaW4vaXotcmNtZC1zb2ZhMDA4LyI+PGltZyBzcmM9Imh0dHA6Ly9pbWFnZS5yYWt1dGVuLmNvLmpwL3JjbWQvY2FiaW5ldC9pejAxL2l6LXJjbWQtc29mYTAwNy0wMTEuanBnIiBib3JkZXI9IjAiPjwvYT48L3RkPjwvdHI+PC90YWJsZT48L2NlbnRlcj7jgJDllYblk4HlkI3jgJE8YnI+5aSp54S25pyo44Os44OI44Ot44K944OV44Kh44CQdmllIGRl44CR44O044Kj44OJ44CAMi415Lq65o6b44GRPGJyPuOAkOOCteOCpOOCuuOAkTxicj7luYUgMTUww5flpaXooYwgNzjDl+mrmOOBlSA3NmNt77yI5bqn6Z2i6auYIDQwY23vvIk8YnI+5bqn6Z2i77ya5bmFIDEzNcOX5aWl6KGMIDUyY208YnI+6IOM44KC44Gf44KM77ya6auY44GVIDQ2Y208YnI+6IKY6YOo77ya6auY44GVIDUwY208YnI+44CQ57Sg5p2Q44CRPGJyPue0oOadkO+8muWQiOaIkOearumdqeOAgeODkOOCpOOCreODo+OCueODiOWKoOW3pTxicj7lhoXpg6jvvJrjgqbjg6zjgr/jg7Pjg5Xjgqnjg7zjg6DjgIHjgqbjgqfjg7zjg5Pjg7PjgrDjg4bjg7zjg5c8YnI+44OV44Os44O844Og77ya5aSp54S25pyo44CB44Op44OD44Kr44O85aGX6KOFPGJyPuOAkOOBneOBruS7luOAkTxicj7ntYTjgb/nq4vjgabllYblk4E8YnI+PGJyPjxicj48Zm9udCBjb2xvcj0jZmY5OTAwPuOAkOS7o+W8leOBjeOBq+OBpOOBhOOBpuOAkTwvZm9udD48YnI+44GT44Gh44KJ44Gu5ZWG5ZOB44Gv44CBPGZvbnQgY29sb3I9I2ZmMDAwMD7ku6PlvJXjgY3jgafjga7lh7rojbfjga/lj5fjgZHku5jjgZHjgabjgYrjgorjgb7jgZvjgpPjgII8L2ZvbnQ+PGJyPjxicj48YnI+PGZvbnQgY29sb3I9I2ZmOTkwMD7jgJDpgIHmlpnjgavjgaTjgYTjgabjgJE8L2ZvbnQ+PGJyPjxmb250IGNvbG9yPSNmZjAwMDA+5YyX5rW36YGT44CB5rKW57iE44CB6Zui5bO244Gv5Yil6YCU6YCB5paZ44KS6aCC44GN44G+44GZ44CCPC9mb250Pg==,44K944OV44KhIOacqOiCmCDjg6zjg4jjg60g44O044Kj44Oz44OG44O844K4IOWkqeeEtuacqCDmnKjogpjjgr3jg5XjgqEg44K944OV44Kh44O8IOOCq+ODleOCpyDmnKjoo70g44Os44K244O8IOODk+ODs+ODhuODvOOCuCDogpjmjpsg5ZCI55quIDIuNeS6uuaOm+OBkeOCveODleOCoSjku6PlvJXkuI3lj68p44CQ6YCB5paZ54Sh5paZ44CR44CQc210Yi1m44CR77ya44Oq44Kz44Oh44Oz5aCC44Kk44Oz44OG44Oq44Ki6aSo,44K944OV44KhIOacqOiCmCDjg6zjg4jjg60g44O044Kj44Oz44OG44O844K4IOWkqeeEtuacqCDmnKjogpjjgr3jg5XjgqEg44K944OV44Kh44O8IOOCq+ODleOCpyDmnKjoo70g44Os44K244O8IOODk+ODs+ODhuODvOOCuCDogpjmjpsg5ZCI55quIDIuNeS6uuaOm+OBkeOCveODleOCoSjku6PlvJXkuI3lj68p44CQ6YCB5paZ54Sh5paZ44CR44CQc210Yi1m44CR,44K944OV44KhIOacqOiCmCDjg6zjg4jjg60g44O044Kj44Oz44OG44O844K4IOWkqeeEtuacqCDmnKjogpjjgr3jg5XjgqEg44K944OV44Kh44O8IOOCq+ODleOCpyDmnKjoo70g44Os44K244O8IOODk+ODs+ODhuODvOOCuCDogpjmjpsg5ZCI55quIDIuNeS6uuaOm+OBkeOCveODleOCoSjku6PlvJXkuI3lj68p44CQ6YCB5paZ54Sh5paZ44CR44CQc210Yi1m44CR[rn]
37-51650,aHR0cDovL3RzaG9wLnIxMHMuanAvcmNtZGluL2NhYmluZXQvYXYwNi9hdi00NTczNDU4MTU1NTkzLmpwZz9maXRpbj03MDA6NzAw,MjI5OTkuMjAwMA==,,44Kk44Oz44OG44Oq44Ki44O75a+d5YW344O75Y+O57SNID4g44K944OV44Kh44O744K944OV44Kh44OZ44OD44OJID4gMuS6uuaOm+OBkeOCveODleOCoSA+IOWQiOaIkOearumdqQ==,5aSn5bed5a625YW3IOOCs+ODs+ODkeOCr+ODiDLkurrmjpvjgZHjgr3jg5XjgqHjg7wg44OW44Op44OD44KvIFNLVC0wMTkyKOS7o+W8leS4jeWPrynjgJDpgIHmlpnnhKHmlpnjgJHjgJBzbXRiLWbjgJE=,,PGNlbnRlcj48ZGl2PjxpbWcgc3JjPSJodHRwOi8vaW1hZ2UucmFrdXRlbi5jby5qcC9yY21kL2NhYmluZXQvYXYwNi80NTczNDU4MTU1NTkzLmpwZyIgd2lkdGg9IjY4NSI+PC9kaXY+PGJyPjxkaXY+PGltZyBzcmM9Imh0dHA6Ly9pbWFnZS5yYWt1dGVuLmNvLmpwL3JjbWQvY2FiaW5ldC9hdjA2LzQ1NzM0NTgxNTU1OTNfMS5qcGciIHdpZHRoPSI2ODUiPjwvZGl2Pjxicj48ZGl2PjxpbWcgc3JjPSJodHRwOi8vaW1hZ2UucmFrdXRlbi5jby5qcC9yY21kL2NhYmluZXQvYXYwNi80NTczNDU4MTU1NTkzXzIuanBnIiB3aWR0aD0iNjg1Ij48L2Rpdj48L2NlbnRlcj7jgrXjgqTjgro65bmFMTI2IHgg5aWl6KGMNjcgeCDpq5jjgZU2My41KOW6p+mdoumrmDM1KWNtPGJyPuacrOS9k+mHjemHjzoxNi41S2c8YnI+55Sf55Sj5Zu9OuS4reWbvTxicj7mnZDos6rjg7vlvLXjgorlnLA644CA5ZCI5oiQ55qu6Z2pPGJyPuadkOizquODu+acrOS9kzrmnKjmnqDjgIFT44OQ44ON44CB44Km44Os44K/44Oz44OV44Kp44O844OgPGJyPuW6p+mdouOCteOCpOOCujrluYUxMDAgeCDlpaXooYw0OWNtKOiDjOmrmOOBlee0hDM4Y20pPGJyPuiEmumrmOOBlToxMGNtPGJyPuS7leanmDrohJrjga7jgb/lj5bku5jlvI88YnI+44Oh44K/44Or44Gu6ISa5LuY44Gn44Kz44Oz44OR44Kv44OI44Gq44OH44K244Kk44Oz44K944OV44Kh44CCPGJyPuOBiuWlveOBv+OBq+WQiOOCj+OBm+OBpjfoibLjgYvjgonpgbjjgbnjgb7jgZnjgII8YnI+44OR44O844K944OK44Or44Om44O844K544Gn44KC44Oq44OT44Oz44Kw44Gu44Od44Kk44Oz44OI44Gr44KC5L2/44GE44KE44GZ44GE44K944OV44Kh44CCPGJyPuS7leanmDrohJrjga7jgb/lj5bjgorku5jjgZHlvI88YnI+PGJyPuOAkOWkp+Wei+WutuWFt+mFjemAgeOBq+mWouOBmeOCi+azqOaEj+S6i+mgheOAkTxicj7jgZPjga7llYblk4Hjga/pgJrluLjphY3pgIHjgajpgZXjgYTjgIHlpKflnovlrrblhbfphY3pgIHjga7mibHjgYTjgajjgarjgorjgb7jgZnjgII8YnI+MeOAgeWMl+a1t+mBk+ODu+aylue4hOecjOODu+mdkuajruecjOODu+WyqeaJi+ecjOODu+WuruWfjuecjOODu+eni+eUsOecjOODu+WxseW9ouecjOODu+emj+WztuecjOODu+OAgOOAgOOBneOBruS7lumbouWztuOBuOOBrumFjemAgeOBr+WIpemAlOimi+epjeOBqOOBquOCiuOBvuOBmeOAgjxicj7jgIDjgIDjgb7jgZ/kuIDpg6jlnLDln5/jga/phY3pgIHkuI3lj6/jga7loLTlkIjjgYLjgorjgb7jgZnjgII8YnI+44CA44CAKOOCteOCpOODiOWGheiomOi8ieOBrumBi+izg+ihqOOBqOeVsOOBquOCiuOBvuOBmeOBruOBp+OBlOazqOaEj+OBj+OBoOOBleOBhCk8YnI+MuOAgeOBiuWxiuOBkeaXpeOBruaMh+WumuOBr+OBlOW4jOacm+OBq+a3u+OBiOOBquOBhOWgtOWQiOOBjOOBguOCi+OBk+OBqOOCkuS6iOOCgeOBlOS6huaJv+OBj+OBoOOBleOBhOOAgjxicj7jgIDjgIDjgZTms6jmlofnorroqo3jga7jg6Hjg7zjg6vjgafjgYrlsYrjgZHkuojlrprml6XjgpLjgZTmoYjlhoXjgYTjgZ/jgZfjgb7jgZnjgII8YnI+44CA44CA44G+44Gf6YWN6YGU5pmC6ZaT44Gu5oyH5a6a44Gv44Gn44GN44G+44Gb44KT44CCPGJyPuOAgOOAgOOBiuWxiuOBkeS6iOWumuOBruebruWuiTrjgZTms6jmlofjgYvjgonntIQxMOaXpeOBi+OCiee0hDE15pel5b6M44Gu44GK5bGK44GRPGJyPuOAgOOAgCjml6Xmm5zjg7vnpZ3ml6Xjga/phY3pgZTjgafjgY3jgarjgYTloLTlkIjjgYzjgYLjgorjgb7jgZkpPGJyPjPjgIHphY3pgZTjga/jgYrlrqLmp5jnjoTplqLmuKHjgZfjgafjgZnjgILnjoTplqLjgYvjgonlrrbjga7kuK3jgarjganjgbjjga7mkKzlhaXjga/jgYTjgZ/jgZfjgb7jgZvjgpPjgII8YnI+NOOAgee1hOeri+ODu+ioree9ruOBruOBlOW4jOacm+OBjOOBguOCi+WgtOWQiOOBr+OAgeW/heOBmuOBlOazqOaWh+aZguOBq+aYjuiomOOBl+OBpuOBj+OBoOOBleOBhOOAgjxicj7jgIDjgIDoqK3nva7loLTmiYDjgarjganjgpLnorroqo3jga7kuIrjgIHliKXpgJTopovnqY3jgYTjgZ/jgZfjgb7jgZnjgIIo44GU5rOo5paH56K65a6a5b6M44Gv5Y+X5LuY5LiN5Y+vKTxicj4144CB6YWN6YGU5YmN44Gr5Zyw5Z+f44Gu5a625YW36YWN6YCB5Lya56S+44GL44KJ44GK5a6i5qeY44Gr44GK6Zu76Kmx44Gr44Gm6YWN6YCB5LqI5a6a44Gu6YCj57Wh44KS5YWl44KM44G+44GZ44CCPGJyPuOAgOOAgOmbu+ipseOBq+OBpumFjemBlOaXpeeiuuiqjeOBrumam+OAgeOBiuWuouanmOOBqOaZgumWk+W4r+OBjOWQiOOCj+OBmuOChOOCgOOCkuW+l+OBmuWkieabtOOBmeOCi+WgtOWQiOOAgOOAgOOBjOOBguOCiuOBvuOBmeOAgjxicj7jgIDjgIDpm7voqbHjgYzjgaTjgarjgYzjgonjgarjgYTloLTlkIjjgarjgankuovliY3jgavpgKPntaHjgYzku5jjgYvjgarjgYTloLTlkIjjgIHphY3pgZTkuojlrprml6XjgafjgoLjgIDjgIDllYblk4Hjga7mjIHjgaHlh7rjgZfjgYzjgafjgY3jgb7jgZvjgpPjga7jgafphY3pgZTjga/nubDjgorlu7bjgbnjgavjgarjgorjgb7jgZnjgII8YnI+PGJyPjxicj48YnI+PGZvbnQgY29sb3I9I2ZmOTkwMD7jgJDku6PlvJXjgY3jgavjgaTjgYTjgabjgJE8L2ZvbnQ+PGJyPuOBk+OBoeOCieOBruWVhuWTgeOBr+OAgTxmb250IGNvbG9yPSNmZjAwMDA+5Luj5byV44GN44Gn44Gu5Ye66I2344Gv5Y+X44GR5LuY44GR44Gm44GK44KK44G+44Gb44KT44CCPC9mb250Pjxicj48YnI+PGJyPjxmb250IGNvbG9yPSNmZjk5MDA+44CQ6YCB5paZ44Gr44Gk44GE44Gm44CRPC9mb250Pjxicj48Zm9udCBjb2xvcj0jZmYwMDAwPuWMl+a1t+mBk+OAgeadseWMl+OAgeaylue4hOOAgembouWztuOBr+WIpemAlOmAgeaWmeOCkumgguOBjeOBvuOBmeOAgjwvZm9udD4=,5aSn5bed5a625YW3IOOCs+ODs+ODkeOCr+ODiDLkurrmjpvjgZHjgr3jg5XjgqHjg7wg44OW44Op44OD44KvIFNLVC0wMTkyKOS7o+W8leS4jeWPrynjgJDpgIHmlpnnhKHmlpnjgJHjgJBzbXRiLWbjgJHvvJrjg6rjgrPjg6Hjg7PloILjgqTjg7Pjg4bjg6rjgqLppKg=,5aSn5bed5a625YW3IOOCs+ODs+ODkeOCr+ODiDLkurrmjpvjgZHjgr3jg5XjgqHjg7wg44OW44Op44OD44KvIFNLVC0wMTkyKOS7o+W8leS4jeWPrynjgJDpgIHmlpnnhKHmlpnjgJHjgJBzbXRiLWbjgJE=,5aSn5bed5a625YW3IOOCs+ODs+ODkeOCr+ODiDLkurrmjpvjgZHjgr3jg5XjgqHjg7wg44OW44Op44OD44KvIFNLVC0wMTkyKOS7o+W8leS4jeWPrynjgJDpgIHmlpnnhKHmlpnjgJHjgJBzbXRiLWbjgJE=[rn]
37-51651,aHR0cDovL3RzaG9wLnIxMHMuanAvcmNtZGluL2NhYmluZXQvYXYwNi9hdi00NTczNDU4MTUzNTk5LmpwZz9maXRpbj03MDA6NzAw,NTA1MTcuNjAwMA==,,44Kk44Oz44OG44Oq44Ki44O75a+d5YW344O75Y+O57SNID4g44K944OV44Kh44O744K944OV44Kh44OZ44OD44OJID4gMuS6uuaOm+OBkeOCveODleOCoSA+IOWQiOaIkOearumdqQ==,5aSn5bed5a625YW3IOOCt+ODs+ODl+ODqybjgq/jg7zjg6vjgr3jg5XjgqEgMuS6uuaOm+OBkeOCveODleOCoSDjgqLjgqTjg5zjg6rjg7wgU0tULTAxMTEo5Luj5byV5LiN5Y+vKeOAkOmAgeaWmeeEoeaWmeOAkeOAkHNtdGItZuOAkQ==,,PGNlbnRlcj48ZGl2PjxpbWcgc3JjPSJodHRwOi8vaW1hZ2UucmFrdXRlbi5jby5qcC9yY21kL2NhYmluZXQvYXYwNi9hdi00NTczNDU4MTUzNTk5LmpwZyIgd2lkdGg9IjY4NSI+PC9kaXY+PGJyPjxkaXY+PGltZyBzcmM9Imh0dHA6Ly9pbWFnZS5yYWt1dGVuLmNvLmpwL3JjbWQvY2FiaW5ldC9hdjA2L2F2LTQ1NzM0NTgxNTM1OTlfMS5qcGciIHdpZHRoPSI2ODUiPjwvZGl2PjwvY2VudGVyPuOCteOCpOOCujrluYUxMzUgeCDlpaXooYw3NiB4IOmrmOOBlTY1KOW6p+mdoumrmDQyKWNtPGJyPuacrOS9k+mHjemHjzoyNy41S2c8YnI+55Sf55Sj5Zu9OuS4reWbvTxicj7mnZDos6rjg7vlvLXjgorlnLA644CAUFZD44Os44K244O8KOWQiOaIkOearumdqSk8YnI+5p2Q6LOq44O75pys5L2TOuOCueODgeODvOODqyjjg6Hjg4Pjgq0p44CBU+ODkOODjeOAgeOCpuODrOOCv+ODs+ODleOCqeODvOODoOOAgeOCpuOCp+ODvOODk+ODs+OCsOODmeODq+ODiDxicj7luqfpnaLjgrXjgqTjgro65bmFNDcgeCDlpaXooYw1NmNtKOiDjOmrmOOBlee0hDI1Y20pPGJyPuiEmumrmOOBlToxMGNtPGJyPuS7leanmDrlrozmiJDlk4E8YnI+55u057ea55qE44Gq44OH44K244Kk44Oz44Gu44Gq44GL44Gr44KC54us54m544Gu5a2Y5Zyo5oSf44CCPGJyPuOCueODgeODvOODq+acrOS9k+OBqFBWQ+OCr+ODg+OCt+ODp+ODs+OBrueVsOe0oOadkOOBruOCs+ODqeODnOODrOODvOOCt+ODp+ODs+OAgjxicj5QVkPjg6zjgrbjg7wo5ZCI5oiQ55qu6Z2pKeOBruW8teOCiuWcsOOBr+OBteOBjeWPluOCiuOBquOBqeOBiuaJi+WFpeOCjOewoeWNmDxicj48YnI+PGJyPuOAkOWkp+Wei+WutuWFt+mFjemAgeOBq+mWouOBmeOCi+azqOaEj+S6i+mgheOAkTxicj48YnI+4oC744GK5bGK44GR5pel44Gu5oyH5a6a44Gv44GU5biM5pyb44Gr5re744GI44Gq44GE5aC05ZCI44GM44GC44KL44GT44Go44KS5LqI44KB44GU5LqG5om/44GP44Gg44GV44GE44CCPGJyPuOBlOazqOaWh+eiuuiqjeOBruODoeODvOODq+OBp+OBiuWxiuOBkeS6iOWumuaXpeOCkuOBlOahiOWGheOBhOOBn+OBl+OBvuOBmeOAgjxicj7jgb7jgZ/phY3pgZTmmYLplpPjga7mjIflrprjga/jgafjgY3jgb7jgZvjgpPjgII8YnI+KOaXpeabnOODu+elneaXpeOBr+mFjemBlOOBp+OBjeOBquOBhOWgtOWQiOOBjOOBguOCiuOBvuOBmSk8YnI+PGJyPuKAu+mFjemBlOOBr+OBiuWuouanmOeOhOmWoua4oeOBl+OBp+OBmeOAgueOhOmWouOBi+OCieWutuOBruS4reOBquOBqeOBuOOBruaQrOWFpeOBr+OBhOOBn+OBl+OBvuOBm+OCk+OAgjxicj48YnI+4oC757WE56uL44O76Kit572u44Gu44GU5biM5pyb44GM44GC44KL5aC05ZCI44Gv44CB5b+F44Ga44GU5rOo5paH5pmC44Gr5piO6KiY44GX44Gm44GP44Gg44GV44GE44CCPGJyPuioree9ruWgtOaJgOOBquOBqeOCkueiuuiqjeOBruS4iuOAgeWIpemAlOimi+epjeOBhOOBn+OBl+OBvuOBmeOAgijjgZTms6jmlofnorrlrprlvozjga/lj5fku5jkuI3lj68pPGJyPjxicj48YnI+PGJyPjxmb250IGNvbG9yPSNmZjk5MDA+44CQ5Luj5byV44GN44Gr44Gk44GE44Gm44CRPC9mb250Pjxicj7jgZPjgaHjgonjga7llYblk4Hjga/jgIE8Zm9udCBjb2xvcj0jZmYwMDAwPuS7o+W8leOBjeOBp+OBruWHuuiNt+OBr+WPl+OBkeS7mOOBkeOBpuOBiuOCiuOBvuOBm+OCk+OAgjwvZm9udD48YnI+PGJyPjxicj48Zm9udCBjb2xvcj0jZmY5OTAwPuOAkOmAgeaWmeOBq+OBpOOBhOOBpuOAkTwvZm9udD48YnI+PGZvbnQgY29sb3I9I2ZmMDAwMD7ljJfmtbfpgZPjg7vmspbnuITnnIzjg7vpnZLmo67nnIzjg7vlsqnmiYvnnIzjg7vlrq7ln47nnIzjg7vnp4vnlLDnnIzjg7vlsbHlvaLnnIzjg7vnpo/ls7bnnIzjg7vjgZ3jga7ku5bpm6Lls7bjgbjjga7phY3pgIHjga/liKXpgJTpgIHmlpnjgpLpoILjgY3jgb7jgZnjgII8YnI+44G+44Gf5LiA6YOo5Zyw5Z+f44Gv6YWN6YCB5LiN5Y+v44Gu5aC05ZCI44GC44KK44G+44GZ44CCPC9mb250Pg==,5aSn5bed5a625YW3IOOCt+ODs+ODl+ODqyZhbXA744Kv44O844Or44K944OV44KhIDLkurrmjpvjgZHjgr3jg5XjgqEg44Ki44Kk44Oc44Oq44O8IFNLVC0wMTExKOS7o+W8leS4jeWPrynjgJDpgIHmlpnnhKHmlpnjgJHjgJBzbXRiLWbjgJHvvJrjg6rjgrPjg6Hjg7PloILjgqTjg7Pjg4bjg6rjgqLppKg=,5aSn5bed5a625YW3IOOCt+ODs+ODl+ODqyZhbXA744Kv44O844Or44K944OV44KhIDLkurrmjpvjgZHjgr3jg5XjgqEg44Ki44Kk44Oc44Oq44O8IFNLVC0wMTExKOS7o+W8leS4jeWPrynjgJDpgIHmlpnnhKHmlpnjgJHjgJBzbXRiLWbjgJE=,5aSn5bed5a625YW3IOOCt+ODs+ODl+ODqyZhbXA744Kv44O844Or44K944OV44KhIDLkurrmjpvjgZHjgr3jg5XjgqEg44Ki44Kk44Oc44Oq44O8IFNLVC0wMTExKOS7o+W8leS4jeWPrynjgJDpgIHmlpnnhKHmlpnjgJHjgJBzbXRiLWbjgJE=[rn]
37-51652,aHR0cDovL3RzaG9wLnIxMHMuanAvcmNtZGluL2NhYmluZXQvYXYwNi9hdi00NTczNDU4MTU1NTc5LmpwZz9maXRpbj03MDA6NzAw,MjI5OTkuMjAwMA==,,44Kk44Oz44OG44Oq44Ki44O75a+d5YW344O75Y+O57SNID4g44K944OV44Kh44O744K944OV44Kh44OZ44OD44OJID4gMuS6uuaOm+OBkeOCveODleOCoSA+IOWQiOaIkOearumdqQ==,5aSn5bed5a625YW3IOOCs+ODs+ODkeOCr+ODiDLkurrmjpvjgZHjgr3jg5XjgqHjg7wg44Os44OD44OJIFNLVC0wMTkwKOS7o+W8leS4jeWPrynjgJDpgIHmlpnnhKHmlpnjgJHjgJBzbXRiLWbjgJE=,,PGNlbnRlcj48ZGl2PjxpbWcgc3JjPSJodHRwOi8vaW1hZ2UucmFrdXRlbi5jby5qcC9yY21kL2NhYmluZXQvYXYwNi80NTczNDU4MTU1NTc5LmpwZyIgd2lkdGg9IjY4NSI+PC9kaXY+PGJyPjxkaXY+PGltZyBzcmM9Imh0dHA6Ly9pbWFnZS5yYWt1dGVuLmNvLmpwL3JjbWQvY2FiaW5ldC9hdjA2LzQ1NzM0NTgxNTU1NzlfMS5qcGciIHdpZHRoPSI2ODUiPjwvZGl2Pjxicj48ZGl2PjxpbWcgc3JjPSJodHRwOi8vaW1hZ2UucmFrdXRlbi5jby5qcC9yY21kL2NhYmluZXQvYXYwNi80NTczNDU4MTU1NTc5XzIuanBnIiB3aWR0aD0iNjg1Ij48L2Rpdj48L2NlbnRlcj7jgrXjgqTjgro65bmFMTI2IHgg5aWl6KGMNjcgeCDpq5jjgZU2My41KOW6p+mdoumrmDM1KWNtPGJyPuacrOS9k+mHjemHjzoxNi41S2c8YnI+55Sf55Sj5Zu9OuS4reWbvTxicj7mnZDos6rjg7vlvLXjgorlnLA644CA5ZCI5oiQ55qu6Z2pPGJyPuadkOizquODu+acrOS9kzrmnKjmnqDjgIFT44OQ44ON44CB44Km44Os44K/44Oz44OV44Kp44O844OgPGJyPuW6p+mdouOCteOCpOOCujrluYUxMDAgeCDlpaXooYw0OWNtKOiDjOmrmOOBlee0hDM4Y20pPGJyPuiEmumrmOOBlToxMGNtPGJyPuS7leanmDrohJrjga7jgb/lj5bku5jlvI88YnI+44Oh44K/44Or44Gu6ISa5LuY44Gn44Kz44Oz44OR44Kv44OI44Gq44OH44K244Kk44Oz44K944OV44Kh44CCPGJyPuOBiuWlveOBv+OBq+WQiOOCj+OBm+OBpjfoibLjgYvjgonpgbjjgbnjgb7jgZnjgII8YnI+44OR44O844K944OK44Or44Om44O844K544Gn44KC44Oq44OT44Oz44Kw44Gu44Od44Kk44Oz44OI44Gr44KC5L2/44GE44KE44GZ44GE44K944OV44Kh44CCPGJyPuS7leanmDrohJrjga7jgb/lj5bjgorku5jjgZHlvI88YnI+PGJyPuOAkOWkp+Wei+WutuWFt+mFjemAgeOBq+mWouOBmeOCi+azqOaEj+S6i+mgheOAkTxicj7jgZPjga7llYblk4Hjga/pgJrluLjphY3pgIHjgajpgZXjgYTjgIHlpKflnovlrrblhbfphY3pgIHjga7mibHjgYTjgajjgarjgorjgb7jgZnjgII8YnI+MeOAgeWMl+a1t+mBk+ODu+aylue4hOecjOODu+mdkuajruecjOODu+WyqeaJi+ecjOODu+WuruWfjuecjOODu+eni+eUsOecjOODu+WxseW9ouecjOODu+emj+WztuecjOODu+OAgOOAgOOBneOBruS7lumbouWztuOBuOOBrumFjemAgeOBr+WIpemAlOimi+epjeOBqOOBquOCiuOBvuOBmeOAgjxicj7jgIDjgIDjgb7jgZ/kuIDpg6jlnLDln5/jga/phY3pgIHkuI3lj6/jga7loLTlkIjjgYLjgorjgb7jgZnjgII8YnI+44CA44CAKOOCteOCpOODiOWGheiomOi8ieOBrumBi+izg+ihqOOBqOeVsOOBquOCiuOBvuOBmeOBruOBp+OBlOazqOaEj+OBj+OBoOOBleOBhCk8YnI+MuOAgeOBiuWxiuOBkeaXpeOBruaMh+WumuOBr+OBlOW4jOacm+OBq+a3u+OBiOOBquOBhOWgtOWQiOOBjOOBguOCi+OBk+OBqOOCkuS6iOOCgeOBlOS6huaJv+OBj+OBoOOBleOBhOOAgjxicj7jgIDjgIDjgZTms6jmlofnorroqo3jga7jg6Hjg7zjg6vjgafjgYrlsYrjgZHkuojlrprml6XjgpLjgZTmoYjlhoXjgYTjgZ/jgZfjgb7jgZnjgII8YnI+44CA44CA44G+44Gf6YWN6YGU5pmC6ZaT44Gu5oyH5a6a44Gv44Gn44GN44G+44Gb44KT44CCPGJyPuOAgOOAgOOBiuWxiuOBkeS6iOWumuOBruebruWuiTrjgZTms6jmlofjgYvjgonntIQxMOaXpeOBi+OCiee0hDE15pel5b6M44Gu44GK5bGK44GRPGJyPuOAgOOAgCjml6Xmm5zjg7vnpZ3ml6Xjga/phY3pgZTjgafjgY3jgarjgYTloLTlkIjjgYzjgYLjgorjgb7jgZkpPGJyPjPjgIHphY3pgZTjga/jgYrlrqLmp5jnjoTplqLmuKHjgZfjgafjgZnjgILnjoTplqLjgYvjgonlrrbjga7kuK3jgarjganjgbjjga7mkKzlhaXjga/jgYTjgZ/jgZfjgb7jgZvjgpPjgII8YnI+NOOAgee1hOeri+ODu+ioree9ruOBruOBlOW4jOacm+OBjOOBguOCi+WgtOWQiOOBr+OAgeW/heOBmuOBlOazqOaWh+aZguOBq+aYjuiomOOBl+OBpuOBj+OBoOOBleOBhOOAgjxicj7jgIDjgIDoqK3nva7loLTmiYDjgarjganjgpLnorroqo3jga7kuIrjgIHliKXpgJTopovnqY3jgYTjgZ/jgZfjgb7jgZnjgIIo44GU5rOo5paH56K65a6a5b6M44Gv5Y+X5LuY5LiN5Y+vKTxicj4144CB6YWN6YGU5YmN44Gr5Zyw5Z+f44Gu5a625YW36YWN6YCB5Lya56S+44GL44KJ44GK5a6i5qeY44Gr44GK6Zu76Kmx44Gr44Gm6YWN6YCB5LqI5a6a44Gu6YCj57Wh44KS5YWl44KM44G+44GZ44CCPGJyPuOAgOOAgOmbu+ipseOBq+OBpumFjemBlOaXpeeiuuiqjeOBrumam+OAgeOBiuWuouanmOOBqOaZgumWk+W4r+OBjOWQiOOCj+OBmuOChOOCgOOCkuW+l+OBmuWkieabtOOBmeOCi+WgtOWQiOOAgOOAgOOBjOOBguOCiuOBvuOBmeOAgjxicj7jgIDjgIDpm7voqbHjgYzjgaTjgarjgYzjgonjgarjgYTloLTlkIjjgarjgankuovliY3jgavpgKPntaHjgYzku5jjgYvjgarjgYTloLTlkIjjgIHphY3pgZTkuojlrprml6XjgafjgoLjgIDjgIDllYblk4Hjga7mjIHjgaHlh7rjgZfjgYzjgafjgY3jgb7jgZvjgpPjga7jgafphY3pgZTjga/nubDjgorlu7bjgbnjgavjgarjgorjgb7jgZnjgII8YnI+PGJyPjxicj48YnI+PGZvbnQgY29sb3I9I2ZmOTkwMD7jgJDku6PlvJXjgY3jgavjgaTjgYTjgabjgJE8L2ZvbnQ+PGJyPuOBk+OBoeOCieOBruWVhuWTgeOBr+OAgTxmb250IGNvbG9yPSNmZjAwMDA+5Luj5byV44GN44Gn44Gu5Ye66I2344Gv5Y+X44GR5LuY44GR44Gm44GK44KK44G+44Gb44KT44CCPC9mb250Pjxicj48YnI+PGJyPjxmb250IGNvbG9yPSNmZjk5MDA+44CQ6YCB5paZ44Gr44Gk44GE44Gm44CRPC9mb250Pjxicj48Zm9udCBjb2xvcj0jZmYwMDAwPuWMl+a1t+mBk+OAgeadseWMl+OAgeaylue4hOOAgembouWztuOBr+WIpemAlOmAgeaWmeOCkumgguOBjeOBvuOBmeOAgjwvZm9udD4=,5aSn5bed5a625YW3IOOCs+ODs+ODkeOCr+ODiDLkurrmjpvjgZHjgr3jg5XjgqHjg7wg44Os44OD44OJIFNLVC0wMTkwKOS7o+W8leS4jeWPrynjgJDpgIHmlpnnhKHmlpnjgJHjgJBzbXRiLWbjgJHvvJrjg6rjgrPjg6Hjg7PloILjgqTjg7Pjg4bjg6rjgqLppKg=,5aSn5bed5a625YW3IOOCs+ODs+ODkeOCr+ODiDLkurrmjpvjgZHjgr3jg5XjgqHjg7wg44Os44OD44OJIFNLVC0wMTkwKOS7o+W8leS4jeWPrynjgJDpgIHmlpnnhKHmlpnjgJHjgJBzbXRiLWbjgJE=,5aSn5bed5a625YW3IOOCs+ODs+ODkeOCr+ODiDLkurrmjpvjgZHjgr3jg5XjgqHjg7wg44Os44OD44OJIFNLVC0wMTkwKOS7o+W8leS4jeWPrynjgJDpgIHmlpnnhKHmlpnjgJHjgJBzbXRiLWbjgJE=[rn]
37-51653,aHR0cDovL3RzaG9wLnIxMHMuanAvcmNtZGluL2NhYmluZXQvdHYwMS90di0wMS12aWxsYS5qcGc/Zml0aW49NzAwOjcwMA==,MjcwMDAuMDAwMA==,,44Kk44Oz44OG44Oq44Ki44O75a+d5YW344O75Y+O57SNID4g44K944OV44Kh44O744K944OV44Kh44OZ44OD44OJID4gMuS6uuaOm+OBkeOCveODleOCoSA+IOWQiOaIkOearumdqQ==,44K944OV44Kh44O8IOOCveODleOCoSAy5Lq65o6b44GRIOOCq+OCpuODgeOCveODleOCoSAy5Lq65o6b44GR44K944OV44KhIDLkurrmjpvjgZHjgr3jg5XjgqHjgr3jg5XjgqEg44Kz44Oz44OR44Kv44OIIOODrOODiOODrSAo44O044Kj44OpKSjku6PlvJXkuI3lj68p44CQ6YCB5paZ54Sh5paZ44CR44CQc210Yi1m44CR,,PGNlbnRlcj48aW1nIHNyYz0iaHR0cDovL2ltYWdlLnJha3V0ZW4uY28uanAvcmNtZC9jYWJpbmV0L3R2MDEvdHYtMDEtdmlsbGEtMDAxLmpwZyI+PGJyPjxpbWcgc3JjPSJodHRwOi8vaW1hZ2UucmFrdXRlbi5jby5qcC9yY21kL2NhYmluZXQvdHYwMS90di0wMS12aWxsYS0wMDIuanBnIj48YnI+PGltZyBzcmM9Imh0dHA6Ly9pbWFnZS5yYWt1dGVuLmNvLmpwL3JjbWQvY2FiaW5ldC90djAxL3R2LTAxLXZpbGxhLTAwMy5qcGciPjwvY2VudGVyPuOBqeOBk+OBi+aHkOOBi+OBl+OBhOODrOODiOODreOBqumbsOWbsuawl+OBruOCs+ODs+ODkeOCr+ODiOODqeODluOCveODleOCoeOAgjxicj7jgb7jgaDjgonjgapQVkPnlJ/lnLDjgYzlkbPjgo/jgYTmt7HjgYTljbDosaHjgavjgILlrZjlnKjmhJ/jga7jgYLjgovjgr3jg5XjgqHjgafjgZnjgII8YnI+44Kz44Oz44OR44Kv44OI44K144Kk44K644Gq44Gu44Gn44CB44Ov44Oz44Or44O844Og44KE5LiA5Lq66YOo5bGL44Gr44KC44Gh44KH44GG44Gp6Imv44GE44K144Kk44K644Gn44GZ44CCPGJyPjxicj7ilqDjgrXjgqTjgro8YnI+5YWo5L2T77yaMTM3w5flpaXooYw4MMOX6auY44GVODJjbSjluqfpnaLpq5g0NCk8YnI+PGJyPumHjemHj++8mue0hDM4a2c8YnI+5qKx5YyF44K144Kk44K677ya5bmFMTM3w5flpaXooYw4MsOX6auY44GVNzBjbTxicj48YnI+4pag55Sf55Sj5Zyw77ya5Lit5Zu9PGJyPjxicj7ilqDntKDmnZDjg7vmiJDliIbvvJrlvLXlnLDvvJpQVkM8YnI+5Lit5p2Q77ya44Km44Os44K/44Oz77yP5pyo5p6gPGJyPuiEmu+8muacqOijvTxicj48YnI+PGJyPjxmb250IGNvbG9yPSNmZjk5MDA+44CQ5Luj5byV44GN44Gr44Gk44GE44Gm44CRPC9mb250Pjxicj7jgZPjgaHjgonjga7llYblk4Hjga/jgIE8Zm9udCBjb2xvcj0jZmYwMDAwPuS7o+W8leOBjeOBp+OBruWHuuiNt+OBr+WPl+OBkeS7mOOBkeOBpuOBiuOCiuOBvuOBm+OCk+OAgjwvZm9udD48YnI+PGJyPjxicj48Zm9udCBjb2xvcj0jZmY5OTAwPuOAkOmAgeaWmeOBq+OBpOOBhOOBpuOAkTwvZm9udD48YnI+PGZvbnQgY29sb3I9I2ZmMDAwMD7ljJfmtbfpgZPjgIHmspbnuITjgIHpm6Lls7bjga/liKXpgJTpgIHmlpnjgpLpoILjgY3jgb7jgZnjgII8L2ZvbnQ+,44K944OV44Kh44O8IOOCveODleOCoSAy5Lq65o6b44GRIOOCq+OCpuODgeOCveODleOCoSAy5Lq65o6b44GR44K944OV44KhIDLkurrmjpvjgZHjgr3jg5XjgqHjgr3jg5XjgqEg44Kz44Oz44OR44Kv44OIIOODrOODiOODrSAo44O044Kj44OpKSjku6PlvJXkuI3lj68p44CQ6YCB5paZ54Sh5paZ44CR44CQc210Yi1m44CR77ya44Oq44Kz44Oh44Oz5aCC44Kk44Oz44OG44Oq44Ki6aSo,44K944OV44Kh44O8IOOCveODleOCoSAy5Lq65o6b44GRIOOCq+OCpuODgeOCveODleOCoSAy5Lq65o6b44GR44K944OV44KhIDLkurrmjpvjgZHjgr3jg5XjgqHjgr3jg5XjgqEg44Kz44Oz44OR44Kv44OIIOODrOODiOODrSAo44O044Kj44OpKSjku6PlvJXkuI3lj68p44CQ6YCB5paZ54Sh5paZ44CR44CQc210Yi1m44CR,44K944OV44Kh44O8IOOCveODleOCoSAy5Lq65o6b44GRIOOCq+OCpuODgeOCveODleOCoSAy5Lq65o6b44GR44K944OV44KhIDLkurrmjpvjgZHjgr3jg5XjgqHjgr3jg5XjgqEg44Kz44Oz44OR44Kv44OIIOODrOODiOODrSAo44O044Kj44OpKSjku6PlvJXkuI3lj68p44CQ6YCB5paZ54Sh5paZ44CR44CQc210Yi1m44CR[rn]
37-51654,aHR0cDovL3RzaG9wLnIxMHMuanAvcmNtZGluL2NhYmluZXQvYXYwNi9hdi00NTczNDU4MTU1NDcwLmpwZz9maXRpbj03MDA6NzAw,NDA4MTUuMjAwMA==,,44Kk44Oz44OG44Oq44Ki44O75a+d5YW344O75Y+O57SNID4g44K944OV44Kh44O744K944OV44Kh44OZ44OD44OJID4gMuS6uuaOm+OBkeOCveODleOCoSA+IOWQiOaIkOearumdqQ==,5aSn5bed5a625YW3IOOCu+ODn+ODj+OCpOODkOODg+OCr+OCveODleOCoTLkurrmjpvjgZHjgr3jg5XjgqEg44Ki44Kk44Oc44Oq44O8IFNLVC0wMTgwKOS7o+W8leS4jeWPrynjgJDpgIHmlpnnhKHmlpnjgJHjgJBzbXRiLWbjgJE=,,PGNlbnRlcj48ZGl2PjxpbWcgc3JjPSJodHRwOi8vaW1hZ2UucmFrdXRlbi5jby5qcC9yY21kL2NhYmluZXQvYXYwNi80NTczNDU4MTU1NDcwLmpwZyIgd2lkdGg9IjY4NSI+PC9kaXY+PGJyPjxkaXY+PGltZyBzcmM9Imh0dHA6Ly9pbWFnZS5yYWt1dGVuLmNvLmpwL3JjbWQvY2FiaW5ldC9hdjA2LzQ1NzM0NTgxNTU0NzBfMS5qcGciIHdpZHRoPSI2ODUiPjwvZGl2Pjxicj48ZGl2PjxpbWcgc3JjPSJodHRwOi8vaW1hZ2UucmFrdXRlbi5jby5qcC9yY21kL2NhYmluZXQvYXYwNi80NTczNDU4MTU1NDcwXzIuanBnIiB3aWR0aD0iNjg1Ij48L2Rpdj48L2NlbnRlcj7jgrXjgqTjgro65bmFMTQ5IHgg5aWl6KGMODUgeCDpq5jjgZU4MijluqfpnaLpq5g0NSljbTxicj7mnKzkvZPph43ph486MzAuNUtnPGJyPueUn+eUo+WbvTrkuK3lm708YnI+5p2Q6LOq44O75by144KK5ZywOuOAgOWQiOaIkOearumdqTxicj7mnZDos6rjg7vmnKzkvZM65pyo5p6g44CB44Od44Kx44OD44OI44Kz44Kk44Or44CB44Km44Os44K/44Oz44OV44Kp44O844OgPGJyPuW6p+mdouOCteOCpOOCujrluYUxMDAgeCDlpaXooYw1MGNtKOiDjOmrmOOBlee0hDQ1Y20pPGJyPuS7leanmDrlrozmiJDlk4E8YnI+44K744Of44OP44Kk44OQ44OD44Kv44Gn44CB5bqn6Z2i44GM5bCR44GX6auY44GENDVjbeOBp+OChuOBo+OBn+OCiuW6p+OCjOOCi+ODnuODq+ODgeODpuODvOOCueOCveODleOCoeOAgjxicj7jgYrlpb3jgb/jgavlkIjjgo/jgZvjgaYz6Imy44GL44KJ6YG444G544G+44GZ44CCPGJyPuWutuOBruODquODk+ODs+OCsOOBr+OCguOBoeOCjeOCk+OCquODleOCo+OCueOBp+OCguS9v+OBhOOChOOBmeOBhOOCveODleOCoeOAgjxicj7ku5Xmp5g65a6M5oiQ5ZOBPGJyPjxicj7jgJDlpKflnovlrrblhbfphY3pgIHjgavplqLjgZnjgovms6jmhI/kuovpoIXjgJE8YnI+44GT44Gu5ZWG5ZOB44Gv6YCa5bi46YWN6YCB44Go6YGV44GE44CB5aSn5Z6L5a625YW36YWN6YCB44Gu5omx44GE44Go44Gq44KK44G+44GZ44CCPGJyPjHjgIHljJfmtbfpgZPjg7vmspbnuITnnIzjg7vpnZLmo67nnIzjg7vlsqnmiYvnnIzjg7vlrq7ln47nnIzjg7vnp4vnlLDnnIzjg7vlsbHlvaLnnIzjg7vnpo/ls7bnnIzjg7vjgIDjgIDjgZ3jga7ku5bpm6Lls7bjgbjjga7phY3pgIHjga/liKXpgJTopovnqY3jgajjgarjgorjgb7jgZnjgII8YnI+44CA44CA44G+44Gf5LiA6YOo5Zyw5Z+f44Gv6YWN6YCB5LiN5Y+v44Gu5aC05ZCI44GC44KK44G+44GZ44CCPGJyPuOAgOOAgCjjgrXjgqTjg4jlhoXoqJjovInjga7pgYvos4PooajjgajnlbDjgarjgorjgb7jgZnjga7jgafjgZTms6jmhI/jgY/jgaDjgZXjgYQpPGJyPjLjgIHjgYrlsYrjgZHml6Xjga7mjIflrprjga/jgZTluIzmnJvjgavmt7vjgYjjgarjgYTloLTlkIjjgYzjgYLjgovjgZPjgajjgpLkuojjgoHjgZTkuobmib/jgY/jgaDjgZXjgYTjgII8YnI+44CA44CA44GU5rOo5paH56K66KqN44Gu44Oh44O844Or44Gn44GK5bGK44GR5LqI5a6a5pel44KS44GU5qGI5YaF44GE44Gf44GX44G+44GZ44CCPGJyPuOAgOOAgOOBvuOBn+mFjemBlOaZgumWk+OBruaMh+WumuOBr+OBp+OBjeOBvuOBm+OCk+OAgjxicj7jgIDjgIDjgYrlsYrjgZHkuojlrprjga7nm67lrok644GU5rOo5paH44GL44KJ57SEMTDml6XjgYvjgonntIQxNeaXpeW+jOOBruOBiuWxiuOBkTxicj7jgIDjgIAo5pel5puc44O756Wd5pel44Gv6YWN6YGU44Gn44GN44Gq44GE5aC05ZCI44GM44GC44KK44G+44GZKTxicj4z44CB6YWN6YGU44Gv44GK5a6i5qeY546E6Zai5rih44GX44Gn44GZ44CC546E6Zai44GL44KJ5a6244Gu5Lit44Gq44Gp44G444Gu5pCs5YWl44Gv44GE44Gf44GX44G+44Gb44KT44CCPGJyPjTjgIHntYTnq4vjg7voqK3nva7jga7jgZTluIzmnJvjgYzjgYLjgovloLTlkIjjga/jgIHlv4XjgZrjgZTms6jmlofmmYLjgavmmI7oqJjjgZfjgabjgY/jgaDjgZXjgYTjgII8YnI+44CA44CA6Kit572u5aC05omA44Gq44Gp44KS56K66KqN44Gu5LiK44CB5Yil6YCU6KaL56mN44GE44Gf44GX44G+44GZ44CCKOOBlOazqOaWh+eiuuWumuW+jOOBr+WPl+S7mOS4jeWPryk8YnI+NeOAgemFjemBlOWJjeOBq+WcsOWfn+OBruWutuWFt+mFjemAgeS8muekvuOBi+OCieOBiuWuouanmOOBq+OBiumbu+ipseOBq+OBpumFjemAgeS6iOWumuOBrumAo+e1oeOCkuWFpeOCjOOBvuOBmeOAgjxicj7jgIDjgIDpm7voqbHjgavjgabphY3pgZTml6Xnorroqo3jga7pmpvjgIHjgYrlrqLmp5jjgajmmYLplpPluK/jgYzlkIjjgo/jgZrjgoTjgoDjgpLlvpfjgZrlpInmm7TjgZnjgovloLTlkIjjgIDjgIDjgYzjgYLjgorjgb7jgZnjgII8YnI+44CA44CA6Zu76Kmx44GM44Gk44Gq44GM44KJ44Gq44GE5aC05ZCI44Gq44Gp5LqL5YmN44Gr6YCj57Wh44GM5LuY44GL44Gq44GE5aC05ZCI44CB6YWN6YGU5LqI5a6a5pel44Gn44KC44CA44CA5ZWG5ZOB44Gu5oyB44Gh5Ye644GX44GM44Gn44GN44G+44Gb44KT44Gu44Gn6YWN6YGU44Gv57mw44KK5bu244G544Gr44Gq44KK44G+44GZ44CCPGJyPjxicj48YnI+PGJyPjxmb250IGNvbG9yPSNmZjk5MDA+44CQ5Luj5byV44GN44Gr44Gk44GE44Gm44CRPC9mb250Pjxicj7jgZPjgaHjgonjga7llYblk4Hjga/jgIE8Zm9udCBjb2xvcj0jZmYwMDAwPuS7o+W8leOBjeOBp+OBruWHuuiNt+OBr+WPl+OBkeS7mOOBkeOBpuOBiuOCiuOBvuOBm+OCk+OAgjwvZm9udD48YnI+PGJyPjxicj48Zm9udCBjb2xvcj0jZmY5OTAwPuOAkOmAgeaWmeOBq+OBpOOBhOOBpuOAkTwvZm9udD48YnI+PGZvbnQgY29sb3I9I2ZmMDAwMD7ljJfmtbfpgZPjgIHmnbHljJfjgIHmspbnuITjgIHpm6Lls7bjga/liKXpgJTpgIHmlpnjgpLpoILjgY3jgb7jgZnjgII8L2ZvbnQ+,5aSn5bed5a625YW3IOOCu+ODn+ODj+OCpOODkOODg+OCr+OCveODleOCoTLkurrmjpvjgZHjgr3jg5XjgqEg44Ki44Kk44Oc44Oq44O8IFNLVC0wMTgwKOS7o+W8leS4jeWPrynjgJDpgIHmlpnnhKHmlpnjgJHjgJBzbXRiLWbjgJHvvJrjg6rjgrPjg6Hjg7PloILjgqTjg7Pjg4bjg6rjgqLppKg=,5aSn5bed5a625YW3IOOCu+ODn+ODj+OCpOODkOODg+OCr+OCveODleOCoTLkurrmjpvjgZHjgr3jg5XjgqEg44Ki44Kk44Oc44Oq44O8IFNLVC0wMTgwKOS7o+W8leS4jeWPrynjgJDpgIHmlpnnhKHmlpnjgJHjgJBzbXRiLWbjgJE=,5aSn5bed5a625YW3IOOCu+ODn+ODj+OCpOODkOODg+OCr+OCveODleOCoTLkurrmjpvjgZHjgr3jg5XjgqEg44Ki44Kk44Oc44Oq44O8IFNLVC0wMTgwKOS7o+W8leS4jeWPrynjgJDpgIHmlpnnhKHmlpnjgJHjgJBzbXRiLWbjgJE=[rn]
37-51655,aHR0cDovL3RzaG9wLnIxMHMuanAva2FndW1hcnUvY2FiaW5ldC9zYW51LzY2NTAxMzQuanBnP2ZpdGluPTcwMDo3MDA=,MzQyNDAuMDAwMA==,,44Kk44Oz44OG44Oq44Ki44O75a+d5YW344O75Y+O57SNID4g44K944OV44Kh44O744K944OV44Kh44OZ44OD44OJID4gMuS6uuaOm+OBkeOCveODleOCoSA+IOWQiOaIkOearumdqQ==,44K944OV44KhIDLkurrmjpvjgZEg44OI44Og44OGIFRvbXRlIOW5hTEyNmNt5LqM5Lq65o6b44GRIDLkurrmjpvjgZHjgr3jg5XjgqEg44Ot44O844K/44Kk44OX44K944OV44KhIOODreODvOOCveODleOCoSDjg6zjg4jjg63jgr3jg5XjgqEg44Ki44Oz44OG44Kj44O844Kv44K944OV44KhIOODh+OCtuOCpOODiuODvOOCuuOCveODleOCoSDjg6zjg4jjg60g44Oi44OA44OzIOODouODgOODs+ODh+OCtuOCpOODsyDjg5/jg4Pjg4njgrvjg7Pjg4Hjg6Xjg6rjg7wg44GK5rSS6JC9IOOCr+ODquODvOODoOOAkOmAgeaWmeeEoeaWmeOAkSDpgIHmlpnnhKHmlpkg5paw55Sf5rS7IOW8lei2ig==,MuS6uuaOm+OBkeOCveODleOCoSDjg4jjg6Djg4bjgrfjg6rjg7zjgrog5ZCI55qu44Os44K244O844K944OV44Kh44O8,PGRpdiBzdHlsZT0id2lkdGg6IDY3MHB4OyBmb250LXNpemU6IDE0cHg7Ij4KPGltZyBzcmM9Imh0dHBzOi8vaW1hZ2UucmFrdXRlbi5jby5qcC9rYWd1bWFydS9jYWJpbmV0L3NhbnUvNjY1MDEzNGEuanBnIiBhbHQ9IuODrOODiOODreaEn+OBq+OBk+OBoOOCj+OBo+OBn+WAi+aAp+a0vuODh+OCtuOCpOODsyAtIDLkurrmjpvjgZHjgr3jg5XjgqHjgIDjg4jjg6Djg4bjgIBUb210ZSIgLz48YnIgLz4KPGltZyBzcmM9Imh0dHBzOi8vaW1hZ2UucmFrdXRlbi5jby5qcC9rYWd1bWFydS9jYWJpbmV0L3NhbnUvNjY1MDEzNGIuanBnIiBhbHQ9IuOCt+ODs+ODl+ODq+OBleOBruS4reOBq+imi+OBiOOCi+aEn+W6puOBrumrmOOBhOODh+OCtuOCpOODsyIgc3R5bGU9Im1hcmdpbi10b3A6IDIwcHg7IiAvPjxiciAvPgo8aW1nIHNyYz0iaHR0cHM6Ly9pbWFnZS5yYWt1dGVuLmNvLmpwL2thZ3VtYXJ1L2NhYmluZXQvc2FudS82NjUwMTM0Yy5qcGciIGFsdD0i44GK6YOo5bGL44Gu5Li75b2544Gr44Gq44KL6YeN5Y6a5oSf44Gu44GC44KL44OV44Kp44Or44OgIiBzdHlsZT0ibWFyZ2luLXRvcDogMjBweDsiIC8+PGJyIC8+CjxpbWcgc3JjPSJodHRwczovL2ltYWdlLnJha3V0ZW4uY28uanAva2FndW1hcnUvY2FiaW5ldC9zYW51LzY2NTAxMzRkLmpwZyIgYWx0PSJTaXplIiBzdHlsZT0ibWFyZ2luLXRvcDogMzBweDsiIC8+PGJyIC8+CjxpbWcgc3JjPSJodHRwczovL2ltYWdlLnJha3V0ZW4uY28uanAva2FndW1hcnUvY2FiaW5ldC9zYW51LzY2NTAxMzRlLmpwZyIgYWx0PSLjg6zjg4jjg63jgr3jg5XjgqEiIHN0eWxlPSJtYXJnaW4tdG9wOiAzMHB4OyIgLz48YnIgLz4KPGltZyBzcmM9Imh0dHBzOi8vaW1hZ2UucmFrdXRlbi5jby5qcC9rYWd1bWFydS9jYWJpbmV0L3NhbnUvNjY1MDEzNGYuanBnIiBhbHQ9IuODrOODiOODreODouODgOODs+OBruS6jOS6uuaOm+OBkeOCveODleOCoSIgc3R5bGU9Im1hcmdpbi10b3A6IDMwcHg7IiAvPjxiciAvPgo8YnI+CjxpbWcgc3JjPSJodHRwczovL2ltYWdlLnJha3V0ZW4uY28uanAva2FndW1hcnUvY2FiaW5ldC9zdWdpbW90by9rYW5yZW4uanBnIiBhbHQ9IiIgICBib3JkZXI9IjAiICA+PGJyPgo8dGFibGUgd2lkdGg9IjY3MCIgYm9yZGVyPSIwIiBjZWxsc3BhY2luZz0iMSIgc3R5bGU9ImZvbnQtc2l6ZToxMnB4OyBmb250LXdlaWdodDpib2xkOyI+Cjx0cj4KPHRkIGJnY29sb3I9IiNGRkZGRkYiPjxhIGhyZWY9Imh0dHBzOi8vaXRlbS5yYWt1dGVuLmNvLmpwL2thZ3VtYXJ1LzE0MDUwNjcxLyI+PGltZyBzcmM9Imh0dHBzOi8vaW1hZ2UucmFrdXRlbi5jby5qcC9rYWd1bWFydS9jYWJpbmV0L3NhbnUvMTQwNTA2NzFfMjAwLmpwZyIgYWx0PSIiICAgYm9yZGVyPSIwIiAgPjxiciAvPuOCveODleOCoeODvOOCteOCpOODieODhuODvOODluODqzwvYT48L3RkPgo8dGQgYmdjb2xvcj0iI0ZGRkZGRiI+PGEgaHJlZj0iaHR0cHM6Ly9pdGVtLnJha3V0ZW4uY28uanAva2FndW1hcnUvNjY1MDEzMS8iPjxpbWcgc3JjPSJodHRwczovL2ltYWdlLnJha3V0ZW4uY28uanAva2FndW1hcnUvY2FiaW5ldC9zYW51LzY2NTAxMzFfMjAwLmpwZyIgYWx0PSIiICAgYm9yZGVyPSIwIiAgPjxiciAvPgrjgrvjg7Pjgr/jg7zjg4bjg7zjg5bjg6s8L2E+PC90ZD4KPHRkIGJnY29sb3I9IiNGRkZGRkYiPjxhIGhyZWY9Imh0dHBzOi8vaXRlbS5yYWt1dGVuLmNvLmpwL2thZ3VtYXJ1LzY2NTAxMzIvIj48aW1nIHNyYz0iaHR0cHM6Ly9pbWFnZS5yYWt1dGVuLmNvLmpwL2thZ3VtYXJ1L2NhYmluZXQvc2FudS82NjUwMTMyXzIwMC5qcGciIGFsdD0iIiAgIGJvcmRlcj0iMCIgID48YnIgLz4y5Lq65o6b44GR44K944OV44Kh44O8PC9hPjwvdGQ+CjwvdHI+Cjx0cj4KPHRkIGJnY29sb3I9IiNGRkZGRkYiIGhlaWdodD0iMjAiPjwvdGQ+Cjx0ZCBiZ2NvbG9yPSIjRkZGRkZGIj48L3RkPgo8dGQgYmdjb2xvcj0iI0ZGRkZGRiI+PC90ZD4KPC90cj4KPHRyPgo8dGQgYmdjb2xvcj0iI0ZGRkZGRiI+PGEgaHJlZj0iaHR0cHM6Ly9pdGVtLnJha3V0ZW4uY28uanAva2FndW1hcnUvNjY1MDEzMy8iPjxpbWcgc3JjPSJodHRwczovL2ltYWdlLnJha3V0ZW4uY28uanAva2FndW1hcnUvY2FiaW5ldC9zYW51LzY2NTAxMzNfMjAwLmpwZyIgYWx0PSIiICAgYm9yZGVyPSIwIiAgPjxiciAvPjPkurrmjpvjgZHjgr3jg5XjgqHjg7w8L2E+PC90ZD4KPHRkIGJnY29sb3I9IiNGRkZGRkYiPjxhIGhyZWY9Imh0dHBzOi8vaXRlbS5yYWt1dGVuLmNvLmpwL2thZ3VtYXJ1LzY2NTAxMzAvIj48aW1nIHNyYz0iaHR0cHM6Ly9pbWFnZS5yYWt1dGVuLmNvLmpwL2thZ3VtYXJ1L2NhYmluZXQvc2FudS82NjUwMTMwXzIwMC5qcGciIGFsdD0iIiAgIGJvcmRlcj0iMCIgID48YnIgLz4y5Lq65o6b44GR44K944OV44Kh44O8PC9hPjwvdGQ+Cjx0ZCBiZ2NvbG9yPSIjRkZGRkZGIj48YSBocmVmPSJodHRwczovL2l0ZW0ucmFrdXRlbi5jby5qcC9rYWd1bWFydS82NjUwMTM0LyI+PGltZyBzcmM9Imh0dHBzOi8vaW1hZ2UucmFrdXRlbi5jby5qcC9rYWd1bWFydS9jYWJpbmV0L3NhbnUvNjY1MDEzNF8yMDAuanBnIiBhbHQ9IiIgICBib3JkZXI9IjAiICA+PGJyIC8+MuS6uuaOm+OBkeOCveODleOCoeODvDwvYT48L3RkPgo8L3RyPgo8L3RhYmxlPgo8L2Rpdj48YnI+PHAgY2xhc3M9ImRlbGl2X2ZlZV9ob2t1Ij7ljJfmtbfpgZPjgbjjga7phY3pgIHjga/liKXpgJTpgIHmlpnjgYzjgYvjgYvjgorjgb7jgZnjgII8YnI+5YyX5rW36YGT6YCB5paZ77ya44CQ5YyXM+OAkeOCv+OCpOODlzwvcD4KPGZvbnQgY29sb3I9IkZGMDAwMDAwIj48YnI+CuKAu+aylue4hOOAgembouWztuODu+mBoOmalOWcsOOBq+mWouOBl+OBvuOBl+OBpuOBr+WIpemAlOmAgeaWmeOBjOOBi+OBi+OCiuOBvuOBmeOAgjwvZm9udD48YnI+PGJyPuODu+ODrOODiOODreaEn+OBq+OBk+OBoOOCj+OBo+OBn+WAi+aAp+a0vuODh+OCtuOCpOODszxicj4KCuODu+OCt+ODs+ODl+ODq+OBleOBruS4reOBq+OBiua0kuiQveOBuOOBruOBk+OBoOOCj+OCiuOBjOimi+OBiOOCi+WAi+aAp+eahOOBquODh+OCtuOCpOODszxicj4KCuODu+OBiumDqOWxi+OBrumbsOWbsuawl+OBq+WQiOOCj+OBm+OBpuODreODvOOCv+OCpOODl+OBqOOBl+OBpuOCguS9v+OBiOOBvuOBmeOAgjxicj48L3A+IDxociB3aWR0aD0iMCIgc2l6ZT0iMCIgc3R5bGU9IndpZHRoOjEwMCU7IGJvcmRlci1ib3R0b206dGhpbjsiPiA8cCBzdHlsZT0id2lkdGg6MTAwJTsiPuKWoOOCteOCpOOCuu+8mjxicj7luYUxMjbDl+WlpeihjOOBjTc4w5fpq5jjgZU3NmNt77yI5bqn6Z2i44G+44Gn44Gu6auY44GVNDJjbe+8iTxicj4KPC9wPiA8aHIgd2lkdGg9IjAiIHNpemU9IjAiIHN0eWxlPSJ3aWR0aDoxMDAlOyBib3JkZXItYm90dG9tOnRoaW47Ij4gPHAgc3R5bGU9IndpZHRoOjEwMCU7Ij7ilqDmnZDos6o8YnI+CuacqOODleODrOODvOODoOOAgVPjg5Djg43jgIHjgqbjgqPjg7zjg5Pjg7PjgrDjg5njg6vjg4g8YnI+CuOCveODleODiOODrOOCtuODvOOAgeWQiOearjxicj4KPC9wPiA8aHIgd2lkdGg9IjAiIHNpemU9IjAiIHN0eWxlPSJ3aWR0aDoxMDAlOyBib3JkZXItYm90dG9tOnRoaW47Ij4gPHAgc3R5bGU9IndpZHRoOjEwMCU7Ij7ilqDku5Xmp5g8YnI+CuODreODvOOCv+OCpOODl+S9v+eUqOWPr++8iOODn+ODi+iEmuS7mOOBje+8iTxicj48YnI+PC9wPiA8aHIgd2lkdGg9IjAiIHNpemU9IjAiIHN0eWxlPSJ3aWR0aDoxMDAlOyBib3JkZXItYm90dG9tOnRoaW47Ij4gPHAgc3R5bGU9IndpZHRoOjEwMCU7Ij7ilqDjgYrlrqLmp5jntYTnq4vlk4HvvJrlpKfkurrvvJHlkI3ntIQxNeWIhjxicj7igLvohJrpg6jjga7jgb/lj5bjgorku5jjgZE8L3A+CjxociB3aWR0aD0iMCIgc2l6ZT0iMCIgc3R5bGU9IndpZHRoOjEwMCU7IGJvcmRlci1ib3R0b206dGhpbjsiPjxwPuODoeODvOOCq+ODvOW4jOacm+Wwj+WjsuS+oeagvOOBr+ODoeODvOOCq+ODvOOCteOCpOODiOOBq+WfuuOBpeOBhOOBpuaOsui8ieOBl+OBpuOBhOOBvuOBmTwvcD48c3R5bGUgdHlwZT0idGV4dC9jc3MiPgpAY2hhcnNldCAidXRmLTgiOwovKiBDU1MgRG9jdW1lbnQgKi8KCjwvc3R5bGU+CjxsaW5rIHJlbD0ic3R5bGVzaGVldCIgaHJlZj0iaHR0cDovL3d3dy5yYWt1dGVuLm5lLmpwL2dvbGQva2FndW1hcnUvdG9rdXN5dS9rb3JhbXUvY3NzL2l0ZW1fc3R5bGUuY3NzIiAvPgo8aGVhZD4KCjwvaGVhZD4KCgoKPGJyPjxicj4KPGltZyBzcmM9Imh0dHA6Ly93d3cucmFrdXRlbi5uZS5qcC9nb2xkL2thZ3VtYXJ1L3Rva3VzeXUvc29mYS9pbWFnZXMvbWFpbi5qcGciIHdpZHRoPSI4NDBweCIgLz4KCgoKPC9odG1sPg==,44K944OV44KhIDLkurrmjpvjgZEg44OI44Og44OGIFRvbXRlIOW5hTEyNmNt5LqM5Lq65o6b44GRIDLkurrmjpvjgZHjgr3jg5XjgqEg44Ot44O844K/44Kk44OX44K944OV44KhIOODreODvOOCveODleOCoSDjg6zjg4jjg63jgr3jg5XjgqEg44Ki44Oz44OG44Kj44O844Kv44K944OV44KhIOODh+OCtuOCpOODiuODvOOCuuOCveODleOCoSDjg6zjg4jjg60g44Oi44OA44OzIOODouODgOODs+ODh+OCtuOCpOODsyDjg5/jg4Pjg4njgrvjg7Pjg4Hjg6Xjg6rjg7wg44GK5rSS6JC9IOOCr+ODquODvOODoOOAkOmAgeaWmeeEoeaWmeOAkSDpgIHmlpnnhKHmlpkg5paw55Sf5rS7IOW8lei2iu+8muOCq+OCsOODnuODqw==,44K944OV44KhIDLkurrmjpvjgZEg44OI44Og44OGIFRvbXRlIOW5hTEyNmNt5LqM5Lq65o6b44GRIDLkurrmjpvjgZHjgr3jg5XjgqEg44Ot44O844K/44Kk44OX44K944OV44KhIOODreODvOOCveODleOCoSDjg6zjg4jjg63jgr3jg5XjgqEg44Ki44Oz44OG44Kj44O844Kv44K944OV44KhIOODh+OCtuOCpOODiuODvOOCuuOCveODleOCoSDjg6zjg4jjg60g44Oi44OA44OzIOODouODgOODs+ODh+OCtuOCpOODsyDjg5/jg4Pjg4njgrvjg7Pjg4Hjg6Xjg6rjg7wg44GK5rSS6JC9IOOCr+ODquODvOODoOOAkOmAgeaWmeeEoeaWmeOAkSDpgIHmlpnnhKHmlpkg5paw55Sf5rS7IOW8lei2ig==,MuS6uuaOm+OBkeOCveODleOCoSDjg4jjg6Djg4bjgrfjg6rjg7zjgrog5ZCI55qu44Os44K244O844K944OV44Kh44O844CC44K944OV44KhIDLkurrmjpvjgZEg44OI44Og44OGIFRvbXRlIOW5hTEyNmNt5LqM5Lq65o6b44GRIDLkurrmjpvjgZHjgr3jg5XjgqEg44Ot44O844K/44Kk44OX44K944OV44KhIOODreODvOOCveODleOCoSDjg6zjg4jjg63jgr3jg5XjgqEg44Ki44Oz44OG44Kj44O844Kv44K944OV44KhIOODh+OCtuOCpOODiuODvOOCuuOCveODleOCoSDjg6zjg4jjg60g44Oi44OA44OzIOODouODgOODs+ODh+OCtuOCpOODsyDjg5/jg4Pjg4njgrvjg7Pjg4Hjg6Xjg6rjg7wg44GK5rSS6JC9IOOCr+ODquODvOODoOOAkOmAgeaWmeeEoeaWmeOAkSDpgIHmlpnnhKHmlpkg5paw55Sf5rS7IOW8lei2ig==[rn]
37-51656,aHR0cDovL3RzaG9wLnIxMHMuanAva2FndW1hcnUvY2FiaW5ldC90azcvNDcwMDA0NC5qcGc/Zml0aW49NzAwOjcwMA==,MjAwMDAuMDAwMA==,,44Kk44Oz44OG44Oq44Ki44O75a+d5YW344O75Y+O57SNID4g44K944OV44Kh44O744K944OV44Kh44OZ44OD44OJID4gMuS6uuaOm+OBkeOCveODleOCoSA+IOWQiOaIkOearumdqQ==,MlAg44K944OV44KhIOODquOCr+ODqeOCpOODi+ODs+OCsCDjg6zjg4jjg63oqr/jg6rjgq/jg6njgqTjg4vjg7PjgrDjgr3jg5XjgqEg44Kr44Km44OB44K944OV44KhIOODrOOCtuODvCDjg6rjgq/jg6njgqTjg4vjg7PjgrAg44K944OV44Kh44O8IOOCveODleOCoSDjgqvjgqbjg4Hjgr3jg5XjgqHjg7wg44Kr44Km44OB44K944OV44Kh44O8IOOCveODleOCoeODvOODmeODg+ODiSBzb2ZhIDLkurrmjpvjgZEgMlDjgr3jg5XjgqEgW+aWsOWVhuWTgV0g6YCB5paZ54Sh5paZ,44Os44OI44Ot6Kq/44Oq44Kv44Op44Kk44OL44Oz44Kw44K944OV44Kh,PGRpdiBzdHlsZT0id2lkdGg6IDY3MHB4OyBmb250LXNpemU6IDE0cHg7Ij4KPGltZyBzcmM9Imh0dHBzOi8vaW1hZ2UucmFrdXRlbi5jby5qcC9rYWd1bWFydS9jYWJpbmV0L3RrNy80NzAwMDQ0XzAxLmpwZyIgYWx0PSLjg6zjg4jjg63oqr/jg6rjgq/jg6njgqTjg4vjg7PjgrDjgr3jg5XjgqHjgJAy44Kr44Op44O844CRIiAvPjxiciAvPgo8aW1nIHNyYz0iaHR0cHM6Ly9pbWFnZS5yYWt1dGVuLmNvLmpwL2thZ3VtYXJ1L2NhYmluZXQvdGs3LzQ3MDAwNDRfMDIuanBnIiBhbHQ9Iuimi+OBn+ebruOCguiCjOinpuOCiuOCguaflOOCieOBi+OBp+WEquOBl+OBhOmbsOWbsuawl+OCkuaEn+OBmOOBleOBm+OCi+ODrOODiOODreiqv+ODh+OCtuOCpOODs+OBp+OBmeOAgiIgc3R5bGU9Im1hcmdpbi10b3A6IDIwcHg7IiAvPjxiciAvPgo8aW1nIHNyYz0iaHR0cHM6Ly9pbWFnZS5yYWt1dGVuLmNvLmpwL2thZ3VtYXJ1L2NhYmluZXQvdGs3LzQ3MDAwNDRfMDMuanBnIiBhbHQ9IkRldGFpbCIgc3R5bGU9Im1hcmdpbi10b3A6IDMwcHg7IiAvPjxiciAvPgo8aW1nIHNyYz0iaHR0cHM6Ly9pbWFnZS5yYWt1dGVuLmNvLmpwL2thZ3VtYXJ1L2NhYmluZXQvdGs3LzQ3MDAwNDRfMDQuanBnIiBhbHQ9IlNpemUgJiBDb2xvciIgc3R5bGU9Im1hcmdpbi10b3A6IDMwcHg7IiAvPjwvZGl2PjxwPjxpbWcgc3JjPSJodHRwczovL2ltYWdlLnJha3V0ZW4uY28uanAva2FndW1hcnUvY2FiaW5ldC9jYW0vZGliaWtpLmdpZiIgYWx0PSLku6Pph5HlvJXmj5vkuI3lj6/llYblk4EiIGJvcmRlcj0iMCIgPjxCUj48QlI+Cjxmb250IGNvbG9yPSJyZWQiPuKAu+S7o+W8leOBjeS4jeWPr+OBruWVhuWTgeOBqOOBquOCiuOBvuOBmeOAguS7luOBruOBiuaUr+aJleOBhOaWueazleOCkuOBiumBuOOBs+OBj+OBoOOBleOBhOOAgjwvZm9udD48L3A+PEJSPjxwIHN0eWxlPSJmb250LXNpemU6MTJweDsgY29sb3I6I0ZGMDAwMDsiPuKAu+mFjemBlOOBruaZgumWk+aMh+WumuOCkuaJv+OCi+OBk+OBqOOBjOOBp+OBjeOBvuOBm+OCk+OAgjxCUj4K4oC75rKW57iE44CB6Zui5bO244G444Gu44GK5bGK44GR44Gv5Ye65p2l44G+44Gb44KT44CCPC9wPjxociBzdHlsZT0iYm9yZGVyOiBub25lOyBib3JkZXItdG9wOiBkYXNoZWQgMXB4ICMwMDAwMDA7aGVpZ2h0OiAxcHg7IGNvbG9yOiAjZmZmZmZmOyI+5ZWG5ZOB44K144Kk44K677ya5bmFMTM5w5flpaXooYw3McOX6auY44GVNzJjbTxCUj7luqfpnaLpq5jjgZUzMi8zOGNtPEJSPgrlpaXooYzjgY3jg6rjgq/jg6njgqTjg4vjg7PjgrDmmYLvvJrlpaXooYwxMDBjbTxCUj4K5p2Q6LOq77ya44K544OB44O844Or44OR44Kk44OX44O744Km44Os44K/44Oz44OV44Kp44O844Og44O75aSp54S25pyoPEJSPgrlvLXlnLDvvJpQVkM8QlI+CuWCmeiAg++8muiCmOOBqOW6p+mdouS4i+OBruW5leadv+OBr+OBiuWuouanmOe1hOeri+WTgTxCUj4K44O744Gb44KC44Gf44KMMTTmrrXpmo7jg6rjgq/jg6njgqTjg4vjg7PjgrA8QlI+CuODu+W6p+mdoumrmDLmrrXpmo7oqr/nr4A8QlI+CueUn+eUo+Wbve+8muS4reWbvTxCUj48aHIgc3R5bGU9ImJvcmRlcjogbm9uZTsgYm9yZGVyLXRvcDogZGFzaGVkIDFweCAjMDAwMDAwO2hlaWdodDogMXB4OyBjb2xvcjogI2ZmZmZmZjsiPuS9v+OBhOi+vOOBvuOCjOOBn+WutuWFt+OBruOCiOOBhuOBqua4qeOCguOCiuOBjOS8neOCj+OCi+WRs+OCj+OBhOOBruOBguOCi+OCveODleOCoeOBp+OBmeOAgjxCUj4K6KaL44Gf55uu44KC6IKM6Kem44KK44KC5p+U44KJ44GL44Gn5YSq44GX44GE6Zuw5Zuy5rCX44KS5oSf44GY44GV44Gb44KL44Os44OI44Ot6Kq/44OH44K244Kk44Oz44Gn44GZ44CCPEJSPgrmn5TjgonjgYvjgafmuKnjgoLjgorjga7jgYLjgovlpKnnhLbmnKjjgavjg6zjg4jjg63oqr/jga7liqDlt6XjgpLmlr3jgZfjgZ/jgr3jg5XjgqHjgILokL3jgaHnnYDjgYTjgZ/oibLlkIjjgYTjga7lvLXlnLDjgajlhKrjgZfjgYTmnKjjga7os6rmhJ/jgafjgIHjganjgpPjgarjgYrpg6jlsYvjgavnva7jgYTjgabjgoLjgZfjgaPjgY/jgorjgajpprTmn5PjgpPjgafjgY/jgozjgb7jgZnjgII8QlI+CuOBiuWlveOBv+OBp+W6p+mdouOBrumrmOOBleOCguWkieOBiOOCieOCjOOBvuOBmeOAgjxCUj4KMTTmrrXpmo7jgavoqr/nr4Dlj6/og73jgarog4zjgoLjgZ/jgozjgafjgY/jgaTjgo3jgY7luqbjgoLjgqLjg4Pjg5fjgZfjgb7jgZnjgII8QlI+CuOBj+OBpOOCjeOBjuOBruOCueOCv+OCpOODq+OBq+WQiOOCj+OBm+OBpuOAgeiDjOOCguOBn+OCjOOBruinkuW6puOCkjE05q616ZqO44Gr6Kq/56+A5Y+v6IO944CC44K944OV44Kh44Go44GX44Gm44Gv44KC44Gh44KN44KT44Kr44Km44OB44Gu44KI44GG44Gr44KC44GK5L2/44GE44GE44Gf44Gg44GR44G+44GZ44CC5pel5bi444Gu5qeY44CF44Gq44K344O844Oz44Gr5rq244GR6L6844KA44K944OV44Kh44Gn44GZ44CCPEJSPgrlpKnnhLbmnKjjga7muKnjgoLjgorjgajpganluqbjgarjgq/jg4Pjgrfjg6fjg7PmgKfjgafluqfjgorlv4PlnLDjg5Djg4TjgrDjg7PjgafjgZnjgII8QlI+CuayiOOBv+i+vOOBv+mBjuOBjuOBmuOBl+OBo+OBi+OCiuaUr+OBiOOBpuOBj+OCjOOCi+mBqeW6puOBquOCr+ODg+OCt+ODp+ODs+aAp+OBruW6p+mdouOBqOiCjOOBq+inpuOCjOOBn+aZguOBrua4qeOCguOCiuOBjOW/g+WcsOiJr+OBhOWkqeeEtuacqOOBruODleODrOODvOODoOOAguW6p+OCiuW/g+WcsOODkOODhOOCsOODs+OBp+OCpOODs+ODhuODquOCouaAp+OBrumrmOOBhOODh+OCtuOCpOODs+OBp+OBmeOAgjxCUj4K44GK6YOo5bGL44KS6JC944Gh552A44GE44Gf5Y2w6LGh44Gr6KaL44Gb44KL44Kr44Op44O844KS44GU55So5oSP44GX44G+44GX44Gf44CCPEJSPjxzdHlsZSB0eXBlPSJ0ZXh0L2NzcyI+CkBjaGFyc2V0ICJ1dGYtOCI7Ci8qIENTUyBEb2N1bWVudCAqLwoKPC9zdHlsZT4KPGxpbmsgcmVsPSJzdHlsZXNoZWV0IiBocmVmPSJodHRwOi8vd3d3LnJha3V0ZW4ubmUuanAvZ29sZC9rYWd1bWFydS90b2t1c3l1L2tvcmFtdS9jc3MvaXRlbV9zdHlsZS5jc3MiIC8+CjxoZWFkPgoKPC9oZWFkPgoKCgo8YnI+PGJyPgo8aW1nIHNyYz0iaHR0cDovL3d3dy5yYWt1dGVuLm5lLmpwL2dvbGQva2FndW1hcnUvdG9rdXN5dS9zb2ZhL2ltYWdlcy9tYWluLmpwZyIgd2lkdGg9Ijg0MHB4IiAvPgoKCgo8L2h0bWw+,MlAg44K944OV44KhIOODquOCr+ODqeOCpOODi+ODs+OCsCDjg6zjg4jjg63oqr/jg6rjgq/jg6njgqTjg4vjg7PjgrDjgr3jg5XjgqEg44Kr44Km44OB44K944OV44KhIOODrOOCtuODvCDjg6rjgq/jg6njgqTjg4vjg7PjgrAg44K944OV44Kh44O8IOOCveODleOCoSDjgqvjgqbjg4Hjgr3jg5XjgqHjg7wg44Kr44Km44OB44K944OV44Kh44O8IOOCveODleOCoeODvOODmeODg+ODiSBzb2ZhIDLkurrmjpvjgZEgMlDjgr3jg5XjgqEgW+aWsOWVhuWTgV0g6YCB5paZ54Sh5paZ77ya44Kr44Kw44Oe44Or,MlAg44K944OV44KhIOODquOCr+ODqeOCpOODi+ODs+OCsCDjg6zjg4jjg63oqr/jg6rjgq/jg6njgqTjg4vjg7PjgrDjgr3jg5XjgqEg44Kr44Km44OB44K944OV44KhIOODrOOCtuODvCDjg6rjgq/jg6njgqTjg4vjg7PjgrAg44K944OV44Kh44O8IOOCveODleOCoSDjgqvjgqbjg4Hjgr3jg5XjgqHjg7wg44Kr44Km44OB44K944OV44Kh44O8IOOCveODleOCoeODvOODmeODg+ODiSBzb2ZhIDLkurrmjpvjgZEgMlDjgr3jg5XjgqEgW+aWsOWVhuWTgV0g6YCB5paZ54Sh5paZ,44Os44OI44Ot6Kq/44Oq44Kv44Op44Kk44OL44Oz44Kw44K944OV44Kh44CCMlAg44K944OV44KhIOODquOCr+ODqeOCpOODi+ODs+OCsCDjg6zjg4jjg63oqr/jg6rjgq/jg6njgqTjg4vjg7PjgrDjgr3jg5XjgqEg44Kr44Km44OB44K944OV44KhIOODrOOCtuODvCDjg6rjgq/jg6njgqTjg4vjg7PjgrAg44K944OV44Kh44O8IOOCveODleOCoSDjgqvjgqbjg4Hjgr3jg5XjgqHjg7wg44Kr44Km44OB44K944OV44Kh44O8IOOCveODleOCoeODvOODmeODg+ODiSBzb2ZhIDLkurrmjpvjgZEgMlDjgr3jg5XjgqEgW+aWsOWVhuWTgV0g6YCB5paZ54Sh5paZ[rn]
37-51657,aHR0cDovL3RzaG9wLnIxMHMuanAva2FndW1hcnUvY2FiaW5ldC9pY2hpMTQvMzY2NzA4NjAuanBnP2ZpdGluPTcwMDo3MDA=,NDE0NzIuMDAwMA==,,44Kk44Oz44OG44Oq44Ki44O75a+d5YW344O75Y+O57SNID4g44K944OV44Kh44O744K944OV44Kh44OZ44OD44OJID4gMuS6uuaOm+OBkeOCveODleOCoSA+IOWQiOaIkOearumdqQ==,MlDjgr3jg5XjgqEg5LqM5Lq65o6b44GR44K944OV44KhIHNvZmEgUFZD44Os44K244O8IOWQiOaIkOearumdqSAy5Lq65o6b44GR44K944OV44Kh44O8IOODh+OCtuOCpOODiuODvOOCuuOCveODleOCoSDjgYrjgZfjgoPjgowg6IKY5LuY44GNIOiCmOaOm+OBkeS7mOOBjSDjg6Ljg4Djg7Mg5b+c5o6l5a6kIOadpeWuouWupOeUqCDkuovli5nmiYAg44Kq44OV44Kj44K55a625YW3IOalreWLmeeUqOOAkOaXpeaZguaMh+WumuS4jeWPr+OAkeOAkOWkp+Wei+WutuWFt+S+v+OAkQ==,MlDjgr3jg5XjgqEg5LqM5Lq65o6b44K944OV44KhIHNvZmEgUFZDIDLkurrmjps=,PGltZyBzcmM9Imh0dHBzOi8vaW1hZ2UucmFrdXRlbi5jby5qcC9rYWd1bWFydS9jYWJpbmV0L2ljaGkxNC8zNjY3MDg2MC5qcGcgIj48YnI+PGltZyBzcmM9Imh0dHBzOi8vaW1hZ2UucmFrdXRlbi5jby5qcC9rYWd1bWFydS9jYWJpbmV0L2ljaGkxNC8zNjY3MDg2MF8xLmpwZyAiPjxicj48aW1nIHNyYz0iaHR0cHM6Ly9pbWFnZS5yYWt1dGVuLmNvLmpwL2thZ3VtYXJ1L2NhYmluZXQvaWNoaTE0LzM2NjcwODYwXzIuanBnIj48cCBzdHlsZT0iZm9udC1zaXplOjEycHg7IGNvbG9yOiNDQzAwMDA7Ij7igLvmspbnuITnnIzjg7vpm6Lls7bjg7vkuIDpg6jpgaDpmpTlnLDjgbjjga7jgYrlsYrjgZHjga/lh7rmnaXjgb7jgZvjgpPjgII8YnI+CuKAu+OBiuWxiuOBkeaXpeaZguOBruaMh+WumuOBr+OBiuWPl+OBkeOBp+OBjeOBvuOBm+OCk+OAgjxicj4K4oC76YCa5bi444CB44GK5bGK44GR44G+44Gn57SEMumAsemWk+OBu+OBqeOBi+OBi+OCiuOBvuOBmeOAguOBvuOBn+OAgeasoOWTgeS4reOBruWgtOWQiOOChOmFjemAgeWcsOWfn+OBq+OCiOOBo+OBpuOAgeOBiuaZgumWk+OCkuOBhOOBn+OBoOOBj+WgtOWQiOOBjOOBlOOBluOBhOOBvuOBmeOBruOBp+S6iOOCgeOBlOS6huaJv+OBj+OBoOOBleOBhOOAgjwvcD48cCBjbGFzcz0iZGVsaXZfZmVlX2hva3UiPuWMl+a1t+mBk+OBuOOBrumFjemAgeOBr+WIpemAlOmAgeaWmeOBjOOBi+OBi+OCiuOBvuOBmeOAgjxicj7ljJfmtbfpgZPpgIHmlpnvvJrjgJDljJc144CR44K/44Kk44OXPC9wPuW5hTEzNcOX5aWl6KGMNzbDl+mrmDY1Y208YnI+5bqn6Z2i6auYNDJjbTxicj7ooajpnaLmnZDvvJrlkIjmiJDnmq7pnakgU1BVL1BWQwrluqfpnaLvvJpT44OQ44ON44O744Km44Os44K/44Oz44OV44Kp44O844Og44O744Km44Kn44O844OT44Oz44Kw44OZ44Or44OIPGJyPjxicj48YnI+4pag6Zai6YCj5ZWG5ZOBPGJyPjxicj4xUOOCveODleOCoSDkuIDkurrmjpvjgZHjgr3jg5XjgqEgUFZD44Os44K244O8IOWQiOaIkOearumdqSAx5Lq65o6b44GR44K944OV44Kh44O8IOODh+OCtuOCpOODiuODvOOCuuOCveODleOCoSDogpjmjpvjgZHku5jjgY08YnI+CjNQ44K944OV44KhIOS4ieS6uuaOm+OBkeOCveODleOCoSBQVkPjg6zjgrbjg7wg5ZCI5oiQ55qu6Z2pIDPkurrmjpvjgZHjgr3jg5XjgqHjg7wg44OH44K244Kk44OK44O844K644K944OV44KhIOiCmOaOm+OBkeS7mOOBjTxicj4KMlDjgr3jg5XjgqEg5LqM5Lq65o6b44GR44K944OV44KhIFBWQ+ODrOOCtuODvCDlkIjmiJDnmq7pnakgMuS6uuaOm+OBkeOCveODleOCoeODvCDjg4fjgrbjgqTjg4rjg7zjgrrjgr3jg5XjgqEg6IKY5o6b44GR5LuY44GNPGJyPjxzdHlsZSB0eXBlPSJ0ZXh0L2NzcyI+CkBjaGFyc2V0ICJ1dGYtOCI7Ci8qIENTUyBEb2N1bWVudCAqLwoKPC9zdHlsZT4KPGxpbmsgcmVsPSJzdHlsZXNoZWV0IiBocmVmPSJodHRwOi8vd3d3LnJha3V0ZW4ubmUuanAvZ29sZC9rYWd1bWFydS90b2t1c3l1L2tvcmFtdS9jc3MvaXRlbV9zdHlsZS5jc3MiIC8+CjxoZWFkPgoKPC9oZWFkPgoKCgo8YnI+PGJyPgo8aW1nIHNyYz0iaHR0cDovL3d3dy5yYWt1dGVuLm5lLmpwL2dvbGQva2FndW1hcnUvdG9rdXN5dS9zb2ZhL2ltYWdlcy9tYWluLmpwZyIgd2lkdGg9Ijg0MHB4IiAvPgoKCgo8L2h0bWw+,MlDjgr3jg5XjgqEg5LqM5Lq65o6b44GR44K944OV44KhIHNvZmEgUFZD44Os44K244O8IOWQiOaIkOearumdqSAy5Lq65o6b44GR44K944OV44Kh44O8IOODh+OCtuOCpOODiuODvOOCuuOCveODleOCoSDjgYrjgZfjgoPjgowg6IKY5LuY44GNIOiCmOaOm+OBkeS7mOOBjSDjg6Ljg4Djg7Mg5b+c5o6l5a6kIOadpeWuouWupOeUqCDkuovli5nmiYAg44Kq44OV44Kj44K55a625YW3IOalreWLmeeUqOOAkOaXpeaZguaMh+WumuS4jeWPr+OAkeOAkOWkp+Wei+WutuWFt+S+v+OAke+8muOCq+OCsOODnuODqw==,MlDjgr3jg5XjgqEg5LqM5Lq65o6b44GR44K944OV44KhIHNvZmEgUFZD44Os44K244O8IOWQiOaIkOearumdqSAy5Lq65o6b44GR44K944OV44Kh44O8IOODh+OCtuOCpOODiuODvOOCuuOCveODleOCoSDjgYrjgZfjgoPjgowg6IKY5LuY44GNIOiCmOaOm+OBkeS7mOOBjSDjg6Ljg4Djg7Mg5b+c5o6l5a6kIOadpeWuouWupOeUqCDkuovli5nmiYAg44Kq44OV44Kj44K55a625YW3IOalreWLmeeUqOOAkOaXpeaZguaMh+WumuS4jeWPr+OAkeOAkOWkp+Wei+WutuWFt+S+v+OAkQ==,MlDjgr3jg5XjgqEg5LqM5Lq65o6b44K944OV44KhIHNvZmEgUFZDIDLkurrmjpvjgIIyUOOCveODleOCoSDkuozkurrmjpvjgZHjgr3jg5XjgqEgc29mYSBQVkPjg6zjgrbjg7wg5ZCI5oiQ55qu6Z2pIDLkurrmjpvjgZHjgr3jg5XjgqHjg7wg44OH44K244Kk44OK44O844K644K944OV44KhIOOBiuOBl+OCg+OCjCDogpjku5jjgY0g6IKY5o6b44GR5LuY44GNIOODouODgOODsyDlv5zmjqXlrqQg5p2l5a6i5a6k55SoIOS6i+WLmeaJgCDjgqrjg5XjgqPjgrnlrrblhbcg5qWt5YuZ55So44CQ5pel5pmC5oyH5a6a5LiN5Y+v44CR44CQ5aSn5Z6L5a625YW35L6/44CR[rn]
37-51658,aHR0cDovL3RzaG9wLnIxMHMuanAva2FndW1hcnUvY2FiaW5ldC95bTEwLzI2NTAxMDIwLmpwZz9maXRpbj03MDA6NzAw,MTcxMDcuMjAwMA==,,44Kk44Oz44OG44Oq44Ki44O75a+d5YW344O75Y+O57SNID4g44K944OV44Kh44O744K944OV44Kh44OZ44OD44OJID4gMuS6uuaOm+OBkeOCveODleOCoSA+IOWQiOaIkOearumdqQ==,6YG444G544KL44K944OV44KhIDLkurrmjpvjgZEg44Oc44K/44Oz44Kv44Ot44K544K544OG44OD44OBIOODm+ODr+OCpOODiCBQVkPjg6zjgrbjg7wg44Ob44Ov44Kk44OI44OV44Os44O844OgIOiEmuS7mCDogpjmjpvjgZHku5jjgY0g44Ki44O844Og44K944OV44KhIOacqOiCmCDjg6zjg4jjg63jgr3jg5XjgqEgMlAg5LqM5Lq65o6b44GR44K944OV44Kh44O8IDLkurrmjpvjgZHjgr3jg5XjgqHjg7wg44Op44OW44K944OV44KhIOOCt+ODs+ODl+ODqyDljJfmrKfjg4rjg4Hjg6Xjg6njg6sg44O044Kj44Oz44OG44O844K4IOWkqeeEtuacqOODleODrOODvOODoCDjgqvjg5Xjgqfpoqjjg4HjgqfjgqI=,5LqM5Lq65o6b44GR44K944OV44KhIDLkurrmjpvjgZHjgr3jg5XjgqHjg7wg6IKY5o6b44GR5LuY44GNIFBWQ+ODrOOCtuODvCDjgrfjg7Pjg5fjg6s=,PGRpdiBjbGFzcz0iaXBibG9jayI+CjxkaXY+PGltZyBzcmM9Imh0dHBzOi8vaW1hZ2UucmFrdXRlbi5jby5qcC9pLW9mZmljZTEvY2FiaW5ldC95bTEwLzI2NTAxMDIwLmpwZyIgYWx0PSIiIHN0eWxlPSJtYXJnaW4tYm90dG9tOjQwcHg7Ij48L2Rpdj4KPGRpdj4KPHAgc3R5bGU9IndpZHRoOjY0OHB4O3BhZGRpbmc6MTBweDtsaW5lLWhlaWdodDoxNjAlO2JvcmRlcjoxcHggc29saWQgI0NDQzsiPgo8YiBzdHlsZT0iY29sb3I6IzkyMjsiPue1hOOBv+WQiOOCj+OBm+iHqueUseiHquWcqO+8geiHquWIhuOBoOOBkeOBruOCueOCv+OCpOODq++8gTwvYj48YnI+Cue1hOOBv+WQiOOCj+OBm+iHqueUseiHquWcqOOBruODrOODiOODreOBqumbsOWbsuawl+OBruOCq+ODleOCp+miqOOCveODleOCoeOAggrluqfpnaLjgajog4zjgoLjgZ/jgozjga7nuKvjgYTmn4TjgajlvLXlnLDjgIHlpKnnhLbmnKjjg5Xjg6zjg7zjg6Djga7jgqvjg6njg7zjgYvjgonjgYrlpb3jgb/jga7jg4fjgrbjgqTjg7PjgpLjgYrpgbjjgbPjgYTjgZ/jgaDjgZHjgb7jgZnjgII8YnI+CuixiuWvjOOBque1hOOBv+WQiOOCj+OBm+ODkeOCv+ODvOODs+OBi+OCieOAgeOBjeOBo+OBqOOBguOBquOBn+OBrueUn+a0u+OCueOCv+OCpOODq+OBq+WQiOOBhuOCveODleOCoeOBjOimi+OBpOOBi+OCiuOBvuOBmeOAgjxicj4KPC9wPgo8L2Rpdj4KPGRpdj48aW1nIHNyYz0iaHR0cHM6Ly93d3cucmFrdXRlbi5uZS5qcC9nb2xkL2Jlc3Q5OS9zaGIvMjY1L2Vic29mYS9pbWcvY19zb2ZhMDQuanBnIiBhbHQ9IumBuOOBueOCi+OCveODleOCoSI+PC9kaXY+CjxkaXY+PGltZyBzcmM9Imh0dHBzOi8vd3d3LnJha3V0ZW4ubmUuanAvZ29sZC9iZXN0OTkvc2hiLzI2NS9lYnNvZmEvaW1nL2Nfc29mYTA1LmpwZyIgYWx0PSLpgbjjgbnjgovjgr3jg5XjgqEiPjwvZGl2Pgo8ZGl2PjxpbWcgc3JjPSJodHRwczovL3d3dy5yYWt1dGVuLm5lLmpwL2dvbGQvYmVzdDk5L3NoYi8yNjUvZWJzb2ZhL2ltZy9jX3NvZmEwNi5qcGciIGFsdD0i6YG444G544KL44K944OV44KhIj48L2Rpdj4KPGRpdj48aW1nIHNyYz0iaHR0cHM6Ly93d3cucmFrdXRlbi5uZS5qcC9nb2xkL2Jlc3Q5OS9zaGIvMjY1L2Vic29mYS9pbWcvY19zb2ZhMDcuanBnIiBhbHQ9IumBuOOBueOCi+OCveODleOCoSI+PC9kaXY+CjxkaXYgaWQ9ImVicCI+PGltZyBzcmM9Imh0dHBzOi8vd3d3LnJha3V0ZW4ubmUuanAvZ29sZC9iZXN0OTkvc2hiLzI2NS9lYnNvZmEvaW1nL2Nfc29mYTA4LmpwZyIgYWx0PSLpgbjjgbnjgovjgr3jg5XjgqEiPjwvZGl2PgoKPGRpdj48aW1nIHNyYz0iaHR0cHM6Ly93d3cucmFrdXRlbi5uZS5qcC9nb2xkL2Jlc3Q5OS9zaGIvMjY1L2Vic29mYS9pbWcvY19zb2ZhMTEuanBnIiBhbHQ9IumBuOOBueOCi+OCveODleOCoTLkurrmjpvjgZEiPjxicj4KPHNwYW4gc3R5bGU9ImZvbnQtc2l6ZToxNHB4OyI+4pa844K544OG44OD44OB44K/44Kk44OX44Gu44OV44Os44O844Og44Kr44Op44O844KS44Kv44Oq44OD44Kv44GZ44KL44Go5a++6LGh5ZWG5ZOB44GM44GU56K66KqN44GE44Gf44Gg44GR44G+44GZ44CCPC9zcGFuPjwvZGl2Pgo8ZGl2IHN0eWxlPSJtYXJnaW4tYm90dG9tOjVweDsiPjxpZnJhbWUgc3JjPSJodHRwczovL3d3dy5yYWt1dGVuLm5lLmpwL2dvbGQvYmVzdDk5L3NoYi8yNjUvZWJzb2ZhL2NhdGVnb3J5X1IxX2lmcmFtZV9CLmh0bWwiIGJvcmRlcj0iMCIgd2lkdGg9IjY3MCIgaGVpZ2h0PSI3MzAiIGZyYW1lYm9yZGVyPSIwIiBzY3JvbGxpbmc9Im5vIiBzdHlsZT0ibWFyZ2luOjA7cGFkZGluZzowOyI+PC9pZnJhbWU+PC9kaXY+CjxkaXYgYWxpZ249InJpZ2h0IiBzdHlsZT0id2lkdGg6NjUwcHg7Zm9udC1zaXplOjE0cHg7bWFyZ2luLWJvdHRvbTo5MHB4OyI+PGEgaHJlZj0iaHR0cHM6Ly9pdGVtLnJha3V0ZW4uY28uanAva2FndW1hcnUvYy8wMDAwMDAyMDEwLyNlYnAiPiZndDsmZ3Q75LuW44Gu44K944OV44Kh44K144Kk44K644KS6KaL44KLPC9hPjwvZGl2Pgo8L2Rpdj48dGFibGUgd2lkdGg9IjEwMCUiIGJvcmRlcj0iMCIgY2VsbHNwYWNpbmc9IjEiIGNlbGxwYWRkaW5nPSI4IiBjbGFzcz0iaV9pbmZvIj4KPHRyPgo8dGQgY29sc3Bhbj0iMiIgY2xhc3M9ImlfaW5mb190Ij4KPGI+PGZvbnQgY29sb3I9IiMzMzMzMzMiPuOCpOODs+ODleOCqeODoeODvOOCt+ODp+ODs+ODu+azqOaEj+S6i+mghTwvZm9udD48L2I+CjwvdGQ+CjwvdHI+Cjx0cj4KPHRoPumAgeaWmeOBq+OBpOOBhOOBpjwvdGg+Cjx0ZCBjbGFzcz0iaWF0dG5zb3J5byIgYmdjb2xvcj0iI0ZGRkZGRiI+CjxwPumAgeaWmeeEoeaWmTwvcD4KPHA+4oC75rKW57iE44CB6Zui5bO244O76YGg6ZqU5Zyw44Gr6Zai44GX44G+44GX44Gm44Gv5Yil6YCU6YCB5paZ44GM44GL44GL44KK44G+44GZ44CC5a6f6LK76KuL5rGC44Go44Gq44KK44G+44GZ44Gu44Gn44CB44GC44KJ44GL44GY44KB44GU5LqG5om/5LiL44GV44GE44CCPC9wPgo8L3RkPgo8L3RyPgo8dHI+Cjx0aD7msbrmuIjmlrnms5XjgavjgaTjgYTjgaY8L3RoPgo8dGQgYmdjb2xvcj0iI0ZGRkZGRiIgY2xhc3M9ImlhdHRucGV5Ij4KPHA+CjxpbWcgc3JjPSJodHRwczovL2ltYWdlLnJha3V0ZW4uY28uanAva2FndW1hcnUvY2FiaW5ldC9jYW0vZGliaWtpLmdpZiIgYWx0PSLku6Pph5HlvJXmj5vkuI3lj6/llYblk4EiIGJvcmRlcj0iMCIgPjxicj4K5b2T5ZWG5ZOB44Gv5Luj6YeR5byV5o+b44Gv44GU5Yip55So44GE44Gf44Gg44GR44G+44Gb44KT44CCCjwvcD4KPHA+77yI44GK6LK344GE54mp44Ks44Kk44OJ44CM44GK5pSv5omV44GE5pa55rOV44Gr44Gk44GE44Gm44CN44KS44GU56K66KqN44GP44Gg44GV44GE44CC77yJPC9wPgo8L3RkPgo8L3RyPgo8dHI+Cjx0aD7phY3pgIE8L3RoPgo8dGQgY2xhc3M9ImlhdHRuZGVsaSIgYmdjb2xvcj0iI0ZGRkZGRiI+CjxwPueOhOmWouWFiOOBvuOBp+OBruOBiuWxiuOBkeOBqOOBquOCiuOBvuOBmeOAgjwvcD4KPC90ZD4KPC90cj4KPC90YWJsZT4KPHRhYmxlIHdpZHRoPSIxMDAlIiBib3JkZXI9IjAiIGNlbGxzcGFjaW5nPSIxIiBjZWxscGFkZGluZz0iOCIgY2xhc3M9Imlfa2FucmVuIj4KPHRyPjx0ZCBjb2xzcGFuPSIyIiBiZ2NvbG9yPSIjRjNGM0YzIj4gPGI+PGZvbnQgY29sb3I9IiMzMzMzMzMiPumWoumAo+WVhuWTgTwvZm9udD48L2I+IDwvdGQ+PC90cj4KPHRyPjx0aD4y5Lq65o6b44GR44K944OV44KhIOODm+ODr+OCpOODiDwvdGg+Cjx0ZCBjbGFzcz0iaXZhbCIgYmdjb2xvcj0iI0ZGRkZGRiI+CjxwPgrjgJDjg5zjgr/jg7Pjgq/jg63jgrnjgrnjg4bjg4Pjg4HjgJE8YnI+ClBWQ+ODrOOCtuODvCDjg4Djg7zjgq/jg5bjg6njgqbjg7Pjg5Xjg6zjg7zjg6A8YnI+ClBWQ+ODrOOCtuODvCDjg4rjg4Hjg6Xjg6njg6vjg5Xjg6zjg7zjg6A8YnI+ClBWQ+ODrOOCtuODvCDjg5vjg6/jgqTjg4jjg5Xjg6zjg7zjg6A8YnI+CjwvcD4KPHA+CuOAkOOCueODiOODqeOCpOODl+OCueODhuODg+ODgeOAkTxicj4KUFZD44Os44K244O8IOODgOODvOOCr+ODluODqeOCpuODs+ODleODrOODvOODoDxicj4KUFZD44Os44K244O8IOODiuODgeODpeODqeODq+ODleODrOODvOODoDxicj4KUFZD44Os44K244O8IOODm+ODr+OCpOODiOODleODrOODvOODoDxicj4KPC9wPgo8L3RkPgo8L3RyPgo8L3RhYmxlPgo8dGFibGUgd2lkdGg9IjEwMCUiIGJvcmRlcj0iMCIgY2VsbHNwYWNpbmc9IjEiIGNlbGxwYWRkaW5nPSI4IiBjbGFzcz0iaV9zcGVjIj48dHI+PHRkIGNvbHNwYW49IjIiIGJnY29sb3I9IiNGM0YzRjMiPgo8Yj48Zm9udCBjb2xvcj0iIzMzMzMzMyI+6Kmz57Sw44O744K544Oa44OD44KvPC9mb250PjwvYj48L3RkPjwvdHI+Cjx0cj4KPHRoPuWVhuWTgeiqrOaYjjwvdGg+Cjx0ZCBjbGFzcz0iaWV4cGxhbmF0aW9uIiBiZ2NvbG9yPSIjRkZGRkZGIj4KPHA+Cue1hOOBv+WQiOOCj+OBm+iHqueUseiHquWcqOOBruODrOODiOODreOBqumbsOWbsuawl+OBruOCq+ODleOCp+miqOOCveODleOCoeOAgjxicj4K5bqn6Z2i44Go6IOM44KC44Gf44KM44Gu57ir44GE5p+E44Go5by15Zyw44CB5aSp54S25pyo44OV44Os44O844Og44Gu44Kr44Op44O844GL44KJ44GK5aW944G/44Gu44OH44K244Kk44Oz44KS44GK6YG444Gz44GE44Gf44Gg44GR44G+44GZ44CCPGJyPgrosYrlr4zjgarntYTjgb/lkIjjgo/jgZvjg5Hjgr/jg7zjg7PjgYvjgonjgIHjgY3jgaPjgajjgYLjgarjgZ/jga7nlJ/mtLvjgrnjgr/jgqTjg6vjgavlkIjjgYbjgr3jg5XjgqHjgYzopovjgaTjgYvjgorjgb7jgZnjgII8YnI+Cjxicj4K44CQ44Oc44K/44Oz44Kv44Ot44K544K544OG44OD44OB44CRPGJyPgrjg6zjg4jjg63mhJ/jgYzmvILjgYbog4zjgoLjgZ/jgozjga7jg5zjgr/jg7PnlZnjgoHjgYzjgqLjgq/jgrvjg7Pjg4jjgII8YnI+CuOChOOBleOBl+OBhOmbsOWbsuawl+OBruOCveODleOCoeOBq+S7leS4iuOBjOOCiuOBvuOBmeOAgjxicj4KPC9wPgo8L3RkPgo8L3RyPgo8dHI+Cjx0aD7jgrXjgqTjgroo57SEKTwvdGg+Cjx0ZCBjbGFzcz0iaXNpemUiIGJnY29sb3I9IiNGRkZGRkYiPgo8cD4K5pys5L2T77ya5bmFMTEzLjXDl+WlpeihjDcww5fpq5jjgZU3MijluqfpnaLpq5gzNi41KWNtPGJyPgrph43ph4/vvJrntIQxNC41a2c8YnI+CjwvcD4KPC90ZD4KPC90cj4KPHRyPgo8dGg+5p2Q6LOqPC90aD4KPHRkIGNsYXNzPSJpbWF0ZXJpYWwiIGJnY29sb3I9IiNGRkZGRkYiPgo8cD4K5by15Zyw77ya5ZCI5oiQ55qu6Z2pKFBWQyk8YnI+CuS4readkO+8muOCpuODrOOCv+ODs+ODleOCqeODvOODoDxicj4K44OV44Os44O844Og77ya5aSp54S25pyoKOODqeODkOODvOOCpuODg+ODiSk8YnI+CjwvcD4KPC90ZD4KPC90cj4KPHRyPgo8dGg+57WE56uLPC90aD4KPHRkIGNsYXNzPSJpa3VtaXRhdGUiIGJnY29sb3I9IiNGRkZGRkYiPgo8cD7jgYrlrqLmp5jntYTnq4so5aSn5Lq6MuWQje+8mue0hDMw5YiGKTwvcD4KPC90ZD4KPC90cj4KPHRyPgo8dGg+55Sf55Sj5Zu9PC90aD4KPHRkIGNsYXNzPSJpY291bnRyeSIgYmdjb2xvcj0iI0ZGRkZGRiI+CjxwPuODmeODiOODiuODoDwvcD4KPC90ZD4KPC90cj4KPHRyPgo8dGg+44Gd44Gu5LuW44O75rOo5oSP5LqL6aCFPC90aD4KPHRkIGNsYXNzPSJpYXR0bnR4dCIgYmdjb2xvcj0iI0ZGRkZGRiI+CjxwPgrllYblk4HnlLvlg4/jga/oibLlkIjjgYTjgoTntKDmnZDmhJ/jgYzlrp/pmpvjga7llYblk4HjgajnlbDjgarjgovloLTlkIjjgYzjgZTjgZbjgYTjgb7jgZnjgII8YnI+CuODouODi+OCv+ODvOODu+ODh+OCo+OCueODl+ODrOOCpOOBq+OCiOOBo+OBpuOCguWGmeOCiuaWueOBjOWkieOCiuOBvuOBmeOAguS6iOOCgeOBlOS6huaJv+OBj+OBoOOBleOBhOOAgjxicj4KPC9wPgo8L3RkPgo8L3RyPgo8L3RhYmxlPjxzdHlsZSB0eXBlPSJ0ZXh0L2NzcyI+CkBjaGFyc2V0ICJ1dGYtOCI7Ci8qIENTUyBEb2N1bWVudCAqLwoKPC9zdHlsZT4KPGxpbmsgcmVsPSJzdHlsZXNoZWV0IiBocmVmPSJodHRwOi8vd3d3LnJha3V0ZW4ubmUuanAvZ29sZC9rYWd1bWFydS90b2t1c3l1L2tvcmFtdS9jc3MvaXRlbV9zdHlsZS5jc3MiIC8+CjxoZWFkPgoKPC9oZWFkPgoKCgo8YnI+PGJyPgo8aW1nIHNyYz0iaHR0cDovL3d3dy5yYWt1dGVuLm5lLmpwL2dvbGQva2FndW1hcnUvdG9rdXN5dS9zb2ZhL2ltYWdlcy9tYWluLmpwZyIgd2lkdGg9Ijg0MHB4IiAvPgoKCgo8L2h0bWw+,6YG444G544KL44K944OV44KhIDLkurrmjpvjgZEg44Oc44K/44Oz44Kv44Ot44K544K544OG44OD44OBIOODm+ODr+OCpOODiCBQVkPjg6zjgrbjg7wg44Ob44Ov44Kk44OI44OV44Os44O844OgIOiEmuS7mCDogpjmjpvjgZHku5jjgY0g44Ki44O844Og44K944OV44KhIOacqOiCmCDjg6zjg4jjg63jgr3jg5XjgqEgMlAg5LqM5Lq65o6b44GR44K944OV44Kh44O8IDLkurrmjpvjgZHjgr3jg5XjgqHjg7wg44Op44OW44K944OV44KhIOOCt+ODs+ODl+ODqyDljJfmrKfjg4rjg4Hjg6Xjg6njg6sg44O044Kj44Oz44OG44O844K4IOWkqeeEtuacqOODleODrOODvOODoCDjgqvjg5Xjgqfpoqjjg4HjgqfjgqLvvJrjgqvjgrDjg57jg6s=,6YG444G544KL44K944OV44KhIDLkurrmjpvjgZEg44Oc44K/44Oz44Kv44Ot44K544K544OG44OD44OBIOODm+ODr+OCpOODiCBQVkPjg6zjgrbjg7wg44Ob44Ov44Kk44OI44OV44Os44O844OgIOiEmuS7mCDogpjmjpvjgZHku5jjgY0g44Ki44O844Og44K944OV44KhIOacqOiCmCDjg6zjg4jjg63jgr3jg5XjgqEgMlAg5LqM5Lq65o6b44GR44K944OV44Kh44O8IDLkurrmjpvjgZHjgr3jg5XjgqHjg7wg44Op44OW44K944OV44KhIOOCt+ODs+ODl+ODqyDljJfmrKfjg4rjg4Hjg6Xjg6njg6sg44O044Kj44Oz44OG44O844K4IOWkqeeEtuacqOODleODrOODvOODoCDjgqvjg5Xjgqfpoqjjg4HjgqfjgqI=,5LqM5Lq65o6b44GR44K944OV44KhIDLkurrmjpvjgZHjgr3jg5XjgqHjg7wg6IKY5o6b44GR5LuY44GNIFBWQ+ODrOOCtuODvCDjgrfjg7Pjg5fjg6vjgILpgbjjgbnjgovjgr3jg5XjgqEgMuS6uuaOm+OBkSDjg5zjgr/jg7Pjgq/jg63jgrnjgrnjg4bjg4Pjg4Eg44Ob44Ov44Kk44OIIFBWQ+ODrOOCtuODvCDjg5vjg6/jgqTjg4jjg5Xjg6zjg7zjg6Ag6ISa5LuYIOiCmOaOm+OBkeS7mOOBjSDjgqLjg7zjg6Djgr3jg5XjgqEg5pyo6IKYIOODrOODiOODreOCveODleOCoSAyUCDkuozkurrmjpvjgZHjgr3jg5XjgqHjg7wgMuS6uuaOm+OBkeOCveODleOCoeODvCDjg6njg5bjgr3jg5XjgqEg44K344Oz44OX44OrIOWMl+asp+ODiuODgeODpeODqeODqyDjg7TjgqPjg7Pjg4bjg7zjgrgg5aSp54S25pyo44OV44Os44O844OgIOOCq+ODleOCp+miqOODgeOCp+OCog==[rn]
37-51659,aHR0cDovL3RzaG9wLnIxMHMuanAva2FndW1hcnUvY2FiaW5ldC95bTEwLzI2NTAxMDAwLmpwZz9maXRpbj03MDA6NzAw,MTcxMDcuMjAwMA==,,44Kk44Oz44OG44Oq44Ki44O75a+d5YW344O75Y+O57SNID4g44K944OV44Kh44O744K944OV44Kh44OZ44OD44OJID4gMuS6uuaOm+OBkeOCveODleOCoSA+IOWQiOaIkOearumdqQ==,6YG444G544KL44K944OV44KhIDLkurrmjpvjgZEg44Oc44K/44Oz44Kv44Ot44K544K544OG44OD44OBIOODluODqeODg+OCryBQVkPjg6zjgrbjg7wg44OA44O844Kv44OW44Op44Km44Oz44OV44Os44O844OgIOiEmuS7mCDogpjmjpvjgZHku5jjgY0g44Ki44O844Og44K944OV44KhIOacqOiCmCDjg6zjg4jjg63jgr3jg5XjgqEgMlAg5LqM5Lq65o6b44GR44K944OV44Kh44O8IDLkurrmjpvjgZHjgr3jg5XjgqHjg7wg44Op44OW44K944OV44KhIOOCt+ODs+ODl+ODqyDljJfmrKfjg4rjg4Hjg6Xjg6njg6sg44O044Kj44Oz44OG44O844K4IOWkqeeEtuacqOODleODrOODvOODoCDjgqvjg5Xjgqfpoqjjg4HjgqfjgqI=,5LqM5Lq65o6b44GR44K944OV44KhIDLkurrmjpvjgZHjgr3jg5XjgqHjg7wg6IKY5o6b44GR5LuY44GNIFBWQ+ODrOOCtuODvCDjgrfjg7Pjg5fjg6s=,PGRpdiBjbGFzcz0iaXBibG9jayI+CjxkaXY+PGltZyBzcmM9Imh0dHBzOi8vaW1hZ2UucmFrdXRlbi5jby5qcC9pLW9mZmljZTEvY2FiaW5ldC95bTEwLzI2NTAxMDAwLmpwZyIgYWx0PSIiIHN0eWxlPSJtYXJnaW4tYm90dG9tOjQwcHg7Ij48L2Rpdj4KPGRpdj4KPHAgc3R5bGU9IndpZHRoOjY0OHB4O3BhZGRpbmc6MTBweDtsaW5lLWhlaWdodDoxNjAlO2JvcmRlcjoxcHggc29saWQgI0NDQzsiPgo8YiBzdHlsZT0iY29sb3I6IzkyMjsiPue1hOOBv+WQiOOCj+OBm+iHqueUseiHquWcqO+8geiHquWIhuOBoOOBkeOBruOCueOCv+OCpOODq++8gTwvYj48YnI+Cue1hOOBv+WQiOOCj+OBm+iHqueUseiHquWcqOOBruODrOODiOODreOBqumbsOWbsuawl+OBruOCq+ODleOCp+miqOOCveODleOCoeOAggrluqfpnaLjgajog4zjgoLjgZ/jgozjga7nuKvjgYTmn4TjgajlvLXlnLDjgIHlpKnnhLbmnKjjg5Xjg6zjg7zjg6Djga7jgqvjg6njg7zjgYvjgonjgYrlpb3jgb/jga7jg4fjgrbjgqTjg7PjgpLjgYrpgbjjgbPjgYTjgZ/jgaDjgZHjgb7jgZnjgII8YnI+CuixiuWvjOOBque1hOOBv+WQiOOCj+OBm+ODkeOCv+ODvOODs+OBi+OCieOAgeOBjeOBo+OBqOOBguOBquOBn+OBrueUn+a0u+OCueOCv+OCpOODq+OBq+WQiOOBhuOCveODleOCoeOBjOimi+OBpOOBi+OCiuOBvuOBmeOAgjxicj4KPC9wPgo8L2Rpdj4KPGRpdj48aW1nIHNyYz0iaHR0cHM6Ly93d3cucmFrdXRlbi5uZS5qcC9nb2xkL2Jlc3Q5OS9zaGIvMjY1L2Vic29mYS9pbWcvY19zb2ZhMDQuanBnIiBhbHQ9IumBuOOBueOCi+OCveODleOCoSI+PC9kaXY+CjxkaXY+PGltZyBzcmM9Imh0dHBzOi8vd3d3LnJha3V0ZW4ubmUuanAvZ29sZC9iZXN0OTkvc2hiLzI2NS9lYnNvZmEvaW1nL2Nfc29mYTA1LmpwZyIgYWx0PSLpgbjjgbnjgovjgr3jg5XjgqEiPjwvZGl2Pgo8ZGl2PjxpbWcgc3JjPSJodHRwczovL3d3dy5yYWt1dGVuLm5lLmpwL2dvbGQvYmVzdDk5L3NoYi8yNjUvZWJzb2ZhL2ltZy9jX3NvZmEwNi5qcGciIGFsdD0i6YG444G544KL44K944OV44KhIj48L2Rpdj4KPGRpdj48aW1nIHNyYz0iaHR0cHM6Ly93d3cucmFrdXRlbi5uZS5qcC9nb2xkL2Jlc3Q5OS9zaGIvMjY1L2Vic29mYS9pbWcvY19zb2ZhMDcuanBnIiBhbHQ9IumBuOOBueOCi+OCveODleOCoSI+PC9kaXY+CjxkaXYgaWQ9ImVicCI+PGltZyBzcmM9Imh0dHBzOi8vd3d3LnJha3V0ZW4ubmUuanAvZ29sZC9iZXN0OTkvc2hiLzI2NS9lYnNvZmEvaW1nL2Nfc29mYTA4LmpwZyIgYWx0PSLpgbjjgbnjgovjgr3jg5XjgqEiPjwvZGl2PgoKPGRpdj48aW1nIHNyYz0iaHR0cHM6Ly93d3cucmFrdXRlbi5uZS5qcC9nb2xkL2Jlc3Q5OS9zaGIvMjY1L2Vic29mYS9pbWcvY19zb2ZhMTEuanBnIiBhbHQ9IumBuOOBueOCi+OCveODleOCoTLkurrmjpvjgZEiPjxicj4KPHNwYW4gc3R5bGU9ImZvbnQtc2l6ZToxNHB4OyI+4pa844K544OG44OD44OB44K/44Kk44OX44Gu44OV44Os44O844Og44Kr44Op44O844KS44Kv44Oq44OD44Kv44GZ44KL44Go5a++6LGh5ZWG5ZOB44GM44GU56K66KqN44GE44Gf44Gg44GR44G+44GZ44CCPC9zcGFuPjwvZGl2Pgo8ZGl2IHN0eWxlPSJtYXJnaW4tYm90dG9tOjVweDsiPjxpZnJhbWUgc3JjPSJodHRwczovL3d3dy5yYWt1dGVuLm5lLmpwL2dvbGQvYmVzdDk5L3NoYi8yNjUvZWJzb2ZhL2NhdGVnb3J5X1IxX2lmcmFtZV9CLmh0bWwiIGJvcmRlcj0iMCIgd2lkdGg9IjY3MCIgaGVpZ2h0PSI3MzAiIGZyYW1lYm9yZGVyPSIwIiBzY3JvbGxpbmc9Im5vIiBzdHlsZT0ibWFyZ2luOjA7cGFkZGluZzowOyI+PC9pZnJhbWU+PC9kaXY+CjxkaXYgYWxpZ249InJpZ2h0IiBzdHlsZT0id2lkdGg6NjUwcHg7Zm9udC1zaXplOjE0cHg7bWFyZ2luLWJvdHRvbTo5MHB4OyI+PGEgaHJlZj0iaHR0cHM6Ly9pdGVtLnJha3V0ZW4uY28uanAva2FndW1hcnUvYy8wMDAwMDAyMDEwLyNlYnAiPiZndDsmZ3Q75LuW44Gu44K944OV44Kh44K144Kk44K644KS6KaL44KLPC9hPjwvZGl2Pgo8L2Rpdj48dGFibGUgd2lkdGg9IjEwMCUiIGJvcmRlcj0iMCIgY2VsbHNwYWNpbmc9IjEiIGNlbGxwYWRkaW5nPSI4IiBjbGFzcz0iaV9pbmZvIj4KPHRyPgo8dGQgY29sc3Bhbj0iMiIgY2xhc3M9ImlfaW5mb190Ij4KPGI+PGZvbnQgY29sb3I9IiMzMzMzMzMiPuOCpOODs+ODleOCqeODoeODvOOCt+ODp+ODs+ODu+azqOaEj+S6i+mghTwvZm9udD48L2I+CjwvdGQ+CjwvdHI+Cjx0cj4KPHRoPumAgeaWmeOBq+OBpOOBhOOBpjwvdGg+Cjx0ZCBjbGFzcz0iaWF0dG5zb3J5byIgYmdjb2xvcj0iI0ZGRkZGRiI+CjxwPumAgeaWmeeEoeaWmTwvcD4KPHA+4oC75rKW57iE44CB6Zui5bO244O76YGg6ZqU5Zyw44Gr6Zai44GX44G+44GX44Gm44Gv5Yil6YCU6YCB5paZ44GM44GL44GL44KK44G+44GZ44CC5a6f6LK76KuL5rGC44Go44Gq44KK44G+44GZ44Gu44Gn44CB44GC44KJ44GL44GY44KB44GU5LqG5om/5LiL44GV44GE44CCPC9wPgo8L3RkPgo8L3RyPgo8dHI+Cjx0aD7msbrmuIjmlrnms5XjgavjgaTjgYTjgaY8L3RoPgo8dGQgYmdjb2xvcj0iI0ZGRkZGRiIgY2xhc3M9ImlhdHRucGV5Ij4KPHA+CjxpbWcgc3JjPSJodHRwczovL2ltYWdlLnJha3V0ZW4uY28uanAva2FndW1hcnUvY2FiaW5ldC9jYW0vZGliaWtpLmdpZiIgYWx0PSLku6Pph5HlvJXmj5vkuI3lj6/llYblk4EiIGJvcmRlcj0iMCIgPjxicj4K5b2T5ZWG5ZOB44Gv5Luj6YeR5byV5o+b44Gv44GU5Yip55So44GE44Gf44Gg44GR44G+44Gb44KT44CCCjwvcD4KPHA+77yI44GK6LK344GE54mp44Ks44Kk44OJ44CM44GK5pSv5omV44GE5pa55rOV44Gr44Gk44GE44Gm44CN44KS44GU56K66KqN44GP44Gg44GV44GE44CC77yJPC9wPgo8L3RkPgo8L3RyPgo8dHI+Cjx0aD7phY3pgIE8L3RoPgo8dGQgY2xhc3M9ImlhdHRuZGVsaSIgYmdjb2xvcj0iI0ZGRkZGRiI+CjxwPueOhOmWouWFiOOBvuOBp+OBruOBiuWxiuOBkeOBqOOBquOCiuOBvuOBmeOAgjwvcD4KPC90ZD4KPC90cj4KPC90YWJsZT4KPHRhYmxlIHdpZHRoPSIxMDAlIiBib3JkZXI9IjAiIGNlbGxzcGFjaW5nPSIxIiBjZWxscGFkZGluZz0iOCIgY2xhc3M9Imlfa2FucmVuIj4KPHRyPjx0ZCBjb2xzcGFuPSIyIiBiZ2NvbG9yPSIjRjNGM0YzIj4gPGI+PGZvbnQgY29sb3I9IiMzMzMzMzMiPumWoumAo+WVhuWTgTwvZm9udD48L2I+IDwvdGQ+PC90cj4KPHRyPjx0aD4y5Lq65o6b44GR44K944OV44KhIOODluODqeODg+OCrzwvdGg+Cjx0ZCBjbGFzcz0iaXZhbCIgYmdjb2xvcj0iI0ZGRkZGRiI+CjxwPgrjgJDjg5zjgr/jg7Pjgq/jg63jgrnjgrnjg4bjg4Pjg4HjgJE8YnI+ClBWQ+ODrOOCtuODvCDjg4Djg7zjgq/jg5bjg6njgqbjg7Pjg5Xjg6zjg7zjg6A8YnI+ClBWQ+ODrOOCtuODvCDjg4rjg4Hjg6Xjg6njg6vjg5Xjg6zjg7zjg6A8YnI+ClBWQ+ODrOOCtuODvCDjg5vjg6/jgqTjg4jjg5Xjg6zjg7zjg6A8YnI+CjwvcD4KPHA+CuOAkOOCueODiOODqeOCpOODl+OCueODhuODg+ODgeOAkTxicj4KUFZD44Os44K244O8IOODgOODvOOCr+ODluODqeOCpuODs+ODleODrOODvOODoDxicj4KUFZD44Os44K244O8IOODiuODgeODpeODqeODq+ODleODrOODvOODoDxicj4KUFZD44Os44K244O8IOODm+ODr+OCpOODiOODleODrOODvOODoDxicj4KPC9wPgo8L3RkPgo8L3RyPgo8L3RhYmxlPgo8dGFibGUgd2lkdGg9IjEwMCUiIGJvcmRlcj0iMCIgY2VsbHNwYWNpbmc9IjEiIGNlbGxwYWRkaW5nPSI4IiBjbGFzcz0iaV9zcGVjIj48dHI+PHRkIGNvbHNwYW49IjIiIGJnY29sb3I9IiNGM0YzRjMiPgo8Yj48Zm9udCBjb2xvcj0iIzMzMzMzMyI+6Kmz57Sw44O744K544Oa44OD44KvPC9mb250PjwvYj48L3RkPjwvdHI+Cjx0cj4KPHRoPuWVhuWTgeiqrOaYjjwvdGg+Cjx0ZCBjbGFzcz0iaWV4cGxhbmF0aW9uIiBiZ2NvbG9yPSIjRkZGRkZGIj4KPHA+Cue1hOOBv+WQiOOCj+OBm+iHqueUseiHquWcqOOBruODrOODiOODreOBqumbsOWbsuawl+OBruOCq+ODleOCp+miqOOCveODleOCoeOAgjxicj4K5bqn6Z2i44Go6IOM44KC44Gf44KM44Gu57ir44GE5p+E44Go5by15Zyw44CB5aSp54S25pyo44OV44Os44O844Og44Gu44Kr44Op44O844GL44KJ44GK5aW944G/44Gu44OH44K244Kk44Oz44KS44GK6YG444Gz44GE44Gf44Gg44GR44G+44GZ44CCPGJyPgrosYrlr4zjgarntYTjgb/lkIjjgo/jgZvjg5Hjgr/jg7zjg7PjgYvjgonjgIHjgY3jgaPjgajjgYLjgarjgZ/jga7nlJ/mtLvjgrnjgr/jgqTjg6vjgavlkIjjgYbjgr3jg5XjgqHjgYzopovjgaTjgYvjgorjgb7jgZnjgII8YnI+Cjxicj4K44CQ44Oc44K/44Oz44Kv44Ot44K544K544OG44OD44OB44CRPGJyPgrjg6zjg4jjg63mhJ/jgYzmvILjgYbog4zjgoLjgZ/jgozjga7jg5zjgr/jg7PnlZnjgoHjgYzjgqLjgq/jgrvjg7Pjg4jjgII8YnI+CuOChOOBleOBl+OBhOmbsOWbsuawl+OBruOCveODleOCoeOBq+S7leS4iuOBjOOCiuOBvuOBmeOAgjxicj4KPC9wPgo8L3RkPgo8L3RyPgo8dHI+Cjx0aD7jgrXjgqTjgroo57SEKTwvdGg+Cjx0ZCBjbGFzcz0iaXNpemUiIGJnY29sb3I9IiNGRkZGRkYiPgo8cD4K5pys5L2T77ya5bmFMTEzLjXDl+WlpeihjDcww5fpq5jjgZU3MijluqfpnaLpq5gzNi41KWNtPGJyPgrph43ph4/vvJrntIQxNC41a2c8YnI+CjwvcD4KPC90ZD4KPC90cj4KPHRyPgo8dGg+5p2Q6LOqPC90aD4KPHRkIGNsYXNzPSJpbWF0ZXJpYWwiIGJnY29sb3I9IiNGRkZGRkYiPgo8cD4K5by15Zyw77ya5ZCI5oiQ55qu6Z2pKFBWQyk8YnI+CuS4readkO+8muOCpuODrOOCv+ODs+ODleOCqeODvOODoDxicj4K44OV44Os44O844Og77ya5aSp54S25pyoKOODqeODkOODvOOCpuODg+ODiSk8YnI+CjwvcD4KPC90ZD4KPC90cj4KPHRyPgo8dGg+57WE56uLPC90aD4KPHRkIGNsYXNzPSJpa3VtaXRhdGUiIGJnY29sb3I9IiNGRkZGRkYiPgo8cD7jgYrlrqLmp5jntYTnq4so5aSn5Lq6MuWQje+8mue0hDMw5YiGKTwvcD4KPC90ZD4KPC90cj4KPHRyPgo8dGg+55Sf55Sj5Zu9PC90aD4KPHRkIGNsYXNzPSJpY291bnRyeSIgYmdjb2xvcj0iI0ZGRkZGRiI+CjxwPuODmeODiOODiuODoDwvcD4KPC90ZD4KPC90cj4KPHRyPgo8dGg+44Gd44Gu5LuW44O75rOo5oSP5LqL6aCFPC90aD4KPHRkIGNsYXNzPSJpYXR0bnR4dCIgYmdjb2xvcj0iI0ZGRkZGRiI+CjxwPgrllYblk4HnlLvlg4/jga/oibLlkIjjgYTjgoTntKDmnZDmhJ/jgYzlrp/pmpvjga7llYblk4HjgajnlbDjgarjgovloLTlkIjjgYzjgZTjgZbjgYTjgb7jgZnjgII8YnI+CuODouODi+OCv+ODvOODu+ODh+OCo+OCueODl+ODrOOCpOOBq+OCiOOBo+OBpuOCguWGmeOCiuaWueOBjOWkieOCiuOBvuOBmeOAguS6iOOCgeOBlOS6huaJv+OBj+OBoOOBleOBhOOAgjxicj4KPC9wPgo8L3RkPgo8L3RyPgo8L3RhYmxlPjxzdHlsZSB0eXBlPSJ0ZXh0L2NzcyI+CkBjaGFyc2V0ICJ1dGYtOCI7Ci8qIENTUyBEb2N1bWVudCAqLwoKPC9zdHlsZT4KPGxpbmsgcmVsPSJzdHlsZXNoZWV0IiBocmVmPSJodHRwOi8vd3d3LnJha3V0ZW4ubmUuanAvZ29sZC9rYWd1bWFydS90b2t1c3l1L2tvcmFtdS9jc3MvaXRlbV9zdHlsZS5jc3MiIC8+CjxoZWFkPgoKPC9oZWFkPgoKCgo8YnI+PGJyPgo8aW1nIHNyYz0iaHR0cDovL3d3dy5yYWt1dGVuLm5lLmpwL2dvbGQva2FndW1hcnUvdG9rdXN5dS9zb2ZhL2ltYWdlcy9tYWluLmpwZyIgd2lkdGg9Ijg0MHB4IiAvPgoKCgo8L2h0bWw+,6YG444G544KL44K944OV44KhIDLkurrmjpvjgZEg44Oc44K/44Oz44Kv44Ot44K544K544OG44OD44OBIOODluODqeODg+OCryBQVkPjg6zjgrbjg7wg44OA44O844Kv44OW44Op44Km44Oz44OV44Os44O844OgIOiEmuS7mCDogpjmjpvjgZHku5jjgY0g44Ki44O844Og44K944OV44KhIOacqOiCmCDjg6zjg4jjg63jgr3jg5XjgqEgMlAg5LqM5Lq65o6b44GR44K944OV44Kh44O8IDLkurrmjpvjgZHjgr3jg5XjgqHjg7wg44Op44OW44K944OV44KhIOOCt+ODs+ODl+ODqyDljJfmrKfjg4rjg4Hjg6Xjg6njg6sg44O044Kj44Oz44OG44O844K4IOWkqeeEtuacqOODleODrOODvOODoCDjgqvjg5Xjgqfpoqjjg4HjgqfjgqLvvJrjgqvjgrDjg57jg6s=,6YG444G544KL44K944OV44KhIDLkurrmjpvjgZEg44Oc44K/44Oz44Kv44Ot44K544K544OG44OD44OBIOODluODqeODg+OCryBQVkPjg6zjgrbjg7wg44OA44O844Kv44OW44Op44Km44Oz44OV44Os44O844OgIOiEmuS7mCDogpjmjpvjgZHku5jjgY0g44Ki44O844Og44K944OV44KhIOacqOiCmCDjg6zjg4jjg63jgr3jg5XjgqEgMlAg5LqM5Lq65o6b44GR44K944OV44Kh44O8IDLkurrmjpvjgZHjgr3jg5XjgqHjg7wg44Op44OW44K944OV44KhIOOCt+ODs+ODl+ODqyDljJfmrKfjg4rjg4Hjg6Xjg6njg6sg44O044Kj44Oz44OG44O844K4IOWkqeeEtuacqOODleODrOODvOODoCDjgqvjg5Xjgqfpoqjjg4HjgqfjgqI=,5LqM5Lq65o6b44GR44K944OV44KhIDLkurrmjpvjgZHjgr3jg5XjgqHjg7wg6IKY5o6b44GR5LuY44GNIFBWQ+ODrOOCtuODvCDjgrfjg7Pjg5fjg6vjgILpgbjjgbnjgovjgr3jg5XjgqEgMuS6uuaOm+OBkSDjg5zjgr/jg7Pjgq/jg63jgrnjgrnjg4bjg4Pjg4Eg44OW44Op44OD44KvIFBWQ+ODrOOCtuODvCDjg4Djg7zjgq/jg5bjg6njgqbjg7Pjg5Xjg6zjg7zjg6Ag6ISa5LuYIOiCmOaOm+OBkeS7mOOBjSDjgqLjg7zjg6Djgr3jg5XjgqEg5pyo6IKYIOODrOODiOODreOCveODleOCoSAyUCDkuozkurrmjpvjgZHjgr3jg5XjgqHjg7wgMuS6uuaOm+OBkeOCveODleOCoeODvCDjg6njg5bjgr3jg5XjgqEg44K344Oz44OX44OrIOWMl+asp+ODiuODgeODpeODqeODqyDjg7TjgqPjg7Pjg4bjg7zjgrgg5aSp54S25pyo44OV44Os44O844OgIOOCq+ODleOCp+miqOODgeOCp+OCog==[rn]
37-51660,aHR0cDovL3RzaG9wLnIxMHMuanAvZG9uZG9uZG9ubm9rYWd1L2NhYmluZXQvMDI1NTU1NzkwL2Ftai0wODIyLmpwZz9maXRpbj03MDA6NzAw,NTAyODAuMDAwMA==,,44Kk44Oz44OG44Oq44Ki44O75a+d5YW344O75Y+O57SNID4g44K944OV44Kh44O744K944OV44Kh44OZ44OD44OJID4gM+S6uuaOm+OBkeOCveODleOCoSA+IOW4g+WcsA==,44CQ6YCB5paZ54Sh5paZ44CRM+S6uuaOmyDjgr3jg5XjgqEg44Ki44O844Og5LuYIOakheWtkCDjgYTjgZkg44OB44Kn44KiIOODgeOCp+OCouODvCDjgr3jg5XjgqEg44K944OV44Kh44O8IDPkurrmjpvjgZEg44Ki44K444Ki44Oz44Oq44K+44O844OIIOOCqOOCueODi+ODg+OCryDjg6rjgr7jg7zjg4jjgr3jg5XjgqEgM1AgM+S6uueUqCDjg6zjg4jjg60g44Oi44OA44OzIOWutuWFtyDjgqTjg7Pjg4bjg6rjgqIg44GK44GX44KD44KMIOOBiua0kuiQvSDjgqrjgrfjg6Pjg6wg44Ki44OQ44KrIOOCouOCuOOCouODs+WutuWFtyDjg5Djg6rpoqgg44OQ44OqIOOCouODkOOCq+OCveODleOCoQ==,44K944OV44KhIOOCveODleOCoeODvCDvvJPkurrmjpvjgZEg44Ki44K444Ki44OzIOODquOCvuODvOODiCDjgqLjgrjjgqLjg7Plrrblhbcg44OQ44Oq,PGJyPgo8aW1nIHNyYz0iaHR0cDovL2ltYWdlLnJha3V0ZW4uY28uanAvZG9uZG9uZG9ubm9rYWd1L2NhYmluZXQvMDI1NTU1NzkwL2Ftai0wODIyLXRvcC5qcGciPjxicj48YnI+CjxpbWcgc3JjPSJodHRwOi8vaW1hZ2UucmFrdXRlbi5jby5qcC9kb25kb25kb25ub2thZ3UvY2FiaW5ldC8wMjU1NTU3OTAvYW1qLTA4MjItMi5qcGciPjxicj48YnI+PGJyPgoKPHRhYmxlIHdpZHRoPSI0MDAiIGJnY29sb3I9IiNlMGM3OTkiIGNlbGxzcGFjaW5nPSIxIiBjZWxscGFkZGluZz0iMyI+Cjx0cj4KPHRoIGNvbHNwYW49IjIiIGFsaWduPSJjZW50ZXIiIGJnY29sb3I9IiNlMGM3OTkiPjxmb250IGNvbG9yPSIjRkZGRkZGIj5pbmZvcm1hdGlvbjwvZm9udD48L3RoPgo8L3RyPgo8dHI+CiAgICA8dGQgY29sc3Bhbj0iMiIgYWxpZ249ImxlZnQiIGhlaWdodD0iMTYzIiBiZ2NvbG9yPSIjRkZGRkZGIj48Zm9udCBzaXplPSItMSIgY29sb3I9IiM0YjRiNGIiPuKWoCA8dT7pgIHmlpnjgavplqLjgZfjgaY8L3U+PC9mb250Pjxicj48YnI+Cjxmb250IGNvbG9yPSIjZmY2NjY2IiBzaXplPSItMSI+5YyX5rW36YGT44O75rKW57iE44O76Zui5bO244Gv6L+95Yqg6YCB5paZ44KS44GU6LKg5ouF6aCC44GE44Gm44GK44KK44G+44GZ44CCPGJyPjwvZm9udD4KPGZvbnQgc2l6ZT0iLTEiIGNvbG9yPSIjNGI0YjRiIj7jgYropovnqY3jgoLjgoroh7TjgZfjgb7jgZnjga7jgafjgIHjgYrmsJfou73jgavjgYrllY/lkIjjgZvkuIvjgZXjgYTjgII8L2ZvbnQ+PGJyPgo8Zm9udCBzaXplPSItMSIgY29sb3I9IiM0YjRiNGIiPjxIUj4K4pagIDx1PuWcqOW6q+eKtuazgeOBq+mWouOBl+OBpjwvdT48YnI+PGJyPgrllYblk4Hjga/opIfmlbDjg43jg4Pjg4jlupfoiJfjgIHku5bmpa3osqnjgavjgablkIzmmYLosqnlo7LjgpLooYzjgaPjgabjgYrjgorjgb7jgZnjgII8YnI+CgoKCjxmb250IGNvbG9yPSIjZmY2NjY2IiBzaXplPSItMSI+5ZCM44K/44Kk44Of44Oz44Kw44Gn44Gu44GU5rOo5paH44GM44GC44Gj44Gf5aC05ZCI44CB5ZWG5ZOB5oyv44KK5YiG44GR44Gu5q616ZqO44GnPGJyPgoKCuWcqOW6q+WIh+OCjOOAgeiyqeWjsue1guS6huOBruWgtOWQiOOBjOOBlOOBluOBhOOBvuOBmeOAgjwvZm9udD48YnI+Cgo8Zm9udCBzaXplPSItMSIgY29sb3I9IiM0YjRiNGIiPuOBneOBrumam+OBr+OAgeaUueOCgeOBpuOBlOmAo+e1oeW3ruOBl+S4iuOBkuOBvuOBmeOAguOBguOCieOBi+OBmOOCgeOAgeOBlOS6huaJv+S4i+OBleOBhOOAgjxicj48aHI+CuKWoCA8dT7oibLjg7vjg5bjg6njgqbjgrbjgavplqLjgZfjgaY8L3U+PGJyPjxicj4K5ZWG5ZOB44Kr44Op44O844Gv5a6f6Zqb44Gu6Imy5ZGz44KS5Ye644Gb44KL5qeY44Gr44GX44Gm44GK44KK44G+44GZ44GM44CBPC9mb250Pjxicj48Zm9udCBjb2xvcj0iI2ZmNjY2NiIgc2l6ZT0iLTEiPgrjgYrkvb/jgYTjga5QQ+OBruioreWumuetieOBq+OCiOOCiuOAgeWun+mam+OBruiJsuWRs+OBqOeVsOOBquOCi+WgtOWQiOOBjOOBlOOBluOBhOOBvuOBmeOAgjxicj7jgb7jgZ/jgIHlpKnnhLbmnKjjgpLkvb/nlKjjgZfjgZ/llYblk4HjgavjgaTjgY3jgb7jgZfjgabjga/jgIHnr4DjgYzjgYLjgovjgoLjga7jgIHmnKjnm67jgYzmj4PjgaPjgabjgYTjgarjgYTjgoLjga7jgarjganjgYzjgZTjgZbjgYTjgb7jgZnjgII8YnI+PC9mb250PgoKPGZvbnQgc2l6ZT0iLTEiIGNvbG9yPSIjNGI0YjRiIj7jgYLjgonjgYvjgZjjgoHjgIHjgZTkuobmib/jga7kuIrjgIHjgZTms6jmlofpoILjgY3jgb7jgZnmp5jjgIHjgYrpoZjjgYToh7TjgZfjgb7jgZnjgII8YnI+PC9mb250PjwvdGQ+CiAgPC90cj4KPHRyPgo8dGggY29sc3Bhbj0iMiIgYWxpZ249ImNlbnRlciIgYmdjb2xvcj0iI2UwYzc5OSI+PGI+PGZvbnQgY29sb3I9IiNGRkZGRkYiPml0ZW0gc3BlYwo8L2ZvbnQ+PC9iPjwvdGg+CjwvdHI+Cjx0cj4KICAgIDx0aCBhbGlnbj0iY2VudGVyIiBiZ2NvbG9yPSIjRkZGRkZGIiB3aWR0aD0iNjUiIGhlaWdodD0iMjUiPjxmb250IHNpemU9IjIiIGNvbG9yPSIjNGI0YjRiIj7jgrXjgqTjgro8L2ZvbnQ+PC90aD4KICAgIDx0ZCBiZ2NvbG9yPSIjRkZGRkZGIiB3aWR0aD0iMzIwIiBoZWlnaHQ9IjI1Ij48Zm9udCBzaXplPSIyIiBjb2xvcj0iIzRiNGI0YiI+PGJyPgrilqDmnKzkvZPvvJpXPTEsNjgww5dEPTc0MMOXSD03NDBtbTxicj4K4pag5bqn6Z2i44Gu6auY44GV77yaU0g9NDAwbW08YnI+Cgo8YnI+Cgo8L2ZvbnQ+PC90ZD4KICA8L3RyPgo8dHI+CiAgICA8dGggYWxpZ249ImNlbnRlciIgYmdjb2xvcj0iI0ZGRkZGRiIgd2lkdGg9IjY1IiBoZWlnaHQ9IjI1Ij48Zm9udCBzaXplPSIyIiBjb2xvcj0iIzRiNGI0YiI+5p2Q6LOqPC9mb250PjwvdGg+CiAgICA8dGQgYmdjb2xvcj0iI0ZGRkZGRiIgd2lkdGg9IjMyMCIgaGVpZ2h0PSIyMiI+PGZvbnQgc2l6ZT0iMiIgY29sb3I9IiM0YjRiNGIiPjxCcj4KCuKWoOacqOODleODrOODvOODoOODu+OCpuOCo+ODvOODk+ODs+OCsOODmeODq+ODiOODu+OCouODkOOCqzxicj4K4pag44Op44OD44Kr44O85aGX6KOF44O744Od44Oq44OX44Ot44OU44Os44Oz44O744Od44Oq44Ko44K544OG44OrPGJyPgo8YnI+CgogPC9mb250PjwvdGQ+CiAgPC90cj4KPHRyPgogICAgPHRoIGFsaWduPSJjZW50ZXIiIGJnY29sb3I9IiNGRkZGRkYiIHdpZHRoPSI2NSIgaGVpZ2h0PSIyNSI+PGZvbnQgc2l6ZT0iMiIgY29sb3I9IiM0YjRiNGIiPuiJsjwvZm9udD48L3RoPgogICAgPHRkIGJnY29sb3I9IiNGRkZGRkYiIHdpZHRoPSIzMjAiIGhlaWdodD0iMTIiPjxmb250IHNpemU9IjIiIGNvbG9yPSIjNGI0YjRiIj48YnI+CuKWoDxicj4KPGJyPgo8L2ZvbnQ+PC90ZD4KICA8L3RyPgo8dHI+CiAgICA8dGggYWxpZ249ImNlbnRlciIgYmdjb2xvcj0iI0ZGRkZGRiIgd2lkdGg9IjY1IiBoZWlnaHQ9IjEyMCI+PGZvbnQgc2l6ZT0iMiIgY29sb3I9IiM0YjRiNGIiPuWVhuWTgeiqrOaYjjwvZm9udD48L3RoPgogICAgPHRkIGJnY29sb3I9IiNGRkZGRkYiIHdpZHRoPSIzMjAiIGhlaWdodD0iMTAwIj48Zm9udCBjb2xvcj0iIzRiNGI0YiIgc2l6ZT0iLTEiPjxicj4KCuKWoOmHjemHj++8mjQwa2c8YnI+CuKWoOWujOaIkOWTgSjntYTnq4vmuIgp44O744Kk44Oz44OJ44ON44K344Ki6KO9PEJSPjxicj4KCuKWoOaiseWMheOCteOCpOOCuu+8mlc9MSw3MTDDl0Q9Nzkww5dIPTU4MG1tPGJyPgrilqDmorHljIXph43ph4/vvJo0M2tnPGJyPjxicj48YnI+Cgroh6rlroXjgavjgYTjgarjgYzjgonjgIE8YnI+CuODquOCvuODvOODiOODm+ODhuODq+OBruOCiOOBhuOBqumbsOWbsuawl+OCkuWRs+OCj+OBiOOCi+OCveODleOCoeOAgjxicj48YnI+Cgrjg5njg7zjgrnpg6jliIbjgavjga/lpKnnhLbntKDmnZDjgI7jgqLjg5DjgqvjgI/jgpLnuITkuIrjgavnt6jjgb/jgZPjgb/jgIE8YnI+CuOCiOOCiuODoOODvOODieOBruOBguOCi+epuumWk+OCkua8lOWHuuOBl+OBpuOBj+OCjOOBvuOBmeOAgjxicj48YnI+CgrjgqLjgrjjgqLjg7Pjg4bjgqTjgrnjg4jjgoTjgqjjgrnjg4vjg4Pjgq/jgIE8YnI+CuODquOCvuODvOODiOmiqOOBruOCpOODs+ODhuODquOCouOBjOOBiuWlveOBv+OBruaWueOBq+OCquOCueOCueODoeOAgjxicj48YnI+CgrjgrXjgqTjgrrpgZXjgYTjgoLjgZTjgZbjgYTjgb7jgZnjgIIKCjxicj48YnI+PGJyPgoKCgogPC9mb250PjwvdGQ+CiAgPC90cj4KPC90YWJsZT4KPHRhYmxlIHdpZHRoPSI0MDAiPgo8dHI+Cjx0ZD4KPGZvbnQgc2l6ZT0iLTIiIGNvbG9yPSIjY2NjY2NjIj7plqLpgKPjg6/jg7zjg4k8YnI+Cgo8YnI+44CQc210Yi1NU+OAkeOAkFlES0ctbXPjgJHjgJBSQ1DjgJHjgJBITFNfRFXjgJEgPC9mb250Pgo8L3RkPjwvdHI+PC90YWJsZT4KPHRhYmxlPgogIDx0Ym9keT4KICAgIDx0cj48L3RyPgogIDwvdGJvZHk+CjwvdGFibGU+Cgo8YnI+PGJyPjxpbWcgc3JjPSJodHRwOi8vaW1hZ2UucmFrdXRlbi5jby5qcC9kb25kb25kb25ub2thZ3UvY2FiaW5ldC8wMjMxNzM3NS8wMjMxNzM3OS8zcC5qcGciIGJvcmRlcj0iMCIgd2lkdGg9IjQwMCIgYWx0PSLvvJPkurrmjpvjgr3jg5XjgqEiPgoKPGJyPjxicj4KPGZvbnQgY29sb3I9IjRiNGI0YiI+4pag44K344Oq44O844K6PC9mb250Pjxicj4KPGltZyBzcmM9Imh0dHA6Ly9pbWFnZS5yYWt1dGVuLmNvLmpwL2RvbmRvbmRvbm5va2FndS9jYWJpbmV0LzAyNTU1NTc5MC9hbWotMDgyMC5qcGciIHdpZHRoPSIxMTAiIGJvcmRlcj0iMCIgYWx0PSLvvJHkurrmjpsiPgo8aW1nIHNyYz0iaHR0cDovL2ltYWdlLnJha3V0ZW4uY28uanAvZG9uZG9uZG9ubm9rYWd1L2NhYmluZXQvMDI1NTU1NzkwL2Ftai0wODIxLmpwZyIgd2lkdGg9IjExMCIgYm9yZGVyPSIwIiBhbHQ9Iu+8kuS6uuaOmyI+CjxpbWcgc3JjPSJodHRwOi8vaW1hZ2UucmFrdXRlbi5jby5qcC9kb25kb25kb25ub2thZ3UvY2FiaW5ldC8wMjU1NTU3OTAvYW1qLTA4MjIuanBnIiB3aWR0aD0iMTEwIiBib3JkZXI9IjAiIGFsdD0i77yT5Lq65o6bIj48c3R5bGUgdHlwZT0idGV4dC9jc3MiPgo8IS0tCmJvZHkgewpiYWNrZ3JvdW5kLWltYWdlOnVybChodHRwOi8vaW1hZ2UucmFrdXRlbi5jby5qcC9kb25kb25kb25ub2thZ3UvY2FiaW5ldC8wMjMxNzM3NS8wMjMxNzM3OS8wMzA2ODQwMi9mcmVlLW4uanBnKTsKYmFja2dyb3VuZC1yZXBlYXQ6cmVwZWF0LXk7CmJhY2tncm91bmQtcG9zaXRpb246IGxlZnQ7Cn0KLS0+CgphOmhvdmVyIGltZ3sKb3BhY2l0eTowLjg7CmZpbHRlcjphbHBoYShvcGFjaXR5PTgwKTsKLW1zLWZpbHRlcjogImFscGhhKCBvcGFjaXR5PTgwICkiOwp9CgoKYTpob3ZlciB7IHBvc2l0aW9uOnJlbGF0aXZlOyB0b3A6MjsgbGVmdDoyOyB9Cjwvc3R5bGU+Cjxicj4gCiAKPCEtLSDlt6bluK8gLS0+CjxESVYgc3R5bGU9IndpZHRoOjEwMHB4O2hlaWdodDo5MDAwO3Bvc2l0aW9uOmFic29sdXRlO3RvcDo4MHB4O2xlZnQ6MHB4OyI+IDwvRElWPgo8IS0tIOW3puW4r19lbmQgLS0+CgoKPHRhYmxlIGJvcmRlcj0iMCI+CiAgPHRib2R5PgogICAgPHRyPgogICAgIDx0ZCB3aWR0aD0iNjgwIiBoZWlnaHQ9IjIwIiBiZ2NvbG9yPSIjZTBjNzk5Ij48Zm9udCBjb2xvcj0iI2ZmZmZmZiIgc2l6ZT0iLTEiPuKWoCBOZXcgdXAgSXRlbe+8iDUvMjXmm7TmlrDvvIk8L2ZvbnQ+PC90ZD4KICAgIDwvdHI+CiAgPC90Ym9keT4KPC90YWJsZT48YnI+Cjx0YWJsZSBib3JkZXI9IjAiPgogIDx0Ym9keT4KICAgIDx0cj4KPHRkIHdpZHRoPSI2ODUiPiA8L3RkPgogIDwvdHI+CjwvdGFibGU+PGJyPgoKPGltZyBzcmM9Imh0dHA6Ly9pbWFnZS5yYWt1dGVuLmNvLmpwL2RvbmRvbmRvbm5va2FndS9jYWJpbmV0LzAyMzE3Mzc1LzAyMzE3Mzc5L3JlY28tY2F0ZS5naWYiPjxicj48YnI+Cgo8dGFibGUgY2VsbHNwYWNpbmc9IjAiIGNlbGxwYWRkaW5nPSIwIiBib3JkZXI9IjAiPjx0Ym9keT48dHI+PHRkIHJvd3NwYW49IjIiPjxpbWcgc3JjPSJodHRwOi8vaW1hZ2UucmFrdXRlbi5jby5qcC9kb25kb25kb25ub2thZ3UvY2FiaW5ldC8wMjMxNzM3NS8wMjMxNzM3OS9pbWdyYzAwNjYwMDkzMzEuanBnIiBib3JkZXI9IjAiPjwvdGQ+Cjx0ZD48aW1nIHNyYz0iaHR0cDovL2ltYWdlLnJha3V0ZW4uY28uanAvZG9uZG9uZG9ubm9rYWd1L2NhYmluZXQvMDIzMTczNzUvMDIzMTczNzkvaW1ncmMwMDY2MDA5MzMyLmpwZyIgYm9yZGVyPSIwIj48L3RkPgo8dGQ+PGltZyBzcmM9Imh0dHA6Ly9pbWFnZS5yYWt1dGVuLmNvLmpwL2RvbmRvbmRvbm5va2FndS9jYWJpbmV0LzAyMzE3Mzc1LzAyMzE3Mzc5L2ltZ3JjMDA2NjAwOTMzNC5qcGciIGJvcmRlcj0iMCI+PC90ZD48L3RyPgo8dHI+PHRkPjxpbWcgc3JjPSJodHRwOi8vaW1hZ2UucmFrdXRlbi5jby5qcC9kb25kb25kb25ub2thZ3UvY2FiaW5ldC8wMjMxNzM3NS8wMjMxNzM3OS9pbWdyYzAwNjYwMDkzMzMuanBnIiBib3JkZXI9IjAiPjwvdGQ+Cjx0ZCBhbGlnbj0ibGVmdCI+PGltZyBzcmM9Imh0dHA6Ly9pbWFnZS5yYWt1dGVuLmNvLmpwL2RvbmRvbmRvbm5va2FndS9jYWJpbmV0LzAyMzE3Mzc1LzAyMzE3Mzc5L2ltZ3JjMDA2NjAwOTMzNS5qcGciIGJvcmRlcj0iMCI+PC90ZD48L3RyPjwvdGJvZHk+PC90YWJsZT48YnI+PGJyPgoKCjxicj48YnI+PGJyPjxicj4KCgoKCjx0YWJsZSB3aWR0aD0iNzQwIj4KPHRyPgogICAgPHRkIGFsaWduPSJjZW50ZXIiPgo8dGFibGUgYm9yZGVyPSIwIj4KICA8dGJvZHk+CiAgICA8dHI+CiAgICAgIDx0ZCB3aWR0aD0iNzQwIiBoZWlnaHQ9IjMwIiBiZ2NvbG9yPSJlMGM3OTkiPjxmb250IGNvbG9yPSIjZmZmZmZmIiBzaXplPSItMSI+PGltZyBzcmM9Imh0dHA6Ly9pbWFnZS5yYWt1dGVuLmNvLmpwL2RvbmRvbmRvbm5va2FndS9jYWJpbmV0LzAyMzE3Mzc1LzAyMzE3Mzc5LzAzMDY4NDAyL3JlYnl1bm9rb2UuanBnIiBib3JkZXI9IjAiPjwvZm9udD48L3RkPjwvdHI+CiAgPC90Ym9keT4KPC90YWJsZT48YnI+PGJyPgo8dGFibGUgd2lkdGg9IjYwMCIgY2VsbHNwYWNpbmc9IjAiIGNlbGxwYWRkaW5nPSIwIj4KCjxkaXY+PC9kaXY+PGJyPjxicj4KCiAgPC90Ym9keT4KPC90YWJsZT48YnI+CgoKCgo8c3R5bGUgdHlwZT0idGV4dC9jc3MiPgo8IS0tCgpkaXYjSGVhZGVyS2V5d29yZCB7Cglwb3NpdGlvbjphYnNvbHV0ZTsKCXRvcDo1MHB4Oy8q5LiA55Wq5LiK44GL44KJ44Gu5L2N572uKi8KCWxlZnQ6MzBweDsvKuW3puerr+OBi+OCieOBruS9jee9riovCn0KCmRpdiNIZWFkZXJLZXl3b3JkIHNwYW4gewoJYmFja2dyb3VuZDogI2JmMDAwMDsKCWNvbG9yOiNmZmY7Cglmb250LXdlaWdodDpib2xkOwoJcGFkZGluZzoycHggNXB4Owp9CgpkaXYjSGVhZGVyS2V5d29yZCBhIHsKCWNvbG9yOiMwMDQ0Q0M7Cn0KCi0tPgo8L3N0eWxlPgoKCgoKCjxzdHlsZSB0eXBlPSJ0ZXh0L2NzcyI+CjwhLS0Kc3Bhbi51bml0IHsgYmFja2dyb3VuZDogdXJsKGh0dHA6Ly9pbWFnZS5yYWt1dGVuLmNvLmpwL2RvbmRvbmRvbm5va2FndS9jYWJpbmV0LzAyMzE3Mzc1L2thZ28tbi5qcGcpIG5vLXJlcGVhdCBsZWZ0IHRvcDsgdGV4dC1pbmRlbnQ6Ci05OTk5OyBkaXNwbGF5OiBibG9jazsgd2lkdGg6IDQwMDsgaGVpZ2h0OiAxNzA7IG1hcmdpbjoxNXB4IDA7IH0KLS0+Cjwvc3R5bGU+Cgo8c3R5bGUgdHlwZT0idGV4dC9jc3MiPgo8IS0tCnNwYW4uY2F0Y2hfY29weSB7CmRpc3BsYXk6YmxvY2s7Cm1hcmdpbi10b3A6MTUwcHg7Cn0KLS0+Cjwvc3R5bGU+Cgo8c3R5bGUgdHlwZT0idGV4dC9jc3MiPgo8IS0tCnNwYW4uY2F0Y2hfY29weSB744CACmJvcmRlci10b3A6IDNweCBzb2xpZCAjY2NjO+OAgApib3JkZXItYm90dG9tOiAxcHggc29saWQgI2NjYzvjgIAgCmNvbG9yOiNDMDA744CACmZvbnQtc2l6ZTo5NSU744CACi8q44GT44GT44Gu6YOo5YiG44Gn5oyH5a6aKi8Kd2lkdGg6IDU4MHB4OwpiYWNrZ3JvdW5kOiB1cmwoaHR0cDovL2ltYWdlLnJha3V0ZW4uY28uanAvZG9uZG9uZG9ubm9rYWd1L2NhYmluZXQvMDIzMTczNzUvMXllYWUtZ3IuanBnKSBuby1yZXBlYXQgdG9wIDMwcHggbGVmdCA7IHdpZHRoOiA0MDA7IGhlaWdodDogNjc7IG1hcmdpbjoxNXB4IDA7YmFja2dyb3VuZC1wb3NpdGlvbjpib3R0b207IH0KLS0+Cjwvc3R5bGU+Cgo8c3R5bGU+Ci8q5ZWG5ZOB5ZCNKi8KIC5pdGVtX25hbWV7CiB3aWR0aDo0MDBweDsvKuWVhuWTgeWQjeOBruOCqOODquOCouOBruW5heOCkuaMh+WumiovCmxpbmUtaGVpZ2h0OjEyMCU7LyrooYzplpPjgpLnqbrjgZHjgovmjIflrpoqLwpsZXR0ZXItc3BhY2luZzoxcHg7LyrmloflrZfplpPjgpLnqbrjgZHjgovmjIflrpoqLwpib3JkZXItbGVmdDogc29saWQgNXB4ICNmZjczNzI7LyrllYblk4HlkI3jga7lt6blgbTjgavotaTjgYTnt5rjgpLlvJXjgY8qLwpib3JkZXItYm90dG9tOiBkb3R0ZWQgMXB4ICM5OTk7LyrllYblk4HlkI3jga7kuIvjgavjgrDjg6zjg7zjga7ngrnnt5oqLwpwYWRkaW5nOiA0cHggMHB4IDRweCA1cHg7LyrkvZnnmb3jga7oqr/mlbQqLwptYXJnaW46IDEwcHggMCAwIDA7CiBkaXNwbGF5OiBibG9jazsvKuOBk+OCjOOCkuWFpeOCjOOCi+OBqO+8nO+9gu+9ku+8nuOCkuWFpeOCjOOBquOBj+OBpuOCguOCreODo+ODg+ODgeOCs+ODlOODvOOBjOaUueihjOOBleOCjOOCiyovCiB9CgogLyrllYblk4Hjgq3jg6Pjg4Pjg4HjgrPjg5Tjg7wqLwpzcGFuLmNhdGNoX2NvcHl7CiB3aWR0aDo0MDBweDsvKuWVhuWTgeWQjeOBruOCqOODquOCouOBruW5heOCkuaMh+WumiovCiBmb250LXNpemU6MTBweDsKIGNvbG9yOiM5OTk5OTk7CiBkaXNwbGF5OiBibG9jazsKIG1hcmdpbjowOwogcGFkZGluZzogNHB4IDBweCAyMHB4IDBweDsKIGRpc3BsYXk6IGJsb2NrOy8q44GT44KM44KS5YWl44KM44KL44Go77yc772C772S77ye44KS5YWl44KM44Gq44GP44Gm44KC44Kt44Oj44OD44OB44Kz44OU44O844GM5pS56KGM44GV44KM44KLKi8KIH0KCi8qIOS+oeagvOOBq+aeoOe3muOBjOOBpOOBjyAqLwp0YWJsZSNyYWt1dGVuTGltaXRlZElkX2NhcnQgewogICAgYmFja2dyb3VuZC1jb2xvcjogI2Y4ZjhmODsKICAgIGJvcmRlcjogMXB4IHNvbGlkICNkZGQ7CiAgICBwYWRkaW5nOiA4cHg7CiAgICBtYXJnaW46IDE2cHggMDsKfQoKIC8q6YG45oqe6aCF55uu6IKiKi8Kc2VsZWN0W25hbWU9ImNob2ljZSJdewoJaGVpZ2h0OjM1cHg7CiAgICAgICAgd2lkdGg6MzYwcHg7CQp9CgouY2hvaWNlewoJZGlzcGxheTpibG9jazsKCW1hcmdpbjoyMHB4IDBweCAxMHB4IDBweDsKCWJvcmRlci13aWR0aDowcHggMHB4IDBweCAzcHg7Cglib3JkZXItc3R5bGU6c29saWQ7Cglib3JkZXItY29sb3I6I2JkZGY4MDsKCWJhY2tncm91bmQtaW1hZ2U6dXJsKCLnlLvlg48iKTsKCWJhY2tncm91bmQtcmVwZWF0Om5vLXJlcGVhdDsKCWJhY2tncm91bmQtcG9zaXRpb246cmlnaHQgY2VudGVyOwogICAgICAgIGJhY2tncm91bmQtY29sb3I6ICNmOGY4Zjg7Cgl3aWR0aDozNTBweDsKCWhlaWdodDoxMDAlOwoJcGFkZGluZzo4cHggMHB4IDBweCAxMHB4Owp9CgogLyrntI3mnJ/mg4XloLEqLwpkaXYjcmFrdXRlbkxpbWl0ZWRJZF9hcm91bmRDYXJ0IHRkIGZvbnRbc2l6ZT0iMyJdIAp7CiAgY29sb3I6ICNmZjc1Nzg7CiAgZm9udC1zaXplOiAxM3B4OwogIGZvbnQtd2VpZ2h0OiBib2xkOwoKfQoKCi8q44GK5bGK44GR5pel44Gr44Gk44GE44GmKi8Kc3Bhbi5pdGVtX2Rlc2MgewogICAgY29sb3I6ICMwMDAwMDA7CiAgICBmb250LXNpemU6IDEwMCU7CiAgICBiYWNrZ3JvdW5kOiB1cmwoaHR0cHM6Ly9pbWFnZS5yYWt1dGVuLmNvLmpwL2RvbmRvbmRvbm5va2FndS9jYWJpbmV0LzAyMzE3Mzc1LzAyMzE3Mzc5LzAzMDY4NDAyL2RlbGkzLmpwZykgbm8tcmVwZWF0IHRvcDsKICAgIGhlaWdodDogMTAwJTsKICAgIGRpc3BsYXk6IGJsb2NrOwogICAgcGFkZGluZy10b3A6IDQxMnB4Owp9Cjwvc3R5bGU+,44CQ6YCB5paZ54Sh5paZ44CRM+S6uuaOmyDjgr3jg5XjgqEg44Ki44O844Og5LuYIOakheWtkCDjgYTjgZkg44OB44Kn44KiIOODgeOCp+OCouODvCDjgr3jg5XjgqEg44K944OV44Kh44O8IDPkurrmjpvjgZEg44Ki44K444Ki44Oz44Oq44K+44O844OIIOOCqOOCueODi+ODg+OCryDjg6rjgr7jg7zjg4jjgr3jg5XjgqEgM1AgM+S6uueUqCDjg6zjg4jjg60g44Oi44OA44OzIOWutuWFtyDjgqTjg7Pjg4bjg6rjgqIg44GK44GX44KD44KMIOOBiua0kuiQvSDjgqrjgrfjg6Pjg6wg44Ki44OQ44KrIOOCouOCuOOCouODs+WutuWFtyDjg5Djg6rpoqgg44OQ44OqIOOCouODkOOCq+OCveODleOCoe+8muOBqeOCk+OBqeOCk+OBqeOCk+OBruWutuWFtw==,5a625YW344Kk44Oz44OG44Oq44Ki5YyX5qyn44OK44OB44Ol44Op44Or44K544K/44Kk44Oq44OD44K344Ol5pyo6KO944GK44GX44KD44KM5aSn5bed5a625YW344OG44Os44OT44Oc44O844OJ44Kt44OD44OB44Oz44Kr44Km44Oz44K/44O844OA44Kk44OL44Oz44Kw6aOf5Zmo5qOa44OG44O844OW44Or44OH44K544Kv44OB44Kn44Ki44K944OV44Kh5o6b5pmC6KiI44Of44Op44O844Ov44K044Oz5bCP54mp44CQ6YCB5paZ54Sh5paZ44CRM+S6uuaOmyDjgr3jg5XjgqEg44Ki44O844Og5LuYIOakheWtkCDjgYTjgZkg44OB44Kn44KiIOODgeOCp+OCouODvCDjgr3jg5XjgqEg44K944OV44Kh44O8IDPkurrmjpvjgZEg44Ki44K444Ki44Oz44Oq44K+44O844OIIOOCqOOCueODi+ODg+OCryDjg6rjgr7jg7zjg4jjgr3jg5XjgqEgM1AgM+S6uueUqCDjg6zjg4jjg60g44Oi44OA44OzIOWutuWFtyDjgqTjg7Pjg4bjg6rjgqIg44GK44GX44KD44KMIOOBiua0kuiQvSDjgqrjgrfjg6Pjg6wg44Ki44OQ44KrIOOCouOCuOOCouODs+WutuWFtyDjg5Djg6rpoqgg44OQ44OqIOOCouODkOOCq+OCveODleOCoQ==,44K944OV44KhIOOCveODleOCoeODvCDvvJPkurrmjpvjgZEg44Ki44K444Ki44OzIOODquOCvuODvOODiCDjgqLjgrjjgqLjg7Plrrblhbcg44OQ44Oq44CC44CQ6YCB5paZ54Sh5paZ44CRM+S6uuaOmyDjgr3jg5XjgqEg44Ki44O844Og5LuYIOakheWtkCDjgYTjgZkg44OB44Kn44KiIOODgeOCp+OCouODvCDjgr3jg5XjgqEg44K944OV44Kh44O8IDPkurrmjpvjgZEg44Ki44K444Ki44Oz44Oq44K+44O844OIIOOCqOOCueODi+ODg+OCryDjg6rjgr7jg7zjg4jjgr3jg5XjgqEgM1AgM+S6uueUqCDjg6zjg4jjg60g44Oi44OA44OzIOWutuWFtyDjgqTjg7Pjg4bjg6rjgqIg44GK44GX44KD44KMIOOBiua0kuiQvSDjgqrjgrfjg6Pjg6wg44Ki44OQ44KrIOOCouOCuOOCouODs+WutuWFtyDjg5Djg6rpoqgg44OQ44OqIOOCouODkOOCq+OCveODleOCoQ==[rn]
37-51661,aHR0cDovL3RzaG9wLnIxMHMuanAvZWFzeS1mL2NhYmluZXQvc29mYS8zcHNvZmEvczMtMDIxLmpwZz9maXRpbj03MDA6NzAw,Mjg2MzUuMjAwMA==,,44Kk44Oz44OG44Oq44Ki44O75a+d5YW344O75Y+O57SNID4g44K944OV44Kh44O744K944OV44Kh44OZ44OD44OJID4gM+S6uuaOm+OBkeOCveODleOCoSA+IOW4g+WcsA==,44CQ6ISa44Gu5Y+W44KK5aSW44GX5Y+v6IO944CR6IKY5LuY44GNM+S6uuaOm+OBkSDjg5XjgqHjg5/jg6rjg7wg44K944OV44KhIOOAkDPkurrmjpvjgZHjgJHjgJDjg5XjgqHjg5bjg6rjg4Pjgq/jgJHjgJDjgr3jg5XjgqHjg7zjgJHjg6rjg5Pjg7PjgrDjg6vjg7zjg6DjgavjgbTjgaPjgZ/jgoog44OV44Kh44OW44Oq44OD44Kv44K944OV44Kh44O8M1Ag44Kv44Ki44OI44OtIOODluODqeOCpuODsyDlj47ntI3jgqTjg7Pjg4bjg6rjgqLjgJAwMlAwM0RlYzE244CR,5omL6Kem44KK44Gu6Imv44GE44OV44Kh44OW44Oq44OD44Kv55Sf5Zyw44KS5L2/55So44GX44Gf44K944OV44Kh,PHRhYmxlIGJvcmRlcj0iMCIgd2lkdGg9IjMyOCIgY2VsbHNwYWNpbmc9IjEiIGNlbGxwYWRkaW5nPSI0IiBiZ2NvbG9yPSIjOTk5OTk5Ij4KPHRyIGJnY29sb3I9IkY1RjJGMiI+IAo8dGQgY29sc3Bhbj0iMiI+PGZvbnQgc2l6ZT0iMiI+CiDilqDkuIvoqJjlnLDln5/jga/jgIHov73liqDpgIHmlpnjgYznmbrnlJ/jgYTjgZ/jgZfjgb7jgZnjgII8YnI+PGJyPgo8Zm9udCBjb2xvcj0iRkU0MzQzIiBzaXplPSIyIj48Yj7ljJfmtbfpgZPjg7vmnbHljJfjg7vmspbnuITjg7vpm6Lls7Y8L2ZvbnQ+PC9iPgrigLvmnbHljJflnLDmlrnjgbjjga7jgYrlsYrjgZHjga/kuIDpg6jpgIHmlpnnhKHmlpnllYblk4HjgoLjgZTjgZbjgYTjgb7jgZnjgII8YnI+PGJyPgo8Zm9udCBjb2xvcj0iM0I3MkZGIj7oqbPjgZfjgY/jga/pgIHmlpnmlpnph5HooajjgpLjgZTnorroqo3kuIvjgZXjgYTjgb7jgZvjgIIKPC9mb250PjwvdGQ+PC90cj4KPC90YWJsZT4KPGJyPjx0YWJsZSBib3JkZXI9JzAnIHdpZHRoPSczMjgnIGNlbGxzcGFjaW5nPScxJyBjZWxscGFkZGluZz0nNCcgYmdjb2xvcj0nIzk5OTk5OSc+CiAgICA8dHI+CiAgICAgIDx0ZCBiZ2NvbG9yPScjZmZhNTAwJyBjb2xzcGFuPScyJz48Zm9udCBjb2xvcj0jZmZmZmZmIHNpemU9Jy0xJz4KCuKWoOWVhuWTgeOCteOCpOOCujwvZm9udD48L3RkPgogICAgPC90cj4KICAgIDx0cj4KICAgICAgPHRkIGNvbHNwYW49JzInIGJnY29sb3I9JyNmZmZmZmYnPjxmb250IHNpemU9Jy0xJz4K5YWo5L2T77ya5bmFMTYxw5flpaXooYw3N8OX6auY44GVNzFjbTxicj4K44CA5bqn6Z2i6auY77yaMzdjbTxicj4K44CA5bqK44GL44KJ6IKY5o6b44G+44Gn44Gu6auY44GV77yaNTFjbSAKPC9mb250PjwvdGQ+CiAgICA8L3RyPgogICAgPHRyPgogICAgICA8dGQgYmdjb2xvcj0nI2ZmYTUwMCcgY29sc3Bhbj0nMic+PGZvbnQgY29sb3I9I2ZmZmZmZiBzaXplPSctMSc+CgoK4pag5p2Q6LOqPC9mb250PjwvdGQ+CiAgICA8L3RyPgogICAgPHRyPgogICAgICA8dGQgY29sc3Bhbj0nMicgYmdjb2xvcj0nI2ZmZmZmZic+PGZvbnQgc2l6ZT0nLTEnPuW8teWcsO+8muODneODquOCqOOCueODhuODqzgw77yF77yP57a/MjDvvIU8YnI+CuOAgOODleODrOODvOODoO+8muWkqeeEtuacqDxicj4K44CA5bqn6Z2i77ya77yz44OQ44ON77yP44Km44Kn44O844OT44Oz44Kw44OZ44Or44OI77yP44Km44Os44K/44Oz44OV44Kp44O844OgPGJyPgrjgIDog4zpnaLvvJrjgqbjg6zjgr/jg7Pjg5Xjgqnjg7zjg6A8YnI+CuOAgOiEmumDqO+8muODl+ODqeOCueODgeODg+OCrzxicj4KPC9mb250PgogICAgICA8L3RkPgogICAgPC90cj4KICAgIDx0cj4KICAgICAgPHRkIGJnY29sb3I9JyNmZmE1MDAnIGNvbHNwYW49JzInPjxmb250IGNvbG9yPSNmZmZmZmYgc2l6ZT0nLTEnPgoK4pag5ZWG5ZOB6Kmz57SwPC9mb250PjwvdGQ+CiAgICA8L3RyPgogICAgPHRyPgogICAgICA8dGQgY29sc3Bhbj0nMicgYmdjb2xvcj0nI2ZmZmZmZic+PGZvbnQgc2l6ZT0nLTEnPgrlrozmiJDlk4EKCjwvdGQ+CiAgICA8L3RyPgogICAgPHRyPgogICAgICA8dGQgYmdjb2xvcj0nI2ZmYTUwMCcgY29sc3Bhbj0nMic+PGZvbnQgY29sb3I9I2ZmZmZmZiBzaXplPSctMSc+CgrilqDjgrnjgr/jg4Pjg5Xjg6zjg5Pjg6Xjg7w8L2ZvbnQ+PC90ZD4KICAgIDwvdHI+CiAgICA8dHI+CiAgICAgIDx0ZCB3aWR0aD0nMzAnIGJnY29sb3I9JyNmZmE1MDAnPjxmb250IGNvbG9yPScjZmZmZmZmJyBzaXplPSctMSc+4peL4oCmPC9mb250PjwvdGQ+CiAgICAgIDx0ZCB3aWR0aD0nMjk4JyBiZ2NvbG9yPScjZmZmZmZmJz48Zm9udCBzaXplPSctMSc+44CM6IKY572u44GN44Gv5puy57ea44Gr44Gq44Gj44Gm44GK44KK44CB6IKY44KS44GK44GN44KE44GZ44GE44OH44K244Kk44Oz44Gn44GZ44CCPGJyPueUn+WcsOOBr+OAgeaJi+inpuOCiuOBruiJr+OBhOODleOCoeODluODquODg+OCr+S7leanmOOBp+OBmeOAguW6p+OBo+OBpuODhuODrOODk+OCkuimi+OChOOBmeOBhOmrmOOBleOBp+OBmeOAguOAjTwvZm9udD48YnI+CiAgICAgIDwvdGQ+CiAgICA8L3RyPgogICAgPHRyPgogICAgICA8dGQgd2lkdGg9JzMwJyBiZ2NvbG9yPScjZmZhNTAwJz48Zm9udCBjb2xvcj0nI2ZmZmZmZicgc2l6ZT0nLTEnPuKWs+KApjwvZm9udD48L3RkPgogICAgICA8dGQgd2lkdGg9JzI5OCcgYmdjb2xvcj0nI2ZmZmZmZic+PGZvbnQgIHNpemU9Jy0xJz7jgIzlpKflnovjgYrojbfnianjgafjgZnjga7jgafpgJrot6/jgoTplpPlj6Pjga7kuovliY3norroqo3jgpLjgYrpoZjjgYTjgZfjgb7jgZnjgILjgI08L3RkPgo8L3RyPjwvdGFibGU+PHN0eWxlIHR5cGU9InRleHQvY3NzIj4KPCEtLQpib2R5IHsKICBiYWNrZ3JvdW5kLWltYWdlOnVybCgpOwogIGJhY2tncm91bmQtcmVwZWF0OnJlcGVhdC15OwogIGJhY2tncm91bmQtcG9zaXRpb246bGVmdDsKfQoKaW1nIHtib3JkZXI6bm9uZTt9CgotLT4KPC9zdHlsZT4KCgo8dGFibGUgaWQ9InJhbmtpbmciIGNlbGxzcGFjaW5nPSIwIj4KPHRyPjx0ZCBjb2xzcGFuPSIzIj4KPGltZyBzcmM9Imh0dHA6Ly9pbWFnZS5yYWt1dGVuLmNvLmpwL2Vhc3ktZi9jYWJpbmV0L2t5b3V0c3VkYWkvcmV2LTAxLTIuanBnIiBib3JkZXI9IjAiPgo8L3RkPjwvdHI+Cjx0cj4KPHRkPjxpbWcgc3JjPSJodHRwOi8vaW1hZ2UucmFrdXRlbi5jby5qcC9lYXN5LWYvY2FiaW5ldC9reW91dHN1ZGFpL3Jldi0wMi0yLmpwZyIgYm9yZGVyPSIwIj48L3RkPgo8dGQ+PGltZyBzcmM9Imh0dHA6Ly9pbWFnZS5yYWt1dGVuLmNvLmpwL2Vhc3ktZi9jYWJpbmV0L2t5b3V0c3VkYWkvcmV2LTAzLTIuanBnIiBib3JkZXI9IjAiPjwvdGQ+Cjx0ZD48aW1nIHNyYz0iaHR0cDovL2ltYWdlLnJha3V0ZW4uY28uanAvZWFzeS1mL2NhYmluZXQva3lvdXRzdWRhaS9yZXYtMDQtMi5qcGciIGJvcmRlcj0iMCI+PC90ZD4KPC90cj4KPHRyPgo8dGQ+PGltZyBzcmM9Imh0dHA6Ly9pbWFnZS5yYWt1dGVuLmNvLmpwL2Vhc3ktZi9jYWJpbmV0L2t5b3V0c3VkYWkvcmV2LTA1LTIuanBnIiBib3JkZXI9IjAiPjwvdGQ+Cjx0ZD48aW1nIHNyYz0iaHR0cDovL2ltYWdlLnJha3V0ZW4uY28uanAvZWFzeS1mL2NhYmluZXQva3lvdXRzdWRhaS9yZXYtMDYtMi5qcGciIGJvcmRlcj0iMCI+PC90ZD4KPHRkPjxpbWcgc3JjPSJodHRwOi8vaW1hZ2UucmFrdXRlbi5jby5qcC9lYXN5LWYvY2FiaW5ldC9reW91dHN1ZGFpL3Jldi0wNy0yLmpwZyIgYm9yZGVyPSIwIj48L3RkPgo8L3RyPgo8dHI+Cjx0ZD48aW1nIHNyYz0iaHR0cDovL2ltYWdlLnJha3V0ZW4uY28uanAvZWFzeS1mL2NhYmluZXQva3lvdXRzdWRhaS9yZXYtMDgtMi5qcGciIGJvcmRlcj0iMCI+PC90ZD4KPHRkPjxpbWcgc3JjPSJodHRwOi8vaW1hZ2UucmFrdXRlbi5jby5qcC9lYXN5LWYvY2FiaW5ldC9reW91dHN1ZGFpL3Jldi0wOS0yLmpwZyIgYm9yZGVyPSIwIj48L3RkPgo8dGQ+PGltZyBzcmM9Imh0dHA6Ly9pbWFnZS5yYWt1dGVuLmNvLmpwL2Vhc3ktZi9jYWJpbmV0L2t5b3V0c3VkYWkvcmV2LTEwLTIuanBnIiBib3JkZXI9IjAiPjwvdGQ+CjwvdHI+CjwvdGFibGU+CgoKPHRhYmxlIHdpZHRoPSI3MDAiIGNlbGxzcGFjaW5nPSIwIiBzdHlsZT0ibWFyZ2luLXRvcDoxMDsiPgo8dHI+Cjx0ZCBjb2xzcGFuPSI1Ij48aW1nIHNyYz0iaHR0cDovL2ltYWdlLnJha3V0ZW4uY28uanAvZWFzeS1mL2NhYmluZXQva3lvdXRzdWRhaS9yYy0wLmpwZyI+PC90ZD4KPC90cj4KPHRyPgo8dGQgYWxpZ249ImxlZnQiPjxpbWcgc3JjPSJodHRwOi8vaW1hZ2UucmFrdXRlbi5jby5qcC9lYXN5LWYvY2FiaW5ldC9reW91dHN1ZGFpL3JjLTEuanBnIj48L3RkPgo8dGQ+PGltZyBzcmM9Imh0dHA6Ly9pbWFnZS5yYWt1dGVuLmNvLmpwL2Vhc3ktZi9jYWJpbmV0L2t5b3V0c3VkYWkvcmMtMi5qcGciPjwvdGQ+Cjx0ZCByb3dzcGFuPSIyIj48aW1nIHNyYz0iaHR0cDovL2ltYWdlLnJha3V0ZW4uY28uanAvZWFzeS1mL2NhYmluZXQva3lvdXRzdWRhaS9yYy0zLmpwZyI+PC90ZD4KPHRkPjxpbWcgc3JjPSJodHRwOi8vaW1hZ2UucmFrdXRlbi5jby5qcC9lYXN5LWYvY2FiaW5ldC9reW91dHN1ZGFpL3JjLTQuanBnIj48L3RkPgo8dGQgYWxpZ249InJpZ2h0Ij48aW1nIHNyYz0iaHR0cDovL2ltYWdlLnJha3V0ZW4uY28uanAvZWFzeS1mL2NhYmluZXQva3lvdXRzdWRhaS9yYy01LmpwZyI+PC90ZD4KPC90cj4KPHRyPgo8dGQgYWxpZ249ImxlZnQiPjxpbWcgc3JjPSJodHRwOi8vaW1hZ2UucmFrdXRlbi5jby5qcC9lYXN5LWYvY2FiaW5ldC9reW91dHN1ZGFpL3JjLTYuanBnIj48L3RkPgo8dGQ+PGltZyBzcmM9Imh0dHA6Ly9pbWFnZS5yYWt1dGVuLmNvLmpwL2Vhc3ktZi9jYWJpbmV0L2t5b3V0c3VkYWkvcmMtNy5qcGciPjwvdGQ+Cjx0ZD48aW1nIHNyYz0iaHR0cDovL2ltYWdlLnJha3V0ZW4uY28uanAvZWFzeS1mL2NhYmluZXQva3lvdXRzdWRhaS9yYy04LmpwZyI+PC90ZD4KPHRkIGFsaWduPSJyaWdodCI+PGltZyBzcmM9Imh0dHA6Ly9pbWFnZS5yYWt1dGVuLmNvLmpwL2Vhc3ktZi9jYWJpbmV0L2t5b3V0c3VkYWkvcmMtOS5qcGciPg==,44CQ6ISa44Gu5Y+W44KK5aSW44GX5Y+v6IO944CR6IKY5LuY44GNM+S6uuaOm+OBkSDjg5XjgqHjg5/jg6rjg7wg44K944OV44KhIOOAkDPkurrmjpvjgZHjgJHjgJDjg5XjgqHjg5bjg6rjg4Pjgq/jgJHjgJDjgr3jg5XjgqHjg7zjgJHjg6rjg5Pjg7PjgrDjg6vjg7zjg6DjgavjgbTjgaPjgZ/jgoog44OV44Kh44OW44Oq44OD44Kv44K944OV44Kh44O8M1Ag44Kv44Ki44OI44OtIOODluODqeOCpuODsyDlj47ntI3jgqTjg7Pjg4bjg6rjgqLjgJAwMlAwM0RlYzE244CR77yaRWFzeeODleOCoeODi+ODgeODo+ODvA==,44CQ6ISa44Gu5Y+W44KK5aSW44GX5Y+v6IO944CR6IKY5LuY44GNM+S6uuaOm+OBkSDjg5XjgqHjg5/jg6rjg7wg44K944OV44KhIOOAkDPkurrmjpvjgZHjgJHjgJDjg5XjgqHjg5bjg6rjg4Pjgq/jgJHjgJDjgr3jg5XjgqHjg7zjgJHjg6rjg5Pjg7PjgrDjg6vjg7zjg6DjgavjgbTjgaPjgZ/jgoog44OV44Kh44OW44Oq44OD44Kv44K944OV44Kh44O8M1Ag44Kv44Ki44OI44OtIOODluODqeOCpuODsyDlj47ntI3jgqTjg7Pjg4bjg6rjgqLjgJAwMlAwM0RlYzE244CR,5omL6Kem44KK44Gu6Imv44GE44OV44Kh44OW44Oq44OD44Kv55Sf5Zyw44KS5L2/55So44GX44Gf44K944OV44Kh44CC44CQ6ISa44Gu5Y+W44KK5aSW44GX5Y+v6IO944CR6IKY5LuY44GNM+S6uuaOm+OBkSDjg5XjgqHjg5/jg6rjg7wg44K944OV44KhIOOAkDPkurrmjpvjgZHjgJHjgJDjg5XjgqHjg5bjg6rjg4Pjgq/jgJHjgJDjgr3jg5XjgqHjg7zjgJHjg6rjg5Pjg7PjgrDjg6vjg7zjg6DjgavjgbTjgaPjgZ/jgoog44OV44Kh44OW44Oq44OD44Kv44K944OV44Kh44O8M1Ag44Kv44Ki44OI44OtIOODluODqeOCpuODsyDlj47ntI3jgqTjg7Pjg4bjg6rjgqLjgJAwMlAwM0RlYzE244CR[rn]
37-51662,aHR0cDovL3RzaG9wLnIxMHMuanAvZWFzeS1mL2NhYmluZXQvc29mYS8zcHNvZmEvczMtMDY1LmpwZz9maXRpbj03MDA6NzAw,MzkwNDAuMDAwMA==,,44Kk44Oz44OG44Oq44Ki44O75a+d5YW344O75Y+O57SNID4g44K944OV44Kh44O744K944OV44Kh44OZ44OD44OJID4gM+S6uuaOm+OBkeOCveODleOCoSA+IOW4g+WcsA==,44OP44Kk44OQ44OD44Kv44Gn44KG44Gj44Gf44KK44GP44Gk44KN44GS44KLIOODleOCoeODluODquODg+OCryAzUOOCveODleOCoSDkuozkurrmjpvjgZHjgr3jg5XjgqEgM+S6uueUqCAzUCDmpIXlrZAgc29mYSDjgr3jg5XjgqHjg7wg44OV44Kh44OW44Oq44OD44Kv44K944OV44KhIOODquODk+ODs+OCsOOCveODleOCoSDimIXvvKbjgr3jg5XjgqEgM1DjgIDjgq3jg6Pjg6rjg7zvvIjjg5bjg6njgqbjg7Mv44Kw44Os44O8L+OCsOODquODvOODsy/jg5Hjg7zjg5fjg6vvvInjgJAwMlAwM0RlYzE244CR,44Oq44OT44Oz44KwIDPkurrmjpvjgZEgc29mYeOAgOOBiua0kuiQvSDlj6/mhJvjgYQ=,PHRhYmxlIGJvcmRlcj0iMCIgd2lkdGg9IjMyOCIgY2VsbHNwYWNpbmc9IjEiIGNlbGxwYWRkaW5nPSI0IiBiZ2NvbG9yPSIjOTk5OTk5Ij4KPHRyIGJnY29sb3I9IkY1RjJGMiI+IAo8dGQgY29sc3Bhbj0iMiI+PGZvbnQgc2l6ZT0iMiI+CiDilqDkuIvoqJjlnLDln5/jga/jgIHov73liqDpgIHmlpnjgYznmbrnlJ/jgYTjgZ/jgZfjgb7jgZnjgII8YnI+PGJyPgo8Zm9udCBjb2xvcj0iRkU0MzQzIiBzaXplPSIyIj48Yj7ljJfmtbfpgZPjg7vmnbHljJfjg7vmspbnuITjg7vpm6Lls7Y8L2ZvbnQ+PC9iPgrigLvmnbHljJflnLDmlrnjgbjjga7jgYrlsYrjgZHjga/kuIDpg6jpgIHmlpnnhKHmlpnllYblk4HjgoLjgZTjgZbjgYTjgb7jgZnjgII8YnI+PGJyPgo8Zm9udCBjb2xvcj0iM0I3MkZGIj7oqbPjgZfjgY/jga/pgIHmlpnmlpnph5HooajjgpLjgZTnorroqo3kuIvjgZXjgYTjgb7jgZvjgIIKPC9mb250PjwvdGQ+PC90cj4KPC90YWJsZT4KPGJyPjx0YWJsZSBib3JkZXI9JzAnIHdpZHRoPSczMjgnIGNlbGxzcGFjaW5nPScxJyBjZWxscGFkZGluZz0nNCcgYmdjb2xvcj0nIzk5OTk5OSc+CiAgICA8dHI+CiAgICAgIDx0ZCBiZ2NvbG9yPScjZmZhNTAwJyBjb2xzcGFuPScyJz48Zm9udCBjb2xvcj0jZmZmZmZmIHNpemU9Jy0xJz4KCuKWoOWVhuWTgeOCteOCpOOCujwvZm9udD48L3RkPgogICAgPC90cj4KICAgIDx0cj4KICAgICAgPHRkIGNvbHNwYW49JzInIGJnY29sb3I9JyNmZmZmZmYnPjxmb250IHNpemU9Jy0xJz4K44CU5YWo5L2T44CV5bmFMTY5w5flpaXooYw4NMOX6auY44GVOTFjbTxicj4K44CU5bqn6Z2i6auY44GV44CVMzljbTxicj4K44CU6ISa6auY44GV44CVMTVjbTxicj4KPC9mb250PjwvdGQ+CiAgICA8L3RyPgogICAgPHRyPgogICAgICA8dGQgYmdjb2xvcj0nI2ZmYTUwMCcgY29sc3Bhbj0nMic+PGZvbnQgY29sb3I9I2ZmZmZmZiBzaXplPSctMSc+CgoK4pag5p2Q6LOqPC9mb250PjwvdGQ+CiAgICA8L3RyPgogICAgPHRyPgogICAgICA8dGQgY29sc3Bhbj0nMicgYmdjb2xvcj0nI2ZmZmZmZic+PGZvbnQgc2l6ZT0nLTEnPgrlvLXlnLDvvJrjg53jg6rjgqjjgrnjg4bjg6s4MO+8heODu+e2vzIw77yFPGJyPgrluqfpnaLvvJrvvLPjg5Djg40v44Km44Kn44O844OT44Oz44Kw44OZ44Or44OIL+OCpuODrOOCv+ODs+ODleOCqeODvOODoDxicj4K6IOM6Z2i77ya44Km44Kn44O844OT44Oz44Kw44OZ44Or44OIL+OCpuODrOOCv+ODs+ODleOCqeODvOODoDxicj4K6ISa6YOo77ya5aSp54S25pyoPC9mb250PgogICAgICA8L3RkPgogICAgPC90cj4KICAgIDx0cj4KICAgICAgPHRkIGJnY29sb3I9JyNmZmE1MDAnIGNvbHNwYW49JzInPjxmb250IGNvbG9yPSNmZmZmZmYgc2l6ZT0nLTEnPgoK4pag5ZWG5ZOB6Kmz57SwPC9mb250PjwvdGQ+CiAgICA8L3RyPgogICAgPHRyPgogICAgICA8dGQgY29sc3Bhbj0nMicgYmdjb2xvcj0nI2ZmZmZmZic+PGZvbnQgc2l6ZT0nLTEnPgrlrozmiJDlk4HigLvohJrjga7jgb/lj5bjgorku5jjgZE8L3RkPgogICAgPC90cj4KICAgIDx0cj4KICAgICAgPHRkIGJnY29sb3I9JyNmZmE1MDAnIGNvbHNwYW49JzInPjxmb250IGNvbG9yPSNmZmZmZmYgc2l6ZT0nLTEnPgoK4pag44K544K/44OD44OV44Os44OT44Ol44O8PC9mb250PjwvdGQ+CiAgICA8L3RyPgogICAgPHRyPgogICAgICA8dGQgd2lkdGg9JzMwJyBiZ2NvbG9yPScjZmZhNTAwJz48Zm9udCBjb2xvcj0nI2ZmZmZmZicgc2l6ZT0nLTEnPuKXi+KApjwvZm9udD48L3RkPgogICAgICA8dGQgd2lkdGg9JzI5OCcgYmdjb2xvcj0nI2ZmZmZmZic+PGZvbnQgc2l6ZT0nLTEnPuOAjOODj+OCpOODkOODg+OCr+OBruiDjOOCguOBn+OCjOOBp+OChuOBo+OBj+OCiuOBj+OBpOOCjeOBkuOBvuOBmeOAguOAjTwvZm9udD4KICAgICAgPC90ZD4KICAgIDwvdHI+CiAgICA8dHI+CiAgICAgIDx0ZCB3aWR0aD0nMzAnIGJnY29sb3I9JyNmZmE1MDAnPjxmb250IGNvbG9yPScjZmZmZmZmJyBzaXplPSctMSc+4paz4oCmPC9mb250PjwvdGQ+CiAgICAgIDx0ZCB3aWR0aD0nMjk4JyBiZ2NvbG9yPScjZmZmZmZmJz48Zm9udCAgc2l6ZT0nLTEnPuOAjOaQrOWFpee1jOi3r+OBruS6i+WJjeeiuuiqjeOCkuOBiumhmOOBhOOBl+OBvuOBmeOAgjxicj7lhpnnnJ/jga7oibLlkbPjgajlrp/nianjga7oibLlkbPjga/nlbDjgarjgovloLTlkIjjgYzjgZTjgZbjgYTjgb7jgZnjgILjgI08L3RkPgo8L3RyPjwvdGFibGU+PHN0eWxlIHR5cGU9InRleHQvY3NzIj4KPCEtLQpib2R5IHsKICBiYWNrZ3JvdW5kLWltYWdlOnVybCgpOwogIGJhY2tncm91bmQtcmVwZWF0OnJlcGVhdC15OwogIGJhY2tncm91bmQtcG9zaXRpb246bGVmdDsKfQoKaW1nIHtib3JkZXI6bm9uZTt9CgotLT4KPC9zdHlsZT4KCgo8dGFibGUgaWQ9InJhbmtpbmciIGNlbGxzcGFjaW5nPSIwIj4KPHRyPjx0ZCBjb2xzcGFuPSIzIj4KPGltZyBzcmM9Imh0dHA6Ly9pbWFnZS5yYWt1dGVuLmNvLmpwL2Vhc3ktZi9jYWJpbmV0L2t5b3V0c3VkYWkvcmV2LTAxLTIuanBnIiBib3JkZXI9IjAiPgo8L3RkPjwvdHI+Cjx0cj4KPHRkPjxpbWcgc3JjPSJodHRwOi8vaW1hZ2UucmFrdXRlbi5jby5qcC9lYXN5LWYvY2FiaW5ldC9reW91dHN1ZGFpL3Jldi0wMi0yLmpwZyIgYm9yZGVyPSIwIj48L3RkPgo8dGQ+PGltZyBzcmM9Imh0dHA6Ly9pbWFnZS5yYWt1dGVuLmNvLmpwL2Vhc3ktZi9jYWJpbmV0L2t5b3V0c3VkYWkvcmV2LTAzLTIuanBnIiBib3JkZXI9IjAiPjwvdGQ+Cjx0ZD48aW1nIHNyYz0iaHR0cDovL2ltYWdlLnJha3V0ZW4uY28uanAvZWFzeS1mL2NhYmluZXQva3lvdXRzdWRhaS9yZXYtMDQtMi5qcGciIGJvcmRlcj0iMCI+PC90ZD4KPC90cj4KPHRyPgo8dGQ+PGltZyBzcmM9Imh0dHA6Ly9pbWFnZS5yYWt1dGVuLmNvLmpwL2Vhc3ktZi9jYWJpbmV0L2t5b3V0c3VkYWkvcmV2LTA1LTIuanBnIiBib3JkZXI9IjAiPjwvdGQ+Cjx0ZD48aW1nIHNyYz0iaHR0cDovL2ltYWdlLnJha3V0ZW4uY28uanAvZWFzeS1mL2NhYmluZXQva3lvdXRzdWRhaS9yZXYtMDYtMi5qcGciIGJvcmRlcj0iMCI+PC90ZD4KPHRkPjxpbWcgc3JjPSJodHRwOi8vaW1hZ2UucmFrdXRlbi5jby5qcC9lYXN5LWYvY2FiaW5ldC9reW91dHN1ZGFpL3Jldi0wNy0yLmpwZyIgYm9yZGVyPSIwIj48L3RkPgo8L3RyPgo8dHI+Cjx0ZD48aW1nIHNyYz0iaHR0cDovL2ltYWdlLnJha3V0ZW4uY28uanAvZWFzeS1mL2NhYmluZXQva3lvdXRzdWRhaS9yZXYtMDgtMi5qcGciIGJvcmRlcj0iMCI+PC90ZD4KPHRkPjxpbWcgc3JjPSJodHRwOi8vaW1hZ2UucmFrdXRlbi5jby5qcC9lYXN5LWYvY2FiaW5ldC9reW91dHN1ZGFpL3Jldi0wOS0yLmpwZyIgYm9yZGVyPSIwIj48L3RkPgo8dGQ+PGltZyBzcmM9Imh0dHA6Ly9pbWFnZS5yYWt1dGVuLmNvLmpwL2Vhc3ktZi9jYWJpbmV0L2t5b3V0c3VkYWkvcmV2LTEwLTIuanBnIiBib3JkZXI9IjAiPjwvdGQ+CjwvdHI+CjwvdGFibGU+CgoKPHRhYmxlIHdpZHRoPSI3MDAiIGNlbGxzcGFjaW5nPSIwIiBzdHlsZT0ibWFyZ2luLXRvcDoxMDsiPgo8dHI+Cjx0ZCBjb2xzcGFuPSI1Ij48aW1nIHNyYz0iaHR0cDovL2ltYWdlLnJha3V0ZW4uY28uanAvZWFzeS1mL2NhYmluZXQva3lvdXRzdWRhaS9yYy0wLmpwZyI+PC90ZD4KPC90cj4KPHRyPgo8dGQgYWxpZ249ImxlZnQiPjxpbWcgc3JjPSJodHRwOi8vaW1hZ2UucmFrdXRlbi5jby5qcC9lYXN5LWYvY2FiaW5ldC9reW91dHN1ZGFpL3JjLTEuanBnIj48L3RkPgo8dGQ+PGltZyBzcmM9Imh0dHA6Ly9pbWFnZS5yYWt1dGVuLmNvLmpwL2Vhc3ktZi9jYWJpbmV0L2t5b3V0c3VkYWkvcmMtMi5qcGciPjwvdGQ+Cjx0ZCByb3dzcGFuPSIyIj48aW1nIHNyYz0iaHR0cDovL2ltYWdlLnJha3V0ZW4uY28uanAvZWFzeS1mL2NhYmluZXQva3lvdXRzdWRhaS9yYy0zLmpwZyI+PC90ZD4KPHRkPjxpbWcgc3JjPSJodHRwOi8vaW1hZ2UucmFrdXRlbi5jby5qcC9lYXN5LWYvY2FiaW5ldC9reW91dHN1ZGFpL3JjLTQuanBnIj48L3RkPgo8dGQgYWxpZ249InJpZ2h0Ij48aW1nIHNyYz0iaHR0cDovL2ltYWdlLnJha3V0ZW4uY28uanAvZWFzeS1mL2NhYmluZXQva3lvdXRzdWRhaS9yYy01LmpwZyI+PC90ZD4KPC90cj4KPHRyPgo8dGQgYWxpZ249ImxlZnQiPjxpbWcgc3JjPSJodHRwOi8vaW1hZ2UucmFrdXRlbi5jby5qcC9lYXN5LWYvY2FiaW5ldC9reW91dHN1ZGFpL3JjLTYuanBnIj48L3RkPgo8dGQ+PGltZyBzcmM9Imh0dHA6Ly9pbWFnZS5yYWt1dGVuLmNvLmpwL2Vhc3ktZi9jYWJpbmV0L2t5b3V0c3VkYWkvcmMtNy5qcGciPjwvdGQ+Cjx0ZD48aW1nIHNyYz0iaHR0cDovL2ltYWdlLnJha3V0ZW4uY28uanAvZWFzeS1mL2NhYmluZXQva3lvdXRzdWRhaS9yYy04LmpwZyI+PC90ZD4KPHRkIGFsaWduPSJyaWdodCI+PGltZyBzcmM9Imh0dHA6Ly9pbWFnZS5yYWt1dGVuLmNvLmpwL2Vhc3ktZi9jYWJpbmV0L2t5b3V0c3VkYWkvcmMtOS5qcGciPg==,44OP44Kk44OQ44OD44Kv44Gn44KG44Gj44Gf44KK44GP44Gk44KN44GS44KLIOODleOCoeODluODquODg+OCryAzUOOCveODleOCoSDkuozkurrmjpvjgZHjgr3jg5XjgqEgM+S6uueUqCAzUCDmpIXlrZAgc29mYSDjgr3jg5XjgqHjg7wg44OV44Kh44OW44Oq44OD44Kv44K944OV44KhIOODquODk+ODs+OCsOOCveODleOCoSDimIXvvKbjgr3jg5XjgqEgM1DjgIDjgq3jg6Pjg6rjg7zvvIjjg5bjg6njgqbjg7Mv44Kw44Os44O8L+OCsOODquODvOODsy/jg5Hjg7zjg5fjg6vvvInjgJAwMlAwM0RlYzE244CR77yaRWFzeeODleOCoeODi+ODgeODo+ODvA==,44OP44Kk44OQ44OD44Kv44Gn44KG44Gj44Gf44KK44GP44Gk44KN44GS44KLIOODleOCoeODluODquODg+OCryAzUOOCveODleOCoSDkuozkurrmjpvjgZHjgr3jg5XjgqEgM+S6uueUqCAzUCDmpIXlrZAgc29mYSDjgr3jg5XjgqHjg7wg44OV44Kh44OW44Oq44OD44Kv44K944OV44KhIOODquODk+ODs+OCsOOCveODleOCoSDimIXvvKbjgr3jg5XjgqEgM1DjgIDjgq3jg6Pjg6rjg7zvvIjjg5bjg6njgqbjg7Mv44Kw44Os44O8L+OCsOODquODvOODsy/jg5Hjg7zjg5fjg6vvvInjgJAwMlAwM0RlYzE244CR,44Oq44OT44Oz44KwIDPkurrmjpvjgZEgc29mYeOAgOOBiua0kuiQvSDlj6/mhJvjgYTjgILjg4/jgqTjg5Djg4Pjgq/jgafjgobjgaPjgZ/jgorjgY/jgaTjgo3jgZLjgosg44OV44Kh44OW44Oq44OD44KvIDNQ44K944OV44KhIOS6jOS6uuaOm+OBkeOCveODleOCoSAz5Lq655SoIDNQIOakheWtkCBzb2ZhIOOCveODleOCoeODvCDjg5XjgqHjg5bjg6rjg4Pjgq/jgr3jg5XjgqEg44Oq44OT44Oz44Kw44K944OV44KhIOKYhe+8puOCveODleOCoSAzUOOAgOOCreODo+ODquODvO+8iOODluODqeOCpuODsy/jgrDjg6zjg7wv44Kw44Oq44O844OzL+ODkeODvOODl+ODq++8ieOAkDAyUDAzRGVjMTbjgJE=[rn]
