37-97049,aHR0cDovL3RzaG9wLnIxMHMuanAvbGl2aW56YS9jYWJpbmV0L2hpcm9zaG8vaGMtNTIzNV8wMS5qcGc/Zml0aW49NzAwOjcwMA==,ODQ2Ny4yMDAw,,5a626Zu7ID4g55Sf5rS75a626Zu7ID4g5o6D6Zmk5qmf44O744Kv44Oq44O844OK44O8ID4g5o6D6Zmk5qmf,44Kz44O844OJ44Os44K5IOODj+ODs+ODh+OCo+OCr+ODquODvOODiuODvCDjgrXjg4Pjg4jjg6rjg7zjg4rjgrXjgqTjgq/jg63jg7MgR1gtUiBIQy01MjM1IOaOg+mZpOapnyDjgrXjgqTjgq/jg63jg7Mg6ZuG44GY44KT5pa55byPIOe0meODkeODg+OCr+S4jeimgSDjg5Hjg6/jg5Xjg6sg5rC05rSX44GE5Y+vIOWFhembu+W8jyDjgJAwNVAyME1heTE344CR,5rCX44Gr44Gq44KL44K044Of44Gv44GT44KMMeWPsOOBp09L77yB44K144Kk44Kv44Ot44Oz5byP44Gu44OR44Ov44OV44Or5o6D6Zmk5qmf,PGltZyBzcmM9Imh0dHBzOi8vaW1hZ2UucmFrdXRlbi5jby5qcC9saXZpbnphL2NhYmluZXQvaGlyb3Noby9oYy01MjM1XzAyLmpwZyIgd2lkdGg9IjYzMCI+PGJyPgo8dGFibGUgd2lkdGg9IjYzMCI+PHRyPgo8dGQgYmdjb2xvcj0iI2VlZWVlZSIgc3R5bGU9InBhZGRpbmc6MTBweDsiPjxwPjxiPjxmb250IHNpemU9IisxIj7lpJrlvanjgarjgqLjgr/jg4Pjg4Hjg6Hjg7Pjg4jjgaflrrbjga7kuK3jga7jgYLjgonjgobjgovloLTmiYDjgpI8L2ZvbnQ+PC9iPjwvcD4K5bqK44Gr6JC944Gh44Gm44GE44KL44K044Of44CB44K144OD44K344Gu5rqd44CB44Ko44Ki44Kz44Oz44Gu44OV44Kj44Or44K/44O844CB44Oa44OD44OI44Gu5q+b44KE5pyN44Gr44Gk44GE44Gf44Ob44Kz44Oq44G+44Gn44CC5aSa5b2p44Gq44Ki44K/44OD44OB44Oh44Oz44OI44GM44GV44G+44GW44G+44Gq5aC05omA44Gu44K044Of44KE44Ob44Kz44Oq44KS5ZC444GE5Y+W44KK44G+44GZ44CCPC90ZD4KPC90cj48L3RhYmxlPjxicj4KPGltZyBzcmM9Imh0dHBzOi8vaW1hZ2UucmFrdXRlbi5jby5qcC9saXZpbnphL2NhYmluZXQvaGlyb3Noby9oYy01MjM1XzAzLmpwZyIgd2lkdGg9IjYzMCI+PGJyPgo8aW1nIHNyYz0iaHR0cHM6Ly9pbWFnZS5yYWt1dGVuLmNvLmpwL2xpdmluemEvY2FiaW5ldC9oaXJvc2hvL2hjLTUyMzVfMDQuanBnIiB3aWR0aD0iNjMwIj48YnI+PGJyPjxicj4KCjx0YWJsZSB3aWR0aD0iNjMwIj48dHI+Cjx0ZCBiZ2NvbG9yPSIjZWVlZWVlIiBzdHlsZT0icGFkZGluZzoxMHB4OyI+PHA+PGI+PGZvbnQgc2l6ZT0iKzEiPuOCs+ODvOODieODrOOCueOBp+OCguODkeODr+ODleODq+OBquWQuOW8leWKmzwvZm9udD48L2I+PC9wPgrlhYXpm7vlvI/jgrPjg7zjg4njg6zjgrnjgarjga7jgafjgIHlj5bjgorlm57jgZfjgYzjg6njgq/jgILjganjgZPjgbjjgafjgoLmjIHjgaHpgYvjgbnjgb7jgZnjgILjgb7jgZ/jgIHjgrXjgqTjgq/jg63jg7PmlrnlvI/jgaDjgYvjgonjgIHlkLjlvJXlipvjgYzmjIHntprjgZfjgb7jgZnjgII8L3RkPgo8L3RyPjwvdGFibGU+PGJyPgoKPGltZyBzcmM9Imh0dHBzOi8vaW1hZ2UucmFrdXRlbi5jby5qcC9saXZpbnphL2NhYmluZXQvaGlyb3Noby9oYy01MjM1XzA1LmpwZyIgd2lkdGg9IjYzMCI+PGJyPjxoMT7jgrPjg7zjg4njg6zjgrkg44OP44Oz44OH44Kj44Kv44Oq44O844OK44O8IOOCteODg+ODiOODquODvOODiuOCteOCpOOCr+ODreODsyBHWC1SPC9oMT4KPHRhYmxlIHdpZHRoPSIxMDAlIiBib3JkZXI9IjEiIGNlbGxwYWRkaW5nPSI0IiBjZWxsc3BhY2luZz0iMCIgYm9yZGVyY29sb3I9IiNjY2NjY2MiPgo8dHI+PHRkIGJnY29sb3I9IiNlZWVlZWUiIGNvbHNwYW49IjIiIGFsaWduPSJjZW50ZXIiPuWVhuWTgeiqrOaYjjwvdGQ+PC90cj4KPHRyPjx0ZCBjb2xzcGFuPSIyIj7jgrXjgqTjgq/jg63jg7PmlrnlvI/jg4/jg7Pjg4fjgqPjg7zjgr/jgqTjg5fjga7jg5Hjg6/jg5Xjg6vjgarmjoPpmaTmqZ/jgII8YnI+5rCX44Gr44Gq44KL44K044Of44Gv44GT44KMMeWPsOOBp09L77yB5bqK44Gr6JC944Gh44Gm44GE44KL44K044Of44CB44K144OD44K344Gu5rqd44CB44Ko44Ki44Kz44Oz44Gu44OV44Kj44Or44K/44O844CB44Oa44OD44OI44Gu5q+b44KE5pyN44Gr44Gk44GE44Gf44Ob44Kz44Oq44G+44Gn44CC5aSa5b2p44Gq44Ki44K/44OD44OB44Oh44Oz44OI44GM5qeY44CF44Gq566H5omA44Gu44K044Of44KS5ZC444GE5Y+W44KK44G+44GZ44CCPGJyPuWFhembu+W8j+OCs+ODvOODieODrOOCueOBquOBruOBp+OAgeWPluOCiuWbnuOBl+OBjOODqeOCr+OAguOBqeOBk+OBuOOBp+OCguaMgeOBoemBi+OBueOBvuOBmeOAguOBvuOBn+OAgeOCteOCpOOCr+ODreODs+aWueW8j+OBoOOBi+OCieOAgeWQuOW8leWKm+OBjOaMgee2muOBl+OBvuOBmeOAgjxicj7jg4Djgrnjg4jjgrHjg7zjgrnjgajjg5XjgqPjg6vjgr/jg7zjga/msLTmtJfjgYRPS++8gTwvdGQ+PC90cj4KPHRyPjx0ZCBiZ2NvbG9yPSIjZWVlZWVlIiB3aWR0aD0iMjAlIiBhbGlnbj0iY2VudGVyIj7lk4HjgIDnlao8L3RkPjx0ZD5IQy01MjM1PC90ZD48L3RyPgo8dHI+PHRkIGJnY29sb3I9IiNlZWVlZWUiIGFsaWduPSJjZW50ZXIiPuOCteOCpOOCujwvdGQ+PHRkPijntIQpMzQuNcOXMTAuNcOXMThjbTxicj7pm7vmupDjgrPjg7zjg4nplbcvKOe0hCkxLjhtPC90ZD48L3RyPgo8dHI+PHRkIGJnY29sb3I9IiNlZWVlZWUiIGFsaWduPSJjZW50ZXIiPumHjeOAgOmHjzwvdGQ+PHRkPijntIQpMSwwMDBn44CB5LuY5bGe5ZOB5ZCrLyjntIQpMiwxMDBnPC90ZD48L3RyPgo8dHI+PHRkIGJnY29sb3I9IiNlZWVlZWUiIGFsaWduPSJjZW50ZXIiPumbhuOBmOOCkzxicj7lrrnjgIDph488L3RkPjx0ZD4o57SEKTAuNDXjg6rjg4Pjg4jjg6s8L3RkPjwvdHI+Cjx0cj48dGQgYmdjb2xvcj0iI2VlZWVlZSIgYWxpZ249ImNlbnRlciI+5p2Q44CA6LOqPC90ZD48dGQ+5pys5L2T44O744OA44K544OI44Kx44O844K5L0FCU+aoueiEgjwvdGQ+PC90cj4KPHRyPjx0ZCBiZ2NvbG9yPSIjZWVlZWVlIiBhbGlnbj0iY2VudGVyIj7ku5XjgIDmp5g8L3RkPjx0ZD5BQzEwMFbjgIHjg4vjg4Pjgqvjg4npm7vmsaA3LjJWPGJyPuWFhembu+aZgumWky8o57SEKTbmmYLplpM8YnI+6YCj57aa5L2/55So5pmC6ZaTLyjntIQpMTDliIY8L3RkPjwvdHI+Cjx0cj48dGQgYmdjb2xvcj0iI2VlZWVlZSIgYWxpZ249ImNlbnRlciI+5LuY5bGe5ZOBPC90ZD48dGQ+5bqK55So5ZC46L685Y+j44CB5ZC46L6844G/5Y+j44Ob44O844K544CB5bu26ZW344OR44Kk44OXw5cy44CB44OW44Op44OD44K344Oz44Kw44OO44K644Or44CB44GZ44GN6ZaT44OO44K644Or44CB44OZ44OD44OJ44OW44Op44K344CB44GZ44GN6ZaT44OW44Op44K3PC90ZD48L3RyPgo8dHI+PHRkIGJnY29sb3I9IiNlZWVlZWUiIGFsaWduPSJjZW50ZXIiPueUn+eUo+WbvTwvdGQ+PHRkPuS4reWbvTwvdGQ+PC90cj4KPHRyPjx0ZCBiZ2NvbG9yPSIjZWVlZWVlIiBhbGlnbj0iY2VudGVyIj7pgIHjgIDmlpk8L3RkPgo8dGQ+PGZvbnQgY29sb3I9IiNDQzAwMDAiPjxmb250IHNpemU9IisxIj48Yj7pgIHmlpnnhKHmlpk8L2I+PC9mb250PijljJfmtbfpgZPvvJo4MDDlhobnqI7liKUpIOaylue4hOODu+mbouWztuWIpemAlOOBiuimi+epjeOCijwvZm9udD48L3RkPjwvdHI+Cjx0cj48dGQgYmdjb2xvcj0iI2VlZWVlZSIgYWxpZ249ImNlbnRlciI+55m644CA6YCBPC90ZD48dGQ+5qyg5ZOB44Gu54K644GK5b6F44Gh6aCC44GP5aC05ZCI44KC44GU44GW44GE44G+44GZ44CCPC90ZD48L3RyPgo8L3RhYmxlPgo8cCBhbGlnbj0iY2VudGVyIj48aW1nIHNyYz0iaHR0cHM6Ly9pbWFnZS5yYWt1dGVuLmNvLmpwL2xpdmluemEvY2FiaW5ldC9naWZ0LTM1MGJuLmdpZiIgd2lkdGg9IjM1MCIgaGVpZ2h0PSI2MSI+PC9wPgoKCgo8YnI+Cgo8aW1nIHNyYz0iaHR0cHM6Ly9pbWFnZS5yYWt1dGVuLmNvLmpwL2xpdmluemEvY2FiaW5ldC9pbWcvaWNvbl9wZGYuZ2lmIiB3aWR0aD0iMzIiIGhlaWdodD0iMzIiPgo8Qj48Rk9OVCBjb2xvcj0iI2ZmMDAwMCI+44Oh44O844Kr44O85biM5pyb5bCP5aOy5L6h5qC844Gv44Oh44O844Kr44O844Kr44K/44Ot44Kw44Gr5Z+644Gl44GE44Gm5o6y6LyJ44GX44Gm44GE44G+44GZKHBkZuODleOCoeOCpOODqyk8L0ZPTlQ+PC9CPjxsaW5rIGhyZWY9Imh0dHBzOi8vd3d3LnJha3V0ZW4ubmUuanAvZ29sZC9saXZpbnphL2Nzcy9wY3NwLmNzcyIgcmVsPSJzdHlsZXNoZWV0IiB0eXBlPSJ0ZXh0L2NzcyI+CjxsaW5rIGhyZWY9Imh0dHBzOi8vd3d3LnJha3V0ZW4ubmUuanAvZ29sZC9saXZpbnphL2Nzcy9zdHlsZS5jc3MiIHJlbD0ic3R5bGVzaGVldCIgdHlwZT0idGV4dC9jc3MiPgo8bGluayBocmVmPSJodHRwczovL3d3dy5yYWt1dGVuLm5lLmpwL2dvbGQvbGl2aW56YS9jc3MvcGNfc2hvaGluLmNzcyIgcmVsPSJzdHlsZXNoZWV0IiB0eXBlPSJ0ZXh0L2NzcyI+CgoKPGRpdiBpZD0ic2lkZWJhbm5lcmxlZnQxIj4K44Ki44Km44OI44Os44OD44OICjwvZGl2Pgo8ZGl2IGlkPSJzaWRlYmFubmVybGVmdDIiPgrniLbjga7ml6Xnibnpm4YKPC9kaXY+CjxkaXYgaWQ9InNpZGViYW5uZXJsZWZ0MyI+CuOCouOCpuODiOODieOCoueJuembhgo8L2Rpdj4KPGRpdiBpZD0ic2lkZWJhbm5lcmxlZnQ0Ij4KZmFjZWJvb2sKPC9kaXY+Cgo8IS0tIDxkaXYgaWQ9InAxMDAiPjEwMOWGhk9GRjwvZGl2Pgo8ZGl2IGlkPSJwMzAwIj4zMDDlhoZPRkY8L2Rpdj4KPGRpdiBpZD0icDUwMCI+NTAw5YaGT0ZGPC9kaXY+CjxkaXYgaWQ9Imtpa2FuIj48YnI+44CQ5pyf44CA6ZmQ44CRPGJyPjUvMjYo6YeRKTEwOjAwPGJyPgrilrzjgIDilrzjgIDilrw8YnI+NS8yOSjmnIgpOTo1OTwvZGl2PiAtLT4KCjxkaXYgaWQ9InNvdXJ5b3VoeW91Ij7pgIHmlpnooag8L2Rpdj4=,44Kz44O844OJ44Os44K5IOODj+ODs+ODh+OCo+OCr+ODquODvOODiuODvCDjgrXjg4Pjg4jjg6rjg7zjg4rjgrXjgqTjgq/jg63jg7MgR1gtUiBIQy01MjM1IOaOg+mZpOapnyDjgrXjgqTjgq/jg63jg7Mg6ZuG44GY44KT5pa55byPIOe0meODkeODg+OCr+S4jeimgSDjg5Hjg6/jg5Xjg6sg5rC05rSX44GE5Y+vIOWFhembu+W8jyDjgJAwNVAyME1heTE344CR77ya55Sf5rS76aSoTGl2aW56YQ==,5a625YW3IOmAmuiyqeWutuWFtyDjgqLjgqbjg4jjg6zjg4Pjg4jlrrblhbfjgqrjg5XjgqPjgrnlrrblhbcg6YCa6LKp5a625YW3IOOCouOCpuODiOODrOODg+ODiOWutuWFt+ODmeODg+ODiSDluIPlm6Mg6YCa6LKp5a625YW3IOOCouOCpuODiOODrOODg+ODiOWutuWFt+OCveODleOCoeODvCDpgJrosqnlrrblhbcg44Ki44Km44OI44Os44OD44OI5a625YW344OG44O844OW44OrIOakheWtkCDpgJrosqnlrrblhbcg44Ki44Km44OI44Os44OD44OI5a625YW344OZ44OT44O844OB44Kn44Ki44O8IOmAmuiyqeWutuWFtyDjgqLjgqbjg4jjg6zjg4Pjg4jlrrblhbfjg4fjgrnjgq8g44OB44Kn44Ki44O8IOmAmuiyqeWutuWFtyDjgqLjgqbjg4jjg6zjg4Pjg4jlrrblhbflj47ntI3lrrblhbcg5pys5qOaIOmjn+WZqOajmiDlo4HpnaLlrrblhbcgVFblj7Ag6YCa6LKp5a625YW3IOOCouOCpuODiOODrOODg+ODiOWutuWFt+ODn+ODqeODvCDjg4njg6zjg4PjgrXjg7wg44Kz44O844OI44OP44Oz44Ks44O8ICDpgJrosqnlrrblhbcg44Ki44Km44OI44Os44OD44OI5a625YW36KGd56uLIOODkeODvOODhuODvOOCt+ODp+ODsyDplpPku5XliIfjgoogICDpgJrosqnlrrblhbcg44Ki44Km44OI44Os44OD44OI5a625YW344OL44Ol44O844Kv44OD44Kv44Ki44O844OIIOODl+ODqeOCuSDjg5/jg4sg6Zu75a2Q44Os44Oz44K46Kq/55CG5ZmoIOmAmuiyqeWcp+WKm+mNiyDjg5Hjg7zjg6vph5HlsZ4g6YCa6LKp44OW44Or44O844OA44Kk44Ok44Oi44Oz44OJ44Kz44O844OIIOODkeODvOODq+mHkeWxniDpgJrosqnjg6Tjg7zjg57jg7MgWUFNQU4g576O5a65IOWBpeW6t+apn+WZqCDpgJrosqnlnJ/pjYsg44K/44K444Oz6Y2LIElI5a++5b+cIOODh+OCtuOCpOODiuODvOOCuuWutuWFtyDjgZPjgZ/jgaQg54Ks54e1IOOCs+OCv+ODhOeCrOeHteW4g+Wbo+OAgOOCs+OCv+ODhOW4g+WboyDjgZPjgZ/jgaTjgbXjgajjgpPjgIDliqDmub/lmagg56m65rCX5riF5rWE5qmf44OP44OD44OU44O844Kz44O844Or44Kw44Or44Oh44OR44Oz44Kz44O844OJ44Os44K5IOODj+ODs+ODh+OCo+OCr+ODquODvOODiuODvCDjgrXjg4Pjg4jjg6rjg7zjg4rjgrXjgqTjgq/jg63jg7MgR1gtUiBIQy01MjM1IOaOg+mZpOapnyDjgrXjgqTjgq/jg63jg7Mg6ZuG44GY44KT5pa55byPIOe0meODkeODg+OCr+S4jeimgSDjg5Hjg6/jg5Xjg6sg5rC05rSX44GE5Y+vIOWFhembu+W8jyDjgJAwNVAyME1heTE344CR,5rCX44Gr44Gq44KL44K044Of44Gv44GT44KMMeWPsOOBp09L77yB44K144Kk44Kv44Ot44Oz5byP44Gu44OR44Ov44OV44Or5o6D6Zmk5qmf44CC44Kz44O844OJ44Os44K5IOODj+ODs+ODh+OCo+OCr+ODquODvOODiuODvCDjgrXjg4Pjg4jjg6rjg7zjg4rjgrXjgqTjgq/jg63jg7MgR1gtUiBIQy01MjM1IOaOg+mZpOapnyDjgrXjgqTjgq/jg63jg7Mg6ZuG44GY44KT5pa55byPIOe0meODkeODg+OCr+S4jeimgSDjg5Hjg6/jg5Xjg6sg5rC05rSX44GE5Y+vIOWFhembu+W8jyDjgJAwNVAyME1heTE344CR[rn]
37-97050,aHR0cDovL3RzaG9wLnIxMHMuanAvaW1wb3J0c2hvcGFxdWEvY2FiaW5ldC96b29tL2MvbWF4MTIvYXNwaXJhLXpvb20uanBnP2ZpdGluPTcwMDo3MDA=,MTI3ODcuMjAwMA==,,5a626Zu7ID4g55Sf5rS75a626Zu7ID4g5o6D6Zmk5qmf44O744Kv44Oq44O844OK44O8ID4g5o6D6Zmk5qmf,44CQ44Od44Kk44Oz44OI5pyA5aSnMTLlgI3jgJHjgJDpgIHmlpnnhKHmlpnjgJHjgJDjgrPjg7zjg4njg6zjgrkg5o6D6Zmk5qmf44CR44CQ5o6D6Zmk5qmf44Ki44Ot44Oe44OB44OD44OX44Gu44Kq44Oe44Kx54m55YW444GC44KK44CRYXNwaXJh77yI44Ki44K544OU44Op77yJIOOCs+ODvOODieODrOOCuTJXQVnjgrXjgqTjgq/jg63jg7Pjgq/jg6rjg7zjg4rjg7wg44K544OG44Kj44OD44KvIOODj+ODs+ODh+OCoyDmipjjgorjgZ/jgZ/jgb8g5YWF6Zu75byPIOOCteOCpOOCr+ODreODsyDjgYrjgZfjgoPjgowg5by35YqbIOODquODgeOCpuODoOOCpOOCquODsyAyOS42Vg==,44Kz44O844OJ44Os44K5IOaOg+mZpOapny/jgrPjg7zjg4njg6zjgrkv5o6D6Zmk5qmfL2FzcGlyYS/jgqLjgrnjg5Tjg6kvRUYtQVMwMQ==,PGRpdiBpZD0iYXFQYWdlV3JhcCI+CjxoMj7mjoPpmaTmqZ8g44Kz44O844OJ44Os44K5IGFzcGlyYSDjgqLjgrnjg5Tjg6kg44Kz44O844OJ44Os44K544K144Kk44Kv44Ot44Oz44Kv44Oq44O844OK44O8IOODj+ODs+ODh+OCoyDmipjjgorjgZ/jgZ/jgb88L2gyPgo8aW1nIHNyYz0iaHR0cDovL3d3dy5yYWt1dGVuLm5lLmpwL2dvbGQvaW1wb3J0c2hvcGFxdWEvcmV2aWV3L29tay9pbWcvcmV2aWV3LWJuci5naWYiIGFsdD0iIj48YnI+CjxpbWcgc3JjPSJodHRwOi8vaW1hZ2UucmFrdXRlbi5jby5qcC9pbXBvcnRzaG9wYXF1YS9jYWJpbmV0L2F1ZGlvOC9hc3BpcmEtbWFpbi5qcGciIGFsdD0iIiBpZD0ic3BfbWFpbiI+CjxkaXYgaWQ9InBhZ2VIZWFkTGluZSI+6YCj57aa6YGL6Lui44Gv5pyA6ZW344GnNjDliIbvvIE8YnI+CuOBk+OCjDHlj7DjgafjgYrlrrbjga7kuK3jgpLjgb7jgovjgZTjgajjgq3jg6zjgqTjgavimao8L2Rpdj4KPGRpdiBpZD0icGFnZU1haW5UZXh0Ij4KYXNwaXJh77yI44Ki44K544OU44Op77yJ44Kz44O844OJ44Os44K5MldBWeOCteOCpOOCr+ODreODs+OCr+ODquODvOODiuODvOOBr+OAgeS4gOW6puWFhembu+OBmeOCjOOBsOOAgeOCs+ODvOODieODrOOCueOBp+OBiumDqOWxi+OBrumaheOAheOBvuOBp+OCreODrOOCpOOBq+OBp+OBjeOCizxiPuOCueODhuOCo+ODg+OCr+Wei+aOg+mZpOapn+OAgjwvYj48YnI+CjxiPjJXYXnjgr/jgqTjg5c8L2I+44Gq44Gu44Gn44CB44OV44Ot44O844Oq44Oz44Kw44KE44Kr44O844Oa44OD44OI44Gu5LiK44Gv44K544OG44Kj44OD44Kv44Gn44CB44K944OV44Kh44KE44OG44O844OW44Or44Gu5LiK44KS5o6D6Zmk44GX44Gf44GE44Go44GN44Gv44OP44Oz44OH44Kj44Om44OL44OD44OI44KS5Y+W5aSW44GZ44GT44Go44Gn44K544Kk44K544Kk44GK5o6D6Zmk44GM44Gn44GN44G+44GZ77yBPGJyPgo8YnI+CjxiPuKXj+mrmOaAp+iDveODquODgeOCpuODoOOCpOOCquODs+ODkOODg+ODhuODquODvOOCkuaQrei8ie+8gTwvYj48YnI+CuWbveWGheOBp+OBr+acgOmrmOODrOODmeODq+OBruWHuuWKm+OCkuiqh+OCi+OAgTxiPkxH56S+6KO944Gu6auY5oCn6IO944OQ44OD44OG44Oq44O844KS5o6h55SoPC9iPuOBmeOCi+OBk+OBqOOBp+OAgemVt+OBhOmBi+i7ouaZgumWk+OCkuWun+ePvuOBl+OBvuOBl+OBn+OAgjxicj4K5byx6YGL6Lui5pmC44Gq44KJ44CBPGI+57SENjDliIbjgajjgrPjg7zjg4njg6zjgrnmjoPpmaTmqZ/jga7kuK3jgafjga/mnIDplbfjgq/jg6njgrnjga7pgYvou6LmmYLplpM8L2I+44KS6KqH44KK44G+44GZ44CCPGJyPgo8YnI+CjxiPuKXj+ODkeODr+ODleODq+OBq+OBlOOBv+OCkuWQuOOBhOWPluOCiuOAgeWkluOBq+mAg+OBleOBquOBhO+8gTwvYj48YnI+CuODmOODg+ODieOBq+OBpOOBhOOBn+ODreODvOODq+ODluODqeOCt+OBjOOAgemBi+i7ouOBqOWQjOaZguOBq+mrmOmAn+OBp+Wbnui7ouOBl+OBquOBjOOCieOBlOOBv+OCkuOBi+OBjeWHuuOBl+OAgeWQuOOBhOWPluOCiuOBvuOBmeOAgjxicj4KPGI+44K144Kk44Kv44Ot44Oz5byPPC9iPuOBrumbhuOBmOOCk+aWueazleOBquOBruOBp+OAgTxiPumVt+aZgumWk+S9v+OBo+OBpuOBhOOBpuOCguWQuOW8leWKm+OBjOiQveOBoeOBq+OBj+OBjzwvYj7jgIHlv6vpganjgavjgZTkvb/nlKjjgYTjgZ/jgaDjgZHjgb7jgZnjgII8YnI+CuWGhemDqOOBq+OBrzxiPkhFUEHjg5XjgqPjg6vjgr/jg7zjgYzmkK3ovIk8L2I+44GV44KM44Gm44GE44KL44Gu44Gn44CB6Iqx57KJ44KE44OP44Km44K544OA44K544OI44Gq44Gp44CB55uu44Gr6KaL44GI44Gq44GE57Sw44GL44Gq44Ob44Kz44Oq44KC44Kt44Oj44OD44OB77yBPGI+5aSW44G444Gu5o6S5rCX44KC44Kt44Os44KkPC9iPuOBquOBruOBp+OAgeeyieWhteOBq+aVj+aEn+OBquaWueOBp+OCguWuieW/g+OBl+OBpuOBlOS9v+eUqOOBhOOBn+OBoOOBkeOBvuOBmeOAgjxicj4K44K044Of5o2o44Gm44KC57Ch5Y2Y44Gn44CBPGI+44OV44Kj44Or44K/44O844Go44Kr44OD44OX44Gv5rC05rSX44GE44GM44Gn44GN44KLPC9iPuOBruOBp+OAgea4hea9lOOBq+S/neOBpOOBk+OBqOOBjOOBp+OBjeOBvuOBmeOAgjxicj4KPGJyPgo8Yj7il4/mipjjgornlbPjgoHjgovjgYvjgonnva7jgY3loLTmiYDjgavjgoLlm7DjgonjgarjgYTvvIE8L2I+PGJyPgrmnKzkvZPjga88Yj7mipjjgorjgZ/jgZ/jgoDjgZPjgajjgYzjgafjgY3jgos8L2I+44Gu44Gn44CB5oq844GX5YWl44KM44KE44Kv44Ot44O844K844OD44OI44Gu5Lit44Gr44KC5Y+O57SN44GZ44KL44GT44Go44GM44Gn44GN44G+44GZ44CC44Gf44Gf44KA5pmC44KC44K544OG44Kj44OD44Kv5Lit5aSu44Gu5oqY44KK44Gf44Gf44G/44Oc44K/44Oz44KS5oq844GX44Gq44GM44KJ5b6M5pa544Gr5YCS44GZ44Gg44GR44Gq44Gu44Gn44Kr44Oz44K/44Oz77yBPGJyPgo8YnI+CuabtOOBq+OAgeW+jOaWueOBqzcw5bqm44CB5bem5Y+z44Gr5ZCI6KiIODDluqbli5XjgYvjgZvjgovjg5jjg4Pjg4njgoTjgIHpm7vmupBPTuaZguOBq+iHquWLleeahOOBq+eCueeBr+OBmeOCizxiPkxFROODqeOCpOODiDwvYj7jgIE8Yj7lhYXpm7vlj7DnhKHjgZfjgafjgoLoh6rnq4vjgafjgY3jgos8L2I+44Gq44Gp5ayJ44GX44GE5qmf6IO944GM55ub44KK44Gg44GP44GV44KT77yBPGJyPgrjg4/jg7Pjg4fjgqPjgavlj5bjgorku5jjgZHjgonjgozjgos8Yj7jg5bjg6njgrfjg47jgrrjg6vjg7vjgZnjgY3plpPjg47jgrrjg6vjgYzku5jlsZ7jgZfjgabjgYTjgos8L2I+44Gu44Gn44CB57Sw44GL44Gq44Go44GT44KN44Gu44Ob44Kz44Oq44KC6YCD44GX44G+44Gb44KT44CC5a625Lit44G+44KL44GU44Go44CB44GT44KMMeWPsOOBp+OCreODrOOCpOOBq+OBp+OBjeOBvuOBmeOCiO+8gQo8L2Rpdj4KPHN0cm9uZyBpZD0iaXRlbU5hbWUiPuOCs+ODvOODieODrOOCuTJXQVnjgrXjgqTjgq/jg63jg7Pjgq/jg6rjg7zjg4rjg7wgYXNwaXJhPC9zdHJvbmc+CjxkaXYgaWQ9InBhZ2VTZXJ2aWNlIj4KPGltZyBzcmM9Imh0dHA6Ly9pbWFnZS5yYWt1dGVuLmNvLmpwL2ltcG9ydHNob3BhcXVhL2NhYmluZXQvc2VydmljZV8xLmdpZiIgYWx0PSIiIHN0eWxlPSJtYXJnaW46MCAwIDhweCAwOyI+PGltZyBzcmM9Imh0dHA6Ly9pbWFnZS5yYWt1dGVuLmNvLmpwL2ltcG9ydHNob3BhcXVhL2NhYmluZXQvc2VydmljZV8yLmdpZiIgYWx0PSIiIHN0eWxlPSJtYXJnaW46MCAwIDhweCAzcHg7Ij48YnI+CjxpbWcgc3JjPSJodHRwOi8vd3d3LnJha3V0ZW4ubmUuanAvZ29sZC9pbXBvcnRzaG9wYXF1YS9wL2ltZy9vdG9kb2tlXzIuZ2lmIiBhbHQ9IiI+PGJyPgo8L2Rpdj4KPGRpdiBpZD0icGFnZURlc2MiPgo8aW1nIGFsdD0iIiBzcmM9Imh0dHA6Ly9pbWFnZS5yYWt1dGVuLmNvLmpwL2ltcG9ydHNob3BhcXVhL2NhYmluZXQvZGV0YWlscy0yLmdpZiIgc3R5bGU9Im1hcmdpbjogMjVweCAwcHggNXB4OyI+CjxpbWcgc3JjPSJodHRwOi8vaW1hZ2UucmFrdXRlbi5jby5qcC9pbXBvcnRzaG9wYXF1YS9jYWJpbmV0L2F1ZGlvOC9hc3BpcmEtcG9pbnQuZ2lmIiBzdHlsZT0ibWFyZ2luLWJvdHRvbTo0MHB4OyIgYWx0PSIiIGlkPSJzcF9tYWluMSI+PGJyPgo8aW1nIHNyYz0iaHR0cDovL2ltYWdlLnJha3V0ZW4uY28uanAvaW1wb3J0c2hvcGFxdWEvY2FiaW5ldC9hdWRpbzgvYXNwaXJhLW1haW4wMS5qcGciIHN0eWxlPSJtYXJnaW4tYm90dG9tOjQwcHg7IiBhbHQ9IiIgaWQ9InNwX21haW4yIj48YnI+CjxpbWcgc3JjPSJodHRwOi8vaW1hZ2UucmFrdXRlbi5jby5qcC9pbXBvcnRzaG9wYXF1YS9jYWJpbmV0L2F1ZGlvOC9hc3BpcmEtbWFpbjAyLmpwZyIgc3R5bGU9Im1hcmdpbi1ib3R0b206NDBweDsiIGFsdD0iIiBpZD0ic3BfbWFpbjMiPjxicj4KPGltZyBzcmM9Imh0dHA6Ly9pbWFnZS5yYWt1dGVuLmNvLmpwL2ltcG9ydHNob3BhcXVhL2NhYmluZXQvYXVkaW84L2FzcGlyYS1tYWluMDMuanBnIiBzdHlsZT0ibWFyZ2luLWJvdHRvbTo0MHB4OyIgYWx0PSIiIGlkPSJzcF9tYWluNCI+Cjxicj4KPGltZyBzcmM9Imh0dHA6Ly9pbWFnZS5yYWt1dGVuLmNvLmpwL2ltcG9ydHNob3BhcXVhL2NhYmluZXQvYXVkaW84L2FzcGlyYS1tYWluMDQuanBnIiBhbHQ9IiIgYm9yZGVyPSIwIiBzdHlsZT0ibWFyZ2luLWJvdHRvbTo0MHB4OyI+Cjxicj4KPGltZyBzcmM9Imh0dHA6Ly9pbWFnZS5yYWt1dGVuLmNvLmpwL2ltcG9ydHNob3BhcXVhL2NhYmluZXQvYXVkaW84L2FzcGlyYS1tYWluMDUuanBnIiBhbHQ9IiIgYm9yZGVyPSIwIiBzdHlsZT0ibWFyZ2luLWJvdHRvbTo0MHB4OyI+Cjxicj4KPGltZyBzcmM9Imh0dHA6Ly9pbWFnZS5yYWt1dGVuLmNvLmpwL2ltcG9ydHNob3BhcXVhL2NhYmluZXQvYXVkaW84L2FzcGlyYS1kZXRhaWwuanBnIiBhbHQ9IiIgaWQ9InNwX2RldGFpbCIgc3R5bGU9Im1hcmdpbi1ib3R0b206NDBweDsiPgo8YnI+CjxpbWcgc3JjPSJodHRwOi8vaW1hZ2UucmFrdXRlbi5jby5qcC9pbXBvcnRzaG9wYXF1YS9jYWJpbmV0L2F1ZGlvOC9hc3BpcmEtaW1nMS5qcGciIGFsdD0iIj4KPC9kaXY+Cjxicj4KPGRpdiBzdHlsZT0ibWFyZ2luOjUwcHggMCAwOyI+PGlmcmFtZSBzcmM9Imh0dHA6Ly93d3cucmFrdXRlbi5uZS5qcC9nb2xkL2ltcG9ydHNob3BhcXVhL3AvYXNwaXJhLXMuaHRtbCIgaWQ9ImFzcGlyYS1zIj7jgqTjg7Pjg6njgqTjg7Pjg5Xjg6zjg7zjg6DjgpLkvb/nlKjjgZfjgabjgYTjgb7jgZnjgII8L2lmcmFtZT48L2Rpdj4KPGJyPgo8ZGl2IGlkPSJyZXZpZXciPgo8aW1nIHNyYz0iaHR0cDovL2ltYWdlLnJha3V0ZW4uY28uanAvaW1wb3J0c2hvcGFxdWEvY2FiaW5ldC9zdGFmZjItc18wMi5naWYiIGlkPSJzcF9yZXZpZXcxIj4KPGRpdiBpZD0icmV2aWV3Qm94TGVmdCI+CjxkaXYgaWQ9InNwX3Jldmlld190aXRsZSI+44K944OV44Kh5LiL44KE5qOa44Gu5LiK44KC44CB44K544Kk44K544Kk44GK5o6D6Zmk77yBPC9kaXY+CjxkaXYgaWQ9InNwX3Jldmlld19jb250ZW50cyI+PGI+6Zu75rqQ44KST07jgavjgZnjgovjgajjg5jjg4Pjg4npg6jliIbjga5MRUTjgYzngrnnga88L2I+44GZ44KL44Gu44Gn44GZ44GM44CB44GL44Gq44KK5piO44KL44GP5YWJ44Gj44Gm44OT44OD44Kv44Oq77yB6Kmm44GX44Gr5YWJ44GM5b2T44Gf44KK44Gr44GP44GE44Kv44Ot44O844K844OD44OI44Gu6ZqF44KS5o6D6Zmk44GX44Gm44G/44Gf44Go44GT44KN44CBPGI+5pqX44GP44Gm5rCX44GM44Gk44GL44Gq44GL44Gj44Gf57Sw44GL44Gq44Ob44Kz44Oq44GM44KI44GP5YiG44GL44Gj44GmPC9iPuabtOOBq+ODk+ODg+OCr+ODqu+8gTxicj4K5Zu95YaF5pyA6auY44Os44OZ44Or44GuPGI+MjkuNlbjga7jg5Djg4Pjg4bjg6rjg7zjgpLmkK3ovIk8L2I+44GX44Gm44GE44KL44Gu44Gn44Go44Gj44Gm44KC44OR44Ov44OV44Or77yB6ZqF44Gr5rqc44G+44Gj44Gf44Ob44Kz44Oq44KC44GX44Gj44GL44KK44Kt44Os44Kk44Gr44Gq44KK44G+44GX44Gf44KI44CCPGJyPgo8YnI+CuODj+ODs+ODh+OCo+OCr+ODquODvOODiuODvOOBruODj+ODs+ODieODq+OBrzxiPuWwkeOBl+WCvuaWnOOBjOOBpOOBhOOBpuOBhOOBvuOBmeOAgjwvYj48YnI+CuOBk+OBruWCvuaWnOOBr+OCqOOCouOCs+ODs+OBruODleOCo+ODq+OCv+OChOajmuOBruS4iuOBquOBqeOAgTxiPumrmOOBhOOBqOOBk+OCjeOCkuaOg+mZpOOBmeOCi+OBruOBq+OBqOOBo+OBpuOCguS+v+WIqe+8gTwvYj48YnI+CuWun+mam+OBq+OCqOOCouOCs+ODs+OBruODleOCo+ODq+OCv+OCkuaOg+mZpOOBl+OBpuOBv+OBvuOBl+OBn+OBjOOAgeOBk+OBruWCvuaWnOOBjOOBguOCi+OBk+OBqOOBp+OAgTxiPuaJi+OBq+OBguOBvuOCiuiyoOaLheOCkuOBi+OBkeOBmjwvYj7mjoPpmaTjgZnjgovjgZPjgajjgYzjgafjgY3jgb7jgZfjgZ8oKl5fXiopPGJyPgo8YnI+CumBi+i7oumfs+OBr+OAgeW8t+mBi+i7ouaZguOBqzc1ZELjgajjgbvjgYvjga7jgrPjg7zjg4njg6zjgrnmjoPpmaTmqZ/jgajmr5TjgbnjgablsJHjgZflpKfjgY3jgoHjgILml6nmnJ3jgoTlpJzplpPjga7kvb/nlKjjga/mjqfjgYjjgZ/jgbvjgYbjgYzoia/jgZXjgZ3jgYbjgafjgZnjgII8L2Rpdj4KPC9kaXY+CjxkaXYgaWQ9InJldmlld0JveFJpZ2h0Ij48aW1nIHNyYz0iaHR0cDovL2ltYWdlLnJha3V0ZW4uY28uanAvaW1wb3J0c2hvcGFxdWEvY2FiaW5ldC9hdWRpbzgvYXNwaXJhLXJlaW1nLmpwZyIgd2lkdGg9IjI4MCIgYWx0PSIiIGlkPSJzcF9yZXZpZXcyIj48L2Rpdj4KPC9kaXY+CjxpbWcgc3JjPSJodHRwOi8vaW1hZ2UucmFrdXRlbi5jby5qcC9pbXBvcnRzaG9wYXF1YS9jYWJpbmV0L2F1ZGlvOC9hc3BpcmEtc3BlYzEuZ2lmIj4KPGltZyBzcmM9Imh0dHA6Ly9pbWFnZS5yYWt1dGVuLmNvLmpwL2ltcG9ydHNob3BhcXVhL2NhYmluZXQvYXVkaW84L2FzcGlyYS1zcGVjMi5naWYiPgo8ZGl2IGlkPSJwYWdlUmVsYXRpb24iPjxhIGhyZWY9Imh0dHA6Ly93d3cucmFrdXRlbi5uZS5qcC9nb2xkL2ltcG9ydHNob3BhcXVhL2NhdGVnb3J5LyNlbGVjdHJvbmljcy8wMDAwMDAwMjg0Ij48aW1nIGJvcmRlcj0iMCIgc3JjPSJodHRwOi8vaW1hZ2UucmFrdXRlbi5jby5qcC9pbXBvcnRzaG9wYXF1YS9jYWJpbmV0L3AvY2dyX2UwNi5naWYiIHN0eWxlPSJtYXJnaW4tbGVmdDo1cHgiPjwvYT48L2Rpdj48YSBuYW1lPSJjYXJ0bmF2aSI+44CAPC9hPjxicj4KPGlmcmFtZSBib3JkZXI9IjAiIGZyYW1lYm9yZGVyPSIwIiBpZD0iYXVkXzAwOTEiIHNjcm9sbGluZz0ibm8iIHNyYz0iaHR0cDovL3d3dy5yYWt1dGVuLm5lLmpwL2dvbGQvaW1wb3J0c2hvcGFxdWEvb21rL2h0bWwvYXVkLzAwOTEuaHRtbCIgc3R5bGU9Im92ZXJmbG93OmF1dG87IHdpZHRoOjY2MHB4OyI+44Kk44Oz44Op44Kk44Oz44OV44Os44O844Og44KS5L2/55So44GX44Gm44GE44G+44GZ44CCPC9pZnJhbWU+PGJyPgo8L2Rpdj4KPGJyPjxicj48YSBocmVmPSJodHRwOi8vd3d3LnJha3V0ZW4uY28uanAvaW1wb3J0c2hvcGFxdWEvaW5mbzIuaHRtbCNkZWxpdmVyeSIgdGFyZ2V0PSJfYmxhbmsiPjxpbWcgc3JjPSJodHRwOi8vaW1hZ2UucmFrdXRlbi5jby5qcC9pbXBvcnRzaG9wYXF1YS9jYWJpbmV0L29yX2RlbGl2ZXJ5LmdpZiIgc3R5bGU9Im1hcmdpbi10b3A6MTBweDsiPjwvYT48ZGl2IGNsYXNzPSJycC1zdW1tYXJ5Ij4KPGRpdiBjbGFzcz0icnAtaXRlbTAxIj5JTkZPUk1BVElPTjwvZGl2Pgo8ZGl2IGNsYXNzPSJycC1pdGVtMDIiPuacgOmVtzYw5YiG6YGL6Lui5Y+v6IO944Gq44K544OG44Kj44OD44Kv44Go44OP44Oz44OH44Kj44GuMmluMeOCr+ODquODvOODiuODvOOAguS4reWkruOBpzLjgaTjgavmipjjgornlbPjgoHjgovjgYvjgonjgIHmirzlhaXjgozjgoTjgq/jg63jg7zjgrzjg4Pjg4jjgavjgoLjgZfjgb7jgYjjgovjgpPjgafjgZnvvIE8L2Rpdj4KPGRpdiBjbGFzcz0icnAtaXRlbTAxIj5LRVlXT1JEPC9kaXY+CjxkaXYgY2xhc3M9InJwLWl0ZW0wMiI+44Kz44O844OJ44Os44K5IOaOg+mZpOapnyDjgrPjg7zjg4njg6zjgrkg5o6D6Zmk5qmfIGFzcGlyYSDjgqLjgrnjg5Tjg6kgRUYtQVMwMSDjgrPjg7zjg4njg6zjgrnjgq/jg6rjg7zjg4rjg7wg5YWF6Zu75byPIOODj+ODs+ODh+OCoyDjgrXjgqTjgq/jg63jg7MgMmluMSDjgrnjg4bjgqPjg4Pjgq8g44Kv44Oq44O844OK44O8IOOCueODhuOCo+ODg+OCr+OCr+ODquODvOODiuODvCDjg6rjg4Hjgqbjg6DjgqTjgqrjg7MgMjkuNlYgIOmHkSDjgrfjg6Pjg7Pjg5Hjg7PjgrTjg7zjg6vjg4kg44GZ44GN6ZaT44OO44K644OrIOODluODqeOCt+ODjuOCuuODqzwvZGl2Pgo8ZGl2IGNsYXNzPSJycC1pdGVtMDEiPlNFUlZJQ0U8L2Rpdj4KPGRpdiBjbGFzcz0icnAtaXRlbTAyIiBzdHlsZT0iY29sb3I6Izk5MDAwMDsiPuOAkOmAgeaWmeeEoeaWmeOAkeOAkOODqeODg+ODlOODs+OCsOS4jeWPr+OAkTxicj4KCjxpbWcgc3JjPSJodHRwOi8vd3d3LnJha3V0ZW4ubmUuanAvZ29sZC9pbXBvcnRzaG9wYXF1YS9wL2ltZy9jYXJ0LWFzdXJha3UuZ2lmIiB2c3BhY2U9IjEwIiBib3JkZXI9IjAiPjxicj4KCgo8L2Rpdj4KPC9kaXY+CjxkaXYgc3R5bGU9InBhZGRpbmc6MTBweCAwOyI+PGltZyBzcmM9Imh0dHA6Ly93d3cucmFrdXRlbi5uZS5qcC9nb2xkL2ltcG9ydHNob3BhcXVhL2NvbW1vbnMvY2FtcGFpZ24vcHUtYm5uci1jYXJ0LmdpZiIgYm9yZGVyPSIwIj48YnI+PGltZyBzcmM9Imh0dHA6Ly93d3cucmFrdXRlbi5uZS5qcC9nb2xkL2ltcG9ydHNob3BhcXVhL3BvaW50LXVwL3Jha3V0ZW4tZW50cnkuZ2lmIiBib3JkZXI9IjAiPjwvZGl2PjwvZGl2Pg==,44CQ44Od44Kk44Oz44OI5pyA5aSnMTLlgI3jgJHjgJDpgIHmlpnnhKHmlpnjgJHjgJDjgrPjg7zjg4njg6zjgrkg5o6D6Zmk5qmf44CR44CQ5o6D6Zmk5qmf44Ki44Ot44Oe44OB44OD44OX44Gu44Kq44Oe44Kx54m55YW444GC44KK44CRYXNwaXJh77yI44Ki44K544OU44Op77yJIOOCs+ODvOODieODrOOCuTJXQVnjgrXjgqTjgq/jg63jg7Pjgq/jg6rjg7zjg4rjg7wg44K544OG44Kj44OD44KvIOODj+ODs+ODh+OCoyDmipjjgorjgZ/jgZ/jgb8g5YWF6Zu75byPIOOCteOCpOOCr+ODreODsyDjgYrjgZfjgoPjgowg5by35YqbIOODquODgeOCpuODoOOCpOOCquODsyAyOS42Vu+8muOCu+ODrOOCr+ODiOOCt+ODp+ODg+ODl+ODu0FRVUHvvIjjgqLjgq/jgqLvvIk=,5omH6aKo5qmf44OX44Op44K544Oe44Kk44OK44K544K844Ot44Kv44OL44Or44OX44K5a25pcnBz56m65rCX5riF5rWE5qmf6YGg6LWk5aSW57ea44OR44ON44Or44OS44O844K/44O844K944Or44OT44Ko44Oz44OI44Kk44Oz44OG44Oq44Ki44OH44K244Kk44Oz5a626Zu744OH44K244Kk44Oz6Zu76Kmx5Yqg5rm/5Zmo44Kt44OD44OB44Oz55So5ZOB44Of44OJ44OraWRlYeODgeODoOODi+ODvOWjgeaOm+OBkeaZguioiOOCouOCr+OCouaZguioiOmbkeiyqEFRVUHjgJDjg53jgqTjg7Pjg4jmnIDlpKcxMuWAjeOAkeOAkOmAgeaWmeeEoeaWmeOAkeOAkOOCs+ODvOODieODrOOCuSDmjoPpmaTmqZ/jgJHjgJDmjoPpmaTmqZ/jgqLjg63jg57jg4Hjg4Pjg5fjga7jgqrjg57jgrHnibnlhbjjgYLjgorjgJFhc3BpcmHvvIjjgqLjgrnjg5Tjg6nvvIkg44Kz44O844OJ44Os44K5MldBWeOCteOCpOOCr+ODreODs+OCr+ODquODvOODiuODvCDjgrnjg4bjgqPjg4Pjgq8g44OP44Oz44OH44KjIOaKmOOCiuOBn+OBn+OBvyDlhYXpm7vlvI8g44K144Kk44Kv44Ot44OzIOOBiuOBl+OCg+OCjCDlvLflipsg44Oq44OB44Km44Og44Kk44Kq44OzIDI5LjZW,44Kz44O844OJ44Os44K5IOaOg+mZpOapny/jgrPjg7zjg4njg6zjgrkv5o6D6Zmk5qmfL2FzcGlyYS/jgqLjgrnjg5Tjg6kvRUYtQVMwMeOAguOAkOODneOCpOODs+ODiOacgOWkpzEy5YCN44CR44CQ6YCB5paZ54Sh5paZ44CR44CQ44Kz44O844OJ44Os44K5IOaOg+mZpOapn+OAkeOAkOaOg+mZpOapn+OCouODreODnuODgeODg+ODl+OBruOCquODnuOCseeJueWFuOOBguOCiuOAkWFzcGlyYe+8iOOCouOCueODlOODqe+8iSDjgrPjg7zjg4njg6zjgrkyV0FZ44K144Kk44Kv44Ot44Oz44Kv44Oq44O844OK44O8IOOCueODhuOCo+ODg+OCryDjg4/jg7Pjg4fjgqMg5oqY44KK44Gf44Gf44G/IOWFhembu+W8jyDjgrXjgqTjgq/jg63jg7Mg44GK44GX44KD44KMIOW8t+WKmyDjg6rjg4Hjgqbjg6DjgqTjgqrjg7MgMjkuNlY=[rn]
37-97051,aHR0cDovL3RzaG9wLnIxMHMuanAvZG9ndXlhcmlzYWt1L2NhYmluZXQvbWFraXRhL2NsZWFuZXIvaXRlbV9jbDE4MmZkcmZ3LmpwZz9maXRpbj03MDA6NzAw,MjEyODAuMDAwMA==,,5a626Zu7ID4g55Sf5rS75a626Zu7ID4g5o6D6Zmk5qmf44O744Kv44Oq44O844OK44O8ID4g5o6D6Zmk5qmf,44Oe44Kt44K/IOWFhembu+W8j+OCr+ODquODvOODiiBbIENMMTgyRkRSRlcgXSAxOFYoMy4wQWgp44K744OD44OI5ZOBIC8g44Kv44Oq44O844OK44O8IOaOg+mZpOapnw==,,PGNlbnRlcj4KCiAgIDxUQUJMRSB3aWR0aD0iNzAwIiBjZWxsc3BhY2luZz0iMCIgY2VsbHBhZGRpbmc9IjAiPgogICAgPFRSPgogICAgIDxURCB3aWR0aD0iNzAwIj4KICAgICA8ZGl2IGNsYXNzPSJmaWVsZC1zdHlsZS1ub21hbCI+CjxkaXYgY2xhc3M9ImZpZWxkLXN0eWxlX3RpdGxlLW5vbWFsIj7imIUmbmJzcDvjgZTms6jmlofliY3jgavlv4XjgZrjgYroqq3jgb/jgY/jgaDjgZXjgYQmbmJzcDvimIU8L2Rpdj4KPGEgaHJlZj0iaHR0cDovL3d3dy5yYWt1dGVuLm5lLmpwL2dvbGQvZG9ndXlhcmlzYWt1L3N1Yi9pbmZvcm1hdGlvbi5odG1sIiAgdGFyZ2V0PSJfYmxhbmsiPuKXhuW9k+W6l+OBp+WPluOCiuaJseOBo+OBpuOBhOOCi+WVhuWTgeOBr+WfuuacrOeahOOBq+WPluOCiuWvhOOBm+OBruWVhuWTgeOBqOOBquOCiuOBvuOBme+8iOOBneOBruS7lu+8iTwvYT48QlI+CjxhIGhyZWY9Imh0dHA6Ly93d3cucmFrdXRlbi5uZS5qcC9nb2xkL2RvZ3V5YXJpc2FrdS9zdWIvaW5mb3JtYXRpb24zLmh0bWwiICB0YXJnZXQ9Il9ibGFuayI+4peG5qW95aSp44Ob44O844Og44Oa44O844K444Gu44CM5Zyo5bqr5pyJ44KK44CN5qSc57Si57WQ5p6c44Gr44Gk44GE44GmPC9hPjwvZGl2PgogICAgIDwvVEQ+CiAgICA8L1RSPgogICA8L1RBQkxFPgoKICA8L2NlbnRlcj48Y2VudGVyPgo8IS0tIOWVhuWTgeODmuODvOOCuOODmeODvOOCue+8iOODnOODh+OCo+ODvOmDqO+8ie+8iOW/heOBmuOBk+OBruS4reOBp+eUu+WDj+OCkuW8teOBo+OBpuOBj+OBoOOBleOBhOOAgu+8iSAtLT4KPGRpdiBjbGFzcz0iaXRlbS1iYXNlLWJvZHkiPgoKPElNRyBzcmM9Imh0dHA6Ly9pbWFnZS5yYWt1dGVuLmNvLmpwL2RvZ3V5YXJpc2FrdS9jYWJpbmV0L21ha2l0YS9jbGVhbmVyL2NsMTgyZmRyZndfdG9wMS5naWYiIGJvcmRlcj0iMCI+CjxJTUcgc3JjPSJodHRwOi8vaW1hZ2UucmFrdXRlbi5jby5qcC9kb2d1eWFyaXNha3UvY2FiaW5ldC9tYWtpdGEvY2xlYW5lci9rYW1pcGFja19zaGl5b3UyXzIuZ2lmIiBib3JkZXI9IjAiPgo8SU1HIHNyYz0iaHR0cDovL2ltYWdlLnJha3V0ZW4uY28uanAvZG9ndXlhcmlzYWt1L2NhYmluZXQvbWFraXRhL2NsZWFuZXIvY2wxODJmZHJmd19mdXpva3UuZ2lmIiBib3JkZXI9IjAiPgoKPC9kaXY+PCEtLSBpdGVtLWJhc2UtYm9keSBFbmQuIC0tPgoKCjxUQUJMRSB3aWR0aD0iNTkwIiBjZWxsc3BhY2luZz0iMCIgY2VsbHBhZGRpbmc9IjAiPgoKPFRSPjxURCBoZWlnaHQ9IjE1Ij48L1REPjwvVFI+CjxUUj4KPFREPgoKPElNRyBzcmM9Imh0dHA6Ly9pbWFnZS5yYWt1dGVuLmNvLmpwL2RvZ3V5YXJpc2FrdS9jYWJpbmV0L21ha2l0YS9jbGVhbmVyL2VyYWJlcnV5by5naWYiIGJvcmRlcj0iMCI+Cgo8L1REPgo8L1RSPgoKPC9UQUJMRT4KCgo8L2NlbnRlcj48IS0tCjxzdHlsZSB0eXBlPSJ0ZXh0L2NzcyI+Ci5idXR0b24gewoJZGlzcGxheTogaW5saW5lLWJsb2NrOwoJd2lkdGg6IDIwMHB4OwoJaGVpZ2h0OiA1NHB4OwoJdGV4dC1hbGlnbjogY2VudGVyOwoJdGV4dC1kZWNvcmF0aW9uOiBub25lOwoJbGluZS1oZWlnaHQ6IDU0cHg7CglvdXRsaW5lOiBub25lOwp9Ci5idXR0b246OmJlZm9yZSwKLmJ1dHRvbjo6YWZ0ZXIgewoJcG9zaXRpb246IGFic29sdXRlOwoJei1pbmRleDogLTE7CglkaXNwbGF5OiBibG9jazsKCWNvbnRlbnQ6ICcnOwp9Ci5idXR0b24sCi5idXR0b246OmJlZm9yZSwKLmJ1dHRvbjo6YWZ0ZXIgewoJLXdlYmtpdC1ib3gtc2l6aW5nOiBib3JkZXItYm94OwoJLW1vei1ib3gtc2l6aW5nOiBib3JkZXItYm94OwoJYm94LXNpemluZzogYm9yZGVyLWJveDsKCS13ZWJraXQtdHJhbnNpdGlvbjogYWxsIC4zczsKCXRyYW5zaXRpb246IGFsbCAuM3M7Cn0KLmJ1dHRvbiB7Cglwb3NpdGlvbjogcmVsYXRpdmU7Cgktd2Via2l0LXBlcnNwZWN0aXZlOiAzMDBweDsKCXBlcnNwZWN0aXZlOiAzMDBweDsKfQouYnV0dG9uIHNwYW4gewoJZGlzcGxheTogYmxvY2s7Cglwb3NpdGlvbjogYWJzb2x1dGU7Cgl3aWR0aDogMjAwcHg7CgloZWlnaHQ6IDYwcHg7Cglib3JkZXI6IDJweCBzb2xpZCAjMzMzOwoJdGV4dC1hbGlnbjogY2VudGVyOwoJbGluZS1oZWlnaHQ6IDU2cHg7Cgktd2Via2l0LWJveC1zaXppbmc6IGJvcmRlci1ib3g7CgktbW96LWJveC1zaXppbmc6IGJvcmRlci1ib3g7Cglib3gtc2l6aW5nOiBib3JkZXItYm94OwoJLXdlYmtpdC10cmFuc2l0aW9uOiBhbGwgLjNzOwoJdHJhbnNpdGlvbjogYWxsIC4zczsKCXBvaW50ZXItZXZlbnRzOiBub25lOwp9Ci5idXR0b24gc3BhbjpudGgtY2hpbGQoMSkgewoJYmFja2dyb3VuZC1jb2xvcjogIzMzMzsKCWNvbG9yOiAjZmZmOwoJLXdlYmtpdC10cmFuc2Zvcm06IHJvdGF0ZVgoOTBkZWcpOwoJLW1vei10cmFuc2Zvcm06IHJvdGF0ZVgoOTBkZWcpOwoJdHJhbnNmb3JtOiByb3RhdGVYKDkwZGVnKTsKCS13ZWJraXQtdHJhbnNmb3JtLW9yaWdpbjogNTAlIDUwJSAtMzBweDsKCS1tb3otdHJhbnNmb3JtLW9yaWdpbjogNTAlIDUwJSAtMzBweDsKCXRyYW5zZm9ybS1vcmlnaW46IDUwJSA1MCUgLTMwcHg7Cn0KLmJ1dHRvbiBzcGFuOm50aC1jaGlsZCgyKSB7CgliYWNrZ3JvdW5kLWNvbG9yOiAjZmZmOwoJY29sb3I6ICMzMzM7Cgktd2Via2l0LXRyYW5zZm9ybTogcm90YXRlWCgwZGVnKTsKCS1tb3otdHJhbnNmb3JtOiByb3RhdGVYKDBkZWcpOwoJdHJhbnNmb3JtOiByb3RhdGVYKDBkZWcpOwoJLXdlYmtpdC10cmFuc2Zvcm0tb3JpZ2luOiA1MCUgNTAlIC0zMHB4OwoJLW1vei10cmFuc2Zvcm0tb3JpZ2luOiA1MCUgNTAlIC0zMHB4OwoJdHJhbnNmb3JtLW9yaWdpbjogNTAlIDUwJSAtMzBweDsKfQouYnV0dG9uOmhvdmVyIHNwYW46bnRoLWNoaWxkKDEpIHsKCS13ZWJraXQtdHJhbnNmb3JtOiByb3RhdGVYKDBkZWcpOwoJLW1vei10cmFuc2Zvcm06IHJvdGF0ZVgoMGRlZyk7Cgl0cmFuc2Zvcm06IHJvdGF0ZVgoMGRlZyk7Cn0KLmJ1dHRvbjpob3ZlciBzcGFuOm50aC1jaGlsZCgyKSB7CgliYWNrZ3JvdW5kLWNvbG9yOiAjMzMzOwoJLXdlYmtpdC10cmFuc2Zvcm06IHJvdGF0ZVgoLTkwZGVnKTsKCS1tb3otdHJhbnNmb3JtOiByb3RhdGVYKC05MGRlZyk7Cgl0cmFuc2Zvcm06IHJvdGF0ZVgoLTkwZGVnKTsKfQo8L3N0eWxlPgoKPGNlbnRlcj4KPGJyIC8+PGJyIC8+Cjxmb250IHNpemU9IisyIiBjb2xvcj0icmVkIj48Yj7igLvjg4njg6njg4PjgrDjgafjgrnjgq/jg63jg7zjg6vjgIHjg4Djg5bjg6vjgq/jg6rjg4Pjgq/jgafku7vmhI/jga7llYblk4HkuIDopqfjgbjnp7vli5XjgZfjgb7jgZnjgII8L2I+PC9mb250PgoKCjxiciAvPjxiciAvPgo8YnIgLz48YnIgLz4KPHNwYW4+PGI+5aSn44GN44GP6KGo56S677yBPC9iPjwvc3Bhbj48c3Bhbj7liKXnlLvpnaLjgafopovjgovvvIE8L3NwYW4+PC9hCgo8YnIgLz48YnIgLz4KPGJyIC8+PGJyIC8+CjxpbWcgc3JjPSJodHRwOi8vd3d3LnJha3V0ZW4ubmUuanAvZ29sZC9kb2d1eWFyaXNha3UvcGFnZS9tYWtpdGEvY2hhcmdpbmdfdG9vbHMvaW1hZ2VzL1FSY29kZS5naWYiLz4KPGJyIC8+CuKGkeOCueODnuODvOODiOODleOCqeODs+OBp+imi+OCi+WgtOWQiOOBr+OBk+OBrlFS44Kz44O844OJ44KS6Kqt44G/5Y+W44Gj44Gm44GP44Gg44GV44GE44CC4oaRCjxiciAvPjxiciAvPgo8L2NlbnRlcj4KLS0+,44Oe44Kt44K/IOWFhembu+W8j+OCr+ODquODvOODiiBbIENMMTgyRkRSRlcgXSAxOFYoMy4wQWgp44K744OD44OI5ZOBIC8g44Kv44Oq44O844OK44O8IOaOg+mZpOapn++8mumBk+WFt+Wxi+OAgOWIqeS9nA==,6Zu75YuV5bel5YW35YWF6Zu75bel5YW344Ko44Ki44O85bel5YW344Ko44Oz44K444Oz5bel5YW3RElZ5bel5YW35ZyS6Iq45bel5YW344Oe44Kt44K/5pel56uL5bel5qmf44Oc44OD44K344Ol44Oe44OD44Kv44K577yITUFY77yJ44Oq44On44O844OT44OR44OK44K944OL44OD44Kv44K544K/44O844Ko44Og44K/44K444Oe44OP44K/44Ok44Kx44Or44OS44Oj44O86ISa56uL44Kv44Oq44O844OK44O844Kk44Oz44OR44Kv44OI6auY5Zyn5rSX5rWE5qmf44Oe44Kt44K/IOWFhembu+W8j+OCr+ODquODvOODiiBbIENMMTgyRkRSRlcgXSAxOFYoMy4wQWgp44K744OD44OI5ZOBIC8g44Kv44Oq44O844OK44O8IOaOg+mZpOapnw==,44Oe44Kt44K/IOWFhembu+W8j+OCr+ODquODvOODiiBbIENMMTgyRkRSRlcgXSAxOFYoMy4wQWgp44K744OD44OI5ZOBIC8g44Kv44Oq44O844OK44O8IOaOg+mZpOapnw==[rn]
37-97052,aHR0cDovL3RzaG9wLnIxMHMuanAvZG9ndXlhcmlzYWt1L2NhYmluZXQvbWFraXRhMDUvY2w1MDFkei5qcGc/Zml0aW49NzAwOjcwMA==,MjYwODAuMDAwMA==,,5a626Zu7ID4g55Sf5rS75a626Zu7ID4g5o6D6Zmk5qmf44O744Kv44Oq44O844OK44O8ID4g5o6D6Zmk5qmf,44Oe44Kt44K/IOWFhembu+W8j+OCteOCpOOCr+ODreODs+OCr+ODquODvOODiiBbIENMNTAxRFogXSAxOFbmnKzkvZPjga7jgb8gLyDvvIjjg5Djg4Pjg4bjg6rjgIHlhYXpm7vlmajjgarjgZfvvIk=,6YCB5paZ54Sh5paZ4piFW+ODnuOCreOCv+aOg+mZpOapn13imIY=,PGNlbnRlcj4KCiAgIDxUQUJMRSB3aWR0aD0iNzAwIiBjZWxsc3BhY2luZz0iMCIgY2VsbHBhZGRpbmc9IjAiPgogICAgPFRSPgogICAgIDxURCB3aWR0aD0iNzAwIj4KICAgICA8ZGl2IGNsYXNzPSJmaWVsZC1zdHlsZS1ub21hbCI+CjxkaXYgY2xhc3M9ImZpZWxkLXN0eWxlX3RpdGxlLW5vbWFsIj7imIUmbmJzcDvjgZTms6jmlofliY3jgavlv4XjgZrjgYroqq3jgb/jgY/jgaDjgZXjgYQmbmJzcDvimIU8L2Rpdj4KPGEgaHJlZj0iaHR0cDovL3d3dy5yYWt1dGVuLm5lLmpwL2dvbGQvZG9ndXlhcmlzYWt1L3N1Yi9pbmZvcm1hdGlvbi5odG1sIiAgdGFyZ2V0PSJfYmxhbmsiPuKXhuW9k+W6l+OBp+WPluOCiuaJseOBo+OBpuOBhOOCi+WVhuWTgeOBr+WfuuacrOeahOOBq+WPluOCiuWvhOOBm+OBruWVhuWTgeOBqOOBquOCiuOBvuOBme+8iOOBneOBruS7lu+8iTwvYT48QlI+CjxhIGhyZWY9Imh0dHA6Ly93d3cucmFrdXRlbi5uZS5qcC9nb2xkL2RvZ3V5YXJpc2FrdS9zdWIvaW5mb3JtYXRpb24zLmh0bWwiICB0YXJnZXQ9Il9ibGFuayI+4peG5qW95aSp44Ob44O844Og44Oa44O844K444Gu44CM5Zyo5bqr5pyJ44KK44CN5qSc57Si57WQ5p6c44Gr44Gk44GE44GmPC9hPjwvZGl2PgogICAgIDwvVEQ+CiAgICA8L1RSPgogICA8L1RBQkxFPgoKCiAgPC9jZW50ZXI+PGNlbnRlcj4KCiAgPCEtLSDllYblk4Hjg5rjg7zjgrjjg5njg7zjgrnvvIjjg5zjg4fjgqPjg7zpg6jvvInvvIjlv4XjgZrjgZPjga7kuK3jgafnlLvlg4/jgpLlvLXjgaPjgabjgY/jgaDjgZXjgYTjgILvvIkgLS0+CiAgPGRpdiBjbGFzcz0iaXRlbS1iYXNlLWJvZHkiPgoKPElNRyBzcmM9Imh0dHA6Ly9pbWFnZS5yYWt1dGVuLmNvLmpwL2RvZ3V5YXJpc2FrdS9jYWJpbmV0L21ha2l0YTA1L2NsNTAxZHpfMDAxLmpwZyIgd2lkdGg9IjcwMCIgYm9yZGVyPSIwIj4KPElNRyBzcmM9Imh0dHA6Ly9pbWFnZS5yYWt1dGVuLmNvLmpwL2RvZ3V5YXJpc2FrdS9jYWJpbmV0L21ha2l0YTA1L2NsNTAxZHpfMDAyLmpwZyIgd2lkdGg9IjcwMCIgYm9yZGVyPSIwIj4KPElNRyBzcmM9Imh0dHA6Ly9pbWFnZS5yYWt1dGVuLmNvLmpwL2RvZ3V5YXJpc2FrdS9jYWJpbmV0L21ha2l0YTA1L2NsNTAxZHpfMDAzLmpwZyIgd2lkdGg9IjcwMCIgYm9yZGVyPSIwIj4KCiAgPC9kaXY+PCEtLSBpdGVtLWJhc2UtYm9keSBFbmQuIC0tPgoKPC9jZW50ZXI+PCEtLQo8c3R5bGUgdHlwZT0idGV4dC9jc3MiPgouYnV0dG9uIHsKCWRpc3BsYXk6IGlubGluZS1ibG9jazsKCXdpZHRoOiAyMDBweDsKCWhlaWdodDogNTRweDsKCXRleHQtYWxpZ246IGNlbnRlcjsKCXRleHQtZGVjb3JhdGlvbjogbm9uZTsKCWxpbmUtaGVpZ2h0OiA1NHB4OwoJb3V0bGluZTogbm9uZTsKfQouYnV0dG9uOjpiZWZvcmUsCi5idXR0b246OmFmdGVyIHsKCXBvc2l0aW9uOiBhYnNvbHV0ZTsKCXotaW5kZXg6IC0xOwoJZGlzcGxheTogYmxvY2s7Cgljb250ZW50OiAnJzsKfQouYnV0dG9uLAouYnV0dG9uOjpiZWZvcmUsCi5idXR0b246OmFmdGVyIHsKCS13ZWJraXQtYm94LXNpemluZzogYm9yZGVyLWJveDsKCS1tb3otYm94LXNpemluZzogYm9yZGVyLWJveDsKCWJveC1zaXppbmc6IGJvcmRlci1ib3g7Cgktd2Via2l0LXRyYW5zaXRpb246IGFsbCAuM3M7Cgl0cmFuc2l0aW9uOiBhbGwgLjNzOwp9Ci5idXR0b24gewoJcG9zaXRpb246IHJlbGF0aXZlOwoJLXdlYmtpdC1wZXJzcGVjdGl2ZTogMzAwcHg7CglwZXJzcGVjdGl2ZTogMzAwcHg7Cn0KLmJ1dHRvbiBzcGFuIHsKCWRpc3BsYXk6IGJsb2NrOwoJcG9zaXRpb246IGFic29sdXRlOwoJd2lkdGg6IDIwMHB4OwoJaGVpZ2h0OiA2MHB4OwoJYm9yZGVyOiAycHggc29saWQgIzMzMzsKCXRleHQtYWxpZ246IGNlbnRlcjsKCWxpbmUtaGVpZ2h0OiA1NnB4OwoJLXdlYmtpdC1ib3gtc2l6aW5nOiBib3JkZXItYm94OwoJLW1vei1ib3gtc2l6aW5nOiBib3JkZXItYm94OwoJYm94LXNpemluZzogYm9yZGVyLWJveDsKCS13ZWJraXQtdHJhbnNpdGlvbjogYWxsIC4zczsKCXRyYW5zaXRpb246IGFsbCAuM3M7Cglwb2ludGVyLWV2ZW50czogbm9uZTsKfQouYnV0dG9uIHNwYW46bnRoLWNoaWxkKDEpIHsKCWJhY2tncm91bmQtY29sb3I6ICMzMzM7Cgljb2xvcjogI2ZmZjsKCS13ZWJraXQtdHJhbnNmb3JtOiByb3RhdGVYKDkwZGVnKTsKCS1tb3otdHJhbnNmb3JtOiByb3RhdGVYKDkwZGVnKTsKCXRyYW5zZm9ybTogcm90YXRlWCg5MGRlZyk7Cgktd2Via2l0LXRyYW5zZm9ybS1vcmlnaW46IDUwJSA1MCUgLTMwcHg7CgktbW96LXRyYW5zZm9ybS1vcmlnaW46IDUwJSA1MCUgLTMwcHg7Cgl0cmFuc2Zvcm0tb3JpZ2luOiA1MCUgNTAlIC0zMHB4Owp9Ci5idXR0b24gc3BhbjpudGgtY2hpbGQoMikgewoJYmFja2dyb3VuZC1jb2xvcjogI2ZmZjsKCWNvbG9yOiAjMzMzOwoJLXdlYmtpdC10cmFuc2Zvcm06IHJvdGF0ZVgoMGRlZyk7CgktbW96LXRyYW5zZm9ybTogcm90YXRlWCgwZGVnKTsKCXRyYW5zZm9ybTogcm90YXRlWCgwZGVnKTsKCS13ZWJraXQtdHJhbnNmb3JtLW9yaWdpbjogNTAlIDUwJSAtMzBweDsKCS1tb3otdHJhbnNmb3JtLW9yaWdpbjogNTAlIDUwJSAtMzBweDsKCXRyYW5zZm9ybS1vcmlnaW46IDUwJSA1MCUgLTMwcHg7Cn0KLmJ1dHRvbjpob3ZlciBzcGFuOm50aC1jaGlsZCgxKSB7Cgktd2Via2l0LXRyYW5zZm9ybTogcm90YXRlWCgwZGVnKTsKCS1tb3otdHJhbnNmb3JtOiByb3RhdGVYKDBkZWcpOwoJdHJhbnNmb3JtOiByb3RhdGVYKDBkZWcpOwp9Ci5idXR0b246aG92ZXIgc3BhbjpudGgtY2hpbGQoMikgewoJYmFja2dyb3VuZC1jb2xvcjogIzMzMzsKCS13ZWJraXQtdHJhbnNmb3JtOiByb3RhdGVYKC05MGRlZyk7CgktbW96LXRyYW5zZm9ybTogcm90YXRlWCgtOTBkZWcpOwoJdHJhbnNmb3JtOiByb3RhdGVYKC05MGRlZyk7Cn0KPC9zdHlsZT4KCjxjZW50ZXI+CjxiciAvPjxiciAvPgo8Zm9udCBzaXplPSIrMiIgY29sb3I9InJlZCI+PGI+4oC744OJ44Op44OD44Kw44Gn44K544Kv44Ot44O844Or44CB44OA44OW44Or44Kv44Oq44OD44Kv44Gn5Lu75oSP44Gu5ZWG5ZOB5LiA6Kan44G456e75YuV44GX44G+44GZ44CCPC9iPjwvZm9udD4KCgo8YnIgLz48YnIgLz4KPGJyIC8+PGJyIC8+CjxzcGFuPjxiPuWkp+OBjeOBj+ihqOekuu+8gTwvYj48L3NwYW4+PHNwYW4+5Yil55S76Z2i44Gn6KaL44KL77yBPC9zcGFuPjwvYQoKPGJyIC8+PGJyIC8+CjxiciAvPjxiciAvPgo8aW1nIHNyYz0iaHR0cDovL3d3dy5yYWt1dGVuLm5lLmpwL2dvbGQvZG9ndXlhcmlzYWt1L3BhZ2UvbWFraXRhL2NoYXJnaW5nX3Rvb2xzL2ltYWdlcy9RUmNvZGUuZ2lmIi8+CjxiciAvPgrihpHjgrnjg57jg7zjg4jjg5Xjgqnjg7PjgafopovjgovloLTlkIjjga/jgZPjga5RUuOCs+ODvOODieOCkuiqreOBv+WPluOBo+OBpuOBj+OBoOOBleOBhOOAguKGkQo8YnIgLz48YnIgLz4KPC9jZW50ZXI+Ci0tPg==,44Oe44Kt44K/IOWFhembu+W8j+OCteOCpOOCr+ODreODs+OCr+ODquODvOODiiBbIENMNTAxRFogXSAxOFbmnKzkvZPjga7jgb8gLyDvvIjjg5Djg4Pjg4bjg6rjgIHlhYXpm7vlmajjgarjgZfvvInvvJrpgZPlhbflsYvjgIDliKnkvZw=,6Zu75YuV5bel5YW35YWF6Zu75bel5YW344Ko44Ki44O85bel5YW344Ko44Oz44K444Oz5bel5YW3RElZ5bel5YW35ZyS6Iq45bel5YW344Oe44Kt44K/5pel56uL5bel5qmf44Oc44OD44K344Ol44Oe44OD44Kv44K577yITUFY77yJ44Oq44On44O844OT44OR44OK44K944OL44OD44Kv44K544K/44O844Ko44Og44K/44K444Oe44OP44K/44Ok44Kx44Or44OS44Oj44O86ISa56uL44Kv44Oq44O844OK44O844Kk44Oz44OR44Kv44OI6auY5Zyn5rSX5rWE5qmf44Oe44Kt44K/IOWFhembu+W8j+OCteOCpOOCr+ODreODs+OCr+ODquODvOODiiBbIENMNTAxRFogXSAxOFbmnKzkvZPjga7jgb8gLyDvvIjjg5Djg4Pjg4bjg6rjgIHlhYXpm7vlmajjgarjgZfvvIk=,6YCB5paZ54Sh5paZ4piFW+ODnuOCreOCv+aOg+mZpOapn13imIbjgILjg57jgq3jgr8g5YWF6Zu75byP44K144Kk44Kv44Ot44Oz44Kv44Oq44O844OKIFsgQ0w1MDFEWiBdIDE4VuacrOS9k+OBruOBvyAvIO+8iOODkOODg+ODhuODquOAgeWFhembu+WZqOOBquOBl++8iQ==[rn]
37-97053,aHR0cDovL3RzaG9wLnIxMHMuanAva291bm90b3Jpbm9kdmQvY2FiaW5ldC8wMjYwNjQwNy8wMzU5NDgzNy8wNDYxMjMyNi9pbWdyYzAwNjM5NDU1ODkuanBnP2ZpdGluPTcwMDo3MDA=,Mjg3OS4yMDAw,,5a626Zu7ID4g55Sf5rS75a626Zu7ID4g5o6D6Zmk5qmf44O744Kv44Oq44O844OK44O8ID4g5o6D6Zmk5qmf,W+eItuOBruaXpcOX44Od44Kk44Oz44OI44Ki44OD44OX56Wt5YWo5ZOBMuWAjV3jgrXjgqTjgq/jg63jg7PmjoPpmaTmqZ/il4/jg4/jg7Pjg4fjgqPmjoPpmaTmqZ/jgIDjg4/jg7Pjg4fjgqPjgq/jg6rjg7zjg4rjg7wg44Go44GX44Gm44KC5Yip55So5Y+v6IO9IDJXQVnil4/ntJnjg5Hjg4Pjgq/kuI3opoHjgIDmjoPpmaTmqZ8g44K144Kk44Kv44Ot44OzICBWUy0044CQ6YCB5paZ54Sh5paZ44CR,6auY5oCn6IO944CA44K144Kk44Kv44Ot44OzIOaOg+mZpOapn+OAgOWcqOW6q+mZkOOCiiEh,PHN0eWxlIHR5cGU9InRleHQvY3NzIj4KPCEtLQoub2JuMSB7CmZvbnQtc2l6ZTogMTVweDsKY29sb3I6ICNDQzAwMzM7CmZvbnQtd2VpZ2h0OiBib2xkOwpsZXR0ZXItc3BhY2luZzogMC4zZW07IApsaW5lLWhlaWdodDogMjBweDsKfQoub2JuMiB7CmZvbnQtc2l6ZTogMTNweDsKbGV0dGVyLXNwYWNpbmc6IDAuMmVtOyAKbGluZS1oZWlnaHQ6IDE4cHg7Cn0KLm9ibjMgewpmb250LXNpemU6IDEzcHg7CmZvbnQtd2VpZ2h0OiBib2xkOwpjb2xvcjogIzAwMzNDQzsKbGV0dGVyLXNwYWNpbmc6IDAuM2VtOyAKbGluZS1oZWlnaHQ6IDE4cHg7Cn0KLm9ibjQgewpmb250LXNpemU6IDE2cHg7CmZvbnQtd2VpZ2h0OiBib2xkOwpsZXR0ZXItc3BhY2luZzogMC4yZW07IApsaW5lLWhlaWdodDogMjBweDsKfQouZDEgewpjb2xvcjogI0ZGRkZGRjsKZm9udC1zaXplOiA5cHg7Cn0KLS0+Cjwvc3R5bGU+CjxzdHJvbmc+PHNwYW4gY2xhc3M9Im9ibjEiPuOCteOCpOOCr+ODreODs+aOg+mZpOapn+ODj+ODs+ODh+OCo+aOg+mZpOapnzxicj4K44OP44Oz44OH44Kj44Kv44Oq44O844OK44O8IOOBqOOBl+OBpuOCguWIqeeUqOWPr+iDvSAyV0FZPGJyPgrntJnjg5Hjg4Pjgq/kuI3opoHjgIDmjoPpmaTmqZ8g44K144Kk44Kv44Ot44OzICBWUy00PC9zcGFuPjwvc3Ryb25nPjxicj48YnI+Cgo8aW1nIHNyYz0iaHR0cDovL2ltYWdlLnJha3V0ZW4uY28uanAva291bm90b3Jpbm9kdmQvY2FiaW5ldC8wMjYwNjQwNy8wMzU5NDgzNy8wNDYxMjMyNi9pbWdyYzAwNjM5NDU1OTAuanBnIj4KPGJyPgo8YnI+CjxpbWcgc3JjPSJodHRwOi8vaW1hZ2UucmFrdXRlbi5jby5qcC9rb3Vub3Rvcmlub2R2ZC9jYWJpbmV0LzAyNjA2NDA3LzAzNTk0ODM3LzA0NjEyMzI2L2ltZ3JjMDA2Mzk0NTU5MS5qcGciPgo8YnI+Cjxicj4KPGltZyBzcmM9Imh0dHA6Ly9pbWFnZS5yYWt1dGVuLmNvLmpwL2tvdW5vdG9yaW5vZHZkL2NhYmluZXQvMDI2MDY0MDcvMDM1OTQ4MzcvMDQ2MTIzMjYvaW1ncmMwMDYzOTQ1NTkyLmpwZyI+PGJyPgo8aW1nIHNyYz0iaHR0cDovL2ltYWdlLnJha3V0ZW4uY28uanAva291bm90b3Jpbm9kdmQvY2FiaW5ldC8wMjYwNjQwNy8wMzU5NDgzNy8wNDYxMjMyNi9pbWdyYzAwNjM5NDU1OTMuanBnIj4gPGJyPgo8cD48YnI+CiAgPHNwYW4gY2xhc3M9Im9ibjMiPuOCteOCpOOCr+ODreODs+W8j+OBp+OCtOODn+ODkeODg+OCr+S4jeimgSE8YnI+CiAg5Y+O57SN44Gv5aC05omA44KS5Y+W44KJ44Gq44GE44K544K/44Oz44OJ5byP44CCPGJyPgogIOODr+ODs+OCv+ODg+ODgeODgOOCueODiOODnOODg+OCr+OCueOAgjxicj4KICDntKDmnZDjg7vmnZDos6rmnKzkvZM6QUJT5qi56ISCPC9zcGFuPjwvcD4KPHAgY2xhc3M9Im9ibjIiPuOAkOS7leanmOOAkTxicj4KICDpm7vmupA6QUMxMDBW44CANTAvNjBIejxicj4KICDmtojosrvpm7vlips6MjgwVzxicj4KICDpm4bjgZjjgpPlrrnnqY0657SEMC44TDxicj4KICDlkLjovrzku5Xkuovnjoc6NTBXPGJyPgogIOmbu+a6kOOCs+ODvOODieOBrumVt+OBlTrntIQ0LjFtPGJyPgogIOOCteOCpOOCuu+8mjk4LjXDlzIzw5cxNmNtPGJyPgogIOmHjemHj++8mue0hDIxMDBnPGJyPgogIOijvemAoOWbve+8muS4reWbvTxicj4KICDku5jlsZ7lk4HvvJrkv53oqLzmm7go5L+d6Ki85pyf6ZaTOjHlubQp44O75Y+W5omx6Kqs5piO5pu444CB44GZ44GN6ZaT44OO44K644OrPC9wPgo8YnI+CjxociBhbGlnbj0ibGVmdCIgd2lkdGg9IjYwMCIgc2l6ZT0iMSI+Cjxicj4KPGZvbnQgY29sb3I9I2ZmMDAwMCBzaXplPSIrMiI+4peP4peP6YCB5paZ54Sh5paZ44Gr44Gk44GE44Gm4peP4pePPC9mb250Pjxicj48YnI+CuKWoDxmb250IGNvbG9yPSIjRkYwMDAwIj48Yj7mspbnuITjgIHpm6Lls7bjga/pgannlKjlpJY8L2I+PC9mb250PuOBp+OBmeOAgjxiciAvPgrilqA8Zm9udCBjb2xvcj0iI0ZGMDAwMCI+PGI+5YyX5rW36YGT44Gv6YCB5paZMjAw5YaG44GL44GL44KK44G+44GZ44CCPC9iPjwvZm9udD48YnIgLz48YnIgLz4KPGZvbnQgc2l6ZT0iLTEiPuOBlOazqOaWh+aZguiHquWLleOBq+mAgeaWmeeEoeaWmeOBp+ioiOeul+OBleOCjOOBvuOBmeOBjOOAgTxiciAvPgrkuIroqJjlnLDln5/jga7loLTlkIjjga/jgIHkv67mraPjgZfjgZ/lvozliKXpgJTjgYropovnqY3jgoLjgorjgYTjgZ/jgZfjgb7jgZnjgIIgPC9mb250Pgo8c3R5bGUgdHlwZT0idGV4dC9jc3MiPgo8IS0tCi5vYm4xIHsKZm9udC1zaXplOiAxNXB4Owpjb2xvcjogI0NDMDAzMzsKZm9udC13ZWlnaHQ6IGJvbGQ7CmxldHRlci1zcGFjaW5nOiAwLjNlbTsgCmxpbmUtaGVpZ2h0OiAyMHB4Owp9Ci5vYm4yIHsKZm9udC1zaXplOiAxM3B4OwpsZXR0ZXItc3BhY2luZzogMC4yZW07IApsaW5lLWhlaWdodDogMThweDsKfQoub2JuMi0xNSB7CmZvbnQtc2l6ZTogMTVweDsKbGV0dGVyLXNwYWNpbmc6IDAuMmVtOyAKbGluZS1oZWlnaHQ6IDIycHg7Cn0KLm9ibjMgewpmb250LXNpemU6IDEzcHg7CmZvbnQtd2VpZ2h0OiBib2xkOwpjb2xvcjogIzAwMDBmZjsKbGV0dGVyLXNwYWNpbmc6IDAuMmVtOyAKbGluZS1oZWlnaHQ6IDE4cHg7Cn0KLm9ibjQgewpmb250LXNpemU6IDEzcHg7CmZvbnQtd2VpZ2h0OiBib2xkOwpsZXR0ZXItc3BhY2luZzogMC4zZW07IApsaW5lLWhlaWdodDogMjVweDsKfQouZDEgewpjb2xvcjogI0ZGRkZGRjsKZm9udC1zaXplOiA5cHg7Cn0KLm9ibjUgewpmb250LXNpemU6IDQwcHg7CmZvbnQtd2VpZ2h0OiBib2xkOwpsZXR0ZXItc3BhY2luZzogMC4yZW07IApjb2xvcjogI0ZGMDAwMDsKfQoKLm9ibjYgewpmb250LXNpemU6IDIzcHg7CmxldHRlci1zcGFjaW5nOiAwLjNlbTsgCmNvbG9yOiAjZmYwMDk3OwpsaW5lLWhlaWdodDogMjhweDsKCn0KLm9ibjcgewpmb250LXNpemU6IDEzcHg7CmNvbG9yOiAjQ0MwMDMzOwpsZXR0ZXItc3BhY2luZzogMC4zZW07IApsaW5lLWhlaWdodDogMjBweDsKfQoub2JuOCB7CmZvbnQtc2l6ZTogMTVweDsKY29sb3I6ICNmZmZmZmY7CmxldHRlci1zcGFjaW5nOiAwLjJlbTsgCmxpbmUtaGVpZ2h0OiAxOHB4Owp9Ci5vYm45IHsKZm9udC1zaXplOiAzNXB4Owpjb2xvcjogIzAwMDBGRjsKbGV0dGVyLXNwYWNpbmc6IDAuMmVtOyAKbGluZS1oZWlnaHQ6IDQwcHg7Cgp9Ci5vYm4xMCB7CmZvbnQtc2l6ZTogMzBweDsKY29sb3I6ICMwMDAwRkY7CmxldHRlci1zcGFjaW5nOiAwLjJlbTsgCmxpbmUtaGVpZ2h0OiA0MHB4OwoKfQoub2JuMTEgewpmb250LXNpemU6IDIwcHg7CmNvbG9yOiAjMDAwMEZGOwpsZXR0ZXItc3BhY2luZzogMC4yZW07IApsaW5lLWhlaWdodDogNDBweDsKCn0KLu+9hjIwYmx1ZSB7CmZvbnQtc2l6ZTogMjBweDsKY29sb3I6ICMwMDAwZmY7CmxldHRlci1zcGFjaW5nOiAwLjJlbTsgCmxpbmUtaGVpZ2h0OiA0MHB4Owpmb250LXdlaWdodDogYm9sZDsKCgp9Ci7vvYYyMHJlZCB7CmZvbnQtc2l6ZTogMjBweDsKY29sb3I6ICNmZjAwMDA7CmxldHRlci1zcGFjaW5nOiAwLjJlbTsgCmxpbmUtaGVpZ2h0OiA0MHB4Owpmb250LXdlaWdodDogYm9sZDsKCgp9Ci7vvYYyMHBpbmsgewpmb250LXNpemU6IDIwcHg7CmNvbG9yOiAjZmYwMDhlOwpsZXR0ZXItc3BhY2luZzogMC4yZW07IApsaW5lLWhlaWdodDogNDBweDsKCn0KLu+9hjIwIHsKZm9udC1zaXplOiAyMHB4OwpsZXR0ZXItc3BhY2luZzogMC4yZW07IApsaW5lLWhlaWdodDogNDBweDsKCn0KLu+9hjEyIHsKZm9udC1zaXplOiAxMnB4OwpsZXR0ZXItc3BhY2luZzogMC4yZW07IApsaW5lLWhlaWdodDogMTZweDsKfQou772GMTJwaW5rIHsKZm9udC1zaXplOiAxMnB4Owpjb2xvcjogI2ZmMDA4ZTsKbGV0dGVyLXNwYWNpbmc6IDAuMmVtOyAKbGluZS1oZWlnaHQ6IDE2cHg7CmZvbnQtd2VpZ2h0OiBib2xkOwoKfQotLT4KPC9zdHlsZT4KCgo8c3BhbiBjbGFzcz0ib2JuNSI+6YCB5paZ54Sh5paZPC9zcGFuPjxicj4K5YyX5rW36YGT5pa56Z2iMjAw5YaG5Yil6YCU44GL44GL44KK44G+44GZ44CCPGJyPgrmspbnuITpm6Lls7bmlrnpnaLjga/pgannlKjlpJbjgavjgarjgorjgb7jgZnjgII8YnI+PGJyPgoKIDxicj48Zm9udCBjb2xvcj0jZmYwMDAwPgrjg6zjg5Pjg6Xjg7zoqJjovInjgpLmnaHku7bjgavpgIHmlpnnhKHmlpnjgafjga/jgZTjgZbjgYTjgb7jgZvjgpPjgYzjgIE8YnI+CuW+jOOBruOBiuWuouOBleOBvuOBrueCuuOBq+OCggrjgafjgY3jgb7jgZfjgZ/jgonjg6zjg5Pjg6Xjg7zoqJjovInjgZTljZTlipvjgYrpoZjjgYToh7TjgZfjgb7jgZnjgII8L2ZvbnQ+PGJyPjxicj4KCgo8aHIgYWxpZ249ImxlZnQiIHdpZHRoPSI0MDAiIHNpemU9IjEiPjxiciAvPgo8dGFibGUgYm9yZGVyPSIwIiBjZWxscGFkZGluZz0iNSIgY2VsbHNwYWNpbmc9IjEiIGJnY29sb3I9IiNDQ0NDQ0MiPgogIAogIDx0cj4KICAgIDx0ZCBiZ2NvbG9yPSIjRkZGRkNDIiBjbGFzcz0ib2JuNCI+54m56ZW3PC90ZD4KICA8L3RyPgogICA8dHI+CiAgICA8dGQgY2xhc3M9Iu+9hjEyIiBiZ2NvbG9yPSIjRkZGRkZGIj7jgrXjgqTjgq/jg63jg7PlvI/jgafjgrTjg5/jg5Hjg4Pjgq/kuI3opoEhPGJyPgogICAgICDlj47ntI3jga/loLTmiYDjgpLlj5bjgonjgarjgYTjgrnjgr/jg7Pjg4nlvI/jgII8YnI+CiAgICAgIOODr+ODs+OCv+ODg+ODgeODgOOCueODiOODnOODg+OCr+OCueOAgjxicj4KICAgICAg57Sg5p2Q44O75p2Q6LOq5pys5L2TOkFCU+aoueiEgjwvdGQ+CiAgPC90cj4KIDx0cj4KICAgIDx0ZCBiZ2NvbG9yPSIjRkZGRkNDIiBjbGFzcz0ib2JuNCI+5YKZ6ICDPC90ZD4KICA8L3RyPgo8dHI+Cjx0ZCBiZ2NvbG9yPSIjRkZGRkZGIiBjbGFzcz0i772GMTIiPuOAkOS7leanmOOAkTxicj4K6Zu75rqQOkFDMTAwVuOAgDUwLzYwSHo8YnI+Cua2iOiyu+mbu+WKmzoyODBXPGJyPgrpm4bjgZjjgpPlrrnnqY0657SEMC44TDxicj4K5ZC46L685LuV5LqL546HOjUwVzxicj4K6Zu75rqQ44Kz44O844OJ44Gu6ZW344GVOue0hDQuMW08YnI+CuOCteOCpOOCuu+8mjk4LjXDlzIzw5cxNmNtPGJyPgrph43ph4/vvJrntIQyMTAwZzxicj4K6KO96YCg5Zu977ya5Lit5Zu9PGJyPgrku5jlsZ7lk4HvvJrkv53oqLzmm7go5L+d6Ki85pyf6ZaTOjHlubQp44O75Y+W5omx6Kqs5piO5pu444CB44GZ44GN6ZaT44OO44K644OrPGJyPgpKQU46NDk2MDYzMTAxMDIxMSA8L3RkPgogPC90cj4KPC90YWJsZT48YnIgLz7jgJDjgrPjgqbjg47jg4jjg6rjga5EVkTjgJFEVkQtUi/jg4fjgrjjgr/jg6vmlL7pgIHlr77lv5xEVkQtUi9EVkQtUiBETC9CRC1SL0JELVJFL0NELVIv44OW44Or44O844Os44Kk44OH44Kj44K544KvL+mMsueUu+eUqERWRDxicj4K44Gd44Gu5LuW44CBTEVE6Zu755CD44KE44Ko44ON44Or44O844OX44CB6Zu75a2Q44K/44OQ44Kz77yI6Zu75a2Q44Gf44Gw44GT77yJ44KC5Y+W5omx5Lit77yBPGJyPjxicj4KPGZvbnQgY29sb3I9IiNGRjAwMDAiIHNpemU9IjQiPuavjuaXpeW+ueW6leOBl+OBn+S+oeagvOiqv+afu++8gTwvZm9udD48YnI+CuOBlOe0jeW+l+OBhOOBn+OBoOOBkeOCi+OBiuWApOauteOBp0RWROODluODq+ODvOODrOOCpOODoeODh+OCo+OCouOCkuOBlOaPkOS+m+OAgjxicj48YnI+CjwhLS0gRy3jg6njg7Pjgq3jg7PjgrDjgZPjgZPjgYvjgokgLS0+IAo8ZGl2IHN0eWxlPSJoZWlnaHQ6NDUwcHg7IHdpZHRoOjY5MHB4OyBvdmVyZmxvdzpoaWRkZW47IG1hcmdpbjowOyBwYWRkaW5nOjA7IGJvcmRlci1ib3R0b206MXB4IHNvbGlkICNkZGQ7Ij4KPGltZyBzcmM9Imh0dHA6Ly93d3cucmFrdXRlbi5uZS5qcC9nb2xkL2tvdW5vdG9yaW5vZHZkL2FzcC8xX2dyYW5rL3NpZ25ib2FyZF9pbWcucG5nIiB3aWR0aD0iMTAwJSI+PGJyLz4KPC9kaXY+CjwhLS0gRy3jg6njg7Pjgq3jg7PjgrDjgZPjgZPjgb7jgacgLS0+,W+eItuOBruaXpSZ0aW1lczvjg53jgqTjg7Pjg4jjgqLjg4Pjg5fnpa3lhajlk4Ey5YCNXeOCteOCpOOCr+ODreODs+aOg+mZpOapn+KXj+ODj+ODs+ODh+OCo+aOg+mZpOapn+OAgOODj+ODs+ODh+OCo+OCr+ODquODvOODiuODvCDjgajjgZfjgabjgoLliKnnlKjlj6/og70gMldBWeKXj+e0meODkeODg+OCr+S4jeimgeOAgOaOg+mZpOapnyDjgrXjgqTjgq/jg63jg7MgIFZTLTTjgJDpgIHmlpnnhKHmlpnjgJHvvJrjgrPjgqbjg47jg4jjg6rjga5EVkQ=,W+eItuOBruaXpSZ0aW1lczvjg53jgqTjg7Pjg4jjgqLjg4Pjg5fnpa3lhajlk4Ey5YCNXeOCteOCpOOCr+ODreODs+aOg+mZpOapn+KXj+ODj+ODs+ODh+OCo+aOg+mZpOapn+OAgOODj+ODs+ODh+OCo+OCr+ODquODvOODiuODvCDjgajjgZfjgabjgoLliKnnlKjlj6/og70gMldBWeKXj+e0meODkeODg+OCr+S4jeimgeOAgOaOg+mZpOapnyDjgrXjgqTjgq/jg63jg7MgIFZTLTTjgJDpgIHmlpnnhKHmlpnjgJE=,6auY5oCn6IO944CA44K144Kk44Kv44Ot44OzIOaOg+mZpOapn+OAgOWcqOW6q+mZkOOCiiEh44CCW+eItuOBruaXpSZ0aW1lczvjg53jgqTjg7Pjg4jjgqLjg4Pjg5fnpa3lhajlk4Ey5YCNXeOCteOCpOOCr+ODreODs+aOg+mZpOapn+KXj+ODj+ODs+ODh+OCo+aOg+mZpOapn+OAgOODj+ODs+ODh+OCo+OCr+ODquODvOODiuODvCDjgajjgZfjgabjgoLliKnnlKjlj6/og70gMldBWeKXj+e0meODkeODg+OCr+S4jeimgeOAgOaOg+mZpOapnyDjgrXjgqTjgq/jg63jg7MgIFZTLTTjgJDpgIHmlpnnhKHmlpnjgJE=[rn]
37-97054,aHR0cDovL3RzaG9wLnIxMHMuanAvdGhpbmtyaWNoL2NhYmluZXQvMDUyODc2ODUvc2wwMzYyMy5qcGc/Zml0aW49NzAwOjcwMA==,NDE3Ny42MDAw,,5a626Zu7ID4g55Sf5rS75a626Zu7ID4g5o6D6Zmk5qmf44O744Kv44Oq44O844OK44O8ID4g5o6D6Zmk5qmf,44CK6YCB5paZ54Sh5paZ44CLVFdJTkJJUkQgSEMtRUI1MUdZIOODhOOCpOODs+ODkOODvOODiSBIQ0VCNTFHWSDjgrXjgqTjgq/jg63jg7PlvI/jg4/jg7Pjg4fjgqPjgq/jg6rjg7zjg4rjg7wg5o6D6Zmk5qmfIOODoeOCv+ODquODg+OCr+OCsOODrOODvCDmjoPpmaTmqZ8g44OP44Oz44OH44KjIOOAkFNMMDM2MjPjgJE=,5pel5pys5YWo5Zu96YCB5paZ54Sh5paZ,PGltZyBzcmM9Imh0dHA6Ly9pbWFnZS5yYWt1dGVuLmNvLmpwL3RoaW5rcmljaC9jYWJpbmV0LzA1MzE5NTg0L2xhc3QyLmpwZyI+PGJyPjxicj48aW1nIHNyYz0iaHR0cDovL2ltYWdlLnJha3V0ZW4uY28uanAvdGhpbmtyaWNoL2NhYmluZXQvMDUyODc2ODUvc2wwMzYyMy5qcGciPiA8YnI+PGJyPiDil4/lkLjovrzjgb/ku5XkuovnjocxODBX44CC44OP44Oz44OH44Kj44O85byP44Gq44KJ44Kv44Op44K55pyA6auY44CCPGJyPuKXj+OChOOCj+OCieOBi+S8uOe4ruOBmeOBjemWk+ODjuOCuuODq+OChOOCveODleODiOODluODqeOCt+OAguOCr+ODq+ODnuOBq+mBqeOBl+OBn+WkmuW9qeOBquOCouOCv+ODg+ODgeODoeODs+ODiOOAgjxicj7il4/jgoLjgaHjgo3jgpPjgIHlrrbjga7mjoPpmaTjgafjgoLlpKfmtLvouo3jgII8YnI+PGJyPuKXj+ijveWTgeWvuOazle+8mue0hCAxNDAgw5cgMjk1IMOXIDIzMCBtbTxicj7jgIDjgIDjgIDjgIDjgIDjgIDntIQgMTYwIMOXIDM5NSDDlyAyMzAgbW0oIOODleODreOCouODluODqeOCt+S7mCApPGJyPuKXj+ijveWTgeizqumHj+e0hCDvvJoxLjkga2coIOODleODreOCouODluODqeOCt+WQqyApPGJyPuKXj+mbu+a6kO+8mkFDIDEwMFYgNTAgLyA2MCBIejxicj7il4/mtojosrvpm7vlipvvvJo2NTAgVzxicj7il4/pm7vmupDjgrPjg7zjg4nplbfvvJrntIQgNi4wIG08YnI+4peP6YGL6Lui6Z+z77yaNzUgZEIg5Lul5LiLPGJyPuKXj+OCueOCpOODg+ODgeODu+ihqOekuu+8muOCueODqeOCpOODiSggT04gLyBPRkYgKTxicj7il4/pm4bjgZjjgpPmlrnlvI/vvJrjgrXjgqTjgq/jg63jg7PlvI88YnI+4peP6ZuG5aG15a656YeP77ya57SEIDAuNyBMPGJyPuKXj+WQuOi+vOS7leS6i+eOh++8mjE4MCBXPGJyPuKXj+S7mOWxnuWTge+8muODleODreOCouODluODqeOCt+OAgeOCveODleODiOODluODqeOCt+OAgeaflOOCieOBi+S8uOe4ruOBmeOBjemWk+ODjuOCuuODq+OAgeW7tumVt+ODkeOCpOODl+OAgeOCouOCv+ODg+ODgeODoeODs+ODiOWPjue0jeiiizxicj48YnI+4oC744GU5rOo5oSPPGJyPuiHquWLlei7iuOBq+S7mOWxnuOBriAxMDBW44Kz44Oz44K744Oz44OI44CB6Ieq5YuV6LuK55SoIERDIC8gQUPjgqTjg7Pjg5Djg7zjgr/jg7zjgpLjgZTkvb/nlKjjgavjgarjgovpmpvjga/jgIHlj5bmibHoqqzmmI7mm7jnrYnjga7lrprmoLzlh7rlipvjgpLjgZTnorroqo3jgY/jgaDjgZXjgYTjgII8YnI+5a6a5qC85Ye65Yqb44GMIDY1MCBX5Lul5LiK44Gn44Gq44GE44Go5L2/55So44Gn44GN44G+44Gb44KT44CCPGJyPuOBvuOBn+OAgemVt+aZgumWk+OBruOBlOS9v+eUqOOBr+OAgeODkOODg+ODhuODquODvOOBguOBjOOCiuOBruWOn+WboOOBq+OCguOBquOCiuOBvuOBmeOAgjxicj7lrprmoLzlh7rlipvjgYwgNjUwIFfmnKrmuoDjga7loLTlkIjjga/jgIHjgZTlrrbluq3jga7jgrPjg7Pjgrvjg7Pjg4jjgpLjgZTliKnnlKjjgY/jgaDjgZXjgYTjgII=,44CK6YCB5paZ54Sh5paZ44CLVFdJTkJJUkQgSEMtRUI1MUdZIOODhOOCpOODs+ODkOODvOODiSBIQ0VCNTFHWSDjgrXjgqTjgq/jg63jg7PlvI/jg4/jg7Pjg4fjgqPjgq/jg6rjg7zjg4rjg7wg5o6D6Zmk5qmfIOODoeOCv+ODquODg+OCr+OCsOODrOODvCDmjoPpmaTmqZ8g44OP44Oz44OH44KjIOOAkFNMMDM2MjPjgJHvvJpUSElOSyBSSUNIIFNUT1JF,44CK6YCB5paZ54Sh5paZ44CLVFdJTkJJUkQgSEMtRUI1MUdZIOODhOOCpOODs+ODkOODvOODiSBIQ0VCNTFHWSDjgrXjgqTjgq/jg63jg7PlvI/jg4/jg7Pjg4fjgqPjgq/jg6rjg7zjg4rjg7wg5o6D6Zmk5qmfIOODoeOCv+ODquODg+OCr+OCsOODrOODvCDmjoPpmaTmqZ8g44OP44Oz44OH44KjIOOAkFNMMDM2MjPjgJE=,5pel5pys5YWo5Zu96YCB5paZ54Sh5paZ44CC44CK6YCB5paZ54Sh5paZ44CLVFdJTkJJUkQgSEMtRUI1MUdZIOODhOOCpOODs+ODkOODvOODiSBIQ0VCNTFHWSDjgrXjgqTjgq/jg63jg7PlvI/jg4/jg7Pjg4fjgqPjgq/jg6rjg7zjg4rjg7wg5o6D6Zmk5qmfIOODoeOCv+ODquODg+OCr+OCsOODrOODvCDmjoPpmaTmqZ8g44OP44Oz44OH44KjIOOAkFNMMDM2MjPjgJE=[rn]
37-97055,aHR0cDovL3RzaG9wLnIxMHMuanAvdGhpbmtyaWNoL2NhYmluZXQvMDU0Mjk1ODAvc2swMzkwMy5qcGc/Zml0aW49NzAwOjcwMA==,MjYyMS42MDAw,,5a626Zu7ID4g55Sf5rS75a626Zu7ID4g5o6D6Zmk5qmf44O744Kv44Oq44O844OK44O8ID4g5o6D6Zmk5qmf,44CK6YCB5paZ54Sh5paZ44CLIFRXSU5CSVJEIEhDLUVCMTlXIOavm+ODiOODqeODg+OCt+ODpSDjgrPjg7zjg4njg6zjgrkg44OP44Oz44OH44Kj44O844K144Kk44Kv44Ot44Oz44Kv44Oq44O844OK44O8IOODhOOCpOODs+ODkOODvOODieW3pealrSBIQ0VCMTlXIOWFhembu+W8jyDjg4/jg7Pjg4fjgqPjg7wg44K144Kk44Kv44Ot44Oz5o6D6Zmk5qmf44CQU0swMzkwM+OAkQ==,5pel5pys5YWo5Zu96YCB5paZ54Sh5paZ,SkFO44CANDk3NTA1ODUyMTkyOTxpbWcgc3JjPSJodHRwOi8vaW1hZ2UucmFrdXRlbi5jby5qcC90aGlua3JpY2gvY2FiaW5ldC8wNTMxOTU4NC9sYXN0Mi5qcGciPjxicj48YnI+Cgo8aW1nIHNyYz0iaHR0cDovL2ltYWdlLnJha3V0ZW4uY28uanAvdGhpbmtyaWNoL2NhYmluZXQvMDU0Mjk1ODAvc2swMzkwMy5qcGciPjxicj48YnI+IAoK4pePIOODmuODg+ODiOOBruaKnOOBkeOCkuOBi+OBjeWPluOCiuWQuOOBhOi+vOOCgOOAgeavm+ODiOODqeODg+OCt+ODpeODn+ODi+ODjuOCuuODq+S7mOWxnjxicj4K44Ko44Op44K544OI44Oe44O85qi56ISC6KO944Gu44OW44Op44K344GM44CB44Kr44O844Oa44OD44OI44KE546E6Zai44Oe44OD44OI44Gq44Gp44Gu57mK57at44Gu6KGo6Z2i44Gr57Wh44G/44Gk44GE44Gf44Oa44OD44OI44Gu5q+b44KS44GL44GN5Y+W44KK44CB5ZC444GE6L6844G/44G+44GZ44CC44GV44KJ44Gr44CB57mK57at44Gu5aWl44Gu44K044Of44KE44Ob44Kz44Oq44KC44GL44GN5Ye644GX44Gm44GK5o6D6Zmk44GX44G+44GZ44CC5q+b44OI44Op44OD44K344Ol44OO44K644Or44Gv5YWF6Zu75Y+w44Gr5Y+O57SN5Y+v6IO944CCPGJyPjxicj4KCuKXjyDjgYrmiYvou73jgarlhYXpm7vlvI/jgrPjg7zjg4njg6zjgrk8YnI+CuOCs+ODvOODieODrOOCueOBoOOBi+OCieOAgeW/heimgeOBquOBqOOBjeOBq+OBleOBo+OBqOWPluOCiuWHuuOBl+OBpuS9v+OBiOOBvuOBmeOAguOCs+ODvOODieOBjOe1oeOBvuOBo+OBn+OCiuWxiuOBi+OBquOBi+OBo+OBn+OCiuOBmeOCi+eFqeOCj+OBl+OBleOCguOBguOCiuOBvuOBm+OCk+OAguOBl+OBi+OCguOAgeacrOS9k+OCkueri+OBpuOBn+OBvuOBvue9ruOBkeOCi+OBruOBp+OAgeWPjue0jeWgtOaJgOOCkuWPluOCiuOBvuOBm+OCk+OAguWFhembu+OBr+OAgeWFhembu+WPsOOBq+S5l+OBm+OCi+OBoOOBkeOAguOCguOBoeOCjeOCk+OAgemAmuW4uOOBruODj+ODs+ODh+OCo+ODvOOCr+ODquODvOODiuODvOOBqOOBl+OBpuOCguS9v+OBiOOBvuOBmeOAgjxicj48YnI+Cgril48g5q+b44OI44Op44OD44K344Ol44OO44K644Or44Go44OW44Op44K344OO44K644Or44GuMueorumhnuOBruODjuOCuuODqzxicj48YnI+Cgril48g5Ly457iu5byP5bu26ZW344OO44K644OrPGJyPjxicj4KCuKXjyDmsLTmtJfjgYTlj6/og73jgarjgIHjg4Djgrnjg4jjgrHjg7zjgrnjgajjg5XjgqPjg6vjgr/jg7w8YnI+PGJyPgoK4pagIOS7lSDmp5gg4pagPGJyPgroo73lk4Hlr7jms5UgOiDlj47ntI3mmYIg57SEIDEyNSDDlyAxODAgw5cgMzkwIG1tPGJyPgroo73lk4Hos6rph48gOiDntIQgMS4yIGtnICgg5LuY5bGe5ZOB5ZCr44KAICk8YnI+CuijveWTgeizqumHjyA6IOe0hCAwLjkga2cgKCDoo73lk4Hjga7jgb8gKTxicj4K6Zu75rqQ5pa55byPIDog5YWF6Zu75byPPGJyPgrmtojosrvpm7vlipsgOiDlhYXpm7vkuK0gNSBX44CA5rqA5YWF6Zu75b6MIC8g5b6F5qmf5pmCIDEuNyBX44CAPGJyPgrigLsg5b6F5qmf5pmC44Go44Gv5pys5L2T44KS5YWF6Zu75Y+w44Gr6LyJ44Gb44Gq44GE5aC05ZCI44CAMS4wVzxicj4K5YWF6Zu76Zu75rqQIDog5YWl5YqbIEFDIDEwMCBWIDUwIC8gNjBIeiA2VkE8YnI+CuWFhembu+mbu+a6kCA6IOWHuuWKmyBEQyA3IFYgMzAwIG1BPGJyPgrkvb/nlKjpm7vmsaAgOiDlsILnlKjjg4vjgqvjg4npm7vmsaAgREMgNC44IFY8YnI+CuWFhembu+aZgumWkyA6IOe0hCA1IOaZgumWkygg5YWF6Zu744K/44Kk44Oe44O8IC8g5YWF6Zu75a6M5LqG5pmC44GK55+l44KJ44Gb44Op44Oz44OX5raI54GvICk8YnI+CumAo+e2muS9v+eUqOaZgumWkyA6IOe0hCAxMCDliIY8YnI+Cumbu+a6kOOCs+ODvOODiemVtyA6IOe0hCAxLjggbTxicj4K6YGL6Lui6Z+zIDog57SEIDcwIGRCPGJyPgrjgrnjgqTjg4Pjg4Hjg7vooajnpLogOiBPTiAvIE9GRuOCueODqeOCpOODieW8jzxicj4K6ZuG44GY44KT5pa55byPIDog44K144Kk44Kv44Ot44Oz5byPPGJyPgrpm4bjgZjjgpPlrrnph48gOiDntIQgMC4zIEw8YnI+CuWQuOi+vOWPo+W+hCA6IOeJueauiuW9oueKtjxicj4K5LuY5bGe5ZOBIDog5YWF6Zu75Y+wKCBBQ+OCouODgOODl+OCv+ODvOS7mCAp44CB5q+b44OI44Op44OD44K344Ol44Of44OL44OO44K644Or44CB44OW44Op44K344OO44K644OrPGJyPjxicj4=,44CK6YCB5paZ54Sh5paZ44CLIFRXSU5CSVJEIEhDLUVCMTlXIOavm+ODiOODqeODg+OCt+ODpSDjgrPjg7zjg4njg6zjgrkg44OP44Oz44OH44Kj44O844K144Kk44Kv44Ot44Oz44Kv44Oq44O844OK44O8IOODhOOCpOODs+ODkOODvOODieW3pealrSBIQ0VCMTlXIOWFhembu+W8jyDjg4/jg7Pjg4fjgqPjg7wg44K144Kk44Kv44Ot44Oz5o6D6Zmk5qmf44CQU0swMzkwM+OAke+8mlRISU5LIFJJQ0ggU1RPUkU=,44CK6YCB5paZ54Sh5paZ44CLIFRXSU5CSVJEIEhDLUVCMTlXIOavm+ODiOODqeODg+OCt+ODpSDjgrPjg7zjg4njg6zjgrkg44OP44Oz44OH44Kj44O844K144Kk44Kv44Ot44Oz44Kv44Oq44O844OK44O8IOODhOOCpOODs+ODkOODvOODieW3pealrSBIQ0VCMTlXIOWFhembu+W8jyDjg4/jg7Pjg4fjgqPjg7wg44K144Kk44Kv44Ot44Oz5o6D6Zmk5qmf44CQU0swMzkwM+OAkQ==,5pel5pys5YWo5Zu96YCB5paZ54Sh5paZ44CC44CK6YCB5paZ54Sh5paZ44CLIFRXSU5CSVJEIEhDLUVCMTlXIOavm+ODiOODqeODg+OCt+ODpSDjgrPjg7zjg4njg6zjgrkg44OP44Oz44OH44Kj44O844K144Kk44Kv44Ot44Oz44Kv44Oq44O844OK44O8IOODhOOCpOODs+ODkOODvOODieW3pealrSBIQ0VCMTlXIOWFhembu+W8jyDjg4/jg7Pjg4fjgqPjg7wg44K144Kk44Kv44Ot44Oz5o6D6Zmk5qmf44CQU0swMzkwM+OAkQ==[rn]
37-97056,aHR0cDovL3RzaG9wLnIxMHMuanAvZW1lZGFtYS9jYWJpbmV0L21jNDEvMjA2NjcuanBnP2ZpdGluPTcwMDo3MDA=,MTQyNDAuMDAwMA==,,5a626Zu7ID4g55Sf5rS75a626Zu7ID4g5o6D6Zmk5qmf44O744Kv44Oq44O844OK44O8ID4g5o6D6Zmk5qmf,44CQ44GC44GZ5qW944CRIOadseiKnSDntJnjg5Hjg4Pjgq/lvI/mjoPpmaTmqZ8gVkMtUEQ5LVIg44K344Or44Kt44O844Os44OD44OJIFvoh6rotbDlvI9d,44CQODAwMOWGhijnqI7ovrwp5Lul5LiK44Gu44GU5rOo5paH44Gn6YCB5paZ54Sh5paZ44CR44CQU09Z5Y+X6LOe77yB44CR,PCEtLSDllYblk4HoqbPntLDkuIrpg6hQUuaeoCAtLT4KPGlmcmFtZSBpZD0iaXRlbS1wYWdlX3RvcCIgZnJhbWVib3JkZXI9IjAiIGJvcmRlcj0iMCIgc2Nyb2xsaW5nPSJubyIgc3JjPSJodHRwOi8vd3d3LnJha3V0ZW4ubmUuanAvZ29sZC9lbWVkYW1hL3BhZ2UvcHJvbW90aW9uL2l0ZW0tcGFnZV90b3AuaHRtbCI+PC9pZnJhbWU+CjwhLS0gL+WVhuWTgeips+e0sOS4iumDqFBS5p6gIC0tPjxicj4KPCEtLeKWoFtTVF3lnKjluqvov5Tlk4HmoYjlhoUtLT4KPHRhYmxlIHdpZHRoPSI1NTAiIGJvcmRlcj0iMCIgY2VsbHNwYWNpbmc9IjAiIGNlbGxwYWRkaW5nPSIwIj4KICA8dHI+CiAgICA8dGQ+CiAgICAgIDxhIGhyZWY9Imh0dHA6Ly9saW5rLnJha3V0ZW4uY28uanAvMS8wMTgvNDA2Lz91cmw9c2VhcmNoLmRvP3NpZD1kb2xyJmdjZD00OTA0NTUwOTUxNzc0IiB0YXJnZXQ9Il9ibGFuayI+PGltZyBzcmM9Imh0dHA6Ly93d3cucmFrdXRlbi5uZS5qcC9nb2xkL2VtZWRhbWEvMTFuZXctaW1hZ2VzL2Jhc2UvemFpa29qeW91a3lvdTAxLmdpZiI+PC9hPjxhIGhyZWY9Imh0dHA6Ly93d3cucmFrdXRlbi5uZS5qcC9nb2xkL2VtZWRhbWEvaW5mby5odG1sIzEiIHRhcmdldD0iX2JsYW5rIj48aW1nIHNyYz0iaHR0cDovL3d3dy5yYWt1dGVuLm5lLmpwL2dvbGQvZW1lZGFtYS8xMW5ldy1pbWFnZXMvYmFzZS96YWlrb2p5b3VreW91MDIuZ2lmIj48L2E+CiAgICA8L3RkPgogIDwvdHI+CjwvdGFibGU+CjxkaXYgaWQ9InJldC1kZWYiPgogIDxhIGhyZWY9Imh0dHA6Ly93d3cucmFrdXRlbi5uZS5qcC9nb2xkL2VtZWRhbWEvcmV0dXJuZWRfZGVmZWN0aXZlLmh0bWwiIHRhcmdldD0iX2JsYW5rIj7il48g5ZWG5ZOB44Gu6L+U5ZOB44Gr44Gk44GE44GmPC9hPgo8L2Rpdj4KPCEtLeKWoOWcqOW6q+i/lOWTgeahiOWGheKWoC0tPuOAkOijveWTgeeJueW+tOOAkTxicj7ilqDoh6rotbDlvI/jgIzjgqvjg7zjg5zjg7Pjg5jjg4Pjg4njgI3jgafjgYrmjoPpmaTjgYzjg6njgq/jgavjgarjgovvvIE8YnI+4pag5omL6aaW44G444Gu6LKg5ouF44GM5bCR44Gq44GP44CB5pON5L2c44Op44Kv44Op44Kv77yBPGJyPuKWoGVjb+ODouODvOODieOBp+a2iOiyu+mbu+WKm+mHj+OCkuacgOWkp+e0hDQy77yF5YmK5ribPGJyPuOAkOijveWTgeS7leanmOOAkTxicj7il4/lrprmoLwoVinvvJpBQzEwMOOAgCg1MC82MEh65YWx55SoKTxicj7il4/mtojosrvpm7vlipsoVynvvJoxMTUw772e57SEMTYwPGJyPuKXj+WQuOi+vOS7leS6i+eOhyhXKe+8mjY0MO+9nue0hDYwPGJyPuKXj+acrOS9k+WvuOazlShtbSnvvJrlpaXooYwyOTjDl+W5hTI1MsOX6auY44GVMjE0PGJyPuKXj+acrOS9k+izqumHj++8j+aomea6luizqumHjyhrZynvvJozLjLvvI80Ljk8YnI+4oC75pys5L2T6LOq6YeP44Gv5pys5L2T44Gu44G/44Gu6LOq6YeP44Gn44GZ44CC5qiZ5rqW6LOq6YeP44Gv5pys5L2T44O744Ob44O844K544O75bu26ZW3566h44O744OY44OD44OJ44Gu5ZCI6KiI6LOq6YeP44Gn44GZPGJyPuKXj+mBi+i7oumfsyhkQinvvJo2OO+9nue0hDYxPGJyPuKXj+mbhuOBmOOCk+aWueW8j++8mue0meODkeODg+OCr+W8jzxicj7il4/ntJnjg5Hjg4Pjgq/vvJrpq5jmgKfog73jg4jjg6rjg5fjg6vjg5Hjg4Pjgq/jg5XjgqPjg6vjgr/jg7zvvIhWUEYtN++8iTxicj7il4/pm4bjgZjjgpPlrrnnqY0oTCnvvJoxLjQ8YnI+4peP44OV44Kj44Or44K/44O877ya5LiA6Iis44OV44Kj44Or44K/44O8PGJyPuKXj+aOkuawl+aWueW8j++8muOChOOCj+OCieOBi+WIhuaVo+aOkuawlzxicj7il4/jg5jjg4Pjg4nvvJrjgqvjg7zjg5zjg7Pjg5jjg4Pjg4k8YnI+4peP44Kw44Oq44OD44OX77ya44KJ44GP44KP44GW44Kw44Oq44OD44OXPGJyPuKXj+W7tumVt+euoe+8muODreODg+OCr+W8j+S8uOe4ruW7tumVt+euoTxicj7il4/miYvlhYPjg5bjg6njgrfvvJril4s8YnI+4pePZWNv44Oi44O844OJ77ya4peLPGJyPuKXj+OCs+ODvOODieOBrumVt+OBle+8iG3vvInvvJo1LjA8YnI+4peP5LuY5bGe5ZOB77ya44GZ44GN6ZaT44OO44K644Or44CB5Yil5aOy5ZOB55So44Ki44K/44OD44OB44Oh44Oz44OI44CB6auY5oCn6IO944OI44Oq44OX44Or44OR44OD44Kv44OV44Kj44Or44K/44O8MeaemihWUEYtNykKPGJyPjxicj7igLvoqbPjgZfjgY/jga/jg6Hjg7zjgqvjg7zjgrXjgqTjg4jjgpLjgZTnorroqo3kuIvjgZXjgYTjgII8IS0t4pa85qW95aSp44Od44Kk44Oz44OI44Kt44Oj44Oz44Oa44O844Oz4pa8LS0+Cgo8IS0t4pay5qW95aSp44Od44Kk44Oz44OI44Kt44Oj44Oz44Oa44O844Oz4payLS0+Cgo8IS0t4pa85Lit5aSu54m55L6h44OX44Os44Kq44O844OX44Oz4pa8CgrilrLkuK3lpK7nibnkvqHilrLjg5fjg6zjgqrjg7zjg5fjg7MtLT4KCjwhLS3ilrzkuK3lpK7nibnkvqHilrwKCuKWsuS4reWkrueJueS+oeKWsi0tPg==,44CQ44GC44GZ5qW944CRIOadseiKnSDntJnjg5Hjg4Pjgq/lvI/mjoPpmaTmqZ8gVkMtUEQ5LVIg44K344Or44Kt44O844Os44OD44OJIFvoh6rotbDlvI9d77ya44Kr44Oh44Op44Gu44Kt44K/44Og44Op,44CQ44GC44GZ5qW944CRIOadseiKnSDntJnjg5Hjg4Pjgq/lvI/mjoPpmaTmqZ8gVkMtUEQ5LVIg44K344Or44Kt44O844Os44OD44OJIFvoh6rotbDlvI9d,44CQODAwMOWGhijnqI7ovrwp5Lul5LiK44Gu44GU5rOo5paH44Gn6YCB5paZ54Sh5paZ44CR44CQU09Z5Y+X6LOe77yB44CR44CC44CQ44GC44GZ5qW944CRIOadseiKnSDntJnjg5Hjg4Pjgq/lvI/mjoPpmaTmqZ8gVkMtUEQ5LVIg44K344Or44Kt44O844Os44OD44OJIFvoh6rotbDlvI9d[rn]
37-97057,aHR0cDovL3RzaG9wLnIxMHMuanAvdGJzc2hvcHBpbmcvY2FiaW5ldC9pbWc1LzAwODE1MDdfMDEuanBnP2ZpdGluPTcwMDo3MDA=,MzQzODcuMjAwMA==,,5a626Zu7ID4g55Sf5rS75a626Zu7ID4g5o6D6Zmk5qmf44O744Kv44Oq44O844OK44O8ID4g5o6D6Zmk5qmf,44CQ6YCB5paZ54Sh5paZ44CR44OA44Kk44K944OzIOOCteOCpOOCr+ODreODs+aOg+mZpOapnyBEQzc077yPIOODleODrOOCreOCt+ODluODq+mamemWk+ODjuOCuuODq+S7mOOBjSBkYzc0IFY2IOODh+OCuOOCv+ODq+ODouODvOOCv+ODvCBkeXNvbiBmbHVmZnkg44OV44Op44OV44KjIOODgOOCpOOCveODsyDmnIDkuIrkvY3jg4bjgq/jg47jg63jgrjjg7zmkK3ovIkg44K944OV44OI44Ot44O844Op44O844Kv44Oq44O844OK44O844OY44OD44OJIOOCs+ODvOODieODrOOCuSDlhYXpm7sg5biD5Zuj44CQVEJT44K344On44OD44OU44Oz44Kw44CR,VEJT44Kr44Kk44Oi44OO44Op44OcIOWkp+S6uuawl++8geODgOOCpOOCveODsyDjg5Xjg6zjgq3jgrfjg5bjg6vpmpnplpPjg47jgrrjg6vku5jjgY0=,PGltZyBzcmM9Imh0dHBzOi8vaW1hZ2UucmFrdXRlbi5jby5qcC90YnNzaG9wcGluZy9jYWJpbmV0L2ltZzUvcmFua18wOTQwOTQ4MDQuanBnIiB3aWR0aD0iMTAwJSI+PGJyPjxicj4KCjxoMiBzdHlsZT0iYm9yZGVyLWxlZnQ6I2YzNWMwMSA1cHggc29saWQ7IHBhZGRpbmctbGVmdDo4cHg7IGZvbnQtc2l6ZToyMHB4OyI+5aSn44GN44Gq44K044Of44GL44KJ5bCP44GV44Gq44K044Of44G+44Gn5ZCM5pmC44Gr5ZC444GE5Y+W44KLISHjgIzjg4DjgqTjgr3jg7Mg44K144Kk44Kv44Ot44Oz44Kz44O844OJ44Os44K55o6D6Zmk5qmfIERDNzTjgI3jgYzjgIEz5LiH5YaG5Y+w44Gu44GK6LK35b6X5L6h5qC8JumAgeaWmeeEoeaWmeOBp+eZu+WgtCEhCjwvaDI+CjxwPuW+k+adpeOBruOCr+ODquODvOODiuODvOODmOODg+ODieOCkuagueW6leOBi+OCieimi+ebtOOBl+OAgemdqeaWsOeahOOBquOCveODleODiOODreODvOODqeODvOOCr+ODquODvOODiuODvOODmOODg+ODieOCkumWi+eZuuOBl+OBvuOBl+OBn+OAguWkp+OBjeOBquOCtOODn+OBqOWwj+OBleOBquOCtOODn+OCkuWQjOaZguOBq+WQuOOBhOWPluOCiuOBvuOBmeOAgjwvcD4KPGJyPjxoMiBzdHlsZT0iYm9yZGVyLWxlZnQ6I2YzNWMwMSA1cHggc29saWQ7IHBhZGRpbmctbGVmdDo4cHg7IGZvbnQtc2l6ZToyMHB4OyI+44CQUG9pbnQuMeOAkeOCj+OBmuOBi+OBquWKm+OBp+OCueODoOODvOOCuuOBq+mAsuOCgOOAjuOCveODleODiOODreODvOODqeODvOOCr+ODquODvOODiuODvOODmOODg+ODieOAj+OCkuaQrei8ie+8gTwvaDI+CjxwPuODgOOCpOOCveODs+OBruOAjOacgOS4iuS9jeapn+eoruOAjeOBq+OCguaOoeeUqOOBleOCjOOBpuOBhOOCi+OCr+ODquODvOODiuODvOODmOODg+ODieOCkuaQrei8ie+8gTxicj4K44Oi44Kz44Oi44Kz44Gu44Ot44O844Op44O844GM44CM5aSn44GN44Gq44K044Of44CN44GL44KJ44CM5b6u57Sw44Gq44OB44Oq44CN44G+44Gn44CB44K144Kk44K644O75b2i44O756iu6aGe44Gr6Zai44KP44KJ44Ga5qeY44CF44Gq44K044Of44KS5ZCM5pmC44Gr44Kw44Oz44Kw44Oz5ZC444GE5Y+W44KK44G+44GZ44CCCjwvcD48aW1nIHNyYz0iaHR0cHM6Ly9pbWFnZS5yYWt1dGVuLmNvLmpwL3Ric3Nob3BwaW5nL2NhYmluZXQvaW1nNS8wMDgxNTA3X2QwMi5qcGciIHdpZHRoPSIxMDAlIj48YnI+PGJyPjxoMiBzdHlsZT0iYm9yZGVyLWxlZnQ6I2YzNWMwMSA1cHggc29saWQ7IHBhZGRpbmctbGVmdDo4cHg7IGZvbnQtc2l6ZToyMHB4OyI+44CQUG9pbnQuMuOAkeeJueioseaKgOihk+OCkue1kOmbhuOBl+OAgeOAjuWkieOCj+OCieOBquOBhOWQuOW8leWKm+OAj+OCkuWun+ePvu+8gTwvaDI+CjxwPjxzcGFuIHN0eWxlPSJmb250LXdlaWdodDogYm9sZDsiPu+8nDJUaWVyUmFkaWFs44K144Kk44Kv44Ot44Oz44OG44Kv44OO44Ot44K444O877yeKOeJueioseeVquWPt++8muesrDQ1NDYwMTXlj7cg5LuWKTwvc3Bhbj48YnI+CuODgOOCpOOCveODs+OBruacgOS4iuS9jeODouODh+ODqyjigLsp44Gr44KC5o6h55So44GV44KM44Gm44GE44KL44OG44Kv44OO44Ot44K444O877yBMuWxpOOBq+mFjee9ruOBleOCjOOBnzE15YCL44Gu44K144Kk44Kv44Ot44Oz44GM5by344GE5rCX5rWB44KS55Sf44G/5Ye644GX5b6u57Sw44Gq44K044Of44KS5o2V44GI44G+44GZ44CCPGJyPgrigLvjg4DjgqTjgr3jg7Pjgrnjg4bjgqPjg4Pjgq/jgq/jg6rjg7zjg4rjg7zjgavjgYrjgYTjgaY8YnI+CjxzcGFuIHN0eWxlPSJmb250LXdlaWdodDogYm9sZDsiPu+8nOODgOOCpOOCveODsyDjg4fjgrjjgr/jg6vjg6Ljg7zjgr/jg7wgVjbvvJ4o54m56Kix55Wq5Y+377ya56ysNTUxMTg1MuWPtyDku5YpPC9zcGFuPjxicj4K44OA44Kk44K944Oz54us6Ieq44Gu44Oi44O844K/44O844Gn5aSJ44KP44KJ44Gq44GE6auY44GE5ZC45byV5Yqb44KS5a6f54++44CC44Oh44Kk44Oz44Kv44Oq44O844OK44O844Go44GX44Gm44KC55Sz44GX5YiG44Gu44Gq44GE5a6f5Yqb44Gn44GZ77yBCjwvcD48aW1nIHNyYz0iaHR0cHM6Ly9pbWFnZS5yYWt1dGVuLmNvLmpwL3Ric3Nob3BwaW5nL2NhYmluZXQvaW1nNS8wMDgxNTA3X2QwMy5qcGciIHdpZHRoPSIxMDAlIj48YnI+PGJyPjxoMiBzdHlsZT0iYm9yZGVyLWxlZnQ6I2YzNWMwMSA1cHggc29saWQ7IHBhZGRpbmctbGVmdDo4cHg7IGZvbnQtc2l6ZToyMHB4OyI+44CQUG9pbnQuM+OAkemHjeOBleOBr+OAgeacgOi7vemHj+OCr+ODqeOCueOBrue0hDIuM2tn77yB4oC7PC9oMj4KPHA+5aWz5oCn44Gn44KC54mH5omL44Gn5pON5L2c44GX44KE44GZ44GP44CB6auY44GE5aC05omA44Gu5o6D6Zmk44Gr44KC5L6/5Yip44Gn44GZ44CCPGJyPgrigLvjg4DjgqTjgr3jg7Pjg5Xjg6njg5XjgqPjgrfjg6rjg7zjgrrjgavjgYrjgYTjgaYKPC9wPjxpbWcgc3JjPSJodHRwczovL2ltYWdlLnJha3V0ZW4uY28uanAvdGJzc2hvcHBpbmcvY2FiaW5ldC9pbWc1LzAwODE1MDdfZDA0LmpwZyIgd2lkdGg9IjEwMCUiPjxicj48YnI+PGgyIHN0eWxlPSJib3JkZXItbGVmdDojZjM1YzAxIDVweCBzb2xpZDsgcGFkZGluZy1sZWZ0OjhweDsgZm9udC1zaXplOjIwcHg7Ij7jgJBQb2ludC4044CR5YWF6Zu75pmC6ZaT44CO57SEMy415pmC6ZaT44CP44Gn5pyA5aSn44COMjDliIbpgKPntprjgI/jgafkvb/nlKjlj6/og73vvIHigLs8L2gyPgo8cD7jg4jjg6rjgqzjg7zlvI/jgafjgIHjg4jjg6rjgqzjg7zjgpLlvJXjgYTjgZ/mmYLjgaDjgZHjgrnjgqTjg4Pjg4HjgYzlhaXjgorjg5Djg4Pjg4bjg6rjg7zjgpLkvb/nlKjjgZnjgovjga7jgafjgIHlhYXpm7vjgZfjgZ/pm7vmsJfjgpLnhKHpp4TjgavjgZfjgb7jgZvjgpPjgII8YnI+CuKAu+mAmuW4uOODouODvOODieOBruWgtOWQiDwvcD48aW1nIHNyYz0iaHR0cHM6Ly9pbWFnZS5yYWt1dGVuLmNvLmpwL3Ric3Nob3BwaW5nL2NhYmluZXQvaW1nNS8wMDgxNTA3X2QwNS5qcGciIHdpZHRoPSIxMDAlIj48YnI+PGJyPjxoMiBzdHlsZT0iYm9yZGVyLWxlZnQ6I2YzNWMwMSA1cHggc29saWQ7IHBhZGRpbmctbGVmdDo4cHg7IGZvbnQtc2l6ZToyMHB4OyI+44CQUG9pbnQuNeOAkeOCs+ODvOODieODrOOCueOBp+ODqeOCr+ODqeOCr+KZquODj+ODs+ODh+OCo+OCr+ODquODvOODiuODvOOBqOOBl+OBpuOCguS9v+eUqOWPr+iDve+8gTwvaDI+CjxwPuOCs+ODvOODieODrOOCueOBp+i7veOBhOOBruOBp+OAgeaMgeOBoemBi+OBs+OBjOODqeOCr+ODqeOCr+KZqgrlrrblhbfjgavlvJXjgaPjgYvjgYvjgovjgrPjg7zjg4njgoLjgarjgY/jgrPjg7Pjgrvjg7Pjg4jjga7loLTmiYDjgpLmsJfjgavjgZvjgZrkvb/jgYjjgovjga7jgafjgIHjgIzni63jgYTloLTmiYDjgI3jgoTjgIzpq5jjgYTloLTmiYDjgI3jgarjganmjoPpmaTjgYzjgZfjgavjgY/jgYTloLTmiYDjgoLjgIHniYfmiYvjgaflv6vpganjgavmibHjgYjjgb7jgZnjgII8YnI+44K544OG44Kj44OD44Kv6YOo5YiG44KS5aSW44Gb44Gw44CB44OP44Oz44OH44Kj44Kv44Oq44O844OK44O844Gr5pep5aSJ44KP44KK77yB6ZW344GE44K544OG44Kj44OD44Kv44Gn44Gv5o6D6Zmk44GX44Gl44KJ44GE44CM6LuK44Gu5Lit44CN44KE44CM6ZqO5q6144CN44Gq44Gp44Gn5aSn5rS76LqN44GX44G+44GZ44CCCgo8L3A+PGltZyBzcmM9Imh0dHBzOi8vaW1hZ2UucmFrdXRlbi5jby5qcC90YnNzaG9wcGluZy9jYWJpbmV0L2ltZzUvMDA4MTUwN19kMDYuanBnIiB3aWR0aD0iMTAwJSI+PGJyPjxicj48aDIgc3R5bGU9ImJvcmRlci1sZWZ0OiNmMzVjMDEgNXB4IHNvbGlkOyBwYWRkaW5nLWxlZnQ6OHB4OyBmb250LXNpemU6MjBweDsiPuOAkFBvaW50LjbjgJHjgrTjg5/mjajjgabjgYzjgqvjg7Pjgr/jg7PvvIE8L2gyPgo8cD7jg5zjgr/jg7PjgpLmirzjgZnjgaDjgZHjgafjgrTjg5/jgpLmjajjgabjgovjgZPjgajjgYzjgafjgY3jgb7jgZnjgII8L3A+PGltZyBzcmM9Imh0dHBzOi8vaW1hZ2UucmFrdXRlbi5jby5qcC90YnNzaG9wcGluZy9jYWJpbmV0L2ltZzUvMDA4MTUwN19kMDcuanBnIiB3aWR0aD0iMTAwJSI+PGJyPjxicj48aDIgc3R5bGU9ImJvcmRlci1sZWZ0OiNmMzVjMDEgNXB4IHNvbGlkOyBwYWRkaW5nLWxlZnQ6OHB4OyBmb250LXNpemU6MjBweDsiPuS7mOWxnuODhOODvOODq+OBjOWFheWun++8gTwvaDI+CjxwPjxzcGFuIHN0eWxlPSJmb250LXdlaWdodDogYm9sZDsiPu+8nOODn+ODi+ODouODvOOCv+ODvOODmOODg+ODie+8njwvc3Bhbj48YnI+CuOAjOOCveODleOCoeOAjeOChOOAjOW4g+Wbo+OAjeOBquOBqeW4g+ijveWTgeOBruaOg+mZpOOBq+OAgjxicj4KPHNwYW4gc3R5bGU9ImZvbnQtd2VpZ2h0OiBib2xkOyI+77yc6ZqZ6ZaT44OO44K644Or77yePC9zcGFuPjxicj4K44CM5a625YW344Gu6ZqZ6ZaT44CN44CM44K144OD44K344Gu44K144Oz44CN44Gq44Gp44CB54ut44GE5aC05omA44Gu5o6D6Zmk44Gr44CCPGJyPgo8c3BhbiBzdHlsZT0iZm9udC13ZWlnaHQ6IGJvbGQ7Ij7vvJzjgrPjg7Pjg5Pjg43jg7zjgrfjg6fjg7Pjg47jgrrjg6vvvJ48L3NwYW4+PGJyPgrjg5bjg6njgrfku5jjgY3jgarjga7jgafjgIHjgIzjgq3jg7zjg5zjg7zjg4njgI3jgIzjgqjjgqLjgrPjg7Pjga7jg5XjgqPjg6vjgr/jg7zjgI3jgIzjgqvjg7zjg4bjg7PjgI3jga7mjoPpmaTjgavjgIIKPC9wPjxpbWcgc3JjPSJodHRwczovL2ltYWdlLnJha3V0ZW4uY28uanAvdGJzc2hvcHBpbmcvY2FiaW5ldC9pbWc1LzAwODE1MDdfZDA4LmpwZyIgd2lkdGg9IjEwMCUiPjxicj48YnI+PGgyIHN0eWxlPSJib3JkZXItbGVmdDojZjM1YzAxIDVweCBzb2xpZDsgcGFkZGluZy1sZWZ0OjhweDsgZm9udC1zaXplOjIwcHg7Ij7jgZXjgonjgavvvIHlrInjgZfjgYTnibnlhbjvvIE8L2gyPgo8cD48c3BhbiBzdHlsZT0iZm9udC13ZWlnaHQ6IGJvbGQ7Ij7vvJzjg5Xjg6zjgq3jgrfjg5bjg6vpmpnplpPjg47jgrrjg6vvvJ7vvIg1MDAw5YaGL+eojuaKnO+8iTwvc3Bhbj48YnI+CuOAjOeFp+aYjuOAjeOChOOAjOOCqOOCouOCs+ODs+OAjeOBquOBqemrmOOBhOWgtOaJgOOBruaOg+mZpOOChOOAgeOAjOOCveODleOCoeOChOODmeODg+ODieOBruS4i+OAjeOAjOWGt+iUteW6q+OBruijj+OAjeOBquOBqeaJi+OBjOWxiuOBjeOBq+OBj+OBhOWgtOaJgOOBruaOg+mZpOOBq+S+v+WIqeOBp+OBmeOAggo8L3A+PGltZyBzcmM9Imh0dHBzOi8vaW1hZ2UucmFrdXRlbi5jby5qcC90YnNzaG9wcGluZy9jYWJpbmV0L2ltZzUvMDA4MTUwN19kMDkuanBnIiB3aWR0aD0iMTAwJSI+PGJyPjxoMiBzdHlsZT0iYm9yZGVyLWxlZnQ6I2YzNWMwMSA1cHggc29saWQ7IHBhZGRpbmctbGVmdDo4cHg7IGZvbnQtc2l6ZToyMHB4OyI+44Kr44Op44O844GvMuiJsjwvaDI+CjxwPuODkeODvOODl+ODq+OAgeODleODpeODvOOCt+ODo+OBi+OCieOBiumBuOOBs+OBj+OBoOOBleOBhOOAgjwvcD48aW1nIHNyYz0iaHR0cHM6Ly9pbWFnZS5yYWt1dGVuLmNvLmpwL3Ric3Nob3BwaW5nL2NhYmluZXQvaW1nNS8wMDgxNTA3X2QwMS5qcGciIHdpZHRoPSIxMDAlIj48aDIgc3R5bGU9ImJvcmRlci1sZWZ0OiNmMzVjMDEgNXB4IHNvbGlkOyBwYWRkaW5nLWxlZnQ6OHB4OyBmb250LXNpemU6MjBweDsiPuijveWTgeS7leanmDwvaDI+CgrvvJzmnKzkvZPvvJ48YnI+CuKXj+Wei+eVqu+8j0RDNzRNSFBVL0ZVPGJyPgril4/jgqvjg6njg7zvvI/jg5Hjg7zjg5fjg6vjgIHjg5Xjg6Xjg7zjgrfjg6M8YnI+CuKXj+acrOS9k+OCteOCpOOCuijntIQp77yPMjUww5cyMDjDlzEyMDdtbTxicj4K4peP6YeN44GVKOe0hCnvvI8yLjNrZyjjgq/jg6rjg7zjg4rjg7zjg5jjg4Pjg4njgIHjg5HjgqTjg5fjgIHjg5Djg4Pjg4bjg6rjg7znrYnlkKvjgoApPGJyPgril4/pm7vmupDvvI8xMDBWPGJyPgril4/mnZDos6rvvI/jgq/jg6rjgqLjg5Pjg7PvvJrjg53jg6rjgqvjg7zjg5zjg43jg7zjg4jjgIHjgrXjgqTjgq/jg63jg7Pjg6bjg4vjg4Pjg4jvvJpBQlPmqLnohILjgIHjg5HjgqTjg5fvvJrjgqLjg6vjg5/jg4vjgqbjg6Dku5Y8YnI+CuKXj+WFhembu+aZgumWkyjntIQp77yPMy415pmC6ZaTPGJyPgril4/kvb/nlKjmmYLplpMo57SEKe+8jzIw5YiGKOmAmuW4uOODouODvOODiSnjgIExNuWIhijpgJrluLjjg6Ljg7zjg4nvvIbjgr3jg5Xjg4jjgq/jg6rjg7zjg4rjg7zjg5jjg4Pjg4nkvb/nlKgp44CBNuWIhijlvLfjg6Ljg7zjg4kpPGJyPgril4/kv53oqLzmnJ/plpPvvI8y5bm0PGJyPjxicj4KCu+8nOODleODrOOCreOCt+ODluODq+mamemWk+ODjuOCuuODq++8njxicj4K4peP44K144Kk44K6KOe0hCnvvI8zNTAtNTU1w5czN8OXMzVtbTxicj4K4peP6YeN44GVKOe0hCnvvI8xNDBnPGJyPgril4/mnZDos6rvvI9BQlPmqLnohILjgIHjg53jg6rjg5fjg63jg5Tjg6zjg7PjgIFQQTY277yI44Od44Oq44Ki44Of44OJNjbvvIkK4peP44K744OD44OI5YaF5a6577yP5pys5L2T44CB44Of44OL44Oi44O844K/44O844OY44OD44OJ44CB44Kz44Oz44OT44ON44O844K344On44Oz44OO44K644Or44CB6ZqZ6ZaT44OO44K644Or44CBIOWPjue0jeeUqOODluODqeOCseODg+ODiOOAgeWFhembu+WZqOOAkOeJueWFuOOAkeODleODrOOCreOCt+ODluODq+mamemWk+ODjuOCuuODqzxicj4K4peP6KO96YCg77yP44Oe44Os44O844K344KiPGJyPjxicj48YnI+44CQ6L+U5ZOB5p2h5Lu244CR6L+U5ZOBQzvjg5Hjg4PjgrHjg7zjgrjvvIjljJbnsqfnrrHjgIHjg5Pjg4vjg7zjg6vooovjgIHjg5Djg7zjgrjjg7Pjgrfjg7zjg6vnrYnvvInmnKrplovlsIHjgavpmZDjgorov5Tlk4HkuqTmj5vjgYzlj6/og73jgafjgZnjgII8YnI+PGJyPlRCU+OCt+ODp+ODg+ODlOODs+OCsCBUQlMg6LK344GE6YGL77yB44GK44Gz44Oe44Or44K344KnIOOBiuOBs+ODnuODqyDjgYrjgbPjgb7jgosg44Kt44OL44OK44Or6YeR5puc5pelIOawl+OBq+OBquOCi+mHkeabnOaXpSDjgY3jgavjgarjgovph5Hmm5zml6Ug44Kt44OL6YeRIOOCreODi+ODiuODqyDjgY3jgavjgarjgosg44GN44Gr44GN44KTIOODluODqeODs+ODgeOCt+ODp+ODg+ODlOODs+OCsCDjgbbjgonjgpPjgaHjgZfjgofjgaPjgbTjgpPjgZAg44OW44Op44K344OnIOOBtuOCieOBl+OChyDjgqvjgqTjg6Ljg47jg6njg5wg44GL44GE44KC44Gu44KJ44G844CA44OA44Kk44K944Oz44CA44K144Kk44Kv44Ot44Oz44CA5o6D6Zmk5qmf44CAREM3NOOAgOeJueWFuOOAgOODleODrOOCreOCt+ODluODq+mamemWk+ODjuOCuuODq+OAgOOCs+ODvOODieODrOOCueOAgGR5c29u44CA44OA44Kk44K944OzLOOCteOCpOOCr+ODreODsyzmjoPpmaTmqZ8sREM3NCznibnlhbgs44OV44Os44Kt44K344OW44Or6ZqZ6ZaT44OO44K644OrLOOCs+ODvOODieODrOOCuSxkeXNvbiw8ZGl2IGFsaWduPSJjZW50ZXIiPjxpbWcgc3JjPSJodHRwOi8vd3d3LnJha3V0ZW4ubmUuanAvZ29sZC90YnNzaG9wcGluZy9yZXNvdXJjZS9pbWFnZS90b3AvcmFua25hdmlfMDIuanBnIiB3aWR0aD0iNzAwIiBib3JkZXI9IjAiIGFsdD0i5Lq65rCX44Op44Oz44Kt44Oz44KwIj48L2Rpdj4KPGRpdiBhbGlnbj0iY2VudGVyIj48L2Rpdj4KCgo8YnI+PGJyPgo8ZGl2IGFsaWduPSJjZW50ZXIiPjxpbWcgc3JjPSJodHRwOi8vd3d3LnJha3V0ZW4ubmUuanAvZ29sZC90YnNzaG9wcGluZy9yZXNvdXJjZS9pbWFnZS90b3AvcmlhbHRhaW1lX3R0bC5qcGciIHdpZHRoPSI3MDAiIGJvcmRlcj0iMCIgYWx0PSLjg6rjgqLjg6vjgr/jgqTjg6DlupfoiJfnirbms4EiPjwvZGl2Pgo8ZGl2IGFsaWduPSJjZW50ZXIiPjwvZGl2PgoKPHN0eWxlIHR5cGU9InRleHQvY3NzIj4KCi8q6LK344GE54mp44GL44GU44Gr5YWl44KM44KL44Oc44K/44OzKi8KZGl2I3Jha3V0ZW5MaW1pdGVkSWRfYXJvdW5kQ2FydCAuZmxvYXRpbmdDYXJ0UHVyY2hhc2VCdXR0b25zQ29udGFpbmVyIC5mbG9hdGluZ0NhcnRTcGxpdEJ1dHRvbnMgLmNhcnQtYnV0dG9uLWNvbnRhaW5lciAubmV3LWNhcnQtYnV0dG9uIHsKCXdpZHRoOiAxOTVweCAhaW1wb3J0YW50OwoJaGVpZ2h0OiA4MHB4ICFpbXBvcnRhbnQ7Cn0KZGl2I3Jha3V0ZW5MaW1pdGVkSWRfYXJvdW5kQ2FydCAubmV3LWNhcnQtYnV0dG9uIHsKICAgIHdpZHRoOiAxOTVweCAhaW1wb3J0YW50OwogICAgaGVpZ2h0OiA4MHB4ICFpbXBvcnRhbnQ7Cgp9CgovKiDjgYrmsJfjgavlhaXjgorllYblk4Hlt67jgZfmm7/jgYjjgr/jgrAgKi8KI3Jha3V0ZW5MaW1pdGVkSWRfYXJvdW5kQ2FydCAjc2VydmljZVRhYmxlU21sIHRkLmZhdm9yaXRlIHsgcGFkZGluZy10b3A6IDBweDt9CiNyYWt1dGVuTGltaXRlZElkX2Fyb3VuZENhcnQgZGl2LmJvb2ttYXJrQXJlYSBkaXYuYmttIHsKIHdpZHRoOiAzMjhweCAhaW1wb3J0YW50OwogaGVpZ2h0OiAzMDhweCAhaW1wb3J0YW50OwogcGFkZGluZzogMTBweCAwcHggMjBweCAwcHggIWltcG9ydGFudDsKfQojcmFrdXRlbkxpbWl0ZWRJZF9hcm91bmRDYXJ0IGRpdi5ib29rbWFya0FyZWEgZGl2LmJrbSBhLmFkZEJrbSB7CiB3aWR0aDogMzI4cHggIWltcG9ydGFudDsKIGhlaWdodDogMzA4cHggIWltcG9ydGFudDsKfQojcmFrdXRlbkxpbWl0ZWRJZF9hcm91bmRDYXJ0IGRpdi5ib29rbWFya0FyZWEgZGl2LmJrbSBhLmFkZEJrbSBzcGFuLmJrbVN0YXIgewogZGlzcGxheTogaW5saW5lLWJsb2NrICFpbXBvcnRhbnQ7CiB3aWR0aDogMzI4cHggIWltcG9ydGFudDsKIGhlaWdodDogMzA4cHggIWltcG9ydGFudDsKbWFyZ2luOjBweCAwcHggMHB4IDBweCAhaW1wb3J0YW50OwogYmFja2dyb3VuZDogdXJsKCJodHRwOi8vd3d3LnJha3V0ZW4ubmUuanAvZ29sZC90YnNzaG9wcGluZy9yZXNvdXJjZS9pbWFnZS9jb21tb24vZmF2YnRuMDIuanBnPzEyMiIpbm8tcmVwZWF0IDAgMCAhaW1wb3J0YW50Owp9CgovKiDjgYrmsJfjgavlhaXjgorjgrfjg6fjg4Pjg5flt67jgZfmm7/jgYjjgr/jgrAgKi8KZGl2LmJvb2ttYXJrQXJlYSB7CiB3aWR0aDogMzI4cHggIWltcG9ydGFudDsKfQojcmFrdXRlbkxpbWl0ZWRJZF9hcm91bmRDYXJ0IGRpdi5zaG9wQm9va21hcmtBcmVhIGRpdi5zaG9wQmttIHsKIHdpZHRoOiAzMjhweCAhaW1wb3J0YW50OwogaGVpZ2h0OiA0NnB4ICFpbXBvcnRhbnQ7CiBwYWRkaW5nOiAwcHggMHB4ICFpbXBvcnRhbnQ7CiBwYWRkaW5nLWxlZnQ6IDBweCAhaW1wb3J0YW50Owp9CiNyYWt1dGVuTGltaXRlZElkX2Fyb3VuZENhcnQgZGl2LnNob3BCb29rbWFya0FyZWEgZGl2LnNob3BCa20gYS5hZGRTaG9wQmttCnNwYW4uc2hvcEJrbVN0YXIgewpkaXNwbGF5OiBpbmxpbmUtYmxvY2sgIWltcG9ydGFudDsKIHdpZHRoOiAzMjhweCAhaW1wb3J0YW50OwogaGVpZ2h0OiA0NnB4ICFpbXBvcnRhbnQ7CiBtYXJnaW4tcmlnaHQ6IDBweCAhaW1wb3J0YW50OwogYmFja2dyb3VuZDogdXJsKCJodHRwOi8vd3d3LnJha3V0ZW4ubmUuanAvZ29sZC90YnNzaG9wcGluZy9yZXNvdXJjZS9pbWFnZS9jb21tb24vZmF2YnRuMDMuanBnPzAxMiIpIG5vLXJlcGVhdCAhaW1wb3J0YW50Owp9CgoKPC9zdHlsZT4=,44CQ6YCB5paZ54Sh5paZ44CR44OA44Kk44K944OzIOOCteOCpOOCr+ODreODs+aOg+mZpOapnyBEQzc077yPIOODleODrOOCreOCt+ODluODq+mamemWk+ODjuOCuuODq+S7mOOBjSBkYzc0IFY2IOODh+OCuOOCv+ODq+ODouODvOOCv+ODvCBkeXNvbiBmbHVmZnkg44OV44Op44OV44KjIOODgOOCpOOCveODsyDmnIDkuIrkvY3jg4bjgq/jg47jg63jgrjjg7zmkK3ovIkg44K944OV44OI44Ot44O844Op44O844Kv44Oq44O844OK44O844OY44OD44OJIOOCs+ODvOODieODrOOCuSDlhYXpm7sg5biD5Zuj44CQVEJT44K344On44OD44OU44Oz44Kw44CR77yaVEJT44K344On44OD44OU44Oz44Kw44CA5qW95aSp5biC5aC05bqX,6LK344GE44OG44Kt77yB6YCa6LKp44OE44Km44CA44GL44GE44Gm44GN44CA44Kr44Kk44OG44Kt44CAa2FpdGVraeOAgOOBu+OBo+OBl+OCg+OCk+OAgOOBu+OBl+OBoOOAgOWztuW0juWSjOatjOWtkOOAgOOBl+OBvuOBluOBjeOCj+OBi+OBk+eOi+anmOOBruODluODqeODs+ODgeOAgOODluODqeODs+ODgeOCt+ODp+ODg+ODlOODs+OCsOOAgOODluODqeOCt+ODp+OAgOOBtuOCieOCk+OBoeOBl+OCh+OBo+OBtOOCk+OBkOOAgGJ1cmFzeW/jgIBidXJhbm50aeOAgGJydW5jaOOAgOOBiuOBhuOBleOBvuOAgOOBiuOBiuOBleOBvlRCU+OCt+ODp+ODg+ODlOODs+OCsOOAgHRic+OCt+ODp+ODg+ODlOODs+OCsOOAgOODhuOCo+ODvOODk+ODvOOCqOOCueOAgOOBpuOBg+ODvOOBs+ODvOOBiOOBmeOAgFRCU+WFrOW8j+OCquODs+ODqeOCpOODs+OCt+ODp+ODg+ODl+OCq+OCpOODouODjuODqeODnOOAgOOBi+OBhOOCguOBruOCieOBvOOAgEtBSU1PTk9SQUJP44CAa2FpbW9ub3JhYm/jgIDml6Xjg4bjg6zjgIDjgavjgaPjgabjgozjgIDjg4vjg4Pjg4bjg6zjgIDjg53jgrfjg6Xjg6zjgIDjg53jg7Pjg53jg7Pjg53jgrfjg6Xjg6zjgIDjgb3jgpPjgb3jgpPjgb3jgZfjgoXjgozjgIDjg4fjgqPjg47jgrnjgIDjg5Xjgrjjg4bjg6zjg5PjgIDjgafjgYPjga7jgZnjgIDjgbXjgZjjgIDjgYTjgYTjgoLjga7jg5fjg6zjg5/jgqLjg6DjgIDjgYTjgYTjgoLjga7jgbfjgozjgb/jgYLjgoDjgIDjg5Ljg4fjgIDjgbLjgafjgIBESuODouODjuODleOCp+OCueOCv+OAgOOCguOBruOBteOBiOOBmeOBn+OAgOOCguOBruOBteOBh+OBmeOBn+iyt+OBhOODgOODjeOAgOOBi+OBhOOBoOOBreOAgEtBSURBTkXjgIBrYWlkYW5lZWPjgIBFQ+OAgOOBhOODvOOBl+ODvOOAgOOCpOODvOOCt+ODvOODhuODrOODk+ODu+ODqeOCuOOCqumAmuiyqeeVque1hOOAgOOBpOOBhuOBr+OCk+OAgOODhOOCpuODj+ODs+OAgOODhuODrOODk+OCt+ODp+ODg+ODlOODs+OCsOOAgOOBpuOCjOOBs+OBl+OCh+OBo+OBtOOCk+OBkOOAgOOBpOOBhuOBl+OCk+OBr+OCk+OBsOOBhOOAgOODhOOCpuOCt+ODs+ODj+ODs+ODkOOCpOmtlOWls+OBq+iogOOCj+OCjOOBn+OBhOWknOOAgOOBvuOBmOOCh+OBq+OBhOOCj+OCjOOBn+OBhOOCiOOCi+OAgOOBvuOBmOOCh+OAgOODnuOCuOODp+OAgE1BSk/jgIBtYWpv44OG44Os44OT5pyd5pel44CA44OG44Os5pyd44CA44Gm44KM44GC44GV44CA44OG44Os44Ki44K144CA44GY44KF44KT5pWj5q2p44CA44K444Ol44Oz44K144Oz44Od44CA44GY44KF44KT44GV44KT44G944CA44Oi44OO44Kz44Oz44K344Kn44Or44K444Ol44CA44KC44Gu44GT44KT44GX44GH44KL44GY44KF44CQ6YCB5paZ54Sh5paZ44CR44OA44Kk44K944OzIOOCteOCpOOCr+ODreODs+aOg+mZpOapnyBEQzc077yPIOODleODrOOCreOCt+ODluODq+mamemWk+ODjuOCuuODq+S7mOOBjSBkYzc0IFY2IOODh+OCuOOCv+ODq+ODouODvOOCv+ODvCBkeXNvbiBmbHVmZnkg44OV44Op44OV44KjIOODgOOCpOOCveODsyDmnIDkuIrkvY3jg4bjgq/jg47jg63jgrjjg7zmkK3ovIkg44K944OV44OI44Ot44O844Op44O844Kv44Oq44O844OK44O844OY44OD44OJIOOCs+ODvOODieODrOOCuSDlhYXpm7sg5biD5Zuj44CQVEJT44K344On44OD44OU44Oz44Kw44CR,VEJT44Kr44Kk44Oi44OO44Op44OcIOWkp+S6uuawl++8geODgOOCpOOCveODsyDjg5Xjg6zjgq3jgrfjg5bjg6vpmpnplpPjg47jgrrjg6vku5jjgY3jgILjgJDpgIHmlpnnhKHmlpnjgJHjg4DjgqTjgr3jg7Mg44K144Kk44Kv44Ot44Oz5o6D6Zmk5qmfIERDNzTvvI8g44OV44Os44Kt44K344OW44Or6ZqZ6ZaT44OO44K644Or5LuY44GNIGRjNzQgVjYg44OH44K444K/44Or44Oi44O844K/44O8IGR5c29uIGZsdWZmeSDjg5Xjg6njg5XjgqMg44OA44Kk44K944OzIOacgOS4iuS9jeODhuOCr+ODjuODreOCuOODvOaQrei8iSDjgr3jg5Xjg4jjg63jg7zjg6njg7zjgq/jg6rjg7zjg4rjg7zjg5jjg4Pjg4kg44Kz44O844OJ44Os44K5IOWFhembuyDluIPlm6PjgJBUQlPjgrfjg6fjg4Pjg5Tjg7PjgrDjgJE=[rn]
37-97058,aHR0cDovL3RzaG9wLnIxMHMuanAvZW1lZGFtYS9jYWJpbmV0L21jNi8zNDY2LmpwZz9maXRpbj03MDA6NzAw,ODc4NC4wMDAw,,5a626Zu7ID4g55Sf5rS75a626Zu7ID4g5o6D6Zmk5qmf44O744Kv44Oq44O844OK44O8ID4g5o6D6Zmk5qmf,44CQ44GC44GZ5qW944CRIOOCt+ODo+ODvOODlyDpgaDlv4PliIbpm6LjgrXjgqTjgq/jg63jg7Mg5o6D6Zmk5qmfIEVDLUNUMTItQyDjg5njg7zjgrjjg6Xns7s=,44CQODAwMOWGhijnqI7ovrwp5Lul5LiK44Gu44GU5rOo5paH44Gn6YCB5paZ54Sh5paZ44CR44CQU09Z5Y+X6LOe77yB44CR,PCEtLSDllYblk4HoqbPntLDkuIrpg6hQUuaeoCAtLT4KPGlmcmFtZSBpZD0iaXRlbS1wYWdlX3RvcCIgZnJhbWVib3JkZXI9IjAiIGJvcmRlcj0iMCIgc2Nyb2xsaW5nPSJubyIgc3JjPSJodHRwOi8vd3d3LnJha3V0ZW4ubmUuanAvZ29sZC9lbWVkYW1hL3BhZ2UvcHJvbW90aW9uL2l0ZW0tcGFnZV90b3AuaHRtbCI+PC9pZnJhbWU+CjwhLS0gL+WVhuWTgeips+e0sOS4iumDqFBS5p6gIC0tPjxicj4KPCEtLeKWoFtTVF3lnKjluqvov5Tlk4HmoYjlhoUtLT4KPHRhYmxlIHdpZHRoPSI1NTAiIGJvcmRlcj0iMCIgY2VsbHNwYWNpbmc9IjAiIGNlbGxwYWRkaW5nPSIwIj4KICA8dHI+CiAgICA8dGQ+CiAgICAgIDxhIGhyZWY9Imh0dHA6Ly9saW5rLnJha3V0ZW4uY28uanAvMS8wMTgvNDA2Lz91cmw9c2VhcmNoLmRvP3NpZD1kb2xyJmdjZD00OTc0MDE5NzA3OTUyIiB0YXJnZXQ9Il9ibGFuayI+PGltZyBzcmM9Imh0dHA6Ly93d3cucmFrdXRlbi5uZS5qcC9nb2xkL2VtZWRhbWEvMTFuZXctaW1hZ2VzL2Jhc2UvemFpa29qeW91a3lvdTAxLmdpZiI+PC9hPjxhIGhyZWY9Imh0dHA6Ly93d3cucmFrdXRlbi5uZS5qcC9nb2xkL2VtZWRhbWEvaW5mby5odG1sIzEiIHRhcmdldD0iX2JsYW5rIj48aW1nIHNyYz0iaHR0cDovL3d3dy5yYWt1dGVuLm5lLmpwL2dvbGQvZW1lZGFtYS8xMW5ldy1pbWFnZXMvYmFzZS96YWlrb2p5b3VreW91MDIuZ2lmIj48L2E+CiAgICA8L3RkPgogIDwvdHI+CjwvdGFibGU+CjxkaXYgaWQ9InJldC1kZWYiPgogIDxhIGhyZWY9Imh0dHA6Ly93d3cucmFrdXRlbi5uZS5qcC9nb2xkL2VtZWRhbWEvcmV0dXJuZWRfZGVmZWN0aXZlLmh0bWwiIHRhcmdldD0iX2JsYW5rIj7il48g5ZWG5ZOB44Gu6L+U5ZOB44Gr44Gk44GE44GmPC9hPgo8L2Rpdj4KPCEtLeKWoOWcqOW6q+i/lOWTgeahiOWGheKWoC0tPuOAkOijveWTgeeJueW+tOOAkTxicj7ilqDlkLjjgZjjgpPlipvjgYzmjIHntprjgZnjgovjgIzpgaDlv4PliIbpm6LmlrnlvI/jgrXjgqTjgq/jg63jg7PjgI08YnI+4pag44K344Oz44OX44Or44Oc44OH44Kj44Gn44GK5omL5YWl44KM44KC57Ch5Y2YPGJyPjxicj7jgJDoo73lk4Hku5Xmp5jjgJE8YnI+4peP5raI6LK76Zu75YqbKFcp77yaMSwwMDDvvZ7ntIQyNDA8YnI+4peP5ZC46L685LuV5LqL546HKFcp77yaNDUw772e57SENzA8YnI+4peP6YGL6Lui6Z+zKGRCKe+8mjY0772e57SENTc8YnI+4peP6ZuG44GY44KT5a6556mNKEwp77yaMC4zNTxicj7il4/mnKzkvZPlr7jms5Uo5bmFw5flpaXooYzDl+mrmOOBlShtbSnvvJoyNTfDlzM2M8OXMjQ4PGJyPuKXj+acrOS9k+izqumHjyjku5jlsZ7lk4HlkKvjgoApKGtnKe+8mjMuOCg1LjApPGJyPuKXj+OCs+ODvOODieOBrumVt+OBlShtKe+8mjUuMDxicj7il4/jgrnjgr/jg7Pjg4nlj47ntI3mmYLjga7pq5jjgZUo44Kz44Oz44OR44Kv44OI5Y+O57SN5pmC44Gu6auY44GVKShtbSnvvJo5NTAoNzI1KQo8YnI+PGJyPuKAu+ips+OBl+OBj+OBr+ODoeODvOOCq+ODvOOCteOCpOODiOOCkuOBlOeiuuiqjeS4i+OBleOBhOOAgjwhLS3ilrzmpb3lpKnjg53jgqTjg7Pjg4jjgq3jg6Pjg7Pjg5rjg7zjg7PilrwtLT4KCjwhLS3ilrLmpb3lpKnjg53jgqTjg7Pjg4jjgq3jg6Pjg7Pjg5rjg7zjg7PilrItLT4KCjwhLS3ilrzkuK3lpK7nibnkvqHjg5fjg6zjgqrjg7zjg5fjg7PilrwKCuKWsuS4reWkrueJueS+oeKWsuODl+ODrOOCquODvOODl+ODsy0tPgoKPCEtLeKWvOS4reWkrueJueS+oeKWvAoK4pay5Lit5aSu54m55L6h4payLS0+,44CQ44GC44GZ5qW944CRIOOCt+ODo+ODvOODlyDpgaDlv4PliIbpm6LjgrXjgqTjgq/jg63jg7Mg5o6D6Zmk5qmfIEVDLUNUMTItQyDjg5njg7zjgrjjg6Xns7vvvJrjgqvjg6Hjg6njga7jgq3jgr/jg6Djg6k=,44CQ44GC44GZ5qW944CRIOOCt+ODo+ODvOODlyDpgaDlv4PliIbpm6LjgrXjgqTjgq/jg63jg7Mg5o6D6Zmk5qmfIEVDLUNUMTItQyDjg5njg7zjgrjjg6Xns7s=,44CQODAwMOWGhijnqI7ovrwp5Lul5LiK44Gu44GU5rOo5paH44Gn6YCB5paZ54Sh5paZ44CR44CQU09Z5Y+X6LOe77yB44CR44CC44CQ44GC44GZ5qW944CRIOOCt+ODo+ODvOODlyDpgaDlv4PliIbpm6LjgrXjgqTjgq/jg63jg7Mg5o6D6Zmk5qmfIEVDLUNUMTItQyDjg5njg7zjgrjjg6Xns7s=[rn]
37-97059,aHR0cDovL3RzaG9wLnIxMHMuanAvdGJzc2hvcHBpbmcvY2FiaW5ldC9pbWcvMDA3MzIxNl8wMS5qcGc/Zml0aW49NzAwOjcwMA==,MzI2NTkuMjAwMA==,,5a626Zu7ID4g55Sf5rS75a626Zu7ID4g5o6D6Zmk5qmf44O744Kv44Oq44O844OK44O8ID4g5o6D6Zmk5qmf,44CQ6YCB5paZ54Sh5paZ44CR44OA44Kk44K944OzIOOCteOCpOOCr+ODreODs+aOg+mZpOapnyBEQzYyTU/vvI/jg5Xjg4jjg7Pjg4Tjg7zjg6vku5jjgY0gZHlzb24gREM2MiDjg4DjgqTjgr3jg7Mg44Kz44O844OJ44Os44K5IOODh+OCuOOCv+ODq+ODouODvOOCv+ODvFY2IOWFhembuyDluIPlm6PjgJBUQlPjgrfjg6fjg4Pjg5Tjg7PjgrDjgJE=,44CQ5Zyo5bqr6ZmQ44KKISHjgJEgVEJTIOOCq+OCpOODouODjuODqeODnCDjg5Xjg4jjg7Pjg4Tjg7zjg6vvvIg0MDAw5YaG77yJ5LuYIQ==,PGEgaHJlZj0iaHR0cDovL2l0ZW0ucmFrdXRlbi5jby5qcC90YnNzaG9wcGluZy8wOTQwOTQ4MDQvIj48aW1nIHNyYz0iaHR0cDovL2ltYWdlLnJha3V0ZW4uY28uanAvdGJzc2hvcHBpbmcvY2FiaW5ldC9pbWc0L2R5c29uX2RjNzQuanBnIiB3aWR0aD0iMTAwJSI+PC9hPjxicj48YnI+CgoKCjxpbWcgc3JjPSJodHRwOi8vaW1hZ2UucmFrdXRlbi5jby5qcC90YnNzaG9wcGluZy9jYWJpbmV0L2ltZzIvcmFua18wMDc2MTExLmpwZz8xMjMiIHdpZHRoPSIxMDAlIj48YnI+PGltZyBzcmM9Imh0dHA6Ly9pbWFnZS5yYWt1dGVuLmNvLmpwL3Ric3Nob3BwaW5nL2NhYmluZXQvaW1nLzAwNzMyMTZfZDAyLmpwZyI+PGJyPjxpbWcgc3JjPSJodHRwOi8vaW1hZ2UucmFrdXRlbi5jby5qcC90YnNzaG9wcGluZy9jYWJpbmV0L2ltZy8wMDczMjE2X2QwMy5qcGciPjxicj48aW1nIHNyYz0iaHR0cDovL2ltYWdlLnJha3V0ZW4uY28uanAvdGJzc2hvcHBpbmcvY2FiaW5ldC9pbWcvMDA3MzIxNl9kMDQuanBnIj48YnI+PGltZyBzcmM9Imh0dHA6Ly9pbWFnZS5yYWt1dGVuLmNvLmpwL3Ric3Nob3BwaW5nL2NhYmluZXQvaW1nLzAwNzMyMTZfZDA1LmpwZyI+PGJyPjxpbWcgc3JjPSJodHRwOi8vaW1hZ2UucmFrdXRlbi5jby5qcC90YnNzaG9wcGluZy9jYWJpbmV0L2ltZy8wMDczMjE2X2QwNi5qcGciPjxicj48aW1nIHNyYz0iaHR0cDovL2ltYWdlLnJha3V0ZW4uY28uanAvdGJzc2hvcHBpbmcvY2FiaW5ldC9pbWcvMDA3MzIxNl9kMDcuanBnIj48YnI+PGltZyBzcmM9Imh0dHA6Ly9pbWFnZS5yYWt1dGVuLmNvLmpwL3Ric3Nob3BwaW5nL2NhYmluZXQvaW1nLzAwNzMyMTZfZDA4LmpwZyI+PGJyPjxpbWcgc3JjPSJodHRwOi8vaW1hZ2UucmFrdXRlbi5jby5qcC90YnNzaG9wcGluZy9jYWJpbmV0L2ltZy8wMDczMjE2X2QwOS5qcGciPjxicj48aW1nIHNyYz0iaHR0cDovL2ltYWdlLnJha3V0ZW4uY28uanAvdGJzc2hvcHBpbmcvY2FiaW5ldC9pbWcvMDA3MzIxNl9kMTAuanBnIj48YnI+CgoKPGgyIHN0eWxlPSJib3JkZXItbGVmdDojZjM1YzAxIDVweCBzb2xpZDsgcGFkZGluZy1sZWZ0OjhweDsgZm9udC1zaXplOjIwcHg7Ij7oo73lk4Hku5Xmp5g8L2gyPjxicj4K4peP44K744OD44OI5YaF5a6577yP5pys5L2T44CB44OQ44OD44OG44Oq44O844CB5YWF6Zu75Zmo44CB5Y+O57SN44OW44Op44Kx44OD44OI44CB44Kz44Oz44OT44ON44O844K344On44Oz44OO44K644Or44CB6ZqZ6ZaT44OO44K644Or44CB44OV44OI44Oz44OE44O844OrPGJyPgril4/jgqvjg6njg7zvvI/jg5Xjg6Xjg7zjgrfjg6MoREM2Mk1PU0Yp44CB44Ki44Kk44Ki44OzKERDNjJNT1NWKTxicj4K4peP5pys5L2T44K144Kk44K677yI57SE77yJ77yPMjExw5cyMDjDlzExODBtbe+8iOODouODvOOCv+ODvOODmOODg+ODieOAgeODkeOCpOODl+OAgeODkOODg+ODhuODquetieWQq+OCgO+8iTxicj4K4peP6YeN44GV77yI57SE77yJ77yPMi4wNGtn77yI44Oi44O844K/44O844OY44OD44OJ44CB44OR44Kk44OX44CB44OQ44OD44OG44Oq562J5ZCr44KA77yJPGJyPgril4/pm7vmupDvvI8xMDBWPGJyPgril4/mnZDos6rvvI/jgq/jg6rjgqLjg5Pjg7PvvJrjg53jg6rjgqvjg7zjg5zjg43jg7zjg4jjgIAg44K144Kk44Kv44Ot44Oz44Om44OL44OD44OI77yaQUJT5qi56ISC44CA44OR44Kk44OX77ya44Ki44Or44Of44OL44Km44Og5LuWIAo8YnI+CuKXj+WFhembu+aZgumWk++8iOe0hO+8ie+8jzMuNeaZgumWkzxicj4K4peP5L2/55So5pmC6ZaT77yI57SE77yJ77yPMjDliIbvvIjpgJrluLjjg6Ljg7zjg4nvvInjgIExN+WIhu+8iOmAmuW4uOODouODvOODie+8huODouODvOOCv+ODvOODmOODg+ODie+8ieOAgTbliIbvvIjlvLfjg6Ljg7zjg4nvvIk8YnI+CuKXj+S/neiovOacn+mWk++8jzLlubQ8YnI+CuKXj+ijvemAoO+8j+ODnuODrOODvOOCt+OCogo8YnI+PGJyPjxicj7jgJDov5Tlk4HmnaHku7bjgJHov5Tlk4FDO+ODkeODg+OCseODvOOCuO+8iOWMlueyp+euseOAgeODk+ODi+ODvOODq+iii+OAgeODkOODvOOCuOODs+OCt+ODvOODq+etie+8ieacqumWi+WwgeOBq+mZkOOCiui/lOWTgeS6pOaPm+OBjOWPr+iDveOBp+OBmeOAgjxicj48YnI+VEJT44K344On44OD44OU44Oz44Kw44CA6LK344GE44OG44Kt44CA44GL44GE44Gm44GN44CA44Kr44Kk44OG44Kt44CAa2FpdGVraeOAgFRCU+mAmuiyqeOAgOODluODqeODs+ODgeOCt+ODp+ODg+ODlOODs+OCsOOAgOOBtuOCieOCk+OBoeOBl+OCh+OBo+OBtOOCk+OBkOOAgOODluODqeOCt+ODp+OAgOOBtuOCieOBl+OCh+OAgOOCq+OCpOODouODjuODqeODnOOAgOOBi+OBhOOCguOBruOCieOBvOOAgOmAgeaWmeeEoeaWmeOAgOWutumbu+OAgOODgOOCpOOCveODs+OAgOWQuOW8leWKm+OAgOaOg+mZpOapn+OAgOODgOOCpOOCveODs+OCteOCpOOCr+ODreODs+OAgOODgOOCpOOCveODs+OCteOCpOOCr+ODreODs+aOg+mZpOapn0RDNjLjgIDjg4fjgrjjgr/jg6vjgrnjg6rjg6DjgIDjg57jg6vjg4Hjg5Xjg63jgqLjgIBEQzYyTU9TRuOAgERDNjJNT1NWCgo8aW1nIHNyYz0iaHR0cDovL2ltYWdlLnJha3V0ZW4uY28uanAvdGJzc2hvcHBpbmcvY2FiaW5ldC9pbWc0L2R5c29uX2RjNzQuanBnIiB3aWR0aD0iMTAwJSI+PGJyPjxicj48ZGl2IGFsaWduPSJjZW50ZXIiPjxpbWcgc3JjPSJodHRwOi8vd3d3LnJha3V0ZW4ubmUuanAvZ29sZC90YnNzaG9wcGluZy9yZXNvdXJjZS9pbWFnZS90b3AvcmFua25hdmlfMDIuanBnIiB3aWR0aD0iNzAwIiBib3JkZXI9IjAiIGFsdD0i5Lq65rCX44Op44Oz44Kt44Oz44KwIj48L2Rpdj4KPGRpdiBhbGlnbj0iY2VudGVyIj48L2Rpdj4KCgo8YnI+PGJyPgo8ZGl2IGFsaWduPSJjZW50ZXIiPjxpbWcgc3JjPSJodHRwOi8vd3d3LnJha3V0ZW4ubmUuanAvZ29sZC90YnNzaG9wcGluZy9yZXNvdXJjZS9pbWFnZS90b3AvcmlhbHRhaW1lX3R0bC5qcGciIHdpZHRoPSI3MDAiIGJvcmRlcj0iMCIgYWx0PSLjg6rjgqLjg6vjgr/jgqTjg6DlupfoiJfnirbms4EiPjwvZGl2Pgo8ZGl2IGFsaWduPSJjZW50ZXIiPjwvZGl2PgoKPHN0eWxlIHR5cGU9InRleHQvY3NzIj4KCi8q6LK344GE54mp44GL44GU44Gr5YWl44KM44KL44Oc44K/44OzKi8KZGl2I3Jha3V0ZW5MaW1pdGVkSWRfYXJvdW5kQ2FydCAuZmxvYXRpbmdDYXJ0UHVyY2hhc2VCdXR0b25zQ29udGFpbmVyIC5mbG9hdGluZ0NhcnRTcGxpdEJ1dHRvbnMgLmNhcnQtYnV0dG9uLWNvbnRhaW5lciAubmV3LWNhcnQtYnV0dG9uIHsKCXdpZHRoOiAxOTVweCAhaW1wb3J0YW50OwoJaGVpZ2h0OiA4MHB4ICFpbXBvcnRhbnQ7Cn0KZGl2I3Jha3V0ZW5MaW1pdGVkSWRfYXJvdW5kQ2FydCAubmV3LWNhcnQtYnV0dG9uIHsKICAgIHdpZHRoOiAxOTVweCAhaW1wb3J0YW50OwogICAgaGVpZ2h0OiA4MHB4ICFpbXBvcnRhbnQ7Cgp9CgovKiDjgYrmsJfjgavlhaXjgorllYblk4Hlt67jgZfmm7/jgYjjgr/jgrAgKi8KI3Jha3V0ZW5MaW1pdGVkSWRfYXJvdW5kQ2FydCAjc2VydmljZVRhYmxlU21sIHRkLmZhdm9yaXRlIHsgcGFkZGluZy10b3A6IDBweDt9CiNyYWt1dGVuTGltaXRlZElkX2Fyb3VuZENhcnQgZGl2LmJvb2ttYXJrQXJlYSBkaXYuYmttIHsKIHdpZHRoOiAzMjhweCAhaW1wb3J0YW50OwogaGVpZ2h0OiAzMDhweCAhaW1wb3J0YW50OwogcGFkZGluZzogMTBweCAwcHggMjBweCAwcHggIWltcG9ydGFudDsKfQojcmFrdXRlbkxpbWl0ZWRJZF9hcm91bmRDYXJ0IGRpdi5ib29rbWFya0FyZWEgZGl2LmJrbSBhLmFkZEJrbSB7CiB3aWR0aDogMzI4cHggIWltcG9ydGFudDsKIGhlaWdodDogMzA4cHggIWltcG9ydGFudDsKfQojcmFrdXRlbkxpbWl0ZWRJZF9hcm91bmRDYXJ0IGRpdi5ib29rbWFya0FyZWEgZGl2LmJrbSBhLmFkZEJrbSBzcGFuLmJrbVN0YXIgewogZGlzcGxheTogaW5saW5lLWJsb2NrICFpbXBvcnRhbnQ7CiB3aWR0aDogMzI4cHggIWltcG9ydGFudDsKIGhlaWdodDogMzA4cHggIWltcG9ydGFudDsKbWFyZ2luOjBweCAwcHggMHB4IDBweCAhaW1wb3J0YW50OwogYmFja2dyb3VuZDogdXJsKCJodHRwOi8vd3d3LnJha3V0ZW4ubmUuanAvZ29sZC90YnNzaG9wcGluZy9yZXNvdXJjZS9pbWFnZS9jb21tb24vZmF2YnRuMDIuanBnPzEyMiIpbm8tcmVwZWF0IDAgMCAhaW1wb3J0YW50Owp9CgovKiDjgYrmsJfjgavlhaXjgorjgrfjg6fjg4Pjg5flt67jgZfmm7/jgYjjgr/jgrAgKi8KZGl2LmJvb2ttYXJrQXJlYSB7CiB3aWR0aDogMzI4cHggIWltcG9ydGFudDsKfQojcmFrdXRlbkxpbWl0ZWRJZF9hcm91bmRDYXJ0IGRpdi5zaG9wQm9va21hcmtBcmVhIGRpdi5zaG9wQmttIHsKIHdpZHRoOiAzMjhweCAhaW1wb3J0YW50OwogaGVpZ2h0OiA0NnB4ICFpbXBvcnRhbnQ7CiBwYWRkaW5nOiAwcHggMHB4ICFpbXBvcnRhbnQ7CiBwYWRkaW5nLWxlZnQ6IDBweCAhaW1wb3J0YW50Owp9CiNyYWt1dGVuTGltaXRlZElkX2Fyb3VuZENhcnQgZGl2LnNob3BCb29rbWFya0FyZWEgZGl2LnNob3BCa20gYS5hZGRTaG9wQmttCnNwYW4uc2hvcEJrbVN0YXIgewpkaXNwbGF5OiBpbmxpbmUtYmxvY2sgIWltcG9ydGFudDsKIHdpZHRoOiAzMjhweCAhaW1wb3J0YW50OwogaGVpZ2h0OiA0NnB4ICFpbXBvcnRhbnQ7CiBtYXJnaW4tcmlnaHQ6IDBweCAhaW1wb3J0YW50OwogYmFja2dyb3VuZDogdXJsKCJodHRwOi8vd3d3LnJha3V0ZW4ubmUuanAvZ29sZC90YnNzaG9wcGluZy9yZXNvdXJjZS9pbWFnZS9jb21tb24vZmF2YnRuMDMuanBnPzAxMiIpIG5vLXJlcGVhdCAhaW1wb3J0YW50Owp9CgoKPC9zdHlsZT4=,44CQ6YCB5paZ54Sh5paZ44CR44OA44Kk44K944OzIOOCteOCpOOCr+ODreODs+aOg+mZpOapnyBEQzYyTU/vvI/jg5Xjg4jjg7Pjg4Tjg7zjg6vku5jjgY0gZHlzb24gREM2MiDjg4DjgqTjgr3jg7Mg44Kz44O844OJ44Os44K5IOODh+OCuOOCv+ODq+ODouODvOOCv+ODvFY2IOWFhembuyDluIPlm6PjgJBUQlPjgrfjg6fjg4Pjg5Tjg7PjgrDjgJHvvJpUQlPjgrfjg6fjg4Pjg5Tjg7PjgrDjgIDmpb3lpKnluILloLTlupc=,6LK344GE44OG44Kt77yB6YCa6LKp44OE44Km44CA44GL44GE44Gm44GN44CA44Kr44Kk44OG44Kt44CAa2FpdGVraeOAgOOBu+OBo+OBl+OCg+OCk+OAgOOBu+OBl+OBoOOAgOWztuW0juWSjOatjOWtkOOAgOOBl+OBvuOBluOBjeOCj+OBi+OBk+eOi+anmOOBruODluODqeODs+ODgeOAgOODluODqeODs+ODgeOCt+ODp+ODg+ODlOODs+OCsOOAgOODluODqeOCt+ODp+OAgOOBtuOCieOCk+OBoeOBl+OCh+OBo+OBtOOCk+OBkOOAgGJ1cmFzeW/jgIBidXJhbm50aeOAgGJydW5jaOOAgOOBiuOBhuOBleOBvuOAgOOBiuOBiuOBleOBvlRCU+OCt+ODp+ODg+ODlOODs+OCsOOAgHRic+OCt+ODp+ODg+ODlOODs+OCsOOAgOODhuOCo+ODvOODk+ODvOOCqOOCueOAgOOBpuOBg+ODvOOBs+ODvOOBiOOBmeOAgFRCU+WFrOW8j+OCquODs+ODqeOCpOODs+OCt+ODp+ODg+ODl+OCq+OCpOODouODjuODqeODnOOAgOOBi+OBhOOCguOBruOCieOBvOOAgEtBSU1PTk9SQUJP44CAa2FpbW9ub3JhYm/jgIDml6Xjg4bjg6zjgIDjgavjgaPjgabjgozjgIDjg4vjg4Pjg4bjg6zjgIDjg53jgrfjg6Xjg6zjgIDjg53jg7Pjg53jg7Pjg53jgrfjg6Xjg6zjgIDjgb3jgpPjgb3jgpPjgb3jgZfjgoXjgozjgIDjg4fjgqPjg47jgrnjgIDjg5Xjgrjjg4bjg6zjg5PjgIDjgafjgYPjga7jgZnjgIDjgbXjgZjjgIDjgYTjgYTjgoLjga7jg5fjg6zjg5/jgqLjg6DjgIDjgYTjgYTjgoLjga7jgbfjgozjgb/jgYLjgoDjgIDjg5Ljg4fjgIDjgbLjgafjgIBESuODouODjuODleOCp+OCueOCv+OAgOOCguOBruOBteOBiOOBmeOBn+OAgOOCguOBruOBteOBh+OBmeOBn+iyt+OBhOODgOODjeOAgOOBi+OBhOOBoOOBreOAgEtBSURBTkXjgIBrYWlkYW5lZWPjgIBFQ+OAgOOBhOODvOOBl+ODvOOAgOOCpOODvOOCt+ODvOODhuODrOODk+ODu+ODqeOCuOOCqumAmuiyqeeVque1hOOAgOOBpOOBhuOBr+OCk+OAgOODhOOCpuODj+ODs+OAgOODhuODrOODk+OCt+ODp+ODg+ODlOODs+OCsOOAgOOBpuOCjOOBs+OBl+OCh+OBo+OBtOOCk+OBkOOAgOOBpOOBhuOBl+OCk+OBr+OCk+OBsOOBhOOAgOODhOOCpuOCt+ODs+ODj+ODs+ODkOOCpOmtlOWls+OBq+iogOOCj+OCjOOBn+OBhOWknOOAgOOBvuOBmOOCh+OBq+OBhOOCj+OCjOOBn+OBhOOCiOOCi+OAgOOBvuOBmOOCh+OAgOODnuOCuOODp+OAgE1BSk/jgIBtYWpv44OG44Os44OT5pyd5pel44CA44OG44Os5pyd44CA44Gm44KM44GC44GV44CA44OG44Os44Ki44K144CA44GY44KF44KT5pWj5q2p44CA44K444Ol44Oz44K144Oz44Od44CA44GY44KF44KT44GV44KT44G944CA44Oi44OO44Kz44Oz44K344Kn44Or44K444Ol44CA44KC44Gu44GT44KT44GX44GH44KL44GY44KF44CQ6YCB5paZ54Sh5paZ44CR44OA44Kk44K944OzIOOCteOCpOOCr+ODreODs+aOg+mZpOapnyBEQzYyTU/vvI/jg5Xjg4jjg7Pjg4Tjg7zjg6vku5jjgY0gZHlzb24gREM2MiDjg4DjgqTjgr3jg7Mg44Kz44O844OJ44Os44K5IOODh+OCuOOCv+ODq+ODouODvOOCv+ODvFY2IOWFhembuyDluIPlm6PjgJBUQlPjgrfjg6fjg4Pjg5Tjg7PjgrDjgJE=,44CQ5Zyo5bqr6ZmQ44KKISHjgJEgVEJTIOOCq+OCpOODouODjuODqeODnCDjg5Xjg4jjg7Pjg4Tjg7zjg6vvvIg0MDAw5YaG77yJ5LuYIeOAguOAkOmAgeaWmeeEoeaWmeOAkeODgOOCpOOCveODsyDjgrXjgqTjgq/jg63jg7PmjoPpmaTmqZ8gREM2Mk1P77yP44OV44OI44Oz44OE44O844Or5LuY44GNIGR5c29uIERDNjIg44OA44Kk44K944OzIOOCs+ODvOODieODrOOCuSDjg4fjgrjjgr/jg6vjg6Ljg7zjgr/jg7xWNiDlhYXpm7sg5biD5Zuj44CQVEJT44K344On44OD44OU44Oz44Kw44CR[rn]
37-97060,aHR0cDovL3RzaG9wLnIxMHMuanAvdG5vL2NhYmluZXQvaW1ncmMwMDg1MDU4NjYzLmpwZz9maXRpbj03MDA6NzAw,MTI1MjguMDAwMA==,,5a626Zu7ID4g55Sf5rS75a626Zu7ID4g5o6D6Zmk5qmf44O744Kv44Oq44O844OK44O8ID4g5o6D6Zmk5qmf,NuaciDXml6Xjgojjgorlh7rojbfjgJDpgIHmlpnnhKHmlpnvvIjkuIDpg6jlnLDln5/jgpLpmaTjgY/vvInjgJHjgrfjg6Pjg7zjg5fjgIDjgrXjgqTjgq/jg63jg7PmjoPpmaTmqZ/jgIDjgrPjg7Pjg5Hjgq/jg4jjgr/jgqTjg5dFQy1RWDMxMC1Q77yI44OU44Oz44Kv57O744Gu44G/77yJ,44CQ6ZmQ5a6a44CR44GK5pep44KB44Gr77yB,PFNUWUxFIHR5cGU9InRleHQvY3NzIj4KPCEtLWJvZHkgeyBtYXJnaW4tdG9wOiAgMHB4O30KQXt0ZXh0LWRlY29yYXRpb246bm9uZTt9CkE6aG92ZXIge3RleHQtZGVjb3JhdGlvbjp1bmRlcmxpbmU7Y29sb3I6bmF2eTt9ClRBQkxFe2ZvbnQtc2l6ZSA6IDExCnB0O2NvbG9yOiM1NTU0NUQ7ZmFjZT0iTVMgUCBHb3RoaWMifQotLT48L1NUWUxFPgo8VEFCTEUgYWxpZ249ImNlbnRlciIgYm9yZGVyPSIwIiB3aWR0aD0iNjYwIj4KPFRSPjxURCBjb2xzcGFuPSIyIj48SU1HIHNyYz0iaHR0cHM6Ly9pbWFnZS5yYWt1dGVuLmNvLmpwL3Ruby9jYWJpbmV0L2ltZ3JjMDA4OTUxNDg0MS4KanBnIiBib3JkZXI9IjAiPjwvVEQ+CjwvVFI+CjxUUj48VEQgY29sc3Bhbj0iMiI+PElNRyBzcmM9Imh0dHBzOi8vaW1hZ2UucmFrdXRlbi5jby5qcC90bm8vY2FiaW5ldC9pbWdyYzAwODUwNTg2NTcuCmpwZyIgYm9yZGVyPSIwIj48L1REPgo8L1RSPgo8VFI+PFREIGNvbHNwYW49IjIiPjxJTUcgc3JjPSJodHRwczovL2ltYWdlLnJha3V0ZW4uY28uanAvdG5vL2NhYmluZXQvaW1ncmMwMDg1MDU4NjU4LgpqcGciIGJvcmRlcj0iMCI+PC9URD4KPC9UUj4KPFRSPjxURCBjb2xzcGFuPSIyIj48SU1HIHNyYz0iaHR0cHM6Ly9pbWFnZS5yYWt1dGVuLmNvLmpwL3Ruby9jYWJpbmV0L2ltZ3JjMDA4NTA1ODY1OS4KanBnIiBib3JkZXI9IjAiPjwvVEQ+CjwvVFI+CjxUUj48VEQgY29sc3Bhbj0iMiI+PElNRyBzcmM9Imh0dHBzOi8vaW1hZ2UucmFrdXRlbi5jby5qcC90bm8vY2FiaW5ldC9pbWdyYzAwODUwNTg2NjAuCmpwZyIgYm9yZGVyPSIwIj48L1REPgo8L1RSPgo8VFI+PFREIGNvbHNwYW49IjIiPjxJTUcgc3JjPSJodHRwczovL2ltYWdlLnJha3V0ZW4uY28uanAvdG5vL2NhYmluZXQvaW1ncmMwMDg1MDU4NjYxLgpqcGciIGJvcmRlcj0iMCI+PC9URD4KPC9UUj4KPFRSPjxURCBjb2xzcGFuPSIyIj48SU1HIHNyYz0iaHR0cHM6Ly9pbWFnZS5yYWt1dGVuLmNvLmpwL3Ruby9jYWJpbmV0L2ltZ3JjMDA4NTA1ODY2Mi4KanBnIiBib3JkZXI9IjAiPjwvVEQ+CjwvVFI+CjwvdGFibGU+PHRhYmxlIHdpZHRoPSI0MDAiPjx0cj48dGQ+PFNQQU4gU1RZTEU9ImxpbmUtaGVpZ2h0OjEzMCU7Ij4KPGI+4piG44Oc44OH44Kj44GM6Lu944GP44CB44GK5omL5YWl44KM44GM44Kr44Oz44K/44Oz77yB4piGPC9iPjxicj4K44Oi44O844K/44O86aeG5YuV44OR44Ov44O844OW44Op44K344Gn44Ks44Oz44Ks44Oz44GL44GN5Ye644GX44Gm44K544OD44Kt44Oq77yBPGJyPkVDT+aOg+mZpOapn+iDveaQrei8ieOBquOBruOBp+OAgeeEoemnhOOBqumbu+WKm+OCkuOCq+ODg+ODiOOBmeOCi+WEquOCjOOCguOBruOAgumrmOa/g+W6puODl+ODqeOCuuODnuOCr+ODqeOCueOCv+ODvDcwMDDmkK3ovInmqZ/nqK7jgafjgZnjgII8YnI+CuOCteOCpOOCuu+8muW5hTE3N8OX6auY44GVMjM5w5flpaXooYwzMDRtbe+8iOacrOS9k++8iTxicj4K5pys5L2T6YeN6YeP77yaMi40a2c8YnI+CuWQuOW8leS7leS6i+eOh++8mjMwMHfvvZ7ntIQ3MHc8YnI+CuOBneOBruS7lu+8muOBi+OCieaLreOBjeapn+iDveOAgeaKl+iPjEFnK+OCpOOCquODs+ODluODqeOCt++8huODgOOCueODiOOCq+ODg+ODl+OAgeiHqui1sOODkeODr+ODvOOCouOCt+OCueODiOOAgeaKl+iPjOa2iOiHrUhFUEHjgq/jg6rjg7zjg7Pjg5XjgqPjg6vjgr/jg7zjgIHnr4Dpm7vjgqLjgqTjg4njg6rjg7PjgrDjgrnjg4jjg4Pjg5fjgIHjgqjjgrPmjoPpmaTjgIHjgZnjgY3plpPjg47jgrrjg6vjgIEyV0FZ44OZ44Oz44Oq44OY44OD44OJPGJyPgo8Zm9udCBjb2xvcj0icmVkIiBzaXplPSI0Ij4K77yK5ZWG5ZOB55m66YCB5b6M44Gu6L+U5ZOB44Kt44Oj44Oz44K744Or44Gv44GK5Y+X44GR44Gn44GN44G+44Gb44KT44Gu44Gn44GU5rOo5oSP44GP44Gg44GV44GE44G+44Gb44CCPGJyPgrvvIrjgZPjgaHjgonjga7llYblk4Hjga/jg5fjg6zjgrzjg7Pjg4jljIXoo4Xjga/jgafjgY3jgb7jgZvjgpPjgII8YnI+Cu+8iumAgeOCiueKtuS8neelqOOCkuWkluijheeuseOBq+ebtOaOpeiyvOS7mOOBkeOBpuOBruWHuuiNt+OBqOOBquOCiuOBvuOBmeOAgjxCUj4K77yK5rKW57iE44O76Zui5bO244G444Gu44GK5bGK44GR44Gr44Gv5Yil6YCUODY05YaG6aCC5oi044GE44Gf44GX44G+44GZ44CCPC9mb250Pjxicj4KPGJyPgo8L3NwYW4+PC90ZD48L3RyPjwvdGFibGU+,NuaciDXml6Xjgojjgorlh7rojbfjgJDpgIHmlpnnhKHmlpnvvIjkuIDpg6jlnLDln5/jgpLpmaTjgY/vvInjgJHjgrfjg6Pjg7zjg5fjgIDjgrXjgqTjgq/jg63jg7PmjoPpmaTmqZ/jgIDjgrPjg7Pjg5Hjgq/jg4jjgr/jgqTjg5dFQy1RWDMxMC1Q77yI44OU44Oz44Kv57O744Gu44G/77yJ77ya77y077yo77yl44CA77yu77yl77y477y044CA77yv77yu77yl,44OH44Ot44Oz44Ku44Kq44Kk44Or44OS44O844K/44O85pys5qOa44OR44Kk44Ot44OD44OI44Kx44O844K55peF6KGM44K644Oc44Oz44OX44Os44OD44K144O85qOu55Sw6Z6E44Kw44Ot44O844OW44Os44K244O844K444OQ44Oz44K344O844Ot44Os44OD44Kv44K5Ym9zc+mJhOmBk+aooeWei+abuOajmuWPjOecvOmPoeODneODq+OCt+OCp+ODleOCp+ODqeODvOODquOCqOOCueODl+ODrOODg+OCveODqeOCpOOCv+ODvOODoeODq+OCr+ODquODs+iFleaZguioiDbmnIg15pel44KI44KK5Ye66I2344CQ6YCB5paZ54Sh5paZ77yI5LiA6YOo5Zyw5Z+f44KS6Zmk44GP77yJ44CR44K344Oj44O844OX44CA44K144Kk44Kv44Ot44Oz5o6D6Zmk5qmf44CA44Kz44Oz44OR44Kv44OI44K/44Kk44OXRUMtUVgzMTAtUO+8iOODlOODs+OCr+ezu+OBruOBv++8iQ==,44CQ6ZmQ5a6a44CR44GK5pep44KB44Gr77yB44CCNuaciDXml6Xjgojjgorlh7rojbfjgJDpgIHmlpnnhKHmlpnvvIjkuIDpg6jlnLDln5/jgpLpmaTjgY/vvInjgJHjgrfjg6Pjg7zjg5fjgIDjgrXjgqTjgq/jg63jg7PmjoPpmaTmqZ/jgIDjgrPjg7Pjg5Hjgq/jg4jjgr/jgqTjg5dFQy1RWDMxMC1Q77yI44OU44Oz44Kv57O744Gu44G/77yJ[rn]
37-97061,aHR0cDovL3RzaG9wLnIxMHMuanAvdHJ5My9jYWJpbmV0LzA0OTA0NTEzL2ltZ3JjMDA3MTQwNzY5NC5naWY/Zml0aW49NzAwOjcwMA==,Mzk4NDAuMDAwMA==,,5a626Zu7ID4g55Sf5rS75a626Zu7ID4g5o6D6Zmk5qmf44O744Kv44Oq44O844OK44O8ID4g5o6D6Zmk5qmf,4piF5LiJ6I+x6Zu75qmfICBIQy1WWEYzMFAtTiDjgrPjg7zjg4njg6zjgrkg44K544OG44Kj44OD44Kv5Z6LIOaOg+mZpOapnyBpTlNUSUNLIOODlOODs+OCr+OCtOODvOODq+ODiSDnqbrmsJfmuIXmtYTmqZ8g5LiJ6I+x44Kz44O844OJ44Os44K544K544OG44Kj44OD44Kv44Kv44Oq44O844OK44O8IEhDVlhGMzBQ,44CQ5paw5ZOB44CR44CQ6YCB5paZ54Sh5paZ44CR,PElNRyBTUkM9Imh0dHBzOi8vaW1hZ2UucmFrdXRlbi5jby5qcC90cnkzL2NhYmluZXQvc3lvdWhpbnNldHVtZWkvaW1ncmMwMDY3OTcxMzQ3LmpwZyIgYm9yZGVyPSIwIj48YnI+CjxCUj4KCuKWoOW8t+OBhOWQuOW8leWKm+OBqOOBjeOCjOOBhOOBquaOkuawl+OCkuS4oeerizxCUj4K4pag55+t44GE5YWF6Zu75pmC6ZaT44Gn44GK6YOo5bGL44Gu6ZqF44CF44G+44Gn44Kt44Os44Kk44GrPEJSPgrilqDlsILnlKjjgbXjgajjgpPjgqLjgr/jg4Pjg4HjgafmuIXmvZTjgavjgbXjgajjgpPjgpLjgYrmjoPpmaQgPEJSPjxCUj48QlI+Cgo8SU1HIFNSQz0iaHR0cHM6Ly9pbWFnZS5yYWt1dGVuLmNvLmpwL3RyeTMvY2FiaW5ldC9zZXR1bWVpL2ltZ3JjMDA3MTQwNzQ5MS5qcGciIGJvcmRlcj0iMCI+PGJyPjxUQUJMRSB3aWR0aD0iODAwIj48dHI+PHRkPjwvdGQ+PC90cj48L1RBQkxFPjxJTUcgc3JjPSJodHRwOi8vaW1hZ2UucmFrdXRlbi5jby5qcC90cnkzL2NhYmluZXQvdHJ5My0xMy9pbWdyYzAwNjY0ODMzMTAuanBnIiBib3JkZXI9IjAiPgo8YnI+CgoKPGRpdiBjbGFzcz0iYmxvY2thIj4KCjxJTUcgc3JjPSJodHRwOi8vaW1hZ2UucmFrdXRlbi5jby5qcC90cnkzL2NhYmluZXQvcjE5My9pbWdyYzAwNzEyOTI5NTEuZ2lmIiBib3JkZXI9IjAiPgo8L2Rpdj4KCgo8ZGl2IGNsYXNzPSJibG9ja2IiPgoKPElNRyBzcmM9Imh0dHA6Ly9pbWFnZS5yYWt1dGVuLmNvLmpwL3RyeTMvY2FiaW5ldC9yMTkzL2ltZ3JjMDA3MTI5MzA5MS5naWYiIGJvcmRlcj0iMCI+CjwvZGl2PgoKCgo8ZGl2IGNsYXNzPSJibG9ja2MiPgoKPElNRyBzcmM9Imh0dHA6Ly9pbWFnZS5yYWt1dGVuLmNvLmpwL3RyeTMvY2FiaW5ldC9yMTkzL2ltZ3JjMDA3MTAyNjM2NC5naWYiIGJvcmRlcj0iMCI+CjwvZGl2PgoKPGRpdiBjbGFzcz0iYmxvY2tjIj4KCjxJTUcgc3JjPSJodHRwOi8vaW1hZ2UucmFrdXRlbi5jby5qcC90cnkzL2NhYmluZXQvcjE5My9pbWdyYzAwNzEyOTMwOTMuZ2lmIiBib3JkZXI9IjAiPjwvZGl2PgoKCgoKCjxzdHlsZSB0eXBlPSJ0ZXh0L2NzcyI+CmRpdi5ibG9ja2EgewogICBmbG9hdDogbGVmdDsKICAgbWFyZ2luLXJpZ2h0OiAxcHg7Cgp9CmRpdi5ibG9ja2IgewogICBmbG9hdDogbGVmdDsKICAgbWFyZ2luLXJpZ2h0OiAxcHg7Cgp9CmRpdi5ibG9ja2MgewogICBmbG9hdDogbGVmdDsKICAgbWFyZ2luLXJpZ2h0OiAxcHg7Cn0KCmRpdi5ibG9ja2QgewogICBmbG9hdDogbGVmdDsKICAgbWFyZ2luLXJpZ2h0OiAycHg7Cgp9Cgo8L3N0eWxlPjxicj48YnI+PGJyPgoKPElNRyBzcmM9Imh0dHA6Ly9pbWFnZS5yYWt1dGVuLmNvLmpwL3RyeTMvY2FiaW5ldC9iYW5hci9pbWdyYzAwNzA5NTA1OTAuZ2lmIiBib3JkZXI9IjAiPg==,4piF5LiJ6I+x6Zu75qmfICBIQy1WWEYzMFAtTiDjgrPjg7zjg4njg6zjgrkg44K544OG44Kj44OD44Kv5Z6LIOaOg+mZpOapnyBpTlNUSUNLIOODlOODs+OCr+OCtOODvOODq+ODiSDnqbrmsJfmuIXmtYTmqZ8g5LiJ6I+x44Kz44O844OJ44Os44K544K544OG44Kj44OD44Kv44Kv44Oq44O844OK44O8IEhDVlhGMzBQ77yaVFJZWDPmpb3lpKnluILloLTlupc=,44Ki44OD44OX44OrVFJZWDPjg57jg4Pjgq/jg5bjg4Pjgq/jg4jjg6njgqTjgrnjg6rjg7zjg6zjg47jg5zmnbHoip3jg47jg7zjg4jjg5Hjgr3jgrPjg7Pjg5Hjgr3jgrPjg7Pjg4fjgrnjgq/jg4jjg4Pjg5fjg5Hjgr3jgrPjg7MgICDjg5bjg6vjg7zjg6zjgqTjg6zjgrPjg7zjg4Djg7zjgr/jg5bjg6zjg4Pjg4jjgqLjgqTjg57jg4Pjgq9tYWNib29raW1hY2lwYWQg44Ki44Kk44OR44OD44OJbGVub3ZvdG9zaGliYWhwIE5FQ+KYheS4ieiPsembu+apnyAgSEMtVlhGMzBQLU4g44Kz44O844OJ44Os44K5IOOCueODhuOCo+ODg+OCr+WeiyDmjoPpmaTmqZ8gaU5TVElDSyDjg5Tjg7Pjgq/jgrTjg7zjg6vjg4kg56m65rCX5riF5rWE5qmfIOS4ieiPseOCs+ODvOODieODrOOCueOCueODhuOCo+ODg+OCr+OCr+ODquODvOODiuODvCBIQ1ZYRjMwUA==,44CQ5paw5ZOB44CR44CQ6YCB5paZ54Sh5paZ44CR44CC4piF5LiJ6I+x6Zu75qmfICBIQy1WWEYzMFAtTiDjgrPjg7zjg4njg6zjgrkg44K544OG44Kj44OD44Kv5Z6LIOaOg+mZpOapnyBpTlNUSUNLIOODlOODs+OCr+OCtOODvOODq+ODiSDnqbrmsJfmuIXmtYTmqZ8g5LiJ6I+x44Kz44O844OJ44Os44K544K544OG44Kj44OD44Kv44Kv44Oq44O844OK44O8IEhDVlhGMzBQ[rn]
37-97062,aHR0cDovL3RzaG9wLnIxMHMuanAvZXZpbGxhZ2UxL2NhYmluZXQvMDQzOTMzODcvaW1ncmMwMDY4NzY5NTc4LmpwZz9maXRpbj03MDA6NzAw,MjI0ODAuMDAwMA==,,5a626Zu7ID4g55Sf5rS75a626Zu7ID4g5o6D6Zmk5qmf44O744Kv44Oq44O844OK44O8ID4g5o6D6Zmk5qmf,44OR44OK44K944OL44OD44Kv5YWF6Zu75byP5o6D6Zmk5qmf44CQTUMtQlUxMTBKLVTjgJE=,44OP44Oz44OH44Kj44K/44Kk44OX44Go44GX44Gm44KC5rS76LqN77yB44Kz44O844OJ44Os44K544K544OG44Kj44OD44Kv5o6D6Zmk5qmf,6ZuG44GY44KT5pa55byPIDrjgrXjgqTjgq/jg63jg7PlvI88YnIvPiAK6Zu75rqQ5pa55byPIO+8muOCs+ODvOODieODrOOCueW8jzxici8+IArpm4bjgZjjgpPlrrnnqY0g77yaMC42TDxici8+IArkvb/nlKjmmYLplpPjga7nm67lronigLsxIO+8mkhJR0gv57SEMTXliIYgTE9XL+e0hDMw5YiGPGJyLz4gCuWFhembu+aZgumWkyDvvJrntIQ1LjXmmYLplpM8YnIvPiAK6YGL6Lui6Z+zIO+8mkhJR0gvNjRkQuKAuzIgTE9XLzYyZELigLsyPGJyLz4gCuODleOCo+ODq+OCv+ODvCDvvJrjg6Hjg4Pjgrfjg6Xjg5XjgqPjg6vjgr/jg7w8YnIvPiAK5o6S5rCX44OV44Kj44Or44K/44O8IO+8muS4gOiIrOODleOCo+ODq+OCv+ODvDxici8+IArjgrTjg5/jgZnjgabmlrnlvI8g77ya44Kr44OD44OX5byPPGJyLz4gCuODjuOCuuODq+OCv+OCpOODl+OAgCDvvJrjgqzjg5Djgajjgorjg5Hjg6/jg7zjg47jgrrjg6s8YnIvPiAK5pys5L2T5a+45rOVKOW5hcOX5aWl6KGMw5fpq5jjgZUpPGJyLz4g44K544OG44Kj44OD44Kv77ya5bmFMjUxw5flpaXooYzjgY0xOTXDl+mrmOOBlTExNDhtbTxici8+CiDjg4/jg7Pjg4fjgqPvvJrluYUxMTHDl+WlpeihjOOBjTQ4N8OX6auY44GVMTI0bW08YnIvPiAK5pys5L2T6LOq6YePPGJyLz4g44K544OG44Kj44OD44Kv77yaMi43a2c8YnIvPgrjg4/jg7Pjg4fjgqPvvJoxLjRrZzxici8+IArkvb/nlKjpm7vmsaAg77ya44OL44OD44Kx44Or5rC057Sg6Zu75rGgPGJyLz4gCuWumuagvOmbu+WcpyDvvJpEQzE2LjhWPGJyLz4gCuWFhembu+OCteOCpOOCr+ODqyDvvJrntIQ4MDDlm548YnIvPiAK5YWF6Zu76Zu75rqQIO+8muWFpeWKmyBBQzEwMC0yNDBWIDUwSHotNjBIejxici8+ICAK5Ye65YqbIO+8mkRDMjNWIDAuNEE8YnIvPiAK5raI6LK76Zu75YqbIO+8muWFhembu+S4rTrntIQxMFfjgIHmnKzkvZPjgpLlpJbjgZfjgZ/jgajjgY3ntIQwLjNXPGJyLz4gCumbu+a6kOOCs+ODvOODieOBrumVt+OBlSDvvJoxLjhtPGJyLz4gCjxici8+CuS7mOWxnuWTgTxici8+CuOBmeOBjemWk+eUqOODjuOCuuODqywg44Gf44Gq55So44OW44Op44K3PGJyLz4=,44OR44OK44K944OL44OD44Kv5YWF6Zu75byP5o6D6Zmk5qmf44CQTUMtQlUxMTBKLVTjgJHvvJrjgqTjg7zjg5Pjg6zjg4Pjgrg=,44OR44OK44K944OL44OD44Kv5YWF6Zu75byP5o6D6Zmk5qmf44CQTUMtQlUxMTBKLVTjgJE=,44OP44Oz44OH44Kj44K/44Kk44OX44Go44GX44Gm44KC5rS76LqN77yB44Kz44O844OJ44Os44K544K544OG44Kj44OD44Kv5o6D6Zmk5qmf44CC44OR44OK44K944OL44OD44Kv5YWF6Zu75byP5o6D6Zmk5qmf44CQTUMtQlUxMTBKLVTjgJE=[rn]
37-97063,aHR0cDovL3RzaG9wLnIxMHMuanAvYmFuZGMvY2FiaW5ldC9qaXNoYWhpbjgvM3dheS5qcGc/Zml0aW49NzAwOjcwMA==,NTQyMy4yMDAw,,5a626Zu7ID4g55Sf5rS75a626Zu7ID4g5o6D6Zmk5qmf44O744Kv44Oq44O844OK44O8ID4g5o6D6Zmk5qmf,5biD5Zuj44Kv44Oq44O844OK44O85LuYIOOCteOCpOOCr+ODreODs+OCueODhuOCo+ODg+OCr+OCr+ODquODvOODiuODvCAzV0FZIElDLVM1NUtG6YCB5paZ54Sh5paZIOOBguOBmealveWvvuW/nCDmjoPpmaTmqZ8g44Ki44Kk44Oq44K544Kq44O844Ok44OeIOOBneOBhuOBmOOBjSDjgrXjgqTjgq/jg63jg7Mg44K544OG44Kj44OD44KvIOODj+ODs+ODh+OCoyDjgq/jg6rjg7zjg4rjg7wg44K544OG44Kj44OD44Kv44Kv44Oq44O844OK44O8IOW4g+Wbo+OCr+ODquODvOODiuODvCDluIPlm6Mg44OP44Km44K544OA44K544OIIOS4uOa0l+OBhCDjgrPjg7Pjg5Hjgq/jg4gg44GK44GX44KD44KMIOi2heWQuOW8leKXhjI=,56iO5oqcNTAwMOWGhuS7peS4iuOBp+mAgeaWmeeEoeaWmeKZqg==,PGNlbnRlcj4KPGltZyBzcmM9Imh0dHA6Ly9pbWFnZS5yYWt1dGVuLmNvLmpwL2JhbmRjL2NhYmluZXQveWFuYTMvNTYxNjg4LXJhbmtpbmcuanBnIj48YnI+PGJyPgo8L2NlbnRlcj4KCjx0YWJsZSB3aWR0aD03NTA+PHRyPjx0ZD4KPGNlbnRlcj4KPCEtLeKWvOiCieOBpeOBkS0tPgo8aWZyYW1lIHNyYz0iaHR0cDovL3d3dy5yYWt1dGVuLm5lLmpwL2dvbGQvZW5ldHdha3V3YWt1L2Nvcm5lci8xNTAzMDlfM3dheV9zdGlja19jeWNsb25lLmh0bWwiIGhlaWdodD0iNzc1MCIgd2lkdGg9Ijc1MCIgc2Nyb2xsaW5nPSJubyIgZnJhbWVib3JkZXI9IjAiIHNlYW1sZXNzPjwvaWZyYW1lPgo8IS0t4pay6IKJ44Gl44GRLS0+Cgo8IS0tPGltZyBzcmM9Imh0dHA6Ly9pbWFnZS5yYWt1dGVuLmNvLmpwL2JhbmRjL2NhYmluZXQvamlzaGFoaW42LzU2MTY4OC1lLmpwZyI+PGJyPjxicj4KCjxpbWcgc3JjPSJodHRwOi8vaW1hZ2UucmFrdXRlbi5jby5qcC9iYW5kYy9jYWJpbmV0L3lhbmEvNTYxNjg4LTAwLmpwZyI+PGJyPjxicj4KCjxpbWcgc3JjPSJodHRwOi8vaW1hZ2UucmFrdXRlbi5jby5qcC9iYW5kYy9jYWJpbmV0L3lhbmEvNTYxNjg4LTAxLmpwZyI+PGJyPjxicj4tLT4KCjwvY2VudGVyPgo8L3RkPjwvdHI+PC90YWJsZT4KCgo8Y2VudGVyPjxpbWcgc3JjPWh0dHA6Ly9pbWFnZS5yYWt1dGVuLmNvLmpwL2thZ3Vpbi9jYWJpbmV0LzA0LTAxY29sb3Jib3gvMjU2MDMwLTUuanBnPjxicj48SUZSQU1FIHN0eWxlPSJCT1JERVItUklHSFQ6ICNGRjE0OTMgM3B4IGRhc2hlZDsgQk9SREVSLVRPUDogI0ZGMTQ5MyAzcHgKZGFzaGVkOyBCT1JERVItTEVGVDogI0ZGMTQ5MyAzcHggZGFzaGVkOyBCT1JERVItQk9UVE9NOiAjRkYxNDkzIDNweCBkYXNoZWQiCm5hbWU9IuOBiuWuouanmOOBruWjsCIgYWxpZ249ImNlbnRlciIgc3JjPSJodHRwOi8vcmV2aWV3LnJha3V0ZW4uY28uanAvaXRlbS8xLzI0ODI3OF8xMDExNDg4OS8xLjEvc29ydDEvP2wyLWlkPXJldmlld19QQ19pbF9zZWFyY2hfMDIiIApmcmFtZWJvcmRlcj0iMCIgd2lkdGg9Ijc1MCIgc2Nyb2xsaW5nPSJ5ZXMiIGhlaWdodD0iNzUwIgptYXJnaW53aWR0aD0iMCIgbWFyZ2luaGVpZ2h0PSIwIiBoc3BhY2U9IjAiIHZzcGFjZT0iMCI+44GT44Gu6YOo5YiG44Gv44Kk44Oz44Op44Kk44Oz44OV44Os44O844Og44KS5L2/55So44GX44Gm44GK44KK44G+44GZPC9JRlJBTUU+PC9jZW50ZXI+PGJyPjxicj48IS0t4piF44K544OG44Kj44OD44Kv44Kv44Oq44O844OK44O844Oe44OI44Oq44Kv44K5LS0+Cjxicj48YnI+Cgo8Y2VudGVyPgo8dGFibGUgYm9yZGVyPSIxIiB3aWR0aD0iNzUwIiBjZWxsc3BhY2luZz0iMiI+Cgo8aW1nIHNyYz1odHRwOi8vaW1hZ2UucmFrdXRlbi5jby5qcC9iYW5kYy9jYWJpbmV0L3ppc2FrdS9zdGljay5qcGcgd2lkdGg9Ijc0OCIgYm9yZGVyPTA+PGJyPjxicj4KCgo8dHIgYWxpZ249ImNlbnRlciI+CjwhLS3ilr3jgrXjg6Djg43ilr0tLT4KPHRkIHdpZHRoPSI1MCI+Cjxmb250IHNpemU9IjMiPjxicj48L2ZvbnQ+PC90ZD4KCjwhLS3ilrzotoXou73ph4/ilrwtLT4KPHRkIHdpZHRoPSI1MCI+CjxhIGhyZWY9Imh0dHA6Ly9pdGVtLnJha3V0ZW4uY28uanAvYmFuZGMvMjczMDYzLyI+PGltZyBzcmM9aHR0cDovL2ltYWdlLnJha3V0ZW4uY28uanAvYmFuZGMvY2FiaW5ldC9zYW11bmUvMjczMDYzLmpwZyBib3JkZXI9MCB3aWR0aD0iMTg3Ij48L2E+CjwvdGQ+CjwhLS3ilrzjg6njgq/jg4bjgqPilrwtLT4KPHRkIHdpZHRoPSI1MCI+CjxhIGhyZWY9Imh0dHA6Ly9pdGVtLnJha3V0ZW4uY28uanAvYmFuZGMvMjczMDgxLyI+PGltZyBzcmM9aHR0cDovL2ltYWdlLnJha3V0ZW4uY28uanAvYmFuZGMvY2FiaW5ldC9zYW11bmUvMjczMDgxLmpwZyBib3JkZXI9MCB3aWR0aD0iMTg3Ij48L2E+CjwvdGQ+Cgo8IS0t4pa86LaF5ZC45byVM3dheeKWvC0tPgo8dGQgd2lkdGg9IjUwIj4KPGEgaHJlZj0iaHR0cDovL2l0ZW0ucmFrdXRlbi5jby5qcC9iYW5kYy81NjA5MzMvIj48aW1nIHNyYz1odHRwOi8vaW1hZ2UucmFrdXRlbi5jby5qcC9iYW5kYy9jYWJpbmV0L3NhbXVuZS81NjA5MzNfLmpwZyBib3JkZXI9MCB3aWR0aD0iMTg3Ij48L2E+CjwvdGQ+Cgo8IS0t4pa844G144Go44KT44Gf44Gf44GN5LuYM3dheeKWvC0tPgo8dGQgd2lkdGg9IjUwIj4KPGEgaHJlZj0iaHR0cDovL2l0ZW0ucmFrdXRlbi5jby5qcC9iYW5kYy81NjE2ODgvIj48aW1nIHNyYz1odHRwOi8vaW1hZ2UucmFrdXRlbi5jby5qcC9iYW5kYy9jYWJpbmV0L3NhbXVuZS81NjE2ODguanBnIGJvcmRlcj0wIHdpZHRoPSIxODciPjwvYT4KPC90ZD4KPC90cj4KCgo8IS0t4pa95ZC45byV5byP4pa9LS0+Cjx0ciBhbGlnbj0iY2VudGVyIj4KPHRkIHdpZHRoPSI1MCI+Cjxmb250IHNpemU9IjMiPuWQuOW8lTxicj7mlrnms5U8L2ZvbnQ+PC90ZD4KCjwhLS3ilrzotoXou73ph4/ilrwtLT4KPHRkIHdpZHRoPSIxODciPgo8Zm9udCBzaXplPSI1Ij7ntJnjg5Hjg4Pjgq/lvI88L2ZvbnQ+PC90ZD4KPCEtLeKWvOODqeOCr+ODhuOCo+KWvC0tPgo8dGQgd2lkdGg9IjE4NyI+Cjxmb250IHNpemU9IjUiPuOCteOCpOOCr+ODreODs+W8jzwvZm9udD48L3RkPgoKPCEtLeKWvOi2heWQuOW8lTN3YXnilrwtLT4KPHRkIHdpZHRoPSIxODciPgo8Zm9udCBzaXplPSI1Ij7jgrXjgqTjgq/jg63jg7PlvI88L2ZvbnQ+PC90ZD4KCjwhLS3ilrzjgbXjgajjgpPjgZ/jgZ/jgY3ku5gzd2F54pa8LS0+Cjx0ZCB3aWR0aD0iMTg3Ij4KPGZvbnQgc2l6ZT0iNSI+44K144Kk44Kv44Ot44Oz5byPPC9mb250PjwvdGQ+CjwvdHI+CgoKPCEtLeKWveWQuOW8leS7leS6i+eOh+KWvS0tPgo8dHIgYWxpZ249ImNlbnRlciI+Cjx0ZCB3aWR0aD0iNTAiPgo8Zm9udCBzaXplPSIzIj7jgrPjg7zjg4njg6zjgrk8L2ZvbnQ+PC90ZD4KCjwhLS3ilrzotoXou73ph4/ilrwtLT4KPHRkIHdpZHRoPSIxODciPgo8Zm9udCBzaXplPSI1Ij7il4s8L2ZvbnQ+PC90ZD4KPCEtLeKWvOODqeOCr+ODhuOCo+KWvC0tPgo8dGQgd2lkdGg9IjE4NyI+Cjxmb250IHNpemU9IjUiPuKXizwvZm9udD48L3RkPgoKPCEtLeKWvOi2heWQuOW8lTN3YXnilrwtLT4KPHRkIHdpZHRoPSIxODciPgo8Zm9udCBzaXplPSI1Ij7DlzwvZm9udD48L3RkPgoKPCEtLeKWvOOBteOBqOOCk+OBn+OBn+OBjeS7mDN3YXnilrwtLT4KPHRkIHdpZHRoPSIxODciPgo8Zm9udCBzaXplPSI1Ij7DlzwvZm9udD48L3RkPgo8L3RyPgoKCgo8IS0t4pa96YeN6YeP4pa9LS0+Cjx0ciBhbGlnbj0iY2VudGVyIj4KPHRkIHdpZHRoPSI1MCI+Cjxmb250IHNpemU9IjMiPui7vemHjzwvZm9udD48L3RkPgoKPCEtLeKWvOi2hei7vemHj+KWvC0tPgo8dGQgd2lkdGg9IjE4NyI+Cjxmb250IHNpemU9IjUiPuKXjjwvZm9udD48YnI+PGZvbnQgc2l6ZT0iMyI+PGI+57SEMS4za2c8L2I+PC9mb250PjwvdGQ+CjwhLS3ilrzjg6njgq/jg4bjgqPilrwtLT4KPHRkIHdpZHRoPSIxODciPgo8Zm9udCBzaXplPSI1Ij7il448L2ZvbnQ+PGJyPjxmb250IHNpemU9IjMiPjxiPue0hDEuMzVrZzwvYj48L2ZvbnQ+PC90ZD4KCjwhLS3ilrzotoXlkLjlvJUzd2F54pa8LS0+Cjx0ZCB3aWR0aD0iMTg3Ij4KPGZvbnQgc2l6ZT0iNSI+4peLPC9mb250Pjxicj48Zm9udCBzaXplPSIzIj48Yj7ntIQyLjRrZzwvYj48L2ZvbnQ+PC90ZD4KCjwhLS3ilrzjgbXjgajjgpPjgZ/jgZ/jgY3ku5gzd2F54pa8LS0+Cjx0ZCB3aWR0aD0iMTg3Ij4KPGZvbnQgc2l6ZT0iNSI+4peLPC9mb250Pjxicj48Zm9udCBzaXplPSIzIj48Yj7ntIQyLjVrZzwvYj48L2ZvbnQ+PC90ZD4KPC90cj4KCgo8IS0t4pa944OY44OD44OJ4pa9LS0+Cjx0ciBhbGlnbj0iY2VudGVyIj4KPHRkIHdpZHRoPSI1MCI+Cjxmb250IHNpemU9IjMiPuODmOODg+ODiTwvZm9udD48L3RkPgoKPCEtLeKWvOi2hei7vemHj+KWvC0tPgo8dGQgd2lkdGg9IjE4NyI+Cjxmb250IHNpemU9IjMiPjxiPuOCteOCpOOCr+ODreODszxicj7jgrnjg4jjg6rjg7zjg6Djg5jjg4Pjg4k8L2I+PC9mb250PjwvdGQ+CjwhLS3ilrzjg6njgq/jg4bjgqPilrwtLT4KPHRkIHdpZHRoPSIxODciPgo8Zm9udCBzaXplPSIzIj48Yj7jgrXjgqTjgq/jg63jg7M8YnI+44K544OI44Oq44O844Og44OY44OD44OJPC9iPjwvZm9udD48L3RkPgoKPCEtLeKWvOi2heWQuOW8lTN3YXnilrwtLT4KPHRkIHdpZHRoPSIxODciPgo8Zm9udCBzaXplPSIzIj48Yj7otoXlkLjlvJXmr5vlj5bjg5jjg4Pjg4k8L2I+PC9mb250PjwvdGQ+Cgo8IS0t4pa844G144Go44KT44Gf44Gf44GN5LuYM3dheeKWvC0tPgo8dGQgd2lkdGg9IjE4NyI+Cjxmb250IHNpemU9IjMiPjxiPui2heWQuOW8leavm+WPluODmOODg+ODiTxicj7luIPlm6PjgZ/jgZ/jgY3jg5jjg4Pjg4k8L2I+PC9mb250PjwvdGQ+CjwvdHI+CgoKCgoKCgoKCjx0ciBhbGlnbj0iY2VudGVyIj4KPCEtLeKWveOCteODoOODjeKWvS0tPgo8dGQgd2lkdGg9IjUwIj4KPGZvbnQgc2l6ZT0iMyI+PGJyPjwvZm9udD48L3RkPgoKPCEtLeKWvOiHqui1sOW8j+KWvC0tPgo8dGQgd2lkdGg9IjUwIj4KPGEgaHJlZj0iaHR0cDovL2l0ZW0ucmFrdXRlbi5jby5qcC9iYW5kYy81NjE3NzkvIj48aW1nIHNyYz1odHRwOi8vaW1hZ2UucmFrdXRlbi5jby5qcC9iYW5kYy9jYWJpbmV0L3NhbXVuZS82LTU2MTc3OV8uanBnIGJvcmRlcj0wIHdpZHRoPSIxODciPjwvYT4KPC90ZD4KPCEtLeKWvOODj+ODs+ODh+OCo+KWvC0tPgo8dGQgd2lkdGg9IjUwIj4KPGEgaHJlZj0iaHR0cDovL2l0ZW0ucmFrdXRlbi5jby5qcC9iYW5kYy81NjAwNzkvIj48aW1nIHNyYz1odHRwOi8vaW1hZ2UucmFrdXRlbi5jby5qcC9iYW5kYy9jYWJpbmV0L3NhbXVuZS81NjAwNzkuanBnIGJvcmRlcj0wIHdpZHRoPSIxODciPjwvYT4KPC90ZD4KCgo8IS0t4pa85YWF6Zu75byP44K544OG44Kj44OD44Kv44Kv44Oq44O844OK44O84pa8LS0+Cjx0ZCB3aWR0aD0iNTAiPgo8YSBocmVmPSJodHRwOi8vaXRlbS5yYWt1dGVuLmNvLmpwL2JhbmRjLzI3MzAwMC8iPjxpbWcgc3JjPWh0dHA6Ly9pbWFnZS5yYWt1dGVuLmNvLmpwL2JhbmRjL2NhYmluZXQvc2FtdW5lLzI3MzAwMC5qcGcgYm9yZGVyPTAgd2lkdGg9IjE4NyI+PC9hPgo8L3RkPgoKCjwhLS3ilrzluIPlm6Pjgq/jg6rjg7zjg4rjg7zilrwtLT4KPHRkIHdpZHRoPSI1MCI+CjxhIGhyZWY9Imh0dHA6Ly9pdGVtLnJha3V0ZW4uY28uanAvYmFuZGMvMjczMDQyLyI+PGltZyBzcmM9aHR0cDovL2ltYWdlLnJha3V0ZW4uY28uanAvYmFuZGMvY2FiaW5ldC9zYW11bmUvMjczMDQyLmpwZyBib3JkZXI9MCB3aWR0aD0iMTg3Ij48L2E+CjwvdGQ+CjwvdHI+CgoKPCEtLeKWveWQuOW8leW8j+KWvS0tPgo8dHIgYWxpZ249ImNlbnRlciI+Cjx0ZCB3aWR0aD0iNTAiPgo8Zm9udCBzaXplPSIzIj7lkLjlvJU8YnI+5pa55rOVPC9mb250PjwvdGQ+Cgo8IS0t4pa86Ieq6LWw5byP4pa8LS0+Cjx0ZCB3aWR0aD0iMTg3Ij4KPGZvbnQgc2l6ZT0iNSI+44K144Kk44Kv44Ot44Oz5byPPC9mb250PjwvdGQ+CjwhLS3ilrzjg4/jg7Pjg4fjgqPilrwtLT4KPHRkIHdpZHRoPSIxODciPgo8Zm9udCBzaXplPSI1Ij7jgrXjgqTjgq/jg63jg7PlvI88L2ZvbnQ+PC90ZD4KCjwhLS3ilrzlhYXpm7vlvI/jgrnjg4bjgqPjg4Pjgq/jgq/jg6rjg7zjg4rjg7zilrwtLT4KPHRkIHdpZHRoPSIxODciPgo8Zm9udCBzaXplPSI1Ij7jgqvjg5fjgrvjg6vpm4bjgZjjgpPmlrnlvI88L2ZvbnQ+PC90ZD4KCgoKPCEtLeKWvOW4g+Wbo+OCr+ODquODvOODiuODvOKWvC0tPgo8dGQgd2lkdGg9IjE4NyI+Cjxmb250IHNpemU9IjUiPuOCteOCpOOCr+ODreODs+W8jzwvZm9udD48L3RkPgo8L3RyPgoKPCEtLeKWveWQuOW8leS7leS6i+eOh+KWvS0tPgo8dHIgYWxpZ249ImNlbnRlciI+Cjx0ZCB3aWR0aD0iNTAiPgo8Zm9udCBzaXplPSIzIj7jgrPjg7zjg4njg6zjgrk8L2ZvbnQ+PC90ZD4KCjwhLS3ilrzoh6rotbDlvI/ilrwtLT4KPHRkIHdpZHRoPSIxODciPgo8Zm9udCBzaXplPSI1Ij7DlzwvZm9udD48L3RkPgo8IS0t4pa844OP44Oz44OH44Kj4pa8LS0+Cjx0ZCB3aWR0aD0iMTg3Ij4KPGZvbnQgc2l6ZT0iNSI+w5c8L2ZvbnQ+PC90ZD4KCjwhLS3ilrzlhYXpm7vlvI/jgrnjg4bjgqPjg4Pjgq/jgq/jg6rjg7zjg4rjg7zilrwtLT4KPHRkIHdpZHRoPSIxODciPgo8Zm9udCBzaXplPSI1Ij7il4s8L2ZvbnQ+PC90ZD4KCgo8IS0t4pa85biD5Zuj44Kv44Oq44O844OK44O84pa8LS0+Cjx0ZCB3aWR0aD0iMTg3Ij4KPGZvbnQgc2l6ZT0iNSI+4peLPC9mb250PjwvdGQ+Cgo8L3RyPgoKPCEtLeKWvemHjemHj+KWvS0tPgo8dHIgYWxpZ249ImNlbnRlciI+Cjx0ZCB3aWR0aD0iNTAiPgo8Zm9udCBzaXplPSIzIj7ou73ph488L2ZvbnQ+PC90ZD4KCjwhLS3ilrzoh6rotbDlvI/ilrwtLT4KPHRkIHdpZHRoPSIxODciPgo8Zm9udCBzaXplPSI1Ij7ilrM8L2ZvbnQ+PGJyPjxmb250IHNpemU9IjMiPjxiPue0hDNrZzwvYj48L2ZvbnQ+PC90ZD4KPCEtLeKWvOODj+ODs+ODh+OCo+KWvC0tPgo8dGQgd2lkdGg9IjE4NyI+Cjxmb250IHNpemU9IjUiPuKXjjwvZm9udD48YnI+PGZvbnQgc2l6ZT0iMyI+PGI+57SEMS4za2c8L2I+PC9mb250PjwvdGQ+Cgo8IS0t4pa85YWF6Zu75byP44K544OG44Kj44OD44Kv44Kv44Oq44O844OK44O84pa8LS0+Cjx0ZCB3aWR0aD0iMTg3Ij4KPGZvbnQgc2l6ZT0iNSI+4peLPC9mb250Pjxicj48Zm9udCBzaXplPSIzIj48Yj7ntIQya2c8L2I+PC9mb250PjwvdGQ+CgoKPCEtLeKWvOW4g+Wbo+OCr+ODquODvOODiuODvOKWvC0tPgo8dGQgd2lkdGg9IjE4NyI+Cjxmb250IHNpemU9IjUiPuKXizwvZm9udD48YnI+PGZvbnQgc2l6ZT0iMyI+PGI+57SEMi4xa2c8L2I+PC9mb250PjwvdGQ+CjwvdHI+Cgo8IS0t4pa944OY44OD44OJ4pa9LS0+Cjx0ciBhbGlnbj0iY2VudGVyIj4KPHRkIHdpZHRoPSI1MCI+Cjxmb250IHNpemU9IjMiPuODmOODg+ODiTwvZm9udD48L3RkPgoKPCEtLeKWvOiHqui1sOW8j+KWvC0tPgo8dGQgd2lkdGg9IjE4NyI+Cjxmb250IHNpemU9IjMiPjxiPuiHqui1sOW8jzxicj7jg5Hjg6/jg7zjg5jjg4Pjg4k8L2I+PC9mb250PjwvdGQ+CjwhLS3ilrzjg4/jg7Pjg4fjgqPilrwtLT4KPHRkIHdpZHRoPSIxODciPgo8Zm9udCBzaXplPSIzIj48Yj7jg47jg7zjg57jg6vjg5jjg4Pjg4k8L2I+PC9mb250PjwvdGQ+Cgo8IS0t4pa85YWF6Zu75byP44K544OG44Kj44OD44Kv44Kv44Oq44O844OK44O84pa8LS0+Cjx0ZCB3aWR0aD0iMTg3Ij4KPGZvbnQgc2l6ZT0iMyI+PGI+6LaF5ZC45byV5q+b5Y+W44OY44OD44OJPC9iPjwvZm9udD48L3RkPgoKCjwhLS3ilrzluIPlm6Pjgq/jg6rjg7zjg4rjg7zilrwtLT4KPHRkIHdpZHRoPSIxODciPgo8Zm9udCBzaXplPSIzIj48Yj7jgrXjgqTjgq/jg63jg7Pjg5jjg4Pjg4k8YnI+44Ov44Kk44OJ44Gf44Gf44GNPGJyPlVW54Wn5bCEPC9iPjwvZm9udD48L3RkPgo8L3RyPgo8L3RhYmxlPgoKPGJyPgo8IS0tIOKYheaOg+mZpOapnyAtLT4KPGZvbnQgc2l6ZT0iNSI+PGI+4oaT44Gd44Gu5LuW5o6D6Zmk5qmf44Gv44Kz44OB44Op4oaTPC9iPjwvZm9udD48YnI+CjxhIGhyZWY9Imh0dHA6Ly9pdGVtLnJha3V0ZW4uY28uanAvYmFuZGMvYy8wMDAwMDAwMjMzLyI+PGltZyBzcmM9Imh0dHA6Ly9pbWFnZS5yYWt1dGVuLmNvLmpwL2JhbmRjL2NhYmluZXQvYmFubmVyLzE0c291amlraV9ibjk1MDEzMC5qcGciICB3aWR0aD0iNzUwIiBoZWlnaHQ9IjkwIiBib3JkZXI9IjAiPjwvYT48YnI+PGJyPgoKCjwhLS0g4piF5o6D6Zmk44Kw44OD44K6IC0tPgo8Zm9udCBzaXplPSI1Ij48Yj7ihpPjgZ3jga7ku5bmjoPpmaTjgrDjg4Pjgrrjga/jgrPjg4Hjg6nihpM8L2I+PC9mb250Pjxicj4KPGEgaHJlZj0iaHR0cDovL2l0ZW0ucmFrdXRlbi5jby5qcC9iYW5kYy9jLzAwMDAwMDAxMTEvIj48aW1nIHNyYz0iaHR0cDovL2ltYWdlLnJha3V0ZW4uY28uanAvYmFuZGMvY2FiaW5ldC9iYW5uZXIvMTUxMTIwc291amlfNC5qcGciICB3aWR0aD0iNzUwIiBoZWlnaHQ9IjcwIiBib3JkZXI9IjAiPjwvYT48YnI+PGJyPjxhIGhyZWY9Imh0dHA6Ly9ldmVudC5yYWt1dGVuLmNvLmpwL2FzdXJha3UvYWJvdXQvIiB0YXJnZXQ9Il9ibGFuayI+PGltZyBzcmM9Imh0dHA6Ly9pbWFnZS5yYWt1dGVuLmNvLmpwL3JhY2sta2FuL2NhYmluZXQvd2ViX2JuL2VuZXRfYXN1cmFrdS5naWYiIHdpZHRoPSI2NzAiIGFsdD0i44GC44GZ5qW95a++5b+c5ZWG5ZOBIj48L2E+PGJyPuOBk+OCjDHlj7DjgaflrrbkuK3jga7jgYrmjoPpmaTjgYzjgonjgY/jgonjgY/jgafjgY3jgoszV0FZ44K544OG44Kj44OD44Kv44Kv44Oq44O844OK44O844Gn44GZ77yBPGJyPuODm+ODvOOCueOBrumVt+OBleOCkuiqv+evgOOBl+OBn+OCiuODmOODg+ODieOCkuaPm+OBiOOBpuOAgeW6iuOChOmajuauteOChOOBteOBqOOCk+OChOeLreOBhOaJgOOBp+OCguaOg+mZpOOBjOOBp+OBjeOBvuOBmeKZqjxicj7mr5vjgYzlt7vjgY3jgaTjgYvjgarjgYTotoXlkLjlvJXmr5vlj5bjgorjg5jjg4Pjg4nkvb/nlKjjgafmjoPpmaTjgYzlv6vpganjgavvvIE8YnI+44OO44K644Or44KC5pys5L2T44Gr6Kit572u44Gn44GN44Kz44Oz44OR44Kv44OI44Gr44G+44Go44G+44KK54ut44GE44Go44GT44KN44Gr44KC5Y+O57SN44KC44GX44KE44GZ44GE44K144Kk44K644Gn44GZ44CCPGJyPue0meODkeODg+OCr+OBjOS4jeimgeOBquODgOOCueODiOOCq+ODg+ODl+OBquOBruOBp+OAgeOCtOODn+aNqOOBpuOBjOewoeWNmOOBp+OBmeOAgjxicj7jgYTjgaTjgoLmuIXmvZTjgIHmsZrjgozjgZ/jgonmsLTmtJfjgYTjgYzjgafjgY3jgovjg4Djgrnjg4jjgqvjg4Pjg5fjgafjgZnjgII8YnI+PGJyPuKXj+WVhuWTgeOCteOCpOOCuu+8iGNt77yJPGJyPuacrOS9k++8iOODnOODh+OCo+ODvOOBruOBv++8iTrluYXntIQxMi42w5flpaXooYzntIQzNS4yw5fpq5jjgZXntIQyMS41PGJyPuOBteOBqOOCk+OCv+OCv+OCreODmOODg+ODieijheedgOaZgu+8muW5hee0hDI1w5flpaXooYzntIQ0OS41w5cyMS41PGJyPuKXj+mHjemHj++8iOODmOODg+ODieijheedgOaZgu+8iToyNTAwZzxicj7il4/mnZDos6o6QUJT5qi56ISC44CB44K544OB44O844Or44CB44Od44Oq44OX44Ot44OU44Os44OzPGJyPuKXj+mbu+a6kDpBQzEwMFbvvIg1MC82MEh65YWx6YCa77yJPGJyPuKXj+a2iOiyu+mbu+WKmzo1NTBXPGJyPuKXj+WQuOi+vOS7leS6i+eOhzo2MFc8YnI+4peP5ZC45byV5pa55rOVOuOCteOCpOOCr+ODreODs+aWueW8jzxicj7il4/pm4blobXlrrnnqY0657SEMC4zNUw8YnI+4peP44Kz44O844OJ44Gu6ZW344GVOue0hDQuOG08YnI+4peP44Kr44Op44O877ya44Os44OD44OJ44CB44OU44Oz44KvPGJyPuKYheOCu+ODg+ODiOWGheWuueKYhTxicj7mjoPpmaTmqZ/mnKzkvZPjgIHjg5Xjg63jgqLjg5jjg4Pjg4njg7vjgbXjgajjgpPjg5jjg4Pjg4njg7vjgZnjgY3jgb7jg47jgrrjg6vjg7vlsI/lnovjg5bjg6njgrfvvIjlkIQx5YCL77yJ44CB5bu26ZW344OR44Kk44OXMeacrOOAgeOCueODneODs+OCuOODleOCo+ODq+OCv+ODvO+8iOS4iu+8ie+8j+aOkuawl+ODleOCo+ODq+OCv+ODvO+8iOS4i++8ieWQhDHlgIvmnKzkvZPjgrvjg4Pjg4jmuIjjgb/jgIHlj5bmibHoqqzmmI7mm7g8YnI+PGJyPgoKPGZvbnQgc2l6ZT0iMiIgY29sb3I9IiM0YTRhNGEiPuKWoOW4g+Wbo+OCr+ODquODvOODiuODvOOCkuOBlOaknOiojuS4reOBruaWueOBq+OCguOBiuOBmeOBmeOCgeOBp+OBme+8gTxicj48YnI+CgoKPGI+PGZvbnQgc2l6ZT0iNCIgY29sb3I9ImJsdWUiPuKYheOBiuW4g+Wbo+aWsOe/kuaFo+OBruOCueOCueODoeOAgjxicj48aW1nIHNyYz1odHRwOi8vaW1hZ2UucmFrdXRlbi5jby5qcC9iYW5kYy9jYWJpbmV0L3lhbmEvMjczMDc2LWhzLmpwZyB3aWR0aD0iMjAwIiBib3JkZXI9IjAiPiA8aW1nIHNyYz1odHRwOi8vaW1hZ2UucmFrdXRlbi5jby5qcC9iYW5kYy9jYWJpbmV0L3lhbmEvMjczMDQyX29tYWtlLmpwZyB3aWR0aD0iMjAwIiBib3JkZXI9IjAiPjwvZm9udD48L2I+PGJyPjwhLS3ilrzjgZPjgZPjgYvjgolTU+WVhuWTgQo8dGFibGU+PHRyPgo8dGQ+CjxpbWcgc3JjPSJodHRwOi8vaW1hZ2UucmFrdXRlbi5jby5qcC9iYW5kYy9jYWJpbmV0L2Jhbm5lci9zcy0zLmpwZyIgYm9yZGVyPTAgd2lkdGg9NDYwPgo8L3RkPgoKPHRkPgo8aW1nIHNyYz0iaHR0cDovL2ltYWdlLnJha3V0ZW4uY28uanAvYmFuZGMvY2FiaW5ldC9iYW5uZXIvc3MtNC5qcGciIGJvcmRlcj0wIHdpZHRoPTQ2MD4KPC90ZD48L3RyPgoKPHRyPgo8dGQ+CjxpbWcgc3JjPSJodHRwOi8vaW1hZ2UucmFrdXRlbi5jby5qcC9iYW5kYy9jYWJpbmV0L2Jhbm5lci9zcy0xLmpwZyIgYm9yZGVyPTAgd2lkdGg9NDYwPgo8L3RkPgoKPHRkPgo8aW1nIHNyYz0iaHR0cDovL2ltYWdlLnJha3V0ZW4uY28uanAvYmFuZGMvY2FiaW5ldC9iYW5uZXIvc3MtNy5qcGciIGJvcmRlcj0wIHdpZHRoPTQ2MD4KPC90ZD48L3RyPgoKPC90YWJsZT48YnI+CuKWsuOBk+OBk+OBvuOBpy0tPg==,5biD5Zuj44Kv44Oq44O844OK44O85LuYIOOCteOCpOOCr+ODreODs+OCueODhuOCo+ODg+OCr+OCr+ODquODvOODiuODvCAzV0FZIElDLVM1NUtG6YCB5paZ54Sh5paZIOOBguOBmealveWvvuW/nCDmjoPpmaTmqZ8g44Ki44Kk44Oq44K544Kq44O844Ok44OeIOOBneOBhuOBmOOBjSDjgrXjgqTjgq/jg63jg7Mg44K544OG44Kj44OD44KvIOODj+ODs+ODh+OCoyDjgq/jg6rjg7zjg4rjg7wg44K544OG44Kj44OD44Kv44Kv44Oq44O844OK44O8IOW4g+Wbo+OCr+ODquODvOODiuODvCDluIPlm6Mg44OP44Km44K544OA44K544OIIOS4uOa0l+OBhCDjgrPjg7Pjg5Hjgq/jg4gg44GK44GX44KD44KMIOi2heWQuOW8leKXhjLvvJrlv6vpgannqbrplpPjga7jgYrmiYvkvJ3jgYQgQu+8hkM=,5biD5Zuj44Kv44Oq44O844OK44O85LuYIOOCteOCpOOCr+ODreODs+OCueODhuOCo+ODg+OCr+OCr+ODquODvOODiuODvCAzV0FZIElDLVM1NUtG6YCB5paZ54Sh5paZIOOBguOBmealveWvvuW/nCDmjoPpmaTmqZ8g44Ki44Kk44Oq44K544Kq44O844Ok44OeIOOBneOBhuOBmOOBjSDjgrXjgqTjgq/jg63jg7Mg44K544OG44Kj44OD44KvIOODj+ODs+ODh+OCoyDjgq/jg6rjg7zjg4rjg7wg44K544OG44Kj44OD44Kv44Kv44Oq44O844OK44O8IOW4g+Wbo+OCr+ODquODvOODiuODvCDluIPlm6Mg44OP44Km44K544OA44K544OIIOS4uOa0l+OBhCDjgrPjg7Pjg5Hjgq/jg4gg44GK44GX44KD44KMIOi2heWQuOW8leKXhjI=,56iO5oqcNTAwMOWGhuS7peS4iuOBp+mAgeaWmeeEoeaWmeKZquOAguW4g+Wbo+OCr+ODquODvOODiuODvOS7mCDjgrXjgqTjgq/jg63jg7Pjgrnjg4bjgqPjg4Pjgq/jgq/jg6rjg7zjg4rjg7wgM1dBWSBJQy1TNTVLRumAgeaWmeeEoeaWmSDjgYLjgZnmpb3lr77lv5wg5o6D6Zmk5qmfIOOCouOCpOODquOCueOCquODvOODpOODniDjgZ3jgYbjgZjjgY0g44K144Kk44Kv44Ot44OzIOOCueODhuOCo+ODg+OCryDjg4/jg7Pjg4fjgqMg44Kv44Oq44O844OK44O8IOOCueODhuOCo+ODg+OCr+OCr+ODquODvOODiuODvCDluIPlm6Pjgq/jg6rjg7zjg4rjg7wg5biD5ZujIOODj+OCpuOCueODgOOCueODiCDkuLjmtJfjgYQg44Kz44Oz44OR44Kv44OIIOOBiuOBl+OCg+OCjCDotoXlkLjlvJXil4Yy[rn]
37-97064,aHR0cDovL3RzaG9wLnIxMHMuanAvYmljY2FtZXJhL2NhYmluZXQvcHJvZHVjdC8wNTgxLzAwMDAwMDAxNjk5MzE0X2EwMS5qcGc/Zml0aW49NzAwOjcwMA==,MTEwMTYuMDAwMA==,,5a626Zu7ID4g55Sf5rS75a626Zu7ID4g5o6D6Zmk5qmf44O744Kv44Oq44O844OK44O8ID4g5o6D6Zmk5qmf,44CQ44GC44GZ5qW95a++6LGh44CR44CQ6YCB5paZ54Sh5paZ44CRIOaXpeeriyDjgJDjgr/jg7zjg5Pjg7Pjg5bjg6njgrfmkK3ovInjgJEg57SZ44OR44OD44Kv5byP5o6D6Zmk5qmf44CAQ1YtVlc3LUEg44OW44Or44O844CQ5pel5pys6KO944CRW0NWVlc3XQ==,QXBwU3RvcmUvQW5kcm9pZE1hcmtldOOBp+ODk+ODg+OCr+alveWkqeOCkuaknOe0og==,PCEtLSAtLT7ilqDlvLfng4jjg5Hjg6/jg7zlkLjovrzku5Xkuovnjoc2MDBXPGJyPjxicj4gIOKWoOOAjOODmuOCv+ODquODs+OCs+ani+mAoOOAjeOBp+WutuWFt+OBruS4i+OBruWlpeOBvuOBp+ODmOODg+ODieOBjOa1ruOBi+OBmuOBq+OBiuaOg+mZpDxicj48YnI+ICDilqDjgIzjgq/jg6vjg4Pjgajjg5jjg4Pjg4njgI3jgafjg5jjg4Pjg4njgYzmm7LjgYzjgaPjgablo4HpmpvjgoTjgZnjgY3plpPjgoLjgrnjgqTjgrnjgqQ8ZGl2IHN0eWxlPSd0ZXh0LWFsaWduOmNlbnRlcjsnPiAgICAgIDxpbWcgYWx0PSfplqLpgKPllYblk4Hjga/jgZPjgaHjgoknIGJvcmRlcj0nMCcgc3JjPSdodHRwOi8vaW1hZ2UucmFrdXRlbi5jby5qcC9iaWNjYW1lcmEvY2FiaW5ldC9ucy9jb21tb24va2FucmVuLmdpZicgLz4gIDwvZGl2PjxkaXYgaWQ9J3NwMTUnPjx0YWJsZSBiZ2NvbG9yPScjRkZGRkZGJyBib3JkZXI9JzAnIGNlbGxwYWRkaW5nPScwJyBjZWxsc3BhY2luZz0nMic+PHRyPjx0ZCBjbGFzcz0nc3VidGl0bGUnIGNvbHNwYW49JzInPuapn+iDvemgheebrjwvdGQ+PC90cj48dHI+PHRkIGNsYXNzPSdzdGl0bGUnPuiJsjwvdGQ+PHRkIGNsYXNzPSdzZGF0YSc+77yIQe+8ieODluODq+ODvDwvdGQ+PC90cj48dHI+PHRkIGNsYXNzPSdzdGl0bGUnPuacrOS9k+OCteOCpOOCuu+8iOW5hcOX6auY44GVw5flpaXooYzvvIk8L3RkPjx0ZCBjbGFzcz0nc2RhdGEnPjIxNMOXMjU2w5cyODhtbTwvdGQ+PC90cj48dHI+PHRkIGNsYXNzPSdzdGl0bGUnPuOBneOBruS7luOCteOCpOOCujwvdGQ+PHRkIGNsYXNzPSdzZGF0YSc+44CQ44Kz44O844OJ44Gu6ZW344GV44CRIDUuMG08L3RkPjwvdHI+PHRyPjx0ZCBjbGFzcz0nc3RpdGxlJz7mnKzkvZPph43ph488L3RkPjx0ZCBjbGFzcz0nc2RhdGEnPjMuNGtnIO+8iOaomea6luizqumHjzQuOGtn77yJPC90ZD48L3RyPjx0cj48dGQgY2xhc3M9J3N0aXRsZSc+5raI6LK76Zu75YqbPC90ZD48dGQgY2xhc3M9J3NkYXRhJz4xMDAw772e57SEMjAwVzwvdGQ+PC90cj48dHI+PHRkIGNsYXNzPSdzdGl0bGUnPuS7mOWxnuWTgTwvdGQ+PHRkIGNsYXNzPSdzZGF0YSc+44Kv44Or44OD44Go5YiH5pu/44GI44OW44Op44K35ZC45Y+j44CB44K144OD44Go44OP44Oz44OJ44Or44CB44Ki44K/44OD44OB44Oh44Oz44OI44CB44OR44OD44Kv44OV44Kj44Or44K/44O877yaR1AtMTEwRiAx5p6aPC90ZD48L3RyPjx0cj48dGQgY2xhc3M9J3N0aXRsZSc+44Kz44O844OJ44K/44Kk44OXPC90ZD48dGQgY2xhc3M9J3NkYXRhJz7jgrPjg7zjg4nku5jjgY08L3RkPjwvdHI+PHRyPjx0ZCBjbGFzcz0nc3RpdGxlJz7jg5jjg4Pjg4nnqK7poZ48L3RkPjx0ZCBjbGFzcz0nc2RhdGEnPuODkeODr+ODleODq+OCqOOCouODvOODmOODg+ODiTwvdGQ+PC90cj48dHI+PHRkIGNsYXNzPSdzdGl0bGUnPuS8uOe4ruODkeOCpOODlzwvdGQ+PHRkIGNsYXNzPSdzZGF0YSc+44Ov44Oz44K/44OD44OB44K644O844Og44OR44Kk44OXPC90ZD48L3RyPjx0cj48dGQgY2xhc3M9J3N0aXRsZSc+5ZC45byV5LuV5LqL546HPC90ZD48dGQgY2xhc3M9J3NkYXRhJz42MDDvvZ7ntIQ4MFc8L3RkPjwvdHI+PHRyPjx0ZCBjbGFzcz0nc3RpdGxlJz7pgYvou6Lpn7M8L3RkPjx0ZCBjbGFzcz0nc2RhdGEnPjY2772e57SENjBkQjwvdGQ+PC90cj48dHI+PHRkIGNsYXNzPSdzdGl0bGUnPumbhuOBmOOCk+WuuemHjzwvdGQ+PHRkIGNsYXNzPSdzZGF0YSc+MS41TDwvdGQ+PC90cj48dHI+PHRkIGNsYXNzPSdzdGl0bGUnPue0meODkeODg+OCrzwvdGQ+PHRkIGNsYXNzPSdzZGF0YSc+R1AtMjAwMEZT44O7R1AtMTMwRlPjg7tHUC0xMTBG44O7R1AtNzVGPC90ZD48L3RyPjx0cj48dGQgY2xhc3M9J3N0aXRsZSc+44Gd44Gu5LuWPC90ZD48dGQgY2xhc3M9J3NkYXRhJz7jg5XjgqPjg6vjgr/jg7zvvJpIReODkeODg+OCr+ODleOCo+ODq+OCv+ODvC8g5oqX6I+M5Yqg5bel44OV44Kj44Or44K/44O8PC90ZD48L3RyPjwvdGFibGU+PC9kaXY+,44CQ44GC44GZ5qW95a++6LGh44CR44CQ6YCB5paZ54Sh5paZ44CRIOaXpeeriyDjgJDjgr/jg7zjg5Pjg7Pjg5bjg6njgrfmkK3ovInjgJEg57SZ44OR44OD44Kv5byP5o6D6Zmk5qmf44CAQ1YtVlc3LUEg44OW44Or44O844CQ5pel5pys6KO944CRW0NWVlc3Xe+8muODk+ODg+OCr+OCq+ODoeODqealveWkqeW4guWgtOW6lw==,44CQ44GC44GZ5qW95a++6LGh44CR44CQ6YCB5paZ54Sh5paZ44CRIOaXpeeriyDjgJDjgr/jg7zjg5Pjg7Pjg5bjg6njgrfmkK3ovInjgJEg57SZ44OR44OD44Kv5byP5o6D6Zmk5qmf44CAQ1YtVlc3LUEg44OW44Or44O844CQ5pel5pys6KO944CRW0NWVlc3XQ==,QXBwU3RvcmUvQW5kcm9pZE1hcmtldOOBp+ODk+ODg+OCr+alveWkqeOCkuaknOe0ouOAguOAkOOBguOBmealveWvvuixoeOAkeOAkOmAgeaWmeeEoeaWmeOAkSDml6Xnq4sg44CQ44K/44O844OT44Oz44OW44Op44K35pCt6LyJ44CRIOe0meODkeODg+OCr+W8j+aOg+mZpOapn+OAgENWLVZXNy1BIOODluODq+ODvOOAkOaXpeacrOijveOAkVtDVlZXN10=[rn]
37-97065,aHR0cDovL3RzaG9wLnIxMHMuanAva2ltdXJheWEvY2FiaW5ldC9rZXcvNDkwMjUzMDg1MzY4MW0xLmpwZz9maXRpbj03MDA6NzAw,NDgyNC4wMDAw,,5a626Zu7ID4g55Sf5rS75a626Zu7ID4g5o6D6Zmk5qmf44O744Kv44Oq44O844OK44O8ID4g5o6D6Zmk5qmf,44CQ57SN5pyf57SEN++9njEw5pel44CR44CQ6YCB5paZ54Sh5paZ44CRUFYtSDIzLUEo44OW44Or44O8KeOAgCDjgIzjgZPjgb7jgoHjgaHjgoPjgpPjgI3vvLvvvLtISVRBQ0hJIOaXpeeri++8vSDjg4/jg7Pjg4fjgqPjgq/jg6rjg7zjg4rjg7zjgIDjgrvjgqvjg7Pjg4njgq/jg6rjg7zjg4rjg7zvvL1QVkgyM0E=,44CQ57SN5pyf57SEN++9njEw5pel44CR,Cjx0YWJsZT4KPGZvbnQgY29sb3I9IiM2NjY2NjYiIHNpemU9ND48Yj7ml6Xnq4vjgIDjgrvjgqvjg7Pjg4njgq/jg6rjg7zjg4rjg7w8YnI+CuOAjOOBk+OBvuOCgeOBoeOCg+OCk+OAjeOAgOODluODq+ODvOOAgFBWLUgyMyhBKTwvYj48L2ZvbnQ+CjxUQUJMRSB3aWR0aD0iNjMwImNlbGxwYWRkaW5nPSIxMCIgYm9yZGVyPSIwIiBjZWxsc3BhY2luZz0iMSIgYmdjb2xvcj0iU2lsdmVyIj4KICAgIDx0cj4KICAgICAgPHRkIGJnY29sb3I9IiNmZmZmZmYiPgo8dGFibGU+Cjx0cj4KPHRkPjxpbWcgc3JjPSJodHRwOi8vaW1hZ2UucmFrdXRlbi5jby5qcC9raW11cmF5YS9jYWJpbmV0L2tldy80OTAyNTMwODUzNjgxczAxLmpwZyI+PC90ZD4KPC90cj4KPC90YWJsZT48YnI+CiAgICAgICAgPFRBQkxFPgogICAgICAgICAgICA8dHI+CiAgICAgICAgICAgIDx0cj4KICAgICAgICAgICAgICA8dGQgaGVpZ2h0PSIxIiBiZ2NvbG9yPSIjODA4MGZmIiB3aWR0aD0iNjUwIj48L3RkPgogICAgICAgICAgICA8L3RyPgogICAgICAgICAgICA8dHI+CiAgICAgICAgICAgICAgPHRkIGJnY29sb3I9IiNmZmZmZmYiPjxmb250IGNvbG9yPSIjNjQ2NDY0Ij7jgJDkuLvjgarku5Xmp5jjgJE8YnI+PGJyPgrpm4blobXmlrnlvI/vvJrntJnjg5Hjg4Pjgq/lvI88YnI+CuODjuOCuuODq+OCv+OCpOODl++8muODleODreOCouODluODqeOCtzxicj4K5ZC46L685LuV5LqL546H77yaMjQwVzxicj4K5raI6LK76Zu75Yqb77yaNzAwVzxicj4K5pys5L2T5a+45rOV77ya5bmFMTM1w5fplbfjgZUzMTXDl+mrmOOBlTIxMG1tPGJyPgrmnKzkvZPos6rph4/vvJoyLjFrZzxicj4K6YGL6Lui6Z+z77yaNjVkQjxicj4K6ZuG5aG15a6556mN77yaMC42TDxicj4K6Zu75rqQ44Kz44O844OJ6ZW344GV77yaNW08YnI+CuS9v+eUqOe0meODkeODg+OCr++8mkdQLVMzNUYo5pys5L2T6KOF552AMeaemik8YnI+CuS7mOWxnuWTge+8muW7tumVt+eUqOODkeOCpOODl8OXMuacrOOAgeOBmeOBjemWk+eUqOWQuOWPozxicj4KPGJyPgrigLvpganlv5zjgZnjgovjgIHjg6Hjg7zjgqvjg7zntJTmraPntJnjg5Hjg4Pjgq8gKDIwMTDlubQxMuaciOePvuWcqCk8YnI+CuODu0dQLVMzNUYKPC90ZD4KICAgICAgICAgICAgPC90cj4KICAgIDwvVEFCTEU+CjwhLS0gVEFTVEXphY3pgIHmoYjlhoUgLS0+PCEtLSDjgZPjgZPjgb7jgacgLS0+PGJyPjxicj4KCjxpbWcgc3JjPSJodHRwczovL2ltYWdlLnJha3V0ZW4uY28uanAva2ltdXJheWEvY2FiaW5ldC9pbWcwNi8xNzA1MDhfYm4wMS5naWYiIGJvcmRlcj0iMCI+,44CQ57SN5pyf57SEN++9njEw5pel44CR44CQ6YCB5paZ54Sh5paZ44CRUFYtSDIzLUEo44OW44Or44O8KeOAgCDjgIzjgZPjgb7jgoHjgaHjgoPjgpPjgI3vvLvvvLtISVRBQ0hJIOaXpeeri++8vSDjg4/jg7Pjg4fjgqPjgq/jg6rjg7zjg4rjg7zjgIDjgrvjgqvjg7Pjg4njgq/jg6rjg7zjg4rjg7zvvL1QVkgyM0HvvJpLSU1VUkFZQSBORVQgVEFTVEU=,S0MtVzQ16Ziy5rC0IOa1tOWupCDpoqjlkYLjgrDjg4Pjg4HjgrDjg4Pjg4Eg44ON44Kv44K/44Kk44Ko44Or44Oh44K544K844OL44Ki44Ki44Or44Oe44O844OL44OV44Kn44Op44Ks44Oi44O044Kj44O044Kj44Ki44Oz44O744Km44Ko44K544OI44Km44OD44OJ44Ko44Of44Oq44Kq44O744OX44OD44OB44O044Kn44Or44K144O844OB44OK44OO44Kx44Ki44Kz44O844OJ44OQ44Oz44OR44OK44K944OL44OD44Kv44OA44Km44Oz44K444Oj44Kx44OD44OI56m65rCX5riF5rWE5qmf44Kz44Oz44OQ44O844K544K544OB44O844Oe44O8IOODiuODjuOCseOCouOCpOOCquODs+OCueODgeODvOODnuODvOOCreODoOODqeODpOOAkOe0jeacn+e0hDfvvZ4xMOaXpeOAkeOAkOmAgeaWmeeEoeaWmeOAkVBWLUgyMy1BKOODluODq+ODvCnjgIAg44CM44GT44G+44KB44Gh44KD44KT44CN77y777y7SElUQUNISSDml6Xnq4vvvL0g44OP44Oz44OH44Kj44Kv44Oq44O844OK44O844CA44K744Kr44Oz44OJ44Kv44Oq44O844OK44O877y9UFZIMjNB,44CQ57SN5pyf57SEN++9njEw5pel44CR44CC44CQ57SN5pyf57SEN++9njEw5pel44CR44CQ6YCB5paZ54Sh5paZ44CRUFYtSDIzLUEo44OW44Or44O8KeOAgCDjgIzjgZPjgb7jgoHjgaHjgoPjgpPjgI3vvLvvvLtISVRBQ0hJIOaXpeeri++8vSDjg4/jg7Pjg4fjgqPjgq/jg6rjg7zjg4rjg7zjgIDjgrvjgqvjg7Pjg4njgq/jg6rjg7zjg4rjg7zvvL1QVkgyM0E=[rn]
37-97066,aHR0cDovL3RzaG9wLnIxMHMuanAvbWl0ZW5la2FrYWt1YmFtYm9vL2NhYmluZXQvMDMxNjg4ODAvMDM5NTI4NDMvMDQwNjIzOTQvaW1ncmMwMDY0NzMwMTUwLmpwZz9maXRpbj03MDA6NzAw,Mjc0ODAuMDAwMA==,,5a626Zu7ID4g55Sf5rS75a626Zu7ID4g5o6D6Zmk5qmf44O744Kv44Oq44O844OK44O8ID4g5o6D6Zmk5qmf,44CQW+acgOWkpzEyMDDlhoZPRkYg44Kv44O844Od44Oz6YWN5biD5Lit4piFXSAg44CQRHlzb27lm73lhoXmraPopo/lk4Hjg7vjg6Hjg7zjgqvjg7zlronlv4My5bm05L+d6Ki85LuY44GN44CR44CQ5paw5ZOB44O75Zyo5bqr44GC44KK44CR4pagRHlzb24gREM0NuOCv+ODvOODk+ODs+ODmOODg+ODieOAgERDNDZUSENPTeOAgGR5c29uIERDNDYg44K/44O844OT44Oz44OY44OD44OJ44CA44Kt44Oj44OL44K544K/44O85o6D6Zmk5qmfIGJhbGzjg7vpgIHmlpnnhKHmlpkhKOaylue4hOODu+mbouWztumZpOOBjynjgJHjgJBrazluMGQxOHDjgJHjgJE=,4piF5p2x6Ki85LiK5aC05a6J5b+D5LyB5qWt4piF5bmz5pelMTXmmYLjgb7jgafjgZTms6jmloflvZPml6XnmbrpgIHvvIjlnJ/ml6XnpZ3pmaTjgY8p,PGJyPuKWoERDNDYgdHVyYmluZWhlYWTvvIjjgr/jg7zjg5Pjg7Pjg5jjg4Pjg4nvvIkKPGJyPuKWoDMy5YCL44Gu44K144Kk44Kv44Ot44Oz44GM55Sf44G/5Ye644GZ5pyA44KC5by35Yqb44Gq6YGg5b+D5Yqb44CCCjxicj7ilqDpnZnpm7vmsJfjga7nmbrnlJ/jgpLmipHjgYjjgovjg5bjg6njgrfjgafjg5Xjg63jg7zjg6rjg7PjgrDkuIrjga7jg5vjgrPjg6rjgpLlj5bjgorpmaTjgY3jgIHjg4rjgqTjg63jg7PntKDmnZDjga7jg5bjg6njgrfjgafjg6njgrDjgoTjgqvjg7zjg5rjg4Pjg4jjgYvjgonjgrTjg5/jgpLjgYvjgY3lj5bjgorjgb7jgZnjgIIKPGJyPuKWoOOCq+ODvOODnOODs+ODleOCoeOCpOODkOODvOODluODqeOCt+aQrei8iQo8YnI+4pagMuW5tOmWk+ODoeODvOOCq+ODvOS/neiovAo8YnI+4pag5LuY5bGe44OE44O844Or77ya44OV44OI44Oz44OE44O844Or44CB44K944OV44OI44OW44Op44K344OE44O844Or44CB44OV44Os44Kt44K344OW44Or6ZqZ6ZaT44OO44K644Or44CB44K/44Oz44Kw44Or44OV44Oq44O8IOOCv+ODvOODk+ODs+ODhOODvOODqzxkaXYgc3R5bGU9IndpZHRoOjk2MHB4O2hlaWdodDoxcHg7Ym9yZGVyLWJvdHRvbTpkb3R0ZWQgMXB4ICNmZjAwOTk7bWFyZ2luOjAgYXV0bztwYWRkaW5nOjA7Ij4mbmJzcDs8L2Rpdj4KCgk8ZGl2IHN0eWxlPSJmbG9hdDpsZWZ0O3dpZHRoOjUxMHB4OyI+CgkJPCEtLSDilrzmpb3lpKnjgYLjgpPjgZfjgpPlu7bplbfkv53oqLwgLS0+CgkJCgkJPCEtLSDilrLmpb3lpKnjgYLjgpPjgZfjgpPlu7bplbfkv53oqLwgLS0+Cgk8L2Rpdj4KCgk8ZGl2IHN0eWxlPSJmbG9hdDpsZWZ0O3dpZHRoOjQ0NXB4OyI+CgkJPGRpdiBpZD0iY29udGVudGhlYWRiYW5uZXIiIHN0eWxlPSJtYXJnaW4tYm90dG9tOjIwcHg7Ij4KCQk8IS0t44GT44GT44GL44KJ6YWN6YCB44OQ44OK44O8LS0+CgkJPGRpdiBjbGFzcz0ic2hpcHBpbmdpbmZvIj4KCQk8aW1nIHNyYz0iaHR0cDovL2ltYWdlLnJha3V0ZW4uY28uanAvbWl0ZW5la2FrYWt1YmFtYm9vL2NhYmluZXQvMDExMDk5Mjcvc2hpcHBpbmdpbmZvLmpwZyIgIHN0eWxlPSJ3aWR0aDoxMDAlOyI+CgkJPC9kaXY+CgkJPCEtLeOBk+OBk+OBvuOBp+mFjemAgeODkOODiuODvC0tPgoJCTwhLS3jgYTjgaTjgafjgoI35YCNLS0+CgkJPGRpdiBpZD0ibmFuYWJhaSIgc3R5bGU9Im1hcmdpbi1ib3R0b206MjBweDsiPgoJCSAKCQk8aW1nIHNyYz0iaHR0cHM6Ly9pbWFnZS5yYWt1dGVuLmNvLmpwL19kZW1vMTAyL2NhYmluZXQvZXZlbnQvaW1ncmMwMDcwODk2NzAwLmpwZyIgc3R5bGU9IndpZHRoOjEwMCU7Ij4gCgkJPC9kaXY+CgkJPCEtLeOBhOOBpOOBp+OCgjflgI0tLT4KCQk8IS0t54i244Gu5pelM+WAjS0tPgoJCTxkaXYgaWQ9Im5hbmFiYWkiIHN0eWxlPSJtYXJnaW4tYm90dG9tOjIwcHg7Ij4KCQkgCgkJPGltZyBzcmM9Imh0dHA6Ly9ldmVudC5yYWt1dGVuLmNvLmpwL2ZhdGhlci8yMDE3L2Juci8yMDE3MDYwMV9mYXRoZXJfY2FtcGFpZ25fNDY4eDYwLmpwZyIgc3R5bGU9IndpZHRoOjEwMCU7Ij4gCgkJPC9kaXY+CgkJPCEtLeeItuOBruaXpTPlgI0tLT4KCQk8L2Rpdj4KCTwvZGl2PgoJCgk8YnIgc3R5bGU9ImNsZWFyOmJvdGg7Ij4=,44CQW+acgOWkpzEyMDDlhoZPRkYg44Kv44O844Od44Oz6YWN5biD5Lit4piFXSAg44CQRHlzb27lm73lhoXmraPopo/lk4Hjg7vjg6Hjg7zjgqvjg7zlronlv4My5bm05L+d6Ki85LuY44GN44CR44CQ5paw5ZOB44O75Zyo5bqr44GC44KK44CR4pagRHlzb24gREM0NuOCv+ODvOODk+ODs+ODmOODg+ODieOAgERDNDZUSENPTeOAgGR5c29uIERDNDYg44K/44O844OT44Oz44OY44OD44OJ44CA44Kt44Oj44OL44K544K/44O85o6D6Zmk5qmfIGJhbGzjg7vpgIHmlpnnhKHmlpkhKOaylue4hOODu+mbouWztumZpOOBjynjgJHjgJBrazluMGQxOHDjgJHjgJHvvJropovjgabjga3kvqHmoLxCQU1CT08=,44CQW+acgOWkpzEyMDDlhoZPRkYg44Kv44O844Od44Oz6YWN5biD5Lit4piFXSAg44CQRHlzb27lm73lhoXmraPopo/lk4Hjg7vjg6Hjg7zjgqvjg7zlronlv4My5bm05L+d6Ki85LuY44GN44CR44CQ5paw5ZOB44O75Zyo5bqr44GC44KK44CR4pagRHlzb24gREM0NuOCv+ODvOODk+ODs+ODmOODg+ODieOAgERDNDZUSENPTeOAgGR5c29uIERDNDYg44K/44O844OT44Oz44OY44OD44OJ44CA44Kt44Oj44OL44K544K/44O85o6D6Zmk5qmfIGJhbGzjg7vpgIHmlpnnhKHmlpkhKOaylue4hOODu+mbouWztumZpOOBjynjgJHjgJBrazluMGQxOHDjgJHjgJE=,4piF5p2x6Ki85LiK5aC05a6J5b+D5LyB5qWt4piF5bmz5pelMTXmmYLjgb7jgafjgZTms6jmloflvZPml6XnmbrpgIHvvIjlnJ/ml6XnpZ3pmaTjgY8p44CC44CQW+acgOWkpzEyMDDlhoZPRkYg44Kv44O844Od44Oz6YWN5biD5Lit4piFXSAg44CQRHlzb27lm73lhoXmraPopo/lk4Hjg7vjg6Hjg7zjgqvjg7zlronlv4My5bm05L+d6Ki85LuY44GN44CR44CQ5paw5ZOB44O75Zyo5bqr44GC44KK44CR4pagRHlzb24gREM0NuOCv+ODvOODk+ODs+ODmOODg+ODieOAgERDNDZUSENPTeOAgGR5c29uIERDNDYg44K/44O844OT44Oz44OY44OD44OJ44CA44Kt44Oj44OL44K544K/44O85o6D6Zmk5qmfIGJhbGzjg7vpgIHmlpnnhKHmlpkhKOaylue4hOODu+mbouWztumZpOOBjynjgJHjgJBrazluMGQxOHDjgJHjgJE=[rn]
37-97067,aHR0cDovL3RzaG9wLnIxMHMuanAvZW1lZGFtYS9jYWJpbmV0L21jMTY5Lzg0NTQyLmpwZz9maXRpbj03MDA6NzAw,MTgyNDAuMDAwMA==,,5a626Zu7ID4g55Sf5rS75a626Zu7ID4g5o6D6Zmk5qmf44O744Kv44Oq44O844OK44O8ID4g5o6D6Zmk5qmf,44CQ44GC44GZ5qW944CRIOaXpeeriyDntJnjg5Hjg4Pjgq/lvI8g5o6D6Zmk5qmfIOOBi+OCi+ODkeODg+OCryBDVi1QQzMwLU4g44K344Oj44Oz44OR44OzIFvoh6rotbDlvI9d,44CQODAwMOWGhijnqI7ovrwp5Lul5LiK44Gu44GU5rOo5paH44Gn6YCB5paZ54Sh5paZ44CR44CQU09Z5Y+X6LOe77yB44CR,PCEtLSDllYblk4HoqbPntLDkuIrpg6hQUuaeoCAtLT4KPGlmcmFtZSBpZD0iaXRlbS1wYWdlX3RvcCIgZnJhbWVib3JkZXI9IjAiIGJvcmRlcj0iMCIgc2Nyb2xsaW5nPSJubyIgc3JjPSJodHRwOi8vd3d3LnJha3V0ZW4ubmUuanAvZ29sZC9lbWVkYW1hL3BhZ2UvcHJvbW90aW9uL2l0ZW0tcGFnZV90b3AuaHRtbCI+PC9pZnJhbWU+CjwhLS0gL+WVhuWTgeips+e0sOS4iumDqFBS5p6gIC0tPjxicj4KPCEtLeKWoFtTVF3lnKjluqvov5Tlk4HmoYjlhoUtLT4KPHRhYmxlIHdpZHRoPSI1NTAiIGJvcmRlcj0iMCIgY2VsbHNwYWNpbmc9IjAiIGNlbGxwYWRkaW5nPSIwIj4KICA8dHI+CiAgICA8dGQ+CiAgICAgIDxhIGhyZWY9Imh0dHA6Ly9saW5rLnJha3V0ZW4uY28uanAvMS8wMTgvNDA2Lz91cmw9c2VhcmNoLmRvP3NpZD1kb2xyJmdjZD00OTAyNTMwMDk4OTE0IiB0YXJnZXQ9Il9ibGFuayI+PGltZyBzcmM9Imh0dHA6Ly93d3cucmFrdXRlbi5uZS5qcC9nb2xkL2VtZWRhbWEvMTFuZXctaW1hZ2VzL2Jhc2UvemFpa29qeW91a3lvdTAxLmdpZiI+PC9hPjxhIGhyZWY9Imh0dHA6Ly93d3cucmFrdXRlbi5uZS5qcC9nb2xkL2VtZWRhbWEvaW5mby5odG1sIzEiIHRhcmdldD0iX2JsYW5rIj48aW1nIHNyYz0iaHR0cDovL3d3dy5yYWt1dGVuLm5lLmpwL2dvbGQvZW1lZGFtYS8xMW5ldy1pbWFnZXMvYmFzZS96YWlrb2p5b3VreW91MDIuZ2lmIj48L2E+CiAgICA8L3RkPgogIDwvdHI+CjwvdGFibGU+CjxkaXYgaWQ9InJldC1kZWYiPgogIDxhIGhyZWY9Imh0dHA6Ly93d3cucmFrdXRlbi5uZS5qcC9nb2xkL2VtZWRhbWEvcmV0dXJuZWRfZGVmZWN0aXZlLmh0bWwiIHRhcmdldD0iX2JsYW5rIj7il48g5ZWG5ZOB44Gu6L+U5ZOB44Gr44Gk44GE44GmPC9hPgo8L2Rpdj4KPCEtLeKWoOWcqOW6q+i/lOWTgeahiOWGheKWoC0tPuOAkOijveWTgeeJueW+tOOAkTxicj7ilqDlvLfjgYTlkLjlvJXlipvjgafli5XjgYvjgZfjgoTjgZnjgYTjgrjjgqfjg4Pjg4jlkLjlvJXjgrnjg57jg7zjg4jjg5jjg4Pjg4k8YnI+4pag44OY44OD44OJ5LiK6YOo44GL44KJ56m65rCX44KS5Y+W44KK5YWl44KM44KL44GT44Go44Gn44CB44OY44OD44OJ44GM5bqK44Gr44Gv44KK44Gk44GP44Gu44KS5oqR44GI44G+44GZPGJyPuKWoOODmOODg+ODieOCkuW8leOBj+OBqOOBjeOBq+ODreODs+OCsOODreODvOODqeODvOOBjOWbnui7ouOBl+OAgeODmOODg+ODieW+jOaWueOBruOBlOOBv+OCkuW3u+OBjei+vOOBv+OBquOBjOOCieWQuOW8lTxiciAvPuOAkOijveWTgeS7leanmOOAkTxicj7il4/lkLjovrzku5XkuovnjofvvIjmtojosrvpm7vlipvvvInvvJo2ODBX772e57SEMTEwV++8iDEsMTkwV++9nue0hDI0MFfvvIk8YnI+4peP5pys5L2T5a+45rOVIOmVt+OBlcOX5bmFw5fpq5jjgZXvvJozMTPDlzI2NsOXMjI0bW08YnI+4peP5pys5L2T6LOq6YeP77yI5qiZ5rqW6LOq6YeP77yJ77yaMy4377yINS4077yJa2c8YnI+4peP6ZuG44GY44KT5a6556mN77yP44Kz44O844OJ44Gu6ZW344GV77yaMS43TCDvvI81bTxicj7il4/pgYvou6Lpn7PvvJo2Nu+9nue0hDYwZEI8YnI+4peP5pys5L2T77ya44OR44OD44KvIOODgeODquiQveOBqOOBl+apn+anizxicj7il4/nnIHjgqjjg43mqZ/og73vvJrjgIDigLvmiYvli5Xjga7vvLvlvLfvvL3vvLvkuK3vvL3vvLvlvLHvvL0g44Oi44O844OJ44Gv5YWo44Gm44Gr5LuY44GE44Gm44GE44G+44GZ44CCPGJyPuODu++8u2Vjb+OBk+OCjOOBo+OBjeOCiu+8vemBi+i7ou+8u+W8t++8ve+8u+S4re+8ve+8u+W8se+8veiHquWLleWIh+abv+OBiDxicj7jg7vjgqLjgqTjg4njg6rjg7PjgrDvvIbjgrnjg4jjg4Pjg5fmqZ/og708YnI+4peP44OY44OD44OJ77ya44K444Kn44OD44OI5ZC45byV44K544Oe44O844OI44OY44OD44OJ44CB44OY44OD44OJ5bmF77ya57SEMzBjbeOAgeODkeODr+ODleODq+iHqui1sOOAgeOCr+ODq+ODg+OBqOODmOODg+ODieOAgeODmuOCv+ODquODs+OCs+ani+mAoOOAgeOBi+OCieOBvuOCk+apn+ani+OAgeOBjeOCj+OBtOOBn+OCueOCpOODs+OCsOOCt+ODo+ODg+OCv+ODvDxicj7il4/lm57ou6Ljg5bjg6njgrfvvJrjg6/jg7Pjgr/jg4Pjg4HnnYDohLHjgIHmsLTmtJfjgYTlr77lv5zjgIHjgYvjgovjgbXjgY3jg5bjg6njgrfvvIjoj4zjgoLjgbXjgY3lj5bjgozjgovvvInjgIHjg6Ljg7zjgr/jg7zpp4bli5XmlrnlvI88YnI+4peP44Kv44Oq44O844Oz5qmf6IO977ya5o2V6ZuG546HIOe0hDk577yF44CB5YiG5pWj5LiK5pa55o6S5rCXPGJyPuKXj+S9v+OBhOOChOOBmeOBle+8muOCteODg+OBqOOCuuODvOODoOODkeOCpOODl+OAgeOBi+OCi+ODr+OCtuOCsOODquODg+ODl+OAgeOCteODg+OBqOWPjue0jeOAgeacrOS9k+ODu+aJi+OCguOBqOOBreOBmOOCjOOCk+ODm+ODvOOCueOAgee0meODkeODg+OCr+OBmeOCi+OCiuOCk+ani+mAoDxicj7il4/ku5jlsZ7lk4HvvJrjgq/jg6vjg4Pjgajjg5bjg6njgrfjgIHjgrXjg4Pjgajjg4/jg7Pjg4njg6vjgIHjgZnjgY3plpPnlKjlkLjlj6PjgIHjgqLjgr/jg4Pjg4Hjg6Hjg7Pjg4jjgIHjg5Hjg4Pjgq/jg5XjgqPjg6vjgr/jg7wgR1AtMTMwRlMgMeaemgo8YnI+PGJyPuKAu+ips+OBl+OBj+OBr+ODoeODvOOCq+ODvOOCteOCpOODiOOCkuOBlOeiuuiqjeS4i+OBleOBhOOAggo8YnI+PGJyPjxmb250IGNvbG9yPSIjMzMzMzMzIj5gaGl0YWNoaWDjgq/jg6rjg7zjg4rjg7xgPC9mb250PjwhLS3ilrzmpb3lpKnjg53jgqTjg7Pjg4jjgq3jg6Pjg7Pjg5rjg7zjg7PilrwtLT4KCjwhLS3ilrLmpb3lpKnjg53jgqTjg7Pjg4jjgq3jg6Pjg7Pjg5rjg7zjg7PilrItLT4KCjwhLS3ilrzkuK3lpK7nibnkvqHjg5fjg6zjgqrjg7zjg5fjg7PilrwKCuKWsuS4reWkrueJueS+oeKWsuODl+ODrOOCquODvOODl+ODsy0tPgoKPCEtLeKWvOS4reWkrueJueS+oeKWvAoK4pay5Lit5aSu54m55L6h4payLS0+,44CQ44GC44GZ5qW944CRIOaXpeeriyDntJnjg5Hjg4Pjgq/lvI8g5o6D6Zmk5qmfIOOBi+OCi+ODkeODg+OCryBDVi1QQzMwLU4g44K344Oj44Oz44OR44OzIFvoh6rotbDlvI9d77ya44Kr44Oh44Op44Gu44Kt44K/44Og44Op,44CQ44GC44GZ5qW944CRIOaXpeeriyDntJnjg5Hjg4Pjgq/lvI8g5o6D6Zmk5qmfIOOBi+OCi+ODkeODg+OCryBDVi1QQzMwLU4g44K344Oj44Oz44OR44OzIFvoh6rotbDlvI9d,44CQODAwMOWGhijnqI7ovrwp5Lul5LiK44Gu44GU5rOo5paH44Gn6YCB5paZ54Sh5paZ44CR44CQU09Z5Y+X6LOe77yB44CR44CC44CQ44GC44GZ5qW944CRIOaXpeeriyDntJnjg5Hjg4Pjgq/lvI8g5o6D6Zmk5qmfIOOBi+OCi+ODkeODg+OCryBDVi1QQzMwLU4g44K344Oj44Oz44OR44OzIFvoh6rotbDlvI9d[rn]
37-97068,aHR0cDovL3RzaG9wLnIxMHMuanAvZWxlY3Ryb2x1eC9jYWJpbmV0L3JvZ28yMDE2MDYvZWV0NTMwc28uanBnP2ZpdGluPTcwMDo3MDA=,Mzg3MDcuMjAwMA==,,5a626Zu7ID4g55Sf5rS75a626Zu7ID4g5o6D6Zmk5qmf44O744Kv44Oq44O844OK44O8ID4g5o6D6Zmk5qmf,4peG6YCB5paZ54Sh5paZIeOCqOODrOOCr+ODiOODreODqeODg+OCr+OCueOAgEVsZWN0cm9sdXgg44Ko44Or44K044K544Oq44O844Kq44O844OIIOOCveODvOODqeODvOOCquODrOODs+OCuA==,6Z2Z5a+C44CB6LaF44Kv44Oq44O844Oz5o6S5rCX44CB6LaF5by35Yqb5ZC45byV44Gu5rG65a6a54mI,PC90ZD48L3RyPjwvdGJvZHk+PC90YWJsZT48L3RkPjwvdHI+PC90Ym9keT48L3RhYmxlPjwvdGQ+PC90cj48L3Rib2R5PjwvdGFibGU+PC90ZD48L3RyPjwvdGJvZHk+PC90YWJsZT48L3RkPjwvdHI+PC90Ym9keT48L3RhYmxlPgo8dGFibGUgd2lkdGg9IjEwMCUiIGNlbGxzcGFjaW5nPSIwIiBjZWxscGFkZGluZz0iMCIgYm9yZGVyPSIwIj48dGJvZHk+PHRyPjx0ZD48dGFibGUgd2lkdGg9IjEwMCUiIGNlbGxzcGFjaW5nPSIwIiBjZWxscGFkZGluZz0iMCIgYm9yZGVyPSIwIj48dGJvZHk+PHRyPjx0ZD48dGFibGUgd2lkdGg9IjEwMCUiIGNlbGxzcGFjaW5nPSIwIiBjZWxscGFkZGluZz0iMCIgYm9yZGVyPSIwIj48dGJvZHk+PHRyIHZhbGlnbj0iY2VudGVyIj48dGQgd2lkdGg9IjEwMCUiIGFsaWduPSJjZW50ZXIiIGNsYXNzPSJuZXh0X25vbmUiPjx0YWJsZSB3aWR0aD0iMTAwJSIgY2VsbHNwYWNpbmc9IjAiIGNlbGxwYWRkaW5nPSIwIiBib3JkZXI9IjAiPjx0Ym9keT48dHI+PHRkPgo8dGFibGUgd2lkdGg9IjEwMCUiIGNlbGxzcGFjaW5nPSIwIiBjZWxscGFkZGluZz0iMCIgYm9yZGVyPSIwIiBpZD0ibXZfdGFibGUiPjx0Ym9keT48dHI+PHRkPgo8IS0tIHRhYmxlIHJlc2V0IC0tPgoKPGltZyBzcmM9Imh0dHBzOi8vaW1hZ2UucmFrdXRlbi5jby5qcC9lbGVjdHJvbHV4L2NhYmluZXQvcmVuZXcvMDUwNTgzMDUvaW1ncmMwMDg4MDQ2MzQxLmpwZyIgd2lkdGg9IjEwMCUiPgo8ZGl2IGlkPSJqdW1wIj48L2Rpdj48c3R5bGU+Cmh0bWwsYm9keXsgbWFyZ2luOjA7cGFkZGluZzowO21pbi13aWR0aDo5NjBweDsgfQoKc3Bhbi5jYXRjaF9jb3B5ewpmb250LXNpemU6MTZweDsKbGluZS1oZWlnaHQ6MjhweDsKY29sb3I6IzIyMjsKZm9udC13ZWlnaHQ6Ym9sZDsKfQpzcGFuLml0ZW1fbmFtZXsKZGlzcGxheTpibG9jazsKZm9udC1zaXplOjE2cHg7CmxpbmUtaGVpZ2h0OjI4cHg7CmNvbG9yOiMyMjI7Cn0KCi5uZXh0X25vbmUgKyB0ZHsKZGlzcGxheTpub25lOwp9CgojbXZfdGFibGUgKyB0YWJsZXsKd2lkdGg6OTYwcHg7Cm1hcmdpbjowIGF1dG87Cn0KCiNtdl90YWJsZSArIHRhYmxlID4gdGJvZHkgPiB0ciA+IHRkewp3aWR0aDo0MzBweDsKfQojbXZfdGFibGUgKyB0YWJsZSA+IHRib2R5ID4gdHIgPiB0ZCt0ZHsKZGlzcGxheTpub25lOwp9CiNtdl90YWJsZSArIHRhYmxlID4gdGJvZHkgPiB0ciA+IHRkK3RkK3RkewpkaXNwbGF5OnRhYmxlLWNlbGw7CndpZHRoOjUzMHB4Owp9Ci5yZWR7CiAgIGNvbG9yOiNmZjAwMDA7CiAgIGZvbnQtd2VpZ2h0OmJvbGQ7Cn0KLmJsdWV7CiAgIGNvbG9yOiMwMDlhYzA7CiAgIGZvbnQtd2VpZ2h0OmJvbGQ7Cn08L3N0eWxlPgo8cCBjbGFzcz0icmVkIj7jgqjjg6zjgq/jg4jjg63jg6njg4Pjgq/jgrkg5qW95aSp5biC5aC05bqX6ZmQ5a6aIOmVt+acnzLlubTkv53oqLzku5ghPC9wPgo8cCBjbGFzcz0iYmx1ZSI+44Ov44Oz44OB44Oj44O844K444CC5a625Lit44Kt44Os44Kk44GrPC9wPgo8cD4yaW4x44Gv5b2T44Gf44KK5YmN44CC44OV44Ot44O844Oq44Oz44Kw44Gq44KJ6YCa5bi444Oi44O844OJ44Gn5pyA5aSnNDXliIbjga7pgKPntprpgYvou6LjgIHjgaTjgb7jgorntIQxODDnlbPjgoLjga7luoPjgZXjgpLjgYrmjoPpmaTjgafjgY3jgovjgYvjgonjgIHjgoLjgYbjg5Djg4Pjg4bjg6rjg7zjgpLmsJfjgavjgZvjgZrlrrbkuK3jgZPjgozkuIDlj7DjgafjgYrmjoPpmaTjgafjgY3jgb7jgZnjgII8L3A+PC90ZD48L3RyPjwvdGJvZHk+PC90YWJsZT4KPHRhYmxlIHdpZHRoPSIxMDAlIiBjZWxsc3BhY2luZz0iMCIgY2VsbHBhZGRpbmc9IjAiIGJvcmRlcj0iMCI+PHRib2R5Pjx0cj48dGQ+CjxzdHlsZT4KCmlmcmFtZXt3aWR0aDoxMDAlO2hlaWdodDo3NTAwcHg7fQo8L3N0eWxlPgo8ZGl2IGNsYXNzPSJpZnJhbWUiPjwvZGl2Pgo8L3RkPjwvdHI+PC90Ym9keT48L3RhYmxlPjwvdGQ+Cjx0YWJsZT48dGQ+PHRyPjx0ZD4KPHRkIGFsaWduPSJjZW50ZXIiPg==,4peG6YCB5paZ54Sh5paZIeOCqOODrOOCr+ODiOODreODqeODg+OCr+OCueOAgEVsZWN0cm9sdXgg44Ko44Or44K044K544Oq44O844Kq44O844OIIOOCveODvOODqeODvOOCquODrOODs+OCuO+8muOCqOODrOOCr+ODiOODreODqeODg+OCr+OCueOAgOalveWkqeW4guWgtOW6lw==,5o6D6Zmk5qmf44Kv44Oq44O844OK44O844K544OG44Kj44OD44Kv5o6D6Zmk5qmf44K544OG44Kj44OD44Kv44Kv44Oq44O844OK44O844Kz44O844OJ44Os44K55o6D6Zmk5qmf44Kz44O844OJ44Os44K544Kv44Oq44O844OK44O85biD5Zuj55So5o6D6Zmk5qmf5biD5Zuj55So44Kv44Oq44O844OK44O844OP44Oz44OJ44Om44OL44OD44OI44Ko44Or44K044Op44OU44O844OJZXJnb2VsZWN0cm9sdXjjgqjjg6zjgq/jg4jjg63jg6njg4Pjgq/jgrnil4bpgIHmlpnnhKHmlpkh44Ko44Os44Kv44OI44Ot44Op44OD44Kv44K544CARWxlY3Ryb2x1eCDjgqjjg6vjgrTjgrnjg6rjg7zjgqrjg7zjg4gg44K944O844Op44O844Kq44Os44Oz44K4,6Z2Z5a+C44CB6LaF44Kv44Oq44O844Oz5o6S5rCX44CB6LaF5by35Yqb5ZC45byV44Gu5rG65a6a54mI44CC4peG6YCB5paZ54Sh5paZIeOCqOODrOOCr+ODiOODreODqeODg+OCr+OCueOAgEVsZWN0cm9sdXgg44Ko44Or44K044K544Oq44O844Kq44O844OIIOOCveODvOODqeODvOOCquODrOODs+OCuA==[rn]
37-97069,aHR0cDovL3RzaG9wLnIxMHMuanAvZWxlY3Ryb2x1eC9jYWJpbmV0L3JvZ28yMDE2MDYvemIzMDEyLmpwZz9maXRpbj03MDA6NzAw,MTk2OTkuMjAwMA==,,5a626Zu7ID4g55Sf5rS75a626Zu7ID4g5o6D6Zmk5qmf44O744Kv44Oq44O844OK44O8ID4g5o6D6Zmk5qmf,44Ko44Os44Kv44OI44Ot44Op44OD44Kv44K5WkIzMDEyICDjgrPjg7zjg4njg6zjgrkg44OP44Oz44OH44KjIOOCueODhuOCo+ODg+OCr+aOg+mZpOapnyAo44Km44Kp44O844K/44O844Oh44Ot44Oz44Os44OD44OJKSDjgqjjg6vjgrTjg6njg5Tjg7zjg4njg7vjg6rjg4Hjgqbjg6AgZWxlY3Ryb2x1eOWFrOW8jzLlubTkv53oqLw=,5LiW55WM44GnMeWNg+S4h+WPsOOBruaOg+mZpOapnyDjg4/jg7Pjg4fjgqPjgajjgrnjg4bjgqPjg4Pjgq/jga4x5Y+wMuW9uQ==,PC90ZD48L3RyPjwvdGJvZHk+PC90YWJsZT48L3RkPjwvdHI+PC90Ym9keT48L3RhYmxlPjwvdGQ+PC90cj48L3Rib2R5PjwvdGFibGU+PC90ZD48L3RyPjwvdGJvZHk+PC90YWJsZT48L3RkPjwvdHI+PC90Ym9keT48L3RhYmxlPgo8dGFibGUgd2lkdGg9IjEwMCUiIGNlbGxzcGFjaW5nPSIwIiBjZWxscGFkZGluZz0iMCIgYm9yZGVyPSIwIj48dGJvZHk+PHRyPjx0ZD48dGFibGUgd2lkdGg9IjEwMCUiIGNlbGxzcGFjaW5nPSIwIiBjZWxscGFkZGluZz0iMCIgYm9yZGVyPSIwIj48dGJvZHk+PHRyPjx0ZD48dGFibGUgd2lkdGg9IjEwMCUiIGNlbGxzcGFjaW5nPSIwIiBjZWxscGFkZGluZz0iMCIgYm9yZGVyPSIwIj48dGJvZHk+PHRyIHZhbGlnbj0iY2VudGVyIj48dGQgd2lkdGg9IjEwMCUiIGFsaWduPSJjZW50ZXIiIGNsYXNzPSJuZXh0X25vbmUiPjx0YWJsZSB3aWR0aD0iMTAwJSIgY2VsbHNwYWNpbmc9IjAiIGNlbGxwYWRkaW5nPSIwIiBib3JkZXI9IjAiPjx0Ym9keT48dHI+PHRkPgo8dGFibGUgd2lkdGg9IjEwMCUiIGNlbGxzcGFjaW5nPSIwIiBjZWxscGFkZGluZz0iMCIgYm9yZGVyPSIwIiBpZD0ibXZfdGFibGUiPjx0Ym9keT48dHI+PHRkPgo8IS0tIHRhYmxlIHJlc2V0IC0tPgo8ZGl2IGNsYXNzPSJtdl9yZWxhdGl2ZSI+CjxpbWcgc3JjPSJodHRwczovL2ltYWdlLnJha3V0ZW4uY28uanAvZWxlY3Ryb2x1eC9jYWJpbmV0L3JlbmV3LzA1MDUxMTAxL2ltZ3JjMDA4Nzg5MTQ1MC5qcGciIHdpZHRoPSIxMDAlIj4KPGRpdiBjbGFzcz0iYnRuX3NwZWMiPgo8YSBocmVmPSJodHRwczovL3d3dy5yYWt1dGVuLm5lLmpwL2dvbGQvZWxlY3Ryb2x1eC9oaWtha3UvIj48aW1nIHNyYz0iaHR0cHM6Ly9pbWFnZS5yYWt1dGVuLmNvLmpwL2VsZWN0cm9sdXgvY2FiaW5ldC9yZW5ldy9pbWdyYzAwODgzNTIyMzkuanBnIj48L2E+CjwvZGl2Pgo8ZGl2IGlkPSJqdW1wIj48L2Rpdj48c3R5bGU+Cmh0bWwsYm9keXsgbWFyZ2luOjA7cGFkZGluZzowO21pbi13aWR0aDo5NjBweDsgfQoKc3Bhbi5jYXRjaF9jb3B5ewpmb250LXNpemU6MTNweDsKbGluZS1oZWlnaHQ6MjhweDsKY29sb3I6IzIyMjsKZm9udC13ZWlnaHQ6Ym9sZDsKfQpzcGFuLml0ZW1fbmFtZXsKZGlzcGxheTpibG9jazsKZm9udC1zaXplOjE2cHg7CmxpbmUtaGVpZ2h0OjI4cHg7CmNvbG9yOiMyMjI7Cn0KCi5uZXh0X25vbmUgKyB0ZHsKZGlzcGxheTpub25lOwp9CgojbXZfdGFibGUgKyB0YWJsZXsKd2lkdGg6OTYwcHg7Cm1hcmdpbjowIGF1dG87Cn0KCiNtdl90YWJsZSArIHRhYmxlID4gdGJvZHkgPiB0ciA+IHRkewp3aWR0aDo0MzBweDsKfQojbXZfdGFibGUgKyB0YWJsZSA+IHRib2R5ID4gdHIgPiB0ZCt0ZHsKZGlzcGxheTpub25lOwp9CiNtdl90YWJsZSArIHRhYmxlID4gdGJvZHkgPiB0ciA+IHRkK3RkK3RkewpkaXNwbGF5OnRhYmxlLWNlbGw7CndpZHRoOjUzMHB4Owp9Ci5yZWR7CiAgIGNvbG9yOiNmZjAwMDA7CiAgIGZvbnQtd2VpZ2h0OmJvbGQ7Cn0KLmJsdWV7CiAgIGNvbG9yOiMwMDlhYzA7CiAgIGZvbnQtd2VpZ2h0OmJvbGQ7Cn0Kc3Bhbi5wcmljZTJ7CmZvbnQtc2l6ZToyM3B4Owpjb2xvcjojZTQ0OTZmOwp9Cgo8L3N0eWxlPjwvdGQ+PC90cj48L3Rib2R5PjwvdGFibGU+Cjx0YWJsZSB3aWR0aD0iMTAwJSIgY2VsbHNwYWNpbmc9IjAiIGNlbGxwYWRkaW5nPSIwIiBib3JkZXI9IjAiPjx0Ym9keT48dHI+PHRkPgo8c3R5bGU+CgppZnJhbWV7d2lkdGg6MTAwJTtoZWlnaHQ6NTU1MHB4O30KPC9zdHlsZT4KPGRpdiBjbGFzcz0iaWZyYW1lIj48L2Rpdj4KCjwvdGQ+PC90cj48L3Rib2R5PjwvdGFibGU+PC90ZD4KPHRhYmxlPjx0ZD48dHI+PHRkPgo8dGQgYWxpZ249ImNlbnRlciI+,44Ko44Os44Kv44OI44Ot44Op44OD44Kv44K5WkIzMDEyICDjgrPjg7zjg4njg6zjgrkg44OP44Oz44OH44KjIOOCueODhuOCo+ODg+OCr+aOg+mZpOapnyAo44Km44Kp44O844K/44O844Oh44Ot44Oz44Os44OD44OJKSDjgqjjg6vjgrTjg6njg5Tjg7zjg4njg7vjg6rjg4Hjgqbjg6AgZWxlY3Ryb2x1eOWFrOW8jzLlubTkv53oqLzvvJrjgqjjg6zjgq/jg4jjg63jg6njg4Pjgq/jgrnjgIDmpb3lpKnluILloLTlupc=,5o6D6Zmk5qmf44Kv44Oq44O844OK44O844K544OG44Kj44OD44Kv5o6D6Zmk5qmf44K544OG44Kj44OD44Kv44Kv44Oq44O844OK44O844Kz44O844OJ44Os44K55o6D6Zmk5qmf44Kz44O844OJ44Os44K544Kv44Oq44O844OK44O85biD5Zuj55So5o6D6Zmk5qmf5biD5Zuj55So44Kv44Oq44O844OK44O844OP44Oz44OJ44Om44OL44OD44OI44Ko44Or44K044Op44OU44O844OJZXJnb2VsZWN0cm9sdXjjgqjjg6zjgq/jg4jjg63jg6njg4Pjgq/jgrnjgqjjg6zjgq/jg4jjg63jg6njg4Pjgq/jgrlaQjMwMTIgIOOCs+ODvOODieODrOOCuSDjg4/jg7Pjg4fjgqMg44K544OG44Kj44OD44Kv5o6D6Zmk5qmfICjjgqbjgqnjg7zjgr/jg7zjg6Hjg63jg7Pjg6zjg4Pjg4kpIOOCqOODq+OCtOODqeODlOODvOODieODu+ODquODgeOCpuODoCBlbGVjdHJvbHV45YWs5byPMuW5tOS/neiovA==,5LiW55WM44GnMeWNg+S4h+WPsOOBruaOg+mZpOapnyDjg4/jg7Pjg4fjgqPjgajjgrnjg4bjgqPjg4Pjgq/jga4x5Y+wMuW9ueOAguOCqOODrOOCr+ODiOODreODqeODg+OCr+OCuVpCMzAxMiAg44Kz44O844OJ44Os44K5IOODj+ODs+ODh+OCoyDjgrnjg4bjgqPjg4Pjgq/mjoPpmaTmqZ8gKOOCpuOCqeODvOOCv+ODvOODoeODreODs+ODrOODg+ODiSkg44Ko44Or44K044Op44OU44O844OJ44O744Oq44OB44Km44OgIGVsZWN0cm9sdXjlhazlvI8y5bm05L+d6Ki8[rn]
37-97070,aHR0cDovL3RzaG9wLnIxMHMuanAvZWxlY3Ryb2x1eC9jYWJpbmV0L3Byb2R1Y3RzLzAwM3Jha3V0ZW4zMDA0LmpwZz9maXRpbj03MDA6NzAw,MTcxMDcuMjAwMA==,,5a626Zu7ID4g55Sf5rS75a626Zu7ID4g5o6D6Zmk5qmf44O744Kv44Oq44O844OK44O8ID4g5o6D6Zmk5qmf,44Ko44Os44Kv44OI44Ot44Op44OD44Kv44K5WkIzMDA0ICDjgrPjg7zjg4njg6zjgrkg44OP44Oz44OH44KjIOOCueODhuOCo+ODg+OCr+aOg+mZpOapnyAo44Ki44Kk44K544Ob44Ov44Kk44OIKSDjgqjjg6vjgrTjg6njg5Tjg7zjg4kgZWxlY3Ryb2x1eOWFrOW8jzLlubTkv53oqLw=,5LiW55WM44GnMeWNg+S4h+WPsOOBruaOg+mZpOapnyDjg4/jg7Pjg4fjgqPjgajjgrnjg4bjgqPjg4Pjgq/jga4x5Y+wMuW9uQ==,44K544OG44Kj44OD44Kv44GL44KJ57Ch5Y2Y44Gr44OP44Oz44OH44Kj6YOo5YiG44KS5Y+W44KK5aSW44GZ44GT44Go44GM44Gn44GN44KL44Gu44Gn44CB57Sw44GL44GE44Go44GT44KN44KE5o6D6Zmk44GX44Ga44KJ44GE5aC05omA44KC5omL6Lu944Gr5o6D6Zmk44GZ44KL44GT44Go44GM44Gn44GN44G+44GZ44CCPGJyIC8+CuODi+ODg+OCseODq+awtOe0oOmbu+axoOOBruaOoeeUqOOBqOOCqOOCouODleODreODvO+8iOepuuawl+OBrua1geOCjO+8ieOBruacgOmBqeWMluOBq+OCiOOCiuOAgeacgOWkpzI15YiG44Gu6YCj57aa6YGL6Lui77yI57SEMTAwbTxzdXA+Mjwvc3VwPuebuOW9k++8ieKAu+OCkuWun+ePvuOBl+OBvuOBl+OBn+OAgjxiciAvPgrlvpPmnaXjg6Ljg4fjg6vjgojjgooy5YCN5Lul5LiK5aSn44GN44GP44Gq44Gj44Gf44Ob44Kk44O844Or44Gn44CB5pON5L2c44GM6YeN44GP5oSf44GY44KJ44KM44Gf44Kr44O844Oa44OD44OI44KE55Wz44Gn44KC44K544Og44O844K644Gq5YuV44GN44KS5a6f54++44GX44G+44GX44Gf44CCPGJyIC8+CuiHqueri+W8j+OBquOBruOBp+OAgeaOg+mZpOOBrumAlOS4reOBp+eri+OBpuOBi+OBkeOCi+WgtOaJgOOCkuaOouOBl+OBn+OCiuOAgeW6iuOBq+e9ruOBhOOBn+OCiuOBm+OBmuOAgeOCueODoOODvOOCuuOBq+aOg+mZpOOBp+OBjeOBvuOBmeOAgjxiciAvPgrjg5jjg4Pjg4npg6jliIbjga7jgrnjgqTjg4Pjg4HjgpLouI/jgoDjgaDjgZHjgafjg5bjg6njgrfjgavjgYvjgonjgb7jgaPjgZ/pq6rjga7mr5vjgoTns7jjgarjganjga7jgrTjg5/jgpLjgqvjg4Pjg4jjgZflkLjlvJXjgZnjgovjg5bjg6njgrfjg63jg7zjg6vjgq/jg6rjg7zjg7PmqZ/og73jgYzmkK3ovInjgII8YnIgLz4KLS0tLS0tLS0tLTxiciAvPgo8c3BhbiBjbGFzcz0ic21hbGwiPuKAuyDpgJrluLjjg6Ljg7zjg4njgafjga7mnIDlpKfpgYvou6Llj6/og73mmYLplpNJRUM2MDMxMi0x44Gr5Z+644Gl44GP44CCPC9zcGFuPgo8YnIgLz4KPGJyIC8+Cgrjgqjjg6zjgq/jg4jjg63jg6njg4Pjgq/jgrkg5qW95aSp5biC5aC05bqX6ZmQ5a6aIOmVt+acnzLlubTkv53oqLzku5ghPGJyIC8+Cgo8ZGl2IGNsYXNzPSJpdGVtU3BlYyI+44Kr44Op44O877ya44Ki44Kk44K544Ob44Ov44Kk44OIPGJyIC8+CuWei+eVqu+8mlpCMzAwNDxiciAvPgrmnKzkvZPlr7jms5XvvJrluYUyNjPDl+WlpeihjDE1MMOX6auY44GVMSwwNzBtbTxiciAvPgros6rph4/vvJoyLjdrZyjmnKzkvZMpIC8gMS4ya2co44OP44Oz44OJ44Om44OL44OD44OI44Gu44G/77yJPGJyIC8+Cua2iOiyu+mbu+WKm++8mjQuNVc8YnIgLz4K6YGL6Lui5pmC6ZaT77ya6YCa5bi444Oi44O844OJIDI15YiGIOKAuyAvIOacgOWkp+ODouODvOODiSAxM+WIhjxiciAvPgrlhYXpm7vmmYLplpMo5a6M5YWo5pS+6Zu75b6MKe+8mjE25pmC6ZaTPGJyIC8+CuWFhembu+axoO+8muODi+ODg+OCseODq+awtOe0oOmbu+axoChOaS1NSCkgREMgMTQuNFY8YnIgLz4K44OO44K644Or44K/44Kk44OX77ya44OR44Ov44O844OO44K644OrKOmbu+WLleODluODqeOCtyk8YnIgLz4K6ZuG5aG15pa55byP77ya44K144Kk44Kv44Ot44Oz5byPPGJyIC8+CumbhuWhteWuuemHj++8mjAuNUw8YnIgLz4K5LuY5bGe5ZOB77ya6ZqZ6ZaT44OO44K644Or44CB44OW44Op44K344OO44K644Or44CB44OV44Kj44Or44K/44O844K744OD44OIKOODl+ODrOODleOCo+ODq+OCv+ODvOODu+ODleOCoeOCpOODs+ODleOCo+ODq+OCv+ODvCnjgIHlhYXpm7vjgrnjg4bjg7zjgrfjg6fjg7MmQUPjgqLjg4Djg5fjgr/jg7zjgrvjg4Pjg4g8YnIgLz4K44OW44Op44K344Ot44O844Or44Kv44Oq44O844Oz5qmf6IO95LuYPGJyIC8+CuiHqueri+W8jzxiciAvPgotLS0tLS0tLS0tPGJyIC8+CjxzcGFuIGNsYXNzPSJzbWFsbCI+4oC7IOmAmuW4uOODouODvOODieOBp+OBruacgOWkp+mBi+i7ouWPr+iDveaZgumWk0lFQzYwMzEyLTHjgavln7rjgaXjgY/jgII8L3NwYW4+PC9kaXY+PHN0eWxlPgojcmFrdXRlbkxpbWl0ZWRJZF9pbnNob3BfcmVjb21tZW5kewp3aWR0aDo5MDBweDsKbWFyZ2luOjAgYXV0byAwOwp9CiNybmtJblNob3BQYXJ0c0FyZWF7CndpZHRoOjkwMHB4OwptYXJnaW46MCBhdXRvIDA7Cn0KPC9zdHlsZT4=,44Ko44Os44Kv44OI44Ot44Op44OD44Kv44K5WkIzMDA0ICDjgrPjg7zjg4njg6zjgrkg44OP44Oz44OH44KjIOOCueODhuOCo+ODg+OCr+aOg+mZpOapnyAo44Ki44Kk44K544Ob44Ov44Kk44OIKSDjgqjjg6vjgrTjg6njg5Tjg7zjg4kgZWxlY3Ryb2x1eOWFrOW8jzLlubTkv53oqLzvvJrjgqjjg6zjgq/jg4jjg63jg6njg4Pjgq/jgrnjgIDmpb3lpKnluILloLTlupc=,5o6D6Zmk5qmf44Kv44Oq44O844OK44O844K544OG44Kj44OD44Kv5o6D6Zmk5qmf44K544OG44Kj44OD44Kv44Kv44Oq44O844OK44O844Kz44O844OJ44Os44K55o6D6Zmk5qmf44Kz44O844OJ44Os44K544Kv44Oq44O844OK44O85biD5Zuj55So5o6D6Zmk5qmf5biD5Zuj55So44Kv44Oq44O844OK44O844OP44Oz44OJ44Om44OL44OD44OI44Ko44Or44K044Op44OU44O844OJZXJnb2VsZWN0cm9sdXjjgqjjg6zjgq/jg4jjg63jg6njg4Pjgq/jgrnjgqjjg6zjgq/jg4jjg63jg6njg4Pjgq/jgrlaQjMwMDQgIOOCs+ODvOODieODrOOCuSDjg4/jg7Pjg4fjgqMg44K544OG44Kj44OD44Kv5o6D6Zmk5qmfICjjgqLjgqTjgrnjg5vjg6/jgqTjg4gpIOOCqOODq+OCtOODqeODlOODvOODiSBlbGVjdHJvbHV45YWs5byPMuW5tOS/neiovA==,5LiW55WM44GnMeWNg+S4h+WPsOOBruaOg+mZpOapnyDjg4/jg7Pjg4fjgqPjgajjgrnjg4bjgqPjg4Pjgq/jga4x5Y+wMuW9ueOAguOCqOODrOOCr+ODiOODreODqeODg+OCr+OCuVpCMzAwNCAg44Kz44O844OJ44Os44K5IOODj+ODs+ODh+OCoyDjgrnjg4bjgqPjg4Pjgq/mjoPpmaTmqZ8gKOOCouOCpOOCueODm+ODr+OCpOODiCkg44Ko44Or44K044Op44OU44O844OJIGVsZWN0cm9sdXjlhazlvI8y5bm05L+d6Ki8[rn]
37-97071,aHR0cDovL3RzaG9wLnIxMHMuanAvdGJzc2hvcHBpbmcvY2FiaW5ldC9pbWcyLzAwNzc4MTJfMDEuanBnP2ZpdGluPTcwMDo3MDA=,MTg4MzUuMjAwMA==,,5a626Zu7ID4g55Sf5rS75a626Zu7ID4g5o6D6Zmk5qmf44O744Kv44Oq44O844OK44O8ID4g5o6D6Zmk5qmf,44CQ6YCB5paZ54Sh5paZJjUwMDDlhobjga7jg5bjg6njgrfjgrvjg4Pjg4jjgJHjg4DjgqTjgr3jg7Mg44OP44Oz44OH44Kj44Kv44Oq44O844OK44O877yPIERDNjEgTUhNT++8j+ODn+ODi+OCveODleODiOODluODqeOCt+S7mOOBjSBkeXNvbiBkYzYxIOOCs+ODvOODieODrOOCuSDjg5Hjg6/jg5Xjg6sg5aSJ44KP44KJ44Gq44GE5ZC45byV5YqbIOOCs+ODs+ODkeOCr+ODiCDmjoPpmaTmqZ8g44CQVEJT44K344On44OD44OU44Oz44Kw44CR,6YCB5paZ54Sh5paZIOS6uuawl+OBruOCs+ODvOODieODrOOCueOCv+OCpOODl++8gQ==,44CAPGgyIHN0eWxlPSJib3JkZXItbGVmdDojZjM1YzAxIDVweCBzb2xpZDsgcGFkZGluZy1sZWZ0OjhweDsgZm9udC1zaXplOjIwcHg7Ij7lkLjlvJXlipvjga7lpInjgo/jgonjgarjgYTjg4DjgqTjgr3jg7Pjga7jg4/jg7Pjg4fjgqPjg7zjgq/jg6rjg7zjg4rjg7w8L2gyPgoKPHA+CuOAkCDnibnoqLHmioDooZPjga7ntZDpm4Yg44CRPGJyPgril48yVGllclJhZGlhbOOCteOCpOOCr+ODreODs+ODhuOCr+ODjuODreOCuOODvO+8iOeJueioseeVquWPt++8muesrEpQNDU0NjAxNeWPtyDku5bvvIk8YnI+CjLlsaTjgavphY3nva7jgZXjgozjgZ8xNeWAi+OBruOCteOCpOOCr+ODreODs+OBjOW8t+OBhOawl+a1geOCkueUn+OBv+WHuuOBl+W+rue0sOOBquOCtOODn+OCkuaNleOBiOOBvuOBmeOAgjxicj48YnI+Cgril4/jg4fjgrjjgr/jg6vjg6Ljg7zjgr/jg7xWNu+8iOeJueioseeVquWPt++8muesrEpQNTUxMTg1MuWPtyDku5bvvIk8YnI+Cui7vemHj+OCs+ODs+ODkeOCr+ODiOOBquODouODvOOCv+ODvOOBq+OCiOOBo+OBpuOAgeOCiOOCiuODkeODr+ODleODq+OBquWQuOW8leWKm+OCkuaMgee2muOBl+OBvuOBmeOAggo8L3A+Cjxicj48aW1nIHNyYz0iaHR0cDovL2ltYWdlLnJha3V0ZW4uY28uanAvdGJzc2hvcHBpbmcvY2FiaW5ldC9pbWcyLzAwNzc4MTJfZDAxLmpwZyI+PGJyPjxicj4KPGgyIHN0eWxlPSJib3JkZXItbGVmdDojZjM1YzAxIDVweCBzb2xpZDsgcGFkZGluZy1sZWZ0OjhweDsgZm9udC1zaXplOjIwcHg7Ij7ni6zoh6rjga7jg5/jg4vjg6Ljg7zjgr/jg7zjg5jjg4Pjg4njgafjgZfjgaPjgYvjgorlkLjlvJXvvIE8L2gyPgo8cD4K44OK44Kk44Ot44Oz44OW44Op44K344GM44OZ44OD44OI44CB5biD5Zuj44CB44K944OV44Kh44Gq44Gp5YWl44KK6L6844KT44Gg6auq44Gu5q+b44KE44K044Of44KS5o6744GN44Go44KK44CB44Ob44Kz44Oq44KS5Y+W44KK6Zmk44GN44G+44GZ44CCCjwvcD48aW1nIHNyYz0iaHR0cDovL2ltYWdlLnJha3V0ZW4uY28uanAvdGJzc2hvcHBpbmcvY2FiaW5ldC9pbWcyLzAwNzc4MTJfZDAyLmpwZyI+PGJyPjxicj4KPGgyIHN0eWxlPSJib3JkZXItbGVmdDojZjM1YzAxIDVweCBzb2xpZDsgcGFkZGluZy1sZWZ0OjhweDsgZm9udC1zaXplOjIwcHg7Ij7jgZ3jga7ku5bjgavjgoLkvr/liKnjgaflrInjgZfjgYTjg53jgqTjg7Pjg4jjgYzvvIE8L2gyPgo8cD4K4peP5pyA5aSnMjDliIbpgKPntprjgafkvb/nlKjlj6/og73vvIHvvIjigLvpgJrluLjjg6Ljg7zjg4njga7loLTlkIjvvIk8YnI+CuKXj+mHjeOBleOBr+OAgee0hDEuNTVrZ+OBqOi7vemHj++8gTxicj4K4peP44Kz44O844OJ44Os44K544Gn44Op44Kv44Op44Kv4pmqPGJyPgril4/jg6/jg7Pjg5fjg4Pjgrfjg6XjgafjgrTjg5/mjajjgabjgYznsKHljZjvvIE8YnI+CjwvcD48aW1nIHNyYz0iaHR0cDovL2ltYWdlLnJha3V0ZW4uY28uanAvdGJzc2hvcHBpbmcvY2FiaW5ldC9pbWcyLzAwNzc4MTJfZDAzLmpwZyI+PGJyPjxicj4KPGgyIHN0eWxlPSJib3JkZXItbGVmdDojZjM1YzAxIDVweCBzb2xpZDsgcGFkZGluZy1sZWZ0OjhweDsgZm9udC1zaXplOjIwcHg7Ij7ku5jlsZ7jg4Tjg7zjg6vjgYzlhYXlrp88L2gyPgo8cD4K5L6/5Yip44Gq6ZqZ6ZaT44OO44K644Or44Go44Kz44Oz44OT44ON44O844K344On44Oz44OO44K644Or44GuMueCueOBjOS7mOWxnu+8gQo8L3A+PGltZyBzcmM9Imh0dHA6Ly9pbWFnZS5yYWt1dGVuLmNvLmpwL3Ric3Nob3BwaW5nL2NhYmluZXQvaW1nMi8wMDc3ODEyX2QwNC5qcGciPjxicj48YnI+CjxwPgril4/pmpnplpPjg47jgrrjg6vigKbjgr3jg5XjgqHjgoTjg4bjg6zjg5Plj7Djga7oo4/jgarjganni63jgYTpmpnplpPjga7mjoPpmaTjgavkvr/liKnjgII8YnI+CuKXj+OCs+ODs+ODk+ODjeODvOOCt+ODp+ODs+ODjuOCuuODq+KApueUqOmAlOOBq+WQiOOCj+OBm+OBpuS9v+OBiOOCi+ODluODqeOCt+S7mOOBjeODjuOCuuODq+OAgueLreOBhOWgtOaJgOOBruaOg+mZpOOBq+S+v+WIqeOAggo8L3A+PGgyIHN0eWxlPSJib3JkZXItbGVmdDojZjM1YzAxIDVweCBzb2xpZDsgcGFkZGluZy1sZWZ0OjhweDsgZm9udC1zaXplOjIwcHg7Ij7lrInjgZfjgYTjgYrlvpfjgarjgrvjg4Pjg4jvvIE8L2gyPgo8cD4K44CQ44Of44OL44K944OV44OI44OW44Op44K377yINSwwMDDlhobvvInjgJE8YnI+CuOChOOCj+OCieOBi+OBhOODluODqeOCt+OBp+OAgeODm+OCs+ODquOCkuOChOOBleOBl+OBj+WPluOCiumZpOOBjeOBvuOBmeOAggo8L3A+PGltZyBzcmM9Imh0dHA6Ly9pbWFnZS5yYWt1dGVuLmNvLmpwL3Ric3Nob3BwaW5nL2NhYmluZXQvaW1nMi8wMDc3ODEyX2QwNS5qcGciPjxicj48YnI+Cgo8cD4K77yc5pys5L2T77yePGJyPgril4/lnovnlarvvI9EQzYxTUhNTzxicj4K4peP44K144Kk44K6KOe0hCnvvI8xMjfDlzIwOMOXMzE1bW0o44OQ44OD44OG44Oq44O85ZCr44KAKTxicj4K4peP6YeN44GVKOe0hCnvvI8xLjU1a2co5qiZ5rqW44OY44OD44OJ44CB44OQ44OD44OG44Oq44O85ZCr44KAKTxicj4K4peP44Kr44Op44O877yP44OR44O844OX44OrJuOCt+ODq+ODkOODvDxicj4K4peP44Kz44O844OJ44Gu6ZW344GVKOe0hCnvvI8xLjhtKOWFhembu+WZqCk8YnI+CuKXj+mbu+a6kO+8j0FDMTAwVig1MC82MEh6KTxicj4K4peP5YWF6Zu75pmC6ZaT44Gu55uu5a6JKOe0hCnvvI8z5pmC6ZaTMzDliIY8YnI+CuKXj+S9v+eUqOWPr+iDveaZgumWkyjntIQp77yP6YCa5bi444Oi44O844OJMjDliIbvvIjjg5/jg4vjg6Ljg7zjgr/jg7zjg5jjg4Pjg4nkvb/nlKjmmYIxN+WIhuOAgeW8t+ODouODvOODiTbliIbvvIk8YnI+CuKXj+adkOizqu+8j0FCU+aoueiEguOAgeODneODquOCq+ODvOODnOODjeODvOODiOOAgeS7ljxicj4K4peP5L+d6Ki85pyf6ZaT77yPMuW5tDxicj48YnI+CgrvvJzjg5/jg4vjgr3jg5Xjg4jjg5bjg6njgrfvvJ48YnI+CuKXj+OCteOCpOOCuijntIQp77yPNTfDlzk3w5cxNDNtbTxicj4K4peP6YeN44GVKOe0hCnvvI81OGc8YnI+CuKXj+adkOizqu+8j0FCU+aoueiEguOAgeODneODquODl+ODreODlOODrOODswo8L3A+PGgyIHN0eWxlPSJib3JkZXItbGVmdDojZjM1YzAxIDVweCBzb2xpZDsgcGFkZGluZy1sZWZ0OjhweDsgZm9udC1zaXplOjIwcHg7Ij7oo73lk4Hku5Xmp5g8L2gyPuKXj+OCu+ODg+ODiOWGheWuue+8j+acrOS9k+OAgeWPluaJseiqrOaYjuabuOOAgeOCs+ODs+ODk+ODjeODvOOCt+ODp+ODs+ODjuOCuuODq+OAgemamemWk+ODjuOCuuODq+OAgeODn+ODi+ODouODvOOCv+ODvOODmOODg+ODieOAgeWFhembu+WZqOOAgeODn+ODi+OCveODleODiOODluODqeOCtzxicj4K4peP6KO96YCg77yP44Oe44Os44O844K344KiPGJyPjxicj48YnI+44CQ6L+U5ZOB5p2h5Lu244CR6L+U5ZOBQzvjg5Hjg4PjgrHjg7zjgrjvvIjljJbnsqfnrrHjgIHjg5Pjg4vjg7zjg6vooovjgIHjg5Djg7zjgrjjg7Pjgrfjg7zjg6vnrYnvvInmnKrplovlsIHjgavpmZDjgorov5Tlk4HkuqTmj5vjgYzlj6/og73jgafjgZnjgII8YnI+PGJyPlRCU+OCt+ODp+ODg+ODlOODs+OCsOOAgOiyt+OBhOODhuOCreOAgOOBi+OBhOOBpuOBjeOAgOOCq+OCpOODhuOCreOAgGthaXRla2njgIBUQlPpgJrosqnjgIDjg5bjg6njg7Pjg4Hjgrfjg6fjg4Pjg5Tjg7PjgrDjgIDjgbbjgonjgpPjgaHjgZfjgofjgaPjgbTjgpPjgZDjgIDjg5bjg6njgrfjg6fjgIDjgbbjgonjgZfjgofjgIDjgqvjgqTjg6Ljg47jg6njg5zjgIDjgYvjgYTjgoLjga7jgonjgbzjgIDjg4DjgqTjgr3jg7PjgIDjg4/jg7Pjg4fjgqPjgIDjgq/jg6rjg7zjg4rjg7zjgIBEQzYx44CA44Of44OL44K944OV44OI44OW44Op44K344CA5o6D6Zmk5qmf44CA5ZC45byV5YqbPGRpdiBhbGlnbj0iY2VudGVyIj48aW1nIHNyYz0iaHR0cDovL3d3dy5yYWt1dGVuLm5lLmpwL2dvbGQvdGJzc2hvcHBpbmcvcmVzb3VyY2UvaW1hZ2UvdG9wL3JhbmtuYXZpXzAyLmpwZyIgd2lkdGg9IjcwMCIgYm9yZGVyPSIwIiBhbHQ9IuS6uuawl+ODqeODs+OCreODs+OCsCI+PC9kaXY+CjxkaXYgYWxpZ249ImNlbnRlciI+PC9kaXY+CgoKPGJyPjxicj4KPGRpdiBhbGlnbj0iY2VudGVyIj48aW1nIHNyYz0iaHR0cDovL3d3dy5yYWt1dGVuLm5lLmpwL2dvbGQvdGJzc2hvcHBpbmcvcmVzb3VyY2UvaW1hZ2UvdG9wL3JpYWx0YWltZV90dGwuanBnIiB3aWR0aD0iNzAwIiBib3JkZXI9IjAiIGFsdD0i44Oq44Ki44Or44K/44Kk44Og5bqX6IiX54q25rOBIj48L2Rpdj4KPGRpdiBhbGlnbj0iY2VudGVyIj48L2Rpdj4KCjxzdHlsZSB0eXBlPSJ0ZXh0L2NzcyI+CgovKuiyt+OBhOeJqeOBi+OBlOOBq+WFpeOCjOOCi+ODnOOCv+ODsyovCmRpdiNyYWt1dGVuTGltaXRlZElkX2Fyb3VuZENhcnQgLmZsb2F0aW5nQ2FydFB1cmNoYXNlQnV0dG9uc0NvbnRhaW5lciAuZmxvYXRpbmdDYXJ0U3BsaXRCdXR0b25zIC5jYXJ0LWJ1dHRvbi1jb250YWluZXIgLm5ldy1jYXJ0LWJ1dHRvbiB7Cgl3aWR0aDogMTk1cHggIWltcG9ydGFudDsKCWhlaWdodDogODBweCAhaW1wb3J0YW50Owp9CmRpdiNyYWt1dGVuTGltaXRlZElkX2Fyb3VuZENhcnQgLm5ldy1jYXJ0LWJ1dHRvbiB7CiAgICB3aWR0aDogMTk1cHggIWltcG9ydGFudDsKICAgIGhlaWdodDogODBweCAhaW1wb3J0YW50OwoKfQoKLyog44GK5rCX44Gr5YWl44KK5ZWG5ZOB5beu44GX5pu/44GI44K/44KwICovCiNyYWt1dGVuTGltaXRlZElkX2Fyb3VuZENhcnQgI3NlcnZpY2VUYWJsZVNtbCB0ZC5mYXZvcml0ZSB7IHBhZGRpbmctdG9wOiAwcHg7fQojcmFrdXRlbkxpbWl0ZWRJZF9hcm91bmRDYXJ0IGRpdi5ib29rbWFya0FyZWEgZGl2LmJrbSB7CiB3aWR0aDogMzI4cHggIWltcG9ydGFudDsKIGhlaWdodDogMzA4cHggIWltcG9ydGFudDsKIHBhZGRpbmc6IDEwcHggMHB4IDIwcHggMHB4ICFpbXBvcnRhbnQ7Cn0KI3Jha3V0ZW5MaW1pdGVkSWRfYXJvdW5kQ2FydCBkaXYuYm9va21hcmtBcmVhIGRpdi5ia20gYS5hZGRCa20gewogd2lkdGg6IDMyOHB4ICFpbXBvcnRhbnQ7CiBoZWlnaHQ6IDMwOHB4ICFpbXBvcnRhbnQ7Cn0KI3Jha3V0ZW5MaW1pdGVkSWRfYXJvdW5kQ2FydCBkaXYuYm9va21hcmtBcmVhIGRpdi5ia20gYS5hZGRCa20gc3Bhbi5ia21TdGFyIHsKIGRpc3BsYXk6IGlubGluZS1ibG9jayAhaW1wb3J0YW50Owogd2lkdGg6IDMyOHB4ICFpbXBvcnRhbnQ7CiBoZWlnaHQ6IDMwOHB4ICFpbXBvcnRhbnQ7Cm1hcmdpbjowcHggMHB4IDBweCAwcHggIWltcG9ydGFudDsKIGJhY2tncm91bmQ6IHVybCgiaHR0cDovL3d3dy5yYWt1dGVuLm5lLmpwL2dvbGQvdGJzc2hvcHBpbmcvcmVzb3VyY2UvaW1hZ2UvY29tbW9uL2ZhdmJ0bjAyLmpwZz8xMjIiKW5vLXJlcGVhdCAwIDAgIWltcG9ydGFudDsKfQoKLyog44GK5rCX44Gr5YWl44KK44K344On44OD44OX5beu44GX5pu/44GI44K/44KwICovCmRpdi5ib29rbWFya0FyZWEgewogd2lkdGg6IDMyOHB4ICFpbXBvcnRhbnQ7Cn0KI3Jha3V0ZW5MaW1pdGVkSWRfYXJvdW5kQ2FydCBkaXYuc2hvcEJvb2ttYXJrQXJlYSBkaXYuc2hvcEJrbSB7CiB3aWR0aDogMzI4cHggIWltcG9ydGFudDsKIGhlaWdodDogNDZweCAhaW1wb3J0YW50OwogcGFkZGluZzogMHB4IDBweCAhaW1wb3J0YW50OwogcGFkZGluZy1sZWZ0OiAwcHggIWltcG9ydGFudDsKfQojcmFrdXRlbkxpbWl0ZWRJZF9hcm91bmRDYXJ0IGRpdi5zaG9wQm9va21hcmtBcmVhIGRpdi5zaG9wQmttIGEuYWRkU2hvcEJrbQpzcGFuLnNob3BCa21TdGFyIHsKZGlzcGxheTogaW5saW5lLWJsb2NrICFpbXBvcnRhbnQ7CiB3aWR0aDogMzI4cHggIWltcG9ydGFudDsKIGhlaWdodDogNDZweCAhaW1wb3J0YW50OwogbWFyZ2luLXJpZ2h0OiAwcHggIWltcG9ydGFudDsKIGJhY2tncm91bmQ6IHVybCgiaHR0cDovL3d3dy5yYWt1dGVuLm5lLmpwL2dvbGQvdGJzc2hvcHBpbmcvcmVzb3VyY2UvaW1hZ2UvY29tbW9uL2ZhdmJ0bjAzLmpwZz8wMTIiKSBuby1yZXBlYXQgIWltcG9ydGFudDsKfQoKCjwvc3R5bGU+,44CQ6YCB5paZ54Sh5paZJmFtcDs1MDAw5YaG44Gu44OW44Op44K344K744OD44OI44CR44OA44Kk44K944OzIOODj+ODs+ODh+OCo+OCr+ODquODvOODiuODvO+8jyBEQzYxIE1ITU/vvI/jg5/jg4vjgr3jg5Xjg4jjg5bjg6njgrfku5jjgY0gZHlzb24gZGM2MSDjgrPjg7zjg4njg6zjgrkg44OR44Ov44OV44OrIOWkieOCj+OCieOBquOBhOWQuOW8leWKmyDjgrPjg7Pjg5Hjgq/jg4gg5o6D6Zmk5qmfIOOAkFRCU+OCt+ODp+ODg+ODlOODs+OCsOOAke+8mlRCU+OCt+ODp+ODg+ODlOODs+OCsOOAgOalveWkqeW4guWgtOW6lw==,6LK344GE44OG44Kt77yB6YCa6LKp44OE44Km44CA44GL44GE44Gm44GN44CA44Kr44Kk44OG44Kt44CAa2FpdGVraeOAgOOBu+OBo+OBl+OCg+OCk+OAgOOBu+OBl+OBoOOAgOWztuW0juWSjOatjOWtkOOAgOOBl+OBvuOBluOBjeOCj+OBi+OBk+eOi+anmOOBruODluODqeODs+ODgeOAgOODluODqeODs+ODgeOCt+ODp+ODg+ODlOODs+OCsOOAgOODluODqeOCt+ODp+OAgOOBtuOCieOCk+OBoeOBl+OCh+OBo+OBtOOCk+OBkOOAgGJ1cmFzeW/jgIBidXJhbm50aeOAgGJydW5jaOOAgOOBiuOBhuOBleOBvuOAgOOBiuOBiuOBleOBvlRCU+OCt+ODp+ODg+ODlOODs+OCsOOAgHRic+OCt+ODp+ODg+ODlOODs+OCsOOAgOODhuOCo+ODvOODk+ODvOOCqOOCueOAgOOBpuOBg+ODvOOBs+ODvOOBiOOBmeOAgFRCU+WFrOW8j+OCquODs+ODqeOCpOODs+OCt+ODp+ODg+ODl+OCq+OCpOODouODjuODqeODnOOAgOOBi+OBhOOCguOBruOCieOBvOOAgEtBSU1PTk9SQUJP44CAa2FpbW9ub3JhYm/jgIDml6Xjg4bjg6zjgIDjgavjgaPjgabjgozjgIDjg4vjg4Pjg4bjg6zjgIDjg53jgrfjg6Xjg6zjgIDjg53jg7Pjg53jg7Pjg53jgrfjg6Xjg6zjgIDjgb3jgpPjgb3jgpPjgb3jgZfjgoXjgozjgIDjg4fjgqPjg47jgrnjgIDjg5Xjgrjjg4bjg6zjg5PjgIDjgafjgYPjga7jgZnjgIDjgbXjgZjjgIDjgYTjgYTjgoLjga7jg5fjg6zjg5/jgqLjg6DjgIDjgYTjgYTjgoLjga7jgbfjgozjgb/jgYLjgoDjgIDjg5Ljg4fjgIDjgbLjgafjgIBESuODouODjuODleOCp+OCueOCv+OAgOOCguOBruOBteOBiOOBmeOBn+OAgOOCguOBruOBteOBh+OBmeOBn+iyt+OBhOODgOODjeOAgOOBi+OBhOOBoOOBreOAgEtBSURBTkXjgIBrYWlkYW5lZWPjgIBFQ+OAgOOBhOODvOOBl+ODvOOAgOOCpOODvOOCt+ODvOODhuODrOODk+ODu+ODqeOCuOOCqumAmuiyqeeVque1hOOAgOOBpOOBhuOBr+OCk+OAgOODhOOCpuODj+ODs+OAgOODhuODrOODk+OCt+ODp+ODg+ODlOODs+OCsOOAgOOBpuOCjOOBs+OBl+OCh+OBo+OBtOOCk+OBkOOAgOOBpOOBhuOBl+OCk+OBr+OCk+OBsOOBhOOAgOODhOOCpuOCt+ODs+ODj+ODs+ODkOOCpOmtlOWls+OBq+iogOOCj+OCjOOBn+OBhOWknOOAgOOBvuOBmOOCh+OBq+OBhOOCj+OCjOOBn+OBhOOCiOOCi+OAgOOBvuOBmOOCh+OAgOODnuOCuOODp+OAgE1BSk/jgIBtYWpv44OG44Os44OT5pyd5pel44CA44OG44Os5pyd44CA44Gm44KM44GC44GV44CA44OG44Os44Ki44K144CA44GY44KF44KT5pWj5q2p44CA44K444Ol44Oz44K144Oz44Od44CA44GY44KF44KT44GV44KT44G944CA44Oi44OO44Kz44Oz44K344Kn44Or44K444Ol44CA44KC44Gu44GT44KT44GX44GH44KL44GY44KF44CQ6YCB5paZ54Sh5paZJmFtcDs1MDAw5YaG44Gu44OW44Op44K344K744OD44OI44CR44OA44Kk44K944OzIOODj+ODs+ODh+OCo+OCr+ODquODvOODiuODvO+8jyBEQzYxIE1ITU/vvI/jg5/jg4vjgr3jg5Xjg4jjg5bjg6njgrfku5jjgY0gZHlzb24gZGM2MSDjgrPjg7zjg4njg6zjgrkg44OR44Ov44OV44OrIOWkieOCj+OCieOBquOBhOWQuOW8leWKmyDjgrPjg7Pjg5Hjgq/jg4gg5o6D6Zmk5qmfIOOAkFRCU+OCt+ODp+ODg+ODlOODs+OCsOOAkQ==,6YCB5paZ54Sh5paZIOS6uuawl+OBruOCs+ODvOODieODrOOCueOCv+OCpOODl++8geOAguOAkOmAgeaWmeeEoeaWmSZhbXA7NTAwMOWGhuOBruODluODqeOCt+OCu+ODg+ODiOOAkeODgOOCpOOCveODsyDjg4/jg7Pjg4fjgqPjgq/jg6rjg7zjg4rjg7zvvI8gREM2MSBNSE1P77yP44Of44OL44K944OV44OI44OW44Op44K35LuY44GNIGR5c29uIGRjNjEg44Kz44O844OJ44Os44K5IOODkeODr+ODleODqyDlpInjgo/jgonjgarjgYTlkLjlvJXlipsg44Kz44Oz44OR44Kv44OIIOaOg+mZpOapnyDjgJBUQlPjgrfjg6fjg4Pjg5Tjg7PjgrDjgJE=[rn]
37-97072,aHR0cDovL3RzaG9wLnIxMHMuanAvZ21hbGwvY2FiaW5ldC9oMjkwMzA2L2RjNDh0aGV4c3AuanBnP2ZpdGluPTcwMDo3MDA=,Mzc1MjAuMDAwMA==,,5a626Zu7ID4g55Sf5rS75a626Zu7ID4g5o6D6Zmk5qmf44O744Kv44Oq44O844OK44O8ID4g5o6D6Zmk5qmf,44CQ5paw5ZOB44O76YCB5paZ54Sh5paZ44O744Kr44O844OJ5rG65riI5Y+v44O75Luj5byV44GN5omL5pWw5paZ54Sh5paZ44CRRHlzb24gIERDNDh0dXJiaW5laGVhZCBEQzQ4VEhFWFNQIOOAjOODk+ODg+OCr+OCq+ODoeODqeOCsOODq+ODvOODl+OCquODquOCuOODiuODq+OAjQ==,44CQ5paw5ZOBL+mAgeaWmeeEoeaWme+8muaylue4hOODu+mbouWztuOCkumZpOOBj+OAkeOAkOW7tumVt+S/neiovOWPl+S7mOS4reOAkQ==,PHRhYmxlIHdpZHRoPSI3MzAiIGJvcmRlcj0iMSIgYm9yZGVyY29sb3I9IiMwMDAwMDAiPgogIDx0cj4KICAgIDx0aCB3aWR0aD0iMTY3IiBiZ2NvbG9yPSIjQ0NDQ0NDIiBzY29wZT0icm93Ij48ZGl2IGFsaWduPSJjZW50ZXIiPjxmb250IHNpemU9IjIiPuWfuuacrOOCueODg+ODmuOCrzwvZm9udD48L2Rpdj48L3RoPgogICAgPHRkIHdpZHRoPSI1NDciIGJnY29sb3I9IiNGRkZGRkYiPjxwPjxmb250IHNpemU9IjIiPgoK4piF5pys5L2T44K144Kk44K677ya44CA5bmFw5flpaXooYzDl+mrmOOBle+8muOAgO+8ku+8ke+8ksOX77yW77yZ77yUw5fvvJbvvJnvvJjvvY3vvY0KPGJyPuKYheacrOS9k+mHjemHj++8muOAgO+8lO+8ju+8l++8le+9i++9hwo8YnI+4piF5a6a5qC85raI6LK76Zu75Yqb44CA77yt77yh77y444CA77yI77y377yJ77ya44CA77yR77yR77yV77yQ77y3Cjxicj7imIXjg5XjgqPjg6vjgr/jg7zvvI/mjqjlpajjgYrmiYvlhaXjgozmmYLmnJ/vvJrjgIDjg5fjg6zjg6Ljg7zjgr/jg7zjg5XjgqPjg6vjgr/jg7zjgIDmnIDkvY7vvJHlubTjgavvvJHluqYKPGJyPuKYheiJsu+8muOAgOOCteODhuODs+ODkeODvOODl+ODqwoKCjwvZm9udD4gPC9wPgogICA8L3RkPgogIDwvdHI+CiAgPHRyPgogICAgPHRoIGJnY29sb3I9IiNDQ0NDQ0MiIHNjb3BlPSJyb3ciPjxmb250IHNpemU9IjIiPjxkaXYgYWxpZ249ImNlbnRlciI+5rOo5oSP5LqL6aCFPC9kaXY+PC9mb250PjwvdGg+CiAgICA8dGQgYmdjb2xvcj0iI0ZGRkZGRiI+PHA+PGZvbnQgc2l6ZT0iMiI+4oC744K544Oa44OD44Kv5oOF5aCx44KS5ZCr44KB44CB5o6y6LyJ44GX44Gm44GE44KL5L6h5qC844KE44K544Oa44OD44Kv44O75LuY5bGe5ZOB44O755S75YOP44Gq44Gp5YWo44Gm44Gu5oOF5aCx44Gv44CB5LiH5YWo44Gu5L+d6Ki844KS44GE44Gf44GX44GL44Gt44G+44GZ44CC6Kmz44GX44GP44Oh44O844Kr44O844Gr5ZWP44GE5ZCI44KP44Gb44GP44Gg44GV44GE44CCPC9mb250PjwvcD4KICAgICAgPHA+PGZvbnQgc2l6ZT0iMiI+4oC744Kq44OX44K344On44Oz562J44Gu6YG45oqe6aCF55uu44Gu5aKX5rib6YeR6aGN6YCB5paZ562J44Gv6Ieq5YuV6KiI566X44O76Ieq5YuV6L+U5L+h44Oh44O844Or44Gr44Gv5Y+N5pig44GV44KM44G+44Gb44KT44CB44GU5rOo5paH56K65a6a5b6M6YeR6aGN44Gu5L+u5q2j44KS6KGM44GE5pS544KB44Gm5ZCI6KiI6YeR6aGN44KS44CO44GU5rOo5paH5om/6Ku+6YCa55+l44Oh44O844Or44CP44Gr44Gm44GU5qGI5YaF44GE44Gf44GX44G+44GZ44CCPC9mb250PjwvcD4KICAgICA8cD48Zm9udCBzaXplPSIyIj7igLvlvIrnpL7jgafjga/lk4Hos6rlkJHkuIrjga7kuIDnkrDjgajjgZfjgabjgIHkuIDpg6jlnKjluqvoo73lk4HjgpLplovlsIHjgZfjgablk4Hos6rnorroqo3jgZnjgovjgZPjgajjgYzjgYLjgorjgb7jgZnjgILjgZ3jga7jgZ/jgoHljIXoo4XnrrHjgavplovlsIHot6Hjga7jgYLjgovloLTlkIjjgYzjgYLjgorjgb7jgZnjgILpgJrluLjlh7rojbfoo73lk4Hjgajjga7pgZXjgYTjga/jgarjgY/jgIHlronlv4PjgZfjgabjgZTkvb/nlKjjgYTjgZ/jgaDjgZHjgb7jgZnjgILkuojjgoHjgZTkuobmib/jgY/jgaDjgZXjgYTjgII8L2ZvbnQ+PC9wPiAgICA8L3RkPgogIDwvdHI+CiAgCiAgPHRoIGJnY29sb3I9IiNDQ0NDQ0MiIHNjb3BlPSJyb3ciPjxmb250IHNpemU9IjIiPjxkaXYgYWxpZ249ImNlbnRlciI+5Yid5pyf5LiN6Imv5a++6LGh5aSW5ZWG5ZOBPC9kaXY+PC9mb250PjwvdGg+CiAgICA8dGQgYmdjb2xvcj0iI0ZGRkZGRiI+PHA+PGZvbnQgc2l6ZT0iMiI+4oC75a++6LGh5aSW5ZWG5ZOB5Yid5pyf5LiN6Imv44GM55Sf44GY44Gf5aC05ZCI44Gu5a++5b+c44Gv5YWo44Gm44Oh44O844Kr44O844K144Od44O844OI44Gu5a++5b+c44Go44Gq44KK44G+44GZ44CC44GK5a6i5qeY44KI44KK6ZaL5bCB44GV44KM44Gf5aC05ZCI44Gv5b2T5bqX6LKp5aOy57SE5qy+44Gr44GU5ZCM5oSP6aCC44GE44Gf44KC44Gu44Go44GX44G+44GZ44CCPC9mb250PjwvcD4KICAgICA8cD48Zm9udCBzaXplPSIyIj7igLvlr77osaHlpJbllYblk4HvvJrjg57jgqTjgq/jg63jgr3jg5Xjg4joo73lk4HjgIFTT05Z6KO95ZOB44CB44OR44OK44K944OL44OD44Kv6KO95ZOB44CBTEfoo73lk4HjgIFHb29nbGUo44Kw44O844Kw44OrKeijveWTgeOAgeODnuOCpuOCueOCs+ODs+ODlOODpeODvOOCv+ODvOijveWTgeOAgU9OS1lPKOOCquODs+OCreODqOODvCnoo73lk4HjgIFIdWF3ZWko44OV44Kh44O844Km44Kn44KkKeijveWTgeOAgeadseiKneijveWTgeOAgU5FQ+ijveWTgeOAgUVQU09O6KO95ZOB44CB44Ki44OD44OX44Or6KO95ZOB44CB5a+M5aOr6YCa6KO95ZOB44CBSFDvvIjjg5Ljg6Xjg7zjg6zjg4Pjg4njg7vjg5Hjg4Pjgqvjg7zjg4nvvInoo73lk4HjgIFERUxM6KO95ZOB44CBQUNFUu+8iOOCqOOCpOOCteODvO+8ieijveWTgeOAgUxFTk9WT++8iOODrOODjuODnCnoo73lk4HjgIFBU1VT77yI44Ko44Kk44K544O844K577yJ6KO95ZOB44CB44Ot44K444Kv44O844Or6KO95ZOB44CBaVJvYm906KO95ZOB44CBRHlzb27vvIjjg4DjgqTjgr3jg7PvvInoo73lk4HjgIHjgrLjg7zjg6DmqZ/mnKzkvZPjgIHnkIbnvo7lrrnmqZ/lmajjgIHlkITnqK7jgr3jg5Xjg4jjgqbjgqfjgqLjgIFEVkQtUuetieiomOmMsuODoeODh+OCo+OCouOAgeWkp+Wei+ODhuODrOODk+OAgembu+WtkOODrOODs+OCuOmhnuOAgea4qeawtOa4hea1hOS+v+W6p+OAgemjn+WZqOa0l+OBhOapn+OAgemjn+WZqOS5vueHpeapn+OAgeODnuODg+OCteODvOOCuOODgeOCp+OCouOBquOBqeOAgjwvZm9udD48L3A+ICAgIDwvdGQ+CiAgCjwvdGFibGU+PCEtLTxwPjxpbWcgYm9yZGVyPTAgc3JjPSJodHRwOi8vaW1hZ2UucmFrdXRlbi5jby5qcC9rYWVuLXdlYi9jYWJpbmV0LzAxNzUwMDQwL2ltZ3JjMDA4NzU1ODk0NS5qcGciIHdpZHRoPTYxNSBoZWlnaHQ9MjcwPjwvcD4KPHA+PGI+PGZvbnQgY29sb3I9IiNGRjAwMDAiPuiHqueEtuaVhemanDwvZm9udD48L2I+77ya5ZWG5ZOB44Gu6KO96YCg44Oh44O844Kr44O844Gu44Oe44OL44Ol44Ki44Or44G+44Gf44Gv5Y+W5omx6Kqs5piO5pu444Gr5pu444GL44KM44Gm44GE44KL5q2j44GX44GE5L2/55So5rOV44KS44GX44Gf44Gr44KC44GL44GLPC9wPjxwPuOCj+OCieOBmgrnmbrnlJ/jgZfjgZ/pm7vmsJfnmoTjgIHmqZ/morDnmoTmlYXpmpzjgII8L3A+CjxwPjxJTUcgYm9yZGVyPTAgc3JjPSJodHRwOi8vaW1hZ2UucmFrdXRlbi5jby5qcC9rYWVuLXdlYi9jYWJpbmV0LzAxNzUwMDQwL2ltZ3JjMDA4NzU1ODk0Ni5qcGciIHdpZHRoPTYxNSBoZWlnaHQ9MjcwPjwvcD4tLT4KCgo8dGFibGUgYm9yZGVyPTIgYm9yZGVyQ29sb3I9I2ZmMDAwMCB3aWR0aD03MTAKIGJnQ29sb3I9I2ZmZmZjYyBoZWlnaHQ9MTczPgogICAgPHRyPgogICAgICA8dGQgaGVpZ2h0PTE2MCB3aWR0aD03MTA+CjxkaXYgY2xhc3M9U1RZTEUxIGFsaWduPWxlZnQ+CjxQIGNsYXNzPVNUWUxFNCBhbGlnbj1jZW50ZXI+PC9QPjxTUEFOIGNsYXNzPVNUWUxFNz48Yj7igLvov73liqDjgqrjg5fjgrfjg6fjg7PjgpLjgYrpgbjjgbPpoILjgYTjgZ/mlrnjgbjigLs8L2I+IDwvU1BBTj4KPFAgY2xhc3M9U1RZTEU2PuODu+OBiuWuouanmOOBlOazqOaWh+W+jOOAgealveWkqeOCiOOCiuOAgOOAkOalveWkqeW4guWgtOOAkeazqOaWh+WGheWuueOBlOeiuuiqje+8iOiHquWLlemFjeS/oeODoeODvOODq++8ieOBjOWxiuOBjeOBvuOBmeOAguOBk+OBruaZgueCueOBp+OBr+i/veWKoOOCquODl+OCt+ODp+ODs+OBrumHkemhjeOBjOWPjeaYoOOBleOCjOOBpuOBhOOBvuOBm+OCk+OAgjwvUD4KPFAgY2xhc3M9U1RZTEU2PuODu+OBlOazqOaWh+eiuuWumuW+jOOAgeW9k+W6l+OBq+OBpuOBlOazqOaWh+WGheWuueOCkueiuuiqjeWHuuadpeasoeesrOOAgemHkemhjeOBruS/ruato+OCkuihjOOBhOOAgeaUueOCgeOBpuWQiOioiOmHkemhjeOCkuOAjuOBlOazqOaWh+aJv+irvumAmuefpeODoeODvOODq+OAj+OBq+OBpuOBlOahiOWGheOBhOOBn+OBl+OBvuOBmeOAgjwvUD4KICAgICAgPFAgY2xhc3M9U1RZTEU2PuODu+OBvuOBn+OAgemKgOihjOaMr+i+vOODu+OCs+ODs+ODk+ODi+axuua4iOetieOCkuOBiumBuOOBs+mgguOBhOOBn+WgtOWQiOOBr+OAgeW9k+W6l+OBi+OCieOBruOAjuOBlOazqOaWh+aJv+irvumAmuefpeODoeODvOODq+OAj+OCkuOBlOeiuuiqjemgguOBjeOAgeOBneOBruW+jOOAgeOBiuaJi+e2muOBjeOCkuOBiumAsuOCgeS4i+OBleOBhOOBvuOBmeanmOOAgeOBiumhmOOBhOeUs+OBl+S4iuOBkuOBvuOBmeOAgjwvUD48L2Rpdj48L3RkPgogICAgPC90cj4KPC90YWJsZT4KCjwhLS08VEFCTEUgd2lkdGg9IjYxNSIgaGVpZ2h0PSIxMDUiIGJvcmRlcj0iMiIgYm9yZGVyY29sb3I9IiNGRjAwMDAiIGJnY29sb3I9IiNGRkZGQ0MiPgogIDxUQk9EWT4KICAgIDxUUj4KICAgICAgPFREIHdpZHRoPSI2MDMiIGhlaWdodD0iOTciPjxESVYgY2xhc3M9IlNUWUxFMiI+CiAgICAgICAgPGRpdiBhbGlnbj0iY2VudGVyIj48Zm9udCBjb2xvcj0iI0ZGMDAwMCI+PHNwYW4gY2xhc3M9IlNUWUxFMyI+PGI+44Kv44Os44K444OD44OI44Kr44O844OJ5LiN5q2j5Yip55So6Ziy5q2i44Gu44Gf44KB44Gu44GK6aGY44GEITwvYj48L3NwYW4+PC9mb250Pjxicj4KICAgICAgICA8L2ZvbnQ+PC9mb250PjwvZGl2PgogICAgICAgIDxwIGFsaWduPSJsZWZ0Ij48Zm9udCBjb2xvcj0iIzAwMDAwMCIgc2l6ZT0iMiI+4pag44GU5L2/55So6aCC44GR44KL44Kv44Os44K444OD44OI44Kr44O844OJ44Gv44CB5rOo5paH6ICF5qeY44GU5pys5Lq65ZCN576p44Gr6ZmQ44KK44G+44GZ44CCPGJyPgogICAgICAgICAgICDilqDjgZTms6jmlofjga7pmpvjgoTjgIHojbfnianjgpLlvJXjgY3muKHjgZfjga7pmpvjgavjgIHjgYrlrqLmp5jjga7mnKzkurrnorroqo3vvIjpm7voqbHnorroqo3nrYnvvInjgpLjgYrpoZjjgYTjgZnjgovjgZPjgajjgYzjgYLjgorjgIHjgZTmnKzkurrnorroqo3jgafjgY3jgarjgYTloLTlkIjjga/ojbfnianjgpLjgYrpgIHjgorjgZnjgovjgZPjgajjgYzjgafjgY3jgb7jgZvjgpPjgII8QlI+CiAgICAgICAgICDilqDnorroqo3jga7pmpvjgavjgIzpm7voqbHnlarlj7fjgYzkvb/jgo/jgozjgabjgYrjgorjgb7jgZvjgpPjgI3jgIHjgb7jgZ/jga/jgqvjg7zjg4nkvJrnpL7jgojjgorkuI3mraPliKnnlKjjgYznmbropprjgZfjgZ/loLTlkIjjga/jgZTms6jmlofjgpLlj5fjgZHjgYvjga3jgb7jgZnjgII8QlI+CiAgICAgICAgICDilqDjgYrlrqLmp5jjga7jgZTliKnnlKjnirbmhYvnrYnjgavjgojjgaPjgabjga/jgIHku5bjga7msbrmuIjmiYvmrrXjgavlpInmm7TjgpLjgYrpoZjjgYTjgZnjgovloLTlkIjjgYzjgZTjgZbjgYTjgb7jgZnjgII8L2ZvbnQ+PGJyPgogICAgICAgIDwvcD4KICAgICAgPC9ESVY+PC9URD4KICAgIDwvVFI+CiAgPC9UQk9EWT4KPC9UQUJMRT4tLT4KPEJSPgo8VEFCTEUgd2lkdGg9IjcxMCIgaGVpZ2h0PSIxMDUiIGJvcmRlcj0iMiIgYm9yZGVyY29sb3I9IiNGRjAwMDAiIGJnY29sb3I9IiNGRkZGQ0MiPgogIDxUQk9EWT4KICAgIDxUUj4KICAgICAgPFREIHdpZHRoPSI3MTAiIGhlaWdodD0iOTciPjxESVYgY2xhc3M9IlNUWUxFMiI+CiAgICAgICAgPGRpdiBhbGlnbj0iY2VudGVyIj48Zm9udCBjb2xvcj0iI0ZGMDAwMCI+PHNwYW4gY2xhc3M9IlNUWUxFMyI+PGI+44Kv44Os44K444OD44OI44Kr44O844OJ5LiN5q2j5Yip55So6Ziy5q2i44Gu44Gf44KB44Gu44GK6aGY44GEITwvYj48L3NwYW4+PC9mb250Pjxicj4KICAgICAgICA8L2ZvbnQ+PC9mb250PjwvZGl2PgogICAgICAgIDxwIGFsaWduPSJsZWZ0Ij48Zm9udCBjb2xvcj0iIzAwMDAwMCIgc2l6ZT0iMiI+4pag44GU5L2/55So6aCC44GR44KL44Kv44Os44K444OD44OI44Kr44O844OJ44Gv44CB5rOo5paH6ICF5qeY44GU5pys5Lq65ZCN576p44Gr6ZmQ44KK44G+44GZ44CCPGJyPgogICAgICAgICAgICDilqDjgZTms6jmlofjga7pmpvjgoTjgIHojbfnianjgpLlvJXjgY3muKHjgZfjga7pmpvjgavjgIHjgYrlrqLmp5jjga7mnKzkurrnorroqo3vvIjpm7voqbHnorroqo3nrYnvvInjgpLjgYrpoZjjgYTjgZnjgovjgZPjgajjgYzjgYLjgorjgIHjgZTmnKzkurrnorroqo3jgafjgY3jgarjgYTloLTlkIjjga/ojbfnianjgpLjgYrpgIHjgorjgZnjgovjgZPjgajjgYzjgafjgY3jgb7jgZvjgpPjgII8QlI+CiAgICAgICAgICDilqDnorroqo3jga7pmpvjgavjgIzpm7voqbHnlarlj7fjgYzkvb/jgo/jgozjgabjgYrjgorjgb7jgZvjgpPjgI3jgIHjgb7jgZ/jga/jgqvjg7zjg4nkvJrnpL7jgojjgorkuI3mraPliKnnlKjjgYznmbropprjgZfjgZ/loLTlkIjjga/jgZTms6jmlofjgpLlj5fjgZHjgYvjga3jgb7jgZnjgII8QlI+CiAgICAgICAgICDilqDjgYrlrqLmp5jjga7jgZTliKnnlKjnirbmhYvnrYnjgavjgojjgaPjgabjga/jgIHku5bjga7msbrmuIjmiYvmrrXjgavlpInmm7TjgpLjgYrpoZjjgYTjgZnjgovloLTlkIjjgYzjgZTjgZbjgYTjgb7jgZnjgII8L2ZvbnQ+PGJyPgogICAgICAgIDwvcD4KICAgICAgPC9ESVY+PC9URD4KICAgIDwvVFI+CiAgPC9UQk9EWT4KPC9UQUJMRT4KPEJSPgo8YnI+,44CQ5paw5ZOB44O76YCB5paZ54Sh5paZ44O744Kr44O844OJ5rG65riI5Y+v44O75Luj5byV44GN5omL5pWw5paZ54Sh5paZ44CRRHlzb24gIERDNDh0dXJiaW5laGVhZCBEQzQ4VEhFWFNQIOOAjOODk+ODg+OCr+OCq+ODoeODqeOCsOODq+ODvOODl+OCquODquOCuOODiuODq+OAje+8mmdtYWxs,44CQ5paw5ZOB44O76YCB5paZ54Sh5paZ44O744Kr44O844OJ5rG65riI5Y+v44O75Luj5byV44GN5omL5pWw5paZ54Sh5paZ44CRRHlzb24gIERDNDh0dXJiaW5laGVhZCBEQzQ4VEhFWFNQIOOAjOODk+ODg+OCr+OCq+ODoeODqeOCsOODq+ODvOODl+OCquODquOCuOODiuODq+OAjQ==,44CQ5paw5ZOBL+mAgeaWmeeEoeaWme+8muaylue4hOODu+mbouWztuOCkumZpOOBj+OAkeOAkOW7tumVt+S/neiovOWPl+S7mOS4reOAkeOAguOAkOaWsOWTgeODu+mAgeaWmeeEoeaWmeODu+OCq+ODvOODieaxuua4iOWPr+ODu+S7o+W8leOBjeaJi+aVsOaWmeeEoeaWmeOAkUR5c29uICBEQzQ4dHVyYmluZWhlYWQgREM0OFRIRVhTUCDjgIzjg5Pjg4Pjgq/jgqvjg6Hjg6njgrDjg6vjg7zjg5fjgqrjg6rjgrjjg4rjg6vjgI0=[rn]
37-97073,aHR0cDovL3RzaG9wLnIxMHMuanAvZ21hbGwvY2FiaW5ldC9oMjkwMzA2L2N5MjV0aGNvbS5qcGc/Zml0aW49NzAwOjcwMA==,MzMyODAuMDAwMA==,,5a626Zu7ID4g55Sf5rS75a626Zu7ID4g5o6D6Zmk5qmf44O744Kv44Oq44O844OK44O8ID4g5o6D6Zmk5qmf,44CQ5paw5ZOB44O76YCB5paZ54Sh5paZ44O744Kr44O844OJ5rG65riI5Y+v44O75Luj5byV44GN5omL5pWw5paZ54Sh5paZ44CR44OA44Kk44K944OzKGR5c29uKSBEeXNvbiBCYWxsIFR1cmJpbmVoZWFkKw==,44CQ5paw5ZOBL+mAgeaWmeeEoeaWme+8muaylue4hOODu+mbouWztuOCkumZpOOBj+OAkeOAkOW7tumVt+S/neiovOWPl+S7mOS4reOAkQ==,PHRhYmxlIHdpZHRoPSI3MzAiIGJvcmRlcj0iMSIgYm9yZGVyY29sb3I9IiMwMDAwMDAiPgogIDx0cj4KICAgIDx0aCB3aWR0aD0iMTY3IiBiZ2NvbG9yPSIjQ0NDQ0NDIiBzY29wZT0icm93Ij48ZGl2IGFsaWduPSJjZW50ZXIiPjxmb250IHNpemU9IjIiPuWfuuacrOOCueODg+ODmuOCrzwvZm9udD48L2Rpdj48L3RoPgogICAgPHRkIHdpZHRoPSI1NDciIGJnY29sb3I9IiNGRkZGRkYiPjxwPjxmb250IHNpemU9IjIiPgoK4piF44K/44Kk44OX77ya44Kt44Oj44OL44K544K/44O8IEhFUEHjg5XjgqPjg6vjgr/jg7zvvJril4sKCgo8L2ZvbnQ+IDwvcD4KICAgPC90ZD4KICA8L3RyPgogIDx0cj4KICAgIDx0aCBiZ2NvbG9yPSIjQ0NDQ0NDIiBzY29wZT0icm93Ij48Zm9udCBzaXplPSIyIj48ZGl2IGFsaWduPSJjZW50ZXIiPuazqOaEj+S6i+mghTwvZGl2PjwvZm9udD48L3RoPgogICAgPHRkIGJnY29sb3I9IiNGRkZGRkYiPjxwPjxmb250IHNpemU9IjIiPuKAu+OCueODmuODg+OCr+aDheWgseOCkuWQq+OCgeOAgeaOsui8ieOBl+OBpuOBhOOCi+S+oeagvOOChOOCueODmuODg+OCr+ODu+S7mOWxnuWTgeODu+eUu+WDj+OBquOBqeWFqOOBpuOBruaDheWgseOBr+OAgeS4h+WFqOOBruS/neiovOOCkuOBhOOBn+OBl+OBi+OBreOBvuOBmeOAguips+OBl+OBj+ODoeODvOOCq+ODvOOBq+WVj+OBhOWQiOOCj+OBm+OBj+OBoOOBleOBhOOAgjwvZm9udD48L3A+CiAgICAgIDxwPjxmb250IHNpemU9IjIiPuKAu+OCquODl+OCt+ODp+ODs+etieOBrumBuOaKnumgheebruOBruWil+a4m+mHkemhjemAgeaWmeetieOBr+iHquWLleioiOeul+ODu+iHquWLlei/lOS/oeODoeODvOODq+OBq+OBr+WPjeaYoOOBleOCjOOBvuOBm+OCk+OAgeOBlOazqOaWh+eiuuWumuW+jOmHkemhjeOBruS/ruato+OCkuihjOOBhOaUueOCgeOBpuWQiOioiOmHkemhjeOCkuOAjuOBlOazqOaWh+aJv+irvumAmuefpeODoeODvOODq+OAj+OBq+OBpuOBlOahiOWGheOBhOOBn+OBl+OBvuOBmeOAgjwvZm9udD48L3A+CiAgICAgPHA+PGZvbnQgc2l6ZT0iMiI+4oC75byK56S+44Gn44Gv5ZOB6LOq5ZCR5LiK44Gu5LiA55Kw44Go44GX44Gm44CB5LiA6YOo5Zyo5bqr6KO95ZOB44KS6ZaL5bCB44GX44Gm5ZOB6LOq56K66KqN44GZ44KL44GT44Go44GM44GC44KK44G+44GZ44CC44Gd44Gu44Gf44KB5YyF6KOF566x44Gr6ZaL5bCB6Leh44Gu44GC44KL5aC05ZCI44GM44GC44KK44G+44GZ44CC6YCa5bi45Ye66I236KO95ZOB44Go44Gu6YGV44GE44Gv44Gq44GP44CB5a6J5b+D44GX44Gm44GU5L2/55So44GE44Gf44Gg44GR44G+44GZ44CC5LqI44KB44GU5LqG5om/44GP44Gg44GV44GE44CCPC9mb250PjwvcD4gICAgPC90ZD4KICA8L3RyPgogIAogIDx0aCBiZ2NvbG9yPSIjQ0NDQ0NDIiBzY29wZT0icm93Ij48Zm9udCBzaXplPSIyIj48ZGl2IGFsaWduPSJjZW50ZXIiPuWIneacn+S4jeiJr+WvvuixoeWkluWVhuWTgTwvZGl2PjwvZm9udD48L3RoPgogICAgPHRkIGJnY29sb3I9IiNGRkZGRkYiPjxwPjxmb250IHNpemU9IjIiPuKAu+WvvuixoeWkluWVhuWTgeWIneacn+S4jeiJr+OBjOeUn+OBmOOBn+WgtOWQiOOBruWvvuW/nOOBr+WFqOOBpuODoeODvOOCq+ODvOOCteODneODvOODiOOBruWvvuW/nOOBqOOBquOCiuOBvuOBmeOAguOBiuWuouanmOOCiOOCiumWi+WwgeOBleOCjOOBn+WgtOWQiOOBr+W9k+W6l+iyqeWjsue0hOasvuOBq+OBlOWQjOaEj+mgguOBhOOBn+OCguOBruOBqOOBl+OBvuOBmeOAgjwvZm9udD48L3A+CiAgICAgPHA+PGZvbnQgc2l6ZT0iMiI+4oC75a++6LGh5aSW5ZWG5ZOB77ya44Oe44Kk44Kv44Ot44K944OV44OI6KO95ZOB44CBU09OWeijveWTgeOAgeODkeODiuOCveODi+ODg+OCr+ijveWTgeOAgUxH6KO95ZOB44CBR29vZ2xlKOOCsOODvOOCsOODqynoo73lk4HjgIHjg57jgqbjgrnjgrPjg7Pjg5Tjg6Xjg7zjgr/jg7zoo73lk4HjgIFPTktZTyjjgqrjg7Pjgq3jg6jjg7wp6KO95ZOB44CBSHVhd2VpKOODleOCoeODvOOCpuOCp+OCpCnoo73lk4HjgIHmnbHoip3oo73lk4HjgIFORUPoo73lk4HjgIFFUFNPTuijveWTgeOAgeOCouODg+ODl+ODq+ijveWTgeOAgeWvjOWjq+mAmuijveWTgeOAgUhQ77yI44OS44Ol44O844Os44OD44OJ44O744OR44OD44Kr44O844OJ77yJ6KO95ZOB44CBREVMTOijveWTgeOAgUFDRVLvvIjjgqjjgqTjgrXjg7zvvInoo73lk4HjgIFMRU5PVk/vvIjjg6zjg47jg5wp6KO95ZOB44CBQVNVU++8iOOCqOOCpOOCueODvOOCue+8ieijveWTgeOAgeODreOCuOOCr+ODvOODq+ijveWTgeOAgWlSb2JvdOijveWTgeOAgUR5c29u77yI44OA44Kk44K944Oz77yJ6KO95ZOB44CB44Ky44O844Og5qmf5pys5L2T44CB55CG576O5a655qmf5Zmo44CB5ZCE56iu44K944OV44OI44Km44Kn44Ki44CBRFZELVLnrYnoqJjpjLLjg6Hjg4fjgqPjgqLjgIHlpKflnovjg4bjg6zjg5PjgIHpm7vlrZDjg6zjg7PjgrjpoZ7jgIHmuKnmsLTmuIXmtYTkvr/luqfjgIHpo5/lmajmtJfjgYTmqZ/jgIHpo5/lmajkub7nh6XmqZ/jgIHjg57jg4PjgrXjg7zjgrjjg4HjgqfjgqLjgarjganjgII8L2ZvbnQ+PC9wPiAgICA8L3RkPgogIAo8L3RhYmxlPjwhLS08cD48aW1nIGJvcmRlcj0wIHNyYz0iaHR0cDovL2ltYWdlLnJha3V0ZW4uY28uanAva2Flbi13ZWIvY2FiaW5ldC8wMTc1MDA0MC9pbWdyYzAwODc1NTg5NDUuanBnIiB3aWR0aD02MTUgaGVpZ2h0PTI3MD48L3A+CjxwPjxiPjxmb250IGNvbG9yPSIjRkYwMDAwIj7oh6rnhLbmlYXpmpw8L2ZvbnQ+PC9iPu+8muWVhuWTgeOBruijvemAoOODoeODvOOCq+ODvOOBruODnuODi+ODpeOCouODq+OBvuOBn+OBr+WPluaJseiqrOaYjuabuOOBq+abuOOBi+OCjOOBpuOBhOOCi+ato+OBl+OBhOS9v+eUqOazleOCkuOBl+OBn+OBq+OCguOBi+OBizwvcD48cD7jgo/jgonjgZoK55m655Sf44GX44Gf6Zu75rCX55qE44CB5qmf5qKw55qE5pWF6Zqc44CCPC9wPgo8cD48SU1HIGJvcmRlcj0wIHNyYz0iaHR0cDovL2ltYWdlLnJha3V0ZW4uY28uanAva2Flbi13ZWIvY2FiaW5ldC8wMTc1MDA0MC9pbWdyYzAwODc1NTg5NDYuanBnIiB3aWR0aD02MTUgaGVpZ2h0PTI3MD48L3A+LS0+CgoKPHRhYmxlIGJvcmRlcj0yIGJvcmRlckNvbG9yPSNmZjAwMDAgd2lkdGg9NzEwCiBiZ0NvbG9yPSNmZmZmY2MgaGVpZ2h0PTE3Mz4KICAgIDx0cj4KICAgICAgPHRkIGhlaWdodD0xNjAgd2lkdGg9NzEwPgo8ZGl2IGNsYXNzPVNUWUxFMSBhbGlnbj1sZWZ0Pgo8UCBjbGFzcz1TVFlMRTQgYWxpZ249Y2VudGVyPjwvUD48U1BBTiBjbGFzcz1TVFlMRTc+PGI+4oC76L+95Yqg44Kq44OX44K344On44Oz44KS44GK6YG444Gz6aCC44GE44Gf5pa544G44oC7PC9iPiA8L1NQQU4+CjxQIGNsYXNzPVNUWUxFNj7jg7vjgYrlrqLmp5jjgZTms6jmloflvozjgIHmpb3lpKnjgojjgorjgIDjgJDmpb3lpKnluILloLTjgJHms6jmloflhoXlrrnjgZTnorroqo3vvIjoh6rli5XphY3kv6Hjg6Hjg7zjg6vvvInjgYzlsYrjgY3jgb7jgZnjgILjgZPjga7mmYLngrnjgafjga/ov73liqDjgqrjg5fjgrfjg6fjg7Pjga7ph5HpoY3jgYzlj43mmKDjgZXjgozjgabjgYTjgb7jgZvjgpPjgII8L1A+CjxQIGNsYXNzPVNUWUxFNj7jg7vjgZTms6jmlofnorrlrprlvozjgIHlvZPlupfjgavjgabjgZTms6jmloflhoXlrrnjgpLnorroqo3lh7rmnaXmrKHnrKzjgIHph5HpoY3jga7kv67mraPjgpLooYzjgYTjgIHmlLnjgoHjgablkIjoqIjph5HpoY3jgpLjgI7jgZTms6jmlofmib/oq77pgJrnn6Xjg6Hjg7zjg6vjgI/jgavjgabjgZTmoYjlhoXjgYTjgZ/jgZfjgb7jgZnjgII8L1A+CiAgICAgIDxQIGNsYXNzPVNUWUxFNj7jg7vjgb7jgZ/jgIHpioDooYzmjK/ovrzjg7vjgrPjg7Pjg5Pjg4vmsbrmuIjnrYnjgpLjgYrpgbjjgbPpoILjgYTjgZ/loLTlkIjjga/jgIHlvZPlupfjgYvjgonjga7jgI7jgZTms6jmlofmib/oq77pgJrnn6Xjg6Hjg7zjg6vjgI/jgpLjgZTnorroqo3poILjgY3jgIHjgZ3jga7lvozjgIHjgYrmiYvntprjgY3jgpLjgYrpgLLjgoHkuIvjgZXjgYTjgb7jgZnmp5jjgIHjgYrpoZjjgYTnlLPjgZfkuIrjgZLjgb7jgZnjgII8L1A+PC9kaXY+PC90ZD4KICAgIDwvdHI+CjwvdGFibGU+Cgo8IS0tPFRBQkxFIHdpZHRoPSI2MTUiIGhlaWdodD0iMTA1IiBib3JkZXI9IjIiIGJvcmRlcmNvbG9yPSIjRkYwMDAwIiBiZ2NvbG9yPSIjRkZGRkNDIj4KICA8VEJPRFk+CiAgICA8VFI+CiAgICAgIDxURCB3aWR0aD0iNjAzIiBoZWlnaHQ9Ijk3Ij48RElWIGNsYXNzPSJTVFlMRTIiPgogICAgICAgIDxkaXYgYWxpZ249ImNlbnRlciI+PGZvbnQgY29sb3I9IiNGRjAwMDAiPjxzcGFuIGNsYXNzPSJTVFlMRTMiPjxiPuOCr+ODrOOCuOODg+ODiOOCq+ODvOODieS4jeato+WIqeeUqOmYsuatouOBruOBn+OCgeOBruOBiumhmOOBhCE8L2I+PC9zcGFuPjwvZm9udD48YnI+CiAgICAgICAgPC9mb250PjwvZm9udD48L2Rpdj4KICAgICAgICA8cCBhbGlnbj0ibGVmdCI+PGZvbnQgY29sb3I9IiMwMDAwMDAiIHNpemU9IjIiPuKWoOOBlOS9v+eUqOmgguOBkeOCi+OCr+ODrOOCuOODg+ODiOOCq+ODvOODieOBr+OAgeazqOaWh+iAheanmOOBlOacrOS6uuWQjee+qeOBq+mZkOOCiuOBvuOBmeOAgjxicj4KICAgICAgICAgICAg4pag44GU5rOo5paH44Gu6Zqb44KE44CB6I2354mp44KS5byV44GN5rih44GX44Gu6Zqb44Gr44CB44GK5a6i5qeY44Gu5pys5Lq656K66KqN77yI6Zu76Kmx56K66KqN562J77yJ44KS44GK6aGY44GE44GZ44KL44GT44Go44GM44GC44KK44CB44GU5pys5Lq656K66KqN44Gn44GN44Gq44GE5aC05ZCI44Gv6I2354mp44KS44GK6YCB44KK44GZ44KL44GT44Go44GM44Gn44GN44G+44Gb44KT44CCPEJSPgogICAgICAgICAg4pag56K66KqN44Gu6Zqb44Gr44CM6Zu76Kmx55Wq5Y+344GM5L2/44KP44KM44Gm44GK44KK44G+44Gb44KT44CN44CB44G+44Gf44Gv44Kr44O844OJ5Lya56S+44KI44KK5LiN5q2j5Yip55So44GM55m66Kaa44GX44Gf5aC05ZCI44Gv44GU5rOo5paH44KS5Y+X44GR44GL44Gt44G+44GZ44CCPEJSPgogICAgICAgICAg4pag44GK5a6i5qeY44Gu44GU5Yip55So54q25oWL562J44Gr44KI44Gj44Gm44Gv44CB5LuW44Gu5rG65riI5omL5q6144Gr5aSJ5pu044KS44GK6aGY44GE44GZ44KL5aC05ZCI44GM44GU44GW44GE44G+44GZ44CCPC9mb250Pjxicj4KICAgICAgICA8L3A+CiAgICAgIDwvRElWPjwvVEQ+CiAgICA8L1RSPgogIDwvVEJPRFk+CjwvVEFCTEU+LS0+CjxCUj4KPFRBQkxFIHdpZHRoPSI3MTAiIGhlaWdodD0iMTA1IiBib3JkZXI9IjIiIGJvcmRlcmNvbG9yPSIjRkYwMDAwIiBiZ2NvbG9yPSIjRkZGRkNDIj4KICA8VEJPRFk+CiAgICA8VFI+CiAgICAgIDxURCB3aWR0aD0iNzEwIiBoZWlnaHQ9Ijk3Ij48RElWIGNsYXNzPSJTVFlMRTIiPgogICAgICAgIDxkaXYgYWxpZ249ImNlbnRlciI+PGZvbnQgY29sb3I9IiNGRjAwMDAiPjxzcGFuIGNsYXNzPSJTVFlMRTMiPjxiPuOCr+ODrOOCuOODg+ODiOOCq+ODvOODieS4jeato+WIqeeUqOmYsuatouOBruOBn+OCgeOBruOBiumhmOOBhCE8L2I+PC9zcGFuPjwvZm9udD48YnI+CiAgICAgICAgPC9mb250PjwvZm9udD48L2Rpdj4KICAgICAgICA8cCBhbGlnbj0ibGVmdCI+PGZvbnQgY29sb3I9IiMwMDAwMDAiIHNpemU9IjIiPuKWoOOBlOS9v+eUqOmgguOBkeOCi+OCr+ODrOOCuOODg+ODiOOCq+ODvOODieOBr+OAgeazqOaWh+iAheanmOOBlOacrOS6uuWQjee+qeOBq+mZkOOCiuOBvuOBmeOAgjxicj4KICAgICAgICAgICAg4pag44GU5rOo5paH44Gu6Zqb44KE44CB6I2354mp44KS5byV44GN5rih44GX44Gu6Zqb44Gr44CB44GK5a6i5qeY44Gu5pys5Lq656K66KqN77yI6Zu76Kmx56K66KqN562J77yJ44KS44GK6aGY44GE44GZ44KL44GT44Go44GM44GC44KK44CB44GU5pys5Lq656K66KqN44Gn44GN44Gq44GE5aC05ZCI44Gv6I2354mp44KS44GK6YCB44KK44GZ44KL44GT44Go44GM44Gn44GN44G+44Gb44KT44CCPEJSPgogICAgICAgICAg4pag56K66KqN44Gu6Zqb44Gr44CM6Zu76Kmx55Wq5Y+344GM5L2/44KP44KM44Gm44GK44KK44G+44Gb44KT44CN44CB44G+44Gf44Gv44Kr44O844OJ5Lya56S+44KI44KK5LiN5q2j5Yip55So44GM55m66Kaa44GX44Gf5aC05ZCI44Gv44GU5rOo5paH44KS5Y+X44GR44GL44Gt44G+44GZ44CCPEJSPgogICAgICAgICAg4pag44GK5a6i5qeY44Gu44GU5Yip55So54q25oWL562J44Gr44KI44Gj44Gm44Gv44CB5LuW44Gu5rG65riI5omL5q6144Gr5aSJ5pu044KS44GK6aGY44GE44GZ44KL5aC05ZCI44GM44GU44GW44GE44G+44GZ44CCPC9mb250Pjxicj4KICAgICAgICA8L3A+CiAgICAgIDwvRElWPjwvVEQ+CiAgICA8L1RSPgogIDwvVEJPRFk+CjwvVEFCTEU+CjxCUj4KPGJyPg==,44CQ5paw5ZOB44O76YCB5paZ54Sh5paZ44O744Kr44O844OJ5rG65riI5Y+v44O75Luj5byV44GN5omL5pWw5paZ54Sh5paZ44CR44OA44Kk44K944OzKGR5c29uKSBEeXNvbiBCYWxsIFR1cmJpbmVoZWFkK++8mmdtYWxs,44CQ5paw5ZOB44O76YCB5paZ54Sh5paZ44O744Kr44O844OJ5rG65riI5Y+v44O75Luj5byV44GN5omL5pWw5paZ54Sh5paZ44CR44OA44Kk44K944OzKGR5c29uKSBEeXNvbiBCYWxsIFR1cmJpbmVoZWFkKw==,44CQ5paw5ZOBL+mAgeaWmeeEoeaWme+8muaylue4hOODu+mbouWztuOCkumZpOOBj+OAkeOAkOW7tumVt+S/neiovOWPl+S7mOS4reOAkeOAguOAkOaWsOWTgeODu+mAgeaWmeeEoeaWmeODu+OCq+ODvOODieaxuua4iOWPr+ODu+S7o+W8leOBjeaJi+aVsOaWmeeEoeaWmeOAkeODgOOCpOOCveODsyhkeXNvbikgRHlzb24gQmFsbCBUdXJiaW5laGVhZCs=[rn]
37-97074,aHR0cDovL3RzaG9wLnIxMHMuanAvYmljY2FtZXJhL2NhYmluZXQvcHJvZHVjdC8wNzY2LzAwMDAwMDAxODA4ODc3X2EwMS5qcGc/Zml0aW49NzAwOjcwMA==,Mzc5MjAuODAwMA==,,5a626Zu7ID4g55Sf5rS75a626Zu7ID4g5o6D6Zmk5qmf44O744Kv44Oq44O844OK44O8ID4g5o6D6Zmk5qmf,44CQ44GC44GZ5qW95a++6LGh44CR44CQ6YCB5paZ54Sh5paZ44CRIOODgOOCpOOCveODsyDjgrXjgqTjgq/jg63jg7PlvI/mjoPpmaTmqZ8g44CMREM2MyDjg6Ljg7zjgr/jg7zjg5jjg4Pjg4njgrPjg7Pjg5fjg6rjg7zjg4jjgI3jgIBEQzYzQ09NW0RDNjNDT01d,QXBwU3RvcmUvQW5kcm9pZE1hcmtldOOBp+ODk+ODg+OCr+alveWkqeOCkuaknOe0og==,PCEtLSAtLT7ilqA8Yj4yIFRpZXIgUmFkaWFs77yI44OG44Kj44Ki44O844Op44K444Ki44Or77yJ44K144Kk44Kv44Ot44OzPC9iPjxicj7jgIDjg4DjgqTjgr3jg7Pjga7pgLLljJbjgpLpgYLjgZLjgZ/mnIDmlrDjga7jg4bjgq/jg47jg63jgrjjg7zjgIEyIFRpZXIgUmFkaWFs77yI44OG44Kj44Ki44O844Op44K444Ki44Or77yJ44K144Kk44Kv44Ot44Oz44Gr44KI44KK5by35Yqb44Gq6YGg5b+D5YiG6Zui44KS5a6f54++44GX44G+44GX44Gf44CCMjTlgIvjga7lhoXlgbTjga7jgrXjgqTjgq/jg63jg7PjgYzlkIzmmYLjgavmqZ/og73jgZnjgovjgZPjgajjgafjgIHpoqjph4/jgpLlvLfjgoHjgIHlvLflipvjgarpgaDlv4PlipvjgpLnlJ/jgb/lh7rjgZfjgIHjgojjgorlpJrjgY/jga7jgrTjg5/jgpLmjZXjgYjjgb7jgZnjgILjgb7jgZ/jgIHjg4DjgqTjgr3jg7Pjga7jgqjjg7Pjgrjjg4vjgqLjga/nubDjgorov5TjgZfoqK3oqIjjgpLooYzjgYTjgIHjgrXjgqTjgq/jg63jg7PlhoXjga7pn7PjgpLkvY7muJvjgZfpn7Pos6rmlLnlloTjgpLjgZfjgabjgYTjgb7jgZnjgII8YnI+PGJyPuKWoDxiPuODgOOCpOOCveODs+ODh+OCuOOCv+ODq+ODouODvOOCv+ODvFY0PC9iPjxicj7jgIDmr47liIbmnIDlpKcxMDEwMDDlm57ou6LjgILpq5jpgJ/jgafjg5Hjg6/jg5Xjg6vjgarjg6Ljg7zjgr/jg7zjgII8YnI+6ZaL55m644Gr57SEN+W5tOOCkuOBi+OBkeOAgealteOCgeOBpumdqeaWsOeahOOBquODouODvOOCv+ODvOOCkumWi+eZuuOBl+OBvuOBl+OBn+OAguOBguOCieOChuOCi+imgee0oOOCkue1hOOBv+i+vOOCk+OBoOOAgeS4lueVjOacgOWwj+OCr+ODqeOCueOBrjExNTBX44Oi44O844K/44O844Gn44GZ44CCPGJyPuapn+aisOW3peWtpuOAgembu+WtkOW3peWtpuOAgeepuuawl+WKm+WtpuOCkue1seWQiOOBmeOCi+OBk+OBqOOBp+OAgeODgOOCpOOCveODs+OBruOCqOODs+OCuOODi+OCouOBr+WKueeOh+eahOOBp+ODkeODr+ODleODq+OBquebtOW+hOOCj+OBmuOBizg1bW3jga7jg6Ljg7zjgr/jg7zjgpLoqK3oqIjjgZfjgb7jgZfjgZ/jgII8YnI+PGJyPuKWoDxiPuOCq+ODvOODnOODs+ODleOCoeOCpOODkOODvOaQrei8ieOBruOCr+ODquODvOODiuODvOODmOODg+ODieOBjOWkmuOBj+OBruW+rue0sOOBquODm+OCs+ODquOCkuWPluOCiumZpOOBjzwvYj48YnI+44CA6Z2Z6Zu75rCX44Gu55m655Sf44Gr44KI44KK44CB5b6u57Sw44Gq44Ob44Kz44Oq44KE6Iqx57KJ44CB44Ki44Os44Or44Ky44Oz44KS44OV44Ot44O844Oq44Oz44Kw44Gr5LuY552A44GV44Gb44Gm44GX44G+44GE44G+44GZ44CCREM2M+OBruOCr+ODquODvOODiuODvOODmOODg+ODieOBr+ODiuOCpOODreODs+e0oOadkOOBruODluODqeOCt+OBqOmdmembu+awl+OBrueZuueUn+OCkuaKkeOBiOOCi+OBjeOCgee0sOOBi+OBhOOCq+ODvOODnOODs+ODleOCoeOCpOODkOODvOODluODqeOCt+OCkuaQrei8ieOBl+OBpuOBhOOBvuOBmeOAguODiuOCpOODreODs+e0oOadkOOBruODluODqeOCt+OBjOOCq+ODvOODmuODg+ODiOOBi+OCieOCtOODn+OCkuOBi+OBjeWPluOCiuOAgeOCq+ODvOODnOODs+ODleOCoeOCpOODkOODvOODluODqeOCt+OBjOODleODreODvOODquODs+OCsOS4iuOBruODm+OCs+ODquOCkuWPluOCiumZpOOBjeOBvuOBmeOAgjxicj48YnI+4pagPGI+5YSq44KM44Gf5pON5L2c5oCn44Go6YGL6Lui6Z+z44Gu5L2O5rib44KS5a6f54++PC9iPjxicj7jgIDjg4DjgqTjgr3jg7NCYWxs5o6D6Zmk5qmf44Gv5a625YW344KE6Zqc5a6z54mp44KS57Ch5Y2Y44Gr6YG/44GR44KJ44KM44KL44KI44GG44Gr6Kit6KiI44GV44KM44CB5bCP44GV44GE5Zue6Lui5Y2K5b6E44Gr44KI44KK5Y2z5bqn44Gr5pa55ZCR6Lui5o+b44GM44Gn44GN44KL44KI44GG44Gr44Gq44KK44G+44GX44Gf44CC44Oc44O844Or5YaF44Gr44Gv44Oi44O844K/44O844Gq44Gp44Gu6YeN44GE44OR44O844OE44GM5qC857SN44GV44KM44CB5pys5L2T6YeN5b+D44KS5L2O44GP44GX5a6J5a6a5oCn44KS5ZCR5LiK44GV44Gb44Gm44GE44G+44GZ44CCPGJyPjxicj7ilqA8Yj7lrqTlhoXjga7nqbrmsJfjgojjgorjgoLjgY3jgozjgYTjgarmjpLmsJc8L2I+PGJyPuOAgERDNjPjga8wLjPjg5/jgq/jg63jg7Pjgb7jgafjga7lvq7ntLDjgarnspLlrZDjgpLmjZXjgonjgYjntprjgZHjgIHlrqTlhoXjga7nqbrmsJfjgojjgorjgoLjgY3jgozjgYTjgarnqbrmsJfjgpLmjpLlh7rjgZfjgb7jgZnjgIIyVGllciBSYWRpYWzvvIjjg4bjgqPjgqLjg7zjg6njgrjjgqLjg6vvvInjgavjgojjgorjgIHoirHnsonjgoTjgqvjg5PjgIHjg5Djgq/jg4bjg6rjgqLjgarjganjga7jg5/jgq/jg63jg6zjg5njg6vjga7lvq7ntLDjgarnspLlrZDjgoLnqbrmsJfkuK3jgYvjgonliIbpm6LjgZfjgb7jgZnjgILjgqLjg6zjg6vjgq7jg7zjgavmgqnjgoDmlrnjgavmnIDpganjgafjgZnjgII8YnI+PGJyPuKWoDxiPuOBjeOCgee0sOOBi+OBhOOCq+ODvOODnOODs+ODleOCoeOCpOODkOODvOODluODqeOCtzwvYj48YnI+44CA44Kr44O844Oc44Oz44OV44Kh44Kk44OQ44O844K944OV44OI44OW44Op44K344OE44O844Or44Gv44GN44KB57Sw44GL44GE44Kr44O844Oc44Oz44OV44Kh44Kk44OQ44O844OW44Op44K344KS5pCt6LyJ44GX44Gm5YaN6Kit6KiI44GV44KM44Gf44OE44O844Or44Gn44CB54ut44GE5rqd44Gr5YWl44KK6L6844G/44CB44KI44KK5aSa44GP44Gu44Ob44Kz44Oq44KS5Y+W44KK6Zmk44GN44G+44GZ44CC44G+44Gf44CB5omL5YWD44Gr6KeS5bqm44GM44Gk44GE44Gm44GE44KL44Gu44Gn5pON5L2c44GM5a655piT44Gn44GZ44CCPGJyPjxicj7ilqA8Yj7pmpnplpPjgoTlsYrjgY3jgavjgY/jgYTloLTmiYDjga7jgYrmjoPpmaTjgavkvr/liKnjgarjg4Tjg7zjg6s8L2I+PGJyPuOAgOODquODvOODgeOCouODs+ODgOODvOODhOODvOODq+OBr+WGjeioreioiOOBleOCjOOBn+ODleODrOOCreOCt+ODluODq+mamemWk+ODjuOCuuODq+OBp+OBmeOAguODkeODieODq+W9oueKtuOBruODmOODg+ODieOBqOS4iOWkq+OBquODluODqeOCt+OBjOOBpOOBjeOAgeWbnuOBl+OBpuabsuOBkuOCi+OBk+OBqOOBjOOBp+OBjeOCi+ODhOODvOODq+OBp+OAgemamemWk+OChOWxiuOBjeOBq+OBj+OBhOWgtOaJgOOBruOBiuaOg+mZpOOBq+S+v+WIqeOBp+OBmeOAgjxicj48YnI+4pagPGI+5rSX5rWE44O75Lqk5o+b5LiN6KaBSEVQQeODleOCo+ODq+OCv+ODvDwvYj48YnI+PGRpdiBzdHlsZT0ndGV4dC1hbGlnbjpjZW50ZXI7Jz4gICAgICA8aW1nIGFsdD0n6Zai6YCj5ZWG5ZOB44Gv44GT44Gh44KJJyBib3JkZXI9JzAnIHNyYz0naHR0cDovL2ltYWdlLnJha3V0ZW4uY28uanAvYmljY2FtZXJhL2NhYmluZXQvbnMvY29tbW9uL2thbnJlbi5naWYnIC8+ICA8L2Rpdj48ZGl2IGlkPSdzcDE1Jz48dGFibGUgYmdjb2xvcj0nI0ZGRkZGRicgYm9yZGVyPScwJyBjZWxscGFkZGluZz0nMCcgY2VsbHNwYWNpbmc9JzInPjx0cj48dGQgY2xhc3M9J3N1YnRpdGxlJyBjb2xzcGFuPScyJz7mqZ/og73poIXnm648L3RkPjwvdHI+PHRyPjx0ZCBjbGFzcz0nc3RpdGxlJz7mnKzkvZPjgrXjgqTjgrrvvIjluYXDl+mrmOOBlcOX5aWl6KGM77yJPC90ZD48dGQgY2xhc3M9J3NkYXRhJz4yNTPDlzE5M8OXMzYxbW08L3RkPjwvdHI+PHRyPjx0ZCBjbGFzcz0nc3RpdGxlJz7jgZ3jga7ku5bjgrXjgqTjgro8L3RkPjx0ZCBjbGFzcz0nc2RhdGEnPuOCs+ODvOODieOBrumVt+OBle+8mjVtPC90ZD48L3RyPjx0cj48dGQgY2xhc3M9J3N0aXRsZSc+5pys5L2T6YeN6YePPC90ZD48dGQgY2xhc3M9J3NkYXRhJz4yLjc1a2c8L3RkPjwvdHI+PHRyPjx0ZCBjbGFzcz0nc3RpdGxlJz7mtojosrvpm7vlips8L3RkPjx0ZCBjbGFzcz0nc2RhdGEnPjExNTBXPC90ZD48L3RyPjx0cj48dGQgY2xhc3M9J3N0aXRsZSc+5LuY5bGe5ZOBPC90ZD48dGQgY2xhc3M9J3NkYXRhJz7jgr/jg7PjgrDjg6vjg5Xjg6rjg7zjgIHjgr/jg7zjg5Pjg7Pjg4Tjg7zjg6vjgIHjg6rjg7zjg4HjgqLjg7Pjg4Djg7zjg4Tjg7zjg6vjgIHjgqvjg7zjg5zjg7Pjg5XjgqHjgqTjg5Djg7zjgr3jg5Xjg4jjg5bjg6njgrfjg4Tjg7zjg6vjgIHjg5Xjg4jjg7Pjg4Tjg7zjg6s8L3RkPjwvdHI+PHRyPjx0ZCBjbGFzcz0nc3RpdGxlJz7jgrPjg7zjg4njgr/jgqTjg5c8L3RkPjx0ZCBjbGFzcz0nc2RhdGEnPuOCs+ODvOODieS7mOOBjTwvdGQ+PC90cj48dHI+PHRkIGNsYXNzPSdzdGl0bGUnPuODmOODg+ODieeorumhnjwvdGQ+PHRkIGNsYXNzPSdzZGF0YSc+44Oi44O844K/44O844OY44OD44OJPC90ZD48L3RyPjx0cj48dGQgY2xhc3M9J3N0aXRsZSc+6ZuG44GY44KT5a656YePPC90ZD48dGQgY2xhc3M9J3NkYXRhJz4wLjVMPC90ZD48L3RyPjx0cj48dGQgY2xhc3M9J3N0aXRsZSc+57SZ44OR44OD44KvPC90ZD48dGQgY2xhc3M9J3NkYXRhJz4tPC90ZD48L3RyPjx0cj48dGQgY2xhc3M9J3N0aXRsZSc+44Gd44Gu5LuWPC90ZD48dGQgY2xhc3M9J3NkYXRhJz7vvLvjg5XjgqPjg6vjgr/jg7zvvL1IRVBB44OV44Kj44Or44K/44O8PC90ZD48L3RyPjx0cj48dGQgY2xhc3M9J3N0aXRsZSc+44Gd44Gu5LuWPC90ZD48dGQgY2xhc3M9J3NkYXRhJz7jg6Hjg7zjgqvjg7wy5bm05L+d6Ki8PC90ZD48L3RyPjwvdGFibGU+PC9kaXY+,44CQ44GC44GZ5qW95a++6LGh44CR44CQ6YCB5paZ54Sh5paZ44CRIOODgOOCpOOCveODsyDjgrXjgqTjgq/jg63jg7PlvI/mjoPpmaTmqZ8g44CMREM2MyDjg6Ljg7zjgr/jg7zjg5jjg4Pjg4njgrPjg7Pjg5fjg6rjg7zjg4jjgI3jgIBEQzYzQ09NW0RDNjNDT01d77ya44OT44OD44Kv44Kr44Oh44Op5qW95aSp5biC5aC05bqX,44CQ44GC44GZ5qW95a++6LGh44CR44CQ6YCB5paZ54Sh5paZ44CRIOODgOOCpOOCveODsyDjgrXjgqTjgq/jg63jg7PlvI/mjoPpmaTmqZ8g44CMREM2MyDjg6Ljg7zjgr/jg7zjg5jjg4Pjg4njgrPjg7Pjg5fjg6rjg7zjg4jjgI3jgIBEQzYzQ09NW0RDNjNDT01d,QXBwU3RvcmUvQW5kcm9pZE1hcmtldOOBp+ODk+ODg+OCr+alveWkqeOCkuaknOe0ouOAguOAkOOBguOBmealveWvvuixoeOAkeOAkOmAgeaWmeeEoeaWmeOAkSDjg4DjgqTjgr3jg7Mg44K144Kk44Kv44Ot44Oz5byP5o6D6Zmk5qmfIOOAjERDNjMg44Oi44O844K/44O844OY44OD44OJ44Kz44Oz44OX44Oq44O844OI44CN44CAREM2M0NPTVtEQzYzQ09NXQ==[rn]
37-97075,aHR0cDovL3RzaG9wLnIxMHMuanAva2FpdGVraW1penUvY2FiaW5ldC9rb3VndS9jbDEwNWR3bi5qcGc/Zml0aW49NzAwOjcwMA==,ODAwMC4wMDAw,,5a626Zu7ID4g55Sf5rS75a626Zu7ID4g5o6D6Zmk5qmf44O744Kv44Oq44O844OK44O8ID4g5o6D6Zmk5qmf,44Oe44Kt44K/44CA5YWF6Zu75byP44Kv44Oq44O844OKIENMMTA1RFdO44CA44CQ6YCB5paZ54Sh5paZ77yB44CR,,4peO44CA44OV44Ot44Ki44O744GY44KF44GG44Gf44KT44OO44K644Or77yI44OY44OD44OJ77yJ44GM5qiZ5rqW6KOF5YKZ44Go44Gq44KK44G+44GX44Gf44CC44CAPGJyPgril47jgIDmlrDjg5Djg6vjg5bjgrnjg4bjg7zvvIjjgrTjg5/jgrnjg4jjg4Pjg5HvvInmjqHnlKjjgIDjgrnjg53jg7Pjgrjku5jjgY3jgaflr4bplonmgKflkJHkuIohPGJyPjxicj4KCuOAkOODkeODr+ODleODq+ODouODvOODieOAkeaQrei8ieOBp+OBiuOBneOBhuOBmOODqeOCr+ODqeOCr+KZqjxicj4KCuOAgOW8t+OBrue0hO+8ke+8ju+8lOWAjeOBruWQuOW8leWKm+OAgjxicj4KIArlj4LogIPpgKPntprkvb/nlKjmmYLplpPvvJrjg5Hjg6/jg5Xjg6s657SE77yY5YiGL+W8tzrntITvvJHvvJLliIYv5qiZ5rqWOue0hO+8ku+8k+WIhiA8YnI+CuWQuOWFpeS7leS6i+eOh++8mjIwV++8iOODkeODr+ODleODq++8iS8xNFfvvIjlvLfvvIkvNVfvvIjmqJnmupbvvIk8YnI+Cumbu+a6kO+8muODquODgeOCpuODoOOCpOOCquODs+ODkOODg+ODhuODqjEwLjjvvZYo5YWF6Zu757SEM+aZgumWk++8iSAKPGJyPgros6rph4/vvJrntITvvJFrZyjjg47jgrrjg6vjg7vjg5HjgqTjg5fpmaTjgY8pIAo8YnI+Cuaomea6luS7mOWxnuWTge+8mue0meODkeODg+OCrygxMOaeminjg7vjg4Djgrnjg4jjg5Djg4PjgrDjg7sKPGJyPgog44OV44Ot44Ki44GY44KF44GG44Gf44KT44OO44K644Or44O744K544OI44Os44O844OI44OR44Kk44OX44O744K144OD44K3KOOBmeOBjeOBvinnlKjjg47jgrrjg6sgCjxicj4K5YWF6Zu75Zmo44Kz44O844OJKERDMTAwMSk8YnI+Cjxicj4K5Y+O57SN44Gr5L6/5Yip44Gq77yi77yv77y444Gv44GT44Gh44KJISE8YnI+Cue0meODkeODg+OCr+OBruOBlOizvOWFpeOBr+OBk+OBoeOCiSEhPGJyPgoK5qOa44OW44Op44K344Gu44GU6LO85YWl44Gv44GT44Gh44KJISE8YnI+CuODleODrOOCreOCt+ODluODq+ODm+ODvOOCueODu+eLreOBhOWgtOaJgOOBruaOg+mZpOOBq+S+v+WIqSEhPGJyPgrjgrTjg5/jgrnjg4jjg4Pjg5Hjga/jgZPjgaHjgonjgII8YnI+CuODqeOCpuODs+ODieODluODqeOCt+ODu+ODmOODg+ODieOBjOWLleOBjeOBvuOBmTxicj48dGFibGUgd2lkdGg9IjEwMCUiIGNlbGxwYWRkaW5nPSIxMCIgY2VsbHNwYWNpbmc9IjAiIGJvcmRlcj0iMSIgYm9yZGVyY29sb3I9IiMzNzM3ZmYiPgo8dGJvZHk+Cjx0ciBiZ2NvbG9yPSIjMzczN2ZmIj4KPHRkPjxmb250IHNpemU9Ii0xIiBjb2xvcj0iI0ZGRkZGRiIgc3R5bGU9ImxpbmUtaGVpZ2h0OjEuNSI+PGI+4pagIOazqOaWh+WJjeOBq+OBlOeiuuiqjeOBj+OBoOOBleOBhDwvYj4KPC9mb250PjwvdGQ+CjwvdHI+Cjx0cj4KPHRkPgo8Zm9udCBzaXplPSItMSIgc3R5bGU9ImxpbmUtaGVpZ2h0OjEuNSI+6L+U5ZOB44Gr5Ly044GG44GK5a6i5qeY44Gu44GU6LKg5ouF44KS5Zue6YG/44GZ44KL44Gf44KB44Gr44CB44K144Kk44K644KE5LuV5qeY44Gr44Gk44GE44Gm44GU5LiN5piO44Gq54K544Gv5rOo5paH5YmN44Gr5b2T5bqX44G444GK5ZWP44GE5ZCI44KP44Gb44GP44Gg44GV44GE44CCPC9mb250Pjxicj4KPGJyPgo8Zm9udCBzaXplPSItMSIgY29sb3I9IiNlYjAwMDAiIHN0eWxlPSJsaW5lLWhlaWdodDoxLjUiPjxiPuKXjyDlvIrnpL7lj5bmibHllYblk4Hjga7ov5Tlk4Hlj5fku5jjga7ln7rmupbjga/mnKrplovlsIHjgavpmZDjgorjgb7jgZnjgII8L2I+PC9mb250Pjxicj4KPGZvbnQgc2l6ZT0iLTEiIHN0eWxlPSJsaW5lLWhlaWdodDoxLjUiPjxiPuOAkCDmnKrplovlsIHjgajjga/vvJ8g44CRPC9iPjxicj4K5ZWG5ZOB566x44GK44KI44Gz6KO95ZOB6KKL44GM6ZaL5bCB44GV44KM44Gm44GE44Gq44GE54q25oWL44Gu44KC44Gu77yI44OG44O844OX44KE57a044GY6YOo5YiG44KS44Gv44Ga44GX44Gm44Gq44GE44KC44Gu77yJPGJyPgo8Zm9udCBzaXplPSItMSIgc3R5bGU9ImxpbmUtaGVpZ2h0OjEuNSI+4oC75a6F5oCl5L6/44Gu5aSW566x44Gv6ZaL5bCB5b6M44Gn44KC5Y+X5LuYT0vjgafjgZnvvIjpoqjlkYLjg5Xjgr/jgpLpmaTjgY/vvIk8L2ZvbnQ+PGJyPgo8YnI+Cjxmb250IHNpemU9Ii0xIiBjb2xvcj0iI2ViMDAwMCIgc3R5bGU9ImxpbmUtaGVpZ2h0OjEuNSI+PGI+4pePIOebtOmAgeWTgeOBr+OBhOOBi+OBquOCi+WgtOWQiOOCguWvvuixoeWkluOBqOOBquOCiuOBvuOBmeOAgjwvYj48L2ZvbnQ+PGJyPgrliJ3mnJ/kuI3oia/vvIjovLjpgIHkuK3jga7noLTmkI3vvInjga/ov5Tlk4Hlr77osaHjgavlkKvjgb/jgb7jgZnjgII8YnI+Cjxicj4KPGZvbnQgc2l6ZT0iLTEiIGNvbG9yPSIjZWIwMDAwIiBzdHlsZT0ibGluZS1oZWlnaHQ6MS41Ij48Yj7il48g5ZCE44Oh44O844Kr44O844K144Kk44OI44GL44KJ44KC44GU56K66KqN44GE44Gf44Gg44GR44G+44GZ44CCPC9iPjwvZm9udD48YnI+Cjxicj4KPC9mb250Pgo8dGFibGUgd2lkdGg9IjEwMCUiIGJvcmRlcj0iMCIgY2VsbHNwYWNpbmc9IjAiIGNlbGxwYWRkaW5nPSIwIj4KPHRyPgo8dGQgYmdjb2xvcj0iI0RBREFEQSI+PHRhYmxlIHdpZHRoPSIxMDAlIiBib3JkZXI9IjAiIGNlbGxzcGFjaW5nPSIyIiBjZWxscGFkZGluZz0iMTAiPgo8dHI+Cjx0ZCBjb2xzcGFuPSIyIiBiZ2NvbG9yPSIjREFEQURBIj48Zm9udCBzaXplPSItMSI+PGI+5ZCE44Oh44O844Kr44O844K144Kk44OI5LiA6KanPC9iPjwvZm9udD48L3RkPgo8L3RyPgo8dHI+Cjx0ZCB3aWR0aD0iNTAlIiBiZ2NvbG9yPSIjRkZGRkZGIj48Zm9udCBzaXplPSItMSIgY29sb3I9IiMwZmMyZWYiIHN0eWxlPSJsaW5lLWhlaWdodDoxLjUiPuKWoDwvZm9udD4gPGZvbnQgc2l6ZT0iLTEiIHN0eWxlPSJsaW5lLWhlaWdodDoxLjUiPjxiPklOQVgg44CM44GE44GE44OK44OT44CNPC9iPjxicj7vvIjpg6jlk4HjgIHlm7PpnaLnrYnjga7mpJzntKLjgYzjgafjgY3jgb7jgZnvvIk8YnI+CiDjg5Xjg6rjg7zjg4DjgqTjg6Tjg6s8Yj4gMDEyMC0xNzktNDAwPC9iPjxicj4KSVDpm7voqbEgPGI+MDU2Mi00MC00MDUwPC9iPjxicj4K5bmz5pelOeaZgu+9njE45pmC44CA5Zyf5pel56Wd5pel44CAOeaZgu+9njE35pmCPGJyPgpHV+OAgeW5tOacq+W5tOWni+Wkj+Wto+S8keaah+S4reOBr+S8keOBvzxicj4KRkFYIDAxMjAtMTc5LTQzMDxicj5JUOmbu+ipseOBrkZBWCAwNTYyLTQwLTQwNTM8L2ZvbnQ+PC90ZD4KPHRkIHdpZHRoPSI1MCUiIGJnY29sb3I9IiNGRkZGRkYiPjxmb250IHNpemU9Ii0xIiBjb2xvcj0iIzBmYzJlZiIgc3R5bGU9ImxpbmUtaGVpZ2h0OjEuNSI+4pagPC9mb250PiA8Zm9udCBzaXplPSItMSIgc3R5bGU9ImxpbmUtaGVpZ2h0OjEuNSI+PGI+VE9UTyDjgIxDTy1NRVTjgI08L2I+PGJyPu+8iOmDqOWTgeOAgeWbs+mdouetieOBruaknOe0ouOBjOOBp+OBjeOBvuOBme+8iTxicj4KIOODleODquODvOODgOOCpOODpOODqzxiPiAwMTIwLTAzLTEwMTA8L2I+44CAPGJyPgo55pmC772eMTfmmYLjgIDlpI/lraPjg7vlubTmnKvlubTlp4vkvJHmmofjgpLpmaTjgY88YnI+CkZBWCAwMTIwLTA5LTEwMTA8L2ZvbnQ+PC90ZD4KPC90cj4KPHRyPgo8dGQgYmdjb2xvcj0iI0ZGRkZGRiI+PGZvbnQgc2l6ZT0iLTEiIGNvbG9yPSIjMGZjMmVmIiBzdHlsZT0ibGluZS1oZWlnaHQ6MS41Ij7ilqA8L2ZvbnQ+IDxmb250IHNpemU9Ii0xIiBzdHlsZT0ibGluZS1oZWlnaHQ6MS41Ij48Yj5LVksg44GK5a6i5qeY44K144Od44O844OIPC9iPjxicj4K44OK44OT44OA44Kk44Ok44OrIO+8iDIw56eS44GU44Go44GrMTDlhobjga7pgJroqbHmlpnvvIk8YnI+CjxiPjA1NzAtMDk5LTU1MjwvYj48YnI+CuW5s+aXpTnmmYLvvZ4xMuaZguOAgTEz5pmC772eMTfmmYI8YnI+CuWkj+Wto+S8keaah+ODu+W5tOacq+W5tOWni+OCkumZpOOBjzxicj4K44K144Od44O844OI44Oa44O844K444GL44KJ44Oh44O844Or44Gn5ZWP5ZCI44Gb5Y+v6IO9IO+8iOWGmeecn+a3u+S7mOWPr++8ieOAgjwvZm9udD48L3RkPgo8dGQgYmdjb2xvcj0iI0ZGRkZGRiI+PGZvbnQgc2l6ZT0iLTEiIGNvbG9yPSIjMGZjMmVmIiBzdHlsZT0ibGluZS1oZWlnaHQ6MS41Ij7ilqA8L2ZvbnQ+IDxmb250IHNpemU9Ii0xIiBzdHlsZT0ibGluZS1oZWlnaHQ6MS41Ij48Yj7jg5Hjg4rjgr3jg4vjg4Pjgq8g5rSX6Z2i44OJ44Os44OD44K344Oz44Kw6YOo5ZOB5qSc57SiPC9iPjxicj4KIOODleODquODvOODgOOCpOODpOODqyA8Yj4wMTIwLTg3OC0zNjU8L2I+PGJyPgo55pmC772eMjDmmYLjgIDlubTkuK3nhKHkvJE8L2ZvbnQ+PC90ZD4KPC90cj4KPHRyPgo8dGQgYmdjb2xvcj0iI0ZGRkZGRiI+PGZvbnQgc2l6ZT0iLTEiIGNvbG9yPSIjMGZjMmVmIiBzdHlsZT0ibGluZS1oZWlnaHQ6MS41Ij7ilqA8L2ZvbnQ+IDxmb250IHNpemU9Ii0xIiBzdHlsZT0ibGluZS1oZWlnaHQ6MS41Ij48Yj7kuInmoITmsLTmoJMg44GK5ZWP44GE5ZCI44KP44Gb56qT5Y+jPC9iPjxicj4K6Zu76Kmx44Gv5pyA5a+E44KK44Gu5Za25qWt5omA44G4PC9mb250PjwvdGQ+Cjx0ZCBiZ2NvbG9yPSIjRkZGRkZGIj48Zm9udCBzaXplPSItMSIgY29sb3I9IiMwZmMyZWYiIHN0eWxlPSJsaW5lLWhlaWdodDoxLjUiPuKWoDwvZm9udD4gPGZvbnQgc2l6ZT0iLTEiIHN0eWxlPSJsaW5lLWhlaWdodDoxLjUiPjxiPuOCq+OCr+ODgOOCpCDjgYrllY/jgYTlkIjjgo/jgZvnqpPlj6M8L2I+PGJyPgrpm7voqbHjga/mnIDlr4Tjgorjga7llrbmpa3miYDjgbg8L2ZvbnQ+PC90ZD4KPC90cj4KPHRyPgo8dGQgYmdjb2xvcj0iI0ZGRkZGRiI+PGZvbnQgc2l6ZT0iLTEiIGNvbG9yPSIjMGZjMmVmIiBzdHlsZT0ibGluZS1oZWlnaHQ6MS41Ij7ilqA8L2ZvbnQ+IDxmb250IHNpemU9Ii0xIiBzdHlsZT0ibGluZS1oZWlnaHQ6MS41Ij48Yj7jgr/jgq3jg63jg7Mg44GK5ZWP44GE5ZCI44KP44GbPC9iPjxicj4K44OV44Oq44O844OA44Kk44Ok44OrIDxiPjAxMjAtODc3LTExNTwvYj48YnI+CuW5s+aXpTnmmYLvvZ4xN+aZgjxicj7lnJ/ml6XnpZ3npa3ml6XlubTmnKvlubTlp4vjgYrnm4bjga/kvJHjgb88L2ZvbnQ+PC90ZD4KPHRkIGJnY29sb3I9IiNGRkZGRkYiPjxmb250IHNpemU9Ii0xIiBjb2xvcj0iIzBmYzJlZiIgc3R5bGU9ImxpbmUtaGVpZ2h0OjEuNSI+4pagPC9mb250PiA8Zm9udCBzaXplPSItMSIgc3R5bGU9ImxpbmUtaGVpZ2h0OjEuNSI+PGI+44Kv44Oq44OK44OD44OXIOOBiuWuouanmOOCteODneODvOODiDwvYj48YnI+CuODleODquODvOODgOOCpOODpOODqyA8Yj4wMTIwLTEyNi0xNzQ8L2I+PGJyPgo55pmC772eMTjmmYLjgIDlhYPml6bjga7jgb/kvJHjgb88L2ZvbnQ+PC90ZD4KPC90cj4KPHRyPgo8dGQgYmdjb2xvcj0iI0ZGRkZGRiI+PGZvbnQgc2l6ZT0iLTEiIGNvbG9yPSIjMGZjMmVmIiBzdHlsZT0ibGluZS1oZWlnaHQ6MS41Ij7ilqA8L2ZvbnQ+IDxmb250IHNpemU9Ii0xIiBzdHlsZT0ibGluZS1oZWlnaHQ6MS41Ij48Yj7jg47jg7zjg6rjg4Qg44GK5ZWP44GE5ZCI44KP44Gb56qT5Y+jPC9iPjxicj4K44OV44Oq44O844OA44Kk44Ok44OrIDxiPjAxMjAtOTExLTAyNjwvYj48YnI+CuaQuuW4r+OBi+OCieOBryA8Yj4wNTcwLTA2NC05MTA8L2I+PGJyPgrvvIjpgJroqbHmlpnjgYzjgYvjgYvjgorjgb7jgZnvvIk8YnI+CuW5s+aXpTnmmYLvvZ4xOOaZguOAgOWcn+aXpeelneelreaXpTnmmYLvvZ4xN+aZgjwvZm9udD48L3RkPgo8dGQgYmdjb2xvcj0iI0ZGRkZGRiI+PGZvbnQgc2l6ZT0iLTEiIGNvbG9yPSIjMGZjMmVmIiBzdHlsZT0ibGluZS1oZWlnaHQ6MS41Ij7ilqA8L2ZvbnQ+IDxmb250IHNpemU9Ii0xIiBzdHlsZT0ibGluZS1oZWlnaHQ6MS41Ij48Yj7jg57jgq3jgr8g44GK5ZWP44GE5ZCI44KP44GbPC9iPjxicj4K6Zu76Kmx44Gv5pyA5a+E44KK44Gu5Za25qWt5omA44G4PC9mb250Pjxicj4KPC9mb250PjwvdGQ+CjwvdHI+CjwvdGFibGU+PC90ZD4KPC90cj4KPC90YWJsZT48L3RkPgo8L3RyPgo8L3Rib2R5Pgo8L3RhYmxlPg==,44Oe44Kt44K/44CA5YWF6Zu75byP44Kv44Oq44O844OKIENMMTA1RFdO44CA44CQ6YCB5paZ54Sh5paZ77yB44CR77ya5b+r6YGp5rC056m66aSo,SU5BWOmbu+WLleW3peWFt0tBS1VEQUnoqbDjgb7jgorjgqTjg4rjg4Pjgq/jgrltYWtpdGHjgqvjgq/jg4DjgqTjg57jgq3jgr9KRjIwVOa1hOawtOWZqOa1tOanveOAgOODkOOCueOCv+ODluOCq+ODvOODiOODquODg+OCuEtWS+ODkeODiuOCveODi+ODg+OCr+mAgeaWmeeEoeaWmXBhbmFzb25pY+mAgeaWmei+vFNBVElT44Ks44O844OH44OL44Oz44Kw44Kv44Oq44O844OK44Oe44Kt44K/44CA5YWF6Zu75byP44Kv44Oq44O844OKIENMMTA1RFdO44CA44CQ6YCB5paZ54Sh5paZ77yB44CR,44Oe44Kt44K/44CA5YWF6Zu75byP44Kv44Oq44O844OKIENMMTA1RFdO44CA44CQ6YCB5paZ54Sh5paZ77yB44CR[rn]
37-97076,aHR0cDovL3RzaG9wLnIxMHMuanAva2FpdGVraW1penUvY2FiaW5ldC9rb3VndS9jbDA3MmRzLmpwZz9maXRpbj03MDA6NzAw,ODA2NC44MDAw,,5a626Zu7ID4g55Sf5rS75a626Zu7ID4g5o6D6Zmk5qmf44O744Kv44Oq44O844OK44O8ID4g5o6D6Zmk5qmf,6YCB5paZ6L6877yB5pWw6YeP6ZmQ5a6a44Gn44K744O844Or5Lit77yB77yB44CA44CQUkNQ44CR44Oe44Kt44K/44CA5YWF6Zu75byP44Kv44Oq44O844OK44CAQ0wwNzJEU+OAgOOAkEJMNzAxMOODkOODg+ODhuODqu+8hkRDMDdTQeWFhembu+WZqOS7mOOAkeOAkOalveOCruODlV/ljIXoo4XjgJE=,,44OR44Ov44OV44Or44CB44Kz44O844OJ44Os44K577yBPHRhYmxlIGJvcmRlcj0iMCIgY2VsbHNwYWNpbmc9IjAiIGNlbGxwYWRkaW5nPSIyIj4KPHRyIHZhbGlnbj0idG9wIj4KPHRkIG5vd3JhcD7jgq7jg5Xjg4jlr77lv5w8L3RkPgo8L3RyPgo8L3RhYmxlPgo8YnI+Cgo8Zm9udCBjb2xvcj0iYmx1ZSI+PGI+44OQ44OD44OG44OqKEJMNzAxMCnlhYXpm7vlmagoREMwN1NBKeS7mDwvZm9udD48L2I+PGJyPgo8YnI+Cjxicj4K5Y+O57SN44Gr5L6/5Yip44Gq77yi77yv77y444Gv44GT44Gh44KJISE8YnI+Cue0meODkeODg+OCr+OBruOBlOizvOWFpeOBr+OBk+OBoeOCiSEhPGJyPgrjgZjjgoXjgYbjgZ/jgpPnlKjjg47jgrrjg6vjga7jgZTos7zlhaXjga/jgZPjgaHjgokhITxicj4K5qOa44OW44Op44K344Gu44GU6LO85YWl44Gv44GT44Gh44KJISE8YnI+CuODleODrOOCreOCt+ODluODq+ODm+ODvOOCueODu+eLreOBhOWgtOaJgOOBruaOg+mZpOOBq+S+v+WIqSEhPGJyPgrjgrTjg5/jgrnjg4jjg4Pjg5Hjga/jgZPjgaHjgonjgII8YnI+CuODqeOCpuODs+ODieODluODqeOCt+ODu+ODmOODg+ODieOBjOWLleOBjeOBvuOBmTxicj4KCjxCUj7lj4LogIPpgKPntprkvb/nlKjmmYLplpMobWluKe+8muW8tzrntITvvJgv5qiZ5rqWOue0hO+8ke+8lgo8QlI+6Zu75rqQ77ya44Oq44OB44Km44Og44Kk44Kq44Oz44OQ44OD44OG44Oq77yi77ys77yX77yQ77yR77yQKOWFhembu+e0hDMw5YiGKQo8QlI+6LOq6YePKGtnKe+8mjAuOTgo44OQ44OD44OG44Oq5ZCr44KAKQo8QlI+5qiZ5rqW5LuY5bGe5ZOB77ya57SZ44OR44OD44KvKDEw5p6aKeODu+ODgOOCueODiOODkOODg+OCsOODuzxicj4K44OO44K644Or44O744K544OI44Os44O844OI44OR44Kk44OX44O744K144OD44K3KOOBmeOBjeOBvinnlKjjg47jgrrjg6s8YnI+44Oq44OB44Km44Og44Kk44Kq44Oz44OQ44OD44OG44OqQkw3MDEwKDcuMlYpCjxicj7lhYXpm7vlmagoREMwN1NBKQoKPGJyPjxicj4KCgo8Zm9udCBzaXplPSIrMiI+PGI+44OR44Ov44OV44Or44Gq5ZC45byV5YqbPC9mb250PjwvYj48YnI+CuODl+ODreeUqOWFhembu+W3peWFt+OBruODj+OCpOODkeODr+ODvOODouODvOOCv+ODvOOCkuaQrei8ieOAgjxicj4K44CM5LiA6Iis5a625bqt44CN44GL44KJ44CM44OX44Ot5riF5o6D5qWt772d44Gu5pa544CBPGJyPgrjgIzlu7rnr4nmpa3jgI3jga7mlrnjgb7jgafmuoDotrPjgafjgY3jgovjg5Hjg6/jg7zjgpI8YnI+5o+Q5L6b44GE44Gf44GX44G+44GZ44CCPGJyPgo8YnI+Cgo8Zm9udCBzaXplPSIrMiI+PGI+44Oq44OB44Km44Og44Kk44Kq44Oz44OQ44OD44OG44Oq5pCt6LyJPC9mb250PjwvYj48YnI+CuODl+ODreeUqOWFhembu+W3peWFt+OBqOWQjOOBmOODkOODg+ODhuODquOCkuaOoeeUqOOAgjxicj4K44Oq44OB44Km44Og44Gq44KJ44Gn44Gv44Gu5YSq44KM44Gf54m55oCn44Gr5Yqg44GI44CBPGJyPgrlpJrnqK7lpJrlvanjgarlhYXpm7vlt6Xlhbfjgajjga7kvb/jgYTlm57jgZfjgoLlj6/og73jgafjgZk8YnI+Cjxicj4KPGZvbnQgc2l6ZT0iKzIiPjxiPuWlpeOBruWlpeOBvuOBp+WxiuOBj1Tlnovjg47jgrrjg6s8L2ZvbnQ+PC9iPjxicj4K5bqK6Z2i44Gr5a+G552A44GX44Gm5rWu44GL44Gq44GE44GL44KJ44K944OV44Kh44O844KE5qOa44Gu5LiL44KCPGJyPgrjg6njgq/jg6njgq/jgYrmjoPpmaTjgII8YnI+Cjxicj4KPGZvbnQgc2l6ZT0iKzIiPjxiPuaWnOOCgeOCq+ODg+ODiOOBruWQuOi+vOWPozwvZm9udD48L2I+PGJyPgrjg5HjgqTjg5fjgYzmipzjgZHjgavjgY/jgY/jgIHjg47jgrrjg6vjgYznhKHjgY/jgabjgoI8YnI+CuOBiuaOg+mZpOOBjOOBl+OChOOBmeOBhOW9oueKtuOBp+OBmeOAgjxicj4KPGJyPgo8Zm9udCBzaXplPSIrMiI+PGI+44K044Of44K544OI44OD44OR5LuYPC9mb250PjwvYj48YnI+CuOCtOODn+OBruOBk+OBvOOCjOiQveOBoeOCkumYsuOBjuOBvuOBmeOAgjx0YWJsZSB3aWR0aD0iMTAwJSIgY2VsbHBhZGRpbmc9IjEwIiBjZWxsc3BhY2luZz0iMCIgYm9yZGVyPSIxIiBib3JkZXJjb2xvcj0iIzM3MzdmZiI+Cjx0Ym9keT4KPHRyIGJnY29sb3I9IiMzNzM3ZmYiPgo8dGQ+PGZvbnQgc2l6ZT0iLTEiIGNvbG9yPSIjRkZGRkZGIiBzdHlsZT0ibGluZS1oZWlnaHQ6MS41Ij48Yj7ilqAg5rOo5paH5YmN44Gr44GU56K66KqN44GP44Gg44GV44GEPC9iPgo8L2ZvbnQ+PC90ZD4KPC90cj4KPHRyPgo8dGQ+Cjxmb250IHNpemU9Ii0xIiBzdHlsZT0ibGluZS1oZWlnaHQ6MS41Ij7ov5Tlk4HjgavkvLTjgYbjgYrlrqLmp5jjga7jgZTosqDmi4XjgpLlm57pgb/jgZnjgovjgZ/jgoHjgavjgIHjgrXjgqTjgrrjgoTku5Xmp5jjgavjgaTjgYTjgabjgZTkuI3mmI7jgarngrnjga/ms6jmlofliY3jgavlvZPlupfjgbjjgYrllY/jgYTlkIjjgo/jgZvjgY/jgaDjgZXjgYTjgII8L2ZvbnQ+PGJyPgo8YnI+Cjxmb250IHNpemU9Ii0xIiBjb2xvcj0iI2ViMDAwMCIgc3R5bGU9ImxpbmUtaGVpZ2h0OjEuNSI+PGI+4pePIOW8iuekvuWPluaJseWVhuWTgeOBrui/lOWTgeWPl+S7mOOBruWfuua6luOBr+acqumWi+WwgeOBq+mZkOOCiuOBvuOBmeOAgjwvYj48L2ZvbnQ+PGJyPgo8Zm9udCBzaXplPSItMSIgc3R5bGU9ImxpbmUtaGVpZ2h0OjEuNSI+PGI+44CQIOacqumWi+WwgeOBqOOBr++8nyDjgJE8L2I+PGJyPgrllYblk4HnrrHjgYrjgojjgbPoo73lk4HooovjgYzplovlsIHjgZXjgozjgabjgYTjgarjgYTnirbmhYvjga7jgoLjga7vvIjjg4bjg7zjg5fjgoTntrTjgZjpg6jliIbjgpLjga/jgZrjgZfjgabjgarjgYTjgoLjga7vvIk8YnI+Cjxmb250IHNpemU9Ii0xIiBzdHlsZT0ibGluZS1oZWlnaHQ6MS41Ij7igLvlroXmgKXkvr/jga7lpJbnrrHjga/plovlsIHlvozjgafjgoLlj5fku5hPS+OBp+OBme+8iOmiqOWRguODleOCv+OCkumZpOOBj++8iTwvZm9udD48YnI+Cjxicj4KPGZvbnQgc2l6ZT0iLTEiIGNvbG9yPSIjZWIwMDAwIiBzdHlsZT0ibGluZS1oZWlnaHQ6MS41Ij48Yj7il48g55u06YCB5ZOB44Gv44GE44GL44Gq44KL5aC05ZCI44KC5a++6LGh5aSW44Go44Gq44KK44G+44GZ44CCPC9iPjwvZm9udD48YnI+CuWIneacn+S4jeiJr++8iOi8uOmAgeS4reOBruegtOaQje+8ieOBr+i/lOWTgeWvvuixoeOBq+WQq+OBv+OBvuOBmeOAgjxicj4KPGJyPgo8Zm9udCBzaXplPSItMSIgY29sb3I9IiNlYjAwMDAiIHN0eWxlPSJsaW5lLWhlaWdodDoxLjUiPjxiPuKXjyDlkITjg6Hjg7zjgqvjg7zjgrXjgqTjg4jjgYvjgonjgoLjgZTnorroqo3jgYTjgZ/jgaDjgZHjgb7jgZnjgII8L2I+PC9mb250Pjxicj4KPGJyPgo8L2ZvbnQ+Cjx0YWJsZSB3aWR0aD0iMTAwJSIgYm9yZGVyPSIwIiBjZWxsc3BhY2luZz0iMCIgY2VsbHBhZGRpbmc9IjAiPgo8dHI+Cjx0ZCBiZ2NvbG9yPSIjREFEQURBIj48dGFibGUgd2lkdGg9IjEwMCUiIGJvcmRlcj0iMCIgY2VsbHNwYWNpbmc9IjIiIGNlbGxwYWRkaW5nPSIxMCI+Cjx0cj4KPHRkIGNvbHNwYW49IjIiIGJnY29sb3I9IiNEQURBREEiPjxmb250IHNpemU9Ii0xIj48Yj7lkITjg6Hjg7zjgqvjg7zjgrXjgqTjg4jkuIDopqc8L2I+PC9mb250PjwvdGQ+CjwvdHI+Cjx0cj4KPHRkIHdpZHRoPSI1MCUiIGJnY29sb3I9IiNGRkZGRkYiPjxmb250IHNpemU9Ii0xIiBjb2xvcj0iIzBmYzJlZiIgc3R5bGU9ImxpbmUtaGVpZ2h0OjEuNSI+4pagPC9mb250PiA8Zm9udCBzaXplPSItMSIgc3R5bGU9ImxpbmUtaGVpZ2h0OjEuNSI+PGI+SU5BWCDjgIzjgYTjgYTjg4rjg5PjgI08L2I+PGJyPu+8iOmDqOWTgeOAgeWbs+mdouetieOBruaknOe0ouOBjOOBp+OBjeOBvuOBme+8iTxicj4KIOODleODquODvOODgOOCpOODpOODqzxiPiAwMTIwLTE3OS00MDA8L2I+PGJyPgpJUOmbu+ipsSA8Yj4wNTYyLTQwLTQwNTA8L2I+PGJyPgrlubPml6U55pmC772eMTjmmYLjgIDlnJ/ml6XnpZ3ml6XjgIA55pmC772eMTfmmYI8YnI+CkdX44CB5bm05pyr5bm05aeL5aSP5a2j5LyR5pqH5Lit44Gv5LyR44G/PGJyPgpGQVggMDEyMC0xNzktNDMwPGJyPklQ6Zu76Kmx44GuRkFYIDA1NjItNDAtNDA1MzwvZm9udD48L3RkPgo8dGQgd2lkdGg9IjUwJSIgYmdjb2xvcj0iI0ZGRkZGRiI+PGZvbnQgc2l6ZT0iLTEiIGNvbG9yPSIjMGZjMmVmIiBzdHlsZT0ibGluZS1oZWlnaHQ6MS41Ij7ilqA8L2ZvbnQ+IDxmb250IHNpemU9Ii0xIiBzdHlsZT0ibGluZS1oZWlnaHQ6MS41Ij48Yj5UT1RPIOOAjENPLU1FVOOAjTwvYj48YnI+77yI6YOo5ZOB44CB5Zuz6Z2i562J44Gu5qSc57Si44GM44Gn44GN44G+44GZ77yJPGJyPgog44OV44Oq44O844OA44Kk44Ok44OrPGI+IDAxMjAtMDMtMTAxMDwvYj7jgIA8YnI+CjnmmYLvvZ4xN+aZguOAgOWkj+Wto+ODu+W5tOacq+W5tOWni+S8keaah+OCkumZpOOBjzxicj4KRkFYIDAxMjAtMDktMTAxMDwvZm9udD48L3RkPgo8L3RyPgo8dHI+Cjx0ZCBiZ2NvbG9yPSIjRkZGRkZGIj48Zm9udCBzaXplPSItMSIgY29sb3I9IiMwZmMyZWYiIHN0eWxlPSJsaW5lLWhlaWdodDoxLjUiPuKWoDwvZm9udD4gPGZvbnQgc2l6ZT0iLTEiIHN0eWxlPSJsaW5lLWhlaWdodDoxLjUiPjxiPktWSyDjgYrlrqLmp5jjgrXjg53jg7zjg4g8L2I+PGJyPgrjg4rjg5Pjg4DjgqTjg6Tjg6sg77yIMjDnp5LjgZTjgajjgasxMOWGhuOBrumAmuipseaWme+8iTxicj4KPGI+MDU3MC0wOTktNTUyPC9iPjxicj4K5bmz5pelOeaZgu+9njEy5pmC44CBMTPmmYLvvZ4xN+aZgjxicj4K5aSP5a2j5LyR5pqH44O75bm05pyr5bm05aeL44KS6Zmk44GPPGJyPgrjgrXjg53jg7zjg4jjg5rjg7zjgrjjgYvjgonjg6Hjg7zjg6vjgafllY/lkIjjgZvlj6/og70g77yI5YaZ55yf5re75LuY5Y+v77yJ44CCPC9mb250PjwvdGQ+Cjx0ZCBiZ2NvbG9yPSIjRkZGRkZGIj48Zm9udCBzaXplPSItMSIgY29sb3I9IiMwZmMyZWYiIHN0eWxlPSJsaW5lLWhlaWdodDoxLjUiPuKWoDwvZm9udD4gPGZvbnQgc2l6ZT0iLTEiIHN0eWxlPSJsaW5lLWhlaWdodDoxLjUiPjxiPuODkeODiuOCveODi+ODg+OCryDmtJfpnaLjg4njg6zjg4Pjgrfjg7PjgrDpg6jlk4HmpJzntKI8L2I+PGJyPgog44OV44Oq44O844OA44Kk44Ok44OrIDxiPjAxMjAtODc4LTM2NTwvYj48YnI+CjnmmYLvvZ4yMOaZguOAgOW5tOS4reeEoeS8kTwvZm9udD48L3RkPgo8L3RyPgo8dHI+Cjx0ZCBiZ2NvbG9yPSIjRkZGRkZGIj48Zm9udCBzaXplPSItMSIgY29sb3I9IiMwZmMyZWYiIHN0eWxlPSJsaW5lLWhlaWdodDoxLjUiPuKWoDwvZm9udD4gPGZvbnQgc2l6ZT0iLTEiIHN0eWxlPSJsaW5lLWhlaWdodDoxLjUiPjxiPuS4ieaghOawtOagkyDjgYrllY/jgYTlkIjjgo/jgZvnqpPlj6M8L2I+PGJyPgrpm7voqbHjga/mnIDlr4Tjgorjga7llrbmpa3miYDjgbg8L2ZvbnQ+PC90ZD4KPHRkIGJnY29sb3I9IiNGRkZGRkYiPjxmb250IHNpemU9Ii0xIiBjb2xvcj0iIzBmYzJlZiIgc3R5bGU9ImxpbmUtaGVpZ2h0OjEuNSI+4pagPC9mb250PiA8Zm9udCBzaXplPSItMSIgc3R5bGU9ImxpbmUtaGVpZ2h0OjEuNSI+PGI+44Kr44Kv44OA44KkIOOBiuWVj+OBhOWQiOOCj+OBm+eqk+WPozwvYj48YnI+Cumbu+ipseOBr+acgOWvhOOCiuOBruWWtualreaJgOOBuDwvZm9udD48L3RkPgo8L3RyPgo8dHI+Cjx0ZCBiZ2NvbG9yPSIjRkZGRkZGIj48Zm9udCBzaXplPSItMSIgY29sb3I9IiMwZmMyZWYiIHN0eWxlPSJsaW5lLWhlaWdodDoxLjUiPuKWoDwvZm9udD4gPGZvbnQgc2l6ZT0iLTEiIHN0eWxlPSJsaW5lLWhlaWdodDoxLjUiPjxiPuOCv+OCreODreODsyDjgYrllY/jgYTlkIjjgo/jgZs8L2I+PGJyPgrjg5Xjg6rjg7zjg4DjgqTjg6Tjg6sgPGI+MDEyMC04NzctMTE1PC9iPjxicj4K5bmz5pelOeaZgu+9njE35pmCPGJyPuWcn+aXpeelneelreaXpeW5tOacq+W5tOWni+OBiuebhuOBr+S8keOBvzwvZm9udD48L3RkPgo8dGQgYmdjb2xvcj0iI0ZGRkZGRiI+PGZvbnQgc2l6ZT0iLTEiIGNvbG9yPSIjMGZjMmVmIiBzdHlsZT0ibGluZS1oZWlnaHQ6MS41Ij7ilqA8L2ZvbnQ+IDxmb250IHNpemU9Ii0xIiBzdHlsZT0ibGluZS1oZWlnaHQ6MS41Ij48Yj7jgq/jg6rjg4rjg4Pjg5cg44GK5a6i5qeY44K144Od44O844OIPC9iPjxicj4K44OV44Oq44O844OA44Kk44Ok44OrIDxiPjAxMjAtMTI2LTE3NDwvYj48YnI+CjnmmYLvvZ4xOOaZguOAgOWFg+aXpuOBruOBv+S8keOBvzwvZm9udD48L3RkPgo8L3RyPgo8dHI+Cjx0ZCBiZ2NvbG9yPSIjRkZGRkZGIj48Zm9udCBzaXplPSItMSIgY29sb3I9IiMwZmMyZWYiIHN0eWxlPSJsaW5lLWhlaWdodDoxLjUiPuKWoDwvZm9udD4gPGZvbnQgc2l6ZT0iLTEiIHN0eWxlPSJsaW5lLWhlaWdodDoxLjUiPjxiPuODjuODvOODquODhCDjgYrllY/jgYTlkIjjgo/jgZvnqpPlj6M8L2I+PGJyPgrjg5Xjg6rjg7zjg4DjgqTjg6Tjg6sgPGI+MDEyMC05MTEtMDI2PC9iPjxicj4K5pC65biv44GL44KJ44GvIDxiPjA1NzAtMDY0LTkxMDwvYj48YnI+Cu+8iOmAmuipseaWmeOBjOOBi+OBi+OCiuOBvuOBme+8iTxicj4K5bmz5pelOeaZgu+9njE45pmC44CA5Zyf5pel56Wd56Wt5pelOeaZgu+9njE35pmCPC9mb250PjwvdGQ+Cjx0ZCBiZ2NvbG9yPSIjRkZGRkZGIj48Zm9udCBzaXplPSItMSIgY29sb3I9IiMwZmMyZWYiIHN0eWxlPSJsaW5lLWhlaWdodDoxLjUiPuKWoDwvZm9udD4gPGZvbnQgc2l6ZT0iLTEiIHN0eWxlPSJsaW5lLWhlaWdodDoxLjUiPjxiPuODnuOCreOCvyDjgYrllY/jgYTlkIjjgo/jgZs8L2I+PGJyPgrpm7voqbHjga/mnIDlr4Tjgorjga7llrbmpa3miYDjgbg8L2ZvbnQ+PGJyPgo8L2ZvbnQ+PC90ZD4KPC90cj4KPC90YWJsZT48L3RkPgo8L3RyPgo8L3RhYmxlPjwvdGQ+CjwvdHI+CjwvdGJvZHk+CjwvdGFibGU+,6YCB5paZ6L6877yB5pWw6YeP6ZmQ5a6a44Gn44K744O844Or5Lit77yB77yB44CA44CQUkNQ44CR44Oe44Kt44K/44CA5YWF6Zu75byP44Kv44Oq44O844OK44CAQ0wwNzJEU+OAgOOAkEJMNzAxMOODkOODg+ODhuODqu+8hkRDMDdTQeWFhembu+WZqOS7mOOAkeOAkOalveOCruODlV/ljIXoo4XjgJHvvJrlv6vpganmsLTnqbrppKg=,SU5BWOmbu+WLleW3peWFt0tBS1VEQUnoqbDjgb7jgorjgqTjg4rjg4Pjgq/jgrltYWtpdGHjgqvjgq/jg4DjgqTjg57jgq3jgr9KRjIwVOa1hOawtOWZqOa1tOanveOAgOODkOOCueOCv+ODluOCq+ODvOODiOODquODg+OCuEtWS+ODkeODiuOCveODi+ODg+OCr+mAgeaWmeeEoeaWmXBhbmFzb25pY+mAgeaWmei+vFNBVElT44Ks44O844OH44OL44Oz44Kw44Kv44Oq44O844OK6YCB5paZ6L6877yB5pWw6YeP6ZmQ5a6a44Gn44K744O844Or5Lit77yB77yB44CA44CQUkNQ44CR44Oe44Kt44K/44CA5YWF6Zu75byP44Kv44Oq44O844OK44CAQ0wwNzJEU+OAgOOAkEJMNzAxMOODkOODg+ODhuODqu+8hkRDMDdTQeWFhembu+WZqOS7mOOAkeOAkOalveOCruODlV/ljIXoo4XjgJE=,6YCB5paZ6L6877yB5pWw6YeP6ZmQ5a6a44Gn44K744O844Or5Lit77yB77yB44CA44CQUkNQ44CR44Oe44Kt44K/44CA5YWF6Zu75byP44Kv44Oq44O844OK44CAQ0wwNzJEU+OAgOOAkEJMNzAxMOODkOODg+ODhuODqu+8hkRDMDdTQeWFhembu+WZqOS7mOOAkeOAkOalveOCruODlV/ljIXoo4XjgJE=[rn]
37-97077,aHR0cDovL3RzaG9wLnIxMHMuanAvYmljY2FtZXJhL2NhYmluZXQvcHJvZHVjdC8yNjM1LzAwMDAwMDAzNjAwNTQwX2EwMS5qcGc/Zml0aW49NzAwOjcwMA==,MTY3MDAuODAwMA==,,5a626Zu7ID4g55Sf5rS75a626Zu7ID4g5o6D6Zmk5qmf44O744Kv44Oq44O844OK44O8ID4g5o6D6Zmk5qmf,44CQ6YCB5paZ54Sh5paZ44CRIOaXpeeriyDjgJDjg5Hjg6/jg7zjg5bjg6njgrfmkK3ovInjgJEg57SZ44OR44OD44Kv5byP5o6D6Zmk5qmf44CAQ1ZQRDgtSCDjgrDjg6zjg7w=,,PCEtLSAtLT7ilqDlvLfng4jjg5Hjg6/jg7zlkLjovrzku5Xkuovnjoc2NDBXPGJyPuOAgOODu+Wwj+Wei+ODu+i7vemHj+ODnOODh+OCozMuNGtn77yI5pys5L2T6LOq6YeP77yJ44Gn5by354OI44OR44Ov44O844CCPGJyPuKWoOOAjOOCr+ODq+ODg+ODiOODmOODg+ODieOAjeOBp+WjgeOBjuOCj+OChOOBmeOBjemWk+OCguOCueOCpOOCueOCpOOBiuaOg+mZpDxicj7jgIDjg7vmiYvjgoLjgajjga7mk43kvZzjgafjg5jjg4Pjg4njgYzlt6blj7M5MOW6puOBq+absuOBjOOBo+OBpuWjgeOBjuOCj+OChOeLreOBhOWgtOaJgOOAgeOBmeOBjemWk+OCguOCueOCpOOCueOCpOOBiuaOg+mZpOOAgjxicj7ilqDjgIzjg5rjgr/jg6rjg7PjgrPmp4vpgKDjgI3jgafjg5jjg4Pjg4njgYzmta7jgYvjgZrjgavlpaXjgb7jgafjgYrmjoPpmaQ8YnI+44CA44O75bqK6Z2i44GL44KJOGNt5Lul5LiK44Gu44GZ44GN6ZaT44GM44GC44KM44Gw44CB44OY44OD44OJ44GM5rWu44GL44Ga44Gr5a625YW344Gu5LiL44Gu5aWl44G+44Gn44GX44Gj44GL44KK44GK5o6D6Zmk44CCPGJyPjxkaXYgc3R5bGU9J3RleHQtYWxpZ246Y2VudGVyOyc+ICAgICAgPGltZyBhbHQ9J+mWoumAo+WVhuWTgeOBr+OBk+OBoeOCiScgYm9yZGVyPScwJyBzcmM9J2h0dHA6Ly9pbWFnZS5yYWt1dGVuLmNvLmpwL2JpY2NhbWVyYS9jYWJpbmV0L25zL2NvbW1vbi9rYW5yZW4uZ2lmJyAvPiAgPC9kaXY+PGRpdiBpZD0nc3AxNSc+PHRhYmxlIGJnY29sb3I9JyNGRkZGRkYnIGJvcmRlcj0nMCcgY2VsbHBhZGRpbmc9JzAnIGNlbGxzcGFjaW5nPScyJz48dHI+PHRkIGNsYXNzPSdzdWJ0aXRsZScgY29sc3Bhbj0nMic+5qmf6IO96aCF55uuPC90ZD48L3RyPjx0cj48dGQgY2xhc3M9J3N0aXRsZSc+5pys5L2T44K144Kk44K677yI5bmFw5fpq5jjgZXDl+WlpeihjO+8iTwvdGQ+PHRkIGNsYXNzPSdzZGF0YSc+MjU2w5cyMTTDlzI4OG1tPC90ZD48L3RyPjx0cj48dGQgY2xhc3M9J3N0aXRsZSc+5pys5L2T6YeN6YePPC90ZD48dGQgY2xhc3M9J3NkYXRhJz4zLjTvvIg1LjDvvIlrZzwvdGQ+PC90cj48dHI+PHRkIGNsYXNzPSdzdGl0bGUnPua2iOiyu+mbu+WKmzwvdGQ+PHRkIGNsYXNzPSdzZGF0YSc+NDAwMFc8L3RkPjwvdHI+PHRyPjx0ZCBjbGFzcz0nc3RpdGxlJz7ku5jlsZ7lk4E8L3RkPjx0ZCBjbGFzcz0nc2RhdGEnPuOBmeOBjemWk+eUqOWQuOWPoy/jgrXjg4Pjgajjg4/jg7Pjg4njg6sv44Ki44K/44OD44OB44Oh44Oz44OIL+ODkeODg+OCr+ODleOCo+ODq+OCv+ODvC9HUC0xMTBGMeaemjwvdGQ+PC90cj48dHI+PHRkIGNsYXNzPSdzdGl0bGUnPuODmOODg+ODieeorumhnjwvdGQ+PHRkIGNsYXNzPSdzZGF0YSc+44OR44Ov44OV44Or44OY44OD44OJPC90ZD48L3RyPjx0cj48dGQgY2xhc3M9J3N0aXRsZSc+5ZC45byV5LuV5LqL546HPC90ZD48dGQgY2xhc3M9J3NkYXRhJz42NDBX772e57SEMTAwVzwvdGQ+PC90cj48dHI+PHRkIGNsYXNzPSdzdGl0bGUnPumBi+i7oumfszwvdGQ+PHRkIGNsYXNzPSdzZGF0YSc+NjbvvZ7ntIQ2MGRCPC90ZD48L3RyPjx0cj48dGQgY2xhc3M9J3N0aXRsZSc+6ZuG44GY44KT5a656YePPC90ZD48dGQgY2xhc3M9J3NkYXRhJz40LjNMPC90ZD48L3RyPjx0cj48dGQgY2xhc3M9J3N0aXRsZSc+5LuV5qeYPC90ZD48dGQgY2xhc3M9J3NkYXRhJz7ilqDjgrXjgqTjgrrvvJog5bmFMjU2w5flpaXooYwyODjDl+mrmOOBlTIxNG1tPGJyPuKWoOmHjemHj++8miDntIQzLjRrZzxicj7ilqDjg5bjg6njgrfvvJog44OR44Ov44O844OW44Op44K3PGJyPuKWoOmbhuWhteWuuemHj++8miAxLjVMPGJyPuKWoOWQuOi+vOS7leS6i+eOh++8miDntIQxMDDvvZ42NDBXPGJyPuKWoOmBi+i7oumfs++8miDntIQ2MO+9njY2ZEI8YnI+4pag44OV44Kj44Or44K/44O877yaIEhF44OR44OD44Kv44OV44Kj44Or44K/44O844CB5oqX6I+M44OV44Kj44Or44K/44O8PGJyPuKWoOS7mOWxnuWTge+8miDjgZnjgY3jgb7nlKjlkLjlj6PjgIHjgrXjg4Pjgajjg4/jg7Pjg4njg6vjgIHjgqLjgr/jg4Pjg4Hjg6Hjg7Pjg4g8YnI+PC90ZD48L3RyPjwvdGFibGU+PC9kaXY+,44CQ6YCB5paZ54Sh5paZ44CRIOaXpeeriyDjgJDjg5Hjg6/jg7zjg5bjg6njgrfmkK3ovInjgJEg57SZ44OR44OD44Kv5byP5o6D6Zmk5qmf44CAQ1ZQRDgtSCDjgrDjg6zjg7zvvJrjg5Pjg4Pjgq/jgqvjg6Hjg6nmpb3lpKnluILloLTlupc=,44CQ6YCB5paZ54Sh5paZ44CRIOaXpeeriyDjgJDjg5Hjg6/jg7zjg5bjg6njgrfmkK3ovInjgJEg57SZ44OR44OD44Kv5byP5o6D6Zmk5qmf44CAQ1ZQRDgtSCDjgrDjg6zjg7w=,44CQ6YCB5paZ54Sh5paZ44CRIOaXpeeriyDjgJDjg5Hjg6/jg7zjg5bjg6njgrfmkK3ovInjgJEg57SZ44OR44OD44Kv5byP5o6D6Zmk5qmf44CAQ1ZQRDgtSCDjgrDjg6zjg7w=[rn]
37-97078,aHR0cDovL3RzaG9wLnIxMHMuanAvYmljY2FtZXJhL2NhYmluZXQvcHJvZHVjdC8yMzU1LzAwMDAwMDAzNDU3MjEzX2EwMS5qcGc/Zml0aW49NzAwOjcwMA==,MTU3NTkuMjAwMA==,,5a626Zu7ID4g55Sf5rS75a626Zu7ID4g5o6D6Zmk5qmf44O744Kv44Oq44O844OK44O8ID4g5o6D6Zmk5qmf,44CQ6YCB5paZ54Sh5paZ44CRIOODkeODiuOCveODi+ODg+OCryDjgrXjgqTjgq/jg63jg7PlvI/mjoPpmaTmqZ/jgIBNQy1TUjI0Si1XW01DU1IyNEpd,,PCEtLSAtLT48Qj7ilqDjg5Hjg6/jg7zjg5fjg6zjgrnjgrXjgqTjgq/jg63jg7PjgafjgIHjg5Hjg6/jg7zmjIHntpo8L0I+PEJSPueJueioseaKgOihk+OBruODgOOCueODiOODnOODg+OCr+OCueOBj+OBs+OCjOW9oueKtuOBq+OCiOOCiuOAge+8me+8me+8heS7peS4iuOBruODkeODr+ODvOaMgee2muOAgOOBqOOAgOOCtOODn+OBmeOBpuODqeOCr+ODqeOCrzxCUj7vvIgx77yJ6YGg5b+D5YiG6Zui44CA44Gr44KI44Gj44Gm44K044Of44Go56m65rCX44KS5YiG6Zui44GX44CB44K044Of44Gv556s5pmC44Gr6ZuG44GY44KT6YOo44G456e75YuVPEJSPu+8iDLvvInnqbrlnKfliIbpm6LjgIDjgavjgojjgorjgIHkuIrjgYvjgonjga7lvLfjgYTlnKflipvjgafjgIHjgrTjg5/jgpLlnKfnuK7jgZfjgaboiJ7jgYTkuIrjgYzjgorjgpLpmLLmraI8QlI+PEJSPjxCUj48Qj7ilqDou73ph4/jg5Hjg6/jg7zjg47jgrrjg6vmjqHnlKjjgaflj5bjgorlm57jgZfjg6njgq/jg6njgq88L0I+PEJSPuOCqOOCouODgOOCueODiOOCreODo+ODg+ODgeODo+ODvOapn+iDveaQrei8ieOBp+OAgeW6iuS4iu+8k++8kO+9g++9jeOBruOCtOODn+OCguWQuOOBhOWPluOCizxCUj7jg57jgqTjg4rjgrnjgqTjgqrjg7Pjg5fjg6zjg7zjg4jjgIDDl+OAgO+8ueWtl+ODluODqeOCt+OAgOOBp+OAgeODleODreODvOODquODs+OCsOOCguaLreOBjeaOg+mZpOapn+iDvTxCUj48QlI+PEI+4pag44Ki44Kk44OJ44Oq44Oz44Kw44Kq44OV5qmf6IO944Gn44CB44Og44OA44Gq6Zu75Yqb44KS44Kr44OD44OIPC9CPjxCUj7jg47jgrrjg6vjgpLluorjgYvjgonmjIHjgaHkuIrjgZLjgovjgajjgIHoh6rli5XjgaflgZzmraLjgILluorjgavjgaTjgZHjgovjgajlho3jgbPplovlp4vjgZfjgIHpm7vmsJfjga7jg6Djg4DjgarjgY/jgYrmjoPpmaTvvIE8ZGl2IHN0eWxlPSd0ZXh0LWFsaWduOmNlbnRlcjsnPiAgICAgIDxpbWcgYWx0PSfplqLpgKPllYblk4Hjga/jgZPjgaHjgoknIGJvcmRlcj0nMCcgc3JjPSdodHRwOi8vaW1hZ2UucmFrdXRlbi5jby5qcC9iaWNjYW1lcmEvY2FiaW5ldC9ucy9jb21tb24va2FucmVuLmdpZicgLz4gIDwvZGl2PjxkaXYgaWQ9J3NwMTUnPjx0YWJsZSBiZ2NvbG9yPScjRkZGRkZGJyBib3JkZXI9JzAnIGNlbGxwYWRkaW5nPScwJyBjZWxsc3BhY2luZz0nMic+PHRyPjx0ZCBjbGFzcz0nc3VidGl0bGUnIGNvbHNwYW49JzInPuapn+iDvemgheebrjwvdGQ+PC90cj48dHI+PHRkIGNsYXNzPSdzdGl0bGUnPuacrOS9k+OCteOCpOOCuu+8iOW5hcOX6auY44GVw5flpaXooYzvvIk8L3RkPjx0ZCBjbGFzcz0nc2RhdGEnPjIzOMOXMjk2w5cyOTNtbTwvdGQ+PC90cj48dHI+PHRkIGNsYXNzPSdzdGl0bGUnPuacrOS9k+mHjemHjzwvdGQ+PHRkIGNsYXNzPSdzZGF0YSc+Mi45a2coNC40a2cpPC90ZD48L3RyPjx0cj48dGQgY2xhc3M9J3N0aXRsZSc+5raI6LK76Zu75YqbPC90ZD48dGQgY2xhc3M9J3NkYXRhJz4xMDAwVzwvdGQ+PC90cj48dHI+PHRkIGNsYXNzPSdzdGl0bGUnPuS7mOWxnuWTgTwvdGQ+PHRkIGNsYXNzPSdzZGF0YSc+44GZ44GN6ZaT55So44OO44K644OrPC90ZD48L3RyPjx0cj48dGQgY2xhc3M9J3N0aXRsZSc+44OY44OD44OJ56iu6aGePC90ZD48dGQgY2xhc3M9J3NkYXRhJz7lsI/lnovou73ph4/jg5Hjg6/jg7zjg47jgrrjg6s8L3RkPjwvdHI+PHRyPjx0ZCBjbGFzcz0nc3RpdGxlJz7lkLjlvJXku5Xkuovnjoc8L3RkPjx0ZCBjbGFzcz0nc2RhdGEnPjI1MO+9nue0hDUwVzwvdGQ+PC90cj48dHI+PHRkIGNsYXNzPSdzdGl0bGUnPumBi+i7oumfszwvdGQ+PHRkIGNsYXNzPSdzZGF0YSc+NjPvvZ7ntIQ1NmRCPC90ZD48L3RyPjx0cj48dGQgY2xhc3M9J3N0aXRsZSc+6ZuG44GY44KT5a656YePPC90ZD48dGQgY2xhc3M9J3NkYXRhJz4wLjI1TDwvdGQ+PC90cj48dHI+PHRkIGNsYXNzPSdzdGl0bGUnPuS7leanmDwvdGQ+PHRkIGNsYXNzPSdzZGF0YSc+4pag5pys5L2T44K144Kk44K677ya5bmFw5fpq5jjgZXDl+WlpeihjOOBje+8iG1t77yJ77ya57SEMjM4w5cyOTbDlzI5MzxCUj7ilqDmnKzkvZPph43ph4/vvJrntIQyLjlrZ++8j+e0hDQuNO+9i++9hzxCUj7ilqDmtojosrvpm7vlipvvvJrntIQyMzDvvZ43NzDvvLc8QlI+4pag5ZC46L685LuV5LqL546H77yaMjUw772e57SENTDvvLc8QlI+4pag6YGL6Lui6Z+z77yaNjPvvZ7ntIQ1Nu+9hO+8ojxCUj7ilqDku5jlsZ7lk4HvvJrjgZnjgY3plpPjg47jgrrjg6s8QlI+4pag6ZuG44GY44KT5a656YeP77ya77yQ77yO77yS77yV77ysPEJSPuKWoOODmOODg+ODieeorumhnu+8muWwj+Wei+i7vemHj+ODkeODr+ODvOODjuOCuuODqzxCUj7jg7vjgqjjgqLjg4Djgrnjg4jjgq3jg6Pjg4Pjg4Hjg6Pjg7w8QlI+4pag44Gd44Gu5LuW77ya44K144Kk44Kv44Ot44Oz5byP77yI6YGg5b+D5YiG6Zui5pa55byP77yP77yP44OR44Ov44O844OX44Os44K544K144Kk44Kv44Ot44Oz77yJPC90ZD48L3RyPjwvdGFibGU+PC9kaXY+,44CQ6YCB5paZ54Sh5paZ44CRIOODkeODiuOCveODi+ODg+OCryDjgrXjgqTjgq/jg63jg7PlvI/mjoPpmaTmqZ/jgIBNQy1TUjI0Si1XW01DU1IyNEpd77ya44OT44OD44Kv44Kr44Oh44Op5qW95aSp5biC5aC05bqX,44CQ6YCB5paZ54Sh5paZ44CRIOODkeODiuOCveODi+ODg+OCryDjgrXjgqTjgq/jg63jg7PlvI/mjoPpmaTmqZ/jgIBNQy1TUjI0Si1XW01DU1IyNEpd,44CQ6YCB5paZ54Sh5paZ44CRIOODkeODiuOCveODi+ODg+OCryDjgrXjgqTjgq/jg63jg7PlvI/mjoPpmaTmqZ/jgIBNQy1TUjI0Si1XW01DU1IyNEpd[rn]
37-97079,aHR0cDovL3RzaG9wLnIxMHMuanAvYmljY2FtZXJhL2NhYmluZXQvcHJvZHVjdC8yMTUyLzAwMDAwMDAzMzYxNzEwX2EwMS5qcGc/Zml0aW49NzAwOjcwMA==,MTg0MTkuMjAwMA==,,5a626Zu7ID4g55Sf5rS75a626Zu7ID4g5o6D6Zmk5qmf44O744Kv44Oq44O844OK44O8ID4g5o6D6Zmk5qmf,44CQ44GC44GZ5qW95a++6LGh44CR44CQ6YCB5paZ54Sh5paZ44CRIOaXpeeriyDjgJDjgr/jg7zjg5Pjg7Pjg5bjg6njgrfmkK3ovInjgJEg44K144Kk44Kv44Ot44Oz5byP5o6D6Zmk5qmfIOOAjDLmrrXjg5bjg7zjgrnjg4jjgrXjgqTjgq/jg63jg7PjgI3jgIBDVi1TRDkwLUsg44OW44Op44OD44KvW0NWU0Q5MF0=,,PCEtLSAtLT48Yj7lsI/lnovjg7vou73ph4/jgaflvLfjgYTlkLjlvJXlipvjgII8L2I+PGJyPjxicj7ilqDpq5jmgKfog73lsI/lnovjg5XjgqHjg7Pjg6Ljg7zjgr/jg7zjga7plovnmbrjgIHjgZ3jgZfjgabkvZnliIbjgarjgrnjg5rjg7zjgrnjgpLlj6/og73jgarpmZDjgormipHjgYjjgZ/pq5jlr4bluqboqK3oqIjjgajml6Xnq4vni6zoh6rjga7op6PmnpDmioDooZPjgavjgojjgorjgIHjgrPjg7Pjg5Hjgq/jg4jjgafou73ph4/jga7jg5zjg4fjgqPjgarjgYzjgonjgIHlvLflipvjg5Hjg6/jg7zjgpLlrp/nj77jgII8YnI+4pagMeauteebruODluODvOOCueODiOOBp+OBlOOBv+OCkuWIhumbou+8u+mBoOW/g+WIhumbouani+mAoO+8veOAguOCteOCpOOCr+ODreODs+WupOOBruWFpeWPo+OBp+epuuawl+OBrua1geOCjOOCkuODluODvOOCueODiO+8iOWKoOmAn++8ieOBleOBm+OBpuOAgeeZuueUn+OBl+OBn+OCteOCpOOCr+ODreODs+OBp+OAgeOBlOOBv+OBqOepuuawl+OCkumBoOW/g+WIhumbouOBl+OBvuOBmeOAgjLmrrXnm67jg5bjg7zjgrnjg4jjgafjgZTjgb/jgpLlnKfnuK7vvLvjgZTjgb/jg5fjg6zjgrnvvL3jgILpgaDlv4PliIbpm6LjgZfjgZ/jgZTjgb/jgajnqbrmsJfjgpLjgIHjg4Djgrnjg4jjgrHjg7zjgrnjga7lhaXlj6Pjgaflho3liqDpgJ/jgILnmbrnlJ/jgZfjgZ/jgrXjgqTjgq/jg63jg7PjgafjgIHjgZTjgb/jgpLlnKfnuK7jgZfjgb7jgZnjgII8YnI+4pag44GU44G/5o2o44Gm44Oc44K/44Oz44KS5oq844GZ44Go44G144Gf44GM6ZaL44GE44Gm44CB44Op44Kv44Gr44GU44G/44GM5o2o44Gm44KJ44KM44G+44GZ44CC44G+44Gf44CB44OG44Kj44OD44K344Ol44Oa44O844OR44O844KS5L2/44GI44Gw44CB56uL5L2T44OV44Kj44Or44K/44O844Gq44Gp44Gr5LuY552A44GZ44KL44GU44G/44KS6Lu95rib44GX44Gm55uu6Kmw44G+44KK44KS5oqR44GI44KL44Gu44Gn44GK5omL5YWl44KM44GM57Ch5Y2Y44Gr44Gn44GN44G+44GZ44CC44GX44GL44KC44CB44GU44G/5o2o44Gm5pmC44Gu44GU44G/44Gu6Iie44GE5LiK44GM44KK44KC5oqR44GI44G+44GZ44CCPGRpdiBzdHlsZT0ndGV4dC1hbGlnbjpjZW50ZXI7Jz4gICAgICA8aW1nIGFsdD0n6Zai6YCj5ZWG5ZOB44Gv44GT44Gh44KJJyBib3JkZXI9JzAnIHNyYz0naHR0cDovL2ltYWdlLnJha3V0ZW4uY28uanAvYmljY2FtZXJhL2NhYmluZXQvbnMvY29tbW9uL2thbnJlbi5naWYnIC8+ICA8L2Rpdj48ZGl2IGlkPSdzcDE1Jz48dGFibGUgYmdjb2xvcj0nI0ZGRkZGRicgYm9yZGVyPScwJyBjZWxscGFkZGluZz0nMCcgY2VsbHNwYWNpbmc9JzInPjx0cj48dGQgY2xhc3M9J3N1YnRpdGxlJyBjb2xzcGFuPScyJz7mqZ/og73poIXnm648L3RkPjwvdHI+PHRyPjx0ZCBjbGFzcz0nc3RpdGxlJz7mnKzkvZPjgrXjgqTjgrrvvIjluYXDl+mrmOOBlcOX5aWl6KGM77yJPC90ZD48dGQgY2xhc3M9J3NkYXRhJz4yMzDDlzI3NcOXMzU4bW08L3RkPjwvdHI+PHRyPjx0ZCBjbGFzcz0nc3RpdGxlJz7mnKzkvZPph43ph488L3RkPjx0ZCBjbGFzcz0nc2RhdGEnPjIuOe+8iDQuNO+8iWtnPC90ZD48L3RyPjx0cj48dGQgY2xhc3M9J3N0aXRsZSc+5raI6LK76Zu75YqbPC90ZD48dGQgY2xhc3M9J3NkYXRhJz4xMDAwVzwvdGQ+PC90cj48dHI+PHRkIGNsYXNzPSdzdGl0bGUnPuS7mOWxnuWTgTwvdGQ+PHRkIGNsYXNzPSdzZGF0YSc+44GZ44GN6ZaT55So5ZC45Y+jL+OBiuaJi+WFpeOCjOODluODqeOCty/jgqLjgr/jg4Pjg4Hjg6Hjg7Pjg4gv44OG44Kj44OD44K344Ol44Oa44O844OR44O8L++8iOODgOOCueODiOOCseODvOOCueijheedgO+8iTHmnpo8L3RkPjwvdHI+PHRyPjx0ZCBjbGFzcz0nc3RpdGxlJz7jg5jjg4Pjg4nnqK7poZ48L3RkPjx0ZCBjbGFzcz0nc2RhdGEnPuODkeODr+ODleODq+OCqOOCouODvOODmOODg+ODiTwvdGQ+PC90cj48dHI+PHRkIGNsYXNzPSdzdGl0bGUnPuWQuOW8leS7leS6i+eOhzwvdGQ+PHRkIGNsYXNzPSdzZGF0YSc+MzMwV++9nue0hDQwVzwvdGQ+PC90cj48dHI+PHRkIGNsYXNzPSdzdGl0bGUnPumBi+i7oumfszwvdGQ+PHRkIGNsYXNzPSdzZGF0YSc+NTnvvZ7ntIQ1NWRCPC90ZD48L3RyPjx0cj48dGQgY2xhc3M9J3N0aXRsZSc+6ZuG44GY44KT5a656YePPC90ZD48dGQgY2xhc3M9J3NkYXRhJz4xLjNMPC90ZD48L3RyPjx0cj48dGQgY2xhc3M9J3N0aXRsZSc+5LuV5qeYPC90ZD48dGQgY2xhc3M9J3NkYXRhJz7ilqDmnKzkvZPjgrXjgqTjgrrpq5jjgZXDl+W5hcOX5aWl6KGM44GN77yIbW3vvInvvJog57SEMjc1w5cyMzDDlzM1OOOAgDxicj7ilqDmnKzkvZPph43ph4/vvJog57SEMi45a2c8YnI+4pag44OW44Op44K35pa55byP77yaIOOCqOOCouODvOODluODqeOCtzxicj7ilqDpm4blobXmlrnlvI/vvJog44K144Kk44Kv44Ot44Oz77yI6YGg5b+D5YiG6Zui5byP77yJPGJyPuKWoOmbhuWhteWuuemHj++8miAwLjI1TDxicj7ilqDlkLjovrzku5XkuovnjofvvIhX77yJ77yaIDMzMO+9nue0hDQwIDxicj7ilqDpgYvou6Lpn7PvvIhkQu+8ie+8miA1Oe+9nue0hDU1PGJyPuKWoOODleOCo+ODq+OCv+ODvO+8miDjgq/jg6rjg7zjg7Pjg5XjgqPjg6vjgr/jg7wv5oqX6I+M44OV44Kj44Or44K/44O8L+S4gOiIrOODleOCo+ODq+OCv+ODvDxicj7ilqDmjpLmsJfmuIXmtYTmqZ/og73vvJog4peLPGJyPuKWoOaKl+iPjOS7leanmO+8miDil4s8YnI+4pag5Zue6Lui44OW44Op44K35Li45rSX44GE77yaIOODmOODg+ODieS4uOa0l+OBhE9LPGJyPuKWoOS7mOWxnuWTge+8miDjgZnjgY3jgb7nlKjlkLjjgYTlj6M8L3RkPjwvdHI+PC90YWJsZT48L2Rpdj4=,44CQ44GC44GZ5qW95a++6LGh44CR44CQ6YCB5paZ54Sh5paZ44CRIOaXpeeriyDjgJDjgr/jg7zjg5Pjg7Pjg5bjg6njgrfmkK3ovInjgJEg44K144Kk44Kv44Ot44Oz5byP5o6D6Zmk5qmfIOOAjDLmrrXjg5bjg7zjgrnjg4jjgrXjgqTjgq/jg63jg7PjgI3jgIBDVi1TRDkwLUsg44OW44Op44OD44KvW0NWU0Q5MF3vvJrjg5Pjg4Pjgq/jgqvjg6Hjg6nmpb3lpKnluILloLTlupc=,44CQ44GC44GZ5qW95a++6LGh44CR44CQ6YCB5paZ54Sh5paZ44CRIOaXpeeriyDjgJDjgr/jg7zjg5Pjg7Pjg5bjg6njgrfmkK3ovInjgJEg44K144Kk44Kv44Ot44Oz5byP5o6D6Zmk5qmfIOOAjDLmrrXjg5bjg7zjgrnjg4jjgrXjgqTjgq/jg63jg7PjgI3jgIBDVi1TRDkwLUsg44OW44Op44OD44KvW0NWU0Q5MF0=,44CQ44GC44GZ5qW95a++6LGh44CR44CQ6YCB5paZ54Sh5paZ44CRIOaXpeeriyDjgJDjgr/jg7zjg5Pjg7Pjg5bjg6njgrfmkK3ovInjgJEg44K144Kk44Kv44Ot44Oz5byP5o6D6Zmk5qmfIOOAjDLmrrXjg5bjg7zjgrnjg4jjgrXjgqTjgq/jg63jg7PjgI3jgIBDVi1TRDkwLUsg44OW44Op44OD44KvW0NWU0Q5MF0=[rn]
37-97080,aHR0cDovL3RzaG9wLnIxMHMuanAvYmljY2FtZXJhL2NhYmluZXQvcHJvZHVjdC8yMTUyLzAwMDAwMDAzMzYxNzAyX2EwMS5qcGc/Zml0aW49NzAwOjcwMA==,MjA4NzMuNjAwMA==,,5a626Zu7ID4g55Sf5rS75a626Zu7ID4g5o6D6Zmk5qmf44O744Kv44Oq44O844OK44O8ID4g5o6D6Zmk5qmf,44CQ44GC44GZ5qW95a++6LGh44CR44CQ6YCB5paZ54Sh5paZ44CRIOaXpeeriyDjgJDjg5Hjg6/jg7zjg5bjg6njgrfmkK3ovInjgJEg57SZ44OR44OD44Kv5byP5o6D6Zmk5qmfIOOAjOOBi+OCi+ODkeODg+OCr+OAjeOAgENWLVBEMzAtTiDjgrfjg6Pjg7Pjg5Hjg7PjgrTjg7zjg6vjg4lbQ1ZQRDMwXQ==,,PCEtLSAtLT48Yj7lsI/lnovjg7vou73ph4/jgaflvLfjgYTlkLjlvJXlipvjgII8L2I+PGJyPjxicj7ilqDml6Xnq4vni6zoh6rjga7pq5jmgKfog73jg5XjgqHjg7Pjg6Ljg7zjgr/jg7zjgajjg5jjg4Pjg4njgYvjgonmnKzkvZPmjpLmsJflj6Pjgb7jgafjga7nqbrmsJfmtYHot6/jgpLjgrnjg6Djg7zjgrrjgavjgZnjgovjgZPjgajjgavjgojjgorjgIHlvLfng4jjg5Hjg6/jg7w2ODBX44KS5a6f54++44CCPGJyPuKWoOaXpeeri+eLrOiHquOBru+8u+OCuOOCp+ODg+ODiOWQuOW8leapn+ani++8veOBp+W6iuOBuOOBruWQuOOBhOOBpOOBjeOCkuaKkeOBiOOBpui7veOBhOaTjeS9nOOBp+OBl+OBo+OBi+OCiuOBqOOBlOOBv+OCkuWQuOW8leOAguOBleOCieOBq+WjgeOBjuOCj+OBruOBlOOBv+OCkuWQuOOBhOOChOOBmeOBj+OBmeOCi++8u+OBjeOCj+OBtOOBn++8veani+mAoOOCkuaWsOOBn+OBq+aOoeeUqOOAguOCsOODs+OCsOODs+mAsuOCgOODkeODr+ODleODq+iHqui1sOOAguODmOODg+ODieW5hee0hDMwY23jgafluoPjgYTjgqjjg6rjgqLjgpLkuIDmsJfjgavmjoPpmaTjgafjgY3jgovjgII8YnI+4pag6Zu75rqQ44Kz44O844OJ44KS5byV44GP44Go77y744OR44OD44Kv44OB44Oq6JC944Go44GX5qmf5qeL77y944Gn57SZ44OR44OD44Kv44KS5oyv5YuV44GV44Gb44CB5YaF5YG044Gr5LuY552A44GX44Gf5b6u57Sw44Gq44OB44Oq44KS6JC944Go44GZ44Gu44Gn44CB57SZ44OR44OD44Kv44Gu55uu6Kmw44G+44KK44KS5oqR44GI44G+44GZ44CCPGRpdiBzdHlsZT0ndGV4dC1hbGlnbjpjZW50ZXI7Jz4gICAgICA8aW1nIGFsdD0n6Zai6YCj5ZWG5ZOB44Gv44GT44Gh44KJJyBib3JkZXI9JzAnIHNyYz0naHR0cDovL2ltYWdlLnJha3V0ZW4uY28uanAvYmljY2FtZXJhL2NhYmluZXQvbnMvY29tbW9uL2thbnJlbi5naWYnIC8+ICA8L2Rpdj48ZGl2IHN0eWxlPSd0ZXh0LWFsaWduOmNlbnRlcjttYXJnaW4tdG9wOjEwcHg7Jz4gICAgICA8aW1nIGFsdD0n44Kr44Op44O844OQ44Oq44Ko44O844K344On44Oz44O75ZCM5LiA6KaP5qC844Gq44Gp44Gv44GT44Gh44KJJyBib3JkZXI9JzAnIHNyYz0naHR0cDovL2ltYWdlLnJha3V0ZW4uY28uanAvYmljY2FtZXJhL2NhYmluZXQvbnMvY29tbW9uL2NvbG9yLmdpZicgLz4gIDwvZGl2PjxkaXYgaWQ9J3NwMTUnPjx0YWJsZSBiZ2NvbG9yPScjRkZGRkZGJyBib3JkZXI9JzAnIGNlbGxwYWRkaW5nPScwJyBjZWxsc3BhY2luZz0nMic+PHRyPjx0ZCBjbGFzcz0nc3VidGl0bGUnIGNvbHNwYW49JzInPuapn+iDvemgheebrjwvdGQ+PC90cj48dHI+PHRkIGNsYXNzPSdzdGl0bGUnPuacrOS9k+OCteOCpOOCuu+8iOW5hcOX6auY44GVw5flpaXooYzvvIk8L3RkPjx0ZCBjbGFzcz0nc2RhdGEnPjI2NsOXMjI0w5czMTNtbTwvdGQ+PC90cj48dHI+PHRkIGNsYXNzPSdzdGl0bGUnPuacrOS9k+mHjemHjzwvdGQ+PHRkIGNsYXNzPSdzZGF0YSc+My4377yINS4077yJa2c8L3RkPjwvdHI+PHRyPjx0ZCBjbGFzcz0nc3RpdGxlJz7mtojosrvpm7vlips8L3RkPjx0ZCBjbGFzcz0nc2RhdGEnPjQwMDBXPC90ZD48L3RyPjx0cj48dGQgY2xhc3M9J3N0aXRsZSc+5LuY5bGe5ZOBPC90ZD48dGQgY2xhc3M9J3NkYXRhJz7jg5Hjg4Pjgajjg5bjg6njgrcv44GZ44GN6ZaT55So5ZC45Y+jL+OCteODg+OBqOODj+ODs+ODieODqy/jgqLjgr/jg4Pjg4Hjg6Hjg7Pjg4gv44OR44OD44Kv44OV44Kj44Or44K/44O8L0dQLTEzMEZT77yKODHmnpo8L3RkPjwvdHI+PHRyPjx0ZCBjbGFzcz0nc3RpdGxlJz7jg5jjg4Pjg4nnqK7poZ48L3RkPjx0ZCBjbGFzcz0nc2RhdGEnPuOCueODnuODvOODiOODmOODg+ODiTwvdGQ+PC90cj48dHI+PHRkIGNsYXNzPSdzdGl0bGUnPuWQuOW8leS7leS6i+eOhzwvdGQ+PHRkIGNsYXNzPSdzZGF0YSc+NjgwV++9nue0hDExMFc8L3RkPjwvdHI+PHRyPjx0ZCBjbGFzcz0nc3RpdGxlJz7pgYvou6Lpn7M8L3RkPjx0ZCBjbGFzcz0nc2RhdGEnPjY1772e57SENjBkQjwvdGQ+PC90cj48dHI+PHRkIGNsYXNzPSdzdGl0bGUnPumbhuOBmOOCk+WuuemHjzwvdGQ+PHRkIGNsYXNzPSdzZGF0YSc+NC4zTDwvdGQ+PC90cj48dHI+PHRkIGNsYXNzPSdzdGl0bGUnPuS7leanmDwvdGQ+PHRkIGNsYXNzPSdzZGF0YSc+4pag5pys5L2T44K144Kk44K66auY44GVw5fluYXDl+WlpeihjOOBje+8iG1t77yJ77yaIOe0hDIyNMOXMjY2w5czMTPjgIA8YnI+4pag5pys5L2T6YeN6YeP77yaIOe0hDMuN2tnPGJyPuKWoOODluODqeOCt+aWueW8j++8miDjg5Hjg6/jg7zjg5bjg6njgrc8YnI+4pag6ZuG5aG15pa55byP77yaIOe0meODkeODg+OCrzxicj7ilqDpm4blobXlrrnph4/vvJogMS43TDxicj7ilqDlkLjovrzku5XkuovnjofvvIhX77yJ77yaIDY4MO+9nue0hDExMCA8YnI+4pag6YGL6Lui6Z+z77yIZELvvInvvJogNjXvvZ7ntIQ2MDxicj7ilqDjg5XjgqPjg6vjgr/jg7zvvJog44OX44Os44Of44Ki44Og6KGb55Sf44OV44Kj44Or44K/44O8L+S4gOiIrOODleOCo+ODq+OCv+ODvDxicj7ilqDmjpLmsJfmuIXmtYTmqZ/og73vvJog4peLPGJyPuKWoOaKl+iPjOS7leanmO+8miDil4s8YnI+4pag5Zue6Lui44OW44Op44K35Li45rSX44GE77yaIOKXizxicj7ilqDku5jlsZ7lk4HvvJog44OR44OD44Go44OW44Op44K344CB44GZ44GN44G+55So5ZC444GE5Y+jPC90ZD48L3RyPjwvdGFibGU+PC9kaXY+,44CQ44GC44GZ5qW95a++6LGh44CR44CQ6YCB5paZ54Sh5paZ44CRIOaXpeeriyDjgJDjg5Hjg6/jg7zjg5bjg6njgrfmkK3ovInjgJEg57SZ44OR44OD44Kv5byP5o6D6Zmk5qmfIOOAjOOBi+OCi+ODkeODg+OCr+OAjeOAgENWLVBEMzAtTiDjgrfjg6Pjg7Pjg5Hjg7PjgrTjg7zjg6vjg4lbQ1ZQRDMwXe+8muODk+ODg+OCr+OCq+ODoeODqealveWkqeW4guWgtOW6lw==,44CQ44GC44GZ5qW95a++6LGh44CR44CQ6YCB5paZ54Sh5paZ44CRIOaXpeeriyDjgJDjg5Hjg6/jg7zjg5bjg6njgrfmkK3ovInjgJEg57SZ44OR44OD44Kv5byP5o6D6Zmk5qmfIOOAjOOBi+OCi+ODkeODg+OCr+OAjeOAgENWLVBEMzAtTiDjgrfjg6Pjg7Pjg5Hjg7PjgrTjg7zjg6vjg4lbQ1ZQRDMwXQ==,44CQ44GC44GZ5qW95a++6LGh44CR44CQ6YCB5paZ54Sh5paZ44CRIOaXpeeriyDjgJDjg5Hjg6/jg7zjg5bjg6njgrfmkK3ovInjgJEg57SZ44OR44OD44Kv5byP5o6D6Zmk5qmfIOOAjOOBi+OCi+ODkeODg+OCr+OAjeOAgENWLVBEMzAtTiDjgrfjg6Pjg7Pjg5Hjg7PjgrTjg7zjg6vjg4lbQ1ZQRDMwXQ==[rn]
37-97081,aHR0cDovL3RzaG9wLnIxMHMuanAvYmljY2FtZXJhL2NhYmluZXQvcHJvZHVjdC8yMDcwLzAwMDAwMDAzMzI0NjU3X2EwMS5qcGc/Zml0aW49NzAwOjcwMA==,MzA5MzEuMjAwMA==,,5a626Zu7ID4g55Sf5rS75a626Zu7ID4g5o6D6Zmk5qmf44O744Kv44Oq44O844OK44O8ID4g5o6D6Zmk5qmf,44CQ6YCB5paZ54Sh5paZ44CRIOaXpeeriyDjgrnjg4bjgqPjg4Pjgq/lnovjgrPjg7zjg4njg6zjgrnjgrXjgqTjgq/jg63jg7PmjoPpmaTmqZ8g44CM44OR44Ov44O844OW44O844K544OI44K144Kk44Kv44Ot44Oz44CN44CAUFYtQkQ0MDAtVCDjgrfjg6PjgqTjg4vjg7zjg5bjg6njgqbjg7Mg44CQ5pel5pys6KO944CRW1BWQkQ0MDBd,,PCEtLSAtLT7ilqA8Yj7jgrXjg4Pjgajkvb/jgYjjgabjg5Hjg4Pjgajnva7jgZHjgos8L2I+PGJyPuOAgOWgtOaJgOOBq+WQiOOCj+OBm+OBpuOCueODhuOCo+ODg+OCr+OBq+OCguODj+ODs+ODh+OCo+OBq+OCguewoeWNmOOBq+OCueOCv+OCpOODq+OCkuWkieOBiOOCieOCjOOBvuOBmeOAguOBiuaOg+mZpOS4reOBp+OCguODkeODg+OBqOeri+OBpuOBpuOBiuOBkeOCi+S+v+WIqeOBquiHqueri+ani+mAoOOAgjxicj48YnI+4pagPGI+44Kz44O844OJ44Os44K544Gn44KC5by35Yqb44OR44Ov44O8PC9iPjxicj7jgIDjgrPjg7zjg4njg6zjgrnjgafjgoLjg5Xjg63jg7zjg6rjg7PjgrDjga7mup3jgavmvZzjgoDjgrTjg5/jgb7jgafjgZfjgaPjgYvjgorlkLjlvJXjgZfjgb7jgZnjgII8YnI+PGJyPuKWoDxiPuWjgemam+OBruOCtOODn+OCguOBqOOCjOOCi+iHqui1sOOCueODnuODvOODiOODmOODg+ODiTwvYj48YnI+44CA5Zue6Lui44OW44Op44K344Gu6aeG5YuV5Yqb44Gn44Kw44Oz44Kw44Oz5YmN44Gr6YCy44G/44CB6Lu944GE5pON5L2c44Gn44GK5o6D6Zmk44Gn44GN44G+44GZ44CCPGRpdiBzdHlsZT0ndGV4dC1hbGlnbjpjZW50ZXI7Jz4gICAgICA8aW1nIGFsdD0n6Zai6YCj5ZWG5ZOB44Gv44GT44Gh44KJJyBib3JkZXI9JzAnIHNyYz0naHR0cDovL2ltYWdlLnJha3V0ZW4uY28uanAvYmljY2FtZXJhL2NhYmluZXQvbnMvY29tbW9uL2thbnJlbi5naWYnIC8+ICA8L2Rpdj48ZGl2IGlkPSdzcDE1Jz48dGFibGUgYmdjb2xvcj0nI0ZGRkZGRicgYm9yZGVyPScwJyBjZWxscGFkZGluZz0nMCcgY2VsbHNwYWNpbmc9JzInPjx0cj48dGQgY2xhc3M9J3N1YnRpdGxlJyBjb2xzcGFuPScyJz7mqZ/og73poIXnm648L3RkPjwvdHI+PHRyPjx0ZCBjbGFzcz0nc3RpdGxlJz7oibI8L3RkPjx0ZCBjbGFzcz0nc2RhdGEnPu+8iFTvvInjgrTjg7zjg6vjg4nns7s8L3RkPjwvdHI+PHRyPjx0ZCBjbGFzcz0nc3RpdGxlJz7ku5Xmp5g8L3RkPjx0ZCBjbGFzcz0nc2RhdGEnPuKWoOacrOS9k+OCteOCpOOCuu+8iOW5hcOX6auY44GVw5flpaXooYzjgY3vvInvvJrntIQyODDDlzg0MMOXMjMwbW08YnI+4pag5pys5L2T6YeN6YeP77ya57SEMjVrZzxicj7ilqDnlJ/nlKPlm73vvJrml6XmnKw8YnI+4pag5YWF6Zu75byP44Gu5aC05ZCI44Gu5L2/55So5pmC6ZaT77ya44CM5by344CN57SEOOWIhuOAgeOAjOaomea6luOAjee0hDMw5YiGPGJyPuKWoOmbhuWhteWuuemHj++8mjAuMu+8rDxicj7ilqDpm7vmupDmlrnlvI/vvJrjgrPjg7zjg4njg6zjgrk8YnI+4pag5LuY5bGe5ZOB77ya44GZ44GN44G+55So5ZC444GE5Y+jPC90ZD48L3RyPjwvdGFibGU+PC9kaXY+,44CQ6YCB5paZ54Sh5paZ44CRIOaXpeeriyDjgrnjg4bjgqPjg4Pjgq/lnovjgrPjg7zjg4njg6zjgrnjgrXjgqTjgq/jg63jg7PmjoPpmaTmqZ8g44CM44OR44Ov44O844OW44O844K544OI44K144Kk44Kv44Ot44Oz44CN44CAUFYtQkQ0MDAtVCDjgrfjg6PjgqTjg4vjg7zjg5bjg6njgqbjg7Mg44CQ5pel5pys6KO944CRW1BWQkQ0MDBd77ya44OT44OD44Kv44Kr44Oh44Op5qW95aSp5biC5aC05bqX,44CQ6YCB5paZ54Sh5paZ44CRIOaXpeeriyDjgrnjg4bjgqPjg4Pjgq/lnovjgrPjg7zjg4njg6zjgrnjgrXjgqTjgq/jg63jg7PmjoPpmaTmqZ8g44CM44OR44Ov44O844OW44O844K544OI44K144Kk44Kv44Ot44Oz44CN44CAUFYtQkQ0MDAtVCDjgrfjg6PjgqTjg4vjg7zjg5bjg6njgqbjg7Mg44CQ5pel5pys6KO944CRW1BWQkQ0MDBd,44CQ6YCB5paZ54Sh5paZ44CRIOaXpeeriyDjgrnjg4bjgqPjg4Pjgq/lnovjgrPjg7zjg4njg6zjgrnjgrXjgqTjgq/jg63jg7PmjoPpmaTmqZ8g44CM44OR44Ov44O844OW44O844K544OI44K144Kk44Kv44Ot44Oz44CN44CAUFYtQkQ0MDAtVCDjgrfjg6PjgqTjg4vjg7zjg5bjg6njgqbjg7Mg44CQ5pel5pys6KO944CRW1BWQkQ0MDBd[rn]
37-97082,aHR0cDovL3RzaG9wLnIxMHMuanAvYmljY2FtZXJhL2NhYmluZXQvcHJvZHVjdC8xODk4LzAwMDAwMDAzMjM4NTk1X2EwMS5qcGc/Zml0aW49NzAwOjcwMA==,MzAwNi40MDAw,,5a626Zu7ID4g55Sf5rS75a626Zu7ID4g5o6D6Zmk5qmf44O744Kv44Oq44O844OK44O8ID4g5o6D6Zmk5qmf,44OE44Kk44Oz44OQ44O844OJIEFD44OP44Oz44OH44Kj44O844Kv44Oq44O844OK44O8IOODj+ODs+ODh+OCo+ODvOOCuOOCp+ODg+ODiOOCteOCpOOCr+ODreODs+OAgEhDRUI0MVc=,,PGJyIC8+PGEgaHJlZj0naHR0cDovL2l0ZW0ucmFrdXRlbi5jby5qcC9iaWNjYW1lcmEvYy8wMDAwMTI1MDc0LyNpdGVtc3RhcnQnIHRhcmdldD0nX2JsYW5rJz4gIDxpbWcgYWx0PSfjg6njg4Pjg5Tjg7PjgrDoqbPntLAnIGJvcmRlcj0nMCcgc3JjPSdodHRwOi8vaW1hZ2UucmFrdXRlbi5jby5qcC9iaWNjYW1lcmEvY2FiaW5ldC9ucy9jb21tb24vd3JhcHBpbmcuZ2lmJycgLz48L2E+PGJyIC8+PCEtLSAtLT48ZGl2IHN0eWxlPSd0ZXh0LWFsaWduOmNlbnRlcjsnPiAgICAgIDxpbWcgYWx0PSfplqLpgKPllYblk4Hjga/jgZPjgaHjgoknIGJvcmRlcj0nMCcgc3JjPSdodHRwOi8vaW1hZ2UucmFrdXRlbi5jby5qcC9iaWNjYW1lcmEvY2FiaW5ldC9ucy9jb21tb24va2FucmVuLmdpZicgLz4gIDwvZGl2Pg==,44OE44Kk44Oz44OQ44O844OJIEFD44OP44Oz44OH44Kj44O844Kv44Oq44O844OK44O8IOODj+ODs+ODh+OCo+ODvOOCuOOCp+ODg+ODiOOCteOCpOOCr+ODreODs+OAgEhDRUI0MVfvvJrjg5Pjg4Pjgq/jgqvjg6Hjg6nmpb3lpKnluILloLTlupc=,44OE44Kk44Oz44OQ44O844OJIEFD44OP44Oz44OH44Kj44O844Kv44Oq44O844OK44O8IOODj+ODs+ODh+OCo+ODvOOCuOOCp+ODg+ODiOOCteOCpOOCr+ODreODs+OAgEhDRUI0MVc=,44OE44Kk44Oz44OQ44O844OJIEFD44OP44Oz44OH44Kj44O844Kv44Oq44O844OK44O8IOODj+ODs+ODh+OCo+ODvOOCuOOCp+ODg+ODiOOCteOCpOOCr+ODreODs+OAgEhDRUI0MVc=[rn]
37-97083,aHR0cDovL3RzaG9wLnIxMHMuanAvYmljY2FtZXJhL2NhYmluZXQvcHJvZHVjdC8xNjMwLzAwMDAwMDAzMTYwMjM4X2EwMS5qcGc/Zml0aW49NzAwOjcwMA==,OTMzNi4wMDAw,,5a626Zu7ID4g55Sf5rS75a626Zu7ID4g5o6D6Zmk5qmf44O744Kv44Oq44O844OK44O8ID4g5o6D6Zmk5qmf,44CQ6YCB5paZ54Sh5paZ44CRIOODkeODiuOCveODi+ODg+OCryBNQy1TSzE2QS1SIOOAkOOCv+ODvOODk+ODs+ODluODqeOCt+aQrei8ieOAkSDjgrXjgqTjgq/jg63jg7PlvI/mjoPpmaTmqZ/jgIBNQy1TSzE2QS1SIOODrOODg+ODieODluODqeODg+OCr1tNQ1NLMTZBXQ==,,PCEtLSAtLT48Yj7jgrPjg7Pjg5Hjgq/jg4jjgZXjgajjg5Hjg6/jg7zjga7jg5Djg6njg7PjgrnjgpLkuKHnq4vjgZXjgZvjgZ/jgrXjgqTjgq/jg63jg7PlvI/mjoPpmaTmqZ/vvIE8L2I+PEJSPjxCUj7ilqDjgrPjg7Pjg5Hjgq/jg4jjgarjg5zjg4fjgqPjgafmjIHjgaHpgYvjgbPjg6njgq/jg6njgq/vvIHjgZfjgYvjgoLjg4/jgqTjg5Hjg6/jg7zvvIE8QlI+4pag44Ko44Ki44OA44K544OI44Kt44Oj44OD44OB44Oj44O85pCt6LyJ44GnIOW6iuS4iuOBq+a1rumBiuOBmeOCi+OCtOODn+OBvuOBp+OCreODo+ODg+ODge+8gTxCUj7ilqDmlrDjgqvjg6njg7zjg6rjg7PjgrDjgafjgrPjg7Pjg5Hjgq/jg4jjgZXjgpLlvLfoqr88ZGl2IHN0eWxlPSd0ZXh0LWFsaWduOmNlbnRlcjsnPiAgICAgIDxpbWcgYWx0PSfplqLpgKPllYblk4Hjga/jgZPjgaHjgoknIGJvcmRlcj0nMCcgc3JjPSdodHRwOi8vaW1hZ2UucmFrdXRlbi5jby5qcC9iaWNjYW1lcmEvY2FiaW5ldC9ucy9jb21tb24va2FucmVuLmdpZicgLz4gIDwvZGl2PjxkaXYgaWQ9J3NwMTUnPjx0YWJsZSBiZ2NvbG9yPScjRkZGRkZGJyBib3JkZXI9JzAnIGNlbGxwYWRkaW5nPScwJyBjZWxsc3BhY2luZz0nMic+PHRyPjx0ZCBjbGFzcz0nc3VidGl0bGUnIGNvbHNwYW49JzInPuapn+iDvemgheebrjwvdGQ+PC90cj48dHI+PHRkIGNsYXNzPSdzdGl0bGUnPuiJsjwvdGQ+PHRkIGNsYXNzPSdzZGF0YSc+77yIUu+8ieODrOODg+ODieODluODqeODg+OCrzwvdGQ+PC90cj48dHI+PHRkIGNsYXNzPSdzdGl0bGUnPuacrOS9k+OCteOCpOOCuu+8iOW5hcOX6auY44GVw5flpaXooYzvvIk8L3RkPjx0ZCBjbGFzcz0nc2RhdGEnPjE5NsOXMjQzw5czNDhtbTwvdGQ+PC90cj48dHI+PHRkIGNsYXNzPSdzdGl0bGUnPuOBneOBruS7luOCteOCpOOCujwvdGQ+PHRkIGNsYXNzPSdzZGF0YSc+77y76Zu75rqQ44Kz44O844OJ6ZW344GV77y9IDVtPC90ZD48L3RyPjx0cj48dGQgY2xhc3M9J3N0aXRsZSc+5pys5L2T6YeN6YePPC90ZD48dGQgY2xhc3M9J3NkYXRhJz4zLjFrZyDvvIjmqJnmupbos6rph480LjNrZ++8iTwvdGQ+PC90cj48dHI+PHRkIGNsYXNzPSdzdGl0bGUnPua2iOiyu+mbu+WKmzwvdGQ+PHRkIGNsYXNzPSdzZGF0YSc+MTAwMO+9nue0hDIwMFc8L3RkPjwvdHI+PHRyPjx0ZCBjbGFzcz0nc3RpdGxlJz7ku5jlsZ7lk4E8L3RkPjx0ZCBjbGFzcz0nc2RhdGEnPuOBmeOBjemWk+eUqOODjuOCuuODqzwvdGQ+PC90cj48dHI+PHRkIGNsYXNzPSdzdGl0bGUnPuOCs+ODvOODieOCv+OCpOODlzwvdGQ+PHRkIGNsYXNzPSdzZGF0YSc+44Kz44O844OJ5LuY44GNPC90ZD48L3RyPjx0cj48dGQgY2xhc3M9J3N0aXRsZSc+44OY44OD44OJ56iu6aGePC90ZD48dGQgY2xhc3M9J3NkYXRhJz7jgqjjgqLjg63jg47jgrrjg6sg77yI44Ko44Ki44OA44K544OI44Kt44Oj44OD44OB44Oj44O877yJPC90ZD48L3RyPjx0cj48dGQgY2xhc3M9J3N0aXRsZSc+5Ly457iu44OR44Kk44OXPC90ZD48dGQgY2xhc3M9J3NkYXRhJz7mnIk8L3RkPjwvdHI+PHRyPjx0ZCBjbGFzcz0nc3RpdGxlJz7lkLjlvJXku5Xkuovnjoc8L3RkPjx0ZCBjbGFzcz0nc2RhdGEnPjUwMO+9nue0hDYwVzwvdGQ+PC90cj48dHI+PHRkIGNsYXNzPSdzdGl0bGUnPumBi+i7oumfszwvdGQ+PHRkIGNsYXNzPSdzZGF0YSc+NjXvvZ7ntIQ2MGRCPC90ZD48L3RyPjx0cj48dGQgY2xhc3M9J3N0aXRsZSc+6ZuG44GY44KT5a656YePPC90ZD48dGQgY2xhc3M9J3NkYXRhJz4wLjZMPC90ZD48L3RyPjx0cj48dGQgY2xhc3M9J3N0aXRsZSc+57SZ44OR44OD44KvPC90ZD48dGQgY2xhc3M9J3NkYXRhJz4tPC90ZD48L3RyPjx0cj48dGQgY2xhc3M9J3N0aXRsZSc+44Gd44Gu5LuWPC90ZD48dGQgY2xhc3M9J3NkYXRhJz7vvLvpm4bjgZjjgpPmlrnlvI/vvL0g44OE44Kk44Oz44K144Kk44Kv44Ot44Oz5byPPC90ZD48L3RyPjwvdGFibGU+PC9kaXY+,44CQ6YCB5paZ54Sh5paZ44CRIOODkeODiuOCveODi+ODg+OCryBNQy1TSzE2QS1SIOOAkOOCv+ODvOODk+ODs+ODluODqeOCt+aQrei8ieOAkSDjgrXjgqTjgq/jg63jg7PlvI/mjoPpmaTmqZ/jgIBNQy1TSzE2QS1SIOODrOODg+ODieODluODqeODg+OCr1tNQ1NLMTZBXe+8muODk+ODg+OCr+OCq+ODoeODqealveWkqeW4guWgtOW6lw==,44CQ6YCB5paZ54Sh5paZ44CRIOODkeODiuOCveODi+ODg+OCryBNQy1TSzE2QS1SIOOAkOOCv+ODvOODk+ODs+ODluODqeOCt+aQrei8ieOAkSDjgrXjgqTjgq/jg63jg7PlvI/mjoPpmaTmqZ/jgIBNQy1TSzE2QS1SIOODrOODg+ODieODluODqeODg+OCr1tNQ1NLMTZBXQ==,44CQ6YCB5paZ54Sh5paZ44CRIOODkeODiuOCveODi+ODg+OCryBNQy1TSzE2QS1SIOOAkOOCv+ODvOODk+ODs+ODluODqeOCt+aQrei8ieOAkSDjgrXjgqTjgq/jg63jg7PlvI/mjoPpmaTmqZ/jgIBNQy1TSzE2QS1SIOODrOODg+ODieODluODqeODg+OCr1tNQ1NLMTZBXQ==[rn]
37-97084,aHR0cDovL3RzaG9wLnIxMHMuanAvYmljY2FtZXJhL2NhYmluZXQvcHJvZHVjdC8xMTk3LzAwMDAwMDAyMDY0NjAxX2EwMS5qcGc/Zml0aW49NzAwOjcwMA==,Mjk1Ni44MDAw,,5a626Zu7ID4g55Sf5rS75a626Zu7ID4g5o6D6Zmk5qmf44O744Kv44Oq44O844OK44O8ID4g5o6D6Zmk5qmf,44CQ44GC44GZ5qW95a++6LGh44CRIOODj+OCpOOCouODvOODqyDjgrnjg4bjgqPjg4Pjgq/lnovjgrXjgqTjgq/jg63jg7PmjoPpmaTmqZ8g44CMSGFpZXIgSm95IFNlcmllc+OAjeOAgEpDLVNDMTAwQS1XIOODm+ODr+OCpOODiFtKQ1NDMTAwQV0=,QXBwU3RvcmUvQW5kcm9pZE1hcmtldOOBp+ODk+ODg+OCr+alveWkqeOCkuaknOe0og==,PCEtLSAtLT7ilqDln7rmnKzjgrnjg4bjgqPjg4Pjgq/lnovjg7vjg4/jg7Pjg4fjgqPjgrnjg4bjgqPjg4Pjgq/lnovjg7vjg4/jg7Pjg4fjgqPlnovjga4zV0FZPGJyPiAg4pag5ZC46L685LuV5LqL546HMTAwV+OBruODj+OCpOODkeODr+ODvDxicj4gIOKWoOacrOS9k+i7vemHj+OCs+ODs+ODkeOCr+ODiOioreioiDxicj4gIOKWoOODr+ODs+OCv+ODg+ODgeOBp+OCieOBj+OCieOBj+OCtOODn+aNqOOBpjxicj4gIOKWoOWQuOi+vOWKm+OBjOaMgee2muOBmeOCi+OCteOCpOOCr+ODreODs+mbhuOBmOOCk+aWueW8jzxicj4gIOKWoOODgOOCueODiOOCq+ODg+ODl++8huODleOCo+ODq+OCv+ODvOawtOa0l+OBhE9LPGRpdiBzdHlsZT0ndGV4dC1hbGlnbjpjZW50ZXI7Jz4gICAgICA8aW1nIGFsdD0n6Zai6YCj5ZWG5ZOB44Gv44GT44Gh44KJJyBib3JkZXI9JzAnIHNyYz0naHR0cDovL2ltYWdlLnJha3V0ZW4uY28uanAvYmljY2FtZXJhL2NhYmluZXQvbnMvY29tbW9uL2thbnJlbi5naWYnIC8+ICA8L2Rpdj48ZGl2IGlkPSdzcDE1Jz48dGFibGUgYmdjb2xvcj0nI0ZGRkZGRicgYm9yZGVyPScwJyBjZWxscGFkZGluZz0nMCcgY2VsbHNwYWNpbmc9JzInPjx0cj48dGQgY2xhc3M9J3N1YnRpdGxlJyBjb2xzcGFuPScyJz7mqZ/og73poIXnm648L3RkPjwvdHI+PHRyPjx0ZCBjbGFzcz0nc3RpdGxlJz7oibI8L3RkPjx0ZCBjbGFzcz0nc2RhdGEnPu+8iFfvvInjg5vjg6/jgqTjg4g8L3RkPjwvdHI+PHRyPjx0ZCBjbGFzcz0nc3RpdGxlJz7mnKzkvZPjgrXjgqTjgrrvvIjpq5jjgZXDl+W5hcOX5aWl6KGM77yJPC90ZD48dGQgY2xhc3M9J3NkYXRhJz4xMDMww5cyMjfDlzE5N21tPC90ZD48L3RyPjx0cj48dGQgY2xhc3M9J3N0aXRsZSc+44Gd44Gu5LuW44K144Kk44K6PC90ZD48dGQgY2xhc3M9J3NkYXRhJz7vvLvjgrPjg7zjg4nplbfjgZXvvL0gNW08L3RkPjwvdHI+PHRyPjx0ZCBjbGFzcz0nc3RpdGxlJz7mnKzkvZPph43ph488L3RkPjx0ZCBjbGFzcz0nc2RhdGEnPjIuMGtnPC90ZD48L3RyPjx0cj48dGQgY2xhc3M9J3N0aXRsZSc+5raI6LK76Zu75YqbPC90ZD48dGQgY2xhc3M9J3NkYXRhJz40NTBXPC90ZD48L3RyPjx0cj48dGQgY2xhc3M9J3N0aXRsZSc+5LuY5bGe5ZOBPC90ZD48dGQgY2xhc3M9J3NkYXRhJz7luornlKjjg47jgrrjg6vDlzHjgIHjg4/jg7Pjg4njg6vDlzHjgIHlu7bplbfjg5HjgqTjg5fDlzHjgIHjgZnjgY3jgb7nlKjjg47jgrrjg6vDlzHjgIHjgZnjgY3jgb7jg47jgrrjg6vjg5vjg6vjg4Djg7zDlzE8L3RkPjwvdHI+PHRyPjx0ZCBjbGFzcz0nc3RpdGxlJz7jgrPjg7zjg4njgr/jgqTjg5c8L3RkPjx0ZCBjbGFzcz0nc2RhdGEnPuOCs+ODvOODieS7mOOBjTwvdGQ+PC90cj48dHI+PHRkIGNsYXNzPSdzdGl0bGUnPuWQuOW8leS7leS6i+eOhzwvdGQ+PHRkIGNsYXNzPSdzZGF0YSc+MTAwVzwvdGQ+PC90cj48dHI+PHRkIGNsYXNzPSdzdGl0bGUnPumBi+i7oumfszwvdGQ+PHRkIGNsYXNzPSdzZGF0YSc+NzNkQjwvdGQ+PC90cj48dHI+PHRkIGNsYXNzPSdzdGl0bGUnPuaOg+mZpOapn+OCv+OCpOODlzwvdGQ+PHRkIGNsYXNzPSdzZGF0YSc+44K144Kk44Kv44Ot44Oz5byPPC90ZD48L3RyPjx0cj48dGQgY2xhc3M9J3N0aXRsZSc+6ZuG44GY44KT5a656YePPC90ZD48dGQgY2xhc3M9J3NkYXRhJz4wLjlMPC90ZD48L3RyPjwvdGFibGU+PC9kaXY+,44CQ44GC44GZ5qW95a++6LGh44CRIOODj+OCpOOCouODvOODqyDjgrnjg4bjgqPjg4Pjgq/lnovjgrXjgqTjgq/jg63jg7PmjoPpmaTmqZ8g44CMSGFpZXIgSm95IFNlcmllc+OAjeOAgEpDLVNDMTAwQS1XIOODm+ODr+OCpOODiFtKQ1NDMTAwQV3vvJrjg5Pjg4Pjgq/jgqvjg6Hjg6nmpb3lpKnluILloLTlupc=,44CQ44GC44GZ5qW95a++6LGh44CRIOODj+OCpOOCouODvOODqyDjgrnjg4bjgqPjg4Pjgq/lnovjgrXjgqTjgq/jg63jg7PmjoPpmaTmqZ8g44CMSGFpZXIgSm95IFNlcmllc+OAjeOAgEpDLVNDMTAwQS1XIOODm+ODr+OCpOODiFtKQ1NDMTAwQV0=,QXBwU3RvcmUvQW5kcm9pZE1hcmtldOOBp+ODk+ODg+OCr+alveWkqeOCkuaknOe0ouOAguOAkOOBguOBmealveWvvuixoeOAkSDjg4/jgqTjgqLjg7zjg6sg44K544OG44Kj44OD44Kv5Z6L44K144Kk44Kv44Ot44Oz5o6D6Zmk5qmfIOOAjEhhaWVyIEpveSBTZXJpZXPjgI3jgIBKQy1TQzEwMEEtVyDjg5vjg6/jgqTjg4hbSkNTQzEwMEFd[rn]
37-97085,aHR0cDovL3RzaG9wLnIxMHMuanAvYmljY2FtZXJhL2NhYmluZXQvcHJvZHVjdC8wOTA3LzAwMDAwMDAxODkxNDMwX2EwMS5qcGc/Zml0aW49NzAwOjcwMA==,OTQ2MC44MDAw,,5a626Zu7ID4g55Sf5rS75a626Zu7ID4g5o6D6Zmk5qmf44O744Kv44Oq44O844OK44O8ID4g5o6D6Zmk5qmf,44CQ6YCB5paZ54Sh5paZ44CRIOODnuOCreOCvyDlhYXpm7vlvI/jgrPjg7zjg4njg6zjgrnjgq/jg6rjg7zjg4rjg7zjgIBDTDA3MERTW0NMMDcwRFNd,QXBwU3RvcmUvQW5kcm9pZE1hcmtldOOBp+ODk+ODg+OCr+alveWkqeOCkuaknOe0og==,PCEtLSAtLT48Yj7il4Yx5YWF6Zu744GC44Gf44KK44Gu6YCj57aa5L2/55So5pmC6ZaTIOe0hDjliIYqPC9iPjxicj7jg6Hjg6Ljg6rlirnmnpzjgYzjgarjgYTjgZ/jgoHjgIEg57aZ44GO6Laz44GX5YWF6Zu744GM5Y+v6IO944Gr44Gq44KK44G+44GX44Gf44CCPGJyPuiHquW3seaUvumbu+OBjOWwkeOBquOBhOOBn+OCgeOAgemVt+acn+S/neWtmOOBl+OBpuOCgua6gOWFhembu+OBq+i/keOBhOS7leS6i+mHj+OBjOWPr+iDveOBp+OBmeOAgu+8iOKAu+a6gOWFhembu+eKtuaFi+OBp+S/neWtmOOBl+OBpuOBj+OBoOOBleOBhOOAgu+8iTxicj4q5pWw5YCk44Gv5Y+C6ICD5YCk44Gn44GZ44CC44OQ44OD44OG44Oq44Gu5YWF6Zu754q25oWL44KE5L2c5qWt5p2h5Lu244Gr44KI44KK44CB5L2/55So5pmC6ZaT44Gv55Ww44Gq44KK44G+44GZ44CCPGJyPjxicj48Yj7il4bjgIzlpaXjga7lpaXjgb7jgafjgZfjgaPjgYvjgorlsYrjgY/jgI1U5Z6L44OO44K644Or44CCPC9iPjxicj5U5Z6L44OO44K644Or44Gv5bqK44Gr5a+G552A44GX44Gm5rWu44GL44Gq44GE44GL44KJ44K944OV44Kh44O844KE5qOa44Gu5LiL44Gq44Gp44CB5aWl44G+44Gn44GX44Gj44GL44KK44GK5o6D6Zmk44CCPGJyPjxicj48Yj7il4bjgrTjg5/jgaXjgb7jgorou73muJvvvIbjgrnjg6Djg7zjgrrjgarli5XjgY3vvIE8L2I+PGJyPjxicj48Yj7il4bmlpzjgoHjgqvjg4Pjg4jjga7lkLjovrzlj6M8L2I+PGJyPuODkeOCpOODl+OBjOaKnOOBkeOBq+OBj+OBj+OAgeOCsOODqeOCsOODqeOBl+OBquOBhOOAgjxicj5U5Z6L44OO44K644Or44Gq44GX44Gn44KC5o6D6Zmk44GM44GX44KE44GZ44GE5b2i54q244Gn44GZ44CCPGJyPjxicj48Yj7il4bjgIzjgrTjg5/mjajjgabnsKHljZjjgI3jgqvjg5fjgrvjg6vpm4bjgZjjgpPjgII8L2I+PGJyPuOCtOODn+OBr+OCq+ODl+OCu+ODq+mDqOOCkuOBsuOBreOBo+OBpuaNqOOBpuOCi+OBoOOBkeOAgjxicj7pm4bjgZjjgpPlrrnph482MDBtTDxicj48YnI+PGI+4peG44K044Of44K544OI44OD44OR5LuYPC9iPjxicj7jgrTjg5/jga7jgZPjgbzjgozokL3jgaHjgpLpmLLmraLjgZfjgb7jgZnjgII8YnI+PGJyPjxiPuKXhuOAjOOBmeOBjemWk+aOg+mZpOOBq+S+v+WIqeOAjeOCteODg+OCt+ODjuOCuuODq+S7mOOAgjwvYj48YnI+44Ob44Kz44Oq44Gu44Gf44G+44KK44KE44GZ44GE44K144OD44K344Gu44GZ44GN6ZaT44KE44CB44Kz44O844OK44O844CB5a625YW344Gu6ZaT44Gq44Gp44Gu57Sw44GL44Gq5aC05omA44Gn44Gu5o6D6Zmk44Gr5L6/5Yip44Gn44GZ44CCPGJyPjxicj48Yj7il4bjg5Xjg4Pjgq/ku5g8L2I+PGRpdiBzdHlsZT0ndGV4dC1hbGlnbjpjZW50ZXI7Jz4gICAgICA8aW1nIGFsdD0n6Zai6YCj5ZWG5ZOB44Gv44GT44Gh44KJJyBib3JkZXI9JzAnIHNyYz0naHR0cDovL2ltYWdlLnJha3V0ZW4uY28uanAvYmljY2FtZXJhL2NhYmluZXQvbnMvY29tbW9uL2thbnJlbi5naWYnIC8+ICA8L2Rpdj48ZGl2IGlkPSdzcDE1Jz48dGFibGUgYmdjb2xvcj0nI0ZGRkZGRicgYm9yZGVyPScwJyBjZWxscGFkZGluZz0nMCcgY2VsbHNwYWNpbmc9JzInPjx0cj48dGQgY2xhc3M9J3N1YnRpdGxlJyBjb2xzcGFuPScyJz7mqZ/og73poIXnm648L3RkPjwvdHI+PHRyPjx0ZCBjbGFzcz0nc3RpdGxlJz7mnKzkvZPjgrXjgqTjgrrvvIjpq5jjgZXDl+W5hcOX5aWl6KGM77yJPC90ZD48dGQgY2xhc3M9J3NkYXRhJz45NjbDlzEwM8OXMTQybW3vvIjjg47jgrrjg6vku5jvvIk8L3RkPjwvdHI+PHRyPjx0ZCBjbGFzcz0nc3RpdGxlJz7mnKzkvZPph43ph488L3RkPjx0ZCBjbGFzcz0nc2RhdGEnPjAuODFrZyjjg5Djg4Pjg4bjg6rlkKvjgoAgLyDjg47jgrrjg6vjg7vjg5HjgqTjg5fpmaTjgY8pPC90ZD48L3RyPjx0cj48dGQgY2xhc3M9J3N0aXRsZSc+5LuY5bGe5ZOBPC90ZD48dGQgY2xhc3M9J3NkYXRhJz7jg47jgrrjg6vjg7vjgrnjg4jjg6zjg7zjg4jjg5HjgqTjg5fjg7vjgrXjg4Pjgrco44GZ44GN44G+KeeUqOODjuOCuuODqzwvdGQ+PC90cj48dHI+PHRkIGNsYXNzPSdzdGl0bGUnPuOCs+ODvOODieOCv+OCpOODlzwvdGQ+PHRkIGNsYXNzPSdzZGF0YSc+44Kz44O844OJ44Os44K5PC90ZD48L3RyPjx0cj48dGQgY2xhc3M9J3N0aXRsZSc+5ZC45byV5LuV5LqL546HPC90ZD48dGQgY2xhc3M9J3NkYXRhJz4xNFc8L3RkPjwvdHI+PHRyPjx0ZCBjbGFzcz0nc3RpdGxlJz7mjoPpmaTmqZ/jgr/jgqTjg5c8L3RkPjx0ZCBjbGFzcz0nc2RhdGEnPuOCq+ODl+OCu+ODq+W8jzwvdGQ+PC90cj48dHI+PHRkIGNsYXNzPSdzdGl0bGUnPumbhuOBmOOCk+WuuemHjzwvdGQ+PHRkIGNsYXNzPSdzZGF0YSc+NjAwbWw8L3RkPjwvdHI+PC90YWJsZT48L2Rpdj4=,44CQ6YCB5paZ54Sh5paZ44CRIOODnuOCreOCvyDlhYXpm7vlvI/jgrPjg7zjg4njg6zjgrnjgq/jg6rjg7zjg4rjg7zjgIBDTDA3MERTW0NMMDcwRFNd77ya44OT44OD44Kv44Kr44Oh44Op5qW95aSp5biC5aC05bqX,44CQ6YCB5paZ54Sh5paZ44CRIOODnuOCreOCvyDlhYXpm7vlvI/jgrPjg7zjg4njg6zjgrnjgq/jg6rjg7zjg4rjg7zjgIBDTDA3MERTW0NMMDcwRFNd,QXBwU3RvcmUvQW5kcm9pZE1hcmtldOOBp+ODk+ODg+OCr+alveWkqeOCkuaknOe0ouOAguOAkOmAgeaWmeeEoeaWmeOAkSDjg57jgq3jgr8g5YWF6Zu75byP44Kz44O844OJ44Os44K544Kv44Oq44O844OK44O844CAQ0wwNzBEU1tDTDA3MERTXQ==[rn]
37-97086,aHR0cDovL3RzaG9wLnIxMHMuanAvYmljY2FtZXJhL2NhYmluZXQvcHJvZHVjdC8yMTM2LzAwMDAwMDAzMzQ5NjEyX2EwMS5qcGc/Zml0aW49NzAwOjcwMA==,MzczMDcuMjAwMA==,,5a626Zu7ID4g55Sf5rS75a626Zu7ID4g5o6D6Zmk5qmf44O744Kv44Oq44O844OK44O8ID4g5o6D6Zmk5qmf,44CQ44GC44GZ5qW95a++6LGh44CR44CQ6YCB5paZ54Sh5paZ44CRIOODkeODiuOCveODi+ODg+OCryDjgrnjg4bjgqPjg4Pjgq/lnovjgrPjg7zjg4njg6zjgrnjgrXjgqTjgq/jg63jg7PmjoPpmaTmqZ8g44CMaVTvvIjjgqTjg4Pjg4jvvInjgI3jgIBNQy1CVTUwMEotVCDjg5bjg63jg7Pjgrrjg5bjg6njgqbjg7NbTUNCVTUwMEpUXQ==,,PCEtLSAtLT48Yj5pVCBpcyBhIG5ldyBzdHlsZS48QlI+44GZ44GN6ZaT44KC5aOB6Zqb44KC5LiA44Gk44Gu44OO44K644Or44Gn44CCIOawl+OBpeOBhOOBn+OBqOOBjeOBq+OCteODg+OBqOS9v+OBiOOBpuOAgemaheOAheOBvuOBp+OBl+OBo+OBi+OCiuOCreODrOOCpOOBq+OAgjxCUj48QlI+4pagPGI+44GZ44GN6ZaT44G+44Gn44Kt44Os44Kk44Gr44CB44OO44K644Or5Lqk5o+b44Gq44GX44Gn6Ieq5Zyo44Gr5o6D6ZmkPC9iPjwvYj48QlI+44CA44O7PGI+44OV44Ot44Ki44GL44KJ44GZ44GN6ZaT44G+44Gn44OO44Oz44K544OI44OD44OX44Gn5o6D6Zmk44Gn44GN44KLIOOAjOOBj+OCi+OBo+OBqOODkeODr+ODvOODjuOCuuODq+OAjTwvYj48QlI+44CA44CATUMtQlU1MDBK44Gu44CM44GP44KL44Gj44Go44OR44Ov44O844OO44K644Or44CN44Gv44CB44GT44KM44G+44Gn44Gu5ZWG5ZOB44Go5LiA5ZGz6YGV44GE44G+44GZ44CCIOS4gOOBpOOBruODjuOCuuODq+OBp+ODleODreODvOODquODs+OCsOOChOOBmOOCheOBhuOBn+OCk+OBruaOg+mZpOOBr+OCguOBoeOCjeOCk+OAgeacrOS9k+OCkuOBj+OCi+OBo+OBqOOBvuOCj+OBl+OAgeODjuOCuuODq+OCkknlrZflnovjgavlpInlvaLjgZnjgovjgZPjgajjgafni63jgYTjgZnjgY3plpPjgb7jgafmjoPpmaTjgZnjgovjgZPjgajjgYzjgafjgY3jgb7jgZnjgII8QlI+44CA44O7PGI+44OP44Oz44OH44Kj44Kv44Oq44O844OK44O844Go44GX44Gm44KC5L2/44GI44KLPC9iPjxCUj7jgIDjgIDlu7bplbfnrqHjgpLlpJbjgZnjgajjgIHmnKzkvZPjgavnm7TmjqXjg47jgrrjg6vjgpLoo4XnnYDjgZnjgovjgZPjgajjgYzjgafjgY3jgIHjg4/jg7Pjg4fjgqPjg7zjgq/jg6rjg7zjg4rjg7zjgajjgZfjgabjgoLkvb/jgYbjgZPjgajjgYzjgafjgY3jgb7jgZnjgILjgb7jgZ/jgIHjgIzjgY/jgovjgaPjgajjg5Hjg6/jg7zjg47jgrrjg6vjgI3jgajjga/liKXjgavjgIHjgojjgorni63jgYTjgajjgZPjgo3jgpLmjoPpmaTjgZnjgovjga7jgavkvr/liKnjgarjgIzjgZnjgY3plpPnlKjjg47jgrrjg6vjgI3jgIHmo5rjga7mjoPpmaTjgavpganjgZfjgZ/jgIzjg5rjgr/jgZnjgY3plpPjg47jgrrjg6vjgI3jgpLku5jlsZ7jgILnlKjpgJTjgYzjgZXjgonjgavluoPjgYzjgorjgb7jgZnjgII8QlI+PEJSPuKWoDxiPuWPluOCjOOBq+OBj+OBhOWjgemam+OBruOCtOODn+OCguOAgeWKm+W8t+OBj+OBi+OBjeWHuuOBl+OBpuWQuOOBhOOBqOOCizwvYj48QlI+44CA44O7PGI+5aOB6Zqb44Gu44K044Of44G+44Gn44GX44Gj44GL44KK44Go44KM44KL44CM44Ks44OQ44Go44KK44CN5qeL6YCg44KS5pCt6LyJPC9iPjxCUj7jgIDjgIDjgrTjg5/jgYzjgZ/jgb7jgorjgoTjgZnjgY/lj5bjgozjgavjgY/jgYTlo4Hpmpvjga7mjoPpmaTjgILjg5Hjg4rjgr3jg4vjg4Pjgq/ni6zoh6rjga7jgIzjgqzjg5DjgajjgorjgI3mp4vpgKDjgarjgonjgIHmma7mrrXjga/plonjgZjjgabjgYTjgovjg47jgrrjg6vjga7liY3pnaLjga7jgrfjg6Pjg4Pjgr/jg7zjgYzlo4HjgavlvZPjgZ/jgovjgajplovjgY3jgb7jgZnjgILlm57ou6Ljg5bjg6njgrfjgYzlo4Hpmpvjgb7jgaflsYrjgY3jgIHjgZfjgaPjgYvjgorjgajjgrTjg5/jgpLjgYvjgY3lh7rjgZfjgb7jgZnjgII8QlI+44CA44O7PGI+5qiq44Gr44K544Op44Kk44OJ44GV44Gb44Gm5o6D6Zmk44GM44Gn44GN44KLIOOAjOODreODvOODqeODvOOAjSDku5jjgY08L2I+PEJSPuOAgOOAgOODjuOCuuODq+OBq+ODreODvOODqeODvOOBjOS7mOOBhOOBpuOBhOOCi+OBruOBp+OAgeWjgemam+OCkuOCiOOCiuOCueODoOODvOOCuuOBq+aOg+mZpOOBp+OBjeOBvuOBmeOAgjxCUj48QlI+4pagPGI+44Kz44Oz44K744Oz44OI5bmF44Gr5Y+O44G+44KL44CB44K544Oq44Og44Gn44K544Oe44O844OI44Gq44OH44K244Kk44OzPC9iPjxCUj7jgIDjg7s8Yj43LjJjbeKAu+OBruOCueODquODoOODnOODh+OCoyDjg6rjg5Pjg7PjgrDjga7ohIfjgavnva7jgYTjgabjgrXjg4Pjgajkvb/jgYjjgos8L2I+PEJSPuOAgOOAgOOCs+ODs+OCu+ODs+ODiOW5heOBqOWQjOetieOBruacrOS9k+W5heOBoOOBi+OCieWgtOaJgOOCkuWPluOCieOBmuecgeOCueODmuODvOOCueOBp+WFhembu+WPr+iDveOAguODquODk+ODs+OCsOOCkuWFhembu+WgtOaJgOOBq+OBl+OBpuOCgummtOafk+OCgOa0l+e3tOOBleOCjOOBn+ODh+OCtuOCpOODs+OBquOBruOBp+OAgeaxmuOCjOOBq+awl+OBpeOBhOOBn+OBqOOBjeOBq+OBmeOBkOOBq+aOg+mZpOOBjOOBp+OBjeOBvuOBmeOAguKAu+ODjuOCuuODq+OCkknlrZflnovjgavjgZfjgZ/nirbmhYs8QlI+44CA44O7PGI+5L2/44GE44KE44GZ44GV44KS6ICD44GI5oqc44GE44Gf44CB44GT44Gg44KP44KK44Gu44OH44K244Kk44OzPC9iPjxCUj7jgIDjgIBNQy1CVTUwMErjga7jgrDjg6rjg4Pjg5fjga/jgIHjg47jgrrjg6vjgpLjgIxU5a2X5Z6LIOKHkiBJ5a2X5Z6L44CN44CMSeWtl+WeiyDih5IgVOWtl+Wei+OAjeOBuOOBqOWkieW9ouOBmeOCi+OBqOOBjeOBruaJi+OBruWLleOBjeOCkualveOBq+OBl+OBpuOAgeiyoOaLheOBjOWwkeOBquOBj+OBquOCi+OCiOOBhuOBq+ODh+OCtuOCpOODs+OBleOCjOOBpuOBhOOBvuOBmeOAgjxCUj7jgIDjg7s8Yj7kvr/liKnjgaoy6YCa44KK44Gu5YWF6Zu75pa55rOVPC9iPjxCUj7jgIDjgIBNQy1CVTUwMErjgafjga/jgIHjg6bjg7zjgrbjg7zjga7nlKjpgJTjgavlkIjjgo/jgZvjgaYy6YCa44KK44Gu5YWF6Zu75pa55rOV44KS44GU55So5oSP44CC5a6244Gu5Lit44Gn5YWF6Zu744Gu5a6a5L2N572u44KS5rG644KB44Gm44GK44GN44Gf44GE5pa544Gv44CM5aOB5o6b44GR5YWF6Zu744CN44CB44KI44KK5omL6Lu944Gr5L2/44GE44Gf44GE5pa544Gv44CM56uL44Gm44GL44GR5YWF6Zu744CN44GM44Kq44K544K544Oh44Gn44GZ44CCPEJSPjxCUj7ilqA8Yj7jg4/jgqbjgrnjg4Djgrnjg4jnmbropovjgrvjg7PjgrXjg7zjgafjgIEg6KaL44GI44Gq44GE44K044Of44G+44Gn5qSc55+lPC9iPjxCUj7jgIDnm67jgavopovjgYjjgarjgYTntIQyMM68beOBruODj+OCpuOCueODgOOCueODiOOBvuOBp+OAgeOCu+ODs+OCteODvOOBjOaknOefpeOAguODqeODs+ODl+OBjOWFieOBo+OBpuOBiuefpeOCieOBm+OBmeOCi+OBruOBp+OAgeWPluOCiuaui+OBl+OCkumYsuOBjuOAgeebruOBruWxiuOBi+OBquOBhOWgtOaJgOOBp+OCguOBl+OBo+OBi+OCiuOCreODrOOCpOOBq+OBmeOCi+OBk+OBqOOBjOWPr+iDveOBp+OBmeOAguOBvuOBn+OAgeOCtOODn+OBrumHj+OBq+W/nOOBmOOBpuODkeODr+ODvOOCkuWItuW+oeOBmeOCi+OBruOBp+OAgeWKueeOh+OCiOOBj+aOg+mZpOOBp+OBjeOBvuOBmeOAgjxkaXYgc3R5bGU9J3RleHQtYWxpZ246Y2VudGVyOyc+ICAgICAgPGltZyBhbHQ9J+mWoumAo+WVhuWTgeOBr+OBk+OBoeOCiScgYm9yZGVyPScwJyBzcmM9J2h0dHA6Ly9pbWFnZS5yYWt1dGVuLmNvLmpwL2JpY2NhbWVyYS9jYWJpbmV0L25zL2NvbW1vbi9rYW5yZW4uZ2lmJyAvPiAgPC9kaXY+PGRpdiBzdHlsZT0ndGV4dC1hbGlnbjpjZW50ZXI7bWFyZ2luLXRvcDoxMHB4Oyc+ICAgICAgPGltZyBhbHQ9J+OCq+ODqeODvOODkOODquOCqOODvOOCt+ODp+ODs+ODu+WQjOS4gOimj+agvOOBquOBqeOBr+OBk+OBoeOCiScgYm9yZGVyPScwJyBzcmM9J2h0dHA6Ly9pbWFnZS5yYWt1dGVuLmNvLmpwL2JpY2NhbWVyYS9jYWJpbmV0L25zL2NvbW1vbi9jb2xvci5naWYnIC8+ICA8L2Rpdj48ZGl2IGlkPSdzcDE1Jz48dGFibGUgYmdjb2xvcj0nI0ZGRkZGRicgYm9yZGVyPScwJyBjZWxscGFkZGluZz0nMCcgY2VsbHNwYWNpbmc9JzInPjx0cj48dGQgY2xhc3M9J3N1YnRpdGxlJyBjb2xzcGFuPScyJz7mqZ/og73poIXnm648L3RkPjwvdHI+PHRyPjx0ZCBjbGFzcz0nc3RpdGxlJz7ku5Xmp5g8L3RkPjx0ZCBjbGFzcz0nc2RhdGEnPuKWoOmbhuOBmOOCk+aWueW8j++8miDjgrXjgqTjgq/jg63jg7PlvI88QlI+4pag6Zu75rqQ5pa55byP77yaIOOCs+ODvOODieODrOOCueW8jzxCUj7ilqDpm4bjgZjjgpPlrrnnqY3vvJogMC4yTDxCUj7ilqDkvb/nlKjmmYLplpPjga7nm67lronvvJog5by377yaIOe0hDEw5YiG44CB6Ieq5YuV77ya57SEMTXvvZ7ntIQzMOWIhjxCUj7ilqDlhYXpm7vmmYLplpPvvJog57SEM+aZgumWkzxCUj7ilqDpgYvou6Lpn7PvvJogNjfvvZ7ntIQ2M2RCPEJSPuKWoOeZuuimi+OCu+ODs+OCteODvO+8miDjg4/jgqbjgrnjg4Djgrnjg4jnmbropovjgrvjg7PjgrXjg7w8QlI+4pag44Ki44Kk44OJ44Oq44Oz44Kw44Kq44OV5qmf6IO977yaIOKXizxCUj7ilqDjg47jgrrjg6vjgr/jgqTjg5fjgIDvvJog44GP44KL44Gj44Go44OR44Ov44O844OO44K644OrPEJSPuKWoOacrOS9k+WvuOazle+8iOW5hcOX5aWl6KGMw5fpq5jjgZXvvInvvJog44K544OG44Kj44OD44Kv77ya5bmFMjUyw5flpaXooYzjgY0xNTPDl+mrmOOBlTExNjBtbeOAgeODj+ODs+ODh+OCo++8muW5hTcyw5flpaXooYzjgY0xNTDDl+mrmOOBlTY4MG1tPEJSPuKWoOacrOS9k+izqumHj++8miDjgrnjg4bjgqPjg4Pjgq/vvJoyLjJrZ+OAgeODj+ODs+ODh+OCo++8mjEuNmtnPEJSPuKWoOS9v+eUqOmbu+axoO+8miDjg6rjg4Hjgqbjg6DjgqTjgqrjg7Ppm7vmsaA8QlI+4pag5a6a5qC86Zu75Zyn77yaIERDMjEuNlY8QlI+4pag5YWF6Zu76Zu75rqQ77yaIOWFpeWKm++8miBBQzEwMC0yNDBW77yaIDUwSHotNjBIeuOAgeWHuuWKm++8miBEQzI0LjVW77yaIDEuMEE8QlI+4pag5raI6LK76Zu75Yqb77yaIOWFhembu+S4re+8miDntIQyN1fjgIHmnKzkvZPjgpLlpJbjgZfjgZ/jgajjgY3vvJog57SEMC41VzxCUj7ilqDpm7vmupDjgrPjg7zjg4njga7plbfjgZXvvJogMS41bTxCUj7ilqDku5jlsZ7lk4HvvJog44GN6ZaT55So44OO44K644Or44CB44Oa44K/44GZ44GN6ZaT44OO44K644OrPC90ZD48L3RyPjwvdGFibGU+PC9kaXY+,44CQ44GC44GZ5qW95a++6LGh44CR44CQ6YCB5paZ54Sh5paZ44CRIOODkeODiuOCveODi+ODg+OCryDjgrnjg4bjgqPjg4Pjgq/lnovjgrPjg7zjg4njg6zjgrnjgrXjgqTjgq/jg63jg7PmjoPpmaTmqZ8g44CMaVTvvIjjgqTjg4Pjg4jvvInjgI3jgIBNQy1CVTUwMEotVCDjg5bjg63jg7Pjgrrjg5bjg6njgqbjg7NbTUNCVTUwMEpUXe+8muODk+ODg+OCr+OCq+ODoeODqealveWkqeW4guWgtOW6lw==,44CQ44GC44GZ5qW95a++6LGh44CR44CQ6YCB5paZ54Sh5paZ44CRIOODkeODiuOCveODi+ODg+OCryDjgrnjg4bjgqPjg4Pjgq/lnovjgrPjg7zjg4njg6zjgrnjgrXjgqTjgq/jg63jg7PmjoPpmaTmqZ8g44CMaVTvvIjjgqTjg4Pjg4jvvInjgI3jgIBNQy1CVTUwMEotVCDjg5bjg63jg7Pjgrrjg5bjg6njgqbjg7NbTUNCVTUwMEpUXQ==,44CQ44GC44GZ5qW95a++6LGh44CR44CQ6YCB5paZ54Sh5paZ44CRIOODkeODiuOCveODi+ODg+OCryDjgrnjg4bjgqPjg4Pjgq/lnovjgrPjg7zjg4njg6zjgrnjgrXjgqTjgq/jg63jg7PmjoPpmaTmqZ8g44CMaVTvvIjjgqTjg4Pjg4jvvInjgI3jgIBNQy1CVTUwMEotVCDjg5bjg63jg7Pjgrrjg5bjg6njgqbjg7NbTUNCVTUwMEpUXQ==[rn]
37-97087,aHR0cDovL3RzaG9wLnIxMHMuanAvYmljY2FtZXJhL2NhYmluZXQvcHJvZHVjdC8yMTI3LzAwMDAwMDAzMzQ4MDM0X2EwMS5qcGc/Zml0aW49NzAwOjcwMA==,MjM1OC40MDAw,,5a626Zu7ID4g55Sf5rS75a626Zu7ID4g5o6D6Zmk5qmf44O744Kv44Oq44O844OK44O8ID4g5o6D6Zmk5qmf,77yz77yp77yy77yv77yj77yhIOOCueODhuOCo+ODg+OCr+OCr+ODquODvOODiuODvOOAgEFWLVMxMDFTViDjgrfjg6Pjg7Pjg5Hjg7Pjgrfjg6vjg5Djg7xbQVZTMTAxU1Zd,,PCEtLSAtLT48Yj7jgrnjg4bjgqPjg4Pjgq/jgIHjg4/jg7Pjg4fjgqPjgIHjganjgaHjgonjgafjgoLkvb/jgYjjgovjgYrmiYvou73mjoPpmaTmqZ/jgII8L2I+PEJSPjxCUj7ilqA8Yj7mr47ml6Xjga7mjoPpmaTjga/jgZPjga4x5Y+w44Gr44GK44G+44GL44GbPC9iPjxCUj7jgIDjgq3jg6Pjg4vjgrnjgr/jg7zlvI/jga7mjoPpmaTmqZ/jga/jgIHnva7jgY3loLTmiYDjgoLjgarjgYTjgZfjgIHjgo/jgZbjgo/jgZblh7rjgZfjgabjgY/jgovjgavjgoLpnaLlgJLjgILjgZ3jgpPjgarmmYLjgavkvr/liKnjgarjga7jgYzmiYvou73jgarjgrnjg4bjgqPjg4Pjgq/jgr/jgqTjg5fjga7jgq/jg6rjg7zjg4rjg7zjgILkuIDkurrmmq7jgonjgZfjga7jgYrmjoPpmaTjgavjgIHjgYTjgaTjgoLjga7mjoPpmaTmqZ/jga7jgaHjgofjgaPjgajjgZfjgZ/ku6Pjgo/jgorjgavjgILjgrnjg4bjgqPjg4Pjgq/jgr/jgqTjg5fjgaDjgYvjgonjgYrpg6jlsYvjga7pmoXjgavjg4Hjg6fjgrPjg7Pjgajnva7jgZHjgabjgIHjgYTjgaTjgafjgoLkvb/jgYjjgovkvr/liKnjgarmjoPpmaTmqZ/jgafjgZnjgILjgb7jgZ/jgIHpg6jlk4HjgpLlpJbjgZnjgaDjgZHjgafjg4/jg7Pjg4fjgqPjgq/jg6rjg7zjg4rjg7zjgavjgoLjgarjgovjga7jgafjgIHjgYrpg6jlsYvjga7oibLjgIXjgarloLTmiYDjgafmiYvou73jgavjgYrkvb/jgYTpoILjgZHjgb7jgZnjgII8QlI+PEJSPuKWoDxiPuOCueODhuOCo+ODg+OCr+OBq+OCguODj+ODs+ODh+OCo+OBq+OCguOBquOCi+OAgeS+v+WIqeOBqjJXQVk8L2I+PEJSPuOAgOODleODreOCouaOg+mZpOOBquOCieOCueODhuOCo+ODg+OCr+OCr+ODquODvOODiuODvOOAgeOBmeOBjeOBvuaOg+mZpOOChOmjn+OBueOBk+OBvOOBl+OBq+OBr+ODj+ODs+ODh+OCo+OCr+ODquODvOODiuODvOOBqOOBl+OBpuOAgTHlj7DjgafmiYvou73jgavkvb/jgYTliIbjgZHjgovjgZPjgajjgYzjgafjgY3jgb7jgZnjgII8QlI+PEJSPuKWoDxiPuOCueOCpOOCueOCpOS9v+OBhOOChOOBmeOBhOOAgei7vemHjzEuN2tnPC9iPjxCUj7jgIDmnKzkvZPjga7ph43jgZXjga/jgo/jgZrjgYsxLjdrZ+OAguWls+aAp+OBp+OCguS9v+OBhOOChOOBmeOBj+OAgeaMgeOBoemBi+OBs+OCguOCieOBj+OCieOBj+OAgiDmr47ml6Xkvb/jgYTjgZ/jgY/jgarjgovmjoPpmaTmqZ/jgafjgZnjgII8QlI+PEJSPuKWoDxiPuiHqueri+W8j+OBoOOBi+OCiee9ruOBhOOBpuOBiuOBkeOCizwvYj48QlI+44CA5pys5L2T44Gg44GR44Gn6Ieq56uL44GZ44KL44Gu44Gn44CB44GK6YOo5bGL44Gu6ZqF44KE44Kv44Ot44O844K844OD44OI44Gu54ut44GE44GZ44GN6ZaT44Gu5Lit44Gn44KC44OB44On44Kz44Oz44Go572u44GE44Gm44GK44GR44KL44Gu44Gn44CB5L2/44GE44Gf44GE5pmC44Gr44GZ44GQ44Gr5L2/44GI44Gm5L6/5Yip44Gn44GZ44CCPGRpdiBzdHlsZT0ndGV4dC1hbGlnbjpjZW50ZXI7bWFyZ2luLXRvcDoxMHB4Oyc+ICAgICAgPGltZyBhbHQ9J+OCq+ODqeODvOODkOODquOCqOODvOOCt+ODp+ODs+ODu+WQjOS4gOimj+agvOOBquOBqeOBr+OBk+OBoeOCiScgYm9yZGVyPScwJyBzcmM9J2h0dHA6Ly9pbWFnZS5yYWt1dGVuLmNvLmpwL2JpY2NhbWVyYS9jYWJpbmV0L25zL2NvbW1vbi9jb2xvci5naWYnIC8+ICA8L2Rpdj48ZGl2IGlkPSdzcDE1Jz48dGFibGUgYmdjb2xvcj0nI0ZGRkZGRicgYm9yZGVyPScwJyBjZWxscGFkZGluZz0nMCcgY2VsbHNwYWNpbmc9JzInPjx0cj48dGQgY2xhc3M9J3N1YnRpdGxlJyBjb2xzcGFuPScyJz7mqZ/og73poIXnm648L3RkPjwvdHI+PHRyPjx0ZCBjbGFzcz0nc3RpdGxlJz7ku5Xmp5g8L3RkPjx0ZCBjbGFzcz0nc2RhdGEnPuKWoOWei+eVqu+8miBBVi1TMTAxPEJSPuKWoOOCueODmuODg+OCrzxCUj7jgIDjg7vjgrXjgqTjgrrvvIjntITvvInvvJog44K544OG44Kj44OD44Kv44O744OV44Ot44Ki44OW44Op44K36KOF552A5pmC77ya5bmFMjUuMcOX5aWl6KGMMTUuMMOX6auY44GVMTExLjVjbeOAgeacrOS9k++8miDluYUxMS4zw5flpaXooYw0OC40w5fpq5jjgZUxMS4zY208QlI+44CA44O76Zu75Zyn77yaIEFDMTAwVjxCUj7jgIDjg7vmtojosrvpm7vlipvvvJogNDAwVzxCUj7jgIDjg7vlkajms6LmlbDvvJogNTAvNjBIejxCUj7jgIDjg7vlkLjovrzku5XkuovnjofvvJogNzBXPEJSPuOAgOODu+mbhuOBmOOCk+WuuemHj++8miAwLjXjg6rjg4Pjg4jjg6s8QlI+44CA44O76LOq6YeP77yI57SE77yJ77yaIDEuN2tn77yI44OV44Ot44Ki44OW44Op44K344CB44K544OG44Kj44OD44Kv44KS5ZCr44KA77yJPEJSPuOAgOODu+mBi+i7oumfs++8iOe0hO+8ie+8miA3M2RCPEJSPuOAgOODu+mbu+a6kOOCs+ODvOODieOBrumVt+OBle+8iOe0hO+8ie+8miA0bTxCUj7ilqDmqZ/og708QlI+44CA44O744K544OG44Kj44OD44Kv77yG44OP44Oz44OH44KjMldBWTxCUj7jgIDjg7vmnKzkvZPoh6rnq4vlvI88QlI+44CA44O744OA44K544OI44Kr44OD44OX5rC05rSX44GE5Y+v6IO9PEJSPuOAgOODu+ODr+ODs+OCv+ODg+ODgeOCueOCreODnuODjuOCuuODqzxCUj7jgIDjg7vjgYrmiYvlhYPvvIbmnKzkvZPjgrnjgqTjg4Pjg4E8QlI+44CA44O744Kz44O844OJ44Gk44GN44Gn44GE44Gk44Gn44KC44OV44Or44OR44Ov44O8PEJSPuKWoOOCu+ODg+ODiOWGheWuuTxCUj7jgIDmnKzkvZPjgIHjg5Xjg63jgqLjg5bjg6njgrfjgIHjgrnjg4bjgqPjg4Pjgq/jgIHlj5bmibHoqqzmmI7mm7jvvIjkv53oqLzmm7jvvIk8L3RkPjwvdHI+PC90YWJsZT48L2Rpdj4=,77yz77yp77yy77yv77yj77yhIOOCueODhuOCo+ODg+OCr+OCr+ODquODvOODiuODvOOAgEFWLVMxMDFTViDjgrfjg6Pjg7Pjg5Hjg7Pjgrfjg6vjg5Djg7xbQVZTMTAxU1Zd77ya44OT44OD44Kv44Kr44Oh44Op5qW95aSp5biC5aC05bqX,77yz77yp77yy77yv77yj77yhIOOCueODhuOCo+ODg+OCr+OCr+ODquODvOODiuODvOOAgEFWLVMxMDFTViDjgrfjg6Pjg7Pjg5Hjg7Pjgrfjg6vjg5Djg7xbQVZTMTAxU1Zd,77yz77yp77yy77yv77yj77yhIOOCueODhuOCo+ODg+OCr+OCr+ODquODvOODiuODvOOAgEFWLVMxMDFTViDjgrfjg6Pjg7Pjg5Hjg7Pjgrfjg6vjg5Djg7xbQVZTMTAxU1Zd[rn]
37-97088,aHR0cDovL3RzaG9wLnIxMHMuanAvYmljY2FtZXJhL2NhYmluZXQvcHJvZHVjdC8xMzk0LzAwMDAwMDAzMDA3MTQzX2EwMS5qcGc/Zml0aW49NzAwOjcwMA==,NTk1Mi44MDAw,,5a626Zu7ID4g55Sf5rS75a626Zu7ID4g5o6D6Zmk5qmf44O744Kv44Oq44O844OK44O8ID4g5o6D6Zmk5qmf,44CQ6YCB5paZ54Sh5paZ44CRIOOCouODlOODg+OCr+OCuSAyaW4x5YWF6Zu75byP44Kz44O844OJ44Os44K544Kv44Oq44O844OK44O844CAQUNWLTkxMi1QSyDjg5Tjg7Pjgq/jg6Hjgr/jg6rjg4Pjgq9bQUNWOTEyXQ==,QXBwU3RvcmUvQW5kcm9pZE1hcmtldOOBp+ODk+ODg+OCr+alveWkqeOCkuaknOe0og==,PCEtLSAtLT7ilqA8Yj7jgrnjg4bjgqPjg4Pjgq/vvIbjg4/jg7Pjg4fjgqPjgIIy44Gk44Gu44K544K/44Kk44Or44GMMeOBpOOBq+OBquOBo+OBn+WFhembu+W8j+OCr+ODquODvOODiuODvOOAgjwvYj48YnI+ICDjgIDjgrnjg4bjgqPjg4Pjgq/jgr/jgqTjg5fjg7vjg4/jg7Pjg4fjgqPjgr/jgqTjg5fjga7kuKHmlrnjgpLjgYrmiYvou73jgavjgYrkvb/jgYTjgYTjgZ/jgaDjgZHjgb7jgZnjgILjgZfjgaPjgYvjgorjgYrmjoPpmaTjgZfjgZ/jgYTmmYLjgoTjgIHjgaHjgofjgaPjgajkvb/jgYTjgZ/jgYTmmYLjgoLjgIHjgZPjgowx5Y+w44CCPGJyPiAg44CAPGI+44O744K544OG44Kj44OD44Kv44K/44Kk44OXPC9iPjxicj4gIOOAgOOAgOOAgOODleODreODvOODquODs+OCsOOAgeOCq+ODvOODmuODg+ODiOOCkuWVj+OCj+OBmuOBq+OBiuaOg+mZpOOBp+OBjeOCi+mrmOOBhOmbhuWhteWKm+OAgjxicj4gIOOAgOOAgOOAgOW+jOaWuTkwwrDjg7vlt6blj7MxNjDCsOOBq+WCvuOBkeOCieOCjOOCi+OAgumDqOWxi+OBrumaheOChOWutuWFt+OBruS4i+OBquOBqeOCguewoeWNmOOBq+OBiuaOg+mZpCE8YnI+ICDjgIA8Yj7jg7vjg4/jg7Pjg4fjgqPjgr/jgqTjg5c8L2I+PGJyPiAg44CA44CA44CA44K944OV44Kh44Gu44GZ44GN6ZaT44O744OG44O844OW44Or44Gu5LiK44Gq44Gp44CB54ut44GE5aC05omA44O75bGK44GN44Gr44GP44GE5aC05omA44KC44Op44Kv44Op44Kv44GK5o6D6Zmk44CCPGJyPiAg44CA44CA44CA44OW44Op44K344OO44K644Or44KS5Y+W44KK5LuY44GR44KM44Gw44CB6LK844KK5LuY44GE44Gf6aCR5Zu644Gq5rGa44KM44KC5pOm44KK44Gq44GM44KJ5ZC45byV44CCPGJyPiAg4pagPGI+44Kz44O844OJ44Os44K544Gq44Gu44Gr44OP44Kk44OR44Ov44O844Gq5ZC45byV5Yqb44Gu56eY5a+G44Gv44CB5aSn5a656YeP44Gu5YWF6Zu75rGg44CCPC9iPjxicj4gIOOAgOOCs+ODvOODieODrOOCueOBquOBruOBp+OBiumDqOWxi+OBruenu+WLleOCguiHqueUseiHquWcqOOBp+OBmeOAgu+8iOmBi+i7ouaZgumWk++8mjHlm57jga7lhYXpm7vjgafntIQxOO+9njIw5YiG77yJPGRpdiBzdHlsZT0ndGV4dC1hbGlnbjpjZW50ZXI7Jz4gICAgICA8aW1nIGFsdD0n6Zai6YCj5ZWG5ZOB44Gv44GT44Gh44KJJyBib3JkZXI9JzAnIHNyYz0naHR0cDovL2ltYWdlLnJha3V0ZW4uY28uanAvYmljY2FtZXJhL2NhYmluZXQvbnMvY29tbW9uL2thbnJlbi5naWYnIC8+ICA8L2Rpdj48ZGl2IHN0eWxlPSd0ZXh0LWFsaWduOmNlbnRlcjttYXJnaW4tdG9wOjEwcHg7Jz4gICAgICA8aW1nIGFsdD0n44Kr44Op44O844OQ44Oq44Ko44O844K344On44Oz44O75ZCM5LiA6KaP5qC844Gq44Gp44Gv44GT44Gh44KJJyBib3JkZXI9JzAnIHNyYz0naHR0cDovL2ltYWdlLnJha3V0ZW4uY28uanAvYmljY2FtZXJhL2NhYmluZXQvbnMvY29tbW9uL2NvbG9yLmdpZicgLz4gIDwvZGl2PjxkaXYgaWQ9J3NwMTUnPjx0YWJsZSBiZ2NvbG9yPScjRkZGRkZGJyBib3JkZXI9JzAnIGNlbGxwYWRkaW5nPScwJyBjZWxsc3BhY2luZz0nMic+PHRyPjx0ZCBjbGFzcz0nc3VidGl0bGUnIGNvbHNwYW49JzInPuapn+iDvemgheebrjwvdGQ+PC90cj48dHI+PHRkIGNsYXNzPSdzdGl0bGUnPuiJsjwvdGQ+PHRkIGNsYXNzPSdzZGF0YSc+77yIUEvvvInjg5Tjg7Pjgq/jg6Hjgr/jg6rjg4Pjgq88L3RkPjwvdHI+PHRyPjx0ZCBjbGFzcz0nc3RpdGxlJz7mnKzkvZPjgrXjgqTjgrrvvIjpq5jjgZXDl+W5hcOX5aWl6KGM77yJPC90ZD48dGQgY2xhc3M9J3NkYXRhJz4xMTIww5cyNTDDlzE1N21tPC90ZD48L3RyPjx0cj48dGQgY2xhc3M9J3N0aXRsZSc+5pys5L2T6YeN6YePPC90ZD48dGQgY2xhc3M9J3NkYXRhJz7ntIQyLjJrZzwvdGQ+PC90cj48dHI+PHRkIGNsYXNzPSdzdGl0bGUnPua2iOiyu+mbu+WKmzwvdGQ+PHRkIGNsYXNzPSdzZGF0YSc+ODVX77yI6YGL6Lui5pmC77yJPC90ZD48L3RyPjx0cj48dGQgY2xhc3M9J3N0aXRsZSc+44Kz44O844OJ44K/44Kk44OXPC90ZD48dGQgY2xhc3M9J3NkYXRhJz7jgrPjg7zjg4njg6zjgrk8L3RkPjwvdHI+PHRyPjx0ZCBjbGFzcz0nc3RpdGxlJz7jg5jjg4Pjg4nnqK7poZ48L3RkPjx0ZCBjbGFzcz0nc2RhdGEnPuWbnui7ouW8j+ODluODqeOCtzwvdGQ+PC90cj48dHI+PHRkIGNsYXNzPSdzdGl0bGUnPumBi+i7oumfszwvdGQ+PHRkIGNsYXNzPSdzZGF0YSc+NzdkQuS7peS4izwvdGQ+PC90cj48dHI+PHRkIGNsYXNzPSdzdGl0bGUnPuaOg+mZpOapn+OCv+OCpOODlzwvdGQ+PHRkIGNsYXNzPSdzZGF0YSc+44K144Kk44Kv44Ot44Oz5byPPC90ZD48L3RyPjx0cj48dGQgY2xhc3M9J3N0aXRsZSc+6ZuG44GY44KT5a656YePPC90ZD48dGQgY2xhc3M9J3NkYXRhJz7ntIQwLjhMPC90ZD48L3RyPjx0cj48dGQgY2xhc3M9J3N0aXRsZSc+44Gd44Gu5LuWPC90ZD48dGQgY2xhc3M9J3NkYXRhJz7vvLvlhYXpm7vmmYLplpPvvL3ntIQ2772eOOaZgumWkzwvdGQ+PC90cj48L3RhYmxlPjwvZGl2Pg==,44CQ6YCB5paZ54Sh5paZ44CRIOOCouODlOODg+OCr+OCuSAyaW4x5YWF6Zu75byP44Kz44O844OJ44Os44K544Kv44Oq44O844OK44O844CAQUNWLTkxMi1QSyDjg5Tjg7Pjgq/jg6Hjgr/jg6rjg4Pjgq9bQUNWOTEyXe+8muODk+ODg+OCr+OCq+ODoeODqealveWkqeW4guWgtOW6lw==,44CQ6YCB5paZ54Sh5paZ44CRIOOCouODlOODg+OCr+OCuSAyaW4x5YWF6Zu75byP44Kz44O844OJ44Os44K544Kv44Oq44O844OK44O844CAQUNWLTkxMi1QSyDjg5Tjg7Pjgq/jg6Hjgr/jg6rjg4Pjgq9bQUNWOTEyXQ==,QXBwU3RvcmUvQW5kcm9pZE1hcmtldOOBp+ODk+ODg+OCr+alveWkqeOCkuaknOe0ouOAguOAkOmAgeaWmeeEoeaWmeOAkSDjgqLjg5Tjg4Pjgq/jgrkgMmluMeWFhembu+W8j+OCs+ODvOODieODrOOCueOCr+ODquODvOODiuODvOOAgEFDVi05MTItUEsg44OU44Oz44Kv44Oh44K/44Oq44OD44KvW0FDVjkxMl0=[rn]
37-97089,aHR0cDovL3RzaG9wLnIxMHMuanAvYmljY2FtZXJhL2NhYmluZXQvcHJvZHVjdC8yNDk1LzAwMDAwMDAzNTQzODYzX2EwMS5qcGc/Zml0aW49NzAwOjcwMA==,NDA0MzUuMjAwMA==,,5a626Zu7ID4g55Sf5rS75a626Zu7ID4g5o6D6Zmk5qmf44O744Kv44Oq44O844OK44O8ID4g5o6D6Zmk5qmf,44CQ44GC44GZ5qW95a++6LGh44CR44CQ6YCB5paZ54Sh5paZ44CRIOOCt+ODo+ODvOODlyDjgrnjg4bjgqPjg4Pjgq/lnovjgrPjg7zjg4njg6zjgrnjgrXjgqTjgq/jg63jg7PlvI/mjoPpmaTmqZ8g44CMUkFDVElWReOAgEFpcuOAjSAgRUMtQTFSLVAg44OU44Oz44Kv57O7,,PCEtLSAtLT48Yj7jgq3jg6zjgqTjgaPjgabjgIHmpb3jgZfjgYTjgILotoXou73ph4/jgrPjg7zjg4njg6zjgrnjgrnjg4bjgqPjg4Pjgq/mjoPpmaTmqZ/jgII8L2I+PGJyPjxicj7ilqA8Yj7mqJnmupbos6rph48xLjVrZ+OBqOOBhOOBhui7veOBleOBp+ODqeOCr+ODqeOCr+OBiuaOg+mZpDwvYj48YnI+44CA44O76Iiq56m65qmf44KE44Ot44Kx44OD44OI44Gr5o6h55So44GV44KM44Gm44GE44KL44OJ44Op44Kk44Kr44O844Oc44Oz562J44Gu5o6h55So44Gr44KI44KK44CB6ama44GN44Gu6Lu96YeP5YyW44KS5a6f54++44GX44Gm44GE44G+44GZ44CCPGJyPjxicj7ilqA8Yj7lpJrlvanjgarjg47jgrrjg6vjga7ntYTjgb/lkIjjgo/jgZvjgaflrrbjgZjjgoXjgYbjgq3jg6zjgqQ8L2I+PGJyPuOAgOODu+OBneOCjOOBnuOCjOOBruOBiuaOg+mZpOOBrueJueaAp+OBq+OBguOCj+OBm+OBn+ODjuOCuuODq+OBruOCq+OCv+ODgeOBp+OAgeWutuOBmOOCheOBhuOCkui7veW/q+OBq+OBiuaOg+mZpOOBmeOCi+OBk+OBqOOBjOOBp+OBjeOBvuOBmeOAgjxicj48YnI+4pagPGI+6Lu96YeP44Gq44GM44KJ5by35Yqb44OR44Ov44O844Gu6YGg5b+D5YiG6Zui44K144Kk44Kv44Ot44OzPC9iPjxicj7jgIDjg7vjgrPjg7zjg4nku5jjgY3jgrXjgqTjgq/jg63jg7PmjoPpmaTmqZ/jgajlkIzjgZjjg6zjg5njg6vjga7lvLflipvjg5Hjg6/jg7zjgpLnmbrmj67jgZfjgIHlvq7ntLDjgarjg4/jgqbjgrnjg4Djgrnjg4jjgoLpgIPjgZfjgb7jgZvjgpPjgII8L2I+PGRpdiBzdHlsZT0ndGV4dC1hbGlnbjpjZW50ZXI7Jz4gICAgICA8aW1nIGFsdD0n6Zai6YCj5ZWG5ZOB44Gv44GT44Gh44KJJyBib3JkZXI9JzAnIHNyYz0naHR0cDovL2ltYWdlLnJha3V0ZW4uY28uanAvYmljY2FtZXJhL2NhYmluZXQvbnMvY29tbW9uL2thbnJlbi5naWYnIC8+ICA8L2Rpdj48ZGl2IHN0eWxlPSd0ZXh0LWFsaWduOmNlbnRlcjttYXJnaW4tdG9wOjEwcHg7Jz4gICAgICA8aW1nIGFsdD0n44Kr44Op44O844OQ44Oq44Ko44O844K344On44Oz44O75ZCM5LiA6KaP5qC844Gq44Gp44Gv44GT44Gh44KJJyBib3JkZXI9JzAnIHNyYz0naHR0cDovL2ltYWdlLnJha3V0ZW4uY28uanAvYmljY2FtZXJhL2NhYmluZXQvbnMvY29tbW9uL2NvbG9yLmdpZicgLz4gIDwvZGl2PjxkaXYgaWQ9J3NwMTUnPjx0YWJsZSBiZ2NvbG9yPScjRkZGRkZGJyBib3JkZXI9JzAnIGNlbGxwYWRkaW5nPScwJyBjZWxsc3BhY2luZz0nMic+PHRyPjx0ZCBjbGFzcz0nc3VidGl0bGUnIGNvbHNwYW49JzInPuapn+iDvemgheebrjwvdGQ+PC90cj48dHI+PHRkIGNsYXNzPSdzdGl0bGUnPuS7leanmDwvdGQ+PHRkIGNsYXNzPSdzZGF0YSc+4pag5pys5L2T5aSW5b2i5a+45rOV77yaIOW5hTIyMsOX5aWl6KGMMjIww5fpq5jjgZU5ODBtbTxicj7ilqDmqJnmupbos6rph4/vvJog57SEMS41a2fvvIjlkLjovrzlj6Pjg7vjg5HjgqTjg5fjg7vmnKzkvZPjg7vjg5Djg4Pjg4bjg6rjg7zlkKvjgoDvvIk8YnI+4pag6Zu75rqQ5pa55byP77yaIOWFhembu+W8j++8iOODquODgeOCpuODoOOCpOOCquODs+mbu+axoCAxOFbvvIk8YnI+4pag5raI6LK76Zu75Yqb77yaIOWFhembu+S4rSDntIQ0MFfjgIHlhYXpm7vlrozkuoblvowg57SEMC41Vzxicj7ilqDlhYXpm7vmmYLplpPvvJog57SEODDliIY8YnI+4pag5pyA6ZW36YCj57aa6YGL6Lui5pmC6ZaT77yaIOe0hDMw5YiG77yI5qiZ5rqW44Oi44O844OJ77yJ44CB57SEOOWIhu+8iOW8t+ODouODvOODie+8iTxicj7ilqDpm4bjgZjjgpPlrrnnqY3vvJog57SEMC4xM0w8YnI+PC90ZD48L3RyPjwvdGFibGU+PC9kaXY+,44CQ44GC44GZ5qW95a++6LGh44CR44CQ6YCB5paZ54Sh5paZ44CRIOOCt+ODo+ODvOODlyDjgrnjg4bjgqPjg4Pjgq/lnovjgrPjg7zjg4njg6zjgrnjgrXjgqTjgq/jg63jg7PlvI/mjoPpmaTmqZ8g44CMUkFDVElWReOAgEFpcuOAjSAgRUMtQTFSLVAg44OU44Oz44Kv57O777ya44OT44OD44Kv44Kr44Oh44Op5qW95aSp5biC5aC05bqX,44CQ44GC44GZ5qW95a++6LGh44CR44CQ6YCB5paZ54Sh5paZ44CRIOOCt+ODo+ODvOODlyDjgrnjg4bjgqPjg4Pjgq/lnovjgrPjg7zjg4njg6zjgrnjgrXjgqTjgq/jg63jg7PlvI/mjoPpmaTmqZ8g44CMUkFDVElWReOAgEFpcuOAjSAgRUMtQTFSLVAg44OU44Oz44Kv57O7,44CQ44GC44GZ5qW95a++6LGh44CR44CQ6YCB5paZ54Sh5paZ44CRIOOCt+ODo+ODvOODlyDjgrnjg4bjgqPjg4Pjgq/lnovjgrPjg7zjg4njg6zjgrnjgrXjgqTjgq/jg63jg7PlvI/mjoPpmaTmqZ8g44CMUkFDVElWReOAgEFpcuOAjSAgRUMtQTFSLVAg44OU44Oz44Kv57O7[rn]
37-97090,aHR0cDovL3RzaG9wLnIxMHMuanAvYmljY2FtZXJhL2NhYmluZXQvcHJvZHVjdC8yNjY2LzAwMDAwMDAzNjEzMTgwX2EwMS5qcGc/Zml0aW49NzAwOjcwMA==,NjAzMC40MDAw,,5a626Zu7ID4g55Sf5rS75a626Zu7ID4g5o6D6Zmk5qmf44O744Kv44Oq44O844OK44O8ID4g5o6D6Zmk5qmf,44CQ6YCB5paZ54Sh5paZ44CRIOOCouODnuODgOODiiAyMDE35bm0YW1hZGFuYeWutuS6izLngrnjgrvjg4Pjg4gg44CQ44K544OG44Kj44OD44Kv5Z6L44K144Kk44Kv44Ot44Oz5byP5o6D6Zmk5qmfICvjg4/jg7Pjg4fjgqPjgqLjgqTjg63jg7PvvIbjgrnjg4Hjg7zjg57jg7zjgJE=,,PCEtLSAtLT48Yj5hbWFkYW5h44CMVEFHIGxpbmXjgI3jgrnjg4bjgqPjg4Pjgq/lnovmjoPpmaTmqZ/jg7vjg4/jg7Pjg4fjgqPjgqLjgqTjg63jg7PvvIbjgrnjg4Hjg7zjg57jg7zjga7jgYrosrfjgYTlvpfjgaoy54K544K744OD44OI44Gn44GZ44CCPC9iPjxicj48YnI+4pagPGI+44K544OG44Kj44OD44Kv5Z6L44K144Kk44Kv44Ot44Oz5byP5o6D6Zmk5qmfIOOAjFRBRyBsaW5l44CN44CAQVQtVEMxMS1XIOODm+ODr+OCpOODiDwvYj48YnI+44CA44O744K544OG44Kj44OD44Kv44OR44Kk44OX44KS5aSW44GX44Gm44OP44Oz44OH44Kj44Gn44KC5L2/55So44Gn44GN44KLMldBWeOCv+OCpOODlzxicj7jgIDjg7vnsKHljZjjgrTjg5/mjajjgabmqZ/og73ku5jjgY08YnI+44CA44O757SZ44OR44OD44Kv5LiN6KaB44Gn57WM5riI55qEPGJyPuOAgOODu+ODgOOCueODiOOCseODvOOCueOBr+S4uOa0l+OBhOWPrzxicj7jgIDjg7vlj47ntI3jgZfjgoTjgZnjgYToh6rnq4vjgr/jgqTjg5c8YnI+PGJyPuKWoDxiPuODj+ODs+ODh+OCo+OCouOCpOODreODs++8huOCueODgeODvOODnuODvCDjgIxUQUcgbGluZeOAjeOAgEFULVNBMTEtVyDjg5vjg6/jgqTjg4g8L2I+PGJyPuOAgOODu+e4puOBq+mFjeWIl+OBleOCjOOBn+OCueODgeODvOODoOeptOOBi+OCieWuieWumuOBl+OBn+OCueODgeODvOODoOOCkuS+m+e1puOBl+OBo+OBi+OCiuOAjOOBl+OCj+OAjeOBruOBiuaJi+WFpeOCjDxicj7jgIDjg7vjg5bjg6njgrfjgpLlpJbjgZfjgablsI/lnovjgrnjg4Hjg7zjg6DjgqLjgqTjg63jg7PjgajjgZfjgabjgoLkvb/nlKjjgafjgY3jgosyV0FZ44K/44Kk44OXPGJyPuOAgOODu+i7vemHj++8iOe0hDYwMGfvvInjgafkvb/jgYTjgoTjgZnjgYQ8YnI+44CA4oC744K544OB44O844Og44Oc44K/44Oz44KS5oq844GZ5bqm44Gr57SEMeenkumWk+OCueODgeODvOODoOOBjOWHuuOBvuOBmTxicj48ZGl2IGlkPSdzcDE1Jz48dGFibGUgYmdjb2xvcj0nI0ZGRkZGRicgYm9yZGVyPScwJyBjZWxscGFkZGluZz0nMCcgY2VsbHNwYWNpbmc9JzInPjx0cj48dGQgY2xhc3M9J3N1YnRpdGxlJyBjb2xzcGFuPScyJz7mqZ/og73poIXnm648L3RkPjwvdHI+PHRyPjx0ZCBjbGFzcz0nc3RpdGxlJz7ku5Xmp5g8L3RkPjx0ZCBjbGFzcz0nc2RhdGEnPuOAkOOCueODhuOCo+ODg+OCr+Wei+OCteOCpOOCr+ODreODs+W8j+aOg+mZpOapnyDjgIxUQUcgbGluZeOAjeOAgEFULVRDMTEtVyDjg5vjg6/jgqTjg4jjgJE8YnI+4pag44K144Kk44K677yaIOW5hTIzMMOX5aWl6KGMMTU1w5fpq5jjgZUxMDUwbW08YnI+4pag6YeN6YeP77yaIDEuN2tnPGJyPuKWoOmbhuWhteWuuemHj++8miAwLjVMPGJyPuKWoOmBi+i7oumfs++8miA3OGRC5Lul5LiLPGJyPuKWoOmbu+a6kO+8miBBQzEwMFYgNTBIei82MEh6PGJyPuKWoOa2iOiyu+mbu+WKm++8miA1MDBXPGJyPuKWoOmBi+i7oumfs++8miA3OGRC5Lul5LiLPGJyPuKWoOmbhuWhteaWueW8j++8miDjgrXjgqTjgq/jg63jg7PlvI88YnI+4pag6Zu75rqQ44Kz44O844OJ6ZW377yaICDntIQ1LjBtPGJyPuKWoOOCueOCpOODg+ODge+8miDjgrnjg6njgqTjg4nlvI88YnI+4pag5ZC46L685LuV5LqL546H77yaIDEwMFc8YnI+PGhyPuOAkOODj+ODs+ODh+OCo+OCouOCpOODreODs++8huOCueODgeODvOODnuODvCDjgIxUQUcgbGluZeOAjeOAgEFULVNBMTEtVyDjg5vjg6/jgqTjg4jjgJE8YnI+4pag44K144Kk44K677yaIOW5hTM0NcOX5aWl6KGMNzbDl+mrmOOBlTk2bW08YnI+4pag6YeN6YeP77yaIDY0MGc8YnI+4pag5a656YeP77yaIDEwMG1sPGJyPuKWoOmbu+a6kO+8miBBQzEwMFYgNTBIei82MEh6PGJyPuKWoOOBi+OBkemdouW6g+OBle+8miDluYU1NsOX5aWl6KGMMTI0bW3vvIjntIQ2NWNtMu+8iTxicj7ilqDooajpnaLvvJog44K744Op44Of44OD44Kv5Yqg5belPGJyPuKWoOWZtOWHuuWuuemHj++8miDntIQwLjNnL+Wbnjxicj7ilqDjgrnjg4Hjg7zjg6DlmbTlh7rlj6PvvJogNuWAizxicj7ilqDjgYvjgZHpnaLmuKnluqbvvJog6auYIDE5MOKEg++9pOS4rSAxNTDihIPvvaTkvY4gMTAw4oSDPGJyPuKWoOmbu+a6kOOCs+ODvOODie+8miDntIQyLjVtPGJyPuKWoOOCueODgeODvOODoOWZtOmcp+aWueW8j++8miDljZjnmbrjgrfjg6fjg4Pjg4jjgrnjg4Hjg7zjg6A8YnI+PC90ZD48L3RyPjwvdGFibGU+PC9kaXY+,44CQ6YCB5paZ54Sh5paZ44CRIOOCouODnuODgOODiiAyMDE35bm0YW1hZGFuYeWutuS6izLngrnjgrvjg4Pjg4gg44CQ44K544OG44Kj44OD44Kv5Z6L44K144Kk44Kv44Ot44Oz5byP5o6D6Zmk5qmfICvjg4/jg7Pjg4fjgqPjgqLjgqTjg63jg7PvvIbjgrnjg4Hjg7zjg57jg7zjgJHvvJrjg5Pjg4Pjgq/jgqvjg6Hjg6nmpb3lpKnluILloLTlupc=,44CQ6YCB5paZ54Sh5paZ44CRIOOCouODnuODgOODiiAyMDE35bm0YW1hZGFuYeWutuS6izLngrnjgrvjg4Pjg4gg44CQ44K544OG44Kj44OD44Kv5Z6L44K144Kk44Kv44Ot44Oz5byP5o6D6Zmk5qmfICvjg4/jg7Pjg4fjgqPjgqLjgqTjg63jg7PvvIbjgrnjg4Hjg7zjg57jg7zjgJE=,44CQ6YCB5paZ54Sh5paZ44CRIOOCouODnuODgOODiiAyMDE35bm0YW1hZGFuYeWutuS6izLngrnjgrvjg4Pjg4gg44CQ44K544OG44Kj44OD44Kv5Z6L44K144Kk44Kv44Ot44Oz5byP5o6D6Zmk5qmfICvjg4/jg7Pjg4fjgqPjgqLjgqTjg63jg7PvvIbjgrnjg4Hjg7zjg57jg7zjgJE=[rn]
37-97091,aHR0cDovL3RzaG9wLnIxMHMuanAvYmljY2FtZXJhL2NhYmluZXQvcHJvZHVjdC8yMTAyLzAwMDAwMDAzMzM5MDU1X2EwMS5qcGc/Zml0aW49NzAwOjcwMA==,MzQ0MzguNDAwMA==,,5a626Zu7ID4g55Sf5rS75a626Zu7ID4g5o6D6Zmk5qmf44O744Kv44Oq44O844OK44O8ID4g5o6D6Zmk5qmf,44CQ6YCB5paZ54Sh5paZ44CRIOOCt+ODo+ODvOODlyDjgrnjg4bjgqPjg4Pjgq/lnovjgrPjg7zjg4njg6zjgrnjgrXjgqTjgq/jg63jg7PmjoPpmaTmqZ8g44CM44OR44Ov44O844K144Kk44Kv44Ot44OzIOODleODquODvOODieOAjeOAgEVDLVNYNTIwLVkg44Kk44Ko44Ot44O857O7W0VDU1g1MjBd,,PCEtLSAtLT48Yj7mpa3nlYzliJ3jgIHlm73lhoXlrrbluq3nlKjjgrPjg7zjg4njg6zjgrnmjoPpmaTmqZ/jgavpm7vli5Xjg5Hjg6/jg7zjgqLjgrfjgrnjg4jlsILnlKjjg6Ljg7zjgr/jg7zmkK3ovInjgII8QlI+44OY44OD44OJ44GM6LWw44KL44CC5o6D6Zmk44GM5aSJ44KP44KL44CCPC9iPjxCUj48QlI+4pagPGI+44OY44OD44OJ44GMIOOAjOi1sOOCi+OAjSDjg5Hjg6/jg7zjgqLjgrfjgrnjg4jmqZ/og70g44CMZS3jg4njg6njgqTjg5bjgI08L2I+PEJSPuOAgOWQuOi+vOWPo+OBruijj+WBtOOBq+WwgueUqOODouODvOOCv+ODvOOBp+mnhuWLleOBmeOCi+i1sOihjOi7iui8quOCkuaQrei8ieOAguODj+ODs+ODieODq+OBq+aJi+OCkuOBneOBiOOCi+OBoOOBkeOBp+aOg+mZpOapn+OBjOOCsOODs+OCsOODs+WJjeOBq+i1sOOCi+OBruOBp+OAgei7veOBhOWKm+OBp+OCueOCpOOCueOCpOOBiuaOg+mZpOOBmeOCi+OBk+OBqOOBjOOBp+OBjeOBvuOBmeOAgjxCUj48QlI+4pagPGI+5bqK44Gu5b6u57Sw44Gq44GU44G/44KS6YCD44GV44Ga5by35Yqb44Gr44Kt44Oj44OD44OB44GZ44KLIOOAjOmrmOWcp+WQuOW8leODjuOCuuODq+OAjTwvYj48QlI+44CA5ZC45byV6YOo44KS44K544Oq44OD44OI54q244Gr57We44KL44GT44Go44Gn44CB5ZC46L685Y+j44Gu5YaF6YOo5Zyn5Yqb44GM6auY44G+44KK44CB5pmC6YCf57SEMTAwa23jga7pq5jpgJ/lkLjmsJfpoqjjgYznmbrnlJ/jgILluorjga7lvq7ntLDjgarjgZTjgb/jgpLlvLflipvjgavlkLjjgYTlj5bjgorjgb7jgZnjgII8QlI+PEJSPuKWoDxiPumDqOWxi+OBruWjgeOBjuOCj+OBq+OBn+OBvuOCiuOChOOBmeOBhOe2v+ODnOOCs+ODquOBr+i7n+izque0oOadkOOBruODkOODs+ODkeODvOOBruWDjeOBjeOBp+mAg+OBleOBmuOCreODo+ODg+ODgTwvYj48QlI+44CA44OQ44Oz44OR44O844KS5aOB44Gr5oq844GX44Gk44GR44KL44Go44CB5aOB44Go44OY44OD44OJ44Gu6ZaT44Gu5a+G6ZaJ5oCn44GM6auY44G+44KK44CB5aOB44GO44KP44Gu44GU44G/5Y+W44KK5oCn6IO944GM5ZCR5LiK44GX44G+44GZ44CCPEJSPjxCUj7ilqA8Yj7lvLflipvjg5Hjg6/jg7zjgYzmjIHntprjgZnjgosg44CM6YGg5b+D5YiG6Zui44OR44Ov44O844K144Kk44Kv44Ot44Oz44CNPC9iPjxCUj48QlI+4pagPGI+MuOBpOOBruODkOODg+ODhuODquODvOOCkuS6pOaPm+OBl+OBpuS9v+OBiOOCi+OBi+OCieacgOmVtzYw5YiG6YGL6LuiPC9iPjxCUj7jgIDjg5Djg4Pjg4bjg6rjg7zjgYwy5YCL44GC44KL44GL44KJ44CB44GK5o6D6Zmk44GX44Gq44GM44KJ5YWF6Zu744GM44Gn44GN44G+44GZ44CC5Lqk5LqS44Gr5YWF6Zu744O75L2/55So44GZ44KL44GT44Go44Gn44CB5Yq5546H44KI44GP6ZW35pmC6ZaT44Gu44GK5o6D6Zmk44GM5Y+v6IO944Gn44GZ44CCPEJSPjxCUj7ilqA8Yj7mgKXpgJ/lhYXpm7vjgpLlrp/nj77jgZfjgZ8g44CM44K744OR44Os44O844OI44O744OB44Oj44O844K444CNPC9iPjxCUj7jgIDmnKzkvZPjgYvjgonjg5Djg4Pjg4bjg6rjg7zjgpLlj5bjgorlpJbjgZfjgabmgKXpgJ/lhYXpm7vlm57ot6/jgpLmkK3ovInjgZfjgZ/lhYXpm7vlmajjgavlt67jgZfovrzjgoDjgaDjgZHjgILnn63mmYLplpPjgafjgqvjg7Pjgr/jg7PjgavlhYXpm7vjgafjgY3jgb7jgZnjgII8QlI+PEJSPuKWoDxiPuOCteODg+OBqOe9ruOBhOOBpuOAgeOCteODg+OBqOS9v+OBiOOCiyDjgIzjg57jgrjjg4Pjgq/jg5Djg6njg7PjgrnjgI08L2I+PEJSPuOAgDxiPuWjgeOBq+eri+OBpuOBi+OBkeOBquOBj+OBpuOCguiHqueri+OBmeOCi+OAgjwvYj48QlI+44CA44CA44Oi44O844K/44O844KE44OQ44OD44OG44Oq44O844Gq44Gp44Gu6YWN572u44KS6KaL55u044GX44Gm6YeN5b+D44OQ44Op44Oz44K544KS5pyA6YGp5YyW44CC5pys5L2T44KS56uL44Gm44KL44Go44K544OD44Go6Ieq56uL44GX44G+44GZ44CC44GV44KJ44Gr44CB5omL44G444Gu6LKg5ouF44GM5rib44Gj44Gm6Lu944KE44GL44Gr5L2/44GG44GT44Go44GM44Gn44GN44G+44GZ44CCPEJSPuOAgDxiPuacrOS9k+OCkueri+OBpuOCi+OBoOOBkeOBp+mBi+i7ouOCueODiOODg+ODl+OAgjwvYj48QlI+44CA44CA44GK5o6D6Zmk44KS5Lit5pat44GZ44KL44Go44GN5pys5L2T44KS56uL44Gm44KL44Go5LiA5pmC5YGc5q2i44GX44Gm44CB5pys5L2T44KS5YCS44GZ44Go6YGL6Lui44KS5YaN6ZaL44GZ44KL44K544K/44Oz44OQ44Kk5qmf6IO944KS5pCt6LyJ44CC44Gd44Gu44Gk44Gp6Zu75rqQ44Oc44K/44Oz44KS5oq844GZ5omL6ZaT44GM55yB44GR44G+44GZ44CCPEJSPjxCUj7ilqA8Yj7jg5fjg6njgrrjg57jgq/jg6njgrnjgr/jg7zjgafjgrnjg4Pjgq3jg6rjgZTjgb/mjajjgaY8L2I+PEJSPuOAgOODgOOCueODiOOCq+ODg+ODl+WGheOBq+ODl+ODqeOCuuODnuOCr+ODqeOCueOCv+ODvOOCpOOCquODs+OCkuaUvuWHuuOAgumdmembu+awl+OCkuaKkeOBiOOBpuOCueODg+OCreODquOBlOOBv+OCkuaNqOOBpuOCi+OBk+OBqOOBjOOBp+OBjeOBvuOBmeOAgjxCUj48QlI+4pagPGI+55uu44Gr6KaL44GI44Gq44GE44GU44G/44G+44Gn5YWJ44Gj44Gm44GK55+l44KJ44GbIOOAjOi1pOWklue3muOCtOODn+OCu+ODs+OCteODvOOAjTwvYj48QlI+44CA6Ieq5YuV44Oi44O844OJ5pmC44Gv5rGa44KM44Gr5b+c44GY44Gm44OR44Ov44O844KS44Kz44Oz44OI44Ot44O844Or44CC5Yq5546H44KI44GP5o6D6Zmk44GM44Gn44GN44G+44GZ44CCPEJSPjxCUj7ilqA8Yj7kvb/jgYbkurrjgavjgoTjgZXjgZfjgYQg44CM44G144KT44KP44KK5o6S5rCX44CNPC9iPjxCUj7jgIDpq5jmgKfog73jg5fjg6rjg7zjg4Tjg5XjgqPjg6vjgr/jg7zjgacwLjPOvG3ku6XkuIrjga7lvq7ntLDjgarjg5vjgrPjg6rjgpLntIQ5Oe+8heOCreODo+ODg+ODgeOAguOBvuOBn+OAgUFnKyDjgqLjg6zjg6vjg4fjgqPjg5Xjgqfjg7Pjgrnjg5XjgqPjg6vjgr/jg7zjgavjgojjgorjgIHmjpLmsJfjgavlkKvjgb7jgozjgovjgqLjg6zjg6vnianos6rjgpLmipHliLbjgILjgZXjgonjgavjgIHouqvkvZPjgavjgYLjgZ/jgovjgajkuI3lv6vjgarmjpLmsJfpoqjjgoLlvLHjgoHjgabmlL7lh7rjgZfjgb7jgZnjgII8QlI+PEJSPuKWoDxiPuOCq+ODs+OCv+ODs+OBlOOBv+aNqOOBpu+8huOBiuaJi+WFpeOCjDwvYj48QlI+44CA44GU44G/5o2o44Gm44Gv44Kr44OD44OX44KS5pys5L2T44GL44KJ5aSW44GX44Gm44Ov44Oz44K/44OD44OB44Gn5o2o44Gm44KL44Gg44GR44CC5Zue6Lui44OW44Op44K344CB44Kr44OD44OX44KE44OV44Kj44Or44K/44O844KC44G+44KL44GU44Go5rC05rSX44GET0vjgII8ZGl2IHN0eWxlPSd0ZXh0LWFsaWduOmNlbnRlcjsnPiAgICAgIDxpbWcgYWx0PSfplqLpgKPllYblk4Hjga/jgZPjgaHjgoknIGJvcmRlcj0nMCcgc3JjPSdodHRwOi8vaW1hZ2UucmFrdXRlbi5jby5qcC9iaWNjYW1lcmEvY2FiaW5ldC9ucy9jb21tb24va2FucmVuLmdpZicgLz4gIDwvZGl2PjxkaXYgc3R5bGU9J3RleHQtYWxpZ246Y2VudGVyO21hcmdpbi10b3A6MTBweDsnPiAgICAgIDxpbWcgYWx0PSfjgqvjg6njg7zjg5Djg6rjgqjjg7zjgrfjg6fjg7Pjg7vlkIzkuIDopo/moLzjgarjganjga/jgZPjgaHjgoknIGJvcmRlcj0nMCcgc3JjPSdodHRwOi8vaW1hZ2UucmFrdXRlbi5jby5qcC9iaWNjYW1lcmEvY2FiaW5ldC9ucy9jb21tb24vY29sb3IuZ2lmJyAvPiAgPC9kaXY+PGRpdiBpZD0nc3AxNSc+PHRhYmxlIGJnY29sb3I9JyNGRkZGRkYnIGJvcmRlcj0nMCcgY2VsbHBhZGRpbmc9JzAnIGNlbGxzcGFjaW5nPScyJz48dHI+PHRkIGNsYXNzPSdzdWJ0aXRsZScgY29sc3Bhbj0nMic+5qmf6IO96aCF55uuPC90ZD48L3RyPjx0cj48dGQgY2xhc3M9J3N0aXRsZSc+5LuV5qeYPC90ZD48dGQgY2xhc3M9J3NkYXRhJz7ilqDlvaLlkI3vvJogRUMtU1g1MjA8QlI+4pag44OQ44OD44OG44Oq44O85ZCM5qKx77yaIDLlgIs8QlI+4pag6YGg5b+D5YiG6Zui44K144Kk44Kv44Ot44Oz77yaIOKXizxCUj7ilqDjg57jgrjjg4Pjgq/jg5Djg6njg7PjgrnvvJog4peLPEJSPuKWoOOCu+ODkeODrOODvOODiOODu+ODgeODo+ODvOOCuO+8miDil4sg77yI5pyA6ZW3NjDliIbpgYvou6Ljg7s4MOWIhuWFhembu++8iTxCUj7ilqDlkLjovrzlj6PvvJo8QlI+44CA44O75YaF6JS144Oi44O844K/44O877yaIDLlgIsg77yI44OW44Op44K35Zue6Luiw5cxICYg6Zu75YuV44Ki44K344K544OIw5cx77yJPEJSPuOAgOODu+Wjgemam+ODu+W+rue0sOWhteWvvuW/nO+8miDil44g77yI6auY5Zyn5ZC45byV44OO44K644Or77yJPEJSPuOAgOODu+aOg+mZpOOCouOCt+OCueODiO+8miDimIXimIUg6Zu75YuV44Ki44K344K544OIIO+8iOODkeODr+ODvOODieODqeOCpOODlu+8iTxCUj7jgIDjg7vmi63jgY3mjoPpmaTvvJog4peO77yI5bqK44G/44GM44GN77yJPEJSPuKWoOi1pOWklue3muOCtOODn+OCu+ODs+OCteODvO+8miDil4s8QlI+4pag44OX44Op44K644Oe44Kv44Op44K544K/44O877yaIOKXiyDvvIjjg4Djgrnjg4jjgqvjg4Pjg5fpmaTpm7vvvIk8QlI+4pag44Ki44K/44OD44OB44Oh44Oz44OI77yaIOW7tumVt+ODm+ODvOOCueOAgTLmrrXkvLjnuK7jgZnjgY3plpPjg47jgrrjg6vjgIHjgrPjg7Pjg5Hjgq/jg4jjgbXjgajjgpPmjoPpmaTjg5jjg4Pjg4njgIHjg5njg7Pjg6rjg5bjg6njgrc8QlI+4pag6Zu75rqQ5pa55byP77yaIOWFhembu+W8jyDvvIjjg6rjg4Hjgqbjg6DjgqTjgqrjg7Ppm7vmsaDjgIExOFbvvIk8QlI+4pag5raI6LK76Zu75Yqb77yaIOWFhembu+S4re+8mue0hDQwVyAvIOWFhembu+WujOS6huW+jO+8mue0hDAuNVc8QlI+4pag5YWF6Zu75pmC6ZaT77yaIOe0hDgw5YiGIO+8iOODkOODg+ODhuODquODvCAx5YCL77yJPEJSPuKWoOmAo+e2mumBi+i7ouaZgumWk++8mjxCUj7jgIDjg7vntIQ2MCDliIbvvIjmqJnmupbjg6Ljg7zjg4nvvJrntIQzMOWIhsOXMu+8iTxCUj7jgIDjg7vntIQxNiDliIbvvIjlvLfjg6Ljg7zjg4nvvJrntIQ45YiGw5cy77yJPEJSPuOAgOODu+e0hDQwIOWIhu+8iOiHquWLleODouODvOODie+8mue0hDIw5YiGw5cy77yJPEJSPuKWoOmbhuOBmOOCk+Wuueepje+8miAwLjJMPEJSPuKWoOacrOS9k+WkluW9ouWvuOazle+8miDluYUyMzfDl+WlpeihjDIxMsOX6auY44GVMTAzOG1tPEJSPuKWoOaomea6luizqumHj++8miAyLjRrZyDvvIjlkLjovrzlj6Pjg7vjg5HjgqTjg5fjg7vmnKzkvZPjg7vjg5Djg4Pjg4bjg6rjg7zlkKvjgoDvvIk8L3RkPjwvdHI+PC90YWJsZT48L2Rpdj4=,44CQ6YCB5paZ54Sh5paZ44CRIOOCt+ODo+ODvOODlyDjgrnjg4bjgqPjg4Pjgq/lnovjgrPjg7zjg4njg6zjgrnjgrXjgqTjgq/jg63jg7PmjoPpmaTmqZ8g44CM44OR44Ov44O844K144Kk44Kv44Ot44OzIOODleODquODvOODieOAjeOAgEVDLVNYNTIwLVkg44Kk44Ko44Ot44O857O7W0VDU1g1MjBd77ya44OT44OD44Kv44Kr44Oh44Op5qW95aSp5biC5aC05bqX,44CQ6YCB5paZ54Sh5paZ44CRIOOCt+ODo+ODvOODlyDjgrnjg4bjgqPjg4Pjgq/lnovjgrPjg7zjg4njg6zjgrnjgrXjgqTjgq/jg63jg7PmjoPpmaTmqZ8g44CM44OR44Ov44O844K144Kk44Kv44Ot44OzIOODleODquODvOODieOAjeOAgEVDLVNYNTIwLVkg44Kk44Ko44Ot44O857O7W0VDU1g1MjBd,44CQ6YCB5paZ54Sh5paZ44CRIOOCt+ODo+ODvOODlyDjgrnjg4bjgqPjg4Pjgq/lnovjgrPjg7zjg4njg6zjgrnjgrXjgqTjgq/jg63jg7PmjoPpmaTmqZ8g44CM44OR44Ov44O844K144Kk44Kv44Ot44OzIOODleODquODvOODieOAjeOAgEVDLVNYNTIwLVkg44Kk44Ko44Ot44O857O7W0VDU1g1MjBd[rn]
37-97092,aHR0cDovL3RzaG9wLnIxMHMuanAvYmljY2FtZXJhL2NhYmluZXQvcHJvZHVjdC8yMDkzLzAwMDAwMDAzMzM1NzE5X2EwMS5qcGc/Zml0aW49NzAwOjcwMA==,OTQ2OC44MDAw,,5a626Zu7ID4g55Sf5rS75a626Zu7ID4g5o6D6Zmk5qmf44O744Kv44Oq44O844OK44O8ID4g5o6D6Zmk5qmf,44CQ6YCB5paZ54Sh5paZ44CRIOODieODquODhuODg+OCryDlhYXpm7vlvI/jgrXjgqTjgq/jg63jg7Pjgq/jg6rjg7zjg4rjg7zjgIzjgq/jg6rjg7Pjgrnjg4jjg7zjg6BM44CN44OU44Oz44KvIFZDLTgwMVBLW1ZDODAxUEtd,,PCEtLSAtLT7ilqAz5pmC6ZaT44Gu44K544OU44O844OJ5YWF6Zu7PEJSPjxCUj7ilqAyNeWIhumAo+e2muS9v+eUqOWPr+iDve+8iOW8seODouODvOODiemBi+i7ouaZgu+8iTxCUj48QlI+4pag552A6ISx44Gn44GN44KL44Oq44OB44Km44Og44Kk44Kq44Oz5YWF6Zu75rGgPEJSPjxCUj7ilqDliKXlo7Ljgorjga7jg5Djg4Pjg4bjg6rjg7zjgpLjgrnjg4jjg4Pjgq/jgZfjgabjgYrjgZHjgbDpm7vmsaDliIfjgozjga7jgajjgY3jgavjgZnjgZDjgavmjoPpmaTjgpLlp4vjgoHjgonjgozjgb7jgZnjgII8QlI+PEJSPuKWoOaal+OBhOWgtOaJgOOCkueFp+OCieOBm+OCi+ODqeOCpOODiOS7mDxCUj48QlI+4pag5Y+W44KK5aSW44Gb44KL44OW44Op44K344Gn44GK5omL5YWl44KM57Ch5Y2YPEJSPjxCUj7ilqDjg4/jg7Pjg4njg6vjgpLmipjjgorjgZ/jgZ/jgoHjgovjga7jgaflj47ntI3jgavkvr/liKnjgafjgZk8QlI+PEJSPuKWoOODouODvOOCv+ODvOWGheiUteODluODqeOCt+S7mOOBjeOBp+W6iumdouOBruOCtOODn+OCkuaOu+OBjeWHuuOBl+OBvuOBmTxCUj48QlI+4pag57SZ44OR44OD44Kv5byP44KI44KK44KC57WM5riI55qE44Gn44GZPGRpdiBzdHlsZT0ndGV4dC1hbGlnbjpjZW50ZXI7Jz4gICAgICA8aW1nIGFsdD0n6Zai6YCj5ZWG5ZOB44Gv44GT44Gh44KJJyBib3JkZXI9JzAnIHNyYz0naHR0cDovL2ltYWdlLnJha3V0ZW4uY28uanAvYmljY2FtZXJhL2NhYmluZXQvbnMvY29tbW9uL2thbnJlbi5naWYnIC8+ICA8L2Rpdj48ZGl2IHN0eWxlPSd0ZXh0LWFsaWduOmNlbnRlcjttYXJnaW4tdG9wOjEwcHg7Jz4gICAgICA8aW1nIGFsdD0n44Kr44Op44O844OQ44Oq44Ko44O844K344On44Oz44O75ZCM5LiA6KaP5qC844Gq44Gp44Gv44GT44Gh44KJJyBib3JkZXI9JzAnIHNyYz0naHR0cDovL2ltYWdlLnJha3V0ZW4uY28uanAvYmljY2FtZXJhL2NhYmluZXQvbnMvY29tbW9uL2NvbG9yLmdpZicgLz4gIDwvZGl2PjxkaXYgaWQ9J3NwMTUnPjx0YWJsZSBiZ2NvbG9yPScjRkZGRkZGJyBib3JkZXI9JzAnIGNlbGxwYWRkaW5nPScwJyBjZWxsc3BhY2luZz0nMic+PHRyPjx0ZCBjbGFzcz0nc3VidGl0bGUnIGNvbHNwYW49JzInPuapn+iDvemgheebrjwvdGQ+PC90cj48dHI+PHRkIGNsYXNzPSdzdGl0bGUnPuS7leanmDwvdGQ+PHRkIGNsYXNzPSdzZGF0YSc+4pag5pys5L2T44K144Kk44K677ya5bmFw5fpq5jjgZXDl+WlpeihjOOBje+8iG1t77yJ77yaMjc1772YMTEzNe+9mDE5MDxCUj7ilqDlhYXpm7vlj7Djgrvjg4Pjg4jmmYLvvJrluYXDl+mrmOOBlcOX5aWl6KGM44GN77yIbW3vvInvvJoyODDvvZgxMTYw772YMjMwPEJSPuKWoOmHjemHj++8mue0hDIzMDDvvYc8QlI+4pag5YWF6Zu75pmC6ZaT77yaM+aZgumWkzxCUj7ilqDpgKPntprli5XkvZzmmYLplpPvvJpIaWdo44CAMTXliIbjgIBMb3fjgIAyNeWIhjxCUj7ilqDjg5Djg4Pjg4bjg6rjg7zku5Xmp5jvvJrjg6rjg4Hjgqbjg6DjgqTjgqrjg7Pjg5Djg4Pjg4bjg6rjg7znnYDohLHlvI88QlI+4pag6ZuG5aG15a656YeP77yaMC41TDxCUj7ilqDlrprmoLzpm7vlnKfvvJoxNC44VjwvdGQ+PC90cj48L3RhYmxlPjwvZGl2Pg==,44CQ6YCB5paZ54Sh5paZ44CRIOODieODquODhuODg+OCryDlhYXpm7vlvI/jgrXjgqTjgq/jg63jg7Pjgq/jg6rjg7zjg4rjg7zjgIzjgq/jg6rjg7Pjgrnjg4jjg7zjg6BM44CN44OU44Oz44KvIFZDLTgwMVBLW1ZDODAxUEtd77ya44OT44OD44Kv44Kr44Oh44Op5qW95aSp5biC5aC05bqX,44CQ6YCB5paZ54Sh5paZ44CRIOODieODquODhuODg+OCryDlhYXpm7vlvI/jgrXjgqTjgq/jg63jg7Pjgq/jg6rjg7zjg4rjg7zjgIzjgq/jg6rjg7Pjgrnjg4jjg7zjg6BM44CN44OU44Oz44KvIFZDLTgwMVBLW1ZDODAxUEtd,44CQ6YCB5paZ54Sh5paZ44CRIOODieODquODhuODg+OCryDlhYXpm7vlvI/jgrXjgqTjgq/jg63jg7Pjgq/jg6rjg7zjg4rjg7zjgIzjgq/jg6rjg7Pjgrnjg4jjg7zjg6BM44CN44OU44Oz44KvIFZDLTgwMVBLW1ZDODAxUEtd[rn]
37-97093,aHR0cDovL3RzaG9wLnIxMHMuanAvYmljY2FtZXJhL2NhYmluZXQvcHJvZHVjdC8xNTYwLzAwMDAwMDAzMTI0MDUyX2EwMS5qcGc/Zml0aW49NzAwOjcwMA==,NzQ5MC40MDAw,,5a626Zu7ID4g55Sf5rS75a626Zu7ID4g5o6D6Zmk5qmf44O744Kv44Oq44O844OK44O8ID4g5o6D6Zmk5qmf,44CQ6YCB5paZ54Sh5paZ44CRIOadseiKnSDjgrnjg4bjgqPjg4Pjgq/jgq/jg6rjg7zjg4rjg7zjgIBWQy1ZODBDLUxbVkNZODBDXQ==,,PCEtLSAtLT7ilqA8Qj7ou73jgY/jgabjgrnjg6rjg6DjgaflvLflipvjg5Hjg6/jg7zvvIHlkLjovrzku5XkuovnjoczMDBX44KS5a6f54++77yB6auY5Yq5546H44Oi44O844K/44O85pCt6LyJPEJSPjwvQj7jgIDnqbrmsJfjga7mtYHjgozjgpLjgrnjg6Djg7zjgrrjgavjgZnjgovpq5jlirnnjofjg6Ljg7zjgr/jg7zmkK3ovInjgafjgIHjgZfjgaTjgZPjgYTmr5vjgrTjg5/jgoLjgZfjgaPjgYvjgorlkLjjgYTovrzjgb/jgb7jgZnjgILli5XjgY3jgYzou73jgY/jgablsI/lm57jgorjg6njgq/jg6njgq/jgIIgPEJSPuKWoDxCPjPjgaTjga7mipfoj4zliqDlt6XjgafjgIHmuIXmvZTmgKfjgpLjg5fjg6njgrnvvIE8L0I+PEJSPuOAgOaJi+WFg+ODluODqeOCt+OAgeODgOOCueODiOOCq+ODg+ODl+OAgeW6iuODluODqeOCt++8iOWbnui7ouODluODqeOCt+mDqO+8ieOBq+aKl+iPjOWKoOW3peOAgjxCUj7ilqA8Qj4y44Gk44Gu44OO44K644Or44Gn44CB44Gp44GT44Gn44KC44Op44Kv44Op44Kv77yB5p2x6Iqd54us6IeqMldBWealvealveODjuOCuuODqzxCUj7ilqDjgrTjg5/mjajjgabjga7jgYrmiYvlhaXjgozjgYznsKHljZjvvIE8L0I+PEJSPuOAgOeJh+aJi+OBp+ODr+ODs+OCv+ODg+ODgeOCtOODn+aNqOOBpu+8geS7mOWxnuOBruODluODqeOCt+OBp+ODleOCo+ODq+OCv+ODvOOBiuaJi+WFpeOCjOOAguS4uOOBlOOBqOawtOa0l+OBhOWPr+iDve+8gSA8ZGl2IHN0eWxlPSd0ZXh0LWFsaWduOmNlbnRlcjsnPiAgICAgIDxpbWcgYWx0PSfplqLpgKPllYblk4Hjga/jgZPjgaHjgoknIGJvcmRlcj0nMCcgc3JjPSdodHRwOi8vaW1hZ2UucmFrdXRlbi5jby5qcC9iaWNjYW1lcmEvY2FiaW5ldC9ucy9jb21tb24va2FucmVuLmdpZicgLz4gIDwvZGl2PjxkaXYgaWQ9J3NwMTUnPjx0YWJsZSBiZ2NvbG9yPScjRkZGRkZGJyBib3JkZXI9JzAnIGNlbGxwYWRkaW5nPScwJyBjZWxsc3BhY2luZz0nMic+PHRyPjx0ZCBjbGFzcz0nc3VidGl0bGUnIGNvbHNwYW49JzInPuapn+iDvemgheebrjwvdGQ+PC90cj48dHI+PHRkIGNsYXNzPSdzdGl0bGUnPuacrOS9k+OCteOCpOOCuu+8iOmrmOOBlcOX5bmFw5flpaXooYzvvIk8L3RkPjx0ZCBjbGFzcz0nc2RhdGEnPumrmOOBlTk4MMOX5bmFMjUww5fplbfjgZUyNTU8L3RkPjwvdHI+PHRyPjx0ZCBjbGFzcz0nc3RpdGxlJz7jgZ3jga7ku5bjgrXjgqTjgro8L3RkPjx0ZCBjbGFzcz0nc2RhdGEnPuOAkOWPjue0jeaZguOAkemrmOOBlTg3MMOX5bmFMjUww5fplbfjgZUyNTU8L3RkPjwvdHI+PHRyPjx0ZCBjbGFzcz0nc3RpdGxlJz7mnKzkvZPph43ph488L3RkPjx0ZCBjbGFzcz0nc2RhdGEnPjMuNmtnPC90ZD48L3RyPjx0cj48dGQgY2xhc3M9J3N0aXRsZSc+5raI6LK76Zu75YqbPC90ZD48dGQgY2xhc3M9J3NkYXRhJz45MDBXPC90ZD48L3RyPjx0cj48dGQgY2xhc3M9J3N0aXRsZSc+5ZC45byV5LuV5LqL546HPC90ZD48dGQgY2xhc3M9J3NkYXRhJz4zMDBXPC90ZD48L3RyPjx0cj48dGQgY2xhc3M9J3N0aXRsZSc+6YGL6Lui6Z+zPC90ZD48dGQgY2xhc3M9J3NkYXRhJz4zMDBXPC90ZD48L3RyPjwvdGFibGU+PC9kaXY+,44CQ6YCB5paZ54Sh5paZ44CRIOadseiKnSDjgrnjg4bjgqPjg4Pjgq/jgq/jg6rjg7zjg4rjg7zjgIBWQy1ZODBDLUxbVkNZODBDXe+8muODk+ODg+OCr+OCq+ODoeODqealveWkqeW4guWgtOW6lw==,44CQ6YCB5paZ54Sh5paZ44CRIOadseiKnSDjgrnjg4bjgqPjg4Pjgq/jgq/jg6rjg7zjg4rjg7zjgIBWQy1ZODBDLUxbVkNZODBDXQ==,44CQ6YCB5paZ54Sh5paZ44CRIOadseiKnSDjgrnjg4bjgqPjg4Pjgq/jgq/jg6rjg7zjg4rjg7zjgIBWQy1ZODBDLUxbVkNZODBDXQ==[rn]
37-97094,aHR0cDovL3RzaG9wLnIxMHMuanAvamlzbS9jYWJpbmV0LzA1NDcvNDk1MTMwOTI5ODA4Ni5qcGc/Zml0aW49NzAwOjcwMA==,NDM2MDguMDAwMA==,,5a626Zu7ID4g44Kt44OD44OB44Oz5a626Zu7ID4g44Ks44K544Kz44Oz44OtID4g5o2u572u5Z6L44Ks44K544Kz44Oz44Ot,UlRFNjVWQUNCUi0xM0HjgJDnqI7ovrzjgJEg44Oq44Oz44OK44KkIOOCrOOCueODhuODvOODluODq+OAkOmDveW4guOCrOOCuTEyQTEzQeeUqOOAkSBSaW5uYWnjgIDjg6njgq/jgrfjgqjjgIDlj7Pjg4/jgqTjgqvjg63jg6rjg7zjg5Djg7zjg4rjg7wgW1JURTY1VkFDQlIxM0Fd44CQ6L+U5ZOB56iu5YilQeOAkeOAkOmAgeaWmeeEoeaWmeOAkeOAkFJDUOOAkQ==,5YWI552A5pyA5aSnMjAw5YaG44Kv44O844Od44OzKOODq+ODvOODq+OCkuOBlOeiuuiqjeS4i+OBleOBhCnimIU=,5Zyo5bqr54q25rOB77ya5YWl6I235qyh56ys5Ye66I23PGJyPjxicj48YnI+PGZvbnQgY29sb3I9Ymx1ZT7ilqHjgIzov5Tlk4HnqK7liKXjgI3jgavjgaTjgYTjgaboqbPjgZfjgY/jga/jgZPjgaHjgonilqE8L2ZvbnQ+PGJyPjxicj48cD48YnI+PHA+PGZvbnQgY29sb3I9InJlZCI+4oC75b+F44Ga44GK5L2/44GE44Gu44Ks44K544Gu56iu6aGe44KS44GK56K644GL44KB44Gu5LiK44CB44GU6LO85YWl44GP44Gg44GV44GE44CC44GU5L2/55So44Gr44Gq44KL5aC05ZCI44Gv44CB5Yil5aOy44Gu44Ks44K544Ob44O844K544GM5b+F6KaB44Gn44GZ44CCPC9mb250Pjxicj7igLvjgqzjgrnmoJPjga7jgr/jgqTjg5fjgavjgojjgorjgb7jgZfjgabjga/jgIHku5bjga7lmajlhbfjgYzlv4XopoHjgarloLTlkIjjgYzjgZTjgZbjgYTjgb7jgZnjgII8QlI+4peG4peH44Ks44K544Kz44O844OJ44GvIOOBk+OBoeOCiSDjgojjgorjgZTms6jmlofjgYTjgZ/jgaDjgZHjgb7jgZnil4fil4Y8YnI+4peG4peH44Ks44K544Ob44O844K55o6l57aa5Y+j44Gv44Ks44K544OG44O844OW44Or5q2j6Z2i5ZCR44GL44Gj44Gm5bem5YG06IOM6Z2i44Gn44GZ4peH4peGPGJyPjxiPuKXhuODqeOCr+ODqeOCr++8huOBguOCk+OBl+OCk+OBruawtOeEoeOBl+OCsOODquODqzwvYj48YnI+44Kw44Oq44Or44Gu5byV44GN5Ye644GX5bmFMzEuNWNt44CB6aOf5p2Q44Gu5Ye644GX5YWl44KM44GM57Ch5Y2YPGJyPuOCr+ODquODq+OBjOOCueODoOODvOOCuuOBq+W8leOBjeWHuuOBm+OBvuOBmTxicj7jgrDjg6rjg6voqr/nkIbjgr/jgqTjg57jg7zvvJox772eMTXliIY8YnI+5Y+W44KK5aSW44GX44Gm5rSX44GI44KL44CM5bqr5YaF5rGa44KM44Kr44OQ44O844CN5LuY44GNPGJyPuWIhuWJsuOCsOODquODq+OBp+OBiuaOg+mZpOODqeOCr+ODqeOCrzxicj48YnI+44CQ5Lih6Z2i54S844Kw44Oq44Or44CRPGJyPuS4iuS4i+WQjOaZguWKoOeGseOBp+OCueODlOODvOODh+OCo+ODvDxicj7oqr/nkIbkuK3jgavoo4/ov5TjgZnlv4XopoHjgarjgZc8YnI+5LiK54Gr44O75LiL54Gr44Gu54Gr5Yqg5rib6Kq/5pW044GM5Yil44CF44Gr44Gn44GN44KLPGJyPuiqv+eQhuW+jOOBruawtOOBjOW6q+WGheOChOW6iuOBq+OBk+OBvOOCjOOCi+W/g+mFjeOCguOBquOBj+OAgeW+jOeJh+S7mOOBkeODqeOCr+ODqeOCr++8geOAgDxicj48YnI+44CQ44Kq44O844OI44Kw44Oq44Or5qmf6IO944CRPGJyPuOCs+ODs+ODreOBjOeBq+WKm+OBqOaZgumWk+OCkuiHquWLleOBp+OCs+ODs+ODiOODreODvOODq+OBl+OAgeiHquWLlea2iOeBqzxicj7nhLzjgY3jgZnjgY7jgoTnlJ/nhLzjgZHjga7lv4PphY3jgYzjgYLjgorjgb7jgZvjgpM8YnI+PGJyPuOAkOmYsueCjuODkeOCpOODl+OAkTxicj7jgrDjg6rjg6vlhoXpg6jjga7lvozmlrnpg6jliIbjgavoqK3nva7jgII8YnI+5LiH5LiA44Gu5aC05ZCI44KC54KO44GM5aSW44Gr5Ye644KL44Gu44KS6Ziy44GO44G+44GZ44CCPGJyPjxicj48Yj7il4bnha7jgZPjgbzjgozkvrXlhaXjgpLjg4Djg5bjg6vjgafpmLLjgY7jgIHnhKbjgZLjgaTjgY3jgpLou73muJvjgIzjgrnjg7zjg5Hjg7zjgrfjg7zjg6vjg4njg5Djg7zjg4rjg7zjgI08L2I+PGJyPuODkOODvOODiuODvOODquODs+OCsOOBqOODiOODg+ODl+ODl+ODrOODvOODiOOBrumWk+OBiuOCiOOBs+OAgeODiOODg+ODl+ODl+ODrOODvOODiOOBruS4i+OBq+OCguOCt+ODvOODq+ODieODkeODg+OCreODs+OCkuijheedgOOBl+OAgeWGhemDqOOBuOOBrueFruOBk+OBvOOCjOS+teWFpeOCkuODgOODluODq+OBp+mYsuOBjuOBvuOBmeOAgjxicj7jgZXjgonjgavjgIHjg5Djg7zjg4rjg7zjg6rjg7PjgrDjga/msZrjgozjgYzmrovjgorjgavjgY/jgYTjg6rjg7Pjg4rjgqTni6zoh6rjga7oqK3oqIjjgafjgIHjgYrmiYvlhaXjgozjga7miYvplpPjgpLou73muJvjgZfjgb7jgZnjgII8YnI+PGJyPjxiPuKXhuODkuODvOODiOOCquODlTwvYj48YnI+54ax44KS5YiG5pWj44O75pS+54ax44GV44Gb44Gm44CB44OI44OD44OX44OX44Os44O844OI6KGo6Z2i5rip5bqm44Gu5LiK5piH44KS5oqR44GI44G+44GZ44CCPGJyPjxicj48Yj7il4blpJrlvanjgarkvr/liKnmqZ/og708L2I+PGJyPjxicj7jgJDjgYvjgpPjgr/jg4Pjg4HvvIbopovjgoTjgrnjgqTjg4Pjg4HjgJE8YnI+5aSn44GN44Gq5paH5a2X44Go44K544Kk44OD44OB44Gn44CB5L2/44GE44KE44GZ44GE6YWN572u44Gu5pON5L2c44OR44ON44OrPGJyPuaTjeS9nOmdouOBq+e0hDMw5bqm44Gu5YK+5pac44KS44Gk44GR44Gm44GE44KL44Gf44KB44CB6KaL44KE44GZ44GP6IWw44G444Gu6LKg5ouF44KC6Lu95rib44GX44G+44GZ44CCPGJyPjxicj7jgJDjg6njgq/ngrnngavjgJE8YnI+54K554Gr44GZ44KL5pmC44CB5oyH44KS6Zui44GX44Gm44KC6YCj57aa44K544OR44O844Kv44GX56K65a6f44Gr54K554Gr44GX44G+44GZ44CCPGJyPueCueeBq+OBrumam+OAgeOBhOOBjeOBquOCiuWkp+OBjeOBqueCjuOBjOWHuuOBquOBhOOAjOS4reeBq+eCueeBq+OAjeOBruOBn+OCgeWuieW/g+OBp+OBmeOAgjxicj48YnI+44CQ5o+a44GS44KC44Gu5rip5bqm6Kq/56+A5qmf6IO944CRPGJyPuaPmuOBkuOCi+mjn+adkOOBq+W/nOOBmOOBpua4qeW6puOCkuioreWumuOBmeOCjOOBsOOAgeiHquWLleOBp+ioreWumua4qeW6puOCkuOCreODvOODl+OBl+OBvuOBmeOAgjxicj7oqK3lrprmuKnluqbvvJoxNjDvvZ4yMTDihIM8YnI+PGJyPuOAkOOCs+ODs+ODreiqv+eQhuOCv+OCpOODnuODvOOAkTxicj7oh6rli5Xmtojngavjga7jgr/jgqTjg57jg7zjgpIx772eOTDliIbjgb7jgacx5YiG5Yi744G/44Gn6Kit5a6a44Gn44GN6Ieq5YuV5raI54Gr44GX44G+44GZ44CCPGJyPua2iOOBl+W/mOOCjOOBq+OCiOOCi+iMueOBp+OBmeOBjuOAgeeFruOBmeOBjumYsuatouOBq+acgOmBqeOBp+OBmeOAgjxicj48YnI+44CQ5rmv5rK444GX5qmf6IO944CRPGJyPuOBiua5r+OBjOayuOOBhOOBn+OCiemfs+OBp+OBiuefpeOCieOBm+OBl+OBpuiHquWLlea2iOeBq+OAgjxicj48YnI+44CQ54KK6aOv5qmf6IO944CRPGJyPuOCueOCpOODg+ODgeOCkuaKvOOBmeOBoOOBkeOBp+OAgeaJi+i7veOBq+ebtOeBq+eCiuOBjeOBruOBlOmjr+OBjOWRs+OCj+OBiOOBvuOBmeOAgjxicj7ngavlipvjgoLmtojngavjgoLoh6rli5XjgafjgIHjgbXjgaPjgY/jgonjgYrjgYTjgZfjgY/ngorjgY3jgYLjgZLjgb7jgZnjgII8YnI+PGJyPjxiPuKXhuWuieW/g+apn+iDvTwvYj48YnI+6Kq/55CG5rK56YGO54ax6Ziy5q2i6KOF572uPGJyPumrmOa4qeiHquWLlea4qeW6puiqv+evgOapn+iDvTxicj7pq5jmuKnngpLjgoHjg6Ljg7zjg4nvvJrntIQyOTDihIPjgafoh6rli5XmuKnluqboqr/nr4A8YnI+44Kz44Oz44Ot5raI44GX5b+Y44KM5raI54Gr5qmf6IO9PGJyPueEpuOBkuOBpOOBjea2iOeBq+apn+iDvTxicj7nq4vmtojjgYjlronlhajoo4Xnva48YnI+44Kw44Oq44Or6YGO54ax6Ziy5q2i44K744Oz44K144O8PGJyPuOCsOODquODq+a2iOOBl+W/mOOCjOa2iOeBq+apn+iDvTxicj48YnI+4peG5Y+z44OP44Kk44Kr44Ot44Oq44O844OQ44O844OK44O8PGJyPjxiPjxmb250IGNvbG9yPXJlZD7igLvmqJnmupbjg5Djg7zjg4rjg7zvvJrjg4/jgqTjgqvjg63jg6rjg7zjg5Djg7zjg4rjg7zjgafjga/jgarjgYTlgbTjga7jg5Djg7zjg4rjg7zjgafjgZnjgII8L2ZvbnQ+PC9iPjxicj7kvovvvJrlj7Pjg4/jgqTjgqvjg63jg6rjg7zjg5Djg7zjg4rjg7zjga7loLTlkIjjga/jgIHlt6blgbTjga7jg5Djg7zjg4rjg7zjgYzmqJnmupbjg5Djg7zjg4rjg7zjgajjgarjgorjgb7jgZnjgII8YnI+PGJyPuKWoOOAgOS7leOAgOanmOOAgOKWoDx1bD48bGk+5Y+z44OP44Kk44Kr44Ot44Oq44O844OQ44O844OK44O8PC9saT48bGk+5YmN6Z2i44OR44ON44Or77ya44K344Oj44Oz44OR44OzPC9saT48bGk+5pys5L2T44K144Kk44K677ya5bmFNTkuNsOX5aWl6KGMNDkuM8OX6auY44GVMTguMGNt77yI6IOM6Z2i77yI44Ob44O844K544Ko44Oz44OJ6L6877yJ772e5Zmo5YW35YWI56uv77yJPC9saT48bGk+6YeN6YeP77ya57SEMTUuMGtnPC9saT48bGk+44OI44OD44OX44OX44Os44O844OI44Gu44K/44Kk44OX77ya44OR44O844Or44Kv44Oq44K544K/44OrPC9saT48bGk+44Ks44K55raI6LK76YePPGJyPuODu+WFqOeCueeBq+aZgu+8mjguNjBrVzxicj7jg7vlvLfngavlipvvvJo0LjIwa1c8YnI+44O75qiZ5rqW77yaMi45N2tXPGJyPuODu+OCsOODquODq++8mjEuODZrVzwvbGk+PGxpPuecgeOCqOODjeWfuua6lumBlOaIkOeOhzwvbGk+PGxpPuOCs+ODs+ODremDqOecgeOCqOODjeWfuua6lumBlOaIkOeOh++8mjEwMO+8hTwvbGk+PGxpPuOCs+ODs+ODremDqOOCqOODjeODq+OCruODvOa2iOiyu+WKueeOh++8mjU2LjPvvIU8L2xpPjxsaT7jgrDjg6rjg6vpg6jnnIHjgqjjg43ln7rmupbpgZTmiJDnjofvvJoxMDDvvIU8L2xpPjxsaT7jgrDjg6rjg6vpg6jjgqjjg43jg6vjgq7jg7zmtojosrvlirnnjofvvJoyMTFXaDwvbGk+PGxpPuW5tOmWk+ebruWuieeHg+aWmea2iOiyu+mHj++8mjU4bTxzdXA+Mzwvc3VwPi/lubQ8L2xpPjwvdWw+PGJyPjwhLS1DT05fU1QtLT48cD48aW1nIHNyYz1odHRwOi8vd3d3LnJha3V0ZW4ubmUuanAvZ29sZC9qaXNtL2ltZy9rYW5yZW5fYnIuZ2lmIGJvcmRlcj0wIHdpZHRoPTQwMCBoZWlnaHQ9NDA+PC9wPjxicj48YnI+PGJyPijigLvjgZPjga7oqqzmmI7mlofjga/mpb3lpKnluILloLTlupfjga7oqJjovInlhoXlrrnjgafjgZnjgIJVUkzjga9odHRwOi8vaXRlbS5yYWt1dGVuLmNvLmpwL2ppc20v44Gn5aeL44G+44KK44G+44GZ44CCVVJM44GM55Ww44Gq44KL6Zqb44Gv44K144Kk44OI44KS5Yip55So44GZ44KL44GT44Go44Gu44Gq44GE44KI44GG5Y2B5YiG44GU5rOo5oSP44GP44Gg44GV44GE44CCKTx0YWJsZSB3aWR0aD0iNjAwIiBib3JkZXI9MCBjZWxscGFkZGluZz01IGNlbGxzcGFjaW5nPTAgYmdjb2xvcj0iI0YwRURFNCI+PHRyPjx0ZCBhbGlnbj0iY2VudGVyIiBiZ2NvbG9yPSIjQkJBMDRFIj4KPHRhYmxlIHdpZHRoPSI1OTAiIGJvcmRlcj0wIGNlbGxwYWRkaW5nPTIgY2VsbHNwYWNpbmc9MSBiZ2NvbG9yPSIjRjBFREU0IiBzdW1tYXJ5PSIiIHN0eWxlPSJmb250LXNpemU6MTJweDsiPjx0cj48dGQ+44GK44GZ44GZ44KB44Kr44OG44K044Oq44O844CA77ya44CA44Ko44Ki44Kz44Oz44CA44O744CA5Yqg5rm/5Zmo44CA44O744CA5Ya36JS15bqr44CA44O744CA44Ob44OD44OI44Kr44O844Oa44OD44OI44CA44O744CA5biD5Zuj5Lm+54el5qmfPC90ZD48L3RyPjx0cj48dGQgYWxpZ249ImNlbnRlciI+44K044Or44OV44Oc44O844Or44CA44O744CA5o6D6Zmk5qmf44O744Kv44Oq44O844OK44O844CA44O744CA77y077y244Ky44O844Og44CA44O744CA6Zu75rGg44CA44O744CA5YWF6Zu75rGg44O75YWF6Zu75Zmo44CA44O744CA44Op44OD44OU44Oz44Kw6KKLCjwvdGQ+PC90cj48L3RhYmxlPgo8L3RkPjwvdHI+PC90YWJsZT48YnI+,UlRFNjVWQUNCUi0xM0HjgJDnqI7ovrzjgJEg44Oq44Oz44OK44KkIOOCrOOCueODhuODvOODluODq+OAkOmDveW4guOCrOOCuTEyQTEzQeeUqOOAkSBSaW5uYWnjgIDjg6njgq/jgrfjgqjjgIDlj7Pjg4/jgqTjgqvjg63jg6rjg7zjg5Djg7zjg4rjg7wgW1JURTY1VkFDQlIxM0Fd44CQ6L+U5ZOB56iu5YilQeOAkeOAkOmAgeaWmeeEoeaWmeOAkeOAkFJDUOOAke+8mkpvc2hpbiB3ZWIg5a626Zu744GoUEPjga7lpKflnovlsILploDlupc=,5a626Zu744OR44K944Kz44OzQVbmqZ/lmajpq5jntJrjgqrjg7zjg4fjgqPjgqrjg5vjg5Pjg7zjgYrjgoLjgaHjgoPjgrLjg7zjg6DpiYTpgZPmqKHlnovmmYLoqIhQQ+ODhuODrOODk+ODrOOCs+ODvOODgOODvOmbkeiyqOaooeWei+WGt+iUteW6q+a0l+a/r+apn+OCqOOCouOCs+ODs2dhbWVob2JieWNvbXB1dGVyUlRFNjVWQUNCUi0xM0HjgJDnqI7ovrzjgJEg44Oq44Oz44OK44KkIOOCrOOCueODhuODvOODluODq+OAkOmDveW4guOCrOOCuTEyQTEzQeeUqOOAkSBSaW5uYWnjgIDjg6njgq/jgrfjgqjjgIDlj7Pjg4/jgqTjgqvjg63jg6rjg7zjg5Djg7zjg4rjg7wgW1JURTY1VkFDQlIxM0Fd44CQ6L+U5ZOB56iu5YilQeOAkeOAkOmAgeaWmeeEoeaWmeOAkeOAkFJDUOOAkQ==,5YWI552A5pyA5aSnMjAw5YaG44Kv44O844Od44OzKOODq+ODvOODq+OCkuOBlOeiuuiqjeS4i+OBleOBhCnimIXjgIJSVEU2NVZBQ0JSLTEzQeOAkOeojui+vOOAkSDjg6rjg7Pjg4rjgqQg44Ks44K544OG44O844OW44Or44CQ6YO95biC44Ks44K5MTJBMTNB55So44CRIFJpbm5haeOAgOODqeOCr+OCt+OCqOOAgOWPs+ODj+OCpOOCq+ODreODquODvOODkOODvOODiuODvCBbUlRFNjVWQUNCUjEzQV3jgJDov5Tlk4HnqK7liKVB44CR44CQ6YCB5paZ54Sh5paZ44CR44CQUkNQ44CR[rn]
37-97095,aHR0cDovL3RzaG9wLnIxMHMuanAvamlzbS9jYWJpbmV0LzA2MDEvNDk2MTM0MTI4NDA2MC5qcGc/Zml0aW49NzAwOjcwMA==,MTg4MzIuMDAwMA==,,5a626Zu7ID4g44Kt44OD44OB44Oz5a626Zu7ID4g44Ks44K544Kz44Oz44OtID4g5o2u572u5Z6L44Ks44K544Kz44Oz44Ot,SUMtTjg2QlMtUi0xMkExM0HjgJDnqI7ovrzjgJEg44OR44Ot44OeIOOCrOOCueODhuODvOODluODq+OAkOmDveW4guOCrOOCuTEyQTEzQeeUqOOAkSBQYWxvbWHjgIDlj7Pjg4/jgqTjgqvjg63jg6rjg7zjg5Djg7zjg4rjg7wgW0lDTjg2QlNSMTJBMTNBXeOAkOi/lOWTgeeoruWIpUHjgJHjgJDpgIHmlpnnhKHmlpnjgJHjgJBSQ1DjgJE=,5YWI552A5pyA5aSnMjAw5YaG44Kv44O844Od44OzKOODq+ODvOODq+OCkuOBlOeiuuiqjeS4i+OBleOBhCnimIU=,5Zyo5bqr54q25rOB77ya4peL5Zyo5bqr44GC44KKPGJyPjLml6XvvZ4z5pel44Gn5Ye66I23PGJyPjxicj48YnI+PGZvbnQgY29sb3I9Ymx1ZT7ilqHjgIzov5Tlk4HnqK7liKXjgI3jgavjgaTjgYTjgaboqbPjgZfjgY/jga/jgZPjgaHjgonilqE8L2ZvbnQ+PGJyPjxmb250IHNpemU9JzInIGNvbG9yPScjQ0MwMDAwJz48Yj4yMDE25bm0MDnmnIgg55m65aOyPC9iPjwvZm9udD48YnI+PHA+PGJyPjxwPuKAu+WVhuWTgeeUu+WDj+OBr+W3puODj+OCpOOCq+ODreODquODvOODkOODvOODiuODvOOCv+OCpOODl+OCkuS9v+eUqOOBl+OBpuOBhOOBvuOBmeOAgjxicj48Zm9udCBjb2xvcj0icmVkIj7igLvlv4XjgZrjgYrkvb/jgYTjga7jgqzjgrnjga7nqK7poZ7jgpLjgYrnorrjgYvjgoHjga7kuIrjgIHjgZTos7zlhaXjgY/jgaDjgZXjgYTjgILjgZTkvb/nlKjjgavjgarjgovloLTlkIjjga/jgIHliKXlo7Ljga7jgqzjgrnjg5vjg7zjgrnjgYzlv4XopoHjgafjgZnjgII8L2ZvbnQ+PGJyPuKAu+OCrOOCueagk+OBruOCv+OCpOODl+OBq+OCiOOCiuOBvuOBl+OBpuOBr+OAgeS7luOBruWZqOWFt+OBjOW/heimgeOBquWgtOWQiOOBjOOBlOOBluOBhOOBvuOBmeOAgjxCUj7il4bil4fjgqzjgrnjgrPjg7zjg4njga8g44GT44Gh44KJIOOCiOOCiuOBlOazqOaWh+OBhOOBn+OBoOOBkeOBvuOBmeKXh+KXhjxicj7il4bil4fjgqzjgrnjg5vjg7zjgrnmjqXntprlj6Pjga/jgqzjgrnjg4bjg7zjg5bjg6vmraPpnaLlkJHjgYvjgaPjgablt6blgbTog4zpnaLjgafjgZnil4fil4Y8YnI+PGJyPjxicj48Yj7il4bmsLTnhKHniYfpnaLnhLzjgrDjg6rjg6s8L2I+PGJyPuOCsOODquODq+WPl+eav+OBq+awtOOBjOOBhOOCieOBquOBhOOBruOBp+OBiuaJi+WFpeOCjOOBjOOBleOCieOBq+OCieOBj+OAgjxicj7muIXmjoPmgKfjga7lkJHkuIrjgavliqDjgYjlj5flgrfou73muJvjgavjgaTjgarjgYzjgovlronlv4PoqK3oqIjjgrDjg6rjg6s8YnI+5byV44GN5Ye644GX44KE44GZ44GE44Kw44Oq44Or5omJPGJyPjxicj48Yj7il4bjgrfjg7zjg6vjg4njg4jjg4Pjg5c8L2I+PGJyPueFruOBk+OBvOOCjOOBquOBqeOBjOWZqOWFt+WGheOBq+S+teWFpeOBl+OBq+OBj+OBhOOCt+ODvOODq+ODieODiOODg+ODl+OAgjxicj7msYHlj5fjgZHnmr/jgYzjgarjgYTjgYvjgonjgIHmi63jgY3mjoPpmaTjgoLjg6njgq/jg6njgq/jgafjgZnjgII8YnI+PGJyPjxiPuKXhuODm+ODvOODreODvOODiOODg+ODlzwvYj48YnI+54ax44KE5YK344Gr5by344GP6ICQ5LmF5oCn44Gr5YSq44KM44CB54us54m544Gu6aKo5ZCI44GE44GM44GC44KL44Ob44O844Ot44O857Sg5p2Q44Gu44OI44OD44OX44OX44Os44O844OI44Gn44GZ44CCPGJyPjxicj48Yj7il4bjgZnjgaPjgY3jgorjgq/jg6rjg7zjg7PjgrTjg4jjgq88L2I+PGJyPua0l+OBhOOChOOBmeOBleOBq+OCguaLreOBjeOChOOBmeOBleOBq+OCguOBk+OBoOOCj+OBo+OBn+OChOOBleOBl+OBhOODleOCqeODq+ODoOOBruOCtOODiOOCr+OAgjxicj48YnI+PGI+4peG5YWF5a6f44Gu5a6J5YWo44O75a6J5b+D5qmf6IO9PC9iPjxicj7lhajjgabjga7jgZPjgpPjgo3jg5Djg7zjg4rjgavlronlv4Pjgrvjg7PjgrXjg7w8YnI+44Kz44Oz44Ot44O744Kw44Oq44Or5raI44GX5b+Y44KM5raI54Gr5qmf6IO977ya44Kz44Oz44OtMTIw5YiG44CB44Kw44Oq44OrMjLliIY8YnI+44Kw44Oq44Or44Gu5a6J5YWo77ya5o6S5rCX5Y+j6YGu54KO6KOF572u4oCc44OV44Os44O844Og44OI44Op44OD44OX4oCdPGJyPueCueeBq+ODn+OCueOBrumYsuatouOBq++8muWFqOWPo+mAo+e2muOCueODkeODvOOCr+OAgeiHquWLleS/neaMgeeCueeBq++8iOODqeOCr+ODqeOCr+eCueeBq++8iTxicj7lhajlj6PnhKbjgaTjgY3mtojngavmqZ/og708YnI+5YWo5Y+j56uL5raI44GI5a6J5YWo6KOF572uPGJyPuODgeODo+OCpOODq+ODieODreODg+OCrzxicj48YnI+4peG44Gk44G+44G/44KE44GZ44GP5a6J5YWo44Gr44KC6YWN5oWu44GX44Gf44CM54Gr5Yqb6Kq/56+A44Os44OQ44O844CNPGJyPuKXhuWkp+OBjeOBj+OAgeaYjuW6puW3ruOCkuWkp+OBjeOBj+OBl+OBn+OAgeiqreOBv+OChOOBmeOBhOaWh+Wtl+ODu+ODlOOCr+ODiOODnuODvOOCrzxicj7il4blpKflnovjgqvjg6njg7zjgrXjgqTjg7PjgajopovjgoTjgZnjgYTjgqvjg6njg7zjgavjgojjgovlronlv4PoqK3oqIg8YnI+PGJyPuKXhuWPs+ODj+OCpOOCq+ODreODquODvOODkOODvOODiuODvDxicj48YnI+PGI+PGZvbnQgY29sb3I9cmVkPuKAu+aomea6luODkOODvOODiuODvO+8muODj+OCpOOCq+ODreODquODvOODkOODvOODiuODvOOBp+OBr+OBquOBhOWBtOOBruODkOODvOODiuODvOOBp+OBmeOAgjwvZm9udD48L2I+PGJyPuS+i++8muWPs+ODj+OCpOOCq+ODreODquODvOODkOODvOODiuODvOOBruWgtOWQiOOBr+OAgeW3puWBtOOBruODkOODvOODiuODvOOBjOaomea6luODkOODvOODiuODvOOBqOOBquOCiuOBvuOBmeOAgjxicj48YnI+4pag44CA5LuV44CA5qeY44CA4pagPHVsPjxsaT7lj7Pjg4/jgqTjgqvjg63jg6rjg7zjg5Djg7zjg4rjg7w8L2xpPjxsaT7mnKzkvZPjgrXjgqTjgroo57SEKe+8muW5hTU5LjDDl+WlpeihjDQ2LjHDl+mrmOOBlTE4LjBjbe+8iOiDjOmdou+8iOODm+ODvOOCueOCqOODs+ODiei+vO+8ie+9nuWZqOWFt+WFiOerr++8iTwvbGk+PGxpPumHjemHj++8iOe0hO+8ie+8mjkuNWtnPC9saT48bGk+44OI44OD44OX44OX44Os44O844OI44Gu44K/44Kk44OX77ya44Ob44O844Ot44O8PGJyPuODm+ODvOODreODvOODiOODg+ODl++8mueGseOChOWCt+OBq+W8t+OBj+OBiuaJi+WFpeOCjOOCguewoeWNmDwvbGk+PGxpPuOCrOOCuea2iOiyu+mHjzxicj7jg7vlhajngrnngavmmYLvvJo4LjIwa1c8YnI+44O75by354Gr5Yqb77yaNC4yMGtXPGJyPuODu+aomea6lu+8mjIuOTVrVzxicj7jg7vjgrDjg6rjg6vvvJoxLjM0a1c8L2xpPjxsaT7nnIHjgqjjg43ln7rmupbpgZTmiJDnjoc8L2xpPjxsaT7jgrPjg7Pjg63pg6jnnIHjgqjjg43ln7rmupbpgZTmiJDnjofvvJoxMDDvvIU8L2xpPjxsaT7jgrPjg7Pjg63pg6jjgqjjg43jg6vjgq7jg7zmtojosrvlirnnjofvvJo1Ni4z77yFPC9saT48bGk+44Kw44Oq44Or6YOo55yB44Ko44ON5Z+65rqW6YGU5oiQ546H77yaMTAw77yFPC9saT48bGk+44Kw44Oq44Or6YOo44Ko44ON44Or44Ku44O85raI6LK75Yq5546H77yaMTkyV2g8L2xpPjxsaT7lubTplpPnm67lronnh4Pmlpnmtojosrvph4/vvJo1N208c3VwPjM8L3N1cD4v5bm0PC9saT48L3VsPjxicj48IS0tQ09OX1NULS0+PHA+PGltZyBzcmM9aHR0cDovL3d3dy5yYWt1dGVuLm5lLmpwL2dvbGQvamlzbS9pbWcva2FucmVuX2JyLmdpZiBib3JkZXI9MCB3aWR0aD00MDAgaGVpZ2h0PTQwPjwvcD48YnI+PGJyPjxicj4o4oC744GT44Gu6Kqs5piO5paH44Gv5qW95aSp5biC5aC05bqX44Gu6KiY6LyJ5YaF5a6544Gn44GZ44CCVVJM44GvaHR0cDovL2l0ZW0ucmFrdXRlbi5jby5qcC9qaXNtL+OBp+Wni+OBvuOCiuOBvuOBmeOAglVSTOOBjOeVsOOBquOCi+mam+OBr+OCteOCpOODiOOCkuWIqeeUqOOBmeOCi+OBk+OBqOOBruOBquOBhOOCiOOBhuWNgeWIhuOBlOazqOaEj+OBj+OBoOOBleOBhOOAgik8dGFibGUgd2lkdGg9IjYwMCIgYm9yZGVyPTAgY2VsbHBhZGRpbmc9NSBjZWxsc3BhY2luZz0wIGJnY29sb3I9IiNGMEVERTQiPjx0cj48dGQgYWxpZ249ImNlbnRlciIgYmdjb2xvcj0iI0JCQTA0RSI+Cjx0YWJsZSB3aWR0aD0iNTkwIiBib3JkZXI9MCBjZWxscGFkZGluZz0yIGNlbGxzcGFjaW5nPTEgYmdjb2xvcj0iI0YwRURFNCIgc3VtbWFyeT0iIiBzdHlsZT0iZm9udC1zaXplOjEycHg7Ij48dHI+PHRkPuOBiuOBmeOBmeOCgeOCq+ODhuOCtOODquODvOOAgO+8muOAgOOCqOOCouOCs+ODs+OAgOODu+OAgOWKoOa5v+WZqOOAgOODu+OAgOWGt+iUteW6q+OAgOODu+OAgOODm+ODg+ODiOOCq+ODvOODmuODg+ODiOOAgOODu+OAgOW4g+Wbo+S5vueHpeapnzwvdGQ+PC90cj48dHI+PHRkIGFsaWduPSJjZW50ZXIiPuOCtOODq+ODleODnOODvOODq+OAgOODu+OAgOaOg+mZpOapn+ODu+OCr+ODquODvOODiuODvOOAgOODu+OAgO+8tO+8tuOCsuODvOODoOOAgOODu+OAgOmbu+axoOOAgOODu+OAgOWFhembu+axoOODu+WFhembu+WZqOOAgOODu+OAgOODqeODg+ODlOODs+OCsOiiiwo8L3RkPjwvdHI+PC90YWJsZT4KPC90ZD48L3RyPjwvdGFibGU+PGJyPg==,SUMtTjg2QlMtUi0xMkExM0HjgJDnqI7ovrzjgJEg44OR44Ot44OeIOOCrOOCueODhuODvOODluODq+OAkOmDveW4guOCrOOCuTEyQTEzQeeUqOOAkSBQYWxvbWHjgIDlj7Pjg4/jgqTjgqvjg63jg6rjg7zjg5Djg7zjg4rjg7wgW0lDTjg2QlNSMTJBMTNBXeOAkOi/lOWTgeeoruWIpUHjgJHjgJDpgIHmlpnnhKHmlpnjgJHjgJBSQ1DjgJHvvJpKb3NoaW4gd2ViIOWutumbu+OBqFBD44Gu5aSn5Z6L5bCC6ZaA5bqX,5a626Zu744OR44K944Kz44OzQVbmqZ/lmajpq5jntJrjgqrjg7zjg4fjgqPjgqrjg5vjg5Pjg7zjgYrjgoLjgaHjgoPjgrLjg7zjg6DpiYTpgZPmqKHlnovmmYLoqIhQQ+ODhuODrOODk+ODrOOCs+ODvOODgOODvOmbkeiyqOaooeWei+WGt+iUteW6q+a0l+a/r+apn+OCqOOCouOCs+ODs2dhbWVob2JieWNvbXB1dGVySUMtTjg2QlMtUi0xMkExM0HjgJDnqI7ovrzjgJEg44OR44Ot44OeIOOCrOOCueODhuODvOODluODq+OAkOmDveW4guOCrOOCuTEyQTEzQeeUqOOAkSBQYWxvbWHjgIDlj7Pjg4/jgqTjgqvjg63jg6rjg7zjg5Djg7zjg4rjg7wgW0lDTjg2QlNSMTJBMTNBXeOAkOi/lOWTgeeoruWIpUHjgJHjgJDpgIHmlpnnhKHmlpnjgJHjgJBSQ1DjgJE=,5YWI552A5pyA5aSnMjAw5YaG44Kv44O844Od44OzKOODq+ODvOODq+OCkuOBlOeiuuiqjeS4i+OBleOBhCnimIXjgIJJQy1OODZCUy1SLTEyQTEzQeOAkOeojui+vOOAkSDjg5Hjg63jg54g44Ks44K544OG44O844OW44Or44CQ6YO95biC44Ks44K5MTJBMTNB55So44CRIFBhbG9tYeOAgOWPs+ODj+OCpOOCq+ODreODquODvOODkOODvOODiuODvCBbSUNOODZCU1IxMkExM0Fd44CQ6L+U5ZOB56iu5YilQeOAkeOAkOmAgeaWmeeEoeaWmeOAkeOAkFJDUOOAkQ==[rn]
37-97096,aHR0cDovL3RzaG9wLnIxMHMuanAvamlzbS9jYWJpbmV0LzA2MzAvNDk1MTMwOTMwMTIzNi5qcGc/Zml0aW49NzAwOjcwMA==,Mjg2NDAuMDAwMA==,,5a626Zu7ID4g44Kt44OD44OB44Oz5a626Zu7ID4g44Ks44K544Kz44Oz44OtID4g5o2u572u5Z6L44Ks44K544Kz44Oz44Ot,UlRFNjNWQktMLUxQ44CQ56iO6L6844CRIOODquODs+ODiuOCpCDjgqzjgrnjg4bjg7zjg5bjg6vjgJDjg5fjg63jg5Hjg7PjgqzjgrlMUOeUqOOAkeOAgOODluODqeODg+OCryDlt6bjg4/jgqTjgqvjg63jg6rjg7zjg5Djg7zjg4rjg7wgW1JURTYzVkJLTExQXeOAkOi/lOWTgeeoruWIpUHjgJHjgJBSQ1DjgJHjgJDpgIHmlpnnhKHmlpnjgJE=,5pyf6ZaT6ZmQ5a6a5L6h5qC877yP5YWI552A5pyA5aSnMjAw5YaG44Kv44O844Od44OzKOODq+ODvOODq+OCkuOBlOeiuuiqjeS4i+OBleOBhCnimIU=,PGZvbnQgY29sb3I9ZGVlcHBpbmsgc2l6ZT0rMT48Yj7jgJDmnJ/plpPpmZDlrprkvqHmoLzvvIHjgJE8L2I+PC9mb250Pjxicj48YnI+PGZvbnQgY29sb3I9cmVkPuKAu+OCu+ODvOODq+WVhuWTgeOBq+OBpOOBjeOAgeOBiuS4gOS6uuanmO+8keWPsOmZkOOCiuOBqOOBleOBm+OBpuOBhOOBn+OBoOOBjeOBvuOBmeOAgu+8iOWgtOWQiOOBq+OCiOOCiuOBvuOBl+OBpuOBr+OAgeOBiuaJi+mFjeOBq+aZgumWk+OBjOOBi+OBi+OCi+OBk+OBqOOCguOBlOOBluOBhOOBvuOBmeOAguOBguOCieOBi+OBmOOCgeOBlOS6huaJv+S4i+OBleOBhOOAgu+8iTwvZm9udD48YnI+PGJyPuWcqOW6q+eKtuazge+8muWFpeiNt+asoeesrOWHuuiNtzxicj48YnI+PGJyPjxmb250IGNvbG9yPWJsdWU+4pah44CM6L+U5ZOB56iu5Yil44CN44Gr44Gk44GE44Gm6Kmz44GX44GP44Gv44GT44Gh44KJ4pahPC9mb250Pjxicj48Zm9udCBzaXplPScyJyBjb2xvcj0nI0NDMDAwMCc+PGI+MjAxN+W5tDAy5pyIIOeZuuWjsjwvYj48L2ZvbnQ+PGJyPjxwPjxicj48cD48Zm9udCBjb2xvcj0icmVkIj7igLvlv4XjgZrjgYrkvb/jgYTjga7jgqzjgrnjga7nqK7poZ7jgpLjgYrnorrjgYvjgoHjga7kuIrjgIHjgZTos7zlhaXjgY/jgaDjgZXjgYTjgILjgZTkvb/nlKjjgavjgarjgovloLTlkIjjga/jgIHliKXlo7Ljga7jgqzjgrnjg5vjg7zjgrnjgYzlv4XopoHjgafjgZnjgII8L2ZvbnQ+PGJyPuKAu+OCrOOCueagk+OBruOCv+OCpOODl+OBq+OCiOOCiuOBvuOBl+OBpuOBr+OAgeS7luOBruWZqOWFt+OBjOW/heimgeOBquWgtOWQiOOBjOOBlOOBluOBhOOBvuOBmeOAgjxCUj7il4bil4fjgqzjgrnjgrPjg7zjg4njga8g44GT44Gh44KJIOOCiOOCiuOBlOazqOaWh+OBhOOBn+OBoOOBkeOBvuOBmeKXh+KXhjxicj7il4bil4fjgqzjgrnjg5vjg7zjgrnmjqXntprlj6Pjga/jgqzjgrnjg4bjg7zjg5bjg6vmraPpnaLlkJHjgYvjgaPjgablt6blgbTog4zpnaLjgafjgZnil4fil4Y8YnI+PGJyPjxiPjxmb250IGNvbG9yPSJibHVlIiBzaXplPSItMSI+5a6J5b+DKHNhZmV0eSnjg7vkvr/liKkoU3VwcG9ydCnjg7vnrJHpoZQoU21pbGUp44KS57SE5p2f44GZ44KL44CB6LOi44GEKGludGVsbGlnZW50Kea4qeW6puOCu+ODs+OCteODvOOCkuOBmeOBueOBpuOBruOCs+ODs+ODreOBq+aQrei8ieOBl+OBn+OAjFNp44K744Oz44K144O844Kz44Oz44Ot44CN44Gn44GZ44CCPC9mb250PjwvYj48YnI+PGJyPjxiPuKXhuOAjOODr+ODs+ODlOODvOOCueODiOODg+ODl+OAjTwvYj48YnI+44OQ44O844OK44O844Oq44Oz44Kw44KS44OI44OD44OX44OX44Os44O844OI44Go5LiA5L2T77yI44Ov44Oz44OU44O844K577yJ44Gr44GX44Gf44GL44KJ44CB44OQ44O844OK44O85ZGo44KK44Gu6ZqZ6ZaT44GM44Gq44GP44Gq44KK44CBPGJyPuOCs+ODs+ODreWGhemDqOOBuOOBrueFruOBk+OBvOOCjOS+teWFpeOCkuOCt+ODo+ODg+ODiOOCouOCpuODiOOBl+OBvuOBmeOAgjxicj7mr47ml6Xjga7jgYrmiYvlhaXjgozjga/jgIHjgZTjgajjgY/jgpLjga/jgZrjgZfjgabjg4jjg4Pjg5fjg5fjg6zjg7zjg4jjga7msZrjgozjgpLjgrXjg4Pjgajmi63jgY/jgaDjgZHjgII8YnI+PGJyPjxiPuKXhuODiOODg+ODl+ODl+ODrOODvOODiO+8muOCr+ODquOCueOCv+ODq+OCs+ODvOODiDwvYj48YnI+44Ob44O844Ot44O855So6Yu85p2/77yL44Ks44Op44K56LOq44Kz44O844OG44Kj44Oz44KwPGJyPuaxmuOCjOOBjOiQveOBoeOChOOBmeOBj+OAgeWCt+OBpOOBjeOBq+OBj+OBhOODiOODg+ODl+ODl+ODrOODvOODiDxicj7jgqvjg6njg7zvvJrjg5bjg6njg4Pjgq88YnI+PGJyPjxiPuKXhuOAjOOBi+OCk+OCv+ODg+ODge+8huimi+OChOOCueOCpOODg+ODgeOAjTwvYj48YnI+5aSn44GN44Gq5paH5a2X44Go44K544Kk44OD44OB44Gn44CB5L2/44GE44KE44GZ44GE6YWN572u44Gu5pON5L2c44OR44ON44Or44Gn44GZ44CCPGJyPuOBvuOBn+OAgeOCs+ODs+ODreOBqOOCsOODquODq+OBruaTjeS9nOODnOOCv+ODs+OCkuiJsuWIhuOBkeOBl+OAgeOBsuOBqOebruOBp+WIhuOBi+OCiuOChOOBmeOBj+OBl+OBvuOBl+OBn+OAgjxicj48YnI+PGI+4peG44CM5o+a44GS44KC44Gu5rip5bqm6Kq/56+A5qmf6IO944CNPC9iPjxicj7mj5rjgZLjgovpo5/mnZDjgavlv5zjgZjjgabmuKnluqbjgpLoqK3lrprjgZnjgozjgbDjgIHoh6rli5XjgafoqK3lrprmuKnluqbjgpLjgq3jg7zjg5fjgZfjgb7jgZnjgII8YnI+PGJyPjxiPuKXhuOAjOa5r+ayuOOBi+OBl+apn+iDveOAjTwvYj48YnI+44GK5rmv44GM44KP44GE44Gf44KJ6Z+z44Gn44GK55+l44KJ44Gb44GX44CB6Ieq5YuV5raI54Gr44GX44G+44GZ44CCNeWIhumWk+S/nea4qeW+jOOBruiHquWLlea2iOeBq+OCguWPr+iDveOBp+OBmeOAgjxicj48YnI+PGI+4peG44CM44Kw44Oq44Or6Kq/55CG44K/44Kk44Oe44O844CNPC9iPjxicj7oqK3lrprjgZfjgZ/mmYLplpPjgavjgarjgovjgajoh6rli5XmtojngavjgZfjgIHnhLzjgY3jgZnjgY7jgpLpmLLjgY7jgb7jgZnjgII8YnI+4oC76Kit5a6a5Y+v6IO95pmC6ZaT77yaMe+9njE15YiGPGJyPjxicj48Yj7il4bjgIzngorpo6/mqZ/og73jgI08L2I+PGJyPuOCueOCpOODg+ODgeOCkuaKvOOBmeOBoOOBkeOBp+OAgeaJi+i7veOBq+ebtOeBq+eCiuOBjeOBruOBlOmjr+OBjOWRs+OCj+OBiOOBvuOBmeOAgueBq+WKm+OCgua2iOeBq+OCguiHquWLleOBp+OBteOBo+OBj+OCieOBiuOBhOOBl+OBj+eCiuOBjeOBguOBkuOBvuOBmeOAgjxicj7igLvlsILnlKjjga7ngorpo6/ph5zjg7vngorpo6/pjYvjga7kvb/nlKjjgpLjgYrjgZnjgZnjgoHjgZfjgb7jgZnjgII8YnI+PGJyPjxiPuKXhuOAjDNT44Kw44Oq44Or44CNPC9iPjxicj7jgrDjg6rjg6vmiYnjgYzmiYvliY3jgavkuIvjgYzjgorjgIHjgoTjgZHjganpmLLmraLjgoToo4/ov5TjgZfjgavkvr/liKnjgafjgZnjgII8YnI+PGJyPuKXhuOCsOODquODq+W6q+WGheOBrua4qeW6puOBjOeVsOW4uOOBq+S4iuOBjOOCi+OBqOiHquWLlea2iOeBq+OAgeeZuueBq+OCkumYsuatouOBmeOCi+OAjOOCsOODquODq+mBjueGsemYsuatouOCu+ODs+OCteODvOOAjTxicj7il4bmk43kvZzjg5zjgr/jg7PjgpLjg63jg4Pjgq/jgIzngrnngavjg63jg4Pjgq/jgI08YnI+4peG44Kz44Oz44Ot44Gu54K554Gr44KS44Gy44Go55uu44Gn56K66KqN44Gn44GN44KL44CM44Kz44Oz44Ot54K554Gr56K66KqN6KGo56S644CNPGJyPuKXhue0hDE15YiG44Gn6Ieq5YuV5raI54Gr44CM44Kw44Oq44Or5raI44GX5b+Y44KM5raI54Gr5qmf6IO944CNPGJyPuKXhuawtOeEoeOBl+S4oemdoueEvOOBjeOCsOODquODqzxicj48YnI+4peG5bem44OP44Kk44Kr44Ot44Oq44O844OQ44O844OK44O8PGJyPjxiPjxmb250IGNvbG9yPXJlZD7igLvmqJnmupbjg5Djg7zjg4rjg7zvvJrjg4/jgqTjgqvjg63jg6rjg7zjg5Djg7zjg4rjg7zjgafjga/jgarjgYTlgbTjga7jg5Djg7zjg4rjg7zjgafjgZnjgII8L2ZvbnQ+PC9iPjxicj7kvovvvJrlt6bjg4/jgqTjgqvjg63jg6rjg7zjg5Djg7zjg4rjg7zjga7loLTlkIjjga/jgIHlj7PlgbTjga7jg5Djg7zjg4rjg7zjgYzmqJnmupbjg5Djg7zjg4rjg7zjgajjgarjgorjgb7jgZnjgII8YnI+PGJyPuKWoOOAgOS7leOAgOanmOOAgOKWoDx1bD48bGk+5bem44OP44Kk44Kr44Ot44Oq44O844OQ44O844OK44O8PC9saT48bGk+44Kr44Op44O877ya44OW44Op44OD44KvPC9saT48bGk+5pys5L2T44K144Kk44K6KOe0hCnvvJrluYU1OS42w5flpaXooYw0OC45w5fpq5jjgZUyMS45Y208L2xpPjxsaT7ph43ph4/vvJrntIQxNGtnPC9saT48bGk+44OI44OD44OX44OX44Os44O844OI44Gu44K/44Kk44OX77ya44Kv44Oq44K544K/44Or44Kz44O844OIPC9saT48bGk+44Kv44Oq44K544K/44Or44Kz44O844OI77ya5rGa44KM44GM6JC944Gh44KE44GZ44GP44CB5YK344Gk44GN44Gr44GP44GE44OI44OD44OX44OX44Os44O844OIPC9saT48bGk+44Ks44K55raI6LK76YePPGJyPuODu+WFqOeCueeBq+aZgu+8mjguNjBrVzxicj7jg7vlvLfngavlipvvvJo0LjIwa1c8YnI+44O75qiZ5rqW77yaMi45N2tXPGJyPuODu+OCsOODquODq++8mjIuMDBrVzwvbGk+PGxpPuecgeOCqOODjeWfuua6lumBlOaIkOeOhzwvbGk+PGxpPuOCs+ODs+ODremDqOecgeOCqOODjeWfuua6lumBlOaIkOeOh++8mjEwMO+8hTwvbGk+PGxpPuOCs+ODs+ODremDqOOCqOODjeODq+OCruODvOa2iOiyu+WKueeOh++8mjU2LjPvvIU8L2xpPjxsaT7jgrDjg6rjg6vpg6jnnIHjgqjjg43ln7rmupbpgZTmiJDnjofvvJoxMDDvvIU8L2xpPjxsaT7jgrDjg6rjg6vpg6jjgqjjg43jg6vjgq7jg7zmtojosrvlirnnjofvvJoyMDlXaDwvbGk+PGxpPuW5tOmWk+ebruWuieeHg+aWmea2iOiyu+mHj++8mjI1LjNtPHN1cD4zPC9zdXA+L+W5tDwvbGk+PC91bD48YnI+PCEtLUNPTl9TVC0tPjxwPjxpbWcgc3JjPWh0dHA6Ly93d3cucmFrdXRlbi5uZS5qcC9nb2xkL2ppc20vaW1nL2thbnJlbl9ici5naWYgYm9yZGVyPTAgd2lkdGg9NDAwIGhlaWdodD00MD48L3A+PGJyPjxicj48YnI+KOKAu+OBk+OBruiqrOaYjuaWh+OBr+alveWkqeW4guWgtOW6l+OBruiomOi8ieWGheWuueOBp+OBmeOAglVSTOOBr2h0dHA6Ly9pdGVtLnJha3V0ZW4uY28uanAvamlzbS/jgaflp4vjgb7jgorjgb7jgZnjgIJVUkzjgYznlbDjgarjgovpmpvjga/jgrXjgqTjg4jjgpLliKnnlKjjgZnjgovjgZPjgajjga7jgarjgYTjgojjgYbljYHliIbjgZTms6jmhI/jgY/jgaDjgZXjgYTjgIIpPHRhYmxlIHdpZHRoPSI2MDAiIGJvcmRlcj0wIGNlbGxwYWRkaW5nPTUgY2VsbHNwYWNpbmc9MCBiZ2NvbG9yPSIjRjBFREU0Ij48dHI+PHRkIGFsaWduPSJjZW50ZXIiIGJnY29sb3I9IiNCQkEwNEUiPgo8dGFibGUgd2lkdGg9IjU5MCIgYm9yZGVyPTAgY2VsbHBhZGRpbmc9MiBjZWxsc3BhY2luZz0xIGJnY29sb3I9IiNGMEVERTQiIHN1bW1hcnk9IiIgc3R5bGU9ImZvbnQtc2l6ZToxMnB4OyI+PHRyPjx0ZD7jgYrjgZnjgZnjgoHjgqvjg4bjgrTjg6rjg7zjgIDvvJrjgIDjgqjjgqLjgrPjg7PjgIDjg7vjgIDliqDmub/lmajjgIDjg7vjgIDlhrfolLXluqvjgIDjg7vjgIDjg5vjg4Pjg4jjgqvjg7zjg5rjg4Pjg4jjgIDjg7vjgIDluIPlm6Pkub7nh6XmqZ88L3RkPjwvdHI+PHRyPjx0ZCBhbGlnbj0iY2VudGVyIj7jgrTjg6vjg5Xjg5zjg7zjg6vjgIDjg7vjgIDmjoPpmaTmqZ/jg7vjgq/jg6rjg7zjg4rjg7zjgIDjg7vjgIDvvLTvvLbjgrLjg7zjg6DjgIDjg7vjgIDpm7vmsaDjgIDjg7vjgIDlhYXpm7vmsaDjg7vlhYXpm7vlmajjgIDjg7vjgIDjg6njg4Pjg5Tjg7PjgrDooosKPC90ZD48L3RyPjwvdGFibGU+CjwvdGQ+PC90cj48L3RhYmxlPjxicj4=,UlRFNjNWQktMLUxQ44CQ56iO6L6844CRIOODquODs+ODiuOCpCDjgqzjgrnjg4bjg7zjg5bjg6vjgJDjg5fjg63jg5Hjg7PjgqzjgrlMUOeUqOOAkeOAgOODluODqeODg+OCryDlt6bjg4/jgqTjgqvjg63jg6rjg7zjg5Djg7zjg4rjg7wgW1JURTYzVkJLTExQXeOAkOi/lOWTgeeoruWIpUHjgJHjgJBSQ1DjgJHjgJDpgIHmlpnnhKHmlpnjgJHvvJpKb3NoaW4gd2ViIOWutumbu+OBqFBD44Gu5aSn5Z6L5bCC6ZaA5bqX,5a626Zu744OR44K944Kz44OzQVbmqZ/lmajpq5jntJrjgqrjg7zjg4fjgqPjgqrjg5vjg5Pjg7zjgYrjgoLjgaHjgoPjgrLjg7zjg6DpiYTpgZPmqKHlnovmmYLoqIhQQ+ODhuODrOODk+ODrOOCs+ODvOODgOODvOmbkeiyqOaooeWei+WGt+iUteW6q+a0l+a/r+apn+OCqOOCouOCs+ODs2dhbWVob2JieWNvbXB1dGVyUlRFNjNWQktMLUxQ44CQ56iO6L6844CRIOODquODs+ODiuOCpCDjgqzjgrnjg4bjg7zjg5bjg6vjgJDjg5fjg63jg5Hjg7PjgqzjgrlMUOeUqOOAkeOAgOODluODqeODg+OCryDlt6bjg4/jgqTjgqvjg63jg6rjg7zjg5Djg7zjg4rjg7wgW1JURTYzVkJLTExQXeOAkOi/lOWTgeeoruWIpUHjgJHjgJBSQ1DjgJHjgJDpgIHmlpnnhKHmlpnjgJE=,5pyf6ZaT6ZmQ5a6a5L6h5qC877yP5YWI552A5pyA5aSnMjAw5YaG44Kv44O844Od44OzKOODq+ODvOODq+OCkuOBlOeiuuiqjeS4i+OBleOBhCnimIXjgIJSVEU2M1ZCS0wtTFDjgJDnqI7ovrzjgJEg44Oq44Oz44OK44KkIOOCrOOCueODhuODvOODluODq+OAkOODl+ODreODkeODs+OCrOOCuUxQ55So44CR44CA44OW44Op44OD44KvIOW3puODj+OCpOOCq+ODreODquODvOODkOODvOODiuODvCBbUlRFNjNWQktMTFBd44CQ6L+U5ZOB56iu5YilQeOAkeOAkFJDUOOAkeOAkOmAgeaWmeeEoeaWmeOAkQ==[rn]
37-97097,aHR0cDovL3RzaG9wLnIxMHMuanAvamlzbS9jYWJpbmV0LzAzOTMvNDk1MTMwOTI5MzkyMC5qcGc/Zml0aW49NzAwOjcwMA==,MjE0NDAuMDAwMA==,,5a626Zu7ID4g44Kt44OD44OB44Oz5a626Zu7ID4g44Ks44K544Kz44Oz44OtID4g5o2u572u5Z6L44Ks44K544Kz44Oz44Ot,S0dNNjNWVEdSLUxQ44CQ56iO6L6844CRIOODquODs+ODiuOCpCDjgqzjgrnjg4bjg7zjg5bjg6vjgJDjg5fjg63jg5Hjg7PjgqzjgrlMUOeUqOOAkeOAgOOCsOODrOODvCDlj7Pjg4/jgqTjgqvjg63jg6rjg7zjg5Djg7zjg4rjg7wgW0tHTTYzVlRHUkxQXeOAkOi/lOWTgeeoruWIpUHjgJHjgJDpgIHmlpnnhKHmlpnjgJHjgJBSQ1DjgJE=,5YWI552A5pyA5aSnMjAw5YaG44Kv44O844Od44OzKOODq+ODvOODq+OCkuOBlOeiuuiqjeS4i+OBleOBhCnimIU=,5Zyo5bqr54q25rOB77ya5YWl6I235qyh56ys5Ye66I23PGJyPjxicj48YnI+PGZvbnQgY29sb3I9Ymx1ZT7ilqHjgIzov5Tlk4HnqK7liKXjgI3jgavjgaTjgYTjgaboqbPjgZfjgY/jga/jgZPjgaHjgonilqE8L2ZvbnQ+PGJyPjxmb250IHNpemU9JzInIGNvbG9yPScjQ0MwMDAwJz48Yj4yMDE05bm0MTHmnIgg55m65aOyPC9iPjwvZm9udD48YnI+PHA+PGJyPjxwPjxmb250IGNvbG9yPSJyZWQiPuKAu+W/heOBmuOBiuS9v+OBhOOBruOCrOOCueOBrueorumhnuOCkuOBiueiuuOBi+OCgeOBruS4iuOAgeOBlOizvOWFpeOBj+OBoOOBleOBhOOAguOBlOS9v+eUqOOBq+OBquOCi+WgtOWQiOOBr+OAgeWIpeWjsuOBruOCrOOCueODm+ODvOOCueOBjOW/heimgeOBp+OBmeOAgjwvZm9udD48YnI+4oC744Ks44K55qCT44Gu44K/44Kk44OX44Gr44KI44KK44G+44GX44Gm44Gv44CB5LuW44Gu5Zmo5YW344GM5b+F6KaB44Gq5aC05ZCI44GM44GU44GW44GE44G+44GZ44CCPEJSPuKXhuKXh+OCrOOCueOCs+ODvOODieOBryDjgZPjgaHjgokg44KI44KK44GU5rOo5paH44GE44Gf44Gg44GR44G+44GZ4peH4peGPGJyPuKXhuKXh+OCrOOCueODm+ODvOOCueaOpee2muWPo+OBr+OCrOOCueODhuODvOODluODq+ato+mdouWQkeOBi+OBo+OBpuW3puWBtOiDjOmdouOBp+OBmeKXh+KXhjxicj48YnI+PGI+PGZvbnQgY29sb3I9ImJsdWUiIHNpemU9Ii0xIj7lronlv4Moc2FmZXR5KeODu+S+v+WIqShTdXBwb3J0KeODu+eskemhlChTbWlsZSnjgpLntITmnZ/jgZnjgovjgIHos6LjgYQoaW50ZWxsaWdlbnQp5rip5bqm44K744Oz44K144O844KS44GZ44G544Gm44Gu44Kz44Oz44Ot44Gr5pCt6LyJ44GX44Gf44CMU2njgrvjg7PjgrXjg7zjgrPjg7Pjg63jgI3jgafjgZnjgII8L2ZvbnQ+PC9iPjxicj48YnI+PGI+4peG44CM44Ov44Oz44OU44O844K544OI44OD44OX44CNPC9iPjxicj7jg5Djg7zjg4rjg7zjg6rjg7PjgrDjgpLjg4jjg4Pjg5fjg5fjg6zjg7zjg4jjgajkuIDkvZPvvIjjg6/jg7Pjg5Tjg7zjgrnvvInjgavjgZfjgZ/jgYvjgonjgIHjg5Djg7zjg4rjg7zlkajjgorjga7pmpnplpPjgYzjgarjgY/jgarjgorjgIE8YnI+44Kz44Oz44Ot5YaF6YOo44G444Gu54Wu44GT44G844KM5L615YWl44KS44K344Oj44OD44OI44Ki44Km44OI44GX44G+44GZ44CCPGJyPuavjuaXpeOBruOBiuaJi+WFpeOCjOOBr+OAgeOBlOOBqOOBj+OCkuOBr+OBmuOBl+OBpuODiOODg+ODl+ODl+ODrOODvOODiOOBruaxmuOCjOOCkuOCteODg+OBqOaLreOBj+OBoOOBkeOAgjxicj48YnI+PGI+4peG44CM44GL44KT44K/44OD44OB77yG6KaL44KE44K544Kk44OD44OB44CNPC9iPjxicj7lpKfjgY3jgarmloflrZfjgajjgrnjgqTjg4Pjg4HjgafjgIHkvb/jgYTjgoTjgZnjgYTphY3nva7jga7mk43kvZzjg5Hjg43jg6vjgafjgZnjgII8YnI+44G+44Gf44CB44Kz44Oz44Ot44Go44Kw44Oq44Or44Gu5pON5L2c44Oc44K/44Oz44KS6Imy5YiG44GR44GX44CB44Gy44Go55uu44Gn5YiG44GL44KK44KE44GZ44GP44GX44G+44GX44Gf44CCPGJyPjxicj48Yj7il4bjgIzmj5rjgZLjgoLjga7muKnluqboqr/nr4DmqZ/og73jgI08L2I+PGJyPuaPmuOBkuOCi+mjn+adkOOBq+W/nOOBmOOBpua4qeW6puOCkuioreWumuOBmeOCjOOBsOOAgeiHquWLleOBp+ioreWumua4qeW6puOCkuOCreODvOODl+OBl+OBvuOBmeOAgjxicj48YnI+PGI+4peG44CM5rmv5rK444GL44GX5qmf6IO944CNPC9iPjxicj7jgYrmua/jgYzjgo/jgYTjgZ/jgonpn7PjgafjgYrnn6XjgonjgZvjgZfjgIHoh6rli5XmtojngavjgZfjgb7jgZnjgII15YiG6ZaT5L+d5rip5b6M44Gu6Ieq5YuV5raI54Gr44KC5Y+v6IO944Gn44GZ44CCPGJyPjxicj48Yj7il4bjgIzngorpo6/mqZ/og73jgI08L2I+PGJyPuOCueOCpOODg+ODgeOCkuaKvOOBmeOBoOOBkeOBp+OAgeaJi+i7veOBq+ebtOeBq+eCiuOBjeOBruOBlOmjr+OBjOWRs+OCj+OBiOOBvuOBmeOAgueBq+WKm+OCgua2iOeBq+OCguiHquWLleOBp+OBteOBo+OBj+OCieOBiuOBhOOBl+OBj+eCiuOBjeOBguOBkuOBvuOBmeOAgjxicj7igLvlsILnlKjjga7ngorpo6/ph5zjg7vngorpo6/pjYvjga7kvb/nlKjjgpLjgYrjgZnjgZnjgoHjgZfjgb7jgZnjgII8YnI+PGJyPjxiPuKXhuOAjDNT44Kw44Oq44Or44CNPC9iPjxicj7jgrDjg6rjg6vmiYnjgYzmiYvliY3jgavkuIvjgYzjgorjgIHjgoTjgZHjganpmLLmraLjgoToo4/ov5TjgZfjgavkvr/liKnjgafjgZnjgII8YnI+PGJyPuKXhuOCsOODquODq+W6q+WGheOBrua4qeW6puOBjOeVsOW4uOOBq+S4iuOBjOOCi+OBqOiHquWLlea2iOeBq+OAgeeZuueBq+OCkumYsuatouOBmeOCi+OAjOOCsOODquODq+mBjueGsemYsuatouOCu+ODs+OCteODvOOAjTxicj7il4bmk43kvZzjg5zjgr/jg7PjgpLjg63jg4Pjgq/jgIzngrnngavjg63jg4Pjgq/jgI08YnI+4peG44Kz44Oz44Ot44Gu54K554Gr44KS44Gy44Go55uu44Gn56K66KqN44Gn44GN44KL44CM44Kz44Oz44Ot54K554Gr56K66KqN6KGo56S644CNPGJyPuKXhue0hDE15YiG44Gn6Ieq5YuV5raI54Gr44CM44Kw44Oq44Or5raI44GX5b+Y44KM5raI54Gr5qmf6IO944CNPGJyPuKXhuawtOeEoeOBl+S4oemdoueEvOOBjeOCsOODquODqzxicj48YnI+4peG5Y+z44OP44Kk44Kr44Ot44Oq44O844OQ44O844OK44O8PGJyPjxiPjxmb250IGNvbG9yPXJlZD7igLvmqJnmupbjg5Djg7zjg4rjg7zvvJrjg4/jgqTjgqvjg63jg6rjg7zjg5Djg7zjg4rjg7zjgafjga/jgarjgYTlgbTjga7jg5Djg7zjg4rjg7zjgafjgZnjgII8L2ZvbnQ+PC9iPjxicj7kvovvvJrlj7Pjg4/jgqTjgqvjg63jg6rjg7zjg5Djg7zjg4rjg7zjga7loLTlkIjjga/jgIHlt6blgbTjga7jg5Djg7zjg4rjg7zjgYzmqJnmupbjg5Djg7zjg4rjg7zjgajjgarjgorjgb7jgZnjgII8YnI+PGJyPuKWoOOAgOS7leOAgOanmOOAgOKWoDx1bD48bGk+5Y+z44OP44Kk44Kr44Ot44Oq44O844OQ44O844OK44O8PC9saT48bGk+44Kr44Op44O877ya44Kw44Os44O8PC9saT48bGk+5pys5L2T44K144Kk44K6KOe0hCnvvJrluYU1OS42w5flpaXooYw0OC45w5fpq5jjgZUxOC4wY23vvIjjg4jjg4Pjg5fjg5fjg6zjg7zjg4jlpaXooYw0MC43Y23vvIk8L2xpPjxsaT7jgrDjg6rjg6vntrLjgrXjgqTjgrrvvIjntITvvInvvJrluYUyMy4yw5flpaXooYwzMC40Y208L2xpPjxsaT7ph43ph4/vvJrntIQxNGtnPC9saT48bGk+44OI44OD44OX44OX44Os44O844OI44Gu44K/44Kk44OX77ya44Kv44Oq44K544K/44Or44Kz44O844OIPC9saT48bGk+44Ks44K55raI6LK76YePPGJyPuODu+WFqOeCueeBq+aZgu+8mjguNjBrVzxicj7jg7vlvLfngavlipvvvJo0LjIwa1c8YnI+44O75qiZ5rqW77yaMi45N2tXPGJyPuODu+OCsOODquODq++8mjIuMDBrVzwvbGk+PGxpPuecgeOCqOODjeWfuua6lumBlOaIkOeOhzwvbGk+PGxpPuOCs+ODs+ODremDqOecgeOCqOODjeWfuua6lumBlOaIkOeOh++8mjEwMO+8hTwvbGk+PGxpPuOCs+ODs+ODremDqOOCqOODjeODq+OCruODvOa2iOiyu+WKueeOh++8mjU2LjPvvIU8L2xpPjxsaT7jgrDjg6rjg6vpg6jnnIHjgqjjg43ln7rmupbpgZTmiJDnjofvvJoxMDDvvIU8L2xpPjxsaT7jgrDjg6rjg6vpg6jjgqjjg43jg6vjgq7jg7zmtojosrvlirnnjofvvJoyMDlXaDwvbGk+PGxpPuW5tOmWk+ebruWuieeHg+aWmea2iOiyu+mHj++8mjI1bTxzdXA+Mzwvc3VwPi/lubQ8L2xpPjwvdWw+PGJyPjwhLS1DT05fU1QtLT48cD48aW1nIHNyYz1odHRwOi8vd3d3LnJha3V0ZW4ubmUuanAvZ29sZC9qaXNtL2ltZy9rYW5yZW5fYnIuZ2lmIGJvcmRlcj0wIHdpZHRoPTQwMCBoZWlnaHQ9NDA+PC9wPjxicj48YnI+PGJyPijigLvjgZPjga7oqqzmmI7mlofjga/mpb3lpKnluILloLTlupfjga7oqJjovInlhoXlrrnjgafjgZnjgIJVUkzjga9odHRwOi8vaXRlbS5yYWt1dGVuLmNvLmpwL2ppc20v44Gn5aeL44G+44KK44G+44GZ44CCVVJM44GM55Ww44Gq44KL6Zqb44Gv44K144Kk44OI44KS5Yip55So44GZ44KL44GT44Go44Gu44Gq44GE44KI44GG5Y2B5YiG44GU5rOo5oSP44GP44Gg44GV44GE44CCKTx0YWJsZSB3aWR0aD0iNjAwIiBib3JkZXI9MCBjZWxscGFkZGluZz01IGNlbGxzcGFjaW5nPTAgYmdjb2xvcj0iI0YwRURFNCI+PHRyPjx0ZCBhbGlnbj0iY2VudGVyIiBiZ2NvbG9yPSIjQkJBMDRFIj4KPHRhYmxlIHdpZHRoPSI1OTAiIGJvcmRlcj0wIGNlbGxwYWRkaW5nPTIgY2VsbHNwYWNpbmc9MSBiZ2NvbG9yPSIjRjBFREU0IiBzdW1tYXJ5PSIiIHN0eWxlPSJmb250LXNpemU6MTJweDsiPjx0cj48dGQ+44GK44GZ44GZ44KB44Kr44OG44K044Oq44O844CA77ya44CA44Ko44Ki44Kz44Oz44CA44O744CA5Yqg5rm/5Zmo44CA44O744CA5Ya36JS15bqr44CA44O744CA44Ob44OD44OI44Kr44O844Oa44OD44OI44CA44O744CA5biD5Zuj5Lm+54el5qmfPC90ZD48L3RyPjx0cj48dGQgYWxpZ249ImNlbnRlciI+44K044Or44OV44Oc44O844Or44CA44O744CA5o6D6Zmk5qmf44O744Kv44Oq44O844OK44O844CA44O744CA77y077y244Ky44O844Og44CA44O744CA6Zu75rGg44CA44O744CA5YWF6Zu75rGg44O75YWF6Zu75Zmo44CA44O744CA44Op44OD44OU44Oz44Kw6KKLCjwvdGQ+PC90cj48L3RhYmxlPgo8L3RkPjwvdHI+PC90YWJsZT48YnI+,S0dNNjNWVEdSLUxQ44CQ56iO6L6844CRIOODquODs+ODiuOCpCDjgqzjgrnjg4bjg7zjg5bjg6vjgJDjg5fjg63jg5Hjg7PjgqzjgrlMUOeUqOOAkeOAgOOCsOODrOODvCDlj7Pjg4/jgqTjgqvjg63jg6rjg7zjg5Djg7zjg4rjg7wgW0tHTTYzVlRHUkxQXeOAkOi/lOWTgeeoruWIpUHjgJHjgJDpgIHmlpnnhKHmlpnjgJHjgJBSQ1DjgJHvvJpKb3NoaW4gd2ViIOWutumbu+OBqFBD44Gu5aSn5Z6L5bCC6ZaA5bqX,5a626Zu744OR44K944Kz44OzQVbmqZ/lmajpq5jntJrjgqrjg7zjg4fjgqPjgqrjg5vjg5Pjg7zjgYrjgoLjgaHjgoPjgrLjg7zjg6DpiYTpgZPmqKHlnovmmYLoqIhQQ+ODhuODrOODk+ODrOOCs+ODvOODgOODvOmbkeiyqOaooeWei+WGt+iUteW6q+a0l+a/r+apn+OCqOOCouOCs+ODs2dhbWVob2JieWNvbXB1dGVyS0dNNjNWVEdSLUxQ44CQ56iO6L6844CRIOODquODs+ODiuOCpCDjgqzjgrnjg4bjg7zjg5bjg6vjgJDjg5fjg63jg5Hjg7PjgqzjgrlMUOeUqOOAkeOAgOOCsOODrOODvCDlj7Pjg4/jgqTjgqvjg63jg6rjg7zjg5Djg7zjg4rjg7wgW0tHTTYzVlRHUkxQXeOAkOi/lOWTgeeoruWIpUHjgJHjgJDpgIHmlpnnhKHmlpnjgJHjgJBSQ1DjgJE=,5YWI552A5pyA5aSnMjAw5YaG44Kv44O844Od44OzKOODq+ODvOODq+OCkuOBlOeiuuiqjeS4i+OBleOBhCnimIXjgIJLR002M1ZUR1ItTFDjgJDnqI7ovrzjgJEg44Oq44Oz44OK44KkIOOCrOOCueODhuODvOODluODq+OAkOODl+ODreODkeODs+OCrOOCuUxQ55So44CR44CA44Kw44Os44O8IOWPs+ODj+OCpOOCq+ODreODquODvOODkOODvOODiuODvCBbS0dNNjNWVEdSTFBd44CQ6L+U5ZOB56iu5YilQeOAkeOAkOmAgeaWmeeEoeaWmeOAkeOAkFJDUOOAkQ==[rn]
37-97098,aHR0cDovL3RzaG9wLnIxMHMuanAvamlzbS9jYWJpbmV0LzAzNzgvNDk1MTMwOTI5MTI1NC5qcGc/Zml0aW49NzAwOjcwMA==,MTI5NDQuMDAwMA==,,5a626Zu7ID4g44Kt44OD44OB44Oz5a626Zu7ID4g44Ks44K544Kz44Oz44OtID4g5o2u572u5Z6L44Ks44K544Kz44Oz44Ot,S0dNNjRCRVItTFDjgJDnqI7ovrzjgJEg44Oq44Oz44OK44KkIOOCrOOCueODhuODvOODluODq+OAkOODl+ODreODkeODs+OCrOOCuUxQ55So44CR44CA44Kv44Oq44O844Og44OZ44O844K444OlIFJpbm5haeOAgOWPs+ODj+OCpOOCq+ODreODquODvOODkOODvOODiuODvCBbS0dNNjRCRVJMUF3jgJDov5Tlk4HnqK7liKVB44CR44CQ6YCB5paZ54Sh5paZ44CR44CQUkNQ44CR,5YWI552A5pyA5aSnMjAw5YaG44Kv44O844Od44OzKOODq+ODvOODq+OCkuOBlOeiuuiqjeS4i+OBleOBhCnimIU=,5Zyo5bqr54q25rOB77ya4peL5Zyo5bqr44GC44KKPGJyPjLml6XvvZ4z5pel44Gn5Ye66I23PGJyPjxicj48YnI+PGZvbnQgY29sb3I9Ymx1ZT7ilqHjgIzov5Tlk4HnqK7liKXjgI3jgavjgaTjgYTjgaboqbPjgZfjgY/jga/jgZPjgaHjgonilqE8L2ZvbnQ+PGJyPjxmb250IHNpemU9JzInIGNvbG9yPScjQ0MwMDAwJz48Yj4yMDE05bm0MDjmnIgg55m65aOyPC9iPjwvZm9udD48YnI+PHA+PGJyPjxwPuKAu+WVhuWTgeeUu+WDj+OBr+W3puODj+OCpOOCq+ODreODquODvOODkOODvOODiuODvOOCv+OCpOODl+OCkuS9v+eUqOOBl+OBpuOBhOOBvuOBmeOAgjxicj48Zm9udCBjb2xvcj0icmVkIj7igLvlv4XjgZrjgYrkvb/jgYTjga7jgqzjgrnjga7nqK7poZ7jgpLjgYrnorrjgYvjgoHjga7kuIrjgIHjgZTos7zlhaXjgY/jgaDjgZXjgYTjgILjgZTkvb/nlKjjgavjgarjgovloLTlkIjjga/jgIHliKXlo7Ljga7jgqzjgrnjg5vjg7zjgrnjgYzlv4XopoHjgafjgZnjgII8L2ZvbnQ+PGJyPuKAu+OCrOOCueagk+OBruOCv+OCpOODl+OBq+OCiOOCiuOBvuOBl+OBpuOBr+OAgeS7luOBruWZqOWFt+OBjOW/heimgeOBquWgtOWQiOOBjOOBlOOBluOBhOOBvuOBmeOAgjxCUj7il4bil4fjgqzjgrnjgrPjg7zjg4njga8g44GT44Gh44KJIOOCiOOCiuOBlOazqOaWh+OBhOOBn+OBoOOBkeOBvuOBmeKXh+KXhjxicj7il4bil4fjgqzjgrnjg5vjg7zjgrnmjqXntprlj6Pjga/jgqzjgrnjg4bjg7zjg5bjg6vmraPpnaLlkJHjgYvjgaPjgablt6blgbTog4zpnaLjgafjgZnil4fil4Y8YnI+PGJyPjxiPjxmb250IGNvbG9yPSJibHVlIiBzaXplPSItMSI+5a6J5b+DKHNhZmV0eSnjg7vkvr/liKkoU3VwcG9ydCnjg7vnrJHpoZQoU21pbGUp44KS57SE5p2f44GZ44KL44CB6LOi44GEKGludGVsbGlnZW50Kea4qeW6puOCu+ODs+OCteODvOOCkuOBmeOBueOBpuOBruOCs+ODs+ODreOBq+aQrei8ieOBl+OBn+OAjFNp44K744Oz44K144O844Kz44Oz44Ot44CN44Gn44GZ44CCPC9mb250PjwvYj48YnI+PGJyPjxiPuKXhuaWsOODleODreODs+ODiOODh+OCtuOCpOODs+OAgjwvYj48YnI+5YmN6Z2i44OR44ON44Or44Gu44OV44Ot44Oz44OI44OH44K244Kk44Oz44KS5LiA5paw44CB5pON5L2c44Oc44K/44Oz44KS5aSn44GN44GP44GX44CB5pON5L2c5oCn44KS5ZCR5LiK44GV44Gb44G+44GX44Gf44CCPGJyPuOBvuOBn+OAgU9OL09GRuODlOOCr+ODgeODo+ODvOOCteOCpOODs+OCkuaQrei8ieOBmeOCi+OBk+OBqOOBp+OAgeS9v+eUqOeKtuaFi+OCkuS4gOebruOBp+WIhuOBi+OCiuOChOOBmeOBj+OBl+OBvuOBl+OBn+OAgjxicj48YnI+PGI+4peG44OQ44O844OK44O844Oq44Oz44Kw5LiA5L2T44OI44OD44OX44OX44Os44O844OI44CCPC9iPjxicj7jgrnjg4Pjgq3jg6rjgajjgZfjgZ/jg5Xjg6njg4Pjg4jjgarjg5vjg7zjg63jg7zjg4jjg4Pjg5fjg5fjg6zjg7zjg4jjga7mjqHnlKjjgavjgojjgorjgYrmiYvlhaXjgozjgYzjgajjgabjgoLnsKHljZjjgafjgZnjgII8YnI+44GX44KL5Y+X44GR44GM44Gq44GE5qeL6YCg44Gq44Gu44Gn44CB44GU44Go44GP44KS5aSW44Gb44Gw44OV44Op44OD44OI44Gq44OI44OD44OX44OX44Os44O844OI44Go44Gq44KK44CB44GK5omL5YWl44KM44KC44K144OD44Go44Gy44Go5out44GN44Gn57Ch5Y2Y44CCPGJyPuOBvuOBn+OAgeOCsOODquODq+aOkuawl+WPo+OCq+ODkOODvOOBr+OCs+ODs+ODkeOCr+ODiOOBp+ODiOODg+ODl+ODl+ODrOODvOODiOOBqOODleODqeODg+ODiOOBp+OBmeOBo+OBjeOCiuOBl+OBpuOBhOOBvuOBmeOAgjxicj48YnI+PGI+4peG44Kz44Oz44OR44Kv44OI44GU44Go44GP44CCPC9iPjxicj7ooajpnaLnqY3jga7lsI/jgZXjgYTjgrPjg7Pjg5Hjgq/jg4jjgarnt5rmnZDmnqDjgavjgZnjgovjgZPjgajjgafjgYrmiYvlhaXjgozmgKfjgpLlkJHkuIrjgZfjgabjgYTjgb7jgZnjgII8YnI+PGJyPjxiPuKXhuODkOODvOODiuODvOOCreODo+ODg+ODl+ODrOOCuSDjg5Djg7zjg4rjg7zjg5jjg4Pjg4njgII8L2I+PGJyPuODm+ODvOODreODvOijveOBruODkOODvOODiuODvOOCreODo+ODg+ODl+OCkuW7g+atouOBmeOCi+OBk+OBqOOBp+OAgeOBmeOBo+OBjeOCiuOBqOOBl+OBn+Wkluims+OBqOOBl+OAgeOBiuaJi+WFpeOCjOaAp+OCguWQkeS4iuOBl+OBvuOBl+OBn+OAgjxicj48YnI+PGI+4peG44OV44Op44OD44OI5o6S5rCX5Y+j44Kr44OQ44O844CCPC9iPjxicj7mjpLmsJflj6Pjgqvjg5Djg7zjga7pq5jjgZXjgpLlvpPmnaXjgojjgoo4bW3kvY7jgY/jgZnjgovjgZPjgajjgaflpKnmnb/jga7jg5Xjg6njg4Pjg4jmhJ/jgpLlkJHkuIrjgZfjgabjgYTjgb7jgZnjgII8YnI+PGJyPjxiPuKXhuOCsOODquODq+aJieOAgjwvYj48YnI+44Kw44Oq44Or5omJ44Gu5pG65YuV5oCn44KS5pS55ZaE44GX44CB44Kw44Oq44Or55q/44Gu5Ye644GX5YWl44KM44GM44K544Og44O844K644Gr44Gq44KK44G+44GX44Gf44CCPGJyPuOChOOBkeOBqemYsuatouOBruani+mAoOOCguaOoeeUqOOBl+OAgeOBvuOBn+OCsOODquODq+aJieOBjOODr+ODs+OCv+ODg+ODgeedgOiEseW8j+OBrueCuuOAgeOBiuaJi+WFpeOCjOOCguewoeWNmOOBp+OBmeOAgjxicj48YnI+PGI+4peG5a6J5YWo5qmf6IO944CCPC9iPjxicj7jg7vmj5rjgZLjgoLjga7oqr/nkIbmmYLjgarjganjgavljbHpmbrmuKnluqbjgavjgarjgovliY3jgavjgIHoh6rli5XmtojngavjgIzlpKnjgbfjgonmsrnpgY7nhrHpmLLmraLmqZ/og73vvIjlvLfngavlipvjg7vmqJnmupbjg5Djg7zjg4rjg7zvvInjgI08YnI+44O754Wu44GT44G844KM44KE6aKo44Gq44Gp44Gn54Gr44GM5raI44GI44KL44Go44CB6Ieq5YuV44Gn44Ks44K544KS5q2i44KB44KL44CM56uL5raI44GI5a6J5YWo6KOF572u44CNPGJyPuODu+mrmOa4qeiqv+eQhuaZguOAgeW8t+eBq+OBqOW8seeBq+OCkue5sOOCiui/lOOBl+iqv+eQhuS4reOBrumAlOS4rea2iOeBq+OCkumYsuatouOBmeOCi+OAjOmrmOa4qeiHquWLlea4qeW6puiqv+evgOapn+iDve+8iOW8t+eBq+WKm+ODu+aomea6luODkOODvOODiuODvO+8ieOAjTxicj7jg7vpjYvlupXjga7nhKbjgZLjgaTjgY3jgYzlp4vjgb7jgorjgIHpjYvjgpLlgrfjgoHjgovliY3jgavoh6rli5XmtojngavjgIznhKbjgZLjgaTjgY3mtojngavmqZ/og73vvIjlvLfngavlipvjg7vmqJnmupbjg5Djg7zjg4rjg7zvvInjgI08YnI+44O75by354Gr5Yqb44O75qiZ5rqW44OQ44O844OK44O844Go44KC57SEMuaZgumWk+OBp+iHquWLlea2iOeBq+OAjOOCs+ODs+ODrea2iOOBl+W/mOOCjOa2iOeBq+apn+iDveOAjTxicj7jg7vjgrDjg6rjg6vjgpLpgKPntprjgafntIQyMOWIhumWk+S9v+eUqOOBmeOCi+OBqOiHquWLlea2iOeBq+OBmeOCi+OAjOOCsOODquODq+a2iOOBl+W/mOOCjOa2iOeBq+apn+iDveOAjeS7mOOBjeOBp+OBmeOBruOBp+OAgea2iOOBl+W/mOOCjOOBruW/g+mFjeOBjOOBguOCiuOBvuOBm+OCk+OAgjxicj48YnI+4peG54K554Gr44K544Kk44OD44OB44KS5oq844Gb44Gw54K554Gr44GZ44KL44G+44Gn6Ieq5YuV55qE44Gr6YCj57aa44K544OR44O844Kv44KS6KGM44GG44CM44Op44Kv54K554Gr44CN44Gr44KI44KK44CB5pON5L2c5oCn44GM5ZCR5LiK44GX44G+44GX44Gf44CCPGJyPuKXhuaTjeS9nOODnOOCv+ODs+OCkuODreODg+OCr+OBleOBm+OCi+apn+ani+OAjOeCueeBq+ODreODg+OCr+OAjTxicj48YnI+4peG5Y+z44OP44Kk44Kr44Ot44Oq44O844OQ44O844OK44O8PGJyPjxicj48Yj48Zm9udCBjb2xvcj1yZWQ+4oC75qiZ5rqW44OQ44O844OK44O877ya44OP44Kk44Kr44Ot44Oq44O844OQ44O844OK44O844Gn44Gv44Gq44GE5YG044Gu44OQ44O844OK44O844Gn44GZ44CCPC9mb250PjwvYj48YnI+5L6L77ya5Y+z44OP44Kk44Kr44Ot44Oq44O844OQ44O844OK44O844Gu5aC05ZCI44Gv44CB5bem5YG044Gu44OQ44O844OK44O844GM5qiZ5rqW44OQ44O844OK44O844Go44Gq44KK44G+44GZ44CCPGJyPjxicj7ilqDjgIDku5XjgIDmp5jjgIDilqA8dWw+PGxpPuWPs+ODj+OCpOOCq+ODreODquODvOODkOODvOODiuODvDwvbGk+PGxpPuOCq+ODqeODvO+8muOCr+ODquODvOODoOODmeODvOOCuOODpTwvbGk+PGxpPuacrOS9k+OCteOCpOOCuu+8iOe0hO+8ie+8muW5hTU5LjbDl+WlpeihjDQ1LjLDl+mrmOOBlTIxLjhjbe+8iOODiOODg+ODl+ODl+ODrOODvOODiOmrmOOBlTE4LjDDl+WlpeihjDM5LjJjbe+8iTwvbGk+PGxpPuOCsOODquODq+e2suOCteOCpOOCuu+8iOe0hO+8ie+8muW5hTIwLjjDl+WlpeihjDMwLjRjbTwvbGk+PGxpPumHjemHj++8mue0hDguMGtnPC9saT48bGk+44OI44OD44OX44OX44Os44O844OI44Gu44K/44Kk44OX77ya44Kv44Oq44K544K/44Or44Kz44O844OIPC9saT48bGk+44Ks44K55raI6LK76YePPGJyPuODu+WFqOeCueeBq+aZgu+8mjguMGtXPGJyPuODu+W8t+eBq+WKm++8mjQuMjBrVzxicj7jg7vmqJnmupbvvJoyLjk3a1c8YnI+44O744Kw44Oq44Or77yaMS4zM2tXPC9saT48bGk+55yB44Ko44ON5Z+65rqW6YGU5oiQ546HPC9saT48bGk+44Kz44Oz44Ot6YOo55yB44Ko44ON5Z+65rqW6YGU5oiQ546H77yaMTAw77yFPC9saT48bGk+44Kz44Oz44Ot6YOo44Ko44ON44Or44Ku44O85raI6LK75Yq5546H77yaNTYuM++8hTwvbGk+PGxpPuOCsOODquODq+mDqOecgeOCqOODjeWfuua6lumBlOaIkOeOh++8mjExM++8hTwvbGk+PGxpPuOCsOODquODq+mDqOOCqOODjeODq+OCruODvOa2iOiyu+WKueeOh++8mjE2N1doPC9saT48bGk+5bm06ZaT55uu5a6J54eD5paZ5raI6LK76YeP77yaMjVtPHN1cD4zPC9zdXA+L+W5tDwvbGk+PC91bD48YnI+PCEtLUNPTl9TVC0tPjxwPjxpbWcgc3JjPWh0dHA6Ly93d3cucmFrdXRlbi5uZS5qcC9nb2xkL2ppc20vaW1nL2thbnJlbl9ici5naWYgYm9yZGVyPTAgd2lkdGg9NDAwIGhlaWdodD00MD48L3A+PGJyPjxicj48YnI+KOKAu+OBk+OBruiqrOaYjuaWh+OBr+alveWkqeW4guWgtOW6l+OBruiomOi8ieWGheWuueOBp+OBmeOAglVSTOOBr2h0dHA6Ly9pdGVtLnJha3V0ZW4uY28uanAvamlzbS/jgaflp4vjgb7jgorjgb7jgZnjgIJVUkzjgYznlbDjgarjgovpmpvjga/jgrXjgqTjg4jjgpLliKnnlKjjgZnjgovjgZPjgajjga7jgarjgYTjgojjgYbljYHliIbjgZTms6jmhI/jgY/jgaDjgZXjgYTjgIIpPHRhYmxlIHdpZHRoPSI2MDAiIGJvcmRlcj0wIGNlbGxwYWRkaW5nPTUgY2VsbHNwYWNpbmc9MCBiZ2NvbG9yPSIjRjBFREU0Ij48dHI+PHRkIGFsaWduPSJjZW50ZXIiIGJnY29sb3I9IiNCQkEwNEUiPgo8dGFibGUgd2lkdGg9IjU5MCIgYm9yZGVyPTAgY2VsbHBhZGRpbmc9MiBjZWxsc3BhY2luZz0xIGJnY29sb3I9IiNGMEVERTQiIHN1bW1hcnk9IiIgc3R5bGU9ImZvbnQtc2l6ZToxMnB4OyI+PHRyPjx0ZD7jgYrjgZnjgZnjgoHjgqvjg4bjgrTjg6rjg7zjgIDvvJrjgIDjgqjjgqLjgrPjg7PjgIDjg7vjgIDliqDmub/lmajjgIDjg7vjgIDlhrfolLXluqvjgIDjg7vjgIDjg5vjg4Pjg4jjgqvjg7zjg5rjg4Pjg4jjgIDjg7vjgIDluIPlm6Pkub7nh6XmqZ88L3RkPjwvdHI+PHRyPjx0ZCBhbGlnbj0iY2VudGVyIj7jgrTjg6vjg5Xjg5zjg7zjg6vjgIDjg7vjgIDmjoPpmaTmqZ/jg7vjgq/jg6rjg7zjg4rjg7zjgIDjg7vjgIDvvLTvvLbjgrLjg7zjg6DjgIDjg7vjgIDpm7vmsaDjgIDjg7vjgIDlhYXpm7vmsaDjg7vlhYXpm7vlmajjgIDjg7vjgIDjg6njg4Pjg5Tjg7PjgrDooosKPC90ZD48L3RyPjwvdGFibGU+CjwvdGQ+PC90cj48L3RhYmxlPjxicj4=,S0dNNjRCRVItTFDjgJDnqI7ovrzjgJEg44Oq44Oz44OK44KkIOOCrOOCueODhuODvOODluODq+OAkOODl+ODreODkeODs+OCrOOCuUxQ55So44CR44CA44Kv44Oq44O844Og44OZ44O844K444OlIFJpbm5haeOAgOWPs+ODj+OCpOOCq+ODreODquODvOODkOODvOODiuODvCBbS0dNNjRCRVJMUF3jgJDov5Tlk4HnqK7liKVB44CR44CQ6YCB5paZ54Sh5paZ44CR44CQUkNQ44CR77yaSm9zaGluIHdlYiDlrrbpm7vjgahQQ+OBruWkp+Wei+WwgumWgOW6lw==,5a626Zu744OR44K944Kz44OzQVbmqZ/lmajpq5jntJrjgqrjg7zjg4fjgqPjgqrjg5vjg5Pjg7zjgYrjgoLjgaHjgoPjgrLjg7zjg6DpiYTpgZPmqKHlnovmmYLoqIhQQ+ODhuODrOODk+ODrOOCs+ODvOODgOODvOmbkeiyqOaooeWei+WGt+iUteW6q+a0l+a/r+apn+OCqOOCouOCs+ODs2dhbWVob2JieWNvbXB1dGVyS0dNNjRCRVItTFDjgJDnqI7ovrzjgJEg44Oq44Oz44OK44KkIOOCrOOCueODhuODvOODluODq+OAkOODl+ODreODkeODs+OCrOOCuUxQ55So44CR44CA44Kv44Oq44O844Og44OZ44O844K444OlIFJpbm5haeOAgOWPs+ODj+OCpOOCq+ODreODquODvOODkOODvOODiuODvCBbS0dNNjRCRVJMUF3jgJDov5Tlk4HnqK7liKVB44CR44CQ6YCB5paZ54Sh5paZ44CR44CQUkNQ44CR,5YWI552A5pyA5aSnMjAw5YaG44Kv44O844Od44OzKOODq+ODvOODq+OCkuOBlOeiuuiqjeS4i+OBleOBhCnimIXjgIJLR002NEJFUi1MUOOAkOeojui+vOOAkSDjg6rjg7Pjg4rjgqQg44Ks44K544OG44O844OW44Or44CQ44OX44Ot44OR44Oz44Ks44K5TFDnlKjjgJHjgIDjgq/jg6rjg7zjg6Djg5njg7zjgrjjg6UgUmlubmFp44CA5Y+z44OP44Kk44Kr44Ot44Oq44O844OQ44O844OK44O8IFtLR002NEJFUkxQXeOAkOi/lOWTgeeoruWIpUHjgJHjgJDpgIHmlpnnhKHmlpnjgJHjgJBSQ1DjgJE=[rn]
37-97099,aHR0cDovL3RzaG9wLnIxMHMuanAvamlzbS9jYWJpbmV0LzA1ODgvNDk1MTMwOTMwMDc2NS5qcGc/Zml0aW49NzAwOjcwMA==,MTcxMDQuMDAwMA==,,5a626Zu7ID4g44Kt44OD44OB44Oz5a626Zu7ID4g44Ks44K544Kz44Oz44OtID4g5o2u572u5Z6L44Ks44K544Kz44Oz44Ot,S0dNNTYzUEJSTC0xM0HjgJDnqI7ovrzjgJEg44Oq44Oz44OK44KkIOOCrOOCueODhuODvOODluODq+OAkOmDveW4guOCrOOCuTEyQTEzQeeUqOOAkeOAgOODkeODvOODq+ODluODqeOCpuODs+ODmeODvOOCuOODpSBSaW5uYWnjgIDlt6bjg4/jgqTjgqvjg63jg6rjg7zjg5Djg7zjg4rjg7wgW0tHTTU2M1BCUkwxM0Fd44CQ6L+U5ZOB56iu5YilQeOAkeOAkOmAgeaWmeeEoeaWmeOAkeOAkFJDUOOAkQ==,5YWI552A5pyA5aSnMjAw5YaG44Kv44O844Od44OzKOODq+ODvOODq+OCkuOBlOeiuuiqjeS4i+OBleOBhCnimIU=,5Zyo5bqr54q25rOB77ya5YWl6I235qyh56ys5Ye66I23PGJyPjxicj48YnI+PGZvbnQgY29sb3I9Ymx1ZT7ilqHjgIzov5Tlk4HnqK7liKXjgI3jgavjgaTjgYTjgaboqbPjgZfjgY/jga/jgZPjgaHjgonilqE8L2ZvbnQ+PGJyPjxmb250IHNpemU9JzInIGNvbG9yPScjQ0MwMDAwJz48Yj4yMDE25bm0MDnmnIgg55m65aOyPC9iPjwvZm9udD48YnI+PHA+PGJyPjxwPjxmb250IGNvbG9yPSJyZWQiPuKAu+W/heOBmuOBiuS9v+OBhOOBruOCrOOCueOBrueorumhnuOCkuOBiueiuuOBi+OCgeOBruS4iuOAgeOBlOizvOWFpeOBj+OBoOOBleOBhOOAguOBlOS9v+eUqOOBq+OBquOCi+WgtOWQiOOBr+OAgeWIpeWjsuOBruOCrOOCueODm+ODvOOCueOBjOW/heimgeOBp+OBmeOAgjwvZm9udD48YnI+4oC744Ks44K55qCT44Gu44K/44Kk44OX44Gr44KI44KK44G+44GX44Gm44Gv44CB5LuW44Gu5Zmo5YW344GM5b+F6KaB44Gq5aC05ZCI44GM44GU44GW44GE44G+44GZ44CCPEJSPuKXhuKXh+OCrOOCueOCs+ODvOODieOBryDjgZPjgaHjgokg44KI44KK44GU5rOo5paH44GE44Gf44Gg44GR44G+44GZ4peH4peGPGJyPuKXhuKXh+OCrOOCueODm+ODvOOCueaOpee2muWPo+OBr+OCrOOCueODhuODvOODluODq+ato+mdouWQkeOBi+OBo+OBpuW3puWBtOiDjOmdouOBp+OBmeKXh+KXhjxicj48YnI+PGI+PGZvbnQgY29sb3I9ImJsdWUiIHNpemU9Ii0xIj7lronlv4Moc2FmZXR5KeODu+S+v+WIqShTdXBwb3J0KeODu+eskemhlChTbWlsZSnjgpLntITmnZ/jgZnjgovjgIHos6LjgYQoaW50ZWxsaWdlbnQp5rip5bqm44K744Oz44K144O844KS44GZ44G544Gm44Gu44Kz44Oz44Ot44Gr5pCt6LyJ44GX44Gf44CMU2njgrvjg7PjgrXjg7zjgrPjg7Pjg63jgI3jgafjgZnjgII8L2ZvbnQ+PC9iPjxicj48YnI+PGI+4peG44CM44Ov44Oz44OU44O844K544OI44OD44OX44CNPC9iPjxicj7jg5Djg7zjg4rjg7zjg6rjg7PjgrDjgpLjg4jjg4Pjg5fjg5fjg6zjg7zjg4jjgajkuIDkvZPvvIjjg6/jg7Pjg5Tjg7zjgrnvvInjgavjgII8YnI+44OQ44O844OK44O85ZGo44KK44Gu44K544Kt44Oe44GM44Gq44GP44Gq44KK44CB44Kz44Oz44Ot5YaF6YOo44G444Gu54Wu44GT44G844KM5L615YWl44KS6Ziy44GO44G+44GZ44CCPGJyPuOBl+OCi+WPl+OBkeeav+OBjOOBquOBhOOBi+OCieOAgeOBiuaJi+WFpeOCjOOBr+OBlOOBqOOBj+OCkuOBr+OBmuOBl+OBpuODiOODg+ODl+ODl+ODrOODvOODiOOBruaxmuOCjOOCkuOCteODg+OBqOaLreOBj+OBoOOBkeOAgjxicj7jg4jjg4Pjg5fjg5fjg6zjg7zjg4jjga/mlrDntKDmnZDjg5Hjg7zjg6vjgq/jg6rjgrnjgr/jg6vjgafjgrPjg7zjg4bjgqPjg7PjgrDjgII8YnI+5rGa44KM44GM6JC944Gh44KE44GZ44GP44CB576O44GX44GE44OR44O844Or44Gu5YWJ5rKi5oSf44GM54m56ZW344CCPGJyPuihneaSg+OBq+OCguW8t+OBleOCkuaMgeOBpOODiOODg+ODl+ODl+ODrOODvOODiOOBp+OBmeOAgjxicj48YnI+PGI+4peG44Op44Kv54K554GrPC9iPjxicj7ngrnngavjgZnjgovmmYLjgIHmjIfjgpLpm6LjgZfjgabjgoLpgKPntprjgrnjg5Hjg7zjgq/jgZfnorrlrp/jgavngrnngavjgZfjgb7jgZnjgII8YnI+PGJyPjxiPuKXhuOCueODoOODvOOCuuOCsOODquODq0xpZ2h0PC9iPjxicj7pnZnjgYvjgafjgYzjgZ/jgaTjgY3jgYzlsJHjgarjgYToqK3oqIjjgafjgIHlvJXjgY3lh7rjgZfjgoLou73jgY/jgabjgrnjg6Djg7zjgro8YnI+PGJyPjxiPuKXhuWuieW/g+apn+iDvTwvYj48YnI+6Kq/55CG5rK56YGO54ax6Ziy5q2i6KOF572uPGJyPumrmOa4qeiHquWLlea4qeW6puiqv+evgOapn+iDvTxicj7jgrPjg7Pjg63mtojjgZflv5jjgozmtojngavmqZ/og708YnI+54Sm44GS44Gk44GN5raI54Gr5qmf6IO9PGJyPueri+a2iOOBiOWuieWFqOijhee9rjxicj7jgrDjg6rjg6vpgY7nhrHpmLLmraLjgrvjg7PjgrXjg7w8YnI+44Kw44Oq44Or5raI44GX5b+Y44KM5raI54Gr5qmf6IO9PGJyPjxicj7il4bmsLTnhKHjgZfniYfpnaLnhLzjgY3jgrDjg6rjg6s8YnI+PGJyPuKXhuW3puODj+OCpOOCq+ODreODquODvOODkOODvOODiuODvDxicj48YnI+PGI+PGZvbnQgY29sb3I9cmVkPuKAu+aomea6luODkOODvOODiuODvO+8muODj+OCpOOCq+ODreODquODvOODkOODvOODiuODvOOBp+OBr+OBquOBhOWBtOOBruODkOODvOODiuODvOOBp+OBmeOAgjwvZm9udD48L2I+PGJyPuS+i++8muW3puODj+OCpOOCq+ODreODquODvOODkOODvOODiuODvOOBruWgtOWQiOOBr+OAgeWPs+WBtOOBruODkOODvOODiuODvOOBjOaomea6luODkOODvOODiuODvOOBqOOBquOCiuOBvuOBmeOAgjxicj48YnI+4pag44CA5LuV44CA5qeY44CA4pagPHVsPjxsaT7lt6bjg4/jgqTjgqvjg63jg6rjg7zjg5Djg7zjg4rjg7w8L2xpPjxsaT7liY3pnaLjg5Hjg43jg6vvvJrjgrfjg6Pjg7Pjg5Hjg7Pjg6Hjgr/jg6rjg4Pjgq88L2xpPjxsaT7mnKzkvZPjgrXjgqTjgrrvvJrluYU1Ni4ww5flpaXooYw0NC40w5fpq5jjgZUxOC4wY23vvIjog4zpnaLvvIjjg5vjg7zjgrnjgqjjg7Pjg4novrzvvInvvZ7lmajlhbflhYjnq6/vvIk8L2xpPjxsaT7ph43ph4/vvJrntIQ3LjVrZzwvbGk+PGxpPuODiOODg+ODl+ODl+ODrOODvOODiOOBruOCv+OCpOODl++8muODkeODvOODq+OCr+ODquOCueOCv+ODqzwvbGk+PGxpPuOCrOOCuea2iOiyu+mHjzxicj7jg7vlhajngrnngavmmYLvvJo4LjEwa1c8YnI+44O75by354Gr5Yqb77yaNC4yMGtXPGJyPuODu+aomea6lu+8mjIuOTdrVzxicj7jg7vjgrDjg6rjg6vvvJoxLjMza1c8L2xpPjxsaT7nnIHjgqjjg43ln7rmupbpgZTmiJDnjoc8L2xpPjxsaT7jgrPjg7Pjg63pg6jnnIHjgqjjg43ln7rmupbpgZTmiJDnjofvvJoxMDDvvIU8L2xpPjxsaT7jgrPjg7Pjg63pg6jjgqjjg43jg6vjgq7jg7zmtojosrvlirnnjofvvJo1Ni4z77yFPC9saT48bGk+44Kw44Oq44Or6YOo55yB44Ko44ON5Z+65rqW6YGU5oiQ546H77yaMTA177yFPC9saT48bGk+44Kw44Oq44Or6YOo44Ko44ON44Or44Ku44O85raI6LK75Yq5546H77yaMTgwV2g8L2xpPjxsaT7lubTplpPnm67lronnh4Pmlpnmtojosrvph4/vvJo1N208c3VwPjM8L3N1cD4v5bm0PC9saT48L3VsPjxicj48IS0tQ09OX1NULS0+PHA+PGltZyBzcmM9aHR0cDovL3d3dy5yYWt1dGVuLm5lLmpwL2dvbGQvamlzbS9pbWcva2FucmVuX2JyLmdpZiBib3JkZXI9MCB3aWR0aD00MDAgaGVpZ2h0PTQwPjwvcD48YnI+PGJyPjxicj4o4oC744GT44Gu6Kqs5piO5paH44Gv5qW95aSp5biC5aC05bqX44Gu6KiY6LyJ5YaF5a6544Gn44GZ44CCVVJM44GvaHR0cDovL2l0ZW0ucmFrdXRlbi5jby5qcC9qaXNtL+OBp+Wni+OBvuOCiuOBvuOBmeOAglVSTOOBjOeVsOOBquOCi+mam+OBr+OCteOCpOODiOOCkuWIqeeUqOOBmeOCi+OBk+OBqOOBruOBquOBhOOCiOOBhuWNgeWIhuOBlOazqOaEj+OBj+OBoOOBleOBhOOAgik8dGFibGUgd2lkdGg9IjYwMCIgYm9yZGVyPTAgY2VsbHBhZGRpbmc9NSBjZWxsc3BhY2luZz0wIGJnY29sb3I9IiNGMEVERTQiPjx0cj48dGQgYWxpZ249ImNlbnRlciIgYmdjb2xvcj0iI0JCQTA0RSI+Cjx0YWJsZSB3aWR0aD0iNTkwIiBib3JkZXI9MCBjZWxscGFkZGluZz0yIGNlbGxzcGFjaW5nPTEgYmdjb2xvcj0iI0YwRURFNCIgc3VtbWFyeT0iIiBzdHlsZT0iZm9udC1zaXplOjEycHg7Ij48dHI+PHRkPuOBiuOBmeOBmeOCgeOCq+ODhuOCtOODquODvOOAgO+8muOAgOOCqOOCouOCs+ODs+OAgOODu+OAgOWKoOa5v+WZqOOAgOODu+OAgOWGt+iUteW6q+OAgOODu+OAgOODm+ODg+ODiOOCq+ODvOODmuODg+ODiOOAgOODu+OAgOW4g+Wbo+S5vueHpeapnzwvdGQ+PC90cj48dHI+PHRkIGFsaWduPSJjZW50ZXIiPuOCtOODq+ODleODnOODvOODq+OAgOODu+OAgOaOg+mZpOapn+ODu+OCr+ODquODvOODiuODvOOAgOODu+OAgO+8tO+8tuOCsuODvOODoOOAgOODu+OAgOmbu+axoOOAgOODu+OAgOWFhembu+axoOODu+WFhembu+WZqOOAgOODu+OAgOODqeODg+ODlOODs+OCsOiiiwo8L3RkPjwvdHI+PC90YWJsZT4KPC90ZD48L3RyPjwvdGFibGU+PGJyPg==,S0dNNTYzUEJSTC0xM0HjgJDnqI7ovrzjgJEg44Oq44Oz44OK44KkIOOCrOOCueODhuODvOODluODq+OAkOmDveW4guOCrOOCuTEyQTEzQeeUqOOAkeOAgOODkeODvOODq+ODluODqeOCpuODs+ODmeODvOOCuOODpSBSaW5uYWnjgIDlt6bjg4/jgqTjgqvjg63jg6rjg7zjg5Djg7zjg4rjg7wgW0tHTTU2M1BCUkwxM0Fd44CQ6L+U5ZOB56iu5YilQeOAkeOAkOmAgeaWmeeEoeaWmeOAkeOAkFJDUOOAke+8mkpvc2hpbiB3ZWIg5a626Zu744GoUEPjga7lpKflnovlsILploDlupc=,5a626Zu744OR44K944Kz44OzQVbmqZ/lmajpq5jntJrjgqrjg7zjg4fjgqPjgqrjg5vjg5Pjg7zjgYrjgoLjgaHjgoPjgrLjg7zjg6DpiYTpgZPmqKHlnovmmYLoqIhQQ+ODhuODrOODk+ODrOOCs+ODvOODgOODvOmbkeiyqOaooeWei+WGt+iUteW6q+a0l+a/r+apn+OCqOOCouOCs+ODs2dhbWVob2JieWNvbXB1dGVyS0dNNTYzUEJSTC0xM0HjgJDnqI7ovrzjgJEg44Oq44Oz44OK44KkIOOCrOOCueODhuODvOODluODq+OAkOmDveW4guOCrOOCuTEyQTEzQeeUqOOAkeOAgOODkeODvOODq+ODluODqeOCpuODs+ODmeODvOOCuOODpSBSaW5uYWnjgIDlt6bjg4/jgqTjgqvjg63jg6rjg7zjg5Djg7zjg4rjg7wgW0tHTTU2M1BCUkwxM0Fd44CQ6L+U5ZOB56iu5YilQeOAkeOAkOmAgeaWmeeEoeaWmeOAkeOAkFJDUOOAkQ==,5YWI552A5pyA5aSnMjAw5YaG44Kv44O844Od44OzKOODq+ODvOODq+OCkuOBlOeiuuiqjeS4i+OBleOBhCnimIXjgIJLR001NjNQQlJMLTEzQeOAkOeojui+vOOAkSDjg6rjg7Pjg4rjgqQg44Ks44K544OG44O844OW44Or44CQ6YO95biC44Ks44K5MTJBMTNB55So44CR44CA44OR44O844Or44OW44Op44Km44Oz44OZ44O844K444OlIFJpbm5haeOAgOW3puODj+OCpOOCq+ODreODquODvOODkOODvOODiuODvCBbS0dNNTYzUEJSTDEzQV3jgJDov5Tlk4HnqK7liKVB44CR44CQ6YCB5paZ54Sh5paZ44CR44CQUkNQ44CR[rn]
37-97100,aHR0cDovL3RzaG9wLnIxMHMuanAvamlzbS9jYWJpbmV0LzAzMDQvNDk1MTMwOTI4ODM0Ni5qcGc/Zml0aW49NzAwOjcwMA==,MzUwNDAuMDAwMA==,,5a626Zu7ID4g44Kt44OD44OB44Oz5a626Zu7ID4g44Ks44K544Kz44Oz44OtID4g5o2u572u5Z6L44Ks44K544Kz44Oz44Ot,S0dKNjJWQ05QTC0xM0HjgJDnqI7ovrzjgJEg44Oq44Oz44OK44KkIOOCrOOCueODhuODvOODluODq+OAkOmDveW4guOCrOOCuTEyQTEzQeeUqOOAkeOAgOODjeOCpOODk+ODvOODluODq+ODvCDlt6bjg4/jgqTjgqvjg63jg6rjg7zjg5Djg7zjg4rjg7zjgIBSVEU2MlZDVE5CTOOBrkpvc2hpbuOCquODquOCuOODiuODq+ODouODh+ODqyBbS0dKNjJWQ05QTDEzQV3jgJDov5Tlk4HnqK7liKVB44CR44CQ6YCB5paZ54Sh5paZ44CR44CQUkNQ44CR,5YWI552A5pyA5aSnMjAw5YaG44Kv44O844Od44OzKOODq+ODvOODq+OCkuOBlOeiuuiqjeS4i+OBleOBhCnimIU=,5Zyo5bqr54q25rOB77ya5YWl6I235qyh56ys5Ye66I23PGJyPjxicj48YnI+PGZvbnQgY29sb3I9Ymx1ZT7ilqHjgIzov5Tlk4HnqK7liKXjgI3jgavjgaTjgYTjgaboqbPjgZfjgY/jga/jgZPjgaHjgonilqE8L2ZvbnQ+PGJyPjxicj48cD48YnI+PHA+PGZvbnQgY29sb3I9InJlZCI+4oC75b+F44Ga44GK5L2/44GE44Gu44Ks44K544Gu56iu6aGe44KS44GK56K644GL44KB44Gu5LiK44CB44GU6LO85YWl44GP44Gg44GV44GE44CC44GU5L2/55So44Gr44Gq44KL5aC05ZCI44Gv44CB5Yil5aOy44Gu44Ks44K544Ob44O844K544GM5b+F6KaB44Gn44GZ44CCPC9mb250Pjxicj7igLvjgqzjgrnmoJPjga7jgr/jgqTjg5fjgavjgojjgorjgb7jgZfjgabjga/jgIHku5bjga7lmajlhbfjgYzlv4XopoHjgarloLTlkIjjgYzjgZTjgZbjgYTjgb7jgZnjgII8QlI+4peG4peH44Ks44K544Kz44O844OJ44GvIOOBk+OBoeOCiSDjgojjgorjgZTms6jmlofjgYTjgZ/jgaDjgZHjgb7jgZnil4fil4Y8YnI+4peG4peH44Ks44K544Ob44O844K55o6l57aa5Y+j44Gv44Ks44K544OG44O844OW44Or5q2j6Z2i5ZCR44GL44Gj44Gm5bem5YG06IOM6Z2i44Gn44GZ4peH4peGPGJyPjxmb250IGNvbG9yPSJyZWQiPuKYhuOBk+OBruWVhuWTgeOBr+OAjFJURTYyVkNUTkJM44CN44KS44OZ44O844K544Gr44GX44GfSm9zaGlu44Kq44Oq44K444OK44Or44Oi44OH44Or44Gn44GZ44CCPC9mb250Pjxicj48YnI+PGJyPjxiPjxmb250IGNvbG9yPSJibHVlIiBzaXplPSItMSI+5a6J5b+DKHNhZmV0eSnjg7vkvr/liKkoU3VwcG9ydCnjg7vnrJHpoZQoU21pbGUp44KS57SE5p2f44GZ44KL44CB6LOi44GEKGludGVsbGlnZW50Kea4qeW6puOCu+ODs+OCteODvOOCkuOBmeOBueOBpuOBruOCs+ODs+ODreOBq+aQrei8ieOBl+OBn+OAjFNp44K744Oz44K144O844Kz44Oz44Ot44CN44Gn44GZ44CCPC9mb250PjwvYj48YnI+PGJyPjxmb250IGNvbG9yPSJibHVlIj48Yj7il4bmj5rjgZLnianmuKnluqboqr/nr4DmqZ/og73jgII8L2I+PC9mb250Pjxicj7mj5rjgZLjgovntKDmnZDjgavlv5zjgZjjgabmuKnluqbjgpLoqK3lrprjgILmuKnluqbjgYzkvY7jgY/jgarjgovjgajlpKfngavjgavjgIHoqK3lrprmuKnluqbjgavjgarjgovjgajlsI/ngavjgavjgarjgorjgIHoh6rli5XjgafoqK3lrprmuKnluqbjgpLjgq3jg7zjg5fjgZfjgb7jgZnjgII8YnI+PGJyPjxmb250IGNvbG9yPSJibHVlIj48Yj7il4bngorpo6/mqZ/og73jgII8L2I+PC9mb250Pjxicj7jgIzjgYrjgYvjgobjgI3jgIzjgZTjga/jgpPjgI3jga7jgrnjgqTjg4Pjg4HjgpLmirzjgZnjgaDjgZHjgafjgYrjgYTjgZfjgYTjgZTpo6/jgYzngorjgY3jgYLjgYzjgorjgb7jgZnjgII8YnI+PGJyPjxmb250IGNvbG9yPSJibHVlIj48Yj7il4bmua/jgo/jgYvjgZfmqZ/og73jgII8L2I+PC9mb250Pjxicj7jgYrmua/jgYzjgo/jgYTjgZ/jgonpn7PjgafjgYrnn6XjgonjgZvjgZfjgIHoh6rli5XmtojljJbjgZfjgb7jgZnjgILjgb7jgZ/jgIE15YiG6ZaT5L+d5rip5b6M44Gu6Ieq5YuV5raI5YyW44KC5Y+v6IO944Gn44GZ44CCPGJyPjxicj48Zm9udCBjb2xvcj0iYmx1ZSI+PGI+4peG44Kz44Oz44Ot6Kq/55CG44K/44Kk44Oe44O844CCPC9iPjwvZm9udD48YnI+6Kq/55CG44Gr5ZCI44KP44Gb44Gm44GK5aW944G/44Gu5pmC6ZaT44KS6Kit5a6a44CCMe+9njkw5YiG44G+44GnMeWIhuWIu+OBv+OBp+ioreWumuOBp+OBjeOAgeioreWumuaZgumWk+OBp+iHquWLlea2iOeBq+OBl+OBvuOBmeOAgjxicj48YnI+PGZvbnQgY29sb3I9ImJsdWUiPjxiPuKXhuOBneOBruS7luOBruapn+iDveOAgjwvYj48L2ZvbnQ+PGJyPuODu+OBiuWlveOBv+OBruaZgumWk+ioreWumuOBjOWPr+iDvSjoqK3lrprmmYLplpMx772eMTXliIYp44CC6Kit5a6a5pmC6ZaT44Gr44Gq44KL44Go6Ieq5YuV5raI54Gr44GZ44KL44CM44Kw44Oq44Or6Kq/55CG44K/44Kk44Oe44O844CNPGJyPuODu+OCsOODquODq+aJieOBjOaJi+WJjeOBq+S4i+OBjOOCiuOAgeOChOOBkeOBqemYsuatouOChOijj+i/lOOBl+OBq+OCguS+v+WIqeOAjOODi+ODpeODvDNT44Kw44Oq44Or44CNPGJyPuODu+OCsOODquODq+W6q+WGheOBrua4qeW6puOBjOeVsOW4uOOBq+S4iuOBjOOCi+OBqOiHquWLlea2iOeBq+OBl+eZuueBq+OCkumYsuOBkOOAjOOCsOODquODq+WKoOeGsemYsuatouOCu+ODs+OCteODvOOAjTxicj7jg7vmsLTnhKHjgZfkuKHpnaLnhLzjgY3jgrDjg6rjg6vjgII8YnI+PGJyPuKXhuW3puODj+OCpOOCq+ODreODquODvOODkOODvOODiuODvDxicj48YnI+PGI+PGZvbnQgY29sb3I9cmVkPuKAu+aomea6luODkOODvOODiuODvO+8muODj+OCpOOCq+ODreODquODvOODkOODvOODiuODvOOBp+OBr+OBquOBhOWBtOOBruODkOODvOODiuODvOOBp+OBmeOAgjwvZm9udD48L2I+PGJyPuS+i++8muW3puODj+OCpOOCq+ODreODquODvOODkOODvOODiuODvOOBruWgtOWQiOOBr+OAgeWPs+WBtOOBruODkOODvOODiuODvOOBjOaomea6luODkOODvOODiuODvOOBqOOBquOCiuOBvuOBmeOAgjxicj48YnI+PEI+PGZvbnQgY29sb3I9Qmx1ZT7il4ZKb3NoaW7jgqrjg6rjgrjjg4rjg6vjg53jgqTjg7Pjg4g8L2ZvbnQ+PC9CPjxicj7jg7vjg5Tjg6XjgqLjgrnjg4bjg7Pjg6zjgrnjgrTjg4jjgq88YnI+44O744K544OG44Oz44Os44K544OQ44O844OK44O844Kt44Oj44OD44OXPGJyPuODu+OCueODhuODs+ODrOOCueaOkuawl+OCq+ODkOODvDxicj48YnI+4pag44CA5LuV44CA5qeY44CA4pagPHVsPjxsaT7lt6bjg4/jgqTjgqvjg63jg6rjg7zjg5Djg7zjg4rjg7w8L2xpPjxsaT7jgqvjg6njg7zvvJrjg43jgqTjg5Pjg7zjg5bjg6vjg7w8L2xpPjxsaT7mnKzkvZPjgrXjgqTjgroo57SEKe+8muW5hTU5LjbDl+WlpeihjDQ4LjnDl+mrmOOBlTE4LjBjbe+8iOODiOODg+ODl+ODl+ODrOODvOODiOWlpeihjDQwLjdjbe+8iTwvbGk+PGxpPuOCsOODquODq+e2suOCteOCpOOCuu+8iOe0hO+8ie+8muW5hTIzLjLDl+WlpeihjDMwLjRjbTwvbGk+PGxpPumHjemHj++8mue0hDE1LjVrZzwvbGk+PGxpPuODiOODg+ODl+ODl+ODrOODvOODiOOBruOCv+OCpOODl++8muODkeODvOODq+OCr+ODquOCueOCv+ODq++8iOehrOizquODm+ODvOODreODvOOCkuODkeODvOODq+OCs+ODvOODhuOCo+ODs+OCsO+8iTwvbGk+PGxpPuOCrOOCuea2iOiyu+mHjzxicj7jg7vlhajngrnngavmmYLvvJo4LjYwa1c8YnI+44O75by354Gr5Yqb77yaNC4yMGtXPGJyPuODu+aomea6lu+8mjIuOTdrVzxicj7jg7vjgrDjg6rjg6vvvJoxLjg4a1c8L2xpPjxsaT7nnIHjgqjjg43ln7rmupbpgZTmiJDnjoc8L2xpPjxsaT7jgrPjg7Pjg63pg6jnnIHjgqjjg43ln7rmupbpgZTmiJDnjofvvJoxMDDvvIU8L2xpPjxsaT7jgrPjg7Pjg63pg6jjgqjjg43jg6vjgq7jg7zmtojosrvlirnnjofvvJo1Ni4z77yFPC9saT48bGk+44Kw44Oq44Or6YOo55yB44Ko44ON5Z+65rqW6YGU5oiQ546H77yaMTAw77yFPC9saT48bGk+44Kw44Oq44Or6YOo44Ko44ON44Or44Ku44O85raI6LK75Yq5546H77yaMjA5V2g8L2xpPjxsaT7lubTplpPnm67lronnh4Pmlpnmtojosrvph4/vvJo1Ny40bTxzdXA+Mzwvc3VwPi/lubQ8L2xpPjwvdWw+PGJyPjwhLS1DT05fU1QtLT48cD48aW1nIHNyYz1odHRwOi8vd3d3LnJha3V0ZW4ubmUuanAvZ29sZC9qaXNtL2ltZy9rYW5yZW5fYnIuZ2lmIGJvcmRlcj0wIHdpZHRoPTQwMCBoZWlnaHQ9NDA+PC9wPjxicj48YnI+PGJyPijigLvjgZPjga7oqqzmmI7mlofjga/mpb3lpKnluILloLTlupfjga7oqJjovInlhoXlrrnjgafjgZnjgIJVUkzjga9odHRwOi8vaXRlbS5yYWt1dGVuLmNvLmpwL2ppc20v44Gn5aeL44G+44KK44G+44GZ44CCVVJM44GM55Ww44Gq44KL6Zqb44Gv44K144Kk44OI44KS5Yip55So44GZ44KL44GT44Go44Gu44Gq44GE44KI44GG5Y2B5YiG44GU5rOo5oSP44GP44Gg44GV44GE44CCKTx0YWJsZSB3aWR0aD0iNjAwIiBib3JkZXI9MCBjZWxscGFkZGluZz01IGNlbGxzcGFjaW5nPTAgYmdjb2xvcj0iI0YwRURFNCI+PHRyPjx0ZCBhbGlnbj0iY2VudGVyIiBiZ2NvbG9yPSIjQkJBMDRFIj4KPHRhYmxlIHdpZHRoPSI1OTAiIGJvcmRlcj0wIGNlbGxwYWRkaW5nPTIgY2VsbHNwYWNpbmc9MSBiZ2NvbG9yPSIjRjBFREU0IiBzdW1tYXJ5PSIiIHN0eWxlPSJmb250LXNpemU6MTJweDsiPjx0cj48dGQ+44GK44GZ44GZ44KB44Kr44OG44K044Oq44O844CA77ya44CA44Ko44Ki44Kz44Oz44CA44O744CA5Yqg5rm/5Zmo44CA44O744CA5Ya36JS15bqr44CA44O744CA44Ob44OD44OI44Kr44O844Oa44OD44OI44CA44O744CA5biD5Zuj5Lm+54el5qmfPC90ZD48L3RyPjx0cj48dGQgYWxpZ249ImNlbnRlciI+44K044Or44OV44Oc44O844Or44CA44O744CA5o6D6Zmk5qmf44O744Kv44Oq44O844OK44O844CA44O744CA77y077y244Ky44O844Og44CA44O744CA6Zu75rGg44CA44O744CA5YWF6Zu75rGg44O75YWF6Zu75Zmo44CA44O744CA44Op44OD44OU44Oz44Kw6KKLCjwvdGQ+PC90cj48L3RhYmxlPgo8L3RkPjwvdHI+PC90YWJsZT48YnI+,S0dKNjJWQ05QTC0xM0HjgJDnqI7ovrzjgJEg44Oq44Oz44OK44KkIOOCrOOCueODhuODvOODluODq+OAkOmDveW4guOCrOOCuTEyQTEzQeeUqOOAkeOAgOODjeOCpOODk+ODvOODluODq+ODvCDlt6bjg4/jgqTjgqvjg63jg6rjg7zjg5Djg7zjg4rjg7zjgIBSVEU2MlZDVE5CTOOBrkpvc2hpbuOCquODquOCuOODiuODq+ODouODh+ODqyBbS0dKNjJWQ05QTDEzQV3jgJDov5Tlk4HnqK7liKVB44CR44CQ6YCB5paZ54Sh5paZ44CR44CQUkNQ44CR77yaSm9zaGluIHdlYiDlrrbpm7vjgahQQ+OBruWkp+Wei+WwgumWgOW6lw==,5a626Zu744OR44K944Kz44OzQVbmqZ/lmajpq5jntJrjgqrjg7zjg4fjgqPjgqrjg5vjg5Pjg7zjgYrjgoLjgaHjgoPjgrLjg7zjg6DpiYTpgZPmqKHlnovmmYLoqIhQQ+ODhuODrOODk+ODrOOCs+ODvOODgOODvOmbkeiyqOaooeWei+WGt+iUteW6q+a0l+a/r+apn+OCqOOCouOCs+ODs2dhbWVob2JieWNvbXB1dGVyS0dKNjJWQ05QTC0xM0HjgJDnqI7ovrzjgJEg44Oq44Oz44OK44KkIOOCrOOCueODhuODvOODluODq+OAkOmDveW4guOCrOOCuTEyQTEzQeeUqOOAkeOAgOODjeOCpOODk+ODvOODluODq+ODvCDlt6bjg4/jgqTjgqvjg63jg6rjg7zjg5Djg7zjg4rjg7zjgIBSVEU2MlZDVE5CTOOBrkpvc2hpbuOCquODquOCuOODiuODq+ODouODh+ODqyBbS0dKNjJWQ05QTDEzQV3jgJDov5Tlk4HnqK7liKVB44CR44CQ6YCB5paZ54Sh5paZ44CR44CQUkNQ44CR,5YWI552A5pyA5aSnMjAw5YaG44Kv44O844Od44OzKOODq+ODvOODq+OCkuOBlOeiuuiqjeS4i+OBleOBhCnimIXjgIJLR0o2MlZDTlBMLTEzQeOAkOeojui+vOOAkSDjg6rjg7Pjg4rjgqQg44Ks44K544OG44O844OW44Or44CQ6YO95biC44Ks44K5MTJBMTNB55So44CR44CA44ON44Kk44OT44O844OW44Or44O8IOW3puODj+OCpOOCq+ODreODquODvOODkOODvOODiuODvOOAgFJURTYyVkNUTkJM44GuSm9zaGlu44Kq44Oq44K444OK44Or44Oi44OH44OrIFtLR0o2MlZDTlBMMTNBXeOAkOi/lOWTgeeoruWIpUHjgJHjgJDpgIHmlpnnhKHmlpnjgJHjgJBSQ1DjgJE=[rn]
37-97101,aHR0cDovL3RzaG9wLnIxMHMuanAvamlzbS9jYWJpbmV0LzAzMDcvNDk2MTM0MTI2Njc2OS5qcGc/Zml0aW49NzAwOjcwMA==,Mzg3MDQuMDAwMA==,,5a626Zu7ID4g44Kt44OD44OB44Oz5a626Zu7ID4g44Ks44K544Kz44Oz44OtID4g5o2u572u5Z6L44Ks44K544Kz44Oz44Ot,SUMtNjZXQ0stUi1MUOOAkOeojui+vOOAkSDjg5Hjg63jg54g44Ks44K544OG44O844OW44Or44CQ44OX44Ot44OR44Oz44Ks44K5TFDnlKjjgJHjgIDjg5bjg6njg4Pjgq8gUGFsb21h44CA5Y+z44OP44Kk44Kr44Ot44Oq44O844OQ44O844OK44O844CAR1JBTkQgQ0hFRu+8iOOCsOODqeODs+ODieOCt+OCp+ODle+8iSBbSUM2NldDS1JMUF3jgJDov5Tlk4HnqK7liKVB44CR44CQ6YCB5paZ54Sh5paZ44CR44CQUkNQ44CR,5YWI552A5pyA5aSnMjAw5YaG44Kv44O844Od44OzKOODq+ODvOODq+OCkuOBlOeiuuiqjeS4i+OBleOBhCnimIU=,5Zyo5bqr54q25rOB77ya5YWl6I235qyh56ys5Ye66I23PGJyPjxicj48YnI+PGZvbnQgY29sb3I9Ymx1ZT7ilqHjgIzov5Tlk4HnqK7liKXjgI3jgavjgaTjgYTjgaboqbPjgZfjgY/jga/jgZPjgaHjgonilqE8L2ZvbnQ+PGJyPjxicj48cD48YnI+PHA+PGZvbnQgY29sb3I9InJlZCI+4oC75b+F44Ga44GK5L2/44GE44Gu44Ks44K544Gu56iu6aGe44KS44GK56K644GL44KB44Gu5LiK44CB44GU6LO85YWl44GP44Gg44GV44GE44CC44GU5L2/55So44Gr44Gq44KL5aC05ZCI44Gv44CB5Yil5aOy44Gu44Ks44K544Ob44O844K544GM5b+F6KaB44Gn44GZ44CCPC9mb250Pjxicj7igLvjgqzjgrnmoJPjga7jgr/jgqTjg5fjgavjgojjgorjgb7jgZfjgabjga/jgIHku5bjga7lmajlhbfjgYzlv4XopoHjgarloLTlkIjjgYzjgZTjgZbjgYTjgb7jgZnjgII8QlI+4peG4peH44Ks44K544Kz44O844OJ44GvIOOBk+OBoeOCiSDjgojjgorjgZTms6jmlofjgYTjgZ/jgaDjgZHjgb7jgZnil4fil4Y8YnI+4peG4peH44Ks44K544Ob44O844K55o6l57aa5Y+j44Gv44Ks44K544OG44O844OW44Or5q2j6Z2i5ZCR44GL44Gj44Gm5bem5YG06IOM6Z2i44Gn44GZ4peH4peGPGJyPjxicj48Yj48Zm9udCBjb2xvcj0iYmx1ZSIgc2l6ZT0iLTEiPuWuieW/gyhzYWZldHkp44O75L6/5YipKFN1cHBvcnQp44O756yR6aGUKFNtaWxlKeOCkue0hOadn+OBmeOCi+OAgeizouOBhChpbnRlbGxpZ2VudCnmuKnluqbjgrvjg7PjgrXjg7zjgpLjgZnjgbnjgabjga7jgrPjg7Pjg63jgavmkK3ovInjgZfjgZ/jgIxTaeOCu+ODs+OCteODvOOCs+ODs+ODreOAjeOBp+OBmeOAgjwvZm9udD48L2I+PGJyPjxicj48Zm9udCBjb2xvcj0iYmx1ZSI+PGI+4peG44OE44Kk44Oz44K344O844Or44OJ44OQ44O844OK44O8PC9iPjwvZm9udD48YnI+44OQ44O844OK44O844Oq44Oz44Kw44GuMuOCq+aJgO+8iOWkluW+hOOBqOWGheW+hO+8ieOBq+ODkeODg+OCreODs+OCkuijheedgOOAgueFruOBk+OBvOOCjOOBruWZqOWFt+WGhemDqOOBuOOBrua1uOWFpeOCkumYsuOBjuOBvuOBmeOAgjxicj48YnI+PGZvbnQgY29sb3I9ImJsdWUiPjxiPuKXhuOBleOCieOBq+WuieW/g+ODouODvOODiTwvYj48L2ZvbnQ+PGJyPuWFqOOBpuOBruOCs+ODs+ODreOBrua2iOOBl+W/mOOCjOa2iOeBq+aZgumWk+OCkuefree4rueZu+mMsuOBp+OBjeOCi+OAjOOBleOCieOBq+WuieW/g+ODouODvOODieOAjeOCkuaQrei8ieOAgue0hDEyMOWIhuKGkue0hDMw5YiG44Gr5LiA5ous55m76Yyy44Gn44GN44G+44GZ44CCPGJyPjxicj4gPGZvbnQgY29sb3I9ImJsdWUiPjxiPuKXhuODr+OCpOODieOBp+ODqeOCr+ODqeOCr+OAjOOCieOBj+OCsOODquODq+OAjTwvYj48L2ZvbnQ+PGJyPua3seOCgeOBruOCsOODqeOCv+ODs+eav+OCguiqv+eQhuOBp+OBjeOCi+ODr+OCpOODieOBquOCsOODquODq+OAguOCueODoOODvOOCuuOBq+WlpeOBvuOBp+W8leOBjeWHuuOBm+OCi+ODleODq+OCquODvOODl+ODs+OBp+OAgemjn+adkOOBruWPluOCiuWHuuOBl+OCguODqeOCr+ODqeOCr+OBp+OBmeOAgjxicj48YnI+IDxmb250IGNvbG9yPSJibHVlIj48Yj7il4blhajjgrPjg7Pjg63lronlv4Pjga5TaeOCu+ODs+OCteODvOOCs+ODs+ODrTwvYj48L2ZvbnQ+PGJyPuODu+OCsOODquODq+aOkuawl+WPo+mBrueCjuijhee9ruOAjOODleODrOODvOODoOODiOODqeODg+ODl+OAjSA8YnI+44CA5LiH5LiA44CB44Kw44Oq44Or5YaF44Gu6a2a44Gq44Gp44Gr5byV54Gr44GX44Gf5aC05ZCI44Gv44CB5o6S5rCX5Y+j44GL44KJ54KO44GM5Ye644KL44GT44Go44KS5oqR5Yi244GX44CB54Gr54G944KS5pyq54S244Gr6Ziy5q2i44CCPGJyPuOAgOOBleOCieOBq+OCsOODquODq+mBjueGsemYsuatouijhee9ruOCguaQrei8ieOBl+OBvuOBl+OBn+OAgjxicj7jg7vjgrPjg7Pjg63jg7vjgrDjg6rjg6sg5raI44GX5b+Y44KM5raI54Gr5qmf6IO9PGJyPuOAgOeCueeBq+OBl+OBpuOBi+OCieS4gOWumuOBruaZgumWk+OBjOe1jOOBpOOBqOiHquWLlea2iOeBq+OBl+OBvuOBmeOAgjxicj7jg7vnq4vjgaHmtojjgYjlronlhajoo4Xnva48YnI+44CA5ZC544GN44GT44G844KM44Gq44Gp44Gn44CB54Gr44GM5raI44GI44Gm44KC6Ieq5YuV44Gn44Ks44K544GM5q2i44G+44KL44Gu44Gn5a6J5b+D44Gn44GZ44CCPGJyPuODu+OBneOBruS7ljxicj7jgIDnhKbjgZLku5jjgY3mtojngavmqZ/og73jgIHoqr/nkIbmsrnpgY7nhrHpmLLmraLoo4Xnva7jgIHjg4Hjg6PjgqTjg6vjg4njg63jg4Pjgq/jgII8YnI+PGJyPuKXhue+juOBl+OBj+OAgeihneaSg+OBq+OCguW8t+OBhOOAjOODj+OCpOODkeODvOOCrOODqeOCueOCs+ODvOODiOODiOODg+ODl+OAjTxicj7il4bnq4vjgaPjgZ/lp7/li6Ljga7jgb7jgb7jgafjgoLopovjgoTjgZnjgY/mirzjgZfjgoTjgZnjgYTmk43kvZzjg5Hjg43jg6vvvJrliY3pnaLjg5Hjg43jg6syMOW6puOAgeWkluaeoOmDqDEw5bqm4peG44Kw44Oq44Or6Kq/55CG44K/44Kk44Oe44O8KDHvvZ4xNeWIhinjgIHjgrPjg7Pjg63oqr/nkIbjgr/jgqTjg57jg7wo6YG45oqe5byP44CBMe+9njk55YiGKTxicj7il4bmsLTnhKHjgZfkuKHpnaLnhLzjgrDjg6rjg6s8YnI+4peG5Y+z44OP44Kk44Kr44Ot44Oq44O844OQ44O844OK44O8PGJyPjxicj48Yj48Zm9udCBjb2xvcj1yZWQ+4oC75qiZ5rqW44OQ44O844OK44O877ya44OP44Kk44Kr44Ot44Oq44O844OQ44O844OK44O844Gn44Gv44Gq44GE5YG044Gu44OQ44O844OK44O844Gn44GZ44CCPC9mb250PjwvYj48YnI+5L6L77ya5Y+z44OP44Kk44Kr44Ot44Oq44O844OQ44O844OK44O844Gu5aC05ZCI44Gv44CB5bem5YG044Gu44OQ44O844OK44O844GM5qiZ5rqW44OQ44O844OK44O844Go44Gq44KK44G+44GZ44CCPGJyPjxicj7ilqDjgIDku5XjgIDmp5jjgIDilqA8dWw+PGxpPuWPs+ODj+OCpOOCq+ODreODquODvOODkOODvOODiuODvDwvbGk+PGxpPuOCq+ODqeODvO+8muODluODqeODg+OCryA8L2xpPjxsaT7mnKzkvZPjgrXjgqTjgrrvvJrluYU1OS40w5flpaXooYw0OS43w5fpq5jjgZUxOC43Y23vvIjog4zpnaLvvIjjg5vjg7zjgrnjgqjjg7Pjg4novrzvvInvvZ7lmajlhbflhYjnq6/vvIk8L2xpPjxsaT7ph43ph4/vvJoxOC41a2c8L2xpPjxsaT7jg4jjg4Pjg5fjg5fjg6zjg7zjg4jjgr/jgqTjg5fvvJrjg4/jgqTjg5Hjg7zjgqzjg6njgrnjgrPjg7zjg4jjg4jjg4Pjg5fjg5fjg6zjg7zjg4g8L2xpPjxsaT7jgqzjgrnmtojosrvph488YnI+44O75YWo54K554Gr5pmC77yaOC42MGtXPGJyPuODu+W8t+eBq+WKm++8mjQuMjBrVzxicj7jg7vmqJnmupbvvJoyLjk1a1c8YnI+44O744Kw44Oq44Or77yaMi4wMmtXPC9saT48bGk+55yB44Ko44ON5Z+65rqW6YGU5oiQ546HPC9saT48bGk+44Kz44Oz44Ot6YOo55yB44Ko44ON5Z+65rqW6YGU5oiQ546H77yaMTAw77yFPC9saT48bGk+44Kz44Oz44Ot6YOo44Ko44ON44Or44Ku44O85raI6LK75Yq5546H77yaNTYuM++8hTwvbGk+PGxpPuOCsOODquODq+mDqOecgeOCqOODjeWfuua6lumBlOaIkOeOh++8mjExMu+8hTwvbGk+PGxpPuOCsOODquODq+mDqOOCqOODjeODq+OCruODvOa2iOiyu+WKueeOh++8mjIwNFdoPC9saT48bGk+5bm06ZaT55uu5a6J54eD5paZ5raI6LK76YeP77yaMjVtMy/lubQ8L2xpPjwvdWw+PGJyPjwhLS1DT05fU1QtLT48cD48aW1nIHNyYz1odHRwOi8vd3d3LnJha3V0ZW4ubmUuanAvZ29sZC9qaXNtL2ltZy9rYW5yZW5fYnIuZ2lmIGJvcmRlcj0wIHdpZHRoPTQwMCBoZWlnaHQ9NDA+PC9wPjxicj48YnI+PGJyPijigLvjgZPjga7oqqzmmI7mlofjga/mpb3lpKnluILloLTlupfjga7oqJjovInlhoXlrrnjgafjgZnjgIJVUkzjga9odHRwOi8vaXRlbS5yYWt1dGVuLmNvLmpwL2ppc20v44Gn5aeL44G+44KK44G+44GZ44CCVVJM44GM55Ww44Gq44KL6Zqb44Gv44K144Kk44OI44KS5Yip55So44GZ44KL44GT44Go44Gu44Gq44GE44KI44GG5Y2B5YiG44GU5rOo5oSP44GP44Gg44GV44GE44CCKTx0YWJsZSB3aWR0aD0iNjAwIiBib3JkZXI9MCBjZWxscGFkZGluZz01IGNlbGxzcGFjaW5nPTAgYmdjb2xvcj0iI0YwRURFNCI+PHRyPjx0ZCBhbGlnbj0iY2VudGVyIiBiZ2NvbG9yPSIjQkJBMDRFIj4KPHRhYmxlIHdpZHRoPSI1OTAiIGJvcmRlcj0wIGNlbGxwYWRkaW5nPTIgY2VsbHNwYWNpbmc9MSBiZ2NvbG9yPSIjRjBFREU0IiBzdW1tYXJ5PSIiIHN0eWxlPSJmb250LXNpemU6MTJweDsiPjx0cj48dGQ+44GK44GZ44GZ44KB44Kr44OG44K044Oq44O844CA77ya44CA44Ko44Ki44Kz44Oz44CA44O744CA5Yqg5rm/5Zmo44CA44O744CA5Ya36JS15bqr44CA44O744CA44Ob44OD44OI44Kr44O844Oa44OD44OI44CA44O744CA5biD5Zuj5Lm+54el5qmfPC90ZD48L3RyPjx0cj48dGQgYWxpZ249ImNlbnRlciI+44K044Or44OV44Oc44O844Or44CA44O744CA5o6D6Zmk5qmf44O744Kv44Oq44O844OK44O844CA44O744CA77y077y244Ky44O844Og44CA44O744CA6Zu75rGg44CA44O744CA5YWF6Zu75rGg44O75YWF6Zu75Zmo44CA44O744CA44Op44OD44OU44Oz44Kw6KKLCjwvdGQ+PC90cj48L3RhYmxlPgo8L3RkPjwvdHI+PC90YWJsZT48YnI+,SUMtNjZXQ0stUi1MUOOAkOeojui+vOOAkSDjg5Hjg63jg54g44Ks44K544OG44O844OW44Or44CQ44OX44Ot44OR44Oz44Ks44K5TFDnlKjjgJHjgIDjg5bjg6njg4Pjgq8gUGFsb21h44CA5Y+z44OP44Kk44Kr44Ot44Oq44O844OQ44O844OK44O844CAR1JBTkQgQ0hFRu+8iOOCsOODqeODs+ODieOCt+OCp+ODle+8iSBbSUM2NldDS1JMUF3jgJDov5Tlk4HnqK7liKVB44CR44CQ6YCB5paZ54Sh5paZ44CR44CQUkNQ44CR77yaSm9zaGluIHdlYiDlrrbpm7vjgahQQ+OBruWkp+Wei+WwgumWgOW6lw==,5a626Zu744OR44K944Kz44OzQVbmqZ/lmajpq5jntJrjgqrjg7zjg4fjgqPjgqrjg5vjg5Pjg7zjgYrjgoLjgaHjgoPjgrLjg7zjg6DpiYTpgZPmqKHlnovmmYLoqIhQQ+ODhuODrOODk+ODrOOCs+ODvOODgOODvOmbkeiyqOaooeWei+WGt+iUteW6q+a0l+a/r+apn+OCqOOCouOCs+ODs2dhbWVob2JieWNvbXB1dGVySUMtNjZXQ0stUi1MUOOAkOeojui+vOOAkSDjg5Hjg63jg54g44Ks44K544OG44O844OW44Or44CQ44OX44Ot44OR44Oz44Ks44K5TFDnlKjjgJHjgIDjg5bjg6njg4Pjgq8gUGFsb21h44CA5Y+z44OP44Kk44Kr44Ot44Oq44O844OQ44O844OK44O844CAR1JBTkQgQ0hFRu+8iOOCsOODqeODs+ODieOCt+OCp+ODle+8iSBbSUM2NldDS1JMUF3jgJDov5Tlk4HnqK7liKVB44CR44CQ6YCB5paZ54Sh5paZ44CR44CQUkNQ44CR,5YWI552A5pyA5aSnMjAw5YaG44Kv44O844Od44OzKOODq+ODvOODq+OCkuOBlOeiuuiqjeS4i+OBleOBhCnimIXjgIJJQy02NldDSy1SLUxQ44CQ56iO6L6844CRIOODkeODreODniDjgqzjgrnjg4bjg7zjg5bjg6vjgJDjg5fjg63jg5Hjg7PjgqzjgrlMUOeUqOOAkeOAgOODluODqeODg+OCryBQYWxvbWHjgIDlj7Pjg4/jgqTjgqvjg63jg6rjg7zjg5Djg7zjg4rjg7zjgIBHUkFORCBDSEVG77yI44Kw44Op44Oz44OJ44K344Kn44OV77yJIFtJQzY2V0NLUkxQXeOAkOi/lOWTgeeoruWIpUHjgJHjgJDpgIHmlpnnhKHmlpnjgJHjgJBSQ1DjgJE=[rn]
37-97102,aHR0cDovL3RzaG9wLnIxMHMuanAvamlzbS9jYWJpbmV0LzA2MzAvNDk1MTMwOTMwMTIyOS5qcGc/Zml0aW49NzAwOjcwMA==,Mjg2NDAuMDAwMA==,,5a626Zu7ID4g44Kt44OD44OB44Oz5a626Zu7ID4g44Ks44K544Kz44Oz44OtID4g5o2u572u5Z6L44Ks44K544Kz44Oz44Ot,UlRFNjNWQktMLTEzQeOAkOeojui+vOOAkSDjg6rjg7Pjg4rjgqQg44Ks44K544OG44O844OW44Or44CQ6YO95biC44Ks44K5MTJBMTNB55So44CR44CA44OW44Op44OD44KvIOW3puODj+OCpOOCq+ODreODquODvOODkOODvOODiuODvCBbUlRFNjNWQktMMTNBXeOAkOi/lOWTgeeoruWIpUHjgJHjgJBSQ1DjgJHjgJDpgIHmlpnnhKHmlpnjgJE=,5pyf6ZaT6ZmQ5a6a5L6h5qC877yP5YWI552A5pyA5aSnMjAw5YaG44Kv44O844Od44OzKOODq+ODvOODq+OCkuOBlOeiuuiqjeS4i+OBleOBhCnimIU=,PGZvbnQgY29sb3I9ZGVlcHBpbmsgc2l6ZT0rMT48Yj7jgJDmnJ/plpPpmZDlrprkvqHmoLzvvIHjgJE8L2I+PC9mb250Pjxicj48YnI+PGZvbnQgY29sb3I9cmVkPuKAu+OCu+ODvOODq+WVhuWTgeOBq+OBpOOBjeOAgeOBiuS4gOS6uuanmO+8keWPsOmZkOOCiuOBqOOBleOBm+OBpuOBhOOBn+OBoOOBjeOBvuOBmeOAgu+8iOWgtOWQiOOBq+OCiOOCiuOBvuOBl+OBpuOBr+OAgeOBiuaJi+mFjeOBq+aZgumWk+OBjOOBi+OBi+OCi+OBk+OBqOOCguOBlOOBluOBhOOBvuOBmeOAguOBguOCieOBi+OBmOOCgeOBlOS6huaJv+S4i+OBleOBhOOAgu+8iTwvZm9udD48YnI+PGJyPuWcqOW6q+eKtuazge+8muWFpeiNt+asoeesrOWHuuiNtzxicj48YnI+PGJyPjxmb250IGNvbG9yPWJsdWU+4pah44CM6L+U5ZOB56iu5Yil44CN44Gr44Gk44GE44Gm6Kmz44GX44GP44Gv44GT44Gh44KJ4pahPC9mb250Pjxicj48Zm9udCBzaXplPScyJyBjb2xvcj0nI0NDMDAwMCc+PGI+MjAxN+W5tDAy5pyIIOeZuuWjsjwvYj48L2ZvbnQ+PGJyPjxwPjxicj48cD48Zm9udCBjb2xvcj0icmVkIj7igLvlv4XjgZrjgYrkvb/jgYTjga7jgqzjgrnjga7nqK7poZ7jgpLjgYrnorrjgYvjgoHjga7kuIrjgIHjgZTos7zlhaXjgY/jgaDjgZXjgYTjgILjgZTkvb/nlKjjgavjgarjgovloLTlkIjjga/jgIHliKXlo7Ljga7jgqzjgrnjg5vjg7zjgrnjgYzlv4XopoHjgafjgZnjgII8L2ZvbnQ+PGJyPuKAu+OCrOOCueagk+OBruOCv+OCpOODl+OBq+OCiOOCiuOBvuOBl+OBpuOBr+OAgeS7luOBruWZqOWFt+OBjOW/heimgeOBquWgtOWQiOOBjOOBlOOBluOBhOOBvuOBmeOAgjxCUj7il4bil4fjgqzjgrnjgrPjg7zjg4njga8g44GT44Gh44KJIOOCiOOCiuOBlOazqOaWh+OBhOOBn+OBoOOBkeOBvuOBmeKXh+KXhjxicj7il4bil4fjgqzjgrnjg5vjg7zjgrnmjqXntprlj6Pjga/jgqzjgrnjg4bjg7zjg5bjg6vmraPpnaLlkJHjgYvjgaPjgablt6blgbTog4zpnaLjgafjgZnil4fil4Y8YnI+PGJyPjxiPjxmb250IGNvbG9yPSJibHVlIiBzaXplPSItMSI+5a6J5b+DKHNhZmV0eSnjg7vkvr/liKkoU3VwcG9ydCnjg7vnrJHpoZQoU21pbGUp44KS57SE5p2f44GZ44KL44CB6LOi44GEKGludGVsbGlnZW50Kea4qeW6puOCu+ODs+OCteODvOOCkuOBmeOBueOBpuOBruOCs+ODs+ODreOBq+aQrei8ieOBl+OBn+OAjFNp44K744Oz44K144O844Kz44Oz44Ot44CN44Gn44GZ44CCPC9mb250PjwvYj48YnI+PGJyPjxiPuKXhuOAjOODr+ODs+ODlOODvOOCueODiOODg+ODl+OAjTwvYj48YnI+44OQ44O844OK44O844Oq44Oz44Kw44KS44OI44OD44OX44OX44Os44O844OI44Go5LiA5L2T77yI44Ov44Oz44OU44O844K577yJ44Gr44GX44Gf44GL44KJ44CB44OQ44O844OK44O85ZGo44KK44Gu6ZqZ6ZaT44GM44Gq44GP44Gq44KK44CBPGJyPuOCs+ODs+ODreWGhemDqOOBuOOBrueFruOBk+OBvOOCjOS+teWFpeOCkuOCt+ODo+ODg+ODiOOCouOCpuODiOOBl+OBvuOBmeOAgjxicj7mr47ml6Xjga7jgYrmiYvlhaXjgozjga/jgIHjgZTjgajjgY/jgpLjga/jgZrjgZfjgabjg4jjg4Pjg5fjg5fjg6zjg7zjg4jjga7msZrjgozjgpLjgrXjg4Pjgajmi63jgY/jgaDjgZHjgII8YnI+PGJyPjxiPuKXhuODiOODg+ODl+ODl+ODrOODvOODiO+8muOCr+ODquOCueOCv+ODq+OCs+ODvOODiDwvYj48YnI+44Ob44O844Ot44O855So6Yu85p2/77yL44Ks44Op44K56LOq44Kz44O844OG44Kj44Oz44KwPGJyPuaxmuOCjOOBjOiQveOBoeOChOOBmeOBj+OAgeWCt+OBpOOBjeOBq+OBj+OBhOODiOODg+ODl+ODl+ODrOODvOODiDxicj7jgqvjg6njg7zvvJrjg5bjg6njg4Pjgq88YnI+PGJyPjxiPuKXhuOAjOOBi+OCk+OCv+ODg+ODge+8huimi+OChOOCueOCpOODg+ODgeOAjTwvYj48YnI+5aSn44GN44Gq5paH5a2X44Go44K544Kk44OD44OB44Gn44CB5L2/44GE44KE44GZ44GE6YWN572u44Gu5pON5L2c44OR44ON44Or44Gn44GZ44CCPGJyPuOBvuOBn+OAgeOCs+ODs+ODreOBqOOCsOODquODq+OBruaTjeS9nOODnOOCv+ODs+OCkuiJsuWIhuOBkeOBl+OAgeOBsuOBqOebruOBp+WIhuOBi+OCiuOChOOBmeOBj+OBl+OBvuOBl+OBn+OAgjxicj48YnI+PGI+4peG44CM5o+a44GS44KC44Gu5rip5bqm6Kq/56+A5qmf6IO944CNPC9iPjxicj7mj5rjgZLjgovpo5/mnZDjgavlv5zjgZjjgabmuKnluqbjgpLoqK3lrprjgZnjgozjgbDjgIHoh6rli5XjgafoqK3lrprmuKnluqbjgpLjgq3jg7zjg5fjgZfjgb7jgZnjgII8YnI+PGJyPjxiPuKXhuOAjOa5r+ayuOOBi+OBl+apn+iDveOAjTwvYj48YnI+44GK5rmv44GM44KP44GE44Gf44KJ6Z+z44Gn44GK55+l44KJ44Gb44GX44CB6Ieq5YuV5raI54Gr44GX44G+44GZ44CCNeWIhumWk+S/nea4qeW+jOOBruiHquWLlea2iOeBq+OCguWPr+iDveOBp+OBmeOAgjxicj48YnI+PGI+4peG44CM44Kw44Oq44Or6Kq/55CG44K/44Kk44Oe44O844CNPC9iPjxicj7oqK3lrprjgZfjgZ/mmYLplpPjgavjgarjgovjgajoh6rli5XmtojngavjgZfjgIHnhLzjgY3jgZnjgY7jgpLpmLLjgY7jgb7jgZnjgII8YnI+4oC76Kit5a6a5Y+v6IO95pmC6ZaT77yaMe+9njE15YiGPGJyPjxicj48Yj7il4bjgIzngorpo6/mqZ/og73jgI08L2I+PGJyPuOCueOCpOODg+ODgeOCkuaKvOOBmeOBoOOBkeOBp+OAgeaJi+i7veOBq+ebtOeBq+eCiuOBjeOBruOBlOmjr+OBjOWRs+OCj+OBiOOBvuOBmeOAgueBq+WKm+OCgua2iOeBq+OCguiHquWLleOBp+OBteOBo+OBj+OCieOBiuOBhOOBl+OBj+eCiuOBjeOBguOBkuOBvuOBmeOAgjxicj7igLvlsILnlKjjga7ngorpo6/ph5zjg7vngorpo6/pjYvjga7kvb/nlKjjgpLjgYrjgZnjgZnjgoHjgZfjgb7jgZnjgII8YnI+PGJyPjxiPuKXhuOAjDNT44Kw44Oq44Or44CNPC9iPjxicj7jgrDjg6rjg6vmiYnjgYzmiYvliY3jgavkuIvjgYzjgorjgIHjgoTjgZHjganpmLLmraLjgoToo4/ov5TjgZfjgavkvr/liKnjgafjgZnjgII8YnI+PGJyPuKXhuOCsOODquODq+W6q+WGheOBrua4qeW6puOBjOeVsOW4uOOBq+S4iuOBjOOCi+OBqOiHquWLlea2iOeBq+OAgeeZuueBq+OCkumYsuatouOBmeOCi+OAjOOCsOODquODq+mBjueGsemYsuatouOCu+ODs+OCteODvOOAjTxicj7il4bmk43kvZzjg5zjgr/jg7PjgpLjg63jg4Pjgq/jgIzngrnngavjg63jg4Pjgq/jgI08YnI+4peG44Kz44Oz44Ot44Gu54K554Gr44KS44Gy44Go55uu44Gn56K66KqN44Gn44GN44KL44CM44Kz44Oz44Ot54K554Gr56K66KqN6KGo56S644CNPGJyPuKXhue0hDE15YiG44Gn6Ieq5YuV5raI54Gr44CM44Kw44Oq44Or5raI44GX5b+Y44KM5raI54Gr5qmf6IO944CNPGJyPuKXhuawtOeEoeOBl+S4oemdoueEvOOBjeOCsOODquODqzxicj48YnI+4peG5bem44OP44Kk44Kr44Ot44Oq44O844OQ44O844OK44O8PGJyPjxiPjxmb250IGNvbG9yPXJlZD7igLvmqJnmupbjg5Djg7zjg4rjg7zvvJrjg4/jgqTjgqvjg63jg6rjg7zjg5Djg7zjg4rjg7zjgafjga/jgarjgYTlgbTjga7jg5Djg7zjg4rjg7zjgafjgZnjgII8L2ZvbnQ+PC9iPjxicj7kvovvvJrlt6bjg4/jgqTjgqvjg63jg6rjg7zjg5Djg7zjg4rjg7zjga7loLTlkIjjga/jgIHlj7PlgbTjga7jg5Djg7zjg4rjg7zjgYzmqJnmupbjg5Djg7zjg4rjg7zjgajjgarjgorjgb7jgZnjgII8YnI+PGJyPuKWoOOAgOS7leOAgOanmOOAgOKWoDx1bD48bGk+5bem44OP44Kk44Kr44Ot44Oq44O844OQ44O844OK44O8PC9saT48bGk+44Kr44Op44O877ya44OW44Op44OD44KvPC9saT48bGk+5pys5L2T44K144Kk44K6KOe0hCnvvJrluYU1OS42w5flpaXooYw0OC45w5fpq5jjgZUyMS45Y208L2xpPjxsaT7ph43ph4/vvJrntIQxNGtnPC9saT48bGk+44OI44OD44OX44OX44Os44O844OI44Gu44K/44Kk44OX77ya44Kv44Oq44K544K/44Or44Kz44O844OIPC9saT48bGk+44Kv44Oq44K544K/44Or44Kz44O844OI77ya5rGa44KM44GM6JC944Gh44KE44GZ44GP44CB5YK344Gk44GN44Gr44GP44GE44OI44OD44OX44OX44Os44O844OIPC9saT48bGk+44Ks44K55raI6LK76YePPGJyPuODu+WFqOeCueeBq+aZgu+8mjguNjBrVzxicj7jg7vlvLfngavlipvvvJo0LjIwa1c8YnI+44O75qiZ5rqW77yaMi45N2tXPGJyPuODu+OCsOODquODq++8mjEuODhrVzwvbGk+PGxpPuecgeOCqOODjeWfuua6lumBlOaIkOeOhzwvbGk+PGxpPuOCs+ODs+ODremDqOecgeOCqOODjeWfuua6lumBlOaIkOeOh++8mjEwMO+8hTwvbGk+PGxpPuOCs+ODs+ODremDqOOCqOODjeODq+OCruODvOa2iOiyu+WKueeOh++8mjU2LjPvvIU8L2xpPjxsaT7jgrDjg6rjg6vpg6jnnIHjgqjjg43ln7rmupbpgZTmiJDnjofvvJoxMDDvvIU8L2xpPjxsaT7jgrDjg6rjg6vpg6jjgqjjg43jg6vjgq7jg7zmtojosrvlirnnjofvvJoyMDlXaDwvbGk+PGxpPuW5tOmWk+ebruWuieeHg+aWmea2iOiyu+mHj++8mjU3LjRtPHN1cD4zPC9zdXA+L+W5tDwvbGk+PC91bD48YnI+PCEtLUNPTl9TVC0tPjxwPjxpbWcgc3JjPWh0dHA6Ly93d3cucmFrdXRlbi5uZS5qcC9nb2xkL2ppc20vaW1nL2thbnJlbl9ici5naWYgYm9yZGVyPTAgd2lkdGg9NDAwIGhlaWdodD00MD48L3A+PGJyPjxicj48YnI+KOKAu+OBk+OBruiqrOaYjuaWh+OBr+alveWkqeW4guWgtOW6l+OBruiomOi8ieWGheWuueOBp+OBmeOAglVSTOOBr2h0dHA6Ly9pdGVtLnJha3V0ZW4uY28uanAvamlzbS/jgaflp4vjgb7jgorjgb7jgZnjgIJVUkzjgYznlbDjgarjgovpmpvjga/jgrXjgqTjg4jjgpLliKnnlKjjgZnjgovjgZPjgajjga7jgarjgYTjgojjgYbljYHliIbjgZTms6jmhI/jgY/jgaDjgZXjgYTjgIIpPHRhYmxlIHdpZHRoPSI2MDAiIGJvcmRlcj0wIGNlbGxwYWRkaW5nPTUgY2VsbHNwYWNpbmc9MCBiZ2NvbG9yPSIjRjBFREU0Ij48dHI+PHRkIGFsaWduPSJjZW50ZXIiIGJnY29sb3I9IiNCQkEwNEUiPgo8dGFibGUgd2lkdGg9IjU5MCIgYm9yZGVyPTAgY2VsbHBhZGRpbmc9MiBjZWxsc3BhY2luZz0xIGJnY29sb3I9IiNGMEVERTQiIHN1bW1hcnk9IiIgc3R5bGU9ImZvbnQtc2l6ZToxMnB4OyI+PHRyPjx0ZD7jgYrjgZnjgZnjgoHjgqvjg4bjgrTjg6rjg7zjgIDvvJrjgIDjgqjjgqLjgrPjg7PjgIDjg7vjgIDliqDmub/lmajjgIDjg7vjgIDlhrfolLXluqvjgIDjg7vjgIDjg5vjg4Pjg4jjgqvjg7zjg5rjg4Pjg4jjgIDjg7vjgIDluIPlm6Pkub7nh6XmqZ88L3RkPjwvdHI+PHRyPjx0ZCBhbGlnbj0iY2VudGVyIj7jgrTjg6vjg5Xjg5zjg7zjg6vjgIDjg7vjgIDmjoPpmaTmqZ/jg7vjgq/jg6rjg7zjg4rjg7zjgIDjg7vjgIDvvLTvvLbjgrLjg7zjg6DjgIDjg7vjgIDpm7vmsaDjgIDjg7vjgIDlhYXpm7vmsaDjg7vlhYXpm7vlmajjgIDjg7vjgIDjg6njg4Pjg5Tjg7PjgrDooosKPC90ZD48L3RyPjwvdGFibGU+CjwvdGQ+PC90cj48L3RhYmxlPjxicj4=,UlRFNjNWQktMLTEzQeOAkOeojui+vOOAkSDjg6rjg7Pjg4rjgqQg44Ks44K544OG44O844OW44Or44CQ6YO95biC44Ks44K5MTJBMTNB55So44CR44CA44OW44Op44OD44KvIOW3puODj+OCpOOCq+ODreODquODvOODkOODvOODiuODvCBbUlRFNjNWQktMMTNBXeOAkOi/lOWTgeeoruWIpUHjgJHjgJBSQ1DjgJHjgJDpgIHmlpnnhKHmlpnjgJHvvJpKb3NoaW4gd2ViIOWutumbu+OBqFBD44Gu5aSn5Z6L5bCC6ZaA5bqX,5a626Zu744OR44K944Kz44OzQVbmqZ/lmajpq5jntJrjgqrjg7zjg4fjgqPjgqrjg5vjg5Pjg7zjgYrjgoLjgaHjgoPjgrLjg7zjg6DpiYTpgZPmqKHlnovmmYLoqIhQQ+ODhuODrOODk+ODrOOCs+ODvOODgOODvOmbkeiyqOaooeWei+WGt+iUteW6q+a0l+a/r+apn+OCqOOCouOCs+ODs2dhbWVob2JieWNvbXB1dGVyUlRFNjNWQktMLTEzQeOAkOeojui+vOOAkSDjg6rjg7Pjg4rjgqQg44Ks44K544OG44O844OW44Or44CQ6YO95biC44Ks44K5MTJBMTNB55So44CR44CA44OW44Op44OD44KvIOW3puODj+OCpOOCq+ODreODquODvOODkOODvOODiuODvCBbUlRFNjNWQktMMTNBXeOAkOi/lOWTgeeoruWIpUHjgJHjgJBSQ1DjgJHjgJDpgIHmlpnnhKHmlpnjgJE=,5pyf6ZaT6ZmQ5a6a5L6h5qC877yP5YWI552A5pyA5aSnMjAw5YaG44Kv44O844Od44OzKOODq+ODvOODq+OCkuOBlOeiuuiqjeS4i+OBleOBhCnimIXjgIJSVEU2M1ZCS0wtMTNB44CQ56iO6L6844CRIOODquODs+ODiuOCpCDjgqzjgrnjg4bjg7zjg5bjg6vjgJDpg73luILjgqzjgrkxMkExM0HnlKjjgJHjgIDjg5bjg6njg4Pjgq8g5bem44OP44Kk44Kr44Ot44Oq44O844OQ44O844OK44O8IFtSVEU2M1ZCS0wxM0Fd44CQ6L+U5ZOB56iu5YilQeOAkeOAkFJDUOOAkeOAkOmAgeaWmeeEoeaWmeOAkQ==[rn]
37-97103,aHR0cDovL3RzaG9wLnIxMHMuanAvamlzbS9jYWJpbmV0LzA1NDcvNDk1MTMwOTI5Nzk5Ny5qcGc/Zml0aW49NzAwOjcwMA==,NDYwNDguMDAwMA==,,5a626Zu7ID4g44Kt44OD44OB44Oz5a626Zu7ID4g44Ks44K544Kz44Oz44OtID4g5o2u572u5Z6L44Ks44K544Kz44Oz44Ot,UlRFNjVWQUdQTC1MUOOAkOeojui+vOOAkSDjg6rjg7Pjg4rjgqQg44Ks44K544OG44O844OW44Or44CQ44OX44Ot44OR44Oz44Ks44K5TFDnlKjjgJEgUmlubmFp44CA44Op44Kv44K344Ko44OX44Op44Kk44Og44CA5bem44OP44Kk44Kr44Ot44Oq44O844OQ44O844OK44O8IFtSVEU2NVZBR1BMTFBd44CQ6L+U5ZOB56iu5YilQeOAkeOAkOmAgeaWmeeEoeaWmeOAkeOAkFJDUOOAkQ==,5YWI552A5pyA5aSnMjAw5YaG44Kv44O844Od44OzKOODq+ODvOODq+OCkuOBlOeiuuiqjeS4i+OBleOBhCnimIU=,5Zyo5bqr54q25rOB77ya5YWl6I235qyh56ys5Ye66I23PGJyPjxicj48YnI+PGZvbnQgY29sb3I9Ymx1ZT7ilqHjgIzov5Tlk4HnqK7liKXjgI3jgavjgaTjgYTjgaboqbPjgZfjgY/jga/jgZPjgaHjgonilqE8L2ZvbnQ+PGJyPjxicj48cD48YnI+PHA+PGZvbnQgY29sb3I9InJlZCI+4oC75b+F44Ga44GK5L2/44GE44Gu44Ks44K544Gu56iu6aGe44KS44GK56K644GL44KB44Gu5LiK44CB44GU6LO85YWl44GP44Gg44GV44GE44CC44GU5L2/55So44Gr44Gq44KL5aC05ZCI44Gv44CB5Yil5aOy44Gu44Ks44K544Ob44O844K544GM5b+F6KaB44Gn44GZ44CCPC9mb250Pjxicj7igLvjgqzjgrnmoJPjga7jgr/jgqTjg5fjgavjgojjgorjgb7jgZfjgabjga/jgIHku5bjga7lmajlhbfjgYzlv4XopoHjgarloLTlkIjjgYzjgZTjgZbjgYTjgb7jgZnjgII8QlI+4peG4peH44Ks44K544Kz44O844OJ44GvIOOBk+OBoeOCiSDjgojjgorjgZTms6jmlofjgYTjgZ/jgaDjgZHjgb7jgZnil4fil4Y8YnI+4peG4peH44Ks44K544Ob44O844K55o6l57aa5Y+j44Gv44Ks44K544OG44O844OW44Or5q2j6Z2i5ZCR44GL44Gj44Gm5bem5YG06IOM6Z2i44Gn44GZ4peH4peGPGJyPjxiPuKXhuODqeOCr+ODqeOCr++8huOBguOCk+OBl+OCk+OBruawtOeEoeOBl+OCsOODquODqzwvYj48YnI+44Kw44Oq44Or44Gu5byV44GN5Ye644GX5bmFMzEuNWNt44CB6aOf5p2Q44Gu5Ye644GX5YWl44KM44GM57Ch5Y2YPGJyPuOCr+ODquODq+OBjOOCueODoOODvOOCuuOBq+W8leOBjeWHuuOBm+OBvuOBmTxicj7jgrDjg6rjg6voqr/nkIbjgr/jgqTjg57jg7zvvJox772eMTXliIY8YnI+5Y+W44KK5aSW44GX44Gm5rSX44GI44KL44CM5bqr5YaF5rGa44KM44Kr44OQ44O844CN5LuY44GNPGJyPuWIhuWJsuOCsOODquODq+OBp+OBiuaOg+mZpOODqeOCr+ODqeOCrzxicj48YnI+44CQ5Lih6Z2i54S844Kw44Oq44Or44CRPGJyPuS4iuS4i+WQjOaZguWKoOeGseOBp+OCueODlOODvOODh+OCo+ODvDxicj7oqr/nkIbkuK3jgavoo4/ov5TjgZnlv4XopoHjgarjgZc8YnI+5LiK54Gr44O75LiL54Gr44Gu54Gr5Yqg5rib6Kq/5pW044GM5Yil44CF44Gr44Gn44GN44KLPGJyPuiqv+eQhuW+jOOBruawtOOBjOW6q+WGheOChOW6iuOBq+OBk+OBvOOCjOOCi+W/g+mFjeOCguOBquOBj+OAgeW+jOeJh+S7mOOBkeODqeOCr+ODqeOCr++8geOAgDxicj48YnI+44CQ44Kq44O844OI44Kw44Oq44Or5qmf6IO944CRPGJyPuOCs+ODs+ODreOBjOeBq+WKm+OBqOaZgumWk+OCkuiHquWLleOBp+OCs+ODs+ODiOODreODvOODq+OBl+OAgeiHquWLlea2iOeBqzxicj7nhLzjgY3jgZnjgY7jgoTnlJ/nhLzjgZHjga7lv4PphY3jgYzjgYLjgorjgb7jgZvjgpM8YnI+PGJyPuOAkOmYsueCjuODkeOCpOODl+OAkTxicj7jgrDjg6rjg6vlhoXpg6jjga7lvozmlrnpg6jliIbjgavoqK3nva7jgII8YnI+5LiH5LiA44Gu5aC05ZCI44KC54KO44GM5aSW44Gr5Ye644KL44Gu44KS6Ziy44GO44G+44GZ44CCPGJyPjxicj48Yj7il4ZX5rip5bqm44GK44G+44GL44GbPC9iPjxicj7jgYrlpb3jgb/jga7muKnluqbjgavoh6rli5Xoqr/nr4DjgZfjgabjgY/jgozjgovmqZ/og73jgpLjgIHkuKHmlrnjga7jgrPjg7Pjg63jgavmkK3ovInjgII8YnI+54Gr5Yqg5rib44GM6Zuj44GX44GE5paZ55CG44KCMuWTgeWQjOaZguOBq+S9nOOCjOOCi+S4iuOAgeOCv+OCpOODnuODvO+8iDHvvZ4xMjDliIbvvInjga7kvbXnlKjjgoLlj6/og73jgafjgZnjgII8YnI+6Kit5a6a5rip5bqm77ya5ZCM5pmC6Kit5a6a5Y+v6IO977yIMTMw772eMjIw4oSD44CAMTDihIPliLvjgb/vvIk8YnI+PGJyPjxiPuKXhueFruOBk+OBvOOCjOS+teWFpeOCkuODgOODluODq+OBp+mYsuOBjuOAgeeEpuOBkuOBpOOBjeOCkui7vea4m+OAjOOCueODvOODkeODvOOCt+ODvOODq+ODieODkOODvOODiuODvOOAjTwvYj48YnI+44OQ44O844OK44O844Oq44Oz44Kw44Go44OI44OD44OX44OX44Os44O844OI44Gu6ZaT44GK44KI44Gz44CB44OI44OD44OX44OX44Os44O844OI44Gu5LiL44Gr44KC44K344O844Or44OJ44OR44OD44Kt44Oz44KS6KOF552A44GX44CB5YaF6YOo44G444Gu54Wu44GT44G844KM5L615YWl44KS44OA44OW44Or44Gn6Ziy44GO44G+44GZ44CCPGJyPuOBleOCieOBq+OAgeODkOODvOODiuODvOODquODs+OCsOOBr+axmuOCjOOBjOaui+OCiuOBq+OBj+OBhOODquODs+ODiuOCpOeLrOiHquOBruioreioiOOBp+OAgeOBiuaJi+WFpeOCjOOBruaJi+mWk+OCkui7vea4m+OBl+OBvuOBmeOAgjxicj48YnI+PGI+4peG44K144OT44KE5rGa44KM44Gr5by344GE44OU44Ol44Ki44K544OG44Oz44Os44K55o6h55SoPC9iPjxicj7jgrPjg7Pjg5Hjgq/jg4jjgZTjgajjgY/jgoTjg5Djg7zjg4rjg7zjgq3jg6Pjg4Pjg5fjgavjga/jgIFTVVMzMDTjgpLkvb/nlKjjgZfjgZ/jg5Tjg6XjgqLjgrnjg4bjg7Pjg6zjgrnjgpLmjqHnlKjjgII8YnI+6ICQ5LmF5oCn44Gr5YSq44KM44CB6KaL44Gf55uu44KC576O44GX44GE44Gu44GM54m56ZW344Gn44GZ44CCPGJyPjxicj48Yj7il4bjg5Ljg7zjg4jjgqrjg5U8L2I+PGJyPueGseOCkuWIhuaVo+ODu+aUvueGseOBleOBm+OBpuOAgeODiOODg+ODl+ODl+ODrOODvOODiOihqOmdoua4qeW6puOBruS4iuaYh+OCkuaKkeOBiOOBvuOBmeOAgjxicj48YnI+PGI+4peG5aSa5b2p44Gq5L6/5Yip5qmf6IO9PC9iPjxicj48YnI+44CQ44GL44KT44K/44OD44OB77yG6KaL44KE44K544Kk44OD44OB44CRPGJyPuWkp+OBjeOBquaWh+Wtl+OBqOOCueOCpOODg+ODgeOBp+OAgeS9v+OBhOOChOOBmeOBhOmFjee9ruOBruaTjeS9nOODkeODjeODqzxicj7mk43kvZzpnaLjgavntIQzMOW6puOBruWCvuaWnOOCkuOBpOOBkeOBpuOBhOOCi+OBn+OCgeOAgeimi+OChOOBmeOBj+iFsOOBuOOBruiyoOaLheOCgui7vea4m+OBl+OBvuOBmeOAgjxicj48YnI+44CQ44Op44Kv54K554Gr44CRPGJyPueCueeBq+OBmeOCi+aZguOAgeaMh+OCkumbouOBl+OBpuOCgumAo+e2muOCueODkeODvOOCr+OBl+eiuuWun+OBq+eCueeBq+OBl+OBvuOBmeOAgjxicj7ngrnngavjga7pmpvjgIHjgYTjgY3jgarjgorlpKfjgY3jgarngo7jgYzlh7rjgarjgYTjgIzkuK3ngavngrnngavjgI3jga7jgZ/jgoHlronlv4PjgafjgZnjgII8YnI+PGJyPuOAkOaPmuOBkuOCguOBrua4qeW6puiqv+evgOapn+iDveOAkTxicj7mj5rjgZLjgovpo5/mnZDjgavlv5zjgZjjgabmuKnluqbjgpLoqK3lrprjgZnjgozjgbDjgIHoh6rli5XjgafoqK3lrprmuKnluqbjgpLjgq3jg7zjg5fjgZfjgb7jgZnjgII8YnI+6Kit5a6a5rip5bqm77yaMTMw772eMjIw4oSDPGJyPjxicj7jgJDjgrPjg7Pjg63oqr/nkIbjgr/jgqTjg57jg7zjgJE8YnI+6Ieq5YuV5raI54Gr44Gu44K/44Kk44Oe44O844KSMe+9njEyMOWIhuOBvuOBpzHliIbliLvjgb/jgafoqK3lrprjgafjgY3oh6rli5XmtojngavjgZfjgb7jgZnjgII8YnI+5raI44GX5b+Y44KM44Gr44KI44KL6Iy544Gn44GZ44GO44CB54Wu44GZ44GO6Ziy5q2i44Gr5pyA6YGp44Gn44GZ44CCPGJyPjxicj7jgJDmua/msrjjgZfmqZ/og73jgJE8YnI+44GK5rmv44GM5rK444GE44Gf44KJ6Z+z44Gn44GK55+l44KJ44Gb44GX44Gm6Ieq5YuV5raI54Gr44CCPGJyPjXliIbkv53muKnlvozjgavoh6rli5Xmtojngavlj6/og73jgILvvIjkv53muKnmmYLplpPlpInmm7Tlj6/vvIk8YnI+PGJyPuOAkOeCiumjr+apn+iDveOAkTxicj7jgrnjgqTjg4Pjg4HjgpLmirzjgZnjgaDjgZHjgafjgIHmiYvou73jgavnm7TngavngorjgY3jga7jgZTpo6/jgYzlkbPjgo/jgYjjgb7jgZnjgII8YnI+54Gr5Yqb44KC5raI54Gr44KC6Ieq5YuV44Gn44CB44G144Gj44GP44KJ44GK44GE44GX44GP54KK44GN44GC44GS44G+44GZ44CCPGJyPjxicj48Yj7il4blronlv4PmqZ/og708L2I+PGJyPuiqv+eQhuayuemBjueGsemYsuatouijhee9rjxicj7pq5jmuKnoh6rli5XmuKnluqboqr/nr4DmqZ/og708YnI+6auY5rip54KS44KB44Oi44O844OJ77ya57SEMjkw4oSD44Gn6Ieq5YuV5rip5bqm6Kq/56+APGJyPuOCs+ODs+ODrea2iOOBl+W/mOOCjOa2iOeBq+apn+iDvTxicj7nhKbjgZLjgaTjgY3mtojngavmqZ/og708YnI+56uL5raI44GI5a6J5YWo6KOF572uPGJyPuOCsOODquODq+mBjueGsemYsuatouOCu+ODs+OCteODvDxicj7jgrDjg6rjg6vmtojjgZflv5jjgozmtojngavmqZ/og708YnI+PGJyPuKXhuW3puODj+OCpOOCq+ODreODquODvOODkOODvOODiuODvDxicj48Yj48Zm9udCBjb2xvcj1yZWQ+4oC75qiZ5rqW44OQ44O844OK44O877ya44OP44Kk44Kr44Ot44Oq44O844OQ44O844OK44O844Gn44Gv44Gq44GE5YG044Gu44OQ44O844OK44O844Gn44GZ44CCPC9mb250PjwvYj48YnI+5L6L77ya5bem44OP44Kk44Kr44Ot44Oq44O844OQ44O844OK44O844Gu5aC05ZCI44Gv44CB5Y+z5YG044Gu44OQ44O844OK44O844GM5qiZ5rqW44OQ44O844OK44O844Go44Gq44KK44G+44GZ44CCPGJyPjxicj7ilqDjgIDku5XjgIDmp5jjgIDilqA8dWw+PGxpPuW3puODj+OCpOOCq+ODreODquODvOODkOODvOODiuODvDwvbGk+PGxpPuWJjemdouODkeODjeODq++8muOCt+ODq+ODkOODvDwvbGk+PGxpPuacrOS9k+OCteOCpOOCuu+8muW5hTU5LjbDl+WlpeihjDQ5LjPDl+mrmOOBlTE4LjBjbe+8iOiDjOmdou+8iOODm+ODvOOCueOCqOODs+ODiei+vO+8ie+9nuWZqOWFt+WFiOerr++8iTwvbGk+PGxpPumHjemHj++8mue0hDE1LjBrZzwvbGk+PGxpPuODiOODg+ODl+ODl+ODrOODvOODiOOBruOCv+OCpOODl++8muOCrOODqeOCuTwvbGk+PGxpPuOCrOOCuea2iOiyu+mHjzxicj7jg7vlhajngrnngavmmYLvvJo4LjYwa1c8YnI+44O75by354Gr5Yqb77yaNC4yMGtXPGJyPuODu+aomea6lu+8mjIuOTdrVzxicj7jg7vjgrDjg6rjg6vvvJoxLjk0a1c8L2xpPjxsaT7nnIHjgqjjg43ln7rmupbpgZTmiJDnjoc8L2xpPjxsaT7jgrPjg7Pjg63pg6jnnIHjgqjjg43ln7rmupbpgZTmiJDnjofvvJoxMDDvvIU8L2xpPjxsaT7jgrPjg7Pjg63pg6jjgqjjg43jg6vjgq7jg7zmtojosrvlirnnjofvvJo1Ni4z77yFPC9saT48bGk+44Kw44Oq44Or6YOo55yB44Ko44ON5Z+65rqW6YGU5oiQ546H77yaMTAw77yFPC9saT48bGk+44Kw44Oq44Or6YOo44Ko44ON44Or44Ku44O85raI6LK75Yq5546H77yaMjExV2g8L2xpPjxsaT7lubTplpPnm67lronnh4Pmlpnmtojosrvph4/vvJoyNW08c3VwPjM8L3N1cD4v5bm0PC9saT48L3VsPjxicj48IS0tQ09OX1NULS0+PHA+PGltZyBzcmM9aHR0cDovL3d3dy5yYWt1dGVuLm5lLmpwL2dvbGQvamlzbS9pbWcva2FucmVuX2JyLmdpZiBib3JkZXI9MCB3aWR0aD00MDAgaGVpZ2h0PTQwPjwvcD48YnI+PGJyPjxicj4o4oC744GT44Gu6Kqs5piO5paH44Gv5qW95aSp5biC5aC05bqX44Gu6KiY6LyJ5YaF5a6544Gn44GZ44CCVVJM44GvaHR0cDovL2l0ZW0ucmFrdXRlbi5jby5qcC9qaXNtL+OBp+Wni+OBvuOCiuOBvuOBmeOAglVSTOOBjOeVsOOBquOCi+mam+OBr+OCteOCpOODiOOCkuWIqeeUqOOBmeOCi+OBk+OBqOOBruOBquOBhOOCiOOBhuWNgeWIhuOBlOazqOaEj+OBj+OBoOOBleOBhOOAgik8dGFibGUgd2lkdGg9IjYwMCIgYm9yZGVyPTAgY2VsbHBhZGRpbmc9NSBjZWxsc3BhY2luZz0wIGJnY29sb3I9IiNGMEVERTQiPjx0cj48dGQgYWxpZ249ImNlbnRlciIgYmdjb2xvcj0iI0JCQTA0RSI+Cjx0YWJsZSB3aWR0aD0iNTkwIiBib3JkZXI9MCBjZWxscGFkZGluZz0yIGNlbGxzcGFjaW5nPTEgYmdjb2xvcj0iI0YwRURFNCIgc3VtbWFyeT0iIiBzdHlsZT0iZm9udC1zaXplOjEycHg7Ij48dHI+PHRkPuOBiuOBmeOBmeOCgeOCq+ODhuOCtOODquODvOOAgO+8muOAgOOCqOOCouOCs+ODs+OAgOODu+OAgOWKoOa5v+WZqOOAgOODu+OAgOWGt+iUteW6q+OAgOODu+OAgOODm+ODg+ODiOOCq+ODvOODmuODg+ODiOOAgOODu+OAgOW4g+Wbo+S5vueHpeapnzwvdGQ+PC90cj48dHI+PHRkIGFsaWduPSJjZW50ZXIiPuOCtOODq+ODleODnOODvOODq+OAgOODu+OAgOaOg+mZpOapn+ODu+OCr+ODquODvOODiuODvOOAgOODu+OAgO+8tO+8tuOCsuODvOODoOOAgOODu+OAgOmbu+axoOOAgOODu+OAgOWFhembu+axoOODu+WFhembu+WZqOOAgOODu+OAgOODqeODg+ODlOODs+OCsOiiiwo8L3RkPjwvdHI+PC90YWJsZT4KPC90ZD48L3RyPjwvdGFibGU+PGJyPg==,UlRFNjVWQUdQTC1MUOOAkOeojui+vOOAkSDjg6rjg7Pjg4rjgqQg44Ks44K544OG44O844OW44Or44CQ44OX44Ot44OR44Oz44Ks44K5TFDnlKjjgJEgUmlubmFp44CA44Op44Kv44K344Ko44OX44Op44Kk44Og44CA5bem44OP44Kk44Kr44Ot44Oq44O844OQ44O844OK44O8IFtSVEU2NVZBR1BMTFBd44CQ6L+U5ZOB56iu5YilQeOAkeOAkOmAgeaWmeeEoeaWmeOAkeOAkFJDUOOAke+8mkpvc2hpbiB3ZWIg5a626Zu744GoUEPjga7lpKflnovlsILploDlupc=,5a626Zu744OR44K944Kz44OzQVbmqZ/lmajpq5jntJrjgqrjg7zjg4fjgqPjgqrjg5vjg5Pjg7zjgYrjgoLjgaHjgoPjgrLjg7zjg6DpiYTpgZPmqKHlnovmmYLoqIhQQ+ODhuODrOODk+ODrOOCs+ODvOODgOODvOmbkeiyqOaooeWei+WGt+iUteW6q+a0l+a/r+apn+OCqOOCouOCs+ODs2dhbWVob2JieWNvbXB1dGVyUlRFNjVWQUdQTC1MUOOAkOeojui+vOOAkSDjg6rjg7Pjg4rjgqQg44Ks44K544OG44O844OW44Or44CQ44OX44Ot44OR44Oz44Ks44K5TFDnlKjjgJEgUmlubmFp44CA44Op44Kv44K344Ko44OX44Op44Kk44Og44CA5bem44OP44Kk44Kr44Ot44Oq44O844OQ44O844OK44O8IFtSVEU2NVZBR1BMTFBd44CQ6L+U5ZOB56iu5YilQeOAkeOAkOmAgeaWmeeEoeaWmeOAkeOAkFJDUOOAkQ==,5YWI552A5pyA5aSnMjAw5YaG44Kv44O844Od44OzKOODq+ODvOODq+OCkuOBlOeiuuiqjeS4i+OBleOBhCnimIXjgIJSVEU2NVZBR1BMLUxQ44CQ56iO6L6844CRIOODquODs+ODiuOCpCDjgqzjgrnjg4bjg7zjg5bjg6vjgJDjg5fjg63jg5Hjg7PjgqzjgrlMUOeUqOOAkSBSaW5uYWnjgIDjg6njgq/jgrfjgqjjg5fjg6njgqTjg6DjgIDlt6bjg4/jgqTjgqvjg63jg6rjg7zjg5Djg7zjg4rjg7wgW1JURTY1VkFHUExMUF3jgJDov5Tlk4HnqK7liKVB44CR44CQ6YCB5paZ54Sh5paZ44CR44CQUkNQ44CR[rn]
37-97104,aHR0cDovL3RzaG9wLnIxMHMuanAvamlzbS9jYWJpbmV0LzAzOTMvNDk1MTMwOTI5MzkwNi5qcGc/Zml0aW49NzAwOjcwMA==,MjE0NDAuMDAwMA==,,5a626Zu7ID4g44Kt44OD44OB44Oz5a626Zu7ID4g44Ks44K544Kz44Oz44OtID4g5o2u572u5Z6L44Ks44K544Kz44Oz44Ot,S0dNNjNWVEdMLUxQ44CQ56iO6L6844CRIOODquODs+ODiuOCpCDjgqzjgrnjg4bjg7zjg5bjg6vjgJDjg5fjg63jg5Hjg7PjgqzjgrlMUOeUqOOAkeOAgOOCsOODrOODvCDlt6bjg4/jgqTjgqvjg63jg6rjg7zjg5Djg7zjg4rjg7wgW0tHTTYzVlRHTExQXeOAkOi/lOWTgeeoruWIpUHjgJHjgJDpgIHmlpnnhKHmlpnjgJHjgJBSQ1DjgJE=,5YWI552A5pyA5aSnMjAw5YaG44Kv44O844Od44OzKOODq+ODvOODq+OCkuOBlOeiuuiqjeS4i+OBleOBhCnimIU=,5Zyo5bqr54q25rOB77ya5YWl6I235qyh56ys5Ye66I23PGJyPjxicj48YnI+PGZvbnQgY29sb3I9Ymx1ZT7ilqHjgIzov5Tlk4HnqK7liKXjgI3jgavjgaTjgYTjgaboqbPjgZfjgY/jga/jgZPjgaHjgonilqE8L2ZvbnQ+PGJyPjxmb250IHNpemU9JzInIGNvbG9yPScjQ0MwMDAwJz48Yj4yMDE05bm0MTHmnIgg55m65aOyPC9iPjwvZm9udD48YnI+PHA+PGJyPjxwPjxmb250IGNvbG9yPSJyZWQiPuKAu+W/heOBmuOBiuS9v+OBhOOBruOCrOOCueOBrueorumhnuOCkuOBiueiuuOBi+OCgeOBruS4iuOAgeOBlOizvOWFpeOBj+OBoOOBleOBhOOAguOBlOS9v+eUqOOBq+OBquOCi+WgtOWQiOOBr+OAgeWIpeWjsuOBruOCrOOCueODm+ODvOOCueOBjOW/heimgeOBp+OBmeOAgjwvZm9udD48YnI+4oC744Ks44K55qCT44Gu44K/44Kk44OX44Gr44KI44KK44G+44GX44Gm44Gv44CB5LuW44Gu5Zmo5YW344GM5b+F6KaB44Gq5aC05ZCI44GM44GU44GW44GE44G+44GZ44CCPEJSPuKXhuKXh+OCrOOCueOCs+ODvOODieOBryDjgZPjgaHjgokg44KI44KK44GU5rOo5paH44GE44Gf44Gg44GR44G+44GZ4peH4peGPGJyPuKXhuKXh+OCrOOCueODm+ODvOOCueaOpee2muWPo+OBr+OCrOOCueODhuODvOODluODq+ato+mdouWQkeOBi+OBo+OBpuW3puWBtOiDjOmdouOBp+OBmeKXh+KXhjxicj48YnI+PGI+PGZvbnQgY29sb3I9ImJsdWUiIHNpemU9Ii0xIj7lronlv4Moc2FmZXR5KeODu+S+v+WIqShTdXBwb3J0KeODu+eskemhlChTbWlsZSnjgpLntITmnZ/jgZnjgovjgIHos6LjgYQoaW50ZWxsaWdlbnQp5rip5bqm44K744Oz44K144O844KS44GZ44G544Gm44Gu44Kz44Oz44Ot44Gr5pCt6LyJ44GX44Gf44CMU2njgrvjg7PjgrXjg7zjgrPjg7Pjg63jgI3jgafjgZnjgII8L2ZvbnQ+PC9iPjxicj48YnI+PGI+4peG44CM44Ov44Oz44OU44O844K544OI44OD44OX44CNPC9iPjxicj7jg5Djg7zjg4rjg7zjg6rjg7PjgrDjgpLjg4jjg4Pjg5fjg5fjg6zjg7zjg4jjgajkuIDkvZPvvIjjg6/jg7Pjg5Tjg7zjgrnvvInjgavjgZfjgZ/jgYvjgonjgIHjg5Djg7zjg4rjg7zlkajjgorjga7pmpnplpPjgYzjgarjgY/jgarjgorjgIE8YnI+44Kz44Oz44Ot5YaF6YOo44G444Gu54Wu44GT44G844KM5L615YWl44KS44K344Oj44OD44OI44Ki44Km44OI44GX44G+44GZ44CCPGJyPuavjuaXpeOBruOBiuaJi+WFpeOCjOOBr+OAgeOBlOOBqOOBj+OCkuOBr+OBmuOBl+OBpuODiOODg+ODl+ODl+ODrOODvOODiOOBruaxmuOCjOOCkuOCteODg+OBqOaLreOBj+OBoOOBkeOAgjxicj48YnI+PGI+4peG44CM44GL44KT44K/44OD44OB77yG6KaL44KE44K544Kk44OD44OB44CNPC9iPjxicj7lpKfjgY3jgarmloflrZfjgajjgrnjgqTjg4Pjg4HjgafjgIHkvb/jgYTjgoTjgZnjgYTphY3nva7jga7mk43kvZzjg5Hjg43jg6vjgafjgZnjgII8YnI+44G+44Gf44CB44Kz44Oz44Ot44Go44Kw44Oq44Or44Gu5pON5L2c44Oc44K/44Oz44KS6Imy5YiG44GR44GX44CB44Gy44Go55uu44Gn5YiG44GL44KK44KE44GZ44GP44GX44G+44GX44Gf44CCPGJyPjxicj48Yj7il4bjgIzmj5rjgZLjgoLjga7muKnluqboqr/nr4DmqZ/og73jgI08L2I+PGJyPuaPmuOBkuOCi+mjn+adkOOBq+W/nOOBmOOBpua4qeW6puOCkuioreWumuOBmeOCjOOBsOOAgeiHquWLleOBp+ioreWumua4qeW6puOCkuOCreODvOODl+OBl+OBvuOBmeOAgjxicj48YnI+PGI+4peG44CM5rmv5rK444GL44GX5qmf6IO944CNPC9iPjxicj7jgYrmua/jgYzjgo/jgYTjgZ/jgonpn7PjgafjgYrnn6XjgonjgZvjgZfjgIHoh6rli5XmtojngavjgZfjgb7jgZnjgII15YiG6ZaT5L+d5rip5b6M44Gu6Ieq5YuV5raI54Gr44KC5Y+v6IO944Gn44GZ44CCPGJyPjxicj48Yj7il4bjgIzngorpo6/mqZ/og73jgI08L2I+PGJyPuOCueOCpOODg+ODgeOCkuaKvOOBmeOBoOOBkeOBp+OAgeaJi+i7veOBq+ebtOeBq+eCiuOBjeOBruOBlOmjr+OBjOWRs+OCj+OBiOOBvuOBmeOAgueBq+WKm+OCgua2iOeBq+OCguiHquWLleOBp+OBteOBo+OBj+OCieOBiuOBhOOBl+OBj+eCiuOBjeOBguOBkuOBvuOBmeOAgjxicj7igLvlsILnlKjjga7ngorpo6/ph5zjg7vngorpo6/pjYvjga7kvb/nlKjjgpLjgYrjgZnjgZnjgoHjgZfjgb7jgZnjgII8YnI+PGJyPjxiPuKXhuOAjDNT44Kw44Oq44Or44CNPC9iPjxicj7jgrDjg6rjg6vmiYnjgYzmiYvliY3jgavkuIvjgYzjgorjgIHjgoTjgZHjganpmLLmraLjgoToo4/ov5TjgZfjgavkvr/liKnjgafjgZnjgII8YnI+PGJyPuKXhuOCsOODquODq+W6q+WGheOBrua4qeW6puOBjOeVsOW4uOOBq+S4iuOBjOOCi+OBqOiHquWLlea2iOeBq+OAgeeZuueBq+OCkumYsuatouOBmeOCi+OAjOOCsOODquODq+mBjueGsemYsuatouOCu+ODs+OCteODvOOAjTxicj7il4bmk43kvZzjg5zjgr/jg7PjgpLjg63jg4Pjgq/jgIzngrnngavjg63jg4Pjgq/jgI08YnI+4peG44Kz44Oz44Ot44Gu54K554Gr44KS44Gy44Go55uu44Gn56K66KqN44Gn44GN44KL44CM44Kz44Oz44Ot54K554Gr56K66KqN6KGo56S644CNPGJyPuKXhue0hDE15YiG44Gn6Ieq5YuV5raI54Gr44CM44Kw44Oq44Or5raI44GX5b+Y44KM5raI54Gr5qmf6IO944CNPGJyPuKXhuawtOeEoeOBl+S4oemdoueEvOOBjeOCsOODquODqzxicj48YnI+4peG5bem44OP44Kk44Kr44Ot44Oq44O844OQ44O844OK44O8PGJyPjxiPjxmb250IGNvbG9yPXJlZD7igLvmqJnmupbjg5Djg7zjg4rjg7zvvJrjg4/jgqTjgqvjg63jg6rjg7zjg5Djg7zjg4rjg7zjgafjga/jgarjgYTlgbTjga7jg5Djg7zjg4rjg7zjgafjgZnjgII8L2ZvbnQ+PC9iPjxicj7kvovvvJrlt6bjg4/jgqTjgqvjg63jg6rjg7zjg5Djg7zjg4rjg7zjga7loLTlkIjjga/jgIHlj7PlgbTjga7jg5Djg7zjg4rjg7zjgYzmqJnmupbjg5Djg7zjg4rjg7zjgajjgarjgorjgb7jgZnjgII8YnI+PGJyPuKWoOOAgOS7leOAgOanmOOAgOKWoDx1bD48bGk+5bem44OP44Kk44Kr44Ot44Oq44O844OQ44O844OK44O8PC9saT48bGk+44Kr44Op44O877ya44Kw44Os44O8PC9saT48bGk+5pys5L2T44K144Kk44K6KOe0hCnvvJrluYU1OS42w5flpaXooYw0OC45w5fpq5jjgZUxOC4wY23vvIjjg4jjg4Pjg5fjg5fjg6zjg7zjg4jlpaXooYw0MC43Y23vvIk8L2xpPjxsaT7jgrDjg6rjg6vntrLjgrXjgqTjgrrvvIjntITvvInvvJrluYUyMy4yw5flpaXooYwzMC40Y208L2xpPjxsaT7ph43ph4/vvJrntIQxNGtnPC9saT48bGk+44OI44OD44OX44OX44Os44O844OI44Gu44K/44Kk44OX77ya44Kv44Oq44K544K/44Or44Kz44O844OIPC9saT48bGk+44Ks44K55raI6LK76YePPGJyPuODu+WFqOeCueeBq+aZgu+8mjguNjBrVzxicj7jg7vlvLfngavlipvvvJo0LjIwa1c8YnI+44O75qiZ5rqW77yaMi45N2tXPGJyPuODu+OCsOODquODq++8mjIuMDBrVzwvbGk+PGxpPuecgeOCqOODjeWfuua6lumBlOaIkOeOhzwvbGk+PGxpPuOCs+ODs+ODremDqOecgeOCqOODjeWfuua6lumBlOaIkOeOh++8mjEwMO+8hTwvbGk+PGxpPuOCs+ODs+ODremDqOOCqOODjeODq+OCruODvOa2iOiyu+WKueeOh++8mjU2LjPvvIU8L2xpPjxsaT7jgrDjg6rjg6vpg6jnnIHjgqjjg43ln7rmupbpgZTmiJDnjofvvJoxMDDvvIU8L2xpPjxsaT7jgrDjg6rjg6vpg6jjgqjjg43jg6vjgq7jg7zmtojosrvlirnnjofvvJoyMDlXaDwvbGk+PGxpPuW5tOmWk+ebruWuieeHg+aWmea2iOiyu+mHj++8mjI1bTxzdXA+Mzwvc3VwPi/lubQ8L2xpPjwvdWw+PGJyPjwhLS1DT05fU1QtLT48cD48aW1nIHNyYz1odHRwOi8vd3d3LnJha3V0ZW4ubmUuanAvZ29sZC9qaXNtL2ltZy9rYW5yZW5fYnIuZ2lmIGJvcmRlcj0wIHdpZHRoPTQwMCBoZWlnaHQ9NDA+PC9wPjxicj48YnI+PGJyPijigLvjgZPjga7oqqzmmI7mlofjga/mpb3lpKnluILloLTlupfjga7oqJjovInlhoXlrrnjgafjgZnjgIJVUkzjga9odHRwOi8vaXRlbS5yYWt1dGVuLmNvLmpwL2ppc20v44Gn5aeL44G+44KK44G+44GZ44CCVVJM44GM55Ww44Gq44KL6Zqb44Gv44K144Kk44OI44KS5Yip55So44GZ44KL44GT44Go44Gu44Gq44GE44KI44GG5Y2B5YiG44GU5rOo5oSP44GP44Gg44GV44GE44CCKTx0YWJsZSB3aWR0aD0iNjAwIiBib3JkZXI9MCBjZWxscGFkZGluZz01IGNlbGxzcGFjaW5nPTAgYmdjb2xvcj0iI0YwRURFNCI+PHRyPjx0ZCBhbGlnbj0iY2VudGVyIiBiZ2NvbG9yPSIjQkJBMDRFIj4KPHRhYmxlIHdpZHRoPSI1OTAiIGJvcmRlcj0wIGNlbGxwYWRkaW5nPTIgY2VsbHNwYWNpbmc9MSBiZ2NvbG9yPSIjRjBFREU0IiBzdW1tYXJ5PSIiIHN0eWxlPSJmb250LXNpemU6MTJweDsiPjx0cj48dGQ+44GK44GZ44GZ44KB44Kr44OG44K044Oq44O844CA77ya44CA44Ko44Ki44Kz44Oz44CA44O744CA5Yqg5rm/5Zmo44CA44O744CA5Ya36JS15bqr44CA44O744CA44Ob44OD44OI44Kr44O844Oa44OD44OI44CA44O744CA5biD5Zuj5Lm+54el5qmfPC90ZD48L3RyPjx0cj48dGQgYWxpZ249ImNlbnRlciI+44K044Or44OV44Oc44O844Or44CA44O744CA5o6D6Zmk5qmf44O744Kv44Oq44O844OK44O844CA44O744CA77y077y244Ky44O844Og44CA44O744CA6Zu75rGg44CA44O744CA5YWF6Zu75rGg44O75YWF6Zu75Zmo44CA44O744CA44Op44OD44OU44Oz44Kw6KKLCjwvdGQ+PC90cj48L3RhYmxlPgo8L3RkPjwvdHI+PC90YWJsZT48YnI+,S0dNNjNWVEdMLUxQ44CQ56iO6L6844CRIOODquODs+ODiuOCpCDjgqzjgrnjg4bjg7zjg5bjg6vjgJDjg5fjg63jg5Hjg7PjgqzjgrlMUOeUqOOAkeOAgOOCsOODrOODvCDlt6bjg4/jgqTjgqvjg63jg6rjg7zjg5Djg7zjg4rjg7wgW0tHTTYzVlRHTExQXeOAkOi/lOWTgeeoruWIpUHjgJHjgJDpgIHmlpnnhKHmlpnjgJHjgJBSQ1DjgJHvvJpKb3NoaW4gd2ViIOWutumbu+OBqFBD44Gu5aSn5Z6L5bCC6ZaA5bqX,5a626Zu744OR44K944Kz44OzQVbmqZ/lmajpq5jntJrjgqrjg7zjg4fjgqPjgqrjg5vjg5Pjg7zjgYrjgoLjgaHjgoPjgrLjg7zjg6DpiYTpgZPmqKHlnovmmYLoqIhQQ+ODhuODrOODk+ODrOOCs+ODvOODgOODvOmbkeiyqOaooeWei+WGt+iUteW6q+a0l+a/r+apn+OCqOOCouOCs+ODs2dhbWVob2JieWNvbXB1dGVyS0dNNjNWVEdMLUxQ44CQ56iO6L6844CRIOODquODs+ODiuOCpCDjgqzjgrnjg4bjg7zjg5bjg6vjgJDjg5fjg63jg5Hjg7PjgqzjgrlMUOeUqOOAkeOAgOOCsOODrOODvCDlt6bjg4/jgqTjgqvjg63jg6rjg7zjg5Djg7zjg4rjg7wgW0tHTTYzVlRHTExQXeOAkOi/lOWTgeeoruWIpUHjgJHjgJDpgIHmlpnnhKHmlpnjgJHjgJBSQ1DjgJE=,5YWI552A5pyA5aSnMjAw5YaG44Kv44O844Od44OzKOODq+ODvOODq+OCkuOBlOeiuuiqjeS4i+OBleOBhCnimIXjgIJLR002M1ZUR0wtTFDjgJDnqI7ovrzjgJEg44Oq44Oz44OK44KkIOOCrOOCueODhuODvOODluODq+OAkOODl+ODreODkeODs+OCrOOCuUxQ55So44CR44CA44Kw44Os44O8IOW3puODj+OCpOOCq+ODreODquODvOODkOODvOODiuODvCBbS0dNNjNWVEdMTFBd44CQ6L+U5ZOB56iu5YilQeOAkeOAkOmAgeaWmeeEoeaWmeOAkeOAkFJDUOOAkQ==[rn]
37-97105,aHR0cDovL3RzaG9wLnIxMHMuanAvamlzbS9jYWJpbmV0LzAzNzgvNDk1MTMwOTI5MTI0Ny5qcGc/Zml0aW49NzAwOjcwMA==,MTI5NDQuMDAwMA==,,5a626Zu7ID4g44Kt44OD44OB44Oz5a626Zu7ID4g44Ks44K544Kz44Oz44OtID4g5o2u572u5Z6L44Ks44K544Kz44Oz44Ot,S0dNNjRCRVItMTNB44CQ56iO6L6844CRIOODquODs+ODiuOCpCDjgqzjgrnjg4bjg7zjg5bjg6vjgJDpg73luILjgqzjgrkxMkExM0HnlKjjgJHjgIDjgq/jg6rjg7zjg6Djg5njg7zjgrjjg6UgUmlubmFp44CA5Y+z44OP44Kk44Kr44Ot44Oq44O844OQ44O844OK44O8IFtLR002NEJFUjEzQV3jgJDov5Tlk4HnqK7liKVB44CR44CQ6YCB5paZ54Sh5paZ44CR44CQUkNQ44CR,5YWI552A5pyA5aSnMjAw5YaG44Kv44O844Od44OzKOODq+ODvOODq+OCkuOBlOeiuuiqjeS4i+OBleOBhCnimIU=,5Zyo5bqr54q25rOB77ya4paz5Zyo5bqr5YOF5bCRPGJyPjLml6XvvZ4z5pel44Gn5Ye66I23PGJyPjxicj48YnI+PGZvbnQgY29sb3I9Ymx1ZT7ilqHjgIzov5Tlk4HnqK7liKXjgI3jgavjgaTjgYTjgaboqbPjgZfjgY/jga/jgZPjgaHjgonilqE8L2ZvbnQ+PGJyPjxmb250IHNpemU9JzInIGNvbG9yPScjQ0MwMDAwJz48Yj4yMDE05bm0MDjmnIgg55m65aOyPC9iPjwvZm9udD48YnI+PHA+PGJyPjxwPuKAu+WVhuWTgeeUu+WDj+OBr+W3puODj+OCpOOCq+ODreODquODvOODkOODvOODiuODvOOCv+OCpOODl+OCkuS9v+eUqOOBl+OBpuOBhOOBvuOBmeOAgjxicj48Zm9udCBjb2xvcj0icmVkIj7igLvlv4XjgZrjgYrkvb/jgYTjga7jgqzjgrnjga7nqK7poZ7jgpLjgYrnorrjgYvjgoHjga7kuIrjgIHjgZTos7zlhaXjgY/jgaDjgZXjgYTjgILjgZTkvb/nlKjjgavjgarjgovloLTlkIjjga/jgIHliKXlo7Ljga7jgqzjgrnjg5vjg7zjgrnjgYzlv4XopoHjgafjgZnjgII8L2ZvbnQ+PGJyPuKAu+OCrOOCueagk+OBruOCv+OCpOODl+OBq+OCiOOCiuOBvuOBl+OBpuOBr+OAgeS7luOBruWZqOWFt+OBjOW/heimgeOBquWgtOWQiOOBjOOBlOOBluOBhOOBvuOBmeOAgjxCUj7il4bil4fjgqzjgrnjgrPjg7zjg4njga8g44GT44Gh44KJIOOCiOOCiuOBlOazqOaWh+OBhOOBn+OBoOOBkeOBvuOBmeKXh+KXhjxicj7il4bil4fjgqzjgrnjg5vjg7zjgrnmjqXntprlj6Pjga/jgqzjgrnjg4bjg7zjg5bjg6vmraPpnaLlkJHjgYvjgaPjgablt6blgbTog4zpnaLjgafjgZnil4fil4Y8YnI+PGJyPjxiPjxmb250IGNvbG9yPSJibHVlIiBzaXplPSItMSI+5a6J5b+DKHNhZmV0eSnjg7vkvr/liKkoU3VwcG9ydCnjg7vnrJHpoZQoU21pbGUp44KS57SE5p2f44GZ44KL44CB6LOi44GEKGludGVsbGlnZW50Kea4qeW6puOCu+ODs+OCteODvOOCkuOBmeOBueOBpuOBruOCs+ODs+ODreOBq+aQrei8ieOBl+OBn+OAjFNp44K744Oz44K144O844Kz44Oz44Ot44CN44Gn44GZ44CCPC9mb250PjwvYj48YnI+PGJyPjxiPuKXhuaWsOODleODreODs+ODiOODh+OCtuOCpOODs+OAgjwvYj48YnI+5YmN6Z2i44OR44ON44Or44Gu44OV44Ot44Oz44OI44OH44K244Kk44Oz44KS5LiA5paw44CB5pON5L2c44Oc44K/44Oz44KS5aSn44GN44GP44GX44CB5pON5L2c5oCn44KS5ZCR5LiK44GV44Gb44G+44GX44Gf44CCPGJyPuOBvuOBn+OAgU9OL09GRuODlOOCr+ODgeODo+ODvOOCteOCpOODs+OCkuaQrei8ieOBmeOCi+OBk+OBqOOBp+OAgeS9v+eUqOeKtuaFi+OCkuS4gOebruOBp+WIhuOBi+OCiuOChOOBmeOBj+OBl+OBvuOBl+OBn+OAgjxicj48YnI+PGI+4peG44OQ44O844OK44O844Oq44Oz44Kw5LiA5L2T44OI44OD44OX44OX44Os44O844OI44CCPC9iPjxicj7jgrnjg4Pjgq3jg6rjgajjgZfjgZ/jg5Xjg6njg4Pjg4jjgarjg5vjg7zjg63jg7zjg4jjg4Pjg5fjg5fjg6zjg7zjg4jjga7mjqHnlKjjgavjgojjgorjgYrmiYvlhaXjgozjgYzjgajjgabjgoLnsKHljZjjgafjgZnjgII8YnI+44GX44KL5Y+X44GR44GM44Gq44GE5qeL6YCg44Gq44Gu44Gn44CB44GU44Go44GP44KS5aSW44Gb44Gw44OV44Op44OD44OI44Gq44OI44OD44OX44OX44Os44O844OI44Go44Gq44KK44CB44GK5omL5YWl44KM44KC44K144OD44Go44Gy44Go5out44GN44Gn57Ch5Y2Y44CCPGJyPuOBvuOBn+OAgeOCsOODquODq+aOkuawl+WPo+OCq+ODkOODvOOBr+OCs+ODs+ODkeOCr+ODiOOBp+ODiOODg+ODl+ODl+ODrOODvOODiOOBqOODleODqeODg+ODiOOBp+OBmeOBo+OBjeOCiuOBl+OBpuOBhOOBvuOBmeOAgjxicj48YnI+PGI+4peG44Kz44Oz44OR44Kv44OI44GU44Go44GP44CCPC9iPjxicj7ooajpnaLnqY3jga7lsI/jgZXjgYTjgrPjg7Pjg5Hjgq/jg4jjgarnt5rmnZDmnqDjgavjgZnjgovjgZPjgajjgafjgYrmiYvlhaXjgozmgKfjgpLlkJHkuIrjgZfjgabjgYTjgb7jgZnjgII8YnI+PGJyPjxiPuKXhuODkOODvOODiuODvOOCreODo+ODg+ODl+ODrOOCuSDjg5Djg7zjg4rjg7zjg5jjg4Pjg4njgII8L2I+PGJyPuODm+ODvOODreODvOijveOBruODkOODvOODiuODvOOCreODo+ODg+ODl+OCkuW7g+atouOBmeOCi+OBk+OBqOOBp+OAgeOBmeOBo+OBjeOCiuOBqOOBl+OBn+Wkluims+OBqOOBl+OAgeOBiuaJi+WFpeOCjOaAp+OCguWQkeS4iuOBl+OBvuOBl+OBn+OAgjxicj48YnI+PGI+4peG44OV44Op44OD44OI5o6S5rCX5Y+j44Kr44OQ44O844CCPC9iPjxicj7mjpLmsJflj6Pjgqvjg5Djg7zjga7pq5jjgZXjgpLlvpPmnaXjgojjgoo4bW3kvY7jgY/jgZnjgovjgZPjgajjgaflpKnmnb/jga7jg5Xjg6njg4Pjg4jmhJ/jgpLlkJHkuIrjgZfjgabjgYTjgb7jgZnjgII8YnI+PGJyPjxiPuKXhuOCsOODquODq+aJieOAgjwvYj48YnI+44Kw44Oq44Or5omJ44Gu5pG65YuV5oCn44KS5pS55ZaE44GX44CB44Kw44Oq44Or55q/44Gu5Ye644GX5YWl44KM44GM44K544Og44O844K644Gr44Gq44KK44G+44GX44Gf44CCPGJyPuOChOOBkeOBqemYsuatouOBruani+mAoOOCguaOoeeUqOOBl+OAgeOBvuOBn+OCsOODquODq+aJieOBjOODr+ODs+OCv+ODg+ODgeedgOiEseW8j+OBrueCuuOAgeOBiuaJi+WFpeOCjOOCguewoeWNmOOBp+OBmeOAgjxicj48YnI+PGI+4peG5a6J5YWo5qmf6IO944CCPC9iPjxicj7jg7vmj5rjgZLjgoLjga7oqr/nkIbmmYLjgarjganjgavljbHpmbrmuKnluqbjgavjgarjgovliY3jgavjgIHoh6rli5XmtojngavjgIzlpKnjgbfjgonmsrnpgY7nhrHpmLLmraLmqZ/og73vvIjlvLfngavlipvjg7vmqJnmupbjg5Djg7zjg4rjg7zvvInjgI08YnI+44O754Wu44GT44G844KM44KE6aKo44Gq44Gp44Gn54Gr44GM5raI44GI44KL44Go44CB6Ieq5YuV44Gn44Ks44K544KS5q2i44KB44KL44CM56uL5raI44GI5a6J5YWo6KOF572u44CNPGJyPuODu+mrmOa4qeiqv+eQhuaZguOAgeW8t+eBq+OBqOW8seeBq+OCkue5sOOCiui/lOOBl+iqv+eQhuS4reOBrumAlOS4rea2iOeBq+OCkumYsuatouOBmeOCi+OAjOmrmOa4qeiHquWLlea4qeW6puiqv+evgOapn+iDve+8iOW8t+eBq+WKm+ODu+aomea6luODkOODvOODiuODvO+8ieOAjTxicj7jg7vpjYvlupXjga7nhKbjgZLjgaTjgY3jgYzlp4vjgb7jgorjgIHpjYvjgpLlgrfjgoHjgovliY3jgavoh6rli5XmtojngavjgIznhKbjgZLjgaTjgY3mtojngavmqZ/og73vvIjlvLfngavlipvjg7vmqJnmupbjg5Djg7zjg4rjg7zvvInjgI08YnI+44O75by354Gr5Yqb44O75qiZ5rqW44OQ44O844OK44O844Go44KC57SEMuaZgumWk+OBp+iHquWLlea2iOeBq+OAjOOCs+ODs+ODrea2iOOBl+W/mOOCjOa2iOeBq+apn+iDveOAjTxicj7jg7vjgrDjg6rjg6vjgpLpgKPntprjgafntIQyMOWIhumWk+S9v+eUqOOBmeOCi+OBqOiHquWLlea2iOeBq+OBmeOCi+OAjOOCsOODquODq+a2iOOBl+W/mOOCjOa2iOeBq+apn+iDveOAjeS7mOOBjeOBp+OBmeOBruOBp+OAgea2iOOBl+W/mOOCjOOBruW/g+mFjeOBjOOBguOCiuOBvuOBm+OCk+OAgjxicj48YnI+4peG54K554Gr44K544Kk44OD44OB44KS5oq844Gb44Gw54K554Gr44GZ44KL44G+44Gn6Ieq5YuV55qE44Gr6YCj57aa44K544OR44O844Kv44KS6KGM44GG44CM44Op44Kv54K554Gr44CN44Gr44KI44KK44CB5pON5L2c5oCn44GM5ZCR5LiK44GX44G+44GX44Gf44CCPGJyPuKXhuaTjeS9nOODnOOCv+ODs+OCkuODreODg+OCr+OBleOBm+OCi+apn+ani+OAjOeCueeBq+ODreODg+OCr+OAjTxicj48YnI+4peG5Y+z44OP44Kk44Kr44Ot44Oq44O844OQ44O844OK44O8PGJyPjxicj48Yj48Zm9udCBjb2xvcj1yZWQ+4oC75qiZ5rqW44OQ44O844OK44O877ya44OP44Kk44Kr44Ot44Oq44O844OQ44O844OK44O844Gn44Gv44Gq44GE5YG044Gu44OQ44O844OK44O844Gn44GZ44CCPC9mb250PjwvYj48YnI+5L6L77ya5Y+z44OP44Kk44Kr44Ot44Oq44O844OQ44O844OK44O844Gu5aC05ZCI44Gv44CB5bem5YG044Gu44OQ44O844OK44O844GM5qiZ5rqW44OQ44O844OK44O844Go44Gq44KK44G+44GZ44CCPGJyPjxicj7ilqDjgIDku5XjgIDmp5jjgIDilqA8dWw+PGxpPuWPs+ODj+OCpOOCq+ODreODquODvOODkOODvOODiuODvDwvbGk+PGxpPuOCq+ODqeODvO+8muOCr+ODquODvOODoOODmeODvOOCuOODpTwvbGk+PGxpPuacrOS9k+OCteOCpOOCuu+8iOe0hO+8ie+8muW5hTU5LjbDl+WlpeihjDQ1LjLDl+mrmOOBlTIxLjhjbe+8iOODiOODg+ODl+ODl+ODrOODvOODiOmrmOOBlTE4LjDDl+WlpeihjDM5LjJjbe+8iTwvbGk+PGxpPuOCsOODquODq+e2suOCteOCpOOCuu+8iOe0hO+8ie+8muW5hTIwLjjDl+WlpeihjDMwLjRjbTwvbGk+PGxpPumHjemHj++8mue0hDguMGtnPC9saT48bGk+44OI44OD44OX44OX44Os44O844OI44Gu44K/44Kk44OX77ya44Kv44Oq44K544K/44Or44Kz44O844OIPC9saT48bGk+44Ks44K55raI6LK76YePPGJyPuODu+WFqOeCueeBq+aZgu+8mjguMWtXPGJyPuODu+W8t+eBq+WKm++8mjQuMjBrVzxicj7jg7vmqJnmupbvvJoyLjk3a1c8YnI+44O744Kw44Oq44Or77yaMS4zM2tXPC9saT48bGk+55yB44Ko44ON5Z+65rqW6YGU5oiQ546HPC9saT48bGk+44Kz44Oz44Ot6YOo55yB44Ko44ON5Z+65rqW6YGU5oiQ546H77yaMTAw77yFPC9saT48bGk+44Kz44Oz44Ot6YOo44Ko44ON44Or44Ku44O85raI6LK75Yq5546H77yaNTYuM++8hTwvbGk+PGxpPuOCsOODquODq+mDqOecgeOCqOODjeWfuua6lumBlOaIkOeOh++8mjEwNe+8hTwvbGk+PGxpPuOCsOODquODq+mDqOOCqOODjeODq+OCruODvOa2iOiyu+WKueeOh++8mjE4MFdoPC9saT48bGk+5bm06ZaT55uu5a6J54eD5paZ5raI6LK76YeP77yaNTdtPHN1cD4zPC9zdXA+L+W5tDwvbGk+PC91bD48YnI+PCEtLUNPTl9TVC0tPjxwPjxpbWcgc3JjPWh0dHA6Ly93d3cucmFrdXRlbi5uZS5qcC9nb2xkL2ppc20vaW1nL2thbnJlbl9ici5naWYgYm9yZGVyPTAgd2lkdGg9NDAwIGhlaWdodD00MD48L3A+PGJyPjxicj48YnI+KOKAu+OBk+OBruiqrOaYjuaWh+OBr+alveWkqeW4guWgtOW6l+OBruiomOi8ieWGheWuueOBp+OBmeOAglVSTOOBr2h0dHA6Ly9pdGVtLnJha3V0ZW4uY28uanAvamlzbS/jgaflp4vjgb7jgorjgb7jgZnjgIJVUkzjgYznlbDjgarjgovpmpvjga/jgrXjgqTjg4jjgpLliKnnlKjjgZnjgovjgZPjgajjga7jgarjgYTjgojjgYbljYHliIbjgZTms6jmhI/jgY/jgaDjgZXjgYTjgIIpPHRhYmxlIHdpZHRoPSI2MDAiIGJvcmRlcj0wIGNlbGxwYWRkaW5nPTUgY2VsbHNwYWNpbmc9MCBiZ2NvbG9yPSIjRjBFREU0Ij48dHI+PHRkIGFsaWduPSJjZW50ZXIiIGJnY29sb3I9IiNCQkEwNEUiPgo8dGFibGUgd2lkdGg9IjU5MCIgYm9yZGVyPTAgY2VsbHBhZGRpbmc9MiBjZWxsc3BhY2luZz0xIGJnY29sb3I9IiNGMEVERTQiIHN1bW1hcnk9IiIgc3R5bGU9ImZvbnQtc2l6ZToxMnB4OyI+PHRyPjx0ZD7jgYrjgZnjgZnjgoHjgqvjg4bjgrTjg6rjg7zjgIDvvJrjgIDjgqjjgqLjgrPjg7PjgIDjg7vjgIDliqDmub/lmajjgIDjg7vjgIDlhrfolLXluqvjgIDjg7vjgIDjg5vjg4Pjg4jjgqvjg7zjg5rjg4Pjg4jjgIDjg7vjgIDluIPlm6Pkub7nh6XmqZ88L3RkPjwvdHI+PHRyPjx0ZCBhbGlnbj0iY2VudGVyIj7jgrTjg6vjg5Xjg5zjg7zjg6vjgIDjg7vjgIDmjoPpmaTmqZ/jg7vjgq/jg6rjg7zjg4rjg7zjgIDjg7vjgIDvvLTvvLbjgrLjg7zjg6DjgIDjg7vjgIDpm7vmsaDjgIDjg7vjgIDlhYXpm7vmsaDjg7vlhYXpm7vlmajjgIDjg7vjgIDjg6njg4Pjg5Tjg7PjgrDooosKPC90ZD48L3RyPjwvdGFibGU+CjwvdGQ+PC90cj48L3RhYmxlPjxicj4=,S0dNNjRCRVItMTNB44CQ56iO6L6844CRIOODquODs+ODiuOCpCDjgqzjgrnjg4bjg7zjg5bjg6vjgJDpg73luILjgqzjgrkxMkExM0HnlKjjgJHjgIDjgq/jg6rjg7zjg6Djg5njg7zjgrjjg6UgUmlubmFp44CA5Y+z44OP44Kk44Kr44Ot44Oq44O844OQ44O844OK44O8IFtLR002NEJFUjEzQV3jgJDov5Tlk4HnqK7liKVB44CR44CQ6YCB5paZ54Sh5paZ44CR44CQUkNQ44CR77yaSm9zaGluIHdlYiDlrrbpm7vjgahQQ+OBruWkp+Wei+WwgumWgOW6lw==,5a626Zu744OR44K944Kz44OzQVbmqZ/lmajpq5jntJrjgqrjg7zjg4fjgqPjgqrjg5vjg5Pjg7zjgYrjgoLjgaHjgoPjgrLjg7zjg6DpiYTpgZPmqKHlnovmmYLoqIhQQ+ODhuODrOODk+ODrOOCs+ODvOODgOODvOmbkeiyqOaooeWei+WGt+iUteW6q+a0l+a/r+apn+OCqOOCouOCs+ODs2dhbWVob2JieWNvbXB1dGVyS0dNNjRCRVItMTNB44CQ56iO6L6844CRIOODquODs+ODiuOCpCDjgqzjgrnjg4bjg7zjg5bjg6vjgJDpg73luILjgqzjgrkxMkExM0HnlKjjgJHjgIDjgq/jg6rjg7zjg6Djg5njg7zjgrjjg6UgUmlubmFp44CA5Y+z44OP44Kk44Kr44Ot44Oq44O844OQ44O844OK44O8IFtLR002NEJFUjEzQV3jgJDov5Tlk4HnqK7liKVB44CR44CQ6YCB5paZ54Sh5paZ44CR44CQUkNQ44CR,5YWI552A5pyA5aSnMjAw5YaG44Kv44O844Od44OzKOODq+ODvOODq+OCkuOBlOeiuuiqjeS4i+OBleOBhCnimIXjgIJLR002NEJFUi0xM0HjgJDnqI7ovrzjgJEg44Oq44Oz44OK44KkIOOCrOOCueODhuODvOODluODq+OAkOmDveW4guOCrOOCuTEyQTEzQeeUqOOAkeOAgOOCr+ODquODvOODoOODmeODvOOCuOODpSBSaW5uYWnjgIDlj7Pjg4/jgqTjgqvjg63jg6rjg7zjg5Djg7zjg4rjg7wgW0tHTTY0QkVSMTNBXeOAkOi/lOWTgeeoruWIpUHjgJHjgJDpgIHmlpnnhKHmlpnjgJHjgJBSQ1DjgJE=[rn]
37-97106,aHR0cDovL3RzaG9wLnIxMHMuanAvamlzbS9jYWJpbmV0LzA1NDQvNDk1MTMwOTI5ODAyNC5qcGc/Zml0aW49NzAwOjcwMA==,NDM1NDQuMDAwMA==,,5a626Zu7ID4g44Kt44OD44OB44Oz5a626Zu7ID4g44Ks44K544Kz44Oz44OtID4g5o2u572u5Z6L44Ks44K544Kz44Oz44Ot,UlRFNjVWQUNQTC0xM0HjgJDnqI7ovrzjgJEg44Oq44Oz44OK44KkIOOCrOOCueODhuODvOODluODq+OAkOmDveW4guOCrOOCuTEyQTEzQeeUqOOAkSBSaW5uYWnjgIDjg6njgq/jgrfjgqjjgIDlt6bjg4/jgqTjgqvjg63jg6rjg7zjg5Djg7zjg4rjg7wgW1JURTY1VkFDUEwxM0Fd44CQ6L+U5ZOB56iu5YilQeOAkeOAkOmAgeaWmeeEoeaWmeOAkeOAkFJDUOOAkQ==,5YWI552A5pyA5aSnMjAw5YaG44Kv44O844Od44OzKOODq+ODvOODq+OCkuOBlOeiuuiqjeS4i+OBleOBhCnimIU=,5Zyo5bqr54q25rOB77ya5YWl6I235qyh56ys5Ye66I23PGJyPjxicj48YnI+PGZvbnQgY29sb3I9Ymx1ZT7ilqHjgIzov5Tlk4HnqK7liKXjgI3jgavjgaTjgYTjgaboqbPjgZfjgY/jga/jgZPjgaHjgonilqE8L2ZvbnQ+PGJyPjxicj48cD48YnI+PHA+PGZvbnQgY29sb3I9InJlZCI+4oC75b+F44Ga44GK5L2/44GE44Gu44Ks44K544Gu56iu6aGe44KS44GK56K644GL44KB44Gu5LiK44CB44GU6LO85YWl44GP44Gg44GV44GE44CC44GU5L2/55So44Gr44Gq44KL5aC05ZCI44Gv44CB5Yil5aOy44Gu44Ks44K544Ob44O844K544GM5b+F6KaB44Gn44GZ44CCPC9mb250Pjxicj7igLvjgqzjgrnmoJPjga7jgr/jgqTjg5fjgavjgojjgorjgb7jgZfjgabjga/jgIHku5bjga7lmajlhbfjgYzlv4XopoHjgarloLTlkIjjgYzjgZTjgZbjgYTjgb7jgZnjgII8QlI+4peG4peH44Ks44K544Kz44O844OJ44GvIOOBk+OBoeOCiSDjgojjgorjgZTms6jmlofjgYTjgZ/jgaDjgZHjgb7jgZnil4fil4Y8YnI+4peG4peH44Ks44K544Ob44O844K55o6l57aa5Y+j44Gv44Ks44K544OG44O844OW44Or5q2j6Z2i5ZCR44GL44Gj44Gm5bem5YG06IOM6Z2i44Gn44GZ4peH4peGPGJyPjxiPuKXhuODqeOCr+ODqeOCr++8huOBguOCk+OBl+OCk+OBruawtOeEoeOBl+OCsOODquODqzwvYj48YnI+44Kw44Oq44Or44Gu5byV44GN5Ye644GX5bmFMzEuNWNt44CB6aOf5p2Q44Gu5Ye644GX5YWl44KM44GM57Ch5Y2YPGJyPuOCr+ODquODq+OBjOOCueODoOODvOOCuuOBq+W8leOBjeWHuuOBm+OBvuOBmTxicj7jgrDjg6rjg6voqr/nkIbjgr/jgqTjg57jg7zvvJox772eMTXliIY8YnI+5Y+W44KK5aSW44GX44Gm5rSX44GI44KL44CM5bqr5YaF5rGa44KM44Kr44OQ44O844CN5LuY44GNPGJyPuWIhuWJsuOCsOODquODq+OBp+OBiuaOg+mZpOODqeOCr+ODqeOCrzxicj48YnI+44CQ5Lih6Z2i54S844Kw44Oq44Or44CRPGJyPuS4iuS4i+WQjOaZguWKoOeGseOBp+OCueODlOODvOODh+OCo+ODvDxicj7oqr/nkIbkuK3jgavoo4/ov5TjgZnlv4XopoHjgarjgZc8YnI+5LiK54Gr44O75LiL54Gr44Gu54Gr5Yqg5rib6Kq/5pW044GM5Yil44CF44Gr44Gn44GN44KLPGJyPuiqv+eQhuW+jOOBruawtOOBjOW6q+WGheOChOW6iuOBq+OBk+OBvOOCjOOCi+W/g+mFjeOCguOBquOBj+OAgeW+jOeJh+S7mOOBkeODqeOCr+ODqeOCr++8geOAgDxicj48YnI+44CQ44Kq44O844OI44Kw44Oq44Or5qmf6IO944CRPGJyPuOCs+ODs+ODreOBjOeBq+WKm+OBqOaZgumWk+OCkuiHquWLleOBp+OCs+ODs+ODiOODreODvOODq+OBl+OAgeiHquWLlea2iOeBqzxicj7nhLzjgY3jgZnjgY7jgoTnlJ/nhLzjgZHjga7lv4PphY3jgYzjgYLjgorjgb7jgZvjgpM8YnI+PGJyPuOAkOmYsueCjuODkeOCpOODl+OAkTxicj7jgrDjg6rjg6vlhoXpg6jjga7lvozmlrnpg6jliIbjgavoqK3nva7jgII8YnI+5LiH5LiA44Gu5aC05ZCI44KC54KO44GM5aSW44Gr5Ye644KL44Gu44KS6Ziy44GO44G+44GZ44CCPGJyPjxicj48Yj7il4bnha7jgZPjgbzjgozkvrXlhaXjgpLjg4Djg5bjg6vjgafpmLLjgY7jgIHnhKbjgZLjgaTjgY3jgpLou73muJvjgIzjgrnjg7zjg5Hjg7zjgrfjg7zjg6vjg4njg5Djg7zjg4rjg7zjgI08L2I+PGJyPuODkOODvOODiuODvOODquODs+OCsOOBqOODiOODg+ODl+ODl+ODrOODvOODiOOBrumWk+OBiuOCiOOBs+OAgeODiOODg+ODl+ODl+ODrOODvOODiOOBruS4i+OBq+OCguOCt+ODvOODq+ODieODkeODg+OCreODs+OCkuijheedgOOBl+OAgeWGhemDqOOBuOOBrueFruOBk+OBvOOCjOS+teWFpeOCkuODgOODluODq+OBp+mYsuOBjuOBvuOBmeOAgjxicj7jgZXjgonjgavjgIHjg5Djg7zjg4rjg7zjg6rjg7PjgrDjga/msZrjgozjgYzmrovjgorjgavjgY/jgYTjg6rjg7Pjg4rjgqTni6zoh6rjga7oqK3oqIjjgafjgIHjgYrmiYvlhaXjgozjga7miYvplpPjgpLou73muJvjgZfjgb7jgZnjgII8YnI+PGJyPjxiPuKXhuOCteODk+OChOaxmuOCjOOBq+W8t+OBhOODlOODpeOCouOCueODhuODs+ODrOOCueaOoeeUqDwvYj48YnI+44Kz44Oz44OR44Kv44OI44GU44Go44GP44KE44OQ44O844OK44O844Kt44Oj44OD44OX44Gr44Gv44CBU1VTMzA044KS5L2/55So44GX44Gf44OU44Ol44Ki44K544OG44Oz44Os44K544KS5o6h55So44CCPGJyPuiAkOS5heaAp+OBq+WEquOCjOOAgeimi+OBn+ebruOCgue+juOBl+OBhOOBruOBjOeJuemVt+OBp+OBmeOAgjxicj48YnI+PGI+4peG44OS44O844OI44Kq44OVPC9iPjxicj7nhrHjgpLliIbmlaPjg7vmlL7nhrHjgZXjgZvjgabjgIHjg4jjg4Pjg5fjg5fjg6zjg7zjg4jooajpnaLmuKnluqbjga7kuIrmmIfjgpLmipHjgYjjgb7jgZnjgII8YnI+PGJyPjxiPuKXhuWkmuW9qeOBquS+v+WIqeapn+iDvTwvYj48YnI+PGJyPuOAkOOBi+OCk+OCv+ODg+ODge+8huimi+OChOOCueOCpOODg+ODgeOAkTxicj7lpKfjgY3jgarmloflrZfjgajjgrnjgqTjg4Pjg4HjgafjgIHkvb/jgYTjgoTjgZnjgYTphY3nva7jga7mk43kvZzjg5Hjg43jg6s8YnI+5pON5L2c6Z2i44Gr57SEMzDluqbjga7lgr7mlpzjgpLjgaTjgZHjgabjgYTjgovjgZ/jgoHjgIHopovjgoTjgZnjgY/ohbDjgbjjga7osqDmi4XjgoLou73muJvjgZfjgb7jgZnjgII8YnI+PGJyPuOAkOODqeOCr+eCueeBq+OAkTxicj7ngrnngavjgZnjgovmmYLjgIHmjIfjgpLpm6LjgZfjgabjgoLpgKPntprjgrnjg5Hjg7zjgq/jgZfnorrlrp/jgavngrnngavjgZfjgb7jgZnjgII8YnI+54K554Gr44Gu6Zqb44CB44GE44GN44Gq44KK5aSn44GN44Gq54KO44GM5Ye644Gq44GE44CM5Lit54Gr54K554Gr44CN44Gu44Gf44KB5a6J5b+D44Gn44GZ44CCPGJyPjxicj7jgJDmj5rjgZLjgoLjga7muKnluqboqr/nr4DmqZ/og73jgJE8YnI+5o+a44GS44KL6aOf5p2Q44Gr5b+c44GY44Gm5rip5bqm44KS6Kit5a6a44GZ44KM44Gw44CB6Ieq5YuV44Gn6Kit5a6a5rip5bqm44KS44Kt44O844OX44GX44G+44GZ44CCPGJyPuioreWumua4qeW6pu+8mjE2MO+9njIxMOKEgzxicj48YnI+44CQ44Kz44Oz44Ot6Kq/55CG44K/44Kk44Oe44O844CRPGJyPuiHquWLlea2iOeBq+OBruOCv+OCpOODnuODvOOCkjHvvZ45MOWIhuOBvuOBpzHliIbliLvjgb/jgafoqK3lrprjgafjgY3oh6rli5XmtojngavjgZfjgb7jgZnjgII8YnI+5raI44GX5b+Y44KM44Gr44KI44KL6Iy544Gn44GZ44GO44CB54Wu44GZ44GO6Ziy5q2i44Gr5pyA6YGp44Gn44GZ44CCPGJyPjxicj7jgJDmua/msrjjgZfmqZ/og73jgJE8YnI+44GK5rmv44GM5rK444GE44Gf44KJ6Z+z44Gn44GK55+l44KJ44Gb44GX44Gm6Ieq5YuV5raI54Gr44CCPGJyPjxicj7jgJDngorpo6/mqZ/og73jgJE8YnI+44K544Kk44OD44OB44KS5oq844GZ44Gg44GR44Gn44CB5omL6Lu944Gr55u054Gr54KK44GN44Gu44GU6aOv44GM5ZGz44KP44GI44G+44GZ44CCPGJyPueBq+WKm+OCgua2iOeBq+OCguiHquWLleOBp+OAgeOBteOBo+OBj+OCieOBiuOBhOOBl+OBj+eCiuOBjeOBguOBkuOBvuOBmeOAgjxicj48YnI+PGI+4peG5a6J5b+D5qmf6IO9PC9iPjxicj7oqr/nkIbmsrnpgY7nhrHpmLLmraLoo4Xnva48YnI+6auY5rip6Ieq5YuV5rip5bqm6Kq/56+A5qmf6IO9PGJyPumrmOa4qeeCkuOCgeODouODvOODie+8mue0hDI5MOKEg+OBp+iHquWLlea4qeW6puiqv+evgDxicj7jgrPjg7Pjg63mtojjgZflv5jjgozmtojngavmqZ/og708YnI+54Sm44GS44Gk44GN5raI54Gr5qmf6IO9PGJyPueri+a2iOOBiOWuieWFqOijhee9rjxicj7jgrDjg6rjg6vpgY7nhrHpmLLmraLjgrvjg7PjgrXjg7w8YnI+44Kw44Oq44Or5raI44GX5b+Y44KM5raI54Gr5qmf6IO9PGJyPjxicj7il4blt6bjg4/jgqTjgqvjg63jg6rjg7zjg5Djg7zjg4rjg7w8YnI+PGI+PGZvbnQgY29sb3I9cmVkPuKAu+aomea6luODkOODvOODiuODvO+8muODj+OCpOOCq+ODreODquODvOODkOODvOODiuODvOOBp+OBr+OBquOBhOWBtOOBruODkOODvOODiuODvOOBp+OBmeOAgjwvZm9udD48L2I+PGJyPuS+i++8muW3puODj+OCpOOCq+ODreODquODvOODkOODvOODiuODvOOBruWgtOWQiOOBr+OAgeWPs+WBtOOBruODkOODvOODiuODvOOBjOaomea6luODkOODvOODiuODvOOBqOOBquOCiuOBvuOBmeOAgjxicj48YnI+4pag44CA5LuV44CA5qeY44CA4pagPHVsPjxsaT7lt6bjg4/jgqTjgqvjg63jg6rjg7zjg5Djg7zjg4rjg7w8L2xpPjxsaT7liY3pnaLjg5Hjg43jg6vvvJrjgrfjg6Pjg7Pjg5Hjg7M8L2xpPjxsaT7mnKzkvZPjgrXjgqTjgrrvvJrluYU1OS42w5flpaXooYw0OS4zw5fpq5jjgZUxOC4wY23vvIjog4zpnaLvvIjjg5vjg7zjgrnjgqjjg7Pjg4novrzvvInvvZ7lmajlhbflhYjnq6/vvIk8L2xpPjxsaT7ph43ph4/vvJrntIQxNS4wa2c8L2xpPjxsaT7jg4jjg4Pjg5fjg5fjg6zjg7zjg4jjga7jgr/jgqTjg5fvvJrjg5Hjg7zjg6vjgq/jg6rjgrnjgr/jg6s8L2xpPjxsaT7jgqzjgrnmtojosrvph488YnI+44O75YWo54K554Gr5pmC77yaOC42MGtXPGJyPuODu+W8t+eBq+WKm++8mjQuMjBrVzxicj7jg7vmqJnmupbvvJoyLjk3a1c8YnI+44O744Kw44Oq44Or77yaMS44NmtXPC9saT48bGk+55yB44Ko44ON5Z+65rqW6YGU5oiQ546HPC9saT48bGk+44Kz44Oz44Ot6YOo55yB44Ko44ON5Z+65rqW6YGU5oiQ546H77yaMTAw77yFPC9saT48bGk+44Kz44Oz44Ot6YOo44Ko44ON44Or44Ku44O85raI6LK75Yq5546H77yaNTYuM++8hTwvbGk+PGxpPuOCsOODquODq+mDqOecgeOCqOODjeWfuua6lumBlOaIkOeOh++8mjEwMO+8hTwvbGk+PGxpPuOCsOODquODq+mDqOOCqOODjeODq+OCruODvOa2iOiyu+WKueeOh++8mjIxMVdoPC9saT48bGk+5bm06ZaT55uu5a6J54eD5paZ5raI6LK76YeP77yaNThtPHN1cD4zPC9zdXA+L+W5tDwvbGk+PC91bD48YnI+PCEtLUNPTl9TVC0tPjxwPjxpbWcgc3JjPWh0dHA6Ly93d3cucmFrdXRlbi5uZS5qcC9nb2xkL2ppc20vaW1nL2thbnJlbl9ici5naWYgYm9yZGVyPTAgd2lkdGg9NDAwIGhlaWdodD00MD48L3A+PGJyPjxicj48YnI+KOKAu+OBk+OBruiqrOaYjuaWh+OBr+alveWkqeW4guWgtOW6l+OBruiomOi8ieWGheWuueOBp+OBmeOAglVSTOOBr2h0dHA6Ly9pdGVtLnJha3V0ZW4uY28uanAvamlzbS/jgaflp4vjgb7jgorjgb7jgZnjgIJVUkzjgYznlbDjgarjgovpmpvjga/jgrXjgqTjg4jjgpLliKnnlKjjgZnjgovjgZPjgajjga7jgarjgYTjgojjgYbljYHliIbjgZTms6jmhI/jgY/jgaDjgZXjgYTjgIIpPHRhYmxlIHdpZHRoPSI2MDAiIGJvcmRlcj0wIGNlbGxwYWRkaW5nPTUgY2VsbHNwYWNpbmc9MCBiZ2NvbG9yPSIjRjBFREU0Ij48dHI+PHRkIGFsaWduPSJjZW50ZXIiIGJnY29sb3I9IiNCQkEwNEUiPgo8dGFibGUgd2lkdGg9IjU5MCIgYm9yZGVyPTAgY2VsbHBhZGRpbmc9MiBjZWxsc3BhY2luZz0xIGJnY29sb3I9IiNGMEVERTQiIHN1bW1hcnk9IiIgc3R5bGU9ImZvbnQtc2l6ZToxMnB4OyI+PHRyPjx0ZD7jgYrjgZnjgZnjgoHjgqvjg4bjgrTjg6rjg7zjgIDvvJrjgIDjgqjjgqLjgrPjg7PjgIDjg7vjgIDliqDmub/lmajjgIDjg7vjgIDlhrfolLXluqvjgIDjg7vjgIDjg5vjg4Pjg4jjgqvjg7zjg5rjg4Pjg4jjgIDjg7vjgIDluIPlm6Pkub7nh6XmqZ88L3RkPjwvdHI+PHRyPjx0ZCBhbGlnbj0iY2VudGVyIj7jgrTjg6vjg5Xjg5zjg7zjg6vjgIDjg7vjgIDmjoPpmaTmqZ/jg7vjgq/jg6rjg7zjg4rjg7zjgIDjg7vjgIDvvLTvvLbjgrLjg7zjg6DjgIDjg7vjgIDpm7vmsaDjgIDjg7vjgIDlhYXpm7vmsaDjg7vlhYXpm7vlmajjgIDjg7vjgIDjg6njg4Pjg5Tjg7PjgrDooosKPC90ZD48L3RyPjwvdGFibGU+CjwvdGQ+PC90cj48L3RhYmxlPjxicj4=,UlRFNjVWQUNQTC0xM0HjgJDnqI7ovrzjgJEg44Oq44Oz44OK44KkIOOCrOOCueODhuODvOODluODq+OAkOmDveW4guOCrOOCuTEyQTEzQeeUqOOAkSBSaW5uYWnjgIDjg6njgq/jgrfjgqjjgIDlt6bjg4/jgqTjgqvjg63jg6rjg7zjg5Djg7zjg4rjg7wgW1JURTY1VkFDUEwxM0Fd44CQ6L+U5ZOB56iu5YilQeOAkeOAkOmAgeaWmeeEoeaWmeOAkeOAkFJDUOOAke+8mkpvc2hpbiB3ZWIg5a626Zu744GoUEPjga7lpKflnovlsILploDlupc=,5a626Zu744OR44K944Kz44OzQVbmqZ/lmajpq5jntJrjgqrjg7zjg4fjgqPjgqrjg5vjg5Pjg7zjgYrjgoLjgaHjgoPjgrLjg7zjg6DpiYTpgZPmqKHlnovmmYLoqIhQQ+ODhuODrOODk+ODrOOCs+ODvOODgOODvOmbkeiyqOaooeWei+WGt+iUteW6q+a0l+a/r+apn+OCqOOCouOCs+ODs2dhbWVob2JieWNvbXB1dGVyUlRFNjVWQUNQTC0xM0HjgJDnqI7ovrzjgJEg44Oq44Oz44OK44KkIOOCrOOCueODhuODvOODluODq+OAkOmDveW4guOCrOOCuTEyQTEzQeeUqOOAkSBSaW5uYWnjgIDjg6njgq/jgrfjgqjjgIDlt6bjg4/jgqTjgqvjg63jg6rjg7zjg5Djg7zjg4rjg7wgW1JURTY1VkFDUEwxM0Fd44CQ6L+U5ZOB56iu5YilQeOAkeOAkOmAgeaWmeeEoeaWmeOAkeOAkFJDUOOAkQ==,5YWI552A5pyA5aSnMjAw5YaG44Kv44O844Od44OzKOODq+ODvOODq+OCkuOBlOeiuuiqjeS4i+OBleOBhCnimIXjgIJSVEU2NVZBQ1BMLTEzQeOAkOeojui+vOOAkSDjg6rjg7Pjg4rjgqQg44Ks44K544OG44O844OW44Or44CQ6YO95biC44Ks44K5MTJBMTNB55So44CRIFJpbm5haeOAgOODqeOCr+OCt+OCqOOAgOW3puODj+OCpOOCq+ODreODquODvOODkOODvOODiuODvCBbUlRFNjVWQUNQTDEzQV3jgJDov5Tlk4HnqK7liKVB44CR44CQ6YCB5paZ54Sh5paZ44CR44CQUkNQ44CR[rn]
37-97107,aHR0cDovL3RzaG9wLnIxMHMuanAvamlzbS9jYWJpbmV0LzAzNzgvNDk1MTMwOTI5MjEwNy5qcGc/Zml0aW49NzAwOjcwMA==,MTI5NDQuMDAwMA==,,5a626Zu7ID4g44Kt44OD44OB44Oz5a626Zu7ID4g44Ks44K544Kz44Oz44OtID4g5o2u572u5Z6L44Ks44K544Kz44Oz44Ot,S0dNNjRER1ItMTNB44CQ56iO6L6844CRIOODquODs+ODiuOCpCDjgqzjgrnjg4bjg7zjg5bjg6vjgJDpg73luILjgqzjgrkxMkExM0HnlKjjgJHjgIDjg4Djg7zjgq/jgrnjg4jjg7zjg7PjgrDjg6zjg7wgUmlubmFp44CA5Y+z44OP44Kk44Kr44Ot44Oq44O844OQ44O844OK44O8IFtLR002NERHUjEzQV3jgJDov5Tlk4HnqK7liKVB44CR44CQ6YCB5paZ54Sh5paZ44CR44CQUkNQ44CR,5YWI552A5pyA5aSnMjAw5YaG44Kv44O844Od44OzKOODq+ODvOODq+OCkuOBlOeiuuiqjeS4i+OBleOBhCnimIU=,5Zyo5bqr54q25rOB77ya4paz5Zyo5bqr5YOF5bCRPGJyPjxicj48YnI+PGZvbnQgY29sb3I9Ymx1ZT7ilqHjgIzov5Tlk4HnqK7liKXjgI3jgavjgaTjgYTjgaboqbPjgZfjgY/jga/jgZPjgaHjgonilqE8L2ZvbnQ+PGJyPjxmb250IHNpemU9JzInIGNvbG9yPScjQ0MwMDAwJz48Yj4yMDE05bm0MDjmnIgg55m65aOyPC9iPjwvZm9udD48YnI+PHA+PGJyPjxwPuKAu+WVhuWTgeeUu+WDj+OBr+W3puODj+OCpOOCq+ODreODquODvOODkOODvOODiuODvOOCv+OCpOODl+OCkuS9v+eUqOOBl+OBpuOBhOOBvuOBmeOAgjxicj48Zm9udCBjb2xvcj0icmVkIj7igLvlv4XjgZrjgYrkvb/jgYTjga7jgqzjgrnjga7nqK7poZ7jgpLjgYrnorrjgYvjgoHjga7kuIrjgIHjgZTos7zlhaXjgY/jgaDjgZXjgYTjgILjgZTkvb/nlKjjgavjgarjgovloLTlkIjjga/jgIHliKXlo7Ljga7jgqzjgrnjg5vjg7zjgrnjgYzlv4XopoHjgafjgZnjgII8L2ZvbnQ+PGJyPuKAu+OCrOOCueagk+OBruOCv+OCpOODl+OBq+OCiOOCiuOBvuOBl+OBpuOBr+OAgeS7luOBruWZqOWFt+OBjOW/heimgeOBquWgtOWQiOOBjOOBlOOBluOBhOOBvuOBmeOAgjxCUj7il4bil4fjgqzjgrnjgrPjg7zjg4njga8g44GT44Gh44KJIOOCiOOCiuOBlOazqOaWh+OBhOOBn+OBoOOBkeOBvuOBmeKXh+KXhjxicj7il4bil4fjgqzjgrnjg5vjg7zjgrnmjqXntprlj6Pjga/jgqzjgrnjg4bjg7zjg5bjg6vmraPpnaLlkJHjgYvjgaPjgablt6blgbTog4zpnaLjgafjgZnil4fil4Y8YnI+PGJyPjxiPjxmb250IGNvbG9yPSJibHVlIiBzaXplPSItMSI+5a6J5b+DKHNhZmV0eSnjg7vkvr/liKkoU3VwcG9ydCnjg7vnrJHpoZQoU21pbGUp44KS57SE5p2f44GZ44KL44CB6LOi44GEKGludGVsbGlnZW50Kea4qeW6puOCu+ODs+OCteODvOOCkuOBmeOBueOBpuOBruOCs+ODs+ODreOBq+aQrei8ieOBl+OBn+OAjFNp44K744Oz44K144O844Kz44Oz44Ot44CN44Gn44GZ44CCPC9mb250PjwvYj48YnI+PGJyPjxiPuKXhuaWsOODleODreODs+ODiOODh+OCtuOCpOODs+OAgjwvYj48YnI+5YmN6Z2i44OR44ON44Or44Gu44OV44Ot44Oz44OI44OH44K244Kk44Oz44KS5LiA5paw44CB5pON5L2c44Oc44K/44Oz44KS5aSn44GN44GP44GX44CB5pON5L2c5oCn44KS5ZCR5LiK44GV44Gb44G+44GX44Gf44CCPGJyPuOBvuOBn+OAgU9OL09GRuODlOOCr+ODgeODo+ODvOOCteOCpOODs+OCkuaQrei8ieOBmeOCi+OBk+OBqOOBp+OAgeS9v+eUqOeKtuaFi+OCkuS4gOebruOBp+WIhuOBi+OCiuOChOOBmeOBj+OBl+OBvuOBl+OBn+OAgjxicj48YnI+PGI+4peG44OQ44O844OK44O844Oq44Oz44Kw5LiA5L2T44OI44OD44OX44OX44Os44O844OI44CCPC9iPjxicj7jgrnjg4Pjgq3jg6rjgajjgZfjgZ/jg5Xjg6njg4Pjg4jjgarjg5vjg7zjg63jg7zjg4jjg4Pjg5fjg5fjg6zjg7zjg4jjga7mjqHnlKjjgavjgojjgorjgYrmiYvlhaXjgozjgYzjgajjgabjgoLnsKHljZjjgafjgZnjgII8YnI+44GX44KL5Y+X44GR44GM44Gq44GE5qeL6YCg44Gq44Gu44Gn44CB44GU44Go44GP44KS5aSW44Gb44Gw44OV44Op44OD44OI44Gq44OI44OD44OX44OX44Os44O844OI44Go44Gq44KK44CB44GK5omL5YWl44KM44KC44K144OD44Go44Gy44Go5out44GN44Gn57Ch5Y2Y44CCPGJyPuOBvuOBn+OAgeOCsOODquODq+aOkuawl+WPo+OCq+ODkOODvOOBr+OCs+ODs+ODkeOCr+ODiOOBp+ODiOODg+ODl+ODl+ODrOODvOODiOOBqOODleODqeODg+ODiOOBp+OBmeOBo+OBjeOCiuOBl+OBpuOBhOOBvuOBmeOAgjxicj48YnI+PGI+4peG44Kz44Oz44OR44Kv44OI44GU44Go44GP44CCPC9iPjxicj7ooajpnaLnqY3jga7lsI/jgZXjgYTjgrPjg7Pjg5Hjgq/jg4jjgarnt5rmnZDmnqDjgavjgZnjgovjgZPjgajjgafjgYrmiYvlhaXjgozmgKfjgpLlkJHkuIrjgZfjgabjgYTjgb7jgZnjgII8YnI+PGJyPjxiPuKXhuODkOODvOODiuODvOOCreODo+ODg+ODl+ODrOOCuSDjg5Djg7zjg4rjg7zjg5jjg4Pjg4njgII8L2I+PGJyPuODm+ODvOODreODvOijveOBruODkOODvOODiuODvOOCreODo+ODg+ODl+OCkuW7g+atouOBmeOCi+OBk+OBqOOBp+OAgeOBmeOBo+OBjeOCiuOBqOOBl+OBn+Wkluims+OBqOOBl+OAgeOBiuaJi+WFpeOCjOaAp+OCguWQkeS4iuOBl+OBvuOBl+OBn+OAgjxicj48YnI+PGI+4peG44OV44Op44OD44OI5o6S5rCX5Y+j44Kr44OQ44O844CCPC9iPjxicj7mjpLmsJflj6Pjgqvjg5Djg7zjga7pq5jjgZXjgpLlvpPmnaXjgojjgoo4bW3kvY7jgY/jgZnjgovjgZPjgajjgaflpKnmnb/jga7jg5Xjg6njg4Pjg4jmhJ/jgpLlkJHkuIrjgZfjgabjgYTjgb7jgZnjgII8YnI+PGJyPjxiPuKXhuOCsOODquODq+aJieOAgjwvYj48YnI+44Kw44Oq44Or5omJ44Gu5pG65YuV5oCn44KS5pS55ZaE44GX44CB44Kw44Oq44Or55q/44Gu5Ye644GX5YWl44KM44GM44K544Og44O844K644Gr44Gq44KK44G+44GX44Gf44CCPGJyPuOChOOBkeOBqemYsuatouOBruani+mAoOOCguaOoeeUqOOBl+OAgeOBvuOBn+OCsOODquODq+aJieOBjOODr+ODs+OCv+ODg+ODgeedgOiEseW8j+OBrueCuuOAgeOBiuaJi+WFpeOCjOOCguewoeWNmOOBp+OBmeOAgjxicj48YnI+PGI+4peG5a6J5YWo5qmf6IO944CCPC9iPjxicj7jg7vmj5rjgZLjgoLjga7oqr/nkIbmmYLjgarjganjgavljbHpmbrmuKnluqbjgavjgarjgovliY3jgavjgIHoh6rli5XmtojngavjgIzlpKnjgbfjgonmsrnpgY7nhrHpmLLmraLmqZ/og73vvIjlvLfngavlipvjg7vmqJnmupbjg5Djg7zjg4rjg7zvvInjgI08YnI+44O754Wu44GT44G844KM44KE6aKo44Gq44Gp44Gn54Gr44GM5raI44GI44KL44Go44CB6Ieq5YuV44Gn44Ks44K544KS5q2i44KB44KL44CM56uL5raI44GI5a6J5YWo6KOF572u44CNPGJyPuODu+mrmOa4qeiqv+eQhuaZguOAgeW8t+eBq+OBqOW8seeBq+OCkue5sOOCiui/lOOBl+iqv+eQhuS4reOBrumAlOS4rea2iOeBq+OCkumYsuatouOBmeOCi+OAjOmrmOa4qeiHquWLlea4qeW6puiqv+evgOapn+iDve+8iOW8t+eBq+WKm+ODu+aomea6luODkOODvOODiuODvO+8ieOAjTxicj7jg7vpjYvlupXjga7nhKbjgZLjgaTjgY3jgYzlp4vjgb7jgorjgIHpjYvjgpLlgrfjgoHjgovliY3jgavoh6rli5XmtojngavjgIznhKbjgZLjgaTjgY3mtojngavmqZ/og73vvIjlvLfngavlipvjg7vmqJnmupbjg5Djg7zjg4rjg7zvvInjgI08YnI+44O75by354Gr5Yqb44O75qiZ5rqW44OQ44O844OK44O844Go44KC57SEMuaZgumWk+OBp+iHquWLlea2iOeBq+OAjOOCs+ODs+ODrea2iOOBl+W/mOOCjOa2iOeBq+apn+iDveOAjTxicj7jg7vjgrDjg6rjg6vjgpLpgKPntprjgafntIQyMOWIhumWk+S9v+eUqOOBmeOCi+OBqOiHquWLlea2iOeBq+OBmeOCi+OAjOOCsOODquODq+a2iOOBl+W/mOOCjOa2iOeBq+apn+iDveOAjeS7mOOBjeOBp+OBmeOBruOBp+OAgea2iOOBl+W/mOOCjOOBruW/g+mFjeOBjOOBguOCiuOBvuOBm+OCk+OAgjxicj48YnI+4peG54K554Gr44K544Kk44OD44OB44KS5oq844Gb44Gw54K554Gr44GZ44KL44G+44Gn6Ieq5YuV55qE44Gr6YCj57aa44K544OR44O844Kv44KS6KGM44GG44CM44Op44Kv54K554Gr44CN44Gr44KI44KK44CB5pON5L2c5oCn44GM5ZCR5LiK44GX44G+44GX44Gf44CCPGJyPuKXhuaTjeS9nOODnOOCv+ODs+OCkuODreODg+OCr+OBleOBm+OCi+apn+ani+OAjOeCueeBq+ODreODg+OCr+OAjTxicj48YnI+4peG5Y+z44OP44Kk44Kr44Ot44Oq44O844OQ44O844OK44O8PGJyPjxicj48Yj48Zm9udCBjb2xvcj1yZWQ+4oC75qiZ5rqW44OQ44O844OK44O877ya44OP44Kk44Kr44Ot44Oq44O844OQ44O844OK44O844Gn44Gv44Gq44GE5YG044Gu44OQ44O844OK44O844Gn44GZ44CCPC9mb250PjwvYj48YnI+5L6L77ya5Y+z44OP44Kk44Kr44Ot44Oq44O844OQ44O844OK44O844Gu5aC05ZCI44Gv44CB5bem5YG044Gu44OQ44O844OK44O844GM5qiZ5rqW44OQ44O844OK44O844Go44Gq44KK44G+44GZ44CCPGJyPjxicj7ilqDjgIDku5XjgIDmp5jjgIDilqA8dWw+PGxpPuWPs+ODj+OCpOOCq+ODreODquODvOODkOODvOODiuODvDwvbGk+PGxpPuOCq+ODqeODvO+8muODgOODvOOCr+OCueODiOODvOODs+OCsOODrOODvDwvbGk+PGxpPuacrOS9k+OCteOCpOOCuu+8iOe0hO+8ie+8muW5hTU5LjbDl+WlpeihjDQ1LjLDl+mrmOOBlTIxLjhjbe+8iOODiOODg+ODl+ODl+ODrOODvOODiOmrmOOBlTE4LjDDl+WlpeihjDM5LjJjbe+8iTwvbGk+PGxpPuOCsOODquODq+e2suOCteOCpOOCuu+8iOe0hO+8ie+8muW5hTIwLjjDl+WlpeihjDMwLjRjbTwvbGk+PGxpPumHjemHj++8mue0hDguMGtnPC9saT48bGk+44OI44OD44OX44OX44Os44O844OI44Gu44K/44Kk44OX77ya44Kv44Oq44K544K/44Or44Kz44O844OIPC9saT48bGk+44Ks44K55raI6LK76YePPGJyPuODu+WFqOeCueeBq+aZgu+8mjguMWtXPGJyPuODu+W8t+eBq+WKm++8mjQuMjBrVzxicj7jg7vmqJnmupbvvJoyLjk3a1c8YnI+44O744Kw44Oq44Or77yaMS4zM2tXPC9saT48bGk+55yB44Ko44ON5Z+65rqW6YGU5oiQ546HPC9saT48bGk+44Kz44Oz44Ot6YOo55yB44Ko44ON5Z+65rqW6YGU5oiQ546H77yaMTAw77yFPC9saT48bGk+44Kz44Oz44Ot6YOo44Ko44ON44Or44Ku44O85raI6LK75Yq5546H77yaNTYuM++8hTwvbGk+PGxpPuOCsOODquODq+mDqOecgeOCqOODjeWfuua6lumBlOaIkOeOh++8mjEwNe+8hTwvbGk+PGxpPuOCsOODquODq+mDqOOCqOODjeODq+OCruODvOa2iOiyu+WKueeOh++8mjE4MFdoPC9saT48bGk+5bm06ZaT55uu5a6J54eD5paZ5raI6LK76YeP77yaNTdtPHN1cD4zPC9zdXA+L+W5tDwvbGk+PC91bD48YnI+PCEtLUNPTl9TVC0tPjxwPjxpbWcgc3JjPWh0dHA6Ly93d3cucmFrdXRlbi5uZS5qcC9nb2xkL2ppc20vaW1nL2thbnJlbl9ici5naWYgYm9yZGVyPTAgd2lkdGg9NDAwIGhlaWdodD00MD48L3A+PGJyPjxicj48YnI+KOKAu+OBk+OBruiqrOaYjuaWh+OBr+alveWkqeW4guWgtOW6l+OBruiomOi8ieWGheWuueOBp+OBmeOAglVSTOOBr2h0dHA6Ly9pdGVtLnJha3V0ZW4uY28uanAvamlzbS/jgaflp4vjgb7jgorjgb7jgZnjgIJVUkzjgYznlbDjgarjgovpmpvjga/jgrXjgqTjg4jjgpLliKnnlKjjgZnjgovjgZPjgajjga7jgarjgYTjgojjgYbljYHliIbjgZTms6jmhI/jgY/jgaDjgZXjgYTjgIIpPHRhYmxlIHdpZHRoPSI2MDAiIGJvcmRlcj0wIGNlbGxwYWRkaW5nPTUgY2VsbHNwYWNpbmc9MCBiZ2NvbG9yPSIjRjBFREU0Ij48dHI+PHRkIGFsaWduPSJjZW50ZXIiIGJnY29sb3I9IiNCQkEwNEUiPgo8dGFibGUgd2lkdGg9IjU5MCIgYm9yZGVyPTAgY2VsbHBhZGRpbmc9MiBjZWxsc3BhY2luZz0xIGJnY29sb3I9IiNGMEVERTQiIHN1bW1hcnk9IiIgc3R5bGU9ImZvbnQtc2l6ZToxMnB4OyI+PHRyPjx0ZD7jgYrjgZnjgZnjgoHjgqvjg4bjgrTjg6rjg7zjgIDvvJrjgIDjgqjjgqLjgrPjg7PjgIDjg7vjgIDliqDmub/lmajjgIDjg7vjgIDlhrfolLXluqvjgIDjg7vjgIDjg5vjg4Pjg4jjgqvjg7zjg5rjg4Pjg4jjgIDjg7vjgIDluIPlm6Pkub7nh6XmqZ88L3RkPjwvdHI+PHRyPjx0ZCBhbGlnbj0iY2VudGVyIj7jgrTjg6vjg5Xjg5zjg7zjg6vjgIDjg7vjgIDmjoPpmaTmqZ/jg7vjgq/jg6rjg7zjg4rjg7zjgIDjg7vjgIDvvLTvvLbjgrLjg7zjg6DjgIDjg7vjgIDpm7vmsaDjgIDjg7vjgIDlhYXpm7vmsaDjg7vlhYXpm7vlmajjgIDjg7vjgIDjg6njg4Pjg5Tjg7PjgrDooosKPC90ZD48L3RyPjwvdGFibGU+CjwvdGQ+PC90cj48L3RhYmxlPjxicj4=,S0dNNjRER1ItMTNB44CQ56iO6L6844CRIOODquODs+ODiuOCpCDjgqzjgrnjg4bjg7zjg5bjg6vjgJDpg73luILjgqzjgrkxMkExM0HnlKjjgJHjgIDjg4Djg7zjgq/jgrnjg4jjg7zjg7PjgrDjg6zjg7wgUmlubmFp44CA5Y+z44OP44Kk44Kr44Ot44Oq44O844OQ44O844OK44O8IFtLR002NERHUjEzQV3jgJDov5Tlk4HnqK7liKVB44CR44CQ6YCB5paZ54Sh5paZ44CR44CQUkNQ44CR77yaSm9zaGluIHdlYiDlrrbpm7vjgahQQ+OBruWkp+Wei+WwgumWgOW6lw==,5a626Zu744OR44K944Kz44OzQVbmqZ/lmajpq5jntJrjgqrjg7zjg4fjgqPjgqrjg5vjg5Pjg7zjgYrjgoLjgaHjgoPjgrLjg7zjg6DpiYTpgZPmqKHlnovmmYLoqIhQQ+ODhuODrOODk+ODrOOCs+ODvOODgOODvOmbkeiyqOaooeWei+WGt+iUteW6q+a0l+a/r+apn+OCqOOCouOCs+ODs2dhbWVob2JieWNvbXB1dGVyS0dNNjRER1ItMTNB44CQ56iO6L6844CRIOODquODs+ODiuOCpCDjgqzjgrnjg4bjg7zjg5bjg6vjgJDpg73luILjgqzjgrkxMkExM0HnlKjjgJHjgIDjg4Djg7zjgq/jgrnjg4jjg7zjg7PjgrDjg6zjg7wgUmlubmFp44CA5Y+z44OP44Kk44Kr44Ot44Oq44O844OQ44O844OK44O8IFtLR002NERHUjEzQV3jgJDov5Tlk4HnqK7liKVB44CR44CQ6YCB5paZ54Sh5paZ44CR44CQUkNQ44CR,5YWI552A5pyA5aSnMjAw5YaG44Kv44O844Od44OzKOODq+ODvOODq+OCkuOBlOeiuuiqjeS4i+OBleOBhCnimIXjgIJLR002NERHUi0xM0HjgJDnqI7ovrzjgJEg44Oq44Oz44OK44KkIOOCrOOCueODhuODvOODluODq+OAkOmDveW4guOCrOOCuTEyQTEzQeeUqOOAkeOAgOODgOODvOOCr+OCueODiOODvOODs+OCsOODrOODvCBSaW5uYWnjgIDlj7Pjg4/jgqTjgqvjg63jg6rjg7zjg5Djg7zjg4rjg7wgW0tHTTY0REdSMTNBXeOAkOi/lOWTgeeoruWIpUHjgJHjgJDpgIHmlpnnhKHmlpnjgJHjgJBSQ1DjgJE=[rn]
37-97108,aHR0cDovL3RzaG9wLnIxMHMuanAvamlzbS9jYWJpbmV0LzA1NzkvNDk2MTM0MTI4MzUwNi5qcGc/Zml0aW49NzAwOjcwMA==,MTM0MjQuMDAwMA==,,5a626Zu7ID4g44Kt44OD44OB44Oz5a626Zu7ID4g44Ks44K544Kz44Oz44OtID4g5o2u572u5Z6L44Ks44K544Kz44Oz44Ot,SUMtTjM2QlMtTC1MUOOAkOeojui+vOOAkSDjg5Hjg63jg54g44Ks44K544OG44O844OW44Or44CQ44OX44Ot44OR44Oz44Ks44K5TFDnlKjjgJEgUGFsb21h44CA5bem44OP44Kk44Kr44Ot44Oq44O844OQ44O844OK44O8IFtJQ04zNkJTTExQXeOAkOi/lOWTgeeoruWIpUHjgJHjgJDpgIHmlpnnhKHmlpnjgJHjgJBSQ1DjgJE=,5YWI552A5pyA5aSnMjAw5YaG44Kv44O844Od44OzKOODq+ODvOODq+OCkuOBlOeiuuiqjeS4i+OBleOBhCnimIU=,5Zyo5bqr54q25rOB77ya4peL5Zyo5bqr44GC44KKPGJyPjLml6XvvZ4z5pel44Gn5Ye66I23PGJyPjxicj48YnI+PGZvbnQgY29sb3I9Ymx1ZT7ilqHjgIzov5Tlk4HnqK7liKXjgI3jgavjgaTjgYTjgaboqbPjgZfjgY/jga/jgZPjgaHjgonilqE8L2ZvbnQ+PGJyPjxmb250IHNpemU9JzInIGNvbG9yPScjQ0MwMDAwJz48Yj4yMDE25bm0MDTmnIgg55m65aOyPC9iPjwvZm9udD48YnI+PHA+PGJyPjxwPuKAu+WVhuWTgeeUu+WDj+OBr+WPs+ODj+OCpOOCq+ODreODquODvOODkOODvOODiuODvOOCv+OCpOODl+OCkuS9v+eUqOOBl+OBpuOBhOOBvuOBmeOAgjxicj48Zm9udCBjb2xvcj0icmVkIj7igLvlv4XjgZrjgYrkvb/jgYTjga7jgqzjgrnjga7nqK7poZ7jgpLjgYrnorrjgYvjgoHjga7kuIrjgIHjgZTos7zlhaXjgY/jgaDjgZXjgYTjgILjgZTkvb/nlKjjgavjgarjgovloLTlkIjjga/jgIHliKXlo7Ljga7jgqzjgrnjg5vjg7zjgrnjgYzlv4XopoHjgafjgZnjgII8L2ZvbnQ+PGJyPuKAu+OCrOOCueagk+OBruOCv+OCpOODl+OBq+OCiOOCiuOBvuOBl+OBpuOBr+OAgeS7luOBruWZqOWFt+OBjOW/heimgeOBquWgtOWQiOOBjOOBlOOBluOBhOOBvuOBmeOAgjxCUj7il4bil4fjgqzjgrnjgrPjg7zjg4njga8g44GT44Gh44KJIOOCiOOCiuOBlOazqOaWh+OBhOOBn+OBoOOBkeOBvuOBmeKXh+KXhjxicj7il4bil4fjgqzjgrnjg5vjg7zjgrnmjqXntprlj6Pjga/jgqzjgrnjg4bjg7zjg5bjg6vmraPpnaLlkJHjgYvjgaPjgablt6blgbTog4zpnaLjgafjgZnil4fil4Y8YnI+PGJyPjxicj48Yj7il4bmsLTnhKHniYfpnaLnhLzjgrDjg6rjg6s8L2I+PGJyPuOCsOODquODq+WPl+eav+OBq+awtOOBjOOBhOOCieOBquOBhOOBruOBp+OBiuaJi+WFpeOCjOOBjOOBleOCieOBq+OCieOBj+OAgjxicj48YnI+PGI+4peG44Go44KN54Gr44Ks44Kk44OJPC9iPjxicj7mqJnmupbnmoTjgarjgajjgo3ngavjga7kvY3nva7jgavjgarjgovjgajjgIzjgqvjg4Hjg4PjgajjgYTjgYbpn7PjgajmiYvjgZTjgZ/jgYjjgI3jgafjgYrnn6XjgonjgZvjgZfjgb7jgZnjgII8YnI+PGJyPjxiPuKXhuOCt+ODvOODq+ODieODiOODg+ODlzwvYj48YnI+54Wu44GT44G844KM44Gq44Gp44GM5Zmo5YW35YaF44Gr5L615YWl44GX44Gr44GP44GE44K344O844Or44OJ44OI44OD44OX44CCPGJyPuaxgeWPl+OBkeeav+OBjOOBquOBhOOBi+OCieOAgeaLreOBjeaOg+mZpOOCguODqeOCr+ODqeOCr+OBp+OBmeOAgjxicj48YnI+PGI+4peG44Ob44O844Ot44O844OI44OD44OXPC9iPjxicj7nhrHjgoTlgrfjgavlvLfjgY/ogJDkuYXmgKfjgavlhKrjgozjgIHni6znibnjga7poqjlkIjjgYTjgYzjgYLjgovjg5vjg7zjg63jg7zntKDmnZDjga7jg4jjg4Pjg5fjg5fjg6zjg7zjg4jjgafjgZnjgII8YnI+PGJyPjxiPuKXhuOBmeOBo+OBjeOCiuOCr+ODquODvOODs+OCtOODiOOCrzwvYj48YnI+5rSX44GE44KE44GZ44GV44Gr44KC5out44GN44KE44GZ44GV44Gr44KC44GT44Gg44KP44Gj44Gf44KE44GV44GX44GE44OV44Kp44Or44Og44Gu44K044OI44Kv44CCPGJyPuOBr+OCgeOChOOBmeOBj+OAgeOCuuODrOOBq+OBj+OBhDPngrnmraLjgoHjgafjgZnjgII8YnI+PGJyPuKXhue0hDI1MOKEg+OBq+OBquOCi+OBqOW8seeBq+ODu+W8t+eBq+OCkue5sOOCiui/lOOBmeOAjOaXqeWIh+OCjOmYsuatouapn+iDveOAjTxicj48YnI+PGI+4peG5YWF5a6f44Gu5a6J5YWo44O75a6J5b+D5qmf6IO9PC9iPjxicj7lhajjgabjga7jgZPjgpPjgo3jg5Djg7zjg4rjgavlronlv4Pjgrvjg7PjgrXjg7zjgIzoqr/nkIbmsrnpgY7nhrHpmLLmraLoo4Xnva7jgI08YnI+5YWo5Y+j54Sm44Gk44GN5raI54Gr5qmf6IO9IDxicj7nq4vmtojjgYjlronlhajoo4Xnva4gPGJyPuOCs+ODs+ODreODu+OCsOODquODq+a2iOOBl+W/mOOCjOa2iOeBq+apn+iDve+8muOCs+ODs+ODrTEyMOWIhuOAgeOCsOODquODqzIy5YiGPGJyPuOCsOODquODq+OBruWuieWFqO+8muaOkuawl+WPo+mBrueCjuijhee9ruKAnOODleODrOODvOODoOODiOODqeODg+ODl+KAnTxicj7ngrnngavjg5/jgrnjga7pmLLmraLjgavvvJrlhajlj6Poh6rli5Xkv53mjIHngrnngavvvIjjg6njgq/jg6njgq/ngrnngavvvIk8YnI+PGJyPuKXhuW3puODj+OCpOOCq+ODreODquODvOODkOODvOODiuODvDxicj48YnI+PGI+PGZvbnQgY29sb3I9cmVkPuKAu+aomea6luODkOODvOODiuODvO+8muODj+OCpOOCq+ODreODquODvOODkOODvOODiuODvOOBp+OBr+OBquOBhOWBtOOBruODkOODvOODiuODvOOBp+OBmeOAgjwvZm9udD48L2I+PGJyPuS+i++8muW3puODj+OCpOOCq+ODreODquODvOODkOODvOODiuODvOOBruWgtOWQiOOBr+OAgeWPs+WBtOOBruODkOODvOODiuODvOOBjOaomea6luODkOODvOODiuODvOOBqOOBquOCiuOBvuOBmeOAgjxicj48YnI+4pag44CA5LuV44CA5qeY44CA4pagPHVsPjxsaT7lt6bjg4/jgqTjgqvjg63jg6rjg7zjg5Djg7zjg4rjg7w8L2xpPjxsaT7mnKzkvZPjgrXjgqTjgroo57SEKe+8muW5hTU1LjjDl+WlpeihjDQ0LjfDl+mrmOOBlTE4LjBjbe+8iOiDjOmdou+8iOODm+ODvOOCueOCqOODs+ODiei+vO+8ie+9nuWZqOWFt+WFiOerr++8iTwvbGk+PGxpPumHjemHj++8iOe0hO+8ie+8mjkuMmtnPC9saT48bGk+44OI44OD44OX44OX44Os44O844OI44Gu44K/44Kk44OX77ya44Ob44O844Ot44O8PC9saT48bGk+44Ks44K55raI6LK76YePPGJyPuODu+WFqOeCueeBq+aZgu+8mjguMTBrVzxicj7jg7vlvLfngavlipvvvJo0LjIwa1c8YnI+44O75qiZ5rqW77yaMi45NWtXPGJyPuODu+OCsOODquODq++8mjEuMzBrVzwvbGk+PGxpPuecgeOCqOODjeWfuua6lumBlOaIkOeOhzwvbGk+PGxpPuOCs+ODs+ODremDqOecgeOCqOODjeWfuua6lumBlOaIkOeOh++8mjEwMO+8hTwvbGk+PGxpPuOCs+ODs+ODremDqOOCqOODjeODq+OCruODvOa2iOiyu+WKueeOh++8mjU2LjPvvIU8L2xpPjxsaT7jgrDjg6rjg6vpg6jnnIHjgqjjg43ln7rmupbpgZTmiJDnjofvvJoxMDDvvIU8L2xpPjxsaT7jgrDjg6rjg6vpg6jjgqjjg43jg6vjgq7jg7zmtojosrvlirnnjofvvJoxOTJXaDwvbGk+PGxpPuW5tOmWk+ebruWuieeHg+aWmea2iOiyu+mHj++8mjI1bTxzdXA+Mzwvc3VwPi/lubQ8L2xpPjwvdWw+PGJyPjwhLS1DT05fU1QtLT48cD48aW1nIHNyYz1odHRwOi8vd3d3LnJha3V0ZW4ubmUuanAvZ29sZC9qaXNtL2ltZy9rYW5yZW5fYnIuZ2lmIGJvcmRlcj0wIHdpZHRoPTQwMCBoZWlnaHQ9NDA+PC9wPjxicj48YnI+PGJyPijigLvjgZPjga7oqqzmmI7mlofjga/mpb3lpKnluILloLTlupfjga7oqJjovInlhoXlrrnjgafjgZnjgIJVUkzjga9odHRwOi8vaXRlbS5yYWt1dGVuLmNvLmpwL2ppc20v44Gn5aeL44G+44KK44G+44GZ44CCVVJM44GM55Ww44Gq44KL6Zqb44Gv44K144Kk44OI44KS5Yip55So44GZ44KL44GT44Go44Gu44Gq44GE44KI44GG5Y2B5YiG44GU5rOo5oSP44GP44Gg44GV44GE44CCKTx0YWJsZSB3aWR0aD0iNjAwIiBib3JkZXI9MCBjZWxscGFkZGluZz01IGNlbGxzcGFjaW5nPTAgYmdjb2xvcj0iI0YwRURFNCI+PHRyPjx0ZCBhbGlnbj0iY2VudGVyIiBiZ2NvbG9yPSIjQkJBMDRFIj4KPHRhYmxlIHdpZHRoPSI1OTAiIGJvcmRlcj0wIGNlbGxwYWRkaW5nPTIgY2VsbHNwYWNpbmc9MSBiZ2NvbG9yPSIjRjBFREU0IiBzdW1tYXJ5PSIiIHN0eWxlPSJmb250LXNpemU6MTJweDsiPjx0cj48dGQ+44GK44GZ44GZ44KB44Kr44OG44K044Oq44O844CA77ya44CA44Ko44Ki44Kz44Oz44CA44O744CA5Yqg5rm/5Zmo44CA44O744CA5Ya36JS15bqr44CA44O744CA44Ob44OD44OI44Kr44O844Oa44OD44OI44CA44O744CA5biD5Zuj5Lm+54el5qmfPC90ZD48L3RyPjx0cj48dGQgYWxpZ249ImNlbnRlciI+44K044Or44OV44Oc44O844Or44CA44O744CA5o6D6Zmk5qmf44O744Kv44Oq44O844OK44O844CA44O744CA77y077y244Ky44O844Og44CA44O744CA6Zu75rGg44CA44O744CA5YWF6Zu75rGg44O75YWF6Zu75Zmo44CA44O744CA44Op44OD44OU44Oz44Kw6KKLCjwvdGQ+PC90cj48L3RhYmxlPgo8L3RkPjwvdHI+PC90YWJsZT48YnI+,SUMtTjM2QlMtTC1MUOOAkOeojui+vOOAkSDjg5Hjg63jg54g44Ks44K544OG44O844OW44Or44CQ44OX44Ot44OR44Oz44Ks44K5TFDnlKjjgJEgUGFsb21h44CA5bem44OP44Kk44Kr44Ot44Oq44O844OQ44O844OK44O8IFtJQ04zNkJTTExQXeOAkOi/lOWTgeeoruWIpUHjgJHjgJDpgIHmlpnnhKHmlpnjgJHjgJBSQ1DjgJHvvJpKb3NoaW4gd2ViIOWutumbu+OBqFBD44Gu5aSn5Z6L5bCC6ZaA5bqX,5a626Zu744OR44K944Kz44OzQVbmqZ/lmajpq5jntJrjgqrjg7zjg4fjgqPjgqrjg5vjg5Pjg7zjgYrjgoLjgaHjgoPjgrLjg7zjg6DpiYTpgZPmqKHlnovmmYLoqIhQQ+ODhuODrOODk+ODrOOCs+ODvOODgOODvOmbkeiyqOaooeWei+WGt+iUteW6q+a0l+a/r+apn+OCqOOCouOCs+ODs2dhbWVob2JieWNvbXB1dGVySUMtTjM2QlMtTC1MUOOAkOeojui+vOOAkSDjg5Hjg63jg54g44Ks44K544OG44O844OW44Or44CQ44OX44Ot44OR44Oz44Ks44K5TFDnlKjjgJEgUGFsb21h44CA5bem44OP44Kk44Kr44Ot44Oq44O844OQ44O844OK44O8IFtJQ04zNkJTTExQXeOAkOi/lOWTgeeoruWIpUHjgJHjgJDpgIHmlpnnhKHmlpnjgJHjgJBSQ1DjgJE=,5YWI552A5pyA5aSnMjAw5YaG44Kv44O844Od44OzKOODq+ODvOODq+OCkuOBlOeiuuiqjeS4i+OBleOBhCnimIXjgIJJQy1OMzZCUy1MLUxQ44CQ56iO6L6844CRIOODkeODreODniDjgqzjgrnjg4bjg7zjg5bjg6vjgJDjg5fjg63jg5Hjg7PjgqzjgrlMUOeUqOOAkSBQYWxvbWHjgIDlt6bjg4/jgqTjgqvjg63jg6rjg7zjg5Djg7zjg4rjg7wgW0lDTjM2QlNMTFBd44CQ6L+U5ZOB56iu5YilQeOAkeOAkOmAgeaWmeeEoeaWmeOAkeOAkFJDUOOAkQ==[rn]
37-97109,aHR0cDovL3RzaG9wLnIxMHMuanAvamlzbS9jYWJpbmV0LzA0NTAvNDk1MTMwOTI5NzExOS5qcGc/Zml0aW49NzAwOjcwMA==,NzE4NDAuMDAwMA==,,5a626Zu7ID4g44Kt44OD44OB44Oz5a626Zu7ID4g44Ks44K544Kz44Oz44OtID4g5o2u572u5Z6L44Ks44K544Kz44Oz44Ot,UlRTNjVBV0czNVIyTkRCTC1MUOOAkOeojui+vOOAkSDjg6rjg7Pjg4rjgqQg44Ks44K544OG44O844OW44Or44CQ44OX44Ot44OR44Oz44Ks44K5TFDnlKjjgJEgUmlubmFpICBMQUtVQ0lFIFBSSU1F77yI44Op44Kv44K344Ko44OX44Op44Kk44Og77yJ5bem44OP44Kk44Kr44Ot44Oq44O844OQ44O844OK44O8IFtSVFM2NUFXRzM1UjJOREJMTFBHXeOAkOi/lOWTgeeoruWIpUHjgJHjgJDpgIHmlpnnhKHmlpnjgJHjgJBSQ1DjgJE=,5YWI552A5pyA5aSnMjAw5YaG44Kv44O844Od44OzKOODq+ODvOODq+OCkuOBlOeiuuiqjeS4i+OBleOBhCnimIU=,5Zyo5bqr54q25rOB77ya5YWl6I235qyh56ys5Ye66I23PGJyPjxicj48YnI+PGZvbnQgY29sb3I9Ymx1ZT7ilqHjgIzov5Tlk4HnqK7liKXjgI3jgavjgaTjgYTjgaboqbPjgZfjgY/jga/jgZPjgaHjgonilqE8L2ZvbnQ+PGJyPjxicj48cD48YnI+PHA+PGZvbnQgY29sb3I9InJlZCI+4oC75b+F44Ga44GK5L2/44GE44Gu44Ks44K544Gu56iu6aGe44KS44GK56K644GL44KB44Gu5LiK44CB44GU6LO85YWl44GP44Gg44GV44GE44CC44GU5L2/55So44Gr44Gq44KL5aC05ZCI44Gv44CB5Yil5aOy44Gu44Ks44K544Ob44O844K544GM5b+F6KaB44Gn44GZ44CCPC9mb250Pjxicj7igLvjgqzjgrnmoJPjga7jgr/jgqTjg5fjgavjgojjgorjgb7jgZfjgabjga/jgIHku5bjga7lmajlhbfjgYzlv4XopoHjgarloLTlkIjjgYzjgZTjgZbjgYTjgb7jgZnjgII8QlI+4peG4peH44Ks44K544Kz44O844OJ44GvIOOBk+OBoeOCiSDjgojjgorjgZTms6jmlofjgYTjgZ/jgaDjgZHjgb7jgZnil4fil4Y8YnI+4peG4peH44Ks44K544Ob44O844K55o6l57aa5Y+j44Gv44Ks44K544OG44O844OW44Or5q2j6Z2i5ZCR44GL44Gj44Gm5bem5YG06IOM6Z2i44Gn44GZ4peH4peGPGJyPjxicj48Yj48Zm9udCBjb2xvcj0iYmx1ZSIgc2l6ZT0iLTEiPuWuieW/gyhzYWZldHkp44O75L6/5YipKFN1cHBvcnQp44O756yR6aGUKFNtaWxlKeOCkue0hOadn+OBmeOCi+OAgeizouOBhChpbnRlbGxpZ2VudCnmuKnluqbjgrvjg7PjgrXjg7zjgpLjgZnjgbnjgabjga7jgrPjg7Pjg63jgavmkK3ovInjgZfjgZ/jgIxTaeOCu+ODs+OCteODvOOCs+ODs+ODreOAjeOBp+OBmeOAgjwvZm9udD48L2I+PGJyPjxicj48YnI+PGI+PGZvbnQgY29sb3I9ImJsdWUiPuOCsOODquODq+ODl+ODrOODvOODiOOBp+OCsOODquODq+OBjOOBvuOCi+OBp+OCquODvOODluODs+OBq++8geOAgDwvYj48L2ZvbnQ+PGJyPjxicj48Yj7il4bjgYrmiYvlhaXjgozjgajogJDkuYXmgKfjgavlhKrjgozjgZ/jgqzjg6njgrnjg4jjg4Pjg5c8L2I+PGJyPueGseOBq+W8t+OBj+OAgeaxmuOCjOOBq+OBj+OBhOOAgeOBhOOBpOOBvuOBp+OCgue+juOBl+OBhOODiOODg+ODl+ODrOODvOODiOOAgjxCUj48QlI+PGI+4peG44CM6Y2L44Gq44GX5qSc55+l5qmf6IO944CNPC9iPjxicj7oqr/nkIbkuK3jgavpjYvjgpLmjIHjgaHkuIrjgZLjgovjgajoh6rli5XjgaflvLHngavjgavjgarjgorjgIHjgZXjgonjgavntIQx5YiG6ZaT57aa44GP44Go6Ieq5YuV5raI54Gr44GX44G+44GZ44CCPGJyPjxicj48Yj7il4bjgIzmhJ/pnIflgZzmraLmqZ/og73jgI08L2I+PGJyPuS4h+S4gOOBruWcsOmch+OBq+WvvuW/nOOBl+OBvuOBmeOAgjxicj7pnIfluqbntIQ05Lul5LiK44Gu5o+644KM44KS5oSf55+l44GZ44KL44Go6Ieq5YuV5raI54Gr44GX44G+44GZ44CCPGJyPjxicj48Yj7il4bjgIzoqr/nkIbmsrnpgY7nhrHpmLLmraLmqZ/og73jgI08L2I+PGJyPua4qeW6puOCu+ODs+OCteODvOOBjOmNi+W6leOBrua4qeW6puOCkuaEn+efpeOBl+OAgemBjueGseOBq+OCiOOCi+ayueOBrueZuueBq+OCkumYsuOBjuOBvuOBmeOAgjxicj48YnI+PGI+4peG44CM6auY5rip6Ieq5YuV5rip5bqm6Kq/56+A5qmf6IO944CNPC9iPjxicj7ngpLjgoHjgoLjga7jgarjganjga7loLTlkIjjgIHpjYvlupXjgYzpq5jmuKnjgavjgarjgovjgajoh6rli5XjgafngavlipvjgpLoqr/nr4DjgZfjgIHmuKnluqboqr/nr4DjgZfjgb7jgZnjgII8YnI+PGJyPjxiPuKXhuOAjOOBguOBtuOCiuODu+mrmOa4qeeCkuOCgeODouODvOODieOAjTwvYj48YnI+57SEMjkw4oSD44Gn6Ieq5YuV5rip5bqm6Kq/56+A44CCPGJyPuOBguOBtuOCiuaWmeeQhuOChOWcp+WKm+mNi+OBruiqv+eQhuaZguOBq+OBiuOBmeOBmeOCgeOBp+OBmeOAgjxicj48YnI+PGI+4peG44CM44Kz44Oz44Ot5raI44GX5b+Y44KM5raI54Gr5qmf6IO944CNPC9iPjxicj7jgYbjgaPjgYvjgorngavjgpLmtojjgZflv5jjgozjgabjgoLjgIHntIQy5pmC6ZaT44Gn6Ieq5YuV5raI54Gr44GX44G+44GZ44CCPGJyPjxicj48Yj7il4bjgIznhKbjgZLjgaTjgY3mtojngavmqZ/og73jgI08L2I+PGJyPueFrueJqeOBquOBqeOBp+eEpuOBkuOBpOOBhOOBn+WgtOWQiOOAgemNi+OCkuWCt+OCgeOCi+WJjeOBq+iHquWLlea2iOeBq+OBl+OBvuOBmeOAgjxicj7igLvpjYvjga7mnZDos6rjgIHoqr/nkIbnianjga7nqK7poZ7jgIHngavlipvjgavjgojjgaPjgabnhKbjgZLjga7nqIvluqbjga/nlbDjgarjgorjgb7jgZnjgII8YnI+PGJyPjxiPuKXhuOAjOeri+OBoea2iOOBiOWuieWFqOijhee9ruOAjTwvYj48YnI+54Wu44GT44G844KM44KE6aKo44Gq44Gp44Gn54Gr44GM5raI44GI44KL44Go44CB6Ieq5YuV44Gn44Ks44K544KS5q2i44KB44G+44GZ44CCPGJyPjxicj48Yj7il4bjgIzjg5Ljg7zjg4jjgqrjg5XjgI08L2I+PGJyPueGseOCkuWIhuaVo+ODu+aUvueGseOBleOBm+OBpuOAgeODiOODg+ODl+ODl+ODrOODvOODiOihqOmdoua4qeW6puOBruS4iuaYh+OCkuaKkeOBiOOBvuOBmeOAgjxicj7nhKbjgZLjgaTjgY3jgavjgY/jgY/jgIHjgYrmiYvlhaXjgozjgoLnsKHljZjjgafjgZnjgII8YnI+PGJyPjxiPuKXhuOAjOOBiuaJi+WFpeOCjOewoeWNmOOCsOODquODq+OAjTwvYj48YnI+5rSX44GE44KE44GZ44GP44CB44K344Oz44Kv44KS5YK344Gk44GR44Gr44GP44GE44CM44OV44Op44OD44OI54S844GN57ay44CN44KS5o6h55So44CCPGJyPuOBleOCieOBq+OAgeaxmuOCjOiQveOBoeOBruiJr+OBhOODleODg+e0oOOCs+ODvOODiOWKoOW3peOBp+OBmeOAgjxicj48YnI+PGI+4peG44CMV+a4qeW6puOBiuOBvuOBi+OBm+OAjTwvYj48YnI+44GK5aW944G/44Gu5rip5bqm44Gr6Ieq5YuV6Kq/56+A44GX44Gm44GP44KM44KL5qmf6IO944KS44CB5Lih5pa544Gu44Kz44Oz44Ot44Gr5pCt6LyJ44CCPGJyPueBq+WKoOa4m+OBjOmbo+OBl+OBhOaWmeeQhuOBp+OCgjLlk4HlkIzmmYLjgavkvZzjgozjgovjgYbjgYjjgIHjgr/jgqTjg57jg7zvvIgx772eMTIw5YiG77yJ44Gu5L2155So44KC5Y+v6IO944Gn44GZ44CCPGJyPjxicj48Yj7il4bjgIzjgYvjgpPjgr/jg4Pjg4HvvIbopovjgoTjgrnjgqTjg4Pjg4HjgI08L2I+PGJyPuaTjeS9nOOBl+OChOOBmeOBhOOCueOCpOODg+ODgemFjee9ruOAgjxicj7lj7PjgrPjg7Pjg63jga/lj7PjgIHlt6bjgrPjg7Pjg63jga/lt6bjga7jgrnjgqTjg4Pjg4Hjgafmk43kvZzjgII8YnI+5pON5L2c6Z2i44Gr57SEMzDluqbjga7lgr7mlpzjgpLjgaTjgZHjgabjgYTjgovjgZ/jgoHjgIHopovjgoTjgZnjgY/jgabohbDjgbjjga7osqDmi4XjgoLou73muJvjgZfjgb7jgZnjgII8YnI+5paH5a2X77yG44K544Kk44OD44OB44GM5aSn44GN44GP44CB5L2/44GE44KE44GZ44GV44Gr6YWN5oWu44GX44Gm44GE44G+44GZ44CCPGJyPjxicj48Yj7il4bjgIzjgrPjg7Pjg63oqr/nkIbjgr/jgqTjg57jg7zjgI08L2I+PGJyPjHvvZ4xMjDliIbjgb7jgacx5YiG5Yi744G/44Gn6Kit5a6a44Gn44GN44CB6Ieq5YuV5raI54Gr44GX44G+44GZ44CCPGJyPuiMueOBp+OBmeOBjuOAgeeFruOBmeOBjuOCkumYsuOBjuOBvuOBmeOAgjxicj7muKnluqboqr/nr4DmqZ/og73jgajjga7kvbXnlKjjgoLlj6/og73jgafjgZnjgII8YnI+PGJyPjxiPuKXhuOAjOOCs+ODs+ODreeCueeBq+eiuuiqjeihqOekuuOAjTwvYj48YnI+44Kz44Oz44Ot44Gu54K554Gr44KS44Gy44Go55uu44Gn56K66KqN44Gn44GN44G+44GZ44CCPGJyPjxicj48Yj7il4bjgIzngorpo6/mqZ/og73jgI08L2I+PGJyPuOCueOCpOODg+ODgeOCkuaKvOOBmeOBoOOBkeOBp+OAgeaJi+i7veOBq+ebtOeBq+eCiuOBjeOBruOBlOmjr+OBjOWRs+OCj+OBiOOBvuOBmeOAgjxicj7ngavlipvjgoLmtojngavjgoLoh6rli5XjgafjgbXjgaPjgY/jgonjgYrjgYTjgZfjgY/ngorjgY3jgYLjgZLjgb7jgZnjgII8YnI+LuKAu+WwgueUqOOBrueCiumjr+mHnOODu+eCiumjr+mNi+OBruS9v+eUqOOCkuOBiuOBmeOBmeOCgeOBl+OBvuOBmeOAgjxicj48YnI+PGI+4peG44CM5rmv5rK444GL44GX5qmf6IO944CNPC9iPjxicj7jgYrmua/jgYzjgo/jgYTjgZ/jgonpn7PjgafjgYrnn6XjgonjgZvjgZfjgIHoh6rli5XmtojngavjgZfjgb7jgZnjgII8YnI+44GV44KJ44Gr5L+d5rip5pmC6ZaT44Gu6Kit5a6a44KC44K/44Kk44Oe44O844Gu5L2155So44Gn5Y+v6IO944Gn44GZ44CCPGJyPjxicj48Yj7il4bjgIzjgrDjg6rjg6voqr/nkIbjgr/jgqTjg57jg7zjgI08L2I+PGJyPuOBiuWlveOBv+OBrueEvOOBjeaZgumWk+OCkuioreWumuOBp+OBjeOBvuOBmeOAgjxicj7oqK3lrprmmYLplpPjgavjgarjgovjgajoh6rli5XmtojngavjgZnjgovjga7jgafjgIHnhLzjgY3jgZnjgY7jga7lv4PphY3jgoLjgYLjgorjgb7jgZvjgpPjgII8YnI+PGJyPjxiPuKXhumtmuOCkuiHquWLleOBp+eEvOOBjeS4iuOBkuOCi+OAjOOCquODvOODiOOCsOODquODq+apn+iDveOAjTwvYj48YnI+44Kq44O844OI44Oh44OL44Ol44O844Go6a2a44Gu54S844GN5Yqg5rib44KS6Kit5a6a44GZ44KL44Gg44GR44Gn44CB54Gr5Yqb44Go54S844GN5pmC6ZaT44KS6Ieq5YuV44Gn44Kz44Oz44OI44Ot44O844Or44CCPGJyPuiHquWLleOBp+a2iOeBq+OBmeOCi+OBruOBp+OAgeeEvOOBjeOBmeOBjuOCi+W/g+mFjeOCguOBguOCiuOBvuOBm+OCk+OAgjxicj48YnI+PGI+4peG44CM5rC054Sh44GX5Lih6Z2i54S844Kw44Oq44Or44CNPC9iPjxicj7kuIrkuIvlkIzmmYLliqDnhrHjgaDjgYvjgonjgIHjgrnjg5Tjg7zjg4fjgqPjg7zjgavjgZPjgpPjgYzjgornhLzjgY3kuIrjgYzjgorjgIHoo4/ov5TjgZnmiYvplpPjgoLjgYLjgorjgb7jgZvjgpPjgII8YnI+6Kq/55CG5b6M44Gu5rC044GM5bqr5YaF44Gr44GT44G844KM44KL5b+D6YWN44GM44Gq44GP44CB5b6M54mH5LuY44GR44KC44Op44Kv44Op44Kv44Gn44GZ44CCPGJyPjxicj48Yj7il4bjgIzjgrnjg6Djg7zjgrrjgrDjg6rjg6vjgI08L2I+PGJyPuOCsOODquODq+OBruW8leOBjeWHuuOBl+W5heOBjOWil+OBiOOBpuOAgemjn+adkOOBruWHuuOBl+WFpeOCjOOBjOewoeWNmOOBq+OAgjxicj7jgZXjgonjgavjgIHkuKHjgrXjgqTjg4njgavjg63jg7zjg6njg7zjgpLmkK3ovInjgZnjgovjgZPjgajjgafjgIHlvJXjgY3lh7rjgZfjgoLjgrnjg6Djg7zjgrrjgavjgarjgorjgb7jgZfjgZ/jgII8YnI+PGJyPjxiPuKXhuOAjOOCsOODquODq+mBjueGsemYsuatouOCu+ODs+OCv+ODvOOAjTwvYj48YnI+44Kw44Oq44Or5bqr5YaF44Gu44K744Oz44K144O844Gr44KI44Gj44Gm5rip5bqm44KS6KaL5by144KL44GL44KJ44CB5a6J5b+D44CCPGJyPua4qeW6puOBjOeVsOW4uOOBq+S4iuOBjOOCi+OBqOiHquWLlea2iOeBq+OBl+OAgeeZuueBq+OCkumYsuatouOBl+OBvuOBmeOAgjxicj48YnI+PGI+4peG44CM44Kw44Oq44Or5raI44GX5b+Y44KM5raI54Gr5qmf6IO944CNPC9iPjxicj7kuKHpnaLnhLzjgY3jga/ntIQxNeWIhuOBp+iHquWLlea2iOeBq+OBl+OBvuOBmeOAgjxicj48YnI+PGI+4peG44CM6Ziy54KO44OR44Kk44OX44CNPC9iPjxicj7jgrPjg7Pjg63lhoXpg6jjga7lvozmlrnpg6jjgavpmLLngo7jg5HjgqTjg5fjgpLoqK3nva7jgII8YnI+5LiH5LiA44Gu5aC05ZCI44KC44CB54KO44GM5aSW44Gr5Ye644KL44Gu44KS6Ziy44GO44G+44GZ44CCPGJyPjxicj7il4blt6bjg4/jgqTjgqvjg63jg6rjg7zjg5Djg7zjg4rjg7w8YnI+PGI+PGZvbnQgY29sb3I9cmVkPuKAu+aomea6luODkOODvOODiuODvO+8muODj+OCpOOCq+ODreODquODvOODkOODvOODiuODvOOBp+OBr+OBquOBhOWBtOOBruODkOODvOODiuODvOOBp+OBmeOAgjwvZm9udD48L2I+PGJyPuS+i++8muW3puODj+OCpOOCq+ODreODquODvOODkOODvOODiuODvOOBruWgtOWQiOOBr+OAgeWPs+WBtOOBruODkOODvOODiuODvOOBjOaomea6luODkOODvOODiuODvOOBqOOBquOCiuOBvuOBmeOAgjxicj48YnI+4pag44CA5LuV44CA5qeY44CA4pagPHVsPjxsaT7lt6bjg4/jgqTjgqvjg63jg6rjg7zjg5Djg7zjg4rjg7w8L2xpPjxsaT7jgqvjg6njg7zvvJrjgq/jg6rjgqLjgrDjg6zjg7zjgrjjg6XjgIA8YnI+77yI5YmN6Z2i44OR44ON44Or77ya44OA44O844Kv44OW44Op44Km44Oz77yJPC9saT48bGk+5pys5L2T44K144Kk44K6KOe0hCnvvJrluYU1OS42w5flpaXooYw0OS4zw5fpq5jjgZUyMS44Y208L2xpPjxsaT7jgrDjg6rjg6vluqvlhoXjgrXjgqTjgrrvvIjntITvvInvvJrluYUyNC4zw5flpaXooYwzMS44w5fpq5jjgZU2LjBjbTwvbGk+PGxpPumHjemHj++8iOe0hO+8ie+8mjE2a2c8L2xpPjxsaT7ku5jlsZ7lk4HvvJrjgrDjg6rjg6vjg5fjg6zjg7zjg4g8L2xpPjxsaT7jg4jjg4Pjg5fjg5fjg6zjg7zjg4jjga7jgr/jgqTjg5fvvJrjgqzjg6njgrk8L2xpPjxsaT7jgqzjgrnmtojosrvph488YnI+44O75YWo54K554Gr5pmC77yaOC42MGtXPGJyPuODu+W8t+eBq+WKm++8mjQuMjBrVzxicj7jg7vmqJnmupbvvJoyLjk3a1c8YnI+44O744Kw44Oq44Or77yaMS45NGtXPC9saT48bGk+55yB44Ko44ON5Z+65rqW6YGU5oiQ546HPC9saT48bGk+44Kz44Oz44Ot6YOo55yB44Ko44ON5Z+65rqW6YGU5oiQ546H77yaMTAw77yFPC9saT48bGk+44Kz44Oz44Ot6YOo44Ko44ON44Or44Ku44O85raI6LK75Yq5546H77yaNTYuM++8hTwvbGk+PGxpPuOCsOODquODq+mDqOecgeOCqOODjeWfuua6lumBlOaIkOeOh++8mjEwMO+8hTwvbGk+PGxpPuOCsOODquODq+mDqOOCqOODjeODq+OCruODvOa2iOiyu+WKueeOh++8mjIxMVdoPC9saT48bGk+5bm06ZaT55uu5a6J54eD5paZ5raI6LK76YeP77yaMjVtPHN1cD4zPC9zdXA+L+W5tDwvbGk+PC91bD48YnI+PCEtLUNPTl9TVC0tPjxwPjxpbWcgc3JjPWh0dHA6Ly93d3cucmFrdXRlbi5uZS5qcC9nb2xkL2ppc20vaW1nL2thbnJlbl9ici5naWYgYm9yZGVyPTAgd2lkdGg9NDAwIGhlaWdodD00MD48L3A+PGJyPjxicj48YnI+KOKAu+OBk+OBruiqrOaYjuaWh+OBr+alveWkqeW4guWgtOW6l+OBruiomOi8ieWGheWuueOBp+OBmeOAglVSTOOBr2h0dHA6Ly9pdGVtLnJha3V0ZW4uY28uanAvamlzbS/jgaflp4vjgb7jgorjgb7jgZnjgIJVUkzjgYznlbDjgarjgovpmpvjga/jgrXjgqTjg4jjgpLliKnnlKjjgZnjgovjgZPjgajjga7jgarjgYTjgojjgYbljYHliIbjgZTms6jmhI/jgY/jgaDjgZXjgYTjgIIpPHRhYmxlIHdpZHRoPSI2MDAiIGJvcmRlcj0wIGNlbGxwYWRkaW5nPTUgY2VsbHNwYWNpbmc9MCBiZ2NvbG9yPSIjRjBFREU0Ij48dHI+PHRkIGFsaWduPSJjZW50ZXIiIGJnY29sb3I9IiNCQkEwNEUiPgo8dGFibGUgd2lkdGg9IjU5MCIgYm9yZGVyPTAgY2VsbHBhZGRpbmc9MiBjZWxsc3BhY2luZz0xIGJnY29sb3I9IiNGMEVERTQiIHN1bW1hcnk9IiIgc3R5bGU9ImZvbnQtc2l6ZToxMnB4OyI+PHRyPjx0ZD7jgYrjgZnjgZnjgoHjgqvjg4bjgrTjg6rjg7zjgIDvvJrjgIDjgqjjgqLjgrPjg7PjgIDjg7vjgIDliqDmub/lmajjgIDjg7vjgIDlhrfolLXluqvjgIDjg7vjgIDjg5vjg4Pjg4jjgqvjg7zjg5rjg4Pjg4jjgIDjg7vjgIDluIPlm6Pkub7nh6XmqZ88L3RkPjwvdHI+PHRyPjx0ZCBhbGlnbj0iY2VudGVyIj7jgrTjg6vjg5Xjg5zjg7zjg6vjgIDjg7vjgIDmjoPpmaTmqZ/jg7vjgq/jg6rjg7zjg4rjg7zjgIDjg7vjgIDvvLTvvLbjgrLjg7zjg6DjgIDjg7vjgIDpm7vmsaDjgIDjg7vjgIDlhYXpm7vmsaDjg7vlhYXpm7vlmajjgIDjg7vjgIDjg6njg4Pjg5Tjg7PjgrDooosKPC90ZD48L3RyPjwvdGFibGU+CjwvdGQ+PC90cj48L3RhYmxlPjxicj4=,UlRTNjVBV0czNVIyTkRCTC1MUOOAkOeojui+vOOAkSDjg6rjg7Pjg4rjgqQg44Ks44K544OG44O844OW44Or44CQ44OX44Ot44OR44Oz44Ks44K5TFDnlKjjgJEgUmlubmFpICBMQUtVQ0lFIFBSSU1F77yI44Op44Kv44K344Ko44OX44Op44Kk44Og77yJ5bem44OP44Kk44Kr44Ot44Oq44O844OQ44O844OK44O8IFtSVFM2NUFXRzM1UjJOREJMTFBHXeOAkOi/lOWTgeeoruWIpUHjgJHjgJDpgIHmlpnnhKHmlpnjgJHjgJBSQ1DjgJHvvJpKb3NoaW4gd2ViIOWutumbu+OBqFBD44Gu5aSn5Z6L5bCC6ZaA5bqX,5a626Zu744OR44K944Kz44OzQVbmqZ/lmajpq5jntJrjgqrjg7zjg4fjgqPjgqrjg5vjg5Pjg7zjgYrjgoLjgaHjgoPjgrLjg7zjg6DpiYTpgZPmqKHlnovmmYLoqIhQQ+ODhuODrOODk+ODrOOCs+ODvOODgOODvOmbkeiyqOaooeWei+WGt+iUteW6q+a0l+a/r+apn+OCqOOCouOCs+ODs2dhbWVob2JieWNvbXB1dGVyUlRTNjVBV0czNVIyTkRCTC1MUOOAkOeojui+vOOAkSDjg6rjg7Pjg4rjgqQg44Ks44K544OG44O844OW44Or44CQ44OX44Ot44OR44Oz44Ks44K5TFDnlKjjgJEgUmlubmFpICBMQUtVQ0lFIFBSSU1F77yI44Op44Kv44K344Ko44OX44Op44Kk44Og77yJ5bem44OP44Kk44Kr44Ot44Oq44O844OQ44O844OK44O8IFtSVFM2NUFXRzM1UjJOREJMTFBHXeOAkOi/lOWTgeeoruWIpUHjgJHjgJDpgIHmlpnnhKHmlpnjgJHjgJBSQ1DjgJE=,5YWI552A5pyA5aSnMjAw5YaG44Kv44O844Od44OzKOODq+ODvOODq+OCkuOBlOeiuuiqjeS4i+OBleOBhCnimIXjgIJSVFM2NUFXRzM1UjJOREJMLUxQ44CQ56iO6L6844CRIOODquODs+ODiuOCpCDjgqzjgrnjg4bjg7zjg5bjg6vjgJDjg5fjg63jg5Hjg7PjgqzjgrlMUOeUqOOAkSBSaW5uYWkgIExBS1VDSUUgUFJJTUXvvIjjg6njgq/jgrfjgqjjg5fjg6njgqTjg6DvvInlt6bjg4/jgqTjgqvjg63jg6rjg7zjg5Djg7zjg4rjg7wgW1JUUzY1QVdHMzVSMk5EQkxMUEdd44CQ6L+U5ZOB56iu5YilQeOAkeOAkOmAgeaWmeeEoeaWmeOAkeOAkFJDUOOAkQ==[rn]
37-97110,aHR0cDovL3RzaG9wLnIxMHMuanAvYmljY2FtZXJhL2NhYmluZXQvcHJvZHVjdC8yMTM1LzAwMDAwMDAzMzUyNjE5X2EwMS5qcGc/Zml0aW49NzAwOjcwMA==,MTM3NjM1LjIwMDA=,,5a626Zu7ID4g5a2j56+A44O756m66Kq/5a626Zu7ID4g44Ko44Ki44Kz44OzID4g44Ko44Ki44Kz44Oz,44CQ5qiZ5rqW5bel5LqL6LK7MTU2NjDlhoYo56iO6L68KeOBjOOCu+ODg+ODiO+8geOAkSDjg4DjgqTjgq3jg7Mg6ZmQ5a6aMuWPsOOAkOOCouOCpuODiOODrOODg+ODiOWTgeOAkeOCqOOCouOCs+ODsyDvvIjlhrfmiL/mmYIxNe+9njIz55Wz77yP5pqW5oi/5pmCMTXvvZ4xOOeVs++8ieOAjENY44K344Oq44O844K644CN44CAUzU2VFRDWFAg44CQ44OV44Kj44Or44K/44O86Ieq5YuV44GK5o6D6Zmk5qmf6IO95LuY44CR44CQ5aSW6KOF5LiN6Imv5ZOB77yI5aSW566x44Gu44G/77yJ44CRUzU2VFRDWFBb5qiZ5rqW5Y+W5LuY5bel5LqL6LK76L68XQ==,,PGRpdiBzdHlsZT0nbWFyZ2luOjBweCBhdXRvO3RleHQtYWxpZ246Y2VudGVyOyc+PGEgdGFyZ2V0PSdfYmxhbmsnIGhyZWY9J2h0dHA6Ly93d3cucmFrdXRlbi5uZS5qcC9nb2xkL2JpY2NhbWVyYS9ucy9wYWdlL2luZm8vYWlyY29uL2luZGV4Lmh0bWwnPjxpbWcgc3JjPSdodHRwOi8vaW1hZ2UucmFrdXRlbi5jby5qcC9iaWNjYW1lcmEvY2FiaW5ldC9ucy9pbmZvL2FpcmNvbi5naWYnIGJvcmRlcj0nMCcgdnNwYWNlPSc1Jz48L2E+PGJyPjxmb250IHNpemU9Jy0xJz7ml6XmnKzlhajlm73jgIHphY3pgIHjg7voqK3nva7jgpLjgYrmib/jgoroh7TjgZfjgb7jgZnjgILvvIjigLvkuIDpg6jlnLDln5/jgpLpmaTjgY/vvIk8YnI+4oC76YWN6YCB5pmC6ZaT44Gu5oyH5a6a44Gv44GK5om/44KK44Gn44GN44G+44Gb44KT44CCPC9mb250PjwvZGl2Pjxicj48aW1nIGFsdD0n44GU5rOo5paH44GL44KJ44GK5bGK44GR44O76Kit572u44G+44Gn44Gu5rWB44KMJyBzcmM9J2h0dHA6Ly9pbWFnZS5yYWt1dGVuLmNvLmpwL2JpY2NhbWVyYS9jYWJpbmV0L25zL2luZm8vc2V0dXAuZ2lmJz48YnI+PGI+44OV44Kj44Or44K/44O86Ieq5YuV44GK5o6D6Zmk77yG44K544OI44Oq44O844Oe5o6h55So44Gn44CB44Ko44Ki44Kz44Oz5YaF6YOo44KC44Kt44Os44Kk44Gr44CCPC9iPjxCUj48QlI+4pagPGI+44OV44Kj44Or44K/44O844Gu44Ob44Kz44Oq44KS44CB6Ieq5YuV55qE44Gr44GK5o6D6ZmkPC9iPjxCUj7jgIDjgqjjgqLjgrPjg7Pjga7pgYvou6LntYLkuoblvozjgIHoh6rli5XnmoTjgavjg5XjgqPjg6vjgr/jg7zjga7jg5vjgrPjg6rjgpLjg5bjg6njg4Pjgrfjg7PjgrDjgZfjgabjgIHjg4Djgrnjg4jjg5zjg4Pjgq/jgrnjgavlm57lj47jgILlrprmnJ/nmoTjgarjgYrmjoPpmaTjgafjgIHjg5XjgqPjg6vjgr/jg7zjga7nm67jgaXjgb7jgorjgpLmipHjgYjjgb7jgZnjgII8QlI+PEJSPuKWoDxiPuWGt+OChOOBl+OBmeOBjuOAgeaaluOCgeOBmeOBjuOCkuaKkeOBiOOBpuW/q+mBqeOBqzwvYj48QlI+44CA5a6k5YaF5rip5bqm44KE5bGL5aSW5rip5bqm44Gr5b+c44GY44Gm6Ieq5YuV44Gn6Kit5a6a5rip5bqm44GoM+OBpOOBrumBi+i7ouODouODvOODieOCkumBuOOBs+OBvuOBmeOAgjxCUj48QlI+4pagPGI+5aSW5rCX5rip44GM6auY44GE5pmC44KC5Yq5546H44KI44GP6YGL6LuiIOOAjOmrmOWkluawl+OCv+ODleODjeOCueWGt+aIv+OAjTwvYj48QlI+44CA5YWI6YCy44Gu5Ya35aqS5Yi25b6h5oqA6KGT44Gn44CB5aSW5rCX5rip44GM6auY44GP44Gm44KC5Ya35oi/6IO95Yqb44GM6JC944Gh44Gr44GP44GP44CB44KI44KK5Yq5546H44KI44GP5Ya35oi/6YGL6Lui44GM6KGM44GI44G+44GZ44CCPEJSPjxCUj7ilqA8Yj7jgZ3jga7ku5bjga7nibnplbc8L2I+PEJSPuODu+WkluWHuuWFiOOBp+OCguOAgemBi+i7oueKtuaFi+OBrueiuuiqjeODu+aTjeS9nOOBjOaAneOBhOOBruOBvuOBviDjgIzjg4DjgqTjgq3jg7Mg44K544Oe44O844OI44Oq44Oi44O844OIIOOCs+ODs+ODiOODreODvOODq+OAje+8iOKAu+OCquODl+OCt+ODp+ODs+apn+iDve+8muWIpemAlOOCouODgOODl+OCv+ODvOetieOBjOW/heimgeOBp+OBme+8iTxCUj7jg7vjgqvjg5PjgarjganjgpLmipHjgYjjgabjgq3jg6zjgqTjgavjgIHjg4DjgqTjgq3jg7Pni6zoh6rjga4g44CM44K544OI44Oq44O844Oe44CNIOaQrei8iTxCUj7jg7swLjXihIPljZjkvY3jgafjgIHmuKnluqbjgrPjg7Pjg4jjg63jg7zjg6sg44CMUElU77yI44OU44OD44OI77yJ5Yi25b6h44CNPEJSPuODu+OBiuOChOOBmeOBv+S4reOCguOAgeW/q+mBqeOBq+a4qeW6puWItuW+oSDjgIzjgYrjgoTjgZnjgb/pgYvou6LjgI08QlI+44O75Ya35oi/44Gv5LiK5ZCR44GN44Gr5ZC544GN5Ye644GX44CB5pqW5oi/44Gv6Laz5YWD44GL44KJ5rCX5rWB44KS44GK5bGK44GR44GZ44KLIOOAjOmiqOOBquOBhOOCuemBi+i7ouOAjTxCUj7jg7vkuIrkuIvjg7vlt6blj7PkuqTkupLjgavlkLnjgY3lh7rjgZfjgIEg5bqD44GE56+E5Zuy44Gr5b+r6YGp5rCX5rWB44KS44GK5bGK44GR44GZ44KLIOOAjOeri+S9k+awl+a1geOAjTxCUj48QlI+PGI+44CQ5aSW6KOF5LiN6Imv5ZOB44CRPC9iPjxCUj7llYblk4HmnKzkvZPjga/mnKrkvb/nlKjjga7mlrDlk4HjgafjgZnjgII8QlI+PEJSPueuse+8iOODgOODs+ODnOODvOODq+euseOChOWMlueyp+euse+8ieOBq+OCueODrOOChOOCreOCuuOBjOOBguOCiuOBvuOBme+8iOOChOOChOegtOOCjOOBruWgtOWQiOOCguOBguOCiuOBvuOBme+8ieOAgjxCUj48QlI+44GU6Ieq6Lqr44Gr44Gm44GU5L2/55So44Gu5aC05ZCI44Gr44GK44GZ44GZ44KB44Gq5ZWG5ZOB44Gn44GZ44CCPEJSPuOBk+OBruWVhuWTgeOBjOS4h+S4gOWIneacn+S4jeiJr+OBp+W8iuekvuWcqOW6q+OBjOOBquOBhOWgtOWQiOOAgei/lOWTgeWvvuW/nOOCguOBl+OBj+OBr+ODoeODvOOCq+ODvOS/rueQhuWvvuW/nOOBq+OBquOCiuOBvuOBmeOAgjxCUj48QlI+PGI+4oC744GT44Gh44KJ44Gu5ZWG5ZOB44Gv44CBPGZvbnQgY29sb3I9cmVkPuWVhuWTgeOBruOBiuWxiuOBkeaXpeOBqOW3peS6i+aXpeOBjOWIpeOAheOBruaJi+mFjeOBqOOBquOCi+WgtOWQiOOBjOOBlOOBluOBhOOBvuOBmeOAgjwvZm9udD7kuojjgoHjgZTkuobmib/jgY/jgaDjgZXjgYTjgII8L2I+PGRpdiBpZD0nc3AxNSc+PHRhYmxlIGJnY29sb3I9JyNGRkZGRkYnIGJvcmRlcj0nMCcgY2VsbHBhZGRpbmc9JzAnIGNlbGxzcGFjaW5nPScyJz48dHI+PHRkIGNsYXNzPSdzdWJ0aXRsZScgY29sc3Bhbj0nMic+5qmf6IO96aCF55uuPC90ZD48L3RyPjx0cj48dGQgY2xhc3M9J3N0aXRsZSc+55yB44Ko44ON5Z+65rqW6YGU5oiQ546HPC90ZD48dGQgY2xhc3M9J3NkYXRhJz4xMDLvvIU8L3RkPjwvdHI+PHRyPjx0ZCBjbGFzcz0nc3RpdGxlJz7mnJ/plpPmtojosrvpm7vlipvph4/vvIhKSVMgQyA5NjEy77yaMjAwNe+8iTwvdGQ+PHRkIGNsYXNzPSdzZGF0YSc+MjIwMGtXaDwvdGQ+PC90cj48dHI+PHRkIGNsYXNzPSdzdGl0bGUnPuacn+mWk+a2iOiyu+mbu+WKm+mHj++8iEpJUyBDIDk2MTLvvJoyMDEz77yJPC90ZD48dGQgY2xhc3M9J3NkYXRhJz4yMDc3a1doPC90ZD48L3RyPjx0cj48dGQgY2xhc3M9J3N0aXRsZSc+5bm06ZaT6Zu75rCX5Luj55uu5a6JPC90ZD48dGQgY2xhc3M9J3NkYXRhJz7ntIQ1OTQwMOWGhjwvdGQ+PC90cj48dHI+PHRkIGNsYXNzPSdzdGl0bGUnPkFQRu+8iEpJUyBDIDk2MTLvvJoyMDA177yJPC90ZD48dGQgY2xhc3M9J3NkYXRhJz41LjE8L3RkPjwvdHI+PHRyPjx0ZCBjbGFzcz0nc3RpdGxlJz7nnIHjgqjjg43mgKfog73vvIjimIXvvZ7imIXimIXimIXimIXimIXvvIk8L3RkPjx0ZCBjbGFzcz0nc2RhdGEnPuKYheKYheKYhuKYhuKYhjwvdGQ+PC90cj48dHI+PHRkIGNsYXNzPSdzdGl0bGUnPuiJsjwvdGQ+PHRkIGNsYXNzPSdzZGF0YSc+77yIV++8ieODm+ODr+OCpOODiDwvdGQ+PC90cj48dHI+PHRkIGNsYXNzPSdzdGl0bGUnPuWupOWGheapn+OCteOCpOOCuu+8iOmrmOOBlcOX5bmFw5flpaXooYzvvIk8L3RkPjx0ZCBjbGFzcz0nc2RhdGEnPjI5NcOXNzk4w5cyNjNtbTwvdGQ+PC90cj48dHI+PHRkIGNsYXNzPSdzdGl0bGUnPuWupOWkluapn+OCteOCpOOCuu+8iOmrmOOBlcOX5bmFw5flpaXooYzvvIk8L3RkPjx0ZCBjbGFzcz0nc2RhdGEnPjU5NcOXNzk177yI77yLNzjvvInDlzMwMO+8iO+8izQy77yJbW08L3RkPjwvdHI+PHRyPjx0ZCBjbGFzcz0nc3RpdGxlJz7mnKzkvZPph43ph4/vvIjlrqTlhoXmqZ8v5a6k5aSW5qmf77yJPC90ZD48dGQgY2xhc3M9J3NkYXRhJz4xMC41a2cvNDAuMGtnPC90ZD48L3RyPjx0cj48dGQgY2xhc3M9J3N0aXRsZSc+5a++5b+c55Wz5pWw77yI5pqW5oi/5pmC77yJPC90ZD48dGQgY2xhc3M9J3NkYXRhJz4xNe+9njE455WzPC90ZD48L3RyPjx0cj48dGQgY2xhc3M9J3N0aXRsZSc+5pqW5oi/6IO95YqbPC90ZD48dGQgY2xhc3M9J3NkYXRhJz42LjdrVzwvdGQ+PC90cj48dHI+PHRkIGNsYXNzPSdzdGl0bGUnPuS9jua4qeaaluaIv+iDveWKm++8iOWkluawlzLihIPvvIk8L3RkPjx0ZCBjbGFzcz0nc2RhdGEnPjYuN2tXPC90ZD48L3RyPjx0cj48dGQgY2xhc3M9J3N0aXRsZSc+5pqW5oi/5pmC5raI6LK76Zu75YqbPC90ZD48dGQgY2xhc3M9J3NkYXRhJz4xNzkwVyDvvIgxMTDvvZ4zMTEwV++8iTwvdGQ+PC90cj48dHI+PHRkIGNsYXNzPSdzdGl0bGUnPuWvvuW/nOeVs+aVsO+8iOWGt+aIv+aZgu+8iTwvdGQ+PHRkIGNsYXNzPSdzZGF0YSc+MTXvvZ4yM+eVszwvdGQ+PC90cj48dHI+PHRkIGNsYXNzPSdzdGl0bGUnPuWGt+aIv+iDveWKmzwvdGQ+PHRkIGNsYXNzPSdzZGF0YSc+NS42a1c8L3RkPjwvdHI+PHRyPjx0ZCBjbGFzcz0nc3RpdGxlJz7lhrfmiL/mmYLmtojosrvpm7vlips8L3RkPjx0ZCBjbGFzcz0nc2RhdGEnPjE5MTBXIO+8iDEyMO+9njIwMzBX77yJPC90ZD48L3RyPjx0cj48dGQgY2xhc3M9J3N0aXRsZSc+6Zu75rqQPC90ZD48dGQgY2xhc3M9J3NkYXRhJz7ljZjnm7gyMDBW44O7MjBBPC90ZD48L3RyPjx0cj48dGQgY2xhc3M9J3N0aXRsZSc+6YWN566h6ZW3L+mrmOS9juW3rjwvdGQ+PHRkIGNsYXNzPSdzZGF0YSc+MjBtLzE1bTwvdGQ+PC90cj48dHI+PHRkIGNsYXNzPSdzdGl0bGUnPumFjeeuoeW+hO+8iOa2suWBtC/jgqzjgrnlgbTvvIk8L3RkPjx0ZCBjbGFzcz0nc2RhdGEnPs+GNi4zNS85LjUybW3vvIgy5YiGM+WIhu+8iTwvdGQ+PC90cj48dHI+PHRkIGNsYXNzPSdzdGl0bGUnPuODleOCo+ODq+OCv+ODvOiHquWLleOBiuaOg+mZpDwvdGQ+PHRkIGNsYXNzPSdzZGF0YSc+5pyJIO+8iOODgOOCueODiOODnOODg+OCr+OCueaWueW8j++8iTwvdGQ+PC90cj48dHI+PHRkIGNsYXNzPSdzdGl0bGUnPuOCu+ODs+OCteODvOapn+iDvTwvdGQ+PHRkIGNsYXNzPSdzZGF0YSc+LTwvdGQ+PC90cj48dHI+PHRkIGNsYXNzPSdzdGl0bGUnPuW/q+mBqeawl+a1geapn+iDvTwvdGQ+PHRkIGNsYXNzPSdzZGF0YSc+LTwvdGQ+PC90cj48dHI+PHRkIGNsYXNzPSdzdGl0bGUnPuWvkuOBj+OBquOCieOBquOBhOW/q+mBqemZpOa5v+apn+iDvTwvdGQ+PHRkIGNsYXNzPSdzZGF0YSc+LTwvdGQ+PC90cj48dHI+PHRkIGNsYXNzPSdzdGl0bGUnPuOCpOOCquODs+ODu+ODn+OCueODiOOBquOBqTwvdGQ+PHRkIGNsYXNzPSdzZGF0YSc+LTwvdGQ+PC90cj48dHI+PHRkIGNsYXNzPSdzdGl0bGUnPuepuuawl+a4hea1hOapn+iDvTwvdGQ+PHRkIGNsYXNzPSdzZGF0YSc+5pyJIO+8iOOCueODiOODquODvOODnuepuuawl+a4hea1hO+8iTwvdGQ+PC90cj48dHI+PHRkIGNsYXNzPSdzdGl0bGUnPuaWsOWGt+WqklIzMuWvvuW/nDwvdGQ+PHRkIGNsYXNzPSdzZGF0YSc+5a++5b+cPC90ZD48L3RyPjx0cj48dGQgY2xhc3M9J3N0aXRsZSc+44K544Oe44O844OI44OV44Kp44Oz5a++5b+cPC90ZD48dGQgY2xhc3M9J3NkYXRhJz7lr77lv5wg77yI5Yil6YCU44Ki44OA44OX44K/44O8562J44GM5b+F6KaB77yJPC90ZD48L3RyPjx0cj48dGQgY2xhc3M9J3N0aXRsZSc+5Yqg5rm/5qmf6IO9PC90ZD48dGQgY2xhc3M9J3NkYXRhJz4tPC90ZD48L3RyPjwvdGFibGU+PC9kaXY+,44CQ5qiZ5rqW5bel5LqL6LK7MTU2NjDlhoYo56iO6L68KeOBjOOCu+ODg+ODiO+8geOAkSDjg4DjgqTjgq3jg7Mg6ZmQ5a6aMuWPsOOAkOOCouOCpuODiOODrOODg+ODiOWTgeOAkeOCqOOCouOCs+ODsyDvvIjlhrfmiL/mmYIxNe+9njIz55Wz77yP5pqW5oi/5pmCMTXvvZ4xOOeVs++8ieOAjENY44K344Oq44O844K644CN44CAUzU2VFRDWFAg44CQ44OV44Kj44Or44K/44O86Ieq5YuV44GK5o6D6Zmk5qmf6IO95LuY44CR44CQ5aSW6KOF5LiN6Imv5ZOB77yI5aSW566x44Gu44G/77yJ44CRUzU2VFRDWFBb5qiZ5rqW5Y+W5LuY5bel5LqL6LK76L68Xe+8muODk+ODg+OCr+OCq+ODoeODqealveWkqeW4guWgtOW6lw==,44CQ5qiZ5rqW5bel5LqL6LK7MTU2NjDlhoYo56iO6L68KeOBjOOCu+ODg+ODiO+8geOAkSDjg4DjgqTjgq3jg7Mg6ZmQ5a6aMuWPsOOAkOOCouOCpuODiOODrOODg+ODiOWTgeOAkeOCqOOCouOCs+ODsyDvvIjlhrfmiL/mmYIxNe+9njIz55Wz77yP5pqW5oi/5pmCMTXvvZ4xOOeVs++8ieOAjENY44K344Oq44O844K644CN44CAUzU2VFRDWFAg44CQ44OV44Kj44Or44K/44O86Ieq5YuV44GK5o6D6Zmk5qmf6IO95LuY44CR44CQ5aSW6KOF5LiN6Imv5ZOB77yI5aSW566x44Gu44G/77yJ44CRUzU2VFRDWFBb5qiZ5rqW5Y+W5LuY5bel5LqL6LK76L68XQ==,44CQ5qiZ5rqW5bel5LqL6LK7MTU2NjDlhoYo56iO6L68KeOBjOOCu+ODg+ODiO+8geOAkSDjg4DjgqTjgq3jg7Mg6ZmQ5a6aMuWPsOOAkOOCouOCpuODiOODrOODg+ODiOWTgeOAkeOCqOOCouOCs+ODsyDvvIjlhrfmiL/mmYIxNe+9njIz55Wz77yP5pqW5oi/5pmCMTXvvZ4xOOeVs++8ieOAjENY44K344Oq44O844K644CN44CAUzU2VFRDWFAg44CQ44OV44Kj44Or44K/44O86Ieq5YuV44GK5o6D6Zmk5qmf6IO95LuY44CR44CQ5aSW6KOF5LiN6Imv5ZOB77yI5aSW566x44Gu44G/77yJ44CRUzU2VFRDWFBb5qiZ5rqW5Y+W5LuY5bel5LqL6LK76L68XQ==[rn]
37-97111,aHR0cDovL3RzaG9wLnIxMHMuanAvYmljY2FtZXJhL2NhYmluZXQvcHJvZHVjdC8xNjExLzAwMDAwMDAzMTA2NTI5X2EwMS5qcGc/Zml0aW49NzAwOjcwMA==,MTA1OTI2LjQwMDA=,,5a626Zu7ID4g5a2j56+A44O756m66Kq/5a626Zu7ID4g44Ko44Ki44Kz44OzID4g44Ko44Ki44Kz44Oz,44CQ5qiZ5rqW5bel5LqL6LK7MTA1ODTlhoYo56iO6L68KeOBjOOCu+ODg+ODiO+8geOAkSDlr4zlo6vpgJrjgrzjg43jg6njg6sg6ZmQ5a6aMuWPsOOAkOOCouOCpuODiOODrOODg+ODiOWTgeOAkeOCqOOCouOCs+ODs++8iOWGt+aIv+aZgjbvvZ4555Wz77yP5pqW5oi/5pmCNu+9njfnlbPvvIkg44CMbm9jcmlhIFrjgrfjg6rjg7zjgrrjgI3jgIBBUy1aMjJFLVcg77yI5Ya35oi/5pmCNu+9njnnlbPvvI/mmpbmiL/mmYI2772eN+eVs++8ieOAkOODleOCo+ODq+OCv+ODvOiHquWLleOBiuaOg+mZpOapn+iDveS7mOOAkeOAkOeUn+eUo+WujOS6huWTgeOAkVtBU1oyMkVd44CQa2s5bjBkMThw44CRW+aomQ==,,PGRpdiBzdHlsZT0nbWFyZ2luOjBweCBhdXRvO3RleHQtYWxpZ246Y2VudGVyOyc+PGEgdGFyZ2V0PSdfYmxhbmsnIGhyZWY9J2h0dHA6Ly93d3cucmFrdXRlbi5uZS5qcC9nb2xkL2JpY2NhbWVyYS9ucy9wYWdlL2luZm8vYWlyY29uL2luZGV4Lmh0bWwnPjxpbWcgc3JjPSdodHRwOi8vaW1hZ2UucmFrdXRlbi5jby5qcC9iaWNjYW1lcmEvY2FiaW5ldC9ucy9pbmZvL2FpcmNvbi5naWYnIGJvcmRlcj0nMCcgdnNwYWNlPSc1Jz48L2E+PGJyPjxmb250IHNpemU9Jy0xJz7ml6XmnKzlhajlm73jgIHphY3pgIHjg7voqK3nva7jgpLjgYrmib/jgoroh7TjgZfjgb7jgZnjgILvvIjigLvkuIDpg6jlnLDln5/jgpLpmaTjgY/vvIk8YnI+4oC76YWN6YCB5pmC6ZaT44Gu5oyH5a6a44Gv44GK5om/44KK44Gn44GN44G+44Gb44KT44CCPC9mb250PjwvZGl2Pjxicj48aW1nIGFsdD0n44GU5rOo5paH44GL44KJ44GK5bGK44GR44O76Kit572u44G+44Gn44Gu5rWB44KMJyBzcmM9J2h0dHA6Ly9pbWFnZS5yYWt1dGVuLmNvLmpwL2JpY2NhbWVyYS9jYWJpbmV0L25zL2luZm8vc2V0dXAuZ2lmJz48YnI+4pagPGI+5qWt55WM5pyA6auY5rC05rqW44Gu55yB44Ko44ON44Go6auY5pqW5oi/6IO95YqbPC9iPjxCUj7jgIDni6zoh6rjga7pq5jlirnnjoflnKfnuK7mqZ/jg7vpq5jlirnnjofjg5fjg63jg5rjg6njg5XjgqHjg7Pjg7vpq5jlr4bluqbjg57jg6vjg4Hjg5HjgrnnhrHkuqTmj5vlmajjg7vjgqTjg7Pjgr/jg7zjg6rjg7zjg5ZQQU3jgqTjg7Pjg5Djg7zjgr/jga7mjqHnlKjjgavjgojjgorjg4jjg4Pjg5fjgq/jg6njgrnjga7nnIHjgqjjg43vvIbjg4/jgqTjg5Hjg6/jg7zjgpLlrp/nj77jgILmpa3nlYzjg4jjg4Pjg5fjgq/jg6njgrnjga7nnIHjgqjjg43jg7vmmpbmiL/og73lipvjgpLlrp/nj77jgZfjgabjgYTjgb7jgZnjgILnnIHjgqjjg43jgaDjgYvjgonlrrbluq3jga7nr4Dpm7vlr77nrZbjgavmnIDpganjgafjgZnjgILjgb7jgZ/jgIHpq5jjgYTmmpbmiL/og73lipvjgaflr5LjgYTmnJ3jgoLotrPlhYPjgYvjgonjg53jgqvjg53jgqvjga7lv6vpganjgarjgYrpg6jlsYvjgpLlrp/nj77jgZfjgb7jgZnjgILjgIzjg5vjg4Pjg4jjgqzjgrnjg5DjgqTjg5HjgrnmioDooZPjgI3jgpLliKnnlKjjgZfjgZ/jgIzjgYLjgaPjgZ/jgYvjgq3jg7zjg5fmmpbmiL/jgI3mqZ/og73jgafpnJzlj5bjgorpgYvou6LkuK3jgafjgoLlrqTmuKnjga7kvY7kuIvjgpLmipHjgYjjgIHluLjjgavmmpbjgYvjgYTjgYrpg6jlsYvjgavkv53jgaTjgZPjgajjgYzjgafjgY3jgb7jgZnjgII8QlI+PEJSPuKWoDxiPuWIpeWupOOBi+OCieOCguaTjeS9nOOBp+OBjeOCi+OAgeeEoee3mlJG44Oq44Oi44Kz44OzPC9iPjxCUj7jgIDmpa3nlYzliJ3jga7jgIznhKHnt5rjg6rjg6LjgrPjg7PjgI3jgYzmm7TjgavpgLLljJbjgILpm6LjgozjgZ/loLTmiYDjgYvjgonjga7mk43kvZzjgYzlj6/og73jgarjgaDjgZHjgafjgarjgY/jgIHmnIDlpKc16YOo5bGL44Gubm9jcmlh44Gu5pON5L2c44GM44Gn44GN44G+44GZ44CC54Sh57ea44Oq44Oi44Kz44Oz44Go44Gv5Yil44Gr44CB44Kq44Oz44Kq44OV44Gg44GR44Gu44GL44KT44Gf44KT54Sh57ea44K544Kk44OD44OB77yI5Yil5aOy77yJ44GM6L+95Yqg6LO85YWl44Gn44GN44G+44GZ44CC5pqR44GE5pel44Gv5biw5a6F44GX44Gm44GZ44GQ44Gr546E6Zai44GL44KJ44Oq44OT44Oz44Kw44Gu44Ko44Ki44Kz44Oz44KS6YGL6Lui6ZaL5aeL44GX44Gf44KK44CB5a+S44GE5pyd44Gv5a+d5a6k44GL44KJ44Oq44OT44Oz44Kw44KS5YWI44Gr5pqW44KB44Gm44GK44GP44GT44Go44GM44Gn44GN44G+44GZ44CC44G+44Gf44CB44Oq44Oi44Kz44Oz44Gr5rip5bqm44K744Oz44K144O844KS5pCt6LyJ44GX44Gm44GE44KL44Gu44Gn44CM44GE44KL5aC05omA44Kz44Oz44OI44Ot44O844Or44CN5qmf6IO944Gr44KI44KK44CB44Oq44Oi44Kz44Oz5LuY6L+R44Gu5rip5bqm44KS5oSf55+l44GX44CB44Og44OA44Gq6YGL6Lui44KS5oqR44GI44G+44GZ44CCPEJSPjxCUj7ilqA8Yj7jgrXjg5PjgavlvLfjgYTjgYvjgonlronlv4Pjga7ogJDloanlrrPku5Xmp5jlrqTlpJbmqZ88L2I+PEJSPuOAgOODu+OCteODk+OBq+W8t+OBhOOAgeiAkOWhqeWus+S7leanmOWupOWkluapn+OCkuaOoeeUqOOBl+OBpuOBhOOCi+OBruOBp+OAgeayv+WyuOmDqOOChOmbqOODu+miqOOBjOW9k+OBn+OCi+ioree9ruWgtOaJgOOBp+OCguWuieW/g+OBp+OBmeOAguaXpeacrOWGt+WHjeepuuiqv+W3pealreS8muaomea6luimj+agvEpSQTkwMDLjgavmupbmi6DjgZfjgabjgYTjgb7jgZnjgII8QlI+44CA44O744K544Oe44O844OI44OV44Kp44Oz6YCj5pC65qmf6IO944Gr44KI44KK44CB5aSW5Ye65YWI44GL44KJ44K544Oe44O844OI44OV44Kp44Oz44Gn44Ko44Ki44Kz44Oz44KS5pON5L2c44GX44Gf44KK44CB6YGL6Lui54q25rOB44KS56K66KqN44GZ44KL44GT44Go44GM44Gn44GN44G+44GZ44CC77yI5Yil5aOy44Gu54Sh57ea44Ki44OA44OX44K/44O844GM5b+F6KaB44Gn44GZ44CC77yJ44CQ55Sf55Sj5a6M5LqG5ZOB44CRPEJSPuWVhuWTgeacrOS9k+OBr+acquS9v+eUqOOBruaWsOWTgeOBp+OBmeOAgjxCUj7jg6Hjg7zjgqvjg7zjgavjgabnlJ/nlKPjgYzlrozkuobjgZfjgZ/ml6fjg6Ljg4fjg6vjgafjgZnjgII8QlI+5ZWG5ZOB44Gr44KI44KK44CB5aOy44KK5YiH44KM5b6M44Gv5YaN5YWl6I2344GM54Sh44GE5aC05ZCI44KC44GC44KK44G+44GZ44CC44GT44Gu5ZWG5ZOB44GM5LiH5LiA5Yid5pyf5LiN6Imv44Gn5byK56S+5Zyo5bqr44GM44Gq44GE5aC05ZCI44CB6L+U5ZOB5a++5b+c44KC44GX44GP44Gv44Oh44O844Kr44O85L+u55CG5a++5b+c44Gr44Gq44KK44G+44GZ44CCPGI+4oC744GT44Gh44KJ44Gu5ZWG5ZOB44Gv44CBPGZvbnQgY29sb3I9cmVkPuWVhuWTgeOBruOBiuWxiuOBkeaXpeOBqOW3peS6i+aXpeOBjOWIpeOAheOBruaJi+mFjeOBqOOBquOCi+WgtOWQiOOBjOOBlOOBluOBhOOBvuOBmeOAgjwvZm9udD7kuojjgoHjgZTkuobmib/jgY/jgaDjgZXjgYTjgII8L2I+PGRpdiBpZD0nc3AxNSc+PHRhYmxlIGJnY29sb3I9JyNGRkZGRkYnIGJvcmRlcj0nMCcgY2VsbHBhZGRpbmc9JzAnIGNlbGxzcGFjaW5nPScyJz48dHI+PHRkIGNsYXNzPSdzdWJ0aXRsZScgY29sc3Bhbj0nMic+5qmf6IO96aCF55uuPC90ZD48L3RyPjx0cj48dGQgY2xhc3M9J3N0aXRsZSc+5pyf6ZaT5raI6LK76Zu75Yqb6YeP77yISklTIEMgOTYxMu+8mjIwMTPvvIk8L3RkPjx0ZCBjbGFzcz0nc2RhdGEnPjYwM2tXaDwvdGQ+PC90cj48dHI+PHRkIGNsYXNzPSdzdGl0bGUnPuW5tOmWk+mbu+awl+S7o+ebruWuiTwvdGQ+PHRkIGNsYXNzPSdzZGF0YSc+57SEMTYzMDDlhoY8L3RkPjwvdHI+PHRyPjx0ZCBjbGFzcz0nc3RpdGxlJz5BUEbvvIhKSVMgQyA5NjEy77yaMjAwNe+8iTwvdGQ+PHRkIGNsYXNzPSdzZGF0YSc+Ni45PC90ZD48L3RyPjx0cj48dGQgY2xhc3M9J3N0aXRsZSc+55yB44Ko44ON5oCn6IO977yI4piF772e4piF4piF4piF4piF4piF77yJPC90ZD48dGQgY2xhc3M9J3NkYXRhJz7imIXimIXimIXimIXimIY8L3RkPjwvdHI+PHRyPjx0ZCBjbGFzcz0nc3RpdGxlJz7oibI8L3RkPjx0ZCBjbGFzcz0nc2RhdGEnPu+8iFfvvInjg5vjg6/jgqTjg4g8L3RkPjwvdHI+PHRyPjx0ZCBjbGFzcz0nc3RpdGxlJz7lrqTlhoXmqZ/jgrXjgqTjgrrvvIjpq5jjgZXDl+W5hcOX5aWl6KGM77yJPC90ZD48dGQgY2xhc3M9J3NkYXRhJz4yOTPDlzc5OMOXMzUwbW08L3RkPjwvdHI+PHRyPjx0ZCBjbGFzcz0nc3RpdGxlJz7lrqTlpJbmqZ/jgrXjgqTjgrrvvIjpq5jjgZXDl+W5hcOX5aWl6KGM77yJPC90ZD48dGQgY2xhc3M9J3NkYXRhJz42MjDDlzc5MO+8iCs2Mu+8icOXMjkw77yIKzYz77yJbW08L3RkPjwvdHI+PHRyPjx0ZCBjbGFzcz0nc3RpdGxlJz7mnKzkvZPph43ph4/vvIjlrqTlhoXmqZ8v5a6k5aSW5qmf77yJPC90ZD48dGQgY2xhc3M9J3NkYXRhJz4xNC4wa2cvMzMuMGtnPC90ZD48L3RyPjx0cj48dGQgY2xhc3M9J3N0aXRsZSc+5a++5b+c55Wz5pWw77yI5pqW5oi/5pmC77yJPC90ZD48dGQgY2xhc3M9J3NkYXRhJz42772eN+eVszwvdGQ+PC90cj48dHI+PHRkIGNsYXNzPSdzdGl0bGUnPuaaluaIv+iDveWKmzwvdGQ+PHRkIGNsYXNzPSdzZGF0YSc+Mi41a1c8L3RkPjwvdHI+PHRyPjx0ZCBjbGFzcz0nc3RpdGxlJz7kvY7muKnmmpbmiL/og73lipvvvIjlpJbmsJcy4oSD77yJPC90ZD48dGQgY2xhc3M9J3NkYXRhJz40LjJrVzwvdGQ+PC90cj48dHI+PHRkIGNsYXNzPSdzdGl0bGUnPuaaluaIv+aZgua2iOiyu+mbu+WKmzwvdGQ+PHRkIGNsYXNzPSdzZGF0YSc+NDQ1VygxMDXvvZ4xNTAwVyk8L3RkPjwvdHI+PHRyPjx0ZCBjbGFzcz0nc3RpdGxlJz7lr77lv5znlbPmlbDvvIjlhrfmiL/mmYLvvIk8L3RkPjx0ZCBjbGFzcz0nc2RhdGEnPjbvvZ4555WzPC90ZD48L3RyPjx0cj48dGQgY2xhc3M9J3N0aXRsZSc+5Ya35oi/6IO95YqbPC90ZD48dGQgY2xhc3M9J3NkYXRhJz4yLjJrVzwvdGQ+PC90cj48dHI+PHRkIGNsYXNzPSdzdGl0bGUnPuWGt+aIv+aZgua2iOiyu+mbu+WKmzwvdGQ+PHRkIGNsYXNzPSdzZGF0YSc+Mzg1V++8iDEwNe+9njg2MFcpPC90ZD48L3RyPjx0cj48dGQgY2xhc3M9J3N0aXRsZSc+6Zu75rqQPC90ZD48dGQgY2xhc3M9J3NkYXRhJz7ljZjnm7gxMDBW44O7MTVBPC90ZD48L3RyPjx0cj48dGQgY2xhc3M9J3N0aXRsZSc+6YWN566h6ZW3L+mrmOS9juW3rjwvdGQ+PHRkIGNsYXNzPSdzZGF0YSc+MTVtLzEwbTwvdGQ+PC90cj48dHI+PHRkIGNsYXNzPSdzdGl0bGUnPumFjeeuoeW+hO+8iOa2suWBtC/jgqzjgrnlgbTvvIk8L3RkPjx0ZCBjbGFzcz0nc2RhdGEnPs+GNi4zNS85LjUybW3vvIgy5YiGM+WIhu+8iTwvdGQ+PC90cj48dHI+PHRkIGNsYXNzPSdzdGl0bGUnPuODleOCo+ODq+OCv+ODvOiHquWLleOBiuaOg+mZpDwvdGQ+PHRkIGNsYXNzPSdzZGF0YSc+5pyJPC90ZD48L3RyPjx0cj48dGQgY2xhc3M9J3N0aXRsZSc+44K744Oz44K144O85qmf6IO9PC90ZD48dGQgY2xhc3M9J3NkYXRhJz7mnInvvIjkurrmhJ/jgrvjg7PjgrXjg7zvvIk8L3RkPjwvdHI+PHRyPjx0ZCBjbGFzcz0nc3RpdGxlJz7lv6vpganmsJfmtYHmqZ/og708L3RkPjx0ZCBjbGFzcz0nc2RhdGEnPi08L3RkPjwvdHI+PHRyPjx0ZCBjbGFzcz0nc3RpdGxlJz7lr5LjgY/jgarjgonjgarjgYTlv6vpganpmaTmub/mqZ/og708L3RkPjx0ZCBjbGFzcz0nc2RhdGEnPuacie+8iOWGjeeGsemZpOa5v++8i+OCveODleODiOOCr+ODvOODq+mZpOa5v++8iTwvdGQ+PC90cj48dHI+PHRkIGNsYXNzPSdzdGl0bGUnPuOCpOOCquODs+ODu+ODn+OCueODiOOBquOBqTwvdGQ+PHRkIGNsYXNzPSdzZGF0YSc+44OX44Op44K644Oe44Kk44Kq44Oz77yL5L2O5r+D5bqm44Kq44K+44OzPC90ZD48L3RyPjx0cj48dGQgY2xhc3M9J3N0aXRsZSc+56m65rCX5riF5rWE5qmf6IO9PC90ZD48dGQgY2xhc3M9J3NkYXRhJz4tPC90ZD48L3RyPjx0cj48dGQgY2xhc3M9J3N0aXRsZSc+5paw5Ya35aqSUjMy5a++5b+cPC90ZD48dGQgY2xhc3M9J3NkYXRhJz7lr77lv5w8L3RkPjwvdHI+PHRyPjx0ZCBjbGFzcz0nc3RpdGxlJz7jgrnjg57jg7zjg4jjg5Xjgqnjg7Plr77lv5w8L3RkPjx0ZCBjbGFzcz0nc2RhdGEnPuWvvuW/nCDvvIjliKXpgJTjgqLjg4Djg5fjgr/jg7znrYnjgYzlv4XopoHvvIk8L3RkPjwvdHI+PHRyPjx0ZCBjbGFzcz0nc3RpdGxlJz7liqDmub/mqZ/og708L3RkPjx0ZCBjbGFzcz0nc2RhdGEnPi08L3RkPjwvdHI+PC90YWJsZT48L2Rpdj4=,44CQ5qiZ5rqW5bel5LqL6LK7MTA1ODTlhoYo56iO6L68KeOBjOOCu+ODg+ODiO+8geOAkSDlr4zlo6vpgJrjgrzjg43jg6njg6sg6ZmQ5a6aMuWPsOOAkOOCouOCpuODiOODrOODg+ODiOWTgeOAkeOCqOOCouOCs+ODs++8iOWGt+aIv+aZgjbvvZ4555Wz77yP5pqW5oi/5pmCNu+9njfnlbPvvIkg44CMbm9jcmlhIFrjgrfjg6rjg7zjgrrjgI3jgIBBUy1aMjJFLVcg77yI5Ya35oi/5pmCNu+9njnnlbPvvI/mmpbmiL/mmYI2772eN+eVs++8ieOAkOODleOCo+ODq+OCv+ODvOiHquWLleOBiuaOg+mZpOapn+iDveS7mOOAkeOAkOeUn+eUo+WujOS6huWTgeOAkVtBU1oyMkVd44CQa2s5bjBkMThw44CRW+aome+8muODk+ODg+OCr+OCq+ODoeODqealveWkqeW4guWgtOW6lw==,44CQ5qiZ5rqW5bel5LqL6LK7MTA1ODTlhoYo56iO6L68KeOBjOOCu+ODg+ODiO+8geOAkSDlr4zlo6vpgJrjgrzjg43jg6njg6sg6ZmQ5a6aMuWPsOOAkOOCouOCpuODiOODrOODg+ODiOWTgeOAkeOCqOOCouOCs+ODs++8iOWGt+aIv+aZgjbvvZ4555Wz77yP5pqW5oi/5pmCNu+9njfnlbPvvIkg44CMbm9jcmlhIFrjgrfjg6rjg7zjgrrjgI3jgIBBUy1aMjJFLVcg77yI5Ya35oi/5pmCNu+9njnnlbPvvI/mmpbmiL/mmYI2772eN+eVs++8ieOAkOODleOCo+ODq+OCv+ODvOiHquWLleOBiuaOg+mZpOapn+iDveS7mOOAkeOAkOeUn+eUo+WujOS6huWTgeOAkVtBU1oyMkVd44CQa2s5bjBkMThw44CRW+aomQ==,44CQ5qiZ5rqW5bel5LqL6LK7MTA1ODTlhoYo56iO6L68KeOBjOOCu+ODg+ODiO+8geOAkSDlr4zlo6vpgJrjgrzjg43jg6njg6sg6ZmQ5a6aMuWPsOOAkOOCouOCpuODiOODrOODg+ODiOWTgeOAkeOCqOOCouOCs+ODs++8iOWGt+aIv+aZgjbvvZ4555Wz77yP5pqW5oi/5pmCNu+9njfnlbPvvIkg44CMbm9jcmlhIFrjgrfjg6rjg7zjgrrjgI3jgIBBUy1aMjJFLVcg77yI5Ya35oi/5pmCNu+9njnnlbPvvI/mmpbmiL/mmYI2772eN+eVs++8ieOAkOODleOCo+ODq+OCv+ODvOiHquWLleOBiuaOg+mZpOapn+iDveS7mOOAkeOAkOeUn+eUo+WujOS6huWTgeOAkVtBU1oyMkVd44CQa2s5bjBkMThw44CRW+aomQ==[rn]
37-97112,aHR0cDovL3RzaG9wLnIxMHMuanAvYmljY2FtZXJhL2NhYmluZXQvcHJvZHVjdC8yMTUwLzAwMDAwMDAzMzYwOTMxX2EwMS5qcGc/Zml0aW49NzAwOjcwMA==,ODQzMjYuNDAwMA==,,5a626Zu7ID4g5a2j56+A44O756m66Kq/5a626Zu7ID4g44Ko44Ki44Kz44OzID4g44Ko44Ki44Kz44Oz,44CQ5qiZ5rqW5bel5LqL6LK7MTA1ODTlhoYo56iO6L68KeOBjOOCu+ODg+ODiO+8geOAkSDkuInoj7Eg6ZmQ5a6aMuWPsOOAkOOCouOCpuODiOODrOODg+ODiOWTgeOAkeOCqOOCouOCs+ODsyDvvIjlhrfmiL/mmYI3772eMTDnlbPvvI/mmpbmiL/mmYI2772eOOeVs++8ieOAjOmcp+ODtuWzsCBCWFbjgrfjg6rjg7zjgrrjgI3jgIBNU1otQlhWMjUxNi1XIOOAkOODleOCo+ODq+OCv+ODvOiHquWLleOBiuaOg+mZpOapn+iDveS7mOOAkeOAkOWkluijheS4jeiJr+WTge+8iOWklueuseOBruOBv++8ieOAkU1TWi1CWFYyNTE2W+aomea6luWPluS7mOW3peS6i+iyu+i+vF0=,,PGRpdiBzdHlsZT0nbWFyZ2luOjBweCBhdXRvO3RleHQtYWxpZ246Y2VudGVyOyc+PGEgdGFyZ2V0PSdfYmxhbmsnIGhyZWY9J2h0dHA6Ly93d3cucmFrdXRlbi5uZS5qcC9nb2xkL2JpY2NhbWVyYS9ucy9wYWdlL2luZm8vYWlyY29uL2luZGV4Lmh0bWwnPjxpbWcgc3JjPSdodHRwOi8vaW1hZ2UucmFrdXRlbi5jby5qcC9iaWNjYW1lcmEvY2FiaW5ldC9ucy9pbmZvL2FpcmNvbi5naWYnIGJvcmRlcj0nMCcgdnNwYWNlPSc1Jz48L2E+PGJyPjxmb250IHNpemU9Jy0xJz7ml6XmnKzlhajlm73jgIHphY3pgIHjg7voqK3nva7jgpLjgYrmib/jgoroh7TjgZfjgb7jgZnjgILvvIjigLvkuIDpg6jlnLDln5/jgpLpmaTjgY/vvIk8YnI+4oC76YWN6YCB5pmC6ZaT44Gu5oyH5a6a44Gv44GK5om/44KK44Gn44GN44G+44Gb44KT44CCPC9mb250PjwvZGl2Pjxicj48aW1nIGFsdD0n44GU5rOo5paH44GL44KJ44GK5bGK44GR44O76Kit572u44G+44Gn44Gu5rWB44KMJyBzcmM9J2h0dHA6Ly9pbWFnZS5yYWt1dGVuLmNvLmpwL2JpY2NhbWVyYS9jYWJpbmV0L25zL2luZm8vc2V0dXAuZ2lmJz48YnI+PGI+6auY44GVMjUwbW3jga7jgrPjg7Pjg5Hjgq/jg4jjg4/jgqTjgrnjg5rjg4Pjgq/jg6Ljg4fjg6vjgII8QlI+5o2u5LuY5a+45rOV44GvMjk1bW3jgadPS++8gTwvYj48QlI+PEJSPuKWoDxiPuaNruS7mOWvuOazlTI5NW1t44Gn56qT5LiK44Gq44Gp44Gu54ut44GE5aC05omA44Gr44KC6Kit572u5Y+v6IO9PC9iPjxCUj7jgIDjgrPjg7Pjg5Hjgq/jg4joqK3oqIjjgafjgIHjg4/jgqTjgrXjg4PjgrfkvY/lroXjgavjgoLlr77lv5zjgII5NS4477yF44Gu44Oq44OT44Oz44Kw44Gr6Kit572u5Y+v6IO944Gq6ama55Ww44Gu44Kr44OQ44O8546H44KS5a6f54++44GX44Gm44GE44G+44GZ44CCPEJSPjxCUj7ilqA8Yj7jg4/jgqTjg5bjg6rjg4Pjg4npgYvou6LjgafjgIHlv6vpganjgavnr4Dpm7s8L2I+PEJSPuOAgOWkj+OBr+OAjOaJh+miqOapn+OAjeOBqOOAjOOCqOOCouOCs+ODs+OAjeOBruOBhOOBhOOBqOOBk+WPluOCiuOBp+OAgeS9k+aEn+a4qeW6puOBq+WQiOOCj+OBm+OBpuOAgTLjgaTjga7pgYvou6LjgpLoh6rli5XjgafliIfmm7/jgYjjgILlhqzjga/jgIzjgrXjg7zjgq3jg6Xjg6zjg7zjgr/jg7zjg6Ljg7zjg4njgI3jgafjgIEg5aSp5LqV5LuY6L+R44Gu44Og44OA44Gq54ax44KS5YaN5Yip55So44GX44G+44GZ44CC44GV44KJ44Gr44CB44GG44Gj44GL44KK5raI44GX5b+Y44KM44Gm44KC6Ieq5YuV44Gn44Kq44OV77yB44CM5raI44GX5b+Y44KM44Kq44O844OIT0ZG44CN44KC5pCt6LyJ44GX44Gm44GE44G+44GZ44CCPEJSPjxCUj7ilqA8Yj7jgZ3jga7ku5bjga7nibnplbc8L2I+PEJSPuOAgOODu+OCqOOCouOCs+ODs+OBruWGheWBtOOCguWkluWBtOOCgua4hea9lOOCkuOCreODvOODlzxCUj7jgIDjg7vjgIzjg6Djg7zjg5bjgqLjgqTjgI3jgafjgIHkurrjgoTlkajlm7LmuKnluqbjgoLopovjgabjg6Djg6njgarjgY/lv6vpgak8QlI+44CA44O744Ov44Kk44OJ44Go44Ot44Oz44Kw44Gu5rCX5rWB44Gn5b+r6YGp44KS44GK5bGK44GRPEJSPuOAgOODu+OAjOacgOmrmOe0hDYw4oSD5rip6aKo44CN44Gn44GX44Gj44GL44KK5rip44KB44KLPEJSPuOAgOODu+OAjOODleOCo+ODq+OCv+ODvOOBiuOBneOBhuOBmOODoeOCq+OAjeOBp+OBiuaJi+WFpeOCjOODqeOCr+ODqeOCrzxicj48YnI+PEhSPuOAkOWkluijheS4jeiJr+WTgeOAkTxCUj7llYblk4HmnKzkvZPjga/mnKrkvb/nlKjjga7mlrDlk4HjgafjgZnjgII8QlI+566x77yI44OA44Oz44Oc44O844Or566x44KE5YyW57Kn566x77yJ44Gr44K544Os44KE44Kt44K644GM44GC44KK44G+44GZ77yI44KE44KE56C044KM44Gu5aC05ZCI44KC44GC44KK44G+44GZ77yJ44CCPEJSPuOBlOiHqui6q+OBq+OBpuOBlOS9v+eUqOOBruWgtOWQiOOBq+OBiuOBmeOBmeOCgeOBquWVhuWTgeOBp+OBmeOAgjxkaXYgaWQ9J3NwMTUnPjx0YWJsZSBiZ2NvbG9yPScjRkZGRkZGJyBib3JkZXI9JzAnIGNlbGxwYWRkaW5nPScwJyBjZWxsc3BhY2luZz0nMic+PHRyPjx0ZCBjbGFzcz0nc3VidGl0bGUnIGNvbHNwYW49JzInPuapn+iDvemgheebrjwvdGQ+PC90cj48dHI+PHRkIGNsYXNzPSdzdGl0bGUnPuecgeOCqOODjeWfuua6lumBlOaIkOeOhzwvdGQ+PHRkIGNsYXNzPSdzZGF0YSc+MTAx77yFPC90ZD48L3RyPjx0cj48dGQgY2xhc3M9J3N0aXRsZSc+5pyf6ZaT5raI6LK76Zu75Yqb6YeP77yISklTIEMgOTYxMu+8mjIwMDXvvIk8L3RkPjx0ZCBjbGFzcz0nc2RhdGEnPjg0OWtXaDwvdGQ+PC90cj48dHI+PHRkIGNsYXNzPSdzdGl0bGUnPuacn+mWk+a2iOiyu+mbu+WKm+mHj++8iEpJUyBDIDk2MTLvvJoyMDEz77yJPC90ZD48dGQgY2xhc3M9J3NkYXRhJz44MDJrV2g8L3RkPjwvdHI+PHRyPjx0ZCBjbGFzcz0nc3RpdGxlJz7lubTplpPpm7vmsJfku6Pnm67lrok8L3RkPjx0ZCBjbGFzcz0nc2RhdGEnPue0hDE4NzAw5YaGPC90ZD48L3RyPjx0cj48dGQgY2xhc3M9J3N0aXRsZSc+QVBG77yISklTIEMgOTYxMu+8mjIwMDXvvIk8L3RkPjx0ZCBjbGFzcz0nc2RhdGEnPjUuOTwvdGQ+PC90cj48dHI+PHRkIGNsYXNzPSdzdGl0bGUnPuecgeOCqOODjeaAp+iDve+8iOKYhe+9nuKYheKYheKYheKYheKYhe+8iTwvdGQ+PHRkIGNsYXNzPSdzZGF0YSc+4piF4piF4piG4piG4piGPC90ZD48L3RyPjx0cj48dGQgY2xhc3M9J3N0aXRsZSc+6ImyPC90ZD48dGQgY2xhc3M9J3NkYXRhJz7vvIhX77yJ44Km44Kn44O844OW44Ob44Ov44Kk44OIPC90ZD48L3RyPjx0cj48dGQgY2xhc3M9J3N0aXRsZSc+5a6k5YaF5qmf44K144Kk44K677yI6auY44GVw5fluYXDl+WlpeihjO+8iTwvdGQ+PHRkIGNsYXNzPSdzZGF0YSc+MjUww5c3OTnDlzMxMO+8iDMxNe+8iW1tPC90ZD48L3RyPjx0cj48dGQgY2xhc3M9J3N0aXRsZSc+5a6k5aSW5qmf44K144Kk44K677yI6auY44GVw5fluYXDl+WlpeihjO+8iTwvdGQ+PHRkIGNsYXNzPSdzZGF0YSc+NTM4w5c2OTnvvIjvvIs1Nu+8icOXMjQ577yI77yLMzbvvIltbTwvdGQ+PC90cj48dHI+PHRkIGNsYXNzPSdzdGl0bGUnPuacrOS9k+mHjemHj++8iOWupOWGheapny/lrqTlpJbmqZ/vvIk8L3RkPjx0ZCBjbGFzcz0nc2RhdGEnPjEzLjBrZy8yMy4wa2c8L3RkPjwvdHI+PHRyPjx0ZCBjbGFzcz0nc3RpdGxlJz7lr77lv5znlbPmlbDvvIjmmpbmiL/mmYLvvIk8L3RkPjx0ZCBjbGFzcz0nc2RhdGEnPjbvvZ4455WzPC90ZD48L3RyPjx0cj48dGQgY2xhc3M9J3N0aXRsZSc+5pqW5oi/6IO95YqbPC90ZD48dGQgY2xhc3M9J3NkYXRhJz4yLjhrVzwvdGQ+PC90cj48dHI+PHRkIGNsYXNzPSdzdGl0bGUnPuS9jua4qeaaluaIv+iDveWKm++8iOWkluawlzLihIPvvIk8L3RkPjx0ZCBjbGFzcz0nc2RhdGEnPjMuNGtXPC90ZD48L3RyPjx0cj48dGQgY2xhc3M9J3N0aXRsZSc+5pqW5oi/5pmC5raI6LK76Zu75YqbPC90ZD48dGQgY2xhc3M9J3NkYXRhJz41OTBXIO+8iDEzNe+9njE0NTBX77yJPC90ZD48L3RyPjx0cj48dGQgY2xhc3M9J3N0aXRsZSc+5a++5b+c55Wz5pWw77yI5Ya35oi/5pmC77yJPC90ZD48dGQgY2xhc3M9J3NkYXRhJz43772eMTDnlbM8L3RkPjwvdHI+PHRyPjx0ZCBjbGFzcz0nc3RpdGxlJz7lhrfmiL/og73lips8L3RkPjx0ZCBjbGFzcz0nc2RhdGEnPjIuNWtXPC90ZD48L3RyPjx0cj48dGQgY2xhc3M9J3N0aXRsZSc+5Ya35oi/5pmC5raI6LK76Zu75YqbPC90ZD48dGQgY2xhc3M9J3NkYXRhJz42NjVXIO+8iDE2Ne+9njk5NVfvvIk8L3RkPjwvdHI+PHRyPjx0ZCBjbGFzcz0nc3RpdGxlJz7pm7vmupA8L3RkPjx0ZCBjbGFzcz0nc2RhdGEnPuWNmOebuDEwMFbjg7sxNUE8L3RkPjwvdHI+PHRyPjx0ZCBjbGFzcz0nc3RpdGxlJz7phY3nrqHplbcv6auY5L2O5beuPC90ZD48dGQgY2xhc3M9J3NkYXRhJz4yMO+8iOODgeODo+ODvOOCuOODrOOCuTEw77yJbS8xNW08L3RkPjwvdHI+PHRyPjx0ZCBjbGFzcz0nc3RpdGxlJz7phY3nrqHlvoTvvIjmtrLlgbQv44Ks44K55YG077yJPC90ZD48dGQgY2xhc3M9J3NkYXRhJz7PhjYuMzUvOS41Mm1t77yIMuWIhjPliIbvvIk8L3RkPjwvdHI+PHRyPjx0ZCBjbGFzcz0nc3RpdGxlJz7jg5XjgqPjg6vjgr/jg7zoh6rli5XjgYrmjoPpmaQ8L3RkPjx0ZCBjbGFzcz0nc2RhdGEnPuaciSDvvIjjg4Djgrnjg4jjg5zjg4Pjgq/jgrnmlrnlvI/vvIk8L3RkPjwvdHI+PHRyPjx0ZCBjbGFzcz0nc3RpdGxlJz7jgrvjg7PjgrXjg7zmqZ/og708L3RkPjx0ZCBjbGFzcz0nc2RhdGEnPuaciSDvvIjjg6Djg7zjg5bjgqLjgqTvvLsxNjDCsOW6iuODu+WjgeODu+S6uuODu+eKtuaFi+ODu+mWk+WPluOCiuODu+WkqeS6leODu+i3nembou+8ve+8iTwvdGQ+PC90cj48dHI+PHRkIGNsYXNzPSdzdGl0bGUnPuaWsOWGt+WqklIzMuWvvuW/nDwvdGQ+PHRkIGNsYXNzPSdzZGF0YSc+5a++5b+cPC90ZD48L3RyPjx0cj48dGQgY2xhc3M9J3N0aXRsZSc+44K544Oe44O844OI44OV44Kp44Oz5a++5b+cPC90ZD48dGQgY2xhc3M9J3NkYXRhJz7lr77lv5wg77yI5Yil6YCU44Ki44OA44OX44K/44O8562J44GM5b+F6KaB77yJPC90ZD48L3RyPjwvdGFibGU+PC9kaXY+,44CQ5qiZ5rqW5bel5LqL6LK7MTA1ODTlhoYo56iO6L68KeOBjOOCu+ODg+ODiO+8geOAkSDkuInoj7Eg6ZmQ5a6aMuWPsOOAkOOCouOCpuODiOODrOODg+ODiOWTgeOAkeOCqOOCouOCs+ODsyDvvIjlhrfmiL/mmYI3772eMTDnlbPvvI/mmpbmiL/mmYI2772eOOeVs++8ieOAjOmcp+ODtuWzsCBCWFbjgrfjg6rjg7zjgrrjgI3jgIBNU1otQlhWMjUxNi1XIOOAkOODleOCo+ODq+OCv+ODvOiHquWLleOBiuaOg+mZpOapn+iDveS7mOOAkeOAkOWkluijheS4jeiJr+WTge+8iOWklueuseOBruOBv++8ieOAkU1TWi1CWFYyNTE2W+aomea6luWPluS7mOW3peS6i+iyu+i+vF3vvJrjg5Pjg4Pjgq/jgqvjg6Hjg6nmpb3lpKnluILloLTlupc=,44CQ5qiZ5rqW5bel5LqL6LK7MTA1ODTlhoYo56iO6L68KeOBjOOCu+ODg+ODiO+8geOAkSDkuInoj7Eg6ZmQ5a6aMuWPsOOAkOOCouOCpuODiOODrOODg+ODiOWTgeOAkeOCqOOCouOCs+ODsyDvvIjlhrfmiL/mmYI3772eMTDnlbPvvI/mmpbmiL/mmYI2772eOOeVs++8ieOAjOmcp+ODtuWzsCBCWFbjgrfjg6rjg7zjgrrjgI3jgIBNU1otQlhWMjUxNi1XIOOAkOODleOCo+ODq+OCv+ODvOiHquWLleOBiuaOg+mZpOapn+iDveS7mOOAkeOAkOWkluijheS4jeiJr+WTge+8iOWklueuseOBruOBv++8ieOAkU1TWi1CWFYyNTE2W+aomea6luWPluS7mOW3peS6i+iyu+i+vF0=,44CQ5qiZ5rqW5bel5LqL6LK7MTA1ODTlhoYo56iO6L68KeOBjOOCu+ODg+ODiO+8geOAkSDkuInoj7Eg6ZmQ5a6aMuWPsOOAkOOCouOCpuODiOODrOODg+ODiOWTgeOAkeOCqOOCouOCs+ODsyDvvIjlhrfmiL/mmYI3772eMTDnlbPvvI/mmpbmiL/mmYI2772eOOeVs++8ieOAjOmcp+ODtuWzsCBCWFbjgrfjg6rjg7zjgrrjgI3jgIBNU1otQlhWMjUxNi1XIOOAkOODleOCo+ODq+OCv+ODvOiHquWLleOBiuaOg+mZpOapn+iDveS7mOOAkeOAkOWkluijheS4jeiJr+WTge+8iOWklueuseOBruOBv++8ieOAkU1TWi1CWFYyNTE2W+aomea6luWPluS7mOW3peS6i+iyu+i+vF0=[rn]
37-97113,aHR0cDovL3RzaG9wLnIxMHMuanAvYmljY2FtZXJhL2NhYmluZXQvcHJvZHVjdC8yMTUwLzAwMDAwMDAzMzYwOTMyX2EwMS5qcGc/Zml0aW49NzAwOjcwMA==,NzU2ODYuNDAwMA==,,5a626Zu7ID4g5a2j56+A44O756m66Kq/5a626Zu7ID4g44Ko44Ki44Kz44OzID4g44Ko44Ki44Kz44Oz,44CQ5qiZ5rqW5bel5LqL6LK7MTA1ODTlhoYo56iO6L68KeOBjOOCu+ODg+ODiO+8geOAkSDkuInoj7Eg44CQ44Ki44Km44OI44Os44OD44OI5ZOB44CR44GK44KC44GrNueVs+eUqOOAgOOAgOOCqOOCouOCs+ODsyDvvIjlhrfmiL/mmYI2772eOeeVs++8j+aaluaIv+aZgjbvvZ4355Wz77yJ44CM6Zyn44O25bOwIEJYVuOCt+ODquODvOOCuuOAjeOAgE1TWi1CWFYyMjE2LVcg44CQ44OV44Kj44Or44K/44O86Ieq5YuV44GK5o6D6Zmk5qmf6IO95LuY44CR44CQ5aSW6KOF5LiN6Imv5ZOB77yI5aSW566x44Gu44G/77yJ44CRTVNaLUJYVjIyMTZb5qiZ5rqW5Y+W5LuY5bel5LqL6LK76L68XQ==,,PGRpdiBzdHlsZT0nbWFyZ2luOjBweCBhdXRvO3RleHQtYWxpZ246Y2VudGVyOyc+PGEgdGFyZ2V0PSdfYmxhbmsnIGhyZWY9J2h0dHA6Ly93d3cucmFrdXRlbi5uZS5qcC9nb2xkL2JpY2NhbWVyYS9ucy9wYWdlL2luZm8vYWlyY29uL2luZGV4Lmh0bWwnPjxpbWcgc3JjPSdodHRwOi8vaW1hZ2UucmFrdXRlbi5jby5qcC9iaWNjYW1lcmEvY2FiaW5ldC9ucy9pbmZvL2FpcmNvbi5naWYnIGJvcmRlcj0nMCcgdnNwYWNlPSc1Jz48L2E+PGJyPjxmb250IHNpemU9Jy0xJz7ml6XmnKzlhajlm73jgIHphY3pgIHjg7voqK3nva7jgpLjgYrmib/jgoroh7TjgZfjgb7jgZnjgILvvIjigLvkuIDpg6jlnLDln5/jgpLpmaTjgY/vvIk8YnI+4oC76YWN6YCB5pmC6ZaT44Gu5oyH5a6a44Gv44GK5om/44KK44Gn44GN44G+44Gb44KT44CCPC9mb250PjwvZGl2Pjxicj48aW1nIGFsdD0n44GU5rOo5paH44GL44KJ44GK5bGK44GR44O76Kit572u44G+44Gn44Gu5rWB44KMJyBzcmM9J2h0dHA6Ly9pbWFnZS5yYWt1dGVuLmNvLmpwL2JpY2NhbWVyYS9jYWJpbmV0L25zL2luZm8vc2V0dXAuZ2lmJz48YnI+PGI+6auY44GVMjUwbW3jga7jgrPjg7Pjg5Hjgq/jg4jjg4/jgqTjgrnjg5rjg4Pjgq/jg6Ljg4fjg6vjgII8QlI+5o2u5LuY5a+45rOV44GvMjk1bW3jgadPS++8gTwvYj48QlI+PEJSPuKWoDxiPuaNruS7mOWvuOazlTI5NW1t44Gn56qT5LiK44Gq44Gp44Gu54ut44GE5aC05omA44Gr44KC6Kit572u5Y+v6IO9PC9iPjxCUj7jgIDjgrPjg7Pjg5Hjgq/jg4joqK3oqIjjgafjgIHjg4/jgqTjgrXjg4PjgrfkvY/lroXjgavjgoLlr77lv5zjgII5NS4477yF44Gu44Oq44OT44Oz44Kw44Gr6Kit572u5Y+v6IO944Gq6ama55Ww44Gu44Kr44OQ44O8546H44KS5a6f54++44GX44Gm44GE44G+44GZ44CCPEJSPjxCUj7ilqA8Yj7jg4/jgqTjg5bjg6rjg4Pjg4npgYvou6LjgafjgIHlv6vpganjgavnr4Dpm7s8L2I+PEJSPuOAgOWkj+OBr+OAjOaJh+miqOapn+OAjeOBqOOAjOOCqOOCouOCs+ODs+OAjeOBruOBhOOBhOOBqOOBk+WPluOCiuOBp+OAgeS9k+aEn+a4qeW6puOBq+WQiOOCj+OBm+OBpuOAgTLjgaTjga7pgYvou6LjgpLoh6rli5XjgafliIfmm7/jgYjjgILlhqzjga/jgIzjgrXjg7zjgq3jg6Xjg6zjg7zjgr/jg7zjg6Ljg7zjg4njgI3jgafjgIEg5aSp5LqV5LuY6L+R44Gu44Og44OA44Gq54ax44KS5YaN5Yip55So44GX44G+44GZ44CC44GV44KJ44Gr44CB44GG44Gj44GL44KK5raI44GX5b+Y44KM44Gm44KC6Ieq5YuV44Gn44Kq44OV77yB44CM5raI44GX5b+Y44KM44Kq44O844OIT0ZG44CN44KC5pCt6LyJ44GX44Gm44GE44G+44GZ44CCPEJSPjxCUj7ilqA8Yj7jgZ3jga7ku5bjga7nibnplbc8L2I+PEJSPuOAgOODu+OCqOOCouOCs+ODs+OBruWGheWBtOOCguWkluWBtOOCgua4hea9lOOCkuOCreODvOODlzxCUj7jgIDjg7vjgIzjg6Djg7zjg5bjgqLjgqTjgI3jgafjgIHkurrjgoTlkajlm7LmuKnluqbjgoLopovjgabjg6Djg6njgarjgY/lv6vpgak8QlI+44CA44O744Ov44Kk44OJ44Go44Ot44Oz44Kw44Gu5rCX5rWB44Gn5b+r6YGp44KS44GK5bGK44GRPEJSPuOAgOODu+OAjOacgOmrmOe0hDYw4oSD5rip6aKo44CN44Gn44GX44Gj44GL44KK5rip44KB44KLPEJSPuOAgOODu+OAjOODleOCo+ODq+OCv+ODvOOBiuOBneOBhuOBmOODoeOCq+OAjeOBp+OBiuaJi+WFpeOCjOODqeOCr+ODqeOCrzxicj48YnI+PEhSPuOAkOWkluijheS4jeiJr+WTgeOAkTxCUj7llYblk4HmnKzkvZPjga/mnKrkvb/nlKjjga7mlrDlk4HjgafjgZnjgII8QlI+566x77yI44OA44Oz44Oc44O844Or566x44KE5YyW57Kn566x77yJ44Gr44K544Os44KE44Kt44K644GM44GC44KK44G+44GZ77yI44KE44KE56C044KM44Gu5aC05ZCI44KC44GC44KK44G+44GZ77yJ44CCPEJSPuOBlOiHqui6q+OBq+OBpuOBlOS9v+eUqOOBruWgtOWQiOOBq+OBiuOBmeOBmeOCgeOBquWVhuWTgeOBp+OBmeOAgjxkaXYgaWQ9J3NwMTUnPjx0YWJsZSBiZ2NvbG9yPScjRkZGRkZGJyBib3JkZXI9JzAnIGNlbGxwYWRkaW5nPScwJyBjZWxsc3BhY2luZz0nMic+PHRyPjx0ZCBjbGFzcz0nc3VidGl0bGUnIGNvbHNwYW49JzInPuapn+iDvemgheebrjwvdGQ+PC90cj48dHI+PHRkIGNsYXNzPSdzdGl0bGUnPuecgeOCqOODjeWfuua6lumBlOaIkOeOhzwvdGQ+PHRkIGNsYXNzPSdzZGF0YSc+MTAx77yFPC90ZD48L3RyPjx0cj48dGQgY2xhc3M9J3N0aXRsZSc+5pyf6ZaT5raI6LK76Zu75Yqb6YeP77yISklTIEMgOTYxMu+8mjIwMDXvvIk8L3RkPjx0ZCBjbGFzcz0nc2RhdGEnPjc0N2tXaDwvdGQ+PC90cj48dHI+PHRkIGNsYXNzPSdzdGl0bGUnPuacn+mWk+a2iOiyu+mbu+WKm+mHj++8iEpJUyBDIDk2MTLvvJoyMDEz77yJPC90ZD48dGQgY2xhc3M9J3NkYXRhJz43MDVrV2g8L3RkPjwvdHI+PHRyPjx0ZCBjbGFzcz0nc3RpdGxlJz7lubTplpPpm7vmsJfku6Pnm67lrok8L3RkPjx0ZCBjbGFzcz0nc2RhdGEnPue0hDE2NDAw5YaGPC90ZD48L3RyPjx0cj48dGQgY2xhc3M9J3N0aXRsZSc+QVBG77yISklTIEMgOTYxMu+8mjIwMDXvvIk8L3RkPjx0ZCBjbGFzcz0nc2RhdGEnPjUuOTwvdGQ+PC90cj48dHI+PHRkIGNsYXNzPSdzdGl0bGUnPuecgeOCqOODjeaAp+iDve+8iOKYhe+9nuKYheKYheKYheKYheKYhe+8iTwvdGQ+PHRkIGNsYXNzPSdzZGF0YSc+4piF4piF4piG4piG4piGPC90ZD48L3RyPjx0cj48dGQgY2xhc3M9J3N0aXRsZSc+6ImyPC90ZD48dGQgY2xhc3M9J3NkYXRhJz7vvIhX77yJ44Km44Kn44O844OW44Ob44Ov44Kk44OIPC90ZD48L3RyPjx0cj48dGQgY2xhc3M9J3N0aXRsZSc+5a6k5YaF5qmf44K144Kk44K677yI6auY44GVw5fluYXDl+WlpeihjO+8iTwvdGQ+PHRkIGNsYXNzPSdzZGF0YSc+MjUww5c3OTnDlzMxMO+8iDMxNe+8iW1tPC90ZD48L3RyPjx0cj48dGQgY2xhc3M9J3N0aXRsZSc+5a6k5aSW5qmf44K144Kk44K677yI6auY44GVw5fluYXDl+WlpeihjO+8iTwvdGQ+PHRkIGNsYXNzPSdzZGF0YSc+NTM4w5c2OTnvvIjvvIs1Nu+8icOXMjQ577yI77yLMzbvvIltbTwvdGQ+PC90cj48dHI+PHRkIGNsYXNzPSdzdGl0bGUnPuacrOS9k+mHjemHj++8iOWupOWGheapny/lrqTlpJbmqZ/vvIk8L3RkPjx0ZCBjbGFzcz0nc2RhdGEnPjEyLjBrZy8yMy4wa2c8L3RkPjwvdHI+PHRyPjx0ZCBjbGFzcz0nc3RpdGxlJz7lr77lv5znlbPmlbDvvIjmmpbmiL/mmYLvvIk8L3RkPjx0ZCBjbGFzcz0nc2RhdGEnPjbvvZ4355WzPC90ZD48L3RyPjx0cj48dGQgY2xhc3M9J3N0aXRsZSc+5pqW5oi/6IO95YqbPC90ZD48dGQgY2xhc3M9J3NkYXRhJz4yLjVrVzwvdGQ+PC90cj48dHI+PHRkIGNsYXNzPSdzdGl0bGUnPuS9jua4qeaaluaIv+iDveWKm++8iOWkluawlzLihIPvvIk8L3RkPjx0ZCBjbGFzcz0nc2RhdGEnPjMuMGtXPC90ZD48L3RyPjx0cj48dGQgY2xhc3M9J3N0aXRsZSc+5pqW5oi/5pmC5raI6LK76Zu75YqbPC90ZD48dGQgY2xhc3M9J3NkYXRhJz41NTBXIO+8iDEzNe+9njEzMjVX77yJPC90ZD48L3RyPjx0cj48dGQgY2xhc3M9J3N0aXRsZSc+5a++5b+c55Wz5pWw77yI5Ya35oi/5pmC77yJPC90ZD48dGQgY2xhc3M9J3NkYXRhJz42772eOeeVszwvdGQ+PC90cj48dHI+PHRkIGNsYXNzPSdzdGl0bGUnPuWGt+aIv+iDveWKmzwvdGQ+PHRkIGNsYXNzPSdzZGF0YSc+Mi4ya1c8L3RkPjwvdHI+PHRyPjx0ZCBjbGFzcz0nc3RpdGxlJz7lhrfmiL/mmYLmtojosrvpm7vlips8L3RkPjx0ZCBjbGFzcz0nc2RhdGEnPjYzMFcg77yIMTY1772eOTIwV++8iTwvdGQ+PC90cj48dHI+PHRkIGNsYXNzPSdzdGl0bGUnPumbu+a6kDwvdGQ+PHRkIGNsYXNzPSdzZGF0YSc+5Y2Y55u4MTAwVuODuzE1QTwvdGQ+PC90cj48dHI+PHRkIGNsYXNzPSdzdGl0bGUnPumFjeeuoemVty/pq5jkvY7lt648L3RkPjx0ZCBjbGFzcz0nc2RhdGEnPjIw77yI44OB44Oj44O844K444Os44K5MTDvvIltLzE1bTwvdGQ+PC90cj48dHI+PHRkIGNsYXNzPSdzdGl0bGUnPumFjeeuoeW+hO+8iOa2suWBtC/jgqzjgrnlgbTvvIk8L3RkPjx0ZCBjbGFzcz0nc2RhdGEnPs+GNi4zNS85LjUybW3vvIgy5YiGM+WIhu+8iTwvdGQ+PC90cj48dHI+PHRkIGNsYXNzPSdzdGl0bGUnPuODleOCo+ODq+OCv+ODvOiHquWLleOBiuaOg+mZpDwvdGQ+PHRkIGNsYXNzPSdzZGF0YSc+5pyJIO+8iOODgOOCueODiOODnOODg+OCr+OCueaWueW8j++8iTwvdGQ+PC90cj48dHI+PHRkIGNsYXNzPSdzdGl0bGUnPuOCu+ODs+OCteODvOapn+iDvTwvdGQ+PHRkIGNsYXNzPSdzZGF0YSc+5pyJIO+8iOODoOODvOODluOCouOCpO+8uzE2MMKw5bqK44O75aOB44O75Lq644O754q25oWL44O76ZaT5Y+W44KK44O75aSp5LqV44O76Led6Zui77y977yJPC90ZD48L3RyPjx0cj48dGQgY2xhc3M9J3N0aXRsZSc+5paw5Ya35aqSUjMy5a++5b+cPC90ZD48dGQgY2xhc3M9J3NkYXRhJz7lr77lv5w8L3RkPjwvdHI+PHRyPjx0ZCBjbGFzcz0nc3RpdGxlJz7jgrnjg57jg7zjg4jjg5Xjgqnjg7Plr77lv5w8L3RkPjx0ZCBjbGFzcz0nc2RhdGEnPuWvvuW/nCDvvIjliKXpgJTjgqLjg4Djg5fjgr/jg7znrYnjgYzlv4XopoHvvIk8L3RkPjwvdHI+PC90YWJsZT48L2Rpdj4=,44CQ5qiZ5rqW5bel5LqL6LK7MTA1ODTlhoYo56iO6L68KeOBjOOCu+ODg+ODiO+8geOAkSDkuInoj7Eg44CQ44Ki44Km44OI44Os44OD44OI5ZOB44CR44GK44KC44GrNueVs+eUqOOAgOOAgOOCqOOCouOCs+ODsyDvvIjlhrfmiL/mmYI2772eOeeVs++8j+aaluaIv+aZgjbvvZ4355Wz77yJ44CM6Zyn44O25bOwIEJYVuOCt+ODquODvOOCuuOAjeOAgE1TWi1CWFYyMjE2LVcg44CQ44OV44Kj44Or44K/44O86Ieq5YuV44GK5o6D6Zmk5qmf6IO95LuY44CR44CQ5aSW6KOF5LiN6Imv5ZOB77yI5aSW566x44Gu44G/77yJ44CRTVNaLUJYVjIyMTZb5qiZ5rqW5Y+W5LuY5bel5LqL6LK76L68Xe+8muODk+ODg+OCr+OCq+ODoeODqealveWkqeW4guWgtOW6lw==,44CQ5qiZ5rqW5bel5LqL6LK7MTA1ODTlhoYo56iO6L68KeOBjOOCu+ODg+ODiO+8geOAkSDkuInoj7Eg44CQ44Ki44Km44OI44Os44OD44OI5ZOB44CR44GK44KC44GrNueVs+eUqOOAgOOAgOOCqOOCouOCs+ODsyDvvIjlhrfmiL/mmYI2772eOeeVs++8j+aaluaIv+aZgjbvvZ4355Wz77yJ44CM6Zyn44O25bOwIEJYVuOCt+ODquODvOOCuuOAjeOAgE1TWi1CWFYyMjE2LVcg44CQ44OV44Kj44Or44K/44O86Ieq5YuV44GK5o6D6Zmk5qmf6IO95LuY44CR44CQ5aSW6KOF5LiN6Imv5ZOB77yI5aSW566x44Gu44G/77yJ44CRTVNaLUJYVjIyMTZb5qiZ5rqW5Y+W5LuY5bel5LqL6LK76L68XQ==,44CQ5qiZ5rqW5bel5LqL6LK7MTA1ODTlhoYo56iO6L68KeOBjOOCu+ODg+ODiO+8geOAkSDkuInoj7Eg44CQ44Ki44Km44OI44Os44OD44OI5ZOB44CR44GK44KC44GrNueVs+eUqOOAgOOAgOOCqOOCouOCs+ODsyDvvIjlhrfmiL/mmYI2772eOeeVs++8j+aaluaIv+aZgjbvvZ4355Wz77yJ44CM6Zyn44O25bOwIEJYVuOCt+ODquODvOOCuuOAjeOAgE1TWi1CWFYyMjE2LVcg44CQ44OV44Kj44Or44K/44O86Ieq5YuV44GK5o6D6Zmk5qmf6IO95LuY44CR44CQ5aSW6KOF5LiN6Imv5ZOB77yI5aSW566x44Gu44G/77yJ44CRTVNaLUJYVjIyMTZb5qiZ5rqW5Y+W5LuY5bel5LqL6LK76L68XQ==[rn]
37-97114,aHR0cDovL3RzaG9wLnIxMHMuanAvYmljY2FtZXJhL2NhYmluZXQvcHJvZHVjdC8xNjExLzAwMDAwMDAzMTA2NTA5X2EwMS5qcGc/Zml0aW49NzAwOjcwMA==,MTE4NjI3LjIwMDA=,,5a626Zu7ID4g5a2j56+A44O756m66Kq/5a626Zu7ID4g44Ko44Ki44Kz44OzID4g44Ko44Ki44Kz44Oz,44CQ5qiZ5rqW5bel5LqL6LK7MTU2NjDlhoYo56iO6L68KeOBjOOCu+ODg+ODiO+8geOAkSDml6Xnq4sg44CQ44Ki44Km44OI44Os44OD44OI5ZOB44CR44Ko44Ki44Kz44Oz77yI5Ya35oi/5pmCMTHvvZ4xN+eVs++8j+aaluaIv+aZgjEx772eMTTnlbPvvInjgIznmb3jgY/jgb7jgY/jgpMgReOCt+ODquODvOOCuuOAjeOAgFJBUy1FNDBFMi1XIOOAkOODleOCo+ODq+OCv+ODvOiHquWLleOBiuaOg+mZpOapn+iDveS7mOOAkeOAkOeUn+eUo+WujOS6huWTgeOAkVtSQVNFNDBFMl3jgJBrazluMGQxOHDjgJFb5qiZ5rqW5Y+W5LuY5bel5LqL6LK76L68XQ==,,PGRpdiBzdHlsZT0nbWFyZ2luOjBweCBhdXRvO3RleHQtYWxpZ246Y2VudGVyOyc+PGEgdGFyZ2V0PSdfYmxhbmsnIGhyZWY9J2h0dHA6Ly93d3cucmFrdXRlbi5uZS5qcC9nb2xkL2JpY2NhbWVyYS9ucy9wYWdlL2luZm8vYWlyY29uL2luZGV4Lmh0bWwnPjxpbWcgc3JjPSdodHRwOi8vaW1hZ2UucmFrdXRlbi5jby5qcC9iaWNjYW1lcmEvY2FiaW5ldC9ucy9pbmZvL2FpcmNvbi5naWYnIGJvcmRlcj0nMCcgdnNwYWNlPSc1Jz48L2E+PGJyPjxmb250IHNpemU9Jy0xJz7ml6XmnKzlhajlm73jgIHphY3pgIHjg7voqK3nva7jgpLjgYrmib/jgoroh7TjgZfjgb7jgZnjgILvvIjigLvkuIDpg6jlnLDln5/jgpLpmaTjgY/vvIk8YnI+4oC76YWN6YCB5pmC6ZaT44Gu5oyH5a6a44Gv44GK5om/44KK44Gn44GN44G+44Gb44KT44CCPC9mb250PjwvZGl2Pjxicj48aW1nIGFsdD0n44GU5rOo5paH44GL44KJ44GK5bGK44GR44O76Kit572u44G+44Gn44Gu5rWB44KMJyBzcmM9J2h0dHA6Ly9pbWFnZS5yYWt1dGVuLmNvLmpwL2JpY2NhbWVyYS9jYWJpbmV0L25zL2luZm8vc2V0dXAuZ2lmJz48YnI+4pagPGI+44CM44GP44KJ44GX44Kr44Oh44OpIEbjgI0g44Gn5b+r6YGp77yG56+A6Zu7PC9iPjxCUj7jgIDvvLtlY2/jgZPjgozjgaPjgY3jgorvvL3jg5zjgr/jg7PjgpLmirzjgZnjgaDjgZHjgafjgIHkurrjga7mlbDjgoTkvY3nva7jgIHli5XjgY3jgarjganjgpLvvLvjgY/jgonjgZfjgqvjg6Hjg6kgRu+8veOBjOOCreODo+ODg+ODgeOBl+OAgea4qeW6puOChOmiqOWQkeODu+miqOmHj+OCkuOCs+ODs+ODiOODreODvOODq+OBl+OBvuOBmeOAgjxCUj48QlI+4pagPGI+5pel56uL54us6IeqIOOAjOOCueODhuODs+ODrOOCueODu+OCr+ODquODvOODsyDjgrfjgrnjg4bjg6DjgI08L2I+PEJSPuOAgOaZruauteaJi+WFpeOCjOOBruOBl+OBq+OBj+OBhOOCqOOCouOCs+ODs+WGhemDqOOBrua4hea9lOOBleOBq+OBk+OBoOOCj+OCiuOAgemAmumiqOi3r+OChOODleODqeODg+ODl+OAgeODleOCo+ODq+OCv+ODvOOBq+OAgemZpOiPjOWKueaenOOBjOOBguOCi+OCueODhuODs+ODrOOCueOCkuS9v+eUqOOBl+OBn+aXpeeri+eLrOiHqu+8u+OCueODhuODs+ODrOOCueODu+OCr+ODquODvOODsyDjgrfjgrnjg4bjg6DvvL3jgpLmjqHnlKjjgILjgZfjgYvjgoLjgIHjg5XjgqPjg6vjgr/jg7zoh6rli5XjgYrmjoPpmaTjgafjgYrmiYvlhaXjgozjg6njgq/jg6njgq/jgII8QlI+PEJSPuKWoDxiPuOAjOOCq+ODqeODg+OBqOmZpOa5v+OAjSDjg7vlgaXlurflhrfmiL8g44CM5ra85b+r44CNIOaQrei8iTwvYj48QlI+44CA44O777y744Kr44Op44OD44Go6Zmk5rm/77y977yaIOWGjeeGseaWueW8j+OBp+Wto+evgOOBq+WQiOOCj+OBm+OBpuS+v+WIqeOBq+S9v+OBiOOCi+OAguWvkuOBj+OBquOCieOBquOBhOW/q+mBqemZpOa5v+OAgjxCUj7jgIDjg7vlgaXlurflhrfmiL/vvLvmtrzlv6vvvL3vvJog5rm/5bqm44KS6Ieq5YuV44Gn44Kz44Oz44OI44Ot44O844Or44GX44Gm44CB5Ya344KE44GX44GZ44GO44Ga44CB44GV44KP44KE44GL44Gq5ra844GX44GV44KS44GK5bGK44GR44GX44G+44GZ44CCPEJSPjxCUj48Yj7jgJDnlJ/nlKPlrozkuoblk4HjgJE8L2I+PEJSPuWVhuWTgeacrOS9k+OBr+acquS9v+eUqOOBruaWsOWTgeOBp+OBmeOAgjxCUj48QlI+44Oh44O844Kr44O844Gr44Gm55Sf55Sj44GM5a6M5LqG44GX44Gf5pen44Oi44OH44Or44Gn44GZ44CCPEJSPjxCUj7llYblk4HjgavjgojjgorjgIHlo7LjgorliIfjgozlvozjga/lho3lhaXojbfjgYznhKHjgYTloLTlkIjjgoLjgYLjgorjgb7jgZnjgII8QlI+44GT44Gu5ZWG5ZOB44GM5LiH5LiA5Yid5pyf5LiN6Imv44Gn5byK56S+5Zyo5bqr44GM44Gq44GE5aC05ZCI44CB6L+U5ZOB5a++5b+c44KC44GX44GP44Gv44Oh44O844Kr44O85L+u55CG5a++5b+c44Gr44Gq44KK44G+44GZ44CCPGI+4oC744GT44Gh44KJ44Gu5ZWG5ZOB44Gv44CBPGZvbnQgY29sb3I9cmVkPuWVhuWTgeOBruOBiuWxiuOBkeaXpeOBqOW3peS6i+aXpeOBjOWIpeOAheOBruaJi+mFjeOBqOOBquOCi+WgtOWQiOOBjOOBlOOBluOBhOOBvuOBmeOAgjwvZm9udD7kuojjgoHjgZTkuobmib/jgY/jgaDjgZXjgYTjgII8L2I+PGRpdiBpZD0nc3AxNSc+PHRhYmxlIGJnY29sb3I9JyNGRkZGRkYnIGJvcmRlcj0nMCcgY2VsbHBhZGRpbmc9JzAnIGNlbGxzcGFjaW5nPScyJz48dHI+PHRkIGNsYXNzPSdzdWJ0aXRsZScgY29sc3Bhbj0nMic+5qmf6IO96aCF55uuPC90ZD48L3RyPjx0cj48dGQgY2xhc3M9J3N0aXRsZSc+55yB44Ko44ON5Z+65rqW6YGU5oiQ546HPC90ZD48dGQgY2xhc3M9J3NkYXRhJz4xMDjvvIU8L3RkPjwvdHI+PHRyPjx0ZCBjbGFzcz0nc3RpdGxlJz7mnJ/plpPmtojosrvpm7vlipvph4/vvIhKSVMgQyA5NjEy77yaMjAwNe+8iTwvdGQ+PHRkIGNsYXNzPSdzZGF0YSc+MTUxMmtXaDwvdGQ+PC90cj48dHI+PHRkIGNsYXNzPSdzdGl0bGUnPuacn+mWk+a2iOiyu+mbu+WKm+mHj++8iEpJUyBDIDk2MTLvvJoyMDEz77yJPC90ZD48dGQgY2xhc3M9J3NkYXRhJz4xNDI4a1doPC90ZD48L3RyPjx0cj48dGQgY2xhc3M9J3N0aXRsZSc+5bm06ZaT6Zu75rCX5Luj55uu5a6JPC90ZD48dGQgY2xhc3M9J3NkYXRhJz7ntIQ0MDgwMOWGhjwvdGQ+PC90cj48dHI+PHRkIGNsYXNzPSdzdGl0bGUnPkFQRu+8iEpJUyBDIDk2MTLvvJoyMDA177yJPC90ZD48dGQgY2xhc3M9J3NkYXRhJz41LjM8L3RkPjwvdHI+PHRyPjx0ZCBjbGFzcz0nc3RpdGxlJz7nnIHjgqjjg43mgKfog73vvIjimIXvvZ7imIXimIXimIXimIXimIXvvIk8L3RkPjx0ZCBjbGFzcz0nc2RhdGEnPuKYheKYheKYheKYhuKYhjwvdGQ+PC90cj48dHI+PHRkIGNsYXNzPSdzdGl0bGUnPuiJsjwvdGQ+PHRkIGNsYXNzPSdzZGF0YSc+77yIV++8ieOCr+ODquOCouODm+ODr+OCpOODiDwvdGQ+PC90cj48dHI+PHRkIGNsYXNzPSdzdGl0bGUnPuWupOWGheapn+OCteOCpOOCuu+8iOmrmOOBlcOX5bmFw5flpaXooYzvvIk8L3RkPjx0ZCBjbGFzcz0nc2RhdGEnPjI5NcOXNzk4w5czNTBtbTwvdGQ+PC90cj48dHI+PHRkIGNsYXNzPSdzdGl0bGUnPuWupOWkluapn+OCteOCpOOCuu+8iOmrmOOBlcOX5bmFw5flpaXooYzvvIk8L3RkPjx0ZCBjbGFzcz0nc2RhdGEnPjcxNMOXODU577yI77yLNjnvvInDlzMwOe+8iO+8izUx77yJbW08L3RkPjwvdHI+PHRyPjx0ZCBjbGFzcz0nc3RpdGxlJz7mnKzkvZPph43ph4/vvIjlrqTlhoXmqZ8v5a6k5aSW5qmf77yJPC90ZD48dGQgY2xhc3M9J3NkYXRhJz4xMy4wa2cvMzcuMGtnPC90ZD48L3RyPjx0cj48dGQgY2xhc3M9J3N0aXRsZSc+5a++5b+c55Wz5pWw77yI5pqW5oi/5pmC77yJPC90ZD48dGQgY2xhc3M9J3NkYXRhJz4xMe+9njE055WzPC90ZD48L3RyPjx0cj48dGQgY2xhc3M9J3N0aXRsZSc+5pqW5oi/6IO95YqbPC90ZD48dGQgY2xhc3M9J3NkYXRhJz43LjFrVzwvdGQ+PC90cj48dHI+PHRkIGNsYXNzPSdzdGl0bGUnPuS9jua4qeaaluaIv+iDveWKm++8iOWkluawlzLihIPvvIk8L3RkPjx0ZCBjbGFzcz0nc2RhdGEnPjUuOGtXPC90ZD48L3RyPjx0cj48dGQgY2xhc3M9J3N0aXRsZSc+5pqW5oi/5pmC5raI6LK76Zu75YqbPC90ZD48dGQgY2xhc3M9J3NkYXRhJz4xMzEwVygxOTXvvZ4yOTcwVyk8L3RkPjwvdHI+PHRyPjx0ZCBjbGFzcz0nc3RpdGxlJz7mmpbmiL/mmYLpgYvou6Lpn7PvvIjlrqTlhoXmqZ8v5a6k5aSW5qmf77yJPC90ZD48dGQgY2xhc3M9J3NkYXRhJz42Ny82MmRCPC90ZD48L3RyPjx0cj48dGQgY2xhc3M9J3N0aXRsZSc+5a++5b+c55Wz5pWw77yI5Ya35oi/5pmC77yJPC90ZD48dGQgY2xhc3M9J3NkYXRhJz4xMe+9njE355WzPC90ZD48L3RyPjx0cj48dGQgY2xhc3M9J3N0aXRsZSc+5Ya35oi/6IO95YqbPC90ZD48dGQgY2xhc3M9J3NkYXRhJz40LjBrVzwvdGQ+PC90cj48dHI+PHRkIGNsYXNzPSdzdGl0bGUnPuWGt+aIv+aZgua2iOiyu+mbu+WKmzwvdGQ+PHRkIGNsYXNzPSdzZGF0YSc+MTIzMFcg77yIMTkw772eMTY1MFfvvIk8L3RkPjwvdHI+PHRyPjx0ZCBjbGFzcz0nc3RpdGxlJz7lhrfmiL/mmYLpgYvou6Lpn7PvvIjlrqTlhoXmqZ8v5a6k5aSW5qmf77yJPC90ZD48dGQgY2xhc3M9J3NkYXRhJz42Ny82MWRCPC90ZD48L3RyPjx0cj48dGQgY2xhc3M9J3N0aXRsZSc+6Zu75rqQPC90ZD48dGQgY2xhc3M9J3NkYXRhJz7ljZjnm7gyMDBW44O7MTVBPC90ZD48L3RyPjx0cj48dGQgY2xhc3M9J3N0aXRsZSc+44OV44Kj44Or44K/44O86Ieq5YuV44GK5o6D6ZmkPC90ZD48dGQgY2xhc3M9J3NkYXRhJz7mnIkg77yI44OA44K544OI44Oc44OD44Kv44K55pa55byP77yJPC90ZD48L3RyPjx0cj48dGQgY2xhc3M9J3N0aXRsZSc+44K744Oz44K144O85qmf6IO9PC90ZD48dGQgY2xhc3M9J3NkYXRhJz7mnIkg77yI44GP44KJ44GX44Kr44Oh44OpIEbvvIk8L3RkPjwvdHI+PHRyPjx0ZCBjbGFzcz0nc3RpdGxlJz7lr5LjgY/jgarjgonjgarjgYTlv6vpganpmaTmub/mqZ/og708L3RkPjx0ZCBjbGFzcz0nc2RhdGEnPuaciSDvvIjlho3nhrHpmaTmub/vvIk8L3RkPjwvdHI+PHRyPjx0ZCBjbGFzcz0nc3RpdGxlJz7nqbrmsJfmuIXmtYTmqZ/og708L3RkPjx0ZCBjbGFzcz0nc2RhdGEnPi08L3RkPjwvdHI+PHRyPjx0ZCBjbGFzcz0nc3RpdGxlJz7jgrnjg57jg7zjg4jjg5Xjgqnjg7Plr77lv5w8L3RkPjx0ZCBjbGFzcz0nc2RhdGEnPuWvvuW/nCDvvIjliKXpgJTjgqLjg4Djg5fjgr/jg7znrYnjgYzlv4XopoHvvIk8L3RkPjwvdHI+PHRyPjx0ZCBjbGFzcz0nc3RpdGxlJz7liqDmub/mqZ/og708L3RkPjx0ZCBjbGFzcz0nc2RhdGEnPi08L3RkPjwvdHI+PC90YWJsZT48L2Rpdj4=,44CQ5qiZ5rqW5bel5LqL6LK7MTU2NjDlhoYo56iO6L68KeOBjOOCu+ODg+ODiO+8geOAkSDml6Xnq4sg44CQ44Ki44Km44OI44Os44OD44OI5ZOB44CR44Ko44Ki44Kz44Oz77yI5Ya35oi/5pmCMTHvvZ4xN+eVs++8j+aaluaIv+aZgjEx772eMTTnlbPvvInjgIznmb3jgY/jgb7jgY/jgpMgReOCt+ODquODvOOCuuOAjeOAgFJBUy1FNDBFMi1XIOOAkOODleOCo+ODq+OCv+ODvOiHquWLleOBiuaOg+mZpOapn+iDveS7mOOAkeOAkOeUn+eUo+WujOS6huWTgeOAkVtSQVNFNDBFMl3jgJBrazluMGQxOHDjgJFb5qiZ5rqW5Y+W5LuY5bel5LqL6LK76L68Xe+8muODk+ODg+OCr+OCq+ODoeODqealveWkqeW4guWgtOW6lw==,44CQ5qiZ5rqW5bel5LqL6LK7MTU2NjDlhoYo56iO6L68KeOBjOOCu+ODg+ODiO+8geOAkSDml6Xnq4sg44CQ44Ki44Km44OI44Os44OD44OI5ZOB44CR44Ko44Ki44Kz44Oz77yI5Ya35oi/5pmCMTHvvZ4xN+eVs++8j+aaluaIv+aZgjEx772eMTTnlbPvvInjgIznmb3jgY/jgb7jgY/jgpMgReOCt+ODquODvOOCuuOAjeOAgFJBUy1FNDBFMi1XIOOAkOODleOCo+ODq+OCv+ODvOiHquWLleOBiuaOg+mZpOapn+iDveS7mOOAkeOAkOeUn+eUo+WujOS6huWTgeOAkVtSQVNFNDBFMl3jgJBrazluMGQxOHDjgJFb5qiZ5rqW5Y+W5LuY5bel5LqL6LK76L68XQ==,44CQ5qiZ5rqW5bel5LqL6LK7MTU2NjDlhoYo56iO6L68KeOBjOOCu+ODg+ODiO+8geOAkSDml6Xnq4sg44CQ44Ki44Km44OI44Os44OD44OI5ZOB44CR44Ko44Ki44Kz44Oz77yI5Ya35oi/5pmCMTHvvZ4xN+eVs++8j+aaluaIv+aZgjEx772eMTTnlbPvvInjgIznmb3jgY/jgb7jgY/jgpMgReOCt+ODquODvOOCuuOAjeOAgFJBUy1FNDBFMi1XIOOAkOODleOCo+ODq+OCv+ODvOiHquWLleOBiuaOg+mZpOapn+iDveS7mOOAkeOAkOeUn+eUo+WujOS6huWTgeOAkVtSQVNFNDBFMl3jgJBrazluMGQxOHDjgJFb5qiZ5rqW5Y+W5LuY5bel5LqL6LK76L68XQ==[rn]
37-97115,aHR0cDovL3RzaG9wLnIxMHMuanAvYmljY2FtZXJhL2NhYmluZXQvcHJvZHVjdC8yMTc4LzAwMDAwMDAzMzgzMjIzX2EwMS5qcGc/Zml0aW49NzAwOjcwMA==,MTE2MDM1LjIwMDA=,,5a626Zu7ID4g5a2j56+A44O756m66Kq/5a626Zu7ID4g44Ko44Ki44Kz44OzID4g44Ko44Ki44Kz44Oz,44CQ5qiZ5rqW5bel5LqL6LK7MTU2NjDlhoYo56iO6L68KeOBjOOCu+ODg+ODiO+8geOAkSDjgrfjg6Pjg7zjg5cg44CQ44Ki44Km44OI44Os44OD44OI5ZOB44CR44Ko44Ki44Kz44OzIO+8iOWGt+aIv+aZgjE1772eMjPnlbPvvI/mmpbmiL/mmYIxNe+9njE455Wz77yJ44CMREjjgrfjg6rjg7zjgrrjgI3jgIBBWS1GNTZESDLjgJDjg5fjg6njgrrjg57jgq/jg6njgrnjgr/jg7w3MDAw5pCt6LyJ44CR44CQ5aSW6KOF5LiN6Imv5ZOB77yI5aSW566x44Gu44G/77yJ44CRQVktRjU2REgyW+aomea6luWPluS7mOW3peS6i+iyu+i+vF0=,,PGRpdiBzdHlsZT0nbWFyZ2luOjBweCBhdXRvO3RleHQtYWxpZ246Y2VudGVyOyc+PGEgdGFyZ2V0PSdfYmxhbmsnIGhyZWY9J2h0dHA6Ly93d3cucmFrdXRlbi5uZS5qcC9nb2xkL2JpY2NhbWVyYS9ucy9wYWdlL2luZm8vYWlyY29uL2luZGV4Lmh0bWwnPjxpbWcgc3JjPSdodHRwOi8vaW1hZ2UucmFrdXRlbi5jby5qcC9iaWNjYW1lcmEvY2FiaW5ldC9ucy9pbmZvL2FpcmNvbi5naWYnIGJvcmRlcj0nMCcgdnNwYWNlPSc1Jz48L2E+PGJyPjxmb250IHNpemU9Jy0xJz7ml6XmnKzlhajlm73jgIHphY3pgIHjg7voqK3nva7jgpLjgYrmib/jgoroh7TjgZfjgb7jgZnjgILvvIjigLvkuIDpg6jlnLDln5/jgpLpmaTjgY/vvIk8YnI+4oC76YWN6YCB5pmC6ZaT44Gu5oyH5a6a44Gv44GK5om/44KK44Gn44GN44G+44Gb44KT44CCPC9mb250PjwvZGl2Pjxicj48aW1nIGFsdD0n44GU5rOo5paH44GL44KJ44GK5bGK44GR44O76Kit572u44G+44Gn44Gu5rWB44KMJyBzcmM9J2h0dHA6Ly9pbWFnZS5yYWt1dGVuLmNvLmpwL2JpY2NhbWVyYS9jYWJpbmV0L25zL2luZm8vc2V0dXAuZ2lmJz48YnI+PGI+56K644GL44GqIOOAjOepuuawl+a1hOWMluWKm+OAjeOAguODl+ODqeOCuuODnuOCr+ODqeOCueOCv+ODvOOBr+OAgeOCt+ODo+ODvOODl+OBoOOBkeOAgjwvYj48QlI+PEJSPuKWoDxiPumrmOa/g+W6puODl+ODqeOCuuODnuOCr+ODqeOCueOCv+ODvDcwMDDmkK3ovIk8L2I+PEJSPuOAgOODl+ODqeOCuuODnuOCr+ODqeOCueOCv+ODvOOCpOOCquODs+OBp+OBiumDqOWxi+OBruepuuawl+OCkuOCreODrOOCpOOBq+OBl+OBvuOBmeOAgua2iOiHreWKueaenOOCguOBguOCiuOBvuOBmeOAgjxCUj48QlI+4pagPGI+44Ko44Ki44Kz44Oz5YaF6YOo44Gu5rm/5bqm44KS5Y+W44KL44CB5YaF6YOo5riF5rWEIO+8iOmAgemiqOi3ry/pgIHpoqjjg5XjgqHjg7Mv54ax5Lqk5o+b5Zmo77y744Ki44Or44Of44OV44Kj44Oz77y977yJPC9iPjxCUj7jgIDpgIHpoqjjgb7jgZ/jga/mmpbmiL/vvIjkub7nh6XvvInpgYvou6LjgafjgIHlrqTlhoXmqZ/lhoXpg6jjgpLkub7jgYvjgZfjgIHlkIzmmYLjgavjg5fjg6njgrrjg57jgq/jg6njgrnjgr/jg7zjgqTjgqrjg7PjgpLlrqTlhoXmqZ/lhoXpg6jjgavpgIHjgorjgb7jgZnjgII8QlI+PEJSPuKWoDxiPuaxmuOCjOOCkua0l+OBhOa1geOBmeOAgeeGseS6pOaPm+WZqOOCr+ODquODvOODi+ODs+OCsDwvYj48QlI+44CA5pyJ5qmf57O76Kaq5rC05oCn44Kz44O844OI44KS44CB54ax5Lqk5o+b5Zmo44Gu44Ki44Or44Of44OV44Kj44Oz6KGo6Z2i44Gr44Kz44O844OG44Kj44Oz44Kw44CC5Ya35oi/5pmC44Go6Zmk5rm/5pmC44Gv44OJ44Os44Oz5rC044Gn44CB54ax5Lqk5o+b5Zmo44Gr44Gk44GE44Gf5rGa44KM44KS5rWu44GL44Gb44Gm44CB44OJ44Os44Oz5rC044Go44Go44KC44Gr5a6k5aSW44G45rSX44GE5rWB44GX44G+44GZ44CCPEJSPjxCUj7ilqA8Yj7lsLHlr53mmYLjga7lhrfjgYjjgZnjgY7jgpLmipHjgYjjgovjgIHjgZnjgZPjgoTjgYvjgrfjg6Pjg6/jg7zmsJfmtYE8L2I+PEJSPuOAgOS9k+OBq+ebtOaOpeOBguOBn+OCi+miqOOCkuaKkeOBiOOCi+OBruOBp+OAgeOBiuOChOOBmeOBv+aZguOCguOAgeWGt+OBiOOBmeOBjuOCkuaKkeOBiOOAgeW/q+ecoOOCkuOCteODneODvOODiOOBl+OBvuOBmeOAgjxCUj48QlI+4pagPGI+6aKo44KS44GX44Gj44GL44KK5Yi25b6h44GX44CB6IKM5a+S44GV44KS5oqR44GI44KL44Kz44Ki44Oz44OA6Zmk5rm/PC9iPjxCUj7jgIDpmaTmub/pgYvou6LmmYLjga7lhrfpoqjjgpLlpKnkupXpnaLjgavlkLnjgY3kuIrjgZLjgIHpoqjjgYzkvZPjgavjgYLjgZ/jgonjgarjgYTjgojjgYbjgavjgZfjgb7jgZnjgILvvIjlho3nhrHpmaTmub/jgafjga/jgYLjgorjgb7jgZvjgpPjgILlrqTmuKnjga7kvY7kuIvjgYzjgYLjgorjgb7jgZnvvIk8QlI+PEJSPuKWoDxiPuaWsOWGt+WqklIzMuOCkuaOoeeUqDwvYj48QlI+44CA5b6T5p2l44Gu5Ya35aqSUjQxMEHjgavmr5TjgbnjgabjgIHlnLDnkIPmuKnmmpbljJbkv4LmlbDjgYzntIQxLzPjga7mlrDlhrflqpJSMzLjgpLmjqHnlKjjgZfjgIHnkrDlooPmgKfog73jgpLpq5jjgoHjgb7jgZfjgZ/jgII8QlI+PEJSPuOAkOWkluijheS4jeiJr+WTgeOAkTxCUj7llYblk4HmnKzkvZPjga/mnKrkvb/nlKjjga7mlrDlk4HjgafjgZnjgII8QlI+566x77yI44OA44Oz44Oc44O844Or566x44KE5YyW57Kn566x77yJ44Gr44K544Os44KE44Kt44K644GM44GC44KK44G+44GZ77yI44KE44KE56C044KM44Gu5aC05ZCI44KC44GC44KK44G+44GZ77yJ44CCPEJSPuOBlOiHqui6q+OBq+OBpuOBlOS9v+eUqOOBruWgtOWQiOOBq+OBiuOBmeOBmeOCgeOBquWVhuWTgeOBp+OBmeOAgjxkaXYgaWQ9J3NwMTUnPjx0YWJsZSBiZ2NvbG9yPScjRkZGRkZGJyBib3JkZXI9JzAnIGNlbGxwYWRkaW5nPScwJyBjZWxsc3BhY2luZz0nMic+PHRyPjx0ZCBjbGFzcz0nc3VidGl0bGUnIGNvbHNwYW49JzInPuapn+iDvemgheebrjwvdGQ+PC90cj48dHI+PHRkIGNsYXNzPSdzdGl0bGUnPuecgeOCqOODjeWfuua6lumBlOaIkOeOhzwvdGQ+PHRkIGNsYXNzPSdzZGF0YSc+MTAw77yFPC90ZD48L3RyPjx0cj48dGQgY2xhc3M9J3N0aXRsZSc+5pyf6ZaT5raI6LK76Zu75Yqb6YeP77yISklTIEMgOTYxMu+8mjIwMTPvvIk8L3RkPjx0ZCBjbGFzcz0nc2RhdGEnPjIxMTgga1doPC90ZD48L3RyPjx0cj48dGQgY2xhc3M9J3N0aXRsZSc+QVBG77yISklTIEMgOTYxMu+8mjIwMDXvvIk8L3RkPjx0ZCBjbGFzcz0nc2RhdGEnPjUuMDwvdGQ+PC90cj48dHI+PHRkIGNsYXNzPSdzdGl0bGUnPuecgeOCqOODjeaAp+iDve+8iOKYhe+9nuKYheKYheKYheKYheKYhe+8iTwvdGQ+PHRkIGNsYXNzPSdzZGF0YSc+4piF4piF4piG4piG4piGPC90ZD48L3RyPjx0cj48dGQgY2xhc3M9J3N0aXRsZSc+6ImyPC90ZD48dGQgY2xhc3M9J3NkYXRhJz7vvIhX77yJ44Ob44Ov44Kk44OIPC90ZD48L3RyPjx0cj48dGQgY2xhc3M9J3N0aXRsZSc+5a6k5YaF5qmf44K144Kk44K677yI6auY44GVw5fluYXDl+WlpeihjO+8iTwvdGQ+PHRkIGNsYXNzPSdzZGF0YSc+MjYww5c3NzDDlzI1NCBtbTwvdGQ+PC90cj48dHI+PHRkIGNsYXNzPSdzdGl0bGUnPuaaluaIv+iDveWKmzwvdGQ+PHRkIGNsYXNzPSdzZGF0YSc+Ni43a1c8L3RkPjwvdHI+PHRyPjx0ZCBjbGFzcz0nc3RpdGxlJz7kvY7muKnmmpbmiL/og73lipvvvIjlpJbmsJcy4oSD77yJPC90ZD48dGQgY2xhc3M9J3NkYXRhJz42LjNrVzwvdGQ+PC90cj48dHI+PHRkIGNsYXNzPSdzdGl0bGUnPuaaluaIv+aZgua2iOiyu+mbu+WKmzwvdGQ+PHRkIGNsYXNzPSdzZGF0YSc+MTkwMFcoMTQw772eMjk0MCk8L3RkPjwvdHI+PHRyPjx0ZCBjbGFzcz0nc3RpdGxlJz7mmpbmiL/mmYLpgYvou6Lpn7PvvIjlrqTlhoXmqZ8v5a6k5aSW5qmf77yJPC90ZD48dGQgY2xhc3M9J3NkYXRhJz42Ni82NjwvdGQ+PC90cj48dHI+PHRkIGNsYXNzPSdzdGl0bGUnPuWvvuW/nOeVs+aVsO+8iOWGt+aIv+aZgu+8iTwvdGQ+PHRkIGNsYXNzPSdzZGF0YSc+MTXvvZ4yM+eVszwvdGQ+PC90cj48dHI+PHRkIGNsYXNzPSdzdGl0bGUnPuWGt+aIv+iDveWKmzwvdGQ+PHRkIGNsYXNzPSdzZGF0YSc+NS42a1c8L3RkPjwvdHI+PHRyPjx0ZCBjbGFzcz0nc3RpdGxlJz7lhrfmiL/mmYLmtojosrvpm7vlips8L3RkPjx0ZCBjbGFzcz0nc2RhdGEnPjIyNTBXKDE0MO+9njIyODApPC90ZD48L3RyPjx0cj48dGQgY2xhc3M9J3N0aXRsZSc+5Ya35oi/5pmC6YGL6Lui6Z+z77yI5a6k5YaF5qmfL+WupOWkluapn++8iTwvdGQ+PHRkIGNsYXNzPSdzZGF0YSc+NjUvNjY8L3RkPjwvdHI+PHRyPjx0ZCBjbGFzcz0nc3RpdGxlJz7pm7vmupA8L3RkPjx0ZCBjbGFzcz0nc2RhdGEnPuWNmOebuDIwMFbjg7sxNUE8L3RkPjwvdHI+PHRyPjx0ZCBjbGFzcz0nc3RpdGxlJz7phY3nrqHlvoTvvIjmtrLlgbQv44Ks44K55YG077yJPC90ZD48dGQgY2xhc3M9J3NkYXRhJz7OpjYuMzUvOS41Mm1tPC90ZD48L3RyPjx0cj48dGQgY2xhc3M9J3N0aXRsZSc+44OV44Kj44Or44K/44O86Ieq5YuV44GK5o6D6ZmkPC90ZD48dGQgY2xhc3M9J3NkYXRhJz4tPC90ZD48L3RyPjx0cj48dGQgY2xhc3M9J3N0aXRsZSc+44K744Oz44K144O85qmf6IO9PC90ZD48dGQgY2xhc3M9J3NkYXRhJz4tPC90ZD48L3RyPjx0cj48dGQgY2xhc3M9J3N0aXRsZSc+44Kk44Kq44Oz44O744Of44K544OI44Gq44GpPC90ZD48dGQgY2xhc3M9J3NkYXRhJz7pq5jmv4Pluqbjg5fjg6njgrrjg57jgq/jg6njgrnjgr/jg7w3MDAwPC90ZD48L3RyPjx0cj48dGQgY2xhc3M9J3N0aXRsZSc+56m65rCX5riF5rWE5qmf6IO9PC90ZD48dGQgY2xhc3M9J3NkYXRhJz7mnIk8L3RkPjwvdHI+PHRyPjx0ZCBjbGFzcz0nc3RpdGxlJz7mlrDlhrflqpJSMzLlr77lv5w8L3RkPjx0ZCBjbGFzcz0nc2RhdGEnPuWvvuW/nDwvdGQ+PC90cj48dHI+PHRkIGNsYXNzPSdzdGl0bGUnPuOCueODnuODvOODiOODleOCqeODs+WvvuW/nDwvdGQ+PHRkIGNsYXNzPSdzZGF0YSc+5a++5b+cIO+8iOWIpemAlOOCouODgOODl+OCv+ODvOetieOBjOW/heimge+8iTwvdGQ+PC90cj48L3RhYmxlPjwvZGl2Pg==,44CQ5qiZ5rqW5bel5LqL6LK7MTU2NjDlhoYo56iO6L68KeOBjOOCu+ODg+ODiO+8geOAkSDjgrfjg6Pjg7zjg5cg44CQ44Ki44Km44OI44Os44OD44OI5ZOB44CR44Ko44Ki44Kz44OzIO+8iOWGt+aIv+aZgjE1772eMjPnlbPvvI/mmpbmiL/mmYIxNe+9njE455Wz77yJ44CMREjjgrfjg6rjg7zjgrrjgI3jgIBBWS1GNTZESDLjgJDjg5fjg6njgrrjg57jgq/jg6njgrnjgr/jg7w3MDAw5pCt6LyJ44CR44CQ5aSW6KOF5LiN6Imv5ZOB77yI5aSW566x44Gu44G/77yJ44CRQVktRjU2REgyW+aomea6luWPluS7mOW3peS6i+iyu+i+vF3vvJrjg5Pjg4Pjgq/jgqvjg6Hjg6nmpb3lpKnluILloLTlupc=,44CQ5qiZ5rqW5bel5LqL6LK7MTU2NjDlhoYo56iO6L68KeOBjOOCu+ODg+ODiO+8geOAkSDjgrfjg6Pjg7zjg5cg44CQ44Ki44Km44OI44Os44OD44OI5ZOB44CR44Ko44Ki44Kz44OzIO+8iOWGt+aIv+aZgjE1772eMjPnlbPvvI/mmpbmiL/mmYIxNe+9njE455Wz77yJ44CMREjjgrfjg6rjg7zjgrrjgI3jgIBBWS1GNTZESDLjgJDjg5fjg6njgrrjg57jgq/jg6njgrnjgr/jg7w3MDAw5pCt6LyJ44CR44CQ5aSW6KOF5LiN6Imv5ZOB77yI5aSW566x44Gu44G/77yJ44CRQVktRjU2REgyW+aomea6luWPluS7mOW3peS6i+iyu+i+vF0=,44CQ5qiZ5rqW5bel5LqL6LK7MTU2NjDlhoYo56iO6L68KeOBjOOCu+ODg+ODiO+8geOAkSDjgrfjg6Pjg7zjg5cg44CQ44Ki44Km44OI44Os44OD44OI5ZOB44CR44Ko44Ki44Kz44OzIO+8iOWGt+aIv+aZgjE1772eMjPnlbPvvI/mmpbmiL/mmYIxNe+9njE455Wz77yJ44CMREjjgrfjg6rjg7zjgrrjgI3jgIBBWS1GNTZESDLjgJDjg5fjg6njgrrjg57jgq/jg6njgrnjgr/jg7w3MDAw5pCt6LyJ44CR44CQ5aSW6KOF5LiN6Imv5ZOB77yI5aSW566x44Gu44G/77yJ44CRQVktRjU2REgyW+aomea6luWPluS7mOW3peS6i+iyu+i+vF0=[rn]
37-97116,aHR0cDovL3RzaG9wLnIxMHMuanAvYmljY2FtZXJhL2NhYmluZXQvcHJvZHVjdC8yMTM1LzAwMDAwMDAzMzUyNjEzX2EwMS5qcGc/Zml0aW49NzAwOjcwMA==,MTAzMzM0LjQwMDA=,,5a626Zu7ID4g5a2j56+A44O756m66Kq/5a626Zu7ID4g44Ko44Ki44Kz44OzID4g44Ko44Ki44Kz44Oz,44CQ5qiZ5rqW5bel5LqL6LK7MTA1ODTlhoYo56iO6L68KeOBjOOCu+ODg+ODiO+8geOAkSDjg4DjgqTjgq3jg7Mg6ZmQ5a6aM+WPsOOAkOOCouOCpuODiOODrOODg+ODiOWTgeOAkeOCqOOCouOCs+ODsyDvvIjlhrfmiL/mmYIxMO+9njE155Wz77yP5pqW5oi/5pmCOe+9njEy55Wz77yJ44CMRljjgrfjg6rjg7zjgrrjgI3jgIBTMzZUVEZYUyDjgJDjg5XjgqPjg6vjgr/jg7zoh6rli5XjgYrmjoPpmaTmqZ/og73ku5jjgJHjgJDlpJboo4XkuI3oia/lk4HvvIjlpJbnrrHjga7jgb/vvInjgJFTMzZUVEZYU1vmqJnmupblj5bku5jlt6Xkuovosrvovrxd,,PGRpdiBzdHlsZT0nbWFyZ2luOjBweCBhdXRvO3RleHQtYWxpZ246Y2VudGVyOyc+PGEgdGFyZ2V0PSdfYmxhbmsnIGhyZWY9J2h0dHA6Ly93d3cucmFrdXRlbi5uZS5qcC9nb2xkL2JpY2NhbWVyYS9ucy9wYWdlL2luZm8vYWlyY29uL2luZGV4Lmh0bWwnPjxpbWcgc3JjPSdodHRwOi8vaW1hZ2UucmFrdXRlbi5jby5qcC9iaWNjYW1lcmEvY2FiaW5ldC9ucy9pbmZvL2FpcmNvbi5naWYnIGJvcmRlcj0nMCcgdnNwYWNlPSc1Jz48L2E+PGJyPjxmb250IHNpemU9Jy0xJz7ml6XmnKzlhajlm73jgIHphY3pgIHjg7voqK3nva7jgpLjgYrmib/jgoroh7TjgZfjgb7jgZnjgILvvIjigLvkuIDpg6jlnLDln5/jgpLpmaTjgY/vvIk8YnI+4oC76YWN6YCB5pmC6ZaT44Gu5oyH5a6a44Gv44GK5om/44KK44Gn44GN44G+44Gb44KT44CCPC9mb250PjwvZGl2Pjxicj48aW1nIGFsdD0n44GU5rOo5paH44GL44KJ44GK5bGK44GR44O76Kit572u44G+44Gn44Gu5rWB44KMJyBzcmM9J2h0dHA6Ly9pbWFnZS5yYWt1dGVuLmNvLmpwL2JpY2NhbWVyYS9jYWJpbmV0L25zL2luZm8vc2V0dXAuZ2lmJz48YnI+PGI+5rCX5rWB44KS5aSp5LqV44Gr5rK/44KP44Gb5aWl44G+44Gn5bGK44GR44KL5qmf6IO955qE44Gq44OH44K244Kk44Oz44KS5o6h55So44CCPC9iPjxCUj48QlI+4pagPGI+6aKo44GM55u05o6l44GC44Gf44KK44Gr44GP44GE5b+r6YGp56m66Kq/44KS5a6f54++IOOAjOWkqeS6leawl+a1gSDvvIjpoqjjgarjgYTjgrnpgYvou6LvvInjgI08L2I+PEJSPuOAgOWQueOBjeWHuuOBl+OBn+awl+a1geOCkuS4iuaWueOBuOaMgeOBoeS4iuOBkuOCi+OAgeOCs+OCouODs+ODgOani+mAoOOBruWJjemdouODkeODjeODq+OCkuaOoeeUqOOAguawl+a1geOBr+OAgee0hDVt5YWI44G+44Gn5aSp5LqV44Gr5rK/44Gj44Gm5aWl44G45bqD44GM44KK44CB44Ko44Ki44Kz44Oz44Gu6aKo44KS55u05o6l44GL44KJ44Gg44Gr5oSf44GY44Gr44GP44GE5b+r6YGp56m66Kq/44KS44GK5bGK44GR44GX44G+44GZ44CC77yI44OV44Op44OD44OX5LiK5ZCR44GNIOWGt+aIv++8j+mZpOa5v+mBi+i7ouaZgu+8iTxCUj48QlI+4pagPGI+6Kit5a6a5rip5bqm44Gr5Yiw6YGU44GX44Gf44GC44Go44KC44CB5b+r6YGp44Gq5rip5bqm44O744GX44Gk44Gp44Gr44Kz44Oz44OI44Ot44O844OrIOOAjOODl+ODrOODn+OCouODoOWGt+aIv+OAjTwvYj48QlI+44CA44OA44Kk44Kt44Oz5YWI6YCy44Gu44GX44Gk44Gp5Yi25b6h5oqA6KGT44GoMC414oSD5Y2Y5L2N44Gu5rip5bqm5Yi25b6h5oqA6KGT44Gr44KI44KK44CB5Ya35oi/6YGL6Lui44KS5byx44KB44Gm44KC5b+r6YGp44Gq5rip5bqm44Go44GX44Gk44Gp44Gr5L+d44Gh44CB6JK444GX5pqR44GV44KS5oSf44GY44Gr44GP44GE44CB5b+r6YGp56m66Kq/44KS44GK5bGK44GR44GX44G+44GZ44CCPEJSPjxCUj7ilqA8Yj7lhrfjgoTjgZfpgY7jgY7mmpbjgoHpgY7jgY7jgpLmipHjgYjjgablv6vpganpgYvou6Ig44CM5b+r6YGp6Ieq5YuV6YGL6Lui44CNPC9iPjxCUj7jgIDlrqTlhoXjg7vlsYvlhoXmuKnluqbjgavlv5zjgZjjgabjgIHmuKnluqbjgoTpgYvou6Ljg6Ljg7zjg4njgpLoh6rli5XoqK3lrprjgILlhrfjgoTjgZfpgY7jgY7jgIHmmpbjgoHpgY7jgY7jgpLmipHjgYjjgarjgYzjgonjgIHlv6vpganpgYvou6LjgpLooYzjgYTjgb7jgZnjgII8QlI+PEJSPuKWoDxiPuWupOa4qeOBq+i/keOBpeOBkeOBpuW/q+mBqemZpOa5vyDjgIzjgZXjgonjgonpmaTmub/vvIjjg4/jgqTjg5bjg6rjg4Pjg4nmlrnlvI/vvInjgI08L2I+PEJSPuOAgOmZpOa5v+OBl+OBn+WGt+OBn+OBhOmiqOOCkuWupOWGheOBrua4qeOBvuOBo+OBn+epuuawl+OBqOS4gOe3kuOBq+mAgemiqOOBmeOCi+OBk+OBqOOBp+OAgeWupOa4qeOBq+i/keOBpeOBkeOBpumZpOa5v+OBl+OBvuOBmeOAgjxCUj48QlI+4pagPGI+44Gd44Gu5LuW44Gu54m56ZW3PC9iPjxCUj7jg7vjg5XjgqPjg6vjgr/jg7zjga7msZrjgozjgpLjg5bjg6njg4Pjgrfjg7PjgrDjgZfjgabjgZnjgaPjgY3jgoog44CM44OV44Kj44Or44K/44O86Ieq5YuV44GK5o6D6Zmk44CNPEJSPuODu+iSuOOBl+aakeOBhOWkj+OBp+OCguOAgeWKueeOh+OCiOOBj+WGt+aIvyDjgIzpq5jlpJbmsJfjgr/jg5Xjg43jgrnlhrfmiL/jgI08QlI+44O744GK6YOo5bGL5YWo5L2T44Gr44Ov44Kk44OJ44Gr5rCX5rWB44KS44GK5bGK44GRIOOAjOeri+S9k+awl+a1geOAje+8iOmiqOWQkeS4iuS4i+W3puWPs+ioreWumuaZgu+8iTxCUj7jg7vjgYrjgoTjgZnjgb/kuK3jgoLjgIHlv6vpganjgavnqbroqr/liLblvqEg44CM44GK44KE44GZ44G/6YGL6Lui44CNPEJSPuODu+WkluWHuuWFiOOBp+OCguOAgemBi+i7oueKtuaFi+OBrueiuuiqjeODu+aTjeS9nOOBjOaAneOBhOOBruOBvuOBviDjgIzjg4DjgqTjgq3jg7Mg44K544Oe44O844OI44Oq44Oi44O844OIIOOCs+ODs+ODiOODreODvOODq+OAje+8iOKAu+OCquODl+OCt+ODp+ODs+apn+iDve+8muWIpemAlOOCouODgOODl+OCv+ODvOetieOBjOW/heimgeOBp+OBme+8iTxCUj7jg7vjg4DjgqTjg6zjgq/jg4jjg5zjgr/jg7PjgafjgIHmk43kvZzmgKfjgqLjg4Pjg5cg44CM44GL44KT44Gf44KT44OA44Kk44Os44Kv44OI44Oq44Oi44Kz44Oz44CNPEJSPuODu+OCq+ODk+OBquOBqeOCkuaKkeOBiOOBpuOCreODrOOCpOOBq+OAgeODgOOCpOOCreODs+eLrOiHquOBriDjgIzjgrnjg4jjg6rjg7zjg57jgI0g5pCt6LyJPEJSPjxCUj48Yj7jgJDlpJboo4XkuI3oia/lk4HjgJE8L2I+PEJSPuWVhuWTgeacrOS9k+OBr+acquS9v+eUqOOBruaWsOWTgeOBp+OBmeOAgjxCUj48QlI+566x77yI44OA44Oz44Oc44O844Or566x44KE5YyW57Kn566x77yJ44Gr44K544Os44KE44Kt44K644GM44GC44KK44G+44GZ77yI44KE44KE56C044KM44Gu5aC05ZCI44KC44GC44KK44G+44GZ77yJ44CCPEJSPjxCUj7jgZToh6rouqvjgavjgabjgZTkvb/nlKjjga7loLTlkIjjgavjgYrjgZnjgZnjgoHjgarllYblk4HjgafjgZnjgII8QlI+44GT44Gu5ZWG5ZOB44GM5LiH5LiA5Yid5pyf5LiN6Imv44Gn5byK56S+5Zyo5bqr44GM44Gq44GE5aC05ZCI44CB6L+U5ZOB5a++5b+c44KC44GX44GP44Gv44Oh44O844Kr44O85L+u55CG5a++5b+c44Gr44Gq44KK44G+44GZ44CCPEJSPjxCUj48Yj7igLvjgZPjgaHjgonjga7llYblk4Hjga/jgIE8Zm9udCBjb2xvcj1yZWQ+5ZWG5ZOB44Gu44GK5bGK44GR5pel44Go5bel5LqL5pel44GM5Yil44CF44Gu5omL6YWN44Go44Gq44KL5aC05ZCI44GM44GU44GW44GE44G+44GZ44CCPC9mb250PuS6iOOCgeOBlOS6huaJv+OBj+OBoOOBleOBhOOAgjwvYj48ZGl2IGlkPSdzcDE1Jz48dGFibGUgYmdjb2xvcj0nI0ZGRkZGRicgYm9yZGVyPScwJyBjZWxscGFkZGluZz0nMCcgY2VsbHNwYWNpbmc9JzInPjx0cj48dGQgY2xhc3M9J3N1YnRpdGxlJyBjb2xzcGFuPScyJz7mqZ/og73poIXnm648L3RkPjwvdHI+PHRyPjx0ZCBjbGFzcz0nc3RpdGxlJz7nnIHjgqjjg43ln7rmupbpgZTmiJDnjoc8L3RkPjx0ZCBjbGFzcz0nc2RhdGEnPjEwOO+8hTwvdGQ+PC90cj48dHI+PHRkIGNsYXNzPSdzdGl0bGUnPuacn+mWk+a2iOiyu+mbu+WKm+mHj++8iEpJUyBDIDk2MTLvvJoyMDA177yJPC90ZD48dGQgY2xhc3M9J3NkYXRhJz4xMzYxa1doPC90ZD48L3RyPjx0cj48dGQgY2xhc3M9J3N0aXRsZSc+5pyf6ZaT5raI6LK76Zu75Yqb6YeP77yISklTIEMgOTYxMu+8mjIwMTPvvIk8L3RkPjx0ZCBjbGFzcz0nc2RhdGEnPjEyODVrV2g8L3RkPjwvdHI+PHRyPjx0ZCBjbGFzcz0nc3RpdGxlJz7lubTplpPpm7vmsJfku6Pnm67lrok8L3RkPjx0ZCBjbGFzcz0nc2RhdGEnPue0hDM2NzAw5YaGPC90ZD48L3RyPjx0cj48dGQgY2xhc3M9J3N0aXRsZSc+QVBG77yISklTIEMgOTYxMu+8mjIwMDXvvIk8L3RkPjx0ZCBjbGFzcz0nc2RhdGEnPjUuMzwvdGQ+PC90cj48dHI+PHRkIGNsYXNzPSdzdGl0bGUnPuecgeOCqOODjeaAp+iDve+8iOKYhe+9nuKYheKYheKYheKYheKYhe+8iTwvdGQ+PHRkIGNsYXNzPSdzZGF0YSc+4piF4piF4piF4piG4piGPC90ZD48L3RyPjx0cj48dGQgY2xhc3M9J3N0aXRsZSc+6ImyPC90ZD48dGQgY2xhc3M9J3NkYXRhJz7vvIhX77yJ44Ob44Ov44Kk44OIPC90ZD48L3RyPjx0cj48dGQgY2xhc3M9J3N0aXRsZSc+5a6k5YaF5qmf44K144Kk44K677yI6auY44GVw5fluYXDl+WlpeihjO+8iTwvdGQ+PHRkIGNsYXNzPSdzZGF0YSc+Mjk1w5c3OTjDlzI2N21tPC90ZD48L3RyPjx0cj48dGQgY2xhc3M9J3N0aXRsZSc+5a6k5aSW5qmf44K144Kk44K677yI6auY44GVw5fluYXDl+WlpeihjO+8iTwvdGQ+PHRkIGNsYXNzPSdzZGF0YSc+NTUww5c2NzXvvIjvvIs2Ne+8icOXMjg077yI77yLNDLvvIltbTwvdGQ+PC90cj48dHI+PHRkIGNsYXNzPSdzdGl0bGUnPuacrOS9k+mHjemHj++8iOWupOWGheapny/lrqTlpJbmqZ/vvIk8L3RkPjx0ZCBjbGFzcz0nc2RhdGEnPjEwLjVrZy8yNy4wa2c8L3RkPjwvdHI+PHRyPjx0ZCBjbGFzcz0nc3RpdGxlJz7lr77lv5znlbPmlbDvvIjmmpbmiL/mmYLvvIk8L3RkPjx0ZCBjbGFzcz0nc2RhdGEnPjnvvZ4xMueVszwvdGQ+PC90cj48dHI+PHRkIGNsYXNzPSdzdGl0bGUnPuaaluaIv+iDveWKmzwvdGQ+PHRkIGNsYXNzPSdzZGF0YSc+NC4ya1c8L3RkPjwvdHI+PHRyPjx0ZCBjbGFzcz0nc3RpdGxlJz7kvY7muKnmmpbmiL/og73lipvvvIjlpJbmsJcy4oSD77yJPC90ZD48dGQgY2xhc3M9J3NkYXRhJz40LjFrVzwvdGQ+PC90cj48dHI+PHRkIGNsYXNzPSdzdGl0bGUnPuaaluaIv+aZgua2iOiyu+mbu+WKmzwvdGQ+PHRkIGNsYXNzPSdzZGF0YSc+MTA0MFcg77yIMTMw772eMTcyMFfvvIk8L3RkPjwvdHI+PHRyPjx0ZCBjbGFzcz0nc3RpdGxlJz7lr77lv5znlbPmlbDvvIjlhrfmiL/mmYLvvIk8L3RkPjx0ZCBjbGFzcz0nc2RhdGEnPjEw772eMTXnlbM8L3RkPjwvdHI+PHRyPjx0ZCBjbGFzcz0nc3RpdGxlJz7lhrfmiL/og73lips8L3RkPjx0ZCBjbGFzcz0nc2RhdGEnPjMuNmtXPC90ZD48L3RyPjx0cj48dGQgY2xhc3M9J3N0aXRsZSc+5Ya35oi/5pmC5raI6LK76Zu75YqbPC90ZD48dGQgY2xhc3M9J3NkYXRhJz4xMTIwVyDvvIgxMzDvvZ4xMjYwV++8iTwvdGQ+PC90cj48dHI+PHRkIGNsYXNzPSdzdGl0bGUnPumbu+a6kDwvdGQ+PHRkIGNsYXNzPSdzZGF0YSc+5Y2Y55u4MTAwVuODuzIwQTwvdGQ+PC90cj48dHI+PHRkIGNsYXNzPSdzdGl0bGUnPumFjeeuoemVty/pq5jkvY7lt648L3RkPjx0ZCBjbGFzcz0nc2RhdGEnPjIwbS8xNW08L3RkPjwvdHI+PHRyPjx0ZCBjbGFzcz0nc3RpdGxlJz7phY3nrqHlvoTvvIjmtrLlgbQv44Ks44K55YG077yJPC90ZD48dGQgY2xhc3M9J3NkYXRhJz7PhjYuMzUvOS41Mm1t77yIMuWIhjPliIbvvIk8L3RkPjwvdHI+PHRyPjx0ZCBjbGFzcz0nc3RpdGxlJz7jg5XjgqPjg6vjgr/jg7zoh6rli5XjgYrmjoPpmaQ8L3RkPjx0ZCBjbGFzcz0nc2RhdGEnPuaciSDvvIjjg4Djgrnjg4jjg5zjg4Pjgq/jgrnmlrnlvI/vvIk8L3RkPjwvdHI+PHRyPjx0ZCBjbGFzcz0nc3RpdGxlJz7jgrvjg7PjgrXjg7zmqZ/og708L3RkPjx0ZCBjbGFzcz0nc2RhdGEnPi08L3RkPjwvdHI+PHRyPjx0ZCBjbGFzcz0nc3RpdGxlJz7lv6vpganmsJfmtYHmqZ/og708L3RkPjx0ZCBjbGFzcz0nc2RhdGEnPi08L3RkPjwvdHI+PHRyPjx0ZCBjbGFzcz0nc3RpdGxlJz7lr5LjgY/jgarjgonjgarjgYTlv6vpganpmaTmub/mqZ/og708L3RkPjx0ZCBjbGFzcz0nc2RhdGEnPuaciSDvvIjjgZXjgonjgonpmaTmub/vvLvjg4/jgqTjg5bjg6rjg4Pjg4nmlrnlvI/vvL3vvIk8L3RkPjwvdHI+PHRyPjx0ZCBjbGFzcz0nc3RpdGxlJz7jgqTjgqrjg7Pjg7vjg5/jgrnjg4jjgarjgak8L3RkPjx0ZCBjbGFzcz0nc2RhdGEnPi08L3RkPjwvdHI+PHRyPjx0ZCBjbGFzcz0nc3RpdGxlJz7nqbrmsJfmuIXmtYTmqZ/og708L3RkPjx0ZCBjbGFzcz0nc2RhdGEnPuaciSDvvIjjgrnjg4jjg6rjg7zjg57nqbrmsJfmuIXmtYTvvIk8L3RkPjwvdHI+PHRyPjx0ZCBjbGFzcz0nc3RpdGxlJz7mlrDlhrflqpJSMzLlr77lv5w8L3RkPjx0ZCBjbGFzcz0nc2RhdGEnPuWvvuW/nDwvdGQ+PC90cj48dHI+PHRkIGNsYXNzPSdzdGl0bGUnPuOCueODnuODvOODiOODleOCqeODs+WvvuW/nDwvdGQ+PHRkIGNsYXNzPSdzZGF0YSc+5a++5b+cIO+8iOWIpemAlOOCouODgOODl+OCv+ODvOetieOBjOW/heimge+8iTwvdGQ+PC90cj48dHI+PHRkIGNsYXNzPSdzdGl0bGUnPuWKoOa5v+apn+iDvTwvdGQ+PHRkIGNsYXNzPSdzZGF0YSc+LTwvdGQ+PC90cj48L3RhYmxlPjwvZGl2Pg==,44CQ5qiZ5rqW5bel5LqL6LK7MTA1ODTlhoYo56iO6L68KeOBjOOCu+ODg+ODiO+8geOAkSDjg4DjgqTjgq3jg7Mg6ZmQ5a6aM+WPsOOAkOOCouOCpuODiOODrOODg+ODiOWTgeOAkeOCqOOCouOCs+ODsyDvvIjlhrfmiL/mmYIxMO+9njE155Wz77yP5pqW5oi/5pmCOe+9njEy55Wz77yJ44CMRljjgrfjg6rjg7zjgrrjgI3jgIBTMzZUVEZYUyDjgJDjg5XjgqPjg6vjgr/jg7zoh6rli5XjgYrmjoPpmaTmqZ/og73ku5jjgJHjgJDlpJboo4XkuI3oia/lk4HvvIjlpJbnrrHjga7jgb/vvInjgJFTMzZUVEZYU1vmqJnmupblj5bku5jlt6Xkuovosrvovrxd77ya44OT44OD44Kv44Kr44Oh44Op5qW95aSp5biC5aC05bqX,44CQ5qiZ5rqW5bel5LqL6LK7MTA1ODTlhoYo56iO6L68KeOBjOOCu+ODg+ODiO+8geOAkSDjg4DjgqTjgq3jg7Mg6ZmQ5a6aM+WPsOOAkOOCouOCpuODiOODrOODg+ODiOWTgeOAkeOCqOOCouOCs+ODsyDvvIjlhrfmiL/mmYIxMO+9njE155Wz77yP5pqW5oi/5pmCOe+9njEy55Wz77yJ44CMRljjgrfjg6rjg7zjgrrjgI3jgIBTMzZUVEZYUyDjgJDjg5XjgqPjg6vjgr/jg7zoh6rli5XjgYrmjoPpmaTmqZ/og73ku5jjgJHjgJDlpJboo4XkuI3oia/lk4HvvIjlpJbnrrHjga7jgb/vvInjgJFTMzZUVEZYU1vmqJnmupblj5bku5jlt6Xkuovosrvovrxd,44CQ5qiZ5rqW5bel5LqL6LK7MTA1ODTlhoYo56iO6L68KeOBjOOCu+ODg+ODiO+8geOAkSDjg4DjgqTjgq3jg7Mg6ZmQ5a6aM+WPsOOAkOOCouOCpuODiOODrOODg+ODiOWTgeOAkeOCqOOCouOCs+ODsyDvvIjlhrfmiL/mmYIxMO+9njE155Wz77yP5pqW5oi/5pmCOe+9njEy55Wz77yJ44CMRljjgrfjg6rjg7zjgrrjgI3jgIBTMzZUVEZYUyDjgJDjg5XjgqPjg6vjgr/jg7zoh6rli5XjgYrmjoPpmaTmqZ/og73ku5jjgJHjgJDlpJboo4XkuI3oia/lk4HvvIjlpJbnrrHjga7jgb/vvInjgJFTMzZUVEZYU1vmqJnmupblj5bku5jlt6Xkuovosrvovrxd[rn]
37-97117,aHR0cDovL3RzaG9wLnIxMHMuanAvYmljY2FtZXJhL2NhYmluZXQvcHJvZHVjdC8yMTM1LzAwMDAwMDAzMzUyNjExX2EwMS5qcGc/Zml0aW49NzAwOjcwMA==,MTQ2Mjc1LjIwMDA=,,5a626Zu7ID4g5a2j56+A44O756m66Kq/5a626Zu7ID4g44Ko44Ki44Kz44OzID4g44Ko44Ki44Kz44Oz,44CQ5qiZ5rqW5bel5LqL6LK7MTU2NjDlhoYo56iO6L68KeOBjOOCu+ODg+ODiO+8geOAkSDjg4DjgqTjgq3jg7Mg6ZmQ5a6aMuWPsOOAkOOCouOCpuODiOODrOODg+ODiOWTgeOAkeOCqOOCouOCs+ODsyDvvIjlhrfmiL/mmYIxNe+9njIz55Wz77yP5pqW5oi/5pmCMTXvvZ4xOOeVs++8ieOAjEZY44K344Oq44O844K644CN44CAUzU2VFRGWFAg44CQ44OV44Kj44Or44K/44O86Ieq5YuV44GK5o6D6Zmk5qmf6IO95LuY44CR44CQ5aSW6KOF5LiN6Imv5ZOB77yI5aSW566x44Gu44G/77yJ44CRUzU2VFRGWFAgW+aomea6luWPluS7mOW3peS6i+iyu+i+vF0=,,PGRpdiBzdHlsZT0nbWFyZ2luOjBweCBhdXRvO3RleHQtYWxpZ246Y2VudGVyOyc+PGEgdGFyZ2V0PSdfYmxhbmsnIGhyZWY9J2h0dHA6Ly93d3cucmFrdXRlbi5uZS5qcC9nb2xkL2JpY2NhbWVyYS9ucy9wYWdlL2luZm8vYWlyY29uL2luZGV4Lmh0bWwnPjxpbWcgc3JjPSdodHRwOi8vaW1hZ2UucmFrdXRlbi5jby5qcC9iaWNjYW1lcmEvY2FiaW5ldC9ucy9pbmZvL2FpcmNvbi5naWYnIGJvcmRlcj0nMCcgdnNwYWNlPSc1Jz48L2E+PGJyPjxmb250IHNpemU9Jy0xJz7ml6XmnKzlhajlm73jgIHphY3pgIHjg7voqK3nva7jgpLjgYrmib/jgoroh7TjgZfjgb7jgZnjgILvvIjigLvkuIDpg6jlnLDln5/jgpLpmaTjgY/vvIk8YnI+4oC76YWN6YCB5pmC6ZaT44Gu5oyH5a6a44Gv44GK5om/44KK44Gn44GN44G+44Gb44KT44CCPC9mb250PjwvZGl2Pjxicj48aW1nIGFsdD0n44GU5rOo5paH44GL44KJ44GK5bGK44GR44O76Kit572u44G+44Gn44Gu5rWB44KMJyBzcmM9J2h0dHA6Ly9pbWFnZS5yYWt1dGVuLmNvLmpwL2JpY2NhbWVyYS9jYWJpbmV0L25zL2luZm8vc2V0dXAuZ2lmJz48YnI+PGI+5rCX5rWB44KS5aSp5LqV44Gr5rK/44KP44Gb5aWl44G+44Gn5bGK44GR44KL5qmf6IO955qE44Gq44OH44K244Kk44Oz44KS5o6h55So44CCPC9iPjxCUj48QlI+4pagPGI+6aKo44GM55u05o6l44GC44Gf44KK44Gr44GP44GE5b+r6YGp56m66Kq/44KS5a6f54++IOOAjOWkqeS6leawl+a1gSDvvIjpoqjjgarjgYTjgrnpgYvou6LvvInjgI08L2I+PEJSPuOAgOWQueOBjeWHuuOBl+OBn+awl+a1geOCkuS4iuaWueOBuOaMgeOBoeS4iuOBkuOCi+OAgeOCs+OCouODs+ODgOani+mAoOOBruWJjemdouODkeODjeODq+OCkuaOoeeUqOOAguawl+a1geOBr+OAgee0hDVt5YWI44G+44Gn5aSp5LqV44Gr5rK/44Gj44Gm5aWl44G45bqD44GM44KK44CB44Ko44Ki44Kz44Oz44Gu6aKo44KS55u05o6l44GL44KJ44Gg44Gr5oSf44GY44Gr44GP44GE5b+r6YGp56m66Kq/44KS44GK5bGK44GR44GX44G+44GZ44CC77yI44OV44Op44OD44OX5LiK5ZCR44GNIOWGt+aIv++8j+mZpOa5v+mBi+i7ouaZgu+8iTxCUj48QlI+4pagPGI+6Kit5a6a5rip5bqm44Gr5Yiw6YGU44GX44Gf44GC44Go44KC44CB5b+r6YGp44Gq5rip5bqm44O744GX44Gk44Gp44Gr44Kz44Oz44OI44Ot44O844OrIOOAjOODl+ODrOODn+OCouODoOWGt+aIv+OAjTwvYj48QlI+44CA44OA44Kk44Kt44Oz5YWI6YCy44Gu44GX44Gk44Gp5Yi25b6h5oqA6KGT44GoMC414oSD5Y2Y5L2N44Gu5rip5bqm5Yi25b6h5oqA6KGT44Gr44KI44KK44CB5Ya35oi/6YGL6Lui44KS5byx44KB44Gm44KC5b+r6YGp44Gq5rip5bqm44Go44GX44Gk44Gp44Gr5L+d44Gh44CB6JK444GX5pqR44GV44KS5oSf44GY44Gr44GP44GE44CB5b+r6YGp56m66Kq/44KS44GK5bGK44GR44GX44G+44GZ44CCPEJSPjxCUj7ilqA8Yj7lhrfjgoTjgZfpgY7jgY7mmpbjgoHpgY7jgY7jgpLmipHjgYjjgablv6vpganpgYvou6Ig44CM5b+r6YGp6Ieq5YuV6YGL6Lui44CNPC9iPjxCUj7jgIDlrqTlhoXjg7vlsYvlhoXmuKnluqbjgavlv5zjgZjjgabjgIHmuKnluqbjgoTpgYvou6Ljg6Ljg7zjg4njgpLoh6rli5XoqK3lrprjgILlhrfjgoTjgZfpgY7jgY7jgIHmmpbjgoHpgY7jgY7jgpLmipHjgYjjgarjgYzjgonjgIHlv6vpganpgYvou6LjgpLooYzjgYTjgb7jgZnjgII8QlI+PEJSPuKWoDxiPuWupOa4qeOBq+i/keOBpeOBkeOBpuW/q+mBqemZpOa5vyDjgIzjgZXjgonjgonpmaTmub/vvIjjg4/jgqTjg5bjg6rjg4Pjg4nmlrnlvI/vvInjgI08L2I+PEJSPuOAgOmZpOa5v+OBl+OBn+WGt+OBn+OBhOmiqOOCkuWupOWGheOBrua4qeOBvuOBo+OBn+epuuawl+OBqOS4gOe3kuOBq+mAgemiqOOBmeOCi+OBk+OBqOOBp+OAgeWupOa4qeOBq+i/keOBpeOBkeOBpumZpOa5v+OBl+OBvuOBmeOAgjxCUj48QlI+4pagPGI+44Gd44Gu5LuW44Gu54m56ZW3PC9iPjxCUj7jg7vjg5XjgqPjg6vjgr/jg7zjga7msZrjgozjgpLjg5bjg6njg4Pjgrfjg7PjgrDjgZfjgabjgZnjgaPjgY3jgoog44CM44OV44Kj44Or44K/44O86Ieq5YuV44GK5o6D6Zmk44CNPEJSPuODu+iSuOOBl+aakeOBhOWkj+OBp+OCguOAgeWKueeOh+OCiOOBj+WGt+aIvyDjgIzpq5jlpJbmsJfjgr/jg5Xjg43jgrnlhrfmiL/jgI08QlI+44O744GK6YOo5bGL5YWo5L2T44Gr44Ov44Kk44OJ44Gr5rCX5rWB44KS44GK5bGK44GRIOOAjOeri+S9k+awl+a1geOAje+8iOmiqOWQkeS4iuS4i+W3puWPs+ioreWumuaZgu+8iTxCUj7jg7vjgYrjgoTjgZnjgb/kuK3jgoLjgIHlv6vpganjgavnqbroqr/liLblvqEg44CM44GK44KE44GZ44G/6YGL6Lui44CNPEJSPuODu+WkluWHuuWFiOOBp+OCguOAgemBi+i7oueKtuaFi+OBrueiuuiqjeODu+aTjeS9nOOBjOaAneOBhOOBruOBvuOBviDjgIzjg4DjgqTjgq3jg7Mg44K544Oe44O844OI44Oq44Oi44O844OIIOOCs+ODs+ODiOODreODvOODq+OAje+8iOKAu+OCquODl+OCt+ODp+ODs+apn+iDve+8muWIpemAlOOCouODgOODl+OCv+ODvOetieOBjOW/heimgeOBp+OBme+8iTxCUj7jg7vjg4DjgqTjg6zjgq/jg4jjg5zjgr/jg7PjgafjgIHmk43kvZzmgKfjgqLjg4Pjg5cg44CM44GL44KT44Gf44KT44OA44Kk44Os44Kv44OI44Oq44Oi44Kz44Oz44CNPEJSPuODu+OCq+ODk+OBquOBqeOCkuaKkeOBiOOBpuOCreODrOOCpOOBq+OAgeODgOOCpOOCreODs+eLrOiHquOBriDjgIzjgrnjg4jjg6rjg7zjg57jgI0g5pCt6LyJPEJSPjxCUj48Yj7jgJDlpJboo4XkuI3oia/lk4HjgJE8L2I+PEJSPuWVhuWTgeacrOS9k+OBr+acquS9v+eUqOOBruaWsOWTgeOBp+OBmeOAgjxCUj48QlI+566x77yI44OA44Oz44Oc44O844Or566x44KE5YyW57Kn566x77yJ44Gr44K544Os44KE44Kt44K644GM44GC44KK44G+44GZ77yI44KE44KE56C044KM44Gu5aC05ZCI44KC44GC44KK44G+44GZ77yJ44CCPEJSPjxCUj7jgZToh6rouqvjgavjgabjgZTkvb/nlKjjga7loLTlkIjjgavjgYrjgZnjgZnjgoHjgarllYblk4HjgafjgZnjgII8QlI+44GT44Gu5ZWG5ZOB44GM5LiH5LiA5Yid5pyf5LiN6Imv44Gn5byK56S+5Zyo5bqr44GM44Gq44GE5aC05ZCI44CB6L+U5ZOB5a++5b+c44KC44GX44GP44Gv44Oh44O844Kr44O85L+u55CG5a++5b+c44Gr44Gq44KK44G+44GZ44CCPEJSPjxCUj48Yj7igLvjgZPjgaHjgonjga7llYblk4Hjga/jgIE8Zm9udCBjb2xvcj1yZWQ+5ZWG5ZOB44Gu44GK5bGK44GR5pel44Go5bel5LqL5pel44GM5Yil44CF44Gu5omL6YWN44Go44Gq44KL5aC05ZCI44GM44GU44GW44GE44G+44GZ44CCPC9mb250PuS6iOOCgeOBlOS6huaJv+OBj+OBoOOBleOBhOOAgjwvYj48ZGl2IGlkPSdzcDE1Jz48dGFibGUgYmdjb2xvcj0nI0ZGRkZGRicgYm9yZGVyPScwJyBjZWxscGFkZGluZz0nMCcgY2VsbHNwYWNpbmc9JzInPjx0cj48dGQgY2xhc3M9J3N1YnRpdGxlJyBjb2xzcGFuPScyJz7mqZ/og73poIXnm648L3RkPjwvdHI+PHRyPjx0ZCBjbGFzcz0nc3RpdGxlJz7nnIHjgqjjg43ln7rmupbpgZTmiJDnjoc8L3RkPjx0ZCBjbGFzcz0nc2RhdGEnPjEwNO+8hTwvdGQ+PC90cj48dHI+PHRkIGNsYXNzPSdzdGl0bGUnPuacn+mWk+a2iOiyu+mbu+WKm+mHj++8iEpJUyBDIDk2MTLvvJoyMDA177yJPC90ZD48dGQgY2xhc3M9J3NkYXRhJz4yMTU4a1doPC90ZD48L3RyPjx0cj48dGQgY2xhc3M9J3N0aXRsZSc+5pyf6ZaT5raI6LK76Zu75Yqb6YeP77yISklTIEMgOTYxMu+8mjIwMTPvvIk8L3RkPjx0ZCBjbGFzcz0nc2RhdGEnPjIwMzdrV2g8L3RkPjwvdHI+PHRyPjx0ZCBjbGFzcz0nc3RpdGxlJz7lubTplpPpm7vmsJfku6Pnm67lrok8L3RkPjx0ZCBjbGFzcz0nc2RhdGEnPue0hDU4MzAw5YaGPC90ZD48L3RyPjx0cj48dGQgY2xhc3M9J3N0aXRsZSc+QVBG77yISklTIEMgOTYxMu+8mjIwMDXvvIk8L3RkPjx0ZCBjbGFzcz0nc2RhdGEnPjUuMjwvdGQ+PC90cj48dHI+PHRkIGNsYXNzPSdzdGl0bGUnPuecgeOCqOODjeaAp+iDve+8iOKYhe+9nuKYheKYheKYheKYheKYhe+8iTwvdGQ+PHRkIGNsYXNzPSdzZGF0YSc+4piF4piF4piG4piG4piGPC90ZD48L3RyPjx0cj48dGQgY2xhc3M9J3N0aXRsZSc+6ImyPC90ZD48dGQgY2xhc3M9J3NkYXRhJz7vvIhX77yJ44Ob44Ov44Kk44OIPC90ZD48L3RyPjx0cj48dGQgY2xhc3M9J3N0aXRsZSc+5a6k5YaF5qmf44K144Kk44K677yI6auY44GVw5fluYXDl+WlpeihjO+8iTwvdGQ+PHRkIGNsYXNzPSdzZGF0YSc+Mjk1w5c3OTjDlzI2N21tPC90ZD48L3RyPjx0cj48dGQgY2xhc3M9J3N0aXRsZSc+5a6k5aSW5qmf44K144Kk44K677yI6auY44GVw5fluYXDl+WlpeihjO+8iTwvdGQ+PHRkIGNsYXNzPSdzZGF0YSc+NTk1w5c3OTXvvIjvvIs3OO+8icOXMzAw77yI77yLNDLvvIltbTwvdGQ+PC90cj48dHI+PHRkIGNsYXNzPSdzdGl0bGUnPuacrOS9k+mHjemHj++8iOWupOWGheapny/lrqTlpJbmqZ/vvIk8L3RkPjx0ZCBjbGFzcz0nc2RhdGEnPjExLjBrZy80MC4wa2c8L3RkPjwvdHI+PHRyPjx0ZCBjbGFzcz0nc3RpdGxlJz7lr77lv5znlbPmlbDvvIjmmpbmiL/mmYLvvIk8L3RkPjx0ZCBjbGFzcz0nc2RhdGEnPjE1772eMTjnlbM8L3RkPjwvdHI+PHRyPjx0ZCBjbGFzcz0nc3RpdGxlJz7mmpbmiL/og73lips8L3RkPjx0ZCBjbGFzcz0nc2RhdGEnPjYuN2tXPC90ZD48L3RyPjx0cj48dGQgY2xhc3M9J3N0aXRsZSc+5L2O5rip5pqW5oi/6IO95Yqb77yI5aSW5rCXMuKEg++8iTwvdGQ+PHRkIGNsYXNzPSdzZGF0YSc+Ni44a1c8L3RkPjwvdHI+PHRyPjx0ZCBjbGFzcz0nc3RpdGxlJz7mmpbmiL/mmYLmtojosrvpm7vlips8L3RkPjx0ZCBjbGFzcz0nc2RhdGEnPjE3OTBXIO+8iDExMO+9njMxMzBX77yJPC90ZD48L3RyPjx0cj48dGQgY2xhc3M9J3N0aXRsZSc+5a++5b+c55Wz5pWw77yI5Ya35oi/5pmC77yJPC90ZD48dGQgY2xhc3M9J3NkYXRhJz4xNe+9njIz55WzPC90ZD48L3RyPjx0cj48dGQgY2xhc3M9J3N0aXRsZSc+5Ya35oi/6IO95YqbPC90ZD48dGQgY2xhc3M9J3NkYXRhJz41LjZrVzwvdGQ+PC90cj48dHI+PHRkIGNsYXNzPSdzdGl0bGUnPuWGt+aIv+aZgua2iOiyu+mbu+WKmzwvdGQ+PHRkIGNsYXNzPSdzZGF0YSc+MTkxMFcg77yIMTIw772eMjAzMFfvvIk8L3RkPjwvdHI+PHRyPjx0ZCBjbGFzcz0nc3RpdGxlJz7pm7vmupA8L3RkPjx0ZCBjbGFzcz0nc2RhdGEnPuWNmOebuDIwMFbjg7syMEE8L3RkPjwvdHI+PHRyPjx0ZCBjbGFzcz0nc3RpdGxlJz7phY3nrqHplbcv6auY5L2O5beuPC90ZD48dGQgY2xhc3M9J3NkYXRhJz4yMG0vMTVtPC90ZD48L3RyPjx0cj48dGQgY2xhc3M9J3N0aXRsZSc+6YWN566h5b6E77yI5ray5YG0L+OCrOOCueWBtO+8iTwvdGQ+PHRkIGNsYXNzPSdzZGF0YSc+z4Y2LjM1LzkuNTJtbe+8iDLliIYz5YiG77yJPC90ZD48L3RyPjx0cj48dGQgY2xhc3M9J3N0aXRsZSc+44OV44Kj44Or44K/44O86Ieq5YuV44GK5o6D6ZmkPC90ZD48dGQgY2xhc3M9J3NkYXRhJz7mnIkg77yI44OA44K544OI44Oc44OD44Kv44K55pa55byP77yJPC90ZD48L3RyPjx0cj48dGQgY2xhc3M9J3N0aXRsZSc+44K744Oz44K144O85qmf6IO9PC90ZD48dGQgY2xhc3M9J3NkYXRhJz4tPC90ZD48L3RyPjx0cj48dGQgY2xhc3M9J3N0aXRsZSc+5b+r6YGp5rCX5rWB5qmf6IO9PC90ZD48dGQgY2xhc3M9J3NkYXRhJz4tPC90ZD48L3RyPjx0cj48dGQgY2xhc3M9J3N0aXRsZSc+5a+S44GP44Gq44KJ44Gq44GE5b+r6YGp6Zmk5rm/5qmf6IO9PC90ZD48dGQgY2xhc3M9J3NkYXRhJz7mnIkg77yI44GV44KJ44KJ6Zmk5rm/77y744OP44Kk44OW44Oq44OD44OJ5pa55byP77y977yJPC90ZD48L3RyPjx0cj48dGQgY2xhc3M9J3N0aXRsZSc+44Kk44Kq44Oz44O744Of44K544OI44Gq44GpPC90ZD48dGQgY2xhc3M9J3NkYXRhJz4tPC90ZD48L3RyPjx0cj48dGQgY2xhc3M9J3N0aXRsZSc+56m65rCX5riF5rWE5qmf6IO9PC90ZD48dGQgY2xhc3M9J3NkYXRhJz7mnIkg77yI44K544OI44Oq44O844Oe56m65rCX5riF5rWE77yJPC90ZD48L3RyPjx0cj48dGQgY2xhc3M9J3N0aXRsZSc+5paw5Ya35aqSUjMy5a++5b+cPC90ZD48dGQgY2xhc3M9J3NkYXRhJz7lr77lv5w8L3RkPjwvdHI+PHRyPjx0ZCBjbGFzcz0nc3RpdGxlJz7jgrnjg57jg7zjg4jjg5Xjgqnjg7Plr77lv5w8L3RkPjx0ZCBjbGFzcz0nc2RhdGEnPuWvvuW/nCDvvIjliKXpgJTjgqLjg4Djg5fjgr/jg7znrYnjgYzlv4XopoHvvIk8L3RkPjwvdHI+PHRyPjx0ZCBjbGFzcz0nc3RpdGxlJz7liqDmub/mqZ/og708L3RkPjx0ZCBjbGFzcz0nc2RhdGEnPi08L3RkPjwvdHI+PC90YWJsZT48L2Rpdj4=,44CQ5qiZ5rqW5bel5LqL6LK7MTU2NjDlhoYo56iO6L68KeOBjOOCu+ODg+ODiO+8geOAkSDjg4DjgqTjgq3jg7Mg6ZmQ5a6aMuWPsOOAkOOCouOCpuODiOODrOODg+ODiOWTgeOAkeOCqOOCouOCs+ODsyDvvIjlhrfmiL/mmYIxNe+9njIz55Wz77yP5pqW5oi/5pmCMTXvvZ4xOOeVs++8ieOAjEZY44K344Oq44O844K644CN44CAUzU2VFRGWFAg44CQ44OV44Kj44Or44K/44O86Ieq5YuV44GK5o6D6Zmk5qmf6IO95LuY44CR44CQ5aSW6KOF5LiN6Imv5ZOB77yI5aSW566x44Gu44G/77yJ44CRUzU2VFRGWFAgW+aomea6luWPluS7mOW3peS6i+iyu+i+vF3vvJrjg5Pjg4Pjgq/jgqvjg6Hjg6nmpb3lpKnluILloLTlupc=,44CQ5qiZ5rqW5bel5LqL6LK7MTU2NjDlhoYo56iO6L68KeOBjOOCu+ODg+ODiO+8geOAkSDjg4DjgqTjgq3jg7Mg6ZmQ5a6aMuWPsOOAkOOCouOCpuODiOODrOODg+ODiOWTgeOAkeOCqOOCouOCs+ODsyDvvIjlhrfmiL/mmYIxNe+9njIz55Wz77yP5pqW5oi/5pmCMTXvvZ4xOOeVs++8ieOAjEZY44K344Oq44O844K644CN44CAUzU2VFRGWFAg44CQ44OV44Kj44Or44K/44O86Ieq5YuV44GK5o6D6Zmk5qmf6IO95LuY44CR44CQ5aSW6KOF5LiN6Imv5ZOB77yI5aSW566x44Gu44G/77yJ44CRUzU2VFRGWFAgW+aomea6luWPluS7mOW3peS6i+iyu+i+vF0=,44CQ5qiZ5rqW5bel5LqL6LK7MTU2NjDlhoYo56iO6L68KeOBjOOCu+ODg+ODiO+8geOAkSDjg4DjgqTjgq3jg7Mg6ZmQ5a6aMuWPsOOAkOOCouOCpuODiOODrOODg+ODiOWTgeOAkeOCqOOCouOCs+ODsyDvvIjlhrfmiL/mmYIxNe+9njIz55Wz77yP5pqW5oi/5pmCMTXvvZ4xOOeVs++8ieOAjEZY44K344Oq44O844K644CN44CAUzU2VFRGWFAg44CQ44OV44Kj44Or44K/44O86Ieq5YuV44GK5o6D6Zmk5qmf6IO95LuY44CR44CQ5aSW6KOF5LiN6Imv5ZOB77yI5aSW566x44Gu44G/77yJ44CRUzU2VFRGWFAgW+aomea6luWPluS7mOW3peS6i+iyu+i+vF0=[rn]
37-97118,aHR0cDovL3RzaG9wLnIxMHMuanAvYmljY2FtZXJhL2NhYmluZXQvcHJvZHVjdC8yMTM1LzAwMDAwMDAzMzUyNjIwX2EwMS5qcGc/Zml0aW49NzAwOjcwMA==,MTA3Mzk1LjIwMDA=,,5a626Zu7ID4g5a2j56+A44O756m66Kq/5a626Zu7ID4g44Ko44Ki44Kz44OzID4g44Ko44Ki44Kz44Oz,44CQ5qiZ5rqW5bel5LqL6LK7MTU2NjDlhoYo56iO6L68KeOBjOOCu+ODg+ODiO+8geOAkSDjg4DjgqTjgq3jg7Mg6ZmQ5a6aM+WPsOOAkOOCouOCpuODiOODrOODg+ODiOWTgeOAkeOCqOOCouOCs+ODsyDvvIjlhrfmiL/mmYIxMe+9njE355Wz77yP5pqW5oi/5pmCMTHvvZ4xNOeVs++8ieOAjENY44K344Oq44O844K644CN44CAUzQwVFRDWFAg44CQ44OV44Kj44Or44K/44O86Ieq5YuV44GK5o6D6Zmk5qmf6IO95LuY44CR44CQ5aSW6KOF5LiN6Imv5ZOB77yI5aSW566x44Gu44G/77yJ44CRUzQwVFRDWFBb5qiZ5rqW5Y+W5LuY5bel5LqL6LK76L68XQ==,,PGRpdiBzdHlsZT0nbWFyZ2luOjBweCBhdXRvO3RleHQtYWxpZ246Y2VudGVyOyc+PGEgdGFyZ2V0PSdfYmxhbmsnIGhyZWY9J2h0dHA6Ly93d3cucmFrdXRlbi5uZS5qcC9nb2xkL2JpY2NhbWVyYS9ucy9wYWdlL2luZm8vYWlyY29uL2luZGV4Lmh0bWwnPjxpbWcgc3JjPSdodHRwOi8vaW1hZ2UucmFrdXRlbi5jby5qcC9iaWNjYW1lcmEvY2FiaW5ldC9ucy9pbmZvL2FpcmNvbi5naWYnIGJvcmRlcj0nMCcgdnNwYWNlPSc1Jz48L2E+PGJyPjxmb250IHNpemU9Jy0xJz7ml6XmnKzlhajlm73jgIHphY3pgIHjg7voqK3nva7jgpLjgYrmib/jgoroh7TjgZfjgb7jgZnjgILvvIjigLvkuIDpg6jlnLDln5/jgpLpmaTjgY/vvIk8YnI+4oC76YWN6YCB5pmC6ZaT44Gu5oyH5a6a44Gv44GK5om/44KK44Gn44GN44G+44Gb44KT44CCPC9mb250PjwvZGl2Pjxicj48aW1nIGFsdD0n44GU5rOo5paH44GL44KJ44GK5bGK44GR44O76Kit572u44G+44Gn44Gu5rWB44KMJyBzcmM9J2h0dHA6Ly9pbWFnZS5yYWt1dGVuLmNvLmpwL2JpY2NhbWVyYS9jYWJpbmV0L25zL2luZm8vc2V0dXAuZ2lmJz48YnI+PGI+44OV44Kj44Or44K/44O86Ieq5YuV44GK5o6D6Zmk77yG44K544OI44Oq44O844Oe5o6h55So44Gn44CB44Ko44Ki44Kz44Oz5YaF6YOo44KC44Kt44Os44Kk44Gr44CCPC9iPjxCUj48QlI+4pagPGI+44OV44Kj44Or44K/44O844Gu44Ob44Kz44Oq44KS44CB6Ieq5YuV55qE44Gr44GK5o6D6ZmkPC9iPjxCUj7jgIDjgqjjgqLjgrPjg7Pjga7pgYvou6LntYLkuoblvozjgIHoh6rli5XnmoTjgavjg5XjgqPjg6vjgr/jg7zjga7jg5vjgrPjg6rjgpLjg5bjg6njg4Pjgrfjg7PjgrDjgZfjgabjgIHjg4Djgrnjg4jjg5zjg4Pjgq/jgrnjgavlm57lj47jgILlrprmnJ/nmoTjgarjgYrmjoPpmaTjgafjgIHjg5XjgqPjg6vjgr/jg7zjga7nm67jgaXjgb7jgorjgpLmipHjgYjjgb7jgZnjgII8QlI+PEJSPuKWoDxiPuWGt+OChOOBl+OBmeOBjuOAgeaaluOCgeOBmeOBjuOCkuaKkeOBiOOBpuW/q+mBqeOBqzwvYj48QlI+44CA5a6k5YaF5rip5bqm44KE5bGL5aSW5rip5bqm44Gr5b+c44GY44Gm6Ieq5YuV44Gn6Kit5a6a5rip5bqm44GoM+OBpOOBrumBi+i7ouODouODvOODieOCkumBuOOBs+OBvuOBmeOAgjxCUj48QlI+4pagPGI+5aSW5rCX5rip44GM6auY44GE5pmC44KC5Yq5546H44KI44GP6YGL6LuiIOOAjOmrmOWkluawl+OCv+ODleODjeOCueWGt+aIv+OAjTwvYj48QlI+44CA5YWI6YCy44Gu5Ya35aqS5Yi25b6h5oqA6KGT44Gn44CB5aSW5rCX5rip44GM6auY44GP44Gm44KC5Ya35oi/6IO95Yqb44GM6JC944Gh44Gr44GP44GP44CB44KI44KK5Yq5546H44KI44GP5Ya35oi/6YGL6Lui44GM6KGM44GI44G+44GZ44CCPEJSPjxCUj7ilqA8Yj7jgZ3jga7ku5bjga7nibnplbc8L2I+PEJSPuODu+WkluWHuuWFiOOBp+OCguOAgemBi+i7oueKtuaFi+OBrueiuuiqjeODu+aTjeS9nOOBjOaAneOBhOOBruOBvuOBviDjgIzjg4DjgqTjgq3jg7Mg44K544Oe44O844OI44Oq44Oi44O844OIIOOCs+ODs+ODiOODreODvOODq+OAje+8iOKAu+OCquODl+OCt+ODp+ODs+apn+iDve+8muWIpemAlOOCouODgOODl+OCv+ODvOetieOBjOW/heimgeOBp+OBme+8iTxCUj7jg7vjgqvjg5PjgarjganjgpLmipHjgYjjgabjgq3jg6zjgqTjgavjgIHjg4DjgqTjgq3jg7Pni6zoh6rjga4g44CM44K544OI44Oq44O844Oe44CNIOaQrei8iTxCUj7jg7swLjXihIPljZjkvY3jgafjgIHmuKnluqbjgrPjg7Pjg4jjg63jg7zjg6sg44CMUElU77yI44OU44OD44OI77yJ5Yi25b6h44CNPEJSPuODu+OBiuOChOOBmeOBv+S4reOCguOAgeW/q+mBqeOBq+a4qeW6puWItuW+oSDjgIzjgYrjgoTjgZnjgb/pgYvou6LjgI08QlI+44O75Ya35oi/44Gv5LiK5ZCR44GN44Gr5ZC544GN5Ye644GX44CB5pqW5oi/44Gv6Laz5YWD44GL44KJ5rCX5rWB44KS44GK5bGK44GR44GZ44KLIOOAjOmiqOOBquOBhOOCuemBi+i7ouOAjTxCUj7jg7vkuIrkuIvjg7vlt6blj7PkuqTkupLjgavlkLnjgY3lh7rjgZfjgIEg5bqD44GE56+E5Zuy44Gr5b+r6YGp5rCX5rWB44KS44GK5bGK44GR44GZ44KLIOOAjOeri+S9k+awl+a1geOAjTxCUj48QlI+PGI+44CQ5aSW6KOF5LiN6Imv5ZOB44CRPC9iPjxCUj7llYblk4HmnKzkvZPjga/mnKrkvb/nlKjjga7mlrDlk4HjgafjgZnjgII8QlI+PEJSPueuse+8iOODgOODs+ODnOODvOODq+euseOChOWMlueyp+euse+8ieOBq+OCueODrOOChOOCreOCuuOBjOOBguOCiuOBvuOBme+8iOOChOOChOegtOOCjOOBruWgtOWQiOOCguOBguOCiuOBvuOBme+8ieOAgjxCUj48QlI+44GU6Ieq6Lqr44Gr44Gm44GU5L2/55So44Gu5aC05ZCI44Gr44GK44GZ44GZ44KB44Gq5ZWG5ZOB44Gn44GZ44CCPEJSPuOBk+OBruWVhuWTgeOBjOS4h+S4gOWIneacn+S4jeiJr+OBp+W8iuekvuWcqOW6q+OBjOOBquOBhOWgtOWQiOOAgei/lOWTgeWvvuW/nOOCguOBl+OBj+OBr+ODoeODvOOCq+ODvOS/rueQhuWvvuW/nOOBq+OBquOCiuOBvuOBmeOAgjxCUj48QlI+PGI+4oC744GT44Gh44KJ44Gu5ZWG5ZOB44Gv44CBPGZvbnQgY29sb3I9cmVkPuWVhuWTgeOBruOBiuWxiuOBkeaXpeOBqOW3peS6i+aXpeOBjOWIpeOAheOBruaJi+mFjeOBqOOBquOCi+WgtOWQiOOBjOOBlOOBluOBhOOBvuOBmeOAgjwvZm9udD7kuojjgoHjgZTkuobmib/jgY/jgaDjgZXjgYTjgII8L2I+PGRpdiBpZD0nc3AxNSc+PHRhYmxlIGJnY29sb3I9JyNGRkZGRkYnIGJvcmRlcj0nMCcgY2VsbHBhZGRpbmc9JzAnIGNlbGxzcGFjaW5nPScyJz48dHI+PHRkIGNsYXNzPSdzdWJ0aXRsZScgY29sc3Bhbj0nMic+5qmf6IO96aCF55uuPC90ZD48L3RyPjx0cj48dGQgY2xhc3M9J3N0aXRsZSc+55yB44Ko44ON5Z+65rqW6YGU5oiQ546HPC90ZD48dGQgY2xhc3M9J3NkYXRhJz4xMDLvvIU8L3RkPjwvdHI+PHRyPjx0ZCBjbGFzcz0nc3RpdGxlJz7mnJ/plpPmtojosrvpm7vlipvph4/vvIhKSVMgQyA5NjEy77yaMjAwNe+8iTwvdGQ+PHRkIGNsYXNzPSdzZGF0YSc+MTYwM2tXaDwvdGQ+PC90cj48dHI+PHRkIGNsYXNzPSdzdGl0bGUnPuacn+mWk+a2iOiyu+mbu+WKm+mHj++8iEpJUyBDIDk2MTLvvJoyMDEz77yJPC90ZD48dGQgY2xhc3M9J3NkYXRhJz4xNTEza1doPC90ZD48L3RyPjx0cj48dGQgY2xhc3M9J3N0aXRsZSc+5bm06ZaT6Zu75rCX5Luj55uu5a6JPC90ZD48dGQgY2xhc3M9J3NkYXRhJz7ntIQ0MzMwMOWGhjwvdGQ+PC90cj48dHI+PHRkIGNsYXNzPSdzdGl0bGUnPkFQRu+8iEpJUyBDIDk2MTLvvJoyMDA177yJPC90ZD48dGQgY2xhc3M9J3NkYXRhJz41LjA8L3RkPjwvdHI+PHRyPjx0ZCBjbGFzcz0nc3RpdGxlJz7nnIHjgqjjg43mgKfog73vvIjimIXvvZ7imIXimIXimIXimIXimIXvvIk8L3RkPjx0ZCBjbGFzcz0nc2RhdGEnPuKYheKYheKYhuKYhuKYhjwvdGQ+PC90cj48dHI+PHRkIGNsYXNzPSdzdGl0bGUnPuiJsjwvdGQ+PHRkIGNsYXNzPSdzZGF0YSc+77yIV++8ieODm+ODr+OCpOODiDwvdGQ+PC90cj48dHI+PHRkIGNsYXNzPSdzdGl0bGUnPuWupOWGheapn+OCteOCpOOCuu+8iOmrmOOBlcOX5bmFw5flpaXooYzvvIk8L3RkPjx0ZCBjbGFzcz0nc2RhdGEnPjI5NcOXNzk4w5cyNjNtbTwvdGQ+PC90cj48dHI+PHRkIGNsYXNzPSdzdGl0bGUnPuWupOWkluapn+OCteOCpOOCuu+8iOmrmOOBlcOX5bmFw5flpaXooYzvvIk8L3RkPjx0ZCBjbGFzcz0nc2RhdGEnPjU5NcOXNzk177yI77yLNzjvvInDlzMwMO+8iO+8izQy77yJbW08L3RkPjwvdHI+PHRyPjx0ZCBjbGFzcz0nc3RpdGxlJz7mnKzkvZPph43ph4/vvIjlrqTlhoXmqZ8v5a6k5aSW5qmf77yJPC90ZD48dGQgY2xhc3M9J3NkYXRhJz4xMC4wa2cvMzcuMGtnPC90ZD48L3RyPjx0cj48dGQgY2xhc3M9J3N0aXRsZSc+5a++5b+c55Wz5pWw77yI5pqW5oi/5pmC77yJPC90ZD48dGQgY2xhc3M9J3NkYXRhJz4xMe+9njE055WzPC90ZD48L3RyPjx0cj48dGQgY2xhc3M9J3N0aXRsZSc+5pqW5oi/6IO95YqbPC90ZD48dGQgY2xhc3M9J3NkYXRhJz41LjBrVzwvdGQ+PC90cj48dHI+PHRkIGNsYXNzPSdzdGl0bGUnPuS9jua4qeaaluaIv+iDveWKm++8iOWkluawlzLihIPvvIk8L3RkPjx0ZCBjbGFzcz0nc2RhdGEnPjUuNWtXPC90ZD48L3RyPjx0cj48dGQgY2xhc3M9J3N0aXRsZSc+5pqW5oi/5pmC5raI6LK76Zu75YqbPC90ZD48dGQgY2xhc3M9J3NkYXRhJz4xMjkwVyDvvIgxMTXvvZ4yODAwV++8iTwvdGQ+PC90cj48dHI+PHRkIGNsYXNzPSdzdGl0bGUnPuWvvuW/nOeVs+aVsO+8iOWGt+aIv+aZgu+8iTwvdGQ+PHRkIGNsYXNzPSdzZGF0YSc+MTHvvZ4xN+eVszwvdGQ+PC90cj48dHI+PHRkIGNsYXNzPSdzdGl0bGUnPuWGt+aIv+iDveWKmzwvdGQ+PHRkIGNsYXNzPSdzZGF0YSc+NC4wa1c8L3RkPjwvdHI+PHRyPjx0ZCBjbGFzcz0nc3RpdGxlJz7lhrfmiL/mmYLmtojosrvpm7vlips8L3RkPjx0ZCBjbGFzcz0nc2RhdGEnPjEyNDBXIO+8iDExNe+9njE2NjBX77yJPC90ZD48L3RyPjx0cj48dGQgY2xhc3M9J3N0aXRsZSc+6Zu75rqQPC90ZD48dGQgY2xhc3M9J3NkYXRhJz7ljZjnm7gyMDBW44O7MjBBPC90ZD48L3RyPjx0cj48dGQgY2xhc3M9J3N0aXRsZSc+6YWN566h6ZW3L+mrmOS9juW3rjwvdGQ+PHRkIGNsYXNzPSdzZGF0YSc+MjBtLzE1bTwvdGQ+PC90cj48dHI+PHRkIGNsYXNzPSdzdGl0bGUnPumFjeeuoeW+hO+8iOa2suWBtC/jgqzjgrnlgbTvvIk8L3RkPjx0ZCBjbGFzcz0nc2RhdGEnPs+GNi4zNS85LjUybW3vvIgy5YiGM+WIhu+8iTwvdGQ+PC90cj48dHI+PHRkIGNsYXNzPSdzdGl0bGUnPuODleOCo+ODq+OCv+ODvOiHquWLleOBiuaOg+mZpDwvdGQ+PHRkIGNsYXNzPSdzZGF0YSc+5pyJIO+8iOODgOOCueODiOODnOODg+OCr+OCueaWueW8j++8iTwvdGQ+PC90cj48dHI+PHRkIGNsYXNzPSdzdGl0bGUnPuOCu+ODs+OCteODvOapn+iDvTwvdGQ+PHRkIGNsYXNzPSdzZGF0YSc+LTwvdGQ+PC90cj48dHI+PHRkIGNsYXNzPSdzdGl0bGUnPuW/q+mBqeawl+a1geapn+iDvTwvdGQ+PHRkIGNsYXNzPSdzZGF0YSc+LTwvdGQ+PC90cj48dHI+PHRkIGNsYXNzPSdzdGl0bGUnPuWvkuOBj+OBquOCieOBquOBhOW/q+mBqemZpOa5v+apn+iDvTwvdGQ+PHRkIGNsYXNzPSdzZGF0YSc+LTwvdGQ+PC90cj48dHI+PHRkIGNsYXNzPSdzdGl0bGUnPuOCpOOCquODs+ODu+ODn+OCueODiOOBquOBqTwvdGQ+PHRkIGNsYXNzPSdzZGF0YSc+LTwvdGQ+PC90cj48dHI+PHRkIGNsYXNzPSdzdGl0bGUnPuepuuawl+a4hea1hOapn+iDvTwvdGQ+PHRkIGNsYXNzPSdzZGF0YSc+5pyJIO+8iOOCueODiOODquODvOODnuepuuawl+a4hea1hO+8iTwvdGQ+PC90cj48dHI+PHRkIGNsYXNzPSdzdGl0bGUnPuaWsOWGt+WqklIzMuWvvuW/nDwvdGQ+PHRkIGNsYXNzPSdzZGF0YSc+5a++5b+cPC90ZD48L3RyPjx0cj48dGQgY2xhc3M9J3N0aXRsZSc+44K544Oe44O844OI44OV44Kp44Oz5a++5b+cPC90ZD48dGQgY2xhc3M9J3NkYXRhJz7lr77lv5wg77yI5Yil6YCU44Ki44OA44OX44K/44O8562J44GM5b+F6KaB77yJPC90ZD48L3RyPjx0cj48dGQgY2xhc3M9J3N0aXRsZSc+5Yqg5rm/5qmf6IO9PC90ZD48dGQgY2xhc3M9J3NkYXRhJz4tPC90ZD48L3RyPjwvdGFibGU+PC9kaXY+,44CQ5qiZ5rqW5bel5LqL6LK7MTU2NjDlhoYo56iO6L68KeOBjOOCu+ODg+ODiO+8geOAkSDjg4DjgqTjgq3jg7Mg6ZmQ5a6aM+WPsOOAkOOCouOCpuODiOODrOODg+ODiOWTgeOAkeOCqOOCouOCs+ODsyDvvIjlhrfmiL/mmYIxMe+9njE355Wz77yP5pqW5oi/5pmCMTHvvZ4xNOeVs++8ieOAjENY44K344Oq44O844K644CN44CAUzQwVFRDWFAg44CQ44OV44Kj44Or44K/44O86Ieq5YuV44GK5o6D6Zmk5qmf6IO95LuY44CR44CQ5aSW6KOF5LiN6Imv5ZOB77yI5aSW566x44Gu44G/77yJ44CRUzQwVFRDWFBb5qiZ5rqW5Y+W5LuY5bel5LqL6LK76L68Xe+8muODk+ODg+OCr+OCq+ODoeODqealveWkqeW4guWgtOW6lw==,44CQ5qiZ5rqW5bel5LqL6LK7MTU2NjDlhoYo56iO6L68KeOBjOOCu+ODg+ODiO+8geOAkSDjg4DjgqTjgq3jg7Mg6ZmQ5a6aM+WPsOOAkOOCouOCpuODiOODrOODg+ODiOWTgeOAkeOCqOOCouOCs+ODsyDvvIjlhrfmiL/mmYIxMe+9njE355Wz77yP5pqW5oi/5pmCMTHvvZ4xNOeVs++8ieOAjENY44K344Oq44O844K644CN44CAUzQwVFRDWFAg44CQ44OV44Kj44Or44K/44O86Ieq5YuV44GK5o6D6Zmk5qmf6IO95LuY44CR44CQ5aSW6KOF5LiN6Imv5ZOB77yI5aSW566x44Gu44G/77yJ44CRUzQwVFRDWFBb5qiZ5rqW5Y+W5LuY5bel5LqL6LK76L68XQ==,44CQ5qiZ5rqW5bel5LqL6LK7MTU2NjDlhoYo56iO6L68KeOBjOOCu+ODg+ODiO+8geOAkSDjg4DjgqTjgq3jg7Mg6ZmQ5a6aM+WPsOOAkOOCouOCpuODiOODrOODg+ODiOWTgeOAkeOCqOOCouOCs+ODsyDvvIjlhrfmiL/mmYIxMe+9njE355Wz77yP5pqW5oi/5pmCMTHvvZ4xNOeVs++8ieOAjENY44K344Oq44O844K644CN44CAUzQwVFRDWFAg44CQ44OV44Kj44Or44K/44O86Ieq5YuV44GK5o6D6Zmk5qmf6IO95LuY44CR44CQ5aSW6KOF5LiN6Imv5ZOB77yI5aSW566x44Gu44G/77yJ44CRUzQwVFRDWFBb5qiZ5rqW5Y+W5LuY5bel5LqL6LK76L68XQ==[rn]
37-97119,aHR0cDovL3RzaG9wLnIxMHMuanAvYmljY2FtZXJhL2NhYmluZXQvcHJvZHVjdC8xNjExLzAwMDAwMDAzMTA2NTA3X2EwMS5qcGc/Zml0aW49NzAwOjcwMA==,MTQ0NTQ3LjIwMDA=,,5a626Zu7ID4g5a2j56+A44O756m66Kq/5a626Zu7ID4g44Ko44Ki44Kz44OzID4g44Ko44Ki44Kz44Oz,44CQ5qiZ5rqW5bel5LqL6LK7MTU2NjDlhoYo56iO6L68KeOBjOOCu+ODg+ODiO+8geOAkSDml6Xnq4sg44CQ44Ki44Km44OI44Os44OD44OI5ZOB44CR44Ko44Ki44Kz44Oz77yI5Ya35oi/5pmCMTfvvZ4yNueVs++8j+aaluaIv+aZgjE2772eMjDnlbPvvInjgIznmb3jgY/jgb7jgY/jgpMgReOCt+ODquODvOOCuuOAjeOAgFJBUy1FNjNFMi1XIOOAkOODleOCo+ODq+OCv+ODvOiHquWLleOBiuaOg+mZpOapn+iDveS7mOOAkeOAkOeUn+eUo+WujOS6huWTgeOAkVtSQVNFNjNFMl3jgJBrazluMGQxOHDjgJFb5qiZ5rqW5Y+W5LuY5bel5LqL6LK76L68XQ==,,PGRpdiBzdHlsZT0nbWFyZ2luOjBweCBhdXRvO3RleHQtYWxpZ246Y2VudGVyOyc+PGEgdGFyZ2V0PSdfYmxhbmsnIGhyZWY9J2h0dHA6Ly93d3cucmFrdXRlbi5uZS5qcC9nb2xkL2JpY2NhbWVyYS9ucy9wYWdlL2luZm8vYWlyY29uL2luZGV4Lmh0bWwnPjxpbWcgc3JjPSdodHRwOi8vaW1hZ2UucmFrdXRlbi5jby5qcC9iaWNjYW1lcmEvY2FiaW5ldC9ucy9pbmZvL2FpcmNvbi5naWYnIGJvcmRlcj0nMCcgdnNwYWNlPSc1Jz48L2E+PGJyPjxmb250IHNpemU9Jy0xJz7ml6XmnKzlhajlm73jgIHphY3pgIHjg7voqK3nva7jgpLjgYrmib/jgoroh7TjgZfjgb7jgZnjgILvvIjigLvkuIDpg6jlnLDln5/jgpLpmaTjgY/vvIk8YnI+4oC76YWN6YCB5pmC6ZaT44Gu5oyH5a6a44Gv44GK5om/44KK44Gn44GN44G+44Gb44KT44CCPC9mb250PjwvZGl2Pjxicj48aW1nIGFsdD0n44GU5rOo5paH44GL44KJ44GK5bGK44GR44O76Kit572u44G+44Gn44Gu5rWB44KMJyBzcmM9J2h0dHA6Ly9pbWFnZS5yYWt1dGVuLmNvLmpwL2JpY2NhbWVyYS9jYWJpbmV0L25zL2luZm8vc2V0dXAuZ2lmJz48YnI+4pagPGI+44CM44GP44KJ44GX44Kr44Oh44OpIEbjgI0g44Gn5b+r6YGp77yG56+A6Zu7PC9iPjxCUj7jgIDvvLtlY2/jgZPjgozjgaPjgY3jgorvvL3jg5zjgr/jg7PjgpLmirzjgZnjgaDjgZHjgafjgIHkurrjga7mlbDjgoTkvY3nva7jgIHli5XjgY3jgarjganjgpLvvLvjgY/jgonjgZfjgqvjg6Hjg6kgRu+8veOBjOOCreODo+ODg+ODgeOBl+OAgea4qeW6puOChOmiqOWQkeODu+miqOmHj+OCkuOCs+ODs+ODiOODreODvOODq+OBl+OBvuOBmeOAgjxCUj48QlI+4pagPGI+5pel56uL54us6IeqIOOAjOOCueODhuODs+ODrOOCueODu+OCr+ODquODvOODsyDjgrfjgrnjg4bjg6DjgI08L2I+PEJSPuOAgOaZruauteaJi+WFpeOCjOOBruOBl+OBq+OBj+OBhOOCqOOCouOCs+ODs+WGhemDqOOBrua4hea9lOOBleOBq+OBk+OBoOOCj+OCiuOAgemAmumiqOi3r+OChOODleODqeODg+ODl+OAgeODleOCo+ODq+OCv+ODvOOBq+OAgemZpOiPjOWKueaenOOBjOOBguOCi+OCueODhuODs+ODrOOCueOCkuS9v+eUqOOBl+OBn+aXpeeri+eLrOiHqu+8u+OCueODhuODs+ODrOOCueODu+OCr+ODquODvOODsyDjgrfjgrnjg4bjg6DvvL3jgpLmjqHnlKjjgILjgZfjgYvjgoLjgIHjg5XjgqPjg6vjgr/jg7zoh6rli5XjgYrmjoPpmaTjgafjgYrmiYvlhaXjgozjg6njgq/jg6njgq/jgII8QlI+PEJSPuKWoDxiPuOAjOOCq+ODqeODg+OBqOmZpOa5v+OAjSDjg7vlgaXlurflhrfmiL8g44CM5ra85b+r44CNIOaQrei8iTwvYj48QlI+44CA44O777y744Kr44Op44OD44Go6Zmk5rm/77y977yaIOWGjeeGseaWueW8j+OBp+Wto+evgOOBq+WQiOOCj+OBm+OBpuS+v+WIqeOBq+S9v+OBiOOCi+OAguWvkuOBj+OBquOCieOBquOBhOW/q+mBqemZpOa5v+OAgjxCUj7jgIDjg7vlgaXlurflhrfmiL/vvLvmtrzlv6vvvL3vvJog5rm/5bqm44KS6Ieq5YuV44Gn44Kz44Oz44OI44Ot44O844Or44GX44Gm44CB5Ya344KE44GX44GZ44GO44Ga44CB44GV44KP44KE44GL44Gq5ra844GX44GV44KS44GK5bGK44GR44GX44G+44GZ44CCPEJSPjxCUj48Yj7jgJDnlJ/nlKPlrozkuoblk4HjgJE8L2I+PEJSPuWVhuWTgeacrOS9k+OBr+acquS9v+eUqOOBruaWsOWTgeOBp+OBmeOAgjxCUj48QlI+44Oh44O844Kr44O844Gr44Gm55Sf55Sj44GM5a6M5LqG44GX44Gf5pen44Oi44OH44Or44Gn44GZ44CCPEJSPjxCUj7llYblk4HjgavjgojjgorjgIHlo7LjgorliIfjgozlvozjga/lho3lhaXojbfjgYznhKHjgYTloLTlkIjjgoLjgYLjgorjgb7jgZnjgII8QlI+PEJSPuOBk+OBruWVhuWTgeOBjOS4h+S4gOWIneacn+S4jeiJr+OBp+W8iuekvuWcqOW6q+OBjOOBquOBhOWgtOWQiOOAgei/lOWTgeWvvuW/nOOCguOBl+OBj+OBr+ODoeODvOOCq+ODvOS/rueQhuWvvuW/nOOBq+OBquOCiuOBvuOBmeOAgjxCUj48QlI+PGI+4oC744GT44Gh44KJ44Gu5ZWG5ZOB44Gv44CBPGZvbnQgY29sb3I9cmVkPuWVhuWTgeOBruOBiuWxiuOBkeaXpeOBqOW3peS6i+aXpeOBjOWIpeOAheOBruaJi+mFjeOBqOOBquOCi+WgtOWQiOOBjOOBlOOBluOBhOOBvuOBmeOAgjwvZm9udD7kuojjgoHjgZTkuobmib/jgY/jgaDjgZXjgYTjgII8L2I+PGRpdiBpZD0nc3AxNSc+PHRhYmxlIGJnY29sb3I9JyNGRkZGRkYnIGJvcmRlcj0nMCcgY2VsbHBhZGRpbmc9JzAnIGNlbGxzcGFjaW5nPScyJz48dHI+PHRkIGNsYXNzPSdzdWJ0aXRsZScgY29sc3Bhbj0nMic+5qmf6IO96aCF55uuPC90ZD48L3RyPjx0cj48dGQgY2xhc3M9J3N0aXRsZSc+55yB44Ko44ON5Z+65rqW6YGU5oiQ546HPC90ZD48dGQgY2xhc3M9J3NkYXRhJz4xMTTvvIU8L3RkPjwvdHI+PHRyPjx0ZCBjbGFzcz0nc3RpdGxlJz7mnJ/plpPmtojosrvpm7vlipvph4/vvIhKSVMgQyA5NjEy77yaMjAwNe+8iTwvdGQ+PHRkIGNsYXNzPSdzZGF0YSc+MjIxNWtXaDwvdGQ+PC90cj48dHI+PHRkIGNsYXNzPSdzdGl0bGUnPuacn+mWk+a2iOiyu+mbu+WKm+mHj++8iEpJUyBDIDk2MTLvvJoyMDEz77yJPC90ZD48dGQgY2xhc3M9J3NkYXRhJz4yMDkxa1doPC90ZD48L3RyPjx0cj48dGQgY2xhc3M9J3N0aXRsZSc+5bm06ZaT6Zu75rCX5Luj55uu5a6JPC90ZD48dGQgY2xhc3M9J3NkYXRhJz7ntIQ1OTgwMOWGhjwvdGQ+PC90cj48dHI+PHRkIGNsYXNzPSdzdGl0bGUnPkFQRu+8iEpJUyBDIDk2MTLvvJoyMDA177yJPC90ZD48dGQgY2xhc3M9J3NkYXRhJz41Ljc8L3RkPjwvdHI+PHRyPjx0ZCBjbGFzcz0nc3RpdGxlJz7nnIHjgqjjg43mgKfog73vvIjimIXvvZ7imIXimIXimIXimIXimIXvvIk8L3RkPjx0ZCBjbGFzcz0nc2RhdGEnPuKYheKYheKYheKYheKYhjwvdGQ+PC90cj48dHI+PHRkIGNsYXNzPSdzdGl0bGUnPuiJsjwvdGQ+PHRkIGNsYXNzPSdzZGF0YSc+77yIV++8ieOCr+ODquOCouODm+ODr+OCpOODiDwvdGQ+PC90cj48dHI+PHRkIGNsYXNzPSdzdGl0bGUnPuWupOWGheapn+OCteOCpOOCuu+8iOmrmOOBlcOX5bmFw5flpaXooYzvvIk8L3RkPjx0ZCBjbGFzcz0nc2RhdGEnPjI5NcOXNzk4w5czNTBtbTwvdGQ+PC90cj48dHI+PHRkIGNsYXNzPSdzdGl0bGUnPuWupOWkluapn+OCteOCpOOCuu+8iOmrmOOBlcOX5bmFw5flpaXooYzvvIk8L3RkPjx0ZCBjbGFzcz0nc2RhdGEnPjcxNMOXODU577yI77yLNjnvvInDlzMwOe+8iO+8izUx77yJbW08L3RkPjwvdHI+PHRyPjx0ZCBjbGFzcz0nc3RpdGxlJz7mnKzkvZPph43ph4/vvIjlrqTlhoXmqZ8v5a6k5aSW5qmf77yJPC90ZD48dGQgY2xhc3M9J3NkYXRhJz4xNi4wa2cvNDIuNWtnPC90ZD48L3RyPjx0cj48dGQgY2xhc3M9J3N0aXRsZSc+5a++5b+c55Wz5pWw77yI5pqW5oi/5pmC77yJPC90ZD48dGQgY2xhc3M9J3NkYXRhJz4xNu+9njIw55WzPC90ZD48L3RyPjx0cj48dGQgY2xhc3M9J3N0aXRsZSc+5pqW5oi/6IO95YqbPC90ZD48dGQgY2xhc3M9J3NkYXRhJz43LjFrdzwvdGQ+PC90cj48dHI+PHRkIGNsYXNzPSdzdGl0bGUnPuS9jua4qeaaluaIv+iDveWKm++8iOWkluawlzLihIPvvIk8L3RkPjx0ZCBjbGFzcz0nc2RhdGEnPjguNGtXPC90ZD48L3RyPjx0cj48dGQgY2xhc3M9J3N0aXRsZSc+5pqW5oi/5pmC5raI6LK76Zu75YqbPC90ZD48dGQgY2xhc3M9J3NkYXRhJz4xODcwVyDvvIgxNTDvvZ4zOTAwV++8iTwvdGQ+PC90cj48dHI+PHRkIGNsYXNzPSdzdGl0bGUnPuWvvuW/nOeVs+aVsO+8iOWGt+aIv+aZgu+8iTwvdGQ+PHRkIGNsYXNzPSdzZGF0YSc+MTfvvZ4yNueVszwvdGQ+PC90cj48dHI+PHRkIGNsYXNzPSdzdGl0bGUnPuWGt+aIv+iDveWKmzwvdGQ+PHRkIGNsYXNzPSdzZGF0YSc+Ni4za1c8L3RkPjwvdHI+PHRyPjx0ZCBjbGFzcz0nc3RpdGxlJz7lhrfmiL/mmYLmtojosrvpm7vlips8L3RkPjx0ZCBjbGFzcz0nc2RhdGEnPjE5ODBXIO+8iDE2Ne+9njMwODBX77yJPC90ZD48L3RyPjx0cj48dGQgY2xhc3M9J3N0aXRsZSc+6Zu75rqQPC90ZD48dGQgY2xhc3M9J3NkYXRhJz7ljZjnm7gyMDBW44O7MjBBPC90ZD48L3RyPjx0cj48dGQgY2xhc3M9J3N0aXRsZSc+6YWN566h6ZW3L+mrmOS9juW3rjwvdGQ+PHRkIGNsYXNzPSdzZGF0YSc+MjBtLzEwbTwvdGQ+PC90cj48dHI+PHRkIGNsYXNzPSdzdGl0bGUnPumFjeeuoeW+hO+8iOa2suWBtC/jgqzjgrnlgbTvvIk8L3RkPjx0ZCBjbGFzcz0nc2RhdGEnPs+GNi4zNS8xMi43bW3vvIgy5YiGNOWIhu+8iTwvdGQ+PC90cj48dHI+PHRkIGNsYXNzPSdzdGl0bGUnPuODleOCo+ODq+OCv+ODvOiHquWLleOBiuaOg+mZpDwvdGQ+PHRkIGNsYXNzPSdzZGF0YSc+5pyJIO+8iOODgOOCueODiOODnOODg+OCr+OCueaWueW8j++8iTwvdGQ+PC90cj48dHI+PHRkIGNsYXNzPSdzdGl0bGUnPuOCu+ODs+OCteODvOapn+iDvTwvdGQ+PHRkIGNsYXNzPSdzZGF0YSc+5pyJIO+8iOOBj+OCieOBl+OCq+ODoeODqSBG77yJPC90ZD48L3RyPjx0cj48dGQgY2xhc3M9J3N0aXRsZSc+5b+r6YGp5rCX5rWB5qmf6IO9PC90ZD48dGQgY2xhc3M9J3NkYXRhJz7mnIk8L3RkPjwvdHI+PHRyPjx0ZCBjbGFzcz0nc3RpdGxlJz7lr5LjgY/jgarjgonjgarjgYTlv6vpganpmaTmub/mqZ/og708L3RkPjx0ZCBjbGFzcz0nc2RhdGEnPuaciSDvvIjlho3nhrHpmaTmub/vvIk8L3RkPjwvdHI+PHRyPjx0ZCBjbGFzcz0nc3RpdGxlJz7nqbrmsJfmuIXmtYTmqZ/og708L3RkPjx0ZCBjbGFzcz0nc2RhdGEnPi08L3RkPjwvdHI+PHRyPjx0ZCBjbGFzcz0nc3RpdGxlJz7mlrDlhrflqpJSMzLlr77lv5w8L3RkPjx0ZCBjbGFzcz0nc2RhdGEnPuWvvuW/nDwvdGQ+PC90cj48dHI+PHRkIGNsYXNzPSdzdGl0bGUnPuOCueODnuODvOODiOODleOCqeODs+WvvuW/nDwvdGQ+PHRkIGNsYXNzPSdzZGF0YSc+5a++5b+cIO+8iOWIpemAlOOCouODgOODl+OCv+ODvOetieOBjOW/heimge+8iTwvdGQ+PC90cj48dHI+PHRkIGNsYXNzPSdzdGl0bGUnPuWKoOa5v+apn+iDvTwvdGQ+PHRkIGNsYXNzPSdzZGF0YSc+LTwvdGQ+PC90cj48L3RhYmxlPjwvZGl2Pg==,44CQ5qiZ5rqW5bel5LqL6LK7MTU2NjDlhoYo56iO6L68KeOBjOOCu+ODg+ODiO+8geOAkSDml6Xnq4sg44CQ44Ki44Km44OI44Os44OD44OI5ZOB44CR44Ko44Ki44Kz44Oz77yI5Ya35oi/5pmCMTfvvZ4yNueVs++8j+aaluaIv+aZgjE2772eMjDnlbPvvInjgIznmb3jgY/jgb7jgY/jgpMgReOCt+ODquODvOOCuuOAjeOAgFJBUy1FNjNFMi1XIOOAkOODleOCo+ODq+OCv+ODvOiHquWLleOBiuaOg+mZpOapn+iDveS7mOOAkeOAkOeUn+eUo+WujOS6huWTgeOAkVtSQVNFNjNFMl3jgJBrazluMGQxOHDjgJFb5qiZ5rqW5Y+W5LuY5bel5LqL6LK76L68Xe+8muODk+ODg+OCr+OCq+ODoeODqealveWkqeW4guWgtOW6lw==,44CQ5qiZ5rqW5bel5LqL6LK7MTU2NjDlhoYo56iO6L68KeOBjOOCu+ODg+ODiO+8geOAkSDml6Xnq4sg44CQ44Ki44Km44OI44Os44OD44OI5ZOB44CR44Ko44Ki44Kz44Oz77yI5Ya35oi/5pmCMTfvvZ4yNueVs++8j+aaluaIv+aZgjE2772eMjDnlbPvvInjgIznmb3jgY/jgb7jgY/jgpMgReOCt+ODquODvOOCuuOAjeOAgFJBUy1FNjNFMi1XIOOAkOODleOCo+ODq+OCv+ODvOiHquWLleOBiuaOg+mZpOapn+iDveS7mOOAkeOAkOeUn+eUo+WujOS6huWTgeOAkVtSQVNFNjNFMl3jgJBrazluMGQxOHDjgJFb5qiZ5rqW5Y+W5LuY5bel5LqL6LK76L68XQ==,44CQ5qiZ5rqW5bel5LqL6LK7MTU2NjDlhoYo56iO6L68KeOBjOOCu+ODg+ODiO+8geOAkSDml6Xnq4sg44CQ44Ki44Km44OI44Os44OD44OI5ZOB44CR44Ko44Ki44Kz44Oz77yI5Ya35oi/5pmCMTfvvZ4yNueVs++8j+aaluaIv+aZgjE2772eMjDnlbPvvInjgIznmb3jgY/jgb7jgY/jgpMgReOCt+ODquODvOOCuuOAjeOAgFJBUy1FNjNFMi1XIOOAkOODleOCo+ODq+OCv+ODvOiHquWLleOBiuaOg+mZpOapn+iDveS7mOOAkeOAkOeUn+eUo+WujOS6huWTgeOAkVtSQVNFNjNFMl3jgJBrazluMGQxOHDjgJFb5qiZ5rqW5Y+W5LuY5bel5LqL6LK76L68XQ==[rn]
37-97120,aHR0cDovL3RzaG9wLnIxMHMuanAvYmljY2FtZXJhL2NhYmluZXQvcHJvZHVjdC8yMTY1LzAwMDAwMDAzMzcyNDMxX2EwMS5qcGc/Zml0aW49NzAwOjcwMA==,MTExNzE1LjIwMDA=,,5a626Zu7ID4g5a2j56+A44O756m66Kq/5a626Zu7ID4g44Ko44Ki44Kz44OzID4g44Ko44Ki44Kz44Oz,44CQ5qiZ5rqW5bel5LqL6LK7MTU2NjDlhoYo56iO6L68KeOBjOOCu+ODg+ODiO+8geOAkSDkuInoj7Eg44CQ44Ki44Km44OI44Os44OD44OI5ZOB44CR44Ko44Ki44Kz44OzIO+8iOWGt+aIv+aZgjEx772eMTfnlbPvvI/mmpbmiL/mmYIxMe+9njE055Wz77yJ44CMQlhW44K344Oq44O844K644CN44CATVNaLUJYVjQwMTZTLVfjgJDjg5XjgqPjg6vjgr/jg7zoh6rli5XjgYrmjoPpmaTmqZ/og73ku5jjgJHjgJDlpJboo4XkuI3oia/lk4HvvIjlpJbnrrHjga7jgb/vvInjgJFNU1otQlhWNDAxNlNb5qiZ5rqW5Y+W5LuY5bel5LqL6LK76L68XQ==,,PGRpdiBzdHlsZT0nbWFyZ2luOjBweCBhdXRvO3RleHQtYWxpZ246Y2VudGVyOyc+PGEgdGFyZ2V0PSdfYmxhbmsnIGhyZWY9J2h0dHA6Ly93d3cucmFrdXRlbi5uZS5qcC9nb2xkL2JpY2NhbWVyYS9ucy9wYWdlL2luZm8vYWlyY29uL2luZGV4Lmh0bWwnPjxpbWcgc3JjPSdodHRwOi8vaW1hZ2UucmFrdXRlbi5jby5qcC9iaWNjYW1lcmEvY2FiaW5ldC9ucy9pbmZvL2FpcmNvbi5naWYnIGJvcmRlcj0nMCcgdnNwYWNlPSc1Jz48L2E+PGJyPjxmb250IHNpemU9Jy0xJz7ml6XmnKzlhajlm73jgIHphY3pgIHjg7voqK3nva7jgpLjgYrmib/jgoroh7TjgZfjgb7jgZnjgILvvIjigLvkuIDpg6jlnLDln5/jgpLpmaTjgY/vvIk8YnI+4oC76YWN6YCB5pmC6ZaT44Gu5oyH5a6a44Gv44GK5om/44KK44Gn44GN44G+44Gb44KT44CCPC9mb250PjwvZGl2Pjxicj48aW1nIGFsdD0n44GU5rOo5paH44GL44KJ44GK5bGK44GR44O76Kit572u44G+44Gn44Gu5rWB44KMJyBzcmM9J2h0dHA6Ly9pbWFnZS5yYWt1dGVuLmNvLmpwL2JpY2NhbWVyYS9jYWJpbmV0L25zL2luZm8vc2V0dXAuZ2lmJz48YnI+4peP5o2u5LuY5a+45rOVMjk1bW3jgafnqpPkuIrjgarjganjga7ni63jgYTloLTmiYDjgavjgoLoqK3nva7lj6/og708QlI+4peP44OP44Kk44OW44Oq44OD44OJ6YGL6Lui44Gn44CB5b+r6YGp44Gr56+A6Zu7PEJSPuKXj+ODleOCo+ODq+OCv+ODvOOBiuOBneOBhuOBmOODoeOCq+OBp+OBiuaJi+WFpeOCjOODqeOCr+ODqeOCrzxCUj7il4/jgIzjg6Djg7zjg5bjgqLjgqTjgI3jgafjgIHkurrjgoTlkajlm7LmuKnluqbjgoLopovjgabjg6Djg6njgarjgY/lv6vpganjgII8QlI+4peP44Ov44Kk44OJ44Go44Ot44Oz44Kw44Gu5rCX5rWB44Gn5b+r6YGp44KS44GK5bGK44GR44CCPEJSPuKXj+OCqOOCouOCs+ODs+OBruWGheWBtOOCguWkluWBtOOCgua4hea9lOOCkuOCreODvOODl+OAgjxCUj48QlI+44CQ5aSW6KOF5LiN6Imv5ZOB44CRPEJSPuWVhuWTgeacrOS9k+OBr+acquS9v+eUqOOBruaWsOWTgeOBp+OBmeOAgjxCUj7nrrHvvIjjg4Djg7Pjg5zjg7zjg6vnrrHjgoTljJbnsqfnrrHvvInjgavjgrnjg6zjgoTjgq3jgrrjgYzjgYLjgorjgb7jgZnvvIjjgoTjgoTnoLTjgozjga7loLTlkIjjgoLjgYLjgorjgb7jgZnvvInjgII8QlI+44GU6Ieq6Lqr44Gr44Gm44GU5L2/55So44Gu5aC05ZCI44Gr44GK44GZ44GZ44KB44Gq5ZWG5ZOB44Gn44GZ44CC44GT44Gu5ZWG5ZOB44GM5LiH5LiA5Yid5pyf5LiN6Imv44Gn5byK56S+5Zyo5bqr44GM44Gq44GE5aC05ZCI44CB6L+U5ZOB5a++5b+c44KC44GX44GP44Gv44Oh44O844Kr44O85L+u55CG5a++5b+c44Gr44Gq44KK44G+44GZ44CCPGI+4oC744GT44Gh44KJ44Gu5ZWG5ZOB44Gv44CBPGZvbnQgY29sb3I9cmVkPuWVhuWTgeOBruOBiuWxiuOBkeaXpeOBqOW3peS6i+aXpeOBjOWIpeOAheOBruaJi+mFjeOBqOOBquOCi+WgtOWQiOOBjOOBlOOBluOBhOOBvuOBmeOAgjwvZm9udD7kuojjgoHjgZTkuobmib/jgY/jgaDjgZXjgYTjgII8L2I+PGRpdiBpZD0nc3AxNSc+PHRhYmxlIGJnY29sb3I9JyNGRkZGRkYnIGJvcmRlcj0nMCcgY2VsbHBhZGRpbmc9JzAnIGNlbGxzcGFjaW5nPScyJz48dHI+PHRkIGNsYXNzPSdzdWJ0aXRsZScgY29sc3Bhbj0nMic+5qmf6IO96aCF55uuPC90ZD48L3RyPjx0cj48dGQgY2xhc3M9J3N0aXRsZSc+55yB44Ko44ON5Z+65rqW6YGU5oiQ546HPC90ZD48dGQgY2xhc3M9J3NkYXRhJz4xMDTvvIU8L3RkPjwvdHI+PHRyPjx0ZCBjbGFzcz0nc3RpdGxlJz7mnJ/plpPmtojosrvpm7vlipvph4/vvIhKSVMgQyA5NjEy77yaMjAwNe+8iTwvdGQ+PHRkIGNsYXNzPSdzZGF0YSc+MTQ4NGtXaDwvdGQ+PC90cj48dHI+PHRkIGNsYXNzPSdzdGl0bGUnPuacn+mWk+a2iOiyu+mbu+WKm+mHj++8iEpJUyBDIDk2MTLvvJoyMDEz77yJPC90ZD48dGQgY2xhc3M9J3NkYXRhJz4xNTcya1doPC90ZD48L3RyPjx0cj48dGQgY2xhc3M9J3N0aXRsZSc+5bm06ZaT6Zu75rCX5Luj55uu5a6JPC90ZD48dGQgY2xhc3M9J3NkYXRhJz7ntIQ0MjQwMOWGhjwvdGQ+PC90cj48dHI+PHRkIGNsYXNzPSdzdGl0bGUnPkFQRu+8iEpJUyBDIDk2MTLvvJoyMDA177yJPC90ZD48dGQgY2xhc3M9J3NkYXRhJz41LjE8L3RkPjwvdHI+PHRyPjx0ZCBjbGFzcz0nc3RpdGxlJz7nnIHjgqjjg43mgKfog73vvIjimIXvvZ7imIXimIXimIXimIXimIXvvIk8L3RkPjx0ZCBjbGFzcz0nc2RhdGEnPuKYheKYheKYhuKYhuKYhjwvdGQ+PC90cj48dHI+PHRkIGNsYXNzPSdzdGl0bGUnPuiJsjwvdGQ+PHRkIGNsYXNzPSdzZGF0YSc+77yIV++8ieOCpuOCp+ODvOODluODm+ODr+OCpOODiDwvdGQ+PC90cj48dHI+PHRkIGNsYXNzPSdzdGl0bGUnPuWupOWGheapn+OCteOCpOOCuu+8iOmrmOOBlcOX5bmFw5flpaXooYzvvIk8L3RkPjx0ZCBjbGFzcz0nc2RhdGEnPjI1MMOXNzk5w5czMTBtbTwvdGQ+PC90cj48dHI+PHRkIGNsYXNzPSdzdGl0bGUnPuWupOWkluapn+OCteOCpOOCuu+8iOmrmOOBlcOX5bmFw5flpaXooYzvvIk8L3RkPjx0ZCBjbGFzcz0nc2RhdGEnPjU1MMOXODAww5cyODVtbTwvdGQ+PC90cj48dHI+PHRkIGNsYXNzPSdzdGl0bGUnPuacrOS9k+mHjemHj++8iOWupOWGheapny/lrqTlpJbmqZ/vvIk8L3RkPjx0ZCBjbGFzcz0nc2RhdGEnPjEzLjBrZy8yOS4wa2c8L3RkPjwvdHI+PHRyPjx0ZCBjbGFzcz0nc3RpdGxlJz7lr77lv5znlbPmlbDvvIjmmpbmiL/mmYLvvIk8L3RkPjx0ZCBjbGFzcz0nc2RhdGEnPjEx772eMTTnlbM8L3RkPjwvdHI+PHRyPjx0ZCBjbGFzcz0nc3RpdGxlJz7mmpbmiL/og73lips8L3RkPjx0ZCBjbGFzcz0nc2RhdGEnPjUuMGtXPC90ZD48L3RyPjx0cj48dGQgY2xhc3M9J3N0aXRsZSc+5L2O5rip5pqW5oi/6IO95Yqb77yI5aSW5rCXMuKEg++8iTwvdGQ+PHRkIGNsYXNzPSdzZGF0YSc+NS40a1c8L3RkPjwvdHI+PHRyPjx0ZCBjbGFzcz0nc3RpdGxlJz7mmpbmiL/mmYLmtojosrvpm7vlips8L3RkPjx0ZCBjbGFzcz0nc2RhdGEnPjEzNjBXIO+8iDEzNe+9njI1MDBX77yJPC90ZD48L3RyPjx0cj48dGQgY2xhc3M9J3N0aXRsZSc+5a++5b+c55Wz5pWw77yI5Ya35oi/5pmC77yJPC90ZD48dGQgY2xhc3M9J3NkYXRhJz4xMe+9njE355WzPC90ZD48L3RyPjx0cj48dGQgY2xhc3M9J3N0aXRsZSc+5Ya35oi/6IO95YqbPC90ZD48dGQgY2xhc3M9J3NkYXRhJz40LjBrVzwvdGQ+PC90cj48dHI+PHRkIGNsYXNzPSdzdGl0bGUnPuWGt+aIv+aZgua2iOiyu+mbu+WKmzwvdGQ+PHRkIGNsYXNzPSdzZGF0YSc+MTgzNVcg77yIMTY1772eMjAwMFfvvIk8L3RkPjwvdHI+PHRyPjx0ZCBjbGFzcz0nc3RpdGxlJz7pm7vmupA8L3RkPjx0ZCBjbGFzcz0nc2RhdGEnPuWNmOebuDIwMFbjg7sxNUE8L3RkPjwvdHI+PHRyPjx0ZCBjbGFzcz0nc3RpdGxlJz7phY3nrqHplbcv6auY5L2O5beuPC90ZD48dGQgY2xhc3M9J3NkYXRhJz4xMm0vMTBtPC90ZD48L3RyPjx0cj48dGQgY2xhc3M9J3N0aXRsZSc+6YWN566h5b6E77yI5ray5YG0L+OCrOOCueWBtO+8iTwvdGQ+PHRkIGNsYXNzPSdzZGF0YSc+z4Y2LjM1LzkuNTJtbe+8iDLliIYz5YiG77yJPC90ZD48L3RyPjx0cj48dGQgY2xhc3M9J3N0aXRsZSc+44OV44Kj44Or44K/44O86Ieq5YuV44GK5o6D6ZmkPC90ZD48dGQgY2xhc3M9J3NkYXRhJz7mnIkg77yI44OA44K544OI44Oc44OD44Kv44K55pa55byP77yJPC90ZD48L3RyPjx0cj48dGQgY2xhc3M9J3N0aXRsZSc+44K744Oz44K144O85qmf6IO9PC90ZD48dGQgY2xhc3M9J3NkYXRhJz7mnIkg77yI5Lq65oSf44K744Oz44K144O877yJPC90ZD48L3RyPjx0cj48dGQgY2xhc3M9J3N0aXRsZSc+5b+r6YGp5rCX5rWB5qmf6IO9PC90ZD48dGQgY2xhc3M9J3NkYXRhJz7mnIk8L3RkPjwvdHI+PHRyPjx0ZCBjbGFzcz0nc3RpdGxlJz7lr5LjgY/jgarjgonjgarjgYTlv6vpganpmaTmub/mqZ/og708L3RkPjx0ZCBjbGFzcz0nc2RhdGEnPi08L3RkPjwvdHI+PHRyPjx0ZCBjbGFzcz0nc3RpdGxlJz7jgqTjgqrjg7Pjg7vjg5/jgrnjg4jjgarjgak8L3RkPjx0ZCBjbGFzcz0nc2RhdGEnPi08L3RkPjwvdHI+PHRyPjx0ZCBjbGFzcz0nc3RpdGxlJz7nqbrmsJfmuIXmtYTmqZ/og708L3RkPjx0ZCBjbGFzcz0nc2RhdGEnPuaciSDvvIhQTTIuNeWvvuW/nO+8iTwvdGQ+PC90cj48dHI+PHRkIGNsYXNzPSdzdGl0bGUnPuaWsOWGt+WqklIzMuWvvuW/nDwvdGQ+PHRkIGNsYXNzPSdzZGF0YSc+5a++5b+cPC90ZD48L3RyPjx0cj48dGQgY2xhc3M9J3N0aXRsZSc+44K544Oe44O844OI44OV44Kp44Oz5a++5b+cPC90ZD48dGQgY2xhc3M9J3NkYXRhJz7lr77lv5wg77yI5Yil6YCU44Ki44OA44OX44K/44O8562J44GM5b+F6KaB77yJPC90ZD48L3RyPjx0cj48dGQgY2xhc3M9J3N0aXRsZSc+5Yqg5rm/5qmf6IO9PC90ZD48dGQgY2xhc3M9J3NkYXRhJz4tPC90ZD48L3RyPjwvdGFibGU+PC9kaXY+,44CQ5qiZ5rqW5bel5LqL6LK7MTU2NjDlhoYo56iO6L68KeOBjOOCu+ODg+ODiO+8geOAkSDkuInoj7Eg44CQ44Ki44Km44OI44Os44OD44OI5ZOB44CR44Ko44Ki44Kz44OzIO+8iOWGt+aIv+aZgjEx772eMTfnlbPvvI/mmpbmiL/mmYIxMe+9njE055Wz77yJ44CMQlhW44K344Oq44O844K644CN44CATVNaLUJYVjQwMTZTLVfjgJDjg5XjgqPjg6vjgr/jg7zoh6rli5XjgYrmjoPpmaTmqZ/og73ku5jjgJHjgJDlpJboo4XkuI3oia/lk4HvvIjlpJbnrrHjga7jgb/vvInjgJFNU1otQlhWNDAxNlNb5qiZ5rqW5Y+W5LuY5bel5LqL6LK76L68Xe+8muODk+ODg+OCr+OCq+ODoeODqealveWkqeW4guWgtOW6lw==,44CQ5qiZ5rqW5bel5LqL6LK7MTU2NjDlhoYo56iO6L68KeOBjOOCu+ODg+ODiO+8geOAkSDkuInoj7Eg44CQ44Ki44Km44OI44Os44OD44OI5ZOB44CR44Ko44Ki44Kz44OzIO+8iOWGt+aIv+aZgjEx772eMTfnlbPvvI/mmpbmiL/mmYIxMe+9njE055Wz77yJ44CMQlhW44K344Oq44O844K644CN44CATVNaLUJYVjQwMTZTLVfjgJDjg5XjgqPjg6vjgr/jg7zoh6rli5XjgYrmjoPpmaTmqZ/og73ku5jjgJHjgJDlpJboo4XkuI3oia/lk4HvvIjlpJbnrrHjga7jgb/vvInjgJFNU1otQlhWNDAxNlNb5qiZ5rqW5Y+W5LuY5bel5LqL6LK76L68XQ==,44CQ5qiZ5rqW5bel5LqL6LK7MTU2NjDlhoYo56iO6L68KeOBjOOCu+ODg+ODiO+8geOAkSDkuInoj7Eg44CQ44Ki44Km44OI44Os44OD44OI5ZOB44CR44Ko44Ki44Kz44OzIO+8iOWGt+aIv+aZgjEx772eMTfnlbPvvI/mmpbmiL/mmYIxMe+9njE055Wz77yJ44CMQlhW44K344Oq44O844K644CN44CATVNaLUJYVjQwMTZTLVfjgJDjg5XjgqPjg6vjgr/jg7zoh6rli5XjgYrmjoPpmaTmqZ/og73ku5jjgJHjgJDlpJboo4XkuI3oia/lk4HvvIjlpJbnrrHjga7jgb/vvInjgJFNU1otQlhWNDAxNlNb5qiZ5rqW5Y+W5LuY5bel5LqL6LK76L68XQ==[rn]
37-97121,aHR0cDovL3RzaG9wLnIxMHMuanAvYmljY2FtZXJhL2NhYmluZXQvcHJvZHVjdC8yNTg5LzAwMDAwMDAzNTkxMjQ3X2EwMS5qcGc/Zml0aW49NzAwOjcwMA==,ODAwMDYuNDAwMA==,,5a626Zu7ID4g5a2j56+A44O756m66Kq/5a626Zu7ID4g44Ko44Ki44Kz44OzID4g44Ko44Ki44Kz44Oz,44CQ5qiZ5rqW5bel5LqL6LK7MTA1ODTlhoYo56iO6L68KeOBjOOCu+ODg+ODiO+8geOAkSDjg4DjgqTjgq3jg7Mg6ZmQ5a6aM+WPsOOAkOOCouOCpuODiOODrOODg+ODiOWTgeOAkeOCqOOCouOCs+ODsyDvvIjlhrfmiL/mmYI3772eMTDnlbPvvI/mmpbmiL/mmYI2772eOOeVs++8ieOAjENY44K344Oq44O844K644CN44CAUzI1VFRDWFMtVyDjgJDjg5XjgqPjg6vjgr/jg7zoh6rli5XjgYrmjoPpmaTmqZ/og73ku5jjgJHjgJDlpJboo4XkuI3oia/lk4HvvIjlpJbnrrHjga7jgb/vvInjgJFTMjVUVENYU1vmqJnmupblj5bku5jlt6Xkuovosrvovrxd,,PGRpdiBzdHlsZT0nbWFyZ2luOjBweCBhdXRvO3RleHQtYWxpZ246Y2VudGVyOyc+PGEgdGFyZ2V0PSdfYmxhbmsnIGhyZWY9J2h0dHA6Ly93d3cucmFrdXRlbi5uZS5qcC9nb2xkL2JpY2NhbWVyYS9ucy9wYWdlL2luZm8vYWlyY29uL2luZGV4Lmh0bWwnPjxpbWcgc3JjPSdodHRwOi8vaW1hZ2UucmFrdXRlbi5jby5qcC9iaWNjYW1lcmEvY2FiaW5ldC9ucy9pbmZvL2FpcmNvbi5naWYnIGJvcmRlcj0nMCcgdnNwYWNlPSc1Jz48L2E+PGJyPjxmb250IHNpemU9Jy0xJz7ml6XmnKzlhajlm73jgIHphY3pgIHjg7voqK3nva7jgpLjgYrmib/jgoroh7TjgZfjgb7jgZnjgILvvIjigLvkuIDpg6jlnLDln5/jgpLpmaTjgY/vvIk8YnI+4oC76YWN6YCB5pmC6ZaT44Gu5oyH5a6a44Gv44GK5om/44KK44Gn44GN44G+44Gb44KT44CCPC9mb250PjwvZGl2Pjxicj48aW1nIGFsdD0n44GU5rOo5paH44GL44KJ44GK5bGK44GR44O76Kit572u44G+44Gn44Gu5rWB44KMJyBzcmM9J2h0dHA6Ly9pbWFnZS5yYWt1dGVuLmNvLmpwL2JpY2NhbWVyYS9jYWJpbmV0L25zL2luZm8vc2V0dXAuZ2lmJz48YnI+PGI+44OV44Kj44Or44K/44O86Ieq5YuV44GK5o6D6Zmk77yG44K544OI44Oq44O844Oe5o6h55So44Gn44CB44Ko44Ki44Kz44Oz5YaF6YOo44KC44Kt44Os44Kk44Gr44CCPC9iPjxicj48YnI+4pagPGI+44OV44Kj44Or44K/44O844Gu44Ob44Kz44Oq44KS44CB6Ieq5YuV55qE44Gr44CB44GK5o6D6ZmkPC9iPjxicj7jgIDjg5XjgqPjg6vjgr/jg7zjga7msZrjgozjgpLjg5bjg6njg4Pjgrfjg7PjgrDjgZfjgabjgZnjgaPjgY3jgorjgILjgqjjgqLjgrPjg7Pjga7pgYvou6LntYLkuoblvozjgIHoh6rli5XnmoTjgavjg5XjgqPjg6vjgr/jg7zjga7jg5vjgrPjg6rjgpLjg5bjg6njg4Pjgrfjg7PjgrDjgZfjgabjgIHjg4Djgrnjg4jjg5zjg4Pjgq/jgrnjgavlm57lj47jgILlrprmnJ/nmoTjgarjgYrmjoPpmaTjgafjgIHjg5XjgqPjg6vjgr/jg7zjga7nm67jgaXjgb7jgorjgpLmipHjgYjjgb7jgZnjgILmsrnliIbjgpLlkKvjgpPjgaDjg5vjgrPjg6rjgoLjgajjgozjgoTjgZnjgYTjgIHjg5Xjg4PntKDliqDlt6XjgpLmlr3jgZfjgZ/jg5XjgqPjg6vjgr/jg7zjgpLmjqHnlKjjgZfjgabjgYTjgb7jgZnjgII8YnI+PGJyPuKWoDxiPuWGt+OChOOBl+OBmeOBjuOAgeaaluOCgeOBmeOBjuOCkuaKkeOBiOOBpuW/q+mBqeOBqyDjgIzoh6rli5XpgYvou6LjgI08L2I+PGJyPuOAgOWupOWGhea4qeW6puOChOWxi+Wklua4qeW6puOBq+W/nOOBmOOBpuiHquWLleOBp+ioreWumua4qeW6puOBqDPjgaTjga7pgYvou6Ljg6Ljg7zjg4njgpLpgbjjgbPjgb7jgZnjgILlhqzjgoLjgIHlpI/jgoLjgIHlv6vpganjgavpgY7jgZTjgZvjgb7jgZnjgII8YnI+PGJyPuKWoDxiPuiSuOOBl+aakeOBhOWkj+OBp+OCguOAgeWKueeOh+OCiOOBj+WGt+aIvyDjgIzpq5jlpJbmsJfjgr/jg5Xjg43jgrnlhrfmiL/jgI08L2I+PGJyPuOAgOWkluawl+a4qeOBjOmrmOOBhOaZguOCguWKueeOh+OCiOOBj+mBi+i7ouOAguWFiOmAsuOBruWGt+WqkuWItuW+oeaKgOihk+OBp+OAgeWkluawl+a4qeOBjOmrmOOBj+OBpuOCgiDlhrfmiL/og73lipvjgYzokL3jgaHjgavjgY/jgY/jgIHjgojjgorlirnnjofjgojjgY/lhrfmiL/pgYvou6LjgYzooYzjgYjjgb7jgZnjgII8YnI+PGJyPuKWoDxiPuOBneOBruS7luOBrueJueW+tDwvYj48YnI+44CA44O7MC414oSD5Y2Y5L2N44Gn44CB5rip5bqm44Kz44Oz44OI44Ot44O844OrIOOAjFBJVO+8iOODlOODg+ODiO+8ieWItuW+oeOAjTxicj7jgIDjg7vjgYrjgoTjgZnjgb/kuK3jgoLjgIHlv6vpganjgavmuKnluqbliLblvqEg44CM44GK44KE44GZ44G/6YGL6Lui44CNPGJyPuOAgOODu+WGt+aIv+OBr+S4iuWQkeOBjeOBq+WQueOBjeWHuuOBl+OAgeaaluaIv+OBr+i2s+WFg+OBi+OCieawl+a1geOCkuOBiuWxiuOBkSDjgIzpoqjjgarjgYTjgrnpgYvou6LjgI08YnI+44CA44O76Zmk5rm/6YeP44Gr5b+c44GY44GmOeautemajuOBruODieODqeOCpOOBjOmBuOOBueOCiyDjgIw55q616ZqO44K744Os44Kv44OI44OJ44Op44Kk44CNPGJyPuOAgOODu+OBiuS9v+OBhOOBruOCqOOCouOCs+ODs+OBi+OCieWFpeOCjOabv+OBiOOCguOCueODoOODvOOCuu+8geOAjOaXouioremFjeeuoeWGjeWIqeeUqOOAjTxCUj48QlI+PGI+44CQ5aSW6KOF5LiN6Imv5ZOB44CRPC9iPjxCUj7llYblk4HmnKzkvZPjga/mnKrkvb/nlKjjga7mlrDlk4HjgafjgZnjgII8QlI+566x77yI44OA44Oz44Oc44O844Or566x44KE5YyW57Kn566x77yJ44Gr44K544Os44KE44Kt44K644GM44GC44KK44G+44GZ77yI44KE44KE56C044KM44Gu5aC05ZCI44KC44GC44KK44G+44GZ77yJ44CCPEJSPuOBlOiHqui6q+OBq+OBpuOBlOS9v+eUqOOBruWgtOWQiOOBq+OBiuOBmeOBmeOCgeOBquWVhuWTgeOBp+OBmeOAgjxCUj7jgZPjga7llYblk4HjgYzkuIfkuIDliJ3mnJ/kuI3oia/jgaflvIrnpL7lnKjluqvjgYzjgarjgYTloLTlkIjjgIHov5Tlk4Hlr77lv5zjgoLjgZfjgY/jga/jg6Hjg7zjgqvjg7zkv67nkIblr77lv5zjgavjgarjgorjgb7jgZnjgII8QlI+PEJSPjxiPuKAu+OBk+OBoeOCieOBruWVhuWTgeOBr+OAgTxmb250IGNvbG9yPXJlZD7llYblk4Hjga7jgYrlsYrjgZHml6Xjgajlt6Xkuovml6XjgYzliKXjgIXjga7miYvphY3jgajjgarjgovloLTlkIjjgYzjgZTjgZbjgYTjgb7jgZnjgII8L2ZvbnQ+5LqI44KB44GU5LqG5om/44GP44Gg44GV44GE44CCPC9iPjxkaXYgaWQ9J3NwMTUnPjx0YWJsZSBiZ2NvbG9yPScjRkZGRkZGJyBib3JkZXI9JzAnIGNlbGxwYWRkaW5nPScwJyBjZWxsc3BhY2luZz0nMic+PHRyPjx0ZCBjbGFzcz0nc3VidGl0bGUnIGNvbHNwYW49JzInPuapn+iDvemgheebrjwvdGQ+PC90cj48dHI+PHRkIGNsYXNzPSdzdGl0bGUnPuecgeOCqOODjeWfuua6lumBlOaIkOeOhzwvdGQ+PHRkIGNsYXNzPSdzZGF0YSc+MTAx77yFPC90ZD48L3RyPjx0cj48dGQgY2xhc3M9J3N0aXRsZSc+5pyf6ZaT5raI6LK76Zu75Yqb6YeP77yISklTIEMgOTYxMu+8mjIwMDXvvIk8L3RkPjx0ZCBjbGFzcz0nc2RhdGEnPjg0OWtXaDwvdGQ+PC90cj48dHI+PHRkIGNsYXNzPSdzdGl0bGUnPuacn+mWk+a2iOiyu+mbu+WKm+mHj++8iEpJUyBDIDk2MTLvvJoyMDEz77yJPC90ZD48dGQgY2xhc3M9J3NkYXRhJz44MDJrV2g8L3RkPjwvdHI+PHRyPjx0ZCBjbGFzcz0nc3RpdGxlJz7lubTplpPpm7vmsJfku6Pnm67lrok8L3RkPjx0ZCBjbGFzcz0nc2RhdGEnPue0hDIyOTAw5YaGPC90ZD48L3RyPjx0cj48dGQgY2xhc3M9J3N0aXRsZSc+QVBG77yISklTIEMgOTYxMu+8mjIwMDXvvIk8L3RkPjx0ZCBjbGFzcz0nc2RhdGEnPjUuOTwvdGQ+PC90cj48dHI+PHRkIGNsYXNzPSdzdGl0bGUnPuecgeOCqOODjeaAp+iDve+8iOKYhe+9nuKYheKYheKYheKYheKYhe+8iTwvdGQ+PHRkIGNsYXNzPSdzZGF0YSc+4piF4piF4piG4piG4piGPC90ZD48L3RyPjx0cj48dGQgY2xhc3M9J3N0aXRsZSc+6ImyPC90ZD48dGQgY2xhc3M9J3NkYXRhJz7vvIhX77yJ44Ob44Ov44Kk44OIPC90ZD48L3RyPjx0cj48dGQgY2xhc3M9J3N0aXRsZSc+5a6k5YaF5qmf44K144Kk44K677yI6auY44GVw5fluYXDl+WlpeihjO+8iTwvdGQ+PHRkIGNsYXNzPSdzZGF0YSc+Mjk1w5c3OTjDlzI2M21tPC90ZD48L3RyPjx0cj48dGQgY2xhc3M9J3N0aXRsZSc+5a6k5aSW5qmf44K144Kk44K677yI6auY44GVw5fluYXDl+WlpeihjO+8iTwvdGQ+PHRkIGNsYXNzPSdzZGF0YSc+NTUww5c2NzXvvIjvvIs2Ne+8icOXMjg077yI77yLNDLvvIltbTwvdGQ+PC90cj48dHI+PHRkIGNsYXNzPSdzdGl0bGUnPuacrOS9k+mHjemHj++8iOWupOWGheapny/lrqTlpJbmqZ/vvIk8L3RkPjx0ZCBjbGFzcz0nc2RhdGEnPjEwLjBrZy8yNi4wa2c8L3RkPjwvdHI+PHRyPjx0ZCBjbGFzcz0nc3RpdGxlJz7lr77lv5znlbPmlbDvvIjmmpbmiL/mmYLvvIk8L3RkPjx0ZCBjbGFzcz0nc2RhdGEnPjbvvZ4455WzPC90ZD48L3RyPjx0cj48dGQgY2xhc3M9J3N0aXRsZSc+5pqW5oi/6IO95YqbPC90ZD48dGQgY2xhc3M9J3NkYXRhJz4yLjhrVzwvdGQ+PC90cj48dHI+PHRkIGNsYXNzPSdzdGl0bGUnPuS9jua4qeaaluaIv+iDveWKm++8iOWkluawlzLihIPvvIk8L3RkPjx0ZCBjbGFzcz0nc2RhdGEnPjMuNGtXPC90ZD48L3RyPjx0cj48dGQgY2xhc3M9J3N0aXRsZSc+5pqW5oi/5pmC5raI6LK76Zu75YqbPC90ZD48dGQgY2xhc3M9J3NkYXRhJz41OTBXIO+8iDEzMO+9njEzNjBX77yJPC90ZD48L3RyPjx0cj48dGQgY2xhc3M9J3N0aXRsZSc+5a++5b+c55Wz5pWw77yI5Ya35oi/5pmC77yJPC90ZD48dGQgY2xhc3M9J3NkYXRhJz43772eMTDnlbM8L3RkPjwvdHI+PHRyPjx0ZCBjbGFzcz0nc3RpdGxlJz7lhrfmiL/og73lips8L3RkPjx0ZCBjbGFzcz0nc2RhdGEnPjIuNWtXPC90ZD48L3RyPjx0cj48dGQgY2xhc3M9J3N0aXRsZSc+5Ya35oi/5pmC5raI6LK76Zu75YqbPC90ZD48dGQgY2xhc3M9J3NkYXRhJz41OTBXIO+8iDEzMO+9njg1MFfvvIk8L3RkPjwvdHI+PHRyPjx0ZCBjbGFzcz0nc3RpdGxlJz7pm7vmupA8L3RkPjx0ZCBjbGFzcz0nc2RhdGEnPuWNmOebuDEwMFbjg7sxNUE8L3RkPjwvdHI+PHRyPjx0ZCBjbGFzcz0nc3RpdGxlJz7phY3nrqHplbcv6auY5L2O5beuPC90ZD48dGQgY2xhc3M9J3NkYXRhJz4yMO+8iOODgeODo+ODvOOCuOODrOOCuTE177yJbS8xNW08L3RkPjwvdHI+PHRyPjx0ZCBjbGFzcz0nc3RpdGxlJz7phY3nrqHlvoTvvIjmtrLlgbQv44Ks44K55YG077yJPC90ZD48dGQgY2xhc3M9J3NkYXRhJz7PhjYuMzUvOS41Mm1t77yIMuWIhjPliIbvvIk8L3RkPjwvdHI+PHRyPjx0ZCBjbGFzcz0nc3RpdGxlJz7jg5XjgqPjg6vjgr/jg7zoh6rli5XjgYrmjoPpmaQ8L3RkPjx0ZCBjbGFzcz0nc2RhdGEnPuaciSDvvIjjg4Djgrnjg4jjg5zjg4Pjgq/jgrnmlrnlvI/vvIk8L3RkPjwvdHI+PHRyPjx0ZCBjbGFzcz0nc3RpdGxlJz7jgrvjg7PjgrXjg7zmqZ/og708L3RkPjx0ZCBjbGFzcz0nc2RhdGEnPi08L3RkPjwvdHI+PHRyPjx0ZCBjbGFzcz0nc3RpdGxlJz7lv6vpganmsJfmtYHmqZ/og708L3RkPjx0ZCBjbGFzcz0nc2RhdGEnPi08L3RkPjwvdHI+PHRyPjx0ZCBjbGFzcz0nc3RpdGxlJz7lr5LjgY/jgarjgonjgarjgYTlv6vpganpmaTmub/mqZ/og708L3RkPjx0ZCBjbGFzcz0nc2RhdGEnPi08L3RkPjwvdHI+PHRyPjx0ZCBjbGFzcz0nc3RpdGxlJz7jgqTjgqrjg7Pjg7vjg5/jgrnjg4jjgarjgak8L3RkPjx0ZCBjbGFzcz0nc2RhdGEnPi08L3RkPjwvdHI+PHRyPjx0ZCBjbGFzcz0nc3RpdGxlJz7nqbrmsJfmuIXmtYTmqZ/og708L3RkPjx0ZCBjbGFzcz0nc2RhdGEnPuaciSDvvIjjgrnjg4jjg6rjg7zjg57nqbrmsJfmuIXmtYTvvIk8L3RkPjwvdHI+PHRyPjx0ZCBjbGFzcz0nc3RpdGxlJz7mlrDlhrflqpJSMzLlr77lv5w8L3RkPjx0ZCBjbGFzcz0nc2RhdGEnPuWvvuW/nDwvdGQ+PC90cj48dHI+PHRkIGNsYXNzPSdzdGl0bGUnPuOCueODnuODvOODiOODleOCqeODs+WvvuW/nDwvdGQ+PHRkIGNsYXNzPSdzZGF0YSc+5a++5b+cIO+8iOWIpemAlOOCouODgOODl+OCv+ODvOetieOBjOW/heimge+8iTwvdGQ+PC90cj48dHI+PHRkIGNsYXNzPSdzdGl0bGUnPuWKoOa5v+apn+iDvTwvdGQ+PHRkIGNsYXNzPSdzZGF0YSc+LTwvdGQ+PC90cj48L3RhYmxlPjwvZGl2Pg==,44CQ5qiZ5rqW5bel5LqL6LK7MTA1ODTlhoYo56iO6L68KeOBjOOCu+ODg+ODiO+8geOAkSDjg4DjgqTjgq3jg7Mg6ZmQ5a6aM+WPsOOAkOOCouOCpuODiOODrOODg+ODiOWTgeOAkeOCqOOCouOCs+ODsyDvvIjlhrfmiL/mmYI3772eMTDnlbPvvI/mmpbmiL/mmYI2772eOOeVs++8ieOAjENY44K344Oq44O844K644CN44CAUzI1VFRDWFMtVyDjgJDjg5XjgqPjg6vjgr/jg7zoh6rli5XjgYrmjoPpmaTmqZ/og73ku5jjgJHjgJDlpJboo4XkuI3oia/lk4HvvIjlpJbnrrHjga7jgb/vvInjgJFTMjVUVENYU1vmqJnmupblj5bku5jlt6Xkuovosrvovrxd77ya44OT44OD44Kv44Kr44Oh44Op5qW95aSp5biC5aC05bqX,44CQ5qiZ5rqW5bel5LqL6LK7MTA1ODTlhoYo56iO6L68KeOBjOOCu+ODg+ODiO+8geOAkSDjg4DjgqTjgq3jg7Mg6ZmQ5a6aM+WPsOOAkOOCouOCpuODiOODrOODg+ODiOWTgeOAkeOCqOOCouOCs+ODsyDvvIjlhrfmiL/mmYI3772eMTDnlbPvvI/mmpbmiL/mmYI2772eOOeVs++8ieOAjENY44K344Oq44O844K644CN44CAUzI1VFRDWFMtVyDjgJDjg5XjgqPjg6vjgr/jg7zoh6rli5XjgYrmjoPpmaTmqZ/og73ku5jjgJHjgJDlpJboo4XkuI3oia/lk4HvvIjlpJbnrrHjga7jgb/vvInjgJFTMjVUVENYU1vmqJnmupblj5bku5jlt6Xkuovosrvovrxd,44CQ5qiZ5rqW5bel5LqL6LK7MTA1ODTlhoYo56iO6L68KeOBjOOCu+ODg+ODiO+8geOAkSDjg4DjgqTjgq3jg7Mg6ZmQ5a6aM+WPsOOAkOOCouOCpuODiOODrOODg+ODiOWTgeOAkeOCqOOCouOCs+ODsyDvvIjlhrfmiL/mmYI3772eMTDnlbPvvI/mmpbmiL/mmYI2772eOOeVs++8ieOAjENY44K344Oq44O844K644CN44CAUzI1VFRDWFMtVyDjgJDjg5XjgqPjg6vjgr/jg7zoh6rli5XjgYrmjoPpmaTmqZ/og73ku5jjgJHjgJDlpJboo4XkuI3oia/lk4HvvIjlpJbnrrHjga7jgb/vvInjgJFTMjVUVENYU1vmqJnmupblj5bku5jlt6Xkuovosrvovrxd[rn]
37-97122,aHR0cDovL3RzaG9wLnIxMHMuanAvYmljY2FtZXJhL2NhYmluZXQvcHJvZHVjdC8xNjExLzAwMDAwMDAzMTA2NTIxX2EwMS5qcGc/Zml0aW49NzAwOjcwMA==,MTE0NTY2LjQwMDA=,,5a626Zu7ID4g5a2j56+A44O756m66Kq/5a626Zu7ID4g44Ko44Ki44Kz44OzID4g44Ko44Ki44Kz44Oz,44CQ5qiZ5rqW5bel5LqL6LK7MTA1ODTlhoYo56iO6L68KeOBjOOCu+ODg+ODiO+8geOAkSDlr4zlo6vpgJrjgrzjg43jg6njg6sg6ZmQ5a6aMuWPsOOAkOOCouOCpuODiOODrOODg+ODiOWTgeOAkeOCqOOCouOCs+ODs++8iOWGt+aIv+aZgjbvvZ4555Wz77yP5pqW5oi/5pmCNu+9njfnlbPvvInjgIxub2NyaWEgWOOCt+ODquODvOOCuuOAjeOAgEFTLVgyMkUtVyDjgJDjg5XjgqPjg6vjgr/jg7zoh6rli5XjgYrmjoPpmaTmqZ/og73ku5jjgJHjgJDnlJ/nlKPlrozkuoblk4HjgJFbQVNYMjJFXeOAkGtrOW4wZDE4cOOAkVvmqJnmupblj5bku5jlt6Xkuovosrvovrxd,,PGRpdiBzdHlsZT0nbWFyZ2luOjBweCBhdXRvO3RleHQtYWxpZ246Y2VudGVyOyc+PGEgdGFyZ2V0PSdfYmxhbmsnIGhyZWY9J2h0dHA6Ly93d3cucmFrdXRlbi5uZS5qcC9nb2xkL2JpY2NhbWVyYS9ucy9wYWdlL2luZm8vYWlyY29uL2luZGV4Lmh0bWwnPjxpbWcgc3JjPSdodHRwOi8vaW1hZ2UucmFrdXRlbi5jby5qcC9iaWNjYW1lcmEvY2FiaW5ldC9ucy9pbmZvL2FpcmNvbi5naWYnIGJvcmRlcj0nMCcgdnNwYWNlPSc1Jz48L2E+PGJyPjxmb250IHNpemU9Jy0xJz7ml6XmnKzlhajlm73jgIHphY3pgIHjg7voqK3nva7jgpLjgYrmib/jgoroh7TjgZfjgb7jgZnjgILvvIjigLvkuIDpg6jlnLDln5/jgpLpmaTjgY/vvIk8YnI+4oC76YWN6YCB5pmC6ZaT44Gu5oyH5a6a44Gv44GK5om/44KK44Gn44GN44G+44Gb44KT44CCPC9mb250PjwvZGl2Pjxicj48aW1nIGFsdD0n44GU5rOo5paH44GL44KJ44GK5bGK44GR44O76Kit572u44G+44Gn44Gu5rWB44KMJyBzcmM9J2h0dHA6Ly9pbWFnZS5yYWt1dGVuLmNvLmpwL2JpY2NhbWVyYS9jYWJpbmV0L25zL2luZm8vc2V0dXAuZ2lmJz48YnI+4pagPGI+5rip5bqm44Go6YCf44GV44Gu6YGV44GG44OP44Kk44OW44Oq44OD44OJ5rCX5rWB44Gn6YOo5bGL5Lit44GM5b+r6YGpPC9iPjxCUj7jgIBEVUFMQkxBU1RFUu+8iOODh+ODpeOCouODq+ODluODqeOCueOCv+ODvO+8ieOBr+a4qeW6puOBqOmAn+OBleOBrumBleOBhjLnqK7poZ7jga7msJfmtYHjgpLmk43jgorjgIHjg6/jg7Pjg6njg7Pjgq/kuIrjga7lv6vpgannqbrplpPjgpLkvZzjgorlh7rjgZfjgb7jgZnjgILjgrvjg7Pjgr/jg7zjg5XjgqHjg7Pjga/lhrfmmpbmiL/jga7msJfmtYHjgIHjgrXjgqTjg4njg5XjgqHjg7Pjga/lrqTmuKnjga7msJfmtYHjgpLpgIHjgovjgIHjg4/jgqTjg5bjg6rjg4Pjg4njgarmsJfmtYHjgavjgojjgorjgIHpg6jlsYvkuK3jgavlhrfmsJfjgYzmmpbmsJfjgYzooYzjgY3lsYrjgY/jga7jgafjganjgZPjgavjgYTjgabjgoLlv6vpganjgafjgZnjgILlhrfmiL/mmYLjga/jgIHlhrfjgZ/jgZnjgY7jgarjgYTmtrzmhJ/jgYzlvpfjgonjgozjgovjga7jgaflhrfmiL/jgYzoi6bmiYvjgarmlrnjgafjgoLlv6vpganjgafjgZnjgILjgb7jgZ/jgIHmjqfjgYjjgoHjgarpgYvou6LjgafjgoLlv6vpganjgarjgZ/jgoHnr4Dpm7vjgavlvbnnq4vjgaHjgb7jgZnjgILmmpbmiL/mmYLjga/jgIHjgrXjgqTjg4nmsJfmtYHjgYzjgrvjg7Pjgr/jg7zmsJfmtYHjgpLmipHjgYjjgabluoPjgZLjgovjga7jgafjgIHluorpnaLjga7jgZnjgb/jgZrjgb/jgb7jgafjgb3jgYvjgb3jgYvjgarjgIHnkIbmg7PnmoTjgarpoK3lr5LotrPnhrHnqbrplpPjgavjgZfjgb7jgZnjgILjgoLjgaHjgo3jgpPjgIHmmpbmiL/mmYLjgoLnr4Dpm7vjgpLjgrXjg53jg7zjg4jjgZfjgb7jgZnjgII8QlI+PEJSPuKWoDxiPlBNMi415a++5b+c44OX44Op44K644Oe44Kv44Oq44O844Oz5qmf6IO9IO+8iOmbu+awl+mbhuWhteaWueW8j++8iTwvYj48QlI+44CAUE0yLjXlr77lv5zjga7pm7vmsJfpm4blobXlvI/nqbrmsJfmuIXmtYTmqZ/og73jgIzjg5fjg6njgrrjg57jgq/jg6rjg7zjg7PjgI3jgpLmkK3ovInjgZfjgIHjgYrpg6jlsYvjga7nqbrmsJfjgpLjgYTjgaTjgoLnvo7jgZfjgY/kv53jgaHjgb7jgZnjgILjg5fjg6njgrrjg57jgq/jg6rjg7zjg7Pjg6bjg4vjg4Pjg4jjga/jga/jgZrjgZfjgabmtJfjgYjjgovjgYvjgonmuIXmvZTjgILjg5XjgqPjg6vjgr/jg7zjga7osrfjgYTmm7/jgYjjgYzkuI3opoHjgarjga7jgafntYzmuIjnmoTjgafjgZnjgII8QlI+PEJSPuKWoDxiPuOCteODk+OBq+W8t+OBhOOBi+OCieWuieW/g+OBruiAkOWhqeWus+S7leanmOWupOWkluapnzwvYj48QlI+44CA44O744K144OT44Gr5by344GE44CB6ICQ5aGp5a6z5LuV5qeY5a6k5aSW5qmf44KS5o6h55So44GX44Gm44GE44KL44Gu44Gn44CB5rK/5bK46YOo44KE6Zuo44O76aKo44GM5b2T44Gf44KL6Kit572u5aC05omA44Gn44KC5a6J5b+D44Gn44GZ44CC5pel5pys5Ya35YeN56m66Kq/5bel5qWt5Lya5qiZ5rqW6KaP5qC8SlJBOTAwMuOBq+a6luaLoOOBl+OBpuOBhOOBvuOBmeOAgjxCUj7jgIDjg7vjgrnjg57jg7zjg4jjg5Xjgqnjg7PpgKPmkLrmqZ/og73jgavjgojjgorjgIHlpJblh7rlhYjjgYvjgonjgrnjg57jg7zjg4jjg5Xjgqnjg7PjgafjgqjjgqLjgrPjg7PjgpLmk43kvZzjgZfjgZ/jgorjgIHpgYvou6Lnirbms4HjgpLnorroqo3jgZnjgovjgZPjgajjgYzjgafjgY3jgb7jgZnjgILvvIjliKXlo7Ljga7nhKHnt5rjgqLjg4Djg5fjgr/jg7zjgYzlv4XopoHjgafjgZnjgILvvInjgJDnlJ/nlKPlrozkuoblk4HjgJE8QlI+5ZWG5ZOB5pys5L2T44Gv5pyq5L2/55So44Gu5paw5ZOB44Gn44GZ44CCPEJSPuODoeODvOOCq+ODvOOBq+OBpueUn+eUo+OBjOWujOS6huOBl+OBn+aXp+ODouODh+ODq+OBp+OBmeOAgjxCUj7llYblk4HjgavjgojjgorjgIHlo7LjgorliIfjgozlvozjga/lho3lhaXojbfjgYznhKHjgYTloLTlkIjjgoLjgYLjgorjgb7jgZnjgILjgZPjga7llYblk4HjgYzkuIfkuIDliJ3mnJ/kuI3oia/jgaflvIrnpL7lnKjluqvjgYzjgarjgYTloLTlkIjjgIHov5Tlk4Hlr77lv5zjgoLjgZfjgY/jga/jg6Hjg7zjgqvjg7zkv67nkIblr77lv5zjgavjgarjgorjgb7jgZnjgII8Yj7igLvjgZPjgaHjgonjga7llYblk4Hjga/jgIE8Zm9udCBjb2xvcj1yZWQ+5ZWG5ZOB44Gu44GK5bGK44GR5pel44Go5bel5LqL5pel44GM5Yil44CF44Gu5omL6YWN44Go44Gq44KL5aC05ZCI44GM44GU44GW44GE44G+44GZ44CCPC9mb250PuS6iOOCgeOBlOS6huaJv+OBj+OBoOOBleOBhOOAgjwvYj48ZGl2IGlkPSdzcDE1Jz48dGFibGUgYmdjb2xvcj0nI0ZGRkZGRicgYm9yZGVyPScwJyBjZWxscGFkZGluZz0nMCcgY2VsbHNwYWNpbmc9JzInPjx0cj48dGQgY2xhc3M9J3N1YnRpdGxlJyBjb2xzcGFuPScyJz7mqZ/og73poIXnm648L3RkPjwvdHI+PHRyPjx0ZCBjbGFzcz0nc3RpdGxlJz7nnIHjgqjjg43ln7rmupbpgZTmiJDnjoc8L3RkPjx0ZCBjbGFzcz0nc2RhdGEnPjExN++8hTwvdGQ+PC90cj48dHI+PHRkIGNsYXNzPSdzdGl0bGUnPuacn+mWk+a2iOiyu+mbu+WKm+mHj++8iEpJUyBDIDk2MTLvvJoyMDA177yJPC90ZD48dGQgY2xhc3M9J3NkYXRhJz42NDhrV2g8L3RkPjwvdHI+PHRyPjx0ZCBjbGFzcz0nc3RpdGxlJz7mnJ/plpPmtojosrvpm7vlipvph4/vvIhKSVMgQyA5NjEy77yaMjAxM++8iTwvdGQ+PHRkIGNsYXNzPSdzZGF0YSc+NjIxa1doPC90ZD48L3RyPjx0cj48dGQgY2xhc3M9J3N0aXRsZSc+5bm06ZaT6Zu75rCX5Luj55uu5a6JPC90ZD48dGQgY2xhc3M9J3NkYXRhJz7ntIQxNzUwMOWGhjwvdGQ+PC90cj48dHI+PHRkIGNsYXNzPSdzdGl0bGUnPkFQRu+8iEpJUyBDIDk2MTLvvJoyMDA177yJPC90ZD48dGQgY2xhc3M9J3NkYXRhJz42Ljg8L3RkPjwvdHI+PHRyPjx0ZCBjbGFzcz0nc3RpdGxlJz7nnIHjgqjjg43mgKfog73vvIjimIXvvZ7imIXimIXimIXimIXimIXvvIk8L3RkPjx0ZCBjbGFzcz0nc2RhdGEnPuKYheKYheKYheKYheKYhjwvdGQ+PC90cj48dHI+PHRkIGNsYXNzPSdzdGl0bGUnPuiJsjwvdGQ+PHRkIGNsYXNzPSdzZGF0YSc+77yIV++8ieODm+ODr+OCpOODiDwvdGQ+PC90cj48dHI+PHRkIGNsYXNzPSdzdGl0bGUnPuWupOWGheapn+OCteOCpOOCuu+8iOmrmOOBlcOX5bmFw5flpaXooYzvvIk8L3RkPjx0ZCBjbGFzcz0nc2RhdGEnPjI5M8OXNzg2w5czNzhtbTwvdGQ+PC90cj48dHI+PHRkIGNsYXNzPSdzdGl0bGUnPuWupOWkluapn+OCteOCpOOCuu+8iOmrmOOBlcOX5bmFw5flpaXooYzvvIk8L3RkPjx0ZCBjbGFzcz0nc2RhdGEnPjYyMMOXNzkw77yIKzYy77yJw5cyOTDvvIgrNjPvvIltbTwvdGQ+PC90cj48dHI+PHRkIGNsYXNzPSdzdGl0bGUnPuacrOS9k+mHjemHj++8iOWupOWGheapny/lrqTlpJbmqZ/vvIk8L3RkPjx0ZCBjbGFzcz0nc2RhdGEnPjE3LjVrZy8zMi4wa2c8L3RkPjwvdHI+PHRyPjx0ZCBjbGFzcz0nc3RpdGxlJz7lr77lv5znlbPmlbDvvIjmmpbmiL/mmYLvvIk8L3RkPjx0ZCBjbGFzcz0nc2RhdGEnPjbvvZ4355WzPC90ZD48L3RyPjx0cj48dGQgY2xhc3M9J3N0aXRsZSc+5pqW5oi/6IO95YqbPC90ZD48dGQgY2xhc3M9J3NkYXRhJz4yLjVrVzwvdGQ+PC90cj48dHI+PHRkIGNsYXNzPSdzdGl0bGUnPuS9jua4qeaaluaIv+iDveWKm++8iOWkluawlzLihIPvvIk8L3RkPjx0ZCBjbGFzcz0nc2RhdGEnPjQuMWtXPC90ZD48L3RyPjx0cj48dGQgY2xhc3M9J3N0aXRsZSc+5pqW5oi/5pmC5raI6LK76Zu75YqbPC90ZD48dGQgY2xhc3M9J3NkYXRhJz40NjBXIO+8iDExMO+9njE1MDBX77yJPC90ZD48L3RyPjx0cj48dGQgY2xhc3M9J3N0aXRsZSc+5a++5b+c55Wz5pWw77yI5Ya35oi/5pmC77yJPC90ZD48dGQgY2xhc3M9J3NkYXRhJz42772eOeeVszwvdGQ+PC90cj48dHI+PHRkIGNsYXNzPSdzdGl0bGUnPuWGt+aIv+iDveWKmzwvdGQ+PHRkIGNsYXNzPSdzZGF0YSc+Mi4ya1c8L3RkPjwvdHI+PHRyPjx0ZCBjbGFzcz0nc3RpdGxlJz7lhrfmiL/mmYLmtojosrvpm7vlips8L3RkPjx0ZCBjbGFzcz0nc2RhdGEnPjQxMFcg77yIMTMw772eODgwV++8iTwvdGQ+PC90cj48dHI+PHRkIGNsYXNzPSdzdGl0bGUnPumbu+a6kDwvdGQ+PHRkIGNsYXNzPSdzZGF0YSc+5Y2Y55u4MTAwVuODuzE1QTwvdGQ+PC90cj48dHI+PHRkIGNsYXNzPSdzdGl0bGUnPumFjeeuoemVty/pq5jkvY7lt648L3RkPjx0ZCBjbGFzcz0nc2RhdGEnPjE1772NLzEw772NPC90ZD48L3RyPjx0cj48dGQgY2xhc3M9J3N0aXRsZSc+6YWN566h5b6E77yI5ray5YG0L+OCrOOCueWBtO+8iTwvdGQ+PHRkIGNsYXNzPSdzZGF0YSc+z4Y2LjM1LzkuNTJtbe+8iDLliIYz5YiG77yJPC90ZD48L3RyPjx0cj48dGQgY2xhc3M9J3N0aXRsZSc+44OV44Kj44Or44K/44O86Ieq5YuV44GK5o6D6ZmkPC90ZD48dGQgY2xhc3M9J3NkYXRhJz7mnIkg77yI44OA44K544OI44Oc44OD44Kv44K55pa55byP77yJPC90ZD48L3RyPjx0cj48dGQgY2xhc3M9J3N0aXRsZSc+44K744Oz44K144O85qmf6IO9PC90ZD48dGQgY2xhc3M9J3NkYXRhJz7mnIkg77yI5Lq65oSf44K744Oz44K144O8IOaWsOODu+S4jeWcqEVDT++8iTwvdGQ+PC90cj48dHI+PHRkIGNsYXNzPSdzdGl0bGUnPuW/q+mBqeawl+a1geapn+iDvTwvdGQ+PHRkIGNsYXNzPSdzZGF0YSc+5pyJIO+8iERVQUwgQkxBU1RFUu+8iTwvdGQ+PC90cj48dHI+PHRkIGNsYXNzPSdzdGl0bGUnPuWvkuOBj+OBquOCieOBquOBhOW/q+mBqemZpOa5v+apn+iDvTwvdGQ+PHRkIGNsYXNzPSdzZGF0YSc+5pyJIO+8iOWGjeeGsemZpOa5v++8iTwvdGQ+PC90cj48dHI+PHRkIGNsYXNzPSdzdGl0bGUnPuepuuawl+a4hea1hOapn+iDvTwvdGQ+PHRkIGNsYXNzPSdzZGF0YSc+5pyJIO+8iOODl+ODqeOCuuODnuOCr+ODquODvOODs++8iTwvdGQ+PC90cj48dHI+PHRkIGNsYXNzPSdzdGl0bGUnPuaWsOWGt+WqklIzMuWvvuW/nDwvdGQ+PHRkIGNsYXNzPSdzZGF0YSc+5a++5b+cPC90ZD48L3RyPjx0cj48dGQgY2xhc3M9J3N0aXRsZSc+44K544Oe44O844OI44OV44Kp44Oz5a++5b+cPC90ZD48dGQgY2xhc3M9J3NkYXRhJz7lr77lv5wg77yI5Yil6YCU44Ki44OA44OX44K/44O8562J44GM5b+F6KaB77yJPC90ZD48L3RyPjx0cj48dGQgY2xhc3M9J3N0aXRsZSc+5Yqg5rm/5qmf6IO9PC90ZD48dGQgY2xhc3M9J3NkYXRhJz4tPC90ZD48L3RyPjwvdGFibGU+PC9kaXY+,44CQ5qiZ5rqW5bel5LqL6LK7MTA1ODTlhoYo56iO6L68KeOBjOOCu+ODg+ODiO+8geOAkSDlr4zlo6vpgJrjgrzjg43jg6njg6sg6ZmQ5a6aMuWPsOOAkOOCouOCpuODiOODrOODg+ODiOWTgeOAkeOCqOOCouOCs+ODs++8iOWGt+aIv+aZgjbvvZ4555Wz77yP5pqW5oi/5pmCNu+9njfnlbPvvInjgIxub2NyaWEgWOOCt+ODquODvOOCuuOAjeOAgEFTLVgyMkUtVyDjgJDjg5XjgqPjg6vjgr/jg7zoh6rli5XjgYrmjoPpmaTmqZ/og73ku5jjgJHjgJDnlJ/nlKPlrozkuoblk4HjgJFbQVNYMjJFXeOAkGtrOW4wZDE4cOOAkVvmqJnmupblj5bku5jlt6Xkuovosrvovrxd77ya44OT44OD44Kv44Kr44Oh44Op5qW95aSp5biC5aC05bqX,44CQ5qiZ5rqW5bel5LqL6LK7MTA1ODTlhoYo56iO6L68KeOBjOOCu+ODg+ODiO+8geOAkSDlr4zlo6vpgJrjgrzjg43jg6njg6sg6ZmQ5a6aMuWPsOOAkOOCouOCpuODiOODrOODg+ODiOWTgeOAkeOCqOOCouOCs+ODs++8iOWGt+aIv+aZgjbvvZ4555Wz77yP5pqW5oi/5pmCNu+9njfnlbPvvInjgIxub2NyaWEgWOOCt+ODquODvOOCuuOAjeOAgEFTLVgyMkUtVyDjgJDjg5XjgqPjg6vjgr/jg7zoh6rli5XjgYrmjoPpmaTmqZ/og73ku5jjgJHjgJDnlJ/nlKPlrozkuoblk4HjgJFbQVNYMjJFXeOAkGtrOW4wZDE4cOOAkVvmqJnmupblj5bku5jlt6Xkuovosrvovrxd,44CQ5qiZ5rqW5bel5LqL6LK7MTA1ODTlhoYo56iO6L68KeOBjOOCu+ODg+ODiO+8geOAkSDlr4zlo6vpgJrjgrzjg43jg6njg6sg6ZmQ5a6aMuWPsOOAkOOCouOCpuODiOODrOODg+ODiOWTgeOAkeOCqOOCouOCs+ODs++8iOWGt+aIv+aZgjbvvZ4555Wz77yP5pqW5oi/5pmCNu+9njfnlbPvvInjgIxub2NyaWEgWOOCt+ODquODvOOCuuOAjeOAgEFTLVgyMkUtVyDjgJDjg5XjgqPjg6vjgr/jg7zoh6rli5XjgYrmjoPpmaTmqZ/og73ku5jjgJHjgJDnlJ/nlKPlrozkuoblk4HjgJFbQVNYMjJFXeOAkGtrOW4wZDE4cOOAkVvmqJnmupblj5bku5jlt6Xkuovosrvovrxd[rn]
37-97123,aHR0cDovL3RzaG9wLnIxMHMuanAvYmljY2FtZXJhL2NhYmluZXQvcHJvZHVjdC8yMTU4LzAwMDAwMDAzMzYzMDE1X2EwMS5qcGc/Zml0aW49NzAwOjcwMA==,Njg3NzQuNDAwMA==,,5a626Zu7ID4g5a2j56+A44O756m66Kq/5a626Zu7ID4g44Ko44Ki44Kz44OzID4g44Ko44Ki44Kz44Oz,44CQ5qiZ5rqW5bel5LqL6LK7MTA1ODTlhoYo56iO6L68KeOBjOOCu+ODg+ODiO+8geOAkSDjgrfjg6Pjg7zjg5cg44CQ44Ki44Km44OI44Os44OD44OI5ZOB44CR44Ko44Ki44Kz44OzIO+8iOWGt+aIv+aZgjjvvZ4xMueVs++8j+aaluaIv+aZgjjvvZ4xMOeVs++8ieOAjERI44K344Oq44O844K644CN44CAQVktRjI4REjjgJDjg5fjg6njgrrjg57jgq/jg6njgrnjgr/jg7w3MDAw5pCt6LyJ44CR44CQ5aSW6KOF5LiN6Imv5ZOB77yI5aSW566x44Gu44G/77yJ44CRQVktRjI4REhb5qiZ5rqW5Y+W5LuY5bel5LqL6LK76L68XQ==,,PGRpdiBzdHlsZT0nbWFyZ2luOjBweCBhdXRvO3RleHQtYWxpZ246Y2VudGVyOyc+PGEgdGFyZ2V0PSdfYmxhbmsnIGhyZWY9J2h0dHA6Ly93d3cucmFrdXRlbi5uZS5qcC9nb2xkL2JpY2NhbWVyYS9ucy9wYWdlL2luZm8vYWlyY29uL2luZGV4Lmh0bWwnPjxpbWcgc3JjPSdodHRwOi8vaW1hZ2UucmFrdXRlbi5jby5qcC9iaWNjYW1lcmEvY2FiaW5ldC9ucy9pbmZvL2FpcmNvbi5naWYnIGJvcmRlcj0nMCcgdnNwYWNlPSc1Jz48L2E+PGJyPjxmb250IHNpemU9Jy0xJz7ml6XmnKzlhajlm73jgIHphY3pgIHjg7voqK3nva7jgpLjgYrmib/jgoroh7TjgZfjgb7jgZnjgILvvIjigLvkuIDpg6jlnLDln5/jgpLpmaTjgY/vvIk8YnI+4oC76YWN6YCB5pmC6ZaT44Gu5oyH5a6a44Gv44GK5om/44KK44Gn44GN44G+44Gb44KT44CCPC9mb250PjwvZGl2Pjxicj48aW1nIGFsdD0n44GU5rOo5paH44GL44KJ44GK5bGK44GR44O76Kit572u44G+44Gn44Gu5rWB44KMJyBzcmM9J2h0dHA6Ly9pbWFnZS5yYWt1dGVuLmNvLmpwL2JpY2NhbWVyYS9jYWJpbmV0L25zL2luZm8vc2V0dXAuZ2lmJz48YnI+55yB44Ko44ON5Z+65rqW6YGU5oiQ44Gu44K344Oz44OX44Or44Oi44OH44Or44CCPEJSPuKWoOOCqOOCouOCs+ODs+WGhemDqOOBq+a4hea9lOS7leanmDxCUj7jgIDnhrHkuqTmj5vlmajjgavjgaTjgYTjgZ/msZrjgozjgpLmtJfjgYTmtYHjgZnnhrHkuqTmj5vlmajjgq/jg6rjg7zjg4vjg7PjgrDjgajjgIHjgqjjgqLjgrPjg7PlhoXpg6jjga7mub/luqbjgpLjgqvjg4Pjg4jjgZnjgovlhoXpg6jmuIXmtYTjgpLmjqHnlKjjgZfjgb7jgZfjgZ/jgII8QlI+PEJSPuKWoOmrmOa/g+W6puODl+ODqeOCuuODnuOCr+ODqeOCueOCv+ODvDcwMDA8QlI+44CA44OX44Op44K644Oe44Kv44Op44K544K/44O844Kk44Kq44Oz44Gn44GK6YOo5bGL44Gu56m65rCX44KS44Kt44Os44Kk44Gr44CC5Ya35pqW5oi/44KS5L2/44KP44Gq44GE5pmC44KC44CB44OX44Op44K644Oe44Kv44Op44K544K/44O844Gu6YGL6Lui44GM44Gn44GN44G+44GZ44CCPEJSPjxCUj7ilqDjgZnjgZPjgoTjgYvjgrfjg6Pjg6/jg7zmsJfmtYE8YnI+44CA5L2T44Gr55u05o6l44GC44Gf44KL6aKo44KS5oqR44GI44KL44Gu44Gn44CB44GK44KE44GZ44G/5pmC44KC5Ya344GI44GZ44GO44KS5oqR44GI44CB5b+r55yg44KS44K144Od44O844OI44GX44G+44GZ44CCPEJSPjxCUj7jgJDlpJboo4XkuI3oia/lk4HjgJE8QlI+5ZWG5ZOB5pys5L2T44Gv5pyq5L2/55So44Gu5paw5ZOB44Gn44GZ44CCPEJSPueuse+8iOODgOODs+ODnOODvOODq+euseOChOWMlueyp+euse+8ieOBq+OCueODrOOChOOCreOCuuOBjOOBguOCiuOBvuOBme+8iOOChOOChOegtOOCjOOBruWgtOWQiOOCguOBguOCiuOBvuOBme+8ieOAgjxCUj7jgZToh6rouqvjgavjgabjgZTkvb/nlKjjga7loLTlkIjjgavjgYrjgZnjgZnjgoHjgarllYblk4HjgafjgZnjgII8ZGl2IGlkPSdzcDE1Jz48dGFibGUgYmdjb2xvcj0nI0ZGRkZGRicgYm9yZGVyPScwJyBjZWxscGFkZGluZz0nMCcgY2VsbHNwYWNpbmc9JzInPjx0cj48dGQgY2xhc3M9J3N1YnRpdGxlJyBjb2xzcGFuPScyJz7mqZ/og73poIXnm648L3RkPjwvdHI+PHRyPjx0ZCBjbGFzcz0nc3RpdGxlJz7nnIHjgqjjg43ln7rmupbpgZTmiJDnjoc8L3RkPjx0ZCBjbGFzcz0nc2RhdGEnPjEwMO+8hTwvdGQ+PC90cj48dHI+PHRkIGNsYXNzPSdzdGl0bGUnPuacn+mWk+a2iOiyu+mbu+WKm+mHj++8iEpJUyBDIDk2MTLvvJoyMDA177yJPC90ZD48dGQgY2xhc3M9J3NkYXRhJz45NjdrV2g8L3RkPjwvdHI+PHRyPjx0ZCBjbGFzcz0nc3RpdGxlJz7mnJ/plpPmtojosrvpm7vlipvph4/vvIhKSVMgQyA5NjEy77yaMjAxM++8iTwvdGQ+PHRkIGNsYXNzPSdzZGF0YSc+OTI5a1doPC90ZD48L3RyPjx0cj48dGQgY2xhc3M9J3N0aXRsZSc+5bm06ZaT6Zu75rCX5Luj55uu5a6JPC90ZD48dGQgY2xhc3M9J3NkYXRhJz7ntIQyNjEwMOWGhjwvdGQ+PC90cj48dHI+PHRkIGNsYXNzPSdzdGl0bGUnPkFQRu+8iEpJUyBDIDk2MTLvvJoyMDA177yJPC90ZD48dGQgY2xhc3M9J3NkYXRhJz41Ljg8L3RkPjwvdHI+PHRyPjx0ZCBjbGFzcz0nc3RpdGxlJz7nnIHjgqjjg43mgKfog73vvIjimIXvvZ7imIXimIXimIXimIXimIXvvIk8L3RkPjx0ZCBjbGFzcz0nc2RhdGEnPuKYheKYheKYhuKYhuKYhjwvdGQ+PC90cj48dHI+PHRkIGNsYXNzPSdzdGl0bGUnPuiJsjwvdGQ+PHRkIGNsYXNzPSdzZGF0YSc+77yIV++8ieODm+ODr+OCpOODiOezuzwvdGQ+PC90cj48dHI+PHRkIGNsYXNzPSdzdGl0bGUnPuWupOWGheapn+OCteOCpOOCuu+8iOmrmOOBlcOX5bmFw5flpaXooYzvvIk8L3RkPjx0ZCBjbGFzcz0nc2RhdGEnPjI4M8OXNzcww5cyMzBtbTwvdGQ+PC90cj48dHI+PHRkIGNsYXNzPSdzdGl0bGUnPuWupOWkluapn+OCteOCpOOCuu+8iOmrmOOBlcOX5bmFw5flpaXooYzvvIk8L3RkPjx0ZCBjbGFzcz0nc2RhdGEnPjU1MMOXNzMw77yI77yLNjfvvInDlzI2Nu+8iO+8izU477yJbW08L3RkPjwvdHI+PHRyPjx0ZCBjbGFzcz0nc3RpdGxlJz7mnKzkvZPph43ph4/vvIjlrqTlhoXmqZ8v5a6k5aSW5qmf77yJPC90ZD48dGQgY2xhc3M9J3NkYXRhJz45LjBrZy8yNy4wa2c8L3RkPjwvdHI+PHRyPjx0ZCBjbGFzcz0nc3RpdGxlJz7lr77lv5znlbPmlbDvvIjmmpbmiL/mmYLvvIk8L3RkPjx0ZCBjbGFzcz0nc2RhdGEnPjjvvZ4xMOeVszwvdGQ+PC90cj48dHI+PHRkIGNsYXNzPSdzdGl0bGUnPuaaluaIv+iDveWKmzwvdGQ+PHRkIGNsYXNzPSdzZGF0YSc+My42a1c8L3RkPjwvdHI+PHRyPjx0ZCBjbGFzcz0nc3RpdGxlJz7kvY7muKnmmpbmiL/og73lipvvvIjlpJbmsJcy4oSD77yJPC90ZD48dGQgY2xhc3M9J3NkYXRhJz4zLjNrVzwvdGQ+PC90cj48dHI+PHRkIGNsYXNzPSdzdGl0bGUnPuaaluaIv+aZgua2iOiyu+mbu+WKmzwvdGQ+PHRkIGNsYXNzPSdzZGF0YSc+ODIwVyDvvIgxNTDvvZ4xMjAwV++8iTwvdGQ+PC90cj48dHI+PHRkIGNsYXNzPSdzdGl0bGUnPuWvvuW/nOeVs+aVsO+8iOWGt+aIv+aZgu+8iTwvdGQ+PHRkIGNsYXNzPSdzZGF0YSc+OO+9njEy55WzPC90ZD48L3RyPjx0cj48dGQgY2xhc3M9J3N0aXRsZSc+5Ya35oi/6IO95YqbPC90ZD48dGQgY2xhc3M9J3NkYXRhJz4yLjhrVzwvdGQ+PC90cj48dHI+PHRkIGNsYXNzPSdzdGl0bGUnPuWGt+aIv+aZgua2iOiyu+mbu+WKmzwvdGQ+PHRkIGNsYXNzPSdzZGF0YSc+NzQwVyDvvIgxODDvvZ44MjBX77yJPC90ZD48L3RyPjx0cj48dGQgY2xhc3M9J3N0aXRsZSc+6Zu75rqQPC90ZD48dGQgY2xhc3M9J3NkYXRhJz7ljZjnm7gxMDBW44O7MTVBPC90ZD48L3RyPjx0cj48dGQgY2xhc3M9J3N0aXRsZSc+6YWN566h6ZW3L+mrmOS9juW3rjwvdGQ+PHRkIGNsYXNzPSdzZGF0YSc+MTXvvIjjg4Hjg6Pjg7zjgrjjg6zjgrkxMO+8iW0vMTBtPC90ZD48L3RyPjx0cj48dGQgY2xhc3M9J3N0aXRsZSc+6YWN566h5b6E77yI5ray5YG0L+OCrOOCueWBtO+8iTwvdGQ+PHRkIGNsYXNzPSdzZGF0YSc+z4Y2LjM1LzkuNTJtbe+8iDLliIYz5YiG77yJPC90ZD48L3RyPjx0cj48dGQgY2xhc3M9J3N0aXRsZSc+44OV44Kj44Or44K/44O86Ieq5YuV44GK5o6D6ZmkPC90ZD48dGQgY2xhc3M9J3NkYXRhJz4tPC90ZD48L3RyPjx0cj48dGQgY2xhc3M9J3N0aXRsZSc+44K744Oz44K144O85qmf6IO9PC90ZD48dGQgY2xhc3M9J3NkYXRhJz4tPC90ZD48L3RyPjx0cj48dGQgY2xhc3M9J3N0aXRsZSc+5a+S44GP44Gq44KJ44Gq44GE5b+r6YGp6Zmk5rm/5qmf6IO9PC90ZD48dGQgY2xhc3M9J3NkYXRhJz4tIO+8iOOCs+OCouODs+ODgOmZpOa5v++8iTwvdGQ+PC90cj48dHI+PHRkIGNsYXNzPSdzdGl0bGUnPuOCpOOCquODs+ODu+ODn+OCueODiOOBquOBqTwvdGQ+PHRkIGNsYXNzPSdzZGF0YSc+5pyJIO+8iOmrmOa/g+W6puODl+ODqeOCuuODnuOCr+ODqeOCueOCv+ODvDcwMDDvvIk8L3RkPjwvdHI+PHRyPjx0ZCBjbGFzcz0nc3RpdGxlJz7nqbrmsJfmuIXmtYTmqZ/og708L3RkPjx0ZCBjbGFzcz0nc2RhdGEnPuaciSDvvIjpq5jmv4Pluqbjg5fjg6njgrrjg57jgq/jg6njgrnjgr/jg7w3MDAw77yJPC90ZD48L3RyPjx0cj48dGQgY2xhc3M9J3N0aXRsZSc+5paw5Ya35aqSUjMy5a++5b+cPC90ZD48dGQgY2xhc3M9J3NkYXRhJz7lr77lv5w8L3RkPjwvdHI+PHRyPjx0ZCBjbGFzcz0nc3RpdGxlJz7jgrnjg57jg7zjg4jjg5Xjgqnjg7Plr77lv5w8L3RkPjx0ZCBjbGFzcz0nc2RhdGEnPuWvvuW/nCDvvIjliKXpgJTjgqLjg4Djg5fjgr/jg7znrYnjgYzlv4XopoHvvIk8L3RkPjwvdHI+PHRyPjx0ZCBjbGFzcz0nc3RpdGxlJz7liqDmub/mqZ/og708L3RkPjx0ZCBjbGFzcz0nc2RhdGEnPi08L3RkPjwvdHI+PC90YWJsZT48L2Rpdj4=,44CQ5qiZ5rqW5bel5LqL6LK7MTA1ODTlhoYo56iO6L68KeOBjOOCu+ODg+ODiO+8geOAkSDjgrfjg6Pjg7zjg5cg44CQ44Ki44Km44OI44Os44OD44OI5ZOB44CR44Ko44Ki44Kz44OzIO+8iOWGt+aIv+aZgjjvvZ4xMueVs++8j+aaluaIv+aZgjjvvZ4xMOeVs++8ieOAjERI44K344Oq44O844K644CN44CAQVktRjI4REjjgJDjg5fjg6njgrrjg57jgq/jg6njgrnjgr/jg7w3MDAw5pCt6LyJ44CR44CQ5aSW6KOF5LiN6Imv5ZOB77yI5aSW566x44Gu44G/77yJ44CRQVktRjI4REhb5qiZ5rqW5Y+W5LuY5bel5LqL6LK76L68Xe+8muODk+ODg+OCr+OCq+ODoeODqealveWkqeW4guWgtOW6lw==,44CQ5qiZ5rqW5bel5LqL6LK7MTA1ODTlhoYo56iO6L68KeOBjOOCu+ODg+ODiO+8geOAkSDjgrfjg6Pjg7zjg5cg44CQ44Ki44Km44OI44Os44OD44OI5ZOB44CR44Ko44Ki44Kz44OzIO+8iOWGt+aIv+aZgjjvvZ4xMueVs++8j+aaluaIv+aZgjjvvZ4xMOeVs++8ieOAjERI44K344Oq44O844K644CN44CAQVktRjI4REjjgJDjg5fjg6njgrrjg57jgq/jg6njgrnjgr/jg7w3MDAw5pCt6LyJ44CR44CQ5aSW6KOF5LiN6Imv5ZOB77yI5aSW566x44Gu44G/77yJ44CRQVktRjI4REhb5qiZ5rqW5Y+W5LuY5bel5LqL6LK76L68XQ==,44CQ5qiZ5rqW5bel5LqL6LK7MTA1ODTlhoYo56iO6L68KeOBjOOCu+ODg+ODiO+8geOAkSDjgrfjg6Pjg7zjg5cg44CQ44Ki44Km44OI44Os44OD44OI5ZOB44CR44Ko44Ki44Kz44OzIO+8iOWGt+aIv+aZgjjvvZ4xMueVs++8j+aaluaIv+aZgjjvvZ4xMOeVs++8ieOAjERI44K344Oq44O844K644CN44CAQVktRjI4REjjgJDjg5fjg6njgrrjg57jgq/jg6njgrnjgr/jg7w3MDAw5pCt6LyJ44CR44CQ5aSW6KOF5LiN6Imv5ZOB77yI5aSW566x44Gu44G/77yJ44CRQVktRjI4REhb5qiZ5rqW5Y+W5LuY5bel5LqL6LK76L68XQ==[rn]
37-97124,aHR0cDovL3RzaG9wLnIxMHMuanAvYmljY2FtZXJhL2NhYmluZXQvcHJvZHVjdC8xNTMxLzAwMDAwMDAzMDU1NTEyX2EwMS5qcGc/Zml0aW49NzAwOjcwMA==,OTcyODYuNDAwMA==,,5a626Zu7ID4g5a2j56+A44O756m66Kq/5a626Zu7ID4g44Ko44Ki44Kz44OzID4g44Ko44Ki44Kz44Oz,44CQ5qiZ5rqW5bel5LqL6LK7MTA1ODTlhoYo56iO6L68KeOBjOOCu+ODg+ODiO+8geOAkSDlr4zlo6vpgJrjgrzjg43jg6njg6sg6ZmQ5a6aMuWPsOOAkOOCouOCpuODiOODrOODg+ODiOWTgeOAkeOCqOOCouOCs+ODs++8iOWGt+aIv+aZgjfvvZ4xMOeVs++8j+aaluaIv+aZgjbvvZ4455Wz77yJ44CM44OO44Kv44Oq44KiIEJLU+OCt+ODquODvOOCuuOAjeOAgEFTLTI1NUJLUy1XIOOAkOODleOCo+ODq+OCv+ODvOiHquWLleOBiuaOg+mZpOapn+iDveS7mOOAkeOAkOODk+ODg+OCr+OCq+ODoeODqeOCsOODq+ODvOODl+OCquODquOCuOODiuODq+OAkeOAkOeUn+eUo+WujOS6huWTgeOAkVtBUzI1NUJLU13jgJBraw==,QXBwU3RvcmUvQW5kcm9pZE1hcmtldOOBp+ODk+ODg+OCr+alveWkqeOCkuaknOe0og==,PGRpdiBzdHlsZT0nbWFyZ2luOjBweCBhdXRvO3RleHQtYWxpZ246Y2VudGVyOyc+PGEgdGFyZ2V0PSdfYmxhbmsnIGhyZWY9J2h0dHA6Ly93d3cucmFrdXRlbi5uZS5qcC9nb2xkL2JpY2NhbWVyYS9ucy9wYWdlL2luZm8vYWlyY29uL2luZGV4Lmh0bWwnPjxpbWcgc3JjPSdodHRwOi8vaW1hZ2UucmFrdXRlbi5jby5qcC9iaWNjYW1lcmEvY2FiaW5ldC9ucy9pbmZvL2FpcmNvbi5naWYnIGJvcmRlcj0nMCcgdnNwYWNlPSc1Jz48L2E+PGJyPjxmb250IHNpemU9Jy0xJz7ml6XmnKzlhajlm73jgIHphY3pgIHjg7voqK3nva7jgpLjgYrmib/jgoroh7TjgZfjgb7jgZnjgILvvIjigLvkuIDpg6jlnLDln5/jgpLpmaTjgY/vvIk8YnI+4oC76YWN6YCB5pmC6ZaT44Gu5oyH5a6a44Gv44GK5om/44KK44Gn44GN44G+44Gb44KT44CCPC9mb250PjwvZGl2Pjxicj48aW1nIGFsdD0n44GU5rOo5paH44GL44KJ44GK5bGK44GR44O76Kit572u44G+44Gn44Gu5rWB44KMJyBzcmM9J2h0dHA6Ly9pbWFnZS5yYWt1dGVuLmNvLmpwL2JpY2NhbWVyYS9jYWJpbmV0L25zL2luZm8vc2V0dXAuZ2lmJz48YnI+PGI+5qWt55WM5pyA5bCP44K144Kk44K644Gu44Oc44OH44Kj44Gn6Kit572u5oCn44KC5oqc576k44CC44GX44GL44KC6auY44GE55yB44Ko44ON5oCn44O76auY44GE5pqW5oi/6IO95Yqb77yG5YWF5a6f5qmf6IO944CCPEJSPjxGT05UIENPTE9SPXJlZD7jg5Pjg4Pjgq/jgqvjg6Hjg6njgrDjg6vjg7zjg5fjgqrjg6rjgrjjg4rjg6vjg6Ljg4fjg6vjgII8L0ZPTlQ+PC9iPjxCUj48QlI+4pagPGI+55yB44Ko44ON5Z+65rqW44KS5aSn5bmF44Gr44Kv44Oq44KiPC9iPiDvvIg0MOODuzI444O7MjXjg7syMuWei+OBq+OBiuOBhOOBpu+8iTxCUj7jgIDjg5Hjg6/jg5Xjg6vjgarjga7jgavmr47ml6Xjga7nnIHjgqjjg43jgoLjg5Djg4Pjg4Hjg6rjgILnr4Dpm7vjgpLliqnjgZHjgovpq5jjgYTnnIHjgqjjg43mgKfjgafjgZnjgII8QlI+PEJSPuKWoDxiPuOCs+ODs+ODkeOCr+ODiOOCteOCpOOCuuOBp+OCgumrmOOBhOaaluaIv+iDveWKmzwvYj48QlI+44CA44OR44Ov44OV44Or5pqW5oi/44Gn5a+S44GE5Yas44KC6Laz44KC44Go44GL44KJ44Od44Kr44Od44Kr44CC44K544K/44Oz44OA44O844OJ5qmf56iu44Gr5q+U44G557SEMS415YCN44Gr77yB77yINDDlnovjgavjgYrjgYTjgabvvIk8QlI+PEJSPuKWoDxiPjLnqK7poZ7jga7kurrmhJ/jgrvjg7PjgrXjg7zmqZ/og708L2I+PEJSPuOAgOS6uuOChOOBiumDqOWxi+OBrueKtuazgeOCkuOBl+OBo+OBi+OCiuOCreODo+ODg+ODgeOBl+OBpuOAgeODoOODgOOBqumBi+i7ouOCkuaKkeOBiOOBpuOBj+OCjOOBvuOBmeOAgjxCUj7jgIDvvLvlv6vpganoh6rli5XpgYvou6LvvL0g5Lq65oSf44K744Oz44K144O85pCt6LyJ44Gg44GL44KJ44Oq44Oi44Kz44Oz44Gu44Oc44K/44Oz44KS5oq844GZ44Gg44GR44CC44Ov44Oz44K/44OD44OB44Gn5b+r6YGp44Gr44CCPEJSPuOAgO+8u+aWsOODu+S4jeWcqCBFQ0/vvL0g5Lq644GM44GK6YOo5bGL44Gr44GE44KL44GL44GE44Gq44GE44GL44KS6KaL44G+44GZ44CCPEJSPjxCUj7ilqA8Yj4yV0FZ6Zmk5rm/77yI44K944OV44OI44Kv44O844Or6Zmk5rm/44O744Gy44GL44GI44KB6Zmk5rm/77yJ77yL44Op44Oz44OJ44Oq44O85qmf6IO9PC9iPjxCUj7jgIDjgbvjganjgojjgY/mtrzjgZfjgY/pmaTmub/jgZnjgovjgr3jg5Xjg4jjgq/jg7zjg6vpmaTmub/jgajjgIHoqK3lrprmuKnluqbjgavov5HjgaXjgY/jgajlhrfjgYjjgpLmipHjgYjjgZ/ouqvkvZPjgavjgoTjgZXjgZfjgYTpgYvou6LjgavliIfjgormm7/jgo/jgovjgbLjgYvjgYjjgoHpmaTmub/jgpLpgbjmip7lj6/og73jgILpg6jlsYvlubLjgZfjgZfjgZ/mtJfmv6/nianjgpLjgZfjgaPjgYvjgorkub7nh6XjgZnjgovjg6njg7Pjg4njg6rjg7zjg6Ljg7zjg4njga/jgIHntKDml6njgY/kub7jgYvjgZnjgZPjgajjgafnlJ/kub7jgY3jga7lq4zjgarjg4vjgqrjgqTjgpLmipHjgYjjgb7jgZnjgII8QlI+PEJSPuKWoDxiPuOCqOOCouOCs+ODs+OBjOWjsOOBp+OBiuefpeOCieOBm+OBl+OBpuOBj+OCjOOCi+OBruOBp+ewoeWNmOODu+S+v+WIqeOBp+iqsOOBq+OBp+OCguS9v+OBhOOChOOBmeOBhDwvYj48QlI+44CA77y76Z+z5aOw44GK55+l44KJ44Gb5qmf6IO977y9IOODquODouOCs+ODs+OBp+aTjeS9nOOBl+OBn+WGheWuueOCkuWjsOOBp+OBiuefpeOCieOBm+OBl+OBpuOBj+OCjOOCi+OAgjxCUj7jgIDvvLvjgb/jgb7jgoLjgormqZ/og73vvL0g44GK6YOo5bGL44GM6auY5rip54q25oWL44Gr44Gq44KL44Go44Ko44Ki44Kz44Oz44GM5aOw44Gn44GK55+l44KJ44Gb44CCPEJSPuOAgO+8u+evgOmbu+OBiuefpeOCieOBm+apn+iDve+8vSDjgYvjgZfjgZPjgY/nr4Dpm7vjgZnjgovjgZ/jgoHjga7jgqLjg4njg5DjgqTjgrnjgpLjgZfjgabjgY/jgozjgovjgII8QlI+44CA77y76Zu75rCX5Luj44GK55+l44KJ44Gb5qmf6IO977y9IOS7iuaXpeOBrumbu+awl+S7o+OChOaYqOaXpeOBrumbu+awl+S7o+OCkuOCqOOCouOCs+ODs+OBjOaVmeOBiOOBpuOBj+OCjOOCi+OAgjxCUj48QlI+4pagPGI+44OQ44OD44Kv44Op44Kk44OI5pCt6LyJIOewoeWNmOOCueODnuODvOODiOODquODouOCs+ODszwvYj48QlI+44CA5aSn44GN44Gq5paH5a2X44Go44Kk44Op44K544OI44Gn6KGo56S644GZ44KL44GL44KJ44CB5pON5L2c44GM44GL44KT44Gf44KT44CC44OQ44OD44Kv44Op44Kk44OI5pCt6LyJ44Gn44CB44GK6YOo5bGL44GM5pqX44GE5pmC44KC6KaL44KE44GZ44GP44Gq44KK44G+44GX44Gf44CC6Z+z5aOw44GK55+l44KJ44Gb5qmf6IO944Go44GC44KP44Gb44Gm44KI44KK5L6/5Yip44Gr77yBPEJSPjxCUj7ilqA8Yj7nlJ/mtLvjgavlkIjjgo/jgZvjgabkvr/liKnjgavkvb/jgYjjgosz56iu6aGe44Gu44K/44Kk44Oe44O85qmf6IO9PC9iPjxCUj7jgIDvvLvmr47ml6Xjg57jg6vjg4Hjgr/jgqTjg57jg7zvvL0gMeaXpTTlm57jgb7jgafjgIzlhaXjgI3jgIzliIfjgI3jgpLoh6rnlLHjgavoqK3lrprlj6/og73jgILmr47ml6Xjga7nubDjgorov5TjgZfjgoLlj6/og73jgafjgZnjgII8QlI+44CA77y744GK44Gv44KI44GG44K/44Kk44Oe44O877y9IOioreWumuOBl+OBn+aZguWIu+OBq+W/q+mBqeOBq+OBquOCi+OCiOOBhuOAgeWkj+OBr+aakeOBhOOBu+OBqeOAgeWGrOOBr+WvkuOBhOOBu+OBqeaXqeOCgeOBq+mBi+i7ouOCkumWi+Wni+OBl+OBvuOBmeOAgjxCUj7jgIDvvLvjgYrjgoTjgZnjgb/jgr/jgqTjg57jg7zvvL0g44GK44KE44GZ44G/5Lit44CB5Ya344KE44GZ44GX44GZ44GO44KE5pqW44KB44GZ44GO44Gu44Gq44GE44KI44GG44GrIDMw5YiG5q+O44Gr6Kit5a6a5rip5bqm44KS5o6n44GI55uu44Gr44GX44CB6Kit5a6a5pmC5Yi744Gr44Gq44KL44Go5YGc5q2i44GX44G+44GZ44CCPEJSPjxCUj7ilqA8Yj7jgZ3jga7ku5bjga7kuLvjgarmqZ/og708L2I+PEJSPuOAgOODu+OCqOOCouOCs+ODs+WGhemDqOOCgua4hea9lOOBqyDjgIzmipfoj4zjg7vpmLLjgqvjg5PjgrPjg7zjg4bjgqPjg7PjgrDnhrHkuqTmj5vlmajjgI08QlI+44CA44O744OX44Op44K644Oe44Kk44Kq44Oz44Gu5Yqb44Gn44CB56m65rCX44KS44Kv44Oq44O844Oz44GrIOOAjOODl+ODqeOCuuODnuOCpOOCquODs+aUvuWHuuOAjTxCUj7jgIDjg7vmmpbmiL/jgafjgoLjgIHlhrfmiL/jgafjgoLjgIHmsJfmtYHjgYzpgaDjgY/jgb7jgafjg6/jgqTjg4njgavlsYrjgY8g44CM44Ot44Oz44Kw77yG44Ov44Kk44OJ5rCX5rWB44CNPGRpdiBpZD0nc3AxNSc+PHRhYmxlIGJnY29sb3I9JyNGRkZGRkYnIGJvcmRlcj0nMCcgY2VsbHBhZGRpbmc9JzAnIGNlbGxzcGFjaW5nPScyJz48dHI+PHRkIGNsYXNzPSdzdWJ0aXRsZScgY29sc3Bhbj0nMic+5qmf6IO96aCF55uuPC90ZD48L3RyPjx0cj48dGQgY2xhc3M9J3N0aXRsZSc+55yB44Ko44ON5Z+65rqW6YGU5oiQ546HPC90ZD48dGQgY2xhc3M9J3NkYXRhJz4xMTLvvIU8L3RkPjwvdHI+PHRyPjx0ZCBjbGFzcz0nc3RpdGxlJz7mnJ/plpPmtojosrvpm7vlipvph4/vvIhKSVMgQyA5NjEy77yaMjAwNe+8iTwvdGQ+PHRkIGNsYXNzPSdzZGF0YSc+Nzcxa1doPC90ZD48L3RyPjx0cj48dGQgY2xhc3M9J3N0aXRsZSc+5pyf6ZaT5raI6LK76Zu75Yqb6YeP77yISklTIEMgOTYxMu+8mjIwMTPvvIk8L3RkPjx0ZCBjbGFzcz0nc2RhdGEnPjczOWtXaDwvdGQ+PC90cj48dHI+PHRkIGNsYXNzPSdzdGl0bGUnPuW5tOmWk+mbu+awl+S7o+ebruWuiTwvdGQ+PHRkIGNsYXNzPSdzZGF0YSc+57SEMjA4MDDlhoY8L3RkPjwvdHI+PHRyPjx0ZCBjbGFzcz0nc3RpdGxlJz5BUEbvvIhKSVMgQyA5NjEy77yaMjAwNe+8iTwvdGQ+PHRkIGNsYXNzPSdzZGF0YSc+Ni40PC90ZD48L3RyPjx0cj48dGQgY2xhc3M9J3N0aXRsZSc+55yB44Ko44ON5oCn6IO977yI4piF772e4piF4piF4piF4piF4piF77yJPC90ZD48dGQgY2xhc3M9J3NkYXRhJz7imIXimIXimIXimIbimIY8L3RkPjwvdHI+PHRyPjx0ZCBjbGFzcz0nc3RpdGxlJz7oibI8L3RkPjx0ZCBjbGFzcz0nc2RhdGEnPu+8iFfvvInjg5vjg6/jgqTjg4g8L3RkPjwvdHI+PHRyPjx0ZCBjbGFzcz0nc3RpdGxlJz7lrqTlhoXmqZ/jgrXjgqTjgrrvvIjpq5jjgZXDl+W5hcOX5aWl6KGM77yJPC90ZD48dGQgY2xhc3M9J3NkYXRhJz4yNTDDlzcyOMOXMzAybW08L3RkPjwvdHI+PHRyPjx0ZCBjbGFzcz0nc3RpdGxlJz7lrqTlpJbmqZ/jgrXjgqTjgrrvvIjpq5jjgZXDl+W5hcOX5aWl6KGM77yJPC90ZD48dGQgY2xhc3M9J3NkYXRhJz42MjDDlzc5MO+8iCs2Mu+8icOXMjkw77yIKzYz77yJbW08L3RkPjwvdHI+PHRyPjx0ZCBjbGFzcz0nc3RpdGxlJz7mnKzkvZPph43ph4/vvIjlrqTlhoXmqZ8v5a6k5aSW5qmf77yJPC90ZD48dGQgY2xhc3M9J3NkYXRhJz4xMi4wa2cvMzYuMGtnPC90ZD48L3RyPjx0cj48dGQgY2xhc3M9J3N0aXRsZSc+5a++5b+c55Wz5pWw77yI5pqW5oi/5pmC77yJPC90ZD48dGQgY2xhc3M9J3NkYXRhJz42772eOOeVszwvdGQ+PC90cj48dHI+PHRkIGNsYXNzPSdzdGl0bGUnPuaaluaIv+iDveWKmzwvdGQ+PHRkIGNsYXNzPSdzZGF0YSc+Mi44a1c8L3RkPjwvdHI+PHRyPjx0ZCBjbGFzcz0nc3RpdGxlJz7kvY7muKnmmpbmiL/og73lipvvvIjlpJbmsJcy4oSD77yJPC90ZD48dGQgY2xhc3M9J3NkYXRhJz40LjRrVzwvdGQ+PC90cj48dHI+PHRkIGNsYXNzPSdzdGl0bGUnPuaaluaIv+aZgua2iOiyu+mbu+WKmzwvdGQ+PHRkIGNsYXNzPSdzZGF0YSc+NTI1VyDvvIgxMTDvvZ4xNTAwV++8iTwvdGQ+PC90cj48dHI+PHRkIGNsYXNzPSdzdGl0bGUnPuaaluaIv+aZgumBi+i7oumfs++8iOWupOWGheapny/lrqTlpJbmqZ/vvIk8L3RkPjx0ZCBjbGFzcz0nc2RhdGEnPjYwZEIvNTNkQjwvdGQ+PC90cj48dHI+PHRkIGNsYXNzPSdzdGl0bGUnPuWvvuW/nOeVs+aVsO+8iOWGt+aIv+aZgu+8iTwvdGQ+PHRkIGNsYXNzPSdzZGF0YSc+N++9njEw55WzPC90ZD48L3RyPjx0cj48dGQgY2xhc3M9J3N0aXRsZSc+5Ya35oi/6IO95YqbPC90ZD48dGQgY2xhc3M9J3NkYXRhJz4yLjVrVzwvdGQ+PC90cj48dHI+PHRkIGNsYXNzPSdzdGl0bGUnPuWGt+aIv+aZgua2iOiyu+mbu+WKmzwvdGQ+PHRkIGNsYXNzPSdzZGF0YSc+NTAwVyDvvIgxMjDvvZ45ODBX77yJPC90ZD48L3RyPjx0cj48dGQgY2xhc3M9J3N0aXRsZSc+5Ya35oi/5pmC6YGL6Lui6Z+z77yI5a6k5YaF5qmfL+WupOWkluapn++8iTwvdGQ+PHRkIGNsYXNzPSdzZGF0YSc+NjBkQi81NGRCPC90ZD48L3RyPjx0cj48dGQgY2xhc3M9J3N0aXRsZSc+6Zu75rqQPC90ZD48dGQgY2xhc3M9J3NkYXRhJz7ljZjnm7gxMDBW44O7MTVBPC90ZD48L3RyPjx0cj48dGQgY2xhc3M9J3N0aXRsZSc+6YWN566h6ZW3L+mrmOS9juW3rjwvdGQ+PHRkIGNsYXNzPSdzZGF0YSc+MTVtLzEwbTwvdGQ+PC90cj48dHI+PHRkIGNsYXNzPSdzdGl0bGUnPumFjeeuoeW+hO+8iOa2suWBtC/jgqzjgrnlgbTvvIk8L3RkPjx0ZCBjbGFzcz0nc2RhdGEnPs+GNi4zNS85LjUybW3vvIgy5YiGM+WIhu+8iTwvdGQ+PC90cj48dHI+PHRkIGNsYXNzPSdzdGl0bGUnPuODleOCo+ODq+OCv+ODvOiHquWLleOBiuaOg+mZpDwvdGQ+PHRkIGNsYXNzPSdzZGF0YSc+5pyJIO+8iOODgOOCueODiOODnOODg+OCr+OCueaWueW8j++8iTwvdGQ+PC90cj48dHI+PHRkIGNsYXNzPSdzdGl0bGUnPuOCu+ODs+OCteODvOapn+iDvTwvdGQ+PHRkIGNsYXNzPSdzZGF0YSc+5pyJIO+8iOS6uuaEn+OCu+ODs+OCteODvO+8iTwvdGQ+PC90cj48dHI+PHRkIGNsYXNzPSdzdGl0bGUnPuW/q+mBqeawl+a1geapn+iDvTwvdGQ+PHRkIGNsYXNzPSdzZGF0YSc+5pyJPC90ZD48L3RyPjx0cj48dGQgY2xhc3M9J3N0aXRsZSc+5a+S44GP44Gq44KJ44Gq44GE5b+r6YGp6Zmk5rm/5qmf6IO9PC90ZD48dGQgY2xhc3M9J3NkYXRhJz4tPC90ZD48L3RyPjx0cj48dGQgY2xhc3M9J3N0aXRsZSc+44Kk44Kq44Oz44O744Of44K544OI44Gq44GpPC90ZD48dGQgY2xhc3M9J3NkYXRhJz7mnIkg77yI44OX44Op44K644Oe44Kk44Kq44Oz77yJPC90ZD48L3RyPjx0cj48dGQgY2xhc3M9J3N0aXRsZSc+56m65rCX5riF5rWE5qmf6IO9PC90ZD48dGQgY2xhc3M9J3NkYXRhJz7mnIkg77yI44OX44Op44K644Oe44Kk44Kq44Oz77yJPC90ZD48L3RyPjx0cj48dGQgY2xhc3M9J3N0aXRsZSc+5paw5Ya35aqSUjMy5a++5b+cPC90ZD48dGQgY2xhc3M9J3NkYXRhJz7lr77lv5w8L3RkPjwvdHI+PHRyPjx0ZCBjbGFzcz0nc3RpdGxlJz7jgrnjg57jg7zjg4jjg5Xjgqnjg7Plr77lv5w8L3RkPjx0ZCBjbGFzcz0nc2RhdGEnPuWvvuW/nCDvvIjliKXpgJTjgqLjg4Djg5fjgr/jg7znrYnjgYzlv4XopoHvvIk8L3RkPjwvdHI+PHRyPjx0ZCBjbGFzcz0nc3RpdGxlJz7liqDmub/mqZ/og708L3RkPjx0ZCBjbGFzcz0nc2RhdGEnPi08L3RkPjwvdHI+PC90YWJsZT48L2Rpdj4=,44CQ5qiZ5rqW5bel5LqL6LK7MTA1ODTlhoYo56iO6L68KeOBjOOCu+ODg+ODiO+8geOAkSDlr4zlo6vpgJrjgrzjg43jg6njg6sg6ZmQ5a6aMuWPsOOAkOOCouOCpuODiOODrOODg+ODiOWTgeOAkeOCqOOCouOCs+ODs++8iOWGt+aIv+aZgjfvvZ4xMOeVs++8j+aaluaIv+aZgjbvvZ4455Wz77yJ44CM44OO44Kv44Oq44KiIEJLU+OCt+ODquODvOOCuuOAjeOAgEFTLTI1NUJLUy1XIOOAkOODleOCo+ODq+OCv+ODvOiHquWLleOBiuaOg+mZpOapn+iDveS7mOOAkeOAkOODk+ODg+OCr+OCq+ODoeODqeOCsOODq+ODvOODl+OCquODquOCuOODiuODq+OAkeOAkOeUn+eUo+WujOS6huWTgeOAkVtBUzI1NUJLU13jgJBra++8muODk+ODg+OCr+OCq+ODoeODqealveWkqeW4guWgtOW6lw==,44CQ5qiZ5rqW5bel5LqL6LK7MTA1ODTlhoYo56iO6L68KeOBjOOCu+ODg+ODiO+8geOAkSDlr4zlo6vpgJrjgrzjg43jg6njg6sg6ZmQ5a6aMuWPsOOAkOOCouOCpuODiOODrOODg+ODiOWTgeOAkeOCqOOCouOCs+ODs++8iOWGt+aIv+aZgjfvvZ4xMOeVs++8j+aaluaIv+aZgjbvvZ4455Wz77yJ44CM44OO44Kv44Oq44KiIEJLU+OCt+ODquODvOOCuuOAjeOAgEFTLTI1NUJLUy1XIOOAkOODleOCo+ODq+OCv+ODvOiHquWLleOBiuaOg+mZpOapn+iDveS7mOOAkeOAkOODk+ODg+OCr+OCq+ODoeODqeOCsOODq+ODvOODl+OCquODquOCuOODiuODq+OAkeOAkOeUn+eUo+WujOS6huWTgeOAkVtBUzI1NUJLU13jgJBraw==,QXBwU3RvcmUvQW5kcm9pZE1hcmtldOOBp+ODk+ODg+OCr+alveWkqeOCkuaknOe0ouOAguOAkOaomea6luW3peS6i+iyuzEwNTg05YaGKOeojui+vCnjgYzjgrvjg4Pjg4jvvIHjgJEg5a+M5aOr6YCa44K844ON44Op44OrIOmZkOWumjLlj7DjgJDjgqLjgqbjg4jjg6zjg4Pjg4jlk4HjgJHjgqjjgqLjgrPjg7PvvIjlhrfmiL/mmYI3772eMTDnlbPvvI/mmpbmiL/mmYI2772eOOeVs++8ieOAjOODjuOCr+ODquOCoiBCS1Pjgrfjg6rjg7zjgrrjgI3jgIBBUy0yNTVCS1MtVyDjgJDjg5XjgqPjg6vjgr/jg7zoh6rli5XjgYrmjoPpmaTmqZ/og73ku5jjgJHjgJDjg5Pjg4Pjgq/jgqvjg6Hjg6njgrDjg6vjg7zjg5fjgqrjg6rjgrjjg4rjg6vjgJHjgJDnlJ/nlKPlrozkuoblk4HjgJFbQVMyNTVCS1Nd44CQa2s=[rn]
37-97125,aHR0cDovL3RzaG9wLnIxMHMuanAvYmljY2FtZXJhL2NhYmluZXQvcHJvZHVjdC8yMTM1LzAwMDAwMDAzMzUyNjE3X2EwMS5qcGc/Zml0aW49NzAwOjcwMA==,MTY3ODc1LjIwMDA=,,5a626Zu7ID4g5a2j56+A44O756m66Kq/5a626Zu7ID4g44Ko44Ki44Kz44OzID4g44Ko44Ki44Kz44Oz,44CQ5qiZ5rqW5bel5LqL6LK7MTU2NjDlhoYo56iO6L68KeOBjOOCu+ODg+ODiO+8geOAkSDjg4DjgqTjgq3jg7Mg6ZmQ5a6aMeWPsOOAkOOCouOCpuODiOODrOODg+ODiOWTgeOAkeOCqOOCouOCs+ODsyDvvIjlhrfmiL/mmYIyMO+9njMw55Wz77yP5pqW5oi/5pmCMTnvvZ4yM+eVs++8ieOAjENY44K344Oq44O844K644CN44CAUzcxVFRDWFAg44CQ44OV44Kj44Or44K/44O86Ieq5YuV44GK5o6D6Zmk5qmf6IO95LuY44CR44CQ5aSW6KOF5LiN6Imv5ZOB77yI5aSW566x44Gu44G/77yJ44CRUzcxVFRDWFBb5qiZ5rqW5Y+W5LuY5bel5LqL6LK76L68XQ==,,PGRpdiBzdHlsZT0nbWFyZ2luOjBweCBhdXRvO3RleHQtYWxpZ246Y2VudGVyOyc+PGEgdGFyZ2V0PSdfYmxhbmsnIGhyZWY9J2h0dHA6Ly93d3cucmFrdXRlbi5uZS5qcC9nb2xkL2JpY2NhbWVyYS9ucy9wYWdlL2luZm8vYWlyY29uL2luZGV4Lmh0bWwnPjxpbWcgc3JjPSdodHRwOi8vaW1hZ2UucmFrdXRlbi5jby5qcC9iaWNjYW1lcmEvY2FiaW5ldC9ucy9pbmZvL2FpcmNvbi5naWYnIGJvcmRlcj0nMCcgdnNwYWNlPSc1Jz48L2E+PGJyPjxmb250IHNpemU9Jy0xJz7ml6XmnKzlhajlm73jgIHphY3pgIHjg7voqK3nva7jgpLjgYrmib/jgoroh7TjgZfjgb7jgZnjgILvvIjigLvkuIDpg6jlnLDln5/jgpLpmaTjgY/vvIk8YnI+4oC76YWN6YCB5pmC6ZaT44Gu5oyH5a6a44Gv44GK5om/44KK44Gn44GN44G+44Gb44KT44CCPC9mb250PjwvZGl2Pjxicj48aW1nIGFsdD0n44GU5rOo5paH44GL44KJ44GK5bGK44GR44O76Kit572u44G+44Gn44Gu5rWB44KMJyBzcmM9J2h0dHA6Ly9pbWFnZS5yYWt1dGVuLmNvLmpwL2JpY2NhbWVyYS9jYWJpbmV0L25zL2luZm8vc2V0dXAuZ2lmJz48YnI+PGI+44OV44Kj44Or44K/44O86Ieq5YuV44GK5o6D6Zmk77yG44K544OI44Oq44O844Oe5o6h55So44Gn44CB44Ko44Ki44Kz44Oz5YaF6YOo44KC44Kt44Os44Kk44Gr44CCPC9iPjxCUj48QlI+4pagPGI+44OV44Kj44Or44K/44O844Gu44Ob44Kz44Oq44KS44CB6Ieq5YuV55qE44Gr44GK5o6D6ZmkPC9iPjxCUj7jgIDjgqjjgqLjgrPjg7Pjga7pgYvou6LntYLkuoblvozjgIHoh6rli5XnmoTjgavjg5XjgqPjg6vjgr/jg7zjga7jg5vjgrPjg6rjgpLjg5bjg6njg4Pjgrfjg7PjgrDjgZfjgabjgIHjg4Djgrnjg4jjg5zjg4Pjgq/jgrnjgavlm57lj47jgILlrprmnJ/nmoTjgarjgYrmjoPpmaTjgafjgIHjg5XjgqPjg6vjgr/jg7zjga7nm67jgaXjgb7jgorjgpLmipHjgYjjgb7jgZnjgII8QlI+PEJSPuKWoDxiPuWGt+OChOOBl+OBmeOBjuOAgeaaluOCgeOBmeOBjuOCkuaKkeOBiOOBpuW/q+mBqeOBqzwvYj48QlI+44CA5a6k5YaF5rip5bqm44KE5bGL5aSW5rip5bqm44Gr5b+c44GY44Gm6Ieq5YuV44Gn6Kit5a6a5rip5bqm44GoM+OBpOOBrumBi+i7ouODouODvOODieOCkumBuOOBs+OBvuOBmeOAgjxCUj48QlI+4pagPGI+5aSW5rCX5rip44GM6auY44GE5pmC44KC5Yq5546H44KI44GP6YGL6LuiIOOAjOmrmOWkluawl+OCv+ODleODjeOCueWGt+aIv+OAjTwvYj48QlI+44CA5YWI6YCy44Gu5Ya35aqS5Yi25b6h5oqA6KGT44Gn44CB5aSW5rCX5rip44GM6auY44GP44Gm44KC5Ya35oi/6IO95Yqb44GM6JC944Gh44Gr44GP44GP44CB44KI44KK5Yq5546H44KI44GP5Ya35oi/6YGL6Lui44GM6KGM44GI44G+44GZ44CCPEJSPjxCUj7ilqA8Yj7jgZ3jga7ku5bjga7nibnplbc8L2I+PEJSPuODu+WkluWHuuWFiOOBp+OCguOAgemBi+i7oueKtuaFi+OBrueiuuiqjeODu+aTjeS9nOOBjOaAneOBhOOBruOBvuOBviDjgIzjg4DjgqTjgq3jg7Mg44K544Oe44O844OI44Oq44Oi44O844OIIOOCs+ODs+ODiOODreODvOODq+OAje+8iOKAu+OCquODl+OCt+ODp+ODs+apn+iDve+8muWIpemAlOOCouODgOODl+OCv+ODvOetieOBjOW/heimgeOBp+OBme+8iTxCUj7jg7vjgqvjg5PjgarjganjgpLmipHjgYjjgabjgq3jg6zjgqTjgavjgIHjg4DjgqTjgq3jg7Pni6zoh6rjga4g44CM44K544OI44Oq44O844Oe44CNIOaQrei8iTxCUj7jg7swLjXihIPljZjkvY3jgafjgIHmuKnluqbjgrPjg7Pjg4jjg63jg7zjg6sg44CMUElU77yI44OU44OD44OI77yJ5Yi25b6h44CNPEJSPuODu+OBiuOChOOBmeOBv+S4reOCguOAgeW/q+mBqeOBq+a4qeW6puWItuW+oSDjgIzjgYrjgoTjgZnjgb/pgYvou6LjgI08QlI+44O75Ya35oi/44Gv5LiK5ZCR44GN44Gr5ZC544GN5Ye644GX44CB5pqW5oi/44Gv6Laz5YWD44GL44KJ5rCX5rWB44KS44GK5bGK44GR44GZ44KLIOOAjOmiqOOBquOBhOOCuemBi+i7ouOAjTxCUj7jg7vkuIrkuIvjg7vlt6blj7PkuqTkupLjgavlkLnjgY3lh7rjgZfjgIEg5bqD44GE56+E5Zuy44Gr5b+r6YGp5rCX5rWB44KS44GK5bGK44GR44GZ44KLIOOAjOeri+S9k+awl+a1geOAjTxCUj48QlI+PGI+44CQ5aSW6KOF5LiN6Imv5ZOB44CRPC9iPjxCUj7llYblk4HmnKzkvZPjga/mnKrkvb/nlKjjga7mlrDlk4HjgafjgZnjgII8QlI+PEJSPueuse+8iOODgOODs+ODnOODvOODq+euseOChOWMlueyp+euse+8ieOBq+OCueODrOOChOOCreOCuuOBjOOBguOCiuOBvuOBme+8iOOChOOChOegtOOCjOOBruWgtOWQiOOCguOBguOCiuOBvuOBme+8ieOAgjxCUj48QlI+44GU6Ieq6Lqr44Gr44Gm44GU5L2/55So44Gu5aC05ZCI44Gr44GK44GZ44GZ44KB44Gq5ZWG5ZOB44Gn44GZ44CCPEJSPuOBk+OBruWVhuWTgeOBjOS4h+S4gOWIneacn+S4jeiJr+OBp+W8iuekvuWcqOW6q+OBjOOBquOBhOWgtOWQiOOAgei/lOWTgeWvvuW/nOOCguOBl+OBj+OBr+ODoeODvOOCq+ODvOS/rueQhuWvvuW/nOOBq+OBquOCiuOBvuOBmeOAgjxCUj48QlI+PGI+4oC744GT44Gh44KJ44Gu5ZWG5ZOB44Gv44CBPGZvbnQgY29sb3I9cmVkPuWVhuWTgeOBruOBiuWxiuOBkeaXpeOBqOW3peS6i+aXpeOBjOWIpeOAheOBruaJi+mFjeOBqOOBquOCi+WgtOWQiOOBjOOBlOOBluOBhOOBvuOBmeOAgjwvZm9udD7kuojjgoHjgZTkuobmib/jgY/jgaDjgZXjgYTjgII8L2I+PGRpdiBpZD0nc3AxNSc+PHRhYmxlIGJnY29sb3I9JyNGRkZGRkYnIGJvcmRlcj0nMCcgY2VsbHBhZGRpbmc9JzAnIGNlbGxzcGFjaW5nPScyJz48dHI+PHRkIGNsYXNzPSdzdWJ0aXRsZScgY29sc3Bhbj0nMic+5qmf6IO96aCF55uuPC90ZD48L3RyPjx0cj48dGQgY2xhc3M9J3N0aXRsZSc+55yB44Ko44ON5Z+65rqW6YGU5oiQ546HPC90ZD48dGQgY2xhc3M9J3NkYXRhJz4xMDDvvIU8L3RkPjwvdHI+PHRyPjx0ZCBjbGFzcz0nc3RpdGxlJz7mnJ/plpPmtojosrvpm7vlipvph4/vvIhKSVMgQyA5NjEy77yaMjAwNe+8iTwvdGQ+PHRkIGNsYXNzPSdzZGF0YSc+MzE2MmtXaDwvdGQ+PC90cj48dHI+PHRkIGNsYXNzPSdzdGl0bGUnPuacn+mWk+a2iOiyu+mbu+WKm+mHj++8iEpJUyBDIDk2MTLvvJoyMDEz77yJPC90ZD48dGQgY2xhc3M9J3NkYXRhJz4yOTg0a1doPC90ZD48L3RyPjx0cj48dGQgY2xhc3M9J3N0aXRsZSc+5bm06ZaT6Zu75rCX5Luj55uu5a6JPC90ZD48dGQgY2xhc3M9J3NkYXRhJz7ntIQ4NTQwMOWGhjwvdGQ+PC90cj48dHI+PHRkIGNsYXNzPSdzdGl0bGUnPkFQRu+8iEpJUyBDIDk2MTLvvJoyMDA177yJPC90ZD48dGQgY2xhc3M9J3NkYXRhJz40LjU8L3RkPjwvdHI+PHRyPjx0ZCBjbGFzcz0nc3RpdGxlJz7nnIHjgqjjg43mgKfog73vvIjimIXvvZ7imIXimIXimIXimIXimIXvvIk8L3RkPjx0ZCBjbGFzcz0nc2RhdGEnPuKYheKYheKYhuKYhuKYhjwvdGQ+PC90cj48dHI+PHRkIGNsYXNzPSdzdGl0bGUnPuiJsjwvdGQ+PHRkIGNsYXNzPSdzZGF0YSc+77yIV++8ieODm+ODr+OCpOODiDwvdGQ+PC90cj48dHI+PHRkIGNsYXNzPSdzdGl0bGUnPuWupOWGheapn+OCteOCpOOCuu+8iOmrmOOBlcOX5bmFw5flpaXooYzvvIk8L3RkPjx0ZCBjbGFzcz0nc2RhdGEnPjI5NcOXNzk4w5cyNjNtbTwvdGQ+PC90cj48dHI+PHRkIGNsYXNzPSdzdGl0bGUnPuWupOWkluapn+OCteOCpOOCuu+8iOmrmOOBlcOX5bmFw5flpaXooYzvvIk8L3RkPjx0ZCBjbGFzcz0nc2RhdGEnPjU5NcOXNzk177yI77yLNzjvvInDlzMwMO+8iO+8izQy77yJbW08L3RkPjwvdHI+PHRyPjx0ZCBjbGFzcz0nc3RpdGxlJz7mnKzkvZPph43ph4/vvIjlrqTlhoXmqZ8v5a6k5aSW5qmf77yJPC90ZD48dGQgY2xhc3M9J3NkYXRhJz4xMS4wa2cvNDEuMGtnPC90ZD48L3RyPjx0cj48dGQgY2xhc3M9J3N0aXRsZSc+5a++5b+c55Wz5pWw77yI5pqW5oi/5pmC77yJPC90ZD48dGQgY2xhc3M9J3NkYXRhJz4xOe+9njIz55WzPC90ZD48L3RyPjx0cj48dGQgY2xhc3M9J3N0aXRsZSc+5pqW5oi/6IO95YqbPC90ZD48dGQgY2xhc3M9J3NkYXRhJz44LjVrVzwvdGQ+PC90cj48dHI+PHRkIGNsYXNzPSdzdGl0bGUnPuS9jua4qeaaluaIv+iDveWKm++8iOWkluawlzLihIPvvIk8L3RkPjx0ZCBjbGFzcz0nc2RhdGEnPjcuNGtXPC90ZD48L3RyPjx0cj48dGQgY2xhc3M9J3N0aXRsZSc+5pqW5oi/5pmC5raI6LK76Zu75YqbPC90ZD48dGQgY2xhc3M9J3NkYXRhJz4yNDcwVyDvvIgxMTDvvZ4zMzYwV++8iTwvdGQ+PC90cj48dHI+PHRkIGNsYXNzPSdzdGl0bGUnPuWvvuW/nOeVs+aVsO+8iOWGt+aIv+aZgu+8iTwvdGQ+PHRkIGNsYXNzPSdzZGF0YSc+MjDvvZ4zMOeVszwvdGQ+PC90cj48dHI+PHRkIGNsYXNzPSdzdGl0bGUnPuWGt+aIv+iDveWKmzwvdGQ+PHRkIGNsYXNzPSdzZGF0YSc+Ny4xa1c8L3RkPjwvdHI+PHRyPjx0ZCBjbGFzcz0nc3RpdGxlJz7lhrfmiL/mmYLmtojosrvpm7vlips8L3RkPjx0ZCBjbGFzcz0nc2RhdGEnPjI2MzBXIO+8iDExMO+9njI3MjBX77yJPC90ZD48L3RyPjx0cj48dGQgY2xhc3M9J3N0aXRsZSc+6Zu75rqQPC90ZD48dGQgY2xhc3M9J3NkYXRhJz7ljZjnm7gyMDBW44O7MjBBPC90ZD48L3RyPjx0cj48dGQgY2xhc3M9J3N0aXRsZSc+6YWN566h6ZW3L+mrmOS9juW3rjwvdGQ+PHRkIGNsYXNzPSdzZGF0YSc+MjBtLzE1bTwvdGQ+PC90cj48dHI+PHRkIGNsYXNzPSdzdGl0bGUnPumFjeeuoeW+hO+8iOa2suWBtC/jgqzjgrnlgbTvvIk8L3RkPjx0ZCBjbGFzcz0nc2RhdGEnPs+GNi4zNS8xMi43bW3vvIgy5YiGNOWIhu+8iTwvdGQ+PC90cj48dHI+PHRkIGNsYXNzPSdzdGl0bGUnPuODleOCo+ODq+OCv+ODvOiHquWLleOBiuaOg+mZpDwvdGQ+PHRkIGNsYXNzPSdzZGF0YSc+5pyJIO+8iOODgOOCueODiOODnOODg+OCr+OCueaWueW8j++8iTwvdGQ+PC90cj48dHI+PHRkIGNsYXNzPSdzdGl0bGUnPuOCu+ODs+OCteODvOapn+iDvTwvdGQ+PHRkIGNsYXNzPSdzZGF0YSc+LTwvdGQ+PC90cj48dHI+PHRkIGNsYXNzPSdzdGl0bGUnPuW/q+mBqeawl+a1geapn+iDvTwvdGQ+PHRkIGNsYXNzPSdzZGF0YSc+LTwvdGQ+PC90cj48dHI+PHRkIGNsYXNzPSdzdGl0bGUnPuWvkuOBj+OBquOCieOBquOBhOW/q+mBqemZpOa5v+apn+iDvTwvdGQ+PHRkIGNsYXNzPSdzZGF0YSc+LTwvdGQ+PC90cj48dHI+PHRkIGNsYXNzPSdzdGl0bGUnPuOCpOOCquODs+ODu+ODn+OCueODiOOBquOBqTwvdGQ+PHRkIGNsYXNzPSdzZGF0YSc+LTwvdGQ+PC90cj48dHI+PHRkIGNsYXNzPSdzdGl0bGUnPuepuuawl+a4hea1hOapn+iDvTwvdGQ+PHRkIGNsYXNzPSdzZGF0YSc+5pyJIO+8iOOCueODiOODquODvOODnuepuuawl+a4hea1hO+8iTwvdGQ+PC90cj48dHI+PHRkIGNsYXNzPSdzdGl0bGUnPuaWsOWGt+WqklIzMuWvvuW/nDwvdGQ+PHRkIGNsYXNzPSdzZGF0YSc+5a++5b+cPC90ZD48L3RyPjx0cj48dGQgY2xhc3M9J3N0aXRsZSc+44K544Oe44O844OI44OV44Kp44Oz5a++5b+cPC90ZD48dGQgY2xhc3M9J3NkYXRhJz7lr77lv5wg77yI5Yil6YCU44Ki44OA44OX44K/44O8562J44GM5b+F6KaB77yJPC90ZD48L3RyPjx0cj48dGQgY2xhc3M9J3N0aXRsZSc+5Yqg5rm/5qmf6IO9PC90ZD48dGQgY2xhc3M9J3NkYXRhJz4tPC90ZD48L3RyPjwvdGFibGU+PC9kaXY+,44CQ5qiZ5rqW5bel5LqL6LK7MTU2NjDlhoYo56iO6L68KeOBjOOCu+ODg+ODiO+8geOAkSDjg4DjgqTjgq3jg7Mg6ZmQ5a6aMeWPsOOAkOOCouOCpuODiOODrOODg+ODiOWTgeOAkeOCqOOCouOCs+ODsyDvvIjlhrfmiL/mmYIyMO+9njMw55Wz77yP5pqW5oi/5pmCMTnvvZ4yM+eVs++8ieOAjENY44K344Oq44O844K644CN44CAUzcxVFRDWFAg44CQ44OV44Kj44Or44K/44O86Ieq5YuV44GK5o6D6Zmk5qmf6IO95LuY44CR44CQ5aSW6KOF5LiN6Imv5ZOB77yI5aSW566x44Gu44G/77yJ44CRUzcxVFRDWFBb5qiZ5rqW5Y+W5LuY5bel5LqL6LK76L68Xe+8muODk+ODg+OCr+OCq+ODoeODqealveWkqeW4guWgtOW6lw==,44CQ5qiZ5rqW5bel5LqL6LK7MTU2NjDlhoYo56iO6L68KeOBjOOCu+ODg+ODiO+8geOAkSDjg4DjgqTjgq3jg7Mg6ZmQ5a6aMeWPsOOAkOOCouOCpuODiOODrOODg+ODiOWTgeOAkeOCqOOCouOCs+ODsyDvvIjlhrfmiL/mmYIyMO+9njMw55Wz77yP5pqW5oi/5pmCMTnvvZ4yM+eVs++8ieOAjENY44K344Oq44O844K644CN44CAUzcxVFRDWFAg44CQ44OV44Kj44Or44K/44O86Ieq5YuV44GK5o6D6Zmk5qmf6IO95LuY44CR44CQ5aSW6KOF5LiN6Imv5ZOB77yI5aSW566x44Gu44G/77yJ44CRUzcxVFRDWFBb5qiZ5rqW5Y+W5LuY5bel5LqL6LK76L68XQ==,44CQ5qiZ5rqW5bel5LqL6LK7MTU2NjDlhoYo56iO6L68KeOBjOOCu+ODg+ODiO+8geOAkSDjg4DjgqTjgq3jg7Mg6ZmQ5a6aMeWPsOOAkOOCouOCpuODiOODrOODg+ODiOWTgeOAkeOCqOOCouOCs+ODsyDvvIjlhrfmiL/mmYIyMO+9njMw55Wz77yP5pqW5oi/5pmCMTnvvZ4yM+eVs++8ieOAjENY44K344Oq44O844K644CN44CAUzcxVFRDWFAg44CQ44OV44Kj44Or44K/44O86Ieq5YuV44GK5o6D6Zmk5qmf6IO95LuY44CR44CQ5aSW6KOF5LiN6Imv5ZOB77yI5aSW566x44Gu44G/77yJ44CRUzcxVFRDWFBb5qiZ5rqW5Y+W5LuY5bel5LqL6LK76L68XQ==[rn]
37-97126,aHR0cDovL3RzaG9wLnIxMHMuanAvZWJlc3QvY2FiaW5ldC8yMjQvMDAwMDAwMDAxMDI3Ni5qcGc/Zml0aW49NzAwOjcwMA==,MjI0NDYyLjQwMDA=,,5a626Zu7ID4g5a2j56+A44O756m66Kq/5a626Zu7ID4g44Ko44Ki44Kz44OzID4g44Ko44Ki44Kz44Oz,44OR44OK44K944OL44OD44KvIENTLVNYNTY3QzItVyjjgq/jg6rjgrnjgr/jg6vjg5vjg6/jgqTjg4gpIEVvbGlhKOOCqOOCquODquOCoikgU1jjgrfjg6rjg7zjgrogMTjnlbMg6Zu75rqQMjAwVg==,44CQ6YCB5paZ54Sh5paZ44CR44CQ6YCa5bi4M+aXpeeoi+W6puOBq+OBpuWHuuiNt+OAkQ==,6auY44GV44GZ44Gj44GN44KKJua4hea9lO+9peW/q+mBqeOBq+OBk+OBoOOCj+OBo+OBn+mrmOaAp+iDveODouODh+ODqzxpbWcgc3JjPSdodHRwczovL2ltYWdlLnJha3V0ZW4uY28uanAvZWJlc3QvY2FiaW5ldC9lYmVzdGthZGVuX3phaWtvLmdpZicgYm9yZGVyPScwJyBhbHQ9J+WcqOW6q+eKtuazgeOCkueiuuiqjeOBmeOCiyc+PGJyPjxmb250IGNvbG9yPSIjZmYwMDAwIj48Yj7ihpHihpHihpHmraPnorrjgarlnKjluqvnirbms4Hjga/kuIroqJjjg5Djg4rjg7zjgIzlnKjluqvnirbms4HjgpLnorroqo3jgZnjgovjgI3jgpLjgq/jg6rjg4Pjgq/jgZfjgabpoILjgY3jgIHlv4XjgZrjgZTnorroqo3jgY/jgaDjgZXjgYTjgII8L2I+PC9mb250Pjxicj48YnI+PHRhYmxlIGJvcmRlcj0iMCIgY2VsbHNwYWNpbmc9IjAiIGNlbGxwYWRkaW5nPSIwIiB3aWR0aD0iMTAwJSI+PHRyPjx0ZCB3aWR0aD0iMTAwJSI+PGltZyBzcmM9Imh0dHBzOi8vd3d3LnJha3V0ZW4ubmUuanAvZ29sZC9lYmVzdC9pbWcvaW1nX2d1aWRlL3RsdF9vcHRpb24uanBnIiBib3JkZXI9IjAiIHdpZHRoPSIxMDAlIj48L3RkPjwvdHI+PHRyPjx0ZCB3aWR0aD0iMTAwJSI+PGltZyBzcmM9Imh0dHBzOi8vd3d3LnJha3V0ZW4ubmUuanAvZ29sZC9lYmVzdC9pbWcvaW1nX2d1aWRlL3NwYWNlci5naWYiIHdpZHRoPSIxMDAlIiBoZWlnaHQ9IjEwIj48L3RkPjwvdHI+PHRyPjx0ZD48Zm9udCBjb2xvcj0icmVkIj7plbfmnJ/kv53oqLzjgpLjgZTluIzmnJvjga7jgYrlrqLmp5jjga/kuIvoqJjjga7ooajjgojjgorjgIzllYblk4HvvIvplbfmnJ/kv53oqLzjgI3jga7jg5rjg7zjgrjjgbjnp7vli5XjgZfjgabjgZTms6jmlofjgY/jgaDjgZXjgYTjgII8YnI+4oC76ZW35pyf5L+d6Ki844Gv5rOV5Lq65Yqg5YWl44KE5qWt5YuZ5L2/55So44CB6K2y5rih44KE5YaN6LKp44Gv44GU5Yip55So44GE44Gf44Gg44GR44G+44Gb44KT44CCPGJyPumVt+acn+S/neiovOOBq+OBpOOBhOOBpu+8sO+8o+ODu+OCv+ODluODrOODg+ODiOODu+ODl+ODquODs+OCv+ODvOODu+W3peWFt+OBr+ODoeODvOOCq+ODvOS/neiovOOCkuWQq+OCgeOBpu+8k+W5tOOAgeWutumbu+OBr++8leW5tOmWk+OBruS/neiovOOBqOOBquOCiuOBvuOBmeOAgjwvZm9udD48L3RkPjwvdHI+PHRyPjx0ZCB3aWR0aD0iMTAwJSI+PGltZyBzcmM9Imh0dHBzOi8vd3d3LnJha3V0ZW4ubmUuanAvZ29sZC9lYmVzdC9pbWcvaW1nX2d1aWRlL3NwYWNlci5naWYiIHdpZHRoPSIxMDAlIiBoZWlnaHQ9IjIwIj48L3RkPjwvdHI+PC90YWJsZT48dGFibGUgYm9yZGVyPSIwIiBjZWxsc3BhY2luZz0iMCIgY2VsbHBhZGRpbmc9IjAiIHdpZHRoPSIxMDAlIj48dHI+PHRkIHdpZHRoPSIxNSUiPjxpbWcgc3JjPSJodHRwczovL3d3dy5yYWt1dGVuLm5lLmpwL2dvbGQvZWJlc3QvaW1nL2ltZ19ndWlkZS9idG5fb3B0aW9uMDEuanBnIiBib3JkZXI9IjAiIHdpZHRoPSIxMDAlIj48L3RkPjx0ZCB3aWR0aD0iMiUiPjxpbWcgc3JjPSJodHRwczovL3d3dy5yYWt1dGVuLm5lLmpwL2dvbGQvZWJlc3QvaW1nL2ltZ19ndWlkZS9zcGFjZXIuZ2lmIiB3aWR0aD0iMTAwJSIgaGVpZ2h0PSIxMCI+PC90ZD48dGQgd2lkdGg9IjE1JSI+PGltZyBzcmM9Imh0dHBzOi8vd3d3LnJha3V0ZW4ubmUuanAvZ29sZC9lYmVzdC9pbWcvaW1nX2d1aWRlL2J0bl9vcHRpb24wMi5qcGciIGJvcmRlcj0iMCIgd2lkdGg9IjEwMCUiPjwvdGQ+PHRkIHdpZHRoPSIyJSI+PGltZyBzcmM9Imh0dHBzOi8vd3d3LnJha3V0ZW4ubmUuanAvZ29sZC9lYmVzdC9pbWcvaW1nX2d1aWRlL3NwYWNlci5naWYiIHdpZHRoPSIxMDAlIiBoZWlnaHQ9IjEwIj48L3RkPjx0ZCB3aWR0aD0iMTUlIj48aW1nIHNyYz0iaHR0cHM6Ly93d3cucmFrdXRlbi5uZS5qcC9nb2xkL2ViZXN0L2ltZy9pbWdfZ3VpZGUvc3BhY2VyLmdpZiIgd2lkdGg9IjEwMCUiIGhlaWdodD0iMTAiPjwvdGQ+PHRkIHdpZHRoPSIyJSI+PGltZyBzcmM9Imh0dHBzOi8vd3d3LnJha3V0ZW4ubmUuanAvZ29sZC9lYmVzdC9pbWcvaW1nX2d1aWRlL3NwYWNlci5naWYiIHdpZHRoPSIxMDAlIiBoZWlnaHQ9IjEwIj48L3RkPjx0ZCB3aWR0aD0iMTUlIj48aW1nIHNyYz0iaHR0cHM6Ly93d3cucmFrdXRlbi5uZS5qcC9nb2xkL2ViZXN0L2ltZy9pbWdfZ3VpZGUvc3BhY2VyLmdpZiIgd2lkdGg9IjEwMCUiIGhlaWdodD0iMTAiPjwvdGQ+PHRkIHdpZHRoPSIyJSI+PGltZyBzcmM9Imh0dHBzOi8vd3d3LnJha3V0ZW4ubmUuanAvZ29sZC9lYmVzdC9pbWcvaW1nX2d1aWRlL3NwYWNlci5naWYiIHdpZHRoPSIxMDAlIiBoZWlnaHQ9IjEwIj48L3RkPjx0ZCB3aWR0aD0iMTUlIj48aW1nIHNyYz0iaHR0cHM6Ly93d3cucmFrdXRlbi5uZS5qcC9nb2xkL2ViZXN0L2ltZy9pbWdfZ3VpZGUvc3BhY2VyLmdpZiIgd2lkdGg9IjEwMCUiIGhlaWdodD0iMTAiPjwvdGQ+PHRkIHdpZHRoPSIyJSI+PGltZyBzcmM9Imh0dHBzOi8vd3d3LnJha3V0ZW4ubmUuanAvZ29sZC9lYmVzdC9pbWcvaW1nX2d1aWRlL3NwYWNlci5naWYiIHdpZHRoPSIxMDAlIiBoZWlnaHQ9IjEwIj48L3RkPjx0ZCB3aWR0aD0iMTUlIj48aW1nIHNyYz0iaHR0cHM6Ly93d3cucmFrdXRlbi5uZS5qcC9nb2xkL2ViZXN0L2ltZy9pbWdfZ3VpZGUvc3BhY2VyLmdpZiIgd2lkdGg9IjEwMCUiIGhlaWdodD0iMTAiPjwvdGQ+PC90cj48dHI+PHRkIGNvbHNwYW49IjExIiB3aWR0aD0iMTAwJSI+PGltZyBzcmM9Imh0dHBzOi8vd3d3LnJha3V0ZW4ubmUuanAvZ29sZC9lYmVzdC9pbWcvaW1nX2d1aWRlL3NwYWNlci5naWYiIHdpZHRoPSIxMDAlIiBoZWlnaHQ9IjIwIj48L3RkPjwvdHI+PC90YWJsZT48dGFibGUgYm9yZGVyPSIwIiBjZWxsc3BhY2luZz0iMCIgY2VsbHBhZGRpbmc9IjAiIHdpZHRoPSIxMDAlIj48dHI+PHRkIGNvbHNwYW49IjciIHdpZHRoPSIxMDAlIj48aW1nIHNyYz0iaHR0cHM6Ly93d3cucmFrdXRlbi5uZS5qcC9nb2xkL2ViZXN0L2ltZy9pbWdfZ3VpZGUvdGx0X3NlcnZpY2UuanBnIiB3aWR0aD0iMTAwJSI+PC90ZD48L3RyPjx0cj48dGQgY29sc3Bhbj0iNyIgd2lkdGg9IjEwMCUiPjxpbWcgc3JjPSJodHRwczovL3d3dy5yYWt1dGVuLm5lLmpwL2dvbGQvZWJlc3QvaW1nL2ltZ19ndWlkZS9zcGFjZXIuZ2lmIiB3aWR0aD0iMTAwJSIgaGVpZ2h0PSIyMCI+PC90ZD48L3RyPjx0cj48dGQgd2lkdGg9IjIzJSI+PGltZyBzcmM9Imh0dHBzOi8vd3d3LnJha3V0ZW4ubmUuanAvZ29sZC9lYmVzdC9pbWcvaW1nX2d1aWRlL2J0bl9zZXJ2aWNlMDEuanBnIiB3aWR0aD0iMTAwJSI+PC90ZD48dGQgd2lkdGg9IjIlIj48aW1nIHNyYz0iaHR0cHM6Ly93d3cucmFrdXRlbi5uZS5qcC9nb2xkL2ViZXN0L2ltZy9pbWdfZ3VpZGUvc3BhY2VyLmdpZiIgd2lkdGg9IjEwMCUiIGhlaWdodD0iMTAiPjwvdGQ+PHRkIHdpZHRoPSIyMyUiPjxpbWcgc3JjPSJodHRwczovL3d3dy5yYWt1dGVuLm5lLmpwL2dvbGQvZWJlc3QvaW1nL2ltZ19ndWlkZS9zcGFjZXIuZ2lmIiB3aWR0aD0iMTAwJSIgaGVpZ2h0PSIxMCI+PC90ZD48dGQgd2lkdGg9IjIlIj48aW1nIHNyYz0iaHR0cHM6Ly93d3cucmFrdXRlbi5uZS5qcC9nb2xkL2ViZXN0L2ltZy9pbWdfZ3VpZGUvc3BhY2VyLmdpZiIgd2lkdGg9IjEwMCUiIGhlaWdodD0iMTAiPjwvdGQ+PHRkIHdpZHRoPSIyMyUiPjxpbWcgc3JjPSJodHRwczovL3d3dy5yYWt1dGVuLm5lLmpwL2dvbGQvZWJlc3QvaW1nL2ltZ19ndWlkZS9zcGFjZXIuZ2lmIiB3aWR0aD0iMTAwJSIgaGVpZ2h0PSIxMCI+PC90ZD48dGQgd2lkdGg9IjIlIj48aW1nIHNyYz0iaHR0cHM6Ly93d3cucmFrdXRlbi5uZS5qcC9nb2xkL2ViZXN0L2ltZy9pbWdfZ3VpZGUvc3BhY2VyLmdpZiIgd2lkdGg9IjEwMCUiIGhlaWdodD0iMTAiPjwvdGQ+PHRkIHdpZHRoPSIyMyUiPjxpbWcgc3JjPSJodHRwczovL3d3dy5yYWt1dGVuLm5lLmpwL2dvbGQvZWJlc3QvaW1nL2ltZ19ndWlkZS9zcGFjZXIuZ2lmIiB3aWR0aD0iMTAwJSIgaGVpZ2h0PSIxMCI+PC90ZD48L3RyPjx0cj48dGQgY29sc3Bhbj0iNyIgd2lkdGg9IjEwMCUiPjxpbWcgc3JjPSJodHRwczovL3d3dy5yYWt1dGVuLm5lLmpwL2dvbGQvZWJlc3QvaW1nL2ltZ19ndWlkZS9zcGFjZXIuZ2lmIiB3aWR0aD0iMTAwJSIgaGVpZ2h0PSIyMCI+PC90ZD48L3RyPjwvdGFibGU+PGJyPuKWoOOCs+ODs+ODkeOCr+ODiOOCteOCpOOCuuOBquOBruOBq+mrmOOBhOecgeOCqOODjeaAp+OCkuWun+ePvjxicj7ilqDjgIzjg4rjg47jgqTjg7xY44CN44Gn44CB44Ko44Ki44Kz44Oz5YaF6YOo44KC6YOo5bGL44Gu56m65rCX44KC44Kt44Os44KkPGJyPuKWoOOAjOOCqOOCs+ODiuODk+OAjeOBjOODoOODgOOCkuimi+OBpOOBkeOBpuOAgeiHquWLleOBp+evgOmbuzxicj48Yj7pm7vmupA8L2I+77ya5Y2Y55u4MjAwViAyMEE8YnI+PGI+44Kz44Oz44K744Oz44OI5b2i54q2PC9iPu+8muOCqOODq+ODkOODvDxicj48Yj7pgannlKjnlbPmlbA8L2I+PGJyPuOAgOaaluaIv++8mjE1772eMTjnlbMoMjTvvZ4zMG0yKTxicj7jgIDlhrfmiL/vvJoxNe+9njIz55WzKDI1772eMzltMik8YnI+PGI+6IO95YqbPC9iPjxicj7jgIDmmpbmiL/vvJo2LjdrVygwLjbvvZ45LjdrVyk8YnI+44CA5Ya35oi/77yaNS42a1coMC43772eNS43a1cpPGJyPjxiPua2iOiyu+mbu+WKmzwvYj48YnI+44CA5pqW5oi/77yaMTkwMFcoMTUw772eMzYyMFcpPGJyPuOAgOWGt+aIv++8mjIxNzBXKDE2MO+9njIzOTBXKTxicj48Yj7mnJ/plpPmtojosrvpm7vlipvph488L2I+77yaMTk2MWtXaChKSVMgQzk2MTLvvJoyMDEzKTxicj48Yj7nnIHjgqjjg43ln7rmupbpgZTmiJDnjoc8L2I+77yaMTA4Je+8muebruaomeW5tOW6puOAgDIwMTDlubQ8YnI+PGI+6YCa5bm044Ko44ON44Or44Ku44O85raI6LK75Yq5546HKEFQRik8L2I+77yaNS40KEpJUyBDOTYxMu+8mjIwMTMpPGJyPjxiPuapn+iDvTwvYj48YnI+44CA44OV44Kj44Or44K/44O86Ieq5YuV5o6D6Zmk77ya4peLPGJyPuOAgOmZpOiPjO+8muODiuODjuOCpOODvFjjgIHjgIxBZyvpmaToj4zjgI3jg5XjgqPjg6vjgr/jg7w8YnI+44CA56m65rCX5riF5rWE77ya4peLPGJyPuOAgOaPm+awl++8mi08YnI+44CA6Zmk5rm/77ya4peLPGJyPuOAgOWKoOa5v++9peS/nea5v++8muS/nea5vzxicj7jgIDkurrmhJ/jgrvjg7PjgrXjg7zvvJril4s8YnI+PGI+6YGL6Lui6Z+zPC9iPjxicj7jgIDmmpbmiL88YnI+44CA44CA5a6k5YaF5qmf77yaNjVkYihKSVMgQzk2MTLvvJoyMDEzKTxicj7jgIDjgIDlrqTlpJbmqZ/vvJo2NWRiKEpJUyBDOTYxMu+8mjIwMTMpPGJyPuOAgOWGt+aIvzxicj7jgIDjgIDlrqTlhoXmqZ/vvJo2NWRiKEpJUyBDOTYxMu+8mjIwMTMpPGJyPuOAgOOAgOWupOWkluapn++8mjY1ZGIoSklTIEM5NjEy77yaMjAxMyk8YnI+PGI+5pyA5aSn6YWN566h6ZW3PC9iPu+8mjIwbTxicj48Yj7mnIDlpKfpq5jkvY7lt648L2I+77yaMTVtPGJyPjxiPuWvuOazle+9pemHjemHjzwvYj48YnI+44CA5a6k5YaF5qmf5a+45rOV77ya5bmFIDc5MHjpq5jjgZUgMjQ5eOWlpeihjCAzNTVtbTxicj7jgIDlrqTlhoXmqZ/os6rph4/vvJrntIQxMmtnPGJyPuOAgOWupOWkluapn+WvuOazle+8muW5hSA3OTl46auY44GVIDYxOXjlpaXooYwgMjk5bW08YnI+44CA5a6k5aSW5qmf6LOq6YeP77ya57SEMzguNWtnPGJyPjxiPuS7mOWxnuWTgTwvYj7vvJo8YnI+44CA44Oq44Oi44Kz44OzPGJyPuOAgOWNmDPlvaLjgqLjg6vjgqvjg6rkub7pm7vmsaAgMuacrDxicj7jgIDjg6rjg6LjgrPjg7Pjg5vjg6vjg4Djg7w8YnI+44CA44Oq44Oi44Kz44Oz44Ob44Or44OA44O85Y+W5LuY55So44ON44K4IDLmnKw=,44OR44OK44K944OL44OD44KvIENTLVNYNTY3QzItVyjjgq/jg6rjgrnjgr/jg6vjg5vjg6/jgqTjg4gpIEVvbGlhKOOCqOOCquODquOCoikgU1jjgrfjg6rjg7zjgrogMTjnlbMg6Zu75rqQMjAwVu+8muOCpOODvOODmeOCueODiFBD44O75a626Zu76aSo,44OR44K944Kz44Oz5a626Zu744Kq44O844OH44Kj44Kq576O5a655YGl5bq344Oi44OQ44Kk44Or77yw77yk77yh44OA44Kk44Ko44OD44OI44OG44Os44OT44Of44OL44Kz44Oz44OT44OH44Kq44K944OL44O844K544Kr44OR44O8VC1mYWzjg4bjgqPjg5XjgqHjg7zjg6vml6XnlKjlk4Hjgrnjg53jg7zjg4TjgYrjgoLjgaHjgoPjgrLjg7zjg6DjgYrosrfjgYTlvpfjg5Hjg4rjgr3jg4vjg4Pjgq8gQ1MtU1g1NjdDMi1XKOOCr+ODquOCueOCv+ODq+ODm+ODr+OCpOODiCkgRW9saWEo44Ko44Kq44Oq44KiKSBTWOOCt+ODquODvOOCuiAxOOeVsyDpm7vmupAyMDBW,44CQ6YCB5paZ54Sh5paZ44CR44CQ6YCa5bi4M+aXpeeoi+W6puOBq+OBpuWHuuiNt+OAkeOAguODkeODiuOCveODi+ODg+OCryBDUy1TWDU2N0MyLVco44Kv44Oq44K544K/44Or44Ob44Ov44Kk44OIKSBFb2xpYSjjgqjjgqrjg6rjgqIpIFNY44K344Oq44O844K6IDE455WzIOmbu+a6kDIwMFY=[rn]
37-97127,aHR0cDovL3RzaG9wLnIxMHMuanAvZWJlc3QvY2FiaW5ldC8yMjQvMDAwMDAwMDAxMDIzMS5qcGc/Zml0aW49NzAwOjcwMA==,MTU4NTc4LjQwMDA=,,5a626Zu7ID4g5a2j56+A44O756m66Kq/5a626Zu7ID4g44Ko44Ki44Kz44OzID4g44Ko44Ki44Kz44Oz,44CQ6ZW35pyf5L+d6Ki85LuY44CR5LiJ6I+xIE1TWi1TNTYxN1MtTijjgrfjg6Pjg7Pjg5Hjg7PjgrTjg7zjg6vjg4kpIOmcp+ODtuWzsCBT44K344Oq44O844K6IDE455WzIOmbu+a6kDIwMFY=,44CQ6YCB5paZ54Sh5paZ44CR44CQ6YCa5bi4OOaXpeeoi+W6puOBq+OBpuWHuuiNt+OAkQ==,5pqu44KJ44GX44Gr5b2p44KK44Go5b+r6YGp44KS55Sf44G/5Ye644GZ44OH44K244Kk44Oz44Ko44Ki44Kz44OzPHRhYmxlIGJvcmRlcj0iMCIgY2VsbHNwYWNpbmc9IjAiIGNlbGxwYWRkaW5nPSIwIiB3aWR0aD0iMTAwJSI+PHRyPjx0ZCB3aWR0aD0iMTAwJSI+PGltZyBzcmM9Imh0dHBzOi8vd3d3LnJha3V0ZW4ubmUuanAvZ29sZC9lYmVzdC9pbWcvaW1nX2d1aWRlL3RsdF9vcHRpb24uanBnIiBib3JkZXI9IjAiIHdpZHRoPSIxMDAlIj48L3RkPjwvdHI+PHRyPjx0ZCB3aWR0aD0iMTAwJSI+PGltZyBzcmM9Imh0dHBzOi8vd3d3LnJha3V0ZW4ubmUuanAvZ29sZC9lYmVzdC9pbWcvaW1nX2d1aWRlL3NwYWNlci5naWYiIHdpZHRoPSIxMDAlIiBoZWlnaHQ9IjEwIj48L3RkPjwvdHI+PHRyPjx0ZD48Zm9udCBjb2xvcj0icmVkIj7llYblk4Hjga7lnKjluqvnirbms4Hjga/kuIvooajjga7jgIzllYblk4Hjga7jgb/jgI3jga7jg5rjg7zjgrjjgbjnp7vli5XjgZfjgabjgZTnorroqo3jgY/jgaDjgZXjgYTjgII8YnI+6ZW35pyf5L+d6Ki844Gv5rOV5Lq65qeY77yI5YCL5Lq65qeY5Lul5aSW77yJ44Gu5Yqg5YWl44CB5qWt5YuZ44Gn44Gu5L2/55So44Gv5L+d6Ki85aSW44Go44Gq44KK44G+44GZ44CCPGJyPuW/heOBmumVt+acn+S/neiovOOBruOCteODvOODk+OCueWGheWuueOAgeimj+WumuOCkuS6iOOCgeOBlOeiuuiqjeOBj+OBoOOBleOBhOOAgjxicj7plbfmnJ/kv53oqLzjgpLjgZTluIzmnJvjgZXjgozjgarjgYTloLTlkIjjga/kuIvoqJjjga7ooajjgojjgorjgIzllYblk4Hjga7jgb/jgI3jga7jg5rjg7zjgrjjgbjnp7vli5XjgZfjgabjgZTms6jmlofjgY/jgaDjgZXjgYTjgII8YnI+77yV5bm06ZaT6ZW35pyf5L+d6Ki84oC777yw77yj44CB44K/44OW44Os44OD44OI44CB44OX44Oq44Oz44K/44O844CB5bel5YW344Gv77yT5bm044Go44Gq44KK44G+44GZ44CCPC9mb250PjwvdGQ+PC90cj48dHI+PHRkIHdpZHRoPSIxMDAlIj48aW1nIHNyYz0iaHR0cHM6Ly93d3cucmFrdXRlbi5uZS5qcC9nb2xkL2ViZXN0L2ltZy9pbWdfZ3VpZGUvc3BhY2VyLmdpZiIgd2lkdGg9IjEwMCUiIGhlaWdodD0iMjAiPjwvdGQ+PC90cj48L3RhYmxlPjx0YWJsZSBib3JkZXI9IjAiIGNlbGxzcGFjaW5nPSIwIiBjZWxscGFkZGluZz0iMCIgd2lkdGg9IjEwMCUiPjx0cj48dGQgd2lkdGg9IjE1JSI+PGltZyBzcmM9Imh0dHBzOi8vd3d3LnJha3V0ZW4ubmUuanAvZ29sZC9lYmVzdC9pbWcvaW1nX2d1aWRlL2J0bl9vcHRpb24wMS5qcGciIGJvcmRlcj0iMCIgd2lkdGg9IjEwMCUiPjwvdGQ+PHRkIHdpZHRoPSIyJSI+PGltZyBzcmM9Imh0dHBzOi8vd3d3LnJha3V0ZW4ubmUuanAvZ29sZC9lYmVzdC9pbWcvaW1nX2d1aWRlL3NwYWNlci5naWYiIHdpZHRoPSIxMDAlIiBoZWlnaHQ9IjEwIj48L3RkPjx0ZCB3aWR0aD0iMTUlIj48aW1nIHNyYz0iaHR0cHM6Ly93d3cucmFrdXRlbi5uZS5qcC9nb2xkL2ViZXN0L2ltZy9pbWdfZ3VpZGUvYnRuX29wdGlvbjAyLmpwZyIgYm9yZGVyPSIwIiB3aWR0aD0iMTAwJSI+PC90ZD48dGQgd2lkdGg9IjIlIj48aW1nIHNyYz0iaHR0cHM6Ly93d3cucmFrdXRlbi5uZS5qcC9nb2xkL2ViZXN0L2ltZy9pbWdfZ3VpZGUvc3BhY2VyLmdpZiIgd2lkdGg9IjEwMCUiIGhlaWdodD0iMTAiPjwvdGQ+PHRkIHdpZHRoPSIxNSUiPjxpbWcgc3JjPSJodHRwczovL3d3dy5yYWt1dGVuLm5lLmpwL2dvbGQvZWJlc3QvaW1nL2ltZ19ndWlkZS9zcGFjZXIuZ2lmIiB3aWR0aD0iMTAwJSIgaGVpZ2h0PSIxMCI+PC90ZD48dGQgd2lkdGg9IjIlIj48aW1nIHNyYz0iaHR0cHM6Ly93d3cucmFrdXRlbi5uZS5qcC9nb2xkL2ViZXN0L2ltZy9pbWdfZ3VpZGUvc3BhY2VyLmdpZiIgd2lkdGg9IjEwMCUiIGhlaWdodD0iMTAiPjwvdGQ+PHRkIHdpZHRoPSIxNSUiPjxpbWcgc3JjPSJodHRwczovL3d3dy5yYWt1dGVuLm5lLmpwL2dvbGQvZWJlc3QvaW1nL2ltZ19ndWlkZS9zcGFjZXIuZ2lmIiB3aWR0aD0iMTAwJSIgaGVpZ2h0PSIxMCI+PC90ZD48dGQgd2lkdGg9IjIlIj48aW1nIHNyYz0iaHR0cHM6Ly93d3cucmFrdXRlbi5uZS5qcC9nb2xkL2ViZXN0L2ltZy9pbWdfZ3VpZGUvc3BhY2VyLmdpZiIgd2lkdGg9IjEwMCUiIGhlaWdodD0iMTAiPjwvdGQ+PHRkIHdpZHRoPSIxNSUiPjxpbWcgc3JjPSJodHRwczovL3d3dy5yYWt1dGVuLm5lLmpwL2dvbGQvZWJlc3QvaW1nL2ltZ19ndWlkZS9zcGFjZXIuZ2lmIiB3aWR0aD0iMTAwJSIgaGVpZ2h0PSIxMCI+PC90ZD48dGQgd2lkdGg9IjIlIj48aW1nIHNyYz0iaHR0cHM6Ly93d3cucmFrdXRlbi5uZS5qcC9nb2xkL2ViZXN0L2ltZy9pbWdfZ3VpZGUvc3BhY2VyLmdpZiIgd2lkdGg9IjEwMCUiIGhlaWdodD0iMTAiPjwvdGQ+PHRkIHdpZHRoPSIxNSUiPjxpbWcgc3JjPSJodHRwczovL3d3dy5yYWt1dGVuLm5lLmpwL2dvbGQvZWJlc3QvaW1nL2ltZ19ndWlkZS9zcGFjZXIuZ2lmIiB3aWR0aD0iMTAwJSIgaGVpZ2h0PSIxMCI+PC90ZD48L3RyPjx0cj48dGQgY29sc3Bhbj0iMTEiIHdpZHRoPSIxMDAlIj48aW1nIHNyYz0iaHR0cHM6Ly93d3cucmFrdXRlbi5uZS5qcC9nb2xkL2ViZXN0L2ltZy9pbWdfZ3VpZGUvc3BhY2VyLmdpZiIgd2lkdGg9IjEwMCUiIGhlaWdodD0iMjAiPjwvdGQ+PC90cj48L3RhYmxlPjx0YWJsZSBib3JkZXI9IjAiIGNlbGxzcGFjaW5nPSIwIiBjZWxscGFkZGluZz0iMCIgd2lkdGg9IjEwMCUiPjx0cj48dGQgY29sc3Bhbj0iNyIgd2lkdGg9IjEwMCUiPjxpbWcgc3JjPSJodHRwczovL3d3dy5yYWt1dGVuLm5lLmpwL2dvbGQvZWJlc3QvaW1nL2ltZ19ndWlkZS90bHRfc2VydmljZS5qcGciIHdpZHRoPSIxMDAlIj48L3RkPjwvdHI+PHRyPjx0ZCBjb2xzcGFuPSI3IiB3aWR0aD0iMTAwJSI+PGltZyBzcmM9Imh0dHBzOi8vd3d3LnJha3V0ZW4ubmUuanAvZ29sZC9lYmVzdC9pbWcvaW1nX2d1aWRlL3NwYWNlci5naWYiIHdpZHRoPSIxMDAlIiBoZWlnaHQ9IjIwIj48L3RkPjwvdHI+PHRyPjx0ZCB3aWR0aD0iMjMlIj48aW1nIHNyYz0iaHR0cHM6Ly93d3cucmFrdXRlbi5uZS5qcC9nb2xkL2ViZXN0L2ltZy9pbWdfZ3VpZGUvYnRuX3NlcnZpY2UwMS5qcGciIHdpZHRoPSIxMDAlIj48L3RkPjx0ZCB3aWR0aD0iMiUiPjxpbWcgc3JjPSJodHRwczovL3d3dy5yYWt1dGVuLm5lLmpwL2dvbGQvZWJlc3QvaW1nL2ltZ19ndWlkZS9zcGFjZXIuZ2lmIiB3aWR0aD0iMTAwJSIgaGVpZ2h0PSIxMCI+PC90ZD48dGQgd2lkdGg9IjIzJSI+PGltZyBzcmM9Imh0dHBzOi8vd3d3LnJha3V0ZW4ubmUuanAvZ29sZC9lYmVzdC9pbWcvaW1nX2d1aWRlL3NwYWNlci5naWYiIHdpZHRoPSIxMDAlIiBoZWlnaHQ9IjEwIj48L3RkPjx0ZCB3aWR0aD0iMiUiPjxpbWcgc3JjPSJodHRwczovL3d3dy5yYWt1dGVuLm5lLmpwL2dvbGQvZWJlc3QvaW1nL2ltZ19ndWlkZS9zcGFjZXIuZ2lmIiB3aWR0aD0iMTAwJSIgaGVpZ2h0PSIxMCI+PC90ZD48dGQgd2lkdGg9IjIzJSI+PGltZyBzcmM9Imh0dHBzOi8vd3d3LnJha3V0ZW4ubmUuanAvZ29sZC9lYmVzdC9pbWcvaW1nX2d1aWRlL3NwYWNlci5naWYiIHdpZHRoPSIxMDAlIiBoZWlnaHQ9IjEwIj48L3RkPjx0ZCB3aWR0aD0iMiUiPjxpbWcgc3JjPSJodHRwczovL3d3dy5yYWt1dGVuLm5lLmpwL2dvbGQvZWJlc3QvaW1nL2ltZ19ndWlkZS9zcGFjZXIuZ2lmIiB3aWR0aD0iMTAwJSIgaGVpZ2h0PSIxMCI+PC90ZD48dGQgd2lkdGg9IjIzJSI+PGltZyBzcmM9Imh0dHBzOi8vd3d3LnJha3V0ZW4ubmUuanAvZ29sZC9lYmVzdC9pbWcvaW1nX2d1aWRlL3NwYWNlci5naWYiIHdpZHRoPSIxMDAlIiBoZWlnaHQ9IjEwIj48L3RkPjwvdHI+PHRyPjx0ZCBjb2xzcGFuPSI3IiB3aWR0aD0iMTAwJSI+PGltZyBzcmM9Imh0dHBzOi8vd3d3LnJha3V0ZW4ubmUuanAvZ29sZC9lYmVzdC9pbWcvaW1nX2d1aWRlL3NwYWNlci5naWYiIHdpZHRoPSIxMDAlIiBoZWlnaHQ9IjIwIj48L3RkPjwvdHI+PC90YWJsZT48YnI+4pag44CM44Og44O844OW44Ki44Kk44CN44GM5Lq644Gu5L2T5oSf5rip5bqm44KS6KaL44Gm44CB44CM44OP44Kk44OW44Oq44OD44OJ6YGL6Lui44CN44Gn5Ya344GI44KL44Go44CM54i96aKo44CN44CB5pqR44GE44Go44CM5Ya35oi/44CN44Gr6Ieq5YuV44Gn5YiH5pu/44GIPGJyPuKWoOWGt+aIv++9pemZpOa5v+mBi+i7oue1guS6huW+jOOBquOBqeOBq+iHquWLleeahOOBq+OCqOOCouOCs+ODs+WGhemDqOOBruS5vueHpSjliqDnhrEp6YGL6Lui44KS6KGM44GE44CB44Kr44OT44Gu5oiQ6ZW344KS5oqR5Yi244GX44G+44GZPGJyPuKWoOawl+OBq+OBquOCi+WvneWupOOBruepuuawl+OBr+OAjOW4r+mbu+ODn+OCr+ODreODleOCo+ODq+OCv+ODvOOAjeOBp+OAgea4hea9lOOBqzxicj48Yj7pm7vmupA8L2I+77ya5Y2Y55u4MjAwViAxNUE8YnI+PGI+44Kz44Oz44K744Oz44OI5b2i54q2PC9iPu+8muOCv+ODs+ODh+ODoDxicj48Yj7pgannlKjnlbPmlbA8L2I+PGJyPuOAgOaaluaIv++8mjE1772eMTjnlbMoMjTvvZ4zMG0yKTxicj7jgIDlhrfmiL/vvJoxNe+9njIz55WzKDI1772eMzltMik8YnI+PGI+6IO95YqbPC9iPjxicj7jgIDmmpbmiL/vvJo2LjdrVygwLjjvvZ45LjJrVyk8YnI+44CA5Ya35oi/77yaNS42a1coMC44772eNS44a1cpPGJyPjxiPua2iOiyu+mbu+WKmzwvYj48YnI+44CA5pqW5oi/77yaMTg1MFcoMTI1772eMjk3MFcpPGJyPuOAgOWGt+aIv++8mjIzODBXKDEyNe+9njI1MTBXKTxicj48Yj7mnJ/plpPmtojosrvpm7vlipvph488L2I+77yaMjExOGtXaChKSVMgQzk2MTLvvJoyMDEzKTxicj48Yj7nnIHjgqjjg43ln7rmupbpgZTmiJDnjoc8L2I+77yaMTAwJe+8muebruaomeW5tOW6puOAgDIwMTDlubQ8YnI+PGI+6YCa5bm044Ko44ON44Or44Ku44O85raI6LK75Yq5546HKEFQRik8L2I+77yaNShKSVMgQzk2MTLvvJoyMDEzKTxicj48Yj7mqZ/og708L2I+PGJyPuOAgOODleOCo+ODq+OCv+ODvOiHquWLleaOg+mZpO+8mi08YnI+44CA6Zmk6I+M77yaLTxicj7jgIDnqbrmsJfmuIXmtYTvvJril4s8YnI+44CA5o+b5rCX77yaLTxicj7jgIDpmaTmub/vvJril4s8YnI+44CA5Yqg5rm/772l5L+d5rm/77ya5L+d5rm/PGJyPuOAgOS6uuaEn+OCu+ODs+OCteODvO+8muKXizxicj48Yj7pgYvou6Lpn7M8L2I+PGJyPuOAgOaaluaIvzxicj7jgIDjgIDlrqTlhoXmqZ/vvJo2N2RiKEpJUyBDOTYxMu+8mjIwMTMpPGJyPuOAgOOAgOWupOWkluapn++8mjY3ZGIoSklTIEM5NjEy77yaMjAxMyk8YnI+44CA5Ya35oi/PGJyPuOAgOOAgOWupOWGheapn++8mjY2ZGIoSklTIEM5NjEy77yaMjAxMyk8YnI+44CA44CA5a6k5aSW5qmf77yaNjZkYihKSVMgQzk2MTLvvJoyMDEzKTxicj48Yj7mnIDlpKfphY3nrqHplbc8L2I+77yaMTIo44OB44Oj44O844K444Os44K5MTBtKW08YnI+PGI+5pyA5aSn6auY5L2O5beuPC9iPu+8mjEwbTxicj48Yj7lr7jms5XvvaXph43ph488L2I+PGJyPuOAgOWupOWGheapn+WvuOazle+8muW5hSA3OTh46auY44GVIDI5NXjlpaXooYwgMjUybW08YnI+44CA5a6k5YaF5qmf6LOq6YeP77ya57SEMTJrZzxicj7jgIDlrqTlpJbmqZ/lr7jms5XvvJrluYUgODAweOmrmOOBlSA1NTB45aWl6KGMIDI4NW1tPGJyPuOAgOWupOWkluapn+izqumHj++8mue0hDM0a2c8YnI+PGI+5LuY5bGe5ZOBPC9iPu+8mjxicj7jgIDjg6rjg6LjgrPjg7M8YnI+44CA5Y2YNOW9ouS5vumbu+axoCAy5pysPGJyPuOAgOWPluaJseiqrOaYjuabuA==,44CQ6ZW35pyf5L+d6Ki85LuY44CR5LiJ6I+xIE1TWi1TNTYxN1MtTijjgrfjg6Pjg7Pjg5Hjg7PjgrTjg7zjg6vjg4kpIOmcp+ODtuWzsCBT44K344Oq44O844K6IDE455WzIOmbu+a6kDIwMFbvvJrjgqTjg7zjg5njgrnjg4hQQ+ODu+Wutumbu+mkqA==,44OR44K944Kz44Oz5a626Zu744Kq44O844OH44Kj44Kq576O5a655YGl5bq344Oi44OQ44Kk44Or77yw77yk77yh44OA44Kk44Ko44OD44OI44OG44Os44OT44Of44OL44Kz44Oz44OT44OH44Kq44K944OL44O844K544Kr44OR44O8VC1mYWzjg4bjgqPjg5XjgqHjg7zjg6vml6XnlKjlk4Hjgrnjg53jg7zjg4TjgYrjgoLjgaHjgoPjgrLjg7zjg6DjgYrosrfjgYTlvpfjgJDplbfmnJ/kv53oqLzku5jjgJHkuInoj7EgTVNaLVM1NjE3Uy1OKOOCt+ODo+ODs+ODkeODs+OCtOODvOODq+ODiSkg6Zyn44O25bOwIFPjgrfjg6rjg7zjgrogMTjnlbMg6Zu75rqQMjAwVg==,44CQ6YCB5paZ54Sh5paZ44CR44CQ6YCa5bi4OOaXpeeoi+W6puOBq+OBpuWHuuiNt+OAkeOAguOAkOmVt+acn+S/neiovOS7mOOAkeS4ieiPsSBNU1otUzU2MTdTLU4o44K344Oj44Oz44OR44Oz44K044O844Or44OJKSDpnKfjg7bls7AgU+OCt+ODquODvOOCuiAxOOeVsyDpm7vmupAyMDBW[rn]
37-97128,aHR0cDovL3RzaG9wLnIxMHMuanAvZWJlc3QvY2FiaW5ldC8yMTcvMDAwMDAwMDAxMDAxNS5qcGc/Zml0aW49NzAwOjcwMA==,MTY5MDAwLjAwMDA=,,5a626Zu7ID4g5a2j56+A44O756m66Kq/5a626Zu7ID4g44Ko44Ki44Kz44OzID4g44Ko44Ki44Kz44Oz,44CQ6ZW35pyf5L+d6Ki85LuY44CR5LiJ6I+xIE1TWi1YRDU2MTdTLVco44Km44Kn44O844OW44Ob44Ov44Kk44OIKSDjgrrjg5DmmpbpnKfjg7bls7AgWETjgrfjg6rjg7zjgrogMTjnlbMg6Zu75rqQMjAwVg==,44CQ6YCB5paZ54Sh5paZ44CR44CQ6YCa5bi4OOaXpeeoi+W6puOBq+OBpuWHuuiNt+OAkQ==,6Ieq5YuV44GK5o6D6Zmk5qmf6IO95LuY44GN44Gu44Kz44Oz44OR44Kv44OI5pqW5oi/44Oi44OH44OrITx0YWJsZSBib3JkZXI9IjAiIGNlbGxzcGFjaW5nPSIwIiBjZWxscGFkZGluZz0iMCIgd2lkdGg9IjEwMCUiPjx0cj48dGQgd2lkdGg9IjEwMCUiPjxpbWcgc3JjPSJodHRwOi8vd3d3LnJha3V0ZW4ubmUuanAvZ29sZC9lYmVzdC9pbWcvaW1nX2d1aWRlL3RsdF9vcHRpb24uanBnIiBib3JkZXI9IjAiIHdpZHRoPSIxMDAlIj48L3RkPjwvdHI+PHRyPjx0ZCB3aWR0aD0iMTAwJSI+PGltZyBzcmM9Imh0dHA6Ly93d3cucmFrdXRlbi5uZS5qcC9nb2xkL2ViZXN0L2ltZy9pbWdfZ3VpZGUvc3BhY2VyLmdpZiIgd2lkdGg9IjEwMCUiIGhlaWdodD0iMTAiPjwvdGQ+PC90cj48dHI+PHRkPjxmb250IGNvbG9yPSJyZWQiPuWVhuWTgeOBruWcqOW6q+eKtuazgeOBr+S4i+ihqOOBruOAjOWVhuWTgeOBruOBv+OAjeOBruODmuODvOOCuOOBuOenu+WLleOBl+OBpuOBlOeiuuiqjeOBj+OBoOOBleOBhOOAgjxicj7plbfmnJ/kv53oqLzjga/ms5Xkurrmp5jvvIjlgIvkurrmp5jku6XlpJbvvInjga7liqDlhaXjgIHmpa3li5njgafjga7kvb/nlKjjga/kv53oqLzlpJbjgajjgarjgorjgb7jgZnjgII8YnI+5b+F44Ga6ZW35pyf5L+d6Ki844Gu44K144O844OT44K55YaF5a6544CB6KaP5a6a44KS5LqI44KB44GU56K66KqN44GP44Gg44GV44GE44CCPGJyPumVt+acn+S/neiovOOCkuOBlOW4jOacm+OBleOCjOOBquOBhOWgtOWQiOOBr+S4i+iomOOBruihqOOCiOOCiuOAjOWVhuWTgeOBruOBv+OAjeOBruODmuODvOOCuOOBuOenu+WLleOBl+OBpuOBlOazqOaWh+OBj+OBoOOBleOBhOOAgjxicj7vvJXlubTplpPplbfmnJ/kv53oqLzigLvvvLDvvKPjgIHjgr/jg5bjg6zjg4Pjg4jjgIHjg5fjg6rjg7Pjgr/jg7zjgIHlt6Xlhbfjga/vvJPlubTjgajjgarjgorjgb7jgZnjgII8L2ZvbnQ+PC90ZD48L3RyPjx0cj48dGQgd2lkdGg9IjEwMCUiPjxpbWcgc3JjPSJodHRwOi8vd3d3LnJha3V0ZW4ubmUuanAvZ29sZC9lYmVzdC9pbWcvaW1nX2d1aWRlL3NwYWNlci5naWYiIHdpZHRoPSIxMDAlIiBoZWlnaHQ9IjIwIj48L3RkPjwvdHI+PC90YWJsZT48dGFibGUgYm9yZGVyPSIwIiBjZWxsc3BhY2luZz0iMCIgY2VsbHBhZGRpbmc9IjAiIHdpZHRoPSIxMDAlIj48dHI+PHRkIHdpZHRoPSIxNSUiPjxpbWcgc3JjPSJodHRwOi8vd3d3LnJha3V0ZW4ubmUuanAvZ29sZC9lYmVzdC9pbWcvaW1nX2d1aWRlL2J0bl9vcHRpb24wMS5qcGciIGJvcmRlcj0iMCIgd2lkdGg9IjEwMCUiPjwvdGQ+PHRkIHdpZHRoPSIyJSI+PGltZyBzcmM9Imh0dHA6Ly93d3cucmFrdXRlbi5uZS5qcC9nb2xkL2ViZXN0L2ltZy9pbWdfZ3VpZGUvc3BhY2VyLmdpZiIgd2lkdGg9IjEwMCUiIGhlaWdodD0iMTAiPjwvdGQ+PHRkIHdpZHRoPSIxNSUiPjxpbWcgc3JjPSJodHRwOi8vd3d3LnJha3V0ZW4ubmUuanAvZ29sZC9lYmVzdC9pbWcvaW1nX2d1aWRlL2J0bl9vcHRpb24wMi5qcGciIGJvcmRlcj0iMCIgd2lkdGg9IjEwMCUiPjwvdGQ+PHRkIHdpZHRoPSIyJSI+PGltZyBzcmM9Imh0dHA6Ly93d3cucmFrdXRlbi5uZS5qcC9nb2xkL2ViZXN0L2ltZy9pbWdfZ3VpZGUvc3BhY2VyLmdpZiIgd2lkdGg9IjEwMCUiIGhlaWdodD0iMTAiPjwvdGQ+PHRkIHdpZHRoPSIxNSUiPjxpbWcgc3JjPSJodHRwOi8vd3d3LnJha3V0ZW4ubmUuanAvZ29sZC9lYmVzdC9pbWcvaW1nX2d1aWRlL3NwYWNlci5naWYiIHdpZHRoPSIxMDAlIiBoZWlnaHQ9IjEwIj48L3RkPjx0ZCB3aWR0aD0iMiUiPjxpbWcgc3JjPSJodHRwOi8vd3d3LnJha3V0ZW4ubmUuanAvZ29sZC9lYmVzdC9pbWcvaW1nX2d1aWRlL3NwYWNlci5naWYiIHdpZHRoPSIxMDAlIiBoZWlnaHQ9IjEwIj48L3RkPjx0ZCB3aWR0aD0iMTUlIj48aW1nIHNyYz0iaHR0cDovL3d3dy5yYWt1dGVuLm5lLmpwL2dvbGQvZWJlc3QvaW1nL2ltZ19ndWlkZS9zcGFjZXIuZ2lmIiB3aWR0aD0iMTAwJSIgaGVpZ2h0PSIxMCI+PC90ZD48dGQgd2lkdGg9IjIlIj48aW1nIHNyYz0iaHR0cDovL3d3dy5yYWt1dGVuLm5lLmpwL2dvbGQvZWJlc3QvaW1nL2ltZ19ndWlkZS9zcGFjZXIuZ2lmIiB3aWR0aD0iMTAwJSIgaGVpZ2h0PSIxMCI+PC90ZD48dGQgd2lkdGg9IjE1JSI+PGltZyBzcmM9Imh0dHA6Ly93d3cucmFrdXRlbi5uZS5qcC9nb2xkL2ViZXN0L2ltZy9pbWdfZ3VpZGUvc3BhY2VyLmdpZiIgd2lkdGg9IjEwMCUiIGhlaWdodD0iMTAiPjwvdGQ+PHRkIHdpZHRoPSIyJSI+PGltZyBzcmM9Imh0dHA6Ly93d3cucmFrdXRlbi5uZS5qcC9nb2xkL2ViZXN0L2ltZy9pbWdfZ3VpZGUvc3BhY2VyLmdpZiIgd2lkdGg9IjEwMCUiIGhlaWdodD0iMTAiPjwvdGQ+PHRkIHdpZHRoPSIxNSUiPjxpbWcgc3JjPSJodHRwOi8vd3d3LnJha3V0ZW4ubmUuanAvZ29sZC9lYmVzdC9pbWcvaW1nX2d1aWRlL3NwYWNlci5naWYiIHdpZHRoPSIxMDAlIiBoZWlnaHQ9IjEwIj48L3RkPjwvdHI+PHRyPjx0ZCBjb2xzcGFuPSIxMSIgd2lkdGg9IjEwMCUiPjxpbWcgc3JjPSJodHRwOi8vd3d3LnJha3V0ZW4ubmUuanAvZ29sZC9lYmVzdC9pbWcvaW1nX2d1aWRlL3NwYWNlci5naWYiIHdpZHRoPSIxMDAlIiBoZWlnaHQ9IjIwIj48L3RkPjwvdHI+PC90YWJsZT48dGFibGUgYm9yZGVyPSIwIiBjZWxsc3BhY2luZz0iMCIgY2VsbHBhZGRpbmc9IjAiIHdpZHRoPSIxMDAlIj48dHI+PHRkIGNvbHNwYW49IjciIHdpZHRoPSIxMDAlIj48aW1nIHNyYz0iaHR0cDovL3d3dy5yYWt1dGVuLm5lLmpwL2dvbGQvZWJlc3QvaW1nL2ltZ19ndWlkZS90bHRfc2VydmljZS5qcGciIHdpZHRoPSIxMDAlIj48L3RkPjwvdHI+PHRyPjx0ZCBjb2xzcGFuPSI3IiB3aWR0aD0iMTAwJSI+PGltZyBzcmM9Imh0dHA6Ly93d3cucmFrdXRlbi5uZS5qcC9nb2xkL2ViZXN0L2ltZy9pbWdfZ3VpZGUvc3BhY2VyLmdpZiIgd2lkdGg9IjEwMCUiIGhlaWdodD0iMjAiPjwvdGQ+PC90cj48dHI+PHRkIHdpZHRoPSIyMyUiPjxpbWcgc3JjPSJodHRwOi8vd3d3LnJha3V0ZW4ubmUuanAvZ29sZC9lYmVzdC9pbWcvaW1nX2d1aWRlL2J0bl9zZXJ2aWNlMDEuanBnIiB3aWR0aD0iMTAwJSI+PC90ZD48dGQgd2lkdGg9IjIlIj48aW1nIHNyYz0iaHR0cDovL3d3dy5yYWt1dGVuLm5lLmpwL2dvbGQvZWJlc3QvaW1nL2ltZ19ndWlkZS9zcGFjZXIuZ2lmIiB3aWR0aD0iMTAwJSIgaGVpZ2h0PSIxMCI+PC90ZD48dGQgd2lkdGg9IjIzJSI+PGltZyBzcmM9Imh0dHA6Ly93d3cucmFrdXRlbi5uZS5qcC9nb2xkL2ViZXN0L2ltZy9pbWdfZ3VpZGUvc3BhY2VyLmdpZiIgd2lkdGg9IjEwMCUiIGhlaWdodD0iMTAiPjwvdGQ+PHRkIHdpZHRoPSIyJSI+PGltZyBzcmM9Imh0dHA6Ly93d3cucmFrdXRlbi5uZS5qcC9nb2xkL2ViZXN0L2ltZy9pbWdfZ3VpZGUvc3BhY2VyLmdpZiIgd2lkdGg9IjEwMCUiIGhlaWdodD0iMTAiPjwvdGQ+PHRkIHdpZHRoPSIyMyUiPjxpbWcgc3JjPSJodHRwOi8vd3d3LnJha3V0ZW4ubmUuanAvZ29sZC9lYmVzdC9pbWcvaW1nX2d1aWRlL3NwYWNlci5naWYiIHdpZHRoPSIxMDAlIiBoZWlnaHQ9IjEwIj48L3RkPjx0ZCB3aWR0aD0iMiUiPjxpbWcgc3JjPSJodHRwOi8vd3d3LnJha3V0ZW4ubmUuanAvZ29sZC9lYmVzdC9pbWcvaW1nX2d1aWRlL3NwYWNlci5naWYiIHdpZHRoPSIxMDAlIiBoZWlnaHQ9IjEwIj48L3RkPjx0ZCB3aWR0aD0iMjMlIj48aW1nIHNyYz0iaHR0cDovL3d3dy5yYWt1dGVuLm5lLmpwL2dvbGQvZWJlc3QvaW1nL2ltZ19ndWlkZS9zcGFjZXIuZ2lmIiB3aWR0aD0iMTAwJSIgaGVpZ2h0PSIxMCI+PC90ZD48L3RyPjx0cj48dGQgY29sc3Bhbj0iNyIgd2lkdGg9IjEwMCUiPjxpbWcgc3JjPSJodHRwOi8vd3d3LnJha3V0ZW4ubmUuanAvZ29sZC9lYmVzdC9pbWcvaW1nX2d1aWRlL3NwYWNlci5naWYiIHdpZHRoPSIxMDAlIiBoZWlnaHQ9IjIwIj48L3RkPjwvdHI+PC90YWJsZT48YnI+4pag5pys5L2T6auY44GVMjUwbW3jgafnqpPkuIrjgarjganjga7ni63jgYTloLTmiYDjgavjgoLoqK3nva7lj6/og708YnI+4pag5aSW5rCX5ripLTE14oSD44Gn44KC6auY6IO95Yqb44Gn5qiZ5rqW5a6a5qC85pqW5oi/6IO95Yqb55m65o+uPGJyPuKWoOWHjee1kOmYsuatouODkuODvOOCv+ODvOaomea6luaQrei8ieOBp+Wkluawl+a4qS0yNeKEg+OBp+mBi+i7ouWPr+iDvTxicj48Yj7pm7vmupA8L2I+77ya5Y2Y55u4MjAwViAyMEE8YnI+PGI+44Kz44Oz44K744Oz44OI5b2i54q2PC9iPu+8muOCqOODq+ODkOODvDxicj48Yj7pgannlKjnlbPmlbA8L2I+PGJyPuOAgOaaluaIv++8mjE1772eMTjnlbMoMjTvvZ4zMG0yKTxicj7jgIDlhrfmiL/vvJoxNe+9njIz55WzKDI1772eMzltMik8YnI+PGI+6IO95YqbPC9iPjxicj7jgIDmmpbmiL/vvJo2LjdrVygwLjjvvZ4xMS4za1cpPGJyPuOAgOWGt+aIv++8mjUuNmtXKDAuOO+9njUuOWtXKTxicj48Yj7mtojosrvpm7vlips8L2I+PGJyPuOAgOaaluaIv++8mjE3OTBXKDEzNe+9njIzNTBXKTxicj7jgIDlhrfmiL/vvJoyMTAwVygxMzXvvZ4yMzUwVyk8YnI+PGI+5pyf6ZaT5raI6LK76Zu75Yqb6YePPC9iPu+8mjIyMDBrV2goSklTIEM5NjEy77yaMjAxMyk8YnI+PGI+55yB44Ko44ON5Z+65rqW6YGU5oiQ546HPC9iPu+8mjEuMDI8YnI+PGI+6YCa5bm044Ko44ON44Or44Ku44O85raI6LK75Yq5546HKEFQRik8L2I+77yaNS4xKEpJUyBDOTYxMu+8mjIwMTMpPGJyPjxiPuapn+iDvTwvYj48YnI+44CA44OV44Kj44Or44K/44O86Ieq5YuV5o6D6Zmk77yaLTxicj7jgIDpmaToj4zvvJotPGJyPuOAgOepuuawl+a4hea1hO+8mi08YnI+44CA5o+b5rCX77yaLTxicj7jgIDpmaTmub/vvJrlho3nhrHpmaTmub88YnI+44CA5Yqg5rm/772l5L+d5rm/77ya5L+d5rm/PGJyPuOAgOS6uuaEn+OCu+ODs+OCteODvO+8muKXizxicj48Yj7pgYvou6Lpn7M8L2I+PGJyPuOAgOaaluaIvzxicj7jgIDjgIDlrqTlhoXmqZ/vvJo2N2RiKEpJUyBDOTYxMu+8mjIwMTMpPGJyPuOAgOOAgOWupOWkluapn++8mjY1ZGIoSklTIEM5NjEy77yaMjAxMyk8YnI+44CA5Ya35oi/PGJyPuOAgOOAgOWupOWGheapn++8mjY2ZGIoSklTIEM5NjEy77yaMjAxMyk8YnI+44CA44CA5a6k5aSW5qmf77yaNjRkYihKSVMgQzk2MTLvvJoyMDEzKTxicj48Yj7mnIDlpKfphY3nrqHplbc8L2I+77yaMTVtPGJyPjxiPuacgOWkp+mrmOS9juW3rjwvYj7vvJoxMG08YnI+PGI+5a+45rOV772l6YeN6YePPC9iPjxicj7jgIDlrqTlhoXmqZ/lr7jms5XvvJrluYUgNzk5eOmrmOOBlSAyNTB45aWl6KGMIDMxMG1tPGJyPuOAgOWupOWGheapn+izqumHj++8mue0hDEza2c8YnI+44CA5a6k5aSW5qmf5a+45rOV77ya5bmFIDgwMHjpq5jjgZUgNjMweOWlpeihjCAyODVtbTxicj7jgIDlrqTlpJbmqZ/os6rph4/vvJrntIQ0MGtnPGJyPjxiPuS7mOWxnuWTgTwvYj7vvJo8YnI+44CA44Oq44Oi44Kz44OzPGJyPuOAgOWNmDPlvaLkub7pm7vmsaAgMuacrDxicj7jgIDlj5bmibHoqqzmmI7mm7g=,44CQ6ZW35pyf5L+d6Ki85LuY44CR5LiJ6I+xIE1TWi1YRDU2MTdTLVco44Km44Kn44O844OW44Ob44Ov44Kk44OIKSDjgrrjg5DmmpbpnKfjg7bls7AgWETjgrfjg6rjg7zjgrogMTjnlbMg6Zu75rqQMjAwVu+8muOCpOODvOODmeOCueODiFBD44O75a626Zu76aSo,44OR44K944Kz44Oz5a626Zu744Kq44O844OH44Kj44Kq576O5a655YGl5bq344Oi44OQ44Kk44Or77yw77yk77yh44OA44Kk44Ko44OD44OI44OG44Os44OT44Of44OL44Kz44Oz44OT44OH44Kq44K944OL44O844K544Kr44OR44O8VC1mYWzjg4bjgqPjg5XjgqHjg7zjg6vml6XnlKjlk4Hjgrnjg53jg7zjg4TjgYrjgoLjgaHjgoPjgrLjg7zjg6DjgYrosrfjgYTlvpfjgJDplbfmnJ/kv53oqLzku5jjgJHkuInoj7EgTVNaLVhENTYxN1MtVyjjgqbjgqfjg7zjg5bjg5vjg6/jgqTjg4gpIOOCuuODkOaalumcp+ODtuWzsCBYROOCt+ODquODvOOCuiAxOOeVsyDpm7vmupAyMDBW,44CQ6YCB5paZ54Sh5paZ44CR44CQ6YCa5bi4OOaXpeeoi+W6puOBq+OBpuWHuuiNt+OAkeOAguOAkOmVt+acn+S/neiovOS7mOOAkeS4ieiPsSBNU1otWEQ1NjE3Uy1XKOOCpuOCp+ODvOODluODm+ODr+OCpOODiCkg44K644OQ5pqW6Zyn44O25bOwIFhE44K344Oq44O844K6IDE455WzIOmbu+a6kDIwMFY=[rn]
37-97129,aHR0cDovL3RzaG9wLnIxMHMuanAvZWJlc3QvY2FiaW5ldC8xODYvMDAwMDAwMDAwODY0MC5qcGc/Zml0aW49NzAwOjcwMA==,MjYzNzIyLjQwMDA=,,5a626Zu7ID4g5a2j56+A44O756m66Kq/5a626Zu7ID4g44Ko44Ki44Kz44OzID4g44Ko44Ki44Kz44Oz,5LiJ6I+xIE1GWi1ISzU2NVMtVyjjg5vjg6/jgqTjg4gpIOOCuuODkOaalumcp+ODtuWzsCBIS+OCt+ODquODvOOCuiAxOOeVsyDpm7vmupAyMDBW,44CQ6YCB5paZ54Sh5paZ44CR44CQ6YCa5bi4NeaXpeeoi+W6puOBq+OBpuWHuuiNt+OAkQ==,5paw5pCt6LyJ44Gu44CMV+ODhOOCpOODs+ODleODreODvOOAjeOBp+OAgeWMheOBv+i+vOOCgOW/g+WcsOOCiOOBhOaaluOBi+OBleOCkuWun+ePvjxpbWcgc3JjPSdodHRwOi8vaW1hZ2UucmFrdXRlbi5jby5qcC9lYmVzdC9jYWJpbmV0L2ViZXN0a2FkZW5femFpa28uZ2lmJyBib3JkZXI9JzAnIGFsdD0n5Zyo5bqr54q25rOB44KS56K66KqN44GZ44KLJz48YnI+PGZvbnQgY29sb3I9IiNmZjAwMDAiPjxiPuKGkeKGkeKGkeato+eiuuOBquWcqOW6q+eKtuazgeOBr+S4iuiomOODkOODiuODvOOAjOWcqOW6q+eKtuazgeOCkueiuuiqjeOBmeOCi+OAjeOCkuOCr+ODquODg+OCr+OBl+OBpumgguOBjeOAgeW/heOBmuOBlOeiuuiqjeOBj+OBoOOBleOBhOOAgjwvYj48L2ZvbnQ+PGJyPjxicj48dGFibGUgYm9yZGVyPSIwIiBjZWxsc3BhY2luZz0iMCIgY2VsbHBhZGRpbmc9IjAiIHdpZHRoPSIxMDAlIj48dHI+PHRkIHdpZHRoPSIxMDAlIj48aW1nIHNyYz0iaHR0cDovL3d3dy5yYWt1dGVuLm5lLmpwL2dvbGQvZWJlc3QvaW1nL2ltZ19ndWlkZS90bHRfb3B0aW9uLmpwZyIgYm9yZGVyPSIwIiB3aWR0aD0iMTAwJSI+PC90ZD48L3RyPjx0cj48dGQgd2lkdGg9IjEwMCUiPjxpbWcgc3JjPSJodHRwOi8vd3d3LnJha3V0ZW4ubmUuanAvZ29sZC9lYmVzdC9pbWcvaW1nX2d1aWRlL3NwYWNlci5naWYiIHdpZHRoPSIxMDAlIiBoZWlnaHQ9IjEwIj48L3RkPjwvdHI+PHRyPjx0ZD48Zm9udCBjb2xvcj0icmVkIj7plbfmnJ/kv53oqLzjgpLjgZTluIzmnJvjga7jgYrlrqLmp5jjga/kuIvoqJjjga7ooajjgojjgorjgIzllYblk4HvvIvplbfmnJ/kv53oqLzjgI3jga7jg5rjg7zjgrjjgbjnp7vli5XjgZfjgabjgZTms6jmlofjgY/jgaDjgZXjgYTjgII8YnI+4oC76ZW35pyf5L+d6Ki844Gv5rOV5Lq65Yqg5YWl44KE5qWt5YuZ5L2/55So44CB6K2y5rih44KE5YaN6LKp44Gv44GU5Yip55So44GE44Gf44Gg44GR44G+44Gb44KT44CCPGJyPumVt+acn+S/neiovOOBq+OBpOOBhOOBpu+8sO+8o+ODu+OCv+ODluODrOODg+ODiOODu+ODl+ODquODs+OCv+ODvOODu+W3peWFt+OBr+ODoeODvOOCq+ODvOS/neiovOOCkuWQq+OCgeOBpu+8k+W5tOOAgeWutumbu+OBr++8leW5tOmWk+OBruS/neiovOOBqOOBquOCiuOBvuOBmeOAgjwvZm9udD48L3RkPjwvdHI+PHRyPjx0ZCB3aWR0aD0iMTAwJSI+PGltZyBzcmM9Imh0dHA6Ly93d3cucmFrdXRlbi5uZS5qcC9nb2xkL2ViZXN0L2ltZy9pbWdfZ3VpZGUvc3BhY2VyLmdpZiIgd2lkdGg9IjEwMCUiIGhlaWdodD0iMjAiPjwvdGQ+PC90cj48L3RhYmxlPjx0YWJsZSBib3JkZXI9IjAiIGNlbGxzcGFjaW5nPSIwIiBjZWxscGFkZGluZz0iMCIgd2lkdGg9IjEwMCUiPjx0cj48dGQgd2lkdGg9IjE1JSI+PGltZyBzcmM9Imh0dHA6Ly93d3cucmFrdXRlbi5uZS5qcC9nb2xkL2ViZXN0L2ltZy9pbWdfZ3VpZGUvYnRuX29wdGlvbjAxLmpwZyIgYm9yZGVyPSIwIiB3aWR0aD0iMTAwJSI+PC90ZD48dGQgd2lkdGg9IjIlIj48aW1nIHNyYz0iaHR0cDovL3d3dy5yYWt1dGVuLm5lLmpwL2dvbGQvZWJlc3QvaW1nL2ltZ19ndWlkZS9zcGFjZXIuZ2lmIiB3aWR0aD0iMTAwJSIgaGVpZ2h0PSIxMCI+PC90ZD48dGQgd2lkdGg9IjE1JSI+PGltZyBzcmM9Imh0dHA6Ly93d3cucmFrdXRlbi5uZS5qcC9nb2xkL2ViZXN0L2ltZy9pbWdfZ3VpZGUvYnRuX29wdGlvbjAyLmpwZyIgYm9yZGVyPSIwIiB3aWR0aD0iMTAwJSI+PC90ZD48dGQgd2lkdGg9IjIlIj48aW1nIHNyYz0iaHR0cDovL3d3dy5yYWt1dGVuLm5lLmpwL2dvbGQvZWJlc3QvaW1nL2ltZ19ndWlkZS9zcGFjZXIuZ2lmIiB3aWR0aD0iMTAwJSIgaGVpZ2h0PSIxMCI+PC90ZD48dGQgd2lkdGg9IjE1JSI+PGltZyBzcmM9Imh0dHA6Ly93d3cucmFrdXRlbi5uZS5qcC9nb2xkL2ViZXN0L2ltZy9pbWdfZ3VpZGUvc3BhY2VyLmdpZiIgd2lkdGg9IjEwMCUiIGhlaWdodD0iMTAiPjwvdGQ+PHRkIHdpZHRoPSIyJSI+PGltZyBzcmM9Imh0dHA6Ly93d3cucmFrdXRlbi5uZS5qcC9nb2xkL2ViZXN0L2ltZy9pbWdfZ3VpZGUvc3BhY2VyLmdpZiIgd2lkdGg9IjEwMCUiIGhlaWdodD0iMTAiPjwvdGQ+PHRkIHdpZHRoPSIxNSUiPjxpbWcgc3JjPSJodHRwOi8vd3d3LnJha3V0ZW4ubmUuanAvZ29sZC9lYmVzdC9pbWcvaW1nX2d1aWRlL3NwYWNlci5naWYiIHdpZHRoPSIxMDAlIiBoZWlnaHQ9IjEwIj48L3RkPjx0ZCB3aWR0aD0iMiUiPjxpbWcgc3JjPSJodHRwOi8vd3d3LnJha3V0ZW4ubmUuanAvZ29sZC9lYmVzdC9pbWcvaW1nX2d1aWRlL3NwYWNlci5naWYiIHdpZHRoPSIxMDAlIiBoZWlnaHQ9IjEwIj48L3RkPjx0ZCB3aWR0aD0iMTUlIj48aW1nIHNyYz0iaHR0cDovL3d3dy5yYWt1dGVuLm5lLmpwL2dvbGQvZWJlc3QvaW1nL2ltZ19ndWlkZS9zcGFjZXIuZ2lmIiB3aWR0aD0iMTAwJSIgaGVpZ2h0PSIxMCI+PC90ZD48dGQgd2lkdGg9IjIlIj48aW1nIHNyYz0iaHR0cDovL3d3dy5yYWt1dGVuLm5lLmpwL2dvbGQvZWJlc3QvaW1nL2ltZ19ndWlkZS9zcGFjZXIuZ2lmIiB3aWR0aD0iMTAwJSIgaGVpZ2h0PSIxMCI+PC90ZD48dGQgd2lkdGg9IjE1JSI+PGltZyBzcmM9Imh0dHA6Ly93d3cucmFrdXRlbi5uZS5qcC9nb2xkL2ViZXN0L2ltZy9pbWdfZ3VpZGUvc3BhY2VyLmdpZiIgd2lkdGg9IjEwMCUiIGhlaWdodD0iMTAiPjwvdGQ+PC90cj48dHI+PHRkIGNvbHNwYW49IjExIiB3aWR0aD0iMTAwJSI+PGltZyBzcmM9Imh0dHA6Ly93d3cucmFrdXRlbi5uZS5qcC9nb2xkL2ViZXN0L2ltZy9pbWdfZ3VpZGUvc3BhY2VyLmdpZiIgd2lkdGg9IjEwMCUiIGhlaWdodD0iMjAiPjwvdGQ+PC90cj48L3RhYmxlPjx0YWJsZSBib3JkZXI9IjAiIGNlbGxzcGFjaW5nPSIwIiBjZWxscGFkZGluZz0iMCIgd2lkdGg9IjEwMCUiPjx0cj48dGQgY29sc3Bhbj0iNyIgd2lkdGg9IjEwMCUiPjxpbWcgc3JjPSJodHRwOi8vd3d3LnJha3V0ZW4ubmUuanAvZ29sZC9lYmVzdC9pbWcvaW1nX2d1aWRlL3RsdF9zZXJ2aWNlLmpwZyIgd2lkdGg9IjEwMCUiPjwvdGQ+PC90cj48dHI+PHRkIGNvbHNwYW49IjciIHdpZHRoPSIxMDAlIj48aW1nIHNyYz0iaHR0cDovL3d3dy5yYWt1dGVuLm5lLmpwL2dvbGQvZWJlc3QvaW1nL2ltZ19ndWlkZS9zcGFjZXIuZ2lmIiB3aWR0aD0iMTAwJSIgaGVpZ2h0PSIyMCI+PC90ZD48L3RyPjx0cj48dGQgd2lkdGg9IjIzJSI+PGltZyBzcmM9Imh0dHA6Ly93d3cucmFrdXRlbi5uZS5qcC9nb2xkL2ViZXN0L2ltZy9pbWdfZ3VpZGUvYnRuX3NlcnZpY2UwMS5qcGciIHdpZHRoPSIxMDAlIj48L3RkPjx0ZCB3aWR0aD0iMiUiPjxpbWcgc3JjPSJodHRwOi8vd3d3LnJha3V0ZW4ubmUuanAvZ29sZC9lYmVzdC9pbWcvaW1nX2d1aWRlL3NwYWNlci5naWYiIHdpZHRoPSIxMDAlIiBoZWlnaHQ9IjEwIj48L3RkPjx0ZCB3aWR0aD0iMjMlIj48aW1nIHNyYz0iaHR0cDovL3d3dy5yYWt1dGVuLm5lLmpwL2dvbGQvZWJlc3QvaW1nL2ltZ19ndWlkZS9zcGFjZXIuZ2lmIiB3aWR0aD0iMTAwJSIgaGVpZ2h0PSIxMCI+PC90ZD48dGQgd2lkdGg9IjIlIj48aW1nIHNyYz0iaHR0cDovL3d3dy5yYWt1dGVuLm5lLmpwL2dvbGQvZWJlc3QvaW1nL2ltZ19ndWlkZS9zcGFjZXIuZ2lmIiB3aWR0aD0iMTAwJSIgaGVpZ2h0PSIxMCI+PC90ZD48dGQgd2lkdGg9IjIzJSI+PGltZyBzcmM9Imh0dHA6Ly93d3cucmFrdXRlbi5uZS5qcC9nb2xkL2ViZXN0L2ltZy9pbWdfZ3VpZGUvc3BhY2VyLmdpZiIgd2lkdGg9IjEwMCUiIGhlaWdodD0iMTAiPjwvdGQ+PHRkIHdpZHRoPSIyJSI+PGltZyBzcmM9Imh0dHA6Ly93d3cucmFrdXRlbi5uZS5qcC9nb2xkL2ViZXN0L2ltZy9pbWdfZ3VpZGUvc3BhY2VyLmdpZiIgd2lkdGg9IjEwMCUiIGhlaWdodD0iMTAiPjwvdGQ+PHRkIHdpZHRoPSIyMyUiPjxpbWcgc3JjPSJodHRwOi8vd3d3LnJha3V0ZW4ubmUuanAvZ29sZC9lYmVzdC9pbWcvaW1nX2d1aWRlL3NwYWNlci5naWYiIHdpZHRoPSIxMDAlIiBoZWlnaHQ9IjEwIj48L3RkPjwvdHI+PHRyPjx0ZCBjb2xzcGFuPSI3IiB3aWR0aD0iMTAwJSI+PGltZyBzcmM9Imh0dHA6Ly93d3cucmFrdXRlbi5uZS5qcC9nb2xkL2ViZXN0L2ltZy9pbWdfZ3VpZGUvc3BhY2VyLmdpZiIgd2lkdGg9IjEwMCUiIGhlaWdodD0iMjAiPjwvdGQ+PC90cj48L3RhYmxlPjxicj48YnI+4pag5aSW5rCX5ripLTE14oSD44Gn44KC5qiZ5rqW5a6a5qC85pqW5oi/6IO95Yqb44KS55m65o+uPGJyPuKWoOWHjee1kOmYsuatouODkuODvOOCv+ODvOaomea6luaQrei8ieOAgeWkluawl+a4qS0yNeKEg+OBp+OCgumBi+i7ouWPrzxicj7ilqDpgLHplpPjgrnjgrHjgrjjg6Xjg7zjg6vjgr/jgqTjg57jg7w8YnI+PGJyPjxiPumbu+a6kDwvYj7vvJrljZjnm7gyMDBWIDIwQTxicj48Yj7pgannlKjnlbPmlbA8L2I+77ya44GK44KC44GrIDE455WzPGJyPjxiPuOAgOaaluaIvzwvYj7vvJoxNe+9njE455WzKDI0772eMzBtMik8YnI+PGI+44CA5Ya35oi/PC9iPu+8mjE1772eMjPnlbMoMjXvvZ4zOW0yKTxicj48Yj7og73lips8L2I+PGJyPjxiPuOAgOaaluaIvzwvYj7vvJo2LjdrVygwLjnvvZ4xMC4xa1cpPGJyPjxiPuOAgOWGt+aIvzwvYj7vvJo1LjZrVygwLjnvvZ41LjhrVyk8YnI+PGI+5raI6LK76Zu75YqbPC9iPjxicj48Yj7jgIDmmpbmiL88L2I+77yaMTkyMFcoNDEw772eMzcwMFcpPGJyPjxiPuOAgOWGt+aIvzwvYj7vvJoxODgwVygyOTDvvZ4xOTMwVyk8YnI+PGI+5pyf6ZaT5raI6LK76Zu75Yqb6YePPC9iPu+8mjIzMDNrV2g8YnI+PGI+55yB44Ko44ON5Z+65rqW6YGU5oiQ546HPC9iPu+8mjEwNiUoMjAxMuW5tOW6puWfuua6lik8YnI+PGI+6YCa5bm044Ko44ON44Or44Ku44O85raI6LK75Yq5546HKEFQRik8L2I+77yaNC42PGJyPjxiPumZpOiPjOapn+iDvTwvYj7vvJrnhKE8YnI+PGI+5o+b5rCX5qmf6IO9PC9iPu+8mueEoTxicj48Yj7nqbrmsJfmuIXmtYTmqZ/og708L2I+77ya54ShPGJyPjxiPuODleOCo+ODq+OCv+ODvOiHquWLleaOg+mZpOapn+iDvTwvYj7vvJrnhKE8YnI+PGI+6Zmk5rm/PC9iPu+8muKXizxicj48Yj7kurrmhJ/jgrvjg7PjgrXjg7w8L2I+77ya54ShPGJyPjxiPuawl+a1geWItuW+oTwvYj7vvJrnhKE8YnI+PGI+5a+45rOV772l6LOq6YePPC9iPjxicj48Yj7jgIDlrqTlhoXmqZ88L2I+77ya5bmFNzUweOWlpeihjDIxNXjpq5jjgZU2MDBtbe+9pTE1a2c8YnI+PGI+44CA5a6k5aSW5qmfPC9iPu+8muW5hTgwOXjlpaXooYwzMDB46auY44GVNjMwbW3vvaU0NGtnPGJyPjxiPuacgOWkp+mFjeeuoemVtzwvYj7vvJozMG08YnI+PGI+5pyA5aSn6auY5L2O5beuPC9iPu+8mjIwbTxicj48YnI+,5LiJ6I+xIE1GWi1ISzU2NVMtVyjjg5vjg6/jgqTjg4gpIOOCuuODkOaalumcp+ODtuWzsCBIS+OCt+ODquODvOOCuiAxOOeVsyDpm7vmupAyMDBW77ya44Kk44O844OZ44K544OIUEPjg7vlrrbpm7vppKg=,44OR44K944Kz44Oz5a626Zu744Kq44O844OH44Kj44Kq576O5a655YGl5bq344Oi44OQ44Kk44Or77yw77yk77yh44OA44Kk44Ko44OD44OI44OG44Os44OT44Of44OL44Kz44Oz44OT44OH44Kq44K944OL44O844K544Kr44OR44O8VC1mYWzjg4bjgqPjg5XjgqHjg7zjg6vml6XnlKjlk4Hjgrnjg53jg7zjg4TjgYrjgoLjgaHjgoPjgrLjg7zjg6DjgYrosrfjgYTlvpfkuInoj7EgTUZaLUhLNTY1Uy1XKOODm+ODr+OCpOODiCkg44K644OQ5pqW6Zyn44O25bOwIEhL44K344Oq44O844K6IDE455WzIOmbu+a6kDIwMFY=,44CQ6YCB5paZ54Sh5paZ44CR44CQ6YCa5bi4NeaXpeeoi+W6puOBq+OBpuWHuuiNt+OAkeOAguS4ieiPsSBNRlotSEs1NjVTLVco44Ob44Ov44Kk44OIKSDjgrrjg5DmmpbpnKfjg7bls7AgSEvjgrfjg6rjg7zjgrogMTjnlbMg6Zu75rqQMjAwVg==[rn]
37-97130,aHR0cDovL3RzaG9wLnIxMHMuanAvZWJlc3QvY2FiaW5ldC8xODgvMDAwMDAwMDAwODc4NS5qcGc/Zml0aW49NzAwOjcwMA==,MTE4NDgzLjIwMDA=,,5a626Zu7ID4g5a2j56+A44O756m66Kq/5a626Zu7ID4g44Ko44Ki44Kz44OzID4g44Ko44Ki44Kz44Oz,44OR44OK44K944OL44OD44KvIENTLVRYNTY1QzItVyjjgq/jg6rjgrnjgr/jg6vjg5vjg6/jgqTjg4gpIFRY44K344Oq44O844K6IDE455WzIOmbu+a6kDIwMFY=,44CQ6YCB5paZ54Sh5paZ44CR44CQ6YCa5bi4MzDml6XnqIvluqbjgavjgablh7rojbfjgJE=,5a+S5Ya35Zyw5ZCR44GR44Gu44K544K/44Oz44OA44O844OJ44Oi44OH44OrPGltZyBzcmM9J2h0dHBzOi8vaW1hZ2UucmFrdXRlbi5jby5qcC9lYmVzdC9jYWJpbmV0L2ViZXN0a2FkZW5femFpa28uZ2lmJyBib3JkZXI9JzAnIGFsdD0n5Zyo5bqr54q25rOB44KS56K66KqN44GZ44KLJz48YnI+PGZvbnQgY29sb3I9IiNmZjAwMDAiPjxiPuKGkeKGkeKGkeato+eiuuOBquWcqOW6q+eKtuazgeOBr+S4iuiomOODkOODiuODvOOAjOWcqOW6q+eKtuazgeOCkueiuuiqjeOBmeOCi+OAjeOCkuOCr+ODquODg+OCr+OBl+OBpumgguOBjeOAgeW/heOBmuOBlOeiuuiqjeOBj+OBoOOBleOBhOOAgjwvYj48L2ZvbnQ+PGJyPjxicj48dGFibGUgYm9yZGVyPSIwIiBjZWxsc3BhY2luZz0iMCIgY2VsbHBhZGRpbmc9IjAiIHdpZHRoPSIxMDAlIj48dHI+PHRkIHdpZHRoPSIxMDAlIj48aW1nIHNyYz0iaHR0cHM6Ly93d3cucmFrdXRlbi5uZS5qcC9nb2xkL2ViZXN0L2ltZy9pbWdfZ3VpZGUvdGx0X29wdGlvbi5qcGciIGJvcmRlcj0iMCIgd2lkdGg9IjEwMCUiPjwvdGQ+PC90cj48dHI+PHRkIHdpZHRoPSIxMDAlIj48aW1nIHNyYz0iaHR0cHM6Ly93d3cucmFrdXRlbi5uZS5qcC9nb2xkL2ViZXN0L2ltZy9pbWdfZ3VpZGUvc3BhY2VyLmdpZiIgd2lkdGg9IjEwMCUiIGhlaWdodD0iMTAiPjwvdGQ+PC90cj48dHI+PHRkPjxmb250IGNvbG9yPSJyZWQiPumVt+acn+S/neiovOOCkuOBlOW4jOacm+OBruOBiuWuouanmOOBr+S4i+iomOOBruihqOOCiOOCiuOAjOWVhuWTge+8i+mVt+acn+S/neiovOOAjeOBruODmuODvOOCuOOBuOenu+WLleOBl+OBpuOBlOazqOaWh+OBj+OBoOOBleOBhOOAgjxicj7igLvplbfmnJ/kv53oqLzjga/ms5XkurrliqDlhaXjgoTmpa3li5nkvb/nlKjjgIHorbLmuKHjgoTlho3osqnjga/jgZTliKnnlKjjgYTjgZ/jgaDjgZHjgb7jgZvjgpPjgII8YnI+6ZW35pyf5L+d6Ki844Gr44Gk44GE44Gm77yw77yj44O744K/44OW44Os44OD44OI44O744OX44Oq44Oz44K/44O844O75bel5YW344Gv44Oh44O844Kr44O85L+d6Ki844KS5ZCr44KB44Gm77yT5bm044CB5a626Zu744Gv77yV5bm06ZaT44Gu5L+d6Ki844Go44Gq44KK44G+44GZ44CCPC9mb250PjwvdGQ+PC90cj48dHI+PHRkIHdpZHRoPSIxMDAlIj48aW1nIHNyYz0iaHR0cHM6Ly93d3cucmFrdXRlbi5uZS5qcC9nb2xkL2ViZXN0L2ltZy9pbWdfZ3VpZGUvc3BhY2VyLmdpZiIgd2lkdGg9IjEwMCUiIGhlaWdodD0iMjAiPjwvdGQ+PC90cj48L3RhYmxlPjx0YWJsZSBib3JkZXI9IjAiIGNlbGxzcGFjaW5nPSIwIiBjZWxscGFkZGluZz0iMCIgd2lkdGg9IjEwMCUiPjx0cj48dGQgd2lkdGg9IjE1JSI+PGltZyBzcmM9Imh0dHBzOi8vd3d3LnJha3V0ZW4ubmUuanAvZ29sZC9lYmVzdC9pbWcvaW1nX2d1aWRlL2J0bl9vcHRpb24wMS5qcGciIGJvcmRlcj0iMCIgd2lkdGg9IjEwMCUiPjwvdGQ+PHRkIHdpZHRoPSIyJSI+PGltZyBzcmM9Imh0dHBzOi8vd3d3LnJha3V0ZW4ubmUuanAvZ29sZC9lYmVzdC9pbWcvaW1nX2d1aWRlL3NwYWNlci5naWYiIHdpZHRoPSIxMDAlIiBoZWlnaHQ9IjEwIj48L3RkPjx0ZCB3aWR0aD0iMTUlIj48aW1nIHNyYz0iaHR0cHM6Ly93d3cucmFrdXRlbi5uZS5qcC9nb2xkL2ViZXN0L2ltZy9pbWdfZ3VpZGUvYnRuX29wdGlvbjAyLmpwZyIgYm9yZGVyPSIwIiB3aWR0aD0iMTAwJSI+PC90ZD48dGQgd2lkdGg9IjIlIj48aW1nIHNyYz0iaHR0cHM6Ly93d3cucmFrdXRlbi5uZS5qcC9nb2xkL2ViZXN0L2ltZy9pbWdfZ3VpZGUvc3BhY2VyLmdpZiIgd2lkdGg9IjEwMCUiIGhlaWdodD0iMTAiPjwvdGQ+PHRkIHdpZHRoPSIxNSUiPjxpbWcgc3JjPSJodHRwczovL3d3dy5yYWt1dGVuLm5lLmpwL2dvbGQvZWJlc3QvaW1nL2ltZ19ndWlkZS9zcGFjZXIuZ2lmIiB3aWR0aD0iMTAwJSIgaGVpZ2h0PSIxMCI+PC90ZD48dGQgd2lkdGg9IjIlIj48aW1nIHNyYz0iaHR0cHM6Ly93d3cucmFrdXRlbi5uZS5qcC9nb2xkL2ViZXN0L2ltZy9pbWdfZ3VpZGUvc3BhY2VyLmdpZiIgd2lkdGg9IjEwMCUiIGhlaWdodD0iMTAiPjwvdGQ+PHRkIHdpZHRoPSIxNSUiPjxpbWcgc3JjPSJodHRwczovL3d3dy5yYWt1dGVuLm5lLmpwL2dvbGQvZWJlc3QvaW1nL2ltZ19ndWlkZS9zcGFjZXIuZ2lmIiB3aWR0aD0iMTAwJSIgaGVpZ2h0PSIxMCI+PC90ZD48dGQgd2lkdGg9IjIlIj48aW1nIHNyYz0iaHR0cHM6Ly93d3cucmFrdXRlbi5uZS5qcC9nb2xkL2ViZXN0L2ltZy9pbWdfZ3VpZGUvc3BhY2VyLmdpZiIgd2lkdGg9IjEwMCUiIGhlaWdodD0iMTAiPjwvdGQ+PHRkIHdpZHRoPSIxNSUiPjxpbWcgc3JjPSJodHRwczovL3d3dy5yYWt1dGVuLm5lLmpwL2dvbGQvZWJlc3QvaW1nL2ltZ19ndWlkZS9zcGFjZXIuZ2lmIiB3aWR0aD0iMTAwJSIgaGVpZ2h0PSIxMCI+PC90ZD48dGQgd2lkdGg9IjIlIj48aW1nIHNyYz0iaHR0cHM6Ly93d3cucmFrdXRlbi5uZS5qcC9nb2xkL2ViZXN0L2ltZy9pbWdfZ3VpZGUvc3BhY2VyLmdpZiIgd2lkdGg9IjEwMCUiIGhlaWdodD0iMTAiPjwvdGQ+PHRkIHdpZHRoPSIxNSUiPjxpbWcgc3JjPSJodHRwczovL3d3dy5yYWt1dGVuLm5lLmpwL2dvbGQvZWJlc3QvaW1nL2ltZ19ndWlkZS9zcGFjZXIuZ2lmIiB3aWR0aD0iMTAwJSIgaGVpZ2h0PSIxMCI+PC90ZD48L3RyPjx0cj48dGQgY29sc3Bhbj0iMTEiIHdpZHRoPSIxMDAlIj48aW1nIHNyYz0iaHR0cHM6Ly93d3cucmFrdXRlbi5uZS5qcC9nb2xkL2ViZXN0L2ltZy9pbWdfZ3VpZGUvc3BhY2VyLmdpZiIgd2lkdGg9IjEwMCUiIGhlaWdodD0iMjAiPjwvdGQ+PC90cj48L3RhYmxlPjx0YWJsZSBib3JkZXI9IjAiIGNlbGxzcGFjaW5nPSIwIiBjZWxscGFkZGluZz0iMCIgd2lkdGg9IjEwMCUiPjx0cj48dGQgY29sc3Bhbj0iNyIgd2lkdGg9IjEwMCUiPjxpbWcgc3JjPSJodHRwczovL3d3dy5yYWt1dGVuLm5lLmpwL2dvbGQvZWJlc3QvaW1nL2ltZ19ndWlkZS90bHRfc2VydmljZS5qcGciIHdpZHRoPSIxMDAlIj48L3RkPjwvdHI+PHRyPjx0ZCBjb2xzcGFuPSI3IiB3aWR0aD0iMTAwJSI+PGltZyBzcmM9Imh0dHBzOi8vd3d3LnJha3V0ZW4ubmUuanAvZ29sZC9lYmVzdC9pbWcvaW1nX2d1aWRlL3NwYWNlci5naWYiIHdpZHRoPSIxMDAlIiBoZWlnaHQ9IjIwIj48L3RkPjwvdHI+PHRyPjx0ZCB3aWR0aD0iMjMlIj48aW1nIHNyYz0iaHR0cHM6Ly93d3cucmFrdXRlbi5uZS5qcC9nb2xkL2ViZXN0L2ltZy9pbWdfZ3VpZGUvYnRuX3NlcnZpY2UwMS5qcGciIHdpZHRoPSIxMDAlIj48L3RkPjx0ZCB3aWR0aD0iMiUiPjxpbWcgc3JjPSJodHRwczovL3d3dy5yYWt1dGVuLm5lLmpwL2dvbGQvZWJlc3QvaW1nL2ltZ19ndWlkZS9zcGFjZXIuZ2lmIiB3aWR0aD0iMTAwJSIgaGVpZ2h0PSIxMCI+PC90ZD48dGQgd2lkdGg9IjIzJSI+PGltZyBzcmM9Imh0dHBzOi8vd3d3LnJha3V0ZW4ubmUuanAvZ29sZC9lYmVzdC9pbWcvaW1nX2d1aWRlL3NwYWNlci5naWYiIHdpZHRoPSIxMDAlIiBoZWlnaHQ9IjEwIj48L3RkPjx0ZCB3aWR0aD0iMiUiPjxpbWcgc3JjPSJodHRwczovL3d3dy5yYWt1dGVuLm5lLmpwL2dvbGQvZWJlc3QvaW1nL2ltZ19ndWlkZS9zcGFjZXIuZ2lmIiB3aWR0aD0iMTAwJSIgaGVpZ2h0PSIxMCI+PC90ZD48dGQgd2lkdGg9IjIzJSI+PGltZyBzcmM9Imh0dHBzOi8vd3d3LnJha3V0ZW4ubmUuanAvZ29sZC9lYmVzdC9pbWcvaW1nX2d1aWRlL3NwYWNlci5naWYiIHdpZHRoPSIxMDAlIiBoZWlnaHQ9IjEwIj48L3RkPjx0ZCB3aWR0aD0iMiUiPjxpbWcgc3JjPSJodHRwczovL3d3dy5yYWt1dGVuLm5lLmpwL2dvbGQvZWJlc3QvaW1nL2ltZ19ndWlkZS9zcGFjZXIuZ2lmIiB3aWR0aD0iMTAwJSIgaGVpZ2h0PSIxMCI+PC90ZD48dGQgd2lkdGg9IjIzJSI+PGltZyBzcmM9Imh0dHBzOi8vd3d3LnJha3V0ZW4ubmUuanAvZ29sZC9lYmVzdC9pbWcvaW1nX2d1aWRlL3NwYWNlci5naWYiIHdpZHRoPSIxMDAlIiBoZWlnaHQ9IjEwIj48L3RkPjwvdHI+PHRyPjx0ZCBjb2xzcGFuPSI3IiB3aWR0aD0iMTAwJSI+PGltZyBzcmM9Imh0dHBzOi8vd3d3LnJha3V0ZW4ubmUuanAvZ29sZC9lYmVzdC9pbWcvaW1nX2d1aWRlL3NwYWNlci5naWYiIHdpZHRoPSIxMDAlIiBoZWlnaHQ9IjIwIj48L3RkPjwvdHI+PC90YWJsZT48YnI+PGJyPuKWoOWHjee1kOmYsuatouODkuODvOOCv+ODvOOBjOOAgeWHjee1kOOBq+OCiOOCi+aAp+iDveS9juS4i+OCkumYsuatojxicj7ilqDjgYrpg6jlsYvjgYzlhrfjgYjliIfjgovjga7jgpLpmLLjgZDjgq3jg7zjg5fmmpbmiL88YnI+PGJyPjxiPumbu+a6kDwvYj7vvJrljZjnm7gyMDBWIDIwQTxicj48Yj7pgannlKjnlbPmlbA8L2I+77ya44GK44KC44GrIDE455WzPGJyPjxiPuOAgOaaluaIvzwvYj7vvJoxNe+9njE455WzKDI0772eMzBtMik8YnI+PGI+44CA5Ya35oi/PC9iPu+8mjE1772eMjPnlbMoMjXvvZ4zOW0yKTxicj48Yj7og73lips8L2I+PGJyPjxiPuOAgOaaluaIvzwvYj7vvJo2LjdrVygwLjTvvZ4xMS4wa1cpKOWkluawl+a4qTLihIPmmYIgOC4za1cpPGJyPjxiPuOAgOWGt+aIvzwvYj7vvJo1LjZrVygwLjXvvZ41LjdrVyk8YnI+PGI+5raI6LK76Zu75YqbPC9iPjxicj48Yj7jgIDmmpbmiL88L2I+77yaMTc0MFcoMTEw772eNDAwMFcpPGJyPjxiPuOAgOWGt+aIvzwvYj7vvJoxNzUwVygxMjDvvZ4xODQwVyk8YnI+PGI+5pyf6ZaT5raI6LK76Zu75Yqb6YePPC9iPu+8mjIwNzdrV2g8YnI+PGI+55yB44Ko44ON5Z+65rqW6YGU5oiQ546HPC9iPu+8migyMDEw5bm05bqm5Z+65rqWKTEwMiU8YnI+PGI+6YCa5bm044Ko44ON44Or44Ku44O85raI6LK75Yq5546HKEFQRik8L2I+77yaNS4xPGJyPjxiPumZpOiPjOapn+iDvTwvYj7vvJrmnIk8YnI+PGI+5o+b5rCX5qmf6IO9PC9iPu+8mueEoTxicj48Yj7nqbrmsJfmuIXmtYTmqZ/og708L2I+77ya5pyJPGJyPjxiPuODleOCo+ODq+OCv+ODvOiHquWLleaOg+mZpOapn+iDvTwvYj7vvJrmnIk8YnI+PGI+6Zmk5rm/PC9iPu+8muKXizxicj48Yj7kurrmhJ/jgrvjg7PjgrXjg7w8L2I+77ya54ShPGJyPjxiPuawl+a1geWItuW+oTwvYj7vvJrmnIk8YnI+PGI+6YGL6Lui6Z+zPC9iPjxicj48Yj7jgIDmmpbmiL88L2I+77ya5a6k5YaF5qmfIDY3ZGIg44CB5a6k5aSW5qmfIDY1ZGI8YnI+PGI+44CA5Ya35oi/PC9iPu+8muWupOWGheapnyA2NGRiIOOAgeWupOWkluapnyA2NGRiPGJyPjxiPuWvuOazle+9peizqumHjzwvYj48YnI+PGI+44CA5a6k5YaF5qmfPC9iPu+8mjI5NXg3OTh4Mjk5bW3vvaUxNC41a2c8YnI+PGI+44CA5a6k5aSW5qmfPC9iPu+8mjYzMHg3OTl4Mjk5bW3vvaUzOWtnPGJyPjxiPuacgOWkp+mFjeeuoemVtzwvYj7vvJoyMG08YnI+PGI+5pyA5aSn6auY5L2O5beuPC9iPu+8mjE1bTxicj48YnI+,44OR44OK44K944OL44OD44KvIENTLVRYNTY1QzItVyjjgq/jg6rjgrnjgr/jg6vjg5vjg6/jgqTjg4gpIFRY44K344Oq44O844K6IDE455WzIOmbu+a6kDIwMFbvvJrjgqTjg7zjg5njgrnjg4hQQ+ODu+Wutumbu+mkqA==,44OR44K944Kz44Oz5a626Zu744Kq44O844OH44Kj44Kq576O5a655YGl5bq344Oi44OQ44Kk44Or77yw77yk77yh44OA44Kk44Ko44OD44OI44OG44Os44OT44Of44OL44Kz44Oz44OT44OH44Kq44K944OL44O844K544Kr44OR44O8VC1mYWzjg4bjgqPjg5XjgqHjg7zjg6vml6XnlKjlk4Hjgrnjg53jg7zjg4TjgYrjgoLjgaHjgoPjgrLjg7zjg6DjgYrosrfjgYTlvpfjg5Hjg4rjgr3jg4vjg4Pjgq8gQ1MtVFg1NjVDMi1XKOOCr+ODquOCueOCv+ODq+ODm+ODr+OCpOODiCkgVFjjgrfjg6rjg7zjgrogMTjnlbMg6Zu75rqQMjAwVg==,44CQ6YCB5paZ54Sh5paZ44CR44CQ6YCa5bi4MzDml6XnqIvluqbjgavjgablh7rojbfjgJHjgILjg5Hjg4rjgr3jg4vjg4Pjgq8gQ1MtVFg1NjVDMi1XKOOCr+ODquOCueOCv+ODq+ODm+ODr+OCpOODiCkgVFjjgrfjg6rjg7zjgrogMTjnlbMg6Zu75rqQMjAwVg==[rn]
37-97131,aHR0cDovL3RzaG9wLnIxMHMuanAvZWJlc3QvY2FiaW5ldC8yMTcvMDAwMDAwMDAxMDAzNi5qcGc/Zml0aW49NzAwOjcwMA==,MTk2MjU2LjAwMDA=,,5a626Zu7ID4g5a2j56+A44O756m66Kq/5a626Zu7ID4g44Ko44Ki44Kz44OzID4g44Ko44Ki44Kz44Oz,44CQ6ZW35pyf5L+d6Ki85LuY44CR5pel56uLIFJBUy1FSzU2RzItVyjjgrnjgr/jg7zjg5vjg6/jgqTjg4gpIOODoeOCrOaaliDnmb3jgY/jgb7jgY/jgpMgRUvjgrfjg6rjg7zjgrogMTjnlbMg6Zu75rqQMjAwVg==,44CQ6YCB5paZ54Sh5paZ44CR44CQ44GK5Y+W44KK5a+E44GbKOe0jeacn+acquWuminjgJE=,5aSW5rCX5ripLTE14oSD44Gn44KC57SENTXihIPjga7pq5jmuKnpoqjjgaczMOWIhumWk+mAo+e2mumBi+i7ojx0YWJsZSBib3JkZXI9IjAiIGNlbGxzcGFjaW5nPSIwIiBjZWxscGFkZGluZz0iMCIgd2lkdGg9IjEwMCUiPjx0cj48dGQgd2lkdGg9IjEwMCUiPjxpbWcgc3JjPSJodHRwOi8vd3d3LnJha3V0ZW4ubmUuanAvZ29sZC9lYmVzdC9pbWcvaW1nX2d1aWRlL3RsdF9vcHRpb24uanBnIiBib3JkZXI9IjAiIHdpZHRoPSIxMDAlIj48L3RkPjwvdHI+PHRyPjx0ZCB3aWR0aD0iMTAwJSI+PGltZyBzcmM9Imh0dHA6Ly93d3cucmFrdXRlbi5uZS5qcC9nb2xkL2ViZXN0L2ltZy9pbWdfZ3VpZGUvc3BhY2VyLmdpZiIgd2lkdGg9IjEwMCUiIGhlaWdodD0iMTAiPjwvdGQ+PC90cj48dHI+PHRkPjxmb250IGNvbG9yPSJyZWQiPuWVhuWTgeOBruWcqOW6q+eKtuazgeOBr+S4i+ihqOOBruOAjOWVhuWTgeOBruOBv+OAjeOBruODmuODvOOCuOOBuOenu+WLleOBl+OBpuOBlOeiuuiqjeOBj+OBoOOBleOBhOOAgjxicj7plbfmnJ/kv53oqLzjga/ms5Xkurrmp5jvvIjlgIvkurrmp5jku6XlpJbvvInjga7liqDlhaXjgIHmpa3li5njgafjga7kvb/nlKjjga/kv53oqLzlpJbjgajjgarjgorjgb7jgZnjgII8YnI+5b+F44Ga6ZW35pyf5L+d6Ki844Gu44K144O844OT44K55YaF5a6544CB6KaP5a6a44KS5LqI44KB44GU56K66KqN44GP44Gg44GV44GE44CCPGJyPumVt+acn+S/neiovOOCkuOBlOW4jOacm+OBleOCjOOBquOBhOWgtOWQiOOBr+S4i+iomOOBruihqOOCiOOCiuOAjOWVhuWTgeOBruOBv+OAjeOBruODmuODvOOCuOOBuOenu+WLleOBl+OBpuOBlOazqOaWh+OBj+OBoOOBleOBhOOAgjxicj7vvJXlubTplpPplbfmnJ/kv53oqLzigLvvvLDvvKPjgIHjgr/jg5bjg6zjg4Pjg4jjgIHjg5fjg6rjg7Pjgr/jg7zjgIHlt6Xlhbfjga/vvJPlubTjgajjgarjgorjgb7jgZnjgII8L2ZvbnQ+PC90ZD48L3RyPjx0cj48dGQgd2lkdGg9IjEwMCUiPjxpbWcgc3JjPSJodHRwOi8vd3d3LnJha3V0ZW4ubmUuanAvZ29sZC9lYmVzdC9pbWcvaW1nX2d1aWRlL3NwYWNlci5naWYiIHdpZHRoPSIxMDAlIiBoZWlnaHQ9IjIwIj48L3RkPjwvdHI+PC90YWJsZT48dGFibGUgYm9yZGVyPSIwIiBjZWxsc3BhY2luZz0iMCIgY2VsbHBhZGRpbmc9IjAiIHdpZHRoPSIxMDAlIj48dHI+PHRkIHdpZHRoPSIxNSUiPjxpbWcgc3JjPSJodHRwOi8vd3d3LnJha3V0ZW4ubmUuanAvZ29sZC9lYmVzdC9pbWcvaW1nX2d1aWRlL2J0bl9vcHRpb24wMS5qcGciIGJvcmRlcj0iMCIgd2lkdGg9IjEwMCUiPjwvdGQ+PHRkIHdpZHRoPSIyJSI+PGltZyBzcmM9Imh0dHA6Ly93d3cucmFrdXRlbi5uZS5qcC9nb2xkL2ViZXN0L2ltZy9pbWdfZ3VpZGUvc3BhY2VyLmdpZiIgd2lkdGg9IjEwMCUiIGhlaWdodD0iMTAiPjwvdGQ+PHRkIHdpZHRoPSIxNSUiPjxpbWcgc3JjPSJodHRwOi8vd3d3LnJha3V0ZW4ubmUuanAvZ29sZC9lYmVzdC9pbWcvaW1nX2d1aWRlL2J0bl9vcHRpb24wMi5qcGciIGJvcmRlcj0iMCIgd2lkdGg9IjEwMCUiPjwvdGQ+PHRkIHdpZHRoPSIyJSI+PGltZyBzcmM9Imh0dHA6Ly93d3cucmFrdXRlbi5uZS5qcC9nb2xkL2ViZXN0L2ltZy9pbWdfZ3VpZGUvc3BhY2VyLmdpZiIgd2lkdGg9IjEwMCUiIGhlaWdodD0iMTAiPjwvdGQ+PHRkIHdpZHRoPSIxNSUiPjxpbWcgc3JjPSJodHRwOi8vd3d3LnJha3V0ZW4ubmUuanAvZ29sZC9lYmVzdC9pbWcvaW1nX2d1aWRlL3NwYWNlci5naWYiIHdpZHRoPSIxMDAlIiBoZWlnaHQ9IjEwIj48L3RkPjx0ZCB3aWR0aD0iMiUiPjxpbWcgc3JjPSJodHRwOi8vd3d3LnJha3V0ZW4ubmUuanAvZ29sZC9lYmVzdC9pbWcvaW1nX2d1aWRlL3NwYWNlci5naWYiIHdpZHRoPSIxMDAlIiBoZWlnaHQ9IjEwIj48L3RkPjx0ZCB3aWR0aD0iMTUlIj48aW1nIHNyYz0iaHR0cDovL3d3dy5yYWt1dGVuLm5lLmpwL2dvbGQvZWJlc3QvaW1nL2ltZ19ndWlkZS9zcGFjZXIuZ2lmIiB3aWR0aD0iMTAwJSIgaGVpZ2h0PSIxMCI+PC90ZD48dGQgd2lkdGg9IjIlIj48aW1nIHNyYz0iaHR0cDovL3d3dy5yYWt1dGVuLm5lLmpwL2dvbGQvZWJlc3QvaW1nL2ltZ19ndWlkZS9zcGFjZXIuZ2lmIiB3aWR0aD0iMTAwJSIgaGVpZ2h0PSIxMCI+PC90ZD48dGQgd2lkdGg9IjE1JSI+PGltZyBzcmM9Imh0dHA6Ly93d3cucmFrdXRlbi5uZS5qcC9nb2xkL2ViZXN0L2ltZy9pbWdfZ3VpZGUvc3BhY2VyLmdpZiIgd2lkdGg9IjEwMCUiIGhlaWdodD0iMTAiPjwvdGQ+PHRkIHdpZHRoPSIyJSI+PGltZyBzcmM9Imh0dHA6Ly93d3cucmFrdXRlbi5uZS5qcC9nb2xkL2ViZXN0L2ltZy9pbWdfZ3VpZGUvc3BhY2VyLmdpZiIgd2lkdGg9IjEwMCUiIGhlaWdodD0iMTAiPjwvdGQ+PHRkIHdpZHRoPSIxNSUiPjxpbWcgc3JjPSJodHRwOi8vd3d3LnJha3V0ZW4ubmUuanAvZ29sZC9lYmVzdC9pbWcvaW1nX2d1aWRlL3NwYWNlci5naWYiIHdpZHRoPSIxMDAlIiBoZWlnaHQ9IjEwIj48L3RkPjwvdHI+PHRyPjx0ZCBjb2xzcGFuPSIxMSIgd2lkdGg9IjEwMCUiPjxpbWcgc3JjPSJodHRwOi8vd3d3LnJha3V0ZW4ubmUuanAvZ29sZC9lYmVzdC9pbWcvaW1nX2d1aWRlL3NwYWNlci5naWYiIHdpZHRoPSIxMDAlIiBoZWlnaHQ9IjIwIj48L3RkPjwvdHI+PC90YWJsZT48dGFibGUgYm9yZGVyPSIwIiBjZWxsc3BhY2luZz0iMCIgY2VsbHBhZGRpbmc9IjAiIHdpZHRoPSIxMDAlIj48dHI+PHRkIGNvbHNwYW49IjciIHdpZHRoPSIxMDAlIj48aW1nIHNyYz0iaHR0cDovL3d3dy5yYWt1dGVuLm5lLmpwL2dvbGQvZWJlc3QvaW1nL2ltZ19ndWlkZS90bHRfc2VydmljZS5qcGciIHdpZHRoPSIxMDAlIj48L3RkPjwvdHI+PHRyPjx0ZCBjb2xzcGFuPSI3IiB3aWR0aD0iMTAwJSI+PGltZyBzcmM9Imh0dHA6Ly93d3cucmFrdXRlbi5uZS5qcC9nb2xkL2ViZXN0L2ltZy9pbWdfZ3VpZGUvc3BhY2VyLmdpZiIgd2lkdGg9IjEwMCUiIGhlaWdodD0iMjAiPjwvdGQ+PC90cj48dHI+PHRkIHdpZHRoPSIyMyUiPjxpbWcgc3JjPSJodHRwOi8vd3d3LnJha3V0ZW4ubmUuanAvZ29sZC9lYmVzdC9pbWcvaW1nX2d1aWRlL2J0bl9zZXJ2aWNlMDEuanBnIiB3aWR0aD0iMTAwJSI+PC90ZD48dGQgd2lkdGg9IjIlIj48aW1nIHNyYz0iaHR0cDovL3d3dy5yYWt1dGVuLm5lLmpwL2dvbGQvZWJlc3QvaW1nL2ltZ19ndWlkZS9zcGFjZXIuZ2lmIiB3aWR0aD0iMTAwJSIgaGVpZ2h0PSIxMCI+PC90ZD48dGQgd2lkdGg9IjIzJSI+PGltZyBzcmM9Imh0dHA6Ly93d3cucmFrdXRlbi5uZS5qcC9nb2xkL2ViZXN0L2ltZy9pbWdfZ3VpZGUvc3BhY2VyLmdpZiIgd2lkdGg9IjEwMCUiIGhlaWdodD0iMTAiPjwvdGQ+PHRkIHdpZHRoPSIyJSI+PGltZyBzcmM9Imh0dHA6Ly93d3cucmFrdXRlbi5uZS5qcC9nb2xkL2ViZXN0L2ltZy9pbWdfZ3VpZGUvc3BhY2VyLmdpZiIgd2lkdGg9IjEwMCUiIGhlaWdodD0iMTAiPjwvdGQ+PHRkIHdpZHRoPSIyMyUiPjxpbWcgc3JjPSJodHRwOi8vd3d3LnJha3V0ZW4ubmUuanAvZ29sZC9lYmVzdC9pbWcvaW1nX2d1aWRlL3NwYWNlci5naWYiIHdpZHRoPSIxMDAlIiBoZWlnaHQ9IjEwIj48L3RkPjx0ZCB3aWR0aD0iMiUiPjxpbWcgc3JjPSJodHRwOi8vd3d3LnJha3V0ZW4ubmUuanAvZ29sZC9lYmVzdC9pbWcvaW1nX2d1aWRlL3NwYWNlci5naWYiIHdpZHRoPSIxMDAlIiBoZWlnaHQ9IjEwIj48L3RkPjx0ZCB3aWR0aD0iMjMlIj48aW1nIHNyYz0iaHR0cDovL3d3dy5yYWt1dGVuLm5lLmpwL2dvbGQvZWJlc3QvaW1nL2ltZ19ndWlkZS9zcGFjZXIuZ2lmIiB3aWR0aD0iMTAwJSIgaGVpZ2h0PSIxMCI+PC90ZD48L3RyPjx0cj48dGQgY29sc3Bhbj0iNyIgd2lkdGg9IjEwMCUiPjxpbWcgc3JjPSJodHRwOi8vd3d3LnJha3V0ZW4ubmUuanAvZ29sZC9lYmVzdC9pbWcvaW1nX2d1aWRlL3NwYWNlci5naWYiIHdpZHRoPSIxMDAlIiBoZWlnaHQ9IjIwIj48L3RkPjwvdHI+PC90YWJsZT48YnI+4pag6Laz44KC44Go44KS5Lit5b+D44Gr5pqW44GL44GP44CM44GP44KJ44GX44Kr44Oh44OpIEbjgI08YnI+4pag5YaN54ax5pa55byP44Gn5a2j56+A44Gr5ZCI44KP44Gb44Gm5L6/5Yip44Gr5L2/44GI44KL44CM44Kr44Op44OD44Go6Zmk5rm/44CNPGJyPuKWoOOCqOOCouOCs+ODs+WGhemDqOOCkua4hea9lOOBq+S/neOBpOOAjOOCueODhuODs+ODrOOCue+9peOCr+ODquODvOODsyDjgrfjgrnjg4bjg6DjgI08YnI+PGI+6Zu75rqQPC9iPu+8muWNmOebuDIwMFYgMjBBPGJyPjxiPuOCs+ODs+OCu+ODs+ODiOW9oueKtjwvYj7vvJrjgqjjg6vjg5Djg7w8YnI+PGI+6YGp55So55Wz5pWwPC9iPjxicj7jgIDmmpbmiL/vvJoxNe+9njE455WzKDI0772eMzBtMik8YnI+44CA5Ya35oi/77yaMTXvvZ4yM+eVsygyNe+9njM5bTIpPGJyPjxiPuiDveWKmzwvYj48YnI+44CA5pqW5oi/77yaNi43a1coMC42772eMTEuN2tXKTxicj7jgIDlhrfmiL/vvJo1LjZrVygwLjXvvZ41LjhrVyk8YnI+PGI+5raI6LK76Zu75YqbPC9iPjxicj7jgIDmmpbmiL/vvJoxNjAwVygxNjDvvZ4zOTAwVyk8YnI+44CA5Ya35oi/77yaMTgzNVcoMTk1772eMTg5MFcpPGJyPjxiPuacn+mWk+a2iOiyu+mbu+WKm+mHjzwvYj7vvJoxOTYxa1doKEpJUyBDOTYxMu+8mjIwMTMpPGJyPjxiPuecgeOCqOODjeWfuua6lumBlOaIkOeOhzwvYj7vvJoxMDgl77ya55uu5qiZ5bm05bqm44CAMjAxMOW5tDxicj48Yj7pgJrlubTjgqjjg43jg6vjgq7jg7zmtojosrvlirnnjocoQVBGKTwvYj7vvJo1LjQoSklTIEM5NjEy77yaMjAxMyk8YnI+PGI+5qmf6IO9PC9iPjxicj7jgIDjg5XjgqPjg6vjgr/jg7zoh6rli5XmjoPpmaTvvJotPGJyPuOAgOmZpOiPjO+8mi08YnI+44CA56m65rCX5riF5rWE77yaLTxicj7jgIDmj5vmsJfvvJotPGJyPuOAgOmZpOa5v++8muKXizxicj7jgIDliqDmub/vvaXkv53mub/vvJotPGJyPuOAgOS6uuaEn+OCu+ODs+OCteODvO+8muKXizxicj48Yj7pgYvou6Lpn7M8L2I+PGJyPuOAgOaaluaIvzxicj7jgIDjgIDlrqTlhoXmqZ/vvJo2OGRiKEpJUyBDOTYxMu+8mjIwMTMpPGJyPuOAgOOAgOWupOWkluapn++8mjYzZGIoSklTIEM5NjEy77yaMjAxMyk8YnI+44CA5Ya35oi/PGJyPuOAgOOAgOWupOWGheapn++8mjY2ZGIoSklTIEM5NjEy77yaMjAxMyk8YnI+44CA44CA5a6k5aSW5qmf77yaNjRkYihKSVMgQzk2MTLvvJoyMDEzKTxicj48Yj7mnIDlpKfphY3nrqHplbc8L2I+77yaMjBtPGJyPjxiPuacgOWkp+mrmOS9juW3rjwvYj7vvJoxMG08YnI+PGI+5a+45rOV772l6YeN6YePPC9iPjxicj7jgIDlrqTlhoXmqZ/lr7jms5XvvJrluYUgNzk4eOmrmOOBlSAyOTV45aWl6KGMIDMyM21tPGJyPuOAgOWupOWGheapn+izqumHj++8mue0hDEza2c8YnI+44CA5a6k5aSW5qmf5a+45rOV77ya5bmFIDc5OXjpq5jjgZUgNjI5eOWlpeihjCAyOTltbTxicj7jgIDlrqTlpJbmqZ/os6rph4/vvJrntIQ0My41a2c8YnI+PGI+5LuY5bGe5ZOBPC9iPu+8mjxicj7jgIDjg6rjg6LjgrPjg7M8YnI+44CA44Oi44OL44K/44O855So5Y2YNOW9ouOCouODq+OCq+ODquS5vumbu+axoCAy5pysPGJyPuOAgOODquODouOCs+ODs+ODm+ODq+ODgOODvDxicj7jgIDlm7rlrprjg43jgrggMuacrA==,44CQ6ZW35pyf5L+d6Ki85LuY44CR5pel56uLIFJBUy1FSzU2RzItVyjjgrnjgr/jg7zjg5vjg6/jgqTjg4gpIOODoeOCrOaaliDnmb3jgY/jgb7jgY/jgpMgRUvjgrfjg6rjg7zjgrogMTjnlbMg6Zu75rqQMjAwVu+8muOCpOODvOODmeOCueODiFBD44O75a626Zu76aSo,44OR44K944Kz44Oz5a626Zu744Kq44O844OH44Kj44Kq576O5a655YGl5bq344Oi44OQ44Kk44Or77yw77yk77yh44OA44Kk44Ko44OD44OI44OG44Os44OT44Of44OL44Kz44Oz44OT44OH44Kq44K944OL44O844K544Kr44OR44O8VC1mYWzjg4bjgqPjg5XjgqHjg7zjg6vml6XnlKjlk4Hjgrnjg53jg7zjg4TjgYrjgoLjgaHjgoPjgrLjg7zjg6DjgYrosrfjgYTlvpfjgJDplbfmnJ/kv53oqLzku5jjgJHml6Xnq4sgUkFTLUVLNTZHMi1XKOOCueOCv+ODvOODm+ODr+OCpOODiCkg44Oh44Ks5pqWIOeZveOBj+OBvuOBj+OCkyBFS+OCt+ODquODvOOCuiAxOOeVsyDpm7vmupAyMDBW,44CQ6YCB5paZ54Sh5paZ44CR44CQ44GK5Y+W44KK5a+E44GbKOe0jeacn+acquWuminjgJHjgILjgJDplbfmnJ/kv53oqLzku5jjgJHml6Xnq4sgUkFTLUVLNTZHMi1XKOOCueOCv+ODvOODm+ODr+OCpOODiCkg44Oh44Ks5pqWIOeZveOBj+OBvuOBj+OCkyBFS+OCt+ODquODvOOCuiAxOOeVsyDpm7vmupAyMDBW[rn]
37-97132,aHR0cDovL3RzaG9wLnIxMHMuanAvZWJlc3QvY2FiaW5ldC8yMTcvMDAwMDAwMDAxMDA5MS5qcGc/Zml0aW49NzAwOjcwMA==,MjU1MjM0LjQwMDA=,,5a626Zu7ID4g5a2j56+A44O756m66Kq/5a626Zu7ID4g44Ko44Ki44Kz44OzID4g44Ko44Ki44Kz44Oz,44CQ6ZW35pyf5L+d6Ki85LuY44CR5LiJ6I+xIE1TWi1aVzU2MTdTLVQtSU4o44Km44Kn44O844OW44OW44Op44Km44OzKSDpnKfjg7bls7AgWuOCt+ODquODvOOCuiAxOOeVsyDpm7vmupAyMDBW,44CQ6YCB5paZ54Sh5paZ44CR44CQ44GK5Y+W44KK5a+E44GbKOe0jeacn+acquWuminjgJE=,5qeY44CF44Gq5pqu44KJ44GX44Gr6Kq/5ZKM44GZ44KL5YWF5a6f44Gu5qmf6IO944KS44GT44GuMeWPsOOBqzx0YWJsZSBib3JkZXI9IjAiIGNlbGxzcGFjaW5nPSIwIiBjZWxscGFkZGluZz0iMCIgd2lkdGg9IjEwMCUiPjx0cj48dGQgd2lkdGg9IjEwMCUiPjxpbWcgc3JjPSJodHRwOi8vd3d3LnJha3V0ZW4ubmUuanAvZ29sZC9lYmVzdC9pbWcvaW1nX2d1aWRlL3RsdF9vcHRpb24uanBnIiBib3JkZXI9IjAiIHdpZHRoPSIxMDAlIj48L3RkPjwvdHI+PHRyPjx0ZCB3aWR0aD0iMTAwJSI+PGltZyBzcmM9Imh0dHA6Ly93d3cucmFrdXRlbi5uZS5qcC9nb2xkL2ViZXN0L2ltZy9pbWdfZ3VpZGUvc3BhY2VyLmdpZiIgd2lkdGg9IjEwMCUiIGhlaWdodD0iMTAiPjwvdGQ+PC90cj48dHI+PHRkPjxmb250IGNvbG9yPSJyZWQiPuWVhuWTgeOBruWcqOW6q+eKtuazgeOBr+S4i+ihqOOBruOAjOWVhuWTgeOBruOBv+OAjeOBruODmuODvOOCuOOBuOenu+WLleOBl+OBpuOBlOeiuuiqjeOBj+OBoOOBleOBhOOAgjxicj7plbfmnJ/kv53oqLzjga/ms5Xkurrmp5jvvIjlgIvkurrmp5jku6XlpJbvvInjga7liqDlhaXjgIHmpa3li5njgafjga7kvb/nlKjjga/kv53oqLzlpJbjgajjgarjgorjgb7jgZnjgII8YnI+5b+F44Ga6ZW35pyf5L+d6Ki844Gu44K144O844OT44K55YaF5a6544CB6KaP5a6a44KS5LqI44KB44GU56K66KqN44GP44Gg44GV44GE44CCPGJyPumVt+acn+S/neiovOOCkuOBlOW4jOacm+OBleOCjOOBquOBhOWgtOWQiOOBr+S4i+iomOOBruihqOOCiOOCiuOAjOWVhuWTgeOBruOBv+OAjeOBruODmuODvOOCuOOBuOenu+WLleOBl+OBpuOBlOazqOaWh+OBj+OBoOOBleOBhOOAgjxicj7vvJXlubTplpPplbfmnJ/kv53oqLzigLvvvLDvvKPjgIHjgr/jg5bjg6zjg4Pjg4jjgIHjg5fjg6rjg7Pjgr/jg7zjgIHlt6Xlhbfjga/vvJPlubTjgajjgarjgorjgb7jgZnjgII8L2ZvbnQ+PC90ZD48L3RyPjx0cj48dGQgd2lkdGg9IjEwMCUiPjxpbWcgc3JjPSJodHRwOi8vd3d3LnJha3V0ZW4ubmUuanAvZ29sZC9lYmVzdC9pbWcvaW1nX2d1aWRlL3NwYWNlci5naWYiIHdpZHRoPSIxMDAlIiBoZWlnaHQ9IjIwIj48L3RkPjwvdHI+PC90YWJsZT48dGFibGUgYm9yZGVyPSIwIiBjZWxsc3BhY2luZz0iMCIgY2VsbHBhZGRpbmc9IjAiIHdpZHRoPSIxMDAlIj48dHI+PHRkIHdpZHRoPSIxNSUiPjxpbWcgc3JjPSJodHRwOi8vd3d3LnJha3V0ZW4ubmUuanAvZ29sZC9lYmVzdC9pbWcvaW1nX2d1aWRlL2J0bl9vcHRpb24wMS5qcGciIGJvcmRlcj0iMCIgd2lkdGg9IjEwMCUiPjwvdGQ+PHRkIHdpZHRoPSIyJSI+PGltZyBzcmM9Imh0dHA6Ly93d3cucmFrdXRlbi5uZS5qcC9nb2xkL2ViZXN0L2ltZy9pbWdfZ3VpZGUvc3BhY2VyLmdpZiIgd2lkdGg9IjEwMCUiIGhlaWdodD0iMTAiPjwvdGQ+PHRkIHdpZHRoPSIxNSUiPjxpbWcgc3JjPSJodHRwOi8vd3d3LnJha3V0ZW4ubmUuanAvZ29sZC9lYmVzdC9pbWcvaW1nX2d1aWRlL2J0bl9vcHRpb24wMi5qcGciIGJvcmRlcj0iMCIgd2lkdGg9IjEwMCUiPjwvdGQ+PHRkIHdpZHRoPSIyJSI+PGltZyBzcmM9Imh0dHA6Ly93d3cucmFrdXRlbi5uZS5qcC9nb2xkL2ViZXN0L2ltZy9pbWdfZ3VpZGUvc3BhY2VyLmdpZiIgd2lkdGg9IjEwMCUiIGhlaWdodD0iMTAiPjwvdGQ+PHRkIHdpZHRoPSIxNSUiPjxpbWcgc3JjPSJodHRwOi8vd3d3LnJha3V0ZW4ubmUuanAvZ29sZC9lYmVzdC9pbWcvaW1nX2d1aWRlL3NwYWNlci5naWYiIHdpZHRoPSIxMDAlIiBoZWlnaHQ9IjEwIj48L3RkPjx0ZCB3aWR0aD0iMiUiPjxpbWcgc3JjPSJodHRwOi8vd3d3LnJha3V0ZW4ubmUuanAvZ29sZC9lYmVzdC9pbWcvaW1nX2d1aWRlL3NwYWNlci5naWYiIHdpZHRoPSIxMDAlIiBoZWlnaHQ9IjEwIj48L3RkPjx0ZCB3aWR0aD0iMTUlIj48aW1nIHNyYz0iaHR0cDovL3d3dy5yYWt1dGVuLm5lLmpwL2dvbGQvZWJlc3QvaW1nL2ltZ19ndWlkZS9zcGFjZXIuZ2lmIiB3aWR0aD0iMTAwJSIgaGVpZ2h0PSIxMCI+PC90ZD48dGQgd2lkdGg9IjIlIj48aW1nIHNyYz0iaHR0cDovL3d3dy5yYWt1dGVuLm5lLmpwL2dvbGQvZWJlc3QvaW1nL2ltZ19ndWlkZS9zcGFjZXIuZ2lmIiB3aWR0aD0iMTAwJSIgaGVpZ2h0PSIxMCI+PC90ZD48dGQgd2lkdGg9IjE1JSI+PGltZyBzcmM9Imh0dHA6Ly93d3cucmFrdXRlbi5uZS5qcC9nb2xkL2ViZXN0L2ltZy9pbWdfZ3VpZGUvc3BhY2VyLmdpZiIgd2lkdGg9IjEwMCUiIGhlaWdodD0iMTAiPjwvdGQ+PHRkIHdpZHRoPSIyJSI+PGltZyBzcmM9Imh0dHA6Ly93d3cucmFrdXRlbi5uZS5qcC9nb2xkL2ViZXN0L2ltZy9pbWdfZ3VpZGUvc3BhY2VyLmdpZiIgd2lkdGg9IjEwMCUiIGhlaWdodD0iMTAiPjwvdGQ+PHRkIHdpZHRoPSIxNSUiPjxpbWcgc3JjPSJodHRwOi8vd3d3LnJha3V0ZW4ubmUuanAvZ29sZC9lYmVzdC9pbWcvaW1nX2d1aWRlL3NwYWNlci5naWYiIHdpZHRoPSIxMDAlIiBoZWlnaHQ9IjEwIj48L3RkPjwvdHI+PHRyPjx0ZCBjb2xzcGFuPSIxMSIgd2lkdGg9IjEwMCUiPjxpbWcgc3JjPSJodHRwOi8vd3d3LnJha3V0ZW4ubmUuanAvZ29sZC9lYmVzdC9pbWcvaW1nX2d1aWRlL3NwYWNlci5naWYiIHdpZHRoPSIxMDAlIiBoZWlnaHQ9IjIwIj48L3RkPjwvdHI+PC90YWJsZT48dGFibGUgYm9yZGVyPSIwIiBjZWxsc3BhY2luZz0iMCIgY2VsbHBhZGRpbmc9IjAiIHdpZHRoPSIxMDAlIj48dHI+PHRkIGNvbHNwYW49IjciIHdpZHRoPSIxMDAlIj48aW1nIHNyYz0iaHR0cDovL3d3dy5yYWt1dGVuLm5lLmpwL2dvbGQvZWJlc3QvaW1nL2ltZ19ndWlkZS90bHRfc2VydmljZS5qcGciIHdpZHRoPSIxMDAlIj48L3RkPjwvdHI+PHRyPjx0ZCBjb2xzcGFuPSI3IiB3aWR0aD0iMTAwJSI+PGltZyBzcmM9Imh0dHA6Ly93d3cucmFrdXRlbi5uZS5qcC9nb2xkL2ViZXN0L2ltZy9pbWdfZ3VpZGUvc3BhY2VyLmdpZiIgd2lkdGg9IjEwMCUiIGhlaWdodD0iMjAiPjwvdGQ+PC90cj48dHI+PHRkIHdpZHRoPSIyMyUiPjxpbWcgc3JjPSJodHRwOi8vd3d3LnJha3V0ZW4ubmUuanAvZ29sZC9lYmVzdC9pbWcvaW1nX2d1aWRlL2J0bl9zZXJ2aWNlMDEuanBnIiB3aWR0aD0iMTAwJSI+PC90ZD48dGQgd2lkdGg9IjIlIj48aW1nIHNyYz0iaHR0cDovL3d3dy5yYWt1dGVuLm5lLmpwL2dvbGQvZWJlc3QvaW1nL2ltZ19ndWlkZS9zcGFjZXIuZ2lmIiB3aWR0aD0iMTAwJSIgaGVpZ2h0PSIxMCI+PC90ZD48dGQgd2lkdGg9IjIzJSI+PGltZyBzcmM9Imh0dHA6Ly93d3cucmFrdXRlbi5uZS5qcC9nb2xkL2ViZXN0L2ltZy9pbWdfZ3VpZGUvc3BhY2VyLmdpZiIgd2lkdGg9IjEwMCUiIGhlaWdodD0iMTAiPjwvdGQ+PHRkIHdpZHRoPSIyJSI+PGltZyBzcmM9Imh0dHA6Ly93d3cucmFrdXRlbi5uZS5qcC9nb2xkL2ViZXN0L2ltZy9pbWdfZ3VpZGUvc3BhY2VyLmdpZiIgd2lkdGg9IjEwMCUiIGhlaWdodD0iMTAiPjwvdGQ+PHRkIHdpZHRoPSIyMyUiPjxpbWcgc3JjPSJodHRwOi8vd3d3LnJha3V0ZW4ubmUuanAvZ29sZC9lYmVzdC9pbWcvaW1nX2d1aWRlL3NwYWNlci5naWYiIHdpZHRoPSIxMDAlIiBoZWlnaHQ9IjEwIj48L3RkPjx0ZCB3aWR0aD0iMiUiPjxpbWcgc3JjPSJodHRwOi8vd3d3LnJha3V0ZW4ubmUuanAvZ29sZC9lYmVzdC9pbWcvaW1nX2d1aWRlL3NwYWNlci5naWYiIHdpZHRoPSIxMDAlIiBoZWlnaHQ9IjEwIj48L3RkPjx0ZCB3aWR0aD0iMjMlIj48aW1nIHNyYz0iaHR0cDovL3d3dy5yYWt1dGVuLm5lLmpwL2dvbGQvZWJlc3QvaW1nL2ltZ19ndWlkZS9zcGFjZXIuZ2lmIiB3aWR0aD0iMTAwJSIgaGVpZ2h0PSIxMCI+PC90ZD48L3RyPjx0cj48dGQgY29sc3Bhbj0iNyIgd2lkdGg9IjEwMCUiPjxpbWcgc3JjPSJodHRwOi8vd3d3LnJha3V0ZW4ubmUuanAvZ29sZC9lYmVzdC9pbWcvaW1nX2d1aWRlL3NwYWNlci5naWYiIHdpZHRoPSIxMDAlIiBoZWlnaHQ9IjIwIj48L3RkPjwvdHI+PC90YWJsZT48YnI+4pag44Og44O844OW44Ki44Kk5qW144Gn5aSn5Lq644Go5a2Q5L6b44Gu5rip5Ya35oSf44KS5qSc55+lPGJyPuKWoOWMoOODleODqeODg+ODl+OBp+miqOOBguOBpuOBqOmiqOOCiOOBkeOCkuiHquWLleOBp+WIh+abv+OBiDxicj7ilqDlhoXpg6jjgrPjg7zjg4bjgqPjg7PjgrDjgajmlrDmkqXmsrnjg5XjgqPjg6vjgr/jg7zjgafmuIXmvZTjgpLkv53jgaQ8YnI+PGI+6Zu75rqQPC9iPu+8muWNmOebuDIwMFYgMjBBPGJyPjxiPuOCs+ODs+OCu+ODs+ODiOW9oueKtjwvYj7vvJrjgqjjg6vjg5Djg7w8YnI+PGI+6YGp55So55Wz5pWwPC9iPjxicj7jgIDmmpbmiL/vvJoxNe+9njE455WzKDI0772eMzBtMik8YnI+44CA5Ya35oi/77yaMTXvvZ4yM+eVsygyNe+9njM5bTIpPGJyPjxiPuiDveWKmzwvYj48YnI+44CA5pqW5oi/77yaNi43a1coMC42772eMTEuM2tXKTxicj7jgIDlhrfmiL/vvJo1LjZrVygwLjbvvZ42a1cpPGJyPjxiPua2iOiyu+mbu+WKmzwvYj48YnI+44CA5pqW5oi/77yaMTU4MFcoMTA1772eMzY3MFcpPGJyPuOAgOWGt+aIv++8mjE3MjBXKDEwNe+9njIwMjBXKTxicj48Yj7mnJ/plpPmtojosrvpm7vlipvph488L2I+77yaMTcwOGtXaChKSVMgQzk2MTLvvJoyMDEzKTxicj48Yj7nnIHjgqjjg43ln7rmupbpgZTmiJDnjoc8L2I+77yaMTIyJe+8muebruaomeW5tOW6puOAgDIwMTDlubQ8YnI+PGI+6YCa5bm044Ko44ON44Or44Ku44O85raI6LK75Yq5546HKEFQRik8L2I+77yaNi4yKEpJUyBDOTYxMu+8mjIwMTMpPGJyPjxiPuapn+iDvTwvYj48YnI+44CA44OV44Kj44Or44K/44O86Ieq5YuV5o6D6Zmk77ya4peLPGJyPuOAgOmZpOiPjO+8mi08YnI+44CA56m65rCX5riF5rWE77ya4peLPGJyPuOAgOaPm+awl++8mi08YnI+44CA6Zmk5rm/77ya4peLPGJyPuOAgOWKoOa5v++9peS/nea5v++8muS/nea5vzxicj7jgIDkurrmhJ/jgrvjg7PjgrXjg7zvvJril4s8YnI+PGI+6YGL6Lui6Z+zPC9iPjxicj7jgIDmmpbmiL88YnI+44CA44CA5a6k5YaF5qmf77yaNzFkYihKSVMgQzk2MTLvvJoyMDEzKTxicj7jgIDjgIDlrqTlpJbmqZ/vvJo2M2RiKEpJUyBDOTYxMu+8mjIwMTMpPGJyPuOAgOWGt+aIvzxicj7jgIDjgIDlrqTlhoXmqZ/vvJo2N2RiKEpJUyBDOTYxMu+8mjIwMTMpPGJyPuOAgOOAgOWupOWkluapn++8mjY1ZGIoSklTIEM5NjEy77yaMjAxMyk8YnI+PGI+5pyA5aSn6YWN566h6ZW3PC9iPu+8mjE1bTxicj48Yj7mnIDlpKfpq5jkvY7lt648L2I+77yaMTBtPGJyPjxiPuWvuOazle+9pemHjemHjzwvYj48YnI+44CA5a6k5YaF5qmf5a+45rOV77ya5bmFIDc5OXjpq5jjgZUgMjk1eOWlpeihjCAzNzVtbTxicj7jgIDlrqTlhoXmqZ/os6rph4/vvJrntIQxOGtnPGJyPuOAgOWupOWkluapn+WvuOazle+8muW5hSA4MDB46auY44GVIDcxNHjlpaXooYwgMjg1bW08YnI+44CA5a6k5aSW5qmf6LOq6YeP77ya57SEMzhrZzxicj48Yj7ku5jlsZ7lk4E8L2I+77yaPGJyPuOAgOODquODouOCs+ODszxicj7jgIDljZgz5b2i44Ki44Or44Kr44Oq5Lm+6Zu75rGgIDLmnKw8YnI+44CA5Y+W5omx6Kqs5piO5pu4,44CQ6ZW35pyf5L+d6Ki85LuY44CR5LiJ6I+xIE1TWi1aVzU2MTdTLVQtSU4o44Km44Kn44O844OW44OW44Op44Km44OzKSDpnKfjg7bls7AgWuOCt+ODquODvOOCuiAxOOeVsyDpm7vmupAyMDBW77ya44Kk44O844OZ44K544OIUEPjg7vlrrbpm7vppKg=,44OR44K944Kz44Oz5a626Zu744Kq44O844OH44Kj44Kq576O5a655YGl5bq344Oi44OQ44Kk44Or77yw77yk77yh44OA44Kk44Ko44OD44OI44OG44Os44OT44Of44OL44Kz44Oz44OT44OH44Kq44K944OL44O844K544Kr44OR44O8VC1mYWzjg4bjgqPjg5XjgqHjg7zjg6vml6XnlKjlk4Hjgrnjg53jg7zjg4TjgYrjgoLjgaHjgoPjgrLjg7zjg6DjgYrosrfjgYTlvpfjgJDplbfmnJ/kv53oqLzku5jjgJHkuInoj7EgTVNaLVpXNTYxN1MtVC1JTijjgqbjgqfjg7zjg5bjg5bjg6njgqbjg7MpIOmcp+ODtuWzsCBa44K344Oq44O844K6IDE455WzIOmbu+a6kDIwMFY=,44CQ6YCB5paZ54Sh5paZ44CR44CQ44GK5Y+W44KK5a+E44GbKOe0jeacn+acquWuminjgJHjgILjgJDplbfmnJ/kv53oqLzku5jjgJHkuInoj7EgTVNaLVpXNTYxN1MtVC1JTijjgqbjgqfjg7zjg5bjg5bjg6njgqbjg7MpIOmcp+ODtuWzsCBa44K344Oq44O844K6IDE455WzIOmbu+a6kDIwMFY=[rn]
37-97133,aHR0cDovL3RzaG9wLnIxMHMuanAvZWJlc3QvY2FiaW5ldC8yMjEvMDAwMDAwMDAxMDEwMC5qcGc/Zml0aW49NzAwOjcwMA==,Mjg4MjE1LjIwMDA=,,5a626Zu7ID4g5a2j56+A44O756m66Kq/5a626Zu7ID4g44Ko44Ki44Kz44OzID4g44Ko44Ki44Kz44Oz,44CQ6ZW35pyf5L+d6Ki85LuY44CR5LiJ6I+xIE1TWi1GWjU2MTdTLVctSU4o44K344Or44Kt44O844OX44Op44OB44OKKSDpnKfjg7bls7AgRlrjgrfjg6rjg7zjgrogMTjnlbMg6Zu75rqQMjAwVg==,44CQ6YCB5paZ54Sh5paZ44CR44CQ6YCa5bi4OOaXpeeoi+W6puOBq+OBpuWHuuiNt+OAkQ==,5qeY44CF44Gq5pqu44KJ44GX44Gr6Kq/5ZKM44GZ44KL5YWF5a6f44Gu5qmf6IO944KS44GT44GuMeWPsOOBqzx0YWJsZSBib3JkZXI9IjAiIGNlbGxzcGFjaW5nPSIwIiBjZWxscGFkZGluZz0iMCIgd2lkdGg9IjEwMCUiPjx0cj48dGQgd2lkdGg9IjEwMCUiPjxpbWcgc3JjPSJodHRwOi8vd3d3LnJha3V0ZW4ubmUuanAvZ29sZC9lYmVzdC9pbWcvaW1nX2d1aWRlL3RsdF9vcHRpb24uanBnIiBib3JkZXI9IjAiIHdpZHRoPSIxMDAlIj48L3RkPjwvdHI+PHRyPjx0ZCB3aWR0aD0iMTAwJSI+PGltZyBzcmM9Imh0dHA6Ly93d3cucmFrdXRlbi5uZS5qcC9nb2xkL2ViZXN0L2ltZy9pbWdfZ3VpZGUvc3BhY2VyLmdpZiIgd2lkdGg9IjEwMCUiIGhlaWdodD0iMTAiPjwvdGQ+PC90cj48dHI+PHRkPjxmb250IGNvbG9yPSJyZWQiPuWVhuWTgeOBruWcqOW6q+eKtuazgeOBr+S4i+ihqOOBruOAjOWVhuWTgeOBruOBv+OAjeOBruODmuODvOOCuOOBuOenu+WLleOBl+OBpuOBlOeiuuiqjeOBj+OBoOOBleOBhOOAgjxicj7plbfmnJ/kv53oqLzjga/ms5Xkurrmp5jvvIjlgIvkurrmp5jku6XlpJbvvInjga7liqDlhaXjgIHmpa3li5njgafjga7kvb/nlKjjga/kv53oqLzlpJbjgajjgarjgorjgb7jgZnjgII8YnI+5b+F44Ga6ZW35pyf5L+d6Ki844Gu44K144O844OT44K55YaF5a6544CB6KaP5a6a44KS5LqI44KB44GU56K66KqN44GP44Gg44GV44GE44CCPGJyPumVt+acn+S/neiovOOCkuOBlOW4jOacm+OBleOCjOOBquOBhOWgtOWQiOOBr+S4i+iomOOBruihqOOCiOOCiuOAjOWVhuWTgeOBruOBv+OAjeOBruODmuODvOOCuOOBuOenu+WLleOBl+OBpuOBlOazqOaWh+OBj+OBoOOBleOBhOOAgjxicj7vvJXlubTplpPplbfmnJ/kv53oqLzigLvvvLDvvKPjgIHjgr/jg5bjg6zjg4Pjg4jjgIHjg5fjg6rjg7Pjgr/jg7zjgIHlt6Xlhbfjga/vvJPlubTjgajjgarjgorjgb7jgZnjgII8L2ZvbnQ+PC90ZD48L3RyPjx0cj48dGQgd2lkdGg9IjEwMCUiPjxpbWcgc3JjPSJodHRwOi8vd3d3LnJha3V0ZW4ubmUuanAvZ29sZC9lYmVzdC9pbWcvaW1nX2d1aWRlL3NwYWNlci5naWYiIHdpZHRoPSIxMDAlIiBoZWlnaHQ9IjIwIj48L3RkPjwvdHI+PC90YWJsZT48dGFibGUgYm9yZGVyPSIwIiBjZWxsc3BhY2luZz0iMCIgY2VsbHBhZGRpbmc9IjAiIHdpZHRoPSIxMDAlIj48dHI+PHRkIHdpZHRoPSIxNSUiPjxpbWcgc3JjPSJodHRwOi8vd3d3LnJha3V0ZW4ubmUuanAvZ29sZC9lYmVzdC9pbWcvaW1nX2d1aWRlL2J0bl9vcHRpb24wMS5qcGciIGJvcmRlcj0iMCIgd2lkdGg9IjEwMCUiPjwvdGQ+PHRkIHdpZHRoPSIyJSI+PGltZyBzcmM9Imh0dHA6Ly93d3cucmFrdXRlbi5uZS5qcC9nb2xkL2ViZXN0L2ltZy9pbWdfZ3VpZGUvc3BhY2VyLmdpZiIgd2lkdGg9IjEwMCUiIGhlaWdodD0iMTAiPjwvdGQ+PHRkIHdpZHRoPSIxNSUiPjxpbWcgc3JjPSJodHRwOi8vd3d3LnJha3V0ZW4ubmUuanAvZ29sZC9lYmVzdC9pbWcvaW1nX2d1aWRlL2J0bl9vcHRpb24wMi5qcGciIGJvcmRlcj0iMCIgd2lkdGg9IjEwMCUiPjwvdGQ+PHRkIHdpZHRoPSIyJSI+PGltZyBzcmM9Imh0dHA6Ly93d3cucmFrdXRlbi5uZS5qcC9nb2xkL2ViZXN0L2ltZy9pbWdfZ3VpZGUvc3BhY2VyLmdpZiIgd2lkdGg9IjEwMCUiIGhlaWdodD0iMTAiPjwvdGQ+PHRkIHdpZHRoPSIxNSUiPjxpbWcgc3JjPSJodHRwOi8vd3d3LnJha3V0ZW4ubmUuanAvZ29sZC9lYmVzdC9pbWcvaW1nX2d1aWRlL3NwYWNlci5naWYiIHdpZHRoPSIxMDAlIiBoZWlnaHQ9IjEwIj48L3RkPjx0ZCB3aWR0aD0iMiUiPjxpbWcgc3JjPSJodHRwOi8vd3d3LnJha3V0ZW4ubmUuanAvZ29sZC9lYmVzdC9pbWcvaW1nX2d1aWRlL3NwYWNlci5naWYiIHdpZHRoPSIxMDAlIiBoZWlnaHQ9IjEwIj48L3RkPjx0ZCB3aWR0aD0iMTUlIj48aW1nIHNyYz0iaHR0cDovL3d3dy5yYWt1dGVuLm5lLmpwL2dvbGQvZWJlc3QvaW1nL2ltZ19ndWlkZS9zcGFjZXIuZ2lmIiB3aWR0aD0iMTAwJSIgaGVpZ2h0PSIxMCI+PC90ZD48dGQgd2lkdGg9IjIlIj48aW1nIHNyYz0iaHR0cDovL3d3dy5yYWt1dGVuLm5lLmpwL2dvbGQvZWJlc3QvaW1nL2ltZ19ndWlkZS9zcGFjZXIuZ2lmIiB3aWR0aD0iMTAwJSIgaGVpZ2h0PSIxMCI+PC90ZD48dGQgd2lkdGg9IjE1JSI+PGltZyBzcmM9Imh0dHA6Ly93d3cucmFrdXRlbi5uZS5qcC9nb2xkL2ViZXN0L2ltZy9pbWdfZ3VpZGUvc3BhY2VyLmdpZiIgd2lkdGg9IjEwMCUiIGhlaWdodD0iMTAiPjwvdGQ+PHRkIHdpZHRoPSIyJSI+PGltZyBzcmM9Imh0dHA6Ly93d3cucmFrdXRlbi5uZS5qcC9nb2xkL2ViZXN0L2ltZy9pbWdfZ3VpZGUvc3BhY2VyLmdpZiIgd2lkdGg9IjEwMCUiIGhlaWdodD0iMTAiPjwvdGQ+PHRkIHdpZHRoPSIxNSUiPjxpbWcgc3JjPSJodHRwOi8vd3d3LnJha3V0ZW4ubmUuanAvZ29sZC9lYmVzdC9pbWcvaW1nX2d1aWRlL3NwYWNlci5naWYiIHdpZHRoPSIxMDAlIiBoZWlnaHQ9IjEwIj48L3RkPjwvdHI+PHRyPjx0ZCBjb2xzcGFuPSIxMSIgd2lkdGg9IjEwMCUiPjxpbWcgc3JjPSJodHRwOi8vd3d3LnJha3V0ZW4ubmUuanAvZ29sZC9lYmVzdC9pbWcvaW1nX2d1aWRlL3NwYWNlci5naWYiIHdpZHRoPSIxMDAlIiBoZWlnaHQ9IjIwIj48L3RkPjwvdHI+PC90YWJsZT48dGFibGUgYm9yZGVyPSIwIiBjZWxsc3BhY2luZz0iMCIgY2VsbHBhZGRpbmc9IjAiIHdpZHRoPSIxMDAlIj48dHI+PHRkIGNvbHNwYW49IjciIHdpZHRoPSIxMDAlIj48aW1nIHNyYz0iaHR0cDovL3d3dy5yYWt1dGVuLm5lLmpwL2dvbGQvZWJlc3QvaW1nL2ltZ19ndWlkZS90bHRfc2VydmljZS5qcGciIHdpZHRoPSIxMDAlIj48L3RkPjwvdHI+PHRyPjx0ZCBjb2xzcGFuPSI3IiB3aWR0aD0iMTAwJSI+PGltZyBzcmM9Imh0dHA6Ly93d3cucmFrdXRlbi5uZS5qcC9nb2xkL2ViZXN0L2ltZy9pbWdfZ3VpZGUvc3BhY2VyLmdpZiIgd2lkdGg9IjEwMCUiIGhlaWdodD0iMjAiPjwvdGQ+PC90cj48dHI+PHRkIHdpZHRoPSIyMyUiPjxpbWcgc3JjPSJodHRwOi8vd3d3LnJha3V0ZW4ubmUuanAvZ29sZC9lYmVzdC9pbWcvaW1nX2d1aWRlL2J0bl9zZXJ2aWNlMDEuanBnIiB3aWR0aD0iMTAwJSI+PC90ZD48dGQgd2lkdGg9IjIlIj48aW1nIHNyYz0iaHR0cDovL3d3dy5yYWt1dGVuLm5lLmpwL2dvbGQvZWJlc3QvaW1nL2ltZ19ndWlkZS9zcGFjZXIuZ2lmIiB3aWR0aD0iMTAwJSIgaGVpZ2h0PSIxMCI+PC90ZD48dGQgd2lkdGg9IjIzJSI+PGltZyBzcmM9Imh0dHA6Ly93d3cucmFrdXRlbi5uZS5qcC9nb2xkL2ViZXN0L2ltZy9pbWdfZ3VpZGUvc3BhY2VyLmdpZiIgd2lkdGg9IjEwMCUiIGhlaWdodD0iMTAiPjwvdGQ+PHRkIHdpZHRoPSIyJSI+PGltZyBzcmM9Imh0dHA6Ly93d3cucmFrdXRlbi5uZS5qcC9nb2xkL2ViZXN0L2ltZy9pbWdfZ3VpZGUvc3BhY2VyLmdpZiIgd2lkdGg9IjEwMCUiIGhlaWdodD0iMTAiPjwvdGQ+PHRkIHdpZHRoPSIyMyUiPjxpbWcgc3JjPSJodHRwOi8vd3d3LnJha3V0ZW4ubmUuanAvZ29sZC9lYmVzdC9pbWcvaW1nX2d1aWRlL3NwYWNlci5naWYiIHdpZHRoPSIxMDAlIiBoZWlnaHQ9IjEwIj48L3RkPjx0ZCB3aWR0aD0iMiUiPjxpbWcgc3JjPSJodHRwOi8vd3d3LnJha3V0ZW4ubmUuanAvZ29sZC9lYmVzdC9pbWcvaW1nX2d1aWRlL3NwYWNlci5naWYiIHdpZHRoPSIxMDAlIiBoZWlnaHQ9IjEwIj48L3RkPjx0ZCB3aWR0aD0iMjMlIj48aW1nIHNyYz0iaHR0cDovL3d3dy5yYWt1dGVuLm5lLmpwL2dvbGQvZWJlc3QvaW1nL2ltZ19ndWlkZS9zcGFjZXIuZ2lmIiB3aWR0aD0iMTAwJSIgaGVpZ2h0PSIxMCI+PC90ZD48L3RyPjx0cj48dGQgY29sc3Bhbj0iNyIgd2lkdGg9IjEwMCUiPjxpbWcgc3JjPSJodHRwOi8vd3d3LnJha3V0ZW4ubmUuanAvZ29sZC9lYmVzdC9pbWcvaW1nX2d1aWRlL3NwYWNlci5naWYiIHdpZHRoPSIxMDAlIiBoZWlnaHQ9IjIwIj48L3RkPjwvdHI+PC90YWJsZT48YnI+4pag44Og44O844OW44Ki44Kk5qW144Gn5aSn5Lq644Go5a2Q5L6b44Gu5rip5Ya35oSf44KS5qSc55+lPGJyPuKWoDLmuKnluqbliLblvqHjgafmnIDlpKfntIQ14oSD5beu44Gu55Ww44Gq44KL5rip5bqm56m66ZaT44KS5a6f54++PGJyPuKWoOWGhemDqOOCs+ODvOODhuOCo+ODs+OCsOOBqOaWsOaSpeayueODleOCo+ODq+OCv+ODvOOBp+a4hea9lOOCkuS/neOBpDxicj48Yj7pm7vmupA8L2I+77ya5Y2Y55u4MjAwViAyMEE8YnI+PGI+44Kz44Oz44K744Oz44OI5b2i54q2PC9iPu+8muOCqOODq+ODkOODvDxicj48Yj7pgannlKjnlbPmlbA8L2I+PGJyPuOAgOaaluaIv++8mjE1772eMTjnlbMoMjTvvZ4zMG0yKTxicj7jgIDlhrfmiL/vvJoxNe+9njIz55WzKDI1772eMzltMik8YnI+PGI+6IO95YqbPC9iPjxicj7jgIDmmpbmiL/vvJo2LjdrVygwLjbvvZ4xMS43a1cpPGJyPuOAgOWGt+aIv++8mjUuNmtXKDAuNu+9njZrVyk8YnI+PGI+5raI6LK76Zu75YqbPC9iPjxicj7jgIDmmpbmiL/vvJoxNTgwVygxMDXvvZ4zNjcwVyk8YnI+44CA5Ya35oi/77yaMTYwMFcoMTA1772eMjAyMFcpPGJyPjxiPuacn+mWk+a2iOiyu+mbu+WKm+mHjzwvYj7vvJoxNTM1a1doKEpJUyBDOTYxMu+8mjIwMTMpPGJyPjxiPuecgeOCqOODjeWfuua6lumBlOaIkOeOhzwvYj7vvJoxMzYl77ya55uu5qiZ5bm05bqm44CAMjAxMOW5tDxicj48Yj7pgJrlubTjgqjjg43jg6vjgq7jg7zmtojosrvlirnnjocoQVBGKTwvYj7vvJo2LjkoSklTIEM5NjEy77yaMjAxMyk8YnI+PGI+5qmf6IO9PC9iPjxicj7jgIDjg5XjgqPjg6vjgr/jg7zoh6rli5XmjoPpmaTvvJril4s8YnI+44CA6Zmk6I+M77yaLTxicj7jgIDnqbrmsJfmuIXmtYTvvJril4s8YnI+44CA5o+b5rCX77yaLTxicj7jgIDpmaTmub/vvJril4s8YnI+44CA5Yqg5rm/772l5L+d5rm/77ya5L+d5rm/PGJyPuOAgOS6uuaEn+OCu+ODs+OCteODvO+8muKXizxicj48Yj7pgYvou6Lpn7M8L2I+PGJyPuOAgOaaluaIvzxicj7jgIDjgIDlrqTlhoXmqZ/vvJo3MWRiKEpJUyBDOTYxMu+8mjIwMTMpPGJyPuOAgOOAgOWupOWkluapn++8mjY1ZGIoSklTIEM5NjEy77yaMjAxMyk8YnI+44CA5Ya35oi/PGJyPuOAgOOAgOWupOWGheapn++8mjY5ZGIoSklTIEM5NjEy77yaMjAxMyk8YnI+44CA44CA5a6k5aSW5qmf77yaNjVkYihKSVMgQzk2MTLvvJoyMDEzKTxicj48Yj7mnIDlpKfphY3nrqHplbc8L2I+77yaMTVtPGJyPjxiPuacgOWkp+mrmOS9juW3rjwvYj7vvJoxMG08YnI+PGI+5a+45rOV772l6YeN6YePPC9iPjxicj7jgIDlrqTlhoXmqZ/lr7jms5XvvJrluYUgODkweOmrmOOBlSAyODV45aWl6KGMIDM1OG1tPGJyPuOAgOWupOWGheapn+izqumHj++8mue0hDIya2c8YnI+44CA5a6k5aSW5qmf5a+45rOV77ya5bmFIDgwMHjpq5jjgZUgNzE0eOWlpeihjCAyODVtbTxicj7jgIDlrqTlpJbmqZ/os6rph4/vvJrntIQ0MGtnPGJyPjxiPuS7mOWxnuWTgTwvYj7vvJo8YnI+44CA44Oq44Oi44Kz44OzPGJyPuOAgOWNmDPlvaLjgqLjg6vjgqvjg6rkub7pm7vmsaAgMuacrDxicj7jgIDlj5bmibHoqqzmmI7mm7g=,44CQ6ZW35pyf5L+d6Ki85LuY44CR5LiJ6I+xIE1TWi1GWjU2MTdTLVctSU4o44K344Or44Kt44O844OX44Op44OB44OKKSDpnKfjg7bls7AgRlrjgrfjg6rjg7zjgrogMTjnlbMg6Zu75rqQMjAwVu+8muOCpOODvOODmeOCueODiFBD44O75a626Zu76aSo,44OR44K944Kz44Oz5a626Zu744Kq44O844OH44Kj44Kq576O5a655YGl5bq344Oi44OQ44Kk44Or77yw77yk77yh44OA44Kk44Ko44OD44OI44OG44Os44OT44Of44OL44Kz44Oz44OT44OH44Kq44K944OL44O844K544Kr44OR44O8VC1mYWzjg4bjgqPjg5XjgqHjg7zjg6vml6XnlKjlk4Hjgrnjg53jg7zjg4TjgYrjgoLjgaHjgoPjgrLjg7zjg6DjgYrosrfjgYTlvpfjgJDplbfmnJ/kv53oqLzku5jjgJHkuInoj7EgTVNaLUZaNTYxN1MtVy1JTijjgrfjg6vjgq3jg7zjg5fjg6njg4Hjg4opIOmcp+ODtuWzsCBGWuOCt+ODquODvOOCuiAxOOeVsyDpm7vmupAyMDBW,44CQ6YCB5paZ54Sh5paZ44CR44CQ6YCa5bi4OOaXpeeoi+W6puOBq+OBpuWHuuiNt+OAkeOAguOAkOmVt+acn+S/neiovOS7mOOAkeS4ieiPsSBNU1otRlo1NjE3Uy1XLUlOKOOCt+ODq+OCreODvOODl+ODqeODgeODiikg6Zyn44O25bOwIEZa44K344Oq44O844K6IDE455WzIOmbu+a6kDIwMFY=[rn]
37-97134,aHR0cDovL3RzaG9wLnIxMHMuanAvZWJlc3QvY2FiaW5ldC8yMjEvMDAwMDAwMDAxMDE0OC5qcGc/Zml0aW49NzAwOjcwMA==,MTU1MDUyLjAwMDA=,,5a626Zu7ID4g5a2j56+A44O756m66Kq/5a626Zu7ID4g44Ko44Ki44Kz44OzID4g44Ko44Ki44Kz44Oz,44CQ6ZW35pyf5L+d6Ki85LuY44CR44OR44OK44K944OL44OD44KvIENTLUVYNTY3QzItVyjjgq/jg6rjgrnjgr/jg6vjg5vjg6/jgqTjg4gpIEVvbGlhKOOCqOOCquODquOCoikgRVjjgrfjg6rjg7zjgrogMTjnlbMg6Zu75rqQMjAwVg==,44CQ6YCB5paZ54Sh5paZ44CR44CQ6YCa5bi4M+aXpeeoi+W6puOBq+OBpuWHuuiNt+OAkQ==,44GK5o6D6Zmk5pCt6LyJ44Gq44GM44KJ44CB5aWl6KGM44GN44GZ44Gj44GN44KK44Oi44OH44OrPHRhYmxlIGJvcmRlcj0iMCIgY2VsbHNwYWNpbmc9IjAiIGNlbGxwYWRkaW5nPSIwIiB3aWR0aD0iMTAwJSI+PHRyPjx0ZCB3aWR0aD0iMTAwJSI+PGltZyBzcmM9Imh0dHBzOi8vd3d3LnJha3V0ZW4ubmUuanAvZ29sZC9lYmVzdC9pbWcvaW1nX2d1aWRlL3RsdF9vcHRpb24uanBnIiBib3JkZXI9IjAiIHdpZHRoPSIxMDAlIj48L3RkPjwvdHI+PHRyPjx0ZCB3aWR0aD0iMTAwJSI+PGltZyBzcmM9Imh0dHBzOi8vd3d3LnJha3V0ZW4ubmUuanAvZ29sZC9lYmVzdC9pbWcvaW1nX2d1aWRlL3NwYWNlci5naWYiIHdpZHRoPSIxMDAlIiBoZWlnaHQ9IjEwIj48L3RkPjwvdHI+PHRyPjx0ZD48Zm9udCBjb2xvcj0icmVkIj7llYblk4Hjga7lnKjluqvnirbms4Hjga/kuIvooajjga7jgIzllYblk4Hjga7jgb/jgI3jga7jg5rjg7zjgrjjgbjnp7vli5XjgZfjgabjgZTnorroqo3jgY/jgaDjgZXjgYTjgII8YnI+6ZW35pyf5L+d6Ki844Gv5rOV5Lq65qeY77yI5YCL5Lq65qeY5Lul5aSW77yJ44Gu5Yqg5YWl44CB5qWt5YuZ44Gn44Gu5L2/55So44Gv5L+d6Ki85aSW44Go44Gq44KK44G+44GZ44CCPGJyPuW/heOBmumVt+acn+S/neiovOOBruOCteODvOODk+OCueWGheWuueOAgeimj+WumuOCkuS6iOOCgeOBlOeiuuiqjeOBj+OBoOOBleOBhOOAgjxicj7plbfmnJ/kv53oqLzjgpLjgZTluIzmnJvjgZXjgozjgarjgYTloLTlkIjjga/kuIvoqJjjga7ooajjgojjgorjgIzllYblk4Hjga7jgb/jgI3jga7jg5rjg7zjgrjjgbjnp7vli5XjgZfjgabjgZTms6jmlofjgY/jgaDjgZXjgYTjgII8YnI+77yV5bm06ZaT6ZW35pyf5L+d6Ki84oC777yw77yj44CB44K/44OW44Os44OD44OI44CB44OX44Oq44Oz44K/44O844CB5bel5YW344Gv77yT5bm044Go44Gq44KK44G+44GZ44CCPC9mb250PjwvdGQ+PC90cj48dHI+PHRkIHdpZHRoPSIxMDAlIj48aW1nIHNyYz0iaHR0cHM6Ly93d3cucmFrdXRlbi5uZS5qcC9nb2xkL2ViZXN0L2ltZy9pbWdfZ3VpZGUvc3BhY2VyLmdpZiIgd2lkdGg9IjEwMCUiIGhlaWdodD0iMjAiPjwvdGQ+PC90cj48L3RhYmxlPjx0YWJsZSBib3JkZXI9IjAiIGNlbGxzcGFjaW5nPSIwIiBjZWxscGFkZGluZz0iMCIgd2lkdGg9IjEwMCUiPjx0cj48dGQgd2lkdGg9IjE1JSI+PGltZyBzcmM9Imh0dHBzOi8vd3d3LnJha3V0ZW4ubmUuanAvZ29sZC9lYmVzdC9pbWcvaW1nX2d1aWRlL2J0bl9vcHRpb24wMS5qcGciIGJvcmRlcj0iMCIgd2lkdGg9IjEwMCUiPjwvdGQ+PHRkIHdpZHRoPSIyJSI+PGltZyBzcmM9Imh0dHBzOi8vd3d3LnJha3V0ZW4ubmUuanAvZ29sZC9lYmVzdC9pbWcvaW1nX2d1aWRlL3NwYWNlci5naWYiIHdpZHRoPSIxMDAlIiBoZWlnaHQ9IjEwIj48L3RkPjx0ZCB3aWR0aD0iMTUlIj48aW1nIHNyYz0iaHR0cHM6Ly93d3cucmFrdXRlbi5uZS5qcC9nb2xkL2ViZXN0L2ltZy9pbWdfZ3VpZGUvYnRuX29wdGlvbjAyLmpwZyIgYm9yZGVyPSIwIiB3aWR0aD0iMTAwJSI+PC90ZD48dGQgd2lkdGg9IjIlIj48aW1nIHNyYz0iaHR0cHM6Ly93d3cucmFrdXRlbi5uZS5qcC9nb2xkL2ViZXN0L2ltZy9pbWdfZ3VpZGUvc3BhY2VyLmdpZiIgd2lkdGg9IjEwMCUiIGhlaWdodD0iMTAiPjwvdGQ+PHRkIHdpZHRoPSIxNSUiPjxpbWcgc3JjPSJodHRwczovL3d3dy5yYWt1dGVuLm5lLmpwL2dvbGQvZWJlc3QvaW1nL2ltZ19ndWlkZS9zcGFjZXIuZ2lmIiB3aWR0aD0iMTAwJSIgaGVpZ2h0PSIxMCI+PC90ZD48dGQgd2lkdGg9IjIlIj48aW1nIHNyYz0iaHR0cHM6Ly93d3cucmFrdXRlbi5uZS5qcC9nb2xkL2ViZXN0L2ltZy9pbWdfZ3VpZGUvc3BhY2VyLmdpZiIgd2lkdGg9IjEwMCUiIGhlaWdodD0iMTAiPjwvdGQ+PHRkIHdpZHRoPSIxNSUiPjxpbWcgc3JjPSJodHRwczovL3d3dy5yYWt1dGVuLm5lLmpwL2dvbGQvZWJlc3QvaW1nL2ltZ19ndWlkZS9zcGFjZXIuZ2lmIiB3aWR0aD0iMTAwJSIgaGVpZ2h0PSIxMCI+PC90ZD48dGQgd2lkdGg9IjIlIj48aW1nIHNyYz0iaHR0cHM6Ly93d3cucmFrdXRlbi5uZS5qcC9nb2xkL2ViZXN0L2ltZy9pbWdfZ3VpZGUvc3BhY2VyLmdpZiIgd2lkdGg9IjEwMCUiIGhlaWdodD0iMTAiPjwvdGQ+PHRkIHdpZHRoPSIxNSUiPjxpbWcgc3JjPSJodHRwczovL3d3dy5yYWt1dGVuLm5lLmpwL2dvbGQvZWJlc3QvaW1nL2ltZ19ndWlkZS9zcGFjZXIuZ2lmIiB3aWR0aD0iMTAwJSIgaGVpZ2h0PSIxMCI+PC90ZD48dGQgd2lkdGg9IjIlIj48aW1nIHNyYz0iaHR0cHM6Ly93d3cucmFrdXRlbi5uZS5qcC9nb2xkL2ViZXN0L2ltZy9pbWdfZ3VpZGUvc3BhY2VyLmdpZiIgd2lkdGg9IjEwMCUiIGhlaWdodD0iMTAiPjwvdGQ+PHRkIHdpZHRoPSIxNSUiPjxpbWcgc3JjPSJodHRwczovL3d3dy5yYWt1dGVuLm5lLmpwL2dvbGQvZWJlc3QvaW1nL2ltZ19ndWlkZS9zcGFjZXIuZ2lmIiB3aWR0aD0iMTAwJSIgaGVpZ2h0PSIxMCI+PC90ZD48L3RyPjx0cj48dGQgY29sc3Bhbj0iMTEiIHdpZHRoPSIxMDAlIj48aW1nIHNyYz0iaHR0cHM6Ly93d3cucmFrdXRlbi5uZS5qcC9nb2xkL2ViZXN0L2ltZy9pbWdfZ3VpZGUvc3BhY2VyLmdpZiIgd2lkdGg9IjEwMCUiIGhlaWdodD0iMjAiPjwvdGQ+PC90cj48L3RhYmxlPjx0YWJsZSBib3JkZXI9IjAiIGNlbGxzcGFjaW5nPSIwIiBjZWxscGFkZGluZz0iMCIgd2lkdGg9IjEwMCUiPjx0cj48dGQgY29sc3Bhbj0iNyIgd2lkdGg9IjEwMCUiPjxpbWcgc3JjPSJodHRwczovL3d3dy5yYWt1dGVuLm5lLmpwL2dvbGQvZWJlc3QvaW1nL2ltZ19ndWlkZS90bHRfc2VydmljZS5qcGciIHdpZHRoPSIxMDAlIj48L3RkPjwvdHI+PHRyPjx0ZCBjb2xzcGFuPSI3IiB3aWR0aD0iMTAwJSI+PGltZyBzcmM9Imh0dHBzOi8vd3d3LnJha3V0ZW4ubmUuanAvZ29sZC9lYmVzdC9pbWcvaW1nX2d1aWRlL3NwYWNlci5naWYiIHdpZHRoPSIxMDAlIiBoZWlnaHQ9IjIwIj48L3RkPjwvdHI+PHRyPjx0ZCB3aWR0aD0iMjMlIj48aW1nIHNyYz0iaHR0cHM6Ly93d3cucmFrdXRlbi5uZS5qcC9nb2xkL2ViZXN0L2ltZy9pbWdfZ3VpZGUvYnRuX3NlcnZpY2UwMS5qcGciIHdpZHRoPSIxMDAlIj48L3RkPjx0ZCB3aWR0aD0iMiUiPjxpbWcgc3JjPSJodHRwczovL3d3dy5yYWt1dGVuLm5lLmpwL2dvbGQvZWJlc3QvaW1nL2ltZ19ndWlkZS9zcGFjZXIuZ2lmIiB3aWR0aD0iMTAwJSIgaGVpZ2h0PSIxMCI+PC90ZD48dGQgd2lkdGg9IjIzJSI+PGltZyBzcmM9Imh0dHBzOi8vd3d3LnJha3V0ZW4ubmUuanAvZ29sZC9lYmVzdC9pbWcvaW1nX2d1aWRlL3NwYWNlci5naWYiIHdpZHRoPSIxMDAlIiBoZWlnaHQ9IjEwIj48L3RkPjx0ZCB3aWR0aD0iMiUiPjxpbWcgc3JjPSJodHRwczovL3d3dy5yYWt1dGVuLm5lLmpwL2dvbGQvZWJlc3QvaW1nL2ltZ19ndWlkZS9zcGFjZXIuZ2lmIiB3aWR0aD0iMTAwJSIgaGVpZ2h0PSIxMCI+PC90ZD48dGQgd2lkdGg9IjIzJSI+PGltZyBzcmM9Imh0dHBzOi8vd3d3LnJha3V0ZW4ubmUuanAvZ29sZC9lYmVzdC9pbWcvaW1nX2d1aWRlL3NwYWNlci5naWYiIHdpZHRoPSIxMDAlIiBoZWlnaHQ9IjEwIj48L3RkPjx0ZCB3aWR0aD0iMiUiPjxpbWcgc3JjPSJodHRwczovL3d3dy5yYWt1dGVuLm5lLmpwL2dvbGQvZWJlc3QvaW1nL2ltZ19ndWlkZS9zcGFjZXIuZ2lmIiB3aWR0aD0iMTAwJSIgaGVpZ2h0PSIxMCI+PC90ZD48dGQgd2lkdGg9IjIzJSI+PGltZyBzcmM9Imh0dHBzOi8vd3d3LnJha3V0ZW4ubmUuanAvZ29sZC9lYmVzdC9pbWcvaW1nX2d1aWRlL3NwYWNlci5naWYiIHdpZHRoPSIxMDAlIiBoZWlnaHQ9IjEwIj48L3RkPjwvdHI+PHRyPjx0ZCBjb2xzcGFuPSI3IiB3aWR0aD0iMTAwJSI+PGltZyBzcmM9Imh0dHBzOi8vd3d3LnJha3V0ZW4ubmUuanAvZ29sZC9lYmVzdC9pbWcvaW1nX2d1aWRlL3NwYWNlci5naWYiIHdpZHRoPSIxMDAlIiBoZWlnaHQ9IjIwIj48L3RkPjwvdHI+PC90YWJsZT48YnI+4pag44CM44OK44OO44Kk44O8WOOAjeOBp+OAgeOCqOOCouOCs+ODs+WGhemDqOOCgumDqOWxi+OBruepuuawl+OCguOCreODrOOCpDxicj7ilqDjg5vjgrPjg6rjgpLmjajjgabjgovjgb7jgaflhajpg6joh6rli5XjgIHjgYrmjoPpmaTjg63jg5zjg4Pjg4jmkK3ovIk8YnI+4pag44CM44Ko44Kz44OK44OT44CN44GM44Og44OA44KS6KaL44Gk44GR44Gm44CB6Ieq5YuV44Gn56+A6Zu7PGJyPjxiPumbu+a6kDwvYj7vvJrljZjnm7gyMDBWIDIwQTxicj48Yj7jgrPjg7Pjgrvjg7Pjg4jlvaLnirY8L2I+77ya44Ko44Or44OQ44O8PGJyPjxiPumBqeeUqOeVs+aVsDwvYj48YnI+44CA5pqW5oi/77yaMTXvvZ4xOOeVsygyNO+9njMwbTIpPGJyPuOAgOWGt+aIv++8mjE1772eMjPnlbMoMjXvvZ4zOW0yKTxicj48Yj7og73lips8L2I+PGJyPuOAgOaaluaIv++8mjYuN2tXKDAuNu+9njkuNGtXKTxicj7jgIDlhrfmiL/vvJo1LjZrVygwLjfvvZ41LjdrVyk8YnI+PGI+5raI6LK76Zu75YqbPC9iPjxicj7jgIDmmpbmiL/vvJoxOTQwVygxNTDvvZ4zNDQwVyk8YnI+44CA5Ya35oi/77yaMjI4MFcoMTYw772eMjM5MFcpPGJyPjxiPuacn+mWk+a2iOiyu+mbu+WKm+mHjzwvYj7vvJoyMTE4a1doKEpJUyBDOTYxMu+8mjIwMTMpPGJyPjxiPuecgeOCqOODjeWfuua6lumBlOaIkOeOhzwvYj7vvJoxMDAl77ya55uu5qiZ5bm05bqm44CAMjAxMOW5tDxicj48Yj7pgJrlubTjgqjjg43jg6vjgq7jg7zmtojosrvlirnnjocoQVBGKTwvYj7vvJo1KEpJUyBDOTYxMu+8mjIwMTMpPGJyPjxiPuapn+iDvTwvYj48YnI+44CA44OV44Kj44Or44K/44O86Ieq5YuV5o6D6Zmk77ya4peLPGJyPuOAgOmZpOiPjO+8mi08YnI+44CA56m65rCX5riF5rWE77yaLTxicj7jgIDmj5vmsJfvvJotPGJyPuOAgOmZpOa5v++8muKXizxicj7jgIDliqDmub/vvaXkv53mub/vvJrkv53mub88YnI+44CA5Lq65oSf44K744Oz44K144O877yaLTxicj48Yj7pgYvou6Lpn7M8L2I+PGJyPuOAgOaaluaIvzxicj7jgIDjgIDlrqTlhoXmqZ/vvJo2NWRiKEpJUyBDOTYxMu+8mjIwMTMpPGJyPuOAgOOAgOWupOWkluapn++8mjY1ZGIoSklTIEM5NjEy77yaMjAxMyk8YnI+44CA5Ya35oi/PGJyPuOAgOOAgOWupOWGheapn++8mjY1ZGIoSklTIEM5NjEy77yaMjAxMyk8YnI+44CA44CA5a6k5aSW5qmf77yaNjZkYihKSVMgQzk2MTLvvJoyMDEzKTxicj48Yj7mnIDlpKfphY3nrqHplbc8L2I+77yaMjBtPGJyPjxiPuacgOWkp+mrmOS9juW3rjwvYj7vvJoxMm08YnI+PGI+5a+45rOV772l6YeN6YePPC9iPjxicj7jgIDlrqTlhoXmqZ/lr7jms5XvvJrluYUgNzk4eOmrmOOBlSAyOTV45aWl6KGMIDIzOW1tPGJyPuOAgOWupOWGheapn+izqumHj++8mue0hDEwa2c8YnI+44CA5a6k5aSW5qmf5a+45rOV77ya5bmFIDc5OXjpq5jjgZUgNjE5eOWlpeihjCAyOTltbTxicj7jgIDlrqTlpJbmqZ/os6rph4/vvJrntIQzNi41a2c8YnI+PGI+5LuY5bGe5ZOBPC9iPu+8mjxicj7jgIDjg6rjg6LjgrPjg7M8YnI+44CA5Y2YNOOCouODq+OCq+ODquS5vumbu+axoDLmnKw8YnI+44CA44Oq44Oi44Kz44Oz44Ob44Or44OA44O8PGJyPuOAgOODquODouOCs+ODs+ODm+ODq+ODgOODvOWPluS7mOeUqOODjeOCuCgy5pysKQ==,44CQ6ZW35pyf5L+d6Ki85LuY44CR44OR44OK44K944OL44OD44KvIENTLUVYNTY3QzItVyjjgq/jg6rjgrnjgr/jg6vjg5vjg6/jgqTjg4gpIEVvbGlhKOOCqOOCquODquOCoikgRVjjgrfjg6rjg7zjgrogMTjnlbMg6Zu75rqQMjAwVu+8muOCpOODvOODmeOCueODiFBD44O75a626Zu76aSo,44OR44K944Kz44Oz5a626Zu744Kq44O844OH44Kj44Kq576O5a655YGl5bq344Oi44OQ44Kk44Or77yw77yk77yh44OA44Kk44Ko44OD44OI44OG44Os44OT44Of44OL44Kz44Oz44OT44OH44Kq44K944OL44O844K544Kr44OR44O8VC1mYWzjg4bjgqPjg5XjgqHjg7zjg6vml6XnlKjlk4Hjgrnjg53jg7zjg4TjgYrjgoLjgaHjgoPjgrLjg7zjg6DjgYrosrfjgYTlvpfjgJDplbfmnJ/kv53oqLzku5jjgJHjg5Hjg4rjgr3jg4vjg4Pjgq8gQ1MtRVg1NjdDMi1XKOOCr+ODquOCueOCv+ODq+ODm+ODr+OCpOODiCkgRW9saWEo44Ko44Kq44Oq44KiKSBFWOOCt+ODquODvOOCuiAxOOeVsyDpm7vmupAyMDBW,44CQ6YCB5paZ54Sh5paZ44CR44CQ6YCa5bi4M+aXpeeoi+W6puOBq+OBpuWHuuiNt+OAkeOAguOAkOmVt+acn+S/neiovOS7mOOAkeODkeODiuOCveODi+ODg+OCryBDUy1FWDU2N0MyLVco44Kv44Oq44K544K/44Or44Ob44Ov44Kk44OIKSBFb2xpYSjjgqjjgqrjg6rjgqIpIEVY44K344Oq44O844K6IDE455WzIOmbu+a6kDIwMFY=[rn]
37-97135,aHR0cDovL3RzaG9wLnIxMHMuanAvZWJlc3QvY2FiaW5ldC8yMjQvMDAwMDAwMDAxMDIwMi5qcGc/Zml0aW49NzAwOjcwMA==,MTk5OTk3LjYwMDA=,,5a626Zu7ID4g5a2j56+A44O756m66Kq/5a626Zu7ID4g44Ko44Ki44Kz44OzID4g44Ko44Ki44Kz44Oz,5LiJ6I+xIE1TWi1YNTYxN1MtVyjjgqbjgqfjg7zjg5bjg5vjg6/jgqTjg4gpIOmcp+ODtuWzsCBY44K344Oq44O844K6IDE455WzIOmbu+a6kDIwMFY=,44CQ6YCB5paZ54Sh5paZ44CR44CQ6YCa5bi4OOaXpeeoi+W6puOBq+OBpuWHuuiNt+OAkQ==,5aSn5Z6L44Oq44OT44Oz44Kw44Gr44KC44GK44GZ44GZ44KBIeWFheWun+OBl+OBn+W/q+mBqeapn+iDveaQrei8ieODouODh+ODqzxpbWcgc3JjPSdodHRwczovL2ltYWdlLnJha3V0ZW4uY28uanAvZWJlc3QvY2FiaW5ldC9lYmVzdGthZGVuX3phaWtvLmdpZicgYm9yZGVyPScwJyBhbHQ9J+WcqOW6q+eKtuazgeOCkueiuuiqjeOBmeOCiyc+PGJyPjxmb250IGNvbG9yPSIjZmYwMDAwIj48Yj7ihpHihpHihpHmraPnorrjgarlnKjluqvnirbms4Hjga/kuIroqJjjg5Djg4rjg7zjgIzlnKjluqvnirbms4HjgpLnorroqo3jgZnjgovjgI3jgpLjgq/jg6rjg4Pjgq/jgZfjgabpoILjgY3jgIHlv4XjgZrjgZTnorroqo3jgY/jgaDjgZXjgYTjgII8L2I+PC9mb250Pjxicj48YnI+PHRhYmxlIGJvcmRlcj0iMCIgY2VsbHNwYWNpbmc9IjAiIGNlbGxwYWRkaW5nPSIwIiB3aWR0aD0iMTAwJSI+PHRyPjx0ZCB3aWR0aD0iMTAwJSI+PGltZyBzcmM9Imh0dHBzOi8vd3d3LnJha3V0ZW4ubmUuanAvZ29sZC9lYmVzdC9pbWcvaW1nX2d1aWRlL3RsdF9vcHRpb24uanBnIiBib3JkZXI9IjAiIHdpZHRoPSIxMDAlIj48L3RkPjwvdHI+PHRyPjx0ZCB3aWR0aD0iMTAwJSI+PGltZyBzcmM9Imh0dHBzOi8vd3d3LnJha3V0ZW4ubmUuanAvZ29sZC9lYmVzdC9pbWcvaW1nX2d1aWRlL3NwYWNlci5naWYiIHdpZHRoPSIxMDAlIiBoZWlnaHQ9IjEwIj48L3RkPjwvdHI+PHRyPjx0ZD48Zm9udCBjb2xvcj0icmVkIj7plbfmnJ/kv53oqLzjgpLjgZTluIzmnJvjga7jgYrlrqLmp5jjga/kuIvoqJjjga7ooajjgojjgorjgIzllYblk4HvvIvplbfmnJ/kv53oqLzjgI3jga7jg5rjg7zjgrjjgbjnp7vli5XjgZfjgabjgZTms6jmlofjgY/jgaDjgZXjgYTjgII8YnI+4oC76ZW35pyf5L+d6Ki844Gv5rOV5Lq65Yqg5YWl44KE5qWt5YuZ5L2/55So44CB6K2y5rih44KE5YaN6LKp44Gv44GU5Yip55So44GE44Gf44Gg44GR44G+44Gb44KT44CCPGJyPumVt+acn+S/neiovOOBq+OBpOOBhOOBpu+8sO+8o+ODu+OCv+ODluODrOODg+ODiOODu+ODl+ODquODs+OCv+ODvOODu+W3peWFt+OBr+ODoeODvOOCq+ODvOS/neiovOOCkuWQq+OCgeOBpu+8k+W5tOOAgeWutumbu+OBr++8leW5tOmWk+OBruS/neiovOOBqOOBquOCiuOBvuOBmeOAgjwvZm9udD48L3RkPjwvdHI+PHRyPjx0ZCB3aWR0aD0iMTAwJSI+PGltZyBzcmM9Imh0dHBzOi8vd3d3LnJha3V0ZW4ubmUuanAvZ29sZC9lYmVzdC9pbWcvaW1nX2d1aWRlL3NwYWNlci5naWYiIHdpZHRoPSIxMDAlIiBoZWlnaHQ9IjIwIj48L3RkPjwvdHI+PC90YWJsZT48dGFibGUgYm9yZGVyPSIwIiBjZWxsc3BhY2luZz0iMCIgY2VsbHBhZGRpbmc9IjAiIHdpZHRoPSIxMDAlIj48dHI+PHRkIHdpZHRoPSIxNSUiPjxpbWcgc3JjPSJodHRwczovL3d3dy5yYWt1dGVuLm5lLmpwL2dvbGQvZWJlc3QvaW1nL2ltZ19ndWlkZS9idG5fb3B0aW9uMDEuanBnIiBib3JkZXI9IjAiIHdpZHRoPSIxMDAlIj48L3RkPjx0ZCB3aWR0aD0iMiUiPjxpbWcgc3JjPSJodHRwczovL3d3dy5yYWt1dGVuLm5lLmpwL2dvbGQvZWJlc3QvaW1nL2ltZ19ndWlkZS9zcGFjZXIuZ2lmIiB3aWR0aD0iMTAwJSIgaGVpZ2h0PSIxMCI+PC90ZD48dGQgd2lkdGg9IjE1JSI+PGltZyBzcmM9Imh0dHBzOi8vd3d3LnJha3V0ZW4ubmUuanAvZ29sZC9lYmVzdC9pbWcvaW1nX2d1aWRlL2J0bl9vcHRpb24wMi5qcGciIGJvcmRlcj0iMCIgd2lkdGg9IjEwMCUiPjwvdGQ+PHRkIHdpZHRoPSIyJSI+PGltZyBzcmM9Imh0dHBzOi8vd3d3LnJha3V0ZW4ubmUuanAvZ29sZC9lYmVzdC9pbWcvaW1nX2d1aWRlL3NwYWNlci5naWYiIHdpZHRoPSIxMDAlIiBoZWlnaHQ9IjEwIj48L3RkPjx0ZCB3aWR0aD0iMTUlIj48aW1nIHNyYz0iaHR0cHM6Ly93d3cucmFrdXRlbi5uZS5qcC9nb2xkL2ViZXN0L2ltZy9pbWdfZ3VpZGUvc3BhY2VyLmdpZiIgd2lkdGg9IjEwMCUiIGhlaWdodD0iMTAiPjwvdGQ+PHRkIHdpZHRoPSIyJSI+PGltZyBzcmM9Imh0dHBzOi8vd3d3LnJha3V0ZW4ubmUuanAvZ29sZC9lYmVzdC9pbWcvaW1nX2d1aWRlL3NwYWNlci5naWYiIHdpZHRoPSIxMDAlIiBoZWlnaHQ9IjEwIj48L3RkPjx0ZCB3aWR0aD0iMTUlIj48aW1nIHNyYz0iaHR0cHM6Ly93d3cucmFrdXRlbi5uZS5qcC9nb2xkL2ViZXN0L2ltZy9pbWdfZ3VpZGUvc3BhY2VyLmdpZiIgd2lkdGg9IjEwMCUiIGhlaWdodD0iMTAiPjwvdGQ+PHRkIHdpZHRoPSIyJSI+PGltZyBzcmM9Imh0dHBzOi8vd3d3LnJha3V0ZW4ubmUuanAvZ29sZC9lYmVzdC9pbWcvaW1nX2d1aWRlL3NwYWNlci5naWYiIHdpZHRoPSIxMDAlIiBoZWlnaHQ9IjEwIj48L3RkPjx0ZCB3aWR0aD0iMTUlIj48aW1nIHNyYz0iaHR0cHM6Ly93d3cucmFrdXRlbi5uZS5qcC9nb2xkL2ViZXN0L2ltZy9pbWdfZ3VpZGUvc3BhY2VyLmdpZiIgd2lkdGg9IjEwMCUiIGhlaWdodD0iMTAiPjwvdGQ+PHRkIHdpZHRoPSIyJSI+PGltZyBzcmM9Imh0dHBzOi8vd3d3LnJha3V0ZW4ubmUuanAvZ29sZC9lYmVzdC9pbWcvaW1nX2d1aWRlL3NwYWNlci5naWYiIHdpZHRoPSIxMDAlIiBoZWlnaHQ9IjEwIj48L3RkPjx0ZCB3aWR0aD0iMTUlIj48aW1nIHNyYz0iaHR0cHM6Ly93d3cucmFrdXRlbi5uZS5qcC9nb2xkL2ViZXN0L2ltZy9pbWdfZ3VpZGUvc3BhY2VyLmdpZiIgd2lkdGg9IjEwMCUiIGhlaWdodD0iMTAiPjwvdGQ+PC90cj48dHI+PHRkIGNvbHNwYW49IjExIiB3aWR0aD0iMTAwJSI+PGltZyBzcmM9Imh0dHBzOi8vd3d3LnJha3V0ZW4ubmUuanAvZ29sZC9lYmVzdC9pbWcvaW1nX2d1aWRlL3NwYWNlci5naWYiIHdpZHRoPSIxMDAlIiBoZWlnaHQ9IjIwIj48L3RkPjwvdHI+PC90YWJsZT48dGFibGUgYm9yZGVyPSIwIiBjZWxsc3BhY2luZz0iMCIgY2VsbHBhZGRpbmc9IjAiIHdpZHRoPSIxMDAlIj48dHI+PHRkIGNvbHNwYW49IjciIHdpZHRoPSIxMDAlIj48aW1nIHNyYz0iaHR0cHM6Ly93d3cucmFrdXRlbi5uZS5qcC9nb2xkL2ViZXN0L2ltZy9pbWdfZ3VpZGUvdGx0X3NlcnZpY2UuanBnIiB3aWR0aD0iMTAwJSI+PC90ZD48L3RyPjx0cj48dGQgY29sc3Bhbj0iNyIgd2lkdGg9IjEwMCUiPjxpbWcgc3JjPSJodHRwczovL3d3dy5yYWt1dGVuLm5lLmpwL2dvbGQvZWJlc3QvaW1nL2ltZ19ndWlkZS9zcGFjZXIuZ2lmIiB3aWR0aD0iMTAwJSIgaGVpZ2h0PSIyMCI+PC90ZD48L3RyPjx0cj48dGQgd2lkdGg9IjIzJSI+PGltZyBzcmM9Imh0dHBzOi8vd3d3LnJha3V0ZW4ubmUuanAvZ29sZC9lYmVzdC9pbWcvaW1nX2d1aWRlL2J0bl9zZXJ2aWNlMDEuanBnIiB3aWR0aD0iMTAwJSI+PC90ZD48dGQgd2lkdGg9IjIlIj48aW1nIHNyYz0iaHR0cHM6Ly93d3cucmFrdXRlbi5uZS5qcC9nb2xkL2ViZXN0L2ltZy9pbWdfZ3VpZGUvc3BhY2VyLmdpZiIgd2lkdGg9IjEwMCUiIGhlaWdodD0iMTAiPjwvdGQ+PHRkIHdpZHRoPSIyMyUiPjxpbWcgc3JjPSJodHRwczovL3d3dy5yYWt1dGVuLm5lLmpwL2dvbGQvZWJlc3QvaW1nL2ltZ19ndWlkZS9zcGFjZXIuZ2lmIiB3aWR0aD0iMTAwJSIgaGVpZ2h0PSIxMCI+PC90ZD48dGQgd2lkdGg9IjIlIj48aW1nIHNyYz0iaHR0cHM6Ly93d3cucmFrdXRlbi5uZS5qcC9nb2xkL2ViZXN0L2ltZy9pbWdfZ3VpZGUvc3BhY2VyLmdpZiIgd2lkdGg9IjEwMCUiIGhlaWdodD0iMTAiPjwvdGQ+PHRkIHdpZHRoPSIyMyUiPjxpbWcgc3JjPSJodHRwczovL3d3dy5yYWt1dGVuLm5lLmpwL2dvbGQvZWJlc3QvaW1nL2ltZ19ndWlkZS9zcGFjZXIuZ2lmIiB3aWR0aD0iMTAwJSIgaGVpZ2h0PSIxMCI+PC90ZD48dGQgd2lkdGg9IjIlIj48aW1nIHNyYz0iaHR0cHM6Ly93d3cucmFrdXRlbi5uZS5qcC9nb2xkL2ViZXN0L2ltZy9pbWdfZ3VpZGUvc3BhY2VyLmdpZiIgd2lkdGg9IjEwMCUiIGhlaWdodD0iMTAiPjwvdGQ+PHRkIHdpZHRoPSIyMyUiPjxpbWcgc3JjPSJodHRwczovL3d3dy5yYWt1dGVuLm5lLmpwL2dvbGQvZWJlc3QvaW1nL2ltZ19ndWlkZS9zcGFjZXIuZ2lmIiB3aWR0aD0iMTAwJSIgaGVpZ2h0PSIxMCI+PC90ZD48L3RyPjx0cj48dGQgY29sc3Bhbj0iNyIgd2lkdGg9IjEwMCUiPjxpbWcgc3JjPSJodHRwczovL3d3dy5yYWt1dGVuLm5lLmpwL2dvbGQvZWJlc3QvaW1nL2ltZ19ndWlkZS9zcGFjZXIuZ2lmIiB3aWR0aD0iMTAwJSIgaGVpZ2h0PSIyMCI+PC90ZD48L3RyPjwvdGFibGU+PGJyPuKWoOODoOODvOODluOCouOCpOalteOBp+ODlOODs+ODneOCpOODs+ODiOaaluaIvyblhrfjgoTjgZfjgZnjgY7jgarjgYTlhrfmiL88YnI+4pag5YaN54ax6Zmk5rm/44Go44OU44Ol44Ki44Of44K544OI44Gn5b+r6YGp6Zmk5rm/JuW/q+mBqeS/nea5vzxicj7ilqDnibnmrorjgrPjg7zjg4jjgajmlrDmkK3ovInjga7mipfoj4zjga/jgaTmsrnjg5Xjg4PntKDjg5XjgqPjg6vjgr/jg7zjgaflhoXpg6jjgoLmuIXmvZQ8YnI+PGI+6Zu75rqQPC9iPu+8muWNmOebuDIwMFYgMjBBPGJyPjxiPuOCs+ODs+OCu+ODs+ODiOW9oueKtjwvYj7vvJrjgqjjg6vjg5Djg7w8YnI+PGI+6YGp55So55Wz5pWwPC9iPjxicj7jgIDmmpbmiL/vvJoxNe+9njE455WzKDI0772eMzBtMik8YnI+44CA5Ya35oi/77yaMTXvvZ4yM+eVsygyNe+9njM5bTIpPGJyPjxiPuiDveWKmzwvYj48YnI+44CA5pqW5oi/77yaNi43a1coMC42772eMTAuMmtXKTxicj7jgIDlhrfmiL/vvJo1LjZrVygwLjbvvZ42a1cpPGJyPjxiPua2iOiyu+mbu+WKmzwvYj48YnI+44CA5pqW5oi/77yaMTU4MFcoMTA1772eMzY3MFcpPGJyPuOAgOWGt+aIv++8mjE4NTBXKDEwNe+9njIwMjBXKTxicj48Yj7mnJ/plpPmtojosrvpm7vlipvph488L2I+77yaMTg1OGtXaChKSVMgQzk2MTLvvJoyMDEzKTxicj48Yj7nnIHjgqjjg43ln7rmupbpgZTmiJDnjoc8L2I+77yaMS4xNDxicj48Yj7pgJrlubTjgqjjg43jg6vjgq7jg7zmtojosrvlirnnjocoQVBGKTwvYj7vvJo1LjcoSklTIEM5NjEy77yaMjAxMyk8YnI+PGI+5qmf6IO9PC9iPjxicj7jgIDjg5XjgqPjg6vjgr/jg7zoh6rli5XmjoPpmaTvvJotPGJyPuOAgOmZpOiPjO+8mi08YnI+44CA56m65rCX5riF5rWE77yaLTxicj7jgIDmj5vmsJfvvJotPGJyPuOAgOmZpOa5v++8muKXizxicj7jgIDliqDmub/vvaXkv53mub/vvJril4s8YnI+44CA5Lq65oSf44K744Oz44K144O877ya4peLPGJyPjxiPumBi+i7oumfszwvYj48YnI+44CA5pqW5oi/PGJyPuOAgOOAgOWupOWGheapn++8mjY4ZGIoSklTIEM5NjEy77yaMjAxMyk8YnI+44CA44CA5a6k5aSW5qmf77yaNjRkYihKSVMgQzk2MTLvvJoyMDEzKTxicj7jgIDlhrfmiL88YnI+44CA44CA5a6k5YaF5qmf77yaNjVkYihKSVMgQzk2MTLvvJoyMDEzKTxicj7jgIDjgIDlrqTlpJbmqZ/vvJo2M2RiKEpJUyBDOTYxMu+8mjIwMTMpPGJyPjxiPuacgOWkp+mFjeeuoemVtzwvYj7vvJoxNW08YnI+PGI+5pyA5aSn6auY5L2O5beuPC9iPu+8mjEwbTxicj48Yj7lr7jms5XvvaXph43ph488L2I+PGJyPuOAgOWupOWGheapn+WvuOazle+8muW5hSA3OTl46auY44GVIDI5NXjlpaXooYwgMzA5bW08YnI+44CA5a6k5YaF5qmf6LOq6YeP77ya57SEMTZrZzxicj7jgIDlrqTlpJbmqZ/lr7jms5XvvJrluYUgODAweOmrmOOBlSA2MzB45aWl6KGMIDI4NW1tPGJyPuOAgOWupOWkluapn+izqumHj++8mue0hDM2a2c8YnI+PGI+5LuY5bGe5ZOBPC9iPu+8mjxicj7jgIDjg6rjg6LjgrPjg7M8YnI+44CA5Y2YM+W9ouS5vumbu+axoCAy5pysPGJyPuOAgOWPluaJseiqrOaYjuabuA==,5LiJ6I+xIE1TWi1YNTYxN1MtVyjjgqbjgqfjg7zjg5bjg5vjg6/jgqTjg4gpIOmcp+ODtuWzsCBY44K344Oq44O844K6IDE455WzIOmbu+a6kDIwMFbvvJrjgqTjg7zjg5njgrnjg4hQQ+ODu+Wutumbu+mkqA==,44OR44K944Kz44Oz5a626Zu744Kq44O844OH44Kj44Kq576O5a655YGl5bq344Oi44OQ44Kk44Or77yw77yk77yh44OA44Kk44Ko44OD44OI44OG44Os44OT44Of44OL44Kz44Oz44OT44OH44Kq44K944OL44O844K544Kr44OR44O8VC1mYWzjg4bjgqPjg5XjgqHjg7zjg6vml6XnlKjlk4Hjgrnjg53jg7zjg4TjgYrjgoLjgaHjgoPjgrLjg7zjg6DjgYrosrfjgYTlvpfkuInoj7EgTVNaLVg1NjE3Uy1XKOOCpuOCp+ODvOODluODm+ODr+OCpOODiCkg6Zyn44O25bOwIFjjgrfjg6rjg7zjgrogMTjnlbMg6Zu75rqQMjAwVg==,44CQ6YCB5paZ54Sh5paZ44CR44CQ6YCa5bi4OOaXpeeoi+W6puOBq+OBpuWHuuiNt+OAkeOAguS4ieiPsSBNU1otWDU2MTdTLVco44Km44Kn44O844OW44Ob44Ov44Kk44OIKSDpnKfjg7bls7AgWOOCt+ODquODvOOCuiAxOOeVsyDpm7vmupAyMDBW[rn]
37-97136,aHR0cDovL3RzaG9wLnIxMHMuanAvZWJlc3QvY2FiaW5ldC8yMjEvMDAwMDAwMDAxMDE3MC5qcGc/Zml0aW49NzAwOjcwMA==,MjgwMjI4LjAwMDA=,,5a626Zu7ID4g5a2j56+A44O756m66Kq/5a626Zu7ID4g44Ko44Ki44Kz44OzID4g44Ko44Ki44Kz44Oz,44OR44OK44K944OL44OD44KvIENTLVVYNTY3QzItVyjjgq/jg6rjgrnjgr/jg6vjg5vjg6/jgqTjg4gpIEVvbGlhKOOCqOOCquODquOCoikgVVjjgrfjg6rjg7zjgrogMTjnlbMg6Zu75rqQMjAwVg==,44CQ6YCB5paZ54Sh5paZ44CR44CQ6YCa5bi4M+aXpeeoi+W6puOBq+OBpuWHuuiNt+OAkQ==,5a+S5Ya35Zyw44Ko44Ki44Kz44Oz44CB44OX44Os44Of44Ki44Og44Oi44OH44OrPGltZyBzcmM9J2h0dHBzOi8vaW1hZ2UucmFrdXRlbi5jby5qcC9lYmVzdC9jYWJpbmV0L2ViZXN0a2FkZW5femFpa28uZ2lmJyBib3JkZXI9JzAnIGFsdD0n5Zyo5bqr54q25rOB44KS56K66KqN44GZ44KLJz48YnI+PGZvbnQgY29sb3I9IiNmZjAwMDAiPjxiPuKGkeKGkeKGkeato+eiuuOBquWcqOW6q+eKtuazgeOBr+S4iuiomOODkOODiuODvOOAjOWcqOW6q+eKtuazgeOCkueiuuiqjeOBmeOCi+OAjeOCkuOCr+ODquODg+OCr+OBl+OBpumgguOBjeOAgeW/heOBmuOBlOeiuuiqjeOBj+OBoOOBleOBhOOAgjwvYj48L2ZvbnQ+PGJyPjxicj48dGFibGUgYm9yZGVyPSIwIiBjZWxsc3BhY2luZz0iMCIgY2VsbHBhZGRpbmc9IjAiIHdpZHRoPSIxMDAlIj48dHI+PHRkIHdpZHRoPSIxMDAlIj48aW1nIHNyYz0iaHR0cHM6Ly93d3cucmFrdXRlbi5uZS5qcC9nb2xkL2ViZXN0L2ltZy9pbWdfZ3VpZGUvdGx0X29wdGlvbi5qcGciIGJvcmRlcj0iMCIgd2lkdGg9IjEwMCUiPjwvdGQ+PC90cj48dHI+PHRkIHdpZHRoPSIxMDAlIj48aW1nIHNyYz0iaHR0cHM6Ly93d3cucmFrdXRlbi5uZS5qcC9nb2xkL2ViZXN0L2ltZy9pbWdfZ3VpZGUvc3BhY2VyLmdpZiIgd2lkdGg9IjEwMCUiIGhlaWdodD0iMTAiPjwvdGQ+PC90cj48dHI+PHRkPjxmb250IGNvbG9yPSJyZWQiPumVt+acn+S/neiovOOCkuOBlOW4jOacm+OBruOBiuWuouanmOOBr+S4i+iomOOBruihqOOCiOOCiuOAjOWVhuWTge+8i+mVt+acn+S/neiovOOAjeOBruODmuODvOOCuOOBuOenu+WLleOBl+OBpuOBlOazqOaWh+OBj+OBoOOBleOBhOOAgjxicj7igLvplbfmnJ/kv53oqLzjga/ms5XkurrliqDlhaXjgoTmpa3li5nkvb/nlKjjgIHorbLmuKHjgoTlho3osqnjga/jgZTliKnnlKjjgYTjgZ/jgaDjgZHjgb7jgZvjgpPjgII8YnI+6ZW35pyf5L+d6Ki844Gr44Gk44GE44Gm77yw77yj44O744K/44OW44Os44OD44OI44O744OX44Oq44Oz44K/44O844O75bel5YW344Gv44Oh44O844Kr44O85L+d6Ki844KS5ZCr44KB44Gm77yT5bm044CB5a626Zu744Gv77yV5bm06ZaT44Gu5L+d6Ki844Go44Gq44KK44G+44GZ44CCPC9mb250PjwvdGQ+PC90cj48dHI+PHRkIHdpZHRoPSIxMDAlIj48aW1nIHNyYz0iaHR0cHM6Ly93d3cucmFrdXRlbi5uZS5qcC9nb2xkL2ViZXN0L2ltZy9pbWdfZ3VpZGUvc3BhY2VyLmdpZiIgd2lkdGg9IjEwMCUiIGhlaWdodD0iMjAiPjwvdGQ+PC90cj48L3RhYmxlPjx0YWJsZSBib3JkZXI9IjAiIGNlbGxzcGFjaW5nPSIwIiBjZWxscGFkZGluZz0iMCIgd2lkdGg9IjEwMCUiPjx0cj48dGQgd2lkdGg9IjE1JSI+PGltZyBzcmM9Imh0dHBzOi8vd3d3LnJha3V0ZW4ubmUuanAvZ29sZC9lYmVzdC9pbWcvaW1nX2d1aWRlL2J0bl9vcHRpb24wMS5qcGciIGJvcmRlcj0iMCIgd2lkdGg9IjEwMCUiPjwvdGQ+PHRkIHdpZHRoPSIyJSI+PGltZyBzcmM9Imh0dHBzOi8vd3d3LnJha3V0ZW4ubmUuanAvZ29sZC9lYmVzdC9pbWcvaW1nX2d1aWRlL3NwYWNlci5naWYiIHdpZHRoPSIxMDAlIiBoZWlnaHQ9IjEwIj48L3RkPjx0ZCB3aWR0aD0iMTUlIj48aW1nIHNyYz0iaHR0cHM6Ly93d3cucmFrdXRlbi5uZS5qcC9nb2xkL2ViZXN0L2ltZy9pbWdfZ3VpZGUvYnRuX29wdGlvbjAyLmpwZyIgYm9yZGVyPSIwIiB3aWR0aD0iMTAwJSI+PC90ZD48dGQgd2lkdGg9IjIlIj48aW1nIHNyYz0iaHR0cHM6Ly93d3cucmFrdXRlbi5uZS5qcC9nb2xkL2ViZXN0L2ltZy9pbWdfZ3VpZGUvc3BhY2VyLmdpZiIgd2lkdGg9IjEwMCUiIGhlaWdodD0iMTAiPjwvdGQ+PHRkIHdpZHRoPSIxNSUiPjxpbWcgc3JjPSJodHRwczovL3d3dy5yYWt1dGVuLm5lLmpwL2dvbGQvZWJlc3QvaW1nL2ltZ19ndWlkZS9zcGFjZXIuZ2lmIiB3aWR0aD0iMTAwJSIgaGVpZ2h0PSIxMCI+PC90ZD48dGQgd2lkdGg9IjIlIj48aW1nIHNyYz0iaHR0cHM6Ly93d3cucmFrdXRlbi5uZS5qcC9nb2xkL2ViZXN0L2ltZy9pbWdfZ3VpZGUvc3BhY2VyLmdpZiIgd2lkdGg9IjEwMCUiIGhlaWdodD0iMTAiPjwvdGQ+PHRkIHdpZHRoPSIxNSUiPjxpbWcgc3JjPSJodHRwczovL3d3dy5yYWt1dGVuLm5lLmpwL2dvbGQvZWJlc3QvaW1nL2ltZ19ndWlkZS9zcGFjZXIuZ2lmIiB3aWR0aD0iMTAwJSIgaGVpZ2h0PSIxMCI+PC90ZD48dGQgd2lkdGg9IjIlIj48aW1nIHNyYz0iaHR0cHM6Ly93d3cucmFrdXRlbi5uZS5qcC9nb2xkL2ViZXN0L2ltZy9pbWdfZ3VpZGUvc3BhY2VyLmdpZiIgd2lkdGg9IjEwMCUiIGhlaWdodD0iMTAiPjwvdGQ+PHRkIHdpZHRoPSIxNSUiPjxpbWcgc3JjPSJodHRwczovL3d3dy5yYWt1dGVuLm5lLmpwL2dvbGQvZWJlc3QvaW1nL2ltZ19ndWlkZS9zcGFjZXIuZ2lmIiB3aWR0aD0iMTAwJSIgaGVpZ2h0PSIxMCI+PC90ZD48dGQgd2lkdGg9IjIlIj48aW1nIHNyYz0iaHR0cHM6Ly93d3cucmFrdXRlbi5uZS5qcC9nb2xkL2ViZXN0L2ltZy9pbWdfZ3VpZGUvc3BhY2VyLmdpZiIgd2lkdGg9IjEwMCUiIGhlaWdodD0iMTAiPjwvdGQ+PHRkIHdpZHRoPSIxNSUiPjxpbWcgc3JjPSJodHRwczovL3d3dy5yYWt1dGVuLm5lLmpwL2dvbGQvZWJlc3QvaW1nL2ltZ19ndWlkZS9zcGFjZXIuZ2lmIiB3aWR0aD0iMTAwJSIgaGVpZ2h0PSIxMCI+PC90ZD48L3RyPjx0cj48dGQgY29sc3Bhbj0iMTEiIHdpZHRoPSIxMDAlIj48aW1nIHNyYz0iaHR0cHM6Ly93d3cucmFrdXRlbi5uZS5qcC9nb2xkL2ViZXN0L2ltZy9pbWdfZ3VpZGUvc3BhY2VyLmdpZiIgd2lkdGg9IjEwMCUiIGhlaWdodD0iMjAiPjwvdGQ+PC90cj48L3RhYmxlPjx0YWJsZSBib3JkZXI9IjAiIGNlbGxzcGFjaW5nPSIwIiBjZWxscGFkZGluZz0iMCIgd2lkdGg9IjEwMCUiPjx0cj48dGQgY29sc3Bhbj0iNyIgd2lkdGg9IjEwMCUiPjxpbWcgc3JjPSJodHRwczovL3d3dy5yYWt1dGVuLm5lLmpwL2dvbGQvZWJlc3QvaW1nL2ltZ19ndWlkZS90bHRfc2VydmljZS5qcGciIHdpZHRoPSIxMDAlIj48L3RkPjwvdHI+PHRyPjx0ZCBjb2xzcGFuPSI3IiB3aWR0aD0iMTAwJSI+PGltZyBzcmM9Imh0dHBzOi8vd3d3LnJha3V0ZW4ubmUuanAvZ29sZC9lYmVzdC9pbWcvaW1nX2d1aWRlL3NwYWNlci5naWYiIHdpZHRoPSIxMDAlIiBoZWlnaHQ9IjIwIj48L3RkPjwvdHI+PHRyPjx0ZCB3aWR0aD0iMjMlIj48aW1nIHNyYz0iaHR0cHM6Ly93d3cucmFrdXRlbi5uZS5qcC9nb2xkL2ViZXN0L2ltZy9pbWdfZ3VpZGUvYnRuX3NlcnZpY2UwMS5qcGciIHdpZHRoPSIxMDAlIj48L3RkPjx0ZCB3aWR0aD0iMiUiPjxpbWcgc3JjPSJodHRwczovL3d3dy5yYWt1dGVuLm5lLmpwL2dvbGQvZWJlc3QvaW1nL2ltZ19ndWlkZS9zcGFjZXIuZ2lmIiB3aWR0aD0iMTAwJSIgaGVpZ2h0PSIxMCI+PC90ZD48dGQgd2lkdGg9IjIzJSI+PGltZyBzcmM9Imh0dHBzOi8vd3d3LnJha3V0ZW4ubmUuanAvZ29sZC9lYmVzdC9pbWcvaW1nX2d1aWRlL3NwYWNlci5naWYiIHdpZHRoPSIxMDAlIiBoZWlnaHQ9IjEwIj48L3RkPjx0ZCB3aWR0aD0iMiUiPjxpbWcgc3JjPSJodHRwczovL3d3dy5yYWt1dGVuLm5lLmpwL2dvbGQvZWJlc3QvaW1nL2ltZ19ndWlkZS9zcGFjZXIuZ2lmIiB3aWR0aD0iMTAwJSIgaGVpZ2h0PSIxMCI+PC90ZD48dGQgd2lkdGg9IjIzJSI+PGltZyBzcmM9Imh0dHBzOi8vd3d3LnJha3V0ZW4ubmUuanAvZ29sZC9lYmVzdC9pbWcvaW1nX2d1aWRlL3NwYWNlci5naWYiIHdpZHRoPSIxMDAlIiBoZWlnaHQ9IjEwIj48L3RkPjx0ZCB3aWR0aD0iMiUiPjxpbWcgc3JjPSJodHRwczovL3d3dy5yYWt1dGVuLm5lLmpwL2dvbGQvZWJlc3QvaW1nL2ltZ19ndWlkZS9zcGFjZXIuZ2lmIiB3aWR0aD0iMTAwJSIgaGVpZ2h0PSIxMCI+PC90ZD48dGQgd2lkdGg9IjIzJSI+PGltZyBzcmM9Imh0dHBzOi8vd3d3LnJha3V0ZW4ubmUuanAvZ29sZC9lYmVzdC9pbWcvaW1nX2d1aWRlL3NwYWNlci5naWYiIHdpZHRoPSIxMDAlIiBoZWlnaHQ9IjEwIj48L3RkPjwvdHI+PHRyPjx0ZCBjb2xzcGFuPSI3IiB3aWR0aD0iMTAwJSI+PGltZyBzcmM9Imh0dHBzOi8vd3d3LnJha3V0ZW4ubmUuanAvZ29sZC9lYmVzdC9pbWcvaW1nX2d1aWRlL3NwYWNlci5naWYiIHdpZHRoPSIxMDAlIiBoZWlnaHQ9IjIwIj48L3RkPjwvdHI+PC90YWJsZT48YnI+4pag44OP44Kk44OW44Oq44OD44OJ44Ko44ON44OB44Oj44O844K444K344K544OG44Og5pCt6LyJPGJyPuKWoOWkluawl+a4qS0yNeKEg+OBp+OCguWQueOBjeWHuuOBl+a4qeW6pue0hDU14oSD44Gu6auY5rip6aKoPGJyPuKWoOWHjee1kOmYsuatouODkuODvOOCv+ODvOOBjOOAgeWHjee1kOOBq+OCiOOCi+aAp+iDveS9juS4i+OCkumYsuatojxicj48Yj7pm7vmupA8L2I+77ya5Y2Y55u4MjAwViAyMEE8YnI+PGI+44Kz44Oz44K744Oz44OI5b2i54q2PC9iPu+8muOCqOODq+ODkOODvDxicj48Yj7pgannlKjnlbPmlbA8L2I+PGJyPuOAgOaaluaIv++8mjE1772eMTjnlbMoMjTvvZ4zMG0yKTxicj7jgIDlhrfmiL/vvJoxNe+9njIz55WzKDI1772eMzltMik8YnI+PGI+6IO95YqbPC9iPjxicj7jgIDmmpbmiL/vvJo2LjdrVygwLjTvvZ4xMmtXKTxicj7jgIDlhrfmiL/vvJo1LjZrVygwLjXvvZ41LjdrVyk8YnI+PGI+5raI6LK76Zu75YqbPC9iPjxicj7jgIDmmpbmiL/vvJoxNTAwVygxMTDvvZ40MDAwVyk8YnI+44CA5Ya35oi/77yaMTQ4MFcoMTIw772eMTYyMFcpPGJyPjxiPuacn+mWk+a2iOiyu+mbu+WKm+mHjzwvYj7vvJoxNjgxa1doKEpJUyBDOTYxMu+8mjIwMTMpPGJyPjxiPuecgeOCqOODjeWfuua6lumBlOaIkOeOhzwvYj7vvJoxMjQl77ya55uu5qiZ5bm05bqm44CAMjAxMOW5tDxicj48Yj7pgJrlubTjgqjjg43jg6vjgq7jg7zmtojosrvlirnnjocoQVBGKTwvYj7vvJo2LjMoSklTIEM5NjEy77yaMjAxMyk8YnI+PGI+5qmf6IO9PC9iPjxicj7jgIDjg5XjgqPjg6vjgr/jg7zoh6rli5XmjoPpmaTvvJotPGJyPuOAgOmZpOiPjO+8mi08YnI+44CA56m65rCX5riF5rWE77yaLTxicj7jgIDmj5vmsJfvvJotPGJyPuOAgOmZpOa5v++8muKXizxicj7jgIDliqDmub/vvaXkv53mub/vvJrkv53mub88YnI+44CA5Lq65oSf44K744Oz44K144O877ya4peLPGJyPjxiPumBi+i7oumfszwvYj48YnI+44CA5pqW5oi/PGJyPuOAgOOAgOWupOWGheapn++8mjY4ZGIoSklTIEM5NjEy77yaMjAxMyk8YnI+44CA44CA5a6k5aSW5qmf77yaNjVkYihKSVMgQzk2MTLvvJoyMDEzKTxicj7jgIDlhrfmiL88YnI+44CA44CA5a6k5YaF5qmf77yaNjZkYihKSVMgQzk2MTLvvJoyMDEzKTxicj7jgIDjgIDlrqTlpJbmqZ/vvJo2NGRiKEpJUyBDOTYxMu+8mjIwMTMpPGJyPjxiPuacgOWkp+mFjeeuoemVtzwvYj7vvJozMG08YnI+PGI+5pyA5aSn6auY5L2O5beuPC9iPu+8mjE1bTxicj48Yj7lr7jms5XvvaXph43ph488L2I+PGJyPuOAgOWupOWGheapn+WvuOazle+8muW5hSA3OTl46auY44GVIDI5NXjlpaXooYwgMzg1bW08YnI+44CA5a6k5YaF5qmf6LOq6YeP77ya57SEMTUuNWtnPGJyPuOAgOWupOWkluapn+WvuOazle+8muW5hSA4NDl46auY44GVIDY5OXjlpaXooYwgMzE5bW08YnI+44CA5a6k5aSW5qmf6LOq6YeP77ya57SENDcuNWtnPGJyPjxiPuS7mOWxnuWTgTwvYj7vvJo8YnI+44CA44Oq44Oi44Kz44OzPGJyPuOAgOWNmDPlnovjgqLjg6vjgqvjg6rkub7pm7vmsaAoMuacrCk8YnI+44CA44Oq44Oi44Kz44Oz44Ob44Or44OA44O8PGJyPuOAgOODquODouOCs+ODs+ODm+ODq+ODgOODvOWPluS7mOeUqOODjeOCuCgy5pysKQ==,44OR44OK44K944OL44OD44KvIENTLVVYNTY3QzItVyjjgq/jg6rjgrnjgr/jg6vjg5vjg6/jgqTjg4gpIEVvbGlhKOOCqOOCquODquOCoikgVVjjgrfjg6rjg7zjgrogMTjnlbMg6Zu75rqQMjAwVu+8muOCpOODvOODmeOCueODiFBD44O75a626Zu76aSo,44OR44K944Kz44Oz5a626Zu744Kq44O844OH44Kj44Kq576O5a655YGl5bq344Oi44OQ44Kk44Or77yw77yk77yh44OA44Kk44Ko44OD44OI44OG44Os44OT44Of44OL44Kz44Oz44OT44OH44Kq44K944OL44O844K544Kr44OR44O8VC1mYWzjg4bjgqPjg5XjgqHjg7zjg6vml6XnlKjlk4Hjgrnjg53jg7zjg4TjgYrjgoLjgaHjgoPjgrLjg7zjg6DjgYrosrfjgYTlvpfjg5Hjg4rjgr3jg4vjg4Pjgq8gQ1MtVVg1NjdDMi1XKOOCr+ODquOCueOCv+ODq+ODm+ODr+OCpOODiCkgRW9saWEo44Ko44Kq44Oq44KiKSBVWOOCt+ODquODvOOCuiAxOOeVsyDpm7vmupAyMDBW,44CQ6YCB5paZ54Sh5paZ44CR44CQ6YCa5bi4M+aXpeeoi+W6puOBq+OBpuWHuuiNt+OAkeOAguODkeODiuOCveODi+ODg+OCryBDUy1VWDU2N0MyLVco44Kv44Oq44K544K/44Or44Ob44Ov44Kk44OIKSBFb2xpYSjjgqjjgqrjg6rjgqIpIFVY44K344Oq44O844K6IDE455WzIOmbu+a6kDIwMFY=[rn]
37-97137,aHR0cDovL3RzaG9wLnIxMHMuanAvZWJlc3QvY2FiaW5ldC8xODYvMDAwMDAwMDAwODY0MS5qcGc/Zml0aW49NzAwOjcwMA==,MjYzNzI3LjIwMDA=,,5a626Zu7ID4g5a2j56+A44O756m66Kq/5a626Zu7ID4g44Ko44Ki44Kz44OzID4g44Ko44Ki44Kz44Oz,5LiJ6I+xIE1GWi1ISzU2NVMtQijjg4Djg7zjgq/jg5bjg6njgqbjg7MpIOOCuuODkOaalumcp+ODtuWzsCBIS+OCt+ODquODvOOCuiAxOOeVsyDpm7vmupAyMDBW,44CQ6YCB5paZ54Sh5paZ44CR44CQ6YCa5bi4NeaXpeeoi+W6puOBq+OBpuWHuuiNt+OAkQ==,5paw5pCt6LyJ44Gu44CMV+ODhOOCpOODs+ODleODreODvOOAjeOBp+OAgeWMheOBv+i+vOOCgOW/g+WcsOOCiOOBhOaaluOBi+OBleOCkuWun+ePvjxpbWcgc3JjPSdodHRwOi8vaW1hZ2UucmFrdXRlbi5jby5qcC9lYmVzdC9jYWJpbmV0L2ViZXN0a2FkZW5femFpa28uZ2lmJyBib3JkZXI9JzAnIGFsdD0n5Zyo5bqr54q25rOB44KS56K66KqN44GZ44KLJz48YnI+PGZvbnQgY29sb3I9IiNmZjAwMDAiPjxiPuKGkeKGkeKGkeato+eiuuOBquWcqOW6q+eKtuazgeOBr+S4iuiomOODkOODiuODvOOAjOWcqOW6q+eKtuazgeOCkueiuuiqjeOBmeOCi+OAjeOCkuOCr+ODquODg+OCr+OBl+OBpumgguOBjeOAgeW/heOBmuOBlOeiuuiqjeOBj+OBoOOBleOBhOOAgjwvYj48L2ZvbnQ+PGJyPjxicj48dGFibGUgYm9yZGVyPSIwIiBjZWxsc3BhY2luZz0iMCIgY2VsbHBhZGRpbmc9IjAiIHdpZHRoPSIxMDAlIj48dHI+PHRkIHdpZHRoPSIxMDAlIj48aW1nIHNyYz0iaHR0cDovL3d3dy5yYWt1dGVuLm5lLmpwL2dvbGQvZWJlc3QvaW1nL2ltZ19ndWlkZS90bHRfb3B0aW9uLmpwZyIgYm9yZGVyPSIwIiB3aWR0aD0iMTAwJSI+PC90ZD48L3RyPjx0cj48dGQgd2lkdGg9IjEwMCUiPjxpbWcgc3JjPSJodHRwOi8vd3d3LnJha3V0ZW4ubmUuanAvZ29sZC9lYmVzdC9pbWcvaW1nX2d1aWRlL3NwYWNlci5naWYiIHdpZHRoPSIxMDAlIiBoZWlnaHQ9IjEwIj48L3RkPjwvdHI+PHRyPjx0ZD48Zm9udCBjb2xvcj0icmVkIj7plbfmnJ/kv53oqLzjgpLjgZTluIzmnJvjga7jgYrlrqLmp5jjga/kuIvoqJjjga7ooajjgojjgorjgIzllYblk4HvvIvplbfmnJ/kv53oqLzjgI3jga7jg5rjg7zjgrjjgbjnp7vli5XjgZfjgabjgZTms6jmlofjgY/jgaDjgZXjgYTjgII8YnI+4oC76ZW35pyf5L+d6Ki844Gv5rOV5Lq65Yqg5YWl44KE5qWt5YuZ5L2/55So44CB6K2y5rih44KE5YaN6LKp44Gv44GU5Yip55So44GE44Gf44Gg44GR44G+44Gb44KT44CCPGJyPumVt+acn+S/neiovOOBq+OBpOOBhOOBpu+8sO+8o+ODu+OCv+ODluODrOODg+ODiOODu+ODl+ODquODs+OCv+ODvOODu+W3peWFt+OBr+ODoeODvOOCq+ODvOS/neiovOOCkuWQq+OCgeOBpu+8k+W5tOOAgeWutumbu+OBr++8leW5tOmWk+OBruS/neiovOOBqOOBquOCiuOBvuOBmeOAgjwvZm9udD48L3RkPjwvdHI+PHRyPjx0ZCB3aWR0aD0iMTAwJSI+PGltZyBzcmM9Imh0dHA6Ly93d3cucmFrdXRlbi5uZS5qcC9nb2xkL2ViZXN0L2ltZy9pbWdfZ3VpZGUvc3BhY2VyLmdpZiIgd2lkdGg9IjEwMCUiIGhlaWdodD0iMjAiPjwvdGQ+PC90cj48L3RhYmxlPjx0YWJsZSBib3JkZXI9IjAiIGNlbGxzcGFjaW5nPSIwIiBjZWxscGFkZGluZz0iMCIgd2lkdGg9IjEwMCUiPjx0cj48dGQgd2lkdGg9IjE1JSI+PGltZyBzcmM9Imh0dHA6Ly93d3cucmFrdXRlbi5uZS5qcC9nb2xkL2ViZXN0L2ltZy9pbWdfZ3VpZGUvYnRuX29wdGlvbjAxLmpwZyIgYm9yZGVyPSIwIiB3aWR0aD0iMTAwJSI+PC90ZD48dGQgd2lkdGg9IjIlIj48aW1nIHNyYz0iaHR0cDovL3d3dy5yYWt1dGVuLm5lLmpwL2dvbGQvZWJlc3QvaW1nL2ltZ19ndWlkZS9zcGFjZXIuZ2lmIiB3aWR0aD0iMTAwJSIgaGVpZ2h0PSIxMCI+PC90ZD48dGQgd2lkdGg9IjE1JSI+PGltZyBzcmM9Imh0dHA6Ly93d3cucmFrdXRlbi5uZS5qcC9nb2xkL2ViZXN0L2ltZy9pbWdfZ3VpZGUvYnRuX29wdGlvbjAyLmpwZyIgYm9yZGVyPSIwIiB3aWR0aD0iMTAwJSI+PC90ZD48dGQgd2lkdGg9IjIlIj48aW1nIHNyYz0iaHR0cDovL3d3dy5yYWt1dGVuLm5lLmpwL2dvbGQvZWJlc3QvaW1nL2ltZ19ndWlkZS9zcGFjZXIuZ2lmIiB3aWR0aD0iMTAwJSIgaGVpZ2h0PSIxMCI+PC90ZD48dGQgd2lkdGg9IjE1JSI+PGltZyBzcmM9Imh0dHA6Ly93d3cucmFrdXRlbi5uZS5qcC9nb2xkL2ViZXN0L2ltZy9pbWdfZ3VpZGUvc3BhY2VyLmdpZiIgd2lkdGg9IjEwMCUiIGhlaWdodD0iMTAiPjwvdGQ+PHRkIHdpZHRoPSIyJSI+PGltZyBzcmM9Imh0dHA6Ly93d3cucmFrdXRlbi5uZS5qcC9nb2xkL2ViZXN0L2ltZy9pbWdfZ3VpZGUvc3BhY2VyLmdpZiIgd2lkdGg9IjEwMCUiIGhlaWdodD0iMTAiPjwvdGQ+PHRkIHdpZHRoPSIxNSUiPjxpbWcgc3JjPSJodHRwOi8vd3d3LnJha3V0ZW4ubmUuanAvZ29sZC9lYmVzdC9pbWcvaW1nX2d1aWRlL3NwYWNlci5naWYiIHdpZHRoPSIxMDAlIiBoZWlnaHQ9IjEwIj48L3RkPjx0ZCB3aWR0aD0iMiUiPjxpbWcgc3JjPSJodHRwOi8vd3d3LnJha3V0ZW4ubmUuanAvZ29sZC9lYmVzdC9pbWcvaW1nX2d1aWRlL3NwYWNlci5naWYiIHdpZHRoPSIxMDAlIiBoZWlnaHQ9IjEwIj48L3RkPjx0ZCB3aWR0aD0iMTUlIj48aW1nIHNyYz0iaHR0cDovL3d3dy5yYWt1dGVuLm5lLmpwL2dvbGQvZWJlc3QvaW1nL2ltZ19ndWlkZS9zcGFjZXIuZ2lmIiB3aWR0aD0iMTAwJSIgaGVpZ2h0PSIxMCI+PC90ZD48dGQgd2lkdGg9IjIlIj48aW1nIHNyYz0iaHR0cDovL3d3dy5yYWt1dGVuLm5lLmpwL2dvbGQvZWJlc3QvaW1nL2ltZ19ndWlkZS9zcGFjZXIuZ2lmIiB3aWR0aD0iMTAwJSIgaGVpZ2h0PSIxMCI+PC90ZD48dGQgd2lkdGg9IjE1JSI+PGltZyBzcmM9Imh0dHA6Ly93d3cucmFrdXRlbi5uZS5qcC9nb2xkL2ViZXN0L2ltZy9pbWdfZ3VpZGUvc3BhY2VyLmdpZiIgd2lkdGg9IjEwMCUiIGhlaWdodD0iMTAiPjwvdGQ+PC90cj48dHI+PHRkIGNvbHNwYW49IjExIiB3aWR0aD0iMTAwJSI+PGltZyBzcmM9Imh0dHA6Ly93d3cucmFrdXRlbi5uZS5qcC9nb2xkL2ViZXN0L2ltZy9pbWdfZ3VpZGUvc3BhY2VyLmdpZiIgd2lkdGg9IjEwMCUiIGhlaWdodD0iMjAiPjwvdGQ+PC90cj48L3RhYmxlPjx0YWJsZSBib3JkZXI9IjAiIGNlbGxzcGFjaW5nPSIwIiBjZWxscGFkZGluZz0iMCIgd2lkdGg9IjEwMCUiPjx0cj48dGQgY29sc3Bhbj0iNyIgd2lkdGg9IjEwMCUiPjxpbWcgc3JjPSJodHRwOi8vd3d3LnJha3V0ZW4ubmUuanAvZ29sZC9lYmVzdC9pbWcvaW1nX2d1aWRlL3RsdF9zZXJ2aWNlLmpwZyIgd2lkdGg9IjEwMCUiPjwvdGQ+PC90cj48dHI+PHRkIGNvbHNwYW49IjciIHdpZHRoPSIxMDAlIj48aW1nIHNyYz0iaHR0cDovL3d3dy5yYWt1dGVuLm5lLmpwL2dvbGQvZWJlc3QvaW1nL2ltZ19ndWlkZS9zcGFjZXIuZ2lmIiB3aWR0aD0iMTAwJSIgaGVpZ2h0PSIyMCI+PC90ZD48L3RyPjx0cj48dGQgd2lkdGg9IjIzJSI+PGltZyBzcmM9Imh0dHA6Ly93d3cucmFrdXRlbi5uZS5qcC9nb2xkL2ViZXN0L2ltZy9pbWdfZ3VpZGUvYnRuX3NlcnZpY2UwMS5qcGciIHdpZHRoPSIxMDAlIj48L3RkPjx0ZCB3aWR0aD0iMiUiPjxpbWcgc3JjPSJodHRwOi8vd3d3LnJha3V0ZW4ubmUuanAvZ29sZC9lYmVzdC9pbWcvaW1nX2d1aWRlL3NwYWNlci5naWYiIHdpZHRoPSIxMDAlIiBoZWlnaHQ9IjEwIj48L3RkPjx0ZCB3aWR0aD0iMjMlIj48aW1nIHNyYz0iaHR0cDovL3d3dy5yYWt1dGVuLm5lLmpwL2dvbGQvZWJlc3QvaW1nL2ltZ19ndWlkZS9zcGFjZXIuZ2lmIiB3aWR0aD0iMTAwJSIgaGVpZ2h0PSIxMCI+PC90ZD48dGQgd2lkdGg9IjIlIj48aW1nIHNyYz0iaHR0cDovL3d3dy5yYWt1dGVuLm5lLmpwL2dvbGQvZWJlc3QvaW1nL2ltZ19ndWlkZS9zcGFjZXIuZ2lmIiB3aWR0aD0iMTAwJSIgaGVpZ2h0PSIxMCI+PC90ZD48dGQgd2lkdGg9IjIzJSI+PGltZyBzcmM9Imh0dHA6Ly93d3cucmFrdXRlbi5uZS5qcC9nb2xkL2ViZXN0L2ltZy9pbWdfZ3VpZGUvc3BhY2VyLmdpZiIgd2lkdGg9IjEwMCUiIGhlaWdodD0iMTAiPjwvdGQ+PHRkIHdpZHRoPSIyJSI+PGltZyBzcmM9Imh0dHA6Ly93d3cucmFrdXRlbi5uZS5qcC9nb2xkL2ViZXN0L2ltZy9pbWdfZ3VpZGUvc3BhY2VyLmdpZiIgd2lkdGg9IjEwMCUiIGhlaWdodD0iMTAiPjwvdGQ+PHRkIHdpZHRoPSIyMyUiPjxpbWcgc3JjPSJodHRwOi8vd3d3LnJha3V0ZW4ubmUuanAvZ29sZC9lYmVzdC9pbWcvaW1nX2d1aWRlL3NwYWNlci5naWYiIHdpZHRoPSIxMDAlIiBoZWlnaHQ9IjEwIj48L3RkPjwvdHI+PHRyPjx0ZCBjb2xzcGFuPSI3IiB3aWR0aD0iMTAwJSI+PGltZyBzcmM9Imh0dHA6Ly93d3cucmFrdXRlbi5uZS5qcC9nb2xkL2ViZXN0L2ltZy9pbWdfZ3VpZGUvc3BhY2VyLmdpZiIgd2lkdGg9IjEwMCUiIGhlaWdodD0iMjAiPjwvdGQ+PC90cj48L3RhYmxlPjxicj48YnI+4pag5aSW5rCX5ripLTE14oSD44Gn44KC5qiZ5rqW5a6a5qC85pqW5oi/6IO95Yqb44KS55m65o+uPGJyPuKWoOWHjee1kOmYsuatouODkuODvOOCv+ODvOaomea6luaQrei8ieOAgeWkluawl+a4qS0yNeKEg+OBp+OCgumBi+i7ouWPrzxicj7ilqDpgLHplpPjgrnjgrHjgrjjg6Xjg7zjg6vjgr/jgqTjg57jg7w8YnI+PGJyPjxiPumbu+a6kDwvYj7vvJrljZjnm7gyMDBWIDIwQTxicj48Yj7pgannlKjnlbPmlbA8L2I+77ya44GK44KC44GrIDE455WzPGJyPjxiPuOAgOaaluaIvzwvYj7vvJoxNe+9njE455WzKDI0772eMzBtMik8YnI+PGI+44CA5Ya35oi/PC9iPu+8mjE1772eMjPnlbMoMjXvvZ4zOW0yKTxicj48Yj7og73lips8L2I+PGJyPjxiPuOAgOaaluaIvzwvYj7vvJo2LjdrVygwLjnvvZ4xMC4xa1cpPGJyPjxiPuOAgOWGt+aIvzwvYj7vvJo1LjZrVygwLjnvvZ41LjhrVyk8YnI+PGI+5raI6LK76Zu75YqbPC9iPjxicj48Yj7jgIDmmpbmiL88L2I+77yaMTkyMFcoNDEw772eMzcwMFcpPGJyPjxiPuOAgOWGt+aIvzwvYj7vvJoxODgwVygyOTDvvZ4xOTMwVyk8YnI+PGI+5pyf6ZaT5raI6LK76Zu75Yqb6YePPC9iPu+8mjIzMDNrV2g8YnI+PGI+55yB44Ko44ON5Z+65rqW6YGU5oiQ546HPC9iPu+8mjEwNiUoMjAxMuW5tOW6puWfuua6lik8YnI+PGI+6YCa5bm044Ko44ON44Or44Ku44O85raI6LK75Yq5546HKEFQRik8L2I+77yaNC42PGJyPjxiPumZpOiPjOapn+iDvTwvYj7vvJrnhKE8YnI+PGI+5o+b5rCX5qmf6IO9PC9iPu+8mueEoTxicj48Yj7nqbrmsJfmuIXmtYTmqZ/og708L2I+77ya54ShPGJyPjxiPuODleOCo+ODq+OCv+ODvOiHquWLleaOg+mZpOapn+iDvTwvYj7vvJrnhKE8YnI+PGI+6Zmk5rm/PC9iPu+8muKXizxicj48Yj7kurrmhJ/jgrvjg7PjgrXjg7w8L2I+77ya54ShPGJyPjxiPuawl+a1geWItuW+oTwvYj7vvJrnhKE8YnI+PGI+5a+45rOV772l6LOq6YePPC9iPjxicj48Yj7jgIDlrqTlhoXmqZ88L2I+77ya5bmFNzUweOWlpeihjDIxNXjpq5jjgZU2MDBtbe+9pTE1a2c8YnI+PGI+44CA5a6k5aSW5qmfPC9iPu+8muW5hTgwOXjlpaXooYwzMDB46auY44GVNjMwbW3vvaU0NGtnPGJyPjxiPuacgOWkp+mFjeeuoemVtzwvYj7vvJozMG08YnI+PGI+5pyA5aSn6auY5L2O5beuPC9iPu+8mjIwbTxicj48YnI+,5LiJ6I+xIE1GWi1ISzU2NVMtQijjg4Djg7zjgq/jg5bjg6njgqbjg7MpIOOCuuODkOaalumcp+ODtuWzsCBIS+OCt+ODquODvOOCuiAxOOeVsyDpm7vmupAyMDBW77ya44Kk44O844OZ44K544OIUEPjg7vlrrbpm7vppKg=,44OR44K944Kz44Oz5a626Zu744Kq44O844OH44Kj44Kq576O5a655YGl5bq344Oi44OQ44Kk44Or77yw77yk77yh44OA44Kk44Ko44OD44OI44OG44Os44OT44Of44OL44Kz44Oz44OT44OH44Kq44K944OL44O844K544Kr44OR44O8VC1mYWzjg4bjgqPjg5XjgqHjg7zjg6vml6XnlKjlk4Hjgrnjg53jg7zjg4TjgYrjgoLjgaHjgoPjgrLjg7zjg6DjgYrosrfjgYTlvpfkuInoj7EgTUZaLUhLNTY1Uy1CKOODgOODvOOCr+ODluODqeOCpuODsykg44K644OQ5pqW6Zyn44O25bOwIEhL44K344Oq44O844K6IDE455WzIOmbu+a6kDIwMFY=,44CQ6YCB5paZ54Sh5paZ44CR44CQ6YCa5bi4NeaXpeeoi+W6puOBq+OBpuWHuuiNt+OAkeOAguS4ieiPsSBNRlotSEs1NjVTLUIo44OA44O844Kv44OW44Op44Km44OzKSDjgrrjg5DmmpbpnKfjg7bls7AgSEvjgrfjg6rjg7zjgrogMTjnlbMg6Zu75rqQMjAwVg==[rn]
37-97138,aHR0cDovL3RzaG9wLnIxMHMuanAvZWJlc3QvY2FiaW5ldC8yMDQvMDAwMDAwMDAwOTM5Ny5qcGc/Zml0aW49NzAwOjcwMA==,MTcwNDQxLjYwMDA=,,5a626Zu7ID4g5a2j56+A44O756m66Kq/5a626Zu7ID4g44Ko44Ki44Kz44OzID4g44Ko44Ki44Kz44Oz,5a+M5aOr6YCa44K844ON44Op44OrIEFTLUdONTZHMi1XKOODm+ODr+OCpOODiCkgbm9jcmlhKOODjuOCr+ODquOCoikgR07jgrfjg6rjg7zjgrogMTjnlbMg6Zu75rqQMjAwVg==,44CQ6YCB5paZ54Sh5paZ44CR44CQ6YCa5bi4OOaXpeeoi+W6puOBq+OBpuWHuuiNt+OAkQ==,5ZC544GN5Ye644GX5rip5bqmNTXihIPjgajotrPlhYPmuKnluqY0MOKEg+OCkuWQjOaZguOBq+Wun+ePvjxpbWcgc3JjPSdodHRwOi8vaW1hZ2UucmFrdXRlbi5jby5qcC9lYmVzdC9jYWJpbmV0L2ViZXN0a2FkZW5femFpa28uZ2lmJyBib3JkZXI9JzAnIGFsdD0n5Zyo5bqr54q25rOB44KS56K66KqN44GZ44KLJz48YnI+PGZvbnQgY29sb3I9IiNmZjAwMDAiPjxiPuKGkeKGkeKGkeato+eiuuOBquWcqOW6q+eKtuazgeOBr+S4iuiomOODkOODiuODvOOAjOWcqOW6q+eKtuazgeOCkueiuuiqjeOBmeOCi+OAjeOCkuOCr+ODquODg+OCr+OBl+OBpumgguOBjeOAgeW/heOBmuOBlOeiuuiqjeOBj+OBoOOBleOBhOOAgjwvYj48L2ZvbnQ+PGJyPjxicj48dGFibGUgYm9yZGVyPSIwIiBjZWxsc3BhY2luZz0iMCIgY2VsbHBhZGRpbmc9IjAiIHdpZHRoPSIxMDAlIj48dHI+PHRkIHdpZHRoPSIxMDAlIj48aW1nIHNyYz0iaHR0cDovL3d3dy5yYWt1dGVuLm5lLmpwL2dvbGQvZWJlc3QvaW1nL2ltZ19ndWlkZS90bHRfb3B0aW9uLmpwZyIgYm9yZGVyPSIwIiB3aWR0aD0iMTAwJSI+PC90ZD48L3RyPjx0cj48dGQgd2lkdGg9IjEwMCUiPjxpbWcgc3JjPSJodHRwOi8vd3d3LnJha3V0ZW4ubmUuanAvZ29sZC9lYmVzdC9pbWcvaW1nX2d1aWRlL3NwYWNlci5naWYiIHdpZHRoPSIxMDAlIiBoZWlnaHQ9IjEwIj48L3RkPjwvdHI+PHRyPjx0ZD48Zm9udCBjb2xvcj0icmVkIj7plbfmnJ/kv53oqLzjgpLjgZTluIzmnJvjga7jgYrlrqLmp5jjga/kuIvoqJjjga7ooajjgojjgorjgIzllYblk4HvvIvplbfmnJ/kv53oqLzjgI3jga7jg5rjg7zjgrjjgbjnp7vli5XjgZfjgabjgZTms6jmlofjgY/jgaDjgZXjgYTjgII8YnI+4oC76ZW35pyf5L+d6Ki844Gv5rOV5Lq65Yqg5YWl44KE5qWt5YuZ5L2/55So44CB6K2y5rih44KE5YaN6LKp44Gv44GU5Yip55So44GE44Gf44Gg44GR44G+44Gb44KT44CCPGJyPumVt+acn+S/neiovOOBq+OBpOOBhOOBpu+8sO+8o+ODu+OCv+ODluODrOODg+ODiOODu+ODl+ODquODs+OCv+ODvOODu+W3peWFt+OBr+ODoeODvOOCq+ODvOS/neiovOOCkuWQq+OCgeOBpu+8k+W5tOOAgeWutumbu+OBr++8leW5tOmWk+OBruS/neiovOOBqOOBquOCiuOBvuOBmeOAgjwvZm9udD48L3RkPjwvdHI+PHRyPjx0ZCB3aWR0aD0iMTAwJSI+PGltZyBzcmM9Imh0dHA6Ly93d3cucmFrdXRlbi5uZS5qcC9nb2xkL2ViZXN0L2ltZy9pbWdfZ3VpZGUvc3BhY2VyLmdpZiIgd2lkdGg9IjEwMCUiIGhlaWdodD0iMjAiPjwvdGQ+PC90cj48L3RhYmxlPjx0YWJsZSBib3JkZXI9IjAiIGNlbGxzcGFjaW5nPSIwIiBjZWxscGFkZGluZz0iMCIgd2lkdGg9IjEwMCUiPjx0cj48dGQgd2lkdGg9IjE1JSI+PGltZyBzcmM9Imh0dHA6Ly93d3cucmFrdXRlbi5uZS5qcC9nb2xkL2ViZXN0L2ltZy9pbWdfZ3VpZGUvYnRuX29wdGlvbjAxLmpwZyIgYm9yZGVyPSIwIiB3aWR0aD0iMTAwJSI+PC90ZD48dGQgd2lkdGg9IjIlIj48aW1nIHNyYz0iaHR0cDovL3d3dy5yYWt1dGVuLm5lLmpwL2dvbGQvZWJlc3QvaW1nL2ltZ19ndWlkZS9zcGFjZXIuZ2lmIiB3aWR0aD0iMTAwJSIgaGVpZ2h0PSIxMCI+PC90ZD48dGQgd2lkdGg9IjE1JSI+PGltZyBzcmM9Imh0dHA6Ly93d3cucmFrdXRlbi5uZS5qcC9nb2xkL2ViZXN0L2ltZy9pbWdfZ3VpZGUvYnRuX29wdGlvbjAyLmpwZyIgYm9yZGVyPSIwIiB3aWR0aD0iMTAwJSI+PC90ZD48dGQgd2lkdGg9IjIlIj48aW1nIHNyYz0iaHR0cDovL3d3dy5yYWt1dGVuLm5lLmpwL2dvbGQvZWJlc3QvaW1nL2ltZ19ndWlkZS9zcGFjZXIuZ2lmIiB3aWR0aD0iMTAwJSIgaGVpZ2h0PSIxMCI+PC90ZD48dGQgd2lkdGg9IjE1JSI+PGltZyBzcmM9Imh0dHA6Ly93d3cucmFrdXRlbi5uZS5qcC9nb2xkL2ViZXN0L2ltZy9pbWdfZ3VpZGUvc3BhY2VyLmdpZiIgd2lkdGg9IjEwMCUiIGhlaWdodD0iMTAiPjwvdGQ+PHRkIHdpZHRoPSIyJSI+PGltZyBzcmM9Imh0dHA6Ly93d3cucmFrdXRlbi5uZS5qcC9nb2xkL2ViZXN0L2ltZy9pbWdfZ3VpZGUvc3BhY2VyLmdpZiIgd2lkdGg9IjEwMCUiIGhlaWdodD0iMTAiPjwvdGQ+PHRkIHdpZHRoPSIxNSUiPjxpbWcgc3JjPSJodHRwOi8vd3d3LnJha3V0ZW4ubmUuanAvZ29sZC9lYmVzdC9pbWcvaW1nX2d1aWRlL3NwYWNlci5naWYiIHdpZHRoPSIxMDAlIiBoZWlnaHQ9IjEwIj48L3RkPjx0ZCB3aWR0aD0iMiUiPjxpbWcgc3JjPSJodHRwOi8vd3d3LnJha3V0ZW4ubmUuanAvZ29sZC9lYmVzdC9pbWcvaW1nX2d1aWRlL3NwYWNlci5naWYiIHdpZHRoPSIxMDAlIiBoZWlnaHQ9IjEwIj48L3RkPjx0ZCB3aWR0aD0iMTUlIj48aW1nIHNyYz0iaHR0cDovL3d3dy5yYWt1dGVuLm5lLmpwL2dvbGQvZWJlc3QvaW1nL2ltZ19ndWlkZS9zcGFjZXIuZ2lmIiB3aWR0aD0iMTAwJSIgaGVpZ2h0PSIxMCI+PC90ZD48dGQgd2lkdGg9IjIlIj48aW1nIHNyYz0iaHR0cDovL3d3dy5yYWt1dGVuLm5lLmpwL2dvbGQvZWJlc3QvaW1nL2ltZ19ndWlkZS9zcGFjZXIuZ2lmIiB3aWR0aD0iMTAwJSIgaGVpZ2h0PSIxMCI+PC90ZD48dGQgd2lkdGg9IjE1JSI+PGltZyBzcmM9Imh0dHA6Ly93d3cucmFrdXRlbi5uZS5qcC9nb2xkL2ViZXN0L2ltZy9pbWdfZ3VpZGUvc3BhY2VyLmdpZiIgd2lkdGg9IjEwMCUiIGhlaWdodD0iMTAiPjwvdGQ+PC90cj48dHI+PHRkIGNvbHNwYW49IjExIiB3aWR0aD0iMTAwJSI+PGltZyBzcmM9Imh0dHA6Ly93d3cucmFrdXRlbi5uZS5qcC9nb2xkL2ViZXN0L2ltZy9pbWdfZ3VpZGUvc3BhY2VyLmdpZiIgd2lkdGg9IjEwMCUiIGhlaWdodD0iMjAiPjwvdGQ+PC90cj48L3RhYmxlPjx0YWJsZSBib3JkZXI9IjAiIGNlbGxzcGFjaW5nPSIwIiBjZWxscGFkZGluZz0iMCIgd2lkdGg9IjEwMCUiPjx0cj48dGQgY29sc3Bhbj0iNyIgd2lkdGg9IjEwMCUiPjxpbWcgc3JjPSJodHRwOi8vd3d3LnJha3V0ZW4ubmUuanAvZ29sZC9lYmVzdC9pbWcvaW1nX2d1aWRlL3RsdF9zZXJ2aWNlLmpwZyIgd2lkdGg9IjEwMCUiPjwvdGQ+PC90cj48dHI+PHRkIGNvbHNwYW49IjciIHdpZHRoPSIxMDAlIj48aW1nIHNyYz0iaHR0cDovL3d3dy5yYWt1dGVuLm5lLmpwL2dvbGQvZWJlc3QvaW1nL2ltZ19ndWlkZS9zcGFjZXIuZ2lmIiB3aWR0aD0iMTAwJSIgaGVpZ2h0PSIyMCI+PC90ZD48L3RyPjx0cj48dGQgd2lkdGg9IjIzJSI+PGltZyBzcmM9Imh0dHA6Ly93d3cucmFrdXRlbi5uZS5qcC9nb2xkL2ViZXN0L2ltZy9pbWdfZ3VpZGUvYnRuX3NlcnZpY2UwMS5qcGciIHdpZHRoPSIxMDAlIj48L3RkPjx0ZCB3aWR0aD0iMiUiPjxpbWcgc3JjPSJodHRwOi8vd3d3LnJha3V0ZW4ubmUuanAvZ29sZC9lYmVzdC9pbWcvaW1nX2d1aWRlL3NwYWNlci5naWYiIHdpZHRoPSIxMDAlIiBoZWlnaHQ9IjEwIj48L3RkPjx0ZCB3aWR0aD0iMjMlIj48aW1nIHNyYz0iaHR0cDovL3d3dy5yYWt1dGVuLm5lLmpwL2dvbGQvZWJlc3QvaW1nL2ltZ19ndWlkZS9zcGFjZXIuZ2lmIiB3aWR0aD0iMTAwJSIgaGVpZ2h0PSIxMCI+PC90ZD48dGQgd2lkdGg9IjIlIj48aW1nIHNyYz0iaHR0cDovL3d3dy5yYWt1dGVuLm5lLmpwL2dvbGQvZWJlc3QvaW1nL2ltZ19ndWlkZS9zcGFjZXIuZ2lmIiB3aWR0aD0iMTAwJSIgaGVpZ2h0PSIxMCI+PC90ZD48dGQgd2lkdGg9IjIzJSI+PGltZyBzcmM9Imh0dHA6Ly93d3cucmFrdXRlbi5uZS5qcC9nb2xkL2ViZXN0L2ltZy9pbWdfZ3VpZGUvc3BhY2VyLmdpZiIgd2lkdGg9IjEwMCUiIGhlaWdodD0iMTAiPjwvdGQ+PHRkIHdpZHRoPSIyJSI+PGltZyBzcmM9Imh0dHA6Ly93d3cucmFrdXRlbi5uZS5qcC9nb2xkL2ViZXN0L2ltZy9pbWdfZ3VpZGUvc3BhY2VyLmdpZiIgd2lkdGg9IjEwMCUiIGhlaWdodD0iMTAiPjwvdGQ+PHRkIHdpZHRoPSIyMyUiPjxpbWcgc3JjPSJodHRwOi8vd3d3LnJha3V0ZW4ubmUuanAvZ29sZC9lYmVzdC9pbWcvaW1nX2d1aWRlL3NwYWNlci5naWYiIHdpZHRoPSIxMDAlIiBoZWlnaHQ9IjEwIj48L3RkPjwvdHI+PHRyPjx0ZCBjb2xzcGFuPSI3IiB3aWR0aD0iMTAwJSI+PGltZyBzcmM9Imh0dHA6Ly93d3cucmFrdXRlbi5uZS5qcC9nb2xkL2ViZXN0L2ltZy9pbWdfZ3VpZGUvc3BhY2VyLmdpZiIgd2lkdGg9IjEwMCUiIGhlaWdodD0iMjAiPjwvdGQ+PC90cj48L3RhYmxlPjxicj48YnI+4pag5pyA6auYNTXihIPjga7pq5jmuKnpoqjjg6Ljg7zjg4njgpLmkK3ovInjgILotrPlhYPjgpLjgoLjgaPjgajmmpbjgoHjgZ/jgYTjgajjgY3jgavjgIHjg6rjg6LjgrPjg7Pmk43kvZzjgaflvLflipvpgYvou6LjgII8YnI+4pag44GK5Ye644GL44GR5pmC44KE5bCx5a+d5pmC44Gr6Kit5a6a44GZ44KM44Gw44CB44GK6YOo5bGL44GM5Ya344GI6YGO44GO44Gq44GE44KI44GG5a6k5rip44Kt44O844OX44CCMTDihIPmmpbmiL/jgafjgIHkuI3lnKjmmYLjgafjgoLjgYrpg6jlsYvjgYzlr5LjgY/jgarjgorjgZnjgY7jgb7jgZvjgpPjgII8YnI+4pag6J6N6Zuq5YmkKOWhqeWMluOCq+ODq+OCt+OCpuODoCnjgavjgojjgovlgrfjgb/jgpLpmLLmraLjgILlr5LlhrflnLDjgafjga7kvb/nlKjjgavlkIjjgaPjgZ/jgIHjgYLjgpPjgZfjgpPplbfmjIHjgaHoqK3oqIjjgafjgZnjgII8YnI+PGI+6Zu75rqQPC9iPu+8muWNmOebuDIwMFbjgIAyMEE8YnI+PGI+44Kz44Oz44K744Oz44OI5b2i54q2PC9iPu+8muOCqOODq+ODkOODvDxicj48Yj7pgannlKjnlbPmlbA8L2I+PGJyPuOAgOaaluaIv++8mjE1772eMTjnlbMoMjTvvZ4zMG0yKTxicj7jgIDlhrfmiL/vvJoxNe+9njIz55WzKDI1772eMzltMik8YnI+PGI+6IO95YqbPC9iPjxicj7jgIDmmpbmiL/vvJo2LjdrVygwLjfvvZ4xMS42a1cpPGJyPuOAgOWGt+aIv++8mjUuNmtXKDAuN++9njUuOWtXKTxicj48Yj7mtojosrvpm7vlips8L2I+PGJyPuOAgOaaluaIv++8mjE3MzBXKDEzMO+9njQwMDBXKTxicj7jgIDlhrfmiL/vvJoxODUwVygxMzDvvZ4yMTAwVyk8YnI+PGI+5pyf6ZaT5raI6LK76Zu75Yqb6YePPC9iPu+8mjE4OTFrV2goSklTIEM5NjEy77yaMjAxMyk8YnI+PGI+55yB44Ko44ON5Z+65rqW6YGU5oiQ546HPC9iPu+8mjExMiXvvJrnm67mqJnlubTluqbjgIAyMDEw5bm0PGJyPjxiPumAmuW5tOOCqOODjeODq+OCruODvOa2iOiyu+WKueeOhyhBUEYpPC9iPu+8mjUuNihKSVMgQzk2MTLvvJoyMDEzKTxicj48Yj7mqZ/og708L2I+PGJyPuOAgOODleOCo+ODq+OCv+ODvOiHquWLleaOg+mZpO+8mi08YnI+44CA6Zmk6I+M77yaLTxicj7jgIDnqbrmsJfmuIXmtYTvvJotPGJyPuOAgOaPm+awl++8mi08YnI+44CA6Zmk5rm/77yaLTxicj7jgIDliqDmub/vvaXkv53mub/vvJotPGJyPuOAgOS6uuaEn+OCu+ODs+OCteODvO+8muKXizxicj48Yj7pgYvou6Lpn7M8L2I+PGJyPuOAgOaaluaIvzxicj7jgIDjgIDlrqTlhoXmqZ/vvJo2MmRiKEpJUyBDOTYxMu+8mjIwMTMpPGJyPuOAgOOAgOWupOWkluapn++8mjY0ZGIoSklTIEM5NjEy77yaMjAxMyk8YnI+44CA5Ya35oi/PGJyPuOAgOOAgOWupOWGheapn++8mjUwZGIoSklTIEM5NjEy77yaMjAxMyk8YnI+44CA44CA5a6k5aSW5qmf77yaNTBkYihKSVMgQzk2MTLvvJoyMDEzKTxicj48Yj7mnIDlpKfphY3nrqHplbc8L2I+77yaMjBtPGJyPjxiPuacgOWkp+mrmOS9juW3rjwvYj7vvJoxNW08YnI+PGI+5a+45rOV772l6YeN6YePPC9iPjxicj7jgIDlrqTlhoXmqZ/lr7jms5XvvJrluYUgNjg2eOmrmOOBlSAyOTN45aWl6KGMIDM3OG1tPGJyPuOAgOWupOWGheapn+izqumHj++8mue0hDE1LjVrZzxicj7jgIDlrqTlpJbmqZ/lr7jms5XvvJrluYUgODUyeOmrmOOBlSA2MjB45aWl6KGMIDM1M21tPGJyPuOAgOWupOWkluapn+izqumHj++8mue0hDM3a2c8YnI+PGI+5LuY5bGe5ZOBPC9iPu+8mjxicj7jgIDvvpjvvpPvvbrvvp0oMeWAiyk8YnI+44CA776Y776T7726776d776O776Z776A776e772wKDHlgIspPGJyPuOAgOWNmOS4ieOCouODq+OCq+ODqumbu+axoCgy5pysKTxicj4=,5a+M5aOr6YCa44K844ON44Op44OrIEFTLUdONTZHMi1XKOODm+ODr+OCpOODiCkgbm9jcmlhKOODjuOCr+ODquOCoikgR07jgrfjg6rjg7zjgrogMTjnlbMg6Zu75rqQMjAwVu+8muOCpOODvOODmeOCueODiFBD44O75a626Zu76aSo,44OR44K944Kz44Oz5a626Zu744Kq44O844OH44Kj44Kq576O5a655YGl5bq344Oi44OQ44Kk44Or77yw77yk77yh44OA44Kk44Ko44OD44OI44OG44Os44OT44Of44OL44Kz44Oz44OT44OH44Kq44K944OL44O844K544Kr44OR44O8VC1mYWzjg4bjgqPjg5XjgqHjg7zjg6vml6XnlKjlk4Hjgrnjg53jg7zjg4TjgYrjgoLjgaHjgoPjgrLjg7zjg6DjgYrosrfjgYTlvpflr4zlo6vpgJrjgrzjg43jg6njg6sgQVMtR041NkcyLVco44Ob44Ov44Kk44OIKSBub2NyaWEo44OO44Kv44Oq44KiKSBHTuOCt+ODquODvOOCuiAxOOeVsyDpm7vmupAyMDBW,44CQ6YCB5paZ54Sh5paZ44CR44CQ6YCa5bi4OOaXpeeoi+W6puOBq+OBpuWHuuiNt+OAkeOAguWvjOWjq+mAmuOCvOODjeODqeODqyBBUy1HTjU2RzItVyjjg5vjg6/jgqTjg4gpIG5vY3JpYSjjg47jgq/jg6rjgqIpIEdO44K344Oq44O844K6IDE455WzIOmbu+a6kDIwMFY=[rn]
37-97139,aHR0cDovL3RzaG9wLnIxMHMuanAvZWJlc3QvY2FiaW5ldC8yMjQvMDAwMDAwMDAxMDI2MC5qcGc/Zml0aW49NzAwOjcwMA==,MTI5NDI3LjIwMDA=,,5a626Zu7ID4g5a2j56+A44O756m66Kq/5a626Zu7ID4g44Ko44Ki44Kz44OzID4g44Ko44Ki44Kz44Oz,5p2x6IqdIFJBUy1DNTY2RCjjgrDjg6njg7Pjg5vjg6/jgqTjg4gpIOWkp+a4heW/qyBDLUTjgrfjg6rjg7zjgrogMTjnlbMg6Zu75rqQMjAwVg==,44CQ6YCB5paZ54Sh5paZ44CR44CQ6YCa5bi4OOaXpeeoi+W6puOBq+OBpuWHuuiNt+OAkQ==,44K344Oz44OX44Or44K544K/44Oz44OA44O844OJ44Ko44Ki44Kz44OzPGltZyBzcmM9J2h0dHBzOi8vaW1hZ2UucmFrdXRlbi5jby5qcC9lYmVzdC9jYWJpbmV0L2ViZXN0a2FkZW5femFpa28uZ2lmJyBib3JkZXI9JzAnIGFsdD0n5Zyo5bqr54q25rOB44KS56K66KqN44GZ44KLJz48YnI+PGZvbnQgY29sb3I9IiNmZjAwMDAiPjxiPuKGkeKGkeKGkeato+eiuuOBquWcqOW6q+eKtuazgeOBr+S4iuiomOODkOODiuODvOOAjOWcqOW6q+eKtuazgeOCkueiuuiqjeOBmeOCi+OAjeOCkuOCr+ODquODg+OCr+OBl+OBpumgguOBjeOAgeW/heOBmuOBlOeiuuiqjeOBj+OBoOOBleOBhOOAgjwvYj48L2ZvbnQ+PGJyPjxicj48dGFibGUgYm9yZGVyPSIwIiBjZWxsc3BhY2luZz0iMCIgY2VsbHBhZGRpbmc9IjAiIHdpZHRoPSIxMDAlIj48dHI+PHRkIHdpZHRoPSIxMDAlIj48aW1nIHNyYz0iaHR0cHM6Ly93d3cucmFrdXRlbi5uZS5qcC9nb2xkL2ViZXN0L2ltZy9pbWdfZ3VpZGUvdGx0X29wdGlvbi5qcGciIGJvcmRlcj0iMCIgd2lkdGg9IjEwMCUiPjwvdGQ+PC90cj48dHI+PHRkIHdpZHRoPSIxMDAlIj48aW1nIHNyYz0iaHR0cHM6Ly93d3cucmFrdXRlbi5uZS5qcC9nb2xkL2ViZXN0L2ltZy9pbWdfZ3VpZGUvc3BhY2VyLmdpZiIgd2lkdGg9IjEwMCUiIGhlaWdodD0iMTAiPjwvdGQ+PC90cj48dHI+PHRkPjxmb250IGNvbG9yPSJyZWQiPumVt+acn+S/neiovOOCkuOBlOW4jOacm+OBruOBiuWuouanmOOBr+S4i+iomOOBruihqOOCiOOCiuOAjOWVhuWTge+8i+mVt+acn+S/neiovOOAjeOBruODmuODvOOCuOOBuOenu+WLleOBl+OBpuOBlOazqOaWh+OBj+OBoOOBleOBhOOAgjxicj7igLvplbfmnJ/kv53oqLzjga/ms5XkurrliqDlhaXjgoTmpa3li5nkvb/nlKjjgIHorbLmuKHjgoTlho3osqnjga/jgZTliKnnlKjjgYTjgZ/jgaDjgZHjgb7jgZvjgpPjgII8YnI+6ZW35pyf5L+d6Ki844Gr44Gk44GE44Gm77yw77yj44O744K/44OW44Os44OD44OI44O744OX44Oq44Oz44K/44O844O75bel5YW344Gv44Oh44O844Kr44O85L+d6Ki844KS5ZCr44KB44Gm77yT5bm044CB5a626Zu744Gv77yV5bm06ZaT44Gu5L+d6Ki844Go44Gq44KK44G+44GZ44CCPC9mb250PjwvdGQ+PC90cj48dHI+PHRkIHdpZHRoPSIxMDAlIj48aW1nIHNyYz0iaHR0cHM6Ly93d3cucmFrdXRlbi5uZS5qcC9nb2xkL2ViZXN0L2ltZy9pbWdfZ3VpZGUvc3BhY2VyLmdpZiIgd2lkdGg9IjEwMCUiIGhlaWdodD0iMjAiPjwvdGQ+PC90cj48L3RhYmxlPjx0YWJsZSBib3JkZXI9IjAiIGNlbGxzcGFjaW5nPSIwIiBjZWxscGFkZGluZz0iMCIgd2lkdGg9IjEwMCUiPjx0cj48dGQgd2lkdGg9IjE1JSI+PGltZyBzcmM9Imh0dHBzOi8vd3d3LnJha3V0ZW4ubmUuanAvZ29sZC9lYmVzdC9pbWcvaW1nX2d1aWRlL2J0bl9vcHRpb24wMS5qcGciIGJvcmRlcj0iMCIgd2lkdGg9IjEwMCUiPjwvdGQ+PHRkIHdpZHRoPSIyJSI+PGltZyBzcmM9Imh0dHBzOi8vd3d3LnJha3V0ZW4ubmUuanAvZ29sZC9lYmVzdC9pbWcvaW1nX2d1aWRlL3NwYWNlci5naWYiIHdpZHRoPSIxMDAlIiBoZWlnaHQ9IjEwIj48L3RkPjx0ZCB3aWR0aD0iMTUlIj48aW1nIHNyYz0iaHR0cHM6Ly93d3cucmFrdXRlbi5uZS5qcC9nb2xkL2ViZXN0L2ltZy9pbWdfZ3VpZGUvYnRuX29wdGlvbjAyLmpwZyIgYm9yZGVyPSIwIiB3aWR0aD0iMTAwJSI+PC90ZD48dGQgd2lkdGg9IjIlIj48aW1nIHNyYz0iaHR0cHM6Ly93d3cucmFrdXRlbi5uZS5qcC9nb2xkL2ViZXN0L2ltZy9pbWdfZ3VpZGUvc3BhY2VyLmdpZiIgd2lkdGg9IjEwMCUiIGhlaWdodD0iMTAiPjwvdGQ+PHRkIHdpZHRoPSIxNSUiPjxpbWcgc3JjPSJodHRwczovL3d3dy5yYWt1dGVuLm5lLmpwL2dvbGQvZWJlc3QvaW1nL2ltZ19ndWlkZS9zcGFjZXIuZ2lmIiB3aWR0aD0iMTAwJSIgaGVpZ2h0PSIxMCI+PC90ZD48dGQgd2lkdGg9IjIlIj48aW1nIHNyYz0iaHR0cHM6Ly93d3cucmFrdXRlbi5uZS5qcC9nb2xkL2ViZXN0L2ltZy9pbWdfZ3VpZGUvc3BhY2VyLmdpZiIgd2lkdGg9IjEwMCUiIGhlaWdodD0iMTAiPjwvdGQ+PHRkIHdpZHRoPSIxNSUiPjxpbWcgc3JjPSJodHRwczovL3d3dy5yYWt1dGVuLm5lLmpwL2dvbGQvZWJlc3QvaW1nL2ltZ19ndWlkZS9zcGFjZXIuZ2lmIiB3aWR0aD0iMTAwJSIgaGVpZ2h0PSIxMCI+PC90ZD48dGQgd2lkdGg9IjIlIj48aW1nIHNyYz0iaHR0cHM6Ly93d3cucmFrdXRlbi5uZS5qcC9nb2xkL2ViZXN0L2ltZy9pbWdfZ3VpZGUvc3BhY2VyLmdpZiIgd2lkdGg9IjEwMCUiIGhlaWdodD0iMTAiPjwvdGQ+PHRkIHdpZHRoPSIxNSUiPjxpbWcgc3JjPSJodHRwczovL3d3dy5yYWt1dGVuLm5lLmpwL2dvbGQvZWJlc3QvaW1nL2ltZ19ndWlkZS9zcGFjZXIuZ2lmIiB3aWR0aD0iMTAwJSIgaGVpZ2h0PSIxMCI+PC90ZD48dGQgd2lkdGg9IjIlIj48aW1nIHNyYz0iaHR0cHM6Ly93d3cucmFrdXRlbi5uZS5qcC9nb2xkL2ViZXN0L2ltZy9pbWdfZ3VpZGUvc3BhY2VyLmdpZiIgd2lkdGg9IjEwMCUiIGhlaWdodD0iMTAiPjwvdGQ+PHRkIHdpZHRoPSIxNSUiPjxpbWcgc3JjPSJodHRwczovL3d3dy5yYWt1dGVuLm5lLmpwL2dvbGQvZWJlc3QvaW1nL2ltZ19ndWlkZS9zcGFjZXIuZ2lmIiB3aWR0aD0iMTAwJSIgaGVpZ2h0PSIxMCI+PC90ZD48L3RyPjx0cj48dGQgY29sc3Bhbj0iMTEiIHdpZHRoPSIxMDAlIj48aW1nIHNyYz0iaHR0cHM6Ly93d3cucmFrdXRlbi5uZS5qcC9nb2xkL2ViZXN0L2ltZy9pbWdfZ3VpZGUvc3BhY2VyLmdpZiIgd2lkdGg9IjEwMCUiIGhlaWdodD0iMjAiPjwvdGQ+PC90cj48L3RhYmxlPjx0YWJsZSBib3JkZXI9IjAiIGNlbGxzcGFjaW5nPSIwIiBjZWxscGFkZGluZz0iMCIgd2lkdGg9IjEwMCUiPjx0cj48dGQgY29sc3Bhbj0iNyIgd2lkdGg9IjEwMCUiPjxpbWcgc3JjPSJodHRwczovL3d3dy5yYWt1dGVuLm5lLmpwL2dvbGQvZWJlc3QvaW1nL2ltZ19ndWlkZS90bHRfc2VydmljZS5qcGciIHdpZHRoPSIxMDAlIj48L3RkPjwvdHI+PHRyPjx0ZCBjb2xzcGFuPSI3IiB3aWR0aD0iMTAwJSI+PGltZyBzcmM9Imh0dHBzOi8vd3d3LnJha3V0ZW4ubmUuanAvZ29sZC9lYmVzdC9pbWcvaW1nX2d1aWRlL3NwYWNlci5naWYiIHdpZHRoPSIxMDAlIiBoZWlnaHQ9IjIwIj48L3RkPjwvdHI+PHRyPjx0ZCB3aWR0aD0iMjMlIj48aW1nIHNyYz0iaHR0cHM6Ly93d3cucmFrdXRlbi5uZS5qcC9nb2xkL2ViZXN0L2ltZy9pbWdfZ3VpZGUvYnRuX3NlcnZpY2UwMS5qcGciIHdpZHRoPSIxMDAlIj48L3RkPjx0ZCB3aWR0aD0iMiUiPjxpbWcgc3JjPSJodHRwczovL3d3dy5yYWt1dGVuLm5lLmpwL2dvbGQvZWJlc3QvaW1nL2ltZ19ndWlkZS9zcGFjZXIuZ2lmIiB3aWR0aD0iMTAwJSIgaGVpZ2h0PSIxMCI+PC90ZD48dGQgd2lkdGg9IjIzJSI+PGltZyBzcmM9Imh0dHBzOi8vd3d3LnJha3V0ZW4ubmUuanAvZ29sZC9lYmVzdC9pbWcvaW1nX2d1aWRlL3NwYWNlci5naWYiIHdpZHRoPSIxMDAlIiBoZWlnaHQ9IjEwIj48L3RkPjx0ZCB3aWR0aD0iMiUiPjxpbWcgc3JjPSJodHRwczovL3d3dy5yYWt1dGVuLm5lLmpwL2dvbGQvZWJlc3QvaW1nL2ltZ19ndWlkZS9zcGFjZXIuZ2lmIiB3aWR0aD0iMTAwJSIgaGVpZ2h0PSIxMCI+PC90ZD48dGQgd2lkdGg9IjIzJSI+PGltZyBzcmM9Imh0dHBzOi8vd3d3LnJha3V0ZW4ubmUuanAvZ29sZC9lYmVzdC9pbWcvaW1nX2d1aWRlL3NwYWNlci5naWYiIHdpZHRoPSIxMDAlIiBoZWlnaHQ9IjEwIj48L3RkPjx0ZCB3aWR0aD0iMiUiPjxpbWcgc3JjPSJodHRwczovL3d3dy5yYWt1dGVuLm5lLmpwL2dvbGQvZWJlc3QvaW1nL2ltZ19ndWlkZS9zcGFjZXIuZ2lmIiB3aWR0aD0iMTAwJSIgaGVpZ2h0PSIxMCI+PC90ZD48dGQgd2lkdGg9IjIzJSI+PGltZyBzcmM9Imh0dHBzOi8vd3d3LnJha3V0ZW4ubmUuanAvZ29sZC9lYmVzdC9pbWcvaW1nX2d1aWRlL3NwYWNlci5naWYiIHdpZHRoPSIxMDAlIiBoZWlnaHQ9IjEwIj48L3RkPjwvdHI+PHRyPjx0ZCBjb2xzcGFuPSI3IiB3aWR0aD0iMTAwJSI+PGltZyBzcmM9Imh0dHBzOi8vd3d3LnJha3V0ZW4ubmUuanAvZ29sZC9lYmVzdC9pbWcvaW1nX2d1aWRlL3NwYWNlci5naWYiIHdpZHRoPSIxMDAlIiBoZWlnaHQ9IjIwIj48L3RkPjwvdHI+PC90YWJsZT48YnI+4pag44GK5omL5YWl44KM44Gu44GX44Gr44GP44GE44Ko44Ki44Kz44Oz5YaF6YOo44KS44Kt44Os44Kk44Gr44CCPGJyPuKWoOawtOW5s+OBi+OCiei2s+WFg+OBvuOBp+miqOWQkeOCkuOCs+ODs+ODiOODreODvOODqzxicj7ilqDjg57jgrjjg4Pjgq/mtJfmtYTnhrHkuqTmj5vlmajjgafmsrnjgoTmsZrjgozjgpLmtJfjgYTmtYHjgZfjgq3jg6zjgqTjgpLkv53jgaQ8YnI+PGI+6Zu75rqQPC9iPu+8muWNmOebuDIwMFYgMTVBPGJyPjxiPuOCs+ODs+OCu+ODs+ODiOW9oueKtjwvYj7vvJrjgqjjg6vjg5Djg7w8YnI+PGI+6YGp55So55Wz5pWwPC9iPjxicj7jgIDmmpbmiL/vvJoxNe+9njE455WzKDI0772eMzBtMik8YnI+44CA5Ya35oi/77yaMTXvvZ4yM+eVsygyNe+9njM5bTIpPGJyPjxiPuiDveWKmzwvYj48YnI+44CA5pqW5oi/77yaNi43a1coMC44772eOC40a1cpPGJyPuOAgOWGt+aIv++8mjUuNmtXKDAuOO+9njUuOGtXKTxicj48Yj7mtojosrvpm7vlips8L2I+PGJyPuOAgOaaluaIv++8mjIwMzBXKDE1MO+9njI2MDBXKTxicj7jgIDlhrfmiL/vvJoyMjMwVygxNTDvvZ4yMzUwVyk8YnI+PGI+5pyf6ZaT5raI6LK76Zu75Yqb6YePPC9iPu+8mjIxMThrV2goSklTIEM5NjEy77yaMjAxMyk8YnI+PGI+55yB44Ko44ON5Z+65rqW6YGU5oiQ546HPC9iPu+8mjEwMCXvvJrnm67mqJnlubTluqbjgIAyMDEw5bm0PGJyPjxiPumAmuW5tOOCqOODjeODq+OCruODvOa2iOiyu+WKueeOhyhBUEYpPC9iPu+8mjUoSklTIEM5NjEy77yaMjAxMyk8YnI+PGI+5qmf6IO9PC9iPjxicj7jgIDjg5XjgqPjg6vjgr/jg7zoh6rli5XmjoPpmaTvvJotPGJyPuOAgOmZpOiPjO+8mi08YnI+44CA56m65rCX5riF5rWE77yaLTxicj7jgIDmj5vmsJfvvJotPGJyPuOAgOmZpOa5v++8muKXizxicj7jgIDliqDmub/vvaXkv53mub/vvJotPGJyPuOAgOS6uuaEn+OCu+ODs+OCteODvO+8mi08YnI+PGI+6YGL6Lui6Z+zPC9iPjxicj7jgIDmmpbmiL88YnI+44CA44CA5a6k5YaF5qmf77yaNjRkYihKSVMgQzk2MTLvvJoyMDEzKTxicj7jgIDjgIDlrqTlpJbmqZ/vvJo2N2RiKEpJUyBDOTYxMu+8mjIwMTMpPGJyPuOAgOWGt+aIvzxicj7jgIDjgIDlrqTlhoXmqZ/vvJo2NGRiKEpJUyBDOTYxMu+8mjIwMTMpPGJyPuOAgOOAgOWupOWkluapn++8mjY1ZGIoSklTIEM5NjEy77yaMjAxMyk8YnI+PGI+5pyA5aSn6YWN566h6ZW3PC9iPu+8mjIwbTxicj48Yj7mnIDlpKfpq5jkvY7lt648L2I+77yaMTBtPGJyPjxiPuWvuOazle+9pemHjemHjzwvYj48YnI+44CA5a6k5YaF5qmf5a+45rOV77ya5bmFIDc5OHjpq5jjgZUgMjkzeOWlpeihjCAyMzBtbTxicj7jgIDlrqTlhoXmqZ/os6rph4/vvJrntIQxMGtnPGJyPuOAgOWupOWkluapn+WvuOazle+8muW5hSA3OTl46auY44GVIDYzMHjlpaXooYwgMjk5bW08YnI+44CA5a6k5aSW5qmf6LOq6YeP77ya57SENDJrZzxicj48Yj7ku5jlsZ7lk4E8L2I+77yaPGJyPuOAgOODquODouOCs+ODszxicj7jgIDjg6rjg6LjgrPjg7Plj5bku5jjga3jgZg8YnI+44CA5Lm+6Zu75rGg5Y2YNOW9oiAy5pys,5p2x6IqdIFJBUy1DNTY2RCjjgrDjg6njg7Pjg5vjg6/jgqTjg4gpIOWkp+a4heW/qyBDLUTjgrfjg6rjg7zjgrogMTjnlbMg6Zu75rqQMjAwVu+8muOCpOODvOODmeOCueODiFBD44O75a626Zu76aSo,44OR44K944Kz44Oz5a626Zu744Kq44O844OH44Kj44Kq576O5a655YGl5bq344Oi44OQ44Kk44Or77yw77yk77yh44OA44Kk44Ko44OD44OI44OG44Os44OT44Of44OL44Kz44Oz44OT44OH44Kq44K944OL44O844K544Kr44OR44O8VC1mYWzjg4bjgqPjg5XjgqHjg7zjg6vml6XnlKjlk4Hjgrnjg53jg7zjg4TjgYrjgoLjgaHjgoPjgrLjg7zjg6DjgYrosrfjgYTlvpfmnbHoip0gUkFTLUM1NjZEKOOCsOODqeODs+ODm+ODr+OCpOODiCkg5aSn5riF5b+rIEMtROOCt+ODquODvOOCuiAxOOeVsyDpm7vmupAyMDBW,44CQ6YCB5paZ54Sh5paZ44CR44CQ6YCa5bi4OOaXpeeoi+W6puOBq+OBpuWHuuiNt+OAkeOAguadseiKnSBSQVMtQzU2NkQo44Kw44Op44Oz44Ob44Ov44Kk44OIKSDlpKfmuIXlv6sgQy1E44K344Oq44O844K6IDE455WzIOmbu+a6kDIwMFY=[rn]
37-97140,aHR0cDovL3RzaG9wLnIxMHMuanAvZWJlc3QvY2FiaW5ldC8yMjQvMDAwMDAwMDAxMDIzMS5qcGc/Zml0aW49NzAwOjcwMA==,MTUxMDI3LjIwMDA=,,5a626Zu7ID4g5a2j56+A44O756m66Kq/5a626Zu7ID4g44Ko44Ki44Kz44OzID4g44Ko44Ki44Kz44Oz,5LiJ6I+xIE1TWi1TNTYxN1MtTijjgrfjg6Pjg7Pjg5Hjg7PjgrTjg7zjg6vjg4kpIOmcp+ODtuWzsCBT44K344Oq44O844K6IDE455WzIOmbu+a6kDIwMFY=,44CQ6YCB5paZ54Sh5paZ44CR44CQ6YCa5bi4OOaXpeeoi+W6puOBq+OBpuWHuuiNt+OAkQ==,5pqu44KJ44GX44Gr5b2p44KK44Go5b+r6YGp44KS55Sf44G/5Ye644GZ44OH44K244Kk44Oz44Ko44Ki44Kz44OzPGltZyBzcmM9J2h0dHBzOi8vaW1hZ2UucmFrdXRlbi5jby5qcC9lYmVzdC9jYWJpbmV0L2ViZXN0a2FkZW5femFpa28uZ2lmJyBib3JkZXI9JzAnIGFsdD0n5Zyo5bqr54q25rOB44KS56K66KqN44GZ44KLJz48YnI+PGZvbnQgY29sb3I9IiNmZjAwMDAiPjxiPuKGkeKGkeKGkeato+eiuuOBquWcqOW6q+eKtuazgeOBr+S4iuiomOODkOODiuODvOOAjOWcqOW6q+eKtuazgeOCkueiuuiqjeOBmeOCi+OAjeOCkuOCr+ODquODg+OCr+OBl+OBpumgguOBjeOAgeW/heOBmuOBlOeiuuiqjeOBj+OBoOOBleOBhOOAgjwvYj48L2ZvbnQ+PGJyPjxicj48dGFibGUgYm9yZGVyPSIwIiBjZWxsc3BhY2luZz0iMCIgY2VsbHBhZGRpbmc9IjAiIHdpZHRoPSIxMDAlIj48dHI+PHRkIHdpZHRoPSIxMDAlIj48aW1nIHNyYz0iaHR0cHM6Ly93d3cucmFrdXRlbi5uZS5qcC9nb2xkL2ViZXN0L2ltZy9pbWdfZ3VpZGUvdGx0X29wdGlvbi5qcGciIGJvcmRlcj0iMCIgd2lkdGg9IjEwMCUiPjwvdGQ+PC90cj48dHI+PHRkIHdpZHRoPSIxMDAlIj48aW1nIHNyYz0iaHR0cHM6Ly93d3cucmFrdXRlbi5uZS5qcC9nb2xkL2ViZXN0L2ltZy9pbWdfZ3VpZGUvc3BhY2VyLmdpZiIgd2lkdGg9IjEwMCUiIGhlaWdodD0iMTAiPjwvdGQ+PC90cj48dHI+PHRkPjxmb250IGNvbG9yPSJyZWQiPumVt+acn+S/neiovOOCkuOBlOW4jOacm+OBruOBiuWuouanmOOBr+S4i+iomOOBruihqOOCiOOCiuOAjOWVhuWTge+8i+mVt+acn+S/neiovOOAjeOBruODmuODvOOCuOOBuOenu+WLleOBl+OBpuOBlOazqOaWh+OBj+OBoOOBleOBhOOAgjxicj7igLvplbfmnJ/kv53oqLzjga/ms5XkurrliqDlhaXjgoTmpa3li5nkvb/nlKjjgIHorbLmuKHjgoTlho3osqnjga/jgZTliKnnlKjjgYTjgZ/jgaDjgZHjgb7jgZvjgpPjgII8YnI+6ZW35pyf5L+d6Ki844Gr44Gk44GE44Gm77yw77yj44O744K/44OW44Os44OD44OI44O744OX44Oq44Oz44K/44O844O75bel5YW344Gv44Oh44O844Kr44O85L+d6Ki844KS5ZCr44KB44Gm77yT5bm044CB5a626Zu744Gv77yV5bm06ZaT44Gu5L+d6Ki844Go44Gq44KK44G+44GZ44CCPC9mb250PjwvdGQ+PC90cj48dHI+PHRkIHdpZHRoPSIxMDAlIj48aW1nIHNyYz0iaHR0cHM6Ly93d3cucmFrdXRlbi5uZS5qcC9nb2xkL2ViZXN0L2ltZy9pbWdfZ3VpZGUvc3BhY2VyLmdpZiIgd2lkdGg9IjEwMCUiIGhlaWdodD0iMjAiPjwvdGQ+PC90cj48L3RhYmxlPjx0YWJsZSBib3JkZXI9IjAiIGNlbGxzcGFjaW5nPSIwIiBjZWxscGFkZGluZz0iMCIgd2lkdGg9IjEwMCUiPjx0cj48dGQgd2lkdGg9IjE1JSI+PGltZyBzcmM9Imh0dHBzOi8vd3d3LnJha3V0ZW4ubmUuanAvZ29sZC9lYmVzdC9pbWcvaW1nX2d1aWRlL2J0bl9vcHRpb24wMS5qcGciIGJvcmRlcj0iMCIgd2lkdGg9IjEwMCUiPjwvdGQ+PHRkIHdpZHRoPSIyJSI+PGltZyBzcmM9Imh0dHBzOi8vd3d3LnJha3V0ZW4ubmUuanAvZ29sZC9lYmVzdC9pbWcvaW1nX2d1aWRlL3NwYWNlci5naWYiIHdpZHRoPSIxMDAlIiBoZWlnaHQ9IjEwIj48L3RkPjx0ZCB3aWR0aD0iMTUlIj48aW1nIHNyYz0iaHR0cHM6Ly93d3cucmFrdXRlbi5uZS5qcC9nb2xkL2ViZXN0L2ltZy9pbWdfZ3VpZGUvYnRuX29wdGlvbjAyLmpwZyIgYm9yZGVyPSIwIiB3aWR0aD0iMTAwJSI+PC90ZD48dGQgd2lkdGg9IjIlIj48aW1nIHNyYz0iaHR0cHM6Ly93d3cucmFrdXRlbi5uZS5qcC9nb2xkL2ViZXN0L2ltZy9pbWdfZ3VpZGUvc3BhY2VyLmdpZiIgd2lkdGg9IjEwMCUiIGhlaWdodD0iMTAiPjwvdGQ+PHRkIHdpZHRoPSIxNSUiPjxpbWcgc3JjPSJodHRwczovL3d3dy5yYWt1dGVuLm5lLmpwL2dvbGQvZWJlc3QvaW1nL2ltZ19ndWlkZS9zcGFjZXIuZ2lmIiB3aWR0aD0iMTAwJSIgaGVpZ2h0PSIxMCI+PC90ZD48dGQgd2lkdGg9IjIlIj48aW1nIHNyYz0iaHR0cHM6Ly93d3cucmFrdXRlbi5uZS5qcC9nb2xkL2ViZXN0L2ltZy9pbWdfZ3VpZGUvc3BhY2VyLmdpZiIgd2lkdGg9IjEwMCUiIGhlaWdodD0iMTAiPjwvdGQ+PHRkIHdpZHRoPSIxNSUiPjxpbWcgc3JjPSJodHRwczovL3d3dy5yYWt1dGVuLm5lLmpwL2dvbGQvZWJlc3QvaW1nL2ltZ19ndWlkZS9zcGFjZXIuZ2lmIiB3aWR0aD0iMTAwJSIgaGVpZ2h0PSIxMCI+PC90ZD48dGQgd2lkdGg9IjIlIj48aW1nIHNyYz0iaHR0cHM6Ly93d3cucmFrdXRlbi5uZS5qcC9nb2xkL2ViZXN0L2ltZy9pbWdfZ3VpZGUvc3BhY2VyLmdpZiIgd2lkdGg9IjEwMCUiIGhlaWdodD0iMTAiPjwvdGQ+PHRkIHdpZHRoPSIxNSUiPjxpbWcgc3JjPSJodHRwczovL3d3dy5yYWt1dGVuLm5lLmpwL2dvbGQvZWJlc3QvaW1nL2ltZ19ndWlkZS9zcGFjZXIuZ2lmIiB3aWR0aD0iMTAwJSIgaGVpZ2h0PSIxMCI+PC90ZD48dGQgd2lkdGg9IjIlIj48aW1nIHNyYz0iaHR0cHM6Ly93d3cucmFrdXRlbi5uZS5qcC9nb2xkL2ViZXN0L2ltZy9pbWdfZ3VpZGUvc3BhY2VyLmdpZiIgd2lkdGg9IjEwMCUiIGhlaWdodD0iMTAiPjwvdGQ+PHRkIHdpZHRoPSIxNSUiPjxpbWcgc3JjPSJodHRwczovL3d3dy5yYWt1dGVuLm5lLmpwL2dvbGQvZWJlc3QvaW1nL2ltZ19ndWlkZS9zcGFjZXIuZ2lmIiB3aWR0aD0iMTAwJSIgaGVpZ2h0PSIxMCI+PC90ZD48L3RyPjx0cj48dGQgY29sc3Bhbj0iMTEiIHdpZHRoPSIxMDAlIj48aW1nIHNyYz0iaHR0cHM6Ly93d3cucmFrdXRlbi5uZS5qcC9nb2xkL2ViZXN0L2ltZy9pbWdfZ3VpZGUvc3BhY2VyLmdpZiIgd2lkdGg9IjEwMCUiIGhlaWdodD0iMjAiPjwvdGQ+PC90cj48L3RhYmxlPjx0YWJsZSBib3JkZXI9IjAiIGNlbGxzcGFjaW5nPSIwIiBjZWxscGFkZGluZz0iMCIgd2lkdGg9IjEwMCUiPjx0cj48dGQgY29sc3Bhbj0iNyIgd2lkdGg9IjEwMCUiPjxpbWcgc3JjPSJodHRwczovL3d3dy5yYWt1dGVuLm5lLmpwL2dvbGQvZWJlc3QvaW1nL2ltZ19ndWlkZS90bHRfc2VydmljZS5qcGciIHdpZHRoPSIxMDAlIj48L3RkPjwvdHI+PHRyPjx0ZCBjb2xzcGFuPSI3IiB3aWR0aD0iMTAwJSI+PGltZyBzcmM9Imh0dHBzOi8vd3d3LnJha3V0ZW4ubmUuanAvZ29sZC9lYmVzdC9pbWcvaW1nX2d1aWRlL3NwYWNlci5naWYiIHdpZHRoPSIxMDAlIiBoZWlnaHQ9IjIwIj48L3RkPjwvdHI+PHRyPjx0ZCB3aWR0aD0iMjMlIj48aW1nIHNyYz0iaHR0cHM6Ly93d3cucmFrdXRlbi5uZS5qcC9nb2xkL2ViZXN0L2ltZy9pbWdfZ3VpZGUvYnRuX3NlcnZpY2UwMS5qcGciIHdpZHRoPSIxMDAlIj48L3RkPjx0ZCB3aWR0aD0iMiUiPjxpbWcgc3JjPSJodHRwczovL3d3dy5yYWt1dGVuLm5lLmpwL2dvbGQvZWJlc3QvaW1nL2ltZ19ndWlkZS9zcGFjZXIuZ2lmIiB3aWR0aD0iMTAwJSIgaGVpZ2h0PSIxMCI+PC90ZD48dGQgd2lkdGg9IjIzJSI+PGltZyBzcmM9Imh0dHBzOi8vd3d3LnJha3V0ZW4ubmUuanAvZ29sZC9lYmVzdC9pbWcvaW1nX2d1aWRlL3NwYWNlci5naWYiIHdpZHRoPSIxMDAlIiBoZWlnaHQ9IjEwIj48L3RkPjx0ZCB3aWR0aD0iMiUiPjxpbWcgc3JjPSJodHRwczovL3d3dy5yYWt1dGVuLm5lLmpwL2dvbGQvZWJlc3QvaW1nL2ltZ19ndWlkZS9zcGFjZXIuZ2lmIiB3aWR0aD0iMTAwJSIgaGVpZ2h0PSIxMCI+PC90ZD48dGQgd2lkdGg9IjIzJSI+PGltZyBzcmM9Imh0dHBzOi8vd3d3LnJha3V0ZW4ubmUuanAvZ29sZC9lYmVzdC9pbWcvaW1nX2d1aWRlL3NwYWNlci5naWYiIHdpZHRoPSIxMDAlIiBoZWlnaHQ9IjEwIj48L3RkPjx0ZCB3aWR0aD0iMiUiPjxpbWcgc3JjPSJodHRwczovL3d3dy5yYWt1dGVuLm5lLmpwL2dvbGQvZWJlc3QvaW1nL2ltZ19ndWlkZS9zcGFjZXIuZ2lmIiB3aWR0aD0iMTAwJSIgaGVpZ2h0PSIxMCI+PC90ZD48dGQgd2lkdGg9IjIzJSI+PGltZyBzcmM9Imh0dHBzOi8vd3d3LnJha3V0ZW4ubmUuanAvZ29sZC9lYmVzdC9pbWcvaW1nX2d1aWRlL3NwYWNlci5naWYiIHdpZHRoPSIxMDAlIiBoZWlnaHQ9IjEwIj48L3RkPjwvdHI+PHRyPjx0ZCBjb2xzcGFuPSI3IiB3aWR0aD0iMTAwJSI+PGltZyBzcmM9Imh0dHBzOi8vd3d3LnJha3V0ZW4ubmUuanAvZ29sZC9lYmVzdC9pbWcvaW1nX2d1aWRlL3NwYWNlci5naWYiIHdpZHRoPSIxMDAlIiBoZWlnaHQ9IjIwIj48L3RkPjwvdHI+PC90YWJsZT48YnI+4pag44CM44Og44O844OW44Ki44Kk44CN44GM5Lq644Gu5L2T5oSf5rip5bqm44KS6KaL44Gm44CB44CM44OP44Kk44OW44Oq44OD44OJ6YGL6Lui44CN44Gn5Ya344GI44KL44Go44CM54i96aKo44CN44CB5pqR44GE44Go44CM5Ya35oi/44CN44Gr6Ieq5YuV44Gn5YiH5pu/44GIPGJyPuKWoOWGt+aIv++9pemZpOa5v+mBi+i7oue1guS6huW+jOOBquOBqeOBq+iHquWLleeahOOBq+OCqOOCouOCs+ODs+WGhemDqOOBruS5vueHpSjliqDnhrEp6YGL6Lui44KS6KGM44GE44CB44Kr44OT44Gu5oiQ6ZW344KS5oqR5Yi244GX44G+44GZPGJyPuKWoOawl+OBq+OBquOCi+WvneWupOOBruepuuawl+OBr+OAjOW4r+mbu+ODn+OCr+ODreODleOCo+ODq+OCv+ODvOOAjeOBp+OAgea4hea9lOOBqzxicj48Yj7pm7vmupA8L2I+77ya5Y2Y55u4MjAwViAxNUE8YnI+PGI+44Kz44Oz44K744Oz44OI5b2i54q2PC9iPu+8muOCv+ODs+ODh+ODoDxicj48Yj7pgannlKjnlbPmlbA8L2I+PGJyPuOAgOaaluaIv++8mjE1772eMTjnlbMoMjTvvZ4zMG0yKTxicj7jgIDlhrfmiL/vvJoxNe+9njIz55WzKDI1772eMzltMik8YnI+PGI+6IO95YqbPC9iPjxicj7jgIDmmpbmiL/vvJo2LjdrVygwLjjvvZ45LjJrVyk8YnI+44CA5Ya35oi/77yaNS42a1coMC44772eNS44a1cpPGJyPjxiPua2iOiyu+mbu+WKmzwvYj48YnI+44CA5pqW5oi/77yaMTg1MFcoMTI1772eMjk3MFcpPGJyPuOAgOWGt+aIv++8mjIzODBXKDEyNe+9njI1MTBXKTxicj48Yj7mnJ/plpPmtojosrvpm7vlipvph488L2I+77yaMjExOGtXaChKSVMgQzk2MTLvvJoyMDEzKTxicj48Yj7nnIHjgqjjg43ln7rmupbpgZTmiJDnjoc8L2I+77yaMTAwJe+8muebruaomeW5tOW6puOAgDIwMTDlubQ8YnI+PGI+6YCa5bm044Ko44ON44Or44Ku44O85raI6LK75Yq5546HKEFQRik8L2I+77yaNShKSVMgQzk2MTLvvJoyMDEzKTxicj48Yj7mqZ/og708L2I+PGJyPuOAgOODleOCo+ODq+OCv+ODvOiHquWLleaOg+mZpO+8mi08YnI+44CA6Zmk6I+M77yaLTxicj7jgIDnqbrmsJfmuIXmtYTvvJril4s8YnI+44CA5o+b5rCX77yaLTxicj7jgIDpmaTmub/vvJril4s8YnI+44CA5Yqg5rm/772l5L+d5rm/77ya5L+d5rm/PGJyPuOAgOS6uuaEn+OCu+ODs+OCteODvO+8muKXizxicj48Yj7pgYvou6Lpn7M8L2I+PGJyPuOAgOaaluaIvzxicj7jgIDjgIDlrqTlhoXmqZ/vvJo2N2RiKEpJUyBDOTYxMu+8mjIwMTMpPGJyPuOAgOOAgOWupOWkluapn++8mjY3ZGIoSklTIEM5NjEy77yaMjAxMyk8YnI+44CA5Ya35oi/PGJyPuOAgOOAgOWupOWGheapn++8mjY2ZGIoSklTIEM5NjEy77yaMjAxMyk8YnI+44CA44CA5a6k5aSW5qmf77yaNjZkYihKSVMgQzk2MTLvvJoyMDEzKTxicj48Yj7mnIDlpKfphY3nrqHplbc8L2I+77yaMTIo44OB44Oj44O844K444Os44K5MTBtKW08YnI+PGI+5pyA5aSn6auY5L2O5beuPC9iPu+8mjEwbTxicj48Yj7lr7jms5XvvaXph43ph488L2I+PGJyPuOAgOWupOWGheapn+WvuOazle+8muW5hSA3OTh46auY44GVIDI5NXjlpaXooYwgMjUybW08YnI+44CA5a6k5YaF5qmf6LOq6YeP77ya57SEMTJrZzxicj7jgIDlrqTlpJbmqZ/lr7jms5XvvJrluYUgODAweOmrmOOBlSA1NTB45aWl6KGMIDI4NW1tPGJyPuOAgOWupOWkluapn+izqumHj++8mue0hDM0a2c8YnI+PGI+5LuY5bGe5ZOBPC9iPu+8mjxicj7jgIDjg6rjg6LjgrPjg7M8YnI+44CA5Y2YNOW9ouS5vumbu+axoCAy5pysPGJyPuOAgOWPluaJseiqrOaYjuabuA==,5LiJ6I+xIE1TWi1TNTYxN1MtTijjgrfjg6Pjg7Pjg5Hjg7PjgrTjg7zjg6vjg4kpIOmcp+ODtuWzsCBT44K344Oq44O844K6IDE455WzIOmbu+a6kDIwMFbvvJrjgqTjg7zjg5njgrnjg4hQQ+ODu+Wutumbu+mkqA==,44OR44K944Kz44Oz5a626Zu744Kq44O844OH44Kj44Kq576O5a655YGl5bq344Oi44OQ44Kk44Or77yw77yk77yh44OA44Kk44Ko44OD44OI44OG44Os44OT44Of44OL44Kz44Oz44OT44OH44Kq44K944OL44O844K544Kr44OR44O8VC1mYWzjg4bjgqPjg5XjgqHjg7zjg6vml6XnlKjlk4Hjgrnjg53jg7zjg4TjgYrjgoLjgaHjgoPjgrLjg7zjg6DjgYrosrfjgYTlvpfkuInoj7EgTVNaLVM1NjE3Uy1OKOOCt+ODo+ODs+ODkeODs+OCtOODvOODq+ODiSkg6Zyn44O25bOwIFPjgrfjg6rjg7zjgrogMTjnlbMg6Zu75rqQMjAwVg==,44CQ6YCB5paZ54Sh5paZ44CR44CQ6YCa5bi4OOaXpeeoi+W6puOBq+OBpuWHuuiNt+OAkeOAguS4ieiPsSBNU1otUzU2MTdTLU4o44K344Oj44Oz44OR44Oz44K044O844Or44OJKSDpnKfjg7bls7AgU+OCt+ODquODvOOCuiAxOOeVsyDpm7vmupAyMDBW[rn]
37-97141,aHR0cDovL3RzaG9wLnIxMHMuanAvZWJlc3QvY2FiaW5ldC8yMjEvMDAwMDAwMDAxMDEwMC5qcGc/Zml0aW49NzAwOjcwMA==,Mjc0NDkwLjQwMDA=,,5a626Zu7ID4g5a2j56+A44O756m66Kq/5a626Zu7ID4g44Ko44Ki44Kz44OzID4g44Ko44Ki44Kz44Oz,5LiJ6I+xIE1TWi1GWjU2MTdTLVctSU4o44K344Or44Kt44O844OX44Op44OB44OKKSDpnKfjg7bls7AgRlrjgrfjg6rjg7zjgrogMTjnlbMg6Zu75rqQMjAwVg==,44CQ6YCB5paZ54Sh5paZ44CR44CQ6YCa5bi4OOaXpeeoi+W6puOBq+OBpuWHuuiNt+OAkQ==,5qeY44CF44Gq5pqu44KJ44GX44Gr6Kq/5ZKM44GZ44KL5YWF5a6f44Gu5qmf6IO944KS44GT44GuMeWPsOOBqzxpbWcgc3JjPSdodHRwOi8vaW1hZ2UucmFrdXRlbi5jby5qcC9lYmVzdC9jYWJpbmV0L2ViZXN0a2FkZW5femFpa28uZ2lmJyBib3JkZXI9JzAnIGFsdD0n5Zyo5bqr54q25rOB44KS56K66KqN44GZ44KLJz48YnI+PGZvbnQgY29sb3I9IiNmZjAwMDAiPjxiPuKGkeKGkeKGkeato+eiuuOBquWcqOW6q+eKtuazgeOBr+S4iuiomOODkOODiuODvOOAjOWcqOW6q+eKtuazgeOCkueiuuiqjeOBmeOCi+OAjeOCkuOCr+ODquODg+OCr+OBl+OBpumgguOBjeOAgeW/heOBmuOBlOeiuuiqjeOBj+OBoOOBleOBhOOAgjwvYj48L2ZvbnQ+PGJyPjxicj48dGFibGUgYm9yZGVyPSIwIiBjZWxsc3BhY2luZz0iMCIgY2VsbHBhZGRpbmc9IjAiIHdpZHRoPSIxMDAlIj48dHI+PHRkIHdpZHRoPSIxMDAlIj48aW1nIHNyYz0iaHR0cDovL3d3dy5yYWt1dGVuLm5lLmpwL2dvbGQvZWJlc3QvaW1nL2ltZ19ndWlkZS90bHRfb3B0aW9uLmpwZyIgYm9yZGVyPSIwIiB3aWR0aD0iMTAwJSI+PC90ZD48L3RyPjx0cj48dGQgd2lkdGg9IjEwMCUiPjxpbWcgc3JjPSJodHRwOi8vd3d3LnJha3V0ZW4ubmUuanAvZ29sZC9lYmVzdC9pbWcvaW1nX2d1aWRlL3NwYWNlci5naWYiIHdpZHRoPSIxMDAlIiBoZWlnaHQ9IjEwIj48L3RkPjwvdHI+PHRyPjx0ZD48Zm9udCBjb2xvcj0icmVkIj7plbfmnJ/kv53oqLzjgpLjgZTluIzmnJvjga7jgYrlrqLmp5jjga/kuIvoqJjjga7ooajjgojjgorjgIzllYblk4HvvIvplbfmnJ/kv53oqLzjgI3jga7jg5rjg7zjgrjjgbjnp7vli5XjgZfjgabjgZTms6jmlofjgY/jgaDjgZXjgYTjgII8YnI+4oC76ZW35pyf5L+d6Ki844Gv5rOV5Lq65Yqg5YWl44KE5qWt5YuZ5L2/55So44CB6K2y5rih44KE5YaN6LKp44Gv44GU5Yip55So44GE44Gf44Gg44GR44G+44Gb44KT44CCPGJyPumVt+acn+S/neiovOOBq+OBpOOBhOOBpu+8sO+8o+ODu+OCv+ODluODrOODg+ODiOODu+ODl+ODquODs+OCv+ODvOODu+W3peWFt+OBr+ODoeODvOOCq+ODvOS/neiovOOCkuWQq+OCgeOBpu+8k+W5tOOAgeWutumbu+OBr++8leW5tOmWk+OBruS/neiovOOBqOOBquOCiuOBvuOBmeOAgjwvZm9udD48L3RkPjwvdHI+PHRyPjx0ZCB3aWR0aD0iMTAwJSI+PGltZyBzcmM9Imh0dHA6Ly93d3cucmFrdXRlbi5uZS5qcC9nb2xkL2ViZXN0L2ltZy9pbWdfZ3VpZGUvc3BhY2VyLmdpZiIgd2lkdGg9IjEwMCUiIGhlaWdodD0iMjAiPjwvdGQ+PC90cj48L3RhYmxlPjx0YWJsZSBib3JkZXI9IjAiIGNlbGxzcGFjaW5nPSIwIiBjZWxscGFkZGluZz0iMCIgd2lkdGg9IjEwMCUiPjx0cj48dGQgd2lkdGg9IjE1JSI+PGltZyBzcmM9Imh0dHA6Ly93d3cucmFrdXRlbi5uZS5qcC9nb2xkL2ViZXN0L2ltZy9pbWdfZ3VpZGUvYnRuX29wdGlvbjAxLmpwZyIgYm9yZGVyPSIwIiB3aWR0aD0iMTAwJSI+PC90ZD48dGQgd2lkdGg9IjIlIj48aW1nIHNyYz0iaHR0cDovL3d3dy5yYWt1dGVuLm5lLmpwL2dvbGQvZWJlc3QvaW1nL2ltZ19ndWlkZS9zcGFjZXIuZ2lmIiB3aWR0aD0iMTAwJSIgaGVpZ2h0PSIxMCI+PC90ZD48dGQgd2lkdGg9IjE1JSI+PGltZyBzcmM9Imh0dHA6Ly93d3cucmFrdXRlbi5uZS5qcC9nb2xkL2ViZXN0L2ltZy9pbWdfZ3VpZGUvYnRuX29wdGlvbjAyLmpwZyIgYm9yZGVyPSIwIiB3aWR0aD0iMTAwJSI+PC90ZD48dGQgd2lkdGg9IjIlIj48aW1nIHNyYz0iaHR0cDovL3d3dy5yYWt1dGVuLm5lLmpwL2dvbGQvZWJlc3QvaW1nL2ltZ19ndWlkZS9zcGFjZXIuZ2lmIiB3aWR0aD0iMTAwJSIgaGVpZ2h0PSIxMCI+PC90ZD48dGQgd2lkdGg9IjE1JSI+PGltZyBzcmM9Imh0dHA6Ly93d3cucmFrdXRlbi5uZS5qcC9nb2xkL2ViZXN0L2ltZy9pbWdfZ3VpZGUvc3BhY2VyLmdpZiIgd2lkdGg9IjEwMCUiIGhlaWdodD0iMTAiPjwvdGQ+PHRkIHdpZHRoPSIyJSI+PGltZyBzcmM9Imh0dHA6Ly93d3cucmFrdXRlbi5uZS5qcC9nb2xkL2ViZXN0L2ltZy9pbWdfZ3VpZGUvc3BhY2VyLmdpZiIgd2lkdGg9IjEwMCUiIGhlaWdodD0iMTAiPjwvdGQ+PHRkIHdpZHRoPSIxNSUiPjxpbWcgc3JjPSJodHRwOi8vd3d3LnJha3V0ZW4ubmUuanAvZ29sZC9lYmVzdC9pbWcvaW1nX2d1aWRlL3NwYWNlci5naWYiIHdpZHRoPSIxMDAlIiBoZWlnaHQ9IjEwIj48L3RkPjx0ZCB3aWR0aD0iMiUiPjxpbWcgc3JjPSJodHRwOi8vd3d3LnJha3V0ZW4ubmUuanAvZ29sZC9lYmVzdC9pbWcvaW1nX2d1aWRlL3NwYWNlci5naWYiIHdpZHRoPSIxMDAlIiBoZWlnaHQ9IjEwIj48L3RkPjx0ZCB3aWR0aD0iMTUlIj48aW1nIHNyYz0iaHR0cDovL3d3dy5yYWt1dGVuLm5lLmpwL2dvbGQvZWJlc3QvaW1nL2ltZ19ndWlkZS9zcGFjZXIuZ2lmIiB3aWR0aD0iMTAwJSIgaGVpZ2h0PSIxMCI+PC90ZD48dGQgd2lkdGg9IjIlIj48aW1nIHNyYz0iaHR0cDovL3d3dy5yYWt1dGVuLm5lLmpwL2dvbGQvZWJlc3QvaW1nL2ltZ19ndWlkZS9zcGFjZXIuZ2lmIiB3aWR0aD0iMTAwJSIgaGVpZ2h0PSIxMCI+PC90ZD48dGQgd2lkdGg9IjE1JSI+PGltZyBzcmM9Imh0dHA6Ly93d3cucmFrdXRlbi5uZS5qcC9nb2xkL2ViZXN0L2ltZy9pbWdfZ3VpZGUvc3BhY2VyLmdpZiIgd2lkdGg9IjEwMCUiIGhlaWdodD0iMTAiPjwvdGQ+PC90cj48dHI+PHRkIGNvbHNwYW49IjExIiB3aWR0aD0iMTAwJSI+PGltZyBzcmM9Imh0dHA6Ly93d3cucmFrdXRlbi5uZS5qcC9nb2xkL2ViZXN0L2ltZy9pbWdfZ3VpZGUvc3BhY2VyLmdpZiIgd2lkdGg9IjEwMCUiIGhlaWdodD0iMjAiPjwvdGQ+PC90cj48L3RhYmxlPjx0YWJsZSBib3JkZXI9IjAiIGNlbGxzcGFjaW5nPSIwIiBjZWxscGFkZGluZz0iMCIgd2lkdGg9IjEwMCUiPjx0cj48dGQgY29sc3Bhbj0iNyIgd2lkdGg9IjEwMCUiPjxpbWcgc3JjPSJodHRwOi8vd3d3LnJha3V0ZW4ubmUuanAvZ29sZC9lYmVzdC9pbWcvaW1nX2d1aWRlL3RsdF9zZXJ2aWNlLmpwZyIgd2lkdGg9IjEwMCUiPjwvdGQ+PC90cj48dHI+PHRkIGNvbHNwYW49IjciIHdpZHRoPSIxMDAlIj48aW1nIHNyYz0iaHR0cDovL3d3dy5yYWt1dGVuLm5lLmpwL2dvbGQvZWJlc3QvaW1nL2ltZ19ndWlkZS9zcGFjZXIuZ2lmIiB3aWR0aD0iMTAwJSIgaGVpZ2h0PSIyMCI+PC90ZD48L3RyPjx0cj48dGQgd2lkdGg9IjIzJSI+PGltZyBzcmM9Imh0dHA6Ly93d3cucmFrdXRlbi5uZS5qcC9nb2xkL2ViZXN0L2ltZy9pbWdfZ3VpZGUvYnRuX3NlcnZpY2UwMS5qcGciIHdpZHRoPSIxMDAlIj48L3RkPjx0ZCB3aWR0aD0iMiUiPjxpbWcgc3JjPSJodHRwOi8vd3d3LnJha3V0ZW4ubmUuanAvZ29sZC9lYmVzdC9pbWcvaW1nX2d1aWRlL3NwYWNlci5naWYiIHdpZHRoPSIxMDAlIiBoZWlnaHQ9IjEwIj48L3RkPjx0ZCB3aWR0aD0iMjMlIj48aW1nIHNyYz0iaHR0cDovL3d3dy5yYWt1dGVuLm5lLmpwL2dvbGQvZWJlc3QvaW1nL2ltZ19ndWlkZS9zcGFjZXIuZ2lmIiB3aWR0aD0iMTAwJSIgaGVpZ2h0PSIxMCI+PC90ZD48dGQgd2lkdGg9IjIlIj48aW1nIHNyYz0iaHR0cDovL3d3dy5yYWt1dGVuLm5lLmpwL2dvbGQvZWJlc3QvaW1nL2ltZ19ndWlkZS9zcGFjZXIuZ2lmIiB3aWR0aD0iMTAwJSIgaGVpZ2h0PSIxMCI+PC90ZD48dGQgd2lkdGg9IjIzJSI+PGltZyBzcmM9Imh0dHA6Ly93d3cucmFrdXRlbi5uZS5qcC9nb2xkL2ViZXN0L2ltZy9pbWdfZ3VpZGUvc3BhY2VyLmdpZiIgd2lkdGg9IjEwMCUiIGhlaWdodD0iMTAiPjwvdGQ+PHRkIHdpZHRoPSIyJSI+PGltZyBzcmM9Imh0dHA6Ly93d3cucmFrdXRlbi5uZS5qcC9nb2xkL2ViZXN0L2ltZy9pbWdfZ3VpZGUvc3BhY2VyLmdpZiIgd2lkdGg9IjEwMCUiIGhlaWdodD0iMTAiPjwvdGQ+PHRkIHdpZHRoPSIyMyUiPjxpbWcgc3JjPSJodHRwOi8vd3d3LnJha3V0ZW4ubmUuanAvZ29sZC9lYmVzdC9pbWcvaW1nX2d1aWRlL3NwYWNlci5naWYiIHdpZHRoPSIxMDAlIiBoZWlnaHQ9IjEwIj48L3RkPjwvdHI+PHRyPjx0ZCBjb2xzcGFuPSI3IiB3aWR0aD0iMTAwJSI+PGltZyBzcmM9Imh0dHA6Ly93d3cucmFrdXRlbi5uZS5qcC9nb2xkL2ViZXN0L2ltZy9pbWdfZ3VpZGUvc3BhY2VyLmdpZiIgd2lkdGg9IjEwMCUiIGhlaWdodD0iMjAiPjwvdGQ+PC90cj48L3RhYmxlPjxicj7ilqDjg6Djg7zjg5bjgqLjgqTmpbXjgaflpKfkurrjgajlrZDkvpvjga7muKnlhrfmhJ/jgpLmpJznn6U8YnI+4pagMua4qeW6puWItuW+oeOBp+acgOWkp+e0hDXihIPlt67jga7nlbDjgarjgovmuKnluqbnqbrplpPjgpLlrp/nj748YnI+4pag5YaF6YOo44Kz44O844OG44Kj44Oz44Kw44Go5paw5pKl5rK544OV44Kj44Or44K/44O844Gn5riF5r2U44KS5L+d44GkPGJyPjxiPumbu+a6kDwvYj7vvJrljZjnm7gyMDBWIDIwQTxicj48Yj7jgrPjg7Pjgrvjg7Pjg4jlvaLnirY8L2I+77ya44Ko44Or44OQ44O8PGJyPjxiPumBqeeUqOeVs+aVsDwvYj48YnI+44CA5pqW5oi/77yaMTXvvZ4xOOeVsygyNO+9njMwbTIpPGJyPuOAgOWGt+aIv++8mjE1772eMjPnlbMoMjXvvZ4zOW0yKTxicj48Yj7og73lips8L2I+PGJyPuOAgOaaluaIv++8mjYuN2tXKDAuNu+9njExLjdrVyk8YnI+44CA5Ya35oi/77yaNS42a1coMC42772eNmtXKTxicj48Yj7mtojosrvpm7vlips8L2I+PGJyPuOAgOaaluaIv++8mjE1ODBXKDEwNe+9njM2NzBXKTxicj7jgIDlhrfmiL/vvJoxNjAwVygxMDXvvZ4yMDIwVyk8YnI+PGI+5pyf6ZaT5raI6LK76Zu75Yqb6YePPC9iPu+8mjE1MzVrV2goSklTIEM5NjEy77yaMjAxMyk8YnI+PGI+55yB44Ko44ON5Z+65rqW6YGU5oiQ546HPC9iPu+8mjEzNiXvvJrnm67mqJnlubTluqbjgIAyMDEw5bm0PGJyPjxiPumAmuW5tOOCqOODjeODq+OCruODvOa2iOiyu+WKueeOhyhBUEYpPC9iPu+8mjYuOShKSVMgQzk2MTLvvJoyMDEzKTxicj48Yj7mqZ/og708L2I+PGJyPuOAgOODleOCo+ODq+OCv+ODvOiHquWLleaOg+mZpO+8muKXizxicj7jgIDpmaToj4zvvJotPGJyPuOAgOepuuawl+a4hea1hO+8muKXizxicj7jgIDmj5vmsJfvvJotPGJyPuOAgOmZpOa5v++8muKXizxicj7jgIDliqDmub/vvaXkv53mub/vvJrkv53mub88YnI+44CA5Lq65oSf44K744Oz44K144O877ya4peLPGJyPjxiPumBi+i7oumfszwvYj48YnI+44CA5pqW5oi/PGJyPuOAgOOAgOWupOWGheapn++8mjcxZGIoSklTIEM5NjEy77yaMjAxMyk8YnI+44CA44CA5a6k5aSW5qmf77yaNjVkYihKSVMgQzk2MTLvvJoyMDEzKTxicj7jgIDlhrfmiL88YnI+44CA44CA5a6k5YaF5qmf77yaNjlkYihKSVMgQzk2MTLvvJoyMDEzKTxicj7jgIDjgIDlrqTlpJbmqZ/vvJo2NWRiKEpJUyBDOTYxMu+8mjIwMTMpPGJyPjxiPuacgOWkp+mFjeeuoemVtzwvYj7vvJoxNW08YnI+PGI+5pyA5aSn6auY5L2O5beuPC9iPu+8mjEwbTxicj48Yj7lr7jms5XvvaXph43ph488L2I+PGJyPuOAgOWupOWGheapn+WvuOazle+8muW5hSA4OTB46auY44GVIDI4NXjlpaXooYwgMzU4bW08YnI+44CA5a6k5YaF5qmf6LOq6YeP77ya57SEMjJrZzxicj7jgIDlrqTlpJbmqZ/lr7jms5XvvJrluYUgODAweOmrmOOBlSA3MTR45aWl6KGMIDI4NW1tPGJyPuOAgOWupOWkluapn+izqumHj++8mue0hDQwa2c8YnI+PGI+5LuY5bGe5ZOBPC9iPu+8mjxicj7jgIDjg6rjg6LjgrPjg7M8YnI+44CA5Y2YM+W9ouOCouODq+OCq+ODquS5vumbu+axoCAy5pysPGJyPuOAgOWPluaJseiqrOaYjuabuA==,5LiJ6I+xIE1TWi1GWjU2MTdTLVctSU4o44K344Or44Kt44O844OX44Op44OB44OKKSDpnKfjg7bls7AgRlrjgrfjg6rjg7zjgrogMTjnlbMg6Zu75rqQMjAwVu+8muOCpOODvOODmeOCueODiFBD44O75a626Zu76aSo,44OR44K944Kz44Oz5a626Zu744Kq44O844OH44Kj44Kq576O5a655YGl5bq344Oi44OQ44Kk44Or77yw77yk77yh44OA44Kk44Ko44OD44OI44OG44Os44OT44Of44OL44Kz44Oz44OT44OH44Kq44K944OL44O844K544Kr44OR44O8VC1mYWzjg4bjgqPjg5XjgqHjg7zjg6vml6XnlKjlk4Hjgrnjg53jg7zjg4TjgYrjgoLjgaHjgoPjgrLjg7zjg6DjgYrosrfjgYTlvpfkuInoj7EgTVNaLUZaNTYxN1MtVy1JTijjgrfjg6vjgq3jg7zjg5fjg6njg4Hjg4opIOmcp+ODtuWzsCBGWuOCt+ODquODvOOCuiAxOOeVsyDpm7vmupAyMDBW,44CQ6YCB5paZ54Sh5paZ44CR44CQ6YCa5bi4OOaXpeeoi+W6puOBq+OBpuWHuuiNt+OAkeOAguS4ieiPsSBNU1otRlo1NjE3Uy1XLUlOKOOCt+ODq+OCreODvOODl+ODqeODgeODiikg6Zyn44O25bOwIEZa44K344Oq44O844K6IDE455WzIOmbu+a6kDIwMFY=[rn]
37-97142,aHR0cDovL3RzaG9wLnIxMHMuanAvZWJlc3QvY2FiaW5ldC8yMjEvMDAwMDAwMDAxMDEzMS5qcGc/Zml0aW49NzAwOjcwMA==,MjE2NzIwLjAwMDA=,,5a626Zu7ID4g5a2j56+A44O756m66Kq/5a626Zu7ID4g44Ko44Ki44Kz44OzID4g44Ko44Ki44Kz44Oz,44K344Oj44O844OXIEFZLUc1NkQyLVco44Ob44Ov44Kk44OIKSBHLUTjgrfjg6rjg7zjgrogMTjnlbMg6Zu75rqQMjAwVg==,44CQ6YCB5paZ54Sh5paZ44CR44CQ6YCa5bi4MTXml6XnqIvluqbjgavjgablh7rojbfjgJE=,5Ya35aqSUjMy44KS5o6h55So44GX44CB55Kw5aKD5oCn6IO944KS6auY44KB44G+44GX44GfPGltZyBzcmM9J2h0dHA6Ly9pbWFnZS5yYWt1dGVuLmNvLmpwL2ViZXN0L2NhYmluZXQvZWJlc3RrYWRlbl96YWlrby5naWYnIGJvcmRlcj0nMCcgYWx0PSflnKjluqvnirbms4HjgpLnorroqo3jgZnjgosnPjxicj48Zm9udCBjb2xvcj0iI2ZmMDAwMCI+PGI+4oaR4oaR4oaR5q2j56K644Gq5Zyo5bqr54q25rOB44Gv5LiK6KiY44OQ44OK44O844CM5Zyo5bqr54q25rOB44KS56K66KqN44GZ44KL44CN44KS44Kv44Oq44OD44Kv44GX44Gm6aCC44GN44CB5b+F44Ga44GU56K66KqN44GP44Gg44GV44GE44CCPC9iPjwvZm9udD48YnI+PGJyPjx0YWJsZSBib3JkZXI9IjAiIGNlbGxzcGFjaW5nPSIwIiBjZWxscGFkZGluZz0iMCIgd2lkdGg9IjEwMCUiPjx0cj48dGQgd2lkdGg9IjEwMCUiPjxpbWcgc3JjPSJodHRwOi8vd3d3LnJha3V0ZW4ubmUuanAvZ29sZC9lYmVzdC9pbWcvaW1nX2d1aWRlL3RsdF9vcHRpb24uanBnIiBib3JkZXI9IjAiIHdpZHRoPSIxMDAlIj48L3RkPjwvdHI+PHRyPjx0ZCB3aWR0aD0iMTAwJSI+PGltZyBzcmM9Imh0dHA6Ly93d3cucmFrdXRlbi5uZS5qcC9nb2xkL2ViZXN0L2ltZy9pbWdfZ3VpZGUvc3BhY2VyLmdpZiIgd2lkdGg9IjEwMCUiIGhlaWdodD0iMTAiPjwvdGQ+PC90cj48dHI+PHRkPjxmb250IGNvbG9yPSJyZWQiPumVt+acn+S/neiovOOCkuOBlOW4jOacm+OBruOBiuWuouanmOOBr+S4i+iomOOBruihqOOCiOOCiuOAjOWVhuWTge+8i+mVt+acn+S/neiovOOAjeOBruODmuODvOOCuOOBuOenu+WLleOBl+OBpuOBlOazqOaWh+OBj+OBoOOBleOBhOOAgjxicj7igLvplbfmnJ/kv53oqLzjga/ms5XkurrliqDlhaXjgoTmpa3li5nkvb/nlKjjgIHorbLmuKHjgoTlho3osqnjga/jgZTliKnnlKjjgYTjgZ/jgaDjgZHjgb7jgZvjgpPjgII8YnI+6ZW35pyf5L+d6Ki844Gr44Gk44GE44Gm77yw77yj44O744K/44OW44Os44OD44OI44O744OX44Oq44Oz44K/44O844O75bel5YW344Gv44Oh44O844Kr44O85L+d6Ki844KS5ZCr44KB44Gm77yT5bm044CB5a626Zu744Gv77yV5bm06ZaT44Gu5L+d6Ki844Go44Gq44KK44G+44GZ44CCPC9mb250PjwvdGQ+PC90cj48dHI+PHRkIHdpZHRoPSIxMDAlIj48aW1nIHNyYz0iaHR0cDovL3d3dy5yYWt1dGVuLm5lLmpwL2dvbGQvZWJlc3QvaW1nL2ltZ19ndWlkZS9zcGFjZXIuZ2lmIiB3aWR0aD0iMTAwJSIgaGVpZ2h0PSIyMCI+PC90ZD48L3RyPjwvdGFibGU+PHRhYmxlIGJvcmRlcj0iMCIgY2VsbHNwYWNpbmc9IjAiIGNlbGxwYWRkaW5nPSIwIiB3aWR0aD0iMTAwJSI+PHRyPjx0ZCB3aWR0aD0iMTUlIj48aW1nIHNyYz0iaHR0cDovL3d3dy5yYWt1dGVuLm5lLmpwL2dvbGQvZWJlc3QvaW1nL2ltZ19ndWlkZS9idG5fb3B0aW9uMDEuanBnIiBib3JkZXI9IjAiIHdpZHRoPSIxMDAlIj48L3RkPjx0ZCB3aWR0aD0iMiUiPjxpbWcgc3JjPSJodHRwOi8vd3d3LnJha3V0ZW4ubmUuanAvZ29sZC9lYmVzdC9pbWcvaW1nX2d1aWRlL3NwYWNlci5naWYiIHdpZHRoPSIxMDAlIiBoZWlnaHQ9IjEwIj48L3RkPjx0ZCB3aWR0aD0iMTUlIj48aW1nIHNyYz0iaHR0cDovL3d3dy5yYWt1dGVuLm5lLmpwL2dvbGQvZWJlc3QvaW1nL2ltZ19ndWlkZS9idG5fb3B0aW9uMDIuanBnIiBib3JkZXI9IjAiIHdpZHRoPSIxMDAlIj48L3RkPjx0ZCB3aWR0aD0iMiUiPjxpbWcgc3JjPSJodHRwOi8vd3d3LnJha3V0ZW4ubmUuanAvZ29sZC9lYmVzdC9pbWcvaW1nX2d1aWRlL3NwYWNlci5naWYiIHdpZHRoPSIxMDAlIiBoZWlnaHQ9IjEwIj48L3RkPjx0ZCB3aWR0aD0iMTUlIj48aW1nIHNyYz0iaHR0cDovL3d3dy5yYWt1dGVuLm5lLmpwL2dvbGQvZWJlc3QvaW1nL2ltZ19ndWlkZS9zcGFjZXIuZ2lmIiB3aWR0aD0iMTAwJSIgaGVpZ2h0PSIxMCI+PC90ZD48dGQgd2lkdGg9IjIlIj48aW1nIHNyYz0iaHR0cDovL3d3dy5yYWt1dGVuLm5lLmpwL2dvbGQvZWJlc3QvaW1nL2ltZ19ndWlkZS9zcGFjZXIuZ2lmIiB3aWR0aD0iMTAwJSIgaGVpZ2h0PSIxMCI+PC90ZD48dGQgd2lkdGg9IjE1JSI+PGltZyBzcmM9Imh0dHA6Ly93d3cucmFrdXRlbi5uZS5qcC9nb2xkL2ViZXN0L2ltZy9pbWdfZ3VpZGUvc3BhY2VyLmdpZiIgd2lkdGg9IjEwMCUiIGhlaWdodD0iMTAiPjwvdGQ+PHRkIHdpZHRoPSIyJSI+PGltZyBzcmM9Imh0dHA6Ly93d3cucmFrdXRlbi5uZS5qcC9nb2xkL2ViZXN0L2ltZy9pbWdfZ3VpZGUvc3BhY2VyLmdpZiIgd2lkdGg9IjEwMCUiIGhlaWdodD0iMTAiPjwvdGQ+PHRkIHdpZHRoPSIxNSUiPjxpbWcgc3JjPSJodHRwOi8vd3d3LnJha3V0ZW4ubmUuanAvZ29sZC9lYmVzdC9pbWcvaW1nX2d1aWRlL3NwYWNlci5naWYiIHdpZHRoPSIxMDAlIiBoZWlnaHQ9IjEwIj48L3RkPjx0ZCB3aWR0aD0iMiUiPjxpbWcgc3JjPSJodHRwOi8vd3d3LnJha3V0ZW4ubmUuanAvZ29sZC9lYmVzdC9pbWcvaW1nX2d1aWRlL3NwYWNlci5naWYiIHdpZHRoPSIxMDAlIiBoZWlnaHQ9IjEwIj48L3RkPjx0ZCB3aWR0aD0iMTUlIj48aW1nIHNyYz0iaHR0cDovL3d3dy5yYWt1dGVuLm5lLmpwL2dvbGQvZWJlc3QvaW1nL2ltZ19ndWlkZS9zcGFjZXIuZ2lmIiB3aWR0aD0iMTAwJSIgaGVpZ2h0PSIxMCI+PC90ZD48L3RyPjx0cj48dGQgY29sc3Bhbj0iMTEiIHdpZHRoPSIxMDAlIj48aW1nIHNyYz0iaHR0cDovL3d3dy5yYWt1dGVuLm5lLmpwL2dvbGQvZWJlc3QvaW1nL2ltZ19ndWlkZS9zcGFjZXIuZ2lmIiB3aWR0aD0iMTAwJSIgaGVpZ2h0PSIyMCI+PC90ZD48L3RyPjwvdGFibGU+PHRhYmxlIGJvcmRlcj0iMCIgY2VsbHNwYWNpbmc9IjAiIGNlbGxwYWRkaW5nPSIwIiB3aWR0aD0iMTAwJSI+PHRyPjx0ZCBjb2xzcGFuPSI3IiB3aWR0aD0iMTAwJSI+PGltZyBzcmM9Imh0dHA6Ly93d3cucmFrdXRlbi5uZS5qcC9nb2xkL2ViZXN0L2ltZy9pbWdfZ3VpZGUvdGx0X3NlcnZpY2UuanBnIiB3aWR0aD0iMTAwJSI+PC90ZD48L3RyPjx0cj48dGQgY29sc3Bhbj0iNyIgd2lkdGg9IjEwMCUiPjxpbWcgc3JjPSJodHRwOi8vd3d3LnJha3V0ZW4ubmUuanAvZ29sZC9lYmVzdC9pbWcvaW1nX2d1aWRlL3NwYWNlci5naWYiIHdpZHRoPSIxMDAlIiBoZWlnaHQ9IjIwIj48L3RkPjwvdHI+PHRyPjx0ZCB3aWR0aD0iMjMlIj48aW1nIHNyYz0iaHR0cDovL3d3dy5yYWt1dGVuLm5lLmpwL2dvbGQvZWJlc3QvaW1nL2ltZ19ndWlkZS9idG5fc2VydmljZTAxLmpwZyIgd2lkdGg9IjEwMCUiPjwvdGQ+PHRkIHdpZHRoPSIyJSI+PGltZyBzcmM9Imh0dHA6Ly93d3cucmFrdXRlbi5uZS5qcC9nb2xkL2ViZXN0L2ltZy9pbWdfZ3VpZGUvc3BhY2VyLmdpZiIgd2lkdGg9IjEwMCUiIGhlaWdodD0iMTAiPjwvdGQ+PHRkIHdpZHRoPSIyMyUiPjxpbWcgc3JjPSJodHRwOi8vd3d3LnJha3V0ZW4ubmUuanAvZ29sZC9lYmVzdC9pbWcvaW1nX2d1aWRlL3NwYWNlci5naWYiIHdpZHRoPSIxMDAlIiBoZWlnaHQ9IjEwIj48L3RkPjx0ZCB3aWR0aD0iMiUiPjxpbWcgc3JjPSJodHRwOi8vd3d3LnJha3V0ZW4ubmUuanAvZ29sZC9lYmVzdC9pbWcvaW1nX2d1aWRlL3NwYWNlci5naWYiIHdpZHRoPSIxMDAlIiBoZWlnaHQ9IjEwIj48L3RkPjx0ZCB3aWR0aD0iMjMlIj48aW1nIHNyYz0iaHR0cDovL3d3dy5yYWt1dGVuLm5lLmpwL2dvbGQvZWJlc3QvaW1nL2ltZ19ndWlkZS9zcGFjZXIuZ2lmIiB3aWR0aD0iMTAwJSIgaGVpZ2h0PSIxMCI+PC90ZD48dGQgd2lkdGg9IjIlIj48aW1nIHNyYz0iaHR0cDovL3d3dy5yYWt1dGVuLm5lLmpwL2dvbGQvZWJlc3QvaW1nL2ltZ19ndWlkZS9zcGFjZXIuZ2lmIiB3aWR0aD0iMTAwJSIgaGVpZ2h0PSIxMCI+PC90ZD48dGQgd2lkdGg9IjIzJSI+PGltZyBzcmM9Imh0dHA6Ly93d3cucmFrdXRlbi5uZS5qcC9nb2xkL2ViZXN0L2ltZy9pbWdfZ3VpZGUvc3BhY2VyLmdpZiIgd2lkdGg9IjEwMCUiIGhlaWdodD0iMTAiPjwvdGQ+PC90cj48dHI+PHRkIGNvbHNwYW49IjciIHdpZHRoPSIxMDAlIj48aW1nIHNyYz0iaHR0cDovL3d3dy5yYWt1dGVuLm5lLmpwL2dvbGQvZWJlc3QvaW1nL2ltZ19ndWlkZS9zcGFjZXIuZ2lmIiB3aWR0aD0iMTAwJSIgaGVpZ2h0PSIyMCI+PC90ZD48L3RyPjwvdGFibGU+PGJyPjxicj7ilqDjgqjjgqLjgrPjg7PjgpLlgZzmraLkuK3jgafjgoLjgIHjgYrpg6jlsYvjga7muKnluqbjgYwyMOKEg+OAgea5v+W6puOBjDcwJeS7peS4iuOCkuaknOefpeOBmeOCi+OBqOODl+ODqeOCuuODnuOCr+ODqeOCueOCv+ODvOWNmOeLrOmBi+i7ouOCkuiHquWLleOBp+mWi+Wnizxicj7ilqDmmpbmiL/jgajpmaTmub/jgpLntYTjgb/lkIjjgo/jgZvjgabjgIHlirnnjofjgojjgY/mtJfmv6/nianjgpLkub7nh6UgMuaZgumWk+OBrumBi+i7ouOBp+e0hDRrZ+OBrua0l+a/r+eJqeOCkuS5vuOBi+OBl+OBvuOBmTxicj7ilqDmmpbjgoHjgZnjgY7jgarjgYTjgIHjgoTjgZXjgZfjgZXmmpbmiL8v5Ya344KE44GX44GZ44GO44Gq44GE44CB44KE44GV44GX44GV5Ya35oi/PGJyPjxiPumbu+a6kDwvYj7vvJrljZjnm7gyMDBWIDE1QTxicj48Yj7jgrPjg7Pjgrvjg7Pjg4jlvaLnirY8L2I+77ya44K/44Oz44OH44OgPGJyPjxiPumBqeeUqOeVs+aVsDwvYj48YnI+44CA5pqW5oi/77yaMTXvvZ4xOOeVsygyNO+9njMwbTIpPGJyPuOAgOWGt+aIv++8mjE1772eMjPnlbMoMjXvvZ4zOW0yKTxicj48Yj7og73lips8L2I+PGJyPuOAgOaaluaIv++8mjYuN2tXKDAuOO+9njguN2tXKTxicj7jgIDlhrfmiL/vvJo1LjZrVygwLjjvvZ41LjdrVyk8YnI+PGI+5raI6LK76Zu75YqbPC9iPjxicj7jgIDmmpbmiL/vvJoxOTAwVygxNDDvvZ4yOTQwVyk8YnI+44CA5Ya35oi/77yaMjI1MFcoMTQw772eMjI4MFcpPGJyPjxiPuacn+mWk+a2iOiyu+mbu+WKm+mHjzwvYj7vvJoyMTE4a1doKEpJUyBDOTYxMu+8mjIwMTMpPGJyPjxiPuecgeOCqOODjeWfuua6lumBlOaIkOeOhzwvYj7vvJoxMDAl77ya55uu5qiZ5bm05bqm44CAMjAxMOW5tDxicj48Yj7pgJrlubTjgqjjg43jg6vjgq7jg7zmtojosrvlirnnjocoQVBGKTwvYj7vvJo1KEpJUyBDOTYxMu+8mjIwMTMpPGJyPjxiPuapn+iDvTwvYj48YnI+44CA44OV44Kj44Or44K/44O86Ieq5YuV5o6D6Zmk77yaLTxicj7jgIDpmaToj4zvvJotPGJyPuOAgOepuuawl+a4hea1hO+8mi08YnI+44CA5o+b5rCX77yaLTxicj7jgIDpmaTmub/vvJril4s8YnI+44CA5Yqg5rm/772l5L+d5rm/77yaLTxicj7jgIDkurrmhJ/jgrvjg7PjgrXjg7zvvJotPGJyPjxiPumBi+i7oumfszwvYj48YnI+44CA5pqW5oi/PGJyPuOAgOOAgOWupOWGheapn++8mjY2ZGIoSklTIEM5NjEy77yaMjAxMyk8YnI+44CA44CA5a6k5aSW5qmf77yaNjZkYihKSVMgQzk2MTLvvJoyMDEzKTxicj7jgIDlhrfmiL88YnI+44CA44CA5a6k5YaF5qmf77yaNjVkYihKSVMgQzk2MTLvvJoyMDEzKTxicj7jgIDjgIDlrqTlpJbmqZ/vvJo2NmRiKEpJUyBDOTYxMu+8mjIwMTMpPGJyPjxiPuacgOWkp+mFjeeuoemVtzwvYj7vvJoxNW08YnI+PGI+5pyA5aSn6auY5L2O5beuPC9iPu+8mjEwbTxicj48Yj7lr7jms5XvvaXph43ph488L2I+PGJyPuOAgOWupOWGheapn+WvuOazle+8muW5hSA3NzB46auY44GVIDI2MHjlpaXooYwgMjU0bW08YnI+44CA5a6k5YaF5qmf6LOq6YeP77ya57SEOWtnPGJyPuOAgOWupOWkluapn+WvuOazle+8muW5hSA4MDB46auY44GVIDYzMHjlpaXooYwgMzAwbW08YnI+44CA5a6k5aSW5qmf6LOq6YeP77ya57SEMzhrZzxicj48Yj7ku5jlsZ7lk4E8L2I+77yaPGJyPuOAgOS/neiovOabuDxicj7jgIDlj5bmibHoqqzmmI7mm7g8YnI+44CA44Oq44Oi44Kz44OzPGJyPuOAgOWNmDTkub7pm7vmsaAgMuacrDxicj4=,44K344Oj44O844OXIEFZLUc1NkQyLVco44Ob44Ov44Kk44OIKSBHLUTjgrfjg6rjg7zjgrogMTjnlbMg6Zu75rqQMjAwVu+8muOCpOODvOODmeOCueODiFBD44O75a626Zu76aSo,44OR44K944Kz44Oz5a626Zu744Kq44O844OH44Kj44Kq576O5a655YGl5bq344Oi44OQ44Kk44Or77yw77yk77yh44OA44Kk44Ko44OD44OI44OG44Os44OT44Of44OL44Kz44Oz44OT44OH44Kq44K944OL44O844K544Kr44OR44O8VC1mYWzjg4bjgqPjg5XjgqHjg7zjg6vml6XnlKjlk4Hjgrnjg53jg7zjg4TjgYrjgoLjgaHjgoPjgrLjg7zjg6DjgYrosrfjgYTlvpfjgrfjg6Pjg7zjg5cgQVktRzU2RDItVyjjg5vjg6/jgqTjg4gpIEctROOCt+ODquODvOOCuiAxOOeVsyDpm7vmupAyMDBW,44CQ6YCB5paZ54Sh5paZ44CR44CQ6YCa5bi4MTXml6XnqIvluqbjgavjgablh7rojbfjgJHjgILjgrfjg6Pjg7zjg5cgQVktRzU2RDItVyjjg5vjg6/jgqTjg4gpIEctROOCt+ODquODvOOCuiAxOOeVsyDpm7vmupAyMDBW[rn]
37-97143,aHR0cDovL3RzaG9wLnIxMHMuanAvZWJlc3QvY2FiaW5ldC8yMjEvMDAwMDAwMDAxMDE4My5qcGc/Zml0aW49NzAwOjcwMA==,MjcwMzExLjIwMDA=,,5a626Zu7ID4g5a2j56+A44O756m66Kq/5a626Zu7ID4g44Ko44Ki44Kz44OzID4g44Ko44Ki44Kz44Oz,44CQ6ZW35pyf5L+d6Ki85LuY44CR5p2x6IqdIFJBUy1DNTY2RFItVyDlpKfmuIXlv6sgQy1EUuOCt+ODquODvOOCuiAxOOeVsyDpm7vmupAyMDBW,44CQ6YCB5paZ54Sh5paZ44CR44CQ6YCa5bi4OOaXpeeoi+W6puOBq+OBpuWHuuiNt+OAkQ==,44Ko44OK44K444O844K744O844OW44Kz44Oz44OX44Os44OD44K144O844Gn5pyA5bCP5raI6LK76Zu75YqbNDVX44KS5a6f54++PHRhYmxlIGJvcmRlcj0iMCIgY2VsbHNwYWNpbmc9IjAiIGNlbGxwYWRkaW5nPSIwIiB3aWR0aD0iMTAwJSI+PHRyPjx0ZCB3aWR0aD0iMTAwJSI+PGltZyBzcmM9Imh0dHBzOi8vd3d3LnJha3V0ZW4ubmUuanAvZ29sZC9lYmVzdC9pbWcvaW1nX2d1aWRlL3RsdF9vcHRpb24uanBnIiBib3JkZXI9IjAiIHdpZHRoPSIxMDAlIj48L3RkPjwvdHI+PHRyPjx0ZCB3aWR0aD0iMTAwJSI+PGltZyBzcmM9Imh0dHBzOi8vd3d3LnJha3V0ZW4ubmUuanAvZ29sZC9lYmVzdC9pbWcvaW1nX2d1aWRlL3NwYWNlci5naWYiIHdpZHRoPSIxMDAlIiBoZWlnaHQ9IjEwIj48L3RkPjwvdHI+PHRyPjx0ZD48Zm9udCBjb2xvcj0icmVkIj7llYblk4Hjga7lnKjluqvnirbms4Hjga/kuIvooajjga7jgIzllYblk4Hjga7jgb/jgI3jga7jg5rjg7zjgrjjgbjnp7vli5XjgZfjgabjgZTnorroqo3jgY/jgaDjgZXjgYTjgII8YnI+6ZW35pyf5L+d6Ki844Gv5rOV5Lq65qeY77yI5YCL5Lq65qeY5Lul5aSW77yJ44Gu5Yqg5YWl44CB5qWt5YuZ44Gn44Gu5L2/55So44Gv5L+d6Ki85aSW44Go44Gq44KK44G+44GZ44CCPGJyPuW/heOBmumVt+acn+S/neiovOOBruOCteODvOODk+OCueWGheWuueOAgeimj+WumuOCkuS6iOOCgeOBlOeiuuiqjeOBj+OBoOOBleOBhOOAgjxicj7plbfmnJ/kv53oqLzjgpLjgZTluIzmnJvjgZXjgozjgarjgYTloLTlkIjjga/kuIvoqJjjga7ooajjgojjgorjgIzllYblk4Hjga7jgb/jgI3jga7jg5rjg7zjgrjjgbjnp7vli5XjgZfjgabjgZTms6jmlofjgY/jgaDjgZXjgYTjgII8YnI+77yV5bm06ZaT6ZW35pyf5L+d6Ki84oC777yw77yj44CB44K/44OW44Os44OD44OI44CB44OX44Oq44Oz44K/44O844CB5bel5YW344Gv77yT5bm044Go44Gq44KK44G+44GZ44CCPC9mb250PjwvdGQ+PC90cj48dHI+PHRkIHdpZHRoPSIxMDAlIj48aW1nIHNyYz0iaHR0cHM6Ly93d3cucmFrdXRlbi5uZS5qcC9nb2xkL2ViZXN0L2ltZy9pbWdfZ3VpZGUvc3BhY2VyLmdpZiIgd2lkdGg9IjEwMCUiIGhlaWdodD0iMjAiPjwvdGQ+PC90cj48L3RhYmxlPjx0YWJsZSBib3JkZXI9IjAiIGNlbGxzcGFjaW5nPSIwIiBjZWxscGFkZGluZz0iMCIgd2lkdGg9IjEwMCUiPjx0cj48dGQgd2lkdGg9IjE1JSI+PGltZyBzcmM9Imh0dHBzOi8vd3d3LnJha3V0ZW4ubmUuanAvZ29sZC9lYmVzdC9pbWcvaW1nX2d1aWRlL2J0bl9vcHRpb24wMS5qcGciIGJvcmRlcj0iMCIgd2lkdGg9IjEwMCUiPjwvdGQ+PHRkIHdpZHRoPSIyJSI+PGltZyBzcmM9Imh0dHBzOi8vd3d3LnJha3V0ZW4ubmUuanAvZ29sZC9lYmVzdC9pbWcvaW1nX2d1aWRlL3NwYWNlci5naWYiIHdpZHRoPSIxMDAlIiBoZWlnaHQ9IjEwIj48L3RkPjx0ZCB3aWR0aD0iMTUlIj48aW1nIHNyYz0iaHR0cHM6Ly93d3cucmFrdXRlbi5uZS5qcC9nb2xkL2ViZXN0L2ltZy9pbWdfZ3VpZGUvYnRuX29wdGlvbjAyLmpwZyIgYm9yZGVyPSIwIiB3aWR0aD0iMTAwJSI+PC90ZD48dGQgd2lkdGg9IjIlIj48aW1nIHNyYz0iaHR0cHM6Ly93d3cucmFrdXRlbi5uZS5qcC9nb2xkL2ViZXN0L2ltZy9pbWdfZ3VpZGUvc3BhY2VyLmdpZiIgd2lkdGg9IjEwMCUiIGhlaWdodD0iMTAiPjwvdGQ+PHRkIHdpZHRoPSIxNSUiPjxpbWcgc3JjPSJodHRwczovL3d3dy5yYWt1dGVuLm5lLmpwL2dvbGQvZWJlc3QvaW1nL2ltZ19ndWlkZS9zcGFjZXIuZ2lmIiB3aWR0aD0iMTAwJSIgaGVpZ2h0PSIxMCI+PC90ZD48dGQgd2lkdGg9IjIlIj48aW1nIHNyYz0iaHR0cHM6Ly93d3cucmFrdXRlbi5uZS5qcC9nb2xkL2ViZXN0L2ltZy9pbWdfZ3VpZGUvc3BhY2VyLmdpZiIgd2lkdGg9IjEwMCUiIGhlaWdodD0iMTAiPjwvdGQ+PHRkIHdpZHRoPSIxNSUiPjxpbWcgc3JjPSJodHRwczovL3d3dy5yYWt1dGVuLm5lLmpwL2dvbGQvZWJlc3QvaW1nL2ltZ19ndWlkZS9zcGFjZXIuZ2lmIiB3aWR0aD0iMTAwJSIgaGVpZ2h0PSIxMCI+PC90ZD48dGQgd2lkdGg9IjIlIj48aW1nIHNyYz0iaHR0cHM6Ly93d3cucmFrdXRlbi5uZS5qcC9nb2xkL2ViZXN0L2ltZy9pbWdfZ3VpZGUvc3BhY2VyLmdpZiIgd2lkdGg9IjEwMCUiIGhlaWdodD0iMTAiPjwvdGQ+PHRkIHdpZHRoPSIxNSUiPjxpbWcgc3JjPSJodHRwczovL3d3dy5yYWt1dGVuLm5lLmpwL2dvbGQvZWJlc3QvaW1nL2ltZ19ndWlkZS9zcGFjZXIuZ2lmIiB3aWR0aD0iMTAwJSIgaGVpZ2h0PSIxMCI+PC90ZD48dGQgd2lkdGg9IjIlIj48aW1nIHNyYz0iaHR0cHM6Ly93d3cucmFrdXRlbi5uZS5qcC9nb2xkL2ViZXN0L2ltZy9pbWdfZ3VpZGUvc3BhY2VyLmdpZiIgd2lkdGg9IjEwMCUiIGhlaWdodD0iMTAiPjwvdGQ+PHRkIHdpZHRoPSIxNSUiPjxpbWcgc3JjPSJodHRwczovL3d3dy5yYWt1dGVuLm5lLmpwL2dvbGQvZWJlc3QvaW1nL2ltZ19ndWlkZS9zcGFjZXIuZ2lmIiB3aWR0aD0iMTAwJSIgaGVpZ2h0PSIxMCI+PC90ZD48L3RyPjx0cj48dGQgY29sc3Bhbj0iMTEiIHdpZHRoPSIxMDAlIj48aW1nIHNyYz0iaHR0cHM6Ly93d3cucmFrdXRlbi5uZS5qcC9nb2xkL2ViZXN0L2ltZy9pbWdfZ3VpZGUvc3BhY2VyLmdpZiIgd2lkdGg9IjEwMCUiIGhlaWdodD0iMjAiPjwvdGQ+PC90cj48L3RhYmxlPjx0YWJsZSBib3JkZXI9IjAiIGNlbGxzcGFjaW5nPSIwIiBjZWxscGFkZGluZz0iMCIgd2lkdGg9IjEwMCUiPjx0cj48dGQgY29sc3Bhbj0iNyIgd2lkdGg9IjEwMCUiPjxpbWcgc3JjPSJodHRwczovL3d3dy5yYWt1dGVuLm5lLmpwL2dvbGQvZWJlc3QvaW1nL2ltZ19ndWlkZS90bHRfc2VydmljZS5qcGciIHdpZHRoPSIxMDAlIj48L3RkPjwvdHI+PHRyPjx0ZCBjb2xzcGFuPSI3IiB3aWR0aD0iMTAwJSI+PGltZyBzcmM9Imh0dHBzOi8vd3d3LnJha3V0ZW4ubmUuanAvZ29sZC9lYmVzdC9pbWcvaW1nX2d1aWRlL3NwYWNlci5naWYiIHdpZHRoPSIxMDAlIiBoZWlnaHQ9IjIwIj48L3RkPjwvdHI+PHRyPjx0ZCB3aWR0aD0iMjMlIj48aW1nIHNyYz0iaHR0cHM6Ly93d3cucmFrdXRlbi5uZS5qcC9nb2xkL2ViZXN0L2ltZy9pbWdfZ3VpZGUvYnRuX3NlcnZpY2UwMS5qcGciIHdpZHRoPSIxMDAlIj48L3RkPjx0ZCB3aWR0aD0iMiUiPjxpbWcgc3JjPSJodHRwczovL3d3dy5yYWt1dGVuLm5lLmpwL2dvbGQvZWJlc3QvaW1nL2ltZ19ndWlkZS9zcGFjZXIuZ2lmIiB3aWR0aD0iMTAwJSIgaGVpZ2h0PSIxMCI+PC90ZD48dGQgd2lkdGg9IjIzJSI+PGltZyBzcmM9Imh0dHBzOi8vd3d3LnJha3V0ZW4ubmUuanAvZ29sZC9lYmVzdC9pbWcvaW1nX2d1aWRlL3NwYWNlci5naWYiIHdpZHRoPSIxMDAlIiBoZWlnaHQ9IjEwIj48L3RkPjx0ZCB3aWR0aD0iMiUiPjxpbWcgc3JjPSJodHRwczovL3d3dy5yYWt1dGVuLm5lLmpwL2dvbGQvZWJlc3QvaW1nL2ltZ19ndWlkZS9zcGFjZXIuZ2lmIiB3aWR0aD0iMTAwJSIgaGVpZ2h0PSIxMCI+PC90ZD48dGQgd2lkdGg9IjIzJSI+PGltZyBzcmM9Imh0dHBzOi8vd3d3LnJha3V0ZW4ubmUuanAvZ29sZC9lYmVzdC9pbWcvaW1nX2d1aWRlL3NwYWNlci5naWYiIHdpZHRoPSIxMDAlIiBoZWlnaHQ9IjEwIj48L3RkPjx0ZCB3aWR0aD0iMiUiPjxpbWcgc3JjPSJodHRwczovL3d3dy5yYWt1dGVuLm5lLmpwL2dvbGQvZWJlc3QvaW1nL2ltZ19ndWlkZS9zcGFjZXIuZ2lmIiB3aWR0aD0iMTAwJSIgaGVpZ2h0PSIxMCI+PC90ZD48dGQgd2lkdGg9IjIzJSI+PGltZyBzcmM9Imh0dHBzOi8vd3d3LnJha3V0ZW4ubmUuanAvZ29sZC9lYmVzdC9pbWcvaW1nX2d1aWRlL3NwYWNlci5naWYiIHdpZHRoPSIxMDAlIiBoZWlnaHQ9IjEwIj48L3RkPjwvdHI+PHRyPjx0ZCBjb2xzcGFuPSI3IiB3aWR0aD0iMTAwJSI+PGltZyBzcmM9Imh0dHBzOi8vd3d3LnJha3V0ZW4ubmUuanAvZ29sZC9lYmVzdC9pbWcvaW1nX2d1aWRlL3NwYWNlci5naWYiIHdpZHRoPSIxMDAlIiBoZWlnaHQ9IjIwIj48L3RkPjwvdHI+PC90YWJsZT48YnI+4pag5Ya35pqW5oi/44GX44Gq44GM44KJ44GK6YOo5bGL44Gu56m65rCX44KS44Kt44Os44Kk44GrIeOAjOODl+ODqeOCuuODnuepuua4heOAjTxicj7ilqDjgqjjgqLjgrPjg7PlhoXpg6jjgYzmuIXmvZTjgaDjgYvjgonjgIHjgYTjgaTjgafjgoLjgq3jg6zjgqTjgarnqbrmsJc8YnI+4pag5rip6aKo5ZC544GN5Ye644GX57SEMzDnp5LjgIHjg5Hjg6/jg5Xjg6vmsJfmtYHjgafotrPlhYPjgZfjgaPjgYvjgormmpbmiL88YnI+PGI+6Zu75rqQPC9iPu+8muWNmOebuDIwMFYgMjBBPGJyPjxiPuOCs+ODs+OCu+ODs+ODiOW9oueKtjwvYj7vvJrjgqjjg6vjg5Djg7w8YnI+PGI+6YGp55So55Wz5pWwPC9iPjxicj7jgIDmmpbmiL/vvJoxNe+9njE455WzKDI0772eMzBtMik8YnI+44CA5Ya35oi/77yaMTXvvZ4yM+eVsygyNe+9njM5bTIpPGJyPjxiPuiDveWKmzwvYj48YnI+44CA5pqW5oi/77yaNi43a1coMC4y772eMTEuNWtXKTxicj7jgIDlhrfmiL/vvJo1LjZrVygwLjLvvZ42a1cpPGJyPjxiPua2iOiyu+mbu+WKmzwvYj48YnI+44CA5pqW5oi/77yaMTYxMFcoNDXvvZ4zNjUwVyk8YnI+44CA5Ya35oi/77yaMTcxMFcoNDXvvZ4yMzAwVyk8YnI+PGI+5pyf6ZaT5raI6LK76Zu75Yqb6YePPC9iPu+8mjE3MzZrV2goSklTIEM5NjEy77yaMjAxMyk8YnI+PGI+55yB44Ko44ON5Z+65rqW6YGU5oiQ546HPC9iPu+8mjEyMiUgOuebruaomeW5tOW6pjIwMTDlubQ8YnI+PGI+6YCa5bm044Ko44ON44Or44Ku44O85raI6LK75Yq5546HKEFQRik8L2I+77yaNi4xKEpJUyBDOTYxMu+8mjIwMTMpPGJyPjxiPuapn+iDvTwvYj48YnI+44CA44OV44Kj44Or44K/44O86Ieq5YuV5o6D6Zmk77yaLTxicj7jgIDpmaToj4zvvJotPGJyPuOAgOepuuawl+a4hea1hO+8mi08YnI+44CA5o+b5rCX77yaLTxicj7jgIDpmaTmub/vvJril4s8YnI+44CA5Yqg5rm/772l5L+d5rm/77yaLTxicj7jgIDkurrmhJ/jgrvjg7PjgrXjg7zvvJril4s8YnI+PGI+6YGL6Lui6Z+zPC9iPjxicj7jgIDmmpbmiL88YnI+44CA44CA5a6k5YaF5qmf77yaNjhkYihKSVMgQzk2MTLvvJoyMDEzKTxicj7jgIDjgIDlrqTlpJbmqZ/vvJo2NWRiKEpJUyBDOTYxMu+8mjIwMTMpPGJyPuOAgOWGt+aIvzxicj7jgIDjgIDlrqTlhoXmqZ/vvJo2OGRiKEpJUyBDOTYxMu+8mjIwMTMpPGJyPuOAgOOAgOWupOWkluapn++8mjY0ZGIoSklTIEM5NjEy77yaMjAxMyk8YnI+PGI+5pyA5aSn6YWN566h6ZW3PC9iPu+8mjIwbTxicj48Yj7mnIDlpKfpq5jkvY7lt648L2I+77yaMTBtPGJyPjxiPuWvuOazle+9pemHjemHjzwvYj48YnI+44CA5a6k5YaF5qmf5a+45rOV77ya5bmFIDc5OHjpq5jjgZUgMjkzeOWlpeihjCAzNTJtbTxicj7jgIDlrqTlhoXmqZ/os6rph4/vvJrntIQxN2tnPGJyPuOAgOWupOWkluapn+WvuOazle+8muW5hSA4NTl46auY44GVIDcxNHjlpaXooYwgMzA5bW08YnI+44CA5a6k5aSW5qmf6LOq6YeP77ya57SENDhrZzxicj48Yj7ku5jlsZ7lk4E8L2I+77yaPGJyPuOAgOODquODouOCs+ODszxicj7jgIDljZg05b2i5Lm+6Zu75rGgIDLmnKw8YnI+44CA44Oq44Oi44Kz44Oz44Ob44Or44OA44O8PGJyPuOAgOWbuuWumuOBreOBmDxicj7jgIDjgYrmjoPpmaTjg47jgrrjg6s8YnI+44CA5o2u5LuY5p2/PGJyPuOAgOaNruS7mOadv+WPluS7mOODjeOCuDxicj7jgIDjg4njg6zjg7Pjg4vjg4Pjg5fjg6s8YnI+44CA6Ziy5rC044K044Og44Kt44Oj44OD44OXPGJyPuOAgOaNruS7mOiqrOaYjuabuDxicj7jgIDlj5bmibHjgYToqqzmmI7mm7g8YnI+44CA5L+d6Ki85pu4PGJyPuOAgOODgeODo+ODg+OCr+S7mOiiiw==,44CQ6ZW35pyf5L+d6Ki85LuY44CR5p2x6IqdIFJBUy1DNTY2RFItVyDlpKfmuIXlv6sgQy1EUuOCt+ODquODvOOCuiAxOOeVsyDpm7vmupAyMDBW77ya44Kk44O844OZ44K544OIUEPjg7vlrrbpm7vppKg=,44OR44K944Kz44Oz5a626Zu744Kq44O844OH44Kj44Kq576O5a655YGl5bq344Oi44OQ44Kk44Or77yw77yk77yh44OA44Kk44Ko44OD44OI44OG44Os44OT44Of44OL44Kz44Oz44OT44OH44Kq44K944OL44O844K544Kr44OR44O8VC1mYWzjg4bjgqPjg5XjgqHjg7zjg6vml6XnlKjlk4Hjgrnjg53jg7zjg4TjgYrjgoLjgaHjgoPjgrLjg7zjg6DjgYrosrfjgYTlvpfjgJDplbfmnJ/kv53oqLzku5jjgJHmnbHoip0gUkFTLUM1NjZEUi1XIOWkp+a4heW/qyBDLURS44K344Oq44O844K6IDE455WzIOmbu+a6kDIwMFY=,44CQ6YCB5paZ54Sh5paZ44CR44CQ6YCa5bi4OOaXpeeoi+W6puOBq+OBpuWHuuiNt+OAkeOAguOAkOmVt+acn+S/neiovOS7mOOAkeadseiKnSBSQVMtQzU2NkRSLVcg5aSn5riF5b+rIEMtRFLjgrfjg6rjg7zjgrogMTjnlbMg6Zu75rqQMjAwVg==[rn]
37-97144,aHR0cDovL3RzaG9wLnIxMHMuanAvZWJlc3QvY2FiaW5ldC8yMjQvMDAwMDAwMDAxMDIzMi5qcGc/Zml0aW49NzAwOjcwMA==,MTU4NTc4LjQwMDA=,,5a626Zu7ID4g5a2j56+A44O756m66Kq/5a626Zu7ID4g44Ko44Ki44Kz44OzID4g44Ko44Ki44Kz44Oz,44CQ6ZW35pyf5L+d6Ki85LuY44CR5LiJ6I+xIE1TWi1TNTYxN1MtVyjjg5Hjgqbjg4Djg7zjgrnjg47jgqYpIOmcp+ODtuWzsCBT44K344Oq44O844K6IDE455WzIOmbu+a6kDIwMFY=,44CQ6YCB5paZ54Sh5paZ44CR44CQ6YCa5bi4OOaXpeeoi+W6puOBq+OBpuWHuuiNt+OAkQ==,5pqu44KJ44GX44Gr5b2p44KK44Go5b+r6YGp44KS55Sf44G/5Ye644GZ44OH44K244Kk44Oz44Ko44Ki44Kz44OzPHRhYmxlIGJvcmRlcj0iMCIgY2VsbHNwYWNpbmc9IjAiIGNlbGxwYWRkaW5nPSIwIiB3aWR0aD0iMTAwJSI+PHRyPjx0ZCB3aWR0aD0iMTAwJSI+PGltZyBzcmM9Imh0dHBzOi8vd3d3LnJha3V0ZW4ubmUuanAvZ29sZC9lYmVzdC9pbWcvaW1nX2d1aWRlL3RsdF9vcHRpb24uanBnIiBib3JkZXI9IjAiIHdpZHRoPSIxMDAlIj48L3RkPjwvdHI+PHRyPjx0ZCB3aWR0aD0iMTAwJSI+PGltZyBzcmM9Imh0dHBzOi8vd3d3LnJha3V0ZW4ubmUuanAvZ29sZC9lYmVzdC9pbWcvaW1nX2d1aWRlL3NwYWNlci5naWYiIHdpZHRoPSIxMDAlIiBoZWlnaHQ9IjEwIj48L3RkPjwvdHI+PHRyPjx0ZD48Zm9udCBjb2xvcj0icmVkIj7llYblk4Hjga7lnKjluqvnirbms4Hjga/kuIvooajjga7jgIzllYblk4Hjga7jgb/jgI3jga7jg5rjg7zjgrjjgbjnp7vli5XjgZfjgabjgZTnorroqo3jgY/jgaDjgZXjgYTjgII8YnI+6ZW35pyf5L+d6Ki844Gv5rOV5Lq65qeY77yI5YCL5Lq65qeY5Lul5aSW77yJ44Gu5Yqg5YWl44CB5qWt5YuZ44Gn44Gu5L2/55So44Gv5L+d6Ki85aSW44Go44Gq44KK44G+44GZ44CCPGJyPuW/heOBmumVt+acn+S/neiovOOBruOCteODvOODk+OCueWGheWuueOAgeimj+WumuOCkuS6iOOCgeOBlOeiuuiqjeOBj+OBoOOBleOBhOOAgjxicj7plbfmnJ/kv53oqLzjgpLjgZTluIzmnJvjgZXjgozjgarjgYTloLTlkIjjga/kuIvoqJjjga7ooajjgojjgorjgIzllYblk4Hjga7jgb/jgI3jga7jg5rjg7zjgrjjgbjnp7vli5XjgZfjgabjgZTms6jmlofjgY/jgaDjgZXjgYTjgII8YnI+77yV5bm06ZaT6ZW35pyf5L+d6Ki84oC777yw77yj44CB44K/44OW44Os44OD44OI44CB44OX44Oq44Oz44K/44O844CB5bel5YW344Gv77yT5bm044Go44Gq44KK44G+44GZ44CCPC9mb250PjwvdGQ+PC90cj48dHI+PHRkIHdpZHRoPSIxMDAlIj48aW1nIHNyYz0iaHR0cHM6Ly93d3cucmFrdXRlbi5uZS5qcC9nb2xkL2ViZXN0L2ltZy9pbWdfZ3VpZGUvc3BhY2VyLmdpZiIgd2lkdGg9IjEwMCUiIGhlaWdodD0iMjAiPjwvdGQ+PC90cj48L3RhYmxlPjx0YWJsZSBib3JkZXI9IjAiIGNlbGxzcGFjaW5nPSIwIiBjZWxscGFkZGluZz0iMCIgd2lkdGg9IjEwMCUiPjx0cj48dGQgd2lkdGg9IjE1JSI+PGltZyBzcmM9Imh0dHBzOi8vd3d3LnJha3V0ZW4ubmUuanAvZ29sZC9lYmVzdC9pbWcvaW1nX2d1aWRlL2J0bl9vcHRpb24wMS5qcGciIGJvcmRlcj0iMCIgd2lkdGg9IjEwMCUiPjwvdGQ+PHRkIHdpZHRoPSIyJSI+PGltZyBzcmM9Imh0dHBzOi8vd3d3LnJha3V0ZW4ubmUuanAvZ29sZC9lYmVzdC9pbWcvaW1nX2d1aWRlL3NwYWNlci5naWYiIHdpZHRoPSIxMDAlIiBoZWlnaHQ9IjEwIj48L3RkPjx0ZCB3aWR0aD0iMTUlIj48aW1nIHNyYz0iaHR0cHM6Ly93d3cucmFrdXRlbi5uZS5qcC9nb2xkL2ViZXN0L2ltZy9pbWdfZ3VpZGUvYnRuX29wdGlvbjAyLmpwZyIgYm9yZGVyPSIwIiB3aWR0aD0iMTAwJSI+PC90ZD48dGQgd2lkdGg9IjIlIj48aW1nIHNyYz0iaHR0cHM6Ly93d3cucmFrdXRlbi5uZS5qcC9nb2xkL2ViZXN0L2ltZy9pbWdfZ3VpZGUvc3BhY2VyLmdpZiIgd2lkdGg9IjEwMCUiIGhlaWdodD0iMTAiPjwvdGQ+PHRkIHdpZHRoPSIxNSUiPjxpbWcgc3JjPSJodHRwczovL3d3dy5yYWt1dGVuLm5lLmpwL2dvbGQvZWJlc3QvaW1nL2ltZ19ndWlkZS9zcGFjZXIuZ2lmIiB3aWR0aD0iMTAwJSIgaGVpZ2h0PSIxMCI+PC90ZD48dGQgd2lkdGg9IjIlIj48aW1nIHNyYz0iaHR0cHM6Ly93d3cucmFrdXRlbi5uZS5qcC9nb2xkL2ViZXN0L2ltZy9pbWdfZ3VpZGUvc3BhY2VyLmdpZiIgd2lkdGg9IjEwMCUiIGhlaWdodD0iMTAiPjwvdGQ+PHRkIHdpZHRoPSIxNSUiPjxpbWcgc3JjPSJodHRwczovL3d3dy5yYWt1dGVuLm5lLmpwL2dvbGQvZWJlc3QvaW1nL2ltZ19ndWlkZS9zcGFjZXIuZ2lmIiB3aWR0aD0iMTAwJSIgaGVpZ2h0PSIxMCI+PC90ZD48dGQgd2lkdGg9IjIlIj48aW1nIHNyYz0iaHR0cHM6Ly93d3cucmFrdXRlbi5uZS5qcC9nb2xkL2ViZXN0L2ltZy9pbWdfZ3VpZGUvc3BhY2VyLmdpZiIgd2lkdGg9IjEwMCUiIGhlaWdodD0iMTAiPjwvdGQ+PHRkIHdpZHRoPSIxNSUiPjxpbWcgc3JjPSJodHRwczovL3d3dy5yYWt1dGVuLm5lLmpwL2dvbGQvZWJlc3QvaW1nL2ltZ19ndWlkZS9zcGFjZXIuZ2lmIiB3aWR0aD0iMTAwJSIgaGVpZ2h0PSIxMCI+PC90ZD48dGQgd2lkdGg9IjIlIj48aW1nIHNyYz0iaHR0cHM6Ly93d3cucmFrdXRlbi5uZS5qcC9nb2xkL2ViZXN0L2ltZy9pbWdfZ3VpZGUvc3BhY2VyLmdpZiIgd2lkdGg9IjEwMCUiIGhlaWdodD0iMTAiPjwvdGQ+PHRkIHdpZHRoPSIxNSUiPjxpbWcgc3JjPSJodHRwczovL3d3dy5yYWt1dGVuLm5lLmpwL2dvbGQvZWJlc3QvaW1nL2ltZ19ndWlkZS9zcGFjZXIuZ2lmIiB3aWR0aD0iMTAwJSIgaGVpZ2h0PSIxMCI+PC90ZD48L3RyPjx0cj48dGQgY29sc3Bhbj0iMTEiIHdpZHRoPSIxMDAlIj48aW1nIHNyYz0iaHR0cHM6Ly93d3cucmFrdXRlbi5uZS5qcC9nb2xkL2ViZXN0L2ltZy9pbWdfZ3VpZGUvc3BhY2VyLmdpZiIgd2lkdGg9IjEwMCUiIGhlaWdodD0iMjAiPjwvdGQ+PC90cj48L3RhYmxlPjx0YWJsZSBib3JkZXI9IjAiIGNlbGxzcGFjaW5nPSIwIiBjZWxscGFkZGluZz0iMCIgd2lkdGg9IjEwMCUiPjx0cj48dGQgY29sc3Bhbj0iNyIgd2lkdGg9IjEwMCUiPjxpbWcgc3JjPSJodHRwczovL3d3dy5yYWt1dGVuLm5lLmpwL2dvbGQvZWJlc3QvaW1nL2ltZ19ndWlkZS90bHRfc2VydmljZS5qcGciIHdpZHRoPSIxMDAlIj48L3RkPjwvdHI+PHRyPjx0ZCBjb2xzcGFuPSI3IiB3aWR0aD0iMTAwJSI+PGltZyBzcmM9Imh0dHBzOi8vd3d3LnJha3V0ZW4ubmUuanAvZ29sZC9lYmVzdC9pbWcvaW1nX2d1aWRlL3NwYWNlci5naWYiIHdpZHRoPSIxMDAlIiBoZWlnaHQ9IjIwIj48L3RkPjwvdHI+PHRyPjx0ZCB3aWR0aD0iMjMlIj48aW1nIHNyYz0iaHR0cHM6Ly93d3cucmFrdXRlbi5uZS5qcC9nb2xkL2ViZXN0L2ltZy9pbWdfZ3VpZGUvYnRuX3NlcnZpY2UwMS5qcGciIHdpZHRoPSIxMDAlIj48L3RkPjx0ZCB3aWR0aD0iMiUiPjxpbWcgc3JjPSJodHRwczovL3d3dy5yYWt1dGVuLm5lLmpwL2dvbGQvZWJlc3QvaW1nL2ltZ19ndWlkZS9zcGFjZXIuZ2lmIiB3aWR0aD0iMTAwJSIgaGVpZ2h0PSIxMCI+PC90ZD48dGQgd2lkdGg9IjIzJSI+PGltZyBzcmM9Imh0dHBzOi8vd3d3LnJha3V0ZW4ubmUuanAvZ29sZC9lYmVzdC9pbWcvaW1nX2d1aWRlL3NwYWNlci5naWYiIHdpZHRoPSIxMDAlIiBoZWlnaHQ9IjEwIj48L3RkPjx0ZCB3aWR0aD0iMiUiPjxpbWcgc3JjPSJodHRwczovL3d3dy5yYWt1dGVuLm5lLmpwL2dvbGQvZWJlc3QvaW1nL2ltZ19ndWlkZS9zcGFjZXIuZ2lmIiB3aWR0aD0iMTAwJSIgaGVpZ2h0PSIxMCI+PC90ZD48dGQgd2lkdGg9IjIzJSI+PGltZyBzcmM9Imh0dHBzOi8vd3d3LnJha3V0ZW4ubmUuanAvZ29sZC9lYmVzdC9pbWcvaW1nX2d1aWRlL3NwYWNlci5naWYiIHdpZHRoPSIxMDAlIiBoZWlnaHQ9IjEwIj48L3RkPjx0ZCB3aWR0aD0iMiUiPjxpbWcgc3JjPSJodHRwczovL3d3dy5yYWt1dGVuLm5lLmpwL2dvbGQvZWJlc3QvaW1nL2ltZ19ndWlkZS9zcGFjZXIuZ2lmIiB3aWR0aD0iMTAwJSIgaGVpZ2h0PSIxMCI+PC90ZD48dGQgd2lkdGg9IjIzJSI+PGltZyBzcmM9Imh0dHBzOi8vd3d3LnJha3V0ZW4ubmUuanAvZ29sZC9lYmVzdC9pbWcvaW1nX2d1aWRlL3NwYWNlci5naWYiIHdpZHRoPSIxMDAlIiBoZWlnaHQ9IjEwIj48L3RkPjwvdHI+PHRyPjx0ZCBjb2xzcGFuPSI3IiB3aWR0aD0iMTAwJSI+PGltZyBzcmM9Imh0dHBzOi8vd3d3LnJha3V0ZW4ubmUuanAvZ29sZC9lYmVzdC9pbWcvaW1nX2d1aWRlL3NwYWNlci5naWYiIHdpZHRoPSIxMDAlIiBoZWlnaHQ9IjIwIj48L3RkPjwvdHI+PC90YWJsZT48YnI+4pag44CM44Og44O844OW44Ki44Kk44CN44GM5Lq644Gu5L2T5oSf5rip5bqm44KS6KaL44Gm44CB44CM44OP44Kk44OW44Oq44OD44OJ6YGL6Lui44CN44Gn5Ya344GI44KL44Go44CM54i96aKo44CN44CB5pqR44GE44Go44CM5Ya35oi/44CN44Gr6Ieq5YuV44Gn5YiH5pu/44GIPGJyPuKWoOWGt+aIv++9pemZpOa5v+mBi+i7oue1guS6huW+jOOBquOBqeOBq+iHquWLleeahOOBq+OCqOOCouOCs+ODs+WGhemDqOOBruS5vueHpSjliqDnhrEp6YGL6Lui44KS6KGM44GE44CB44Kr44OT44Gu5oiQ6ZW344KS5oqR5Yi244GX44G+44GZPGJyPuKWoOawl+OBq+OBquOCi+WvneWupOOBruepuuawl+OBr+OAjOW4r+mbu+ODn+OCr+ODreODleOCo+ODq+OCv+ODvOOAjeOBp+OAgea4hea9lOOBqzxicj48Yj7pm7vmupA8L2I+77ya5Y2Y55u4MjAwViAxNUE8YnI+PGI+44Kz44Oz44K744Oz44OI5b2i54q2PC9iPu+8muOCv+ODs+ODh+ODoDxicj48Yj7pgannlKjnlbPmlbA8L2I+PGJyPuOAgOaaluaIv++8mjE1772eMTjnlbMoMjTvvZ4zMG0yKTxicj7jgIDlhrfmiL/vvJoxNe+9njIz55WzKDI1772eMzltMik8YnI+PGI+6IO95YqbPC9iPjxicj7jgIDmmpbmiL/vvJo2LjdrVygwLjjvvZ45LjJrVyk8YnI+44CA5Ya35oi/77yaNS42a1coMC44772eNS44a1cpPGJyPjxiPua2iOiyu+mbu+WKmzwvYj48YnI+44CA5pqW5oi/77yaMTg1MFcoMTI1772eMjk3MFcpPGJyPuOAgOWGt+aIv++8mjIzODBXKDEyNe+9njI1MTBXKTxicj48Yj7mnJ/plpPmtojosrvpm7vlipvph488L2I+77yaMjExOGtXaChKSVMgQzk2MTLvvJoyMDEzKTxicj48Yj7nnIHjgqjjg43ln7rmupbpgZTmiJDnjoc8L2I+77yaMTAwJe+8muebruaomeW5tOW6puOAgDIwMTDlubQ8YnI+PGI+6YCa5bm044Ko44ON44Or44Ku44O85raI6LK75Yq5546HKEFQRik8L2I+77yaNShKSVMgQzk2MTLvvJoyMDEzKTxicj48Yj7mqZ/og708L2I+PGJyPuOAgOODleOCo+ODq+OCv+ODvOiHquWLleaOg+mZpO+8mi08YnI+44CA6Zmk6I+M77yaLTxicj7jgIDnqbrmsJfmuIXmtYTvvJril4s8YnI+44CA5o+b5rCX77yaLTxicj7jgIDpmaTmub/vvJril4s8YnI+44CA5Yqg5rm/772l5L+d5rm/77ya5L+d5rm/PGJyPuOAgOS6uuaEn+OCu+ODs+OCteODvO+8muKXizxicj48Yj7pgYvou6Lpn7M8L2I+PGJyPuOAgOaaluaIvzxicj7jgIDjgIDlrqTlhoXmqZ/vvJo2N2RiKEpJUyBDOTYxMu+8mjIwMTMpPGJyPuOAgOOAgOWupOWkluapn++8mjY3ZGIoSklTIEM5NjEy77yaMjAxMyk8YnI+44CA5Ya35oi/PGJyPuOAgOOAgOWupOWGheapn++8mjY2ZGIoSklTIEM5NjEy77yaMjAxMyk8YnI+44CA44CA5a6k5aSW5qmf77yaNjZkYihKSVMgQzk2MTLvvJoyMDEzKTxicj48Yj7mnIDlpKfphY3nrqHplbc8L2I+77yaMTIo44OB44Oj44O844K444Os44K5MTBtKW08YnI+PGI+5pyA5aSn6auY5L2O5beuPC9iPu+8mjEwbTxicj48Yj7lr7jms5XvvaXph43ph488L2I+PGJyPuOAgOWupOWGheapn+WvuOazle+8muW5hSA3OTh46auY44GVIDI5NXjlpaXooYwgMjUybW08YnI+44CA5a6k5YaF5qmf6LOq6YeP77ya57SEMTJrZzxicj7jgIDlrqTlpJbmqZ/lr7jms5XvvJrluYUgODAweOmrmOOBlSA1NTB45aWl6KGMIDI4NW1tPGJyPuOAgOWupOWkluapn+izqumHj++8mue0hDM0a2c8YnI+PGI+5LuY5bGe5ZOBPC9iPu+8mjxicj7jgIDjg6rjg6LjgrPjg7M8YnI+44CA5Y2YNOW9ouS5vumbu+axoCAy5pysPGJyPuOAgOWPluaJseiqrOaYjuabuA==,44CQ6ZW35pyf5L+d6Ki85LuY44CR5LiJ6I+xIE1TWi1TNTYxN1MtVyjjg5Hjgqbjg4Djg7zjgrnjg47jgqYpIOmcp+ODtuWzsCBT44K344Oq44O844K6IDE455WzIOmbu+a6kDIwMFbvvJrjgqTjg7zjg5njgrnjg4hQQ+ODu+Wutumbu+mkqA==,44OR44K944Kz44Oz5a626Zu744Kq44O844OH44Kj44Kq576O5a655YGl5bq344Oi44OQ44Kk44Or77yw77yk77yh44OA44Kk44Ko44OD44OI44OG44Os44OT44Of44OL44Kz44Oz44OT44OH44Kq44K944OL44O844K544Kr44OR44O8VC1mYWzjg4bjgqPjg5XjgqHjg7zjg6vml6XnlKjlk4Hjgrnjg53jg7zjg4TjgYrjgoLjgaHjgoPjgrLjg7zjg6DjgYrosrfjgYTlvpfjgJDplbfmnJ/kv53oqLzku5jjgJHkuInoj7EgTVNaLVM1NjE3Uy1XKOODkeOCpuODgOODvOOCueODjuOCpikg6Zyn44O25bOwIFPjgrfjg6rjg7zjgrogMTjnlbMg6Zu75rqQMjAwVg==,44CQ6YCB5paZ54Sh5paZ44CR44CQ6YCa5bi4OOaXpeeoi+W6puOBq+OBpuWHuuiNt+OAkeOAguOAkOmVt+acn+S/neiovOS7mOOAkeS4ieiPsSBNU1otUzU2MTdTLVco44OR44Km44OA44O844K544OO44KmKSDpnKfjg7bls7AgU+OCt+ODquODvOOCuiAxOOeVsyDpm7vmupAyMDBW[rn]
37-97145,aHR0cDovL3RzaG9wLnIxMHMuanAvZWJlc3QvY2FiaW5ldC8yMjEvMDAwMDAwMDAxMDE2MS5qcGc/Zml0aW49NzAwOjcwMA==,MTY0NTI3LjIwMDA=,,5a626Zu7ID4g5a2j56+A44O756m66Kq/5a626Zu7ID4g44Ko44Ki44Kz44OzID4g44Ko44Ki44Kz44Oz,44CQ6ZW35pyf5L+d6Ki85LuY44CR44OR44OK44K944OL44OD44KvIENTLUdYNTY3QzItVyjjgq/jg6rjgrnjgr/jg6vjg5vjg6/jgqTjg4gpIEVvbGlhKOOCqOOCquODquOCoikgR1jjgrfjg6rjg7zjgrogMTjnlbMg6Zu75rqQMjAwVg==,44CQ6YCB5paZ54Sh5paZ44CR44CQ6YCa5bi4M+aXpeeoi+W6puOBq+OBpuWHuuiNt+OAkQ==,6auY44GV44GZ44Gj44GN44KKJuaJi+i7veOBquOBiuaOg+mZpOaQrei8ieODouODh+ODqzx0YWJsZSBib3JkZXI9IjAiIGNlbGxzcGFjaW5nPSIwIiBjZWxscGFkZGluZz0iMCIgd2lkdGg9IjEwMCUiPjx0cj48dGQgd2lkdGg9IjEwMCUiPjxpbWcgc3JjPSJodHRwczovL3d3dy5yYWt1dGVuLm5lLmpwL2dvbGQvZWJlc3QvaW1nL2ltZ19ndWlkZS90bHRfb3B0aW9uLmpwZyIgYm9yZGVyPSIwIiB3aWR0aD0iMTAwJSI+PC90ZD48L3RyPjx0cj48dGQgd2lkdGg9IjEwMCUiPjxpbWcgc3JjPSJodHRwczovL3d3dy5yYWt1dGVuLm5lLmpwL2dvbGQvZWJlc3QvaW1nL2ltZ19ndWlkZS9zcGFjZXIuZ2lmIiB3aWR0aD0iMTAwJSIgaGVpZ2h0PSIxMCI+PC90ZD48L3RyPjx0cj48dGQ+PGZvbnQgY29sb3I9InJlZCI+5ZWG5ZOB44Gu5Zyo5bqr54q25rOB44Gv5LiL6KGo44Gu44CM5ZWG5ZOB44Gu44G/44CN44Gu44Oa44O844K444G456e75YuV44GX44Gm44GU56K66KqN44GP44Gg44GV44GE44CCPGJyPumVt+acn+S/neiovOOBr+azleS6uuanmO+8iOWAi+S6uuanmOS7peWklu+8ieOBruWKoOWFpeOAgealreWLmeOBp+OBruS9v+eUqOOBr+S/neiovOWkluOBqOOBquOCiuOBvuOBmeOAgjxicj7lv4XjgZrplbfmnJ/kv53oqLzjga7jgrXjg7zjg5PjgrnlhoXlrrnjgIHopo/lrprjgpLkuojjgoHjgZTnorroqo3jgY/jgaDjgZXjgYTjgII8YnI+6ZW35pyf5L+d6Ki844KS44GU5biM5pyb44GV44KM44Gq44GE5aC05ZCI44Gv5LiL6KiY44Gu6KGo44KI44KK44CM5ZWG5ZOB44Gu44G/44CN44Gu44Oa44O844K444G456e75YuV44GX44Gm44GU5rOo5paH44GP44Gg44GV44GE44CCPGJyPu+8leW5tOmWk+mVt+acn+S/neiovOKAu++8sO+8o+OAgeOCv+ODluODrOODg+ODiOOAgeODl+ODquODs+OCv+ODvOOAgeW3peWFt+OBr++8k+W5tOOBqOOBquOCiuOBvuOBmeOAgjwvZm9udD48L3RkPjwvdHI+PHRyPjx0ZCB3aWR0aD0iMTAwJSI+PGltZyBzcmM9Imh0dHBzOi8vd3d3LnJha3V0ZW4ubmUuanAvZ29sZC9lYmVzdC9pbWcvaW1nX2d1aWRlL3NwYWNlci5naWYiIHdpZHRoPSIxMDAlIiBoZWlnaHQ9IjIwIj48L3RkPjwvdHI+PC90YWJsZT48dGFibGUgYm9yZGVyPSIwIiBjZWxsc3BhY2luZz0iMCIgY2VsbHBhZGRpbmc9IjAiIHdpZHRoPSIxMDAlIj48dHI+PHRkIHdpZHRoPSIxNSUiPjxpbWcgc3JjPSJodHRwczovL3d3dy5yYWt1dGVuLm5lLmpwL2dvbGQvZWJlc3QvaW1nL2ltZ19ndWlkZS9idG5fb3B0aW9uMDEuanBnIiBib3JkZXI9IjAiIHdpZHRoPSIxMDAlIj48L3RkPjx0ZCB3aWR0aD0iMiUiPjxpbWcgc3JjPSJodHRwczovL3d3dy5yYWt1dGVuLm5lLmpwL2dvbGQvZWJlc3QvaW1nL2ltZ19ndWlkZS9zcGFjZXIuZ2lmIiB3aWR0aD0iMTAwJSIgaGVpZ2h0PSIxMCI+PC90ZD48dGQgd2lkdGg9IjE1JSI+PGltZyBzcmM9Imh0dHBzOi8vd3d3LnJha3V0ZW4ubmUuanAvZ29sZC9lYmVzdC9pbWcvaW1nX2d1aWRlL2J0bl9vcHRpb24wMi5qcGciIGJvcmRlcj0iMCIgd2lkdGg9IjEwMCUiPjwvdGQ+PHRkIHdpZHRoPSIyJSI+PGltZyBzcmM9Imh0dHBzOi8vd3d3LnJha3V0ZW4ubmUuanAvZ29sZC9lYmVzdC9pbWcvaW1nX2d1aWRlL3NwYWNlci5naWYiIHdpZHRoPSIxMDAlIiBoZWlnaHQ9IjEwIj48L3RkPjx0ZCB3aWR0aD0iMTUlIj48aW1nIHNyYz0iaHR0cHM6Ly93d3cucmFrdXRlbi5uZS5qcC9nb2xkL2ViZXN0L2ltZy9pbWdfZ3VpZGUvc3BhY2VyLmdpZiIgd2lkdGg9IjEwMCUiIGhlaWdodD0iMTAiPjwvdGQ+PHRkIHdpZHRoPSIyJSI+PGltZyBzcmM9Imh0dHBzOi8vd3d3LnJha3V0ZW4ubmUuanAvZ29sZC9lYmVzdC9pbWcvaW1nX2d1aWRlL3NwYWNlci5naWYiIHdpZHRoPSIxMDAlIiBoZWlnaHQ9IjEwIj48L3RkPjx0ZCB3aWR0aD0iMTUlIj48aW1nIHNyYz0iaHR0cHM6Ly93d3cucmFrdXRlbi5uZS5qcC9nb2xkL2ViZXN0L2ltZy9pbWdfZ3VpZGUvc3BhY2VyLmdpZiIgd2lkdGg9IjEwMCUiIGhlaWdodD0iMTAiPjwvdGQ+PHRkIHdpZHRoPSIyJSI+PGltZyBzcmM9Imh0dHBzOi8vd3d3LnJha3V0ZW4ubmUuanAvZ29sZC9lYmVzdC9pbWcvaW1nX2d1aWRlL3NwYWNlci5naWYiIHdpZHRoPSIxMDAlIiBoZWlnaHQ9IjEwIj48L3RkPjx0ZCB3aWR0aD0iMTUlIj48aW1nIHNyYz0iaHR0cHM6Ly93d3cucmFrdXRlbi5uZS5qcC9nb2xkL2ViZXN0L2ltZy9pbWdfZ3VpZGUvc3BhY2VyLmdpZiIgd2lkdGg9IjEwMCUiIGhlaWdodD0iMTAiPjwvdGQ+PHRkIHdpZHRoPSIyJSI+PGltZyBzcmM9Imh0dHBzOi8vd3d3LnJha3V0ZW4ubmUuanAvZ29sZC9lYmVzdC9pbWcvaW1nX2d1aWRlL3NwYWNlci5naWYiIHdpZHRoPSIxMDAlIiBoZWlnaHQ9IjEwIj48L3RkPjx0ZCB3aWR0aD0iMTUlIj48aW1nIHNyYz0iaHR0cHM6Ly93d3cucmFrdXRlbi5uZS5qcC9nb2xkL2ViZXN0L2ltZy9pbWdfZ3VpZGUvc3BhY2VyLmdpZiIgd2lkdGg9IjEwMCUiIGhlaWdodD0iMTAiPjwvdGQ+PC90cj48dHI+PHRkIGNvbHNwYW49IjExIiB3aWR0aD0iMTAwJSI+PGltZyBzcmM9Imh0dHBzOi8vd3d3LnJha3V0ZW4ubmUuanAvZ29sZC9lYmVzdC9pbWcvaW1nX2d1aWRlL3NwYWNlci5naWYiIHdpZHRoPSIxMDAlIiBoZWlnaHQ9IjIwIj48L3RkPjwvdHI+PC90YWJsZT48dGFibGUgYm9yZGVyPSIwIiBjZWxsc3BhY2luZz0iMCIgY2VsbHBhZGRpbmc9IjAiIHdpZHRoPSIxMDAlIj48dHI+PHRkIGNvbHNwYW49IjciIHdpZHRoPSIxMDAlIj48aW1nIHNyYz0iaHR0cHM6Ly93d3cucmFrdXRlbi5uZS5qcC9nb2xkL2ViZXN0L2ltZy9pbWdfZ3VpZGUvdGx0X3NlcnZpY2UuanBnIiB3aWR0aD0iMTAwJSI+PC90ZD48L3RyPjx0cj48dGQgY29sc3Bhbj0iNyIgd2lkdGg9IjEwMCUiPjxpbWcgc3JjPSJodHRwczovL3d3dy5yYWt1dGVuLm5lLmpwL2dvbGQvZWJlc3QvaW1nL2ltZ19ndWlkZS9zcGFjZXIuZ2lmIiB3aWR0aD0iMTAwJSIgaGVpZ2h0PSIyMCI+PC90ZD48L3RyPjx0cj48dGQgd2lkdGg9IjIzJSI+PGltZyBzcmM9Imh0dHBzOi8vd3d3LnJha3V0ZW4ubmUuanAvZ29sZC9lYmVzdC9pbWcvaW1nX2d1aWRlL2J0bl9zZXJ2aWNlMDEuanBnIiB3aWR0aD0iMTAwJSI+PC90ZD48dGQgd2lkdGg9IjIlIj48aW1nIHNyYz0iaHR0cHM6Ly93d3cucmFrdXRlbi5uZS5qcC9nb2xkL2ViZXN0L2ltZy9pbWdfZ3VpZGUvc3BhY2VyLmdpZiIgd2lkdGg9IjEwMCUiIGhlaWdodD0iMTAiPjwvdGQ+PHRkIHdpZHRoPSIyMyUiPjxpbWcgc3JjPSJodHRwczovL3d3dy5yYWt1dGVuLm5lLmpwL2dvbGQvZWJlc3QvaW1nL2ltZ19ndWlkZS9zcGFjZXIuZ2lmIiB3aWR0aD0iMTAwJSIgaGVpZ2h0PSIxMCI+PC90ZD48dGQgd2lkdGg9IjIlIj48aW1nIHNyYz0iaHR0cHM6Ly93d3cucmFrdXRlbi5uZS5qcC9nb2xkL2ViZXN0L2ltZy9pbWdfZ3VpZGUvc3BhY2VyLmdpZiIgd2lkdGg9IjEwMCUiIGhlaWdodD0iMTAiPjwvdGQ+PHRkIHdpZHRoPSIyMyUiPjxpbWcgc3JjPSJodHRwczovL3d3dy5yYWt1dGVuLm5lLmpwL2dvbGQvZWJlc3QvaW1nL2ltZ19ndWlkZS9zcGFjZXIuZ2lmIiB3aWR0aD0iMTAwJSIgaGVpZ2h0PSIxMCI+PC90ZD48dGQgd2lkdGg9IjIlIj48aW1nIHNyYz0iaHR0cHM6Ly93d3cucmFrdXRlbi5uZS5qcC9nb2xkL2ViZXN0L2ltZy9pbWdfZ3VpZGUvc3BhY2VyLmdpZiIgd2lkdGg9IjEwMCUiIGhlaWdodD0iMTAiPjwvdGQ+PHRkIHdpZHRoPSIyMyUiPjxpbWcgc3JjPSJodHRwczovL3d3dy5yYWt1dGVuLm5lLmpwL2dvbGQvZWJlc3QvaW1nL2ltZ19ndWlkZS9zcGFjZXIuZ2lmIiB3aWR0aD0iMTAwJSIgaGVpZ2h0PSIxMCI+PC90ZD48L3RyPjx0cj48dGQgY29sc3Bhbj0iNyIgd2lkdGg9IjEwMCUiPjxpbWcgc3JjPSJodHRwczovL3d3dy5yYWt1dGVuLm5lLmpwL2dvbGQvZWJlc3QvaW1nL2ltZ19ndWlkZS9zcGFjZXIuZ2lmIiB3aWR0aD0iMTAwJSIgaGVpZ2h0PSIyMCI+PC90ZD48L3RyPjwvdGFibGU+PGJyPuKWoOOAjOODiuODjuOCpOODvFjjgI3jgafjgIHjgqjjgqLjgrPjg7PlhoXpg6jjgoLpg6jlsYvjga7nqbrmsJfjgoLjgq3jg6zjgqQ8YnI+4pag44CM44OV44Kj44Or44K/44O844GK5o6D6Zmk44Ot44Oc44OD44OI44CNKOODgOOCueODiOODnOODg+OCr+OCueaWueW8jyk8YnI+4pag44CM44Ko44Kz44OK44OT44CN44GM5pel5beu44GX44Gu5aSJ5YyW44G+44Gn6KaL5YiG44GR44Gm44CB6Ieq5YuV44Gn56+A6Zu7PGJyPjxiPumbu+a6kDwvYj7vvJrljZjnm7gyMDBWIDIwQTxicj48Yj7jgrPjg7Pjgrvjg7Pjg4jlvaLnirY8L2I+77ya44Ko44Or44OQ44O8PGJyPjxiPumBqeeUqOeVs+aVsDwvYj48YnI+44CA5pqW5oi/77yaMTXvvZ4xOOeVsygyNO+9njMwbTIpPGJyPuOAgOWGt+aIv++8mjE1772eMjPnlbMoMjXvvZ4zOW0yKTxicj48Yj7og73lips8L2I+PGJyPuOAgOaaluaIv++8mjYuN2tXKDAuNu+9njkuNGtXKTxicj7jgIDlhrfmiL/vvJo1LjZrVygwLjfvvZ41LjdrVyk8YnI+PGI+5raI6LK76Zu75YqbPC9iPjxicj7jgIDmmpbmiL/vvJoxOTQwVygxNTDvvZ4zNDQwVyk8YnI+44CA5Ya35oi/77yaMjM3MFcoMTYw772eMjM5MFcpPGJyPjxiPuacn+mWk+a2iOiyu+mbu+WKm+mHjzwvYj7vvJoyMTE4a1doKEpJUyBDOTYxMu+8mjIwMTMpPGJyPjxiPuecgeOCqOODjeWfuua6lumBlOaIkOeOhzwvYj7vvJoxMDAl77ya55uu5qiZ5bm05bqm44CAMjAxMOW5tDxicj48Yj7pgJrlubTjgqjjg43jg6vjgq7jg7zmtojosrvlirnnjocoQVBGKTwvYj7vvJo1KEpJUyBDOTYxMu+8mjIwMTMpPGJyPjxiPuapn+iDvTwvYj48YnI+44CA44OV44Kj44Or44K/44O86Ieq5YuV5o6D6Zmk77yaLTxicj7jgIDpmaToj4zvvJotPGJyPuOAgOepuuawl+a4hea1hO+8mi08YnI+44CA5o+b5rCX77yaLTxicj7jgIDpmaTmub/vvJril4s8YnI+44CA5Yqg5rm/772l5L+d5rm/77ya5L+d5rm/PGJyPuOAgOS6uuaEn+OCu+ODs+OCteODvO+8mi08YnI+PGI+6YGL6Lui6Z+zPC9iPjxicj7jgIDmmpbmiL88YnI+44CA44CA5a6k5YaF5qmf77yaNjdkYihKSVMgQzk2MTLvvJoyMDEzKTxicj7jgIDjgIDlrqTlpJbmqZ/vvJo2NWRiKEpJUyBDOTYxMu+8mjIwMTMpPGJyPuOAgOWGt+aIvzxicj7jgIDjgIDlrqTlhoXmqZ/vvJo2NWRiKEpJUyBDOTYxMu+8mjIwMTMpPGJyPuOAgOOAgOWupOWkluapn++8mjY2ZGIoSklTIEM5NjEy77yaMjAxMyk8YnI+PGI+5pyA5aSn6YWN566h6ZW3PC9iPu+8mjIwbTxicj48Yj7mnIDlpKfpq5jkvY7lt648L2I+77yaMTVtPGJyPjxiPuWvuOazle+9pemHjemHjzwvYj48YnI+44CA5a6k5YaF5qmf5a+45rOV77ya5bmFIDc5MHjpq5jjgZUgMjQ5eOWlpeihjCAzNDBtbTxicj7jgIDlrqTlhoXmqZ/os6rph4/vvJrntIQxMS41a2c8YnI+44CA5a6k5aSW5qmf5a+45rOV77ya5bmFIDc5OXjpq5jjgZUgNjE5eOWlpeihjCAyOTltbTxicj7jgIDlrqTlpJbmqZ/os6rph4/vvJrntIQzNS41a2c8YnI+PGI+5LuY5bGe5ZOBPC9iPu+8mjxicj7jgIDjg6rjg6LjgrPjg7M8YnI+44CA5Y2YNOW9ouOCouODq+OCq+ODquS5vumbu+axoCgy5pysKTxicj7jgIDjg6rjg6LjgrPjg7Pjg5vjg6vjg4Djg7w8YnI+44CA44Oq44Oi44Kz44Oz44Ob44Or44OA44O85Y+W5LuY55So44ON44K4KDLmnKwp,44CQ6ZW35pyf5L+d6Ki85LuY44CR44OR44OK44K944OL44OD44KvIENTLUdYNTY3QzItVyjjgq/jg6rjgrnjgr/jg6vjg5vjg6/jgqTjg4gpIEVvbGlhKOOCqOOCquODquOCoikgR1jjgrfjg6rjg7zjgrogMTjnlbMg6Zu75rqQMjAwVu+8muOCpOODvOODmeOCueODiFBD44O75a626Zu76aSo,44OR44K944Kz44Oz5a626Zu744Kq44O844OH44Kj44Kq576O5a655YGl5bq344Oi44OQ44Kk44Or77yw77yk77yh44OA44Kk44Ko44OD44OI44OG44Os44OT44Of44OL44Kz44Oz44OT44OH44Kq44K944OL44O844K544Kr44OR44O8VC1mYWzjg4bjgqPjg5XjgqHjg7zjg6vml6XnlKjlk4Hjgrnjg53jg7zjg4TjgYrjgoLjgaHjgoPjgrLjg7zjg6DjgYrosrfjgYTlvpfjgJDplbfmnJ/kv53oqLzku5jjgJHjg5Hjg4rjgr3jg4vjg4Pjgq8gQ1MtR1g1NjdDMi1XKOOCr+ODquOCueOCv+ODq+ODm+ODr+OCpOODiCkgRW9saWEo44Ko44Kq44Oq44KiKSBHWOOCt+ODquODvOOCuiAxOOeVsyDpm7vmupAyMDBW,44CQ6YCB5paZ54Sh5paZ44CR44CQ6YCa5bi4M+aXpeeoi+W6puOBq+OBpuWHuuiNt+OAkeOAguOAkOmVt+acn+S/neiovOS7mOOAkeODkeODiuOCveODi+ODg+OCryBDUy1HWDU2N0MyLVco44Kv44Oq44K544K/44Or44Ob44Ov44Kk44OIKSBFb2xpYSjjgqjjgqrjg6rjgqIpIEdY44K344Oq44O844K6IDE455WzIOmbu+a6kDIwMFY=[rn]
37-97146,aHR0cDovL3RzaG9wLnIxMHMuanAvZWJlc3QvY2FiaW5ldC8yMjQvMDAwMDAwMDAxMDIxNy5qcGc/Zml0aW49NzAwOjcwMA==,MTQzMzM3LjYwMDA=,,5a626Zu7ID4g5a2j56+A44O756m66Kq/5a626Zu7ID4g44Ko44Ki44Kz44OzID4g44Ko44Ki44Kz44Oz,44CQ6ZW35pyf5L+d6Ki85LuY44CR44Kz44Ot44OKIENTSC1XNTYxN1IyKOODm+ODr+OCpOODiCkgV+OCt+ODquODvOOCuiAxOOeVsyDpm7vmupAyMDBW,44CQ6YCB5paZ54Sh5paZ44CR44CQ6YCa5bi4MTbml6XnqIvluqbjgavjgablh7rojbfjgJE=,44CM5pqW5oi/44Gu44Kz44Ot44OK44CN44Gq44KJ44Gn44Gv44Gu44OR44Ov44OV44Or5pqW5oi/44Ko44Ki44Kz44OzPHRhYmxlIGJvcmRlcj0iMCIgY2VsbHNwYWNpbmc9IjAiIGNlbGxwYWRkaW5nPSIwIiB3aWR0aD0iMTAwJSI+PHRyPjx0ZCB3aWR0aD0iMTAwJSI+PGltZyBzcmM9Imh0dHBzOi8vd3d3LnJha3V0ZW4ubmUuanAvZ29sZC9lYmVzdC9pbWcvaW1nX2d1aWRlL3RsdF9vcHRpb24uanBnIiBib3JkZXI9IjAiIHdpZHRoPSIxMDAlIj48L3RkPjwvdHI+PHRyPjx0ZCB3aWR0aD0iMTAwJSI+PGltZyBzcmM9Imh0dHBzOi8vd3d3LnJha3V0ZW4ubmUuanAvZ29sZC9lYmVzdC9pbWcvaW1nX2d1aWRlL3NwYWNlci5naWYiIHdpZHRoPSIxMDAlIiBoZWlnaHQ9IjEwIj48L3RkPjwvdHI+PHRyPjx0ZD48Zm9udCBjb2xvcj0icmVkIj7llYblk4Hjga7lnKjluqvnirbms4Hjga/kuIvooajjga7jgIzllYblk4Hjga7jgb/jgI3jga7jg5rjg7zjgrjjgbjnp7vli5XjgZfjgabjgZTnorroqo3jgY/jgaDjgZXjgYTjgII8YnI+6ZW35pyf5L+d6Ki844Gv5rOV5Lq65qeY77yI5YCL5Lq65qeY5Lul5aSW77yJ44Gu5Yqg5YWl44CB5qWt5YuZ44Gn44Gu5L2/55So44Gv5L+d6Ki85aSW44Go44Gq44KK44G+44GZ44CCPGJyPuW/heOBmumVt+acn+S/neiovOOBruOCteODvOODk+OCueWGheWuueOAgeimj+WumuOCkuS6iOOCgeOBlOeiuuiqjeOBj+OBoOOBleOBhOOAgjxicj7plbfmnJ/kv53oqLzjgpLjgZTluIzmnJvjgZXjgozjgarjgYTloLTlkIjjga/kuIvoqJjjga7ooajjgojjgorjgIzllYblk4Hjga7jgb/jgI3jga7jg5rjg7zjgrjjgbjnp7vli5XjgZfjgabjgZTms6jmlofjgY/jgaDjgZXjgYTjgII8YnI+77yV5bm06ZaT6ZW35pyf5L+d6Ki84oC777yw77yj44CB44K/44OW44Os44OD44OI44CB44OX44Oq44Oz44K/44O844CB5bel5YW344Gv77yT5bm044Go44Gq44KK44G+44GZ44CCPC9mb250PjwvdGQ+PC90cj48dHI+PHRkIHdpZHRoPSIxMDAlIj48aW1nIHNyYz0iaHR0cHM6Ly93d3cucmFrdXRlbi5uZS5qcC9nb2xkL2ViZXN0L2ltZy9pbWdfZ3VpZGUvc3BhY2VyLmdpZiIgd2lkdGg9IjEwMCUiIGhlaWdodD0iMjAiPjwvdGQ+PC90cj48L3RhYmxlPjx0YWJsZSBib3JkZXI9IjAiIGNlbGxzcGFjaW5nPSIwIiBjZWxscGFkZGluZz0iMCIgd2lkdGg9IjEwMCUiPjx0cj48dGQgd2lkdGg9IjE1JSI+PGltZyBzcmM9Imh0dHBzOi8vd3d3LnJha3V0ZW4ubmUuanAvZ29sZC9lYmVzdC9pbWcvaW1nX2d1aWRlL2J0bl9vcHRpb24wMS5qcGciIGJvcmRlcj0iMCIgd2lkdGg9IjEwMCUiPjwvdGQ+PHRkIHdpZHRoPSIyJSI+PGltZyBzcmM9Imh0dHBzOi8vd3d3LnJha3V0ZW4ubmUuanAvZ29sZC9lYmVzdC9pbWcvaW1nX2d1aWRlL3NwYWNlci5naWYiIHdpZHRoPSIxMDAlIiBoZWlnaHQ9IjEwIj48L3RkPjx0ZCB3aWR0aD0iMTUlIj48aW1nIHNyYz0iaHR0cHM6Ly93d3cucmFrdXRlbi5uZS5qcC9nb2xkL2ViZXN0L2ltZy9pbWdfZ3VpZGUvYnRuX29wdGlvbjAyLmpwZyIgYm9yZGVyPSIwIiB3aWR0aD0iMTAwJSI+PC90ZD48dGQgd2lkdGg9IjIlIj48aW1nIHNyYz0iaHR0cHM6Ly93d3cucmFrdXRlbi5uZS5qcC9nb2xkL2ViZXN0L2ltZy9pbWdfZ3VpZGUvc3BhY2VyLmdpZiIgd2lkdGg9IjEwMCUiIGhlaWdodD0iMTAiPjwvdGQ+PHRkIHdpZHRoPSIxNSUiPjxpbWcgc3JjPSJodHRwczovL3d3dy5yYWt1dGVuLm5lLmpwL2dvbGQvZWJlc3QvaW1nL2ltZ19ndWlkZS9zcGFjZXIuZ2lmIiB3aWR0aD0iMTAwJSIgaGVpZ2h0PSIxMCI+PC90ZD48dGQgd2lkdGg9IjIlIj48aW1nIHNyYz0iaHR0cHM6Ly93d3cucmFrdXRlbi5uZS5qcC9nb2xkL2ViZXN0L2ltZy9pbWdfZ3VpZGUvc3BhY2VyLmdpZiIgd2lkdGg9IjEwMCUiIGhlaWdodD0iMTAiPjwvdGQ+PHRkIHdpZHRoPSIxNSUiPjxpbWcgc3JjPSJodHRwczovL3d3dy5yYWt1dGVuLm5lLmpwL2dvbGQvZWJlc3QvaW1nL2ltZ19ndWlkZS9zcGFjZXIuZ2lmIiB3aWR0aD0iMTAwJSIgaGVpZ2h0PSIxMCI+PC90ZD48dGQgd2lkdGg9IjIlIj48aW1nIHNyYz0iaHR0cHM6Ly93d3cucmFrdXRlbi5uZS5qcC9nb2xkL2ViZXN0L2ltZy9pbWdfZ3VpZGUvc3BhY2VyLmdpZiIgd2lkdGg9IjEwMCUiIGhlaWdodD0iMTAiPjwvdGQ+PHRkIHdpZHRoPSIxNSUiPjxpbWcgc3JjPSJodHRwczovL3d3dy5yYWt1dGVuLm5lLmpwL2dvbGQvZWJlc3QvaW1nL2ltZ19ndWlkZS9zcGFjZXIuZ2lmIiB3aWR0aD0iMTAwJSIgaGVpZ2h0PSIxMCI+PC90ZD48dGQgd2lkdGg9IjIlIj48aW1nIHNyYz0iaHR0cHM6Ly93d3cucmFrdXRlbi5uZS5qcC9nb2xkL2ViZXN0L2ltZy9pbWdfZ3VpZGUvc3BhY2VyLmdpZiIgd2lkdGg9IjEwMCUiIGhlaWdodD0iMTAiPjwvdGQ+PHRkIHdpZHRoPSIxNSUiPjxpbWcgc3JjPSJodHRwczovL3d3dy5yYWt1dGVuLm5lLmpwL2dvbGQvZWJlc3QvaW1nL2ltZ19ndWlkZS9zcGFjZXIuZ2lmIiB3aWR0aD0iMTAwJSIgaGVpZ2h0PSIxMCI+PC90ZD48L3RyPjx0cj48dGQgY29sc3Bhbj0iMTEiIHdpZHRoPSIxMDAlIj48aW1nIHNyYz0iaHR0cHM6Ly93d3cucmFrdXRlbi5uZS5qcC9nb2xkL2ViZXN0L2ltZy9pbWdfZ3VpZGUvc3BhY2VyLmdpZiIgd2lkdGg9IjEwMCUiIGhlaWdodD0iMjAiPjwvdGQ+PC90cj48L3RhYmxlPjx0YWJsZSBib3JkZXI9IjAiIGNlbGxzcGFjaW5nPSIwIiBjZWxscGFkZGluZz0iMCIgd2lkdGg9IjEwMCUiPjx0cj48dGQgY29sc3Bhbj0iNyIgd2lkdGg9IjEwMCUiPjxpbWcgc3JjPSJodHRwczovL3d3dy5yYWt1dGVuLm5lLmpwL2dvbGQvZWJlc3QvaW1nL2ltZ19ndWlkZS90bHRfc2VydmljZS5qcGciIHdpZHRoPSIxMDAlIj48L3RkPjwvdHI+PHRyPjx0ZCBjb2xzcGFuPSI3IiB3aWR0aD0iMTAwJSI+PGltZyBzcmM9Imh0dHBzOi8vd3d3LnJha3V0ZW4ubmUuanAvZ29sZC9lYmVzdC9pbWcvaW1nX2d1aWRlL3NwYWNlci5naWYiIHdpZHRoPSIxMDAlIiBoZWlnaHQ9IjIwIj48L3RkPjwvdHI+PHRyPjx0ZCB3aWR0aD0iMjMlIj48aW1nIHNyYz0iaHR0cHM6Ly93d3cucmFrdXRlbi5uZS5qcC9nb2xkL2ViZXN0L2ltZy9pbWdfZ3VpZGUvYnRuX3NlcnZpY2UwMS5qcGciIHdpZHRoPSIxMDAlIj48L3RkPjx0ZCB3aWR0aD0iMiUiPjxpbWcgc3JjPSJodHRwczovL3d3dy5yYWt1dGVuLm5lLmpwL2dvbGQvZWJlc3QvaW1nL2ltZ19ndWlkZS9zcGFjZXIuZ2lmIiB3aWR0aD0iMTAwJSIgaGVpZ2h0PSIxMCI+PC90ZD48dGQgd2lkdGg9IjIzJSI+PGltZyBzcmM9Imh0dHBzOi8vd3d3LnJha3V0ZW4ubmUuanAvZ29sZC9lYmVzdC9pbWcvaW1nX2d1aWRlL3NwYWNlci5naWYiIHdpZHRoPSIxMDAlIiBoZWlnaHQ9IjEwIj48L3RkPjx0ZCB3aWR0aD0iMiUiPjxpbWcgc3JjPSJodHRwczovL3d3dy5yYWt1dGVuLm5lLmpwL2dvbGQvZWJlc3QvaW1nL2ltZ19ndWlkZS9zcGFjZXIuZ2lmIiB3aWR0aD0iMTAwJSIgaGVpZ2h0PSIxMCI+PC90ZD48dGQgd2lkdGg9IjIzJSI+PGltZyBzcmM9Imh0dHBzOi8vd3d3LnJha3V0ZW4ubmUuanAvZ29sZC9lYmVzdC9pbWcvaW1nX2d1aWRlL3NwYWNlci5naWYiIHdpZHRoPSIxMDAlIiBoZWlnaHQ9IjEwIj48L3RkPjx0ZCB3aWR0aD0iMiUiPjxpbWcgc3JjPSJodHRwczovL3d3dy5yYWt1dGVuLm5lLmpwL2dvbGQvZWJlc3QvaW1nL2ltZ19ndWlkZS9zcGFjZXIuZ2lmIiB3aWR0aD0iMTAwJSIgaGVpZ2h0PSIxMCI+PC90ZD48dGQgd2lkdGg9IjIzJSI+PGltZyBzcmM9Imh0dHBzOi8vd3d3LnJha3V0ZW4ubmUuanAvZ29sZC9lYmVzdC9pbWcvaW1nX2d1aWRlL3NwYWNlci5naWYiIHdpZHRoPSIxMDAlIiBoZWlnaHQ9IjEwIj48L3RkPjwvdHI+PHRyPjx0ZCBjb2xzcGFuPSI3IiB3aWR0aD0iMTAwJSI+PGltZyBzcmM9Imh0dHBzOi8vd3d3LnJha3V0ZW4ubmUuanAvZ29sZC9lYmVzdC9pbWcvaW1nX2d1aWRlL3NwYWNlci5naWYiIHdpZHRoPSIxMDAlIiBoZWlnaHQ9IjIwIj48L3RkPjwvdHI+PC90YWJsZT48YnI+4pag5aSP44Gu5Ya35oi/44Gv44KC44Gh44KN44KT44CB5Yas5aC044KC44OR44Ov44OV44Or44Gq5pqW5oi/6IO95Yqb44Gn5a6J5b+D772l5b+r6YGp44CC44GV44KJ44Gr44OO44Oz44K544OI44OD44OX5pqW5oi/5o6h55So44Gn5a6J5a6a44GX44Gf5pqW44GL44GV44KS5a6f54++44CCPGJyPuKWoOWvkuOBj+OBquOCieOBquOBhOmZpOa5vyjlho3nhrHpmaTmub8p44Go5ra86Zmk5rm/KOW8seWGt+aIv+mZpOa5vynjga4y44Gk44KI44KK44GK6YG444Gz44GE44Gf44Gg44GR44KLMldBWemZpOa5v+OBr+OAgeODnOOCv+ODszHjgaTjgafliIfjgormm7/jgYjlj6/og73jgII8YnI+4pag44Op44Oz44OJ44Oq44O844Oi44O844OJ44Gn6YOo5bGL5bmy44GX44GM44Kr44Op44OD44Go5riF5r2UPGJyPjxiPumbu+a6kDwvYj7vvJrljZjnm7gyMDBWIDE1QTxicj48Yj7jgrPjg7Pjgrvjg7Pjg4jlvaLnirY8L2I+77ya44K/44Oz44OH44OgPGJyPjxiPumBqeeUqOeVs+aVsDwvYj48YnI+44CA5pqW5oi/77yaMTXvvZ4xOOeVsygyNO+9njMwbTIpPGJyPuOAgOWGt+aIv++8mjE1772eMjPnlbMoMjXvvZ4zOW0yKTxicj48Yj7og73lips8L2I+PGJyPuOAgOaaluaIv++8mjYuN2tXKDAuN++9njlrVyk8YnI+44CA5Ya35oi/77yaNS42a1coMC43772eNS43a1cpPGJyPjxiPua2iOiyu+mbu+WKmzwvYj48YnI+44CA5pqW5oi/77yaMTk2MFcoMTUw772eMjk3MFcpPGJyPuOAgOWGt+aIv++8mjIwNjBXKDE1Ne+9njIxMDBXKTxicj48Yj7mnJ/plpPmtojosrvpm7vlipvph488L2I+77yaMjExOGtXaChKSVMgQzk2MTLvvJoyMDEzKTxicj48Yj7nnIHjgqjjg43ln7rmupbpgZTmiJDnjoc8L2I+77yaMTAwJe+8muebruaomeW5tOW6pjIwMTDlubQ8YnI+PGI+6YCa5bm044Ko44ON44Or44Ku44O85raI6LK75Yq5546HKEFQRik8L2I+77yaNShKSVMgQzk2MTLvvJoyMDEzKTxicj48Yj7mqZ/og708L2I+PGJyPuOAgOODleOCo+ODq+OCv+ODvOiHquWLleaOg+mZpO+8mi08YnI+44CA6Zmk6I+M77yaLTxicj7jgIDnqbrmsJfmuIXmtYTvvJril4s8YnI+44CA5o+b5rCX77yaLTxicj7jgIDpmaTmub/vvJril4s8YnI+44CA5Yqg5rm/772l5L+d5rm/77yaLTxicj7jgIDkurrmhJ/jgrvjg7PjgrXjg7zvvJotPGJyPjxiPumBi+i7oumfszwvYj48YnI+44CA5pqW5oi/PGJyPuOAgOOAgOWupOWGheapn++8mjY3ZGIoSklTIEM5NjEy77yaMjAxMyk8YnI+44CA44CA5a6k5aSW5qmf77yaNjVkYihKSVMgQzk2MTLvvJoyMDEzKTxicj7jgIDlhrfmiL88YnI+44CA44CA5a6k5YaF5qmf77yaNjdkYihKSVMgQzk2MTLvvJoyMDEzKTxicj7jgIDjgIDlrqTlpJbmqZ/vvJo2NmRiKEpJUyBDOTYxMu+8mjIwMTMpPGJyPjxiPuacgOWkp+mFjeeuoemVtzwvYj7vvJoyMG08YnI+PGI+5pyA5aSn6auY5L2O5beuPC9iPu+8mjEwbTxicj48Yj7lr7jms5XvvaXph43ph488L2I+PGJyPuOAgOWupOWGheapn+WvuOazle+8muW5hSA3OTV46auY44GVIDI5MHjlpaXooYwgMjQ3bW08YnI+44CA5a6k5YaF5qmf6LOq6YeP77ya57SEMTAuNWtnPGJyPuOAgOWupOWkluapn+WvuOazle+8muW5hSA3OTJ46auY44GVIDY3NXjlpaXooYwgMzEwbW08YnI+44CA5a6k5aSW5qmf6LOq6YeP77ya57SENDMuNWtnPGJyPjxiPuS7mOWxnuWTgTwvYj7vvJo8YnI+44CA44Oq44Oi44Kz44OzPGJyPuOAgOWNmDTlvaLkub7pm7vmsaAgMuWAizxicj7jgIDjgqbjgqTjg6vjgrnmipHliLbvvaXpmaToj4zvvaXohLHoh60xMOW5tOS6pOaPm+S4jeimgeODleOCo+ODq+OCv+ODvDxicj7jgIDnqbrmsJfmuIXmtYTjg5XjgqPjg6vjgr/jg7w=,44CQ6ZW35pyf5L+d6Ki85LuY44CR44Kz44Ot44OKIENTSC1XNTYxN1IyKOODm+ODr+OCpOODiCkgV+OCt+ODquODvOOCuiAxOOeVsyDpm7vmupAyMDBW77ya44Kk44O844OZ44K544OIUEPjg7vlrrbpm7vppKg=,44OR44K944Kz44Oz5a626Zu744Kq44O844OH44Kj44Kq576O5a655YGl5bq344Oi44OQ44Kk44Or77yw77yk77yh44OA44Kk44Ko44OD44OI44OG44Os44OT44Of44OL44Kz44Oz44OT44OH44Kq44K944OL44O844K544Kr44OR44O8VC1mYWzjg4bjgqPjg5XjgqHjg7zjg6vml6XnlKjlk4Hjgrnjg53jg7zjg4TjgYrjgoLjgaHjgoPjgrLjg7zjg6DjgYrosrfjgYTlvpfjgJDplbfmnJ/kv53oqLzku5jjgJHjgrPjg63jg4ogQ1NILVc1NjE3UjIo44Ob44Ov44Kk44OIKSBX44K344Oq44O844K6IDE455WzIOmbu+a6kDIwMFY=,44CQ6YCB5paZ54Sh5paZ44CR44CQ6YCa5bi4MTbml6XnqIvluqbjgavjgablh7rojbfjgJHjgILjgJDplbfmnJ/kv53oqLzku5jjgJHjgrPjg63jg4ogQ1NILVc1NjE3UjIo44Ob44Ov44Kk44OIKSBX44K344Oq44O844K6IDE455WzIOmbu+a6kDIwMFY=[rn]
37-97147,aHR0cDovL3RzaG9wLnIxMHMuanAvZWJlc3QvY2FiaW5ldC8yMjEvMDAwMDAwMDAxMDE1NS5qcGc/Zml0aW49NzAwOjcwMA==,MTAxNzA5LjYwMDA=,,5a626Zu7ID4g5a2j56+A44O756m66Kq/5a626Zu7ID4g44Ko44Ki44Kz44OzID4g44Ko44Ki44Kz44Oz,44OR44OK44K944OL44OD44KvIENTLTU2N0NGUjItVyjjgq/jg6rjgrnjgr/jg6vjg5vjg6/jgqTjg4gpIEVvbGlhKOOCqOOCquODquOCoikgRuOCt+ODquODvOOCuiAxOOeVsyDpm7vmupAyMDBW,44CQ6YCB5paZ54Sh5paZ44CR44CQ6YCa5bi4M+aXpeeoi+W6puOBq+OBpuWHuuiNt+OAkQ==,44K544K/44Oz44OA44O844OJ44Gq55yB44Ko44ON5Z+65rqW44Kv44Oq44Ki44Oi44OH44OrPGltZyBzcmM9J2h0dHBzOi8vaW1hZ2UucmFrdXRlbi5jby5qcC9lYmVzdC9jYWJpbmV0L2ViZXN0a2FkZW5femFpa28uZ2lmJyBib3JkZXI9JzAnIGFsdD0n5Zyo5bqr54q25rOB44KS56K66KqN44GZ44KLJz48YnI+PGZvbnQgY29sb3I9IiNmZjAwMDAiPjxiPuKGkeKGkeKGkeato+eiuuOBquWcqOW6q+eKtuazgeOBr+S4iuiomOODkOODiuODvOOAjOWcqOW6q+eKtuazgeOCkueiuuiqjeOBmeOCi+OAjeOCkuOCr+ODquODg+OCr+OBl+OBpumgguOBjeOAgeW/heOBmuOBlOeiuuiqjeOBj+OBoOOBleOBhOOAgjwvYj48L2ZvbnQ+PGJyPjxicj48dGFibGUgYm9yZGVyPSIwIiBjZWxsc3BhY2luZz0iMCIgY2VsbHBhZGRpbmc9IjAiIHdpZHRoPSIxMDAlIj48dHI+PHRkIHdpZHRoPSIxMDAlIj48aW1nIHNyYz0iaHR0cHM6Ly93d3cucmFrdXRlbi5uZS5qcC9nb2xkL2ViZXN0L2ltZy9pbWdfZ3VpZGUvdGx0X29wdGlvbi5qcGciIGJvcmRlcj0iMCIgd2lkdGg9IjEwMCUiPjwvdGQ+PC90cj48dHI+PHRkIHdpZHRoPSIxMDAlIj48aW1nIHNyYz0iaHR0cHM6Ly93d3cucmFrdXRlbi5uZS5qcC9nb2xkL2ViZXN0L2ltZy9pbWdfZ3VpZGUvc3BhY2VyLmdpZiIgd2lkdGg9IjEwMCUiIGhlaWdodD0iMTAiPjwvdGQ+PC90cj48dHI+PHRkPjxmb250IGNvbG9yPSJyZWQiPumVt+acn+S/neiovOOCkuOBlOW4jOacm+OBruOBiuWuouanmOOBr+S4i+iomOOBruihqOOCiOOCiuOAjOWVhuWTge+8i+mVt+acn+S/neiovOOAjeOBruODmuODvOOCuOOBuOenu+WLleOBl+OBpuOBlOazqOaWh+OBj+OBoOOBleOBhOOAgjxicj7igLvplbfmnJ/kv53oqLzjga/ms5XkurrliqDlhaXjgoTmpa3li5nkvb/nlKjjgIHorbLmuKHjgoTlho3osqnjga/jgZTliKnnlKjjgYTjgZ/jgaDjgZHjgb7jgZvjgpPjgII8YnI+6ZW35pyf5L+d6Ki844Gr44Gk44GE44Gm77yw77yj44O744K/44OW44Os44OD44OI44O744OX44Oq44Oz44K/44O844O75bel5YW344Gv44Oh44O844Kr44O85L+d6Ki844KS5ZCr44KB44Gm77yT5bm044CB5a626Zu744Gv77yV5bm06ZaT44Gu5L+d6Ki844Go44Gq44KK44G+44GZ44CCPC9mb250PjwvdGQ+PC90cj48dHI+PHRkIHdpZHRoPSIxMDAlIj48aW1nIHNyYz0iaHR0cHM6Ly93d3cucmFrdXRlbi5uZS5qcC9nb2xkL2ViZXN0L2ltZy9pbWdfZ3VpZGUvc3BhY2VyLmdpZiIgd2lkdGg9IjEwMCUiIGhlaWdodD0iMjAiPjwvdGQ+PC90cj48L3RhYmxlPjx0YWJsZSBib3JkZXI9IjAiIGNlbGxzcGFjaW5nPSIwIiBjZWxscGFkZGluZz0iMCIgd2lkdGg9IjEwMCUiPjx0cj48dGQgd2lkdGg9IjE1JSI+PGltZyBzcmM9Imh0dHBzOi8vd3d3LnJha3V0ZW4ubmUuanAvZ29sZC9lYmVzdC9pbWcvaW1nX2d1aWRlL2J0bl9vcHRpb24wMS5qcGciIGJvcmRlcj0iMCIgd2lkdGg9IjEwMCUiPjwvdGQ+PHRkIHdpZHRoPSIyJSI+PGltZyBzcmM9Imh0dHBzOi8vd3d3LnJha3V0ZW4ubmUuanAvZ29sZC9lYmVzdC9pbWcvaW1nX2d1aWRlL3NwYWNlci5naWYiIHdpZHRoPSIxMDAlIiBoZWlnaHQ9IjEwIj48L3RkPjx0ZCB3aWR0aD0iMTUlIj48aW1nIHNyYz0iaHR0cHM6Ly93d3cucmFrdXRlbi5uZS5qcC9nb2xkL2ViZXN0L2ltZy9pbWdfZ3VpZGUvYnRuX29wdGlvbjAyLmpwZyIgYm9yZGVyPSIwIiB3aWR0aD0iMTAwJSI+PC90ZD48dGQgd2lkdGg9IjIlIj48aW1nIHNyYz0iaHR0cHM6Ly93d3cucmFrdXRlbi5uZS5qcC9nb2xkL2ViZXN0L2ltZy9pbWdfZ3VpZGUvc3BhY2VyLmdpZiIgd2lkdGg9IjEwMCUiIGhlaWdodD0iMTAiPjwvdGQ+PHRkIHdpZHRoPSIxNSUiPjxpbWcgc3JjPSJodHRwczovL3d3dy5yYWt1dGVuLm5lLmpwL2dvbGQvZWJlc3QvaW1nL2ltZ19ndWlkZS9zcGFjZXIuZ2lmIiB3aWR0aD0iMTAwJSIgaGVpZ2h0PSIxMCI+PC90ZD48dGQgd2lkdGg9IjIlIj48aW1nIHNyYz0iaHR0cHM6Ly93d3cucmFrdXRlbi5uZS5qcC9nb2xkL2ViZXN0L2ltZy9pbWdfZ3VpZGUvc3BhY2VyLmdpZiIgd2lkdGg9IjEwMCUiIGhlaWdodD0iMTAiPjwvdGQ+PHRkIHdpZHRoPSIxNSUiPjxpbWcgc3JjPSJodHRwczovL3d3dy5yYWt1dGVuLm5lLmpwL2dvbGQvZWJlc3QvaW1nL2ltZ19ndWlkZS9zcGFjZXIuZ2lmIiB3aWR0aD0iMTAwJSIgaGVpZ2h0PSIxMCI+PC90ZD48dGQgd2lkdGg9IjIlIj48aW1nIHNyYz0iaHR0cHM6Ly93d3cucmFrdXRlbi5uZS5qcC9nb2xkL2ViZXN0L2ltZy9pbWdfZ3VpZGUvc3BhY2VyLmdpZiIgd2lkdGg9IjEwMCUiIGhlaWdodD0iMTAiPjwvdGQ+PHRkIHdpZHRoPSIxNSUiPjxpbWcgc3JjPSJodHRwczovL3d3dy5yYWt1dGVuLm5lLmpwL2dvbGQvZWJlc3QvaW1nL2ltZ19ndWlkZS9zcGFjZXIuZ2lmIiB3aWR0aD0iMTAwJSIgaGVpZ2h0PSIxMCI+PC90ZD48dGQgd2lkdGg9IjIlIj48aW1nIHNyYz0iaHR0cHM6Ly93d3cucmFrdXRlbi5uZS5qcC9nb2xkL2ViZXN0L2ltZy9pbWdfZ3VpZGUvc3BhY2VyLmdpZiIgd2lkdGg9IjEwMCUiIGhlaWdodD0iMTAiPjwvdGQ+PHRkIHdpZHRoPSIxNSUiPjxpbWcgc3JjPSJodHRwczovL3d3dy5yYWt1dGVuLm5lLmpwL2dvbGQvZWJlc3QvaW1nL2ltZ19ndWlkZS9zcGFjZXIuZ2lmIiB3aWR0aD0iMTAwJSIgaGVpZ2h0PSIxMCI+PC90ZD48L3RyPjx0cj48dGQgY29sc3Bhbj0iMTEiIHdpZHRoPSIxMDAlIj48aW1nIHNyYz0iaHR0cHM6Ly93d3cucmFrdXRlbi5uZS5qcC9nb2xkL2ViZXN0L2ltZy9pbWdfZ3VpZGUvc3BhY2VyLmdpZiIgd2lkdGg9IjEwMCUiIGhlaWdodD0iMjAiPjwvdGQ+PC90cj48L3RhYmxlPjx0YWJsZSBib3JkZXI9IjAiIGNlbGxzcGFjaW5nPSIwIiBjZWxscGFkZGluZz0iMCIgd2lkdGg9IjEwMCUiPjx0cj48dGQgY29sc3Bhbj0iNyIgd2lkdGg9IjEwMCUiPjxpbWcgc3JjPSJodHRwczovL3d3dy5yYWt1dGVuLm5lLmpwL2dvbGQvZWJlc3QvaW1nL2ltZ19ndWlkZS90bHRfc2VydmljZS5qcGciIHdpZHRoPSIxMDAlIj48L3RkPjwvdHI+PHRyPjx0ZCBjb2xzcGFuPSI3IiB3aWR0aD0iMTAwJSI+PGltZyBzcmM9Imh0dHBzOi8vd3d3LnJha3V0ZW4ubmUuanAvZ29sZC9lYmVzdC9pbWcvaW1nX2d1aWRlL3NwYWNlci5naWYiIHdpZHRoPSIxMDAlIiBoZWlnaHQ9IjIwIj48L3RkPjwvdHI+PHRyPjx0ZCB3aWR0aD0iMjMlIj48aW1nIHNyYz0iaHR0cHM6Ly93d3cucmFrdXRlbi5uZS5qcC9nb2xkL2ViZXN0L2ltZy9pbWdfZ3VpZGUvYnRuX3NlcnZpY2UwMS5qcGciIHdpZHRoPSIxMDAlIj48L3RkPjx0ZCB3aWR0aD0iMiUiPjxpbWcgc3JjPSJodHRwczovL3d3dy5yYWt1dGVuLm5lLmpwL2dvbGQvZWJlc3QvaW1nL2ltZ19ndWlkZS9zcGFjZXIuZ2lmIiB3aWR0aD0iMTAwJSIgaGVpZ2h0PSIxMCI+PC90ZD48dGQgd2lkdGg9IjIzJSI+PGltZyBzcmM9Imh0dHBzOi8vd3d3LnJha3V0ZW4ubmUuanAvZ29sZC9lYmVzdC9pbWcvaW1nX2d1aWRlL3NwYWNlci5naWYiIHdpZHRoPSIxMDAlIiBoZWlnaHQ9IjEwIj48L3RkPjx0ZCB3aWR0aD0iMiUiPjxpbWcgc3JjPSJodHRwczovL3d3dy5yYWt1dGVuLm5lLmpwL2dvbGQvZWJlc3QvaW1nL2ltZ19ndWlkZS9zcGFjZXIuZ2lmIiB3aWR0aD0iMTAwJSIgaGVpZ2h0PSIxMCI+PC90ZD48dGQgd2lkdGg9IjIzJSI+PGltZyBzcmM9Imh0dHBzOi8vd3d3LnJha3V0ZW4ubmUuanAvZ29sZC9lYmVzdC9pbWcvaW1nX2d1aWRlL3NwYWNlci5naWYiIHdpZHRoPSIxMDAlIiBoZWlnaHQ9IjEwIj48L3RkPjx0ZCB3aWR0aD0iMiUiPjxpbWcgc3JjPSJodHRwczovL3d3dy5yYWt1dGVuLm5lLmpwL2dvbGQvZWJlc3QvaW1nL2ltZ19ndWlkZS9zcGFjZXIuZ2lmIiB3aWR0aD0iMTAwJSIgaGVpZ2h0PSIxMCI+PC90ZD48dGQgd2lkdGg9IjIzJSI+PGltZyBzcmM9Imh0dHBzOi8vd3d3LnJha3V0ZW4ubmUuanAvZ29sZC9lYmVzdC9pbWcvaW1nX2d1aWRlL3NwYWNlci5naWYiIHdpZHRoPSIxMDAlIiBoZWlnaHQ9IjEwIj48L3RkPjwvdHI+PHRyPjx0ZCBjb2xzcGFuPSI3IiB3aWR0aD0iMTAwJSI+PGltZyBzcmM9Imh0dHBzOi8vd3d3LnJha3V0ZW4ubmUuanAvZ29sZC9lYmVzdC9pbWcvaW1nX2d1aWRlL3NwYWNlci5naWYiIHdpZHRoPSIxMDAlIiBoZWlnaHQ9IjIwIj48L3RkPjwvdHI+PC90YWJsZT48YnI+4pag5aSp5LqV44K344Oj44Ov44O85rCX5rWB44Go44GX44Ga44GL44Oi44O844OJ44Gn5b+r6YGp44Gq5Ya35oi/44KS5a6f54++PGJyPuKWoOOCq+ODqeODvOODnOOCv+ODs+aOoeeUqOOBp+ODquODouOCs+ODs+OBjOS9v+OBhOOChOOBmeOBhDxicj7igLvlpJblh7rlhYjjgoTliKXjga7pg6jlsYvjgYvjgonjgrnjg57jg5vjgafjga7jgqjjgqLjgrPjg7PjgpLpgaDpmpTmk43kvZzjgavjga/liKXlo7Llk4Hjga7os7zlhaXjgYzlv4XopoHjgafjgZk8YnI+PGI+6Zu75rqQPC9iPu+8muWNmOebuDIwMFYgMjBBPGJyPjxiPuOCs+ODs+OCu+ODs+ODiOW9oueKtjwvYj7vvJrjgqjjg6vjg5Djg7w8YnI+PGI+6YGp55So55Wz5pWwPC9iPjxicj7jgIDmmpbmiL/vvJoxNe+9njE455WzKDI0772eMzBtMik8YnI+44CA5Ya35oi/77yaMTXvvZ4yM+eVsygyNe+9njM5bTIpPGJyPjxiPuiDveWKmzwvYj48YnI+44CA5pqW5oi/77yaNi43a1coMC42772eOS40a1cpPGJyPuOAgOWGt+aIv++8mjUuNmtXKDAuN++9njUuN2tXKTxicj48Yj7mtojosrvpm7vlips8L2I+PGJyPuOAgOaaluaIv++8mjIwMzBXKDE1MO+9njM0NDBXKTxicj7jgIDlhrfmiL/vvJoyMjgwVygxNjDvvZ4yMzAwVyk8YnI+PGI+5pyf6ZaT5raI6LK76Zu75Yqb6YePPC9iPu+8mjIxMThrV2goSklTIEM5NjEy77yaMjAxMyk8YnI+PGI+55yB44Ko44ON5Z+65rqW6YGU5oiQ546HPC9iPu+8mjEwMCXvvJrnm67mqJnlubTluqbjgIAyMDEw5bm0PGJyPjxiPumAmuW5tOOCqOODjeODq+OCruODvOa2iOiyu+WKueeOhyhBUEYpPC9iPu+8mjUoSklTIEM5NjEy77yaMjAxMyk8YnI+PGI+5qmf6IO9PC9iPjxicj7jgIDjg5XjgqPjg6vjgr/jg7zoh6rli5XmjoPpmaTvvJotPGJyPuOAgOmZpOiPjO+8mi08YnI+44CA56m65rCX5riF5rWE77yaLTxicj7jgIDmj5vmsJfvvJotPGJyPuOAgOmZpOa5v++8muKXizxicj7jgIDliqDmub/vvaXkv53mub/vvJotPGJyPuOAgOS6uuaEn+OCu+ODs+OCteODvO+8mi08YnI+PGI+6YGL6Lui6Z+zPC9iPjxicj7jgIDmmpbmiL88YnI+44CA44CA5a6k5YaF5qmf77yaNjdkYihKSVMgQzk2MTLvvJoyMDEzKTxicj7jgIDjgIDlrqTlpJbmqZ/vvJo2NWRiKEpJUyBDOTYxMu+8mjIwMTMpPGJyPuOAgOWGt+aIvzxicj7jgIDjgIDlrqTlhoXmqZ/vvJo2NWRiKEpJUyBDOTYxMu+8mjIwMTMpPGJyPuOAgOOAgOWupOWkluapn++8mjY2ZGIoSklTIEM5NjEy77yaMjAxMyk8YnI+PGI+5pyA5aSn6YWN566h6ZW3PC9iPu+8mjIwbTxicj48Yj7mnIDlpKfpq5jkvY7lt648L2I+77yaMTVtPGJyPjxiPuWvuOazle+9pemHjemHjzwvYj48YnI+44CA5a6k5YaF5qmf5a+45rOV77ya5bmFIDc4MHjpq5jjgZUgMjg1eOWlpeihjCAyMzltbTxicj7jgIDlrqTlhoXmqZ/os6rph4/vvJrntIQ4LjVrZzxicj7jgIDlrqTlpJbmqZ/lr7jms5XvvJrluYUgNzk5eOmrmOOBlSA2MTl45aWl6KGMIDI5OW1tPGJyPuOAgOWupOWkluapn+izqumHj++8mue0hDM1LjVrZzxicj48Yj7ku5jlsZ7lk4E8L2I+77yaPGJyPuOAgOODquODouOCs+ODszxicj7jgIDljZg05b2i44Ki44Or44Kr44Oq5Lm+6Zu75rGgKDLmnKwpPGJyPuOAgOODquODouOCs+ODs+ODm+ODq+ODgOODvDxicj7jgIDjg6rjg6LjgrPjg7Pjg5vjg6vjg4Djg7zlj5bku5jnlKjjg43jgrgoMuacrCk=,44OR44OK44K944OL44OD44KvIENTLTU2N0NGUjItVyjjgq/jg6rjgrnjgr/jg6vjg5vjg6/jgqTjg4gpIEVvbGlhKOOCqOOCquODquOCoikgRuOCt+ODquODvOOCuiAxOOeVsyDpm7vmupAyMDBW77ya44Kk44O844OZ44K544OIUEPjg7vlrrbpm7vppKg=,44OR44K944Kz44Oz5a626Zu744Kq44O844OH44Kj44Kq576O5a655YGl5bq344Oi44OQ44Kk44Or77yw77yk77yh44OA44Kk44Ko44OD44OI44OG44Os44OT44Of44OL44Kz44Oz44OT44OH44Kq44K944OL44O844K544Kr44OR44O8VC1mYWzjg4bjgqPjg5XjgqHjg7zjg6vml6XnlKjlk4Hjgrnjg53jg7zjg4TjgYrjgoLjgaHjgoPjgrLjg7zjg6DjgYrosrfjgYTlvpfjg5Hjg4rjgr3jg4vjg4Pjgq8gQ1MtNTY3Q0ZSMi1XKOOCr+ODquOCueOCv+ODq+ODm+ODr+OCpOODiCkgRW9saWEo44Ko44Kq44Oq44KiKSBG44K344Oq44O844K6IDE455WzIOmbu+a6kDIwMFY=,44CQ6YCB5paZ54Sh5paZ44CR44CQ6YCa5bi4M+aXpeeoi+W6puOBq+OBpuWHuuiNt+OAkeOAguODkeODiuOCveODi+ODg+OCryBDUy01NjdDRlIyLVco44Kv44Oq44K544K/44Or44Ob44Ov44Kk44OIKSBFb2xpYSjjgqjjgqrjg6rjgqIpIEbjgrfjg6rjg7zjgrogMTjnlbMg6Zu75rqQMjAwVg==[rn]
37-97148,aHR0cDovL3RzaG9wLnIxMHMuanAvZWJlc3QvY2FiaW5ldC8yMjEvMDAwMDAwMDAxMDEzMS5qcGc/Zml0aW49NzAwOjcwMA==,MjI3NTU2LjgwMDA=,,5a626Zu7ID4g5a2j56+A44O756m66Kq/5a626Zu7ID4g44Ko44Ki44Kz44OzID4g44Ko44Ki44Kz44Oz,44CQ6ZW35pyf5L+d6Ki85LuY44CR44K344Oj44O844OXIEFZLUc1NkQyLVco44Ob44Ov44Kk44OIKSBHLUTjgrfjg6rjg7zjgrogMTjnlbMg6Zu75rqQMjAwVg==,44CQ6YCB5paZ54Sh5paZ44CR44CQ6YCa5bi4MTXml6XnqIvluqbjgavjgablh7rojbfjgJE=,5Ya35aqSUjMy44KS5o6h55So44GX44CB55Kw5aKD5oCn6IO944KS6auY44KB44G+44GX44GfPHRhYmxlIGJvcmRlcj0iMCIgY2VsbHNwYWNpbmc9IjAiIGNlbGxwYWRkaW5nPSIwIiB3aWR0aD0iMTAwJSI+PHRyPjx0ZCB3aWR0aD0iMTAwJSI+PGltZyBzcmM9Imh0dHA6Ly93d3cucmFrdXRlbi5uZS5qcC9nb2xkL2ViZXN0L2ltZy9pbWdfZ3VpZGUvdGx0X29wdGlvbi5qcGciIGJvcmRlcj0iMCIgd2lkdGg9IjEwMCUiPjwvdGQ+PC90cj48dHI+PHRkIHdpZHRoPSIxMDAlIj48aW1nIHNyYz0iaHR0cDovL3d3dy5yYWt1dGVuLm5lLmpwL2dvbGQvZWJlc3QvaW1nL2ltZ19ndWlkZS9zcGFjZXIuZ2lmIiB3aWR0aD0iMTAwJSIgaGVpZ2h0PSIxMCI+PC90ZD48L3RyPjx0cj48dGQ+PGZvbnQgY29sb3I9InJlZCI+5ZWG5ZOB44Gu5Zyo5bqr54q25rOB44Gv5LiL6KGo44Gu44CM5ZWG5ZOB44Gu44G/44CN44Gu44Oa44O844K444G456e75YuV44GX44Gm44GU56K66KqN44GP44Gg44GV44GE44CCPGJyPumVt+acn+S/neiovOOBr+azleS6uuanmO+8iOWAi+S6uuanmOS7peWklu+8ieOBruWKoOWFpeOAgealreWLmeOBp+OBruS9v+eUqOOBr+S/neiovOWkluOBqOOBquOCiuOBvuOBmeOAgjxicj7lv4XjgZrplbfmnJ/kv53oqLzjga7jgrXjg7zjg5PjgrnlhoXlrrnjgIHopo/lrprjgpLkuojjgoHjgZTnorroqo3jgY/jgaDjgZXjgYTjgII8YnI+6ZW35pyf5L+d6Ki844KS44GU5biM5pyb44GV44KM44Gq44GE5aC05ZCI44Gv5LiL6KiY44Gu6KGo44KI44KK44CM5ZWG5ZOB44Gu44G/44CN44Gu44Oa44O844K444G456e75YuV44GX44Gm44GU5rOo5paH44GP44Gg44GV44GE44CCPGJyPu+8leW5tOmWk+mVt+acn+S/neiovOKAu++8sO+8o+OAgeOCv+ODluODrOODg+ODiOOAgeODl+ODquODs+OCv+ODvOOAgeW3peWFt+OBr++8k+W5tOOBqOOBquOCiuOBvuOBmeOAgjwvZm9udD48L3RkPjwvdHI+PHRyPjx0ZCB3aWR0aD0iMTAwJSI+PGltZyBzcmM9Imh0dHA6Ly93d3cucmFrdXRlbi5uZS5qcC9nb2xkL2ViZXN0L2ltZy9pbWdfZ3VpZGUvc3BhY2VyLmdpZiIgd2lkdGg9IjEwMCUiIGhlaWdodD0iMjAiPjwvdGQ+PC90cj48L3RhYmxlPjx0YWJsZSBib3JkZXI9IjAiIGNlbGxzcGFjaW5nPSIwIiBjZWxscGFkZGluZz0iMCIgd2lkdGg9IjEwMCUiPjx0cj48dGQgd2lkdGg9IjE1JSI+PGltZyBzcmM9Imh0dHA6Ly93d3cucmFrdXRlbi5uZS5qcC9nb2xkL2ViZXN0L2ltZy9pbWdfZ3VpZGUvYnRuX29wdGlvbjAxLmpwZyIgYm9yZGVyPSIwIiB3aWR0aD0iMTAwJSI+PC90ZD48dGQgd2lkdGg9IjIlIj48aW1nIHNyYz0iaHR0cDovL3d3dy5yYWt1dGVuLm5lLmpwL2dvbGQvZWJlc3QvaW1nL2ltZ19ndWlkZS9zcGFjZXIuZ2lmIiB3aWR0aD0iMTAwJSIgaGVpZ2h0PSIxMCI+PC90ZD48dGQgd2lkdGg9IjE1JSI+PGltZyBzcmM9Imh0dHA6Ly93d3cucmFrdXRlbi5uZS5qcC9nb2xkL2ViZXN0L2ltZy9pbWdfZ3VpZGUvYnRuX29wdGlvbjAyLmpwZyIgYm9yZGVyPSIwIiB3aWR0aD0iMTAwJSI+PC90ZD48dGQgd2lkdGg9IjIlIj48aW1nIHNyYz0iaHR0cDovL3d3dy5yYWt1dGVuLm5lLmpwL2dvbGQvZWJlc3QvaW1nL2ltZ19ndWlkZS9zcGFjZXIuZ2lmIiB3aWR0aD0iMTAwJSIgaGVpZ2h0PSIxMCI+PC90ZD48dGQgd2lkdGg9IjE1JSI+PGltZyBzcmM9Imh0dHA6Ly93d3cucmFrdXRlbi5uZS5qcC9nb2xkL2ViZXN0L2ltZy9pbWdfZ3VpZGUvc3BhY2VyLmdpZiIgd2lkdGg9IjEwMCUiIGhlaWdodD0iMTAiPjwvdGQ+PHRkIHdpZHRoPSIyJSI+PGltZyBzcmM9Imh0dHA6Ly93d3cucmFrdXRlbi5uZS5qcC9nb2xkL2ViZXN0L2ltZy9pbWdfZ3VpZGUvc3BhY2VyLmdpZiIgd2lkdGg9IjEwMCUiIGhlaWdodD0iMTAiPjwvdGQ+PHRkIHdpZHRoPSIxNSUiPjxpbWcgc3JjPSJodHRwOi8vd3d3LnJha3V0ZW4ubmUuanAvZ29sZC9lYmVzdC9pbWcvaW1nX2d1aWRlL3NwYWNlci5naWYiIHdpZHRoPSIxMDAlIiBoZWlnaHQ9IjEwIj48L3RkPjx0ZCB3aWR0aD0iMiUiPjxpbWcgc3JjPSJodHRwOi8vd3d3LnJha3V0ZW4ubmUuanAvZ29sZC9lYmVzdC9pbWcvaW1nX2d1aWRlL3NwYWNlci5naWYiIHdpZHRoPSIxMDAlIiBoZWlnaHQ9IjEwIj48L3RkPjx0ZCB3aWR0aD0iMTUlIj48aW1nIHNyYz0iaHR0cDovL3d3dy5yYWt1dGVuLm5lLmpwL2dvbGQvZWJlc3QvaW1nL2ltZ19ndWlkZS9zcGFjZXIuZ2lmIiB3aWR0aD0iMTAwJSIgaGVpZ2h0PSIxMCI+PC90ZD48dGQgd2lkdGg9IjIlIj48aW1nIHNyYz0iaHR0cDovL3d3dy5yYWt1dGVuLm5lLmpwL2dvbGQvZWJlc3QvaW1nL2ltZ19ndWlkZS9zcGFjZXIuZ2lmIiB3aWR0aD0iMTAwJSIgaGVpZ2h0PSIxMCI+PC90ZD48dGQgd2lkdGg9IjE1JSI+PGltZyBzcmM9Imh0dHA6Ly93d3cucmFrdXRlbi5uZS5qcC9nb2xkL2ViZXN0L2ltZy9pbWdfZ3VpZGUvc3BhY2VyLmdpZiIgd2lkdGg9IjEwMCUiIGhlaWdodD0iMTAiPjwvdGQ+PC90cj48dHI+PHRkIGNvbHNwYW49IjExIiB3aWR0aD0iMTAwJSI+PGltZyBzcmM9Imh0dHA6Ly93d3cucmFrdXRlbi5uZS5qcC9nb2xkL2ViZXN0L2ltZy9pbWdfZ3VpZGUvc3BhY2VyLmdpZiIgd2lkdGg9IjEwMCUiIGhlaWdodD0iMjAiPjwvdGQ+PC90cj48L3RhYmxlPjx0YWJsZSBib3JkZXI9IjAiIGNlbGxzcGFjaW5nPSIwIiBjZWxscGFkZGluZz0iMCIgd2lkdGg9IjEwMCUiPjx0cj48dGQgY29sc3Bhbj0iNyIgd2lkdGg9IjEwMCUiPjxpbWcgc3JjPSJodHRwOi8vd3d3LnJha3V0ZW4ubmUuanAvZ29sZC9lYmVzdC9pbWcvaW1nX2d1aWRlL3RsdF9zZXJ2aWNlLmpwZyIgd2lkdGg9IjEwMCUiPjwvdGQ+PC90cj48dHI+PHRkIGNvbHNwYW49IjciIHdpZHRoPSIxMDAlIj48aW1nIHNyYz0iaHR0cDovL3d3dy5yYWt1dGVuLm5lLmpwL2dvbGQvZWJlc3QvaW1nL2ltZ19ndWlkZS9zcGFjZXIuZ2lmIiB3aWR0aD0iMTAwJSIgaGVpZ2h0PSIyMCI+PC90ZD48L3RyPjx0cj48dGQgd2lkdGg9IjIzJSI+PGltZyBzcmM9Imh0dHA6Ly93d3cucmFrdXRlbi5uZS5qcC9nb2xkL2ViZXN0L2ltZy9pbWdfZ3VpZGUvYnRuX3NlcnZpY2UwMS5qcGciIHdpZHRoPSIxMDAlIj48L3RkPjx0ZCB3aWR0aD0iMiUiPjxpbWcgc3JjPSJodHRwOi8vd3d3LnJha3V0ZW4ubmUuanAvZ29sZC9lYmVzdC9pbWcvaW1nX2d1aWRlL3NwYWNlci5naWYiIHdpZHRoPSIxMDAlIiBoZWlnaHQ9IjEwIj48L3RkPjx0ZCB3aWR0aD0iMjMlIj48aW1nIHNyYz0iaHR0cDovL3d3dy5yYWt1dGVuLm5lLmpwL2dvbGQvZWJlc3QvaW1nL2ltZ19ndWlkZS9zcGFjZXIuZ2lmIiB3aWR0aD0iMTAwJSIgaGVpZ2h0PSIxMCI+PC90ZD48dGQgd2lkdGg9IjIlIj48aW1nIHNyYz0iaHR0cDovL3d3dy5yYWt1dGVuLm5lLmpwL2dvbGQvZWJlc3QvaW1nL2ltZ19ndWlkZS9zcGFjZXIuZ2lmIiB3aWR0aD0iMTAwJSIgaGVpZ2h0PSIxMCI+PC90ZD48dGQgd2lkdGg9IjIzJSI+PGltZyBzcmM9Imh0dHA6Ly93d3cucmFrdXRlbi5uZS5qcC9nb2xkL2ViZXN0L2ltZy9pbWdfZ3VpZGUvc3BhY2VyLmdpZiIgd2lkdGg9IjEwMCUiIGhlaWdodD0iMTAiPjwvdGQ+PHRkIHdpZHRoPSIyJSI+PGltZyBzcmM9Imh0dHA6Ly93d3cucmFrdXRlbi5uZS5qcC9nb2xkL2ViZXN0L2ltZy9pbWdfZ3VpZGUvc3BhY2VyLmdpZiIgd2lkdGg9IjEwMCUiIGhlaWdodD0iMTAiPjwvdGQ+PHRkIHdpZHRoPSIyMyUiPjxpbWcgc3JjPSJodHRwOi8vd3d3LnJha3V0ZW4ubmUuanAvZ29sZC9lYmVzdC9pbWcvaW1nX2d1aWRlL3NwYWNlci5naWYiIHdpZHRoPSIxMDAlIiBoZWlnaHQ9IjEwIj48L3RkPjwvdHI+PHRyPjx0ZCBjb2xzcGFuPSI3IiB3aWR0aD0iMTAwJSI+PGltZyBzcmM9Imh0dHA6Ly93d3cucmFrdXRlbi5uZS5qcC9nb2xkL2ViZXN0L2ltZy9pbWdfZ3VpZGUvc3BhY2VyLmdpZiIgd2lkdGg9IjEwMCUiIGhlaWdodD0iMjAiPjwvdGQ+PC90cj48L3RhYmxlPjxicj48YnI+4pag44Ko44Ki44Kz44Oz44KS5YGc5q2i5Lit44Gn44KC44CB44GK6YOo5bGL44Gu5rip5bqm44GMMjDihIPjgIHmub/luqbjgYw3MCXku6XkuIrjgpLmpJznn6XjgZnjgovjgajjg5fjg6njgrrjg57jgq/jg6njgrnjgr/jg7zljZjni6zpgYvou6LjgpLoh6rli5Xjgafplovlp4s8YnI+4pag5pqW5oi/44Go6Zmk5rm/44KS57WE44G/5ZCI44KP44Gb44Gm44CB5Yq5546H44KI44GP5rSX5r+v54mp44KS5Lm+54elIDLmmYLplpPjga7pgYvou6LjgafntIQ0a2fjga7mtJfmv6/nianjgpLkub7jgYvjgZfjgb7jgZk8YnI+4pag5pqW44KB44GZ44GO44Gq44GE44CB44KE44GV44GX44GV5pqW5oi/L+WGt+OChOOBl+OBmeOBjuOBquOBhOOAgeOChOOBleOBl+OBleWGt+aIvzxicj48Yj7pm7vmupA8L2I+77ya5Y2Y55u4MjAwViAxNUE8YnI+PGI+44Kz44Oz44K744Oz44OI5b2i54q2PC9iPu+8muOCv+ODs+ODh+ODoDxicj48Yj7pgannlKjnlbPmlbA8L2I+PGJyPuOAgOaaluaIv++8mjE1772eMTjnlbMoMjTvvZ4zMG0yKTxicj7jgIDlhrfmiL/vvJoxNe+9njIz55WzKDI1772eMzltMik8YnI+PGI+6IO95YqbPC9iPjxicj7jgIDmmpbmiL/vvJo2LjdrVygwLjjvvZ44LjdrVyk8YnI+44CA5Ya35oi/77yaNS42a1coMC44772eNS43a1cpPGJyPjxiPua2iOiyu+mbu+WKmzwvYj48YnI+44CA5pqW5oi/77yaMTkwMFcoMTQw772eMjk0MFcpPGJyPuOAgOWGt+aIv++8mjIyNTBXKDE0MO+9njIyODBXKTxicj48Yj7mnJ/plpPmtojosrvpm7vlipvph488L2I+77yaMjExOGtXaChKSVMgQzk2MTLvvJoyMDEzKTxicj48Yj7nnIHjgqjjg43ln7rmupbpgZTmiJDnjoc8L2I+77yaMTAwJe+8muebruaomeW5tOW6puOAgDIwMTDlubQ8YnI+PGI+6YCa5bm044Ko44ON44Or44Ku44O85raI6LK75Yq5546HKEFQRik8L2I+77yaNShKSVMgQzk2MTLvvJoyMDEzKTxicj48Yj7mqZ/og708L2I+PGJyPuOAgOODleOCo+ODq+OCv+ODvOiHquWLleaOg+mZpO+8mi08YnI+44CA6Zmk6I+M77yaLTxicj7jgIDnqbrmsJfmuIXmtYTvvJotPGJyPuOAgOaPm+awl++8mi08YnI+44CA6Zmk5rm/77ya4peLPGJyPuOAgOWKoOa5v++9peS/nea5v++8mi08YnI+44CA5Lq65oSf44K744Oz44K144O877yaLTxicj48Yj7pgYvou6Lpn7M8L2I+PGJyPuOAgOaaluaIvzxicj7jgIDjgIDlrqTlhoXmqZ/vvJo2NmRiKEpJUyBDOTYxMu+8mjIwMTMpPGJyPuOAgOOAgOWupOWkluapn++8mjY2ZGIoSklTIEM5NjEy77yaMjAxMyk8YnI+44CA5Ya35oi/PGJyPuOAgOOAgOWupOWGheapn++8mjY1ZGIoSklTIEM5NjEy77yaMjAxMyk8YnI+44CA44CA5a6k5aSW5qmf77yaNjZkYihKSVMgQzk2MTLvvJoyMDEzKTxicj48Yj7mnIDlpKfphY3nrqHplbc8L2I+77yaMTVtPGJyPjxiPuacgOWkp+mrmOS9juW3rjwvYj7vvJoxMG08YnI+PGI+5a+45rOV772l6YeN6YePPC9iPjxicj7jgIDlrqTlhoXmqZ/lr7jms5XvvJrluYUgNzcweOmrmOOBlSAyNjB45aWl6KGMIDI1NG1tPGJyPuOAgOWupOWGheapn+izqumHj++8mue0hDlrZzxicj7jgIDlrqTlpJbmqZ/lr7jms5XvvJrluYUgODAweOmrmOOBlSA2MzB45aWl6KGMIDMwMG1tPGJyPuOAgOWupOWkluapn+izqumHj++8mue0hDM4a2c8YnI+PGI+5LuY5bGe5ZOBPC9iPu+8mjxicj7jgIDkv53oqLzmm7g8YnI+44CA5Y+W5omx6Kqs5piO5pu4PGJyPuOAgOODquODouOCs+ODszxicj7jgIDljZg05Lm+6Zu75rGgIDLmnKw8YnI+,44CQ6ZW35pyf5L+d6Ki85LuY44CR44K344Oj44O844OXIEFZLUc1NkQyLVco44Ob44Ov44Kk44OIKSBHLUTjgrfjg6rjg7zjgrogMTjnlbMg6Zu75rqQMjAwVu+8muOCpOODvOODmeOCueODiFBD44O75a626Zu76aSo,44OR44K944Kz44Oz5a626Zu744Kq44O844OH44Kj44Kq576O5a655YGl5bq344Oi44OQ44Kk44Or77yw77yk77yh44OA44Kk44Ko44OD44OI44OG44Os44OT44Of44OL44Kz44Oz44OT44OH44Kq44K944OL44O844K544Kr44OR44O8VC1mYWzjg4bjgqPjg5XjgqHjg7zjg6vml6XnlKjlk4Hjgrnjg53jg7zjg4TjgYrjgoLjgaHjgoPjgrLjg7zjg6DjgYrosrfjgYTlvpfjgJDplbfmnJ/kv53oqLzku5jjgJHjgrfjg6Pjg7zjg5cgQVktRzU2RDItVyjjg5vjg6/jgqTjg4gpIEctROOCt+ODquODvOOCuiAxOOeVsyDpm7vmupAyMDBW,44CQ6YCB5paZ54Sh5paZ44CR44CQ6YCa5bi4MTXml6XnqIvluqbjgavjgablh7rojbfjgJHjgILjgJDplbfmnJ/kv53oqLzku5jjgJHjgrfjg6Pjg7zjg5cgQVktRzU2RDItVyjjg5vjg6/jgqTjg4gpIEctROOCt+ODquODvOOCuiAxOOeVsyDpm7vmupAyMDBW[rn]
