12-37201,aHR0cDovL3RzaG9wLnIxMHMuanAvcGFydHMvY2FiaW5ldC9kZXRhaWwtYWE1Ni9zMTBhYTU2LmpwZz9maXRpbj03MDA6NzAw,NjQwMC4wMDAw,,6LuK55So5ZOB44O744OQ44Kk44Kv55So5ZOBID4g44Kr44O855So5ZOBID4g5YaF6KOF44OR44O844OEID4g44OV44Ot44Ki44Oe44OD44OIID4g44Ki44Km44OH44Kj55So,44Kr44O844Oe44OD44OIIOODleODreOCouODnuODg+ODiCDjgqLjgqbjg4fjgqMg77y077y044Ot44O844OJ44K544K/44O8IDE45bm0N++9niDlj7PvvKgt44K544K/44Oz44OA44O844OJ44OW44Op44Km44OzMg==,,57SU5q2j44Oe44OD44OI44Go44G744G85ZCM44GY57Sg5p2Q44O757ir6KO944Gu44OV44Ot44Ki44Oe44OD44OI44Gn44GZ44CC6ICQ5LmF5oCn44KE6ICQ56Oo6ICX5oCn44CB6ICQ54Gr5oCn44Gq44Gp44CB44G+44Gj44Gf44GP57SU5q2j44Oe44OD44OI44Go5aSJ44KP44KJ44Gq44GE6auY5ZOB6LOq44CC5rC05rSX44GE44Gv44KC44Gh44KN44KT44Oe44OD44OI5rSX5rWE5qmf44KC44GU5L2/55So44Gr44Gq44KM44G+44GZ44CC44G+44Gf44CB44GK5rGC44KB44KE44GZ44GE44Oq44O844K644OK44OW44Or44Gq5L6h5qC844Gr6Kit5a6a44CC57SU5q2j44Kr44O844Oe44OD44OI44Go44G744G85ZCM44GY5Z6L44Gu5ZCE6LuK56iu5bCC55So44Kq44Oq44K444OK44Or44Kr44O844Oe44OD44OI44Gn44GZ44CC5bel5aC044Gn55u05o6l6ZaL55m644KS44GX44Gm44GE44G+44GZ44Gu44Gn44CB6LuK56iu5bCC55So44Gq44Gu44Gr44Ot44O844OX44Op44Kk44K544KS5a6f54++77yB77yB44CA44G+44Gf44CB5b6T5p2l44Gr44Gq44GE44Kr44Op44O844OQ44Oq44Ko44O844K344On44Oz44KE5p2Q6LOq44Gn44CB5Lq644Go6YGV44Gj44Gf44Kk44Oz44OG44Oq44Ki44Kz44O844OH44Kj44ON44Kk44OI44GM5qW944GX44KB44G+44GZ44CCPGJyPuKXhjHlj7DliIYx44K744OD44OI44CA4peG5Y+W5LuY55So5rGO55So44OV44OD44Kv5LuY5bGe44CA4oC75pen6LuK44Gv56m05L2N572u44GM55Ww44Gq44KL5aC05ZCI44GM44GU44GW44GE44G+44GZ44CC44CA4oC744OS44O844Or44OR44OD44OJ44Gu5pyJ54Sh44Gr6Zai44GX44Gm44GU5biM5pyb44GM44GC44KL5aC05ZCI44Gr44Gv44GU5rOo5paH5pmC44Gr44GK55Sz44GX5LuY44GR44GP44Gg44GV44GE44CCPGJyPuKAu+eUn+WcsOOBr+OAgeafk+iJsuODreODg+ODiOOAgeODkeOCveOCs+ODs+eSsOWig+etieOBq+OCiOOCiuOAgeWun+mam+OBruOCq+ODqeODvOOBqOeVsOOBquOCi+WgtOWQiOOBjOOBlOOBluOBhOOBvuOBmeOBruOBp+S6iOOCgeOBlOS6huaJv+S4i+OBleOBhOOAguKAu+eUn+WcsOijgeaWreOBq+OCiOOBo+OBpuafhOOBruWHuuaWueOBjOWkieOCj+OCiuOBvuOBmeOAguOBiuaJi+WFg+OBq+WxiuOBj+WVhuWTgeOBjOWGmeecn+OBruafhOOBruWHuuaWueOBqOeVsOOBquOCi+WgtOWQiOOBjOOBlOOBluOBhOOBvuOBmeOAguOAgOKAu+e0jeacn++8muWPl+azqOeUn+eUo+OBruOBn+OCgeOAgTHvvZ4y6YCx6ZaT56iL5bqm44CC5a6M5YWo5Y+X5rOo55Sf55Sj44Gu44Gf44KB44GU5rOo5paH5b6M44Gu44Kt44Oj44Oz44K744Or44O76L+U5ZOB44Gv5LiN5Y+v44CC4oC75Luj5byV44GN5LiN5Y+vPGJyPjxicj7lr77lv5zou4rnqK4g77yaIDE4LzfvvZ4gVFTvvpvvvbDvvoTvvp7vvb3vvoDvvbAg5Y+z44OP44Oz44OJ44Or6LuKPGJyPjxicj7jgqTjg7Pjg4bjg6rjgqIgfCDjg5Xjg63jgqLjg57jg4Pjg4g8YnI+44Ki44Km44OH44KjIHwg77y077y0IHwgOErns7s8dHI+PHRkIGNvbHNwYW49IjIiPgo8Y2VudGVyPjxpbWcgc3JjPSJodHRwczovL2ltYWdlLnJha3V0ZW4uY28uanAvcGFydHMvY2FiaW5ldC9kZXNpZ24vMjAxN3N1bW1lcnRpcmUyLmpwZyIgYm9yZGVyPSIwIiB3aWR0aD0iODAwcHgiPjxicj4KPC90ZD48L3RyPjwvY2VudGVyPgoKCjwhLS0KCjxjZW50ZXI+CjxpbWcgc3JjPSJodHRwOi8vaW1hZ2UucmFrdXRlbi5jby5qcC9wYXJ0cy9jYWJpbmV0L3NhbGUvMjAxNjEyc3NfNDVfcGMyLmdpZiIgYm9yZGVyPSIwIiB3aWR0aD0iODAwcHgiPgo8L2NlbnRlcj48YnI+PGJyPgo8Y2VudGVyPgo8aW1nIHNyYz0iaHR0cDovL2ltYWdlLnJha3V0ZW4uY28uanAvcGFydHMvY2FiaW5ldC9zYWxlL2NvbmJpbmkyMDE2MTJwYy5qcGciIGJvcmRlcj0iMCIgd2lkdGg9IjgwMHB4Igo+PGJyPgoKLS0+CgoKCjwhLS0KCjxzdHlsZSB0eXBlPSJ0ZXh0L2NzcyI+CmJvZHl7CgpiYWNrZ3JvdW5kLWltYWdlOiB1cmwoImh0dHA6Ly9pbWFnZS5yYWt1dGVuLmNvLmpwL3BhcnRzL2NhYmluZXQvc2FsZS8zNl9zaG9wXzEwMHg2MDAuZ2lmIik7CgpiYWNrZ3JvdW5kLXJlcGVhdDpyZXBlYXQteTsKYmFja2dyb3VuZC1hdHRhY2htZW50OnNjcm9sbDsKYmFja2dyb3VuZC1wb3NpdGlvbjogcmlnaHQ7Cgp9Cjwvc3R5bGU+LS0+,44Kr44O844Oe44OD44OIIOODleODreOCouODnuODg+ODiCDjgqLjgqbjg4fjgqMg77y077y044Ot44O844OJ44K544K/44O8IDE45bm0N++9niDlj7PvvKgt44K544K/44Oz44OA44O844OJ44OW44Op44Km44OzMu+8mu+8sO+8oe+8su+8tO+8sw==,44OY44OD44OJ44Op44Kk44OI44OG44O844Or44Op44Kk44OI44Kz44O844OK44O844Op44Kk44OI44K144Kk44OJ44Oe44O844Kr44O844Kr44O844Oc44Oz44Ki44Oz44OG44OK44OJ44Ki44Of44Op44O844Ko44Ki44Ot44Oh44O844K/44O844OR44ON44Or44Oq44OD44OX44K544Od44Kk44Op44O844Km44Kk44Oz44Kw44Ob44Kk44O844Or44Kr44OQ44O844Oa44OA44Or6LuK6auY6Kq/44OW44Os44O844Kt44OJ44Op44Kk44OW44Os44Kz44O844OA44O844Ov44Kk44OR44O844Kw44Oq44Or44Oc44Oz44ON44OD44OI44Ot44O844OA44Km44Oz44Kr44O844Oe44OD44OIIOODleODreOCouODnuODg+ODiCDjgqLjgqbjg4fjgqMg77y077y044Ot44O844OJ44K544K/44O8IDE45bm0N++9niDlj7PvvKgt44K544K/44Oz44OA44O844OJ44OW44Op44Km44OzMg==,6LuK56iu5Yil5bCC55So44OV44Ot44Ki44Oe44OD44OIIENBTE1BVCjjgq3jg6Pjg6vjg57jg4Pjg4gpIOOAguOCq+ODvOODnuODg+ODiCDjg5Xjg63jgqLjg57jg4Pjg4gg44Ki44Km44OH44KjIO+8tO+8tOODreODvOODieOCueOCv+ODvCAxOOW5tDfvvZ4g5Y+z77yoLeOCueOCv+ODs+ODgOODvOODieODluODqeOCpuODszI=[rn]
12-37202,aHR0cDovL3RzaG9wLnIxMHMuanAvcGFydHMvY2FiaW5ldC9kZXRhaWwtYWE1Ni9zMDlhYTU2LmpwZz9maXRpbj03MDA6NzAw,NjQwMC4wMDAw,,6LuK55So5ZOB44O744OQ44Kk44Kv55So5ZOBID4g44Kr44O855So5ZOBID4g5YaF6KOF44OR44O844OEID4g44OV44Ot44Ki44Oe44OD44OIID4g44Ki44Km44OH44Kj55So,44Kr44O844Oe44OD44OIIOODleODreOCouODnuODg+ODiCDjgqLjgqbjg4fjgqMg77y077y044Ot44O844OJ44K544K/44O8IDE45bm0N++9niDlj7PvvKgt44K544K/44Oz44OA44O844OJ44OW44Op44OD44KvMg==,,57SU5q2j44Oe44OD44OI44Go44G744G85ZCM44GY57Sg5p2Q44O757ir6KO944Gu44OV44Ot44Ki44Oe44OD44OI44Gn44GZ44CC6ICQ5LmF5oCn44KE6ICQ56Oo6ICX5oCn44CB6ICQ54Gr5oCn44Gq44Gp44CB44G+44Gj44Gf44GP57SU5q2j44Oe44OD44OI44Go5aSJ44KP44KJ44Gq44GE6auY5ZOB6LOq44CC5rC05rSX44GE44Gv44KC44Gh44KN44KT44Oe44OD44OI5rSX5rWE5qmf44KC44GU5L2/55So44Gr44Gq44KM44G+44GZ44CC44G+44Gf44CB44GK5rGC44KB44KE44GZ44GE44Oq44O844K644OK44OW44Or44Gq5L6h5qC844Gr6Kit5a6a44CC57SU5q2j44Kr44O844Oe44OD44OI44Go44G744G85ZCM44GY5Z6L44Gu5ZCE6LuK56iu5bCC55So44Kq44Oq44K444OK44Or44Kr44O844Oe44OD44OI44Gn44GZ44CC5bel5aC044Gn55u05o6l6ZaL55m644KS44GX44Gm44GE44G+44GZ44Gu44Gn44CB6LuK56iu5bCC55So44Gq44Gu44Gr44Ot44O844OX44Op44Kk44K544KS5a6f54++77yB77yB44CA44G+44Gf44CB5b6T5p2l44Gr44Gq44GE44Kr44Op44O844OQ44Oq44Ko44O844K344On44Oz44KE5p2Q6LOq44Gn44CB5Lq644Go6YGV44Gj44Gf44Kk44Oz44OG44Oq44Ki44Kz44O844OH44Kj44ON44Kk44OI44GM5qW944GX44KB44G+44GZ44CCPGJyPuKXhjHlj7DliIYx44K744OD44OI44CA4peG5Y+W5LuY55So5rGO55So44OV44OD44Kv5LuY5bGe44CA4oC75pen6LuK44Gv56m05L2N572u44GM55Ww44Gq44KL5aC05ZCI44GM44GU44GW44GE44G+44GZ44CC44CA4oC744OS44O844Or44OR44OD44OJ44Gu5pyJ54Sh44Gr6Zai44GX44Gm44GU5biM5pyb44GM44GC44KL5aC05ZCI44Gr44Gv44GU5rOo5paH5pmC44Gr44GK55Sz44GX5LuY44GR44GP44Gg44GV44GE44CCPGJyPuKAu+eUn+WcsOOBr+OAgeafk+iJsuODreODg+ODiOOAgeODkeOCveOCs+ODs+eSsOWig+etieOBq+OCiOOCiuOAgeWun+mam+OBruOCq+ODqeODvOOBqOeVsOOBquOCi+WgtOWQiOOBjOOBlOOBluOBhOOBvuOBmeOBruOBp+S6iOOCgeOBlOS6huaJv+S4i+OBleOBhOOAguKAu+eUn+WcsOijgeaWreOBq+OCiOOBo+OBpuafhOOBruWHuuaWueOBjOWkieOCj+OCiuOBvuOBmeOAguOBiuaJi+WFg+OBq+WxiuOBj+WVhuWTgeOBjOWGmeecn+OBruafhOOBruWHuuaWueOBqOeVsOOBquOCi+WgtOWQiOOBjOOBlOOBluOBhOOBvuOBmeOAguOAgOKAu+e0jeacn++8muWPl+azqOeUn+eUo+OBruOBn+OCgeOAgTHvvZ4y6YCx6ZaT56iL5bqm44CC5a6M5YWo5Y+X5rOo55Sf55Sj44Gu44Gf44KB44GU5rOo5paH5b6M44Gu44Kt44Oj44Oz44K744Or44O76L+U5ZOB44Gv5LiN5Y+v44CC4oC75Luj5byV44GN5LiN5Y+vPGJyPjxicj7lr77lv5zou4rnqK4g77yaIDE4LzfvvZ4gVFTvvpvvvbDvvoTvvp7vvb3vvoDvvbAg5Y+z44OP44Oz44OJ44Or6LuKPGJyPjxicj7jgqTjg7Pjg4bjg6rjgqIgfCDjg5Xjg63jgqLjg57jg4Pjg4g8YnI+44Ki44Km44OH44KjIHwg77y077y0IHwgOErns7s8dHI+PHRkIGNvbHNwYW49IjIiPgo8Y2VudGVyPjxpbWcgc3JjPSJodHRwczovL2ltYWdlLnJha3V0ZW4uY28uanAvcGFydHMvY2FiaW5ldC9kZXNpZ24vMjAxN3N1bW1lcnRpcmUyLmpwZyIgYm9yZGVyPSIwIiB3aWR0aD0iODAwcHgiPjxicj4KPC90ZD48L3RyPjwvY2VudGVyPgoKCjwhLS0KCjxjZW50ZXI+CjxpbWcgc3JjPSJodHRwOi8vaW1hZ2UucmFrdXRlbi5jby5qcC9wYXJ0cy9jYWJpbmV0L3NhbGUvMjAxNjEyc3NfNDVfcGMyLmdpZiIgYm9yZGVyPSIwIiB3aWR0aD0iODAwcHgiPgo8L2NlbnRlcj48YnI+PGJyPgo8Y2VudGVyPgo8aW1nIHNyYz0iaHR0cDovL2ltYWdlLnJha3V0ZW4uY28uanAvcGFydHMvY2FiaW5ldC9zYWxlL2NvbmJpbmkyMDE2MTJwYy5qcGciIGJvcmRlcj0iMCIgd2lkdGg9IjgwMHB4Igo+PGJyPgoKLS0+CgoKCjwhLS0KCjxzdHlsZSB0eXBlPSJ0ZXh0L2NzcyI+CmJvZHl7CgpiYWNrZ3JvdW5kLWltYWdlOiB1cmwoImh0dHA6Ly9pbWFnZS5yYWt1dGVuLmNvLmpwL3BhcnRzL2NhYmluZXQvc2FsZS8zNl9zaG9wXzEwMHg2MDAuZ2lmIik7CgpiYWNrZ3JvdW5kLXJlcGVhdDpyZXBlYXQteTsKYmFja2dyb3VuZC1hdHRhY2htZW50OnNjcm9sbDsKYmFja2dyb3VuZC1wb3NpdGlvbjogcmlnaHQ7Cgp9Cjwvc3R5bGU+LS0+,44Kr44O844Oe44OD44OIIOODleODreOCouODnuODg+ODiCDjgqLjgqbjg4fjgqMg77y077y044Ot44O844OJ44K544K/44O8IDE45bm0N++9niDlj7PvvKgt44K544K/44Oz44OA44O844OJ44OW44Op44OD44KvMu+8mu+8sO+8oe+8su+8tO+8sw==,44OY44OD44OJ44Op44Kk44OI44OG44O844Or44Op44Kk44OI44Kz44O844OK44O844Op44Kk44OI44K144Kk44OJ44Oe44O844Kr44O844Kr44O844Oc44Oz44Ki44Oz44OG44OK44OJ44Ki44Of44Op44O844Ko44Ki44Ot44Oh44O844K/44O844OR44ON44Or44Oq44OD44OX44K544Od44Kk44Op44O844Km44Kk44Oz44Kw44Ob44Kk44O844Or44Kr44OQ44O844Oa44OA44Or6LuK6auY6Kq/44OW44Os44O844Kt44OJ44Op44Kk44OW44Os44Kz44O844OA44O844Ov44Kk44OR44O844Kw44Oq44Or44Oc44Oz44ON44OD44OI44Ot44O844OA44Km44Oz44Kr44O844Oe44OD44OIIOODleODreOCouODnuODg+ODiCDjgqLjgqbjg4fjgqMg77y077y044Ot44O844OJ44K544K/44O8IDE45bm0N++9niDlj7PvvKgt44K544K/44Oz44OA44O844OJ44OW44Op44OD44KvMg==,6LuK56iu5Yil5bCC55So44OV44Ot44Ki44Oe44OD44OIIENBTE1BVCjjgq3jg6Pjg6vjg57jg4Pjg4gpIOOAguOCq+ODvOODnuODg+ODiCDjg5Xjg63jgqLjg57jg4Pjg4gg44Ki44Km44OH44KjIO+8tO+8tOODreODvOODieOCueOCv+ODvCAxOOW5tDfvvZ4g5Y+z77yoLeOCueOCv+ODs+ODgOODvOODieODluODqeODg+OCrzI=[rn]
12-37203,aHR0cDovL3RzaG9wLnIxMHMuanAvcGFydHMvY2FiaW5ldC9kZXRhaWwtYWE1Ni9zMDlhYTU2LmpwZz9maXRpbj03MDA6NzAw,MTM2MDAuMDAwMA==,,6LuK55So5ZOB44O744OQ44Kk44Kv55So5ZOBID4g44Kr44O855So5ZOBID4g5YaF6KOF44OR44O844OEID4g44OV44Ot44Ki44Oe44OD44OIID4g44Ki44Km44OH44Kj55So,44Kr44O844Oe44OD44OIIOODleODreOCouODnuODg+ODiCDjgqLjgqbjg4fjgqMg77yh77yRIDIz5bm0Me+9niDlj7PvvKgt44K544K/44Oz44OA44O844OJ44OW44Op44OD44KvMg==,,57SU5q2j44Oe44OD44OI44Go44G744G85ZCM44GY57Sg5p2Q44O757ir6KO944Gu44OV44Ot44Ki44Oe44OD44OI44Gn44GZ44CC6ICQ5LmF5oCn44KE6ICQ56Oo6ICX5oCn44CB6ICQ54Gr5oCn44Gq44Gp44CB44G+44Gj44Gf44GP57SU5q2j44Oe44OD44OI44Go5aSJ44KP44KJ44Gq44GE6auY5ZOB6LOq44CC5rC05rSX44GE44Gv44KC44Gh44KN44KT44Oe44OD44OI5rSX5rWE5qmf44KC44GU5L2/55So44Gr44Gq44KM44G+44GZ44CC44G+44Gf44CB44GK5rGC44KB44KE44GZ44GE44Oq44O844K644OK44OW44Or44Gq5L6h5qC844Gr6Kit5a6a44CC57SU5q2j44Kr44O844Oe44OD44OI44Go44G744G85ZCM44GY5Z6L44Gu5ZCE6LuK56iu5bCC55So44Kq44Oq44K444OK44Or44Kr44O844Oe44OD44OI44Gn44GZ44CC5bel5aC044Gn55u05o6l6ZaL55m644KS44GX44Gm44GE44G+44GZ44Gu44Gn44CB6LuK56iu5bCC55So44Gq44Gu44Gr44Ot44O844OX44Op44Kk44K544KS5a6f54++77yB77yB44CA44G+44Gf44CB5b6T5p2l44Gr44Gq44GE44Kr44Op44O844OQ44Oq44Ko44O844K344On44Oz44KE5p2Q6LOq44Gn44CB5Lq644Go6YGV44Gj44Gf44Kk44Oz44OG44Oq44Ki44Kz44O844OH44Kj44ON44Kk44OI44GM5qW944GX44KB44G+44GZ44CCPGJyPuKXhjHlj7DliIYx44K744OD44OI44CA4peG5Y+W5LuY55So5rGO55So44OV44OD44Kv5LuY5bGe44CA4oC75pen6LuK44Gv56m05L2N572u44GM55Ww44Gq44KL5aC05ZCI44GM44GU44GW44GE44G+44GZ44CC44CA4oC744OS44O844Or44OR44OD44OJ44Gu5pyJ54Sh44Gr6Zai44GX44Gm44GU5biM5pyb44GM44GC44KL5aC05ZCI44Gr44Gv44GU5rOo5paH5pmC44Gr44GK55Sz44GX5LuY44GR44GP44Gg44GV44GE44CCPGJyPuKAu+eUn+WcsOOBr+OAgeafk+iJsuODreODg+ODiOOAgeODkeOCveOCs+ODs+eSsOWig+etieOBq+OCiOOCiuOAgeWun+mam+OBruOCq+ODqeODvOOBqOeVsOOBquOCi+WgtOWQiOOBjOOBlOOBluOBhOOBvuOBmeOBruOBp+S6iOOCgeOBlOS6huaJv+S4i+OBleOBhOOAguKAu+eUn+WcsOijgeaWreOBq+OCiOOBo+OBpuafhOOBruWHuuaWueOBjOWkieOCj+OCiuOBvuOBmeOAguOBiuaJi+WFg+OBq+WxiuOBj+WVhuWTgeOBjOWGmeecn+OBruafhOOBruWHuuaWueOBqOeVsOOBquOCi+WgtOWQiOOBjOOBlOOBluOBhOOBvuOBmeOAguOAgOKAu+e0jeacn++8muWPl+azqOeUn+eUo+OBruOBn+OCgeOAgTHvvZ4y6YCx6ZaT56iL5bqm44CC5a6M5YWo5Y+X5rOo55Sf55Sj44Gu44Gf44KB44GU5rOo5paH5b6M44Gu44Kt44Oj44Oz44K744Or44O76L+U5ZOB44Gv5LiN5Y+v44CC4oC75Luj5byV44GN5LiN5Y+vPGJyPjxicj7lr77lv5zou4rnqK4g77yaIDIzLzHvvZ4gQTEgQTEg5Y+z44OP44Oz44OJ44Or6LuKPGJyPjxicj7jgqTjg7Pjg4bjg6rjgqIgfCDjg5Xjg63jgqLjg57jg4Pjg4g8YnI+44Ki44Km44OH44KjIHwgQTEgfCA4WOezuzx0cj48dGQgY29sc3Bhbj0iMiI+CjxjZW50ZXI+PGltZyBzcmM9Imh0dHBzOi8vaW1hZ2UucmFrdXRlbi5jby5qcC9wYXJ0cy9jYWJpbmV0L2Rlc2lnbi8yMDE3c3VtbWVydGlyZTIuanBnIiBib3JkZXI9IjAiIHdpZHRoPSI4MDBweCI+PGJyPgo8L3RkPjwvdHI+PC9jZW50ZXI+CgoKPCEtLQoKPGNlbnRlcj4KPGltZyBzcmM9Imh0dHA6Ly9pbWFnZS5yYWt1dGVuLmNvLmpwL3BhcnRzL2NhYmluZXQvc2FsZS8yMDE2MTJzc180NV9wYzIuZ2lmIiBib3JkZXI9IjAiIHdpZHRoPSI4MDBweCI+CjwvY2VudGVyPjxicj48YnI+CjxjZW50ZXI+CjxpbWcgc3JjPSJodHRwOi8vaW1hZ2UucmFrdXRlbi5jby5qcC9wYXJ0cy9jYWJpbmV0L3NhbGUvY29uYmluaTIwMTYxMnBjLmpwZyIgYm9yZGVyPSIwIiB3aWR0aD0iODAwcHgiCj48YnI+CgotLT4KCgoKPCEtLQoKPHN0eWxlIHR5cGU9InRleHQvY3NzIj4KYm9keXsKCmJhY2tncm91bmQtaW1hZ2U6IHVybCgiaHR0cDovL2ltYWdlLnJha3V0ZW4uY28uanAvcGFydHMvY2FiaW5ldC9zYWxlLzM2X3Nob3BfMTAweDYwMC5naWYiKTsKCmJhY2tncm91bmQtcmVwZWF0OnJlcGVhdC15OwpiYWNrZ3JvdW5kLWF0dGFjaG1lbnQ6c2Nyb2xsOwpiYWNrZ3JvdW5kLXBvc2l0aW9uOiByaWdodDsKCn0KPC9zdHlsZT4tLT4=,44Kr44O844Oe44OD44OIIOODleODreOCouODnuODg+ODiCDjgqLjgqbjg4fjgqMg77yh77yRIDIz5bm0Me+9niDlj7PvvKgt44K544K/44Oz44OA44O844OJ44OW44Op44OD44KvMu+8mu+8sO+8oe+8su+8tO+8sw==,44OY44OD44OJ44Op44Kk44OI44OG44O844Or44Op44Kk44OI44Kz44O844OK44O844Op44Kk44OI44K144Kk44OJ44Oe44O844Kr44O844Kr44O844Oc44Oz44Ki44Oz44OG44OK44OJ44Ki44Of44Op44O844Ko44Ki44Ot44Oh44O844K/44O844OR44ON44Or44Oq44OD44OX44K544Od44Kk44Op44O844Km44Kk44Oz44Kw44Ob44Kk44O844Or44Kr44OQ44O844Oa44OA44Or6LuK6auY6Kq/44OW44Os44O844Kt44OJ44Op44Kk44OW44Os44Kz44O844OA44O844Ov44Kk44OR44O844Kw44Oq44Or44Oc44Oz44ON44OD44OI44Ot44O844OA44Km44Oz44Kr44O844Oe44OD44OIIOODleODreOCouODnuODg+ODiCDjgqLjgqbjg4fjgqMg77yh77yRIDIz5bm0Me+9niDlj7PvvKgt44K544K/44Oz44OA44O844OJ44OW44Op44OD44KvMg==,6LuK56iu5Yil5bCC55So44OV44Ot44Ki44Oe44OD44OIIENBTE1BVCjjgq3jg6Pjg6vjg57jg4Pjg4gpIOOAguOCq+ODvOODnuODg+ODiCDjg5Xjg63jgqLjg57jg4Pjg4gg44Ki44Km44OH44KjIO+8oe+8kSAyM+W5tDHvvZ4g5Y+z77yoLeOCueOCv+ODs+ODgOODvOODieODluODqeODg+OCrzI=[rn]
12-37204,aHR0cDovL3RzaG9wLnIxMHMuanAvcGFydHMvY2FiaW5ldC9kZXRhaWwtYWE1Ni9sMTdhYTU2LmpwZz9maXRpbj03MDA6NzAw,MTA0MDAuMDAwMA==,,6LuK55So5ZOB44O744OQ44Kk44Kv55So5ZOBID4g44Kr44O855So5ZOBID4g5YaF6KOF44OR44O844OEID4g44OV44Ot44Ki44Oe44OD44OIID4g44Ki44Km44OH44Kj55So,44Kr44O844Oe44OD44OIIOODleODreOCouODnuODg+ODiCDjgqLjgqbjg4fjgqMg77y077y044Ot44O844OJ44K544K/44O8IDEx5bm0MTDmnIjvvZ4xOOW5tDfmnIgg5Y+z77yoLUxVWOODq+ODvOODl+ODmeODvOOCuOODpQ==,,57SU5q2j44Oe44OD44OI44Go44G744G85ZCM44GY57Sg5p2Q44O757ir6KO944Gu44OV44Ot44Ki44Oe44OD44OI44Gn44GZ44CC6ICQ5LmF5oCn44KE6ICQ56Oo6ICX5oCn44CB6ICQ54Gr5oCn44Gq44Gp44CB44G+44Gj44Gf44GP57SU5q2j44Oe44OD44OI44Go5aSJ44KP44KJ44Gq44GE6auY5ZOB6LOq44CC5rC05rSX44GE44Gv44KC44Gh44KN44KT44Oe44OD44OI5rSX5rWE5qmf44KC44GU5L2/55So44Gr44Gq44KM44G+44GZ44CC44G+44Gf44CB44GK5rGC44KB44KE44GZ44GE44Oq44O844K644OK44OW44Or44Gq5L6h5qC844Gr6Kit5a6a44CC57SU5q2j44Kr44O844Oe44OD44OI44Go44G744G85ZCM44GY5Z6L44Gu5ZCE6LuK56iu5bCC55So44Kq44Oq44K444OK44Or44Kr44O844Oe44OD44OI44Gn44GZ44CC5bel5aC044Gn55u05o6l6ZaL55m644KS44GX44Gm44GE44G+44GZ44Gu44Gn44CB6LuK56iu5bCC55So44Gq44Gu44Gr44Ot44O844OX44Op44Kk44K544KS5a6f54++77yB77yB44CA44G+44Gf44CB5b6T5p2l44Gr44Gq44GE44Kr44Op44O844OQ44Oq44Ko44O844K344On44Oz44KE5p2Q6LOq44Gn44CB5Lq644Go6YGV44Gj44Gf44Kk44Oz44OG44Oq44Ki44Kz44O844OH44Kj44ON44Kk44OI44GM5qW944GX44KB44G+44GZ44CCPGJyPuKXhjHlj7DliIYx44K744OD44OI44CA4peG5Y+W5LuY55So5rGO55So44OV44OD44Kv5LuY5bGe44CA4oC75pen6LuK44Gv56m05L2N572u44GM55Ww44Gq44KL5aC05ZCI44GM44GU44GW44GE44G+44GZ44CC44CA4oC744OS44O844Or44OR44OD44OJ44Gu5pyJ54Sh44Gr6Zai44GX44Gm44GU5biM5pyb44GM44GC44KL5aC05ZCI44Gr44Gv44GU5rOo5paH5pmC44Gr44GK55Sz44GX5LuY44GR44GP44Gg44GV44GE44CCPGJyPuKAu+eUn+WcsOOBr+OAgeafk+iJsuODreODg+ODiOOAgeODkeOCveOCs+ODs+eSsOWig+etieOBq+OCiOOCiuOAgeWun+mam+OBruOCq+ODqeODvOOBqOeVsOOBquOCi+WgtOWQiOOBjOOBlOOBluOBhOOBvuOBmeOBruOBp+S6iOOCgeOBlOS6huaJv+S4i+OBleOBhOOAguKAu+eUn+WcsOijgeaWreOBq+OCiOOBo+OBpuafhOOBruWHuuaWueOBjOWkieOCj+OCiuOBvuOBmeOAguOBiuaJi+WFg+OBq+WxiuOBj+WVhuWTgeOBjOWGmeecn+OBruafhOOBruWHuuaWueOBqOeVsOOBquOCi+WgtOWQiOOBjOOBlOOBluOBhOOBvuOBmeOAguOAgOKAu+e0jeacn++8muWPl+azqOeUn+eUo+OBruOBn+OCgeOAgTHvvZ4y6YCx6ZaT56iL5bqm44CC5a6M5YWo5Y+X5rOo55Sf55Sj44Gu44Gf44KB44GU5rOo5paH5b6M44Gu44Kt44Oj44Oz44K744Or44O76L+U5ZOB44Gv5LiN5Y+v44CC4oC75Luj5byV44GN5LiN5Y+vPGJyPjxicj7lr77lv5zou4rnqK4g77yaIDExLzEw772eMTgvNyBUVO++m++9sO++hO++nu+9ve++gO+9sCDlj7Pjg4/jg7Pjg4njg6vou4o8YnI+PGJyPuOCpOODs+ODhuODquOCoiB8IOODleODreOCouODnuODg+ODiDxicj7jgqLjgqbjg4fjgqMgfCDvvLTvvLQgfCA4Tuezuzx0cj48dGQgY29sc3Bhbj0iMiI+CjxjZW50ZXI+PGltZyBzcmM9Imh0dHBzOi8vaW1hZ2UucmFrdXRlbi5jby5qcC9wYXJ0cy9jYWJpbmV0L2Rlc2lnbi8yMDE3c3VtbWVydGlyZTIuanBnIiBib3JkZXI9IjAiIHdpZHRoPSI4MDBweCI+PGJyPgo8L3RkPjwvdHI+PC9jZW50ZXI+CgoKPCEtLQoKPGNlbnRlcj4KPGltZyBzcmM9Imh0dHA6Ly9pbWFnZS5yYWt1dGVuLmNvLmpwL3BhcnRzL2NhYmluZXQvc2FsZS8yMDE2MTJzc180NV9wYzIuZ2lmIiBib3JkZXI9IjAiIHdpZHRoPSI4MDBweCI+CjwvY2VudGVyPjxicj48YnI+CjxjZW50ZXI+CjxpbWcgc3JjPSJodHRwOi8vaW1hZ2UucmFrdXRlbi5jby5qcC9wYXJ0cy9jYWJpbmV0L3NhbGUvY29uYmluaTIwMTYxMnBjLmpwZyIgYm9yZGVyPSIwIiB3aWR0aD0iODAwcHgiCj48YnI+CgotLT4KCgoKPCEtLQoKPHN0eWxlIHR5cGU9InRleHQvY3NzIj4KYm9keXsKCmJhY2tncm91bmQtaW1hZ2U6IHVybCgiaHR0cDovL2ltYWdlLnJha3V0ZW4uY28uanAvcGFydHMvY2FiaW5ldC9zYWxlLzM2X3Nob3BfMTAweDYwMC5naWYiKTsKCmJhY2tncm91bmQtcmVwZWF0OnJlcGVhdC15OwpiYWNrZ3JvdW5kLWF0dGFjaG1lbnQ6c2Nyb2xsOwpiYWNrZ3JvdW5kLXBvc2l0aW9uOiByaWdodDsKCn0KPC9zdHlsZT4tLT4=,44Kr44O844Oe44OD44OIIOODleODreOCouODnuODg+ODiCDjgqLjgqbjg4fjgqMg77y077y044Ot44O844OJ44K544K/44O8IDEx5bm0MTDmnIjvvZ4xOOW5tDfmnIgg5Y+z77yoLUxVWOODq+ODvOODl+ODmeODvOOCuOODpe+8mu+8sO+8oe+8su+8tO+8sw==,44OY44OD44OJ44Op44Kk44OI44OG44O844Or44Op44Kk44OI44Kz44O844OK44O844Op44Kk44OI44K144Kk44OJ44Oe44O844Kr44O844Kr44O844Oc44Oz44Ki44Oz44OG44OK44OJ44Ki44Of44Op44O844Ko44Ki44Ot44Oh44O844K/44O844OR44ON44Or44Oq44OD44OX44K544Od44Kk44Op44O844Km44Kk44Oz44Kw44Ob44Kk44O844Or44Kr44OQ44O844Oa44OA44Or6LuK6auY6Kq/44OW44Os44O844Kt44OJ44Op44Kk44OW44Os44Kz44O844OA44O844Ov44Kk44OR44O844Kw44Oq44Or44Oc44Oz44ON44OD44OI44Ot44O844OA44Km44Oz44Kr44O844Oe44OD44OIIOODleODreOCouODnuODg+ODiCDjgqLjgqbjg4fjgqMg77y077y044Ot44O844OJ44K544K/44O8IDEx5bm0MTDmnIjvvZ4xOOW5tDfmnIgg5Y+z77yoLUxVWOODq+ODvOODl+ODmeODvOOCuOODpQ==,6LuK56iu5Yil5bCC55So44OV44Ot44Ki44Oe44OD44OIIENBTE1BVCjjgq3jg6Pjg6vjg57jg4Pjg4gpIOOAguOCq+ODvOODnuODg+ODiCDjg5Xjg63jgqLjg57jg4Pjg4gg44Ki44Km44OH44KjIO+8tO+8tOODreODvOODieOCueOCv+ODvCAxMeW5tDEw5pyI772eMTjlubQ35pyIIOWPs++8qC1MVVjjg6vjg7zjg5fjg5njg7zjgrjjg6U=[rn]
12-37205,aHR0cDovL3RzaG9wLnIxMHMuanAvcGFydHMvY2FiaW5ldC9kZXRhaWwtYWE1Ni9zMTBhYTU2LmpwZz9maXRpbj03MDA6NzAw,MTM2MDAuMDAwMA==,,6LuK55So5ZOB44O744OQ44Kk44Kv55So5ZOBID4g44Kr44O855So5ZOBID4g5YaF6KOF44OR44O844OEID4g44OV44Ot44Ki44Oe44OD44OIID4g44Ki44Km44OH44Kj55So,44Kr44O844Oe44OD44OIIOODleODreOCouODnuODg+ODiCDjgqLjgqbjg4fjgqMg77yh77yU44Ki44OQ44Oz44OIIDIw5bm0OO+9niDlj7PvvKgt44K544K/44Oz44OA44O844OJ44OW44Op44Km44OzMg==,,57SU5q2j44Oe44OD44OI44Go44G744G85ZCM44GY57Sg5p2Q44O757ir6KO944Gu44OV44Ot44Ki44Oe44OD44OI44Gn44GZ44CC6ICQ5LmF5oCn44KE6ICQ56Oo6ICX5oCn44CB6ICQ54Gr5oCn44Gq44Gp44CB44G+44Gj44Gf44GP57SU5q2j44Oe44OD44OI44Go5aSJ44KP44KJ44Gq44GE6auY5ZOB6LOq44CC5rC05rSX44GE44Gv44KC44Gh44KN44KT44Oe44OD44OI5rSX5rWE5qmf44KC44GU5L2/55So44Gr44Gq44KM44G+44GZ44CC44G+44Gf44CB44GK5rGC44KB44KE44GZ44GE44Oq44O844K644OK44OW44Or44Gq5L6h5qC844Gr6Kit5a6a44CC57SU5q2j44Kr44O844Oe44OD44OI44Go44G744G85ZCM44GY5Z6L44Gu5ZCE6LuK56iu5bCC55So44Kq44Oq44K444OK44Or44Kr44O844Oe44OD44OI44Gn44GZ44CC5bel5aC044Gn55u05o6l6ZaL55m644KS44GX44Gm44GE44G+44GZ44Gu44Gn44CB6LuK56iu5bCC55So44Gq44Gu44Gr44Ot44O844OX44Op44Kk44K544KS5a6f54++77yB77yB44CA44G+44Gf44CB5b6T5p2l44Gr44Gq44GE44Kr44Op44O844OQ44Oq44Ko44O844K344On44Oz44KE5p2Q6LOq44Gn44CB5Lq644Go6YGV44Gj44Gf44Kk44Oz44OG44Oq44Ki44Kz44O844OH44Kj44ON44Kk44OI44GM5qW944GX44KB44G+44GZ44CCPGJyPuKXhjHlj7DliIYx44K744OD44OI44CA4peG5Y+W5LuY55So5rGO55So44OV44OD44Kv5LuY5bGe44CA4oC75pen6LuK44Gv56m05L2N572u44GM55Ww44Gq44KL5aC05ZCI44GM44GU44GW44GE44G+44GZ44CC44CA4oC744OS44O844Or44OR44OD44OJ44Gu5pyJ54Sh44Gr6Zai44GX44Gm44GU5biM5pyb44GM44GC44KL5aC05ZCI44Gr44Gv44GU5rOo5paH5pmC44Gr44GK55Sz44GX5LuY44GR44GP44Gg44GV44GE44CCPGJyPuKAu+eUn+WcsOOBr+OAgeafk+iJsuODreODg+ODiOOAgeODkeOCveOCs+ODs+eSsOWig+etieOBq+OCiOOCiuOAgeWun+mam+OBruOCq+ODqeODvOOBqOeVsOOBquOCi+WgtOWQiOOBjOOBlOOBluOBhOOBvuOBmeOBruOBp+S6iOOCgeOBlOS6huaJv+S4i+OBleOBhOOAguKAu+eUn+WcsOijgeaWreOBq+OCiOOBo+OBpuafhOOBruWHuuaWueOBjOWkieOCj+OCiuOBvuOBmeOAguOBiuaJi+WFg+OBq+WxiuOBj+WVhuWTgeOBjOWGmeecn+OBruafhOOBruWHuuaWueOBqOeVsOOBquOCi+WgtOWQiOOBjOOBlOOBluOBhOOBvuOBmeOAguOAgOKAu+e0jeacn++8muWPl+azqOeUn+eUo+OBruOBn+OCgeOAgTHvvZ4y6YCx6ZaT56iL5bqm44CC5a6M5YWo5Y+X5rOo55Sf55Sj44Gu44Gf44KB44GU5rOo5paH5b6M44Gu44Kt44Oj44Oz44K744Or44O76L+U5ZOB44Gv5LiN5Y+v44CC4oC75Luj5byV44GN5LiN5Y+vPGJyPjxicj7lr77lv5zou4rnqK4g77yaIDIwLzjvvZ4gQTTvvbHvvorvvp7vvp3vvoQgQjgg5Y+z44OP44Oz44OJ44Or6LuKPGJyPjxicj7jgqTjg7Pjg4bjg6rjgqIgfCDjg5Xjg63jgqLjg57jg4Pjg4g8YnI+44Ki44Km44OH44KjIHwgQTTjgqLjg5Djg7Pjg4ggfCA4S+ezuzx0cj48dGQgY29sc3Bhbj0iMiI+CjxjZW50ZXI+PGltZyBzcmM9Imh0dHBzOi8vaW1hZ2UucmFrdXRlbi5jby5qcC9wYXJ0cy9jYWJpbmV0L2Rlc2lnbi8yMDE3c3VtbWVydGlyZTIuanBnIiBib3JkZXI9IjAiIHdpZHRoPSI4MDBweCI+PGJyPgo8L3RkPjwvdHI+PC9jZW50ZXI+CgoKPCEtLQoKPGNlbnRlcj4KPGltZyBzcmM9Imh0dHA6Ly9pbWFnZS5yYWt1dGVuLmNvLmpwL3BhcnRzL2NhYmluZXQvc2FsZS8yMDE2MTJzc180NV9wYzIuZ2lmIiBib3JkZXI9IjAiIHdpZHRoPSI4MDBweCI+CjwvY2VudGVyPjxicj48YnI+CjxjZW50ZXI+CjxpbWcgc3JjPSJodHRwOi8vaW1hZ2UucmFrdXRlbi5jby5qcC9wYXJ0cy9jYWJpbmV0L3NhbGUvY29uYmluaTIwMTYxMnBjLmpwZyIgYm9yZGVyPSIwIiB3aWR0aD0iODAwcHgiCj48YnI+CgotLT4KCgoKPCEtLQoKPHN0eWxlIHR5cGU9InRleHQvY3NzIj4KYm9keXsKCmJhY2tncm91bmQtaW1hZ2U6IHVybCgiaHR0cDovL2ltYWdlLnJha3V0ZW4uY28uanAvcGFydHMvY2FiaW5ldC9zYWxlLzM2X3Nob3BfMTAweDYwMC5naWYiKTsKCmJhY2tncm91bmQtcmVwZWF0OnJlcGVhdC15OwpiYWNrZ3JvdW5kLWF0dGFjaG1lbnQ6c2Nyb2xsOwpiYWNrZ3JvdW5kLXBvc2l0aW9uOiByaWdodDsKCn0KPC9zdHlsZT4tLT4=,44Kr44O844Oe44OD44OIIOODleODreOCouODnuODg+ODiCDjgqLjgqbjg4fjgqMg77yh77yU44Ki44OQ44Oz44OIIDIw5bm0OO+9niDlj7PvvKgt44K544K/44Oz44OA44O844OJ44OW44Op44Km44OzMu+8mu+8sO+8oe+8su+8tO+8sw==,44OY44OD44OJ44Op44Kk44OI44OG44O844Or44Op44Kk44OI44Kz44O844OK44O844Op44Kk44OI44K144Kk44OJ44Oe44O844Kr44O844Kr44O844Oc44Oz44Ki44Oz44OG44OK44OJ44Ki44Of44Op44O844Ko44Ki44Ot44Oh44O844K/44O844OR44ON44Or44Oq44OD44OX44K544Od44Kk44Op44O844Km44Kk44Oz44Kw44Ob44Kk44O844Or44Kr44OQ44O844Oa44OA44Or6LuK6auY6Kq/44OW44Os44O844Kt44OJ44Op44Kk44OW44Os44Kz44O844OA44O844Ov44Kk44OR44O844Kw44Oq44Or44Oc44Oz44ON44OD44OI44Ot44O844OA44Km44Oz44Kr44O844Oe44OD44OIIOODleODreOCouODnuODg+ODiCDjgqLjgqbjg4fjgqMg77yh77yU44Ki44OQ44Oz44OIIDIw5bm0OO+9niDlj7PvvKgt44K544K/44Oz44OA44O844OJ44OW44Op44Km44OzMg==,6LuK56iu5Yil5bCC55So44OV44Ot44Ki44Oe44OD44OIIENBTE1BVCjjgq3jg6Pjg6vjg57jg4Pjg4gpIOOAguOCq+ODvOODnuODg+ODiCDjg5Xjg63jgqLjg57jg4Pjg4gg44Ki44Km44OH44KjIO+8oe+8lOOCouODkOODs+ODiCAyMOW5tDjvvZ4g5Y+z77yoLeOCueOCv+ODs+ODgOODvOODieODluODqeOCpuODszI=[rn]
12-37206,aHR0cDovL3RzaG9wLnIxMHMuanAvcGFydHMvY2FiaW5ldC9kZXRhaWwtYWE1Ni9sMThhYTU2LmpwZz9maXRpbj03MDA6NzAw,MTA0MDAuMDAwMA==,,6LuK55So5ZOB44O744OQ44Kk44Kv55So5ZOBID4g44Kr44O855So5ZOBID4g5YaF6KOF44OR44O844OEID4g44OV44Ot44Ki44Oe44OD44OIID4g44Ki44Km44OH44Kj55So,44Kr44O844Oe44OD44OIIOODleODreOCouODnuODg+ODiCDjgqLjgqbjg4fjgqMg77y077y044Ot44O844OJ44K544K/44O8IDEx5bm0MTHmnIjvvZ4xOOW5tDfmnIgg5bem77yo77yP77yt77y0LeOCt+ODo+OCruODvOODnuODq+ODvOODsw==,,57SU5q2j44Oe44OD44OI44Go44G744G85ZCM44GY57Sg5p2Q44O757ir6KO944Gu44OV44Ot44Ki44Oe44OD44OI44Gn44GZ44CC6ICQ5LmF5oCn44KE6ICQ56Oo6ICX5oCn44CB6ICQ54Gr5oCn44Gq44Gp44CB44G+44Gj44Gf44GP57SU5q2j44Oe44OD44OI44Go5aSJ44KP44KJ44Gq44GE6auY5ZOB6LOq44CC5rC05rSX44GE44Gv44KC44Gh44KN44KT44Oe44OD44OI5rSX5rWE5qmf44KC44GU5L2/55So44Gr44Gq44KM44G+44GZ44CC44G+44Gf44CB44GK5rGC44KB44KE44GZ44GE44Oq44O844K644OK44OW44Or44Gq5L6h5qC844Gr6Kit5a6a44CC57SU5q2j44Kr44O844Oe44OD44OI44Go44G744G85ZCM44GY5Z6L44Gu5ZCE6LuK56iu5bCC55So44Kq44Oq44K444OK44Or44Kr44O844Oe44OD44OI44Gn44GZ44CC5bel5aC044Gn55u05o6l6ZaL55m644KS44GX44Gm44GE44G+44GZ44Gu44Gn44CB6LuK56iu5bCC55So44Gq44Gu44Gr44Ot44O844OX44Op44Kk44K544KS5a6f54++77yB77yB44CA44G+44Gf44CB5b6T5p2l44Gr44Gq44GE44Kr44Op44O844OQ44Oq44Ko44O844K344On44Oz44KE5p2Q6LOq44Gn44CB5Lq644Go6YGV44Gj44Gf44Kk44Oz44OG44Oq44Ki44Kz44O844OH44Kj44ON44Kk44OI44GM5qW944GX44KB44G+44GZ44CCPGJyPuKXhjHlj7DliIYx44K744OD44OI44CA4peG5Y+W5LuY55So5rGO55So44OV44OD44Kv5LuY5bGe44CA4oC75pen6LuK44Gv56m05L2N572u44GM55Ww44Gq44KL5aC05ZCI44GM44GU44GW44GE44G+44GZ44CC44CA4oC744OS44O844Or44OR44OD44OJ44Gu5pyJ54Sh44Gr6Zai44GX44Gm44GU5biM5pyb44GM44GC44KL5aC05ZCI44Gr44Gv44GU5rOo5paH5pmC44Gr44GK55Sz44GX5LuY44GR44GP44Gg44GV44GE44CCPGJyPuKAu+eUn+WcsOOBr+OAgeafk+iJsuODreODg+ODiOOAgeODkeOCveOCs+ODs+eSsOWig+etieOBq+OCiOOCiuOAgeWun+mam+OBruOCq+ODqeODvOOBqOeVsOOBquOCi+WgtOWQiOOBjOOBlOOBluOBhOOBvuOBmeOBruOBp+S6iOOCgeOBlOS6huaJv+S4i+OBleOBhOOAguKAu+eUn+WcsOijgeaWreOBq+OCiOOBo+OBpuafhOOBruWHuuaWueOBjOWkieOCj+OCiuOBvuOBmeOAguOBiuaJi+WFg+OBq+WxiuOBj+WVhuWTgeOBjOWGmeecn+OBruafhOOBruWHuuaWueOBqOeVsOOBquOCi+WgtOWQiOOBjOOBlOOBluOBhOOBvuOBmeOAguOAgOKAu+e0jeacn++8muWPl+azqOeUn+eUo+OBruOBn+OCgeOAgTHvvZ4y6YCx6ZaT56iL5bqm44CC5a6M5YWo5Y+X5rOo55Sf55Sj44Gu44Gf44KB44GU5rOo5paH5b6M44Gu44Kt44Oj44Oz44K744Or44O76L+U5ZOB44Gv5LiN5Y+v44CC4oC75Luj5byV44GN5LiN5Y+vPGJyPjxicj7lr77lv5zou4rnqK4g77yaIDExLzEx772eMTgvNyBUVO++m++9sO++hO++nu+9ve++gO+9sCDlt6bjg4/jg7Pjg4njg6vou4ovTVQ8YnI+PGJyPuOCpOODs+ODhuODquOCoiB8IOODleODreOCouODnuODg+ODiDxicj7jgqLjgqbjg4fjgqMgfCDvvLTvvLQgfCA4Tuezuzx0cj48dGQgY29sc3Bhbj0iMiI+CjxjZW50ZXI+PGltZyBzcmM9Imh0dHBzOi8vaW1hZ2UucmFrdXRlbi5jby5qcC9wYXJ0cy9jYWJpbmV0L2Rlc2lnbi8yMDE3c3VtbWVydGlyZTIuanBnIiBib3JkZXI9IjAiIHdpZHRoPSI4MDBweCI+PGJyPgo8L3RkPjwvdHI+PC9jZW50ZXI+CgoKPCEtLQoKPGNlbnRlcj4KPGltZyBzcmM9Imh0dHA6Ly9pbWFnZS5yYWt1dGVuLmNvLmpwL3BhcnRzL2NhYmluZXQvc2FsZS8yMDE2MTJzc180NV9wYzIuZ2lmIiBib3JkZXI9IjAiIHdpZHRoPSI4MDBweCI+CjwvY2VudGVyPjxicj48YnI+CjxjZW50ZXI+CjxpbWcgc3JjPSJodHRwOi8vaW1hZ2UucmFrdXRlbi5jby5qcC9wYXJ0cy9jYWJpbmV0L3NhbGUvY29uYmluaTIwMTYxMnBjLmpwZyIgYm9yZGVyPSIwIiB3aWR0aD0iODAwcHgiCj48YnI+CgotLT4KCgoKPCEtLQoKPHN0eWxlIHR5cGU9InRleHQvY3NzIj4KYm9keXsKCmJhY2tncm91bmQtaW1hZ2U6IHVybCgiaHR0cDovL2ltYWdlLnJha3V0ZW4uY28uanAvcGFydHMvY2FiaW5ldC9zYWxlLzM2X3Nob3BfMTAweDYwMC5naWYiKTsKCmJhY2tncm91bmQtcmVwZWF0OnJlcGVhdC15OwpiYWNrZ3JvdW5kLWF0dGFjaG1lbnQ6c2Nyb2xsOwpiYWNrZ3JvdW5kLXBvc2l0aW9uOiByaWdodDsKCn0KPC9zdHlsZT4tLT4=,44Kr44O844Oe44OD44OIIOODleODreOCouODnuODg+ODiCDjgqLjgqbjg4fjgqMg77y077y044Ot44O844OJ44K544K/44O8IDEx5bm0MTHmnIjvvZ4xOOW5tDfmnIgg5bem77yo77yP77yt77y0LeOCt+ODo+OCruODvOODnuODq+ODvOODs++8mu+8sO+8oe+8su+8tO+8sw==,44OY44OD44OJ44Op44Kk44OI44OG44O844Or44Op44Kk44OI44Kz44O844OK44O844Op44Kk44OI44K144Kk44OJ44Oe44O844Kr44O844Kr44O844Oc44Oz44Ki44Oz44OG44OK44OJ44Ki44Of44Op44O844Ko44Ki44Ot44Oh44O844K/44O844OR44ON44Or44Oq44OD44OX44K544Od44Kk44Op44O844Km44Kk44Oz44Kw44Ob44Kk44O844Or44Kr44OQ44O844Oa44OA44Or6LuK6auY6Kq/44OW44Os44O844Kt44OJ44Op44Kk44OW44Os44Kz44O844OA44O844Ov44Kk44OR44O844Kw44Oq44Or44Oc44Oz44ON44OD44OI44Ot44O844OA44Km44Oz44Kr44O844Oe44OD44OIIOODleODreOCouODnuODg+ODiCDjgqLjgqbjg4fjgqMg77y077y044Ot44O844OJ44K544K/44O8IDEx5bm0MTHmnIjvvZ4xOOW5tDfmnIgg5bem77yo77yP77yt77y0LeOCt+ODo+OCruODvOODnuODq+ODvOODsw==,6LuK56iu5Yil5bCC55So44OV44Ot44Ki44Oe44OD44OIIENBTE1BVCjjgq3jg6Pjg6vjg57jg4Pjg4gpIOOAguOCq+ODvOODnuODg+ODiCDjg5Xjg63jgqLjg57jg4Pjg4gg44Ki44Km44OH44KjIO+8tO+8tOODreODvOODieOCueOCv+ODvCAxMeW5tDEx5pyI772eMTjlubQ35pyIIOW3pu+8qO+8j++8re+8tC3jgrfjg6Pjgq7jg7zjg57jg6vjg7zjg7M=[rn]
12-37207,aHR0cDovL3RzaG9wLnIxMHMuanAvcGFydHMvY2FiaW5ldC9kZXRhaWwtYWE1Ni9sMThhYTU2LmpwZz9maXRpbj03MDA6NzAw,MTg0MDAuMDAwMA==,,6LuK55So5ZOB44O744OQ44Kk44Kv55So5ZOBID4g44Kr44O855So5ZOBID4g5YaF6KOF44OR44O844OEID4g44OV44Ot44Ki44Oe44OD44OIID4g44Ki44Km44OH44Kj55So,44Kr44O844Oe44OD44OIIOODleODreOCouODnuODg+ODiCDjgqLjgqbjg4fjgqMg44Ki44Km44OH44Kj77yx77yVIDIx5bm0Nu+9niDlj7PvvKgt44K344Oj44Ku44O844Oe44Or44O844Oz,,57SU5q2j44Oe44OD44OI44Go44G744G85ZCM44GY57Sg5p2Q44O757ir6KO944Gu44OV44Ot44Ki44Oe44OD44OI44Gn44GZ44CC6ICQ5LmF5oCn44KE6ICQ56Oo6ICX5oCn44CB6ICQ54Gr5oCn44Gq44Gp44CB44G+44Gj44Gf44GP57SU5q2j44Oe44OD44OI44Go5aSJ44KP44KJ44Gq44GE6auY5ZOB6LOq44CC5rC05rSX44GE44Gv44KC44Gh44KN44KT44Oe44OD44OI5rSX5rWE5qmf44KC44GU5L2/55So44Gr44Gq44KM44G+44GZ44CC44G+44Gf44CB44GK5rGC44KB44KE44GZ44GE44Oq44O844K644OK44OW44Or44Gq5L6h5qC844Gr6Kit5a6a44CC57SU5q2j44Kr44O844Oe44OD44OI44Go44G744G85ZCM44GY5Z6L44Gu5ZCE6LuK56iu5bCC55So44Kq44Oq44K444OK44Or44Kr44O844Oe44OD44OI44Gn44GZ44CC5bel5aC044Gn55u05o6l6ZaL55m644KS44GX44Gm44GE44G+44GZ44Gu44Gn44CB6LuK56iu5bCC55So44Gq44Gu44Gr44Ot44O844OX44Op44Kk44K544KS5a6f54++77yB77yB44CA44G+44Gf44CB5b6T5p2l44Gr44Gq44GE44Kr44Op44O844OQ44Oq44Ko44O844K344On44Oz44KE5p2Q6LOq44Gn44CB5Lq644Go6YGV44Gj44Gf44Kk44Oz44OG44Oq44Ki44Kz44O844OH44Kj44ON44Kk44OI44GM5qW944GX44KB44G+44GZ44CCPGJyPuKXhjHlj7DliIYx44K744OD44OI44CA4peG5Y+W5LuY55So5rGO55So44OV44OD44Kv5LuY5bGe44CA4oC75pen6LuK44Gv56m05L2N572u44GM55Ww44Gq44KL5aC05ZCI44GM44GU44GW44GE44G+44GZ44CC44CA4oC744OS44O844Or44OR44OD44OJ44Gu5pyJ54Sh44Gr6Zai44GX44Gm44GU5biM5pyb44GM44GC44KL5aC05ZCI44Gr44Gv44GU5rOo5paH5pmC44Gr44GK55Sz44GX5LuY44GR44GP44Gg44GV44GE44CCPGJyPuKAu+eUn+WcsOOBr+OAgeafk+iJsuODreODg+ODiOOAgeODkeOCveOCs+ODs+eSsOWig+etieOBq+OCiOOCiuOAgeWun+mam+OBruOCq+ODqeODvOOBqOeVsOOBquOCi+WgtOWQiOOBjOOBlOOBluOBhOOBvuOBmeOBruOBp+S6iOOCgeOBlOS6huaJv+S4i+OBleOBhOOAguKAu+eUn+WcsOijgeaWreOBq+OCiOOBo+OBpuafhOOBruWHuuaWueOBjOWkieOCj+OCiuOBvuOBmeOAguOBiuaJi+WFg+OBq+WxiuOBj+WVhuWTgeOBjOWGmeecn+OBruafhOOBruWHuuaWueOBqOeVsOOBquOCi+WgtOWQiOOBjOOBlOOBluOBhOOBvuOBmeOAguOAgOKAu+e0jeacn++8muWPl+azqOeUn+eUo+OBruOBn+OCgeOAgTHvvZ4y6YCx6ZaT56iL5bqm44CC5a6M5YWo5Y+X5rOo55Sf55Sj44Gu44Gf44KB44GU5rOo5paH5b6M44Gu44Kt44Oj44Oz44K744Or44O76L+U5ZOB44Gv5LiN5Y+v44CC4oC75Luj5byV44GN5LiN5Y+vPGJyPjxicj7lr77lv5zou4rnqK4g77yaIDIxLzbvvZ4g772x772z776D776e772oUTUg5Y+z44OP44Oz44OJ44Or6LuKPGJyPjxicj7jgqTjg7Pjg4bjg6rjgqIgfCDjg5Xjg63jgqLjg57jg4Pjg4g8YnI+44Ki44Km44OH44KjIHwgUTUgfCA4Uuezuzx0cj48dGQgY29sc3Bhbj0iMiI+CjxjZW50ZXI+PGltZyBzcmM9Imh0dHBzOi8vaW1hZ2UucmFrdXRlbi5jby5qcC9wYXJ0cy9jYWJpbmV0L2Rlc2lnbi8yMDE3c3VtbWVydGlyZTIuanBnIiBib3JkZXI9IjAiIHdpZHRoPSI4MDBweCI+PGJyPgo8L3RkPjwvdHI+PC9jZW50ZXI+CgoKPCEtLQoKPGNlbnRlcj4KPGltZyBzcmM9Imh0dHA6Ly9pbWFnZS5yYWt1dGVuLmNvLmpwL3BhcnRzL2NhYmluZXQvc2FsZS8yMDE2MTJzc180NV9wYzIuZ2lmIiBib3JkZXI9IjAiIHdpZHRoPSI4MDBweCI+CjwvY2VudGVyPjxicj48YnI+CjxjZW50ZXI+CjxpbWcgc3JjPSJodHRwOi8vaW1hZ2UucmFrdXRlbi5jby5qcC9wYXJ0cy9jYWJpbmV0L3NhbGUvY29uYmluaTIwMTYxMnBjLmpwZyIgYm9yZGVyPSIwIiB3aWR0aD0iODAwcHgiCj48YnI+CgotLT4KCgoKPCEtLQoKPHN0eWxlIHR5cGU9InRleHQvY3NzIj4KYm9keXsKCmJhY2tncm91bmQtaW1hZ2U6IHVybCgiaHR0cDovL2ltYWdlLnJha3V0ZW4uY28uanAvcGFydHMvY2FiaW5ldC9zYWxlLzM2X3Nob3BfMTAweDYwMC5naWYiKTsKCmJhY2tncm91bmQtcmVwZWF0OnJlcGVhdC15OwpiYWNrZ3JvdW5kLWF0dGFjaG1lbnQ6c2Nyb2xsOwpiYWNrZ3JvdW5kLXBvc2l0aW9uOiByaWdodDsKCn0KPC9zdHlsZT4tLT4=,44Kr44O844Oe44OD44OIIOODleODreOCouODnuODg+ODiCDjgqLjgqbjg4fjgqMg44Ki44Km44OH44Kj77yx77yVIDIx5bm0Nu+9niDlj7PvvKgt44K344Oj44Ku44O844Oe44Or44O844Oz77ya77yw77yh77yy77y077yz,44OY44OD44OJ44Op44Kk44OI44OG44O844Or44Op44Kk44OI44Kz44O844OK44O844Op44Kk44OI44K144Kk44OJ44Oe44O844Kr44O844Kr44O844Oc44Oz44Ki44Oz44OG44OK44OJ44Ki44Of44Op44O844Ko44Ki44Ot44Oh44O844K/44O844OR44ON44Or44Oq44OD44OX44K544Od44Kk44Op44O844Km44Kk44Oz44Kw44Ob44Kk44O844Or44Kr44OQ44O844Oa44OA44Or6LuK6auY6Kq/44OW44Os44O844Kt44OJ44Op44Kk44OW44Os44Kz44O844OA44O844Ov44Kk44OR44O844Kw44Oq44Or44Oc44Oz44ON44OD44OI44Ot44O844OA44Km44Oz44Kr44O844Oe44OD44OIIOODleODreOCouODnuODg+ODiCDjgqLjgqbjg4fjgqMg44Ki44Km44OH44Kj77yx77yVIDIx5bm0Nu+9niDlj7PvvKgt44K344Oj44Ku44O844Oe44Or44O844Oz,6LuK56iu5Yil5bCC55So44OV44Ot44Ki44Oe44OD44OIIENBTE1BVCjjgq3jg6Pjg6vjg57jg4Pjg4gpIOOAguOCq+ODvOODnuODg+ODiCDjg5Xjg63jgqLjg57jg4Pjg4gg44Ki44Km44OH44KjIOOCouOCpuODh+OCo++8se+8lSAyMeW5tDbvvZ4g5Y+z77yoLeOCt+ODo+OCruODvOODnuODq+ODvOODsw==[rn]
12-37208,aHR0cDovL3RzaG9wLnIxMHMuanAvcGFydHMvY2FiaW5ldC9kZXRhaWwtYWE1Ni9sMTdhYTU2LmpwZz9maXRpbj03MDA6NzAw,MTg0MDAuMDAwMA==,,6LuK55So5ZOB44O744OQ44Kk44Kv55So5ZOBID4g44Kr44O855So5ZOBID4g5YaF6KOF44OR44O844OEID4g44OV44Ot44Ki44Oe44OD44OIID4g44Ki44Km44OH44Kj55So,44Kr44O844Oe44OD44OIIOODleODreOCouODnuODg+ODiCDjgqLjgqbjg4fjgqMg44Ki44Km44OH44Kj77yx77yVIDIx5bm0Nu+9niDlj7PvvKgtTFVY44Or44O844OX44OZ44O844K444Ol,,57SU5q2j44Oe44OD44OI44Go44G744G85ZCM44GY57Sg5p2Q44O757ir6KO944Gu44OV44Ot44Ki44Oe44OD44OI44Gn44GZ44CC6ICQ5LmF5oCn44KE6ICQ56Oo6ICX5oCn44CB6ICQ54Gr5oCn44Gq44Gp44CB44G+44Gj44Gf44GP57SU5q2j44Oe44OD44OI44Go5aSJ44KP44KJ44Gq44GE6auY5ZOB6LOq44CC5rC05rSX44GE44Gv44KC44Gh44KN44KT44Oe44OD44OI5rSX5rWE5qmf44KC44GU5L2/55So44Gr44Gq44KM44G+44GZ44CC44G+44Gf44CB44GK5rGC44KB44KE44GZ44GE44Oq44O844K644OK44OW44Or44Gq5L6h5qC844Gr6Kit5a6a44CC57SU5q2j44Kr44O844Oe44OD44OI44Go44G744G85ZCM44GY5Z6L44Gu5ZCE6LuK56iu5bCC55So44Kq44Oq44K444OK44Or44Kr44O844Oe44OD44OI44Gn44GZ44CC5bel5aC044Gn55u05o6l6ZaL55m644KS44GX44Gm44GE44G+44GZ44Gu44Gn44CB6LuK56iu5bCC55So44Gq44Gu44Gr44Ot44O844OX44Op44Kk44K544KS5a6f54++77yB77yB44CA44G+44Gf44CB5b6T5p2l44Gr44Gq44GE44Kr44Op44O844OQ44Oq44Ko44O844K344On44Oz44KE5p2Q6LOq44Gn44CB5Lq644Go6YGV44Gj44Gf44Kk44Oz44OG44Oq44Ki44Kz44O844OH44Kj44ON44Kk44OI44GM5qW944GX44KB44G+44GZ44CCPGJyPuKXhjHlj7DliIYx44K744OD44OI44CA4peG5Y+W5LuY55So5rGO55So44OV44OD44Kv5LuY5bGe44CA4oC75pen6LuK44Gv56m05L2N572u44GM55Ww44Gq44KL5aC05ZCI44GM44GU44GW44GE44G+44GZ44CC44CA4oC744OS44O844Or44OR44OD44OJ44Gu5pyJ54Sh44Gr6Zai44GX44Gm44GU5biM5pyb44GM44GC44KL5aC05ZCI44Gr44Gv44GU5rOo5paH5pmC44Gr44GK55Sz44GX5LuY44GR44GP44Gg44GV44GE44CCPGJyPuKAu+eUn+WcsOOBr+OAgeafk+iJsuODreODg+ODiOOAgeODkeOCveOCs+ODs+eSsOWig+etieOBq+OCiOOCiuOAgeWun+mam+OBruOCq+ODqeODvOOBqOeVsOOBquOCi+WgtOWQiOOBjOOBlOOBluOBhOOBvuOBmeOBruOBp+S6iOOCgeOBlOS6huaJv+S4i+OBleOBhOOAguKAu+eUn+WcsOijgeaWreOBq+OCiOOBo+OBpuafhOOBruWHuuaWueOBjOWkieOCj+OCiuOBvuOBmeOAguOBiuaJi+WFg+OBq+WxiuOBj+WVhuWTgeOBjOWGmeecn+OBruafhOOBruWHuuaWueOBqOeVsOOBquOCi+WgtOWQiOOBjOOBlOOBluOBhOOBvuOBmeOAguOAgOKAu+e0jeacn++8muWPl+azqOeUn+eUo+OBruOBn+OCgeOAgTHvvZ4y6YCx6ZaT56iL5bqm44CC5a6M5YWo5Y+X5rOo55Sf55Sj44Gu44Gf44KB44GU5rOo5paH5b6M44Gu44Kt44Oj44Oz44K744Or44O76L+U5ZOB44Gv5LiN5Y+v44CC4oC75Luj5byV44GN5LiN5Y+vPGJyPjxicj7lr77lv5zou4rnqK4g77yaIDIxLzbvvZ4g772x772z776D776e772oUTUg5Y+z44OP44Oz44OJ44Or6LuKPGJyPjxicj7jgqTjg7Pjg4bjg6rjgqIgfCDjg5Xjg63jgqLjg57jg4Pjg4g8YnI+44Ki44Km44OH44KjIHwgUTUgfCA4Uuezuzx0cj48dGQgY29sc3Bhbj0iMiI+CjxjZW50ZXI+PGltZyBzcmM9Imh0dHBzOi8vaW1hZ2UucmFrdXRlbi5jby5qcC9wYXJ0cy9jYWJpbmV0L2Rlc2lnbi8yMDE3c3VtbWVydGlyZTIuanBnIiBib3JkZXI9IjAiIHdpZHRoPSI4MDBweCI+PGJyPgo8L3RkPjwvdHI+PC9jZW50ZXI+CgoKPCEtLQoKPGNlbnRlcj4KPGltZyBzcmM9Imh0dHA6Ly9pbWFnZS5yYWt1dGVuLmNvLmpwL3BhcnRzL2NhYmluZXQvc2FsZS8yMDE2MTJzc180NV9wYzIuZ2lmIiBib3JkZXI9IjAiIHdpZHRoPSI4MDBweCI+CjwvY2VudGVyPjxicj48YnI+CjxjZW50ZXI+CjxpbWcgc3JjPSJodHRwOi8vaW1hZ2UucmFrdXRlbi5jby5qcC9wYXJ0cy9jYWJpbmV0L3NhbGUvY29uYmluaTIwMTYxMnBjLmpwZyIgYm9yZGVyPSIwIiB3aWR0aD0iODAwcHgiCj48YnI+CgotLT4KCgoKPCEtLQoKPHN0eWxlIHR5cGU9InRleHQvY3NzIj4KYm9keXsKCmJhY2tncm91bmQtaW1hZ2U6IHVybCgiaHR0cDovL2ltYWdlLnJha3V0ZW4uY28uanAvcGFydHMvY2FiaW5ldC9zYWxlLzM2X3Nob3BfMTAweDYwMC5naWYiKTsKCmJhY2tncm91bmQtcmVwZWF0OnJlcGVhdC15OwpiYWNrZ3JvdW5kLWF0dGFjaG1lbnQ6c2Nyb2xsOwpiYWNrZ3JvdW5kLXBvc2l0aW9uOiByaWdodDsKCn0KPC9zdHlsZT4tLT4=,44Kr44O844Oe44OD44OIIOODleODreOCouODnuODg+ODiCDjgqLjgqbjg4fjgqMg44Ki44Km44OH44Kj77yx77yVIDIx5bm0Nu+9niDlj7PvvKgtTFVY44Or44O844OX44OZ44O844K444Ol77ya77yw77yh77yy77y077yz,44OY44OD44OJ44Op44Kk44OI44OG44O844Or44Op44Kk44OI44Kz44O844OK44O844Op44Kk44OI44K144Kk44OJ44Oe44O844Kr44O844Kr44O844Oc44Oz44Ki44Oz44OG44OK44OJ44Ki44Of44Op44O844Ko44Ki44Ot44Oh44O844K/44O844OR44ON44Or44Oq44OD44OX44K544Od44Kk44Op44O844Km44Kk44Oz44Kw44Ob44Kk44O844Or44Kr44OQ44O844Oa44OA44Or6LuK6auY6Kq/44OW44Os44O844Kt44OJ44Op44Kk44OW44Os44Kz44O844OA44O844Ov44Kk44OR44O844Kw44Oq44Or44Oc44Oz44ON44OD44OI44Ot44O844OA44Km44Oz44Kr44O844Oe44OD44OIIOODleODreOCouODnuODg+ODiCDjgqLjgqbjg4fjgqMg44Ki44Km44OH44Kj77yx77yVIDIx5bm0Nu+9niDlj7PvvKgtTFVY44Or44O844OX44OZ44O844K444Ol,6LuK56iu5Yil5bCC55So44OV44Ot44Ki44Oe44OD44OIIENBTE1BVCjjgq3jg6Pjg6vjg57jg4Pjg4gpIOOAguOCq+ODvOODnuODg+ODiCDjg5Xjg63jgqLjg57jg4Pjg4gg44Ki44Km44OH44KjIOOCouOCpuODh+OCo++8se+8lSAyMeW5tDbvvZ4g5Y+z77yoLUxVWOODq+ODvOODl+ODmeODvOOCuOODpQ==[rn]
12-37209,aHR0cDovL3RzaG9wLnIxMHMuanAvcGFydHMvY2FiaW5ldC9kZXRhaWwtYWE1Ni9zMDlhYTU2LmpwZz9maXRpbj03MDA6NzAw,NjQwMC4wMDAw,,6LuK55So5ZOB44O744OQ44Kk44Kv55So5ZOBID4g44Kr44O855So5ZOBID4g5YaF6KOF44OR44O844OEID4g44OV44Ot44Ki44Oe44OD44OIID4g44Ki44Km44OH44Kj55So,44Kr44O844Oe44OD44OIIOODleODreOCouODnuODg+ODiCDjgqLjgqbjg4fjgqMg77y077y044Ot44O844OJ44K544K/44O8IDEx5bm0MTDmnIjvvZ4xOOW5tDfmnIgg5Y+z77yoLeOCueOCv+ODs+ODgOODvOODieODluODqeODg+OCrzI=,,57SU5q2j44Oe44OD44OI44Go44G744G85ZCM44GY57Sg5p2Q44O757ir6KO944Gu44OV44Ot44Ki44Oe44OD44OI44Gn44GZ44CC6ICQ5LmF5oCn44KE6ICQ56Oo6ICX5oCn44CB6ICQ54Gr5oCn44Gq44Gp44CB44G+44Gj44Gf44GP57SU5q2j44Oe44OD44OI44Go5aSJ44KP44KJ44Gq44GE6auY5ZOB6LOq44CC5rC05rSX44GE44Gv44KC44Gh44KN44KT44Oe44OD44OI5rSX5rWE5qmf44KC44GU5L2/55So44Gr44Gq44KM44G+44GZ44CC44G+44Gf44CB44GK5rGC44KB44KE44GZ44GE44Oq44O844K644OK44OW44Or44Gq5L6h5qC844Gr6Kit5a6a44CC57SU5q2j44Kr44O844Oe44OD44OI44Go44G744G85ZCM44GY5Z6L44Gu5ZCE6LuK56iu5bCC55So44Kq44Oq44K444OK44Or44Kr44O844Oe44OD44OI44Gn44GZ44CC5bel5aC044Gn55u05o6l6ZaL55m644KS44GX44Gm44GE44G+44GZ44Gu44Gn44CB6LuK56iu5bCC55So44Gq44Gu44Gr44Ot44O844OX44Op44Kk44K544KS5a6f54++77yB77yB44CA44G+44Gf44CB5b6T5p2l44Gr44Gq44GE44Kr44Op44O844OQ44Oq44Ko44O844K344On44Oz44KE5p2Q6LOq44Gn44CB5Lq644Go6YGV44Gj44Gf44Kk44Oz44OG44Oq44Ki44Kz44O844OH44Kj44ON44Kk44OI44GM5qW944GX44KB44G+44GZ44CCPGJyPuKXhjHlj7DliIYx44K744OD44OI44CA4peG5Y+W5LuY55So5rGO55So44OV44OD44Kv5LuY5bGe44CA4oC75pen6LuK44Gv56m05L2N572u44GM55Ww44Gq44KL5aC05ZCI44GM44GU44GW44GE44G+44GZ44CC44CA4oC744OS44O844Or44OR44OD44OJ44Gu5pyJ54Sh44Gr6Zai44GX44Gm44GU5biM5pyb44GM44GC44KL5aC05ZCI44Gr44Gv44GU5rOo5paH5pmC44Gr44GK55Sz44GX5LuY44GR44GP44Gg44GV44GE44CCPGJyPuKAu+eUn+WcsOOBr+OAgeafk+iJsuODreODg+ODiOOAgeODkeOCveOCs+ODs+eSsOWig+etieOBq+OCiOOCiuOAgeWun+mam+OBruOCq+ODqeODvOOBqOeVsOOBquOCi+WgtOWQiOOBjOOBlOOBluOBhOOBvuOBmeOBruOBp+S6iOOCgeOBlOS6huaJv+S4i+OBleOBhOOAguKAu+eUn+WcsOijgeaWreOBq+OCiOOBo+OBpuafhOOBruWHuuaWueOBjOWkieOCj+OCiuOBvuOBmeOAguOBiuaJi+WFg+OBq+WxiuOBj+WVhuWTgeOBjOWGmeecn+OBruafhOOBruWHuuaWueOBqOeVsOOBquOCi+WgtOWQiOOBjOOBlOOBluOBhOOBvuOBmeOAguOAgOKAu+e0jeacn++8muWPl+azqOeUn+eUo+OBruOBn+OCgeOAgTHvvZ4y6YCx6ZaT56iL5bqm44CC5a6M5YWo5Y+X5rOo55Sf55Sj44Gu44Gf44KB44GU5rOo5paH5b6M44Gu44Kt44Oj44Oz44K744Or44O76L+U5ZOB44Gv5LiN5Y+v44CC4oC75Luj5byV44GN5LiN5Y+vPGJyPjxicj7lr77lv5zou4rnqK4g77yaIDExLzEw772eMTgvNyBUVO++m++9sO++hO++nu+9ve++gO+9sCDlj7Pjg4/jg7Pjg4njg6vou4o8YnI+PGJyPuOCpOODs+ODhuODquOCoiB8IOODleODreOCouODnuODg+ODiDxicj7jgqLjgqbjg4fjgqMgfCDvvLTvvLQgfCA4Tuezuzx0cj48dGQgY29sc3Bhbj0iMiI+CjxjZW50ZXI+PGltZyBzcmM9Imh0dHBzOi8vaW1hZ2UucmFrdXRlbi5jby5qcC9wYXJ0cy9jYWJpbmV0L2Rlc2lnbi8yMDE3c3VtbWVydGlyZTIuanBnIiBib3JkZXI9IjAiIHdpZHRoPSI4MDBweCI+PGJyPgo8L3RkPjwvdHI+PC9jZW50ZXI+CgoKPCEtLQoKPGNlbnRlcj4KPGltZyBzcmM9Imh0dHA6Ly9pbWFnZS5yYWt1dGVuLmNvLmpwL3BhcnRzL2NhYmluZXQvc2FsZS8yMDE2MTJzc180NV9wYzIuZ2lmIiBib3JkZXI9IjAiIHdpZHRoPSI4MDBweCI+CjwvY2VudGVyPjxicj48YnI+CjxjZW50ZXI+CjxpbWcgc3JjPSJodHRwOi8vaW1hZ2UucmFrdXRlbi5jby5qcC9wYXJ0cy9jYWJpbmV0L3NhbGUvY29uYmluaTIwMTYxMnBjLmpwZyIgYm9yZGVyPSIwIiB3aWR0aD0iODAwcHgiCj48YnI+CgotLT4KCgoKPCEtLQoKPHN0eWxlIHR5cGU9InRleHQvY3NzIj4KYm9keXsKCmJhY2tncm91bmQtaW1hZ2U6IHVybCgiaHR0cDovL2ltYWdlLnJha3V0ZW4uY28uanAvcGFydHMvY2FiaW5ldC9zYWxlLzM2X3Nob3BfMTAweDYwMC5naWYiKTsKCmJhY2tncm91bmQtcmVwZWF0OnJlcGVhdC15OwpiYWNrZ3JvdW5kLWF0dGFjaG1lbnQ6c2Nyb2xsOwpiYWNrZ3JvdW5kLXBvc2l0aW9uOiByaWdodDsKCn0KPC9zdHlsZT4tLT4=,44Kr44O844Oe44OD44OIIOODleODreOCouODnuODg+ODiCDjgqLjgqbjg4fjgqMg77y077y044Ot44O844OJ44K544K/44O8IDEx5bm0MTDmnIjvvZ4xOOW5tDfmnIgg5Y+z77yoLeOCueOCv+ODs+ODgOODvOODieODluODqeODg+OCrzLvvJrvvLDvvKHvvLLvvLTvvLM=,44OY44OD44OJ44Op44Kk44OI44OG44O844Or44Op44Kk44OI44Kz44O844OK44O844Op44Kk44OI44K144Kk44OJ44Oe44O844Kr44O844Kr44O844Oc44Oz44Ki44Oz44OG44OK44OJ44Ki44Of44Op44O844Ko44Ki44Ot44Oh44O844K/44O844OR44ON44Or44Oq44OD44OX44K544Od44Kk44Op44O844Km44Kk44Oz44Kw44Ob44Kk44O844Or44Kr44OQ44O844Oa44OA44Or6LuK6auY6Kq/44OW44Os44O844Kt44OJ44Op44Kk44OW44Os44Kz44O844OA44O844Ov44Kk44OR44O844Kw44Oq44Or44Oc44Oz44ON44OD44OI44Ot44O844OA44Km44Oz44Kr44O844Oe44OD44OIIOODleODreOCouODnuODg+ODiCDjgqLjgqbjg4fjgqMg77y077y044Ot44O844OJ44K544K/44O8IDEx5bm0MTDmnIjvvZ4xOOW5tDfmnIgg5Y+z77yoLeOCueOCv+ODs+ODgOODvOODieODluODqeODg+OCrzI=,6LuK56iu5Yil5bCC55So44OV44Ot44Ki44Oe44OD44OIIENBTE1BVCjjgq3jg6Pjg6vjg57jg4Pjg4gpIOOAguOCq+ODvOODnuODg+ODiCDjg5Xjg63jgqLjg57jg4Pjg4gg44Ki44Km44OH44KjIO+8tO+8tOODreODvOODieOCueOCv+ODvCAxMeW5tDEw5pyI772eMTjlubQ35pyIIOWPs++8qC3jgrnjgr/jg7Pjg4Djg7zjg4njg5bjg6njg4Pjgq8y[rn]
12-37210,aHR0cDovL3RzaG9wLnIxMHMuanAvcGFydHMvY2FiaW5ldC9kZXRhaWwtYWE1Ni9sMThhYTU2LmpwZz9maXRpbj03MDA6NzAw,MTg0MDAuMDAwMA==,,6LuK55So5ZOB44O744OQ44Kk44Kv55So5ZOBID4g44Kr44O855So5ZOBID4g5YaF6KOF44OR44O844OEID4g44OV44Ot44Ki44Oe44OD44OIID4g44Ki44Km44OH44Kj55So,44Kr44O844Oe44OD44OIIOODleODreOCouODnuODg+ODiCDjgqLjgqbjg4fjgqMg77yh77yRIDIz5bm0Me+9niDlj7PvvKgt44K344Oj44Ku44O844Oe44Or44O844Oz,,57SU5q2j44Oe44OD44OI44Go44G744G85ZCM44GY57Sg5p2Q44O757ir6KO944Gu44OV44Ot44Ki44Oe44OD44OI44Gn44GZ44CC6ICQ5LmF5oCn44KE6ICQ56Oo6ICX5oCn44CB6ICQ54Gr5oCn44Gq44Gp44CB44G+44Gj44Gf44GP57SU5q2j44Oe44OD44OI44Go5aSJ44KP44KJ44Gq44GE6auY5ZOB6LOq44CC5rC05rSX44GE44Gv44KC44Gh44KN44KT44Oe44OD44OI5rSX5rWE5qmf44KC44GU5L2/55So44Gr44Gq44KM44G+44GZ44CC44G+44Gf44CB44GK5rGC44KB44KE44GZ44GE44Oq44O844K644OK44OW44Or44Gq5L6h5qC844Gr6Kit5a6a44CC57SU5q2j44Kr44O844Oe44OD44OI44Go44G744G85ZCM44GY5Z6L44Gu5ZCE6LuK56iu5bCC55So44Kq44Oq44K444OK44Or44Kr44O844Oe44OD44OI44Gn44GZ44CC5bel5aC044Gn55u05o6l6ZaL55m644KS44GX44Gm44GE44G+44GZ44Gu44Gn44CB6LuK56iu5bCC55So44Gq44Gu44Gr44Ot44O844OX44Op44Kk44K544KS5a6f54++77yB77yB44CA44G+44Gf44CB5b6T5p2l44Gr44Gq44GE44Kr44Op44O844OQ44Oq44Ko44O844K344On44Oz44KE5p2Q6LOq44Gn44CB5Lq644Go6YGV44Gj44Gf44Kk44Oz44OG44Oq44Ki44Kz44O844OH44Kj44ON44Kk44OI44GM5qW944GX44KB44G+44GZ44CCPGJyPuKXhjHlj7DliIYx44K744OD44OI44CA4peG5Y+W5LuY55So5rGO55So44OV44OD44Kv5LuY5bGe44CA4oC75pen6LuK44Gv56m05L2N572u44GM55Ww44Gq44KL5aC05ZCI44GM44GU44GW44GE44G+44GZ44CC44CA4oC744OS44O844Or44OR44OD44OJ44Gu5pyJ54Sh44Gr6Zai44GX44Gm44GU5biM5pyb44GM44GC44KL5aC05ZCI44Gr44Gv44GU5rOo5paH5pmC44Gr44GK55Sz44GX5LuY44GR44GP44Gg44GV44GE44CCPGJyPuKAu+eUn+WcsOOBr+OAgeafk+iJsuODreODg+ODiOOAgeODkeOCveOCs+ODs+eSsOWig+etieOBq+OCiOOCiuOAgeWun+mam+OBruOCq+ODqeODvOOBqOeVsOOBquOCi+WgtOWQiOOBjOOBlOOBluOBhOOBvuOBmeOBruOBp+S6iOOCgeOBlOS6huaJv+S4i+OBleOBhOOAguKAu+eUn+WcsOijgeaWreOBq+OCiOOBo+OBpuafhOOBruWHuuaWueOBjOWkieOCj+OCiuOBvuOBmeOAguOBiuaJi+WFg+OBq+WxiuOBj+WVhuWTgeOBjOWGmeecn+OBruafhOOBruWHuuaWueOBqOeVsOOBquOCi+WgtOWQiOOBjOOBlOOBluOBhOOBvuOBmeOAguOAgOKAu+e0jeacn++8muWPl+azqOeUn+eUo+OBruOBn+OCgeOAgTHvvZ4y6YCx6ZaT56iL5bqm44CC5a6M5YWo5Y+X5rOo55Sf55Sj44Gu44Gf44KB44GU5rOo5paH5b6M44Gu44Kt44Oj44Oz44K744Or44O76L+U5ZOB44Gv5LiN5Y+v44CC4oC75Luj5byV44GN5LiN5Y+vPGJyPjxicj7lr77lv5zou4rnqK4g77yaIDIzLzHvvZ4gQTEgQTEg5Y+z44OP44Oz44OJ44Or6LuKPGJyPjxicj7jgqTjg7Pjg4bjg6rjgqIgfCDjg5Xjg63jgqLjg57jg4Pjg4g8YnI+44Ki44Km44OH44KjIHwgQTEgfCA4WOezuzx0cj48dGQgY29sc3Bhbj0iMiI+CjxjZW50ZXI+PGltZyBzcmM9Imh0dHBzOi8vaW1hZ2UucmFrdXRlbi5jby5qcC9wYXJ0cy9jYWJpbmV0L2Rlc2lnbi8yMDE3c3VtbWVydGlyZTIuanBnIiBib3JkZXI9IjAiIHdpZHRoPSI4MDBweCI+PGJyPgo8L3RkPjwvdHI+PC9jZW50ZXI+CgoKPCEtLQoKPGNlbnRlcj4KPGltZyBzcmM9Imh0dHA6Ly9pbWFnZS5yYWt1dGVuLmNvLmpwL3BhcnRzL2NhYmluZXQvc2FsZS8yMDE2MTJzc180NV9wYzIuZ2lmIiBib3JkZXI9IjAiIHdpZHRoPSI4MDBweCI+CjwvY2VudGVyPjxicj48YnI+CjxjZW50ZXI+CjxpbWcgc3JjPSJodHRwOi8vaW1hZ2UucmFrdXRlbi5jby5qcC9wYXJ0cy9jYWJpbmV0L3NhbGUvY29uYmluaTIwMTYxMnBjLmpwZyIgYm9yZGVyPSIwIiB3aWR0aD0iODAwcHgiCj48YnI+CgotLT4KCgoKPCEtLQoKPHN0eWxlIHR5cGU9InRleHQvY3NzIj4KYm9keXsKCmJhY2tncm91bmQtaW1hZ2U6IHVybCgiaHR0cDovL2ltYWdlLnJha3V0ZW4uY28uanAvcGFydHMvY2FiaW5ldC9zYWxlLzM2X3Nob3BfMTAweDYwMC5naWYiKTsKCmJhY2tncm91bmQtcmVwZWF0OnJlcGVhdC15OwpiYWNrZ3JvdW5kLWF0dGFjaG1lbnQ6c2Nyb2xsOwpiYWNrZ3JvdW5kLXBvc2l0aW9uOiByaWdodDsKCn0KPC9zdHlsZT4tLT4=,44Kr44O844Oe44OD44OIIOODleODreOCouODnuODg+ODiCDjgqLjgqbjg4fjgqMg77yh77yRIDIz5bm0Me+9niDlj7PvvKgt44K344Oj44Ku44O844Oe44Or44O844Oz77ya77yw77yh77yy77y077yz,44OY44OD44OJ44Op44Kk44OI44OG44O844Or44Op44Kk44OI44Kz44O844OK44O844Op44Kk44OI44K144Kk44OJ44Oe44O844Kr44O844Kr44O844Oc44Oz44Ki44Oz44OG44OK44OJ44Ki44Of44Op44O844Ko44Ki44Ot44Oh44O844K/44O844OR44ON44Or44Oq44OD44OX44K544Od44Kk44Op44O844Km44Kk44Oz44Kw44Ob44Kk44O844Or44Kr44OQ44O844Oa44OA44Or6LuK6auY6Kq/44OW44Os44O844Kt44OJ44Op44Kk44OW44Os44Kz44O844OA44O844Ov44Kk44OR44O844Kw44Oq44Or44Oc44Oz44ON44OD44OI44Ot44O844OA44Km44Oz44Kr44O844Oe44OD44OIIOODleODreOCouODnuODg+ODiCDjgqLjgqbjg4fjgqMg77yh77yRIDIz5bm0Me+9niDlj7PvvKgt44K344Oj44Ku44O844Oe44Or44O844Oz,6LuK56iu5Yil5bCC55So44OV44Ot44Ki44Oe44OD44OIIENBTE1BVCjjgq3jg6Pjg6vjg57jg4Pjg4gpIOOAguOCq+ODvOODnuODg+ODiCDjg5Xjg63jgqLjg57jg4Pjg4gg44Ki44Km44OH44KjIO+8oe+8kSAyM+W5tDHvvZ4g5Y+z77yoLeOCt+ODo+OCruODvOODnuODq+ODvOODsw==[rn]
12-37211,aHR0cDovL3RzaG9wLnIxMHMuanAvcGFydHMvY2FiaW5ldC9kZXRhaWwtYWE1Ni9zMDlhYTU2LmpwZz9maXRpbj03MDA6NzAw,NjQwMC4wMDAw,,6LuK55So5ZOB44O744OQ44Kk44Kv55So5ZOBID4g44Kr44O855So5ZOBID4g5YaF6KOF44OR44O844OEID4g44OV44Ot44Ki44Oe44OD44OIID4g44Ki44Km44OH44Kj55So,44Kr44O844Oe44OD44OIIOODleODreOCouODnuODg+ODiCDjgqLjgqbjg4fjgqMg77y077y044Ot44O844OJ44K544K/44O8IDEx5bm0MTHmnIjvvZ4xOOW5tDfmnIgg5bem77yo77yP77yt77y0LeOCueOCv+ODs+ODgOODvOODieODluODqeODg+OCrzI=,,57SU5q2j44Oe44OD44OI44Go44G744G85ZCM44GY57Sg5p2Q44O757ir6KO944Gu44OV44Ot44Ki44Oe44OD44OI44Gn44GZ44CC6ICQ5LmF5oCn44KE6ICQ56Oo6ICX5oCn44CB6ICQ54Gr5oCn44Gq44Gp44CB44G+44Gj44Gf44GP57SU5q2j44Oe44OD44OI44Go5aSJ44KP44KJ44Gq44GE6auY5ZOB6LOq44CC5rC05rSX44GE44Gv44KC44Gh44KN44KT44Oe44OD44OI5rSX5rWE5qmf44KC44GU5L2/55So44Gr44Gq44KM44G+44GZ44CC44G+44Gf44CB44GK5rGC44KB44KE44GZ44GE44Oq44O844K644OK44OW44Or44Gq5L6h5qC844Gr6Kit5a6a44CC57SU5q2j44Kr44O844Oe44OD44OI44Go44G744G85ZCM44GY5Z6L44Gu5ZCE6LuK56iu5bCC55So44Kq44Oq44K444OK44Or44Kr44O844Oe44OD44OI44Gn44GZ44CC5bel5aC044Gn55u05o6l6ZaL55m644KS44GX44Gm44GE44G+44GZ44Gu44Gn44CB6LuK56iu5bCC55So44Gq44Gu44Gr44Ot44O844OX44Op44Kk44K544KS5a6f54++77yB77yB44CA44G+44Gf44CB5b6T5p2l44Gr44Gq44GE44Kr44Op44O844OQ44Oq44Ko44O844K344On44Oz44KE5p2Q6LOq44Gn44CB5Lq644Go6YGV44Gj44Gf44Kk44Oz44OG44Oq44Ki44Kz44O844OH44Kj44ON44Kk44OI44GM5qW944GX44KB44G+44GZ44CCPGJyPuKXhjHlj7DliIYx44K744OD44OI44CA4peG5Y+W5LuY55So5rGO55So44OV44OD44Kv5LuY5bGe44CA4oC75pen6LuK44Gv56m05L2N572u44GM55Ww44Gq44KL5aC05ZCI44GM44GU44GW44GE44G+44GZ44CC44CA4oC744OS44O844Or44OR44OD44OJ44Gu5pyJ54Sh44Gr6Zai44GX44Gm44GU5biM5pyb44GM44GC44KL5aC05ZCI44Gr44Gv44GU5rOo5paH5pmC44Gr44GK55Sz44GX5LuY44GR44GP44Gg44GV44GE44CCPGJyPuKAu+eUn+WcsOOBr+OAgeafk+iJsuODreODg+ODiOOAgeODkeOCveOCs+ODs+eSsOWig+etieOBq+OCiOOCiuOAgeWun+mam+OBruOCq+ODqeODvOOBqOeVsOOBquOCi+WgtOWQiOOBjOOBlOOBluOBhOOBvuOBmeOBruOBp+S6iOOCgeOBlOS6huaJv+S4i+OBleOBhOOAguKAu+eUn+WcsOijgeaWreOBq+OCiOOBo+OBpuafhOOBruWHuuaWueOBjOWkieOCj+OCiuOBvuOBmeOAguOBiuaJi+WFg+OBq+WxiuOBj+WVhuWTgeOBjOWGmeecn+OBruafhOOBruWHuuaWueOBqOeVsOOBquOCi+WgtOWQiOOBjOOBlOOBluOBhOOBvuOBmeOAguOAgOKAu+e0jeacn++8muWPl+azqOeUn+eUo+OBruOBn+OCgeOAgTHvvZ4y6YCx6ZaT56iL5bqm44CC5a6M5YWo5Y+X5rOo55Sf55Sj44Gu44Gf44KB44GU5rOo5paH5b6M44Gu44Kt44Oj44Oz44K744Or44O76L+U5ZOB44Gv5LiN5Y+v44CC4oC75Luj5byV44GN5LiN5Y+vPGJyPjxicj7lr77lv5zou4rnqK4g77yaIDExLzEx772eMTgvNyBUVO++m++9sO++hO++nu+9ve++gO+9sCDlt6bjg4/jg7Pjg4njg6vou4ovTVQ8YnI+PGJyPuOCpOODs+ODhuODquOCoiB8IOODleODreOCouODnuODg+ODiDxicj7jgqLjgqbjg4fjgqMgfCDvvLTvvLQgfCA4Tuezuzx0cj48dGQgY29sc3Bhbj0iMiI+CjxjZW50ZXI+PGltZyBzcmM9Imh0dHBzOi8vaW1hZ2UucmFrdXRlbi5jby5qcC9wYXJ0cy9jYWJpbmV0L2Rlc2lnbi8yMDE3c3VtbWVydGlyZTIuanBnIiBib3JkZXI9IjAiIHdpZHRoPSI4MDBweCI+PGJyPgo8L3RkPjwvdHI+PC9jZW50ZXI+CgoKPCEtLQoKPGNlbnRlcj4KPGltZyBzcmM9Imh0dHA6Ly9pbWFnZS5yYWt1dGVuLmNvLmpwL3BhcnRzL2NhYmluZXQvc2FsZS8yMDE2MTJzc180NV9wYzIuZ2lmIiBib3JkZXI9IjAiIHdpZHRoPSI4MDBweCI+CjwvY2VudGVyPjxicj48YnI+CjxjZW50ZXI+CjxpbWcgc3JjPSJodHRwOi8vaW1hZ2UucmFrdXRlbi5jby5qcC9wYXJ0cy9jYWJpbmV0L3NhbGUvY29uYmluaTIwMTYxMnBjLmpwZyIgYm9yZGVyPSIwIiB3aWR0aD0iODAwcHgiCj48YnI+CgotLT4KCgoKPCEtLQoKPHN0eWxlIHR5cGU9InRleHQvY3NzIj4KYm9keXsKCmJhY2tncm91bmQtaW1hZ2U6IHVybCgiaHR0cDovL2ltYWdlLnJha3V0ZW4uY28uanAvcGFydHMvY2FiaW5ldC9zYWxlLzM2X3Nob3BfMTAweDYwMC5naWYiKTsKCmJhY2tncm91bmQtcmVwZWF0OnJlcGVhdC15OwpiYWNrZ3JvdW5kLWF0dGFjaG1lbnQ6c2Nyb2xsOwpiYWNrZ3JvdW5kLXBvc2l0aW9uOiByaWdodDsKCn0KPC9zdHlsZT4tLT4=,44Kr44O844Oe44OD44OIIOODleODreOCouODnuODg+ODiCDjgqLjgqbjg4fjgqMg77y077y044Ot44O844OJ44K544K/44O8IDEx5bm0MTHmnIjvvZ4xOOW5tDfmnIgg5bem77yo77yP77yt77y0LeOCueOCv+ODs+ODgOODvOODieODluODqeODg+OCrzLvvJrvvLDvvKHvvLLvvLTvvLM=,44OY44OD44OJ44Op44Kk44OI44OG44O844Or44Op44Kk44OI44Kz44O844OK44O844Op44Kk44OI44K144Kk44OJ44Oe44O844Kr44O844Kr44O844Oc44Oz44Ki44Oz44OG44OK44OJ44Ki44Of44Op44O844Ko44Ki44Ot44Oh44O844K/44O844OR44ON44Or44Oq44OD44OX44K544Od44Kk44Op44O844Km44Kk44Oz44Kw44Ob44Kk44O844Or44Kr44OQ44O844Oa44OA44Or6LuK6auY6Kq/44OW44Os44O844Kt44OJ44Op44Kk44OW44Os44Kz44O844OA44O844Ov44Kk44OR44O844Kw44Oq44Or44Oc44Oz44ON44OD44OI44Ot44O844OA44Km44Oz44Kr44O844Oe44OD44OIIOODleODreOCouODnuODg+ODiCDjgqLjgqbjg4fjgqMg77y077y044Ot44O844OJ44K544K/44O8IDEx5bm0MTHmnIjvvZ4xOOW5tDfmnIgg5bem77yo77yP77yt77y0LeOCueOCv+ODs+ODgOODvOODieODluODqeODg+OCrzI=,6LuK56iu5Yil5bCC55So44OV44Ot44Ki44Oe44OD44OIIENBTE1BVCjjgq3jg6Pjg6vjg57jg4Pjg4gpIOOAguOCq+ODvOODnuODg+ODiCDjg5Xjg63jgqLjg57jg4Pjg4gg44Ki44Km44OH44KjIO+8tO+8tOODreODvOODieOCueOCv+ODvCAxMeW5tDEx5pyI772eMTjlubQ35pyIIOW3pu+8qO+8j++8re+8tC3jgrnjgr/jg7Pjg4Djg7zjg4njg5bjg6njg4Pjgq8y[rn]
12-37212,aHR0cDovL3RzaG9wLnIxMHMuanAvcGFydHMvY2FiaW5ldC9kZXRhaWwtYWE1Ni9hYTU2LWQyMC5qcGc/Zml0aW49NzAwOjcwMA==,MTA0MDAuMDAwMA==,,6LuK55So5ZOB44O744OQ44Kk44Kv55So5ZOBID4g44Kr44O855So5ZOBID4g5YaF6KOF44OR44O844OEID4g44OV44Ot44Ki44Oe44OD44OIID4g44Ki44Km44OH44Kj55So,44Kr44O844Oe44OD44OIIOODleODreOCouODnuODg+ODiCDjgqLjgqbjg4fjgqMg77y077y044Ot44O844OJ44K544K/44O8IDEx5bm0MTDmnIjvvZ4xOOW5tDfmnIgg5Y+z44OP44Oz44OJ44Or6LuKLeOCt+ODo+OCruODvOODluODqeOCpuODsw==,,57SU5q2j44Oe44OD44OI44Go44G744G85ZCM44GY57Sg5p2Q44O757ir6KO944Gu44OV44Ot44Ki44Oe44OD44OI44Gn44GZ44CC6ICQ5LmF5oCn44KE6ICQ56Oo6ICX5oCn44CB6ICQ54Gr5oCn44Gq44Gp44CB44G+44Gj44Gf44GP57SU5q2j44Oe44OD44OI44Go5aSJ44KP44KJ44Gq44GE6auY5ZOB6LOq44CC5rC05rSX44GE44Gv44KC44Gh44KN44KT44Oe44OD44OI5rSX5rWE5qmf44KC44GU5L2/55So44Gr44Gq44KM44G+44GZ44CC44G+44Gf44CB44GK5rGC44KB44KE44GZ44GE44Oq44O844K644OK44OW44Or44Gq5L6h5qC844Gr6Kit5a6a44CC57SU5q2j44Kr44O844Oe44OD44OI44Go44G744G85ZCM44GY5Z6L44Gu5ZCE6LuK56iu5bCC55So44Kq44Oq44K444OK44Or44Kr44O844Oe44OD44OI44Gn44GZ44CC5bel5aC044Gn55u05o6l6ZaL55m644KS44GX44Gm44GE44G+44GZ44Gu44Gn44CB6LuK56iu5bCC55So44Gq44Gu44Gr44Ot44O844OX44Op44Kk44K544KS5a6f54++77yB77yB44CA44G+44Gf44CB5b6T5p2l44Gr44Gq44GE44Kr44Op44O844OQ44Oq44Ko44O844K344On44Oz44KE5p2Q6LOq44Gn44CB5Lq644Go6YGV44Gj44Gf44Kk44Oz44OG44Oq44Ki44Kz44O844OH44Kj44ON44Kk44OI44GM5qW944GX44KB44G+44GZ44CCPGJyPuKXhjHlj7DliIYx44K744OD44OI44CA4peG5Y+W5LuY55So5rGO55So44OV44OD44Kv5LuY5bGe44CA4oC75pen6LuK44Gv56m05L2N572u44GM55Ww44Gq44KL5aC05ZCI44GM44GU44GW44GE44G+44GZ44CC44CA4oC744OS44O844Or44OR44OD44OJ44Gu5pyJ54Sh44Gr6Zai44GX44Gm44GU5biM5pyb44GM44GC44KL5aC05ZCI44Gr44Gv44GU5rOo5paH5pmC44Gr44GK55Sz44GX5LuY44GR44GP44Gg44GV44GE44CCPGJyPuKAu+eUn+WcsOOBr+OAgeafk+iJsuODreODg+ODiOOAgeODkeOCveOCs+ODs+eSsOWig+etieOBq+OCiOOCiuOAgeWun+mam+OBruOCq+ODqeODvOOBqOeVsOOBquOCi+WgtOWQiOOBjOOBlOOBluOBhOOBvuOBmeOBruOBp+S6iOOCgeOBlOS6huaJv+S4i+OBleOBhOOAguKAu+eUn+WcsOijgeaWreOBq+OCiOOBo+OBpuafhOOBruWHuuaWueOBjOWkieOCj+OCiuOBvuOBmeOAguOBiuaJi+WFg+OBq+WxiuOBj+WVhuWTgeOBjOWGmeecn+OBruafhOOBruWHuuaWueOBqOeVsOOBquOCi+WgtOWQiOOBjOOBlOOBluOBhOOBvuOBmeOAguOAgOKAu+e0jeacn++8muWPl+azqOeUn+eUo+OBruOBn+OCgeOAgTHvvZ4y6YCx6ZaT56iL5bqm44CC5a6M5YWo5Y+X5rOo55Sf55Sj44Gu44Gf44KB44GU5rOo5paH5b6M44Gu44Kt44Oj44Oz44K744Or44O76L+U5ZOB44Gv5LiN5Y+v44CC4oC75Luj5byV44GN5LiN5Y+vPGJyPjxicj7lr77lv5zou4rnqK4g77yaIDExLzEw772eMTgvNyBUVO++m++9sO++hO++nu+9ve++gO+9sCDlj7Pjg4/jg7Pjg4njg6vou4o8YnI+PGJyPuOCpOODs+ODhuODquOCoiB8IOODleODreOCouODnuODg+ODiDxicj7jgqLjgqbjg4fjgqMgfCDvvLTvvLQgfCA4Tuezuzx0cj48dGQgY29sc3Bhbj0iMiI+CjxjZW50ZXI+PGltZyBzcmM9Imh0dHBzOi8vaW1hZ2UucmFrdXRlbi5jby5qcC9wYXJ0cy9jYWJpbmV0L2Rlc2lnbi8yMDE3c3VtbWVydGlyZTIuanBnIiBib3JkZXI9IjAiIHdpZHRoPSI4MDBweCI+PGJyPgo8L3RkPjwvdHI+PC9jZW50ZXI+CgoKPCEtLQoKPGNlbnRlcj4KPGltZyBzcmM9Imh0dHA6Ly9pbWFnZS5yYWt1dGVuLmNvLmpwL3BhcnRzL2NhYmluZXQvc2FsZS8yMDE2MTJzc180NV9wYzIuZ2lmIiBib3JkZXI9IjAiIHdpZHRoPSI4MDBweCI+CjwvY2VudGVyPjxicj48YnI+CjxjZW50ZXI+CjxpbWcgc3JjPSJodHRwOi8vaW1hZ2UucmFrdXRlbi5jby5qcC9wYXJ0cy9jYWJpbmV0L3NhbGUvY29uYmluaTIwMTYxMnBjLmpwZyIgYm9yZGVyPSIwIiB3aWR0aD0iODAwcHgiCj48YnI+CgotLT4KCgoKPCEtLQoKPHN0eWxlIHR5cGU9InRleHQvY3NzIj4KYm9keXsKCmJhY2tncm91bmQtaW1hZ2U6IHVybCgiaHR0cDovL2ltYWdlLnJha3V0ZW4uY28uanAvcGFydHMvY2FiaW5ldC9zYWxlLzM2X3Nob3BfMTAweDYwMC5naWYiKTsKCmJhY2tncm91bmQtcmVwZWF0OnJlcGVhdC15OwpiYWNrZ3JvdW5kLWF0dGFjaG1lbnQ6c2Nyb2xsOwpiYWNrZ3JvdW5kLXBvc2l0aW9uOiByaWdodDsKCn0KPC9zdHlsZT4tLT4=,44Kr44O844Oe44OD44OIIOODleODreOCouODnuODg+ODiCDjgqLjgqbjg4fjgqMg77y077y044Ot44O844OJ44K544K/44O8IDEx5bm0MTDmnIjvvZ4xOOW5tDfmnIgg5Y+z44OP44Oz44OJ44Or6LuKLeOCt+ODo+OCruODvOODluODqeOCpuODs++8mu+8sO+8oe+8su+8tO+8sw==,44OY44OD44OJ44Op44Kk44OI44OG44O844Or44Op44Kk44OI44Kz44O844OK44O844Op44Kk44OI44K144Kk44OJ44Oe44O844Kr44O844Kr44O844Oc44Oz44Ki44Oz44OG44OK44OJ44Ki44Of44Op44O844Ko44Ki44Ot44Oh44O844K/44O844OR44ON44Or44Oq44OD44OX44K544Od44Kk44Op44O844Km44Kk44Oz44Kw44Ob44Kk44O844Or44Kr44OQ44O844Oa44OA44Or6LuK6auY6Kq/44OW44Os44O844Kt44OJ44Op44Kk44OW44Os44Kz44O844OA44O844Ov44Kk44OR44O844Kw44Oq44Or44Oc44Oz44ON44OD44OI44Ot44O844OA44Km44Oz44Kr44O844Oe44OD44OIIOODleODreOCouODnuODg+ODiCDjgqLjgqbjg4fjgqMg77y077y044Ot44O844OJ44K544K/44O8IDEx5bm0MTDmnIjvvZ4xOOW5tDfmnIgg5Y+z44OP44Oz44OJ44Or6LuKLeOCt+ODo+OCruODvOODluODqeOCpuODsw==,6LuK56iu5Yil5bCC55So44OV44Ot44Ki44Oe44OD44OIIENBTE1BVCjjgq3jg6Pjg6vjg57jg4Pjg4gpIOOAguOCq+ODvOODnuODg+ODiCDjg5Xjg63jgqLjg57jg4Pjg4gg44Ki44Km44OH44KjIO+8tO+8tOODreODvOODieOCueOCv+ODvCAxMeW5tDEw5pyI772eMTjlubQ35pyIIOWPs+ODj+ODs+ODieODq+i7ii3jgrfjg6Pjgq7jg7zjg5bjg6njgqbjg7M=[rn]
12-37213,aHR0cDovL3RzaG9wLnIxMHMuanAvcGFydHMvY2FiaW5ldC9kZXRhaWwtYWE1Ni9hYTU2LWU1LmpwZz9maXRpbj03MDA6NzAw,NTYwMC4wMDAw,,6LuK55So5ZOB44O744OQ44Kk44Kv55So5ZOBID4g44Kr44O855So5ZOBID4g5YaF6KOF44OR44O844OEID4g44OV44Ot44Ki44Oe44OD44OIID4g44Ki44Km44OH44Kj55So,44Kr44O844Oe44OD44OIIOODleODreOCouODnuODg+ODiCDjgqLjgqbjg4fjgqMg77y077y044Ot44O844OJ44K544K/44O8IDEx5bm0MTHmnIjvvZ4xOOW5tDfmnIgg5bem44OP44Oz44OJ44Or6LuK77yP77yt77y0Le+8pe+8o++8r+ODnuODq+ODvOODsw==,,57SU5q2j44Oe44OD44OI44Go44G744G85ZCM44GY57Sg5p2Q44O757ir6KO944Gu44OV44Ot44Ki44Oe44OD44OI44Gn44GZ44CC6ICQ5LmF5oCn44KE6ICQ56Oo6ICX5oCn44CB6ICQ54Gr5oCn44Gq44Gp44CB44G+44Gj44Gf44GP57SU5q2j44Oe44OD44OI44Go5aSJ44KP44KJ44Gq44GE6auY5ZOB6LOq44CC5rC05rSX44GE44Gv44KC44Gh44KN44KT44Oe44OD44OI5rSX5rWE5qmf44KC44GU5L2/55So44Gr44Gq44KM44G+44GZ44CC44G+44Gf44CB44GK5rGC44KB44KE44GZ44GE44Oq44O844K644OK44OW44Or44Gq5L6h5qC844Gr6Kit5a6a44CC57SU5q2j44Kr44O844Oe44OD44OI44Go44G744G85ZCM44GY5Z6L44Gu5ZCE6LuK56iu5bCC55So44Kq44Oq44K444OK44Or44Kr44O844Oe44OD44OI44Gn44GZ44CC5bel5aC044Gn55u05o6l6ZaL55m644KS44GX44Gm44GE44G+44GZ44Gu44Gn44CB6LuK56iu5bCC55So44Gq44Gu44Gr44Ot44O844OX44Op44Kk44K544KS5a6f54++77yB77yB44CA44G+44Gf44CB5b6T5p2l44Gr44Gq44GE44Kr44Op44O844OQ44Oq44Ko44O844K344On44Oz44KE5p2Q6LOq44Gn44CB5Lq644Go6YGV44Gj44Gf44Kk44Oz44OG44Oq44Ki44Kz44O844OH44Kj44ON44Kk44OI44GM5qW944GX44KB44G+44GZ44CCPGJyPuKXhjHlj7DliIYx44K744OD44OI44CA4peG5Y+W5LuY55So5rGO55So44OV44OD44Kv5LuY5bGe44CA4oC75pen6LuK44Gv56m05L2N572u44GM55Ww44Gq44KL5aC05ZCI44GM44GU44GW44GE44G+44GZ44CC44CA4oC744OS44O844Or44OR44OD44OJ44Gu5pyJ54Sh44Gr6Zai44GX44Gm44GU5biM5pyb44GM44GC44KL5aC05ZCI44Gr44Gv44GU5rOo5paH5pmC44Gr44GK55Sz44GX5LuY44GR44GP44Gg44GV44GE44CCPGJyPuKAu+eUn+WcsOOBr+OAgeafk+iJsuODreODg+ODiOOAgeODkeOCveOCs+ODs+eSsOWig+etieOBq+OCiOOCiuOAgeWun+mam+OBruOCq+ODqeODvOOBqOeVsOOBquOCi+WgtOWQiOOBjOOBlOOBluOBhOOBvuOBmeOBruOBp+S6iOOCgeOBlOS6huaJv+S4i+OBleOBhOOAguKAu+eUn+WcsOijgeaWreOBq+OCiOOBo+OBpuafhOOBruWHuuaWueOBjOWkieOCj+OCiuOBvuOBmeOAguOBiuaJi+WFg+OBq+WxiuOBj+WVhuWTgeOBjOWGmeecn+OBruafhOOBruWHuuaWueOBqOeVsOOBquOCi+WgtOWQiOOBjOOBlOOBluOBhOOBvuOBmeOAguOAgOKAu+e0jeacn++8muWPl+azqOeUn+eUo+OBruOBn+OCgeOAgTHvvZ4y6YCx6ZaT56iL5bqm44CC5a6M5YWo5Y+X5rOo55Sf55Sj44Gu44Gf44KB44GU5rOo5paH5b6M44Gu44Kt44Oj44Oz44K744Or44O76L+U5ZOB44Gv5LiN5Y+v44CC4oC75Luj5byV44GN5LiN5Y+vPGJyPjxicj7lr77lv5zou4rnqK4g77yaIDExLzEx772eMTgvNyBUVO++m++9sO++hO++nu+9ve++gO+9sCDlt6bjg4/jg7Pjg4njg6vou4ovTVQ8YnI+PGJyPuOCpOODs+ODhuODquOCoiB8IOODleODreOCouODnuODg+ODiDxicj7jgqLjgqbjg4fjgqMgfCDvvLTvvLQgfCA4Tuezuzx0cj48dGQgY29sc3Bhbj0iMiI+CjxjZW50ZXI+PGltZyBzcmM9Imh0dHBzOi8vaW1hZ2UucmFrdXRlbi5jby5qcC9wYXJ0cy9jYWJpbmV0L2Rlc2lnbi8yMDE3c3VtbWVydGlyZTIuanBnIiBib3JkZXI9IjAiIHdpZHRoPSI4MDBweCI+PGJyPgo8L3RkPjwvdHI+PC9jZW50ZXI+CgoKPCEtLQoKPGNlbnRlcj4KPGltZyBzcmM9Imh0dHA6Ly9pbWFnZS5yYWt1dGVuLmNvLmpwL3BhcnRzL2NhYmluZXQvc2FsZS8yMDE2MTJzc180NV9wYzIuZ2lmIiBib3JkZXI9IjAiIHdpZHRoPSI4MDBweCI+CjwvY2VudGVyPjxicj48YnI+CjxjZW50ZXI+CjxpbWcgc3JjPSJodHRwOi8vaW1hZ2UucmFrdXRlbi5jby5qcC9wYXJ0cy9jYWJpbmV0L3NhbGUvY29uYmluaTIwMTYxMnBjLmpwZyIgYm9yZGVyPSIwIiB3aWR0aD0iODAwcHgiCj48YnI+CgotLT4KCgoKPCEtLQoKPHN0eWxlIHR5cGU9InRleHQvY3NzIj4KYm9keXsKCmJhY2tncm91bmQtaW1hZ2U6IHVybCgiaHR0cDovL2ltYWdlLnJha3V0ZW4uY28uanAvcGFydHMvY2FiaW5ldC9zYWxlLzM2X3Nob3BfMTAweDYwMC5naWYiKTsKCmJhY2tncm91bmQtcmVwZWF0OnJlcGVhdC15OwpiYWNrZ3JvdW5kLWF0dGFjaG1lbnQ6c2Nyb2xsOwpiYWNrZ3JvdW5kLXBvc2l0aW9uOiByaWdodDsKCn0KPC9zdHlsZT4tLT4=,44Kr44O844Oe44OD44OIIOODleODreOCouODnuODg+ODiCDjgqLjgqbjg4fjgqMg77y077y044Ot44O844OJ44K544K/44O8IDEx5bm0MTHmnIjvvZ4xOOW5tDfmnIgg5bem44OP44Oz44OJ44Or6LuK77yP77yt77y0Le+8pe+8o++8r+ODnuODq+ODvOODs++8mu+8sO+8oe+8su+8tO+8sw==,44OY44OD44OJ44Op44Kk44OI44OG44O844Or44Op44Kk44OI44Kz44O844OK44O844Op44Kk44OI44K144Kk44OJ44Oe44O844Kr44O844Kr44O844Oc44Oz44Ki44Oz44OG44OK44OJ44Ki44Of44Op44O844Ko44Ki44Ot44Oh44O844K/44O844OR44ON44Or44Oq44OD44OX44K544Od44Kk44Op44O844Km44Kk44Oz44Kw44Ob44Kk44O844Or44Kr44OQ44O844Oa44OA44Or6LuK6auY6Kq/44OW44Os44O844Kt44OJ44Op44Kk44OW44Os44Kz44O844OA44O844Ov44Kk44OR44O844Kw44Oq44Or44Oc44Oz44ON44OD44OI44Ot44O844OA44Km44Oz44Kr44O844Oe44OD44OIIOODleODreOCouODnuODg+ODiCDjgqLjgqbjg4fjgqMg77y077y044Ot44O844OJ44K544K/44O8IDEx5bm0MTHmnIjvvZ4xOOW5tDfmnIgg5bem44OP44Oz44OJ44Or6LuK77yP77yt77y0Le+8pe+8o++8r+ODnuODq+ODvOODsw==,6LuK56iu5Yil5bCC55So44OV44Ot44Ki44Oe44OD44OIIENBTE1BVCjjgq3jg6Pjg6vjg57jg4Pjg4gpIOOAguOCq+ODvOODnuODg+ODiCDjg5Xjg63jgqLjg57jg4Pjg4gg44Ki44Km44OH44KjIO+8tO+8tOODreODvOODieOCueOCv+ODvCAxMeW5tDEx5pyI772eMTjlubQ35pyIIOW3puODj+ODs+ODieODq+i7iu+8j++8re+8tC3vvKXvvKPvvK/jg57jg6vjg7zjg7M=[rn]
12-37214,aHR0cDovL3RzaG9wLnIxMHMuanAvcGFydHMvY2FiaW5ldC9kZXRhaWwtYWE1Ni9hYTU2LXMxMS5qcGc/Zml0aW49NzAwOjcwMA==,MTM2MDAuMDAwMA==,,6LuK55So5ZOB44O744OQ44Kk44Kv55So5ZOBID4g44Kr44O855So5ZOBID4g5YaF6KOF44OR44O844OEID4g44OV44Ot44Ki44Oe44OD44OIID4g44Ki44Km44OH44Kj55So,44Kr44O844Oe44OD44OIIOODleODreOCouODnuODg+ODiCDjgqLjgqbjg4fjgqMg77yh77yRIDIz5bm0Me+9niDlj7Pjg4/jg7Pjg4njg6vou4ot44K544K/44Oz44OA44O844OJ44OW44Op44OD44Kv,,57SU5q2j44Oe44OD44OI44Go44G744G85ZCM44GY57Sg5p2Q44O757ir6KO944Gu44OV44Ot44Ki44Oe44OD44OI44Gn44GZ44CC6ICQ5LmF5oCn44KE6ICQ56Oo6ICX5oCn44CB6ICQ54Gr5oCn44Gq44Gp44CB44G+44Gj44Gf44GP57SU5q2j44Oe44OD44OI44Go5aSJ44KP44KJ44Gq44GE6auY5ZOB6LOq44CC5rC05rSX44GE44Gv44KC44Gh44KN44KT44Oe44OD44OI5rSX5rWE5qmf44KC44GU5L2/55So44Gr44Gq44KM44G+44GZ44CC44G+44Gf44CB44GK5rGC44KB44KE44GZ44GE44Oq44O844K644OK44OW44Or44Gq5L6h5qC844Gr6Kit5a6a44CC57SU5q2j44Kr44O844Oe44OD44OI44Go44G744G85ZCM44GY5Z6L44Gu5ZCE6LuK56iu5bCC55So44Kq44Oq44K444OK44Or44Kr44O844Oe44OD44OI44Gn44GZ44CC5bel5aC044Gn55u05o6l6ZaL55m644KS44GX44Gm44GE44G+44GZ44Gu44Gn44CB6LuK56iu5bCC55So44Gq44Gu44Gr44Ot44O844OX44Op44Kk44K544KS5a6f54++77yB77yB44CA44G+44Gf44CB5b6T5p2l44Gr44Gq44GE44Kr44Op44O844OQ44Oq44Ko44O844K344On44Oz44KE5p2Q6LOq44Gn44CB5Lq644Go6YGV44Gj44Gf44Kk44Oz44OG44Oq44Ki44Kz44O844OH44Kj44ON44Kk44OI44GM5qW944GX44KB44G+44GZ44CCPGJyPuKXhjHlj7DliIYx44K744OD44OI44CA4peG5Y+W5LuY55So5rGO55So44OV44OD44Kv5LuY5bGe44CA4oC75pen6LuK44Gv56m05L2N572u44GM55Ww44Gq44KL5aC05ZCI44GM44GU44GW44GE44G+44GZ44CC44CA4oC744OS44O844Or44OR44OD44OJ44Gu5pyJ54Sh44Gr6Zai44GX44Gm44GU5biM5pyb44GM44GC44KL5aC05ZCI44Gr44Gv44GU5rOo5paH5pmC44Gr44GK55Sz44GX5LuY44GR44GP44Gg44GV44GE44CCPGJyPuKAu+eUn+WcsOOBr+OAgeafk+iJsuODreODg+ODiOOAgeODkeOCveOCs+ODs+eSsOWig+etieOBq+OCiOOCiuOAgeWun+mam+OBruOCq+ODqeODvOOBqOeVsOOBquOCi+WgtOWQiOOBjOOBlOOBluOBhOOBvuOBmeOBruOBp+S6iOOCgeOBlOS6huaJv+S4i+OBleOBhOOAguKAu+eUn+WcsOijgeaWreOBq+OCiOOBo+OBpuafhOOBruWHuuaWueOBjOWkieOCj+OCiuOBvuOBmeOAguOBiuaJi+WFg+OBq+WxiuOBj+WVhuWTgeOBjOWGmeecn+OBruafhOOBruWHuuaWueOBqOeVsOOBquOCi+WgtOWQiOOBjOOBlOOBluOBhOOBvuOBmeOAguOAgOKAu+e0jeacn++8muWPl+azqOeUn+eUo+OBruOBn+OCgeOAgTHvvZ4y6YCx6ZaT56iL5bqm44CC5a6M5YWo5Y+X5rOo55Sf55Sj44Gu44Gf44KB44GU5rOo5paH5b6M44Gu44Kt44Oj44Oz44K744Or44O76L+U5ZOB44Gv5LiN5Y+v44CC4oC75Luj5byV44GN5LiN5Y+vPGJyPjxicj7lr77lv5zou4rnqK4g77yaIDIzLzHvvZ4gQTEgQTEg5Y+z44OP44Oz44OJ44Or6LuKPGJyPjxicj7jgqTjg7Pjg4bjg6rjgqIgfCDjg5Xjg63jgqLjg57jg4Pjg4g8YnI+44Ki44Km44OH44KjIHwgQTEgfCA4WOezuzx0cj48dGQgY29sc3Bhbj0iMiI+CjxjZW50ZXI+PGltZyBzcmM9Imh0dHBzOi8vaW1hZ2UucmFrdXRlbi5jby5qcC9wYXJ0cy9jYWJpbmV0L2Rlc2lnbi8yMDE3c3VtbWVydGlyZTIuanBnIiBib3JkZXI9IjAiIHdpZHRoPSI4MDBweCI+PGJyPgo8L3RkPjwvdHI+PC9jZW50ZXI+CgoKPCEtLQoKPGNlbnRlcj4KPGltZyBzcmM9Imh0dHA6Ly9pbWFnZS5yYWt1dGVuLmNvLmpwL3BhcnRzL2NhYmluZXQvc2FsZS8yMDE2MTJzc180NV9wYzIuZ2lmIiBib3JkZXI9IjAiIHdpZHRoPSI4MDBweCI+CjwvY2VudGVyPjxicj48YnI+CjxjZW50ZXI+CjxpbWcgc3JjPSJodHRwOi8vaW1hZ2UucmFrdXRlbi5jby5qcC9wYXJ0cy9jYWJpbmV0L3NhbGUvY29uYmluaTIwMTYxMnBjLmpwZyIgYm9yZGVyPSIwIiB3aWR0aD0iODAwcHgiCj48YnI+CgotLT4KCgoKPCEtLQoKPHN0eWxlIHR5cGU9InRleHQvY3NzIj4KYm9keXsKCmJhY2tncm91bmQtaW1hZ2U6IHVybCgiaHR0cDovL2ltYWdlLnJha3V0ZW4uY28uanAvcGFydHMvY2FiaW5ldC9zYWxlLzM2X3Nob3BfMTAweDYwMC5naWYiKTsKCmJhY2tncm91bmQtcmVwZWF0OnJlcGVhdC15OwpiYWNrZ3JvdW5kLWF0dGFjaG1lbnQ6c2Nyb2xsOwpiYWNrZ3JvdW5kLXBvc2l0aW9uOiByaWdodDsKCn0KPC9zdHlsZT4tLT4=,44Kr44O844Oe44OD44OIIOODleODreOCouODnuODg+ODiCDjgqLjgqbjg4fjgqMg77yh77yRIDIz5bm0Me+9niDlj7Pjg4/jg7Pjg4njg6vou4ot44K544K/44Oz44OA44O844OJ44OW44Op44OD44Kv77ya77yw77yh77yy77y077yz,44OY44OD44OJ44Op44Kk44OI44OG44O844Or44Op44Kk44OI44Kz44O844OK44O844Op44Kk44OI44K144Kk44OJ44Oe44O844Kr44O844Kr44O844Oc44Oz44Ki44Oz44OG44OK44OJ44Ki44Of44Op44O844Ko44Ki44Ot44Oh44O844K/44O844OR44ON44Or44Oq44OD44OX44K544Od44Kk44Op44O844Km44Kk44Oz44Kw44Ob44Kk44O844Or44Kr44OQ44O844Oa44OA44Or6LuK6auY6Kq/44OW44Os44O844Kt44OJ44Op44Kk44OW44Os44Kz44O844OA44O844Ov44Kk44OR44O844Kw44Oq44Or44Oc44Oz44ON44OD44OI44Ot44O844OA44Km44Oz44Kr44O844Oe44OD44OIIOODleODreOCouODnuODg+ODiCDjgqLjgqbjg4fjgqMg77yh77yRIDIz5bm0Me+9niDlj7Pjg4/jg7Pjg4njg6vou4ot44K544K/44Oz44OA44O844OJ44OW44Op44OD44Kv,6LuK56iu5Yil5bCC55So44OV44Ot44Ki44Oe44OD44OIIENBTE1BVCjjgq3jg6Pjg6vjg57jg4Pjg4gpIOOAguOCq+ODvOODnuODg+ODiCDjg5Xjg63jgqLjg57jg4Pjg4gg44Ki44Km44OH44KjIO+8oe+8kSAyM+W5tDHvvZ4g5Y+z44OP44Oz44OJ44Or6LuKLeOCueOCv+ODs+ODgOODvOODieODluODqeODg+OCrw==[rn]
12-37215,aHR0cDovL3RzaG9wLnIxMHMuanAvcGFydHMvY2FiaW5ldC9kZXRhaWwtYWE1Ni9hYTU2LXMxMC5qcGc/Zml0aW49NzAwOjcwMA==,NjQwMC4wMDAw,,6LuK55So5ZOB44O744OQ44Kk44Kv55So5ZOBID4g44Kr44O855So5ZOBID4g5YaF6KOF44OR44O844OEID4g44OV44Ot44Ki44Oe44OD44OIID4g44Ki44Km44OH44Kj55So,44Kr44O844Oe44OD44OIIOODleODreOCouODnuODg+ODiCDjgqLjgqbjg4fjgqMg77y077y044Ot44O844OJ44K544K/44O8IDEx5bm0MTDmnIjvvZ4xOOW5tDfmnIgg5Y+z44OP44Oz44OJ44Or6LuKLeOCueOCv+ODs+ODgOODvOODieODmeODvOOCuOODpQ==,,57SU5q2j44Oe44OD44OI44Go44G744G85ZCM44GY57Sg5p2Q44O757ir6KO944Gu44OV44Ot44Ki44Oe44OD44OI44Gn44GZ44CC6ICQ5LmF5oCn44KE6ICQ56Oo6ICX5oCn44CB6ICQ54Gr5oCn44Gq44Gp44CB44G+44Gj44Gf44GP57SU5q2j44Oe44OD44OI44Go5aSJ44KP44KJ44Gq44GE6auY5ZOB6LOq44CC5rC05rSX44GE44Gv44KC44Gh44KN44KT44Oe44OD44OI5rSX5rWE5qmf44KC44GU5L2/55So44Gr44Gq44KM44G+44GZ44CC44G+44Gf44CB44GK5rGC44KB44KE44GZ44GE44Oq44O844K644OK44OW44Or44Gq5L6h5qC844Gr6Kit5a6a44CC57SU5q2j44Kr44O844Oe44OD44OI44Go44G744G85ZCM44GY5Z6L44Gu5ZCE6LuK56iu5bCC55So44Kq44Oq44K444OK44Or44Kr44O844Oe44OD44OI44Gn44GZ44CC5bel5aC044Gn55u05o6l6ZaL55m644KS44GX44Gm44GE44G+44GZ44Gu44Gn44CB6LuK56iu5bCC55So44Gq44Gu44Gr44Ot44O844OX44Op44Kk44K544KS5a6f54++77yB77yB44CA44G+44Gf44CB5b6T5p2l44Gr44Gq44GE44Kr44Op44O844OQ44Oq44Ko44O844K344On44Oz44KE5p2Q6LOq44Gn44CB5Lq644Go6YGV44Gj44Gf44Kk44Oz44OG44Oq44Ki44Kz44O844OH44Kj44ON44Kk44OI44GM5qW944GX44KB44G+44GZ44CCPGJyPuKXhjHlj7DliIYx44K744OD44OI44CA4peG5Y+W5LuY55So5rGO55So44OV44OD44Kv5LuY5bGe44CA4oC75pen6LuK44Gv56m05L2N572u44GM55Ww44Gq44KL5aC05ZCI44GM44GU44GW44GE44G+44GZ44CC44CA4oC744OS44O844Or44OR44OD44OJ44Gu5pyJ54Sh44Gr6Zai44GX44Gm44GU5biM5pyb44GM44GC44KL5aC05ZCI44Gr44Gv44GU5rOo5paH5pmC44Gr44GK55Sz44GX5LuY44GR44GP44Gg44GV44GE44CCPGJyPuKAu+eUn+WcsOOBr+OAgeafk+iJsuODreODg+ODiOOAgeODkeOCveOCs+ODs+eSsOWig+etieOBq+OCiOOCiuOAgeWun+mam+OBruOCq+ODqeODvOOBqOeVsOOBquOCi+WgtOWQiOOBjOOBlOOBluOBhOOBvuOBmeOBruOBp+S6iOOCgeOBlOS6huaJv+S4i+OBleOBhOOAguKAu+eUn+WcsOijgeaWreOBq+OCiOOBo+OBpuafhOOBruWHuuaWueOBjOWkieOCj+OCiuOBvuOBmeOAguOBiuaJi+WFg+OBq+WxiuOBj+WVhuWTgeOBjOWGmeecn+OBruafhOOBruWHuuaWueOBqOeVsOOBquOCi+WgtOWQiOOBjOOBlOOBluOBhOOBvuOBmeOAguOAgOKAu+e0jeacn++8muWPl+azqOeUn+eUo+OBruOBn+OCgeOAgTHvvZ4y6YCx6ZaT56iL5bqm44CC5a6M5YWo5Y+X5rOo55Sf55Sj44Gu44Gf44KB44GU5rOo5paH5b6M44Gu44Kt44Oj44Oz44K744Or44O76L+U5ZOB44Gv5LiN5Y+v44CC4oC75Luj5byV44GN5LiN5Y+vPGJyPjxicj7lr77lv5zou4rnqK4g77yaIDExLzEw772eMTgvNyBUVO++m++9sO++hO++nu+9ve++gO+9sCDlj7Pjg4/jg7Pjg4njg6vou4o8YnI+PGJyPuOCpOODs+ODhuODquOCoiB8IOODleODreOCouODnuODg+ODiDxicj7jgqLjgqbjg4fjgqMgfCDvvLTvvLQgfCA4Tuezuzx0cj48dGQgY29sc3Bhbj0iMiI+CjxjZW50ZXI+PGltZyBzcmM9Imh0dHBzOi8vaW1hZ2UucmFrdXRlbi5jby5qcC9wYXJ0cy9jYWJpbmV0L2Rlc2lnbi8yMDE3c3VtbWVydGlyZTIuanBnIiBib3JkZXI9IjAiIHdpZHRoPSI4MDBweCI+PGJyPgo8L3RkPjwvdHI+PC9jZW50ZXI+CgoKPCEtLQoKPGNlbnRlcj4KPGltZyBzcmM9Imh0dHA6Ly9pbWFnZS5yYWt1dGVuLmNvLmpwL3BhcnRzL2NhYmluZXQvc2FsZS8yMDE2MTJzc180NV9wYzIuZ2lmIiBib3JkZXI9IjAiIHdpZHRoPSI4MDBweCI+CjwvY2VudGVyPjxicj48YnI+CjxjZW50ZXI+CjxpbWcgc3JjPSJodHRwOi8vaW1hZ2UucmFrdXRlbi5jby5qcC9wYXJ0cy9jYWJpbmV0L3NhbGUvY29uYmluaTIwMTYxMnBjLmpwZyIgYm9yZGVyPSIwIiB3aWR0aD0iODAwcHgiCj48YnI+CgotLT4KCgoKPCEtLQoKPHN0eWxlIHR5cGU9InRleHQvY3NzIj4KYm9keXsKCmJhY2tncm91bmQtaW1hZ2U6IHVybCgiaHR0cDovL2ltYWdlLnJha3V0ZW4uY28uanAvcGFydHMvY2FiaW5ldC9zYWxlLzM2X3Nob3BfMTAweDYwMC5naWYiKTsKCmJhY2tncm91bmQtcmVwZWF0OnJlcGVhdC15OwpiYWNrZ3JvdW5kLWF0dGFjaG1lbnQ6c2Nyb2xsOwpiYWNrZ3JvdW5kLXBvc2l0aW9uOiByaWdodDsKCn0KPC9zdHlsZT4tLT4=,44Kr44O844Oe44OD44OIIOODleODreOCouODnuODg+ODiCDjgqLjgqbjg4fjgqMg77y077y044Ot44O844OJ44K544K/44O8IDEx5bm0MTDmnIjvvZ4xOOW5tDfmnIgg5Y+z44OP44Oz44OJ44Or6LuKLeOCueOCv+ODs+ODgOODvOODieODmeODvOOCuOODpe+8mu+8sO+8oe+8su+8tO+8sw==,44OY44OD44OJ44Op44Kk44OI44OG44O844Or44Op44Kk44OI44Kz44O844OK44O844Op44Kk44OI44K144Kk44OJ44Oe44O844Kr44O844Kr44O844Oc44Oz44Ki44Oz44OG44OK44OJ44Ki44Of44Op44O844Ko44Ki44Ot44Oh44O844K/44O844OR44ON44Or44Oq44OD44OX44K544Od44Kk44Op44O844Km44Kk44Oz44Kw44Ob44Kk44O844Or44Kr44OQ44O844Oa44OA44Or6LuK6auY6Kq/44OW44Os44O844Kt44OJ44Op44Kk44OW44Os44Kz44O844OA44O844Ov44Kk44OR44O844Kw44Oq44Or44Oc44Oz44ON44OD44OI44Ot44O844OA44Km44Oz44Kr44O844Oe44OD44OIIOODleODreOCouODnuODg+ODiCDjgqLjgqbjg4fjgqMg77y077y044Ot44O844OJ44K544K/44O8IDEx5bm0MTDmnIjvvZ4xOOW5tDfmnIgg5Y+z44OP44Oz44OJ44Or6LuKLeOCueOCv+ODs+ODgOODvOODieODmeODvOOCuOODpQ==,6LuK56iu5Yil5bCC55So44OV44Ot44Ki44Oe44OD44OIIENBTE1BVCjjgq3jg6Pjg6vjg57jg4Pjg4gpIOOAguOCq+ODvOODnuODg+ODiCDjg5Xjg63jgqLjg57jg4Pjg4gg44Ki44Km44OH44KjIO+8tO+8tOODreODvOODieOCueOCv+ODvCAxMeW5tDEw5pyI772eMTjlubQ35pyIIOWPs+ODj+ODs+ODieODq+i7ii3jgrnjgr/jg7Pjg4Djg7zjg4njg5njg7zjgrjjg6U=[rn]
12-37216,aHR0cDovL3RzaG9wLnIxMHMuanAvcGFydHMvY2FiaW5ldC9kZXRhaWwtYWE1Ni9hYTU2LWQyNC5qcGc/Zml0aW49NzAwOjcwMA==,MTA0MDAuMDAwMA==,,6LuK55So5ZOB44O744OQ44Kk44Kv55So5ZOBID4g44Kr44O855So5ZOBID4g5YaF6KOF44OR44O844OEID4g44OV44Ot44Ki44Oe44OD44OIID4g44Ki44Km44OH44Kj55So,44Kr44O844Oe44OD44OIIOODleODreOCouODnuODg+ODiCDjgqLjgqbjg4fjgqMg77y077y044Ot44O844OJ44K544K/44O8IDEx5bm0MTHmnIjvvZ4xOOW5tDfmnIgg5bem44OP44Oz44OJ44Or6LuK77yP77yt77y0LeOCt+ODo+OCruODvOOCouOCpOODnOODquODvA==,,57SU5q2j44Oe44OD44OI44Go44G744G85ZCM44GY57Sg5p2Q44O757ir6KO944Gu44OV44Ot44Ki44Oe44OD44OI44Gn44GZ44CC6ICQ5LmF5oCn44KE6ICQ56Oo6ICX5oCn44CB6ICQ54Gr5oCn44Gq44Gp44CB44G+44Gj44Gf44GP57SU5q2j44Oe44OD44OI44Go5aSJ44KP44KJ44Gq44GE6auY5ZOB6LOq44CC5rC05rSX44GE44Gv44KC44Gh44KN44KT44Oe44OD44OI5rSX5rWE5qmf44KC44GU5L2/55So44Gr44Gq44KM44G+44GZ44CC44G+44Gf44CB44GK5rGC44KB44KE44GZ44GE44Oq44O844K644OK44OW44Or44Gq5L6h5qC844Gr6Kit5a6a44CC57SU5q2j44Kr44O844Oe44OD44OI44Go44G744G85ZCM44GY5Z6L44Gu5ZCE6LuK56iu5bCC55So44Kq44Oq44K444OK44Or44Kr44O844Oe44OD44OI44Gn44GZ44CC5bel5aC044Gn55u05o6l6ZaL55m644KS44GX44Gm44GE44G+44GZ44Gu44Gn44CB6LuK56iu5bCC55So44Gq44Gu44Gr44Ot44O844OX44Op44Kk44K544KS5a6f54++77yB77yB44CA44G+44Gf44CB5b6T5p2l44Gr44Gq44GE44Kr44Op44O844OQ44Oq44Ko44O844K344On44Oz44KE5p2Q6LOq44Gn44CB5Lq644Go6YGV44Gj44Gf44Kk44Oz44OG44Oq44Ki44Kz44O844OH44Kj44ON44Kk44OI44GM5qW944GX44KB44G+44GZ44CCPGJyPuKXhjHlj7DliIYx44K744OD44OI44CA4peG5Y+W5LuY55So5rGO55So44OV44OD44Kv5LuY5bGe44CA4oC75pen6LuK44Gv56m05L2N572u44GM55Ww44Gq44KL5aC05ZCI44GM44GU44GW44GE44G+44GZ44CC44CA4oC744OS44O844Or44OR44OD44OJ44Gu5pyJ54Sh44Gr6Zai44GX44Gm44GU5biM5pyb44GM44GC44KL5aC05ZCI44Gr44Gv44GU5rOo5paH5pmC44Gr44GK55Sz44GX5LuY44GR44GP44Gg44GV44GE44CCPGJyPuKAu+eUn+WcsOOBr+OAgeafk+iJsuODreODg+ODiOOAgeODkeOCveOCs+ODs+eSsOWig+etieOBq+OCiOOCiuOAgeWun+mam+OBruOCq+ODqeODvOOBqOeVsOOBquOCi+WgtOWQiOOBjOOBlOOBluOBhOOBvuOBmeOBruOBp+S6iOOCgeOBlOS6huaJv+S4i+OBleOBhOOAguKAu+eUn+WcsOijgeaWreOBq+OCiOOBo+OBpuafhOOBruWHuuaWueOBjOWkieOCj+OCiuOBvuOBmeOAguOBiuaJi+WFg+OBq+WxiuOBj+WVhuWTgeOBjOWGmeecn+OBruafhOOBruWHuuaWueOBqOeVsOOBquOCi+WgtOWQiOOBjOOBlOOBluOBhOOBvuOBmeOAguOAgOKAu+e0jeacn++8muWPl+azqOeUn+eUo+OBruOBn+OCgeOAgTHvvZ4y6YCx6ZaT56iL5bqm44CC5a6M5YWo5Y+X5rOo55Sf55Sj44Gu44Gf44KB44GU5rOo5paH5b6M44Gu44Kt44Oj44Oz44K744Or44O76L+U5ZOB44Gv5LiN5Y+v44CC4oC75Luj5byV44GN5LiN5Y+vPGJyPjxicj7lr77lv5zou4rnqK4g77yaIDExLzEx772eMTgvNyBUVO++m++9sO++hO++nu+9ve++gO+9sCDlt6bjg4/jg7Pjg4njg6vou4ovTVQ8YnI+PGJyPuOCpOODs+ODhuODquOCoiB8IOODleODreOCouODnuODg+ODiDxicj7jgqLjgqbjg4fjgqMgfCDvvLTvvLQgfCA4Tuezuzx0cj48dGQgY29sc3Bhbj0iMiI+CjxjZW50ZXI+PGltZyBzcmM9Imh0dHBzOi8vaW1hZ2UucmFrdXRlbi5jby5qcC9wYXJ0cy9jYWJpbmV0L2Rlc2lnbi8yMDE3c3VtbWVydGlyZTIuanBnIiBib3JkZXI9IjAiIHdpZHRoPSI4MDBweCI+PGJyPgo8L3RkPjwvdHI+PC9jZW50ZXI+CgoKPCEtLQoKPGNlbnRlcj4KPGltZyBzcmM9Imh0dHA6Ly9pbWFnZS5yYWt1dGVuLmNvLmpwL3BhcnRzL2NhYmluZXQvc2FsZS8yMDE2MTJzc180NV9wYzIuZ2lmIiBib3JkZXI9IjAiIHdpZHRoPSI4MDBweCI+CjwvY2VudGVyPjxicj48YnI+CjxjZW50ZXI+CjxpbWcgc3JjPSJodHRwOi8vaW1hZ2UucmFrdXRlbi5jby5qcC9wYXJ0cy9jYWJpbmV0L3NhbGUvY29uYmluaTIwMTYxMnBjLmpwZyIgYm9yZGVyPSIwIiB3aWR0aD0iODAwcHgiCj48YnI+CgotLT4KCgoKPCEtLQoKPHN0eWxlIHR5cGU9InRleHQvY3NzIj4KYm9keXsKCmJhY2tncm91bmQtaW1hZ2U6IHVybCgiaHR0cDovL2ltYWdlLnJha3V0ZW4uY28uanAvcGFydHMvY2FiaW5ldC9zYWxlLzM2X3Nob3BfMTAweDYwMC5naWYiKTsKCmJhY2tncm91bmQtcmVwZWF0OnJlcGVhdC15OwpiYWNrZ3JvdW5kLWF0dGFjaG1lbnQ6c2Nyb2xsOwpiYWNrZ3JvdW5kLXBvc2l0aW9uOiByaWdodDsKCn0KPC9zdHlsZT4tLT4=,44Kr44O844Oe44OD44OIIOODleODreOCouODnuODg+ODiCDjgqLjgqbjg4fjgqMg77y077y044Ot44O844OJ44K544K/44O8IDEx5bm0MTHmnIjvvZ4xOOW5tDfmnIgg5bem44OP44Oz44OJ44Or6LuK77yP77yt77y0LeOCt+ODo+OCruODvOOCouOCpOODnOODquODvO+8mu+8sO+8oe+8su+8tO+8sw==,44OY44OD44OJ44Op44Kk44OI44OG44O844Or44Op44Kk44OI44Kz44O844OK44O844Op44Kk44OI44K144Kk44OJ44Oe44O844Kr44O844Kr44O844Oc44Oz44Ki44Oz44OG44OK44OJ44Ki44Of44Op44O844Ko44Ki44Ot44Oh44O844K/44O844OR44ON44Or44Oq44OD44OX44K544Od44Kk44Op44O844Km44Kk44Oz44Kw44Ob44Kk44O844Or44Kr44OQ44O844Oa44OA44Or6LuK6auY6Kq/44OW44Os44O844Kt44OJ44Op44Kk44OW44Os44Kz44O844OA44O844Ov44Kk44OR44O844Kw44Oq44Or44Oc44Oz44ON44OD44OI44Ot44O844OA44Km44Oz44Kr44O844Oe44OD44OIIOODleODreOCouODnuODg+ODiCDjgqLjgqbjg4fjgqMg77y077y044Ot44O844OJ44K544K/44O8IDEx5bm0MTHmnIjvvZ4xOOW5tDfmnIgg5bem44OP44Oz44OJ44Or6LuK77yP77yt77y0LeOCt+ODo+OCruODvOOCouOCpOODnOODquODvA==,6LuK56iu5Yil5bCC55So44OV44Ot44Ki44Oe44OD44OIIENBTE1BVCjjgq3jg6Pjg6vjg57jg4Pjg4gpIOOAguOCq+ODvOODnuODg+ODiCDjg5Xjg63jgqLjg57jg4Pjg4gg44Ki44Km44OH44KjIO+8tO+8tOODreODvOODieOCueOCv+ODvCAxMeW5tDEx5pyI772eMTjlubQ35pyIIOW3puODj+ODs+ODieODq+i7iu+8j++8re+8tC3jgrfjg6Pjgq7jg7zjgqLjgqTjg5zjg6rjg7w=[rn]
12-37217,aHR0cDovL3RzaG9wLnIxMHMuanAvcGFydHMvY2FiaW5ldC9kZXRhaWwtYWE1Ni9hYTU2LWQxOS5qcGc/Zml0aW49NzAwOjcwMA==,MTg0MDAuMDAwMA==,,6LuK55So5ZOB44O744OQ44Kk44Kv55So5ZOBID4g44Kr44O855So5ZOBID4g5YaF6KOF44OR44O844OEID4g44OV44Ot44Ki44Oe44OD44OIID4g44Ki44Km44OH44Kj55So,44Kr44O844Oe44OD44OIIOODleODreOCouODnuODg+ODiCDjgqLjgqbjg4fjgqMg77yh77yU44Ki44OQ44Oz44OIIDIw5bm0OO+9niDlj7Pjg4/jg7Pjg4njg6vou4ot44K344Oj44Ku44O844OW44Op44OD44Kv,,57SU5q2j44Oe44OD44OI44Go44G744G85ZCM44GY57Sg5p2Q44O757ir6KO944Gu44OV44Ot44Ki44Oe44OD44OI44Gn44GZ44CC6ICQ5LmF5oCn44KE6ICQ56Oo6ICX5oCn44CB6ICQ54Gr5oCn44Gq44Gp44CB44G+44Gj44Gf44GP57SU5q2j44Oe44OD44OI44Go5aSJ44KP44KJ44Gq44GE6auY5ZOB6LOq44CC5rC05rSX44GE44Gv44KC44Gh44KN44KT44Oe44OD44OI5rSX5rWE5qmf44KC44GU5L2/55So44Gr44Gq44KM44G+44GZ44CC44G+44Gf44CB44GK5rGC44KB44KE44GZ44GE44Oq44O844K644OK44OW44Or44Gq5L6h5qC844Gr6Kit5a6a44CC57SU5q2j44Kr44O844Oe44OD44OI44Go44G744G85ZCM44GY5Z6L44Gu5ZCE6LuK56iu5bCC55So44Kq44Oq44K444OK44Or44Kr44O844Oe44OD44OI44Gn44GZ44CC5bel5aC044Gn55u05o6l6ZaL55m644KS44GX44Gm44GE44G+44GZ44Gu44Gn44CB6LuK56iu5bCC55So44Gq44Gu44Gr44Ot44O844OX44Op44Kk44K544KS5a6f54++77yB77yB44CA44G+44Gf44CB5b6T5p2l44Gr44Gq44GE44Kr44Op44O844OQ44Oq44Ko44O844K344On44Oz44KE5p2Q6LOq44Gn44CB5Lq644Go6YGV44Gj44Gf44Kk44Oz44OG44Oq44Ki44Kz44O844OH44Kj44ON44Kk44OI44GM5qW944GX44KB44G+44GZ44CCPGJyPuKXhjHlj7DliIYx44K744OD44OI44CA4peG5Y+W5LuY55So5rGO55So44OV44OD44Kv5LuY5bGe44CA4oC75pen6LuK44Gv56m05L2N572u44GM55Ww44Gq44KL5aC05ZCI44GM44GU44GW44GE44G+44GZ44CC44CA4oC744OS44O844Or44OR44OD44OJ44Gu5pyJ54Sh44Gr6Zai44GX44Gm44GU5biM5pyb44GM44GC44KL5aC05ZCI44Gr44Gv44GU5rOo5paH5pmC44Gr44GK55Sz44GX5LuY44GR44GP44Gg44GV44GE44CCPGJyPuKAu+eUn+WcsOOBr+OAgeafk+iJsuODreODg+ODiOOAgeODkeOCveOCs+ODs+eSsOWig+etieOBq+OCiOOCiuOAgeWun+mam+OBruOCq+ODqeODvOOBqOeVsOOBquOCi+WgtOWQiOOBjOOBlOOBluOBhOOBvuOBmeOBruOBp+S6iOOCgeOBlOS6huaJv+S4i+OBleOBhOOAguKAu+eUn+WcsOijgeaWreOBq+OCiOOBo+OBpuafhOOBruWHuuaWueOBjOWkieOCj+OCiuOBvuOBmeOAguOBiuaJi+WFg+OBq+WxiuOBj+WVhuWTgeOBjOWGmeecn+OBruafhOOBruWHuuaWueOBqOeVsOOBquOCi+WgtOWQiOOBjOOBlOOBluOBhOOBvuOBmeOAguOAgOKAu+e0jeacn++8muWPl+azqOeUn+eUo+OBruOBn+OCgeOAgTHvvZ4y6YCx6ZaT56iL5bqm44CC5a6M5YWo5Y+X5rOo55Sf55Sj44Gu44Gf44KB44GU5rOo5paH5b6M44Gu44Kt44Oj44Oz44K744Or44O76L+U5ZOB44Gv5LiN5Y+v44CC4oC75Luj5byV44GN5LiN5Y+vPGJyPjxicj7lr77lv5zou4rnqK4g77yaIDIwLzjvvZ4gQTTvvbHvvorvvp7vvp3vvoQgQjgg5Y+z44OP44Oz44OJ44Or6LuKPGJyPjxicj7jgqTjg7Pjg4bjg6rjgqIgfCDjg5Xjg63jgqLjg57jg4Pjg4g8YnI+44Ki44Km44OH44KjIHwgQTTjgqLjg5Djg7Pjg4ggfCA4S+ezuzx0cj48dGQgY29sc3Bhbj0iMiI+CjxjZW50ZXI+PGltZyBzcmM9Imh0dHBzOi8vaW1hZ2UucmFrdXRlbi5jby5qcC9wYXJ0cy9jYWJpbmV0L2Rlc2lnbi8yMDE3c3VtbWVydGlyZTIuanBnIiBib3JkZXI9IjAiIHdpZHRoPSI4MDBweCI+PGJyPgo8L3RkPjwvdHI+PC9jZW50ZXI+CgoKPCEtLQoKPGNlbnRlcj4KPGltZyBzcmM9Imh0dHA6Ly9pbWFnZS5yYWt1dGVuLmNvLmpwL3BhcnRzL2NhYmluZXQvc2FsZS8yMDE2MTJzc180NV9wYzIuZ2lmIiBib3JkZXI9IjAiIHdpZHRoPSI4MDBweCI+CjwvY2VudGVyPjxicj48YnI+CjxjZW50ZXI+CjxpbWcgc3JjPSJodHRwOi8vaW1hZ2UucmFrdXRlbi5jby5qcC9wYXJ0cy9jYWJpbmV0L3NhbGUvY29uYmluaTIwMTYxMnBjLmpwZyIgYm9yZGVyPSIwIiB3aWR0aD0iODAwcHgiCj48YnI+CgotLT4KCgoKPCEtLQoKPHN0eWxlIHR5cGU9InRleHQvY3NzIj4KYm9keXsKCmJhY2tncm91bmQtaW1hZ2U6IHVybCgiaHR0cDovL2ltYWdlLnJha3V0ZW4uY28uanAvcGFydHMvY2FiaW5ldC9zYWxlLzM2X3Nob3BfMTAweDYwMC5naWYiKTsKCmJhY2tncm91bmQtcmVwZWF0OnJlcGVhdC15OwpiYWNrZ3JvdW5kLWF0dGFjaG1lbnQ6c2Nyb2xsOwpiYWNrZ3JvdW5kLXBvc2l0aW9uOiByaWdodDsKCn0KPC9zdHlsZT4tLT4=,44Kr44O844Oe44OD44OIIOODleODreOCouODnuODg+ODiCDjgqLjgqbjg4fjgqMg77yh77yU44Ki44OQ44Oz44OIIDIw5bm0OO+9niDlj7Pjg4/jg7Pjg4njg6vou4ot44K344Oj44Ku44O844OW44Op44OD44Kv77ya77yw77yh77yy77y077yz,44OY44OD44OJ44Op44Kk44OI44OG44O844Or44Op44Kk44OI44Kz44O844OK44O844Op44Kk44OI44K144Kk44OJ44Oe44O844Kr44O844Kr44O844Oc44Oz44Ki44Oz44OG44OK44OJ44Ki44Of44Op44O844Ko44Ki44Ot44Oh44O844K/44O844OR44ON44Or44Oq44OD44OX44K544Od44Kk44Op44O844Km44Kk44Oz44Kw44Ob44Kk44O844Or44Kr44OQ44O844Oa44OA44Or6LuK6auY6Kq/44OW44Os44O844Kt44OJ44Op44Kk44OW44Os44Kz44O844OA44O844Ov44Kk44OR44O844Kw44Oq44Or44Oc44Oz44ON44OD44OI44Ot44O844OA44Km44Oz44Kr44O844Oe44OD44OIIOODleODreOCouODnuODg+ODiCDjgqLjgqbjg4fjgqMg77yh77yU44Ki44OQ44Oz44OIIDIw5bm0OO+9niDlj7Pjg4/jg7Pjg4njg6vou4ot44K344Oj44Ku44O844OW44Op44OD44Kv,6LuK56iu5Yil5bCC55So44OV44Ot44Ki44Oe44OD44OIIENBTE1BVCjjgq3jg6Pjg6vjg57jg4Pjg4gpIOOAguOCq+ODvOODnuODg+ODiCDjg5Xjg63jgqLjg57jg4Pjg4gg44Ki44Km44OH44KjIO+8oe+8lOOCouODkOODs+ODiCAyMOW5tDjvvZ4g5Y+z44OP44Oz44OJ44Or6LuKLeOCt+ODo+OCruODvOODluODqeODg+OCrw==[rn]
12-37218,aHR0cDovL3RzaG9wLnIxMHMuanAvZ2VraS1jYXIvY2FiaW5ldC8wMDAwNjI3Ni9pbWc1NTY1NzgyMi5qcGc/Zml0aW49NzAwOjcwMA==,NTYwMC4wMDAw,,6LuK55So5ZOB44O744OQ44Kk44Kv55So5ZOBID4g44Kr44O855So5ZOBID4g5YaF6KOF44OR44O844OEID4g44Kz44Oz44K944O844Or44Oc44OD44Kv44K5,44K344O844Ko44O855Sj5ZWG44OM44O844Oc44O844Kz44Oz44K944O844OrQk9YIOODmeODvOOCuOODpSBXLTE5MCBBLTIyN+OAkHNtdGItVETjgJHjgJBzYWl0YW1h44CR,,PFA+PEk+PEI+PEZPTlQgY29sb3I9IiNjYzMzMDAiPuOCueODqeOCpOODieOCquODvOODl+ODs+iHqueUseiHquWcqDwvRk9OVD48L0I+PC9JPuOAgDxCUj4KPEI+LTxJPjxGT05UIGNvbG9yPSIjMzMzMzAwIj5OT1VWRUFVIENPTlNPTEUgQk9YLTwvRk9OVD48L0k+PC9CPjxCUj4KPEJSPgo8Rk9OVCBzaXplPSItMSI+44O76YGL5omL5bit44Go5Yqp5omL5bit44Gu6ZaT44Gr572u44GP44Gg44GR44Gn57Ch5Y2Y44Gr5Y+W44KK5LuY44GR44KJ44KM44G+44GZ44CCPC9GT05UPjxCUj4KPEZPTlQgCnNpemU9LTE+44O7UFZD44Os44K244O844Gu44K944OV44OI57Sg5p2Q44Gn5YK344Gk44GN44Gr44GP44GE57Sg5p2Q44KS5o6h55So44GX44Gm44GK44KK44CB6auY57Sa5oSf44GM5ryC44GE44G+44GZ44CCPEJSPgo8QlI+CuOAkOOCteOCpOOCuuOAkeOAgFcxOTDDl0Q1NjDDl0gzNjBtbeOAgOOAgDxCUj4KPEJSPgrjgJDjgqvjg6njg7zjgJHjgIDjg5njg7zjgrjjg6U8QlI+CjwvRk9OVD48L1A+CjxQPjxGT05UIApzaXplPS0xPuOAkOmBqeWQiOi7iueoruOAkTwvRk9OVD48QlI+CuOCqOOCueODhuOCo+ODnuOAgOOCu+ODrOODiuOAgOODtOOCqeOCr+OCt+ODvOetiTxCUj4K44CA44CA44CA44CA44CA44CA44CA44CA44CA44CA44CA77yIMjAwOOW5tDTmnIjnj77lnKjvvIk8L1A+CjxQPjxJTUcgc3JjPSIvZ2VraS1jYXIvY2FiaW5ldC8wMDAwNjI3Ni9pbWc1NTY1MjUzMC5qcGciPjxCUj4KPC9QPgrimIXoqbPjgZfjgY/jga/vvJzjgZPjgaHjgonvvJ7jga7jg6Hjg7zjgqvjg7zjgrXjgqTjg4jjgavjgabjgZTnorroqo3jgY/jgaDjgZXjgYTjgII8YnI+PHRpdGxlPjwvdGl0bGU+CjxzdHlsZSB0eXBlPSJ0ZXh0L2NzcyI+CjwhLS0KCkJPRFl7Cgl0ZXh0LWFsaWduOmNlbnRlcjsKYmFja2dyb3VuZC1jb2xvcjojRkZGRkZGOwpiYWNrZ3JvdW5kLWltYWdlOnVybChodHRwczovL2ltYWdlLnJha3V0ZW4uY28uanAvZ2VraS1jYXIvY2FiaW5ldC9pbWc2MDk4ODU1OS5qcGcpOwogYmFja2dyb3VuZC1yZXBlYXQ6cmVwZWF0LXk7CiBiYWNrZ3JvdW5kLXBvc2l0aW9uOnJpZ2h0IHRvcDsKfQotLT48cz48L3M+Ci0tPgotLT4KPC9zdHlsZT4KPHRhYmxlIGJvcmRlcj0iMCI+CiAgPHRib2R5PgogICAgPHRyIHZhbGlnbj0iYm90dG9tIiBIZWlnaHQ9IjQ1Ij4KIOOAgOOAgOOAgDx0ZD4KPGltZyBzcmM9Imh0dHBzOi8vaW1hZ2UucmFrdXRlbi5jby5qcC9nZWtpLWNhci9jYWJpbmV0L2ltZ3JjMDA3OTYyNzk0OC5naWYiIGFsdD0i44GC44GZ5qW9IiBoZWlnaHQ9IjYwIiB3aWR0aD0iNzQ5IiBib3JkZXI9IjAiPjxicj4KICAgICAgPGltZyBzcmM9Imh0dHBzOi8vaW1hZ2UucmFrdXRlbi5jby5qcC9nZWtpLWNhci9jYWJpbmV0L3IyMDE2MDgwNC5naWYiIGFsdD0i44Ko44Oz44OI44Oq44O85LiN6KaBIiBoZWlnaHQ9IjYwIiB3aWR0aD0iNzQ5IiBib3JkZXI9IjAiPjxicj4KICAgICAgPGltZyBzcmM9Imh0dHBzOi8vaW1hZ2UucmFrdXRlbi5jby5qcC9nZWtpLWNhci9jYWJpbmV0L3JyYWt1dGVud2ViLmdpZiIgYWx0PSLmpb3lpKlXRULliJ3jgoHjgaYiIGhlaWdodD0iNjAiIHdpZHRoPSI3NDkiIGJvcmRlcj0iMCI+PGJyPgogICAgICA8aW1nIHNyYz0iaHR0cHM6Ly9pbWFnZS5yYWt1dGVuLmNvLmpwL2dla2ktY2FyL2NhYmluZXQvcnJha3V0ZW53ZWIxLmdpZiIgYWx0PSLmpb3lpKlXRULpgJrluLgiIGhlaWdodD0iNjAiIHdpZHRoPSI3NDkiIGJvcmRlcj0iMCI+PGJyPgogICAgICA8aW1nIHNyYz0iaHR0cHM6Ly9pbWFnZS5yYWt1dGVuLmNvLmpwL2dla2ktY2FyL2NhYmluZXQvaW1ncmMwMDcyOTM3NzU1LmdpZiIgYWx0PSLnhKHmlpnkvZPpqJMiIGhlaWdodD0iNjAiIHdpZHRoPSI3NDkiIGJvcmRlcj0iMCI+PGJyPgogICAgICA8aW1nIHNyYz0iaHR0cHM6Ly9pbWFnZS5yYWt1dGVuLmNvLmpwL2dla2ktY2FyL2NhYmluZXQvaW1ncmMwMDc3Mjk0MzQ0LmdpZiIgYWx0PSLliJ3jgoHjgaYxMDAwIiBoZWlnaHQ9IjYwIiB3aWR0aD0iNzQ5IiBib3JkZXI9IjAiPjxicj4KICAgICAgPGltZyBzcmM9Imh0dHBzOi8vaW1hZ2UucmFrdXRlbi5jby5qcC9nZWtpLWNhci9jYWJpbmV0L2ltZ3JjMDA3Mjg4ODk0NS5naWYiIGFsdD0i44Kk44O844Kw44Or44K5IiBoZWlnaHQ9IjYwIiB3aWR0aD0iNzQ5IiBib3JkZXI9IjAiPjxicj4KICAgICAgPGltZyBzcmM9Imh0dHBzOi8vaW1hZ2UucmFrdXRlbi5jby5qcC9nZWtpLWNhci9jYWJpbmV0L2ltZ3JjMDA3MDM0MjYwOC5naWYiIGFsdD0idG9vbDEwIiBoZWlnaHQ9IjYwIiB3aWR0aD0iNzQ5IiBib3JkZXI9IjAiPjxicj4KICAgICAgPGltZyBzcmM9Imh0dHBzOi8vaW1hZ2UucmFrdXRlbi5jby5qcC9nZWtpLWNhci9jYWJpbmV0L2ltZ3JjMDA2NTU3MDk5Mi5naWYiIGFsdD0iRWR5IiBoZWlnaHQ9IjYwIiB3aWR0aD0iNzQ5IiBib3JkZXI9IjAiPjxicj4KICAgICAgPGltZyBzcmM9Imh0dHBzOi8vaW1hZ2UucmFrdXRlbi5jby5qcC9nZWtpLWNhci9jYWJpbmV0LzQyL2ltZ3JjMDA2NTk2MTE1NS5naWYiIGFsdD0iYXZlc3QiIHdpZHRoPSI3NDkiIGJvcmRlcj0iMCI+PEJSPgogICAgICA8aW1nIHNyYz0iaHR0cHM6Ly9pbWFnZS5yYWt1dGVuLmNvLmpwL2dla2ktY2FyL2NhYmluZXQvMzEvY2Fvcy1leWUyLmdpZiIgYWx0PSJjYW9zIiB3aWR0aD0iNzQ5IiBib3JkZXI9IjAiPjxCUj4KICAgICAgPGltZyBzcmM9Imh0dHBzOi8vaW1hZ2UucmFrdXRlbi5jby5qcC9nZWtpLWNhci9jYWJpbmV0LzMxL3R1Zi1leWUxLmdpZiIgYWx0PSJ0dWZsb25nIiB3aWR0aD0iNzQ5IiBib3JkZXI9IjAiPjxCUj4KICAgICAgPGltZyBzcmM9Imh0dHBzOi8vaW1hZ2UucmFrdXRlbi5jby5qcC9nZWtpLWNhci9jYWJpbmV0LzMxL3ZhcnRhLWV5ZTIuZ2lmIiBhbHQ9InZhcnRhIiB3aWR0aD0iNzQ5IiBib3JkZXI9IjAiPjxCUj4KICAgICAgPC90ZD4KICAgIAogIDwvdGJvZHk+CjwvdGFibGU+,44K344O844Ko44O855Sj5ZWG44OM44O844Oc44O844Kz44Oz44K944O844OrQk9YIOODmeODvOOCuOODpSBXLTE5MCBBLTIyN+OAkHNtdGItVETjgJHjgJBzYWl0YW1h44CR77ya5r+A5a6J44Kr44O855So5ZOB44CAV2Vi44GE44Gh5bqX,5r+A5a6J44Kr44O855So5ZOB44OK44OT44Os44O844OA44O844K544K/44O844K/44O844Kq44O844OH44Kj44Kq54eD6LK75ZCR5LiK44Od44O844K/44OW44Or77yt77yk77yj77yk44K/44Kk44Ok44OI44O844Oo44O844OA44Oz44Ot44OD44OX44Oo44Kz44OP44Oe5L2O5Y+N55m644Kr44O844Ot44Kx44K344Ol44Ki44Op44K544K/44O844Kq44Kk44Or77yn77yw77yz44Kr44O844Oi44OL44K344O844Ko44O855Sj5ZWG44OM44O844Oc44O844Kz44Oz44K944O844OrQk9YIOODmeODvOOCuOODpSBXLTE5MCBBLTIyN+OAkHNtdGItVETjgJHjgJBzYWl0YW1h44CR,44CA44CC44K344O844Ko44O855Sj5ZWG44OM44O844Oc44O844Kz44Oz44K944O844OrQk9YIOODmeODvOOCuOODpSBXLTE5MCBBLTIyN+OAkHNtdGItVETjgJHjgJBzYWl0YW1h44CR[rn]
12-37219,aHR0cDovL3RzaG9wLnIxMHMuanAvZ2VraS1jYXIvY2FiaW5ldC8yMC8yMDkwMDAzXzEuanBnP2ZpdGluPTcwMDo3MDA=,NTYwMC4wMDAw,,6LuK55So5ZOB44O744OQ44Kk44Kv55So5ZOBID4g44Kr44O855So5ZOBID4g5YaF6KOF44OR44O844OEID4g44Kz44Oz44K944O844Or44Oc44OD44Kv44K5,44K344O844Ko44O855Sj5ZWG44OM44O844Oc44O844Kz44Oz44K944O844OrQk9YIOODluODqeODg+OCryAgVy0xOTAgQS0yMjjjgJBzbXRiLVRE44CR44CQc2FpdGFtYeOAkQ==,,PFA+PEk+PEI+PEZPTlQgY29sb3I9IiNjYzMzMDAiPuOCueODqeOCpOODieOCquODvOODl+ODs+iHqueUseiHquWcqDwvRk9OVD48L0I+PC9JPuOAgDxCUj4KPEI+LTxJPjxGT05UIGNvbG9yPSIjMzMzMzAwIj5OT1VWRUFVIENPTlNPTEUgQk9YLTwvRk9OVD48L0k+PC9CPjxCUj4KPEJSPgo8Rk9OVCBzaXplPSItMSI+44O76YGL5omL5bit44Go5Yqp5omL5bit44Gu6ZaT44Gr572u44GP44Gg44GR44Gn57Ch5Y2Y44Gr5Y+W44KK5LuY44GR44KJ44KM44G+44GZ44CCPC9GT05UPjxCUj4KPEZPTlQgCnNpemU9LTE+44O7UFZD44Os44K244O844Gu44K944OV44OI57Sg5p2Q44Gn5YK344Gk44GN44Gr44GP44GE57Sg5p2Q44KS5o6h55So44GX44Gm44GK44KK44CB6auY57Sa5oSf44GM5ryC44GE44G+44GZ44CCPEJSPgo8QlI+CuOAkOOCteOCpOOCuuOAkeOAgFcxOTDDl0Q1NjDDl0gzNjBtbeOAgOOAgDxCUj4KPEJSPgrjgJDjgqvjg6njg7zjgJHjgIDjg5bjg6njg4Pjgq88QlI+CjwvRk9OVD48L1A+CjxQPjxGT05UIApzaXplPS0xPuOAkOmBqeWQiOi7iueoruOAkTwvRk9OVD48QlI+CuOCqOOCueODhuOCo+ODnuOAgOOCu+ODrOODiuOAgOODtOOCqeOCr+OCt+ODvOetiTxCUj4K44CA44CA44CA44CA44CA44CA44CA44CA44CA44CA44CA77yIMjAwOOW5tDTmnIjnj77lnKjvvIk8L1A+CjxQPjxJTUcgc3JjPSIvZ2VraS1jYXIvY2FiaW5ldC8wMDAwNjI3Ni9pbWc1NTY1MjUzMC5qcGciPjxCUj4KPC9QPgrimIXoqbPjgZfjgY/jga/vvJzjgZPjgaHjgonvvJ7jga7jg6Hjg7zjgqvjg7zjgrXjgqTjg4jjgavjgabjgZTnorroqo3jgY/jgaDjgZXjgYTjgII8YnI+PHRpdGxlPjwvdGl0bGU+CjxzdHlsZSB0eXBlPSJ0ZXh0L2NzcyI+CjwhLS0KCkJPRFl7Cgl0ZXh0LWFsaWduOmNlbnRlcjsKYmFja2dyb3VuZC1jb2xvcjojRkZGRkZGOwpiYWNrZ3JvdW5kLWltYWdlOnVybChodHRwczovL2ltYWdlLnJha3V0ZW4uY28uanAvZ2VraS1jYXIvY2FiaW5ldC9pbWc2MDk4ODU1OS5qcGcpOwogYmFja2dyb3VuZC1yZXBlYXQ6cmVwZWF0LXk7CiBiYWNrZ3JvdW5kLXBvc2l0aW9uOnJpZ2h0IHRvcDsKfQotLT48cz48L3M+Ci0tPgotLT4KPC9zdHlsZT4KPHRhYmxlIGJvcmRlcj0iMCI+CiAgPHRib2R5PgogICAgPHRyIHZhbGlnbj0iYm90dG9tIiBIZWlnaHQ9IjQ1Ij4KIOOAgOOAgOOAgDx0ZD4KPGltZyBzcmM9Imh0dHBzOi8vaW1hZ2UucmFrdXRlbi5jby5qcC9nZWtpLWNhci9jYWJpbmV0L2ltZ3JjMDA3OTYyNzk0OC5naWYiIGFsdD0i44GC44GZ5qW9IiBoZWlnaHQ9IjYwIiB3aWR0aD0iNzQ5IiBib3JkZXI9IjAiPjxicj4KICAgICAgPGltZyBzcmM9Imh0dHBzOi8vaW1hZ2UucmFrdXRlbi5jby5qcC9nZWtpLWNhci9jYWJpbmV0L3IyMDE2MDgwNC5naWYiIGFsdD0i44Ko44Oz44OI44Oq44O85LiN6KaBIiBoZWlnaHQ9IjYwIiB3aWR0aD0iNzQ5IiBib3JkZXI9IjAiPjxicj4KICAgICAgPGltZyBzcmM9Imh0dHBzOi8vaW1hZ2UucmFrdXRlbi5jby5qcC9nZWtpLWNhci9jYWJpbmV0L3JyYWt1dGVud2ViLmdpZiIgYWx0PSLmpb3lpKlXRULliJ3jgoHjgaYiIGhlaWdodD0iNjAiIHdpZHRoPSI3NDkiIGJvcmRlcj0iMCI+PGJyPgogICAgICA8aW1nIHNyYz0iaHR0cHM6Ly9pbWFnZS5yYWt1dGVuLmNvLmpwL2dla2ktY2FyL2NhYmluZXQvcnJha3V0ZW53ZWIxLmdpZiIgYWx0PSLmpb3lpKlXRULpgJrluLgiIGhlaWdodD0iNjAiIHdpZHRoPSI3NDkiIGJvcmRlcj0iMCI+PGJyPgogICAgICA8aW1nIHNyYz0iaHR0cHM6Ly9pbWFnZS5yYWt1dGVuLmNvLmpwL2dla2ktY2FyL2NhYmluZXQvaW1ncmMwMDcyOTM3NzU1LmdpZiIgYWx0PSLnhKHmlpnkvZPpqJMiIGhlaWdodD0iNjAiIHdpZHRoPSI3NDkiIGJvcmRlcj0iMCI+PGJyPgogICAgICA8aW1nIHNyYz0iaHR0cHM6Ly9pbWFnZS5yYWt1dGVuLmNvLmpwL2dla2ktY2FyL2NhYmluZXQvaW1ncmMwMDc3Mjk0MzQ0LmdpZiIgYWx0PSLliJ3jgoHjgaYxMDAwIiBoZWlnaHQ9IjYwIiB3aWR0aD0iNzQ5IiBib3JkZXI9IjAiPjxicj4KICAgICAgPGltZyBzcmM9Imh0dHBzOi8vaW1hZ2UucmFrdXRlbi5jby5qcC9nZWtpLWNhci9jYWJpbmV0L2ltZ3JjMDA3Mjg4ODk0NS5naWYiIGFsdD0i44Kk44O844Kw44Or44K5IiBoZWlnaHQ9IjYwIiB3aWR0aD0iNzQ5IiBib3JkZXI9IjAiPjxicj4KICAgICAgPGltZyBzcmM9Imh0dHBzOi8vaW1hZ2UucmFrdXRlbi5jby5qcC9nZWtpLWNhci9jYWJpbmV0L2ltZ3JjMDA3MDM0MjYwOC5naWYiIGFsdD0idG9vbDEwIiBoZWlnaHQ9IjYwIiB3aWR0aD0iNzQ5IiBib3JkZXI9IjAiPjxicj4KICAgICAgPGltZyBzcmM9Imh0dHBzOi8vaW1hZ2UucmFrdXRlbi5jby5qcC9nZWtpLWNhci9jYWJpbmV0L2ltZ3JjMDA2NTU3MDk5Mi5naWYiIGFsdD0iRWR5IiBoZWlnaHQ9IjYwIiB3aWR0aD0iNzQ5IiBib3JkZXI9IjAiPjxicj4KICAgICAgPGltZyBzcmM9Imh0dHBzOi8vaW1hZ2UucmFrdXRlbi5jby5qcC9nZWtpLWNhci9jYWJpbmV0LzQyL2ltZ3JjMDA2NTk2MTE1NS5naWYiIGFsdD0iYXZlc3QiIHdpZHRoPSI3NDkiIGJvcmRlcj0iMCI+PEJSPgogICAgICA8aW1nIHNyYz0iaHR0cHM6Ly9pbWFnZS5yYWt1dGVuLmNvLmpwL2dla2ktY2FyL2NhYmluZXQvMzEvY2Fvcy1leWUyLmdpZiIgYWx0PSJjYW9zIiB3aWR0aD0iNzQ5IiBib3JkZXI9IjAiPjxCUj4KICAgICAgPGltZyBzcmM9Imh0dHBzOi8vaW1hZ2UucmFrdXRlbi5jby5qcC9nZWtpLWNhci9jYWJpbmV0LzMxL3R1Zi1leWUxLmdpZiIgYWx0PSJ0dWZsb25nIiB3aWR0aD0iNzQ5IiBib3JkZXI9IjAiPjxCUj4KICAgICAgPGltZyBzcmM9Imh0dHBzOi8vaW1hZ2UucmFrdXRlbi5jby5qcC9nZWtpLWNhci9jYWJpbmV0LzMxL3ZhcnRhLWV5ZTIuZ2lmIiBhbHQ9InZhcnRhIiB3aWR0aD0iNzQ5IiBib3JkZXI9IjAiPjxCUj4KICAgICAgPC90ZD4KICAgIAogIDwvdGJvZHk+CjwvdGFibGU+,44K344O844Ko44O855Sj5ZWG44OM44O844Oc44O844Kz44Oz44K944O844OrQk9YIOODluODqeODg+OCryAgVy0xOTAgQS0yMjjjgJBzbXRiLVRE44CR44CQc2FpdGFtYeOAke+8mua/gOWuieOCq+ODvOeUqOWTgeOAgFdlYuOBhOOBoeW6lw==,5r+A5a6J44Kr44O855So5ZOB44OK44OT44Os44O844OA44O844K544K/44O844K/44O844Kq44O844OH44Kj44Kq54eD6LK75ZCR5LiK44Od44O844K/44OW44Or77yt77yk77yj77yk44K/44Kk44Ok44OI44O844Oo44O844OA44Oz44Ot44OD44OX44Oo44Kz44OP44Oe5L2O5Y+N55m644Kr44O844Ot44Kx44K344Ol44Ki44Op44K544K/44O844Kq44Kk44Or77yn77yw77yz44Kr44O844Oi44OL44K344O844Ko44O855Sj5ZWG44OM44O844Oc44O844Kz44Oz44K944O844OrQk9YIOODluODqeODg+OCryAgVy0xOTAgQS0yMjjjgJBzbXRiLVRE44CR44CQc2FpdGFtYeOAkQ==,44CA44CC44K344O844Ko44O855Sj5ZWG44OM44O844Oc44O844Kz44Oz44K944O844OrQk9YIOODluODqeODg+OCryAgVy0xOTAgQS0yMjjjgJBzbXRiLVRE44CR44CQc2FpdGFtYeOAkQ==[rn]
12-37220,aHR0cDovL3RzaG9wLnIxMHMuanAvZ2VraS1jYXIvY2FiaW5ldC8wMDAwNjI3Ni9pbWc1NTY1NzgyNS5qcGc/Zml0aW49NzAwOjcwMA==,NTI5NS4yMDAw,,6LuK55So5ZOB44O744OQ44Kk44Kv55So5ZOBID4g44Kr44O855So5ZOBID4g5YaF6KOF44OR44O844OEID4g44Kz44Oz44K944O844Or44Oc44OD44Kv44K5,44K344O844Ko44O855Sj5ZWG44OM44O844Oc44O844Kz44Oz44K944O844OrQk9YIOODluODqeODg+OCryBXLTE3MCBBLTIzMOOAkHNtdGItVETjgJHjgJBzYWl0YW1h44CR,,PFA+PEk+PEI+PEZPTlQgY29sb3I9IiNjYzMzMDAiPuOCueODqeOCpOODieOCquODvOODl+ODs+iHqueUseiHquWcqDwvRk9OVD48L0I+PC9JPuOAgDxCUj4KPEI+LTxJPjxGT05UIGNvbG9yPSIjMzMzMzAwIj5OT1VWRUFVIENPTlNPTEUgQk9YLTwvRk9OVD48L0k+PC9CPjxCUj4KPEJSPgo8Rk9OVCBzaXplPSItMSI+44O76YGL5omL5bit44Go5Yqp5omL5bit44Gu6ZaT44Gr572u44GP44Gg44GR44Gn57Ch5Y2Y44Gr5Y+W44KK5LuY44GR44KJ44KM44G+44GZ44CCPC9GT05UPjxCUj4KPEZPTlQgCnNpemU9LTE+44O7UFZD44Os44K244O844Gu44K944OV44OI57Sg5p2Q44Gn5YK344Gk44GN44Gr44GP44GE57Sg5p2Q44KS5o6h55So44GX44Gm44GK44KK44CB6auY57Sa5oSf44GM5ryC44GE44G+44GZ44CCPEJSPgo8QlI+CuOAkOOCteOCpOOCuuOAkeOAgFcxNzDDl0Q1NjDDl0gzNjBtbeOAgOOAgDxCUj4KPEJSPgrjgJDjgqvjg6njg7zjgJHjgIDjg5bjg6njg4Pjgq88QlI+CjxCUj4KCjxCUj4K44CQ6YGp5ZCI6LuK56iu44CRPEJSPgrjgIDml6fjgrnjg4bjg4Pjg5fjg6/jgrTjg7M8QlI+CuOAgOOAgOOAgOOAgOOAgOOAgOOAgO+8iDIwMDjlubQ05pyI54++5Zyo77yJPEJSPgoKPC9GT05UPjwvUD4KPFA+PElNRyBzcmM9Ii9nZWtpLWNhci9jYWJpbmV0LzAwMDA2Mjc2L2ltZzU1NjUyNTMwLmpwZyI+PEJSPgo8L1A+CuKYheips+OBl+OBj+OBr++8nOOBk+OBoeOCie+8nuOBruODoeODvOOCq+ODvOOCteOCpOODiOOBq+OBpuOBlOeiuuiqjeOBj+OBoOOBleOBhOOAgjxicj48dGl0bGU+PC90aXRsZT4KPHN0eWxlIHR5cGU9InRleHQvY3NzIj4KPCEtLQoKQk9EWXsKCXRleHQtYWxpZ246Y2VudGVyOwpiYWNrZ3JvdW5kLWNvbG9yOiNGRkZGRkY7CmJhY2tncm91bmQtaW1hZ2U6dXJsKGh0dHBzOi8vaW1hZ2UucmFrdXRlbi5jby5qcC9nZWtpLWNhci9jYWJpbmV0L2ltZzYwOTg4NTU5LmpwZyk7CiBiYWNrZ3JvdW5kLXJlcGVhdDpyZXBlYXQteTsKIGJhY2tncm91bmQtcG9zaXRpb246cmlnaHQgdG9wOwp9Ci0tPjxzPjwvcz4KLS0+Ci0tPgo8L3N0eWxlPgo8dGFibGUgYm9yZGVyPSIwIj4KICA8dGJvZHk+CiAgICA8dHIgdmFsaWduPSJib3R0b20iIEhlaWdodD0iNDUiPgog44CA44CA44CAPHRkPgo8aW1nIHNyYz0iaHR0cHM6Ly9pbWFnZS5yYWt1dGVuLmNvLmpwL2dla2ktY2FyL2NhYmluZXQvaW1ncmMwMDc5NjI3OTQ4LmdpZiIgYWx0PSLjgYLjgZnmpb0iIGhlaWdodD0iNjAiIHdpZHRoPSI3NDkiIGJvcmRlcj0iMCI+PGJyPgogICAgICA8aW1nIHNyYz0iaHR0cHM6Ly9pbWFnZS5yYWt1dGVuLmNvLmpwL2dla2ktY2FyL2NhYmluZXQvcjIwMTYwODA0LmdpZiIgYWx0PSLjgqjjg7Pjg4jjg6rjg7zkuI3opoEiIGhlaWdodD0iNjAiIHdpZHRoPSI3NDkiIGJvcmRlcj0iMCI+PGJyPgogICAgICA8aW1nIHNyYz0iaHR0cHM6Ly9pbWFnZS5yYWt1dGVuLmNvLmpwL2dla2ktY2FyL2NhYmluZXQvcnJha3V0ZW53ZWIuZ2lmIiBhbHQ9IualveWkqVdFQuWIneOCgeOBpiIgaGVpZ2h0PSI2MCIgd2lkdGg9Ijc0OSIgYm9yZGVyPSIwIj48YnI+CiAgICAgIDxpbWcgc3JjPSJodHRwczovL2ltYWdlLnJha3V0ZW4uY28uanAvZ2VraS1jYXIvY2FiaW5ldC9ycmFrdXRlbndlYjEuZ2lmIiBhbHQ9IualveWkqVdFQumAmuW4uCIgaGVpZ2h0PSI2MCIgd2lkdGg9Ijc0OSIgYm9yZGVyPSIwIj48YnI+CiAgICAgIDxpbWcgc3JjPSJodHRwczovL2ltYWdlLnJha3V0ZW4uY28uanAvZ2VraS1jYXIvY2FiaW5ldC9pbWdyYzAwNzI5Mzc3NTUuZ2lmIiBhbHQ9IueEoeaWmeS9k+mokyIgaGVpZ2h0PSI2MCIgd2lkdGg9Ijc0OSIgYm9yZGVyPSIwIj48YnI+CiAgICAgIDxpbWcgc3JjPSJodHRwczovL2ltYWdlLnJha3V0ZW4uY28uanAvZ2VraS1jYXIvY2FiaW5ldC9pbWdyYzAwNzcyOTQzNDQuZ2lmIiBhbHQ9IuWIneOCgeOBpjEwMDAiIGhlaWdodD0iNjAiIHdpZHRoPSI3NDkiIGJvcmRlcj0iMCI+PGJyPgogICAgICA8aW1nIHNyYz0iaHR0cHM6Ly9pbWFnZS5yYWt1dGVuLmNvLmpwL2dla2ktY2FyL2NhYmluZXQvaW1ncmMwMDcyODg4OTQ1LmdpZiIgYWx0PSLjgqTjg7zjgrDjg6vjgrkiIGhlaWdodD0iNjAiIHdpZHRoPSI3NDkiIGJvcmRlcj0iMCI+PGJyPgogICAgICA8aW1nIHNyYz0iaHR0cHM6Ly9pbWFnZS5yYWt1dGVuLmNvLmpwL2dla2ktY2FyL2NhYmluZXQvaW1ncmMwMDcwMzQyNjA4LmdpZiIgYWx0PSJ0b29sMTAiIGhlaWdodD0iNjAiIHdpZHRoPSI3NDkiIGJvcmRlcj0iMCI+PGJyPgogICAgICA8aW1nIHNyYz0iaHR0cHM6Ly9pbWFnZS5yYWt1dGVuLmNvLmpwL2dla2ktY2FyL2NhYmluZXQvaW1ncmMwMDY1NTcwOTkyLmdpZiIgYWx0PSJFZHkiIGhlaWdodD0iNjAiIHdpZHRoPSI3NDkiIGJvcmRlcj0iMCI+PGJyPgogICAgICA8aW1nIHNyYz0iaHR0cHM6Ly9pbWFnZS5yYWt1dGVuLmNvLmpwL2dla2ktY2FyL2NhYmluZXQvNDIvaW1ncmMwMDY1OTYxMTU1LmdpZiIgYWx0PSJhdmVzdCIgd2lkdGg9Ijc0OSIgYm9yZGVyPSIwIj48QlI+CiAgICAgIDxpbWcgc3JjPSJodHRwczovL2ltYWdlLnJha3V0ZW4uY28uanAvZ2VraS1jYXIvY2FiaW5ldC8zMS9jYW9zLWV5ZTIuZ2lmIiBhbHQ9ImNhb3MiIHdpZHRoPSI3NDkiIGJvcmRlcj0iMCI+PEJSPgogICAgICA8aW1nIHNyYz0iaHR0cHM6Ly9pbWFnZS5yYWt1dGVuLmNvLmpwL2dla2ktY2FyL2NhYmluZXQvMzEvdHVmLWV5ZTEuZ2lmIiBhbHQ9InR1ZmxvbmciIHdpZHRoPSI3NDkiIGJvcmRlcj0iMCI+PEJSPgogICAgICA8aW1nIHNyYz0iaHR0cHM6Ly9pbWFnZS5yYWt1dGVuLmNvLmpwL2dla2ktY2FyL2NhYmluZXQvMzEvdmFydGEtZXllMi5naWYiIGFsdD0idmFydGEiIHdpZHRoPSI3NDkiIGJvcmRlcj0iMCI+PEJSPgogICAgICA8L3RkPgogICAgCiAgPC90Ym9keT4KPC90YWJsZT4=,44K344O844Ko44O855Sj5ZWG44OM44O844Oc44O844Kz44Oz44K944O844OrQk9YIOODluODqeODg+OCryBXLTE3MCBBLTIzMOOAkHNtdGItVETjgJHjgJBzYWl0YW1h44CR77ya5r+A5a6J44Kr44O855So5ZOB44CAV2Vi44GE44Gh5bqX,5r+A5a6J44Kr44O855So5ZOB44OK44OT44Os44O844OA44O844K544K/44O844K/44O844Kq44O844OH44Kj44Kq54eD6LK75ZCR5LiK44Od44O844K/44OW44Or77yt77yk77yj77yk44K/44Kk44Ok44OI44O844Oo44O844OA44Oz44Ot44OD44OX44Oo44Kz44OP44Oe5L2O5Y+N55m644Kr44O844Ot44Kx44K344Ol44Ki44Op44K544K/44O844Kq44Kk44Or77yn77yw77yz44Kr44O844Oi44OL44K344O844Ko44O855Sj5ZWG44OM44O844Oc44O844Kz44Oz44K944O844OrQk9YIOODluODqeODg+OCryBXLTE3MCBBLTIzMOOAkHNtdGItVETjgJHjgJBzYWl0YW1h44CR,44CA44CC44K344O844Ko44O855Sj5ZWG44OM44O844Oc44O844Kz44Oz44K944O844OrQk9YIOODluODqeODg+OCryBXLTE3MCBBLTIzMOOAkHNtdGItVETjgJHjgJBzYWl0YW1h44CR[rn]
12-37221,aHR0cDovL3RzaG9wLnIxMHMuanAvZ2VraS1jYXIvY2FiaW5ldC8wMDAwNjI3Ni9pbWc1NTY1Nzg3OC5qcGc/Zml0aW49NzAwOjcwMA==,NDg0Ni40MDAw,,6LuK55So5ZOB44O744OQ44Kk44Kv55So5ZOBID4g44Kr44O855So5ZOBID4g5YaF6KOF44OR44O844OEID4g44Kz44Oz44K944O844Or44Oc44OD44Kv44K5,44K344O844Ko44O855Sj5ZWG44OM44O844Oc44O844Kz44Oz44K944O844OrQk9YIOODluODqeODg+OCryBXLTEzMCBBLTIzMuOAkHNtdGItVETjgJHjgJBzYWl0YW1h44CR,,PFA+PEk+PEI+PEZPTlQgY29sb3I9IiNjYzMzMDAiPuOCueODqeOCpOODieOCquODvOODl+ODs+iHqueUseiHquWcqDwvRk9OVD48L0I+PC9JPuOAgDxCUj4KPEI+LTxJPjxGT05UIGNvbG9yPSIjMzMzMzAwIj5OT1VWRUFVIENPTlNPTEUgQk9YLTwvRk9OVD48L0k+PC9CPjxCUj4KPEJSPgo8Rk9OVCBzaXplPSItMSI+44O76YGL5omL5bit44Go5Yqp5omL5bit44Gu6ZaT44Gr572u44GP44Gg44GR44Gn57Ch5Y2Y44Gr5Y+W44KK5LuY44GR44KJ44KM44G+44GZ44CCPC9GT05UPjxCUj4KPEZPTlQgCnNpemU9LTE+44O7UFZD44Os44K244O844Gu44K944OV44OI57Sg5p2Q44Gn5YK344Gk44GN44Gr44GP44GE57Sg5p2Q44KS5o6h55So44GX44Gm44GK44KK44CB6auY57Sa5oSf44GM5ryC44GE44G+44GZ44CCPEJSPgo8QlI+CuOAkOOCteOCpOOCuuOAkeOAgFcxMzDDl0Q1MzDDl0gzNTBtbeOAgOOAgDxCUj4KPEJSPgrjgJDjgqvjg6njg7zjgJHjgIDjg5bjg6njg4Pjgq88QlI+CjxCUj4K44CQ6YGp5ZCI6LuK56iu44CRPEJSPgrjgIBORVfjgrnjg4bjg4Pjg5fjg6/jgrTjg7PjgIDjgqrjg4fjg4PjgrvjgqPjgIDjgrfjgqjjg7Pjgr/jgIDjgqLjgqTjgrfjgrnjgIDjg53jg6vjg4Y8QlI+CuOAgOOAgOOAgOOAgOOAgOOAgOOAgOOAgOOAgOOAgOOAgOOAgOOAgOOAgOOAgOOAgOOAgOOAgOOAgOOAgOOAgOOAgOOAgOOAgOOAgOOAgOOAgOOAgOOAgOOAgO+8iDIwMDjlubQ05pyI54++5Zyo77yJPEJSPgo8L0ZPTlQ+PC9QPgo8UD48SU1HIHNyYz0iL2dla2ktY2FyL2NhYmluZXQvMDAwMDYyNzYvaW1nNTU2NTI1MzAuanBnIj48QlI+CjwvUD4K4piF6Kmz44GX44GP44Gv77yc44GT44Gh44KJ77ye44Gu44Oh44O844Kr44O844K144Kk44OI44Gr44Gm44GU56K66KqN44GP44Gg44GV44GE44CCPGJyPjx0aXRsZT48L3RpdGxlPgo8c3R5bGUgdHlwZT0idGV4dC9jc3MiPgo8IS0tCgpCT0RZewoJdGV4dC1hbGlnbjpjZW50ZXI7CmJhY2tncm91bmQtY29sb3I6I0ZGRkZGRjsKYmFja2dyb3VuZC1pbWFnZTp1cmwoaHR0cHM6Ly9pbWFnZS5yYWt1dGVuLmNvLmpwL2dla2ktY2FyL2NhYmluZXQvaW1nNjA5ODg1NTkuanBnKTsKIGJhY2tncm91bmQtcmVwZWF0OnJlcGVhdC15OwogYmFja2dyb3VuZC1wb3NpdGlvbjpyaWdodCB0b3A7Cn0KLS0+PHM+PC9zPgotLT4KLS0+Cjwvc3R5bGU+Cjx0YWJsZSBib3JkZXI9IjAiPgogIDx0Ym9keT4KICAgIDx0ciB2YWxpZ249ImJvdHRvbSIgSGVpZ2h0PSI0NSI+CiDjgIDjgIDjgIA8dGQ+CjxpbWcgc3JjPSJodHRwczovL2ltYWdlLnJha3V0ZW4uY28uanAvZ2VraS1jYXIvY2FiaW5ldC9pbWdyYzAwNzk2Mjc5NDguZ2lmIiBhbHQ9IuOBguOBmealvSIgaGVpZ2h0PSI2MCIgd2lkdGg9Ijc0OSIgYm9yZGVyPSIwIj48YnI+CiAgICAgIDxpbWcgc3JjPSJodHRwczovL2ltYWdlLnJha3V0ZW4uY28uanAvZ2VraS1jYXIvY2FiaW5ldC9yMjAxNjA4MDQuZ2lmIiBhbHQ9IuOCqOODs+ODiOODquODvOS4jeimgSIgaGVpZ2h0PSI2MCIgd2lkdGg9Ijc0OSIgYm9yZGVyPSIwIj48YnI+CiAgICAgIDxpbWcgc3JjPSJodHRwczovL2ltYWdlLnJha3V0ZW4uY28uanAvZ2VraS1jYXIvY2FiaW5ldC9ycmFrdXRlbndlYi5naWYiIGFsdD0i5qW95aSpV0VC5Yid44KB44GmIiBoZWlnaHQ9IjYwIiB3aWR0aD0iNzQ5IiBib3JkZXI9IjAiPjxicj4KICAgICAgPGltZyBzcmM9Imh0dHBzOi8vaW1hZ2UucmFrdXRlbi5jby5qcC9nZWtpLWNhci9jYWJpbmV0L3JyYWt1dGVud2ViMS5naWYiIGFsdD0i5qW95aSpV0VC6YCa5bi4IiBoZWlnaHQ9IjYwIiB3aWR0aD0iNzQ5IiBib3JkZXI9IjAiPjxicj4KICAgICAgPGltZyBzcmM9Imh0dHBzOi8vaW1hZ2UucmFrdXRlbi5jby5qcC9nZWtpLWNhci9jYWJpbmV0L2ltZ3JjMDA3MjkzNzc1NS5naWYiIGFsdD0i54Sh5paZ5L2T6aiTIiBoZWlnaHQ9IjYwIiB3aWR0aD0iNzQ5IiBib3JkZXI9IjAiPjxicj4KICAgICAgPGltZyBzcmM9Imh0dHBzOi8vaW1hZ2UucmFrdXRlbi5jby5qcC9nZWtpLWNhci9jYWJpbmV0L2ltZ3JjMDA3NzI5NDM0NC5naWYiIGFsdD0i5Yid44KB44GmMTAwMCIgaGVpZ2h0PSI2MCIgd2lkdGg9Ijc0OSIgYm9yZGVyPSIwIj48YnI+CiAgICAgIDxpbWcgc3JjPSJodHRwczovL2ltYWdlLnJha3V0ZW4uY28uanAvZ2VraS1jYXIvY2FiaW5ldC9pbWdyYzAwNzI4ODg5NDUuZ2lmIiBhbHQ9IuOCpOODvOOCsOODq+OCuSIgaGVpZ2h0PSI2MCIgd2lkdGg9Ijc0OSIgYm9yZGVyPSIwIj48YnI+CiAgICAgIDxpbWcgc3JjPSJodHRwczovL2ltYWdlLnJha3V0ZW4uY28uanAvZ2VraS1jYXIvY2FiaW5ldC9pbWdyYzAwNzAzNDI2MDguZ2lmIiBhbHQ9InRvb2wxMCIgaGVpZ2h0PSI2MCIgd2lkdGg9Ijc0OSIgYm9yZGVyPSIwIj48YnI+CiAgICAgIDxpbWcgc3JjPSJodHRwczovL2ltYWdlLnJha3V0ZW4uY28uanAvZ2VraS1jYXIvY2FiaW5ldC9pbWdyYzAwNjU1NzA5OTIuZ2lmIiBhbHQ9IkVkeSIgaGVpZ2h0PSI2MCIgd2lkdGg9Ijc0OSIgYm9yZGVyPSIwIj48YnI+CiAgICAgIDxpbWcgc3JjPSJodHRwczovL2ltYWdlLnJha3V0ZW4uY28uanAvZ2VraS1jYXIvY2FiaW5ldC80Mi9pbWdyYzAwNjU5NjExNTUuZ2lmIiBhbHQ9ImF2ZXN0IiB3aWR0aD0iNzQ5IiBib3JkZXI9IjAiPjxCUj4KICAgICAgPGltZyBzcmM9Imh0dHBzOi8vaW1hZ2UucmFrdXRlbi5jby5qcC9nZWtpLWNhci9jYWJpbmV0LzMxL2Nhb3MtZXllMi5naWYiIGFsdD0iY2FvcyIgd2lkdGg9Ijc0OSIgYm9yZGVyPSIwIj48QlI+CiAgICAgIDxpbWcgc3JjPSJodHRwczovL2ltYWdlLnJha3V0ZW4uY28uanAvZ2VraS1jYXIvY2FiaW5ldC8zMS90dWYtZXllMS5naWYiIGFsdD0idHVmbG9uZyIgd2lkdGg9Ijc0OSIgYm9yZGVyPSIwIj48QlI+CiAgICAgIDxpbWcgc3JjPSJodHRwczovL2ltYWdlLnJha3V0ZW4uY28uanAvZ2VraS1jYXIvY2FiaW5ldC8zMS92YXJ0YS1leWUyLmdpZiIgYWx0PSJ2YXJ0YSIgd2lkdGg9Ijc0OSIgYm9yZGVyPSIwIj48QlI+CiAgICAgIDwvdGQ+CiAgICAKICA8L3Rib2R5Pgo8L3RhYmxlPg==,44K344O844Ko44O855Sj5ZWG44OM44O844Oc44O844Kz44Oz44K944O844OrQk9YIOODluODqeODg+OCryBXLTEzMCBBLTIzMuOAkHNtdGItVETjgJHjgJBzYWl0YW1h44CR77ya5r+A5a6J44Kr44O855So5ZOB44CAV2Vi44GE44Gh5bqX,5r+A5a6J44Kr44O855So5ZOB44OK44OT44Os44O844OA44O844K544K/44O844K/44O844Kq44O844OH44Kj44Kq54eD6LK75ZCR5LiK44Od44O844K/44OW44Or77yt77yk77yj77yk44K/44Kk44Ok44OI44O844Oo44O844OA44Oz44Ot44OD44OX44Oo44Kz44OP44Oe5L2O5Y+N55m644Kr44O844Ot44Kx44K344Ol44Ki44Op44K544K/44O844Kq44Kk44Or77yn77yw77yz44Kr44O844Oi44OL44K344O844Ko44O855Sj5ZWG44OM44O844Oc44O844Kz44Oz44K944O844OrQk9YIOODluODqeODg+OCryBXLTEzMCBBLTIzMuOAkHNtdGItVETjgJHjgJBzYWl0YW1h44CR,44CA44CC44K344O844Ko44O855Sj5ZWG44OM44O844Oc44O844Kz44Oz44K944O844OrQk9YIOODluODqeODg+OCryBXLTEzMCBBLTIzMuOAkHNtdGItVETjgJHjgJBzYWl0YW1h44CR[rn]
12-37222,aHR0cDovL3RzaG9wLnIxMHMuanAvZ2VraS1jYXIvY2FiaW5ldC8yMC0xLzU0LTAuanBnP2ZpdGluPTcwMDo3MDA=,Mjk1Ni44MDAw,,6LuK55So5ZOB44O744OQ44Kk44Kv55So5ZOBID4g44Kr44O855So5ZOBID4g5YaF6KOF44OR44O844OEID4g44Kz44Oz44K944O844Or44Oc44OD44Kv44K5,V1MtNTQg772z772r772w77247729776Z772w776O776e772v77247729IOOAkO+9uu++ne+9v++9sO++me++ju++nu+9r++9uO+9veOAkeODrOODn+ODg+OCr+OCuSDou4rlhoXjga7lj47ntI3jgrnjg5rjg7zjgrnnorrkv53jgasg44Km44Kp44O844Kv44K544Or44O844Oc44OD44Kv44K5,,PGltZyBzcmM9Ii9nZWtpLWNhci9jYWJpbmV0LzIwL2ltZ3JjMDA2NTI0MDExMS5naWYiYm9yZGVyPSIwIj48QlI+CgoKPGltZyBzcmM9Ii9nZWtpLWNhci9jYWJpbmV0LzIwL2ltZ3JjMDA2NTA4MDM0MS5qcGciPjxCUj4KCjxpbWcgc3JjPSIvZ2VraS1jYXIvY2FiaW5ldC8yMC0xL2ltZzYxNzI0OTA2LmpwZyI+PEJSPgo8aW1nIHNyYz0iL2dla2ktY2FyL2NhYmluZXQvMjAtMS9pbWc2MTcyNDkwNy5qcGciPjxCUj4KPGltZyBzcmM9Ii9nZWtpLWNhci9jYWJpbmV0LzIwLTEvaW1nNjE3MjQ5MDguanBnIj48QlI+CuWIqeS+v+aAp+OCkui/veaxguOBl+OBn+WPjue0jeWKm+OAggoK6auY57Sa5oSf5rqi44KM44KL6LOq5oSf44Gu6auY44GE44Oc44OH44Kj44CCCgrkvb/jgYTjgoTjgZnjgYTjgIzjgrnjg6njgqTjg4njgr/jgqTjg5fok4vjgI3jgpLmjqHnlKjjgIIKCui7iuWGheeSsOWig+OCkuaQjeOBquOCj+OBquOBhOODreODvOODgOOCpuODs+ioreioiOOAggoKV1MtNTEvV1MtNTLjga7lvozntpnlk4E8dGl0bGU+PC90aXRsZT4KPHN0eWxlIHR5cGU9InRleHQvY3NzIj4KPCEtLQoKQk9EWXsKCXRleHQtYWxpZ246Y2VudGVyOwpiYWNrZ3JvdW5kLWNvbG9yOiNGRkZGRkY7CmJhY2tncm91bmQtaW1hZ2U6dXJsKGh0dHBzOi8vaW1hZ2UucmFrdXRlbi5jby5qcC9nZWtpLWNhci9jYWJpbmV0L2ltZzYwOTg4NTU5LmpwZyk7CiBiYWNrZ3JvdW5kLXJlcGVhdDpyZXBlYXQteTsKIGJhY2tncm91bmQtcG9zaXRpb246cmlnaHQgdG9wOwp9Ci0tPjxzPjwvcz4KLS0+Ci0tPgo8L3N0eWxlPgo8dGFibGUgYm9yZGVyPSIwIj4KICA8dGJvZHk+CiAgICA8dHIgdmFsaWduPSJib3R0b20iIEhlaWdodD0iNDUiPgog44CA44CA44CAPHRkPgo8aW1nIHNyYz0iaHR0cHM6Ly9pbWFnZS5yYWt1dGVuLmNvLmpwL2dla2ktY2FyL2NhYmluZXQvaW1ncmMwMDc5NjI3OTQ4LmdpZiIgYWx0PSLjgYLjgZnmpb0iIGhlaWdodD0iNjAiIHdpZHRoPSI3NDkiIGJvcmRlcj0iMCI+PGJyPgogICAgICA8aW1nIHNyYz0iaHR0cHM6Ly9pbWFnZS5yYWt1dGVuLmNvLmpwL2dla2ktY2FyL2NhYmluZXQvcjIwMTYwODA0LmdpZiIgYWx0PSLjgqjjg7Pjg4jjg6rjg7zkuI3opoEiIGhlaWdodD0iNjAiIHdpZHRoPSI3NDkiIGJvcmRlcj0iMCI+PGJyPgogICAgICA8aW1nIHNyYz0iaHR0cHM6Ly9pbWFnZS5yYWt1dGVuLmNvLmpwL2dla2ktY2FyL2NhYmluZXQvcnJha3V0ZW53ZWIuZ2lmIiBhbHQ9IualveWkqVdFQuWIneOCgeOBpiIgaGVpZ2h0PSI2MCIgd2lkdGg9Ijc0OSIgYm9yZGVyPSIwIj48YnI+CiAgICAgIDxpbWcgc3JjPSJodHRwczovL2ltYWdlLnJha3V0ZW4uY28uanAvZ2VraS1jYXIvY2FiaW5ldC9ycmFrdXRlbndlYjEuZ2lmIiBhbHQ9IualveWkqVdFQumAmuW4uCIgaGVpZ2h0PSI2MCIgd2lkdGg9Ijc0OSIgYm9yZGVyPSIwIj48YnI+CiAgICAgIDxpbWcgc3JjPSJodHRwczovL2ltYWdlLnJha3V0ZW4uY28uanAvZ2VraS1jYXIvY2FiaW5ldC9pbWdyYzAwNzI5Mzc3NTUuZ2lmIiBhbHQ9IueEoeaWmeS9k+mokyIgaGVpZ2h0PSI2MCIgd2lkdGg9Ijc0OSIgYm9yZGVyPSIwIj48YnI+CiAgICAgIDxpbWcgc3JjPSJodHRwczovL2ltYWdlLnJha3V0ZW4uY28uanAvZ2VraS1jYXIvY2FiaW5ldC9pbWdyYzAwNzcyOTQzNDQuZ2lmIiBhbHQ9IuWIneOCgeOBpjEwMDAiIGhlaWdodD0iNjAiIHdpZHRoPSI3NDkiIGJvcmRlcj0iMCI+PGJyPgogICAgICA8aW1nIHNyYz0iaHR0cHM6Ly9pbWFnZS5yYWt1dGVuLmNvLmpwL2dla2ktY2FyL2NhYmluZXQvaW1ncmMwMDcyODg4OTQ1LmdpZiIgYWx0PSLjgqTjg7zjgrDjg6vjgrkiIGhlaWdodD0iNjAiIHdpZHRoPSI3NDkiIGJvcmRlcj0iMCI+PGJyPgogICAgICA8aW1nIHNyYz0iaHR0cHM6Ly9pbWFnZS5yYWt1dGVuLmNvLmpwL2dla2ktY2FyL2NhYmluZXQvaW1ncmMwMDcwMzQyNjA4LmdpZiIgYWx0PSJ0b29sMTAiIGhlaWdodD0iNjAiIHdpZHRoPSI3NDkiIGJvcmRlcj0iMCI+PGJyPgogICAgICA8aW1nIHNyYz0iaHR0cHM6Ly9pbWFnZS5yYWt1dGVuLmNvLmpwL2dla2ktY2FyL2NhYmluZXQvaW1ncmMwMDY1NTcwOTkyLmdpZiIgYWx0PSJFZHkiIGhlaWdodD0iNjAiIHdpZHRoPSI3NDkiIGJvcmRlcj0iMCI+PGJyPgogICAgICA8aW1nIHNyYz0iaHR0cHM6Ly9pbWFnZS5yYWt1dGVuLmNvLmpwL2dla2ktY2FyL2NhYmluZXQvNDIvaW1ncmMwMDY1OTYxMTU1LmdpZiIgYWx0PSJhdmVzdCIgd2lkdGg9Ijc0OSIgYm9yZGVyPSIwIj48QlI+CiAgICAgIDxpbWcgc3JjPSJodHRwczovL2ltYWdlLnJha3V0ZW4uY28uanAvZ2VraS1jYXIvY2FiaW5ldC8zMS9jYW9zLWV5ZTIuZ2lmIiBhbHQ9ImNhb3MiIHdpZHRoPSI3NDkiIGJvcmRlcj0iMCI+PEJSPgogICAgICA8aW1nIHNyYz0iaHR0cHM6Ly9pbWFnZS5yYWt1dGVuLmNvLmpwL2dla2ktY2FyL2NhYmluZXQvMzEvdHVmLWV5ZTEuZ2lmIiBhbHQ9InR1ZmxvbmciIHdpZHRoPSI3NDkiIGJvcmRlcj0iMCI+PEJSPgogICAgICA8aW1nIHNyYz0iaHR0cHM6Ly9pbWFnZS5yYWt1dGVuLmNvLmpwL2dla2ktY2FyL2NhYmluZXQvMzEvdmFydGEtZXllMi5naWYiIGFsdD0idmFydGEiIHdpZHRoPSI3NDkiIGJvcmRlcj0iMCI+PEJSPgogICAgICA8L3RkPgogICAgCiAgPC90Ym9keT4KPC90YWJsZT4=,V1MtNTQg772z772r772w77247729776Z772w776O776e772v77247729IOOAkO+9uu++ne+9v++9sO++me++ju++nu+9r++9uO+9veOAkeODrOODn+ODg+OCr+OCuSDou4rlhoXjga7lj47ntI3jgrnjg5rjg7zjgrnnorrkv53jgasg44Km44Kp44O844Kv44K544Or44O844Oc44OD44Kv44K577ya5r+A5a6J44Kr44O855So5ZOB44CAV2Vi44GE44Gh5bqX,5r+A5a6J44Kr44O855So5ZOB44OK44OT44Os44O844OA44O844K544K/44O844K/44O844Kq44O844OH44Kj44Kq54eD6LK75ZCR5LiK44Od44O844K/44OW44Or77yt77yk77yj77yk44K/44Kk44Ok44OI44O844Oo44O844OA44Oz44Ot44OD44OX44Oo44Kz44OP44Oe5L2O5Y+N55m644Kr44O844Ot44Kx44K344Ol44Ki44Op44K544K/44O844Kq44Kk44Or77yn77yw77yz44Kr44O844Oi44OLV1MtNTQg772z772r772w77247729776Z772w776O776e772v77247729IOOAkO+9uu++ne+9v++9sO++me++ju++nu+9r++9uO+9veOAkeODrOODn+ODg+OCr+OCuSDou4rlhoXjga7lj47ntI3jgrnjg5rjg7zjgrnnorrkv53jgasg44Km44Kp44O844Kv44K544Or44O844Oc44OD44Kv44K5,44CA44CCV1MtNTQg772z772r772w77247729776Z772w776O776e772v77247729IOOAkO+9uu++ne+9v++9sO++me++ju++nu+9r++9uO+9veOAkeODrOODn+ODg+OCr+OCuSDou4rlhoXjga7lj47ntI3jgrnjg5rjg7zjgrnnorrkv53jgasg44Km44Kp44O844Kv44K544Or44O844Oc44OD44Kv44K5[rn]
12-37223,aHR0cDovL3RzaG9wLnIxMHMuanAvZ2VraS1jYXIvY2FiaW5ldC8yMC0xL3dzMTQtMS5qcGc/Zml0aW49NzAwOjcwMA==,MTQ2Ny4yMDAw,,6LuK55So5ZOB44O744OQ44Kk44Kv55So5ZOBID4g44Kr44O855So5ZOBID4g5YaF6KOF44OR44O844OEID4g44Kz44Oz44K944O844Or44Oc44OD44Kv44K5,V1MtMTTjgIDjg6zjg5/jg4Pjgq/jgrnjgIDjgrvjg7Pjgr/jg7zjgrPjg7Pjgr3jg7zjg6vjg5zjg4Pjgq/jgrk=,,PHA+PGZvbnQgY29sb3I9IiMzODAxMTAiIHN0eWxlPSJmb250LWZhbWlseSA6IOODoeOCpOODquOCqjsiPuKXhuODieODquODs+OCr+ODm+ODq+ODgOODvOOBr+WLv+irluOAgeOCueODnuODm+OChOOCv+ODkOOCs+etieOCkuWFpeOCjOOCi+OBk+OBqOOBjOOBp+OBjeOCizxicj4K44CAIOODm+ODq+ODgOODvOOCueODmuODvOOCueS7mOOBjeOAgjxicj4K4peG44Gy44GY5o6b44GR44Go44GX44Gm44Gk44GL44GI44KL44OH44K244Kk44Oz44CCPGJyPgrjgIAg44Gy44GY5b2T44Gm44KS6ZaL44GR44KM44Gw44Oh44Kk44Oz5Y+O57SN44K544Oa44O844K544GM44GC44KK44CBPGJyPgrjgIAg5bCP54mp562J44KS5Y+O57SN44GZ44KL44GT44Go44GM44Gn44GN44G+44GZ44CCPGJyPgril4blgbTpnaLjgajlvozpg6jjgavjga/lsI/nianjg53jgrHjg4Pjg4jjgpLoqK3jgZHjgIE8YnI+CuOAgCDjgrnjg57jg5vjgoTjgr/jg5DjgrPjgarjganjga7lsI/nianjgpLlj47ntI3jgZnjgovjgZPjgajjgYzlj6/og73jgafjgZnjgII8YnI+Cjxicj4K5LuV5qeYPGJyPgrmnKzkvZPjgrXjgqTjgrrvvJrntIQgSDQyMCB4IFcxMjUgeCBEMzMw77yIbW3vvIk8YnI+CuadkOizqu+8muOCveODleODiOODrOOCtuODvO+8iOWQiOaIkOearumdqe+8iTwvZm9udD48L3A+PHRpdGxlPjwvdGl0bGU+CjxzdHlsZSB0eXBlPSJ0ZXh0L2NzcyI+CjwhLS0KCkJPRFl7Cgl0ZXh0LWFsaWduOmNlbnRlcjsKYmFja2dyb3VuZC1jb2xvcjojRkZGRkZGOwpiYWNrZ3JvdW5kLWltYWdlOnVybChodHRwczovL2ltYWdlLnJha3V0ZW4uY28uanAvZ2VraS1jYXIvY2FiaW5ldC9pbWc2MDk4ODU1OS5qcGcpOwogYmFja2dyb3VuZC1yZXBlYXQ6cmVwZWF0LXk7CiBiYWNrZ3JvdW5kLXBvc2l0aW9uOnJpZ2h0IHRvcDsKfQotLT48cz48L3M+Ci0tPgotLT4KPC9zdHlsZT4KPHRhYmxlIGJvcmRlcj0iMCI+CiAgPHRib2R5PgogICAgPHRyIHZhbGlnbj0iYm90dG9tIiBIZWlnaHQ9IjQ1Ij4KIOOAgOOAgOOAgDx0ZD4KPGltZyBzcmM9Imh0dHBzOi8vaW1hZ2UucmFrdXRlbi5jby5qcC9nZWtpLWNhci9jYWJpbmV0L2ltZ3JjMDA3OTYyNzk0OC5naWYiIGFsdD0i44GC44GZ5qW9IiBoZWlnaHQ9IjYwIiB3aWR0aD0iNzQ5IiBib3JkZXI9IjAiPjxicj4KICAgICAgPGltZyBzcmM9Imh0dHBzOi8vaW1hZ2UucmFrdXRlbi5jby5qcC9nZWtpLWNhci9jYWJpbmV0L3IyMDE2MDgwNC5naWYiIGFsdD0i44Ko44Oz44OI44Oq44O85LiN6KaBIiBoZWlnaHQ9IjYwIiB3aWR0aD0iNzQ5IiBib3JkZXI9IjAiPjxicj4KICAgICAgPGltZyBzcmM9Imh0dHBzOi8vaW1hZ2UucmFrdXRlbi5jby5qcC9nZWtpLWNhci9jYWJpbmV0L3JyYWt1dGVud2ViLmdpZiIgYWx0PSLmpb3lpKlXRULliJ3jgoHjgaYiIGhlaWdodD0iNjAiIHdpZHRoPSI3NDkiIGJvcmRlcj0iMCI+PGJyPgogICAgICA8aW1nIHNyYz0iaHR0cHM6Ly9pbWFnZS5yYWt1dGVuLmNvLmpwL2dla2ktY2FyL2NhYmluZXQvcnJha3V0ZW53ZWIxLmdpZiIgYWx0PSLmpb3lpKlXRULpgJrluLgiIGhlaWdodD0iNjAiIHdpZHRoPSI3NDkiIGJvcmRlcj0iMCI+PGJyPgogICAgICA8aW1nIHNyYz0iaHR0cHM6Ly9pbWFnZS5yYWt1dGVuLmNvLmpwL2dla2ktY2FyL2NhYmluZXQvaW1ncmMwMDcyOTM3NzU1LmdpZiIgYWx0PSLnhKHmlpnkvZPpqJMiIGhlaWdodD0iNjAiIHdpZHRoPSI3NDkiIGJvcmRlcj0iMCI+PGJyPgogICAgICA8aW1nIHNyYz0iaHR0cHM6Ly9pbWFnZS5yYWt1dGVuLmNvLmpwL2dla2ktY2FyL2NhYmluZXQvaW1ncmMwMDc3Mjk0MzQ0LmdpZiIgYWx0PSLliJ3jgoHjgaYxMDAwIiBoZWlnaHQ9IjYwIiB3aWR0aD0iNzQ5IiBib3JkZXI9IjAiPjxicj4KICAgICAgPGltZyBzcmM9Imh0dHBzOi8vaW1hZ2UucmFrdXRlbi5jby5qcC9nZWtpLWNhci9jYWJpbmV0L2ltZ3JjMDA3Mjg4ODk0NS5naWYiIGFsdD0i44Kk44O844Kw44Or44K5IiBoZWlnaHQ9IjYwIiB3aWR0aD0iNzQ5IiBib3JkZXI9IjAiPjxicj4KICAgICAgPGltZyBzcmM9Imh0dHBzOi8vaW1hZ2UucmFrdXRlbi5jby5qcC9nZWtpLWNhci9jYWJpbmV0L2ltZ3JjMDA3MDM0MjYwOC5naWYiIGFsdD0idG9vbDEwIiBoZWlnaHQ9IjYwIiB3aWR0aD0iNzQ5IiBib3JkZXI9IjAiPjxicj4KICAgICAgPGltZyBzcmM9Imh0dHBzOi8vaW1hZ2UucmFrdXRlbi5jby5qcC9nZWtpLWNhci9jYWJpbmV0L2ltZ3JjMDA2NTU3MDk5Mi5naWYiIGFsdD0iRWR5IiBoZWlnaHQ9IjYwIiB3aWR0aD0iNzQ5IiBib3JkZXI9IjAiPjxicj4KICAgICAgPGltZyBzcmM9Imh0dHBzOi8vaW1hZ2UucmFrdXRlbi5jby5qcC9nZWtpLWNhci9jYWJpbmV0LzQyL2ltZ3JjMDA2NTk2MTE1NS5naWYiIGFsdD0iYXZlc3QiIHdpZHRoPSI3NDkiIGJvcmRlcj0iMCI+PEJSPgogICAgICA8aW1nIHNyYz0iaHR0cHM6Ly9pbWFnZS5yYWt1dGVuLmNvLmpwL2dla2ktY2FyL2NhYmluZXQvMzEvY2Fvcy1leWUyLmdpZiIgYWx0PSJjYW9zIiB3aWR0aD0iNzQ5IiBib3JkZXI9IjAiPjxCUj4KICAgICAgPGltZyBzcmM9Imh0dHBzOi8vaW1hZ2UucmFrdXRlbi5jby5qcC9nZWtpLWNhci9jYWJpbmV0LzMxL3R1Zi1leWUxLmdpZiIgYWx0PSJ0dWZsb25nIiB3aWR0aD0iNzQ5IiBib3JkZXI9IjAiPjxCUj4KICAgICAgPGltZyBzcmM9Imh0dHBzOi8vaW1hZ2UucmFrdXRlbi5jby5qcC9nZWtpLWNhci9jYWJpbmV0LzMxL3ZhcnRhLWV5ZTIuZ2lmIiBhbHQ9InZhcnRhIiB3aWR0aD0iNzQ5IiBib3JkZXI9IjAiPjxCUj4KICAgICAgPC90ZD4KICAgIAogIDwvdGJvZHk+CjwvdGFibGU+,V1MtMTTjgIDjg6zjg5/jg4Pjgq/jgrnjgIDjgrvjg7Pjgr/jg7zjgrPjg7Pjgr3jg7zjg6vjg5zjg4Pjgq/jgrnvvJrmv4Dlronjgqvjg7znlKjlk4HjgIBXZWLjgYTjgaHlupc=,5r+A5a6J44Kr44O855So5ZOB44OK44OT44Os44O844OA44O844K544K/44O844K/44O844Kq44O844OH44Kj44Kq54eD6LK75ZCR5LiK44Od44O844K/44OW44Or77yt77yk77yj77yk44K/44Kk44Ok44OI44O844Oo44O844OA44Oz44Ot44OD44OX44Oo44Kz44OP44Oe5L2O5Y+N55m644Kr44O844Ot44Kx44K344Ol44Ki44Op44K544K/44O844Kq44Kk44Or77yn77yw77yz44Kr44O844Oi44OLV1MtMTTjgIDjg6zjg5/jg4Pjgq/jgrnjgIDjgrvjg7Pjgr/jg7zjgrPjg7Pjgr3jg7zjg6vjg5zjg4Pjgq/jgrk=,44CA44CCV1MtMTTjgIDjg6zjg5/jg4Pjgq/jgrnjgIDjgrvjg7Pjgr/jg7zjgrPjg7Pjgr3jg7zjg6vjg5zjg4Pjgq/jgrk=[rn]
12-37224,aHR0cDovL3RzaG9wLnIxMHMuanAvZ2VraS1jYXIvY2FiaW5ldC8yMC0zL3dzNzcuanBnP2ZpdGluPTcwMDo3MDA=,MjY1Mi4wMDAw,,6LuK55So5ZOB44O744OQ44Kk44Kv55So5ZOBID4g44Kr44O855So5ZOBID4g5YaF6KOF44OR44O844OEID4g44Kz44Oz44K944O844Or44Oc44OD44Kv44K5,776a776Q772v7724772944CAV1MtNzfjgIDjgqbjgqnjg7zjgq/jgrnjg6vjg7zjg5zjg4Pjgq/jgrnjgJDvvbrvvp3vvb/vvbDvvpnvvo7vvp7vva/vvbjvvb3jgJHou4rlhoXjga7lj47ntI3jgrnjg5rjg7zjgrnnorrkv53jgas=,,PHA+PGZvbnQgY29sb3I9IiMzODAxMTAiIHN0eWxlPSJmb250LWZhbWlseSA6IOODoeOCpOODquOCqjsiPuOAkOeJuemVt+OAkTxicj4K44O744K944Oq44OD44OJ5oSf44Gu44GC44KL44K344Oz44OX44Or44Gq44OV44Kp44Or44OgPGJyPgrjg7vkvb/jgYTli53miYvjgYzoia/jgYTlpKflsI/jga7lsI/nianlhaXjgow8YnI+CuODu+OCt+ODg+OCr+OBquODluODqeODg+OCr+ODnOODh+OCo+ODvCZhbXA744Kv44Ot44Og44Oh44OD44Kt5LuV5qeYPGJyPgrjg7vokL3jgaHnnYDjgYTjgZ/mqZ/og73nvo7jgYzmhJvou4rjgpLjgq/jg7zjg6vjgavmvJTlh7o8YnI+CjwvZm9udD48Zm9udCBjb2xvcj0iIzM4MDExMCIgc3R5bGU9ImZvbnQtZmFtaWx5IDog44Oh44Kk44Oq44KqOyI+PGJyPgrjgJDimIZQb2ludOKYhuOAkTxicj4K4peG5qyy44GX44GE5pmC44Gr44GV44Gj44Go5omL44GM5bGK44GP44CM44OJ44Oq44Oz44Kv44Ob44Or44OA44O877yG5bCP54mp5Y+O57SN44K544Oa44O844K544CNIDxicj4K4peG44OG44Kj44OD44K344Ol44Kx44O844K544GM44GZ44Gj44G944KK5Y+O57SN77yB44CM5YmN6YOo44Ki44Oz44OA44O85Y+O57SN44K544Oa44O844K544CNPGJyPgo8YnI+CuODu+adkOizqu+8mk1ERu+8hkFCU+aoueiEgjxicj4K44O75ZWG5ZOB44K144Kk44K677ya57SEVzE4MMOXRDUzNcOXSDI2MihtbSk8YnI+Cjxicj4KPGJyPgo8YnI+CjwvZm9udD48L3A+PHRpdGxlPjwvdGl0bGU+CjxzdHlsZSB0eXBlPSJ0ZXh0L2NzcyI+CjwhLS0KCkJPRFl7Cgl0ZXh0LWFsaWduOmNlbnRlcjsKYmFja2dyb3VuZC1jb2xvcjojRkZGRkZGOwpiYWNrZ3JvdW5kLWltYWdlOnVybChodHRwczovL2ltYWdlLnJha3V0ZW4uY28uanAvZ2VraS1jYXIvY2FiaW5ldC9pbWc2MDk4ODU1OS5qcGcpOwogYmFja2dyb3VuZC1yZXBlYXQ6cmVwZWF0LXk7CiBiYWNrZ3JvdW5kLXBvc2l0aW9uOnJpZ2h0IHRvcDsKfQotLT48cz48L3M+Ci0tPgotLT4KPC9zdHlsZT4KPHRhYmxlIGJvcmRlcj0iMCI+CiAgPHRib2R5PgogICAgPHRyIHZhbGlnbj0iYm90dG9tIiBIZWlnaHQ9IjQ1Ij4KIOOAgOOAgOOAgDx0ZD4KPGltZyBzcmM9Imh0dHBzOi8vaW1hZ2UucmFrdXRlbi5jby5qcC9nZWtpLWNhci9jYWJpbmV0L2ltZ3JjMDA3OTYyNzk0OC5naWYiIGFsdD0i44GC44GZ5qW9IiBoZWlnaHQ9IjYwIiB3aWR0aD0iNzQ5IiBib3JkZXI9IjAiPjxicj4KICAgICAgPGltZyBzcmM9Imh0dHBzOi8vaW1hZ2UucmFrdXRlbi5jby5qcC9nZWtpLWNhci9jYWJpbmV0L3IyMDE2MDgwNC5naWYiIGFsdD0i44Ko44Oz44OI44Oq44O85LiN6KaBIiBoZWlnaHQ9IjYwIiB3aWR0aD0iNzQ5IiBib3JkZXI9IjAiPjxicj4KICAgICAgPGltZyBzcmM9Imh0dHBzOi8vaW1hZ2UucmFrdXRlbi5jby5qcC9nZWtpLWNhci9jYWJpbmV0L3JyYWt1dGVud2ViLmdpZiIgYWx0PSLmpb3lpKlXRULliJ3jgoHjgaYiIGhlaWdodD0iNjAiIHdpZHRoPSI3NDkiIGJvcmRlcj0iMCI+PGJyPgogICAgICA8aW1nIHNyYz0iaHR0cHM6Ly9pbWFnZS5yYWt1dGVuLmNvLmpwL2dla2ktY2FyL2NhYmluZXQvcnJha3V0ZW53ZWIxLmdpZiIgYWx0PSLmpb3lpKlXRULpgJrluLgiIGhlaWdodD0iNjAiIHdpZHRoPSI3NDkiIGJvcmRlcj0iMCI+PGJyPgogICAgICA8aW1nIHNyYz0iaHR0cHM6Ly9pbWFnZS5yYWt1dGVuLmNvLmpwL2dla2ktY2FyL2NhYmluZXQvaW1ncmMwMDcyOTM3NzU1LmdpZiIgYWx0PSLnhKHmlpnkvZPpqJMiIGhlaWdodD0iNjAiIHdpZHRoPSI3NDkiIGJvcmRlcj0iMCI+PGJyPgogICAgICA8aW1nIHNyYz0iaHR0cHM6Ly9pbWFnZS5yYWt1dGVuLmNvLmpwL2dla2ktY2FyL2NhYmluZXQvaW1ncmMwMDc3Mjk0MzQ0LmdpZiIgYWx0PSLliJ3jgoHjgaYxMDAwIiBoZWlnaHQ9IjYwIiB3aWR0aD0iNzQ5IiBib3JkZXI9IjAiPjxicj4KICAgICAgPGltZyBzcmM9Imh0dHBzOi8vaW1hZ2UucmFrdXRlbi5jby5qcC9nZWtpLWNhci9jYWJpbmV0L2ltZ3JjMDA3Mjg4ODk0NS5naWYiIGFsdD0i44Kk44O844Kw44Or44K5IiBoZWlnaHQ9IjYwIiB3aWR0aD0iNzQ5IiBib3JkZXI9IjAiPjxicj4KICAgICAgPGltZyBzcmM9Imh0dHBzOi8vaW1hZ2UucmFrdXRlbi5jby5qcC9nZWtpLWNhci9jYWJpbmV0L2ltZ3JjMDA3MDM0MjYwOC5naWYiIGFsdD0idG9vbDEwIiBoZWlnaHQ9IjYwIiB3aWR0aD0iNzQ5IiBib3JkZXI9IjAiPjxicj4KICAgICAgPGltZyBzcmM9Imh0dHBzOi8vaW1hZ2UucmFrdXRlbi5jby5qcC9nZWtpLWNhci9jYWJpbmV0L2ltZ3JjMDA2NTU3MDk5Mi5naWYiIGFsdD0iRWR5IiBoZWlnaHQ9IjYwIiB3aWR0aD0iNzQ5IiBib3JkZXI9IjAiPjxicj4KICAgICAgPGltZyBzcmM9Imh0dHBzOi8vaW1hZ2UucmFrdXRlbi5jby5qcC9nZWtpLWNhci9jYWJpbmV0LzQyL2ltZ3JjMDA2NTk2MTE1NS5naWYiIGFsdD0iYXZlc3QiIHdpZHRoPSI3NDkiIGJvcmRlcj0iMCI+PEJSPgogICAgICA8aW1nIHNyYz0iaHR0cHM6Ly9pbWFnZS5yYWt1dGVuLmNvLmpwL2dla2ktY2FyL2NhYmluZXQvMzEvY2Fvcy1leWUyLmdpZiIgYWx0PSJjYW9zIiB3aWR0aD0iNzQ5IiBib3JkZXI9IjAiPjxCUj4KICAgICAgPGltZyBzcmM9Imh0dHBzOi8vaW1hZ2UucmFrdXRlbi5jby5qcC9nZWtpLWNhci9jYWJpbmV0LzMxL3R1Zi1leWUxLmdpZiIgYWx0PSJ0dWZsb25nIiB3aWR0aD0iNzQ5IiBib3JkZXI9IjAiPjxCUj4KICAgICAgPGltZyBzcmM9Imh0dHBzOi8vaW1hZ2UucmFrdXRlbi5jby5qcC9nZWtpLWNhci9jYWJpbmV0LzMxL3ZhcnRhLWV5ZTIuZ2lmIiBhbHQ9InZhcnRhIiB3aWR0aD0iNzQ5IiBib3JkZXI9IjAiPjxCUj4KICAgICAgPC90ZD4KICAgIAogIDwvdGJvZHk+CjwvdGFibGU+,776a776Q772v7724772944CAV1MtNzfjgIDjgqbjgqnjg7zjgq/jgrnjg6vjg7zjg5zjg4Pjgq/jgrnjgJDvvbrvvp3vvb/vvbDvvpnvvo7vvp7vva/vvbjvvb3jgJHou4rlhoXjga7lj47ntI3jgrnjg5rjg7zjgrnnorrkv53jgavvvJrmv4Dlronjgqvjg7znlKjlk4HjgIBXZWLjgYTjgaHlupc=,5r+A5a6J44Kr44O855So5ZOB44OK44OT44Os44O844OA44O844K544K/44O844K/44O844Kq44O844OH44Kj44Kq54eD6LK75ZCR5LiK44Od44O844K/44OW44Or77yt77yk77yj77yk44K/44Kk44Ok44OI44O844Oo44O844OA44Oz44Ot44OD44OX44Oo44Kz44OP44Oe5L2O5Y+N55m644Kr44O844Ot44Kx44K344Ol44Ki44Op44K544K/44O844Kq44Kk44Or77yn77yw77yz44Kr44O844Oi44OL776a776Q772v7724772944CAV1MtNzfjgIDjgqbjgqnjg7zjgq/jgrnjg6vjg7zjg5zjg4Pjgq/jgrnjgJDvvbrvvp3vvb/vvbDvvpnvvo7vvp7vva/vvbjvvb3jgJHou4rlhoXjga7lj47ntI3jgrnjg5rjg7zjgrnnorrkv53jgas=,44CA44CC776a776Q772v7724772944CAV1MtNzfjgIDjgqbjgqnjg7zjgq/jgrnjg6vjg7zjg5zjg4Pjgq/jgrnjgJDvvbrvvp3vvb/vvbDvvpnvvo7vvp7vva/vvbjvvb3jgJHou4rlhoXjga7lj47ntI3jgrnjg5rjg7zjgrnnorrkv53jgas=[rn]
12-37225,aHR0cDovL3RzaG9wLnIxMHMuanAvZ2VraS1jYXIvY2FiaW5ldC8yMC8yMDkwNjE2LTEuanBnP2ZpdGluPTcwMDo3MDA=,NTE4MC44MDAw,,6LuK55So5ZOB44O744OQ44Kk44Kv55So5ZOBID4g44Kr44O855So5ZOBID4g5YaF6KOF44OR44O844OEID4g44Kz44Oz44K944O844Or44Oc44OD44Kv44K5,V1NMLTUy44CA44Km44Kp44O844Kv44K544Or44O844Oc44OD44Kv44K5TEVE5LuYIOODrOODn+ODg+OCr+OCuQ==,,PFRJVExFPjwvVElUTEU+CjwvSEVBRD4KPEJPRFk+CjxQPuWIqeS+v+aAp+OCkui/veaxguOBl+OBn+WPjue0jeWKm+OAgjxCUj4KPEJSPgog6auY57Sa5oSf5rqi44KM44KL6LOq5oSf44Gu6auY44GE44Oc44OH44Kj44CCPEJSPgo8QlI+CuS9v+OBhOOChOOBmeOBhOOAjOOCueODqeOCpOODieOCv+OCpOODl+iTi+OAjeOCkuaOoeeUqOOAgjxCUj4KPEJSPgrou4rlhoXnkrDlooPjgpLmkI3jgarjgo/jgarjgYTjg63jg7zjg4Djgqbjg7PoqK3oqIjjgII8QlI+CjxCUj4K6Z2S44GETEVE44Gr44KI44KK6LuK5YaF44KS54WM44Gz44KE44GL44Gr5ryU5Ye644CCPEJSPgo8QlI+CuiTi+OCkuOCueODqeOCpOODieOBl+OBpumWi+OBkeOCi+OBqExFROOBjOeCueeBr+OAgiAgPEJSPgogPC9QPgo8UD7mnKzkvZPjgrXjgqTjgrog57SEVzE4MCB4IEQ1MjAgeCBIMjc1KG1tKSA8QlI+CuadkOizqiDjgr3jg5Xjg4jjg6zjgrbjg7zvvIjlkIjmiJDnmq7pnanvvIkgPC9QPgo8UD48Rk9OVCBjb2xvcj0iI2ZmMDAwMCI+PEI+KuazqOaEj+S6i+mghSo8L0I+PEJSPgrllYblk4Hjga7oqbPntLDjga/jgZTms6jmlofliY3jgavjg6Hjg7zjgqvjg7zjgrXjgqTjg4jjgoLjgZfjgY/jga/jgqvjgr/jg63jgrDnrYnjgaflvqHnorroqo3jgY/jgaDjgZXjgYTjgII8L0ZPTlQ+PC9QPgo8L0JPRFk+CjwvSFRNTD48dGl0bGU+PC90aXRsZT4KPHN0eWxlIHR5cGU9InRleHQvY3NzIj4KPCEtLQoKQk9EWXsKCXRleHQtYWxpZ246Y2VudGVyOwpiYWNrZ3JvdW5kLWNvbG9yOiNGRkZGRkY7CmJhY2tncm91bmQtaW1hZ2U6dXJsKGh0dHBzOi8vaW1hZ2UucmFrdXRlbi5jby5qcC9nZWtpLWNhci9jYWJpbmV0L2ltZzYwOTg4NTU5LmpwZyk7CiBiYWNrZ3JvdW5kLXJlcGVhdDpyZXBlYXQteTsKIGJhY2tncm91bmQtcG9zaXRpb246cmlnaHQgdG9wOwp9Ci0tPjxzPjwvcz4KLS0+Ci0tPgo8L3N0eWxlPgo8dGFibGUgYm9yZGVyPSIwIj4KICA8dGJvZHk+CiAgICA8dHIgdmFsaWduPSJib3R0b20iIEhlaWdodD0iNDUiPgog44CA44CA44CAPHRkPgo8aW1nIHNyYz0iaHR0cHM6Ly9pbWFnZS5yYWt1dGVuLmNvLmpwL2dla2ktY2FyL2NhYmluZXQvaW1ncmMwMDc5NjI3OTQ4LmdpZiIgYWx0PSLjgYLjgZnmpb0iIGhlaWdodD0iNjAiIHdpZHRoPSI3NDkiIGJvcmRlcj0iMCI+PGJyPgogICAgICA8aW1nIHNyYz0iaHR0cHM6Ly9pbWFnZS5yYWt1dGVuLmNvLmpwL2dla2ktY2FyL2NhYmluZXQvcjIwMTYwODA0LmdpZiIgYWx0PSLjgqjjg7Pjg4jjg6rjg7zkuI3opoEiIGhlaWdodD0iNjAiIHdpZHRoPSI3NDkiIGJvcmRlcj0iMCI+PGJyPgogICAgICA8aW1nIHNyYz0iaHR0cHM6Ly9pbWFnZS5yYWt1dGVuLmNvLmpwL2dla2ktY2FyL2NhYmluZXQvcnJha3V0ZW53ZWIuZ2lmIiBhbHQ9IualveWkqVdFQuWIneOCgeOBpiIgaGVpZ2h0PSI2MCIgd2lkdGg9Ijc0OSIgYm9yZGVyPSIwIj48YnI+CiAgICAgIDxpbWcgc3JjPSJodHRwczovL2ltYWdlLnJha3V0ZW4uY28uanAvZ2VraS1jYXIvY2FiaW5ldC9ycmFrdXRlbndlYjEuZ2lmIiBhbHQ9IualveWkqVdFQumAmuW4uCIgaGVpZ2h0PSI2MCIgd2lkdGg9Ijc0OSIgYm9yZGVyPSIwIj48YnI+CiAgICAgIDxpbWcgc3JjPSJodHRwczovL2ltYWdlLnJha3V0ZW4uY28uanAvZ2VraS1jYXIvY2FiaW5ldC9pbWdyYzAwNzI5Mzc3NTUuZ2lmIiBhbHQ9IueEoeaWmeS9k+mokyIgaGVpZ2h0PSI2MCIgd2lkdGg9Ijc0OSIgYm9yZGVyPSIwIj48YnI+CiAgICAgIDxpbWcgc3JjPSJodHRwczovL2ltYWdlLnJha3V0ZW4uY28uanAvZ2VraS1jYXIvY2FiaW5ldC9pbWdyYzAwNzcyOTQzNDQuZ2lmIiBhbHQ9IuWIneOCgeOBpjEwMDAiIGhlaWdodD0iNjAiIHdpZHRoPSI3NDkiIGJvcmRlcj0iMCI+PGJyPgogICAgICA8aW1nIHNyYz0iaHR0cHM6Ly9pbWFnZS5yYWt1dGVuLmNvLmpwL2dla2ktY2FyL2NhYmluZXQvaW1ncmMwMDcyODg4OTQ1LmdpZiIgYWx0PSLjgqTjg7zjgrDjg6vjgrkiIGhlaWdodD0iNjAiIHdpZHRoPSI3NDkiIGJvcmRlcj0iMCI+PGJyPgogICAgICA8aW1nIHNyYz0iaHR0cHM6Ly9pbWFnZS5yYWt1dGVuLmNvLmpwL2dla2ktY2FyL2NhYmluZXQvaW1ncmMwMDcwMzQyNjA4LmdpZiIgYWx0PSJ0b29sMTAiIGhlaWdodD0iNjAiIHdpZHRoPSI3NDkiIGJvcmRlcj0iMCI+PGJyPgogICAgICA8aW1nIHNyYz0iaHR0cHM6Ly9pbWFnZS5yYWt1dGVuLmNvLmpwL2dla2ktY2FyL2NhYmluZXQvaW1ncmMwMDY1NTcwOTkyLmdpZiIgYWx0PSJFZHkiIGhlaWdodD0iNjAiIHdpZHRoPSI3NDkiIGJvcmRlcj0iMCI+PGJyPgogICAgICA8aW1nIHNyYz0iaHR0cHM6Ly9pbWFnZS5yYWt1dGVuLmNvLmpwL2dla2ktY2FyL2NhYmluZXQvNDIvaW1ncmMwMDY1OTYxMTU1LmdpZiIgYWx0PSJhdmVzdCIgd2lkdGg9Ijc0OSIgYm9yZGVyPSIwIj48QlI+CiAgICAgIDxpbWcgc3JjPSJodHRwczovL2ltYWdlLnJha3V0ZW4uY28uanAvZ2VraS1jYXIvY2FiaW5ldC8zMS9jYW9zLWV5ZTIuZ2lmIiBhbHQ9ImNhb3MiIHdpZHRoPSI3NDkiIGJvcmRlcj0iMCI+PEJSPgogICAgICA8aW1nIHNyYz0iaHR0cHM6Ly9pbWFnZS5yYWt1dGVuLmNvLmpwL2dla2ktY2FyL2NhYmluZXQvMzEvdHVmLWV5ZTEuZ2lmIiBhbHQ9InR1ZmxvbmciIHdpZHRoPSI3NDkiIGJvcmRlcj0iMCI+PEJSPgogICAgICA8aW1nIHNyYz0iaHR0cHM6Ly9pbWFnZS5yYWt1dGVuLmNvLmpwL2dla2ktY2FyL2NhYmluZXQvMzEvdmFydGEtZXllMi5naWYiIGFsdD0idmFydGEiIHdpZHRoPSI3NDkiIGJvcmRlcj0iMCI+PEJSPgogICAgICA8L3RkPgogICAgCiAgPC90Ym9keT4KPC90YWJsZT4=,V1NMLTUy44CA44Km44Kp44O844Kv44K544Or44O844Oc44OD44Kv44K5TEVE5LuYIOODrOODn+ODg+OCr+OCue+8mua/gOWuieOCq+ODvOeUqOWTgeOAgFdlYuOBhOOBoeW6lw==,5r+A5a6J44Kr44O855So5ZOB44OK44OT44Os44O844OA44O844K544K/44O844K/44O844Kq44O844OH44Kj44Kq54eD6LK75ZCR5LiK44Od44O844K/44OW44Or77yt77yk77yj77yk44K/44Kk44Ok44OI44O844Oo44O844OA44Oz44Ot44OD44OX44Oo44Kz44OP44Oe5L2O5Y+N55m644Kr44O844Ot44Kx44K344Ol44Ki44Op44K544K/44O844Kq44Kk44Or77yn77yw77yz44Kr44O844Oi44OLV1NMLTUy44CA44Km44Kp44O844Kv44K544Or44O844Oc44OD44Kv44K5TEVE5LuYIOODrOODn+ODg+OCr+OCuQ==,44OW44Or44O8TEVE5pCt6LyJ77yB6LuK5YaF44KS54WM44Gz44KE44GL44Gr5ryU5Ye677yB44CCV1NMLTUy44CA44Km44Kp44O844Kv44K544Or44O844Oc44OD44Kv44K5TEVE5LuYIOODrOODn+ODg+OCr+OCuQ==[rn]
12-37226,aHR0cDovL3RzaG9wLnIxMHMuanAvZ2VraS1jYXIvY2FiaW5ldC8yMC8yMDkwMzg2XzEuZ2lmP2ZpdGluPTcwMDo3MDA=,NTE4MS42MDAw,,6LuK55So5ZOB44O744OQ44Kk44Kv55So5ZOBID4g44Kr44O855So5ZOBID4g5YaF6KOF44OR44O844OEID4g44Kz44Oz44K944O844Or44Oc44OD44Kv44K5,44K344O844Ko44O855Sj5ZWGIOOCvOODreODrOODnDIwMOezu+ODj+OCpOOCqOODvOOCue+8huODrOOCuOOCouOCueOCqOODvOOCueODquOCouOCq+OCpuODs+OCv+ODvOOAgOODluODqeODg+OCryBSVi00,,PFRBQkxFPgogIDx0cj4KICAgIDxURCB3aWR0aD0iNTg0IiBoZWlnaHQ9IjI0NCI+CiAgICA8VEFCTEUgYm9yZGVyPSIwIiBjZWxsc3BhY2luZz0iMiIgY2VsbHBhZGRpbmc9IjUiIHdpZHRoPSI1ODIiIGhlaWdodD0iMjM3Ij4KICAgICAgPHRyPgogICAgICAgIDxURCBiZ2NvbG9yPSIjOTljY2ZmIiB2YWxpZ249InRvcCIgaGVpZ2h0PSIyNiIgd2lkdGg9IjEyOSI+PEZPTlQgc2l6ZT0iMiI+44CQ5p2Q6LOq44CRPC9GT05UPjwvVEQ+CiAgICAgICAgPFREIGJnY29sb3I9IiM5OWNjZmYiIGNvbHNwYW49IjMiIGhlaWdodD0iMjYiIHdpZHRoPSI0NzAiPjxGT05UIHNpemU9IjIiPuODleOCp+OCpOOCr+ODrOOCtuODvO+8iFBWQ++8iTwvRk9OVD48L1REPgogICAgICA8L3RyPjx0cj4KICAgICAgICA8VEQgYmdjb2xvcj0iIzk5Y2NmZiIgdmFsaWduPSJ0b3AiIGhlaWdodD0iMTciIHdpZHRoPSIxMjkiPjxGT05UIHNpemU9IjIiPuOAkOOCq+ODqeODvOOAkSZuYnNwOzwvRk9OVD48L1REPgogICAgICAgIDxURCBiZ2NvbG9yPSIjOTljY2ZmIiBjb2xzcGFuPSIzIiBoZWlnaHQ9IjE3IiB3aWR0aD0iNDcwIj48Rk9OVCBzaXplPSIyIj7jg5bjg6njg4Pjgq88L0ZPTlQ+PC9URD4KICAgICAgPC90cj48dHI+CiAgICAgICAgPFREIGJnY29sb3I9IiM5OWNjZmYiIHZhbGlnbj0idG9wIiByb3dzcGFuPSI2IiB3aWR0aD0iMTI5Ij48Rk9OVCBzaXplPSIyIj7jgJDmqZ/og73lj47ntI3jgJEmbmJzcDsmbmJzcDsmbmJzcDsmbmJzcDsmbmJzcDsmbmJzcDs8L0ZPTlQ+PC9URD4KICAgICAgICA8VEQgYmdjb2xvcj0iIzk5Y2NmZiIgY29sc3Bhbj0iMyIgd2lkdGg9IjQ3MCI+PEZPTlQgc2l6ZT0iMiI+44O744OJ44Oq44Oz44Kv44Ob44Or44OA44O844Gu44Kv44Oc44Of44Gr5ZCI44KP44Gb44Gm6KO95L2c44GX44Gm44GC44KK44G+44GZ44CCPC9GT05UPjwvVEQ+CiAgICAgIDwvdHI+PHRyPgogICAgICAgIDxURCBiZ2NvbG9yPSIjOTljY2ZmIiBjb2xzcGFuPSIzIiB3aWR0aD0iNDcwIj48Rk9OVCBzaXplPSIyIj7jg7vjg5vjg6vjg4Djg7zjga7kvY3nva7jgYzlvozpg6jluK3jgavov5HjgY/jgarjgorjgb7jgZnjga7jgafkvr/liKnjgarjgqLjgqTjg4bjg6DjgII8L0ZPTlQ+PC9URD4KICAgICAgPC90cj48dHI+CiAgICAgICAgPFREIGJnY29sb3I9IiM5OWNjZmYiIGNvbHNwYW49IjMiIHdpZHRoPSI0NzAiPjxGT05UIHNpemU9IjIiPuODu+edgOiEseWPr+iDveOBquODhuODvOODluODq+S7mDwvRk9OVD48L1REPgogICAgICA8L3RyPjx0cj4KICAgICAgICA8VEQgYmdjb2xvcj0iIzk5Y2NmZiIgY29sc3Bhbj0iMyIgd2lkdGg9IjQ3MCI+PEZPTlQgc2l6ZT0iMiI+44O744OG44O844OW44Or44KS44Gv44Ga44GX44Gm44GE44KL5pmC44Gv44CB5Y+W5LuY55So44Gu5rqd44Gr44K044Of6KKL44GM44GL44GR44KJ44KM44G+44GZPC9GT05UPjwvVEQ+CiAgICAgIDwvdHI+PHRyPgogICAgICAgIDxURCBiZ2NvbG9yPSIjOTljY2ZmIiBjb2xzcGFuPSIzIiB3aWR0aD0iNDcwIj48Rk9OVCBzaXplPSIyIj7jg7vku5jlsZ7jg4bjg7zjg5bjg6vjga/mkLrluK/jgoTjgrXjg7PjgrDjg6njgrnjgarjganjgYzkuZfjgovjgY/jgonjgYTjga7jgrXjgqTjgrrjgafjgZk8L0ZPTlQ+PC9URD4KICAgICAgPC90cj48dHI+CiAgICAgICAgPFREIGJnY29sb3I9IiM5OWNjZmYiIGNvbHNwYW49IjMiIHdpZHRoPSI0NzAiIGhlaWdodD0iMTYiPjxGT05UIHNpemU9IjIiPuODuyZuYnNwO+ODhuODvOODluODq+WkluWvuCDmqKoyMjVtbSDjg7vlhoXlr7gg57imIDE1MG1tPC9GT05UPjwvVEQ+CiAgICAgIDwvdHI+PC9UQUJMRT4KICAgIDwvVEQ+CiAgICA8L1RBQkw+CiAgCjwvVEFCTEU+PFA+PEZPTlQgc2l6ZT0iMyI+4piF6Kmz44GX44GP44Gv77yc44GT44Gh44KJ77ye44Gu44Oh44O844Kr44O844K144Kk44OI44Gr44Gm44GU56K66KqN44GP44Gg44GV44GE44CCPGJyPgo8L0ZPTlQ+PC9QPjxUQUJMRT4KICA8dHI+CiAgCjwvVEFCTEU+PHRpdGxlPjwvdGl0bGU+CjxzdHlsZSB0eXBlPSJ0ZXh0L2NzcyI+CjwhLS0KCkJPRFl7Cgl0ZXh0LWFsaWduOmNlbnRlcjsKYmFja2dyb3VuZC1jb2xvcjojRkZGRkZGOwpiYWNrZ3JvdW5kLWltYWdlOnVybChodHRwczovL2ltYWdlLnJha3V0ZW4uY28uanAvZ2VraS1jYXIvY2FiaW5ldC9pbWc2MDk4ODU1OS5qcGcpOwogYmFja2dyb3VuZC1yZXBlYXQ6cmVwZWF0LXk7CiBiYWNrZ3JvdW5kLXBvc2l0aW9uOnJpZ2h0IHRvcDsKfQotLT48cz48L3M+Ci0tPgotLT4KPC9zdHlsZT4KPHRhYmxlIGJvcmRlcj0iMCI+CiAgPHRib2R5PgogICAgPHRyIHZhbGlnbj0iYm90dG9tIiBIZWlnaHQ9IjQ1Ij4KIOOAgOOAgOOAgDx0ZD4KPGltZyBzcmM9Imh0dHBzOi8vaW1hZ2UucmFrdXRlbi5jby5qcC9nZWtpLWNhci9jYWJpbmV0L2ltZ3JjMDA3OTYyNzk0OC5naWYiIGFsdD0i44GC44GZ5qW9IiBoZWlnaHQ9IjYwIiB3aWR0aD0iNzQ5IiBib3JkZXI9IjAiPjxicj4KICAgICAgPGltZyBzcmM9Imh0dHBzOi8vaW1hZ2UucmFrdXRlbi5jby5qcC9nZWtpLWNhci9jYWJpbmV0L3IyMDE2MDgwNC5naWYiIGFsdD0i44Ko44Oz44OI44Oq44O85LiN6KaBIiBoZWlnaHQ9IjYwIiB3aWR0aD0iNzQ5IiBib3JkZXI9IjAiPjxicj4KICAgICAgPGltZyBzcmM9Imh0dHBzOi8vaW1hZ2UucmFrdXRlbi5jby5qcC9nZWtpLWNhci9jYWJpbmV0L3JyYWt1dGVud2ViLmdpZiIgYWx0PSLmpb3lpKlXRULliJ3jgoHjgaYiIGhlaWdodD0iNjAiIHdpZHRoPSI3NDkiIGJvcmRlcj0iMCI+PGJyPgogICAgICA8aW1nIHNyYz0iaHR0cHM6Ly9pbWFnZS5yYWt1dGVuLmNvLmpwL2dla2ktY2FyL2NhYmluZXQvcnJha3V0ZW53ZWIxLmdpZiIgYWx0PSLmpb3lpKlXRULpgJrluLgiIGhlaWdodD0iNjAiIHdpZHRoPSI3NDkiIGJvcmRlcj0iMCI+PGJyPgogICAgICA8aW1nIHNyYz0iaHR0cHM6Ly9pbWFnZS5yYWt1dGVuLmNvLmpwL2dla2ktY2FyL2NhYmluZXQvaW1ncmMwMDcyOTM3NzU1LmdpZiIgYWx0PSLnhKHmlpnkvZPpqJMiIGhlaWdodD0iNjAiIHdpZHRoPSI3NDkiIGJvcmRlcj0iMCI+PGJyPgogICAgICA8aW1nIHNyYz0iaHR0cHM6Ly9pbWFnZS5yYWt1dGVuLmNvLmpwL2dla2ktY2FyL2NhYmluZXQvaW1ncmMwMDc3Mjk0MzQ0LmdpZiIgYWx0PSLliJ3jgoHjgaYxMDAwIiBoZWlnaHQ9IjYwIiB3aWR0aD0iNzQ5IiBib3JkZXI9IjAiPjxicj4KICAgICAgPGltZyBzcmM9Imh0dHBzOi8vaW1hZ2UucmFrdXRlbi5jby5qcC9nZWtpLWNhci9jYWJpbmV0L2ltZ3JjMDA3Mjg4ODk0NS5naWYiIGFsdD0i44Kk44O844Kw44Or44K5IiBoZWlnaHQ9IjYwIiB3aWR0aD0iNzQ5IiBib3JkZXI9IjAiPjxicj4KICAgICAgPGltZyBzcmM9Imh0dHBzOi8vaW1hZ2UucmFrdXRlbi5jby5qcC9nZWtpLWNhci9jYWJpbmV0L2ltZ3JjMDA3MDM0MjYwOC5naWYiIGFsdD0idG9vbDEwIiBoZWlnaHQ9IjYwIiB3aWR0aD0iNzQ5IiBib3JkZXI9IjAiPjxicj4KICAgICAgPGltZyBzcmM9Imh0dHBzOi8vaW1hZ2UucmFrdXRlbi5jby5qcC9nZWtpLWNhci9jYWJpbmV0L2ltZ3JjMDA2NTU3MDk5Mi5naWYiIGFsdD0iRWR5IiBoZWlnaHQ9IjYwIiB3aWR0aD0iNzQ5IiBib3JkZXI9IjAiPjxicj4KICAgICAgPGltZyBzcmM9Imh0dHBzOi8vaW1hZ2UucmFrdXRlbi5jby5qcC9nZWtpLWNhci9jYWJpbmV0LzQyL2ltZ3JjMDA2NTk2MTE1NS5naWYiIGFsdD0iYXZlc3QiIHdpZHRoPSI3NDkiIGJvcmRlcj0iMCI+PEJSPgogICAgICA8aW1nIHNyYz0iaHR0cHM6Ly9pbWFnZS5yYWt1dGVuLmNvLmpwL2dla2ktY2FyL2NhYmluZXQvMzEvY2Fvcy1leWUyLmdpZiIgYWx0PSJjYW9zIiB3aWR0aD0iNzQ5IiBib3JkZXI9IjAiPjxCUj4KICAgICAgPGltZyBzcmM9Imh0dHBzOi8vaW1hZ2UucmFrdXRlbi5jby5qcC9nZWtpLWNhci9jYWJpbmV0LzMxL3R1Zi1leWUxLmdpZiIgYWx0PSJ0dWZsb25nIiB3aWR0aD0iNzQ5IiBib3JkZXI9IjAiPjxCUj4KICAgICAgPGltZyBzcmM9Imh0dHBzOi8vaW1hZ2UucmFrdXRlbi5jby5qcC9nZWtpLWNhci9jYWJpbmV0LzMxL3ZhcnRhLWV5ZTIuZ2lmIiBhbHQ9InZhcnRhIiB3aWR0aD0iNzQ5IiBib3JkZXI9IjAiPjxCUj4KICAgICAgPC90ZD4KICAgIAogIDwvdGJvZHk+CjwvdGFibGU+,44K344O844Ko44O855Sj5ZWGIOOCvOODreODrOODnDIwMOezu+ODj+OCpOOCqOODvOOCue+8huODrOOCuOOCouOCueOCqOODvOOCueODquOCouOCq+OCpuODs+OCv+ODvOOAgOODluODqeODg+OCryBSVi0077ya5r+A5a6J44Kr44O855So5ZOB44CAV2Vi44GE44Gh5bqX,5r+A5a6J44Kr44O855So5ZOB44OK44OT44Os44O844OA44O844K544K/44O844K/44O844Kq44O844OH44Kj44Kq54eD6LK75ZCR5LiK44Od44O844K/44OW44Or77yt77yk77yj77yk44K/44Kk44Ok44OI44O844Oo44O844OA44Oz44Ot44OD44OX44Oo44Kz44OP44Oe5L2O5Y+N55m644Kr44O844Ot44Kx44K344Ol44Ki44Op44K544K/44O844Kq44Kk44Or77yn77yw77yz44Kr44O844Oi44OL44K344O844Ko44O855Sj5ZWGIOOCvOODreODrOODnDIwMOezu+ODj+OCpOOCqOODvOOCue+8huODrOOCuOOCouOCueOCqOODvOOCueODquOCouOCq+OCpuODs+OCv+ODvOOAgOODluODqeODg+OCryBSVi00,44CA44CC44K344O844Ko44O855Sj5ZWGIOOCvOODreODrOODnDIwMOezu+ODj+OCpOOCqOODvOOCue+8huODrOOCuOOCouOCueOCqOODvOOCueODquOCouOCq+OCpuODs+OCv+ODvOOAgOODluODqeODg+OCryBSVi00[rn]
12-37227,aHR0cDovL3RzaG9wLnIxMHMuanAvZ2VraS1jYXIvY2FiaW5ldC8yMC8yMDkwNDAwXzEuZ2lmP2ZpdGluPTcwMDo3MDA=,ODY4Ni40MDAw,,6LuK55So5ZOB44O744OQ44Kk44Kv55So5ZOBID4g44Kr44O855So5ZOBID4g5YaF6KOF44OR44O844OEID4g44Kz44Oz44K944O844Or44Oc44OD44Kv44K5,44K344O844Ko44O855Sj5ZWGIOOCueODhuODg+ODl+ODr+OCtOODs+WwgueUqOODmeODs+ODgeOCs+ODs+OCveODvOODqyBBLTI4NA==,,PFRBQkxFPjx0cj4KICAgIDxURCB3aWR0aD0iNjM1IiBoZWlnaHQ9IjE3MyI+44CAPEJSPgogICAgPEJSPgogICAgPFRBQkxFIGJvcmRlcj0iMCIgY2VsbHNwYWNpbmc9IjIiIGNlbGxwYWRkaW5nPSI1IiB3aWR0aD0iNTc1IiBoZWlnaHQ9Ijk5Ij4KICAgICAgPHRyPgogICAgICAgIDxURCBiZ2NvbG9yPSIjOTljY2ZmIiB2YWxpZ249InRvcCIgd2lkdGg9IjExNSIgcm93c3Bhbj0iMyI+PEZPTlQgc2l6ZT0iMyI+44CQ54m56ZW344CRJm5ic3A7PC9GT05UPiZuYnNwOzwvVEQ+CiAgICAgICAgPFREIGJnY29sb3I9IiM5OWNjZmYiIGNvbHNwYW49IjMiIHdpZHRoPSI0MzgiIGhlaWdodD0iMjMiPjxGT05UIHNpemU9IjMiPuKYhTwvRk9OVD48Rk9OVCBjb2xvcj0iIzQ0NDQ0NCIgc2l6ZT0iMyI+PEZPTlQgY29sb3I9IiMwMDAwMDAiPuWkp+WuuemHj+WPjue0jeODnOODg+OCr+OCuTwvRk9OVD48L0ZPTlQ+PC9URD4KICAgICAgPC90cj48dHI+CiAgICAgICAgPFREIGJnY29sb3I9IiM5OWNjZmYiIGNvbHNwYW49IjMiIHdpZHRoPSI0MzgiPjxGT05UIHNpemU9IjMiPuKYheODieODquODs+OCr+ODm+ODq+ODgOODvOOAgeWwj+eJqeWFpeOCjOS7mOOBjTwvRk9OVD48L1REPgogICAgICA8L3RyPjx0cj4KICAgICAgICA8VEQgYmdjb2xvcj0iIzk5Y2NmZiIgY29sc3Bhbj0iMyI+PEZPTlQgc2l6ZT0iMyI+4piF44K544OG44OD44OX44Ov44K044Oz5bCC55So44Gr6Kit6KiI44GV44KM44Gf44OZ44Oz44OB44Kz44Oz44K944O844Or44Oc44OD44Kv44K544Gn44GZ44CCPEJSPgogICAgICAgIDwvRk9OVD48L1REPgogICAgICA8L3RyPjx0cj4KICAgICAgICA8VEQgYmdjb2xvcj0iIzk5Y2NmZiIgdmFsaWduPSJ0b3AiIHdpZHRoPSIxMTUiPjxGT05UIHNpemU9IjMiPuOAkOmBqeWQiOi7iueoruOAkSZuYnNwOzwvRk9OVD48L1REPgogICAgICAgIDxURCBiZ2NvbG9yPSIjOTljY2ZmIiBjb2xzcGFuPSIzIiB3aWR0aD0iNDM4Ij48Rk9OVCBzaXplPSIzIj7imIXjgrnjg4bjg4Pjg5fjg6/jgrTjg7M8L0ZPTlQ+PC9URD4KICAgICAgPC90cj48dHI+CiAgICAgICAgPFREIGJnY29sb3I9IiM5OWNjZmYiIHZhbGlnbj0idG9wIj48Rk9OVCBzaXplPSIzIj7jgJDjgqvjg6njg7zjgJEmbmJzcDs8L0ZPTlQ+PC9URD4KICAgICAgICA8VEQgYmdjb2xvcj0iIzk5Y2NmZiIgY29sc3Bhbj0iMyI+PEZPTlQgc2l6ZT0iMyI+4piFPC9GT05UPiZuYnNwO+ODluODqeODg+OCrzwvVEQ+CiAgICAgIDwvdHI+PHRyPgogICAgICAgIDxURCBiZ2NvbG9yPSIjOTljY2ZmIiB2YWxpZ249InRvcCI+PEZPTlQgc2l6ZT0iMyI+44CQ5p2Q6LOq44CRJm5ic3A7PC9GT05UPjwvVEQ+CiAgICAgICAgPFREIGJnY29sb3I9IiM5OWNjZmYiIGNvbHNwYW49IjMiPjxGT05UIHNpemU9IjMiPuKYhTwvRk9OVD4mbmJzcDvjg5XjgqfjgqTjgq/jg6zjgrbjg7zvvIhQVkPvvIk8L1REPgogICAgICA8L3RyPjwvVEFCTEU+CiAgICA8YnI+CiAgICA8VEFCTEUgYm9yZGVyPSIxIiB3aWR0aD0iNDg5IiBoZWlnaHQ9IjU0IiBiZ2NvbG9yPSIjMDA2NmZmIj4KICAgICAgPFRCT0RZPgogICAgICAgIDxUUj4KICAgICAgICAgIDxURCB3aWR0aD0iMTE0IiBiZ2NvbG9yPSIjZmZmZmZmIiBoZWlnaHQ9IjIxIj48Rk9OVCBzaXplPSIzIj4mbmJzcDvoo73lk4HjgrXjgqTjgro8L0ZPTlQ+PC9URD4KICAgICAgICAgIDxURCBjb2xzcGFuPSIzIiBiZ2NvbG9yPSIjZmZmZmZmIiB3aWR0aD0iMzU3IiBoZWlnaHQ9IjIxIj48Rk9OVCBjb2xvcj0iIzQ0NDQ0NCIgc2l6ZT0iMyI+VzE5MMOXRDU5MMOXSDM4MG1tPEJSPgogICAgICAgICAgPC9GT05UPjwvVEQ+CiAgICAgICAgPC9UUj4KICAgICAgPC9UQk9EWT4KICAgIDwvVEFCTEU+CiAgICA8L1REPgogIDwvVEFCTEU+PHRpdGxlPjwvdGl0bGU+CjxzdHlsZSB0eXBlPSJ0ZXh0L2NzcyI+CjwhLS0KCkJPRFl7Cgl0ZXh0LWFsaWduOmNlbnRlcjsKYmFja2dyb3VuZC1jb2xvcjojRkZGRkZGOwpiYWNrZ3JvdW5kLWltYWdlOnVybChodHRwczovL2ltYWdlLnJha3V0ZW4uY28uanAvZ2VraS1jYXIvY2FiaW5ldC9pbWc2MDk4ODU1OS5qcGcpOwogYmFja2dyb3VuZC1yZXBlYXQ6cmVwZWF0LXk7CiBiYWNrZ3JvdW5kLXBvc2l0aW9uOnJpZ2h0IHRvcDsKfQotLT48cz48L3M+Ci0tPgotLT4KPC9zdHlsZT4KPHRhYmxlIGJvcmRlcj0iMCI+CiAgPHRib2R5PgogICAgPHRyIHZhbGlnbj0iYm90dG9tIiBIZWlnaHQ9IjQ1Ij4KIOOAgOOAgOOAgDx0ZD4KPGltZyBzcmM9Imh0dHBzOi8vaW1hZ2UucmFrdXRlbi5jby5qcC9nZWtpLWNhci9jYWJpbmV0L2ltZ3JjMDA3OTYyNzk0OC5naWYiIGFsdD0i44GC44GZ5qW9IiBoZWlnaHQ9IjYwIiB3aWR0aD0iNzQ5IiBib3JkZXI9IjAiPjxicj4KICAgICAgPGltZyBzcmM9Imh0dHBzOi8vaW1hZ2UucmFrdXRlbi5jby5qcC9nZWtpLWNhci9jYWJpbmV0L3IyMDE2MDgwNC5naWYiIGFsdD0i44Ko44Oz44OI44Oq44O85LiN6KaBIiBoZWlnaHQ9IjYwIiB3aWR0aD0iNzQ5IiBib3JkZXI9IjAiPjxicj4KICAgICAgPGltZyBzcmM9Imh0dHBzOi8vaW1hZ2UucmFrdXRlbi5jby5qcC9nZWtpLWNhci9jYWJpbmV0L3JyYWt1dGVud2ViLmdpZiIgYWx0PSLmpb3lpKlXRULliJ3jgoHjgaYiIGhlaWdodD0iNjAiIHdpZHRoPSI3NDkiIGJvcmRlcj0iMCI+PGJyPgogICAgICA8aW1nIHNyYz0iaHR0cHM6Ly9pbWFnZS5yYWt1dGVuLmNvLmpwL2dla2ktY2FyL2NhYmluZXQvcnJha3V0ZW53ZWIxLmdpZiIgYWx0PSLmpb3lpKlXRULpgJrluLgiIGhlaWdodD0iNjAiIHdpZHRoPSI3NDkiIGJvcmRlcj0iMCI+PGJyPgogICAgICA8aW1nIHNyYz0iaHR0cHM6Ly9pbWFnZS5yYWt1dGVuLmNvLmpwL2dla2ktY2FyL2NhYmluZXQvaW1ncmMwMDcyOTM3NzU1LmdpZiIgYWx0PSLnhKHmlpnkvZPpqJMiIGhlaWdodD0iNjAiIHdpZHRoPSI3NDkiIGJvcmRlcj0iMCI+PGJyPgogICAgICA8aW1nIHNyYz0iaHR0cHM6Ly9pbWFnZS5yYWt1dGVuLmNvLmpwL2dla2ktY2FyL2NhYmluZXQvaW1ncmMwMDc3Mjk0MzQ0LmdpZiIgYWx0PSLliJ3jgoHjgaYxMDAwIiBoZWlnaHQ9IjYwIiB3aWR0aD0iNzQ5IiBib3JkZXI9IjAiPjxicj4KICAgICAgPGltZyBzcmM9Imh0dHBzOi8vaW1hZ2UucmFrdXRlbi5jby5qcC9nZWtpLWNhci9jYWJpbmV0L2ltZ3JjMDA3Mjg4ODk0NS5naWYiIGFsdD0i44Kk44O844Kw44Or44K5IiBoZWlnaHQ9IjYwIiB3aWR0aD0iNzQ5IiBib3JkZXI9IjAiPjxicj4KICAgICAgPGltZyBzcmM9Imh0dHBzOi8vaW1hZ2UucmFrdXRlbi5jby5qcC9nZWtpLWNhci9jYWJpbmV0L2ltZ3JjMDA3MDM0MjYwOC5naWYiIGFsdD0idG9vbDEwIiBoZWlnaHQ9IjYwIiB3aWR0aD0iNzQ5IiBib3JkZXI9IjAiPjxicj4KICAgICAgPGltZyBzcmM9Imh0dHBzOi8vaW1hZ2UucmFrdXRlbi5jby5qcC9nZWtpLWNhci9jYWJpbmV0L2ltZ3JjMDA2NTU3MDk5Mi5naWYiIGFsdD0iRWR5IiBoZWlnaHQ9IjYwIiB3aWR0aD0iNzQ5IiBib3JkZXI9IjAiPjxicj4KICAgICAgPGltZyBzcmM9Imh0dHBzOi8vaW1hZ2UucmFrdXRlbi5jby5qcC9nZWtpLWNhci9jYWJpbmV0LzQyL2ltZ3JjMDA2NTk2MTE1NS5naWYiIGFsdD0iYXZlc3QiIHdpZHRoPSI3NDkiIGJvcmRlcj0iMCI+PEJSPgogICAgICA8aW1nIHNyYz0iaHR0cHM6Ly9pbWFnZS5yYWt1dGVuLmNvLmpwL2dla2ktY2FyL2NhYmluZXQvMzEvY2Fvcy1leWUyLmdpZiIgYWx0PSJjYW9zIiB3aWR0aD0iNzQ5IiBib3JkZXI9IjAiPjxCUj4KICAgICAgPGltZyBzcmM9Imh0dHBzOi8vaW1hZ2UucmFrdXRlbi5jby5qcC9nZWtpLWNhci9jYWJpbmV0LzMxL3R1Zi1leWUxLmdpZiIgYWx0PSJ0dWZsb25nIiB3aWR0aD0iNzQ5IiBib3JkZXI9IjAiPjxCUj4KICAgICAgPGltZyBzcmM9Imh0dHBzOi8vaW1hZ2UucmFrdXRlbi5jby5qcC9nZWtpLWNhci9jYWJpbmV0LzMxL3ZhcnRhLWV5ZTIuZ2lmIiBhbHQ9InZhcnRhIiB3aWR0aD0iNzQ5IiBib3JkZXI9IjAiPjxCUj4KICAgICAgPC90ZD4KICAgIAogIDwvdGJvZHk+CjwvdGFibGU+,44K344O844Ko44O855Sj5ZWGIOOCueODhuODg+ODl+ODr+OCtOODs+WwgueUqOODmeODs+ODgeOCs+ODs+OCveODvOODqyBBLTI4NO+8mua/gOWuieOCq+ODvOeUqOWTgeOAgFdlYuOBhOOBoeW6lw==,5r+A5a6J44Kr44O855So5ZOB44OK44OT44Os44O844OA44O844K544K/44O844K/44O844Kq44O844OH44Kj44Kq54eD6LK75ZCR5LiK44Od44O844K/44OW44Or77yt77yk77yj77yk44K/44Kk44Ok44OI44O844Oo44O844OA44Oz44Ot44OD44OX44Oo44Kz44OP44Oe5L2O5Y+N55m644Kr44O844Ot44Kx44K344Ol44Ki44Op44K544K/44O844Kq44Kk44Or77yn77yw77yz44Kr44O844Oi44OL44K344O844Ko44O855Sj5ZWGIOOCueODhuODg+ODl+ODr+OCtOODs+WwgueUqOODmeODs+ODgeOCs+ODs+OCveODvOODqyBBLTI4NA==,44CA44CC44K344O844Ko44O855Sj5ZWGIOOCueODhuODg+ODl+ODr+OCtOODs+WwgueUqOODmeODs+ODgeOCs+ODs+OCveODvOODqyBBLTI4NA==[rn]
12-37228,aHR0cDovL3RzaG9wLnIxMHMuanAvZ2VraS1jYXIvY2FiaW5ldC8yMC8yMDkwMzk4XzEuZ2lmP2ZpdGluPTcwMDo3MDA=,NzA3MS4yMDAw,,6LuK55So5ZOB44O744OQ44Kk44Kv55So5ZOBID4g44Kr44O855So5ZOBID4g5YaF6KOF44OR44O844OEID4g44Kz44Oz44K944O844Or44Oc44OD44Kv44K5,44K344O844Ko44O855Sj5ZWGIOODgOODg+OCr+ODk+ODq+OCs+ODs+OCveODvOODqyBBLTI4MA==,,PFRBQkxFPjx0cj4KICAgIDxURCB3aWR0aD0iNjM1IiBoZWlnaHQ9IjE3MyI+44CAPEJSPgogICAgPEJSPgogICAgPFRBQkxFIGJvcmRlcj0iMCIgY2VsbHNwYWNpbmc9IjIiIGNlbGxwYWRkaW5nPSI1IiB3aWR0aD0iNTc1IiBoZWlnaHQ9IjEzMyI+CiAgICAgIDx0cj4KICAgICAgICA8VEQgYmdjb2xvcj0iIzk5Y2NmZiIgdmFsaWduPSJ0b3AiIGhlaWdodD0iMjYiIHdpZHRoPSIxMTUiPjxGT05UIHNpemU9IjIiPuOAkOeJuemVt+OAkTwvRk9OVD48L1REPgogICAgICAgIDxURCBiZ2NvbG9yPSIjOTljY2ZmIiBjb2xzcGFuPSIzIiBoZWlnaHQ9IjI2IiB3aWR0aD0iNDM0Ij48Rk9OVCBzaXplPSIyIj7imIU8L0ZPTlQ+PEZPTlQgY29sb3I9IiM0NDQ0NDQiIHNpemU9IjIiPjxGT05UIGNvbG9yPSIjMDAwMDAwIj7lpKflrrnph4/lj47ntI3jg5zjg4Pjgq/jgrk8L0ZPTlQ+PC9GT05UPjwvVEQ+CiAgICAgIDwvdHI+PHRyPgogICAgICAgIDxURCBiZ2NvbG9yPSIjOTljY2ZmIiB2YWxpZ249InRvcCIgd2lkdGg9IjExNSI+PEZPTlQgc2l6ZT0iMiI+44CQ5o6o6Jam6LuK56iu44CRJm5ic3A7PC9GT05UPjwvVEQ+CiAgICAgICAgPFREIGJnY29sb3I9IiM5OWNjZmYiIGNvbHNwYW49IjMiIHdpZHRoPSI0MzQiPjxGT05UIHNpemU9IjIiPuKYhSZuYnNwO+OCu+ODrOODikPvvJLvvJXlnovjg4/jgqTjgqbjgqfjg7zjgrnjgr/jg7w8L0ZPTlQ+PC9URD4KICAgICAgPC90cj48dHI+CiAgICAgICAgPFREIGJnY29sb3I9IiM5OWNjZmYiIHZhbGlnbj0idG9wIiB3aWR0aD0iMTE1Ij48Rk9OVCBzaXplPSIyIj7jgJDpganlkIjou4rnqK7jgJEmbmJzcDs8L0ZPTlQ+PC9URD4KICAgICAgICA8VEQgYmdjb2xvcj0iIzk5Y2NmZiIgY29sc3Bhbj0iMyIgd2lkdGg9IjQzNCI+PEZPTlQgc2l6ZT0iMiI+4piFJm5ic3A744O044Kp44Kv44K344O844CB44OO44Ki44CB44K544OG44OD44OX44Ov44K044Oz44CB44OT44Ki44Oz44OG562JPC9GT05UPjwvVEQ+CiAgICAgIDwvdHI+PFRSPgogICAgICAgIDxURCBiZ2NvbG9yPSIjOTljY2ZmIiBoZWlnaHQ9IjIzIiB3aWR0aD0iMTE1Ij48Rk9OVCBzaXplPSIyIj7jgJDpganlkIjmnaHku7bjgJE8L0ZPTlQ+PC9URD4KICAgICAgICA8VEQgYmdjb2xvcj0iIzk5Y2NmZiIgaGVpZ2h0PSIyMyIgY29sc3Bhbj0iMyIgd2lkdGg9IjQzNCI+PEZPTlQgY29sb3I9IiMwMDAwMDAiIHNpemU9IjIiPuKYhemBi+i7ouW4reOCt+ODvOODiOOBqOWKqeaJi+W4reOCt+ODvOODiOOBrumWk+malOOBjDE5MG1t772eMjAwbW3kvY3jgb7jgafjga7ou4rnqK48QlI+CiAgICAgICAgPEJSPgogICAgICAgIDwvRk9OVD48L1REPgogICAgICA8L1RSPjwvVEFCTEU+CiAgICA8YnI+CiAgICA8VEFCTEUgYm9yZGVyPSIxIiB3aWR0aD0iNDg5IiBoZWlnaHQ9IjU0IiBiZ2NvbG9yPSIjMDA2NmZmIj4KICAgICAgPFRCT0RZPgogICAgICAgIDxUUj4KICAgICAgICAgIDxURCB3aWR0aD0iMTE0IiBiZ2NvbG9yPSIjZmZmZmZmIiBoZWlnaHQ9IjIxIj48Rk9OVCBzaXplPSIzIj4mbmJzcDvoo73lk4HjgrXjgqTjgro8L0ZPTlQ+PC9URD4KICAgICAgICAgIDxURCBjb2xzcGFuPSIzIiBiZ2NvbG9yPSIjZmZmZmZmIiB3aWR0aD0iMzU3IiBoZWlnaHQ9IjIxIj48Rk9OVCBjb2xvcj0iIzQ0NDQ0NCIgc2l6ZT0iMyI+VzIwMMOXRDU0MMOXSDUxMG1tPC9GT05UPjwvVEQ+CiAgICAgICAgPC9UUj4KICAgICAgPC9UQk9EWT4KICAgIDwvVEFCTEU+CiAgICA8L1REPgogIDwvVEFCTEU+PHRpdGxlPjwvdGl0bGU+CjxzdHlsZSB0eXBlPSJ0ZXh0L2NzcyI+CjwhLS0KCkJPRFl7Cgl0ZXh0LWFsaWduOmNlbnRlcjsKYmFja2dyb3VuZC1jb2xvcjojRkZGRkZGOwpiYWNrZ3JvdW5kLWltYWdlOnVybChodHRwczovL2ltYWdlLnJha3V0ZW4uY28uanAvZ2VraS1jYXIvY2FiaW5ldC9pbWc2MDk4ODU1OS5qcGcpOwogYmFja2dyb3VuZC1yZXBlYXQ6cmVwZWF0LXk7CiBiYWNrZ3JvdW5kLXBvc2l0aW9uOnJpZ2h0IHRvcDsKfQotLT48cz48L3M+Ci0tPgotLT4KPC9zdHlsZT4KPHRhYmxlIGJvcmRlcj0iMCI+CiAgPHRib2R5PgogICAgPHRyIHZhbGlnbj0iYm90dG9tIiBIZWlnaHQ9IjQ1Ij4KIOOAgOOAgOOAgDx0ZD4KPGltZyBzcmM9Imh0dHBzOi8vaW1hZ2UucmFrdXRlbi5jby5qcC9nZWtpLWNhci9jYWJpbmV0L2ltZ3JjMDA3OTYyNzk0OC5naWYiIGFsdD0i44GC44GZ5qW9IiBoZWlnaHQ9IjYwIiB3aWR0aD0iNzQ5IiBib3JkZXI9IjAiPjxicj4KICAgICAgPGltZyBzcmM9Imh0dHBzOi8vaW1hZ2UucmFrdXRlbi5jby5qcC9nZWtpLWNhci9jYWJpbmV0L3IyMDE2MDgwNC5naWYiIGFsdD0i44Ko44Oz44OI44Oq44O85LiN6KaBIiBoZWlnaHQ9IjYwIiB3aWR0aD0iNzQ5IiBib3JkZXI9IjAiPjxicj4KICAgICAgPGltZyBzcmM9Imh0dHBzOi8vaW1hZ2UucmFrdXRlbi5jby5qcC9nZWtpLWNhci9jYWJpbmV0L3JyYWt1dGVud2ViLmdpZiIgYWx0PSLmpb3lpKlXRULliJ3jgoHjgaYiIGhlaWdodD0iNjAiIHdpZHRoPSI3NDkiIGJvcmRlcj0iMCI+PGJyPgogICAgICA8aW1nIHNyYz0iaHR0cHM6Ly9pbWFnZS5yYWt1dGVuLmNvLmpwL2dla2ktY2FyL2NhYmluZXQvcnJha3V0ZW53ZWIxLmdpZiIgYWx0PSLmpb3lpKlXRULpgJrluLgiIGhlaWdodD0iNjAiIHdpZHRoPSI3NDkiIGJvcmRlcj0iMCI+PGJyPgogICAgICA8aW1nIHNyYz0iaHR0cHM6Ly9pbWFnZS5yYWt1dGVuLmNvLmpwL2dla2ktY2FyL2NhYmluZXQvaW1ncmMwMDcyOTM3NzU1LmdpZiIgYWx0PSLnhKHmlpnkvZPpqJMiIGhlaWdodD0iNjAiIHdpZHRoPSI3NDkiIGJvcmRlcj0iMCI+PGJyPgogICAgICA8aW1nIHNyYz0iaHR0cHM6Ly9pbWFnZS5yYWt1dGVuLmNvLmpwL2dla2ktY2FyL2NhYmluZXQvaW1ncmMwMDc3Mjk0MzQ0LmdpZiIgYWx0PSLliJ3jgoHjgaYxMDAwIiBoZWlnaHQ9IjYwIiB3aWR0aD0iNzQ5IiBib3JkZXI9IjAiPjxicj4KICAgICAgPGltZyBzcmM9Imh0dHBzOi8vaW1hZ2UucmFrdXRlbi5jby5qcC9nZWtpLWNhci9jYWJpbmV0L2ltZ3JjMDA3Mjg4ODk0NS5naWYiIGFsdD0i44Kk44O844Kw44Or44K5IiBoZWlnaHQ9IjYwIiB3aWR0aD0iNzQ5IiBib3JkZXI9IjAiPjxicj4KICAgICAgPGltZyBzcmM9Imh0dHBzOi8vaW1hZ2UucmFrdXRlbi5jby5qcC9nZWtpLWNhci9jYWJpbmV0L2ltZ3JjMDA3MDM0MjYwOC5naWYiIGFsdD0idG9vbDEwIiBoZWlnaHQ9IjYwIiB3aWR0aD0iNzQ5IiBib3JkZXI9IjAiPjxicj4KICAgICAgPGltZyBzcmM9Imh0dHBzOi8vaW1hZ2UucmFrdXRlbi5jby5qcC9nZWtpLWNhci9jYWJpbmV0L2ltZ3JjMDA2NTU3MDk5Mi5naWYiIGFsdD0iRWR5IiBoZWlnaHQ9IjYwIiB3aWR0aD0iNzQ5IiBib3JkZXI9IjAiPjxicj4KICAgICAgPGltZyBzcmM9Imh0dHBzOi8vaW1hZ2UucmFrdXRlbi5jby5qcC9nZWtpLWNhci9jYWJpbmV0LzQyL2ltZ3JjMDA2NTk2MTE1NS5naWYiIGFsdD0iYXZlc3QiIHdpZHRoPSI3NDkiIGJvcmRlcj0iMCI+PEJSPgogICAgICA8aW1nIHNyYz0iaHR0cHM6Ly9pbWFnZS5yYWt1dGVuLmNvLmpwL2dla2ktY2FyL2NhYmluZXQvMzEvY2Fvcy1leWUyLmdpZiIgYWx0PSJjYW9zIiB3aWR0aD0iNzQ5IiBib3JkZXI9IjAiPjxCUj4KICAgICAgPGltZyBzcmM9Imh0dHBzOi8vaW1hZ2UucmFrdXRlbi5jby5qcC9nZWtpLWNhci9jYWJpbmV0LzMxL3R1Zi1leWUxLmdpZiIgYWx0PSJ0dWZsb25nIiB3aWR0aD0iNzQ5IiBib3JkZXI9IjAiPjxCUj4KICAgICAgPGltZyBzcmM9Imh0dHBzOi8vaW1hZ2UucmFrdXRlbi5jby5qcC9nZWtpLWNhci9jYWJpbmV0LzMxL3ZhcnRhLWV5ZTIuZ2lmIiBhbHQ9InZhcnRhIiB3aWR0aD0iNzQ5IiBib3JkZXI9IjAiPjxCUj4KICAgICAgPC90ZD4KICAgIAogIDwvdGJvZHk+CjwvdGFibGU+,44K344O844Ko44O855Sj5ZWGIOODgOODg+OCr+ODk+ODq+OCs+ODs+OCveODvOODqyBBLTI4MO+8mua/gOWuieOCq+ODvOeUqOWTgeOAgFdlYuOBhOOBoeW6lw==,5r+A5a6J44Kr44O855So5ZOB44OK44OT44Os44O844OA44O844K544K/44O844K/44O844Kq44O844OH44Kj44Kq54eD6LK75ZCR5LiK44Od44O844K/44OW44Or77yt77yk77yj77yk44K/44Kk44Ok44OI44O844Oo44O844OA44Oz44Ot44OD44OX44Oo44Kz44OP44Oe5L2O5Y+N55m644Kr44O844Ot44Kx44K344Ol44Ki44Op44K544K/44O844Kq44Kk44Or77yn77yw77yz44Kr44O844Oi44OL44K344O844Ko44O855Sj5ZWGIOODgOODg+OCr+ODk+ODq+OCs+ODs+OCveODvOODqyBBLTI4MA==,44CA44CC44K344O844Ko44O855Sj5ZWGIOODgOODg+OCr+ODk+ODq+OCs+ODs+OCveODvOODqyBBLTI4MA==[rn]
12-37229,aHR0cDovL3RzaG9wLnIxMHMuanAvZ2VraS1jYXIvY2FiaW5ldC8yMC8yMDkwMzg0XzEuZ2lmP2ZpdGluPTcwMDo3MDA=,NDI4MS42MDAw,,6LuK55So5ZOB44O744OQ44Kk44Kv55So5ZOBID4g44Kr44O855So5ZOBID4g5YaF6KOF44OR44O844OEID4g44Kz44Oz44K944O844Or44Oc44OD44Kv44K5,44K344O844Ko44O855Sj5ZWGIOOCvOODreODrOODnDIwMOezu+ODj+OCpOOCqOODvOOCue+8huODrOOCuOOCouOCueOCqOODvOOCueODleODreODs+ODiOOCq+OCpuODs+OCv+ODvOOAgOODluODqeODg+OCryBSVi0y,,PFRBQkxFPgogIDx0cj4KICAgIDxURCB3aWR0aD0iNTQ4IiBoZWlnaHQ9IjI1OSI+CiAgICA8VEFCTEUgYm9yZGVyPSIwIiBjZWxsc3BhY2luZz0iMiIgY2VsbHBhZGRpbmc9IjUiIHdpZHRoPSI1ODIiIGhlaWdodD0iMTcwIj4KICAgICAgPHRyPgogICAgICAgIDxURCBiZ2NvbG9yPSIjOTljY2ZmIiB2YWxpZ249InRvcCIgaGVpZ2h0PSIyNiIgd2lkdGg9IjEyOSI+PEZPTlQgc2l6ZT0iMyI+44CQ5p2Q6LOq44CRPC9GT05UPjwvVEQ+CiAgICAgICAgPFREIGJnY29sb3I9IiM5OWNjZmYiIGNvbHNwYW49IjMiIGhlaWdodD0iMjYiIHdpZHRoPSI0MjciPjxGT05UIHNpemU9IjMiPuODleOCp+OCpOOCr+ODrOOCtuODvO+8iFBWQ++8iTxCUj4KICAgICAgICA8L0ZPTlQ+PC9URD4KICAgICAgPC90cj48dHI+CiAgICAgICAgPFREIGJnY29sb3I9IiM5OWNjZmYiIHZhbGlnbj0idG9wIiBoZWlnaHQ9IjE3IiB3aWR0aD0iMTI5Ij48Rk9OVCBzaXplPSIzIj7jgJDjgqvjg6njg7zjgJEmbmJzcDs8L0ZPTlQ+PC9URD4KICAgICAgICA8VEQgYmdjb2xvcj0iIzk5Y2NmZiIgY29sc3Bhbj0iMyIgaGVpZ2h0PSIxNyIgd2lkdGg9IjQyNyI+44OW44Op44OD44KvPC9URD4KICAgICAgPC90cj48dHI+CiAgICAgICAgPFREIGJnY29sb3I9IiM5OWNjZmYiIHZhbGlnbj0idG9wIiByb3dzcGFuPSI0IiB3aWR0aD0iMTI5IiBoZWlnaHQ9IjExNiI+PEZPTlQgc2l6ZT0iMyI+44CQ5qmf6IO95Y+O57SN44CRJm5ic3A7Jm5ic3A7Jm5ic3A7PC9GT05UPiZuYnNwOzwvVEQ+CiAgICAgICAgPFREIGJnY29sb3I9IiM5OWNjZmYiIGNvbHNwYW49IjMiIHdpZHRoPSI0MjciPuODuzxGT05UIHNpemU9IjMiPuODieODquODs+OCr+ODm+ODq+ODgOODvOOAgeWwj+eJqeWFpeOCjOS7mOOBjSZuYnNwOzwvRk9OVD48L1REPgogICAgICA8L3RyPjx0cj4KICAgICAgICA8VEQgYmdjb2xvcj0iIzk5Y2NmZiIgY29sc3Bhbj0iMyIgd2lkdGg9IjQyNyI+44O7PEZPTlQgc2l6ZT0iMyI+6ZaLJm5ic3A744GE44Gf54q25oWL44Gu44OV44Ot44Oz44OI44OI44Os44O844Gr5ZCI44KP44Gb44Gm5L2c44KJ44KM44Gm44GE44G+44GZ44Gu44Gn44CB44GX44Gj44GL44KK5Zu65a6a5Y+v6IO944Gn44GZ44CCPC9GT05UPjwvVEQ+CiAgICAgIDwvdHI+PHRyPgogICAgICAgIDxURCBiZ2NvbG9yPSIjOTljY2ZmIiBjb2xzcGFuPSIzIiB3aWR0aD0iNDI3Ij7jg7s8Rk9OVCBzaXplPSIzIj7oo5zliqnlm7rlrprjgajjgZfjgabjg57jgrjjg4Pjgq/jg4bjg7zjg5fku5jlsZ4mbmJzcDs8L0ZPTlQ+PC9URD4KICAgICAgPC90cj48dHI+CiAgICAgICAgPFREIGJnY29sb3I9IiM5OWNjZmYiIGNvbHNwYW49IjMiIHdpZHRoPSI0MjciPuODu+eBsOeav+OBq+W5sua4ieOBl+OBvuOBm+OCk+OAgiZuYnNwOzwvVEQ+CiAgICAgIDwvdHI+PC9UQUJMRT4KICAgIDwvVEQ+CiAgICA8L1RBQkw+CiAgCjwvVEFCTEU+PFA+PEZPTlQgc2l6ZT0iMyI+4piF6Kmz44GX44GP44Gv77yc44GT44Gh44KJ77ye44Gu44Oh44O844Kr44O844K144Kk44OI44Gr44Gm44GU56K66KqN44GP44Gg44GV44GE44CCPGJyPgo8L0ZPTlQ+PC9QPjxUQUJMRT4KICA8dHI+CiAgCjwvVEFCTEU+PHRpdGxlPjwvdGl0bGU+CjxzdHlsZSB0eXBlPSJ0ZXh0L2NzcyI+CjwhLS0KCkJPRFl7Cgl0ZXh0LWFsaWduOmNlbnRlcjsKYmFja2dyb3VuZC1jb2xvcjojRkZGRkZGOwpiYWNrZ3JvdW5kLWltYWdlOnVybChodHRwczovL2ltYWdlLnJha3V0ZW4uY28uanAvZ2VraS1jYXIvY2FiaW5ldC9pbWc2MDk4ODU1OS5qcGcpOwogYmFja2dyb3VuZC1yZXBlYXQ6cmVwZWF0LXk7CiBiYWNrZ3JvdW5kLXBvc2l0aW9uOnJpZ2h0IHRvcDsKfQotLT48cz48L3M+Ci0tPgotLT4KPC9zdHlsZT4KPHRhYmxlIGJvcmRlcj0iMCI+CiAgPHRib2R5PgogICAgPHRyIHZhbGlnbj0iYm90dG9tIiBIZWlnaHQ9IjQ1Ij4KIOOAgOOAgOOAgDx0ZD4KPGltZyBzcmM9Imh0dHBzOi8vaW1hZ2UucmFrdXRlbi5jby5qcC9nZWtpLWNhci9jYWJpbmV0L2ltZ3JjMDA3OTYyNzk0OC5naWYiIGFsdD0i44GC44GZ5qW9IiBoZWlnaHQ9IjYwIiB3aWR0aD0iNzQ5IiBib3JkZXI9IjAiPjxicj4KICAgICAgPGltZyBzcmM9Imh0dHBzOi8vaW1hZ2UucmFrdXRlbi5jby5qcC9nZWtpLWNhci9jYWJpbmV0L3IyMDE2MDgwNC5naWYiIGFsdD0i44Ko44Oz44OI44Oq44O85LiN6KaBIiBoZWlnaHQ9IjYwIiB3aWR0aD0iNzQ5IiBib3JkZXI9IjAiPjxicj4KICAgICAgPGltZyBzcmM9Imh0dHBzOi8vaW1hZ2UucmFrdXRlbi5jby5qcC9nZWtpLWNhci9jYWJpbmV0L3JyYWt1dGVud2ViLmdpZiIgYWx0PSLmpb3lpKlXRULliJ3jgoHjgaYiIGhlaWdodD0iNjAiIHdpZHRoPSI3NDkiIGJvcmRlcj0iMCI+PGJyPgogICAgICA8aW1nIHNyYz0iaHR0cHM6Ly9pbWFnZS5yYWt1dGVuLmNvLmpwL2dla2ktY2FyL2NhYmluZXQvcnJha3V0ZW53ZWIxLmdpZiIgYWx0PSLmpb3lpKlXRULpgJrluLgiIGhlaWdodD0iNjAiIHdpZHRoPSI3NDkiIGJvcmRlcj0iMCI+PGJyPgogICAgICA8aW1nIHNyYz0iaHR0cHM6Ly9pbWFnZS5yYWt1dGVuLmNvLmpwL2dla2ktY2FyL2NhYmluZXQvaW1ncmMwMDcyOTM3NzU1LmdpZiIgYWx0PSLnhKHmlpnkvZPpqJMiIGhlaWdodD0iNjAiIHdpZHRoPSI3NDkiIGJvcmRlcj0iMCI+PGJyPgogICAgICA8aW1nIHNyYz0iaHR0cHM6Ly9pbWFnZS5yYWt1dGVuLmNvLmpwL2dla2ktY2FyL2NhYmluZXQvaW1ncmMwMDc3Mjk0MzQ0LmdpZiIgYWx0PSLliJ3jgoHjgaYxMDAwIiBoZWlnaHQ9IjYwIiB3aWR0aD0iNzQ5IiBib3JkZXI9IjAiPjxicj4KICAgICAgPGltZyBzcmM9Imh0dHBzOi8vaW1hZ2UucmFrdXRlbi5jby5qcC9nZWtpLWNhci9jYWJpbmV0L2ltZ3JjMDA3Mjg4ODk0NS5naWYiIGFsdD0i44Kk44O844Kw44Or44K5IiBoZWlnaHQ9IjYwIiB3aWR0aD0iNzQ5IiBib3JkZXI9IjAiPjxicj4KICAgICAgPGltZyBzcmM9Imh0dHBzOi8vaW1hZ2UucmFrdXRlbi5jby5qcC9nZWtpLWNhci9jYWJpbmV0L2ltZ3JjMDA3MDM0MjYwOC5naWYiIGFsdD0idG9vbDEwIiBoZWlnaHQ9IjYwIiB3aWR0aD0iNzQ5IiBib3JkZXI9IjAiPjxicj4KICAgICAgPGltZyBzcmM9Imh0dHBzOi8vaW1hZ2UucmFrdXRlbi5jby5qcC9nZWtpLWNhci9jYWJpbmV0L2ltZ3JjMDA2NTU3MDk5Mi5naWYiIGFsdD0iRWR5IiBoZWlnaHQ9IjYwIiB3aWR0aD0iNzQ5IiBib3JkZXI9IjAiPjxicj4KICAgICAgPGltZyBzcmM9Imh0dHBzOi8vaW1hZ2UucmFrdXRlbi5jby5qcC9nZWtpLWNhci9jYWJpbmV0LzQyL2ltZ3JjMDA2NTk2MTE1NS5naWYiIGFsdD0iYXZlc3QiIHdpZHRoPSI3NDkiIGJvcmRlcj0iMCI+PEJSPgogICAgICA8aW1nIHNyYz0iaHR0cHM6Ly9pbWFnZS5yYWt1dGVuLmNvLmpwL2dla2ktY2FyL2NhYmluZXQvMzEvY2Fvcy1leWUyLmdpZiIgYWx0PSJjYW9zIiB3aWR0aD0iNzQ5IiBib3JkZXI9IjAiPjxCUj4KICAgICAgPGltZyBzcmM9Imh0dHBzOi8vaW1hZ2UucmFrdXRlbi5jby5qcC9nZWtpLWNhci9jYWJpbmV0LzMxL3R1Zi1leWUxLmdpZiIgYWx0PSJ0dWZsb25nIiB3aWR0aD0iNzQ5IiBib3JkZXI9IjAiPjxCUj4KICAgICAgPGltZyBzcmM9Imh0dHBzOi8vaW1hZ2UucmFrdXRlbi5jby5qcC9nZWtpLWNhci9jYWJpbmV0LzMxL3ZhcnRhLWV5ZTIuZ2lmIiBhbHQ9InZhcnRhIiB3aWR0aD0iNzQ5IiBib3JkZXI9IjAiPjxCUj4KICAgICAgPC90ZD4KICAgIAogIDwvdGJvZHk+CjwvdGFibGU+,44K344O844Ko44O855Sj5ZWGIOOCvOODreODrOODnDIwMOezu+ODj+OCpOOCqOODvOOCue+8huODrOOCuOOCouOCueOCqOODvOOCueODleODreODs+ODiOOCq+OCpuODs+OCv+ODvOOAgOODluODqeODg+OCryBSVi0y77ya5r+A5a6J44Kr44O855So5ZOB44CAV2Vi44GE44Gh5bqX,5r+A5a6J44Kr44O855So5ZOB44OK44OT44Os44O844OA44O844K544K/44O844K/44O844Kq44O844OH44Kj44Kq54eD6LK75ZCR5LiK44Od44O844K/44OW44Or77yt77yk77yj77yk44K/44Kk44Ok44OI44O844Oo44O844OA44Oz44Ot44OD44OX44Oo44Kz44OP44Oe5L2O5Y+N55m644Kr44O844Ot44Kx44K344Ol44Ki44Op44K544K/44O844Kq44Kk44Or77yn77yw77yz44Kr44O844Oi44OL44K344O844Ko44O855Sj5ZWGIOOCvOODreODrOODnDIwMOezu+ODj+OCpOOCqOODvOOCue+8huODrOOCuOOCouOCueOCqOODvOOCueODleODreODs+ODiOOCq+OCpuODs+OCv+ODvOOAgOODluODqeODg+OCryBSVi0y,44CA44CC44K344O844Ko44O855Sj5ZWGIOOCvOODreODrOODnDIwMOezu+ODj+OCpOOCqOODvOOCue+8huODrOOCuOOCouOCueOCqOODvOOCueODleODreODs+ODiOOCq+OCpuODs+OCv+ODvOOAgOODluODqeODg+OCryBSVi0y[rn]
12-37230,aHR0cDovL3RzaG9wLnIxMHMuanAvaG90cm9hZHBhcnRzL2NhYmluZXQvMTYwMy83MTYwMzIyNDAwXzEuanBnP2ZpdGluPTcwMDo3MDA=,NTkxMS4yMDAw,,6LuK55So5ZOB44O744OQ44Kk44Kv55So5ZOBID4g44Kr44O855So5ZOBID4g5YaF6KOF44OR44O844OEID4g44Kz44Oz44K944O844Or44Oc44OD44Kv44K5,44CQNeaciOacq+mgg+WHuuiNt+S6iOWumuOAkeW3p+W3peaIv++8muODtOOCo+ODg+ODhCBWaXR65bCC55SoIOOCouODvOODoOODrOOCueODiCDjgrPjg7Pjgr3jg7zjg6vjg5zjg4Pjgq/jgrkg5pel5pys6KO9IDEzMOezuyBLU1AvTlNQL05DUDEzI+Weiy9CVklBLTE=,,44O044Kj44OD44OE5bCC55So44Kz44Oz44K944O844Or44Oc44OD44Kv44K577yBPGJyPjxicj7mhJvou4rjga7jgq/jgqrjg6rjg4bjgqPjga/jgZ3jga7jgb7jgb7jgavjgIHmqZ/og73mgKfjgajjg4fjgrbjgqTjg7PmgKdVUOOCkui/veWPiuOBl+OBn+ODleOCqeODq+ODoOOAgjxicj7lsILnlKjoqK3oqIjjgaDjgYvjgonntJTmraPjga7jgojjgYbjgavjgrjjg6Pjgrnjg4jjg5XjgqPjg4Pjg4jjgII8YnI+44K344O844OI44KS44K544Op44Kk44OJ44GV44Gb44Gm44KC44Gy44GY44KS572u44GP5LqL44GM5Ye65p2l44G+44GZ44CCPGJyPjxicj7jgJDnibnlvrTjgJE8YnI+4peP44K344O844OI44KS44K544Op44Kk44OJ44GV44Gb44Gm44KC5YWF5YiG5qmf6IO944GZ44KL5bCC55So6Kit6KiIPGJyPuKXj+ijveWTgeOBjOOCt+ODvOODiOOBqOW5sua4ieOBl+OBvuOBm+OCk+OAgjxicj7il4/lj5bku5jjgZHnsKHljZjjgafjgrjjg6Pjgrnjg4jjg5XjgqPjg4Pjg4jjgILntJTmraPmjIflkJHjga7kurrjgavjg5Tjg4Pjgr/jg6rjgafjgZnjgII8YnI+4peP5a6J5b+D44Gu5pel5pys6KO944Gn44GZ44CCPGJyPuKXj+aQuuW4r+OChOiyoeW4g+OCkuWPjue0jeOBmeOCi+OBruOBq+OBtOOBo+OBn+OCiuOBp+OBmeOAgjxicj7igLvkuIDoiKznmoTjgarjgrXjgqTjgrrjga5DROOCseODvOOCueOBr+WPjue0jeOCueODmuODvOOCueWGheOBq+WPjuOBvuOCiuOBvuOBm+OCk+OAgjxicj48YnI+PGJyPuOAkOS7leanmOOAkTxicj7oo73lk4HjgrXjgqTjgrrvvJrntIQzNjXDl0QxMjXDl0g0NjBtbTxicj4g5Y+O57SN44K544Oa44O844K5KOWkpynjga7jgrXjgqTjgrrvvJrntIRXMTE5w5dEOTXDl0gxMTVtbTxicj7lj47ntI3jgrnjg5rjg7zjgrko5bCPKeOBruOCteOCpOOCuu+8mue0hFc5NcOXRDk1w5dIMTE1bW08YnI+IDxicj7jgJDpganlv5zou4rnqK7jgJE8YnI+44O044Kj44OD44OEKEtTUC9OU1AvTkNQMTMj5Z6LKTxicj48YnI+MjAxN+W5tOODnuOCpOODiuODvOODgeOCp+ODs+OCuOW+jArlr77lv5whITxicj48YnI+4oC7NFdE57O75Y+K44Gz44Ki44O844Og44Os44K544OI5qiZ5rqW6LuK44Gr44Gv44GK5Y+W5LuY44GR44GM44Gn44GN44G+44Gb44KT44CCPGJyPjxicj7ilqDlk4HnlarvvJpCVklBLTE8IS0tIOOBk+OBk+OBi+OCiUfjg6njg7Pjgq3jg7PjgrAgLS0+CjwhLS0KPGRpdiBzdHlsZT0iaGVpZ2h0OjM1NXB4OyB3aWR0aDo2NzRweDsgb3ZlcmZsb3c6aGlkZGVuOyBtYXJnaW4tYm90dG9tOjE1cHg7IG1hcmdpbi10b3A6LTIwcHg7IHBhZGRpbmc6MCI+CjxiciAvPgo8L2Rpdj4KLS0+Cgo8IS0tIOOBk+OBk+OBvuOBp0fjg6njg7Pjgq3jg7PjgrAgLS0+CjwhLS0g44GT44GT44GL44KJIOODquOCouWPlyAtLT4KPGRpdiBzdHlsZT0id2lkdGg6Njc0cHg7IGhlaWdodDozMHB4OyBiYWNrZ3JvdW5kLWltYWdlOnVybCgnaHR0cDovL3d3dy5yYWt1dGVuLm5lLmpwL2dvbGQvaG90cm9hZHBhcnRzL29yZGVycy9ibnJsLmpwZycpOyBiYWNrZ3JvdW5kLXJlcGVhdDogbm8tcmVwZWF0OyIgYWxpZ249ImNlbnRlciI+CiAgPHAgc3R5bGU9ImNvbG9yOiM1NDVEN0M7IGZvbnQtc2l6ZToyMHB4OyBmb250LWZhbWlseTon44OS44Op44Ku44OO6KeS44K0IFBybyBXMycsICdIaXJhZ2lubyBLYWt1IEdvdGhpYyBQcm8nLCAn44Oh44Kk44Oq44KqJywgTWVpcnlvLCBPc2FrYSwgJ++8re+8syDvvLDjgrTjgrfjg4Pjgq8nLCAnTVMgUEdvdGhpYycsIHNhbnMtc2VyaWY7IGZvbnQtd2VpZ2h0OmJvbGQ7IG1hcmdpbjowOyBsaW5lLWhlaWdodDozMHB4OyB0ZXh0LWFsaWduOmxlZnQ7IHBhZGRpbmctbGVmdDozNXB4Ij5UaGFua3MgRm9yIFlvdXIgT3JkZXJzPC9wPjwvZGl2PgogIDxkaXYgc3R5bGU9ImJhY2tncm91bmQtY29sb3I6I0ZGRkZGRjsgd2lkdGg6NjcycHg7IG1hcmdpbi1ib3R0b206MTVweDsgcGFkZGluZzowOyBoZWlnaHQ6MzQ1cHg7IG92ZXJmbG93OmhpZGRlbjsgYm9yZGVyOjFweCBzb2xpZCAjNjY2NjY2OyI+Cgo8L2Rpdj4KPCEtLSDjgZPjgZPjgb7jgacg44Oq44Ki5Y+XIC0tPgo8IS0tIOOBk+OBk+OBi+OCiSDjg6rjgqLjgrPjg6EgLS0+CjxkaXYgc3R5bGU9IndpZHRoOjY3NHB4OyBoZWlnaHQ6MzBweDsgYmFja2dyb3VuZC1pbWFnZTp1cmwoJ2h0dHA6Ly93d3cucmFrdXRlbi5uZS5qcC9nb2xkL2hvdHJvYWRwYXJ0cy9vcmRlcnMvYm5ybC5qcGcnKTsgYmFja2dyb3VuZC1yZXBlYXQ6IG5vLXJlcGVhdDsiIGFsaWduPSJjZW50ZXIiPgogIDxwIHN0eWxlPSJjb2xvcjojNTQ1RDdDOyBmb250LXNpemU6MjBweDsgZm9udC1mYW1pbHk6J+ODkuODqeOCruODjuinkuOCtCBQcm8gVzMnLCAnSGlyYWdpbm8gS2FrdSBHb3RoaWMgUHJvJywgJ+ODoeOCpOODquOCqicsIE1laXJ5bywgT3Nha2EsICfvvK3vvLMg77yw44K044K344OD44KvJywgJ01TIFBHb3RoaWMnLCBzYW5zLXNlcmlmOyBmb250LXdlaWdodDpib2xkOyBtYXJnaW46MDsgbGluZS1oZWlnaHQ6MzBweDsgdGV4dC1hbGlnbjpsZWZ0OyBwYWRkaW5nLWxlZnQ6MzVweCI+UmV2aWV3cyBPZiBPdXIgQ29uc3VtZXJzPC9wPjwvZGl2PgogIDxkaXYgc3R5bGU9ImJhY2tncm91bmQtY29sb3I6I0ZGRkZGRjsgd2lkdGg6NjcycHg7IG1hcmdpbi1ib3R0b206MTVweDsgcGFkZGluZzowOyBoZWlnaHQ6MzcwcHg7IG92ZXJmbG93OmhpZGRlbjsgYm9yZGVyOjFweCBzb2xpZCAjNjY2NjY2OyI+Cgo8L2Rpdj4KPCEtLSDjgZPjgZPjgb7jgacg44Oq44Ki44Kz44OhIC0tPgoKCjx0YWJsZSB3aWR0aD0iNjgwIiBib3JkZXI9IjAiIGNlbGxwYWRkaW5nPSIyIiBjZWxsc3BhY2luZz0iMCI+Cjx0cj4KPHRkIGFsaWduPSJjZW50ZXIiPjxpbWcgc3JjPSJodHRwOi8vaW1hZ2UucmFrdXRlbi5jby5qcC9ob3Ryb2FkcGFydHMvY2FiaW5ldC9iYW5uZXIvMjAxMzA0MjlfMDA4LmpwZyIgd2lkdGg9IjMzNiIgaGVpZ2h0PSI3MCIgYm9yZGVyPSIwIj48L3RkPgo8dGQgY29sc3Bhbj0iMiIgYWxpZ249ImNlbnRlciI+PGltZyBzcmM9Imh0dHA6Ly9pbWFnZS5yYWt1dGVuLmNvLmpwL2hvdHJvYWRwYXJ0cy9jYWJpbmV0L2Jhbm5lci8yMDEzMDQyOV8wMDcuanBnIiB3aWR0aD0iMzM2IiBoZWlnaHQ9IjcwIiBib3JkZXI9IjAiPjwvdGQ+CjwvdHI+Cjx0cj4KPHRkIGFsaWduPSJjZW50ZXIiPjxpbWcgc3JjPSJodHRwOi8vaW1hZ2UucmFrdXRlbi5jby5qcC9ob3Ryb2FkcGFydHMvY2FiaW5ldC9iYW5uZXIvMjAxMzA0MjlfMDA2LmpwZyIgd2lkdGg9IjMzNiIgaGVpZ2h0PSI3MCIgYm9yZGVyPSIwIj48L3RkPgo8dGQgY29sc3Bhbj0iMiIgYWxpZ249ImNlbnRlciI+PGltZyBzcmM9Imh0dHA6Ly9pbWFnZS5yYWt1dGVuLmNvLmpwL2hvdHJvYWRwYXJ0cy9jYWJpbmV0L2Jhbm5lci8yMDEzMDQyOV8wMDUuanBnIiB3aWR0aD0iMzM2IiBoZWlnaHQ9IjcwIiBib3JkZXI9IjAiPjwvdGQ+CjwvdHI+CjwvdGFibGU+,44CQNeaciOacq+mgg+WHuuiNt+S6iOWumuOAkeW3p+W3peaIv++8muODtOOCo+ODg+ODhCBWaXR65bCC55SoIOOCouODvOODoOODrOOCueODiCDjgrPjg7Pjgr3jg7zjg6vjg5zjg4Pjgq/jgrkg5pel5pys6KO9IDEzMOezuyBLU1AvTlNQL05DUDEzI+Weiy9CVklBLTHvvJrjgqvjg7znlKjlk4HpgJrosqnjga7jg5vjg4Pjg4jjg63jg7zjg4njg5Hjg7zjg4Q=,44CQNeaciOacq+mgg+WHuuiNt+S6iOWumuOAkeW3p+W3peaIv++8muODtOOCo+ODg+ODhCBWaXR65bCC55SoIOOCouODvOODoOODrOOCueODiCDjgrPjg7Pjgr3jg7zjg6vjg5zjg4Pjgq/jgrkg5pel5pys6KO9IDEzMOezuyBLU1AvTlNQL05DUDEzI+Weiy9CVklBLTE=,44O044Kj44OD44OE5bCC55So44Kz44Oz44K944O844Or44Oc44OD44Kv44K544CC44CQNeaciOacq+mgg+WHuuiNt+S6iOWumuOAkeW3p+W3peaIv++8muODtOOCo+ODg+ODhCBWaXR65bCC55SoIOOCouODvOODoOODrOOCueODiCDjgrPjg7Pjgr3jg7zjg6vjg5zjg4Pjgq/jgrkg5pel5pys6KO9IDEzMOezuyBLU1AvTlNQL05DUDEzI+Weiy9CVklBLTE=[rn]
12-37231,aHR0cDovL3RzaG9wLnIxMHMuanAvaG90cm9hZHBhcnRzL2NhYmluZXQvMTYwNC83MTYwNDI3NDAwXzEuanBnP2ZpdGluPTcwMDo3MDA=,NTkxOS4yMDAw,,6LuK55So5ZOB44O744OQ44Kk44Kv55So5ZOBID4g44Kr44O855So5ZOBID4g5YaF6KOF44OR44O844OEID4g44Kz44Oz44K944O844Or44Oc44OD44Kv44K5,44OX44Ot44Oc44OD44Kv44K5IOOCteOCr+OCt+ODvOODiSDjgqLjg7zjg6Djg6zjgrnjg4gg44Kz44Oz44K944O844Or44Oc44OD44Kv44K5IOWPjue0jSDml6XmnKzoo70g6IKY572u44GNIOOCveODleODiOODrOOCtuODvCAvQlBTLTE=,,44OX44Ot44Oc44OD44Kv44K55bCC55So44Kz44Oz44K944O844Or44Oc44OD44Kv44K577yBPGJyPjxicj7mhJvou4rjga7jgq/jgqrjg6rjg4bjgqPjga/jgZ3jga7jgb7jgb7jgavjgIHmqZ/og73mgKfjgajjg4fjgrbjgqTjg7PmgKdVUOOCkui/veWPiuOBl+OBn+ODleOCqeODq+ODoOOAgjxicj7lsILnlKjoqK3oqIjjgaDjgYvjgonntJTmraPjga7jgojjgYbjgavjgrjjg6Pjgrnjg4jjg5XjgqPjg4Pjg4jjgII8YnI+44K344O844OI44KS44K544Op44Kk44OJ44GV44Gb44Gm44KC44Gy44GY44KS572u44GP5LqL44GM5Ye65p2l44G+44GZ44CCPGJyPjxicj7jgJDnibnlvrTjgJE8YnI+4peP44K344O844OI44KS44K544Op44Kk44OJ44GV44Gb44Gm44KC5YWF5YiG5qmf6IO944GZ44KL5bCC55So6Kit6KiIPGJyPuKXj+ijveWTgeOBjOOCt+ODvOODiOOBqOW5sua4ieOBl+OBvuOBm+OCk+OAgjxicj7il4/lj5bku5jjgZHnsKHljZgo5bqn5bit44Go5bqn5bit44Gu6ZaT44Gr44Gv44KB6L6844KA44Gg44GRKeOBp+OCuOODo+OCueODiOODleOCo+ODg+ODiOOAgue0lOato+aMh+WQkeOBruS6uuOBq+ODlOODg+OCv+ODquOBp+OBmeOAgjxicj7il4/lronlv4Pjga7ml6XmnKzoo73jgafjgZnjgII8YnI+4peP5Za25qWt44Gr5Ye644GL44GR44KL6Zqb44Gr5aSn5rS76LqN44Gn44GZ44CCPGJyPjxicj48YnI+44CQ5LuV5qeY44CRPGJyPuijveWTgeOCteOCpOOCuu+8muaoque0hDE3MG1tw5fnuKbntIQyODXDl+mrmOOBlee0hDMzMG1tPGJyPjxicj7jgJDpganlv5zou4rnqK7jgJE8YnI+44OX44Ot44Oc44OD44Kv44K5PGJyPk5TUDE2Iy9OQ1AxNiPlnosoMjAxNOW5tO+9nik8YnI+PGJyPuOCteOCr+OCt+ODvOODiTxicj48YnI+4pag5ZOB55Wq77yaQlBTLTE8IS0tIOOBk+OBk+OBi+OCiUfjg6njg7Pjgq3jg7PjgrAgLS0+CjwhLS0KPGRpdiBzdHlsZT0iaGVpZ2h0OjM1NXB4OyB3aWR0aDo2NzRweDsgb3ZlcmZsb3c6aGlkZGVuOyBtYXJnaW4tYm90dG9tOjE1cHg7IG1hcmdpbi10b3A6LTIwcHg7IHBhZGRpbmc6MCI+CjxiciAvPgo8L2Rpdj4KLS0+Cgo8IS0tIOOBk+OBk+OBvuOBp0fjg6njg7Pjgq3jg7PjgrAgLS0+CjwhLS0g44GT44GT44GL44KJIOODquOCouWPlyAtLT4KPGRpdiBzdHlsZT0id2lkdGg6Njc0cHg7IGhlaWdodDozMHB4OyBiYWNrZ3JvdW5kLWltYWdlOnVybCgnaHR0cDovL3d3dy5yYWt1dGVuLm5lLmpwL2dvbGQvaG90cm9hZHBhcnRzL29yZGVycy9ibnJsLmpwZycpOyBiYWNrZ3JvdW5kLXJlcGVhdDogbm8tcmVwZWF0OyIgYWxpZ249ImNlbnRlciI+CiAgPHAgc3R5bGU9ImNvbG9yOiM1NDVEN0M7IGZvbnQtc2l6ZToyMHB4OyBmb250LWZhbWlseTon44OS44Op44Ku44OO6KeS44K0IFBybyBXMycsICdIaXJhZ2lubyBLYWt1IEdvdGhpYyBQcm8nLCAn44Oh44Kk44Oq44KqJywgTWVpcnlvLCBPc2FrYSwgJ++8re+8syDvvLDjgrTjgrfjg4Pjgq8nLCAnTVMgUEdvdGhpYycsIHNhbnMtc2VyaWY7IGZvbnQtd2VpZ2h0OmJvbGQ7IG1hcmdpbjowOyBsaW5lLWhlaWdodDozMHB4OyB0ZXh0LWFsaWduOmxlZnQ7IHBhZGRpbmctbGVmdDozNXB4Ij5UaGFua3MgRm9yIFlvdXIgT3JkZXJzPC9wPjwvZGl2PgogIDxkaXYgc3R5bGU9ImJhY2tncm91bmQtY29sb3I6I0ZGRkZGRjsgd2lkdGg6NjcycHg7IG1hcmdpbi1ib3R0b206MTVweDsgcGFkZGluZzowOyBoZWlnaHQ6MzQ1cHg7IG92ZXJmbG93OmhpZGRlbjsgYm9yZGVyOjFweCBzb2xpZCAjNjY2NjY2OyI+Cgo8L2Rpdj4KPCEtLSDjgZPjgZPjgb7jgacg44Oq44Ki5Y+XIC0tPgo8IS0tIOOBk+OBk+OBi+OCiSDjg6rjgqLjgrPjg6EgLS0+CjxkaXYgc3R5bGU9IndpZHRoOjY3NHB4OyBoZWlnaHQ6MzBweDsgYmFja2dyb3VuZC1pbWFnZTp1cmwoJ2h0dHA6Ly93d3cucmFrdXRlbi5uZS5qcC9nb2xkL2hvdHJvYWRwYXJ0cy9vcmRlcnMvYm5ybC5qcGcnKTsgYmFja2dyb3VuZC1yZXBlYXQ6IG5vLXJlcGVhdDsiIGFsaWduPSJjZW50ZXIiPgogIDxwIHN0eWxlPSJjb2xvcjojNTQ1RDdDOyBmb250LXNpemU6MjBweDsgZm9udC1mYW1pbHk6J+ODkuODqeOCruODjuinkuOCtCBQcm8gVzMnLCAnSGlyYWdpbm8gS2FrdSBHb3RoaWMgUHJvJywgJ+ODoeOCpOODquOCqicsIE1laXJ5bywgT3Nha2EsICfvvK3vvLMg77yw44K044K344OD44KvJywgJ01TIFBHb3RoaWMnLCBzYW5zLXNlcmlmOyBmb250LXdlaWdodDpib2xkOyBtYXJnaW46MDsgbGluZS1oZWlnaHQ6MzBweDsgdGV4dC1hbGlnbjpsZWZ0OyBwYWRkaW5nLWxlZnQ6MzVweCI+UmV2aWV3cyBPZiBPdXIgQ29uc3VtZXJzPC9wPjwvZGl2PgogIDxkaXYgc3R5bGU9ImJhY2tncm91bmQtY29sb3I6I0ZGRkZGRjsgd2lkdGg6NjcycHg7IG1hcmdpbi1ib3R0b206MTVweDsgcGFkZGluZzowOyBoZWlnaHQ6MzcwcHg7IG92ZXJmbG93OmhpZGRlbjsgYm9yZGVyOjFweCBzb2xpZCAjNjY2NjY2OyI+Cgo8L2Rpdj4KPCEtLSDjgZPjgZPjgb7jgacg44Oq44Ki44Kz44OhIC0tPgoKCjx0YWJsZSB3aWR0aD0iNjgwIiBib3JkZXI9IjAiIGNlbGxwYWRkaW5nPSIyIiBjZWxsc3BhY2luZz0iMCI+Cjx0cj4KPHRkIGFsaWduPSJjZW50ZXIiPjxpbWcgc3JjPSJodHRwOi8vaW1hZ2UucmFrdXRlbi5jby5qcC9ob3Ryb2FkcGFydHMvY2FiaW5ldC9iYW5uZXIvMjAxMzA0MjlfMDA4LmpwZyIgd2lkdGg9IjMzNiIgaGVpZ2h0PSI3MCIgYm9yZGVyPSIwIj48L3RkPgo8dGQgY29sc3Bhbj0iMiIgYWxpZ249ImNlbnRlciI+PGltZyBzcmM9Imh0dHA6Ly9pbWFnZS5yYWt1dGVuLmNvLmpwL2hvdHJvYWRwYXJ0cy9jYWJpbmV0L2Jhbm5lci8yMDEzMDQyOV8wMDcuanBnIiB3aWR0aD0iMzM2IiBoZWlnaHQ9IjcwIiBib3JkZXI9IjAiPjwvdGQ+CjwvdHI+Cjx0cj4KPHRkIGFsaWduPSJjZW50ZXIiPjxpbWcgc3JjPSJodHRwOi8vaW1hZ2UucmFrdXRlbi5jby5qcC9ob3Ryb2FkcGFydHMvY2FiaW5ldC9iYW5uZXIvMjAxMzA0MjlfMDA2LmpwZyIgd2lkdGg9IjMzNiIgaGVpZ2h0PSI3MCIgYm9yZGVyPSIwIj48L3RkPgo8dGQgY29sc3Bhbj0iMiIgYWxpZ249ImNlbnRlciI+PGltZyBzcmM9Imh0dHA6Ly9pbWFnZS5yYWt1dGVuLmNvLmpwL2hvdHJvYWRwYXJ0cy9jYWJpbmV0L2Jhbm5lci8yMDEzMDQyOV8wMDUuanBnIiB3aWR0aD0iMzM2IiBoZWlnaHQ9IjcwIiBib3JkZXI9IjAiPjwvdGQ+CjwvdHI+CjwvdGFibGU+,44OX44Ot44Oc44OD44Kv44K5IOOCteOCr+OCt+ODvOODiSDjgqLjg7zjg6Djg6zjgrnjg4gg44Kz44Oz44K944O844Or44Oc44OD44Kv44K5IOWPjue0jSDml6XmnKzoo70g6IKY572u44GNIOOCveODleODiOODrOOCtuODvCAvQlBTLTHvvJrjgqvjg7znlKjlk4HpgJrosqnjga7jg5vjg4Pjg4jjg63jg7zjg4njg5Hjg7zjg4Q=,44OX44Ot44Oc44OD44Kv44K5IOOCteOCr+OCt+ODvOODiSDjgqLjg7zjg6Djg6zjgrnjg4gg44Kz44Oz44K944O844Or44Oc44OD44Kv44K5IOWPjue0jSDml6XmnKzoo70g6IKY572u44GNIOOCveODleODiOODrOOCtuODvCAvQlBTLTE=,44OX44Ot44Oc44OD44Kv44K55bCC55So5b2T5bqX44Kq44Oq44K444OK44Or44Ki44O844Og44Os44K544OI44CC44OX44Ot44Oc44OD44Kv44K5IOOCteOCr+OCt+ODvOODiSDjgqLjg7zjg6Djg6zjgrnjg4gg44Kz44Oz44K944O844Or44Oc44OD44Kv44K5IOWPjue0jSDml6XmnKzoo70g6IKY572u44GNIOOCveODleODiOODrOOCtuODvCAvQlBTLTE=[rn]
12-37232,aHR0cDovL3RzaG9wLnIxMHMuanAvaG90cm9hZHBhcnRzL2NhYmluZXQvMTcwMy83MTcwMzEwNDAxXzEuanBnP2ZpdGluPTcwMDo3MDA=,NDU3OC40MDAw,,6LuK55So5ZOB44O744OQ44Kk44Kv55So5ZOBID4g44Kr44O855So5ZOBID4g5YaF6KOF44OR44O844OEID4g44Kz44Oz44K944O844Or44Oc44OD44Kv44K5,6Lu96Ieq5YuV6LuKIOaZrumAmuiHquWLlei7iiDlvozpg6jluqfluK3jgafjgoLoqK3nva5PSyDjgrPjg7Pjgr3jg7zjg6vjg5zjg4Pjgq/jgrkg5Y+O57SNIOODieODquODs+OCr+ODm+ODq+ODgOODvCDlt6flt6XmiL8gWEJDQS0xIFhCQ0EtMg==,,6Kit572u5aC05omA44GM44GC44KM44Gw44Gp44Gu6LuK44Gn44KC572u44GR44KL44Kz44Oz44K944O844Or44Oc44OD44Kv44K577yBPGJyPjxicj7mhJvou4rjga7jgq/jgqrjg6rjg4bjgqPjga/jgZ3jga7jgb7jgb7jgavjgIHmqZ/og73mgKfjgajjg4fjgrbjgqTjg7PmgKdVUOOCkui/veWPiuOBl+OBn+ODleOCqeODq+ODoOOAgjxicj48YnI+5Y+W5LuY44GR57Ch5Y2Y44Gn572u44GP44Gg44GR44Gn44K444Oj44K544OI44OV44Kj44OD44OI44CCPGJyPjxicj7lronlv4Pjga7ml6XmnKzoo73jgafjgZnjgII8YnI+PGJyPuKWoOm7kihYQkNBLTEpPGJyPiDpu5LDl+ODmeODvOOCuOODpShYQkNBLTIpPGJyPjxicj7jgJDjg5bjg6njg7Pjg4njgJE8YnI+5ben5bel5oi/PGJyPjxicj7igLvluqfluK3jga7jgrfjg7zjg4jjga7kvY3nva7jgavjgojjgoroqK3nva7jgYzlh7rmnaXjgarjgY/jgarjgovloLTlkIjjgYzjgZTjgZbjgYTjgb7jgZnjga7jgafmma7mrrXkvb/nlKjjgZnjgovluqfluK3jga7jgrfjg7zjg4jnirbmhYvjgavjgZfjgabou4rjga7jgrnjg5rjg7zjgrnjgpLnorroqo3jgZfjgabjgY/jgaDjgZXjgYTjgII8IS0tIOOBk+OBk+OBi+OCiUfjg6njg7Pjgq3jg7PjgrAgLS0+CjwhLS0KPGRpdiBzdHlsZT0iaGVpZ2h0OjM1NXB4OyB3aWR0aDo2NzRweDsgb3ZlcmZsb3c6aGlkZGVuOyBtYXJnaW4tYm90dG9tOjE1cHg7IG1hcmdpbi10b3A6LTIwcHg7IHBhZGRpbmc6MCI+CjxiciAvPgo8L2Rpdj4KLS0+Cgo8IS0tIOOBk+OBk+OBvuOBp0fjg6njg7Pjgq3jg7PjgrAgLS0+CjwhLS0g44GT44GT44GL44KJIOODquOCouWPlyAtLT4KPGRpdiBzdHlsZT0id2lkdGg6Njc0cHg7IGhlaWdodDozMHB4OyBiYWNrZ3JvdW5kLWltYWdlOnVybCgnaHR0cDovL3d3dy5yYWt1dGVuLm5lLmpwL2dvbGQvaG90cm9hZHBhcnRzL29yZGVycy9ibnJsLmpwZycpOyBiYWNrZ3JvdW5kLXJlcGVhdDogbm8tcmVwZWF0OyIgYWxpZ249ImNlbnRlciI+CiAgPHAgc3R5bGU9ImNvbG9yOiM1NDVEN0M7IGZvbnQtc2l6ZToyMHB4OyBmb250LWZhbWlseTon44OS44Op44Ku44OO6KeS44K0IFBybyBXMycsICdIaXJhZ2lubyBLYWt1IEdvdGhpYyBQcm8nLCAn44Oh44Kk44Oq44KqJywgTWVpcnlvLCBPc2FrYSwgJ++8re+8syDvvLDjgrTjgrfjg4Pjgq8nLCAnTVMgUEdvdGhpYycsIHNhbnMtc2VyaWY7IGZvbnQtd2VpZ2h0OmJvbGQ7IG1hcmdpbjowOyBsaW5lLWhlaWdodDozMHB4OyB0ZXh0LWFsaWduOmxlZnQ7IHBhZGRpbmctbGVmdDozNXB4Ij5UaGFua3MgRm9yIFlvdXIgT3JkZXJzPC9wPjwvZGl2PgogIDxkaXYgc3R5bGU9ImJhY2tncm91bmQtY29sb3I6I0ZGRkZGRjsgd2lkdGg6NjcycHg7IG1hcmdpbi1ib3R0b206MTVweDsgcGFkZGluZzowOyBoZWlnaHQ6MzQ1cHg7IG92ZXJmbG93OmhpZGRlbjsgYm9yZGVyOjFweCBzb2xpZCAjNjY2NjY2OyI+Cgo8L2Rpdj4KPCEtLSDjgZPjgZPjgb7jgacg44Oq44Ki5Y+XIC0tPgo8IS0tIOOBk+OBk+OBi+OCiSDjg6rjgqLjgrPjg6EgLS0+CjxkaXYgc3R5bGU9IndpZHRoOjY3NHB4OyBoZWlnaHQ6MzBweDsgYmFja2dyb3VuZC1pbWFnZTp1cmwoJ2h0dHA6Ly93d3cucmFrdXRlbi5uZS5qcC9nb2xkL2hvdHJvYWRwYXJ0cy9vcmRlcnMvYm5ybC5qcGcnKTsgYmFja2dyb3VuZC1yZXBlYXQ6IG5vLXJlcGVhdDsiIGFsaWduPSJjZW50ZXIiPgogIDxwIHN0eWxlPSJjb2xvcjojNTQ1RDdDOyBmb250LXNpemU6MjBweDsgZm9udC1mYW1pbHk6J+ODkuODqeOCruODjuinkuOCtCBQcm8gVzMnLCAnSGlyYWdpbm8gS2FrdSBHb3RoaWMgUHJvJywgJ+ODoeOCpOODquOCqicsIE1laXJ5bywgT3Nha2EsICfvvK3vvLMg77yw44K044K344OD44KvJywgJ01TIFBHb3RoaWMnLCBzYW5zLXNlcmlmOyBmb250LXdlaWdodDpib2xkOyBtYXJnaW46MDsgbGluZS1oZWlnaHQ6MzBweDsgdGV4dC1hbGlnbjpsZWZ0OyBwYWRkaW5nLWxlZnQ6MzVweCI+UmV2aWV3cyBPZiBPdXIgQ29uc3VtZXJzPC9wPjwvZGl2PgogIDxkaXYgc3R5bGU9ImJhY2tncm91bmQtY29sb3I6I0ZGRkZGRjsgd2lkdGg6NjcycHg7IG1hcmdpbi1ib3R0b206MTVweDsgcGFkZGluZzowOyBoZWlnaHQ6MzcwcHg7IG92ZXJmbG93OmhpZGRlbjsgYm9yZGVyOjFweCBzb2xpZCAjNjY2NjY2OyI+Cgo8L2Rpdj4KPCEtLSDjgZPjgZPjgb7jgacg44Oq44Ki44Kz44OhIC0tPgoKCjx0YWJsZSB3aWR0aD0iNjgwIiBib3JkZXI9IjAiIGNlbGxwYWRkaW5nPSIyIiBjZWxsc3BhY2luZz0iMCI+Cjx0cj4KPHRkIGFsaWduPSJjZW50ZXIiPjxpbWcgc3JjPSJodHRwOi8vaW1hZ2UucmFrdXRlbi5jby5qcC9ob3Ryb2FkcGFydHMvY2FiaW5ldC9iYW5uZXIvMjAxMzA0MjlfMDA4LmpwZyIgd2lkdGg9IjMzNiIgaGVpZ2h0PSI3MCIgYm9yZGVyPSIwIj48L3RkPgo8dGQgY29sc3Bhbj0iMiIgYWxpZ249ImNlbnRlciI+PGltZyBzcmM9Imh0dHA6Ly9pbWFnZS5yYWt1dGVuLmNvLmpwL2hvdHJvYWRwYXJ0cy9jYWJpbmV0L2Jhbm5lci8yMDEzMDQyOV8wMDcuanBnIiB3aWR0aD0iMzM2IiBoZWlnaHQ9IjcwIiBib3JkZXI9IjAiPjwvdGQ+CjwvdHI+Cjx0cj4KPHRkIGFsaWduPSJjZW50ZXIiPjxpbWcgc3JjPSJodHRwOi8vaW1hZ2UucmFrdXRlbi5jby5qcC9ob3Ryb2FkcGFydHMvY2FiaW5ldC9iYW5uZXIvMjAxMzA0MjlfMDA2LmpwZyIgd2lkdGg9IjMzNiIgaGVpZ2h0PSI3MCIgYm9yZGVyPSIwIj48L3RkPgo8dGQgY29sc3Bhbj0iMiIgYWxpZ249ImNlbnRlciI+PGltZyBzcmM9Imh0dHA6Ly9pbWFnZS5yYWt1dGVuLmNvLmpwL2hvdHJvYWRwYXJ0cy9jYWJpbmV0L2Jhbm5lci8yMDEzMDQyOV8wMDUuanBnIiB3aWR0aD0iMzM2IiBoZWlnaHQ9IjcwIiBib3JkZXI9IjAiPjwvdGQ+CjwvdHI+CjwvdGFibGU+,6Lu96Ieq5YuV6LuKIOaZrumAmuiHquWLlei7iiDlvozpg6jluqfluK3jgafjgoLoqK3nva5PSyDjgrPjg7Pjgr3jg7zjg6vjg5zjg4Pjgq/jgrkg5Y+O57SNIOODieODquODs+OCr+ODm+ODq+ODgOODvCDlt6flt6XmiL8gWEJDQS0xIFhCQ0EtMu+8muOCq+ODvOeUqOWTgemAmuiyqeOBruODm+ODg+ODiOODreODvOODieODkeODvOODhA==,6Lu96Ieq5YuV6LuKIOaZrumAmuiHquWLlei7iiDlvozpg6jluqfluK3jgafjgoLoqK3nva5PSyDjgrPjg7Pjgr3jg7zjg6vjg5zjg4Pjgq/jgrkg5Y+O57SNIOODieODquODs+OCr+ODm+ODq+ODgOODvCDlt6flt6XmiL8gWEJDQS0xIFhCQ0EtMg==,44K544Oa44O844K544GM44GC44KM44Gw44Gp44Gu6LuK44Gn44KC6Kit572uT0vjgILou73oh6rli5Xou4og5pmu6YCa6Ieq5YuV6LuKIOW+jOmDqOW6p+W4reOBp+OCguioree9rk9LIOOCs+ODs+OCveODvOODq+ODnOODg+OCr+OCuSDlj47ntI0g44OJ44Oq44Oz44Kv44Ob44Or44OA44O8IOW3p+W3peaIvyBYQkNBLTEgWEJDQS0y[rn]
12-37233,aHR0cDovL3RzaG9wLnIxMHMuanAvaG90cm9hZHBhcnRzL2NhYmluZXQvMTUxMC83MTUxMDA1MjAyXzEuanBnP2ZpdGluPTcwMDo3MDA=,NDMwNC4wMDAw,,6LuK55So5ZOB44O744OQ44Kk44Kv55So5ZOBID4g44Kr44O855So5ZOBID4g5YaF6KOF44OR44O844OEID4g44Kz44Oz44K944O844Or44Oc44OD44Kv44K5,44Ki44Kv44KiIEFRVUHlsILnlKjjgqLjg7zjg6Djg6zjgrnjg4gg6IKY572u44GNIOWPjue0jSDml6XmnKzoo70g5bCC55So6Kit6KiIL+S8iuiXpOijveS9nOaJgC9JVCBSb21hbu+8mkFRQS0x,,QVFVQe+8iOOCouOCr+OCou+8ieWwgueUqOOCouODvOODoOODrOOCueODiO+8gTxicj48YnI+44Ki44Kv44Ki5bCC55So6Kit6KiI44Gg44GL44KJ57SU5q2j44Gu44KI44GG44Gr44K444Oj44K544OI44OV44Kj44OD44OI77yBPGJyPuS9v+OBhOOChOOBmeOBleOBqOWPjue0jeWKm+OCkuWun+ePvuOAgjxicj7lj5bku5jjgZHjgoLnsKHljZjjgafmuoDotrPjgafjgY3jgovku5Xmp5jjgafjgZnjgII8YnI+PGJyPjxicj7il4/lronlv4Pjga7ml6XmnKzoo708YnI+4peP44K344O844OI44KS44K544Op44Kk44OJ44GV44Gb44Gm44KC5YWF5YiG5qmf6IO944GZ44KL5bCC55So6Kit6KiIPGJyPuKXj+ijveWTgeOBjOOCt+ODvOODiOOBqOW5sua4ieOBl+OBquOBhDxicj7il4/jgrXjgqTjg4njg5bjg6zjg7zjgq3jgYzlvJXjgY3jgoTjgZnjgYTmlpzjgoHoqK3oqIg8YnI+4peP5Y+W5LuY44GR57Ch5Y2Y44Gn44CB44K444Oj44K544OI44OV44Kj44OD44OI44CC57SU5q2j5oyH5ZCR44Gu5Lq644Gr44OU44OD44K/44Oq44Gn44GZ44CCPGJyPuKXj+e0lOato+OBruOCiOOBhuOBq+S9v+OBhOOChOOBmeOBhOOBi+OCieOAgeOBoeOCh+OBhOS5l+OCiuOBi+OCiemVt+i3nembouODieODqeOCpOODluOBvuOBp+ODqeOCr+ODqeOCr+OBp+OBmeOAgjxicj7il49DROOBjDnmnprlj47ntI3lh7rmnaXjgb7jgZnjgII8YnI+4peP5YWo6Z2i44Oh44OD44K344Ol44Od44Kx44OD44OI5LuY44GN44Gn44GZ44CC77yI44K544Oe44Ob44CB44K/44OQ44Kz562J44Gu5Y+O57SN44Gr77yJPGJyPjxicj7jgJDpganlv5zou4rnqK7jgJE8YnI+4pag44OI44Oo44K/IEFRVUHvvIjjgqLjgq/jgqLvvIk8YnI+44K144Kk44K677yaVzEzNcOXRDIzMMOXSDM2MG1tPGJyPuKAu0fjgrDjg6zjg7zjg4njga/jgqLjg7zjg6Djg6zjgrnjg4jjgYzmqJnmupboo4XlgpnjgZXjgozjgabjgYTjgovjgZ/jgoHoo4XnnYDjgafjgY3jgb7jgZvjgpPjgII8YnI+PGJyPjxicj7ilqDjg6Hjg7zjgqvjg7zvvJrkvIrol6Too73kvZzmiYAvSVQgUm9tYW48YnI+4pag5ZOB55Wq77yaQVFBLTEgQks8IS0tIOOBk+OBk+OBi+OCiUfjg6njg7Pjgq3jg7PjgrAgLS0+CjwhLS0KPGRpdiBzdHlsZT0iaGVpZ2h0OjM1NXB4OyB3aWR0aDo2NzRweDsgb3ZlcmZsb3c6aGlkZGVuOyBtYXJnaW4tYm90dG9tOjE1cHg7IG1hcmdpbi10b3A6LTIwcHg7IHBhZGRpbmc6MCI+CjxiciAvPgo8L2Rpdj4KLS0+Cgo8IS0tIOOBk+OBk+OBvuOBp0fjg6njg7Pjgq3jg7PjgrAgLS0+CjwhLS0g44GT44GT44GL44KJIOODquOCouWPlyAtLT4KPGRpdiBzdHlsZT0id2lkdGg6Njc0cHg7IGhlaWdodDozMHB4OyBiYWNrZ3JvdW5kLWltYWdlOnVybCgnaHR0cDovL3d3dy5yYWt1dGVuLm5lLmpwL2dvbGQvaG90cm9hZHBhcnRzL29yZGVycy9ibnJsLmpwZycpOyBiYWNrZ3JvdW5kLXJlcGVhdDogbm8tcmVwZWF0OyIgYWxpZ249ImNlbnRlciI+CiAgPHAgc3R5bGU9ImNvbG9yOiM1NDVEN0M7IGZvbnQtc2l6ZToyMHB4OyBmb250LWZhbWlseTon44OS44Op44Ku44OO6KeS44K0IFBybyBXMycsICdIaXJhZ2lubyBLYWt1IEdvdGhpYyBQcm8nLCAn44Oh44Kk44Oq44KqJywgTWVpcnlvLCBPc2FrYSwgJ++8re+8syDvvLDjgrTjgrfjg4Pjgq8nLCAnTVMgUEdvdGhpYycsIHNhbnMtc2VyaWY7IGZvbnQtd2VpZ2h0OmJvbGQ7IG1hcmdpbjowOyBsaW5lLWhlaWdodDozMHB4OyB0ZXh0LWFsaWduOmxlZnQ7IHBhZGRpbmctbGVmdDozNXB4Ij5UaGFua3MgRm9yIFlvdXIgT3JkZXJzPC9wPjwvZGl2PgogIDxkaXYgc3R5bGU9ImJhY2tncm91bmQtY29sb3I6I0ZGRkZGRjsgd2lkdGg6NjcycHg7IG1hcmdpbi1ib3R0b206MTVweDsgcGFkZGluZzowOyBoZWlnaHQ6MzQ1cHg7IG92ZXJmbG93OmhpZGRlbjsgYm9yZGVyOjFweCBzb2xpZCAjNjY2NjY2OyI+Cgo8L2Rpdj4KPCEtLSDjgZPjgZPjgb7jgacg44Oq44Ki5Y+XIC0tPgo8IS0tIOOBk+OBk+OBi+OCiSDjg6rjgqLjgrPjg6EgLS0+CjxkaXYgc3R5bGU9IndpZHRoOjY3NHB4OyBoZWlnaHQ6MzBweDsgYmFja2dyb3VuZC1pbWFnZTp1cmwoJ2h0dHA6Ly93d3cucmFrdXRlbi5uZS5qcC9nb2xkL2hvdHJvYWRwYXJ0cy9vcmRlcnMvYm5ybC5qcGcnKTsgYmFja2dyb3VuZC1yZXBlYXQ6IG5vLXJlcGVhdDsiIGFsaWduPSJjZW50ZXIiPgogIDxwIHN0eWxlPSJjb2xvcjojNTQ1RDdDOyBmb250LXNpemU6MjBweDsgZm9udC1mYW1pbHk6J+ODkuODqeOCruODjuinkuOCtCBQcm8gVzMnLCAnSGlyYWdpbm8gS2FrdSBHb3RoaWMgUHJvJywgJ+ODoeOCpOODquOCqicsIE1laXJ5bywgT3Nha2EsICfvvK3vvLMg77yw44K044K344OD44KvJywgJ01TIFBHb3RoaWMnLCBzYW5zLXNlcmlmOyBmb250LXdlaWdodDpib2xkOyBtYXJnaW46MDsgbGluZS1oZWlnaHQ6MzBweDsgdGV4dC1hbGlnbjpsZWZ0OyBwYWRkaW5nLWxlZnQ6MzVweCI+UmV2aWV3cyBPZiBPdXIgQ29uc3VtZXJzPC9wPjwvZGl2PgogIDxkaXYgc3R5bGU9ImJhY2tncm91bmQtY29sb3I6I0ZGRkZGRjsgd2lkdGg6NjcycHg7IG1hcmdpbi1ib3R0b206MTVweDsgcGFkZGluZzowOyBoZWlnaHQ6MzcwcHg7IG92ZXJmbG93OmhpZGRlbjsgYm9yZGVyOjFweCBzb2xpZCAjNjY2NjY2OyI+Cgo8L2Rpdj4KPCEtLSDjgZPjgZPjgb7jgacg44Oq44Ki44Kz44OhIC0tPgoKCjx0YWJsZSB3aWR0aD0iNjgwIiBib3JkZXI9IjAiIGNlbGxwYWRkaW5nPSIyIiBjZWxsc3BhY2luZz0iMCI+Cjx0cj4KPHRkIGFsaWduPSJjZW50ZXIiPjxpbWcgc3JjPSJodHRwOi8vaW1hZ2UucmFrdXRlbi5jby5qcC9ob3Ryb2FkcGFydHMvY2FiaW5ldC9iYW5uZXIvMjAxMzA0MjlfMDA4LmpwZyIgd2lkdGg9IjMzNiIgaGVpZ2h0PSI3MCIgYm9yZGVyPSIwIj48L3RkPgo8dGQgY29sc3Bhbj0iMiIgYWxpZ249ImNlbnRlciI+PGltZyBzcmM9Imh0dHA6Ly9pbWFnZS5yYWt1dGVuLmNvLmpwL2hvdHJvYWRwYXJ0cy9jYWJpbmV0L2Jhbm5lci8yMDEzMDQyOV8wMDcuanBnIiB3aWR0aD0iMzM2IiBoZWlnaHQ9IjcwIiBib3JkZXI9IjAiPjwvdGQ+CjwvdHI+Cjx0cj4KPHRkIGFsaWduPSJjZW50ZXIiPjxpbWcgc3JjPSJodHRwOi8vaW1hZ2UucmFrdXRlbi5jby5qcC9ob3Ryb2FkcGFydHMvY2FiaW5ldC9iYW5uZXIvMjAxMzA0MjlfMDA2LmpwZyIgd2lkdGg9IjMzNiIgaGVpZ2h0PSI3MCIgYm9yZGVyPSIwIj48L3RkPgo8dGQgY29sc3Bhbj0iMiIgYWxpZ249ImNlbnRlciI+PGltZyBzcmM9Imh0dHA6Ly9pbWFnZS5yYWt1dGVuLmNvLmpwL2hvdHJvYWRwYXJ0cy9jYWJpbmV0L2Jhbm5lci8yMDEzMDQyOV8wMDUuanBnIiB3aWR0aD0iMzM2IiBoZWlnaHQ9IjcwIiBib3JkZXI9IjAiPjwvdGQ+CjwvdHI+CjwvdGFibGU+,44Ki44Kv44KiIEFRVUHlsILnlKjjgqLjg7zjg6Djg6zjgrnjg4gg6IKY572u44GNIOWPjue0jSDml6XmnKzoo70g5bCC55So6Kit6KiIL+S8iuiXpOijveS9nOaJgC9JVCBSb21hbu+8mkFRQS0x77ya44Kr44O855So5ZOB6YCa6LKp44Gu44Ob44OD44OI44Ot44O844OJ44OR44O844OE,44Ki44Kv44KiIEFRVUHlsILnlKjjgqLjg7zjg6Djg6zjgrnjg4gg6IKY572u44GNIOWPjue0jSDml6XmnKzoo70g5bCC55So6Kit6KiIL+S8iuiXpOijveS9nOaJgC9JVCBSb21hbu+8mkFRQS0x,44CQ44GC44GZ5qW95a++5b+c44CR44CC44Ki44Kv44KiIEFRVUHlsILnlKjjgqLjg7zjg6Djg6zjgrnjg4gg6IKY572u44GNIOWPjue0jSDml6XmnKzoo70g5bCC55So6Kit6KiIL+S8iuiXpOijveS9nOaJgC9JVCBSb21hbu+8mkFRQS0x[rn]
12-37234,aHR0cDovL3RzaG9wLnIxMHMuanAvaG90cm9hZHBhcnRzL2NhYmluZXQvMTYwNy83MTYwNzA2NDAxXzEuanBnP2ZpdGluPTcwMDo3MDA=,OTQ4MS42MDAw,,6LuK55So5ZOB44O744OQ44Kk44Kv55So5ZOBID4g44Kr44O855So5ZOBID4g5YaF6KOF44OR44O844OEID4g44Kz44Oz44K944O844Or44Oc44OD44Kv44K5,44OP44Kk44Ko44O844K5IDIwMOezuyDjgrPjg7Pjgr3jg7zjg6vjg5zjg4Pjgq/jgrkg44Ki44O844Og44Os44K544OIIDHlnosgMuWeiyAz5Z6LIDTlnosg44Os44K444Ki44K544Ko44O844K5IERYICDml6XmnKzoo70vQkhBLTE=,,44OP44Kk44Ko44O844K55bCC55So44Kz44Oz44K944O844Or44Oc44OD44Kv44K577yBPGJyPjxicj7mhJvou4rjga7jgq/jgqrjg6rjg4bjgqPjga/jgZ3jga7jgb7jgb7jgavjgIHmqZ/og73mgKfjgajjg4fjgrbjgqTjg7PmgKdVUOOCkui/veWPiuOBl+OBn+ODleOCqeODq+ODoOOAgjxicj7lsILnlKjoqK3oqIjjgaDjgYvjgonntJTmraPjga7jgojjgYbjgavjgrjjg6Pjgrnjg4jjg5XjgqPjg4Pjg4jjgII8YnI+44K344O844OI44KS44K544Op44Kk44OJ44GV44Gb44Gm44KC44Gy44GY44KS572u44GP5LqL44GM5Ye65p2l44G+44GZ44CCPGJyPjxicj7jgJDnibnlvrTjgJE8YnI+4peP44K344O844OI44KS44K544Op44Kk44OJ44GV44Gb44Gm44KC5YWF5YiG5qmf6IO944GZ44KL5bCC55So6Kit6KiIPGJyPuKXj+ijveWTgeOBjOOCt+ODvOODiOOBqOW5sua4ieOBl+OBvuOBm+OCk+OAgjxicj7il4/lj5bku5jjgZHnsKHljZjjgafjgrjjg6Pjgrnjg4jjg5XjgqPjg4Pjg4jjgILntJTmraPmjIflkJHjga7kurrjgavjg5Tjg4Pjgr/jg6rjgafjgZnjgII8YnI+4peP5a6J5b+D44Gu5pel5pys6KO944Gn44GZ44CCPGJyPjxicj48YnI+44CQ5LuV5qeY44CRPGJyPuijveWTgeOCteOCpOOCuu+8muaoque0hDM0MG1tw5fnuKbntIQ0NjBtbcOX6auY44GV57SEMTkwbW08YnI+PGJyPuOAkOmBqeW/nOi7iueoruOAkTxicj7jg4/jgqTjgqjjg7zjgrkoVFJIMiMjL0tESDIjI+ezuykoMjAwNOW5tDjmnIjvvZ4p77yI44Oe44Kk44OK44O844OB44Kn44Oz44K45b6M44CAMjAxNeW5tO+9nu+8iTxicj48YnI+44CQ44OW44Op44Oz44OJ44CRPGJyPuW3p+W3peaIvzxicj48YnI+4pag5ZOB55Wq77yaQkhBLTE8IS0tIOOBk+OBk+OBi+OCiUfjg6njg7Pjgq3jg7PjgrAgLS0+CjwhLS0KPGRpdiBzdHlsZT0iaGVpZ2h0OjM1NXB4OyB3aWR0aDo2NzRweDsgb3ZlcmZsb3c6aGlkZGVuOyBtYXJnaW4tYm90dG9tOjE1cHg7IG1hcmdpbi10b3A6LTIwcHg7IHBhZGRpbmc6MCI+CjxiciAvPgo8L2Rpdj4KLS0+Cgo8IS0tIOOBk+OBk+OBvuOBp0fjg6njg7Pjgq3jg7PjgrAgLS0+CjwhLS0g44GT44GT44GL44KJIOODquOCouWPlyAtLT4KPGRpdiBzdHlsZT0id2lkdGg6Njc0cHg7IGhlaWdodDozMHB4OyBiYWNrZ3JvdW5kLWltYWdlOnVybCgnaHR0cDovL3d3dy5yYWt1dGVuLm5lLmpwL2dvbGQvaG90cm9hZHBhcnRzL29yZGVycy9ibnJsLmpwZycpOyBiYWNrZ3JvdW5kLXJlcGVhdDogbm8tcmVwZWF0OyIgYWxpZ249ImNlbnRlciI+CiAgPHAgc3R5bGU9ImNvbG9yOiM1NDVEN0M7IGZvbnQtc2l6ZToyMHB4OyBmb250LWZhbWlseTon44OS44Op44Ku44OO6KeS44K0IFBybyBXMycsICdIaXJhZ2lubyBLYWt1IEdvdGhpYyBQcm8nLCAn44Oh44Kk44Oq44KqJywgTWVpcnlvLCBPc2FrYSwgJ++8re+8syDvvLDjgrTjgrfjg4Pjgq8nLCAnTVMgUEdvdGhpYycsIHNhbnMtc2VyaWY7IGZvbnQtd2VpZ2h0OmJvbGQ7IG1hcmdpbjowOyBsaW5lLWhlaWdodDozMHB4OyB0ZXh0LWFsaWduOmxlZnQ7IHBhZGRpbmctbGVmdDozNXB4Ij5UaGFua3MgRm9yIFlvdXIgT3JkZXJzPC9wPjwvZGl2PgogIDxkaXYgc3R5bGU9ImJhY2tncm91bmQtY29sb3I6I0ZGRkZGRjsgd2lkdGg6NjcycHg7IG1hcmdpbi1ib3R0b206MTVweDsgcGFkZGluZzowOyBoZWlnaHQ6MzQ1cHg7IG92ZXJmbG93OmhpZGRlbjsgYm9yZGVyOjFweCBzb2xpZCAjNjY2NjY2OyI+Cgo8L2Rpdj4KPCEtLSDjgZPjgZPjgb7jgacg44Oq44Ki5Y+XIC0tPgo8IS0tIOOBk+OBk+OBi+OCiSDjg6rjgqLjgrPjg6EgLS0+CjxkaXYgc3R5bGU9IndpZHRoOjY3NHB4OyBoZWlnaHQ6MzBweDsgYmFja2dyb3VuZC1pbWFnZTp1cmwoJ2h0dHA6Ly93d3cucmFrdXRlbi5uZS5qcC9nb2xkL2hvdHJvYWRwYXJ0cy9vcmRlcnMvYm5ybC5qcGcnKTsgYmFja2dyb3VuZC1yZXBlYXQ6IG5vLXJlcGVhdDsiIGFsaWduPSJjZW50ZXIiPgogIDxwIHN0eWxlPSJjb2xvcjojNTQ1RDdDOyBmb250LXNpemU6MjBweDsgZm9udC1mYW1pbHk6J+ODkuODqeOCruODjuinkuOCtCBQcm8gVzMnLCAnSGlyYWdpbm8gS2FrdSBHb3RoaWMgUHJvJywgJ+ODoeOCpOODquOCqicsIE1laXJ5bywgT3Nha2EsICfvvK3vvLMg77yw44K044K344OD44KvJywgJ01TIFBHb3RoaWMnLCBzYW5zLXNlcmlmOyBmb250LXdlaWdodDpib2xkOyBtYXJnaW46MDsgbGluZS1oZWlnaHQ6MzBweDsgdGV4dC1hbGlnbjpsZWZ0OyBwYWRkaW5nLWxlZnQ6MzVweCI+UmV2aWV3cyBPZiBPdXIgQ29uc3VtZXJzPC9wPjwvZGl2PgogIDxkaXYgc3R5bGU9ImJhY2tncm91bmQtY29sb3I6I0ZGRkZGRjsgd2lkdGg6NjcycHg7IG1hcmdpbi1ib3R0b206MTVweDsgcGFkZGluZzowOyBoZWlnaHQ6MzcwcHg7IG92ZXJmbG93OmhpZGRlbjsgYm9yZGVyOjFweCBzb2xpZCAjNjY2NjY2OyI+Cgo8L2Rpdj4KPCEtLSDjgZPjgZPjgb7jgacg44Oq44Ki44Kz44OhIC0tPgoKCjx0YWJsZSB3aWR0aD0iNjgwIiBib3JkZXI9IjAiIGNlbGxwYWRkaW5nPSIyIiBjZWxsc3BhY2luZz0iMCI+Cjx0cj4KPHRkIGFsaWduPSJjZW50ZXIiPjxpbWcgc3JjPSJodHRwOi8vaW1hZ2UucmFrdXRlbi5jby5qcC9ob3Ryb2FkcGFydHMvY2FiaW5ldC9iYW5uZXIvMjAxMzA0MjlfMDA4LmpwZyIgd2lkdGg9IjMzNiIgaGVpZ2h0PSI3MCIgYm9yZGVyPSIwIj48L3RkPgo8dGQgY29sc3Bhbj0iMiIgYWxpZ249ImNlbnRlciI+PGltZyBzcmM9Imh0dHA6Ly9pbWFnZS5yYWt1dGVuLmNvLmpwL2hvdHJvYWRwYXJ0cy9jYWJpbmV0L2Jhbm5lci8yMDEzMDQyOV8wMDcuanBnIiB3aWR0aD0iMzM2IiBoZWlnaHQ9IjcwIiBib3JkZXI9IjAiPjwvdGQ+CjwvdHI+Cjx0cj4KPHRkIGFsaWduPSJjZW50ZXIiPjxpbWcgc3JjPSJodHRwOi8vaW1hZ2UucmFrdXRlbi5jby5qcC9ob3Ryb2FkcGFydHMvY2FiaW5ldC9iYW5uZXIvMjAxMzA0MjlfMDA2LmpwZyIgd2lkdGg9IjMzNiIgaGVpZ2h0PSI3MCIgYm9yZGVyPSIwIj48L3RkPgo8dGQgY29sc3Bhbj0iMiIgYWxpZ249ImNlbnRlciI+PGltZyBzcmM9Imh0dHA6Ly9pbWFnZS5yYWt1dGVuLmNvLmpwL2hvdHJvYWRwYXJ0cy9jYWJpbmV0L2Jhbm5lci8yMDEzMDQyOV8wMDUuanBnIiB3aWR0aD0iMzM2IiBoZWlnaHQ9IjcwIiBib3JkZXI9IjAiPjwvdGQ+CjwvdHI+CjwvdGFibGU+,44OP44Kk44Ko44O844K5IDIwMOezuyDjgrPjg7Pjgr3jg7zjg6vjg5zjg4Pjgq/jgrkg44Ki44O844Og44Os44K544OIIDHlnosgMuWeiyAz5Z6LIDTlnosg44Os44K444Ki44K544Ko44O844K5IERYICDml6XmnKzoo70vQkhBLTHvvJrjgqvjg7znlKjlk4HpgJrosqnjga7jg5vjg4Pjg4jjg63jg7zjg4njg5Hjg7zjg4Q=,44OP44Kk44Ko44O844K5IDIwMOezuyDjgrPjg7Pjgr3jg7zjg6vjg5zjg4Pjgq/jgrkg44Ki44O844Og44Os44K544OIIDHlnosgMuWeiyAz5Z6LIDTlnosg44Os44K444Ki44K544Ko44O844K5IERYICDml6XmnKzoo70vQkhBLTE=,6LuK56iu5bCC55So6Kit6KiI44CC44OP44Kk44Ko44O844K5IDIwMOezuyDjgrPjg7Pjgr3jg7zjg6vjg5zjg4Pjgq/jgrkg44Ki44O844Og44Os44K544OIIDHlnosgMuWeiyAz5Z6LIDTlnosg44Os44K444Ki44K544Ko44O844K5IERYICDml6XmnKzoo70vQkhBLTE=[rn]
12-37235,aHR0cDovL3RzaG9wLnIxMHMuanAvYXVjLXBsZWluZS9jYWJpbmV0LzAxNDI0OTY0LzAxNDM0OTgyLzAxNDUyODc0L2ltZzYxNzI1NTg0LmpwZz9maXRpbj03MDA6NzAw,MjU2MC4wMDAw,,6LuK55So5ZOB44O744OQ44Kk44Kv55So5ZOBID4g44Kr44O855So5ZOBID4g5YaF6KOF44OR44O844OEID4g44Kz44Oz44K944O844Or44Oc44OD44Kv44K5,44Ob44Oz44OA44OV44Kj44OD44OIIEdQNeODu0dLMy80LzUvNueUqOODkeODjeODq+KWoOODm+ODs+ODgEZJVCBVU0Lku5jjg5Xjg63jg7Pjg4jjgrPjg7Pjgr3jg7zjg6vpm7vmupDjgIBVU0LjgrPjg7Pjgrvjg7Pjg4g=,,PGNlbnRlcj4KPHRhYmxlIHdpZHRoPTEwMCUgYm9yZGVyPTAgY2VsbHBhZGRpbmc9NiBjZWxsc3BhY2luZz0xIGJnY29sb3I9Izk5OTk5OT4KICAgIDx0cj4KICAgICAgPFREIGNvbHNwYW49IjIiIGJnY29sb3I9IiNmZjY2MDAiPjxmb250IGNvbG9yPSNmZmZlZDEgc2l6ZT0rMT48c3Ryb25nPuWVhuWTgeips+e0sDwvc3Ryb25nPjwvZm9udD48L1REPgogICAgPC90cj4KICAgIDx0cj4gPHRkIHdpZHRoPTgwIGJnY29sb3I9I2ZmZmZmZj48Zm9udCBjb2xvcj0jZmY2NjMzPuiqrOaYjjwvZm9udD48L3RkPjx0ZCBiZ2NvbG9yPSNmZmZmZmY+PEZPTlQgY29sb3I9IiNmZDNhMDIiPuODm+ODs+ODgOODleOCo+ODg+ODiOWwgueUqOODkeODvOODhOKWoO+8iERBQS1HUDUvNuODu0RCUi1HSzMvNC81LzYp44Gu5Y+z44OP44Oz44OJ44Or5bCC55So44OV44Ot44Oz44OI44Kz44Oz44K944O844Or6Zu75rqQQk9Y4pagIDxCUj4K44OV44Kj44OD44OI44Gu5bCP54mp5YWl44KM44Kz44Oz44K944O844OrQk9Y44GrVVNC6Zu75rqQ44Go44K344Ks44O844K944Kx44OD44OIMuWAi+OBjOWil+ioreOBp+OBjeOCi+WwgueUqOOBruODkeODjeODq+OBp+OBmeOAgiA8QlI+CuWPluOCiuS7mOOBkeOCguOCt+OCrOODvOOCkuW3ruOBl+OAgeS4oemdouODhuODvOODl+OBp+iyvOOCi+OBoOOBkeOBp+OBmeOBruOBp+OBqOOBo+OBpuOCguewoeWNmOOBp+OBmeOAguiJsuOCgue0lOato+OBq+i/keOBhOOBruOBp+mBleWSjOaEn+OBquOBj+WPluOCiuS7mOOBkeOCieOCjOOBvuOBmeOAgiA8QlI+CiAgICAgIOODleOCo+ODg+ODiO+8iERBQS1HUDUvNuODu0RCUi1HSzMvNC81LzYp44Gu5Y+z44OP44Oz44OJ44Or6LuK5bCC55So44OV44Ot44Oz44OI44Kz44Oz44K944O844Or5Y+W5LuY5aKX6Kit6Zu75rqQ77yi77yv77y444Gn44GZ44CCPEJSPgogICAgICA8L0ZPTlQ+PEZPTlQgY29sb3I9IiMwMDAwZmYiPuODleOCo+ODg+ODiO+8iERBQS1HUDUvNuODu0RCUi1HSzMvNC81LzYp44Gu5Y+z44OP44Oz44OJ44Or6LuK5bCC55So44OV44Ot44Oz44OI44Kz44Oz44K944O844Or5Y+W5LuY5aKX6Kit6Zu75rqQ77yi77yv77y444Gn44GZ44CCPEJSPgog57Wm6Zu75bCC55So77y177yz77yi44Od44O844OI44KS5L2/55So44GX44Gm44CB44K544Oe44O844OI44OV44Kp44Oz44O7772J77yw772I772P772O772F44O75pC65biv6Zu76Kmx44Gu5YWF6Zu744GM5Y+v6IO944Gn44GZ44CC77yI5Yil6YCU57SU5q2j77y177yz77yi44Kx44O844OW44Or44GM5b+F6KaB44Gn44GZ77yJPEJSPgog77yS5Y+j44K944Kx44OD44OI44O777y177yz77yi44Od44O844OI44KS5L2/44GE44KE44GZ44GE5aC05omA44Gr57Ch5Y2Y6Kit572u44CCPEJSPgrjgr3jgrHjg4Pjg4jjg6rjg7PjgrDjgajlsI/nianlhaXjgozpg6jliIbjgYzjg5bjg6vjg7zjgavlhYnjgorjgb7jgZnjgII8QlI+CiDmnIDlpKfoqLHlrrnlh7rlipvpm7vmtYHvvJoyLjTvvKE8QlI+CiDlronlv4PvvJHvvJDvvKHjg5Ljg6Xjg7zjgrrku5jjgY0gPC9GT05UPjwvdGQ+PC90cj4KICAgIDx0cj4gPHRkIHdpZHRoPTgwIGJnY29sb3I9I2ZmZmZmZj48Zm9udCBjb2xvcj0jZmY2NjMzPuazqOaEj+S6i+mghTwvZm9udD48L3RkPgogICAgICA8VEQgYmdjb2xvcj0iI2ZmZmZmZiI+CiAgICAgIDx0YWJsZSBib3JkZXI9IjAiIHdpZHRoPSI4MzQiIHN0eWxlPSJjb2xvcjogcmdiKDUxLCA1MSwgNTEpOyBmb250LWZhbWlseTogJ01TIFBHb3RoaWMnOyBsZXR0ZXItc3BhY2luZzogbm9ybWFsOyBvcnBoYW5zOiAyOyB0ZXh0LWluZGVudDogMHB4OyB0ZXh0LXRyYW5zZm9ybTogbm9uZTsgd2lkb3dzOiAyOyB3b3JkLXNwYWNpbmc6IDBweDsgLXdlYmtpdC10ZXh0LXNpemUtYWRqdXN0OiBhdXRvOyAtd2Via2l0LXRleHQtc3Ryb2tlLXdpZHRoOiAwcHg7Ij4KICAgICAgICA8dGJvZHk+CiAgICAgICAgICA8dHI+CiAgICAgICAgICAgIDx0ZCBiZ2NvbG9yPSIjZmZmZmZmIiBzdHlsZT0iY29sb3I6IHJnYigwLCAwLCAwKTsiPjxmb250IGNvbG9yPSIjZmUyZTAxIj7il4/mlrDlk4Hjgajjgarjgorjgb7jgZnjgIIgPEJSPgril4/jg5XjgqPjg4Pjg4jlsILnlKjjgajjgarjgorjgb7jgZnjgIIgPEJSPgril4/jgr3jgrHjg4Ppg6jjga/jg5bjg6vjg7xMRUQv44Os44OD44OJTEVE5LuY44Gn44GZ44CCIDwvZm9udD48L3RkPgogICAgICAgICAgPC90cj4KICAgICAgICA8L3Rib2R5PgogICAgICA8L3RhYmxlPgogICAgICA8L1REPgogICAgPC90cj4KICAgIDxUUj4KICAgICAgPHRkIHdpZHRoPTgwIGJnY29sb3I9I2ZmZmZmZj48Zm9udCBjb2xvcj0jZmY2NjMzPuODoeODvOOCq+ODvDwvZm9udD48L3RkPgogICAgICA8VEQgYmdjb2xvcj0iI2ZmZmZmZiI+PGZvbnQgY29sb3I9I2ZmMzMzMz48Zm9udCBjb2xvcj0iI2ZlMmUwMSI+5qeM5bGL44Ok44OD44KvIDwvZm9udD48L2ZvbnQ+PC9URD4KICAgIDwvVFI+CiAgICA8VFI+CiAgICAgIDx0ZCB3aWR0aD04MCBiZ2NvbG9yPSNmZmZmZmY+PGZvbnQgY29sb3I9I2ZmNjYzMz7pgIHmlpk8L2ZvbnQ+PC90ZD4KICAgICAgPFREIGJnY29sb3I9IiNmZmZmZmYiPjxGT05UIGNvbG9yPSIjZmYwMDAwIj7jg6zjgr/jg7zjg5Hjg4Pjgq/jgIDlhajlm73kuIDlvos1MTDlhobjgIAv44CA5Luj5byV44GN44GvNDAw5YaGKy4zOTDlhoY8L0ZPTlQ+PC9URD4KICAgIDwvVFI+CiAgPC90YWJsZT4KPC9jZW50ZXI+PENFTlRFUj4KPFRBQkxFIGJvcmRlcj0iMCIgaGVpZ2h0PSIzODgiPgogIDxUQk9EWT4KICAgIDxUUj4KICAgICAgPFREIGFsaWduPSJjZW50ZXIiIHdpZHRoPSIxMDA5Ij48SU1HIHNyYz0iaHR0cDovL2ltYWdlLnJha3V0ZW4uY28uanAvYXVjLXBsZWluZS9jYWJpbmV0LzAxNDI1MDk0L2ltZ3JjMDA2NjcxOTc0Ny5qcGciIHdpZHRoPSIxMDAwIiBoZWlnaHQ9IjUyMCIgYm9yZGVyPSIwIiB1c2VtYXA9IiNmdXpvbjEiPjwvVEQ+CiAgICA8L1RSPgogICAgPFRSPgogICAgICA8VEQgYWxpZ249ImNlbnRlciIgd2lkdGg9IjEwMDkiPjxJTUcgc3JjPSJodHRwOi8vaW1hZ2UucmFrdXRlbi5jby5qcC9hdWMtcGxlaW5lL2NhYmluZXQvMDE0MjUwOTQvaW1ncmMwMDY0MTI5NDgxLmpwZyIgd2lkdGg9Ijk5MiIgaGVpZ2h0PSIyMTQiIGJvcmRlcj0iMCIgdXNlbWFwPSIjVE9SQSI+PC9URD4KICAgIDwvVFI+CiAgICA8VFI+CiAgICAgIDxURCBhbGlnbj0iY2VudGVyIiB3aWR0aD0iMTAwOSI+PElNRyBzcmM9Imh0dHA6Ly9pbWFnZS5yYWt1dGVuLmNvLmpwL2F1Yy1wbGVpbmUvY2FiaW5ldC8wMTQ0OTg0MS9pbWc1Njg3NzAyMy5naWYiIHdpZHRoPSIxMDAyIiBoZWlnaHQ9IjYyIiBib3JkZXI9IjAiPjwvVEQ+CiAgICA8L1RSPgogIDwvVEJPRFk+PC9UQUJMRT4KPC9DRU5URVI+CjxNQVAgbmFtZT0iZnV6b24xIj4KICAKICAKICAKICAKICAKICAKICAKICAKICAKICAKPC9NQVA+PE1BUCBuYW1lPSJUT1JBIj4KICAKICAKICAKICAKICAKICAKICAKICAKICAKICAKICAKICAKPC9NQVA+PE1BUCBuYW1lPSJGVVpPTiI+CiAgCiAgCiAgCiAgCiAgCiAgCiAgCiAgCjwvTUFQPjxNQVAgbmFtZT0iMjRWIj4KICAKICAKICAKICAKICAKICAKICAKICAKPC9NQVA+CjxDRU5URVI+PC9DRU5URVI+,44Ob44Oz44OA44OV44Kj44OD44OIIEdQNeODu0dLMy80LzUvNueUqOODkeODjeODq+KWoOODm+ODs+ODgEZJVCBVU0Lku5jjg5Xjg63jg7Pjg4jjgrPjg7Pjgr3jg7zjg6vpm7vmupDjgIBVU0LjgrPjg7Pjgrvjg7Pjg4jvvJpQTEVJTkU=,44Ob44Oz44OA44OV44Kj44OD44OIIEdQNeODu0dLMy80LzUvNueUqOODkeODjeODq+KWoOODm+ODs+ODgEZJVCBVU0Lku5jjg5Xjg63jg7Pjg4jjgrPjg7Pjgr3jg7zjg6vpm7vmupDjgIBVU0LjgrPjg7Pjgrvjg7Pjg4g=,44Ob44Oz44OA44OV44Kj44OD44OIIEdQNeODu0dLMy80LzUvNueUqOODkeODjeODq+KWoOODm+ODs+ODgEZJVCBVU0Lku5jjg5Xjg63jg7Pjg4jjgrPjg7Pjgr3jg7zjg6vpm7vmupDjgIBVU0LjgrPjg7Pjgrvjg7Pjg4g=[rn]
12-37236,aHR0cDovL3RzaG9wLnIxMHMuanAvYXVjLXBsZWluZS9jYWJpbmV0LzAxNDI0OTY0LzAxNDM0OTgyL2ltZzU5NDc1NDQ4LmpwZz9maXRpbj03MDA6NzAw,MjIwMC4wMDAw,,6LuK55So5ZOB44O744OQ44Kk44Kv55So5ZOBID4g44Kr44O855So5ZOBID4g5YaF6KOF44OR44O844OEID4g44Kz44Oz44K944O844Or44Oc44OD44Kv44K5,44OI44Oo44K/44Ki44Kv44Ki5bCC55SoNiBVU0Lpm7vmupAr44K344Ks44O8MumAo+Wil+ioreKWoOODleODreODs+ODiOOCs+ODs+OCveODvOODq+mbu+a6kOKWoOODiOODqOOCv+OCouOCr+OCoiDjg5Hjg7zjg4Q=,,PGNlbnRlcj4KPHRhYmxlIHdpZHRoPTEwMCUgYm9yZGVyPTAgY2VsbHBhZGRpbmc9NiBjZWxsc3BhY2luZz0xIGJnY29sb3I9Izk5OTk5OT4KICAgIDx0cj4KICAgICAgPFREIGNvbHNwYW49IjIiIGJnY29sb3I9IiNmZjY2MDAiPjxmb250IGNvbG9yPSNmZmZlZDEgc2l6ZT0rMT48c3Ryb25nPuWVhuWTgeips+e0sDwvc3Ryb25nPjwvZm9udD48L1REPgogICAgPC90cj4KICAgIDx0cj4gPHRkIHdpZHRoPTgwIGJnY29sb3I9I2ZmZmZmZj48Zm9udCBjb2xvcj0jZmY2NjMzPuiqrOaYjjwvZm9udD48L3RkPjx0ZCBiZ2NvbG9yPSNmZmZmZmY+CiAgICAgIDxUQUJMRT4KICAgICAgICA8VEJPRFk+CiAgICAgICAgICA8dHI+CiAgICAgICAgICAgIDx0ZCBiZ2NvbG9yPSIjZmZmZmZmIj48Zm9udCBjb2xvcj0iI2ZlMmUwMSI+PGZvbnQgc2l6ZT0iMyI+PGZvbnQgCnNpemU9IjMiPjxmb250IHNpemU9IjMiPjxmb250IHNpemU9IjMiPjxmb250IHNpemU9IjMiPjxmb250IApjb2xvcj0iI2ZlMmUwMSI+PGZvbnQgc2l6ZT0iMyI+PGZvbnQgY29sb3I9IiNmZTJlMDEiPjxmb250IHNpemU9IjMiPjxmb250CiBjb2xvcj0iI2ZlMmUwMSI+PGZvbnQgc2l6ZT0iMyI+44Ki44Kv44Ki5bCC55So44OR44O844OE4pagU1ktQTYg44OV44Ot44Oz44OI44Kz44Oz44K944O844Or6Zu75rqQQk9Y4pagPEJSPgrjgqLjgq/jgqLjga7jgrPjg7Pjgr3jg7zjg6tCT1jjgatVU0Lpm7vmupDjgajjgrfjgqzjg7zjgr3jgrHjg4Pjg4gy5YCL44GM5aKX6Kit44Gn44GN44CB44K544Oe44O844OI44OV44Kp44Oz44KE6Z+z5qW944OX44Os44Kk44Ok44O8PEJSPgrjgpLlhaXjgozjgovjga7jgavkuIHluqboia/jgYTlsI/nianlhaXjgozjgavjgZnjgovjgZPjgajjgYzjgafjgY3jgovlsILnlKjjg5Hjg7zjg4TjgafjgZnjgILlj5bjgorku5jjgZHjgoLjgrfjgqzjg7zjgpLlt67jgZfjgIHkuKHpnaLjg4bjg7zjg5c8QlI+CuOBp+iyvOOCi+OBoOOBkeOBp+OBmeOBruOBp+OBqOOBo+OBpuOCguewoeWNmOOBp+OBmeOAguiJsuOCgue0lOato+OBq+i/keOBhOOBruOBp+mBleWSjOaEn+OBquOBj+WPluOCiuS7mOOBkeOCieOCjOOBvuOBmeOAgjwvZm9udD48Rk9OVCBzaXplPSIzIiBjb2xvcj0iIzAwMDBmZiI+PHNwYW4gc3R5bGU9ImNvbG9yOiByZ2IoMCwgMCwgMjU1KTsgZm9udC1mYW1pbHk6ICdNUyBQR290aGljJzsgZm9udC1zaXplOiBtZWRpdW07IGZvbnQtc3R5bGU6IG5vcm1hbDsgZm9udC12YXJpYW50OiBub3JtYWw7IGZvbnQtd2VpZ2h0OiBub3JtYWw7IGxldHRlci1zcGFjaW5nOiBub3JtYWw7IGxpbmUtaGVpZ2h0OiBub3JtYWw7IG9ycGhhbnM6IDI7IHRleHQtYWxpZ246IC13ZWJraXQtbGVmdDsgdGV4dC1pbmRlbnQ6IDBweDsgdGV4dC10cmFuc2Zvcm06IG5vbmU7IHdoaXRlLXNwYWNlOiBub3JtYWw7IHdpZG93czogMjsgd29yZC1zcGFjaW5nOiAwcHg7IC13ZWJraXQtdGV4dC1zaXplLWFkanVzdDogYXV0bzsgLXdlYmtpdC10ZXh0LXN0cm9rZS13aWR0aDogMHB4OyBiYWNrZ3JvdW5kLWNvbG9yOiByZ2IoMjU1LCAyNTUsIDI1NSk7IGRpc3BsYXk6IGlubGluZSAhaW1wb3J0YW50OyBmbG9hdDogbm9uZTsgIj48L3NwYW4+PC9GT05UPjxmb250IHNpemU9IjMiPjxGT05UIGNvbG9yPSIjMDAwMGZmIiBzdHlsZT0iZm9udC1mYW1pbHk6ICdNUyBQR290aGljJzsgZm9udC1zaXplOiBtZWRpdW07IGZvbnQtc3R5bGU6IG5vcm1hbDsgZm9udC12YXJpYW50OiBub3JtYWw7IGZvbnQtd2VpZ2h0OiBub3JtYWw7IGxldHRlci1zcGFjaW5nOiBub3JtYWw7IGxpbmUtaGVpZ2h0OiBub3JtYWw7IG9ycGhhbnM6IDI7IHRleHQtYWxpZ246IHN0YXJ0OyB0ZXh0LWluZGVudDogMHB4OyB0ZXh0LXRyYW5zZm9ybTogbm9uZTsgd2hpdGUtc3BhY2U6IG5vcm1hbDsgd2lkb3dzOiAyOyB3b3JkLXNwYWNpbmc6IDBweDsgLXdlYmtpdC10ZXh0LXNpemUtYWRqdXN0OiBhdXRvOyAtd2Via2l0LXRleHQtc3Ryb2tlLXdpZHRoOiAwcHg7ICI+PHNwYW4gc3R5bGU9ImNvbG9yOiByZ2IoMCwgMCwgMjU1KTsgZm9udC1mYW1pbHk6ICdNUyBQR290aGljJzsgZm9udC1zaXplOiBtZWRpdW07IGZvbnQtc3R5bGU6IG5vcm1hbDsgZm9udC12YXJpYW50OiBub3JtYWw7IGZvbnQtd2VpZ2h0OiBub3JtYWw7IGxldHRlci1zcGFjaW5nOiBub3JtYWw7IGxpbmUtaGVpZ2h0OiBub3JtYWw7IG9ycGhhbnM6IDI7IHRleHQtYWxpZ246IHN0YXJ0OyB0ZXh0LWluZGVudDogMHB4OyB0ZXh0LXRyYW5zZm9ybTogbm9uZTsgd2hpdGUtc3BhY2U6IG5vcm1hbDsgd2lkb3dzOiAyOyB3b3JkLXNwYWNpbmc6IDBweDsgLXdlYmtpdC10ZXh0LXNpemUtYWRqdXN0OiBhdXRvOyAtd2Via2l0LXRleHQtc3Ryb2tlLXdpZHRoOiAwcHg7IGJhY2tncm91bmQtY29sb3I6IHJnYigyNTUsIDI1NSwgMjU1KTsgZGlzcGxheTogaW5saW5lICFpbXBvcnRhbnQ7IGZsb2F0OiBub25lOyI+PEJSPgogICAgICAgICAgICAy5Y+j44K944Kx44OD44OI44O7VVNC44Od44O844OI44KS5L2/44GE44KE44GZ44GE5aC05omA44Gr57Ch5Y2Y5aKX6Kit44CCPEJSPgogICAgICAgICAgICDjgrnjg57jg7zjg4jjg5Xjgqnjg7PjgoRJUGhvbmXnrYnjgIHlhYXpm7vkuK3jga7nva7jgY3loLTjgavkvr/liKnjgarou5/os6rntKDmnZDjga7lsI/nianlhaXjgozku5jjgY3jgafjgZnjgII8QlI+CiAgICAgICAgICAgIOS4oemdouODhuODvOODl+WPluOCiuS7mOOBkeOCi+OBoOOBkeOBruewoeWNmOijheedgOOAgjxCUj4KICAgICAgICAgICAg5YaF6KOF44Gu6Zuw5Zuy5rCX44Gr5ZCI44KP44Gb44Gf6buS44K344Oc6Kq/44Gn44GZ44CCPEJSPgogICAgICAgICAgICA8c3BhbiBzdHlsZT0iY29sb3I6IHJnYigyNTQsIDQ2LCAxKTsgZm9udC1mYW1pbHk6ICdNUyBQR290aGljJzsgZm9udC1zaXplOiBtZWRpdW07IGZvbnQtc3R5bGU6IG5vcm1hbDsgZm9udC12YXJpYW50OiBub3JtYWw7IGZvbnQtd2VpZ2h0OiBub3JtYWw7IGxldHRlci1zcGFjaW5nOiBub3JtYWw7IGxpbmUtaGVpZ2h0OiBub3JtYWw7IG9ycGhhbnM6IDI7IHRleHQtYWxpZ246IHN0YXJ0OyB0ZXh0LWluZGVudDogMHB4OyB0ZXh0LXRyYW5zZm9ybTogbm9uZTsgd2hpdGUtc3BhY2U6IG5vcm1hbDsgd2lkb3dzOiAyOyB3b3JkLXNwYWNpbmc6IDBweDsgLXdlYmtpdC10ZXh0LXNpemUtYWRqdXN0OiBhdXRvOyAtd2Via2l0LXRleHQtc3Ryb2tlLXdpZHRoOiAwcHg7IGJhY2tncm91bmQtY29sb3I6IHJnYigyNTUsIDI1NSwgMjU1KTsgZGlzcGxheTogaW5saW5lICFpbXBvcnRhbnQ7IGZsb2F0OiBub25lOyI+aVBob25l44KEaVBvZOOBr+WVj+mhjOOBquOBj+WFhembu+OBp+OBjeOBvuOBmeOAgmlQYWTjga/lhYXpm7vjgafjgY3jgb7jgZvjgpPjgILjgZ3jga7ku5bjgrnjg57jg7zjg4jjg5Xjgqnjg7Pjgarjganjga88L3NwYW4+PEJSPgogICAgICAgICAgICA8L3NwYW4+PC9GT05UPjxGT05UIGNvbG9yPSIjZmI2MTA0IiBzdHlsZT0iZm9udC1mYW1pbHk6ICdNUyBQR290aGljJzsgZm9udC1zaXplOiBtZWRpdW07IGZvbnQtc3R5bGU6IG5vcm1hbDsgZm9udC12YXJpYW50OiBub3JtYWw7IGZvbnQtd2VpZ2h0OiBub3JtYWw7IGxldHRlci1zcGFjaW5nOiBub3JtYWw7IGxpbmUtaGVpZ2h0OiBub3JtYWw7IG9ycGhhbnM6IDI7IHRleHQtYWxpZ246IHN0YXJ0OyB0ZXh0LWluZGVudDogMHB4OyB0ZXh0LXRyYW5zZm9ybTogbm9uZTsgd2hpdGUtc3BhY2U6IG5vcm1hbDsgd2lkb3dzOiAyOyB3b3JkLXNwYWNpbmc6IDBweDsgLXdlYmtpdC10ZXh0LXNpemUtYWRqdXN0OiBhdXRvOyAtd2Via2l0LXRleHQtc3Ryb2tlLXdpZHRoOiAwcHg7ICI+PEZPTlQgY29sb3I9IiNmYjYxMDQiIHN0eWxlPSJmb250LWZhbWlseTogJ01TIFBHb3RoaWMnOyBmb250LXNpemU6IG1lZGl1bTsgZm9udC1zdHlsZTogbm9ybWFsOyBmb250LXZhcmlhbnQ6IG5vcm1hbDsgZm9udC13ZWlnaHQ6IG5vcm1hbDsgbGV0dGVyLXNwYWNpbmc6IG5vcm1hbDsgbGluZS1oZWlnaHQ6IG5vcm1hbDsgb3JwaGFuczogMjsgdGV4dC1hbGlnbjogc3RhcnQ7IHRleHQtaW5kZW50OiAwcHg7IHRleHQtdHJhbnNmb3JtOiBub25lOyB3aGl0ZS1zcGFjZTogbm9ybWFsOyB3aWRvd3M6IDI7IHdvcmQtc3BhY2luZzogMHB4OyAtd2Via2l0LXRleHQtc2l6ZS1hZGp1c3Q6IGF1dG87IC13ZWJraXQtdGV4dC1zdHJva2Utd2lkdGg6IDBweDsgIj48c3BhbiBzdHlsZT0iY29sb3I6IHJnYigwLCAwLCAyNTUpOyBmb250LWZhbWlseTogJ01TIFBHb3RoaWMnOyBmb250LXNpemU6IG1lZGl1bTsgZm9udC1zdHlsZTogbm9ybWFsOyBmb250LXZhcmlhbnQ6IG5vcm1hbDsgZm9udC13ZWlnaHQ6IG5vcm1hbDsgbGV0dGVyLXNwYWNpbmc6IG5vcm1hbDsgbGluZS1oZWlnaHQ6IG5vcm1hbDsgb3JwaGFuczogMjsgdGV4dC1hbGlnbjogc3RhcnQ7IHRleHQtaW5kZW50OiAwcHg7IHRleHQtdHJhbnNmb3JtOiBub25lOyB3aGl0ZS1zcGFjZTogbm9ybWFsOyB3aWRvd3M6IDI7IHdvcmQtc3BhY2luZzogMHB4OyAtd2Via2l0LXRleHQtc2l6ZS1hZGp1c3Q6IGF1dG87IC13ZWJraXQtdGV4dC1zdHJva2Utd2lkdGg6IDBweDsgYmFja2dyb3VuZC1jb2xvcjogcmdiKDI1NSwgMjU1LCAyNTUpOyBkaXNwbGF5OiBpbmxpbmUgIWltcG9ydGFudDsgZmxvYXQ6IG5vbmU7Ij7kvb/nlKjjgafjgY3jgotVU0Ljga/pganlkIjjgpLjgZTnorroqo3jgY/jgaDjgZXjgYTjgII8L3NwYW4+PC9GT05UPjwvRk9OVD48Rk9OVCBjb2xvcj0iIzAwMDBmZiIgc3R5bGU9ImZvbnQtZmFtaWx5OiAnTVMgUEdvdGhpYyc7IGZvbnQtc2l6ZTogbWVkaXVtOyBmb250LXN0eWxlOiBub3JtYWw7IGZvbnQtdmFyaWFudDogbm9ybWFsOyBmb250LXdlaWdodDogbm9ybWFsOyBsZXR0ZXItc3BhY2luZzogbm9ybWFsOyBsaW5lLWhlaWdodDogbm9ybWFsOyBvcnBoYW5zOiAyOyB0ZXh0LWFsaWduOiBzdGFydDsgdGV4dC1pbmRlbnQ6IDBweDsgdGV4dC10cmFuc2Zvcm06IG5vbmU7IHdoaXRlLXNwYWNlOiBub3JtYWw7IHdpZG93czogMjsgd29yZC1zcGFjaW5nOiAwcHg7IC13ZWJraXQtdGV4dC1zaXplLWFkanVzdDogYXV0bzsgLXdlYmtpdC10ZXh0LXN0cm9rZS13aWR0aDogMHB4OyAiPjxzcGFuIHN0eWxlPSJjb2xvcjogcmdiKDAsIDAsIDI1NSk7IGZvbnQtZmFtaWx5OiAnTVMgUEdvdGhpYyc7IGZvbnQtc2l6ZTogbWVkaXVtOyBmb250LXN0eWxlOiBub3JtYWw7IGZvbnQtdmFyaWFudDogbm9ybWFsOyBmb250LXdlaWdodDogbm9ybWFsOyBsZXR0ZXItc3BhY2luZzogbm9ybWFsOyBsaW5lLWhlaWdodDogbm9ybWFsOyBvcnBoYW5zOiAyOyB0ZXh0LWFsaWduOiBzdGFydDsgdGV4dC1pbmRlbnQ6IDBweDsgdGV4dC10cmFuc2Zvcm06IG5vbmU7IHdoaXRlLXNwYWNlOiBub3JtYWw7IHdpZG93czogMjsgd29yZC1zcGFjaW5nOiAwcHg7IC13ZWJraXQtdGV4dC1zaXplLWFkanVzdDogYXV0bzsgLXdlYmtpdC10ZXh0LXN0cm9rZS13aWR0aDogMHB4OyBiYWNrZ3JvdW5kLWNvbG9yOiByZ2IoMjU1LCAyNTUsIDI1NSk7IGRpc3BsYXk6IGlubGluZSAhaW1wb3J0YW50OyBmbG9hdDogbm9uZTsiPmh0dHA6Ly9saW5rLnJha3V0ZW4uY28uanAvMC8wMzQvNTA3Lzwvc3Bhbj48L0ZPTlQ+PC9mb250PjwvZm9udD48L2ZvbnQ+PC9mb250PjwvZm9udD48L2ZvbnQ+PC9mb250PjwvZm9udD48L2ZvbnQ+PC9mb250PjwvZm9udD48L2ZvbnQ+PHNwYW4gc3R5bGU9ImNvbG9yOiByZ2IoMjU0LCA0NiwgMSk7IGZvbnQtZmFtaWx5OiAnTVMgUEdvdGhpYyc7IGZvbnQtc2l6ZTogbWVkaXVtOyBmb250LXN0eWxlOiBub3JtYWw7IGZvbnQtdmFyaWFudDogbm9ybWFsOyBmb250LXdlaWdodDogbm9ybWFsOyBsZXR0ZXItc3BhY2luZzogbm9ybWFsOyBsaW5lLWhlaWdodDogbm9ybWFsOyBvcnBoYW5zOiAyOyB0ZXh0LWFsaWduOiBzdGFydDsgdGV4dC1pbmRlbnQ6IDBweDsgdGV4dC10cmFuc2Zvcm06IG5vbmU7IHdoaXRlLXNwYWNlOiBub3JtYWw7IHdpZG93czogMjsgd29yZC1zcGFjaW5nOiAwcHg7IC13ZWJraXQtdGV4dC1zaXplLWFkanVzdDogYXV0bzsgLXdlYmtpdC10ZXh0LXN0cm9rZS13aWR0aDogMHB4OyBiYWNrZ3JvdW5kLWNvbG9yOiByZ2IoMjU1LCAyNTUsIDI1NSk7IGRpc3BsYXk6IGlubGluZSAhaW1wb3J0YW50OyBmbG9hdDogbm9uZTsiPjwvc3Bhbj48L3RkPgogICAgICAgICAgIDwvdHI+CiAgICAgICAgPC9UQk9EWT4KICAgICAgPC9UQUJMRT4KICAgICAgPC90ZD48L3RyPgogICAgPHRyPiA8dGQgd2lkdGg9ODAgYmdjb2xvcj0jZmZmZmZmPjxmb250IGNvbG9yPSNmZjY2MzM+5rOo5oSP5LqL6aCFPC9mb250PjwvdGQ+CiAgICAgIDxURCBiZ2NvbG9yPSIjZmZmZmZmIj48Zm9udCBjb2xvcj0iI2ZlMmUwMSI+4peP5paw5ZOB44Go44Gq44KK44G+44GZ44CCPEJSPgril4/jgqLjgq/jgqLlsILnlKjjgajjgarjgorjgb7jgZnjgII8QlI+CuKXj1VTQuWvvuW/nOapn+eoruOCkuOBlOeiuuiqjeOBj+OBoOOBleOBhOOAgjxCUj4K4peP44K944Kx44OD6YOo44Gv44OW44Or44O8TEVE5LuY44Gn44GZ44CCPC9mb250PjwvVEQ+CiAgICA8L3RyPgogICAgPFRSPgogICAgICA8dGQgd2lkdGg9ODAgYmdjb2xvcj0jZmZmZmZmPjxmb250IGNvbG9yPSNmZjY2MzM+44Oh44O844Kr44O8PC9mb250PjwvdGQ+CiAgICAgIDxURCBiZ2NvbG9yPSIjZmZmZmZmIj48Zm9udCBjb2xvcj0jZmYzMzMzPjxmb250IGNvbG9yPSIjZmUyZTAxIj7jg6Hjg7zjgqvjg7zimIbmp4zlsYvjg6Tjg4Pjgq88L2ZvbnQ+PC9mb250PjwvVEQ+CiAgICA8L1RSPgogICAgPFRSPgogICAgICA8VEQgd2lkdGg9IjgwIiBiZ2NvbG9yPSIjZmZmZmZmIj48Zm9udCBjb2xvcj0jZmY2NjMzPumAgeaWmTwvZm9udD48L1REPgogICAgICA8VEQgYmdjb2xvcj0iI2ZmZmZmZiI+PGZvbnQgc2l6ZT0iMiI+PEZPTlQgY29sb3I9IiNmZjAwMDAiIHNpemU9IisxIj7nibnlrproqJjpjLLpg7Xkvr/jgIDlhajlm73kuIDlvos1NjDlhoYv5Luj5byV44GN44GvNDAw5YaGKzM3MOWGhu+8iOaJi+aVsOaWme+8iTwvRk9OVD48L2ZvbnQ+PC9URD4KICAgIDwvVFI+CiAgPC90YWJsZT4KPC9jZW50ZXI+PENFTlRFUj4KPFRBQkxFIGJvcmRlcj0iMCIgaGVpZ2h0PSIzODgiPgogIDxUQk9EWT4KICAgIDxUUj4KICAgICAgPFREIGFsaWduPSJjZW50ZXIiIHdpZHRoPSIxMDA5Ij48SU1HIHNyYz0iaHR0cDovL2ltYWdlLnJha3V0ZW4uY28uanAvYXVjLXBsZWluZS9jYWJpbmV0LzAxNDI1MDk0L2ltZ3JjMDA2NjcxOTc0Ny5qcGciIHdpZHRoPSIxMDAwIiBoZWlnaHQ9IjUyMCIgYm9yZGVyPSIwIiB1c2VtYXA9IiNmdXpvbjEiPjwvVEQ+CiAgICA8L1RSPgogICAgPFRSPgogICAgICA8VEQgYWxpZ249ImNlbnRlciIgd2lkdGg9IjEwMDkiPjxJTUcgc3JjPSJodHRwOi8vaW1hZ2UucmFrdXRlbi5jby5qcC9hdWMtcGxlaW5lL2NhYmluZXQvMDE0MjUwOTQvaW1ncmMwMDY0MTI5NDgxLmpwZyIgd2lkdGg9Ijk5MiIgaGVpZ2h0PSIyMTQiIGJvcmRlcj0iMCIgdXNlbWFwPSIjVE9SQSI+PC9URD4KICAgIDwvVFI+CiAgICA8VFI+CiAgICAgIDxURCBhbGlnbj0iY2VudGVyIiB3aWR0aD0iMTAwOSI+PElNRyBzcmM9Imh0dHA6Ly9pbWFnZS5yYWt1dGVuLmNvLmpwL2F1Yy1wbGVpbmUvY2FiaW5ldC8wMTQ0OTg0MS9pbWc1Njg3NzAyMy5naWYiIHdpZHRoPSIxMDAyIiBoZWlnaHQ9IjYyIiBib3JkZXI9IjAiPjwvVEQ+CiAgICA8L1RSPgogIDwvVEJPRFk+PC9UQUJMRT4KPC9DRU5URVI+CjxNQVAgbmFtZT0iZnV6b24xIj4KICAKICAKICAKICAKICAKICAKICAKICAKICAKICAKPC9NQVA+PE1BUCBuYW1lPSJUT1JBIj4KICAKICAKICAKICAKICAKICAKICAKICAKICAKICAKICAKICAKPC9NQVA+PE1BUCBuYW1lPSJGVVpPTiI+CiAgCiAgCiAgCiAgCiAgCiAgCiAgCiAgCjwvTUFQPjxNQVAgbmFtZT0iMjRWIj4KICAKICAKICAKICAKICAKICAKICAKICAKPC9NQVA+CjxDRU5URVI+PC9DRU5URVI+,44OI44Oo44K/44Ki44Kv44Ki5bCC55SoNiBVU0Lpm7vmupAr44K344Ks44O8MumAo+Wil+ioreKWoOODleODreODs+ODiOOCs+ODs+OCveODvOODq+mbu+a6kOKWoOODiOODqOOCv+OCouOCr+OCoiDjg5Hjg7zjg4TvvJpQTEVJTkU=,44OI44Oo44K/44Ki44Kv44Ki5bCC55SoNiBVU0Lpm7vmupAr44K344Ks44O8MumAo+Wil+ioreKWoOODleODreODs+ODiOOCs+ODs+OCveODvOODq+mbu+a6kOKWoOODiOODqOOCv+OCouOCr+OCoiDjg5Hjg7zjg4Q=,44OI44Oo44K/44Ki44Kv44Ki5bCC55SoNiBVU0Lpm7vmupAr44K344Ks44O8MumAo+Wil+ioreKWoOODleODreODs+ODiOOCs+ODs+OCveODvOODq+mbu+a6kOKWoOODiOODqOOCv+OCouOCr+OCoiDjg5Hjg7zjg4Q=[rn]
12-37237,aHR0cDovL3RzaG9wLnIxMHMuanAvYXVjLXBsZWluZS9jYWJpbmV0LzAxNDI0OTY0LzAxNDM0OTgyLzAxNDUyODc0L2ltZ3JjMDA2MjQ1Njk0NC5qcGc/Zml0aW49NzAwOjcwMA==,MzI4MC4wMDAw,,6LuK55So5ZOB44O744OQ44Kk44Kv55So5ZOBID4g44Kr44O855So5ZOBID4g5YaF6KOF44OR44O844OEID4g44Kz44Oz44K944O844Or44Oc44OD44Kv44K5,44OO44KiIDgw57O777yG44O044Kp44Kv44K344O8IDgw57O777yG44Ko44K544Kv44Kh44Kk44Ki5bCC55So44K444Oj44K544OI44OV44Kj44OD44OI4piFVVNCK+OCt+OCrOODvOWQhDLlgIvlopfoqK1WM+OAgOODtOOCqeOCr+OCt+ODvCDjg4njg6zjgrnjgqLjg4Pjg5dVU0LlopfoqK0=,,PGNlbnRlcj4KPHRhYmxlIHdpZHRoPTEwMCUgYm9yZGVyPTAgY2VsbHBhZGRpbmc9NiBjZWxsc3BhY2luZz0xIGJnY29sb3I9Izk5OTk5OT4KICAgIDx0cj4KICAgICAgPFREIGNvbHNwYW49IjIiIGJnY29sb3I9IiNmZjY2MDAiPjxmb250IGNvbG9yPSNmZmZlZDEgc2l6ZT0rMT48c3Ryb25nPuWVhuWTgeips+e0sDwvc3Ryb25nPjwvZm9udD48L1REPgogICAgPC90cj4KICAgIDx0cj4gPHRkIHdpZHRoPTgwIGJnY29sb3I9I2ZmZmZmZj48Zm9udCBjb2xvcj0jZmY2NjMzPuiqrOaYjjwvZm9udD48L3RkPjx0ZCBiZ2NvbG9yPSNmZmZmZmY+PEZPTlQgY29sb3I9IiNmZDNhMDIiPjgw57O744OO44Ki44O744O044Kp44Kv44K344O8L+OCqOOCueOCr+OCoeOCpOOCouWwgueUqFVTQivlopfoqK3jgr3jgrHjg4Pjg4jjgIDlsILnlKjoqK3oqIjjgafjgrjjg6Pjgrnjg4jjg5XjgqPjg4Pjg4g8QlI+CuWwgueUqOioreioiOOBquOBruOBp+mBleWSjOaEn+OBquOBj+OCuOODo+OCueODiOODleOCo+ODg+ODiO+8gTHlgIvjgZfjgYvjgarjgYTjgrfjgqzjg7zjgr3jgrHjg4Pjg4jjgYxVU0Ljgr3jgrHjg4Pjg4jjgYwy5YCL44CAVVNC44K944Kx44OD44OI44GMMuWAi+OBqyA8QlI+CiAgICAgIOWkluims+OCkuaQjeOBreOCi+OBk+OBqOOBquOBj+Wil+ioreOBp+OBjeOBvuOBmeOAgiA8QlI+CiAgICAgIDwvRk9OVD48Rk9OVCBjb2xvcj0iIzAwMDBmZiI+5bCC55So6Kit6KiI44Gn44CB44K744Oz44K/44O844Kz44Oz44K944O844Or44Ot44Ki44Oc44OD44Kv44K544Gr44OU44OD44K/44Oq44OV44Kj44OD44OI44CCPEJSPgog57Wm6Zu75bCC55So77y177yz77yi44Od44O844OI44KS5L2/55So44GX44Gm44CB44K/44OW44Os44OD44OI44O7aVBob25l44O744K544Oe44O844OI44OV44Kp44Oz44O75pC65biv6Zu76Kmx562J44Gu5YWF6Zu744GM5Y+v6IO944Gn44GZ44CCPEJSPgrigLvliKXpgJTntJTmraPjga5VU0LjgrPjg7zjg4njgYzlv4XopoHjgafjgZnjgII8QlI+CiDlpJzplpPkvb/nlKjmmYLjgoTpgJrpm7vnorroqo3nlKjjg5bjg6vjg7zjgqTjg6vjg5/jg43jg7zjgrfjg6fjg7Pku5jjgY3jgILvvIjjgr3jgrHjg4Pjg4jjg6rjg7PjgrDjg7tVU0Ljg53jg7zjg4jvvIk8QlI+CuOCouOCr+OCu+OCteODquODvOOCveOCseODg+ODiOOBq+OCq+ODvOODl+ODqeOCsOOCkuW3ruOBl+i+vOOBv+OAgeS4oemdouODhuODvOODl+OBp+iyvOOCiuS7mOOBkeOCi+OBoOOBkeOBruewoeWNmOijheedgOOAgjxCUj4KIOi7iuS4oeOBq+WQiOOCj+OBm+OBn+OCt+ODnOiqv+OAgjxCUj4K44CQ5Li744Gq5LuV5qeY44CR44CA44CA44CAIDxCUj4K4peP44K944Kx44OD44OI77yS5Y+j5ZCI6KiITUFY44CAN0HvvIjvvJHvvJBB44OS44Ol44O844K65LuY44GN77yJIDxCUj4KICAgICAg4pePVVNC44CA77yS5Y+j5ZCI6KiITUFY44CAMy42Qe+8iOODkuODpeODvOOCuuS7mOOBje+8iSA8L0ZPTlQ+PEZPTlQgY29sb3I9IiMwMDAwMDAiPjxCUj4KICAgICAgPC9GT05UPjwvdGQ+PC90cj4KICAgIDx0cj4gPHRkIHdpZHRoPTgwIGJnY29sb3I9I2ZmZmZmZj48Zm9udCBjb2xvcj0jZmY2NjMzPuazqOaEj+S6i+mghTwvZm9udD48L3RkPgogICAgICA8VEQgYmdjb2xvcj0iI2ZmZmZmZiI+PGZvbnQgY29sb3I9I2ZmMzMzMz7il4/mlrDlk4Hjgajjgarjgorjgb7jgZnjgIIgPEJSPgril4/vvJjvvJDns7vjg47jgqLjg7vjg7Tjgqnjgq/jgrfjg7zlsILnlKjjgajjgarjgorjgb7jgZnjgIIgPEJSPgril4/oibLjga/pu5Lns7vntJTmraPjga7oibLjgavov5HjgYToibLjgajjgarjgorjgb7jgZnjgIIgPEJSPgril4/lhYXpm7vjgafjgY3jgovmqZ/nqK7jga/jg6Hjg7zjgqvjg7zjg5rjg7zjgrjjgavjgabjgZTnorroqo3jgY/jgaDjgZXjgYTjgIIgPC9mb250PjwvVEQ+CiAgICA8L3RyPgogICAgPFRSPgogICAgICA8dGQgd2lkdGg9ODAgYmdjb2xvcj0jZmZmZmZmPjxmb250IGNvbG9yPSNmZjY2MzM+44Oh44O844Kr44O8PC9mb250PjwvdGQ+CiAgICAgIDxURCBiZ2NvbG9yPSIjZmZmZmZmIj48Zm9udCBjb2xvcj0jZmYzMzMzPjxmb250IGNvbG9yPSIjZmUyZTAxIj7mp4zlsYvjg6Tjg4Pjgq/moKrlvI/kvJrnpL4gPC9mb250PjwvZm9udD48L1REPgogICAgPC9UUj4KICAgIDxUUj4KICAgICAgPHRkIHdpZHRoPTgwIGJnY29sb3I9I2ZmZmZmZj48Zm9udCBjb2xvcj0jZmY2NjMzPumAgeaWmTwvZm9udD48L3RkPgogICAgICA8VEQgYmdjb2xvcj0iI2ZmZmZmZiI+PEZPTlQgY29sb3I9IiNmZjAwMDAiPuODrOOCv+ODvOODkeODg+OCr+OAgOWFqOWbveS4gOW+izUxMOWGhuOAgC/ku6PlvJXjgY3jga80MDDlhoYrMzkw77yI5omL5pWw5paZ77yJPC9GT05UPjwvVEQ+CiAgICA8L1RSPgogIDwvdGFibGU+CjwvY2VudGVyPjxDRU5URVI+CjxUQUJMRSBib3JkZXI9IjAiIGhlaWdodD0iMzg4Ij4KICA8VEJPRFk+CiAgICA8VFI+CiAgICAgIDxURCBhbGlnbj0iY2VudGVyIiB3aWR0aD0iMTAwOSI+PElNRyBzcmM9Imh0dHA6Ly9pbWFnZS5yYWt1dGVuLmNvLmpwL2F1Yy1wbGVpbmUvY2FiaW5ldC8wMTQyNTA5NC9pbWdyYzAwNjY3MTk3NDcuanBnIiB3aWR0aD0iMTAwMCIgaGVpZ2h0PSI1MjAiIGJvcmRlcj0iMCIgdXNlbWFwPSIjZnV6b24xIj48L1REPgogICAgPC9UUj4KICAgIDxUUj4KICAgICAgPFREIGFsaWduPSJjZW50ZXIiIHdpZHRoPSIxMDA5Ij48SU1HIHNyYz0iaHR0cDovL2ltYWdlLnJha3V0ZW4uY28uanAvYXVjLXBsZWluZS9jYWJpbmV0LzAxNDI1MDk0L2ltZ3JjMDA2NDEyOTQ4MS5qcGciIHdpZHRoPSI5OTIiIGhlaWdodD0iMjE0IiBib3JkZXI9IjAiIHVzZW1hcD0iI1RPUkEiPjwvVEQ+CiAgICA8L1RSPgogICAgPFRSPgogICAgICA8VEQgYWxpZ249ImNlbnRlciIgd2lkdGg9IjEwMDkiPjxJTUcgc3JjPSJodHRwOi8vaW1hZ2UucmFrdXRlbi5jby5qcC9hdWMtcGxlaW5lL2NhYmluZXQvMDE0NDk4NDEvaW1nNTY4NzcwMjMuZ2lmIiB3aWR0aD0iMTAwMiIgaGVpZ2h0PSI2MiIgYm9yZGVyPSIwIj48L1REPgogICAgPC9UUj4KICA8L1RCT0RZPjwvVEFCTEU+CjwvQ0VOVEVSPgo8TUFQIG5hbWU9ImZ1em9uMSI+CiAgCiAgCiAgCiAgCiAgCiAgCiAgCiAgCiAgCiAgCjwvTUFQPjxNQVAgbmFtZT0iVE9SQSI+CiAgCiAgCiAgCiAgCiAgCiAgCiAgCiAgCiAgCiAgCiAgCiAgCjwvTUFQPjxNQVAgbmFtZT0iRlVaT04iPgogIAogIAogIAogIAogIAogIAogIAogIAo8L01BUD48TUFQIG5hbWU9IjI0ViI+CiAgCiAgCiAgCiAgCiAgCiAgCiAgCiAgCjwvTUFQPgo8Q0VOVEVSPjwvQ0VOVEVSPg==,44OO44KiIDgw57O777yG44O044Kp44Kv44K344O8IDgw57O777yG44Ko44K544Kv44Kh44Kk44Ki5bCC55So44K444Oj44K544OI44OV44Kj44OD44OI4piFVVNCK+OCt+OCrOODvOWQhDLlgIvlopfoqK1WM+OAgOODtOOCqeOCr+OCt+ODvCDjg4njg6zjgrnjgqLjg4Pjg5dVU0LlopfoqK3vvJpQTEVJTkU=,44OO44KiIDgw57O777yG44O044Kp44Kv44K344O8IDgw57O777yG44Ko44K544Kv44Kh44Kk44Ki5bCC55So44K444Oj44K544OI44OV44Kj44OD44OI4piFVVNCK+OCt+OCrOODvOWQhDLlgIvlopfoqK1WM+OAgOODtOOCqeOCr+OCt+ODvCDjg4njg6zjgrnjgqLjg4Pjg5dVU0LlopfoqK0=,44OO44KiIDgw57O777yG44O044Kp44Kv44K344O8IDgw57O777yG44Ko44K544Kv44Kh44Kk44Ki5bCC55So44K444Oj44K544OI44OV44Kj44OD44OI4piFVVNCK+OCt+OCrOODvOWQhDLlgIvlopfoqK1WM+OAgOODtOOCqeOCr+OCt+ODvCDjg4njg6zjgrnjgqLjg4Pjg5dVU0LlopfoqK0=[rn]
12-37238,aHR0cDovL3RzaG9wLnIxMHMuanAvYXVjLXBsZWluZS9jYWJpbmV0LzAxNDI0OTY0LzAxNDM0OTgyLzAxNDUyODc0L2ltZ3JjMDA2NDk2MTU3NS5qcGc/Zml0aW49NzAwOjcwMA==,MzIwMC4wMDAw,,6LuK55So5ZOB44O744OQ44Kk44Kv55So5ZOBID4g44Kr44O855So5ZOBID4g5YaF6KOF44OR44O844OEID4g44Kz44Oz44K944O844Or44Oc44OD44Kv44K5,MzDns7vjgqLjg6vjg5XjgqHjg7zjg4nvvIbjg7Tjgqfjg6vjg5XjgqHjgqTjgqLimIVVU0Lpm7vmupBYMiDjgrfjgqzjg7zpm7vmupDjg5Hjg43jg6vimIVVU0Lpm7vmupDjgrPjg7Pjgr3jg7zjg6vpm7vmupDimIXnsKHljZhVU0LoqK3nva7imIVVU0LjgrPjg7Pjgrvjg7Pjg4g=,,PGNlbnRlcj4KPFRBQkxFIHdpZHRoPSIxMDMyIiBib3JkZXI9IjAiIGNlbGxwYWRkaW5nPSI2IiBjZWxsc3BhY2luZz0iMSIgYmdjb2xvcj0iIzk5OTk5OSI+CiAgICA8dHI+CiAgICAgIDxURCBjb2xzcGFuPSIyIiBiZ2NvbG9yPSIjZmY2NjAwIj48Zm9udCBjb2xvcj0jZmZmZWQxIHNpemU9KzE+PHN0cm9uZz7llYblk4HoqbPntLA8L3N0cm9uZz48L2ZvbnQ+PC9URD4KICAgIDwvdHI+CiAgICA8dHI+CiAgICAgIDxURCBiZ2NvbG9yPSIjZmZmZmZmIiB3aWR0aD0iMTAwIj48Zm9udCBjb2xvcj0jZmY2NjMzPuiqrOaYjjwvZm9udD48L1REPgogICAgICA8VEQgYmdjb2xvcj0iI2ZmZmZmZiIgd2lkdGg9IjkwNSI+PEZPTlQgY29sb3I9IiNmZDNhMDIiPjMw57O744Ki44Or44OV44Kh44O844OJ77yG44O044Kn44Or44OV44Kh44Kk44Ki5bCC55So44CAVVNC6Zu75rqQWDIg44K344Ks44O86Zu75rqQWDLjg5Hjg43jg6s8QlI+CuOCouODq+ODleOCoeODvOODieOBqOODtOOCp+ODq+ODleOCoeOCpOOCouOBruOCt+OCrOODvOOCveOCseODg+ODiOmDqOOBq+OCuOODo+OCueODiOODleOCo+ODg+ODiOOBp+WPluOCiuS7mOOBkeOCieOCjOOCi+ODkeODjeODq+OAgjxCUj4K5bCC55So6Kit6KiI44Gq44Gu44Gn44G044Gj44Gf44KK44OV44Kj44OD44OI77yB5YaF6KOF44Gr5ZCI44KP44Gb44Gf6Z2p44K344Oc6Kq/44Gn44GZ44CCPEJSPgo8QlI+CuKXjyDlsILnlKjoqK3oqIjjgafjgIHlhoXoo4Xjgavjg5Tjg4Pjgr/jg6rjg5XjgqPjg4Pjg4jjgII8QlI+CuKXjyAy5Y+j44K944Kx44OD44OI44O7MuWPo1VTQuODneODvOODiOOCkuOAgeS9v+OBhOOChOOBmeOBhOWgtOaJgOOBq+ewoeWNmOWil+ioreOAgjxCUj4K4pePIOe1pumbu+WwgueUqFVTQuODneODvOODiOOCkuS9v+eUqOOBl+OBpuOAgeOCv+ODluODrOODg+ODiOODu2lQaG9uZeODu+OCueODnuODvOODiOODleOCqeODs+ODu+aQuuW4r+mbu+ipseOBruWFhembu+OBjOWPr+iDveOAguKAu+WIpemAlOe0lOato+OBrlVTQuWkieaPm+OCs+ODvOODieOBjOW/heimgeOBp+OBmeOAgjxCUj4K4pePIOOCveOCseODg+ODiOODquODs+OCsOOBqFVTQuODneODvOODiOOBjOODluODq+ODvOOBq+WFieOCi+OAgjxCUj4K4pePIOOCouOCr+OCu+OCteODquODvOOCveOCseODg+ODiOOBq+OCq+ODvOODl+ODqeOCsOOCkuW3ruOBl+i+vOOBv+OAgeS4oemdouODhuODvOODl+OBp+iyvOOCiuS7mOOBkeOCi+OBoOOBkeOBruewoeWNmOijheedgOOAgjxCUj4K4pePIOWGheijheOBq+WQiOOCj+OBm+OBn+mdqeOCt+ODnOiqv+OAgjxCUj4K4oC75aSn5Z6L44OP44Kk44Kw44Os44O844OJ44Oc44OD44Kv44K544K/44Kk44OX44GK44KI44Gz44Oh44O844Kr44O844Kq44OX44K344On44Oz77yI44K344K544OG44Og44Kz44Oz44K944O844Or44O744OV44Ot44Ki44Kz44Oz44K944O844Or77yJ6KOF552A6LuK44Gr44Gv5Y+W44KK5LuY44GR44Gn44GN44G+44Gb44KT44CCPEJSPgo8QlI+CuOAkOS7leanmOOAkTxCUj4K44K944Kx44OD44OI5YG04oCm5ZCI6KiITUFYN0HvvIhVU0LjgpLlkKvjgoDvvInvvIjjg5Ljg6Xjg7zjgrrku5jjgY3vvIk8QlI+CuOAgOOAgOOAgOOAgOWFpeWKm+mbu+Wcp++8mkRDMTJW44CA5Ye65Yqb6Zu75Zyn77ya57SEREMxMlY8QlI+ClVTQuWBtOKApuKApuWQiOioiE1BWDQuOEHvvIjjg5Ljg6Xjg7zjgrrku5jjgY3vvIk8QlI+CuOAgOOAgOOAgOOAgOWFpeWKm+mbu+Wcp++8mkRDMTJW44CA5Ye65Yqb6Zu75Zyn77ya57SEREM1VjxCUj4KICAgICAg6YCa6Zu744Oi44OL44K/44O844Op44Oz44OX5LuY44GN77ya44OW44Or44O8TEVEPEJSPgogICAgICA8QlI+CiAgICAgIOS7luOBruODoeODvOOCq+ODvOi7iueoruOBruOCs+ODs+OCveODvOODq+OBr+OBk+OBoeOCiTwvRk9OVD48L1REPgogICAgPC90cj4KICAgIDx0cj4KICAgICAgPFREIGJnY29sb3I9IiNmZmZmZmYiIHdpZHRoPSIxMDAiPjxmb250IGNvbG9yPSNmZjY2MzM+5rOo5oSP5LqL6aCFPC9mb250PjwvVEQ+CiAgICAgIDxURCBiZ2NvbG9yPSIjZmZmZmZmIiB3aWR0aD0iOTA1Ij4KICAgICAgPHRhYmxlIGJvcmRlcj0iMCIgd2lkdGg9IjgzNCIgc3R5bGU9ImNvbG9yOiByZ2IoNTEsIDUxLCA1MSk7IGZvbnQtZmFtaWx5OiAnTVMgUEdvdGhpYyc7IGxldHRlci1zcGFjaW5nOiBub3JtYWw7IG9ycGhhbnM6IDI7IHRleHQtaW5kZW50OiAwcHg7IHRleHQtdHJhbnNmb3JtOiBub25lOyB3aWRvd3M6IDI7IHdvcmQtc3BhY2luZzogMHB4OyAtd2Via2l0LXRleHQtc2l6ZS1hZGp1c3Q6IGF1dG87IC13ZWJraXQtdGV4dC1zdHJva2Utd2lkdGg6IDBweDsiPgogICAgICAgIDx0Ym9keT4KICAgICAgICAgIDx0cj4KICAgICAgICAgICAgPHRkIGJnY29sb3I9IiNmZmZmZmYiIHN0eWxlPSJjb2xvcjogcmdiKDAsIDAsIDApOyI+PGZvbnQgY29sb3I9IiNmZTJlMDEiPuKXj+aWsOWTgeOBqOOBquOCiuOBvuOBmeOAgjxCUj4K4pePMzDns7vjgqLjg6vjg5XjgqHjg7zjg4nvvIbjg7Tjgqfjg6vjg5XjgqHjgqTjgqLlsILnlKjjgajjgarjgorjgb7jgZnjgII8L2ZvbnQ+PC90ZD4KICAgICAgICAgIDwvdHI+CiAgICAgICAgPC90Ym9keT4KICAgICAgPC90YWJsZT4KICAgICAgPC9URD4KICAgIDwvdHI+CiAgICA8VFI+CiAgICAgIDxURCBiZ2NvbG9yPSIjZmZmZmZmIiB3aWR0aD0iMTAwIj48Zm9udCBjb2xvcj0jZmY2NjMzPuODoeODvOOCq+ODvDwvZm9udD48L1REPgogICAgICA8VEQgYmdjb2xvcj0iI2ZmZmZmZiIgd2lkdGg9IjkwNSI+PGZvbnQgY29sb3I9I2ZmMzMzMz48Zm9udCBjb2xvcj0iI2ZlMmUwMSI+5qeM5bGL44Ok44OD44KvIDwvZm9udD48L2ZvbnQ+PC9URD4KICAgIDwvVFI+CiAgICA8VFI+CiAgICAgIDxURCBiZ2NvbG9yPSIjZmZmZmZmIiB3aWR0aD0iMTAwIj48Zm9udCBjb2xvcj0jZmY2NjMzPumAgeaWmTwvZm9udD48L1REPgogICAgICA8VEQgYmdjb2xvcj0iI2ZmZmZmZiIgd2lkdGg9IjkwNSI+PEZPTlQgY29sb3I9IiNmZjAwMDAiPuKXj+WumuW9ouWklumDteS+v+OAgOWFqOWbveS4gOW+izQwMOWGhjxCUj4KICAgICAg4peP5a6a5b2i5aSW6YO15L6/44GM5LiN5a6J44Gq5pa544GvKOi/vei3oU5P5LuY77yJ6Ieq5YuV6KiI566XKzE2MOWGhuOCkumBuOaKnuOBj+OBoOOBleOBhOOAgjxCUj4KICAgICAg4piF5Luj5byV44GN44GvNDAw5YaGKy4zOTDlhobvvIjmiYvmlbDmlpnvvInjgajjgarjgorjgb7jgZnjgII8L0ZPTlQ+PC9URD4KICAgIDwvVFI+CiAgPC9UQUJMRT4KPC9jZW50ZXI+PENFTlRFUj4KPFRBQkxFIGJvcmRlcj0iMCIgaGVpZ2h0PSIzODgiPgogIDxUQk9EWT4KICAgIDxUUj4KICAgICAgPFREIGFsaWduPSJjZW50ZXIiIHdpZHRoPSIxMDA5Ij48SU1HIHNyYz0iaHR0cDovL2ltYWdlLnJha3V0ZW4uY28uanAvYXVjLXBsZWluZS9jYWJpbmV0LzAxNDI1MDk0L2ltZ3JjMDA2NjcxOTc0Ny5qcGciIHdpZHRoPSIxMDAwIiBoZWlnaHQ9IjUyMCIgYm9yZGVyPSIwIiB1c2VtYXA9IiNmdXpvbjEiPjwvVEQ+CiAgICA8L1RSPgogICAgPFRSPgogICAgICA8VEQgYWxpZ249ImNlbnRlciIgd2lkdGg9IjEwMDkiPjxJTUcgc3JjPSJodHRwOi8vaW1hZ2UucmFrdXRlbi5jby5qcC9hdWMtcGxlaW5lL2NhYmluZXQvMDE0MjUwOTQvaW1ncmMwMDY0MTI5NDgxLmpwZyIgd2lkdGg9Ijk5MiIgaGVpZ2h0PSIyMTQiIGJvcmRlcj0iMCIgdXNlbWFwPSIjVE9SQSI+PC9URD4KICAgIDwvVFI+CiAgICA8VFI+CiAgICAgIDxURCBhbGlnbj0iY2VudGVyIiB3aWR0aD0iMTAwOSI+PElNRyBzcmM9Imh0dHA6Ly9pbWFnZS5yYWt1dGVuLmNvLmpwL2F1Yy1wbGVpbmUvY2FiaW5ldC8wMTQ0OTg0MS9pbWc1Njg3NzAyMy5naWYiIHdpZHRoPSIxMDAyIiBoZWlnaHQ9IjYyIiBib3JkZXI9IjAiPjwvVEQ+CiAgICA8L1RSPgogIDwvVEJPRFk+PC9UQUJMRT4KPC9DRU5URVI+CjxNQVAgbmFtZT0iZnV6b24xIj4KICAKICAKICAKICAKICAKICAKICAKICAKICAKICAKPC9NQVA+PE1BUCBuYW1lPSJUT1JBIj4KICAKICAKICAKICAKICAKICAKICAKICAKICAKICAKICAKICAKPC9NQVA+PE1BUCBuYW1lPSJGVVpPTiI+CiAgCiAgCiAgCiAgCiAgCiAgCiAgCiAgCjwvTUFQPjxNQVAgbmFtZT0iMjRWIj4KICAKICAKICAKICAKICAKICAKICAKICAKPC9NQVA+CjxDRU5URVI+PC9DRU5URVI+,MzDns7vjgqLjg6vjg5XjgqHjg7zjg4nvvIbjg7Tjgqfjg6vjg5XjgqHjgqTjgqLimIVVU0Lpm7vmupBYMiDjgrfjgqzjg7zpm7vmupDjg5Hjg43jg6vimIVVU0Lpm7vmupDjgrPjg7Pjgr3jg7zjg6vpm7vmupDimIXnsKHljZhVU0LoqK3nva7imIVVU0LjgrPjg7Pjgrvjg7Pjg4jvvJpQTEVJTkU=,MzDns7vjgqLjg6vjg5XjgqHjg7zjg4nvvIbjg7Tjgqfjg6vjg5XjgqHjgqTjgqLimIVVU0Lpm7vmupBYMiDjgrfjgqzjg7zpm7vmupDjg5Hjg43jg6vimIVVU0Lpm7vmupDjgrPjg7Pjgr3jg7zjg6vpm7vmupDimIXnsKHljZhVU0LoqK3nva7imIVVU0LjgrPjg7Pjgrvjg7Pjg4g=,MzDns7vjgqLjg6vjg5XjgqHjg7zjg4nvvIbjg7Tjgqfjg6vjg5XjgqHjgqTjgqLimIVVU0Lpm7vmupBYMiDjgrfjgqzjg7zpm7vmupDjg5Hjg43jg6vimIVVU0Lpm7vmupDjgrPjg7Pjgr3jg7zjg6vpm7vmupDimIXnsKHljZhVU0LoqK3nva7imIVVU0LjgrPjg7Pjgrvjg7Pjg4g=[rn]
12-37239,aHR0cDovL3RzaG9wLnIxMHMuanAvYXVjLXBsZWluZS9jYWJpbmV0LzAxNDI0OTY0LzAxNDM0OTgyLzAxNDUyODc0L2ltZ3JjMDA2NDc5ODc3NS5qcGc/Zml0aW49NzAwOjcwMA==,MzIwMC4wMDAw,,6LuK55So5ZOB44O744OQ44Kk44Kv55So5ZOBID4g44Kr44O855So5ZOBID4g5YaF6KOF44OR44O844OEID4g44Kz44Oz44K944O844Or44Oc44OD44Kv44K5,NjDns7vjg4/jg6rjgqLjg7zlsILnlKjjg5Hjg7zjg4TimIVVU0Lpm7vmupDjgrPjg7Pjgr3jg7zjg6vpm7vmupDimIXnsKHljZhVU0LoqK3nva7imIVVU0LjgrPjg7Pjgrvjg7Pjg4g=,,PGNlbnRlcj4KPHRhYmxlIHdpZHRoPTEwMCUgYm9yZGVyPTAgY2VsbHBhZGRpbmc9NiBjZWxsc3BhY2luZz0xIGJnY29sb3I9Izk5OTk5OT4KICAgIDx0cj4KICAgICAgPFREIGNvbHNwYW49IjIiIGJnY29sb3I9IiNmZjY2MDAiPjxmb250IGNvbG9yPSNmZmZlZDEgc2l6ZT0rMT48c3Ryb25nPuWVhuWTgeips+e0sDwvc3Ryb25nPjwvZm9udD48L1REPgogICAgPC90cj4KICAgIDx0cj4gPHRkIHdpZHRoPTgwIGJnY29sb3I9I2ZmZmZmZj48Zm9udCBjb2xvcj0jZmY2NjMzPuiqrOaYjjwvZm9udD48L3RkPjx0ZCBiZ2NvbG9yPSNmZmZmZmY+PEZPTlQgY29sb3I9IiNmZDNhMDIiPjYw57O7IOODj+ODquOCouODvOWwgueUqFVTQuS7mOOCs+ODs+OCveODvOODq+mbu+a6kEJPWDxCUj4K44OP44Oq44Ki44O844Gu5bCP54mp5YWl44KM44GrVVNC6Zu75rqQ44GM5paw6Kit44Gn44GN44KL5bCC55So44Gu44OR44ON44Or44Gn44GZ44CCPEJSPgo8QlI+CuKXh+WwgueUqOioreioiOOBp+OAgeODleODreODs+ODiOOCs+ODs+OCveODvOODq+OBq+ODlOODg+OCv+ODquODleOCo+ODg+ODiOOAgiA8QlI+CuKXh+e1pumbu+WwgueUqFVTQuODneODvOODiOOCkuS9v+eUqOOBl+OBpuOAgeOCv+ODluODrOODg+ODiOODu2lQaG9uZeODu+OCueODnuODvOODiOODleOCqeODs+ODu+aQuuW4r+mbu+ipseetieOBruWFhembu+OBjOWPr+iDveOAgiA8QlI+CuKAu+WIpemAlOe0lOato+OBrlVTQuWkieaPm+OCs+ODvOODieOBjOW/heimgeOBp+OBmeOAgiA8QlI+CuKXhzHlj6Pjgr3jgrHjg4Pjg4jjg7sy5Y+jVVNC44Od44O844OI44KS44CB44OV44Ot44Oz44OI44Kz44Oz44K944O844Or44Gr57Ch5Y2Y5aKX6Kit44CCIDxCUj4K4peH44K944Kx44OD44OI44GoVVNC44Od44O844OI44Gu5ZGo44KK44GM44OW44Or44O844Gr5YWJ44KL44CCIDxCUj4K4peH5bCC55So6Kit6KiI44Gn44CB44K744Oz44K/44O844OI44Os44Kk44Gr44OU44OD44K/44Oq44OV44Kj44OD44OI44CCIDxCUj4K4peH44Ki44Kv44K744K144Oq44O844K944Kx44OD44OI44Gr44Kr44O844OX44Op44Kw6YOo44KS5beu44GX6L6844KA44Gg44GR44CC5Lih6Z2i44OG44O844OX44Gn57Ch5Y2Y6KOF552A44CCIDxCUj4K4peP44K944Kx44OD44OI5YG04oCm5ZCI6KiITUFYN0HvvIhVU0LjgpLlkKvjgoDvvInvvIjjg5Ljg6Xjg7zjgrrku5jjgY3vvIkgPEJSPgril49VU0LlgbQg4oCm4oCmIOWQiOioiE1BWDQuOEHvvIjjg5Ljg6Xjg7zjgrrku5jjgY3vvIkgPEJSPgogICAgICDil4/pgJrpm7vjg6Ljg4vjgr/jg7zjg6njg7Pjg5fku5jjgY3vvJrjg5bjg6vjg7xMRUQgPEJSPgogICAgICA8QlI+CiAgICAgIOS7luOBruODj+ODquOCouODvOODkeODvOODhOOBr+OBk+OBoeOCiTxCUj4KICAgICAgPEJSPgogICAgICDku5bjga7jg6Hjg7zjgqvjg7zou4rnqK7jga7jgrPjg7Pjgr3jg7zjg6vjga/jgZPjgaHjgok8L0ZPTlQ+PC90ZD48L3RyPgogICAgPHRyPiA8dGQgd2lkdGg9ODAgYmdjb2xvcj0jZmZmZmZmPjxmb250IGNvbG9yPSNmZjY2MzM+5rOo5oSP5LqL6aCFPC9mb250PjwvdGQ+CiAgICAgIDxURCBiZ2NvbG9yPSIjZmZmZmZmIj4KICAgICAgPHRhYmxlIGJvcmRlcj0iMCIgd2lkdGg9IjgzNCIgc3R5bGU9ImNvbG9yOiByZ2IoNTEsIDUxLCA1MSk7IGZvbnQtZmFtaWx5OiAnTVMgUEdvdGhpYyc7IGxldHRlci1zcGFjaW5nOiBub3JtYWw7IG9ycGhhbnM6IDI7IHRleHQtaW5kZW50OiAwcHg7IHRleHQtdHJhbnNmb3JtOiBub25lOyB3aWRvd3M6IDI7IHdvcmQtc3BhY2luZzogMHB4OyAtd2Via2l0LXRleHQtc2l6ZS1hZGp1c3Q6IGF1dG87IC13ZWJraXQtdGV4dC1zdHJva2Utd2lkdGg6IDBweDsiPgogICAgICAgIDx0Ym9keT4KICAgICAgICAgIDx0cj4KICAgICAgICAgICAgPHRkIGJnY29sb3I9IiNmZmZmZmYiIHN0eWxlPSJjb2xvcjogcmdiKDAsIDAsIDApOyI+PGZvbnQgY29sb3I9IiNmZTJlMDEiPuKXj+aWsOWTgeOBqOOBquOCiuOBvuOBmeOAgjxCUj4K4pePNjDns7vjgqLjg6rjgqLjg7zlsILnlKjjgajjgarjgorjgb7jgZnjgII8L2ZvbnQ+PC90ZD4KICAgICAgICAgIDwvdHI+CiAgICAgICAgPC90Ym9keT4KICAgICAgPC90YWJsZT4KICAgICAgPC9URD4KICAgIDwvdHI+CiAgICA8VFI+CiAgICAgIDx0ZCB3aWR0aD04MCBiZ2NvbG9yPSNmZmZmZmY+PGZvbnQgY29sb3I9I2ZmNjYzMz7jg6Hjg7zjgqvjg7w8L2ZvbnQ+PC90ZD4KICAgICAgPFREIGJnY29sb3I9IiNmZmZmZmYiPjxmb250IGNvbG9yPSNmZjMzMzM+PGZvbnQgY29sb3I9IiNmZTJlMDEiPuanjOWxi+ODpOODg+OCryA8L2ZvbnQ+PC9mb250PjwvVEQ+CiAgICA8L1RSPgogICAgPFRSPgogICAgICA8dGQgd2lkdGg9ODAgYmdjb2xvcj0jZmZmZmZmPjxmb250IGNvbG9yPSNmZjY2MzM+6YCB5paZPC9mb250PjwvdGQ+CiAgICAgIDxURCBiZ2NvbG9yPSIjZmZmZmZmIj48Rk9OVCBjb2xvcj0iI2ZmMDAwMCI+44Os44K/44O844OR44OD44Kv44CA5YWo5Zu95LiA5b6LNTEw5YaG44CAL+OAgOS7o+W8leOBjeOBrzQwMOWGhisuMzkw5YaGPC9GT05UPjwvVEQ+CiAgICA8L1RSPgogIDwvdGFibGU+CjwvY2VudGVyPjxDRU5URVI+CjxUQUJMRSBib3JkZXI9IjAiIGhlaWdodD0iMzg4Ij4KICA8VEJPRFk+CiAgICA8VFI+CiAgICAgIDxURCBhbGlnbj0iY2VudGVyIiB3aWR0aD0iMTAwOSI+PElNRyBzcmM9Imh0dHA6Ly9pbWFnZS5yYWt1dGVuLmNvLmpwL2F1Yy1wbGVpbmUvY2FiaW5ldC8wMTQyNTA5NC9pbWdyYzAwNjY3MTk3NDcuanBnIiB3aWR0aD0iMTAwMCIgaGVpZ2h0PSI1MjAiIGJvcmRlcj0iMCIgdXNlbWFwPSIjZnV6b24xIj48L1REPgogICAgPC9UUj4KICAgIDxUUj4KICAgICAgPFREIGFsaWduPSJjZW50ZXIiIHdpZHRoPSIxMDA5Ij48SU1HIHNyYz0iaHR0cDovL2ltYWdlLnJha3V0ZW4uY28uanAvYXVjLXBsZWluZS9jYWJpbmV0LzAxNDI1MDk0L2ltZ3JjMDA2NDEyOTQ4MS5qcGciIHdpZHRoPSI5OTIiIGhlaWdodD0iMjE0IiBib3JkZXI9IjAiIHVzZW1hcD0iI1RPUkEiPjwvVEQ+CiAgICA8L1RSPgogICAgPFRSPgogICAgICA8VEQgYWxpZ249ImNlbnRlciIgd2lkdGg9IjEwMDkiPjxJTUcgc3JjPSJodHRwOi8vaW1hZ2UucmFrdXRlbi5jby5qcC9hdWMtcGxlaW5lL2NhYmluZXQvMDE0NDk4NDEvaW1nNTY4NzcwMjMuZ2lmIiB3aWR0aD0iMTAwMiIgaGVpZ2h0PSI2MiIgYm9yZGVyPSIwIj48L1REPgogICAgPC9UUj4KICA8L1RCT0RZPjwvVEFCTEU+CjwvQ0VOVEVSPgo8TUFQIG5hbWU9ImZ1em9uMSI+CiAgCiAgCiAgCiAgCiAgCiAgCiAgCiAgCiAgCiAgCjwvTUFQPjxNQVAgbmFtZT0iVE9SQSI+CiAgCiAgCiAgCiAgCiAgCiAgCiAgCiAgCiAgCiAgCiAgCiAgCjwvTUFQPjxNQVAgbmFtZT0iRlVaT04iPgogIAogIAogIAogIAogIAogIAogIAogIAo8L01BUD48TUFQIG5hbWU9IjI0ViI+CiAgCiAgCiAgCiAgCiAgCiAgCiAgCiAgCjwvTUFQPgo8Q0VOVEVSPjwvQ0VOVEVSPg==,NjDns7vjg4/jg6rjgqLjg7zlsILnlKjjg5Hjg7zjg4TimIVVU0Lpm7vmupDjgrPjg7Pjgr3jg7zjg6vpm7vmupDimIXnsKHljZhVU0LoqK3nva7imIVVU0LjgrPjg7Pjgrvjg7Pjg4jvvJpQTEVJTkU=,NjDns7vjg4/jg6rjgqLjg7zlsILnlKjjg5Hjg7zjg4TimIVVU0Lpm7vmupDjgrPjg7Pjgr3jg7zjg6vpm7vmupDimIXnsKHljZhVU0LoqK3nva7imIVVU0LjgrPjg7Pjgrvjg7Pjg4g=,NjDns7vjg4/jg6rjgqLjg7zlsILnlKjjg5Hjg7zjg4TimIVVU0Lpm7vmupDjgrPjg7Pjgr3jg7zjg6vpm7vmupDimIXnsKHljZhVU0LoqK3nva7imIVVU0LjgrPjg7Pjgrvjg7Pjg4g=[rn]
12-37240,aHR0cDovL3RzaG9wLnIxMHMuanAvZ3lvdWhhbi1zaG9wL2NhYmluZXQvZXRjMi9nMDcxNTAzMDAwMDAwMV8xLmpwZz9maXRpbj03MDA6NzAw,NDA3Ni44MDAw,,6LuK55So5ZOB44O744OQ44Kk44Kv55So5ZOBID4g44Kr44O855So5ZOBID4g5YaF6KOF44OR44O844OEID4g44Kz44Oz44K944O844Or44Oc44OD44Kv44K5,SVQgUm9tYW7vvIjkvIrol6Too73kvZzmiYAp44CARE1PLTEg44Oe44OE44OAIOODh+ODn+OCqihIMjYuOe+9ninlsILnlKjjgrjjg6Pjgrnjg4jjg5XjgqPjg4Pjg4jlj47ntI1CT1ggW+OCq+ODqeODvO+8muODluODqeODg+OCr10g44Ki44O844Og44Os44K544OIIOOCs+ODs+OCveODvOODq+ODnOODg+OCr+OCuQ==,,,SVQgUm9tYW7vvIjkvIrol6Too73kvZzmiYAp44CARE1PLTEg44Oe44OE44OAIOODh+ODn+OCqihIMjYuOe+9ninlsILnlKjjgrjjg6Pjgrnjg4jjg5XjgqPjg4Pjg4jlj47ntI1CT1ggW+OCq+ODqeODvO+8muODluODqeODg+OCr10g44Ki44O844Og44Os44K544OIIOOCs+ODs+OCveODvOODq+ODnOODg+OCr+OCue+8mualreiyqeODjeODg+ODiOOCt+ODp+ODg+ODl+alveWkqeW4guWgtOW6lw==,QURLLTYxNTAwMzbjg5Hjg7Pjgq/kv67nkIbjg6zjg7zjg4Djg7xFVEPjgqvjg7zjg6HjgqTjg4jjgq3jg6Pjg6rjgqJQSUFBSU5OT0VYR0VM44Ko44Kv44K544K444Kn44Or6IWw55eb44Ko44Or44K044OG44OD44Kv44K544Ot44OD44OJ44Ob44Or44OA44O844K544Op44Kk44Og5qiq5rWc5rK56ISCQURLLTUxTEMwNOODtOOCoeODrOODs+ODhuOCo1JCUi1UMklUIFJvbWFu77yI5LyK6Jek6KO95L2c5omAKeOAgERNTy0xIOODnuODhOODgCDjg4fjg5/jgqooSDI2LjnvvZ4p5bCC55So44K444Oj44K544OI44OV44Kj44OD44OI5Y+O57SNQk9YIFvjgqvjg6njg7zvvJrjg5bjg6njg4Pjgq9dIOOCouODvOODoOODrOOCueODiCDjgrPjg7Pjgr3jg7zjg6vjg5zjg4Pjgq/jgrk=,44K444Oj44K544OI44OV44Kj44OD44OI5Y+O57SNQk9YIOOAgklUIFJvbWFu77yI5LyK6Jek6KO95L2c5omAKeOAgERNTy0xIOODnuODhOODgCDjg4fjg5/jgqooSDI2LjnvvZ4p5bCC55So44K444Oj44K544OI44OV44Kj44OD44OI5Y+O57SNQk9YIFvjgqvjg6njg7zvvJrjg5bjg6njg4Pjgq9dIOOCouODvOODoOODrOOCueODiCDjgrPjg7Pjgr3jg7zjg6vjg5zjg4Pjgq/jgrk=[rn]
12-37241,aHR0cDovL3RzaG9wLnIxMHMuanAvZ3lvdWhhbi1zaG9wL2NhYmluZXQvZXRjMi9nMDcxNTA1MDAwMDAwMS5qcGc/Zml0aW49NzAwOjcwMA==,NDA3Ni44MDAw,,6LuK55So5ZOB44O744OQ44Kk44Kv55So5ZOBID4g44Kr44O855So5ZOBID4g5YaF6KOF44OR44O844OEID4g44Kz44Oz44K944O844Or44Oc44OD44Kv44K5,SVQgUm9tYW7vvIjkvIrol6Too73kvZzmiYAp44CARE1PLTEg44Oe44OE44OAIENYLTMoSDI3LjLvvZ4p5bCC55So44K444Oj44K544OI44OV44Kj44OD44OI5Y+O57SNQk9YIFvjgqvjg6njg7zvvJrjg5bjg6njg4Pjgq9dIOOCouODvOODoOODrOOCueODiCDjgrPjg7Pjgr3jg7zjg6vjg5zjg4Pjgq/jgrk=,,,SVQgUm9tYW7vvIjkvIrol6Too73kvZzmiYAp44CARE1PLTEg44Oe44OE44OAIENYLTMoSDI3LjLvvZ4p5bCC55So44K444Oj44K544OI44OV44Kj44OD44OI5Y+O57SNQk9YIFvjgqvjg6njg7zvvJrjg5bjg6njg4Pjgq9dIOOCouODvOODoOODrOOCueODiCDjgrPjg7Pjgr3jg7zjg6vjg5zjg4Pjgq/jgrnvvJrmpa3osqnjg43jg4Pjg4jjgrfjg6fjg4Pjg5fmpb3lpKnluILloLTlupc=,QURLLTYxNTAwMzbjg5Hjg7Pjgq/kv67nkIbjg6zjg7zjg4Djg7xFVEPjgqvjg7zjg6HjgqTjg4jjgq3jg6Pjg6rjgqJQSUFBSU5OT0VYR0VM44Ko44Kv44K544K444Kn44Or6IWw55eb44Ko44Or44K044OG44OD44Kv44K544Ot44OD44OJ44Ob44Or44OA44O844K544Op44Kk44Og5qiq5rWc5rK56ISCQURLLTUxTEMwNOODtOOCoeODrOODs+ODhuOCo1JCUi1UMklUIFJvbWFu77yI5LyK6Jek6KO95L2c5omAKeOAgERNTy0xIOODnuODhOODgCBDWC0zKEgyNy4y772eKeWwgueUqOOCuOODo+OCueODiOODleOCo+ODg+ODiOWPjue0jUJPWCBb44Kr44Op44O877ya44OW44Op44OD44KvXSDjgqLjg7zjg6Djg6zjgrnjg4gg44Kz44Oz44K944O844Or44Oc44OD44Kv44K5,44K444Oj44K544OI44OV44Kj44OD44OI5Y+O57SNQk9YIOOAgklUIFJvbWFu77yI5LyK6Jek6KO95L2c5omAKeOAgERNTy0xIOODnuODhOODgCBDWC0zKEgyNy4y772eKeWwgueUqOOCuOODo+OCueODiOODleOCo+ODg+ODiOWPjue0jUJPWCBb44Kr44Op44O877ya44OW44Op44OD44KvXSDjgqLjg7zjg6Djg6zjgrnjg4gg44Kz44Oz44K944O844Or44Oc44OD44Kv44K5[rn]
12-37242,aHR0cDovL3RzaG9wLnIxMHMuanAvZ3Jvb3Z5LWdidC9jYWJpbmV0LzAyMTMyMjk2LzgvaW1ncmMwMDY0MjkyOTE4LmpwZz9maXRpbj03MDA6NzAw,NDAwMC4wMDAw,,6LuK55So5ZOB44O744OQ44Kk44Kv55So5ZOBID4g44Kr44O855So5ZOBID4g5YaF6KOF44OR44O844OEID4g44Kz44Oz44K944O844Or44Oc44OD44Kv44K5,44OP44Kk44Ko44O844K5IDIwMOezu+OCu+ODs+OCv+ODvOOCs+ODs+OCveODvOODq+ODiOODrOOCpCAyMDDns7vjg4/jgqTjgqjjg7zjgrlb5qiZ5rqWL+ODr+OCpOODiV0g5bCC55SoVVNC44Od44O844OIL+OCt+OCrOODvOOCveOCseODg+ODiOmbu+a6kOOCouODgOODl+OCv+ODvOS7mOOBjeOAkOmAgeaWmeeEoeaWmeOAkQ==,,4pag6YGp5ZCI77yaMjAw57O744OP44Kk44Ko44O844K5L+ODrOOCuOOCouOCueOCqOODvOOCuVvmqJnmupYv44Ov44Kk44OJ44Oc44OH44KjXTxicj4KMeWeiy8y5Z6LLzPlnosvNOWeiyDlhajlubTlvI/lr77lv5zjgIBEWC/jgrnjg7zjg5Hjg7xHTOWvvuW/nDxicj4K4pag44Kr44Op44O877ya44OW44Op44OD44KvPGJyPgrilqDvvKHvvKLvvLPmqLnohIImbmJzcDs8YnI+CuKWoOOCteOCpOOCuijjg4jjg6zjgqTpg6jliIYp77yaMjYwJnRpbWVzOzE2MyZ0aW1lczszMG1tPGJyPgrilqBVU0Ljg53jg7zjg4gy5YCLIOaQrei8iSZuYnNwOzxicj4K4pag44K344Ks44O844K944Kx44OD44OI6Zu75rqQ44Ki44OA44OX44K/44O85LuY44GNJm5ic3A7PGJyPgog4pag6KOP6Z2i5Lih6Z2i44OG44O844OX5LuYPGJyPjxzdHlsZSB0eXBlPSJ0ZXh0L2NzcyI+CjwhLS0Kc3Bhbi51bml0IHsgYmFja2dyb3VuZDogdXJsKGh0dHBzOi8vaW1hZ2UucmFrdXRlbi5jby5qcC9ncm9vdnktZ2J0L2NhYmluZXQvZ3J5X291dHN0eWxlLzA1NTc2ODY0L2ltZ3JjMDA3NTMzMjc1OS5qcGcpIG5vLXJlcGVhdCBsZWZ0IHRvcDsgdGV4dC1pbmRlbnQ6CgktOTk5OTsgZGlzcGxheTogYmxvY2s7IHdpZHRoOiAzNTA7IGhlaWdodDogNTAwOyBtYXJnaW46MTVweCAwOyB9CgktLT4KCQoJaW5wdXR7CgkgIGZvbnQtd2VpZ2h0OmJvbGQ7CgkgIGZvbnQtc2l6ZToxOHB4OwoJICBjb2xvcjojMDAwOwoJfQoJCglzZWxlY3RbbmFtZT0iY2hvaWNlIl17CgkJaGVpZ2h0OjMwcHg7CQoJfQo8L3N0eWxlPgo8ZGl2IGFsaWduPSJjZW50ZXIiPgoKPGJyPgo8L2Rpdj4=,44OP44Kk44Ko44O844K5IDIwMOezu+OCu+ODs+OCv+ODvOOCs+ODs+OCveODvOODq+ODiOODrOOCpCAyMDDns7vjg4/jgqTjgqjjg7zjgrlb5qiZ5rqWL+ODr+OCpOODiV0g5bCC55SoVVNC44Od44O844OIL+OCt+OCrOODvOOCveOCseODg+ODiOmbu+a6kOOCouODgOODl+OCv+ODvOS7mOOBjeOAkOmAgeaWmeeEoeaWmeOAke+8mkdyb292eQ==,44Ki44Kv44Ki44CA44Kr44K544K/44Og44O044Kn44Or44OV44Kh44Kk44Ki44CA44Ki44Or44OV44Kh44O844OJ44OX44Oq44Km44K5zrHjg4/jgqTjgqjjg7zjgrkyMDDns7vjg5fjg6rjgqbjgrnjg5fjg6rjgqbjgrkgMzAg5b6M5pyf44OP44Oz44Oi44OD44Kv44CA6Ieq56uL5byP5rGO55SoIOODkeODr+ODvOOCpuOCpOODs+ODieOCpiDjgq3jg4Pjg4jjg4Hjgqfjg7zjg7PjgIDjgrnjg5fjg6zjg7zou4og5YaF6KOFIOODieODrOOCueOCouODg+ODl+ODh+OCpOODqeOCpOODiOOCouOCr+OCouOAgOODieODrOOCueOCouODg+ODl+ODtOOCp+ODq+ODleOCoeOCpOOCoiDjgqvjgrnjgr/jg6Djg4jjg6jjgr8g44Ki44Kv44KiIOOCq+OCueOCv+ODoOOCouOCr+OCouOCq+OCueOCv+ODoE5CT1hMRUTjg6njgqTjg4hsZWTjg5jjg4Pjg4njg6njgqTjg4jjg5fjg6rjgqbjgrkg44Kr44K544K/44OgdDEwIExFROODj+OCpOOCqOODvOOCuSAyMDDns7vjgrvjg7Pjgr/jg7zjgrPjg7Pjgr3jg7zjg6vjg4jjg6zjgqQgMjAw57O744OP44Kk44Ko44O844K5W+aomea6li/jg6/jgqTjg4ldIOWwgueUqFVTQuODneODvOODiC/jgrfjgqzjg7zjgr3jgrHjg4Pjg4jpm7vmupDjgqLjg4Djg5fjgr/jg7zku5jjgY3jgJDpgIHmlpnnhKHmlpnjgJE=,44OP44Kk44Ko44O844K5IDIwMOezuyDjgrvjg7Pjgr/jg7zjgrPjg7Pjgr3jg7zjg6vjg4jjg6zjgqTjgILjg4/jgqTjgqjjg7zjgrkgMjAw57O744K744Oz44K/44O844Kz44Oz44K944O844Or44OI44Os44KkIDIwMOezu+ODj+OCpOOCqOODvOOCuVvmqJnmupYv44Ov44Kk44OJXSDlsILnlKhVU0Ljg53jg7zjg4gv44K344Ks44O844K944Kx44OD44OI6Zu75rqQ44Ki44OA44OX44K/44O85LuY44GN44CQ6YCB5paZ54Sh5paZ44CR[rn]
12-37243,aHR0cDovL3RzaG9wLnIxMHMuanAvYXVjLXl1LWktcGFydHUvY2FiaW5ldC8wMzQ4NDQzNi9pbWdyYzAwNjU3ODM0NjEuanBnP2ZpdGluPTcwMDo3MDA=,MjU2MC4wMDAw,,6LuK55So5ZOB44O744OQ44Kk44Kv55So5ZOBID4g44Kr44O855So5ZOBID4g5YaF6KOF44OR44O844OEID4g44Kz44Oz44K944O844Or44Oc44OD44Kv44K5,4piFIDIwMOezu+ODj+OCpOOCqOODvOOCuSDjg6zjgrjjgqLjgrnjgqjjg7zjgrnjgIDmqJnmupbjg5zjg4fjgqPou4rnlKggMe+9njPlnosg44OK44OT44OQ44Kk44K244O8IOODiOODrOODvOS7mCDjg5bjg6njg4Pjgq/jgIDjgrfjg5zmn4Qg44CA44Kr44O844OT5pel44KI44GR,,PGltZyBib3JkZXI9MCBhbHQ95L+d6Ki85LuY5LuY44GN5pel55SjRTUy44Ko44Or44Kw44Op44Oz44OJTEVE44Or44O844Og44Op44Oz44OXRkxVWOWwgueUqOOCv+OCpOODlyBzcmM9Imh0dHBzOi8vdGh1bWJuYWlsLmltYWdlLnJha3V0ZW4uY28uanAvQDBfbWFsbC9hdWMteXUtaS1wYXJ0dS9jYWJpbmV0LzAzNDg0NDM2LzAzNjg4MjI0L2ltZ3JjMDA2NTM1NTk0NS5qcGc/X2V4PTEwMHgxMDAmYW1wO3M9MCZhbXA7cj0xIj4KPHRhYmxlIGNlbGxzcGFjaW5nPTAgY2VsbHBhZGRpbmc9MCB3aWR0aD0xMDAgYm9yZGVyPTA+Cjx0Ym9keT4KPHRyPgogIDx0ZCBhbGlnbj1jZW50ZXI+CiAgICA8c3Ryb25nPjxmb250IHNpemU9Mj48Zm9udCBjb2xvcj0jMDAyMWIwPjxzcGFuIGNsYXNzPWxvc3NsZWFkZXJfcHJpY2UxPuS+oeagvDwvc3Bhbj48c3BhbiBjbGFzcz1sb3NzbGVhZGVyX3ByaWNlMj4xLDk4MOWGhijnqI7ovrwpIDwvc3Bhbj48L2ZvbnQ+PC9mb250Pjwvc3Ryb25nPgogIDwvdGQ+CjwvdHI+CjwvdGJvZHk+CjwvdGFibGU+PCEtLSDjgZPjgZPjgYvjgokg44Oq44Ki5Y+XIC0tPgo8ZGl2IHN0eWxlPSJ3aWR0aDo3MzVweDsiIGFsaWduPSJjZW50ZXIiPgogIDxwIHN0eWxlPSJjb2xvcjojMDAwOyBmb250LXNpemU6MjJweDsgZm9udC13ZWlnaHQ6Ym9sZDsgbWFyZ2luOjA7IGxpbmUtaGVpZ2h0OjMwcHg7IHRleHQtYWxpZ246bGVmdDsgcGFkZGluZy1sZWZ0OjEwcHg7IGJhY2tncm91bmQtY29sb3I6IzAwQkFFMzsgbGV0dGVyLXNwYWNpbmc6MnB4Ij5USEFOSyBZT1UgRk9SIFRIRSBPUkRFUjwvcD4KICA8ZGl2IHN0eWxlPSJiYWNrZ3JvdW5kLWNvbG9yOiNmZmY7IG1hcmdpbjo0cHggMCAwIDA7IHBhZGRpbmc6MDsgaGVpZ2h0OjI0MDsgb3ZlcmZsb3c6aGlkZGVuOyI+CiAgIAogIDwvZGl2Pgo8L2Rpdj4KPGJyPgo8IS0tIOOBk+OBk+OBvuOBpyDjg6rjgqLlj5cgLS0+CjwhLS0g44GT44GT44GL44KJIOODquOCouOCs+ODoSAtLT4KPGRpdiBzdHlsZT0id2lkdGg6NzM1cHg7IiBhbGlnbj0iY2VudGVyIj4KICA8cCBzdHlsZT0iY29sb3I6IzAwMDsgZm9udC1zaXplOjIycHg7IGZvbnQtd2VpZ2h0OmJvbGQ7IG1hcmdpbjowOyBsaW5lLWhlaWdodDozMHB4OyB0ZXh0LWFsaWduOmxlZnQ7IHBhZGRpbmctbGVmdDoxMHB4OyBiYWNrZ3JvdW5kLWNvbG9yOiMwMEJBRTM7IGxldHRlci1zcGFjaW5nOjJweCI+Q1VTVE9NRVJTIFZPSUNFPC9wPgogIDxkaXYgc3R5bGU9ImJhY2tncm91bmQtY29sb3I6I2ZmZjsgbWFyZ2luOjRweCAwIDAgMDsgcGFkZGluZzowOyBoZWlnaHQ6MjgwOyBvdmVyZmxvdzpoaWRkZW47Ij4KICAgIAogIDwvZGl2Pgo8L2Rpdj4KPCEtLSDjgZPjgZPjgb7jgacg44Oq44Ki44Kz44OhIC0tPgoKCgo8YnI+CjwhLS3mpb3lpKnjg6njg7Pjgq3jg7PjgrAtLT4KCjwhLS3mpb3lpKnjg6njg7Pjgq3jg7PjgrAtLT4KPGJyPgoKCjxicj4KPCEtLeW6l+iIl+WGheODqeODs+OCreODs+OCsC0tPgoKPCEtLeW6l+iIl+WGheODqeODs+OCreODs+OCsC0tPgo8YnI+,4piFIDIwMOezu+ODj+OCpOOCqOODvOOCuSDjg6zjgrjjgqLjgrnjgqjjg7zjgrnjgIDmqJnmupbjg5zjg4fjgqPou4rnlKggMe+9njPlnosg44OK44OT44OQ44Kk44K244O8IOODiOODrOODvOS7mCDjg5bjg6njg4Pjgq/jgIDjgrfjg5zmn4Qg44CA44Kr44O844OT5pel44KI44GR77ya44Om44Km44O744Ki44Kk44OR44O844OE44CA5qW95aSp5biC5aC05bqX,4piFIDIwMOezu+ODj+OCpOOCqOODvOOCuSDjg6zjgrjjgqLjgrnjgqjjg7zjgrnjgIDmqJnmupbjg5zjg4fjgqPou4rnlKggMe+9njPlnosg44OK44OT44OQ44Kk44K244O8IOODiOODrOODvOS7mCDjg5bjg6njg4Pjgq/jgIDjgrfjg5zmn4Qg44CA44Kr44O844OT5pel44KI44GR,4piFIDIwMOezu+ODj+OCpOOCqOODvOOCuSDjg6zjgrjjgqLjgrnjgqjjg7zjgrnjgIDmqJnmupbjg5zjg4fjgqPou4rnlKggMe+9njPlnosg44OK44OT44OQ44Kk44K244O8IOODiOODrOODvOS7mCDjg5bjg6njg4Pjgq/jgIDjgrfjg5zmn4Qg44CA44Kr44O844OT5pel44KI44GR[rn]
12-37244,aHR0cDovL3RzaG9wLnIxMHMuanAvaG90cm9hZHRveW9oYXNoaS9jYWJpbmV0LzE2MDQvNzE2MDQyNjQwMF8xLmpwZz9maXRpbj03MDA6NzAw,MjgwOC4wMDAw,,6LuK55So5ZOB44O744OQ44Kk44Kv55So5ZOBID4g44Kr44O855So5ZOBID4g5YaF6KOF44OR44O844OEID4g44Kz44Oz44K944O844Or44Oc44OD44Kv44K5,5ben5bel5oi/Oui7veODiOODqeODg+OCryDlsILnlKgg44Ki44O844Og44Os44K544OIIOOCs+ODs+OCveODvOODq+ODnOODg+OCr+OCuSDjgr3jg5Xjg4jjg6zjgrbjg7wg5Y+O57SNIOWwj+eJqeWFpeOCjCDml6XmnKzoo70g44OP44Kk44K844OD44OI44OI44Op44OD44KvIOOCreODo+ODquOCo+etieOBqy9LVEItMQ==,,6Lu944OI44Op44OD44Kv5bCC55So44Ki44O844Og44Os44K544OI77yBPGJyPuWPjue0jeOBruWwkeOBquOBhOi7veODiOODqeODg+OCr+OBq+OCuOODo+OCueODiOODleOCo+ODg+ODiOOAguOCt+ODvOODiOmWk+OBq+aMn+OBv+i+vOOCgOOBoOOBke+8gTxicj48YnI+4peP44KJ44GP44KJ44GP44Ki44O844Og44Os44K544OIPGJyPiDil4/kvb/jgYTjgbvjganjgavkvr/liKnjgpLlrp/mhJ88YnI+4peP5YON44GP5Lq644KS5q+O5pel44K144Od44O844OIPGJyPuKXj+i7jeaJi+OChOOCv+OCquODq+OAgeOCpuOCqOOCueOBruWPjue0jeOBjOWPr+iDvTxicj7il49DRDjmnprjgIHjgoLjgZfjgY/jga9EVkQ35p6a5Y+O57SN5Y+v6IO9PGJyPuKXj+WuieW/g+OBruaXpeacrOijvTxicj48YnI+PGJyPuOAkOmBqeW/nOi7iueoruS+i+OAkTxicj7ilqDjg4DjgqTjg4/jg4Qg44OP44Kk44K844OD44OI44OI44Op44OD44KvPGJyPjxicj7igLvjg4/jgqTjgrzjg4Pjg4jjgqvjg7zjgrTjgajjgrjjg6Pjg7Pjg5zjgIFNVOi7iuOBr+mBqeWQiOWkluOBqOOBquOCiuOBvuOBmeOAgjxicj48YnI+44Of44OL44Kt44Oj44OW44KC6YGp5ZCI5aSW44Go44Gq44KK44G+44GZ44CCPGJyPjxicj7ilqDjgrnjgrrjgq0g44Kt44Oj44Oq44KjPGJyPuOCteOCpOOCuu+8mlcxNTDDl0QyNTDDl0gzOTBtbTxicj7igLvjgrXjgqTjgrrjgpLjgZTnorroqo3jga7jgYbjgYjjgYrosrfjgYTmsYLjgoHjgY/jgaDjgZXjgYTjgII8YnI+PGJyPjxicj7ilqDjg6Hjg7zjgqvjg7zvvJrlt6flt6XmiL88YnI+4pag5ZOB55Wq77yaS1RCLTE8c3R5bGUgdHlwZT0idGV4dC9jc3MiPgo8IS0tCgovKiDms6jnm67jga7jgq3jg7zjg6/jg7zjg4kgKi8KCmRpdiNIZWFkZXJLZXl3b3JkIHsKCXBvc2l0aW9uOmFic29sdXRlOwoJdG9wOjgwcHg7LyrkuIDnlarkuIrjgYvjgonjga7kvY3nva4qLwoJbGVmdDoyMHB4Oy8q5bem56uv44GL44KJ44Gu5L2N572uKi8KfQoKZGl2I0hlYWRlcktleXdvcmQgc3BhbiB7CgliYWNrZ3JvdW5kOiAjYmYwMDAwOwoJY29sb3I6I2ZmZjsKCWZvbnQtd2VpZ2h0OmJvbGQ7CglwYWRkaW5nOjJweCA1cHg7Cn0KCmRpdiNIZWFkZXJLZXl3b3JkIGEgewoJY29sb3I6IzAwNDRDQzsKfQoKLS0+Cjwvc3R5bGU+CgoKPGRpdiBpZD0iSGVhZGVyS2V5d29yZCI+CjxzcGFuPuazqOebruOBruOCreODvOODr+ODvOODiTwvc3Bhbj4KCuODrOODs+ODgQoK44K/44Kk44Ok5Lqk5o+bCgrjg4/jgqTjgqjjg7zjgrkKCuOCs+ODs+OCveODvOODq+ODnOODg+OCr+OCuQoK44K444Oj44OD44KtCgrjgrfjgqzjg7zjgr3jgrHjg4Pjg4gKPC9kaXY+CgoKPHN0eWxlIHR5cGU9InRleHQvY3NzIj4KPCEtLQoKLyog5bem44K144Kk44OJ44OQ44OK44O8IOODneOCpOODs+ODiDflgI0gKi8KCmJvZHl7CgpiYWNrZ3JvdW5kLWltYWdlOiB1cmwoImh0dHA6Ly93d3cucmFrdXRlbi5uZS5qcC9nb2xkL19uYWdveWE3NTgvZnVqaWppLzd0aW1ldXAuanBnIik7CmJhY2tncm91bmQtcmVwZWF0OiByZXBlYXQteTsKYmFja2dyb3VuZC1hdHRhY2htZW50OiBzY3JvbGw7CmJhY2tncm91bmQtcG9zaXRpb246bGVmdAp9Ci0tPgo8L3N0eWxlPgoKCjxzdHlsZSB0eXBlPSJ0ZXh0L2NzcyI+CjwhLS0KCi8qIOWVhuWTgeaknOe0oueqkyAqLwoKZm9ybS5zZWFyY2h7CiAgICBtYXJnaW46MHB4IGF1dG87CiAgICB3aWR0aDogNTc4cHg7CiAgICBoZWlnaHQ6IDYzcHg7CiAgICBiYWNrZ3JvdW5kOnVybChodHRwOi8vd3d3LnJha3V0ZW4ubmUuanAvZ29sZC9ob3Ryb2FkdG95b2hhc2hpL2ltYWdlL3NlYXJjaC5wbmcpIG5vLXJlcGVhdCBzY3JvbGwgMCUgMCUgdHJhbnNwYXJlbnQ7CiAgICBwYWRkaW5nOiAwcHggMHB4IDVweCAxMHB4Owp9CiAKaW5wdXQud2FrdXsKICAgIGZvbnQtc2l6ZTozMHB4OwogICAgZm9udC13ZWlnaHQ6Ym9sZDsKICAgIHdpZHRoOiA0NTVweDsKICAgIGhlaWdodDogNTdweDsKICAgIGZsb2F0OiBsZWZ0OwogICAgYmFja2dyb3VuZDogbm9uZSByZXBlYXQgc2Nyb2xsIDAlIDAlIHRyYW5zcGFyZW50OwogICAgYm9yZGVyOiAwcHggbm9uZTsKICAgIGNvbG9yOiAjNjY2Owp9CiAKaW5wdXQuYnRuewogICAgd2lkdGg6IDExNXB4OwogICAgaGVpZ2h0OiA2M3B4OwogICAgZmxvYXQ6IHJpZ2h0OwogICAgYmFja2dyb3VuZDp1cmwoaHR0cDovL3d3dy5yYWt1dGVuLm5lLmpwL2dvbGQvaG90cm9hZHRveW9oYXNoaS9pbWFnZS9zZWFyY2hfYnV0dG9uLnBuZykgbm8tcmVwZWF0IHNjcm9sbCAwJSAwJSB0cmFuc3BhcmVudDsKICAgIGJvcmRlcjogMHB4IG5vbmU7CiAgICBjdXJzb3I6IHBvaW50ZXI7Cn0KCi0tPgo8L3N0eWxlPgoKCjxzdHlsZSB0eXBlPSJ0ZXh0L2NzcyI+CjwhLS0KCi8qIG1pY3JvIGNsZWFyZml4ICovCi5jZjpiZWZvcmUsCi5jZjphZnRlciB7CiAgICBjb250ZW50OiAiICI7CiAgICBkaXNwbGF5OiB0YWJsZTsKfQogCi5jZjphZnRlciB7CiAgICBjbGVhcjogYm90aDsKfQogCi5jZiB7CiAgICAqem9vbTogMTsKCW92ZXJmbG93OiBoaWRkZW47Cn0KLS0+Cjwvc3R5bGU+CgoKPHN0eWxlIHR5cGU9InRleHQvY3NzIj4KPCEtLQoKLyog44OG44K544OI44OG44O844OW44Or57WE44G/ICovCgoudGd7Ym9yZGVyLWNvbGxhcHNlOmNvbGxhcHNlOwogICAgYm9yZGVyOiAycHggI2Y4YTEwMiBzb2xpZDsKICAgIGJvcmRlci1zcGFjaW5nOjA7CiAgICBtYXJnaW46MHB4IGF1dG87Cn0KCi50ZyB0ZHsKICAgIGZvbnQtZmFtaWx5OkFyaWFsLCBzYW5zLXNlcmlmOwogICAgZm9udC1zaXplOjE0cHg7CiAgICBwYWRkaW5nOjEwcHggNXB4OwogICAgYm9yZGVyLXN0eWxlOnNvbGlkOwogICAgYm9yZGVyLXdpZHRoOjFweDsKICAgIG92ZXJmbG93OmhpZGRlbjsKICAgIHdvcmQtYnJlYWs6bm9ybWFsOwp9CgoudGcgdGh7CiAgICBmb250LWZhbWlseTpBcmlhbCwgc2Fucy1zZXJpZjsKICAgIGZvbnQtc2l6ZToxNHB4OwogICAgZm9udC13ZWlnaHQ6bm9ybWFsOwogICAgcGFkZGluZzoxMHB4IDVweDsKICAgIGJvcmRlci1zdHlsZTpzb2xpZDsKICAgIGJvcmRlci13aWR0aDoxcHg7CiAgICBvdmVyZmxvdzpoaWRkZW47CiAgICB3b3JkLWJyZWFrOm5vcm1hbDsKfQoKLnRnIC50Zy1iYXFoewogICAgdGV4dC1hbGlnbjpjZW50ZXI7CiAgICB2ZXJ0aWNhbC1hbGlnbjp0b3AKfQoKLnRnIC50Zy10Z2dxewogICAgZm9udC13ZWlnaHQ6Ym9sZDsKICAgIGZvbnQtc2l6ZToyNnB4OwogICAgZm9udC1mYW1pbHk6SW1wYWN0LCBDaGFyY29hbCwgc2Fucy1zZXJpZiAhaW1wb3J0YW50OzsKICAgIGJhY2tncm91bmQtY29sb3I6I2Y4YTEwMjsKICAgIGNvbG9yOiNmZmZmZmY7CiAgICB0ZXh0LWFsaWduOmNlbnRlcjsKICAgIHZlcnRpY2FsLWFsaWduOnRvcAp9CgotLT4KPC9zdHlsZT4KCgo8dGFibGUgY2xhc3M9InRnIj4KICA8dHI+CiAgICA8dGggY2xhc3M9InRnLXRnZ3EiIGNvbHNwYW49IjIiPuOCueODiOOCouWGheaknOe0ojxicj48L3RoPgogIDwvdHI+CiAgPHRyPgogICAgPHRkIGNsYXNzPSJ0Zy1iYXFoIiBjb2xzcGFuPSIyIj4KCgo8ZGl2IGlkPSJzZWFyY2hmcmFtZSIgY2xhc3M9ImNmIj4KCjwvZGl2PgoKCiAgICA8L3RkPgogIDwvdHI+CjwvdGFibGU+,5ben5bel5oi/Oui7veODiOODqeODg+OCryDlsILnlKgg44Ki44O844Og44Os44K544OIIOOCs+ODs+OCveODvOODq+ODnOODg+OCr+OCuSDjgr3jg5Xjg4jjg6zjgrbjg7wg5Y+O57SNIOWwj+eJqeWFpeOCjCDml6XmnKzoo70g44OP44Kk44K844OD44OI44OI44Op44OD44KvIOOCreODo+ODquOCo+etieOBqy9LVEItMe+8muOCq+ODvOeUqOWTgeOBrkhvdCBSb2FkIFNlY29uZCBTaG9w,5ben5bel5oi/Oui7veODiOODqeODg+OCryDlsILnlKgg44Ki44O844Og44Os44K544OIIOOCs+ODs+OCveODvOODq+ODnOODg+OCr+OCuSDjgr3jg5Xjg4jjg6zjgrbjg7wg5Y+O57SNIOWwj+eJqeWFpeOCjCDml6XmnKzoo70g44OP44Kk44K844OD44OI44OI44Op44OD44KvIOOCreODo+ODquOCo+etieOBqy9LVEItMQ==,44CQMTAwMDDlhobvvZ7pgIHmlpnnhKHmlpnjgJHjgJDlrprnlarllYblk4HjgJHjgILlt6flt6XmiL866Lu944OI44Op44OD44KvIOWwgueUqCDjgqLjg7zjg6Djg6zjgrnjg4gg44Kz44Oz44K944O844Or44Oc44OD44Kv44K5IOOCveODleODiOODrOOCtuODvCDlj47ntI0g5bCP54mp5YWl44KMIOaXpeacrOijvSDjg4/jgqTjgrzjg4Pjg4jjg4jjg6njg4Pjgq8g44Kt44Oj44Oq44Kj562J44GrL0tUQi0x[rn]
12-37245,aHR0cDovL3RzaG9wLnIxMHMuanAvaG90cm9hZHRveW9oYXNoaS9jYWJpbmV0LzE1MTAvNzE1MTAwNTIwMF8xLmpwZz9maXRpbj03MDA6NzAw,MjQwMC4wMDAw,,6LuK55So5ZOB44O744OQ44Kk44Kv55So5ZOBID4g44Kr44O855So5ZOBID4g5YaF6KOF44OR44O844OEID4g44Kz44Oz44K944O844Or44Oc44OD44Kv44K5,5LyK6Jek6KO95L2c5omAL0lUIFJvbWFu77ya6Lu944OI44Op44OD44KvIOWwgueUqCDjgqLjg7zjg6Djg6zjgrnjg4gg44Kz44Oz44K944O844Or44Oc44OD44Kv44K5IOWPjue0jSDlsI/nianlhaXjgowg5pel5pys6KO9IOODj+OCpOOCvOODg+ODiOODiOODqeODg+OCryDjgq3jg6Pjg6rjgqPnrYnjgasvS1QtMQ==,,6Lu944OI44Op44OD44Kv5bCC55So44Ki44O844Og44Os44K544OI77yBPGJyPuWPjue0jeOBruWwkeOBquOBhOi7veODiOODqeODg+OCr+OBq+OCuOODo+OCueODiOODleOCo+ODg+ODiOOAguOCt+ODvOODiOmWk+OBq+aMn+OBv+i+vOOCgOOBoOOBke+8gTxicj48YnI+4peP44KJ44GP44KJ44GP44Ki44O844Og44Os44K544OIPGJyPiDil4/kvb/jgYTjgbvjganjgavkvr/liKnjgpLlrp/mhJ88YnI+4peP5YON44GP5Lq644KS5q+O5pel44K144Od44O844OIPGJyPuKXj+i7jeaJi+OChOOCv+OCquODq+OAgeOCpuOCqOOCueOBruWPjue0jeOBjOWPr+iDvTxicj7il49DRDjmnprjgIHjgoLjgZfjgY/jga9EVkQ35p6a5Y+O57SN5Y+v6IO9PGJyPuKXj+WuieW/g+OBruaXpeacrOijvTxicj48YnI+PGJyPuOAkOmBqeW/nOi7iueoruS+i+OAkTxicj7ilqDjg4DjgqTjg4/jg4Qg44OP44Kk44K844OD44OI44OI44Op44OD44KvPGJyPuKAu+ODj+OCpOOCvOODg+ODiOOCq+ODvOOCtOOBqOOCuOODo+ODs+ODnOOAgU1U6LuK44Gv6YGp5ZCI5aSW44Go44Gq44KK44G+44GZ44CCPGJyPjxicj7jg5/jg4vjgq3jg6Pjg5bjgIHjg4/jgqTjgrzjg4Pjg4jjgrjjg6Pjg7Pjg5zjga/pganlkIjlpJbjgajjgarjgorjgb7jgZnjgII8YnI+PGJyPgrilqDjgrnjgrrjgq0g44Kt44Oj44Oq44KjPGJyPuOCteOCpOOCuu+8mlcxNTDDl0QyNTDDl0gzOTBtbTxicj7igLvjgrXjgqTjgrrjgpLjgZTnorroqo3jga7jgYbjgYjjgYrosrfjgYTmsYLjgoHjgY/jgaDjgZXjgYTjgII8YnI+PGJyPjxicj7ilqDjg6Hjg7zjgqvjg7zvvJrkvIrol6Too73kvZzmiYAvSVQgUm9tYW48YnI+4pag5ZOB55Wq77yaS1QtMTxzdHlsZSB0eXBlPSJ0ZXh0L2NzcyI+CjwhLS0KCi8qIOazqOebruOBruOCreODvOODr+ODvOODiSAqLwoKZGl2I0hlYWRlcktleXdvcmQgewoJcG9zaXRpb246YWJzb2x1dGU7Cgl0b3A6ODBweDsvKuS4gOeVquS4iuOBi+OCieOBruS9jee9riovCglsZWZ0OjIwcHg7Lyrlt6bnq6/jgYvjgonjga7kvY3nva4qLwp9CgpkaXYjSGVhZGVyS2V5d29yZCBzcGFuIHsKCWJhY2tncm91bmQ6ICNiZjAwMDA7Cgljb2xvcjojZmZmOwoJZm9udC13ZWlnaHQ6Ym9sZDsKCXBhZGRpbmc6MnB4IDVweDsKfQoKZGl2I0hlYWRlcktleXdvcmQgYSB7Cgljb2xvcjojMDA0NENDOwp9CgotLT4KPC9zdHlsZT4KCgo8ZGl2IGlkPSJIZWFkZXJLZXl3b3JkIj4KPHNwYW4+5rOo55uu44Gu44Kt44O844Ov44O844OJPC9zcGFuPgoK44Os44Oz44OBCgrjgr/jgqTjg6TkuqTmj5sKCuODj+OCpOOCqOODvOOCuQoK44Kz44Oz44K944O844Or44Oc44OD44Kv44K5Cgrjgrjjg6Pjg4Pjgq0KCuOCt+OCrOODvOOCveOCseODg+ODiAo8L2Rpdj4KCgo8c3R5bGUgdHlwZT0idGV4dC9jc3MiPgo8IS0tCgovKiDlt6bjgrXjgqTjg4njg5Djg4rjg7wg44Od44Kk44Oz44OIN+WAjSAqLwoKYm9keXsKCmJhY2tncm91bmQtaW1hZ2U6IHVybCgiaHR0cDovL3d3dy5yYWt1dGVuLm5lLmpwL2dvbGQvX25hZ295YTc1OC9mdWppamkvN3RpbWV1cC5qcGciKTsKYmFja2dyb3VuZC1yZXBlYXQ6IHJlcGVhdC15OwpiYWNrZ3JvdW5kLWF0dGFjaG1lbnQ6IHNjcm9sbDsKYmFja2dyb3VuZC1wb3NpdGlvbjpsZWZ0Cn0KLS0+Cjwvc3R5bGU+CgoKPHN0eWxlIHR5cGU9InRleHQvY3NzIj4KPCEtLQoKLyog5ZWG5ZOB5qSc57Si56qTICovCgpmb3JtLnNlYXJjaHsKICAgIG1hcmdpbjowcHggYXV0bzsKICAgIHdpZHRoOiA1NzhweDsKICAgIGhlaWdodDogNjNweDsKICAgIGJhY2tncm91bmQ6dXJsKGh0dHA6Ly93d3cucmFrdXRlbi5uZS5qcC9nb2xkL2hvdHJvYWR0b3lvaGFzaGkvaW1hZ2Uvc2VhcmNoLnBuZykgbm8tcmVwZWF0IHNjcm9sbCAwJSAwJSB0cmFuc3BhcmVudDsKICAgIHBhZGRpbmc6IDBweCAwcHggNXB4IDEwcHg7Cn0KIAppbnB1dC53YWt1ewogICAgZm9udC1zaXplOjMwcHg7CiAgICBmb250LXdlaWdodDpib2xkOwogICAgd2lkdGg6IDQ1NXB4OwogICAgaGVpZ2h0OiA1N3B4OwogICAgZmxvYXQ6IGxlZnQ7CiAgICBiYWNrZ3JvdW5kOiBub25lIHJlcGVhdCBzY3JvbGwgMCUgMCUgdHJhbnNwYXJlbnQ7CiAgICBib3JkZXI6IDBweCBub25lOwogICAgY29sb3I6ICM2NjY7Cn0KIAppbnB1dC5idG57CiAgICB3aWR0aDogMTE1cHg7CiAgICBoZWlnaHQ6IDYzcHg7CiAgICBmbG9hdDogcmlnaHQ7CiAgICBiYWNrZ3JvdW5kOnVybChodHRwOi8vd3d3LnJha3V0ZW4ubmUuanAvZ29sZC9ob3Ryb2FkdG95b2hhc2hpL2ltYWdlL3NlYXJjaF9idXR0b24ucG5nKSBuby1yZXBlYXQgc2Nyb2xsIDAlIDAlIHRyYW5zcGFyZW50OwogICAgYm9yZGVyOiAwcHggbm9uZTsKICAgIGN1cnNvcjogcG9pbnRlcjsKfQoKLS0+Cjwvc3R5bGU+CgoKPHN0eWxlIHR5cGU9InRleHQvY3NzIj4KPCEtLQoKLyogbWljcm8gY2xlYXJmaXggKi8KLmNmOmJlZm9yZSwKLmNmOmFmdGVyIHsKICAgIGNvbnRlbnQ6ICIgIjsKICAgIGRpc3BsYXk6IHRhYmxlOwp9CiAKLmNmOmFmdGVyIHsKICAgIGNsZWFyOiBib3RoOwp9CiAKLmNmIHsKICAgICp6b29tOiAxOwoJb3ZlcmZsb3c6IGhpZGRlbjsKfQotLT4KPC9zdHlsZT4KCgo8c3R5bGUgdHlwZT0idGV4dC9jc3MiPgo8IS0tCgovKiDjg4bjgrnjg4jjg4bjg7zjg5bjg6vntYTjgb8gKi8KCi50Z3tib3JkZXItY29sbGFwc2U6Y29sbGFwc2U7CiAgICBib3JkZXI6IDJweCAjZjhhMTAyIHNvbGlkOwogICAgYm9yZGVyLXNwYWNpbmc6MDsKICAgIG1hcmdpbjowcHggYXV0bzsKfQoKLnRnIHRkewogICAgZm9udC1mYW1pbHk6QXJpYWwsIHNhbnMtc2VyaWY7CiAgICBmb250LXNpemU6MTRweDsKICAgIHBhZGRpbmc6MTBweCA1cHg7CiAgICBib3JkZXItc3R5bGU6c29saWQ7CiAgICBib3JkZXItd2lkdGg6MXB4OwogICAgb3ZlcmZsb3c6aGlkZGVuOwogICAgd29yZC1icmVhazpub3JtYWw7Cn0KCi50ZyB0aHsKICAgIGZvbnQtZmFtaWx5OkFyaWFsLCBzYW5zLXNlcmlmOwogICAgZm9udC1zaXplOjE0cHg7CiAgICBmb250LXdlaWdodDpub3JtYWw7CiAgICBwYWRkaW5nOjEwcHggNXB4OwogICAgYm9yZGVyLXN0eWxlOnNvbGlkOwogICAgYm9yZGVyLXdpZHRoOjFweDsKICAgIG92ZXJmbG93OmhpZGRlbjsKICAgIHdvcmQtYnJlYWs6bm9ybWFsOwp9CgoudGcgLnRnLWJhcWh7CiAgICB0ZXh0LWFsaWduOmNlbnRlcjsKICAgIHZlcnRpY2FsLWFsaWduOnRvcAp9CgoudGcgLnRnLXRnZ3F7CiAgICBmb250LXdlaWdodDpib2xkOwogICAgZm9udC1zaXplOjI2cHg7CiAgICBmb250LWZhbWlseTpJbXBhY3QsIENoYXJjb2FsLCBzYW5zLXNlcmlmICFpbXBvcnRhbnQ7OwogICAgYmFja2dyb3VuZC1jb2xvcjojZjhhMTAyOwogICAgY29sb3I6I2ZmZmZmZjsKICAgIHRleHQtYWxpZ246Y2VudGVyOwogICAgdmVydGljYWwtYWxpZ246dG9wCn0KCi0tPgo8L3N0eWxlPgoKCjx0YWJsZSBjbGFzcz0idGciPgogIDx0cj4KICAgIDx0aCBjbGFzcz0idGctdGdncSIgY29sc3Bhbj0iMiI+44K544OI44Ki5YaF5qSc57SiPGJyPjwvdGg+CiAgPC90cj4KICA8dHI+CiAgICA8dGQgY2xhc3M9InRnLWJhcWgiIGNvbHNwYW49IjIiPgoKCjxkaXYgaWQ9InNlYXJjaGZyYW1lIiBjbGFzcz0iY2YiPgoKPC9kaXY+CgoKICAgIDwvdGQ+CiAgPC90cj4KPC90YWJsZT4=,5LyK6Jek6KO95L2c5omAL0lUIFJvbWFu77ya6Lu944OI44Op44OD44KvIOWwgueUqCDjgqLjg7zjg6Djg6zjgrnjg4gg44Kz44Oz44K944O844Or44Oc44OD44Kv44K5IOWPjue0jSDlsI/nianlhaXjgowg5pel5pys6KO9IOODj+OCpOOCvOODg+ODiOODiOODqeODg+OCryDjgq3jg6Pjg6rjgqPnrYnjgasvS1QtMe+8muOCq+ODvOeUqOWTgeOBrkhvdCBSb2FkIFNlY29uZCBTaG9w,5LyK6Jek6KO95L2c5omAL0lUIFJvbWFu77ya6Lu944OI44Op44OD44KvIOWwgueUqCDjgqLjg7zjg6Djg6zjgrnjg4gg44Kz44Oz44K944O844Or44Oc44OD44Kv44K5IOWPjue0jSDlsI/nianlhaXjgowg5pel5pys6KO9IOODj+OCpOOCvOODg+ODiOODiOODqeODg+OCryDjgq3jg6Pjg6rjgqPnrYnjgasvS1QtMQ==,44CQMTAwMDDlhobvvZ7pgIHmlpnnhKHmlpnjgJHjgJDlrprnlarllYblk4HjgJHjgILkvIrol6Too73kvZzmiYAvSVQgUm9tYW7vvJrou73jg4jjg6njg4Pjgq8g5bCC55SoIOOCouODvOODoOODrOOCueODiCDjgrPjg7Pjgr3jg7zjg6vjg5zjg4Pjgq/jgrkg5Y+O57SNIOWwj+eJqeWFpeOCjCDml6XmnKzoo70g44OP44Kk44K844OD44OI44OI44Op44OD44KvIOOCreODo+ODquOCo+etieOBqy9LVC0x[rn]
12-37246,aHR0cDovL3RzaG9wLnIxMHMuanAvaG90cm9hZHRveW9oYXNoaS9jYWJpbmV0LzE2MDQvNzE2MDQyNzQwMF8xLmpwZz9maXRpbj03MDA6NzAw,NTkxOS4yMDAw,,6LuK55So5ZOB44O744OQ44Kk44Kv55So5ZOBID4g44Kr44O855So5ZOBID4g5YaF6KOF44OR44O844OEID4g44Kz44Oz44K944O844Or44Oc44OD44Kv44K5,5ben5bel5oi/OuODl+ODreODnOODg+OCr+OCuSDjgrXjgq/jgrfjg7zjg4kg5bCC55SoIOOCouODvOODoOODrOOCueODiCDjgrPjg7Pjgr3jg7zjg6vjg5zjg4Pjgq/jgrkg44K944OV44OI44Os44K244O8IOWPjue0jSDlsI/nianlhaXjgowg5pel5pys6KO9L0JQUy0x,,44OX44Ot44Oc44OD44Kv44K55bCC55So44Kz44Oz44K944O844Or44Oc44OD44Kv44K577yBPGJyPjxicj7mhJvou4rjga7jgq/jgqrjg6rjg4bjgqPjga/jgZ3jga7jgb7jgb7jgavjgIHmqZ/og73mgKfjgajjg4fjgrbjgqTjg7PmgKdVUOOCkui/veWPiuOBl+OBn+ODleOCqeODq+ODoOOAgjxicj7lsILnlKjoqK3oqIjjgaDjgYvjgonntJTmraPjga7jgojjgYbjgavjgrjjg6Pjgrnjg4jjg5XjgqPjg4Pjg4jjgII8YnI+44K344O844OI44KS44K544Op44Kk44OJ44GV44Gb44Gm44KC44Gy44GY44KS572u44GP5LqL44GM5Ye65p2l44G+44GZ44CCPGJyPjxicj7jgJDnibnlvrTjgJE8YnI+4peP44K344O844OI44KS44K544Op44Kk44OJ44GV44Gb44Gm44KC5YWF5YiG5qmf6IO944GZ44KL5bCC55So6Kit6KiIPGJyPuKXj+ijveWTgeOBjOOCt+ODvOODiOOBqOW5sua4ieOBl+OBvuOBm+OCk+OAgjxicj7il4/lj5bku5jjgZHnsKHljZgo5bqn5bit44Go5bqn5bit44Gu6ZaT44Gr44Gv44KB6L6844KA44Gg44GRKeOBp+OCuOODo+OCueODiOODleOCo+ODg+ODiOOAgue0lOato+aMh+WQkeOBruS6uuOBq+ODlOODg+OCv+ODquOBp+OBmeOAgjxicj7il4/lronlv4Pjga7ml6XmnKzoo73jgafjgZnjgII8YnI+4peP5Za25qWt44Gr5Ye644GL44GR44KL6Zqb44Gr5aSn5rS76LqN44Gn44GZ44CCPGJyPjxicj48YnI+44CQ5LuV5qeY44CRPGJyPuijveWTgeOCteOCpOOCuu+8muaoque0hDE3MG1tw5fnuKbntIQyODXDl+mrmOOBlee0hDMzMG1tPGJyPjxicj7jgJDpganlv5zou4rnqK7jgJE8YnI+44OX44Ot44Oc44OD44Kv44K5PGJyPk5TUDE2Iy9OQ1AxNiPlnosoMjAxNOW5tO+9nik8YnI+PGJyPuOCteOCr+OCt+ODvOODiTxicj48YnI+4pag5ZOB55Wq77yaQlBTLTE8c3R5bGUgdHlwZT0idGV4dC9jc3MiPgo8IS0tCgovKiDms6jnm67jga7jgq3jg7zjg6/jg7zjg4kgKi8KCmRpdiNIZWFkZXJLZXl3b3JkIHsKCXBvc2l0aW9uOmFic29sdXRlOwoJdG9wOjgwcHg7LyrkuIDnlarkuIrjgYvjgonjga7kvY3nva4qLwoJbGVmdDoyMHB4Oy8q5bem56uv44GL44KJ44Gu5L2N572uKi8KfQoKZGl2I0hlYWRlcktleXdvcmQgc3BhbiB7CgliYWNrZ3JvdW5kOiAjYmYwMDAwOwoJY29sb3I6I2ZmZjsKCWZvbnQtd2VpZ2h0OmJvbGQ7CglwYWRkaW5nOjJweCA1cHg7Cn0KCmRpdiNIZWFkZXJLZXl3b3JkIGEgewoJY29sb3I6IzAwNDRDQzsKfQoKLS0+Cjwvc3R5bGU+CgoKPGRpdiBpZD0iSGVhZGVyS2V5d29yZCI+CjxzcGFuPuazqOebruOBruOCreODvOODr+ODvOODiTwvc3Bhbj4KCuODrOODs+ODgQoK44K/44Kk44Ok5Lqk5o+bCgrjg4/jgqTjgqjjg7zjgrkKCuOCs+ODs+OCveODvOODq+ODnOODg+OCr+OCuQoK44K444Oj44OD44KtCgrjgrfjgqzjg7zjgr3jgrHjg4Pjg4gKPC9kaXY+CgoKPHN0eWxlIHR5cGU9InRleHQvY3NzIj4KPCEtLQoKLyog5bem44K144Kk44OJ44OQ44OK44O8IOODneOCpOODs+ODiDflgI0gKi8KCmJvZHl7CgpiYWNrZ3JvdW5kLWltYWdlOiB1cmwoImh0dHA6Ly93d3cucmFrdXRlbi5uZS5qcC9nb2xkL19uYWdveWE3NTgvZnVqaWppLzd0aW1ldXAuanBnIik7CmJhY2tncm91bmQtcmVwZWF0OiByZXBlYXQteTsKYmFja2dyb3VuZC1hdHRhY2htZW50OiBzY3JvbGw7CmJhY2tncm91bmQtcG9zaXRpb246bGVmdAp9Ci0tPgo8L3N0eWxlPgoKCjxzdHlsZSB0eXBlPSJ0ZXh0L2NzcyI+CjwhLS0KCi8qIOWVhuWTgeaknOe0oueqkyAqLwoKZm9ybS5zZWFyY2h7CiAgICBtYXJnaW46MHB4IGF1dG87CiAgICB3aWR0aDogNTc4cHg7CiAgICBoZWlnaHQ6IDYzcHg7CiAgICBiYWNrZ3JvdW5kOnVybChodHRwOi8vd3d3LnJha3V0ZW4ubmUuanAvZ29sZC9ob3Ryb2FkdG95b2hhc2hpL2ltYWdlL3NlYXJjaC5wbmcpIG5vLXJlcGVhdCBzY3JvbGwgMCUgMCUgdHJhbnNwYXJlbnQ7CiAgICBwYWRkaW5nOiAwcHggMHB4IDVweCAxMHB4Owp9CiAKaW5wdXQud2FrdXsKICAgIGZvbnQtc2l6ZTozMHB4OwogICAgZm9udC13ZWlnaHQ6Ym9sZDsKICAgIHdpZHRoOiA0NTVweDsKICAgIGhlaWdodDogNTdweDsKICAgIGZsb2F0OiBsZWZ0OwogICAgYmFja2dyb3VuZDogbm9uZSByZXBlYXQgc2Nyb2xsIDAlIDAlIHRyYW5zcGFyZW50OwogICAgYm9yZGVyOiAwcHggbm9uZTsKICAgIGNvbG9yOiAjNjY2Owp9CiAKaW5wdXQuYnRuewogICAgd2lkdGg6IDExNXB4OwogICAgaGVpZ2h0OiA2M3B4OwogICAgZmxvYXQ6IHJpZ2h0OwogICAgYmFja2dyb3VuZDp1cmwoaHR0cDovL3d3dy5yYWt1dGVuLm5lLmpwL2dvbGQvaG90cm9hZHRveW9oYXNoaS9pbWFnZS9zZWFyY2hfYnV0dG9uLnBuZykgbm8tcmVwZWF0IHNjcm9sbCAwJSAwJSB0cmFuc3BhcmVudDsKICAgIGJvcmRlcjogMHB4IG5vbmU7CiAgICBjdXJzb3I6IHBvaW50ZXI7Cn0KCi0tPgo8L3N0eWxlPgoKCjxzdHlsZSB0eXBlPSJ0ZXh0L2NzcyI+CjwhLS0KCi8qIG1pY3JvIGNsZWFyZml4ICovCi5jZjpiZWZvcmUsCi5jZjphZnRlciB7CiAgICBjb250ZW50OiAiICI7CiAgICBkaXNwbGF5OiB0YWJsZTsKfQogCi5jZjphZnRlciB7CiAgICBjbGVhcjogYm90aDsKfQogCi5jZiB7CiAgICAqem9vbTogMTsKCW92ZXJmbG93OiBoaWRkZW47Cn0KLS0+Cjwvc3R5bGU+CgoKPHN0eWxlIHR5cGU9InRleHQvY3NzIj4KPCEtLQoKLyog44OG44K544OI44OG44O844OW44Or57WE44G/ICovCgoudGd7Ym9yZGVyLWNvbGxhcHNlOmNvbGxhcHNlOwogICAgYm9yZGVyOiAycHggI2Y4YTEwMiBzb2xpZDsKICAgIGJvcmRlci1zcGFjaW5nOjA7CiAgICBtYXJnaW46MHB4IGF1dG87Cn0KCi50ZyB0ZHsKICAgIGZvbnQtZmFtaWx5OkFyaWFsLCBzYW5zLXNlcmlmOwogICAgZm9udC1zaXplOjE0cHg7CiAgICBwYWRkaW5nOjEwcHggNXB4OwogICAgYm9yZGVyLXN0eWxlOnNvbGlkOwogICAgYm9yZGVyLXdpZHRoOjFweDsKICAgIG92ZXJmbG93OmhpZGRlbjsKICAgIHdvcmQtYnJlYWs6bm9ybWFsOwp9CgoudGcgdGh7CiAgICBmb250LWZhbWlseTpBcmlhbCwgc2Fucy1zZXJpZjsKICAgIGZvbnQtc2l6ZToxNHB4OwogICAgZm9udC13ZWlnaHQ6bm9ybWFsOwogICAgcGFkZGluZzoxMHB4IDVweDsKICAgIGJvcmRlci1zdHlsZTpzb2xpZDsKICAgIGJvcmRlci13aWR0aDoxcHg7CiAgICBvdmVyZmxvdzpoaWRkZW47CiAgICB3b3JkLWJyZWFrOm5vcm1hbDsKfQoKLnRnIC50Zy1iYXFoewogICAgdGV4dC1hbGlnbjpjZW50ZXI7CiAgICB2ZXJ0aWNhbC1hbGlnbjp0b3AKfQoKLnRnIC50Zy10Z2dxewogICAgZm9udC13ZWlnaHQ6Ym9sZDsKICAgIGZvbnQtc2l6ZToyNnB4OwogICAgZm9udC1mYW1pbHk6SW1wYWN0LCBDaGFyY29hbCwgc2Fucy1zZXJpZiAhaW1wb3J0YW50OzsKICAgIGJhY2tncm91bmQtY29sb3I6I2Y4YTEwMjsKICAgIGNvbG9yOiNmZmZmZmY7CiAgICB0ZXh0LWFsaWduOmNlbnRlcjsKICAgIHZlcnRpY2FsLWFsaWduOnRvcAp9CgotLT4KPC9zdHlsZT4KCgo8dGFibGUgY2xhc3M9InRnIj4KICA8dHI+CiAgICA8dGggY2xhc3M9InRnLXRnZ3EiIGNvbHNwYW49IjIiPuOCueODiOOCouWGheaknOe0ojxicj48L3RoPgogIDwvdHI+CiAgPHRyPgogICAgPHRkIGNsYXNzPSJ0Zy1iYXFoIiBjb2xzcGFuPSIyIj4KCgo8ZGl2IGlkPSJzZWFyY2hmcmFtZSIgY2xhc3M9ImNmIj4KCjwvZGl2PgoKCiAgICA8L3RkPgogIDwvdHI+CjwvdGFibGU+,5ben5bel5oi/OuODl+ODreODnOODg+OCr+OCuSDjgrXjgq/jgrfjg7zjg4kg5bCC55SoIOOCouODvOODoOODrOOCueODiCDjgrPjg7Pjgr3jg7zjg6vjg5zjg4Pjgq/jgrkg44K944OV44OI44Os44K244O8IOWPjue0jSDlsI/nianlhaXjgowg5pel5pys6KO9L0JQUy0x77ya44Kr44O855So5ZOB44GuSG90IFJvYWQgU2Vjb25kIFNob3A=,5ben5bel5oi/OuODl+ODreODnOODg+OCr+OCuSDjgrXjgq/jgrfjg7zjg4kg5bCC55SoIOOCouODvOODoOODrOOCueODiCDjgrPjg7Pjgr3jg7zjg6vjg5zjg4Pjgq/jgrkg44K944OV44OI44Os44K244O8IOWPjue0jSDlsI/nianlhaXjgowg5pel5pys6KO9L0JQUy0x,44CQMTAwMDDlhobvvZ7pgIHmlpnnhKHmlpnjgJHjgJDlrprnlarllYblk4HjgJHjgILlt6flt6XmiL8644OX44Ot44Oc44OD44Kv44K5IOOCteOCr+OCt+ODvOODiSDlsILnlKgg44Ki44O844Og44Os44K544OIIOOCs+ODs+OCveODvOODq+ODnOODg+OCr+OCuSDjgr3jg5Xjg4jjg6zjgrbjg7wg5Y+O57SNIOWwj+eJqeWFpeOCjCDml6XmnKzoo70vQlBTLTE=[rn]
12-37247,aHR0cDovL3RzaG9wLnIxMHMuanAvaG90cm9hZHRveW9oYXNoaS9jYWJpbmV0LzE1MDgvNzE1MDgwNzIwMV8xLmpwZz9maXRpbj03MDA6NzAw,MTEwOTYuODAwMA==,,6LuK55So5ZOB44O744OQ44Kk44Kv55So5ZOBID4g44Kr44O855So5ZOBID4g5YaF6KOF44OR44O844OEID4g44Kz44Oz44K944O844Or44Oc44OD44Kv44K5,5LyK6Jek6KO95L2c5omAL0lUIFJvbWFu77ya44OO44KiL+ODtOOCqeOCr+OCt+ODvC/jgqjjgrnjgq/jgqHjgqTjgqIg44OP44Kk44OW44Oq44OD44OJIOWwgueUqCDjgrPjg7Pjgr3jg7zjg6vjg5zjg4Pjgq/jgrkg5Y+O57SNIOWwj+eJqeWFpeOCjCDml6XmnKzoo70vSFlDLTE=,,44OO44KiJuODtOOCqeOCr+OCt+ODvCbjgqLjgrnjgq/jgqHjgqTjgqLvvIjjg4/jgqTjg5bjg6rjg4Pjg4nku5Xmp5jvvInlsILnlKjjgrPjg7Pjgr3jg7zjg6vjg5zjg4Pjgq/jgrnvvIE8YnI+PGJyPuODj+OCpOODluODquODg+ODieOBruOBn+OCgeOBruijveWTgeOBoOOBi+OCieS9v+OBhOWLneaJi+OCguaKnOe+pDxicj7lj5bku5jjgZHjgoLjgqvjg7Pjgr/jg7PjgafjgZTmuoDotrPjgYTjgZ/jgaDjgZHjgovku5Xmp5jjgafjgZnvvIE8YnI+PGJyPuaEm+i7iuOBruOCr+OCquODquODhuOCo+OBr+OBneOBruOBvuOBvuOBq+OAgeapn+iDveaAp+OCkui/veWPiuOBl+OBn+ODleOCqeODq+ODoO+8gTxicj7lgIvmgKfnmoTjgarmhJvou4rjgavnlJ/jgb7jgozlpInjgo/jgorjgb7jgZnjgII8YnI+PGJyPjxicj7il4/lronlv4Pjga7ml6XmnKzoo708YnI+4peP6Zuj54eD5oCn77yaSklT5ZCI5qC85ZOBPGJyPuKXj+iHquWLlei7iuWuieWFqOWfuua6lu+8muWQiOagvOWTgTxicj7il4/mipfoj4zmgKfjg7vpmLLmsZrmgKc8YnI+4peP5bCC55So6Kit6KiI44Gq44Gu44Gn44CB5oSb6LuK44Gr44G044Gj44Gf44KK44OV44Kj44OD44OI44GX44G+44GZ44CCPGJyPuKXj+ODj+OCpOODluODquODg+ODieOCs+ODs+OCveODvOODq+OCkuijheedgOOBl+OBpuOCguOAgee9ruOBj+OBoOOBkeWFhembu+OCkuOBneOBruOBvuOBvuS9v+OBiOOCi+OBruOBp+mdnuW4uOOBq+S+v+WIqeOBp+OBmeOAgjxicj7igLvjgrDjg6zjg7zjg4njgavjgojjgoroo4XlgpnjgYzjgaTjgYTjgabjgYTjgarjgYTou4rnqK7jgYzjgYLjgorjgb7jgZnjgII8YnI+4peP5aSn5Z6L5Y+O57SN44K544Oa44O844K544Gq44Gu44Gn44CB6LuK5YaF5pW055CG44GM5a655piT44Gr44Gn44GN44G+44GZ44CCPGJyPuKXj+W+jOmDqOW6p+W4reeUqOOBq+ODieODquODs+OCr+ODiOODrOODvOOBjDLlgIvku5jjgYTjgabjgYTjgb7jgZnjgILoh6rliIblpb3jgb/jgaflsI/nianlhaXjgozjgajjgZfjgabjgoLkvb/nlKjjgafjgY3jgb7jgZnjgII8YnI+4peP44Kz44Oz44K944O844Or44Gu5aSp5p2/44Gv5bCP54mp572u44GN44Go44GX44Gm5L2/55So44Gn44GN44CB44Go44Gm44KC5L6/5Yip44Gn44GZ44CCPGJyPjxicj48YnI+44CQ6YGp5b+c6LuK56iu44CRPGJyPuKWoE5PQUjjg7tWT1hZ44O7RVNRVUlSRSDjg4/jgqTjg5bjg6rjg4Pjg4nku5Xmp5jou4o8YnI+44K144Kk44K677yaVzE5NcOXRDM5MMOXSDM2NTxicj48YnI+PGJyPuKWoOODoeODvOOCq+ODvO+8muS8iuiXpOijveS9nOaJgC9JVCBSb21hbjxicj7ilqDlk4HnlarvvJpIWUMtMSBCSzxzdHlsZSB0eXBlPSJ0ZXh0L2NzcyI+CjwhLS0KCi8qIOazqOebruOBruOCreODvOODr+ODvOODiSAqLwoKZGl2I0hlYWRlcktleXdvcmQgewoJcG9zaXRpb246YWJzb2x1dGU7Cgl0b3A6ODBweDsvKuS4gOeVquS4iuOBi+OCieOBruS9jee9riovCglsZWZ0OjIwcHg7Lyrlt6bnq6/jgYvjgonjga7kvY3nva4qLwp9CgpkaXYjSGVhZGVyS2V5d29yZCBzcGFuIHsKCWJhY2tncm91bmQ6ICNiZjAwMDA7Cgljb2xvcjojZmZmOwoJZm9udC13ZWlnaHQ6Ym9sZDsKCXBhZGRpbmc6MnB4IDVweDsKfQoKZGl2I0hlYWRlcktleXdvcmQgYSB7Cgljb2xvcjojMDA0NENDOwp9CgotLT4KPC9zdHlsZT4KCgo8ZGl2IGlkPSJIZWFkZXJLZXl3b3JkIj4KPHNwYW4+5rOo55uu44Gu44Kt44O844Ov44O844OJPC9zcGFuPgoK44Os44Oz44OBCgrjgr/jgqTjg6TkuqTmj5sKCuODj+OCpOOCqOODvOOCuQoK44Kz44Oz44K944O844Or44Oc44OD44Kv44K5Cgrjgrjjg6Pjg4Pjgq0KCuOCt+OCrOODvOOCveOCseODg+ODiAo8L2Rpdj4KCgo8c3R5bGUgdHlwZT0idGV4dC9jc3MiPgo8IS0tCgovKiDlt6bjgrXjgqTjg4njg5Djg4rjg7wg44Od44Kk44Oz44OIN+WAjSAqLwoKYm9keXsKCmJhY2tncm91bmQtaW1hZ2U6IHVybCgiaHR0cDovL3d3dy5yYWt1dGVuLm5lLmpwL2dvbGQvX25hZ295YTc1OC9mdWppamkvN3RpbWV1cC5qcGciKTsKYmFja2dyb3VuZC1yZXBlYXQ6IHJlcGVhdC15OwpiYWNrZ3JvdW5kLWF0dGFjaG1lbnQ6IHNjcm9sbDsKYmFja2dyb3VuZC1wb3NpdGlvbjpsZWZ0Cn0KLS0+Cjwvc3R5bGU+CgoKPHN0eWxlIHR5cGU9InRleHQvY3NzIj4KPCEtLQoKLyog5ZWG5ZOB5qSc57Si56qTICovCgpmb3JtLnNlYXJjaHsKICAgIG1hcmdpbjowcHggYXV0bzsKICAgIHdpZHRoOiA1NzhweDsKICAgIGhlaWdodDogNjNweDsKICAgIGJhY2tncm91bmQ6dXJsKGh0dHA6Ly93d3cucmFrdXRlbi5uZS5qcC9nb2xkL2hvdHJvYWR0b3lvaGFzaGkvaW1hZ2Uvc2VhcmNoLnBuZykgbm8tcmVwZWF0IHNjcm9sbCAwJSAwJSB0cmFuc3BhcmVudDsKICAgIHBhZGRpbmc6IDBweCAwcHggNXB4IDEwcHg7Cn0KIAppbnB1dC53YWt1ewogICAgZm9udC1zaXplOjMwcHg7CiAgICBmb250LXdlaWdodDpib2xkOwogICAgd2lkdGg6IDQ1NXB4OwogICAgaGVpZ2h0OiA1N3B4OwogICAgZmxvYXQ6IGxlZnQ7CiAgICBiYWNrZ3JvdW5kOiBub25lIHJlcGVhdCBzY3JvbGwgMCUgMCUgdHJhbnNwYXJlbnQ7CiAgICBib3JkZXI6IDBweCBub25lOwogICAgY29sb3I6ICM2NjY7Cn0KIAppbnB1dC5idG57CiAgICB3aWR0aDogMTE1cHg7CiAgICBoZWlnaHQ6IDYzcHg7CiAgICBmbG9hdDogcmlnaHQ7CiAgICBiYWNrZ3JvdW5kOnVybChodHRwOi8vd3d3LnJha3V0ZW4ubmUuanAvZ29sZC9ob3Ryb2FkdG95b2hhc2hpL2ltYWdlL3NlYXJjaF9idXR0b24ucG5nKSBuby1yZXBlYXQgc2Nyb2xsIDAlIDAlIHRyYW5zcGFyZW50OwogICAgYm9yZGVyOiAwcHggbm9uZTsKICAgIGN1cnNvcjogcG9pbnRlcjsKfQoKLS0+Cjwvc3R5bGU+CgoKPHN0eWxlIHR5cGU9InRleHQvY3NzIj4KPCEtLQoKLyogbWljcm8gY2xlYXJmaXggKi8KLmNmOmJlZm9yZSwKLmNmOmFmdGVyIHsKICAgIGNvbnRlbnQ6ICIgIjsKICAgIGRpc3BsYXk6IHRhYmxlOwp9CiAKLmNmOmFmdGVyIHsKICAgIGNsZWFyOiBib3RoOwp9CiAKLmNmIHsKICAgICp6b29tOiAxOwoJb3ZlcmZsb3c6IGhpZGRlbjsKfQotLT4KPC9zdHlsZT4KCgo8c3R5bGUgdHlwZT0idGV4dC9jc3MiPgo8IS0tCgovKiDjg4bjgrnjg4jjg4bjg7zjg5bjg6vntYTjgb8gKi8KCi50Z3tib3JkZXItY29sbGFwc2U6Y29sbGFwc2U7CiAgICBib3JkZXI6IDJweCAjZjhhMTAyIHNvbGlkOwogICAgYm9yZGVyLXNwYWNpbmc6MDsKICAgIG1hcmdpbjowcHggYXV0bzsKfQoKLnRnIHRkewogICAgZm9udC1mYW1pbHk6QXJpYWwsIHNhbnMtc2VyaWY7CiAgICBmb250LXNpemU6MTRweDsKICAgIHBhZGRpbmc6MTBweCA1cHg7CiAgICBib3JkZXItc3R5bGU6c29saWQ7CiAgICBib3JkZXItd2lkdGg6MXB4OwogICAgb3ZlcmZsb3c6aGlkZGVuOwogICAgd29yZC1icmVhazpub3JtYWw7Cn0KCi50ZyB0aHsKICAgIGZvbnQtZmFtaWx5OkFyaWFsLCBzYW5zLXNlcmlmOwogICAgZm9udC1zaXplOjE0cHg7CiAgICBmb250LXdlaWdodDpub3JtYWw7CiAgICBwYWRkaW5nOjEwcHggNXB4OwogICAgYm9yZGVyLXN0eWxlOnNvbGlkOwogICAgYm9yZGVyLXdpZHRoOjFweDsKICAgIG92ZXJmbG93OmhpZGRlbjsKICAgIHdvcmQtYnJlYWs6bm9ybWFsOwp9CgoudGcgLnRnLWJhcWh7CiAgICB0ZXh0LWFsaWduOmNlbnRlcjsKICAgIHZlcnRpY2FsLWFsaWduOnRvcAp9CgoudGcgLnRnLXRnZ3F7CiAgICBmb250LXdlaWdodDpib2xkOwogICAgZm9udC1zaXplOjI2cHg7CiAgICBmb250LWZhbWlseTpJbXBhY3QsIENoYXJjb2FsLCBzYW5zLXNlcmlmICFpbXBvcnRhbnQ7OwogICAgYmFja2dyb3VuZC1jb2xvcjojZjhhMTAyOwogICAgY29sb3I6I2ZmZmZmZjsKICAgIHRleHQtYWxpZ246Y2VudGVyOwogICAgdmVydGljYWwtYWxpZ246dG9wCn0KCi0tPgo8L3N0eWxlPgoKCjx0YWJsZSBjbGFzcz0idGciPgogIDx0cj4KICAgIDx0aCBjbGFzcz0idGctdGdncSIgY29sc3Bhbj0iMiI+44K544OI44Ki5YaF5qSc57SiPGJyPjwvdGg+CiAgPC90cj4KICA8dHI+CiAgICA8dGQgY2xhc3M9InRnLWJhcWgiIGNvbHNwYW49IjIiPgoKCjxkaXYgaWQ9InNlYXJjaGZyYW1lIiBjbGFzcz0iY2YiPgoKPC9kaXY+CgoKICAgIDwvdGQ+CiAgPC90cj4KPC90YWJsZT4=,5LyK6Jek6KO95L2c5omAL0lUIFJvbWFu77ya44OO44KiL+ODtOOCqeOCr+OCt+ODvC/jgqjjgrnjgq/jgqHjgqTjgqIg44OP44Kk44OW44Oq44OD44OJIOWwgueUqCDjgrPjg7Pjgr3jg7zjg6vjg5zjg4Pjgq/jgrkg5Y+O57SNIOWwj+eJqeWFpeOCjCDml6XmnKzoo70vSFlDLTHvvJrjgqvjg7znlKjlk4Hjga5Ib3QgUm9hZCBTZWNvbmQgU2hvcA==,5LyK6Jek6KO95L2c5omAL0lUIFJvbWFu77ya44OO44KiL+ODtOOCqeOCr+OCt+ODvC/jgqjjgrnjgq/jgqHjgqTjgqIg44OP44Kk44OW44Oq44OD44OJIOWwgueUqCDjgrPjg7Pjgr3jg7zjg6vjg5zjg4Pjgq/jgrkg5Y+O57SNIOWwj+eJqeWFpeOCjCDml6XmnKzoo70vSFlDLTE=,44CQ6YCB5paZ54Sh5paZ44CR44CQ5a6a55Wq5ZWG5ZOB44CR44CC5LyK6Jek6KO95L2c5omAL0lUIFJvbWFu77ya44OO44KiL+ODtOOCqeOCr+OCt+ODvC/jgqjjgrnjgq/jgqHjgqTjgqIg44OP44Kk44OW44Oq44OD44OJIOWwgueUqCDjgrPjg7Pjgr3jg7zjg6vjg5zjg4Pjgq/jgrkg5Y+O57SNIOWwj+eJqeWFpeOCjCDml6XmnKzoo70vSFlDLTE=[rn]
12-37248,aHR0cDovL3RzaG9wLnIxMHMuanAvaG90cm9hZC9jYWJpbmV0LzE2MDUvNzE2MDUyNDkxMl8xLmpwZz9maXRpbj03MDA6NzAw,MjkxMi4wMDAw,,6LuK55So5ZOB44O744OQ44Kk44Kv55So5ZOBID4g44Kr44O855So5ZOBID4g5YaF6KOF44OR44O844OEID4g44Kz44Oz44K944O844Or44Oc44OD44Kv44K5,44K344O844Ko44O877ya44Ki44O844Og44Os44K544OIIOOCs+ODs+OCveODvOODq+ODnOODg+OCr+OCuSDou73oh6rli5Xou4og44Kz44Oz44OR44Kv44OI44Kr44O8L0EtMzIz,,,44K344O844Ko44O877ya44Ki44O844Og44Os44K544OIIOOCs+ODs+OCveODvOODq+ODnOODg+OCr+OCuSDou73oh6rli5Xou4og44Kz44Oz44OR44Kv44OI44Kr44O8L0EtMzIz77ya44Kr44O855So5ZOB44Gu44Ob44OD44OI44Ot44O844OJ5pil5pel5LqV6KW/5bqX,44Kr44O855So5ZOB44Kz44Oz44K944O844Or44Oc44OD44Kv44K544K544Oe44Ob5YWF6Zu75Zmo44OK44Oz44OQ44O844OV44Os44O844Og44K544OU44O844Kr44O844Kq44O844OH44Kj44Kq5aGX6KOF44Km44O844OV44Kh44O844Kt44Oj44Oq44Ki44OV44Oq44O844OJ44K344Ko44Oz44K/44OO44Ki44Oe44K444Kr44Or44Kr44O844Oc44Oz44K544OG44Ki44Oq44Oz44Kw44Oc44K544K/44Kk44Ok44OB44Kn44O844Oz44K544K/44OD44OJ44Os44K544K/44Kk44Ok44Ki44Km44OI44Os44OD44OI44K344O844Ko44O877ya44Ki44O844Og44Os44K544OIIOOCs+ODs+OCveODvOODq+ODnOODg+OCr+OCuSDou73oh6rli5Xou4og44Kz44Oz44OR44Kv44OI44Kr44O8L0EtMzIz,57Ch5Y2Y5Y+W5LuY44CC44K344O844Ko44O877ya44Ki44O844Og44Os44K544OIIOOCs+ODs+OCveODvOODq+ODnOODg+OCr+OCuSDou73oh6rli5Xou4og44Kz44Oz44OR44Kv44OI44Kr44O8L0EtMzIz[rn]
12-37249,aHR0cDovL3RzaG9wLnIxMHMuanAvaG90cm9hZC9jYWJpbmV0LzE2MDEvNzE2MDExMzIwMF8xLmpwZz9maXRpbj03MDA6NzAw,OTQ4MS42MDAw,,6LuK55So5ZOB44O744OQ44Kk44Kv55So5ZOBID4g44Kr44O855So5ZOBID4g5YaF6KOF44OR44O844OEID4g44Kz44Oz44K944O844Or44Oc44OD44Kv44K5,44K344Ko44Oz44K/IOOCs+ODs+OCveODvOODq+ODnOODg+OCr+OCuSDml6XmnKzoo70gMTcwLzE3Neezu++8iDIwMTXlubQ35pyI772e77yJIFNJRU5UQSDlsILnlKjoqK3oqIgv5LyK6Jek6KO95L2c5omAL0lUIFJvbWFu77yaU0lDLTHjgJDpgIHmlpnnhKHmlpnvvIjjg7vmspbnuITjg7vljJfmtbfpgZPjga/pmaTjgY/vvInjgJE=,,44K344Ko44Oz44K/77yIMTcwLzE3Neezu++8ieWwgueUqOOCs+ODs+OCveODvOODq+ODnOODg+OCr+OCue+8gTxicj48YnI+5oSb6LuK44Gu44Kv44Kq44Oq44OG44Kj44Gv44Gd44Gu44G+44G+44Gr44CB5qmf6IO95oCn44Go44OH44K244Kk44Oz5oCnVVDjgpLov73lj4rjgZfjgZ/jg5Xjgqnjg6vjg6DjgII8YnI+5bCC55So6Kit6KiI44Gg44GL44KJ57SU5q2j44Gu44KI44GG44Gr44K444Oj44K544OI44OV44Kj44OD44OI44CCPGJyPuS9v+OBhOOChOOBmeOBleOBqOOAgeWPjue0jeWKm+OCkuWun+ePvuOAgjxicj48YnI+PGJyPuOAkOeJueW+tOOAkTxicj7il4/jgrfjg7zjg4jjgpLjgrnjg6njgqTjg4njgZXjgZvjgabjgoLlhYXliIbmqZ/og73jgZnjgovlsILnlKjoqK3oqIg8YnI+4peP6KO95ZOB44GM44K344O844OI44Go5bmy5riJ44GX44G+44Gb44KT44CCPGJyPuKXj+WPluS7mOOBkeewoeWNmOOBp+OCuOODo+OCueODiOODleOCo+ODg+ODiOOAgue0lOato+aMh+WQkeOBruS6uuOBq+ODlOODg+OCv+ODquOBp+OBmeOAgjxicj7il4/lronlv4Pjga7ml6XmnKzoo73jgafjgZnjgII8YnI+IOKXj+Wkqeadv+OBjOODiOODrOODvOOBqOOBl+OBpuS9v+eUqOOBp+OBjeOBvuOBmeOAgjxicj4g4peP5pC65biv44Ob44Or44OA44O8L+ODieODquODs+OCr+ODm+ODq+ODgOODvOS7mOOBjeOBp+OBmeOAgjxicj4g4peP44OG44Kj44OD44K344Ol44Oc44OD44Kv44K544GM5Y+O57SN44Gn44GN44G+44GZ44CCPGJyPiA8YnI+IDxicj4g44CQ5LuV5qeY44CRPGJyPiDoo73lk4HjgrXjgqTjgrrvvJpXMTYww5dENTAww5dIMjkwbW08YnI+IDxicj4g5Y+O57SN44K544Oa44O844K544Gu44K144Kk44K677yaVzExOMOXRDI5NcOXSDIxNW1tPGJyPiDmkLrluK/jg5vjg6vjg4Djg7zjga7jgrXjgqTjgrrvvJpXMTXDl0Q3MMOXSDY4bW08YnI+IOODieODquODs+OCr+ODm+ODq+ODgOODvOOBruOCteOCpOOCuu+8muWGheW+hDcwbW08YnI+IDxicj4gPGJyPuOAkOmBqeW/nOi7iueoruOAkTxicj4g4pag44OI44Oo44K/IOOCt+OCqOODs+OCvy9TaWVudGEg77yI5Z6L5byPUDE3MEcvUDE3NUflnosgMjAxNeW5tDfmnIjvvZ7vvIk8YnI+IOOCteOCpOOCuu+8mlcxNjDDl0Q1MDDDl0gyOTBtbTxicj4gPGJyPjxicj7ilqDjg6Hjg7zjgqvjg7zvvJrkvIrol6Too73kvZzmiYAvSVQgUm9tYW48YnI+IOKWoOWTgeeVqu+8mlNJQy0x,44K344Ko44Oz44K/IOOCs+ODs+OCveODvOODq+ODnOODg+OCr+OCuSDml6XmnKzoo70gMTcwLzE3Neezu++8iDIwMTXlubQ35pyI772e77yJIFNJRU5UQSDlsILnlKjoqK3oqIgv5LyK6Jek6KO95L2c5omAL0lUIFJvbWFu77yaU0lDLTHjgJDpgIHmlpnnhKHmlpnvvIjjg7vmspbnuITjg7vljJfmtbfpgZPjga/pmaTjgY/vvInjgJHvvJrjgqvjg7znlKjlk4Hjga7jg5vjg4Pjg4jjg63jg7zjg4nmmKXml6XkupXopb/lupc=,44Kr44O855So5ZOB44Kz44Oz44K944O844Or44Oc44OD44Kv44K544K544Oe44Ob5YWF6Zu75Zmo44OK44Oz44OQ44O844OV44Os44O844Og44K544OU44O844Kr44O844Kq44O844OH44Kj44Kq5aGX6KOF44Km44O844OV44Kh44O844Kt44Oj44Oq44Ki44OV44Oq44O844OJ44K344Ko44Oz44K/44OO44Ki44Oe44K444Kr44Or44Kr44O844Oc44Oz44K544OG44Ki44Oq44Oz44Kw44Oc44K544K/44Kk44Ok44OB44Kn44O844Oz44K544K/44OD44OJ44Os44K544K/44Kk44Ok44Ki44Km44OI44Os44OD44OI44K344Ko44Oz44K/IOOCs+ODs+OCveODvOODq+ODnOODg+OCr+OCuSDml6XmnKzoo70gMTcwLzE3Neezu++8iDIwMTXlubQ35pyI772e77yJIFNJRU5UQSDlsILnlKjoqK3oqIgv5LyK6Jek6KO95L2c5omAL0lUIFJvbWFu77yaU0lDLTHjgJDpgIHmlpnnhKHmlpnvvIjjg7vmspbnuITjg7vljJfmtbfpgZPjga/pmaTjgY/vvInjgJE=,6LuK56iu5bCC55So5ZOB44Gg44GL44KJ44GX44Gj44GL44KK44OV44Kj44OD44OI77yB44CC44K344Ko44Oz44K/IOOCs+ODs+OCveODvOODq+ODnOODg+OCr+OCuSDml6XmnKzoo70gMTcwLzE3Neezu++8iDIwMTXlubQ35pyI772e77yJIFNJRU5UQSDlsILnlKjoqK3oqIgv5LyK6Jek6KO95L2c5omAL0lUIFJvbWFu77yaU0lDLTHjgJDpgIHmlpnnhKHmlpnvvIjjg7vmspbnuITjg7vljJfmtbfpgZPjga/pmaTjgY/vvInjgJE=[rn]
12-37250,aHR0cDovL3RzaG9wLnIxMHMuanAvaG90cm9hZC9jYWJpbmV0LzE2MDcvNzE2MDcwNjQwMV8xLmpwZz9maXRpbj03MDA6NzAw,OTYxNS4yMDAw,,6LuK55So5ZOB44O744OQ44Kk44Kv55So5ZOBID4g44Kr44O855So5ZOBID4g5YaF6KOF44OR44O844OEID4g44Kz44Oz44K944O844Or44Oc44OD44Kv44K5,5ben5bel5oi/77ya44OP44Kk44Ko44O844K5IDIwMOezuyAx772eNOWeiyBEWCAg44Os44K444Ki44K544Ko44O844K5IOOCs+ODs+OCveODvOODq+ODnOODg+OCr+OCuSDjgqLjg7zjg6Djg6zjgrnjg4gg6LuK56iu5bCC55So6Kit6KiIIOaXpeacrOijvS9CSEEtMQ==,,44OP44Kk44Ko44O844K55bCC55So44Kz44Oz44K944O844Or44Oc44OD44Kv44K577yBPGJyPjxicj7mhJvou4rjga7jgq/jgqrjg6rjg4bjgqPjga/jgZ3jga7jgb7jgb7jgavjgIHmqZ/og73mgKfjgajjg4fjgrbjgqTjg7PmgKdVUOOCkui/veWPiuOBl+OBn+ODleOCqeODq+ODoOOAgjxicj7lsILnlKjoqK3oqIjjgaDjgYvjgonntJTmraPjga7jgojjgYbjgavjgrjjg6Pjgrnjg4jjg5XjgqPjg4Pjg4jjgII8YnI+44K344O844OI44KS44K544Op44Kk44OJ44GV44Gb44Gm44KC44Gy44GY44KS572u44GP5LqL44GM5Ye65p2l44G+44GZ44CCPGJyPjxicj7jgJDnibnlvrTjgJE8YnI+4peP44K344O844OI44KS44K544Op44Kk44OJ44GV44Gb44Gm44KC5YWF5YiG5qmf6IO944GZ44KL5bCC55So6Kit6KiIPGJyPuKXj+ijveWTgeOBjOOCt+ODvOODiOOBqOW5sua4ieOBl+OBvuOBm+OCk+OAgjxicj7il4/lj5bku5jjgZHnsKHljZjjgafjgrjjg6Pjgrnjg4jjg5XjgqPjg4Pjg4jjgILntJTmraPmjIflkJHjga7kurrjgavjg5Tjg4Pjgr/jg6rjgafjgZnjgII8YnI+4peP5a6J5b+D44Gu5pel5pys6KO944Gn44GZ44CCPGJyPjxicj48YnI+44CQ5LuV5qeY44CRPGJyPuijveWTgeOCteOCpOOCuu+8muaoque0hDM0MG1tw5fnuKbntIQ0NjBtbcOX6auY44GV57SEMTkwbW08YnI+PGJyPuOAkOmBqeW/nOi7iueoruOAkTxicj7jg4/jgqTjgqjjg7zjgrkoVFJIMiMjL0tESDIjI+ezuykoMjAwNOW5tDjmnIjvvZ4p77yI44Oe44Kk44OK44O844OB44Kn44Oz44K45b6M44CAMjAxNeW5tO+9nu+8iTxicj48YnI+44CQ44OW44Op44Oz44OJ44CRPGJyPuW3p+W3peaIvzxicj48YnI+4pag5ZOB55Wq77yaQkhBLTE=,5ben5bel5oi/77ya44OP44Kk44Ko44O844K5IDIwMOezuyAx772eNOWeiyBEWCAg44Os44K444Ki44K544Ko44O844K5IOOCs+ODs+OCveODvOODq+ODnOODg+OCr+OCuSDjgqLjg7zjg6Djg6zjgrnjg4gg6LuK56iu5bCC55So6Kit6KiIIOaXpeacrOijvS9CSEEtMe+8muOCq+ODvOeUqOWTgeOBruODm+ODg+ODiOODreODvOODieaYpeaXpeS6leilv+W6lw==,44Kr44O855So5ZOB44Kz44Oz44K944O844Or44Oc44OD44Kv44K544K544Oe44Ob5YWF6Zu75Zmo44OK44Oz44OQ44O844OV44Os44O844Og44K544OU44O844Kr44O844Kq44O844OH44Kj44Kq5aGX6KOF44Km44O844OV44Kh44O844Kt44Oj44Oq44Ki44OV44Oq44O844OJ44K344Ko44Oz44K/44OO44Ki44Oe44K444Kr44Or44Kr44O844Oc44Oz44K544OG44Ki44Oq44Oz44Kw44Oc44K544K/44Kk44Ok44OB44Kn44O844Oz44K544K/44OD44OJ44Os44K544K/44Kk44Ok44Ki44Km44OI44Os44OD44OI5ben5bel5oi/77ya44OP44Kk44Ko44O844K5IDIwMOezuyAx772eNOWeiyBEWCAg44Os44K444Ki44K544Ko44O844K5IOOCs+ODs+OCveODvOODq+ODnOODg+OCr+OCuSDjgqLjg7zjg6Djg6zjgrnjg4gg6LuK56iu5bCC55So6Kit6KiIIOaXpeacrOijvS9CSEEtMQ==,44CQ5a6a55Wq5ZWG5ZOB44CR44CC5ben5bel5oi/77ya44OP44Kk44Ko44O844K5IDIwMOezuyAx772eNOWeiyBEWCAg44Os44K444Ki44K544Ko44O844K5IOOCs+ODs+OCveODvOODq+ODnOODg+OCr+OCuSDjgqLjg7zjg6Djg6zjgrnjg4gg6LuK56iu5bCC55So6Kit6KiIIOaXpeacrOijvS9CSEEtMQ==[rn]
12-37251,aHR0cDovL3RzaG9wLnIxMHMuanAvaG90cm9hZC9jYWJpbmV0LzE1MDEvNzE1MDEwOTIwMl8xLmpwZz9maXRpbj03MDA6NzAw,ODAwMC4wMDAw,,6LuK55So5ZOB44O744OQ44Kk44Kv55So5ZOBID4g44Kr44O855So5ZOBID4g5YaF6KOF44OR44O844OEID4g44Kz44Oz44K944O844Or44Oc44OD44Kv44K5,5LyK6Jek6KO95L2c5omAL0lUIFJvbWFu77ya44OO44KiL+ODtOOCqeOCr+OCt+ODvCDlsILnlKgg44Kz44Oz44K944O844Or44Oc44OD44Kv44K5IOWkp+Wei+WPjue0jSDjg6zjgrbjg7wg6Zuj54eD57Sg5p2Q5L2/55SoIOaXpeacrOijvS9RQy0x,,Vk9YWSZOT0FI5bCC55So44Kz44Oz44K944O844Or77yBPGJyPjxicj7mhJvou4rjga7jgq/jgqrjg6rjg4bjgqPjga/jgZ3jga7jgb7jgb7jgavjgIHmqZ/og73mgKfjgajjg4fjgrbjgqTjg7PmgKfjgpJVUO+8gTxicj7jgqrjg6rjgrjjg4rjg6rjg4bjgqPjgpLpq5jjgoHjgovlv4XpoIjjgqLjgqTjg4bjg6DjgII8YnI+5bCC55So6Kit6KiI44Gg44GL44KJ44Gn44GN44KL44GT44Gg44KP44KK44Gn44CB44K744Oz44K544Ki44OD44OX77yBPGJyPjxicj7il49CT1jjg4bjgqPjg4Pjgrfjg6XjgYzlhaXjgovlpKflnovlj47ntI08YnI+PGJyPuKXj0NEMTXmnprjgIFEVkTjgarjgokxMeaemuWPjue0jeOBp+OBjeOCi+OCueODqeOCpOODieWPjue0je+8gTxicj48YnI+4peP44OI44OD44OX44Gv5aSn5Z6L44OG44O844OW44OrPGJyPjxicj7il4/pm6Pnh4PntKDmnZDkvb/nlKg8YnI+PGJyPuKXj+a1gee3muWei+OBp+e0lOato+aEn+immu+8gTxicj48YnI+4peP5YmN5bit5YG044Gr5Y+W44KK5Ye644GX44KE44GZ44GE44Od44Kx44OD44OI44KS6KOF5YKZ77yBPGJyPjxicj7il4/liY3jg7vlvozjgavkvr/liKnjgarjg43jg4Pjg4jlj47ntI3jgpLnorrkv508YnI+PGJyPuKXj+aXp+Wei+OBi+OCieaWsOWei+OBvuOBp+ijheedgOWPr+iDve+8gTxicj4o4oC744OP44Kk44OW44Oq44OD44OJ6LuK44Gv5Y+W5LuY44GR5LiN5Y+v44Go44Gq44Gj44Gm44GK44KK44G+44GZ44Gu44Gn44GU5rOo5oSP5LiL44GV44GE44CCKTxicj48YnI+4oC7VzIwNcOXRDUyMMOXSDMzMG1tIOOCteOCpOOCuuOCkuOBlOeiuuiqjeOBruOBhuOBiOOBiuiyt+OBhOaxguOCgeOBj+OBoOOBleOBhOOAgjxicj4gPGJyPjxicj7ilqDjgqvjg6njg7zvvJrjg5bjg6njg4Pjgq88YnI+PGJyPuKWoOODoeODvOOCq+ODvO+8muS8iuiXpOijveS9nOaJgC9JVCBSb21hbjxicj7ilqDlk4HnlarvvJpRQy0x,5LyK6Jek6KO95L2c5omAL0lUIFJvbWFu77ya44OO44KiL+ODtOOCqeOCr+OCt+ODvCDlsILnlKgg44Kz44Oz44K944O844Or44Oc44OD44Kv44K5IOWkp+Wei+WPjue0jSDjg6zjgrbjg7wg6Zuj54eD57Sg5p2Q5L2/55SoIOaXpeacrOijvS9RQy0x77ya44Kr44O855So5ZOB44Gu44Ob44OD44OI44Ot44O844OJ5pil5pel5LqV6KW/5bqX,44Kr44O855So5ZOB44Kz44Oz44K944O844Or44Oc44OD44Kv44K544K544Oe44Ob5YWF6Zu75Zmo44OK44Oz44OQ44O844OV44Os44O844Og44K544OU44O844Kr44O844Kq44O844OH44Kj44Kq5aGX6KOF44Km44O844OV44Kh44O844Kt44Oj44Oq44Ki44OV44Oq44O844OJ44K344Ko44Oz44K/44OO44Ki44Oe44K444Kr44Or44Kr44O844Oc44Oz44K544OG44Ki44Oq44Oz44Kw44Oc44K544K/44Kk44Ok44OB44Kn44O844Oz44K544K/44OD44OJ44Os44K544K/44Kk44Ok44Ki44Km44OI44Os44OD44OI5LyK6Jek6KO95L2c5omAL0lUIFJvbWFu77ya44OO44KiL+ODtOOCqeOCr+OCt+ODvCDlsILnlKgg44Kz44Oz44K944O844Or44Oc44OD44Kv44K5IOWkp+Wei+WPjue0jSDjg6zjgrbjg7wg6Zuj54eD57Sg5p2Q5L2/55SoIOaXpeacrOijvS9RQy0x,44O044Kp44Kv44K344O8JmFtcDvjg47jgqLjgavkvb/jgYjjgb7jgZnjgILkvIrol6Too73kvZzmiYAvSVQgUm9tYW7vvJrjg47jgqIv44O044Kp44Kv44K344O8IOWwgueUqCDjgrPjg7Pjgr3jg7zjg6vjg5zjg4Pjgq/jgrkg5aSn5Z6L5Y+O57SNIOODrOOCtuODvCDpm6Pnh4PntKDmnZDkvb/nlKgg5pel5pys6KO9L1FDLTE=[rn]
12-37252,aHR0cDovL3RzaG9wLnIxMHMuanAvaG90cm9hZC9jYWJpbmV0LzE1MTAvNzE1MTAwNTIwM18xLmpwZz9maXRpbj03MDA6NzAw,NDIwOC4wMDAw,,6LuK55So5ZOB44O744OQ44Kk44Kv55So5ZOBID4g44Kr44O855So5ZOBID4g5YaF6KOF44OR44O844OEID4g44Kz44Oz44K944O844Or44Oc44OD44Kv44K5,5LyK6Jek6KO95L2c5omAL0lUIFJvbWFu77yaTi1CT1ggTkJPWOWwgueUqOOCs+ODs+OCveODvOODq+ODnOODg+OCr+OCuSDml6XmnKzoo70g5bCC55So6Kit6KiIL05CLTE=,,Ti1CT1jlsILnlKjoqK3oqIjjgaDjgYvjgonlj5bku5jjgZHjgoLnsKHljZjjgafkvb/jgYTli53miYvjgoLjg5Djg4TjgrDjg7PvvIE8YnI+PGJyPk5CT1jjgaDjgZHjga7lsILnlKjoqK3oqIjjgaDjgYvjgonntJTmraPjga7jgojjgYbjgavjgrjjg6Pjgrnjg4jjg5XjgqPjg4Pjg4jvvIE8YnI+5L2/44GE44KE44GZ44GV44Go5Y+O57SN5Yqb44KS5a6f54++77yBPGJyPjxicj7il4/lronlv4Pjga7ml6XmnKzoo708YnI+4peP44K344O844OI44KS44K544Op44Kk44OJ44GV44Gb44Gm44KC5YWF5YiG5qmf6IO944GZ44KL5bCC55So6Kit6KiIPGJyPuKXj+ijveWTgeOBjOOCt+ODvOODiOOBqOW5sua4ieOBl+OBvuOBm+OCk+OAgjxicj7igLvjgrPjg7Pjgr3jg7zjg6voo4XnnYDmmYLjgIHjgrfjg7zjg4jjga/ntIQxMGNt44Gu5Y+v5YuV44Gr44Gq44KK44G+44GZ44Gu44Gn44GU5rOo5oSP44GP44Gg44GV44GE44CCPGJyPiDil4/lj5bku5jjgZHnsKHljZjjgafjgIHjgrjjg6Pjgrnjg4jjg5XjgqPjg4Pjg4jjgILntJTmraPmjIflkJHjga7kurrjgavjg5Tjg4Pjgr/jg6rjgafjgZnjgII8YnI+4peP57SU5q2j44Gu44KI44GG44Gr5L2/44GE44KE44GZ44GE44GL44KJ44CB44Gh44KH44GE5LmX44KK44GL44KJ6ZW36Led6Zui44OJ44Op44Kk44OW44G+44Gn44Op44Kv44Op44Kv44Gn44GZ44CCPGJyPuKXj0NE44GMMTDmnprlj47ntI3lh7rmnaXjgb7jgZnjgII8YnI+4peP5LiK6YOo44Gr5bCP54mp5YWl44KM44Go44OJ44Oq44Oz44Kv44Ob44Or44OA44O844GM44GC44KK44G+44GZ44CCPGJyPjxicj7jgJDpganlv5zou4rnqK7jgJE8YnI+4pag44Ob44Oz44OAIE4tQk9YPGJyPuOCteOCpOOCuu+8mlcxODXDl0QyNjXDl0gyMjNtbTxicj7igLsyMDE15bm0MuaciOOBruODnuOCpOODiuODvOODgeOCp+ODs+OCuOW+jOOBq+OBr+mBqeWQiOOBl+OBpuOBiuOCiuOBvuOBm+OCk+OAgjxicj5OLUJPWOS7peWkluOBr+OAgeOCteOCpOOCuuOCkueiuuiqjeOBl+OBpuOBiuiyt+OBhOaxguOCgeOBj+OBoOOBleOBhOOAgjxicj48YnI+PGJyPuKWoOODoeODvOOCq+ODvO+8muS8iuiXpOijveS9nOaJgC9JVCBSb21hbjxicj7ilqDlk4HnlarvvJpOQi0xIEJL,5LyK6Jek6KO95L2c5omAL0lUIFJvbWFu77yaTi1CT1ggTkJPWOWwgueUqOOCs+ODs+OCveODvOODq+ODnOODg+OCr+OCuSDml6XmnKzoo70g5bCC55So6Kit6KiIL05CLTHvvJrjgqvjg7znlKjlk4Hjga7jg5vjg4Pjg4jjg63jg7zjg4nmmKXml6XkupXopb/lupc=,44Kr44O855So5ZOB44Kz44Oz44K944O844Or44Oc44OD44Kv44K544K544Oe44Ob5YWF6Zu75Zmo44OK44Oz44OQ44O844OV44Os44O844Og44K544OU44O844Kr44O844Kq44O844OH44Kj44Kq5aGX6KOF44Km44O844OV44Kh44O844Kt44Oj44Oq44Ki44OV44Oq44O844OJ44K344Ko44Oz44K/44OO44Ki44Oe44K444Kr44Or44Kr44O844Oc44Oz44K544OG44Ki44Oq44Oz44Kw44Oc44K544K/44Kk44Ok44OB44Kn44O844Oz44K544K/44OD44OJ44Os44K544K/44Kk44Ok44Ki44Km44OI44Os44OD44OI5LyK6Jek6KO95L2c5omAL0lUIFJvbWFu77yaTi1CT1ggTkJPWOWwgueUqOOCs+ODs+OCveODvOODq+ODnOODg+OCr+OCuSDml6XmnKzoo70g5bCC55So6Kit6KiIL05CLTE=,6LuK56iu5bCC55So5ZOB44Gg44GL44KJ44GX44Gj44GL44KK44OV44Kj44OD44OI77yB44CC5LyK6Jek6KO95L2c5omAL0lUIFJvbWFu77yaTi1CT1ggTkJPWOWwgueUqOOCs+ODs+OCveODvOODq+ODnOODg+OCr+OCuSDml6XmnKzoo70g5bCC55So6Kit6KiIL05CLTE=[rn]
12-37253,aHR0cDovL3RzaG9wLnIxMHMuanAvYXVjLWF1dG9tYXgvY2FiaW5ldC8wMjQyMDIyNy9zbGltbW9sZGluZy9pbWdyYzAwNzAyOTY5NDcuanBnP2ZpdGluPTcwMDo3MDA=,NzE2LjgwMDA=,,6LuK55So5ZOB44O744OQ44Kk44Kv55So5ZOBID4g44Kr44O855So5ZOBID4g5YaF6KOF44OR44O844OEID4g44Kz44Oz44K944O844Or44Oc44OD44Kv44K5,4piF44K544Oq44Og44Oi44O844OrKOmKgCkgNW0g4peG44CQ44Oh44O844Or5L6/IOmAgeaWmeeEoeaWmeOAkeOCt+ODq+ODkOODvCA1MDBjbSDjg6rjg5bku5jjgY0g44Kk44Oz44OG44Oq44KiIOODnuODq+ODgSDjgqvjg6njg7zjg6Ljg7zjg6vjg53jgqTjg7Pjg4gg44Op44Kk44OzIOODkeODjeODqyDlhoXoo4Ug44OH44K244Kk44OzIOODouODvOODq+mamemWkyDjgqjjg4Pjgrggc2Vpd2EgKOOCu+OCpOODrynoo73jgajjga/pgZXjgYYh6Ieq5YuV6LuKIOODkOOCpOOCr+OBruijhemjviDjg4njg6zjgrnjgqLjg4Pjg5fjgJBSQ1DjgJE=,,PFRSPiA8VEQgSEVJR0hUPTY+PC9URD4gPFREIEhFSUdIVD02PjwvVEQ+IDxURCBIRUlHSFQ9Nj48L1REPiA8L1RSPjxCUj48Q0VOVEVSPjxGT05UIENPTE9SPSNDQ0JCQUEgU0laRT00PjxCPjwvQj48L0ZPTlQ+PEJSPjxCUj48VEFCTEUgV0lEVEg9NjAwIENFTExTUEFDSU5HPTEgQk9SREVSPTAgQ0VMTFBBRERJTkc9MSBCR0NPTE9SPSNDQ0NDQ0M+PFRSPjxURCBCR0NPTE9SPSNGRjdGNTA+PFRBQkxFIFdJRFRIPTEwMCUgQ0VMTFNQQUNJTkc9MiBCT1JERVI9MCBDRUxMUEFERElORz01PjxUUj48VEQgQUxJR049bGVmdCBCR0NPTE9SPSNGRjdGNTA+PEZPTlQgQ09MT1I9IzMzMzMzMyBTSVpFPTM+PEI+4piF4piF5ZWG5ZOB6Kqs5piO4piF4piFPC9CPjwvRk9OVD48L1REPjwvVFI+PC9UQUJMRT48VEFCTEUgV0lEVEg9MTAwJSBDRUxMU1BBQ0lORz0yIEJPUkRFUj0wIENFTExQQURESU5HPTA+PFRSPjxURCBIRUlHSFQ9MiBCR0NPTE9SPSNDQ0JCQUE+PC9URD48L1RSPjwvVEFCTEU+PFRBQkxFIFdJRFRIPTEwMCUgQ0VMTFNQQUNJTkc9MiBCT1JERVI9MCBDRUxMUEFERElORz01PjxUUj48VEQgQUxJR049bGVmdCBCR0NPTE9SPSNGRkY4RUU+PEZPTlQgQ09MT1I9IzMzMzMzMyBTSVpFPTM+5paw5Z6L44K544Oq44Og44Oi44O844Or5YWl6I2344GX44G+44GX44GfISEhITxicj48YnI+6LuK5YaF44Gu44OJ44Os44K544Ki44OD44OX44Gr44KC44Gj44Gm44GT44GE44Gu6YC45ZOB44CCPGJyPuWGheW8teOCiuOBrumamemWk+OBq+aMn+OCkwoK44Gn44GE44GP44Gg44GR44Gu44Oq44OW5LuY44GN44Oe44Or44OB44Oi44O844Or44CCPGJyPjxicj7lhoXoo4XjgaDjgZHjgafjgarjgY/jgIHjgrDjg6rjg6vjgoTjgrvjg7Pjgr/jg7zjgrPjg7Pjgr3jg7zjg6vjgIE8YnI+44OQ44Oz44OR44O844GuCgrjgqjjg4PjgrjnrYnjga7lpJboo4Xjga7jg6/jg7Pjg53jgqTjg7Pjg4jjgavjgoLkvb/jgYjjgb7jgZnjgII8YnI+PGJyPjxicj48Yj7imIXimIXkuIDoiKznmoTjgavlh7rlm57jgaPjgabjgYTjgovjgoLjga7jgajjga/pgZXjgYTjgb7jgZnimIXimIUKCjxicj48YnI+PGJyPuKXhuKXhue0oOadkOOBjOmBleOBhOOBvuOBmeKXhuKXhjwvYj48YnI+5b2T5bqX44Gu5ZWG5ZOB44Gv5b6T5p2l5ZOB44Gu44OX44Op44K544OB44OD44Kv44Gn44Gv44Gq44GPPGI+56Gs6LOq44K044OgPC9iPuOBp+OBmQoK44CCPGJyPuOCtOODoOOBruiJr+OBleOBr+OAgTxiPuWHueWHuOmdouOBp+aWveW3peOBjOOBl+OChOOBmeOBj+OAgemamemWk+OBq+ODleOCo+ODg+ODiDwvYj48YnI+44GX44G+44GZ44CCPGJyPjxicj48Yj7il4bil4bmu5HjgormraLjgoEKCuS7mOOBjeKXhuKXhjwvYj48YnI+5b6T5p2l5ZOB44Gv57Sg5p2Q44Gu54m55oCn5LiK44CB6KGo6Z2i44GM44OE44Or44OE44Or44GX5ruR44KK44G+44GZ44CCPGJyPuOBneOBrueCuuOAgeS4oemdouODhuODvOODl+OCkuS9v+eUqOOBl+OBquOBhOOBqAoK44GZ44GQ44Gr5rWu44GN5Ye644Gm44GX44G+44GEPGJyPuWkluOCjOOBpuOBl+OBvuOBhOOBvuOBmeOAgjxicj7jgb7jgZ/kuKHpnaLjg4bjg7zjg5fjgYzliqPljJbjgZfjgabjgIHlpJbjgZfjgZ/lvozjgavns4rjgYzmrovjgovnrYnjga48YnI+44OHCgrjg6Hjg6rjg4Pjg4jjgYzjgYLjgorjgb7jgZnjgII8YnI+PGJyPuW9k+W6l+ijveWTgeOBr+ODl+ODqeOCueODgeODg+OCr+OBq+avlOOBuea7keOCiuOBq+OBj+OBj+OAgeOBi+OBpDxiPua7keOCiuatouOCgeOBrjxicj7mrrXlt67jgYzjgYLjgovngroKCuOAgeODhuODvOODl+OCkuiyvOOCi+aJi+mWk+OBquOBj+aWveW3peWPr+iDvTwvYj7jgafjgZnjgII8YnI+PGJyPjxicj7jgJDjgrXjgqTjgrrjgJE8YnI+5ZWG5ZOB5ZCN77yI5ZWG5ZOB44K/44Kk44OI44Or77yJ6KiY6LyJ44Gu6ZW344GVCgo8YnI+PGJyPuKAu++8ke+9jeOBp+OBruiyqeWjsuOBqO+8le+9jeOBp+OBruiyqeWjsuOBjOOBlOOBluOBhOOBvuOBmeOAgjxicj48Yj7igLvkuIDluqbjgavvvJXvvY3ku6XkuIrjgZTos7zlhaXjga7loLTlkIjjgIHmlr3lt6XnlKjjg5jjg6njgpLjg5cKCuODrOOCvOODs+ODiO+8gTwvYj48YnI+PGJyPue4puW5he+8l+ODn+ODquOAgeOCq+ODqeODvOmDqOWIhuOBruW5he+8k+ODn+ODquOBp+OBmeOAgjxicj48YnI+PGJyPjxCUj48QlI+44CQ44Kr44Op44O844CRPEJSPuWVhuWTgeWQje+8iOWVhuWTgeOCv+OCpOODiOODq++8ieiomOi8ieOBruOCq+ODqeODvDxCUj7igLvlhagxM+eorumhnjxCUj7jg5bjg6vjg7wo6Z2SKS/jgqrjg6zjg7Pjgrgo5p+/KS/jgqTjgqjjg63jg7wo6buEKS/jgrDjg6rjg7zjg7Mo57eRKS/jg5Tjg7Pjgq8v44Os44Kk44Oz44Oc44O8Cgo8QlI+44Oh44OD44Kt44K544Kr44Kk44OW44Or44O8KOawtOiJsikv44Oh44OD44Kt44K344Or44OQ44O8KOmKgCkv44Oh44OD44Kt44Os44OD44OJKOi1pCkv44Oh44OD44Kt44K044O844Or44OJKOmHkSk8QlI+Cgrjg6Hjg4Pjgq3jg4Hjgqfjg4Pjgqvjg7wo6YqAw5fpu5IpL+ODm+ODr+OCpOODiOODgeOCp+ODg+OCq+ODvCjnmb3Dl+m7kikv44Os44OD44OJ44OB44Kn44OD44Kr44O8KOi1pMOX55m9KQoKPEJSPgo8YnI+PGJyPuOBr+OBleOBv+OBp+ewoeWNmOOBq+OCq+ODg+ODiOOBjOWPr+iDveOAgjxicj7lj5bjgorku5jjgZHjgYznsKHljZjjgarjga7jgafjgIHjgqTjg6Hjg7zjgrjpgJrjgorjga7jgqTjg7Pjg4bjg6rjgqLjgas8YnI+5LuV5LiK44GS44KL44GT44Go44GM5Ye65p2lCgrjgb7jgZnvvIE8YnI+PGJyPjxicj7ms6jmhI/kuovpoIU8YnI+5ZWG5ZOB44Gu5qeL6YCg5LiK44CB5puy44GS44Gf6Zqb44Gu5YaF5YG044Gr55q644GM5Ye65p2l44KL5aC05ZCI44GM44GU44GW44GE44G+44GZ44CCPGJyPuOBjeOBpOOBhOOCqwoK44O844OW44KE5Ye55Ye46Z2i44G444Gu5pa95bel44Gu6Zqb44Gr5Lih6Z2i44OG44O844OX44GM5b+F6KaB44GqPGJyPuWgtOWQiOOBjOOBlOOBluOBhOOBvuOBmeOAgjxicj4KCjwvRk9OVD48L1REPjwvVFI+PC9UQUJMRT48L1REPjwvVFI+PC9UQUJMRT48QlI+PEJSPjxCUj48VEFCTEUgV0lEVEg9NjAwIENFTExTUEFDSU5HPTEgQk9SREVSPTAgQ0VMTFBBRERJTkc9MSBCR0NPTE9SPSNDQ0NDQ0M+PFRSPjxURCBCR0NPTE9SPSNGRjdGNTA+PFRBQkxFIFdJRFRIPTEwMCUgQ0VMTFNQQUNJTkc9MiBCT1JERVI9MCBDRUxMUEFERElORz01PjxUUj48VEQgQUxJR049bGVmdCBCR0NPTE9SPSNGRjdGNTA+PEZPTlQgQ09MT1I9IzMzMzMzMyBTSVpFPTM+PEI+4piF4piF55m66YCB5pa55rOVL+mAgeaWmeKYheKYhTwvQj48L0ZPTlQ+PC9URD48L1RSPjwvVEFCTEU+PFRBQkxFIFdJRFRIPTEwMCUgQ0VMTFNQQUNJTkc9MiBCT1JERVI9MCBDRUxMUEFERElORz0wPjxUUj48VEQgSEVJR0hUPTIgQkdDT0xPUj0jQ0NCQkFBPjwvVEQ+PC9UUj48L1RBQkxFPjxUQUJMRSBXSURUSD0xMDAlIENFTExTUEFDSU5HPTIgQk9SREVSPTAgQ0VMTFBBRERJTkc9NT48VFI+PFREIEFMSUdOPWxlZnQgQkdDT0xPUj0jRkZGOEVFPjxGT05UIENPTE9SPSMzMzMzMzMgU0laRT0zPuWVhuWTgeWQjeOBq+OAkOmAgeaWmeeEoeaWmeOAkeOBruiomOi8ieOBjOOBguOCi+WgtOWQiOOBr+OAgemAgeaWmeeEoeaWmeOBp+OBmeOAgjxCUj7igLvljJfmtbfpgZPjg7vmspbnuITjg7vpm6Lls7bpmaTjgY88QlI+PEJSPjxGT05UIFNJWkU9NT7jgJDlhajlm73pgIHmlpnooajjgJE8L0ZPTlQ+44KS44GU56K66KqN5LiL44GV44GE44G+44Gb44CCPEJSPjxCUj7opIfmlbDjga7llYblk4HjgpLlkIzmorHlj6/og73jgafjgZnjgII8QlI+4oC75ZCM5qKx44KS44GU5biM5pyb44Gu5aC05ZCI44CB5b+F44Ga5ZCM44GY44GK6LK344GE54mp44Kr44K077yI44Kr44O844OI77yJ44Gn44GU5rOo5paH5LiL44GV44GE44CCPEJSPuKAu+WIpeOAheOBruOBiuiyt+OBhOeJqeOCq+OCtOOBp+azqOaWh+OBleOCjOOBn+WgtOWQiOOBr+WIpeOAheOBq+aiseWMheOBl+eZuumAgeiHtOOBl+OBvuOBmeOAgjxCUj7jgZ3jga7ngrrjgIHpgIHmlpnjg7vku6PlvJXjgY3miYvmlbDmlpnjga/nmbrpgIHlgIvmlbDliIboq4vmsYLjgZXjgZvjgabpoILjgY3jgb7jgZnjgII8QlI+PEJSPuKYheeZuumAgeOBq+mWouOBmeOCi+azqOaEj+S6i+mgheKYhTxCUj4tLS0tLS0tLS0tLS0tLS0tLS0tLS0tLS0tLS0tLS0tLS0tLS0tLS0tIDxCUj7lvZPmlrnmjIflrprlroXmgKXkvr/jgafjgZnjga7jgafphY3pgIHmpa3ogIXjga/pgbjmip7jgafjgY3jgb7jgZvjgpPjgIIgPEJSPuaZgumWk+aMh+WumuOBr+WvvuW/nOOBhOOBn+OBl+OBpuOBiuOCiuOBvuOBm+OCk+OAgjxCUj7nmbrpgIHpgKPntaHjgavoqJjovInjga7llY/jgYTlkIjjgo/jgZvnlarlj7fjgafjgZToh6rouqvjgafjgZTnorroqo3poILjgZHjgb7jgZnjgII8QlI+6Zui5bO244Gv55m66YCB44GM5LiA5pel6YGF44KM44G+44GZ44CCIDxCUj4tLS0tLS0tLS0tLS0tLS0tLS0tLS0tLS0tLS0tLS0tLS0tLS0tLS0tPEJSPuKYheWVhuWTgeS7o+W8leKYheOAgOOAgDxCUj7lroXmgKXkvr/pgIHmlpkr5Yil6YCU5omL5pWw5paZ77yT77yX77yQ5YaGIDxCUj7kvJHmpa3ml6XjgIDllYblk4Hjg5rjg7zjgrjlt6bjg5Djg4rjg7zjgqvjg6zjg7Pjg4Djg7zjgavoqJjovIk8L0ZPTlQ+PC9URD48L1RSPjwvVEFCTEU+PC9URD48L1RSPjwvVEFCTEU+PEJSPjxUQUJMRSBXSURUSD02MDAgQ0VMTFNQQUNJTkc9MSBCT1JERVI9MCBDRUxMUEFERElORz0xIEJHQ09MT1I9I0NDQ0NDQz48VFI+PFREIEJHQ09MT1I9I0ZGN0Y1MD48VEFCTEUgV0lEVEg9MTAwJSBDRUxMU1BBQ0lORz0yIEJPUkRFUj0wIENFTExQQURESU5HPTU+PFRSPjxURCBBTElHTj1sZWZ0IEJHQ09MT1I9I0ZGN0Y1MD48Rk9OVCBDT0xPUj0jMzMzMzMzIFNJWkU9Mz48Qj7imIXimIXmlK/miZXmlrnms5XimIU8L0I+PC9GT05UPjwvVEQ+PC9UUj48L1RBQkxFPjxUQUJMRSBXSURUSD0xMDAlIENFTExTUEFDSU5HPTIgQk9SREVSPTAgQ0VMTFBBRERJTkc9MD48VFI+PFREIEhFSUdIVD0yIEJHQ09MT1I9I0NDQkJBQT48L1REPjwvVFI+PC9UQUJMRT48VEFCTEUgV0lEVEg9MTAwJSBDRUxMU1BBQ0lORz0yIEJPUkRFUj0wIENFTExQQURESU5HPTU+PFRSPjxURCBBTElHTj1sZWZ0IEJHQ09MT1I9I0ZGRjhFRT48Rk9OVCBDT0xPUj0jMzMzMzMzIFNJWkU9Mz7il4/mpb3lpKnpioDooYzjgIDmjK/ovrw8QlI+4peP5ZWG5ZOB5Luj5byVPEJSPuKXj+OCr+ODrOOCuOODg+ODiOOCq+ODvOODieaxuua4iDxCUj7il4/jgrPjg7Pjg5Pjg4vmsbrmuIjvvIjliY3miZXjgYTvvIk8QlI+4peP5qW95aSpRWR55rG65riIPEJSPuKXj2F144GL44KT44Gf44KT5rG65riIPEJSPjwvRk9OVD48L1REPjwvVFI+PC9UQUJMRT48L1REPjwvVFI+PC9UQUJMRT48QlI+PElNRyBTUkM9aHR0cDovL2ltYWdlLnJha3V0ZW4uY28uanAvYXVjLWF1dG9tYXgvY2FiaW5ldC8wMzU2MTkyNS9pbWc2MzE5Mzc4My5naWYgV0lEVEg9NjAwPjxCUj48QlI+PC9DRU5URVI+PGNlbnRlcj48Y2VudGVyPgo8YnI+CjxpbWcgU1JDPWh0dHA6Ly9pbWFnZS5yYWt1dGVuLmNvLmpwL2F1Yy1hdXRvbWF4L2NhYmluZXQvaW1ncmMwMDY3MzgyMjc2LmdpZiB3aWR0aD02NzAgaGVpZ2h0PTQwMD48QlI+Cjxicj4KPGltZyBTUkM9aHR0cDovL2ltYWdlLnJha3V0ZW4uY28uanAvYXVjLWF1dG9tYXgvY2FiaW5ldC9pbWc2MDMzMzAwNC5naWYgd2lkdGg9NjcwIGhlaWdodD0xMjA+PEJSPgo8YnI+Cgo8YnI+PC9jZW50ZXI+,4piF44K544Oq44Og44Oi44O844OrKOmKgCkgNW0g4peG44CQ44Oh44O844Or5L6/IOmAgeaWmeeEoeaWmeOAkeOCt+ODq+ODkOODvCA1MDBjbSDjg6rjg5bku5jjgY0g44Kk44Oz44OG44Oq44KiIOODnuODq+ODgSDjgqvjg6njg7zjg6Ljg7zjg6vjg53jgqTjg7Pjg4gg44Op44Kk44OzIOODkeODjeODqyDlhoXoo4Ug44OH44K244Kk44OzIOODouODvOODq+mamemWkyDjgqjjg4Pjgrggc2Vpd2EgKOOCu+OCpOODrynoo73jgajjga/pgZXjgYYh6Ieq5YuV6LuKIOODkOOCpOOCr+OBruijhemjviDjg4njg6zjgrnjgqLjg4Pjg5fjgJBSQ1DjgJHvvJpBVVRPTUFYIGl6dW1p,44Kr44OD44OG44Kj44Oz44Kw44K344O844OI44Oi44OL44K/44O844K544K/44Oz44OJ44Ki44Or44Kr44Oz44K/44O844Op6Kq/44K544Ko44O844OJ55Sf5Zyw44K344O844OI5rGO55So44OR44O844OE6Ieq5YuV6LuK44Ki44Kv44K744K144Oq44O844Oh44OD44Kt44Oi44O844Or6YCB5paZ54Sh5paZ44K544OG44OD44Kr44O844Kr44O855So5ZOB44OQ44Kk44Kv55So5ZOB44OJ44Os44K544Ki44OD44OX44Op44Kw44K444Ol44Ki44Oq44O85YaF6KOF5aSW6KOF44Kr44OD44OI5riI44G/44Kr44O844OV44Kj44Or44Og5aSn6Ziq6YCa6LKp5r+A5a6J5qC85a6J5pa95bel4piF44K544Oq44Og44Oi44O844OrKOmKgCkgNW0g4peG44CQ44Oh44O844Or5L6/IOmAgeaWmeeEoeaWmeOAkeOCt+ODq+ODkOODvCA1MDBjbSDjg6rjg5bku5jjgY0g44Kk44Oz44OG44Oq44KiIOODnuODq+ODgSDjgqvjg6njg7zjg6Ljg7zjg6vjg53jgqTjg7Pjg4gg44Op44Kk44OzIOODkeODjeODqyDlhoXoo4Ug44OH44K244Kk44OzIOODouODvOODq+mamemWkyDjgqjjg4Pjgrggc2Vpd2EgKOOCu+OCpOODrynoo73jgajjga/pgZXjgYYh6Ieq5YuV6LuKIOODkOOCpOOCr+OBruijhemjviDjg4njg6zjgrnjgqLjg4Pjg5fjgJBSQ1DjgJE=,44Oh44O844Or5L6/6YCB5paZ54Sh5paZ44CC5Luj5byV44Gu5aC05ZCI44Gv5a6F5oCl5L6/6YCB5paZ44Gr5aSJ5pu044GX55m66YCB6Ie044GX44G+44GZ44CC4piF44K544Oq44Og44Oi44O844OrKOmKgCkgNW0g4peG44CQ44Oh44O844Or5L6/IOmAgeaWmeeEoeaWmeOAkeOCt+ODq+ODkOODvCA1MDBjbSDjg6rjg5bku5jjgY0g44Kk44Oz44OG44Oq44KiIOODnuODq+ODgSDjgqvjg6njg7zjg6Ljg7zjg6vjg53jgqTjg7Pjg4gg44Op44Kk44OzIOODkeODjeODqyDlhoXoo4Ug44OH44K244Kk44OzIOODouODvOODq+mamemWkyDjgqjjg4Pjgrggc2Vpd2EgKOOCu+OCpOODrynoo73jgajjga/pgZXjgYYh6Ieq5YuV6LuKIOODkOOCpOOCr+OBruijhemjviDjg4njg6zjgrnjgqLjg4Pjg5fjgJBSQ1DjgJE=[rn]
12-37254,aHR0cDovL3RzaG9wLnIxMHMuanAvZ2VraS1jYXIvY2FiaW5ldC8yMC8yMDkwMzk5XzEuZ2lmP2ZpdGluPTcwMDo3MDA=,Njk3Mi4wMDAw,,6LuK55So5ZOB44O744OQ44Kk44Kv55So5ZOBID4g44Kr44O855So5ZOBID4g5YaF6KOF44OR44O844OEID4g44Kz44Oz44K944O844Or44Oc44OD44Kv44K5,44K344O844Ko44O855Sj5ZWGIOODleODquODvOODieWwgueUqOODmeODs+ODgeOCs+ODs+OCveODvOODqyBBLTI4Mw==,,PFRBQkxFPjx0cj4KICAgIDxURCB3aWR0aD0iNjM1IiBoZWlnaHQ9IjE3MyI+44CAPEJSPgogICAgPEJSPgogICAgPFRBQkxFIGJvcmRlcj0iMCIgY2VsbHNwYWNpbmc9IjIiIGNlbGxwYWRkaW5nPSI1IiB3aWR0aD0iNTc1IiBoZWlnaHQ9Ijk5Ij4KICAgICAgPHRyPgogICAgICAgIDxURCBiZ2NvbG9yPSIjOTljY2ZmIiB2YWxpZ249InRvcCIgd2lkdGg9IjExNSIgcm93c3Bhbj0iMyI+PEZPTlQgc2l6ZT0iMyI+44CQ54m56ZW344CRJm5ic3A7PC9GT05UPiZuYnNwOzwvVEQ+CiAgICAgICAgPFREIGJnY29sb3I9IiM5OWNjZmYiIGNvbHNwYW49IjMiIHdpZHRoPSI0MzgiIGhlaWdodD0iMjMiPjxGT05UIHNpemU9IjMiPuKYhTwvRk9OVD48Rk9OVCBjb2xvcj0iIzQ0NDQ0NCIgc2l6ZT0iMyI+PEZPTlQgY29sb3I9IiMwMDAwMDAiPuWkp+WuuemHj+WPjue0jeODnOODg+OCr+OCuTwvRk9OVD48L0ZPTlQ+PC9URD4KICAgICAgPC90cj48dHI+CiAgICAgICAgPFREIGJnY29sb3I9IiM5OWNjZmYiIGNvbHNwYW49IjMiIHdpZHRoPSI0MzgiPjxGT05UIHNpemU9IjMiPuKYheODieODquODs+OCr+ODm+ODq+ODgOODvOOAgeWwj+eJqeWFpeOCjOS7mOOBjTwvRk9OVD48L1REPgogICAgICA8L3RyPjx0cj4KICAgICAgICA8VEQgYmdjb2xvcj0iIzk5Y2NmZiIgY29sc3Bhbj0iMyI+PEZPTlQgc2l6ZT0iMyI+4piF44OV44Oq44O844OJ5bCC55So44Gr6Kit6KiI44GV44KM44Gf44OZ44Oz44OB44Kz44Oz44K944O844Or44Oc44OD44Kv44K544Gn44GZ44CCPEJSPgogICAgICAgIDwvRk9OVD48L1REPgogICAgICA8L3RyPjx0cj4KICAgICAgICA8VEQgYmdjb2xvcj0iIzk5Y2NmZiIgdmFsaWduPSJ0b3AiIHdpZHRoPSIxMTUiPjxGT05UIHNpemU9IjMiPuOAkOmBqeWQiOi7iueoruOAkSZuYnNwOzwvRk9OVD48L1REPgogICAgICAgIDxURCBiZ2NvbG9yPSIjOTljY2ZmIiBjb2xzcGFuPSIzIiB3aWR0aD0iNDM4Ij48Rk9OVCBzaXplPSIzIj7imIXjg5Xjg6rjg7zjg4k8L0ZPTlQ+PC9URD4KICAgICAgPC90cj48dHI+CiAgICAgICAgPFREIGJnY29sb3I9IiM5OWNjZmYiIHZhbGlnbj0idG9wIj48Rk9OVCBzaXplPSIzIj7jgJDjgqvjg6njg7zjgJEmbmJzcDs8L0ZPTlQ+PC9URD4KICAgICAgICA8VEQgYmdjb2xvcj0iIzk5Y2NmZiIgY29sc3Bhbj0iMyI+PEZPTlQgc2l6ZT0iMyI+4piFPC9GT05UPiZuYnNwO+ODluODqeODg+OCrzwvVEQ+CiAgICAgIDwvdHI+PHRyPgogICAgICAgIDxURCBiZ2NvbG9yPSIjOTljY2ZmIiB2YWxpZ249InRvcCI+PEZPTlQgc2l6ZT0iMyI+44CQ5p2Q6LOq44CRJm5ic3A7PC9GT05UPjwvVEQ+CiAgICAgICAgPFREIGJnY29sb3I9IiM5OWNjZmYiIGNvbHNwYW49IjMiPjxGT05UIHNpemU9IjMiPuKYhTwvRk9OVD4mbmJzcDvjg5XjgqfjgqTjgq/jg6zjgrbjg7zvvIhQVkPvvIk8L1REPgogICAgICA8L3RyPjwvVEFCTEU+CiAgICA8YnI+CiAgICA8VEFCTEUgYm9yZGVyPSIxIiB3aWR0aD0iNDg5IiBoZWlnaHQ9IjU0IiBiZ2NvbG9yPSIjMDA2NmZmIj4KICAgICAgPFRCT0RZPgogICAgICAgIDxUUj4KICAgICAgICAgIDxURCB3aWR0aD0iMTE0IiBiZ2NvbG9yPSIjZmZmZmZmIiBoZWlnaHQ9IjIxIj48Rk9OVCBzaXplPSIzIj4mbmJzcDvoo73lk4HjgrXjgqTjgro8L0ZPTlQ+PC9URD4KICAgICAgICAgIDxURCBjb2xzcGFuPSIzIiBiZ2NvbG9yPSIjZmZmZmZmIiB3aWR0aD0iMzU3IiBoZWlnaHQ9IjIxIj48Rk9OVCBjb2xvcj0iIzQ0NDQ0NCIgc2l6ZT0iMyI+VzE5MMOXRDU5MMOXSDM4MG1tPEJSPgogICAgICAgICAgPC9GT05UPjwvVEQ+CiAgICAgICAgPC9UUj4KICAgICAgPC9UQk9EWT4KICAgIDwvVEFCTEU+CiAgICA8L1REPgogIDwvVEFCTEU+PHRpdGxlPjwvdGl0bGU+CjxzdHlsZSB0eXBlPSJ0ZXh0L2NzcyI+CjwhLS0KCkJPRFl7Cgl0ZXh0LWFsaWduOmNlbnRlcjsKYmFja2dyb3VuZC1jb2xvcjojRkZGRkZGOwpiYWNrZ3JvdW5kLWltYWdlOnVybChodHRwczovL2ltYWdlLnJha3V0ZW4uY28uanAvZ2VraS1jYXIvY2FiaW5ldC9pbWc2MDk4ODU1OS5qcGcpOwogYmFja2dyb3VuZC1yZXBlYXQ6cmVwZWF0LXk7CiBiYWNrZ3JvdW5kLXBvc2l0aW9uOnJpZ2h0IHRvcDsKfQotLT48cz48L3M+Ci0tPgotLT4KPC9zdHlsZT4KPHRhYmxlIGJvcmRlcj0iMCI+CiAgPHRib2R5PgogICAgPHRyIHZhbGlnbj0iYm90dG9tIiBIZWlnaHQ9IjQ1Ij4KIOOAgOOAgOOAgDx0ZD4KPGltZyBzcmM9Imh0dHBzOi8vaW1hZ2UucmFrdXRlbi5jby5qcC9nZWtpLWNhci9jYWJpbmV0L2ltZ3JjMDA3OTYyNzk0OC5naWYiIGFsdD0i44GC44GZ5qW9IiBoZWlnaHQ9IjYwIiB3aWR0aD0iNzQ5IiBib3JkZXI9IjAiPjxicj4KICAgICAgPGltZyBzcmM9Imh0dHBzOi8vaW1hZ2UucmFrdXRlbi5jby5qcC9nZWtpLWNhci9jYWJpbmV0L3IyMDE2MDgwNC5naWYiIGFsdD0i44Ko44Oz44OI44Oq44O85LiN6KaBIiBoZWlnaHQ9IjYwIiB3aWR0aD0iNzQ5IiBib3JkZXI9IjAiPjxicj4KICAgICAgPGltZyBzcmM9Imh0dHBzOi8vaW1hZ2UucmFrdXRlbi5jby5qcC9nZWtpLWNhci9jYWJpbmV0L3JyYWt1dGVud2ViLmdpZiIgYWx0PSLmpb3lpKlXRULliJ3jgoHjgaYiIGhlaWdodD0iNjAiIHdpZHRoPSI3NDkiIGJvcmRlcj0iMCI+PGJyPgogICAgICA8aW1nIHNyYz0iaHR0cHM6Ly9pbWFnZS5yYWt1dGVuLmNvLmpwL2dla2ktY2FyL2NhYmluZXQvcnJha3V0ZW53ZWIxLmdpZiIgYWx0PSLmpb3lpKlXRULpgJrluLgiIGhlaWdodD0iNjAiIHdpZHRoPSI3NDkiIGJvcmRlcj0iMCI+PGJyPgogICAgICA8aW1nIHNyYz0iaHR0cHM6Ly9pbWFnZS5yYWt1dGVuLmNvLmpwL2dla2ktY2FyL2NhYmluZXQvaW1ncmMwMDcyOTM3NzU1LmdpZiIgYWx0PSLnhKHmlpnkvZPpqJMiIGhlaWdodD0iNjAiIHdpZHRoPSI3NDkiIGJvcmRlcj0iMCI+PGJyPgogICAgICA8aW1nIHNyYz0iaHR0cHM6Ly9pbWFnZS5yYWt1dGVuLmNvLmpwL2dla2ktY2FyL2NhYmluZXQvaW1ncmMwMDc3Mjk0MzQ0LmdpZiIgYWx0PSLliJ3jgoHjgaYxMDAwIiBoZWlnaHQ9IjYwIiB3aWR0aD0iNzQ5IiBib3JkZXI9IjAiPjxicj4KICAgICAgPGltZyBzcmM9Imh0dHBzOi8vaW1hZ2UucmFrdXRlbi5jby5qcC9nZWtpLWNhci9jYWJpbmV0L2ltZ3JjMDA3Mjg4ODk0NS5naWYiIGFsdD0i44Kk44O844Kw44Or44K5IiBoZWlnaHQ9IjYwIiB3aWR0aD0iNzQ5IiBib3JkZXI9IjAiPjxicj4KICAgICAgPGltZyBzcmM9Imh0dHBzOi8vaW1hZ2UucmFrdXRlbi5jby5qcC9nZWtpLWNhci9jYWJpbmV0L2ltZ3JjMDA3MDM0MjYwOC5naWYiIGFsdD0idG9vbDEwIiBoZWlnaHQ9IjYwIiB3aWR0aD0iNzQ5IiBib3JkZXI9IjAiPjxicj4KICAgICAgPGltZyBzcmM9Imh0dHBzOi8vaW1hZ2UucmFrdXRlbi5jby5qcC9nZWtpLWNhci9jYWJpbmV0L2ltZ3JjMDA2NTU3MDk5Mi5naWYiIGFsdD0iRWR5IiBoZWlnaHQ9IjYwIiB3aWR0aD0iNzQ5IiBib3JkZXI9IjAiPjxicj4KICAgICAgPGltZyBzcmM9Imh0dHBzOi8vaW1hZ2UucmFrdXRlbi5jby5qcC9nZWtpLWNhci9jYWJpbmV0LzQyL2ltZ3JjMDA2NTk2MTE1NS5naWYiIGFsdD0iYXZlc3QiIHdpZHRoPSI3NDkiIGJvcmRlcj0iMCI+PEJSPgogICAgICA8aW1nIHNyYz0iaHR0cHM6Ly9pbWFnZS5yYWt1dGVuLmNvLmpwL2dla2ktY2FyL2NhYmluZXQvMzEvY2Fvcy1leWUyLmdpZiIgYWx0PSJjYW9zIiB3aWR0aD0iNzQ5IiBib3JkZXI9IjAiPjxCUj4KICAgICAgPGltZyBzcmM9Imh0dHBzOi8vaW1hZ2UucmFrdXRlbi5jby5qcC9nZWtpLWNhci9jYWJpbmV0LzMxL3R1Zi1leWUxLmdpZiIgYWx0PSJ0dWZsb25nIiB3aWR0aD0iNzQ5IiBib3JkZXI9IjAiPjxCUj4KICAgICAgPGltZyBzcmM9Imh0dHBzOi8vaW1hZ2UucmFrdXRlbi5jby5qcC9nZWtpLWNhci9jYWJpbmV0LzMxL3ZhcnRhLWV5ZTIuZ2lmIiBhbHQ9InZhcnRhIiB3aWR0aD0iNzQ5IiBib3JkZXI9IjAiPjxCUj4KICAgICAgPC90ZD4KICAgIAogIDwvdGJvZHk+CjwvdGFibGU+,44K344O844Ko44O855Sj5ZWGIOODleODquODvOODieWwgueUqOODmeODs+ODgeOCs+ODs+OCveODvOODqyBBLTI4M++8mua/gOWuieOCq+ODvOeUqOWTgeOAgFdlYuOBhOOBoeW6lw==,5r+A5a6J44Kr44O855So5ZOB44OK44OT44Os44O844OA44O844K544K/44O844K/44O844Kq44O844OH44Kj44Kq54eD6LK75ZCR5LiK44Od44O844K/44OW44Or77yt77yk77yj77yk44K/44Kk44Ok44OI44O844Oo44O844OA44Oz44Ot44OD44OX44Oo44Kz44OP44Oe5L2O5Y+N55m644Kr44O844Ot44Kx44K344Ol44Ki44Op44K544K/44O844Kq44Kk44Or77yn77yw77yz44Kr44O844Oi44OL44K344O844Ko44O855Sj5ZWGIOODleODquODvOODieWwgueUqOODmeODs+ODgeOCs+ODs+OCveODvOODqyBBLTI4Mw==,44CA44CC44K344O844Ko44O855Sj5ZWGIOODleODquODvOODieWwgueUqOODmeODs+ODgeOCs+ODs+OCveODvOODqyBBLTI4Mw==[rn]
12-37255,aHR0cDovL3RzaG9wLnIxMHMuanAvZ2VraS1jYXIvY2FiaW5ldC8yMC8yMDkwMzg4XzEuZ2lmP2ZpdGluPTcwMDo3MDA=,NzQ2Ny4yMDAw,,6LuK55So5ZOB44O744OQ44Kk44Kv55So5ZOBID4g44Kr44O855So5ZOBID4g5YaF6KOF44OR44O844OEID4g44Kz44Oz44K944O844Or44Oc44OD44Kv44K5,44K344O844Ko44O855Sj5ZWGIFJWLTbjgIDjgrzjg63jg6zjg5wyMDDns7vjg4/jgqTjgqjjg7zjgrnvvIbjg6zjgrjjgqLjgrnjgqjjg7zjgrnjgrXjgqTjg4njgqLjg7zjg6Djg6zjgrnjg4jvvIjliqnmiYvluK3lsILnlKjjgqLjg7zjg6Djg6zjgrnjg4jvvInjg5bjg6njg4Pjgq8=,,PFRBQkxFPgogIDx0cj4KICAgIDxURCB3aWR0aD0iNTg0IiBoZWlnaHQ9IjI0NCI+CiAgICA8VEFCTEUgYm9yZGVyPSIwIiBjZWxsc3BhY2luZz0iMiIgY2VsbHBhZGRpbmc9IjUiIHdpZHRoPSI1ODIiIGhlaWdodD0iMjM3Ij4KICAgICAgPHRyPgogICAgICAgIDxURCBiZ2NvbG9yPSIjOTljY2ZmIiB2YWxpZ249InRvcCIgaGVpZ2h0PSIyNiIgd2lkdGg9IjEyOSI+PEZPTlQgc2l6ZT0iMiI+44CQ5p2Q6LOq44CRPC9GT05UPjwvVEQ+CiAgICAgICAgPFREIGJnY29sb3I9IiM5OWNjZmYiIGNvbHNwYW49IjMiIGhlaWdodD0iMjYiIHdpZHRoPSI0NzAiPjxGT05UIHNpemU9IjIiPuODleOCp+OCpOOCr+ODrOOCtuODvO+8iFBWQ++8iTwvRk9OVD48L1REPgogICAgICA8L3RyPjx0cj4KICAgICAgICA8VEQgYmdjb2xvcj0iIzk5Y2NmZiIgdmFsaWduPSJ0b3AiIGhlaWdodD0iMTciIHdpZHRoPSIxMjkiPjxGT05UIHNpemU9IjIiPuOAkOOCq+ODqeODvOOAkSZuYnNwOzwvRk9OVD48L1REPgogICAgICAgIDxURCBiZ2NvbG9yPSIjOTljY2ZmIiBjb2xzcGFuPSIzIiBoZWlnaHQ9IjE3IiB3aWR0aD0iNDcwIj48Rk9OVCBzaXplPSIyIj7jg5bjg6njg4Pjgq88L0ZPTlQ+PC9URD4KICAgICAgPC90cj48dHI+CiAgICAgICAgPFREIGJnY29sb3I9IiM5OWNjZmYiIHZhbGlnbj0idG9wIiByb3dzcGFuPSI1IiB3aWR0aD0iMTI5Ij48Rk9OVCBzaXplPSIyIj7jgJDmqZ/og73lj47ntI3jgJEmbmJzcDsmbmJzcDsmbmJzcDsmbmJzcDsmbmJzcDsmbmJzcDs8L0ZPTlQ+PC9URD4KICAgICAgICA8VEQgYmdjb2xvcj0iIzk5Y2NmZiIgY29sc3Bhbj0iMyIgd2lkdGg9IjQ3MCI+PEZPTlQgc2l6ZT0iMiI+44O75Y+O57SN44K544Oa44O844K55Yqp5omL5bit5YG077ya5qiqMzE2w5fnuKYxMDXDl+a3seOBlTg1bW08QlI+CiAgICAgICAgPC9GT05UPjwvVEQ+CiAgICAgIDwvdHI+PHRyPgogICAgICAgIDxURCBiZ2NvbG9yPSIjOTljY2ZmIiBjb2xzcGFuPSIzIiB3aWR0aD0iNDcwIj48Rk9OVCBzaXplPSIyIj7jg7vlj47ntI3jgrnjg5rjg7zjgrnlsI/pm5Hoqozjga7pg6jliIbvvJrmqKoyNjDDl+e4pjQww5fmt7HjgZUzMG1tPEJSPgogICAgICAgIDwvRk9OVD48L1REPgogICAgICA8L3RyPjx0cj4KICAgICAgICA8VEQgYmdjb2xvcj0iIzk5Y2NmZiIgY29sc3Bhbj0iMyIgd2lkdGg9IjQ3MCI+PEZPTlQgc2l6ZT0iMiI+44O7MjAw57O744OP44Kk44Ko44O844K544Ov44Kk44OJJmFtcDvjg6zjgrjjgqLjgrnjgqjjg7zjgrnjg6/jgqTjg4nlsILnlKjjga7jgrXjgqTjg4njgqLjg7zjg6Djg6zjgrnjg4jliqnmiYvluK3nlKjjgII8QlI+CiAgICAgICAgPC9GT05UPjwvVEQ+CiAgICAgIDwvdHI+PHRyPgogICAgICAgIDxURCBiZ2NvbG9yPSIjOTljY2ZmIiBjb2xzcGFuPSIzIiB3aWR0aD0iNDcwIj48Rk9OVCBzaXplPSIyIj7jg7vntJTmraPjga7jgrPjg7Pjgr3jg7zjg6vjgavlt67jgZfovrzjgoDjgaDjgZHjga7nsKHljZjoo4XnnYDjgII8QlI+CiAgICAgICAgPC9GT05UPjwvVEQ+CiAgICAgIDwvdHI+PHRyPgogICAgICAgIDxURCBiZ2NvbG9yPSIjOTljY2ZmIiBjb2xzcGFuPSIzIiB3aWR0aD0iNDcwIj48Rk9OVCBzaXplPSIyIj7jg7vjg4njg6rjg7Pjgq/jg5vjg6vjg4Djg7zku5jjgY08L0ZPTlQ+PC9URD4KICAgICAgPC90cj48L1RBQkxFPgogICAgPC9URD4KICAgIDwvVEFCTD4KICAKPC9UQUJMRT48UD48Rk9OVCBzaXplPSIzIj7imIU8L0ZPTlQ+PEZPTlQgc2l6ZT0iMiI+6Kmz44GX44GP44Gv77yc44GT44Gh44KJ77ye44Gu44Oh44O844Kr44O844K144Kk44OI44Gr44Gm44GU56K66KqN44GP44Gg44GV44GE44CCPGJyPgo8L0ZPTlQ+PEZPTlQgc2l6ZT0iMyI+PC9GT05UPjwvUD48VEFCTEU+CiAgPHRyPgogIAo8L1RBQkxFPjx0aXRsZT48L3RpdGxlPgo8c3R5bGUgdHlwZT0idGV4dC9jc3MiPgo8IS0tCgpCT0RZewoJdGV4dC1hbGlnbjpjZW50ZXI7CmJhY2tncm91bmQtY29sb3I6I0ZGRkZGRjsKYmFja2dyb3VuZC1pbWFnZTp1cmwoaHR0cHM6Ly9pbWFnZS5yYWt1dGVuLmNvLmpwL2dla2ktY2FyL2NhYmluZXQvaW1nNjA5ODg1NTkuanBnKTsKIGJhY2tncm91bmQtcmVwZWF0OnJlcGVhdC15OwogYmFja2dyb3VuZC1wb3NpdGlvbjpyaWdodCB0b3A7Cn0KLS0+PHM+PC9zPgotLT4KLS0+Cjwvc3R5bGU+Cjx0YWJsZSBib3JkZXI9IjAiPgogIDx0Ym9keT4KICAgIDx0ciB2YWxpZ249ImJvdHRvbSIgSGVpZ2h0PSI0NSI+CiDjgIDjgIDjgIA8dGQ+CjxpbWcgc3JjPSJodHRwczovL2ltYWdlLnJha3V0ZW4uY28uanAvZ2VraS1jYXIvY2FiaW5ldC9pbWdyYzAwNzk2Mjc5NDguZ2lmIiBhbHQ9IuOBguOBmealvSIgaGVpZ2h0PSI2MCIgd2lkdGg9Ijc0OSIgYm9yZGVyPSIwIj48YnI+CiAgICAgIDxpbWcgc3JjPSJodHRwczovL2ltYWdlLnJha3V0ZW4uY28uanAvZ2VraS1jYXIvY2FiaW5ldC9yMjAxNjA4MDQuZ2lmIiBhbHQ9IuOCqOODs+ODiOODquODvOS4jeimgSIgaGVpZ2h0PSI2MCIgd2lkdGg9Ijc0OSIgYm9yZGVyPSIwIj48YnI+CiAgICAgIDxpbWcgc3JjPSJodHRwczovL2ltYWdlLnJha3V0ZW4uY28uanAvZ2VraS1jYXIvY2FiaW5ldC9ycmFrdXRlbndlYi5naWYiIGFsdD0i5qW95aSpV0VC5Yid44KB44GmIiBoZWlnaHQ9IjYwIiB3aWR0aD0iNzQ5IiBib3JkZXI9IjAiPjxicj4KICAgICAgPGltZyBzcmM9Imh0dHBzOi8vaW1hZ2UucmFrdXRlbi5jby5qcC9nZWtpLWNhci9jYWJpbmV0L3JyYWt1dGVud2ViMS5naWYiIGFsdD0i5qW95aSpV0VC6YCa5bi4IiBoZWlnaHQ9IjYwIiB3aWR0aD0iNzQ5IiBib3JkZXI9IjAiPjxicj4KICAgICAgPGltZyBzcmM9Imh0dHBzOi8vaW1hZ2UucmFrdXRlbi5jby5qcC9nZWtpLWNhci9jYWJpbmV0L2ltZ3JjMDA3MjkzNzc1NS5naWYiIGFsdD0i54Sh5paZ5L2T6aiTIiBoZWlnaHQ9IjYwIiB3aWR0aD0iNzQ5IiBib3JkZXI9IjAiPjxicj4KICAgICAgPGltZyBzcmM9Imh0dHBzOi8vaW1hZ2UucmFrdXRlbi5jby5qcC9nZWtpLWNhci9jYWJpbmV0L2ltZ3JjMDA3NzI5NDM0NC5naWYiIGFsdD0i5Yid44KB44GmMTAwMCIgaGVpZ2h0PSI2MCIgd2lkdGg9Ijc0OSIgYm9yZGVyPSIwIj48YnI+CiAgICAgIDxpbWcgc3JjPSJodHRwczovL2ltYWdlLnJha3V0ZW4uY28uanAvZ2VraS1jYXIvY2FiaW5ldC9pbWdyYzAwNzI4ODg5NDUuZ2lmIiBhbHQ9IuOCpOODvOOCsOODq+OCuSIgaGVpZ2h0PSI2MCIgd2lkdGg9Ijc0OSIgYm9yZGVyPSIwIj48YnI+CiAgICAgIDxpbWcgc3JjPSJodHRwczovL2ltYWdlLnJha3V0ZW4uY28uanAvZ2VraS1jYXIvY2FiaW5ldC9pbWdyYzAwNzAzNDI2MDguZ2lmIiBhbHQ9InRvb2wxMCIgaGVpZ2h0PSI2MCIgd2lkdGg9Ijc0OSIgYm9yZGVyPSIwIj48YnI+CiAgICAgIDxpbWcgc3JjPSJodHRwczovL2ltYWdlLnJha3V0ZW4uY28uanAvZ2VraS1jYXIvY2FiaW5ldC9pbWdyYzAwNjU1NzA5OTIuZ2lmIiBhbHQ9IkVkeSIgaGVpZ2h0PSI2MCIgd2lkdGg9Ijc0OSIgYm9yZGVyPSIwIj48YnI+CiAgICAgIDxpbWcgc3JjPSJodHRwczovL2ltYWdlLnJha3V0ZW4uY28uanAvZ2VraS1jYXIvY2FiaW5ldC80Mi9pbWdyYzAwNjU5NjExNTUuZ2lmIiBhbHQ9ImF2ZXN0IiB3aWR0aD0iNzQ5IiBib3JkZXI9IjAiPjxCUj4KICAgICAgPGltZyBzcmM9Imh0dHBzOi8vaW1hZ2UucmFrdXRlbi5jby5qcC9nZWtpLWNhci9jYWJpbmV0LzMxL2Nhb3MtZXllMi5naWYiIGFsdD0iY2FvcyIgd2lkdGg9Ijc0OSIgYm9yZGVyPSIwIj48QlI+CiAgICAgIDxpbWcgc3JjPSJodHRwczovL2ltYWdlLnJha3V0ZW4uY28uanAvZ2VraS1jYXIvY2FiaW5ldC8zMS90dWYtZXllMS5naWYiIGFsdD0idHVmbG9uZyIgd2lkdGg9Ijc0OSIgYm9yZGVyPSIwIj48QlI+CiAgICAgIDxpbWcgc3JjPSJodHRwczovL2ltYWdlLnJha3V0ZW4uY28uanAvZ2VraS1jYXIvY2FiaW5ldC8zMS92YXJ0YS1leWUyLmdpZiIgYWx0PSJ2YXJ0YSIgd2lkdGg9Ijc0OSIgYm9yZGVyPSIwIj48QlI+CiAgICAgIDwvdGQ+CiAgICAKICA8L3Rib2R5Pgo8L3RhYmxlPg==,44K344O844Ko44O855Sj5ZWGIFJWLTbjgIDjgrzjg63jg6zjg5wyMDDns7vjg4/jgqTjgqjjg7zjgrnvvIbjg6zjgrjjgqLjgrnjgqjjg7zjgrnjgrXjgqTjg4njgqLjg7zjg6Djg6zjgrnjg4jvvIjliqnmiYvluK3lsILnlKjjgqLjg7zjg6Djg6zjgrnjg4jvvInjg5bjg6njg4Pjgq/vvJrmv4Dlronjgqvjg7znlKjlk4HjgIBXZWLjgYTjgaHlupc=,5r+A5a6J44Kr44O855So5ZOB44OK44OT44Os44O844OA44O844K544K/44O844K/44O844Kq44O844OH44Kj44Kq54eD6LK75ZCR5LiK44Od44O844K/44OW44Or77yt77yk77yj77yk44K/44Kk44Ok44OI44O844Oo44O844OA44Oz44Ot44OD44OX44Oo44Kz44OP44Oe5L2O5Y+N55m644Kr44O844Ot44Kx44K344Ol44Ki44Op44K544K/44O844Kq44Kk44Or77yn77yw77yz44Kr44O844Oi44OL44K344O844Ko44O855Sj5ZWGIFJWLTbjgIDjgrzjg63jg6zjg5wyMDDns7vjg4/jgqTjgqjjg7zjgrnvvIbjg6zjgrjjgqLjgrnjgqjjg7zjgrnjgrXjgqTjg4njgqLjg7zjg6Djg6zjgrnjg4jvvIjliqnmiYvluK3lsILnlKjjgqLjg7zjg6Djg6zjgrnjg4jvvInjg5bjg6njg4Pjgq8=,44CA44CC44K344O844Ko44O855Sj5ZWGIFJWLTbjgIDjgrzjg63jg6zjg5wyMDDns7vjg4/jgqTjgqjjg7zjgrnvvIbjg6zjgrjjgqLjgrnjgqjjg7zjgrnjgrXjgqTjg4njgqLjg7zjg6Djg6zjgrnjg4jvvIjliqnmiYvluK3lsILnlKjjgqLjg7zjg6Djg6zjgrnjg4jvvInjg5bjg6njg4Pjgq8=[rn]
12-37256,aHR0cDovL3RzaG9wLnIxMHMuanAvZ2VraS1jYXIvY2FiaW5ldC8yMC9hMzA0LmpwZz9maXRpbj03MDA6NzAw,NzMxNC40MDAw,,6LuK55So5ZOB44O744OQ44Kk44Kv55So5ZOBID4g44Kr44O855So5ZOBID4g5YaF6KOF44OR44O844OEID4g44Kz44Oz44K944O844Or44Oc44OD44Kv44K5,44K344O844Ko44O855Sj5ZWGIOOCueODnuODvOODiOOCs+ODs+OCveODvOODq0JPWCBBLTMwNA==,,PFRBQkxFIHdpZHRoPSI2NTAiPgogIDxUQk9EWT4KICAgIDxUUj4KICAgICAgPFREPuOAgOOAgOOAgOOAgDxCPjxGT05UIGNvbG9yPSIjMzM2NmZmIj7jgrfjg6vjg5Djg7zjg6Ljg7zjg6vjgYzjgq/jg7zjg6vjgavlhYnjgormlL7jgaTvvIE8L0ZPTlQ+PC9CPjxCUj4KICAgICAgPEJSPgogICAgICDil4/jgqjjgrnjg4bjgqPjg57jg7vjg47jgqLjg7vjg5zjgq/jgrfjg7zjgavmnIDpganjgII8QlI+CiAgICAgIOKXj+WFhembu+OCs+ODvOODieOBjOOCu+ODg+ODiOOBp+OBjeOBvuOBmeOAgjxCUj4KICAgICAgPEJSPgogICAgICA8QlI+CiAgICAgIDxUQUJMRSBib3JkZXI9IjMiIGNlbGxzcGFjaW5nPSIzIiBjZWxscGFkZGluZz0iNSIgYm9yZGVyY29sb3I9IiNmZjk5ZmYiIHdpZHRoPSI1MjYiPgogICAgICA8VFI+CiAgICAgICAgPFREIGFsaWduPSJjZW50ZXIiIHdpZHRoPSIxMjAiPuijveWTgeOCteOCpOOCujwvVEQ+CiAgICAgICAgPFREIGFsaWduPSJsZWZ0IiB3aWR0aD0iMzY3Ij7mqKrluYUgMTgg772YIOWlpeihjCA1MiDvvZgg6auY44GVIDM1IGNtPC9URD4KICAgICAgPC9UUj48VFI+CiAgICAgICAgICA8VEQgYWxpZ249ImNlbnRlciI+44Kr44Op44O8PC9URD4KICAgICAgICAgIDxURCBhbGlnbj0ibGVmdCI+Qks8L1REPgogICAgICAgIDwvVFI+PC9UQUJMRT4KICAgICAgPEJSPgogICAgICA8QlI+CiAgICAgIDxJTUcgc3JjPSIvZ2VraS1jYXIvY2FiaW5ldC8yMC9pbWc2MDEwMDQ0NS5qcGciIGJvcmRlcj0iMCI+PEJSPgogICAgICA8QlI+CiAgICAgIDxJTUcgc3JjPSIvZ2VraS1jYXIvY2FiaW5ldC8yMC9pbWc2MDEwMDQ0Ni5qcGciIGJvcmRlcj0iMCI+PEJSPgogICAgICA8QlI+CiAgICAgIOKAu+mBqeWQiOOCteOCpOOCuuOCkuOBlOeiuuiqjeS4i+OBleOBhOOAgjxCUj4KICAgICAgPC9URD4KICAgIDwvVFI+CiAgPC9UQk9EWT4KPC90YWJsZT48dGl0bGU+PC90aXRsZT4KPHN0eWxlIHR5cGU9InRleHQvY3NzIj4KPCEtLQoKQk9EWXsKCXRleHQtYWxpZ246Y2VudGVyOwpiYWNrZ3JvdW5kLWNvbG9yOiNGRkZGRkY7CmJhY2tncm91bmQtaW1hZ2U6dXJsKGh0dHBzOi8vaW1hZ2UucmFrdXRlbi5jby5qcC9nZWtpLWNhci9jYWJpbmV0L2ltZzYwOTg4NTU5LmpwZyk7CiBiYWNrZ3JvdW5kLXJlcGVhdDpyZXBlYXQteTsKIGJhY2tncm91bmQtcG9zaXRpb246cmlnaHQgdG9wOwp9Ci0tPjxzPjwvcz4KLS0+Ci0tPgo8L3N0eWxlPgo8dGFibGUgYm9yZGVyPSIwIj4KICA8dGJvZHk+CiAgICA8dHIgdmFsaWduPSJib3R0b20iIEhlaWdodD0iNDUiPgog44CA44CA44CAPHRkPgo8aW1nIHNyYz0iaHR0cHM6Ly9pbWFnZS5yYWt1dGVuLmNvLmpwL2dla2ktY2FyL2NhYmluZXQvaW1ncmMwMDc5NjI3OTQ4LmdpZiIgYWx0PSLjgYLjgZnmpb0iIGhlaWdodD0iNjAiIHdpZHRoPSI3NDkiIGJvcmRlcj0iMCI+PGJyPgogICAgICA8aW1nIHNyYz0iaHR0cHM6Ly9pbWFnZS5yYWt1dGVuLmNvLmpwL2dla2ktY2FyL2NhYmluZXQvcjIwMTYwODA0LmdpZiIgYWx0PSLjgqjjg7Pjg4jjg6rjg7zkuI3opoEiIGhlaWdodD0iNjAiIHdpZHRoPSI3NDkiIGJvcmRlcj0iMCI+PGJyPgogICAgICA8aW1nIHNyYz0iaHR0cHM6Ly9pbWFnZS5yYWt1dGVuLmNvLmpwL2dla2ktY2FyL2NhYmluZXQvcnJha3V0ZW53ZWIuZ2lmIiBhbHQ9IualveWkqVdFQuWIneOCgeOBpiIgaGVpZ2h0PSI2MCIgd2lkdGg9Ijc0OSIgYm9yZGVyPSIwIj48YnI+CiAgICAgIDxpbWcgc3JjPSJodHRwczovL2ltYWdlLnJha3V0ZW4uY28uanAvZ2VraS1jYXIvY2FiaW5ldC9ycmFrdXRlbndlYjEuZ2lmIiBhbHQ9IualveWkqVdFQumAmuW4uCIgaGVpZ2h0PSI2MCIgd2lkdGg9Ijc0OSIgYm9yZGVyPSIwIj48YnI+CiAgICAgIDxpbWcgc3JjPSJodHRwczovL2ltYWdlLnJha3V0ZW4uY28uanAvZ2VraS1jYXIvY2FiaW5ldC9pbWdyYzAwNzI5Mzc3NTUuZ2lmIiBhbHQ9IueEoeaWmeS9k+mokyIgaGVpZ2h0PSI2MCIgd2lkdGg9Ijc0OSIgYm9yZGVyPSIwIj48YnI+CiAgICAgIDxpbWcgc3JjPSJodHRwczovL2ltYWdlLnJha3V0ZW4uY28uanAvZ2VraS1jYXIvY2FiaW5ldC9pbWdyYzAwNzcyOTQzNDQuZ2lmIiBhbHQ9IuWIneOCgeOBpjEwMDAiIGhlaWdodD0iNjAiIHdpZHRoPSI3NDkiIGJvcmRlcj0iMCI+PGJyPgogICAgICA8aW1nIHNyYz0iaHR0cHM6Ly9pbWFnZS5yYWt1dGVuLmNvLmpwL2dla2ktY2FyL2NhYmluZXQvaW1ncmMwMDcyODg4OTQ1LmdpZiIgYWx0PSLjgqTjg7zjgrDjg6vjgrkiIGhlaWdodD0iNjAiIHdpZHRoPSI3NDkiIGJvcmRlcj0iMCI+PGJyPgogICAgICA8aW1nIHNyYz0iaHR0cHM6Ly9pbWFnZS5yYWt1dGVuLmNvLmpwL2dla2ktY2FyL2NhYmluZXQvaW1ncmMwMDcwMzQyNjA4LmdpZiIgYWx0PSJ0b29sMTAiIGhlaWdodD0iNjAiIHdpZHRoPSI3NDkiIGJvcmRlcj0iMCI+PGJyPgogICAgICA8aW1nIHNyYz0iaHR0cHM6Ly9pbWFnZS5yYWt1dGVuLmNvLmpwL2dla2ktY2FyL2NhYmluZXQvaW1ncmMwMDY1NTcwOTkyLmdpZiIgYWx0PSJFZHkiIGhlaWdodD0iNjAiIHdpZHRoPSI3NDkiIGJvcmRlcj0iMCI+PGJyPgogICAgICA8aW1nIHNyYz0iaHR0cHM6Ly9pbWFnZS5yYWt1dGVuLmNvLmpwL2dla2ktY2FyL2NhYmluZXQvNDIvaW1ncmMwMDY1OTYxMTU1LmdpZiIgYWx0PSJhdmVzdCIgd2lkdGg9Ijc0OSIgYm9yZGVyPSIwIj48QlI+CiAgICAgIDxpbWcgc3JjPSJodHRwczovL2ltYWdlLnJha3V0ZW4uY28uanAvZ2VraS1jYXIvY2FiaW5ldC8zMS9jYW9zLWV5ZTIuZ2lmIiBhbHQ9ImNhb3MiIHdpZHRoPSI3NDkiIGJvcmRlcj0iMCI+PEJSPgogICAgICA8aW1nIHNyYz0iaHR0cHM6Ly9pbWFnZS5yYWt1dGVuLmNvLmpwL2dla2ktY2FyL2NhYmluZXQvMzEvdHVmLWV5ZTEuZ2lmIiBhbHQ9InR1ZmxvbmciIHdpZHRoPSI3NDkiIGJvcmRlcj0iMCI+PEJSPgogICAgICA8aW1nIHNyYz0iaHR0cHM6Ly9pbWFnZS5yYWt1dGVuLmNvLmpwL2dla2ktY2FyL2NhYmluZXQvMzEvdmFydGEtZXllMi5naWYiIGFsdD0idmFydGEiIHdpZHRoPSI3NDkiIGJvcmRlcj0iMCI+PEJSPgogICAgICA8L3RkPgogICAgCiAgPC90Ym9keT4KPC90YWJsZT4=,44K344O844Ko44O855Sj5ZWGIOOCueODnuODvOODiOOCs+ODs+OCveODvOODq0JPWCBBLTMwNO+8mua/gOWuieOCq+ODvOeUqOWTgeOAgFdlYuOBhOOBoeW6lw==,5r+A5a6J44Kr44O855So5ZOB44OK44OT44Os44O844OA44O844K544K/44O844K/44O844Kq44O844OH44Kj44Kq54eD6LK75ZCR5LiK44Od44O844K/44OW44Or77yt77yk77yj77yk44K/44Kk44Ok44OI44O844Oo44O844OA44Oz44Ot44OD44OX44Oo44Kz44OP44Oe5L2O5Y+N55m644Kr44O844Ot44Kx44K344Ol44Ki44Op44K544K/44O844Kq44Kk44Or77yn77yw77yz44Kr44O844Oi44OL44K344O844Ko44O855Sj5ZWGIOOCueODnuODvOODiOOCs+ODs+OCveODvOODq0JPWCBBLTMwNA==,5Y+O57SN5YqbVVDvvIHjgILjgrfjg7zjgqjjg7znlKPllYYg44K544Oe44O844OI44Kz44Oz44K944O844OrQk9YIEEtMzA0[rn]
12-37257,aHR0cDovL3RzaG9wLnIxMHMuanAvZ2VraS1jYXIvY2FiaW5ldC8yMC0zLzIwMjAzMTRfMS5qcGc/Zml0aW49NzAwOjcwMA==,MTA5My42MDAw,,6LuK55So5ZOB44O744OQ44Kk44Kv55So5ZOBID4g44Kr44O855So5ZOBID4g5YaF6KOF44OR44O844OEID4g44Kz44Oz44K944O844Or44Oc44OD44Kv44K5,5pif5YWJ55Sj5qWt44CARUItMTcy44CA44Kz44Oz44K944O844Or44OI44Os44Kk77yG44Oc44OD44Kv44K5,,44Of44OL44OQ44Oz44Gr5L6/5Yip44Gq5aSn5a656YeP44Gu44OI44Os44Kk44Go44Oc44OD44Kv44K544Gu57WE5ZCI44GbPGJyPgrjg4jjg6zjgqTjga/jg53jgrHjg4Pjg4jjgIHjg4njg6rjg7Pjgq/jgIHjg4bjgqPjg4Pjgrfjg6Xjg5vjg6vjg4Djg7zjgpLjgrvjg4Pjg4g8YnI+CuODnOODg+OCr+OCueOBr+S4reS7leWIh+OCiuS7mOOBp+OCtOODn+euseOBqOOBl+OBpuOCguS9v+eUqOOBp+OBjeOCizxicj4KPGJyPgrilqDoo73lk4HjgrXjgqTjgrrvvJpIMjcww5dXMTcww5dEMzcwPGJyPjx0aXRsZT48L3RpdGxlPgo8c3R5bGUgdHlwZT0idGV4dC9jc3MiPgo8IS0tCgpCT0RZewoJdGV4dC1hbGlnbjpjZW50ZXI7CmJhY2tncm91bmQtY29sb3I6I0ZGRkZGRjsKYmFja2dyb3VuZC1pbWFnZTp1cmwoaHR0cHM6Ly9pbWFnZS5yYWt1dGVuLmNvLmpwL2dla2ktY2FyL2NhYmluZXQvaW1nNjA5ODg1NTkuanBnKTsKIGJhY2tncm91bmQtcmVwZWF0OnJlcGVhdC15OwogYmFja2dyb3VuZC1wb3NpdGlvbjpyaWdodCB0b3A7Cn0KLS0+PHM+PC9zPgotLT4KLS0+Cjwvc3R5bGU+Cjx0YWJsZSBib3JkZXI9IjAiPgogIDx0Ym9keT4KICAgIDx0ciB2YWxpZ249ImJvdHRvbSIgSGVpZ2h0PSI0NSI+CiDjgIDjgIDjgIA8dGQ+CjxpbWcgc3JjPSJodHRwczovL2ltYWdlLnJha3V0ZW4uY28uanAvZ2VraS1jYXIvY2FiaW5ldC9pbWdyYzAwNzk2Mjc5NDguZ2lmIiBhbHQ9IuOBguOBmealvSIgaGVpZ2h0PSI2MCIgd2lkdGg9Ijc0OSIgYm9yZGVyPSIwIj48YnI+CiAgICAgIDxpbWcgc3JjPSJodHRwczovL2ltYWdlLnJha3V0ZW4uY28uanAvZ2VraS1jYXIvY2FiaW5ldC9yMjAxNjA4MDQuZ2lmIiBhbHQ9IuOCqOODs+ODiOODquODvOS4jeimgSIgaGVpZ2h0PSI2MCIgd2lkdGg9Ijc0OSIgYm9yZGVyPSIwIj48YnI+CiAgICAgIDxpbWcgc3JjPSJodHRwczovL2ltYWdlLnJha3V0ZW4uY28uanAvZ2VraS1jYXIvY2FiaW5ldC9ycmFrdXRlbndlYi5naWYiIGFsdD0i5qW95aSpV0VC5Yid44KB44GmIiBoZWlnaHQ9IjYwIiB3aWR0aD0iNzQ5IiBib3JkZXI9IjAiPjxicj4KICAgICAgPGltZyBzcmM9Imh0dHBzOi8vaW1hZ2UucmFrdXRlbi5jby5qcC9nZWtpLWNhci9jYWJpbmV0L3JyYWt1dGVud2ViMS5naWYiIGFsdD0i5qW95aSpV0VC6YCa5bi4IiBoZWlnaHQ9IjYwIiB3aWR0aD0iNzQ5IiBib3JkZXI9IjAiPjxicj4KICAgICAgPGltZyBzcmM9Imh0dHBzOi8vaW1hZ2UucmFrdXRlbi5jby5qcC9nZWtpLWNhci9jYWJpbmV0L2ltZ3JjMDA3MjkzNzc1NS5naWYiIGFsdD0i54Sh5paZ5L2T6aiTIiBoZWlnaHQ9IjYwIiB3aWR0aD0iNzQ5IiBib3JkZXI9IjAiPjxicj4KICAgICAgPGltZyBzcmM9Imh0dHBzOi8vaW1hZ2UucmFrdXRlbi5jby5qcC9nZWtpLWNhci9jYWJpbmV0L2ltZ3JjMDA3NzI5NDM0NC5naWYiIGFsdD0i5Yid44KB44GmMTAwMCIgaGVpZ2h0PSI2MCIgd2lkdGg9Ijc0OSIgYm9yZGVyPSIwIj48YnI+CiAgICAgIDxpbWcgc3JjPSJodHRwczovL2ltYWdlLnJha3V0ZW4uY28uanAvZ2VraS1jYXIvY2FiaW5ldC9pbWdyYzAwNzI4ODg5NDUuZ2lmIiBhbHQ9IuOCpOODvOOCsOODq+OCuSIgaGVpZ2h0PSI2MCIgd2lkdGg9Ijc0OSIgYm9yZGVyPSIwIj48YnI+CiAgICAgIDxpbWcgc3JjPSJodHRwczovL2ltYWdlLnJha3V0ZW4uY28uanAvZ2VraS1jYXIvY2FiaW5ldC9pbWdyYzAwNzAzNDI2MDguZ2lmIiBhbHQ9InRvb2wxMCIgaGVpZ2h0PSI2MCIgd2lkdGg9Ijc0OSIgYm9yZGVyPSIwIj48YnI+CiAgICAgIDxpbWcgc3JjPSJodHRwczovL2ltYWdlLnJha3V0ZW4uY28uanAvZ2VraS1jYXIvY2FiaW5ldC9pbWdyYzAwNjU1NzA5OTIuZ2lmIiBhbHQ9IkVkeSIgaGVpZ2h0PSI2MCIgd2lkdGg9Ijc0OSIgYm9yZGVyPSIwIj48YnI+CiAgICAgIDxpbWcgc3JjPSJodHRwczovL2ltYWdlLnJha3V0ZW4uY28uanAvZ2VraS1jYXIvY2FiaW5ldC80Mi9pbWdyYzAwNjU5NjExNTUuZ2lmIiBhbHQ9ImF2ZXN0IiB3aWR0aD0iNzQ5IiBib3JkZXI9IjAiPjxCUj4KICAgICAgPGltZyBzcmM9Imh0dHBzOi8vaW1hZ2UucmFrdXRlbi5jby5qcC9nZWtpLWNhci9jYWJpbmV0LzMxL2Nhb3MtZXllMi5naWYiIGFsdD0iY2FvcyIgd2lkdGg9Ijc0OSIgYm9yZGVyPSIwIj48QlI+CiAgICAgIDxpbWcgc3JjPSJodHRwczovL2ltYWdlLnJha3V0ZW4uY28uanAvZ2VraS1jYXIvY2FiaW5ldC8zMS90dWYtZXllMS5naWYiIGFsdD0idHVmbG9uZyIgd2lkdGg9Ijc0OSIgYm9yZGVyPSIwIj48QlI+CiAgICAgIDxpbWcgc3JjPSJodHRwczovL2ltYWdlLnJha3V0ZW4uY28uanAvZ2VraS1jYXIvY2FiaW5ldC8zMS92YXJ0YS1leWUyLmdpZiIgYWx0PSJ2YXJ0YSIgd2lkdGg9Ijc0OSIgYm9yZGVyPSIwIj48QlI+CiAgICAgIDwvdGQ+CiAgICAKICA8L3Rib2R5Pgo8L3RhYmxlPg==,5pif5YWJ55Sj5qWt44CARUItMTcy44CA44Kz44Oz44K944O844Or44OI44Os44Kk77yG44Oc44OD44Kv44K577ya5r+A5a6J44Kr44O855So5ZOB44CAV2Vi44GE44Gh5bqX,5r+A5a6J44Kr44O855So5ZOB44OK44OT44Os44O844OA44O844K544K/44O844K/44O844Kq44O844OH44Kj44Kq54eD6LK75ZCR5LiK44Od44O844K/44OW44Or77yt77yk77yj77yk44K/44Kk44Ok44OI44O844Oo44O844OA44Oz44Ot44OD44OX44Oo44Kz44OP44Oe5L2O5Y+N55m644Kr44O844Ot44Kx44K344Ol44Ki44Op44K544K/44O844Kq44Kk44Or77yn77yw77yz44Kr44O844Oi44OL5pif5YWJ55Sj5qWt44CARUItMTcy44CA44Kz44Oz44K944O844Or44OI44Os44Kk77yG44Oc44OD44Kv44K5,44Of44OL44OQ44Oz44Gr5L6/5Yip44Gq5aSn5a656YeP44Gu44OI44Os44Kk44Go44Oc44OD44Kv44K544Gu57WE5ZCI44Gb44CA44CC5pif5YWJ55Sj5qWt44CARUItMTcy44CA44Kz44Oz44K944O844Or44OI44Os44Kk77yG44Oc44OD44Kv44K5[rn]
12-37258,aHR0cDovL3RzaG9wLnIxMHMuanAvZ2VraS1jYXIvY2FiaW5ldC8yMC8yMDkwMzkwXzEuZ2lmP2ZpdGluPTcwMDo3MDA=,MTUwOC44MDAw,,6LuK55So5ZOB44O744OQ44Kk44Kv55So5ZOBID4g44Kr44O855So5ZOBID4g5YaF6KOF44OR44O844OEID4g44Kz44Oz44K944O844Or44Oc44OD44Kv44K5,44K344O844Ko44O855Sj5ZWGIOOCvOODreODrOODnDIwMOezu+ODj+OCpOOCqOODvOOCue+8huODrOOCuOOCouOCueOCqOODvOOCueODiOODg+ODl+OCuOODo+OCseODg+ODiOOAgOODluODqeODg+OCryBSVi04,,PFRBQkxFIGJvcmRlcj0iMCIgY2VsbHNwYWNpbmc9IjIiIGNlbGxwYWRkaW5nPSI1IiB3aWR0aD0iNTgyIiBoZWlnaHQ9IjIzNyI+CiAgICAgIDx0cj4KICAgICAgICA8VEQgYmdjb2xvcj0iIzk5Y2NmZiIgdmFsaWduPSJ0b3AiIGhlaWdodD0iMjYiIHdpZHRoPSIxMjkiPjxGT05UIHNpemU9IjIiPuOAkOadkOizquOAkTwvRk9OVD48L1REPgogICAgICAgIDxURCBiZ2NvbG9yPSIjOTljY2ZmIiBjb2xzcGFuPSIzIiBoZWlnaHQ9IjI2IiB3aWR0aD0iNDcwIj48Rk9OVCBzaXplPSIyIj7jg5XjgqfjgqTjgq/jg6zjgrbjg7zvvIhQVkPvvIk8L0ZPTlQ+PC9URD4KICAgICAgPC90cj48dHI+CiAgICAgICAgPFREIGJnY29sb3I9IiM5OWNjZmYiIHZhbGlnbj0idG9wIiBoZWlnaHQ9IjE3IiB3aWR0aD0iMTI5Ij48Rk9OVCBzaXplPSIyIj7jgJDjgqvjg6njg7zjgJEmbmJzcDs8L0ZPTlQ+PC9URD4KICAgICAgICA8VEQgYmdjb2xvcj0iIzk5Y2NmZiIgY29sc3Bhbj0iMyIgaGVpZ2h0PSIxNyIgd2lkdGg9IjQ3MCI+PEZPTlQgc2l6ZT0iMiI+44OW44Op44OD44KvPC9GT05UPjwvVEQ+CiAgICAgIDwvdHI+PHRyPgogICAgICAgIDxURCBiZ2NvbG9yPSIjOTljY2ZmIiB2YWxpZ249InRvcCI+PEZPTlQgc2l6ZT0iMiI+44CQ44Kw44Os44O844OJ44CRJm5ic3A7PC9GT05UPjwvVEQ+CiAgICAgICAgPFREIGJnY29sb3I9IiM5OWNjZmYiIGNvbHNwYW49IjMiPjxGT05UIHNpemU9IjIiPlNVUEVSIEdM44O744Kw44Op44Oz44OJ44Kt44Oj44OT44Oz44O777yk77y444CA4oC744Ov44Kk44OJ44Gr44KC5L2/55So5Ye65p2l44G+44GZJm5ic3A7PC9GT05UPjwvVEQ+CiAgICAgIDwvdHI+PHRyPgogICAgICAgIDxURCBiZ2NvbG9yPSIjOTljY2ZmIiB2YWxpZ249InRvcCIgcm93c3Bhbj0iNCIgd2lkdGg9IjEyOSI+PEZPTlQgc2l6ZT0iMiI+44CQ5qmf6IO95Y+O57SN44CRJm5ic3A7Jm5ic3A7Jm5ic3A7Jm5ic3A7Jm5ic3A7Jm5ic3A7PC9GT05UPjwvVEQ+CiAgICAgICAgPFREIGJnY29sb3I9IiM5OWNjZmYiIGNvbHNwYW49IjMiIHdpZHRoPSI0NzAiPjxGT05UIHNpemU9IjIiPuODuzIwMOezu+ODj+OCpOOCqOODvOOCue+8huODrOOCuOOCouOCueOCqOODvOOCueWwgueUqOOBruODiOODg+ODl+OCuOODo+OCseODg+ODiDwvRk9OVD48L1REPgogICAgICA8L3RyPjx0cj4KICAgICAgICA8VEQgYmdjb2xvcj0iIzk5Y2NmZiIgY29sc3Bhbj0iMyIgd2lkdGg9IjQ3MCI+PEZPTlQgc2l6ZT0iMiI+44O757SU5q2j44Gu44Kz44Oz44K944O844Or44Gu44OV44K/44Gr6KKr44Gb44Gm44CB44Oe44K444OD44Kv44OG44O844OX44Gn5q2i44KB44KL44Gg44GR44Gu57Ch5Y2Y6KOF552APC9GT05UPjwvVEQ+CiAgICAgIDwvdHI+PHRyPgogICAgICAgIDxURCBiZ2NvbG9yPSIjOTljY2ZmIiBjb2xzcGFuPSIzIiB3aWR0aD0iNDcwIj48Rk9OVCBzaXplPSIyIj7jg7vjg5Xjgr/jga7kuIrpg6jjga7jgq/jg5zjg5/jgavjga/noazos6rjgqbjg6zjgr/jg7PjgpLkvb/nlKjjgZfjgabjgY3jgozjgYTjgarmm7Lnt5rjgavku5XkuIrjgZLjgabjgYTjgb7jgZnjgII8L0ZPTlQ+PC9URD4KICAgICAgPC90cj48dHI+CiAgICAgICAgPFREIGJnY29sb3I9IiM5OWNjZmYiIGNvbHNwYW49IjMiIHdpZHRoPSI0NzAiPjxGT05UIHNpemU9IjIiPuODu+OCuOODo+OCseODg+ODiOWGheWBtOOBq+ODneOCseODg+ODiOOBjO+8kuWAi+S7mOOBhOOBpuOBhOOBvuOBmeOAgjwvRk9OVD48L1REPgogICAgICA8L3RyPjwvVEFCTEU+CiAgICA8L1REPgogICAgPC9UQUJMPgogIAo8L1RBQkxFPjxQPjxGT05UIHNpemU9IjMiPuKYhTwvRk9OVD48Rk9OVCBzaXplPSIyIj7oqbPjgZfjgY/jga/vvJzjgZPjgaHjgonvvJ7jga7jg6Hjg7zjgqvjg7zjgrXjgqTjg4jjgavjgabjgZTnorroqo3jgY/jgaDjgZXjgYTjgII8YnI+CjwvRk9OVD48L1A+PFRBQkxFPgogIDx0cj4KICAKPC9UQUJMRT48dGl0bGU+PC90aXRsZT4KPHN0eWxlIHR5cGU9InRleHQvY3NzIj4KPCEtLQoKQk9EWXsKCXRleHQtYWxpZ246Y2VudGVyOwpiYWNrZ3JvdW5kLWNvbG9yOiNGRkZGRkY7CmJhY2tncm91bmQtaW1hZ2U6dXJsKGh0dHBzOi8vaW1hZ2UucmFrdXRlbi5jby5qcC9nZWtpLWNhci9jYWJpbmV0L2ltZzYwOTg4NTU5LmpwZyk7CiBiYWNrZ3JvdW5kLXJlcGVhdDpyZXBlYXQteTsKIGJhY2tncm91bmQtcG9zaXRpb246cmlnaHQgdG9wOwp9Ci0tPjxzPjwvcz4KLS0+Ci0tPgo8L3N0eWxlPgo8dGFibGUgYm9yZGVyPSIwIj4KICA8dGJvZHk+CiAgICA8dHIgdmFsaWduPSJib3R0b20iIEhlaWdodD0iNDUiPgog44CA44CA44CAPHRkPgo8aW1nIHNyYz0iaHR0cHM6Ly9pbWFnZS5yYWt1dGVuLmNvLmpwL2dla2ktY2FyL2NhYmluZXQvaW1ncmMwMDc5NjI3OTQ4LmdpZiIgYWx0PSLjgYLjgZnmpb0iIGhlaWdodD0iNjAiIHdpZHRoPSI3NDkiIGJvcmRlcj0iMCI+PGJyPgogICAgICA8aW1nIHNyYz0iaHR0cHM6Ly9pbWFnZS5yYWt1dGVuLmNvLmpwL2dla2ktY2FyL2NhYmluZXQvcjIwMTYwODA0LmdpZiIgYWx0PSLjgqjjg7Pjg4jjg6rjg7zkuI3opoEiIGhlaWdodD0iNjAiIHdpZHRoPSI3NDkiIGJvcmRlcj0iMCI+PGJyPgogICAgICA8aW1nIHNyYz0iaHR0cHM6Ly9pbWFnZS5yYWt1dGVuLmNvLmpwL2dla2ktY2FyL2NhYmluZXQvcnJha3V0ZW53ZWIuZ2lmIiBhbHQ9IualveWkqVdFQuWIneOCgeOBpiIgaGVpZ2h0PSI2MCIgd2lkdGg9Ijc0OSIgYm9yZGVyPSIwIj48YnI+CiAgICAgIDxpbWcgc3JjPSJodHRwczovL2ltYWdlLnJha3V0ZW4uY28uanAvZ2VraS1jYXIvY2FiaW5ldC9ycmFrdXRlbndlYjEuZ2lmIiBhbHQ9IualveWkqVdFQumAmuW4uCIgaGVpZ2h0PSI2MCIgd2lkdGg9Ijc0OSIgYm9yZGVyPSIwIj48YnI+CiAgICAgIDxpbWcgc3JjPSJodHRwczovL2ltYWdlLnJha3V0ZW4uY28uanAvZ2VraS1jYXIvY2FiaW5ldC9pbWdyYzAwNzI5Mzc3NTUuZ2lmIiBhbHQ9IueEoeaWmeS9k+mokyIgaGVpZ2h0PSI2MCIgd2lkdGg9Ijc0OSIgYm9yZGVyPSIwIj48YnI+CiAgICAgIDxpbWcgc3JjPSJodHRwczovL2ltYWdlLnJha3V0ZW4uY28uanAvZ2VraS1jYXIvY2FiaW5ldC9pbWdyYzAwNzcyOTQzNDQuZ2lmIiBhbHQ9IuWIneOCgeOBpjEwMDAiIGhlaWdodD0iNjAiIHdpZHRoPSI3NDkiIGJvcmRlcj0iMCI+PGJyPgogICAgICA8aW1nIHNyYz0iaHR0cHM6Ly9pbWFnZS5yYWt1dGVuLmNvLmpwL2dla2ktY2FyL2NhYmluZXQvaW1ncmMwMDcyODg4OTQ1LmdpZiIgYWx0PSLjgqTjg7zjgrDjg6vjgrkiIGhlaWdodD0iNjAiIHdpZHRoPSI3NDkiIGJvcmRlcj0iMCI+PGJyPgogICAgICA8aW1nIHNyYz0iaHR0cHM6Ly9pbWFnZS5yYWt1dGVuLmNvLmpwL2dla2ktY2FyL2NhYmluZXQvaW1ncmMwMDcwMzQyNjA4LmdpZiIgYWx0PSJ0b29sMTAiIGhlaWdodD0iNjAiIHdpZHRoPSI3NDkiIGJvcmRlcj0iMCI+PGJyPgogICAgICA8aW1nIHNyYz0iaHR0cHM6Ly9pbWFnZS5yYWt1dGVuLmNvLmpwL2dla2ktY2FyL2NhYmluZXQvaW1ncmMwMDY1NTcwOTkyLmdpZiIgYWx0PSJFZHkiIGhlaWdodD0iNjAiIHdpZHRoPSI3NDkiIGJvcmRlcj0iMCI+PGJyPgogICAgICA8aW1nIHNyYz0iaHR0cHM6Ly9pbWFnZS5yYWt1dGVuLmNvLmpwL2dla2ktY2FyL2NhYmluZXQvNDIvaW1ncmMwMDY1OTYxMTU1LmdpZiIgYWx0PSJhdmVzdCIgd2lkdGg9Ijc0OSIgYm9yZGVyPSIwIj48QlI+CiAgICAgIDxpbWcgc3JjPSJodHRwczovL2ltYWdlLnJha3V0ZW4uY28uanAvZ2VraS1jYXIvY2FiaW5ldC8zMS9jYW9zLWV5ZTIuZ2lmIiBhbHQ9ImNhb3MiIHdpZHRoPSI3NDkiIGJvcmRlcj0iMCI+PEJSPgogICAgICA8aW1nIHNyYz0iaHR0cHM6Ly9pbWFnZS5yYWt1dGVuLmNvLmpwL2dla2ktY2FyL2NhYmluZXQvMzEvdHVmLWV5ZTEuZ2lmIiBhbHQ9InR1ZmxvbmciIHdpZHRoPSI3NDkiIGJvcmRlcj0iMCI+PEJSPgogICAgICA8aW1nIHNyYz0iaHR0cHM6Ly9pbWFnZS5yYWt1dGVuLmNvLmpwL2dla2ktY2FyL2NhYmluZXQvMzEvdmFydGEtZXllMi5naWYiIGFsdD0idmFydGEiIHdpZHRoPSI3NDkiIGJvcmRlcj0iMCI+PEJSPgogICAgICA8L3RkPgogICAgCiAgPC90Ym9keT4KPC90YWJsZT4=,44K344O844Ko44O855Sj5ZWGIOOCvOODreODrOODnDIwMOezu+ODj+OCpOOCqOODvOOCue+8huODrOOCuOOCouOCueOCqOODvOOCueODiOODg+ODl+OCuOODo+OCseODg+ODiOOAgOODluODqeODg+OCryBSVi0477ya5r+A5a6J44Kr44O855So5ZOB44CAV2Vi44GE44Gh5bqX,5r+A5a6J44Kr44O855So5ZOB44OK44OT44Os44O844OA44O844K544K/44O844K/44O844Kq44O844OH44Kj44Kq54eD6LK75ZCR5LiK44Od44O844K/44OW44Or77yt77yk77yj77yk44K/44Kk44Ok44OI44O844Oo44O844OA44Oz44Ot44OD44OX44Oo44Kz44OP44Oe5L2O5Y+N55m644Kr44O844Ot44Kx44K344Ol44Ki44Op44K544K/44O844Kq44Kk44Or77yn77yw77yz44Kr44O844Oi44OL44K344O844Ko44O855Sj5ZWGIOOCvOODreODrOODnDIwMOezu+ODj+OCpOOCqOODvOOCue+8huODrOOCuOOCouOCueOCqOODvOOCueODiOODg+ODl+OCuOODo+OCseODg+ODiOOAgOODluODqeODg+OCryBSVi04,44CA44CC44K344O844Ko44O855Sj5ZWGIOOCvOODreODrOODnDIwMOezu+ODj+OCpOOCqOODvOOCue+8huODrOOCuOOCouOCueOCqOODvOOCueODiOODg+ODl+OCuOODo+OCseODg+ODiOOAgOODluODqeODg+OCryBSVi04[rn]
12-37259,aHR0cDovL3RzaG9wLnIxMHMuanAvYXVjLW1hdHN1eWFtYWtpa291L2NhYmluZXQvMjIwMC8yMTU0OTAwNDQ2ODE5NjIwLmpwZz9maXRpbj03MDA6NzAw,OTQxLjYwMDA=,,6LuK55So5ZOB44O744OQ44Kk44Kv55So5ZOBID4g44Kr44O855So5ZOBID4g5YaF6KOF44OR44O844OEID4g44Kz44Oz44K944O844Or44Oc44OD44Kv44K5,44CQ44Kr44Km44Or44Kv44Oq44OD44OXIDkwMDQ0LTY4MTk2IOOAkSDjg4jjg6jjgr8g44OA44Kk44OP44OE57O744CAMjDlgIs=,,PT09PT09PT09PT08YnI+PGxpPuOBk+OBruWVhuWTgeOBruOAjOOBiuW+l+OBquODkeODg+OCr+S+oeagvOavlOi8g+S4gOimp+OAjeOBrzxicj7ihpIg44GT44Gh44KJIOKGkOOBi+OCieOBlOWPgueFp+OBhOOBn+OBoOOBkeOBvuOBmeOAgjwvbGk+PGJyPj09PT09PT09PT09PGJyPjxicj48dGFibGUgd2lkdGg9IjM1MCIgYmdjb2xvcj0iIzAwMDAwMCIgY2VsbHNwYWNpbmc9IjEiIGNlbGxwYWRkaW5nPSIzIj4KPHRyPgo8dGggY29sc3Bhbj0iMiIgYWxpZ249ImNlbnRlciIgYmdjb2xvcj0iIj48Yj48Zm9udCBjb2xvcj0iIj48L2ZvbnQ+PC9iPjwvdGg+CjwvdHI+Cjx0cj48dGggYWxpZ249ImNlbnRlciIgYmdjb2xvcj0iI0E1MTgwMCI+PGZvbnQgc2l6ZT0iMiIgY29sb3I9IiNGRkZGRkYiPuODoeODvOOCq+ODvOWQjTwvZm9udD48L3RoPgo8dGQgYmdjb2xvcj0iI0ZGRkZGRiI+PGZvbnQgc2l6ZT0iMiIgY29sb3I9IiMwMDAwMDAiPgrjg57jg4Tjg6Tjg57jg5Hjg7zjg4QKPC9mb250PjwvdGQ+PC90cj4KPHRyPjx0aCBhbGlnbj0iY2VudGVyIiBiZ2NvbG9yPSIjQTUxODAwIj48Zm9udCBzaXplPSIyIiBjb2xvcj0iI0ZGRkZGRiI+5ZWG5ZOB5ZCNPC9mb250PjwvdGg+Cjx0ZCBiZ2NvbG9yPSIjRkZGRkZGIj48Zm9udCBzaXplPSIyIiBjb2xvcj0iIzAwMDAwMCI+44CQ44Kr44Km44Or44Kv44Oq44OD44OXIDkwMDQ0LTY4MTk2IOOAkSDjg4jjg6jjgr8g44OA44Kk44OP44OE57O744CAMTDlgIs8L2ZvbnQ+PC90ZD48L3RyPgo8dHI+PHRoIGFsaWduPSJjZW50ZXIiIGJnY29sb3I9IiNBNTE4MDAiPjxmb250IHNpemU9IjIiIGNvbG9yPSIjRkZGRkZGIj7kupLmj5vntJTmraPpg6jlk4Hnlarlj7c8L2ZvbnQ+PC90aD4KPHRkIGJnY29sb3I9IiNGRkZGRkYiPjxmb250IHNpemU9IjIiIGNvbG9yPSIjMDAwMDAwIj7jgJDkupLmj5vntJTmraPlk4Hnlarlj7fjgJE5MDA0NC02ODE5NiA8L2ZvbnQ+PC90ZD48L3RyPgo8dHI+PHRoIGFsaWduPSJjZW50ZXIiIGJnY29sb3I9IiNBNTE4MDAiPjxmb250IHNpemU9IjIiIGNvbG9yPSIjRkZGRkZGIj7llYblk4HlhoXlrrk8L2ZvbnQ+PC90aD4KPHRkIGJnY29sb3I9IiNGRkZGRkYiPjxmb250IHNpemU9IjIiIGNvbG9yPSIjMDAwMDAwIj4K6YOo5ZOB57WQ5ZCI44Gr5L2/44KP44KM44Gm44GK44KK44G+44GZ44OV44Kh44K544OK44O844Kv44Oq44OD44OX44Gn44GU44GW44GE44G+44GZ44CCCjwvZm9udD48L3RkPjwvdHI+Cjx0cj48dGggYWxpZ249ImNlbnRlciIgYmdjb2xvcj0iI0E1MTgwMCI+PGZvbnQgc2l6ZT0iMiIgY29sb3I9IiNGRkZGRkYiPumBqeWQiOi7iueorjwvZm9udD48L3RoPgo8dGQgYmdjb2xvcj0iI0ZGRkZGRiI+PGZvbnQgc2l6ZT0iMiIgY29sb3I9IiMwMDAwMDAiPgrnj77lnKjoqr/mn7vkuK3jgafjgZnjgIIKPC9mb250PjwvdGQ+PC90cj4KPHRyPjx0aCBhbGlnbj0iY2VudGVyIiBiZ2NvbG9yPSIjQTUxODAwIj48Zm9udCBzaXplPSIyIiBjb2xvcj0iI0ZGRkZGRiI+5rOo5oSP5LqL6aCFPC9mb250PjwvdGg+Cjx0ZCBiZ2NvbG9yPSIjRkZGRkZGIj48Zm9udCBzaXplPSIyIiBjb2xvcj0iIzAwMDAwMCI+CuWcqOW6q+WIh+OCjOOBrueEoeOBhOOCiOOBhuWNgeWIhuOBmeOBjuOCi+OBu+OBqeOCueODiOODg+OCr+OBl+OBpuOBiuOCiuOBvuOBmeOBjOOAgeW8iuekvuS6iOaDs+OCkui2heOBiOOCi+OBlOazqOaWh+OBjOebuOmHjeOBquOBo+OBn+WgtOWQiOOBq+eogOOBq+S4gOaZgueahOOBq+WcqOW6q+S4jei2s+OBqOOBquOCi+OBk+OBqOOBjOOBlOOBluOBhOOBvuOBmeOAguOBneOBrumam+OBr+OBlOWHuuiNt+OBvuOBpzPllrbmpa3ml6XjgbvjganjgYvjgYvjgovjgrHjg7zjgrnjgoLjgYLjgorjgb7jgZnjga7jgafjgZTpgKPntaHjgZXjgZvjgabjgYTjgZ/jgaDjgY3jgb7jgZnjgII8YnI+Cgo8L2ZvbnQ+PC90ZD48L3RyPgo8L3RhYmxlPjxzdHlsZSB0eXBlPSJ0ZXh0L2NzcyI+CjwhLS0KCi8qIOWAi+aVsOWFpeWKm+ashOOBruWkp+OBjeOBlSAqLwppbnB1dCN1bml0cyB7CnBhZGRpbmc6IDFweCAwcHg7Cn0KCi8qIOOBiuiyt+OBhOeJqeOBi+OBlOODnOOCv+ODs+OBruWkp+OBjeOBlSAqLwp0ZCA+IGlucHV0IHsKZm9udC1zaXplOiAxNXB4OwpwYWRkaW5nOjIwcHggNTBweDsKd2lkdGg6IGF1dG87Cn0KCi8qIOOAjOWVhuWTgeOBq+OBpOOBhOOBpuOBruWVj+OBhOWQiOOCj+OBm+OAjeODnOOCv+ODs+OBruWkp+OBjeOBlSovCmZvbnQgaW5wdXQgewpmb250LXNpemU6IDEycHg7CnBhZGRpbmc6MnB4Owp3aWR0aDogMTUwcHg7Cn0KCi0tPgoKCjwvc3R5bGU+CgoKCgo8cD48aW1nIHNyYz0iaHR0cDovL2ltYWdlLnJha3V0ZW4uY28uanAvYXVjLW1hdHN1eWFtYWtpa291L2NhYmluZXQvc2V0L2ltZzYyODA1MTA1LmpwZyIgYWx0PSJkcHNldDV4IiAvIGJvcmRlcj0iMCI+PC9wPjxwPjxpbWcgc3JjPSJodHRwOi8vaW1hZ2UucmFrdXRlbi5jby5qcC9hdWMtbWF0c3V5YW1ha2lrb3UvY2FiaW5ldC9zZXQvaW1nNjI4MDUwOTcuanBnIiBhbHQ9ImNmLTEiIC8gYm9yZGVyPSIwIj48L3A+,44CQ44Kr44Km44Or44Kv44Oq44OD44OXIDkwMDQ0LTY4MTk2IOOAkSDjg4jjg6jjgr8g44OA44Kk44OP44OE57O744CAMjDlgIvvvJrjg5Hjg43jg6vjgq/jg6rjg4Pjg5fosqnlo7Ljga7jg57jg4Tjg6Tjg57mqZ/lt6U=,44CQ44Kr44Km44Or44Kv44Oq44OD44OXIDkwMDQ0LTY4MTk2IOOAkSDjg4jjg6jjgr8g44OA44Kk44OP44OE57O744CAMjDlgIs=,44CQ44Kr44Km44Or44Kv44Oq44OD44OXIDkwMDQ0LTY4MTk2IOOAkSDjg4jjg6jjgr8g44OA44Kk44OP44OE57O744CAMjDlgIs=[rn]
12-37260,aHR0cDovL3RzaG9wLnIxMHMuanAvYXVjLW1hdHN1eWFtYWtpa291L2NhYmluZXQvMjEwMC8yMDcxOTA2NjVzbTQwMDAxMC5qcGc/Zml0aW49NzAwOjcwMA==,MzM1LjIwMDA=,,6LuK55So5ZOB44O744OQ44Kk44Kv55So5ZOBID4g44Kr44O855So5ZOBID4g5YaF6KOF44OR44O844OEID4g44Kz44Oz44K944O844Or44Oc44OD44Kv44K5,44CQ44K544Kv44Oq44Ol44O844Kw44Ot44Oh44OD44OIIDkwNjY1LVNNNC0wMDDjgJEg44Ob44Oz44OA57O744CAMTDlgIs=,,PT09PT09PT09PT08YnI+PGxpPuOBk+OBruWVhuWTgeOBruOAjOOBiuW+l+OBquODkeODg+OCr+S+oeagvOavlOi8g+S4gOimp+OAjeOBrzxicj7ihpIg44GT44Gh44KJIOKGkOOBi+OCieOBlOWPgueFp+OBhOOBn+OBoOOBkeOBvuOBmeOAgjwvbGk+PGJyPj09PT09PT09PT09PGJyPjxicj48dGFibGUgd2lkdGg9IjM1MCIgYmdjb2xvcj0iIzAwMDAwMCIgY2VsbHNwYWNpbmc9IjEiIGNlbGxwYWRkaW5nPSIzIj4KPHRyPgo8dGggY29sc3Bhbj0iMiIgYWxpZ249ImNlbnRlciIgYmdjb2xvcj0iIj48Yj48Zm9udCBjb2xvcj0iIj48L2ZvbnQ+PC9iPjwvdGg+CjwvdHI+Cjx0cj48dGggYWxpZ249ImNlbnRlciIgYmdjb2xvcj0iI0E1MTgwMCI+PGZvbnQgc2l6ZT0iMiIgY29sb3I9IiNGRkZGRkYiPuODoeODvOOCq+ODvOWQjTwvZm9udD48L3RoPgo8dGQgYmdjb2xvcj0iI0ZGRkZGRiI+PGZvbnQgc2l6ZT0iMiIgY29sb3I9IiMwMDAwMDAiPgrjg57jg4Tjg6Tjg57jg5Hjg7zjg4QKPC9mb250PjwvdGQ+PC90cj4KPHRyPjx0aCBhbGlnbj0iY2VudGVyIiBiZ2NvbG9yPSIjQTUxODAwIj48Zm9udCBzaXplPSIyIiBjb2xvcj0iI0ZGRkZGRiI+5ZWG5ZOB5ZCNPC9mb250PjwvdGg+Cjx0ZCBiZ2NvbG9yPSIjRkZGRkZGIj48Zm9udCBzaXplPSIyIiBjb2xvcj0iIzAwMDAwMCI+44CQ44K544Kv44Oq44Ol44O844Kw44Ot44Oh44OD44OIIDkwNjY1LVNNNC0wMDDjgJEg44Ob44Oz44OA57O744CAMTDlgIs8L2ZvbnQ+PC90ZD48L3RyPgo8dHI+PHRoIGFsaWduPSJjZW50ZXIiIGJnY29sb3I9IiNBNTE4MDAiPjxmb250IHNpemU9IjIiIGNvbG9yPSIjRkZGRkZGIj7kupLmj5vntJTmraPpg6jlk4Hnlarlj7c8L2ZvbnQ+PC90aD4KPHRkIGJnY29sb3I9IiNGRkZGRkYiPjxmb250IHNpemU9IjIiIGNvbG9yPSIjMDAwMDAwIj7jgJDkupLmj5vntJTmraPlk4Hnlarlj7fjgJE5MDY2NS1TTTQtMDAwPC9mb250PjwvdGQ+PC90cj4KPHRyPjx0aCBhbGlnbj0iY2VudGVyIiBiZ2NvbG9yPSIjQTUxODAwIj48Zm9udCBzaXplPSIyIiBjb2xvcj0iI0ZGRkZGRiI+5ZWG5ZOB5YaF5a65PC9mb250PjwvdGg+Cjx0ZCBiZ2NvbG9yPSIjRkZGRkZGIj48Zm9udCBzaXplPSIyIiBjb2xvcj0iIzAwMDAwMCI+CumDqOWTgee1kOWQiOOBq+S9v+OCj+OCjOOBpuOBiuOCiuOBvuOBmeODleOCoeOCueODiuODvOOCr+ODquODg+ODl+OBp+OBlOOBluOBhOOBvuOBmeOAggo8L2ZvbnQ+PC90ZD48L3RyPgo8dHI+PHRoIGFsaWduPSJjZW50ZXIiIGJnY29sb3I9IiNBNTE4MDAiPjxmb250IHNpemU9IjIiIGNvbG9yPSIjRkZGRkZGIj7pganlkIjou4rnqK48L2ZvbnQ+PC90aD4KPHRkIGJnY29sb3I9IiNGRkZGRkYiPjxmb250IHNpemU9IjIiIGNvbG9yPSIjMDAwMDAwIj4K54++5Zyo6Kq/5p+75Lit44Gn44GZ44CCCjwvZm9udD48L3RkPjwvdHI+Cjx0cj48dGggYWxpZ249ImNlbnRlciIgYmdjb2xvcj0iI0E1MTgwMCI+PGZvbnQgc2l6ZT0iMiIgY29sb3I9IiNGRkZGRkYiPuazqOaEj+S6i+mghTwvZm9udD48L3RoPgo8dGQgYmdjb2xvcj0iI0ZGRkZGRiI+PGZvbnQgc2l6ZT0iMiIgY29sb3I9IiMwMDAwMDAiPgrlnKjluqvliIfjgozjga7nhKHjgYTjgojjgYbljYHliIbjgZnjgY7jgovjgbvjganjgrnjg4jjg4Pjgq/jgZfjgabjgYrjgorjgb7jgZnjgYzjgIHlvIrnpL7kuojmg7PjgpLotoXjgYjjgovjgZTms6jmlofjgYznm7jph43jgarjgaPjgZ/loLTlkIjjgavnqIDjgavkuIDmmYLnmoTjgavlnKjluqvkuI3otrPjgajjgarjgovjgZPjgajjgYzjgZTjgZbjgYTjgb7jgZnjgILjgZ3jga7pmpvjga/jgZTlh7rojbfjgb7jgacz5Za25qWt5pel44G744Gp44GL44GL44KL44Kx44O844K544KC44GC44KK44G+44GZ44Gu44Gn44GU6YCj57Wh44GV44Gb44Gm44GE44Gf44Gg44GN44G+44GZ44CCPGJyPgoKPC9mb250PjwvdGQ+PC90cj4KPC90YWJsZT48c3R5bGUgdHlwZT0idGV4dC9jc3MiPgo8IS0tCgovKiDlgIvmlbDlhaXlipvmrITjga7lpKfjgY3jgZUgKi8KaW5wdXQjdW5pdHMgewpwYWRkaW5nOiAxcHggMHB4Owp9CgovKiDjgYrosrfjgYTnianjgYvjgZTjg5zjgr/jg7Pjga7lpKfjgY3jgZUgKi8KdGQgPiBpbnB1dCB7CmZvbnQtc2l6ZTogMTVweDsKcGFkZGluZzoyMHB4IDUwcHg7CndpZHRoOiBhdXRvOwp9CgovKiDjgIzllYblk4HjgavjgaTjgYTjgabjga7llY/jgYTlkIjjgo/jgZvjgI3jg5zjgr/jg7Pjga7lpKfjgY3jgZUqLwpmb250IGlucHV0IHsKZm9udC1zaXplOiAxMnB4OwpwYWRkaW5nOjJweDsKd2lkdGg6IDE1MHB4Owp9CgotLT4KCgo8L3N0eWxlPgoKCgoKPHA+PGltZyBzcmM9Imh0dHA6Ly9pbWFnZS5yYWt1dGVuLmNvLmpwL2F1Yy1tYXRzdXlhbWFraWtvdS9jYWJpbmV0L3NldC9pbWc2MjgwNTEwNS5qcGciIGFsdD0iZHBzZXQ1eCIgLyBib3JkZXI9IjAiPjwvcD48cD48aW1nIHNyYz0iaHR0cDovL2ltYWdlLnJha3V0ZW4uY28uanAvYXVjLW1hdHN1eWFtYWtpa291L2NhYmluZXQvc2V0L2ltZzYyODA1MDk3LmpwZyIgYWx0PSJjZi0xIiAvIGJvcmRlcj0iMCI+PC9wPg==,44CQ44K544Kv44Oq44Ol44O844Kw44Ot44Oh44OD44OIIDkwNjY1LVNNNC0wMDDjgJEg44Ob44Oz44OA57O744CAMTDlgIvvvJrjg5Hjg43jg6vjgq/jg6rjg4Pjg5fosqnlo7Ljga7jg57jg4Tjg6Tjg57mqZ/lt6U=,44CQ44K544Kv44Oq44Ol44O844Kw44Ot44Oh44OD44OIIDkwNjY1LVNNNC0wMDDjgJEg44Ob44Oz44OA57O744CAMTDlgIs=,44CQ44K544Kv44Oq44Ol44O844Kw44Ot44Oh44OD44OIIDkwNjY1LVNNNC0wMDDjgJEg44Ob44Oz44OA57O744CAMTDlgIs=[rn]
12-37261,aHR0cDovL3RzaG9wLnIxMHMuanAvaG90cm9hZHBhcnRzL2NhYmluZXQvMTUwOC83MTUwODA3MjAxXzEuanBnP2ZpdGluPTcwMDo3MDA=,MTEwOTYuODAwMA==,,6LuK55So5ZOB44O744OQ44Kk44Kv55So5ZOBID4g44Kr44O855So5ZOBID4g5YaF6KOF44OR44O844OEID4g44Kz44Oz44K944O844Or44Oc44OD44Kv44K5,44Kz44Oz44K944O844Or44Oc44OD44Kv44K5IOODjuOCou+8huODtOOCqeOCr+OCt+ODvO+8huOCqOOCueOCr+OCoeOCpOOCoijjg4/jgqTjg5bjg6rjg4Pjg4kp5bCC55SoIOWPjue0jSDml6XmnKzoo70g44Os44K244O8L+S8iuiXpOijveS9nOaJgC/vvJpIWUMtMQ==,,44OO44KiJuODtOOCqeOCr+OCt+ODvCbjgqLjgrnjgq/jgqHjgqTjgqLvvIjjg4/jgqTjg5bjg6rjg4Pjg4nku5Xmp5jvvInlsILnlKjjgrPjg7Pjgr3jg7zjg6vjg5zjg4Pjgq/jgrnvvIE8YnI+PGJyPuODj+OCpOODluODquODg+ODieOBruOBn+OCgeOBruijveWTgeOBoOOBi+OCieS9v+OBhOWLneaJi+OCguaKnOe+pDxicj7lj5bku5jjgZHjgoLjgqvjg7Pjgr/jg7PjgafjgZTmuoDotrPjgYTjgZ/jgaDjgZHjgovku5Xmp5jjgafjgZnvvIE8YnI+PGJyPuaEm+i7iuOBruOCr+OCquODquODhuOCo+OBr+OBneOBruOBvuOBvuOBq+OAgeapn+iDveaAp+OCkui/veWPiuOBl+OBn+ODleOCqeODq+ODoO+8gTxicj7lgIvmgKfnmoTjgarmhJvou4rjgavnlJ/jgb7jgozlpInjgo/jgorjgb7jgZnjgII8YnI+PGJyPjxicj7il4/lronlv4Pjga7ml6XmnKzoo708YnI+4peP6Zuj54eD5oCn77yaSklT5ZCI5qC85ZOBPGJyPuKXj+iHquWLlei7iuWuieWFqOWfuua6lu+8muWQiOagvOWTgTxicj7il4/mipfoj4zmgKfjg7vpmLLmsZrmgKc8YnI+4peP5bCC55So6Kit6KiI44Gq44Gu44Gn44CB5oSb6LuK44Gr44G044Gj44Gf44KK44OV44Kj44OD44OI44GX44G+44GZ44CCPGJyPuKXj+ODj+OCpOODluODquODg+ODieOCs+ODs+OCveODvOODq+OCkuijheedgOOBl+OBpuOCguOAgee9ruOBj+OBoOOBkeWFhembu+OCkuOBneOBruOBvuOBvuS9v+OBiOOCi+OBruOBp+mdnuW4uOOBq+S+v+WIqeOBp+OBmeOAgjxicj7igLvjgrDjg6zjg7zjg4njgavjgojjgoroo4XlgpnjgYzjgaTjgYTjgabjgYTjgarjgYTou4rnqK7jgYzjgYLjgorjgb7jgZnjgII8YnI+4peP5aSn5Z6L5Y+O57SN44K544Oa44O844K544Gq44Gu44Gn44CB6LuK5YaF5pW055CG44GM5a655piT44Gr44Gn44GN44G+44GZ44CCPGJyPuKXj+W+jOmDqOW6p+W4reeUqOOBq+ODieODquODs+OCr+ODiOODrOODvOOBjDLlgIvku5jjgYTjgabjgYTjgb7jgZnjgILoh6rliIblpb3jgb/jgaflsI/nianlhaXjgozjgajjgZfjgabjgoLkvb/nlKjjgafjgY3jgb7jgZnjgII8YnI+4peP44Kz44Oz44K944O844Or44Gu5aSp5p2/44Gv5bCP54mp572u44GN44Go44GX44Gm5L2/55So44Gn44GN44CB44Go44Gm44KC5L6/5Yip44Gn44GZ44CCPGJyPjxicj48YnI+44CQ6YGp5b+c6LuK56iu44CRPGJyPuKWoE5PQUjjg7tWT1hZ44O7RVNRVUlSRSDjg4/jgqTjg5bjg6rjg4Pjg4nku5Xmp5jou4o8YnI+44K144Kk44K677yaVzE5NcOXRDM5MMOXSDM2NTxicj48YnI+PGJyPuKWoOODoeODvOOCq+ODvO+8muS8iuiXpOijveS9nOaJgC9JVCBSb21hbjxicj7ilqDlk4HnlarvvJpIWUMtMSBCSzwhLS0g44GT44GT44GL44KJR+ODqeODs+OCreODs+OCsCAtLT4KPCEtLQo8ZGl2IHN0eWxlPSJoZWlnaHQ6MzU1cHg7IHdpZHRoOjY3NHB4OyBvdmVyZmxvdzpoaWRkZW47IG1hcmdpbi1ib3R0b206MTVweDsgbWFyZ2luLXRvcDotMjBweDsgcGFkZGluZzowIj4KPGJyIC8+CjwvZGl2PgotLT4KCjwhLS0g44GT44GT44G+44GnR+ODqeODs+OCreODs+OCsCAtLT4KPCEtLSDjgZPjgZPjgYvjgokg44Oq44Ki5Y+XIC0tPgo8ZGl2IHN0eWxlPSJ3aWR0aDo2NzRweDsgaGVpZ2h0OjMwcHg7IGJhY2tncm91bmQtaW1hZ2U6dXJsKCdodHRwOi8vd3d3LnJha3V0ZW4ubmUuanAvZ29sZC9ob3Ryb2FkcGFydHMvb3JkZXJzL2JucmwuanBnJyk7IGJhY2tncm91bmQtcmVwZWF0OiBuby1yZXBlYXQ7IiBhbGlnbj0iY2VudGVyIj4KICA8cCBzdHlsZT0iY29sb3I6IzU0NUQ3QzsgZm9udC1zaXplOjIwcHg7IGZvbnQtZmFtaWx5Oifjg5Ljg6njgq7jg47op5LjgrQgUHJvIFczJywgJ0hpcmFnaW5vIEtha3UgR290aGljIFBybycsICfjg6HjgqTjg6rjgqonLCBNZWlyeW8sIE9zYWthLCAn77yt77yzIO+8sOOCtOOCt+ODg+OCrycsICdNUyBQR290aGljJywgc2Fucy1zZXJpZjsgZm9udC13ZWlnaHQ6Ym9sZDsgbWFyZ2luOjA7IGxpbmUtaGVpZ2h0OjMwcHg7IHRleHQtYWxpZ246bGVmdDsgcGFkZGluZy1sZWZ0OjM1cHgiPlRoYW5rcyBGb3IgWW91ciBPcmRlcnM8L3A+PC9kaXY+CiAgPGRpdiBzdHlsZT0iYmFja2dyb3VuZC1jb2xvcjojRkZGRkZGOyB3aWR0aDo2NzJweDsgbWFyZ2luLWJvdHRvbToxNXB4OyBwYWRkaW5nOjA7IGhlaWdodDozNDVweDsgb3ZlcmZsb3c6aGlkZGVuOyBib3JkZXI6MXB4IHNvbGlkICM2NjY2NjY7Ij4KCjwvZGl2Pgo8IS0tIOOBk+OBk+OBvuOBpyDjg6rjgqLlj5cgLS0+CjwhLS0g44GT44GT44GL44KJIOODquOCouOCs+ODoSAtLT4KPGRpdiBzdHlsZT0id2lkdGg6Njc0cHg7IGhlaWdodDozMHB4OyBiYWNrZ3JvdW5kLWltYWdlOnVybCgnaHR0cDovL3d3dy5yYWt1dGVuLm5lLmpwL2dvbGQvaG90cm9hZHBhcnRzL29yZGVycy9ibnJsLmpwZycpOyBiYWNrZ3JvdW5kLXJlcGVhdDogbm8tcmVwZWF0OyIgYWxpZ249ImNlbnRlciI+CiAgPHAgc3R5bGU9ImNvbG9yOiM1NDVEN0M7IGZvbnQtc2l6ZToyMHB4OyBmb250LWZhbWlseTon44OS44Op44Ku44OO6KeS44K0IFBybyBXMycsICdIaXJhZ2lubyBLYWt1IEdvdGhpYyBQcm8nLCAn44Oh44Kk44Oq44KqJywgTWVpcnlvLCBPc2FrYSwgJ++8re+8syDvvLDjgrTjgrfjg4Pjgq8nLCAnTVMgUEdvdGhpYycsIHNhbnMtc2VyaWY7IGZvbnQtd2VpZ2h0OmJvbGQ7IG1hcmdpbjowOyBsaW5lLWhlaWdodDozMHB4OyB0ZXh0LWFsaWduOmxlZnQ7IHBhZGRpbmctbGVmdDozNXB4Ij5SZXZpZXdzIE9mIE91ciBDb25zdW1lcnM8L3A+PC9kaXY+CiAgPGRpdiBzdHlsZT0iYmFja2dyb3VuZC1jb2xvcjojRkZGRkZGOyB3aWR0aDo2NzJweDsgbWFyZ2luLWJvdHRvbToxNXB4OyBwYWRkaW5nOjA7IGhlaWdodDozNzBweDsgb3ZlcmZsb3c6aGlkZGVuOyBib3JkZXI6MXB4IHNvbGlkICM2NjY2NjY7Ij4KCjwvZGl2Pgo8IS0tIOOBk+OBk+OBvuOBpyDjg6rjgqLjgrPjg6EgLS0+CgoKPHRhYmxlIHdpZHRoPSI2ODAiIGJvcmRlcj0iMCIgY2VsbHBhZGRpbmc9IjIiIGNlbGxzcGFjaW5nPSIwIj4KPHRyPgo8dGQgYWxpZ249ImNlbnRlciI+PGltZyBzcmM9Imh0dHA6Ly9pbWFnZS5yYWt1dGVuLmNvLmpwL2hvdHJvYWRwYXJ0cy9jYWJpbmV0L2Jhbm5lci8yMDEzMDQyOV8wMDguanBnIiB3aWR0aD0iMzM2IiBoZWlnaHQ9IjcwIiBib3JkZXI9IjAiPjwvdGQ+Cjx0ZCBjb2xzcGFuPSIyIiBhbGlnbj0iY2VudGVyIj48aW1nIHNyYz0iaHR0cDovL2ltYWdlLnJha3V0ZW4uY28uanAvaG90cm9hZHBhcnRzL2NhYmluZXQvYmFubmVyLzIwMTMwNDI5XzAwNy5qcGciIHdpZHRoPSIzMzYiIGhlaWdodD0iNzAiIGJvcmRlcj0iMCI+PC90ZD4KPC90cj4KPHRyPgo8dGQgYWxpZ249ImNlbnRlciI+PGltZyBzcmM9Imh0dHA6Ly9pbWFnZS5yYWt1dGVuLmNvLmpwL2hvdHJvYWRwYXJ0cy9jYWJpbmV0L2Jhbm5lci8yMDEzMDQyOV8wMDYuanBnIiB3aWR0aD0iMzM2IiBoZWlnaHQ9IjcwIiBib3JkZXI9IjAiPjwvdGQ+Cjx0ZCBjb2xzcGFuPSIyIiBhbGlnbj0iY2VudGVyIj48aW1nIHNyYz0iaHR0cDovL2ltYWdlLnJha3V0ZW4uY28uanAvaG90cm9hZHBhcnRzL2NhYmluZXQvYmFubmVyLzIwMTMwNDI5XzAwNS5qcGciIHdpZHRoPSIzMzYiIGhlaWdodD0iNzAiIGJvcmRlcj0iMCI+PC90ZD4KPC90cj4KPC90YWJsZT4=,44Kz44Oz44K944O844Or44Oc44OD44Kv44K5IOODjuOCou+8huODtOOCqeOCr+OCt+ODvO+8huOCqOOCueOCr+OCoeOCpOOCoijjg4/jgqTjg5bjg6rjg4Pjg4kp5bCC55SoIOWPjue0jSDml6XmnKzoo70g44Os44K244O8L+S8iuiXpOijveS9nOaJgC/vvJpIWUMtMe+8muOCq+ODvOeUqOWTgemAmuiyqeOBruODm+ODg+ODiOODreODvOODieODkeODvOODhA==,44Kz44Oz44K944O844Or44Oc44OD44Kv44K5IOODjuOCou+8huODtOOCqeOCr+OCt+ODvO+8huOCqOOCueOCr+OCoeOCpOOCoijjg4/jgqTjg5bjg6rjg4Pjg4kp5bCC55SoIOWPjue0jSDml6XmnKzoo70g44Os44K244O8L+S8iuiXpOijveS9nOaJgC/vvJpIWUMtMQ==,44CQ44GC44GZ5qW95a++5b+c44CR44CC44Kz44Oz44K944O844Or44Oc44OD44Kv44K5IOODjuOCou+8huODtOOCqeOCr+OCt+ODvO+8huOCqOOCueOCr+OCoeOCpOOCoijjg4/jgqTjg5bjg6rjg4Pjg4kp5bCC55SoIOWPjue0jSDml6XmnKzoo70g44Os44K244O8L+S8iuiXpOijveS9nOaJgC/vvJpIWUMtMQ==[rn]
12-37262,aHR0cDovL3RzaG9wLnIxMHMuanAvaG90cm9hZHBhcnRzL2NhYmluZXQvMTYwNy83MTYwNzA3NDAwXzEuanBnP2ZpdGluPTcwMDo3MDA=,NzM5Mi44MDAw,,6LuK55So5ZOB44O744OQ44Kk44Kv55So5ZOBID4g44Kr44O855So5ZOBID4g5YaF6KOF44OR44O844OEID4g44Kz44Oz44K944O844Or44Oc44OD44Kv44K5,44K344Ko44Oz44K/5bCC55So44Kz44Oz44K944O844Or44Oc44OD44Kv44K5IOaXpeacrOijvSAxNzDns7sgMTc157O7IDIwMTXlubQ35pyI772eIDE3MOWeiyAxNzXlnosgU0lFTlRBIOiMtuiJsiDlt6flt6XmiL8vQlNJQy0x,,44K344Ko44Oz44K/77yIMTcwLzE3Neezu++8ieWwgueUqOOCs+ODs+OCveODvOODq+ODnOODg+OCr+OCue+8gTxicj48YnI+5oSb6LuK44Gu44Kv44Kq44Oq44OG44Kj44Gv44Gd44Gu44G+44G+44Gr44CB5qmf6IO95oCn44Go44OH44K244Kk44Oz5oCnVVDjgpLov73lj4rjgZfjgZ/jg5Xjgqnjg6vjg6DjgII8YnI+5bCC55So6Kit6KiI44Gg44GL44KJ57SU5q2j44Gu44KI44GG44Gr44K444Oj44K544OI44OV44Kj44OD44OI44CCPGJyPuS9v+OBhOOChOOBmeOBleOBqOOAgeWPjue0jeWKm+OCkuWun+ePvuOAgjxicj48YnI+44CQ54m55b6044CRPGJyPuKXj+OCt+ODvOODiOOCkuOCueODqeOCpOODieOBleOBm+OBpuOCguWFheWIhuapn+iDveOBmeOCi+WwgueUqOioreioiDxicj7il4/oo73lk4HjgYzjgrfjg7zjg4jjgajlubLmuInjgZfjgb7jgZvjgpPjgII8YnI+4peP5Y+W5LuY44GR57Ch5Y2Y44Gn44K444Oj44K544OI44OV44Kj44OD44OI44CC57SU5q2j5oyH5ZCR44Gu5Lq644Gr44OU44OD44K/44Oq44Gn44GZ44CCPGJyPuKXj+WuieW/g+OBruaXpeacrOijveOBp+OBmeOAgjxicj4g4peP5aSp5p2/44GM44OI44Os44O844Go44GX44Gm5L2/55So44Gn44GN44G+44GZ44CCPGJyPiDoqK3nva7jgoLjgrfjg7zjg4jjgajjgrfjg7zjg4jjga7plpPjgavjga/jgZXjgb/jgZPjgoDjgaDjgZHjgafnsKHljZghPGJyPiE8YnI+IOKXj+aQuuW4r+ODm+ODq+ODgOODvC/jg4njg6rjg7Pjgq/jg5vjg6vjg4Djg7zku5jjgY3jgafjgZnjgII8YnI+IOKXj+ODhuOCo+ODg+OCt+ODpeODnOODg+OCr+OCueOBjOWPjue0jeOBp+OBjeOBvuOBmeOAgjxicj4gPGJyPiDjgJDku5Xmp5jjgJE8YnI+IOijveWTgeOCteOCpOOCuu+8mlfntIQxNjBtbcOXROe0hDUyMG1tw5dI57SEMjk1bW08YnI+IOWPjue0jeOCueODmuODvOOCueOBruOCteOCpOOCuu+8mlfntIQxMjBtbcOXROe0hDI5MG1tw5dI57SEMjE1bW08YnI+IOaQuuW4r+ODm+ODq+ODgOODvOOBruOCteOCpOOCuu+8mlfntIQxNW1tw5dE57SENzBtbcOXSOe0hDY4bW08YnI+IOODieODquODs+OCr+ODm+ODq+ODgOODvOOBruOCteOCpOOCuu+8muWGheW+hDcwbW08YnI+PGJyPuOAkOmBqeW/nOi7iueoruOAkTxicj4g4pag44OI44Oo44K/IOOCt+OCqOODs+OCvy9TaWVudGEg77yI5Z6L5byPUDE3MEcvUDE3NUflnosgMjAxNeW5tDfmnIjvvZ7vvIk8YnI+PGJyPuKWoOODoeODvOOCq+ODvO+8muW3p+W3peaIvzxicj48YnI+IOKWoOWTgeeVqu+8mkJTSUMtMTwhLS0g44GT44GT44GL44KJR+ODqeODs+OCreODs+OCsCAtLT4KPCEtLQo8ZGl2IHN0eWxlPSJoZWlnaHQ6MzU1cHg7IHdpZHRoOjY3NHB4OyBvdmVyZmxvdzpoaWRkZW47IG1hcmdpbi1ib3R0b206MTVweDsgbWFyZ2luLXRvcDotMjBweDsgcGFkZGluZzowIj4KPGJyIC8+CjwvZGl2PgotLT4KCjwhLS0g44GT44GT44G+44GnR+ODqeODs+OCreODs+OCsCAtLT4KPCEtLSDjgZPjgZPjgYvjgokg44Oq44Ki5Y+XIC0tPgo8ZGl2IHN0eWxlPSJ3aWR0aDo2NzRweDsgaGVpZ2h0OjMwcHg7IGJhY2tncm91bmQtaW1hZ2U6dXJsKCdodHRwOi8vd3d3LnJha3V0ZW4ubmUuanAvZ29sZC9ob3Ryb2FkcGFydHMvb3JkZXJzL2JucmwuanBnJyk7IGJhY2tncm91bmQtcmVwZWF0OiBuby1yZXBlYXQ7IiBhbGlnbj0iY2VudGVyIj4KICA8cCBzdHlsZT0iY29sb3I6IzU0NUQ3QzsgZm9udC1zaXplOjIwcHg7IGZvbnQtZmFtaWx5Oifjg5Ljg6njgq7jg47op5LjgrQgUHJvIFczJywgJ0hpcmFnaW5vIEtha3UgR290aGljIFBybycsICfjg6HjgqTjg6rjgqonLCBNZWlyeW8sIE9zYWthLCAn77yt77yzIO+8sOOCtOOCt+ODg+OCrycsICdNUyBQR290aGljJywgc2Fucy1zZXJpZjsgZm9udC13ZWlnaHQ6Ym9sZDsgbWFyZ2luOjA7IGxpbmUtaGVpZ2h0OjMwcHg7IHRleHQtYWxpZ246bGVmdDsgcGFkZGluZy1sZWZ0OjM1cHgiPlRoYW5rcyBGb3IgWW91ciBPcmRlcnM8L3A+PC9kaXY+CiAgPGRpdiBzdHlsZT0iYmFja2dyb3VuZC1jb2xvcjojRkZGRkZGOyB3aWR0aDo2NzJweDsgbWFyZ2luLWJvdHRvbToxNXB4OyBwYWRkaW5nOjA7IGhlaWdodDozNDVweDsgb3ZlcmZsb3c6aGlkZGVuOyBib3JkZXI6MXB4IHNvbGlkICM2NjY2NjY7Ij4KCjwvZGl2Pgo8IS0tIOOBk+OBk+OBvuOBpyDjg6rjgqLlj5cgLS0+CjwhLS0g44GT44GT44GL44KJIOODquOCouOCs+ODoSAtLT4KPGRpdiBzdHlsZT0id2lkdGg6Njc0cHg7IGhlaWdodDozMHB4OyBiYWNrZ3JvdW5kLWltYWdlOnVybCgnaHR0cDovL3d3dy5yYWt1dGVuLm5lLmpwL2dvbGQvaG90cm9hZHBhcnRzL29yZGVycy9ibnJsLmpwZycpOyBiYWNrZ3JvdW5kLXJlcGVhdDogbm8tcmVwZWF0OyIgYWxpZ249ImNlbnRlciI+CiAgPHAgc3R5bGU9ImNvbG9yOiM1NDVEN0M7IGZvbnQtc2l6ZToyMHB4OyBmb250LWZhbWlseTon44OS44Op44Ku44OO6KeS44K0IFBybyBXMycsICdIaXJhZ2lubyBLYWt1IEdvdGhpYyBQcm8nLCAn44Oh44Kk44Oq44KqJywgTWVpcnlvLCBPc2FrYSwgJ++8re+8syDvvLDjgrTjgrfjg4Pjgq8nLCAnTVMgUEdvdGhpYycsIHNhbnMtc2VyaWY7IGZvbnQtd2VpZ2h0OmJvbGQ7IG1hcmdpbjowOyBsaW5lLWhlaWdodDozMHB4OyB0ZXh0LWFsaWduOmxlZnQ7IHBhZGRpbmctbGVmdDozNXB4Ij5SZXZpZXdzIE9mIE91ciBDb25zdW1lcnM8L3A+PC9kaXY+CiAgPGRpdiBzdHlsZT0iYmFja2dyb3VuZC1jb2xvcjojRkZGRkZGOyB3aWR0aDo2NzJweDsgbWFyZ2luLWJvdHRvbToxNXB4OyBwYWRkaW5nOjA7IGhlaWdodDozNzBweDsgb3ZlcmZsb3c6aGlkZGVuOyBib3JkZXI6MXB4IHNvbGlkICM2NjY2NjY7Ij4KCjwvZGl2Pgo8IS0tIOOBk+OBk+OBvuOBpyDjg6rjgqLjgrPjg6EgLS0+CgoKPHRhYmxlIHdpZHRoPSI2ODAiIGJvcmRlcj0iMCIgY2VsbHBhZGRpbmc9IjIiIGNlbGxzcGFjaW5nPSIwIj4KPHRyPgo8dGQgYWxpZ249ImNlbnRlciI+PGltZyBzcmM9Imh0dHA6Ly9pbWFnZS5yYWt1dGVuLmNvLmpwL2hvdHJvYWRwYXJ0cy9jYWJpbmV0L2Jhbm5lci8yMDEzMDQyOV8wMDguanBnIiB3aWR0aD0iMzM2IiBoZWlnaHQ9IjcwIiBib3JkZXI9IjAiPjwvdGQ+Cjx0ZCBjb2xzcGFuPSIyIiBhbGlnbj0iY2VudGVyIj48aW1nIHNyYz0iaHR0cDovL2ltYWdlLnJha3V0ZW4uY28uanAvaG90cm9hZHBhcnRzL2NhYmluZXQvYmFubmVyLzIwMTMwNDI5XzAwNy5qcGciIHdpZHRoPSIzMzYiIGhlaWdodD0iNzAiIGJvcmRlcj0iMCI+PC90ZD4KPC90cj4KPHRyPgo8dGQgYWxpZ249ImNlbnRlciI+PGltZyBzcmM9Imh0dHA6Ly9pbWFnZS5yYWt1dGVuLmNvLmpwL2hvdHJvYWRwYXJ0cy9jYWJpbmV0L2Jhbm5lci8yMDEzMDQyOV8wMDYuanBnIiB3aWR0aD0iMzM2IiBoZWlnaHQ9IjcwIiBib3JkZXI9IjAiPjwvdGQ+Cjx0ZCBjb2xzcGFuPSIyIiBhbGlnbj0iY2VudGVyIj48aW1nIHNyYz0iaHR0cDovL2ltYWdlLnJha3V0ZW4uY28uanAvaG90cm9hZHBhcnRzL2NhYmluZXQvYmFubmVyLzIwMTMwNDI5XzAwNS5qcGciIHdpZHRoPSIzMzYiIGhlaWdodD0iNzAiIGJvcmRlcj0iMCI+PC90ZD4KPC90cj4KPC90YWJsZT4=,44K344Ko44Oz44K/5bCC55So44Kz44Oz44K944O844Or44Oc44OD44Kv44K5IOaXpeacrOijvSAxNzDns7sgMTc157O7IDIwMTXlubQ35pyI772eIDE3MOWeiyAxNzXlnosgU0lFTlRBIOiMtuiJsiDlt6flt6XmiL8vQlNJQy0x77ya44Kr44O855So5ZOB6YCa6LKp44Gu44Ob44OD44OI44Ot44O844OJ44OR44O844OE,44K344Ko44Oz44K/5bCC55So44Kz44Oz44K944O844Or44Oc44OD44Kv44K5IOaXpeacrOijvSAxNzDns7sgMTc157O7IDIwMTXlubQ35pyI772eIDE3MOWeiyAxNzXlnosgU0lFTlRBIOiMtuiJsiDlt6flt6XmiL8vQlNJQy0x,44CQ5byK56S+6ZmQ5a6a44CR6LuK56iu5bCC55So5ZOB44Gg44GL44KJ44GX44Gj44GL44KK44OV44Kj44OD44OI44CC44K344Ko44Oz44K/5bCC55So44Kz44Oz44K944O844Or44Oc44OD44Kv44K5IOaXpeacrOijvSAxNzDns7sgMTc157O7IDIwMTXlubQ35pyI772eIDE3MOWeiyAxNzXlnosgU0lFTlRBIOiMtuiJsiDlt6flt6XmiL8vQlNJQy0x[rn]
12-37263,aHR0cDovL3RzaG9wLnIxMHMuanAvaG90cm9hZHBhcnRzL2NhYmluZXQvMTAwNy8yMTAwNzMxNDAxXzEuanBnP2ZpdGluPTcwMDo3MDA=,OTQ4LjAwMDA=,,6LuK55So5ZOB44O744OQ44Kk44Kv55So5ZOBID4g44Kr44O855So5ZOBID4g5YaF6KOF44OR44O844OEID4g44Kz44Oz44K944O844Or44Oc44OD44Kv44K5,44OX44Oq44Km44K5IDMwIOODieODquODs+OCr+ODm+ODq+ODgOODvCDlsILnlKjoqK3oqIjjg5Xjg63jg7Pjg4jjgrPjg7Pjgr3jg7zjg6vnlKjjg4jjg6zjgqQg44Kw44Os44O8L+OCq+ODvOODoeOCpOODiCBOWjUwMi/jg5fjg6rjgqbjgrkoWlZXMzDns7svMjAwOeW5tDXmnIjvvZ4pLw==,,4pag6YGp5ZCI6LuK56iuPGJyPuODl+ODquOCpuOCuShaVlczMOezuy8yMDA55bm0NeaciO+9nik8YnI+PGJyPuODl+ODquOCpuOCueOBruOCu+ODs+OCv+ODvOODiOODrOOCpOWwgueUqOODieODquODs+OCr+ODm+ODq+ODgOODvCbjg4jjg6zjgqTjgII8YnI+5L2/44GE44KE44GZ44GE5aC05omA44Gr44OJ44Oq44Oz44Kv44Ob44Or44OA44O844GM6Kit572u44Gn44GN44G+44GZ44CC44OI44Os44Kk44Gv44Oe44OD44OI5LuY44GN44GnUEVU44Oc44OI44OrMuacrOWPjue0jeWPr+iDveOAgjxicj48YnI+PGJyPuOAkOeJuemVt+OAkTxicj7il4/jg5fjg6rjgqbjgrkoWlZXMzDns7sp44OV44Ot44Oz44OI44Kz44Oz44K944O844Or44OI44Os44Kk5bCC55So44Gu44OJ44Oq44Oz44Kv44Ob44Or44OA44O8JuODleODquODvOODiOODrOOCpOOBp+OBmeOAgjxicj7il4/nnYDohLHnsKHljZjjgILjg5Xjg63jg7Pjg4jjgrPjg7Pjgr3jg7zjg6vjg4jjg6zjgqTjgavjga/jgoHjgovjgaDjgZHjgILlt6XlhbfnrYnkuI3opoHjgafjgZnjgII8YnI+4peP44Oa44OD44OI44Oc44OI44OrMuacrOWPjue0jeWPr+iDveOAguODleODquODvOODiOODrOOCpOOBr+ODnuODg+ODiOS7mOOAgjxicj4q5b2i54q244Gr44KI44KK44CB5LiA6YOo44Gu44Oa44OD44OI44Oc44OI44Or44Gv5YWl44KJ44Gq44GE5aC05ZCI44GM44GC44KK44G+44GZ44CCPGJyPjxicj48YnI+44CQ5Y+W5LuY5pa55rOV44CRPGJyPuODleODreODs+ODiOOCs+ODs+OCveODvOODq+ODiOODrOOCpOOBrue0lOato+ODnuODg+ODiOOCkuWkluOBl+OAgeacrOWTgeOCkuOBr+OCgei+vOOCk+OBp+OBj+OBoOOBleOBhOOAgjxicj48YnI+44OJ44Oq44Oz44Kv44Ob44Or44OA44O844Gv44CBMzUwbWznvLbjgYvjgok1MDBtbOODmuODg+ODiOODnOODiOODq+etieOBruODieODquODs+OCr+OChOODnOODiOODq+aWueeBsOeav+OCkuODm+ODvOODq+ODieOAgjxicj7jg7vnm7TlvoQ2OG1t44G+44Gn44Gu44KC44Gu44GM5YWl44KK44G+44GZ44CCPGJyPuODu+W9oueKtuOBq+OCiOOBo+OBpuOBr+WuieWumuOBl+OBquOBhOWgtOWQiOOBjOOBguOCiuOBvuOBmeOAgjxicj7jg7vpq5jjgZXjgYwyMDhtbeS7peS4iuOBruODnOODiOODq+OBr+WFpeOCiuOBvuOBm+OCk+OAgjxicj48YnI+PGJyPuKWoOS7leanmDxicj7pganlkIjou4rnqK7vvJrjg5fjg6rjgqbjgrnvvIhaVlczMOezuy8yMDA55bm0NeaciO+9nu+8iTxicj7jgqvjg6njg7zvvJrjgrDjg6zjg7zvvIhHTEFZ77yJPGJyPuijveWTgemHjemHj++8mjE4MGc8YnI+6KO95ZOB44K144Kk44K677yaSDQyIHggVzIwMCBYIEQzMTVtbTxicj48YnI+44Oh44O844Kr44O877ya44Kr44O844Oh44Kk44OIPGJyPuWTgeeVqu+8mk5aNTAyPCEtLSDjgZPjgZPjgYvjgolH44Op44Oz44Kt44Oz44KwIC0tPgo8IS0tCjxkaXYgc3R5bGU9ImhlaWdodDozNTVweDsgd2lkdGg6Njc0cHg7IG92ZXJmbG93OmhpZGRlbjsgbWFyZ2luLWJvdHRvbToxNXB4OyBtYXJnaW4tdG9wOi0yMHB4OyBwYWRkaW5nOjAiPgo8YnIgLz4KPC9kaXY+Ci0tPgoKPCEtLSDjgZPjgZPjgb7jgadH44Op44Oz44Kt44Oz44KwIC0tPgo8IS0tIOOBk+OBk+OBi+OCiSDjg6rjgqLlj5cgLS0+CjxkaXYgc3R5bGU9IndpZHRoOjY3NHB4OyBoZWlnaHQ6MzBweDsgYmFja2dyb3VuZC1pbWFnZTp1cmwoJ2h0dHA6Ly93d3cucmFrdXRlbi5uZS5qcC9nb2xkL2hvdHJvYWRwYXJ0cy9vcmRlcnMvYm5ybC5qcGcnKTsgYmFja2dyb3VuZC1yZXBlYXQ6IG5vLXJlcGVhdDsiIGFsaWduPSJjZW50ZXIiPgogIDxwIHN0eWxlPSJjb2xvcjojNTQ1RDdDOyBmb250LXNpemU6MjBweDsgZm9udC1mYW1pbHk6J+ODkuODqeOCruODjuinkuOCtCBQcm8gVzMnLCAnSGlyYWdpbm8gS2FrdSBHb3RoaWMgUHJvJywgJ+ODoeOCpOODquOCqicsIE1laXJ5bywgT3Nha2EsICfvvK3vvLMg77yw44K044K344OD44KvJywgJ01TIFBHb3RoaWMnLCBzYW5zLXNlcmlmOyBmb250LXdlaWdodDpib2xkOyBtYXJnaW46MDsgbGluZS1oZWlnaHQ6MzBweDsgdGV4dC1hbGlnbjpsZWZ0OyBwYWRkaW5nLWxlZnQ6MzVweCI+VGhhbmtzIEZvciBZb3VyIE9yZGVyczwvcD48L2Rpdj4KICA8ZGl2IHN0eWxlPSJiYWNrZ3JvdW5kLWNvbG9yOiNGRkZGRkY7IHdpZHRoOjY3MnB4OyBtYXJnaW4tYm90dG9tOjE1cHg7IHBhZGRpbmc6MDsgaGVpZ2h0OjM0NXB4OyBvdmVyZmxvdzpoaWRkZW47IGJvcmRlcjoxcHggc29saWQgIzY2NjY2NjsiPgoKPC9kaXY+CjwhLS0g44GT44GT44G+44GnIOODquOCouWPlyAtLT4KPCEtLSDjgZPjgZPjgYvjgokg44Oq44Ki44Kz44OhIC0tPgo8ZGl2IHN0eWxlPSJ3aWR0aDo2NzRweDsgaGVpZ2h0OjMwcHg7IGJhY2tncm91bmQtaW1hZ2U6dXJsKCdodHRwOi8vd3d3LnJha3V0ZW4ubmUuanAvZ29sZC9ob3Ryb2FkcGFydHMvb3JkZXJzL2JucmwuanBnJyk7IGJhY2tncm91bmQtcmVwZWF0OiBuby1yZXBlYXQ7IiBhbGlnbj0iY2VudGVyIj4KICA8cCBzdHlsZT0iY29sb3I6IzU0NUQ3QzsgZm9udC1zaXplOjIwcHg7IGZvbnQtZmFtaWx5Oifjg5Ljg6njgq7jg47op5LjgrQgUHJvIFczJywgJ0hpcmFnaW5vIEtha3UgR290aGljIFBybycsICfjg6HjgqTjg6rjgqonLCBNZWlyeW8sIE9zYWthLCAn77yt77yzIO+8sOOCtOOCt+ODg+OCrycsICdNUyBQR290aGljJywgc2Fucy1zZXJpZjsgZm9udC13ZWlnaHQ6Ym9sZDsgbWFyZ2luOjA7IGxpbmUtaGVpZ2h0OjMwcHg7IHRleHQtYWxpZ246bGVmdDsgcGFkZGluZy1sZWZ0OjM1cHgiPlJldmlld3MgT2YgT3VyIENvbnN1bWVyczwvcD48L2Rpdj4KICA8ZGl2IHN0eWxlPSJiYWNrZ3JvdW5kLWNvbG9yOiNGRkZGRkY7IHdpZHRoOjY3MnB4OyBtYXJnaW4tYm90dG9tOjE1cHg7IHBhZGRpbmc6MDsgaGVpZ2h0OjM3MHB4OyBvdmVyZmxvdzpoaWRkZW47IGJvcmRlcjoxcHggc29saWQgIzY2NjY2NjsiPgoKPC9kaXY+CjwhLS0g44GT44GT44G+44GnIOODquOCouOCs+ODoSAtLT4KCgo8dGFibGUgd2lkdGg9IjY4MCIgYm9yZGVyPSIwIiBjZWxscGFkZGluZz0iMiIgY2VsbHNwYWNpbmc9IjAiPgo8dHI+Cjx0ZCBhbGlnbj0iY2VudGVyIj48aW1nIHNyYz0iaHR0cDovL2ltYWdlLnJha3V0ZW4uY28uanAvaG90cm9hZHBhcnRzL2NhYmluZXQvYmFubmVyLzIwMTMwNDI5XzAwOC5qcGciIHdpZHRoPSIzMzYiIGhlaWdodD0iNzAiIGJvcmRlcj0iMCI+PC90ZD4KPHRkIGNvbHNwYW49IjIiIGFsaWduPSJjZW50ZXIiPjxpbWcgc3JjPSJodHRwOi8vaW1hZ2UucmFrdXRlbi5jby5qcC9ob3Ryb2FkcGFydHMvY2FiaW5ldC9iYW5uZXIvMjAxMzA0MjlfMDA3LmpwZyIgd2lkdGg9IjMzNiIgaGVpZ2h0PSI3MCIgYm9yZGVyPSIwIj48L3RkPgo8L3RyPgo8dHI+Cjx0ZCBhbGlnbj0iY2VudGVyIj48aW1nIHNyYz0iaHR0cDovL2ltYWdlLnJha3V0ZW4uY28uanAvaG90cm9hZHBhcnRzL2NhYmluZXQvYmFubmVyLzIwMTMwNDI5XzAwNi5qcGciIHdpZHRoPSIzMzYiIGhlaWdodD0iNzAiIGJvcmRlcj0iMCI+PC90ZD4KPHRkIGNvbHNwYW49IjIiIGFsaWduPSJjZW50ZXIiPjxpbWcgc3JjPSJodHRwOi8vaW1hZ2UucmFrdXRlbi5jby5qcC9ob3Ryb2FkcGFydHMvY2FiaW5ldC9iYW5uZXIvMjAxMzA0MjlfMDA1LmpwZyIgd2lkdGg9IjMzNiIgaGVpZ2h0PSI3MCIgYm9yZGVyPSIwIj48L3RkPgo8L3RyPgo8L3RhYmxlPg==,44OX44Oq44Km44K5IDMwIOODieODquODs+OCr+ODm+ODq+ODgOODvCDlsILnlKjoqK3oqIjjg5Xjg63jg7Pjg4jjgrPjg7Pjgr3jg7zjg6vnlKjjg4jjg6zjgqQg44Kw44Os44O8L+OCq+ODvOODoeOCpOODiCBOWjUwMi/jg5fjg6rjgqbjgrkoWlZXMzDns7svMjAwOeW5tDXmnIjvvZ4pL++8muOCq+ODvOeUqOWTgemAmuiyqeOBruODm+ODg+ODiOODreODvOODieODkeODvOODhA==,44OX44Oq44Km44K5IDMwIOODieODquODs+OCr+ODm+ODq+ODgOODvCDlsILnlKjoqK3oqIjjg5Xjg63jg7Pjg4jjgrPjg7Pjgr3jg7zjg6vnlKjjg4jjg6zjgqQg44Kw44Os44O8L+OCq+ODvOODoeOCpOODiCBOWjUwMi/jg5fjg6rjgqbjgrkoWlZXMzDns7svMjAwOeW5tDXmnIjvvZ4pLw==,MzDjg5fjg6rjgqbjgrkg5YaF6KOF6Imy44Kw44Os44O855So44OJ44Oq44Oz44Kv44Ob44Or44OA44O844OI44Os44Kk44CC44OX44Oq44Km44K5IDMwIOODieODquODs+OCr+ODm+ODq+ODgOODvCDlsILnlKjoqK3oqIjjg5Xjg63jg7Pjg4jjgrPjg7Pjgr3jg7zjg6vnlKjjg4jjg6zjgqQg44Kw44Os44O8L+OCq+ODvOODoeOCpOODiCBOWjUwMi/jg5fjg6rjgqbjgrkoWlZXMzDns7svMjAwOeW5tDXmnIjvvZ4pLw==[rn]
12-37264,aHR0cDovL3RzaG9wLnIxMHMuanAvaG90cm9hZHBhcnRzL2NhYmluZXQvMDkwNS8yMDkwNTExNDA3XzEuanBnP2ZpdGluPTcwMDo3MDA=,NjA5NS4yMDAw,,6LuK55So5ZOB44O744OQ44Kk44Kv55So5ZOBID4g44Kr44O855So5ZOBID4g5YaF6KOF44OR44O844OEID4g44Kz44Oz44K944O844Or44Oc44OD44Kv44K5,44K344O844Ko44O8IDIwMOezu+ODj+OCpOOCqOODvOOCueWwgueUqCDjgqLjg7zjg6Djg6zjgrnjg4gg44OW44Op44OD44KvIDLlgIvjgrvjg4Pjg4ggQS0yNTgvMjAw57O744OP44Kk44Ko44O844K55bCC55SoLw==,,4pag6YGp5ZCI6LuK56iuPGJyPjIwMOezu+ODj+OCpOOCqOODvOOCueWwgueUqDxicj48YnI+57SU5q2j44Gu44KI44GG44Gq44OV44Kj44OD44OI5oSf77yBPGJyPjIwMOezu+ODj+OCpOOCqOODvOOCuSbjg6zjgrjjgqLjgrnjgqjjg7zjgrnlsILnlKjjgqLjg7zjg6Djg6zjgrnjg4jvvIE8YnI+PGJyPuW/q+mBqeOBquODieODqeOCpOODluOBrueCuuOBruW/hemgiOOCouOCpOODhuODoO+8ge+8geOCv+ODkOOCs+OAgeaQuuW4r+OBquOBqeOBruWPjue0jeS7mO+8gTxicj7jg5XjgqfjgqTjgq/jg6zjgrbjg7zntKDmnZDjga7lsILnlKjogpjmjps8YnI+5Y+O57SN44Oc44OD44Kv44K55LuY44GNPGJyPjxicj7jgrXjgqTjgrrvvJpXMTAww5dEMjk1w5dIMjEwbW08YnI+5YCL5pWw77ya5bem5Y+zMuWAi+OCu+ODg+ODiDxicj7jgqvjg6njg7zvvJrjg5bjg6njg4Pjgq88YnI+44Oh44O844Kr44O85ZOB55Wq77yaQS0yNTg8YnI+PGJyPiog57SU5q2j44Kz44Oz44K944O844Or44Gu5YaK5a2Q5Y+O57SN6YOo44GM6KOF5YKZ44GV44KM44Gm44GE44KL44Kw44Os44O844OJ44Gr6ZmQ44KK44G+44GZ44CCPCEtLSDjgZPjgZPjgYvjgolH44Op44Oz44Kt44Oz44KwIC0tPgo8IS0tCjxkaXYgc3R5bGU9ImhlaWdodDozNTVweDsgd2lkdGg6Njc0cHg7IG92ZXJmbG93OmhpZGRlbjsgbWFyZ2luLWJvdHRvbToxNXB4OyBtYXJnaW4tdG9wOi0yMHB4OyBwYWRkaW5nOjAiPgo8YnIgLz4KPC9kaXY+Ci0tPgoKPCEtLSDjgZPjgZPjgb7jgadH44Op44Oz44Kt44Oz44KwIC0tPgo8IS0tIOOBk+OBk+OBi+OCiSDjg6rjgqLlj5cgLS0+CjxkaXYgc3R5bGU9IndpZHRoOjY3NHB4OyBoZWlnaHQ6MzBweDsgYmFja2dyb3VuZC1pbWFnZTp1cmwoJ2h0dHA6Ly93d3cucmFrdXRlbi5uZS5qcC9nb2xkL2hvdHJvYWRwYXJ0cy9vcmRlcnMvYm5ybC5qcGcnKTsgYmFja2dyb3VuZC1yZXBlYXQ6IG5vLXJlcGVhdDsiIGFsaWduPSJjZW50ZXIiPgogIDxwIHN0eWxlPSJjb2xvcjojNTQ1RDdDOyBmb250LXNpemU6MjBweDsgZm9udC1mYW1pbHk6J+ODkuODqeOCruODjuinkuOCtCBQcm8gVzMnLCAnSGlyYWdpbm8gS2FrdSBHb3RoaWMgUHJvJywgJ+ODoeOCpOODquOCqicsIE1laXJ5bywgT3Nha2EsICfvvK3vvLMg77yw44K044K344OD44KvJywgJ01TIFBHb3RoaWMnLCBzYW5zLXNlcmlmOyBmb250LXdlaWdodDpib2xkOyBtYXJnaW46MDsgbGluZS1oZWlnaHQ6MzBweDsgdGV4dC1hbGlnbjpsZWZ0OyBwYWRkaW5nLWxlZnQ6MzVweCI+VGhhbmtzIEZvciBZb3VyIE9yZGVyczwvcD48L2Rpdj4KICA8ZGl2IHN0eWxlPSJiYWNrZ3JvdW5kLWNvbG9yOiNGRkZGRkY7IHdpZHRoOjY3MnB4OyBtYXJnaW4tYm90dG9tOjE1cHg7IHBhZGRpbmc6MDsgaGVpZ2h0OjM0NXB4OyBvdmVyZmxvdzpoaWRkZW47IGJvcmRlcjoxcHggc29saWQgIzY2NjY2NjsiPgoKPC9kaXY+CjwhLS0g44GT44GT44G+44GnIOODquOCouWPlyAtLT4KPCEtLSDjgZPjgZPjgYvjgokg44Oq44Ki44Kz44OhIC0tPgo8ZGl2IHN0eWxlPSJ3aWR0aDo2NzRweDsgaGVpZ2h0OjMwcHg7IGJhY2tncm91bmQtaW1hZ2U6dXJsKCdodHRwOi8vd3d3LnJha3V0ZW4ubmUuanAvZ29sZC9ob3Ryb2FkcGFydHMvb3JkZXJzL2JucmwuanBnJyk7IGJhY2tncm91bmQtcmVwZWF0OiBuby1yZXBlYXQ7IiBhbGlnbj0iY2VudGVyIj4KICA8cCBzdHlsZT0iY29sb3I6IzU0NUQ3QzsgZm9udC1zaXplOjIwcHg7IGZvbnQtZmFtaWx5Oifjg5Ljg6njgq7jg47op5LjgrQgUHJvIFczJywgJ0hpcmFnaW5vIEtha3UgR290aGljIFBybycsICfjg6HjgqTjg6rjgqonLCBNZWlyeW8sIE9zYWthLCAn77yt77yzIO+8sOOCtOOCt+ODg+OCrycsICdNUyBQR290aGljJywgc2Fucy1zZXJpZjsgZm9udC13ZWlnaHQ6Ym9sZDsgbWFyZ2luOjA7IGxpbmUtaGVpZ2h0OjMwcHg7IHRleHQtYWxpZ246bGVmdDsgcGFkZGluZy1sZWZ0OjM1cHgiPlJldmlld3MgT2YgT3VyIENvbnN1bWVyczwvcD48L2Rpdj4KICA8ZGl2IHN0eWxlPSJiYWNrZ3JvdW5kLWNvbG9yOiNGRkZGRkY7IHdpZHRoOjY3MnB4OyBtYXJnaW4tYm90dG9tOjE1cHg7IHBhZGRpbmc6MDsgaGVpZ2h0OjM3MHB4OyBvdmVyZmxvdzpoaWRkZW47IGJvcmRlcjoxcHggc29saWQgIzY2NjY2NjsiPgoKPC9kaXY+CjwhLS0g44GT44GT44G+44GnIOODquOCouOCs+ODoSAtLT4KCgo8dGFibGUgd2lkdGg9IjY4MCIgYm9yZGVyPSIwIiBjZWxscGFkZGluZz0iMiIgY2VsbHNwYWNpbmc9IjAiPgo8dHI+Cjx0ZCBhbGlnbj0iY2VudGVyIj48aW1nIHNyYz0iaHR0cDovL2ltYWdlLnJha3V0ZW4uY28uanAvaG90cm9hZHBhcnRzL2NhYmluZXQvYmFubmVyLzIwMTMwNDI5XzAwOC5qcGciIHdpZHRoPSIzMzYiIGhlaWdodD0iNzAiIGJvcmRlcj0iMCI+PC90ZD4KPHRkIGNvbHNwYW49IjIiIGFsaWduPSJjZW50ZXIiPjxpbWcgc3JjPSJodHRwOi8vaW1hZ2UucmFrdXRlbi5jby5qcC9ob3Ryb2FkcGFydHMvY2FiaW5ldC9iYW5uZXIvMjAxMzA0MjlfMDA3LmpwZyIgd2lkdGg9IjMzNiIgaGVpZ2h0PSI3MCIgYm9yZGVyPSIwIj48L3RkPgo8L3RyPgo8dHI+Cjx0ZCBhbGlnbj0iY2VudGVyIj48aW1nIHNyYz0iaHR0cDovL2ltYWdlLnJha3V0ZW4uY28uanAvaG90cm9hZHBhcnRzL2NhYmluZXQvYmFubmVyLzIwMTMwNDI5XzAwNi5qcGciIHdpZHRoPSIzMzYiIGhlaWdodD0iNzAiIGJvcmRlcj0iMCI+PC90ZD4KPHRkIGNvbHNwYW49IjIiIGFsaWduPSJjZW50ZXIiPjxpbWcgc3JjPSJodHRwOi8vaW1hZ2UucmFrdXRlbi5jby5qcC9ob3Ryb2FkcGFydHMvY2FiaW5ldC9iYW5uZXIvMjAxMzA0MjlfMDA1LmpwZyIgd2lkdGg9IjMzNiIgaGVpZ2h0PSI3MCIgYm9yZGVyPSIwIj48L3RkPgo8L3RyPgo8L3RhYmxlPg==,44K344O844Ko44O8IDIwMOezu+ODj+OCpOOCqOODvOOCueWwgueUqCDjgqLjg7zjg6Djg6zjgrnjg4gg44OW44Op44OD44KvIDLlgIvjgrvjg4Pjg4ggQS0yNTgvMjAw57O744OP44Kk44Ko44O844K55bCC55SoL++8muOCq+ODvOeUqOWTgemAmuiyqeOBruODm+ODg+ODiOODreODvOODieODkeODvOODhA==,44K344O844Ko44O8IDIwMOezu+ODj+OCpOOCqOODvOOCueWwgueUqCDjgqLjg7zjg6Djg6zjgrnjg4gg44OW44Op44OD44KvIDLlgIvjgrvjg4Pjg4ggQS0yNTgvMjAw57O744OP44Kk44Ko44O844K55bCC55SoLw==,44K344O844Ko44O8IDIwMOezu+ODj+OCpOOCqOODvOOCueWwgueUqCDjgqLjg7zjg6Djg6zjgrnjg4gg44OW44Op44OD44KvIDLlgIvjgrvjg4Pjg4ggQS0yNTgvMjAw57O744OP44Kk44Ko44O844K55bCC55SoLw==[rn]
12-37265,aHR0cDovL3RzaG9wLnIxMHMuanAvaG90cm9hZHBhcnRzL2NhYmluZXQvMDkwNS8yMDkwNTExNDA2XzEuanBnP2ZpdGluPTcwMDo3MDA=,NjA5NS4yMDAw,,6LuK55So5ZOB44O744OQ44Kk44Kv55So5ZOBID4g44Kr44O855So5ZOBID4g5YaF6KOF44OR44O844OEID4g44Kz44Oz44K944O844Or44Oc44OD44Kv44K5,44K344O844Ko44O8IDIwMOezu+ODj+OCpOOCqOODvOOCueWwgueUqCDjgqLjg7zjg6Djg6zjgrnjg4gg44Kw44Os44O8IDLlgIvjgrvjg4Pjg4ggQS0yNTcvMjAw57O744OP44Kk44Ko44O844K55bCC55SoLw==,,4pag6YGp5ZCI6LuK56iuPGJyPjIwMOezu+ODj+OCpOOCqOODvOOCueWwgueUqDxicj48YnI+57SU5q2j44Gu44KI44GG44Gq44OV44Kj44OD44OI5oSf77yBPGJyPjIwMOezu+ODj+OCpOOCqOODvOOCuSbjg6zjgrjjgqLjgrnjgqjjg7zjgrnlsILnlKjjgqLjg7zjg6Djg6zjgrnjg4jvvIE8YnI+PGJyPuW/q+mBqeOBquODieODqeOCpOODluOBrueCuuOBruW/hemgiOOCouOCpOODhuODoO+8ge+8geOCv+ODkOOCs+OAgeaQuuW4r+OBquOBqeOBruWPjue0jeS7mO+8gTxicj7jg5XjgqfjgqTjgq/jg6zjgrbjg7zntKDmnZDjga7lsILnlKjogpjmjps8YnI+5Y+O57SN44Oc44OD44Kv44K55LuY44GNPGJyPjxicj7jgrXjgqTjgrrvvJpXMTAww5dEMjk1w5dIMjEwbW08YnI+5YCL5pWw77ya5bem5Y+zMuWAi+OCu+ODg+ODiDxicj7jgqvjg6njg7zvvJrjgrDjg6zjg7w8YnI+44Oh44O844Kr44O85ZOB55Wq77yaQS0yNTc8YnI+PGJyPiog57SU5q2j44Kz44Oz44K944O844Or44Gu5YaK5a2Q5Y+O57SN6YOo44GM6KOF5YKZ44GV44KM44Gm44GE44KL44Kw44Os44O844OJ44Gr6ZmQ44KK44G+44GZ44CCPCEtLSDjgZPjgZPjgYvjgolH44Op44Oz44Kt44Oz44KwIC0tPgo8IS0tCjxkaXYgc3R5bGU9ImhlaWdodDozNTVweDsgd2lkdGg6Njc0cHg7IG92ZXJmbG93OmhpZGRlbjsgbWFyZ2luLWJvdHRvbToxNXB4OyBtYXJnaW4tdG9wOi0yMHB4OyBwYWRkaW5nOjAiPgo8YnIgLz4KPC9kaXY+Ci0tPgoKPCEtLSDjgZPjgZPjgb7jgadH44Op44Oz44Kt44Oz44KwIC0tPgo8IS0tIOOBk+OBk+OBi+OCiSDjg6rjgqLlj5cgLS0+CjxkaXYgc3R5bGU9IndpZHRoOjY3NHB4OyBoZWlnaHQ6MzBweDsgYmFja2dyb3VuZC1pbWFnZTp1cmwoJ2h0dHA6Ly93d3cucmFrdXRlbi5uZS5qcC9nb2xkL2hvdHJvYWRwYXJ0cy9vcmRlcnMvYm5ybC5qcGcnKTsgYmFja2dyb3VuZC1yZXBlYXQ6IG5vLXJlcGVhdDsiIGFsaWduPSJjZW50ZXIiPgogIDxwIHN0eWxlPSJjb2xvcjojNTQ1RDdDOyBmb250LXNpemU6MjBweDsgZm9udC1mYW1pbHk6J+ODkuODqeOCruODjuinkuOCtCBQcm8gVzMnLCAnSGlyYWdpbm8gS2FrdSBHb3RoaWMgUHJvJywgJ+ODoeOCpOODquOCqicsIE1laXJ5bywgT3Nha2EsICfvvK3vvLMg77yw44K044K344OD44KvJywgJ01TIFBHb3RoaWMnLCBzYW5zLXNlcmlmOyBmb250LXdlaWdodDpib2xkOyBtYXJnaW46MDsgbGluZS1oZWlnaHQ6MzBweDsgdGV4dC1hbGlnbjpsZWZ0OyBwYWRkaW5nLWxlZnQ6MzVweCI+VGhhbmtzIEZvciBZb3VyIE9yZGVyczwvcD48L2Rpdj4KICA8ZGl2IHN0eWxlPSJiYWNrZ3JvdW5kLWNvbG9yOiNGRkZGRkY7IHdpZHRoOjY3MnB4OyBtYXJnaW4tYm90dG9tOjE1cHg7IHBhZGRpbmc6MDsgaGVpZ2h0OjM0NXB4OyBvdmVyZmxvdzpoaWRkZW47IGJvcmRlcjoxcHggc29saWQgIzY2NjY2NjsiPgoKPC9kaXY+CjwhLS0g44GT44GT44G+44GnIOODquOCouWPlyAtLT4KPCEtLSDjgZPjgZPjgYvjgokg44Oq44Ki44Kz44OhIC0tPgo8ZGl2IHN0eWxlPSJ3aWR0aDo2NzRweDsgaGVpZ2h0OjMwcHg7IGJhY2tncm91bmQtaW1hZ2U6dXJsKCdodHRwOi8vd3d3LnJha3V0ZW4ubmUuanAvZ29sZC9ob3Ryb2FkcGFydHMvb3JkZXJzL2JucmwuanBnJyk7IGJhY2tncm91bmQtcmVwZWF0OiBuby1yZXBlYXQ7IiBhbGlnbj0iY2VudGVyIj4KICA8cCBzdHlsZT0iY29sb3I6IzU0NUQ3QzsgZm9udC1zaXplOjIwcHg7IGZvbnQtZmFtaWx5Oifjg5Ljg6njgq7jg47op5LjgrQgUHJvIFczJywgJ0hpcmFnaW5vIEtha3UgR290aGljIFBybycsICfjg6HjgqTjg6rjgqonLCBNZWlyeW8sIE9zYWthLCAn77yt77yzIO+8sOOCtOOCt+ODg+OCrycsICdNUyBQR290aGljJywgc2Fucy1zZXJpZjsgZm9udC13ZWlnaHQ6Ym9sZDsgbWFyZ2luOjA7IGxpbmUtaGVpZ2h0OjMwcHg7IHRleHQtYWxpZ246bGVmdDsgcGFkZGluZy1sZWZ0OjM1cHgiPlJldmlld3MgT2YgT3VyIENvbnN1bWVyczwvcD48L2Rpdj4KICA8ZGl2IHN0eWxlPSJiYWNrZ3JvdW5kLWNvbG9yOiNGRkZGRkY7IHdpZHRoOjY3MnB4OyBtYXJnaW4tYm90dG9tOjE1cHg7IHBhZGRpbmc6MDsgaGVpZ2h0OjM3MHB4OyBvdmVyZmxvdzpoaWRkZW47IGJvcmRlcjoxcHggc29saWQgIzY2NjY2NjsiPgoKPC9kaXY+CjwhLS0g44GT44GT44G+44GnIOODquOCouOCs+ODoSAtLT4KCgo8dGFibGUgd2lkdGg9IjY4MCIgYm9yZGVyPSIwIiBjZWxscGFkZGluZz0iMiIgY2VsbHNwYWNpbmc9IjAiPgo8dHI+Cjx0ZCBhbGlnbj0iY2VudGVyIj48aW1nIHNyYz0iaHR0cDovL2ltYWdlLnJha3V0ZW4uY28uanAvaG90cm9hZHBhcnRzL2NhYmluZXQvYmFubmVyLzIwMTMwNDI5XzAwOC5qcGciIHdpZHRoPSIzMzYiIGhlaWdodD0iNzAiIGJvcmRlcj0iMCI+PC90ZD4KPHRkIGNvbHNwYW49IjIiIGFsaWduPSJjZW50ZXIiPjxpbWcgc3JjPSJodHRwOi8vaW1hZ2UucmFrdXRlbi5jby5qcC9ob3Ryb2FkcGFydHMvY2FiaW5ldC9iYW5uZXIvMjAxMzA0MjlfMDA3LmpwZyIgd2lkdGg9IjMzNiIgaGVpZ2h0PSI3MCIgYm9yZGVyPSIwIj48L3RkPgo8L3RyPgo8dHI+Cjx0ZCBhbGlnbj0iY2VudGVyIj48aW1nIHNyYz0iaHR0cDovL2ltYWdlLnJha3V0ZW4uY28uanAvaG90cm9hZHBhcnRzL2NhYmluZXQvYmFubmVyLzIwMTMwNDI5XzAwNi5qcGciIHdpZHRoPSIzMzYiIGhlaWdodD0iNzAiIGJvcmRlcj0iMCI+PC90ZD4KPHRkIGNvbHNwYW49IjIiIGFsaWduPSJjZW50ZXIiPjxpbWcgc3JjPSJodHRwOi8vaW1hZ2UucmFrdXRlbi5jby5qcC9ob3Ryb2FkcGFydHMvY2FiaW5ldC9iYW5uZXIvMjAxMzA0MjlfMDA1LmpwZyIgd2lkdGg9IjMzNiIgaGVpZ2h0PSI3MCIgYm9yZGVyPSIwIj48L3RkPgo8L3RyPgo8L3RhYmxlPg==,44K344O844Ko44O8IDIwMOezu+ODj+OCpOOCqOODvOOCueWwgueUqCDjgqLjg7zjg6Djg6zjgrnjg4gg44Kw44Os44O8IDLlgIvjgrvjg4Pjg4ggQS0yNTcvMjAw57O744OP44Kk44Ko44O844K55bCC55SoL++8muOCq+ODvOeUqOWTgemAmuiyqeOBruODm+ODg+ODiOODreODvOODieODkeODvOODhA==,44K344O844Ko44O8IDIwMOezu+ODj+OCpOOCqOODvOOCueWwgueUqCDjgqLjg7zjg6Djg6zjgrnjg4gg44Kw44Os44O8IDLlgIvjgrvjg4Pjg4ggQS0yNTcvMjAw57O744OP44Kk44Ko44O844K55bCC55SoLw==,44K344O844Ko44O8IDIwMOezu+ODj+OCpOOCqOODvOOCueWwgueUqCDjgqLjg7zjg6Djg6zjgrnjg4gg44Kw44Os44O8IDLlgIvjgrvjg4Pjg4ggQS0yNTcvMjAw57O744OP44Kk44Ko44O844K55bCC55SoLw==[rn]
12-37266,aHR0cDovL3RzaG9wLnIxMHMuanAvYXVjLWF1dG9tYXgvY2FiaW5ldC8wMjU2NTcxNy9pbWc2NDIyMTM3Mi5qcGc/Zml0aW49NzAwOjcwMA==,MTY4MC4wMDAw,,6LuK55So5ZOB44O744OQ44Kk44Kv55So5ZOBID4g44Kr44O855So5ZOBID4g5YaF6KOF44OR44O844OEID4g44OV44Kj44Or44Og77yI44K544Oi44O844Kv77yJID4g44OI44Oo44K/55So,44GC44GZ5qW9IOWvvuW/nCDjg6rjgqIgKGIpIOODnuOCuOOCp+OCueOCvyBTMTgg44Kr44OD44OI5riI44G/IOOCq+ODvOODleOCo+ODq+ODoCDou4rnqK7liKUg44K544Oi44O844KvIOOCu+ODg+ODiCDou4rnqK7lsILnlKgg44Km44Kk44Oz44OJ44KmIOeqk+OCrOODqeOCuSDmiJDlvaIg44OV44Kk44Or44OgVVbjgqvjg4Pjg4gg44OP44O844OJ44Kz44O844OIIERJWSDmlr3lt6Ug5pa55rOVIOiyvOOCiuaWuSAz56iu6aGe44Gu6YCP6YGO546H6YCa6LKpIOWkp+mYqiDjgJDllYblk4HkuIDopqfjgJE=,,PENFTlRFUj48aW1nIHNyYz1odHRwOi8vaW1hZ2UucmFrdXRlbi5jby5qcC9hdWMtYXV0b21heC9jYWJpbmV0LzAzNDA2NjM4L2ltZ3JjMDA2ODE3NjkyMS5naWYgd2lkdGg9NjAwPjwvY2VudGVyPjxCUj48Q0VOVEVSPjxCUj48Rk9OVCBTSVpFPTUgQ09MT1I9I2ZmMDAwMD7lvZPlupfjga7jgqvjg4Pjg4jmuIjjgb/jgqvjg7zjg5XjgqPjg6vjg6Djga88L0ZPTlQ+PEJSPjxGT05UIFNJWkU9NSBDT0xPUj0jZmYwMDAwPjxCPk1BREXjgIBJTuOAgEpBUEFO44CAPC9CPjwvRk9OVD48QlI+PEZPTlQgU0laRT01IENPTE9SPSNmZjAwMDA+77yI57Sr5aSW57eaVVbjgIA5Oe+8heOCq+ODg+ODiO+8ieOBp+OBmeOAgjwvRk9OVD48QlI+PFRSPiA8VEQgSEVJR0hUPTY+PC9URD4gPFREIEhFSUdIVD02PjwvVEQ+IDxURCBIRUlHSFQ9Nj48L1REPiA8L1RSPjxCUj48Q0VOVEVSPjxGT05UIENPTE9SPSNDQ0JCQUEgU0laRT00PjxCPjwvQj48L0ZPTlQ+PEJSPjxCUj48VEFCTEUgV0lEVEg9NjAwIENFTExTUEFDSU5HPTEgQk9SREVSPTAgQ0VMTFBBRERJTkc9MSBCR0NPTE9SPSNDQ0NDQ0M+PFRSPjxURCBCR0NPTE9SPSNGRjdGNTA+PFRBQkxFIFdJRFRIPTEwMCUgQ0VMTFNQQUNJTkc9MiBCT1JERVI9MCBDRUxMUEFERElORz01PjxUUj48VEQgQUxJR049bGVmdCBCR0NPTE9SPSNGRjdGNTA+PEZPTlQgQ09MT1I9IzMzMzMzMyBTSVpFPTM+PEI+4piF4piF5ZWG5ZOB6Kqs5piO4piF4piFPC9CPjwvRk9OVD48L1REPjwvVFI+PC9UQUJMRT48VEFCTEUgV0lEVEg9MTAwJSBDRUxMU1BBQ0lORz0yIEJPUkRFUj0wIENFTExQQURESU5HPTA+PFRSPjxURCBIRUlHSFQ9MiBCR0NPTE9SPSNDQ0JCQUE+PC9URD48L1RSPjwvVEFCTEU+PFRBQkxFIFdJRFRIPTEwMCUgQ0VMTFNQQUNJTkc9MiBCT1JERVI9MCBDRUxMUEFERElORz01PjxUUj48VEQgQUxJR049bGVmdCBCR0NPTE9SPSNGRkY4RUU+PEZPTlQgQ09MT1I9IzMzMzMzMyBTSVpFPTM+PEJSPuS+oeagvOOCkui2iuOBiOOBn+WTgeizquOCkuaPkOS+m+OBhOOBn+OBl+OBpuOBiuOCiuOBvuOBmeOBruOBp+OBlOWuieW/g+OBj+OBoOOBleOBhOOAgjxCUj7lvZPmlrnjga7jg5XjgqPjg6vjg6Djga9JU08gOTAwMeWPluW+l+W3peWgtOOBq+OBpuijvemAoOOBleOCjOOAgTxCUj7kuJbnlYznmoTjgavmlaznp7DjgZXjgozjgovjgIBVS0FT44CM6Iux5Zu96KqN6Ki85qmf6Zai6KqN5a6a5a+p6K2w5Lya44CNPEJSPuOBruiqjeiovOOCguWPluW+l+OBl+OBpuOBiuOCiuOBvuOBmeOAguOAgOOAgFJlZy5OTyAwNTkuQTxCUj48QlI+4piF4piF4piF4piF4piF6YGp5ZCI6LuK56iu4piF4piF4piF4piF4piFPEJSPjxCUj7pganlkIjlnovlvI8gVVpTMTg244O7VVpTMTg3IDxCUj7pganlkIjlubTlvI8g5bmz5oiQ77yR77yW5bm077yX5pyI772eIDxCUj7igLvjgqvjg4Pjg4jmuIjjgb/jgqvjg7zjg5XjgqPjg6vjg6DjgafjgZnjgYzjgIHlvZPou4rnqK7jga/oqr/mlbTjgqvjg4Pjg4jjgYzlv4XopoHjgafjgZnjgII8YnI+PEJSPuKYheKYheKYheKYheKYheOCu+ODg+ODiOWGheWuueKYheKYheKYheKYheKYhTxCUj48QlI+44K/44Kk44OI44Or44Gu44KC44Gu44Go44Gq44KK44G+44GZ44CCPEJSPuODleODreODs+ODiOOBruWgtOWQiD3pgYvou6LluK0v5Yqp5omL5bit44CQ5LiJ6KeS56qT44GM44GC44KL44KC44Gu44Gv5ZCr44G+44KM44G+44GZ44CRPEJSPuODquOColNFVOOBruWgtOWQiD3jg5Xjg63jg7Pjg4jjgJDpgYvou6LluK0v5Yqp5omL5bit44CR44KI44KK5b6M44KN5YWo44Gm44GuU0VU44Gn44GZPEJSPueUu+WDj+OBr+OCpOODoeODvOOCuOOBp+OBmeOBruOBp+OAgOi7iueoruOBq+OCiOOCiueVsOOBquOCiuOBvuOBmeOAgjxCUj7jgZTos7zlhaXmmYLjgIEz6Imy44Gu5Lit44GL44KJ44GK6YG444Gz44GP44Gg44GV44GE44CCPEJSPuODu+OCguOBo+OBqOOCgua/g+OBhOOCueODouODvOOCrz3jgrnjg7zjg5Hjg7zjg5bjg6njg4Pjgq/vvJXvvIU8QlI+44O75r+D44GE44K544Oi44O844KvPeODgOODvOOCr+OCueODouODvOOCr++8ke+8le+8hTxCUj7jg7vntJTmraPlkIzmp5jjga7jgrnjg6Ljg7zjgq8944OX44Op44Kk44OQ44K344O844K544Oi44O844Kv77yS77yW77yFPEJSPuOBlOazqOaWh+W+jOOBruiJsuOBruWkieabtOOBr+WHuuadpeOBi+OBreOBvuOBmeOAgjxCUj48QlI+PEJSPuODuyDnlLvlg4/jga/jgqTjg6Hjg7zjgrjjgafjgZnjgII8QlI+44O7IOODleOCo+ODq+ODoOOBr+OCreOCuuOBruOBpOOBjeOBq+OBj+OBhDxCUj7jg4/jg7zjg4njgrPjg7zjg4jjg5XjgqPjg6vjg6DjgpLkvb/nlKjjgZfjgabjgYrjgorjgb7jgZnjgII8QlI+PEJSPjxGT05UIFNJWkU9NT7imIXimIXimIXms6jmhI/kuovpoIUv5YWN6LKs5LqL6aCF4piF4piF4piFPC9GT05UPjxCUj7jg7vmpa3li5nnlKjjga7ngrrlpJbnrrHjg7voqqzmmI7mm7jnrYnku5jlsZ7oh7TjgZfjgb7jgZvjgpPjgII8QlI+44O76aCY5Y+O5pu444Gu55m66KGM44Gv44Gn44GN44G+44Gb44KT44Gu44Gn44GU5LqG5om/5LiL44GV44GE44CCPEJSPuODu+S9v+eUqOazleetieOBq+mWouOBmeOCi+OCteODneODvOODiOOBr+S4gOWIh+WHuuadpeOBvuOBm+OCk+OAgjxCUj7pganlkIjjgYvlkKbjgYvjgavjgaTjgY3jgb7jgZfjgabjga/llYblk4HoqqzmmI7jgavoqJjovInjgZfjgabjgYrjgorjgb7jgZk8QlI+6YGp5ZCI6LuK56iu44O75Z6L5byP44O75bm05byP44Gr44Gm44GK5a6i5qeY44GU6Ieq6Lqr44Gn44GU5Yik5pat44GK6aGY44GE6Ie044GX44G+44GZ44CCPEJSPjxCUj48QlI+PEZPTlQgU0laRT01PuOAkOOBlOizvOWFpeWJjeOBq+W/heOBmuOCr+ODquODg+OCr+OAkTwvRk9OVD48QlI+44GU6LO85YWl6aCC44GE44Gf5pmC54K544Gn44CB5LiK6KiY44KS44Kv44Oq44OD44Kv44GXPEJSPuOBlOeiuuiqjeODu+OBlOS6huaJv+mgguOBhOOBn+S4iuOBp+OBruOBlOizvOWFpeOBqOWIpOaWreOBlzxCUj7jgYrlj5blvJXjgZXjgZvjgabpoILjgY3jgb7jgZnjgII8QlI+44GU6LO85YWl5b6M44Gu44Kt44Oj44Oz44K744Or44Gv44GK5pat44KK44GX44Gm44GK44KK44G+44GZ44CCPEJSPjxCUj48QlI+PEZPTlQgU0laRT01PuOAkOaWreeGseODleOCo+ODq+ODoOOBuOOBruWkieabtOOCquODl+OCt+ODp+ODs+OAkTwvRk9OVD48QlI+5pat54ax44K/44Kk44OX44Gu44OV44Kj44Or44Og44KS44GU5biM5pyb44Gu5aC05ZCI44CB5LiK6KiY44Oq44Oz44Kv44KS44Kv44Oq44OD44Kv44GXPEJSPuOBlOW4jOacm+OBrui7iueoruWIpeOCq+ODg+ODiOa4iOOBv+OCq+ODvOODleOCo+ODq+ODoOOBqOS4gOe3kuOBq+OAgeOBlOizvOWFpeaJi+e2muOBjeOBiumhmOOBhOOBl+OBvuOBmeOAgjxCUj48QlI+PEJSPjxGT05UIFNJWkU9NT7jgJDjg5/jg6njg7zjg5XjgqPjg6vjg6Djgafjga7jgqvjg4Pjg4gg44Kq44OX44K344On44Oz44CRPC9GT05UPjxCUj7jg5/jg6njg7zjg5XjgqPjg6vjg6Djgafjga7oo73kvZzjgpLjgZTluIzmnJvjga7loLTlkIjjgIHkuIroqJjjg6rjg7Pjgq/jgpLjgq/jg6rjg4Pjgq/jgZc8QlI+44GU5biM5pyb44Gu6LuK56iu5Yil44Kr44OD44OI5riI44G/44Kr44O844OV44Kj44Or44Og44Go5LiA57eS44Gr44CB44GU6LO85YWl5omL57aa44GN44GK6aGY44GE44GX44G+44GZ44CCCjwvRk9OVD48L1REPjwvVFI+PC9UQUJMRT48L1REPjwvVFI+PC9UQUJMRT48QlI+PEJSPjxCUj48VEFCTEUgV0lEVEg9NjAwIENFTExTUEFDSU5HPTEgQk9SREVSPTAgQ0VMTFBBRERJTkc9MSBCR0NPTE9SPSNDQ0NDQ0M+PFRSPjxURCBCR0NPTE9SPSNGRjdGNTA+PFRBQkxFIFdJRFRIPTEwMCUgQ0VMTFNQQUNJTkc9MiBCT1JERVI9MCBDRUxMUEFERElORz01PjxUUj48VEQgQUxJR049bGVmdCBCR0NPTE9SPSNGRjdGNTA+PEZPTlQgQ09MT1I9IzMzMzMzMyBTSVpFPTM+PEI+4piF4piF55m66YCB5pa55rOVL+mAgeaWmeKYheKYhTwvQj48L0ZPTlQ+PC9URD48L1RSPjwvVEFCTEU+PFRBQkxFIFdJRFRIPTEwMCUgQ0VMTFNQQUNJTkc9MiBCT1JERVI9MCBDRUxMUEFERElORz0wPjxUUj48VEQgSEVJR0hUPTIgQkdDT0xPUj0jQ0NCQkFBPjwvVEQ+PC9UUj48L1RBQkxFPjxUQUJMRSBXSURUSD0xMDAlIENFTExTUEFDSU5HPTIgQk9SREVSPTAgQ0VMTFBBRERJTkc9NT48VFI+PFREIEFMSUdOPWxlZnQgQkdDT0xPUj0jRkZGOEVFPjxGT05UIENPTE9SPSMzMzMzMzMgU0laRT0zPjxCUj7llYblk4HlkI3jgavjgJDpgIHmlpnnhKHmlpnjgJHjga7oqJjovInjgYzjgYLjgovloLTlkIjjga/jgIHpgIHmlpnnhKHmlpnjgafjgZnjgII8QlI+PEJSPjxGT05UIFNJWkU9NT7jgJDlhajlm73pgIHmlpnooajjgJE8L0ZPTlQ+44KS44GU56K66KqN5LiL44GV44GE44G+44Gb44CCPEJSPjxCUj7opIfmlbDjga7llYblk4HjgpLlkIzmorHlj6/og73jgafjgZnjgII8QlI+4oC75ZCM5qKx44KS44GU5biM5pyb44Gu5aC05ZCI44CB5b+F44Ga5ZCM44GY44GK6LK344GE54mp44Kr44K077yI44Kr44O844OI77yJ44Gn44GU5rOo5paH5LiL44GV44GE44CCPEJSPuazqOaEj++8muOCq+ODvOODleOCo+ODq+ODoOOBruikh+aVsOWQjOaiseOBruWgtOWQiOS4gOOBpOOBruetkuOBq+OBvuOBqOOCgeOBpuaiseWMheiHtOOBl+OBvuOBmeOAgjxCUj7kuojjgoHjgZTkuobmib/kuIvjgZXjgYTjgb7jgZvjgII8QlI+PEJSPuKAu+WIpeOAheOBruOBiuiyt+OBhOeJqeOCq+OCtOOBp+azqOaWh+OBleOCjOOBn+WgtOWQiOOBr+WIpeOAheOBruetkuOBq+aiseWMheOBl+eZuumAgeiHtOOBl+OBvuOBmeOAgjxCUj7jgZ3jga7ngrrjgIHpgIHmlpnjg7vku6PlvJXjgY3miYvmlbDmlpnjga/nmbrpgIHlgIvmlbDliIboq4vmsYLjgZXjgZvjgabpoILjgY3jgb7jgZnjgII8QlI+PEJSPuKAu+WIpeOAheOBruOBiuiyt+OBhOeJqeOCq+OCtOOBp+azqOaWh+OBl+OAgemAgeaWme+8keWAi+WPo+WIhuOBp+OBruOBiuaUr+aJleOBhDxCUj7jgZXjgozjgZ/loLTlkIjjga/lkIzmorHluIzmnJvjgajliKTmlq3jgZfnmbrpgIHoh7TjgZfjgb7jgZnjgII8QlI+PEJSPuKYheeZuumAgeOBq+mWouOBmeOCi+azqOaEj+S6i+mgheKYhTxCUj4tLS0tLS0tLS0tLS0tLS0tLS0tLS0tLS0tLS0tLS0tLS0tLS0tLS0tIDxCUj7lvZPmlrnmjIflrprlroXmgKXkvr/jgafjgZnjga7jgafphY3pgIHmpa3ogIXjga/pgbjmip7jgafjgY3jgb7jgZvjgpPjgIIgPEJSPuaZgumWk+aMh+WumuOBr+WvvuW/nOOBhOOBn+OBl+OBpuOBiuOCiuOBvuOBm+OCk+OAgjxCUj7nmbrpgIHpgKPntaHjgavoqJjovInjga7llY/jgYTlkIjjgo/jgZvnlarlj7fjgafjgZToh6rouqvjgafjgZTnorroqo3poILjgZHjgb7jgZnjgII8QlI+6Zui5bO244Gv55m66YCB44GM5LiA5pel6YGF44KM44G+44GZ44CCIDxCUj4tLS0tLS0tLS0tLS0tLS0tLS0tLS0tLS0tLS0tLS0tLS0tLS0tLS0tPEJSPuKYheWVhuWTgeS7o+W8leKYheOAgOOAgDxCUj7lroXmgKXkvr/pgIHmlpkr5Yil6YCU5omL5pWw5paZ77yT77yX77yQ5YaGIDxCUj4tLS0tLS0tLS0tLS0tLS0tLS0tLS0tLS0tLS0tLS0tLS0tLS0tLS0tIDxCUj4xMuaZguWNiuOBvuOBp+OBq+OBlOWFpemHkeOBjOeiuuiqjeWHuuadpeOBn+OBlOazqOaWh+OAgTxCUj7jgb7jgZ/jga/llYblk4Hku6PlvJXjga7jgZTms6jmlofjga/ljbPml6XnmbrpgIHjgZXjgZvjgabpoILjgY3jgb7jgZnjgII8QlI+5a6a5LyR5pel44CA5Lya56S+5qaC6KaB6KiY6LyJL+iHqOaZguS8kealreOBruOBlOahiOWGheOBr+W9k+W6l+ODmuODvOOCuOWGheOBq+aOsui8ieOBl+OBvuOBmeOAgjwvRk9OVD48L1REPjwvVFI+PC9UQUJMRT48L1REPjwvVFI+PC9UQUJMRT48QlI+PFRBQkxFIFdJRFRIPTYwMCBDRUxMU1BBQ0lORz0xIEJPUkRFUj0wIENFTExQQURESU5HPTEgQkdDT0xPUj0jQ0NDQ0NDPjxUUj48VEQgQkdDT0xPUj0jRkY3RjUwPjxUQUJMRSBXSURUSD0xMDAlIENFTExTUEFDSU5HPTIgQk9SREVSPTAgQ0VMTFBBRERJTkc9NT48VFI+PFREIEFMSUdOPWxlZnQgQkdDT0xPUj0jRkY3RjUwPjxGT05UIENPTE9SPSMzMzMzMzMgU0laRT0zPjxCPuKYheKYheaUr+aJleaWueazleKYhTwvQj48L0ZPTlQ+PC9URD48L1RSPjwvVEFCTEU+PFRBQkxFIFdJRFRIPTEwMCUgQ0VMTFNQQUNJTkc9MiBCT1JERVI9MCBDRUxMUEFERElORz0wPjxUUj48VEQgSEVJR0hUPTIgQkdDT0xPUj0jQ0NCQkFBPjwvVEQ+PC9UUj48L1RBQkxFPjxUQUJMRSBXSURUSD0xMDAlIENFTExTUEFDSU5HPTIgQk9SREVSPTAgQ0VMTFBBRERJTkc9NT48VFI+PFREIEFMSUdOPWxlZnQgQkdDT0xPUj0jRkZGOEVFPjxGT05UIENPTE9SPSMzMzMzMzMgU0laRT0zPuKXj+alveWkqemKgOihjOOAgOaMr+i+vDxCUj7il4/llYblk4Hku6PlvJU8QlI+4peP44Kv44Os44K444OD44OI44Kr44O844OJ5rG65riIPEJSPuKXj+OCs+ODs+ODk+ODi+axuua4iO+8iOWJjeaJleOBhO+8iTxCUj7il4/mpb3lpKlFZHnmsbrmuIg8QlI+4pePYXXjgYvjgpPjgZ/jgpPmsbrmuIg8QlI+PC9GT05UPjwvVEQ+PC9UUj48L1RBQkxFPjwvVEQ+PC9UUj48L1RBQkxFPjxCUj48aW1nIHNyYz1odHRwOi8vaW1hZ2UucmFrdXRlbi5jby5qcC9hdWMtYXV0b21heC9jYWJpbmV0LzAzNDA2NjM4L2ltZ3JjMDA2ODE3NjkyNC5naWYgd2lkdGg9NjAwPjxCUj48QlI+PElNRyBTUkM9aHR0cDovL2ltYWdlLnJha3V0ZW4uY28uanAvYXVjLWF1dG9tYXgvY2FiaW5ldC8wMzU2MTkyNS9pbWc2MzE5Mzc4My5naWYgV0lEVEg9NjAwPjwvQ0VOVEVSPjxCUj48QlI+PENFTlRFUj48SU1HIFdJRFRIPTUyMCBTUkM9aHR0cDovL2ltYWdlLnJha3V0ZW4uY28uanAvYXVjLWF1dG9tYXgvY2FiaW5ldC8wMjU2NTcxNy9pbWc2NDc1MzExMS5naWY+PEJSPjxJTUcgV0lEVEg9NTIwIFNSQz1odHRwOi8vaW1hZ2UucmFrdXRlbi5jby5qcC9hdWMtYXV0b21heC9jYWJpbmV0LzAyNTY1NzE3L2ltZzY0NzU3OTg3LmdpZj48QlI+PC9DRU5URVI+PC9DRU5URVI+PC9UQUJMRT48L0NFTlRFUj48Y2VudGVyPgo8YnI+CjxpbWcgU1JDPWh0dHA6Ly9pbWFnZS5yYWt1dGVuLmNvLmpwL2F1Yy1hdXRvbWF4L2NhYmluZXQvaW1ncmMwMDY3MzgyMjc2LmdpZiB3aWR0aD02NzAgaGVpZ2h0PTQwMD48QlI+Cjxicj4KPGltZyBTUkM9aHR0cDovL2ltYWdlLnJha3V0ZW4uY28uanAvYXVjLWF1dG9tYXgvY2FiaW5ldC9pbWc2MDMzMzAwNC5naWYgd2lkdGg9NjcwIGhlaWdodD0xMjA+PEJSPgo8YnI+Cgo8YnI+PC9jZW50ZXI+,44GC44GZ5qW9IOWvvuW/nCDjg6rjgqIgKGIpIOODnuOCuOOCp+OCueOCvyBTMTgg44Kr44OD44OI5riI44G/IOOCq+ODvOODleOCo+ODq+ODoCDou4rnqK7liKUg44K544Oi44O844KvIOOCu+ODg+ODiCDou4rnqK7lsILnlKgg44Km44Kk44Oz44OJ44KmIOeqk+OCrOODqeOCuSDmiJDlvaIg44OV44Kk44Or44OgVVbjgqvjg4Pjg4gg44OP44O844OJ44Kz44O844OIIERJWSDmlr3lt6Ug5pa55rOVIOiyvOOCiuaWuSAz56iu6aGe44Gu6YCP6YGO546H6YCa6LKpIOWkp+mYqiDjgJDllYblk4HkuIDopqfjgJHvvJpBVVRPTUFYIGl6dW1p,44Kr44OD44OG44Kj44Oz44Kw44K344O844OI44Oi44OL44K/44O844K544K/44Oz44OJ44Ki44Or44Kr44Oz44K/44O844Op6Kq/44K544Ko44O844OJ55Sf5Zyw44K344O844OI5rGO55So44OR44O844OE6Ieq5YuV6LuK44Ki44Kv44K744K144Oq44O844Oh44OD44Kt44Oi44O844Or6YCB5paZ54Sh5paZ44K544OG44OD44Kr44O844Kr44O855So5ZOB44OQ44Kk44Kv55So5ZOB44OJ44Os44K544Ki44OD44OX44Op44Kw44K444Ol44Ki44Oq44O85YaF6KOF5aSW6KOF44Kr44OD44OI5riI44G/44Kr44O844OV44Kj44Or44Og5aSn6Ziq6YCa6LKp5r+A5a6J5qC85a6J5pa95bel44GC44GZ5qW9IOWvvuW/nCDjg6rjgqIgKGIpIOODnuOCuOOCp+OCueOCvyBTMTgg44Kr44OD44OI5riI44G/IOOCq+ODvOODleOCo+ODq+ODoCDou4rnqK7liKUg44K544Oi44O844KvIOOCu+ODg+ODiCDou4rnqK7lsILnlKgg44Km44Kk44Oz44OJ44KmIOeqk+OCrOODqeOCuSDmiJDlvaIg44OV44Kk44Or44OgVVbjgqvjg4Pjg4gg44OP44O844OJ44Kz44O844OIIERJWSDmlr3lt6Ug5pa55rOVIOiyvOOCiuaWuSAz56iu6aGe44Gu6YCP6YGO546H6YCa6LKpIOWkp+mYqiDjgJDllYblk4HkuIDopqfjgJE=,44GT44Gu5ZWG5ZOB44Gv6YCB5paZIOWFqOWbveS4gOW+izYwMOWGhiDjgafjgZko5YyX5rW36YGTL+aylue4hOmZpOOBjynlkIzmorHlj6/og73jgILjgILjgYLjgZnmpb0g5a++5b+cIOODquOCoiAoYikg44Oe44K444Kn44K544K/IFMxOCDjgqvjg4Pjg4jmuIjjgb8g44Kr44O844OV44Kj44Or44OgIOi7iueoruWIpSDjgrnjg6Ljg7zjgq8g44K744OD44OIIOi7iueoruWwgueUqCDjgqbjgqTjg7Pjg4njgqYg56qT44Ks44Op44K5IOaIkOW9oiDjg5XjgqTjg6vjg6BVVuOCq+ODg+ODiCDjg4/jg7zjg4njgrPjg7zjg4ggRElZIOaWveW3pSDmlrnms5Ug6LK844KK5pa5IDPnqK7poZ7jga7pgI/pgY7njofpgJrosqkg5aSn6ZiqIOOAkOWVhuWTgeS4gOimp+OAkQ==[rn]
12-37267,aHR0cDovL3RzaG9wLnIxMHMuanAvYXVjLWF1dG9tYXgvY2FiaW5ldC8wMjU2NTcxNy9pbWc2NDIyMTM3Mi5qcGc/Zml0aW49NzAwOjcwMA==,MTY4MC4wMDAw,,6LuK55So5ZOB44O744OQ44Kk44Kv55So5ZOBID4g44Kr44O855So5ZOBID4g5YaF6KOF44OR44O844OEID4g44OV44Kj44Or44Og77yI44K544Oi44O844Kv77yJID4g44OI44Oo44K/55So,44GC44GZ5qW9IOWvvuW/nCDjg6rjgqIgKGIpIOODnuOCuOOCp+OCueOCvyBTMTcg44Kr44OD44OI5riI44G/IOOCq+ODvOODleOCo+ODq+ODoCDou4rnqK7liKUg44K544Oi44O844KvIOOCu+ODg+ODiCDou4rnqK7lsILnlKgg44Km44Kk44Oz44OJ44KmIOeqk+OCrOODqeOCuSDmiJDlvaIg44OV44Kk44Or44OgVVbjgqvjg4Pjg4gg44OP44O844OJ44Kz44O844OIIERJWSDmlr3lt6Ug5pa55rOVIOiyvOOCiuaWuSAz56iu6aGe44Gu6YCP6YGO546H6YCa6LKpIOWkp+mYqiDjgJDllYblk4HkuIDopqfjgJE=,,PENFTlRFUj48aW1nIHNyYz1odHRwOi8vaW1hZ2UucmFrdXRlbi5jby5qcC9hdWMtYXV0b21heC9jYWJpbmV0LzAzNDA2NjM4L2ltZ3JjMDA2ODE3NjkyMS5naWYgd2lkdGg9NjAwPjwvY2VudGVyPjxCUj48Q0VOVEVSPjxCUj48Rk9OVCBTSVpFPTUgQ09MT1I9I2ZmMDAwMD7lvZPlupfjga7jgqvjg4Pjg4jmuIjjgb/jgqvjg7zjg5XjgqPjg6vjg6Djga88L0ZPTlQ+PEJSPjxGT05UIFNJWkU9NSBDT0xPUj0jZmYwMDAwPjxCPk1BREXjgIBJTuOAgEpBUEFO44CAPC9CPjwvRk9OVD48QlI+PEZPTlQgU0laRT01IENPTE9SPSNmZjAwMDA+77yI57Sr5aSW57eaVVbjgIA5Oe+8heOCq+ODg+ODiO+8ieOBp+OBmeOAgjwvRk9OVD48QlI+PFRSPiA8VEQgSEVJR0hUPTY+PC9URD4gPFREIEhFSUdIVD02PjwvVEQ+IDxURCBIRUlHSFQ9Nj48L1REPiA8L1RSPjxCUj48Q0VOVEVSPjxGT05UIENPTE9SPSNDQ0JCQUEgU0laRT00PjxCPjwvQj48L0ZPTlQ+PEJSPjxCUj48VEFCTEUgV0lEVEg9NjAwIENFTExTUEFDSU5HPTEgQk9SREVSPTAgQ0VMTFBBRERJTkc9MSBCR0NPTE9SPSNDQ0NDQ0M+PFRSPjxURCBCR0NPTE9SPSNGRjdGNTA+PFRBQkxFIFdJRFRIPTEwMCUgQ0VMTFNQQUNJTkc9MiBCT1JERVI9MCBDRUxMUEFERElORz01PjxUUj48VEQgQUxJR049bGVmdCBCR0NPTE9SPSNGRjdGNTA+PEZPTlQgQ09MT1I9IzMzMzMzMyBTSVpFPTM+PEI+4piF4piF5ZWG5ZOB6Kqs5piO4piF4piFPC9CPjwvRk9OVD48L1REPjwvVFI+PC9UQUJMRT48VEFCTEUgV0lEVEg9MTAwJSBDRUxMU1BBQ0lORz0yIEJPUkRFUj0wIENFTExQQURESU5HPTA+PFRSPjxURCBIRUlHSFQ9MiBCR0NPTE9SPSNDQ0JCQUE+PC9URD48L1RSPjwvVEFCTEU+PFRBQkxFIFdJRFRIPTEwMCUgQ0VMTFNQQUNJTkc9MiBCT1JERVI9MCBDRUxMUEFERElORz01PjxUUj48VEQgQUxJR049bGVmdCBCR0NPTE9SPSNGRkY4RUU+PEZPTlQgQ09MT1I9IzMzMzMzMyBTSVpFPTM+PEJSPuS+oeagvOOCkui2iuOBiOOBn+WTgeizquOCkuaPkOS+m+OBhOOBn+OBl+OBpuOBiuOCiuOBvuOBmeOBruOBp+OBlOWuieW/g+OBj+OBoOOBleOBhOOAgjxCUj7lvZPmlrnjga7jg5XjgqPjg6vjg6Djga9JU08gOTAwMeWPluW+l+W3peWgtOOBq+OBpuijvemAoOOBleOCjOOAgTxCUj7kuJbnlYznmoTjgavmlaznp7DjgZXjgozjgovjgIBVS0FT44CM6Iux5Zu96KqN6Ki85qmf6Zai6KqN5a6a5a+p6K2w5Lya44CNPEJSPuOBruiqjeiovOOCguWPluW+l+OBl+OBpuOBiuOCiuOBvuOBmeOAguOAgOOAgFJlZy5OTyAwNTkuQTxCUj48QlI+4piF4piF4piF4piF4piF6YGp5ZCI6LuK56iu4piF4piF4piF4piF4piFPEJSPjxCUj7pganlkIjlnovlvI8gVVpTMTcx44O7VVpTMTcz44O7VVpTMTc144O7SlpTMTc3IDxCUj7pganlkIjlubTlvI8g5bmz5oiQ77yR77yR5bm077yZ5pyI772e5bmz5oiQ77yR77yW5bm077yW5pyIPEJSPjxCUj7imIXimIXimIXimIXimIXjgrvjg4Pjg4jlhoXlrrnimIXimIXimIXimIXimIU8QlI+PEJSPuOCv+OCpOODiOODq+OBruOCguOBruOBqOOBquOCiuOBvuOBmeOAgjxCUj7jg5Xjg63jg7Pjg4jjga7loLTlkIg96YGL6Lui5bitL+WKqeaJi+W4reOAkOS4ieinkueqk+OBjOOBguOCi+OCguOBruOBr+WQq+OBvuOCjOOBvuOBmeOAkTxCUj7jg6rjgqJTRVTjga7loLTlkIg944OV44Ot44Oz44OI44CQ6YGL6Lui5bitL+WKqeaJi+W4reOAkeOCiOOCiuW+jOOCjeWFqOOBpuOBrlNFVOOBp+OBmTxCUj7nlLvlg4/jga/jgqTjg6Hjg7zjgrjjgafjgZnjga7jgafjgIDou4rnqK7jgavjgojjgornlbDjgarjgorjgb7jgZnjgII8QlI+44GU6LO85YWl5pmC44CBM+iJsuOBruS4reOBi+OCieOBiumBuOOBs+OBj+OBoOOBleOBhOOAgjxCUj7jg7vjgoLjgaPjgajjgoLmv4PjgYTjgrnjg6Ljg7zjgq8944K544O844OR44O844OW44Op44OD44Kv77yV77yFPEJSPuODu+a/g+OBhOOCueODouODvOOCrz3jg4Djg7zjgq/jgrnjg6Ljg7zjgq/vvJHvvJXvvIU8QlI+44O757SU5q2j5ZCM5qeY44Gu44K544Oi44O844KvPeODl+ODqeOCpOODkOOCt+ODvOOCueODouODvOOCr++8ku+8lu+8hTxCUj7jgZTms6jmloflvozjga7oibLjga7lpInmm7Tjga/lh7rmnaXjgYvjga3jgb7jgZnjgII8QlI+PEJSPjxCUj7jg7sg55S75YOP44Gv44Kk44Oh44O844K444Gn44GZ44CCPEJSPuODuyDjg5XjgqPjg6vjg6Djga/jgq3jgrrjga7jgaTjgY3jgavjgY/jgYQ8QlI+44OP44O844OJ44Kz44O844OI44OV44Kj44Or44Og44KS5L2/55So44GX44Gm44GK44KK44G+44GZ44CCPEJSPjxCUj48Rk9OVCBTSVpFPTU+4piF4piF4piF5rOo5oSP5LqL6aCFL+WFjeiyrOS6i+mgheKYheKYheKYhTwvRk9OVD48QlI+44O75qWt5YuZ55So44Gu54K65aSW566x44O76Kqs5piO5pu4562J5LuY5bGe6Ie044GX44G+44Gb44KT44CCPEJSPuODu+mgmOWPjuabuOOBrueZuuihjOOBr+OBp+OBjeOBvuOBm+OCk+OBruOBp+OBlOS6huaJv+S4i+OBleOBhOOAgjxCUj7jg7vkvb/nlKjms5XnrYnjgavplqLjgZnjgovjgrXjg53jg7zjg4jjga/kuIDliIflh7rmnaXjgb7jgZvjgpPjgII8QlI+6YGp5ZCI44GL5ZCm44GL44Gr44Gk44GN44G+44GX44Gm44Gv5ZWG5ZOB6Kqs5piO44Gr6KiY6LyJ44GX44Gm44GK44KK44G+44GZPEJSPumBqeWQiOi7iueoruODu+Wei+W8j+ODu+W5tOW8j+OBq+OBpuOBiuWuouanmOOBlOiHqui6q+OBp+OBlOWIpOaWreOBiumhmOOBhOiHtOOBl+OBvuOBmeOAgjxCUj48QlI+PEJSPjxGT05UIFNJWkU9NT7jgJDjgZTos7zlhaXliY3jgavlv4XjgZrjgq/jg6rjg4Pjgq/jgJE8L0ZPTlQ+PEJSPuOBlOizvOWFpemgguOBhOOBn+aZgueCueOBp+OAgeS4iuiomOOCkuOCr+ODquODg+OCr+OBlzxCUj7jgZTnorroqo3jg7vjgZTkuobmib/poILjgYTjgZ/kuIrjgafjga7jgZTos7zlhaXjgajliKTmlq3jgZc8QlI+44GK5Y+W5byV44GV44Gb44Gm6aCC44GN44G+44GZ44CCPEJSPuOBlOizvOWFpeW+jOOBruOCreODo+ODs+OCu+ODq+OBr+OBiuaWreOCiuOBl+OBpuOBiuOCiuOBvuOBmeOAgjxCUj48QlI+PEJSPjxGT05UIFNJWkU9NT7jgJDmlq3nhrHjg5XjgqPjg6vjg6Djgbjjga7lpInmm7Tjgqrjg5fjgrfjg6fjg7PjgJE8L0ZPTlQ+PEJSPuaWreeGseOCv+OCpOODl+OBruODleOCo+ODq+ODoOOCkuOBlOW4jOacm+OBruWgtOWQiOOAgeS4iuiomOODquODs+OCr+OCkuOCr+ODquODg+OCr+OBlzxCUj7jgZTluIzmnJvjga7ou4rnqK7liKXjgqvjg4Pjg4jmuIjjgb/jgqvjg7zjg5XjgqPjg6vjg6DjgajkuIDnt5LjgavjgIHjgZTos7zlhaXmiYvntprjgY3jgYrpoZjjgYTjgZfjgb7jgZnjgII8QlI+PEJSPjxCUj48Rk9OVCBTSVpFPTU+44CQ44Of44Op44O844OV44Kj44Or44Og44Gn44Gu44Kr44OD44OIIOOCquODl+OCt+ODp+ODs+OAkTwvRk9OVD48QlI+44Of44Op44O844OV44Kj44Or44Og44Gn44Gu6KO95L2c44KS44GU5biM5pyb44Gu5aC05ZCI44CB5LiK6KiY44Oq44Oz44Kv44KS44Kv44Oq44OD44Kv44GXPEJSPuOBlOW4jOacm+OBrui7iueoruWIpeOCq+ODg+ODiOa4iOOBv+OCq+ODvOODleOCo+ODq+ODoOOBqOS4gOe3kuOBq+OAgeOBlOizvOWFpeaJi+e2muOBjeOBiumhmOOBhOOBl+OBvuOBmeOAggo8L0ZPTlQ+PC9URD48L1RSPjwvVEFCTEU+PC9URD48L1RSPjwvVEFCTEU+PEJSPjxCUj48QlI+PFRBQkxFIFdJRFRIPTYwMCBDRUxMU1BBQ0lORz0xIEJPUkRFUj0wIENFTExQQURESU5HPTEgQkdDT0xPUj0jQ0NDQ0NDPjxUUj48VEQgQkdDT0xPUj0jRkY3RjUwPjxUQUJMRSBXSURUSD0xMDAlIENFTExTUEFDSU5HPTIgQk9SREVSPTAgQ0VMTFBBRERJTkc9NT48VFI+PFREIEFMSUdOPWxlZnQgQkdDT0xPUj0jRkY3RjUwPjxGT05UIENPTE9SPSMzMzMzMzMgU0laRT0zPjxCPuKYheKYheeZuumAgeaWueazlS/pgIHmlpnimIXimIU8L0I+PC9GT05UPjwvVEQ+PC9UUj48L1RBQkxFPjxUQUJMRSBXSURUSD0xMDAlIENFTExTUEFDSU5HPTIgQk9SREVSPTAgQ0VMTFBBRERJTkc9MD48VFI+PFREIEhFSUdIVD0yIEJHQ09MT1I9I0NDQkJBQT48L1REPjwvVFI+PC9UQUJMRT48VEFCTEUgV0lEVEg9MTAwJSBDRUxMU1BBQ0lORz0yIEJPUkRFUj0wIENFTExQQURESU5HPTU+PFRSPjxURCBBTElHTj1sZWZ0IEJHQ09MT1I9I0ZGRjhFRT48Rk9OVCBDT0xPUj0jMzMzMzMzIFNJWkU9Mz48QlI+5ZWG5ZOB5ZCN44Gr44CQ6YCB5paZ54Sh5paZ44CR44Gu6KiY6LyJ44GM44GC44KL5aC05ZCI44Gv44CB6YCB5paZ54Sh5paZ44Gn44GZ44CCPEJSPjxCUj48Rk9OVCBTSVpFPTU+44CQ5YWo5Zu96YCB5paZ6KGo44CRPC9GT05UPuOCkuOBlOeiuuiqjeS4i+OBleOBhOOBvuOBm+OAgjxCUj48QlI+6KSH5pWw44Gu5ZWG5ZOB44KS5ZCM5qKx5Y+v6IO944Gn44GZ44CCPEJSPuKAu+WQjOaiseOCkuOBlOW4jOacm+OBruWgtOWQiOOAgeW/heOBmuWQjOOBmOOBiuiyt+OBhOeJqeOCq+OCtO+8iOOCq+ODvOODiO+8ieOBp+OBlOazqOaWh+S4i+OBleOBhOOAgjxCUj7ms6jmhI/vvJrjgqvjg7zjg5XjgqPjg6vjg6Djga7opIfmlbDlkIzmorHjga7loLTlkIjkuIDjgaTjga7nrZLjgavjgb7jgajjgoHjgabmorHljIXoh7TjgZfjgb7jgZnjgII8QlI+5LqI44KB44GU5LqG5om/5LiL44GV44GE44G+44Gb44CCPEJSPjxCUj7igLvliKXjgIXjga7jgYrosrfjgYTnianjgqvjgrTjgafms6jmlofjgZXjgozjgZ/loLTlkIjjga/liKXjgIXjga7nrZLjgavmorHljIXjgZfnmbrpgIHoh7TjgZfjgb7jgZnjgII8QlI+44Gd44Gu54K644CB6YCB5paZ44O75Luj5byV44GN5omL5pWw5paZ44Gv55m66YCB5YCL5pWw5YiG6KuL5rGC44GV44Gb44Gm6aCC44GN44G+44GZ44CCPEJSPjxCUj7igLvliKXjgIXjga7jgYrosrfjgYTnianjgqvjgrTjgafms6jmlofjgZfjgIHpgIHmlpnvvJHlgIvlj6PliIbjgafjga7jgYrmlK/miZXjgYQ8QlI+44GV44KM44Gf5aC05ZCI44Gv5ZCM5qKx5biM5pyb44Go5Yik5pat44GX55m66YCB6Ie044GX44G+44GZ44CCPEJSPjxCUj7imIXnmbrpgIHjgavplqLjgZnjgovms6jmhI/kuovpoIXimIU8QlI+LS0tLS0tLS0tLS0tLS0tLS0tLS0tLS0tLS0tLS0tLS0tLS0tLS0tLSA8QlI+5b2T5pa55oyH5a6a5a6F5oCl5L6/44Gn44GZ44Gu44Gn6YWN6YCB5qWt6ICF44Gv6YG45oqe44Gn44GN44G+44Gb44KT44CCIDxCUj7mmYLplpPmjIflrprjga/lr77lv5zjgYTjgZ/jgZfjgabjgYrjgorjgb7jgZvjgpPjgII8QlI+55m66YCB6YCj57Wh44Gr6KiY6LyJ44Gu5ZWP44GE5ZCI44KP44Gb55Wq5Y+344Gn44GU6Ieq6Lqr44Gn44GU56K66KqN6aCC44GR44G+44GZ44CCPEJSPumbouWztuOBr+eZuumAgeOBjOS4gOaXpemBheOCjOOBvuOBmeOAgiA8QlI+LS0tLS0tLS0tLS0tLS0tLS0tLS0tLS0tLS0tLS0tLS0tLS0tLS0tLTxCUj7imIXllYblk4Hku6PlvJXimIXjgIDjgIA8QlI+5a6F5oCl5L6/6YCB5paZK+WIpemAlOaJi+aVsOaWme+8k++8l++8kOWGhiA8QlI+LS0tLS0tLS0tLS0tLS0tLS0tLS0tLS0tLS0tLS0tLS0tLS0tLS0tLSA8QlI+MTLmmYLljYrjgb7jgafjgavjgZTlhaXph5HjgYznorroqo3lh7rmnaXjgZ/jgZTms6jmlofjgIE8QlI+44G+44Gf44Gv5ZWG5ZOB5Luj5byV44Gu44GU5rOo5paH44Gv5Y2z5pel55m66YCB44GV44Gb44Gm6aCC44GN44G+44GZ44CCPEJSPuWumuS8keaXpeOAgOS8muekvuamguimgeiomOi8iS/oh6jmmYLkvJHmpa3jga7jgZTmoYjlhoXjga/lvZPlupfjg5rjg7zjgrjlhoXjgavmjrLovInjgZfjgb7jgZnjgII8L0ZPTlQ+PC9URD48L1RSPjwvVEFCTEU+PC9URD48L1RSPjwvVEFCTEU+PEJSPjxUQUJMRSBXSURUSD02MDAgQ0VMTFNQQUNJTkc9MSBCT1JERVI9MCBDRUxMUEFERElORz0xIEJHQ09MT1I9I0NDQ0NDQz48VFI+PFREIEJHQ09MT1I9I0ZGN0Y1MD48VEFCTEUgV0lEVEg9MTAwJSBDRUxMU1BBQ0lORz0yIEJPUkRFUj0wIENFTExQQURESU5HPTU+PFRSPjxURCBBTElHTj1sZWZ0IEJHQ09MT1I9I0ZGN0Y1MD48Rk9OVCBDT0xPUj0jMzMzMzMzIFNJWkU9Mz48Qj7imIXimIXmlK/miZXmlrnms5XimIU8L0I+PC9GT05UPjwvVEQ+PC9UUj48L1RBQkxFPjxUQUJMRSBXSURUSD0xMDAlIENFTExTUEFDSU5HPTIgQk9SREVSPTAgQ0VMTFBBRERJTkc9MD48VFI+PFREIEhFSUdIVD0yIEJHQ09MT1I9I0NDQkJBQT48L1REPjwvVFI+PC9UQUJMRT48VEFCTEUgV0lEVEg9MTAwJSBDRUxMU1BBQ0lORz0yIEJPUkRFUj0wIENFTExQQURESU5HPTU+PFRSPjxURCBBTElHTj1sZWZ0IEJHQ09MT1I9I0ZGRjhFRT48Rk9OVCBDT0xPUj0jMzMzMzMzIFNJWkU9Mz7il4/mpb3lpKnpioDooYzjgIDmjK/ovrw8QlI+4peP5ZWG5ZOB5Luj5byVPEJSPuKXj+OCr+ODrOOCuOODg+ODiOOCq+ODvOODieaxuua4iDxCUj7il4/jgrPjg7Pjg5Pjg4vmsbrmuIjvvIjliY3miZXjgYTvvIk8QlI+4peP5qW95aSpRWR55rG65riIPEJSPuKXj2F144GL44KT44Gf44KT5rG65riIPEJSPjwvRk9OVD48L1REPjwvVFI+PC9UQUJMRT48L1REPjwvVFI+PC9UQUJMRT48QlI+PGltZyBzcmM9aHR0cDovL2ltYWdlLnJha3V0ZW4uY28uanAvYXVjLWF1dG9tYXgvY2FiaW5ldC8wMzQwNjYzOC9pbWdyYzAwNjgxNzY5MjQuZ2lmIHdpZHRoPTYwMD48QlI+PEJSPjxJTUcgU1JDPWh0dHA6Ly9pbWFnZS5yYWt1dGVuLmNvLmpwL2F1Yy1hdXRvbWF4L2NhYmluZXQvMDM1NjE5MjUvaW1nNjMxOTM3ODMuZ2lmIFdJRFRIPTYwMD48L0NFTlRFUj48QlI+PEJSPjxDRU5URVI+PElNRyBXSURUSD01MjAgU1JDPWh0dHA6Ly9pbWFnZS5yYWt1dGVuLmNvLmpwL2F1Yy1hdXRvbWF4L2NhYmluZXQvMDI1NjU3MTcvaW1nNjQ3NTMxMTEuZ2lmPjxCUj48SU1HIFdJRFRIPTUyMCBTUkM9aHR0cDovL2ltYWdlLnJha3V0ZW4uY28uanAvYXVjLWF1dG9tYXgvY2FiaW5ldC8wMjU2NTcxNy9pbWc2NDc1Nzk4Ny5naWY+PEJSPjwvQ0VOVEVSPjwvQ0VOVEVSPjwvVEFCTEU+PC9DRU5URVI+PGNlbnRlcj4KPGJyPgo8aW1nIFNSQz1odHRwOi8vaW1hZ2UucmFrdXRlbi5jby5qcC9hdWMtYXV0b21heC9jYWJpbmV0L2ltZ3JjMDA2NzM4MjI3Ni5naWYgd2lkdGg9NjcwIGhlaWdodD00MDA+PEJSPgo8YnI+CjxpbWcgU1JDPWh0dHA6Ly9pbWFnZS5yYWt1dGVuLmNvLmpwL2F1Yy1hdXRvbWF4L2NhYmluZXQvaW1nNjAzMzMwMDQuZ2lmIHdpZHRoPTY3MCBoZWlnaHQ9MTIwPjxCUj4KPGJyPgoKPGJyPjwvY2VudGVyPg==,44GC44GZ5qW9IOWvvuW/nCDjg6rjgqIgKGIpIOODnuOCuOOCp+OCueOCvyBTMTcg44Kr44OD44OI5riI44G/IOOCq+ODvOODleOCo+ODq+ODoCDou4rnqK7liKUg44K544Oi44O844KvIOOCu+ODg+ODiCDou4rnqK7lsILnlKgg44Km44Kk44Oz44OJ44KmIOeqk+OCrOODqeOCuSDmiJDlvaIg44OV44Kk44Or44OgVVbjgqvjg4Pjg4gg44OP44O844OJ44Kz44O844OIIERJWSDmlr3lt6Ug5pa55rOVIOiyvOOCiuaWuSAz56iu6aGe44Gu6YCP6YGO546H6YCa6LKpIOWkp+mYqiDjgJDllYblk4HkuIDopqfjgJHvvJpBVVRPTUFYIGl6dW1p,44Kr44OD44OG44Kj44Oz44Kw44K344O844OI44Oi44OL44K/44O844K544K/44Oz44OJ44Ki44Or44Kr44Oz44K/44O844Op6Kq/44K544Ko44O844OJ55Sf5Zyw44K344O844OI5rGO55So44OR44O844OE6Ieq5YuV6LuK44Ki44Kv44K744K144Oq44O844Oh44OD44Kt44Oi44O844Or6YCB5paZ54Sh5paZ44K544OG44OD44Kr44O844Kr44O855So5ZOB44OQ44Kk44Kv55So5ZOB44OJ44Os44K544Ki44OD44OX44Op44Kw44K444Ol44Ki44Oq44O85YaF6KOF5aSW6KOF44Kr44OD44OI5riI44G/44Kr44O844OV44Kj44Or44Og5aSn6Ziq6YCa6LKp5r+A5a6J5qC85a6J5pa95bel44GC44GZ5qW9IOWvvuW/nCDjg6rjgqIgKGIpIOODnuOCuOOCp+OCueOCvyBTMTcg44Kr44OD44OI5riI44G/IOOCq+ODvOODleOCo+ODq+ODoCDou4rnqK7liKUg44K544Oi44O844KvIOOCu+ODg+ODiCDou4rnqK7lsILnlKgg44Km44Kk44Oz44OJ44KmIOeqk+OCrOODqeOCuSDmiJDlvaIg44OV44Kk44Or44OgVVbjgqvjg4Pjg4gg44OP44O844OJ44Kz44O844OIIERJWSDmlr3lt6Ug5pa55rOVIOiyvOOCiuaWuSAz56iu6aGe44Gu6YCP6YGO546H6YCa6LKpIOWkp+mYqiDjgJDllYblk4HkuIDopqfjgJE=,44GT44Gu5ZWG5ZOB44Gv6YCB5paZIOWFqOWbveS4gOW+izYwMOWGhiDjgafjgZko5YyX5rW36YGTL+aylue4hOmZpOOBjynlkIzmorHlj6/og73jgILjgILjgYLjgZnmpb0g5a++5b+cIOODquOCoiAoYikg44Oe44K444Kn44K544K/IFMxNyDjgqvjg4Pjg4jmuIjjgb8g44Kr44O844OV44Kj44Or44OgIOi7iueoruWIpSDjgrnjg6Ljg7zjgq8g44K744OD44OIIOi7iueoruWwgueUqCDjgqbjgqTjg7Pjg4njgqYg56qT44Ks44Op44K5IOaIkOW9oiDjg5XjgqTjg6vjg6BVVuOCq+ODg+ODiCDjg4/jg7zjg4njgrPjg7zjg4ggRElZIOaWveW3pSDmlrnms5Ug6LK844KK5pa5IDPnqK7poZ7jga7pgI/pgY7njofpgJrosqkg5aSn6ZiqIOOAkOWVhuWTgeS4gOimp+OAkQ==[rn]
12-37268,aHR0cDovL3RzaG9wLnIxMHMuanAvYXVjLWF1dG9tYXgvY2FiaW5ldC8wMzQwNjYzOC9pbWdyYzAwNzExNDIwOTguanBnP2ZpdGluPTcwMDo3MDA=,NDgwLjAwMDA=,,6LuK55So5ZOB44O744OQ44Kk44Kv55So5ZOBID4g44Kr44O855So5ZOBID4g5YaF6KOF44OR44O844OEID4g44OV44Kj44Or44Og77yI44K544Oi44O844Kv77yJID4g44OI44Oo44K/55So,44CQ5Zyo5bqr5Yem5YiG44CRIOODleODreODs+ODiCAocykg44Oe44K444Kn44K544K/IFMxOCDjgqvjg4Pjg4jmuIjjgb8g44Kr44O844OV44Kj44Or44OgICjjg5fjg6njgqTjg5Djgrfjg7zjgrnjg6Ljg7zjgq8yNu+8hSnou4rnqK7liKUg44K544Oi44O844KvIOOCu+ODg+ODiCDou4rnqK7lsILnlKgg44Km44Kk44Oz44OJ44KmIOeqk+OCrOODqeOCuSDmiJDlvaIg44OV44Kk44Or44OgVVbjgqvjg4Pjg4gg44OP44O844OJ44Kz44O844OIIERJWSDmlr3lt6Ug5pa55rOVIOiyvOOCiuaWuSAz56iu6aGe44Gu6YCP6YGO546H6YCa6LKpIOWkp+mYqiDjgJDllYblk4HkuIDopqfjgJE=,,PENFTlRFUj48aW1nIHNyYz1odHRwOi8vaW1hZ2UucmFrdXRlbi5jby5qcC9hdWMtYXV0b21heC9jYWJpbmV0LzAzNDA2NjM4L2ltZ3JjMDA2ODE3NjkyMS5naWYgd2lkdGg9NjAwPjwvY2VudGVyPjxCUj48Q0VOVEVSPjxCUj48Rk9OVCBTSVpFPTUgQ09MT1I9I2ZmMDAwMD7lvZPlupfjga7jgqvjg4Pjg4jmuIjjgb/jgqvjg7zjg5XjgqPjg6vjg6Djga88L0ZPTlQ+PEJSPjxGT05UIFNJWkU9NSBDT0xPUj0jZmYwMDAwPjxCPk1BREXjgIBJTuOAgEpBUEFO44CAPC9CPjwvRk9OVD48QlI+PEZPTlQgU0laRT01IENPTE9SPSNmZjAwMDA+77yI57Sr5aSW57eaVVbjgIA5Oe+8heOCq+ODg+ODiO+8ieOBp+OBmeOAgjwvRk9OVD48QlI+PFRSPiA8VEQgSEVJR0hUPTY+PC9URD4gPFREIEhFSUdIVD02PjwvVEQ+IDxURCBIRUlHSFQ9Nj48L1REPiA8L1RSPjxCUj48Q0VOVEVSPjxGT05UIENPTE9SPSNDQ0JCQUEgU0laRT00PjxCPjwvQj48L0ZPTlQ+PEJSPjxCUj48VEFCTEUgV0lEVEg9NjAwIENFTExTUEFDSU5HPTEgQk9SREVSPTAgQ0VMTFBBRERJTkc9MSBCR0NPTE9SPSNDQ0NDQ0M+PFRSPjxURCBCR0NPTE9SPSNGRjdGNTA+PFRBQkxFIFdJRFRIPTEwMCUgQ0VMTFNQQUNJTkc9MiBCT1JERVI9MCBDRUxMUEFERElORz01PjxUUj48VEQgQUxJR049bGVmdCBCR0NPTE9SPSNGRjdGNTA+PEZPTlQgQ09MT1I9IzMzMzMzMyBTSVpFPTM+PEI+4piF4piF5ZWG5ZOB6Kqs5piO4piF4piFPC9CPjwvRk9OVD48L1REPjwvVFI+PC9UQUJMRT48VEFCTEUgV0lEVEg9MTAwJSBDRUxMU1BBQ0lORz0yIEJPUkRFUj0wIENFTExQQURESU5HPTA+PFRSPjxURCBIRUlHSFQ9MiBCR0NPTE9SPSNDQ0JCQUE+PC9URD48L1RSPjwvVEFCTEU+PFRBQkxFIFdJRFRIPTEwMCUgQ0VMTFNQQUNJTkc9MiBCT1JERVI9MCBDRUxMUEFERElORz01PjxUUj48VEQgQUxJR049bGVmdCBCR0NPTE9SPSNGRkY4RUU+PEZPTlQgQ09MT1I9IzMzMzMzMyBTSVpFPTM+PEJSPuS+oeagvOOCkui2iuOBiOOBn+WTgeizquOCkuaPkOS+m+OBhOOBn+OBl+OBpuOBiuOCiuOBvuOBmeOBruOBp+OBlOWuieW/g+OBj+OBoOOBleOBhOOAgjxCUj7lvZPmlrnjga7jg5XjgqPjg6vjg6Djga9JU08gOTAwMeWPluW+l+W3peWgtOOBq+OBpuijvemAoOOBleOCjOOAgTxCUj7kuJbnlYznmoTjgavmlaznp7DjgZXjgozjgovjgIBVS0FT44CM6Iux5Zu96KqN6Ki85qmf6Zai6KqN5a6a5a+p6K2w5Lya44CNPEJSPuOBruiqjeiovOOCguWPluW+l+OBl+OBpuOBiuOCiuOBvuOBmeOAguOAgOOAgFJlZy5OTyAwNTkuQTxCUj7imIXimIXimIXimIXimIXpganlkIjou4rnqK7imIXimIXimIXimIXimIU8QlI+6YGp5ZCI5Z6L5byPIFVaUzE4NuODu1VaUzE4NyA8QlI+6YGp5ZCI5bm05byPIOW5s+aIkO+8ke+8luW5tO+8l+aciO+9niA8QlI+4oC744Kr44OD44OI5riI44G/44Kr44O844OV44Kj44Or44Og44Gn44GZ44GM44CB5b2T6LuK56iu44Gv6Kq/5pW044Kr44OD44OI44GM5b+F6KaB44Gn44GZ44CCPGJyPuKYheKYheKYheKYheKYheOCu+ODg+ODiOWGheWuueKYheKYheKYheKYheKYhTxCUj48QlI+44GU5rOo5paH44Gu44Kr44Op44O844Gv5ZWG5ZOB5ZCN77yI5ZWG5ZOB44K/44Kk44OI44Or77yJ6KiY6LyJ44Gu44Kr44Op44O844Go44Gq44KK44G+44GZ44CCCjxCUj7jg5Xjg63jg7Pjg4jjga7loLTlkIg96YGL6Lui5bitL+WKqeaJi+W4reOAkOS4ieinkueqk+OBjOOBguOCi+OCguOBruOBr+WQq+OBvuOCjOOBvuOBmeOAkTxCUj7jg6rjgqJTRVTjga7loLTlkIg944OV44Ot44Oz44OI44CQ6YGL6Lui5bitL+WKqeaJi+W4reOAkeOCiOOCiuW+jOOCjeWFqOOBpuOBrlNFVOOBp+OBmTxCUj7nlLvlg4/jga/jgqTjg6Hjg7zjgrjjgafjgZnjga7jgafjgIDou4rnqK7jgavjgojjgornlbDjgarjgorjgb7jgZnjgII8QlI+44GU5rOo5paH5b6M44Gu6Imy44Gu5aSJ5pu044Gv5Ye65p2l44GL44Gt44G+44GZ44CCPEJSPjxCUj48QlI+44O7IOeUu+WDj+OBr+OCpOODoeODvOOCuOOBp+OBmeOAgjxCUj7jg7sg44OV44Kj44Or44Og44Gv44Kt44K644Gu44Gk44GN44Gr44GP44GEPEJSPuODj+ODvOODieOCs+ODvOODiOODleOCo+ODq+ODoOOCkuS9v+eUqOOBl+OBpuOBiuOCiuOBvuOBmeOAgjxCUj48QlI+PEZPTlQgU0laRT01PuKYheKYheKYheazqOaEj+S6i+mghS/lhY3osqzkuovpoIXimIXimIXimIU8L0ZPTlQ+PEJSPuODu+alreWLmeeUqOOBrueCuuWklueuseODu+iqrOaYjuabuOetieS7mOWxnuiHtOOBl+OBvuOBm+OCk+OAgjxCUj7jg7vpoJjlj47mm7jjga7nmbrooYzjga/jgafjgY3jgb7jgZvjgpPjga7jgafjgZTkuobmib/kuIvjgZXjgYTjgII8QlI+44O75L2/55So5rOV562J44Gr6Zai44GZ44KL44K144Od44O844OI44Gv5LiA5YiH5Ye65p2l44G+44Gb44KT44CCPEJSPumBqeWQiOOBi+WQpuOBi+OBq+OBpOOBjeOBvuOBl+OBpuOBr+WVhuWTgeiqrOaYjuOBq+iomOi8ieOBl+OBpuOBiuOCiuOBvuOBmTxCUj7pganlkIjou4rnqK7jg7vlnovlvI/jg7vlubTlvI/jgavjgabjgYrlrqLmp5jjgZToh6rouqvjgafjgZTliKTmlq3jgYrpoZjjgYToh7TjgZfjgb7jgZnjgII8QlI+PEJSPjxCUj48Rk9OVCBTSVpFPTU+44CQ44GU6LO85YWl5YmN44Gr5b+F44Ga44Kv44Oq44OD44Kv44CRPC9GT05UPjxCUj7jgZTos7zlhaXpoILjgYTjgZ/mmYLngrnjgafjgIHkuIroqJjjgpLjgq/jg6rjg4Pjgq/jgZc8QlI+44GU56K66KqN44O744GU5LqG5om/6aCC44GE44Gf5LiK44Gn44Gu44GU6LO85YWl44Go5Yik5pat44GXPEJSPuOBiuWPluW8leOBleOBm+OBpumgguOBjeOBvuOBmeOAgjxCUj7jgZTos7zlhaXlvozjga7jgq3jg6Pjg7Pjgrvjg6vjga/jgYrmlq3jgorjgZfjgabjgYrjgorjgb7jgZnjgII8QlI+PEJSPjxCUj48Rk9OVCBTSVpFPTY+44CQ5pat54ax44OV44Kj44Or44Og44G444Gu5aSJ5pu044Kq44OX44K344On44Oz44CRPC9GT05UPjxCUj7mlq3nhrHjgr/jgqTjg5fjga7jg5XjgqPjg6vjg6DjgpLjgZTluIzmnJvjga7loLTlkIjjgIHkuIroqJjjg6rjg7Pjgq/jgpLjgq/jg6rjg4Pjgq/jgZc8QlI+44GU5biM5pyb44Gu6LuK56iu5Yil44Kr44OD44OI5riI44G/44Kr44O844OV44Kj44Or44Og44Go5LiA57eS44Gr44CB44GU6LO85YWl5omL57aa44GN44GK6aGY44GE44GX44G+44GZ44CCPEJSPjxCUj4KPC9GT05UPjwvVEQ+PC9UUj48L1RBQkxFPjwvVEQ+PC9UUj48L1RBQkxFPjxCUj48QlI+PEJSPjxUQUJMRSBXSURUSD02MDAgQ0VMTFNQQUNJTkc9MSBCT1JERVI9MCBDRUxMUEFERElORz0xIEJHQ09MT1I9I0NDQ0NDQz48VFI+PFREIEJHQ09MT1I9I0ZGN0Y1MD48VEFCTEUgV0lEVEg9MTAwJSBDRUxMU1BBQ0lORz0yIEJPUkRFUj0wIENFTExQQURESU5HPTU+PFRSPjxURCBBTElHTj1sZWZ0IEJHQ09MT1I9I0ZGN0Y1MD48Rk9OVCBDT0xPUj0jMzMzMzMzIFNJWkU9Mz48Qj7imIXimIXnmbrpgIHmlrnms5Uv6YCB5paZ4piF4piFPC9CPjwvRk9OVD48L1REPjwvVFI+PC9UQUJMRT48VEFCTEUgV0lEVEg9MTAwJSBDRUxMU1BBQ0lORz0yIEJPUkRFUj0wIENFTExQQURESU5HPTA+PFRSPjxURCBIRUlHSFQ9MiBCR0NPTE9SPSNDQ0JCQUE+PC9URD48L1RSPjwvVEFCTEU+PFRBQkxFIFdJRFRIPTEwMCUgQ0VMTFNQQUNJTkc9MiBCT1JERVI9MCBDRUxMUEFERElORz01PjxUUj48VEQgQUxJR049bGVmdCBCR0NPTE9SPSNGRkY4RUU+PEZPTlQgQ09MT1I9IzMzMzMzMyBTSVpFPTM+PEJSPuWVhuWTgeWQjeOBq+OAkOmAgeaWmeeEoeaWmeOAkeOBruiomOi8ieOBjOOBguOCi+WgtOWQiOOBr+OAgemAgeaWmeeEoeaWmeOBp+OBmeOAgjxCUj48QlI+PEZPTlQgU0laRT01PuOAkOWFqOWbvemAgeaWmeihqOOAkTwvRk9OVD7jgpLjgZTnorroqo3kuIvjgZXjgYTjgb7jgZvjgII8QlI+PEJSPuikh+aVsOOBruWVhuWTgeOCkuWQjOaiseWPr+iDveOBp+OBmeOAgjxCUj7igLvlkIzmorHjgpLjgZTluIzmnJvjga7loLTlkIjjgIHlv4XjgZrlkIzjgZjjgYrosrfjgYTnianjgqvjgrTvvIjjgqvjg7zjg4jvvInjgafjgZTms6jmlofkuIvjgZXjgYTjgII8QlI+5rOo5oSP77ya44Kr44O844OV44Kj44Or44Og44Gu6KSH5pWw5ZCM5qKx44Gu5aC05ZCI5LiA44Gk44Gu562S44Gr44G+44Go44KB44Gm5qKx5YyF6Ie044GX44G+44GZ44CCPEJSPuS6iOOCgeOBlOS6huaJv+S4i+OBleOBhOOBvuOBm+OAgjxCUj48QlI+4oC75Yil44CF44Gu44GK6LK344GE54mp44Kr44K044Gn5rOo5paH44GV44KM44Gf5aC05ZCI44Gv5Yil44CF44Gu562S44Gr5qKx5YyF44GX55m66YCB6Ie044GX44G+44GZ44CCPEJSPuOBneOBrueCuuOAgemAgeaWmeODu+S7o+W8leOBjeaJi+aVsOaWmeOBr+eZuumAgeWAi+aVsOWIhuiri+axguOBleOBm+OBpumgguOBjeOBvuOBmeOAgjxCUj48QlI+4oC75Yil44CF44Gu44GK6LK344GE54mp44Kr44K044Gn5rOo5paH44GX44CB6YCB5paZ77yR5YCL5Y+j5YiG44Gn44Gu44GK5pSv5omV44GEPEJSPuOBleOCjOOBn+WgtOWQiOOBr+WQjOaiseW4jOacm+OBqOWIpOaWreOBl+eZuumAgeiHtOOBl+OBvuOBmeOAgjxCUj48QlI+4piF55m66YCB44Gr6Zai44GZ44KL5rOo5oSP5LqL6aCF4piFPEJSPi0tLS0tLS0tLS0tLS0tLS0tLS0tLS0tLS0tLS0tLS0tLS0tLS0tLS0gPEJSPuW9k+aWueaMh+WumuWuheaApeS+v+OBp+OBmeOBruOBp+mFjemAgealreiAheOBr+mBuOaKnuOBp+OBjeOBvuOBm+OCk+OAgiA8QlI+5pmC6ZaT5oyH5a6a44Gv5a++5b+c44GE44Gf44GX44Gm44GK44KK44G+44Gb44KT44CCPEJSPueZuumAgemAo+e1oeOBq+iomOi8ieOBruWVj+OBhOWQiOOCj+OBm+eVquWPt+OBp+OBlOiHqui6q+OBp+OBlOeiuuiqjemgguOBkeOBvuOBmeOAgjxCUj7pm6Lls7bjga/nmbrpgIHjgYzkuIDml6XpgYXjgozjgb7jgZnjgIIgPEJSPi0tLS0tLS0tLS0tLS0tLS0tLS0tLS0tLS0tLS0tLS0tLS0tLS0tLS08QlI+4piF5ZWG5ZOB5Luj5byV4piF44CA44CAPEJSPuWuheaApeS+v+mAgeaWmSvliKXpgJTmiYvmlbDmlpnvvJPvvJfvvJDlhoYgPEJSPi0tLS0tLS0tLS0tLS0tLS0tLS0tLS0tLS0tLS0tLS0tLS0tLS0tLS0gPEJSPjEy5pmC5Y2K44G+44Gn44Gr44GU5YWl6YeR44GM56K66KqN5Ye65p2l44Gf44GU5rOo5paH44CBPEJSPuOBvuOBn+OBr+WVhuWTgeS7o+W8leOBruOBlOazqOaWh+OBr+WNs+aXpeeZuumAgeOBleOBm+OBpumgguOBjeOBvuOBmeOAgjxCUj7lrprkvJHml6XjgIDkvJrnpL7mpoLopoHoqJjovIkv6Ieo5pmC5LyR5qWt44Gu44GU5qGI5YaF44Gv5b2T5bqX44Oa44O844K45YaF44Gr5o6y6LyJ44GX44G+44GZ44CCPC9GT05UPjwvVEQ+PC9UUj48L1RBQkxFPjwvVEQ+PC9UUj48L1RBQkxFPjxCUj48VEFCTEUgV0lEVEg9NjAwIENFTExTUEFDSU5HPTEgQk9SREVSPTAgQ0VMTFBBRERJTkc9MSBCR0NPTE9SPSNDQ0NDQ0M+PFRSPjxURCBCR0NPTE9SPSNGRjdGNTA+PFRBQkxFIFdJRFRIPTEwMCUgQ0VMTFNQQUNJTkc9MiBCT1JERVI9MCBDRUxMUEFERElORz01PjxUUj48VEQgQUxJR049bGVmdCBCR0NPTE9SPSNGRjdGNTA+PEZPTlQgQ09MT1I9IzMzMzMzMyBTSVpFPTM+PEI+4piF4piF5pSv5omV5pa55rOV4piFPC9CPjwvRk9OVD48L1REPjwvVFI+PC9UQUJMRT48VEFCTEUgV0lEVEg9MTAwJSBDRUxMU1BBQ0lORz0yIEJPUkRFUj0wIENFTExQQURESU5HPTA+PFRSPjxURCBIRUlHSFQ9MiBCR0NPTE9SPSNDQ0JCQUE+PC9URD48L1RSPjwvVEFCTEU+PFRBQkxFIFdJRFRIPTEwMCUgQ0VMTFNQQUNJTkc9MiBCT1JERVI9MCBDRUxMUEFERElORz01PjxUUj48VEQgQUxJR049bGVmdCBCR0NPTE9SPSNGRkY4RUU+PEZPTlQgQ09MT1I9IzMzMzMzMyBTSVpFPTM+4peP5qW95aSp6YqA6KGM44CA5oyv6L68PEJSPuKXj+WVhuWTgeS7o+W8lTxCUj7il4/jgq/jg6zjgrjjg4Pjg4jjgqvjg7zjg4nmsbrmuIg8QlI+4peP44Kz44Oz44OT44OL5rG65riI77yI5YmN5omV44GE77yJPEJSPuKXj+alveWkqUVkeeaxuua4iDxCUj7il49hdeOBi+OCk+OBn+OCk+axuua4iDxCUj48L0ZPTlQ+PC9URD48L1RSPjwvVEFCTEU+PC9URD48L1RSPjwvVEFCTEU+PEJSPjxpbWcgc3JjPWh0dHA6Ly9pbWFnZS5yYWt1dGVuLmNvLmpwL2F1Yy1hdXRvbWF4L2NhYmluZXQvMDM0MDY2MzgvaW1ncmMwMDY4MTc2OTI0LmdpZiB3aWR0aD02MDA+PEJSPjxCUj48SU1HIFNSQz1odHRwOi8vaW1hZ2UucmFrdXRlbi5jby5qcC9hdWMtYXV0b21heC9jYWJpbmV0LzAzNTYxOTI1L2ltZzYzMTkzNzgzLmdpZiBXSURUSD02MDA+PC9DRU5URVI+PEJSPjxCUj48Q0VOVEVSPjxJTUcgV0lEVEg9NTIwIFNSQz1odHRwOi8vaW1hZ2UucmFrdXRlbi5jby5qcC9hdWMtYXV0b21heC9jYWJpbmV0LzAyNTY1NzE3L2ltZzY0NzUzMTExLmdpZj48QlI+PElNRyBXSURUSD01MjAgU1JDPWh0dHA6Ly9pbWFnZS5yYWt1dGVuLmNvLmpwL2F1Yy1hdXRvbWF4L2NhYmluZXQvMDI1NjU3MTcvaW1nNjQ3NTc5ODcuZ2lmPjxCUj48L0NFTlRFUj48L0NFTlRFUj48L1RBQkxFPjwvQ0VOVEVSPjxjZW50ZXI+Cjxicj4KPGltZyBTUkM9aHR0cDovL2ltYWdlLnJha3V0ZW4uY28uanAvYXVjLWF1dG9tYXgvY2FiaW5ldC9pbWdyYzAwNjczODIyNzYuZ2lmIHdpZHRoPTY3MCBoZWlnaHQ9NDAwPjxCUj4KPGJyPgo8aW1nIFNSQz1odHRwOi8vaW1hZ2UucmFrdXRlbi5jby5qcC9hdWMtYXV0b21heC9jYWJpbmV0L2ltZzYwMzMzMDA0LmdpZiB3aWR0aD02NzAgaGVpZ2h0PTEyMD48QlI+Cjxicj4KCjxicj48L2NlbnRlcj4=,44CQ5Zyo5bqr5Yem5YiG44CRIOODleODreODs+ODiCAocykg44Oe44K444Kn44K544K/IFMxOCDjgqvjg4Pjg4jmuIjjgb8g44Kr44O844OV44Kj44Or44OgICjjg5fjg6njgqTjg5Djgrfjg7zjgrnjg6Ljg7zjgq8yNu+8hSnou4rnqK7liKUg44K544Oi44O844KvIOOCu+ODg+ODiCDou4rnqK7lsILnlKgg44Km44Kk44Oz44OJ44KmIOeqk+OCrOODqeOCuSDmiJDlvaIg44OV44Kk44Or44OgVVbjgqvjg4Pjg4gg44OP44O844OJ44Kz44O844OIIERJWSDmlr3lt6Ug5pa55rOVIOiyvOOCiuaWuSAz56iu6aGe44Gu6YCP6YGO546H6YCa6LKpIOWkp+mYqiDjgJDllYblk4HkuIDopqfjgJHvvJpBVVRPTUFYIGl6dW1p,44Kr44OD44OG44Kj44Oz44Kw44K344O844OI44Oi44OL44K/44O844K544K/44Oz44OJ44Ki44Or44Kr44Oz44K/44O844Op6Kq/44K544Ko44O844OJ55Sf5Zyw44K344O844OI5rGO55So44OR44O844OE6Ieq5YuV6LuK44Ki44Kv44K744K144Oq44O844Oh44OD44Kt44Oi44O844Or6YCB5paZ54Sh5paZ44K544OG44OD44Kr44O844Kr44O855So5ZOB44OQ44Kk44Kv55So5ZOB44OJ44Os44K544Ki44OD44OX44Op44Kw44K444Ol44Ki44Oq44O85YaF6KOF5aSW6KOF44Kr44OD44OI5riI44G/44Kr44O844OV44Kj44Or44Og5aSn6Ziq6YCa6LKp5r+A5a6J5qC85a6J5pa95bel44CQ5Zyo5bqr5Yem5YiG44CRIOODleODreODs+ODiCAocykg44Oe44K444Kn44K544K/IFMxOCDjgqvjg4Pjg4jmuIjjgb8g44Kr44O844OV44Kj44Or44OgICjjg5fjg6njgqTjg5Djgrfjg7zjgrnjg6Ljg7zjgq8yNu+8hSnou4rnqK7liKUg44K544Oi44O844KvIOOCu+ODg+ODiCDou4rnqK7lsILnlKgg44Km44Kk44Oz44OJ44KmIOeqk+OCrOODqeOCuSDmiJDlvaIg44OV44Kk44Or44OgVVbjgqvjg4Pjg4gg44OP44O844OJ44Kz44O844OIIERJWSDmlr3lt6Ug5pa55rOVIOiyvOOCiuaWuSAz56iu6aGe44Gu6YCP6YGO546H6YCa6LKpIOWkp+mYqiDjgJDllYblk4HkuIDopqfjgJE=,44GT44Gu5ZWG5ZOB44Gv6YCB5paZIOWFqOWbveS4gOW+izYwMOWGhiDjgafjgZko5YyX5rW36YGTL+aylue4hOmZpOOBjynlkIzmorHlj6/og73jgILjgILjgJDlnKjluqvlh6bliIbjgJEg44OV44Ot44Oz44OIIChzKSDjg57jgrjjgqfjgrnjgr8gUzE4IOOCq+ODg+ODiOa4iOOBvyDjgqvjg7zjg5XjgqPjg6vjg6AgKOODl+ODqeOCpOODkOOCt+ODvOOCueODouODvOOCrzI277yFKei7iueoruWIpSDjgrnjg6Ljg7zjgq8g44K744OD44OIIOi7iueoruWwgueUqCDjgqbjgqTjg7Pjg4njgqYg56qT44Ks44Op44K5IOaIkOW9oiDjg5XjgqTjg6vjg6BVVuOCq+ODg+ODiCDjg4/jg7zjg4njgrPjg7zjg4ggRElZIOaWveW3pSDmlrnms5Ug6LK844KK5pa5IDPnqK7poZ7jga7pgI/pgY7njofpgJrosqkg5aSn6ZiqIOOAkOWVhuWTgeS4gOimp+OAkQ==[rn]
12-37269,aHR0cDovL3RzaG9wLnIxMHMuanAvYXVjLWF1dG9tYXgvY2FiaW5ldC8wMjU2NTcxNy9pbWc2NDIyMTM3Mi5qcGc/Zml0aW49NzAwOjcwMA==,MTUxNi4wMDAw,,6LuK55So5ZOB44O744OQ44Kk44Kv55So5ZOBID4g44Kr44O855So5ZOBID4g5YaF6KOF44OR44O844OEID4g44OV44Kj44Or44Og77yI44K544Oi44O844Kv77yJID4g44OI44Oo44K/55So,44GC44GZ5qW9IOWvvuW/nCDjg6rjgqIgKHMpIOODnuOCuOOCp+OCueOCvyA0RCDjg4/jg7zjg4njg4jjg4Pjg5cgUzE0IOOCq+ODg+ODiOa4iOOBvyDjgqvjg7zjg5XjgqPjg6vjg6Ag6LuK56iu5YilIOOCueODouODvOOCryDjgrvjg4Pjg4gg6LuK56iu5bCC55SoIOOCpuOCpOODs+ODieOCpiDnqpPjgqzjg6njgrkg5oiQ5b2iIOODleOCpOODq+ODoFVW44Kr44OD44OIIOODj+ODvOODieOCs+ODvOODiCBESVkg5pa95belIOaWueazlSDosrzjgormlrkgM+eorumhnuOBrumAj+mBjueOh+mAmuiyqSDlpKfpmKog44CQ5ZWG5ZOB5LiA6Kan44CR,,PENFTlRFUj48aW1nIHNyYz1odHRwOi8vaW1hZ2UucmFrdXRlbi5jby5qcC9hdWMtYXV0b21heC9jYWJpbmV0LzAzNDA2NjM4L2ltZ3JjMDA2ODE3NjkyMS5naWYgd2lkdGg9NjAwPjwvY2VudGVyPjxCUj48Q0VOVEVSPjxCUj48Rk9OVCBTSVpFPTUgQ09MT1I9I2ZmMDAwMD7lvZPlupfjga7jgqvjg4Pjg4jmuIjjgb/jgqvjg7zjg5XjgqPjg6vjg6Djga88L0ZPTlQ+PEJSPjxGT05UIFNJWkU9NSBDT0xPUj0jZmYwMDAwPjxCPk1BREXjgIBJTuOAgEpBUEFO44CAPC9CPjwvRk9OVD48QlI+PEZPTlQgU0laRT01IENPTE9SPSNmZjAwMDA+77yI57Sr5aSW57eaVVbjgIA5Oe+8heOCq+ODg+ODiO+8ieOBp+OBmeOAgjwvRk9OVD48QlI+PFRSPiA8VEQgSEVJR0hUPTY+PC9URD4gPFREIEhFSUdIVD02PjwvVEQ+IDxURCBIRUlHSFQ9Nj48L1REPiA8L1RSPjxCUj48Q0VOVEVSPjxGT05UIENPTE9SPSNDQ0JCQUEgU0laRT00PjxCPjwvQj48L0ZPTlQ+PEJSPjxCUj48VEFCTEUgV0lEVEg9NjAwIENFTExTUEFDSU5HPTEgQk9SREVSPTAgQ0VMTFBBRERJTkc9MSBCR0NPTE9SPSNDQ0NDQ0M+PFRSPjxURCBCR0NPTE9SPSNGRjdGNTA+PFRBQkxFIFdJRFRIPTEwMCUgQ0VMTFNQQUNJTkc9MiBCT1JERVI9MCBDRUxMUEFERElORz01PjxUUj48VEQgQUxJR049bGVmdCBCR0NPTE9SPSNGRjdGNTA+PEZPTlQgQ09MT1I9IzMzMzMzMyBTSVpFPTM+PEI+4piF4piF5ZWG5ZOB6Kqs5piO4piF4piFPC9CPjwvRk9OVD48L1REPjwvVFI+PC9UQUJMRT48VEFCTEUgV0lEVEg9MTAwJSBDRUxMU1BBQ0lORz0yIEJPUkRFUj0wIENFTExQQURESU5HPTA+PFRSPjxURCBIRUlHSFQ9MiBCR0NPTE9SPSNDQ0JCQUE+PC9URD48L1RSPjwvVEFCTEU+PFRBQkxFIFdJRFRIPTEwMCUgQ0VMTFNQQUNJTkc9MiBCT1JERVI9MCBDRUxMUEFERElORz01PjxUUj48VEQgQUxJR049bGVmdCBCR0NPTE9SPSNGRkY4RUU+PEZPTlQgQ09MT1I9IzMzMzMzMyBTSVpFPTM+PEJSPuS+oeagvOOCkui2iuOBiOOBn+WTgeizquOCkuaPkOS+m+OBhOOBn+OBl+OBpuOBiuOCiuOBvuOBmeOBruOBp+OBlOWuieW/g+OBj+OBoOOBleOBhOOAgjxCUj7lvZPmlrnjga7jg5XjgqPjg6vjg6Djga9JU08gOTAwMeWPluW+l+W3peWgtOOBq+OBpuijvemAoOOBleOCjOOAgTxCUj7kuJbnlYznmoTjgavmlaznp7DjgZXjgozjgovjgIBVS0FT44CM6Iux5Zu96KqN6Ki85qmf6Zai6KqN5a6a5a+p6K2w5Lya44CNPEJSPuOBruiqjeiovOOCguWPluW+l+OBl+OBpuOBiuOCiuOBvuOBmeOAguOAgOOAgFJlZy5OTyAwNTkuQTxCUj48QlI+4piF4piF4piF4piF4piF6YGp5ZCI6LuK56iu4piF4piF4piF4piF4piFPEJSPjxCUj4KIOODoeODvOOCq+ODvO+8muODiOODqOOCvyA8QlI+6LuK5ZCN77ya44Oe44K444Kn44K544K/44CA77yU44OJ44Ki44OP44O844OJ44OI44OD44OXIDxCUj7ou4rovIzlnovlvI/vvJpVWlMvSlpTMTQx44O7MTQz44O7MTQ144O7MTQ344O7MTQ5IDxCUj7lubTlvI/vvJrlubPmiJAzLjEw772eNy44CjxCUj48QlI+4piF4piF4piF4piF4piF44K744OD44OI5YaF5a654piF4piF4piF4piF4piFPEJSPjxCUj7jgr/jgqTjg4jjg6vjga7jgoLjga7jgajjgarjgorjgb7jgZnjgII8QlI+44OV44Ot44Oz44OI44Gu5aC05ZCIPemBi+i7ouW4rS/liqnmiYvluK3jgJDkuInop5LnqpPjgYzjgYLjgovjgoLjga7jga/lkKvjgb7jgozjgb7jgZnjgJE8QlI+44Oq44KiU0VU44Gu5aC05ZCIPeODleODreODs+ODiOOAkOmBi+i7ouW4rS/liqnmiYvluK3jgJHjgojjgorlvozjgo3lhajjgabjga5TRVTjgafjgZk8QlI+55S75YOP44Gv44Kk44Oh44O844K444Gn44GZ44Gu44Gn44CA6LuK56iu44Gr44KI44KK55Ww44Gq44KK44G+44GZ44CCPEJSPuOBlOizvOWFpeaZguOAgTPoibLjga7kuK3jgYvjgonjgYrpgbjjgbPjgY/jgaDjgZXjgYTjgII8QlI+44O744KC44Gj44Go44KC5r+D44GE44K544Oi44O844KvPeOCueODvOODkeODvOODluODqeODg+OCr++8le+8hTxCUj7jg7vmv4PjgYTjgrnjg6Ljg7zjgq8944OA44O844Kv44K544Oi44O844Kv77yR77yV77yFPEJSPuODu+e0lOato+WQjOanmOOBruOCueODouODvOOCrz3jg5fjg6njgqTjg5Djgrfjg7zjgrnjg6Ljg7zjgq/vvJLvvJbvvIU8QlI+44GU5rOo5paH5b6M44Gu6Imy44Gu5aSJ5pu044Gv5Ye65p2l44GL44Gt44G+44GZ44CCPEJSPjxCUj48QlI+44O7IOeUu+WDj+OBr+OCpOODoeODvOOCuOOBp+OBmeOAgjxCUj7jg7sg44OV44Kj44Or44Og44Gv44Kt44K644Gu44Gk44GN44Gr44GP44GEPEJSPuODj+ODvOODieOCs+ODvOODiOODleOCo+ODq+ODoOOCkuS9v+eUqOOBl+OBpuOBiuOCiuOBvuOBmeOAgjxCUj48QlI+PEZPTlQgU0laRT01PuKYheKYheKYheazqOaEj+S6i+mghS/lhY3osqzkuovpoIXimIXimIXimIU8L0ZPTlQ+PEJSPuODu+alreWLmeeUqOOBrueCuuWklueuseODu+iqrOaYjuabuOetieS7mOWxnuiHtOOBl+OBvuOBm+OCk+OAgjxCUj7jg7vpoJjlj47mm7jjga7nmbrooYzjga/jgafjgY3jgb7jgZvjgpPjga7jgafjgZTkuobmib/kuIvjgZXjgYTjgII8QlI+44O75L2/55So5rOV562J44Gr6Zai44GZ44KL44K144Od44O844OI44Gv5LiA5YiH5Ye65p2l44G+44Gb44KT44CCPEJSPumBqeWQiOOBi+WQpuOBi+OBq+OBpOOBjeOBvuOBl+OBpuOBr+WVhuWTgeiqrOaYjuOBq+iomOi8ieOBl+OBpuOBiuOCiuOBvuOBmTxCUj7pganlkIjou4rnqK7jg7vlnovlvI/jg7vlubTlvI/jgavjgabjgYrlrqLmp5jjgZToh6rouqvjgafjgZTliKTmlq3jgYrpoZjjgYToh7TjgZfjgb7jgZnjgII8QlI+PEJSPjxCUj48Rk9OVCBTSVpFPTU+44CQ44GU6LO85YWl5YmN44Gr5b+F44Ga44Kv44Oq44OD44Kv44CRPC9GT05UPjxCUj7jgZTos7zlhaXpoILjgYTjgZ/mmYLngrnjgafjgIHkuIroqJjjgpLjgq/jg6rjg4Pjgq/jgZc8QlI+44GU56K66KqN44O744GU5LqG5om/6aCC44GE44Gf5LiK44Gn44Gu44GU6LO85YWl44Go5Yik5pat44GXPEJSPuOBiuWPluW8leOBleOBm+OBpumgguOBjeOBvuOBmeOAgjxCUj7jgZTos7zlhaXlvozjga7jgq3jg6Pjg7Pjgrvjg6vjga/jgYrmlq3jgorjgZfjgabjgYrjgorjgb7jgZnjgII8QlI+PEJSPjxCUj48Rk9OVCBTSVpFPTU+44CQ5pat54ax44OV44Kj44Or44Og44G444Gu5aSJ5pu044Kq44OX44K344On44Oz44CRPC9GT05UPjxCUj7mlq3nhrHjgr/jgqTjg5fjga7jg5XjgqPjg6vjg6DjgpLjgZTluIzmnJvjga7loLTlkIjjgIHkuIroqJjjg6rjg7Pjgq/jgpLjgq/jg6rjg4Pjgq/jgZc8QlI+44GU5biM5pyb44Gu6LuK56iu5Yil44Kr44OD44OI5riI44G/44Kr44O844OV44Kj44Or44Og44Go5LiA57eS44Gr44CB44GU6LO85YWl5omL57aa44GN44GK6aGY44GE44GX44G+44GZ44CCPEJSPjxCUj48QlI+PEZPTlQgU0laRT01PuOAkOODn+ODqeODvOODleOCo+ODq+ODoOOBp+OBruOCq+ODg+ODiCDjgqrjg5fjgrfjg6fjg7PjgJE8L0ZPTlQ+PEJSPuODn+ODqeODvOODleOCo+ODq+ODoOOBp+OBruijveS9nOOCkuOBlOW4jOacm+OBruWgtOWQiOOAgeS4iuiomOODquODs+OCr+OCkuOCr+ODquODg+OCr+OBlzxCUj7jgZTluIzmnJvjga7ou4rnqK7liKXjgqvjg4Pjg4jmuIjjgb/jgqvjg7zjg5XjgqPjg6vjg6DjgajkuIDnt5LjgavjgIHjgZTos7zlhaXmiYvntprjgY3jgYrpoZjjgYTjgZfjgb7jgZnjgIIKPC9GT05UPjwvVEQ+PC9UUj48L1RBQkxFPjwvVEQ+PC9UUj48L1RBQkxFPjxCUj48QlI+PEJSPjxUQUJMRSBXSURUSD02MDAgQ0VMTFNQQUNJTkc9MSBCT1JERVI9MCBDRUxMUEFERElORz0xIEJHQ09MT1I9I0NDQ0NDQz48VFI+PFREIEJHQ09MT1I9I0ZGN0Y1MD48VEFCTEUgV0lEVEg9MTAwJSBDRUxMU1BBQ0lORz0yIEJPUkRFUj0wIENFTExQQURESU5HPTU+PFRSPjxURCBBTElHTj1sZWZ0IEJHQ09MT1I9I0ZGN0Y1MD48Rk9OVCBDT0xPUj0jMzMzMzMzIFNJWkU9Mz48Qj7imIXimIXnmbrpgIHmlrnms5Uv6YCB5paZ4piF4piFPC9CPjwvRk9OVD48L1REPjwvVFI+PC9UQUJMRT48VEFCTEUgV0lEVEg9MTAwJSBDRUxMU1BBQ0lORz0yIEJPUkRFUj0wIENFTExQQURESU5HPTA+PFRSPjxURCBIRUlHSFQ9MiBCR0NPTE9SPSNDQ0JCQUE+PC9URD48L1RSPjwvVEFCTEU+PFRBQkxFIFdJRFRIPTEwMCUgQ0VMTFNQQUNJTkc9MiBCT1JERVI9MCBDRUxMUEFERElORz01PjxUUj48VEQgQUxJR049bGVmdCBCR0NPTE9SPSNGRkY4RUU+PEZPTlQgQ09MT1I9IzMzMzMzMyBTSVpFPTM+PEJSPuWVhuWTgeWQjeOBq+OAkOmAgeaWmeeEoeaWmeOAkeOBruiomOi8ieOBjOOBguOCi+WgtOWQiOOBr+OAgemAgeaWmeeEoeaWmeOBp+OBmeOAgjxCUj48QlI+PEZPTlQgU0laRT01PuOAkOWFqOWbvemAgeaWmeihqOOAkTwvRk9OVD7jgpLjgZTnorroqo3kuIvjgZXjgYTjgb7jgZvjgII8QlI+PEJSPuikh+aVsOOBruWVhuWTgeOCkuWQjOaiseWPr+iDveOBp+OBmeOAgjxCUj7igLvlkIzmorHjgpLjgZTluIzmnJvjga7loLTlkIjjgIHlv4XjgZrlkIzjgZjjgYrosrfjgYTnianjgqvjgrTvvIjjgqvjg7zjg4jvvInjgafjgZTms6jmlofkuIvjgZXjgYTjgII8QlI+5rOo5oSP77ya44Kr44O844OV44Kj44Or44Og44Gu6KSH5pWw5ZCM5qKx44Gu5aC05ZCI5LiA44Gk44Gu562S44Gr44G+44Go44KB44Gm5qKx5YyF6Ie044GX44G+44GZ44CCPEJSPuS6iOOCgeOBlOS6huaJv+S4i+OBleOBhOOBvuOBm+OAgjxCUj48QlI+4oC75Yil44CF44Gu44GK6LK344GE54mp44Kr44K044Gn5rOo5paH44GV44KM44Gf5aC05ZCI44Gv5Yil44CF44Gu562S44Gr5qKx5YyF44GX55m66YCB6Ie044GX44G+44GZ44CCPEJSPuOBneOBrueCuuOAgemAgeaWmeODu+S7o+W8leOBjeaJi+aVsOaWmeOBr+eZuumAgeWAi+aVsOWIhuiri+axguOBleOBm+OBpumgguOBjeOBvuOBmeOAgjxCUj48QlI+4oC75Yil44CF44Gu44GK6LK344GE54mp44Kr44K044Gn5rOo5paH44GX44CB6YCB5paZ77yR5YCL5Y+j5YiG44Gn44Gu44GK5pSv5omV44GEPEJSPuOBleOCjOOBn+WgtOWQiOOBr+WQjOaiseW4jOacm+OBqOWIpOaWreOBl+eZuumAgeiHtOOBl+OBvuOBmeOAgjxCUj48QlI+4piF55m66YCB44Gr6Zai44GZ44KL5rOo5oSP5LqL6aCF4piFPEJSPi0tLS0tLS0tLS0tLS0tLS0tLS0tLS0tLS0tLS0tLS0tLS0tLS0tLS0gPEJSPuW9k+aWueaMh+WumuWuheaApeS+v+OBp+OBmeOBruOBp+mFjemAgealreiAheOBr+mBuOaKnuOBp+OBjeOBvuOBm+OCk+OAgiA8QlI+5pmC6ZaT5oyH5a6a44Gv5a++5b+c44GE44Gf44GX44Gm44GK44KK44G+44Gb44KT44CCPEJSPueZuumAgemAo+e1oeOBq+iomOi8ieOBruWVj+OBhOWQiOOCj+OBm+eVquWPt+OBp+OBlOiHqui6q+OBp+OBlOeiuuiqjemgguOBkeOBvuOBmeOAgjxCUj7pm6Lls7bjga/nmbrpgIHjgYzkuIDml6XpgYXjgozjgb7jgZnjgIIgPEJSPi0tLS0tLS0tLS0tLS0tLS0tLS0tLS0tLS0tLS0tLS0tLS0tLS0tLS08QlI+4piF5ZWG5ZOB5Luj5byV4piF44CA44CAPEJSPuWuheaApeS+v+mAgeaWmSvliKXpgJTmiYvmlbDmlpnvvJPvvJfvvJDlhoYgPEJSPi0tLS0tLS0tLS0tLS0tLS0tLS0tLS0tLS0tLS0tLS0tLS0tLS0tLS0gPEJSPjEy5pmC5Y2K44G+44Gn44Gr44GU5YWl6YeR44GM56K66KqN5Ye65p2l44Gf44GU5rOo5paH44CBPEJSPuOBvuOBn+OBr+WVhuWTgeS7o+W8leOBruOBlOazqOaWh+OBr+WNs+aXpeeZuumAgeOBleOBm+OBpumgguOBjeOBvuOBmeOAgjxCUj7lrprkvJHml6XjgIDkvJrnpL7mpoLopoHoqJjovIkv6Ieo5pmC5LyR5qWt44Gu44GU5qGI5YaF44Gv5b2T5bqX44Oa44O844K45YaF44Gr5o6y6LyJ44GX44G+44GZ44CCPC9GT05UPjwvVEQ+PC9UUj48L1RBQkxFPjwvVEQ+PC9UUj48L1RBQkxFPjxCUj48VEFCTEUgV0lEVEg9NjAwIENFTExTUEFDSU5HPTEgQk9SREVSPTAgQ0VMTFBBRERJTkc9MSBCR0NPTE9SPSNDQ0NDQ0M+PFRSPjxURCBCR0NPTE9SPSNGRjdGNTA+PFRBQkxFIFdJRFRIPTEwMCUgQ0VMTFNQQUNJTkc9MiBCT1JERVI9MCBDRUxMUEFERElORz01PjxUUj48VEQgQUxJR049bGVmdCBCR0NPTE9SPSNGRjdGNTA+PEZPTlQgQ09MT1I9IzMzMzMzMyBTSVpFPTM+PEI+4piF4piF5pSv5omV5pa55rOV4piFPC9CPjwvRk9OVD48L1REPjwvVFI+PC9UQUJMRT48VEFCTEUgV0lEVEg9MTAwJSBDRUxMU1BBQ0lORz0yIEJPUkRFUj0wIENFTExQQURESU5HPTA+PFRSPjxURCBIRUlHSFQ9MiBCR0NPTE9SPSNDQ0JCQUE+PC9URD48L1RSPjwvVEFCTEU+PFRBQkxFIFdJRFRIPTEwMCUgQ0VMTFNQQUNJTkc9MiBCT1JERVI9MCBDRUxMUEFERElORz01PjxUUj48VEQgQUxJR049bGVmdCBCR0NPTE9SPSNGRkY4RUU+PEZPTlQgQ09MT1I9IzMzMzMzMyBTSVpFPTM+4peP5qW95aSp6YqA6KGM44CA5oyv6L68PEJSPuKXj+WVhuWTgeS7o+W8lTxCUj7il4/jgq/jg6zjgrjjg4Pjg4jjgqvjg7zjg4nmsbrmuIg8QlI+4peP44Kz44Oz44OT44OL5rG65riI77yI5YmN5omV44GE77yJPEJSPuKXj+alveWkqUVkeeaxuua4iDxCUj7il49hdeOBi+OCk+OBn+OCk+axuua4iDxCUj48L0ZPTlQ+PC9URD48L1RSPjwvVEFCTEU+PC9URD48L1RSPjwvVEFCTEU+PEJSPjxpbWcgc3JjPWh0dHA6Ly9pbWFnZS5yYWt1dGVuLmNvLmpwL2F1Yy1hdXRvbWF4L2NhYmluZXQvMDM0MDY2MzgvaW1ncmMwMDY4MTc2OTI0LmdpZiB3aWR0aD02MDA+PEJSPjxCUj48SU1HIFNSQz1odHRwOi8vaW1hZ2UucmFrdXRlbi5jby5qcC9hdWMtYXV0b21heC9jYWJpbmV0LzAzNTYxOTI1L2ltZzYzMTkzNzgzLmdpZiBXSURUSD02MDA+PC9DRU5URVI+PEJSPjxCUj48Q0VOVEVSPjxJTUcgV0lEVEg9NTIwIFNSQz1odHRwOi8vaW1hZ2UucmFrdXRlbi5jby5qcC9hdWMtYXV0b21heC9jYWJpbmV0LzAyNTY1NzE3L2ltZzY0NzUzMTExLmdpZj48QlI+PElNRyBXSURUSD01MjAgU1JDPWh0dHA6Ly9pbWFnZS5yYWt1dGVuLmNvLmpwL2F1Yy1hdXRvbWF4L2NhYmluZXQvMDI1NjU3MTcvaW1nNjQ3NTc5ODcuZ2lmPjxCUj48L0NFTlRFUj48L0NFTlRFUj48L1RBQkxFPjwvQ0VOVEVSPjxjZW50ZXI+Cjxicj4KPGltZyBTUkM9aHR0cDovL2ltYWdlLnJha3V0ZW4uY28uanAvYXVjLWF1dG9tYXgvY2FiaW5ldC9pbWdyYzAwNjczODIyNzYuZ2lmIHdpZHRoPTY3MCBoZWlnaHQ9NDAwPjxCUj4KPGJyPgo8aW1nIFNSQz1odHRwOi8vaW1hZ2UucmFrdXRlbi5jby5qcC9hdWMtYXV0b21heC9jYWJpbmV0L2ltZzYwMzMzMDA0LmdpZiB3aWR0aD02NzAgaGVpZ2h0PTEyMD48QlI+Cjxicj4KCjxicj48L2NlbnRlcj4=,44GC44GZ5qW9IOWvvuW/nCDjg6rjgqIgKHMpIOODnuOCuOOCp+OCueOCvyA0RCDjg4/jg7zjg4njg4jjg4Pjg5cgUzE0IOOCq+ODg+ODiOa4iOOBvyDjgqvjg7zjg5XjgqPjg6vjg6Ag6LuK56iu5YilIOOCueODouODvOOCryDjgrvjg4Pjg4gg6LuK56iu5bCC55SoIOOCpuOCpOODs+ODieOCpiDnqpPjgqzjg6njgrkg5oiQ5b2iIOODleOCpOODq+ODoFVW44Kr44OD44OIIOODj+ODvOODieOCs+ODvOODiCBESVkg5pa95belIOaWueazlSDosrzjgormlrkgM+eorumhnuOBrumAj+mBjueOh+mAmuiyqSDlpKfpmKog44CQ5ZWG5ZOB5LiA6Kan44CR77yaQVVUT01BWCBpenVtaQ==,44Kr44OD44OG44Kj44Oz44Kw44K344O844OI44Oi44OL44K/44O844K544K/44Oz44OJ44Ki44Or44Kr44Oz44K/44O844Op6Kq/44K544Ko44O844OJ55Sf5Zyw44K344O844OI5rGO55So44OR44O844OE6Ieq5YuV6LuK44Ki44Kv44K744K144Oq44O844Oh44OD44Kt44Oi44O844Or6YCB5paZ54Sh5paZ44K544OG44OD44Kr44O844Kr44O855So5ZOB44OQ44Kk44Kv55So5ZOB44OJ44Os44K544Ki44OD44OX44Op44Kw44K444Ol44Ki44Oq44O85YaF6KOF5aSW6KOF44Kr44OD44OI5riI44G/44Kr44O844OV44Kj44Or44Og5aSn6Ziq6YCa6LKp5r+A5a6J5qC85a6J5pa95bel44GC44GZ5qW9IOWvvuW/nCDjg6rjgqIgKHMpIOODnuOCuOOCp+OCueOCvyA0RCDjg4/jg7zjg4njg4jjg4Pjg5cgUzE0IOOCq+ODg+ODiOa4iOOBvyDjgqvjg7zjg5XjgqPjg6vjg6Ag6LuK56iu5YilIOOCueODouODvOOCryDjgrvjg4Pjg4gg6LuK56iu5bCC55SoIOOCpuOCpOODs+ODieOCpiDnqpPjgqzjg6njgrkg5oiQ5b2iIOODleOCpOODq+ODoFVW44Kr44OD44OIIOODj+ODvOODieOCs+ODvOODiCBESVkg5pa95belIOaWueazlSDosrzjgormlrkgM+eorumhnuOBrumAj+mBjueOh+mAmuiyqSDlpKfpmKog44CQ5ZWG5ZOB5LiA6Kan44CR,44GT44Gu5ZWG5ZOB44Gv6YCB5paZIOWFqOWbveS4gOW+izYwMOWGhiDjgafjgZko5YyX5rW36YGTL+aylue4hOmZpOOBjynlkIzmorHlj6/og73jgILjgILjgYLjgZnmpb0g5a++5b+cIOODquOCoiAocykg44Oe44K444Kn44K544K/IDREIOODj+ODvOODieODiOODg+ODlyBTMTQg44Kr44OD44OI5riI44G/IOOCq+ODvOODleOCo+ODq+ODoCDou4rnqK7liKUg44K544Oi44O844KvIOOCu+ODg+ODiCDou4rnqK7lsILnlKgg44Km44Kk44Oz44OJ44KmIOeqk+OCrOODqeOCuSDmiJDlvaIg44OV44Kk44Or44OgVVbjgqvjg4Pjg4gg44OP44O844OJ44Kz44O844OIIERJWSDmlr3lt6Ug5pa55rOVIOiyvOOCiuaWuSAz56iu6aGe44Gu6YCP6YGO546H6YCa6LKpIOWkp+mYqiDjgJDllYblk4HkuIDopqfjgJE=[rn]
12-37270,aHR0cDovL3RzaG9wLnIxMHMuanAvYXVjLWF1dG9tYXgvY2FiaW5ldC8wMjU2NTcxNy9pbWc2NDIyMTM3My5qcGc/Zml0aW49NzAwOjcwMA==,MTQ2MC4wMDAw,,6LuK55So5ZOB44O744OQ44Kk44Kv55So5ZOBID4g44Kr44O855So5ZOBID4g5YaF6KOF44OR44O844OEID4g44OV44Kj44Or44Og77yI44K544Oi44O844Kv77yJID4g44OI44Oo44K/55So,44CQ6YCB5paZ54Sh5paZ44CR44GC44GZ5qW9IOWvvuW/nCDjg5Xjg63jg7Pjg4ggKHMpIOODnuOCuOOCp+OCueOCvyBTMjAg44Kr44OD44OI5riI44G/IOOCq+ODvOODleOCo+ODq+ODoCDou4rnqK7liKUg44K544Oi44O844KvIOOCu+ODg+ODiCDou4rnqK7lsILnlKgg44Km44Kk44Oz44OJ44KmIOeqk+OCrOODqeOCuSDmiJDlvaIg44OV44Kk44Or44OgVVbjgqvjg4Pjg4gg44OP44O844OJ44Kz44O844OIIERJWSDmlr3lt6Ug5pa55rOVIOiyvOOCiuaWuSAz56iu6aGe44Gu6YCP6YGO546H6YCa6LKpIOWkp+mYquOAkFJDUOOAkQ==,,PENFTlRFUj48aW1nIHNyYz1odHRwOi8vaW1hZ2UucmFrdXRlbi5jby5qcC9hdWMtYXV0b21heC9jYWJpbmV0LzAzNDA2NjM4L2ltZ3JjMDA2ODE3NjkyMS5naWYgd2lkdGg9NjAwPjwvY2VudGVyPjxCUj48Q0VOVEVSPjxCUj48Rk9OVCBTSVpFPTUgQ09MT1I9I2ZmMDAwMD7lvZPlupfjga7jgqvjg4Pjg4jmuIjjgb/jgqvjg7zjg5XjgqPjg6vjg6Djga88L0ZPTlQ+PEJSPjxGT05UIFNJWkU9NSBDT0xPUj0jZmYwMDAwPjxCPk1BREXjgIBJTuOAgEpBUEFO44CAPC9CPjwvRk9OVD48QlI+PEZPTlQgU0laRT01IENPTE9SPSNmZjAwMDA+77yI57Sr5aSW57eaVVbjgIA5Oe+8heOCq+ODg+ODiO+8ieOBp+OBmeOAgjwvRk9OVD48QlI+PFRSPiA8VEQgSEVJR0hUPTY+PC9URD4gPFREIEhFSUdIVD02PjwvVEQ+IDxURCBIRUlHSFQ9Nj48L1REPiA8L1RSPjxCUj48Q0VOVEVSPjxGT05UIENPTE9SPSNDQ0JCQUEgU0laRT00PjxCPjwvQj48L0ZPTlQ+PEJSPjxCUj48VEFCTEUgV0lEVEg9NjAwIENFTExTUEFDSU5HPTEgQk9SREVSPTAgQ0VMTFBBRERJTkc9MSBCR0NPTE9SPSNDQ0NDQ0M+PFRSPjxURCBCR0NPTE9SPSNGRjdGNTA+PFRBQkxFIFdJRFRIPTEwMCUgQ0VMTFNQQUNJTkc9MiBCT1JERVI9MCBDRUxMUEFERElORz01PjxUUj48VEQgQUxJR049bGVmdCBCR0NPTE9SPSNGRjdGNTA+PEZPTlQgQ09MT1I9IzMzMzMzMyBTSVpFPTM+PEI+4piF4piF5ZWG5ZOB6Kqs5piO4piF4piFPC9CPjwvRk9OVD48L1REPjwvVFI+PC9UQUJMRT48VEFCTEUgV0lEVEg9MTAwJSBDRUxMU1BBQ0lORz0yIEJPUkRFUj0wIENFTExQQURESU5HPTA+PFRSPjxURCBIRUlHSFQ9MiBCR0NPTE9SPSNDQ0JCQUE+PC9URD48L1RSPjwvVEFCTEU+PFRBQkxFIFdJRFRIPTEwMCUgQ0VMTFNQQUNJTkc9MiBCT1JERVI9MCBDRUxMUEFERElORz01PjxUUj48VEQgQUxJR049bGVmdCBCR0NPTE9SPSNGRkY4RUU+PEZPTlQgQ09MT1I9IzMzMzMzMyBTSVpFPTM+PEJSPuS+oeagvOOCkui2iuOBiOOBn+WTgeizquOCkuaPkOS+m+OBhOOBn+OBl+OBpuOBiuOCiuOBvuOBmeOBruOBp+OBlOWuieW/g+OBj+OBoOOBleOBhOOAgjxCUj7lvZPmlrnjga7jg5XjgqPjg6vjg6Djga9JU08gOTAwMeWPluW+l+W3peWgtOOBq+OBpuijvemAoOOBleOCjOOAgTxCUj7kuJbnlYznmoTjgavmlaznp7DjgZXjgozjgovjgIBVS0FT44CM6Iux5Zu96KqN6Ki85qmf6Zai6KqN5a6a5a+p6K2w5Lya44CNPEJSPuOBruiqjeiovOOCguWPluW+l+OBl+OBpuOBiuOCiuOBvuOBmeOAguOAgOOAgFJlZy5OTyAwNTkuQTxCUj48QlI+4piF4piF4piF4piF4piF6YGp5ZCI6LuK56iu4piF4piF4piF4piF4piFPEJSPgog44Oh44O844Kr44O8IOODiOODqOOCvyDou4rlkI0g44Oe44K444Kn44K544K/IOi7iui8jOWei+W8j+ODu+W5tOW8jyBVUlMyMDYgLyBVWlMyMDcg5bmz5oiQMjHlubQ55pyI772eIAo8QlI+PEJSPuKYheKYheKYheKYheKYheOCu+ODg+ODiOWGheWuueKYheKYheKYheKYheKYhTxCUj48QlI+44K/44Kk44OI44Or44Gu44KC44Gu44Go44Gq44KK44G+44GZ44CCPEJSPuODleODreODs+ODiOOBruWgtOWQiD3pgYvou6LluK0v5Yqp5omL5bit44CQ5LiJ6KeS56qT44GM44GC44KL44KC44Gu44Gv5ZCr44G+44KM44G+44GZ44CRPEJSPuODquOColNFVOOBruWgtOWQiD3jg5Xjg63jg7Pjg4jjgJDpgYvou6LluK0v5Yqp5omL5bit44CR44KI44KK5b6M44KN5YWo44Gm44GuU0VU44Gn44GZPEJSPueUu+WDj+OBr+OCpOODoeODvOOCuOOBp+OBmeOBruOBp+OAgOi7iueoruOBq+OCiOOCiueVsOOBquOCiuOBvuOBmeOAgjxCUj7jgZTos7zlhaXmmYLjgIEz6Imy44Gu5Lit44GL44KJ44GK6YG444Gz44GP44Gg44GV44GE44CCPEJSPuODu+OCguOBo+OBqOOCgua/g+OBhOOCueODouODvOOCrz3jgrnjg7zjg5Hjg7zjg5bjg6njg4Pjgq/vvJXvvIU8QlI+44O75r+D44GE44K544Oi44O844KvPeODgOODvOOCr+OCueODouODvOOCr++8ke+8le+8hTxCUj7jg7vntJTmraPlkIzmp5jjga7jgrnjg6Ljg7zjgq8944OX44Op44Kk44OQ44K344O844K544Oi44O844Kv77yS77yW77yFPEJSPuOBlOazqOaWh+W+jOOBruiJsuOBruWkieabtOOBr+WHuuadpeOBi+OBreOBvuOBmeOAgjxCUj48QlI+PEJSPuODuyDnlLvlg4/jga/jgqTjg6Hjg7zjgrjjgafjgZnjgII8QlI+44O7IOODleOCo+ODq+ODoOOBr+OCreOCuuOBruOBpOOBjeOBq+OBj+OBhDxCUj7jg4/jg7zjg4njgrPjg7zjg4jjg5XjgqPjg6vjg6DjgpLkvb/nlKjjgZfjgabjgYrjgorjgb7jgZnjgII8QlI+PEJSPjxGT05UIFNJWkU9NT7imIXimIXimIXms6jmhI/kuovpoIUv5YWN6LKs5LqL6aCF4piF4piF4piFPC9GT05UPjxCUj7jg7vmpa3li5nnlKjjga7ngrrlpJbnrrHjg7voqqzmmI7mm7jnrYnku5jlsZ7oh7TjgZfjgb7jgZvjgpPjgII8QlI+44O76aCY5Y+O5pu444Gu55m66KGM44Gv44Gn44GN44G+44Gb44KT44Gu44Gn44GU5LqG5om/5LiL44GV44GE44CCPEJSPuODu+S9v+eUqOazleetieOBq+mWouOBmeOCi+OCteODneODvOODiOOBr+S4gOWIh+WHuuadpeOBvuOBm+OCk+OAgjxCUj7pganlkIjjgYvlkKbjgYvjgavjgaTjgY3jgb7jgZfjgabjga/llYblk4HoqqzmmI7jgavoqJjovInjgZfjgabjgYrjgorjgb7jgZk8QlI+6YGp5ZCI6LuK56iu44O75Z6L5byP44O75bm05byP44Gr44Gm44GK5a6i5qeY44GU6Ieq6Lqr44Gn44GU5Yik5pat44GK6aGY44GE6Ie044GX44G+44GZ44CCPEJSPjxCUj48QlI+PEZPTlQgU0laRT01PuOAkOOBlOizvOWFpeWJjeOBq+W/heOBmuOCr+ODquODg+OCr+OAkTwvRk9OVD48QlI+44GU6LO85YWl6aCC44GE44Gf5pmC54K544Gn44CB5LiK6KiY44KS44Kv44Oq44OD44Kv44GXPEJSPuOBlOeiuuiqjeODu+OBlOS6huaJv+mgguOBhOOBn+S4iuOBp+OBruOBlOizvOWFpeOBqOWIpOaWreOBlzxCUj7jgYrlj5blvJXjgZXjgZvjgabpoILjgY3jgb7jgZnjgII8QlI+44GU6LO85YWl5b6M44Gu44Kt44Oj44Oz44K744Or44Gv44GK5pat44KK44GX44Gm44GK44KK44G+44GZ44CCPEJSPjxCUj48QlI+PEZPTlQgU0laRT01PuOAkOaWreeGseODleOCo+ODq+ODoOOBuOOBruWkieabtOOCquODl+OCt+ODp+ODs+OAkTwvRk9OVD48QlI+5pat54ax44K/44Kk44OX44Gu44OV44Kj44Or44Og44KS44GU5biM5pyb44Gu5aC05ZCI44CB5LiK6KiY44Oq44Oz44Kv44KS44Kv44Oq44OD44Kv44GXPEJSPuOBlOW4jOacm+OBrui7iueoruWIpeOCq+ODg+ODiOa4iOOBv+OCq+ODvOODleOCo+ODq+ODoOOBqOS4gOe3kuOBq+OAgeOBlOizvOWFpeaJi+e2muOBjeOBiumhmOOBhOOBl+OBvuOBmeOAgjxCUj48QlI+PEJSPjxGT05UIFNJWkU9NT7jgJDjg5/jg6njg7zjg5XjgqPjg6vjg6Djgafjga7jgqvjg4Pjg4gg44Kq44OX44K344On44Oz44CRPC9GT05UPjxCUj7jg5/jg6njg7zjg5XjgqPjg6vjg6Djgafjga7oo73kvZzjgpLjgZTluIzmnJvjga7loLTlkIjjgIHkuIroqJjjg6rjg7Pjgq/jgpLjgq/jg6rjg4Pjgq/jgZc8QlI+44GU5biM5pyb44Gu6LuK56iu5Yil44Kr44OD44OI5riI44G/44Kr44O844OV44Kj44Or44Og44Go5LiA57eS44Gr44CB44GU6LO85YWl5omL57aa44GN44GK6aGY44GE44GX44G+44GZ44CCCjwvRk9OVD48L1REPjwvVFI+PC9UQUJMRT48L1REPjwvVFI+PC9UQUJMRT48QlI+PEJSPjxCUj48VEFCTEUgV0lEVEg9NjAwIENFTExTUEFDSU5HPTEgQk9SREVSPTAgQ0VMTFBBRERJTkc9MSBCR0NPTE9SPSNDQ0NDQ0M+PFRSPjxURCBCR0NPTE9SPSNGRjdGNTA+PFRBQkxFIFdJRFRIPTEwMCUgQ0VMTFNQQUNJTkc9MiBCT1JERVI9MCBDRUxMUEFERElORz01PjxUUj48VEQgQUxJR049bGVmdCBCR0NPTE9SPSNGRjdGNTA+PEZPTlQgQ09MT1I9IzMzMzMzMyBTSVpFPTM+PEI+4piF4piF55m66YCB5pa55rOVL+mAgeaWmeKYheKYhTwvQj48L0ZPTlQ+PC9URD48L1RSPjwvVEFCTEU+PFRBQkxFIFdJRFRIPTEwMCUgQ0VMTFNQQUNJTkc9MiBCT1JERVI9MCBDRUxMUEFERElORz0wPjxUUj48VEQgSEVJR0hUPTIgQkdDT0xPUj0jQ0NCQkFBPjwvVEQ+PC9UUj48L1RBQkxFPjxUQUJMRSBXSURUSD0xMDAlIENFTExTUEFDSU5HPTIgQk9SREVSPTAgQ0VMTFBBRERJTkc9NT48VFI+PFREIEFMSUdOPWxlZnQgQkdDT0xPUj0jRkZGOEVFPjxGT05UIENPTE9SPSMzMzMzMzMgU0laRT0zPjxCUj7llYblk4HlkI3jgavjgJDpgIHmlpnnhKHmlpnjgJHjga7oqJjovInjgYzjgYLjgovloLTlkIjjga/jgIHpgIHmlpnnhKHmlpnjgafjgZnjgII8QlI+PEJSPjxGT05UIFNJWkU9NT7jgJDlhajlm73pgIHmlpnooajjgJE8L0ZPTlQ+44KS44GU56K66KqN5LiL44GV44GE44G+44Gb44CCPEJSPjxCUj7opIfmlbDjga7llYblk4HjgpLlkIzmorHlj6/og73jgafjgZnjgII8QlI+4oC75ZCM5qKx44KS44GU5biM5pyb44Gu5aC05ZCI44CB5b+F44Ga5ZCM44GY44GK6LK344GE54mp44Kr44K077yI44Kr44O844OI77yJ44Gn44GU5rOo5paH5LiL44GV44GE44CCPEJSPuazqOaEj++8muOCq+ODvOODleOCo+ODq+ODoOOBruikh+aVsOWQjOaiseOBruWgtOWQiOS4gOOBpOOBruetkuOBq+OBvuOBqOOCgeOBpuaiseWMheiHtOOBl+OBvuOBmeOAgjxCUj7kuojjgoHjgZTkuobmib/kuIvjgZXjgYTjgb7jgZvjgII8QlI+PEJSPuKAu+WIpeOAheOBruOBiuiyt+OBhOeJqeOCq+OCtOOBp+azqOaWh+OBleOCjOOBn+WgtOWQiOOBr+WIpeOAheOBruetkuOBq+aiseWMheOBl+eZuumAgeiHtOOBl+OBvuOBmeOAgjxCUj7jgZ3jga7ngrrjgIHpgIHmlpnjg7vku6PlvJXjgY3miYvmlbDmlpnjga/nmbrpgIHlgIvmlbDliIboq4vmsYLjgZXjgZvjgabpoILjgY3jgb7jgZnjgII8QlI+PEJSPuKAu+WIpeOAheOBruOBiuiyt+OBhOeJqeOCq+OCtOOBp+azqOaWh+OBl+OAgemAgeaWme+8keWAi+WPo+WIhuOBp+OBruOBiuaUr+aJleOBhDxCUj7jgZXjgozjgZ/loLTlkIjjga/lkIzmorHluIzmnJvjgajliKTmlq3jgZfnmbrpgIHoh7TjgZfjgb7jgZnjgII8QlI+PEJSPuKYheeZuumAgeOBq+mWouOBmeOCi+azqOaEj+S6i+mgheKYhTxCUj4tLS0tLS0tLS0tLS0tLS0tLS0tLS0tLS0tLS0tLS0tLS0tLS0tLS0tIDxCUj7lvZPmlrnmjIflrprlroXmgKXkvr/jgafjgZnjga7jgafphY3pgIHmpa3ogIXjga/pgbjmip7jgafjgY3jgb7jgZvjgpPjgIIgPEJSPuaZgumWk+aMh+WumuOBr+WvvuW/nOOBhOOBn+OBl+OBpuOBiuOCiuOBvuOBm+OCk+OAgjxCUj7nmbrpgIHpgKPntaHjgavoqJjovInjga7llY/jgYTlkIjjgo/jgZvnlarlj7fjgafjgZToh6rouqvjgafjgZTnorroqo3poILjgZHjgb7jgZnjgII8QlI+6Zui5bO244Gv55m66YCB44GM5LiA5pel6YGF44KM44G+44GZ44CCIDxCUj4tLS0tLS0tLS0tLS0tLS0tLS0tLS0tLS0tLS0tLS0tLS0tLS0tLS0tPEJSPuKYheWVhuWTgeS7o+W8leKYheOAgOOAgDxCUj7lroXmgKXkvr/pgIHmlpkr5Yil6YCU5omL5pWw5paZ77yT77yX77yQ5YaGIDxCUj4tLS0tLS0tLS0tLS0tLS0tLS0tLS0tLS0tLS0tLS0tLS0tLS0tLS0tIDxCUj4xMuaZguWNiuOBvuOBp+OBq+OBlOWFpemHkeOBjOeiuuiqjeWHuuadpeOBn+OBlOazqOaWh+OAgTxCUj7jgb7jgZ/jga/llYblk4Hku6PlvJXjga7jgZTms6jmlofjga/ljbPml6XnmbrpgIHjgZXjgZvjgabpoILjgY3jgb7jgZnjgII8QlI+5a6a5LyR5pel44CA5Lya56S+5qaC6KaB6KiY6LyJL+iHqOaZguS8kealreOBruOBlOahiOWGheOBr+W9k+W6l+ODmuODvOOCuOWGheOBq+aOsui8ieOBl+OBvuOBmeOAgjwvRk9OVD48L1REPjwvVFI+PC9UQUJMRT48L1REPjwvVFI+PC9UQUJMRT48QlI+PFRBQkxFIFdJRFRIPTYwMCBDRUxMU1BBQ0lORz0xIEJPUkRFUj0wIENFTExQQURESU5HPTEgQkdDT0xPUj0jQ0NDQ0NDPjxUUj48VEQgQkdDT0xPUj0jRkY3RjUwPjxUQUJMRSBXSURUSD0xMDAlIENFTExTUEFDSU5HPTIgQk9SREVSPTAgQ0VMTFBBRERJTkc9NT48VFI+PFREIEFMSUdOPWxlZnQgQkdDT0xPUj0jRkY3RjUwPjxGT05UIENPTE9SPSMzMzMzMzMgU0laRT0zPjxCPuKYheKYheaUr+aJleaWueazleKYhTwvQj48L0ZPTlQ+PC9URD48L1RSPjwvVEFCTEU+PFRBQkxFIFdJRFRIPTEwMCUgQ0VMTFNQQUNJTkc9MiBCT1JERVI9MCBDRUxMUEFERElORz0wPjxUUj48VEQgSEVJR0hUPTIgQkdDT0xPUj0jQ0NCQkFBPjwvVEQ+PC9UUj48L1RBQkxFPjxUQUJMRSBXSURUSD0xMDAlIENFTExTUEFDSU5HPTIgQk9SREVSPTAgQ0VMTFBBRERJTkc9NT48VFI+PFREIEFMSUdOPWxlZnQgQkdDT0xPUj0jRkZGOEVFPjxGT05UIENPTE9SPSMzMzMzMzMgU0laRT0zPuKXj+alveWkqemKgOihjOOAgOaMr+i+vDxCUj7il4/llYblk4Hku6PlvJU8QlI+4peP44Kv44Os44K444OD44OI44Kr44O844OJ5rG65riIPEJSPuKXj+OCs+ODs+ODk+ODi+axuua4iO+8iOWJjeaJleOBhO+8iTxCUj7il4/mpb3lpKlFZHnmsbrmuIg8QlI+4pePYXXjgYvjgpPjgZ/jgpPmsbrmuIg8QlI+PC9GT05UPjwvVEQ+PC9UUj48L1RBQkxFPjwvVEQ+PC9UUj48L1RBQkxFPjxCUj48aW1nIHNyYz1odHRwOi8vaW1hZ2UucmFrdXRlbi5jby5qcC9hdWMtYXV0b21heC9jYWJpbmV0LzAzNDA2NjM4L2ltZ3JjMDA2ODE3NjkyNC5naWYgd2lkdGg9NjAwPjxCUj48QlI+PElNRyBTUkM9aHR0cDovL2ltYWdlLnJha3V0ZW4uY28uanAvYXVjLWF1dG9tYXgvY2FiaW5ldC8wMzU2MTkyNS9pbWc2MzE5Mzc4My5naWYgV0lEVEg9NjAwPjwvQ0VOVEVSPjxCUj48QlI+PENFTlRFUj48SU1HIFdJRFRIPTUyMCBTUkM9aHR0cDovL2ltYWdlLnJha3V0ZW4uY28uanAvYXVjLWF1dG9tYXgvY2FiaW5ldC8wMjU2NTcxNy9pbWc2NDc1MzExMS5naWY+PEJSPjxJTUcgV0lEVEg9NTIwIFNSQz1odHRwOi8vaW1hZ2UucmFrdXRlbi5jby5qcC9hdWMtYXV0b21heC9jYWJpbmV0LzAyNTY1NzE3L2ltZzY0NzU3OTg3LmdpZj48QlI+PC9DRU5URVI+PC9DRU5URVI+PC9UQUJMRT48L0NFTlRFUj48Y2VudGVyPgo8YnI+CjxpbWcgU1JDPWh0dHA6Ly9pbWFnZS5yYWt1dGVuLmNvLmpwL2F1Yy1hdXRvbWF4L2NhYmluZXQvaW1ncmMwMDY3MzgyMjc2LmdpZiB3aWR0aD02NzAgaGVpZ2h0PTQwMD48QlI+Cjxicj4KPGltZyBTUkM9aHR0cDovL2ltYWdlLnJha3V0ZW4uY28uanAvYXVjLWF1dG9tYXgvY2FiaW5ldC9pbWc2MDMzMzAwNC5naWYgd2lkdGg9NjcwIGhlaWdodD0xMjA+PEJSPgo8YnI+Cgo8YnI+PC9jZW50ZXI+,44CQ6YCB5paZ54Sh5paZ44CR44GC44GZ5qW9IOWvvuW/nCDjg5Xjg63jg7Pjg4ggKHMpIOODnuOCuOOCp+OCueOCvyBTMjAg44Kr44OD44OI5riI44G/IOOCq+ODvOODleOCo+ODq+ODoCDou4rnqK7liKUg44K544Oi44O844KvIOOCu+ODg+ODiCDou4rnqK7lsILnlKgg44Km44Kk44Oz44OJ44KmIOeqk+OCrOODqeOCuSDmiJDlvaIg44OV44Kk44Or44OgVVbjgqvjg4Pjg4gg44OP44O844OJ44Kz44O844OIIERJWSDmlr3lt6Ug5pa55rOVIOiyvOOCiuaWuSAz56iu6aGe44Gu6YCP6YGO546H6YCa6LKpIOWkp+mYquOAkFJDUOOAke+8mkFVVE9NQVggaXp1bWk=,44Kr44OD44OG44Kj44Oz44Kw44K344O844OI44Oi44OL44K/44O844K544K/44Oz44OJ44Ki44Or44Kr44Oz44K/44O844Op6Kq/44K544Ko44O844OJ55Sf5Zyw44K344O844OI5rGO55So44OR44O844OE6Ieq5YuV6LuK44Ki44Kv44K744K144Oq44O844Oh44OD44Kt44Oi44O844Or6YCB5paZ54Sh5paZ44K544OG44OD44Kr44O844Kr44O855So5ZOB44OQ44Kk44Kv55So5ZOB44OJ44Os44K544Ki44OD44OX44Op44Kw44K444Ol44Ki44Oq44O85YaF6KOF5aSW6KOF44Kr44OD44OI5riI44G/44Kr44O844OV44Kj44Or44Og5aSn6Ziq6YCa6LKp5r+A5a6J5qC85a6J5pa95bel44CQ6YCB5paZ54Sh5paZ44CR44GC44GZ5qW9IOWvvuW/nCDjg5Xjg63jg7Pjg4ggKHMpIOODnuOCuOOCp+OCueOCvyBTMjAg44Kr44OD44OI5riI44G/IOOCq+ODvOODleOCo+ODq+ODoCDou4rnqK7liKUg44K544Oi44O844KvIOOCu+ODg+ODiCDou4rnqK7lsILnlKgg44Km44Kk44Oz44OJ44KmIOeqk+OCrOODqeOCuSDmiJDlvaIg44OV44Kk44Or44OgVVbjgqvjg4Pjg4gg44OP44O844OJ44Kz44O844OIIERJWSDmlr3lt6Ug5pa55rOVIOiyvOOCiuaWuSAz56iu6aGe44Gu6YCP6YGO546H6YCa6LKpIOWkp+mYquOAkFJDUOOAkQ==,6YCB5paZ54Sh5paZ77yI5YyX5rW36YGTL+aylue4hOmZpOOBj++8ieS7o+W8leOBjeOBruWgtOWQiOOAgeWIpemAlOaJi+aVsOaWmTM3MOWGhuOAguOAkOmAgeaWmeeEoeaWmeOAkeOBguOBmealvSDlr77lv5wg44OV44Ot44Oz44OIIChzKSDjg57jgrjjgqfjgrnjgr8gUzIwIOOCq+ODg+ODiOa4iOOBvyDjgqvjg7zjg5XjgqPjg6vjg6Ag6LuK56iu5YilIOOCueODouODvOOCryDjgrvjg4Pjg4gg6LuK56iu5bCC55SoIOOCpuOCpOODs+ODieOCpiDnqpPjgqzjg6njgrkg5oiQ5b2iIOODleOCpOODq+ODoFVW44Kr44OD44OIIOODj+ODvOODieOCs+ODvOODiCBESVkg5pa95belIOaWueazlSDosrzjgormlrkgM+eorumhnuOBrumAj+mBjueOh+mAmuiyqSDlpKfpmKrjgJBSQ1DjgJE=[rn]
12-37271,aHR0cDovL3RzaG9wLnIxMHMuanAvYXVjLWF1dG9tYXgvY2FiaW5ldC8wMjU2NTcxNy9pbWc2NDIyMTM3My5qcGc/Zml0aW49NzAwOjcwMA==,MTQ2MC4wMDAw,,6LuK55So5ZOB44O744OQ44Kk44Kv55So5ZOBID4g44Kr44O855So5ZOBID4g5YaF6KOF44OR44O844OEID4g44OV44Kj44Or44Og77yI44K544Oi44O844Kv77yJID4g44OI44Oo44K/55So,44CQ6YCB5paZ54Sh5paZ44CR44GC44GZ5qW9IOWvvuW/nCDjg5Xjg63jg7Pjg4ggKHMpIOODnuOCuOOCp+OCueOCvyA0RCDjg4/jg7zjg4njg4jjg4Pjg5cgUzE0IOOCq+ODg+ODiOa4iOOBvyDjgqvjg7zjg5XjgqPjg6vjg6Ag6LuK56iu5YilIOOCueODouODvOOCryDjgrvjg4Pjg4gg6LuK56iu5bCC55SoIOOCpuOCpOODs+ODieOCpiDnqpPjgqzjg6njgrkg5oiQ5b2iIOODleOCpOODq+ODoFVW44Kr44OD44OIIOODj+ODvOODieOCs+ODvOODiCBESVkg5pa95belIOaWueazlSDosrzjgormlrkgM+eorumhnuOBrumAj+mBjueOh+mAmuiyqSDlpKfpmKrjgJBSQ1DjgJE=,,PENFTlRFUj48aW1nIHNyYz1odHRwOi8vaW1hZ2UucmFrdXRlbi5jby5qcC9hdWMtYXV0b21heC9jYWJpbmV0LzAzNDA2NjM4L2ltZ3JjMDA2ODE3NjkyMS5naWYgd2lkdGg9NjAwPjwvY2VudGVyPjxCUj48Q0VOVEVSPjxCUj48Rk9OVCBTSVpFPTUgQ09MT1I9I2ZmMDAwMD7lvZPlupfjga7jgqvjg4Pjg4jmuIjjgb/jgqvjg7zjg5XjgqPjg6vjg6Djga88L0ZPTlQ+PEJSPjxGT05UIFNJWkU9NSBDT0xPUj0jZmYwMDAwPjxCPk1BREXjgIBJTuOAgEpBUEFO44CAPC9CPjwvRk9OVD48QlI+PEZPTlQgU0laRT01IENPTE9SPSNmZjAwMDA+77yI57Sr5aSW57eaVVbjgIA5Oe+8heOCq+ODg+ODiO+8ieOBp+OBmeOAgjwvRk9OVD48QlI+PFRSPiA8VEQgSEVJR0hUPTY+PC9URD4gPFREIEhFSUdIVD02PjwvVEQ+IDxURCBIRUlHSFQ9Nj48L1REPiA8L1RSPjxCUj48Q0VOVEVSPjxGT05UIENPTE9SPSNDQ0JCQUEgU0laRT00PjxCPjwvQj48L0ZPTlQ+PEJSPjxCUj48VEFCTEUgV0lEVEg9NjAwIENFTExTUEFDSU5HPTEgQk9SREVSPTAgQ0VMTFBBRERJTkc9MSBCR0NPTE9SPSNDQ0NDQ0M+PFRSPjxURCBCR0NPTE9SPSNGRjdGNTA+PFRBQkxFIFdJRFRIPTEwMCUgQ0VMTFNQQUNJTkc9MiBCT1JERVI9MCBDRUxMUEFERElORz01PjxUUj48VEQgQUxJR049bGVmdCBCR0NPTE9SPSNGRjdGNTA+PEZPTlQgQ09MT1I9IzMzMzMzMyBTSVpFPTM+PEI+4piF4piF5ZWG5ZOB6Kqs5piO4piF4piFPC9CPjwvRk9OVD48L1REPjwvVFI+PC9UQUJMRT48VEFCTEUgV0lEVEg9MTAwJSBDRUxMU1BBQ0lORz0yIEJPUkRFUj0wIENFTExQQURESU5HPTA+PFRSPjxURCBIRUlHSFQ9MiBCR0NPTE9SPSNDQ0JCQUE+PC9URD48L1RSPjwvVEFCTEU+PFRBQkxFIFdJRFRIPTEwMCUgQ0VMTFNQQUNJTkc9MiBCT1JERVI9MCBDRUxMUEFERElORz01PjxUUj48VEQgQUxJR049bGVmdCBCR0NPTE9SPSNGRkY4RUU+PEZPTlQgQ09MT1I9IzMzMzMzMyBTSVpFPTM+PEJSPuS+oeagvOOCkui2iuOBiOOBn+WTgeizquOCkuaPkOS+m+OBhOOBn+OBl+OBpuOBiuOCiuOBvuOBmeOBruOBp+OBlOWuieW/g+OBj+OBoOOBleOBhOOAgjxCUj7lvZPmlrnjga7jg5XjgqPjg6vjg6Djga9JU08gOTAwMeWPluW+l+W3peWgtOOBq+OBpuijvemAoOOBleOCjOOAgTxCUj7kuJbnlYznmoTjgavmlaznp7DjgZXjgozjgovjgIBVS0FT44CM6Iux5Zu96KqN6Ki85qmf6Zai6KqN5a6a5a+p6K2w5Lya44CNPEJSPuOBruiqjeiovOOCguWPluW+l+OBl+OBpuOBiuOCiuOBvuOBmeOAguOAgOOAgFJlZy5OTyAwNTkuQTxCUj48QlI+4piF4piF4piF4piF4piF6YGp5ZCI6LuK56iu4piF4piF4piF4piF4piFPEJSPgog44Oh44O844Kr44O877ya44OI44Oo44K/IDxCUj7ou4rlkI3vvJrjg57jgrjjgqfjgrnjgr/jgIDvvJTjg4njgqLjg4/jg7zjg4njg4jjg4Pjg5cgPEJSPui7iui8jOWei+W8j++8mlVaUy9KWlMxNDHjg7sxNDPjg7sxNDXjg7sxNDfjg7sxNDkgPEJSPuW5tOW8j++8muW5s+aIkDMuMTDvvZ43LjgKPEJSPjxCUj7imIXimIXimIXimIXimIXjgrvjg4Pjg4jlhoXlrrnimIXimIXimIXimIXimIU8QlI+PEJSPuOCv+OCpOODiOODq+OBruOCguOBruOBqOOBquOCiuOBvuOBmeOAgjxCUj7jg5Xjg63jg7Pjg4jjga7loLTlkIg96YGL6Lui5bitL+WKqeaJi+W4reOAkOS4ieinkueqk+OBjOOBguOCi+OCguOBruOBr+WQq+OBvuOCjOOBvuOBmeOAkTxCUj7jg6rjgqJTRVTjga7loLTlkIg944OV44Ot44Oz44OI44CQ6YGL6Lui5bitL+WKqeaJi+W4reOAkeOCiOOCiuW+jOOCjeWFqOOBpuOBrlNFVOOBp+OBmTxCUj7nlLvlg4/jga/jgqTjg6Hjg7zjgrjjgafjgZnjga7jgafjgIDou4rnqK7jgavjgojjgornlbDjgarjgorjgb7jgZnjgII8QlI+44GU6LO85YWl5pmC44CBM+iJsuOBruS4reOBi+OCieOBiumBuOOBs+OBj+OBoOOBleOBhOOAgjxCUj7jg7vjgoLjgaPjgajjgoLmv4PjgYTjgrnjg6Ljg7zjgq8944K544O844OR44O844OW44Op44OD44Kv77yV77yFPEJSPuODu+a/g+OBhOOCueODouODvOOCrz3jg4Djg7zjgq/jgrnjg6Ljg7zjgq/vvJHvvJXvvIU8QlI+44O757SU5q2j5ZCM5qeY44Gu44K544Oi44O844KvPeODl+ODqeOCpOODkOOCt+ODvOOCueODouODvOOCr++8ku+8lu+8hTxCUj7jgZTms6jmloflvozjga7oibLjga7lpInmm7Tjga/lh7rmnaXjgYvjga3jgb7jgZnjgII8QlI+PEJSPjxCUj7jg7sg55S75YOP44Gv44Kk44Oh44O844K444Gn44GZ44CCPEJSPuODuyDjg5XjgqPjg6vjg6Djga/jgq3jgrrjga7jgaTjgY3jgavjgY/jgYQ8QlI+44OP44O844OJ44Kz44O844OI44OV44Kj44Or44Og44KS5L2/55So44GX44Gm44GK44KK44G+44GZ44CCPEJSPjxCUj48Rk9OVCBTSVpFPTU+4piF4piF4piF5rOo5oSP5LqL6aCFL+WFjeiyrOS6i+mgheKYheKYheKYhTwvRk9OVD48QlI+44O75qWt5YuZ55So44Gu54K65aSW566x44O76Kqs5piO5pu4562J5LuY5bGe6Ie044GX44G+44Gb44KT44CCPEJSPuODu+mgmOWPjuabuOOBrueZuuihjOOBr+OBp+OBjeOBvuOBm+OCk+OBruOBp+OBlOS6huaJv+S4i+OBleOBhOOAgjxCUj7jg7vkvb/nlKjms5XnrYnjgavplqLjgZnjgovjgrXjg53jg7zjg4jjga/kuIDliIflh7rmnaXjgb7jgZvjgpPjgII8QlI+6YGp5ZCI44GL5ZCm44GL44Gr44Gk44GN44G+44GX44Gm44Gv5ZWG5ZOB6Kqs5piO44Gr6KiY6LyJ44GX44Gm44GK44KK44G+44GZPEJSPumBqeWQiOi7iueoruODu+Wei+W8j+ODu+W5tOW8j+OBq+OBpuOBiuWuouanmOOBlOiHqui6q+OBp+OBlOWIpOaWreOBiumhmOOBhOiHtOOBl+OBvuOBmeOAgjxCUj48QlI+PEJSPjxGT05UIFNJWkU9NT7jgJDjgZTos7zlhaXliY3jgavlv4XjgZrjgq/jg6rjg4Pjgq/jgJE8L0ZPTlQ+PEJSPuOBlOizvOWFpemgguOBhOOBn+aZgueCueOBp+OAgeS4iuiomOOCkuOCr+ODquODg+OCr+OBlzxCUj7jgZTnorroqo3jg7vjgZTkuobmib/poILjgYTjgZ/kuIrjgafjga7jgZTos7zlhaXjgajliKTmlq3jgZc8QlI+44GK5Y+W5byV44GV44Gb44Gm6aCC44GN44G+44GZ44CCPEJSPuOBlOizvOWFpeW+jOOBruOCreODo+ODs+OCu+ODq+OBr+OBiuaWreOCiuOBl+OBpuOBiuOCiuOBvuOBmeOAgjxCUj48QlI+PEJSPjxGT05UIFNJWkU9NT7jgJDmlq3nhrHjg5XjgqPjg6vjg6Djgbjjga7lpInmm7Tjgqrjg5fjgrfjg6fjg7PjgJE8L0ZPTlQ+PEJSPuaWreeGseOCv+OCpOODl+OBruODleOCo+ODq+ODoOOCkuOBlOW4jOacm+OBruWgtOWQiOOAgeS4iuiomOODquODs+OCr+OCkuOCr+ODquODg+OCr+OBlzxCUj7jgZTluIzmnJvjga7ou4rnqK7liKXjgqvjg4Pjg4jmuIjjgb/jgqvjg7zjg5XjgqPjg6vjg6DjgajkuIDnt5LjgavjgIHjgZTos7zlhaXmiYvntprjgY3jgYrpoZjjgYTjgZfjgb7jgZnjgII8QlI+PEJSPjxCUj48Rk9OVCBTSVpFPTU+44CQ44Of44Op44O844OV44Kj44Or44Og44Gn44Gu44Kr44OD44OIIOOCquODl+OCt+ODp+ODs+OAkTwvRk9OVD48QlI+44Of44Op44O844OV44Kj44Or44Og44Gn44Gu6KO95L2c44KS44GU5biM5pyb44Gu5aC05ZCI44CB5LiK6KiY44Oq44Oz44Kv44KS44Kv44Oq44OD44Kv44GXPEJSPuOBlOW4jOacm+OBrui7iueoruWIpeOCq+ODg+ODiOa4iOOBv+OCq+ODvOODleOCo+ODq+ODoOOBqOS4gOe3kuOBq+OAgeOBlOizvOWFpeaJi+e2muOBjeOBiumhmOOBhOOBl+OBvuOBmeOAggo8L0ZPTlQ+PC9URD48L1RSPjwvVEFCTEU+PC9URD48L1RSPjwvVEFCTEU+PEJSPjxCUj48QlI+PFRBQkxFIFdJRFRIPTYwMCBDRUxMU1BBQ0lORz0xIEJPUkRFUj0wIENFTExQQURESU5HPTEgQkdDT0xPUj0jQ0NDQ0NDPjxUUj48VEQgQkdDT0xPUj0jRkY3RjUwPjxUQUJMRSBXSURUSD0xMDAlIENFTExTUEFDSU5HPTIgQk9SREVSPTAgQ0VMTFBBRERJTkc9NT48VFI+PFREIEFMSUdOPWxlZnQgQkdDT0xPUj0jRkY3RjUwPjxGT05UIENPTE9SPSMzMzMzMzMgU0laRT0zPjxCPuKYheKYheeZuumAgeaWueazlS/pgIHmlpnimIXimIU8L0I+PC9GT05UPjwvVEQ+PC9UUj48L1RBQkxFPjxUQUJMRSBXSURUSD0xMDAlIENFTExTUEFDSU5HPTIgQk9SREVSPTAgQ0VMTFBBRERJTkc9MD48VFI+PFREIEhFSUdIVD0yIEJHQ09MT1I9I0NDQkJBQT48L1REPjwvVFI+PC9UQUJMRT48VEFCTEUgV0lEVEg9MTAwJSBDRUxMU1BBQ0lORz0yIEJPUkRFUj0wIENFTExQQURESU5HPTU+PFRSPjxURCBBTElHTj1sZWZ0IEJHQ09MT1I9I0ZGRjhFRT48Rk9OVCBDT0xPUj0jMzMzMzMzIFNJWkU9Mz48QlI+5ZWG5ZOB5ZCN44Gr44CQ6YCB5paZ54Sh5paZ44CR44Gu6KiY6LyJ44GM44GC44KL5aC05ZCI44Gv44CB6YCB5paZ54Sh5paZ44Gn44GZ44CCPEJSPjxCUj48Rk9OVCBTSVpFPTU+44CQ5YWo5Zu96YCB5paZ6KGo44CRPC9GT05UPuOCkuOBlOeiuuiqjeS4i+OBleOBhOOBvuOBm+OAgjxCUj48QlI+6KSH5pWw44Gu5ZWG5ZOB44KS5ZCM5qKx5Y+v6IO944Gn44GZ44CCPEJSPuKAu+WQjOaiseOCkuOBlOW4jOacm+OBruWgtOWQiOOAgeW/heOBmuWQjOOBmOOBiuiyt+OBhOeJqeOCq+OCtO+8iOOCq+ODvOODiO+8ieOBp+OBlOazqOaWh+S4i+OBleOBhOOAgjxCUj7ms6jmhI/vvJrjgqvjg7zjg5XjgqPjg6vjg6Djga7opIfmlbDlkIzmorHjga7loLTlkIjkuIDjgaTjga7nrZLjgavjgb7jgajjgoHjgabmorHljIXoh7TjgZfjgb7jgZnjgII8QlI+5LqI44KB44GU5LqG5om/5LiL44GV44GE44G+44Gb44CCPEJSPjxCUj7igLvliKXjgIXjga7jgYrosrfjgYTnianjgqvjgrTjgafms6jmlofjgZXjgozjgZ/loLTlkIjjga/liKXjgIXjga7nrZLjgavmorHljIXjgZfnmbrpgIHoh7TjgZfjgb7jgZnjgII8QlI+44Gd44Gu54K644CB6YCB5paZ44O75Luj5byV44GN5omL5pWw5paZ44Gv55m66YCB5YCL5pWw5YiG6KuL5rGC44GV44Gb44Gm6aCC44GN44G+44GZ44CCPEJSPjxCUj7igLvliKXjgIXjga7jgYrosrfjgYTnianjgqvjgrTjgafms6jmlofjgZfjgIHpgIHmlpnvvJHlgIvlj6PliIbjgafjga7jgYrmlK/miZXjgYQ8QlI+44GV44KM44Gf5aC05ZCI44Gv5ZCM5qKx5biM5pyb44Go5Yik5pat44GX55m66YCB6Ie044GX44G+44GZ44CCPEJSPjxCUj7imIXnmbrpgIHjgavplqLjgZnjgovms6jmhI/kuovpoIXimIU8QlI+LS0tLS0tLS0tLS0tLS0tLS0tLS0tLS0tLS0tLS0tLS0tLS0tLS0tLSA8QlI+5b2T5pa55oyH5a6a5a6F5oCl5L6/44Gn44GZ44Gu44Gn6YWN6YCB5qWt6ICF44Gv6YG45oqe44Gn44GN44G+44Gb44KT44CCIDxCUj7mmYLplpPmjIflrprjga/lr77lv5zjgYTjgZ/jgZfjgabjgYrjgorjgb7jgZvjgpPjgII8QlI+55m66YCB6YCj57Wh44Gr6KiY6LyJ44Gu5ZWP44GE5ZCI44KP44Gb55Wq5Y+344Gn44GU6Ieq6Lqr44Gn44GU56K66KqN6aCC44GR44G+44GZ44CCPEJSPumbouWztuOBr+eZuumAgeOBjOS4gOaXpemBheOCjOOBvuOBmeOAgiA8QlI+LS0tLS0tLS0tLS0tLS0tLS0tLS0tLS0tLS0tLS0tLS0tLS0tLS0tLTxCUj7imIXllYblk4Hku6PlvJXimIXjgIDjgIA8QlI+5a6F5oCl5L6/6YCB5paZK+WIpemAlOaJi+aVsOaWme+8k++8l++8kOWGhiA8QlI+LS0tLS0tLS0tLS0tLS0tLS0tLS0tLS0tLS0tLS0tLS0tLS0tLS0tLSA8QlI+MTLmmYLljYrjgb7jgafjgavjgZTlhaXph5HjgYznorroqo3lh7rmnaXjgZ/jgZTms6jmlofjgIE8QlI+44G+44Gf44Gv5ZWG5ZOB5Luj5byV44Gu44GU5rOo5paH44Gv5Y2z5pel55m66YCB44GV44Gb44Gm6aCC44GN44G+44GZ44CCPEJSPuWumuS8keaXpeOAgOS8muekvuamguimgeiomOi8iS/oh6jmmYLkvJHmpa3jga7jgZTmoYjlhoXjga/lvZPlupfjg5rjg7zjgrjlhoXjgavmjrLovInjgZfjgb7jgZnjgII8L0ZPTlQ+PC9URD48L1RSPjwvVEFCTEU+PC9URD48L1RSPjwvVEFCTEU+PEJSPjxUQUJMRSBXSURUSD02MDAgQ0VMTFNQQUNJTkc9MSBCT1JERVI9MCBDRUxMUEFERElORz0xIEJHQ09MT1I9I0NDQ0NDQz48VFI+PFREIEJHQ09MT1I9I0ZGN0Y1MD48VEFCTEUgV0lEVEg9MTAwJSBDRUxMU1BBQ0lORz0yIEJPUkRFUj0wIENFTExQQURESU5HPTU+PFRSPjxURCBBTElHTj1sZWZ0IEJHQ09MT1I9I0ZGN0Y1MD48Rk9OVCBDT0xPUj0jMzMzMzMzIFNJWkU9Mz48Qj7imIXimIXmlK/miZXmlrnms5XimIU8L0I+PC9GT05UPjwvVEQ+PC9UUj48L1RBQkxFPjxUQUJMRSBXSURUSD0xMDAlIENFTExTUEFDSU5HPTIgQk9SREVSPTAgQ0VMTFBBRERJTkc9MD48VFI+PFREIEhFSUdIVD0yIEJHQ09MT1I9I0NDQkJBQT48L1REPjwvVFI+PC9UQUJMRT48VEFCTEUgV0lEVEg9MTAwJSBDRUxMU1BBQ0lORz0yIEJPUkRFUj0wIENFTExQQURESU5HPTU+PFRSPjxURCBBTElHTj1sZWZ0IEJHQ09MT1I9I0ZGRjhFRT48Rk9OVCBDT0xPUj0jMzMzMzMzIFNJWkU9Mz7il4/mpb3lpKnpioDooYzjgIDmjK/ovrw8QlI+4peP5ZWG5ZOB5Luj5byVPEJSPuKXj+OCr+ODrOOCuOODg+ODiOOCq+ODvOODieaxuua4iDxCUj7il4/jgrPjg7Pjg5Pjg4vmsbrmuIjvvIjliY3miZXjgYTvvIk8QlI+4peP5qW95aSpRWR55rG65riIPEJSPuKXj2F144GL44KT44Gf44KT5rG65riIPEJSPjwvRk9OVD48L1REPjwvVFI+PC9UQUJMRT48L1REPjwvVFI+PC9UQUJMRT48QlI+PGltZyBzcmM9aHR0cDovL2ltYWdlLnJha3V0ZW4uY28uanAvYXVjLWF1dG9tYXgvY2FiaW5ldC8wMzQwNjYzOC9pbWdyYzAwNjgxNzY5MjQuZ2lmIHdpZHRoPTYwMD48QlI+PEJSPjxJTUcgU1JDPWh0dHA6Ly9pbWFnZS5yYWt1dGVuLmNvLmpwL2F1Yy1hdXRvbWF4L2NhYmluZXQvMDM1NjE5MjUvaW1nNjMxOTM3ODMuZ2lmIFdJRFRIPTYwMD48L0NFTlRFUj48QlI+PEJSPjxDRU5URVI+PElNRyBXSURUSD01MjAgU1JDPWh0dHA6Ly9pbWFnZS5yYWt1dGVuLmNvLmpwL2F1Yy1hdXRvbWF4L2NhYmluZXQvMDI1NjU3MTcvaW1nNjQ3NTMxMTEuZ2lmPjxCUj48SU1HIFdJRFRIPTUyMCBTUkM9aHR0cDovL2ltYWdlLnJha3V0ZW4uY28uanAvYXVjLWF1dG9tYXgvY2FiaW5ldC8wMjU2NTcxNy9pbWc2NDc1Nzk4Ny5naWY+PEJSPjwvQ0VOVEVSPjwvQ0VOVEVSPjwvVEFCTEU+PC9DRU5URVI+PGNlbnRlcj4KPGJyPgo8aW1nIFNSQz1odHRwOi8vaW1hZ2UucmFrdXRlbi5jby5qcC9hdWMtYXV0b21heC9jYWJpbmV0L2ltZ3JjMDA2NzM4MjI3Ni5naWYgd2lkdGg9NjcwIGhlaWdodD00MDA+PEJSPgo8YnI+CjxpbWcgU1JDPWh0dHA6Ly9pbWFnZS5yYWt1dGVuLmNvLmpwL2F1Yy1hdXRvbWF4L2NhYmluZXQvaW1nNjAzMzMwMDQuZ2lmIHdpZHRoPTY3MCBoZWlnaHQ9MTIwPjxCUj4KPGJyPgoKPGJyPjwvY2VudGVyPg==,44CQ6YCB5paZ54Sh5paZ44CR44GC44GZ5qW9IOWvvuW/nCDjg5Xjg63jg7Pjg4ggKHMpIOODnuOCuOOCp+OCueOCvyA0RCDjg4/jg7zjg4njg4jjg4Pjg5cgUzE0IOOCq+ODg+ODiOa4iOOBvyDjgqvjg7zjg5XjgqPjg6vjg6Ag6LuK56iu5YilIOOCueODouODvOOCryDjgrvjg4Pjg4gg6LuK56iu5bCC55SoIOOCpuOCpOODs+ODieOCpiDnqpPjgqzjg6njgrkg5oiQ5b2iIOODleOCpOODq+ODoFVW44Kr44OD44OIIOODj+ODvOODieOCs+ODvOODiCBESVkg5pa95belIOaWueazlSDosrzjgormlrkgM+eorumhnuOBrumAj+mBjueOh+mAmuiyqSDlpKfpmKrjgJBSQ1DjgJHvvJpBVVRPTUFYIGl6dW1p,44Kr44OD44OG44Kj44Oz44Kw44K344O844OI44Oi44OL44K/44O844K544K/44Oz44OJ44Ki44Or44Kr44Oz44K/44O844Op6Kq/44K544Ko44O844OJ55Sf5Zyw44K344O844OI5rGO55So44OR44O844OE6Ieq5YuV6LuK44Ki44Kv44K744K144Oq44O844Oh44OD44Kt44Oi44O844Or6YCB5paZ54Sh5paZ44K544OG44OD44Kr44O844Kr44O855So5ZOB44OQ44Kk44Kv55So5ZOB44OJ44Os44K544Ki44OD44OX44Op44Kw44K444Ol44Ki44Oq44O85YaF6KOF5aSW6KOF44Kr44OD44OI5riI44G/44Kr44O844OV44Kj44Or44Og5aSn6Ziq6YCa6LKp5r+A5a6J5qC85a6J5pa95bel44CQ6YCB5paZ54Sh5paZ44CR44GC44GZ5qW9IOWvvuW/nCDjg5Xjg63jg7Pjg4ggKHMpIOODnuOCuOOCp+OCueOCvyA0RCDjg4/jg7zjg4njg4jjg4Pjg5cgUzE0IOOCq+ODg+ODiOa4iOOBvyDjgqvjg7zjg5XjgqPjg6vjg6Ag6LuK56iu5YilIOOCueODouODvOOCryDjgrvjg4Pjg4gg6LuK56iu5bCC55SoIOOCpuOCpOODs+ODieOCpiDnqpPjgqzjg6njgrkg5oiQ5b2iIOODleOCpOODq+ODoFVW44Kr44OD44OIIOODj+ODvOODieOCs+ODvOODiCBESVkg5pa95belIOaWueazlSDosrzjgormlrkgM+eorumhnuOBrumAj+mBjueOh+mAmuiyqSDlpKfpmKrjgJBSQ1DjgJE=,6YCB5paZ54Sh5paZ77yI5YyX5rW36YGTL+aylue4hOmZpOOBj++8ieS7o+W8leOBjeOBruWgtOWQiOOAgeWIpemAlOaJi+aVsOaWmTM3MOWGhuOAguOAkOmAgeaWmeeEoeaWmeOAkeOBguOBmealvSDlr77lv5wg44OV44Ot44Oz44OIIChzKSDjg57jgrjjgqfjgrnjgr8gNEQg44OP44O844OJ44OI44OD44OXIFMxNCDjgqvjg4Pjg4jmuIjjgb8g44Kr44O844OV44Kj44Or44OgIOi7iueoruWIpSDjgrnjg6Ljg7zjgq8g44K744OD44OIIOi7iueoruWwgueUqCDjgqbjgqTjg7Pjg4njgqYg56qT44Ks44Op44K5IOaIkOW9oiDjg5XjgqTjg6vjg6BVVuOCq+ODg+ODiCDjg4/jg7zjg4njgrPjg7zjg4ggRElZIOaWveW3pSDmlrnms5Ug6LK844KK5pa5IDPnqK7poZ7jga7pgI/pgY7njofpgJrosqkg5aSn6Ziq44CQUkNQ44CR[rn]
12-37272,aHR0cDovL3RzaG9wLnIxMHMuanAvYXVjLWF1dG9tYXgvY2FiaW5ldC8wMjU2NTcxNy9pbWc2NDIyMTM3NC5qcGc/Zml0aW49NzAwOjcwMA==,MjEwMC4wMDAw,,6LuK55So5ZOB44O744OQ44Kk44Kv55So5ZOBID4g44Kr44O855So5ZOBID4g5YaF6KOF44OR44O844OEID4g44OV44Kj44Or44Og77yI44K544Oi44O844Kv77yJID4g44OI44Oo44K/55So,44CQ6YCB5paZ54Sh5paZ44CR44GC44GZ5qW9IOWvvuW/nCDjg6rjgqIgKGIpIOODnuOCuOOCp+OCueOCvyBTMTgg44Kr44OD44OI5riI44G/IOOCq+ODvOODleOCo+ODq+ODoCDou4rnqK7liKUg44K544Oi44O844KvIOOCu+ODg+ODiCDou4rnqK7lsILnlKgg44Km44Kk44Oz44OJ44KmIOeqk+OCrOODqeOCuSDmiJDlvaIg44OV44Kk44Or44OgVVbjgqvjg4Pjg4gg44OP44O844OJ44Kz44O844OIIERJWSDmlr3lt6Ug5pa55rOVIOiyvOOCiuaWuSAz56iu6aGe44Gu6YCP6YGO546H6YCa6LKpIOWkp+mYquOAkFJDUOOAkQ==,,PENFTlRFUj48aW1nIHNyYz1odHRwOi8vaW1hZ2UucmFrdXRlbi5jby5qcC9hdWMtYXV0b21heC9jYWJpbmV0LzAzNDA2NjM4L2ltZ3JjMDA2ODE3NjkyMS5naWYgd2lkdGg9NjAwPjwvY2VudGVyPjxCUj48Q0VOVEVSPjxCUj48Rk9OVCBTSVpFPTUgQ09MT1I9I2ZmMDAwMD7lvZPlupfjga7jgqvjg4Pjg4jmuIjjgb/jgqvjg7zjg5XjgqPjg6vjg6Djga88L0ZPTlQ+PEJSPjxGT05UIFNJWkU9NSBDT0xPUj0jZmYwMDAwPjxCPk1BREXjgIBJTuOAgEpBUEFO44CAPC9CPjwvRk9OVD48QlI+PEZPTlQgU0laRT01IENPTE9SPSNmZjAwMDA+77yI57Sr5aSW57eaVVbjgIA5Oe+8heOCq+ODg+ODiO+8ieOBp+OBmeOAgjwvRk9OVD48QlI+PFRSPiA8VEQgSEVJR0hUPTY+PC9URD4gPFREIEhFSUdIVD02PjwvVEQ+IDxURCBIRUlHSFQ9Nj48L1REPiA8L1RSPjxCUj48Q0VOVEVSPjxGT05UIENPTE9SPSNDQ0JCQUEgU0laRT00PjxCPjwvQj48L0ZPTlQ+PEJSPjxCUj48VEFCTEUgV0lEVEg9NjAwIENFTExTUEFDSU5HPTEgQk9SREVSPTAgQ0VMTFBBRERJTkc9MSBCR0NPTE9SPSNDQ0NDQ0M+PFRSPjxURCBCR0NPTE9SPSNGRjdGNTA+PFRBQkxFIFdJRFRIPTEwMCUgQ0VMTFNQQUNJTkc9MiBCT1JERVI9MCBDRUxMUEFERElORz01PjxUUj48VEQgQUxJR049bGVmdCBCR0NPTE9SPSNGRjdGNTA+PEZPTlQgQ09MT1I9IzMzMzMzMyBTSVpFPTM+PEI+4piF4piF5ZWG5ZOB6Kqs5piO4piF4piFPC9CPjwvRk9OVD48L1REPjwvVFI+PC9UQUJMRT48VEFCTEUgV0lEVEg9MTAwJSBDRUxMU1BBQ0lORz0yIEJPUkRFUj0wIENFTExQQURESU5HPTA+PFRSPjxURCBIRUlHSFQ9MiBCR0NPTE9SPSNDQ0JCQUE+PC9URD48L1RSPjwvVEFCTEU+PFRBQkxFIFdJRFRIPTEwMCUgQ0VMTFNQQUNJTkc9MiBCT1JERVI9MCBDRUxMUEFERElORz01PjxUUj48VEQgQUxJR049bGVmdCBCR0NPTE9SPSNGRkY4RUU+PEZPTlQgQ09MT1I9IzMzMzMzMyBTSVpFPTM+PEJSPuS+oeagvOOCkui2iuOBiOOBn+WTgeizquOCkuaPkOS+m+OBhOOBn+OBl+OBpuOBiuOCiuOBvuOBmeOBruOBp+OBlOWuieW/g+OBj+OBoOOBleOBhOOAgjxCUj7lvZPmlrnjga7jg5XjgqPjg6vjg6Djga9JU08gOTAwMeWPluW+l+W3peWgtOOBq+OBpuijvemAoOOBleOCjOOAgTxCUj7kuJbnlYznmoTjgavmlaznp7DjgZXjgozjgovjgIBVS0FT44CM6Iux5Zu96KqN6Ki85qmf6Zai6KqN5a6a5a+p6K2w5Lya44CNPEJSPuOBruiqjeiovOOCguWPluW+l+OBl+OBpuOBiuOCiuOBvuOBmeOAguOAgOOAgFJlZy5OTyAwNTkuQTxCUj48QlI+4piF4piF4piF4piF4piF6YGp5ZCI6LuK56iu4piF4piF4piF4piF4piFPEJSPjxCUj7pganlkIjlnovlvI8gVVpTMTg244O7VVpTMTg3IDxCUj7pganlkIjlubTlvI8g5bmz5oiQ77yR77yW5bm077yX5pyI772eIDxCUj7igLvjgqvjg4Pjg4jmuIjjgb/jgqvjg7zjg5XjgqPjg6vjg6DjgafjgZnjgYzjgIHlvZPou4rnqK7jga/oqr/mlbTjgqvjg4Pjg4jjgYzlv4XopoHjgafjgZnjgII8YnI+PEJSPuKYheKYheKYheKYheKYheOCu+ODg+ODiOWGheWuueKYheKYheKYheKYheKYhTxCUj48QlI+44K/44Kk44OI44Or44Gu44KC44Gu44Go44Gq44KK44G+44GZ44CCPEJSPuODleODreODs+ODiOOBruWgtOWQiD3pgYvou6LluK0v5Yqp5omL5bit44CQ5LiJ6KeS56qT44GM44GC44KL44KC44Gu44Gv5ZCr44G+44KM44G+44GZ44CRPEJSPuODquOColNFVOOBruWgtOWQiD3jg5Xjg63jg7Pjg4jjgJDpgYvou6LluK0v5Yqp5omL5bit44CR44KI44KK5b6M44KN5YWo44Gm44GuU0VU44Gn44GZPEJSPueUu+WDj+OBr+OCpOODoeODvOOCuOOBp+OBmeOBruOBp+OAgOi7iueoruOBq+OCiOOCiueVsOOBquOCiuOBvuOBmeOAgjxCUj7jgZTos7zlhaXmmYLjgIEz6Imy44Gu5Lit44GL44KJ44GK6YG444Gz44GP44Gg44GV44GE44CCPEJSPuODu+OCguOBo+OBqOOCgua/g+OBhOOCueODouODvOOCrz3jgrnjg7zjg5Hjg7zjg5bjg6njg4Pjgq/vvJXvvIU8QlI+44O75r+D44GE44K544Oi44O844KvPeODgOODvOOCr+OCueODouODvOOCr++8ke+8le+8hTxCUj7jg7vntJTmraPlkIzmp5jjga7jgrnjg6Ljg7zjgq8944OX44Op44Kk44OQ44K344O844K544Oi44O844Kv77yS77yW77yFPEJSPuOBlOazqOaWh+W+jOOBruiJsuOBruWkieabtOOBr+WHuuadpeOBi+OBreOBvuOBmeOAgjxCUj48QlI+PEJSPuODuyDnlLvlg4/jga/jgqTjg6Hjg7zjgrjjgafjgZnjgII8QlI+44O7IOODleOCo+ODq+ODoOOBr+OCreOCuuOBruOBpOOBjeOBq+OBj+OBhDxCUj7jg4/jg7zjg4njgrPjg7zjg4jjg5XjgqPjg6vjg6DjgpLkvb/nlKjjgZfjgabjgYrjgorjgb7jgZnjgII8QlI+PEJSPjxGT05UIFNJWkU9NT7imIXimIXimIXms6jmhI/kuovpoIUv5YWN6LKs5LqL6aCF4piF4piF4piFPC9GT05UPjxCUj7jg7vmpa3li5nnlKjjga7ngrrlpJbnrrHjg7voqqzmmI7mm7jnrYnku5jlsZ7oh7TjgZfjgb7jgZvjgpPjgII8QlI+44O76aCY5Y+O5pu444Gu55m66KGM44Gv44Gn44GN44G+44Gb44KT44Gu44Gn44GU5LqG5om/5LiL44GV44GE44CCPEJSPuODu+S9v+eUqOazleetieOBq+mWouOBmeOCi+OCteODneODvOODiOOBr+S4gOWIh+WHuuadpeOBvuOBm+OCk+OAgjxCUj7pganlkIjjgYvlkKbjgYvjgavjgaTjgY3jgb7jgZfjgabjga/llYblk4HoqqzmmI7jgavoqJjovInjgZfjgabjgYrjgorjgb7jgZk8QlI+6YGp5ZCI6LuK56iu44O75Z6L5byP44O75bm05byP44Gr44Gm44GK5a6i5qeY44GU6Ieq6Lqr44Gn44GU5Yik5pat44GK6aGY44GE6Ie044GX44G+44GZ44CCPEJSPjxCUj48QlI+PEZPTlQgU0laRT01PuOAkOOBlOizvOWFpeWJjeOBq+W/heOBmuOCr+ODquODg+OCr+OAkTwvRk9OVD48QlI+44GU6LO85YWl6aCC44GE44Gf5pmC54K544Gn44CB5LiK6KiY44KS44Kv44Oq44OD44Kv44GXPEJSPuOBlOeiuuiqjeODu+OBlOS6huaJv+mgguOBhOOBn+S4iuOBp+OBruOBlOizvOWFpeOBqOWIpOaWreOBlzxCUj7jgYrlj5blvJXjgZXjgZvjgabpoILjgY3jgb7jgZnjgII8QlI+44GU6LO85YWl5b6M44Gu44Kt44Oj44Oz44K744Or44Gv44GK5pat44KK44GX44Gm44GK44KK44G+44GZ44CCPEJSPjxCUj48QlI+PEZPTlQgU0laRT01PuOAkOaWreeGseODleOCo+ODq+ODoOOBuOOBruWkieabtOOCquODl+OCt+ODp+ODs+OAkTwvRk9OVD48QlI+5pat54ax44K/44Kk44OX44Gu44OV44Kj44Or44Og44KS44GU5biM5pyb44Gu5aC05ZCI44CB5LiK6KiY44Oq44Oz44Kv44KS44Kv44Oq44OD44Kv44GXPEJSPuOBlOW4jOacm+OBrui7iueoruWIpeOCq+ODg+ODiOa4iOOBv+OCq+ODvOODleOCo+ODq+ODoOOBqOS4gOe3kuOBq+OAgeOBlOizvOWFpeaJi+e2muOBjeOBiumhmOOBhOOBl+OBvuOBmeOAgjxCUj48QlI+PEJSPjxGT05UIFNJWkU9NT7jgJDjg5/jg6njg7zjg5XjgqPjg6vjg6Djgafjga7jgqvjg4Pjg4gg44Kq44OX44K344On44Oz44CRPC9GT05UPjxCUj7jg5/jg6njg7zjg5XjgqPjg6vjg6Djgafjga7oo73kvZzjgpLjgZTluIzmnJvjga7loLTlkIjjgIHkuIroqJjjg6rjg7Pjgq/jgpLjgq/jg6rjg4Pjgq/jgZc8QlI+44GU5biM5pyb44Gu6LuK56iu5Yil44Kr44OD44OI5riI44G/44Kr44O844OV44Kj44Or44Og44Go5LiA57eS44Gr44CB44GU6LO85YWl5omL57aa44GN44GK6aGY44GE44GX44G+44GZ44CCCjwvRk9OVD48L1REPjwvVFI+PC9UQUJMRT48L1REPjwvVFI+PC9UQUJMRT48QlI+PEJSPjxCUj48VEFCTEUgV0lEVEg9NjAwIENFTExTUEFDSU5HPTEgQk9SREVSPTAgQ0VMTFBBRERJTkc9MSBCR0NPTE9SPSNDQ0NDQ0M+PFRSPjxURCBCR0NPTE9SPSNGRjdGNTA+PFRBQkxFIFdJRFRIPTEwMCUgQ0VMTFNQQUNJTkc9MiBCT1JERVI9MCBDRUxMUEFERElORz01PjxUUj48VEQgQUxJR049bGVmdCBCR0NPTE9SPSNGRjdGNTA+PEZPTlQgQ09MT1I9IzMzMzMzMyBTSVpFPTM+PEI+4piF4piF55m66YCB5pa55rOVL+mAgeaWmeKYheKYhTwvQj48L0ZPTlQ+PC9URD48L1RSPjwvVEFCTEU+PFRBQkxFIFdJRFRIPTEwMCUgQ0VMTFNQQUNJTkc9MiBCT1JERVI9MCBDRUxMUEFERElORz0wPjxUUj48VEQgSEVJR0hUPTIgQkdDT0xPUj0jQ0NCQkFBPjwvVEQ+PC9UUj48L1RBQkxFPjxUQUJMRSBXSURUSD0xMDAlIENFTExTUEFDSU5HPTIgQk9SREVSPTAgQ0VMTFBBRERJTkc9NT48VFI+PFREIEFMSUdOPWxlZnQgQkdDT0xPUj0jRkZGOEVFPjxGT05UIENPTE9SPSMzMzMzMzMgU0laRT0zPjxCUj7llYblk4HlkI3jgavjgJDpgIHmlpnnhKHmlpnjgJHjga7oqJjovInjgYzjgYLjgovloLTlkIjjga/jgIHpgIHmlpnnhKHmlpnjgafjgZnjgII8QlI+PEJSPjxGT05UIFNJWkU9NT7jgJDlhajlm73pgIHmlpnooajjgJE8L0ZPTlQ+44KS44GU56K66KqN5LiL44GV44GE44G+44Gb44CCPEJSPjxCUj7opIfmlbDjga7llYblk4HjgpLlkIzmorHlj6/og73jgafjgZnjgII8QlI+4oC75ZCM5qKx44KS44GU5biM5pyb44Gu5aC05ZCI44CB5b+F44Ga5ZCM44GY44GK6LK344GE54mp44Kr44K077yI44Kr44O844OI77yJ44Gn44GU5rOo5paH5LiL44GV44GE44CCPEJSPuazqOaEj++8muOCq+ODvOODleOCo+ODq+ODoOOBruikh+aVsOWQjOaiseOBruWgtOWQiOS4gOOBpOOBruetkuOBq+OBvuOBqOOCgeOBpuaiseWMheiHtOOBl+OBvuOBmeOAgjxCUj7kuojjgoHjgZTkuobmib/kuIvjgZXjgYTjgb7jgZvjgII8QlI+PEJSPuKAu+WIpeOAheOBruOBiuiyt+OBhOeJqeOCq+OCtOOBp+azqOaWh+OBleOCjOOBn+WgtOWQiOOBr+WIpeOAheOBruetkuOBq+aiseWMheOBl+eZuumAgeiHtOOBl+OBvuOBmeOAgjxCUj7jgZ3jga7ngrrjgIHpgIHmlpnjg7vku6PlvJXjgY3miYvmlbDmlpnjga/nmbrpgIHlgIvmlbDliIboq4vmsYLjgZXjgZvjgabpoILjgY3jgb7jgZnjgII8QlI+PEJSPuKAu+WIpeOAheOBruOBiuiyt+OBhOeJqeOCq+OCtOOBp+azqOaWh+OBl+OAgemAgeaWme+8keWAi+WPo+WIhuOBp+OBruOBiuaUr+aJleOBhDxCUj7jgZXjgozjgZ/loLTlkIjjga/lkIzmorHluIzmnJvjgajliKTmlq3jgZfnmbrpgIHoh7TjgZfjgb7jgZnjgII8QlI+PEJSPuKYheeZuumAgeOBq+mWouOBmeOCi+azqOaEj+S6i+mgheKYhTxCUj4tLS0tLS0tLS0tLS0tLS0tLS0tLS0tLS0tLS0tLS0tLS0tLS0tLS0tIDxCUj7lvZPmlrnmjIflrprlroXmgKXkvr/jgafjgZnjga7jgafphY3pgIHmpa3ogIXjga/pgbjmip7jgafjgY3jgb7jgZvjgpPjgIIgPEJSPuaZgumWk+aMh+WumuOBr+WvvuW/nOOBhOOBn+OBl+OBpuOBiuOCiuOBvuOBm+OCk+OAgjxCUj7nmbrpgIHpgKPntaHjgavoqJjovInjga7llY/jgYTlkIjjgo/jgZvnlarlj7fjgafjgZToh6rouqvjgafjgZTnorroqo3poILjgZHjgb7jgZnjgII8QlI+6Zui5bO244Gv55m66YCB44GM5LiA5pel6YGF44KM44G+44GZ44CCIDxCUj4tLS0tLS0tLS0tLS0tLS0tLS0tLS0tLS0tLS0tLS0tLS0tLS0tLS0tPEJSPuKYheWVhuWTgeS7o+W8leKYheOAgOOAgDxCUj7lroXmgKXkvr/pgIHmlpkr5Yil6YCU5omL5pWw5paZ77yT77yX77yQ5YaGIDxCUj4tLS0tLS0tLS0tLS0tLS0tLS0tLS0tLS0tLS0tLS0tLS0tLS0tLS0tIDxCUj4xMuaZguWNiuOBvuOBp+OBq+OBlOWFpemHkeOBjOeiuuiqjeWHuuadpeOBn+OBlOazqOaWh+OAgTxCUj7jgb7jgZ/jga/llYblk4Hku6PlvJXjga7jgZTms6jmlofjga/ljbPml6XnmbrpgIHjgZXjgZvjgabpoILjgY3jgb7jgZnjgII8QlI+5a6a5LyR5pel44CA5Lya56S+5qaC6KaB6KiY6LyJL+iHqOaZguS8kealreOBruOBlOahiOWGheOBr+W9k+W6l+ODmuODvOOCuOWGheOBq+aOsui8ieOBl+OBvuOBmeOAgjwvRk9OVD48L1REPjwvVFI+PC9UQUJMRT48L1REPjwvVFI+PC9UQUJMRT48QlI+PFRBQkxFIFdJRFRIPTYwMCBDRUxMU1BBQ0lORz0xIEJPUkRFUj0wIENFTExQQURESU5HPTEgQkdDT0xPUj0jQ0NDQ0NDPjxUUj48VEQgQkdDT0xPUj0jRkY3RjUwPjxUQUJMRSBXSURUSD0xMDAlIENFTExTUEFDSU5HPTIgQk9SREVSPTAgQ0VMTFBBRERJTkc9NT48VFI+PFREIEFMSUdOPWxlZnQgQkdDT0xPUj0jRkY3RjUwPjxGT05UIENPTE9SPSMzMzMzMzMgU0laRT0zPjxCPuKYheKYheaUr+aJleaWueazleKYhTwvQj48L0ZPTlQ+PC9URD48L1RSPjwvVEFCTEU+PFRBQkxFIFdJRFRIPTEwMCUgQ0VMTFNQQUNJTkc9MiBCT1JERVI9MCBDRUxMUEFERElORz0wPjxUUj48VEQgSEVJR0hUPTIgQkdDT0xPUj0jQ0NCQkFBPjwvVEQ+PC9UUj48L1RBQkxFPjxUQUJMRSBXSURUSD0xMDAlIENFTExTUEFDSU5HPTIgQk9SREVSPTAgQ0VMTFBBRERJTkc9NT48VFI+PFREIEFMSUdOPWxlZnQgQkdDT0xPUj0jRkZGOEVFPjxGT05UIENPTE9SPSMzMzMzMzMgU0laRT0zPuKXj+alveWkqemKgOihjOOAgOaMr+i+vDxCUj7il4/llYblk4Hku6PlvJU8QlI+4peP44Kv44Os44K444OD44OI44Kr44O844OJ5rG65riIPEJSPuKXj+OCs+ODs+ODk+ODi+axuua4iO+8iOWJjeaJleOBhO+8iTxCUj7il4/mpb3lpKlFZHnmsbrmuIg8QlI+4pePYXXjgYvjgpPjgZ/jgpPmsbrmuIg8QlI+PC9GT05UPjwvVEQ+PC9UUj48L1RBQkxFPjwvVEQ+PC9UUj48L1RBQkxFPjxCUj48aW1nIHNyYz1odHRwOi8vaW1hZ2UucmFrdXRlbi5jby5qcC9hdWMtYXV0b21heC9jYWJpbmV0LzAzNDA2NjM4L2ltZ3JjMDA2ODE3NjkyNC5naWYgd2lkdGg9NjAwPjxCUj48QlI+PElNRyBTUkM9aHR0cDovL2ltYWdlLnJha3V0ZW4uY28uanAvYXVjLWF1dG9tYXgvY2FiaW5ldC8wMzU2MTkyNS9pbWc2MzE5Mzc4My5naWYgV0lEVEg9NjAwPjwvQ0VOVEVSPjxCUj48QlI+PENFTlRFUj48SU1HIFdJRFRIPTUyMCBTUkM9aHR0cDovL2ltYWdlLnJha3V0ZW4uY28uanAvYXVjLWF1dG9tYXgvY2FiaW5ldC8wMjU2NTcxNy9pbWc2NDc1MzExMS5naWY+PEJSPjxJTUcgV0lEVEg9NTIwIFNSQz1odHRwOi8vaW1hZ2UucmFrdXRlbi5jby5qcC9hdWMtYXV0b21heC9jYWJpbmV0LzAyNTY1NzE3L2ltZzY0NzU3OTg3LmdpZj48QlI+PC9DRU5URVI+PC9DRU5URVI+PC9UQUJMRT48L0NFTlRFUj48Y2VudGVyPgo8YnI+CjxpbWcgU1JDPWh0dHA6Ly9pbWFnZS5yYWt1dGVuLmNvLmpwL2F1Yy1hdXRvbWF4L2NhYmluZXQvaW1ncmMwMDY3MzgyMjc2LmdpZiB3aWR0aD02NzAgaGVpZ2h0PTQwMD48QlI+Cjxicj4KPGltZyBTUkM9aHR0cDovL2ltYWdlLnJha3V0ZW4uY28uanAvYXVjLWF1dG9tYXgvY2FiaW5ldC9pbWc2MDMzMzAwNC5naWYgd2lkdGg9NjcwIGhlaWdodD0xMjA+PEJSPgo8YnI+Cgo8YnI+PC9jZW50ZXI+,44CQ6YCB5paZ54Sh5paZ44CR44GC44GZ5qW9IOWvvuW/nCDjg6rjgqIgKGIpIOODnuOCuOOCp+OCueOCvyBTMTgg44Kr44OD44OI5riI44G/IOOCq+ODvOODleOCo+ODq+ODoCDou4rnqK7liKUg44K544Oi44O844KvIOOCu+ODg+ODiCDou4rnqK7lsILnlKgg44Km44Kk44Oz44OJ44KmIOeqk+OCrOODqeOCuSDmiJDlvaIg44OV44Kk44Or44OgVVbjgqvjg4Pjg4gg44OP44O844OJ44Kz44O844OIIERJWSDmlr3lt6Ug5pa55rOVIOiyvOOCiuaWuSAz56iu6aGe44Gu6YCP6YGO546H6YCa6LKpIOWkp+mYquOAkFJDUOOAke+8mkFVVE9NQVggaXp1bWk=,44Kr44OD44OG44Kj44Oz44Kw44K344O844OI44Oi44OL44K/44O844K544K/44Oz44OJ44Ki44Or44Kr44Oz44K/44O844Op6Kq/44K544Ko44O844OJ55Sf5Zyw44K344O844OI5rGO55So44OR44O844OE6Ieq5YuV6LuK44Ki44Kv44K744K144Oq44O844Oh44OD44Kt44Oi44O844Or6YCB5paZ54Sh5paZ44K544OG44OD44Kr44O844Kr44O855So5ZOB44OQ44Kk44Kv55So5ZOB44OJ44Os44K544Ki44OD44OX44Op44Kw44K444Ol44Ki44Oq44O85YaF6KOF5aSW6KOF44Kr44OD44OI5riI44G/44Kr44O844OV44Kj44Or44Og5aSn6Ziq6YCa6LKp5r+A5a6J5qC85a6J5pa95bel44CQ6YCB5paZ54Sh5paZ44CR44GC44GZ5qW9IOWvvuW/nCDjg6rjgqIgKGIpIOODnuOCuOOCp+OCueOCvyBTMTgg44Kr44OD44OI5riI44G/IOOCq+ODvOODleOCo+ODq+ODoCDou4rnqK7liKUg44K544Oi44O844KvIOOCu+ODg+ODiCDou4rnqK7lsILnlKgg44Km44Kk44Oz44OJ44KmIOeqk+OCrOODqeOCuSDmiJDlvaIg44OV44Kk44Or44OgVVbjgqvjg4Pjg4gg44OP44O844OJ44Kz44O844OIIERJWSDmlr3lt6Ug5pa55rOVIOiyvOOCiuaWuSAz56iu6aGe44Gu6YCP6YGO546H6YCa6LKpIOWkp+mYquOAkFJDUOOAkQ==,6YCB5paZ54Sh5paZ77yI5YyX5rW36YGTL+aylue4hOmZpOOBj++8ieS7o+W8leOBjeOBruWgtOWQiOOAgeWIpemAlOaJi+aVsOaWmTM3MOWGhuOAguOAkOmAgeaWmeeEoeaWmeOAkeOBguOBmealvSDlr77lv5wg44Oq44KiIChiKSDjg57jgrjjgqfjgrnjgr8gUzE4IOOCq+ODg+ODiOa4iOOBvyDjgqvjg7zjg5XjgqPjg6vjg6Ag6LuK56iu5YilIOOCueODouODvOOCryDjgrvjg4Pjg4gg6LuK56iu5bCC55SoIOOCpuOCpOODs+ODieOCpiDnqpPjgqzjg6njgrkg5oiQ5b2iIOODleOCpOODq+ODoFVW44Kr44OD44OIIOODj+ODvOODieOCs+ODvOODiCBESVkg5pa95belIOaWueazlSDosrzjgormlrkgM+eorumhnuOBrumAj+mBjueOh+mAmuiyqSDlpKfpmKrjgJBSQ1DjgJE=[rn]
12-37273,aHR0cDovL3RzaG9wLnIxMHMuanAvYXVjLWF1dG9tYXgvY2FiaW5ldC8wMjU2NTcxNy9pbWc2NDIyMTM3My5qcGc/Zml0aW49NzAwOjcwMA==,MTQ2MC4wMDAw,,6LuK55So5ZOB44O744OQ44Kk44Kv55So5ZOBID4g44Kr44O855So5ZOBID4g5YaF6KOF44OR44O844OEID4g44OV44Kj44Or44Og77yI44K544Oi44O844Kv77yJID4g44OI44Oo44K/55So,44CQ6YCB5paZ54Sh5paZ44CR44GC44GZ5qW9IOWvvuW/nCDjg5Xjg63jg7Pjg4ggKHMpIOODnuOCuOOCp+OCueOCvyBTMTUg44Kr44OD44OI5riI44G/IOOCq+ODvOODleOCo+ODq+ODoCDou4rnqK7liKUg44K544Oi44O844KvIOOCu+ODg+ODiCDou4rnqK7lsILnlKgg44Km44Kk44Oz44OJ44KmIOeqk+OCrOODqeOCuSDmiJDlvaIg44OV44Kk44Or44OgVVbjgqvjg4Pjg4gg44OP44O844OJ44Kz44O844OIIERJWSDmlr3lt6Ug5pa55rOVIOiyvOOCiuaWuSAz56iu6aGe44Gu6YCP6YGO546H6YCa6LKpIOWkp+mYquOAkFJDUOOAkQ==,,PENFTlRFUj48aW1nIHNyYz1odHRwOi8vaW1hZ2UucmFrdXRlbi5jby5qcC9hdWMtYXV0b21heC9jYWJpbmV0LzAzNDA2NjM4L2ltZ3JjMDA2ODE3NjkyMS5naWYgd2lkdGg9NjAwPjwvY2VudGVyPjxCUj48Q0VOVEVSPjxCUj48Rk9OVCBTSVpFPTUgQ09MT1I9I2ZmMDAwMD7lvZPlupfjga7jgqvjg4Pjg4jmuIjjgb/jgqvjg7zjg5XjgqPjg6vjg6Djga88L0ZPTlQ+PEJSPjxGT05UIFNJWkU9NSBDT0xPUj0jZmYwMDAwPjxCPk1BREXjgIBJTuOAgEpBUEFO44CAPC9CPjwvRk9OVD48QlI+PEZPTlQgU0laRT01IENPTE9SPSNmZjAwMDA+77yI57Sr5aSW57eaVVbjgIA5Oe+8heOCq+ODg+ODiO+8ieOBp+OBmeOAgjwvRk9OVD48QlI+PFRSPiA8VEQgSEVJR0hUPTY+PC9URD4gPFREIEhFSUdIVD02PjwvVEQ+IDxURCBIRUlHSFQ9Nj48L1REPiA8L1RSPjxCUj48Q0VOVEVSPjxGT05UIENPTE9SPSNDQ0JCQUEgU0laRT00PjxCPjwvQj48L0ZPTlQ+PEJSPjxCUj48VEFCTEUgV0lEVEg9NjAwIENFTExTUEFDSU5HPTEgQk9SREVSPTAgQ0VMTFBBRERJTkc9MSBCR0NPTE9SPSNDQ0NDQ0M+PFRSPjxURCBCR0NPTE9SPSNGRjdGNTA+PFRBQkxFIFdJRFRIPTEwMCUgQ0VMTFNQQUNJTkc9MiBCT1JERVI9MCBDRUxMUEFERElORz01PjxUUj48VEQgQUxJR049bGVmdCBCR0NPTE9SPSNGRjdGNTA+PEZPTlQgQ09MT1I9IzMzMzMzMyBTSVpFPTM+PEI+4piF4piF5ZWG5ZOB6Kqs5piO4piF4piFPC9CPjwvRk9OVD48L1REPjwvVFI+PC9UQUJMRT48VEFCTEUgV0lEVEg9MTAwJSBDRUxMU1BBQ0lORz0yIEJPUkRFUj0wIENFTExQQURESU5HPTA+PFRSPjxURCBIRUlHSFQ9MiBCR0NPTE9SPSNDQ0JCQUE+PC9URD48L1RSPjwvVEFCTEU+PFRBQkxFIFdJRFRIPTEwMCUgQ0VMTFNQQUNJTkc9MiBCT1JERVI9MCBDRUxMUEFERElORz01PjxUUj48VEQgQUxJR049bGVmdCBCR0NPTE9SPSNGRkY4RUU+PEZPTlQgQ09MT1I9IzMzMzMzMyBTSVpFPTM+PEJSPuS+oeagvOOCkui2iuOBiOOBn+WTgeizquOCkuaPkOS+m+OBhOOBn+OBl+OBpuOBiuOCiuOBvuOBmeOBruOBp+OBlOWuieW/g+OBj+OBoOOBleOBhOOAgjxCUj7lvZPmlrnjga7jg5XjgqPjg6vjg6Djga9JU08gOTAwMeWPluW+l+W3peWgtOOBq+OBpuijvemAoOOBleOCjOOAgTxCUj7kuJbnlYznmoTjgavmlaznp7DjgZXjgozjgovjgIBVS0FT44CM6Iux5Zu96KqN6Ki85qmf6Zai6KqN5a6a5a+p6K2w5Lya44CNPEJSPuOBruiqjeiovOOCguWPluW+l+OBl+OBpuOBiuOCiuOBvuOBmeOAguOAgOOAgFJlZy5OTyAwNTkuQTxCUj48QlI+4piF4piF4piF4piF4piF6YGp5ZCI6LuK56iu4piF4piF4piF4piF4piFPEJSPumBqeWQiOWei+W8jyBVWlMxNTHjg7tVWlMxNTXjg7tVWlMxNTfjg7tKWlMxNTUgPEJSPumBqeWQiOW5tOW8jyDlubPmiJDvvJflubTvvJjmnIjvvZ7lubPmiJDvvJHvvJHlubTvvJjmnIg8QlI+PEJSPuKYheKYheKYheKYheKYheOCu+ODg+ODiOWGheWuueKYheKYheKYheKYheKYhTxCUj48QlI+44K/44Kk44OI44Or44Gu44KC44Gu44Go44Gq44KK44G+44GZ44CCPEJSPuODleODreODs+ODiOOBruWgtOWQiD3pgYvou6LluK0v5Yqp5omL5bit44CQ5LiJ6KeS56qT44GM44GC44KL44KC44Gu44Gv5ZCr44G+44KM44G+44GZ44CRPEJSPuODquOColNFVOOBruWgtOWQiD3jg5Xjg63jg7Pjg4jjgJDpgYvou6LluK0v5Yqp5omL5bit44CR44KI44KK5b6M44KN5YWo44Gm44GuU0VU44Gn44GZPEJSPueUu+WDj+OBr+OCpOODoeODvOOCuOOBp+OBmeOBruOBp+OAgOi7iueoruOBq+OCiOOCiueVsOOBquOCiuOBvuOBmeOAgjxCUj7jgZTos7zlhaXmmYLjgIEz6Imy44Gu5Lit44GL44KJ44GK6YG444Gz44GP44Gg44GV44GE44CCPEJSPuODu+OCguOBo+OBqOOCgua/g+OBhOOCueODouODvOOCrz3jgrnjg7zjg5Hjg7zjg5bjg6njg4Pjgq/vvJXvvIU8QlI+44O75r+D44GE44K544Oi44O844KvPeODgOODvOOCr+OCueODouODvOOCr++8ke+8le+8hTxCUj7jg7vntJTmraPlkIzmp5jjga7jgrnjg6Ljg7zjgq8944OX44Op44Kk44OQ44K344O844K544Oi44O844Kv77yS77yW77yFPEJSPuOBlOazqOaWh+W+jOOBruiJsuOBruWkieabtOOBr+WHuuadpeOBi+OBreOBvuOBmeOAgjxCUj48QlI+PEJSPuODuyDnlLvlg4/jga/jgqTjg6Hjg7zjgrjjgafjgZnjgII8QlI+44O7IOODleOCo+ODq+ODoOOBr+OCreOCuuOBruOBpOOBjeOBq+OBj+OBhDxCUj7jg4/jg7zjg4njgrPjg7zjg4jjg5XjgqPjg6vjg6DjgpLkvb/nlKjjgZfjgabjgYrjgorjgb7jgZnjgII8QlI+PEJSPjxGT05UIFNJWkU9NT7imIXimIXimIXms6jmhI/kuovpoIUv5YWN6LKs5LqL6aCF4piF4piF4piFPC9GT05UPjxCUj7jg7vmpa3li5nnlKjjga7ngrrlpJbnrrHjg7voqqzmmI7mm7jnrYnku5jlsZ7oh7TjgZfjgb7jgZvjgpPjgII8QlI+44O76aCY5Y+O5pu444Gu55m66KGM44Gv44Gn44GN44G+44Gb44KT44Gu44Gn44GU5LqG5om/5LiL44GV44GE44CCPEJSPuODu+S9v+eUqOazleetieOBq+mWouOBmeOCi+OCteODneODvOODiOOBr+S4gOWIh+WHuuadpeOBvuOBm+OCk+OAgjxCUj7pganlkIjjgYvlkKbjgYvjgavjgaTjgY3jgb7jgZfjgabjga/llYblk4HoqqzmmI7jgavoqJjovInjgZfjgabjgYrjgorjgb7jgZk8QlI+6YGp5ZCI6LuK56iu44O75Z6L5byP44O75bm05byP44Gr44Gm44GK5a6i5qeY44GU6Ieq6Lqr44Gn44GU5Yik5pat44GK6aGY44GE6Ie044GX44G+44GZ44CCPEJSPjxCUj48QlI+PEZPTlQgU0laRT01PuOAkOOBlOizvOWFpeWJjeOBq+W/heOBmuOCr+ODquODg+OCr+OAkTwvRk9OVD48QlI+44GU6LO85YWl6aCC44GE44Gf5pmC54K544Gn44CB5LiK6KiY44KS44Kv44Oq44OD44Kv44GXPEJSPuOBlOeiuuiqjeODu+OBlOS6huaJv+mgguOBhOOBn+S4iuOBp+OBruOBlOizvOWFpeOBqOWIpOaWreOBlzxCUj7jgYrlj5blvJXjgZXjgZvjgabpoILjgY3jgb7jgZnjgII8QlI+44GU6LO85YWl5b6M44Gu44Kt44Oj44Oz44K744Or44Gv44GK5pat44KK44GX44Gm44GK44KK44G+44GZ44CCPEJSPjxCUj48QlI+PEZPTlQgU0laRT01PuOAkOaWreeGseODleOCo+ODq+ODoOOBuOOBruWkieabtOOCquODl+OCt+ODp+ODs+OAkTwvRk9OVD48QlI+5pat54ax44K/44Kk44OX44Gu44OV44Kj44Or44Og44KS44GU5biM5pyb44Gu5aC05ZCI44CB5LiK6KiY44Oq44Oz44Kv44KS44Kv44Oq44OD44Kv44GXPEJSPuOBlOW4jOacm+OBrui7iueoruWIpeOCq+ODg+ODiOa4iOOBv+OCq+ODvOODleOCo+ODq+ODoOOBqOS4gOe3kuOBq+OAgeOBlOizvOWFpeaJi+e2muOBjeOBiumhmOOBhOOBl+OBvuOBmeOAgjxCUj48QlI+PEJSPjxGT05UIFNJWkU9NT7jgJDjg5/jg6njg7zjg5XjgqPjg6vjg6Djgafjga7jgqvjg4Pjg4gg44Kq44OX44K344On44Oz44CRPC9GT05UPjxCUj7jg5/jg6njg7zjg5XjgqPjg6vjg6Djgafjga7oo73kvZzjgpLjgZTluIzmnJvjga7loLTlkIjjgIHkuIroqJjjg6rjg7Pjgq/jgpLjgq/jg6rjg4Pjgq/jgZc8QlI+44GU5biM5pyb44Gu6LuK56iu5Yil44Kr44OD44OI5riI44G/44Kr44O844OV44Kj44Or44Og44Go5LiA57eS44Gr44CB44GU6LO85YWl5omL57aa44GN44GK6aGY44GE44GX44G+44GZ44CCCjwvRk9OVD48L1REPjwvVFI+PC9UQUJMRT48L1REPjwvVFI+PC9UQUJMRT48QlI+PEJSPjxCUj48VEFCTEUgV0lEVEg9NjAwIENFTExTUEFDSU5HPTEgQk9SREVSPTAgQ0VMTFBBRERJTkc9MSBCR0NPTE9SPSNDQ0NDQ0M+PFRSPjxURCBCR0NPTE9SPSNGRjdGNTA+PFRBQkxFIFdJRFRIPTEwMCUgQ0VMTFNQQUNJTkc9MiBCT1JERVI9MCBDRUxMUEFERElORz01PjxUUj48VEQgQUxJR049bGVmdCBCR0NPTE9SPSNGRjdGNTA+PEZPTlQgQ09MT1I9IzMzMzMzMyBTSVpFPTM+PEI+4piF4piF55m66YCB5pa55rOVL+mAgeaWmeKYheKYhTwvQj48L0ZPTlQ+PC9URD48L1RSPjwvVEFCTEU+PFRBQkxFIFdJRFRIPTEwMCUgQ0VMTFNQQUNJTkc9MiBCT1JERVI9MCBDRUxMUEFERElORz0wPjxUUj48VEQgSEVJR0hUPTIgQkdDT0xPUj0jQ0NCQkFBPjwvVEQ+PC9UUj48L1RBQkxFPjxUQUJMRSBXSURUSD0xMDAlIENFTExTUEFDSU5HPTIgQk9SREVSPTAgQ0VMTFBBRERJTkc9NT48VFI+PFREIEFMSUdOPWxlZnQgQkdDT0xPUj0jRkZGOEVFPjxGT05UIENPTE9SPSMzMzMzMzMgU0laRT0zPjxCUj7llYblk4HlkI3jgavjgJDpgIHmlpnnhKHmlpnjgJHjga7oqJjovInjgYzjgYLjgovloLTlkIjjga/jgIHpgIHmlpnnhKHmlpnjgafjgZnjgII8QlI+PEJSPjxGT05UIFNJWkU9NT7jgJDlhajlm73pgIHmlpnooajjgJE8L0ZPTlQ+44KS44GU56K66KqN5LiL44GV44GE44G+44Gb44CCPEJSPjxCUj7opIfmlbDjga7llYblk4HjgpLlkIzmorHlj6/og73jgafjgZnjgII8QlI+4oC75ZCM5qKx44KS44GU5biM5pyb44Gu5aC05ZCI44CB5b+F44Ga5ZCM44GY44GK6LK344GE54mp44Kr44K077yI44Kr44O844OI77yJ44Gn44GU5rOo5paH5LiL44GV44GE44CCPEJSPuazqOaEj++8muOCq+ODvOODleOCo+ODq+ODoOOBruikh+aVsOWQjOaiseOBruWgtOWQiOS4gOOBpOOBruetkuOBq+OBvuOBqOOCgeOBpuaiseWMheiHtOOBl+OBvuOBmeOAgjxCUj7kuojjgoHjgZTkuobmib/kuIvjgZXjgYTjgb7jgZvjgII8QlI+PEJSPuKAu+WIpeOAheOBruOBiuiyt+OBhOeJqeOCq+OCtOOBp+azqOaWh+OBleOCjOOBn+WgtOWQiOOBr+WIpeOAheOBruetkuOBq+aiseWMheOBl+eZuumAgeiHtOOBl+OBvuOBmeOAgjxCUj7jgZ3jga7ngrrjgIHpgIHmlpnjg7vku6PlvJXjgY3miYvmlbDmlpnjga/nmbrpgIHlgIvmlbDliIboq4vmsYLjgZXjgZvjgabpoILjgY3jgb7jgZnjgII8QlI+PEJSPuKAu+WIpeOAheOBruOBiuiyt+OBhOeJqeOCq+OCtOOBp+azqOaWh+OBl+OAgemAgeaWme+8keWAi+WPo+WIhuOBp+OBruOBiuaUr+aJleOBhDxCUj7jgZXjgozjgZ/loLTlkIjjga/lkIzmorHluIzmnJvjgajliKTmlq3jgZfnmbrpgIHoh7TjgZfjgb7jgZnjgII8QlI+PEJSPuKYheeZuumAgeOBq+mWouOBmeOCi+azqOaEj+S6i+mgheKYhTxCUj4tLS0tLS0tLS0tLS0tLS0tLS0tLS0tLS0tLS0tLS0tLS0tLS0tLS0tIDxCUj7lvZPmlrnmjIflrprlroXmgKXkvr/jgafjgZnjga7jgafphY3pgIHmpa3ogIXjga/pgbjmip7jgafjgY3jgb7jgZvjgpPjgIIgPEJSPuaZgumWk+aMh+WumuOBr+WvvuW/nOOBhOOBn+OBl+OBpuOBiuOCiuOBvuOBm+OCk+OAgjxCUj7nmbrpgIHpgKPntaHjgavoqJjovInjga7llY/jgYTlkIjjgo/jgZvnlarlj7fjgafjgZToh6rouqvjgafjgZTnorroqo3poILjgZHjgb7jgZnjgII8QlI+6Zui5bO244Gv55m66YCB44GM5LiA5pel6YGF44KM44G+44GZ44CCIDxCUj4tLS0tLS0tLS0tLS0tLS0tLS0tLS0tLS0tLS0tLS0tLS0tLS0tLS0tPEJSPuKYheWVhuWTgeS7o+W8leKYheOAgOOAgDxCUj7lroXmgKXkvr/pgIHmlpkr5Yil6YCU5omL5pWw5paZ77yT77yX77yQ5YaGIDxCUj4tLS0tLS0tLS0tLS0tLS0tLS0tLS0tLS0tLS0tLS0tLS0tLS0tLS0tIDxCUj4xMuaZguWNiuOBvuOBp+OBq+OBlOWFpemHkeOBjOeiuuiqjeWHuuadpeOBn+OBlOazqOaWh+OAgTxCUj7jgb7jgZ/jga/llYblk4Hku6PlvJXjga7jgZTms6jmlofjga/ljbPml6XnmbrpgIHjgZXjgZvjgabpoILjgY3jgb7jgZnjgII8QlI+5a6a5LyR5pel44CA5Lya56S+5qaC6KaB6KiY6LyJL+iHqOaZguS8kealreOBruOBlOahiOWGheOBr+W9k+W6l+ODmuODvOOCuOWGheOBq+aOsui8ieOBl+OBvuOBmeOAgjwvRk9OVD48L1REPjwvVFI+PC9UQUJMRT48L1REPjwvVFI+PC9UQUJMRT48QlI+PFRBQkxFIFdJRFRIPTYwMCBDRUxMU1BBQ0lORz0xIEJPUkRFUj0wIENFTExQQURESU5HPTEgQkdDT0xPUj0jQ0NDQ0NDPjxUUj48VEQgQkdDT0xPUj0jRkY3RjUwPjxUQUJMRSBXSURUSD0xMDAlIENFTExTUEFDSU5HPTIgQk9SREVSPTAgQ0VMTFBBRERJTkc9NT48VFI+PFREIEFMSUdOPWxlZnQgQkdDT0xPUj0jRkY3RjUwPjxGT05UIENPTE9SPSMzMzMzMzMgU0laRT0zPjxCPuKYheKYheaUr+aJleaWueazleKYhTwvQj48L0ZPTlQ+PC9URD48L1RSPjwvVEFCTEU+PFRBQkxFIFdJRFRIPTEwMCUgQ0VMTFNQQUNJTkc9MiBCT1JERVI9MCBDRUxMUEFERElORz0wPjxUUj48VEQgSEVJR0hUPTIgQkdDT0xPUj0jQ0NCQkFBPjwvVEQ+PC9UUj48L1RBQkxFPjxUQUJMRSBXSURUSD0xMDAlIENFTExTUEFDSU5HPTIgQk9SREVSPTAgQ0VMTFBBRERJTkc9NT48VFI+PFREIEFMSUdOPWxlZnQgQkdDT0xPUj0jRkZGOEVFPjxGT05UIENPTE9SPSMzMzMzMzMgU0laRT0zPuKXj+alveWkqemKgOihjOOAgOaMr+i+vDxCUj7il4/llYblk4Hku6PlvJU8QlI+4peP44Kv44Os44K444OD44OI44Kr44O844OJ5rG65riIPEJSPuKXj+OCs+ODs+ODk+ODi+axuua4iO+8iOWJjeaJleOBhO+8iTxCUj7il4/mpb3lpKlFZHnmsbrmuIg8QlI+4pePYXXjgYvjgpPjgZ/jgpPmsbrmuIg8QlI+PC9GT05UPjwvVEQ+PC9UUj48L1RBQkxFPjwvVEQ+PC9UUj48L1RBQkxFPjxCUj48aW1nIHNyYz1odHRwOi8vaW1hZ2UucmFrdXRlbi5jby5qcC9hdWMtYXV0b21heC9jYWJpbmV0LzAzNDA2NjM4L2ltZ3JjMDA2ODE3NjkyNC5naWYgd2lkdGg9NjAwPjxCUj48QlI+PElNRyBTUkM9aHR0cDovL2ltYWdlLnJha3V0ZW4uY28uanAvYXVjLWF1dG9tYXgvY2FiaW5ldC8wMzU2MTkyNS9pbWc2MzE5Mzc4My5naWYgV0lEVEg9NjAwPjwvQ0VOVEVSPjxCUj48QlI+PENFTlRFUj48SU1HIFdJRFRIPTUyMCBTUkM9aHR0cDovL2ltYWdlLnJha3V0ZW4uY28uanAvYXVjLWF1dG9tYXgvY2FiaW5ldC8wMjU2NTcxNy9pbWc2NDc1MzExMS5naWY+PEJSPjxJTUcgV0lEVEg9NTIwIFNSQz1odHRwOi8vaW1hZ2UucmFrdXRlbi5jby5qcC9hdWMtYXV0b21heC9jYWJpbmV0LzAyNTY1NzE3L2ltZzY0NzU3OTg3LmdpZj48QlI+PC9DRU5URVI+PC9DRU5URVI+PC9UQUJMRT48L0NFTlRFUj48Y2VudGVyPgo8YnI+CjxpbWcgU1JDPWh0dHA6Ly9pbWFnZS5yYWt1dGVuLmNvLmpwL2F1Yy1hdXRvbWF4L2NhYmluZXQvaW1ncmMwMDY3MzgyMjc2LmdpZiB3aWR0aD02NzAgaGVpZ2h0PTQwMD48QlI+Cjxicj4KPGltZyBTUkM9aHR0cDovL2ltYWdlLnJha3V0ZW4uY28uanAvYXVjLWF1dG9tYXgvY2FiaW5ldC9pbWc2MDMzMzAwNC5naWYgd2lkdGg9NjcwIGhlaWdodD0xMjA+PEJSPgo8YnI+Cgo8YnI+PC9jZW50ZXI+,44CQ6YCB5paZ54Sh5paZ44CR44GC44GZ5qW9IOWvvuW/nCDjg5Xjg63jg7Pjg4ggKHMpIOODnuOCuOOCp+OCueOCvyBTMTUg44Kr44OD44OI5riI44G/IOOCq+ODvOODleOCo+ODq+ODoCDou4rnqK7liKUg44K544Oi44O844KvIOOCu+ODg+ODiCDou4rnqK7lsILnlKgg44Km44Kk44Oz44OJ44KmIOeqk+OCrOODqeOCuSDmiJDlvaIg44OV44Kk44Or44OgVVbjgqvjg4Pjg4gg44OP44O844OJ44Kz44O844OIIERJWSDmlr3lt6Ug5pa55rOVIOiyvOOCiuaWuSAz56iu6aGe44Gu6YCP6YGO546H6YCa6LKpIOWkp+mYquOAkFJDUOOAke+8mkFVVE9NQVggaXp1bWk=,44Kr44OD44OG44Kj44Oz44Kw44K344O844OI44Oi44OL44K/44O844K544K/44Oz44OJ44Ki44Or44Kr44Oz44K/44O844Op6Kq/44K544Ko44O844OJ55Sf5Zyw44K344O844OI5rGO55So44OR44O844OE6Ieq5YuV6LuK44Ki44Kv44K744K144Oq44O844Oh44OD44Kt44Oi44O844Or6YCB5paZ54Sh5paZ44K544OG44OD44Kr44O844Kr44O855So5ZOB44OQ44Kk44Kv55So5ZOB44OJ44Os44K544Ki44OD44OX44Op44Kw44K444Ol44Ki44Oq44O85YaF6KOF5aSW6KOF44Kr44OD44OI5riI44G/44Kr44O844OV44Kj44Or44Og5aSn6Ziq6YCa6LKp5r+A5a6J5qC85a6J5pa95bel44CQ6YCB5paZ54Sh5paZ44CR44GC44GZ5qW9IOWvvuW/nCDjg5Xjg63jg7Pjg4ggKHMpIOODnuOCuOOCp+OCueOCvyBTMTUg44Kr44OD44OI5riI44G/IOOCq+ODvOODleOCo+ODq+ODoCDou4rnqK7liKUg44K544Oi44O844KvIOOCu+ODg+ODiCDou4rnqK7lsILnlKgg44Km44Kk44Oz44OJ44KmIOeqk+OCrOODqeOCuSDmiJDlvaIg44OV44Kk44Or44OgVVbjgqvjg4Pjg4gg44OP44O844OJ44Kz44O844OIIERJWSDmlr3lt6Ug5pa55rOVIOiyvOOCiuaWuSAz56iu6aGe44Gu6YCP6YGO546H6YCa6LKpIOWkp+mYquOAkFJDUOOAkQ==,6YCB5paZ54Sh5paZ77yI5YyX5rW36YGTL+aylue4hOmZpOOBj++8ieS7o+W8leOBjeOBruWgtOWQiOOAgeWIpemAlOaJi+aVsOaWmTM3MOWGhuOAguOAkOmAgeaWmeeEoeaWmeOAkeOBguOBmealvSDlr77lv5wg44OV44Ot44Oz44OIIChzKSDjg57jgrjjgqfjgrnjgr8gUzE1IOOCq+ODg+ODiOa4iOOBvyDjgqvjg7zjg5XjgqPjg6vjg6Ag6LuK56iu5YilIOOCueODouODvOOCryDjgrvjg4Pjg4gg6LuK56iu5bCC55SoIOOCpuOCpOODs+ODieOCpiDnqpPjgqzjg6njgrkg5oiQ5b2iIOODleOCpOODq+ODoFVW44Kr44OD44OIIOODj+ODvOODieOCs+ODvOODiCBESVkg5pa95belIOaWueazlSDosrzjgormlrkgM+eorumhnuOBrumAj+mBjueOh+mAmuiyqSDlpKfpmKrjgJBSQ1DjgJE=[rn]
12-37274,aHR0cDovL3RzaG9wLnIxMHMuanAvYXVjLWF1dG9tYXgvY2FiaW5ldC8wMjU2NTcxNy9pbWc2NDIyMTM3NC5qcGc/Zml0aW49NzAwOjcwMA==,MjEwMC4wMDAw,,6LuK55So5ZOB44O744OQ44Kk44Kv55So5ZOBID4g44Kr44O855So5ZOBID4g5YaF6KOF44OR44O844OEID4g44OV44Kj44Or44Og77yI44K544Oi44O844Kv77yJID4g44OI44Oo44K/55So,44CQ6YCB5paZ54Sh5paZ44CR44GC44GZ5qW9IOWvvuW/nCDjg6rjgqIgKGIpIOODnuOCuOOCp+OCueOCvyBTMTcg44Kr44OD44OI5riI44G/IOOCq+ODvOODleOCo+ODq+ODoCDou4rnqK7liKUg44K544Oi44O844KvIOOCu+ODg+ODiCDou4rnqK7lsILnlKgg44Km44Kk44Oz44OJ44KmIOeqk+OCrOODqeOCuSDmiJDlvaIg44OV44Kk44Or44OgVVbjgqvjg4Pjg4gg44OP44O844OJ44Kz44O844OIIERJWSDmlr3lt6Ug5pa55rOVIOiyvOOCiuaWuSAz56iu6aGe44Gu6YCP6YGO546H6YCa6LKpIOWkp+mYquOAkFJDUOOAkQ==,,PENFTlRFUj48aW1nIHNyYz1odHRwOi8vaW1hZ2UucmFrdXRlbi5jby5qcC9hdWMtYXV0b21heC9jYWJpbmV0LzAzNDA2NjM4L2ltZ3JjMDA2ODE3NjkyMS5naWYgd2lkdGg9NjAwPjwvY2VudGVyPjxCUj48Q0VOVEVSPjxCUj48Rk9OVCBTSVpFPTUgQ09MT1I9I2ZmMDAwMD7lvZPlupfjga7jgqvjg4Pjg4jmuIjjgb/jgqvjg7zjg5XjgqPjg6vjg6Djga88L0ZPTlQ+PEJSPjxGT05UIFNJWkU9NSBDT0xPUj0jZmYwMDAwPjxCPk1BREXjgIBJTuOAgEpBUEFO44CAPC9CPjwvRk9OVD48QlI+PEZPTlQgU0laRT01IENPTE9SPSNmZjAwMDA+77yI57Sr5aSW57eaVVbjgIA5Oe+8heOCq+ODg+ODiO+8ieOBp+OBmeOAgjwvRk9OVD48QlI+PFRSPiA8VEQgSEVJR0hUPTY+PC9URD4gPFREIEhFSUdIVD02PjwvVEQ+IDxURCBIRUlHSFQ9Nj48L1REPiA8L1RSPjxCUj48Q0VOVEVSPjxGT05UIENPTE9SPSNDQ0JCQUEgU0laRT00PjxCPjwvQj48L0ZPTlQ+PEJSPjxCUj48VEFCTEUgV0lEVEg9NjAwIENFTExTUEFDSU5HPTEgQk9SREVSPTAgQ0VMTFBBRERJTkc9MSBCR0NPTE9SPSNDQ0NDQ0M+PFRSPjxURCBCR0NPTE9SPSNGRjdGNTA+PFRBQkxFIFdJRFRIPTEwMCUgQ0VMTFNQQUNJTkc9MiBCT1JERVI9MCBDRUxMUEFERElORz01PjxUUj48VEQgQUxJR049bGVmdCBCR0NPTE9SPSNGRjdGNTA+PEZPTlQgQ09MT1I9IzMzMzMzMyBTSVpFPTM+PEI+4piF4piF5ZWG5ZOB6Kqs5piO4piF4piFPC9CPjwvRk9OVD48L1REPjwvVFI+PC9UQUJMRT48VEFCTEUgV0lEVEg9MTAwJSBDRUxMU1BBQ0lORz0yIEJPUkRFUj0wIENFTExQQURESU5HPTA+PFRSPjxURCBIRUlHSFQ9MiBCR0NPTE9SPSNDQ0JCQUE+PC9URD48L1RSPjwvVEFCTEU+PFRBQkxFIFdJRFRIPTEwMCUgQ0VMTFNQQUNJTkc9MiBCT1JERVI9MCBDRUxMUEFERElORz01PjxUUj48VEQgQUxJR049bGVmdCBCR0NPTE9SPSNGRkY4RUU+PEZPTlQgQ09MT1I9IzMzMzMzMyBTSVpFPTM+PEJSPuS+oeagvOOCkui2iuOBiOOBn+WTgeizquOCkuaPkOS+m+OBhOOBn+OBl+OBpuOBiuOCiuOBvuOBmeOBruOBp+OBlOWuieW/g+OBj+OBoOOBleOBhOOAgjxCUj7lvZPmlrnjga7jg5XjgqPjg6vjg6Djga9JU08gOTAwMeWPluW+l+W3peWgtOOBq+OBpuijvemAoOOBleOCjOOAgTxCUj7kuJbnlYznmoTjgavmlaznp7DjgZXjgozjgovjgIBVS0FT44CM6Iux5Zu96KqN6Ki85qmf6Zai6KqN5a6a5a+p6K2w5Lya44CNPEJSPuOBruiqjeiovOOCguWPluW+l+OBl+OBpuOBiuOCiuOBvuOBmeOAguOAgOOAgFJlZy5OTyAwNTkuQTxCUj48QlI+4piF4piF4piF4piF4piF6YGp5ZCI6LuK56iu4piF4piF4piF4piF4piFPEJSPjxCUj7pganlkIjlnovlvI8gVVpTMTcx44O7VVpTMTcz44O7VVpTMTc144O7SlpTMTc3IDxCUj7pganlkIjlubTlvI8g5bmz5oiQ77yR77yR5bm077yZ5pyI772e5bmz5oiQ77yR77yW5bm077yW5pyIPEJSPjxCUj7imIXimIXimIXimIXimIXjgrvjg4Pjg4jlhoXlrrnimIXimIXimIXimIXimIU8QlI+PEJSPuOCv+OCpOODiOODq+OBruOCguOBruOBqOOBquOCiuOBvuOBmeOAgjxCUj7jg5Xjg63jg7Pjg4jjga7loLTlkIg96YGL6Lui5bitL+WKqeaJi+W4reOAkOS4ieinkueqk+OBjOOBguOCi+OCguOBruOBr+WQq+OBvuOCjOOBvuOBmeOAkTxCUj7jg6rjgqJTRVTjga7loLTlkIg944OV44Ot44Oz44OI44CQ6YGL6Lui5bitL+WKqeaJi+W4reOAkeOCiOOCiuW+jOOCjeWFqOOBpuOBrlNFVOOBp+OBmTxCUj7nlLvlg4/jga/jgqTjg6Hjg7zjgrjjgafjgZnjga7jgafjgIDou4rnqK7jgavjgojjgornlbDjgarjgorjgb7jgZnjgII8QlI+44GU6LO85YWl5pmC44CBM+iJsuOBruS4reOBi+OCieOBiumBuOOBs+OBj+OBoOOBleOBhOOAgjxCUj7jg7vjgoLjgaPjgajjgoLmv4PjgYTjgrnjg6Ljg7zjgq8944K544O844OR44O844OW44Op44OD44Kv77yV77yFPEJSPuODu+a/g+OBhOOCueODouODvOOCrz3jg4Djg7zjgq/jgrnjg6Ljg7zjgq/vvJHvvJXvvIU8QlI+44O757SU5q2j5ZCM5qeY44Gu44K544Oi44O844KvPeODl+ODqeOCpOODkOOCt+ODvOOCueODouODvOOCr++8ku+8lu+8hTxCUj7jgZTms6jmloflvozjga7oibLjga7lpInmm7Tjga/lh7rmnaXjgYvjga3jgb7jgZnjgII8QlI+PEJSPjxCUj7jg7sg55S75YOP44Gv44Kk44Oh44O844K444Gn44GZ44CCPEJSPuODuyDjg5XjgqPjg6vjg6Djga/jgq3jgrrjga7jgaTjgY3jgavjgY/jgYQ8QlI+44OP44O844OJ44Kz44O844OI44OV44Kj44Or44Og44KS5L2/55So44GX44Gm44GK44KK44G+44GZ44CCPEJSPjxCUj48Rk9OVCBTSVpFPTU+4piF4piF4piF5rOo5oSP5LqL6aCFL+WFjeiyrOS6i+mgheKYheKYheKYhTwvRk9OVD48QlI+44O75qWt5YuZ55So44Gu54K65aSW566x44O76Kqs5piO5pu4562J5LuY5bGe6Ie044GX44G+44Gb44KT44CCPEJSPuODu+mgmOWPjuabuOOBrueZuuihjOOBr+OBp+OBjeOBvuOBm+OCk+OBruOBp+OBlOS6huaJv+S4i+OBleOBhOOAgjxCUj7jg7vkvb/nlKjms5XnrYnjgavplqLjgZnjgovjgrXjg53jg7zjg4jjga/kuIDliIflh7rmnaXjgb7jgZvjgpPjgII8QlI+6YGp5ZCI44GL5ZCm44GL44Gr44Gk44GN44G+44GX44Gm44Gv5ZWG5ZOB6Kqs5piO44Gr6KiY6LyJ44GX44Gm44GK44KK44G+44GZPEJSPumBqeWQiOi7iueoruODu+Wei+W8j+ODu+W5tOW8j+OBq+OBpuOBiuWuouanmOOBlOiHqui6q+OBp+OBlOWIpOaWreOBiumhmOOBhOiHtOOBl+OBvuOBmeOAgjxCUj48QlI+PEJSPjxGT05UIFNJWkU9NT7jgJDjgZTos7zlhaXliY3jgavlv4XjgZrjgq/jg6rjg4Pjgq/jgJE8L0ZPTlQ+PEJSPuOBlOizvOWFpemgguOBhOOBn+aZgueCueOBp+OAgeS4iuiomOOCkuOCr+ODquODg+OCr+OBlzxCUj7jgZTnorroqo3jg7vjgZTkuobmib/poILjgYTjgZ/kuIrjgafjga7jgZTos7zlhaXjgajliKTmlq3jgZc8QlI+44GK5Y+W5byV44GV44Gb44Gm6aCC44GN44G+44GZ44CCPEJSPuOBlOizvOWFpeW+jOOBruOCreODo+ODs+OCu+ODq+OBr+OBiuaWreOCiuOBl+OBpuOBiuOCiuOBvuOBmeOAgjxCUj48QlI+PEJSPjxGT05UIFNJWkU9NT7jgJDmlq3nhrHjg5XjgqPjg6vjg6Djgbjjga7lpInmm7Tjgqrjg5fjgrfjg6fjg7PjgJE8L0ZPTlQ+PEJSPuaWreeGseOCv+OCpOODl+OBruODleOCo+ODq+ODoOOCkuOBlOW4jOacm+OBruWgtOWQiOOAgeS4iuiomOODquODs+OCr+OCkuOCr+ODquODg+OCr+OBlzxCUj7jgZTluIzmnJvjga7ou4rnqK7liKXjgqvjg4Pjg4jmuIjjgb/jgqvjg7zjg5XjgqPjg6vjg6DjgajkuIDnt5LjgavjgIHjgZTos7zlhaXmiYvntprjgY3jgYrpoZjjgYTjgZfjgb7jgZnjgII8QlI+PEJSPjxCUj48Rk9OVCBTSVpFPTU+44CQ44Of44Op44O844OV44Kj44Or44Og44Gn44Gu44Kr44OD44OIIOOCquODl+OCt+ODp+ODs+OAkTwvRk9OVD48QlI+44Of44Op44O844OV44Kj44Or44Og44Gn44Gu6KO95L2c44KS44GU5biM5pyb44Gu5aC05ZCI44CB5LiK6KiY44Oq44Oz44Kv44KS44Kv44Oq44OD44Kv44GXPEJSPuOBlOW4jOacm+OBrui7iueoruWIpeOCq+ODg+ODiOa4iOOBv+OCq+ODvOODleOCo+ODq+ODoOOBqOS4gOe3kuOBq+OAgeOBlOizvOWFpeaJi+e2muOBjeOBiumhmOOBhOOBl+OBvuOBmeOAggo8L0ZPTlQ+PC9URD48L1RSPjwvVEFCTEU+PC9URD48L1RSPjwvVEFCTEU+PEJSPjxCUj48QlI+PFRBQkxFIFdJRFRIPTYwMCBDRUxMU1BBQ0lORz0xIEJPUkRFUj0wIENFTExQQURESU5HPTEgQkdDT0xPUj0jQ0NDQ0NDPjxUUj48VEQgQkdDT0xPUj0jRkY3RjUwPjxUQUJMRSBXSURUSD0xMDAlIENFTExTUEFDSU5HPTIgQk9SREVSPTAgQ0VMTFBBRERJTkc9NT48VFI+PFREIEFMSUdOPWxlZnQgQkdDT0xPUj0jRkY3RjUwPjxGT05UIENPTE9SPSMzMzMzMzMgU0laRT0zPjxCPuKYheKYheeZuumAgeaWueazlS/pgIHmlpnimIXimIU8L0I+PC9GT05UPjwvVEQ+PC9UUj48L1RBQkxFPjxUQUJMRSBXSURUSD0xMDAlIENFTExTUEFDSU5HPTIgQk9SREVSPTAgQ0VMTFBBRERJTkc9MD48VFI+PFREIEhFSUdIVD0yIEJHQ09MT1I9I0NDQkJBQT48L1REPjwvVFI+PC9UQUJMRT48VEFCTEUgV0lEVEg9MTAwJSBDRUxMU1BBQ0lORz0yIEJPUkRFUj0wIENFTExQQURESU5HPTU+PFRSPjxURCBBTElHTj1sZWZ0IEJHQ09MT1I9I0ZGRjhFRT48Rk9OVCBDT0xPUj0jMzMzMzMzIFNJWkU9Mz48QlI+5ZWG5ZOB5ZCN44Gr44CQ6YCB5paZ54Sh5paZ44CR44Gu6KiY6LyJ44GM44GC44KL5aC05ZCI44Gv44CB6YCB5paZ54Sh5paZ44Gn44GZ44CCPEJSPjxCUj48Rk9OVCBTSVpFPTU+44CQ5YWo5Zu96YCB5paZ6KGo44CRPC9GT05UPuOCkuOBlOeiuuiqjeS4i+OBleOBhOOBvuOBm+OAgjxCUj48QlI+6KSH5pWw44Gu5ZWG5ZOB44KS5ZCM5qKx5Y+v6IO944Gn44GZ44CCPEJSPuKAu+WQjOaiseOCkuOBlOW4jOacm+OBruWgtOWQiOOAgeW/heOBmuWQjOOBmOOBiuiyt+OBhOeJqeOCq+OCtO+8iOOCq+ODvOODiO+8ieOBp+OBlOazqOaWh+S4i+OBleOBhOOAgjxCUj7ms6jmhI/vvJrjgqvjg7zjg5XjgqPjg6vjg6Djga7opIfmlbDlkIzmorHjga7loLTlkIjkuIDjgaTjga7nrZLjgavjgb7jgajjgoHjgabmorHljIXoh7TjgZfjgb7jgZnjgII8QlI+5LqI44KB44GU5LqG5om/5LiL44GV44GE44G+44Gb44CCPEJSPjxCUj7igLvliKXjgIXjga7jgYrosrfjgYTnianjgqvjgrTjgafms6jmlofjgZXjgozjgZ/loLTlkIjjga/liKXjgIXjga7nrZLjgavmorHljIXjgZfnmbrpgIHoh7TjgZfjgb7jgZnjgII8QlI+44Gd44Gu54K644CB6YCB5paZ44O75Luj5byV44GN5omL5pWw5paZ44Gv55m66YCB5YCL5pWw5YiG6KuL5rGC44GV44Gb44Gm6aCC44GN44G+44GZ44CCPEJSPjxCUj7igLvliKXjgIXjga7jgYrosrfjgYTnianjgqvjgrTjgafms6jmlofjgZfjgIHpgIHmlpnvvJHlgIvlj6PliIbjgafjga7jgYrmlK/miZXjgYQ8QlI+44GV44KM44Gf5aC05ZCI44Gv5ZCM5qKx5biM5pyb44Go5Yik5pat44GX55m66YCB6Ie044GX44G+44GZ44CCPEJSPjxCUj7imIXnmbrpgIHjgavplqLjgZnjgovms6jmhI/kuovpoIXimIU8QlI+LS0tLS0tLS0tLS0tLS0tLS0tLS0tLS0tLS0tLS0tLS0tLS0tLS0tLSA8QlI+5b2T5pa55oyH5a6a5a6F5oCl5L6/44Gn44GZ44Gu44Gn6YWN6YCB5qWt6ICF44Gv6YG45oqe44Gn44GN44G+44Gb44KT44CCIDxCUj7mmYLplpPmjIflrprjga/lr77lv5zjgYTjgZ/jgZfjgabjgYrjgorjgb7jgZvjgpPjgII8QlI+55m66YCB6YCj57Wh44Gr6KiY6LyJ44Gu5ZWP44GE5ZCI44KP44Gb55Wq5Y+344Gn44GU6Ieq6Lqr44Gn44GU56K66KqN6aCC44GR44G+44GZ44CCPEJSPumbouWztuOBr+eZuumAgeOBjOS4gOaXpemBheOCjOOBvuOBmeOAgiA8QlI+LS0tLS0tLS0tLS0tLS0tLS0tLS0tLS0tLS0tLS0tLS0tLS0tLS0tLTxCUj7imIXllYblk4Hku6PlvJXimIXjgIDjgIA8QlI+5a6F5oCl5L6/6YCB5paZK+WIpemAlOaJi+aVsOaWme+8k++8l++8kOWGhiA8QlI+LS0tLS0tLS0tLS0tLS0tLS0tLS0tLS0tLS0tLS0tLS0tLS0tLS0tLSA8QlI+MTLmmYLljYrjgb7jgafjgavjgZTlhaXph5HjgYznorroqo3lh7rmnaXjgZ/jgZTms6jmlofjgIE8QlI+44G+44Gf44Gv5ZWG5ZOB5Luj5byV44Gu44GU5rOo5paH44Gv5Y2z5pel55m66YCB44GV44Gb44Gm6aCC44GN44G+44GZ44CCPEJSPuWumuS8keaXpeOAgOS8muekvuamguimgeiomOi8iS/oh6jmmYLkvJHmpa3jga7jgZTmoYjlhoXjga/lvZPlupfjg5rjg7zjgrjlhoXjgavmjrLovInjgZfjgb7jgZnjgII8L0ZPTlQ+PC9URD48L1RSPjwvVEFCTEU+PC9URD48L1RSPjwvVEFCTEU+PEJSPjxUQUJMRSBXSURUSD02MDAgQ0VMTFNQQUNJTkc9MSBCT1JERVI9MCBDRUxMUEFERElORz0xIEJHQ09MT1I9I0NDQ0NDQz48VFI+PFREIEJHQ09MT1I9I0ZGN0Y1MD48VEFCTEUgV0lEVEg9MTAwJSBDRUxMU1BBQ0lORz0yIEJPUkRFUj0wIENFTExQQURESU5HPTU+PFRSPjxURCBBTElHTj1sZWZ0IEJHQ09MT1I9I0ZGN0Y1MD48Rk9OVCBDT0xPUj0jMzMzMzMzIFNJWkU9Mz48Qj7imIXimIXmlK/miZXmlrnms5XimIU8L0I+PC9GT05UPjwvVEQ+PC9UUj48L1RBQkxFPjxUQUJMRSBXSURUSD0xMDAlIENFTExTUEFDSU5HPTIgQk9SREVSPTAgQ0VMTFBBRERJTkc9MD48VFI+PFREIEhFSUdIVD0yIEJHQ09MT1I9I0NDQkJBQT48L1REPjwvVFI+PC9UQUJMRT48VEFCTEUgV0lEVEg9MTAwJSBDRUxMU1BBQ0lORz0yIEJPUkRFUj0wIENFTExQQURESU5HPTU+PFRSPjxURCBBTElHTj1sZWZ0IEJHQ09MT1I9I0ZGRjhFRT48Rk9OVCBDT0xPUj0jMzMzMzMzIFNJWkU9Mz7il4/mpb3lpKnpioDooYzjgIDmjK/ovrw8QlI+4peP5ZWG5ZOB5Luj5byVPEJSPuKXj+OCr+ODrOOCuOODg+ODiOOCq+ODvOODieaxuua4iDxCUj7il4/jgrPjg7Pjg5Pjg4vmsbrmuIjvvIjliY3miZXjgYTvvIk8QlI+4peP5qW95aSpRWR55rG65riIPEJSPuKXj2F144GL44KT44Gf44KT5rG65riIPEJSPjwvRk9OVD48L1REPjwvVFI+PC9UQUJMRT48L1REPjwvVFI+PC9UQUJMRT48QlI+PGltZyBzcmM9aHR0cDovL2ltYWdlLnJha3V0ZW4uY28uanAvYXVjLWF1dG9tYXgvY2FiaW5ldC8wMzQwNjYzOC9pbWdyYzAwNjgxNzY5MjQuZ2lmIHdpZHRoPTYwMD48QlI+PEJSPjxJTUcgU1JDPWh0dHA6Ly9pbWFnZS5yYWt1dGVuLmNvLmpwL2F1Yy1hdXRvbWF4L2NhYmluZXQvMDM1NjE5MjUvaW1nNjMxOTM3ODMuZ2lmIFdJRFRIPTYwMD48L0NFTlRFUj48QlI+PEJSPjxDRU5URVI+PElNRyBXSURUSD01MjAgU1JDPWh0dHA6Ly9pbWFnZS5yYWt1dGVuLmNvLmpwL2F1Yy1hdXRvbWF4L2NhYmluZXQvMDI1NjU3MTcvaW1nNjQ3NTMxMTEuZ2lmPjxCUj48SU1HIFdJRFRIPTUyMCBTUkM9aHR0cDovL2ltYWdlLnJha3V0ZW4uY28uanAvYXVjLWF1dG9tYXgvY2FiaW5ldC8wMjU2NTcxNy9pbWc2NDc1Nzk4Ny5naWY+PEJSPjwvQ0VOVEVSPjwvQ0VOVEVSPjwvVEFCTEU+PC9DRU5URVI+PGNlbnRlcj4KPGJyPgo8aW1nIFNSQz1odHRwOi8vaW1hZ2UucmFrdXRlbi5jby5qcC9hdWMtYXV0b21heC9jYWJpbmV0L2ltZ3JjMDA2NzM4MjI3Ni5naWYgd2lkdGg9NjcwIGhlaWdodD00MDA+PEJSPgo8YnI+CjxpbWcgU1JDPWh0dHA6Ly9pbWFnZS5yYWt1dGVuLmNvLmpwL2F1Yy1hdXRvbWF4L2NhYmluZXQvaW1nNjAzMzMwMDQuZ2lmIHdpZHRoPTY3MCBoZWlnaHQ9MTIwPjxCUj4KPGJyPgoKPGJyPjwvY2VudGVyPg==,44CQ6YCB5paZ54Sh5paZ44CR44GC44GZ5qW9IOWvvuW/nCDjg6rjgqIgKGIpIOODnuOCuOOCp+OCueOCvyBTMTcg44Kr44OD44OI5riI44G/IOOCq+ODvOODleOCo+ODq+ODoCDou4rnqK7liKUg44K544Oi44O844KvIOOCu+ODg+ODiCDou4rnqK7lsILnlKgg44Km44Kk44Oz44OJ44KmIOeqk+OCrOODqeOCuSDmiJDlvaIg44OV44Kk44Or44OgVVbjgqvjg4Pjg4gg44OP44O844OJ44Kz44O844OIIERJWSDmlr3lt6Ug5pa55rOVIOiyvOOCiuaWuSAz56iu6aGe44Gu6YCP6YGO546H6YCa6LKpIOWkp+mYquOAkFJDUOOAke+8mkFVVE9NQVggaXp1bWk=,44Kr44OD44OG44Kj44Oz44Kw44K344O844OI44Oi44OL44K/44O844K544K/44Oz44OJ44Ki44Or44Kr44Oz44K/44O844Op6Kq/44K544Ko44O844OJ55Sf5Zyw44K344O844OI5rGO55So44OR44O844OE6Ieq5YuV6LuK44Ki44Kv44K744K144Oq44O844Oh44OD44Kt44Oi44O844Or6YCB5paZ54Sh5paZ44K544OG44OD44Kr44O844Kr44O855So5ZOB44OQ44Kk44Kv55So5ZOB44OJ44Os44K544Ki44OD44OX44Op44Kw44K444Ol44Ki44Oq44O85YaF6KOF5aSW6KOF44Kr44OD44OI5riI44G/44Kr44O844OV44Kj44Or44Og5aSn6Ziq6YCa6LKp5r+A5a6J5qC85a6J5pa95bel44CQ6YCB5paZ54Sh5paZ44CR44GC44GZ5qW9IOWvvuW/nCDjg6rjgqIgKGIpIOODnuOCuOOCp+OCueOCvyBTMTcg44Kr44OD44OI5riI44G/IOOCq+ODvOODleOCo+ODq+ODoCDou4rnqK7liKUg44K544Oi44O844KvIOOCu+ODg+ODiCDou4rnqK7lsILnlKgg44Km44Kk44Oz44OJ44KmIOeqk+OCrOODqeOCuSDmiJDlvaIg44OV44Kk44Or44OgVVbjgqvjg4Pjg4gg44OP44O844OJ44Kz44O844OIIERJWSDmlr3lt6Ug5pa55rOVIOiyvOOCiuaWuSAz56iu6aGe44Gu6YCP6YGO546H6YCa6LKpIOWkp+mYquOAkFJDUOOAkQ==,6YCB5paZ54Sh5paZ77yI5YyX5rW36YGTL+aylue4hOmZpOOBj++8ieS7o+W8leOBjeOBruWgtOWQiOOAgeWIpemAlOaJi+aVsOaWmTM3MOWGhuOAguOAkOmAgeaWmeeEoeaWmeOAkeOBguOBmealvSDlr77lv5wg44Oq44KiIChiKSDjg57jgrjjgqfjgrnjgr8gUzE3IOOCq+ODg+ODiOa4iOOBvyDjgqvjg7zjg5XjgqPjg6vjg6Ag6LuK56iu5YilIOOCueODouODvOOCryDjgrvjg4Pjg4gg6LuK56iu5bCC55SoIOOCpuOCpOODs+ODieOCpiDnqpPjgqzjg6njgrkg5oiQ5b2iIOODleOCpOODq+ODoFVW44Kr44OD44OIIOODj+ODvOODieOCs+ODvOODiCBESVkg5pa95belIOaWueazlSDosrzjgormlrkgM+eorumhnuOBrumAj+mBjueOh+mAmuiyqSDlpKfpmKrjgJBSQ1DjgJE=[rn]
12-37275,aHR0cDovL3RzaG9wLnIxMHMuanAvYXVjLWF1dG9tYXgvY2FiaW5ldC8wMjU2NTcxNy9pbWc2NDIyMTM3MS5qcGc/Zml0aW49NzAwOjcwMA==,OTYwLjAwMDA=,,6LuK55So5ZOB44O744OQ44Kk44Kv55So5ZOBID4g44Kr44O855So5ZOBID4g5YaF6KOF44OR44O844OEID4g44OV44Kj44Or44Og77yI44K544Oi44O844Kv77yJID4g44OI44Oo44K/55So,44GC44GZ5qW9IOWvvuW/nCDjg5Xjg63jg7Pjg4ggKHMpIOODnuOCuOOCp+OCueOCvyBTMTgg44Kr44OD44OI5riI44G/IOOCq+ODvOODleOCo+ODq+ODoCDou4rnqK7liKUg44K544Oi44O844KvIOOCu+ODg+ODiCDou4rnqK7lsILnlKgg44Km44Kk44Oz44OJ44KmIOeqk+OCrOODqeOCuSDmiJDlvaIg44OV44Kk44Or44OgVVbjgqvjg4Pjg4gg44OP44O844OJ44Kz44O844OIIERJWSDmlr3lt6Ug5pa55rOVIOiyvOOCiuaWuSAz56iu6aGe44Gu6YCP6YGO546H6YCa6LKpIOWkp+mYqiDjgJDllYblk4HkuIDopqfjgJE=,,PENFTlRFUj48aW1nIHNyYz1odHRwOi8vaW1hZ2UucmFrdXRlbi5jby5qcC9hdWMtYXV0b21heC9jYWJpbmV0LzAzNDA2NjM4L2ltZ3JjMDA2ODE3NjkyMS5naWYgd2lkdGg9NjAwPjwvY2VudGVyPjxCUj48Q0VOVEVSPjxCUj48Rk9OVCBTSVpFPTUgQ09MT1I9I2ZmMDAwMD7lvZPlupfjga7jgqvjg4Pjg4jmuIjjgb/jgqvjg7zjg5XjgqPjg6vjg6Djga88L0ZPTlQ+PEJSPjxGT05UIFNJWkU9NSBDT0xPUj0jZmYwMDAwPjxCPk1BREXjgIBJTuOAgEpBUEFO44CAPC9CPjwvRk9OVD48QlI+PEZPTlQgU0laRT01IENPTE9SPSNmZjAwMDA+77yI57Sr5aSW57eaVVbjgIA5Oe+8heOCq+ODg+ODiO+8ieOBp+OBmeOAgjwvRk9OVD48QlI+PFRSPiA8VEQgSEVJR0hUPTY+PC9URD4gPFREIEhFSUdIVD02PjwvVEQ+IDxURCBIRUlHSFQ9Nj48L1REPiA8L1RSPjxCUj48Q0VOVEVSPjxGT05UIENPTE9SPSNDQ0JCQUEgU0laRT00PjxCPjwvQj48L0ZPTlQ+PEJSPjxCUj48VEFCTEUgV0lEVEg9NjAwIENFTExTUEFDSU5HPTEgQk9SREVSPTAgQ0VMTFBBRERJTkc9MSBCR0NPTE9SPSNDQ0NDQ0M+PFRSPjxURCBCR0NPTE9SPSNGRjdGNTA+PFRBQkxFIFdJRFRIPTEwMCUgQ0VMTFNQQUNJTkc9MiBCT1JERVI9MCBDRUxMUEFERElORz01PjxUUj48VEQgQUxJR049bGVmdCBCR0NPTE9SPSNGRjdGNTA+PEZPTlQgQ09MT1I9IzMzMzMzMyBTSVpFPTM+PEI+4piF4piF5ZWG5ZOB6Kqs5piO4piF4piFPC9CPjwvRk9OVD48L1REPjwvVFI+PC9UQUJMRT48VEFCTEUgV0lEVEg9MTAwJSBDRUxMU1BBQ0lORz0yIEJPUkRFUj0wIENFTExQQURESU5HPTA+PFRSPjxURCBIRUlHSFQ9MiBCR0NPTE9SPSNDQ0JCQUE+PC9URD48L1RSPjwvVEFCTEU+PFRBQkxFIFdJRFRIPTEwMCUgQ0VMTFNQQUNJTkc9MiBCT1JERVI9MCBDRUxMUEFERElORz01PjxUUj48VEQgQUxJR049bGVmdCBCR0NPTE9SPSNGRkY4RUU+PEZPTlQgQ09MT1I9IzMzMzMzMyBTSVpFPTM+PEJSPuS+oeagvOOCkui2iuOBiOOBn+WTgeizquOCkuaPkOS+m+OBhOOBn+OBl+OBpuOBiuOCiuOBvuOBmeOBruOBp+OBlOWuieW/g+OBj+OBoOOBleOBhOOAgjxCUj7lvZPmlrnjga7jg5XjgqPjg6vjg6Djga9JU08gOTAwMeWPluW+l+W3peWgtOOBq+OBpuijvemAoOOBleOCjOOAgTxCUj7kuJbnlYznmoTjgavmlaznp7DjgZXjgozjgovjgIBVS0FT44CM6Iux5Zu96KqN6Ki85qmf6Zai6KqN5a6a5a+p6K2w5Lya44CNPEJSPuOBruiqjeiovOOCguWPluW+l+OBl+OBpuOBiuOCiuOBvuOBmeOAguOAgOOAgFJlZy5OTyAwNTkuQTxCUj48QlI+4piF4piF4piF4piF4piF6YGp5ZCI6LuK56iu4piF4piF4piF4piF4piFPEJSPumBqeWQiOWei+W8jyBVWlMxODbjg7tVWlMxODcgPEJSPumBqeWQiOW5tOW8jyDlubPmiJDvvJHvvJblubTvvJfmnIjvvZ4gPEJSPuKAu+OCq+ODg+ODiOa4iOOBv+OCq+ODvOODleOCo+ODq+ODoOOBp+OBmeOBjOOAgeW9k+i7iueoruOBr+iqv+aVtOOCq+ODg+ODiOOBjOW/heimgeOBp+OBmeOAgjxCUj48QlI+4piF4piF4piF4piF4piF44K744OD44OI5YaF5a654piF4piF4piF4piF4piFPEJSPjxCUj7jgr/jgqTjg4jjg6vjga7jgoLjga7jgajjgarjgorjgb7jgZnjgII8QlI+44OV44Ot44Oz44OI44Gu5aC05ZCIPemBi+i7ouW4rS/liqnmiYvluK3jgJDkuInop5LnqpPjgYzjgYLjgovjgoLjga7jga/lkKvjgb7jgozjgb7jgZnjgJE8QlI+44Oq44KiU0VU44Gu5aC05ZCIPeODleODreODs+ODiOOAkOmBi+i7ouW4rS/liqnmiYvluK3jgJHjgojjgorlvozjgo3lhajjgabjga5TRVTjgafjgZk8QlI+55S75YOP44Gv44Kk44Oh44O844K444Gn44GZ44Gu44Gn44CA6LuK56iu44Gr44KI44KK55Ww44Gq44KK44G+44GZ44CCPEJSPuOBlOizvOWFpeaZguOAgTPoibLjga7kuK3jgYvjgonjgYrpgbjjgbPjgY/jgaDjgZXjgYTjgII8QlI+44O744KC44Gj44Go44KC5r+D44GE44K544Oi44O844KvPeOCueODvOODkeODvOODluODqeODg+OCr++8le+8hTxCUj7jg7vmv4PjgYTjgrnjg6Ljg7zjgq8944OA44O844Kv44K544Oi44O844Kv77yR77yV77yFPEJSPuODu+e0lOato+WQjOanmOOBruOCueODouODvOOCrz3jg5fjg6njgqTjg5Djgrfjg7zjgrnjg6Ljg7zjgq/vvJLvvJbvvIU8QlI+44GU5rOo5paH5b6M44Gu6Imy44Gu5aSJ5pu044Gv5Ye65p2l44GL44Gt44G+44GZ44CCPEJSPjxCUj48QlI+44O7IOeUu+WDj+OBr+OCpOODoeODvOOCuOOBp+OBmeOAgjxCUj7jg7sg44OV44Kj44Or44Og44Gv44Kt44K644Gu44Gk44GN44Gr44GP44GEPEJSPuODj+ODvOODieOCs+ODvOODiOODleOCo+ODq+ODoOOCkuS9v+eUqOOBl+OBpuOBiuOCiuOBvuOBmeOAgjxCUj48QlI+PEZPTlQgU0laRT01PuKYheKYheKYheazqOaEj+S6i+mghS/lhY3osqzkuovpoIXimIXimIXimIU8L0ZPTlQ+PEJSPuODu+alreWLmeeUqOOBrueCuuWklueuseODu+iqrOaYjuabuOetieS7mOWxnuiHtOOBl+OBvuOBm+OCk+OAgjxCUj7jg7vpoJjlj47mm7jjga7nmbrooYzjga/jgafjgY3jgb7jgZvjgpPjga7jgafjgZTkuobmib/kuIvjgZXjgYTjgII8QlI+44O75L2/55So5rOV562J44Gr6Zai44GZ44KL44K144Od44O844OI44Gv5LiA5YiH5Ye65p2l44G+44Gb44KT44CCPEJSPumBqeWQiOOBi+WQpuOBi+OBq+OBpOOBjeOBvuOBl+OBpuOBr+WVhuWTgeiqrOaYjuOBq+iomOi8ieOBl+OBpuOBiuOCiuOBvuOBmTxCUj7pganlkIjou4rnqK7jg7vlnovlvI/jg7vlubTlvI/jgavjgabjgYrlrqLmp5jjgZToh6rouqvjgafjgZTliKTmlq3jgYrpoZjjgYToh7TjgZfjgb7jgZnjgII8QlI+PEJSPjxCUj48Rk9OVCBTSVpFPTU+44CQ44GU6LO85YWl5YmN44Gr5b+F44Ga44Kv44Oq44OD44Kv44CRPC9GT05UPjxCUj7jgZTos7zlhaXpoILjgYTjgZ/mmYLngrnjgafjgIHkuIroqJjjgpLjgq/jg6rjg4Pjgq/jgZc8QlI+44GU56K66KqN44O744GU5LqG5om/6aCC44GE44Gf5LiK44Gn44Gu44GU6LO85YWl44Go5Yik5pat44GXPEJSPuOBiuWPluW8leOBleOBm+OBpumgguOBjeOBvuOBmeOAgjxCUj7jgZTos7zlhaXlvozjga7jgq3jg6Pjg7Pjgrvjg6vjga/jgYrmlq3jgorjgZfjgabjgYrjgorjgb7jgZnjgII8QlI+PEJSPjxCUj48Rk9OVCBTSVpFPTU+44CQ5pat54ax44OV44Kj44Or44Og44G444Gu5aSJ5pu044Kq44OX44K344On44Oz44CRPC9GT05UPjxCUj7mlq3nhrHjgr/jgqTjg5fjga7jg5XjgqPjg6vjg6DjgpLjgZTluIzmnJvjga7loLTlkIjjgIHkuIroqJjjg6rjg7Pjgq/jgpLjgq/jg6rjg4Pjgq/jgZc8QlI+44GU5biM5pyb44Gu6LuK56iu5Yil44Kr44OD44OI5riI44G/44Kr44O844OV44Kj44Or44Og44Go5LiA57eS44Gr44CB44GU6LO85YWl5omL57aa44GN44GK6aGY44GE44GX44G+44GZ44CCPEJSPjxCUj48QlI+PEZPTlQgU0laRT01PuOAkOODn+ODqeODvOODleOCo+ODq+ODoOOBp+OBruOCq+ODg+ODiCDjgqrjg5fjgrfjg6fjg7PjgJE8L0ZPTlQ+PEJSPuODn+ODqeODvOODleOCo+ODq+ODoOOBp+OBruijveS9nOOCkuOBlOW4jOacm+OBruWgtOWQiOOAgeS4iuiomOODquODs+OCr+OCkuOCr+ODquODg+OCr+OBlzxCUj7jgZTluIzmnJvjga7ou4rnqK7liKXjgqvjg4Pjg4jmuIjjgb/jgqvjg7zjg5XjgqPjg6vjg6DjgajkuIDnt5LjgavjgIHjgZTos7zlhaXmiYvntprjgY3jgYrpoZjjgYTjgZfjgb7jgZnjgIIKPC9GT05UPjwvVEQ+PC9UUj48L1RBQkxFPjwvVEQ+PC9UUj48L1RBQkxFPjxCUj48QlI+PEJSPjxUQUJMRSBXSURUSD02MDAgQ0VMTFNQQUNJTkc9MSBCT1JERVI9MCBDRUxMUEFERElORz0xIEJHQ09MT1I9I0NDQ0NDQz48VFI+PFREIEJHQ09MT1I9I0ZGN0Y1MD48VEFCTEUgV0lEVEg9MTAwJSBDRUxMU1BBQ0lORz0yIEJPUkRFUj0wIENFTExQQURESU5HPTU+PFRSPjxURCBBTElHTj1sZWZ0IEJHQ09MT1I9I0ZGN0Y1MD48Rk9OVCBDT0xPUj0jMzMzMzMzIFNJWkU9Mz48Qj7imIXimIXnmbrpgIHmlrnms5Uv6YCB5paZ4piF4piFPC9CPjwvRk9OVD48L1REPjwvVFI+PC9UQUJMRT48VEFCTEUgV0lEVEg9MTAwJSBDRUxMU1BBQ0lORz0yIEJPUkRFUj0wIENFTExQQURESU5HPTA+PFRSPjxURCBIRUlHSFQ9MiBCR0NPTE9SPSNDQ0JCQUE+PC9URD48L1RSPjwvVEFCTEU+PFRBQkxFIFdJRFRIPTEwMCUgQ0VMTFNQQUNJTkc9MiBCT1JERVI9MCBDRUxMUEFERElORz01PjxUUj48VEQgQUxJR049bGVmdCBCR0NPTE9SPSNGRkY4RUU+PEZPTlQgQ09MT1I9IzMzMzMzMyBTSVpFPTM+PEJSPuWVhuWTgeWQjeOBq+OAkOmAgeaWmeeEoeaWmeOAkeOBruiomOi8ieOBjOOBguOCi+WgtOWQiOOBr+OAgemAgeaWmeeEoeaWmeOBp+OBmeOAgjxCUj48QlI+PEZPTlQgU0laRT01PuOAkOWFqOWbvemAgeaWmeihqOOAkTwvRk9OVD7jgpLjgZTnorroqo3kuIvjgZXjgYTjgb7jgZvjgII8QlI+PEJSPuikh+aVsOOBruWVhuWTgeOCkuWQjOaiseWPr+iDveOBp+OBmeOAgjxCUj7igLvlkIzmorHjgpLjgZTluIzmnJvjga7loLTlkIjjgIHlv4XjgZrlkIzjgZjjgYrosrfjgYTnianjgqvjgrTvvIjjgqvjg7zjg4jvvInjgafjgZTms6jmlofkuIvjgZXjgYTjgII8QlI+5rOo5oSP77ya44Kr44O844OV44Kj44Or44Og44Gu6KSH5pWw5ZCM5qKx44Gu5aC05ZCI5LiA44Gk44Gu562S44Gr44G+44Go44KB44Gm5qKx5YyF6Ie044GX44G+44GZ44CCPEJSPuS6iOOCgeOBlOS6huaJv+S4i+OBleOBhOOBvuOBm+OAgjxCUj48QlI+4oC75Yil44CF44Gu44GK6LK344GE54mp44Kr44K044Gn5rOo5paH44GV44KM44Gf5aC05ZCI44Gv5Yil44CF44Gu562S44Gr5qKx5YyF44GX55m66YCB6Ie044GX44G+44GZ44CCPEJSPuOBneOBrueCuuOAgemAgeaWmeODu+S7o+W8leOBjeaJi+aVsOaWmeOBr+eZuumAgeWAi+aVsOWIhuiri+axguOBleOBm+OBpumgguOBjeOBvuOBmeOAgjxCUj48QlI+4oC75Yil44CF44Gu44GK6LK344GE54mp44Kr44K044Gn5rOo5paH44GX44CB6YCB5paZ77yR5YCL5Y+j5YiG44Gn44Gu44GK5pSv5omV44GEPEJSPuOBleOCjOOBn+WgtOWQiOOBr+WQjOaiseW4jOacm+OBqOWIpOaWreOBl+eZuumAgeiHtOOBl+OBvuOBmeOAgjxCUj48QlI+4piF55m66YCB44Gr6Zai44GZ44KL5rOo5oSP5LqL6aCF4piFPEJSPi0tLS0tLS0tLS0tLS0tLS0tLS0tLS0tLS0tLS0tLS0tLS0tLS0tLS0gPEJSPuW9k+aWueaMh+WumuWuheaApeS+v+OBp+OBmeOBruOBp+mFjemAgealreiAheOBr+mBuOaKnuOBp+OBjeOBvuOBm+OCk+OAgiA8QlI+5pmC6ZaT5oyH5a6a44Gv5a++5b+c44GE44Gf44GX44Gm44GK44KK44G+44Gb44KT44CCPEJSPueZuumAgemAo+e1oeOBq+iomOi8ieOBruWVj+OBhOWQiOOCj+OBm+eVquWPt+OBp+OBlOiHqui6q+OBp+OBlOeiuuiqjemgguOBkeOBvuOBmeOAgjxCUj7pm6Lls7bjga/nmbrpgIHjgYzkuIDml6XpgYXjgozjgb7jgZnjgIIgPEJSPi0tLS0tLS0tLS0tLS0tLS0tLS0tLS0tLS0tLS0tLS0tLS0tLS0tLS08QlI+4piF5ZWG5ZOB5Luj5byV4piF44CA44CAPEJSPuWuheaApeS+v+mAgeaWmSvliKXpgJTmiYvmlbDmlpnvvJPvvJfvvJDlhoYgPEJSPi0tLS0tLS0tLS0tLS0tLS0tLS0tLS0tLS0tLS0tLS0tLS0tLS0tLS0gPEJSPjEy5pmC5Y2K44G+44Gn44Gr44GU5YWl6YeR44GM56K66KqN5Ye65p2l44Gf44GU5rOo5paH44CBPEJSPuOBvuOBn+OBr+WVhuWTgeS7o+W8leOBruOBlOazqOaWh+OBr+WNs+aXpeeZuumAgeOBleOBm+OBpumgguOBjeOBvuOBmeOAgjxCUj7lrprkvJHml6XjgIDkvJrnpL7mpoLopoHoqJjovIkv6Ieo5pmC5LyR5qWt44Gu44GU5qGI5YaF44Gv5b2T5bqX44Oa44O844K45YaF44Gr5o6y6LyJ44GX44G+44GZ44CCPC9GT05UPjwvVEQ+PC9UUj48L1RBQkxFPjwvVEQ+PC9UUj48L1RBQkxFPjxCUj48VEFCTEUgV0lEVEg9NjAwIENFTExTUEFDSU5HPTEgQk9SREVSPTAgQ0VMTFBBRERJTkc9MSBCR0NPTE9SPSNDQ0NDQ0M+PFRSPjxURCBCR0NPTE9SPSNGRjdGNTA+PFRBQkxFIFdJRFRIPTEwMCUgQ0VMTFNQQUNJTkc9MiBCT1JERVI9MCBDRUxMUEFERElORz01PjxUUj48VEQgQUxJR049bGVmdCBCR0NPTE9SPSNGRjdGNTA+PEZPTlQgQ09MT1I9IzMzMzMzMyBTSVpFPTM+PEI+4piF4piF5pSv5omV5pa55rOV4piFPC9CPjwvRk9OVD48L1REPjwvVFI+PC9UQUJMRT48VEFCTEUgV0lEVEg9MTAwJSBDRUxMU1BBQ0lORz0yIEJPUkRFUj0wIENFTExQQURESU5HPTA+PFRSPjxURCBIRUlHSFQ9MiBCR0NPTE9SPSNDQ0JCQUE+PC9URD48L1RSPjwvVEFCTEU+PFRBQkxFIFdJRFRIPTEwMCUgQ0VMTFNQQUNJTkc9MiBCT1JERVI9MCBDRUxMUEFERElORz01PjxUUj48VEQgQUxJR049bGVmdCBCR0NPTE9SPSNGRkY4RUU+PEZPTlQgQ09MT1I9IzMzMzMzMyBTSVpFPTM+4peP5qW95aSp6YqA6KGM44CA5oyv6L68PEJSPuKXj+WVhuWTgeS7o+W8lTxCUj7il4/jgq/jg6zjgrjjg4Pjg4jjgqvjg7zjg4nmsbrmuIg8QlI+4peP44Kz44Oz44OT44OL5rG65riI77yI5YmN5omV44GE77yJPEJSPuKXj+alveWkqUVkeeaxuua4iDxCUj7il49hdeOBi+OCk+OBn+OCk+axuua4iDxCUj48L0ZPTlQ+PC9URD48L1RSPjwvVEFCTEU+PC9URD48L1RSPjwvVEFCTEU+PEJSPjxpbWcgc3JjPWh0dHA6Ly9pbWFnZS5yYWt1dGVuLmNvLmpwL2F1Yy1hdXRvbWF4L2NhYmluZXQvMDM0MDY2MzgvaW1ncmMwMDY4MTc2OTI0LmdpZiB3aWR0aD02MDA+PEJSPjxCUj48SU1HIFNSQz1odHRwOi8vaW1hZ2UucmFrdXRlbi5jby5qcC9hdWMtYXV0b21heC9jYWJpbmV0LzAzNTYxOTI1L2ltZzYzMTkzNzgzLmdpZiBXSURUSD02MDA+PC9DRU5URVI+PEJSPjxCUj48Q0VOVEVSPjxJTUcgV0lEVEg9NTIwIFNSQz1odHRwOi8vaW1hZ2UucmFrdXRlbi5jby5qcC9hdWMtYXV0b21heC9jYWJpbmV0LzAyNTY1NzE3L2ltZzY0NzUzMTExLmdpZj48QlI+PElNRyBXSURUSD01MjAgU1JDPWh0dHA6Ly9pbWFnZS5yYWt1dGVuLmNvLmpwL2F1Yy1hdXRvbWF4L2NhYmluZXQvMDI1NjU3MTcvaW1nNjQ3NTc5ODcuZ2lmPjxCUj48L0NFTlRFUj48L0NFTlRFUj48L1RBQkxFPjwvQ0VOVEVSPjxjZW50ZXI+Cjxicj4KPGltZyBTUkM9aHR0cDovL2ltYWdlLnJha3V0ZW4uY28uanAvYXVjLWF1dG9tYXgvY2FiaW5ldC9pbWdyYzAwNjczODIyNzYuZ2lmIHdpZHRoPTY3MCBoZWlnaHQ9NDAwPjxCUj4KPGJyPgo8aW1nIFNSQz1odHRwOi8vaW1hZ2UucmFrdXRlbi5jby5qcC9hdWMtYXV0b21heC9jYWJpbmV0L2ltZzYwMzMzMDA0LmdpZiB3aWR0aD02NzAgaGVpZ2h0PTEyMD48QlI+Cjxicj4KCjxicj48L2NlbnRlcj4=,44GC44GZ5qW9IOWvvuW/nCDjg5Xjg63jg7Pjg4ggKHMpIOODnuOCuOOCp+OCueOCvyBTMTgg44Kr44OD44OI5riI44G/IOOCq+ODvOODleOCo+ODq+ODoCDou4rnqK7liKUg44K544Oi44O844KvIOOCu+ODg+ODiCDou4rnqK7lsILnlKgg44Km44Kk44Oz44OJ44KmIOeqk+OCrOODqeOCuSDmiJDlvaIg44OV44Kk44Or44OgVVbjgqvjg4Pjg4gg44OP44O844OJ44Kz44O844OIIERJWSDmlr3lt6Ug5pa55rOVIOiyvOOCiuaWuSAz56iu6aGe44Gu6YCP6YGO546H6YCa6LKpIOWkp+mYqiDjgJDllYblk4HkuIDopqfjgJHvvJpBVVRPTUFYIGl6dW1p,44Kr44OD44OG44Kj44Oz44Kw44K344O844OI44Oi44OL44K/44O844K544K/44Oz44OJ44Ki44Or44Kr44Oz44K/44O844Op6Kq/44K544Ko44O844OJ55Sf5Zyw44K344O844OI5rGO55So44OR44O844OE6Ieq5YuV6LuK44Ki44Kv44K744K144Oq44O844Oh44OD44Kt44Oi44O844Or6YCB5paZ54Sh5paZ44K544OG44OD44Kr44O844Kr44O855So5ZOB44OQ44Kk44Kv55So5ZOB44OJ44Os44K544Ki44OD44OX44Op44Kw44K444Ol44Ki44Oq44O85YaF6KOF5aSW6KOF44Kr44OD44OI5riI44G/44Kr44O844OV44Kj44Or44Og5aSn6Ziq6YCa6LKp5r+A5a6J5qC85a6J5pa95bel44GC44GZ5qW9IOWvvuW/nCDjg5Xjg63jg7Pjg4ggKHMpIOODnuOCuOOCp+OCueOCvyBTMTgg44Kr44OD44OI5riI44G/IOOCq+ODvOODleOCo+ODq+ODoCDou4rnqK7liKUg44K544Oi44O844KvIOOCu+ODg+ODiCDou4rnqK7lsILnlKgg44Km44Kk44Oz44OJ44KmIOeqk+OCrOODqeOCuSDmiJDlvaIg44OV44Kk44Or44OgVVbjgqvjg4Pjg4gg44OP44O844OJ44Kz44O844OIIERJWSDmlr3lt6Ug5pa55rOVIOiyvOOCiuaWuSAz56iu6aGe44Gu6YCP6YGO546H6YCa6LKpIOWkp+mYqiDjgJDllYblk4HkuIDopqfjgJE=,44GT44Gu5ZWG5ZOB44Gv6YCB5paZIOWFqOWbveS4gOW+izYwMOWGhiDjgafjgZko5YyX5rW36YGTL+aylue4hOmZpOOBjynlkIzmorHlj6/og73jgILjgILjgYLjgZnmpb0g5a++5b+cIOODleODreODs+ODiCAocykg44Oe44K444Kn44K544K/IFMxOCDjgqvjg4Pjg4jmuIjjgb8g44Kr44O844OV44Kj44Or44OgIOi7iueoruWIpSDjgrnjg6Ljg7zjgq8g44K744OD44OIIOi7iueoruWwgueUqCDjgqbjgqTjg7Pjg4njgqYg56qT44Ks44Op44K5IOaIkOW9oiDjg5XjgqTjg6vjg6BVVuOCq+ODg+ODiCDjg4/jg7zjg4njgrPjg7zjg4ggRElZIOaWveW3pSDmlrnms5Ug6LK844KK5pa5IDPnqK7poZ7jga7pgI/pgY7njofpgJrosqkg5aSn6ZiqIOOAkOWVhuWTgeS4gOimp+OAkQ==[rn]
12-37276,aHR0cDovL3RzaG9wLnIxMHMuanAvYXVjLWF1dG9tYXgvY2FiaW5ldC8wMjU2NTcxNy9pbWc2NDIyMTM3MS5qcGc/Zml0aW49NzAwOjcwMA==,OTYwLjAwMDA=,,6LuK55So5ZOB44O744OQ44Kk44Kv55So5ZOBID4g44Kr44O855So5ZOBID4g5YaF6KOF44OR44O844OEID4g44OV44Kj44Or44Og77yI44K544Oi44O844Kv77yJID4g44OI44Oo44K/55So,44GC44GZ5qW9IOWvvuW/nCDjg5Xjg63jg7Pjg4ggKHMpIOODnuOCuOOCp+OCueOCvyBTMTcg44Kr44OD44OI5riI44G/IOOCq+ODvOODleOCo+ODq+ODoCDou4rnqK7liKUg44K544Oi44O844KvIOOCu+ODg+ODiCDou4rnqK7lsILnlKgg44Km44Kk44Oz44OJ44KmIOeqk+OCrOODqeOCuSDmiJDlvaIg44OV44Kk44Or44OgVVbjgqvjg4Pjg4gg44OP44O844OJ44Kz44O844OIIERJWSDmlr3lt6Ug5pa55rOVIOiyvOOCiuaWuSAz56iu6aGe44Gu6YCP6YGO546H6YCa6LKpIOWkp+mYqiDjgJDllYblk4HkuIDopqfjgJE=,,PENFTlRFUj48aW1nIHNyYz1odHRwOi8vaW1hZ2UucmFrdXRlbi5jby5qcC9hdWMtYXV0b21heC9jYWJpbmV0LzAzNDA2NjM4L2ltZ3JjMDA2ODE3NjkyMS5naWYgd2lkdGg9NjAwPjwvY2VudGVyPjxCUj48Q0VOVEVSPjxCUj48Rk9OVCBTSVpFPTUgQ09MT1I9I2ZmMDAwMD7lvZPlupfjga7jgqvjg4Pjg4jmuIjjgb/jgqvjg7zjg5XjgqPjg6vjg6Djga88L0ZPTlQ+PEJSPjxGT05UIFNJWkU9NSBDT0xPUj0jZmYwMDAwPjxCPk1BREXjgIBJTuOAgEpBUEFO44CAPC9CPjwvRk9OVD48QlI+PEZPTlQgU0laRT01IENPTE9SPSNmZjAwMDA+77yI57Sr5aSW57eaVVbjgIA5Oe+8heOCq+ODg+ODiO+8ieOBp+OBmeOAgjwvRk9OVD48QlI+PFRSPiA8VEQgSEVJR0hUPTY+PC9URD4gPFREIEhFSUdIVD02PjwvVEQ+IDxURCBIRUlHSFQ9Nj48L1REPiA8L1RSPjxCUj48Q0VOVEVSPjxGT05UIENPTE9SPSNDQ0JCQUEgU0laRT00PjxCPjwvQj48L0ZPTlQ+PEJSPjxCUj48VEFCTEUgV0lEVEg9NjAwIENFTExTUEFDSU5HPTEgQk9SREVSPTAgQ0VMTFBBRERJTkc9MSBCR0NPTE9SPSNDQ0NDQ0M+PFRSPjxURCBCR0NPTE9SPSNGRjdGNTA+PFRBQkxFIFdJRFRIPTEwMCUgQ0VMTFNQQUNJTkc9MiBCT1JERVI9MCBDRUxMUEFERElORz01PjxUUj48VEQgQUxJR049bGVmdCBCR0NPTE9SPSNGRjdGNTA+PEZPTlQgQ09MT1I9IzMzMzMzMyBTSVpFPTM+PEI+4piF4piF5ZWG5ZOB6Kqs5piO4piF4piFPC9CPjwvRk9OVD48L1REPjwvVFI+PC9UQUJMRT48VEFCTEUgV0lEVEg9MTAwJSBDRUxMU1BBQ0lORz0yIEJPUkRFUj0wIENFTExQQURESU5HPTA+PFRSPjxURCBIRUlHSFQ9MiBCR0NPTE9SPSNDQ0JCQUE+PC9URD48L1RSPjwvVEFCTEU+PFRBQkxFIFdJRFRIPTEwMCUgQ0VMTFNQQUNJTkc9MiBCT1JERVI9MCBDRUxMUEFERElORz01PjxUUj48VEQgQUxJR049bGVmdCBCR0NPTE9SPSNGRkY4RUU+PEZPTlQgQ09MT1I9IzMzMzMzMyBTSVpFPTM+PEJSPuS+oeagvOOCkui2iuOBiOOBn+WTgeizquOCkuaPkOS+m+OBhOOBn+OBl+OBpuOBiuOCiuOBvuOBmeOBruOBp+OBlOWuieW/g+OBj+OBoOOBleOBhOOAgjxCUj7lvZPmlrnjga7jg5XjgqPjg6vjg6Djga9JU08gOTAwMeWPluW+l+W3peWgtOOBq+OBpuijvemAoOOBleOCjOOAgTxCUj7kuJbnlYznmoTjgavmlaznp7DjgZXjgozjgovjgIBVS0FT44CM6Iux5Zu96KqN6Ki85qmf6Zai6KqN5a6a5a+p6K2w5Lya44CNPEJSPuOBruiqjeiovOOCguWPluW+l+OBl+OBpuOBiuOCiuOBvuOBmeOAguOAgOOAgFJlZy5OTyAwNTkuQTxCUj48QlI+4piF4piF4piF4piF4piF6YGp5ZCI6LuK56iu4piF4piF4piF4piF4piFPEJSPumBqeWQiOWei+W8jyBVWlMxNzHjg7tVWlMxNzPjg7tVWlMxNzXjg7tKWlMxNzcgPEJSPumBqeWQiOW5tOW8jyDlubPmiJDvvJHvvJHlubTvvJnmnIjvvZ7lubPmiJDvvJHvvJblubTvvJbmnIg8QlI+PEJSPuKYheKYheKYheKYheKYheOCu+ODg+ODiOWGheWuueKYheKYheKYheKYheKYhTxCUj48QlI+44K/44Kk44OI44Or44Gu44KC44Gu44Go44Gq44KK44G+44GZ44CCPEJSPuODleODreODs+ODiOOBruWgtOWQiD3pgYvou6LluK0v5Yqp5omL5bit44CQ5LiJ6KeS56qT44GM44GC44KL44KC44Gu44Gv5ZCr44G+44KM44G+44GZ44CRPEJSPuODquOColNFVOOBruWgtOWQiD3jg5Xjg63jg7Pjg4jjgJDpgYvou6LluK0v5Yqp5omL5bit44CR44KI44KK5b6M44KN5YWo44Gm44GuU0VU44Gn44GZPEJSPueUu+WDj+OBr+OCpOODoeODvOOCuOOBp+OBmeOBruOBp+OAgOi7iueoruOBq+OCiOOCiueVsOOBquOCiuOBvuOBmeOAgjxCUj7jgZTos7zlhaXmmYLjgIEz6Imy44Gu5Lit44GL44KJ44GK6YG444Gz44GP44Gg44GV44GE44CCPEJSPuODu+OCguOBo+OBqOOCgua/g+OBhOOCueODouODvOOCrz3jgrnjg7zjg5Hjg7zjg5bjg6njg4Pjgq/vvJXvvIU8QlI+44O75r+D44GE44K544Oi44O844KvPeODgOODvOOCr+OCueODouODvOOCr++8ke+8le+8hTxCUj7jg7vntJTmraPlkIzmp5jjga7jgrnjg6Ljg7zjgq8944OX44Op44Kk44OQ44K344O844K544Oi44O844Kv77yS77yW77yFPEJSPuOBlOazqOaWh+W+jOOBruiJsuOBruWkieabtOOBr+WHuuadpeOBi+OBreOBvuOBmeOAgjxCUj48QlI+PEJSPuODuyDnlLvlg4/jga/jgqTjg6Hjg7zjgrjjgafjgZnjgII8QlI+44O7IOODleOCo+ODq+ODoOOBr+OCreOCuuOBruOBpOOBjeOBq+OBj+OBhDxCUj7jg4/jg7zjg4njgrPjg7zjg4jjg5XjgqPjg6vjg6DjgpLkvb/nlKjjgZfjgabjgYrjgorjgb7jgZnjgII8QlI+PEJSPjxGT05UIFNJWkU9NT7imIXimIXimIXms6jmhI/kuovpoIUv5YWN6LKs5LqL6aCF4piF4piF4piFPC9GT05UPjxCUj7jg7vmpa3li5nnlKjjga7ngrrlpJbnrrHjg7voqqzmmI7mm7jnrYnku5jlsZ7oh7TjgZfjgb7jgZvjgpPjgII8QlI+44O76aCY5Y+O5pu444Gu55m66KGM44Gv44Gn44GN44G+44Gb44KT44Gu44Gn44GU5LqG5om/5LiL44GV44GE44CCPEJSPuODu+S9v+eUqOazleetieOBq+mWouOBmeOCi+OCteODneODvOODiOOBr+S4gOWIh+WHuuadpeOBvuOBm+OCk+OAgjxCUj7pganlkIjjgYvlkKbjgYvjgavjgaTjgY3jgb7jgZfjgabjga/llYblk4HoqqzmmI7jgavoqJjovInjgZfjgabjgYrjgorjgb7jgZk8QlI+6YGp5ZCI6LuK56iu44O75Z6L5byP44O75bm05byP44Gr44Gm44GK5a6i5qeY44GU6Ieq6Lqr44Gn44GU5Yik5pat44GK6aGY44GE6Ie044GX44G+44GZ44CCPEJSPjxCUj48QlI+PEZPTlQgU0laRT01PuOAkOOBlOizvOWFpeWJjeOBq+W/heOBmuOCr+ODquODg+OCr+OAkTwvRk9OVD48QlI+44GU6LO85YWl6aCC44GE44Gf5pmC54K544Gn44CB5LiK6KiY44KS44Kv44Oq44OD44Kv44GXPEJSPuOBlOeiuuiqjeODu+OBlOS6huaJv+mgguOBhOOBn+S4iuOBp+OBruOBlOizvOWFpeOBqOWIpOaWreOBlzxCUj7jgYrlj5blvJXjgZXjgZvjgabpoILjgY3jgb7jgZnjgII8QlI+44GU6LO85YWl5b6M44Gu44Kt44Oj44Oz44K744Or44Gv44GK5pat44KK44GX44Gm44GK44KK44G+44GZ44CCPEJSPjxCUj48QlI+PEZPTlQgU0laRT01PuOAkOaWreeGseODleOCo+ODq+ODoOOBuOOBruWkieabtOOCquODl+OCt+ODp+ODs+OAkTwvRk9OVD48QlI+5pat54ax44K/44Kk44OX44Gu44OV44Kj44Or44Og44KS44GU5biM5pyb44Gu5aC05ZCI44CB5LiK6KiY44Oq44Oz44Kv44KS44Kv44Oq44OD44Kv44GXPEJSPuOBlOW4jOacm+OBrui7iueoruWIpeOCq+ODg+ODiOa4iOOBv+OCq+ODvOODleOCo+ODq+ODoOOBqOS4gOe3kuOBq+OAgeOBlOizvOWFpeaJi+e2muOBjeOBiumhmOOBhOOBl+OBvuOBmeOAgjxCUj48QlI+PEJSPjxGT05UIFNJWkU9NT7jgJDjg5/jg6njg7zjg5XjgqPjg6vjg6Djgafjga7jgqvjg4Pjg4gg44Kq44OX44K344On44Oz44CRPC9GT05UPjxCUj7jg5/jg6njg7zjg5XjgqPjg6vjg6Djgafjga7oo73kvZzjgpLjgZTluIzmnJvjga7loLTlkIjjgIHkuIroqJjjg6rjg7Pjgq/jgpLjgq/jg6rjg4Pjgq/jgZc8QlI+44GU5biM5pyb44Gu6LuK56iu5Yil44Kr44OD44OI5riI44G/44Kr44O844OV44Kj44Or44Og44Go5LiA57eS44Gr44CB44GU6LO85YWl5omL57aa44GN44GK6aGY44GE44GX44G+44GZ44CCCjwvRk9OVD48L1REPjwvVFI+PC9UQUJMRT48L1REPjwvVFI+PC9UQUJMRT48QlI+PEJSPjxCUj48VEFCTEUgV0lEVEg9NjAwIENFTExTUEFDSU5HPTEgQk9SREVSPTAgQ0VMTFBBRERJTkc9MSBCR0NPTE9SPSNDQ0NDQ0M+PFRSPjxURCBCR0NPTE9SPSNGRjdGNTA+PFRBQkxFIFdJRFRIPTEwMCUgQ0VMTFNQQUNJTkc9MiBCT1JERVI9MCBDRUxMUEFERElORz01PjxUUj48VEQgQUxJR049bGVmdCBCR0NPTE9SPSNGRjdGNTA+PEZPTlQgQ09MT1I9IzMzMzMzMyBTSVpFPTM+PEI+4piF4piF55m66YCB5pa55rOVL+mAgeaWmeKYheKYhTwvQj48L0ZPTlQ+PC9URD48L1RSPjwvVEFCTEU+PFRBQkxFIFdJRFRIPTEwMCUgQ0VMTFNQQUNJTkc9MiBCT1JERVI9MCBDRUxMUEFERElORz0wPjxUUj48VEQgSEVJR0hUPTIgQkdDT0xPUj0jQ0NCQkFBPjwvVEQ+PC9UUj48L1RBQkxFPjxUQUJMRSBXSURUSD0xMDAlIENFTExTUEFDSU5HPTIgQk9SREVSPTAgQ0VMTFBBRERJTkc9NT48VFI+PFREIEFMSUdOPWxlZnQgQkdDT0xPUj0jRkZGOEVFPjxGT05UIENPTE9SPSMzMzMzMzMgU0laRT0zPjxCUj7llYblk4HlkI3jgavjgJDpgIHmlpnnhKHmlpnjgJHjga7oqJjovInjgYzjgYLjgovloLTlkIjjga/jgIHpgIHmlpnnhKHmlpnjgafjgZnjgII8QlI+PEJSPjxGT05UIFNJWkU9NT7jgJDlhajlm73pgIHmlpnooajjgJE8L0ZPTlQ+44KS44GU56K66KqN5LiL44GV44GE44G+44Gb44CCPEJSPjxCUj7opIfmlbDjga7llYblk4HjgpLlkIzmorHlj6/og73jgafjgZnjgII8QlI+4oC75ZCM5qKx44KS44GU5biM5pyb44Gu5aC05ZCI44CB5b+F44Ga5ZCM44GY44GK6LK344GE54mp44Kr44K077yI44Kr44O844OI77yJ44Gn44GU5rOo5paH5LiL44GV44GE44CCPEJSPuazqOaEj++8muOCq+ODvOODleOCo+ODq+ODoOOBruikh+aVsOWQjOaiseOBruWgtOWQiOS4gOOBpOOBruetkuOBq+OBvuOBqOOCgeOBpuaiseWMheiHtOOBl+OBvuOBmeOAgjxCUj7kuojjgoHjgZTkuobmib/kuIvjgZXjgYTjgb7jgZvjgII8QlI+PEJSPuKAu+WIpeOAheOBruOBiuiyt+OBhOeJqeOCq+OCtOOBp+azqOaWh+OBleOCjOOBn+WgtOWQiOOBr+WIpeOAheOBruetkuOBq+aiseWMheOBl+eZuumAgeiHtOOBl+OBvuOBmeOAgjxCUj7jgZ3jga7ngrrjgIHpgIHmlpnjg7vku6PlvJXjgY3miYvmlbDmlpnjga/nmbrpgIHlgIvmlbDliIboq4vmsYLjgZXjgZvjgabpoILjgY3jgb7jgZnjgII8QlI+PEJSPuKAu+WIpeOAheOBruOBiuiyt+OBhOeJqeOCq+OCtOOBp+azqOaWh+OBl+OAgemAgeaWme+8keWAi+WPo+WIhuOBp+OBruOBiuaUr+aJleOBhDxCUj7jgZXjgozjgZ/loLTlkIjjga/lkIzmorHluIzmnJvjgajliKTmlq3jgZfnmbrpgIHoh7TjgZfjgb7jgZnjgII8QlI+PEJSPuKYheeZuumAgeOBq+mWouOBmeOCi+azqOaEj+S6i+mgheKYhTxCUj4tLS0tLS0tLS0tLS0tLS0tLS0tLS0tLS0tLS0tLS0tLS0tLS0tLS0tIDxCUj7lvZPmlrnmjIflrprlroXmgKXkvr/jgafjgZnjga7jgafphY3pgIHmpa3ogIXjga/pgbjmip7jgafjgY3jgb7jgZvjgpPjgIIgPEJSPuaZgumWk+aMh+WumuOBr+WvvuW/nOOBhOOBn+OBl+OBpuOBiuOCiuOBvuOBm+OCk+OAgjxCUj7nmbrpgIHpgKPntaHjgavoqJjovInjga7llY/jgYTlkIjjgo/jgZvnlarlj7fjgafjgZToh6rouqvjgafjgZTnorroqo3poILjgZHjgb7jgZnjgII8QlI+6Zui5bO244Gv55m66YCB44GM5LiA5pel6YGF44KM44G+44GZ44CCIDxCUj4tLS0tLS0tLS0tLS0tLS0tLS0tLS0tLS0tLS0tLS0tLS0tLS0tLS0tPEJSPuKYheWVhuWTgeS7o+W8leKYheOAgOOAgDxCUj7lroXmgKXkvr/pgIHmlpkr5Yil6YCU5omL5pWw5paZ77yT77yX77yQ5YaGIDxCUj4tLS0tLS0tLS0tLS0tLS0tLS0tLS0tLS0tLS0tLS0tLS0tLS0tLS0tIDxCUj4xMuaZguWNiuOBvuOBp+OBq+OBlOWFpemHkeOBjOeiuuiqjeWHuuadpeOBn+OBlOazqOaWh+OAgTxCUj7jgb7jgZ/jga/llYblk4Hku6PlvJXjga7jgZTms6jmlofjga/ljbPml6XnmbrpgIHjgZXjgZvjgabpoILjgY3jgb7jgZnjgII8QlI+5a6a5LyR5pel44CA5Lya56S+5qaC6KaB6KiY6LyJL+iHqOaZguS8kealreOBruOBlOahiOWGheOBr+W9k+W6l+ODmuODvOOCuOWGheOBq+aOsui8ieOBl+OBvuOBmeOAgjwvRk9OVD48L1REPjwvVFI+PC9UQUJMRT48L1REPjwvVFI+PC9UQUJMRT48QlI+PFRBQkxFIFdJRFRIPTYwMCBDRUxMU1BBQ0lORz0xIEJPUkRFUj0wIENFTExQQURESU5HPTEgQkdDT0xPUj0jQ0NDQ0NDPjxUUj48VEQgQkdDT0xPUj0jRkY3RjUwPjxUQUJMRSBXSURUSD0xMDAlIENFTExTUEFDSU5HPTIgQk9SREVSPTAgQ0VMTFBBRERJTkc9NT48VFI+PFREIEFMSUdOPWxlZnQgQkdDT0xPUj0jRkY3RjUwPjxGT05UIENPTE9SPSMzMzMzMzMgU0laRT0zPjxCPuKYheKYheaUr+aJleaWueazleKYhTwvQj48L0ZPTlQ+PC9URD48L1RSPjwvVEFCTEU+PFRBQkxFIFdJRFRIPTEwMCUgQ0VMTFNQQUNJTkc9MiBCT1JERVI9MCBDRUxMUEFERElORz0wPjxUUj48VEQgSEVJR0hUPTIgQkdDT0xPUj0jQ0NCQkFBPjwvVEQ+PC9UUj48L1RBQkxFPjxUQUJMRSBXSURUSD0xMDAlIENFTExTUEFDSU5HPTIgQk9SREVSPTAgQ0VMTFBBRERJTkc9NT48VFI+PFREIEFMSUdOPWxlZnQgQkdDT0xPUj0jRkZGOEVFPjxGT05UIENPTE9SPSMzMzMzMzMgU0laRT0zPuKXj+alveWkqemKgOihjOOAgOaMr+i+vDxCUj7il4/llYblk4Hku6PlvJU8QlI+4peP44Kv44Os44K444OD44OI44Kr44O844OJ5rG65riIPEJSPuKXj+OCs+ODs+ODk+ODi+axuua4iO+8iOWJjeaJleOBhO+8iTxCUj7il4/mpb3lpKlFZHnmsbrmuIg8QlI+4pePYXXjgYvjgpPjgZ/jgpPmsbrmuIg8QlI+PC9GT05UPjwvVEQ+PC9UUj48L1RBQkxFPjwvVEQ+PC9UUj48L1RBQkxFPjxCUj48aW1nIHNyYz1odHRwOi8vaW1hZ2UucmFrdXRlbi5jby5qcC9hdWMtYXV0b21heC9jYWJpbmV0LzAzNDA2NjM4L2ltZ3JjMDA2ODE3NjkyNC5naWYgd2lkdGg9NjAwPjxCUj48QlI+PElNRyBTUkM9aHR0cDovL2ltYWdlLnJha3V0ZW4uY28uanAvYXVjLWF1dG9tYXgvY2FiaW5ldC8wMzU2MTkyNS9pbWc2MzE5Mzc4My5naWYgV0lEVEg9NjAwPjwvQ0VOVEVSPjxCUj48QlI+PENFTlRFUj48SU1HIFdJRFRIPTUyMCBTUkM9aHR0cDovL2ltYWdlLnJha3V0ZW4uY28uanAvYXVjLWF1dG9tYXgvY2FiaW5ldC8wMjU2NTcxNy9pbWc2NDc1MzExMS5naWY+PEJSPjxJTUcgV0lEVEg9NTIwIFNSQz1odHRwOi8vaW1hZ2UucmFrdXRlbi5jby5qcC9hdWMtYXV0b21heC9jYWJpbmV0LzAyNTY1NzE3L2ltZzY0NzU3OTg3LmdpZj48QlI+PC9DRU5URVI+PC9DRU5URVI+PC9UQUJMRT48L0NFTlRFUj48Y2VudGVyPgo8YnI+CjxpbWcgU1JDPWh0dHA6Ly9pbWFnZS5yYWt1dGVuLmNvLmpwL2F1Yy1hdXRvbWF4L2NhYmluZXQvaW1ncmMwMDY3MzgyMjc2LmdpZiB3aWR0aD02NzAgaGVpZ2h0PTQwMD48QlI+Cjxicj4KPGltZyBTUkM9aHR0cDovL2ltYWdlLnJha3V0ZW4uY28uanAvYXVjLWF1dG9tYXgvY2FiaW5ldC9pbWc2MDMzMzAwNC5naWYgd2lkdGg9NjcwIGhlaWdodD0xMjA+PEJSPgo8YnI+Cgo8YnI+PC9jZW50ZXI+,44GC44GZ5qW9IOWvvuW/nCDjg5Xjg63jg7Pjg4ggKHMpIOODnuOCuOOCp+OCueOCvyBTMTcg44Kr44OD44OI5riI44G/IOOCq+ODvOODleOCo+ODq+ODoCDou4rnqK7liKUg44K544Oi44O844KvIOOCu+ODg+ODiCDou4rnqK7lsILnlKgg44Km44Kk44Oz44OJ44KmIOeqk+OCrOODqeOCuSDmiJDlvaIg44OV44Kk44Or44OgVVbjgqvjg4Pjg4gg44OP44O844OJ44Kz44O844OIIERJWSDmlr3lt6Ug5pa55rOVIOiyvOOCiuaWuSAz56iu6aGe44Gu6YCP6YGO546H6YCa6LKpIOWkp+mYqiDjgJDllYblk4HkuIDopqfjgJHvvJpBVVRPTUFYIGl6dW1p,44Kr44OD44OG44Kj44Oz44Kw44K344O844OI44Oi44OL44K/44O844K544K/44Oz44OJ44Ki44Or44Kr44Oz44K/44O844Op6Kq/44K544Ko44O844OJ55Sf5Zyw44K344O844OI5rGO55So44OR44O844OE6Ieq5YuV6LuK44Ki44Kv44K744K144Oq44O844Oh44OD44Kt44Oi44O844Or6YCB5paZ54Sh5paZ44K544OG44OD44Kr44O844Kr44O855So5ZOB44OQ44Kk44Kv55So5ZOB44OJ44Os44K544Ki44OD44OX44Op44Kw44K444Ol44Ki44Oq44O85YaF6KOF5aSW6KOF44Kr44OD44OI5riI44G/44Kr44O844OV44Kj44Or44Og5aSn6Ziq6YCa6LKp5r+A5a6J5qC85a6J5pa95bel44GC44GZ5qW9IOWvvuW/nCDjg5Xjg63jg7Pjg4ggKHMpIOODnuOCuOOCp+OCueOCvyBTMTcg44Kr44OD44OI5riI44G/IOOCq+ODvOODleOCo+ODq+ODoCDou4rnqK7liKUg44K544Oi44O844KvIOOCu+ODg+ODiCDou4rnqK7lsILnlKgg44Km44Kk44Oz44OJ44KmIOeqk+OCrOODqeOCuSDmiJDlvaIg44OV44Kk44Or44OgVVbjgqvjg4Pjg4gg44OP44O844OJ44Kz44O844OIIERJWSDmlr3lt6Ug5pa55rOVIOiyvOOCiuaWuSAz56iu6aGe44Gu6YCP6YGO546H6YCa6LKpIOWkp+mYqiDjgJDllYblk4HkuIDopqfjgJE=,44GT44Gu5ZWG5ZOB44Gv6YCB5paZIOWFqOWbveS4gOW+izYwMOWGhiDjgafjgZko5YyX5rW36YGTL+aylue4hOmZpOOBjynlkIzmorHlj6/og73jgILjgILjgYLjgZnmpb0g5a++5b+cIOODleODreODs+ODiCAocykg44Oe44K444Kn44K544K/IFMxNyDjgqvjg4Pjg4jmuIjjgb8g44Kr44O844OV44Kj44Or44OgIOi7iueoruWIpSDjgrnjg6Ljg7zjgq8g44K744OD44OIIOi7iueoruWwgueUqCDjgqbjgqTjg7Pjg4njgqYg56qT44Ks44Op44K5IOaIkOW9oiDjg5XjgqTjg6vjg6BVVuOCq+ODg+ODiCDjg4/jg7zjg4njgrPjg7zjg4ggRElZIOaWveW3pSDmlrnms5Ug6LK844KK5pa5IDPnqK7poZ7jga7pgI/pgY7njofpgJrosqkg5aSn6ZiqIOOAkOWVhuWTgeS4gOimp+OAkQ==[rn]
12-37277,aHR0cDovL3RzaG9wLnIxMHMuanAvYXVjLWF1dG9tYXgvY2FiaW5ldC8wMjU2NTcxNy9pbWc2NDIyMTM3My5qcGc/Zml0aW49NzAwOjcwMA==,MTQ2MC4wMDAw,,6LuK55So5ZOB44O744OQ44Kk44Kv55So5ZOBID4g44Kr44O855So5ZOBID4g5YaF6KOF44OR44O844OEID4g44OV44Kj44Or44Og77yI44K544Oi44O844Kv77yJID4g44OI44Oo44K/55So,44CQ6YCB5paZ54Sh5paZ44CR44GC44GZ5qW9IOWvvuW/nCDjg5Xjg63jg7Pjg4ggKHMpIOODnuOCuOOCp+OCueOCvyBTMTgg44Kr44OD44OI5riI44G/IOOCq+ODvOODleOCo+ODq+ODoCDou4rnqK7liKUg44K544Oi44O844KvIOOCu+ODg+ODiCDou4rnqK7lsILnlKgg44Km44Kk44Oz44OJ44KmIOeqk+OCrOODqeOCuSDmiJDlvaIg44OV44Kk44Or44OgVVbjgqvjg4Pjg4gg44OP44O844OJ44Kz44O844OIIERJWSDmlr3lt6Ug5pa55rOVIOiyvOOCiuaWuSAz56iu6aGe44Gu6YCP6YGO546H6YCa6LKpIOWkp+mYquOAkFJDUOOAkQ==,,PENFTlRFUj48aW1nIHNyYz1odHRwOi8vaW1hZ2UucmFrdXRlbi5jby5qcC9hdWMtYXV0b21heC9jYWJpbmV0LzAzNDA2NjM4L2ltZ3JjMDA2ODE3NjkyMS5naWYgd2lkdGg9NjAwPjwvY2VudGVyPjxCUj48Q0VOVEVSPjxCUj48Rk9OVCBTSVpFPTUgQ09MT1I9I2ZmMDAwMD7lvZPlupfjga7jgqvjg4Pjg4jmuIjjgb/jgqvjg7zjg5XjgqPjg6vjg6Djga88L0ZPTlQ+PEJSPjxGT05UIFNJWkU9NSBDT0xPUj0jZmYwMDAwPjxCPk1BREXjgIBJTuOAgEpBUEFO44CAPC9CPjwvRk9OVD48QlI+PEZPTlQgU0laRT01IENPTE9SPSNmZjAwMDA+77yI57Sr5aSW57eaVVbjgIA5Oe+8heOCq+ODg+ODiO+8ieOBp+OBmeOAgjwvRk9OVD48QlI+PFRSPiA8VEQgSEVJR0hUPTY+PC9URD4gPFREIEhFSUdIVD02PjwvVEQ+IDxURCBIRUlHSFQ9Nj48L1REPiA8L1RSPjxCUj48Q0VOVEVSPjxGT05UIENPTE9SPSNDQ0JCQUEgU0laRT00PjxCPjwvQj48L0ZPTlQ+PEJSPjxCUj48VEFCTEUgV0lEVEg9NjAwIENFTExTUEFDSU5HPTEgQk9SREVSPTAgQ0VMTFBBRERJTkc9MSBCR0NPTE9SPSNDQ0NDQ0M+PFRSPjxURCBCR0NPTE9SPSNGRjdGNTA+PFRBQkxFIFdJRFRIPTEwMCUgQ0VMTFNQQUNJTkc9MiBCT1JERVI9MCBDRUxMUEFERElORz01PjxUUj48VEQgQUxJR049bGVmdCBCR0NPTE9SPSNGRjdGNTA+PEZPTlQgQ09MT1I9IzMzMzMzMyBTSVpFPTM+PEI+4piF4piF5ZWG5ZOB6Kqs5piO4piF4piFPC9CPjwvRk9OVD48L1REPjwvVFI+PC9UQUJMRT48VEFCTEUgV0lEVEg9MTAwJSBDRUxMU1BBQ0lORz0yIEJPUkRFUj0wIENFTExQQURESU5HPTA+PFRSPjxURCBIRUlHSFQ9MiBCR0NPTE9SPSNDQ0JCQUE+PC9URD48L1RSPjwvVEFCTEU+PFRBQkxFIFdJRFRIPTEwMCUgQ0VMTFNQQUNJTkc9MiBCT1JERVI9MCBDRUxMUEFERElORz01PjxUUj48VEQgQUxJR049bGVmdCBCR0NPTE9SPSNGRkY4RUU+PEZPTlQgQ09MT1I9IzMzMzMzMyBTSVpFPTM+PEJSPuS+oeagvOOCkui2iuOBiOOBn+WTgeizquOCkuaPkOS+m+OBhOOBn+OBl+OBpuOBiuOCiuOBvuOBmeOBruOBp+OBlOWuieW/g+OBj+OBoOOBleOBhOOAgjxCUj7lvZPmlrnjga7jg5XjgqPjg6vjg6Djga9JU08gOTAwMeWPluW+l+W3peWgtOOBq+OBpuijvemAoOOBleOCjOOAgTxCUj7kuJbnlYznmoTjgavmlaznp7DjgZXjgozjgovjgIBVS0FT44CM6Iux5Zu96KqN6Ki85qmf6Zai6KqN5a6a5a+p6K2w5Lya44CNPEJSPuOBruiqjeiovOOCguWPluW+l+OBl+OBpuOBiuOCiuOBvuOBmeOAguOAgOOAgFJlZy5OTyAwNTkuQTxCUj48QlI+4piF4piF4piF4piF4piF6YGp5ZCI6LuK56iu4piF4piF4piF4piF4piFPEJSPumBqeWQiOWei+W8jyBVWlMxODbjg7tVWlMxODcgPEJSPumBqeWQiOW5tOW8jyDlubPmiJDvvJHvvJblubTvvJfmnIjvvZ4gPEJSPuKAu+OCq+ODg+ODiOa4iOOBv+OCq+ODvOODleOCo+ODq+ODoOOBp+OBmeOBjOOAgeW9k+i7iueoruOBr+iqv+aVtOOCq+ODg+ODiOOBjOW/heimgeOBp+OBmeOAgjxCUj48QlI+4piF4piF4piF4piF4piF44K744OD44OI5YaF5a654piF4piF4piF4piF4piFPEJSPjxCUj7jgr/jgqTjg4jjg6vjga7jgoLjga7jgajjgarjgorjgb7jgZnjgII8QlI+44OV44Ot44Oz44OI44Gu5aC05ZCIPemBi+i7ouW4rS/liqnmiYvluK3jgJDkuInop5LnqpPjgYzjgYLjgovjgoLjga7jga/lkKvjgb7jgozjgb7jgZnjgJE8QlI+44Oq44KiU0VU44Gu5aC05ZCIPeODleODreODs+ODiOOAkOmBi+i7ouW4rS/liqnmiYvluK3jgJHjgojjgorlvozjgo3lhajjgabjga5TRVTjgafjgZk8QlI+55S75YOP44Gv44Kk44Oh44O844K444Gn44GZ44Gu44Gn44CA6LuK56iu44Gr44KI44KK55Ww44Gq44KK44G+44GZ44CCPEJSPuOBlOizvOWFpeaZguOAgTPoibLjga7kuK3jgYvjgonjgYrpgbjjgbPjgY/jgaDjgZXjgYTjgII8QlI+44O744KC44Gj44Go44KC5r+D44GE44K544Oi44O844KvPeOCueODvOODkeODvOODluODqeODg+OCr++8le+8hTxCUj7jg7vmv4PjgYTjgrnjg6Ljg7zjgq8944OA44O844Kv44K544Oi44O844Kv77yR77yV77yFPEJSPuODu+e0lOato+WQjOanmOOBruOCueODouODvOOCrz3jg5fjg6njgqTjg5Djgrfjg7zjgrnjg6Ljg7zjgq/vvJLvvJbvvIU8QlI+44GU5rOo5paH5b6M44Gu6Imy44Gu5aSJ5pu044Gv5Ye65p2l44GL44Gt44G+44GZ44CCPEJSPjxCUj48QlI+44O7IOeUu+WDj+OBr+OCpOODoeODvOOCuOOBp+OBmeOAgjxCUj7jg7sg44OV44Kj44Or44Og44Gv44Kt44K644Gu44Gk44GN44Gr44GP44GEPEJSPuODj+ODvOODieOCs+ODvOODiOODleOCo+ODq+ODoOOCkuS9v+eUqOOBl+OBpuOBiuOCiuOBvuOBmeOAgjxCUj48QlI+PEZPTlQgU0laRT01PuKYheKYheKYheazqOaEj+S6i+mghS/lhY3osqzkuovpoIXimIXimIXimIU8L0ZPTlQ+PEJSPuODu+alreWLmeeUqOOBrueCuuWklueuseODu+iqrOaYjuabuOetieS7mOWxnuiHtOOBl+OBvuOBm+OCk+OAgjxCUj7jg7vpoJjlj47mm7jjga7nmbrooYzjga/jgafjgY3jgb7jgZvjgpPjga7jgafjgZTkuobmib/kuIvjgZXjgYTjgII8QlI+44O75L2/55So5rOV562J44Gr6Zai44GZ44KL44K144Od44O844OI44Gv5LiA5YiH5Ye65p2l44G+44Gb44KT44CCPEJSPumBqeWQiOOBi+WQpuOBi+OBq+OBpOOBjeOBvuOBl+OBpuOBr+WVhuWTgeiqrOaYjuOBq+iomOi8ieOBl+OBpuOBiuOCiuOBvuOBmTxCUj7pganlkIjou4rnqK7jg7vlnovlvI/jg7vlubTlvI/jgavjgabjgYrlrqLmp5jjgZToh6rouqvjgafjgZTliKTmlq3jgYrpoZjjgYToh7TjgZfjgb7jgZnjgII8QlI+PEJSPjxCUj48Rk9OVCBTSVpFPTU+44CQ44GU6LO85YWl5YmN44Gr5b+F44Ga44Kv44Oq44OD44Kv44CRPC9GT05UPjxCUj7jgZTos7zlhaXpoILjgYTjgZ/mmYLngrnjgafjgIHkuIroqJjjgpLjgq/jg6rjg4Pjgq/jgZc8QlI+44GU56K66KqN44O744GU5LqG5om/6aCC44GE44Gf5LiK44Gn44Gu44GU6LO85YWl44Go5Yik5pat44GXPEJSPuOBiuWPluW8leOBleOBm+OBpumgguOBjeOBvuOBmeOAgjxCUj7jgZTos7zlhaXlvozjga7jgq3jg6Pjg7Pjgrvjg6vjga/jgYrmlq3jgorjgZfjgabjgYrjgorjgb7jgZnjgII8QlI+PEJSPjxCUj48Rk9OVCBTSVpFPTU+44CQ5pat54ax44OV44Kj44Or44Og44G444Gu5aSJ5pu044Kq44OX44K344On44Oz44CRPC9GT05UPjxCUj7mlq3nhrHjgr/jgqTjg5fjga7jg5XjgqPjg6vjg6DjgpLjgZTluIzmnJvjga7loLTlkIjjgIHkuIroqJjjg6rjg7Pjgq/jgpLjgq/jg6rjg4Pjgq/jgZc8QlI+44GU5biM5pyb44Gu6LuK56iu5Yil44Kr44OD44OI5riI44G/44Kr44O844OV44Kj44Or44Og44Go5LiA57eS44Gr44CB44GU6LO85YWl5omL57aa44GN44GK6aGY44GE44GX44G+44GZ44CCPEJSPjxCUj48QlI+PEZPTlQgU0laRT01PuOAkOODn+ODqeODvOODleOCo+ODq+ODoOOBp+OBruOCq+ODg+ODiCDjgqrjg5fjgrfjg6fjg7PjgJE8L0ZPTlQ+PEJSPuODn+ODqeODvOODleOCo+ODq+ODoOOBp+OBruijveS9nOOCkuOBlOW4jOacm+OBruWgtOWQiOOAgeS4iuiomOODquODs+OCr+OCkuOCr+ODquODg+OCr+OBlzxCUj7jgZTluIzmnJvjga7ou4rnqK7liKXjgqvjg4Pjg4jmuIjjgb/jgqvjg7zjg5XjgqPjg6vjg6DjgajkuIDnt5LjgavjgIHjgZTos7zlhaXmiYvntprjgY3jgYrpoZjjgYTjgZfjgb7jgZnjgIIKPC9GT05UPjwvVEQ+PC9UUj48L1RBQkxFPjwvVEQ+PC9UUj48L1RBQkxFPjxCUj48QlI+PEJSPjxUQUJMRSBXSURUSD02MDAgQ0VMTFNQQUNJTkc9MSBCT1JERVI9MCBDRUxMUEFERElORz0xIEJHQ09MT1I9I0NDQ0NDQz48VFI+PFREIEJHQ09MT1I9I0ZGN0Y1MD48VEFCTEUgV0lEVEg9MTAwJSBDRUxMU1BBQ0lORz0yIEJPUkRFUj0wIENFTExQQURESU5HPTU+PFRSPjxURCBBTElHTj1sZWZ0IEJHQ09MT1I9I0ZGN0Y1MD48Rk9OVCBDT0xPUj0jMzMzMzMzIFNJWkU9Mz48Qj7imIXimIXnmbrpgIHmlrnms5Uv6YCB5paZ4piF4piFPC9CPjwvRk9OVD48L1REPjwvVFI+PC9UQUJMRT48VEFCTEUgV0lEVEg9MTAwJSBDRUxMU1BBQ0lORz0yIEJPUkRFUj0wIENFTExQQURESU5HPTA+PFRSPjxURCBIRUlHSFQ9MiBCR0NPTE9SPSNDQ0JCQUE+PC9URD48L1RSPjwvVEFCTEU+PFRBQkxFIFdJRFRIPTEwMCUgQ0VMTFNQQUNJTkc9MiBCT1JERVI9MCBDRUxMUEFERElORz01PjxUUj48VEQgQUxJR049bGVmdCBCR0NPTE9SPSNGRkY4RUU+PEZPTlQgQ09MT1I9IzMzMzMzMyBTSVpFPTM+PEJSPuWVhuWTgeWQjeOBq+OAkOmAgeaWmeeEoeaWmeOAkeOBruiomOi8ieOBjOOBguOCi+WgtOWQiOOBr+OAgemAgeaWmeeEoeaWmeOBp+OBmeOAgjxCUj48QlI+PEZPTlQgU0laRT01PuOAkOWFqOWbvemAgeaWmeihqOOAkTwvRk9OVD7jgpLjgZTnorroqo3kuIvjgZXjgYTjgb7jgZvjgII8QlI+PEJSPuikh+aVsOOBruWVhuWTgeOCkuWQjOaiseWPr+iDveOBp+OBmeOAgjxCUj7igLvlkIzmorHjgpLjgZTluIzmnJvjga7loLTlkIjjgIHlv4XjgZrlkIzjgZjjgYrosrfjgYTnianjgqvjgrTvvIjjgqvjg7zjg4jvvInjgafjgZTms6jmlofkuIvjgZXjgYTjgII8QlI+5rOo5oSP77ya44Kr44O844OV44Kj44Or44Og44Gu6KSH5pWw5ZCM5qKx44Gu5aC05ZCI5LiA44Gk44Gu562S44Gr44G+44Go44KB44Gm5qKx5YyF6Ie044GX44G+44GZ44CCPEJSPuS6iOOCgeOBlOS6huaJv+S4i+OBleOBhOOBvuOBm+OAgjxCUj48QlI+4oC75Yil44CF44Gu44GK6LK344GE54mp44Kr44K044Gn5rOo5paH44GV44KM44Gf5aC05ZCI44Gv5Yil44CF44Gu562S44Gr5qKx5YyF44GX55m66YCB6Ie044GX44G+44GZ44CCPEJSPuOBneOBrueCuuOAgemAgeaWmeODu+S7o+W8leOBjeaJi+aVsOaWmeOBr+eZuumAgeWAi+aVsOWIhuiri+axguOBleOBm+OBpumgguOBjeOBvuOBmeOAgjxCUj48QlI+4oC75Yil44CF44Gu44GK6LK344GE54mp44Kr44K044Gn5rOo5paH44GX44CB6YCB5paZ77yR5YCL5Y+j5YiG44Gn44Gu44GK5pSv5omV44GEPEJSPuOBleOCjOOBn+WgtOWQiOOBr+WQjOaiseW4jOacm+OBqOWIpOaWreOBl+eZuumAgeiHtOOBl+OBvuOBmeOAgjxCUj48QlI+4piF55m66YCB44Gr6Zai44GZ44KL5rOo5oSP5LqL6aCF4piFPEJSPi0tLS0tLS0tLS0tLS0tLS0tLS0tLS0tLS0tLS0tLS0tLS0tLS0tLS0gPEJSPuW9k+aWueaMh+WumuWuheaApeS+v+OBp+OBmeOBruOBp+mFjemAgealreiAheOBr+mBuOaKnuOBp+OBjeOBvuOBm+OCk+OAgiA8QlI+5pmC6ZaT5oyH5a6a44Gv5a++5b+c44GE44Gf44GX44Gm44GK44KK44G+44Gb44KT44CCPEJSPueZuumAgemAo+e1oeOBq+iomOi8ieOBruWVj+OBhOWQiOOCj+OBm+eVquWPt+OBp+OBlOiHqui6q+OBp+OBlOeiuuiqjemgguOBkeOBvuOBmeOAgjxCUj7pm6Lls7bjga/nmbrpgIHjgYzkuIDml6XpgYXjgozjgb7jgZnjgIIgPEJSPi0tLS0tLS0tLS0tLS0tLS0tLS0tLS0tLS0tLS0tLS0tLS0tLS0tLS08QlI+4piF5ZWG5ZOB5Luj5byV4piF44CA44CAPEJSPuWuheaApeS+v+mAgeaWmSvliKXpgJTmiYvmlbDmlpnvvJPvvJfvvJDlhoYgPEJSPi0tLS0tLS0tLS0tLS0tLS0tLS0tLS0tLS0tLS0tLS0tLS0tLS0tLS0gPEJSPjEy5pmC5Y2K44G+44Gn44Gr44GU5YWl6YeR44GM56K66KqN5Ye65p2l44Gf44GU5rOo5paH44CBPEJSPuOBvuOBn+OBr+WVhuWTgeS7o+W8leOBruOBlOazqOaWh+OBr+WNs+aXpeeZuumAgeOBleOBm+OBpumgguOBjeOBvuOBmeOAgjxCUj7lrprkvJHml6XjgIDkvJrnpL7mpoLopoHoqJjovIkv6Ieo5pmC5LyR5qWt44Gu44GU5qGI5YaF44Gv5b2T5bqX44Oa44O844K45YaF44Gr5o6y6LyJ44GX44G+44GZ44CCPC9GT05UPjwvVEQ+PC9UUj48L1RBQkxFPjwvVEQ+PC9UUj48L1RBQkxFPjxCUj48VEFCTEUgV0lEVEg9NjAwIENFTExTUEFDSU5HPTEgQk9SREVSPTAgQ0VMTFBBRERJTkc9MSBCR0NPTE9SPSNDQ0NDQ0M+PFRSPjxURCBCR0NPTE9SPSNGRjdGNTA+PFRBQkxFIFdJRFRIPTEwMCUgQ0VMTFNQQUNJTkc9MiBCT1JERVI9MCBDRUxMUEFERElORz01PjxUUj48VEQgQUxJR049bGVmdCBCR0NPTE9SPSNGRjdGNTA+PEZPTlQgQ09MT1I9IzMzMzMzMyBTSVpFPTM+PEI+4piF4piF5pSv5omV5pa55rOV4piFPC9CPjwvRk9OVD48L1REPjwvVFI+PC9UQUJMRT48VEFCTEUgV0lEVEg9MTAwJSBDRUxMU1BBQ0lORz0yIEJPUkRFUj0wIENFTExQQURESU5HPTA+PFRSPjxURCBIRUlHSFQ9MiBCR0NPTE9SPSNDQ0JCQUE+PC9URD48L1RSPjwvVEFCTEU+PFRBQkxFIFdJRFRIPTEwMCUgQ0VMTFNQQUNJTkc9MiBCT1JERVI9MCBDRUxMUEFERElORz01PjxUUj48VEQgQUxJR049bGVmdCBCR0NPTE9SPSNGRkY4RUU+PEZPTlQgQ09MT1I9IzMzMzMzMyBTSVpFPTM+4peP5qW95aSp6YqA6KGM44CA5oyv6L68PEJSPuKXj+WVhuWTgeS7o+W8lTxCUj7il4/jgq/jg6zjgrjjg4Pjg4jjgqvjg7zjg4nmsbrmuIg8QlI+4peP44Kz44Oz44OT44OL5rG65riI77yI5YmN5omV44GE77yJPEJSPuKXj+alveWkqUVkeeaxuua4iDxCUj7il49hdeOBi+OCk+OBn+OCk+axuua4iDxCUj48L0ZPTlQ+PC9URD48L1RSPjwvVEFCTEU+PC9URD48L1RSPjwvVEFCTEU+PEJSPjxpbWcgc3JjPWh0dHA6Ly9pbWFnZS5yYWt1dGVuLmNvLmpwL2F1Yy1hdXRvbWF4L2NhYmluZXQvMDM0MDY2MzgvaW1ncmMwMDY4MTc2OTI0LmdpZiB3aWR0aD02MDA+PEJSPjxCUj48SU1HIFNSQz1odHRwOi8vaW1hZ2UucmFrdXRlbi5jby5qcC9hdWMtYXV0b21heC9jYWJpbmV0LzAzNTYxOTI1L2ltZzYzMTkzNzgzLmdpZiBXSURUSD02MDA+PC9DRU5URVI+PEJSPjxCUj48Q0VOVEVSPjxJTUcgV0lEVEg9NTIwIFNSQz1odHRwOi8vaW1hZ2UucmFrdXRlbi5jby5qcC9hdWMtYXV0b21heC9jYWJpbmV0LzAyNTY1NzE3L2ltZzY0NzUzMTExLmdpZj48QlI+PElNRyBXSURUSD01MjAgU1JDPWh0dHA6Ly9pbWFnZS5yYWt1dGVuLmNvLmpwL2F1Yy1hdXRvbWF4L2NhYmluZXQvMDI1NjU3MTcvaW1nNjQ3NTc5ODcuZ2lmPjxCUj48L0NFTlRFUj48L0NFTlRFUj48L1RBQkxFPjwvQ0VOVEVSPjxjZW50ZXI+Cjxicj4KPGltZyBTUkM9aHR0cDovL2ltYWdlLnJha3V0ZW4uY28uanAvYXVjLWF1dG9tYXgvY2FiaW5ldC9pbWdyYzAwNjczODIyNzYuZ2lmIHdpZHRoPTY3MCBoZWlnaHQ9NDAwPjxCUj4KPGJyPgo8aW1nIFNSQz1odHRwOi8vaW1hZ2UucmFrdXRlbi5jby5qcC9hdWMtYXV0b21heC9jYWJpbmV0L2ltZzYwMzMzMDA0LmdpZiB3aWR0aD02NzAgaGVpZ2h0PTEyMD48QlI+Cjxicj4KCjxicj48L2NlbnRlcj4=,44CQ6YCB5paZ54Sh5paZ44CR44GC44GZ5qW9IOWvvuW/nCDjg5Xjg63jg7Pjg4ggKHMpIOODnuOCuOOCp+OCueOCvyBTMTgg44Kr44OD44OI5riI44G/IOOCq+ODvOODleOCo+ODq+ODoCDou4rnqK7liKUg44K544Oi44O844KvIOOCu+ODg+ODiCDou4rnqK7lsILnlKgg44Km44Kk44Oz44OJ44KmIOeqk+OCrOODqeOCuSDmiJDlvaIg44OV44Kk44Or44OgVVbjgqvjg4Pjg4gg44OP44O844OJ44Kz44O844OIIERJWSDmlr3lt6Ug5pa55rOVIOiyvOOCiuaWuSAz56iu6aGe44Gu6YCP6YGO546H6YCa6LKpIOWkp+mYquOAkFJDUOOAke+8mkFVVE9NQVggaXp1bWk=,44Kr44OD44OG44Kj44Oz44Kw44K344O844OI44Oi44OL44K/44O844K544K/44Oz44OJ44Ki44Or44Kr44Oz44K/44O844Op6Kq/44K544Ko44O844OJ55Sf5Zyw44K344O844OI5rGO55So44OR44O844OE6Ieq5YuV6LuK44Ki44Kv44K744K144Oq44O844Oh44OD44Kt44Oi44O844Or6YCB5paZ54Sh5paZ44K544OG44OD44Kr44O844Kr44O855So5ZOB44OQ44Kk44Kv55So5ZOB44OJ44Os44K544Ki44OD44OX44Op44Kw44K444Ol44Ki44Oq44O85YaF6KOF5aSW6KOF44Kr44OD44OI5riI44G/44Kr44O844OV44Kj44Or44Og5aSn6Ziq6YCa6LKp5r+A5a6J5qC85a6J5pa95bel44CQ6YCB5paZ54Sh5paZ44CR44GC44GZ5qW9IOWvvuW/nCDjg5Xjg63jg7Pjg4ggKHMpIOODnuOCuOOCp+OCueOCvyBTMTgg44Kr44OD44OI5riI44G/IOOCq+ODvOODleOCo+ODq+ODoCDou4rnqK7liKUg44K544Oi44O844KvIOOCu+ODg+ODiCDou4rnqK7lsILnlKgg44Km44Kk44Oz44OJ44KmIOeqk+OCrOODqeOCuSDmiJDlvaIg44OV44Kk44Or44OgVVbjgqvjg4Pjg4gg44OP44O844OJ44Kz44O844OIIERJWSDmlr3lt6Ug5pa55rOVIOiyvOOCiuaWuSAz56iu6aGe44Gu6YCP6YGO546H6YCa6LKpIOWkp+mYquOAkFJDUOOAkQ==,6YCB5paZ54Sh5paZ77yI5YyX5rW36YGTL+aylue4hOmZpOOBj++8ieS7o+W8leOBjeOBruWgtOWQiOOAgeWIpemAlOaJi+aVsOaWmTM3MOWGhuOAguOAkOmAgeaWmeeEoeaWmeOAkeOBguOBmealvSDlr77lv5wg44OV44Ot44Oz44OIIChzKSDjg57jgrjjgqfjgrnjgr8gUzE4IOOCq+ODg+ODiOa4iOOBvyDjgqvjg7zjg5XjgqPjg6vjg6Ag6LuK56iu5YilIOOCueODouODvOOCryDjgrvjg4Pjg4gg6LuK56iu5bCC55SoIOOCpuOCpOODs+ODieOCpiDnqpPjgqzjg6njgrkg5oiQ5b2iIOODleOCpOODq+ODoFVW44Kr44OD44OIIOODj+ODvOODieOCs+ODvOODiCBESVkg5pa95belIOaWueazlSDosrzjgormlrkgM+eorumhnuOBrumAj+mBjueOh+mAmuiyqSDlpKfpmKrjgJBSQ1DjgJE=[rn]
12-37278,aHR0cDovL3RzaG9wLnIxMHMuanAvYXVjLWF1dG9tYXgvY2FiaW5ldC8wMjU2NTcxNy9pbWc2NDIyMTM3NC5qcGc/Zml0aW49NzAwOjcwMA==,MTk5Ni4wMDAw,,6LuK55So5ZOB44O744OQ44Kk44Kv55So5ZOBID4g44Kr44O855So5ZOBID4g5YaF6KOF44OR44O844OEID4g44OV44Kj44Or44Og77yI44K544Oi44O844Kv77yJID4g44OI44Oo44K/55So,44CQ6YCB5paZ54Sh5paZ44CR44GC44GZ5qW9IOWvvuW/nCDjg6rjgqIgKHMpIOODnuOCuOOCp+OCueOCvyA0RCDjg4/jg7zjg4njg4jjg4Pjg5cgUzE0IOOCq+ODg+ODiOa4iOOBvyDjgqvjg7zjg5XjgqPjg6vjg6Ag6LuK56iu5YilIOOCueODouODvOOCryDjgrvjg4Pjg4gg6LuK56iu5bCC55SoIOOCpuOCpOODs+ODieOCpiDnqpPjgqzjg6njgrkg5oiQ5b2iIOODleOCpOODq+ODoFVW44Kr44OD44OIIOODj+ODvOODieOCs+ODvOODiCBESVkg5pa95belIOaWueazlSDosrzjgormlrkgM+eorumhnuOBrumAj+mBjueOh+mAmuiyqSDlpKfpmKrjgJBSQ1DjgJE=,,PENFTlRFUj48aW1nIHNyYz1odHRwOi8vaW1hZ2UucmFrdXRlbi5jby5qcC9hdWMtYXV0b21heC9jYWJpbmV0LzAzNDA2NjM4L2ltZ3JjMDA2ODE3NjkyMS5naWYgd2lkdGg9NjAwPjwvY2VudGVyPjxCUj48Q0VOVEVSPjxCUj48Rk9OVCBTSVpFPTUgQ09MT1I9I2ZmMDAwMD7lvZPlupfjga7jgqvjg4Pjg4jmuIjjgb/jgqvjg7zjg5XjgqPjg6vjg6Djga88L0ZPTlQ+PEJSPjxGT05UIFNJWkU9NSBDT0xPUj0jZmYwMDAwPjxCPk1BREXjgIBJTuOAgEpBUEFO44CAPC9CPjwvRk9OVD48QlI+PEZPTlQgU0laRT01IENPTE9SPSNmZjAwMDA+77yI57Sr5aSW57eaVVbjgIA5Oe+8heOCq+ODg+ODiO+8ieOBp+OBmeOAgjwvRk9OVD48QlI+PFRSPiA8VEQgSEVJR0hUPTY+PC9URD4gPFREIEhFSUdIVD02PjwvVEQ+IDxURCBIRUlHSFQ9Nj48L1REPiA8L1RSPjxCUj48Q0VOVEVSPjxGT05UIENPTE9SPSNDQ0JCQUEgU0laRT00PjxCPjwvQj48L0ZPTlQ+PEJSPjxCUj48VEFCTEUgV0lEVEg9NjAwIENFTExTUEFDSU5HPTEgQk9SREVSPTAgQ0VMTFBBRERJTkc9MSBCR0NPTE9SPSNDQ0NDQ0M+PFRSPjxURCBCR0NPTE9SPSNGRjdGNTA+PFRBQkxFIFdJRFRIPTEwMCUgQ0VMTFNQQUNJTkc9MiBCT1JERVI9MCBDRUxMUEFERElORz01PjxUUj48VEQgQUxJR049bGVmdCBCR0NPTE9SPSNGRjdGNTA+PEZPTlQgQ09MT1I9IzMzMzMzMyBTSVpFPTM+PEI+4piF4piF5ZWG5ZOB6Kqs5piO4piF4piFPC9CPjwvRk9OVD48L1REPjwvVFI+PC9UQUJMRT48VEFCTEUgV0lEVEg9MTAwJSBDRUxMU1BBQ0lORz0yIEJPUkRFUj0wIENFTExQQURESU5HPTA+PFRSPjxURCBIRUlHSFQ9MiBCR0NPTE9SPSNDQ0JCQUE+PC9URD48L1RSPjwvVEFCTEU+PFRBQkxFIFdJRFRIPTEwMCUgQ0VMTFNQQUNJTkc9MiBCT1JERVI9MCBDRUxMUEFERElORz01PjxUUj48VEQgQUxJR049bGVmdCBCR0NPTE9SPSNGRkY4RUU+PEZPTlQgQ09MT1I9IzMzMzMzMyBTSVpFPTM+PEJSPuS+oeagvOOCkui2iuOBiOOBn+WTgeizquOCkuaPkOS+m+OBhOOBn+OBl+OBpuOBiuOCiuOBvuOBmeOBruOBp+OBlOWuieW/g+OBj+OBoOOBleOBhOOAgjxCUj7lvZPmlrnjga7jg5XjgqPjg6vjg6Djga9JU08gOTAwMeWPluW+l+W3peWgtOOBq+OBpuijvemAoOOBleOCjOOAgTxCUj7kuJbnlYznmoTjgavmlaznp7DjgZXjgozjgovjgIBVS0FT44CM6Iux5Zu96KqN6Ki85qmf6Zai6KqN5a6a5a+p6K2w5Lya44CNPEJSPuOBruiqjeiovOOCguWPluW+l+OBl+OBpuOBiuOCiuOBvuOBmeOAguOAgOOAgFJlZy5OTyAwNTkuQTxCUj48QlI+4piF4piF4piF4piF4piF6YGp5ZCI6LuK56iu4piF4piF4piF4piF4piFPEJSPjxCUj4KIOODoeODvOOCq+ODvO+8muODiOODqOOCvyA8QlI+6LuK5ZCN77ya44Oe44K444Kn44K544K/44CA77yU44OJ44Ki44OP44O844OJ44OI44OD44OXIDxCUj7ou4rovIzlnovlvI/vvJpVWlMvSlpTMTQx44O7MTQz44O7MTQ144O7MTQ344O7MTQ5IDxCUj7lubTlvI/vvJrlubPmiJAzLjEw772eNy44CjxCUj48QlI+4piF4piF4piF4piF4piF44K744OD44OI5YaF5a654piF4piF4piF4piF4piFPEJSPjxCUj7jgr/jgqTjg4jjg6vjga7jgoLjga7jgajjgarjgorjgb7jgZnjgII8QlI+44OV44Ot44Oz44OI44Gu5aC05ZCIPemBi+i7ouW4rS/liqnmiYvluK3jgJDkuInop5LnqpPjgYzjgYLjgovjgoLjga7jga/lkKvjgb7jgozjgb7jgZnjgJE8QlI+44Oq44KiU0VU44Gu5aC05ZCIPeODleODreODs+ODiOOAkOmBi+i7ouW4rS/liqnmiYvluK3jgJHjgojjgorlvozjgo3lhajjgabjga5TRVTjgafjgZk8QlI+55S75YOP44Gv44Kk44Oh44O844K444Gn44GZ44Gu44Gn44CA6LuK56iu44Gr44KI44KK55Ww44Gq44KK44G+44GZ44CCPEJSPuOBlOizvOWFpeaZguOAgTPoibLjga7kuK3jgYvjgonjgYrpgbjjgbPjgY/jgaDjgZXjgYTjgII8QlI+44O744KC44Gj44Go44KC5r+D44GE44K544Oi44O844KvPeOCueODvOODkeODvOODluODqeODg+OCr++8le+8hTxCUj7jg7vmv4PjgYTjgrnjg6Ljg7zjgq8944OA44O844Kv44K544Oi44O844Kv77yR77yV77yFPEJSPuODu+e0lOato+WQjOanmOOBruOCueODouODvOOCrz3jg5fjg6njgqTjg5Djgrfjg7zjgrnjg6Ljg7zjgq/vvJLvvJbvvIU8QlI+44GU5rOo5paH5b6M44Gu6Imy44Gu5aSJ5pu044Gv5Ye65p2l44GL44Gt44G+44GZ44CCPEJSPjxCUj48QlI+44O7IOeUu+WDj+OBr+OCpOODoeODvOOCuOOBp+OBmeOAgjxCUj7jg7sg44OV44Kj44Or44Og44Gv44Kt44K644Gu44Gk44GN44Gr44GP44GEPEJSPuODj+ODvOODieOCs+ODvOODiOODleOCo+ODq+ODoOOCkuS9v+eUqOOBl+OBpuOBiuOCiuOBvuOBmeOAgjxCUj48QlI+PEZPTlQgU0laRT01PuKYheKYheKYheazqOaEj+S6i+mghS/lhY3osqzkuovpoIXimIXimIXimIU8L0ZPTlQ+PEJSPuODu+alreWLmeeUqOOBrueCuuWklueuseODu+iqrOaYjuabuOetieS7mOWxnuiHtOOBl+OBvuOBm+OCk+OAgjxCUj7jg7vpoJjlj47mm7jjga7nmbrooYzjga/jgafjgY3jgb7jgZvjgpPjga7jgafjgZTkuobmib/kuIvjgZXjgYTjgII8QlI+44O75L2/55So5rOV562J44Gr6Zai44GZ44KL44K144Od44O844OI44Gv5LiA5YiH5Ye65p2l44G+44Gb44KT44CCPEJSPumBqeWQiOOBi+WQpuOBi+OBq+OBpOOBjeOBvuOBl+OBpuOBr+WVhuWTgeiqrOaYjuOBq+iomOi8ieOBl+OBpuOBiuOCiuOBvuOBmTxCUj7pganlkIjou4rnqK7jg7vlnovlvI/jg7vlubTlvI/jgavjgabjgYrlrqLmp5jjgZToh6rouqvjgafjgZTliKTmlq3jgYrpoZjjgYToh7TjgZfjgb7jgZnjgII8QlI+PEJSPjxCUj48Rk9OVCBTSVpFPTU+44CQ44GU6LO85YWl5YmN44Gr5b+F44Ga44Kv44Oq44OD44Kv44CRPC9GT05UPjxCUj7jgZTos7zlhaXpoILjgYTjgZ/mmYLngrnjgafjgIHkuIroqJjjgpLjgq/jg6rjg4Pjgq/jgZc8QlI+44GU56K66KqN44O744GU5LqG5om/6aCC44GE44Gf5LiK44Gn44Gu44GU6LO85YWl44Go5Yik5pat44GXPEJSPuOBiuWPluW8leOBleOBm+OBpumgguOBjeOBvuOBmeOAgjxCUj7jgZTos7zlhaXlvozjga7jgq3jg6Pjg7Pjgrvjg6vjga/jgYrmlq3jgorjgZfjgabjgYrjgorjgb7jgZnjgII8QlI+PEJSPjxCUj48Rk9OVCBTSVpFPTU+44CQ5pat54ax44OV44Kj44Or44Og44G444Gu5aSJ5pu044Kq44OX44K344On44Oz44CRPC9GT05UPjxCUj7mlq3nhrHjgr/jgqTjg5fjga7jg5XjgqPjg6vjg6DjgpLjgZTluIzmnJvjga7loLTlkIjjgIHkuIroqJjjg6rjg7Pjgq/jgpLjgq/jg6rjg4Pjgq/jgZc8QlI+44GU5biM5pyb44Gu6LuK56iu5Yil44Kr44OD44OI5riI44G/44Kr44O844OV44Kj44Or44Og44Go5LiA57eS44Gr44CB44GU6LO85YWl5omL57aa44GN44GK6aGY44GE44GX44G+44GZ44CCPEJSPjxCUj48QlI+PEZPTlQgU0laRT01PuOAkOODn+ODqeODvOODleOCo+ODq+ODoOOBp+OBruOCq+ODg+ODiCDjgqrjg5fjgrfjg6fjg7PjgJE8L0ZPTlQ+PEJSPuODn+ODqeODvOODleOCo+ODq+ODoOOBp+OBruijveS9nOOCkuOBlOW4jOacm+OBruWgtOWQiOOAgeS4iuiomOODquODs+OCr+OCkuOCr+ODquODg+OCr+OBlzxCUj7jgZTluIzmnJvjga7ou4rnqK7liKXjgqvjg4Pjg4jmuIjjgb/jgqvjg7zjg5XjgqPjg6vjg6DjgajkuIDnt5LjgavjgIHjgZTos7zlhaXmiYvntprjgY3jgYrpoZjjgYTjgZfjgb7jgZnjgIIKPC9GT05UPjwvVEQ+PC9UUj48L1RBQkxFPjwvVEQ+PC9UUj48L1RBQkxFPjxCUj48QlI+PEJSPjxUQUJMRSBXSURUSD02MDAgQ0VMTFNQQUNJTkc9MSBCT1JERVI9MCBDRUxMUEFERElORz0xIEJHQ09MT1I9I0NDQ0NDQz48VFI+PFREIEJHQ09MT1I9I0ZGN0Y1MD48VEFCTEUgV0lEVEg9MTAwJSBDRUxMU1BBQ0lORz0yIEJPUkRFUj0wIENFTExQQURESU5HPTU+PFRSPjxURCBBTElHTj1sZWZ0IEJHQ09MT1I9I0ZGN0Y1MD48Rk9OVCBDT0xPUj0jMzMzMzMzIFNJWkU9Mz48Qj7imIXimIXnmbrpgIHmlrnms5Uv6YCB5paZ4piF4piFPC9CPjwvRk9OVD48L1REPjwvVFI+PC9UQUJMRT48VEFCTEUgV0lEVEg9MTAwJSBDRUxMU1BBQ0lORz0yIEJPUkRFUj0wIENFTExQQURESU5HPTA+PFRSPjxURCBIRUlHSFQ9MiBCR0NPTE9SPSNDQ0JCQUE+PC9URD48L1RSPjwvVEFCTEU+PFRBQkxFIFdJRFRIPTEwMCUgQ0VMTFNQQUNJTkc9MiBCT1JERVI9MCBDRUxMUEFERElORz01PjxUUj48VEQgQUxJR049bGVmdCBCR0NPTE9SPSNGRkY4RUU+PEZPTlQgQ09MT1I9IzMzMzMzMyBTSVpFPTM+PEJSPuWVhuWTgeWQjeOBq+OAkOmAgeaWmeeEoeaWmeOAkeOBruiomOi8ieOBjOOBguOCi+WgtOWQiOOBr+OAgemAgeaWmeeEoeaWmeOBp+OBmeOAgjxCUj48QlI+PEZPTlQgU0laRT01PuOAkOWFqOWbvemAgeaWmeihqOOAkTwvRk9OVD7jgpLjgZTnorroqo3kuIvjgZXjgYTjgb7jgZvjgII8QlI+PEJSPuikh+aVsOOBruWVhuWTgeOCkuWQjOaiseWPr+iDveOBp+OBmeOAgjxCUj7igLvlkIzmorHjgpLjgZTluIzmnJvjga7loLTlkIjjgIHlv4XjgZrlkIzjgZjjgYrosrfjgYTnianjgqvjgrTvvIjjgqvjg7zjg4jvvInjgafjgZTms6jmlofkuIvjgZXjgYTjgII8QlI+5rOo5oSP77ya44Kr44O844OV44Kj44Or44Og44Gu6KSH5pWw5ZCM5qKx44Gu5aC05ZCI5LiA44Gk44Gu562S44Gr44G+44Go44KB44Gm5qKx5YyF6Ie044GX44G+44GZ44CCPEJSPuS6iOOCgeOBlOS6huaJv+S4i+OBleOBhOOBvuOBm+OAgjxCUj48QlI+4oC75Yil44CF44Gu44GK6LK344GE54mp44Kr44K044Gn5rOo5paH44GV44KM44Gf5aC05ZCI44Gv5Yil44CF44Gu562S44Gr5qKx5YyF44GX55m66YCB6Ie044GX44G+44GZ44CCPEJSPuOBneOBrueCuuOAgemAgeaWmeODu+S7o+W8leOBjeaJi+aVsOaWmeOBr+eZuumAgeWAi+aVsOWIhuiri+axguOBleOBm+OBpumgguOBjeOBvuOBmeOAgjxCUj48QlI+4oC75Yil44CF44Gu44GK6LK344GE54mp44Kr44K044Gn5rOo5paH44GX44CB6YCB5paZ77yR5YCL5Y+j5YiG44Gn44Gu44GK5pSv5omV44GEPEJSPuOBleOCjOOBn+WgtOWQiOOBr+WQjOaiseW4jOacm+OBqOWIpOaWreOBl+eZuumAgeiHtOOBl+OBvuOBmeOAgjxCUj48QlI+4piF55m66YCB44Gr6Zai44GZ44KL5rOo5oSP5LqL6aCF4piFPEJSPi0tLS0tLS0tLS0tLS0tLS0tLS0tLS0tLS0tLS0tLS0tLS0tLS0tLS0gPEJSPuW9k+aWueaMh+WumuWuheaApeS+v+OBp+OBmeOBruOBp+mFjemAgealreiAheOBr+mBuOaKnuOBp+OBjeOBvuOBm+OCk+OAgiA8QlI+5pmC6ZaT5oyH5a6a44Gv5a++5b+c44GE44Gf44GX44Gm44GK44KK44G+44Gb44KT44CCPEJSPueZuumAgemAo+e1oeOBq+iomOi8ieOBruWVj+OBhOWQiOOCj+OBm+eVquWPt+OBp+OBlOiHqui6q+OBp+OBlOeiuuiqjemgguOBkeOBvuOBmeOAgjxCUj7pm6Lls7bjga/nmbrpgIHjgYzkuIDml6XpgYXjgozjgb7jgZnjgIIgPEJSPi0tLS0tLS0tLS0tLS0tLS0tLS0tLS0tLS0tLS0tLS0tLS0tLS0tLS08QlI+4piF5ZWG5ZOB5Luj5byV4piF44CA44CAPEJSPuWuheaApeS+v+mAgeaWmSvliKXpgJTmiYvmlbDmlpnvvJPvvJfvvJDlhoYgPEJSPi0tLS0tLS0tLS0tLS0tLS0tLS0tLS0tLS0tLS0tLS0tLS0tLS0tLS0gPEJSPjEy5pmC5Y2K44G+44Gn44Gr44GU5YWl6YeR44GM56K66KqN5Ye65p2l44Gf44GU5rOo5paH44CBPEJSPuOBvuOBn+OBr+WVhuWTgeS7o+W8leOBruOBlOazqOaWh+OBr+WNs+aXpeeZuumAgeOBleOBm+OBpumgguOBjeOBvuOBmeOAgjxCUj7lrprkvJHml6XjgIDkvJrnpL7mpoLopoHoqJjovIkv6Ieo5pmC5LyR5qWt44Gu44GU5qGI5YaF44Gv5b2T5bqX44Oa44O844K45YaF44Gr5o6y6LyJ44GX44G+44GZ44CCPC9GT05UPjwvVEQ+PC9UUj48L1RBQkxFPjwvVEQ+PC9UUj48L1RBQkxFPjxCUj48VEFCTEUgV0lEVEg9NjAwIENFTExTUEFDSU5HPTEgQk9SREVSPTAgQ0VMTFBBRERJTkc9MSBCR0NPTE9SPSNDQ0NDQ0M+PFRSPjxURCBCR0NPTE9SPSNGRjdGNTA+PFRBQkxFIFdJRFRIPTEwMCUgQ0VMTFNQQUNJTkc9MiBCT1JERVI9MCBDRUxMUEFERElORz01PjxUUj48VEQgQUxJR049bGVmdCBCR0NPTE9SPSNGRjdGNTA+PEZPTlQgQ09MT1I9IzMzMzMzMyBTSVpFPTM+PEI+4piF4piF5pSv5omV5pa55rOV4piFPC9CPjwvRk9OVD48L1REPjwvVFI+PC9UQUJMRT48VEFCTEUgV0lEVEg9MTAwJSBDRUxMU1BBQ0lORz0yIEJPUkRFUj0wIENFTExQQURESU5HPTA+PFRSPjxURCBIRUlHSFQ9MiBCR0NPTE9SPSNDQ0JCQUE+PC9URD48L1RSPjwvVEFCTEU+PFRBQkxFIFdJRFRIPTEwMCUgQ0VMTFNQQUNJTkc9MiBCT1JERVI9MCBDRUxMUEFERElORz01PjxUUj48VEQgQUxJR049bGVmdCBCR0NPTE9SPSNGRkY4RUU+PEZPTlQgQ09MT1I9IzMzMzMzMyBTSVpFPTM+4peP5qW95aSp6YqA6KGM44CA5oyv6L68PEJSPuKXj+WVhuWTgeS7o+W8lTxCUj7il4/jgq/jg6zjgrjjg4Pjg4jjgqvjg7zjg4nmsbrmuIg8QlI+4peP44Kz44Oz44OT44OL5rG65riI77yI5YmN5omV44GE77yJPEJSPuKXj+alveWkqUVkeeaxuua4iDxCUj7il49hdeOBi+OCk+OBn+OCk+axuua4iDxCUj48L0ZPTlQ+PC9URD48L1RSPjwvVEFCTEU+PC9URD48L1RSPjwvVEFCTEU+PEJSPjxpbWcgc3JjPWh0dHA6Ly9pbWFnZS5yYWt1dGVuLmNvLmpwL2F1Yy1hdXRvbWF4L2NhYmluZXQvMDM0MDY2MzgvaW1ncmMwMDY4MTc2OTI0LmdpZiB3aWR0aD02MDA+PEJSPjxCUj48SU1HIFNSQz1odHRwOi8vaW1hZ2UucmFrdXRlbi5jby5qcC9hdWMtYXV0b21heC9jYWJpbmV0LzAzNTYxOTI1L2ltZzYzMTkzNzgzLmdpZiBXSURUSD02MDA+PC9DRU5URVI+PEJSPjxCUj48Q0VOVEVSPjxJTUcgV0lEVEg9NTIwIFNSQz1odHRwOi8vaW1hZ2UucmFrdXRlbi5jby5qcC9hdWMtYXV0b21heC9jYWJpbmV0LzAyNTY1NzE3L2ltZzY0NzUzMTExLmdpZj48QlI+PElNRyBXSURUSD01MjAgU1JDPWh0dHA6Ly9pbWFnZS5yYWt1dGVuLmNvLmpwL2F1Yy1hdXRvbWF4L2NhYmluZXQvMDI1NjU3MTcvaW1nNjQ3NTc5ODcuZ2lmPjxCUj48L0NFTlRFUj48L0NFTlRFUj48L1RBQkxFPjwvQ0VOVEVSPjxjZW50ZXI+Cjxicj4KPGltZyBTUkM9aHR0cDovL2ltYWdlLnJha3V0ZW4uY28uanAvYXVjLWF1dG9tYXgvY2FiaW5ldC9pbWdyYzAwNjczODIyNzYuZ2lmIHdpZHRoPTY3MCBoZWlnaHQ9NDAwPjxCUj4KPGJyPgo8aW1nIFNSQz1odHRwOi8vaW1hZ2UucmFrdXRlbi5jby5qcC9hdWMtYXV0b21heC9jYWJpbmV0L2ltZzYwMzMzMDA0LmdpZiB3aWR0aD02NzAgaGVpZ2h0PTEyMD48QlI+Cjxicj4KCjxicj48L2NlbnRlcj4=,44CQ6YCB5paZ54Sh5paZ44CR44GC44GZ5qW9IOWvvuW/nCDjg6rjgqIgKHMpIOODnuOCuOOCp+OCueOCvyA0RCDjg4/jg7zjg4njg4jjg4Pjg5cgUzE0IOOCq+ODg+ODiOa4iOOBvyDjgqvjg7zjg5XjgqPjg6vjg6Ag6LuK56iu5YilIOOCueODouODvOOCryDjgrvjg4Pjg4gg6LuK56iu5bCC55SoIOOCpuOCpOODs+ODieOCpiDnqpPjgqzjg6njgrkg5oiQ5b2iIOODleOCpOODq+ODoFVW44Kr44OD44OIIOODj+ODvOODieOCs+ODvOODiCBESVkg5pa95belIOaWueazlSDosrzjgormlrkgM+eorumhnuOBrumAj+mBjueOh+mAmuiyqSDlpKfpmKrjgJBSQ1DjgJHvvJpBVVRPTUFYIGl6dW1p,44Kr44OD44OG44Kj44Oz44Kw44K344O844OI44Oi44OL44K/44O844K544K/44Oz44OJ44Ki44Or44Kr44Oz44K/44O844Op6Kq/44K544Ko44O844OJ55Sf5Zyw44K344O844OI5rGO55So44OR44O844OE6Ieq5YuV6LuK44Ki44Kv44K744K144Oq44O844Oh44OD44Kt44Oi44O844Or6YCB5paZ54Sh5paZ44K544OG44OD44Kr44O844Kr44O855So5ZOB44OQ44Kk44Kv55So5ZOB44OJ44Os44K544Ki44OD44OX44Op44Kw44K444Ol44Ki44Oq44O85YaF6KOF5aSW6KOF44Kr44OD44OI5riI44G/44Kr44O844OV44Kj44Or44Og5aSn6Ziq6YCa6LKp5r+A5a6J5qC85a6J5pa95bel44CQ6YCB5paZ54Sh5paZ44CR44GC44GZ5qW9IOWvvuW/nCDjg6rjgqIgKHMpIOODnuOCuOOCp+OCueOCvyA0RCDjg4/jg7zjg4njg4jjg4Pjg5cgUzE0IOOCq+ODg+ODiOa4iOOBvyDjgqvjg7zjg5XjgqPjg6vjg6Ag6LuK56iu5YilIOOCueODouODvOOCryDjgrvjg4Pjg4gg6LuK56iu5bCC55SoIOOCpuOCpOODs+ODieOCpiDnqpPjgqzjg6njgrkg5oiQ5b2iIOODleOCpOODq+ODoFVW44Kr44OD44OIIOODj+ODvOODieOCs+ODvOODiCBESVkg5pa95belIOaWueazlSDosrzjgormlrkgM+eorumhnuOBrumAj+mBjueOh+mAmuiyqSDlpKfpmKrjgJBSQ1DjgJE=,6YCB5paZ54Sh5paZ77yI5YyX5rW36YGTL+aylue4hOmZpOOBj++8ieS7o+W8leOBjeOBruWgtOWQiOOAgeWIpemAlOaJi+aVsOaWmTM3MOWGhuOAguOAkOmAgeaWmeeEoeaWmeOAkeOBguOBmealvSDlr77lv5wg44Oq44KiIChzKSDjg57jgrjjgqfjgrnjgr8gNEQg44OP44O844OJ44OI44OD44OXIFMxNCDjgqvjg4Pjg4jmuIjjgb8g44Kr44O844OV44Kj44Or44OgIOi7iueoruWIpSDjgrnjg6Ljg7zjgq8g44K744OD44OIIOi7iueoruWwgueUqCDjgqbjgqTjg7Pjg4njgqYg56qT44Ks44Op44K5IOaIkOW9oiDjg5XjgqTjg6vjg6BVVuOCq+ODg+ODiCDjg4/jg7zjg4njgrPjg7zjg4ggRElZIOaWveW3pSDmlrnms5Ug6LK844KK5pa5IDPnqK7poZ7jga7pgI/pgY7njofpgJrosqkg5aSn6Ziq44CQUkNQ44CR[rn]
12-37279,aHR0cDovL3RzaG9wLnIxMHMuanAvYXVjLWF1dG9tYXgvY2FiaW5ldC8wMjU2NTcxNy9pbWc2NDIyMTM3My5qcGc/Zml0aW49NzAwOjcwMA==,MTQ2MC4wMDAw,,6LuK55So5ZOB44O744OQ44Kk44Kv55So5ZOBID4g44Kr44O855So5ZOBID4g5YaF6KOF44OR44O844OEID4g44OV44Kj44Or44Og77yI44K544Oi44O844Kv77yJID4g44OI44Oo44K/55So,44CQ6YCB5paZ54Sh5paZ44CR44GC44GZ5qW9IOWvvuW/nCDjg5Xjg63jg7Pjg4ggKHMpIOOCueODl+ODquODs+OCv+ODvOODiOODrOODjiDjgq/jg7zjg5ogRTgg44Kr44OD44OI5riI44G/IOOCq+ODvOODleOCo+ODq+ODoCDou4rnqK7liKUg44K544Oi44O844KvIOOCu+ODg+ODiCDou4rnqK7lsILnlKgg44Km44Kk44Oz44OJ44KmIOeqk+OCrOODqeOCuSDmiJDlvaIg44OV44Kk44Or44OgVVbjgqvjg4Pjg4gg44OP44O844OJ44Kz44O844OIIERJWSDmlr3lt6Ug5pa55rOVIOiyvOOCiuaWuSAz56iu6aGe44Gu6YCP6YGO546H6YCa6LKpIOWkp+mYquOAkFJDUOOAkQ==,,PENFTlRFUj48aW1nIHNyYz1odHRwOi8vaW1hZ2UucmFrdXRlbi5jby5qcC9hdWMtYXV0b21heC9jYWJpbmV0LzAzNDA2NjM4L2ltZ3JjMDA2ODE3NjkyMS5naWYgd2lkdGg9NjAwPjwvY2VudGVyPjxCUj48Q0VOVEVSPjxCUj48Rk9OVCBTSVpFPTUgQ09MT1I9I2ZmMDAwMD7lvZPlupfjga7jgqvjg4Pjg4jmuIjjgb/jgqvjg7zjg5XjgqPjg6vjg6Djga88L0ZPTlQ+PEJSPjxGT05UIFNJWkU9NSBDT0xPUj0jZmYwMDAwPjxCPk1BREXjgIBJTuOAgEpBUEFO44CAPC9CPjwvRk9OVD48QlI+PEZPTlQgU0laRT01IENPTE9SPSNmZjAwMDA+77yI57Sr5aSW57eaVVbjgIA5Oe+8heOCq+ODg+ODiO+8ieOBp+OBmeOAgjwvRk9OVD48QlI+PFRSPiA8VEQgSEVJR0hUPTY+PC9URD4gPFREIEhFSUdIVD02PjwvVEQ+IDxURCBIRUlHSFQ9Nj48L1REPiA8L1RSPjxCUj48Q0VOVEVSPjxGT05UIENPTE9SPSNDQ0JCQUEgU0laRT00PjxCPjwvQj48L0ZPTlQ+PEJSPjxCUj48VEFCTEUgV0lEVEg9NjAwIENFTExTUEFDSU5HPTEgQk9SREVSPTAgQ0VMTFBBRERJTkc9MSBCR0NPTE9SPSNDQ0NDQ0M+PFRSPjxURCBCR0NPTE9SPSNGRjdGNTA+PFRBQkxFIFdJRFRIPTEwMCUgQ0VMTFNQQUNJTkc9MiBCT1JERVI9MCBDRUxMUEFERElORz01PjxUUj48VEQgQUxJR049bGVmdCBCR0NPTE9SPSNGRjdGNTA+PEZPTlQgQ09MT1I9IzMzMzMzMyBTSVpFPTM+PEI+4piF4piF5ZWG5ZOB6Kqs5piO4piF4piFPC9CPjwvRk9OVD48L1REPjwvVFI+PC9UQUJMRT48VEFCTEUgV0lEVEg9MTAwJSBDRUxMU1BBQ0lORz0yIEJPUkRFUj0wIENFTExQQURESU5HPTA+PFRSPjxURCBIRUlHSFQ9MiBCR0NPTE9SPSNDQ0JCQUE+PC9URD48L1RSPjwvVEFCTEU+PFRBQkxFIFdJRFRIPTEwMCUgQ0VMTFNQQUNJTkc9MiBCT1JERVI9MCBDRUxMUEFERElORz01PjxUUj48VEQgQUxJR049bGVmdCBCR0NPTE9SPSNGRkY4RUU+PEZPTlQgQ09MT1I9IzMzMzMzMyBTSVpFPTM+PEJSPuS+oeagvOOCkui2iuOBiOOBn+WTgeizquOCkuaPkOS+m+OBhOOBn+OBl+OBpuOBiuOCiuOBvuOBmeOBruOBp+OBlOWuieW/g+OBj+OBoOOBleOBhOOAgjxCUj7lvZPmlrnjga7jg5XjgqPjg6vjg6Djga9JU08gOTAwMeWPluW+l+W3peWgtOOBq+OBpuijvemAoOOBleOCjOOAgTxCUj7kuJbnlYznmoTjgavmlaznp7DjgZXjgozjgovjgIBVS0FT44CM6Iux5Zu96KqN6Ki85qmf6Zai6KqN5a6a5a+p6K2w5Lya44CNPEJSPuOBruiqjeiovOOCguWPluW+l+OBl+OBpuOBiuOCiuOBvuOBmeOAguOAgOOAgFJlZy5OTyAwNTkuQTxCUj48QlI+4piF4piF4piF4piF4piF6YGp5ZCI6LuK56iu4piF4piF4piF4piF4piFPEJSPui7iui8jOWei+W8j++8mkFFODXjg7s4NiDlubTlvI/vvJrmmK3lkow1OC41772eNjIuNDxCUj48QlI+4piF4piF4piF4piF4piF44K744OD44OI5YaF5a654piF4piF4piF4piF4piFPEJSPjxCUj7jgr/jgqTjg4jjg6vjga7jgoLjga7jgajjgarjgorjgb7jgZnjgII8QlI+44OV44Ot44Oz44OI44Gu5aC05ZCIPemBi+i7ouW4rS/liqnmiYvluK3jgJDkuInop5LnqpPjgYzjgYLjgovjgoLjga7jga/lkKvjgb7jgozjgb7jgZnjgJE8QlI+44Oq44KiU0VU44Gu5aC05ZCIPeODleODreODs+ODiOOAkOmBi+i7ouW4rS/liqnmiYvluK3jgJHjgojjgorlvozjgo3lhajjgabjga5TRVTjgafjgZk8QlI+55S75YOP44Gv44Kk44Oh44O844K444Gn44GZ44Gu44Gn44CA6LuK56iu44Gr44KI44KK55Ww44Gq44KK44G+44GZ44CCPEJSPuOBlOizvOWFpeaZguOAgTPoibLjga7kuK3jgYvjgonjgYrpgbjjgbPjgY/jgaDjgZXjgYTjgII8QlI+44O744KC44Gj44Go44KC5r+D44GE44K544Oi44O844KvPeOCueODvOODkeODvOODluODqeODg+OCr++8le+8hTxCUj7jg7vmv4PjgYTjgrnjg6Ljg7zjgq8944OA44O844Kv44K544Oi44O844Kv77yR77yV77yFPEJSPuODu+e0lOato+WQjOanmOOBruOCueODouODvOOCrz3jg5fjg6njgqTjg5Djgrfjg7zjgrnjg6Ljg7zjgq/vvJLvvJbvvIU8QlI+44GU5rOo5paH5b6M44Gu6Imy44Gu5aSJ5pu044Gv5Ye65p2l44GL44Gt44G+44GZ44CCPEJSPjxCUj48QlI+44O7IOeUu+WDj+OBr+OCpOODoeODvOOCuOOBp+OBmeOAgjxCUj7jg7sg44OV44Kj44Or44Og44Gv44Kt44K644Gu44Gk44GN44Gr44GP44GEPEJSPuODj+ODvOODieOCs+ODvOODiOODleOCo+ODq+ODoOOCkuS9v+eUqOOBl+OBpuOBiuOCiuOBvuOBmeOAgjxCUj48QlI+PEZPTlQgU0laRT01PuKYheKYheKYheazqOaEj+S6i+mghS/lhY3osqzkuovpoIXimIXimIXimIU8L0ZPTlQ+PEJSPuODu+alreWLmeeUqOOBrueCuuWklueuseODu+iqrOaYjuabuOetieS7mOWxnuiHtOOBl+OBvuOBm+OCk+OAgjxCUj7jg7vpoJjlj47mm7jjga7nmbrooYzjga/jgafjgY3jgb7jgZvjgpPjga7jgafjgZTkuobmib/kuIvjgZXjgYTjgII8QlI+44O75L2/55So5rOV562J44Gr6Zai44GZ44KL44K144Od44O844OI44Gv5LiA5YiH5Ye65p2l44G+44Gb44KT44CCPEJSPumBqeWQiOOBi+WQpuOBi+OBq+OBpOOBjeOBvuOBl+OBpuOBr+WVhuWTgeiqrOaYjuOBq+iomOi8ieOBl+OBpuOBiuOCiuOBvuOBmTxCUj7pganlkIjou4rnqK7jg7vlnovlvI/jg7vlubTlvI/jgavjgabjgYrlrqLmp5jjgZToh6rouqvjgafjgZTliKTmlq3jgYrpoZjjgYToh7TjgZfjgb7jgZnjgII8QlI+PEJSPjxCUj48Rk9OVCBTSVpFPTU+44CQ44GU6LO85YWl5YmN44Gr5b+F44Ga44Kv44Oq44OD44Kv44CRPC9GT05UPjxCUj7jgZTos7zlhaXpoILjgYTjgZ/mmYLngrnjgafjgIHkuIroqJjjgpLjgq/jg6rjg4Pjgq/jgZc8QlI+44GU56K66KqN44O744GU5LqG5om/6aCC44GE44Gf5LiK44Gn44Gu44GU6LO85YWl44Go5Yik5pat44GXPEJSPuOBiuWPluW8leOBleOBm+OBpumgguOBjeOBvuOBmeOAgjxCUj7jgZTos7zlhaXlvozjga7jgq3jg6Pjg7Pjgrvjg6vjga/jgYrmlq3jgorjgZfjgabjgYrjgorjgb7jgZnjgII8QlI+PEJSPjxCUj48Rk9OVCBTSVpFPTU+44CQ5pat54ax44OV44Kj44Or44Og44G444Gu5aSJ5pu044Kq44OX44K344On44Oz44CRPC9GT05UPjxCUj7mlq3nhrHjgr/jgqTjg5fjga7jg5XjgqPjg6vjg6DjgpLjgZTluIzmnJvjga7loLTlkIjjgIHkuIroqJjjg6rjg7Pjgq/jgpLjgq/jg6rjg4Pjgq/jgZc8QlI+44GU5biM5pyb44Gu6LuK56iu5Yil44Kr44OD44OI5riI44G/44Kr44O844OV44Kj44Or44Og44Go5LiA57eS44Gr44CB44GU6LO85YWl5omL57aa44GN44GK6aGY44GE44GX44G+44GZ44CCPEJSPjxCUj48QlI+PEZPTlQgU0laRT01PuOAkOODn+ODqeODvOODleOCo+ODq+ODoOOBp+OBruOCq+ODg+ODiCDjgqrjg5fjgrfjg6fjg7PjgJE8L0ZPTlQ+PEJSPuODn+ODqeODvOODleOCo+ODq+ODoOOBp+OBruijveS9nOOCkuOBlOW4jOacm+OBruWgtOWQiOOAgeS4iuiomOODquODs+OCr+OCkuOCr+ODquODg+OCr+OBlzxCUj7jgZTluIzmnJvjga7ou4rnqK7liKXjgqvjg4Pjg4jmuIjjgb/jgqvjg7zjg5XjgqPjg6vjg6DjgajkuIDnt5LjgavjgIHjgZTos7zlhaXmiYvntprjgY3jgYrpoZjjgYTjgZfjgb7jgZnjgIIKPC9GT05UPjwvVEQ+PC9UUj48L1RBQkxFPjwvVEQ+PC9UUj48L1RBQkxFPjxCUj48QlI+PEJSPjxUQUJMRSBXSURUSD02MDAgQ0VMTFNQQUNJTkc9MSBCT1JERVI9MCBDRUxMUEFERElORz0xIEJHQ09MT1I9I0NDQ0NDQz48VFI+PFREIEJHQ09MT1I9I0ZGN0Y1MD48VEFCTEUgV0lEVEg9MTAwJSBDRUxMU1BBQ0lORz0yIEJPUkRFUj0wIENFTExQQURESU5HPTU+PFRSPjxURCBBTElHTj1sZWZ0IEJHQ09MT1I9I0ZGN0Y1MD48Rk9OVCBDT0xPUj0jMzMzMzMzIFNJWkU9Mz48Qj7imIXimIXnmbrpgIHmlrnms5Uv6YCB5paZ4piF4piFPC9CPjwvRk9OVD48L1REPjwvVFI+PC9UQUJMRT48VEFCTEUgV0lEVEg9MTAwJSBDRUxMU1BBQ0lORz0yIEJPUkRFUj0wIENFTExQQURESU5HPTA+PFRSPjxURCBIRUlHSFQ9MiBCR0NPTE9SPSNDQ0JCQUE+PC9URD48L1RSPjwvVEFCTEU+PFRBQkxFIFdJRFRIPTEwMCUgQ0VMTFNQQUNJTkc9MiBCT1JERVI9MCBDRUxMUEFERElORz01PjxUUj48VEQgQUxJR049bGVmdCBCR0NPTE9SPSNGRkY4RUU+PEZPTlQgQ09MT1I9IzMzMzMzMyBTSVpFPTM+PEJSPuWVhuWTgeWQjeOBq+OAkOmAgeaWmeeEoeaWmeOAkeOBruiomOi8ieOBjOOBguOCi+WgtOWQiOOBr+OAgemAgeaWmeeEoeaWmeOBp+OBmeOAgjxCUj48QlI+PEZPTlQgU0laRT01PuOAkOWFqOWbvemAgeaWmeihqOOAkTwvRk9OVD7jgpLjgZTnorroqo3kuIvjgZXjgYTjgb7jgZvjgII8QlI+PEJSPuikh+aVsOOBruWVhuWTgeOCkuWQjOaiseWPr+iDveOBp+OBmeOAgjxCUj7igLvlkIzmorHjgpLjgZTluIzmnJvjga7loLTlkIjjgIHlv4XjgZrlkIzjgZjjgYrosrfjgYTnianjgqvjgrTvvIjjgqvjg7zjg4jvvInjgafjgZTms6jmlofkuIvjgZXjgYTjgII8QlI+5rOo5oSP77ya44Kr44O844OV44Kj44Or44Og44Gu6KSH5pWw5ZCM5qKx44Gu5aC05ZCI5LiA44Gk44Gu562S44Gr44G+44Go44KB44Gm5qKx5YyF6Ie044GX44G+44GZ44CCPEJSPuS6iOOCgeOBlOS6huaJv+S4i+OBleOBhOOBvuOBm+OAgjxCUj48QlI+4oC75Yil44CF44Gu44GK6LK344GE54mp44Kr44K044Gn5rOo5paH44GV44KM44Gf5aC05ZCI44Gv5Yil44CF44Gu562S44Gr5qKx5YyF44GX55m66YCB6Ie044GX44G+44GZ44CCPEJSPuOBneOBrueCuuOAgemAgeaWmeODu+S7o+W8leOBjeaJi+aVsOaWmeOBr+eZuumAgeWAi+aVsOWIhuiri+axguOBleOBm+OBpumgguOBjeOBvuOBmeOAgjxCUj48QlI+4oC75Yil44CF44Gu44GK6LK344GE54mp44Kr44K044Gn5rOo5paH44GX44CB6YCB5paZ77yR5YCL5Y+j5YiG44Gn44Gu44GK5pSv5omV44GEPEJSPuOBleOCjOOBn+WgtOWQiOOBr+WQjOaiseW4jOacm+OBqOWIpOaWreOBl+eZuumAgeiHtOOBl+OBvuOBmeOAgjxCUj48QlI+4piF55m66YCB44Gr6Zai44GZ44KL5rOo5oSP5LqL6aCF4piFPEJSPi0tLS0tLS0tLS0tLS0tLS0tLS0tLS0tLS0tLS0tLS0tLS0tLS0tLS0gPEJSPuW9k+aWueaMh+WumuWuheaApeS+v+OBp+OBmeOBruOBp+mFjemAgealreiAheOBr+mBuOaKnuOBp+OBjeOBvuOBm+OCk+OAgiA8QlI+5pmC6ZaT5oyH5a6a44Gv5a++5b+c44GE44Gf44GX44Gm44GK44KK44G+44Gb44KT44CCPEJSPueZuumAgemAo+e1oeOBq+iomOi8ieOBruWVj+OBhOWQiOOCj+OBm+eVquWPt+OBp+OBlOiHqui6q+OBp+OBlOeiuuiqjemgguOBkeOBvuOBmeOAgjxCUj7pm6Lls7bjga/nmbrpgIHjgYzkuIDml6XpgYXjgozjgb7jgZnjgIIgPEJSPi0tLS0tLS0tLS0tLS0tLS0tLS0tLS0tLS0tLS0tLS0tLS0tLS0tLS08QlI+4piF5ZWG5ZOB5Luj5byV4piF44CA44CAPEJSPuWuheaApeS+v+mAgeaWmSvliKXpgJTmiYvmlbDmlpnvvJPvvJfvvJDlhoYgPEJSPi0tLS0tLS0tLS0tLS0tLS0tLS0tLS0tLS0tLS0tLS0tLS0tLS0tLS0gPEJSPjEy5pmC5Y2K44G+44Gn44Gr44GU5YWl6YeR44GM56K66KqN5Ye65p2l44Gf44GU5rOo5paH44CBPEJSPuOBvuOBn+OBr+WVhuWTgeS7o+W8leOBruOBlOazqOaWh+OBr+WNs+aXpeeZuumAgeOBleOBm+OBpumgguOBjeOBvuOBmeOAgjxCUj7lrprkvJHml6XjgIDkvJrnpL7mpoLopoHoqJjovIkv6Ieo5pmC5LyR5qWt44Gu44GU5qGI5YaF44Gv5b2T5bqX44Oa44O844K45YaF44Gr5o6y6LyJ44GX44G+44GZ44CCPC9GT05UPjwvVEQ+PC9UUj48L1RBQkxFPjwvVEQ+PC9UUj48L1RBQkxFPjxCUj48VEFCTEUgV0lEVEg9NjAwIENFTExTUEFDSU5HPTEgQk9SREVSPTAgQ0VMTFBBRERJTkc9MSBCR0NPTE9SPSNDQ0NDQ0M+PFRSPjxURCBCR0NPTE9SPSNGRjdGNTA+PFRBQkxFIFdJRFRIPTEwMCUgQ0VMTFNQQUNJTkc9MiBCT1JERVI9MCBDRUxMUEFERElORz01PjxUUj48VEQgQUxJR049bGVmdCBCR0NPTE9SPSNGRjdGNTA+PEZPTlQgQ09MT1I9IzMzMzMzMyBTSVpFPTM+PEI+4piF4piF5pSv5omV5pa55rOV4piFPC9CPjwvRk9OVD48L1REPjwvVFI+PC9UQUJMRT48VEFCTEUgV0lEVEg9MTAwJSBDRUxMU1BBQ0lORz0yIEJPUkRFUj0wIENFTExQQURESU5HPTA+PFRSPjxURCBIRUlHSFQ9MiBCR0NPTE9SPSNDQ0JCQUE+PC9URD48L1RSPjwvVEFCTEU+PFRBQkxFIFdJRFRIPTEwMCUgQ0VMTFNQQUNJTkc9MiBCT1JERVI9MCBDRUxMUEFERElORz01PjxUUj48VEQgQUxJR049bGVmdCBCR0NPTE9SPSNGRkY4RUU+PEZPTlQgQ09MT1I9IzMzMzMzMyBTSVpFPTM+4peP5qW95aSp6YqA6KGM44CA5oyv6L68PEJSPuKXj+WVhuWTgeS7o+W8lTxCUj7il4/jgq/jg6zjgrjjg4Pjg4jjgqvjg7zjg4nmsbrmuIg8QlI+4peP44Kz44Oz44OT44OL5rG65riI77yI5YmN5omV44GE77yJPEJSPuKXj+alveWkqUVkeeaxuua4iDxCUj7il49hdeOBi+OCk+OBn+OCk+axuua4iDxCUj48L0ZPTlQ+PC9URD48L1RSPjwvVEFCTEU+PC9URD48L1RSPjwvVEFCTEU+PEJSPjxpbWcgc3JjPWh0dHA6Ly9pbWFnZS5yYWt1dGVuLmNvLmpwL2F1Yy1hdXRvbWF4L2NhYmluZXQvMDM0MDY2MzgvaW1ncmMwMDY4MTc2OTI0LmdpZiB3aWR0aD02MDA+PEJSPjxCUj48SU1HIFNSQz1odHRwOi8vaW1hZ2UucmFrdXRlbi5jby5qcC9hdWMtYXV0b21heC9jYWJpbmV0LzAzNTYxOTI1L2ltZzYzMTkzNzgzLmdpZiBXSURUSD02MDA+PC9DRU5URVI+PEJSPjxCUj48Q0VOVEVSPjxJTUcgV0lEVEg9NTIwIFNSQz1odHRwOi8vaW1hZ2UucmFrdXRlbi5jby5qcC9hdWMtYXV0b21heC9jYWJpbmV0LzAyNTY1NzE3L2ltZzY0NzUzMTExLmdpZj48QlI+PElNRyBXSURUSD01MjAgU1JDPWh0dHA6Ly9pbWFnZS5yYWt1dGVuLmNvLmpwL2F1Yy1hdXRvbWF4L2NhYmluZXQvMDI1NjU3MTcvaW1nNjQ3NTc5ODcuZ2lmPjxCUj48L0NFTlRFUj48L0NFTlRFUj48L1RBQkxFPjwvQ0VOVEVSPjxjZW50ZXI+Cjxicj4KPGltZyBTUkM9aHR0cDovL2ltYWdlLnJha3V0ZW4uY28uanAvYXVjLWF1dG9tYXgvY2FiaW5ldC9pbWdyYzAwNjczODIyNzYuZ2lmIHdpZHRoPTY3MCBoZWlnaHQ9NDAwPjxCUj4KPGJyPgo8aW1nIFNSQz1odHRwOi8vaW1hZ2UucmFrdXRlbi5jby5qcC9hdWMtYXV0b21heC9jYWJpbmV0L2ltZzYwMzMzMDA0LmdpZiB3aWR0aD02NzAgaGVpZ2h0PTEyMD48QlI+Cjxicj4KCjxicj48L2NlbnRlcj4=,44CQ6YCB5paZ54Sh5paZ44CR44GC44GZ5qW9IOWvvuW/nCDjg5Xjg63jg7Pjg4ggKHMpIOOCueODl+ODquODs+OCv+ODvOODiOODrOODjiDjgq/jg7zjg5ogRTgg44Kr44OD44OI5riI44G/IOOCq+ODvOODleOCo+ODq+ODoCDou4rnqK7liKUg44K544Oi44O844KvIOOCu+ODg+ODiCDou4rnqK7lsILnlKgg44Km44Kk44Oz44OJ44KmIOeqk+OCrOODqeOCuSDmiJDlvaIg44OV44Kk44Or44OgVVbjgqvjg4Pjg4gg44OP44O844OJ44Kz44O844OIIERJWSDmlr3lt6Ug5pa55rOVIOiyvOOCiuaWuSAz56iu6aGe44Gu6YCP6YGO546H6YCa6LKpIOWkp+mYquOAkFJDUOOAke+8mkFVVE9NQVggaXp1bWk=,44Kr44OD44OG44Kj44Oz44Kw44K344O844OI44Oi44OL44K/44O844K544K/44Oz44OJ44Ki44Or44Kr44Oz44K/44O844Op6Kq/44K544Ko44O844OJ55Sf5Zyw44K344O844OI5rGO55So44OR44O844OE6Ieq5YuV6LuK44Ki44Kv44K744K144Oq44O844Oh44OD44Kt44Oi44O844Or6YCB5paZ54Sh5paZ44K544OG44OD44Kr44O844Kr44O855So5ZOB44OQ44Kk44Kv55So5ZOB44OJ44Os44K544Ki44OD44OX44Op44Kw44K444Ol44Ki44Oq44O85YaF6KOF5aSW6KOF44Kr44OD44OI5riI44G/44Kr44O844OV44Kj44Or44Og5aSn6Ziq6YCa6LKp5r+A5a6J5qC85a6J5pa95bel44CQ6YCB5paZ54Sh5paZ44CR44GC44GZ5qW9IOWvvuW/nCDjg5Xjg63jg7Pjg4ggKHMpIOOCueODl+ODquODs+OCv+ODvOODiOODrOODjiDjgq/jg7zjg5ogRTgg44Kr44OD44OI5riI44G/IOOCq+ODvOODleOCo+ODq+ODoCDou4rnqK7liKUg44K544Oi44O844KvIOOCu+ODg+ODiCDou4rnqK7lsILnlKgg44Km44Kk44Oz44OJ44KmIOeqk+OCrOODqeOCuSDmiJDlvaIg44OV44Kk44Or44OgVVbjgqvjg4Pjg4gg44OP44O844OJ44Kz44O844OIIERJWSDmlr3lt6Ug5pa55rOVIOiyvOOCiuaWuSAz56iu6aGe44Gu6YCP6YGO546H6YCa6LKpIOWkp+mYquOAkFJDUOOAkQ==,6YCB5paZ54Sh5paZ77yI5YyX5rW36YGTL+aylue4hOmZpOOBj++8ieS7o+W8leOBjeOBruWgtOWQiOOAgeWIpemAlOaJi+aVsOaWmTM3MOWGhuOAguOAkOmAgeaWmeeEoeaWmeOAkeOBguOBmealvSDlr77lv5wg44OV44Ot44Oz44OIIChzKSDjgrnjg5fjg6rjg7Pjgr/jg7zjg4jjg6zjg44g44Kv44O844OaIEU4IOOCq+ODg+ODiOa4iOOBvyDjgqvjg7zjg5XjgqPjg6vjg6Ag6LuK56iu5YilIOOCueODouODvOOCryDjgrvjg4Pjg4gg6LuK56iu5bCC55SoIOOCpuOCpOODs+ODieOCpiDnqpPjgqzjg6njgrkg5oiQ5b2iIOODleOCpOODq+ODoFVW44Kr44OD44OIIOODj+ODvOODieOCs+ODvOODiCBESVkg5pa95belIOaWueazlSDosrzjgormlrkgM+eorumhnuOBrumAj+mBjueOh+mAmuiyqSDlpKfpmKrjgJBSQ1DjgJE=[rn]
12-37280,aHR0cDovL3RzaG9wLnIxMHMuanAvYXVjLWF1dG9tYXgvY2FiaW5ldC8wMjU2NTcxNy9pbWc2NDIyMTM3MS5qcGc/Zml0aW49NzAwOjcwMA==,OTYwLjAwMDA=,,6LuK55So5ZOB44O744OQ44Kk44Kv55So5ZOBID4g44Kr44O855So5ZOBID4g5YaF6KOF44OR44O844OEID4g44OV44Kj44Or44Og77yI44K544Oi44O844Kv77yJID4g44OI44Oo44K/55So,44GC44GZ5qW9IOWvvuW/nCDjg5Xjg63jg7Pjg4gg44K544OX44Oq44Oz44K/44O8IDREIOOCu+ODgOODsyBFOSDjgqvjg4Pjg4jmuIjjgb8g44Kr44O844OV44Kj44Or44OgIOi7iueoruWIpSDjgrnjg6Ljg7zjgq8g44K744OD44OIIOi7iueoruWwgueUqCDjgqbjgqTjg7Pjg4njgqYg56qT44Ks44Op44K5IOaIkOW9oiDjg5XjgqTjg6vjg6BVVuOCq+ODg+ODiCDjg4/jg7zjg4njgrPjg7zjg4ggRElZIOaWveW3pSDmlrnms5Ug6LK844KK5pa5IDPnqK7poZ7jga7pgI/pgY7njofpgJrosqkg5aSn6ZiqIOOAkOWVhuWTgeS4gOimp+OAkQ==,,PENFTlRFUj48aW1nIHNyYz1odHRwOi8vaW1hZ2UucmFrdXRlbi5jby5qcC9hdWMtYXV0b21heC9jYWJpbmV0LzAzNDA2NjM4L2ltZ3JjMDA2ODE3NjkyMS5naWYgd2lkdGg9NjAwPjwvY2VudGVyPjxCUj48Q0VOVEVSPjxCUj48Rk9OVCBTSVpFPTUgQ09MT1I9I2ZmMDAwMD7lvZPlupfjga7jgqvjg4Pjg4jmuIjjgb/jgqvjg7zjg5XjgqPjg6vjg6Djga88L0ZPTlQ+PEJSPjxGT05UIFNJWkU9NSBDT0xPUj0jZmYwMDAwPjxCPk1BREXjgIBJTuOAgEpBUEFO44CAPC9CPjwvRk9OVD48QlI+PEZPTlQgU0laRT01IENPTE9SPSNmZjAwMDA+77yI57Sr5aSW57eaVVbjgIA5Oe+8heOCq+ODg+ODiO+8ieOBp+OBmeOAgjwvRk9OVD48QlI+PFRSPiA8VEQgSEVJR0hUPTY+PC9URD4gPFREIEhFSUdIVD02PjwvVEQ+IDxURCBIRUlHSFQ9Nj48L1REPiA8L1RSPjxCUj48Q0VOVEVSPjxGT05UIENPTE9SPSNDQ0JCQUEgU0laRT00PjxCPjwvQj48L0ZPTlQ+PEJSPjxCUj48VEFCTEUgV0lEVEg9NjAwIENFTExTUEFDSU5HPTEgQk9SREVSPTAgQ0VMTFBBRERJTkc9MSBCR0NPTE9SPSNDQ0NDQ0M+PFRSPjxURCBCR0NPTE9SPSNGRjdGNTA+PFRBQkxFIFdJRFRIPTEwMCUgQ0VMTFNQQUNJTkc9MiBCT1JERVI9MCBDRUxMUEFERElORz01PjxUUj48VEQgQUxJR049bGVmdCBCR0NPTE9SPSNGRjdGNTA+PEZPTlQgQ09MT1I9IzMzMzMzMyBTSVpFPTM+PEI+4piF4piF5ZWG5ZOB6Kqs5piO4piF4piFPC9CPjwvRk9OVD48L1REPjwvVFI+PC9UQUJMRT48VEFCTEUgV0lEVEg9MTAwJSBDRUxMU1BBQ0lORz0yIEJPUkRFUj0wIENFTExQQURESU5HPTA+PFRSPjxURCBIRUlHSFQ9MiBCR0NPTE9SPSNDQ0JCQUE+PC9URD48L1RSPjwvVEFCTEU+PFRBQkxFIFdJRFRIPTEwMCUgQ0VMTFNQQUNJTkc9MiBCT1JERVI9MCBDRUxMUEFERElORz01PjxUUj48VEQgQUxJR049bGVmdCBCR0NPTE9SPSNGRkY4RUU+PEZPTlQgQ09MT1I9IzMzMzMzMyBTSVpFPTM+PEJSPuS+oeagvOOCkui2iuOBiOOBn+WTgeizquOCkuaPkOS+m+OBhOOBn+OBl+OBpuOBiuOCiuOBvuOBmeOBruOBp+OBlOWuieW/g+OBj+OBoOOBleOBhOOAgjxCUj7lvZPmlrnjga7jg5XjgqPjg6vjg6Djga9JU08gOTAwMeWPluW+l+W3peWgtOOBq+OBpuijvemAoOOBleOCjOOAgTxCUj7kuJbnlYznmoTjgavmlaznp7DjgZXjgozjgovjgIBVS0FT44CM6Iux5Zu96KqN6Ki85qmf6Zai6KqN5a6a5a+p6K2w5Lya44CNPEJSPuOBruiqjeiovOOCguWPluW+l+OBl+OBpuOBiuOCiuOBvuOBmeOAguOAgOOAgFJlZy5OTyAwNTkuQTxCUj48QlI+4piF4piF4piF4piF4piF6YGp5ZCI6LuK56iu4piF4piF4piF4piF4piFPEJSPgog44Oh44O844Kr44O877ya44OI44Oo44K/IDxCUj7ou4rlkI3vvJrjgrnjg5fjg6rjg7Pjgr/jg7zjgIDvvJTjg4njgqLjgrvjg4Djg7MgPEJSPui7iui8jOWei+W8j++8mkVFOTAvQUU5MeODuzky44O7OTUvQ0U5MOODuzk1IDxCUj7lubTlvI/vvJrmmK3lkow2Mi41772e5bmz5oiQMy42IAo8QlI+PEJSPuKYheKYheKYheKYheKYheOCu+ODg+ODiOWGheWuueKYheKYheKYheKYheKYhTxCUj48QlI+44K/44Kk44OI44Or44Gu44KC44Gu44Go44Gq44KK44G+44GZ44CCPEJSPuODleODreODs+ODiOOBruWgtOWQiD3pgYvou6LluK0v5Yqp5omL5bit44CQ5LiJ6KeS56qT44GM44GC44KL44KC44Gu44Gv5ZCr44G+44KM44G+44GZ44CRPEJSPuODquOColNFVOOBruWgtOWQiD3jg5Xjg63jg7Pjg4jjgJDpgYvou6LluK0v5Yqp5omL5bit44CR44KI44KK5b6M44KN5YWo44Gm44GuU0VU44Gn44GZPEJSPueUu+WDj+OBr+OCpOODoeODvOOCuOOBp+OBmeOBruOBp+OAgOi7iueoruOBq+OCiOOCiueVsOOBquOCiuOBvuOBmeOAgjxCUj7jgZTos7zlhaXmmYLjgIEz6Imy44Gu5Lit44GL44KJ44GK6YG444Gz44GP44Gg44GV44GE44CCPEJSPuODu+OCguOBo+OBqOOCgua/g+OBhOOCueODouODvOOCrz3jgrnjg7zjg5Hjg7zjg5bjg6njg4Pjgq/vvJXvvIU8QlI+44O75r+D44GE44K544Oi44O844KvPeODgOODvOOCr+OCueODouODvOOCr++8ke+8le+8hTxCUj7jg7vntJTmraPlkIzmp5jjga7jgrnjg6Ljg7zjgq8944OX44Op44Kk44OQ44K344O844K544Oi44O844Kv77yS77yW77yFPEJSPuOBlOazqOaWh+W+jOOBruiJsuOBruWkieabtOOBr+WHuuadpeOBi+OBreOBvuOBmeOAgjxCUj48QlI+PEJSPuODuyDnlLvlg4/jga/jgqTjg6Hjg7zjgrjjgafjgZnjgII8QlI+44O7IOODleOCo+ODq+ODoOOBr+OCreOCuuOBruOBpOOBjeOBq+OBj+OBhDxCUj7jg4/jg7zjg4njgrPjg7zjg4jjg5XjgqPjg6vjg6DjgpLkvb/nlKjjgZfjgabjgYrjgorjgb7jgZnjgII8QlI+PEJSPjxGT05UIFNJWkU9NT7imIXimIXimIXms6jmhI/kuovpoIUv5YWN6LKs5LqL6aCF4piF4piF4piFPC9GT05UPjxCUj7jg7vmpa3li5nnlKjjga7ngrrlpJbnrrHjg7voqqzmmI7mm7jnrYnku5jlsZ7oh7TjgZfjgb7jgZvjgpPjgII8QlI+44O76aCY5Y+O5pu444Gu55m66KGM44Gv44Gn44GN44G+44Gb44KT44Gu44Gn44GU5LqG5om/5LiL44GV44GE44CCPEJSPuODu+S9v+eUqOazleetieOBq+mWouOBmeOCi+OCteODneODvOODiOOBr+S4gOWIh+WHuuadpeOBvuOBm+OCk+OAgjxCUj7pganlkIjjgYvlkKbjgYvjgavjgaTjgY3jgb7jgZfjgabjga/llYblk4HoqqzmmI7jgavoqJjovInjgZfjgabjgYrjgorjgb7jgZk8QlI+6YGp5ZCI6LuK56iu44O75Z6L5byP44O75bm05byP44Gr44Gm44GK5a6i5qeY44GU6Ieq6Lqr44Gn44GU5Yik5pat44GK6aGY44GE6Ie044GX44G+44GZ44CCPEJSPjxCUj48QlI+PEZPTlQgU0laRT01PuOAkOOBlOizvOWFpeWJjeOBq+W/heOBmuOCr+ODquODg+OCr+OAkTwvRk9OVD48QlI+44GU6LO85YWl6aCC44GE44Gf5pmC54K544Gn44CB5LiK6KiY44KS44Kv44Oq44OD44Kv44GXPEJSPuOBlOeiuuiqjeODu+OBlOS6huaJv+mgguOBhOOBn+S4iuOBp+OBruOBlOizvOWFpeOBqOWIpOaWreOBlzxCUj7jgYrlj5blvJXjgZXjgZvjgabpoILjgY3jgb7jgZnjgII8QlI+44GU6LO85YWl5b6M44Gu44Kt44Oj44Oz44K744Or44Gv44GK5pat44KK44GX44Gm44GK44KK44G+44GZ44CCPEJSPjxCUj48QlI+PEZPTlQgU0laRT01PuOAkOaWreeGseODleOCo+ODq+ODoOOBuOOBruWkieabtOOCquODl+OCt+ODp+ODs+OAkTwvRk9OVD48QlI+5pat54ax44K/44Kk44OX44Gu44OV44Kj44Or44Og44KS44GU5biM5pyb44Gu5aC05ZCI44CB5LiK6KiY44Oq44Oz44Kv44KS44Kv44Oq44OD44Kv44GXPEJSPuOBlOW4jOacm+OBrui7iueoruWIpeOCq+ODg+ODiOa4iOOBv+OCq+ODvOODleOCo+ODq+ODoOOBqOS4gOe3kuOBq+OAgeOBlOizvOWFpeaJi+e2muOBjeOBiumhmOOBhOOBl+OBvuOBmeOAgjxCUj48QlI+PEJSPjxGT05UIFNJWkU9NT7jgJDjg5/jg6njg7zjg5XjgqPjg6vjg6Djgafjga7jgqvjg4Pjg4gg44Kq44OX44K344On44Oz44CRPC9GT05UPjxCUj7jg5/jg6njg7zjg5XjgqPjg6vjg6Djgafjga7oo73kvZzjgpLjgZTluIzmnJvjga7loLTlkIjjgIHkuIroqJjjg6rjg7Pjgq/jgpLjgq/jg6rjg4Pjgq/jgZc8QlI+44GU5biM5pyb44Gu6LuK56iu5Yil44Kr44OD44OI5riI44G/44Kr44O844OV44Kj44Or44Og44Go5LiA57eS44Gr44CB44GU6LO85YWl5omL57aa44GN44GK6aGY44GE44GX44G+44GZ44CCCjwvRk9OVD48L1REPjwvVFI+PC9UQUJMRT48L1REPjwvVFI+PC9UQUJMRT48QlI+PEJSPjxCUj48VEFCTEUgV0lEVEg9NjAwIENFTExTUEFDSU5HPTEgQk9SREVSPTAgQ0VMTFBBRERJTkc9MSBCR0NPTE9SPSNDQ0NDQ0M+PFRSPjxURCBCR0NPTE9SPSNGRjdGNTA+PFRBQkxFIFdJRFRIPTEwMCUgQ0VMTFNQQUNJTkc9MiBCT1JERVI9MCBDRUxMUEFERElORz01PjxUUj48VEQgQUxJR049bGVmdCBCR0NPTE9SPSNGRjdGNTA+PEZPTlQgQ09MT1I9IzMzMzMzMyBTSVpFPTM+PEI+4piF4piF55m66YCB5pa55rOVL+mAgeaWmeKYheKYhTwvQj48L0ZPTlQ+PC9URD48L1RSPjwvVEFCTEU+PFRBQkxFIFdJRFRIPTEwMCUgQ0VMTFNQQUNJTkc9MiBCT1JERVI9MCBDRUxMUEFERElORz0wPjxUUj48VEQgSEVJR0hUPTIgQkdDT0xPUj0jQ0NCQkFBPjwvVEQ+PC9UUj48L1RBQkxFPjxUQUJMRSBXSURUSD0xMDAlIENFTExTUEFDSU5HPTIgQk9SREVSPTAgQ0VMTFBBRERJTkc9NT48VFI+PFREIEFMSUdOPWxlZnQgQkdDT0xPUj0jRkZGOEVFPjxGT05UIENPTE9SPSMzMzMzMzMgU0laRT0zPjxCUj7llYblk4HlkI3jgavjgJDpgIHmlpnnhKHmlpnjgJHjga7oqJjovInjgYzjgYLjgovloLTlkIjjga/jgIHpgIHmlpnnhKHmlpnjgafjgZnjgII8QlI+PEJSPjxGT05UIFNJWkU9NT7jgJDlhajlm73pgIHmlpnooajjgJE8L0ZPTlQ+44KS44GU56K66KqN5LiL44GV44GE44G+44Gb44CCPEJSPjxCUj7opIfmlbDjga7llYblk4HjgpLlkIzmorHlj6/og73jgafjgZnjgII8QlI+4oC75ZCM5qKx44KS44GU5biM5pyb44Gu5aC05ZCI44CB5b+F44Ga5ZCM44GY44GK6LK344GE54mp44Kr44K077yI44Kr44O844OI77yJ44Gn44GU5rOo5paH5LiL44GV44GE44CCPEJSPuazqOaEj++8muOCq+ODvOODleOCo+ODq+ODoOOBruikh+aVsOWQjOaiseOBruWgtOWQiOS4gOOBpOOBruetkuOBq+OBvuOBqOOCgeOBpuaiseWMheiHtOOBl+OBvuOBmeOAgjxCUj7kuojjgoHjgZTkuobmib/kuIvjgZXjgYTjgb7jgZvjgII8QlI+PEJSPuKAu+WIpeOAheOBruOBiuiyt+OBhOeJqeOCq+OCtOOBp+azqOaWh+OBleOCjOOBn+WgtOWQiOOBr+WIpeOAheOBruetkuOBq+aiseWMheOBl+eZuumAgeiHtOOBl+OBvuOBmeOAgjxCUj7jgZ3jga7ngrrjgIHpgIHmlpnjg7vku6PlvJXjgY3miYvmlbDmlpnjga/nmbrpgIHlgIvmlbDliIboq4vmsYLjgZXjgZvjgabpoILjgY3jgb7jgZnjgII8QlI+PEJSPuKAu+WIpeOAheOBruOBiuiyt+OBhOeJqeOCq+OCtOOBp+azqOaWh+OBl+OAgemAgeaWme+8keWAi+WPo+WIhuOBp+OBruOBiuaUr+aJleOBhDxCUj7jgZXjgozjgZ/loLTlkIjjga/lkIzmorHluIzmnJvjgajliKTmlq3jgZfnmbrpgIHoh7TjgZfjgb7jgZnjgII8QlI+PEJSPuKYheeZuumAgeOBq+mWouOBmeOCi+azqOaEj+S6i+mgheKYhTxCUj4tLS0tLS0tLS0tLS0tLS0tLS0tLS0tLS0tLS0tLS0tLS0tLS0tLS0tIDxCUj7lvZPmlrnmjIflrprlroXmgKXkvr/jgafjgZnjga7jgafphY3pgIHmpa3ogIXjga/pgbjmip7jgafjgY3jgb7jgZvjgpPjgIIgPEJSPuaZgumWk+aMh+WumuOBr+WvvuW/nOOBhOOBn+OBl+OBpuOBiuOCiuOBvuOBm+OCk+OAgjxCUj7nmbrpgIHpgKPntaHjgavoqJjovInjga7llY/jgYTlkIjjgo/jgZvnlarlj7fjgafjgZToh6rouqvjgafjgZTnorroqo3poILjgZHjgb7jgZnjgII8QlI+6Zui5bO244Gv55m66YCB44GM5LiA5pel6YGF44KM44G+44GZ44CCIDxCUj4tLS0tLS0tLS0tLS0tLS0tLS0tLS0tLS0tLS0tLS0tLS0tLS0tLS0tPEJSPuKYheWVhuWTgeS7o+W8leKYheOAgOOAgDxCUj7lroXmgKXkvr/pgIHmlpkr5Yil6YCU5omL5pWw5paZ77yT77yX77yQ5YaGIDxCUj4tLS0tLS0tLS0tLS0tLS0tLS0tLS0tLS0tLS0tLS0tLS0tLS0tLS0tIDxCUj4xMuaZguWNiuOBvuOBp+OBq+OBlOWFpemHkeOBjOeiuuiqjeWHuuadpeOBn+OBlOazqOaWh+OAgTxCUj7jgb7jgZ/jga/llYblk4Hku6PlvJXjga7jgZTms6jmlofjga/ljbPml6XnmbrpgIHjgZXjgZvjgabpoILjgY3jgb7jgZnjgII8QlI+5a6a5LyR5pel44CA5Lya56S+5qaC6KaB6KiY6LyJL+iHqOaZguS8kealreOBruOBlOahiOWGheOBr+W9k+W6l+ODmuODvOOCuOWGheOBq+aOsui8ieOBl+OBvuOBmeOAgjwvRk9OVD48L1REPjwvVFI+PC9UQUJMRT48L1REPjwvVFI+PC9UQUJMRT48QlI+PFRBQkxFIFdJRFRIPTYwMCBDRUxMU1BBQ0lORz0xIEJPUkRFUj0wIENFTExQQURESU5HPTEgQkdDT0xPUj0jQ0NDQ0NDPjxUUj48VEQgQkdDT0xPUj0jRkY3RjUwPjxUQUJMRSBXSURUSD0xMDAlIENFTExTUEFDSU5HPTIgQk9SREVSPTAgQ0VMTFBBRERJTkc9NT48VFI+PFREIEFMSUdOPWxlZnQgQkdDT0xPUj0jRkY3RjUwPjxGT05UIENPTE9SPSMzMzMzMzMgU0laRT0zPjxCPuKYheKYheaUr+aJleaWueazleKYhTwvQj48L0ZPTlQ+PC9URD48L1RSPjwvVEFCTEU+PFRBQkxFIFdJRFRIPTEwMCUgQ0VMTFNQQUNJTkc9MiBCT1JERVI9MCBDRUxMUEFERElORz0wPjxUUj48VEQgSEVJR0hUPTIgQkdDT0xPUj0jQ0NCQkFBPjwvVEQ+PC9UUj48L1RBQkxFPjxUQUJMRSBXSURUSD0xMDAlIENFTExTUEFDSU5HPTIgQk9SREVSPTAgQ0VMTFBBRERJTkc9NT48VFI+PFREIEFMSUdOPWxlZnQgQkdDT0xPUj0jRkZGOEVFPjxGT05UIENPTE9SPSMzMzMzMzMgU0laRT0zPuKXj+alveWkqemKgOihjOOAgOaMr+i+vDxCUj7il4/llYblk4Hku6PlvJU8QlI+4peP44Kv44Os44K444OD44OI44Kr44O844OJ5rG65riIPEJSPuKXj+OCs+ODs+ODk+ODi+axuua4iO+8iOWJjeaJleOBhO+8iTxCUj7il4/mpb3lpKlFZHnmsbrmuIg8QlI+4pePYXXjgYvjgpPjgZ/jgpPmsbrmuIg8QlI+PC9GT05UPjwvVEQ+PC9UUj48L1RBQkxFPjwvVEQ+PC9UUj48L1RBQkxFPjxCUj48aW1nIHNyYz1odHRwOi8vaW1hZ2UucmFrdXRlbi5jby5qcC9hdWMtYXV0b21heC9jYWJpbmV0LzAzNDA2NjM4L2ltZ3JjMDA2ODE3NjkyNC5naWYgd2lkdGg9NjAwPjxCUj48QlI+PElNRyBTUkM9aHR0cDovL2ltYWdlLnJha3V0ZW4uY28uanAvYXVjLWF1dG9tYXgvY2FiaW5ldC8wMzU2MTkyNS9pbWc2MzE5Mzc4My5naWYgV0lEVEg9NjAwPjwvQ0VOVEVSPjxCUj48QlI+PENFTlRFUj48SU1HIFdJRFRIPTUyMCBTUkM9aHR0cDovL2ltYWdlLnJha3V0ZW4uY28uanAvYXVjLWF1dG9tYXgvY2FiaW5ldC8wMjU2NTcxNy9pbWc2NDc1MzExMS5naWY+PEJSPjxJTUcgV0lEVEg9NTIwIFNSQz1odHRwOi8vaW1hZ2UucmFrdXRlbi5jby5qcC9hdWMtYXV0b21heC9jYWJpbmV0LzAyNTY1NzE3L2ltZzY0NzU3OTg3LmdpZj48QlI+PC9DRU5URVI+PC9DRU5URVI+PC9UQUJMRT48L0NFTlRFUj48Y2VudGVyPgo8YnI+CjxpbWcgU1JDPWh0dHA6Ly9pbWFnZS5yYWt1dGVuLmNvLmpwL2F1Yy1hdXRvbWF4L2NhYmluZXQvaW1ncmMwMDY3MzgyMjc2LmdpZiB3aWR0aD02NzAgaGVpZ2h0PTQwMD48QlI+Cjxicj4KPGltZyBTUkM9aHR0cDovL2ltYWdlLnJha3V0ZW4uY28uanAvYXVjLWF1dG9tYXgvY2FiaW5ldC9pbWc2MDMzMzAwNC5naWYgd2lkdGg9NjcwIGhlaWdodD0xMjA+PEJSPgo8YnI+Cgo8YnI+PC9jZW50ZXI+,44GC44GZ5qW9IOWvvuW/nCDjg5Xjg63jg7Pjg4gg44K544OX44Oq44Oz44K/44O8IDREIOOCu+ODgOODsyBFOSDjgqvjg4Pjg4jmuIjjgb8g44Kr44O844OV44Kj44Or44OgIOi7iueoruWIpSDjgrnjg6Ljg7zjgq8g44K744OD44OIIOi7iueoruWwgueUqCDjgqbjgqTjg7Pjg4njgqYg56qT44Ks44Op44K5IOaIkOW9oiDjg5XjgqTjg6vjg6BVVuOCq+ODg+ODiCDjg4/jg7zjg4njgrPjg7zjg4ggRElZIOaWveW3pSDmlrnms5Ug6LK844KK5pa5IDPnqK7poZ7jga7pgI/pgY7njofpgJrosqkg5aSn6ZiqIOOAkOWVhuWTgeS4gOimp+OAke+8mkFVVE9NQVggaXp1bWk=,44Kr44OD44OG44Kj44Oz44Kw44K344O844OI44Oi44OL44K/44O844K544K/44Oz44OJ44Ki44Or44Kr44Oz44K/44O844Op6Kq/44K544Ko44O844OJ55Sf5Zyw44K344O844OI5rGO55So44OR44O844OE6Ieq5YuV6LuK44Ki44Kv44K744K144Oq44O844Oh44OD44Kt44Oi44O844Or6YCB5paZ54Sh5paZ44K544OG44OD44Kr44O844Kr44O855So5ZOB44OQ44Kk44Kv55So5ZOB44OJ44Os44K544Ki44OD44OX44Op44Kw44K444Ol44Ki44Oq44O85YaF6KOF5aSW6KOF44Kr44OD44OI5riI44G/44Kr44O844OV44Kj44Or44Og5aSn6Ziq6YCa6LKp5r+A5a6J5qC85a6J5pa95bel44GC44GZ5qW9IOWvvuW/nCDjg5Xjg63jg7Pjg4gg44K544OX44Oq44Oz44K/44O8IDREIOOCu+ODgOODsyBFOSDjgqvjg4Pjg4jmuIjjgb8g44Kr44O844OV44Kj44Or44OgIOi7iueoruWIpSDjgrnjg6Ljg7zjgq8g44K744OD44OIIOi7iueoruWwgueUqCDjgqbjgqTjg7Pjg4njgqYg56qT44Ks44Op44K5IOaIkOW9oiDjg5XjgqTjg6vjg6BVVuOCq+ODg+ODiCDjg4/jg7zjg4njgrPjg7zjg4ggRElZIOaWveW3pSDmlrnms5Ug6LK844KK5pa5IDPnqK7poZ7jga7pgI/pgY7njofpgJrosqkg5aSn6ZiqIOOAkOWVhuWTgeS4gOimp+OAkQ==,44GT44Gu5ZWG5ZOB44Gv6YCB5paZIOWFqOWbveS4gOW+izYwMOWGhiDjgafjgZko5YyX5rW36YGTL+aylue4hOmZpOOBjynlkIzmorHlj6/og73jgILjgILjgYLjgZnmpb0g5a++5b+cIOODleODreODs+ODiCDjgrnjg5fjg6rjg7Pjgr/jg7wgNEQg44K744OA44OzIEU5IOOCq+ODg+ODiOa4iOOBvyDjgqvjg7zjg5XjgqPjg6vjg6Ag6LuK56iu5YilIOOCueODouODvOOCryDjgrvjg4Pjg4gg6LuK56iu5bCC55SoIOOCpuOCpOODs+ODieOCpiDnqpPjgqzjg6njgrkg5oiQ5b2iIOODleOCpOODq+ODoFVW44Kr44OD44OIIOODj+ODvOODieOCs+ODvOODiCBESVkg5pa95belIOaWueazlSDosrzjgormlrkgM+eorumhnuOBrumAj+mBjueOh+mAmuiyqSDlpKfpmKog44CQ5ZWG5ZOB5LiA6Kan44CR[rn]
12-37281,aHR0cDovL3RzaG9wLnIxMHMuanAvYXVjLWF1dG9tYXgvY2FiaW5ldC8wMjU2NTcxNy9pbWc2NDIyMTM3Mi5qcGc/Zml0aW49NzAwOjcwMA==,MTUxNi4wMDAw,,6LuK55So5ZOB44O744OQ44Kk44Kv55So5ZOBID4g44Kr44O855So5ZOBID4g5YaF6KOF44OR44O844OEID4g44OV44Kj44Or44Og77yI44K544Oi44O844Kv77yJID4g44OI44Oo44K/55So,44GC44GZ5qW9IOWvvuW/nCDjg6rjgqIgKHMpIOOCueODl+ODquODs+OCv+ODvOOCq+ODquODliBFMTEg44Kr44OD44OI5riI44G/IOOCq+ODvOODleOCo+ODq+ODoCDou4rnqK7liKUg44K544Oi44O844KvIOOCu+ODg+ODiCDou4rnqK7lsILnlKgg44Km44Kk44Oz44OJ44KmIOeqk+OCrOODqeOCuSDmiJDlvaIg44OV44Kk44Or44OgVVbjgqvjg4Pjg4gg44OP44O844OJ44Kz44O844OIIERJWSDmlr3lt6Ug5pa55rOVIOiyvOOCiuaWuSAz56iu6aGe44Gu6YCP6YGO546H6YCa6LKpIOWkp+mYqiDjgJDllYblk4HkuIDopqfjgJE=,,PENFTlRFUj48aW1nIHNyYz1odHRwOi8vaW1hZ2UucmFrdXRlbi5jby5qcC9hdWMtYXV0b21heC9jYWJpbmV0LzAzNDA2NjM4L2ltZ3JjMDA2ODE3NjkyMS5naWYgd2lkdGg9NjAwPjwvY2VudGVyPjxCUj48Q0VOVEVSPjxCUj48Rk9OVCBTSVpFPTUgQ09MT1I9I2ZmMDAwMD7lvZPlupfjga7jgqvjg4Pjg4jmuIjjgb/jgqvjg7zjg5XjgqPjg6vjg6Djga88L0ZPTlQ+PEJSPjxGT05UIFNJWkU9NSBDT0xPUj0jZmYwMDAwPjxCPk1BREXjgIBJTuOAgEpBUEFO44CAPC9CPjwvRk9OVD48QlI+PEZPTlQgU0laRT01IENPTE9SPSNmZjAwMDA+77yI57Sr5aSW57eaVVbjgIA5Oe+8heOCq+ODg+ODiO+8ieOBp+OBmeOAgjwvRk9OVD48QlI+PFRSPiA8VEQgSEVJR0hUPTY+PC9URD4gPFREIEhFSUdIVD02PjwvVEQ+IDxURCBIRUlHSFQ9Nj48L1REPiA8L1RSPjxCUj48Q0VOVEVSPjxGT05UIENPTE9SPSNDQ0JCQUEgU0laRT00PjxCPjwvQj48L0ZPTlQ+PEJSPjxCUj48VEFCTEUgV0lEVEg9NjAwIENFTExTUEFDSU5HPTEgQk9SREVSPTAgQ0VMTFBBRERJTkc9MSBCR0NPTE9SPSNDQ0NDQ0M+PFRSPjxURCBCR0NPTE9SPSNGRjdGNTA+PFRBQkxFIFdJRFRIPTEwMCUgQ0VMTFNQQUNJTkc9MiBCT1JERVI9MCBDRUxMUEFERElORz01PjxUUj48VEQgQUxJR049bGVmdCBCR0NPTE9SPSNGRjdGNTA+PEZPTlQgQ09MT1I9IzMzMzMzMyBTSVpFPTM+PEI+4piF4piF5ZWG5ZOB6Kqs5piO4piF4piFPC9CPjwvRk9OVD48L1REPjwvVFI+PC9UQUJMRT48VEFCTEUgV0lEVEg9MTAwJSBDRUxMU1BBQ0lORz0yIEJPUkRFUj0wIENFTExQQURESU5HPTA+PFRSPjxURCBIRUlHSFQ9MiBCR0NPTE9SPSNDQ0JCQUE+PC9URD48L1RSPjwvVEFCTEU+PFRBQkxFIFdJRFRIPTEwMCUgQ0VMTFNQQUNJTkc9MiBCT1JERVI9MCBDRUxMUEFERElORz01PjxUUj48VEQgQUxJR049bGVmdCBCR0NPTE9SPSNGRkY4RUU+PEZPTlQgQ09MT1I9IzMzMzMzMyBTSVpFPTM+PEJSPuS+oeagvOOCkui2iuOBiOOBn+WTgeizquOCkuaPkOS+m+OBhOOBn+OBl+OBpuOBiuOCiuOBvuOBmeOBruOBp+OBlOWuieW/g+OBj+OBoOOBleOBhOOAgjxCUj7lvZPmlrnjga7jg5XjgqPjg6vjg6Djga9JU08gOTAwMeWPluW+l+W3peWgtOOBq+OBpuijvemAoOOBleOCjOOAgTxCUj7kuJbnlYznmoTjgavmlaznp7DjgZXjgozjgovjgIBVS0FT44CM6Iux5Zu96KqN6Ki85qmf6Zai6KqN5a6a5a+p6K2w5Lya44CNPEJSPuOBruiqjeiovOOCguWPluW+l+OBl+OBpuOBiuOCiuOBvuOBmeOAguOAgOOAgFJlZy5OTyAwNTkuQTxCUj48QlI+4piF4piF4piF4piF4piF6YGp5ZCI6LuK56iu4piF4piF4piF4piF4piFPEJSPjxCUj4KIOODoeODvOOCq+ODvO+8muODiOODqOOCvyA8QlI+6LuK5ZCN77ya44K544OX44Oq44Oz44K/44O844Kr44Oq44OWIDxCUj7ou4rovIzlnovlvI/vvJpBRTExMUfjg7sxMTRH44O7MTE1RyA8QlI+5bm05byP77ya5bmz5oiQNy44772eMTQuOAo8QlI+PEJSPuKYheKYheKYheKYheKYheOCu+ODg+ODiOWGheWuueKYheKYheKYheKYheKYhTxCUj48QlI+44K/44Kk44OI44Or44Gu44KC44Gu44Go44Gq44KK44G+44GZ44CCPEJSPuODleODreODs+ODiOOBruWgtOWQiD3pgYvou6LluK0v5Yqp5omL5bit44CQ5LiJ6KeS56qT44GM44GC44KL44KC44Gu44Gv5ZCr44G+44KM44G+44GZ44CRPEJSPuODquOColNFVOOBruWgtOWQiD3jg5Xjg63jg7Pjg4jjgJDpgYvou6LluK0v5Yqp5omL5bit44CR44KI44KK5b6M44KN5YWo44Gm44GuU0VU44Gn44GZPEJSPueUu+WDj+OBr+OCpOODoeODvOOCuOOBp+OBmeOBruOBp+OAgOi7iueoruOBq+OCiOOCiueVsOOBquOCiuOBvuOBmeOAgjxCUj7jgZTos7zlhaXmmYLjgIEz6Imy44Gu5Lit44GL44KJ44GK6YG444Gz44GP44Gg44GV44GE44CCPEJSPuODu+OCguOBo+OBqOOCgua/g+OBhOOCueODouODvOOCrz3jgrnjg7zjg5Hjg7zjg5bjg6njg4Pjgq/vvJXvvIU8QlI+44O75r+D44GE44K544Oi44O844KvPeODgOODvOOCr+OCueODouODvOOCr++8ke+8le+8hTxCUj7jg7vntJTmraPlkIzmp5jjga7jgrnjg6Ljg7zjgq8944OX44Op44Kk44OQ44K344O844K544Oi44O844Kv77yS77yW77yFPEJSPuOBlOazqOaWh+W+jOOBruiJsuOBruWkieabtOOBr+WHuuadpeOBi+OBreOBvuOBmeOAgjxCUj48QlI+PEJSPuODuyDnlLvlg4/jga/jgqTjg6Hjg7zjgrjjgafjgZnjgII8QlI+44O7IOODleOCo+ODq+ODoOOBr+OCreOCuuOBruOBpOOBjeOBq+OBj+OBhDxCUj7jg4/jg7zjg4njgrPjg7zjg4jjg5XjgqPjg6vjg6DjgpLkvb/nlKjjgZfjgabjgYrjgorjgb7jgZnjgII8QlI+PEJSPjxGT05UIFNJWkU9NT7imIXimIXimIXms6jmhI/kuovpoIUv5YWN6LKs5LqL6aCF4piF4piF4piFPC9GT05UPjxCUj7jg7vmpa3li5nnlKjjga7ngrrlpJbnrrHjg7voqqzmmI7mm7jnrYnku5jlsZ7oh7TjgZfjgb7jgZvjgpPjgII8QlI+44O76aCY5Y+O5pu444Gu55m66KGM44Gv44Gn44GN44G+44Gb44KT44Gu44Gn44GU5LqG5om/5LiL44GV44GE44CCPEJSPuODu+S9v+eUqOazleetieOBq+mWouOBmeOCi+OCteODneODvOODiOOBr+S4gOWIh+WHuuadpeOBvuOBm+OCk+OAgjxCUj7pganlkIjjgYvlkKbjgYvjgavjgaTjgY3jgb7jgZfjgabjga/llYblk4HoqqzmmI7jgavoqJjovInjgZfjgabjgYrjgorjgb7jgZk8QlI+6YGp5ZCI6LuK56iu44O75Z6L5byP44O75bm05byP44Gr44Gm44GK5a6i5qeY44GU6Ieq6Lqr44Gn44GU5Yik5pat44GK6aGY44GE6Ie044GX44G+44GZ44CCPEJSPjxCUj48QlI+PEZPTlQgU0laRT01PuOAkOOBlOizvOWFpeWJjeOBq+W/heOBmuOCr+ODquODg+OCr+OAkTwvRk9OVD48QlI+44GU6LO85YWl6aCC44GE44Gf5pmC54K544Gn44CB5LiK6KiY44KS44Kv44Oq44OD44Kv44GXPEJSPuOBlOeiuuiqjeODu+OBlOS6huaJv+mgguOBhOOBn+S4iuOBp+OBruOBlOizvOWFpeOBqOWIpOaWreOBlzxCUj7jgYrlj5blvJXjgZXjgZvjgabpoILjgY3jgb7jgZnjgII8QlI+44GU6LO85YWl5b6M44Gu44Kt44Oj44Oz44K744Or44Gv44GK5pat44KK44GX44Gm44GK44KK44G+44GZ44CCPEJSPjxCUj48QlI+PEZPTlQgU0laRT01PuOAkOaWreeGseODleOCo+ODq+ODoOOBuOOBruWkieabtOOCquODl+OCt+ODp+ODs+OAkTwvRk9OVD48QlI+5pat54ax44K/44Kk44OX44Gu44OV44Kj44Or44Og44KS44GU5biM5pyb44Gu5aC05ZCI44CB5LiK6KiY44Oq44Oz44Kv44KS44Kv44Oq44OD44Kv44GXPEJSPuOBlOW4jOacm+OBrui7iueoruWIpeOCq+ODg+ODiOa4iOOBv+OCq+ODvOODleOCo+ODq+ODoOOBqOS4gOe3kuOBq+OAgeOBlOizvOWFpeaJi+e2muOBjeOBiumhmOOBhOOBl+OBvuOBmeOAgjxCUj48QlI+PEJSPjxGT05UIFNJWkU9NT7jgJDjg5/jg6njg7zjg5XjgqPjg6vjg6Djgafjga7jgqvjg4Pjg4gg44Kq44OX44K344On44Oz44CRPC9GT05UPjxCUj7jg5/jg6njg7zjg5XjgqPjg6vjg6Djgafjga7oo73kvZzjgpLjgZTluIzmnJvjga7loLTlkIjjgIHkuIroqJjjg6rjg7Pjgq/jgpLjgq/jg6rjg4Pjgq/jgZc8QlI+44GU5biM5pyb44Gu6LuK56iu5Yil44Kr44OD44OI5riI44G/44Kr44O844OV44Kj44Or44Og44Go5LiA57eS44Gr44CB44GU6LO85YWl5omL57aa44GN44GK6aGY44GE44GX44G+44GZ44CCCjwvRk9OVD48L1REPjwvVFI+PC9UQUJMRT48L1REPjwvVFI+PC9UQUJMRT48QlI+PEJSPjxCUj48VEFCTEUgV0lEVEg9NjAwIENFTExTUEFDSU5HPTEgQk9SREVSPTAgQ0VMTFBBRERJTkc9MSBCR0NPTE9SPSNDQ0NDQ0M+PFRSPjxURCBCR0NPTE9SPSNGRjdGNTA+PFRBQkxFIFdJRFRIPTEwMCUgQ0VMTFNQQUNJTkc9MiBCT1JERVI9MCBDRUxMUEFERElORz01PjxUUj48VEQgQUxJR049bGVmdCBCR0NPTE9SPSNGRjdGNTA+PEZPTlQgQ09MT1I9IzMzMzMzMyBTSVpFPTM+PEI+4piF4piF55m66YCB5pa55rOVL+mAgeaWmeKYheKYhTwvQj48L0ZPTlQ+PC9URD48L1RSPjwvVEFCTEU+PFRBQkxFIFdJRFRIPTEwMCUgQ0VMTFNQQUNJTkc9MiBCT1JERVI9MCBDRUxMUEFERElORz0wPjxUUj48VEQgSEVJR0hUPTIgQkdDT0xPUj0jQ0NCQkFBPjwvVEQ+PC9UUj48L1RBQkxFPjxUQUJMRSBXSURUSD0xMDAlIENFTExTUEFDSU5HPTIgQk9SREVSPTAgQ0VMTFBBRERJTkc9NT48VFI+PFREIEFMSUdOPWxlZnQgQkdDT0xPUj0jRkZGOEVFPjxGT05UIENPTE9SPSMzMzMzMzMgU0laRT0zPjxCUj7llYblk4HlkI3jgavjgJDpgIHmlpnnhKHmlpnjgJHjga7oqJjovInjgYzjgYLjgovloLTlkIjjga/jgIHpgIHmlpnnhKHmlpnjgafjgZnjgII8QlI+PEJSPjxGT05UIFNJWkU9NT7jgJDlhajlm73pgIHmlpnooajjgJE8L0ZPTlQ+44KS44GU56K66KqN5LiL44GV44GE44G+44Gb44CCPEJSPjxCUj7opIfmlbDjga7llYblk4HjgpLlkIzmorHlj6/og73jgafjgZnjgII8QlI+4oC75ZCM5qKx44KS44GU5biM5pyb44Gu5aC05ZCI44CB5b+F44Ga5ZCM44GY44GK6LK344GE54mp44Kr44K077yI44Kr44O844OI77yJ44Gn44GU5rOo5paH5LiL44GV44GE44CCPEJSPuazqOaEj++8muOCq+ODvOODleOCo+ODq+ODoOOBruikh+aVsOWQjOaiseOBruWgtOWQiOS4gOOBpOOBruetkuOBq+OBvuOBqOOCgeOBpuaiseWMheiHtOOBl+OBvuOBmeOAgjxCUj7kuojjgoHjgZTkuobmib/kuIvjgZXjgYTjgb7jgZvjgII8QlI+PEJSPuKAu+WIpeOAheOBruOBiuiyt+OBhOeJqeOCq+OCtOOBp+azqOaWh+OBleOCjOOBn+WgtOWQiOOBr+WIpeOAheOBruetkuOBq+aiseWMheOBl+eZuumAgeiHtOOBl+OBvuOBmeOAgjxCUj7jgZ3jga7ngrrjgIHpgIHmlpnjg7vku6PlvJXjgY3miYvmlbDmlpnjga/nmbrpgIHlgIvmlbDliIboq4vmsYLjgZXjgZvjgabpoILjgY3jgb7jgZnjgII8QlI+PEJSPuKAu+WIpeOAheOBruOBiuiyt+OBhOeJqeOCq+OCtOOBp+azqOaWh+OBl+OAgemAgeaWme+8keWAi+WPo+WIhuOBp+OBruOBiuaUr+aJleOBhDxCUj7jgZXjgozjgZ/loLTlkIjjga/lkIzmorHluIzmnJvjgajliKTmlq3jgZfnmbrpgIHoh7TjgZfjgb7jgZnjgII8QlI+PEJSPuKYheeZuumAgeOBq+mWouOBmeOCi+azqOaEj+S6i+mgheKYhTxCUj4tLS0tLS0tLS0tLS0tLS0tLS0tLS0tLS0tLS0tLS0tLS0tLS0tLS0tIDxCUj7lvZPmlrnmjIflrprlroXmgKXkvr/jgafjgZnjga7jgafphY3pgIHmpa3ogIXjga/pgbjmip7jgafjgY3jgb7jgZvjgpPjgIIgPEJSPuaZgumWk+aMh+WumuOBr+WvvuW/nOOBhOOBn+OBl+OBpuOBiuOCiuOBvuOBm+OCk+OAgjxCUj7nmbrpgIHpgKPntaHjgavoqJjovInjga7llY/jgYTlkIjjgo/jgZvnlarlj7fjgafjgZToh6rouqvjgafjgZTnorroqo3poILjgZHjgb7jgZnjgII8QlI+6Zui5bO244Gv55m66YCB44GM5LiA5pel6YGF44KM44G+44GZ44CCIDxCUj4tLS0tLS0tLS0tLS0tLS0tLS0tLS0tLS0tLS0tLS0tLS0tLS0tLS0tPEJSPuKYheWVhuWTgeS7o+W8leKYheOAgOOAgDxCUj7lroXmgKXkvr/pgIHmlpkr5Yil6YCU5omL5pWw5paZ77yT77yX77yQ5YaGIDxCUj4tLS0tLS0tLS0tLS0tLS0tLS0tLS0tLS0tLS0tLS0tLS0tLS0tLS0tIDxCUj4xMuaZguWNiuOBvuOBp+OBq+OBlOWFpemHkeOBjOeiuuiqjeWHuuadpeOBn+OBlOazqOaWh+OAgTxCUj7jgb7jgZ/jga/llYblk4Hku6PlvJXjga7jgZTms6jmlofjga/ljbPml6XnmbrpgIHjgZXjgZvjgabpoILjgY3jgb7jgZnjgII8QlI+5a6a5LyR5pel44CA5Lya56S+5qaC6KaB6KiY6LyJL+iHqOaZguS8kealreOBruOBlOahiOWGheOBr+W9k+W6l+ODmuODvOOCuOWGheOBq+aOsui8ieOBl+OBvuOBmeOAgjwvRk9OVD48L1REPjwvVFI+PC9UQUJMRT48L1REPjwvVFI+PC9UQUJMRT48QlI+PFRBQkxFIFdJRFRIPTYwMCBDRUxMU1BBQ0lORz0xIEJPUkRFUj0wIENFTExQQURESU5HPTEgQkdDT0xPUj0jQ0NDQ0NDPjxUUj48VEQgQkdDT0xPUj0jRkY3RjUwPjxUQUJMRSBXSURUSD0xMDAlIENFTExTUEFDSU5HPTIgQk9SREVSPTAgQ0VMTFBBRERJTkc9NT48VFI+PFREIEFMSUdOPWxlZnQgQkdDT0xPUj0jRkY3RjUwPjxGT05UIENPTE9SPSMzMzMzMzMgU0laRT0zPjxCPuKYheKYheaUr+aJleaWueazleKYhTwvQj48L0ZPTlQ+PC9URD48L1RSPjwvVEFCTEU+PFRBQkxFIFdJRFRIPTEwMCUgQ0VMTFNQQUNJTkc9MiBCT1JERVI9MCBDRUxMUEFERElORz0wPjxUUj48VEQgSEVJR0hUPTIgQkdDT0xPUj0jQ0NCQkFBPjwvVEQ+PC9UUj48L1RBQkxFPjxUQUJMRSBXSURUSD0xMDAlIENFTExTUEFDSU5HPTIgQk9SREVSPTAgQ0VMTFBBRERJTkc9NT48VFI+PFREIEFMSUdOPWxlZnQgQkdDT0xPUj0jRkZGOEVFPjxGT05UIENPTE9SPSMzMzMzMzMgU0laRT0zPuKXj+alveWkqemKgOihjOOAgOaMr+i+vDxCUj7il4/llYblk4Hku6PlvJU8QlI+4peP44Kv44Os44K444OD44OI44Kr44O844OJ5rG65riIPEJSPuKXj+OCs+ODs+ODk+ODi+axuua4iO+8iOWJjeaJleOBhO+8iTxCUj7il4/mpb3lpKlFZHnmsbrmuIg8QlI+4pePYXXjgYvjgpPjgZ/jgpPmsbrmuIg8QlI+PC9GT05UPjwvVEQ+PC9UUj48L1RBQkxFPjwvVEQ+PC9UUj48L1RBQkxFPjxCUj48aW1nIHNyYz1odHRwOi8vaW1hZ2UucmFrdXRlbi5jby5qcC9hdWMtYXV0b21heC9jYWJpbmV0LzAzNDA2NjM4L2ltZ3JjMDA2ODE3NjkyNC5naWYgd2lkdGg9NjAwPjxCUj48QlI+PElNRyBTUkM9aHR0cDovL2ltYWdlLnJha3V0ZW4uY28uanAvYXVjLWF1dG9tYXgvY2FiaW5ldC8wMzU2MTkyNS9pbWc2MzE5Mzc4My5naWYgV0lEVEg9NjAwPjwvQ0VOVEVSPjxCUj48QlI+PENFTlRFUj48SU1HIFdJRFRIPTUyMCBTUkM9aHR0cDovL2ltYWdlLnJha3V0ZW4uY28uanAvYXVjLWF1dG9tYXgvY2FiaW5ldC8wMjU2NTcxNy9pbWc2NDc1MzExMS5naWY+PEJSPjxJTUcgV0lEVEg9NTIwIFNSQz1odHRwOi8vaW1hZ2UucmFrdXRlbi5jby5qcC9hdWMtYXV0b21heC9jYWJpbmV0LzAyNTY1NzE3L2ltZzY0NzU3OTg3LmdpZj48QlI+PC9DRU5URVI+PC9DRU5URVI+PC9UQUJMRT48L0NFTlRFUj48Y2VudGVyPgo8YnI+CjxpbWcgU1JDPWh0dHA6Ly9pbWFnZS5yYWt1dGVuLmNvLmpwL2F1Yy1hdXRvbWF4L2NhYmluZXQvaW1ncmMwMDY3MzgyMjc2LmdpZiB3aWR0aD02NzAgaGVpZ2h0PTQwMD48QlI+Cjxicj4KPGltZyBTUkM9aHR0cDovL2ltYWdlLnJha3V0ZW4uY28uanAvYXVjLWF1dG9tYXgvY2FiaW5ldC9pbWc2MDMzMzAwNC5naWYgd2lkdGg9NjcwIGhlaWdodD0xMjA+PEJSPgo8YnI+Cgo8YnI+PC9jZW50ZXI+,44GC44GZ5qW9IOWvvuW/nCDjg6rjgqIgKHMpIOOCueODl+ODquODs+OCv+ODvOOCq+ODquODliBFMTEg44Kr44OD44OI5riI44G/IOOCq+ODvOODleOCo+ODq+ODoCDou4rnqK7liKUg44K544Oi44O844KvIOOCu+ODg+ODiCDou4rnqK7lsILnlKgg44Km44Kk44Oz44OJ44KmIOeqk+OCrOODqeOCuSDmiJDlvaIg44OV44Kk44Or44OgVVbjgqvjg4Pjg4gg44OP44O844OJ44Kz44O844OIIERJWSDmlr3lt6Ug5pa55rOVIOiyvOOCiuaWuSAz56iu6aGe44Gu6YCP6YGO546H6YCa6LKpIOWkp+mYqiDjgJDllYblk4HkuIDopqfjgJHvvJpBVVRPTUFYIGl6dW1p,44Kr44OD44OG44Kj44Oz44Kw44K344O844OI44Oi44OL44K/44O844K544K/44Oz44OJ44Ki44Or44Kr44Oz44K/44O844Op6Kq/44K544Ko44O844OJ55Sf5Zyw44K344O844OI5rGO55So44OR44O844OE6Ieq5YuV6LuK44Ki44Kv44K744K144Oq44O844Oh44OD44Kt44Oi44O844Or6YCB5paZ54Sh5paZ44K544OG44OD44Kr44O844Kr44O855So5ZOB44OQ44Kk44Kv55So5ZOB44OJ44Os44K544Ki44OD44OX44Op44Kw44K444Ol44Ki44Oq44O85YaF6KOF5aSW6KOF44Kr44OD44OI5riI44G/44Kr44O844OV44Kj44Or44Og5aSn6Ziq6YCa6LKp5r+A5a6J5qC85a6J5pa95bel44GC44GZ5qW9IOWvvuW/nCDjg6rjgqIgKHMpIOOCueODl+ODquODs+OCv+ODvOOCq+ODquODliBFMTEg44Kr44OD44OI5riI44G/IOOCq+ODvOODleOCo+ODq+ODoCDou4rnqK7liKUg44K544Oi44O844KvIOOCu+ODg+ODiCDou4rnqK7lsILnlKgg44Km44Kk44Oz44OJ44KmIOeqk+OCrOODqeOCuSDmiJDlvaIg44OV44Kk44Or44OgVVbjgqvjg4Pjg4gg44OP44O844OJ44Kz44O844OIIERJWSDmlr3lt6Ug5pa55rOVIOiyvOOCiuaWuSAz56iu6aGe44Gu6YCP6YGO546H6YCa6LKpIOWkp+mYqiDjgJDllYblk4HkuIDopqfjgJE=,44GT44Gu5ZWG5ZOB44Gv6YCB5paZIOWFqOWbveS4gOW+izYwMOWGhiDjgafjgZko5YyX5rW36YGTL+aylue4hOmZpOOBjynlkIzmorHlj6/og73jgILjgILjgYLjgZnmpb0g5a++5b+cIOODquOCoiAocykg44K544OX44Oq44Oz44K/44O844Kr44Oq44OWIEUxMSDjgqvjg4Pjg4jmuIjjgb8g44Kr44O844OV44Kj44Or44OgIOi7iueoruWIpSDjgrnjg6Ljg7zjgq8g44K744OD44OIIOi7iueoruWwgueUqCDjgqbjgqTjg7Pjg4njgqYg56qT44Ks44Op44K5IOaIkOW9oiDjg5XjgqTjg6vjg6BVVuOCq+ODg+ODiCDjg4/jg7zjg4njgrPjg7zjg4ggRElZIOaWveW3pSDmlrnms5Ug6LK844KK5pa5IDPnqK7poZ7jga7pgI/pgY7njofpgJrosqkg5aSn6ZiqIOOAkOWVhuWTgeS4gOimp+OAkQ==[rn]
12-37282,aHR0cDovL3RzaG9wLnIxMHMuanAvYXVjLWF1dG9tYXgvY2FiaW5ldC8wMjU2NTcxNy9pbWc2NDIyMTM3My5qcGc/Zml0aW49NzAwOjcwMA==,MTQ2MC4wMDAw,,6LuK55So5ZOB44O744OQ44Kk44Kv55So5ZOBID4g44Kr44O855So5ZOBID4g5YaF6KOF44OR44O844OEID4g44OV44Kj44Or44Og77yI44K544Oi44O844Kv77yJID4g44OI44Oo44K/55So,44CQ6YCB5paZ54Sh5paZ44CR44GC44GZ5qW9IOWvvuW/nCDjg5Xjg63jg7Pjg4gg44K544OX44Oq44Oz44K/44O844Kr44Oq44OWIEUxMSDjgqvjg4Pjg4jmuIjjgb8g44Kr44O844OV44Kj44Or44OgIOi7iueoruWIpSDjgrnjg6Ljg7zjgq8g44K744OD44OIIOi7iueoruWwgueUqCDjgqbjgqTjg7Pjg4njgqYg56qT44Ks44Op44K5IOaIkOW9oiDjg5XjgqTjg6vjg6BVVuOCq+ODg+ODiCDjg4/jg7zjg4njgrPjg7zjg4ggRElZIOaWveW3pSDmlrnms5Ug6LK844KK5pa5IDPnqK7poZ7jga7pgI/pgY7njofpgJrosqkg5aSn6Ziq44CQUkNQ44CR,,PENFTlRFUj48aW1nIHNyYz1odHRwOi8vaW1hZ2UucmFrdXRlbi5jby5qcC9hdWMtYXV0b21heC9jYWJpbmV0LzAzNDA2NjM4L2ltZ3JjMDA2ODE3NjkyMS5naWYgd2lkdGg9NjAwPjwvY2VudGVyPjxCUj48Q0VOVEVSPjxCUj48Rk9OVCBTSVpFPTUgQ09MT1I9I2ZmMDAwMD7lvZPlupfjga7jgqvjg4Pjg4jmuIjjgb/jgqvjg7zjg5XjgqPjg6vjg6Djga88L0ZPTlQ+PEJSPjxGT05UIFNJWkU9NSBDT0xPUj0jZmYwMDAwPjxCPk1BREXjgIBJTuOAgEpBUEFO44CAPC9CPjwvRk9OVD48QlI+PEZPTlQgU0laRT01IENPTE9SPSNmZjAwMDA+77yI57Sr5aSW57eaVVbjgIA5Oe+8heOCq+ODg+ODiO+8ieOBp+OBmeOAgjwvRk9OVD48QlI+PFRSPiA8VEQgSEVJR0hUPTY+PC9URD4gPFREIEhFSUdIVD02PjwvVEQ+IDxURCBIRUlHSFQ9Nj48L1REPiA8L1RSPjxCUj48Q0VOVEVSPjxGT05UIENPTE9SPSNDQ0JCQUEgU0laRT00PjxCPjwvQj48L0ZPTlQ+PEJSPjxCUj48VEFCTEUgV0lEVEg9NjAwIENFTExTUEFDSU5HPTEgQk9SREVSPTAgQ0VMTFBBRERJTkc9MSBCR0NPTE9SPSNDQ0NDQ0M+PFRSPjxURCBCR0NPTE9SPSNGRjdGNTA+PFRBQkxFIFdJRFRIPTEwMCUgQ0VMTFNQQUNJTkc9MiBCT1JERVI9MCBDRUxMUEFERElORz01PjxUUj48VEQgQUxJR049bGVmdCBCR0NPTE9SPSNGRjdGNTA+PEZPTlQgQ09MT1I9IzMzMzMzMyBTSVpFPTM+PEI+4piF4piF5ZWG5ZOB6Kqs5piO4piF4piFPC9CPjwvRk9OVD48L1REPjwvVFI+PC9UQUJMRT48VEFCTEUgV0lEVEg9MTAwJSBDRUxMU1BBQ0lORz0yIEJPUkRFUj0wIENFTExQQURESU5HPTA+PFRSPjxURCBIRUlHSFQ9MiBCR0NPTE9SPSNDQ0JCQUE+PC9URD48L1RSPjwvVEFCTEU+PFRBQkxFIFdJRFRIPTEwMCUgQ0VMTFNQQUNJTkc9MiBCT1JERVI9MCBDRUxMUEFERElORz01PjxUUj48VEQgQUxJR049bGVmdCBCR0NPTE9SPSNGRkY4RUU+PEZPTlQgQ09MT1I9IzMzMzMzMyBTSVpFPTM+PEJSPuS+oeagvOOCkui2iuOBiOOBn+WTgeizquOCkuaPkOS+m+OBhOOBn+OBl+OBpuOBiuOCiuOBvuOBmeOBruOBp+OBlOWuieW/g+OBj+OBoOOBleOBhOOAgjxCUj7lvZPmlrnjga7jg5XjgqPjg6vjg6Djga9JU08gOTAwMeWPluW+l+W3peWgtOOBq+OBpuijvemAoOOBleOCjOOAgTxCUj7kuJbnlYznmoTjgavmlaznp7DjgZXjgozjgovjgIBVS0FT44CM6Iux5Zu96KqN6Ki85qmf6Zai6KqN5a6a5a+p6K2w5Lya44CNPEJSPuOBruiqjeiovOOCguWPluW+l+OBl+OBpuOBiuOCiuOBvuOBmeOAguOAgOOAgFJlZy5OTyAwNTkuQTxCUj48QlI+4piF4piF4piF4piF4piF6YGp5ZCI6LuK56iu4piF4piF4piF4piF4piFPEJSPgog44Oh44O844Kr44O877ya44OI44Oo44K/IDxCUj7ou4rlkI3vvJrjgrnjg5fjg6rjg7Pjgr/jg7zjgqvjg6rjg5YgPEJSPui7iui8jOWei+W8j++8mkFFMTExR+ODuzExNEfjg7sxMTVHIDxCUj7lubTlvI/vvJrlubPmiJA3LjjvvZ4xNC44CjxCUj48QlI+4piF4piF4piF4piF4piF44K744OD44OI5YaF5a654piF4piF4piF4piF4piFPEJSPjxCUj7jgr/jgqTjg4jjg6vjga7jgoLjga7jgajjgarjgorjgb7jgZnjgII8QlI+44OV44Ot44Oz44OI44Gu5aC05ZCIPemBi+i7ouW4rS/liqnmiYvluK3jgJDkuInop5LnqpPjgYzjgYLjgovjgoLjga7jga/lkKvjgb7jgozjgb7jgZnjgJE8QlI+44Oq44KiU0VU44Gu5aC05ZCIPeODleODreODs+ODiOOAkOmBi+i7ouW4rS/liqnmiYvluK3jgJHjgojjgorlvozjgo3lhajjgabjga5TRVTjgafjgZk8QlI+55S75YOP44Gv44Kk44Oh44O844K444Gn44GZ44Gu44Gn44CA6LuK56iu44Gr44KI44KK55Ww44Gq44KK44G+44GZ44CCPEJSPuOBlOizvOWFpeaZguOAgTPoibLjga7kuK3jgYvjgonjgYrpgbjjgbPjgY/jgaDjgZXjgYTjgII8QlI+44O744KC44Gj44Go44KC5r+D44GE44K544Oi44O844KvPeOCueODvOODkeODvOODluODqeODg+OCr++8le+8hTxCUj7jg7vmv4PjgYTjgrnjg6Ljg7zjgq8944OA44O844Kv44K544Oi44O844Kv77yR77yV77yFPEJSPuODu+e0lOato+WQjOanmOOBruOCueODouODvOOCrz3jg5fjg6njgqTjg5Djgrfjg7zjgrnjg6Ljg7zjgq/vvJLvvJbvvIU8QlI+44GU5rOo5paH5b6M44Gu6Imy44Gu5aSJ5pu044Gv5Ye65p2l44GL44Gt44G+44GZ44CCPEJSPjxCUj48QlI+44O7IOeUu+WDj+OBr+OCpOODoeODvOOCuOOBp+OBmeOAgjxCUj7jg7sg44OV44Kj44Or44Og44Gv44Kt44K644Gu44Gk44GN44Gr44GP44GEPEJSPuODj+ODvOODieOCs+ODvOODiOODleOCo+ODq+ODoOOCkuS9v+eUqOOBl+OBpuOBiuOCiuOBvuOBmeOAgjxCUj48QlI+PEZPTlQgU0laRT01PuKYheKYheKYheazqOaEj+S6i+mghS/lhY3osqzkuovpoIXimIXimIXimIU8L0ZPTlQ+PEJSPuODu+alreWLmeeUqOOBrueCuuWklueuseODu+iqrOaYjuabuOetieS7mOWxnuiHtOOBl+OBvuOBm+OCk+OAgjxCUj7jg7vpoJjlj47mm7jjga7nmbrooYzjga/jgafjgY3jgb7jgZvjgpPjga7jgafjgZTkuobmib/kuIvjgZXjgYTjgII8QlI+44O75L2/55So5rOV562J44Gr6Zai44GZ44KL44K144Od44O844OI44Gv5LiA5YiH5Ye65p2l44G+44Gb44KT44CCPEJSPumBqeWQiOOBi+WQpuOBi+OBq+OBpOOBjeOBvuOBl+OBpuOBr+WVhuWTgeiqrOaYjuOBq+iomOi8ieOBl+OBpuOBiuOCiuOBvuOBmTxCUj7pganlkIjou4rnqK7jg7vlnovlvI/jg7vlubTlvI/jgavjgabjgYrlrqLmp5jjgZToh6rouqvjgafjgZTliKTmlq3jgYrpoZjjgYToh7TjgZfjgb7jgZnjgII8QlI+PEJSPjxCUj48Rk9OVCBTSVpFPTU+44CQ44GU6LO85YWl5YmN44Gr5b+F44Ga44Kv44Oq44OD44Kv44CRPC9GT05UPjxCUj7jgZTos7zlhaXpoILjgYTjgZ/mmYLngrnjgafjgIHkuIroqJjjgpLjgq/jg6rjg4Pjgq/jgZc8QlI+44GU56K66KqN44O744GU5LqG5om/6aCC44GE44Gf5LiK44Gn44Gu44GU6LO85YWl44Go5Yik5pat44GXPEJSPuOBiuWPluW8leOBleOBm+OBpumgguOBjeOBvuOBmeOAgjxCUj7jgZTos7zlhaXlvozjga7jgq3jg6Pjg7Pjgrvjg6vjga/jgYrmlq3jgorjgZfjgabjgYrjgorjgb7jgZnjgII8QlI+PEJSPjxCUj48Rk9OVCBTSVpFPTU+44CQ5pat54ax44OV44Kj44Or44Og44G444Gu5aSJ5pu044Kq44OX44K344On44Oz44CRPC9GT05UPjxCUj7mlq3nhrHjgr/jgqTjg5fjga7jg5XjgqPjg6vjg6DjgpLjgZTluIzmnJvjga7loLTlkIjjgIHkuIroqJjjg6rjg7Pjgq/jgpLjgq/jg6rjg4Pjgq/jgZc8QlI+44GU5biM5pyb44Gu6LuK56iu5Yil44Kr44OD44OI5riI44G/44Kr44O844OV44Kj44Or44Og44Go5LiA57eS44Gr44CB44GU6LO85YWl5omL57aa44GN44GK6aGY44GE44GX44G+44GZ44CCPEJSPjxCUj48QlI+PEZPTlQgU0laRT01PuOAkOODn+ODqeODvOODleOCo+ODq+ODoOOBp+OBruOCq+ODg+ODiCDjgqrjg5fjgrfjg6fjg7PjgJE8L0ZPTlQ+PEJSPuODn+ODqeODvOODleOCo+ODq+ODoOOBp+OBruijveS9nOOCkuOBlOW4jOacm+OBruWgtOWQiOOAgeS4iuiomOODquODs+OCr+OCkuOCr+ODquODg+OCr+OBlzxCUj7jgZTluIzmnJvjga7ou4rnqK7liKXjgqvjg4Pjg4jmuIjjgb/jgqvjg7zjg5XjgqPjg6vjg6DjgajkuIDnt5LjgavjgIHjgZTos7zlhaXmiYvntprjgY3jgYrpoZjjgYTjgZfjgb7jgZnjgIIKPC9GT05UPjwvVEQ+PC9UUj48L1RBQkxFPjwvVEQ+PC9UUj48L1RBQkxFPjxCUj48QlI+PEJSPjxUQUJMRSBXSURUSD02MDAgQ0VMTFNQQUNJTkc9MSBCT1JERVI9MCBDRUxMUEFERElORz0xIEJHQ09MT1I9I0NDQ0NDQz48VFI+PFREIEJHQ09MT1I9I0ZGN0Y1MD48VEFCTEUgV0lEVEg9MTAwJSBDRUxMU1BBQ0lORz0yIEJPUkRFUj0wIENFTExQQURESU5HPTU+PFRSPjxURCBBTElHTj1sZWZ0IEJHQ09MT1I9I0ZGN0Y1MD48Rk9OVCBDT0xPUj0jMzMzMzMzIFNJWkU9Mz48Qj7imIXimIXnmbrpgIHmlrnms5Uv6YCB5paZ4piF4piFPC9CPjwvRk9OVD48L1REPjwvVFI+PC9UQUJMRT48VEFCTEUgV0lEVEg9MTAwJSBDRUxMU1BBQ0lORz0yIEJPUkRFUj0wIENFTExQQURESU5HPTA+PFRSPjxURCBIRUlHSFQ9MiBCR0NPTE9SPSNDQ0JCQUE+PC9URD48L1RSPjwvVEFCTEU+PFRBQkxFIFdJRFRIPTEwMCUgQ0VMTFNQQUNJTkc9MiBCT1JERVI9MCBDRUxMUEFERElORz01PjxUUj48VEQgQUxJR049bGVmdCBCR0NPTE9SPSNGRkY4RUU+PEZPTlQgQ09MT1I9IzMzMzMzMyBTSVpFPTM+PEJSPuWVhuWTgeWQjeOBq+OAkOmAgeaWmeeEoeaWmeOAkeOBruiomOi8ieOBjOOBguOCi+WgtOWQiOOBr+OAgemAgeaWmeeEoeaWmeOBp+OBmeOAgjxCUj48QlI+PEZPTlQgU0laRT01PuOAkOWFqOWbvemAgeaWmeihqOOAkTwvRk9OVD7jgpLjgZTnorroqo3kuIvjgZXjgYTjgb7jgZvjgII8QlI+PEJSPuikh+aVsOOBruWVhuWTgeOCkuWQjOaiseWPr+iDveOBp+OBmeOAgjxCUj7igLvlkIzmorHjgpLjgZTluIzmnJvjga7loLTlkIjjgIHlv4XjgZrlkIzjgZjjgYrosrfjgYTnianjgqvjgrTvvIjjgqvjg7zjg4jvvInjgafjgZTms6jmlofkuIvjgZXjgYTjgII8QlI+5rOo5oSP77ya44Kr44O844OV44Kj44Or44Og44Gu6KSH5pWw5ZCM5qKx44Gu5aC05ZCI5LiA44Gk44Gu562S44Gr44G+44Go44KB44Gm5qKx5YyF6Ie044GX44G+44GZ44CCPEJSPuS6iOOCgeOBlOS6huaJv+S4i+OBleOBhOOBvuOBm+OAgjxCUj48QlI+4oC75Yil44CF44Gu44GK6LK344GE54mp44Kr44K044Gn5rOo5paH44GV44KM44Gf5aC05ZCI44Gv5Yil44CF44Gu562S44Gr5qKx5YyF44GX55m66YCB6Ie044GX44G+44GZ44CCPEJSPuOBneOBrueCuuOAgemAgeaWmeODu+S7o+W8leOBjeaJi+aVsOaWmeOBr+eZuumAgeWAi+aVsOWIhuiri+axguOBleOBm+OBpumgguOBjeOBvuOBmeOAgjxCUj48QlI+4oC75Yil44CF44Gu44GK6LK344GE54mp44Kr44K044Gn5rOo5paH44GX44CB6YCB5paZ77yR5YCL5Y+j5YiG44Gn44Gu44GK5pSv5omV44GEPEJSPuOBleOCjOOBn+WgtOWQiOOBr+WQjOaiseW4jOacm+OBqOWIpOaWreOBl+eZuumAgeiHtOOBl+OBvuOBmeOAgjxCUj48QlI+4piF55m66YCB44Gr6Zai44GZ44KL5rOo5oSP5LqL6aCF4piFPEJSPi0tLS0tLS0tLS0tLS0tLS0tLS0tLS0tLS0tLS0tLS0tLS0tLS0tLS0gPEJSPuW9k+aWueaMh+WumuWuheaApeS+v+OBp+OBmeOBruOBp+mFjemAgealreiAheOBr+mBuOaKnuOBp+OBjeOBvuOBm+OCk+OAgiA8QlI+5pmC6ZaT5oyH5a6a44Gv5a++5b+c44GE44Gf44GX44Gm44GK44KK44G+44Gb44KT44CCPEJSPueZuumAgemAo+e1oeOBq+iomOi8ieOBruWVj+OBhOWQiOOCj+OBm+eVquWPt+OBp+OBlOiHqui6q+OBp+OBlOeiuuiqjemgguOBkeOBvuOBmeOAgjxCUj7pm6Lls7bjga/nmbrpgIHjgYzkuIDml6XpgYXjgozjgb7jgZnjgIIgPEJSPi0tLS0tLS0tLS0tLS0tLS0tLS0tLS0tLS0tLS0tLS0tLS0tLS0tLS08QlI+4piF5ZWG5ZOB5Luj5byV4piF44CA44CAPEJSPuWuheaApeS+v+mAgeaWmSvliKXpgJTmiYvmlbDmlpnvvJPvvJfvvJDlhoYgPEJSPi0tLS0tLS0tLS0tLS0tLS0tLS0tLS0tLS0tLS0tLS0tLS0tLS0tLS0gPEJSPjEy5pmC5Y2K44G+44Gn44Gr44GU5YWl6YeR44GM56K66KqN5Ye65p2l44Gf44GU5rOo5paH44CBPEJSPuOBvuOBn+OBr+WVhuWTgeS7o+W8leOBruOBlOazqOaWh+OBr+WNs+aXpeeZuumAgeOBleOBm+OBpumgguOBjeOBvuOBmeOAgjxCUj7lrprkvJHml6XjgIDkvJrnpL7mpoLopoHoqJjovIkv6Ieo5pmC5LyR5qWt44Gu44GU5qGI5YaF44Gv5b2T5bqX44Oa44O844K45YaF44Gr5o6y6LyJ44GX44G+44GZ44CCPC9GT05UPjwvVEQ+PC9UUj48L1RBQkxFPjwvVEQ+PC9UUj48L1RBQkxFPjxCUj48VEFCTEUgV0lEVEg9NjAwIENFTExTUEFDSU5HPTEgQk9SREVSPTAgQ0VMTFBBRERJTkc9MSBCR0NPTE9SPSNDQ0NDQ0M+PFRSPjxURCBCR0NPTE9SPSNGRjdGNTA+PFRBQkxFIFdJRFRIPTEwMCUgQ0VMTFNQQUNJTkc9MiBCT1JERVI9MCBDRUxMUEFERElORz01PjxUUj48VEQgQUxJR049bGVmdCBCR0NPTE9SPSNGRjdGNTA+PEZPTlQgQ09MT1I9IzMzMzMzMyBTSVpFPTM+PEI+4piF4piF5pSv5omV5pa55rOV4piFPC9CPjwvRk9OVD48L1REPjwvVFI+PC9UQUJMRT48VEFCTEUgV0lEVEg9MTAwJSBDRUxMU1BBQ0lORz0yIEJPUkRFUj0wIENFTExQQURESU5HPTA+PFRSPjxURCBIRUlHSFQ9MiBCR0NPTE9SPSNDQ0JCQUE+PC9URD48L1RSPjwvVEFCTEU+PFRBQkxFIFdJRFRIPTEwMCUgQ0VMTFNQQUNJTkc9MiBCT1JERVI9MCBDRUxMUEFERElORz01PjxUUj48VEQgQUxJR049bGVmdCBCR0NPTE9SPSNGRkY4RUU+PEZPTlQgQ09MT1I9IzMzMzMzMyBTSVpFPTM+4peP5qW95aSp6YqA6KGM44CA5oyv6L68PEJSPuKXj+WVhuWTgeS7o+W8lTxCUj7il4/jgq/jg6zjgrjjg4Pjg4jjgqvjg7zjg4nmsbrmuIg8QlI+4peP44Kz44Oz44OT44OL5rG65riI77yI5YmN5omV44GE77yJPEJSPuKXj+alveWkqUVkeeaxuua4iDxCUj7il49hdeOBi+OCk+OBn+OCk+axuua4iDxCUj48L0ZPTlQ+PC9URD48L1RSPjwvVEFCTEU+PC9URD48L1RSPjwvVEFCTEU+PEJSPjxpbWcgc3JjPWh0dHA6Ly9pbWFnZS5yYWt1dGVuLmNvLmpwL2F1Yy1hdXRvbWF4L2NhYmluZXQvMDM0MDY2MzgvaW1ncmMwMDY4MTc2OTI0LmdpZiB3aWR0aD02MDA+PEJSPjxCUj48SU1HIFNSQz1odHRwOi8vaW1hZ2UucmFrdXRlbi5jby5qcC9hdWMtYXV0b21heC9jYWJpbmV0LzAzNTYxOTI1L2ltZzYzMTkzNzgzLmdpZiBXSURUSD02MDA+PC9DRU5URVI+PEJSPjxCUj48Q0VOVEVSPjxJTUcgV0lEVEg9NTIwIFNSQz1odHRwOi8vaW1hZ2UucmFrdXRlbi5jby5qcC9hdWMtYXV0b21heC9jYWJpbmV0LzAyNTY1NzE3L2ltZzY0NzUzMTExLmdpZj48QlI+PElNRyBXSURUSD01MjAgU1JDPWh0dHA6Ly9pbWFnZS5yYWt1dGVuLmNvLmpwL2F1Yy1hdXRvbWF4L2NhYmluZXQvMDI1NjU3MTcvaW1nNjQ3NTc5ODcuZ2lmPjxCUj48L0NFTlRFUj48L0NFTlRFUj48L1RBQkxFPjwvQ0VOVEVSPjxjZW50ZXI+Cjxicj4KPGltZyBTUkM9aHR0cDovL2ltYWdlLnJha3V0ZW4uY28uanAvYXVjLWF1dG9tYXgvY2FiaW5ldC9pbWdyYzAwNjczODIyNzYuZ2lmIHdpZHRoPTY3MCBoZWlnaHQ9NDAwPjxCUj4KPGJyPgo8aW1nIFNSQz1odHRwOi8vaW1hZ2UucmFrdXRlbi5jby5qcC9hdWMtYXV0b21heC9jYWJpbmV0L2ltZzYwMzMzMDA0LmdpZiB3aWR0aD02NzAgaGVpZ2h0PTEyMD48QlI+Cjxicj4KCjxicj48L2NlbnRlcj4=,44CQ6YCB5paZ54Sh5paZ44CR44GC44GZ5qW9IOWvvuW/nCDjg5Xjg63jg7Pjg4gg44K544OX44Oq44Oz44K/44O844Kr44Oq44OWIEUxMSDjgqvjg4Pjg4jmuIjjgb8g44Kr44O844OV44Kj44Or44OgIOi7iueoruWIpSDjgrnjg6Ljg7zjgq8g44K744OD44OIIOi7iueoruWwgueUqCDjgqbjgqTjg7Pjg4njgqYg56qT44Ks44Op44K5IOaIkOW9oiDjg5XjgqTjg6vjg6BVVuOCq+ODg+ODiCDjg4/jg7zjg4njgrPjg7zjg4ggRElZIOaWveW3pSDmlrnms5Ug6LK844KK5pa5IDPnqK7poZ7jga7pgI/pgY7njofpgJrosqkg5aSn6Ziq44CQUkNQ44CR77yaQVVUT01BWCBpenVtaQ==,44Kr44OD44OG44Kj44Oz44Kw44K344O844OI44Oi44OL44K/44O844K544K/44Oz44OJ44Ki44Or44Kr44Oz44K/44O844Op6Kq/44K544Ko44O844OJ55Sf5Zyw44K344O844OI5rGO55So44OR44O844OE6Ieq5YuV6LuK44Ki44Kv44K744K144Oq44O844Oh44OD44Kt44Oi44O844Or6YCB5paZ54Sh5paZ44K544OG44OD44Kr44O844Kr44O855So5ZOB44OQ44Kk44Kv55So5ZOB44OJ44Os44K544Ki44OD44OX44Op44Kw44K444Ol44Ki44Oq44O85YaF6KOF5aSW6KOF44Kr44OD44OI5riI44G/44Kr44O844OV44Kj44Or44Og5aSn6Ziq6YCa6LKp5r+A5a6J5qC85a6J5pa95bel44CQ6YCB5paZ54Sh5paZ44CR44GC44GZ5qW9IOWvvuW/nCDjg5Xjg63jg7Pjg4gg44K544OX44Oq44Oz44K/44O844Kr44Oq44OWIEUxMSDjgqvjg4Pjg4jmuIjjgb8g44Kr44O844OV44Kj44Or44OgIOi7iueoruWIpSDjgrnjg6Ljg7zjgq8g44K744OD44OIIOi7iueoruWwgueUqCDjgqbjgqTjg7Pjg4njgqYg56qT44Ks44Op44K5IOaIkOW9oiDjg5XjgqTjg6vjg6BVVuOCq+ODg+ODiCDjg4/jg7zjg4njgrPjg7zjg4ggRElZIOaWveW3pSDmlrnms5Ug6LK844KK5pa5IDPnqK7poZ7jga7pgI/pgY7njofpgJrosqkg5aSn6Ziq44CQUkNQ44CR,6YCB5paZ54Sh5paZ77yI5YyX5rW36YGTL+aylue4hOmZpOOBj++8ieS7o+W8leOBjeOBruWgtOWQiOOAgeWIpemAlOaJi+aVsOaWmTM3MOWGhuOAguOAkOmAgeaWmeeEoeaWmeOAkeOBguOBmealvSDlr77lv5wg44OV44Ot44Oz44OIIOOCueODl+ODquODs+OCv+ODvOOCq+ODquODliBFMTEg44Kr44OD44OI5riI44G/IOOCq+ODvOODleOCo+ODq+ODoCDou4rnqK7liKUg44K544Oi44O844KvIOOCu+ODg+ODiCDou4rnqK7lsILnlKgg44Km44Kk44Oz44OJ44KmIOeqk+OCrOODqeOCuSDmiJDlvaIg44OV44Kk44Or44OgVVbjgqvjg4Pjg4gg44OP44O844OJ44Kz44O844OIIERJWSDmlr3lt6Ug5pa55rOVIOiyvOOCiuaWuSAz56iu6aGe44Gu6YCP6YGO546H6YCa6LKpIOWkp+mYquOAkFJDUOOAkQ==[rn]
12-37283,aHR0cDovL3RzaG9wLnIxMHMuanAvYXVjLWF1dG9tYXgvY2FiaW5ldC8wMjU2NTcxNy9pbWc2NDIyMTM3NC5qcGc/Zml0aW49NzAwOjcwMA==,MTk5Ni4wMDAw,,6LuK55So5ZOB44O744OQ44Kk44Kv55So5ZOBID4g44Kr44O855So5ZOBID4g5YaF6KOF44OR44O844OEID4g44OV44Kj44Or44Og77yI44K544Oi44O844Kv77yJID4g44OI44Oo44K/55So,44CQ6YCB5paZ54Sh5paZ44CR44GC44GZ5qW9IOWvvuW/nCDjg6rjgqIg44K544OX44Oq44Oz44K/44O844OI44Os44OOIOOCr+ODvOODmiBFMTAg44Kr44OD44OI5riI44G/IOOCq+ODvOODleOCo+ODq+ODoCDou4rnqK7liKUg44K544Oi44O844KvIOOCu+ODg+ODiCDou4rnqK7lsILnlKgg44Km44Kk44Oz44OJ44KmIOeqk+OCrOODqeOCuSDmiJDlvaIg44OV44Kk44Or44OgVVbjgqvjg4Pjg4gg44OP44O844OJ44Kz44O844OIIERJWSDmlr3lt6Ug5pa55rOVIOiyvOOCiuaWuSAz56iu6aGe44Gu6YCP6YGO546H6YCa6LKpIOWkp+mYquOAkFJDUOOAkQ==,,PENFTlRFUj48aW1nIHNyYz1odHRwOi8vaW1hZ2UucmFrdXRlbi5jby5qcC9hdWMtYXV0b21heC9jYWJpbmV0LzAzNDA2NjM4L2ltZ3JjMDA2ODE3NjkyMS5naWYgd2lkdGg9NjAwPjwvY2VudGVyPjxCUj48Q0VOVEVSPjxCUj48Rk9OVCBTSVpFPTUgQ09MT1I9I2ZmMDAwMD7lvZPlupfjga7jgqvjg4Pjg4jmuIjjgb/jgqvjg7zjg5XjgqPjg6vjg6Djga88L0ZPTlQ+PEJSPjxGT05UIFNJWkU9NSBDT0xPUj0jZmYwMDAwPjxCPk1BREXjgIBJTuOAgEpBUEFO44CAPC9CPjwvRk9OVD48QlI+PEZPTlQgU0laRT01IENPTE9SPSNmZjAwMDA+77yI57Sr5aSW57eaVVbjgIA5Oe+8heOCq+ODg+ODiO+8ieOBp+OBmeOAgjwvRk9OVD48QlI+PFRSPiA8VEQgSEVJR0hUPTY+PC9URD4gPFREIEhFSUdIVD02PjwvVEQ+IDxURCBIRUlHSFQ9Nj48L1REPiA8L1RSPjxCUj48Q0VOVEVSPjxGT05UIENPTE9SPSNDQ0JCQUEgU0laRT00PjxCPjwvQj48L0ZPTlQ+PEJSPjxCUj48VEFCTEUgV0lEVEg9NjAwIENFTExTUEFDSU5HPTEgQk9SREVSPTAgQ0VMTFBBRERJTkc9MSBCR0NPTE9SPSNDQ0NDQ0M+PFRSPjxURCBCR0NPTE9SPSNGRjdGNTA+PFRBQkxFIFdJRFRIPTEwMCUgQ0VMTFNQQUNJTkc9MiBCT1JERVI9MCBDRUxMUEFERElORz01PjxUUj48VEQgQUxJR049bGVmdCBCR0NPTE9SPSNGRjdGNTA+PEZPTlQgQ09MT1I9IzMzMzMzMyBTSVpFPTM+PEI+4piF4piF5ZWG5ZOB6Kqs5piO4piF4piFPC9CPjwvRk9OVD48L1REPjwvVFI+PC9UQUJMRT48VEFCTEUgV0lEVEg9MTAwJSBDRUxMU1BBQ0lORz0yIEJPUkRFUj0wIENFTExQQURESU5HPTA+PFRSPjxURCBIRUlHSFQ9MiBCR0NPTE9SPSNDQ0JCQUE+PC9URD48L1RSPjwvVEFCTEU+PFRBQkxFIFdJRFRIPTEwMCUgQ0VMTFNQQUNJTkc9MiBCT1JERVI9MCBDRUxMUEFERElORz01PjxUUj48VEQgQUxJR049bGVmdCBCR0NPTE9SPSNGRkY4RUU+PEZPTlQgQ09MT1I9IzMzMzMzMyBTSVpFPTM+PEJSPuS+oeagvOOCkui2iuOBiOOBn+WTgeizquOCkuaPkOS+m+OBhOOBn+OBl+OBpuOBiuOCiuOBvuOBmeOBruOBp+OBlOWuieW/g+OBj+OBoOOBleOBhOOAgjxCUj7lvZPmlrnjga7jg5XjgqPjg6vjg6Djga9JU08gOTAwMeWPluW+l+W3peWgtOOBq+OBpuijvemAoOOBleOCjOOAgTxCUj7kuJbnlYznmoTjgavmlaznp7DjgZXjgozjgovjgIBVS0FT44CM6Iux5Zu96KqN6Ki85qmf6Zai6KqN5a6a5a+p6K2w5Lya44CNPEJSPuOBruiqjeiovOOCguWPluW+l+OBl+OBpuOBiuOCiuOBvuOBmeOAguOAgOOAgFJlZy5OTyAwNTkuQTxCUj48QlI+4piF4piF4piF4piF4piF6YGp5ZCI6LuK56iu4piF4piF4piF4piF4piFPEJSPjxCUj4KIOODoeODvOOCq+ODvO+8muODiOODqOOCvyA8QlI+6LuK5ZCN77ya44K544OX44Oq44Oz44K/44O844OI44Os44OO44CA44Kv44O844OaIDxCUj7ou4rovIzlnovlvI/vvJpBRTEwMOODuzEwMSA8QlI+5bm05byP77ya5bmz5oiQMy42772eNy41CjxCUj48QlI+4piF4piF4piF4piF4piF44K744OD44OI5YaF5a654piF4piF4piF4piF4piFPEJSPjxCUj7jgr/jgqTjg4jjg6vjga7jgoLjga7jgajjgarjgorjgb7jgZnjgII8QlI+44OV44Ot44Oz44OI44Gu5aC05ZCIPemBi+i7ouW4rS/liqnmiYvluK3jgJDkuInop5LnqpPjgYzjgYLjgovjgoLjga7jga/lkKvjgb7jgozjgb7jgZnjgJE8QlI+44Oq44KiU0VU44Gu5aC05ZCIPeODleODreODs+ODiOOAkOmBi+i7ouW4rS/liqnmiYvluK3jgJHjgojjgorlvozjgo3lhajjgabjga5TRVTjgafjgZk8QlI+55S75YOP44Gv44Kk44Oh44O844K444Gn44GZ44Gu44Gn44CA6LuK56iu44Gr44KI44KK55Ww44Gq44KK44G+44GZ44CCPEJSPuOBlOizvOWFpeaZguOAgTPoibLjga7kuK3jgYvjgonjgYrpgbjjgbPjgY/jgaDjgZXjgYTjgII8QlI+44O744KC44Gj44Go44KC5r+D44GE44K544Oi44O844KvPeOCueODvOODkeODvOODluODqeODg+OCr++8le+8hTxCUj7jg7vmv4PjgYTjgrnjg6Ljg7zjgq8944OA44O844Kv44K544Oi44O844Kv77yR77yV77yFPEJSPuODu+e0lOato+WQjOanmOOBruOCueODouODvOOCrz3jg5fjg6njgqTjg5Djgrfjg7zjgrnjg6Ljg7zjgq/vvJLvvJbvvIU8QlI+44GU5rOo5paH5b6M44Gu6Imy44Gu5aSJ5pu044Gv5Ye65p2l44GL44Gt44G+44GZ44CCPEJSPjxCUj48QlI+44O7IOeUu+WDj+OBr+OCpOODoeODvOOCuOOBp+OBmeOAgjxCUj7jg7sg44OV44Kj44Or44Og44Gv44Kt44K644Gu44Gk44GN44Gr44GP44GEPEJSPuODj+ODvOODieOCs+ODvOODiOODleOCo+ODq+ODoOOCkuS9v+eUqOOBl+OBpuOBiuOCiuOBvuOBmeOAgjxCUj48QlI+PEZPTlQgU0laRT01PuKYheKYheKYheazqOaEj+S6i+mghS/lhY3osqzkuovpoIXimIXimIXimIU8L0ZPTlQ+PEJSPuODu+alreWLmeeUqOOBrueCuuWklueuseODu+iqrOaYjuabuOetieS7mOWxnuiHtOOBl+OBvuOBm+OCk+OAgjxCUj7jg7vpoJjlj47mm7jjga7nmbrooYzjga/jgafjgY3jgb7jgZvjgpPjga7jgafjgZTkuobmib/kuIvjgZXjgYTjgII8QlI+44O75L2/55So5rOV562J44Gr6Zai44GZ44KL44K144Od44O844OI44Gv5LiA5YiH5Ye65p2l44G+44Gb44KT44CCPEJSPumBqeWQiOOBi+WQpuOBi+OBq+OBpOOBjeOBvuOBl+OBpuOBr+WVhuWTgeiqrOaYjuOBq+iomOi8ieOBl+OBpuOBiuOCiuOBvuOBmTxCUj7pganlkIjou4rnqK7jg7vlnovlvI/jg7vlubTlvI/jgavjgabjgYrlrqLmp5jjgZToh6rouqvjgafjgZTliKTmlq3jgYrpoZjjgYToh7TjgZfjgb7jgZnjgII8QlI+PEJSPjxCUj48Rk9OVCBTSVpFPTU+44CQ44GU6LO85YWl5YmN44Gr5b+F44Ga44Kv44Oq44OD44Kv44CRPC9GT05UPjxCUj7jgZTos7zlhaXpoILjgYTjgZ/mmYLngrnjgafjgIHkuIroqJjjgpLjgq/jg6rjg4Pjgq/jgZc8QlI+44GU56K66KqN44O744GU5LqG5om/6aCC44GE44Gf5LiK44Gn44Gu44GU6LO85YWl44Go5Yik5pat44GXPEJSPuOBiuWPluW8leOBleOBm+OBpumgguOBjeOBvuOBmeOAgjxCUj7jgZTos7zlhaXlvozjga7jgq3jg6Pjg7Pjgrvjg6vjga/jgYrmlq3jgorjgZfjgabjgYrjgorjgb7jgZnjgII8QlI+PEJSPjxCUj48Rk9OVCBTSVpFPTU+44CQ5pat54ax44OV44Kj44Or44Og44G444Gu5aSJ5pu044Kq44OX44K344On44Oz44CRPC9GT05UPjxCUj7mlq3nhrHjgr/jgqTjg5fjga7jg5XjgqPjg6vjg6DjgpLjgZTluIzmnJvjga7loLTlkIjjgIHkuIroqJjjg6rjg7Pjgq/jgpLjgq/jg6rjg4Pjgq/jgZc8QlI+44GU5biM5pyb44Gu6LuK56iu5Yil44Kr44OD44OI5riI44G/44Kr44O844OV44Kj44Or44Og44Go5LiA57eS44Gr44CB44GU6LO85YWl5omL57aa44GN44GK6aGY44GE44GX44G+44GZ44CCPEJSPjxCUj48QlI+PEZPTlQgU0laRT01PuOAkOODn+ODqeODvOODleOCo+ODq+ODoOOBp+OBruOCq+ODg+ODiCDjgqrjg5fjgrfjg6fjg7PjgJE8L0ZPTlQ+PEJSPuODn+ODqeODvOODleOCo+ODq+ODoOOBp+OBruijveS9nOOCkuOBlOW4jOacm+OBruWgtOWQiOOAgeS4iuiomOODquODs+OCr+OCkuOCr+ODquODg+OCr+OBlzxCUj7jgZTluIzmnJvjga7ou4rnqK7liKXjgqvjg4Pjg4jmuIjjgb/jgqvjg7zjg5XjgqPjg6vjg6DjgajkuIDnt5LjgavjgIHjgZTos7zlhaXmiYvntprjgY3jgYrpoZjjgYTjgZfjgb7jgZnjgIIKPC9GT05UPjwvVEQ+PC9UUj48L1RBQkxFPjwvVEQ+PC9UUj48L1RBQkxFPjxCUj48QlI+PEJSPjxUQUJMRSBXSURUSD02MDAgQ0VMTFNQQUNJTkc9MSBCT1JERVI9MCBDRUxMUEFERElORz0xIEJHQ09MT1I9I0NDQ0NDQz48VFI+PFREIEJHQ09MT1I9I0ZGN0Y1MD48VEFCTEUgV0lEVEg9MTAwJSBDRUxMU1BBQ0lORz0yIEJPUkRFUj0wIENFTExQQURESU5HPTU+PFRSPjxURCBBTElHTj1sZWZ0IEJHQ09MT1I9I0ZGN0Y1MD48Rk9OVCBDT0xPUj0jMzMzMzMzIFNJWkU9Mz48Qj7imIXimIXnmbrpgIHmlrnms5Uv6YCB5paZ4piF4piFPC9CPjwvRk9OVD48L1REPjwvVFI+PC9UQUJMRT48VEFCTEUgV0lEVEg9MTAwJSBDRUxMU1BBQ0lORz0yIEJPUkRFUj0wIENFTExQQURESU5HPTA+PFRSPjxURCBIRUlHSFQ9MiBCR0NPTE9SPSNDQ0JCQUE+PC9URD48L1RSPjwvVEFCTEU+PFRBQkxFIFdJRFRIPTEwMCUgQ0VMTFNQQUNJTkc9MiBCT1JERVI9MCBDRUxMUEFERElORz01PjxUUj48VEQgQUxJR049bGVmdCBCR0NPTE9SPSNGRkY4RUU+PEZPTlQgQ09MT1I9IzMzMzMzMyBTSVpFPTM+PEJSPuWVhuWTgeWQjeOBq+OAkOmAgeaWmeeEoeaWmeOAkeOBruiomOi8ieOBjOOBguOCi+WgtOWQiOOBr+OAgemAgeaWmeeEoeaWmeOBp+OBmeOAgjxCUj48QlI+PEZPTlQgU0laRT01PuOAkOWFqOWbvemAgeaWmeihqOOAkTwvRk9OVD7jgpLjgZTnorroqo3kuIvjgZXjgYTjgb7jgZvjgII8QlI+PEJSPuikh+aVsOOBruWVhuWTgeOCkuWQjOaiseWPr+iDveOBp+OBmeOAgjxCUj7igLvlkIzmorHjgpLjgZTluIzmnJvjga7loLTlkIjjgIHlv4XjgZrlkIzjgZjjgYrosrfjgYTnianjgqvjgrTvvIjjgqvjg7zjg4jvvInjgafjgZTms6jmlofkuIvjgZXjgYTjgII8QlI+5rOo5oSP77ya44Kr44O844OV44Kj44Or44Og44Gu6KSH5pWw5ZCM5qKx44Gu5aC05ZCI5LiA44Gk44Gu562S44Gr44G+44Go44KB44Gm5qKx5YyF6Ie044GX44G+44GZ44CCPEJSPuS6iOOCgeOBlOS6huaJv+S4i+OBleOBhOOBvuOBm+OAgjxCUj48QlI+4oC75Yil44CF44Gu44GK6LK344GE54mp44Kr44K044Gn5rOo5paH44GV44KM44Gf5aC05ZCI44Gv5Yil44CF44Gu562S44Gr5qKx5YyF44GX55m66YCB6Ie044GX44G+44GZ44CCPEJSPuOBneOBrueCuuOAgemAgeaWmeODu+S7o+W8leOBjeaJi+aVsOaWmeOBr+eZuumAgeWAi+aVsOWIhuiri+axguOBleOBm+OBpumgguOBjeOBvuOBmeOAgjxCUj48QlI+4oC75Yil44CF44Gu44GK6LK344GE54mp44Kr44K044Gn5rOo5paH44GX44CB6YCB5paZ77yR5YCL5Y+j5YiG44Gn44Gu44GK5pSv5omV44GEPEJSPuOBleOCjOOBn+WgtOWQiOOBr+WQjOaiseW4jOacm+OBqOWIpOaWreOBl+eZuumAgeiHtOOBl+OBvuOBmeOAgjxCUj48QlI+4piF55m66YCB44Gr6Zai44GZ44KL5rOo5oSP5LqL6aCF4piFPEJSPi0tLS0tLS0tLS0tLS0tLS0tLS0tLS0tLS0tLS0tLS0tLS0tLS0tLS0gPEJSPuW9k+aWueaMh+WumuWuheaApeS+v+OBp+OBmeOBruOBp+mFjemAgealreiAheOBr+mBuOaKnuOBp+OBjeOBvuOBm+OCk+OAgiA8QlI+5pmC6ZaT5oyH5a6a44Gv5a++5b+c44GE44Gf44GX44Gm44GK44KK44G+44Gb44KT44CCPEJSPueZuumAgemAo+e1oeOBq+iomOi8ieOBruWVj+OBhOWQiOOCj+OBm+eVquWPt+OBp+OBlOiHqui6q+OBp+OBlOeiuuiqjemgguOBkeOBvuOBmeOAgjxCUj7pm6Lls7bjga/nmbrpgIHjgYzkuIDml6XpgYXjgozjgb7jgZnjgIIgPEJSPi0tLS0tLS0tLS0tLS0tLS0tLS0tLS0tLS0tLS0tLS0tLS0tLS0tLS08QlI+4piF5ZWG5ZOB5Luj5byV4piF44CA44CAPEJSPuWuheaApeS+v+mAgeaWmSvliKXpgJTmiYvmlbDmlpnvvJPvvJfvvJDlhoYgPEJSPi0tLS0tLS0tLS0tLS0tLS0tLS0tLS0tLS0tLS0tLS0tLS0tLS0tLS0gPEJSPjEy5pmC5Y2K44G+44Gn44Gr44GU5YWl6YeR44GM56K66KqN5Ye65p2l44Gf44GU5rOo5paH44CBPEJSPuOBvuOBn+OBr+WVhuWTgeS7o+W8leOBruOBlOazqOaWh+OBr+WNs+aXpeeZuumAgeOBleOBm+OBpumgguOBjeOBvuOBmeOAgjxCUj7lrprkvJHml6XjgIDkvJrnpL7mpoLopoHoqJjovIkv6Ieo5pmC5LyR5qWt44Gu44GU5qGI5YaF44Gv5b2T5bqX44Oa44O844K45YaF44Gr5o6y6LyJ44GX44G+44GZ44CCPC9GT05UPjwvVEQ+PC9UUj48L1RBQkxFPjwvVEQ+PC9UUj48L1RBQkxFPjxCUj48VEFCTEUgV0lEVEg9NjAwIENFTExTUEFDSU5HPTEgQk9SREVSPTAgQ0VMTFBBRERJTkc9MSBCR0NPTE9SPSNDQ0NDQ0M+PFRSPjxURCBCR0NPTE9SPSNGRjdGNTA+PFRBQkxFIFdJRFRIPTEwMCUgQ0VMTFNQQUNJTkc9MiBCT1JERVI9MCBDRUxMUEFERElORz01PjxUUj48VEQgQUxJR049bGVmdCBCR0NPTE9SPSNGRjdGNTA+PEZPTlQgQ09MT1I9IzMzMzMzMyBTSVpFPTM+PEI+4piF4piF5pSv5omV5pa55rOV4piFPC9CPjwvRk9OVD48L1REPjwvVFI+PC9UQUJMRT48VEFCTEUgV0lEVEg9MTAwJSBDRUxMU1BBQ0lORz0yIEJPUkRFUj0wIENFTExQQURESU5HPTA+PFRSPjxURCBIRUlHSFQ9MiBCR0NPTE9SPSNDQ0JCQUE+PC9URD48L1RSPjwvVEFCTEU+PFRBQkxFIFdJRFRIPTEwMCUgQ0VMTFNQQUNJTkc9MiBCT1JERVI9MCBDRUxMUEFERElORz01PjxUUj48VEQgQUxJR049bGVmdCBCR0NPTE9SPSNGRkY4RUU+PEZPTlQgQ09MT1I9IzMzMzMzMyBTSVpFPTM+4peP5qW95aSp6YqA6KGM44CA5oyv6L68PEJSPuKXj+WVhuWTgeS7o+W8lTxCUj7il4/jgq/jg6zjgrjjg4Pjg4jjgqvjg7zjg4nmsbrmuIg8QlI+4peP44Kz44Oz44OT44OL5rG65riI77yI5YmN5omV44GE77yJPEJSPuKXj+alveWkqUVkeeaxuua4iDxCUj7il49hdeOBi+OCk+OBn+OCk+axuua4iDxCUj48L0ZPTlQ+PC9URD48L1RSPjwvVEFCTEU+PC9URD48L1RSPjwvVEFCTEU+PEJSPjxpbWcgc3JjPWh0dHA6Ly9pbWFnZS5yYWt1dGVuLmNvLmpwL2F1Yy1hdXRvbWF4L2NhYmluZXQvMDM0MDY2MzgvaW1ncmMwMDY4MTc2OTI0LmdpZiB3aWR0aD02MDA+PEJSPjxCUj48SU1HIFNSQz1odHRwOi8vaW1hZ2UucmFrdXRlbi5jby5qcC9hdWMtYXV0b21heC9jYWJpbmV0LzAzNTYxOTI1L2ltZzYzMTkzNzgzLmdpZiBXSURUSD02MDA+PC9DRU5URVI+PEJSPjxCUj48Q0VOVEVSPjxJTUcgV0lEVEg9NTIwIFNSQz1odHRwOi8vaW1hZ2UucmFrdXRlbi5jby5qcC9hdWMtYXV0b21heC9jYWJpbmV0LzAyNTY1NzE3L2ltZzY0NzUzMTExLmdpZj48QlI+PElNRyBXSURUSD01MjAgU1JDPWh0dHA6Ly9pbWFnZS5yYWt1dGVuLmNvLmpwL2F1Yy1hdXRvbWF4L2NhYmluZXQvMDI1NjU3MTcvaW1nNjQ3NTc5ODcuZ2lmPjxCUj48L0NFTlRFUj48L0NFTlRFUj48L1RBQkxFPjwvQ0VOVEVSPjxjZW50ZXI+Cjxicj4KPGltZyBTUkM9aHR0cDovL2ltYWdlLnJha3V0ZW4uY28uanAvYXVjLWF1dG9tYXgvY2FiaW5ldC9pbWdyYzAwNjczODIyNzYuZ2lmIHdpZHRoPTY3MCBoZWlnaHQ9NDAwPjxCUj4KPGJyPgo8aW1nIFNSQz1odHRwOi8vaW1hZ2UucmFrdXRlbi5jby5qcC9hdWMtYXV0b21heC9jYWJpbmV0L2ltZzYwMzMzMDA0LmdpZiB3aWR0aD02NzAgaGVpZ2h0PTEyMD48QlI+Cjxicj4KCjxicj48L2NlbnRlcj4=,44CQ6YCB5paZ54Sh5paZ44CR44GC44GZ5qW9IOWvvuW/nCDjg6rjgqIg44K544OX44Oq44Oz44K/44O844OI44Os44OOIOOCr+ODvOODmiBFMTAg44Kr44OD44OI5riI44G/IOOCq+ODvOODleOCo+ODq+ODoCDou4rnqK7liKUg44K544Oi44O844KvIOOCu+ODg+ODiCDou4rnqK7lsILnlKgg44Km44Kk44Oz44OJ44KmIOeqk+OCrOODqeOCuSDmiJDlvaIg44OV44Kk44Or44OgVVbjgqvjg4Pjg4gg44OP44O844OJ44Kz44O844OIIERJWSDmlr3lt6Ug5pa55rOVIOiyvOOCiuaWuSAz56iu6aGe44Gu6YCP6YGO546H6YCa6LKpIOWkp+mYquOAkFJDUOOAke+8mkFVVE9NQVggaXp1bWk=,44Kr44OD44OG44Kj44Oz44Kw44K344O844OI44Oi44OL44K/44O844K544K/44Oz44OJ44Ki44Or44Kr44Oz44K/44O844Op6Kq/44K544Ko44O844OJ55Sf5Zyw44K344O844OI5rGO55So44OR44O844OE6Ieq5YuV6LuK44Ki44Kv44K744K144Oq44O844Oh44OD44Kt44Oi44O844Or6YCB5paZ54Sh5paZ44K544OG44OD44Kr44O844Kr44O855So5ZOB44OQ44Kk44Kv55So5ZOB44OJ44Os44K544Ki44OD44OX44Op44Kw44K444Ol44Ki44Oq44O85YaF6KOF5aSW6KOF44Kr44OD44OI5riI44G/44Kr44O844OV44Kj44Or44Og5aSn6Ziq6YCa6LKp5r+A5a6J5qC85a6J5pa95bel44CQ6YCB5paZ54Sh5paZ44CR44GC44GZ5qW9IOWvvuW/nCDjg6rjgqIg44K544OX44Oq44Oz44K/44O844OI44Os44OOIOOCr+ODvOODmiBFMTAg44Kr44OD44OI5riI44G/IOOCq+ODvOODleOCo+ODq+ODoCDou4rnqK7liKUg44K544Oi44O844KvIOOCu+ODg+ODiCDou4rnqK7lsILnlKgg44Km44Kk44Oz44OJ44KmIOeqk+OCrOODqeOCuSDmiJDlvaIg44OV44Kk44Or44OgVVbjgqvjg4Pjg4gg44OP44O844OJ44Kz44O844OIIERJWSDmlr3lt6Ug5pa55rOVIOiyvOOCiuaWuSAz56iu6aGe44Gu6YCP6YGO546H6YCa6LKpIOWkp+mYquOAkFJDUOOAkQ==,6YCB5paZ54Sh5paZ77yI5YyX5rW36YGTL+aylue4hOmZpOOBj++8ieS7o+W8leOBjeOBruWgtOWQiOOAgeWIpemAlOaJi+aVsOaWmTM3MOWGhuOAguOAkOmAgeaWmeeEoeaWmeOAkeOBguOBmealvSDlr77lv5wg44Oq44KiIOOCueODl+ODquODs+OCv+ODvOODiOODrOODjiDjgq/jg7zjg5ogRTEwIOOCq+ODg+ODiOa4iOOBvyDjgqvjg7zjg5XjgqPjg6vjg6Ag6LuK56iu5YilIOOCueODouODvOOCryDjgrvjg4Pjg4gg6LuK56iu5bCC55SoIOOCpuOCpOODs+ODieOCpiDnqpPjgqzjg6njgrkg5oiQ5b2iIOODleOCpOODq+ODoFVW44Kr44OD44OIIOODj+ODvOODieOCs+ODvOODiCBESVkg5pa95belIOaWueazlSDosrzjgormlrkgM+eorumhnuOBrumAj+mBjueOh+mAmuiyqSDlpKfpmKrjgJBSQ1DjgJE=[rn]
12-37284,aHR0cDovL3RzaG9wLnIxMHMuanAvYXVjLWF1dG9tYXgvY2FiaW5ldC8wMjU2NTcxNy9pbWc2NDIyMTM3MS5qcGc/Zml0aW49NzAwOjcwMA==,OTYwLjAwMDA=,,6LuK55So5ZOB44O744OQ44Kk44Kv55So5ZOBID4g44Kr44O855So5ZOBID4g5YaF6KOF44OR44O844OEID4g44OV44Kj44Or44Og77yI44K544Oi44O844Kv77yJID4g44OI44Oo44K/55So,44GC44GZ5qW9IOWvvuW/nCDjg5Xjg63jg7Pjg4gg44K544OX44Oq44Oz44K/44O844Oe44Oq44OOIEUxMCDjgqvjg4Pjg4jmuIjjgb8g44Kr44O844OV44Kj44Or44OgIOi7iueoruWIpSDjgrnjg6Ljg7zjgq8g44K744OD44OIIOi7iueoruWwgueUqCDjgqbjgqTjg7Pjg4njgqYg56qT44Ks44Op44K5IOaIkOW9oiDjg5XjgqTjg6vjg6BVVuOCq+ODg+ODiCDjg4/jg7zjg4njgrPjg7zjg4ggRElZIOaWveW3pSDmlrnms5Ug6LK844KK5pa5IDPnqK7poZ7jga7pgI/pgY7njofpgJrosqkg5aSn6ZiqIOOAkOWVhuWTgeS4gOimp+OAkQ==,,PENFTlRFUj48aW1nIHNyYz1odHRwOi8vaW1hZ2UucmFrdXRlbi5jby5qcC9hdWMtYXV0b21heC9jYWJpbmV0LzAzNDA2NjM4L2ltZ3JjMDA2ODE3NjkyMS5naWYgd2lkdGg9NjAwPjwvY2VudGVyPjxCUj48Q0VOVEVSPjxCUj48Rk9OVCBTSVpFPTUgQ09MT1I9I2ZmMDAwMD7lvZPlupfjga7jgqvjg4Pjg4jmuIjjgb/jgqvjg7zjg5XjgqPjg6vjg6Djga88L0ZPTlQ+PEJSPjxGT05UIFNJWkU9NSBDT0xPUj0jZmYwMDAwPjxCPk1BREXjgIBJTuOAgEpBUEFO44CAPC9CPjwvRk9OVD48QlI+PEZPTlQgU0laRT01IENPTE9SPSNmZjAwMDA+77yI57Sr5aSW57eaVVbjgIA5Oe+8heOCq+ODg+ODiO+8ieOBp+OBmeOAgjwvRk9OVD48QlI+PFRSPiA8VEQgSEVJR0hUPTY+PC9URD4gPFREIEhFSUdIVD02PjwvVEQ+IDxURCBIRUlHSFQ9Nj48L1REPiA8L1RSPjxCUj48Q0VOVEVSPjxGT05UIENPTE9SPSNDQ0JCQUEgU0laRT00PjxCPjwvQj48L0ZPTlQ+PEJSPjxCUj48VEFCTEUgV0lEVEg9NjAwIENFTExTUEFDSU5HPTEgQk9SREVSPTAgQ0VMTFBBRERJTkc9MSBCR0NPTE9SPSNDQ0NDQ0M+PFRSPjxURCBCR0NPTE9SPSNGRjdGNTA+PFRBQkxFIFdJRFRIPTEwMCUgQ0VMTFNQQUNJTkc9MiBCT1JERVI9MCBDRUxMUEFERElORz01PjxUUj48VEQgQUxJR049bGVmdCBCR0NPTE9SPSNGRjdGNTA+PEZPTlQgQ09MT1I9IzMzMzMzMyBTSVpFPTM+PEI+4piF4piF5ZWG5ZOB6Kqs5piO4piF4piFPC9CPjwvRk9OVD48L1REPjwvVFI+PC9UQUJMRT48VEFCTEUgV0lEVEg9MTAwJSBDRUxMU1BBQ0lORz0yIEJPUkRFUj0wIENFTExQQURESU5HPTA+PFRSPjxURCBIRUlHSFQ9MiBCR0NPTE9SPSNDQ0JCQUE+PC9URD48L1RSPjwvVEFCTEU+PFRBQkxFIFdJRFRIPTEwMCUgQ0VMTFNQQUNJTkc9MiBCT1JERVI9MCBDRUxMUEFERElORz01PjxUUj48VEQgQUxJR049bGVmdCBCR0NPTE9SPSNGRkY4RUU+PEZPTlQgQ09MT1I9IzMzMzMzMyBTSVpFPTM+PEJSPuS+oeagvOOCkui2iuOBiOOBn+WTgeizquOCkuaPkOS+m+OBhOOBn+OBl+OBpuOBiuOCiuOBvuOBmeOBruOBp+OBlOWuieW/g+OBj+OBoOOBleOBhOOAgjxCUj7lvZPmlrnjga7jg5XjgqPjg6vjg6Djga9JU08gOTAwMeWPluW+l+W3peWgtOOBq+OBpuijvemAoOOBleOCjOOAgTxCUj7kuJbnlYznmoTjgavmlaznp7DjgZXjgozjgovjgIBVS0FT44CM6Iux5Zu96KqN6Ki85qmf6Zai6KqN5a6a5a+p6K2w5Lya44CNPEJSPuOBruiqjeiovOOCguWPluW+l+OBl+OBpuOBiuOCiuOBvuOBmeOAguOAgOOAgFJlZy5OTyAwNTkuQTxCUj48QlI+4piF4piF4piF4piF4piF6YGp5ZCI6LuK56iu4piF4piF4piF4piF4piFPEJSPgog44Oh44O844Kr44O877ya44OI44Oo44K/IDxCUj7ou4rlkI3vvJrjgrnjg5fjg6rjg7Pjgr/jg7zjg57jg6rjg44gPEJSPui7iui8jOWei+W8j++8mkFFMTAw44O7MTAxIDxCUj7lubTlvI/vvJrlubPmiJA0LjXvvZ4xMC44IAo8QlI+PEJSPuKYheKYheKYheKYheKYheOCu+ODg+ODiOWGheWuueKYheKYheKYheKYheKYhTxCUj48QlI+44K/44Kk44OI44Or44Gu44KC44Gu44Go44Gq44KK44G+44GZ44CCPEJSPuODleODreODs+ODiOOBruWgtOWQiD3pgYvou6LluK0v5Yqp5omL5bit44CQ5LiJ6KeS56qT44GM44GC44KL44KC44Gu44Gv5ZCr44G+44KM44G+44GZ44CRPEJSPuODquOColNFVOOBruWgtOWQiD3jg5Xjg63jg7Pjg4jjgJDpgYvou6LluK0v5Yqp5omL5bit44CR44KI44KK5b6M44KN5YWo44Gm44GuU0VU44Gn44GZPEJSPueUu+WDj+OBr+OCpOODoeODvOOCuOOBp+OBmeOBruOBp+OAgOi7iueoruOBq+OCiOOCiueVsOOBquOCiuOBvuOBmeOAgjxCUj7jgZTos7zlhaXmmYLjgIEz6Imy44Gu5Lit44GL44KJ44GK6YG444Gz44GP44Gg44GV44GE44CCPEJSPuODu+OCguOBo+OBqOOCgua/g+OBhOOCueODouODvOOCrz3jgrnjg7zjg5Hjg7zjg5bjg6njg4Pjgq/vvJXvvIU8QlI+44O75r+D44GE44K544Oi44O844KvPeODgOODvOOCr+OCueODouODvOOCr++8ke+8le+8hTxCUj7jg7vntJTmraPlkIzmp5jjga7jgrnjg6Ljg7zjgq8944OX44Op44Kk44OQ44K344O844K544Oi44O844Kv77yS77yW77yFPEJSPuOBlOazqOaWh+W+jOOBruiJsuOBruWkieabtOOBr+WHuuadpeOBi+OBreOBvuOBmeOAgjxCUj48QlI+PEJSPuODuyDnlLvlg4/jga/jgqTjg6Hjg7zjgrjjgafjgZnjgII8QlI+44O7IOODleOCo+ODq+ODoOOBr+OCreOCuuOBruOBpOOBjeOBq+OBj+OBhDxCUj7jg4/jg7zjg4njgrPjg7zjg4jjg5XjgqPjg6vjg6DjgpLkvb/nlKjjgZfjgabjgYrjgorjgb7jgZnjgII8QlI+PEJSPjxGT05UIFNJWkU9NT7imIXimIXimIXms6jmhI/kuovpoIUv5YWN6LKs5LqL6aCF4piF4piF4piFPC9GT05UPjxCUj7jg7vmpa3li5nnlKjjga7ngrrlpJbnrrHjg7voqqzmmI7mm7jnrYnku5jlsZ7oh7TjgZfjgb7jgZvjgpPjgII8QlI+44O76aCY5Y+O5pu444Gu55m66KGM44Gv44Gn44GN44G+44Gb44KT44Gu44Gn44GU5LqG5om/5LiL44GV44GE44CCPEJSPuODu+S9v+eUqOazleetieOBq+mWouOBmeOCi+OCteODneODvOODiOOBr+S4gOWIh+WHuuadpeOBvuOBm+OCk+OAgjxCUj7pganlkIjjgYvlkKbjgYvjgavjgaTjgY3jgb7jgZfjgabjga/llYblk4HoqqzmmI7jgavoqJjovInjgZfjgabjgYrjgorjgb7jgZk8QlI+6YGp5ZCI6LuK56iu44O75Z6L5byP44O75bm05byP44Gr44Gm44GK5a6i5qeY44GU6Ieq6Lqr44Gn44GU5Yik5pat44GK6aGY44GE6Ie044GX44G+44GZ44CCPEJSPjxCUj48QlI+PEZPTlQgU0laRT01PuOAkOOBlOizvOWFpeWJjeOBq+W/heOBmuOCr+ODquODg+OCr+OAkTwvRk9OVD48QlI+44GU6LO85YWl6aCC44GE44Gf5pmC54K544Gn44CB5LiK6KiY44KS44Kv44Oq44OD44Kv44GXPEJSPuOBlOeiuuiqjeODu+OBlOS6huaJv+mgguOBhOOBn+S4iuOBp+OBruOBlOizvOWFpeOBqOWIpOaWreOBlzxCUj7jgYrlj5blvJXjgZXjgZvjgabpoILjgY3jgb7jgZnjgII8QlI+44GU6LO85YWl5b6M44Gu44Kt44Oj44Oz44K744Or44Gv44GK5pat44KK44GX44Gm44GK44KK44G+44GZ44CCPEJSPjxCUj48QlI+PEZPTlQgU0laRT01PuOAkOaWreeGseODleOCo+ODq+ODoOOBuOOBruWkieabtOOCquODl+OCt+ODp+ODs+OAkTwvRk9OVD48QlI+5pat54ax44K/44Kk44OX44Gu44OV44Kj44Or44Og44KS44GU5biM5pyb44Gu5aC05ZCI44CB5LiK6KiY44Oq44Oz44Kv44KS44Kv44Oq44OD44Kv44GXPEJSPuOBlOW4jOacm+OBrui7iueoruWIpeOCq+ODg+ODiOa4iOOBv+OCq+ODvOODleOCo+ODq+ODoOOBqOS4gOe3kuOBq+OAgeOBlOizvOWFpeaJi+e2muOBjeOBiumhmOOBhOOBl+OBvuOBmeOAgjxCUj48QlI+PEJSPjxGT05UIFNJWkU9NT7jgJDjg5/jg6njg7zjg5XjgqPjg6vjg6Djgafjga7jgqvjg4Pjg4gg44Kq44OX44K344On44Oz44CRPC9GT05UPjxCUj7jg5/jg6njg7zjg5XjgqPjg6vjg6Djgafjga7oo73kvZzjgpLjgZTluIzmnJvjga7loLTlkIjjgIHkuIroqJjjg6rjg7Pjgq/jgpLjgq/jg6rjg4Pjgq/jgZc8QlI+44GU5biM5pyb44Gu6LuK56iu5Yil44Kr44OD44OI5riI44G/44Kr44O844OV44Kj44Or44Og44Go5LiA57eS44Gr44CB44GU6LO85YWl5omL57aa44GN44GK6aGY44GE44GX44G+44GZ44CCCjwvRk9OVD48L1REPjwvVFI+PC9UQUJMRT48L1REPjwvVFI+PC9UQUJMRT48QlI+PEJSPjxCUj48VEFCTEUgV0lEVEg9NjAwIENFTExTUEFDSU5HPTEgQk9SREVSPTAgQ0VMTFBBRERJTkc9MSBCR0NPTE9SPSNDQ0NDQ0M+PFRSPjxURCBCR0NPTE9SPSNGRjdGNTA+PFRBQkxFIFdJRFRIPTEwMCUgQ0VMTFNQQUNJTkc9MiBCT1JERVI9MCBDRUxMUEFERElORz01PjxUUj48VEQgQUxJR049bGVmdCBCR0NPTE9SPSNGRjdGNTA+PEZPTlQgQ09MT1I9IzMzMzMzMyBTSVpFPTM+PEI+4piF4piF55m66YCB5pa55rOVL+mAgeaWmeKYheKYhTwvQj48L0ZPTlQ+PC9URD48L1RSPjwvVEFCTEU+PFRBQkxFIFdJRFRIPTEwMCUgQ0VMTFNQQUNJTkc9MiBCT1JERVI9MCBDRUxMUEFERElORz0wPjxUUj48VEQgSEVJR0hUPTIgQkdDT0xPUj0jQ0NCQkFBPjwvVEQ+PC9UUj48L1RBQkxFPjxUQUJMRSBXSURUSD0xMDAlIENFTExTUEFDSU5HPTIgQk9SREVSPTAgQ0VMTFBBRERJTkc9NT48VFI+PFREIEFMSUdOPWxlZnQgQkdDT0xPUj0jRkZGOEVFPjxGT05UIENPTE9SPSMzMzMzMzMgU0laRT0zPjxCUj7llYblk4HlkI3jgavjgJDpgIHmlpnnhKHmlpnjgJHjga7oqJjovInjgYzjgYLjgovloLTlkIjjga/jgIHpgIHmlpnnhKHmlpnjgafjgZnjgII8QlI+PEJSPjxGT05UIFNJWkU9NT7jgJDlhajlm73pgIHmlpnooajjgJE8L0ZPTlQ+44KS44GU56K66KqN5LiL44GV44GE44G+44Gb44CCPEJSPjxCUj7opIfmlbDjga7llYblk4HjgpLlkIzmorHlj6/og73jgafjgZnjgII8QlI+4oC75ZCM5qKx44KS44GU5biM5pyb44Gu5aC05ZCI44CB5b+F44Ga5ZCM44GY44GK6LK344GE54mp44Kr44K077yI44Kr44O844OI77yJ44Gn44GU5rOo5paH5LiL44GV44GE44CCPEJSPuazqOaEj++8muOCq+ODvOODleOCo+ODq+ODoOOBruikh+aVsOWQjOaiseOBruWgtOWQiOS4gOOBpOOBruetkuOBq+OBvuOBqOOCgeOBpuaiseWMheiHtOOBl+OBvuOBmeOAgjxCUj7kuojjgoHjgZTkuobmib/kuIvjgZXjgYTjgb7jgZvjgII8QlI+PEJSPuKAu+WIpeOAheOBruOBiuiyt+OBhOeJqeOCq+OCtOOBp+azqOaWh+OBleOCjOOBn+WgtOWQiOOBr+WIpeOAheOBruetkuOBq+aiseWMheOBl+eZuumAgeiHtOOBl+OBvuOBmeOAgjxCUj7jgZ3jga7ngrrjgIHpgIHmlpnjg7vku6PlvJXjgY3miYvmlbDmlpnjga/nmbrpgIHlgIvmlbDliIboq4vmsYLjgZXjgZvjgabpoILjgY3jgb7jgZnjgII8QlI+PEJSPuKAu+WIpeOAheOBruOBiuiyt+OBhOeJqeOCq+OCtOOBp+azqOaWh+OBl+OAgemAgeaWme+8keWAi+WPo+WIhuOBp+OBruOBiuaUr+aJleOBhDxCUj7jgZXjgozjgZ/loLTlkIjjga/lkIzmorHluIzmnJvjgajliKTmlq3jgZfnmbrpgIHoh7TjgZfjgb7jgZnjgII8QlI+PEJSPuKYheeZuumAgeOBq+mWouOBmeOCi+azqOaEj+S6i+mgheKYhTxCUj4tLS0tLS0tLS0tLS0tLS0tLS0tLS0tLS0tLS0tLS0tLS0tLS0tLS0tIDxCUj7lvZPmlrnmjIflrprlroXmgKXkvr/jgafjgZnjga7jgafphY3pgIHmpa3ogIXjga/pgbjmip7jgafjgY3jgb7jgZvjgpPjgIIgPEJSPuaZgumWk+aMh+WumuOBr+WvvuW/nOOBhOOBn+OBl+OBpuOBiuOCiuOBvuOBm+OCk+OAgjxCUj7nmbrpgIHpgKPntaHjgavoqJjovInjga7llY/jgYTlkIjjgo/jgZvnlarlj7fjgafjgZToh6rouqvjgafjgZTnorroqo3poILjgZHjgb7jgZnjgII8QlI+6Zui5bO244Gv55m66YCB44GM5LiA5pel6YGF44KM44G+44GZ44CCIDxCUj4tLS0tLS0tLS0tLS0tLS0tLS0tLS0tLS0tLS0tLS0tLS0tLS0tLS0tPEJSPuKYheWVhuWTgeS7o+W8leKYheOAgOOAgDxCUj7lroXmgKXkvr/pgIHmlpkr5Yil6YCU5omL5pWw5paZ77yT77yX77yQ5YaGIDxCUj4tLS0tLS0tLS0tLS0tLS0tLS0tLS0tLS0tLS0tLS0tLS0tLS0tLS0tIDxCUj4xMuaZguWNiuOBvuOBp+OBq+OBlOWFpemHkeOBjOeiuuiqjeWHuuadpeOBn+OBlOazqOaWh+OAgTxCUj7jgb7jgZ/jga/llYblk4Hku6PlvJXjga7jgZTms6jmlofjga/ljbPml6XnmbrpgIHjgZXjgZvjgabpoILjgY3jgb7jgZnjgII8QlI+5a6a5LyR5pel44CA5Lya56S+5qaC6KaB6KiY6LyJL+iHqOaZguS8kealreOBruOBlOahiOWGheOBr+W9k+W6l+ODmuODvOOCuOWGheOBq+aOsui8ieOBl+OBvuOBmeOAgjwvRk9OVD48L1REPjwvVFI+PC9UQUJMRT48L1REPjwvVFI+PC9UQUJMRT48QlI+PFRBQkxFIFdJRFRIPTYwMCBDRUxMU1BBQ0lORz0xIEJPUkRFUj0wIENFTExQQURESU5HPTEgQkdDT0xPUj0jQ0NDQ0NDPjxUUj48VEQgQkdDT0xPUj0jRkY3RjUwPjxUQUJMRSBXSURUSD0xMDAlIENFTExTUEFDSU5HPTIgQk9SREVSPTAgQ0VMTFBBRERJTkc9NT48VFI+PFREIEFMSUdOPWxlZnQgQkdDT0xPUj0jRkY3RjUwPjxGT05UIENPTE9SPSMzMzMzMzMgU0laRT0zPjxCPuKYheKYheaUr+aJleaWueazleKYhTwvQj48L0ZPTlQ+PC9URD48L1RSPjwvVEFCTEU+PFRBQkxFIFdJRFRIPTEwMCUgQ0VMTFNQQUNJTkc9MiBCT1JERVI9MCBDRUxMUEFERElORz0wPjxUUj48VEQgSEVJR0hUPTIgQkdDT0xPUj0jQ0NCQkFBPjwvVEQ+PC9UUj48L1RBQkxFPjxUQUJMRSBXSURUSD0xMDAlIENFTExTUEFDSU5HPTIgQk9SREVSPTAgQ0VMTFBBRERJTkc9NT48VFI+PFREIEFMSUdOPWxlZnQgQkdDT0xPUj0jRkZGOEVFPjxGT05UIENPTE9SPSMzMzMzMzMgU0laRT0zPuKXj+alveWkqemKgOihjOOAgOaMr+i+vDxCUj7il4/llYblk4Hku6PlvJU8QlI+4peP44Kv44Os44K444OD44OI44Kr44O844OJ5rG65riIPEJSPuKXj+OCs+ODs+ODk+ODi+axuua4iO+8iOWJjeaJleOBhO+8iTxCUj7il4/mpb3lpKlFZHnmsbrmuIg8QlI+4pePYXXjgYvjgpPjgZ/jgpPmsbrmuIg8QlI+PC9GT05UPjwvVEQ+PC9UUj48L1RBQkxFPjwvVEQ+PC9UUj48L1RBQkxFPjxCUj48aW1nIHNyYz1odHRwOi8vaW1hZ2UucmFrdXRlbi5jby5qcC9hdWMtYXV0b21heC9jYWJpbmV0LzAzNDA2NjM4L2ltZ3JjMDA2ODE3NjkyNC5naWYgd2lkdGg9NjAwPjxCUj48QlI+PElNRyBTUkM9aHR0cDovL2ltYWdlLnJha3V0ZW4uY28uanAvYXVjLWF1dG9tYXgvY2FiaW5ldC8wMzU2MTkyNS9pbWc2MzE5Mzc4My5naWYgV0lEVEg9NjAwPjwvQ0VOVEVSPjxCUj48QlI+PENFTlRFUj48SU1HIFdJRFRIPTUyMCBTUkM9aHR0cDovL2ltYWdlLnJha3V0ZW4uY28uanAvYXVjLWF1dG9tYXgvY2FiaW5ldC8wMjU2NTcxNy9pbWc2NDc1MzExMS5naWY+PEJSPjxJTUcgV0lEVEg9NTIwIFNSQz1odHRwOi8vaW1hZ2UucmFrdXRlbi5jby5qcC9hdWMtYXV0b21heC9jYWJpbmV0LzAyNTY1NzE3L2ltZzY0NzU3OTg3LmdpZj48QlI+PC9DRU5URVI+PC9DRU5URVI+PC9UQUJMRT48L0NFTlRFUj48Y2VudGVyPgo8YnI+CjxpbWcgU1JDPWh0dHA6Ly9pbWFnZS5yYWt1dGVuLmNvLmpwL2F1Yy1hdXRvbWF4L2NhYmluZXQvaW1ncmMwMDY3MzgyMjc2LmdpZiB3aWR0aD02NzAgaGVpZ2h0PTQwMD48QlI+Cjxicj4KPGltZyBTUkM9aHR0cDovL2ltYWdlLnJha3V0ZW4uY28uanAvYXVjLWF1dG9tYXgvY2FiaW5ldC9pbWc2MDMzMzAwNC5naWYgd2lkdGg9NjcwIGhlaWdodD0xMjA+PEJSPgo8YnI+Cgo8YnI+PC9jZW50ZXI+,44GC44GZ5qW9IOWvvuW/nCDjg5Xjg63jg7Pjg4gg44K544OX44Oq44Oz44K/44O844Oe44Oq44OOIEUxMCDjgqvjg4Pjg4jmuIjjgb8g44Kr44O844OV44Kj44Or44OgIOi7iueoruWIpSDjgrnjg6Ljg7zjgq8g44K744OD44OIIOi7iueoruWwgueUqCDjgqbjgqTjg7Pjg4njgqYg56qT44Ks44Op44K5IOaIkOW9oiDjg5XjgqTjg6vjg6BVVuOCq+ODg+ODiCDjg4/jg7zjg4njgrPjg7zjg4ggRElZIOaWveW3pSDmlrnms5Ug6LK844KK5pa5IDPnqK7poZ7jga7pgI/pgY7njofpgJrosqkg5aSn6ZiqIOOAkOWVhuWTgeS4gOimp+OAke+8mkFVVE9NQVggaXp1bWk=,44Kr44OD44OG44Kj44Oz44Kw44K344O844OI44Oi44OL44K/44O844K544K/44Oz44OJ44Ki44Or44Kr44Oz44K/44O844Op6Kq/44K544Ko44O844OJ55Sf5Zyw44K344O844OI5rGO55So44OR44O844OE6Ieq5YuV6LuK44Ki44Kv44K744K144Oq44O844Oh44OD44Kt44Oi44O844Or6YCB5paZ54Sh5paZ44K544OG44OD44Kr44O844Kr44O855So5ZOB44OQ44Kk44Kv55So5ZOB44OJ44Os44K544Ki44OD44OX44Op44Kw44K444Ol44Ki44Oq44O85YaF6KOF5aSW6KOF44Kr44OD44OI5riI44G/44Kr44O844OV44Kj44Or44Og5aSn6Ziq6YCa6LKp5r+A5a6J5qC85a6J5pa95bel44GC44GZ5qW9IOWvvuW/nCDjg5Xjg63jg7Pjg4gg44K544OX44Oq44Oz44K/44O844Oe44Oq44OOIEUxMCDjgqvjg4Pjg4jmuIjjgb8g44Kr44O844OV44Kj44Or44OgIOi7iueoruWIpSDjgrnjg6Ljg7zjgq8g44K744OD44OIIOi7iueoruWwgueUqCDjgqbjgqTjg7Pjg4njgqYg56qT44Ks44Op44K5IOaIkOW9oiDjg5XjgqTjg6vjg6BVVuOCq+ODg+ODiCDjg4/jg7zjg4njgrPjg7zjg4ggRElZIOaWveW3pSDmlrnms5Ug6LK844KK5pa5IDPnqK7poZ7jga7pgI/pgY7njofpgJrosqkg5aSn6ZiqIOOAkOWVhuWTgeS4gOimp+OAkQ==,44GT44Gu5ZWG5ZOB44Gv6YCB5paZIOWFqOWbveS4gOW+izYwMOWGhiDjgafjgZko5YyX5rW36YGTL+aylue4hOmZpOOBjynlkIzmorHlj6/og73jgILjgILjgYLjgZnmpb0g5a++5b+cIOODleODreODs+ODiCDjgrnjg5fjg6rjg7Pjgr/jg7zjg57jg6rjg44gRTEwIOOCq+ODg+ODiOa4iOOBvyDjgqvjg7zjg5XjgqPjg6vjg6Ag6LuK56iu5YilIOOCueODouODvOOCryDjgrvjg4Pjg4gg6LuK56iu5bCC55SoIOOCpuOCpOODs+ODieOCpiDnqpPjgqzjg6njgrkg5oiQ5b2iIOODleOCpOODq+ODoFVW44Kr44OD44OIIOODj+ODvOODieOCs+ODvOODiCBESVkg5pa95belIOaWueazlSDosrzjgormlrkgM+eorumhnuOBrumAj+mBjueOh+mAmuiyqSDlpKfpmKog44CQ5ZWG5ZOB5LiA6Kan44CR[rn]
12-37285,aHR0cDovL3RzaG9wLnIxMHMuanAvYXVjLWF1dG9tYXgvY2FiaW5ldC8wMjU2NTcxNy9pbWc2NDIyMTM3My5qcGc/Zml0aW49NzAwOjcwMA==,MTQ2MC4wMDAw,,6LuK55So5ZOB44O744OQ44Kk44Kv55So5ZOBID4g44Kr44O855So5ZOBID4g5YaF6KOF44OR44O844OEID4g44OV44Kj44Or44Og77yI44K544Oi44O844Kv77yJID4g44OI44Oo44K/55So,44CQ6YCB5paZ54Sh5paZ44CR44GC44GZ5qW9IOWvvuW/nCDjg5Xjg63jg7Pjg4gg44K544OX44Oq44Oz44K/44O8IDREIOOCu+ODgOODsyBFMTEg44Kr44OD44OI5riI44G/IOOCq+ODvOODleOCo+ODq+ODoCDou4rnqK7liKUg44K544Oi44O844KvIOOCu+ODg+ODiCDou4rnqK7lsILnlKgg44Km44Kk44Oz44OJ44KmIOeqk+OCrOODqeOCuSDmiJDlvaIg44OV44Kk44Or44OgVVbjgqvjg4Pjg4gg44OP44O844OJ44Kz44O844OIIERJWSDmlr3lt6Ug5pa55rOVIOiyvOOCiuaWuSAz56iu6aGe44Gu6YCP6YGO546H6YCa6LKpIOWkp+mYquOAkFJDUOOAkQ==,,PENFTlRFUj48aW1nIHNyYz1odHRwOi8vaW1hZ2UucmFrdXRlbi5jby5qcC9hdWMtYXV0b21heC9jYWJpbmV0LzAzNDA2NjM4L2ltZ3JjMDA2ODE3NjkyMS5naWYgd2lkdGg9NjAwPjwvY2VudGVyPjxCUj48Q0VOVEVSPjxCUj48Rk9OVCBTSVpFPTUgQ09MT1I9I2ZmMDAwMD7lvZPlupfjga7jgqvjg4Pjg4jmuIjjgb/jgqvjg7zjg5XjgqPjg6vjg6Djga88L0ZPTlQ+PEJSPjxGT05UIFNJWkU9NSBDT0xPUj0jZmYwMDAwPjxCPk1BREXjgIBJTuOAgEpBUEFO44CAPC9CPjwvRk9OVD48QlI+PEZPTlQgU0laRT01IENPTE9SPSNmZjAwMDA+77yI57Sr5aSW57eaVVbjgIA5Oe+8heOCq+ODg+ODiO+8ieOBp+OBmeOAgjwvRk9OVD48QlI+PFRSPiA8VEQgSEVJR0hUPTY+PC9URD4gPFREIEhFSUdIVD02PjwvVEQ+IDxURCBIRUlHSFQ9Nj48L1REPiA8L1RSPjxCUj48Q0VOVEVSPjxGT05UIENPTE9SPSNDQ0JCQUEgU0laRT00PjxCPjwvQj48L0ZPTlQ+PEJSPjxCUj48VEFCTEUgV0lEVEg9NjAwIENFTExTUEFDSU5HPTEgQk9SREVSPTAgQ0VMTFBBRERJTkc9MSBCR0NPTE9SPSNDQ0NDQ0M+PFRSPjxURCBCR0NPTE9SPSNGRjdGNTA+PFRBQkxFIFdJRFRIPTEwMCUgQ0VMTFNQQUNJTkc9MiBCT1JERVI9MCBDRUxMUEFERElORz01PjxUUj48VEQgQUxJR049bGVmdCBCR0NPTE9SPSNGRjdGNTA+PEZPTlQgQ09MT1I9IzMzMzMzMyBTSVpFPTM+PEI+4piF4piF5ZWG5ZOB6Kqs5piO4piF4piFPC9CPjwvRk9OVD48L1REPjwvVFI+PC9UQUJMRT48VEFCTEUgV0lEVEg9MTAwJSBDRUxMU1BBQ0lORz0yIEJPUkRFUj0wIENFTExQQURESU5HPTA+PFRSPjxURCBIRUlHSFQ9MiBCR0NPTE9SPSNDQ0JCQUE+PC9URD48L1RSPjwvVEFCTEU+PFRBQkxFIFdJRFRIPTEwMCUgQ0VMTFNQQUNJTkc9MiBCT1JERVI9MCBDRUxMUEFERElORz01PjxUUj48VEQgQUxJR049bGVmdCBCR0NPTE9SPSNGRkY4RUU+PEZPTlQgQ09MT1I9IzMzMzMzMyBTSVpFPTM+PEJSPuS+oeagvOOCkui2iuOBiOOBn+WTgeizquOCkuaPkOS+m+OBhOOBn+OBl+OBpuOBiuOCiuOBvuOBmeOBruOBp+OBlOWuieW/g+OBj+OBoOOBleOBhOOAgjxCUj7lvZPmlrnjga7jg5XjgqPjg6vjg6Djga9JU08gOTAwMeWPluW+l+W3peWgtOOBq+OBpuijvemAoOOBleOCjOOAgTxCUj7kuJbnlYznmoTjgavmlaznp7DjgZXjgozjgovjgIBVS0FT44CM6Iux5Zu96KqN6Ki85qmf6Zai6KqN5a6a5a+p6K2w5Lya44CNPEJSPuOBruiqjeiovOOCguWPluW+l+OBl+OBpuOBiuOCiuOBvuOBmeOAguOAgOOAgFJlZy5OTyAwNTkuQTxCUj48QlI+4piF4piF4piF4piF4piF6YGp5ZCI6LuK56iu4piF4piF4piF4piF4piFPEJSPgog44Oh44O844Kr44O877ya44OI44Oo44K/IDxCUj7ou4rlkI3vvJrjgrnjg5fjg6rjg7Pjgr/jg7zjgIDvvJTjg4njgqLjgrvjg4Djg7MgPEJSPui7iui8jOWei+W8j++8mkVFMTExL0NFMTEw44O7MTEz44O7MTE044O7MTE2L0FFMTEw44O7MTEx44O7MTE0IDxCUj7lubTlvI/vvJrlubPmiJA3LjXvvZ4xMi44IAo8QlI+PEJSPuKYheKYheKYheKYheKYheOCu+ODg+ODiOWGheWuueKYheKYheKYheKYheKYhTxCUj48QlI+44K/44Kk44OI44Or44Gu44KC44Gu44Go44Gq44KK44G+44GZ44CCPEJSPuODleODreODs+ODiOOBruWgtOWQiD3pgYvou6LluK0v5Yqp5omL5bit44CQ5LiJ6KeS56qT44GM44GC44KL44KC44Gu44Gv5ZCr44G+44KM44G+44GZ44CRPEJSPuODquOColNFVOOBruWgtOWQiD3jg5Xjg63jg7Pjg4jjgJDpgYvou6LluK0v5Yqp5omL5bit44CR44KI44KK5b6M44KN5YWo44Gm44GuU0VU44Gn44GZPEJSPueUu+WDj+OBr+OCpOODoeODvOOCuOOBp+OBmeOBruOBp+OAgOi7iueoruOBq+OCiOOCiueVsOOBquOCiuOBvuOBmeOAgjxCUj7jgZTos7zlhaXmmYLjgIEz6Imy44Gu5Lit44GL44KJ44GK6YG444Gz44GP44Gg44GV44GE44CCPEJSPuODu+OCguOBo+OBqOOCgua/g+OBhOOCueODouODvOOCrz3jgrnjg7zjg5Hjg7zjg5bjg6njg4Pjgq/vvJXvvIU8QlI+44O75r+D44GE44K544Oi44O844KvPeODgOODvOOCr+OCueODouODvOOCr++8ke+8le+8hTxCUj7jg7vntJTmraPlkIzmp5jjga7jgrnjg6Ljg7zjgq8944OX44Op44Kk44OQ44K344O844K544Oi44O844Kv77yS77yW77yFPEJSPuOBlOazqOaWh+W+jOOBruiJsuOBruWkieabtOOBr+WHuuadpeOBi+OBreOBvuOBmeOAgjxCUj48QlI+PEJSPuODuyDnlLvlg4/jga/jgqTjg6Hjg7zjgrjjgafjgZnjgII8QlI+44O7IOODleOCo+ODq+ODoOOBr+OCreOCuuOBruOBpOOBjeOBq+OBj+OBhDxCUj7jg4/jg7zjg4njgrPjg7zjg4jjg5XjgqPjg6vjg6DjgpLkvb/nlKjjgZfjgabjgYrjgorjgb7jgZnjgII8QlI+PEJSPjxGT05UIFNJWkU9NT7imIXimIXimIXms6jmhI/kuovpoIUv5YWN6LKs5LqL6aCF4piF4piF4piFPC9GT05UPjxCUj7jg7vmpa3li5nnlKjjga7ngrrlpJbnrrHjg7voqqzmmI7mm7jnrYnku5jlsZ7oh7TjgZfjgb7jgZvjgpPjgII8QlI+44O76aCY5Y+O5pu444Gu55m66KGM44Gv44Gn44GN44G+44Gb44KT44Gu44Gn44GU5LqG5om/5LiL44GV44GE44CCPEJSPuODu+S9v+eUqOazleetieOBq+mWouOBmeOCi+OCteODneODvOODiOOBr+S4gOWIh+WHuuadpeOBvuOBm+OCk+OAgjxCUj7pganlkIjjgYvlkKbjgYvjgavjgaTjgY3jgb7jgZfjgabjga/llYblk4HoqqzmmI7jgavoqJjovInjgZfjgabjgYrjgorjgb7jgZk8QlI+6YGp5ZCI6LuK56iu44O75Z6L5byP44O75bm05byP44Gr44Gm44GK5a6i5qeY44GU6Ieq6Lqr44Gn44GU5Yik5pat44GK6aGY44GE6Ie044GX44G+44GZ44CCPEJSPjxCUj48QlI+PEZPTlQgU0laRT01PuOAkOOBlOizvOWFpeWJjeOBq+W/heOBmuOCr+ODquODg+OCr+OAkTwvRk9OVD48QlI+44GU6LO85YWl6aCC44GE44Gf5pmC54K544Gn44CB5LiK6KiY44KS44Kv44Oq44OD44Kv44GXPEJSPuOBlOeiuuiqjeODu+OBlOS6huaJv+mgguOBhOOBn+S4iuOBp+OBruOBlOizvOWFpeOBqOWIpOaWreOBlzxCUj7jgYrlj5blvJXjgZXjgZvjgabpoILjgY3jgb7jgZnjgII8QlI+44GU6LO85YWl5b6M44Gu44Kt44Oj44Oz44K744Or44Gv44GK5pat44KK44GX44Gm44GK44KK44G+44GZ44CCPEJSPjxCUj48QlI+PEZPTlQgU0laRT01PuOAkOaWreeGseODleOCo+ODq+ODoOOBuOOBruWkieabtOOCquODl+OCt+ODp+ODs+OAkTwvRk9OVD48QlI+5pat54ax44K/44Kk44OX44Gu44OV44Kj44Or44Og44KS44GU5biM5pyb44Gu5aC05ZCI44CB5LiK6KiY44Oq44Oz44Kv44KS44Kv44Oq44OD44Kv44GXPEJSPuOBlOW4jOacm+OBrui7iueoruWIpeOCq+ODg+ODiOa4iOOBv+OCq+ODvOODleOCo+ODq+ODoOOBqOS4gOe3kuOBq+OAgeOBlOizvOWFpeaJi+e2muOBjeOBiumhmOOBhOOBl+OBvuOBmeOAgjxCUj48QlI+PEJSPjxGT05UIFNJWkU9NT7jgJDjg5/jg6njg7zjg5XjgqPjg6vjg6Djgafjga7jgqvjg4Pjg4gg44Kq44OX44K344On44Oz44CRPC9GT05UPjxCUj7jg5/jg6njg7zjg5XjgqPjg6vjg6Djgafjga7oo73kvZzjgpLjgZTluIzmnJvjga7loLTlkIjjgIHkuIroqJjjg6rjg7Pjgq/jgpLjgq/jg6rjg4Pjgq/jgZc8QlI+44GU5biM5pyb44Gu6LuK56iu5Yil44Kr44OD44OI5riI44G/44Kr44O844OV44Kj44Or44Og44Go5LiA57eS44Gr44CB44GU6LO85YWl5omL57aa44GN44GK6aGY44GE44GX44G+44GZ44CCCjwvRk9OVD48L1REPjwvVFI+PC9UQUJMRT48L1REPjwvVFI+PC9UQUJMRT48QlI+PEJSPjxCUj48VEFCTEUgV0lEVEg9NjAwIENFTExTUEFDSU5HPTEgQk9SREVSPTAgQ0VMTFBBRERJTkc9MSBCR0NPTE9SPSNDQ0NDQ0M+PFRSPjxURCBCR0NPTE9SPSNGRjdGNTA+PFRBQkxFIFdJRFRIPTEwMCUgQ0VMTFNQQUNJTkc9MiBCT1JERVI9MCBDRUxMUEFERElORz01PjxUUj48VEQgQUxJR049bGVmdCBCR0NPTE9SPSNGRjdGNTA+PEZPTlQgQ09MT1I9IzMzMzMzMyBTSVpFPTM+PEI+4piF4piF55m66YCB5pa55rOVL+mAgeaWmeKYheKYhTwvQj48L0ZPTlQ+PC9URD48L1RSPjwvVEFCTEU+PFRBQkxFIFdJRFRIPTEwMCUgQ0VMTFNQQUNJTkc9MiBCT1JERVI9MCBDRUxMUEFERElORz0wPjxUUj48VEQgSEVJR0hUPTIgQkdDT0xPUj0jQ0NCQkFBPjwvVEQ+PC9UUj48L1RBQkxFPjxUQUJMRSBXSURUSD0xMDAlIENFTExTUEFDSU5HPTIgQk9SREVSPTAgQ0VMTFBBRERJTkc9NT48VFI+PFREIEFMSUdOPWxlZnQgQkdDT0xPUj0jRkZGOEVFPjxGT05UIENPTE9SPSMzMzMzMzMgU0laRT0zPjxCUj7llYblk4HlkI3jgavjgJDpgIHmlpnnhKHmlpnjgJHjga7oqJjovInjgYzjgYLjgovloLTlkIjjga/jgIHpgIHmlpnnhKHmlpnjgafjgZnjgII8QlI+PEJSPjxGT05UIFNJWkU9NT7jgJDlhajlm73pgIHmlpnooajjgJE8L0ZPTlQ+44KS44GU56K66KqN5LiL44GV44GE44G+44Gb44CCPEJSPjxCUj7opIfmlbDjga7llYblk4HjgpLlkIzmorHlj6/og73jgafjgZnjgII8QlI+4oC75ZCM5qKx44KS44GU5biM5pyb44Gu5aC05ZCI44CB5b+F44Ga5ZCM44GY44GK6LK344GE54mp44Kr44K077yI44Kr44O844OI77yJ44Gn44GU5rOo5paH5LiL44GV44GE44CCPEJSPuazqOaEj++8muOCq+ODvOODleOCo+ODq+ODoOOBruikh+aVsOWQjOaiseOBruWgtOWQiOS4gOOBpOOBruetkuOBq+OBvuOBqOOCgeOBpuaiseWMheiHtOOBl+OBvuOBmeOAgjxCUj7kuojjgoHjgZTkuobmib/kuIvjgZXjgYTjgb7jgZvjgII8QlI+PEJSPuKAu+WIpeOAheOBruOBiuiyt+OBhOeJqeOCq+OCtOOBp+azqOaWh+OBleOCjOOBn+WgtOWQiOOBr+WIpeOAheOBruetkuOBq+aiseWMheOBl+eZuumAgeiHtOOBl+OBvuOBmeOAgjxCUj7jgZ3jga7ngrrjgIHpgIHmlpnjg7vku6PlvJXjgY3miYvmlbDmlpnjga/nmbrpgIHlgIvmlbDliIboq4vmsYLjgZXjgZvjgabpoILjgY3jgb7jgZnjgII8QlI+PEJSPuKAu+WIpeOAheOBruOBiuiyt+OBhOeJqeOCq+OCtOOBp+azqOaWh+OBl+OAgemAgeaWme+8keWAi+WPo+WIhuOBp+OBruOBiuaUr+aJleOBhDxCUj7jgZXjgozjgZ/loLTlkIjjga/lkIzmorHluIzmnJvjgajliKTmlq3jgZfnmbrpgIHoh7TjgZfjgb7jgZnjgII8QlI+PEJSPuKYheeZuumAgeOBq+mWouOBmeOCi+azqOaEj+S6i+mgheKYhTxCUj4tLS0tLS0tLS0tLS0tLS0tLS0tLS0tLS0tLS0tLS0tLS0tLS0tLS0tIDxCUj7lvZPmlrnmjIflrprlroXmgKXkvr/jgafjgZnjga7jgafphY3pgIHmpa3ogIXjga/pgbjmip7jgafjgY3jgb7jgZvjgpPjgIIgPEJSPuaZgumWk+aMh+WumuOBr+WvvuW/nOOBhOOBn+OBl+OBpuOBiuOCiuOBvuOBm+OCk+OAgjxCUj7nmbrpgIHpgKPntaHjgavoqJjovInjga7llY/jgYTlkIjjgo/jgZvnlarlj7fjgafjgZToh6rouqvjgafjgZTnorroqo3poILjgZHjgb7jgZnjgII8QlI+6Zui5bO244Gv55m66YCB44GM5LiA5pel6YGF44KM44G+44GZ44CCIDxCUj4tLS0tLS0tLS0tLS0tLS0tLS0tLS0tLS0tLS0tLS0tLS0tLS0tLS0tPEJSPuKYheWVhuWTgeS7o+W8leKYheOAgOOAgDxCUj7lroXmgKXkvr/pgIHmlpkr5Yil6YCU5omL5pWw5paZ77yT77yX77yQ5YaGIDxCUj4tLS0tLS0tLS0tLS0tLS0tLS0tLS0tLS0tLS0tLS0tLS0tLS0tLS0tIDxCUj4xMuaZguWNiuOBvuOBp+OBq+OBlOWFpemHkeOBjOeiuuiqjeWHuuadpeOBn+OBlOazqOaWh+OAgTxCUj7jgb7jgZ/jga/llYblk4Hku6PlvJXjga7jgZTms6jmlofjga/ljbPml6XnmbrpgIHjgZXjgZvjgabpoILjgY3jgb7jgZnjgII8QlI+5a6a5LyR5pel44CA5Lya56S+5qaC6KaB6KiY6LyJL+iHqOaZguS8kealreOBruOBlOahiOWGheOBr+W9k+W6l+ODmuODvOOCuOWGheOBq+aOsui8ieOBl+OBvuOBmeOAgjwvRk9OVD48L1REPjwvVFI+PC9UQUJMRT48L1REPjwvVFI+PC9UQUJMRT48QlI+PFRBQkxFIFdJRFRIPTYwMCBDRUxMU1BBQ0lORz0xIEJPUkRFUj0wIENFTExQQURESU5HPTEgQkdDT0xPUj0jQ0NDQ0NDPjxUUj48VEQgQkdDT0xPUj0jRkY3RjUwPjxUQUJMRSBXSURUSD0xMDAlIENFTExTUEFDSU5HPTIgQk9SREVSPTAgQ0VMTFBBRERJTkc9NT48VFI+PFREIEFMSUdOPWxlZnQgQkdDT0xPUj0jRkY3RjUwPjxGT05UIENPTE9SPSMzMzMzMzMgU0laRT0zPjxCPuKYheKYheaUr+aJleaWueazleKYhTwvQj48L0ZPTlQ+PC9URD48L1RSPjwvVEFCTEU+PFRBQkxFIFdJRFRIPTEwMCUgQ0VMTFNQQUNJTkc9MiBCT1JERVI9MCBDRUxMUEFERElORz0wPjxUUj48VEQgSEVJR0hUPTIgQkdDT0xPUj0jQ0NCQkFBPjwvVEQ+PC9UUj48L1RBQkxFPjxUQUJMRSBXSURUSD0xMDAlIENFTExTUEFDSU5HPTIgQk9SREVSPTAgQ0VMTFBBRERJTkc9NT48VFI+PFREIEFMSUdOPWxlZnQgQkdDT0xPUj0jRkZGOEVFPjxGT05UIENPTE9SPSMzMzMzMzMgU0laRT0zPuKXj+alveWkqemKgOihjOOAgOaMr+i+vDxCUj7il4/llYblk4Hku6PlvJU8QlI+4peP44Kv44Os44K444OD44OI44Kr44O844OJ5rG65riIPEJSPuKXj+OCs+ODs+ODk+ODi+axuua4iO+8iOWJjeaJleOBhO+8iTxCUj7il4/mpb3lpKlFZHnmsbrmuIg8QlI+4pePYXXjgYvjgpPjgZ/jgpPmsbrmuIg8QlI+PC9GT05UPjwvVEQ+PC9UUj48L1RBQkxFPjwvVEQ+PC9UUj48L1RBQkxFPjxCUj48aW1nIHNyYz1odHRwOi8vaW1hZ2UucmFrdXRlbi5jby5qcC9hdWMtYXV0b21heC9jYWJpbmV0LzAzNDA2NjM4L2ltZ3JjMDA2ODE3NjkyNC5naWYgd2lkdGg9NjAwPjxCUj48QlI+PElNRyBTUkM9aHR0cDovL2ltYWdlLnJha3V0ZW4uY28uanAvYXVjLWF1dG9tYXgvY2FiaW5ldC8wMzU2MTkyNS9pbWc2MzE5Mzc4My5naWYgV0lEVEg9NjAwPjwvQ0VOVEVSPjxCUj48QlI+PENFTlRFUj48SU1HIFdJRFRIPTUyMCBTUkM9aHR0cDovL2ltYWdlLnJha3V0ZW4uY28uanAvYXVjLWF1dG9tYXgvY2FiaW5ldC8wMjU2NTcxNy9pbWc2NDc1MzExMS5naWY+PEJSPjxJTUcgV0lEVEg9NTIwIFNSQz1odHRwOi8vaW1hZ2UucmFrdXRlbi5jby5qcC9hdWMtYXV0b21heC9jYWJpbmV0LzAyNTY1NzE3L2ltZzY0NzU3OTg3LmdpZj48QlI+PC9DRU5URVI+PC9DRU5URVI+PC9UQUJMRT48L0NFTlRFUj48Y2VudGVyPgo8YnI+CjxpbWcgU1JDPWh0dHA6Ly9pbWFnZS5yYWt1dGVuLmNvLmpwL2F1Yy1hdXRvbWF4L2NhYmluZXQvaW1ncmMwMDY3MzgyMjc2LmdpZiB3aWR0aD02NzAgaGVpZ2h0PTQwMD48QlI+Cjxicj4KPGltZyBTUkM9aHR0cDovL2ltYWdlLnJha3V0ZW4uY28uanAvYXVjLWF1dG9tYXgvY2FiaW5ldC9pbWc2MDMzMzAwNC5naWYgd2lkdGg9NjcwIGhlaWdodD0xMjA+PEJSPgo8YnI+Cgo8YnI+PC9jZW50ZXI+,44CQ6YCB5paZ54Sh5paZ44CR44GC44GZ5qW9IOWvvuW/nCDjg5Xjg63jg7Pjg4gg44K544OX44Oq44Oz44K/44O8IDREIOOCu+ODgOODsyBFMTEg44Kr44OD44OI5riI44G/IOOCq+ODvOODleOCo+ODq+ODoCDou4rnqK7liKUg44K544Oi44O844KvIOOCu+ODg+ODiCDou4rnqK7lsILnlKgg44Km44Kk44Oz44OJ44KmIOeqk+OCrOODqeOCuSDmiJDlvaIg44OV44Kk44Or44OgVVbjgqvjg4Pjg4gg44OP44O844OJ44Kz44O844OIIERJWSDmlr3lt6Ug5pa55rOVIOiyvOOCiuaWuSAz56iu6aGe44Gu6YCP6YGO546H6YCa6LKpIOWkp+mYquOAkFJDUOOAke+8mkFVVE9NQVggaXp1bWk=,44Kr44OD44OG44Kj44Oz44Kw44K344O844OI44Oi44OL44K/44O844K544K/44Oz44OJ44Ki44Or44Kr44Oz44K/44O844Op6Kq/44K544Ko44O844OJ55Sf5Zyw44K344O844OI5rGO55So44OR44O844OE6Ieq5YuV6LuK44Ki44Kv44K744K144Oq44O844Oh44OD44Kt44Oi44O844Or6YCB5paZ54Sh5paZ44K544OG44OD44Kr44O844Kr44O855So5ZOB44OQ44Kk44Kv55So5ZOB44OJ44Os44K544Ki44OD44OX44Op44Kw44K444Ol44Ki44Oq44O85YaF6KOF5aSW6KOF44Kr44OD44OI5riI44G/44Kr44O844OV44Kj44Or44Og5aSn6Ziq6YCa6LKp5r+A5a6J5qC85a6J5pa95bel44CQ6YCB5paZ54Sh5paZ44CR44GC44GZ5qW9IOWvvuW/nCDjg5Xjg63jg7Pjg4gg44K544OX44Oq44Oz44K/44O8IDREIOOCu+ODgOODsyBFMTEg44Kr44OD44OI5riI44G/IOOCq+ODvOODleOCo+ODq+ODoCDou4rnqK7liKUg44K544Oi44O844KvIOOCu+ODg+ODiCDou4rnqK7lsILnlKgg44Km44Kk44Oz44OJ44KmIOeqk+OCrOODqeOCuSDmiJDlvaIg44OV44Kk44Or44OgVVbjgqvjg4Pjg4gg44OP44O844OJ44Kz44O844OIIERJWSDmlr3lt6Ug5pa55rOVIOiyvOOCiuaWuSAz56iu6aGe44Gu6YCP6YGO546H6YCa6LKpIOWkp+mYquOAkFJDUOOAkQ==,6YCB5paZ54Sh5paZ77yI5YyX5rW36YGTL+aylue4hOmZpOOBj++8ieS7o+W8leOBjeOBruWgtOWQiOOAgeWIpemAlOaJi+aVsOaWmTM3MOWGhuOAguOAkOmAgeaWmeeEoeaWmeOAkeOBguOBmealvSDlr77lv5wg44OV44Ot44Oz44OIIOOCueODl+ODquODs+OCv+ODvCA0RCDjgrvjg4Djg7MgRTExIOOCq+ODg+ODiOa4iOOBvyDjgqvjg7zjg5XjgqPjg6vjg6Ag6LuK56iu5YilIOOCueODouODvOOCryDjgrvjg4Pjg4gg6LuK56iu5bCC55SoIOOCpuOCpOODs+ODieOCpiDnqpPjgqzjg6njgrkg5oiQ5b2iIOODleOCpOODq+ODoFVW44Kr44OD44OIIOODj+ODvOODieOCs+ODvOODiCBESVkg5pa95belIOaWueazlSDosrzjgormlrkgM+eorumhnuOBrumAj+mBjueOh+mAmuiyqSDlpKfpmKrjgJBSQ1DjgJE=[rn]
12-37286,aHR0cDovL3RzaG9wLnIxMHMuanAvYXVjLWF1dG9tYXgvY2FiaW5ldC8wMjU2NTcxNy9pbWc2NDIyMTM3Mi5qcGc/Zml0aW49NzAwOjcwMA==,MTUxNi4wMDAw,,6LuK55So5ZOB44O744OQ44Kk44Kv55So5ZOBID4g44Kr44O855So5ZOBID4g5YaF6KOF44OR44O844OEID4g44OV44Kj44Or44Og77yI44K544Oi44O844Kv77yJID4g44OI44Oo44K/55So,44GC44GZ5qW9IOWvvuW/nCDjg6rjgqIgKHMpIOOCueODl+ODquODs+OCv+ODvOODiOODrOODjiBIQiBFOCDjgqvjg4Pjg4jmuIjjgb8g44Kr44O844OV44Kj44Or44OgIOi7iueoruWIpSDjgrnjg6Ljg7zjgq8g44K744OD44OIIOi7iueoruWwgueUqCDjgqbjgqTjg7Pjg4njgqYg56qT44Ks44Op44K5IOaIkOW9oiDjg5XjgqTjg6vjg6BVVuOCq+ODg+ODiCDjg4/jg7zjg4njgrPjg7zjg4ggRElZIOaWveW3pSDmlrnms5Ug6LK844KK5pa5IDPnqK7poZ7jga7pgI/pgY7njofpgJrosqkg5aSn6ZiqIOOAkOWVhuWTgeS4gOimp+OAkQ==,,PENFTlRFUj48aW1nIHNyYz1odHRwOi8vaW1hZ2UucmFrdXRlbi5jby5qcC9hdWMtYXV0b21heC9jYWJpbmV0LzAzNDA2NjM4L2ltZ3JjMDA2ODE3NjkyMS5naWYgd2lkdGg9NjAwPjwvY2VudGVyPjxCUj48Q0VOVEVSPjxCUj48Rk9OVCBTSVpFPTUgQ09MT1I9I2ZmMDAwMD7lvZPlupfjga7jgqvjg4Pjg4jmuIjjgb/jgqvjg7zjg5XjgqPjg6vjg6Djga88L0ZPTlQ+PEJSPjxGT05UIFNJWkU9NSBDT0xPUj0jZmYwMDAwPjxCPk1BREXjgIBJTuOAgEpBUEFO44CAPC9CPjwvRk9OVD48QlI+PEZPTlQgU0laRT01IENPTE9SPSNmZjAwMDA+77yI57Sr5aSW57eaVVbjgIA5Oe+8heOCq+ODg+ODiO+8ieOBp+OBmeOAgjwvRk9OVD48QlI+PFRSPiA8VEQgSEVJR0hUPTY+PC9URD4gPFREIEhFSUdIVD02PjwvVEQ+IDxURCBIRUlHSFQ9Nj48L1REPiA8L1RSPjxCUj48Q0VOVEVSPjxGT05UIENPTE9SPSNDQ0JCQUEgU0laRT00PjxCPjwvQj48L0ZPTlQ+PEJSPjxCUj48VEFCTEUgV0lEVEg9NjAwIENFTExTUEFDSU5HPTEgQk9SREVSPTAgQ0VMTFBBRERJTkc9MSBCR0NPTE9SPSNDQ0NDQ0M+PFRSPjxURCBCR0NPTE9SPSNGRjdGNTA+PFRBQkxFIFdJRFRIPTEwMCUgQ0VMTFNQQUNJTkc9MiBCT1JERVI9MCBDRUxMUEFERElORz01PjxUUj48VEQgQUxJR049bGVmdCBCR0NPTE9SPSNGRjdGNTA+PEZPTlQgQ09MT1I9IzMzMzMzMyBTSVpFPTM+PEI+4piF4piF5ZWG5ZOB6Kqs5piO4piF4piFPC9CPjwvRk9OVD48L1REPjwvVFI+PC9UQUJMRT48VEFCTEUgV0lEVEg9MTAwJSBDRUxMU1BBQ0lORz0yIEJPUkRFUj0wIENFTExQQURESU5HPTA+PFRSPjxURCBIRUlHSFQ9MiBCR0NPTE9SPSNDQ0JCQUE+PC9URD48L1RSPjwvVEFCTEU+PFRBQkxFIFdJRFRIPTEwMCUgQ0VMTFNQQUNJTkc9MiBCT1JERVI9MCBDRUxMUEFERElORz01PjxUUj48VEQgQUxJR049bGVmdCBCR0NPTE9SPSNGRkY4RUU+PEZPTlQgQ09MT1I9IzMzMzMzMyBTSVpFPTM+PEJSPuS+oeagvOOCkui2iuOBiOOBn+WTgeizquOCkuaPkOS+m+OBhOOBn+OBl+OBpuOBiuOCiuOBvuOBmeOBruOBp+OBlOWuieW/g+OBj+OBoOOBleOBhOOAgjxCUj7lvZPmlrnjga7jg5XjgqPjg6vjg6Djga9JU08gOTAwMeWPluW+l+W3peWgtOOBq+OBpuijvemAoOOBleOCjOOAgTxCUj7kuJbnlYznmoTjgavmlaznp7DjgZXjgozjgovjgIBVS0FT44CM6Iux5Zu96KqN6Ki85qmf6Zai6KqN5a6a5a+p6K2w5Lya44CNPEJSPuOBruiqjeiovOOCguWPluW+l+OBl+OBpuOBiuOCiuOBvuOBmeOAguOAgOOAgFJlZy5OTyAwNTkuQTxCUj48QlI+4piF4piF4piF4piF4piF6YGp5ZCI6LuK56iu4piF4piF4piF4piF4piFPEJSPjxCUj7ou4rovIzlnovlvI/vvJpBRTg144O7ODYg5bm05byP77ya5pit5ZKMNTguNe+9njYyLjQ8QlI+PEJSPuKYheKYheKYheKYheKYheOCu+ODg+ODiOWGheWuueKYheKYheKYheKYheKYhTxCUj48QlI+44K/44Kk44OI44Or44Gu44KC44Gu44Go44Gq44KK44G+44GZ44CCPEJSPuODleODreODs+ODiOOBruWgtOWQiD3pgYvou6LluK0v5Yqp5omL5bit44CQ5LiJ6KeS56qT44GM44GC44KL44KC44Gu44Gv5ZCr44G+44KM44G+44GZ44CRPEJSPuODquOColNFVOOBruWgtOWQiD3jg5Xjg63jg7Pjg4jjgJDpgYvou6LluK0v5Yqp5omL5bit44CR44KI44KK5b6M44KN5YWo44Gm44GuU0VU44Gn44GZPEJSPueUu+WDj+OBr+OCpOODoeODvOOCuOOBp+OBmeOBruOBp+OAgOi7iueoruOBq+OCiOOCiueVsOOBquOCiuOBvuOBmeOAgjxCUj7jgZTos7zlhaXmmYLjgIEz6Imy44Gu5Lit44GL44KJ44GK6YG444Gz44GP44Gg44GV44GE44CCPEJSPuODu+OCguOBo+OBqOOCgua/g+OBhOOCueODouODvOOCrz3jgrnjg7zjg5Hjg7zjg5bjg6njg4Pjgq/vvJXvvIU8QlI+44O75r+D44GE44K544Oi44O844KvPeODgOODvOOCr+OCueODouODvOOCr++8ke+8le+8hTxCUj7jg7vntJTmraPlkIzmp5jjga7jgrnjg6Ljg7zjgq8944OX44Op44Kk44OQ44K344O844K544Oi44O844Kv77yS77yW77yFPEJSPuOBlOazqOaWh+W+jOOBruiJsuOBruWkieabtOOBr+WHuuadpeOBi+OBreOBvuOBmeOAgjxCUj48QlI+PEJSPuODuyDnlLvlg4/jga/jgqTjg6Hjg7zjgrjjgafjgZnjgII8QlI+44O7IOODleOCo+ODq+ODoOOBr+OCreOCuuOBruOBpOOBjeOBq+OBj+OBhDxCUj7jg4/jg7zjg4njgrPjg7zjg4jjg5XjgqPjg6vjg6DjgpLkvb/nlKjjgZfjgabjgYrjgorjgb7jgZnjgII8QlI+PEJSPjxGT05UIFNJWkU9NT7imIXimIXimIXms6jmhI/kuovpoIUv5YWN6LKs5LqL6aCF4piF4piF4piFPC9GT05UPjxCUj7jg7vmpa3li5nnlKjjga7ngrrlpJbnrrHjg7voqqzmmI7mm7jnrYnku5jlsZ7oh7TjgZfjgb7jgZvjgpPjgII8QlI+44O76aCY5Y+O5pu444Gu55m66KGM44Gv44Gn44GN44G+44Gb44KT44Gu44Gn44GU5LqG5om/5LiL44GV44GE44CCPEJSPuODu+S9v+eUqOazleetieOBq+mWouOBmeOCi+OCteODneODvOODiOOBr+S4gOWIh+WHuuadpeOBvuOBm+OCk+OAgjxCUj7pganlkIjjgYvlkKbjgYvjgavjgaTjgY3jgb7jgZfjgabjga/llYblk4HoqqzmmI7jgavoqJjovInjgZfjgabjgYrjgorjgb7jgZk8QlI+6YGp5ZCI6LuK56iu44O75Z6L5byP44O75bm05byP44Gr44Gm44GK5a6i5qeY44GU6Ieq6Lqr44Gn44GU5Yik5pat44GK6aGY44GE6Ie044GX44G+44GZ44CCPEJSPjxCUj48QlI+PEZPTlQgU0laRT01PuOAkOOBlOizvOWFpeWJjeOBq+W/heOBmuOCr+ODquODg+OCr+OAkTwvRk9OVD48QlI+44GU6LO85YWl6aCC44GE44Gf5pmC54K544Gn44CB5LiK6KiY44KS44Kv44Oq44OD44Kv44GXPEJSPuOBlOeiuuiqjeODu+OBlOS6huaJv+mgguOBhOOBn+S4iuOBp+OBruOBlOizvOWFpeOBqOWIpOaWreOBlzxCUj7jgYrlj5blvJXjgZXjgZvjgabpoILjgY3jgb7jgZnjgII8QlI+44GU6LO85YWl5b6M44Gu44Kt44Oj44Oz44K744Or44Gv44GK5pat44KK44GX44Gm44GK44KK44G+44GZ44CCPEJSPjxCUj48QlI+PEZPTlQgU0laRT01PuOAkOaWreeGseODleOCo+ODq+ODoOOBuOOBruWkieabtOOCquODl+OCt+ODp+ODs+OAkTwvRk9OVD48QlI+5pat54ax44K/44Kk44OX44Gu44OV44Kj44Or44Og44KS44GU5biM5pyb44Gu5aC05ZCI44CB5LiK6KiY44Oq44Oz44Kv44KS44Kv44Oq44OD44Kv44GXPEJSPuOBlOW4jOacm+OBrui7iueoruWIpeOCq+ODg+ODiOa4iOOBv+OCq+ODvOODleOCo+ODq+ODoOOBqOS4gOe3kuOBq+OAgeOBlOizvOWFpeaJi+e2muOBjeOBiumhmOOBhOOBl+OBvuOBmeOAgjxCUj48QlI+PEJSPjxGT05UIFNJWkU9NT7jgJDjg5/jg6njg7zjg5XjgqPjg6vjg6Djgafjga7jgqvjg4Pjg4gg44Kq44OX44K344On44Oz44CRPC9GT05UPjxCUj7jg5/jg6njg7zjg5XjgqPjg6vjg6Djgafjga7oo73kvZzjgpLjgZTluIzmnJvjga7loLTlkIjjgIHkuIroqJjjg6rjg7Pjgq/jgpLjgq/jg6rjg4Pjgq/jgZc8QlI+44GU5biM5pyb44Gu6LuK56iu5Yil44Kr44OD44OI5riI44G/44Kr44O844OV44Kj44Or44Og44Go5LiA57eS44Gr44CB44GU6LO85YWl5omL57aa44GN44GK6aGY44GE44GX44G+44GZ44CCCjwvRk9OVD48L1REPjwvVFI+PC9UQUJMRT48L1REPjwvVFI+PC9UQUJMRT48QlI+PEJSPjxCUj48VEFCTEUgV0lEVEg9NjAwIENFTExTUEFDSU5HPTEgQk9SREVSPTAgQ0VMTFBBRERJTkc9MSBCR0NPTE9SPSNDQ0NDQ0M+PFRSPjxURCBCR0NPTE9SPSNGRjdGNTA+PFRBQkxFIFdJRFRIPTEwMCUgQ0VMTFNQQUNJTkc9MiBCT1JERVI9MCBDRUxMUEFERElORz01PjxUUj48VEQgQUxJR049bGVmdCBCR0NPTE9SPSNGRjdGNTA+PEZPTlQgQ09MT1I9IzMzMzMzMyBTSVpFPTM+PEI+4piF4piF55m66YCB5pa55rOVL+mAgeaWmeKYheKYhTwvQj48L0ZPTlQ+PC9URD48L1RSPjwvVEFCTEU+PFRBQkxFIFdJRFRIPTEwMCUgQ0VMTFNQQUNJTkc9MiBCT1JERVI9MCBDRUxMUEFERElORz0wPjxUUj48VEQgSEVJR0hUPTIgQkdDT0xPUj0jQ0NCQkFBPjwvVEQ+PC9UUj48L1RBQkxFPjxUQUJMRSBXSURUSD0xMDAlIENFTExTUEFDSU5HPTIgQk9SREVSPTAgQ0VMTFBBRERJTkc9NT48VFI+PFREIEFMSUdOPWxlZnQgQkdDT0xPUj0jRkZGOEVFPjxGT05UIENPTE9SPSMzMzMzMzMgU0laRT0zPjxCUj7llYblk4HlkI3jgavjgJDpgIHmlpnnhKHmlpnjgJHjga7oqJjovInjgYzjgYLjgovloLTlkIjjga/jgIHpgIHmlpnnhKHmlpnjgafjgZnjgII8QlI+PEJSPjxGT05UIFNJWkU9NT7jgJDlhajlm73pgIHmlpnooajjgJE8L0ZPTlQ+44KS44GU56K66KqN5LiL44GV44GE44G+44Gb44CCPEJSPjxCUj7opIfmlbDjga7llYblk4HjgpLlkIzmorHlj6/og73jgafjgZnjgII8QlI+4oC75ZCM5qKx44KS44GU5biM5pyb44Gu5aC05ZCI44CB5b+F44Ga5ZCM44GY44GK6LK344GE54mp44Kr44K077yI44Kr44O844OI77yJ44Gn44GU5rOo5paH5LiL44GV44GE44CCPEJSPuazqOaEj++8muOCq+ODvOODleOCo+ODq+ODoOOBruikh+aVsOWQjOaiseOBruWgtOWQiOS4gOOBpOOBruetkuOBq+OBvuOBqOOCgeOBpuaiseWMheiHtOOBl+OBvuOBmeOAgjxCUj7kuojjgoHjgZTkuobmib/kuIvjgZXjgYTjgb7jgZvjgII8QlI+PEJSPuKAu+WIpeOAheOBruOBiuiyt+OBhOeJqeOCq+OCtOOBp+azqOaWh+OBleOCjOOBn+WgtOWQiOOBr+WIpeOAheOBruetkuOBq+aiseWMheOBl+eZuumAgeiHtOOBl+OBvuOBmeOAgjxCUj7jgZ3jga7ngrrjgIHpgIHmlpnjg7vku6PlvJXjgY3miYvmlbDmlpnjga/nmbrpgIHlgIvmlbDliIboq4vmsYLjgZXjgZvjgabpoILjgY3jgb7jgZnjgII8QlI+PEJSPuKAu+WIpeOAheOBruOBiuiyt+OBhOeJqeOCq+OCtOOBp+azqOaWh+OBl+OAgemAgeaWme+8keWAi+WPo+WIhuOBp+OBruOBiuaUr+aJleOBhDxCUj7jgZXjgozjgZ/loLTlkIjjga/lkIzmorHluIzmnJvjgajliKTmlq3jgZfnmbrpgIHoh7TjgZfjgb7jgZnjgII8QlI+PEJSPuKYheeZuumAgeOBq+mWouOBmeOCi+azqOaEj+S6i+mgheKYhTxCUj4tLS0tLS0tLS0tLS0tLS0tLS0tLS0tLS0tLS0tLS0tLS0tLS0tLS0tIDxCUj7lvZPmlrnmjIflrprlroXmgKXkvr/jgafjgZnjga7jgafphY3pgIHmpa3ogIXjga/pgbjmip7jgafjgY3jgb7jgZvjgpPjgIIgPEJSPuaZgumWk+aMh+WumuOBr+WvvuW/nOOBhOOBn+OBl+OBpuOBiuOCiuOBvuOBm+OCk+OAgjxCUj7nmbrpgIHpgKPntaHjgavoqJjovInjga7llY/jgYTlkIjjgo/jgZvnlarlj7fjgafjgZToh6rouqvjgafjgZTnorroqo3poILjgZHjgb7jgZnjgII8QlI+6Zui5bO244Gv55m66YCB44GM5LiA5pel6YGF44KM44G+44GZ44CCIDxCUj4tLS0tLS0tLS0tLS0tLS0tLS0tLS0tLS0tLS0tLS0tLS0tLS0tLS0tPEJSPuKYheWVhuWTgeS7o+W8leKYheOAgOOAgDxCUj7lroXmgKXkvr/pgIHmlpkr5Yil6YCU5omL5pWw5paZ77yT77yX77yQ5YaGIDxCUj4tLS0tLS0tLS0tLS0tLS0tLS0tLS0tLS0tLS0tLS0tLS0tLS0tLS0tIDxCUj4xMuaZguWNiuOBvuOBp+OBq+OBlOWFpemHkeOBjOeiuuiqjeWHuuadpeOBn+OBlOazqOaWh+OAgTxCUj7jgb7jgZ/jga/llYblk4Hku6PlvJXjga7jgZTms6jmlofjga/ljbPml6XnmbrpgIHjgZXjgZvjgabpoILjgY3jgb7jgZnjgII8QlI+5a6a5LyR5pel44CA5Lya56S+5qaC6KaB6KiY6LyJL+iHqOaZguS8kealreOBruOBlOahiOWGheOBr+W9k+W6l+ODmuODvOOCuOWGheOBq+aOsui8ieOBl+OBvuOBmeOAgjwvRk9OVD48L1REPjwvVFI+PC9UQUJMRT48L1REPjwvVFI+PC9UQUJMRT48QlI+PFRBQkxFIFdJRFRIPTYwMCBDRUxMU1BBQ0lORz0xIEJPUkRFUj0wIENFTExQQURESU5HPTEgQkdDT0xPUj0jQ0NDQ0NDPjxUUj48VEQgQkdDT0xPUj0jRkY3RjUwPjxUQUJMRSBXSURUSD0xMDAlIENFTExTUEFDSU5HPTIgQk9SREVSPTAgQ0VMTFBBRERJTkc9NT48VFI+PFREIEFMSUdOPWxlZnQgQkdDT0xPUj0jRkY3RjUwPjxGT05UIENPTE9SPSMzMzMzMzMgU0laRT0zPjxCPuKYheKYheaUr+aJleaWueazleKYhTwvQj48L0ZPTlQ+PC9URD48L1RSPjwvVEFCTEU+PFRBQkxFIFdJRFRIPTEwMCUgQ0VMTFNQQUNJTkc9MiBCT1JERVI9MCBDRUxMUEFERElORz0wPjxUUj48VEQgSEVJR0hUPTIgQkdDT0xPUj0jQ0NCQkFBPjwvVEQ+PC9UUj48L1RBQkxFPjxUQUJMRSBXSURUSD0xMDAlIENFTExTUEFDSU5HPTIgQk9SREVSPTAgQ0VMTFBBRERJTkc9NT48VFI+PFREIEFMSUdOPWxlZnQgQkdDT0xPUj0jRkZGOEVFPjxGT05UIENPTE9SPSMzMzMzMzMgU0laRT0zPuKXj+alveWkqemKgOihjOOAgOaMr+i+vDxCUj7il4/llYblk4Hku6PlvJU8QlI+4peP44Kv44Os44K444OD44OI44Kr44O844OJ5rG65riIPEJSPuKXj+OCs+ODs+ODk+ODi+axuua4iO+8iOWJjeaJleOBhO+8iTxCUj7il4/mpb3lpKlFZHnmsbrmuIg8QlI+4pePYXXjgYvjgpPjgZ/jgpPmsbrmuIg8QlI+PC9GT05UPjwvVEQ+PC9UUj48L1RBQkxFPjwvVEQ+PC9UUj48L1RBQkxFPjxCUj48aW1nIHNyYz1odHRwOi8vaW1hZ2UucmFrdXRlbi5jby5qcC9hdWMtYXV0b21heC9jYWJpbmV0LzAzNDA2NjM4L2ltZ3JjMDA2ODE3NjkyNC5naWYgd2lkdGg9NjAwPjxCUj48QlI+PElNRyBTUkM9aHR0cDovL2ltYWdlLnJha3V0ZW4uY28uanAvYXVjLWF1dG9tYXgvY2FiaW5ldC8wMzU2MTkyNS9pbWc2MzE5Mzc4My5naWYgV0lEVEg9NjAwPjwvQ0VOVEVSPjxCUj48QlI+PENFTlRFUj48SU1HIFdJRFRIPTUyMCBTUkM9aHR0cDovL2ltYWdlLnJha3V0ZW4uY28uanAvYXVjLWF1dG9tYXgvY2FiaW5ldC8wMjU2NTcxNy9pbWc2NDc1MzExMS5naWY+PEJSPjxJTUcgV0lEVEg9NTIwIFNSQz1odHRwOi8vaW1hZ2UucmFrdXRlbi5jby5qcC9hdWMtYXV0b21heC9jYWJpbmV0LzAyNTY1NzE3L2ltZzY0NzU3OTg3LmdpZj48QlI+PC9DRU5URVI+PC9DRU5URVI+PC9UQUJMRT48L0NFTlRFUj48Y2VudGVyPgo8YnI+CjxpbWcgU1JDPWh0dHA6Ly9pbWFnZS5yYWt1dGVuLmNvLmpwL2F1Yy1hdXRvbWF4L2NhYmluZXQvaW1ncmMwMDY3MzgyMjc2LmdpZiB3aWR0aD02NzAgaGVpZ2h0PTQwMD48QlI+Cjxicj4KPGltZyBTUkM9aHR0cDovL2ltYWdlLnJha3V0ZW4uY28uanAvYXVjLWF1dG9tYXgvY2FiaW5ldC9pbWc2MDMzMzAwNC5naWYgd2lkdGg9NjcwIGhlaWdodD0xMjA+PEJSPgo8YnI+Cgo8YnI+PC9jZW50ZXI+,44GC44GZ5qW9IOWvvuW/nCDjg6rjgqIgKHMpIOOCueODl+ODquODs+OCv+ODvOODiOODrOODjiBIQiBFOCDjgqvjg4Pjg4jmuIjjgb8g44Kr44O844OV44Kj44Or44OgIOi7iueoruWIpSDjgrnjg6Ljg7zjgq8g44K744OD44OIIOi7iueoruWwgueUqCDjgqbjgqTjg7Pjg4njgqYg56qT44Ks44Op44K5IOaIkOW9oiDjg5XjgqTjg6vjg6BVVuOCq+ODg+ODiCDjg4/jg7zjg4njgrPjg7zjg4ggRElZIOaWveW3pSDmlrnms5Ug6LK844KK5pa5IDPnqK7poZ7jga7pgI/pgY7njofpgJrosqkg5aSn6ZiqIOOAkOWVhuWTgeS4gOimp+OAke+8mkFVVE9NQVggaXp1bWk=,44Kr44OD44OG44Kj44Oz44Kw44K344O844OI44Oi44OL44K/44O844K544K/44Oz44OJ44Ki44Or44Kr44Oz44K/44O844Op6Kq/44K544Ko44O844OJ55Sf5Zyw44K344O844OI5rGO55So44OR44O844OE6Ieq5YuV6LuK44Ki44Kv44K744K144Oq44O844Oh44OD44Kt44Oi44O844Or6YCB5paZ54Sh5paZ44K544OG44OD44Kr44O844Kr44O855So5ZOB44OQ44Kk44Kv55So5ZOB44OJ44Os44K544Ki44OD44OX44Op44Kw44K444Ol44Ki44Oq44O85YaF6KOF5aSW6KOF44Kr44OD44OI5riI44G/44Kr44O844OV44Kj44Or44Og5aSn6Ziq6YCa6LKp5r+A5a6J5qC85a6J5pa95bel44GC44GZ5qW9IOWvvuW/nCDjg6rjgqIgKHMpIOOCueODl+ODquODs+OCv+ODvOODiOODrOODjiBIQiBFOCDjgqvjg4Pjg4jmuIjjgb8g44Kr44O844OV44Kj44Or44OgIOi7iueoruWIpSDjgrnjg6Ljg7zjgq8g44K744OD44OIIOi7iueoruWwgueUqCDjgqbjgqTjg7Pjg4njgqYg56qT44Ks44Op44K5IOaIkOW9oiDjg5XjgqTjg6vjg6BVVuOCq+ODg+ODiCDjg4/jg7zjg4njgrPjg7zjg4ggRElZIOaWveW3pSDmlrnms5Ug6LK844KK5pa5IDPnqK7poZ7jga7pgI/pgY7njofpgJrosqkg5aSn6ZiqIOOAkOWVhuWTgeS4gOimp+OAkQ==,44GT44Gu5ZWG5ZOB44Gv6YCB5paZIOWFqOWbveS4gOW+izYwMOWGhiDjgafjgZko5YyX5rW36YGTL+aylue4hOmZpOOBjynlkIzmorHlj6/og73jgILjgILjgYLjgZnmpb0g5a++5b+cIOODquOCoiAocykg44K544OX44Oq44Oz44K/44O844OI44Os44OOIEhCIEU4IOOCq+ODg+ODiOa4iOOBvyDjgqvjg7zjg5XjgqPjg6vjg6Ag6LuK56iu5YilIOOCueODouODvOOCryDjgrvjg4Pjg4gg6LuK56iu5bCC55SoIOOCpuOCpOODs+ODieOCpiDnqpPjgqzjg6njgrkg5oiQ5b2iIOODleOCpOODq+ODoFVW44Kr44OD44OIIOODj+ODvOODieOCs+ODvOODiCBESVkg5pa95belIOaWueazlSDosrzjgormlrkgM+eorumhnuOBrumAj+mBjueOh+mAmuiyqSDlpKfpmKog44CQ5ZWG5ZOB5LiA6Kan44CR[rn]
12-37287,aHR0cDovL3RzaG9wLnIxMHMuanAvYXVjLWF1dG9tYXgvY2FiaW5ldC8wMjU2NTcxNy9pbWc2NDIyMTM3My5qcGc/Zml0aW49NzAwOjcwMA==,MTQ2MC4wMDAw,,6LuK55So5ZOB44O744OQ44Kk44Kv55So5ZOBID4g44Kr44O855So5ZOBID4g5YaF6KOF44OR44O844OEID4g44OV44Kj44Or44Og77yI44K544Oi44O844Kv77yJID4g44OI44Oo44K/55So,44CQ6YCB5paZ54Sh5paZ44CR44GC44GZ5qW9IOWvvuW/nCDjg5Xjg63jg7Pjg4gg44K544OX44Oq44Oz44K/44O8IDREIOOCu+ODgOODsyBFOSDjgqvjg4Pjg4jmuIjjgb8g44Kr44O844OV44Kj44Or44OgIOi7iueoruWIpSDjgrnjg6Ljg7zjgq8g44K744OD44OIIOi7iueoruWwgueUqCDjgqbjgqTjg7Pjg4njgqYg56qT44Ks44Op44K5IOaIkOW9oiDjg5XjgqTjg6vjg6BVVuOCq+ODg+ODiCDjg4/jg7zjg4njgrPjg7zjg4ggRElZIOaWveW3pSDmlrnms5Ug6LK844KK5pa5IDPnqK7poZ7jga7pgI/pgY7njofpgJrosqkg5aSn6Ziq44CQUkNQ44CR,,PENFTlRFUj48aW1nIHNyYz1odHRwOi8vaW1hZ2UucmFrdXRlbi5jby5qcC9hdWMtYXV0b21heC9jYWJpbmV0LzAzNDA2NjM4L2ltZ3JjMDA2ODE3NjkyMS5naWYgd2lkdGg9NjAwPjwvY2VudGVyPjxCUj48Q0VOVEVSPjxCUj48Rk9OVCBTSVpFPTUgQ09MT1I9I2ZmMDAwMD7lvZPlupfjga7jgqvjg4Pjg4jmuIjjgb/jgqvjg7zjg5XjgqPjg6vjg6Djga88L0ZPTlQ+PEJSPjxGT05UIFNJWkU9NSBDT0xPUj0jZmYwMDAwPjxCPk1BREXjgIBJTuOAgEpBUEFO44CAPC9CPjwvRk9OVD48QlI+PEZPTlQgU0laRT01IENPTE9SPSNmZjAwMDA+77yI57Sr5aSW57eaVVbjgIA5Oe+8heOCq+ODg+ODiO+8ieOBp+OBmeOAgjwvRk9OVD48QlI+PFRSPiA8VEQgSEVJR0hUPTY+PC9URD4gPFREIEhFSUdIVD02PjwvVEQ+IDxURCBIRUlHSFQ9Nj48L1REPiA8L1RSPjxCUj48Q0VOVEVSPjxGT05UIENPTE9SPSNDQ0JCQUEgU0laRT00PjxCPjwvQj48L0ZPTlQ+PEJSPjxCUj48VEFCTEUgV0lEVEg9NjAwIENFTExTUEFDSU5HPTEgQk9SREVSPTAgQ0VMTFBBRERJTkc9MSBCR0NPTE9SPSNDQ0NDQ0M+PFRSPjxURCBCR0NPTE9SPSNGRjdGNTA+PFRBQkxFIFdJRFRIPTEwMCUgQ0VMTFNQQUNJTkc9MiBCT1JERVI9MCBDRUxMUEFERElORz01PjxUUj48VEQgQUxJR049bGVmdCBCR0NPTE9SPSNGRjdGNTA+PEZPTlQgQ09MT1I9IzMzMzMzMyBTSVpFPTM+PEI+4piF4piF5ZWG5ZOB6Kqs5piO4piF4piFPC9CPjwvRk9OVD48L1REPjwvVFI+PC9UQUJMRT48VEFCTEUgV0lEVEg9MTAwJSBDRUxMU1BBQ0lORz0yIEJPUkRFUj0wIENFTExQQURESU5HPTA+PFRSPjxURCBIRUlHSFQ9MiBCR0NPTE9SPSNDQ0JCQUE+PC9URD48L1RSPjwvVEFCTEU+PFRBQkxFIFdJRFRIPTEwMCUgQ0VMTFNQQUNJTkc9MiBCT1JERVI9MCBDRUxMUEFERElORz01PjxUUj48VEQgQUxJR049bGVmdCBCR0NPTE9SPSNGRkY4RUU+PEZPTlQgQ09MT1I9IzMzMzMzMyBTSVpFPTM+PEJSPuS+oeagvOOCkui2iuOBiOOBn+WTgeizquOCkuaPkOS+m+OBhOOBn+OBl+OBpuOBiuOCiuOBvuOBmeOBruOBp+OBlOWuieW/g+OBj+OBoOOBleOBhOOAgjxCUj7lvZPmlrnjga7jg5XjgqPjg6vjg6Djga9JU08gOTAwMeWPluW+l+W3peWgtOOBq+OBpuijvemAoOOBleOCjOOAgTxCUj7kuJbnlYznmoTjgavmlaznp7DjgZXjgozjgovjgIBVS0FT44CM6Iux5Zu96KqN6Ki85qmf6Zai6KqN5a6a5a+p6K2w5Lya44CNPEJSPuOBruiqjeiovOOCguWPluW+l+OBl+OBpuOBiuOCiuOBvuOBmeOAguOAgOOAgFJlZy5OTyAwNTkuQTxCUj48QlI+4piF4piF4piF4piF4piF6YGp5ZCI6LuK56iu4piF4piF4piF4piF4piFPEJSPgog44Oh44O844Kr44O877ya44OI44Oo44K/IDxCUj7ou4rlkI3vvJrjgrnjg5fjg6rjg7Pjgr/jg7zjgIDvvJTjg4njgqLjgrvjg4Djg7MgPEJSPui7iui8jOWei+W8j++8mkVFOTAvQUU5MeODuzky44O7OTUvQ0U5MOODuzk1IDxCUj7lubTlvI/vvJrmmK3lkow2Mi41772e5bmz5oiQMy42IAo8QlI+PEJSPuKYheKYheKYheKYheKYheOCu+ODg+ODiOWGheWuueKYheKYheKYheKYheKYhTxCUj48QlI+44K/44Kk44OI44Or44Gu44KC44Gu44Go44Gq44KK44G+44GZ44CCPEJSPuODleODreODs+ODiOOBruWgtOWQiD3pgYvou6LluK0v5Yqp5omL5bit44CQ5LiJ6KeS56qT44GM44GC44KL44KC44Gu44Gv5ZCr44G+44KM44G+44GZ44CRPEJSPuODquOColNFVOOBruWgtOWQiD3jg5Xjg63jg7Pjg4jjgJDpgYvou6LluK0v5Yqp5omL5bit44CR44KI44KK5b6M44KN5YWo44Gm44GuU0VU44Gn44GZPEJSPueUu+WDj+OBr+OCpOODoeODvOOCuOOBp+OBmeOBruOBp+OAgOi7iueoruOBq+OCiOOCiueVsOOBquOCiuOBvuOBmeOAgjxCUj7jgZTos7zlhaXmmYLjgIEz6Imy44Gu5Lit44GL44KJ44GK6YG444Gz44GP44Gg44GV44GE44CCPEJSPuODu+OCguOBo+OBqOOCgua/g+OBhOOCueODouODvOOCrz3jgrnjg7zjg5Hjg7zjg5bjg6njg4Pjgq/vvJXvvIU8QlI+44O75r+D44GE44K544Oi44O844KvPeODgOODvOOCr+OCueODouODvOOCr++8ke+8le+8hTxCUj7jg7vntJTmraPlkIzmp5jjga7jgrnjg6Ljg7zjgq8944OX44Op44Kk44OQ44K344O844K544Oi44O844Kv77yS77yW77yFPEJSPuOBlOazqOaWh+W+jOOBruiJsuOBruWkieabtOOBr+WHuuadpeOBi+OBreOBvuOBmeOAgjxCUj48QlI+PEJSPuODuyDnlLvlg4/jga/jgqTjg6Hjg7zjgrjjgafjgZnjgII8QlI+44O7IOODleOCo+ODq+ODoOOBr+OCreOCuuOBruOBpOOBjeOBq+OBj+OBhDxCUj7jg4/jg7zjg4njgrPjg7zjg4jjg5XjgqPjg6vjg6DjgpLkvb/nlKjjgZfjgabjgYrjgorjgb7jgZnjgII8QlI+PEJSPjxGT05UIFNJWkU9NT7imIXimIXimIXms6jmhI/kuovpoIUv5YWN6LKs5LqL6aCF4piF4piF4piFPC9GT05UPjxCUj7jg7vmpa3li5nnlKjjga7ngrrlpJbnrrHjg7voqqzmmI7mm7jnrYnku5jlsZ7oh7TjgZfjgb7jgZvjgpPjgII8QlI+44O76aCY5Y+O5pu444Gu55m66KGM44Gv44Gn44GN44G+44Gb44KT44Gu44Gn44GU5LqG5om/5LiL44GV44GE44CCPEJSPuODu+S9v+eUqOazleetieOBq+mWouOBmeOCi+OCteODneODvOODiOOBr+S4gOWIh+WHuuadpeOBvuOBm+OCk+OAgjxCUj7pganlkIjjgYvlkKbjgYvjgavjgaTjgY3jgb7jgZfjgabjga/llYblk4HoqqzmmI7jgavoqJjovInjgZfjgabjgYrjgorjgb7jgZk8QlI+6YGp5ZCI6LuK56iu44O75Z6L5byP44O75bm05byP44Gr44Gm44GK5a6i5qeY44GU6Ieq6Lqr44Gn44GU5Yik5pat44GK6aGY44GE6Ie044GX44G+44GZ44CCPEJSPjxCUj48QlI+PEZPTlQgU0laRT01PuOAkOOBlOizvOWFpeWJjeOBq+W/heOBmuOCr+ODquODg+OCr+OAkTwvRk9OVD48QlI+44GU6LO85YWl6aCC44GE44Gf5pmC54K544Gn44CB5LiK6KiY44KS44Kv44Oq44OD44Kv44GXPEJSPuOBlOeiuuiqjeODu+OBlOS6huaJv+mgguOBhOOBn+S4iuOBp+OBruOBlOizvOWFpeOBqOWIpOaWreOBlzxCUj7jgYrlj5blvJXjgZXjgZvjgabpoILjgY3jgb7jgZnjgII8QlI+44GU6LO85YWl5b6M44Gu44Kt44Oj44Oz44K744Or44Gv44GK5pat44KK44GX44Gm44GK44KK44G+44GZ44CCPEJSPjxCUj48QlI+PEZPTlQgU0laRT01PuOAkOaWreeGseODleOCo+ODq+ODoOOBuOOBruWkieabtOOCquODl+OCt+ODp+ODs+OAkTwvRk9OVD48QlI+5pat54ax44K/44Kk44OX44Gu44OV44Kj44Or44Og44KS44GU5biM5pyb44Gu5aC05ZCI44CB5LiK6KiY44Oq44Oz44Kv44KS44Kv44Oq44OD44Kv44GXPEJSPuOBlOW4jOacm+OBrui7iueoruWIpeOCq+ODg+ODiOa4iOOBv+OCq+ODvOODleOCo+ODq+ODoOOBqOS4gOe3kuOBq+OAgeOBlOizvOWFpeaJi+e2muOBjeOBiumhmOOBhOOBl+OBvuOBmeOAgjxCUj48QlI+PEJSPjxGT05UIFNJWkU9NT7jgJDjg5/jg6njg7zjg5XjgqPjg6vjg6Djgafjga7jgqvjg4Pjg4gg44Kq44OX44K344On44Oz44CRPC9GT05UPjxCUj7jg5/jg6njg7zjg5XjgqPjg6vjg6Djgafjga7oo73kvZzjgpLjgZTluIzmnJvjga7loLTlkIjjgIHkuIroqJjjg6rjg7Pjgq/jgpLjgq/jg6rjg4Pjgq/jgZc8QlI+44GU5biM5pyb44Gu6LuK56iu5Yil44Kr44OD44OI5riI44G/44Kr44O844OV44Kj44Or44Og44Go5LiA57eS44Gr44CB44GU6LO85YWl5omL57aa44GN44GK6aGY44GE44GX44G+44GZ44CCCjwvRk9OVD48L1REPjwvVFI+PC9UQUJMRT48L1REPjwvVFI+PC9UQUJMRT48QlI+PEJSPjxCUj48VEFCTEUgV0lEVEg9NjAwIENFTExTUEFDSU5HPTEgQk9SREVSPTAgQ0VMTFBBRERJTkc9MSBCR0NPTE9SPSNDQ0NDQ0M+PFRSPjxURCBCR0NPTE9SPSNGRjdGNTA+PFRBQkxFIFdJRFRIPTEwMCUgQ0VMTFNQQUNJTkc9MiBCT1JERVI9MCBDRUxMUEFERElORz01PjxUUj48VEQgQUxJR049bGVmdCBCR0NPTE9SPSNGRjdGNTA+PEZPTlQgQ09MT1I9IzMzMzMzMyBTSVpFPTM+PEI+4piF4piF55m66YCB5pa55rOVL+mAgeaWmeKYheKYhTwvQj48L0ZPTlQ+PC9URD48L1RSPjwvVEFCTEU+PFRBQkxFIFdJRFRIPTEwMCUgQ0VMTFNQQUNJTkc9MiBCT1JERVI9MCBDRUxMUEFERElORz0wPjxUUj48VEQgSEVJR0hUPTIgQkdDT0xPUj0jQ0NCQkFBPjwvVEQ+PC9UUj48L1RBQkxFPjxUQUJMRSBXSURUSD0xMDAlIENFTExTUEFDSU5HPTIgQk9SREVSPTAgQ0VMTFBBRERJTkc9NT48VFI+PFREIEFMSUdOPWxlZnQgQkdDT0xPUj0jRkZGOEVFPjxGT05UIENPTE9SPSMzMzMzMzMgU0laRT0zPjxCUj7llYblk4HlkI3jgavjgJDpgIHmlpnnhKHmlpnjgJHjga7oqJjovInjgYzjgYLjgovloLTlkIjjga/jgIHpgIHmlpnnhKHmlpnjgafjgZnjgII8QlI+PEJSPjxGT05UIFNJWkU9NT7jgJDlhajlm73pgIHmlpnooajjgJE8L0ZPTlQ+44KS44GU56K66KqN5LiL44GV44GE44G+44Gb44CCPEJSPjxCUj7opIfmlbDjga7llYblk4HjgpLlkIzmorHlj6/og73jgafjgZnjgII8QlI+4oC75ZCM5qKx44KS44GU5biM5pyb44Gu5aC05ZCI44CB5b+F44Ga5ZCM44GY44GK6LK344GE54mp44Kr44K077yI44Kr44O844OI77yJ44Gn44GU5rOo5paH5LiL44GV44GE44CCPEJSPuazqOaEj++8muOCq+ODvOODleOCo+ODq+ODoOOBruikh+aVsOWQjOaiseOBruWgtOWQiOS4gOOBpOOBruetkuOBq+OBvuOBqOOCgeOBpuaiseWMheiHtOOBl+OBvuOBmeOAgjxCUj7kuojjgoHjgZTkuobmib/kuIvjgZXjgYTjgb7jgZvjgII8QlI+PEJSPuKAu+WIpeOAheOBruOBiuiyt+OBhOeJqeOCq+OCtOOBp+azqOaWh+OBleOCjOOBn+WgtOWQiOOBr+WIpeOAheOBruetkuOBq+aiseWMheOBl+eZuumAgeiHtOOBl+OBvuOBmeOAgjxCUj7jgZ3jga7ngrrjgIHpgIHmlpnjg7vku6PlvJXjgY3miYvmlbDmlpnjga/nmbrpgIHlgIvmlbDliIboq4vmsYLjgZXjgZvjgabpoILjgY3jgb7jgZnjgII8QlI+PEJSPuKAu+WIpeOAheOBruOBiuiyt+OBhOeJqeOCq+OCtOOBp+azqOaWh+OBl+OAgemAgeaWme+8keWAi+WPo+WIhuOBp+OBruOBiuaUr+aJleOBhDxCUj7jgZXjgozjgZ/loLTlkIjjga/lkIzmorHluIzmnJvjgajliKTmlq3jgZfnmbrpgIHoh7TjgZfjgb7jgZnjgII8QlI+PEJSPuKYheeZuumAgeOBq+mWouOBmeOCi+azqOaEj+S6i+mgheKYhTxCUj4tLS0tLS0tLS0tLS0tLS0tLS0tLS0tLS0tLS0tLS0tLS0tLS0tLS0tIDxCUj7lvZPmlrnmjIflrprlroXmgKXkvr/jgafjgZnjga7jgafphY3pgIHmpa3ogIXjga/pgbjmip7jgafjgY3jgb7jgZvjgpPjgIIgPEJSPuaZgumWk+aMh+WumuOBr+WvvuW/nOOBhOOBn+OBl+OBpuOBiuOCiuOBvuOBm+OCk+OAgjxCUj7nmbrpgIHpgKPntaHjgavoqJjovInjga7llY/jgYTlkIjjgo/jgZvnlarlj7fjgafjgZToh6rouqvjgafjgZTnorroqo3poILjgZHjgb7jgZnjgII8QlI+6Zui5bO244Gv55m66YCB44GM5LiA5pel6YGF44KM44G+44GZ44CCIDxCUj4tLS0tLS0tLS0tLS0tLS0tLS0tLS0tLS0tLS0tLS0tLS0tLS0tLS0tPEJSPuKYheWVhuWTgeS7o+W8leKYheOAgOOAgDxCUj7lroXmgKXkvr/pgIHmlpkr5Yil6YCU5omL5pWw5paZ77yT77yX77yQ5YaGIDxCUj4tLS0tLS0tLS0tLS0tLS0tLS0tLS0tLS0tLS0tLS0tLS0tLS0tLS0tIDxCUj4xMuaZguWNiuOBvuOBp+OBq+OBlOWFpemHkeOBjOeiuuiqjeWHuuadpeOBn+OBlOazqOaWh+OAgTxCUj7jgb7jgZ/jga/llYblk4Hku6PlvJXjga7jgZTms6jmlofjga/ljbPml6XnmbrpgIHjgZXjgZvjgabpoILjgY3jgb7jgZnjgII8QlI+5a6a5LyR5pel44CA5Lya56S+5qaC6KaB6KiY6LyJL+iHqOaZguS8kealreOBruOBlOahiOWGheOBr+W9k+W6l+ODmuODvOOCuOWGheOBq+aOsui8ieOBl+OBvuOBmeOAgjwvRk9OVD48L1REPjwvVFI+PC9UQUJMRT48L1REPjwvVFI+PC9UQUJMRT48QlI+PFRBQkxFIFdJRFRIPTYwMCBDRUxMU1BBQ0lORz0xIEJPUkRFUj0wIENFTExQQURESU5HPTEgQkdDT0xPUj0jQ0NDQ0NDPjxUUj48VEQgQkdDT0xPUj0jRkY3RjUwPjxUQUJMRSBXSURUSD0xMDAlIENFTExTUEFDSU5HPTIgQk9SREVSPTAgQ0VMTFBBRERJTkc9NT48VFI+PFREIEFMSUdOPWxlZnQgQkdDT0xPUj0jRkY3RjUwPjxGT05UIENPTE9SPSMzMzMzMzMgU0laRT0zPjxCPuKYheKYheaUr+aJleaWueazleKYhTwvQj48L0ZPTlQ+PC9URD48L1RSPjwvVEFCTEU+PFRBQkxFIFdJRFRIPTEwMCUgQ0VMTFNQQUNJTkc9MiBCT1JERVI9MCBDRUxMUEFERElORz0wPjxUUj48VEQgSEVJR0hUPTIgQkdDT0xPUj0jQ0NCQkFBPjwvVEQ+PC9UUj48L1RBQkxFPjxUQUJMRSBXSURUSD0xMDAlIENFTExTUEFDSU5HPTIgQk9SREVSPTAgQ0VMTFBBRERJTkc9NT48VFI+PFREIEFMSUdOPWxlZnQgQkdDT0xPUj0jRkZGOEVFPjxGT05UIENPTE9SPSMzMzMzMzMgU0laRT0zPuKXj+alveWkqemKgOihjOOAgOaMr+i+vDxCUj7il4/llYblk4Hku6PlvJU8QlI+4peP44Kv44Os44K444OD44OI44Kr44O844OJ5rG65riIPEJSPuKXj+OCs+ODs+ODk+ODi+axuua4iO+8iOWJjeaJleOBhO+8iTxCUj7il4/mpb3lpKlFZHnmsbrmuIg8QlI+4pePYXXjgYvjgpPjgZ/jgpPmsbrmuIg8QlI+PC9GT05UPjwvVEQ+PC9UUj48L1RBQkxFPjwvVEQ+PC9UUj48L1RBQkxFPjxCUj48aW1nIHNyYz1odHRwOi8vaW1hZ2UucmFrdXRlbi5jby5qcC9hdWMtYXV0b21heC9jYWJpbmV0LzAzNDA2NjM4L2ltZ3JjMDA2ODE3NjkyNC5naWYgd2lkdGg9NjAwPjxCUj48QlI+PElNRyBTUkM9aHR0cDovL2ltYWdlLnJha3V0ZW4uY28uanAvYXVjLWF1dG9tYXgvY2FiaW5ldC8wMzU2MTkyNS9pbWc2MzE5Mzc4My5naWYgV0lEVEg9NjAwPjwvQ0VOVEVSPjxCUj48QlI+PENFTlRFUj48SU1HIFdJRFRIPTUyMCBTUkM9aHR0cDovL2ltYWdlLnJha3V0ZW4uY28uanAvYXVjLWF1dG9tYXgvY2FiaW5ldC8wMjU2NTcxNy9pbWc2NDc1MzExMS5naWY+PEJSPjxJTUcgV0lEVEg9NTIwIFNSQz1odHRwOi8vaW1hZ2UucmFrdXRlbi5jby5qcC9hdWMtYXV0b21heC9jYWJpbmV0LzAyNTY1NzE3L2ltZzY0NzU3OTg3LmdpZj48QlI+PC9DRU5URVI+PC9DRU5URVI+PC9UQUJMRT48L0NFTlRFUj48Y2VudGVyPgo8YnI+CjxpbWcgU1JDPWh0dHA6Ly9pbWFnZS5yYWt1dGVuLmNvLmpwL2F1Yy1hdXRvbWF4L2NhYmluZXQvaW1ncmMwMDY3MzgyMjc2LmdpZiB3aWR0aD02NzAgaGVpZ2h0PTQwMD48QlI+Cjxicj4KPGltZyBTUkM9aHR0cDovL2ltYWdlLnJha3V0ZW4uY28uanAvYXVjLWF1dG9tYXgvY2FiaW5ldC9pbWc2MDMzMzAwNC5naWYgd2lkdGg9NjcwIGhlaWdodD0xMjA+PEJSPgo8YnI+Cgo8YnI+PC9jZW50ZXI+,44CQ6YCB5paZ54Sh5paZ44CR44GC44GZ5qW9IOWvvuW/nCDjg5Xjg63jg7Pjg4gg44K544OX44Oq44Oz44K/44O8IDREIOOCu+ODgOODsyBFOSDjgqvjg4Pjg4jmuIjjgb8g44Kr44O844OV44Kj44Or44OgIOi7iueoruWIpSDjgrnjg6Ljg7zjgq8g44K744OD44OIIOi7iueoruWwgueUqCDjgqbjgqTjg7Pjg4njgqYg56qT44Ks44Op44K5IOaIkOW9oiDjg5XjgqTjg6vjg6BVVuOCq+ODg+ODiCDjg4/jg7zjg4njgrPjg7zjg4ggRElZIOaWveW3pSDmlrnms5Ug6LK844KK5pa5IDPnqK7poZ7jga7pgI/pgY7njofpgJrosqkg5aSn6Ziq44CQUkNQ44CR77yaQVVUT01BWCBpenVtaQ==,44Kr44OD44OG44Kj44Oz44Kw44K344O844OI44Oi44OL44K/44O844K544K/44Oz44OJ44Ki44Or44Kr44Oz44K/44O844Op6Kq/44K544Ko44O844OJ55Sf5Zyw44K344O844OI5rGO55So44OR44O844OE6Ieq5YuV6LuK44Ki44Kv44K744K144Oq44O844Oh44OD44Kt44Oi44O844Or6YCB5paZ54Sh5paZ44K544OG44OD44Kr44O844Kr44O855So5ZOB44OQ44Kk44Kv55So5ZOB44OJ44Os44K544Ki44OD44OX44Op44Kw44K444Ol44Ki44Oq44O85YaF6KOF5aSW6KOF44Kr44OD44OI5riI44G/44Kr44O844OV44Kj44Or44Og5aSn6Ziq6YCa6LKp5r+A5a6J5qC85a6J5pa95bel44CQ6YCB5paZ54Sh5paZ44CR44GC44GZ5qW9IOWvvuW/nCDjg5Xjg63jg7Pjg4gg44K544OX44Oq44Oz44K/44O8IDREIOOCu+ODgOODsyBFOSDjgqvjg4Pjg4jmuIjjgb8g44Kr44O844OV44Kj44Or44OgIOi7iueoruWIpSDjgrnjg6Ljg7zjgq8g44K744OD44OIIOi7iueoruWwgueUqCDjgqbjgqTjg7Pjg4njgqYg56qT44Ks44Op44K5IOaIkOW9oiDjg5XjgqTjg6vjg6BVVuOCq+ODg+ODiCDjg4/jg7zjg4njgrPjg7zjg4ggRElZIOaWveW3pSDmlrnms5Ug6LK844KK5pa5IDPnqK7poZ7jga7pgI/pgY7njofpgJrosqkg5aSn6Ziq44CQUkNQ44CR,6YCB5paZ54Sh5paZ77yI5YyX5rW36YGTL+aylue4hOmZpOOBj++8ieS7o+W8leOBjeOBruWgtOWQiOOAgeWIpemAlOaJi+aVsOaWmTM3MOWGhuOAguOAkOmAgeaWmeeEoeaWmeOAkeOBguOBmealvSDlr77lv5wg44OV44Ot44Oz44OIIOOCueODl+ODquODs+OCv+ODvCA0RCDjgrvjg4Djg7MgRTkg44Kr44OD44OI5riI44G/IOOCq+ODvOODleOCo+ODq+ODoCDou4rnqK7liKUg44K544Oi44O844KvIOOCu+ODg+ODiCDou4rnqK7lsILnlKgg44Km44Kk44Oz44OJ44KmIOeqk+OCrOODqeOCuSDmiJDlvaIg44OV44Kk44Or44OgVVbjgqvjg4Pjg4gg44OP44O844OJ44Kz44O844OIIERJWSDmlr3lt6Ug5pa55rOVIOiyvOOCiuaWuSAz56iu6aGe44Gu6YCP6YGO546H6YCa6LKpIOWkp+mYquOAkFJDUOOAkQ==[rn]
12-37288,aHR0cDovL3RzaG9wLnIxMHMuanAvYXVjLWF1dG9tYXgvY2FiaW5ldC8wMjU2NTcxNy9pbWc2NDIyMTM3MS5qcGc/Zml0aW49NzAwOjcwMA==,OTYwLjAwMDA=,,6LuK55So5ZOB44O744OQ44Kk44Kv55So5ZOBID4g44Kr44O855So5ZOBID4g5YaF6KOF44OR44O844OEID4g44OV44Kj44Or44Og77yI44K544Oi44O844Kv77yJID4g44OI44Oo44K/55So,44GC44GZ5qW9IOWvvuW/nCDjg5Xjg63jg7Pjg4gg44K544OX44Oq44Oz44K/44O844OI44Os44OOIOOCr+ODvOODmiBFMTAg44Kr44OD44OI5riI44G/IOOCq+ODvOODleOCo+ODq+ODoCDou4rnqK7liKUg44K544Oi44O844KvIOOCu+ODg+ODiCDou4rnqK7lsILnlKgg44Km44Kk44Oz44OJ44KmIOeqk+OCrOODqeOCuSDmiJDlvaIg44OV44Kk44Or44OgVVbjgqvjg4Pjg4gg44OP44O844OJ44Kz44O844OIIERJWSDmlr3lt6Ug5pa55rOVIOiyvOOCiuaWuSAz56iu6aGe44Gu6YCP6YGO546H6YCa6LKpIOWkp+mYqiDjgJDllYblk4HkuIDopqfjgJE=,,PENFTlRFUj48aW1nIHNyYz1odHRwOi8vaW1hZ2UucmFrdXRlbi5jby5qcC9hdWMtYXV0b21heC9jYWJpbmV0LzAzNDA2NjM4L2ltZ3JjMDA2ODE3NjkyMS5naWYgd2lkdGg9NjAwPjwvY2VudGVyPjxCUj48Q0VOVEVSPjxCUj48Rk9OVCBTSVpFPTUgQ09MT1I9I2ZmMDAwMD7lvZPlupfjga7jgqvjg4Pjg4jmuIjjgb/jgqvjg7zjg5XjgqPjg6vjg6Djga88L0ZPTlQ+PEJSPjxGT05UIFNJWkU9NSBDT0xPUj0jZmYwMDAwPjxCPk1BREXjgIBJTuOAgEpBUEFO44CAPC9CPjwvRk9OVD48QlI+PEZPTlQgU0laRT01IENPTE9SPSNmZjAwMDA+77yI57Sr5aSW57eaVVbjgIA5Oe+8heOCq+ODg+ODiO+8ieOBp+OBmeOAgjwvRk9OVD48QlI+PFRSPiA8VEQgSEVJR0hUPTY+PC9URD4gPFREIEhFSUdIVD02PjwvVEQ+IDxURCBIRUlHSFQ9Nj48L1REPiA8L1RSPjxCUj48Q0VOVEVSPjxGT05UIENPTE9SPSNDQ0JCQUEgU0laRT00PjxCPjwvQj48L0ZPTlQ+PEJSPjxCUj48VEFCTEUgV0lEVEg9NjAwIENFTExTUEFDSU5HPTEgQk9SREVSPTAgQ0VMTFBBRERJTkc9MSBCR0NPTE9SPSNDQ0NDQ0M+PFRSPjxURCBCR0NPTE9SPSNGRjdGNTA+PFRBQkxFIFdJRFRIPTEwMCUgQ0VMTFNQQUNJTkc9MiBCT1JERVI9MCBDRUxMUEFERElORz01PjxUUj48VEQgQUxJR049bGVmdCBCR0NPTE9SPSNGRjdGNTA+PEZPTlQgQ09MT1I9IzMzMzMzMyBTSVpFPTM+PEI+4piF4piF5ZWG5ZOB6Kqs5piO4piF4piFPC9CPjwvRk9OVD48L1REPjwvVFI+PC9UQUJMRT48VEFCTEUgV0lEVEg9MTAwJSBDRUxMU1BBQ0lORz0yIEJPUkRFUj0wIENFTExQQURESU5HPTA+PFRSPjxURCBIRUlHSFQ9MiBCR0NPTE9SPSNDQ0JCQUE+PC9URD48L1RSPjwvVEFCTEU+PFRBQkxFIFdJRFRIPTEwMCUgQ0VMTFNQQUNJTkc9MiBCT1JERVI9MCBDRUxMUEFERElORz01PjxUUj48VEQgQUxJR049bGVmdCBCR0NPTE9SPSNGRkY4RUU+PEZPTlQgQ09MT1I9IzMzMzMzMyBTSVpFPTM+PEJSPuS+oeagvOOCkui2iuOBiOOBn+WTgeizquOCkuaPkOS+m+OBhOOBn+OBl+OBpuOBiuOCiuOBvuOBmeOBruOBp+OBlOWuieW/g+OBj+OBoOOBleOBhOOAgjxCUj7lvZPmlrnjga7jg5XjgqPjg6vjg6Djga9JU08gOTAwMeWPluW+l+W3peWgtOOBq+OBpuijvemAoOOBleOCjOOAgTxCUj7kuJbnlYznmoTjgavmlaznp7DjgZXjgozjgovjgIBVS0FT44CM6Iux5Zu96KqN6Ki85qmf6Zai6KqN5a6a5a+p6K2w5Lya44CNPEJSPuOBruiqjeiovOOCguWPluW+l+OBl+OBpuOBiuOCiuOBvuOBmeOAguOAgOOAgFJlZy5OTyAwNTkuQTxCUj48QlI+4piF4piF4piF4piF4piF6YGp5ZCI6LuK56iu4piF4piF4piF4piF4piFPEJSPgog44Oh44O844Kr44O877ya44OI44Oo44K/IDxCUj7ou4rlkI3vvJrjgrnjg5fjg6rjg7Pjgr/jg7zjg4jjg6zjg47jgIDjgq/jg7zjg5ogPEJSPui7iui8jOWei+W8j++8mkFFMTAw44O7MTAxIDxCUj7lubTlvI/vvJrlubPmiJAzLjbvvZ43LjUKPEJSPjxCUj7imIXimIXimIXimIXimIXjgrvjg4Pjg4jlhoXlrrnimIXimIXimIXimIXimIU8QlI+PEJSPuOCv+OCpOODiOODq+OBruOCguOBruOBqOOBquOCiuOBvuOBmeOAgjxCUj7jg5Xjg63jg7Pjg4jjga7loLTlkIg96YGL6Lui5bitL+WKqeaJi+W4reOAkOS4ieinkueqk+OBjOOBguOCi+OCguOBruOBr+WQq+OBvuOCjOOBvuOBmeOAkTxCUj7jg6rjgqJTRVTjga7loLTlkIg944OV44Ot44Oz44OI44CQ6YGL6Lui5bitL+WKqeaJi+W4reOAkeOCiOOCiuW+jOOCjeWFqOOBpuOBrlNFVOOBp+OBmTxCUj7nlLvlg4/jga/jgqTjg6Hjg7zjgrjjgafjgZnjga7jgafjgIDou4rnqK7jgavjgojjgornlbDjgarjgorjgb7jgZnjgII8QlI+44GU6LO85YWl5pmC44CBM+iJsuOBruS4reOBi+OCieOBiumBuOOBs+OBj+OBoOOBleOBhOOAgjxCUj7jg7vjgoLjgaPjgajjgoLmv4PjgYTjgrnjg6Ljg7zjgq8944K544O844OR44O844OW44Op44OD44Kv77yV77yFPEJSPuODu+a/g+OBhOOCueODouODvOOCrz3jg4Djg7zjgq/jgrnjg6Ljg7zjgq/vvJHvvJXvvIU8QlI+44O757SU5q2j5ZCM5qeY44Gu44K544Oi44O844KvPeODl+ODqeOCpOODkOOCt+ODvOOCueODouODvOOCr++8ku+8lu+8hTxCUj7jgZTms6jmloflvozjga7oibLjga7lpInmm7Tjga/lh7rmnaXjgYvjga3jgb7jgZnjgII8QlI+PEJSPjxCUj7jg7sg55S75YOP44Gv44Kk44Oh44O844K444Gn44GZ44CCPEJSPuODuyDjg5XjgqPjg6vjg6Djga/jgq3jgrrjga7jgaTjgY3jgavjgY/jgYQ8QlI+44OP44O844OJ44Kz44O844OI44OV44Kj44Or44Og44KS5L2/55So44GX44Gm44GK44KK44G+44GZ44CCPEJSPjxCUj48Rk9OVCBTSVpFPTU+4piF4piF4piF5rOo5oSP5LqL6aCFL+WFjeiyrOS6i+mgheKYheKYheKYhTwvRk9OVD48QlI+44O75qWt5YuZ55So44Gu54K65aSW566x44O76Kqs5piO5pu4562J5LuY5bGe6Ie044GX44G+44Gb44KT44CCPEJSPuODu+mgmOWPjuabuOOBrueZuuihjOOBr+OBp+OBjeOBvuOBm+OCk+OBruOBp+OBlOS6huaJv+S4i+OBleOBhOOAgjxCUj7jg7vkvb/nlKjms5XnrYnjgavplqLjgZnjgovjgrXjg53jg7zjg4jjga/kuIDliIflh7rmnaXjgb7jgZvjgpPjgII8QlI+6YGp5ZCI44GL5ZCm44GL44Gr44Gk44GN44G+44GX44Gm44Gv5ZWG5ZOB6Kqs5piO44Gr6KiY6LyJ44GX44Gm44GK44KK44G+44GZPEJSPumBqeWQiOi7iueoruODu+Wei+W8j+ODu+W5tOW8j+OBq+OBpuOBiuWuouanmOOBlOiHqui6q+OBp+OBlOWIpOaWreOBiumhmOOBhOiHtOOBl+OBvuOBmeOAgjxCUj48QlI+PEJSPjxGT05UIFNJWkU9NT7jgJDjgZTos7zlhaXliY3jgavlv4XjgZrjgq/jg6rjg4Pjgq/jgJE8L0ZPTlQ+PEJSPuOBlOizvOWFpemgguOBhOOBn+aZgueCueOBp+OAgeS4iuiomOOCkuOCr+ODquODg+OCr+OBlzxCUj7jgZTnorroqo3jg7vjgZTkuobmib/poILjgYTjgZ/kuIrjgafjga7jgZTos7zlhaXjgajliKTmlq3jgZc8QlI+44GK5Y+W5byV44GV44Gb44Gm6aCC44GN44G+44GZ44CCPEJSPuOBlOizvOWFpeW+jOOBruOCreODo+ODs+OCu+ODq+OBr+OBiuaWreOCiuOBl+OBpuOBiuOCiuOBvuOBmeOAgjxCUj48QlI+PEJSPjxGT05UIFNJWkU9NT7jgJDmlq3nhrHjg5XjgqPjg6vjg6Djgbjjga7lpInmm7Tjgqrjg5fjgrfjg6fjg7PjgJE8L0ZPTlQ+PEJSPuaWreeGseOCv+OCpOODl+OBruODleOCo+ODq+ODoOOCkuOBlOW4jOacm+OBruWgtOWQiOOAgeS4iuiomOODquODs+OCr+OCkuOCr+ODquODg+OCr+OBlzxCUj7jgZTluIzmnJvjga7ou4rnqK7liKXjgqvjg4Pjg4jmuIjjgb/jgqvjg7zjg5XjgqPjg6vjg6DjgajkuIDnt5LjgavjgIHjgZTos7zlhaXmiYvntprjgY3jgYrpoZjjgYTjgZfjgb7jgZnjgII8QlI+PEJSPjxCUj48Rk9OVCBTSVpFPTU+44CQ44Of44Op44O844OV44Kj44Or44Og44Gn44Gu44Kr44OD44OIIOOCquODl+OCt+ODp+ODs+OAkTwvRk9OVD48QlI+44Of44Op44O844OV44Kj44Or44Og44Gn44Gu6KO95L2c44KS44GU5biM5pyb44Gu5aC05ZCI44CB5LiK6KiY44Oq44Oz44Kv44KS44Kv44Oq44OD44Kv44GXPEJSPuOBlOW4jOacm+OBrui7iueoruWIpeOCq+ODg+ODiOa4iOOBv+OCq+ODvOODleOCo+ODq+ODoOOBqOS4gOe3kuOBq+OAgeOBlOizvOWFpeaJi+e2muOBjeOBiumhmOOBhOOBl+OBvuOBmeOAggo8L0ZPTlQ+PC9URD48L1RSPjwvVEFCTEU+PC9URD48L1RSPjwvVEFCTEU+PEJSPjxCUj48QlI+PFRBQkxFIFdJRFRIPTYwMCBDRUxMU1BBQ0lORz0xIEJPUkRFUj0wIENFTExQQURESU5HPTEgQkdDT0xPUj0jQ0NDQ0NDPjxUUj48VEQgQkdDT0xPUj0jRkY3RjUwPjxUQUJMRSBXSURUSD0xMDAlIENFTExTUEFDSU5HPTIgQk9SREVSPTAgQ0VMTFBBRERJTkc9NT48VFI+PFREIEFMSUdOPWxlZnQgQkdDT0xPUj0jRkY3RjUwPjxGT05UIENPTE9SPSMzMzMzMzMgU0laRT0zPjxCPuKYheKYheeZuumAgeaWueazlS/pgIHmlpnimIXimIU8L0I+PC9GT05UPjwvVEQ+PC9UUj48L1RBQkxFPjxUQUJMRSBXSURUSD0xMDAlIENFTExTUEFDSU5HPTIgQk9SREVSPTAgQ0VMTFBBRERJTkc9MD48VFI+PFREIEhFSUdIVD0yIEJHQ09MT1I9I0NDQkJBQT48L1REPjwvVFI+PC9UQUJMRT48VEFCTEUgV0lEVEg9MTAwJSBDRUxMU1BBQ0lORz0yIEJPUkRFUj0wIENFTExQQURESU5HPTU+PFRSPjxURCBBTElHTj1sZWZ0IEJHQ09MT1I9I0ZGRjhFRT48Rk9OVCBDT0xPUj0jMzMzMzMzIFNJWkU9Mz48QlI+5ZWG5ZOB5ZCN44Gr44CQ6YCB5paZ54Sh5paZ44CR44Gu6KiY6LyJ44GM44GC44KL5aC05ZCI44Gv44CB6YCB5paZ54Sh5paZ44Gn44GZ44CCPEJSPjxCUj48Rk9OVCBTSVpFPTU+44CQ5YWo5Zu96YCB5paZ6KGo44CRPC9GT05UPuOCkuOBlOeiuuiqjeS4i+OBleOBhOOBvuOBm+OAgjxCUj48QlI+6KSH5pWw44Gu5ZWG5ZOB44KS5ZCM5qKx5Y+v6IO944Gn44GZ44CCPEJSPuKAu+WQjOaiseOCkuOBlOW4jOacm+OBruWgtOWQiOOAgeW/heOBmuWQjOOBmOOBiuiyt+OBhOeJqeOCq+OCtO+8iOOCq+ODvOODiO+8ieOBp+OBlOazqOaWh+S4i+OBleOBhOOAgjxCUj7ms6jmhI/vvJrjgqvjg7zjg5XjgqPjg6vjg6Djga7opIfmlbDlkIzmorHjga7loLTlkIjkuIDjgaTjga7nrZLjgavjgb7jgajjgoHjgabmorHljIXoh7TjgZfjgb7jgZnjgII8QlI+5LqI44KB44GU5LqG5om/5LiL44GV44GE44G+44Gb44CCPEJSPjxCUj7igLvliKXjgIXjga7jgYrosrfjgYTnianjgqvjgrTjgafms6jmlofjgZXjgozjgZ/loLTlkIjjga/liKXjgIXjga7nrZLjgavmorHljIXjgZfnmbrpgIHoh7TjgZfjgb7jgZnjgII8QlI+44Gd44Gu54K644CB6YCB5paZ44O75Luj5byV44GN5omL5pWw5paZ44Gv55m66YCB5YCL5pWw5YiG6KuL5rGC44GV44Gb44Gm6aCC44GN44G+44GZ44CCPEJSPjxCUj7igLvliKXjgIXjga7jgYrosrfjgYTnianjgqvjgrTjgafms6jmlofjgZfjgIHpgIHmlpnvvJHlgIvlj6PliIbjgafjga7jgYrmlK/miZXjgYQ8QlI+44GV44KM44Gf5aC05ZCI44Gv5ZCM5qKx5biM5pyb44Go5Yik5pat44GX55m66YCB6Ie044GX44G+44GZ44CCPEJSPjxCUj7imIXnmbrpgIHjgavplqLjgZnjgovms6jmhI/kuovpoIXimIU8QlI+LS0tLS0tLS0tLS0tLS0tLS0tLS0tLS0tLS0tLS0tLS0tLS0tLS0tLSA8QlI+5b2T5pa55oyH5a6a5a6F5oCl5L6/44Gn44GZ44Gu44Gn6YWN6YCB5qWt6ICF44Gv6YG45oqe44Gn44GN44G+44Gb44KT44CCIDxCUj7mmYLplpPmjIflrprjga/lr77lv5zjgYTjgZ/jgZfjgabjgYrjgorjgb7jgZvjgpPjgII8QlI+55m66YCB6YCj57Wh44Gr6KiY6LyJ44Gu5ZWP44GE5ZCI44KP44Gb55Wq5Y+344Gn44GU6Ieq6Lqr44Gn44GU56K66KqN6aCC44GR44G+44GZ44CCPEJSPumbouWztuOBr+eZuumAgeOBjOS4gOaXpemBheOCjOOBvuOBmeOAgiA8QlI+LS0tLS0tLS0tLS0tLS0tLS0tLS0tLS0tLS0tLS0tLS0tLS0tLS0tLTxCUj7imIXllYblk4Hku6PlvJXimIXjgIDjgIA8QlI+5a6F5oCl5L6/6YCB5paZK+WIpemAlOaJi+aVsOaWme+8k++8l++8kOWGhiA8QlI+LS0tLS0tLS0tLS0tLS0tLS0tLS0tLS0tLS0tLS0tLS0tLS0tLS0tLSA8QlI+MTLmmYLljYrjgb7jgafjgavjgZTlhaXph5HjgYznorroqo3lh7rmnaXjgZ/jgZTms6jmlofjgIE8QlI+44G+44Gf44Gv5ZWG5ZOB5Luj5byV44Gu44GU5rOo5paH44Gv5Y2z5pel55m66YCB44GV44Gb44Gm6aCC44GN44G+44GZ44CCPEJSPuWumuS8keaXpeOAgOS8muekvuamguimgeiomOi8iS/oh6jmmYLkvJHmpa3jga7jgZTmoYjlhoXjga/lvZPlupfjg5rjg7zjgrjlhoXjgavmjrLovInjgZfjgb7jgZnjgII8L0ZPTlQ+PC9URD48L1RSPjwvVEFCTEU+PC9URD48L1RSPjwvVEFCTEU+PEJSPjxUQUJMRSBXSURUSD02MDAgQ0VMTFNQQUNJTkc9MSBCT1JERVI9MCBDRUxMUEFERElORz0xIEJHQ09MT1I9I0NDQ0NDQz48VFI+PFREIEJHQ09MT1I9I0ZGN0Y1MD48VEFCTEUgV0lEVEg9MTAwJSBDRUxMU1BBQ0lORz0yIEJPUkRFUj0wIENFTExQQURESU5HPTU+PFRSPjxURCBBTElHTj1sZWZ0IEJHQ09MT1I9I0ZGN0Y1MD48Rk9OVCBDT0xPUj0jMzMzMzMzIFNJWkU9Mz48Qj7imIXimIXmlK/miZXmlrnms5XimIU8L0I+PC9GT05UPjwvVEQ+PC9UUj48L1RBQkxFPjxUQUJMRSBXSURUSD0xMDAlIENFTExTUEFDSU5HPTIgQk9SREVSPTAgQ0VMTFBBRERJTkc9MD48VFI+PFREIEhFSUdIVD0yIEJHQ09MT1I9I0NDQkJBQT48L1REPjwvVFI+PC9UQUJMRT48VEFCTEUgV0lEVEg9MTAwJSBDRUxMU1BBQ0lORz0yIEJPUkRFUj0wIENFTExQQURESU5HPTU+PFRSPjxURCBBTElHTj1sZWZ0IEJHQ09MT1I9I0ZGRjhFRT48Rk9OVCBDT0xPUj0jMzMzMzMzIFNJWkU9Mz7il4/mpb3lpKnpioDooYzjgIDmjK/ovrw8QlI+4peP5ZWG5ZOB5Luj5byVPEJSPuKXj+OCr+ODrOOCuOODg+ODiOOCq+ODvOODieaxuua4iDxCUj7il4/jgrPjg7Pjg5Pjg4vmsbrmuIjvvIjliY3miZXjgYTvvIk8QlI+4peP5qW95aSpRWR55rG65riIPEJSPuKXj2F144GL44KT44Gf44KT5rG65riIPEJSPjwvRk9OVD48L1REPjwvVFI+PC9UQUJMRT48L1REPjwvVFI+PC9UQUJMRT48QlI+PGltZyBzcmM9aHR0cDovL2ltYWdlLnJha3V0ZW4uY28uanAvYXVjLWF1dG9tYXgvY2FiaW5ldC8wMzQwNjYzOC9pbWdyYzAwNjgxNzY5MjQuZ2lmIHdpZHRoPTYwMD48QlI+PEJSPjxJTUcgU1JDPWh0dHA6Ly9pbWFnZS5yYWt1dGVuLmNvLmpwL2F1Yy1hdXRvbWF4L2NhYmluZXQvMDM1NjE5MjUvaW1nNjMxOTM3ODMuZ2lmIFdJRFRIPTYwMD48L0NFTlRFUj48QlI+PEJSPjxDRU5URVI+PElNRyBXSURUSD01MjAgU1JDPWh0dHA6Ly9pbWFnZS5yYWt1dGVuLmNvLmpwL2F1Yy1hdXRvbWF4L2NhYmluZXQvMDI1NjU3MTcvaW1nNjQ3NTMxMTEuZ2lmPjxCUj48SU1HIFdJRFRIPTUyMCBTUkM9aHR0cDovL2ltYWdlLnJha3V0ZW4uY28uanAvYXVjLWF1dG9tYXgvY2FiaW5ldC8wMjU2NTcxNy9pbWc2NDc1Nzk4Ny5naWY+PEJSPjwvQ0VOVEVSPjwvQ0VOVEVSPjwvVEFCTEU+PC9DRU5URVI+PGNlbnRlcj4KPGJyPgo8aW1nIFNSQz1odHRwOi8vaW1hZ2UucmFrdXRlbi5jby5qcC9hdWMtYXV0b21heC9jYWJpbmV0L2ltZ3JjMDA2NzM4MjI3Ni5naWYgd2lkdGg9NjcwIGhlaWdodD00MDA+PEJSPgo8YnI+CjxpbWcgU1JDPWh0dHA6Ly9pbWFnZS5yYWt1dGVuLmNvLmpwL2F1Yy1hdXRvbWF4L2NhYmluZXQvaW1nNjAzMzMwMDQuZ2lmIHdpZHRoPTY3MCBoZWlnaHQ9MTIwPjxCUj4KPGJyPgoKPGJyPjwvY2VudGVyPg==,44GC44GZ5qW9IOWvvuW/nCDjg5Xjg63jg7Pjg4gg44K544OX44Oq44Oz44K/44O844OI44Os44OOIOOCr+ODvOODmiBFMTAg44Kr44OD44OI5riI44G/IOOCq+ODvOODleOCo+ODq+ODoCDou4rnqK7liKUg44K544Oi44O844KvIOOCu+ODg+ODiCDou4rnqK7lsILnlKgg44Km44Kk44Oz44OJ44KmIOeqk+OCrOODqeOCuSDmiJDlvaIg44OV44Kk44Or44OgVVbjgqvjg4Pjg4gg44OP44O844OJ44Kz44O844OIIERJWSDmlr3lt6Ug5pa55rOVIOiyvOOCiuaWuSAz56iu6aGe44Gu6YCP6YGO546H6YCa6LKpIOWkp+mYqiDjgJDllYblk4HkuIDopqfjgJHvvJpBVVRPTUFYIGl6dW1p,44Kr44OD44OG44Kj44Oz44Kw44K344O844OI44Oi44OL44K/44O844K544K/44Oz44OJ44Ki44Or44Kr44Oz44K/44O844Op6Kq/44K544Ko44O844OJ55Sf5Zyw44K344O844OI5rGO55So44OR44O844OE6Ieq5YuV6LuK44Ki44Kv44K744K144Oq44O844Oh44OD44Kt44Oi44O844Or6YCB5paZ54Sh5paZ44K544OG44OD44Kr44O844Kr44O855So5ZOB44OQ44Kk44Kv55So5ZOB44OJ44Os44K544Ki44OD44OX44Op44Kw44K444Ol44Ki44Oq44O85YaF6KOF5aSW6KOF44Kr44OD44OI5riI44G/44Kr44O844OV44Kj44Or44Og5aSn6Ziq6YCa6LKp5r+A5a6J5qC85a6J5pa95bel44GC44GZ5qW9IOWvvuW/nCDjg5Xjg63jg7Pjg4gg44K544OX44Oq44Oz44K/44O844OI44Os44OOIOOCr+ODvOODmiBFMTAg44Kr44OD44OI5riI44G/IOOCq+ODvOODleOCo+ODq+ODoCDou4rnqK7liKUg44K544Oi44O844KvIOOCu+ODg+ODiCDou4rnqK7lsILnlKgg44Km44Kk44Oz44OJ44KmIOeqk+OCrOODqeOCuSDmiJDlvaIg44OV44Kk44Or44OgVVbjgqvjg4Pjg4gg44OP44O844OJ44Kz44O844OIIERJWSDmlr3lt6Ug5pa55rOVIOiyvOOCiuaWuSAz56iu6aGe44Gu6YCP6YGO546H6YCa6LKpIOWkp+mYqiDjgJDllYblk4HkuIDopqfjgJE=,44GT44Gu5ZWG5ZOB44Gv6YCB5paZIOWFqOWbveS4gOW+izYwMOWGhiDjgafjgZko5YyX5rW36YGTL+aylue4hOmZpOOBjynlkIzmorHlj6/og73jgILjgILjgYLjgZnmpb0g5a++5b+cIOODleODreODs+ODiCDjgrnjg5fjg6rjg7Pjgr/jg7zjg4jjg6zjg44g44Kv44O844OaIEUxMCDjgqvjg4Pjg4jmuIjjgb8g44Kr44O844OV44Kj44Or44OgIOi7iueoruWIpSDjgrnjg6Ljg7zjgq8g44K744OD44OIIOi7iueoruWwgueUqCDjgqbjgqTjg7Pjg4njgqYg56qT44Ks44Op44K5IOaIkOW9oiDjg5XjgqTjg6vjg6BVVuOCq+ODg+ODiCDjg4/jg7zjg4njgrPjg7zjg4ggRElZIOaWveW3pSDmlrnms5Ug6LK844KK5pa5IDPnqK7poZ7jga7pgI/pgY7njofpgJrosqkg5aSn6ZiqIOOAkOWVhuWTgeS4gOimp+OAkQ==[rn]
12-37289,aHR0cDovL3RzaG9wLnIxMHMuanAvYXVjLWF1dG9tYXgvY2FiaW5ldC8wMjU2NTcxNy9pbWc2NDIyMTM3MS5qcGc/Zml0aW49NzAwOjcwMA==,OTYwLjAwMDA=,,6LuK55So5ZOB44O744OQ44Kk44Kv55So5ZOBID4g44Kr44O855So5ZOBID4g5YaF6KOF44OR44O844OEID4g44OV44Kj44Or44Og77yI44K544Oi44O844Kv77yJID4g44OI44Oo44K/55So,44GC44GZ5qW9IOWvvuW/nCDjg5Xjg63jg7Pjg4gg44K544OX44Oq44Oz44K/44O844OI44Os44OOIOOCr+ODvOODmiBFOSDjgqvjg4Pjg4jmuIjjgb8g44Kr44O844OV44Kj44Or44OgIOi7iueoruWIpSDjgrnjg6Ljg7zjgq8g44K744OD44OIIOi7iueoruWwgueUqCDjgqbjgqTjg7Pjg4njgqYg56qT44Ks44Op44K5IOaIkOW9oiDjg5XjgqTjg6vjg6BVVuOCq+ODg+ODiCDjg4/jg7zjg4njgrPjg7zjg4ggRElZIOaWveW3pSDmlrnms5Ug6LK844KK5pa5IDPnqK7poZ7jga7pgI/pgY7njofpgJrosqkg5aSn6ZiqIOOAkOWVhuWTgeS4gOimp+OAkQ==,,PENFTlRFUj48aW1nIHNyYz1odHRwOi8vaW1hZ2UucmFrdXRlbi5jby5qcC9hdWMtYXV0b21heC9jYWJpbmV0LzAzNDA2NjM4L2ltZ3JjMDA2ODE3NjkyMS5naWYgd2lkdGg9NjAwPjwvY2VudGVyPjxCUj48Q0VOVEVSPjxCUj48Rk9OVCBTSVpFPTUgQ09MT1I9I2ZmMDAwMD7lvZPlupfjga7jgqvjg4Pjg4jmuIjjgb/jgqvjg7zjg5XjgqPjg6vjg6Djga88L0ZPTlQ+PEJSPjxGT05UIFNJWkU9NSBDT0xPUj0jZmYwMDAwPjxCPk1BREXjgIBJTuOAgEpBUEFO44CAPC9CPjwvRk9OVD48QlI+PEZPTlQgU0laRT01IENPTE9SPSNmZjAwMDA+77yI57Sr5aSW57eaVVbjgIA5Oe+8heOCq+ODg+ODiO+8ieOBp+OBmeOAgjwvRk9OVD48QlI+PFRSPiA8VEQgSEVJR0hUPTY+PC9URD4gPFREIEhFSUdIVD02PjwvVEQ+IDxURCBIRUlHSFQ9Nj48L1REPiA8L1RSPjxCUj48Q0VOVEVSPjxGT05UIENPTE9SPSNDQ0JCQUEgU0laRT00PjxCPjwvQj48L0ZPTlQ+PEJSPjxCUj48VEFCTEUgV0lEVEg9NjAwIENFTExTUEFDSU5HPTEgQk9SREVSPTAgQ0VMTFBBRERJTkc9MSBCR0NPTE9SPSNDQ0NDQ0M+PFRSPjxURCBCR0NPTE9SPSNGRjdGNTA+PFRBQkxFIFdJRFRIPTEwMCUgQ0VMTFNQQUNJTkc9MiBCT1JERVI9MCBDRUxMUEFERElORz01PjxUUj48VEQgQUxJR049bGVmdCBCR0NPTE9SPSNGRjdGNTA+PEZPTlQgQ09MT1I9IzMzMzMzMyBTSVpFPTM+PEI+4piF4piF5ZWG5ZOB6Kqs5piO4piF4piFPC9CPjwvRk9OVD48L1REPjwvVFI+PC9UQUJMRT48VEFCTEUgV0lEVEg9MTAwJSBDRUxMU1BBQ0lORz0yIEJPUkRFUj0wIENFTExQQURESU5HPTA+PFRSPjxURCBIRUlHSFQ9MiBCR0NPTE9SPSNDQ0JCQUE+PC9URD48L1RSPjwvVEFCTEU+PFRBQkxFIFdJRFRIPTEwMCUgQ0VMTFNQQUNJTkc9MiBCT1JERVI9MCBDRUxMUEFERElORz01PjxUUj48VEQgQUxJR049bGVmdCBCR0NPTE9SPSNGRkY4RUU+PEZPTlQgQ09MT1I9IzMzMzMzMyBTSVpFPTM+PEJSPuS+oeagvOOCkui2iuOBiOOBn+WTgeizquOCkuaPkOS+m+OBhOOBn+OBl+OBpuOBiuOCiuOBvuOBmeOBruOBp+OBlOWuieW/g+OBj+OBoOOBleOBhOOAgjxCUj7lvZPmlrnjga7jg5XjgqPjg6vjg6Djga9JU08gOTAwMeWPluW+l+W3peWgtOOBq+OBpuijvemAoOOBleOCjOOAgTxCUj7kuJbnlYznmoTjgavmlaznp7DjgZXjgozjgovjgIBVS0FT44CM6Iux5Zu96KqN6Ki85qmf6Zai6KqN5a6a5a+p6K2w5Lya44CNPEJSPuOBruiqjeiovOOCguWPluW+l+OBl+OBpuOBiuOCiuOBvuOBmeOAguOAgOOAgFJlZy5OTyAwNTkuQTxCUj48QlI+4piF4piF4piF4piF4piF6YGp5ZCI6LuK56iu4piF4piF4piF4piF4piFPEJSPgog44Oh44O844Kr44O877ya44OI44Oo44K/IDxCUj7ou4rlkI3vvJrjgrnjg5fjg6rjg7Pjgr/jg7zjg4jjg6zjg47jgIDjgq/jg7zjg5ogPEJSPui7iui8jOWei+W8j++8mkFFOTHjg7s5MiA8QlI+5bm05byP77ya5pit5ZKMNjIuNe+9nuW5s+aIkDMuNiDjgIAKPEJSPjxCUj7imIXimIXimIXimIXimIXjgrvjg4Pjg4jlhoXlrrnimIXimIXimIXimIXimIU8QlI+PEJSPuOCv+OCpOODiOODq+OBruOCguOBruOBqOOBquOCiuOBvuOBmeOAgjxCUj7jg5Xjg63jg7Pjg4jjga7loLTlkIg96YGL6Lui5bitL+WKqeaJi+W4reOAkOS4ieinkueqk+OBjOOBguOCi+OCguOBruOBr+WQq+OBvuOCjOOBvuOBmeOAkTxCUj7jg6rjgqJTRVTjga7loLTlkIg944OV44Ot44Oz44OI44CQ6YGL6Lui5bitL+WKqeaJi+W4reOAkeOCiOOCiuW+jOOCjeWFqOOBpuOBrlNFVOOBp+OBmTxCUj7nlLvlg4/jga/jgqTjg6Hjg7zjgrjjgafjgZnjga7jgafjgIDou4rnqK7jgavjgojjgornlbDjgarjgorjgb7jgZnjgII8QlI+44GU6LO85YWl5pmC44CBM+iJsuOBruS4reOBi+OCieOBiumBuOOBs+OBj+OBoOOBleOBhOOAgjxCUj7jg7vjgoLjgaPjgajjgoLmv4PjgYTjgrnjg6Ljg7zjgq8944K544O844OR44O844OW44Op44OD44Kv77yV77yFPEJSPuODu+a/g+OBhOOCueODouODvOOCrz3jg4Djg7zjgq/jgrnjg6Ljg7zjgq/vvJHvvJXvvIU8QlI+44O757SU5q2j5ZCM5qeY44Gu44K544Oi44O844KvPeODl+ODqeOCpOODkOOCt+ODvOOCueODouODvOOCr++8ku+8lu+8hTxCUj7jgZTms6jmloflvozjga7oibLjga7lpInmm7Tjga/lh7rmnaXjgYvjga3jgb7jgZnjgII8QlI+PEJSPjxCUj7jg7sg55S75YOP44Gv44Kk44Oh44O844K444Gn44GZ44CCPEJSPuODuyDjg5XjgqPjg6vjg6Djga/jgq3jgrrjga7jgaTjgY3jgavjgY/jgYQ8QlI+44OP44O844OJ44Kz44O844OI44OV44Kj44Or44Og44KS5L2/55So44GX44Gm44GK44KK44G+44GZ44CCPEJSPjxCUj48Rk9OVCBTSVpFPTU+4piF4piF4piF5rOo5oSP5LqL6aCFL+WFjeiyrOS6i+mgheKYheKYheKYhTwvRk9OVD48QlI+44O75qWt5YuZ55So44Gu54K65aSW566x44O76Kqs5piO5pu4562J5LuY5bGe6Ie044GX44G+44Gb44KT44CCPEJSPuODu+mgmOWPjuabuOOBrueZuuihjOOBr+OBp+OBjeOBvuOBm+OCk+OBruOBp+OBlOS6huaJv+S4i+OBleOBhOOAgjxCUj7jg7vkvb/nlKjms5XnrYnjgavplqLjgZnjgovjgrXjg53jg7zjg4jjga/kuIDliIflh7rmnaXjgb7jgZvjgpPjgII8QlI+6YGp5ZCI44GL5ZCm44GL44Gr44Gk44GN44G+44GX44Gm44Gv5ZWG5ZOB6Kqs5piO44Gr6KiY6LyJ44GX44Gm44GK44KK44G+44GZPEJSPumBqeWQiOi7iueoruODu+Wei+W8j+ODu+W5tOW8j+OBq+OBpuOBiuWuouanmOOBlOiHqui6q+OBp+OBlOWIpOaWreOBiumhmOOBhOiHtOOBl+OBvuOBmeOAgjxCUj48QlI+PEJSPjxGT05UIFNJWkU9NT7jgJDjgZTos7zlhaXliY3jgavlv4XjgZrjgq/jg6rjg4Pjgq/jgJE8L0ZPTlQ+PEJSPuOBlOizvOWFpemgguOBhOOBn+aZgueCueOBp+OAgeS4iuiomOOCkuOCr+ODquODg+OCr+OBlzxCUj7jgZTnorroqo3jg7vjgZTkuobmib/poILjgYTjgZ/kuIrjgafjga7jgZTos7zlhaXjgajliKTmlq3jgZc8QlI+44GK5Y+W5byV44GV44Gb44Gm6aCC44GN44G+44GZ44CCPEJSPuOBlOizvOWFpeW+jOOBruOCreODo+ODs+OCu+ODq+OBr+OBiuaWreOCiuOBl+OBpuOBiuOCiuOBvuOBmeOAgjxCUj48QlI+PEJSPjxGT05UIFNJWkU9NT7jgJDmlq3nhrHjg5XjgqPjg6vjg6Djgbjjga7lpInmm7Tjgqrjg5fjgrfjg6fjg7PjgJE8L0ZPTlQ+PEJSPuaWreeGseOCv+OCpOODl+OBruODleOCo+ODq+ODoOOCkuOBlOW4jOacm+OBruWgtOWQiOOAgeS4iuiomOODquODs+OCr+OCkuOCr+ODquODg+OCr+OBlzxCUj7jgZTluIzmnJvjga7ou4rnqK7liKXjgqvjg4Pjg4jmuIjjgb/jgqvjg7zjg5XjgqPjg6vjg6DjgajkuIDnt5LjgavjgIHjgZTos7zlhaXmiYvntprjgY3jgYrpoZjjgYTjgZfjgb7jgZnjgII8QlI+PEJSPjxCUj48Rk9OVCBTSVpFPTU+44CQ44Of44Op44O844OV44Kj44Or44Og44Gn44Gu44Kr44OD44OIIOOCquODl+OCt+ODp+ODs+OAkTwvRk9OVD48QlI+44Of44Op44O844OV44Kj44Or44Og44Gn44Gu6KO95L2c44KS44GU5biM5pyb44Gu5aC05ZCI44CB5LiK6KiY44Oq44Oz44Kv44KS44Kv44Oq44OD44Kv44GXPEJSPuOBlOW4jOacm+OBrui7iueoruWIpeOCq+ODg+ODiOa4iOOBv+OCq+ODvOODleOCo+ODq+ODoOOBqOS4gOe3kuOBq+OAgeOBlOizvOWFpeaJi+e2muOBjeOBiumhmOOBhOOBl+OBvuOBmeOAggo8L0ZPTlQ+PC9URD48L1RSPjwvVEFCTEU+PC9URD48L1RSPjwvVEFCTEU+PEJSPjxCUj48QlI+PFRBQkxFIFdJRFRIPTYwMCBDRUxMU1BBQ0lORz0xIEJPUkRFUj0wIENFTExQQURESU5HPTEgQkdDT0xPUj0jQ0NDQ0NDPjxUUj48VEQgQkdDT0xPUj0jRkY3RjUwPjxUQUJMRSBXSURUSD0xMDAlIENFTExTUEFDSU5HPTIgQk9SREVSPTAgQ0VMTFBBRERJTkc9NT48VFI+PFREIEFMSUdOPWxlZnQgQkdDT0xPUj0jRkY3RjUwPjxGT05UIENPTE9SPSMzMzMzMzMgU0laRT0zPjxCPuKYheKYheeZuumAgeaWueazlS/pgIHmlpnimIXimIU8L0I+PC9GT05UPjwvVEQ+PC9UUj48L1RBQkxFPjxUQUJMRSBXSURUSD0xMDAlIENFTExTUEFDSU5HPTIgQk9SREVSPTAgQ0VMTFBBRERJTkc9MD48VFI+PFREIEhFSUdIVD0yIEJHQ09MT1I9I0NDQkJBQT48L1REPjwvVFI+PC9UQUJMRT48VEFCTEUgV0lEVEg9MTAwJSBDRUxMU1BBQ0lORz0yIEJPUkRFUj0wIENFTExQQURESU5HPTU+PFRSPjxURCBBTElHTj1sZWZ0IEJHQ09MT1I9I0ZGRjhFRT48Rk9OVCBDT0xPUj0jMzMzMzMzIFNJWkU9Mz48QlI+5ZWG5ZOB5ZCN44Gr44CQ6YCB5paZ54Sh5paZ44CR44Gu6KiY6LyJ44GM44GC44KL5aC05ZCI44Gv44CB6YCB5paZ54Sh5paZ44Gn44GZ44CCPEJSPjxCUj48Rk9OVCBTSVpFPTU+44CQ5YWo5Zu96YCB5paZ6KGo44CRPC9GT05UPuOCkuOBlOeiuuiqjeS4i+OBleOBhOOBvuOBm+OAgjxCUj48QlI+6KSH5pWw44Gu5ZWG5ZOB44KS5ZCM5qKx5Y+v6IO944Gn44GZ44CCPEJSPuKAu+WQjOaiseOCkuOBlOW4jOacm+OBruWgtOWQiOOAgeW/heOBmuWQjOOBmOOBiuiyt+OBhOeJqeOCq+OCtO+8iOOCq+ODvOODiO+8ieOBp+OBlOazqOaWh+S4i+OBleOBhOOAgjxCUj7ms6jmhI/vvJrjgqvjg7zjg5XjgqPjg6vjg6Djga7opIfmlbDlkIzmorHjga7loLTlkIjkuIDjgaTjga7nrZLjgavjgb7jgajjgoHjgabmorHljIXoh7TjgZfjgb7jgZnjgII8QlI+5LqI44KB44GU5LqG5om/5LiL44GV44GE44G+44Gb44CCPEJSPjxCUj7igLvliKXjgIXjga7jgYrosrfjgYTnianjgqvjgrTjgafms6jmlofjgZXjgozjgZ/loLTlkIjjga/liKXjgIXjga7nrZLjgavmorHljIXjgZfnmbrpgIHoh7TjgZfjgb7jgZnjgII8QlI+44Gd44Gu54K644CB6YCB5paZ44O75Luj5byV44GN5omL5pWw5paZ44Gv55m66YCB5YCL5pWw5YiG6KuL5rGC44GV44Gb44Gm6aCC44GN44G+44GZ44CCPEJSPjxCUj7igLvliKXjgIXjga7jgYrosrfjgYTnianjgqvjgrTjgafms6jmlofjgZfjgIHpgIHmlpnvvJHlgIvlj6PliIbjgafjga7jgYrmlK/miZXjgYQ8QlI+44GV44KM44Gf5aC05ZCI44Gv5ZCM5qKx5biM5pyb44Go5Yik5pat44GX55m66YCB6Ie044GX44G+44GZ44CCPEJSPjxCUj7imIXnmbrpgIHjgavplqLjgZnjgovms6jmhI/kuovpoIXimIU8QlI+LS0tLS0tLS0tLS0tLS0tLS0tLS0tLS0tLS0tLS0tLS0tLS0tLS0tLSA8QlI+5b2T5pa55oyH5a6a5a6F5oCl5L6/44Gn44GZ44Gu44Gn6YWN6YCB5qWt6ICF44Gv6YG45oqe44Gn44GN44G+44Gb44KT44CCIDxCUj7mmYLplpPmjIflrprjga/lr77lv5zjgYTjgZ/jgZfjgabjgYrjgorjgb7jgZvjgpPjgII8QlI+55m66YCB6YCj57Wh44Gr6KiY6LyJ44Gu5ZWP44GE5ZCI44KP44Gb55Wq5Y+344Gn44GU6Ieq6Lqr44Gn44GU56K66KqN6aCC44GR44G+44GZ44CCPEJSPumbouWztuOBr+eZuumAgeOBjOS4gOaXpemBheOCjOOBvuOBmeOAgiA8QlI+LS0tLS0tLS0tLS0tLS0tLS0tLS0tLS0tLS0tLS0tLS0tLS0tLS0tLTxCUj7imIXllYblk4Hku6PlvJXimIXjgIDjgIA8QlI+5a6F5oCl5L6/6YCB5paZK+WIpemAlOaJi+aVsOaWme+8k++8l++8kOWGhiA8QlI+LS0tLS0tLS0tLS0tLS0tLS0tLS0tLS0tLS0tLS0tLS0tLS0tLS0tLSA8QlI+MTLmmYLljYrjgb7jgafjgavjgZTlhaXph5HjgYznorroqo3lh7rmnaXjgZ/jgZTms6jmlofjgIE8QlI+44G+44Gf44Gv5ZWG5ZOB5Luj5byV44Gu44GU5rOo5paH44Gv5Y2z5pel55m66YCB44GV44Gb44Gm6aCC44GN44G+44GZ44CCPEJSPuWumuS8keaXpeOAgOS8muekvuamguimgeiomOi8iS/oh6jmmYLkvJHmpa3jga7jgZTmoYjlhoXjga/lvZPlupfjg5rjg7zjgrjlhoXjgavmjrLovInjgZfjgb7jgZnjgII8L0ZPTlQ+PC9URD48L1RSPjwvVEFCTEU+PC9URD48L1RSPjwvVEFCTEU+PEJSPjxUQUJMRSBXSURUSD02MDAgQ0VMTFNQQUNJTkc9MSBCT1JERVI9MCBDRUxMUEFERElORz0xIEJHQ09MT1I9I0NDQ0NDQz48VFI+PFREIEJHQ09MT1I9I0ZGN0Y1MD48VEFCTEUgV0lEVEg9MTAwJSBDRUxMU1BBQ0lORz0yIEJPUkRFUj0wIENFTExQQURESU5HPTU+PFRSPjxURCBBTElHTj1sZWZ0IEJHQ09MT1I9I0ZGN0Y1MD48Rk9OVCBDT0xPUj0jMzMzMzMzIFNJWkU9Mz48Qj7imIXimIXmlK/miZXmlrnms5XimIU8L0I+PC9GT05UPjwvVEQ+PC9UUj48L1RBQkxFPjxUQUJMRSBXSURUSD0xMDAlIENFTExTUEFDSU5HPTIgQk9SREVSPTAgQ0VMTFBBRERJTkc9MD48VFI+PFREIEhFSUdIVD0yIEJHQ09MT1I9I0NDQkJBQT48L1REPjwvVFI+PC9UQUJMRT48VEFCTEUgV0lEVEg9MTAwJSBDRUxMU1BBQ0lORz0yIEJPUkRFUj0wIENFTExQQURESU5HPTU+PFRSPjxURCBBTElHTj1sZWZ0IEJHQ09MT1I9I0ZGRjhFRT48Rk9OVCBDT0xPUj0jMzMzMzMzIFNJWkU9Mz7il4/mpb3lpKnpioDooYzjgIDmjK/ovrw8QlI+4peP5ZWG5ZOB5Luj5byVPEJSPuKXj+OCr+ODrOOCuOODg+ODiOOCq+ODvOODieaxuua4iDxCUj7il4/jgrPjg7Pjg5Pjg4vmsbrmuIjvvIjliY3miZXjgYTvvIk8QlI+4peP5qW95aSpRWR55rG65riIPEJSPuKXj2F144GL44KT44Gf44KT5rG65riIPEJSPjwvRk9OVD48L1REPjwvVFI+PC9UQUJMRT48L1REPjwvVFI+PC9UQUJMRT48QlI+PGltZyBzcmM9aHR0cDovL2ltYWdlLnJha3V0ZW4uY28uanAvYXVjLWF1dG9tYXgvY2FiaW5ldC8wMzQwNjYzOC9pbWdyYzAwNjgxNzY5MjQuZ2lmIHdpZHRoPTYwMD48QlI+PEJSPjxJTUcgU1JDPWh0dHA6Ly9pbWFnZS5yYWt1dGVuLmNvLmpwL2F1Yy1hdXRvbWF4L2NhYmluZXQvMDM1NjE5MjUvaW1nNjMxOTM3ODMuZ2lmIFdJRFRIPTYwMD48L0NFTlRFUj48QlI+PEJSPjxDRU5URVI+PElNRyBXSURUSD01MjAgU1JDPWh0dHA6Ly9pbWFnZS5yYWt1dGVuLmNvLmpwL2F1Yy1hdXRvbWF4L2NhYmluZXQvMDI1NjU3MTcvaW1nNjQ3NTMxMTEuZ2lmPjxCUj48SU1HIFdJRFRIPTUyMCBTUkM9aHR0cDovL2ltYWdlLnJha3V0ZW4uY28uanAvYXVjLWF1dG9tYXgvY2FiaW5ldC8wMjU2NTcxNy9pbWc2NDc1Nzk4Ny5naWY+PEJSPjwvQ0VOVEVSPjwvQ0VOVEVSPjwvVEFCTEU+PC9DRU5URVI+PGNlbnRlcj4KPGJyPgo8aW1nIFNSQz1odHRwOi8vaW1hZ2UucmFrdXRlbi5jby5qcC9hdWMtYXV0b21heC9jYWJpbmV0L2ltZ3JjMDA2NzM4MjI3Ni5naWYgd2lkdGg9NjcwIGhlaWdodD00MDA+PEJSPgo8YnI+CjxpbWcgU1JDPWh0dHA6Ly9pbWFnZS5yYWt1dGVuLmNvLmpwL2F1Yy1hdXRvbWF4L2NhYmluZXQvaW1nNjAzMzMwMDQuZ2lmIHdpZHRoPTY3MCBoZWlnaHQ9MTIwPjxCUj4KPGJyPgoKPGJyPjwvY2VudGVyPg==,44GC44GZ5qW9IOWvvuW/nCDjg5Xjg63jg7Pjg4gg44K544OX44Oq44Oz44K/44O844OI44Os44OOIOOCr+ODvOODmiBFOSDjgqvjg4Pjg4jmuIjjgb8g44Kr44O844OV44Kj44Or44OgIOi7iueoruWIpSDjgrnjg6Ljg7zjgq8g44K744OD44OIIOi7iueoruWwgueUqCDjgqbjgqTjg7Pjg4njgqYg56qT44Ks44Op44K5IOaIkOW9oiDjg5XjgqTjg6vjg6BVVuOCq+ODg+ODiCDjg4/jg7zjg4njgrPjg7zjg4ggRElZIOaWveW3pSDmlrnms5Ug6LK844KK5pa5IDPnqK7poZ7jga7pgI/pgY7njofpgJrosqkg5aSn6ZiqIOOAkOWVhuWTgeS4gOimp+OAke+8mkFVVE9NQVggaXp1bWk=,44Kr44OD44OG44Kj44Oz44Kw44K344O844OI44Oi44OL44K/44O844K544K/44Oz44OJ44Ki44Or44Kr44Oz44K/44O844Op6Kq/44K544Ko44O844OJ55Sf5Zyw44K344O844OI5rGO55So44OR44O844OE6Ieq5YuV6LuK44Ki44Kv44K744K144Oq44O844Oh44OD44Kt44Oi44O844Or6YCB5paZ54Sh5paZ44K544OG44OD44Kr44O844Kr44O855So5ZOB44OQ44Kk44Kv55So5ZOB44OJ44Os44K544Ki44OD44OX44Op44Kw44K444Ol44Ki44Oq44O85YaF6KOF5aSW6KOF44Kr44OD44OI5riI44G/44Kr44O844OV44Kj44Or44Og5aSn6Ziq6YCa6LKp5r+A5a6J5qC85a6J5pa95bel44GC44GZ5qW9IOWvvuW/nCDjg5Xjg63jg7Pjg4gg44K544OX44Oq44Oz44K/44O844OI44Os44OOIOOCr+ODvOODmiBFOSDjgqvjg4Pjg4jmuIjjgb8g44Kr44O844OV44Kj44Or44OgIOi7iueoruWIpSDjgrnjg6Ljg7zjgq8g44K744OD44OIIOi7iueoruWwgueUqCDjgqbjgqTjg7Pjg4njgqYg56qT44Ks44Op44K5IOaIkOW9oiDjg5XjgqTjg6vjg6BVVuOCq+ODg+ODiCDjg4/jg7zjg4njgrPjg7zjg4ggRElZIOaWveW3pSDmlrnms5Ug6LK844KK5pa5IDPnqK7poZ7jga7pgI/pgY7njofpgJrosqkg5aSn6ZiqIOOAkOWVhuWTgeS4gOimp+OAkQ==,44GT44Gu5ZWG5ZOB44Gv6YCB5paZIOWFqOWbveS4gOW+izYwMOWGhiDjgafjgZko5YyX5rW36YGTL+aylue4hOmZpOOBjynlkIzmorHlj6/og73jgILjgILjgYLjgZnmpb0g5a++5b+cIOODleODreODs+ODiCDjgrnjg5fjg6rjg7Pjgr/jg7zjg4jjg6zjg44g44Kv44O844OaIEU5IOOCq+ODg+ODiOa4iOOBvyDjgqvjg7zjg5XjgqPjg6vjg6Ag6LuK56iu5YilIOOCueODouODvOOCryDjgrvjg4Pjg4gg6LuK56iu5bCC55SoIOOCpuOCpOODs+ODieOCpiDnqpPjgqzjg6njgrkg5oiQ5b2iIOODleOCpOODq+ODoFVW44Kr44OD44OIIOODj+ODvOODieOCs+ODvOODiCBESVkg5pa95belIOaWueazlSDosrzjgormlrkgM+eorumhnuOBrumAj+mBjueOh+mAmuiyqSDlpKfpmKog44CQ5ZWG5ZOB5LiA6Kan44CR[rn]
12-37290,aHR0cDovL3RzaG9wLnIxMHMuanAvYXVjLWF1dG9tYXgvY2FiaW5ldC8wMjU2NTcxNy9pbWc2NDIyMTM3Mi5qcGc/Zml0aW49NzAwOjcwMA==,MTUxNi4wMDAw,,6LuK55So5ZOB44O744OQ44Kk44Kv55So5ZOBID4g44Kr44O855So5ZOBID4g5YaF6KOF44OR44O844OEID4g44OV44Kj44Or44Og77yI44K544Oi44O844Kv77yJID4g44OI44Oo44K/55So,44GC44GZ5qW9IOWvvuW/nCDjg6rjgqIgKHMpIOOCueODl+ODquODs+OCv+ODvCA0RCDjgrvjg4Djg7MgRTExIOOCq+ODg+ODiOa4iOOBvyDjgqvjg7zjg5XjgqPjg6vjg6Ag6LuK56iu5YilIOOCueODouODvOOCryDjgrvjg4Pjg4gg6LuK56iu5bCC55SoIOOCpuOCpOODs+ODieOCpiDnqpPjgqzjg6njgrkg5oiQ5b2iIOODleOCpOODq+ODoFVW44Kr44OD44OIIOODj+ODvOODieOCs+ODvOODiCBESVkg5pa95belIOaWueazlSDosrzjgormlrkgM+eorumhnuOBrumAj+mBjueOh+mAmuiyqSDlpKfpmKog44CQ5ZWG5ZOB5LiA6Kan44CR,,PENFTlRFUj48aW1nIHNyYz1odHRwOi8vaW1hZ2UucmFrdXRlbi5jby5qcC9hdWMtYXV0b21heC9jYWJpbmV0LzAzNDA2NjM4L2ltZ3JjMDA2ODE3NjkyMS5naWYgd2lkdGg9NjAwPjwvY2VudGVyPjxCUj48Q0VOVEVSPjxCUj48Rk9OVCBTSVpFPTUgQ09MT1I9I2ZmMDAwMD7lvZPlupfjga7jgqvjg4Pjg4jmuIjjgb/jgqvjg7zjg5XjgqPjg6vjg6Djga88L0ZPTlQ+PEJSPjxGT05UIFNJWkU9NSBDT0xPUj0jZmYwMDAwPjxCPk1BREXjgIBJTuOAgEpBUEFO44CAPC9CPjwvRk9OVD48QlI+PEZPTlQgU0laRT01IENPTE9SPSNmZjAwMDA+77yI57Sr5aSW57eaVVbjgIA5Oe+8heOCq+ODg+ODiO+8ieOBp+OBmeOAgjwvRk9OVD48QlI+PFRSPiA8VEQgSEVJR0hUPTY+PC9URD4gPFREIEhFSUdIVD02PjwvVEQ+IDxURCBIRUlHSFQ9Nj48L1REPiA8L1RSPjxCUj48Q0VOVEVSPjxGT05UIENPTE9SPSNDQ0JCQUEgU0laRT00PjxCPjwvQj48L0ZPTlQ+PEJSPjxCUj48VEFCTEUgV0lEVEg9NjAwIENFTExTUEFDSU5HPTEgQk9SREVSPTAgQ0VMTFBBRERJTkc9MSBCR0NPTE9SPSNDQ0NDQ0M+PFRSPjxURCBCR0NPTE9SPSNGRjdGNTA+PFRBQkxFIFdJRFRIPTEwMCUgQ0VMTFNQQUNJTkc9MiBCT1JERVI9MCBDRUxMUEFERElORz01PjxUUj48VEQgQUxJR049bGVmdCBCR0NPTE9SPSNGRjdGNTA+PEZPTlQgQ09MT1I9IzMzMzMzMyBTSVpFPTM+PEI+4piF4piF5ZWG5ZOB6Kqs5piO4piF4piFPC9CPjwvRk9OVD48L1REPjwvVFI+PC9UQUJMRT48VEFCTEUgV0lEVEg9MTAwJSBDRUxMU1BBQ0lORz0yIEJPUkRFUj0wIENFTExQQURESU5HPTA+PFRSPjxURCBIRUlHSFQ9MiBCR0NPTE9SPSNDQ0JCQUE+PC9URD48L1RSPjwvVEFCTEU+PFRBQkxFIFdJRFRIPTEwMCUgQ0VMTFNQQUNJTkc9MiBCT1JERVI9MCBDRUxMUEFERElORz01PjxUUj48VEQgQUxJR049bGVmdCBCR0NPTE9SPSNGRkY4RUU+PEZPTlQgQ09MT1I9IzMzMzMzMyBTSVpFPTM+PEJSPuS+oeagvOOCkui2iuOBiOOBn+WTgeizquOCkuaPkOS+m+OBhOOBn+OBl+OBpuOBiuOCiuOBvuOBmeOBruOBp+OBlOWuieW/g+OBj+OBoOOBleOBhOOAgjxCUj7lvZPmlrnjga7jg5XjgqPjg6vjg6Djga9JU08gOTAwMeWPluW+l+W3peWgtOOBq+OBpuijvemAoOOBleOCjOOAgTxCUj7kuJbnlYznmoTjgavmlaznp7DjgZXjgozjgovjgIBVS0FT44CM6Iux5Zu96KqN6Ki85qmf6Zai6KqN5a6a5a+p6K2w5Lya44CNPEJSPuOBruiqjeiovOOCguWPluW+l+OBl+OBpuOBiuOCiuOBvuOBmeOAguOAgOOAgFJlZy5OTyAwNTkuQTxCUj48QlI+4piF4piF4piF4piF4piF6YGp5ZCI6LuK56iu4piF4piF4piF4piF4piFPEJSPjxCUj4KIOODoeODvOOCq+ODvO+8muODiOODqOOCvyA8QlI+6LuK5ZCN77ya44K544OX44Oq44Oz44K/44O844CA77yU44OJ44Ki44K744OA44OzIDxCUj7ou4rovIzlnovlvI/vvJpFRTExMS9DRTExMOODuzExM+ODuzExNOODuzExNi9BRTExMOODuzExMeODuzExNCA8QlI+5bm05byP77ya5bmz5oiQNy41772eMTIuOCAKPEJSPjxCUj7imIXimIXimIXimIXimIXjgrvjg4Pjg4jlhoXlrrnimIXimIXimIXimIXimIU8QlI+PEJSPuOCv+OCpOODiOODq+OBruOCguOBruOBqOOBquOCiuOBvuOBmeOAgjxCUj7jg5Xjg63jg7Pjg4jjga7loLTlkIg96YGL6Lui5bitL+WKqeaJi+W4reOAkOS4ieinkueqk+OBjOOBguOCi+OCguOBruOBr+WQq+OBvuOCjOOBvuOBmeOAkTxCUj7jg6rjgqJTRVTjga7loLTlkIg944OV44Ot44Oz44OI44CQ6YGL6Lui5bitL+WKqeaJi+W4reOAkeOCiOOCiuW+jOOCjeWFqOOBpuOBrlNFVOOBp+OBmTxCUj7nlLvlg4/jga/jgqTjg6Hjg7zjgrjjgafjgZnjga7jgafjgIDou4rnqK7jgavjgojjgornlbDjgarjgorjgb7jgZnjgII8QlI+44GU6LO85YWl5pmC44CBM+iJsuOBruS4reOBi+OCieOBiumBuOOBs+OBj+OBoOOBleOBhOOAgjxCUj7jg7vjgoLjgaPjgajjgoLmv4PjgYTjgrnjg6Ljg7zjgq8944K544O844OR44O844OW44Op44OD44Kv77yV77yFPEJSPuODu+a/g+OBhOOCueODouODvOOCrz3jg4Djg7zjgq/jgrnjg6Ljg7zjgq/vvJHvvJXvvIU8QlI+44O757SU5q2j5ZCM5qeY44Gu44K544Oi44O844KvPeODl+ODqeOCpOODkOOCt+ODvOOCueODouODvOOCr++8ku+8lu+8hTxCUj7jgZTms6jmloflvozjga7oibLjga7lpInmm7Tjga/lh7rmnaXjgYvjga3jgb7jgZnjgII8QlI+PEJSPjxCUj7jg7sg55S75YOP44Gv44Kk44Oh44O844K444Gn44GZ44CCPEJSPuODuyDjg5XjgqPjg6vjg6Djga/jgq3jgrrjga7jgaTjgY3jgavjgY/jgYQ8QlI+44OP44O844OJ44Kz44O844OI44OV44Kj44Or44Og44KS5L2/55So44GX44Gm44GK44KK44G+44GZ44CCPEJSPjxCUj48Rk9OVCBTSVpFPTU+4piF4piF4piF5rOo5oSP5LqL6aCFL+WFjeiyrOS6i+mgheKYheKYheKYhTwvRk9OVD48QlI+44O75qWt5YuZ55So44Gu54K65aSW566x44O76Kqs5piO5pu4562J5LuY5bGe6Ie044GX44G+44Gb44KT44CCPEJSPuODu+mgmOWPjuabuOOBrueZuuihjOOBr+OBp+OBjeOBvuOBm+OCk+OBruOBp+OBlOS6huaJv+S4i+OBleOBhOOAgjxCUj7jg7vkvb/nlKjms5XnrYnjgavplqLjgZnjgovjgrXjg53jg7zjg4jjga/kuIDliIflh7rmnaXjgb7jgZvjgpPjgII8QlI+6YGp5ZCI44GL5ZCm44GL44Gr44Gk44GN44G+44GX44Gm44Gv5ZWG5ZOB6Kqs5piO44Gr6KiY6LyJ44GX44Gm44GK44KK44G+44GZPEJSPumBqeWQiOi7iueoruODu+Wei+W8j+ODu+W5tOW8j+OBq+OBpuOBiuWuouanmOOBlOiHqui6q+OBp+OBlOWIpOaWreOBiumhmOOBhOiHtOOBl+OBvuOBmeOAgjxCUj48QlI+PEJSPjxGT05UIFNJWkU9NT7jgJDjgZTos7zlhaXliY3jgavlv4XjgZrjgq/jg6rjg4Pjgq/jgJE8L0ZPTlQ+PEJSPuOBlOizvOWFpemgguOBhOOBn+aZgueCueOBp+OAgeS4iuiomOOCkuOCr+ODquODg+OCr+OBlzxCUj7jgZTnorroqo3jg7vjgZTkuobmib/poILjgYTjgZ/kuIrjgafjga7jgZTos7zlhaXjgajliKTmlq3jgZc8QlI+44GK5Y+W5byV44GV44Gb44Gm6aCC44GN44G+44GZ44CCPEJSPuOBlOizvOWFpeW+jOOBruOCreODo+ODs+OCu+ODq+OBr+OBiuaWreOCiuOBl+OBpuOBiuOCiuOBvuOBmeOAgjxCUj48QlI+PEJSPjxGT05UIFNJWkU9NT7jgJDmlq3nhrHjg5XjgqPjg6vjg6Djgbjjga7lpInmm7Tjgqrjg5fjgrfjg6fjg7PjgJE8L0ZPTlQ+PEJSPuaWreeGseOCv+OCpOODl+OBruODleOCo+ODq+ODoOOCkuOBlOW4jOacm+OBruWgtOWQiOOAgeS4iuiomOODquODs+OCr+OCkuOCr+ODquODg+OCr+OBlzxCUj7jgZTluIzmnJvjga7ou4rnqK7liKXjgqvjg4Pjg4jmuIjjgb/jgqvjg7zjg5XjgqPjg6vjg6DjgajkuIDnt5LjgavjgIHjgZTos7zlhaXmiYvntprjgY3jgYrpoZjjgYTjgZfjgb7jgZnjgII8QlI+PEJSPjxCUj48Rk9OVCBTSVpFPTU+44CQ44Of44Op44O844OV44Kj44Or44Og44Gn44Gu44Kr44OD44OIIOOCquODl+OCt+ODp+ODs+OAkTwvRk9OVD48QlI+44Of44Op44O844OV44Kj44Or44Og44Gn44Gu6KO95L2c44KS44GU5biM5pyb44Gu5aC05ZCI44CB5LiK6KiY44Oq44Oz44Kv44KS44Kv44Oq44OD44Kv44GXPEJSPuOBlOW4jOacm+OBrui7iueoruWIpeOCq+ODg+ODiOa4iOOBv+OCq+ODvOODleOCo+ODq+ODoOOBqOS4gOe3kuOBq+OAgeOBlOizvOWFpeaJi+e2muOBjeOBiumhmOOBhOOBl+OBvuOBmeOAggo8L0ZPTlQ+PC9URD48L1RSPjwvVEFCTEU+PC9URD48L1RSPjwvVEFCTEU+PEJSPjxCUj48QlI+PFRBQkxFIFdJRFRIPTYwMCBDRUxMU1BBQ0lORz0xIEJPUkRFUj0wIENFTExQQURESU5HPTEgQkdDT0xPUj0jQ0NDQ0NDPjxUUj48VEQgQkdDT0xPUj0jRkY3RjUwPjxUQUJMRSBXSURUSD0xMDAlIENFTExTUEFDSU5HPTIgQk9SREVSPTAgQ0VMTFBBRERJTkc9NT48VFI+PFREIEFMSUdOPWxlZnQgQkdDT0xPUj0jRkY3RjUwPjxGT05UIENPTE9SPSMzMzMzMzMgU0laRT0zPjxCPuKYheKYheeZuumAgeaWueazlS/pgIHmlpnimIXimIU8L0I+PC9GT05UPjwvVEQ+PC9UUj48L1RBQkxFPjxUQUJMRSBXSURUSD0xMDAlIENFTExTUEFDSU5HPTIgQk9SREVSPTAgQ0VMTFBBRERJTkc9MD48VFI+PFREIEhFSUdIVD0yIEJHQ09MT1I9I0NDQkJBQT48L1REPjwvVFI+PC9UQUJMRT48VEFCTEUgV0lEVEg9MTAwJSBDRUxMU1BBQ0lORz0yIEJPUkRFUj0wIENFTExQQURESU5HPTU+PFRSPjxURCBBTElHTj1sZWZ0IEJHQ09MT1I9I0ZGRjhFRT48Rk9OVCBDT0xPUj0jMzMzMzMzIFNJWkU9Mz48QlI+5ZWG5ZOB5ZCN44Gr44CQ6YCB5paZ54Sh5paZ44CR44Gu6KiY6LyJ44GM44GC44KL5aC05ZCI44Gv44CB6YCB5paZ54Sh5paZ44Gn44GZ44CCPEJSPjxCUj48Rk9OVCBTSVpFPTU+44CQ5YWo5Zu96YCB5paZ6KGo44CRPC9GT05UPuOCkuOBlOeiuuiqjeS4i+OBleOBhOOBvuOBm+OAgjxCUj48QlI+6KSH5pWw44Gu5ZWG5ZOB44KS5ZCM5qKx5Y+v6IO944Gn44GZ44CCPEJSPuKAu+WQjOaiseOCkuOBlOW4jOacm+OBruWgtOWQiOOAgeW/heOBmuWQjOOBmOOBiuiyt+OBhOeJqeOCq+OCtO+8iOOCq+ODvOODiO+8ieOBp+OBlOazqOaWh+S4i+OBleOBhOOAgjxCUj7ms6jmhI/vvJrjgqvjg7zjg5XjgqPjg6vjg6Djga7opIfmlbDlkIzmorHjga7loLTlkIjkuIDjgaTjga7nrZLjgavjgb7jgajjgoHjgabmorHljIXoh7TjgZfjgb7jgZnjgII8QlI+5LqI44KB44GU5LqG5om/5LiL44GV44GE44G+44Gb44CCPEJSPjxCUj7igLvliKXjgIXjga7jgYrosrfjgYTnianjgqvjgrTjgafms6jmlofjgZXjgozjgZ/loLTlkIjjga/liKXjgIXjga7nrZLjgavmorHljIXjgZfnmbrpgIHoh7TjgZfjgb7jgZnjgII8QlI+44Gd44Gu54K644CB6YCB5paZ44O75Luj5byV44GN5omL5pWw5paZ44Gv55m66YCB5YCL5pWw5YiG6KuL5rGC44GV44Gb44Gm6aCC44GN44G+44GZ44CCPEJSPjxCUj7igLvliKXjgIXjga7jgYrosrfjgYTnianjgqvjgrTjgafms6jmlofjgZfjgIHpgIHmlpnvvJHlgIvlj6PliIbjgafjga7jgYrmlK/miZXjgYQ8QlI+44GV44KM44Gf5aC05ZCI44Gv5ZCM5qKx5biM5pyb44Go5Yik5pat44GX55m66YCB6Ie044GX44G+44GZ44CCPEJSPjxCUj7imIXnmbrpgIHjgavplqLjgZnjgovms6jmhI/kuovpoIXimIU8QlI+LS0tLS0tLS0tLS0tLS0tLS0tLS0tLS0tLS0tLS0tLS0tLS0tLS0tLSA8QlI+5b2T5pa55oyH5a6a5a6F5oCl5L6/44Gn44GZ44Gu44Gn6YWN6YCB5qWt6ICF44Gv6YG45oqe44Gn44GN44G+44Gb44KT44CCIDxCUj7mmYLplpPmjIflrprjga/lr77lv5zjgYTjgZ/jgZfjgabjgYrjgorjgb7jgZvjgpPjgII8QlI+55m66YCB6YCj57Wh44Gr6KiY6LyJ44Gu5ZWP44GE5ZCI44KP44Gb55Wq5Y+344Gn44GU6Ieq6Lqr44Gn44GU56K66KqN6aCC44GR44G+44GZ44CCPEJSPumbouWztuOBr+eZuumAgeOBjOS4gOaXpemBheOCjOOBvuOBmeOAgiA8QlI+LS0tLS0tLS0tLS0tLS0tLS0tLS0tLS0tLS0tLS0tLS0tLS0tLS0tLTxCUj7imIXllYblk4Hku6PlvJXimIXjgIDjgIA8QlI+5a6F5oCl5L6/6YCB5paZK+WIpemAlOaJi+aVsOaWme+8k++8l++8kOWGhiA8QlI+LS0tLS0tLS0tLS0tLS0tLS0tLS0tLS0tLS0tLS0tLS0tLS0tLS0tLSA8QlI+MTLmmYLljYrjgb7jgafjgavjgZTlhaXph5HjgYznorroqo3lh7rmnaXjgZ/jgZTms6jmlofjgIE8QlI+44G+44Gf44Gv5ZWG5ZOB5Luj5byV44Gu44GU5rOo5paH44Gv5Y2z5pel55m66YCB44GV44Gb44Gm6aCC44GN44G+44GZ44CCPEJSPuWumuS8keaXpeOAgOS8muekvuamguimgeiomOi8iS/oh6jmmYLkvJHmpa3jga7jgZTmoYjlhoXjga/lvZPlupfjg5rjg7zjgrjlhoXjgavmjrLovInjgZfjgb7jgZnjgII8L0ZPTlQ+PC9URD48L1RSPjwvVEFCTEU+PC9URD48L1RSPjwvVEFCTEU+PEJSPjxUQUJMRSBXSURUSD02MDAgQ0VMTFNQQUNJTkc9MSBCT1JERVI9MCBDRUxMUEFERElORz0xIEJHQ09MT1I9I0NDQ0NDQz48VFI+PFREIEJHQ09MT1I9I0ZGN0Y1MD48VEFCTEUgV0lEVEg9MTAwJSBDRUxMU1BBQ0lORz0yIEJPUkRFUj0wIENFTExQQURESU5HPTU+PFRSPjxURCBBTElHTj1sZWZ0IEJHQ09MT1I9I0ZGN0Y1MD48Rk9OVCBDT0xPUj0jMzMzMzMzIFNJWkU9Mz48Qj7imIXimIXmlK/miZXmlrnms5XimIU8L0I+PC9GT05UPjwvVEQ+PC9UUj48L1RBQkxFPjxUQUJMRSBXSURUSD0xMDAlIENFTExTUEFDSU5HPTIgQk9SREVSPTAgQ0VMTFBBRERJTkc9MD48VFI+PFREIEhFSUdIVD0yIEJHQ09MT1I9I0NDQkJBQT48L1REPjwvVFI+PC9UQUJMRT48VEFCTEUgV0lEVEg9MTAwJSBDRUxMU1BBQ0lORz0yIEJPUkRFUj0wIENFTExQQURESU5HPTU+PFRSPjxURCBBTElHTj1sZWZ0IEJHQ09MT1I9I0ZGRjhFRT48Rk9OVCBDT0xPUj0jMzMzMzMzIFNJWkU9Mz7il4/mpb3lpKnpioDooYzjgIDmjK/ovrw8QlI+4peP5ZWG5ZOB5Luj5byVPEJSPuKXj+OCr+ODrOOCuOODg+ODiOOCq+ODvOODieaxuua4iDxCUj7il4/jgrPjg7Pjg5Pjg4vmsbrmuIjvvIjliY3miZXjgYTvvIk8QlI+4peP5qW95aSpRWR55rG65riIPEJSPuKXj2F144GL44KT44Gf44KT5rG65riIPEJSPjwvRk9OVD48L1REPjwvVFI+PC9UQUJMRT48L1REPjwvVFI+PC9UQUJMRT48QlI+PGltZyBzcmM9aHR0cDovL2ltYWdlLnJha3V0ZW4uY28uanAvYXVjLWF1dG9tYXgvY2FiaW5ldC8wMzQwNjYzOC9pbWdyYzAwNjgxNzY5MjQuZ2lmIHdpZHRoPTYwMD48QlI+PEJSPjxJTUcgU1JDPWh0dHA6Ly9pbWFnZS5yYWt1dGVuLmNvLmpwL2F1Yy1hdXRvbWF4L2NhYmluZXQvMDM1NjE5MjUvaW1nNjMxOTM3ODMuZ2lmIFdJRFRIPTYwMD48L0NFTlRFUj48QlI+PEJSPjxDRU5URVI+PElNRyBXSURUSD01MjAgU1JDPWh0dHA6Ly9pbWFnZS5yYWt1dGVuLmNvLmpwL2F1Yy1hdXRvbWF4L2NhYmluZXQvMDI1NjU3MTcvaW1nNjQ3NTMxMTEuZ2lmPjxCUj48SU1HIFdJRFRIPTUyMCBTUkM9aHR0cDovL2ltYWdlLnJha3V0ZW4uY28uanAvYXVjLWF1dG9tYXgvY2FiaW5ldC8wMjU2NTcxNy9pbWc2NDc1Nzk4Ny5naWY+PEJSPjwvQ0VOVEVSPjwvQ0VOVEVSPjwvVEFCTEU+PC9DRU5URVI+PGNlbnRlcj4KPGJyPgo8aW1nIFNSQz1odHRwOi8vaW1hZ2UucmFrdXRlbi5jby5qcC9hdWMtYXV0b21heC9jYWJpbmV0L2ltZ3JjMDA2NzM4MjI3Ni5naWYgd2lkdGg9NjcwIGhlaWdodD00MDA+PEJSPgo8YnI+CjxpbWcgU1JDPWh0dHA6Ly9pbWFnZS5yYWt1dGVuLmNvLmpwL2F1Yy1hdXRvbWF4L2NhYmluZXQvaW1nNjAzMzMwMDQuZ2lmIHdpZHRoPTY3MCBoZWlnaHQ9MTIwPjxCUj4KPGJyPgoKPGJyPjwvY2VudGVyPg==,44GC44GZ5qW9IOWvvuW/nCDjg6rjgqIgKHMpIOOCueODl+ODquODs+OCv+ODvCA0RCDjgrvjg4Djg7MgRTExIOOCq+ODg+ODiOa4iOOBvyDjgqvjg7zjg5XjgqPjg6vjg6Ag6LuK56iu5YilIOOCueODouODvOOCryDjgrvjg4Pjg4gg6LuK56iu5bCC55SoIOOCpuOCpOODs+ODieOCpiDnqpPjgqzjg6njgrkg5oiQ5b2iIOODleOCpOODq+ODoFVW44Kr44OD44OIIOODj+ODvOODieOCs+ODvOODiCBESVkg5pa95belIOaWueazlSDosrzjgormlrkgM+eorumhnuOBrumAj+mBjueOh+mAmuiyqSDlpKfpmKog44CQ5ZWG5ZOB5LiA6Kan44CR77yaQVVUT01BWCBpenVtaQ==,44Kr44OD44OG44Kj44Oz44Kw44K344O844OI44Oi44OL44K/44O844K544K/44Oz44OJ44Ki44Or44Kr44Oz44K/44O844Op6Kq/44K544Ko44O844OJ55Sf5Zyw44K344O844OI5rGO55So44OR44O844OE6Ieq5YuV6LuK44Ki44Kv44K744K144Oq44O844Oh44OD44Kt44Oi44O844Or6YCB5paZ54Sh5paZ44K544OG44OD44Kr44O844Kr44O855So5ZOB44OQ44Kk44Kv55So5ZOB44OJ44Os44K544Ki44OD44OX44Op44Kw44K444Ol44Ki44Oq44O85YaF6KOF5aSW6KOF44Kr44OD44OI5riI44G/44Kr44O844OV44Kj44Or44Og5aSn6Ziq6YCa6LKp5r+A5a6J5qC85a6J5pa95bel44GC44GZ5qW9IOWvvuW/nCDjg6rjgqIgKHMpIOOCueODl+ODquODs+OCv+ODvCA0RCDjgrvjg4Djg7MgRTExIOOCq+ODg+ODiOa4iOOBvyDjgqvjg7zjg5XjgqPjg6vjg6Ag6LuK56iu5YilIOOCueODouODvOOCryDjgrvjg4Pjg4gg6LuK56iu5bCC55SoIOOCpuOCpOODs+ODieOCpiDnqpPjgqzjg6njgrkg5oiQ5b2iIOODleOCpOODq+ODoFVW44Kr44OD44OIIOODj+ODvOODieOCs+ODvOODiCBESVkg5pa95belIOaWueazlSDosrzjgormlrkgM+eorumhnuOBrumAj+mBjueOh+mAmuiyqSDlpKfpmKog44CQ5ZWG5ZOB5LiA6Kan44CR,44GT44Gu5ZWG5ZOB44Gv6YCB5paZIOWFqOWbveS4gOW+izYwMOWGhiDjgafjgZko5YyX5rW36YGTL+aylue4hOmZpOOBjynlkIzmorHlj6/og73jgILjgILjgYLjgZnmpb0g5a++5b+cIOODquOCoiAocykg44K544OX44Oq44Oz44K/44O8IDREIOOCu+ODgOODsyBFMTEg44Kr44OD44OI5riI44G/IOOCq+ODvOODleOCo+ODq+ODoCDou4rnqK7liKUg44K544Oi44O844KvIOOCu+ODg+ODiCDou4rnqK7lsILnlKgg44Km44Kk44Oz44OJ44KmIOeqk+OCrOODqeOCuSDmiJDlvaIg44OV44Kk44Or44OgVVbjgqvjg4Pjg4gg44OP44O844OJ44Kz44O844OIIERJWSDmlr3lt6Ug5pa55rOVIOiyvOOCiuaWuSAz56iu6aGe44Gu6YCP6YGO546H6YCa6LKpIOWkp+mYqiDjgJDllYblk4HkuIDopqfjgJE=[rn]
12-37291,aHR0cDovL3RzaG9wLnIxMHMuanAvYXVjLWF1dG9tYXgvY2FiaW5ldC8wMjU2NTcxNy9pbWc2NDIyMTM3MS5qcGc/Zml0aW49NzAwOjcwMA==,OTYwLjAwMDA=,,6LuK55So5ZOB44O744OQ44Kk44Kv55So5ZOBID4g44Kr44O855So5ZOBID4g5YaF6KOF44OR44O844OEID4g44OV44Kj44Or44Og77yI44K544Oi44O844Kv77yJID4g44OI44Oo44K/55So,44GC44GZ5qW9IOWvvuW/nCDjg5Xjg63jg7Pjg4gg44K544OX44Oq44Oz44K/44O844OI44Os44OOIOOCr+ODvOODmiBFMTEg44Kr44OD44OI5riI44G/IOOCq+ODvOODleOCo+ODq+ODoCDou4rnqK7liKUg44K544Oi44O844KvIOOCu+ODg+ODiCDou4rnqK7lsILnlKgg44Km44Kk44Oz44OJ44KmIOeqk+OCrOODqeOCuSDmiJDlvaIg44OV44Kk44Or44OgVVbjgqvjg4Pjg4gg44OP44O844OJ44Kz44O844OIIERJWSDmlr3lt6Ug5pa55rOVIOiyvOOCiuaWuSAz56iu6aGe44Gu6YCP6YGO546H6YCa6LKpIOWkp+mYqiDjgJDllYblk4HkuIDopqfjgJE=,,PENFTlRFUj48aW1nIHNyYz1odHRwOi8vaW1hZ2UucmFrdXRlbi5jby5qcC9hdWMtYXV0b21heC9jYWJpbmV0LzAzNDA2NjM4L2ltZ3JjMDA2ODE3NjkyMS5naWYgd2lkdGg9NjAwPjwvY2VudGVyPjxCUj48Q0VOVEVSPjxCUj48Rk9OVCBTSVpFPTUgQ09MT1I9I2ZmMDAwMD7lvZPlupfjga7jgqvjg4Pjg4jmuIjjgb/jgqvjg7zjg5XjgqPjg6vjg6Djga88L0ZPTlQ+PEJSPjxGT05UIFNJWkU9NSBDT0xPUj0jZmYwMDAwPjxCPk1BREXjgIBJTuOAgEpBUEFO44CAPC9CPjwvRk9OVD48QlI+PEZPTlQgU0laRT01IENPTE9SPSNmZjAwMDA+77yI57Sr5aSW57eaVVbjgIA5Oe+8heOCq+ODg+ODiO+8ieOBp+OBmeOAgjwvRk9OVD48QlI+PFRSPiA8VEQgSEVJR0hUPTY+PC9URD4gPFREIEhFSUdIVD02PjwvVEQ+IDxURCBIRUlHSFQ9Nj48L1REPiA8L1RSPjxCUj48Q0VOVEVSPjxGT05UIENPTE9SPSNDQ0JCQUEgU0laRT00PjxCPjwvQj48L0ZPTlQ+PEJSPjxCUj48VEFCTEUgV0lEVEg9NjAwIENFTExTUEFDSU5HPTEgQk9SREVSPTAgQ0VMTFBBRERJTkc9MSBCR0NPTE9SPSNDQ0NDQ0M+PFRSPjxURCBCR0NPTE9SPSNGRjdGNTA+PFRBQkxFIFdJRFRIPTEwMCUgQ0VMTFNQQUNJTkc9MiBCT1JERVI9MCBDRUxMUEFERElORz01PjxUUj48VEQgQUxJR049bGVmdCBCR0NPTE9SPSNGRjdGNTA+PEZPTlQgQ09MT1I9IzMzMzMzMyBTSVpFPTM+PEI+4piF4piF5ZWG5ZOB6Kqs5piO4piF4piFPC9CPjwvRk9OVD48L1REPjwvVFI+PC9UQUJMRT48VEFCTEUgV0lEVEg9MTAwJSBDRUxMU1BBQ0lORz0yIEJPUkRFUj0wIENFTExQQURESU5HPTA+PFRSPjxURCBIRUlHSFQ9MiBCR0NPTE9SPSNDQ0JCQUE+PC9URD48L1RSPjwvVEFCTEU+PFRBQkxFIFdJRFRIPTEwMCUgQ0VMTFNQQUNJTkc9MiBCT1JERVI9MCBDRUxMUEFERElORz01PjxUUj48VEQgQUxJR049bGVmdCBCR0NPTE9SPSNGRkY4RUU+PEZPTlQgQ09MT1I9IzMzMzMzMyBTSVpFPTM+PEJSPuS+oeagvOOCkui2iuOBiOOBn+WTgeizquOCkuaPkOS+m+OBhOOBn+OBl+OBpuOBiuOCiuOBvuOBmeOBruOBp+OBlOWuieW/g+OBj+OBoOOBleOBhOOAgjxCUj7lvZPmlrnjga7jg5XjgqPjg6vjg6Djga9JU08gOTAwMeWPluW+l+W3peWgtOOBq+OBpuijvemAoOOBleOCjOOAgTxCUj7kuJbnlYznmoTjgavmlaznp7DjgZXjgozjgovjgIBVS0FT44CM6Iux5Zu96KqN6Ki85qmf6Zai6KqN5a6a5a+p6K2w5Lya44CNPEJSPuOBruiqjeiovOOCguWPluW+l+OBl+OBpuOBiuOCiuOBvuOBmeOAguOAgOOAgFJlZy5OTyAwNTkuQTxCUj48QlI+4piF4piF4piF4piF4piF6YGp5ZCI6LuK56iu4piF4piF4piF4piF4piFPEJSPgog44Oh44O844Kr44O877ya44OI44Oo44K/IDxCUj7ou4rlkI3vvJrjgrnjg5fjg6rjg7Pjgr/jg7zjg4jjg6zjg47jgIDjgq/jg7zjg5ogPEJSPui7iui8jOWei+W8j++8mkFFMTEw44O7MTExIDxCUj7lubTlvI/vvJrlubPmiJA3LjXvvZ4xMi44IAo8QlI+PEJSPuKYheKYheKYheKYheKYheOCu+ODg+ODiOWGheWuueKYheKYheKYheKYheKYhTxCUj48QlI+44K/44Kk44OI44Or44Gu44KC44Gu44Go44Gq44KK44G+44GZ44CCPEJSPuODleODreODs+ODiOOBruWgtOWQiD3pgYvou6LluK0v5Yqp5omL5bit44CQ5LiJ6KeS56qT44GM44GC44KL44KC44Gu44Gv5ZCr44G+44KM44G+44GZ44CRPEJSPuODquOColNFVOOBruWgtOWQiD3jg5Xjg63jg7Pjg4jjgJDpgYvou6LluK0v5Yqp5omL5bit44CR44KI44KK5b6M44KN5YWo44Gm44GuU0VU44Gn44GZPEJSPueUu+WDj+OBr+OCpOODoeODvOOCuOOBp+OBmeOBruOBp+OAgOi7iueoruOBq+OCiOOCiueVsOOBquOCiuOBvuOBmeOAgjxCUj7jgZTos7zlhaXmmYLjgIEz6Imy44Gu5Lit44GL44KJ44GK6YG444Gz44GP44Gg44GV44GE44CCPEJSPuODu+OCguOBo+OBqOOCgua/g+OBhOOCueODouODvOOCrz3jgrnjg7zjg5Hjg7zjg5bjg6njg4Pjgq/vvJXvvIU8QlI+44O75r+D44GE44K544Oi44O844KvPeODgOODvOOCr+OCueODouODvOOCr++8ke+8le+8hTxCUj7jg7vntJTmraPlkIzmp5jjga7jgrnjg6Ljg7zjgq8944OX44Op44Kk44OQ44K344O844K544Oi44O844Kv77yS77yW77yFPEJSPuOBlOazqOaWh+W+jOOBruiJsuOBruWkieabtOOBr+WHuuadpeOBi+OBreOBvuOBmeOAgjxCUj48QlI+PEJSPuODuyDnlLvlg4/jga/jgqTjg6Hjg7zjgrjjgafjgZnjgII8QlI+44O7IOODleOCo+ODq+ODoOOBr+OCreOCuuOBruOBpOOBjeOBq+OBj+OBhDxCUj7jg4/jg7zjg4njgrPjg7zjg4jjg5XjgqPjg6vjg6DjgpLkvb/nlKjjgZfjgabjgYrjgorjgb7jgZnjgII8QlI+PEJSPjxGT05UIFNJWkU9NT7imIXimIXimIXms6jmhI/kuovpoIUv5YWN6LKs5LqL6aCF4piF4piF4piFPC9GT05UPjxCUj7jg7vmpa3li5nnlKjjga7ngrrlpJbnrrHjg7voqqzmmI7mm7jnrYnku5jlsZ7oh7TjgZfjgb7jgZvjgpPjgII8QlI+44O76aCY5Y+O5pu444Gu55m66KGM44Gv44Gn44GN44G+44Gb44KT44Gu44Gn44GU5LqG5om/5LiL44GV44GE44CCPEJSPuODu+S9v+eUqOazleetieOBq+mWouOBmeOCi+OCteODneODvOODiOOBr+S4gOWIh+WHuuadpeOBvuOBm+OCk+OAgjxCUj7pganlkIjjgYvlkKbjgYvjgavjgaTjgY3jgb7jgZfjgabjga/llYblk4HoqqzmmI7jgavoqJjovInjgZfjgabjgYrjgorjgb7jgZk8QlI+6YGp5ZCI6LuK56iu44O75Z6L5byP44O75bm05byP44Gr44Gm44GK5a6i5qeY44GU6Ieq6Lqr44Gn44GU5Yik5pat44GK6aGY44GE6Ie044GX44G+44GZ44CCPEJSPjxCUj48QlI+PEZPTlQgU0laRT01PuOAkOOBlOizvOWFpeWJjeOBq+W/heOBmuOCr+ODquODg+OCr+OAkTwvRk9OVD48QlI+44GU6LO85YWl6aCC44GE44Gf5pmC54K544Gn44CB5LiK6KiY44KS44Kv44Oq44OD44Kv44GXPEJSPuOBlOeiuuiqjeODu+OBlOS6huaJv+mgguOBhOOBn+S4iuOBp+OBruOBlOizvOWFpeOBqOWIpOaWreOBlzxCUj7jgYrlj5blvJXjgZXjgZvjgabpoILjgY3jgb7jgZnjgII8QlI+44GU6LO85YWl5b6M44Gu44Kt44Oj44Oz44K744Or44Gv44GK5pat44KK44GX44Gm44GK44KK44G+44GZ44CCPEJSPjxCUj48QlI+PEZPTlQgU0laRT01PuOAkOaWreeGseODleOCo+ODq+ODoOOBuOOBruWkieabtOOCquODl+OCt+ODp+ODs+OAkTwvRk9OVD48QlI+5pat54ax44K/44Kk44OX44Gu44OV44Kj44Or44Og44KS44GU5biM5pyb44Gu5aC05ZCI44CB5LiK6KiY44Oq44Oz44Kv44KS44Kv44Oq44OD44Kv44GXPEJSPuOBlOW4jOacm+OBrui7iueoruWIpeOCq+ODg+ODiOa4iOOBv+OCq+ODvOODleOCo+ODq+ODoOOBqOS4gOe3kuOBq+OAgeOBlOizvOWFpeaJi+e2muOBjeOBiumhmOOBhOOBl+OBvuOBmeOAgjxCUj48QlI+PEJSPjxGT05UIFNJWkU9NT7jgJDjg5/jg6njg7zjg5XjgqPjg6vjg6Djgafjga7jgqvjg4Pjg4gg44Kq44OX44K344On44Oz44CRPC9GT05UPjxCUj7jg5/jg6njg7zjg5XjgqPjg6vjg6Djgafjga7oo73kvZzjgpLjgZTluIzmnJvjga7loLTlkIjjgIHkuIroqJjjg6rjg7Pjgq/jgpLjgq/jg6rjg4Pjgq/jgZc8QlI+44GU5biM5pyb44Gu6LuK56iu5Yil44Kr44OD44OI5riI44G/44Kr44O844OV44Kj44Or44Og44Go5LiA57eS44Gr44CB44GU6LO85YWl5omL57aa44GN44GK6aGY44GE44GX44G+44GZ44CCCjwvRk9OVD48L1REPjwvVFI+PC9UQUJMRT48L1REPjwvVFI+PC9UQUJMRT48QlI+PEJSPjxCUj48VEFCTEUgV0lEVEg9NjAwIENFTExTUEFDSU5HPTEgQk9SREVSPTAgQ0VMTFBBRERJTkc9MSBCR0NPTE9SPSNDQ0NDQ0M+PFRSPjxURCBCR0NPTE9SPSNGRjdGNTA+PFRBQkxFIFdJRFRIPTEwMCUgQ0VMTFNQQUNJTkc9MiBCT1JERVI9MCBDRUxMUEFERElORz01PjxUUj48VEQgQUxJR049bGVmdCBCR0NPTE9SPSNGRjdGNTA+PEZPTlQgQ09MT1I9IzMzMzMzMyBTSVpFPTM+PEI+4piF4piF55m66YCB5pa55rOVL+mAgeaWmeKYheKYhTwvQj48L0ZPTlQ+PC9URD48L1RSPjwvVEFCTEU+PFRBQkxFIFdJRFRIPTEwMCUgQ0VMTFNQQUNJTkc9MiBCT1JERVI9MCBDRUxMUEFERElORz0wPjxUUj48VEQgSEVJR0hUPTIgQkdDT0xPUj0jQ0NCQkFBPjwvVEQ+PC9UUj48L1RBQkxFPjxUQUJMRSBXSURUSD0xMDAlIENFTExTUEFDSU5HPTIgQk9SREVSPTAgQ0VMTFBBRERJTkc9NT48VFI+PFREIEFMSUdOPWxlZnQgQkdDT0xPUj0jRkZGOEVFPjxGT05UIENPTE9SPSMzMzMzMzMgU0laRT0zPjxCUj7llYblk4HlkI3jgavjgJDpgIHmlpnnhKHmlpnjgJHjga7oqJjovInjgYzjgYLjgovloLTlkIjjga/jgIHpgIHmlpnnhKHmlpnjgafjgZnjgII8QlI+PEJSPjxGT05UIFNJWkU9NT7jgJDlhajlm73pgIHmlpnooajjgJE8L0ZPTlQ+44KS44GU56K66KqN5LiL44GV44GE44G+44Gb44CCPEJSPjxCUj7opIfmlbDjga7llYblk4HjgpLlkIzmorHlj6/og73jgafjgZnjgII8QlI+4oC75ZCM5qKx44KS44GU5biM5pyb44Gu5aC05ZCI44CB5b+F44Ga5ZCM44GY44GK6LK344GE54mp44Kr44K077yI44Kr44O844OI77yJ44Gn44GU5rOo5paH5LiL44GV44GE44CCPEJSPuazqOaEj++8muOCq+ODvOODleOCo+ODq+ODoOOBruikh+aVsOWQjOaiseOBruWgtOWQiOS4gOOBpOOBruetkuOBq+OBvuOBqOOCgeOBpuaiseWMheiHtOOBl+OBvuOBmeOAgjxCUj7kuojjgoHjgZTkuobmib/kuIvjgZXjgYTjgb7jgZvjgII8QlI+PEJSPuKAu+WIpeOAheOBruOBiuiyt+OBhOeJqeOCq+OCtOOBp+azqOaWh+OBleOCjOOBn+WgtOWQiOOBr+WIpeOAheOBruetkuOBq+aiseWMheOBl+eZuumAgeiHtOOBl+OBvuOBmeOAgjxCUj7jgZ3jga7ngrrjgIHpgIHmlpnjg7vku6PlvJXjgY3miYvmlbDmlpnjga/nmbrpgIHlgIvmlbDliIboq4vmsYLjgZXjgZvjgabpoILjgY3jgb7jgZnjgII8QlI+PEJSPuKAu+WIpeOAheOBruOBiuiyt+OBhOeJqeOCq+OCtOOBp+azqOaWh+OBl+OAgemAgeaWme+8keWAi+WPo+WIhuOBp+OBruOBiuaUr+aJleOBhDxCUj7jgZXjgozjgZ/loLTlkIjjga/lkIzmorHluIzmnJvjgajliKTmlq3jgZfnmbrpgIHoh7TjgZfjgb7jgZnjgII8QlI+PEJSPuKYheeZuumAgeOBq+mWouOBmeOCi+azqOaEj+S6i+mgheKYhTxCUj4tLS0tLS0tLS0tLS0tLS0tLS0tLS0tLS0tLS0tLS0tLS0tLS0tLS0tIDxCUj7lvZPmlrnmjIflrprlroXmgKXkvr/jgafjgZnjga7jgafphY3pgIHmpa3ogIXjga/pgbjmip7jgafjgY3jgb7jgZvjgpPjgIIgPEJSPuaZgumWk+aMh+WumuOBr+WvvuW/nOOBhOOBn+OBl+OBpuOBiuOCiuOBvuOBm+OCk+OAgjxCUj7nmbrpgIHpgKPntaHjgavoqJjovInjga7llY/jgYTlkIjjgo/jgZvnlarlj7fjgafjgZToh6rouqvjgafjgZTnorroqo3poILjgZHjgb7jgZnjgII8QlI+6Zui5bO244Gv55m66YCB44GM5LiA5pel6YGF44KM44G+44GZ44CCIDxCUj4tLS0tLS0tLS0tLS0tLS0tLS0tLS0tLS0tLS0tLS0tLS0tLS0tLS0tPEJSPuKYheWVhuWTgeS7o+W8leKYheOAgOOAgDxCUj7lroXmgKXkvr/pgIHmlpkr5Yil6YCU5omL5pWw5paZ77yT77yX77yQ5YaGIDxCUj4tLS0tLS0tLS0tLS0tLS0tLS0tLS0tLS0tLS0tLS0tLS0tLS0tLS0tIDxCUj4xMuaZguWNiuOBvuOBp+OBq+OBlOWFpemHkeOBjOeiuuiqjeWHuuadpeOBn+OBlOazqOaWh+OAgTxCUj7jgb7jgZ/jga/llYblk4Hku6PlvJXjga7jgZTms6jmlofjga/ljbPml6XnmbrpgIHjgZXjgZvjgabpoILjgY3jgb7jgZnjgII8QlI+5a6a5LyR5pel44CA5Lya56S+5qaC6KaB6KiY6LyJL+iHqOaZguS8kealreOBruOBlOahiOWGheOBr+W9k+W6l+ODmuODvOOCuOWGheOBq+aOsui8ieOBl+OBvuOBmeOAgjwvRk9OVD48L1REPjwvVFI+PC9UQUJMRT48L1REPjwvVFI+PC9UQUJMRT48QlI+PFRBQkxFIFdJRFRIPTYwMCBDRUxMU1BBQ0lORz0xIEJPUkRFUj0wIENFTExQQURESU5HPTEgQkdDT0xPUj0jQ0NDQ0NDPjxUUj48VEQgQkdDT0xPUj0jRkY3RjUwPjxUQUJMRSBXSURUSD0xMDAlIENFTExTUEFDSU5HPTIgQk9SREVSPTAgQ0VMTFBBRERJTkc9NT48VFI+PFREIEFMSUdOPWxlZnQgQkdDT0xPUj0jRkY3RjUwPjxGT05UIENPTE9SPSMzMzMzMzMgU0laRT0zPjxCPuKYheKYheaUr+aJleaWueazleKYhTwvQj48L0ZPTlQ+PC9URD48L1RSPjwvVEFCTEU+PFRBQkxFIFdJRFRIPTEwMCUgQ0VMTFNQQUNJTkc9MiBCT1JERVI9MCBDRUxMUEFERElORz0wPjxUUj48VEQgSEVJR0hUPTIgQkdDT0xPUj0jQ0NCQkFBPjwvVEQ+PC9UUj48L1RBQkxFPjxUQUJMRSBXSURUSD0xMDAlIENFTExTUEFDSU5HPTIgQk9SREVSPTAgQ0VMTFBBRERJTkc9NT48VFI+PFREIEFMSUdOPWxlZnQgQkdDT0xPUj0jRkZGOEVFPjxGT05UIENPTE9SPSMzMzMzMzMgU0laRT0zPuKXj+alveWkqemKgOihjOOAgOaMr+i+vDxCUj7il4/llYblk4Hku6PlvJU8QlI+4peP44Kv44Os44K444OD44OI44Kr44O844OJ5rG65riIPEJSPuKXj+OCs+ODs+ODk+ODi+axuua4iO+8iOWJjeaJleOBhO+8iTxCUj7il4/mpb3lpKlFZHnmsbrmuIg8QlI+4pePYXXjgYvjgpPjgZ/jgpPmsbrmuIg8QlI+PC9GT05UPjwvVEQ+PC9UUj48L1RBQkxFPjwvVEQ+PC9UUj48L1RBQkxFPjxCUj48aW1nIHNyYz1odHRwOi8vaW1hZ2UucmFrdXRlbi5jby5qcC9hdWMtYXV0b21heC9jYWJpbmV0LzAzNDA2NjM4L2ltZ3JjMDA2ODE3NjkyNC5naWYgd2lkdGg9NjAwPjxCUj48QlI+PElNRyBTUkM9aHR0cDovL2ltYWdlLnJha3V0ZW4uY28uanAvYXVjLWF1dG9tYXgvY2FiaW5ldC8wMzU2MTkyNS9pbWc2MzE5Mzc4My5naWYgV0lEVEg9NjAwPjwvQ0VOVEVSPjxCUj48QlI+PENFTlRFUj48SU1HIFdJRFRIPTUyMCBTUkM9aHR0cDovL2ltYWdlLnJha3V0ZW4uY28uanAvYXVjLWF1dG9tYXgvY2FiaW5ldC8wMjU2NTcxNy9pbWc2NDc1MzExMS5naWY+PEJSPjxJTUcgV0lEVEg9NTIwIFNSQz1odHRwOi8vaW1hZ2UucmFrdXRlbi5jby5qcC9hdWMtYXV0b21heC9jYWJpbmV0LzAyNTY1NzE3L2ltZzY0NzU3OTg3LmdpZj48QlI+PC9DRU5URVI+PC9DRU5URVI+PC9UQUJMRT48L0NFTlRFUj48Y2VudGVyPgo8YnI+CjxpbWcgU1JDPWh0dHA6Ly9pbWFnZS5yYWt1dGVuLmNvLmpwL2F1Yy1hdXRvbWF4L2NhYmluZXQvaW1ncmMwMDY3MzgyMjc2LmdpZiB3aWR0aD02NzAgaGVpZ2h0PTQwMD48QlI+Cjxicj4KPGltZyBTUkM9aHR0cDovL2ltYWdlLnJha3V0ZW4uY28uanAvYXVjLWF1dG9tYXgvY2FiaW5ldC9pbWc2MDMzMzAwNC5naWYgd2lkdGg9NjcwIGhlaWdodD0xMjA+PEJSPgo8YnI+Cgo8YnI+PC9jZW50ZXI+,44GC44GZ5qW9IOWvvuW/nCDjg5Xjg63jg7Pjg4gg44K544OX44Oq44Oz44K/44O844OI44Os44OOIOOCr+ODvOODmiBFMTEg44Kr44OD44OI5riI44G/IOOCq+ODvOODleOCo+ODq+ODoCDou4rnqK7liKUg44K544Oi44O844KvIOOCu+ODg+ODiCDou4rnqK7lsILnlKgg44Km44Kk44Oz44OJ44KmIOeqk+OCrOODqeOCuSDmiJDlvaIg44OV44Kk44Or44OgVVbjgqvjg4Pjg4gg44OP44O844OJ44Kz44O844OIIERJWSDmlr3lt6Ug5pa55rOVIOiyvOOCiuaWuSAz56iu6aGe44Gu6YCP6YGO546H6YCa6LKpIOWkp+mYqiDjgJDllYblk4HkuIDopqfjgJHvvJpBVVRPTUFYIGl6dW1p,44Kr44OD44OG44Kj44Oz44Kw44K344O844OI44Oi44OL44K/44O844K544K/44Oz44OJ44Ki44Or44Kr44Oz44K/44O844Op6Kq/44K544Ko44O844OJ55Sf5Zyw44K344O844OI5rGO55So44OR44O844OE6Ieq5YuV6LuK44Ki44Kv44K744K144Oq44O844Oh44OD44Kt44Oi44O844Or6YCB5paZ54Sh5paZ44K544OG44OD44Kr44O844Kr44O855So5ZOB44OQ44Kk44Kv55So5ZOB44OJ44Os44K544Ki44OD44OX44Op44Kw44K444Ol44Ki44Oq44O85YaF6KOF5aSW6KOF44Kr44OD44OI5riI44G/44Kr44O844OV44Kj44Or44Og5aSn6Ziq6YCa6LKp5r+A5a6J5qC85a6J5pa95bel44GC44GZ5qW9IOWvvuW/nCDjg5Xjg63jg7Pjg4gg44K544OX44Oq44Oz44K/44O844OI44Os44OOIOOCr+ODvOODmiBFMTEg44Kr44OD44OI5riI44G/IOOCq+ODvOODleOCo+ODq+ODoCDou4rnqK7liKUg44K544Oi44O844KvIOOCu+ODg+ODiCDou4rnqK7lsILnlKgg44Km44Kk44Oz44OJ44KmIOeqk+OCrOODqeOCuSDmiJDlvaIg44OV44Kk44Or44OgVVbjgqvjg4Pjg4gg44OP44O844OJ44Kz44O844OIIERJWSDmlr3lt6Ug5pa55rOVIOiyvOOCiuaWuSAz56iu6aGe44Gu6YCP6YGO546H6YCa6LKpIOWkp+mYqiDjgJDllYblk4HkuIDopqfjgJE=,44GT44Gu5ZWG5ZOB44Gv6YCB5paZIOWFqOWbveS4gOW+izYwMOWGhiDjgafjgZko5YyX5rW36YGTL+aylue4hOmZpOOBjynlkIzmorHlj6/og73jgILjgILjgYLjgZnmpb0g5a++5b+cIOODleODreODs+ODiCDjgrnjg5fjg6rjg7Pjgr/jg7zjg4jjg6zjg44g44Kv44O844OaIEUxMSDjgqvjg4Pjg4jmuIjjgb8g44Kr44O844OV44Kj44Or44OgIOi7iueoruWIpSDjgrnjg6Ljg7zjgq8g44K744OD44OIIOi7iueoruWwgueUqCDjgqbjgqTjg7Pjg4njgqYg56qT44Ks44Op44K5IOaIkOW9oiDjg5XjgqTjg6vjg6BVVuOCq+ODg+ODiCDjg4/jg7zjg4njgrPjg7zjg4ggRElZIOaWveW3pSDmlrnms5Ug6LK844KK5pa5IDPnqK7poZ7jga7pgI/pgY7njofpgJrosqkg5aSn6ZiqIOOAkOWVhuWTgeS4gOimp+OAkQ==[rn]
12-37292,aHR0cDovL3RzaG9wLnIxMHMuanAvYXVjLWF1dG9tYXgvY2FiaW5ldC8wMjU2NTcxNy9pbWc2NDIyMTM3My5qcGc/Zml0aW49NzAwOjcwMA==,MTQ2MC4wMDAw,,6LuK55So5ZOB44O744OQ44Kk44Kv55So5ZOBID4g44Kr44O855So5ZOBID4g5YaF6KOF44OR44O844OEID4g44OV44Kj44Or44Og77yI44K544Oi44O844Kv77yJID4g44OI44Oo44K/55So,44CQ6YCB5paZ54Sh5paZ44CR44GC44GZ5qW9IOWvvuW/nCDjg5Xjg63jg7Pjg4gg44K544OX44Oq44Oz44K/44O844OI44Os44OOIOOCr+ODvOODmiBFMTEg44Kr44OD44OI5riI44G/IOOCq+ODvOODleOCo+ODq+ODoCDou4rnqK7liKUg44K544Oi44O844KvIOOCu+ODg+ODiCDou4rnqK7lsILnlKgg44Km44Kk44Oz44OJ44KmIOeqk+OCrOODqeOCuSDmiJDlvaIg44OV44Kk44Or44OgVVbjgqvjg4Pjg4gg44OP44O844OJ44Kz44O844OIIERJWSDmlr3lt6Ug5pa55rOVIOiyvOOCiuaWuSAz56iu6aGe44Gu6YCP6YGO546H6YCa6LKpIOWkp+mYquOAkFJDUOOAkQ==,,PENFTlRFUj48aW1nIHNyYz1odHRwOi8vaW1hZ2UucmFrdXRlbi5jby5qcC9hdWMtYXV0b21heC9jYWJpbmV0LzAzNDA2NjM4L2ltZ3JjMDA2ODE3NjkyMS5naWYgd2lkdGg9NjAwPjwvY2VudGVyPjxCUj48Q0VOVEVSPjxCUj48Rk9OVCBTSVpFPTUgQ09MT1I9I2ZmMDAwMD7lvZPlupfjga7jgqvjg4Pjg4jmuIjjgb/jgqvjg7zjg5XjgqPjg6vjg6Djga88L0ZPTlQ+PEJSPjxGT05UIFNJWkU9NSBDT0xPUj0jZmYwMDAwPjxCPk1BREXjgIBJTuOAgEpBUEFO44CAPC9CPjwvRk9OVD48QlI+PEZPTlQgU0laRT01IENPTE9SPSNmZjAwMDA+77yI57Sr5aSW57eaVVbjgIA5Oe+8heOCq+ODg+ODiO+8ieOBp+OBmeOAgjwvRk9OVD48QlI+PFRSPiA8VEQgSEVJR0hUPTY+PC9URD4gPFREIEhFSUdIVD02PjwvVEQ+IDxURCBIRUlHSFQ9Nj48L1REPiA8L1RSPjxCUj48Q0VOVEVSPjxGT05UIENPTE9SPSNDQ0JCQUEgU0laRT00PjxCPjwvQj48L0ZPTlQ+PEJSPjxCUj48VEFCTEUgV0lEVEg9NjAwIENFTExTUEFDSU5HPTEgQk9SREVSPTAgQ0VMTFBBRERJTkc9MSBCR0NPTE9SPSNDQ0NDQ0M+PFRSPjxURCBCR0NPTE9SPSNGRjdGNTA+PFRBQkxFIFdJRFRIPTEwMCUgQ0VMTFNQQUNJTkc9MiBCT1JERVI9MCBDRUxMUEFERElORz01PjxUUj48VEQgQUxJR049bGVmdCBCR0NPTE9SPSNGRjdGNTA+PEZPTlQgQ09MT1I9IzMzMzMzMyBTSVpFPTM+PEI+4piF4piF5ZWG5ZOB6Kqs5piO4piF4piFPC9CPjwvRk9OVD48L1REPjwvVFI+PC9UQUJMRT48VEFCTEUgV0lEVEg9MTAwJSBDRUxMU1BBQ0lORz0yIEJPUkRFUj0wIENFTExQQURESU5HPTA+PFRSPjxURCBIRUlHSFQ9MiBCR0NPTE9SPSNDQ0JCQUE+PC9URD48L1RSPjwvVEFCTEU+PFRBQkxFIFdJRFRIPTEwMCUgQ0VMTFNQQUNJTkc9MiBCT1JERVI9MCBDRUxMUEFERElORz01PjxUUj48VEQgQUxJR049bGVmdCBCR0NPTE9SPSNGRkY4RUU+PEZPTlQgQ09MT1I9IzMzMzMzMyBTSVpFPTM+PEJSPuS+oeagvOOCkui2iuOBiOOBn+WTgeizquOCkuaPkOS+m+OBhOOBn+OBl+OBpuOBiuOCiuOBvuOBmeOBruOBp+OBlOWuieW/g+OBj+OBoOOBleOBhOOAgjxCUj7lvZPmlrnjga7jg5XjgqPjg6vjg6Djga9JU08gOTAwMeWPluW+l+W3peWgtOOBq+OBpuijvemAoOOBleOCjOOAgTxCUj7kuJbnlYznmoTjgavmlaznp7DjgZXjgozjgovjgIBVS0FT44CM6Iux5Zu96KqN6Ki85qmf6Zai6KqN5a6a5a+p6K2w5Lya44CNPEJSPuOBruiqjeiovOOCguWPluW+l+OBl+OBpuOBiuOCiuOBvuOBmeOAguOAgOOAgFJlZy5OTyAwNTkuQTxCUj48QlI+4piF4piF4piF4piF4piF6YGp5ZCI6LuK56iu4piF4piF4piF4piF4piFPEJSPgog44Oh44O844Kr44O877ya44OI44Oo44K/IDxCUj7ou4rlkI3vvJrjgrnjg5fjg6rjg7Pjgr/jg7zjg4jjg6zjg47jgIDjgq/jg7zjg5ogPEJSPui7iui8jOWei+W8j++8mkFFMTEw44O7MTExIDxCUj7lubTlvI/vvJrlubPmiJA3LjXvvZ4xMi44IAo8QlI+PEJSPuKYheKYheKYheKYheKYheOCu+ODg+ODiOWGheWuueKYheKYheKYheKYheKYhTxCUj48QlI+44K/44Kk44OI44Or44Gu44KC44Gu44Go44Gq44KK44G+44GZ44CCPEJSPuODleODreODs+ODiOOBruWgtOWQiD3pgYvou6LluK0v5Yqp5omL5bit44CQ5LiJ6KeS56qT44GM44GC44KL44KC44Gu44Gv5ZCr44G+44KM44G+44GZ44CRPEJSPuODquOColNFVOOBruWgtOWQiD3jg5Xjg63jg7Pjg4jjgJDpgYvou6LluK0v5Yqp5omL5bit44CR44KI44KK5b6M44KN5YWo44Gm44GuU0VU44Gn44GZPEJSPueUu+WDj+OBr+OCpOODoeODvOOCuOOBp+OBmeOBruOBp+OAgOi7iueoruOBq+OCiOOCiueVsOOBquOCiuOBvuOBmeOAgjxCUj7jgZTos7zlhaXmmYLjgIEz6Imy44Gu5Lit44GL44KJ44GK6YG444Gz44GP44Gg44GV44GE44CCPEJSPuODu+OCguOBo+OBqOOCgua/g+OBhOOCueODouODvOOCrz3jgrnjg7zjg5Hjg7zjg5bjg6njg4Pjgq/vvJXvvIU8QlI+44O75r+D44GE44K544Oi44O844KvPeODgOODvOOCr+OCueODouODvOOCr++8ke+8le+8hTxCUj7jg7vntJTmraPlkIzmp5jjga7jgrnjg6Ljg7zjgq8944OX44Op44Kk44OQ44K344O844K544Oi44O844Kv77yS77yW77yFPEJSPuOBlOazqOaWh+W+jOOBruiJsuOBruWkieabtOOBr+WHuuadpeOBi+OBreOBvuOBmeOAgjxCUj48QlI+PEJSPuODuyDnlLvlg4/jga/jgqTjg6Hjg7zjgrjjgafjgZnjgII8QlI+44O7IOODleOCo+ODq+ODoOOBr+OCreOCuuOBruOBpOOBjeOBq+OBj+OBhDxCUj7jg4/jg7zjg4njgrPjg7zjg4jjg5XjgqPjg6vjg6DjgpLkvb/nlKjjgZfjgabjgYrjgorjgb7jgZnjgII8QlI+PEJSPjxGT05UIFNJWkU9NT7imIXimIXimIXms6jmhI/kuovpoIUv5YWN6LKs5LqL6aCF4piF4piF4piFPC9GT05UPjxCUj7jg7vmpa3li5nnlKjjga7ngrrlpJbnrrHjg7voqqzmmI7mm7jnrYnku5jlsZ7oh7TjgZfjgb7jgZvjgpPjgII8QlI+44O76aCY5Y+O5pu444Gu55m66KGM44Gv44Gn44GN44G+44Gb44KT44Gu44Gn44GU5LqG5om/5LiL44GV44GE44CCPEJSPuODu+S9v+eUqOazleetieOBq+mWouOBmeOCi+OCteODneODvOODiOOBr+S4gOWIh+WHuuadpeOBvuOBm+OCk+OAgjxCUj7pganlkIjjgYvlkKbjgYvjgavjgaTjgY3jgb7jgZfjgabjga/llYblk4HoqqzmmI7jgavoqJjovInjgZfjgabjgYrjgorjgb7jgZk8QlI+6YGp5ZCI6LuK56iu44O75Z6L5byP44O75bm05byP44Gr44Gm44GK5a6i5qeY44GU6Ieq6Lqr44Gn44GU5Yik5pat44GK6aGY44GE6Ie044GX44G+44GZ44CCPEJSPjxCUj48QlI+PEZPTlQgU0laRT01PuOAkOOBlOizvOWFpeWJjeOBq+W/heOBmuOCr+ODquODg+OCr+OAkTwvRk9OVD48QlI+44GU6LO85YWl6aCC44GE44Gf5pmC54K544Gn44CB5LiK6KiY44KS44Kv44Oq44OD44Kv44GXPEJSPuOBlOeiuuiqjeODu+OBlOS6huaJv+mgguOBhOOBn+S4iuOBp+OBruOBlOizvOWFpeOBqOWIpOaWreOBlzxCUj7jgYrlj5blvJXjgZXjgZvjgabpoILjgY3jgb7jgZnjgII8QlI+44GU6LO85YWl5b6M44Gu44Kt44Oj44Oz44K744Or44Gv44GK5pat44KK44GX44Gm44GK44KK44G+44GZ44CCPEJSPjxCUj48QlI+PEZPTlQgU0laRT01PuOAkOaWreeGseODleOCo+ODq+ODoOOBuOOBruWkieabtOOCquODl+OCt+ODp+ODs+OAkTwvRk9OVD48QlI+5pat54ax44K/44Kk44OX44Gu44OV44Kj44Or44Og44KS44GU5biM5pyb44Gu5aC05ZCI44CB5LiK6KiY44Oq44Oz44Kv44KS44Kv44Oq44OD44Kv44GXPEJSPuOBlOW4jOacm+OBrui7iueoruWIpeOCq+ODg+ODiOa4iOOBv+OCq+ODvOODleOCo+ODq+ODoOOBqOS4gOe3kuOBq+OAgeOBlOizvOWFpeaJi+e2muOBjeOBiumhmOOBhOOBl+OBvuOBmeOAgjxCUj48QlI+PEJSPjxGT05UIFNJWkU9NT7jgJDjg5/jg6njg7zjg5XjgqPjg6vjg6Djgafjga7jgqvjg4Pjg4gg44Kq44OX44K344On44Oz44CRPC9GT05UPjxCUj7jg5/jg6njg7zjg5XjgqPjg6vjg6Djgafjga7oo73kvZzjgpLjgZTluIzmnJvjga7loLTlkIjjgIHkuIroqJjjg6rjg7Pjgq/jgpLjgq/jg6rjg4Pjgq/jgZc8QlI+44GU5biM5pyb44Gu6LuK56iu5Yil44Kr44OD44OI5riI44G/44Kr44O844OV44Kj44Or44Og44Go5LiA57eS44Gr44CB44GU6LO85YWl5omL57aa44GN44GK6aGY44GE44GX44G+44GZ44CCCjwvRk9OVD48L1REPjwvVFI+PC9UQUJMRT48L1REPjwvVFI+PC9UQUJMRT48QlI+PEJSPjxCUj48VEFCTEUgV0lEVEg9NjAwIENFTExTUEFDSU5HPTEgQk9SREVSPTAgQ0VMTFBBRERJTkc9MSBCR0NPTE9SPSNDQ0NDQ0M+PFRSPjxURCBCR0NPTE9SPSNGRjdGNTA+PFRBQkxFIFdJRFRIPTEwMCUgQ0VMTFNQQUNJTkc9MiBCT1JERVI9MCBDRUxMUEFERElORz01PjxUUj48VEQgQUxJR049bGVmdCBCR0NPTE9SPSNGRjdGNTA+PEZPTlQgQ09MT1I9IzMzMzMzMyBTSVpFPTM+PEI+4piF4piF55m66YCB5pa55rOVL+mAgeaWmeKYheKYhTwvQj48L0ZPTlQ+PC9URD48L1RSPjwvVEFCTEU+PFRBQkxFIFdJRFRIPTEwMCUgQ0VMTFNQQUNJTkc9MiBCT1JERVI9MCBDRUxMUEFERElORz0wPjxUUj48VEQgSEVJR0hUPTIgQkdDT0xPUj0jQ0NCQkFBPjwvVEQ+PC9UUj48L1RBQkxFPjxUQUJMRSBXSURUSD0xMDAlIENFTExTUEFDSU5HPTIgQk9SREVSPTAgQ0VMTFBBRERJTkc9NT48VFI+PFREIEFMSUdOPWxlZnQgQkdDT0xPUj0jRkZGOEVFPjxGT05UIENPTE9SPSMzMzMzMzMgU0laRT0zPjxCUj7llYblk4HlkI3jgavjgJDpgIHmlpnnhKHmlpnjgJHjga7oqJjovInjgYzjgYLjgovloLTlkIjjga/jgIHpgIHmlpnnhKHmlpnjgafjgZnjgII8QlI+PEJSPjxGT05UIFNJWkU9NT7jgJDlhajlm73pgIHmlpnooajjgJE8L0ZPTlQ+44KS44GU56K66KqN5LiL44GV44GE44G+44Gb44CCPEJSPjxCUj7opIfmlbDjga7llYblk4HjgpLlkIzmorHlj6/og73jgafjgZnjgII8QlI+4oC75ZCM5qKx44KS44GU5biM5pyb44Gu5aC05ZCI44CB5b+F44Ga5ZCM44GY44GK6LK344GE54mp44Kr44K077yI44Kr44O844OI77yJ44Gn44GU5rOo5paH5LiL44GV44GE44CCPEJSPuazqOaEj++8muOCq+ODvOODleOCo+ODq+ODoOOBruikh+aVsOWQjOaiseOBruWgtOWQiOS4gOOBpOOBruetkuOBq+OBvuOBqOOCgeOBpuaiseWMheiHtOOBl+OBvuOBmeOAgjxCUj7kuojjgoHjgZTkuobmib/kuIvjgZXjgYTjgb7jgZvjgII8QlI+PEJSPuKAu+WIpeOAheOBruOBiuiyt+OBhOeJqeOCq+OCtOOBp+azqOaWh+OBleOCjOOBn+WgtOWQiOOBr+WIpeOAheOBruetkuOBq+aiseWMheOBl+eZuumAgeiHtOOBl+OBvuOBmeOAgjxCUj7jgZ3jga7ngrrjgIHpgIHmlpnjg7vku6PlvJXjgY3miYvmlbDmlpnjga/nmbrpgIHlgIvmlbDliIboq4vmsYLjgZXjgZvjgabpoILjgY3jgb7jgZnjgII8QlI+PEJSPuKAu+WIpeOAheOBruOBiuiyt+OBhOeJqeOCq+OCtOOBp+azqOaWh+OBl+OAgemAgeaWme+8keWAi+WPo+WIhuOBp+OBruOBiuaUr+aJleOBhDxCUj7jgZXjgozjgZ/loLTlkIjjga/lkIzmorHluIzmnJvjgajliKTmlq3jgZfnmbrpgIHoh7TjgZfjgb7jgZnjgII8QlI+PEJSPuKYheeZuumAgeOBq+mWouOBmeOCi+azqOaEj+S6i+mgheKYhTxCUj4tLS0tLS0tLS0tLS0tLS0tLS0tLS0tLS0tLS0tLS0tLS0tLS0tLS0tIDxCUj7lvZPmlrnmjIflrprlroXmgKXkvr/jgafjgZnjga7jgafphY3pgIHmpa3ogIXjga/pgbjmip7jgafjgY3jgb7jgZvjgpPjgIIgPEJSPuaZgumWk+aMh+WumuOBr+WvvuW/nOOBhOOBn+OBl+OBpuOBiuOCiuOBvuOBm+OCk+OAgjxCUj7nmbrpgIHpgKPntaHjgavoqJjovInjga7llY/jgYTlkIjjgo/jgZvnlarlj7fjgafjgZToh6rouqvjgafjgZTnorroqo3poILjgZHjgb7jgZnjgII8QlI+6Zui5bO244Gv55m66YCB44GM5LiA5pel6YGF44KM44G+44GZ44CCIDxCUj4tLS0tLS0tLS0tLS0tLS0tLS0tLS0tLS0tLS0tLS0tLS0tLS0tLS0tPEJSPuKYheWVhuWTgeS7o+W8leKYheOAgOOAgDxCUj7lroXmgKXkvr/pgIHmlpkr5Yil6YCU5omL5pWw5paZ77yT77yX77yQ5YaGIDxCUj4tLS0tLS0tLS0tLS0tLS0tLS0tLS0tLS0tLS0tLS0tLS0tLS0tLS0tIDxCUj4xMuaZguWNiuOBvuOBp+OBq+OBlOWFpemHkeOBjOeiuuiqjeWHuuadpeOBn+OBlOazqOaWh+OAgTxCUj7jgb7jgZ/jga/llYblk4Hku6PlvJXjga7jgZTms6jmlofjga/ljbPml6XnmbrpgIHjgZXjgZvjgabpoILjgY3jgb7jgZnjgII8QlI+5a6a5LyR5pel44CA5Lya56S+5qaC6KaB6KiY6LyJL+iHqOaZguS8kealreOBruOBlOahiOWGheOBr+W9k+W6l+ODmuODvOOCuOWGheOBq+aOsui8ieOBl+OBvuOBmeOAgjwvRk9OVD48L1REPjwvVFI+PC9UQUJMRT48L1REPjwvVFI+PC9UQUJMRT48QlI+PFRBQkxFIFdJRFRIPTYwMCBDRUxMU1BBQ0lORz0xIEJPUkRFUj0wIENFTExQQURESU5HPTEgQkdDT0xPUj0jQ0NDQ0NDPjxUUj48VEQgQkdDT0xPUj0jRkY3RjUwPjxUQUJMRSBXSURUSD0xMDAlIENFTExTUEFDSU5HPTIgQk9SREVSPTAgQ0VMTFBBRERJTkc9NT48VFI+PFREIEFMSUdOPWxlZnQgQkdDT0xPUj0jRkY3RjUwPjxGT05UIENPTE9SPSMzMzMzMzMgU0laRT0zPjxCPuKYheKYheaUr+aJleaWueazleKYhTwvQj48L0ZPTlQ+PC9URD48L1RSPjwvVEFCTEU+PFRBQkxFIFdJRFRIPTEwMCUgQ0VMTFNQQUNJTkc9MiBCT1JERVI9MCBDRUxMUEFERElORz0wPjxUUj48VEQgSEVJR0hUPTIgQkdDT0xPUj0jQ0NCQkFBPjwvVEQ+PC9UUj48L1RBQkxFPjxUQUJMRSBXSURUSD0xMDAlIENFTExTUEFDSU5HPTIgQk9SREVSPTAgQ0VMTFBBRERJTkc9NT48VFI+PFREIEFMSUdOPWxlZnQgQkdDT0xPUj0jRkZGOEVFPjxGT05UIENPTE9SPSMzMzMzMzMgU0laRT0zPuKXj+alveWkqemKgOihjOOAgOaMr+i+vDxCUj7il4/llYblk4Hku6PlvJU8QlI+4peP44Kv44Os44K444OD44OI44Kr44O844OJ5rG65riIPEJSPuKXj+OCs+ODs+ODk+ODi+axuua4iO+8iOWJjeaJleOBhO+8iTxCUj7il4/mpb3lpKlFZHnmsbrmuIg8QlI+4pePYXXjgYvjgpPjgZ/jgpPmsbrmuIg8QlI+PC9GT05UPjwvVEQ+PC9UUj48L1RBQkxFPjwvVEQ+PC9UUj48L1RBQkxFPjxCUj48aW1nIHNyYz1odHRwOi8vaW1hZ2UucmFrdXRlbi5jby5qcC9hdWMtYXV0b21heC9jYWJpbmV0LzAzNDA2NjM4L2ltZ3JjMDA2ODE3NjkyNC5naWYgd2lkdGg9NjAwPjxCUj48QlI+PElNRyBTUkM9aHR0cDovL2ltYWdlLnJha3V0ZW4uY28uanAvYXVjLWF1dG9tYXgvY2FiaW5ldC8wMzU2MTkyNS9pbWc2MzE5Mzc4My5naWYgV0lEVEg9NjAwPjwvQ0VOVEVSPjxCUj48QlI+PENFTlRFUj48SU1HIFdJRFRIPTUyMCBTUkM9aHR0cDovL2ltYWdlLnJha3V0ZW4uY28uanAvYXVjLWF1dG9tYXgvY2FiaW5ldC8wMjU2NTcxNy9pbWc2NDc1MzExMS5naWY+PEJSPjxJTUcgV0lEVEg9NTIwIFNSQz1odHRwOi8vaW1hZ2UucmFrdXRlbi5jby5qcC9hdWMtYXV0b21heC9jYWJpbmV0LzAyNTY1NzE3L2ltZzY0NzU3OTg3LmdpZj48QlI+PC9DRU5URVI+PC9DRU5URVI+PC9UQUJMRT48L0NFTlRFUj48Y2VudGVyPgo8YnI+CjxpbWcgU1JDPWh0dHA6Ly9pbWFnZS5yYWt1dGVuLmNvLmpwL2F1Yy1hdXRvbWF4L2NhYmluZXQvaW1ncmMwMDY3MzgyMjc2LmdpZiB3aWR0aD02NzAgaGVpZ2h0PTQwMD48QlI+Cjxicj4KPGltZyBTUkM9aHR0cDovL2ltYWdlLnJha3V0ZW4uY28uanAvYXVjLWF1dG9tYXgvY2FiaW5ldC9pbWc2MDMzMzAwNC5naWYgd2lkdGg9NjcwIGhlaWdodD0xMjA+PEJSPgo8YnI+Cgo8YnI+PC9jZW50ZXI+,44CQ6YCB5paZ54Sh5paZ44CR44GC44GZ5qW9IOWvvuW/nCDjg5Xjg63jg7Pjg4gg44K544OX44Oq44Oz44K/44O844OI44Os44OOIOOCr+ODvOODmiBFMTEg44Kr44OD44OI5riI44G/IOOCq+ODvOODleOCo+ODq+ODoCDou4rnqK7liKUg44K544Oi44O844KvIOOCu+ODg+ODiCDou4rnqK7lsILnlKgg44Km44Kk44Oz44OJ44KmIOeqk+OCrOODqeOCuSDmiJDlvaIg44OV44Kk44Or44OgVVbjgqvjg4Pjg4gg44OP44O844OJ44Kz44O844OIIERJWSDmlr3lt6Ug5pa55rOVIOiyvOOCiuaWuSAz56iu6aGe44Gu6YCP6YGO546H6YCa6LKpIOWkp+mYquOAkFJDUOOAke+8mkFVVE9NQVggaXp1bWk=,44Kr44OD44OG44Kj44Oz44Kw44K344O844OI44Oi44OL44K/44O844K544K/44Oz44OJ44Ki44Or44Kr44Oz44K/44O844Op6Kq/44K544Ko44O844OJ55Sf5Zyw44K344O844OI5rGO55So44OR44O844OE6Ieq5YuV6LuK44Ki44Kv44K744K144Oq44O844Oh44OD44Kt44Oi44O844Or6YCB5paZ54Sh5paZ44K544OG44OD44Kr44O844Kr44O855So5ZOB44OQ44Kk44Kv55So5ZOB44OJ44Os44K544Ki44OD44OX44Op44Kw44K444Ol44Ki44Oq44O85YaF6KOF5aSW6KOF44Kr44OD44OI5riI44G/44Kr44O844OV44Kj44Or44Og5aSn6Ziq6YCa6LKp5r+A5a6J5qC85a6J5pa95bel44CQ6YCB5paZ54Sh5paZ44CR44GC44GZ5qW9IOWvvuW/nCDjg5Xjg63jg7Pjg4gg44K544OX44Oq44Oz44K/44O844OI44Os44OOIOOCr+ODvOODmiBFMTEg44Kr44OD44OI5riI44G/IOOCq+ODvOODleOCo+ODq+ODoCDou4rnqK7liKUg44K544Oi44O844KvIOOCu+ODg+ODiCDou4rnqK7lsILnlKgg44Km44Kk44Oz44OJ44KmIOeqk+OCrOODqeOCuSDmiJDlvaIg44OV44Kk44Or44OgVVbjgqvjg4Pjg4gg44OP44O844OJ44Kz44O844OIIERJWSDmlr3lt6Ug5pa55rOVIOiyvOOCiuaWuSAz56iu6aGe44Gu6YCP6YGO546H6YCa6LKpIOWkp+mYquOAkFJDUOOAkQ==,6YCB5paZ54Sh5paZ77yI5YyX5rW36YGTL+aylue4hOmZpOOBj++8ieS7o+W8leOBjeOBruWgtOWQiOOAgeWIpemAlOaJi+aVsOaWmTM3MOWGhuOAguOAkOmAgeaWmeeEoeaWmeOAkeOBguOBmealvSDlr77lv5wg44OV44Ot44Oz44OIIOOCueODl+ODquODs+OCv+ODvOODiOODrOODjiDjgq/jg7zjg5ogRTExIOOCq+ODg+ODiOa4iOOBvyDjgqvjg7zjg5XjgqPjg6vjg6Ag6LuK56iu5YilIOOCueODouODvOOCryDjgrvjg4Pjg4gg6LuK56iu5bCC55SoIOOCpuOCpOODs+ODieOCpiDnqpPjgqzjg6njgrkg5oiQ5b2iIOODleOCpOODq+ODoFVW44Kr44OD44OIIOODj+ODvOODieOCs+ODvOODiCBESVkg5pa95belIOaWueazlSDosrzjgormlrkgM+eorumhnuOBrumAj+mBjueOh+mAmuiyqSDlpKfpmKrjgJBSQ1DjgJE=[rn]
12-37293,aHR0cDovL3RzaG9wLnIxMHMuanAvYXVjLWF1dG9tYXgvY2FiaW5ldC8wMjU2NTcxNy9pbWc2NDIyMTM3Mi5qcGc/Zml0aW49NzAwOjcwMA==,MTUxNi4wMDAw,,6LuK55So5ZOB44O744OQ44Kk44Kv55So5ZOBID4g44Kr44O855So5ZOBID4g5YaF6KOF44OR44O844OEID4g44OV44Kj44Or44Og77yI44K544Oi44O844Kv77yJID4g44OI44Oo44K/55So,44GC44GZ5qW9IOWvvuW/nCDjg6rjgqIg44K544OX44Oq44Oz44K/44O844OI44Os44OOIOOCr+ODvOODmiBFMTAg44Kr44OD44OI5riI44G/IOOCq+ODvOODleOCo+ODq+ODoCDou4rnqK7liKUg44K544Oi44O844KvIOOCu+ODg+ODiCDou4rnqK7lsILnlKgg44Km44Kk44Oz44OJ44KmIOeqk+OCrOODqeOCuSDmiJDlvaIg44OV44Kk44Or44OgVVbjgqvjg4Pjg4gg44OP44O844OJ44Kz44O844OIIERJWSDmlr3lt6Ug5pa55rOVIOiyvOOCiuaWuSAz56iu6aGe44Gu6YCP6YGO546H6YCa6LKpIOWkp+mYqiDjgJDllYblk4HkuIDopqfjgJE=,,PENFTlRFUj48aW1nIHNyYz1odHRwOi8vaW1hZ2UucmFrdXRlbi5jby5qcC9hdWMtYXV0b21heC9jYWJpbmV0LzAzNDA2NjM4L2ltZ3JjMDA2ODE3NjkyMS5naWYgd2lkdGg9NjAwPjwvY2VudGVyPjxCUj48Q0VOVEVSPjxCUj48Rk9OVCBTSVpFPTUgQ09MT1I9I2ZmMDAwMD7lvZPlupfjga7jgqvjg4Pjg4jmuIjjgb/jgqvjg7zjg5XjgqPjg6vjg6Djga88L0ZPTlQ+PEJSPjxGT05UIFNJWkU9NSBDT0xPUj0jZmYwMDAwPjxCPk1BREXjgIBJTuOAgEpBUEFO44CAPC9CPjwvRk9OVD48QlI+PEZPTlQgU0laRT01IENPTE9SPSNmZjAwMDA+77yI57Sr5aSW57eaVVbjgIA5Oe+8heOCq+ODg+ODiO+8ieOBp+OBmeOAgjwvRk9OVD48QlI+PFRSPiA8VEQgSEVJR0hUPTY+PC9URD4gPFREIEhFSUdIVD02PjwvVEQ+IDxURCBIRUlHSFQ9Nj48L1REPiA8L1RSPjxCUj48Q0VOVEVSPjxGT05UIENPTE9SPSNDQ0JCQUEgU0laRT00PjxCPjwvQj48L0ZPTlQ+PEJSPjxCUj48VEFCTEUgV0lEVEg9NjAwIENFTExTUEFDSU5HPTEgQk9SREVSPTAgQ0VMTFBBRERJTkc9MSBCR0NPTE9SPSNDQ0NDQ0M+PFRSPjxURCBCR0NPTE9SPSNGRjdGNTA+PFRBQkxFIFdJRFRIPTEwMCUgQ0VMTFNQQUNJTkc9MiBCT1JERVI9MCBDRUxMUEFERElORz01PjxUUj48VEQgQUxJR049bGVmdCBCR0NPTE9SPSNGRjdGNTA+PEZPTlQgQ09MT1I9IzMzMzMzMyBTSVpFPTM+PEI+4piF4piF5ZWG5ZOB6Kqs5piO4piF4piFPC9CPjwvRk9OVD48L1REPjwvVFI+PC9UQUJMRT48VEFCTEUgV0lEVEg9MTAwJSBDRUxMU1BBQ0lORz0yIEJPUkRFUj0wIENFTExQQURESU5HPTA+PFRSPjxURCBIRUlHSFQ9MiBCR0NPTE9SPSNDQ0JCQUE+PC9URD48L1RSPjwvVEFCTEU+PFRBQkxFIFdJRFRIPTEwMCUgQ0VMTFNQQUNJTkc9MiBCT1JERVI9MCBDRUxMUEFERElORz01PjxUUj48VEQgQUxJR049bGVmdCBCR0NPTE9SPSNGRkY4RUU+PEZPTlQgQ09MT1I9IzMzMzMzMyBTSVpFPTM+PEJSPuS+oeagvOOCkui2iuOBiOOBn+WTgeizquOCkuaPkOS+m+OBhOOBn+OBl+OBpuOBiuOCiuOBvuOBmeOBruOBp+OBlOWuieW/g+OBj+OBoOOBleOBhOOAgjxCUj7lvZPmlrnjga7jg5XjgqPjg6vjg6Djga9JU08gOTAwMeWPluW+l+W3peWgtOOBq+OBpuijvemAoOOBleOCjOOAgTxCUj7kuJbnlYznmoTjgavmlaznp7DjgZXjgozjgovjgIBVS0FT44CM6Iux5Zu96KqN6Ki85qmf6Zai6KqN5a6a5a+p6K2w5Lya44CNPEJSPuOBruiqjeiovOOCguWPluW+l+OBl+OBpuOBiuOCiuOBvuOBmeOAguOAgOOAgFJlZy5OTyAwNTkuQTxCUj48QlI+4piF4piF4piF4piF4piF6YGp5ZCI6LuK56iu4piF4piF4piF4piF4piFPEJSPjxCUj4KIOODoeODvOOCq+ODvO+8muODiOODqOOCvyA8QlI+6LuK5ZCN77ya44K544OX44Oq44Oz44K/44O844OI44Os44OO44CA44Kv44O844OaIDxCUj7ou4rovIzlnovlvI/vvJpBRTEwMOODuzEwMSA8QlI+5bm05byP77ya5bmz5oiQMy42772eNy41CjxCUj48QlI+4piF4piF4piF4piF4piF44K744OD44OI5YaF5a654piF4piF4piF4piF4piFPEJSPjxCUj7jgr/jgqTjg4jjg6vjga7jgoLjga7jgajjgarjgorjgb7jgZnjgII8QlI+44OV44Ot44Oz44OI44Gu5aC05ZCIPemBi+i7ouW4rS/liqnmiYvluK3jgJDkuInop5LnqpPjgYzjgYLjgovjgoLjga7jga/lkKvjgb7jgozjgb7jgZnjgJE8QlI+44Oq44KiU0VU44Gu5aC05ZCIPeODleODreODs+ODiOOAkOmBi+i7ouW4rS/liqnmiYvluK3jgJHjgojjgorlvozjgo3lhajjgabjga5TRVTjgafjgZk8QlI+55S75YOP44Gv44Kk44Oh44O844K444Gn44GZ44Gu44Gn44CA6LuK56iu44Gr44KI44KK55Ww44Gq44KK44G+44GZ44CCPEJSPuOBlOizvOWFpeaZguOAgTPoibLjga7kuK3jgYvjgonjgYrpgbjjgbPjgY/jgaDjgZXjgYTjgII8QlI+44O744KC44Gj44Go44KC5r+D44GE44K544Oi44O844KvPeOCueODvOODkeODvOODluODqeODg+OCr++8le+8hTxCUj7jg7vmv4PjgYTjgrnjg6Ljg7zjgq8944OA44O844Kv44K544Oi44O844Kv77yR77yV77yFPEJSPuODu+e0lOato+WQjOanmOOBruOCueODouODvOOCrz3jg5fjg6njgqTjg5Djgrfjg7zjgrnjg6Ljg7zjgq/vvJLvvJbvvIU8QlI+44GU5rOo5paH5b6M44Gu6Imy44Gu5aSJ5pu044Gv5Ye65p2l44GL44Gt44G+44GZ44CCPEJSPjxCUj48QlI+44O7IOeUu+WDj+OBr+OCpOODoeODvOOCuOOBp+OBmeOAgjxCUj7jg7sg44OV44Kj44Or44Og44Gv44Kt44K644Gu44Gk44GN44Gr44GP44GEPEJSPuODj+ODvOODieOCs+ODvOODiOODleOCo+ODq+ODoOOCkuS9v+eUqOOBl+OBpuOBiuOCiuOBvuOBmeOAgjxCUj48QlI+PEZPTlQgU0laRT01PuKYheKYheKYheazqOaEj+S6i+mghS/lhY3osqzkuovpoIXimIXimIXimIU8L0ZPTlQ+PEJSPuODu+alreWLmeeUqOOBrueCuuWklueuseODu+iqrOaYjuabuOetieS7mOWxnuiHtOOBl+OBvuOBm+OCk+OAgjxCUj7jg7vpoJjlj47mm7jjga7nmbrooYzjga/jgafjgY3jgb7jgZvjgpPjga7jgafjgZTkuobmib/kuIvjgZXjgYTjgII8QlI+44O75L2/55So5rOV562J44Gr6Zai44GZ44KL44K144Od44O844OI44Gv5LiA5YiH5Ye65p2l44G+44Gb44KT44CCPEJSPumBqeWQiOOBi+WQpuOBi+OBq+OBpOOBjeOBvuOBl+OBpuOBr+WVhuWTgeiqrOaYjuOBq+iomOi8ieOBl+OBpuOBiuOCiuOBvuOBmTxCUj7pganlkIjou4rnqK7jg7vlnovlvI/jg7vlubTlvI/jgavjgabjgYrlrqLmp5jjgZToh6rouqvjgafjgZTliKTmlq3jgYrpoZjjgYToh7TjgZfjgb7jgZnjgII8QlI+PEJSPjxCUj48Rk9OVCBTSVpFPTU+44CQ44GU6LO85YWl5YmN44Gr5b+F44Ga44Kv44Oq44OD44Kv44CRPC9GT05UPjxCUj7jgZTos7zlhaXpoILjgYTjgZ/mmYLngrnjgafjgIHkuIroqJjjgpLjgq/jg6rjg4Pjgq/jgZc8QlI+44GU56K66KqN44O744GU5LqG5om/6aCC44GE44Gf5LiK44Gn44Gu44GU6LO85YWl44Go5Yik5pat44GXPEJSPuOBiuWPluW8leOBleOBm+OBpumgguOBjeOBvuOBmeOAgjxCUj7jgZTos7zlhaXlvozjga7jgq3jg6Pjg7Pjgrvjg6vjga/jgYrmlq3jgorjgZfjgabjgYrjgorjgb7jgZnjgII8QlI+PEJSPjxCUj48Rk9OVCBTSVpFPTU+44CQ5pat54ax44OV44Kj44Or44Og44G444Gu5aSJ5pu044Kq44OX44K344On44Oz44CRPC9GT05UPjxCUj7mlq3nhrHjgr/jgqTjg5fjga7jg5XjgqPjg6vjg6DjgpLjgZTluIzmnJvjga7loLTlkIjjgIHkuIroqJjjg6rjg7Pjgq/jgpLjgq/jg6rjg4Pjgq/jgZc8QlI+44GU5biM5pyb44Gu6LuK56iu5Yil44Kr44OD44OI5riI44G/44Kr44O844OV44Kj44Or44Og44Go5LiA57eS44Gr44CB44GU6LO85YWl5omL57aa44GN44GK6aGY44GE44GX44G+44GZ44CCPEJSPjxCUj48QlI+PEZPTlQgU0laRT01PuOAkOODn+ODqeODvOODleOCo+ODq+ODoOOBp+OBruOCq+ODg+ODiCDjgqrjg5fjgrfjg6fjg7PjgJE8L0ZPTlQ+PEJSPuODn+ODqeODvOODleOCo+ODq+ODoOOBp+OBruijveS9nOOCkuOBlOW4jOacm+OBruWgtOWQiOOAgeS4iuiomOODquODs+OCr+OCkuOCr+ODquODg+OCr+OBlzxCUj7jgZTluIzmnJvjga7ou4rnqK7liKXjgqvjg4Pjg4jmuIjjgb/jgqvjg7zjg5XjgqPjg6vjg6DjgajkuIDnt5LjgavjgIHjgZTos7zlhaXmiYvntprjgY3jgYrpoZjjgYTjgZfjgb7jgZnjgIIKPC9GT05UPjwvVEQ+PC9UUj48L1RBQkxFPjwvVEQ+PC9UUj48L1RBQkxFPjxCUj48QlI+PEJSPjxUQUJMRSBXSURUSD02MDAgQ0VMTFNQQUNJTkc9MSBCT1JERVI9MCBDRUxMUEFERElORz0xIEJHQ09MT1I9I0NDQ0NDQz48VFI+PFREIEJHQ09MT1I9I0ZGN0Y1MD48VEFCTEUgV0lEVEg9MTAwJSBDRUxMU1BBQ0lORz0yIEJPUkRFUj0wIENFTExQQURESU5HPTU+PFRSPjxURCBBTElHTj1sZWZ0IEJHQ09MT1I9I0ZGN0Y1MD48Rk9OVCBDT0xPUj0jMzMzMzMzIFNJWkU9Mz48Qj7imIXimIXnmbrpgIHmlrnms5Uv6YCB5paZ4piF4piFPC9CPjwvRk9OVD48L1REPjwvVFI+PC9UQUJMRT48VEFCTEUgV0lEVEg9MTAwJSBDRUxMU1BBQ0lORz0yIEJPUkRFUj0wIENFTExQQURESU5HPTA+PFRSPjxURCBIRUlHSFQ9MiBCR0NPTE9SPSNDQ0JCQUE+PC9URD48L1RSPjwvVEFCTEU+PFRBQkxFIFdJRFRIPTEwMCUgQ0VMTFNQQUNJTkc9MiBCT1JERVI9MCBDRUxMUEFERElORz01PjxUUj48VEQgQUxJR049bGVmdCBCR0NPTE9SPSNGRkY4RUU+PEZPTlQgQ09MT1I9IzMzMzMzMyBTSVpFPTM+PEJSPuWVhuWTgeWQjeOBq+OAkOmAgeaWmeeEoeaWmeOAkeOBruiomOi8ieOBjOOBguOCi+WgtOWQiOOBr+OAgemAgeaWmeeEoeaWmeOBp+OBmeOAgjxCUj48QlI+PEZPTlQgU0laRT01PuOAkOWFqOWbvemAgeaWmeihqOOAkTwvRk9OVD7jgpLjgZTnorroqo3kuIvjgZXjgYTjgb7jgZvjgII8QlI+PEJSPuikh+aVsOOBruWVhuWTgeOCkuWQjOaiseWPr+iDveOBp+OBmeOAgjxCUj7igLvlkIzmorHjgpLjgZTluIzmnJvjga7loLTlkIjjgIHlv4XjgZrlkIzjgZjjgYrosrfjgYTnianjgqvjgrTvvIjjgqvjg7zjg4jvvInjgafjgZTms6jmlofkuIvjgZXjgYTjgII8QlI+5rOo5oSP77ya44Kr44O844OV44Kj44Or44Og44Gu6KSH5pWw5ZCM5qKx44Gu5aC05ZCI5LiA44Gk44Gu562S44Gr44G+44Go44KB44Gm5qKx5YyF6Ie044GX44G+44GZ44CCPEJSPuS6iOOCgeOBlOS6huaJv+S4i+OBleOBhOOBvuOBm+OAgjxCUj48QlI+4oC75Yil44CF44Gu44GK6LK344GE54mp44Kr44K044Gn5rOo5paH44GV44KM44Gf5aC05ZCI44Gv5Yil44CF44Gu562S44Gr5qKx5YyF44GX55m66YCB6Ie044GX44G+44GZ44CCPEJSPuOBneOBrueCuuOAgemAgeaWmeODu+S7o+W8leOBjeaJi+aVsOaWmeOBr+eZuumAgeWAi+aVsOWIhuiri+axguOBleOBm+OBpumgguOBjeOBvuOBmeOAgjxCUj48QlI+4oC75Yil44CF44Gu44GK6LK344GE54mp44Kr44K044Gn5rOo5paH44GX44CB6YCB5paZ77yR5YCL5Y+j5YiG44Gn44Gu44GK5pSv5omV44GEPEJSPuOBleOCjOOBn+WgtOWQiOOBr+WQjOaiseW4jOacm+OBqOWIpOaWreOBl+eZuumAgeiHtOOBl+OBvuOBmeOAgjxCUj48QlI+4piF55m66YCB44Gr6Zai44GZ44KL5rOo5oSP5LqL6aCF4piFPEJSPi0tLS0tLS0tLS0tLS0tLS0tLS0tLS0tLS0tLS0tLS0tLS0tLS0tLS0gPEJSPuW9k+aWueaMh+WumuWuheaApeS+v+OBp+OBmeOBruOBp+mFjemAgealreiAheOBr+mBuOaKnuOBp+OBjeOBvuOBm+OCk+OAgiA8QlI+5pmC6ZaT5oyH5a6a44Gv5a++5b+c44GE44Gf44GX44Gm44GK44KK44G+44Gb44KT44CCPEJSPueZuumAgemAo+e1oeOBq+iomOi8ieOBruWVj+OBhOWQiOOCj+OBm+eVquWPt+OBp+OBlOiHqui6q+OBp+OBlOeiuuiqjemgguOBkeOBvuOBmeOAgjxCUj7pm6Lls7bjga/nmbrpgIHjgYzkuIDml6XpgYXjgozjgb7jgZnjgIIgPEJSPi0tLS0tLS0tLS0tLS0tLS0tLS0tLS0tLS0tLS0tLS0tLS0tLS0tLS08QlI+4piF5ZWG5ZOB5Luj5byV4piF44CA44CAPEJSPuWuheaApeS+v+mAgeaWmSvliKXpgJTmiYvmlbDmlpnvvJPvvJfvvJDlhoYgPEJSPi0tLS0tLS0tLS0tLS0tLS0tLS0tLS0tLS0tLS0tLS0tLS0tLS0tLS0gPEJSPjEy5pmC5Y2K44G+44Gn44Gr44GU5YWl6YeR44GM56K66KqN5Ye65p2l44Gf44GU5rOo5paH44CBPEJSPuOBvuOBn+OBr+WVhuWTgeS7o+W8leOBruOBlOazqOaWh+OBr+WNs+aXpeeZuumAgeOBleOBm+OBpumgguOBjeOBvuOBmeOAgjxCUj7lrprkvJHml6XjgIDkvJrnpL7mpoLopoHoqJjovIkv6Ieo5pmC5LyR5qWt44Gu44GU5qGI5YaF44Gv5b2T5bqX44Oa44O844K45YaF44Gr5o6y6LyJ44GX44G+44GZ44CCPC9GT05UPjwvVEQ+PC9UUj48L1RBQkxFPjwvVEQ+PC9UUj48L1RBQkxFPjxCUj48VEFCTEUgV0lEVEg9NjAwIENFTExTUEFDSU5HPTEgQk9SREVSPTAgQ0VMTFBBRERJTkc9MSBCR0NPTE9SPSNDQ0NDQ0M+PFRSPjxURCBCR0NPTE9SPSNGRjdGNTA+PFRBQkxFIFdJRFRIPTEwMCUgQ0VMTFNQQUNJTkc9MiBCT1JERVI9MCBDRUxMUEFERElORz01PjxUUj48VEQgQUxJR049bGVmdCBCR0NPTE9SPSNGRjdGNTA+PEZPTlQgQ09MT1I9IzMzMzMzMyBTSVpFPTM+PEI+4piF4piF5pSv5omV5pa55rOV4piFPC9CPjwvRk9OVD48L1REPjwvVFI+PC9UQUJMRT48VEFCTEUgV0lEVEg9MTAwJSBDRUxMU1BBQ0lORz0yIEJPUkRFUj0wIENFTExQQURESU5HPTA+PFRSPjxURCBIRUlHSFQ9MiBCR0NPTE9SPSNDQ0JCQUE+PC9URD48L1RSPjwvVEFCTEU+PFRBQkxFIFdJRFRIPTEwMCUgQ0VMTFNQQUNJTkc9MiBCT1JERVI9MCBDRUxMUEFERElORz01PjxUUj48VEQgQUxJR049bGVmdCBCR0NPTE9SPSNGRkY4RUU+PEZPTlQgQ09MT1I9IzMzMzMzMyBTSVpFPTM+4peP5qW95aSp6YqA6KGM44CA5oyv6L68PEJSPuKXj+WVhuWTgeS7o+W8lTxCUj7il4/jgq/jg6zjgrjjg4Pjg4jjgqvjg7zjg4nmsbrmuIg8QlI+4peP44Kz44Oz44OT44OL5rG65riI77yI5YmN5omV44GE77yJPEJSPuKXj+alveWkqUVkeeaxuua4iDxCUj7il49hdeOBi+OCk+OBn+OCk+axuua4iDxCUj48L0ZPTlQ+PC9URD48L1RSPjwvVEFCTEU+PC9URD48L1RSPjwvVEFCTEU+PEJSPjxpbWcgc3JjPWh0dHA6Ly9pbWFnZS5yYWt1dGVuLmNvLmpwL2F1Yy1hdXRvbWF4L2NhYmluZXQvMDM0MDY2MzgvaW1ncmMwMDY4MTc2OTI0LmdpZiB3aWR0aD02MDA+PEJSPjxCUj48SU1HIFNSQz1odHRwOi8vaW1hZ2UucmFrdXRlbi5jby5qcC9hdWMtYXV0b21heC9jYWJpbmV0LzAzNTYxOTI1L2ltZzYzMTkzNzgzLmdpZiBXSURUSD02MDA+PC9DRU5URVI+PEJSPjxCUj48Q0VOVEVSPjxJTUcgV0lEVEg9NTIwIFNSQz1odHRwOi8vaW1hZ2UucmFrdXRlbi5jby5qcC9hdWMtYXV0b21heC9jYWJpbmV0LzAyNTY1NzE3L2ltZzY0NzUzMTExLmdpZj48QlI+PElNRyBXSURUSD01MjAgU1JDPWh0dHA6Ly9pbWFnZS5yYWt1dGVuLmNvLmpwL2F1Yy1hdXRvbWF4L2NhYmluZXQvMDI1NjU3MTcvaW1nNjQ3NTc5ODcuZ2lmPjxCUj48L0NFTlRFUj48L0NFTlRFUj48L1RBQkxFPjwvQ0VOVEVSPjxjZW50ZXI+Cjxicj4KPGltZyBTUkM9aHR0cDovL2ltYWdlLnJha3V0ZW4uY28uanAvYXVjLWF1dG9tYXgvY2FiaW5ldC9pbWdyYzAwNjczODIyNzYuZ2lmIHdpZHRoPTY3MCBoZWlnaHQ9NDAwPjxCUj4KPGJyPgo8aW1nIFNSQz1odHRwOi8vaW1hZ2UucmFrdXRlbi5jby5qcC9hdWMtYXV0b21heC9jYWJpbmV0L2ltZzYwMzMzMDA0LmdpZiB3aWR0aD02NzAgaGVpZ2h0PTEyMD48QlI+Cjxicj4KCjxicj48L2NlbnRlcj4=,44GC44GZ5qW9IOWvvuW/nCDjg6rjgqIg44K544OX44Oq44Oz44K/44O844OI44Os44OOIOOCr+ODvOODmiBFMTAg44Kr44OD44OI5riI44G/IOOCq+ODvOODleOCo+ODq+ODoCDou4rnqK7liKUg44K544Oi44O844KvIOOCu+ODg+ODiCDou4rnqK7lsILnlKgg44Km44Kk44Oz44OJ44KmIOeqk+OCrOODqeOCuSDmiJDlvaIg44OV44Kk44Or44OgVVbjgqvjg4Pjg4gg44OP44O844OJ44Kz44O844OIIERJWSDmlr3lt6Ug5pa55rOVIOiyvOOCiuaWuSAz56iu6aGe44Gu6YCP6YGO546H6YCa6LKpIOWkp+mYqiDjgJDllYblk4HkuIDopqfjgJHvvJpBVVRPTUFYIGl6dW1p,44Kr44OD44OG44Kj44Oz44Kw44K344O844OI44Oi44OL44K/44O844K544K/44Oz44OJ44Ki44Or44Kr44Oz44K/44O844Op6Kq/44K544Ko44O844OJ55Sf5Zyw44K344O844OI5rGO55So44OR44O844OE6Ieq5YuV6LuK44Ki44Kv44K744K144Oq44O844Oh44OD44Kt44Oi44O844Or6YCB5paZ54Sh5paZ44K544OG44OD44Kr44O844Kr44O855So5ZOB44OQ44Kk44Kv55So5ZOB44OJ44Os44K544Ki44OD44OX44Op44Kw44K444Ol44Ki44Oq44O85YaF6KOF5aSW6KOF44Kr44OD44OI5riI44G/44Kr44O844OV44Kj44Or44Og5aSn6Ziq6YCa6LKp5r+A5a6J5qC85a6J5pa95bel44GC44GZ5qW9IOWvvuW/nCDjg6rjgqIg44K544OX44Oq44Oz44K/44O844OI44Os44OOIOOCr+ODvOODmiBFMTAg44Kr44OD44OI5riI44G/IOOCq+ODvOODleOCo+ODq+ODoCDou4rnqK7liKUg44K544Oi44O844KvIOOCu+ODg+ODiCDou4rnqK7lsILnlKgg44Km44Kk44Oz44OJ44KmIOeqk+OCrOODqeOCuSDmiJDlvaIg44OV44Kk44Or44OgVVbjgqvjg4Pjg4gg44OP44O844OJ44Kz44O844OIIERJWSDmlr3lt6Ug5pa55rOVIOiyvOOCiuaWuSAz56iu6aGe44Gu6YCP6YGO546H6YCa6LKpIOWkp+mYqiDjgJDllYblk4HkuIDopqfjgJE=,44GT44Gu5ZWG5ZOB44Gv6YCB5paZIOWFqOWbveS4gOW+izYwMOWGhiDjgafjgZko5YyX5rW36YGTL+aylue4hOmZpOOBjynlkIzmorHlj6/og73jgILjgILjgYLjgZnmpb0g5a++5b+cIOODquOCoiDjgrnjg5fjg6rjg7Pjgr/jg7zjg4jjg6zjg44g44Kv44O844OaIEUxMCDjgqvjg4Pjg4jmuIjjgb8g44Kr44O844OV44Kj44Or44OgIOi7iueoruWIpSDjgrnjg6Ljg7zjgq8g44K744OD44OIIOi7iueoruWwgueUqCDjgqbjgqTjg7Pjg4njgqYg56qT44Ks44Op44K5IOaIkOW9oiDjg5XjgqTjg6vjg6BVVuOCq+ODg+ODiCDjg4/jg7zjg4njgrPjg7zjg4ggRElZIOaWveW3pSDmlrnms5Ug6LK844KK5pa5IDPnqK7poZ7jga7pgI/pgY7njofpgJrosqkg5aSn6ZiqIOOAkOWVhuWTgeS4gOimp+OAkQ==[rn]
12-37294,aHR0cDovL3RzaG9wLnIxMHMuanAvYXVjLWF1dG9tYXgvY2FiaW5ldC8wMjU2NTcxNy9pbWc2NDIyMTM3MS5qcGc/Zml0aW49NzAwOjcwMA==,OTYwLjAwMDA=,,6LuK55So5ZOB44O744OQ44Kk44Kv55So5ZOBID4g44Kr44O855So5ZOBID4g5YaF6KOF44OR44O844OEID4g44OV44Kj44Or44Og77yI44K544Oi44O844Kv77yJID4g44OI44Oo44K/55So,44GC44GZ5qW9IOWvvuW/nCDjg5Xjg63jg7Pjg4ggKHMpIOOCueODl+ODquODs+OCv+ODvOODiOODrOODjiDjgq/jg7zjg5ogRTgg44Kr44OD44OI5riI44G/IOOCq+ODvOODleOCo+ODq+ODoCDou4rnqK7liKUg44K544Oi44O844KvIOOCu+ODg+ODiCDou4rnqK7lsILnlKgg44Km44Kk44Oz44OJ44KmIOeqk+OCrOODqeOCuSDmiJDlvaIg44OV44Kk44Or44OgVVbjgqvjg4Pjg4gg44OP44O844OJ44Kz44O844OIIERJWSDmlr3lt6Ug5pa55rOVIOiyvOOCiuaWuSAz56iu6aGe44Gu6YCP6YGO546H6YCa6LKpIOWkp+mYqiDjgJDllYblk4HkuIDopqfjgJE=,,PENFTlRFUj48aW1nIHNyYz1odHRwOi8vaW1hZ2UucmFrdXRlbi5jby5qcC9hdWMtYXV0b21heC9jYWJpbmV0LzAzNDA2NjM4L2ltZ3JjMDA2ODE3NjkyMS5naWYgd2lkdGg9NjAwPjwvY2VudGVyPjxCUj48Q0VOVEVSPjxCUj48Rk9OVCBTSVpFPTUgQ09MT1I9I2ZmMDAwMD7lvZPlupfjga7jgqvjg4Pjg4jmuIjjgb/jgqvjg7zjg5XjgqPjg6vjg6Djga88L0ZPTlQ+PEJSPjxGT05UIFNJWkU9NSBDT0xPUj0jZmYwMDAwPjxCPk1BREXjgIBJTuOAgEpBUEFO44CAPC9CPjwvRk9OVD48QlI+PEZPTlQgU0laRT01IENPTE9SPSNmZjAwMDA+77yI57Sr5aSW57eaVVbjgIA5Oe+8heOCq+ODg+ODiO+8ieOBp+OBmeOAgjwvRk9OVD48QlI+PFRSPiA8VEQgSEVJR0hUPTY+PC9URD4gPFREIEhFSUdIVD02PjwvVEQ+IDxURCBIRUlHSFQ9Nj48L1REPiA8L1RSPjxCUj48Q0VOVEVSPjxGT05UIENPTE9SPSNDQ0JCQUEgU0laRT00PjxCPjwvQj48L0ZPTlQ+PEJSPjxCUj48VEFCTEUgV0lEVEg9NjAwIENFTExTUEFDSU5HPTEgQk9SREVSPTAgQ0VMTFBBRERJTkc9MSBCR0NPTE9SPSNDQ0NDQ0M+PFRSPjxURCBCR0NPTE9SPSNGRjdGNTA+PFRBQkxFIFdJRFRIPTEwMCUgQ0VMTFNQQUNJTkc9MiBCT1JERVI9MCBDRUxMUEFERElORz01PjxUUj48VEQgQUxJR049bGVmdCBCR0NPTE9SPSNGRjdGNTA+PEZPTlQgQ09MT1I9IzMzMzMzMyBTSVpFPTM+PEI+4piF4piF5ZWG5ZOB6Kqs5piO4piF4piFPC9CPjwvRk9OVD48L1REPjwvVFI+PC9UQUJMRT48VEFCTEUgV0lEVEg9MTAwJSBDRUxMU1BBQ0lORz0yIEJPUkRFUj0wIENFTExQQURESU5HPTA+PFRSPjxURCBIRUlHSFQ9MiBCR0NPTE9SPSNDQ0JCQUE+PC9URD48L1RSPjwvVEFCTEU+PFRBQkxFIFdJRFRIPTEwMCUgQ0VMTFNQQUNJTkc9MiBCT1JERVI9MCBDRUxMUEFERElORz01PjxUUj48VEQgQUxJR049bGVmdCBCR0NPTE9SPSNGRkY4RUU+PEZPTlQgQ09MT1I9IzMzMzMzMyBTSVpFPTM+PEJSPuS+oeagvOOCkui2iuOBiOOBn+WTgeizquOCkuaPkOS+m+OBhOOBn+OBl+OBpuOBiuOCiuOBvuOBmeOBruOBp+OBlOWuieW/g+OBj+OBoOOBleOBhOOAgjxCUj7lvZPmlrnjga7jg5XjgqPjg6vjg6Djga9JU08gOTAwMeWPluW+l+W3peWgtOOBq+OBpuijvemAoOOBleOCjOOAgTxCUj7kuJbnlYznmoTjgavmlaznp7DjgZXjgozjgovjgIBVS0FT44CM6Iux5Zu96KqN6Ki85qmf6Zai6KqN5a6a5a+p6K2w5Lya44CNPEJSPuOBruiqjeiovOOCguWPluW+l+OBl+OBpuOBiuOCiuOBvuOBmeOAguOAgOOAgFJlZy5OTyAwNTkuQTxCUj48QlI+4piF4piF4piF4piF4piF6YGp5ZCI6LuK56iu4piF4piF4piF4piF4piFPEJSPui7iui8jOWei+W8j++8mkFFODXjg7s4NiDlubTlvI/vvJrmmK3lkow1OC41772eNjIuNDxCUj48QlI+4piF4piF4piF4piF4piF44K744OD44OI5YaF5a654piF4piF4piF4piF4piFPEJSPjxCUj7jgr/jgqTjg4jjg6vjga7jgoLjga7jgajjgarjgorjgb7jgZnjgII8QlI+44OV44Ot44Oz44OI44Gu5aC05ZCIPemBi+i7ouW4rS/liqnmiYvluK3jgJDkuInop5LnqpPjgYzjgYLjgovjgoLjga7jga/lkKvjgb7jgozjgb7jgZnjgJE8QlI+44Oq44KiU0VU44Gu5aC05ZCIPeODleODreODs+ODiOOAkOmBi+i7ouW4rS/liqnmiYvluK3jgJHjgojjgorlvozjgo3lhajjgabjga5TRVTjgafjgZk8QlI+55S75YOP44Gv44Kk44Oh44O844K444Gn44GZ44Gu44Gn44CA6LuK56iu44Gr44KI44KK55Ww44Gq44KK44G+44GZ44CCPEJSPuOBlOizvOWFpeaZguOAgTPoibLjga7kuK3jgYvjgonjgYrpgbjjgbPjgY/jgaDjgZXjgYTjgII8QlI+44O744KC44Gj44Go44KC5r+D44GE44K544Oi44O844KvPeOCueODvOODkeODvOODluODqeODg+OCr++8le+8hTxCUj7jg7vmv4PjgYTjgrnjg6Ljg7zjgq8944OA44O844Kv44K544Oi44O844Kv77yR77yV77yFPEJSPuODu+e0lOato+WQjOanmOOBruOCueODouODvOOCrz3jg5fjg6njgqTjg5Djgrfjg7zjgrnjg6Ljg7zjgq/vvJLvvJbvvIU8QlI+44GU5rOo5paH5b6M44Gu6Imy44Gu5aSJ5pu044Gv5Ye65p2l44GL44Gt44G+44GZ44CCPEJSPjxCUj48QlI+44O7IOeUu+WDj+OBr+OCpOODoeODvOOCuOOBp+OBmeOAgjxCUj7jg7sg44OV44Kj44Or44Og44Gv44Kt44K644Gu44Gk44GN44Gr44GP44GEPEJSPuODj+ODvOODieOCs+ODvOODiOODleOCo+ODq+ODoOOCkuS9v+eUqOOBl+OBpuOBiuOCiuOBvuOBmeOAgjxCUj48QlI+PEZPTlQgU0laRT01PuKYheKYheKYheazqOaEj+S6i+mghS/lhY3osqzkuovpoIXimIXimIXimIU8L0ZPTlQ+PEJSPuODu+alreWLmeeUqOOBrueCuuWklueuseODu+iqrOaYjuabuOetieS7mOWxnuiHtOOBl+OBvuOBm+OCk+OAgjxCUj7jg7vpoJjlj47mm7jjga7nmbrooYzjga/jgafjgY3jgb7jgZvjgpPjga7jgafjgZTkuobmib/kuIvjgZXjgYTjgII8QlI+44O75L2/55So5rOV562J44Gr6Zai44GZ44KL44K144Od44O844OI44Gv5LiA5YiH5Ye65p2l44G+44Gb44KT44CCPEJSPumBqeWQiOOBi+WQpuOBi+OBq+OBpOOBjeOBvuOBl+OBpuOBr+WVhuWTgeiqrOaYjuOBq+iomOi8ieOBl+OBpuOBiuOCiuOBvuOBmTxCUj7pganlkIjou4rnqK7jg7vlnovlvI/jg7vlubTlvI/jgavjgabjgYrlrqLmp5jjgZToh6rouqvjgafjgZTliKTmlq3jgYrpoZjjgYToh7TjgZfjgb7jgZnjgII8QlI+PEJSPjxCUj48Rk9OVCBTSVpFPTU+44CQ44GU6LO85YWl5YmN44Gr5b+F44Ga44Kv44Oq44OD44Kv44CRPC9GT05UPjxCUj7jgZTos7zlhaXpoILjgYTjgZ/mmYLngrnjgafjgIHkuIroqJjjgpLjgq/jg6rjg4Pjgq/jgZc8QlI+44GU56K66KqN44O744GU5LqG5om/6aCC44GE44Gf5LiK44Gn44Gu44GU6LO85YWl44Go5Yik5pat44GXPEJSPuOBiuWPluW8leOBleOBm+OBpumgguOBjeOBvuOBmeOAgjxCUj7jgZTos7zlhaXlvozjga7jgq3jg6Pjg7Pjgrvjg6vjga/jgYrmlq3jgorjgZfjgabjgYrjgorjgb7jgZnjgII8QlI+PEJSPjxCUj48Rk9OVCBTSVpFPTU+44CQ5pat54ax44OV44Kj44Or44Og44G444Gu5aSJ5pu044Kq44OX44K344On44Oz44CRPC9GT05UPjxCUj7mlq3nhrHjgr/jgqTjg5fjga7jg5XjgqPjg6vjg6DjgpLjgZTluIzmnJvjga7loLTlkIjjgIHkuIroqJjjg6rjg7Pjgq/jgpLjgq/jg6rjg4Pjgq/jgZc8QlI+44GU5biM5pyb44Gu6LuK56iu5Yil44Kr44OD44OI5riI44G/44Kr44O844OV44Kj44Or44Og44Go5LiA57eS44Gr44CB44GU6LO85YWl5omL57aa44GN44GK6aGY44GE44GX44G+44GZ44CCPEJSPjxCUj48QlI+PEZPTlQgU0laRT01PuOAkOODn+ODqeODvOODleOCo+ODq+ODoOOBp+OBruOCq+ODg+ODiCDjgqrjg5fjgrfjg6fjg7PjgJE8L0ZPTlQ+PEJSPuODn+ODqeODvOODleOCo+ODq+ODoOOBp+OBruijveS9nOOCkuOBlOW4jOacm+OBruWgtOWQiOOAgeS4iuiomOODquODs+OCr+OCkuOCr+ODquODg+OCr+OBlzxCUj7jgZTluIzmnJvjga7ou4rnqK7liKXjgqvjg4Pjg4jmuIjjgb/jgqvjg7zjg5XjgqPjg6vjg6DjgajkuIDnt5LjgavjgIHjgZTos7zlhaXmiYvntprjgY3jgYrpoZjjgYTjgZfjgb7jgZnjgIIKPC9GT05UPjwvVEQ+PC9UUj48L1RBQkxFPjwvVEQ+PC9UUj48L1RBQkxFPjxCUj48QlI+PEJSPjxUQUJMRSBXSURUSD02MDAgQ0VMTFNQQUNJTkc9MSBCT1JERVI9MCBDRUxMUEFERElORz0xIEJHQ09MT1I9I0NDQ0NDQz48VFI+PFREIEJHQ09MT1I9I0ZGN0Y1MD48VEFCTEUgV0lEVEg9MTAwJSBDRUxMU1BBQ0lORz0yIEJPUkRFUj0wIENFTExQQURESU5HPTU+PFRSPjxURCBBTElHTj1sZWZ0IEJHQ09MT1I9I0ZGN0Y1MD48Rk9OVCBDT0xPUj0jMzMzMzMzIFNJWkU9Mz48Qj7imIXimIXnmbrpgIHmlrnms5Uv6YCB5paZ4piF4piFPC9CPjwvRk9OVD48L1REPjwvVFI+PC9UQUJMRT48VEFCTEUgV0lEVEg9MTAwJSBDRUxMU1BBQ0lORz0yIEJPUkRFUj0wIENFTExQQURESU5HPTA+PFRSPjxURCBIRUlHSFQ9MiBCR0NPTE9SPSNDQ0JCQUE+PC9URD48L1RSPjwvVEFCTEU+PFRBQkxFIFdJRFRIPTEwMCUgQ0VMTFNQQUNJTkc9MiBCT1JERVI9MCBDRUxMUEFERElORz01PjxUUj48VEQgQUxJR049bGVmdCBCR0NPTE9SPSNGRkY4RUU+PEZPTlQgQ09MT1I9IzMzMzMzMyBTSVpFPTM+PEJSPuWVhuWTgeWQjeOBq+OAkOmAgeaWmeeEoeaWmeOAkeOBruiomOi8ieOBjOOBguOCi+WgtOWQiOOBr+OAgemAgeaWmeeEoeaWmeOBp+OBmeOAgjxCUj48QlI+PEZPTlQgU0laRT01PuOAkOWFqOWbvemAgeaWmeihqOOAkTwvRk9OVD7jgpLjgZTnorroqo3kuIvjgZXjgYTjgb7jgZvjgII8QlI+PEJSPuikh+aVsOOBruWVhuWTgeOCkuWQjOaiseWPr+iDveOBp+OBmeOAgjxCUj7igLvlkIzmorHjgpLjgZTluIzmnJvjga7loLTlkIjjgIHlv4XjgZrlkIzjgZjjgYrosrfjgYTnianjgqvjgrTvvIjjgqvjg7zjg4jvvInjgafjgZTms6jmlofkuIvjgZXjgYTjgII8QlI+5rOo5oSP77ya44Kr44O844OV44Kj44Or44Og44Gu6KSH5pWw5ZCM5qKx44Gu5aC05ZCI5LiA44Gk44Gu562S44Gr44G+44Go44KB44Gm5qKx5YyF6Ie044GX44G+44GZ44CCPEJSPuS6iOOCgeOBlOS6huaJv+S4i+OBleOBhOOBvuOBm+OAgjxCUj48QlI+4oC75Yil44CF44Gu44GK6LK344GE54mp44Kr44K044Gn5rOo5paH44GV44KM44Gf5aC05ZCI44Gv5Yil44CF44Gu562S44Gr5qKx5YyF44GX55m66YCB6Ie044GX44G+44GZ44CCPEJSPuOBneOBrueCuuOAgemAgeaWmeODu+S7o+W8leOBjeaJi+aVsOaWmeOBr+eZuumAgeWAi+aVsOWIhuiri+axguOBleOBm+OBpumgguOBjeOBvuOBmeOAgjxCUj48QlI+4oC75Yil44CF44Gu44GK6LK344GE54mp44Kr44K044Gn5rOo5paH44GX44CB6YCB5paZ77yR5YCL5Y+j5YiG44Gn44Gu44GK5pSv5omV44GEPEJSPuOBleOCjOOBn+WgtOWQiOOBr+WQjOaiseW4jOacm+OBqOWIpOaWreOBl+eZuumAgeiHtOOBl+OBvuOBmeOAgjxCUj48QlI+4piF55m66YCB44Gr6Zai44GZ44KL5rOo5oSP5LqL6aCF4piFPEJSPi0tLS0tLS0tLS0tLS0tLS0tLS0tLS0tLS0tLS0tLS0tLS0tLS0tLS0gPEJSPuW9k+aWueaMh+WumuWuheaApeS+v+OBp+OBmeOBruOBp+mFjemAgealreiAheOBr+mBuOaKnuOBp+OBjeOBvuOBm+OCk+OAgiA8QlI+5pmC6ZaT5oyH5a6a44Gv5a++5b+c44GE44Gf44GX44Gm44GK44KK44G+44Gb44KT44CCPEJSPueZuumAgemAo+e1oeOBq+iomOi8ieOBruWVj+OBhOWQiOOCj+OBm+eVquWPt+OBp+OBlOiHqui6q+OBp+OBlOeiuuiqjemgguOBkeOBvuOBmeOAgjxCUj7pm6Lls7bjga/nmbrpgIHjgYzkuIDml6XpgYXjgozjgb7jgZnjgIIgPEJSPi0tLS0tLS0tLS0tLS0tLS0tLS0tLS0tLS0tLS0tLS0tLS0tLS0tLS08QlI+4piF5ZWG5ZOB5Luj5byV4piF44CA44CAPEJSPuWuheaApeS+v+mAgeaWmSvliKXpgJTmiYvmlbDmlpnvvJPvvJfvvJDlhoYgPEJSPi0tLS0tLS0tLS0tLS0tLS0tLS0tLS0tLS0tLS0tLS0tLS0tLS0tLS0gPEJSPjEy5pmC5Y2K44G+44Gn44Gr44GU5YWl6YeR44GM56K66KqN5Ye65p2l44Gf44GU5rOo5paH44CBPEJSPuOBvuOBn+OBr+WVhuWTgeS7o+W8leOBruOBlOazqOaWh+OBr+WNs+aXpeeZuumAgeOBleOBm+OBpumgguOBjeOBvuOBmeOAgjxCUj7lrprkvJHml6XjgIDkvJrnpL7mpoLopoHoqJjovIkv6Ieo5pmC5LyR5qWt44Gu44GU5qGI5YaF44Gv5b2T5bqX44Oa44O844K45YaF44Gr5o6y6LyJ44GX44G+44GZ44CCPC9GT05UPjwvVEQ+PC9UUj48L1RBQkxFPjwvVEQ+PC9UUj48L1RBQkxFPjxCUj48VEFCTEUgV0lEVEg9NjAwIENFTExTUEFDSU5HPTEgQk9SREVSPTAgQ0VMTFBBRERJTkc9MSBCR0NPTE9SPSNDQ0NDQ0M+PFRSPjxURCBCR0NPTE9SPSNGRjdGNTA+PFRBQkxFIFdJRFRIPTEwMCUgQ0VMTFNQQUNJTkc9MiBCT1JERVI9MCBDRUxMUEFERElORz01PjxUUj48VEQgQUxJR049bGVmdCBCR0NPTE9SPSNGRjdGNTA+PEZPTlQgQ09MT1I9IzMzMzMzMyBTSVpFPTM+PEI+4piF4piF5pSv5omV5pa55rOV4piFPC9CPjwvRk9OVD48L1REPjwvVFI+PC9UQUJMRT48VEFCTEUgV0lEVEg9MTAwJSBDRUxMU1BBQ0lORz0yIEJPUkRFUj0wIENFTExQQURESU5HPTA+PFRSPjxURCBIRUlHSFQ9MiBCR0NPTE9SPSNDQ0JCQUE+PC9URD48L1RSPjwvVEFCTEU+PFRBQkxFIFdJRFRIPTEwMCUgQ0VMTFNQQUNJTkc9MiBCT1JERVI9MCBDRUxMUEFERElORz01PjxUUj48VEQgQUxJR049bGVmdCBCR0NPTE9SPSNGRkY4RUU+PEZPTlQgQ09MT1I9IzMzMzMzMyBTSVpFPTM+4peP5qW95aSp6YqA6KGM44CA5oyv6L68PEJSPuKXj+WVhuWTgeS7o+W8lTxCUj7il4/jgq/jg6zjgrjjg4Pjg4jjgqvjg7zjg4nmsbrmuIg8QlI+4peP44Kz44Oz44OT44OL5rG65riI77yI5YmN5omV44GE77yJPEJSPuKXj+alveWkqUVkeeaxuua4iDxCUj7il49hdeOBi+OCk+OBn+OCk+axuua4iDxCUj48L0ZPTlQ+PC9URD48L1RSPjwvVEFCTEU+PC9URD48L1RSPjwvVEFCTEU+PEJSPjxpbWcgc3JjPWh0dHA6Ly9pbWFnZS5yYWt1dGVuLmNvLmpwL2F1Yy1hdXRvbWF4L2NhYmluZXQvMDM0MDY2MzgvaW1ncmMwMDY4MTc2OTI0LmdpZiB3aWR0aD02MDA+PEJSPjxCUj48SU1HIFNSQz1odHRwOi8vaW1hZ2UucmFrdXRlbi5jby5qcC9hdWMtYXV0b21heC9jYWJpbmV0LzAzNTYxOTI1L2ltZzYzMTkzNzgzLmdpZiBXSURUSD02MDA+PC9DRU5URVI+PEJSPjxCUj48Q0VOVEVSPjxJTUcgV0lEVEg9NTIwIFNSQz1odHRwOi8vaW1hZ2UucmFrdXRlbi5jby5qcC9hdWMtYXV0b21heC9jYWJpbmV0LzAyNTY1NzE3L2ltZzY0NzUzMTExLmdpZj48QlI+PElNRyBXSURUSD01MjAgU1JDPWh0dHA6Ly9pbWFnZS5yYWt1dGVuLmNvLmpwL2F1Yy1hdXRvbWF4L2NhYmluZXQvMDI1NjU3MTcvaW1nNjQ3NTc5ODcuZ2lmPjxCUj48L0NFTlRFUj48L0NFTlRFUj48L1RBQkxFPjwvQ0VOVEVSPjxjZW50ZXI+Cjxicj4KPGltZyBTUkM9aHR0cDovL2ltYWdlLnJha3V0ZW4uY28uanAvYXVjLWF1dG9tYXgvY2FiaW5ldC9pbWdyYzAwNjczODIyNzYuZ2lmIHdpZHRoPTY3MCBoZWlnaHQ9NDAwPjxCUj4KPGJyPgo8aW1nIFNSQz1odHRwOi8vaW1hZ2UucmFrdXRlbi5jby5qcC9hdWMtYXV0b21heC9jYWJpbmV0L2ltZzYwMzMzMDA0LmdpZiB3aWR0aD02NzAgaGVpZ2h0PTEyMD48QlI+Cjxicj4KCjxicj48L2NlbnRlcj4=,44GC44GZ5qW9IOWvvuW/nCDjg5Xjg63jg7Pjg4ggKHMpIOOCueODl+ODquODs+OCv+ODvOODiOODrOODjiDjgq/jg7zjg5ogRTgg44Kr44OD44OI5riI44G/IOOCq+ODvOODleOCo+ODq+ODoCDou4rnqK7liKUg44K544Oi44O844KvIOOCu+ODg+ODiCDou4rnqK7lsILnlKgg44Km44Kk44Oz44OJ44KmIOeqk+OCrOODqeOCuSDmiJDlvaIg44OV44Kk44Or44OgVVbjgqvjg4Pjg4gg44OP44O844OJ44Kz44O844OIIERJWSDmlr3lt6Ug5pa55rOVIOiyvOOCiuaWuSAz56iu6aGe44Gu6YCP6YGO546H6YCa6LKpIOWkp+mYqiDjgJDllYblk4HkuIDopqfjgJHvvJpBVVRPTUFYIGl6dW1p,44Kr44OD44OG44Kj44Oz44Kw44K344O844OI44Oi44OL44K/44O844K544K/44Oz44OJ44Ki44Or44Kr44Oz44K/44O844Op6Kq/44K544Ko44O844OJ55Sf5Zyw44K344O844OI5rGO55So44OR44O844OE6Ieq5YuV6LuK44Ki44Kv44K744K144Oq44O844Oh44OD44Kt44Oi44O844Or6YCB5paZ54Sh5paZ44K544OG44OD44Kr44O844Kr44O855So5ZOB44OQ44Kk44Kv55So5ZOB44OJ44Os44K544Ki44OD44OX44Op44Kw44K444Ol44Ki44Oq44O85YaF6KOF5aSW6KOF44Kr44OD44OI5riI44G/44Kr44O844OV44Kj44Or44Og5aSn6Ziq6YCa6LKp5r+A5a6J5qC85a6J5pa95bel44GC44GZ5qW9IOWvvuW/nCDjg5Xjg63jg7Pjg4ggKHMpIOOCueODl+ODquODs+OCv+ODvOODiOODrOODjiDjgq/jg7zjg5ogRTgg44Kr44OD44OI5riI44G/IOOCq+ODvOODleOCo+ODq+ODoCDou4rnqK7liKUg44K544Oi44O844KvIOOCu+ODg+ODiCDou4rnqK7lsILnlKgg44Km44Kk44Oz44OJ44KmIOeqk+OCrOODqeOCuSDmiJDlvaIg44OV44Kk44Or44OgVVbjgqvjg4Pjg4gg44OP44O844OJ44Kz44O844OIIERJWSDmlr3lt6Ug5pa55rOVIOiyvOOCiuaWuSAz56iu6aGe44Gu6YCP6YGO546H6YCa6LKpIOWkp+mYqiDjgJDllYblk4HkuIDopqfjgJE=,44GT44Gu5ZWG5ZOB44Gv6YCB5paZIOWFqOWbveS4gOW+izYwMOWGhiDjgafjgZko5YyX5rW36YGTL+aylue4hOmZpOOBjynlkIzmorHlj6/og73jgILjgILjgYLjgZnmpb0g5a++5b+cIOODleODreODs+ODiCAocykg44K544OX44Oq44Oz44K/44O844OI44Os44OOIOOCr+ODvOODmiBFOCDjgqvjg4Pjg4jmuIjjgb8g44Kr44O844OV44Kj44Or44OgIOi7iueoruWIpSDjgrnjg6Ljg7zjgq8g44K744OD44OIIOi7iueoruWwgueUqCDjgqbjgqTjg7Pjg4njgqYg56qT44Ks44Op44K5IOaIkOW9oiDjg5XjgqTjg6vjg6BVVuOCq+ODg+ODiCDjg4/jg7zjg4njgrPjg7zjg4ggRElZIOaWveW3pSDmlrnms5Ug6LK844KK5pa5IDPnqK7poZ7jga7pgI/pgY7njofpgJrosqkg5aSn6ZiqIOOAkOWVhuWTgeS4gOimp+OAkQ==[rn]
12-37295,aHR0cDovL3RzaG9wLnIxMHMuanAvYXVjLWF1dG9tYXgvY2FiaW5ldC8wMjU2NTcxNy9pbWc2NDIyMTM3MS5qcGc/Zml0aW49NzAwOjcwMA==,OTYwLjAwMDA=,,6LuK55So5ZOB44O744OQ44Kk44Kv55So5ZOBID4g44Kr44O855So5ZOBID4g5YaF6KOF44OR44O844OEID4g44OV44Kj44Or44Og77yI44K544Oi44O844Kv77yJID4g44OI44Oo44K/55So,44GC44GZ5qW9IOWvvuW/nCDjg5Xjg63jg7Pjg4gg44K544OX44Oq44Oz44K/44O8IDREIOOCu+ODgOODsyBFMTEg44Kr44OD44OI5riI44G/IOOCq+ODvOODleOCo+ODq+ODoCDou4rnqK7liKUg44K544Oi44O844KvIOOCu+ODg+ODiCDou4rnqK7lsILnlKgg44Km44Kk44Oz44OJ44KmIOeqk+OCrOODqeOCuSDmiJDlvaIg44OV44Kk44Or44OgVVbjgqvjg4Pjg4gg44OP44O844OJ44Kz44O844OIIERJWSDmlr3lt6Ug5pa55rOVIOiyvOOCiuaWuSAz56iu6aGe44Gu6YCP6YGO546H6YCa6LKpIOWkp+mYqiDjgJDllYblk4HkuIDopqfjgJE=,,PENFTlRFUj48aW1nIHNyYz1odHRwOi8vaW1hZ2UucmFrdXRlbi5jby5qcC9hdWMtYXV0b21heC9jYWJpbmV0LzAzNDA2NjM4L2ltZ3JjMDA2ODE3NjkyMS5naWYgd2lkdGg9NjAwPjwvY2VudGVyPjxCUj48Q0VOVEVSPjxCUj48Rk9OVCBTSVpFPTUgQ09MT1I9I2ZmMDAwMD7lvZPlupfjga7jgqvjg4Pjg4jmuIjjgb/jgqvjg7zjg5XjgqPjg6vjg6Djga88L0ZPTlQ+PEJSPjxGT05UIFNJWkU9NSBDT0xPUj0jZmYwMDAwPjxCPk1BREXjgIBJTuOAgEpBUEFO44CAPC9CPjwvRk9OVD48QlI+PEZPTlQgU0laRT01IENPTE9SPSNmZjAwMDA+77yI57Sr5aSW57eaVVbjgIA5Oe+8heOCq+ODg+ODiO+8ieOBp+OBmeOAgjwvRk9OVD48QlI+PFRSPiA8VEQgSEVJR0hUPTY+PC9URD4gPFREIEhFSUdIVD02PjwvVEQ+IDxURCBIRUlHSFQ9Nj48L1REPiA8L1RSPjxCUj48Q0VOVEVSPjxGT05UIENPTE9SPSNDQ0JCQUEgU0laRT00PjxCPjwvQj48L0ZPTlQ+PEJSPjxCUj48VEFCTEUgV0lEVEg9NjAwIENFTExTUEFDSU5HPTEgQk9SREVSPTAgQ0VMTFBBRERJTkc9MSBCR0NPTE9SPSNDQ0NDQ0M+PFRSPjxURCBCR0NPTE9SPSNGRjdGNTA+PFRBQkxFIFdJRFRIPTEwMCUgQ0VMTFNQQUNJTkc9MiBCT1JERVI9MCBDRUxMUEFERElORz01PjxUUj48VEQgQUxJR049bGVmdCBCR0NPTE9SPSNGRjdGNTA+PEZPTlQgQ09MT1I9IzMzMzMzMyBTSVpFPTM+PEI+4piF4piF5ZWG5ZOB6Kqs5piO4piF4piFPC9CPjwvRk9OVD48L1REPjwvVFI+PC9UQUJMRT48VEFCTEUgV0lEVEg9MTAwJSBDRUxMU1BBQ0lORz0yIEJPUkRFUj0wIENFTExQQURESU5HPTA+PFRSPjxURCBIRUlHSFQ9MiBCR0NPTE9SPSNDQ0JCQUE+PC9URD48L1RSPjwvVEFCTEU+PFRBQkxFIFdJRFRIPTEwMCUgQ0VMTFNQQUNJTkc9MiBCT1JERVI9MCBDRUxMUEFERElORz01PjxUUj48VEQgQUxJR049bGVmdCBCR0NPTE9SPSNGRkY4RUU+PEZPTlQgQ09MT1I9IzMzMzMzMyBTSVpFPTM+PEJSPuS+oeagvOOCkui2iuOBiOOBn+WTgeizquOCkuaPkOS+m+OBhOOBn+OBl+OBpuOBiuOCiuOBvuOBmeOBruOBp+OBlOWuieW/g+OBj+OBoOOBleOBhOOAgjxCUj7lvZPmlrnjga7jg5XjgqPjg6vjg6Djga9JU08gOTAwMeWPluW+l+W3peWgtOOBq+OBpuijvemAoOOBleOCjOOAgTxCUj7kuJbnlYznmoTjgavmlaznp7DjgZXjgozjgovjgIBVS0FT44CM6Iux5Zu96KqN6Ki85qmf6Zai6KqN5a6a5a+p6K2w5Lya44CNPEJSPuOBruiqjeiovOOCguWPluW+l+OBl+OBpuOBiuOCiuOBvuOBmeOAguOAgOOAgFJlZy5OTyAwNTkuQTxCUj48QlI+4piF4piF4piF4piF4piF6YGp5ZCI6LuK56iu4piF4piF4piF4piF4piFPEJSPgog44Oh44O844Kr44O877ya44OI44Oo44K/IDxCUj7ou4rlkI3vvJrjgrnjg5fjg6rjg7Pjgr/jg7zjgIDvvJTjg4njgqLjgrvjg4Djg7MgPEJSPui7iui8jOWei+W8j++8mkVFMTExL0NFMTEw44O7MTEz44O7MTE044O7MTE2L0FFMTEw44O7MTEx44O7MTE0IDxCUj7lubTlvI/vvJrlubPmiJA3LjXvvZ4xMi44IAo8QlI+PEJSPuKYheKYheKYheKYheKYheOCu+ODg+ODiOWGheWuueKYheKYheKYheKYheKYhTxCUj48QlI+44K/44Kk44OI44Or44Gu44KC44Gu44Go44Gq44KK44G+44GZ44CCPEJSPuODleODreODs+ODiOOBruWgtOWQiD3pgYvou6LluK0v5Yqp5omL5bit44CQ5LiJ6KeS56qT44GM44GC44KL44KC44Gu44Gv5ZCr44G+44KM44G+44GZ44CRPEJSPuODquOColNFVOOBruWgtOWQiD3jg5Xjg63jg7Pjg4jjgJDpgYvou6LluK0v5Yqp5omL5bit44CR44KI44KK5b6M44KN5YWo44Gm44GuU0VU44Gn44GZPEJSPueUu+WDj+OBr+OCpOODoeODvOOCuOOBp+OBmeOBruOBp+OAgOi7iueoruOBq+OCiOOCiueVsOOBquOCiuOBvuOBmeOAgjxCUj7jgZTos7zlhaXmmYLjgIEz6Imy44Gu5Lit44GL44KJ44GK6YG444Gz44GP44Gg44GV44GE44CCPEJSPuODu+OCguOBo+OBqOOCgua/g+OBhOOCueODouODvOOCrz3jgrnjg7zjg5Hjg7zjg5bjg6njg4Pjgq/vvJXvvIU8QlI+44O75r+D44GE44K544Oi44O844KvPeODgOODvOOCr+OCueODouODvOOCr++8ke+8le+8hTxCUj7jg7vntJTmraPlkIzmp5jjga7jgrnjg6Ljg7zjgq8944OX44Op44Kk44OQ44K344O844K544Oi44O844Kv77yS77yW77yFPEJSPuOBlOazqOaWh+W+jOOBruiJsuOBruWkieabtOOBr+WHuuadpeOBi+OBreOBvuOBmeOAgjxCUj48QlI+PEJSPuODuyDnlLvlg4/jga/jgqTjg6Hjg7zjgrjjgafjgZnjgII8QlI+44O7IOODleOCo+ODq+ODoOOBr+OCreOCuuOBruOBpOOBjeOBq+OBj+OBhDxCUj7jg4/jg7zjg4njgrPjg7zjg4jjg5XjgqPjg6vjg6DjgpLkvb/nlKjjgZfjgabjgYrjgorjgb7jgZnjgII8QlI+PEJSPjxGT05UIFNJWkU9NT7imIXimIXimIXms6jmhI/kuovpoIUv5YWN6LKs5LqL6aCF4piF4piF4piFPC9GT05UPjxCUj7jg7vmpa3li5nnlKjjga7ngrrlpJbnrrHjg7voqqzmmI7mm7jnrYnku5jlsZ7oh7TjgZfjgb7jgZvjgpPjgII8QlI+44O76aCY5Y+O5pu444Gu55m66KGM44Gv44Gn44GN44G+44Gb44KT44Gu44Gn44GU5LqG5om/5LiL44GV44GE44CCPEJSPuODu+S9v+eUqOazleetieOBq+mWouOBmeOCi+OCteODneODvOODiOOBr+S4gOWIh+WHuuadpeOBvuOBm+OCk+OAgjxCUj7pganlkIjjgYvlkKbjgYvjgavjgaTjgY3jgb7jgZfjgabjga/llYblk4HoqqzmmI7jgavoqJjovInjgZfjgabjgYrjgorjgb7jgZk8QlI+6YGp5ZCI6LuK56iu44O75Z6L5byP44O75bm05byP44Gr44Gm44GK5a6i5qeY44GU6Ieq6Lqr44Gn44GU5Yik5pat44GK6aGY44GE6Ie044GX44G+44GZ44CCPEJSPjxCUj48QlI+PEZPTlQgU0laRT01PuOAkOOBlOizvOWFpeWJjeOBq+W/heOBmuOCr+ODquODg+OCr+OAkTwvRk9OVD48QlI+44GU6LO85YWl6aCC44GE44Gf5pmC54K544Gn44CB5LiK6KiY44KS44Kv44Oq44OD44Kv44GXPEJSPuOBlOeiuuiqjeODu+OBlOS6huaJv+mgguOBhOOBn+S4iuOBp+OBruOBlOizvOWFpeOBqOWIpOaWreOBlzxCUj7jgYrlj5blvJXjgZXjgZvjgabpoILjgY3jgb7jgZnjgII8QlI+44GU6LO85YWl5b6M44Gu44Kt44Oj44Oz44K744Or44Gv44GK5pat44KK44GX44Gm44GK44KK44G+44GZ44CCPEJSPjxCUj48QlI+PEZPTlQgU0laRT01PuOAkOaWreeGseODleOCo+ODq+ODoOOBuOOBruWkieabtOOCquODl+OCt+ODp+ODs+OAkTwvRk9OVD48QlI+5pat54ax44K/44Kk44OX44Gu44OV44Kj44Or44Og44KS44GU5biM5pyb44Gu5aC05ZCI44CB5LiK6KiY44Oq44Oz44Kv44KS44Kv44Oq44OD44Kv44GXPEJSPuOBlOW4jOacm+OBrui7iueoruWIpeOCq+ODg+ODiOa4iOOBv+OCq+ODvOODleOCo+ODq+ODoOOBqOS4gOe3kuOBq+OAgeOBlOizvOWFpeaJi+e2muOBjeOBiumhmOOBhOOBl+OBvuOBmeOAgjxCUj48QlI+PEJSPjxGT05UIFNJWkU9NT7jgJDjg5/jg6njg7zjg5XjgqPjg6vjg6Djgafjga7jgqvjg4Pjg4gg44Kq44OX44K344On44Oz44CRPC9GT05UPjxCUj7jg5/jg6njg7zjg5XjgqPjg6vjg6Djgafjga7oo73kvZzjgpLjgZTluIzmnJvjga7loLTlkIjjgIHkuIroqJjjg6rjg7Pjgq/jgpLjgq/jg6rjg4Pjgq/jgZc8QlI+44GU5biM5pyb44Gu6LuK56iu5Yil44Kr44OD44OI5riI44G/44Kr44O844OV44Kj44Or44Og44Go5LiA57eS44Gr44CB44GU6LO85YWl5omL57aa44GN44GK6aGY44GE44GX44G+44GZ44CCCjwvRk9OVD48L1REPjwvVFI+PC9UQUJMRT48L1REPjwvVFI+PC9UQUJMRT48QlI+PEJSPjxCUj48VEFCTEUgV0lEVEg9NjAwIENFTExTUEFDSU5HPTEgQk9SREVSPTAgQ0VMTFBBRERJTkc9MSBCR0NPTE9SPSNDQ0NDQ0M+PFRSPjxURCBCR0NPTE9SPSNGRjdGNTA+PFRBQkxFIFdJRFRIPTEwMCUgQ0VMTFNQQUNJTkc9MiBCT1JERVI9MCBDRUxMUEFERElORz01PjxUUj48VEQgQUxJR049bGVmdCBCR0NPTE9SPSNGRjdGNTA+PEZPTlQgQ09MT1I9IzMzMzMzMyBTSVpFPTM+PEI+4piF4piF55m66YCB5pa55rOVL+mAgeaWmeKYheKYhTwvQj48L0ZPTlQ+PC9URD48L1RSPjwvVEFCTEU+PFRBQkxFIFdJRFRIPTEwMCUgQ0VMTFNQQUNJTkc9MiBCT1JERVI9MCBDRUxMUEFERElORz0wPjxUUj48VEQgSEVJR0hUPTIgQkdDT0xPUj0jQ0NCQkFBPjwvVEQ+PC9UUj48L1RBQkxFPjxUQUJMRSBXSURUSD0xMDAlIENFTExTUEFDSU5HPTIgQk9SREVSPTAgQ0VMTFBBRERJTkc9NT48VFI+PFREIEFMSUdOPWxlZnQgQkdDT0xPUj0jRkZGOEVFPjxGT05UIENPTE9SPSMzMzMzMzMgU0laRT0zPjxCUj7llYblk4HlkI3jgavjgJDpgIHmlpnnhKHmlpnjgJHjga7oqJjovInjgYzjgYLjgovloLTlkIjjga/jgIHpgIHmlpnnhKHmlpnjgafjgZnjgII8QlI+PEJSPjxGT05UIFNJWkU9NT7jgJDlhajlm73pgIHmlpnooajjgJE8L0ZPTlQ+44KS44GU56K66KqN5LiL44GV44GE44G+44Gb44CCPEJSPjxCUj7opIfmlbDjga7llYblk4HjgpLlkIzmorHlj6/og73jgafjgZnjgII8QlI+4oC75ZCM5qKx44KS44GU5biM5pyb44Gu5aC05ZCI44CB5b+F44Ga5ZCM44GY44GK6LK344GE54mp44Kr44K077yI44Kr44O844OI77yJ44Gn44GU5rOo5paH5LiL44GV44GE44CCPEJSPuazqOaEj++8muOCq+ODvOODleOCo+ODq+ODoOOBruikh+aVsOWQjOaiseOBruWgtOWQiOS4gOOBpOOBruetkuOBq+OBvuOBqOOCgeOBpuaiseWMheiHtOOBl+OBvuOBmeOAgjxCUj7kuojjgoHjgZTkuobmib/kuIvjgZXjgYTjgb7jgZvjgII8QlI+PEJSPuKAu+WIpeOAheOBruOBiuiyt+OBhOeJqeOCq+OCtOOBp+azqOaWh+OBleOCjOOBn+WgtOWQiOOBr+WIpeOAheOBruetkuOBq+aiseWMheOBl+eZuumAgeiHtOOBl+OBvuOBmeOAgjxCUj7jgZ3jga7ngrrjgIHpgIHmlpnjg7vku6PlvJXjgY3miYvmlbDmlpnjga/nmbrpgIHlgIvmlbDliIboq4vmsYLjgZXjgZvjgabpoILjgY3jgb7jgZnjgII8QlI+PEJSPuKAu+WIpeOAheOBruOBiuiyt+OBhOeJqeOCq+OCtOOBp+azqOaWh+OBl+OAgemAgeaWme+8keWAi+WPo+WIhuOBp+OBruOBiuaUr+aJleOBhDxCUj7jgZXjgozjgZ/loLTlkIjjga/lkIzmorHluIzmnJvjgajliKTmlq3jgZfnmbrpgIHoh7TjgZfjgb7jgZnjgII8QlI+PEJSPuKYheeZuumAgeOBq+mWouOBmeOCi+azqOaEj+S6i+mgheKYhTxCUj4tLS0tLS0tLS0tLS0tLS0tLS0tLS0tLS0tLS0tLS0tLS0tLS0tLS0tIDxCUj7lvZPmlrnmjIflrprlroXmgKXkvr/jgafjgZnjga7jgafphY3pgIHmpa3ogIXjga/pgbjmip7jgafjgY3jgb7jgZvjgpPjgIIgPEJSPuaZgumWk+aMh+WumuOBr+WvvuW/nOOBhOOBn+OBl+OBpuOBiuOCiuOBvuOBm+OCk+OAgjxCUj7nmbrpgIHpgKPntaHjgavoqJjovInjga7llY/jgYTlkIjjgo/jgZvnlarlj7fjgafjgZToh6rouqvjgafjgZTnorroqo3poILjgZHjgb7jgZnjgII8QlI+6Zui5bO244Gv55m66YCB44GM5LiA5pel6YGF44KM44G+44GZ44CCIDxCUj4tLS0tLS0tLS0tLS0tLS0tLS0tLS0tLS0tLS0tLS0tLS0tLS0tLS0tPEJSPuKYheWVhuWTgeS7o+W8leKYheOAgOOAgDxCUj7lroXmgKXkvr/pgIHmlpkr5Yil6YCU5omL5pWw5paZ77yT77yX77yQ5YaGIDxCUj4tLS0tLS0tLS0tLS0tLS0tLS0tLS0tLS0tLS0tLS0tLS0tLS0tLS0tIDxCUj4xMuaZguWNiuOBvuOBp+OBq+OBlOWFpemHkeOBjOeiuuiqjeWHuuadpeOBn+OBlOazqOaWh+OAgTxCUj7jgb7jgZ/jga/llYblk4Hku6PlvJXjga7jgZTms6jmlofjga/ljbPml6XnmbrpgIHjgZXjgZvjgabpoILjgY3jgb7jgZnjgII8QlI+5a6a5LyR5pel44CA5Lya56S+5qaC6KaB6KiY6LyJL+iHqOaZguS8kealreOBruOBlOahiOWGheOBr+W9k+W6l+ODmuODvOOCuOWGheOBq+aOsui8ieOBl+OBvuOBmeOAgjwvRk9OVD48L1REPjwvVFI+PC9UQUJMRT48L1REPjwvVFI+PC9UQUJMRT48QlI+PFRBQkxFIFdJRFRIPTYwMCBDRUxMU1BBQ0lORz0xIEJPUkRFUj0wIENFTExQQURESU5HPTEgQkdDT0xPUj0jQ0NDQ0NDPjxUUj48VEQgQkdDT0xPUj0jRkY3RjUwPjxUQUJMRSBXSURUSD0xMDAlIENFTExTUEFDSU5HPTIgQk9SREVSPTAgQ0VMTFBBRERJTkc9NT48VFI+PFREIEFMSUdOPWxlZnQgQkdDT0xPUj0jRkY3RjUwPjxGT05UIENPTE9SPSMzMzMzMzMgU0laRT0zPjxCPuKYheKYheaUr+aJleaWueazleKYhTwvQj48L0ZPTlQ+PC9URD48L1RSPjwvVEFCTEU+PFRBQkxFIFdJRFRIPTEwMCUgQ0VMTFNQQUNJTkc9MiBCT1JERVI9MCBDRUxMUEFERElORz0wPjxUUj48VEQgSEVJR0hUPTIgQkdDT0xPUj0jQ0NCQkFBPjwvVEQ+PC9UUj48L1RBQkxFPjxUQUJMRSBXSURUSD0xMDAlIENFTExTUEFDSU5HPTIgQk9SREVSPTAgQ0VMTFBBRERJTkc9NT48VFI+PFREIEFMSUdOPWxlZnQgQkdDT0xPUj0jRkZGOEVFPjxGT05UIENPTE9SPSMzMzMzMzMgU0laRT0zPuKXj+alveWkqemKgOihjOOAgOaMr+i+vDxCUj7il4/llYblk4Hku6PlvJU8QlI+4peP44Kv44Os44K444OD44OI44Kr44O844OJ5rG65riIPEJSPuKXj+OCs+ODs+ODk+ODi+axuua4iO+8iOWJjeaJleOBhO+8iTxCUj7il4/mpb3lpKlFZHnmsbrmuIg8QlI+4pePYXXjgYvjgpPjgZ/jgpPmsbrmuIg8QlI+PC9GT05UPjwvVEQ+PC9UUj48L1RBQkxFPjwvVEQ+PC9UUj48L1RBQkxFPjxCUj48aW1nIHNyYz1odHRwOi8vaW1hZ2UucmFrdXRlbi5jby5qcC9hdWMtYXV0b21heC9jYWJpbmV0LzAzNDA2NjM4L2ltZ3JjMDA2ODE3NjkyNC5naWYgd2lkdGg9NjAwPjxCUj48QlI+PElNRyBTUkM9aHR0cDovL2ltYWdlLnJha3V0ZW4uY28uanAvYXVjLWF1dG9tYXgvY2FiaW5ldC8wMzU2MTkyNS9pbWc2MzE5Mzc4My5naWYgV0lEVEg9NjAwPjwvQ0VOVEVSPjxCUj48QlI+PENFTlRFUj48SU1HIFdJRFRIPTUyMCBTUkM9aHR0cDovL2ltYWdlLnJha3V0ZW4uY28uanAvYXVjLWF1dG9tYXgvY2FiaW5ldC8wMjU2NTcxNy9pbWc2NDc1MzExMS5naWY+PEJSPjxJTUcgV0lEVEg9NTIwIFNSQz1odHRwOi8vaW1hZ2UucmFrdXRlbi5jby5qcC9hdWMtYXV0b21heC9jYWJpbmV0LzAyNTY1NzE3L2ltZzY0NzU3OTg3LmdpZj48QlI+PC9DRU5URVI+PC9DRU5URVI+PC9UQUJMRT48L0NFTlRFUj48Y2VudGVyPgo8YnI+CjxpbWcgU1JDPWh0dHA6Ly9pbWFnZS5yYWt1dGVuLmNvLmpwL2F1Yy1hdXRvbWF4L2NhYmluZXQvaW1ncmMwMDY3MzgyMjc2LmdpZiB3aWR0aD02NzAgaGVpZ2h0PTQwMD48QlI+Cjxicj4KPGltZyBTUkM9aHR0cDovL2ltYWdlLnJha3V0ZW4uY28uanAvYXVjLWF1dG9tYXgvY2FiaW5ldC9pbWc2MDMzMzAwNC5naWYgd2lkdGg9NjcwIGhlaWdodD0xMjA+PEJSPgo8YnI+Cgo8YnI+PC9jZW50ZXI+,44GC44GZ5qW9IOWvvuW/nCDjg5Xjg63jg7Pjg4gg44K544OX44Oq44Oz44K/44O8IDREIOOCu+ODgOODsyBFMTEg44Kr44OD44OI5riI44G/IOOCq+ODvOODleOCo+ODq+ODoCDou4rnqK7liKUg44K544Oi44O844KvIOOCu+ODg+ODiCDou4rnqK7lsILnlKgg44Km44Kk44Oz44OJ44KmIOeqk+OCrOODqeOCuSDmiJDlvaIg44OV44Kk44Or44OgVVbjgqvjg4Pjg4gg44OP44O844OJ44Kz44O844OIIERJWSDmlr3lt6Ug5pa55rOVIOiyvOOCiuaWuSAz56iu6aGe44Gu6YCP6YGO546H6YCa6LKpIOWkp+mYqiDjgJDllYblk4HkuIDopqfjgJHvvJpBVVRPTUFYIGl6dW1p,44Kr44OD44OG44Kj44Oz44Kw44K344O844OI44Oi44OL44K/44O844K544K/44Oz44OJ44Ki44Or44Kr44Oz44K/44O844Op6Kq/44K544Ko44O844OJ55Sf5Zyw44K344O844OI5rGO55So44OR44O844OE6Ieq5YuV6LuK44Ki44Kv44K744K144Oq44O844Oh44OD44Kt44Oi44O844Or6YCB5paZ54Sh5paZ44K544OG44OD44Kr44O844Kr44O855So5ZOB44OQ44Kk44Kv55So5ZOB44OJ44Os44K544Ki44OD44OX44Op44Kw44K444Ol44Ki44Oq44O85YaF6KOF5aSW6KOF44Kr44OD44OI5riI44G/44Kr44O844OV44Kj44Or44Og5aSn6Ziq6YCa6LKp5r+A5a6J5qC85a6J5pa95bel44GC44GZ5qW9IOWvvuW/nCDjg5Xjg63jg7Pjg4gg44K544OX44Oq44Oz44K/44O8IDREIOOCu+ODgOODsyBFMTEg44Kr44OD44OI5riI44G/IOOCq+ODvOODleOCo+ODq+ODoCDou4rnqK7liKUg44K544Oi44O844KvIOOCu+ODg+ODiCDou4rnqK7lsILnlKgg44Km44Kk44Oz44OJ44KmIOeqk+OCrOODqeOCuSDmiJDlvaIg44OV44Kk44Or44OgVVbjgqvjg4Pjg4gg44OP44O844OJ44Kz44O844OIIERJWSDmlr3lt6Ug5pa55rOVIOiyvOOCiuaWuSAz56iu6aGe44Gu6YCP6YGO546H6YCa6LKpIOWkp+mYqiDjgJDllYblk4HkuIDopqfjgJE=,44GT44Gu5ZWG5ZOB44Gv6YCB5paZIOWFqOWbveS4gOW+izYwMOWGhiDjgafjgZko5YyX5rW36YGTL+aylue4hOmZpOOBjynlkIzmorHlj6/og73jgILjgILjgYLjgZnmpb0g5a++5b+cIOODleODreODs+ODiCDjgrnjg5fjg6rjg7Pjgr/jg7wgNEQg44K744OA44OzIEUxMSDjgqvjg4Pjg4jmuIjjgb8g44Kr44O844OV44Kj44Or44OgIOi7iueoruWIpSDjgrnjg6Ljg7zjgq8g44K744OD44OIIOi7iueoruWwgueUqCDjgqbjgqTjg7Pjg4njgqYg56qT44Ks44Op44K5IOaIkOW9oiDjg5XjgqTjg6vjg6BVVuOCq+ODg+ODiCDjg4/jg7zjg4njgrPjg7zjg4ggRElZIOaWveW3pSDmlrnms5Ug6LK844KK5pa5IDPnqK7poZ7jga7pgI/pgY7njofpgJrosqkg5aSn6ZiqIOOAkOWVhuWTgeS4gOimp+OAkQ==[rn]
12-37296,aHR0cDovL3RzaG9wLnIxMHMuanAvYXVjLWF1dG9tYXgvY2FiaW5ldC8wMjU2NTcxNy9pbWc2NDIyMTM3Mi5qcGc/Zml0aW49NzAwOjcwMA==,MTUxNi4wMDAw,,6LuK55So5ZOB44O744OQ44Kk44Kv55So5ZOBID4g44Kr44O855So5ZOBID4g5YaF6KOF44OR44O844OEID4g44OV44Kj44Or44Og77yI44K544Oi44O844Kv77yJID4g44OI44Oo44K/55So,44GC44GZ5qW9IOWvvuW/nCDjg6rjgqIg44K544OX44Oq44Oz44K/44O844OI44Os44OOIOOCr+ODvOODmiBFMTEg44Kr44OD44OI5riI44G/IOOCq+ODvOODleOCo+ODq+ODoCDou4rnqK7liKUg44K544Oi44O844KvIOOCu+ODg+ODiCDou4rnqK7lsILnlKgg44Km44Kk44Oz44OJ44KmIOeqk+OCrOODqeOCuSDmiJDlvaIg44OV44Kk44Or44OgVVbjgqvjg4Pjg4gg44OP44O844OJ44Kz44O844OIIERJWSDmlr3lt6Ug5pa55rOVIOiyvOOCiuaWuSAz56iu6aGe44Gu6YCP6YGO546H6YCa6LKpIOWkp+mYqiDjgJDllYblk4HkuIDopqfjgJE=,,PENFTlRFUj48aW1nIHNyYz1odHRwOi8vaW1hZ2UucmFrdXRlbi5jby5qcC9hdWMtYXV0b21heC9jYWJpbmV0LzAzNDA2NjM4L2ltZ3JjMDA2ODE3NjkyMS5naWYgd2lkdGg9NjAwPjwvY2VudGVyPjxCUj48Q0VOVEVSPjxCUj48Rk9OVCBTSVpFPTUgQ09MT1I9I2ZmMDAwMD7lvZPlupfjga7jgqvjg4Pjg4jmuIjjgb/jgqvjg7zjg5XjgqPjg6vjg6Djga88L0ZPTlQ+PEJSPjxGT05UIFNJWkU9NSBDT0xPUj0jZmYwMDAwPjxCPk1BREXjgIBJTuOAgEpBUEFO44CAPC9CPjwvRk9OVD48QlI+PEZPTlQgU0laRT01IENPTE9SPSNmZjAwMDA+77yI57Sr5aSW57eaVVbjgIA5Oe+8heOCq+ODg+ODiO+8ieOBp+OBmeOAgjwvRk9OVD48QlI+PFRSPiA8VEQgSEVJR0hUPTY+PC9URD4gPFREIEhFSUdIVD02PjwvVEQ+IDxURCBIRUlHSFQ9Nj48L1REPiA8L1RSPjxCUj48Q0VOVEVSPjxGT05UIENPTE9SPSNDQ0JCQUEgU0laRT00PjxCPjwvQj48L0ZPTlQ+PEJSPjxCUj48VEFCTEUgV0lEVEg9NjAwIENFTExTUEFDSU5HPTEgQk9SREVSPTAgQ0VMTFBBRERJTkc9MSBCR0NPTE9SPSNDQ0NDQ0M+PFRSPjxURCBCR0NPTE9SPSNGRjdGNTA+PFRBQkxFIFdJRFRIPTEwMCUgQ0VMTFNQQUNJTkc9MiBCT1JERVI9MCBDRUxMUEFERElORz01PjxUUj48VEQgQUxJR049bGVmdCBCR0NPTE9SPSNGRjdGNTA+PEZPTlQgQ09MT1I9IzMzMzMzMyBTSVpFPTM+PEI+4piF4piF5ZWG5ZOB6Kqs5piO4piF4piFPC9CPjwvRk9OVD48L1REPjwvVFI+PC9UQUJMRT48VEFCTEUgV0lEVEg9MTAwJSBDRUxMU1BBQ0lORz0yIEJPUkRFUj0wIENFTExQQURESU5HPTA+PFRSPjxURCBIRUlHSFQ9MiBCR0NPTE9SPSNDQ0JCQUE+PC9URD48L1RSPjwvVEFCTEU+PFRBQkxFIFdJRFRIPTEwMCUgQ0VMTFNQQUNJTkc9MiBCT1JERVI9MCBDRUxMUEFERElORz01PjxUUj48VEQgQUxJR049bGVmdCBCR0NPTE9SPSNGRkY4RUU+PEZPTlQgQ09MT1I9IzMzMzMzMyBTSVpFPTM+PEJSPuS+oeagvOOCkui2iuOBiOOBn+WTgeizquOCkuaPkOS+m+OBhOOBn+OBl+OBpuOBiuOCiuOBvuOBmeOBruOBp+OBlOWuieW/g+OBj+OBoOOBleOBhOOAgjxCUj7lvZPmlrnjga7jg5XjgqPjg6vjg6Djga9JU08gOTAwMeWPluW+l+W3peWgtOOBq+OBpuijvemAoOOBleOCjOOAgTxCUj7kuJbnlYznmoTjgavmlaznp7DjgZXjgozjgovjgIBVS0FT44CM6Iux5Zu96KqN6Ki85qmf6Zai6KqN5a6a5a+p6K2w5Lya44CNPEJSPuOBruiqjeiovOOCguWPluW+l+OBl+OBpuOBiuOCiuOBvuOBmeOAguOAgOOAgFJlZy5OTyAwNTkuQTxCUj48QlI+4piF4piF4piF4piF4piF6YGp5ZCI6LuK56iu4piF4piF4piF4piF4piFPEJSPjxCUj4KIOODoeODvOOCq+ODvO+8muODiOODqOOCvyA8QlI+6LuK5ZCN77ya44K544OX44Oq44Oz44K/44O844OI44Os44OO44CA44Kv44O844OaIDxCUj7ou4rovIzlnovlvI/vvJpBRTExMOODuzExMSA8QlI+5bm05byP77ya5bmz5oiQNy41772eMTIuOCAKPEJSPjxCUj7imIXimIXimIXimIXimIXjgrvjg4Pjg4jlhoXlrrnimIXimIXimIXimIXimIU8QlI+PEJSPuOCv+OCpOODiOODq+OBruOCguOBruOBqOOBquOCiuOBvuOBmeOAgjxCUj7jg5Xjg63jg7Pjg4jjga7loLTlkIg96YGL6Lui5bitL+WKqeaJi+W4reOAkOS4ieinkueqk+OBjOOBguOCi+OCguOBruOBr+WQq+OBvuOCjOOBvuOBmeOAkTxCUj7jg6rjgqJTRVTjga7loLTlkIg944OV44Ot44Oz44OI44CQ6YGL6Lui5bitL+WKqeaJi+W4reOAkeOCiOOCiuW+jOOCjeWFqOOBpuOBrlNFVOOBp+OBmTxCUj7nlLvlg4/jga/jgqTjg6Hjg7zjgrjjgafjgZnjga7jgafjgIDou4rnqK7jgavjgojjgornlbDjgarjgorjgb7jgZnjgII8QlI+44GU6LO85YWl5pmC44CBM+iJsuOBruS4reOBi+OCieOBiumBuOOBs+OBj+OBoOOBleOBhOOAgjxCUj7jg7vjgoLjgaPjgajjgoLmv4PjgYTjgrnjg6Ljg7zjgq8944K544O844OR44O844OW44Op44OD44Kv77yV77yFPEJSPuODu+a/g+OBhOOCueODouODvOOCrz3jg4Djg7zjgq/jgrnjg6Ljg7zjgq/vvJHvvJXvvIU8QlI+44O757SU5q2j5ZCM5qeY44Gu44K544Oi44O844KvPeODl+ODqeOCpOODkOOCt+ODvOOCueODouODvOOCr++8ku+8lu+8hTxCUj7jgZTms6jmloflvozjga7oibLjga7lpInmm7Tjga/lh7rmnaXjgYvjga3jgb7jgZnjgII8QlI+PEJSPjxCUj7jg7sg55S75YOP44Gv44Kk44Oh44O844K444Gn44GZ44CCPEJSPuODuyDjg5XjgqPjg6vjg6Djga/jgq3jgrrjga7jgaTjgY3jgavjgY/jgYQ8QlI+44OP44O844OJ44Kz44O844OI44OV44Kj44Or44Og44KS5L2/55So44GX44Gm44GK44KK44G+44GZ44CCPEJSPjxCUj48Rk9OVCBTSVpFPTU+4piF4piF4piF5rOo5oSP5LqL6aCFL+WFjeiyrOS6i+mgheKYheKYheKYhTwvRk9OVD48QlI+44O75qWt5YuZ55So44Gu54K65aSW566x44O76Kqs5piO5pu4562J5LuY5bGe6Ie044GX44G+44Gb44KT44CCPEJSPuODu+mgmOWPjuabuOOBrueZuuihjOOBr+OBp+OBjeOBvuOBm+OCk+OBruOBp+OBlOS6huaJv+S4i+OBleOBhOOAgjxCUj7jg7vkvb/nlKjms5XnrYnjgavplqLjgZnjgovjgrXjg53jg7zjg4jjga/kuIDliIflh7rmnaXjgb7jgZvjgpPjgII8QlI+6YGp5ZCI44GL5ZCm44GL44Gr44Gk44GN44G+44GX44Gm44Gv5ZWG5ZOB6Kqs5piO44Gr6KiY6LyJ44GX44Gm44GK44KK44G+44GZPEJSPumBqeWQiOi7iueoruODu+Wei+W8j+ODu+W5tOW8j+OBq+OBpuOBiuWuouanmOOBlOiHqui6q+OBp+OBlOWIpOaWreOBiumhmOOBhOiHtOOBl+OBvuOBmeOAgjxCUj48QlI+PEJSPjxGT05UIFNJWkU9NT7jgJDjgZTos7zlhaXliY3jgavlv4XjgZrjgq/jg6rjg4Pjgq/jgJE8L0ZPTlQ+PEJSPuOBlOizvOWFpemgguOBhOOBn+aZgueCueOBp+OAgeS4iuiomOOCkuOCr+ODquODg+OCr+OBlzxCUj7jgZTnorroqo3jg7vjgZTkuobmib/poILjgYTjgZ/kuIrjgafjga7jgZTos7zlhaXjgajliKTmlq3jgZc8QlI+44GK5Y+W5byV44GV44Gb44Gm6aCC44GN44G+44GZ44CCPEJSPuOBlOizvOWFpeW+jOOBruOCreODo+ODs+OCu+ODq+OBr+OBiuaWreOCiuOBl+OBpuOBiuOCiuOBvuOBmeOAgjxCUj48QlI+PEJSPjxGT05UIFNJWkU9NT7jgJDmlq3nhrHjg5XjgqPjg6vjg6Djgbjjga7lpInmm7Tjgqrjg5fjgrfjg6fjg7PjgJE8L0ZPTlQ+PEJSPuaWreeGseOCv+OCpOODl+OBruODleOCo+ODq+ODoOOCkuOBlOW4jOacm+OBruWgtOWQiOOAgeS4iuiomOODquODs+OCr+OCkuOCr+ODquODg+OCr+OBlzxCUj7jgZTluIzmnJvjga7ou4rnqK7liKXjgqvjg4Pjg4jmuIjjgb/jgqvjg7zjg5XjgqPjg6vjg6DjgajkuIDnt5LjgavjgIHjgZTos7zlhaXmiYvntprjgY3jgYrpoZjjgYTjgZfjgb7jgZnjgII8QlI+PEJSPjxCUj48Rk9OVCBTSVpFPTU+44CQ44Of44Op44O844OV44Kj44Or44Og44Gn44Gu44Kr44OD44OIIOOCquODl+OCt+ODp+ODs+OAkTwvRk9OVD48QlI+44Of44Op44O844OV44Kj44Or44Og44Gn44Gu6KO95L2c44KS44GU5biM5pyb44Gu5aC05ZCI44CB5LiK6KiY44Oq44Oz44Kv44KS44Kv44Oq44OD44Kv44GXPEJSPuOBlOW4jOacm+OBrui7iueoruWIpeOCq+ODg+ODiOa4iOOBv+OCq+ODvOODleOCo+ODq+ODoOOBqOS4gOe3kuOBq+OAgeOBlOizvOWFpeaJi+e2muOBjeOBiumhmOOBhOOBl+OBvuOBmeOAggo8L0ZPTlQ+PC9URD48L1RSPjwvVEFCTEU+PC9URD48L1RSPjwvVEFCTEU+PEJSPjxCUj48QlI+PFRBQkxFIFdJRFRIPTYwMCBDRUxMU1BBQ0lORz0xIEJPUkRFUj0wIENFTExQQURESU5HPTEgQkdDT0xPUj0jQ0NDQ0NDPjxUUj48VEQgQkdDT0xPUj0jRkY3RjUwPjxUQUJMRSBXSURUSD0xMDAlIENFTExTUEFDSU5HPTIgQk9SREVSPTAgQ0VMTFBBRERJTkc9NT48VFI+PFREIEFMSUdOPWxlZnQgQkdDT0xPUj0jRkY3RjUwPjxGT05UIENPTE9SPSMzMzMzMzMgU0laRT0zPjxCPuKYheKYheeZuumAgeaWueazlS/pgIHmlpnimIXimIU8L0I+PC9GT05UPjwvVEQ+PC9UUj48L1RBQkxFPjxUQUJMRSBXSURUSD0xMDAlIENFTExTUEFDSU5HPTIgQk9SREVSPTAgQ0VMTFBBRERJTkc9MD48VFI+PFREIEhFSUdIVD0yIEJHQ09MT1I9I0NDQkJBQT48L1REPjwvVFI+PC9UQUJMRT48VEFCTEUgV0lEVEg9MTAwJSBDRUxMU1BBQ0lORz0yIEJPUkRFUj0wIENFTExQQURESU5HPTU+PFRSPjxURCBBTElHTj1sZWZ0IEJHQ09MT1I9I0ZGRjhFRT48Rk9OVCBDT0xPUj0jMzMzMzMzIFNJWkU9Mz48QlI+5ZWG5ZOB5ZCN44Gr44CQ6YCB5paZ54Sh5paZ44CR44Gu6KiY6LyJ44GM44GC44KL5aC05ZCI44Gv44CB6YCB5paZ54Sh5paZ44Gn44GZ44CCPEJSPjxCUj48Rk9OVCBTSVpFPTU+44CQ5YWo5Zu96YCB5paZ6KGo44CRPC9GT05UPuOCkuOBlOeiuuiqjeS4i+OBleOBhOOBvuOBm+OAgjxCUj48QlI+6KSH5pWw44Gu5ZWG5ZOB44KS5ZCM5qKx5Y+v6IO944Gn44GZ44CCPEJSPuKAu+WQjOaiseOCkuOBlOW4jOacm+OBruWgtOWQiOOAgeW/heOBmuWQjOOBmOOBiuiyt+OBhOeJqeOCq+OCtO+8iOOCq+ODvOODiO+8ieOBp+OBlOazqOaWh+S4i+OBleOBhOOAgjxCUj7ms6jmhI/vvJrjgqvjg7zjg5XjgqPjg6vjg6Djga7opIfmlbDlkIzmorHjga7loLTlkIjkuIDjgaTjga7nrZLjgavjgb7jgajjgoHjgabmorHljIXoh7TjgZfjgb7jgZnjgII8QlI+5LqI44KB44GU5LqG5om/5LiL44GV44GE44G+44Gb44CCPEJSPjxCUj7igLvliKXjgIXjga7jgYrosrfjgYTnianjgqvjgrTjgafms6jmlofjgZXjgozjgZ/loLTlkIjjga/liKXjgIXjga7nrZLjgavmorHljIXjgZfnmbrpgIHoh7TjgZfjgb7jgZnjgII8QlI+44Gd44Gu54K644CB6YCB5paZ44O75Luj5byV44GN5omL5pWw5paZ44Gv55m66YCB5YCL5pWw5YiG6KuL5rGC44GV44Gb44Gm6aCC44GN44G+44GZ44CCPEJSPjxCUj7igLvliKXjgIXjga7jgYrosrfjgYTnianjgqvjgrTjgafms6jmlofjgZfjgIHpgIHmlpnvvJHlgIvlj6PliIbjgafjga7jgYrmlK/miZXjgYQ8QlI+44GV44KM44Gf5aC05ZCI44Gv5ZCM5qKx5biM5pyb44Go5Yik5pat44GX55m66YCB6Ie044GX44G+44GZ44CCPEJSPjxCUj7imIXnmbrpgIHjgavplqLjgZnjgovms6jmhI/kuovpoIXimIU8QlI+LS0tLS0tLS0tLS0tLS0tLS0tLS0tLS0tLS0tLS0tLS0tLS0tLS0tLSA8QlI+5b2T5pa55oyH5a6a5a6F5oCl5L6/44Gn44GZ44Gu44Gn6YWN6YCB5qWt6ICF44Gv6YG45oqe44Gn44GN44G+44Gb44KT44CCIDxCUj7mmYLplpPmjIflrprjga/lr77lv5zjgYTjgZ/jgZfjgabjgYrjgorjgb7jgZvjgpPjgII8QlI+55m66YCB6YCj57Wh44Gr6KiY6LyJ44Gu5ZWP44GE5ZCI44KP44Gb55Wq5Y+344Gn44GU6Ieq6Lqr44Gn44GU56K66KqN6aCC44GR44G+44GZ44CCPEJSPumbouWztuOBr+eZuumAgeOBjOS4gOaXpemBheOCjOOBvuOBmeOAgiA8QlI+LS0tLS0tLS0tLS0tLS0tLS0tLS0tLS0tLS0tLS0tLS0tLS0tLS0tLTxCUj7imIXllYblk4Hku6PlvJXimIXjgIDjgIA8QlI+5a6F5oCl5L6/6YCB5paZK+WIpemAlOaJi+aVsOaWme+8k++8l++8kOWGhiA8QlI+LS0tLS0tLS0tLS0tLS0tLS0tLS0tLS0tLS0tLS0tLS0tLS0tLS0tLSA8QlI+MTLmmYLljYrjgb7jgafjgavjgZTlhaXph5HjgYznorroqo3lh7rmnaXjgZ/jgZTms6jmlofjgIE8QlI+44G+44Gf44Gv5ZWG5ZOB5Luj5byV44Gu44GU5rOo5paH44Gv5Y2z5pel55m66YCB44GV44Gb44Gm6aCC44GN44G+44GZ44CCPEJSPuWumuS8keaXpeOAgOS8muekvuamguimgeiomOi8iS/oh6jmmYLkvJHmpa3jga7jgZTmoYjlhoXjga/lvZPlupfjg5rjg7zjgrjlhoXjgavmjrLovInjgZfjgb7jgZnjgII8L0ZPTlQ+PC9URD48L1RSPjwvVEFCTEU+PC9URD48L1RSPjwvVEFCTEU+PEJSPjxUQUJMRSBXSURUSD02MDAgQ0VMTFNQQUNJTkc9MSBCT1JERVI9MCBDRUxMUEFERElORz0xIEJHQ09MT1I9I0NDQ0NDQz48VFI+PFREIEJHQ09MT1I9I0ZGN0Y1MD48VEFCTEUgV0lEVEg9MTAwJSBDRUxMU1BBQ0lORz0yIEJPUkRFUj0wIENFTExQQURESU5HPTU+PFRSPjxURCBBTElHTj1sZWZ0IEJHQ09MT1I9I0ZGN0Y1MD48Rk9OVCBDT0xPUj0jMzMzMzMzIFNJWkU9Mz48Qj7imIXimIXmlK/miZXmlrnms5XimIU8L0I+PC9GT05UPjwvVEQ+PC9UUj48L1RBQkxFPjxUQUJMRSBXSURUSD0xMDAlIENFTExTUEFDSU5HPTIgQk9SREVSPTAgQ0VMTFBBRERJTkc9MD48VFI+PFREIEhFSUdIVD0yIEJHQ09MT1I9I0NDQkJBQT48L1REPjwvVFI+PC9UQUJMRT48VEFCTEUgV0lEVEg9MTAwJSBDRUxMU1BBQ0lORz0yIEJPUkRFUj0wIENFTExQQURESU5HPTU+PFRSPjxURCBBTElHTj1sZWZ0IEJHQ09MT1I9I0ZGRjhFRT48Rk9OVCBDT0xPUj0jMzMzMzMzIFNJWkU9Mz7il4/mpb3lpKnpioDooYzjgIDmjK/ovrw8QlI+4peP5ZWG5ZOB5Luj5byVPEJSPuKXj+OCr+ODrOOCuOODg+ODiOOCq+ODvOODieaxuua4iDxCUj7il4/jgrPjg7Pjg5Pjg4vmsbrmuIjvvIjliY3miZXjgYTvvIk8QlI+4peP5qW95aSpRWR55rG65riIPEJSPuKXj2F144GL44KT44Gf44KT5rG65riIPEJSPjwvRk9OVD48L1REPjwvVFI+PC9UQUJMRT48L1REPjwvVFI+PC9UQUJMRT48QlI+PGltZyBzcmM9aHR0cDovL2ltYWdlLnJha3V0ZW4uY28uanAvYXVjLWF1dG9tYXgvY2FiaW5ldC8wMzQwNjYzOC9pbWdyYzAwNjgxNzY5MjQuZ2lmIHdpZHRoPTYwMD48QlI+PEJSPjxJTUcgU1JDPWh0dHA6Ly9pbWFnZS5yYWt1dGVuLmNvLmpwL2F1Yy1hdXRvbWF4L2NhYmluZXQvMDM1NjE5MjUvaW1nNjMxOTM3ODMuZ2lmIFdJRFRIPTYwMD48L0NFTlRFUj48QlI+PEJSPjxDRU5URVI+PElNRyBXSURUSD01MjAgU1JDPWh0dHA6Ly9pbWFnZS5yYWt1dGVuLmNvLmpwL2F1Yy1hdXRvbWF4L2NhYmluZXQvMDI1NjU3MTcvaW1nNjQ3NTMxMTEuZ2lmPjxCUj48SU1HIFdJRFRIPTUyMCBTUkM9aHR0cDovL2ltYWdlLnJha3V0ZW4uY28uanAvYXVjLWF1dG9tYXgvY2FiaW5ldC8wMjU2NTcxNy9pbWc2NDc1Nzk4Ny5naWY+PEJSPjwvQ0VOVEVSPjwvQ0VOVEVSPjwvVEFCTEU+PC9DRU5URVI+PGNlbnRlcj4KPGJyPgo8aW1nIFNSQz1odHRwOi8vaW1hZ2UucmFrdXRlbi5jby5qcC9hdWMtYXV0b21heC9jYWJpbmV0L2ltZ3JjMDA2NzM4MjI3Ni5naWYgd2lkdGg9NjcwIGhlaWdodD00MDA+PEJSPgo8YnI+CjxpbWcgU1JDPWh0dHA6Ly9pbWFnZS5yYWt1dGVuLmNvLmpwL2F1Yy1hdXRvbWF4L2NhYmluZXQvaW1nNjAzMzMwMDQuZ2lmIHdpZHRoPTY3MCBoZWlnaHQ9MTIwPjxCUj4KPGJyPgoKPGJyPjwvY2VudGVyPg==,44GC44GZ5qW9IOWvvuW/nCDjg6rjgqIg44K544OX44Oq44Oz44K/44O844OI44Os44OOIOOCr+ODvOODmiBFMTEg44Kr44OD44OI5riI44G/IOOCq+ODvOODleOCo+ODq+ODoCDou4rnqK7liKUg44K544Oi44O844KvIOOCu+ODg+ODiCDou4rnqK7lsILnlKgg44Km44Kk44Oz44OJ44KmIOeqk+OCrOODqeOCuSDmiJDlvaIg44OV44Kk44Or44OgVVbjgqvjg4Pjg4gg44OP44O844OJ44Kz44O844OIIERJWSDmlr3lt6Ug5pa55rOVIOiyvOOCiuaWuSAz56iu6aGe44Gu6YCP6YGO546H6YCa6LKpIOWkp+mYqiDjgJDllYblk4HkuIDopqfjgJHvvJpBVVRPTUFYIGl6dW1p,44Kr44OD44OG44Kj44Oz44Kw44K344O844OI44Oi44OL44K/44O844K544K/44Oz44OJ44Ki44Or44Kr44Oz44K/44O844Op6Kq/44K544Ko44O844OJ55Sf5Zyw44K344O844OI5rGO55So44OR44O844OE6Ieq5YuV6LuK44Ki44Kv44K744K144Oq44O844Oh44OD44Kt44Oi44O844Or6YCB5paZ54Sh5paZ44K544OG44OD44Kr44O844Kr44O855So5ZOB44OQ44Kk44Kv55So5ZOB44OJ44Os44K544Ki44OD44OX44Op44Kw44K444Ol44Ki44Oq44O85YaF6KOF5aSW6KOF44Kr44OD44OI5riI44G/44Kr44O844OV44Kj44Or44Og5aSn6Ziq6YCa6LKp5r+A5a6J5qC85a6J5pa95bel44GC44GZ5qW9IOWvvuW/nCDjg6rjgqIg44K544OX44Oq44Oz44K/44O844OI44Os44OOIOOCr+ODvOODmiBFMTEg44Kr44OD44OI5riI44G/IOOCq+ODvOODleOCo+ODq+ODoCDou4rnqK7liKUg44K544Oi44O844KvIOOCu+ODg+ODiCDou4rnqK7lsILnlKgg44Km44Kk44Oz44OJ44KmIOeqk+OCrOODqeOCuSDmiJDlvaIg44OV44Kk44Or44OgVVbjgqvjg4Pjg4gg44OP44O844OJ44Kz44O844OIIERJWSDmlr3lt6Ug5pa55rOVIOiyvOOCiuaWuSAz56iu6aGe44Gu6YCP6YGO546H6YCa6LKpIOWkp+mYqiDjgJDllYblk4HkuIDopqfjgJE=,44GT44Gu5ZWG5ZOB44Gv6YCB5paZIOWFqOWbveS4gOW+izYwMOWGhiDjgafjgZko5YyX5rW36YGTL+aylue4hOmZpOOBjynlkIzmorHlj6/og73jgILjgILjgYLjgZnmpb0g5a++5b+cIOODquOCoiDjgrnjg5fjg6rjg7Pjgr/jg7zjg4jjg6zjg44g44Kv44O844OaIEUxMSDjgqvjg4Pjg4jmuIjjgb8g44Kr44O844OV44Kj44Or44OgIOi7iueoruWIpSDjgrnjg6Ljg7zjgq8g44K744OD44OIIOi7iueoruWwgueUqCDjgqbjgqTjg7Pjg4njgqYg56qT44Ks44Op44K5IOaIkOW9oiDjg5XjgqTjg6vjg6BVVuOCq+ODg+ODiCDjg4/jg7zjg4njgrPjg7zjg4ggRElZIOaWveW3pSDmlrnms5Ug6LK844KK5pa5IDPnqK7poZ7jga7pgI/pgY7njofpgJrosqkg5aSn6ZiqIOOAkOWVhuWTgeS4gOimp+OAkQ==[rn]
12-37297,aHR0cDovL3RzaG9wLnIxMHMuanAvYXVjLWF1dG9tYXgvY2FiaW5ldC8wMjU2NTcxNy9pbWc2NDIyMTM3My5qcGc/Zml0aW49NzAwOjcwMA==,MTQ2MC4wMDAw,,6LuK55So5ZOB44O744OQ44Kk44Kv55So5ZOBID4g44Kr44O855So5ZOBID4g5YaF6KOF44OR44O844OEID4g44OV44Kj44Or44Og77yI44K544Oi44O844Kv77yJID4g44OI44Oo44K/55So,44CQ6YCB5paZ54Sh5paZ44CR44GC44GZ5qW9IOWvvuW/nCDjg5Xjg63jg7Pjg4gg44K544OX44Oq44Oz44K/44O844OI44Os44OOIOOCr+ODvOODmiBFMTAg44Kr44OD44OI5riI44G/IOOCq+ODvOODleOCo+ODq+ODoCDou4rnqK7liKUg44K544Oi44O844KvIOOCu+ODg+ODiCDou4rnqK7lsILnlKgg44Km44Kk44Oz44OJ44KmIOeqk+OCrOODqeOCuSDmiJDlvaIg44OV44Kk44Or44OgVVbjgqvjg4Pjg4gg44OP44O844OJ44Kz44O844OIIERJWSDmlr3lt6Ug5pa55rOVIOiyvOOCiuaWuSAz56iu6aGe44Gu6YCP6YGO546H6YCa6LKpIOWkp+mYquOAkFJDUOOAkQ==,,PENFTlRFUj48aW1nIHNyYz1odHRwOi8vaW1hZ2UucmFrdXRlbi5jby5qcC9hdWMtYXV0b21heC9jYWJpbmV0LzAzNDA2NjM4L2ltZ3JjMDA2ODE3NjkyMS5naWYgd2lkdGg9NjAwPjwvY2VudGVyPjxCUj48Q0VOVEVSPjxCUj48Rk9OVCBTSVpFPTUgQ09MT1I9I2ZmMDAwMD7lvZPlupfjga7jgqvjg4Pjg4jmuIjjgb/jgqvjg7zjg5XjgqPjg6vjg6Djga88L0ZPTlQ+PEJSPjxGT05UIFNJWkU9NSBDT0xPUj0jZmYwMDAwPjxCPk1BREXjgIBJTuOAgEpBUEFO44CAPC9CPjwvRk9OVD48QlI+PEZPTlQgU0laRT01IENPTE9SPSNmZjAwMDA+77yI57Sr5aSW57eaVVbjgIA5Oe+8heOCq+ODg+ODiO+8ieOBp+OBmeOAgjwvRk9OVD48QlI+PFRSPiA8VEQgSEVJR0hUPTY+PC9URD4gPFREIEhFSUdIVD02PjwvVEQ+IDxURCBIRUlHSFQ9Nj48L1REPiA8L1RSPjxCUj48Q0VOVEVSPjxGT05UIENPTE9SPSNDQ0JCQUEgU0laRT00PjxCPjwvQj48L0ZPTlQ+PEJSPjxCUj48VEFCTEUgV0lEVEg9NjAwIENFTExTUEFDSU5HPTEgQk9SREVSPTAgQ0VMTFBBRERJTkc9MSBCR0NPTE9SPSNDQ0NDQ0M+PFRSPjxURCBCR0NPTE9SPSNGRjdGNTA+PFRBQkxFIFdJRFRIPTEwMCUgQ0VMTFNQQUNJTkc9MiBCT1JERVI9MCBDRUxMUEFERElORz01PjxUUj48VEQgQUxJR049bGVmdCBCR0NPTE9SPSNGRjdGNTA+PEZPTlQgQ09MT1I9IzMzMzMzMyBTSVpFPTM+PEI+4piF4piF5ZWG5ZOB6Kqs5piO4piF4piFPC9CPjwvRk9OVD48L1REPjwvVFI+PC9UQUJMRT48VEFCTEUgV0lEVEg9MTAwJSBDRUxMU1BBQ0lORz0yIEJPUkRFUj0wIENFTExQQURESU5HPTA+PFRSPjxURCBIRUlHSFQ9MiBCR0NPTE9SPSNDQ0JCQUE+PC9URD48L1RSPjwvVEFCTEU+PFRBQkxFIFdJRFRIPTEwMCUgQ0VMTFNQQUNJTkc9MiBCT1JERVI9MCBDRUxMUEFERElORz01PjxUUj48VEQgQUxJR049bGVmdCBCR0NPTE9SPSNGRkY4RUU+PEZPTlQgQ09MT1I9IzMzMzMzMyBTSVpFPTM+PEJSPuS+oeagvOOCkui2iuOBiOOBn+WTgeizquOCkuaPkOS+m+OBhOOBn+OBl+OBpuOBiuOCiuOBvuOBmeOBruOBp+OBlOWuieW/g+OBj+OBoOOBleOBhOOAgjxCUj7lvZPmlrnjga7jg5XjgqPjg6vjg6Djga9JU08gOTAwMeWPluW+l+W3peWgtOOBq+OBpuijvemAoOOBleOCjOOAgTxCUj7kuJbnlYznmoTjgavmlaznp7DjgZXjgozjgovjgIBVS0FT44CM6Iux5Zu96KqN6Ki85qmf6Zai6KqN5a6a5a+p6K2w5Lya44CNPEJSPuOBruiqjeiovOOCguWPluW+l+OBl+OBpuOBiuOCiuOBvuOBmeOAguOAgOOAgFJlZy5OTyAwNTkuQTxCUj48QlI+4piF4piF4piF4piF4piF6YGp5ZCI6LuK56iu4piF4piF4piF4piF4piFPEJSPgog44Oh44O844Kr44O877ya44OI44Oo44K/IDxCUj7ou4rlkI3vvJrjgrnjg5fjg6rjg7Pjgr/jg7zjg4jjg6zjg47jgIDjgq/jg7zjg5ogPEJSPui7iui8jOWei+W8j++8mkFFMTAw44O7MTAxIDxCUj7lubTlvI/vvJrlubPmiJAzLjbvvZ43LjUKPEJSPjxCUj7imIXimIXimIXimIXimIXjgrvjg4Pjg4jlhoXlrrnimIXimIXimIXimIXimIU8QlI+PEJSPuOCv+OCpOODiOODq+OBruOCguOBruOBqOOBquOCiuOBvuOBmeOAgjxCUj7jg5Xjg63jg7Pjg4jjga7loLTlkIg96YGL6Lui5bitL+WKqeaJi+W4reOAkOS4ieinkueqk+OBjOOBguOCi+OCguOBruOBr+WQq+OBvuOCjOOBvuOBmeOAkTxCUj7jg6rjgqJTRVTjga7loLTlkIg944OV44Ot44Oz44OI44CQ6YGL6Lui5bitL+WKqeaJi+W4reOAkeOCiOOCiuW+jOOCjeWFqOOBpuOBrlNFVOOBp+OBmTxCUj7nlLvlg4/jga/jgqTjg6Hjg7zjgrjjgafjgZnjga7jgafjgIDou4rnqK7jgavjgojjgornlbDjgarjgorjgb7jgZnjgII8QlI+44GU6LO85YWl5pmC44CBM+iJsuOBruS4reOBi+OCieOBiumBuOOBs+OBj+OBoOOBleOBhOOAgjxCUj7jg7vjgoLjgaPjgajjgoLmv4PjgYTjgrnjg6Ljg7zjgq8944K544O844OR44O844OW44Op44OD44Kv77yV77yFPEJSPuODu+a/g+OBhOOCueODouODvOOCrz3jg4Djg7zjgq/jgrnjg6Ljg7zjgq/vvJHvvJXvvIU8QlI+44O757SU5q2j5ZCM5qeY44Gu44K544Oi44O844KvPeODl+ODqeOCpOODkOOCt+ODvOOCueODouODvOOCr++8ku+8lu+8hTxCUj7jgZTms6jmloflvozjga7oibLjga7lpInmm7Tjga/lh7rmnaXjgYvjga3jgb7jgZnjgII8QlI+PEJSPjxCUj7jg7sg55S75YOP44Gv44Kk44Oh44O844K444Gn44GZ44CCPEJSPuODuyDjg5XjgqPjg6vjg6Djga/jgq3jgrrjga7jgaTjgY3jgavjgY/jgYQ8QlI+44OP44O844OJ44Kz44O844OI44OV44Kj44Or44Og44KS5L2/55So44GX44Gm44GK44KK44G+44GZ44CCPEJSPjxCUj48Rk9OVCBTSVpFPTU+4piF4piF4piF5rOo5oSP5LqL6aCFL+WFjeiyrOS6i+mgheKYheKYheKYhTwvRk9OVD48QlI+44O75qWt5YuZ55So44Gu54K65aSW566x44O76Kqs5piO5pu4562J5LuY5bGe6Ie044GX44G+44Gb44KT44CCPEJSPuODu+mgmOWPjuabuOOBrueZuuihjOOBr+OBp+OBjeOBvuOBm+OCk+OBruOBp+OBlOS6huaJv+S4i+OBleOBhOOAgjxCUj7jg7vkvb/nlKjms5XnrYnjgavplqLjgZnjgovjgrXjg53jg7zjg4jjga/kuIDliIflh7rmnaXjgb7jgZvjgpPjgII8QlI+6YGp5ZCI44GL5ZCm44GL44Gr44Gk44GN44G+44GX44Gm44Gv5ZWG5ZOB6Kqs5piO44Gr6KiY6LyJ44GX44Gm44GK44KK44G+44GZPEJSPumBqeWQiOi7iueoruODu+Wei+W8j+ODu+W5tOW8j+OBq+OBpuOBiuWuouanmOOBlOiHqui6q+OBp+OBlOWIpOaWreOBiumhmOOBhOiHtOOBl+OBvuOBmeOAgjxCUj48QlI+PEJSPjxGT05UIFNJWkU9NT7jgJDjgZTos7zlhaXliY3jgavlv4XjgZrjgq/jg6rjg4Pjgq/jgJE8L0ZPTlQ+PEJSPuOBlOizvOWFpemgguOBhOOBn+aZgueCueOBp+OAgeS4iuiomOOCkuOCr+ODquODg+OCr+OBlzxCUj7jgZTnorroqo3jg7vjgZTkuobmib/poILjgYTjgZ/kuIrjgafjga7jgZTos7zlhaXjgajliKTmlq3jgZc8QlI+44GK5Y+W5byV44GV44Gb44Gm6aCC44GN44G+44GZ44CCPEJSPuOBlOizvOWFpeW+jOOBruOCreODo+ODs+OCu+ODq+OBr+OBiuaWreOCiuOBl+OBpuOBiuOCiuOBvuOBmeOAgjxCUj48QlI+PEJSPjxGT05UIFNJWkU9NT7jgJDmlq3nhrHjg5XjgqPjg6vjg6Djgbjjga7lpInmm7Tjgqrjg5fjgrfjg6fjg7PjgJE8L0ZPTlQ+PEJSPuaWreeGseOCv+OCpOODl+OBruODleOCo+ODq+ODoOOCkuOBlOW4jOacm+OBruWgtOWQiOOAgeS4iuiomOODquODs+OCr+OCkuOCr+ODquODg+OCr+OBlzxCUj7jgZTluIzmnJvjga7ou4rnqK7liKXjgqvjg4Pjg4jmuIjjgb/jgqvjg7zjg5XjgqPjg6vjg6DjgajkuIDnt5LjgavjgIHjgZTos7zlhaXmiYvntprjgY3jgYrpoZjjgYTjgZfjgb7jgZnjgII8QlI+PEJSPjxCUj48Rk9OVCBTSVpFPTU+44CQ44Of44Op44O844OV44Kj44Or44Og44Gn44Gu44Kr44OD44OIIOOCquODl+OCt+ODp+ODs+OAkTwvRk9OVD48QlI+44Of44Op44O844OV44Kj44Or44Og44Gn44Gu6KO95L2c44KS44GU5biM5pyb44Gu5aC05ZCI44CB5LiK6KiY44Oq44Oz44Kv44KS44Kv44Oq44OD44Kv44GXPEJSPuOBlOW4jOacm+OBrui7iueoruWIpeOCq+ODg+ODiOa4iOOBv+OCq+ODvOODleOCo+ODq+ODoOOBqOS4gOe3kuOBq+OAgeOBlOizvOWFpeaJi+e2muOBjeOBiumhmOOBhOOBl+OBvuOBmeOAggo8L0ZPTlQ+PC9URD48L1RSPjwvVEFCTEU+PC9URD48L1RSPjwvVEFCTEU+PEJSPjxCUj48QlI+PFRBQkxFIFdJRFRIPTYwMCBDRUxMU1BBQ0lORz0xIEJPUkRFUj0wIENFTExQQURESU5HPTEgQkdDT0xPUj0jQ0NDQ0NDPjxUUj48VEQgQkdDT0xPUj0jRkY3RjUwPjxUQUJMRSBXSURUSD0xMDAlIENFTExTUEFDSU5HPTIgQk9SREVSPTAgQ0VMTFBBRERJTkc9NT48VFI+PFREIEFMSUdOPWxlZnQgQkdDT0xPUj0jRkY3RjUwPjxGT05UIENPTE9SPSMzMzMzMzMgU0laRT0zPjxCPuKYheKYheeZuumAgeaWueazlS/pgIHmlpnimIXimIU8L0I+PC9GT05UPjwvVEQ+PC9UUj48L1RBQkxFPjxUQUJMRSBXSURUSD0xMDAlIENFTExTUEFDSU5HPTIgQk9SREVSPTAgQ0VMTFBBRERJTkc9MD48VFI+PFREIEhFSUdIVD0yIEJHQ09MT1I9I0NDQkJBQT48L1REPjwvVFI+PC9UQUJMRT48VEFCTEUgV0lEVEg9MTAwJSBDRUxMU1BBQ0lORz0yIEJPUkRFUj0wIENFTExQQURESU5HPTU+PFRSPjxURCBBTElHTj1sZWZ0IEJHQ09MT1I9I0ZGRjhFRT48Rk9OVCBDT0xPUj0jMzMzMzMzIFNJWkU9Mz48QlI+5ZWG5ZOB5ZCN44Gr44CQ6YCB5paZ54Sh5paZ44CR44Gu6KiY6LyJ44GM44GC44KL5aC05ZCI44Gv44CB6YCB5paZ54Sh5paZ44Gn44GZ44CCPEJSPjxCUj48Rk9OVCBTSVpFPTU+44CQ5YWo5Zu96YCB5paZ6KGo44CRPC9GT05UPuOCkuOBlOeiuuiqjeS4i+OBleOBhOOBvuOBm+OAgjxCUj48QlI+6KSH5pWw44Gu5ZWG5ZOB44KS5ZCM5qKx5Y+v6IO944Gn44GZ44CCPEJSPuKAu+WQjOaiseOCkuOBlOW4jOacm+OBruWgtOWQiOOAgeW/heOBmuWQjOOBmOOBiuiyt+OBhOeJqeOCq+OCtO+8iOOCq+ODvOODiO+8ieOBp+OBlOazqOaWh+S4i+OBleOBhOOAgjxCUj7ms6jmhI/vvJrjgqvjg7zjg5XjgqPjg6vjg6Djga7opIfmlbDlkIzmorHjga7loLTlkIjkuIDjgaTjga7nrZLjgavjgb7jgajjgoHjgabmorHljIXoh7TjgZfjgb7jgZnjgII8QlI+5LqI44KB44GU5LqG5om/5LiL44GV44GE44G+44Gb44CCPEJSPjxCUj7igLvliKXjgIXjga7jgYrosrfjgYTnianjgqvjgrTjgafms6jmlofjgZXjgozjgZ/loLTlkIjjga/liKXjgIXjga7nrZLjgavmorHljIXjgZfnmbrpgIHoh7TjgZfjgb7jgZnjgII8QlI+44Gd44Gu54K644CB6YCB5paZ44O75Luj5byV44GN5omL5pWw5paZ44Gv55m66YCB5YCL5pWw5YiG6KuL5rGC44GV44Gb44Gm6aCC44GN44G+44GZ44CCPEJSPjxCUj7igLvliKXjgIXjga7jgYrosrfjgYTnianjgqvjgrTjgafms6jmlofjgZfjgIHpgIHmlpnvvJHlgIvlj6PliIbjgafjga7jgYrmlK/miZXjgYQ8QlI+44GV44KM44Gf5aC05ZCI44Gv5ZCM5qKx5biM5pyb44Go5Yik5pat44GX55m66YCB6Ie044GX44G+44GZ44CCPEJSPjxCUj7imIXnmbrpgIHjgavplqLjgZnjgovms6jmhI/kuovpoIXimIU8QlI+LS0tLS0tLS0tLS0tLS0tLS0tLS0tLS0tLS0tLS0tLS0tLS0tLS0tLSA8QlI+5b2T5pa55oyH5a6a5a6F5oCl5L6/44Gn44GZ44Gu44Gn6YWN6YCB5qWt6ICF44Gv6YG45oqe44Gn44GN44G+44Gb44KT44CCIDxCUj7mmYLplpPmjIflrprjga/lr77lv5zjgYTjgZ/jgZfjgabjgYrjgorjgb7jgZvjgpPjgII8QlI+55m66YCB6YCj57Wh44Gr6KiY6LyJ44Gu5ZWP44GE5ZCI44KP44Gb55Wq5Y+344Gn44GU6Ieq6Lqr44Gn44GU56K66KqN6aCC44GR44G+44GZ44CCPEJSPumbouWztuOBr+eZuumAgeOBjOS4gOaXpemBheOCjOOBvuOBmeOAgiA8QlI+LS0tLS0tLS0tLS0tLS0tLS0tLS0tLS0tLS0tLS0tLS0tLS0tLS0tLTxCUj7imIXllYblk4Hku6PlvJXimIXjgIDjgIA8QlI+5a6F5oCl5L6/6YCB5paZK+WIpemAlOaJi+aVsOaWme+8k++8l++8kOWGhiA8QlI+LS0tLS0tLS0tLS0tLS0tLS0tLS0tLS0tLS0tLS0tLS0tLS0tLS0tLSA8QlI+MTLmmYLljYrjgb7jgafjgavjgZTlhaXph5HjgYznorroqo3lh7rmnaXjgZ/jgZTms6jmlofjgIE8QlI+44G+44Gf44Gv5ZWG5ZOB5Luj5byV44Gu44GU5rOo5paH44Gv5Y2z5pel55m66YCB44GV44Gb44Gm6aCC44GN44G+44GZ44CCPEJSPuWumuS8keaXpeOAgOS8muekvuamguimgeiomOi8iS/oh6jmmYLkvJHmpa3jga7jgZTmoYjlhoXjga/lvZPlupfjg5rjg7zjgrjlhoXjgavmjrLovInjgZfjgb7jgZnjgII8L0ZPTlQ+PC9URD48L1RSPjwvVEFCTEU+PC9URD48L1RSPjwvVEFCTEU+PEJSPjxUQUJMRSBXSURUSD02MDAgQ0VMTFNQQUNJTkc9MSBCT1JERVI9MCBDRUxMUEFERElORz0xIEJHQ09MT1I9I0NDQ0NDQz48VFI+PFREIEJHQ09MT1I9I0ZGN0Y1MD48VEFCTEUgV0lEVEg9MTAwJSBDRUxMU1BBQ0lORz0yIEJPUkRFUj0wIENFTExQQURESU5HPTU+PFRSPjxURCBBTElHTj1sZWZ0IEJHQ09MT1I9I0ZGN0Y1MD48Rk9OVCBDT0xPUj0jMzMzMzMzIFNJWkU9Mz48Qj7imIXimIXmlK/miZXmlrnms5XimIU8L0I+PC9GT05UPjwvVEQ+PC9UUj48L1RBQkxFPjxUQUJMRSBXSURUSD0xMDAlIENFTExTUEFDSU5HPTIgQk9SREVSPTAgQ0VMTFBBRERJTkc9MD48VFI+PFREIEhFSUdIVD0yIEJHQ09MT1I9I0NDQkJBQT48L1REPjwvVFI+PC9UQUJMRT48VEFCTEUgV0lEVEg9MTAwJSBDRUxMU1BBQ0lORz0yIEJPUkRFUj0wIENFTExQQURESU5HPTU+PFRSPjxURCBBTElHTj1sZWZ0IEJHQ09MT1I9I0ZGRjhFRT48Rk9OVCBDT0xPUj0jMzMzMzMzIFNJWkU9Mz7il4/mpb3lpKnpioDooYzjgIDmjK/ovrw8QlI+4peP5ZWG5ZOB5Luj5byVPEJSPuKXj+OCr+ODrOOCuOODg+ODiOOCq+ODvOODieaxuua4iDxCUj7il4/jgrPjg7Pjg5Pjg4vmsbrmuIjvvIjliY3miZXjgYTvvIk8QlI+4peP5qW95aSpRWR55rG65riIPEJSPuKXj2F144GL44KT44Gf44KT5rG65riIPEJSPjwvRk9OVD48L1REPjwvVFI+PC9UQUJMRT48L1REPjwvVFI+PC9UQUJMRT48QlI+PGltZyBzcmM9aHR0cDovL2ltYWdlLnJha3V0ZW4uY28uanAvYXVjLWF1dG9tYXgvY2FiaW5ldC8wMzQwNjYzOC9pbWdyYzAwNjgxNzY5MjQuZ2lmIHdpZHRoPTYwMD48QlI+PEJSPjxJTUcgU1JDPWh0dHA6Ly9pbWFnZS5yYWt1dGVuLmNvLmpwL2F1Yy1hdXRvbWF4L2NhYmluZXQvMDM1NjE5MjUvaW1nNjMxOTM3ODMuZ2lmIFdJRFRIPTYwMD48L0NFTlRFUj48QlI+PEJSPjxDRU5URVI+PElNRyBXSURUSD01MjAgU1JDPWh0dHA6Ly9pbWFnZS5yYWt1dGVuLmNvLmpwL2F1Yy1hdXRvbWF4L2NhYmluZXQvMDI1NjU3MTcvaW1nNjQ3NTMxMTEuZ2lmPjxCUj48SU1HIFdJRFRIPTUyMCBTUkM9aHR0cDovL2ltYWdlLnJha3V0ZW4uY28uanAvYXVjLWF1dG9tYXgvY2FiaW5ldC8wMjU2NTcxNy9pbWc2NDc1Nzk4Ny5naWY+PEJSPjwvQ0VOVEVSPjwvQ0VOVEVSPjwvVEFCTEU+PC9DRU5URVI+PGNlbnRlcj4KPGJyPgo8aW1nIFNSQz1odHRwOi8vaW1hZ2UucmFrdXRlbi5jby5qcC9hdWMtYXV0b21heC9jYWJpbmV0L2ltZ3JjMDA2NzM4MjI3Ni5naWYgd2lkdGg9NjcwIGhlaWdodD00MDA+PEJSPgo8YnI+CjxpbWcgU1JDPWh0dHA6Ly9pbWFnZS5yYWt1dGVuLmNvLmpwL2F1Yy1hdXRvbWF4L2NhYmluZXQvaW1nNjAzMzMwMDQuZ2lmIHdpZHRoPTY3MCBoZWlnaHQ9MTIwPjxCUj4KPGJyPgoKPGJyPjwvY2VudGVyPg==,44CQ6YCB5paZ54Sh5paZ44CR44GC44GZ5qW9IOWvvuW/nCDjg5Xjg63jg7Pjg4gg44K544OX44Oq44Oz44K/44O844OI44Os44OOIOOCr+ODvOODmiBFMTAg44Kr44OD44OI5riI44G/IOOCq+ODvOODleOCo+ODq+ODoCDou4rnqK7liKUg44K544Oi44O844KvIOOCu+ODg+ODiCDou4rnqK7lsILnlKgg44Km44Kk44Oz44OJ44KmIOeqk+OCrOODqeOCuSDmiJDlvaIg44OV44Kk44Or44OgVVbjgqvjg4Pjg4gg44OP44O844OJ44Kz44O844OIIERJWSDmlr3lt6Ug5pa55rOVIOiyvOOCiuaWuSAz56iu6aGe44Gu6YCP6YGO546H6YCa6LKpIOWkp+mYquOAkFJDUOOAke+8mkFVVE9NQVggaXp1bWk=,44Kr44OD44OG44Kj44Oz44Kw44K344O844OI44Oi44OL44K/44O844K544K/44Oz44OJ44Ki44Or44Kr44Oz44K/44O844Op6Kq/44K544Ko44O844OJ55Sf5Zyw44K344O844OI5rGO55So44OR44O844OE6Ieq5YuV6LuK44Ki44Kv44K744K144Oq44O844Oh44OD44Kt44Oi44O844Or6YCB5paZ54Sh5paZ44K544OG44OD44Kr44O844Kr44O855So5ZOB44OQ44Kk44Kv55So5ZOB44OJ44Os44K544Ki44OD44OX44Op44Kw44K444Ol44Ki44Oq44O85YaF6KOF5aSW6KOF44Kr44OD44OI5riI44G/44Kr44O844OV44Kj44Or44Og5aSn6Ziq6YCa6LKp5r+A5a6J5qC85a6J5pa95bel44CQ6YCB5paZ54Sh5paZ44CR44GC44GZ5qW9IOWvvuW/nCDjg5Xjg63jg7Pjg4gg44K544OX44Oq44Oz44K/44O844OI44Os44OOIOOCr+ODvOODmiBFMTAg44Kr44OD44OI5riI44G/IOOCq+ODvOODleOCo+ODq+ODoCDou4rnqK7liKUg44K544Oi44O844KvIOOCu+ODg+ODiCDou4rnqK7lsILnlKgg44Km44Kk44Oz44OJ44KmIOeqk+OCrOODqeOCuSDmiJDlvaIg44OV44Kk44Or44OgVVbjgqvjg4Pjg4gg44OP44O844OJ44Kz44O844OIIERJWSDmlr3lt6Ug5pa55rOVIOiyvOOCiuaWuSAz56iu6aGe44Gu6YCP6YGO546H6YCa6LKpIOWkp+mYquOAkFJDUOOAkQ==,6YCB5paZ54Sh5paZ77yI5YyX5rW36YGTL+aylue4hOmZpOOBj++8ieS7o+W8leOBjeOBruWgtOWQiOOAgeWIpemAlOaJi+aVsOaWmTM3MOWGhuOAguOAkOmAgeaWmeeEoeaWmeOAkeOBguOBmealvSDlr77lv5wg44OV44Ot44Oz44OIIOOCueODl+ODquODs+OCv+ODvOODiOODrOODjiDjgq/jg7zjg5ogRTEwIOOCq+ODg+ODiOa4iOOBvyDjgqvjg7zjg5XjgqPjg6vjg6Ag6LuK56iu5YilIOOCueODouODvOOCryDjgrvjg4Pjg4gg6LuK56iu5bCC55SoIOOCpuOCpOODs+ODieOCpiDnqpPjgqzjg6njgrkg5oiQ5b2iIOODleOCpOODq+ODoFVW44Kr44OD44OIIOODj+ODvOODieOCs+ODvOODiCBESVkg5pa95belIOaWueazlSDosrzjgormlrkgM+eorumhnuOBrumAj+mBjueOh+mAmuiyqSDlpKfpmKrjgJBSQ1DjgJE=[rn]
12-37298,aHR0cDovL3RzaG9wLnIxMHMuanAvYXVjLWF1dG9tYXgvY2FiaW5ldC8wMjU2NTcxNy9pbWc2NDIyMTM3MS5qcGc/Zml0aW49NzAwOjcwMA==,OTYwLjAwMDA=,,6LuK55So5ZOB44O744OQ44Kk44Kv55So5ZOBID4g44Kr44O855So5ZOBID4g5YaF6KOF44OR44O844OEID4g44OV44Kj44Or44Og77yI44K544Oi44O844Kv77yJID4g44OI44Oo44K/55So,44GC44GZ5qW9IOWvvuW/nCDjg5Xjg63jg7Pjg4gg44Kr44Oq44O844OKIFQxOSDjgqvjg4Pjg4jmuIjjgb8g44Kr44O844OV44Kj44Or44OgIOi7iueoruWIpSDjgrnjg6Ljg7zjgq8g44K744OD44OIIOi7iueoruWwgueUqCDjgqbjgqTjg7Pjg4njgqYg56qT44Ks44Op44K5IOaIkOW9oiDjg5XjgqTjg6vjg6BVVuOCq+ODg+ODiCDjg4/jg7zjg4njgrPjg7zjg4ggRElZIOaWveW3pSDmlrnms5Ug6LK844KK5pa5IDPnqK7poZ7jga7pgI/pgY7njofpgJrosqkg5aSn6ZiqIOOAkOWVhuWTgeS4gOimp+OAkQ==,,PENFTlRFUj48aW1nIHNyYz1odHRwOi8vaW1hZ2UucmFrdXRlbi5jby5qcC9hdWMtYXV0b21heC9jYWJpbmV0LzAzNDA2NjM4L2ltZ3JjMDA2ODE3NjkyMS5naWYgd2lkdGg9NjAwPjwvY2VudGVyPjxCUj48Q0VOVEVSPjxCUj48Rk9OVCBTSVpFPTUgQ09MT1I9I2ZmMDAwMD7lvZPlupfjga7jgqvjg4Pjg4jmuIjjgb/jgqvjg7zjg5XjgqPjg6vjg6Djga88L0ZPTlQ+PEJSPjxGT05UIFNJWkU9NSBDT0xPUj0jZmYwMDAwPjxCPk1BREXjgIBJTuOAgEpBUEFO44CAPC9CPjwvRk9OVD48QlI+PEZPTlQgU0laRT01IENPTE9SPSNmZjAwMDA+77yI57Sr5aSW57eaVVbjgIA5Oe+8heOCq+ODg+ODiO+8ieOBp+OBmeOAgjwvRk9OVD48QlI+PFRSPiA8VEQgSEVJR0hUPTY+PC9URD4gPFREIEhFSUdIVD02PjwvVEQ+IDxURCBIRUlHSFQ9Nj48L1REPiA8L1RSPjxCUj48Q0VOVEVSPjxGT05UIENPTE9SPSNDQ0JCQUEgU0laRT00PjxCPjwvQj48L0ZPTlQ+PEJSPjxCUj48VEFCTEUgV0lEVEg9NjAwIENFTExTUEFDSU5HPTEgQk9SREVSPTAgQ0VMTFBBRERJTkc9MSBCR0NPTE9SPSNDQ0NDQ0M+PFRSPjxURCBCR0NPTE9SPSNGRjdGNTA+PFRBQkxFIFdJRFRIPTEwMCUgQ0VMTFNQQUNJTkc9MiBCT1JERVI9MCBDRUxMUEFERElORz01PjxUUj48VEQgQUxJR049bGVmdCBCR0NPTE9SPSNGRjdGNTA+PEZPTlQgQ09MT1I9IzMzMzMzMyBTSVpFPTM+PEI+4piF4piF5ZWG5ZOB6Kqs5piO4piF4piFPC9CPjwvRk9OVD48L1REPjwvVFI+PC9UQUJMRT48VEFCTEUgV0lEVEg9MTAwJSBDRUxMU1BBQ0lORz0yIEJPUkRFUj0wIENFTExQQURESU5HPTA+PFRSPjxURCBIRUlHSFQ9MiBCR0NPTE9SPSNDQ0JCQUE+PC9URD48L1RSPjwvVEFCTEU+PFRBQkxFIFdJRFRIPTEwMCUgQ0VMTFNQQUNJTkc9MiBCT1JERVI9MCBDRUxMUEFERElORz01PjxUUj48VEQgQUxJR049bGVmdCBCR0NPTE9SPSNGRkY4RUU+PEZPTlQgQ09MT1I9IzMzMzMzMyBTSVpFPTM+PEJSPuS+oeagvOOCkui2iuOBiOOBn+WTgeizquOCkuaPkOS+m+OBhOOBn+OBl+OBpuOBiuOCiuOBvuOBmeOBruOBp+OBlOWuieW/g+OBj+OBoOOBleOBhOOAgjxCUj7lvZPmlrnjga7jg5XjgqPjg6vjg6Djga9JU08gOTAwMeWPluW+l+W3peWgtOOBq+OBpuijvemAoOOBleOCjOOAgTxCUj7kuJbnlYznmoTjgavmlaznp7DjgZXjgozjgovjgIBVS0FT44CM6Iux5Zu96KqN6Ki85qmf6Zai6KqN5a6a5a+p6K2w5Lya44CNPEJSPuOBruiqjeiovOOCguWPluW+l+OBl+OBpuOBiuOCiuOBvuOBmeOAguOAgOOAgFJlZy5OTyAwNTkuQTxCUj48QlI+4piF4piF4piF4piF4piF6YGp5ZCI6LuK56iu4piF4piF4piF4piF4piFPEJSPgog44Oh44O844Kr44O877ya44OI44Oo44K/IDxCUj7ou4rlkI3vvJrjgqvjg6rjg7zjg4ogPEJSPui7iui8jOWei+W8j++8mlNUMTkw44O7MTk1L0NUMTkw44O7MTk1L0FUMTkw44O7MTkx44O7MTkyIDxCUj7lubTlvI/vvJrlubPmiJA0LjjvvZ44LjggCjxCUj48QlI+4piF4piF4piF4piF4piF44K744OD44OI5YaF5a654piF4piF4piF4piF4piFPEJSPjxCUj7jgr/jgqTjg4jjg6vjga7jgoLjga7jgajjgarjgorjgb7jgZnjgII8QlI+44OV44Ot44Oz44OI44Gu5aC05ZCIPemBi+i7ouW4rS/liqnmiYvluK3jgJDkuInop5LnqpPjgYzjgYLjgovjgoLjga7jga/lkKvjgb7jgozjgb7jgZnjgJE8QlI+44Oq44KiU0VU44Gu5aC05ZCIPeODleODreODs+ODiOOAkOmBi+i7ouW4rS/liqnmiYvluK3jgJHjgojjgorlvozjgo3lhajjgabjga5TRVTjgafjgZk8QlI+55S75YOP44Gv44Kk44Oh44O844K444Gn44GZ44Gu44Gn44CA6LuK56iu44Gr44KI44KK55Ww44Gq44KK44G+44GZ44CCPEJSPuOBlOizvOWFpeaZguOAgTPoibLjga7kuK3jgYvjgonjgYrpgbjjgbPjgY/jgaDjgZXjgYTjgII8QlI+44O744KC44Gj44Go44KC5r+D44GE44K544Oi44O844KvPeOCueODvOODkeODvOODluODqeODg+OCr++8le+8hTxCUj7jg7vmv4PjgYTjgrnjg6Ljg7zjgq8944OA44O844Kv44K544Oi44O844Kv77yR77yV77yFPEJSPuODu+e0lOato+WQjOanmOOBruOCueODouODvOOCrz3jg5fjg6njgqTjg5Djgrfjg7zjgrnjg6Ljg7zjgq/vvJLvvJbvvIU8QlI+44GU5rOo5paH5b6M44Gu6Imy44Gu5aSJ5pu044Gv5Ye65p2l44GL44Gt44G+44GZ44CCPEJSPjxCUj48QlI+44O7IOeUu+WDj+OBr+OCpOODoeODvOOCuOOBp+OBmeOAgjxCUj7jg7sg44OV44Kj44Or44Og44Gv44Kt44K644Gu44Gk44GN44Gr44GP44GEPEJSPuODj+ODvOODieOCs+ODvOODiOODleOCo+ODq+ODoOOCkuS9v+eUqOOBl+OBpuOBiuOCiuOBvuOBmeOAgjxCUj48QlI+PEZPTlQgU0laRT01PuKYheKYheKYheazqOaEj+S6i+mghS/lhY3osqzkuovpoIXimIXimIXimIU8L0ZPTlQ+PEJSPuODu+alreWLmeeUqOOBrueCuuWklueuseODu+iqrOaYjuabuOetieS7mOWxnuiHtOOBl+OBvuOBm+OCk+OAgjxCUj7jg7vpoJjlj47mm7jjga7nmbrooYzjga/jgafjgY3jgb7jgZvjgpPjga7jgafjgZTkuobmib/kuIvjgZXjgYTjgII8QlI+44O75L2/55So5rOV562J44Gr6Zai44GZ44KL44K144Od44O844OI44Gv5LiA5YiH5Ye65p2l44G+44Gb44KT44CCPEJSPumBqeWQiOOBi+WQpuOBi+OBq+OBpOOBjeOBvuOBl+OBpuOBr+WVhuWTgeiqrOaYjuOBq+iomOi8ieOBl+OBpuOBiuOCiuOBvuOBmTxCUj7pganlkIjou4rnqK7jg7vlnovlvI/jg7vlubTlvI/jgavjgabjgYrlrqLmp5jjgZToh6rouqvjgafjgZTliKTmlq3jgYrpoZjjgYToh7TjgZfjgb7jgZnjgII8QlI+PEJSPjxCUj48Rk9OVCBTSVpFPTU+44CQ44GU6LO85YWl5YmN44Gr5b+F44Ga44Kv44Oq44OD44Kv44CRPC9GT05UPjxCUj7jgZTos7zlhaXpoILjgYTjgZ/mmYLngrnjgafjgIHkuIroqJjjgpLjgq/jg6rjg4Pjgq/jgZc8QlI+44GU56K66KqN44O744GU5LqG5om/6aCC44GE44Gf5LiK44Gn44Gu44GU6LO85YWl44Go5Yik5pat44GXPEJSPuOBiuWPluW8leOBleOBm+OBpumgguOBjeOBvuOBmeOAgjxCUj7jgZTos7zlhaXlvozjga7jgq3jg6Pjg7Pjgrvjg6vjga/jgYrmlq3jgorjgZfjgabjgYrjgorjgb7jgZnjgII8QlI+PEJSPjxCUj48Rk9OVCBTSVpFPTU+44CQ5pat54ax44OV44Kj44Or44Og44G444Gu5aSJ5pu044Kq44OX44K344On44Oz44CRPC9GT05UPjxCUj7mlq3nhrHjgr/jgqTjg5fjga7jg5XjgqPjg6vjg6DjgpLjgZTluIzmnJvjga7loLTlkIjjgIHkuIroqJjjg6rjg7Pjgq/jgpLjgq/jg6rjg4Pjgq/jgZc8QlI+44GU5biM5pyb44Gu6LuK56iu5Yil44Kr44OD44OI5riI44G/44Kr44O844OV44Kj44Or44Og44Go5LiA57eS44Gr44CB44GU6LO85YWl5omL57aa44GN44GK6aGY44GE44GX44G+44GZ44CCPEJSPjxCUj48QlI+PEZPTlQgU0laRT01PuOAkOODn+ODqeODvOODleOCo+ODq+ODoOOBp+OBruOCq+ODg+ODiCDjgqrjg5fjgrfjg6fjg7PjgJE8L0ZPTlQ+PEJSPuODn+ODqeODvOODleOCo+ODq+ODoOOBp+OBruijveS9nOOCkuOBlOW4jOacm+OBruWgtOWQiOOAgeS4iuiomOODquODs+OCr+OCkuOCr+ODquODg+OCr+OBlzxCUj7jgZTluIzmnJvjga7ou4rnqK7liKXjgqvjg4Pjg4jmuIjjgb/jgqvjg7zjg5XjgqPjg6vjg6DjgajkuIDnt5LjgavjgIHjgZTos7zlhaXmiYvntprjgY3jgYrpoZjjgYTjgZfjgb7jgZnjgIIKPC9GT05UPjwvVEQ+PC9UUj48L1RBQkxFPjwvVEQ+PC9UUj48L1RBQkxFPjxCUj48QlI+PEJSPjxUQUJMRSBXSURUSD02MDAgQ0VMTFNQQUNJTkc9MSBCT1JERVI9MCBDRUxMUEFERElORz0xIEJHQ09MT1I9I0NDQ0NDQz48VFI+PFREIEJHQ09MT1I9I0ZGN0Y1MD48VEFCTEUgV0lEVEg9MTAwJSBDRUxMU1BBQ0lORz0yIEJPUkRFUj0wIENFTExQQURESU5HPTU+PFRSPjxURCBBTElHTj1sZWZ0IEJHQ09MT1I9I0ZGN0Y1MD48Rk9OVCBDT0xPUj0jMzMzMzMzIFNJWkU9Mz48Qj7imIXimIXnmbrpgIHmlrnms5Uv6YCB5paZ4piF4piFPC9CPjwvRk9OVD48L1REPjwvVFI+PC9UQUJMRT48VEFCTEUgV0lEVEg9MTAwJSBDRUxMU1BBQ0lORz0yIEJPUkRFUj0wIENFTExQQURESU5HPTA+PFRSPjxURCBIRUlHSFQ9MiBCR0NPTE9SPSNDQ0JCQUE+PC9URD48L1RSPjwvVEFCTEU+PFRBQkxFIFdJRFRIPTEwMCUgQ0VMTFNQQUNJTkc9MiBCT1JERVI9MCBDRUxMUEFERElORz01PjxUUj48VEQgQUxJR049bGVmdCBCR0NPTE9SPSNGRkY4RUU+PEZPTlQgQ09MT1I9IzMzMzMzMyBTSVpFPTM+PEJSPuWVhuWTgeWQjeOBq+OAkOmAgeaWmeeEoeaWmeOAkeOBruiomOi8ieOBjOOBguOCi+WgtOWQiOOBr+OAgemAgeaWmeeEoeaWmeOBp+OBmeOAgjxCUj48QlI+PEZPTlQgU0laRT01PuOAkOWFqOWbvemAgeaWmeihqOOAkTwvRk9OVD7jgpLjgZTnorroqo3kuIvjgZXjgYTjgb7jgZvjgII8QlI+PEJSPuikh+aVsOOBruWVhuWTgeOCkuWQjOaiseWPr+iDveOBp+OBmeOAgjxCUj7igLvlkIzmorHjgpLjgZTluIzmnJvjga7loLTlkIjjgIHlv4XjgZrlkIzjgZjjgYrosrfjgYTnianjgqvjgrTvvIjjgqvjg7zjg4jvvInjgafjgZTms6jmlofkuIvjgZXjgYTjgII8QlI+5rOo5oSP77ya44Kr44O844OV44Kj44Or44Og44Gu6KSH5pWw5ZCM5qKx44Gu5aC05ZCI5LiA44Gk44Gu562S44Gr44G+44Go44KB44Gm5qKx5YyF6Ie044GX44G+44GZ44CCPEJSPuS6iOOCgeOBlOS6huaJv+S4i+OBleOBhOOBvuOBm+OAgjxCUj48QlI+4oC75Yil44CF44Gu44GK6LK344GE54mp44Kr44K044Gn5rOo5paH44GV44KM44Gf5aC05ZCI44Gv5Yil44CF44Gu562S44Gr5qKx5YyF44GX55m66YCB6Ie044GX44G+44GZ44CCPEJSPuOBneOBrueCuuOAgemAgeaWmeODu+S7o+W8leOBjeaJi+aVsOaWmeOBr+eZuumAgeWAi+aVsOWIhuiri+axguOBleOBm+OBpumgguOBjeOBvuOBmeOAgjxCUj48QlI+4oC75Yil44CF44Gu44GK6LK344GE54mp44Kr44K044Gn5rOo5paH44GX44CB6YCB5paZ77yR5YCL5Y+j5YiG44Gn44Gu44GK5pSv5omV44GEPEJSPuOBleOCjOOBn+WgtOWQiOOBr+WQjOaiseW4jOacm+OBqOWIpOaWreOBl+eZuumAgeiHtOOBl+OBvuOBmeOAgjxCUj48QlI+4piF55m66YCB44Gr6Zai44GZ44KL5rOo5oSP5LqL6aCF4piFPEJSPi0tLS0tLS0tLS0tLS0tLS0tLS0tLS0tLS0tLS0tLS0tLS0tLS0tLS0gPEJSPuW9k+aWueaMh+WumuWuheaApeS+v+OBp+OBmeOBruOBp+mFjemAgealreiAheOBr+mBuOaKnuOBp+OBjeOBvuOBm+OCk+OAgiA8QlI+5pmC6ZaT5oyH5a6a44Gv5a++5b+c44GE44Gf44GX44Gm44GK44KK44G+44Gb44KT44CCPEJSPueZuumAgemAo+e1oeOBq+iomOi8ieOBruWVj+OBhOWQiOOCj+OBm+eVquWPt+OBp+OBlOiHqui6q+OBp+OBlOeiuuiqjemgguOBkeOBvuOBmeOAgjxCUj7pm6Lls7bjga/nmbrpgIHjgYzkuIDml6XpgYXjgozjgb7jgZnjgIIgPEJSPi0tLS0tLS0tLS0tLS0tLS0tLS0tLS0tLS0tLS0tLS0tLS0tLS0tLS08QlI+4piF5ZWG5ZOB5Luj5byV4piF44CA44CAPEJSPuWuheaApeS+v+mAgeaWmSvliKXpgJTmiYvmlbDmlpnvvJPvvJfvvJDlhoYgPEJSPi0tLS0tLS0tLS0tLS0tLS0tLS0tLS0tLS0tLS0tLS0tLS0tLS0tLS0gPEJSPjEy5pmC5Y2K44G+44Gn44Gr44GU5YWl6YeR44GM56K66KqN5Ye65p2l44Gf44GU5rOo5paH44CBPEJSPuOBvuOBn+OBr+WVhuWTgeS7o+W8leOBruOBlOazqOaWh+OBr+WNs+aXpeeZuumAgeOBleOBm+OBpumgguOBjeOBvuOBmeOAgjxCUj7lrprkvJHml6XjgIDkvJrnpL7mpoLopoHoqJjovIkv6Ieo5pmC5LyR5qWt44Gu44GU5qGI5YaF44Gv5b2T5bqX44Oa44O844K45YaF44Gr5o6y6LyJ44GX44G+44GZ44CCPC9GT05UPjwvVEQ+PC9UUj48L1RBQkxFPjwvVEQ+PC9UUj48L1RBQkxFPjxCUj48VEFCTEUgV0lEVEg9NjAwIENFTExTUEFDSU5HPTEgQk9SREVSPTAgQ0VMTFBBRERJTkc9MSBCR0NPTE9SPSNDQ0NDQ0M+PFRSPjxURCBCR0NPTE9SPSNGRjdGNTA+PFRBQkxFIFdJRFRIPTEwMCUgQ0VMTFNQQUNJTkc9MiBCT1JERVI9MCBDRUxMUEFERElORz01PjxUUj48VEQgQUxJR049bGVmdCBCR0NPTE9SPSNGRjdGNTA+PEZPTlQgQ09MT1I9IzMzMzMzMyBTSVpFPTM+PEI+4piF4piF5pSv5omV5pa55rOV4piFPC9CPjwvRk9OVD48L1REPjwvVFI+PC9UQUJMRT48VEFCTEUgV0lEVEg9MTAwJSBDRUxMU1BBQ0lORz0yIEJPUkRFUj0wIENFTExQQURESU5HPTA+PFRSPjxURCBIRUlHSFQ9MiBCR0NPTE9SPSNDQ0JCQUE+PC9URD48L1RSPjwvVEFCTEU+PFRBQkxFIFdJRFRIPTEwMCUgQ0VMTFNQQUNJTkc9MiBCT1JERVI9MCBDRUxMUEFERElORz01PjxUUj48VEQgQUxJR049bGVmdCBCR0NPTE9SPSNGRkY4RUU+PEZPTlQgQ09MT1I9IzMzMzMzMyBTSVpFPTM+4peP5qW95aSp6YqA6KGM44CA5oyv6L68PEJSPuKXj+WVhuWTgeS7o+W8lTxCUj7il4/jgq/jg6zjgrjjg4Pjg4jjgqvjg7zjg4nmsbrmuIg8QlI+4peP44Kz44Oz44OT44OL5rG65riI77yI5YmN5omV44GE77yJPEJSPuKXj+alveWkqUVkeeaxuua4iDxCUj7il49hdeOBi+OCk+OBn+OCk+axuua4iDxCUj48L0ZPTlQ+PC9URD48L1RSPjwvVEFCTEU+PC9URD48L1RSPjwvVEFCTEU+PEJSPjxpbWcgc3JjPWh0dHA6Ly9pbWFnZS5yYWt1dGVuLmNvLmpwL2F1Yy1hdXRvbWF4L2NhYmluZXQvMDM0MDY2MzgvaW1ncmMwMDY4MTc2OTI0LmdpZiB3aWR0aD02MDA+PEJSPjxCUj48SU1HIFNSQz1odHRwOi8vaW1hZ2UucmFrdXRlbi5jby5qcC9hdWMtYXV0b21heC9jYWJpbmV0LzAzNTYxOTI1L2ltZzYzMTkzNzgzLmdpZiBXSURUSD02MDA+PC9DRU5URVI+PEJSPjxCUj48Q0VOVEVSPjxJTUcgV0lEVEg9NTIwIFNSQz1odHRwOi8vaW1hZ2UucmFrdXRlbi5jby5qcC9hdWMtYXV0b21heC9jYWJpbmV0LzAyNTY1NzE3L2ltZzY0NzUzMTExLmdpZj48QlI+PElNRyBXSURUSD01MjAgU1JDPWh0dHA6Ly9pbWFnZS5yYWt1dGVuLmNvLmpwL2F1Yy1hdXRvbWF4L2NhYmluZXQvMDI1NjU3MTcvaW1nNjQ3NTc5ODcuZ2lmPjxCUj48L0NFTlRFUj48L0NFTlRFUj48L1RBQkxFPjwvQ0VOVEVSPjxjZW50ZXI+Cjxicj4KPGltZyBTUkM9aHR0cDovL2ltYWdlLnJha3V0ZW4uY28uanAvYXVjLWF1dG9tYXgvY2FiaW5ldC9pbWdyYzAwNjczODIyNzYuZ2lmIHdpZHRoPTY3MCBoZWlnaHQ9NDAwPjxCUj4KPGJyPgo8aW1nIFNSQz1odHRwOi8vaW1hZ2UucmFrdXRlbi5jby5qcC9hdWMtYXV0b21heC9jYWJpbmV0L2ltZzYwMzMzMDA0LmdpZiB3aWR0aD02NzAgaGVpZ2h0PTEyMD48QlI+Cjxicj4KCjxicj48L2NlbnRlcj4=,44GC44GZ5qW9IOWvvuW/nCDjg5Xjg63jg7Pjg4gg44Kr44Oq44O844OKIFQxOSDjgqvjg4Pjg4jmuIjjgb8g44Kr44O844OV44Kj44Or44OgIOi7iueoruWIpSDjgrnjg6Ljg7zjgq8g44K744OD44OIIOi7iueoruWwgueUqCDjgqbjgqTjg7Pjg4njgqYg56qT44Ks44Op44K5IOaIkOW9oiDjg5XjgqTjg6vjg6BVVuOCq+ODg+ODiCDjg4/jg7zjg4njgrPjg7zjg4ggRElZIOaWveW3pSDmlrnms5Ug6LK844KK5pa5IDPnqK7poZ7jga7pgI/pgY7njofpgJrosqkg5aSn6ZiqIOOAkOWVhuWTgeS4gOimp+OAke+8mkFVVE9NQVggaXp1bWk=,44Kr44OD44OG44Kj44Oz44Kw44K344O844OI44Oi44OL44K/44O844K544K/44Oz44OJ44Ki44Or44Kr44Oz44K/44O844Op6Kq/44K544Ko44O844OJ55Sf5Zyw44K344O844OI5rGO55So44OR44O844OE6Ieq5YuV6LuK44Ki44Kv44K744K144Oq44O844Oh44OD44Kt44Oi44O844Or6YCB5paZ54Sh5paZ44K544OG44OD44Kr44O844Kr44O855So5ZOB44OQ44Kk44Kv55So5ZOB44OJ44Os44K544Ki44OD44OX44Op44Kw44K444Ol44Ki44Oq44O85YaF6KOF5aSW6KOF44Kr44OD44OI5riI44G/44Kr44O844OV44Kj44Or44Og5aSn6Ziq6YCa6LKp5r+A5a6J5qC85a6J5pa95bel44GC44GZ5qW9IOWvvuW/nCDjg5Xjg63jg7Pjg4gg44Kr44Oq44O844OKIFQxOSDjgqvjg4Pjg4jmuIjjgb8g44Kr44O844OV44Kj44Or44OgIOi7iueoruWIpSDjgrnjg6Ljg7zjgq8g44K744OD44OIIOi7iueoruWwgueUqCDjgqbjgqTjg7Pjg4njgqYg56qT44Ks44Op44K5IOaIkOW9oiDjg5XjgqTjg6vjg6BVVuOCq+ODg+ODiCDjg4/jg7zjg4njgrPjg7zjg4ggRElZIOaWveW3pSDmlrnms5Ug6LK844KK5pa5IDPnqK7poZ7jga7pgI/pgY7njofpgJrosqkg5aSn6ZiqIOOAkOWVhuWTgeS4gOimp+OAkQ==,44GT44Gu5ZWG5ZOB44Gv6YCB5paZIOWFqOWbveS4gOW+izYwMOWGhiDjgafjgZko5YyX5rW36YGTL+aylue4hOmZpOOBjynlkIzmorHlj6/og73jgILjgILjgYLjgZnmpb0g5a++5b+cIOODleODreODs+ODiCDjgqvjg6rjg7zjg4ogVDE5IOOCq+ODg+ODiOa4iOOBvyDjgqvjg7zjg5XjgqPjg6vjg6Ag6LuK56iu5YilIOOCueODouODvOOCryDjgrvjg4Pjg4gg6LuK56iu5bCC55SoIOOCpuOCpOODs+ODieOCpiDnqpPjgqzjg6njgrkg5oiQ5b2iIOODleOCpOODq+ODoFVW44Kr44OD44OIIOODj+ODvOODieOCs+ODvOODiCBESVkg5pa95belIOaWueazlSDosrzjgormlrkgM+eorumhnuOBrumAj+mBjueOh+mAmuiyqSDlpKfpmKog44CQ5ZWG5ZOB5LiA6Kan44CR[rn]
12-37299,aHR0cDovL3RzaG9wLnIxMHMuanAvYXVjLWF1dG9tYXgvY2FiaW5ldC8wMjU2NTcxNy9pbWc2NDIyMTM3My5qcGc/Zml0aW49NzAwOjcwMA==,MTQ2MC4wMDAw,,6LuK55So5ZOB44O744OQ44Kk44Kv55So5ZOBID4g44Kr44O855So5ZOBID4g5YaF6KOF44OR44O844OEID4g44OV44Kj44Or44Og77yI44K544Oi44O844Kv77yJID4g44OI44Oo44K/55So,44CQ6YCB5paZ54Sh5paZ44CR44GC44GZ5qW9IOWvvuW/nCDjg5Xjg63jg7Pjg4gg44Kr44Oq44O844OKIEVEIFQyMCDjgqvjg4Pjg4jmuIjjgb8g44Kr44O844OV44Kj44Or44OgIOi7iueoruWIpSDjgrnjg6Ljg7zjgq8g44K744OD44OIIOi7iueoruWwgueUqCDjgqbjgqTjg7Pjg4njgqYg56qT44Ks44Op44K5IOaIkOW9oiDjg5XjgqTjg6vjg6BVVuOCq+ODg+ODiCDjg4/jg7zjg4njgrPjg7zjg4ggRElZIOaWveW3pSDmlrnms5Ug6LK844KK5pa5IDPnqK7poZ7jga7pgI/pgY7njofpgJrosqkg5aSn6Ziq44CQUkNQ44CR,,PENFTlRFUj48aW1nIHNyYz1odHRwOi8vaW1hZ2UucmFrdXRlbi5jby5qcC9hdWMtYXV0b21heC9jYWJpbmV0LzAzNDA2NjM4L2ltZ3JjMDA2ODE3NjkyMS5naWYgd2lkdGg9NjAwPjwvY2VudGVyPjxCUj48Q0VOVEVSPjxCUj48Rk9OVCBTSVpFPTUgQ09MT1I9I2ZmMDAwMD7lvZPlupfjga7jgqvjg4Pjg4jmuIjjgb/jgqvjg7zjg5XjgqPjg6vjg6Djga88L0ZPTlQ+PEJSPjxGT05UIFNJWkU9NSBDT0xPUj0jZmYwMDAwPjxCPk1BREXjgIBJTuOAgEpBUEFO44CAPC9CPjwvRk9OVD48QlI+PEZPTlQgU0laRT01IENPTE9SPSNmZjAwMDA+77yI57Sr5aSW57eaVVbjgIA5Oe+8heOCq+ODg+ODiO+8ieOBp+OBmeOAgjwvRk9OVD48QlI+PFRSPiA8VEQgSEVJR0hUPTY+PC9URD4gPFREIEhFSUdIVD02PjwvVEQ+IDxURCBIRUlHSFQ9Nj48L1REPiA8L1RSPjxCUj48Q0VOVEVSPjxGT05UIENPTE9SPSNDQ0JCQUEgU0laRT00PjxCPjwvQj48L0ZPTlQ+PEJSPjxCUj48VEFCTEUgV0lEVEg9NjAwIENFTExTUEFDSU5HPTEgQk9SREVSPTAgQ0VMTFBBRERJTkc9MSBCR0NPTE9SPSNDQ0NDQ0M+PFRSPjxURCBCR0NPTE9SPSNGRjdGNTA+PFRBQkxFIFdJRFRIPTEwMCUgQ0VMTFNQQUNJTkc9MiBCT1JERVI9MCBDRUxMUEFERElORz01PjxUUj48VEQgQUxJR049bGVmdCBCR0NPTE9SPSNGRjdGNTA+PEZPTlQgQ09MT1I9IzMzMzMzMyBTSVpFPTM+PEI+4piF4piF5ZWG5ZOB6Kqs5piO4piF4piFPC9CPjwvRk9OVD48L1REPjwvVFI+PC9UQUJMRT48VEFCTEUgV0lEVEg9MTAwJSBDRUxMU1BBQ0lORz0yIEJPUkRFUj0wIENFTExQQURESU5HPTA+PFRSPjxURCBIRUlHSFQ9MiBCR0NPTE9SPSNDQ0JCQUE+PC9URD48L1RSPjwvVEFCTEU+PFRBQkxFIFdJRFRIPTEwMCUgQ0VMTFNQQUNJTkc9MiBCT1JERVI9MCBDRUxMUEFERElORz01PjxUUj48VEQgQUxJR049bGVmdCBCR0NPTE9SPSNGRkY4RUU+PEZPTlQgQ09MT1I9IzMzMzMzMyBTSVpFPTM+PEJSPuS+oeagvOOCkui2iuOBiOOBn+WTgeizquOCkuaPkOS+m+OBhOOBn+OBl+OBpuOBiuOCiuOBvuOBmeOBruOBp+OBlOWuieW/g+OBj+OBoOOBleOBhOOAgjxCUj7lvZPmlrnjga7jg5XjgqPjg6vjg6Djga9JU08gOTAwMeWPluW+l+W3peWgtOOBq+OBpuijvemAoOOBleOCjOOAgTxCUj7kuJbnlYznmoTjgavmlaznp7DjgZXjgozjgovjgIBVS0FT44CM6Iux5Zu96KqN6Ki85qmf6Zai6KqN5a6a5a+p6K2w5Lya44CNPEJSPuOBruiqjeiovOOCguWPluW+l+OBl+OBpuOBiuOCiuOBvuOBmeOAguOAgOOAgFJlZy5OTyAwNTkuQTxCUj48QlI+4piF4piF4piF4piF4piF6YGp5ZCI6LuK56iu4piF4piF4piF4piF4piFPEJSPumBqeWQiOWei+W8jyBTVDIwMOODu1NUMjAy44O7U1QyMDPjg7tTVDIwNSA8QlI+6YGp5ZCI5bm05byPIOW5s+aIkO+8leW5tO+8ke+8kOaciO+9nuW5s+aIkO+8ke+8kOW5tO+8ke+8kuaciCA8QlI+PEJSPuKYheKYheKYheKYheKYheOCu+ODg+ODiOWGheWuueKYheKYheKYheKYheKYhTxCUj48QlI+44K/44Kk44OI44Or44Gu44KC44Gu44Go44Gq44KK44G+44GZ44CCPEJSPuODleODreODs+ODiOOBruWgtOWQiD3pgYvou6LluK0v5Yqp5omL5bit44CQ5LiJ6KeS56qT44GM44GC44KL44KC44Gu44Gv5ZCr44G+44KM44G+44GZ44CRPEJSPuODquOColNFVOOBruWgtOWQiD3jg5Xjg63jg7Pjg4jjgJDpgYvou6LluK0v5Yqp5omL5bit44CR44KI44KK5b6M44KN5YWo44Gm44GuU0VU44Gn44GZPEJSPueUu+WDj+OBr+OCpOODoeODvOOCuOOBp+OBmeOBruOBp+OAgOi7iueoruOBq+OCiOOCiueVsOOBquOCiuOBvuOBmeOAgjxCUj7jgZTos7zlhaXmmYLjgIEz6Imy44Gu5Lit44GL44KJ44GK6YG444Gz44GP44Gg44GV44GE44CCPEJSPuODu+OCguOBo+OBqOOCgua/g+OBhOOCueODouODvOOCrz3jgrnjg7zjg5Hjg7zjg5bjg6njg4Pjgq/vvJXvvIU8QlI+44O75r+D44GE44K544Oi44O844KvPeODgOODvOOCr+OCueODouODvOOCr++8ke+8le+8hTxCUj7jg7vntJTmraPlkIzmp5jjga7jgrnjg6Ljg7zjgq8944OX44Op44Kk44OQ44K344O844K544Oi44O844Kv77yS77yW77yFPEJSPuOBlOazqOaWh+W+jOOBruiJsuOBruWkieabtOOBr+WHuuadpeOBi+OBreOBvuOBmeOAgjxCUj48QlI+PEJSPuODuyDnlLvlg4/jga/jgqTjg6Hjg7zjgrjjgafjgZnjgII8QlI+44O7IOODleOCo+ODq+ODoOOBr+OCreOCuuOBruOBpOOBjeOBq+OBj+OBhDxCUj7jg4/jg7zjg4njgrPjg7zjg4jjg5XjgqPjg6vjg6DjgpLkvb/nlKjjgZfjgabjgYrjgorjgb7jgZnjgII8QlI+PEJSPjxGT05UIFNJWkU9NT7imIXimIXimIXms6jmhI/kuovpoIUv5YWN6LKs5LqL6aCF4piF4piF4piFPC9GT05UPjxCUj7jg7vmpa3li5nnlKjjga7ngrrlpJbnrrHjg7voqqzmmI7mm7jnrYnku5jlsZ7oh7TjgZfjgb7jgZvjgpPjgII8QlI+44O76aCY5Y+O5pu444Gu55m66KGM44Gv44Gn44GN44G+44Gb44KT44Gu44Gn44GU5LqG5om/5LiL44GV44GE44CCPEJSPuODu+S9v+eUqOazleetieOBq+mWouOBmeOCi+OCteODneODvOODiOOBr+S4gOWIh+WHuuadpeOBvuOBm+OCk+OAgjxCUj7pganlkIjjgYvlkKbjgYvjgavjgaTjgY3jgb7jgZfjgabjga/llYblk4HoqqzmmI7jgavoqJjovInjgZfjgabjgYrjgorjgb7jgZk8QlI+6YGp5ZCI6LuK56iu44O75Z6L5byP44O75bm05byP44Gr44Gm44GK5a6i5qeY44GU6Ieq6Lqr44Gn44GU5Yik5pat44GK6aGY44GE6Ie044GX44G+44GZ44CCPEJSPjxCUj48QlI+PEZPTlQgU0laRT01PuOAkOOBlOizvOWFpeWJjeOBq+W/heOBmuOCr+ODquODg+OCr+OAkTwvRk9OVD48QlI+44GU6LO85YWl6aCC44GE44Gf5pmC54K544Gn44CB5LiK6KiY44KS44Kv44Oq44OD44Kv44GXPEJSPuOBlOeiuuiqjeODu+OBlOS6huaJv+mgguOBhOOBn+S4iuOBp+OBruOBlOizvOWFpeOBqOWIpOaWreOBlzxCUj7jgYrlj5blvJXjgZXjgZvjgabpoILjgY3jgb7jgZnjgII8QlI+44GU6LO85YWl5b6M44Gu44Kt44Oj44Oz44K744Or44Gv44GK5pat44KK44GX44Gm44GK44KK44G+44GZ44CCPEJSPjxCUj48QlI+PEZPTlQgU0laRT01PuOAkOaWreeGseODleOCo+ODq+ODoOOBuOOBruWkieabtOOCquODl+OCt+ODp+ODs+OAkTwvRk9OVD48QlI+5pat54ax44K/44Kk44OX44Gu44OV44Kj44Or44Og44KS44GU5biM5pyb44Gu5aC05ZCI44CB5LiK6KiY44Oq44Oz44Kv44KS44Kv44Oq44OD44Kv44GXPEJSPuOBlOW4jOacm+OBrui7iueoruWIpeOCq+ODg+ODiOa4iOOBv+OCq+ODvOODleOCo+ODq+ODoOOBqOS4gOe3kuOBq+OAgeOBlOizvOWFpeaJi+e2muOBjeOBiumhmOOBhOOBl+OBvuOBmeOAgjxCUj48QlI+PEJSPjxGT05UIFNJWkU9NT7jgJDjg5/jg6njg7zjg5XjgqPjg6vjg6Djgafjga7jgqvjg4Pjg4gg44Kq44OX44K344On44Oz44CRPC9GT05UPjxCUj7jg5/jg6njg7zjg5XjgqPjg6vjg6Djgafjga7oo73kvZzjgpLjgZTluIzmnJvjga7loLTlkIjjgIHkuIroqJjjg6rjg7Pjgq/jgpLjgq/jg6rjg4Pjgq/jgZc8QlI+44GU5biM5pyb44Gu6LuK56iu5Yil44Kr44OD44OI5riI44G/44Kr44O844OV44Kj44Or44Og44Go5LiA57eS44Gr44CB44GU6LO85YWl5omL57aa44GN44GK6aGY44GE44GX44G+44GZ44CCCjwvRk9OVD48L1REPjwvVFI+PC9UQUJMRT48L1REPjwvVFI+PC9UQUJMRT48QlI+PEJSPjxCUj48VEFCTEUgV0lEVEg9NjAwIENFTExTUEFDSU5HPTEgQk9SREVSPTAgQ0VMTFBBRERJTkc9MSBCR0NPTE9SPSNDQ0NDQ0M+PFRSPjxURCBCR0NPTE9SPSNGRjdGNTA+PFRBQkxFIFdJRFRIPTEwMCUgQ0VMTFNQQUNJTkc9MiBCT1JERVI9MCBDRUxMUEFERElORz01PjxUUj48VEQgQUxJR049bGVmdCBCR0NPTE9SPSNGRjdGNTA+PEZPTlQgQ09MT1I9IzMzMzMzMyBTSVpFPTM+PEI+4piF4piF55m66YCB5pa55rOVL+mAgeaWmeKYheKYhTwvQj48L0ZPTlQ+PC9URD48L1RSPjwvVEFCTEU+PFRBQkxFIFdJRFRIPTEwMCUgQ0VMTFNQQUNJTkc9MiBCT1JERVI9MCBDRUxMUEFERElORz0wPjxUUj48VEQgSEVJR0hUPTIgQkdDT0xPUj0jQ0NCQkFBPjwvVEQ+PC9UUj48L1RBQkxFPjxUQUJMRSBXSURUSD0xMDAlIENFTExTUEFDSU5HPTIgQk9SREVSPTAgQ0VMTFBBRERJTkc9NT48VFI+PFREIEFMSUdOPWxlZnQgQkdDT0xPUj0jRkZGOEVFPjxGT05UIENPTE9SPSMzMzMzMzMgU0laRT0zPjxCUj7llYblk4HlkI3jgavjgJDpgIHmlpnnhKHmlpnjgJHjga7oqJjovInjgYzjgYLjgovloLTlkIjjga/jgIHpgIHmlpnnhKHmlpnjgafjgZnjgII8QlI+PEJSPjxGT05UIFNJWkU9NT7jgJDlhajlm73pgIHmlpnooajjgJE8L0ZPTlQ+44KS44GU56K66KqN5LiL44GV44GE44G+44Gb44CCPEJSPjxCUj7opIfmlbDjga7llYblk4HjgpLlkIzmorHlj6/og73jgafjgZnjgII8QlI+4oC75ZCM5qKx44KS44GU5biM5pyb44Gu5aC05ZCI44CB5b+F44Ga5ZCM44GY44GK6LK344GE54mp44Kr44K077yI44Kr44O844OI77yJ44Gn44GU5rOo5paH5LiL44GV44GE44CCPEJSPuazqOaEj++8muOCq+ODvOODleOCo+ODq+ODoOOBruikh+aVsOWQjOaiseOBruWgtOWQiOS4gOOBpOOBruetkuOBq+OBvuOBqOOCgeOBpuaiseWMheiHtOOBl+OBvuOBmeOAgjxCUj7kuojjgoHjgZTkuobmib/kuIvjgZXjgYTjgb7jgZvjgII8QlI+PEJSPuKAu+WIpeOAheOBruOBiuiyt+OBhOeJqeOCq+OCtOOBp+azqOaWh+OBleOCjOOBn+WgtOWQiOOBr+WIpeOAheOBruetkuOBq+aiseWMheOBl+eZuumAgeiHtOOBl+OBvuOBmeOAgjxCUj7jgZ3jga7ngrrjgIHpgIHmlpnjg7vku6PlvJXjgY3miYvmlbDmlpnjga/nmbrpgIHlgIvmlbDliIboq4vmsYLjgZXjgZvjgabpoILjgY3jgb7jgZnjgII8QlI+PEJSPuKAu+WIpeOAheOBruOBiuiyt+OBhOeJqeOCq+OCtOOBp+azqOaWh+OBl+OAgemAgeaWme+8keWAi+WPo+WIhuOBp+OBruOBiuaUr+aJleOBhDxCUj7jgZXjgozjgZ/loLTlkIjjga/lkIzmorHluIzmnJvjgajliKTmlq3jgZfnmbrpgIHoh7TjgZfjgb7jgZnjgII8QlI+PEJSPuKYheeZuumAgeOBq+mWouOBmeOCi+azqOaEj+S6i+mgheKYhTxCUj4tLS0tLS0tLS0tLS0tLS0tLS0tLS0tLS0tLS0tLS0tLS0tLS0tLS0tIDxCUj7lvZPmlrnmjIflrprlroXmgKXkvr/jgafjgZnjga7jgafphY3pgIHmpa3ogIXjga/pgbjmip7jgafjgY3jgb7jgZvjgpPjgIIgPEJSPuaZgumWk+aMh+WumuOBr+WvvuW/nOOBhOOBn+OBl+OBpuOBiuOCiuOBvuOBm+OCk+OAgjxCUj7nmbrpgIHpgKPntaHjgavoqJjovInjga7llY/jgYTlkIjjgo/jgZvnlarlj7fjgafjgZToh6rouqvjgafjgZTnorroqo3poILjgZHjgb7jgZnjgII8QlI+6Zui5bO244Gv55m66YCB44GM5LiA5pel6YGF44KM44G+44GZ44CCIDxCUj4tLS0tLS0tLS0tLS0tLS0tLS0tLS0tLS0tLS0tLS0tLS0tLS0tLS0tPEJSPuKYheWVhuWTgeS7o+W8leKYheOAgOOAgDxCUj7lroXmgKXkvr/pgIHmlpkr5Yil6YCU5omL5pWw5paZ77yT77yX77yQ5YaGIDxCUj4tLS0tLS0tLS0tLS0tLS0tLS0tLS0tLS0tLS0tLS0tLS0tLS0tLS0tIDxCUj4xMuaZguWNiuOBvuOBp+OBq+OBlOWFpemHkeOBjOeiuuiqjeWHuuadpeOBn+OBlOazqOaWh+OAgTxCUj7jgb7jgZ/jga/llYblk4Hku6PlvJXjga7jgZTms6jmlofjga/ljbPml6XnmbrpgIHjgZXjgZvjgabpoILjgY3jgb7jgZnjgII8QlI+5a6a5LyR5pel44CA5Lya56S+5qaC6KaB6KiY6LyJL+iHqOaZguS8kealreOBruOBlOahiOWGheOBr+W9k+W6l+ODmuODvOOCuOWGheOBq+aOsui8ieOBl+OBvuOBmeOAgjwvRk9OVD48L1REPjwvVFI+PC9UQUJMRT48L1REPjwvVFI+PC9UQUJMRT48QlI+PFRBQkxFIFdJRFRIPTYwMCBDRUxMU1BBQ0lORz0xIEJPUkRFUj0wIENFTExQQURESU5HPTEgQkdDT0xPUj0jQ0NDQ0NDPjxUUj48VEQgQkdDT0xPUj0jRkY3RjUwPjxUQUJMRSBXSURUSD0xMDAlIENFTExTUEFDSU5HPTIgQk9SREVSPTAgQ0VMTFBBRERJTkc9NT48VFI+PFREIEFMSUdOPWxlZnQgQkdDT0xPUj0jRkY3RjUwPjxGT05UIENPTE9SPSMzMzMzMzMgU0laRT0zPjxCPuKYheKYheaUr+aJleaWueazleKYhTwvQj48L0ZPTlQ+PC9URD48L1RSPjwvVEFCTEU+PFRBQkxFIFdJRFRIPTEwMCUgQ0VMTFNQQUNJTkc9MiBCT1JERVI9MCBDRUxMUEFERElORz0wPjxUUj48VEQgSEVJR0hUPTIgQkdDT0xPUj0jQ0NCQkFBPjwvVEQ+PC9UUj48L1RBQkxFPjxUQUJMRSBXSURUSD0xMDAlIENFTExTUEFDSU5HPTIgQk9SREVSPTAgQ0VMTFBBRERJTkc9NT48VFI+PFREIEFMSUdOPWxlZnQgQkdDT0xPUj0jRkZGOEVFPjxGT05UIENPTE9SPSMzMzMzMzMgU0laRT0zPuKXj+alveWkqemKgOihjOOAgOaMr+i+vDxCUj7il4/llYblk4Hku6PlvJU8QlI+4peP44Kv44Os44K444OD44OI44Kr44O844OJ5rG65riIPEJSPuKXj+OCs+ODs+ODk+ODi+axuua4iO+8iOWJjeaJleOBhO+8iTxCUj7il4/mpb3lpKlFZHnmsbrmuIg8QlI+4pePYXXjgYvjgpPjgZ/jgpPmsbrmuIg8QlI+PC9GT05UPjwvVEQ+PC9UUj48L1RBQkxFPjwvVEQ+PC9UUj48L1RBQkxFPjxCUj48aW1nIHNyYz1odHRwOi8vaW1hZ2UucmFrdXRlbi5jby5qcC9hdWMtYXV0b21heC9jYWJpbmV0LzAzNDA2NjM4L2ltZ3JjMDA2ODE3NjkyNC5naWYgd2lkdGg9NjAwPjxCUj48QlI+PElNRyBTUkM9aHR0cDovL2ltYWdlLnJha3V0ZW4uY28uanAvYXVjLWF1dG9tYXgvY2FiaW5ldC8wMzU2MTkyNS9pbWc2MzE5Mzc4My5naWYgV0lEVEg9NjAwPjwvQ0VOVEVSPjxCUj48QlI+PENFTlRFUj48SU1HIFdJRFRIPTUyMCBTUkM9aHR0cDovL2ltYWdlLnJha3V0ZW4uY28uanAvYXVjLWF1dG9tYXgvY2FiaW5ldC8wMjU2NTcxNy9pbWc2NDc1MzExMS5naWY+PEJSPjxJTUcgV0lEVEg9NTIwIFNSQz1odHRwOi8vaW1hZ2UucmFrdXRlbi5jby5qcC9hdWMtYXV0b21heC9jYWJpbmV0LzAyNTY1NzE3L2ltZzY0NzU3OTg3LmdpZj48QlI+PC9DRU5URVI+PC9DRU5URVI+PC9UQUJMRT48L0NFTlRFUj48Y2VudGVyPgo8YnI+CjxpbWcgU1JDPWh0dHA6Ly9pbWFnZS5yYWt1dGVuLmNvLmpwL2F1Yy1hdXRvbWF4L2NhYmluZXQvaW1ncmMwMDY3MzgyMjc2LmdpZiB3aWR0aD02NzAgaGVpZ2h0PTQwMD48QlI+Cjxicj4KPGltZyBTUkM9aHR0cDovL2ltYWdlLnJha3V0ZW4uY28uanAvYXVjLWF1dG9tYXgvY2FiaW5ldC9pbWc2MDMzMzAwNC5naWYgd2lkdGg9NjcwIGhlaWdodD0xMjA+PEJSPgo8YnI+Cgo8YnI+PC9jZW50ZXI+,44CQ6YCB5paZ54Sh5paZ44CR44GC44GZ5qW9IOWvvuW/nCDjg5Xjg63jg7Pjg4gg44Kr44Oq44O844OKIEVEIFQyMCDjgqvjg4Pjg4jmuIjjgb8g44Kr44O844OV44Kj44Or44OgIOi7iueoruWIpSDjgrnjg6Ljg7zjgq8g44K744OD44OIIOi7iueoruWwgueUqCDjgqbjgqTjg7Pjg4njgqYg56qT44Ks44Op44K5IOaIkOW9oiDjg5XjgqTjg6vjg6BVVuOCq+ODg+ODiCDjg4/jg7zjg4njgrPjg7zjg4ggRElZIOaWveW3pSDmlrnms5Ug6LK844KK5pa5IDPnqK7poZ7jga7pgI/pgY7njofpgJrosqkg5aSn6Ziq44CQUkNQ44CR77yaQVVUT01BWCBpenVtaQ==,44Kr44OD44OG44Kj44Oz44Kw44K344O844OI44Oi44OL44K/44O844K544K/44Oz44OJ44Ki44Or44Kr44Oz44K/44O844Op6Kq/44K544Ko44O844OJ55Sf5Zyw44K344O844OI5rGO55So44OR44O844OE6Ieq5YuV6LuK44Ki44Kv44K744K144Oq44O844Oh44OD44Kt44Oi44O844Or6YCB5paZ54Sh5paZ44K544OG44OD44Kr44O844Kr44O855So5ZOB44OQ44Kk44Kv55So5ZOB44OJ44Os44K544Ki44OD44OX44Op44Kw44K444Ol44Ki44Oq44O85YaF6KOF5aSW6KOF44Kr44OD44OI5riI44G/44Kr44O844OV44Kj44Or44Og5aSn6Ziq6YCa6LKp5r+A5a6J5qC85a6J5pa95bel44CQ6YCB5paZ54Sh5paZ44CR44GC44GZ5qW9IOWvvuW/nCDjg5Xjg63jg7Pjg4gg44Kr44Oq44O844OKIEVEIFQyMCDjgqvjg4Pjg4jmuIjjgb8g44Kr44O844OV44Kj44Or44OgIOi7iueoruWIpSDjgrnjg6Ljg7zjgq8g44K744OD44OIIOi7iueoruWwgueUqCDjgqbjgqTjg7Pjg4njgqYg56qT44Ks44Op44K5IOaIkOW9oiDjg5XjgqTjg6vjg6BVVuOCq+ODg+ODiCDjg4/jg7zjg4njgrPjg7zjg4ggRElZIOaWveW3pSDmlrnms5Ug6LK844KK5pa5IDPnqK7poZ7jga7pgI/pgY7njofpgJrosqkg5aSn6Ziq44CQUkNQ44CR,6YCB5paZ54Sh5paZ77yI5YyX5rW36YGTL+aylue4hOmZpOOBj++8ieS7o+W8leOBjeOBruWgtOWQiOOAgeWIpemAlOaJi+aVsOaWmTM3MOWGhuOAguOAkOmAgeaWmeeEoeaWmeOAkeOBguOBmealvSDlr77lv5wg44OV44Ot44Oz44OIIOOCq+ODquODvOODiiBFRCBUMjAg44Kr44OD44OI5riI44G/IOOCq+ODvOODleOCo+ODq+ODoCDou4rnqK7liKUg44K544Oi44O844KvIOOCu+ODg+ODiCDou4rnqK7lsILnlKgg44Km44Kk44Oz44OJ44KmIOeqk+OCrOODqeOCuSDmiJDlvaIg44OV44Kk44Or44OgVVbjgqvjg4Pjg4gg44OP44O844OJ44Kz44O844OIIERJWSDmlr3lt6Ug5pa55rOVIOiyvOOCiuaWuSAz56iu6aGe44Gu6YCP6YGO546H6YCa6LKpIOWkp+mYquOAkFJDUOOAkQ==[rn]
12-37300,aHR0cDovL3RzaG9wLnIxMHMuanAvYXVjLWF1dG9tYXgvY2FiaW5ldC8wMjU2NTcxNy9pbWc2NDIyMTM3My5qcGc/Zml0aW49NzAwOjcwMA==,MTQ2MC4wMDAw,,6LuK55So5ZOB44O744OQ44Kk44Kv55So5ZOBID4g44Kr44O855So5ZOBID4g5YaF6KOF44OR44O844OEID4g44OV44Kj44Or44Og77yI44K544Oi44O844Kv77yJID4g44OI44Oo44K/55So,44CQ6YCB5paZ54Sh5paZ44CR44GC44GZ5qW9IOWvvuW/nCDjg5Xjg63jg7Pjg4gg44Kr44Oq44O844OKIFQyMSDjgqvjg4Pjg4jmuIjjgb8g44Kr44O844OV44Kj44Or44OgIOi7iueoruWIpSDjgrnjg6Ljg7zjgq8g44K744OD44OIIOi7iueoruWwgueUqCDjgqbjgqTjg7Pjg4njgqYg56qT44Ks44Op44K5IOaIkOW9oiDjg5XjgqTjg6vjg6BVVuOCq+ODg+ODiCDjg4/jg7zjg4njgrPjg7zjg4ggRElZIOaWveW3pSDmlrnms5Ug6LK844KK5pa5IDPnqK7poZ7jga7pgI/pgY7njofpgJrosqkg5aSn6Ziq44CQUkNQ44CR,,PENFTlRFUj48aW1nIHNyYz1odHRwOi8vaW1hZ2UucmFrdXRlbi5jby5qcC9hdWMtYXV0b21heC9jYWJpbmV0LzAzNDA2NjM4L2ltZ3JjMDA2ODE3NjkyMS5naWYgd2lkdGg9NjAwPjwvY2VudGVyPjxCUj48Q0VOVEVSPjxCUj48Rk9OVCBTSVpFPTUgQ09MT1I9I2ZmMDAwMD7lvZPlupfjga7jgqvjg4Pjg4jmuIjjgb/jgqvjg7zjg5XjgqPjg6vjg6Djga88L0ZPTlQ+PEJSPjxGT05UIFNJWkU9NSBDT0xPUj0jZmYwMDAwPjxCPk1BREXjgIBJTuOAgEpBUEFO44CAPC9CPjwvRk9OVD48QlI+PEZPTlQgU0laRT01IENPTE9SPSNmZjAwMDA+77yI57Sr5aSW57eaVVbjgIA5Oe+8heOCq+ODg+ODiO+8ieOBp+OBmeOAgjwvRk9OVD48QlI+PFRSPiA8VEQgSEVJR0hUPTY+PC9URD4gPFREIEhFSUdIVD02PjwvVEQ+IDxURCBIRUlHSFQ9Nj48L1REPiA8L1RSPjxCUj48Q0VOVEVSPjxGT05UIENPTE9SPSNDQ0JCQUEgU0laRT00PjxCPjwvQj48L0ZPTlQ+PEJSPjxCUj48VEFCTEUgV0lEVEg9NjAwIENFTExTUEFDSU5HPTEgQk9SREVSPTAgQ0VMTFBBRERJTkc9MSBCR0NPTE9SPSNDQ0NDQ0M+PFRSPjxURCBCR0NPTE9SPSNGRjdGNTA+PFRBQkxFIFdJRFRIPTEwMCUgQ0VMTFNQQUNJTkc9MiBCT1JERVI9MCBDRUxMUEFERElORz01PjxUUj48VEQgQUxJR049bGVmdCBCR0NPTE9SPSNGRjdGNTA+PEZPTlQgQ09MT1I9IzMzMzMzMyBTSVpFPTM+PEI+4piF4piF5ZWG5ZOB6Kqs5piO4piF4piFPC9CPjwvRk9OVD48L1REPjwvVFI+PC9UQUJMRT48VEFCTEUgV0lEVEg9MTAwJSBDRUxMU1BBQ0lORz0yIEJPUkRFUj0wIENFTExQQURESU5HPTA+PFRSPjxURCBIRUlHSFQ9MiBCR0NPTE9SPSNDQ0JCQUE+PC9URD48L1RSPjwvVEFCTEU+PFRBQkxFIFdJRFRIPTEwMCUgQ0VMTFNQQUNJTkc9MiBCT1JERVI9MCBDRUxMUEFERElORz01PjxUUj48VEQgQUxJR049bGVmdCBCR0NPTE9SPSNGRkY4RUU+PEZPTlQgQ09MT1I9IzMzMzMzMyBTSVpFPTM+PEJSPuS+oeagvOOCkui2iuOBiOOBn+WTgeizquOCkuaPkOS+m+OBhOOBn+OBl+OBpuOBiuOCiuOBvuOBmeOBruOBp+OBlOWuieW/g+OBj+OBoOOBleOBhOOAgjxCUj7lvZPmlrnjga7jg5XjgqPjg6vjg6Djga9JU08gOTAwMeWPluW+l+W3peWgtOOBq+OBpuijvemAoOOBleOCjOOAgTxCUj7kuJbnlYznmoTjgavmlaznp7DjgZXjgozjgovjgIBVS0FT44CM6Iux5Zu96KqN6Ki85qmf6Zai6KqN5a6a5a+p6K2w5Lya44CNPEJSPuOBruiqjeiovOOCguWPluW+l+OBl+OBpuOBiuOCiuOBvuOBmeOAguOAgOOAgFJlZy5OTyAwNTkuQTxCUj48QlI+4piF4piF4piF4piF4piF6YGp5ZCI6LuK56iu4piF4piF4piF4piF4piFPEJSPgog44Oh44O844Kr44O877ya44OI44Oo44K/IDxCUj7ou4rlkI3vvJrjgqvjg6rjg7zjg4ogPEJSPui7iui8jOWei+W8j++8mlNUMjE1L0NUMjEw44O7MjEx44O7MjE144O7MjE2L0FUMjEw44O7MjEx44O7MjEyIDxCUj7lubTlvI/vvJrlubPmiJA4LjjvvZ4xMy4xMiAKPEJSPjxCUj7imIXimIXimIXimIXimIXjgrvjg4Pjg4jlhoXlrrnimIXimIXimIXimIXimIU8QlI+PEJSPuOCv+OCpOODiOODq+OBruOCguOBruOBqOOBquOCiuOBvuOBmeOAgjxCUj7jg5Xjg63jg7Pjg4jjga7loLTlkIg96YGL6Lui5bitL+WKqeaJi+W4reOAkOS4ieinkueqk+OBjOOBguOCi+OCguOBruOBr+WQq+OBvuOCjOOBvuOBmeOAkTxCUj7jg6rjgqJTRVTjga7loLTlkIg944OV44Ot44Oz44OI44CQ6YGL6Lui5bitL+WKqeaJi+W4reOAkeOCiOOCiuW+jOOCjeWFqOOBpuOBrlNFVOOBp+OBmTxCUj7nlLvlg4/jga/jgqTjg6Hjg7zjgrjjgafjgZnjga7jgafjgIDou4rnqK7jgavjgojjgornlbDjgarjgorjgb7jgZnjgII8QlI+44GU6LO85YWl5pmC44CBM+iJsuOBruS4reOBi+OCieOBiumBuOOBs+OBj+OBoOOBleOBhOOAgjxCUj7jg7vjgoLjgaPjgajjgoLmv4PjgYTjgrnjg6Ljg7zjgq8944K544O844OR44O844OW44Op44OD44Kv77yV77yFPEJSPuODu+a/g+OBhOOCueODouODvOOCrz3jg4Djg7zjgq/jgrnjg6Ljg7zjgq/vvJHvvJXvvIU8QlI+44O757SU5q2j5ZCM5qeY44Gu44K544Oi44O844KvPeODl+ODqeOCpOODkOOCt+ODvOOCueODouODvOOCr++8ku+8lu+8hTxCUj7jgZTms6jmloflvozjga7oibLjga7lpInmm7Tjga/lh7rmnaXjgYvjga3jgb7jgZnjgII8QlI+PEJSPjxCUj7jg7sg55S75YOP44Gv44Kk44Oh44O844K444Gn44GZ44CCPEJSPuODuyDjg5XjgqPjg6vjg6Djga/jgq3jgrrjga7jgaTjgY3jgavjgY/jgYQ8QlI+44OP44O844OJ44Kz44O844OI44OV44Kj44Or44Og44KS5L2/55So44GX44Gm44GK44KK44G+44GZ44CCPEJSPjxCUj48Rk9OVCBTSVpFPTU+4piF4piF4piF5rOo5oSP5LqL6aCFL+WFjeiyrOS6i+mgheKYheKYheKYhTwvRk9OVD48QlI+44O75qWt5YuZ55So44Gu54K65aSW566x44O76Kqs5piO5pu4562J5LuY5bGe6Ie044GX44G+44Gb44KT44CCPEJSPuODu+mgmOWPjuabuOOBrueZuuihjOOBr+OBp+OBjeOBvuOBm+OCk+OBruOBp+OBlOS6huaJv+S4i+OBleOBhOOAgjxCUj7jg7vkvb/nlKjms5XnrYnjgavplqLjgZnjgovjgrXjg53jg7zjg4jjga/kuIDliIflh7rmnaXjgb7jgZvjgpPjgII8QlI+6YGp5ZCI44GL5ZCm44GL44Gr44Gk44GN44G+44GX44Gm44Gv5ZWG5ZOB6Kqs5piO44Gr6KiY6LyJ44GX44Gm44GK44KK44G+44GZPEJSPumBqeWQiOi7iueoruODu+Wei+W8j+ODu+W5tOW8j+OBq+OBpuOBiuWuouanmOOBlOiHqui6q+OBp+OBlOWIpOaWreOBiumhmOOBhOiHtOOBl+OBvuOBmeOAgjxCUj48QlI+PEJSPjxGT05UIFNJWkU9NT7jgJDjgZTos7zlhaXliY3jgavlv4XjgZrjgq/jg6rjg4Pjgq/jgJE8L0ZPTlQ+PEJSPuOBlOizvOWFpemgguOBhOOBn+aZgueCueOBp+OAgeS4iuiomOOCkuOCr+ODquODg+OCr+OBlzxCUj7jgZTnorroqo3jg7vjgZTkuobmib/poILjgYTjgZ/kuIrjgafjga7jgZTos7zlhaXjgajliKTmlq3jgZc8QlI+44GK5Y+W5byV44GV44Gb44Gm6aCC44GN44G+44GZ44CCPEJSPuOBlOizvOWFpeW+jOOBruOCreODo+ODs+OCu+ODq+OBr+OBiuaWreOCiuOBl+OBpuOBiuOCiuOBvuOBmeOAgjxCUj48QlI+PEJSPjxGT05UIFNJWkU9NT7jgJDmlq3nhrHjg5XjgqPjg6vjg6Djgbjjga7lpInmm7Tjgqrjg5fjgrfjg6fjg7PjgJE8L0ZPTlQ+PEJSPuaWreeGseOCv+OCpOODl+OBruODleOCo+ODq+ODoOOCkuOBlOW4jOacm+OBruWgtOWQiOOAgeS4iuiomOODquODs+OCr+OCkuOCr+ODquODg+OCr+OBlzxCUj7jgZTluIzmnJvjga7ou4rnqK7liKXjgqvjg4Pjg4jmuIjjgb/jgqvjg7zjg5XjgqPjg6vjg6DjgajkuIDnt5LjgavjgIHjgZTos7zlhaXmiYvntprjgY3jgYrpoZjjgYTjgZfjgb7jgZnjgII8QlI+PEJSPjxCUj48Rk9OVCBTSVpFPTU+44CQ44Of44Op44O844OV44Kj44Or44Og44Gn44Gu44Kr44OD44OIIOOCquODl+OCt+ODp+ODs+OAkTwvRk9OVD48QlI+44Of44Op44O844OV44Kj44Or44Og44Gn44Gu6KO95L2c44KS44GU5biM5pyb44Gu5aC05ZCI44CB5LiK6KiY44Oq44Oz44Kv44KS44Kv44Oq44OD44Kv44GXPEJSPuOBlOW4jOacm+OBrui7iueoruWIpeOCq+ODg+ODiOa4iOOBv+OCq+ODvOODleOCo+ODq+ODoOOBqOS4gOe3kuOBq+OAgeOBlOizvOWFpeaJi+e2muOBjeOBiumhmOOBhOOBl+OBvuOBmeOAggo8L0ZPTlQ+PC9URD48L1RSPjwvVEFCTEU+PC9URD48L1RSPjwvVEFCTEU+PEJSPjxCUj48QlI+PFRBQkxFIFdJRFRIPTYwMCBDRUxMU1BBQ0lORz0xIEJPUkRFUj0wIENFTExQQURESU5HPTEgQkdDT0xPUj0jQ0NDQ0NDPjxUUj48VEQgQkdDT0xPUj0jRkY3RjUwPjxUQUJMRSBXSURUSD0xMDAlIENFTExTUEFDSU5HPTIgQk9SREVSPTAgQ0VMTFBBRERJTkc9NT48VFI+PFREIEFMSUdOPWxlZnQgQkdDT0xPUj0jRkY3RjUwPjxGT05UIENPTE9SPSMzMzMzMzMgU0laRT0zPjxCPuKYheKYheeZuumAgeaWueazlS/pgIHmlpnimIXimIU8L0I+PC9GT05UPjwvVEQ+PC9UUj48L1RBQkxFPjxUQUJMRSBXSURUSD0xMDAlIENFTExTUEFDSU5HPTIgQk9SREVSPTAgQ0VMTFBBRERJTkc9MD48VFI+PFREIEhFSUdIVD0yIEJHQ09MT1I9I0NDQkJBQT48L1REPjwvVFI+PC9UQUJMRT48VEFCTEUgV0lEVEg9MTAwJSBDRUxMU1BBQ0lORz0yIEJPUkRFUj0wIENFTExQQURESU5HPTU+PFRSPjxURCBBTElHTj1sZWZ0IEJHQ09MT1I9I0ZGRjhFRT48Rk9OVCBDT0xPUj0jMzMzMzMzIFNJWkU9Mz48QlI+5ZWG5ZOB5ZCN44Gr44CQ6YCB5paZ54Sh5paZ44CR44Gu6KiY6LyJ44GM44GC44KL5aC05ZCI44Gv44CB6YCB5paZ54Sh5paZ44Gn44GZ44CCPEJSPjxCUj48Rk9OVCBTSVpFPTU+44CQ5YWo5Zu96YCB5paZ6KGo44CRPC9GT05UPuOCkuOBlOeiuuiqjeS4i+OBleOBhOOBvuOBm+OAgjxCUj48QlI+6KSH5pWw44Gu5ZWG5ZOB44KS5ZCM5qKx5Y+v6IO944Gn44GZ44CCPEJSPuKAu+WQjOaiseOCkuOBlOW4jOacm+OBruWgtOWQiOOAgeW/heOBmuWQjOOBmOOBiuiyt+OBhOeJqeOCq+OCtO+8iOOCq+ODvOODiO+8ieOBp+OBlOazqOaWh+S4i+OBleOBhOOAgjxCUj7ms6jmhI/vvJrjgqvjg7zjg5XjgqPjg6vjg6Djga7opIfmlbDlkIzmorHjga7loLTlkIjkuIDjgaTjga7nrZLjgavjgb7jgajjgoHjgabmorHljIXoh7TjgZfjgb7jgZnjgII8QlI+5LqI44KB44GU5LqG5om/5LiL44GV44GE44G+44Gb44CCPEJSPjxCUj7igLvliKXjgIXjga7jgYrosrfjgYTnianjgqvjgrTjgafms6jmlofjgZXjgozjgZ/loLTlkIjjga/liKXjgIXjga7nrZLjgavmorHljIXjgZfnmbrpgIHoh7TjgZfjgb7jgZnjgII8QlI+44Gd44Gu54K644CB6YCB5paZ44O75Luj5byV44GN5omL5pWw5paZ44Gv55m66YCB5YCL5pWw5YiG6KuL5rGC44GV44Gb44Gm6aCC44GN44G+44GZ44CCPEJSPjxCUj7igLvliKXjgIXjga7jgYrosrfjgYTnianjgqvjgrTjgafms6jmlofjgZfjgIHpgIHmlpnvvJHlgIvlj6PliIbjgafjga7jgYrmlK/miZXjgYQ8QlI+44GV44KM44Gf5aC05ZCI44Gv5ZCM5qKx5biM5pyb44Go5Yik5pat44GX55m66YCB6Ie044GX44G+44GZ44CCPEJSPjxCUj7imIXnmbrpgIHjgavplqLjgZnjgovms6jmhI/kuovpoIXimIU8QlI+LS0tLS0tLS0tLS0tLS0tLS0tLS0tLS0tLS0tLS0tLS0tLS0tLS0tLSA8QlI+5b2T5pa55oyH5a6a5a6F5oCl5L6/44Gn44GZ44Gu44Gn6YWN6YCB5qWt6ICF44Gv6YG45oqe44Gn44GN44G+44Gb44KT44CCIDxCUj7mmYLplpPmjIflrprjga/lr77lv5zjgYTjgZ/jgZfjgabjgYrjgorjgb7jgZvjgpPjgII8QlI+55m66YCB6YCj57Wh44Gr6KiY6LyJ44Gu5ZWP44GE5ZCI44KP44Gb55Wq5Y+344Gn44GU6Ieq6Lqr44Gn44GU56K66KqN6aCC44GR44G+44GZ44CCPEJSPumbouWztuOBr+eZuumAgeOBjOS4gOaXpemBheOCjOOBvuOBmeOAgiA8QlI+LS0tLS0tLS0tLS0tLS0tLS0tLS0tLS0tLS0tLS0tLS0tLS0tLS0tLTxCUj7imIXllYblk4Hku6PlvJXimIXjgIDjgIA8QlI+5a6F5oCl5L6/6YCB5paZK+WIpemAlOaJi+aVsOaWme+8k++8l++8kOWGhiA8QlI+LS0tLS0tLS0tLS0tLS0tLS0tLS0tLS0tLS0tLS0tLS0tLS0tLS0tLSA8QlI+MTLmmYLljYrjgb7jgafjgavjgZTlhaXph5HjgYznorroqo3lh7rmnaXjgZ/jgZTms6jmlofjgIE8QlI+44G+44Gf44Gv5ZWG5ZOB5Luj5byV44Gu44GU5rOo5paH44Gv5Y2z5pel55m66YCB44GV44Gb44Gm6aCC44GN44G+44GZ44CCPEJSPuWumuS8keaXpeOAgOS8muekvuamguimgeiomOi8iS/oh6jmmYLkvJHmpa3jga7jgZTmoYjlhoXjga/lvZPlupfjg5rjg7zjgrjlhoXjgavmjrLovInjgZfjgb7jgZnjgII8L0ZPTlQ+PC9URD48L1RSPjwvVEFCTEU+PC9URD48L1RSPjwvVEFCTEU+PEJSPjxUQUJMRSBXSURUSD02MDAgQ0VMTFNQQUNJTkc9MSBCT1JERVI9MCBDRUxMUEFERElORz0xIEJHQ09MT1I9I0NDQ0NDQz48VFI+PFREIEJHQ09MT1I9I0ZGN0Y1MD48VEFCTEUgV0lEVEg9MTAwJSBDRUxMU1BBQ0lORz0yIEJPUkRFUj0wIENFTExQQURESU5HPTU+PFRSPjxURCBBTElHTj1sZWZ0IEJHQ09MT1I9I0ZGN0Y1MD48Rk9OVCBDT0xPUj0jMzMzMzMzIFNJWkU9Mz48Qj7imIXimIXmlK/miZXmlrnms5XimIU8L0I+PC9GT05UPjwvVEQ+PC9UUj48L1RBQkxFPjxUQUJMRSBXSURUSD0xMDAlIENFTExTUEFDSU5HPTIgQk9SREVSPTAgQ0VMTFBBRERJTkc9MD48VFI+PFREIEhFSUdIVD0yIEJHQ09MT1I9I0NDQkJBQT48L1REPjwvVFI+PC9UQUJMRT48VEFCTEUgV0lEVEg9MTAwJSBDRUxMU1BBQ0lORz0yIEJPUkRFUj0wIENFTExQQURESU5HPTU+PFRSPjxURCBBTElHTj1sZWZ0IEJHQ09MT1I9I0ZGRjhFRT48Rk9OVCBDT0xPUj0jMzMzMzMzIFNJWkU9Mz7il4/mpb3lpKnpioDooYzjgIDmjK/ovrw8QlI+4peP5ZWG5ZOB5Luj5byVPEJSPuKXj+OCr+ODrOOCuOODg+ODiOOCq+ODvOODieaxuua4iDxCUj7il4/jgrPjg7Pjg5Pjg4vmsbrmuIjvvIjliY3miZXjgYTvvIk8QlI+4peP5qW95aSpRWR55rG65riIPEJSPuKXj2F144GL44KT44Gf44KT5rG65riIPEJSPjwvRk9OVD48L1REPjwvVFI+PC9UQUJMRT48L1REPjwvVFI+PC9UQUJMRT48QlI+PGltZyBzcmM9aHR0cDovL2ltYWdlLnJha3V0ZW4uY28uanAvYXVjLWF1dG9tYXgvY2FiaW5ldC8wMzQwNjYzOC9pbWdyYzAwNjgxNzY5MjQuZ2lmIHdpZHRoPTYwMD48QlI+PEJSPjxJTUcgU1JDPWh0dHA6Ly9pbWFnZS5yYWt1dGVuLmNvLmpwL2F1Yy1hdXRvbWF4L2NhYmluZXQvMDM1NjE5MjUvaW1nNjMxOTM3ODMuZ2lmIFdJRFRIPTYwMD48L0NFTlRFUj48QlI+PEJSPjxDRU5URVI+PElNRyBXSURUSD01MjAgU1JDPWh0dHA6Ly9pbWFnZS5yYWt1dGVuLmNvLmpwL2F1Yy1hdXRvbWF4L2NhYmluZXQvMDI1NjU3MTcvaW1nNjQ3NTMxMTEuZ2lmPjxCUj48SU1HIFdJRFRIPTUyMCBTUkM9aHR0cDovL2ltYWdlLnJha3V0ZW4uY28uanAvYXVjLWF1dG9tYXgvY2FiaW5ldC8wMjU2NTcxNy9pbWc2NDc1Nzk4Ny5naWY+PEJSPjwvQ0VOVEVSPjwvQ0VOVEVSPjwvVEFCTEU+PC9DRU5URVI+PGNlbnRlcj4KPGJyPgo8aW1nIFNSQz1odHRwOi8vaW1hZ2UucmFrdXRlbi5jby5qcC9hdWMtYXV0b21heC9jYWJpbmV0L2ltZ3JjMDA2NzM4MjI3Ni5naWYgd2lkdGg9NjcwIGhlaWdodD00MDA+PEJSPgo8YnI+CjxpbWcgU1JDPWh0dHA6Ly9pbWFnZS5yYWt1dGVuLmNvLmpwL2F1Yy1hdXRvbWF4L2NhYmluZXQvaW1nNjAzMzMwMDQuZ2lmIHdpZHRoPTY3MCBoZWlnaHQ9MTIwPjxCUj4KPGJyPgoKPGJyPjwvY2VudGVyPg==,44CQ6YCB5paZ54Sh5paZ44CR44GC44GZ5qW9IOWvvuW/nCDjg5Xjg63jg7Pjg4gg44Kr44Oq44O844OKIFQyMSDjgqvjg4Pjg4jmuIjjgb8g44Kr44O844OV44Kj44Or44OgIOi7iueoruWIpSDjgrnjg6Ljg7zjgq8g44K744OD44OIIOi7iueoruWwgueUqCDjgqbjgqTjg7Pjg4njgqYg56qT44Ks44Op44K5IOaIkOW9oiDjg5XjgqTjg6vjg6BVVuOCq+ODg+ODiCDjg4/jg7zjg4njgrPjg7zjg4ggRElZIOaWveW3pSDmlrnms5Ug6LK844KK5pa5IDPnqK7poZ7jga7pgI/pgY7njofpgJrosqkg5aSn6Ziq44CQUkNQ44CR77yaQVVUT01BWCBpenVtaQ==,44Kr44OD44OG44Kj44Oz44Kw44K344O844OI44Oi44OL44K/44O844K544K/44Oz44OJ44Ki44Or44Kr44Oz44K/44O844Op6Kq/44K544Ko44O844OJ55Sf5Zyw44K344O844OI5rGO55So44OR44O844OE6Ieq5YuV6LuK44Ki44Kv44K744K144Oq44O844Oh44OD44Kt44Oi44O844Or6YCB5paZ54Sh5paZ44K544OG44OD44Kr44O844Kr44O855So5ZOB44OQ44Kk44Kv55So5ZOB44OJ44Os44K544Ki44OD44OX44Op44Kw44K444Ol44Ki44Oq44O85YaF6KOF5aSW6KOF44Kr44OD44OI5riI44G/44Kr44O844OV44Kj44Or44Og5aSn6Ziq6YCa6LKp5r+A5a6J5qC85a6J5pa95bel44CQ6YCB5paZ54Sh5paZ44CR44GC44GZ5qW9IOWvvuW/nCDjg5Xjg63jg7Pjg4gg44Kr44Oq44O844OKIFQyMSDjgqvjg4Pjg4jmuIjjgb8g44Kr44O844OV44Kj44Or44OgIOi7iueoruWIpSDjgrnjg6Ljg7zjgq8g44K744OD44OIIOi7iueoruWwgueUqCDjgqbjgqTjg7Pjg4njgqYg56qT44Ks44Op44K5IOaIkOW9oiDjg5XjgqTjg6vjg6BVVuOCq+ODg+ODiCDjg4/jg7zjg4njgrPjg7zjg4ggRElZIOaWveW3pSDmlrnms5Ug6LK844KK5pa5IDPnqK7poZ7jga7pgI/pgY7njofpgJrosqkg5aSn6Ziq44CQUkNQ44CR,6YCB5paZ54Sh5paZ77yI5YyX5rW36YGTL+aylue4hOmZpOOBj++8ieS7o+W8leOBjeOBruWgtOWQiOOAgeWIpemAlOaJi+aVsOaWmTM3MOWGhuOAguOAkOmAgeaWmeeEoeaWmeOAkeOBguOBmealvSDlr77lv5wg44OV44Ot44Oz44OIIOOCq+ODquODvOODiiBUMjEg44Kr44OD44OI5riI44G/IOOCq+ODvOODleOCo+ODq+ODoCDou4rnqK7liKUg44K544Oi44O844KvIOOCu+ODg+ODiCDou4rnqK7lsILnlKgg44Km44Kk44Oz44OJ44KmIOeqk+OCrOODqeOCuSDmiJDlvaIg44OV44Kk44Or44OgVVbjgqvjg4Pjg4gg44OP44O844OJ44Kz44O844OIIERJWSDmlr3lt6Ug5pa55rOVIOiyvOOCiuaWuSAz56iu6aGe44Gu6YCP6YGO546H6YCa6LKpIOWkp+mYquOAkFJDUOOAkQ==[rn]
