9-88265,aHR0cDovL3RzaG9wLnIxMHMuanAvbGlnaHRuZXRzaG9wL2NhYmluZXQvMTcvMjgzNDUuanBnP2ZpdGluPTcwMDo3MDA=,MTQ4NC44MDAw,,44Kt44OD44OB44Oz55So5ZOB44O76aOf5Zmo44O76Kq/55CG5Zmo5YW3ID4g44Gd44Gu5LuW,6auY5YSAIOacqOijveOCr+ODrOODvOODl+ODiOODs+ODnCAgICAgICAgICDkuLggNDkwNzA1Mjg3NDQzNQ==,MTTml6Xku6XlhoXov5Tph5Hkv53oqLzku5jjgY3jgIIz5Za25qWt5pel5Lul5YaF44Gr5Ye66I235LqI5a6a44CC,PGJyPuKAu+W9k+W6l+OBr+S7luODouODvOODq+OBq+OCguWHuuWTgeOBl+OBpuOBhOOCi+OBn+OCgeOAgeOBlOazqOaWh+aZguOBruWcqOW6q+eKtuazgeOBq+OCiOOBo+OBpuOBr+OBlOazqOaWh+OCkuOCreODo+ODs+OCu+ODq+OBleOBm+OBpuOBhOOBn+OBoOOBj+WgtOWQiOOBjOOBlOOBluOBhOOBvuOBmeOAguS6iOOCgeOBlOS6huaJv+S4i+OBleOBhOOAgjxicj4KPGJyPjxicj48YnI+44K144Kk44K6OjI3LjXDlzIww5cxLjljbTxicj7mnKzkvZPph43ph486MC4wNTlrZzxicj7jgq/jg6zjg7zjg5fkvZzjgorjgas8YnI+,6auY5YSAIOacqOijveOCr+ODrOODvOODl+ODiOODs+ODnCAgICAgICAgICDkuLggNDkwNzA1Mjg3NDQzNe+8muODqeOCpOODiOODjeODg+ODiOOCt+ODp+ODg+ODlw==,6auY5YSAIOacqOijveOCr+ODrOODvOODl+ODiOODs+ODnCAgICAgICAgICDkuLggNDkwNzA1Mjg3NDQzNQ==,MTTml6Xku6XlhoXov5Tph5Hkv53oqLzku5jjgY3jgIIz5Za25qWt5pel5Lul5YaF44Gr5Ye66I235LqI5a6a44CC44CC6auY5YSAIOacqOijveOCr+ODrOODvOODl+ODiOODs+ODnCAgICAgICAgICDkuLggNDkwNzA1Mjg3NDQzNQ==[rn]
9-88266,aHR0cDovL3RzaG9wLnIxMHMuanAvc2VyaW9zL2NhYmluZXQvbGlmZV9oZWFsdGgvMDQxMzcwNjkvaW1ncmMwMDYzNTUwNTk0LmpwZz9maXRpbj03MDA6NzAw,NzIwLjAwMDA=,,44Kt44OD44OB44Oz55So5ZOB44O76aOf5Zmo44O76Kq/55CG5Zmo5YW3ID4g44Gd44Gu5LuW,44CQ5YWo5Zu96YCB5paZ54Sh5paZ44CR44CQRE3kvr8o44Oh44O844Or5L6/KeOAkeOAkOWNs+aXpeWHuuiNt+OAkeODleODq+ODmeOCuCDjg5TjgrMo44OY44K/5Y+W44KKKUZWLTYwMSDml6XmnKzoo73ph47oj5zjg7vmnpznianjga7jg5jjgr/jg7voir3lj5bjgorjga/jgZXjgb/il48z44K544OG44OD44OX44Gn5p6c54mp44O76YeO6I+c44Gu44G444Gf44KE6Iq944GM5Y+W44KM44KL44Kk44OB44K044O744OX44OB44OI44Oe44OI44Gu44OY44K/5Y+W44KKL+OBmOOCg+OBjOOBhOOCguOBruiKveWPluOCiuetieKXj+mjn+WZqOa0l+OBhOapn+WvvuW/nA==,4oC744Ok44Oe44OI6YGL6Ly4RE3kvr8o44Oh44O844Or5L6/KeOBq+OBpueZuumAgSjmmYLplpPluK/mjIflrprkuI3lj68p,PHRhYmxlIGJvcmRlcj0iMCIgY2VsbHNwYWNpbmc9IjAiIAoKY2VsbHBhZGRpbmc9IjMiIHdpZHRoPSIzNjAiPgogIDx0cj4KICAgIDx0ZCBjb2xzcGFuPSIyIj48aW1nIAoKc3JjPSIvc2VyaW9zL2ltZzEwMzAxMDYxNDM0LmdpZiIgCgp3aWR0aD0iMzYwIiBoZWlnaHQ9IjE5IiAvPjwvdGQ+CiAgPC90cj4KICA8dHI+CiAgICA8dGQgd2lkdGg9IjUiPiZuYnNwOzwvdGQ+CiAgICA8dGQgd2lkdGg9IjM1NSI+PHN0cm9uZz7jg5Xjg6vjg5njgrgg44OU44KzKOODmOOCv+WPluOCiik8L3N0cm9uZz48L3RkPgogIDwvdHI+CiAgPHRyPgogICAgPHRkPiZuYnNwOzwvdGQ+CiAgICA8dGQ+PHN0cm9uZz7ph47oj5zjg7vmnpznianjga7jg5jjgr/jg7voir3lj5bjgorjga/jgZXjgb88L3N0cm9uZz48L3RkPgogIDwvdHI+CiAgPHRyPgogICAgPHRkPiZuYnNwOzwvdGQ+CiAgICA8dGQ+PHN0cm9uZz5GVi02MDHjgIDml6XmnKzoo708L3N0cm9uZz48L3RkPgogIDwvdHI+CiAgPHRyPgogICAgPHRkPiZuYnNwOzwvdGQ+CiAgICA8dGQ+4peP44Kk44OB44K044Gu44OY44K/5Y+W44KK44KE44OX44OB44OI44Oe44OI44Gu44OY44K/5Y+W44KK44GM5omL5pep44GP57Ch5Y2Y44Gr4pmqPC90ZD4KICA8L3RyPgogIDx0cj4KICAgIDx0ZD4mbmJzcDs8L3RkPgogICAgPHRkPuKXjzPjgrnjg4bjg4Pjg5fjgafmnpznianjg7vph47oj5zjga7jgbjjgZ/jgoToir3jgYznsKHljZjjgavlj5bjgozjgb7jgZnjgII8L3RkPgogIDwvdHI+CiAgPHRyPgogICAgPHRkIGNvbHNwYW49IjIiPjxpbWcgCgpzcmM9Ii9zZXJpb3MvaW1nMTAzMDEwNjE0MzYuZ2lmIiAKCndpZHRoPSIzNjAiIGhlaWdodD0iMTkiIC8+PC90ZD4KICA8L3RyPgogIDx0cj4KICAgIDx0ZCByb3dzcGFuPSI3Ij7jgIA8L3RkPgogICAgPHRkPuKXj+OBneOBruS7liDjgZjjgoPjgYzjgYTjgoLjga7oir3lj5bjgoog562J44Gn44KC44GU5rS755So6aCC44GR44G+44GZ44CCPC90ZD4KICA8L3RyPgogIDx0cj4KICAgIDx0ZD7il4/po5/lmajmtJfmtYTmqZ/lr77lv5wg6Kq/55CG5ZmoIOOBquOBruOBp+OBiuaJi+WFpeOCjOOCguewoeWNmDwvdGQ+CiAgPC90cj4KICA8dHI+CiAgICA8dGQ+PHA+4peP6YeO6I+c44KE44GP44Gg44KC44Gu44Gr5oq844GX6L6844KA44Go5YiD5YWI44GM44GZ44G844G+44KL5qeL6YCg44Gq44Gu44Gn44CB44GK5a2Q5qeY44GL44KJ44GK5bm05a+E44KK44G+44Gn5bmF5bqD44GE5pa544Gr44GK5L2/44GE6aCC44GR44KL44G444Gf5Y+W44KK44Gn44GZ4pmqPC9wPjwvdGQ+CiAgPC90cj4KICA8dHI+CiAgICA8dGQ+4peP6KO96YCg5Zu9OuaXpeacrDwvdGQ+CiAgPC90cj4KICA8dHI+IDwvdHI+CiAgPHRyPiA8L3RyPgogIDx0cj4gPC90cj4KICA8dHI+CiAgICA8dGQgY29sc3Bhbj0iMiI+PGltZyAKCnNyYz0iL3Nlcmlvcy9pbWcxMDMwMTA2MTQzNy5naWYiIAoKd2lkdGg9IjM2MCIgaGVpZ2h0PSIxOSIgLz48L3RkPgogIDwvdHI+CiAgPHRyPgogICAgPHRkIHJvd3NwYW49IjUiPuOAgDwvdGQ+CiAgICA8dGQ+PHA+4peP5pys5L2T44K144Kk44K6Oue4pjk1w5fmqKo1MMOX6auYMzBtbTwvcD48L3RkPgogIDwvdHI+CiAgPHRyPgogICAgPHRkPuKXj+mHjemHjzoxNmc8L3RkPgogIDwvdHI+CiAgPHRyPiA8L3RyPgogIDx0cj4gPC90cj4KICA8dHI+IDwvdHI+CiAgPHRyPgogICAgPHRkIGNvbHNwYW49IjIiPjxpbWcgCgpzcmM9Ii9zZXJpb3MvaW1nMTAzMDEwNjE0MzguZ2lmIiAKCndpZHRoPSIzNjAiIGhlaWdodD0iMTkiIC8+PC90ZD4KICA8L3RyPgogIDx0cj4KICAgIDx0ZD4mbmJzcDs8L3RkPgogICAgPHRkPuKXj+adkOizqjrph5HlsZ7pg6gv44K544OG44Oz44Os44K544K544OB44O844OrIOaoueiEgumDqC/jg53jg6rjg5fjg63jg5Tjg6zjg7M8L3RkPgogIDwvdHI+CiAgPHRyPiA8L3RyPgo8L3RhYmxlPgo8YnI+PGRpdiBpZD0ic21fYiI+CjxkaXYgY2xhc3M9ImxlZnRfcyI+CjxpbWcgc3JjPSJodHRwOi8vaW1hZ2UucmFrdXRlbi5jby5qcC9zZXJpb3MvY2FiaW5ldC90b3BwYWdlL2xvZ28uZ2lmIiAvPgo8L2Rpdj4KPGRpdiBjbGFzcz0ia3lvdXRzdWRhaSI+CgkKPGltZyBzcmM9Imh0dHA6Ly9pbWFnZS5yYWt1dGVuLmNvLmpwL3Nlcmlvcy9jYWJpbmV0L3Jha3V0ZW5fZXZlbnQvaW1ncmMwMDY2MzcwOTg0LmpwZyIgYm9yZGVyPSIwIj48QlI+CQoJCjxpbWcgc3JjPSJodHRwOi8vaW1hZ2UucmFrdXRlbi5jby5qcC9zZXJpb3MvY2FiaW5ldC9yYWt1dGVuX2V2ZW50L2ltZ3JjMDA2NjM3MDk4Mi5qcGciIGJvcmRlcj0iMCI+PEJSPgkKCQoKCQo8aW1nIHNyYz0iaHR0cDovL2ltYWdlLnJha3V0ZW4uY28uanAvc2VyaW9zL2NhYmluZXQvcmFrdXRlbl9ldmVudC9pbWdyYzAwNjYzNzA5ODMuanBnIiBib3JkZXI9IjAiPjxCUj4KPC9kaXY+CjwvZGl2PgoKPHN0eWxlPgo8IS0tCiNzbV9iewp3aWR0aDogNjU1cHg7CmhlaWdodDoxODBweDsKfQoubGVmdF9zewp3aWR0aDogMTg3cHg7Cm1hcmdpbjogMDsKdGV4dC1hbGlnbjogbGVmdDsKZmxvYXQ6bGVmdDsKfQoua3lvdXRzdWRhaXsKd2lkdGg6IDQ2OHB4OwptYXJnaW46IDA7CnRleHQtYWxpZ246IHJpZ2h0OwpmbG9hdDpyaWdodDsKfQotLT4KPC9zdHlsZT4KCjxicj4KCgo8aW1nIHNyYz0iaHR0cDovL2ltYWdlLnJha3V0ZW4uY28uanAvc2VyaW9zL2NhYmluZXQvcmFrdXRlbl9ldmVudC9pbWdyYzAwNjYzNzEwMzUuanBnIiBib3JkZXI9IjAiPjxicj4KPEI+IOOAjualveWkqeOCpuOCp+ODluaknOe0ouaWsOimj+WIqeeUqOOBp+ODneOCpOODs+ODiDEw5YCN44CPIDwvQj48YnI+CgoKPGltZyBzcmM9Imh0dHA6Ly9pbWFnZS5yYWt1dGVuLmNvLmpwL3Nlcmlvcy9jYWJpbmV0L3Jha3V0ZW5fZXZlbnQvaW1ncmMwMDY2MzczMTk4LmpwZyIgYm9yZGVyPSIwIj48YnI+CjxCPiDjgI7jgrnjg7zjg5Hjg7zjg53jgqTjg7Pjg4jjgqLjg4Pjg5fjg5fjg63jgrDjg6njg6DjgI8gPC9CPjxicj4=,44CQ5YWo5Zu96YCB5paZ54Sh5paZ44CR44CQRE3kvr8o44Oh44O844Or5L6/KeOAkeOAkOWNs+aXpeWHuuiNt+OAkeODleODq+ODmeOCuCDjg5TjgrMo44OY44K/5Y+W44KKKUZWLTYwMSDml6XmnKzoo73ph47oj5zjg7vmnpznianjga7jg5jjgr/jg7voir3lj5bjgorjga/jgZXjgb/il48z44K544OG44OD44OX44Gn5p6c54mp44O76YeO6I+c44Gu44G444Gf44KE6Iq944GM5Y+W44KM44KL44Kk44OB44K044O744OX44OB44OI44Oe44OI44Gu44OY44K/5Y+W44KKL+OBmOOCg+OBjOOBhOOCguOBruiKveWPluOCiuetieKXj+mjn+WZqOa0l+OBhOapn+WvvuW/nO+8muOCu+ODquOCquOCueODqeOCpOODsw==,QVbmqZ/lmajlrrbpm7voo73lk4HnlJ/mtLvpm5HosqhH44K344On44OD44Kv44K744Kk44Kz44O844Kv44Ot44OOTUTjg5fjg6zjgqTjg6Tjg7xEVkTjg5fjg6zjgqTjg6Tjg7zmjoPpmaTmqZ/ohZXmmYLoqIhQUzLjg4fjgrjjgr/jg6vjgqvjg6Hjg6njgrjjg4Pjg53jg7xaSVBQT+ODkOODg+OCsOOBiuOCguOBoeOCg+ODm+ODk+ODvOWBpeW6t+apn+WZqOOCouOCr+OCu+OCteODquODvOODlOOCouOCueOAkOWFqOWbvemAgeaWmeeEoeaWmeOAkeOAkERN5L6/KOODoeODvOODq+S+vynjgJHjgJDljbPml6Xlh7rojbfjgJHjg5Xjg6vjg5njgrgg44OU44KzKOODmOOCv+WPluOCiilGVi02MDEg5pel5pys6KO96YeO6I+c44O75p6c54mp44Gu44OY44K/44O76Iq95Y+W44KK44Gv44GV44G/4pePM+OCueODhuODg+ODl+OBp+aenOeJqeODu+mHjuiPnOOBruOBuOOBn+OChOiKveOBjOWPluOCjOOCi+OCpOODgeOCtOODu+ODl+ODgeODiOODnuODiOOBruODmOOCv+WPluOCii/jgZjjgoPjgYzjgYTjgoLjga7oir3lj5bjgornrYnil4/po5/lmajmtJfjgYTmqZ/lr77lv5w=,4oC744Ok44Oe44OI6YGL6Ly4RE3kvr8o44Oh44O844Or5L6/KeOBq+OBpueZuumAgSjmmYLplpPluK/mjIflrprkuI3lj68p44CC44CQ5YWo5Zu96YCB5paZ54Sh5paZ44CR44CQRE3kvr8o44Oh44O844Or5L6/KeOAkeOAkOWNs+aXpeWHuuiNt+OAkeODleODq+ODmeOCuCDjg5TjgrMo44OY44K/5Y+W44KKKUZWLTYwMSDml6XmnKzoo73ph47oj5zjg7vmnpznianjga7jg5jjgr/jg7voir3lj5bjgorjga/jgZXjgb/il48z44K544OG44OD44OX44Gn5p6c54mp44O76YeO6I+c44Gu44G444Gf44KE6Iq944GM5Y+W44KM44KL44Kk44OB44K044O744OX44OB44OI44Oe44OI44Gu44OY44K/5Y+W44KKL+OBmOOCg+OBjOOBhOOCguOBruiKveWPluOCiuetieKXj+mjn+WZqOa0l+OBhOapn+WvvuW/nA==[rn]
9-88267,aHR0cDovL3RzaG9wLnIxMHMuanAvZmF2b3JpdGVzdHlsZS9jYWJpbmV0L3NhdmVfaW1hZ2U0LzAwMDAxOTcxXzAxLmpwZz9maXRpbj03MDA6NzAw,OTYwLjAwMDA=,,44Kt44OD44OB44Oz55So5ZOB44O76aOf5Zmo44O76Kq/55CG5Zmo5YW3ID4g44Gd44Gu5LuW,44CQ5Ymy5byV44Kv44O844Od44Oz6YWN5biD5Lit44CRc29pbCAo44K944Kk44OrKSDjg4Hjg6PjgrXjgrggQ0hBLVNBSkkg5Lm+54el44KS5L+d44Gk6Iy244GV44GY,44CQ54+q6Je75ZyfL+aXpeacrOijvS/jgq3jg4Pjg4Hjg7Mv5ZC45rm/5YmkL+S5vueHpeWJpC/jgq7jg5Xjg4gvZnNnaXB1bOOAkQ==,PHRhYmxlIGlkPSJmc19kZXRhaWx0YmwyY19wYyI+Cjx0cj4KPHRkPjxoMz7nibnplbc8L2gzPgo8dWw+CjxsaSBzdHlsZT0ibGlzdC1zdHlsZS10eXBlOiBkaXNjOyBtYXJnaW4tbGVmdDogMjVweDtmbG9hdDpOT05FOyI+5ZC45rm/5oCn44Gu6auY44GE6Ieq54S257Sg5p2Q44CB54+q6Je75ZyfKOOBkeOBhOOBneOBhuOBqSkg44Gn44Gk44GP44KJ44Gf5Lm+54el44KS5L+d44Gk6Iy244GV44GY44Gn44GZ44CCPC9saT4KPGxpIHN0eWxlPSJsaXN0LXN0eWxlLXR5cGU6IGRpc2M7IG1hcmdpbi1sZWZ0OiAyNXB4O2Zsb2F0Ok5PTkU7Ij7jgZnjgorliIfjgoox5p2v44CB57SENy41Y2PjgafjgZnjgII8L2xpPgo8bGkgc3R5bGU9Imxpc3Qtc3R5bGUtdHlwZTogZGlzYzsgbWFyZ2luLWxlZnQ6IDI1cHg7ZmxvYXQ6Tk9ORTsiPuiqv+WRs+aWmeOBruWuueWZqOOBq+WFpeOCjOOBpuOBiuOBkeOBsOOAgeiqv+WRs+aWmeeUqOOBruOCueODl+ODvOODs+OBqOOBl+OBpuOBoOOBkeOBp+OBr+OBquOBj+OAgeS5vueHpeWJpOOBqOOBl+OBpuOCguW9ueeri+OBoeOBvuOBmeOAgjwvbGk+CjxsaSBzdHlsZT0ibGlzdC1zdHlsZS10eXBlOiBkaXNjOyBtYXJnaW4tbGVmdDogMjVweDtmbG9hdDpOT05FOyI+5aSp5pel5Lm+54el44Gn57mw44KK6L+U44GX44GK5L2/44GE44GE44Gf44Gg44GR44G+44GZ44CCPC9saT4KPGxpIHN0eWxlPSJsaXN0LXN0eWxlLXR5cGU6IGRpc2M7IG1hcmdpbi1sZWZ0OiAyNXB4O2Zsb2F0Ok5PTkU7Ij7jgqvjg6njg7zjga/jg5vjg6/jgqTjg4jjgIHjg5Tjg7Pjgq/jgIHjgrDjg6rjg7zjg7Pjga4z6Imy44CC6Ieq54S257Sg5p2Q44Gu5YSq44GX44GE6Imy5ZGz44GM44Kt44OD44OB44Oz44Gr5a6J44KJ44GO44KS44OX44Op44K544GX44G+44GZ44CCPC9saT4KPC91bD4KPC90ZD48L3RyPgo8dHI+PHRkPgo8aDM+5LuV5qeYPC9oMz4KPHVsPgo8bGkgc3R5bGU9Imxpc3Qtc3R5bGUtdHlwZTogZGlzYzsgbWFyZ2luLWxlZnQ6IDI1cHg7ZmxvYXQ6Tk9ORTsiPuOCteOCpOOCujrntIQ0LjLDlzcuMsOXSDIuMmNtPC9saT4KPGxpIHN0eWxlPSJsaXN0LXN0eWxlLXR5cGU6IGRpc2M7IG1hcmdpbi1sZWZ0OiAyNXB4O2Zsb2F0Ok5PTkU7Ij7mnZDos6o654+q6Je75ZyfPGJyPlvjgrDjg6rjg7zjg7Nd56eL55Sw55yM55Sj54+q6Je75ZyfK+efs+W3neecjOeUo+a1hem7hOWcnzxicj5b44Ob44Ov44Kk44OIXeeni+eUsOecjOeUo+ePquiXu+Wcnzxicj5b44OU44Oz44KvXeefs+W3neecjOeUo+ePquiXu+Wcnzxicj7igLvlhajjgaboh6rnhLbntKDmnZDjga7oibLlkbPjgafjgZnjgII8L2xpPgo8bGkgc3R5bGU9Imxpc3Qtc3R5bGUtdHlwZTogZGlzYzsgbWFyZ2luLWxlZnQ6IDI1cHg7ZmxvYXQ6Tk9ORTsiPuaXpeacrOijvTwvbGk+CjwvdWw+CjwvdGQ+PC90cj4KPHRyPjx0ZD48aDM+YXR0ZW50aW9uPC9oMz4KPHVsPgo8bGkgc3R5bGU9Imxpc3Qtc3R5bGUtdHlwZTogZGlzYzsgbWFyZ2luLWxlZnQ6IDI1cHg7ZmxvYXQ6Tk9ORTsiPuW+rumHj+OBrueyieOBjOWHuuOBpuOBjeOBvuOBmeOBjOOAgeadkOizquOBrueJueaAp+S4iuOAgeiHqueEtuOBq+OBp+OBpuOBj+OCi+OCguOBruOBp+OBmeOBruOBp+WTgeizquS4iuWVj+mhjOOBlOOBluOBhOOBvuOBm+OCk+OAgjwvbGk+CjxsaSBzdHlsZT0ibGlzdC1zdHlsZS10eXBlOiBkaXNjOyBtYXJnaW4tbGVmdDogMjVweDtmbG9hdDpOT05FOyI+6aOf5ZOB6KGb55Sf5qSc5p+75riI44G/44Gn44GZ44Gu44Gn44CB57KS5a2Q44GM5Y+j44Gr5YWl44Gj44Gm44KC5a6z44Gv44GC44KK44G+44Gb44KT44CCPC9saT4KPGxpIHN0eWxlPSJsaXN0LXN0eWxlLXR5cGU6IGRpc2M7IG1hcmdpbi1sZWZ0OiAyNXB4O2Zsb2F0Ok5PTkU7Ij7lkLjmub/lipvjgavjga/pmZDjgorjgYzjgYLjgorjgb7jgZnjgILkuIDlrprmnJ/plpPkvb/nlKjjgZfjgZ/jgonmmYLjgIXlpJbjgavlh7rjgZfjgabkub7nh6XjgZXjgZvjgabjgYTjgZ/jgaDjgY/jgajlkLjmub/lirnmnpzjgYzmiLvjgorjgb7jgZnjgII8L2xpPgo8bGkgc3R5bGU9Imxpc3Qtc3R5bGUtdHlwZTogZGlzYzsgbWFyZ2luLWxlZnQ6IDI1cHg7ZmxvYXQ6Tk9ORTsiPuacrOS9k+OBq+iMtuiRieOBjOOBsuOBo+OBpOOBj+OBk+OBqOOBjOOBguOCiuOBvuOBmeOAguWuueWZqOOBi+OCieWPluOCiuWHuuOBl+OAgeS5vueHpeOBleOBm+OBpuOBi+OCieWGjeW6puOBlOS9v+eUqOOBj+OBoOOBleOBhOOAgjwvbGk+CjxsaSBzdHlsZT0ibGlzdC1zdHlsZS10eXBlOiBkaXNjOyBtYXJnaW4tbGVmdDogMjVweDtmbG9hdDpOT05FOyI+57Sg5p2Q44Gu5Yqj5YyW44Gr44Gk44Gq44GM44KK44G+44GZ44Gu44Gn44CB6ZW35pmC6ZaT5rC044Gr5rW444GV44Gq44GE44Gn44GP44Gg44GV44GE44CCPC9saT4KPGxpIHN0eWxlPSJsaXN0LXN0eWxlLXR5cGU6IGRpc2M7IG1hcmdpbi1sZWZ0OiAyNXB4O2Zsb2F0Ok5PTkU7Ij7msLTmtJfjgYTjgpLjgZfjgZ/loLTlkIjjga/jgIHkub7nh6XjgZfjgZ/jgojjgYbjgavopovjgYjjgabjgoLlhoXpg6jjgavmsLTliIbjgpLkv53mjIHjgZfjgabjgYTjgb7jgZnjga7jgafjgIHlv4XjgZrjgojjgY/kub7nh6XjgZXjgZvjgabjgYvjgonjgZTkvb/nlKjjgY/jgaDjgZXjgYTjgII8L2xpPgo8bGkgc3R5bGU9Imxpc3Qtc3R5bGUtdHlwZTogZGlzYzsgbWFyZ2luLWxlZnQ6IDI1cHg7ZmxvYXQ6Tk9ORTsiPuS9v+eUqOW+jOOBr+OAgeOCiOOBj+S5vueHpeOBleOBm+OBpuOBi+OCieS/neeuoeOBl+OBpuOBj+OBoOOBleOBhOOAgjwvbGk+CjxsaSBzdHlsZT0ibGlzdC1zdHlsZS10eXBlOiBkaXNjOyBtYXJnaW4tbGVmdDogMjVweDtmbG9hdDpOT05FOyI+5bm85YWQ44GM5Y+j44Gr5YWl44KM44Gq44GE44KI44GG44GU5rOo5oSP44GP44Gg44GV44GE44CCPC9saT4KPC91bD4KPC90ZD48L3RyPjwvdGFibGU+PHN0eWxlIFRZUEU9InRleHQvY3NzIj4KPCEtLQpzcGFuLmludmVudG9yeV90aXRsZSB7IGRpc3BsYXk6IG5vbmUgfQotLT4KPC9zdHlsZT4KPGRpdiBjbGFzcz0icF9kZXNjcmlwdGlvbiI+CjxkaXYgc3R5bGU9ImNvbG9yOiMzMzMzMzM7Zm9udC1zaXplOjE0cHg7bGluZS1oZWlnaHQ6MTQwJTt0ZXh0LWFsaWduOmxlZnQ7Ij4KPGltZyBzcmM9Imh0dHA6Ly9pbWFnZS5yYWt1dGVuLmNvLmpwL2Zhdm9yaXRlc3R5bGUvY2FiaW5ldC9iYW5uZXIva2l0Y2hlbjMvMDAwMDE5NzFfMDEuanBnIiBhbHQ9InNvaWwgKOOCveOCpOODqykg44OB44Oj44K144K4Ij48YnI+PGJyPgo8aW1nIHNyYz0iaHR0cDovL2ltYWdlLnJha3V0ZW4uY28uanAvZmF2b3JpdGVzdHlsZS9jYWJpbmV0L2Jhbm5lci9raXRjaGVuMy8wMDAwMTk3MV8wMi5qcGciIGFsdD0ic29pbCAo44K944Kk44OrKSDjg4Hjg6PjgrXjgrgiPjxicj48YnI+CjxpbWcgc3JjPSJodHRwOi8vaW1hZ2UucmFrdXRlbi5jby5qcC9mYXZvcml0ZXN0eWxlL2NhYmluZXQvYmFubmVyL2tpdGNoZW4zLzAwMDAxOTcxXzAzLmpwZyIgYWx0PSJzb2lsICjjgr3jgqTjg6spIOODgeODo+OCteOCuCI+PGJyPjxicj4KPGltZyBzcmM9Imh0dHA6Ly9pbWFnZS5yYWt1dGVuLmNvLmpwL2Zhdm9yaXRlc3R5bGUvY2FiaW5ldC9iYW5uZXIva2l0Y2hlbjMvMDAwMDE5NzFfMDQuanBnIiBhbHQ9IuOBiuaJi+WFpeOCjOaWueazleOAgeOBlOazqOaEj+S6i+mghSI+PGJyPgo8YnI+PGJyPgo8aW1nIHNyYz0iaHR0cDovL2ltYWdlLnJha3V0ZW4uY28uanAvZmF2b3JpdGVzdHlsZS9jYWJpbmV0L2Jhbm5lci9raXRjaGVuMy9ibnJfazMxM182MjAuanBnIiBhbHQ9InNvaWwgKOOCveOCpOODqykg44Kz44OB44Oj44K144K444KC5LiA57eS44Gr44GK44GZ44GZ44KBIiBib3JkZXI9IjAiIC8+PGJyPjxicj48YnI+CjxpbWcgc3JjPSJodHRwOi8vaW1hZ2UucmFrdXRlbi5jby5qcC9mYXZvcml0ZXN0eWxlL2NhYmluZXQvYmFubmVyL2tpdGNoZW4zL2Jucl9rMTQ1XzYyMC5qcGciIGFsdD0ic29pbCAo44K944Kk44OrKSDjg4njg6njgqTjg7PjgrDjg5bjg63jg4Pjgq8g44Of44OL44KC5LiA57eS44Gr44GK44GZ44GZ44KBIiBib3JkZXI9IjAiIC8+PGJyPjxicj48YnI+CjxpbWcgc3JjPSJodHRwOi8vaW1hZ2UucmFrdXRlbi5jby5qcC9mYXZvcml0ZXN0eWxlL2NhYmluZXQvYmFubmVyL2tpdGNoZW4zL2Jucl9rMTE3XzYyMC5qcGciIGFsdD0ic29pbCAo44K944Kk44OrKSDjg5Xjg7zjg4njgrPjg7Pjg4bjg4og44Ks44Op44K544KC5LiA57eS44Gr44GK44GZ44GZ44KBIiBib3JkZXI9IjAiIC8+PGJyPjxicj48YnI+CjxpbWcgc3JjPSJodHRwOi8vaW1hZ2UucmFrdXRlbi5jby5qcC9mYXZvcml0ZXN0eWxlL2NhYmluZXQvYmFubmVyL2JhdGgvc29pbC1zZXR1XzYyMF8wMS5qcGciIGJvcmRlcj0iMCIgYWx0PSJzb2lsPeWcnyI+PGJyPgo8dGFibGUgc3R5bGU9IndpZHRoOjYyMHB4O2JvcmRlcjpub25lOyI+Cjx0ZCBzdHlsZT0icGFkZGluZzoyMHB4O2JvcmRlcjpub25lO2NvbG9yOiM1MDNEMkU7Zm9udC1zaXplOjE0cHg7bGlnbi1oZWlnaHQ6MjBweDt0ZXh0LWFsaWduOmNlbnRlcjtiYWNrZ3JvdW5kLWNvbG9yOiNFNEU0RTQ7Ij4K5bem5a6Y44Gu5oqA6KGT44KE5p2Q5paZKOePquiXu+WcnynjgpLnlKjjgYTjgabjgaTjgY/jgonjgozjgZ/jg5fjg63jg4Djgq/jg4hzb2lsKOOCveOCpOODqynjgII8YnI+CuS/nea5v+aAp+OChOWQuOawtOaAp+OBq+WEquOCjOOAgeWRvOWQuOOBmeOCi+e0oOadkOOBqOOBl+OBpuOCguazqOebruOBleOCjOOCi+Wcn+OBrueJueaAp+OCkuOBneOBruOBvuOBvuOBq+OAgTxicj4K6Ieq54S244Gu5oG144G/44KS5Yed57iu44GV44Gb44Gf44OK44OB44Ol44Op44Or44Gn5b+D5Zyw44KI44GE44OH44K244Kk44Oz44GM54m55b6044Gn44GZ44CCPGJyPgrnmq7ohprjga7lvLHjgYTmlrnjgavjgoLlronlv4PjgZfjgabjgYrkvb/jgYTjgYTjgZ/jgaDjgZHjgIHjg6rjgrXjgqTjgq/jg6vmgKfjgavjgoLlr4zjgpPjgafjgYTjgb7jgZnjgII8YnI+CuS6uuOChOeSsOWig+OBq+OChOOBleOBl+OBhOOAgeengeOBn+OBoeOBruacquadpeOCkuWJteOCi+ODl+ODreODgOOCr+ODiOOAgXNvaWzjgafjgZnjgIIKPC90ZD4KPC90cj4KPC90YWJsZT4KPGltZyBzcmM9Imh0dHA6Ly9pbWFnZS5yYWt1dGVuLmNvLmpwL2Zhdm9yaXRlc3R5bGUvY2FiaW5ldC9iYW5uZXIvYmF0aC9zb2lsLXNldHVfNjIwXzAyLmpwZyIgYWx0PSJzb2ls44Gu44Oh44O844Kr44O844Kk44K544Or44Ku44Gu5L+h6aC844Gu5bem5a6Y5oqA6KGTIiBib3JkZXI9IjAiIC8+PGJyPgo8aW1nIHNyYz0iaHR0cDovL2ltYWdlLnJha3V0ZW4uY28uanAvZmF2b3JpdGVzdHlsZS9jYWJpbmV0L2Jhbm5lci9iYXRoL3NvaWwtc2V0dV82MjBfMDMuanBnIiBhbHQ9IuePquiXu+Wcn+OCknNvaWzjgafmtLvjgYvjgZkiIGJvcmRlcj0iMCIgLz48YnI+Cjxicj48YnI+CjwvZGl2PjwvZGl2Pgo8YnI+Cjxicj4KCjwhLS0g6Zai6YCj5ZWG5ZOB44GT44GT44GL44KJIC0tPgo8c3R5bGUgdHlwZT0idGV4dC9jc3MiPgo8IS0tCnRhYmxlLmthbnJlbiB0ZHt2ZXJ0aWNhbC1hbGlnbjogdG9wO2ZvbnQtc2l6ZTogOXB0O2ZvbnQtY29sb3I6ICMwMDAwZmY7d2lkdGg6IDE1MDt9CnRhYmxlLmthbnJlbiBpbWd7aGVpZ2h0OiAxMjBweDt2ZXJ0aWNhbC1hbGlnbjogdG9wO30KLy8gLS0+Cjwvc3R5bGU+CjxpbWcgc3JjPSJodHRwOi8vaW1hZ2UucmFrdXRlbi5jby5qcC9mYXZvcml0ZXN0eWxlL2NhYmluZXQvY29udGVudHMva2FucmVuLmdpZiIgYWx0PSIqIiBib3JkZXI9IjAiPjxicj4KPHRhYmxlIHdpZHRoPSI2MDAiIGJvcmRlcj0iMCIgY2VsbHNwYWNpbmc9IjAiIGNlbGxwYWRkaW5nPSIxIiBiZ2NvbG9yPSIjMjVCNUMyIj48dHI+PHRkPgo8dGFibGUgY2VsbHBhZGRpbmc9IjEwIiBjZWxsc3BhY2luZz0iMCIgd2lkdGg9IjU5OCIgYm9yZGVyPSIwIiBjbGFzcz0ia2FucmVuIiBiZ2NvbG9yPSIjRjdGN0Y3Ij4KPCEtLSAx6KGMIC0tPgo8dHI+CjwhLS0gMeWIlyAtLT4KPHRkIGFsaWduPSJjZW50ZXIiPgoKPGltZyBzcmM9Imh0dHA6Ly9pbWFnZS5yYWt1dGVuLmNvLmpwL2Zhdm9yaXRlc3R5bGUvY2FiaW5ldC9zYXZlX2ltYWdlMi8wMDAwMDU0NF8wMS5qcGciIGJvcmRlcj0iMCI+PGJyPgpzb2lsL+OCveOCpOODqzxicj7jg5Djgrnjg57jg4Pjg4gg44Op44Kk44OICgo8L3RkPgo8IS0tIC8gMeWIlyAtLT4KPCEtLSAy5YiXIC0tPgo8dGQgYWxpZ249ImNlbnRlciI+Cgo8aW1nIHNyYz0iaHR0cDovL2ltYWdlLnJha3V0ZW4uY28uanAvZmF2b3JpdGVzdHlsZS9jYWJpbmV0L3NhdmVfaW1hZ2UyLzAwMDAwNTQ1XzAxLmpwZyIgYm9yZGVyPSIwIj48YnI+CnNvaWwv44K944Kk44OrPGJyPuODkOOCueODnuODg+ODiCDjgqbjgqfjg7zjg5YKCjwvdGQ+CjwhLS0gLyAy5YiXIC0tPgo8IS0tIDPliJcgLS0+Cjx0ZCBhbGlnbj0iY2VudGVyIj4KCjxpbWcgc3JjPSJodHRwOi8vaW1hZ2UucmFrdXRlbi5jby5qcC9mYXZvcml0ZXN0eWxlL2NhYmluZXQvc2F2ZV9pbWFnZTIvMDAwMDExODRfMDEuanBnIiBib3JkZXI9IjAiPjxicj4Kc29pbC/jgr3jgqTjg6s8YnI+44OQ44K544Oe44OD44OIIOOCouOCr+OCogoKPC90ZD4KPCEtLSAvIDPliJcgLS0+CjwhLS0gNOWIlyAtLT4KPHRkIGFsaWduPSJjZW50ZXIiPgoKPGltZyBzcmM9Imh0dHA6Ly9pbWFnZS5yYWt1dGVuLmNvLmpwL2Zhdm9yaXRlc3R5bGUvY2FiaW5ldC9zYXZlX2ltYWdlLzAwMDAwNjQwXzAxLmpwZyIgYm9yZGVyPSIwIj48YnI+CnNvaWwv44K944Kk44OrPGJyPuOCveODvOODl+ODh+OCo+ODg+OCt+ODpSDjg5DjgrnnlKgg44K544Kv44Ko44KiCgo8L3RkPgo8IS0tIC8gNOWIlyAtLT4KPC90cj4KPCEtLSAvIDHooYwgLS0+CjwhLS0gMuihjCAtLT4KPHRyPgo8IS0tIDHliJcgLS0+Cjx0ZCBhbGlnbj0iY2VudGVyIj4KCjxpbWcgc3JjPSJodHRwOi8vaW1hZ2UucmFrdXRlbi5jby5qcC9mYXZvcml0ZXN0eWxlL2NhYmluZXQvc2F2ZV9pbWFnZTQvMDAwMDE4NjdfMDEuanBnIiBib3JkZXI9IjAiPjxicj4Kc29pbC/jgr3jgqTjg6s8YnI+44OI44Kl44O844K544OW44Op44K344K544K/44Oz44OJCgo8L3RkPgo8IS0tIC8gMeWIlyAtLT4KPCEtLSAy5YiXIC0tPgo8dGQgYWxpZ249ImNlbnRlciI+Cgo8aW1nIHNyYz0iaHR0cDovL2ltYWdlLnJha3V0ZW4uY28uanAvZmF2b3JpdGVzdHlsZS9jYWJpbmV0L3NhdmVfaW1hZ2UzLzAwMDAxNTIwXzAxLmpwZyIgYm9yZGVyPSIwIj48YnI+CnNvaWwv44K944Kk44OrPGJyPuODiOOCpeODvOOCueODluODqeOCt+OCueOCv+ODs+ODiSDjg5/jg4sKCjwvdGQ+CjwhLS0gLyAy5YiXIC0tPgo8IS0tIDPliJcgLS0+Cjx0ZCBhbGlnbj0iY2VudGVyIj4KCjxpbWcgc3JjPSJodHRwOi8vaW1hZ2UucmFrdXRlbi5jby5qcC9mYXZvcml0ZXN0eWxlL2NhYmluZXQvc2F2ZV9pbWFnZTQvMDAwMDE5NzRfMDEuanBnIiBib3JkZXI9IjAiPjxicj4Kc29pbC/jgr3jgqTjg6s8YnI+44OJ44Op44Kk44Oz44Kw44K144OD44KvCgo8L3RkPgo8IS0tIC8gM+WIlyAtLT4KPCEtLSA05YiXIC0tPgo8dGQgYWxpZ249ImNlbnRlciI+Cgo8aW1nIHNyYz0iaHR0cDovL2ltYWdlLnJha3V0ZW4uY28uanAvZmF2b3JpdGVzdHlsZS9jYWJpbmV0L3NhdmVfaW1hZ2UvMDAwMDA2NDFfMDEuanBnIiBib3JkZXI9IjAiPjxicj4Kc29pbC/jgr3jgqTjg6s8YnI+44Kz44O844K544K/44O8IOODqeODvOOCuAoKPC90ZD4KPCEtLSAvIDTliJcgLS0+CjwvdHI+CjwhLS0gLyAy6KGMIC0tPgo8IS0tIDPooYwgLS0+Cjx0cj4KPCEtLSAx5YiXIC0tPgo8dGQgYWxpZ249ImNlbnRlciI+Cgo8aW1nIHNyYz0iaHR0cDovL2ltYWdlLnJha3V0ZW4uY28uanAvZmF2b3JpdGVzdHlsZS9jYWJpbmV0L3NhdmVfaW1hZ2UvMDAwMDA3MzdfMDEuanBnIiBib3JkZXI9IjAiPjxicj4Kc29pbC/jgr3jgqTjg6s8YnI+44OJ44Op44Kk44Oz44Kw44OW44Ot44OD44KvCgo8L3RkPgo8IS0tIC8gMeWIlyAtLT4KPCEtLSAy5YiXIC0tPgo8dGQgYWxpZ249ImNlbnRlciI+Cgo8aW1nIHNyYz0iaHR0cDovL2ltYWdlLnJha3V0ZW4uY28uanAvZmF2b3JpdGVzdHlsZS9jYWJpbmV0L3NhdmVfaW1hZ2UvMDAwMDA1NDdfMDEuanBnIiBib3JkZXI9IjAiPjxicj4Kc29pbC/jgr3jgqTjg6s8YnI+44OJ44Op44Kk44Oz44Kw44OW44Ot44OD44KvIOODn+ODiwoKPC90ZD4KPCEtLSAvIDLliJcgLS0+CjwhLS0gM+WIlyAtLT4KPHRkIGFsaWduPSJjZW50ZXIiPgoKPGltZyBzcmM9Imh0dHA6Ly9pbWFnZS5yYWt1dGVuLmNvLmpwL2Zhdm9yaXRlc3R5bGUvY2FiaW5ldC9zYXZlX2ltYWdlNC8wMDAwMTk3MV8wMS5qcGciIGJvcmRlcj0iMCI+PGJyPgpzb2lsL+OCveOCpOODqzxicj7jg4Hjg6PjgrXjgrgKCjwvdGQ+CjwhLS0gLyAz5YiXIC0tPgo8IS0tIDTliJcgLS0+Cjx0ZCBhbGlnbj0iY2VudGVyIj4KCjxpbWcgc3JjPSJodHRwOi8vaW1hZ2UucmFrdXRlbi5jby5qcC9mYXZvcml0ZXN0eWxlL2NhYmluZXQvc2F2ZV9pbWFnZTMvMDAwMDE1MjFfMDEuanBnIiBib3JkZXI9IjAiPjxicj4Kc29pbC/jgr3jgqTjg6s8YnI+44Kz44OB44Oj44K144K4Cgo8L3RkPgo8IS0tIC8gNOWIlyAtLT4KPC90cj4KPCEtLSAvIDPooYwgLS0+CjwhLS0gNOihjCAtLT4KPHRyPgo8IS0tIDHliJcgLS0+Cjx0ZCBhbGlnbj0iY2VudGVyIj4KCjxpbWcgc3JjPSJodHRwOi8vaW1hZ2UucmFrdXRlbi5jby5qcC9mYXZvcml0ZXN0eWxlL2NhYmluZXQvc2F2ZV9pbWFnZS8wMDAwMDU0Nl8wMS5qcGciIGJvcmRlcj0iMCI+PGJyPgpzb2lsL+OCveOCpOODqzxicj7jg5Xjg7zjg4njgrPjg7Pjg4bjg4og44Ks44Op44K5Cgo8L3RkPgo8IS0tIC8gMeWIlyAtLT4KPCEtLSAy5YiXIC0tPgo8dGQgYWxpZ249ImNlbnRlciI+Cgo8aW1nIHNyYz0iaHR0cDovL2ltYWdlLnJha3V0ZW4uY28uanAvZmF2b3JpdGVzdHlsZS9jYWJpbmV0L3NhdmVfaW1hZ2U0LzAwMDAxOTcyXzAxLmpwZyIgYm9yZGVyPSIwIj48YnI+CnNvaWwv44K944Kk44OrPGJyPuODieODqeOCpOODs+OCsOOCqOODg+OCsCAx5YCLCgo8L3RkPgo8IS0tIC8gMuWIlyAtLT4KPCEtLSAz5YiXIC0tPgo8dGQgYWxpZ249ImNlbnRlciI+Cgo8aW1nIHNyYz0iaHR0cDovL2ltYWdlLnJha3V0ZW4uY28uanAvZmF2b3JpdGVzdHlsZS9jYWJpbmV0L3NhdmVfaW1hZ2U0LzAwMDAxOTczXzAxLmpwZyIgYm9yZGVyPSIwIj48YnI+CnNvaWwv44K944Kk44OrPGJyPuODieODqeOCpOODs+OCsOOCqOODg+OCsCA05YCL44K744OD44OICgo8L3RkPgo8IS0tIC8gM+WIlyAtLT4KPCEtLSA05YiXIC0tPgo8dGQgYWxpZ249ImNlbnRlciI+CjwvdGQ+CjwhLS0gLyA05YiXIC0tPgo8L3RyPgo8IS0tIC8gNOihjCAtLT4KPC90YWJsZT4KPC90ZD48L3RyPjwvdGFibGU+CjwhLS0g6Zai6YCj5ZWG5ZOB44GT44GT44G+44GnIC0tPgoKPGJyPgo8YnI+CjxpbWcgc3JjPSJodHRwOi8vaW1hZ2UucmFrdXRlbi5jby5qcC9mYXZvcml0ZXN0eWxlL2NhYmluZXQvY29udGVudHMvYm5yX3dyYXBfci5qcGciIGFsdD0i44Ku44OV44OI44Op44OD44OU44Oz44Kw44Gu44GU5qGI5YaFIiBib3JkZXI9IjAiIC8+PGJyIC8+4oaS5aSn5YiH44Gq5pa544G444Gu6LSI44KK54mp44Gr44CC44Ku44OV44OI44Op44OD44OU44Oz44KwKOacieaWmSnjga7jgZTos7zlhaXjga/jgZPjgaHjgok8YnIgLz4KPGJyPjxicj48aW1nIHNyYz0iaHR0cDovL2ltYWdlLnJha3V0ZW4uY28uanAvZmF2b3JpdGVzdHlsZS9jYWJpbmV0L2NvbnRlbnRzL2FzdXJha3UyLmpwZyIgYWx0PSLjgYLjgZnmpb3jgZTms6jmhI/kuovpoIUiIC8+,44CQ5Ymy5byV44Kv44O844Od44Oz6YWN5biD5Lit44CRc29pbCAo44K944Kk44OrKSDjg4Hjg6PjgrXjgrggQ0hBLVNBSkkg5Lm+54el44KS5L+d44Gk6Iy244GV44GY77yaRmF2b3JpdGVTdHlsZe+9nuOCreODg+ODgeODs+ODu+mbkeiyqO+9ng==,44CQ5Ymy5byV44Kv44O844Od44Oz6YWN5biD5Lit44CRc29pbCAo44K944Kk44OrKSDjg4Hjg6PjgrXjgrggQ0hBLVNBSkkg5Lm+54el44KS5L+d44Gk6Iy244GV44GY,44CQ54+q6Je75ZyfL+aXpeacrOijvS/jgq3jg4Pjg4Hjg7Mv5ZC45rm/5YmkL+S5vueHpeWJpC/jgq7jg5Xjg4gvZnNnaXB1bOOAkeOAguOAkOWJsuW8leOCr+ODvOODneODs+mFjeW4g+S4reOAkXNvaWwgKOOCveOCpOODqykg44OB44Oj44K144K4IENIQS1TQUpJIOS5vueHpeOCkuS/neOBpOiMtuOBleOBmA==[rn]
9-88268,aHR0cDovL3RzaG9wLnIxMHMuanAvZmFzaGlvbndhbGtlci9jYWJpbmV0L2l0ZW0vZ3JvMDEvZ3JvMDE5OWEwOTUwL2dybzAxOTlhMDk3MV9wel9hMDAxLmpwZz9maXRpbj03MDA6NzAw,MTIwOS42MDAw,,44Kt44OD44OB44Oz55So5ZOB44O76aOf5Zmo44O76Kq/55CG5Zmo5YW3ID4g44Gd44Gu5LuW,Z3JvdmUo44Kw44Ot44O844OWKeODpOODvOODsyDjg6zjg7Pjgrjjg5zjgqbjg6tN,44CQ6YCB5paZ54Sh5paZ44CR6aOf5Zmo44O744Kt44OD44OB44Oz55So5ZOB,PCEtLSDilrxSTVPlhoUg5YWx6YCa6Kqs5piO5paH77yI5aSn77yJ4pa8IC0tPgo8bGluayB0eXBlPSJ0ZXh0L2NzcyIgcmVsPSJzdHlsZXNoZWV0IiBocmVmPSJodHRwOi8vd3d3LnJha3V0ZW4ubmUuanAvZ29sZC9mYXNoaW9ud2Fsa2VyL2Nzcy9jYXRlZ29yeS5jc3MiPgo8IS0t5Y+z44Kr44Op44Og5bmF6Kq/5pW0LS0+Cjx0YWJsZSB3aWR0aD0iNzcwIiBoZWlnaHQ9IjEiIGZyYW1lYm9yZGVyPSIwIiA+PC90YWJsZT4KPCEtLeWPs+OCq+ODqeODoOW5heiqv+aVtC0tPgo8IS0tIOKWslJNU+WGhSDlhbHpgJroqqzmmI7mlofvvIjlpKfvvInilrIgLS0+,Z3JvdmUo44Kw44Ot44O844OWKeODpOODvOODsyDjg6zjg7Pjgrjjg5zjgqbjg6tN77ya44OV44Kh44OD44K344On44Oz44Km44Kp44O844Kr44O8,44OV44Kh44OD44K344On44Oz44OV44Kh44OD44K344On44Oz6YCa6LKp44Os44OH44Kj44O844K544OW44Op44Oz44OJ44Os44OH44Kj44O844K544OV44Kh44OD44K344On44OzZmlmdGjjg5XjgqPjg5Xjgrnjgrnjg4rjgqTjg4fjg6vnpo/ooovjgqLjgqbjg4jjg6zjg4Pjg4hPVVRMRVTjg5XjgqHjg4Pjgrfjg6fjg7Pjgqbjgqnjg7zjgqvjg7xmYXNoaW9ud2Fsa2VyZmFzaGlvbndhbGtlci5jb21nZWxhdG8gcGlxdWXjgrjjgqfjg6njg7zjg4jjg5TjgrHmnIDmlrDjg4jjg6zjg7Pjg4lUUkVOROmbkeiqjOaOsui8ieOCs+ODqeODnOOCouOCpOODhuODoOiqreiAheODouODh+ODq2dyb3ZlKOOCsOODreODvOODlinjg6Tjg7zjg7Mg44Os44Oz44K444Oc44Km44OrTQ==,44CQ6YCB5paZ54Sh5paZ44CR6aOf5Zmo44O744Kt44OD44OB44Oz55So5ZOB44CCZ3JvdmUo44Kw44Ot44O844OWKeODpOODvOODsyDjg6zjg7Pjgrjjg5zjgqbjg6tN[rn]
9-88269,aHR0cDovL3RzaG9wLnIxMHMuanAvbWFnbmlmaXF1ZS9jYWJpbmV0LzI1MTk5MjQ1MDEyNC5qcGc/Zml0aW49NzAwOjcwMA==,MzIwLjAwMDA=,,44Kt44OD44OB44Oz55So5ZOB44O76aOf5Zmo44O76Kq/55CG5Zmo5YW3ID4g44Gd44Gu5LuW,57y244Ob44Or44OA44O844CAKOODieODquODs+OCr+ODm+ODq+ODgOODvOOAgOOCt+ODs+ODj+ODvOODk+ODvOODq+OAgOODk+OCouODgeODo+ODsynjgIAo44Ki44K444Ki44Oz6ZuR6LKo44CA44K/44Kk6ZuR6LKo77yJ44CAIDAyUDAzRGVjMTY=,5omL5L2c44KK44OG44O844OW44Or44Ki44Kv44K744K144Oq44O844KS55u06Ly45YWl77yB,PHRhYmxlIHdpZHRoPSIyNzAiIGJvcmRlcj0iMCIgY2VsbHBhZGRpbmc9IjAiIGNlbGxzcGFjaW5nPSIxIj4KICA8dHI+CiAgICA8dGQ+PGZvbnQgc2l6ZT0iMiIgY29sb3I9IiM2NjY2NjYiPuKXj+OCreODo+ODs+ODl+OChOODkOODvOODmeOCreODpeODvOOBp+Wkp+a0u+i6je+8geOBiuWutuOChOOCv+OCpOODrOOCueODiOODqeODs+OBp+OCguOCv+OCpOOBruODkOODvOODk+OCouawl+WIhuOBjOWRs+OCj+OBiOOBvuOBmeOAgiA8QlI+CiAgICAgIOKXj+ODh+OCtuOCpOODs+OBr+OCv+OCpOOBrjLlpKfjg5Pjg7zjg6vjgIzjgrfjg7Pjg4/jg7zjg5Pjg7zjg6vjgI3jgajjgIzjg5PjgqLjg4Hjg6Pjg7PjgI3jga4y56iu6aGe44GM44GU44GW44GE44G+44GZ44CCPEJSPgogICAgICDil4/jgrXjgqTjgrrvvIhjbe+8ieebtOW+hDjDl+mrmOOBlTEwPGJyPgogICAgICDil4/ntKDmnZDvvJrjgqbjg6zjgr/jg7Pjg5Xjgqnjg7zjg6A8YnI+CiAgICAgIOKXj+WOn+eUo+Wbve+8muOCv+OCpDxicj4KICAgICAg4peP6YWN6YCB5Yy65YiG77ya5a6F6YWN5L6/44CA5YWo5Zu95LiA5b6LNjAw5YaGPGJyPgogICAg4peP57SN5pyf77ya57SN5pyf77ya44GU5rOo5paH5b6MMu+9njPml6Xku6XlhoXjgas8QlI+IArjgIDjgIDjgIDjgIDlvZPlupfjgYvjgonnmbrpgIHkuojlrprvvIjlnJ/ml6XnpZ3pmaTvvIk8L2ZvbnQ+PC90ZD4KICA8L3RyPgo8VFI+PFREIGFsaWduPSJjZW50ZXIiPjxCUj48SU1HIHNyYz0iaHR0cDovL2ltYWdlLnJha3V0ZW4uY28uanAvbWFnbmlmaXF1ZS9jYWJpbmV0L3RvcC9zZWlub3UuanBnIiBib3JkZXI9IjAiPjxCUj4KPGZvbnQgc2l6ZT0iMiIgY29sb3I9ImZmMDAwMCI+PEI+4oC75pel5puc5pel44O756Wt5pel44Gv5pmC6ZaT5biM5pyb44GMPEJSPgrjgYvjgZHjgonjgozjgb7jgZvjgpPjga7jgafjgZTms6jmhI/kuIvjgZXjgYQ8L0I+PEJSPgo8L2ZvbnQ+PEJSPgo8Zm9udCBzaXplPSIyIiBjb2xvcj0iNjY2NjY2Ij4z6L6644Gu5ZKM44GMMTIwY23ku6XkuIvjga7jg4Djg7Pjg5zjg7zjg6vjgas8QlI+CuWFpeOCi+OBoOOBkeOBr+OBvuOBqOOCgeiyt+OBhOOBp+OCgumAgeaWmeOBrzxCUj4KNjAw5YaG44Gu44G/44Go44Gq44KK44G+44GZPEJSPgroqbPjgZfjgY/jga/jgIzjgYrmlK/miZXjg7vpgIHmlpnjgI3jg5rjg7zjgrjjgpI8QlI+CuOBlOimp+S4i+OBleOBhOOAgjwvZm9udD48L1REPjwvVFI+CjwvdGFibGU+PFRBQkxFIHdpZHRoPSI2MDAiIGJvcmRlcj0iMCI+PFRCT0RZPjxUUj4KICAgICAgPFREIGFsaWduPSJjZW50ZXIiPgoKICAgICA8dGFibGUgd2lkdGg9IjYwMCIgYm9yZGVyPSIwIiBjZWxscGFkZGluZz0iMyIgY2VsbHNwYWNpbmc9IjEiIGJnY29sb3I9IiM5OTMzMDAiPiAKICAgICAgICAgIDx0cj4KPFREIGJnY29sb3I9IiNGRkZGRkYiPjxGT05UIGNvbG9yPSIjNjYwMDAwIiBzaXplPSIyIj48c3Ryb25nPumAgeaWmeioiOeul+OBq+OBpOOBjeOBvuOBl+OBpuOBruOBiuefpeOCieOBmzwvc3Ryb25nPjwvRk9OVD48QlI+CjxGT05UIGNvbG9yPSIjNjYwMDAwIiBzaXplPSIyIj7ilqDjgZTms6jmlofmmYLjgavlkITnqK7jgIzpgIHmlpnnibnlhbjjgI3jgYzoh6rli5XoqIjnrpfjgZXjgozjgb7jgZvjgpPjgII8L0ZPTlQ+PGJyPgo8Rk9OVCBjb2xvcj0iIzY2NjY2NiIgc2l6ZT0iMiI+5b2T5bqX44Gn44Gv44CM6ZuR6LKo6YCB5paZ54Sh5paZ44CN44Go44CM5a625YW344Gu6YCB5paZ5Y2K6aGN44CN44CB44CM5a625YW344Gu6YCB5paZ54Sh5paZ44CN44Gq44Gp6KSH5pWw44Gu6YCB5paZ54m55YW444GM44GU44GW44GE44G+44GZ44CCPEJSPgogICAgICAgICAgICDjgZ3jga7jgZ/jgoHjgavmpb3lpKnjgrfjgrnjg4bjg6Djgafjga/jgIzpgIHmlpnnibnlhbjjgI3jga7libLlvJXjgpLoh6rli5XjgafooYzjgYbjgZPjgajjgYzjgafjgY3jgb7jgZvjgpPjga7jgafjgIHjgZTms6jmlofmmYLjgavjga/jgZ3jga7jgb7jgb7pgIHmlpnjgYzoqIjnrpfjgZXjgozjgabjgZfjgb7jgYTjgb7jgZnjgYzjgIHlvozjgbvjganpgIHmlpnnibnlhbjjgpLpgannlKjjgZfjgZ/mnIDntYLjga7ph5HpoY3jgpLjgZTms6jmlofnorroqo3jg6Hjg7zjg6vjgafjgYrpgIHjgorjgZXjgZvjgabjgYTjgZ/jgaDjgY3jgb7jgZnjgII8L2ZvbnQ+PEJSPgo8L1REPgogICAgICAgICAgPC90cj4KICAgICAgPC90YWJsZT4KPC9URD4KICAgIDwvVFI+CgogICAgICAgICAgPFRSPgogICAgICAgICAgICA8VEQgYWxpZ249ImNlbnRlciI+CiAgICAgIDx0YWJsZSB3aWR0aD0iNjAwIiBib3JkZXI9IjAiIGNlbGxwYWRkaW5nPSIzIiBjZWxsc3BhY2luZz0iMSIgYmdjb2xvcj0iIzk5MzMwMCI+CiAgCiAgICAgICAgICA8dHI+CiAgICAgICAgICAgICAgICAgIDxURCBiZ2NvbG9yPSIjRkZGRkZGIiBoZWlnaHQ9IjkzIiBhbGlnbj0iY2VudGVyIj4KICAgICAgICAgICAgICAgICAgPFRBQkxFIGJvcmRlcj0iMCJ3aWR0aD0iNjAwIj4KICAgICAgICAgICAgICAgICAgICA8VEJPRFk+CiAgICAgICAgICAgICAgICAgICAgICA8VFI+CiAgICAgICAgICAgICAgICAgICAgICAgIDxURCBhbGlnbj0iY2VudGVyIiB3aWR0aD0iNDc1Ij4KCjxJTUcgc3JjPSJodHRwOi8vaW1hZ2UucmFrdXRlbi5jby5qcC9fY2FtcGFpZ24vY2FiaW5ldC9jYXJkLzEwMDBfY291cG9uXzQ2OHg2MC5naWYiIGJvcmRlcj0iMCIgd2lkdGg9IjQ2OCIgaGVpZ2h0PSI2MCI+PEJSPgo8Zm9udCBzaXplPSIyIj7ihpHjgIDmpb3lpKnjgqvjg7zjg4njgYrnlLPjgZfovrzjgb/jga/jgZPjgaHjgonjga7jg5Djg4rjg7zjgpLjgq/jg6rjg4Pjgq/jgIDihpE8L2ZvbnQ+CjwvVEQ+CiAgICAgICAgICAgICAgICAgICAgICAgIDxURCBhbGlnbj0ibGVmdCI+PEZPTlQgY29sb3I9IiM2NjY2NjYiIHNpemU9IjIiPuOBvuOBoOalveWkqeOCq+ODvOODieOCkuOBiuaMgeOBoeOBp+OBquOBhOaWueOBrzIwMDDjg53jgqTjg7Pjg4jvvIYxMDAw5YaG44Kv44O844Od44Oz44OX44Os44K844Oz44OI44Gu44GT44Gu44OB44Oj44Oz44K544KS44GK6KaL6YCD44GX44Gq44GP44CCPC9GT05UPjwvVEQ+CiAgICAgICAgICAgICAgICAgICAgICA8L1RSPgogICAgICAgICAgICAgICAgICAgIDwvVEJPRFk+CiAgICAgICAgICAgICAgICAgIDwvVEFCTEU+CiAgICAgICAgICAgICAgICAgIDwvVEQ+CiAgICAgICAgICAgICAgICA8L3RyPgogICAgICAgIAogICAgICA8L3RhYmxlPgo8L1REPgogICAgICAgICAgPC9UUj4KCgo8VFI+CiAgICAgIDxURCBhbGlnbj0iY2VudGVyIj48QlI+CiAgICAgIDxJTUcgc3JjPSJodHRwOi8vaW1hZ2UucmFrdXRlbi5jby5qcC9tYWduaWZpcXVlL2NhYmluZXQvdG9wL3Jhbms2MDBsLmpwZyIgYm9yZGVyPSIwIj4KPC9URD4KICAgIDwvVFI+CjwvVEJPRFk+PC9UQUJMRT4=,57y244Ob44Or44OA44O844CAKOODieODquODs+OCr+ODm+ODq+ODgOODvOOAgOOCt+ODs+ODj+ODvOODk+ODvOODq+OAgOODk+OCouODgeODo+ODsynjgIAo44Ki44K444Ki44Oz6ZuR6LKo44CA44K/44Kk6ZuR6LKo77yJ44CAIDAyUDAzRGVjMTbvvJrjgqLjgrjjgqLjg7Ppm5Hosqjjgqbjg6vjg4jjg6njg57jg4vjg5XjgqPjg4Pjgq8=,44Ki44K444Ki44Oz44Ki44K444Ki44K/44Kk44OQ44Oq44Kk44Oz44OJ44ON44K344Ki5a625YW36ZuR6LKo54Wn5piO44Op44Oz44OX6aOf5Zmo44OQ44K544Kx44OD44OI44OG44O844OW44Or44K944OV44Kh44Kt44Oj44OT44ON44OD44OI44OG44Os44OT44Oc44O844OJ44Kk44Oz44OG44Oq44Ki5qSF5a2Q44K944O844Kk44Oz44Kw44Oc44OD44Kv44K544Kz44K544Oh44Oc44OD44Kv44K544OQ44OK44OK44Oq44O844OV57y244Ob44Or44OA44O844CAKOODieODquODs+OCr+ODm+ODq+ODgOODvOOAgOOCt+ODs+ODj+ODvOODk+ODvOODq+OAgOODk+OCouODgeODo+ODsynjgIAo44Ki44K444Ki44Oz6ZuR6LKo44CA44K/44Kk6ZuR6LKo77yJ44CAIDAyUDAzRGVjMTY=,5omL5L2c44KK44OG44O844OW44Or44Ki44Kv44K744K144Oq44O844KS55u06Ly45YWl77yBIOOAgue8tuODm+ODq+ODgOODvOOAgCjjg4njg6rjg7Pjgq/jg5vjg6vjg4Djg7zjgIDjgrfjg7Pjg4/jg7zjg5Pjg7zjg6vjgIDjg5PjgqLjg4Hjg6Pjg7Mp44CAKOOCouOCuOOCouODs+mbkeiyqOOAgOOCv+OCpOmbkeiyqO+8ieOAgCAwMlAwM0RlYzE2[rn]
9-88270,aHR0cDovL3RzaG9wLnIxMHMuanAvZy1saWZlL2NhYmluZXQvamlzaGFoaW4zLzUyODAwMy1lLmpwZz9maXRpbj03MDA6NzAw,NTE3MC40MDAw,,44Kt44OD44OB44Oz55So5ZOB44O76aOf5Zmo44O76Kq/55CG5Zmo5YW3ID4g44Gd44Gu5LuW,44CQ6YCB5paZ54Sh5paZ44CR44Ki44Kk44Oq44K544Kq44O844Ok44OeIOecn+epuuS/neWtmOODleODvOODieOCt+ODvOODqeODvCBWUEYtMzg1VCDmpb3lpKk=,44CA,PGI+PGZvbnQgc2l6ZT0iNCIgY29sb3I9IiNmZjhmMDAiPumuruW6puOCkumVt+OBj+OCreODvOODl+OBl+OAgeevgOe0hO+8huOCqOOCs++8gTwvZm9udD48L2I+PGJyPgrnqbrmsJfjgpLmipzjgYTjgabnnJ/nqbrkv53lrZjjgpLjgZnjgovjgZPjgajjgafpgJrluLjkv53lrZjjgojjgorjgoLpo5/lk4Hjga7prq7luqbjgpLplbfmjIHjgaHjgZXjgZvjgb7jgZnjgII8YnI+CumVt+aZgumWk+OBruS/neWtmOOBjOWPr+iDveOBquOBruOBp+OAgemjn+adkOOCkueEoemnhOOBq+OBl+OBvuOBm+OCk+OAgjxicj48YnI+Cgo8Yj48Zm9udCBzaXplPSI0IiBjb2xvcj0iI2ZmOGYwMCI+44GK44GL44Ga44KS5L2c44KK572u44GN44GX44Gm44GK44GE44GX44GP5pmC55+t77yBPC9mb250PjwvYj48YnI+CuaZgumWk+OBjOOBguOCi+OBqOOBjeOBq+OBn+OBj+OBleOCk+S9nOOBo+OBpuS/neWtmOOBl+OBpuOBiuOBkeOBsOOAgeW/meOBl+OBhOaZguOBruiqv+eQhuOBjOalveOBq+OBquOCiuOBvuOBmeOAgjxicj4K5a+G5bCB44GX44Gf44G+44G+5Ya35YeN44O75Ya36JS15L+d5a2Y44Gn44GN44CB5rmv44Gb44KT44KE6Zu75a2Q44Os44Oz44K444KC5L2/55So5Y+v6IO944Gn44GZ44CCPGJyPjxicj4KCjxiPjxmb250IHNpemU9IjQiIGNvbG9yPSIjZmY4ZjAwIj7jg4vjgqrjgqTnp7vjgorjgarjgZfvvIE8L2ZvbnQ+PC9iPjxicj4K56m65rCX44KS6YCa44GV44Gq44GE5bCC55So44Ot44O844Or44O75bCC55So44K344O844OI44Gn5a+G6ZaJ44GZ44KL44Gu44Gn44CB5LuW44Gu6aOf5ZOB44G444Gu44OL44Kq44Kk56e744KK44KS6Ziy5q2i44GX44G+44GZ44CCPGJyPjxicj4KCuOAkOWVhuWTgeS7leanmOOAkTxicj4K4peH5pys5L2TPGJyPgril4/jgrXjgqTjgrrvvIjntITvvInvvJrluYUzOMOX5aWl6KGMMTYuNcOX6auY44GVOS41Y208YnI+CuKXj+mHjemHj++8mue0hDIuMWtnPGJyPgril4/pm7vmupDpm7vlnKfvvJpBQzEwMFbvvIg1MC82MEh677yJPGJyPgril4/mtojosrvpm7vlipvvvJrntIQxMDVXPGJyPgril4/jgrfjg7zjg6vlj6/og73luYXvvJrmnIDlpKcyODBtbTxicj4K4peP6ISx5rCX5Yqb77ya57SENTAwbW1IRzxicj4K4peP5L2/55So5Y+v6IO944Gq6KKL77ya5bCC55So44Ot44O844Or44CB5bCC55So44OR44Km44OBPGJyPgril4/mjqXnnYDpg6jjga7muKnluqbvvJrntIQxMjDihIM8YnI+CuKXj+OCt+ODvOODq+aZgumWk++8muiEseawl++8i+OCt+ODvOODq+aZgu+8j+e0hDEx56eS44CB44K344O844Or44Gu44G/77yP57SEMTHnp5I8YnI+CuKXj+mbu+a6kOOCs+ODvOODieOBrumVt+OBle+8mue0hDEuOG08YnI+CuKXj+S4u+imgeadkOizqu+8mkFCU+aoueiEgjxicj4K4peH5LuY5bGe5ZOBPGJyPgril4/lsILnlKjjg63jg7zjg6vvvIjntITvvInvvJrluYUyOMOX6ZW344GVMzAwY208YnI+CuKXj+WwgueUqOODkeOCpuODge+8iOe0hO+8ie+8muW5hTIww5fplbfjgZUzMGNt77yIM+aemu+8iTxicj4K4peP5Y6f5paZ5qi56ISC77ya44OK44Kk44Ot44Oz44CB44Od44Oq44Ko44OB44Os44OzPGJyPgril4/ogJDlhrfjg7vogJDnhrHmuKnluqbvvJotMzDihIPvvZ4xMDDihIM8YnI+PGJyPgrigLvmlofkuK3jga7jgIznnJ/nqbrjgI3jga/lrozlhajjgarnnJ/nqbrnirbmhYvjga7jgZPjgajjgafjga/jgYLjgorjgb7jgZvjgpPjgII8YnI+CuOAgCBKSVPopo/moLzjgavjgYrjgZHjgovjgIzlpKfmsJflnKfjgojjgorkvY7jgYTlnKflipvjga7msJfkvZPjgafmuoDjgZ/jgZXjgozjgZ/nqbrplpPlhoXjga7nirbmhYvjgI3jgafjgZnjgII8YnI+PGJyPjxicj4KCgo8Yj48Zm9udCBzaXplPSIzIiBjb2xvcj0iI2ZmMzNmZiI+4pag4pah4pag5bCC55So44Ot44O844Or44Gu44G/44KC6LKp5aOy5Lit4pag4pah4pagPC9mb250PjwvYj48YnI+CuKYheW5hTI4Y23Dl+mVt+OBlTMwMGNtPGJyPgrimIXluYUyMGNtw5fplbfjgZUzMDBjbTxicj4K4piF5bmFMjhjbcOX6ZW344GVNjAwY208YnI+CuKYheW5hTIwY23Dl+mVt+OBlTYwMGNtPGRpdiBzdHlsZT0iY2VudGVyIj4KPCEtLeavjeOBruaXpeOCruODleODiDIwMTLjg5Djg4rjg7wtLT48IS0tLS0+CjwhLS3mr43jga7ml6Xjgq7jg5Xjg4gyMDEy44OQ44OK44O857WC5LqGLS0+Cjxicj4KCgoKCgoKCgo8IS0t5ZWG5ZOB44Oa44O844K444Gr5o6y6LyJ44GZ44KL5qW95aSp44OQ44OK44O855SoLS0+CjwhLS0KLS0+CjwvZGl2Pgo8IS0tR29RU3lzdGVt44Op44Oz44Kt44Oz44Kw6Ieq5YuV5pu05paw44OE44O844Or44Ov44Kk44OJLS0+Cjx0YWJsZSBhbGlnbj0iY2VudGVyIiB3aWR0aD0iNjAwIiBib3JkZXI9IjAiIGNlbGxwYWRkaW5nPSIwIiBjZWxsc3BhY2luZz0iMCIgYmdjb2xvcj0iI0ZGRkZGRiI+Cjx0cj4KPHRkPgo8dGFibGUgYWxpZ249ImNlbnRlciIgd2lkdGg9IjYwMCIgYm9yZGVyPSIwIiBjZWxscGFkZGluZz0iMCIgY2VsbHNwYWNpbmc9IjAiIGJnY29sb3I9IiNGRkZGRkYiPgo8dHI+Cjx0ZCBhbGlnbj0iY2VudGVyIiB2YWxpZ249ImJvdHRvbSIgYmdjb2xvcj0iI2NjY2NjYyI+PGltZyBzcmM9Imh0dHA6Ly93d3cucmFrdXRlbi5uZS5qcC9nb2xkL2ctbGlmZS9nb3FzeXN0ZW0vNjAwcmFua2luZ3RpdGVsLmdpZiIgd2lkdGg9IjYwMCIgLz48L3RkPgo8L3RyPgo8L3RhYmxlPgo8dGFibGUgYWxpZ249ImNlbnRlciIgd2lkdGg9IjU5NiIgYm9yZGVyPSIwIiBjZWxscGFkZGluZz0iMCIgY2VsbHNwYWNpbmc9IjAiIGJnY29sb3I9IiNDQ0NDQ0MiIHN0eWxlPSJib3JkZXItbGVmdDpzb2xpZDtib3JkZXItbGVmdC13aWR0aDoxcHg7Ym9yZGVyLXJpZ2h0OnNvbGlkO2JvcmRlci1yaWdodC13aWR0aDoxcHg7Ym9yZGVyLWJvdHRvbTpzb2xpZDtib3JkZXItYm90dG9tLXdpZHRoOjFweDtib3JkZXItY29sb3I6I0NDQ0NDQzsiPgo8dHI+Cjx0ZCBhbGlnbj0iY2VudGVyIiBiZ2NvbG9yPSIjRkZGRkZGIiBzdHlsZT0ib3ZlcmZsb3c6YXV0bzsiPgoKPC90ZD4KPC90cj4KPHRyPgo8dGQgYWxpZ249InJpZ2h0IiBiZ2NvbG9yPSIjRkZGRkZGIiBzdHlsZT0icGFkZGluZzoycHg7Ij4KPGltZyBzcmM9Imh0dHA6Ly93d3cucmFrdXRlbi5uZS5qcC9nb2xkL2ctbGlmZS9nb3FzeXN0ZW0vcG93ZXJlZF9ieV9iYW5uZXIuZ2lmIiB3aWR0aD0iMTI1IiAvPgo8L3RkPgo8L3RyPgo8L3RhYmxlPgo8L3RkPgo8L3RyPgo8L3RhYmxlPgo8IS0tR29RU3lzdGVt44Op44Oz44Kt44Oz44Kw6Ieq5YuV5pu05paw44OE44O844Or44Ov44Kk44OJLS0+,44CQ6YCB5paZ54Sh5paZ44CR44Ki44Kk44Oq44K544Kq44O844Ok44OeIOecn+epuuS/neWtmOODleODvOODieOCt+ODvOODqeODvCBWUEYtMzg1VCDmpb3lpKnvvJrjgqzjg7zjg4fjg4vjg7PjgrDjg6njgqTjg5U=,44CQ6YCB5paZ54Sh5paZ44CR44Ki44Kk44Oq44K544Kq44O844Ok44OeIOecn+epuuS/neWtmOODleODvOODieOCt+ODvOODqeODvCBWUEYtMzg1VCDmpb3lpKk=,44CA44CC44CQ6YCB5paZ54Sh5paZ44CR44Ki44Kk44Oq44K544Kq44O844Ok44OeIOecn+epuuS/neWtmOODleODvOODieOCt+ODvOODqeODvCBWUEYtMzg1VCDmpb3lpKk=[rn]
9-88271,aHR0cDovL3RzaG9wLnIxMHMuanAvZy1saWZlL2NhYmluZXQvdGFzeWEyOS83MDU2ODE5LWUuanBnP2ZpdGluPTcwMDo3MDA=,MzcwLjQwMDA=,,44Kt44OD44OB44Oz55So5ZOB44O76aOf5Zmo44O76Kq/55CG5Zmo5YW3ID4g44Gd44Gu5LuW,44CQ5L+d5Ya35Ymk44CR44CQQuOAkeOCueODkeODvOOCr+ODq+OCouOCpOOCueOCreODpeODvOODluOAkOODrOOCuOODo+ODvOOAkSBCSEswNzXjgJBE44CRIOalveWkqQ==,,PGI+PGZvbnQgY29sb3I9IiNhOWE5YTkiPuOAkOS/neWGt+WJpCDjg6zjgrjjg6Pjg7zjgJE8L2ZvbnQ+PC9iPjxicj7lhrflh43luqvjgaflh43jgonjgZvjgabkvb/jgYbjgqLjgqTjgrnjgq3jg6Xjg7zjg5bvvIE8YnI+6aOy44G/54mp44Gu5r+D5bqm44KS44Kt44O844OX44GX44Gq44GM44KJ5L+d5Ya344Gn44GN44KL5LuW44CB44GK5byB5b2T44KE6aOf5p2Q44Gu5L+d5Ya344Gr44KC44GK44GZ44GZ44KB44Gn44GZ44CCPGJyPuimi+OBn+ebruOCgua2vOOBl+OBkuOBquiJsuWQiOOBhOOBqOODh+OCtuOCpOODs+OBr+OAgeaakeOBhOaZguacn+OBq+OBr+W/hemcgOWTgeOBruOCouOCpOODhuODoOOBp+OBmeOAgjxicj48YnI+PGJyPuKXj+ODkeODg+OCseODvOOCuOOCteOCpOOCuu+8iGNt77yJ77ya5bmF57SENi41w5flpaXooYzjgY3ntIQ2LjXDl+mrmOOBlee0hDYuNTxicj7il4/ph43ph4/vvJrntIQxNDVnPGJyPuKXj+eUn+eUo+Wbve+8muS4reWbvTxicj7il4/mnZDos6rvvJpQRTxicj7il4/ogJDlhrfmuKnluqbvvJrvvI0yMOKEgzxicj48ZGl2IHN0eWxlPSJjZW50ZXIiPgo8IS0t5q+N44Gu5pel44Ku44OV44OIMjAxMuODkOODiuODvC0tPjwhLS0tLT4KPCEtLeavjeOBruaXpeOCruODleODiDIwMTLjg5Djg4rjg7zntYLkuoYtLT4KPGJyPgoKCgoKCgoKCjwhLS3llYblk4Hjg5rjg7zjgrjjgavmjrLovInjgZnjgovmpb3lpKnjg5Djg4rjg7znlKgtLT4KPCEtLQotLT4KPC9kaXY+CjwhLS1Hb1FTeXN0ZW3jg6njg7Pjgq3jg7PjgrDoh6rli5Xmm7TmlrDjg4Tjg7zjg6vjg6/jgqTjg4ktLT4KPHRhYmxlIGFsaWduPSJjZW50ZXIiIHdpZHRoPSI2MDAiIGJvcmRlcj0iMCIgY2VsbHBhZGRpbmc9IjAiIGNlbGxzcGFjaW5nPSIwIiBiZ2NvbG9yPSIjRkZGRkZGIj4KPHRyPgo8dGQ+Cjx0YWJsZSBhbGlnbj0iY2VudGVyIiB3aWR0aD0iNjAwIiBib3JkZXI9IjAiIGNlbGxwYWRkaW5nPSIwIiBjZWxsc3BhY2luZz0iMCIgYmdjb2xvcj0iI0ZGRkZGRiI+Cjx0cj4KPHRkIGFsaWduPSJjZW50ZXIiIHZhbGlnbj0iYm90dG9tIiBiZ2NvbG9yPSIjY2NjY2NjIj48aW1nIHNyYz0iaHR0cDovL3d3dy5yYWt1dGVuLm5lLmpwL2dvbGQvZy1saWZlL2dvcXN5c3RlbS82MDByYW5raW5ndGl0ZWwuZ2lmIiB3aWR0aD0iNjAwIiAvPjwvdGQ+CjwvdHI+CjwvdGFibGU+Cjx0YWJsZSBhbGlnbj0iY2VudGVyIiB3aWR0aD0iNTk2IiBib3JkZXI9IjAiIGNlbGxwYWRkaW5nPSIwIiBjZWxsc3BhY2luZz0iMCIgYmdjb2xvcj0iI0NDQ0NDQyIgc3R5bGU9ImJvcmRlci1sZWZ0OnNvbGlkO2JvcmRlci1sZWZ0LXdpZHRoOjFweDtib3JkZXItcmlnaHQ6c29saWQ7Ym9yZGVyLXJpZ2h0LXdpZHRoOjFweDtib3JkZXItYm90dG9tOnNvbGlkO2JvcmRlci1ib3R0b20td2lkdGg6MXB4O2JvcmRlci1jb2xvcjojQ0NDQ0NDOyI+Cjx0cj4KPHRkIGFsaWduPSJjZW50ZXIiIGJnY29sb3I9IiNGRkZGRkYiIHN0eWxlPSJvdmVyZmxvdzphdXRvOyI+Cgo8L3RkPgo8L3RyPgo8dHI+Cjx0ZCBhbGlnbj0icmlnaHQiIGJnY29sb3I9IiNGRkZGRkYiIHN0eWxlPSJwYWRkaW5nOjJweDsiPgo8aW1nIHNyYz0iaHR0cDovL3d3dy5yYWt1dGVuLm5lLmpwL2dvbGQvZy1saWZlL2dvcXN5c3RlbS9wb3dlcmVkX2J5X2Jhbm5lci5naWYiIHdpZHRoPSIxMjUiIC8+CjwvdGQ+CjwvdHI+CjwvdGFibGU+CjwvdGQ+CjwvdHI+CjwvdGFibGU+CjwhLS1Hb1FTeXN0ZW3jg6njg7Pjgq3jg7PjgrDoh6rli5Xmm7TmlrDjg4Tjg7zjg6vjg6/jgqTjg4ktLT4=,44CQ5L+d5Ya35Ymk44CR44CQQuOAkeOCueODkeODvOOCr+ODq+OCouOCpOOCueOCreODpeODvOODluOAkOODrOOCuOODo+ODvOOAkSBCSEswNzXjgJBE44CRIOalveWkqe+8muOCrOODvOODh+ODi+ODs+OCsOODqeOCpOODlQ==,44CQ5L+d5Ya35Ymk44CR44CQQuOAkeOCueODkeODvOOCr+ODq+OCouOCpOOCueOCreODpeODvOODluOAkOODrOOCuOODo+ODvOOAkSBCSEswNzXjgJBE44CRIOalveWkqQ==,44CQ5L+d5Ya35Ymk44CR44CQQuOAkeOCueODkeODvOOCr+ODq+OCouOCpOOCueOCreODpeODvOODluOAkOODrOOCuOODo+ODvOOAkSBCSEswNzXjgJBE44CRIOalveWkqQ==[rn]
9-88272,aHR0cDovL3RzaG9wLnIxMHMuanAvbGV1bi9jYWJpbmV0LzAyNDAwNzk4LzAzNjk3MjQ0L2ltZzYxOTU2ODExLmpwZz9maXRpbj03MDA6NzAw,ODAwLjAwMDA=,,44Kt44OD44OB44Oz55So5ZOB44O76aOf5Zmo44O76Kq/55CG5Zmo5YW3ID4g44Gd44Gu5LuW,44Oh44O844Or5L6/6ZmQ5a6a44CQ6YCB5paZ54Sh5paZ44CR44Kr44Os44O844O744K344OB44Ol44O844K544OX44O844OzNeacrOOCu+ODg+ODiOOAkOOCueODl+ODvOODs+OCu+ODg+ODiOOAkeOAkOi/juaYpeOAkeOAkOOBiuato+aciOOAkeOAgDA1UDA1Tm92MTY=,5p2l5a6i55So44Gr77yB5pmu5q615L2/44GE44Gr77yB44G+44Go44KB6LK344GE77yB,PHRhYmxlIHdpZHRoPTM1MCBib3JkZXI9MD4KPFRSPgo8dGQgYmdjb2xvcj0jMjMwNDAwPgo8dGFibGUgY2VsbHNwYWNpbmc9MSBjZWxscGFkZGluZz00IHdpZHRoPTEwMCUgYm9yZGVyPTA+CjxUUj4KPHRkIGJnY29sb3I9I2ZmZWVhYSBhbGlnbj1jZW50ZXIgd2lkdGg9MjUlPjxCPuOCteOCpOOCujwvQj48L3RkPgo8dGQgYmdjb2xvcj0jZmZmZmZmIHdpZHRoPTc1JT48IS0t44GT44GT44Gr44K144Kk44K6LS0+44K544OX44O844Oz77ya57SEMTguM2NtPGJyPgrigLvnrrHjgarjgZfjg7vooovlhaXjgoo8YnI+IArph43ph4/vvJrntIQwMDBnPEJSPgo8L3RkPgo8L1RSPgo8VFI+Cjx0ZCBiZ2NvbG9yPSNmZmVlYWEgYWxpZ249Y2VudGVyIHdpZHRoPTI1JT48Qj7mnZDos6o8L0I+PC90ZD4KPHRkIGJnY29sb3I9I2ZmZmZmZiB3aWR0aD03NSU+PCEtLeOBk+OBk+OBq+adkOizqi0tPuWkqeeEtuacqO+8iOS4reWbveijve+8iTwvdGQ+CjwvVFI+CjxUUj4KPFRSPgo8dGQgYmdjb2xvcj0jZmZlZWFhIGFsaWduPWNlbnRlciB3aWR0aD0yNSU+PEI+5ZWG5ZOB6Kqs5piOPC9CPjwvdGQ+Cjx0ZCBiZ2NvbG9yPSNmZmZmZmYgd2lkdGg9NzUlPjwhLS3jgZPjgZPjgavllYblk4HoqqzmmI4tLT7jgrnjg7zjg5fnlKjjgrnjg5fjg7zjg7M15pys44K744OD44OI44CCPC90ZD4KPC9UUj4KPC90YWJsZT48L3RkPgo8L1RSPgo8L3RhYmxlPgo8YnI+Cgo8Zm9udCBjb2xvcj0icmVkIj7jgrnjg5fjg7zjg7PjgYw15pys44K744OD44OI44Gn54m55Yil5L6h5qC877yBPGJyPgrjgZfjgYvjgoLlrInjgZfjgYTpgIHmlpnnhKHmlpnimao8YnI+CuadpeWuoueUqOOBq+OCueODl+ODvOODs+OCkuaPg+OBiOOBn+OBhO+8gTxicj4K44Gq44KT44Gm5pa544Gr44G044Gj44Gf44KK44Gu44G+44Go44KB6LK344GE77yBPGJyPgrnmbrpgIHjga/jg6Hjg7zjg6vkvr/jgavjgabjgYrpgIHjgorjgZfjgb7jgZnjgII8YnI+CuS7luOBruWVhuWTgeOBqOWQjOaiseOBmeOCi+OBqOWuhemFjeS+v+OCgjxicj4K6YCB5paZ54Sh5paZ44Gr44Gq44KK44G+44GZ77yBPGJyPgo8L2ZvbnQ+Cgo8YnI+PGJyPgo8IS0tR29RU3lzdGVt44Os44K444KI44GT44Oh44O844Kr44O8LS0+Cgo8IS0tR29RU3lzdGVt44Os44K444KI44GT44Oh44O844Kr44O8LS0+PEJPRFk+Cjx0YWJsZSB3aWR0aD0iNzIwIj4KICA8dGJvZHk+CiAgICA8dHI+CiAgICAgIDx0ZD4KICAgICAgPGNlbnRlcj4KICAgICAgPFRBQkxFIGJvcmRlcj0iMCIgd2lkdGg9IjcyMCI+CiAgICAgICAgPFRCT0RZPgogICAgICAgICAgPFRSPgogICAgICAgICAgICA8VEQgYWxpZ249ImNlbnRlciI+Cgo8SU1HIHNyYz0iaHR0cDovL2ltYWdlLnJha3V0ZW4uY28uanAvbGV1bi9jYWJpbmV0LzAyMTM1NTQ0L25vc2hpLWhvdXNvdTYxNi5qcGciIHdpZHRoPSI3MjAiIGhlaWdodD0iMTM1IiBib3JkZXI9IjAiPjxicj4KCgo8YnI+Cjxicj4KPGJyPgo8SU1HIHNyYz0iaHR0cDovL2ltYWdlLnJha3V0ZW4uY28uanAvbGV1bi9jYWJpbmV0L2ltZzYyODY3MDM0LmpwZyIgd2lkdGg9IjYwMCIgaGVpZ2h0PSIyNzEiIGJvcmRlcj0iMCIgdXNlbWFwPSIj6YeR6aGN6YCB5paZIj48QlI+CiAgICAgICAgICAgIDxocj4KICAgICAgICAgICAgPFRBQkxFIGJvcmRlcj0iMCIgY2VsbHBhZGRpbmc9IjEwIiB3aWR0aD0iNjAwIj4KICAgICAgICAgICAgICA8VEJPRFk+CiAgICAgICAgICAgICAgICA8VFI+CiAgICAgICAgICAgICAgICAgIDxURCBiZ2NvbG9yPSIjZWFmZmZmIj48Zm9udCBjb2xvcj0icmVkIj48Qj7imIXjgIzotIjjgornianjgI3mnInmlpnljIXoo4Xjga7jgZTmoYjlhoXimIU8L0I+PC9mb250Pjxicj4KICAgICAgICAgICAgICAgICAg44CA5YyF6KOF57SZ44CB5Y+K44Gz5YyF6KOF5omL5pWw5paZ44Go44GX44Gm44CBMeODtuOBq+S7mOOBjTEwMOWGhu+8iOeojuaKnOOBje+8iemgguaItOOBl+OBpuOBiuOCiuOBvuOBmeOAgjxicj4KICAgICAgICAgICAgICAgICAgPEZPTlQgc2l6ZT0iMiI+4piF44CM5YyF6KOF44CN44KS44GU5biM5pyb44Gu5aC05ZCI5LiL6KiY44KI44KK44GK6YG444Gz6aCC44GN44CB5ZWG5ZOB5pWw6YeP5YiG44KS6LK344GE54mp44GL44GU44G444GK5YWl44KM44GP44Gg44GV44GE44CCPGJyPgogICAgICAgICAgICAgICAgICDimIXjgYrnhqjmlpfjgpLjga/nhKHmlpnjgavjgarjgorjgb7jgZnjgILjgZTms6jmlodTVEVQ5pmC44Gu5YKZ6ICD5qyE44Gr5YaF5a6544KS6KiY6LyJ44GP44Gg44GV44GE44CCPGJyPgogICAgICAgICAgICAgICAgICA8Rk9OVCBjb2xvcj0icmVkIj48Zm9udCBjb2xvcj0ibmF2eSI+4peG44GU5LiN5piO44Gq54K5562J44GU44GW44GE44G+44GX44Gf44KJ44CB44GK5rCX6Lu944GrPC9GT05UPjwvRk9OVD48L0ZPTlQ+PEZPTlQgc2l6ZT0iMiI+PEZPTlQgY29sb3I9InJlZCI+PGZvbnQgY29sb3I9Im5hdnkiPuODoeODvOODq+OBq+OBpuOBk+OBoeOCieOBvuOBpzwvRk9OVD48L0ZPTlQ+PC9GT05UPjxGT05UIHNpemU9IjIiPjxGT05UIGNvbG9yPSJyZWQiPjxmb250IGNvbG9yPSJuYXZ5Ij4K44CACjwvRk9OVD48L0ZPTlQ+PC9GT05UPjwvVEQ+CiAgICAgICAgICAgICAgICA8L1RSPgogICAgICAgICAgICAgIDwvVEJPRFk+CiAgICAgICAgICAgIDwvVEFCTEU+CiAgICAgICAgICAgIDxicj4KICAgICAgICAgICAgPElNRyBzcmM9Imh0dHA6Ly9pbWFnZS5yYWt1dGVuLmNvLmpwL2xldW4vY2FiaW5ldC9yYXBwaW5ndS9pbWc1Nzc2MTEwMi5qcGciIGJvcmRlcj0nMCInPgoKPElNRyBzcmM9Imh0dHA6Ly9pbWFnZS5yYWt1dGVuLmNvLmpwL2xldW4vY2FiaW5ldC9yYXBwaW5ndS9pbWc1OTIyMjk1MC5qcGciIGJvcmRlcj0iMCI+Cjxicj4KICAgICAgICAgICAgPElNRyBzcmM9Imh0dHA6Ly9pbWFnZS5yYWt1dGVuLmNvLmpwL2xldW4vY2FiaW5ldC9yYXBwaW5ndS9pbWc1ODc5MjU4OS5qcGciPgo8YnI+PGJyPgogICAgICAgICAgICA8SU1HIHNyYz0iaHR0cDovL2ltYWdlLnJha3V0ZW4uY28uanAvbGV1bi9jYWJpbmV0L3JhcHBpbmd1L2ltZzYzMjUyODgyLmpwZyI+CiAgICAgICAgICAgIDxIUj4KICAgICAgICAgICAgPC9URD4KICAgICAgICAgIDwvVFI+CiAgICAgICAgPC9UQk9EWT4KICAgICAgPC9UQUJMRT4KICAgICAgPC9jZW50ZXI+CiAgICAgIDwvdGQ+CiAgICA8L3RyPgogIDwvdGJvZHk+CjwvdGFibGU+CjxNQVAgbmFtZT0i6YeR6aGN6YCB5paZIj4KICAKICAKICAKICAKICAKICAKICAKICAKPC9NQVA+PE1BUCBuYW1lPSLjgqvjgrTkuIsiPgogIAogIAogIAogIAogIAogIAogIAogIAogIAogIAogIAogIAogIAo8L01BUD4KPCEtLeiyt+OBhOeJqeOBi+OBlOOBruS4iy0tPgo8RElWIGlkPSJIZWFkZXJLZXl3b3JkIj4KPGJyPjxicj48YnI+PGJyPgo8c3Bhbj7ms6jnm67jga7jgq3jg7zjg6/jg7zjg4k8L3NwYW4+CuWkq+WppuiMtueily8K5qW95aSp44K544O844OR44O8REVBTOWvvuixoeWTgS8K44GK5ZCN5YWl44KM44Ku44OV44OILwoyMDE35bm044CM54i244Gu5pel44CN54m56ZuGLwrjgIznjKvpm5HosqjjgI3nibnpm4YvCuWSjOiXjS8K5pyJ55Sw54S8L+azouS9kOimi+eEvC8K6Ieq5a6F55SoLwrjgqLjgqbjg4jjg6zjg4Pjg4gv44Gu44GX44O75YyF6KOFL+OBreOBk+ODu+eMqy/lnJ/pjYvjg7vngorpo6/lnJ/pjYvjg7voqr/nkIblnJ/pjYsvCjwvRElWPgo8RElWPjxpbWcgc3JjPSJodHRwczovL2ltYWdlLnJha3V0ZW4uY28uanAvbGV1bi9jYWJpbmV0L3Jha3V0ZW4taWJlbnRvL21hcmEtc3BzLzA1MjBybXM5NTAuanBnIiBoZWlnaHQ9IjYwIiBib3JkZXI9IjAiIHdpZHRoPSI5NTAiPjwvRElWPgo8QlI+CjxCUj4KPC9CT0RZPgo8IS0t44OV44Ot44O844OI44OQ44OK44O8LS0+CjxIRUFEPgo8c3R5bGUgdHlwZT0idGV4dC9jc3MiPgo8IS0tCnNwYW4udW5pdCB7IGJhY2tncm91bmQ6IHVybChodHRwOi8vaW1hZ2UucmFrdXRlbi5jby5qcC9sZXVuL2NhYmluZXQvaW1ncmMwMDY1MzMxMTkyLmpwZykgbm8tcmVwZWF0IGxlZnQgdG9wOyB0ZXh0LWluZGVudDoKLTk5OTk7IGRpc3BsYXk6IGJsb2NrOyB3aWR0aDogNDEwOyBoZWlnaHQ6IDE3MDsgbWFyZ2luOjE1cHggMDsgfQotLT4KPC9zdHlsZT4KPHN0eWxlIHR5cGU9InRleHQvY3NzIj4KPCEtLQpkaXYjSGVhZGVyS2V5d29yZCB7Cglwb3NpdGlvbjphYnNvbHV0ZTsKCXRvcDo1MHB4Oy8q5LiA55Wq5LiK44GL44KJ44Gu5L2N572uKi8KCWxlZnQ6MzBweDsvKuW3puerr+OBi+OCieOBruS9jee9riovCn0KCmRpdiNIZWFkZXJLZXl3b3JkIHNwYW4gewoJYmFja2dyb3VuZDogI2JmMDAwMDsKCWNvbG9yOiNmZmY7Cglmb250LXdlaWdodDpib2xkOwoJcGFkZGluZzoycHggNXB4Owp9CgpkaXYjSGVhZGVyS2V5d29yZCBhIHsKCWNvbG9yOiMwMDQ0Q0M7Cn0KLS0+Cjwvc3R5bGU+Cgo8TElOSyByZWw9InN0eWxlc2hlZXQiIOOAgOOAgOOAgOOAgOOAgOOAgOOAgOOAgOOAgOOAgOOAgOOAgOOAgCBocmVmPSJodHRwOi8vd3d3LnJha3V0ZW4ubmUuanAvZ29sZC9sZXVuL3NwaG9uZS52ZXIyLmNzcyI+CjxUSVRMRT48L1RJVExFPgo8L0hFQUQ+,44Oh44O844Or5L6/6ZmQ5a6a44CQ6YCB5paZ54Sh5paZ44CR44Kr44Os44O844O744K344OB44Ol44O844K544OX44O844OzNeacrOOCu+ODg+ODiOOAkOOCueODl+ODvOODs+OCu+ODg+ODiOOAkeOAkOi/juaYpeOAkeOAkOOBiuato+aciOOAkeOAgDA1UDA1Tm92MTbvvJrlkozpo5/lmajjgajpm5Hosqjjga7jgYrlupfjgIDjg6vjgqLjg7M=,5ZKM6aOf5Zmo44CA6aOf5Zmo44CA6Zm25Zmo44CA576O5r+D54S85ZKM6ZuR6LKo44CA5YKY44CA44OP44Oz44Kr44OB44CA55y86Y+h44Kx44O844K544CA44Ki44Km44OI44Os44OD44OIIOmAgeaWmeeEoeaWmeOAgOmAgeaWmei+vOeItuOBruaXpeOAgOavjeOBruaXpeOAgOOBhOOBhOWkq+WppuOBruaXpeOAgOaVrOiAgeOBruaXpeWQjeWFpeOCjOOAgOOCquODs+ODquODvOODr+ODs+OAgOS4lueVjOOBq+S4gOOBpOWkq+WppuiMtueil+OAgOWkq+WppueuuOOAgOWkq+Wppua5r+WRkeOAgOe4gei1t+OAgOe0heeZveODmuOCouOCruODleODiOOAgOODmuOCouOAgOS6jOS6uuOAgOW8leWHuueJqeOAgOW8leOBjeWHuueJqeOAgOWvv+e1kOWpmuOAgOelneOBhOOAgOiomOW/teOAgOiomOW/teaXpeOAgOWGheelneOAgOOBiui/lOOBl+ODl+ODrOOCvOODs+ODiOOAgOOCruODleODiOOAgOOCu+ODg+ODiOmHkeWpmuW8j+OAgOmKgOWpmuW8j+OAgOmChOaapuOAgOemj+iii+iomOW/teaXpeOAgOODoeODouODquOCouODq+mKgOWpmuW8j+OAgOmHkeWpmuW8j+OBlOmjr+iMtueil+OAgOODnuOCsOOAgOa5r+WRkeOAgOOBiuiMtueil+Wkq+WppueuuOOAgOOBiueuuOOAgOeuuOOAgOiLpeeLreWhl+OCu+ODqeODn+ODg+OCr+iXjeOAgOWkmuayu+imi+OAgOWykOmYnOOAgOe+jua/g+OAgOWbm+aXpeW4guOAgOacieeUsOWSjOiXjeOAgOWSjOe0i+OAgOmiqOi2o+OAgOi0iOWnv+OAgOOAgOmiqOi2o+OAgOOCq+ODrOODvOeav+OAgOODkeOCueOCv+eav+OAgOWIh+WtkOOAgOeEvOmFjuOAgOODreODg+OCr+iqleeUn+aXpeOAgOWls+aAp+OAgOeUt+aAp+e+jua/g+eEvOOAgOacieeUsOeEvOOAgOazouS9kOimi+eEvOOAgOS4h+WPpOeEvOOAgOODoeODvOODq+S+v+mZkOWumuOAkOmAgeaWmeeEoeaWmeOAkeOCq+ODrOODvOODu+OCt+ODgeODpeODvOOCueODl+ODvOODszXmnKzjgrvjg4Pjg4jjgJDjgrnjg5fjg7zjg7Pjgrvjg4Pjg4jjgJHjgJDov47mmKXjgJHjgJDjgYrmraPmnIjjgJHjgIAwNVAwNU5vdjE2,5p2l5a6i55So44Gr77yB5pmu5q615L2/44GE44Gr77yB44G+44Go44KB6LK344GE77yB44CC44Oh44O844Or5L6/6ZmQ5a6a44CQ6YCB5paZ54Sh5paZ44CR44Kr44Os44O844O744K344OB44Ol44O844K544OX44O844OzNeacrOOCu+ODg+ODiOOAkOOCueODl+ODvOODs+OCu+ODg+ODiOOAkeOAkOi/juaYpeOAkeOAkOOBiuato+aciOOAkeOAgDA1UDA1Tm92MTY=[rn]
9-88273,aHR0cDovL3RzaG9wLnIxMHMuanAvbGV1bi9jYWJpbmV0LzAzNTc1MjgyL2ltZ3JjMDA2MzgzMTM5Mi5qcGc/Zml0aW49NzAwOjcwMA==,NTA0LjAwMDA=,,44Kt44OD44OB44Oz55So5ZOB44O76aOf5Zmo44O76Kq/55CG5Zmo5YW3ID4g44Gd44Gu5LuW,44Oh44O844Or5L6/5a++5b+c5Y+v5bCP5p6d44OH44K244O844OI44OV44Kp44O844KvIOWkp++8iOWNmOWTge+8iemjn+WZqCDlkozpo5/lmaggIOOCruODleODiCDjg5fjg6zjgrzjg7Pjg4gg57WQ5amaIOW8leOBjeWHuueJqSDmlrDnr4kg5Ye655SjIOiqleeUn+aXpSDlv6vmsJcg5YaF56WdICDjgIAwNVAwNU5vdjE2,JU9GRiDjgqvjg4jjg6njg6rjg7wg44OV44Kp44O844KvIOOCruODleODiA==,PGJyPjwhLS3jg6vjgqLjg7Pjgqjjg5Pjg4fjg7PjgrktLT4KPGltZwpzcmM9Imh0dHA6Ly9pbWFnZS5yYWt1dGVuLmNvLmpwL2xldW4vY2FiaW5ldC9jZXJhbWljLWFpLWV2aWRlbmNlLmpwZyI+Cjxicj4KPGZvbnQgc2l6ZT0xPgrjg6Hjg7zjgqvjg7zluIzmnJvlsI/lo7LkvqHmoLzjga/jg6Hjg7zjgqvjg7zjgqvjgr/jg63jgrDjgavln7rjgaXjgYTjgabmjrLovInjgZfjgabjgYTjgb7jgZnjgII8YnI+PGJyPjwvZm9udD4KIAoKPFRBQkxFIGJvcmRlcj0iMCIgd2lkdGg9IjQzMCI+CiAgPFRCT0RZPgogICAgPFRSPjxCUj4KIDxmb250IHNpemU9MyBjb2xvcj0icmVkIj48Qj4K4oC75YyF6KOF57SZ44KS44GU5rOo5paH6aCC44GE44Gf5aC05ZCI44Gv44CB5b+F44Ga44CM44Ku44OV44OI566x44GC44KK44CN44KS44GU6YG45oqe5LiL44GV44GE44CCCjxCUj48L0I+PC9mb250PgoKICAgICAgPFREIGFsaWduPSJjZW50ZXIiPjxGT05UIHNpemU9Ii0xIiBjb2xvcj0iI2ZmMDAwMCI+5YyF6KOF57SZ44KS44GU5biM5pyb44Gu5pa544Gv44GT44Gh44KJ44GL44KJ44GK6YG444Gz44GP44Gg44GV44GE77yBPEJSPgogICAgICDihpPihpPihpM8L0ZPTlQ+PEJSPgogICAgICAKICAgICAgPElNRyBzcmM9Imh0dHA6Ly9pbWFnZS5yYWt1dGVuLmNvLmpwL3RhemltaS9jYWJpbmV0L2ltZzgyMDEwNTc1LmpwZyIgd2lkdGg9IjQxMCIgaGVpZ2h0PSI3MCIgYm9yZGVyPSIwIj48QlI+CiAgICAgIDwvVEQ+CiAgICA8L1RSPgogIDwvVEJPRFk+CjwvVEFCTEU+CjxUQUJMRSB3aWR0aD0iNDMwIiBib3JkZXI9IjAiIGNlbGxwYWRkaW5nPSI1IiBjZWxsc3BhY2luZz0iMCIgY2xhc3M9InNwZWMiIHN0eWxlPSJib3JkZXI6c29saWQgI2NjYyAxcHg7IGZvbnQtc2l6ZTogMTJweDsiPgoKICAgIDx0cj4KICAgICAgPFRIIHdpZHRoPSI4MCIgbm93cmFwIGJnY29sb3I9IiNmMWYxZjEiIHN0eWxlPSJib3JkZXItYm90dG9tOmRvdHRlZCAjY2NjIDFweDsiPuWVhuWTgeiqrOaYjjwvVEg+CiAgICAgIDx0ZCB3aWR0aD0iNDIwIiB2YWxpZ249InRvcCIgc3R5bGU9ImJvcmRlci1ib3R0b206ZG90dGVkICNjY2MgMXB4OyI+CiAgICAgIDxESVY+CiAgICAgIDxQPjxGT05UIGNvbG9yPSMwMDAwMDAgCmZhY2U9Iu+8re+8syDvvLDjgrTjgrfjg4Pjgq8iPuiHquWIhueUqOOBruaZruauteS9v+OBhOOBq++8geODl+ODrOOCvOODs+ODiOOBq++8gTxCUj4KICAgICAg44G+44Go44KB6LK344GE44KC77yBPEJSPgogICAgICA8QlI+CiAgICAgIOKAu+Wto+evgOWVhuWTgeOBruOBn+OCgeOAgeasoOWTgeOChOWujOWjsuOBruWgtOWQiOOBjDxCUj4KICAgICAg44GU44GW44GE44G+44GZ44CC5LqI44KB44GU56K66KqN5LiL44GV44GE77yBPEJSPgogICAgICA8QlI+CiAgICAgIDwvRk9OVD48L1A+CiAgICAgIDwvRElWPgogICAgICA8L3RkPgo8L3RyPgo8dHI+CiAgICAgIDxUSCB3aWR0aD0iODAiIG5vd3JhcCBiZ2NvbG9yPSIjZjFmMWYxIiBzdHlsZT0iYm9yZGVyLWJvdHRvbTpkb3R0ZWQgI2NjYyAxcHg7Ij7jgrXjgqTjgro8L1RIPgogICAgICA8VEQgd2lkdGg9IjQyMCIgdmFsaWduPSJ0b3AiIHN0eWxlPSJib3JkZXItYm90dG9tOmRvdHRlZCAjY2NjIDFweDsiPgogICAgICA8UD7plbfjgZXvvJrntIQxMy44772D772NPFNQQU4gY2xhc3M9aXRlbV9kZXNjPjxCUj4KICAgICAgPC9TUEFOPjwvUD4KICAgICAgPC9URD4KICAgIDwvdHI+CiAgICA8dHI+CiAgICAgIDxUSCB3aWR0aD0iODAiIG5vd3JhcCBiZ2NvbG9yPSIjZjFmMWYxIiBzdHlsZT0iYm9yZGVyLWJvdHRvbTpkb3R0ZWQgI2NjYyAxcHg7Ij7jgq3jg7zjg6/jg7zjg4k8L1RIPgogICAgICA8dGQgd2lkdGg9IjQwMCIgdmFsaWduPSJ0b3AiIHN0eWxlPSJib3JkZXItYm90dG9tOmRvdHRlZCAjY2NjIDFweDsiPgogICAgICA8UD7nqI7mipw1LDAwMOWGhuS7peS4iumAgeaWmeeEoeaWmeOAgOOCruODleODiCDlkozpmbblmagg44K744OD44OIIOi0iOOCiueJqeOAgOaWsOevieelneOBhOOAgOe1kOWpmuelneOBhOOAgOWHuueUo+elneOBhCDlhoXnpZ3jgYQg5Ye655Sj5YaF56WdIOe1kOWpmuWGheelnSDlv6vmsJfnpZ0g5b6h56S8IOW+oeelneOAgOaWsOeUn+a0uwogICAgICDku4/kuovjgIDoqpXnlJ/ml6Ug44OX44Os44K844Oz44OIIOOBiuS4reWFgyDjgYrmrbPmmq4g5q+N44Gu5pelIOeItuOBruaXpSDmlazogIHjga7ml6XjgJDmpb3jgq7jg5Vf5YyF6KOF6YG45oqe44CR44CQ5qW944Ku44OVX+OBruOBl+Wum+abuOOAkeOAkOalveOCruODlV/jg6Hjg4PjgrvlhaXlipvjgJE8L1A+CiAgICAgIDwvdGQ+CjwvdHI+CiAgICA8VFI+CiAgICAgIDxUSCBiZ2NvbG9yPSIjZjFmMWYxIj7jgq7jg5Xjg4jlr77lv5w8L1RIPgogICAgICA8VEQ+PEZPTlQgY29sb3I9bmF2eSBzaXplPTM+PElNRyBzcmM9Imh0dHA6Ly9pbWFnZS5yYWt1dGVuLmNvLmpwL2NvbS9pbWcvcm1zL2NhYmluZXQvcmVjb21tZW5kX25ldy9pbWcwMDAwMDI0My5naWYiPiAKPElNRyBzcmM9Imh0dHA6Ly9pbWFnZS5yYWt1dGVuLmNvLmpwL2NvbS9pbWcvcm1zL2NhYmluZXQvcmVjb21tZW5kX25ldy9pbWcwMDAwMDI0MS5naWYiPiAKPElNRyBzcmM9Imh0dHA6Ly9pbWFnZS5yYWt1dGVuLmNvLmpwL2NvbS9pbWcvcm1zL2NhYmluZXQvcmVjb21tZW5kX25ldy9pbWcwMDAwMDIzOS5naWYiPjwvRk9OVD48L1REPgogICAgPC9UUj4KICAKPC9UQUJMRT4KCjxicj48YnI+CjwhLS1Hb1FTeXN0ZW3jg6zjgrjjgojjgZPjg6Hjg7zjgqvjg7wtLT4KCjwhLS1Hb1FTeXN0ZW3jg6zjgrjjgojjgZPjg6Hjg7zjgqvjg7wtLT48Qk9EWT4KPHRhYmxlIHdpZHRoPSI3MjAiPgogIDx0Ym9keT4KICAgIDx0cj4KICAgICAgPHRkPgogICAgICA8Y2VudGVyPgogICAgICA8VEFCTEUgYm9yZGVyPSIwIiB3aWR0aD0iNzIwIj4KICAgICAgICA8VEJPRFk+CiAgICAgICAgICA8VFI+CiAgICAgICAgICAgIDxURCBhbGlnbj0iY2VudGVyIj4KCjxJTUcgc3JjPSJodHRwOi8vaW1hZ2UucmFrdXRlbi5jby5qcC9sZXVuL2NhYmluZXQvMDIxMzU1NDQvbm9zaGktaG91c291NjE2LmpwZyIgd2lkdGg9IjcyMCIgaGVpZ2h0PSIxMzUiIGJvcmRlcj0iMCI+PGJyPgoKCjxicj4KPGJyPgo8YnI+CjxJTUcgc3JjPSJodHRwOi8vaW1hZ2UucmFrdXRlbi5jby5qcC9sZXVuL2NhYmluZXQvaW1nNjI4NjcwMzQuanBnIiB3aWR0aD0iNjAwIiBoZWlnaHQ9IjI3MSIgYm9yZGVyPSIwIiB1c2VtYXA9IiPph5HpoY3pgIHmlpkiPjxCUj4KICAgICAgICAgICAgPGhyPgogICAgICAgICAgICA8VEFCTEUgYm9yZGVyPSIwIiBjZWxscGFkZGluZz0iMTAiIHdpZHRoPSI2MDAiPgogICAgICAgICAgICAgIDxUQk9EWT4KICAgICAgICAgICAgICAgIDxUUj4KICAgICAgICAgICAgICAgICAgPFREIGJnY29sb3I9IiNlYWZmZmYiPjxmb250IGNvbG9yPSJyZWQiPjxCPuKYheOAjOi0iOOCiueJqeOAjeacieaWmeWMheijheOBruOBlOahiOWGheKYhTwvQj48L2ZvbnQ+PGJyPgogICAgICAgICAgICAgICAgICDjgIDljIXoo4XntJnjgIHlj4rjgbPljIXoo4XmiYvmlbDmlpnjgajjgZfjgabjgIEx44O244Gr5LuY44GNMTAw5YaG77yI56iO5oqc44GN77yJ6aCC5oi044GX44Gm44GK44KK44G+44GZ44CCPGJyPgogICAgICAgICAgICAgICAgICA8Rk9OVCBzaXplPSIyIj7imIXjgIzljIXoo4XjgI3jgpLjgZTluIzmnJvjga7loLTlkIjkuIvoqJjjgojjgorjgYrpgbjjgbPpoILjgY3jgIHllYblk4HmlbDph4/liIbjgpLosrfjgYTnianjgYvjgZTjgbjjgYrlhaXjgozjgY/jgaDjgZXjgYTjgII8YnI+CiAgICAgICAgICAgICAgICAgIOKYheOBiueGqOaWl+OCkuOBr+eEoeaWmeOBq+OBquOCiuOBvuOBmeOAguOBlOazqOaWh1NURVDmmYLjga7lgpnogIPmrITjgavlhoXlrrnjgpLoqJjovInjgY/jgaDjgZXjgYTjgII8YnI+CiAgICAgICAgICAgICAgICAgIDxGT05UIGNvbG9yPSJyZWQiPjxmb250IGNvbG9yPSJuYXZ5Ij7il4bjgZTkuI3mmI7jgarngrnnrYnjgZTjgZbjgYTjgb7jgZfjgZ/jgonjgIHjgYrmsJfou73jgas8L0ZPTlQ+PC9GT05UPjwvRk9OVD48Rk9OVCBzaXplPSIyIj48Rk9OVCBjb2xvcj0icmVkIj48Zm9udCBjb2xvcj0ibmF2eSI+44Oh44O844Or44Gr44Gm44GT44Gh44KJ44G+44GnPC9GT05UPjwvRk9OVD48L0ZPTlQ+PEZPTlQgc2l6ZT0iMiI+PEZPTlQgY29sb3I9InJlZCI+PGZvbnQgY29sb3I9Im5hdnkiPgrjgIAKPC9GT05UPjwvRk9OVD48L0ZPTlQ+PC9URD4KICAgICAgICAgICAgICAgIDwvVFI+CiAgICAgICAgICAgICAgPC9UQk9EWT4KICAgICAgICAgICAgPC9UQUJMRT4KICAgICAgICAgICAgPGJyPgogICAgICAgICAgICA8SU1HIHNyYz0iaHR0cDovL2ltYWdlLnJha3V0ZW4uY28uanAvbGV1bi9jYWJpbmV0L3JhcHBpbmd1L2ltZzU3NzYxMTAyLmpwZyIgYm9yZGVyPScwIic+Cgo8SU1HIHNyYz0iaHR0cDovL2ltYWdlLnJha3V0ZW4uY28uanAvbGV1bi9jYWJpbmV0L3JhcHBpbmd1L2ltZzU5MjIyOTUwLmpwZyIgYm9yZGVyPSIwIj4KPGJyPgogICAgICAgICAgICA8SU1HIHNyYz0iaHR0cDovL2ltYWdlLnJha3V0ZW4uY28uanAvbGV1bi9jYWJpbmV0L3JhcHBpbmd1L2ltZzU4NzkyNTg5LmpwZyI+Cjxicj48YnI+CiAgICAgICAgICAgIDxJTUcgc3JjPSJodHRwOi8vaW1hZ2UucmFrdXRlbi5jby5qcC9sZXVuL2NhYmluZXQvcmFwcGluZ3UvaW1nNjMyNTI4ODIuanBnIj4KICAgICAgICAgICAgPEhSPgogICAgICAgICAgICA8L1REPgogICAgICAgICAgPC9UUj4KICAgICAgICA8L1RCT0RZPgogICAgICA8L1RBQkxFPgogICAgICA8L2NlbnRlcj4KICAgICAgPC90ZD4KICAgIDwvdHI+CiAgPC90Ym9keT4KPC90YWJsZT4KPE1BUCBuYW1lPSLph5HpoY3pgIHmlpkiPgogIAogIAogIAogIAogIAogIAogIAogIAo8L01BUD48TUFQIG5hbWU9IuOCq+OCtOS4iyI+CiAgCiAgCiAgCiAgCiAgCiAgCiAgCiAgCiAgCiAgCiAgCiAgCiAgCjwvTUFQPgo8IS0t6LK344GE54mp44GL44GU44Gu5LiLLS0+CjxESVYgaWQ9IkhlYWRlcktleXdvcmQiPgo8YnI+PGJyPjxicj48YnI+CjxzcGFuPuazqOebruOBruOCreODvOODr+ODvOODiTwvc3Bhbj4K5aSr5amm6Iy256KXLwrmpb3lpKnjgrnjg7zjg5Hjg7xERUFM5a++6LGh5ZOBLwrjgYrlkI3lhaXjgozjgq7jg5Xjg4gvCjIwMTblubTjgIzjgq/jg6rjgrnjg57jgrnjgI3nibnpm4YvCjIwMTflubTjgIznpo/ooovjgI3nibnpm4YvCuWSjOiXjS8K5pyJ55Sw54S8L+azouS9kOimi+eEvC8K6Ieq5a6F55SoLwrjgqLjgqbjg4jjg6zjg4Pjg4gv44Gu44GX44O75YyF6KOFL+OBreOBk+ODu+eMqy/jgrnjg7zjg5Hjg7zjgrvjg7zjg6vkvJrloLQvCjwvRElWPgo8RElWPjxpbWcgc3JjPSJodHRwOi8vaW1hZ2UucmFrdXRlbi5jby5qcC9sZXVuL2NhYmluZXQvMDIxMzU1NDQvbWFnLWNvbGwuanBnIiBoZWlnaHQ9IjYwIiBib3JkZXI9IjAiIHdpZHRoPSI5NTAiPjwvRElWPgo8QlI+CjxCUj4KPC9CT0RZPgo8IS0t44OV44Ot44O844OI44OQ44OK44O8LS0+CjxIRUFEPgo8c3R5bGUgdHlwZT0idGV4dC9jc3MiPgo8IS0tCnNwYW4udW5pdCB7IGJhY2tncm91bmQ6IHVybChodHRwOi8vaW1hZ2UucmFrdXRlbi5jby5qcC9sZXVuL2NhYmluZXQvaW1ncmMwMDY1MzMxMTkyLmpwZykgbm8tcmVwZWF0IGxlZnQgdG9wOyB0ZXh0LWluZGVudDoKLTk5OTk7IGRpc3BsYXk6IGJsb2NrOyB3aWR0aDogNDEwOyBoZWlnaHQ6IDE3MDsgbWFyZ2luOjE1cHggMDsgfQotLT4KPC9zdHlsZT4KPHN0eWxlIHR5cGU9InRleHQvY3NzIj4KPCEtLQpkaXYjSGVhZGVyS2V5d29yZCB7Cglwb3NpdGlvbjphYnNvbHV0ZTsKCXRvcDo1MHB4Oy8q5LiA55Wq5LiK44GL44KJ44Gu5L2N572uKi8KCWxlZnQ6MzBweDsvKuW3puerr+OBi+OCieOBruS9jee9riovCn0KCmRpdiNIZWFkZXJLZXl3b3JkIHNwYW4gewoJYmFja2dyb3VuZDogI2JmMDAwMDsKCWNvbG9yOiNmZmY7Cglmb250LXdlaWdodDpib2xkOwoJcGFkZGluZzoycHggNXB4Owp9CgpkaXYjSGVhZGVyS2V5d29yZCBhIHsKCWNvbG9yOiMwMDQ0Q0M7Cn0KLS0+Cjwvc3R5bGU+Cgo8TElOSyByZWw9InN0eWxlc2hlZXQiIOOAgOOAgOOAgOOAgOOAgOOAgOOAgOOAgOOAgOOAgOOAgOOAgOOAgCBocmVmPSJodHRwOi8vd3d3LnJha3V0ZW4ubmUuanAvZ29sZC9sZXVuL3NwaG9uZS52ZXIyLmNzcyI+CjxUSVRMRT48L1RJVExFPgo8L0hFQUQ+,44Oh44O844Or5L6/5a++5b+c5Y+v5bCP5p6d44OH44K244O844OI44OV44Kp44O844KvIOWkp++8iOWNmOWTge+8iemjn+WZqCDlkozpo5/lmaggIOOCruODleODiCDjg5fjg6zjgrzjg7Pjg4gg57WQ5amaIOW8leOBjeWHuueJqSDmlrDnr4kg5Ye655SjIOiqleeUn+aXpSDlv6vmsJcg5YaF56WdICDjgIAwNVAwNU5vdjE277ya5ZKM6aOf5Zmo44Go6ZuR6LKo44Gu44GK5bqX44CA44Or44Ki44Oz,5ZKM6aOf5Zmo44CA6aOf5Zmo44CA6Zm25Zmo44CA576O5r+D54S85ZKM6ZuR6LKo44CA5YKY44CA44OP44Oz44Kr44OB44CA55y86Y+h44Kx44O844K544CA44Ki44Km44OI44Os44OD44OIIOmAgeaWmeeEoeaWmeOAgOmAgeaWmei+vOeItuOBruaXpeOAgOavjeOBruaXpeOAgOOBhOOBhOWkq+WppuOBruaXpeOAgOaVrOiAgeOBruaXpeWQjeWFpeOCjOOAgOOCquODs+ODquODvOODr+ODs+OAgOS4lueVjOOBq+S4gOOBpOWkq+WppuiMtueil+OAgOWkq+WppueuuOOAgOWkq+Wppua5r+WRkeOAgOe4gei1t+OAgOe0heeZveODmuOCouOCruODleODiOOAgOODmuOCouOAgOS6jOS6uuOAgOW8leWHuueJqeOAgOW8leOBjeWHuueJqeOAgOWvv+e1kOWpmuOAgOelneOBhOOAgOiomOW/teOAgOiomOW/teaXpeOAgOWGheelneOAgOOBiui/lOOBl+ODl+ODrOOCvOODs+ODiOOAgOOCruODleODiOOAgOOCu+ODg+ODiOmHkeWpmuW8j+OAgOmKgOWpmuW8j+OAgOmChOaapuOAgOemj+iii+iomOW/teaXpeOAgOODoeODouODquOCouODq+mKgOWpmuW8j+OAgOmHkeWpmuW8j+OBlOmjr+iMtueil+OAgOODnuOCsOOAgOa5r+WRkeOAgOOBiuiMtueil+Wkq+WppueuuOOAgOOBiueuuOOAgOeuuOOAgOiLpeeLreWhl+OCu+ODqeODn+ODg+OCr+iXjeOAgOWkmuayu+imi+OAgOWykOmYnOOAgOe+jua/g+OAgOWbm+aXpeW4guOAgOacieeUsOWSjOiXjeOAgOWSjOe0i+OAgOmiqOi2o+OAgOi0iOWnv+OAgOOAgOmiqOi2o+OAgOOCq+ODrOODvOeav+OAgOODkeOCueOCv+eav+OAgOWIh+WtkOOAgOeEvOmFjuOAgOODreODg+OCr+iqleeUn+aXpeOAgOWls+aAp+OAgOeUt+aAp+e+jua/g+eEvOOAgOacieeUsOeEvOOAgOazouS9kOimi+eEvOOAgOS4h+WPpOeEvOOAgOODoeODvOODq+S+v+WvvuW/nOWPr+Wwj+aeneODh+OCtuODvOODiOODleOCqeODvOOCryDlpKfvvIjljZjlk4HvvInpo5/lmagg5ZKM6aOf5ZmoICDjgq7jg5Xjg4gg44OX44Os44K844Oz44OIIOe1kOWpmiDlvJXjgY3lh7rniakg5paw56+JIOWHuueUoyDoqpXnlJ/ml6Ug5b+r5rCXIOWGheelnSAg44CAMDVQMDVOb3YxNg==,JU9GRiDjgqvjg4jjg6njg6rjg7wg44OV44Kp44O844KvIOOCruODleODiOOAguODoeODvOODq+S+v+WvvuW/nOWPr+Wwj+aeneODh+OCtuODvOODiOODleOCqeODvOOCryDlpKfvvIjljZjlk4HvvInpo5/lmagg5ZKM6aOf5ZmoICDjgq7jg5Xjg4gg44OX44Os44K844Oz44OIIOe1kOWpmiDlvJXjgY3lh7rniakg5paw56+JIOWHuueUoyDoqpXnlJ/ml6Ug5b+r5rCXIOWGheelnSAg44CAMDVQMDVOb3YxNg==[rn]
9-88274,aHR0cDovL3RzaG9wLnIxMHMuanAvbGV1bi9jYWJpbmV0LzAzNTc1MjgyL2ltZ3JjMDA2MzgzMTM5My5qcGc/Zml0aW49NzAwOjcwMA==,NDMyLjAwMDA=,,44Kt44OD44OB44Oz55So5ZOB44O76aOf5Zmo44O76Kq/55CG5Zmo5YW3ID4g44Gd44Gu5LuW,44Oh44O844Or5L6/5a++5b+c5Y+v5bCP5p6d44OH44K244O844OI44OV44Kp44O844KvIOWwj++8iOWNmOWTge+8iemjn+WZqCDlkozpo5/lmaggIOOCruODleODiCDjg5fjg6zjgrzjg7Pjg4gg57WQ5amaIOW8leOBjeWHuueJqSDmlrDnr4kg5Ye655SjIOiqleeUn+aXpSDlv6vmsJcg5YaF56WdICDjgIAwNVAwNU5vdjE2,JU9GRiDjgqvjg4jjg6njg6rjg7wg44OV44Kp44O844KvIOOCruODleODiA==,PGJyPjwhLS3jg6vjgqLjg7Pjgqjjg5Pjg4fjg7PjgrktLT4KPGltZwpzcmM9Imh0dHA6Ly9pbWFnZS5yYWt1dGVuLmNvLmpwL2xldW4vY2FiaW5ldC9jZXJhbWljLWFpLWV2aWRlbmNlLmpwZyI+Cjxicj4KPGZvbnQgc2l6ZT0xPgrjg6Hjg7zjgqvjg7zluIzmnJvlsI/lo7LkvqHmoLzjga/jg6Hjg7zjgqvjg7zjgqvjgr/jg63jgrDjgavln7rjgaXjgYTjgabmjrLovInjgZfjgabjgYTjgb7jgZnjgII8YnI+PGJyPjwvZm9udD4KIAoKPFRBQkxFIGJvcmRlcj0iMCIgd2lkdGg9IjQzMCI+CiAgPFRCT0RZPgogICAgPFRSPjxCUj4KIDxmb250IHNpemU9MyBjb2xvcj0icmVkIj48Qj4K4oC75YyF6KOF57SZ44KS44GU5rOo5paH6aCC44GE44Gf5aC05ZCI44Gv44CB5b+F44Ga44CM44Ku44OV44OI566x44GC44KK44CN44KS44GU6YG45oqe5LiL44GV44GE44CCCjxCUj48L0I+PC9mb250PgoKICAgICAgPFREIGFsaWduPSJjZW50ZXIiPjxGT05UIHNpemU9Ii0xIiBjb2xvcj0iI2ZmMDAwMCI+5YyF6KOF57SZ44KS44GU5biM5pyb44Gu5pa544Gv44GT44Gh44KJ44GL44KJ44GK6YG444Gz44GP44Gg44GV44GE77yBPEJSPgogICAgICDihpPihpPihpM8L0ZPTlQ+PEJSPgogICAgICAKICAgICAgPElNRyBzcmM9Imh0dHA6Ly9pbWFnZS5yYWt1dGVuLmNvLmpwL3RhemltaS9jYWJpbmV0L2ltZzgyMDEwNTc1LmpwZyIgd2lkdGg9IjQxMCIgaGVpZ2h0PSI3MCIgYm9yZGVyPSIwIj48QlI+CiAgICAgIDwvVEQ+CiAgICA8L1RSPgogIDwvVEJPRFk+CjwvVEFCTEU+CjxUQUJMRSB3aWR0aD0iNDMwIiBib3JkZXI9IjAiIGNlbGxwYWRkaW5nPSI1IiBjZWxsc3BhY2luZz0iMCIgY2xhc3M9InNwZWMiIHN0eWxlPSJib3JkZXI6c29saWQgI2NjYyAxcHg7IGZvbnQtc2l6ZTogMTJweDsiPgoKICAgIDx0cj4KICAgICAgPFRIIHdpZHRoPSI4MCIgbm93cmFwIGJnY29sb3I9IiNmMWYxZjEiIHN0eWxlPSJib3JkZXItYm90dG9tOmRvdHRlZCAjY2NjIDFweDsiPuWVhuWTgeiqrOaYjjwvVEg+CiAgICAgIDx0ZCB3aWR0aD0iNDIwIiB2YWxpZ249InRvcCIgc3R5bGU9ImJvcmRlci1ib3R0b206ZG90dGVkICNjY2MgMXB4OyI+CiAgICAgIDxESVY+CiAgICAgIDxQPjxGT05UIGNvbG9yPSMwMDAwMDAgCmZhY2U9Iu+8re+8syDvvLDjgrTjgrfjg4Pjgq8iPuiHquWIhueUqOOBruaZruauteS9v+OBhOOBq++8geODl+ODrOOCvOODs+ODiOOBq++8gTxCUj4KICAgICAg44G+44Go44KB6LK344GE44KC77yBPEJSPgogICAgICA8QlI+CiAgICAgIOKAu+Wto+evgOWVhuWTgeOBruOBn+OCgeOAgeasoOWTgeOChOWujOWjsuOBruWgtOWQiOOBjDxCUj4KICAgICAg44GU44GW44GE44G+44GZ44CC5LqI44KB44GU56K66KqN5LiL44GV44GE77yBPEJSPgogICAgICA8QlI+CiAgICAgIDwvRk9OVD48L1A+CiAgICAgIDwvRElWPgogICAgICA8L3RkPgo8L3RyPgo8dHI+CiAgICAgIDxUSCB3aWR0aD0iODAiIG5vd3JhcCBiZ2NvbG9yPSIjZjFmMWYxIiBzdHlsZT0iYm9yZGVyLWJvdHRvbTpkb3R0ZWQgI2NjYyAxcHg7Ij7jgrXjgqTjgro8L1RIPgogICAgICA8VEQgd2lkdGg9IjQyMCIgdmFsaWduPSJ0b3AiIHN0eWxlPSJib3JkZXItYm90dG9tOmRvdHRlZCAjY2NjIDFweDsiPgogICAgICA8UD7plbfjgZXvvJrntIQxMS4z772D772NPFNQQU4gY2xhc3M9aXRlbV9kZXNjPjxCUj4KICAgICAgPC9TUEFOPjwvUD4KICAgICAgPC9URD4KICAgIDwvdHI+CiAgICA8dHI+CiAgICAgIDxUSCB3aWR0aD0iODAiIG5vd3JhcCBiZ2NvbG9yPSIjZjFmMWYxIiBzdHlsZT0iYm9yZGVyLWJvdHRvbTpkb3R0ZWQgI2NjYyAxcHg7Ij7jgq3jg7zjg6/jg7zjg4k8L1RIPgogICAgICA8dGQgd2lkdGg9IjQwMCIgdmFsaWduPSJ0b3AiIHN0eWxlPSJib3JkZXItYm90dG9tOmRvdHRlZCAjY2NjIDFweDsiPgogICAgICA8UD7nqI7mipw1LDAwMOWGhuS7peS4iumAgeaWmeeEoeaWmeOAgOOCruODleODiCDlkozpmbblmagg44K744OD44OIIOi0iOOCiueJqeOAgOaWsOevieelneOBhOOAgOe1kOWpmuelneOBhOOAgOWHuueUo+elneOBhCDlhoXnpZ3jgYQg5Ye655Sj5YaF56WdIOe1kOWpmuWGheelnSDlv6vmsJfnpZ0g5b6h56S8IOW+oeelneOAgOaWsOeUn+a0uwogICAgICDku4/kuovjgIDoqpXnlJ/ml6Ug44OX44Os44K844Oz44OIIOOBiuS4reWFgyDjgYrmrbPmmq4g5q+N44Gu5pelIOeItuOBruaXpSDmlazogIHjga7ml6XjgJDmpb3jgq7jg5Vf5YyF6KOF6YG45oqe44CR44CQ5qW944Ku44OVX+OBruOBl+Wum+abuOOAkeOAkOalveOCruODlV/jg6Hjg4PjgrvlhaXlipvjgJE8L1A+CiAgICAgIDwvdGQ+CjwvdHI+CiAgICA8VFI+CiAgICAgIDxUSCBiZ2NvbG9yPSIjZjFmMWYxIj7jgq7jg5Xjg4jlr77lv5w8L1RIPgogICAgICA8VEQ+PEZPTlQgY29sb3I9bmF2eSBzaXplPTM+PElNRyBzcmM9Imh0dHA6Ly9pbWFnZS5yYWt1dGVuLmNvLmpwL2NvbS9pbWcvcm1zL2NhYmluZXQvcmVjb21tZW5kX25ldy9pbWcwMDAwMDI0My5naWYiPiAKPElNRyBzcmM9Imh0dHA6Ly9pbWFnZS5yYWt1dGVuLmNvLmpwL2NvbS9pbWcvcm1zL2NhYmluZXQvcmVjb21tZW5kX25ldy9pbWcwMDAwMDI0MS5naWYiPiAKPElNRyBzcmM9Imh0dHA6Ly9pbWFnZS5yYWt1dGVuLmNvLmpwL2NvbS9pbWcvcm1zL2NhYmluZXQvcmVjb21tZW5kX25ldy9pbWcwMDAwMDIzOS5naWYiPjwvRk9OVD48L1REPgogICAgPC9UUj4KICAKPC9UQUJMRT4KCjxicj48YnI+CjwhLS1Hb1FTeXN0ZW3jg6zjgrjjgojjgZPjg6Hjg7zjgqvjg7wtLT4KCjwhLS1Hb1FTeXN0ZW3jg6zjgrjjgojjgZPjg6Hjg7zjgqvjg7wtLT48Qk9EWT4KPHRhYmxlIHdpZHRoPSI3MjAiPgogIDx0Ym9keT4KICAgIDx0cj4KICAgICAgPHRkPgogICAgICA8Y2VudGVyPgogICAgICA8VEFCTEUgYm9yZGVyPSIwIiB3aWR0aD0iNzIwIj4KICAgICAgICA8VEJPRFk+CiAgICAgICAgICA8VFI+CiAgICAgICAgICAgIDxURCBhbGlnbj0iY2VudGVyIj4KCjxJTUcgc3JjPSJodHRwOi8vaW1hZ2UucmFrdXRlbi5jby5qcC9sZXVuL2NhYmluZXQvMDIxMzU1NDQvbm9zaGktaG91c291NjE2LmpwZyIgd2lkdGg9IjcyMCIgaGVpZ2h0PSIxMzUiIGJvcmRlcj0iMCI+PGJyPgoKCjxicj4KPGJyPgo8YnI+CjxJTUcgc3JjPSJodHRwOi8vaW1hZ2UucmFrdXRlbi5jby5qcC9sZXVuL2NhYmluZXQvaW1nNjI4NjcwMzQuanBnIiB3aWR0aD0iNjAwIiBoZWlnaHQ9IjI3MSIgYm9yZGVyPSIwIiB1c2VtYXA9IiPph5HpoY3pgIHmlpkiPjxCUj4KICAgICAgICAgICAgPGhyPgogICAgICAgICAgICA8VEFCTEUgYm9yZGVyPSIwIiBjZWxscGFkZGluZz0iMTAiIHdpZHRoPSI2MDAiPgogICAgICAgICAgICAgIDxUQk9EWT4KICAgICAgICAgICAgICAgIDxUUj4KICAgICAgICAgICAgICAgICAgPFREIGJnY29sb3I9IiNlYWZmZmYiPjxmb250IGNvbG9yPSJyZWQiPjxCPuKYheOAjOi0iOOCiueJqeOAjeacieaWmeWMheijheOBruOBlOahiOWGheKYhTwvQj48L2ZvbnQ+PGJyPgogICAgICAgICAgICAgICAgICDjgIDljIXoo4XntJnjgIHlj4rjgbPljIXoo4XmiYvmlbDmlpnjgajjgZfjgabjgIEx44O244Gr5LuY44GNMTAw5YaG77yI56iO5oqc44GN77yJ6aCC5oi044GX44Gm44GK44KK44G+44GZ44CCPGJyPgogICAgICAgICAgICAgICAgICA8Rk9OVCBzaXplPSIyIj7imIXjgIzljIXoo4XjgI3jgpLjgZTluIzmnJvjga7loLTlkIjkuIvoqJjjgojjgorjgYrpgbjjgbPpoILjgY3jgIHllYblk4HmlbDph4/liIbjgpLosrfjgYTnianjgYvjgZTjgbjjgYrlhaXjgozjgY/jgaDjgZXjgYTjgII8YnI+CiAgICAgICAgICAgICAgICAgIOKYheOBiueGqOaWl+OCkuOBr+eEoeaWmeOBq+OBquOCiuOBvuOBmeOAguOBlOazqOaWh1NURVDmmYLjga7lgpnogIPmrITjgavlhoXlrrnjgpLoqJjovInjgY/jgaDjgZXjgYTjgII8YnI+CiAgICAgICAgICAgICAgICAgIDxGT05UIGNvbG9yPSJyZWQiPjxmb250IGNvbG9yPSJuYXZ5Ij7il4bjgZTkuI3mmI7jgarngrnnrYnjgZTjgZbjgYTjgb7jgZfjgZ/jgonjgIHjgYrmsJfou73jgas8L0ZPTlQ+PC9GT05UPjwvRk9OVD48Rk9OVCBzaXplPSIyIj48Rk9OVCBjb2xvcj0icmVkIj48Zm9udCBjb2xvcj0ibmF2eSI+44Oh44O844Or44Gr44Gm44GT44Gh44KJ44G+44GnPC9GT05UPjwvRk9OVD48L0ZPTlQ+PEZPTlQgc2l6ZT0iMiI+PEZPTlQgY29sb3I9InJlZCI+PGZvbnQgY29sb3I9Im5hdnkiPgrjgIAKPC9GT05UPjwvRk9OVD48L0ZPTlQ+PC9URD4KICAgICAgICAgICAgICAgIDwvVFI+CiAgICAgICAgICAgICAgPC9UQk9EWT4KICAgICAgICAgICAgPC9UQUJMRT4KICAgICAgICAgICAgPGJyPgogICAgICAgICAgICA8SU1HIHNyYz0iaHR0cDovL2ltYWdlLnJha3V0ZW4uY28uanAvbGV1bi9jYWJpbmV0L3JhcHBpbmd1L2ltZzU3NzYxMTAyLmpwZyIgYm9yZGVyPScwIic+Cgo8SU1HIHNyYz0iaHR0cDovL2ltYWdlLnJha3V0ZW4uY28uanAvbGV1bi9jYWJpbmV0L3JhcHBpbmd1L2ltZzU5MjIyOTUwLmpwZyIgYm9yZGVyPSIwIj4KPGJyPgogICAgICAgICAgICA8SU1HIHNyYz0iaHR0cDovL2ltYWdlLnJha3V0ZW4uY28uanAvbGV1bi9jYWJpbmV0L3JhcHBpbmd1L2ltZzU4NzkyNTg5LmpwZyI+Cjxicj48YnI+CiAgICAgICAgICAgIDxJTUcgc3JjPSJodHRwOi8vaW1hZ2UucmFrdXRlbi5jby5qcC9sZXVuL2NhYmluZXQvcmFwcGluZ3UvaW1nNjMyNTI4ODIuanBnIj4KICAgICAgICAgICAgPEhSPgogICAgICAgICAgICA8L1REPgogICAgICAgICAgPC9UUj4KICAgICAgICA8L1RCT0RZPgogICAgICA8L1RBQkxFPgogICAgICA8L2NlbnRlcj4KICAgICAgPC90ZD4KICAgIDwvdHI+CiAgPC90Ym9keT4KPC90YWJsZT4KPE1BUCBuYW1lPSLph5HpoY3pgIHmlpkiPgogIAogIAogIAogIAogIAogIAogIAogIAo8L01BUD48TUFQIG5hbWU9IuOCq+OCtOS4iyI+CiAgCiAgCiAgCiAgCiAgCiAgCiAgCiAgCiAgCiAgCiAgCiAgCiAgCjwvTUFQPgo8IS0t6LK344GE54mp44GL44GU44Gu5LiLLS0+CjxESVYgaWQ9IkhlYWRlcktleXdvcmQiPgo8YnI+PGJyPjxicj48YnI+CjxzcGFuPuazqOebruOBruOCreODvOODr+ODvOODiTwvc3Bhbj4K5aSr5amm6Iy256KXLwrmpb3lpKnjgrnjg7zjg5Hjg7xERUFM5a++6LGh5ZOBLwrjgYrlkI3lhaXjgozjgq7jg5Xjg4gvCjIwMTblubTjgIzjgq/jg6rjgrnjg57jgrnjgI3nibnpm4YvCjIwMTflubTjgIznpo/ooovjgI3nibnpm4YvCuWSjOiXjS8K5pyJ55Sw54S8L+azouS9kOimi+eEvC8K6Ieq5a6F55SoLwrjgqLjgqbjg4jjg6zjg4Pjg4gv44Gu44GX44O75YyF6KOFL+OBreOBk+ODu+eMqy/jgrnjg7zjg5Hjg7zjgrvjg7zjg6vkvJrloLQvCjwvRElWPgo8RElWPjxpbWcgc3JjPSJodHRwOi8vaW1hZ2UucmFrdXRlbi5jby5qcC9sZXVuL2NhYmluZXQvMDIxMzU1NDQvbWFnLWNvbGwuanBnIiBoZWlnaHQ9IjYwIiBib3JkZXI9IjAiIHdpZHRoPSI5NTAiPjwvRElWPgo8QlI+CjxCUj4KPC9CT0RZPgo8IS0t44OV44Ot44O844OI44OQ44OK44O8LS0+CjxIRUFEPgo8c3R5bGUgdHlwZT0idGV4dC9jc3MiPgo8IS0tCnNwYW4udW5pdCB7IGJhY2tncm91bmQ6IHVybChodHRwOi8vaW1hZ2UucmFrdXRlbi5jby5qcC9sZXVuL2NhYmluZXQvaW1ncmMwMDY1MzMxMTkyLmpwZykgbm8tcmVwZWF0IGxlZnQgdG9wOyB0ZXh0LWluZGVudDoKLTk5OTk7IGRpc3BsYXk6IGJsb2NrOyB3aWR0aDogNDEwOyBoZWlnaHQ6IDE3MDsgbWFyZ2luOjE1cHggMDsgfQotLT4KPC9zdHlsZT4KPHN0eWxlIHR5cGU9InRleHQvY3NzIj4KPCEtLQpkaXYjSGVhZGVyS2V5d29yZCB7Cglwb3NpdGlvbjphYnNvbHV0ZTsKCXRvcDo1MHB4Oy8q5LiA55Wq5LiK44GL44KJ44Gu5L2N572uKi8KCWxlZnQ6MzBweDsvKuW3puerr+OBi+OCieOBruS9jee9riovCn0KCmRpdiNIZWFkZXJLZXl3b3JkIHNwYW4gewoJYmFja2dyb3VuZDogI2JmMDAwMDsKCWNvbG9yOiNmZmY7Cglmb250LXdlaWdodDpib2xkOwoJcGFkZGluZzoycHggNXB4Owp9CgpkaXYjSGVhZGVyS2V5d29yZCBhIHsKCWNvbG9yOiMwMDQ0Q0M7Cn0KLS0+Cjwvc3R5bGU+Cgo8TElOSyByZWw9InN0eWxlc2hlZXQiIOOAgOOAgOOAgOOAgOOAgOOAgOOAgOOAgOOAgOOAgOOAgOOAgOOAgCBocmVmPSJodHRwOi8vd3d3LnJha3V0ZW4ubmUuanAvZ29sZC9sZXVuL3NwaG9uZS52ZXIyLmNzcyI+CjxUSVRMRT48L1RJVExFPgo8L0hFQUQ+,44Oh44O844Or5L6/5a++5b+c5Y+v5bCP5p6d44OH44K244O844OI44OV44Kp44O844KvIOWwj++8iOWNmOWTge+8iemjn+WZqCDlkozpo5/lmaggIOOCruODleODiCDjg5fjg6zjgrzjg7Pjg4gg57WQ5amaIOW8leOBjeWHuueJqSDmlrDnr4kg5Ye655SjIOiqleeUn+aXpSDlv6vmsJcg5YaF56WdICDjgIAwNVAwNU5vdjE277ya5ZKM6aOf5Zmo44Go6ZuR6LKo44Gu44GK5bqX44CA44Or44Ki44Oz,5ZKM6aOf5Zmo44CA6aOf5Zmo44CA6Zm25Zmo44CA576O5r+D54S85ZKM6ZuR6LKo44CA5YKY44CA44OP44Oz44Kr44OB44CA55y86Y+h44Kx44O844K544CA44Ki44Km44OI44Os44OD44OIIOmAgeaWmeeEoeaWmeOAgOmAgeaWmei+vOeItuOBruaXpeOAgOavjeOBruaXpeOAgOOBhOOBhOWkq+WppuOBruaXpeOAgOaVrOiAgeOBruaXpeWQjeWFpeOCjOOAgOOCquODs+ODquODvOODr+ODs+OAgOS4lueVjOOBq+S4gOOBpOWkq+WppuiMtueil+OAgOWkq+WppueuuOOAgOWkq+Wppua5r+WRkeOAgOe4gei1t+OAgOe0heeZveODmuOCouOCruODleODiOOAgOODmuOCouOAgOS6jOS6uuOAgOW8leWHuueJqeOAgOW8leOBjeWHuueJqeOAgOWvv+e1kOWpmuOAgOelneOBhOOAgOiomOW/teOAgOiomOW/teaXpeOAgOWGheelneOAgOOBiui/lOOBl+ODl+ODrOOCvOODs+ODiOOAgOOCruODleODiOOAgOOCu+ODg+ODiOmHkeWpmuW8j+OAgOmKgOWpmuW8j+OAgOmChOaapuOAgOemj+iii+iomOW/teaXpeOAgOODoeODouODquOCouODq+mKgOWpmuW8j+OAgOmHkeWpmuW8j+OBlOmjr+iMtueil+OAgOODnuOCsOOAgOa5r+WRkeOAgOOBiuiMtueil+Wkq+WppueuuOOAgOOBiueuuOOAgOeuuOOAgOiLpeeLreWhl+OCu+ODqeODn+ODg+OCr+iXjeOAgOWkmuayu+imi+OAgOWykOmYnOOAgOe+jua/g+OAgOWbm+aXpeW4guOAgOacieeUsOWSjOiXjeOAgOWSjOe0i+OAgOmiqOi2o+OAgOi0iOWnv+OAgOOAgOmiqOi2o+OAgOOCq+ODrOODvOeav+OAgOODkeOCueOCv+eav+OAgOWIh+WtkOOAgOeEvOmFjuOAgOODreODg+OCr+iqleeUn+aXpeOAgOWls+aAp+OAgOeUt+aAp+e+jua/g+eEvOOAgOacieeUsOeEvOOAgOazouS9kOimi+eEvOOAgOS4h+WPpOeEvOOAgOODoeODvOODq+S+v+WvvuW/nOWPr+Wwj+aeneODh+OCtuODvOODiOODleOCqeODvOOCryDlsI/vvIjljZjlk4HvvInpo5/lmagg5ZKM6aOf5ZmoICDjgq7jg5Xjg4gg44OX44Os44K844Oz44OIIOe1kOWpmiDlvJXjgY3lh7rniakg5paw56+JIOWHuueUoyDoqpXnlJ/ml6Ug5b+r5rCXIOWGheelnSAg44CAMDVQMDVOb3YxNg==,JU9GRiDjgqvjg4jjg6njg6rjg7wg44OV44Kp44O844KvIOOCruODleODiOOAguODoeODvOODq+S+v+WvvuW/nOWPr+Wwj+aeneODh+OCtuODvOODiOODleOCqeODvOOCryDlsI/vvIjljZjlk4HvvInpo5/lmagg5ZKM6aOf5ZmoICDjgq7jg5Xjg4gg44OX44Os44K844Oz44OIIOe1kOWpmiDlvJXjgY3lh7rniakg5paw56+JIOWHuueUoyDoqpXnlJ/ml6Ug5b+r5rCXIOWGheelnSAg44CAMDVQMDVOb3YxNg==[rn]
9-88275,aHR0cDovL3RzaG9wLnIxMHMuanAvbGV1bi9jYWJpbmV0LzAzNTc1MjgyL2ltZzYxNDc5ODM3LmpwZz9maXRpbj03MDA6NzAw,MTQ0LjAwMDA=,,44Kt44OD44OB44Oz55So5ZOB44O76aOf5Zmo44O76Kq/55CG5Zmo5YW3ID4g44Gd44Gu5LuW,44Oh44O844Or5L6/5a++5b+c5Y+v44Oe44OJ44Op44O877yI5Y2Y5ZOB77yJ6aOf5ZmoIOWSjOmjn+WZqCAg44Ku44OV44OIIOODl+ODrOOCvOODs+ODiCDntZDlqZog5byV44GN5Ye654mpIOaWsOeviSDlh7rnlKMg6KqV55Sf5pelIOW/q+awlyDlhoXnpZ0gIOOAgDA1UDA1Tm92MTY=,JU9GRiDjgqvjg4jjg6njg6rjg7wg44Oe44OJ44Op44O8IOOCruODleODiA==,PGJyPjwhLS3jg6vjgqLjg7Pjgqjjg5Pjg4fjg7PjgrktLT4KPGltZwpzcmM9Imh0dHA6Ly9pbWFnZS5yYWt1dGVuLmNvLmpwL2xldW4vY2FiaW5ldC9jZXJhbWljLWFpLWV2aWRlbmNlLmpwZyI+Cjxicj4KPGZvbnQgc2l6ZT0xPgrjg6Hjg7zjgqvjg7zluIzmnJvlsI/lo7LkvqHmoLzjga/jg6Hjg7zjgqvjg7zjgqvjgr/jg63jgrDjgavln7rjgaXjgYTjgabmjrLovInjgZfjgabjgYTjgb7jgZnjgII8YnI+PGJyPjwvZm9udD4KIAoKPFRBQkxFIGJvcmRlcj0iMCIgd2lkdGg9IjQzMCI+CiAgPFRCT0RZPgogICAgPFRSPjxCUj4KIDxmb250IHNpemU9MyBjb2xvcj0icmVkIj48Qj4K4oC75YyF6KOF57SZ44KS44GU5rOo5paH6aCC44GE44Gf5aC05ZCI44Gv44CB5b+F44Ga44CM44Ku44OV44OI566x44GC44KK44CN44KS44GU6YG45oqe5LiL44GV44GE44CCCjxCUj48L0I+PC9mb250PgoKICAgICAgPFREIGFsaWduPSJjZW50ZXIiPjxGT05UIHNpemU9Ii0xIiBjb2xvcj0iI2ZmMDAwMCI+5YyF6KOF57SZ44KS44GU5biM5pyb44Gu5pa544Gv44GT44Gh44KJ44GL44KJ44GK6YG444Gz44GP44Gg44GV44GE77yBPEJSPgogICAgICDihpPihpPihpM8L0ZPTlQ+PEJSPgogICAgICAKICAgICAgPElNRyBzcmM9Imh0dHA6Ly9pbWFnZS5yYWt1dGVuLmNvLmpwL3RhemltaS9jYWJpbmV0L2ltZzgyMDEwNTc1LmpwZyIgd2lkdGg9IjQxMCIgaGVpZ2h0PSI3MCIgYm9yZGVyPSIwIj48QlI+CiAgICAgIDwvVEQ+CiAgICA8L1RSPgogIDwvVEJPRFk+CjwvVEFCTEU+CjxUQUJMRSB3aWR0aD0iNDMwIiBib3JkZXI9IjAiIGNlbGxwYWRkaW5nPSI1IiBjZWxsc3BhY2luZz0iMCIgY2xhc3M9InNwZWMiIHN0eWxlPSJib3JkZXI6c29saWQgI2NjYyAxcHg7IGZvbnQtc2l6ZTogMTJweDsiPgoKICAgIDx0cj4KICAgICAgPFRIIHdpZHRoPSI4MCIgbm93cmFwIGJnY29sb3I9IiNmMWYxZjEiIHN0eWxlPSJib3JkZXItYm90dG9tOmRvdHRlZCAjY2NjIDFweDsiPuWVhuWTgeiqrOaYjjwvVEg+CiAgICAgIDx0ZCB3aWR0aD0iNDIwIiB2YWxpZ249InRvcCIgc3R5bGU9ImJvcmRlci1ib3R0b206ZG90dGVkICNjY2MgMXB4OyI+CiAgICAgIDxESVY+CiAgICAgIDxQPjxGT05UIGNvbG9yPSMwMDAwMDAgCmZhY2U9Iu+8re+8syDvvLDjgrTjgrfjg4Pjgq8iPuiHquWIhueUqOOBruaZruauteS9v+OBhOOBq++8geODl+ODrOOCvOODs+ODiOOBq++8gTxCUj4KICAgICAg44G+44Go44KB6LK344GE44KC77yBPEJSPgogICAgICA8QlI+CiAgICAgIOKAu+Wto+evgOWVhuWTgeOBruOBn+OCgeOAgeasoOWTgeOChOWujOWjsuOBruWgtOWQiOOBjDxCUj4KICAgICAg44GU44GW44GE44G+44GZ44CC5LqI44KB44GU56K66KqN5LiL44GV44GE77yBPEJSPgogICAgICA8QlI+CiAgICAgIDwvRk9OVD48L1A+CiAgICAgIDwvRElWPgogICAgICA8L3RkPgo8L3RyPgo8dHI+CiAgICAgIDxUSCB3aWR0aD0iODAiIG5vd3JhcCBiZ2NvbG9yPSIjZjFmMWYxIiBzdHlsZT0iYm9yZGVyLWJvdHRvbTpkb3R0ZWQgI2NjYyAxcHg7Ij7jgrXjgqTjgro8L1RIPgogICAgICA8VEQgd2lkdGg9IjQyMCIgdmFsaWduPSJ0b3AiIHN0eWxlPSJib3JkZXItYm90dG9tOmRvdHRlZCAjY2NjIDFweDsiPgogICAgICA8UD7plbfjgZXvvJrntIQxOe+9g++9jTxTUEFOIGNsYXNzPWl0ZW1fZGVzYz48QlI+CiAgICAgIDwvU1BBTj48L1A+CiAgICAgIDwvVEQ+CiAgICA8L3RyPgogICAgPHRyPgogICAgICA8VEggd2lkdGg9IjgwIiBub3dyYXAgYmdjb2xvcj0iI2YxZjFmMSIgc3R5bGU9ImJvcmRlci1ib3R0b206ZG90dGVkICNjY2MgMXB4OyI+44Kt44O844Ov44O844OJPC9USD4KICAgICAgPHRkIHdpZHRoPSI0MDAiIHZhbGlnbj0idG9wIiBzdHlsZT0iYm9yZGVyLWJvdHRvbTpkb3R0ZWQgI2NjYyAxcHg7Ij4KICAgICAgPFA+56iO5oqcNSwwMDDlhobku6XkuIrpgIHmlpnnhKHmlpnjgIDjgq7jg5Xjg4gg5ZKM6Zm25ZmoIOOCu+ODg+ODiCDotIjjgornianjgIDmlrDnr4nnpZ3jgYTjgIDntZDlqZrnpZ3jgYTjgIDlh7rnlKPnpZ3jgYQg5YaF56Wd44GEIOWHuueUo+WGheelnSDntZDlqZrlhoXnpZ0g5b+r5rCX56WdIOW+oeekvCDlvqHnpZ3jgIDmlrDnlJ/mtLsKICAgICAg5LuP5LqL44CA6KqV55Sf5pelIOODl+ODrOOCvOODs+ODiCDjgYrkuK3lhYMg44GK5q2z5pquIOavjeOBruaXpSDniLbjga7ml6Ug5pWs6ICB44Gu5pel44CQ5qW944Ku44OVX+WMheijhemBuOaKnuOAkeOAkOalveOCruODlV/jga7jgZflrpvmm7jjgJHjgJDmpb3jgq7jg5Vf44Oh44OD44K75YWl5Yqb44CRPC9QPgogICAgICA8L3RkPgo8L3RyPgogICAgPFRSPgogICAgICA8VEggYmdjb2xvcj0iI2YxZjFmMSI+44Ku44OV44OI5a++5b+cPC9USD4KICAgICAgPFREPjxGT05UIGNvbG9yPW5hdnkgc2l6ZT0zPjxJTUcgc3JjPSJodHRwOi8vaW1hZ2UucmFrdXRlbi5jby5qcC9jb20vaW1nL3Jtcy9jYWJpbmV0L3JlY29tbWVuZF9uZXcvaW1nMDAwMDAyNDMuZ2lmIj4gCjxJTUcgc3JjPSJodHRwOi8vaW1hZ2UucmFrdXRlbi5jby5qcC9jb20vaW1nL3Jtcy9jYWJpbmV0L3JlY29tbWVuZF9uZXcvaW1nMDAwMDAyNDEuZ2lmIj4gCjxJTUcgc3JjPSJodHRwOi8vaW1hZ2UucmFrdXRlbi5jby5qcC9jb20vaW1nL3Jtcy9jYWJpbmV0L3JlY29tbWVuZF9uZXcvaW1nMDAwMDAyMzkuZ2lmIj48L0ZPTlQ+PC9URD4KICAgIDwvVFI+CiAgCjwvVEFCTEU+Cgo8YnI+PGJyPgo8IS0tR29RU3lzdGVt44Os44K444KI44GT44Oh44O844Kr44O8LS0+Cgo8IS0tR29RU3lzdGVt44Os44K444KI44GT44Oh44O844Kr44O8LS0+PEJPRFk+Cjx0YWJsZSB3aWR0aD0iNzIwIj4KICA8dGJvZHk+CiAgICA8dHI+CiAgICAgIDx0ZD4KICAgICAgPGNlbnRlcj4KICAgICAgPFRBQkxFIGJvcmRlcj0iMCIgd2lkdGg9IjcyMCI+CiAgICAgICAgPFRCT0RZPgogICAgICAgICAgPFRSPgogICAgICAgICAgICA8VEQgYWxpZ249ImNlbnRlciI+Cgo8SU1HIHNyYz0iaHR0cDovL2ltYWdlLnJha3V0ZW4uY28uanAvbGV1bi9jYWJpbmV0LzAyMTM1NTQ0L25vc2hpLWhvdXNvdTYxNi5qcGciIHdpZHRoPSI3MjAiIGhlaWdodD0iMTM1IiBib3JkZXI9IjAiPjxicj4KCgo8YnI+Cjxicj4KPGJyPgo8SU1HIHNyYz0iaHR0cDovL2ltYWdlLnJha3V0ZW4uY28uanAvbGV1bi9jYWJpbmV0L2ltZzYyODY3MDM0LmpwZyIgd2lkdGg9IjYwMCIgaGVpZ2h0PSIyNzEiIGJvcmRlcj0iMCIgdXNlbWFwPSIj6YeR6aGN6YCB5paZIj48QlI+CiAgICAgICAgICAgIDxocj4KICAgICAgICAgICAgPFRBQkxFIGJvcmRlcj0iMCIgY2VsbHBhZGRpbmc9IjEwIiB3aWR0aD0iNjAwIj4KICAgICAgICAgICAgICA8VEJPRFk+CiAgICAgICAgICAgICAgICA8VFI+CiAgICAgICAgICAgICAgICAgIDxURCBiZ2NvbG9yPSIjZWFmZmZmIj48Zm9udCBjb2xvcj0icmVkIj48Qj7imIXjgIzotIjjgornianjgI3mnInmlpnljIXoo4Xjga7jgZTmoYjlhoXimIU8L0I+PC9mb250Pjxicj4KICAgICAgICAgICAgICAgICAg44CA5YyF6KOF57SZ44CB5Y+K44Gz5YyF6KOF5omL5pWw5paZ44Go44GX44Gm44CBMeODtuOBq+S7mOOBjTEwMOWGhu+8iOeojuaKnOOBje+8iemgguaItOOBl+OBpuOBiuOCiuOBvuOBmeOAgjxicj4KICAgICAgICAgICAgICAgICAgPEZPTlQgc2l6ZT0iMiI+4piF44CM5YyF6KOF44CN44KS44GU5biM5pyb44Gu5aC05ZCI5LiL6KiY44KI44KK44GK6YG444Gz6aCC44GN44CB5ZWG5ZOB5pWw6YeP5YiG44KS6LK344GE54mp44GL44GU44G444GK5YWl44KM44GP44Gg44GV44GE44CCPGJyPgogICAgICAgICAgICAgICAgICDimIXjgYrnhqjmlpfjgpLjga/nhKHmlpnjgavjgarjgorjgb7jgZnjgILjgZTms6jmlodTVEVQ5pmC44Gu5YKZ6ICD5qyE44Gr5YaF5a6544KS6KiY6LyJ44GP44Gg44GV44GE44CCPGJyPgogICAgICAgICAgICAgICAgICA8Rk9OVCBjb2xvcj0icmVkIj48Zm9udCBjb2xvcj0ibmF2eSI+4peG44GU5LiN5piO44Gq54K5562J44GU44GW44GE44G+44GX44Gf44KJ44CB44GK5rCX6Lu944GrPC9GT05UPjwvRk9OVD48L0ZPTlQ+PEZPTlQgc2l6ZT0iMiI+PEZPTlQgY29sb3I9InJlZCI+PGZvbnQgY29sb3I9Im5hdnkiPuODoeODvOODq+OBq+OBpuOBk+OBoeOCieOBvuOBpzwvRk9OVD48L0ZPTlQ+PC9GT05UPjxGT05UIHNpemU9IjIiPjxGT05UIGNvbG9yPSJyZWQiPjxmb250IGNvbG9yPSJuYXZ5Ij4K44CACjwvRk9OVD48L0ZPTlQ+PC9GT05UPjwvVEQ+CiAgICAgICAgICAgICAgICA8L1RSPgogICAgICAgICAgICAgIDwvVEJPRFk+CiAgICAgICAgICAgIDwvVEFCTEU+CiAgICAgICAgICAgIDxicj4KICAgICAgICAgICAgPElNRyBzcmM9Imh0dHA6Ly9pbWFnZS5yYWt1dGVuLmNvLmpwL2xldW4vY2FiaW5ldC9yYXBwaW5ndS9pbWc1Nzc2MTEwMi5qcGciIGJvcmRlcj0nMCInPgoKPElNRyBzcmM9Imh0dHA6Ly9pbWFnZS5yYWt1dGVuLmNvLmpwL2xldW4vY2FiaW5ldC9yYXBwaW5ndS9pbWc1OTIyMjk1MC5qcGciIGJvcmRlcj0iMCI+Cjxicj4KICAgICAgICAgICAgPElNRyBzcmM9Imh0dHA6Ly9pbWFnZS5yYWt1dGVuLmNvLmpwL2xldW4vY2FiaW5ldC9yYXBwaW5ndS9pbWc1ODc5MjU4OS5qcGciPgo8YnI+PGJyPgogICAgICAgICAgICA8SU1HIHNyYz0iaHR0cDovL2ltYWdlLnJha3V0ZW4uY28uanAvbGV1bi9jYWJpbmV0L3JhcHBpbmd1L2ltZzYzMjUyODgyLmpwZyI+CiAgICAgICAgICAgIDxIUj4KICAgICAgICAgICAgPC9URD4KICAgICAgICAgIDwvVFI+CiAgICAgICAgPC9UQk9EWT4KICAgICAgPC9UQUJMRT4KICAgICAgPC9jZW50ZXI+CiAgICAgIDwvdGQ+CiAgICA8L3RyPgogIDwvdGJvZHk+CjwvdGFibGU+CjxNQVAgbmFtZT0i6YeR6aGN6YCB5paZIj4KICAKICAKICAKICAKICAKICAKICAKICAKPC9NQVA+PE1BUCBuYW1lPSLjgqvjgrTkuIsiPgogIAogIAogIAogIAogIAogIAogIAogIAogIAogIAogIAogIAogIAo8L01BUD4KPCEtLeiyt+OBhOeJqeOBi+OBlOOBruS4iy0tPgo8RElWIGlkPSJIZWFkZXJLZXl3b3JkIj4KPGJyPjxicj48YnI+PGJyPgo8c3Bhbj7ms6jnm67jga7jgq3jg7zjg6/jg7zjg4k8L3NwYW4+CuWkq+WppuiMtueily8K5qW95aSp44K544O844OR44O8REVBTOWvvuixoeWTgS8K44GK5ZCN5YWl44KM44Ku44OV44OILwoyMDE25bm044CM44Kv44Oq44K544Oe44K544CN54m56ZuGLwoyMDE35bm044CM56aP6KKL44CN54m56ZuGLwrlkozol40vCuacieeUsOeEvC/ms6LkvZDopovnhLwvCuiHquWuheeUqC8K44Ki44Km44OI44Os44OD44OIL+OBruOBl+ODu+WMheijhS/jga3jgZPjg7vnjKsv44K544O844OR44O844K744O844Or5Lya5aC0Lwo8L0RJVj4KPERJVj48aW1nIHNyYz0iaHR0cDovL2ltYWdlLnJha3V0ZW4uY28uanAvbGV1bi9jYWJpbmV0LzAyMTM1NTQ0L21hZy1jb2xsLmpwZyIgaGVpZ2h0PSI2MCIgYm9yZGVyPSIwIiB3aWR0aD0iOTUwIj48L0RJVj4KPEJSPgo8QlI+CjwvQk9EWT4KPCEtLeODleODreODvOODiOODkOODiuODvC0tPgo8SEVBRD4KPHN0eWxlIHR5cGU9InRleHQvY3NzIj4KPCEtLQpzcGFuLnVuaXQgeyBiYWNrZ3JvdW5kOiB1cmwoaHR0cDovL2ltYWdlLnJha3V0ZW4uY28uanAvbGV1bi9jYWJpbmV0L2ltZ3JjMDA2NTMzMTE5Mi5qcGcpIG5vLXJlcGVhdCBsZWZ0IHRvcDsgdGV4dC1pbmRlbnQ6Ci05OTk5OyBkaXNwbGF5OiBibG9jazsgd2lkdGg6IDQxMDsgaGVpZ2h0OiAxNzA7IG1hcmdpbjoxNXB4IDA7IH0KLS0+Cjwvc3R5bGU+CjxzdHlsZSB0eXBlPSJ0ZXh0L2NzcyI+CjwhLS0KZGl2I0hlYWRlcktleXdvcmQgewoJcG9zaXRpb246YWJzb2x1dGU7Cgl0b3A6NTBweDsvKuS4gOeVquS4iuOBi+OCieOBruS9jee9riovCglsZWZ0OjMwcHg7Lyrlt6bnq6/jgYvjgonjga7kvY3nva4qLwp9CgpkaXYjSGVhZGVyS2V5d29yZCBzcGFuIHsKCWJhY2tncm91bmQ6ICNiZjAwMDA7Cgljb2xvcjojZmZmOwoJZm9udC13ZWlnaHQ6Ym9sZDsKCXBhZGRpbmc6MnB4IDVweDsKfQoKZGl2I0hlYWRlcktleXdvcmQgYSB7Cgljb2xvcjojMDA0NENDOwp9Ci0tPgo8L3N0eWxlPgoKPExJTksgcmVsPSJzdHlsZXNoZWV0IiDjgIDjgIDjgIDjgIDjgIDjgIDjgIDjgIDjgIDjgIDjgIDjgIDjgIAgaHJlZj0iaHR0cDovL3d3dy5yYWt1dGVuLm5lLmpwL2dvbGQvbGV1bi9zcGhvbmUudmVyMi5jc3MiPgo8VElUTEU+PC9USVRMRT4KPC9IRUFEPg==,44Oh44O844Or5L6/5a++5b+c5Y+v44Oe44OJ44Op44O877yI5Y2Y5ZOB77yJ6aOf5ZmoIOWSjOmjn+WZqCAg44Ku44OV44OIIOODl+ODrOOCvOODs+ODiCDntZDlqZog5byV44GN5Ye654mpIOaWsOeviSDlh7rnlKMg6KqV55Sf5pelIOW/q+awlyDlhoXnpZ0gIOOAgDA1UDA1Tm92MTbvvJrlkozpo5/lmajjgajpm5Hosqjjga7jgYrlupfjgIDjg6vjgqLjg7M=,5ZKM6aOf5Zmo44CA6aOf5Zmo44CA6Zm25Zmo44CA576O5r+D54S85ZKM6ZuR6LKo44CA5YKY44CA44OP44Oz44Kr44OB44CA55y86Y+h44Kx44O844K544CA44Ki44Km44OI44Os44OD44OIIOmAgeaWmeeEoeaWmeOAgOmAgeaWmei+vOeItuOBruaXpeOAgOavjeOBruaXpeOAgOOBhOOBhOWkq+WppuOBruaXpeOAgOaVrOiAgeOBruaXpeWQjeWFpeOCjOOAgOOCquODs+ODquODvOODr+ODs+OAgOS4lueVjOOBq+S4gOOBpOWkq+WppuiMtueil+OAgOWkq+WppueuuOOAgOWkq+Wppua5r+WRkeOAgOe4gei1t+OAgOe0heeZveODmuOCouOCruODleODiOOAgOODmuOCouOAgOS6jOS6uuOAgOW8leWHuueJqeOAgOW8leOBjeWHuueJqeOAgOWvv+e1kOWpmuOAgOelneOBhOOAgOiomOW/teOAgOiomOW/teaXpeOAgOWGheelneOAgOOBiui/lOOBl+ODl+ODrOOCvOODs+ODiOOAgOOCruODleODiOOAgOOCu+ODg+ODiOmHkeWpmuW8j+OAgOmKgOWpmuW8j+OAgOmChOaapuOAgOemj+iii+iomOW/teaXpeOAgOODoeODouODquOCouODq+mKgOWpmuW8j+OAgOmHkeWpmuW8j+OBlOmjr+iMtueil+OAgOODnuOCsOOAgOa5r+WRkeOAgOOBiuiMtueil+Wkq+WppueuuOOAgOOBiueuuOOAgOeuuOOAgOiLpeeLreWhl+OCu+ODqeODn+ODg+OCr+iXjeOAgOWkmuayu+imi+OAgOWykOmYnOOAgOe+jua/g+OAgOWbm+aXpeW4guOAgOacieeUsOWSjOiXjeOAgOWSjOe0i+OAgOmiqOi2o+OAgOi0iOWnv+OAgOOAgOmiqOi2o+OAgOOCq+ODrOODvOeav+OAgOODkeOCueOCv+eav+OAgOWIh+WtkOOAgOeEvOmFjuOAgOODreODg+OCr+iqleeUn+aXpeOAgOWls+aAp+OAgOeUt+aAp+e+jua/g+eEvOOAgOacieeUsOeEvOOAgOazouS9kOimi+eEvOOAgOS4h+WPpOeEvOOAgOODoeODvOODq+S+v+WvvuW/nOWPr+ODnuODieODqeODvO+8iOWNmOWTge+8iemjn+WZqCDlkozpo5/lmaggIOOCruODleODiCDjg5fjg6zjgrzjg7Pjg4gg57WQ5amaIOW8leOBjeWHuueJqSDmlrDnr4kg5Ye655SjIOiqleeUn+aXpSDlv6vmsJcg5YaF56WdICDjgIAwNVAwNU5vdjE2,JU9GRiDjgqvjg4jjg6njg6rjg7wg44Oe44OJ44Op44O8IOOCruODleODiOOAguODoeODvOODq+S+v+WvvuW/nOWPr+ODnuODieODqeODvO+8iOWNmOWTge+8iemjn+WZqCDlkozpo5/lmaggIOOCruODleODiCDjg5fjg6zjgrzjg7Pjg4gg57WQ5amaIOW8leOBjeWHuueJqSDmlrDnr4kg5Ye655SjIOiqleeUn+aXpSDlv6vmsJcg5YaF56WdICDjgIAwNVAwNU5vdjE2[rn]
9-88276,aHR0cDovL3RzaG9wLnIxMHMuanAvbGV1bi9jYWJpbmV0LzAzNTc1MjgyL2ltZzYxNDc5ODQzLmpwZz9maXRpbj03MDA6NzAw,MzYwLjAwMDA=,,44Kt44OD44OB44Oz55So5ZOB44O76aOf5Zmo44O76Kq/55CG5Zmo5YW3ID4g44Gd44Gu5LuW,44Oh44O844Or5L6/5a++5b+c5Y+v6buS5aGX44KK44K544O844OX44K544OX44O844Oz77yI5Y2Y5ZOB77yJ6aOf5ZmoIOWSjOmjn+WZqCAg44Ku44OV44OIIOODl+ODrOOCvOODs+ODiCDntZDlqZog5byV44GN5Ye654mpIOaWsOeviSDlh7rnlKMg6KqV55Sf5pelIOW/q+awlyDlhoXnpZ0gIOOAgDA1UDA1Tm92MTY=,JU9GRiDjgqvjg4jjg6njg6rjg7wg44K544OX44O844OzIOOCruODleODiA==,PGJyPjwhLS3jg6vjgqLjg7Pjgqjjg5Pjg4fjg7PjgrktLT4KPGltZwpzcmM9Imh0dHA6Ly9pbWFnZS5yYWt1dGVuLmNvLmpwL2xldW4vY2FiaW5ldC9jZXJhbWljLWFpLWV2aWRlbmNlLmpwZyI+Cjxicj4KPGZvbnQgc2l6ZT0xPgrjg6Hjg7zjgqvjg7zluIzmnJvlsI/lo7LkvqHmoLzjga/jg6Hjg7zjgqvjg7zjgqvjgr/jg63jgrDjgavln7rjgaXjgYTjgabmjrLovInjgZfjgabjgYTjgb7jgZnjgII8YnI+PGJyPjwvZm9udD4KIAoKPFRBQkxFIGJvcmRlcj0iMCIgd2lkdGg9IjQzMCI+CiAgPFRCT0RZPgogICAgPFRSPjxCUj4KIDxmb250IHNpemU9MyBjb2xvcj0icmVkIj48Qj4K4oC75YyF6KOF57SZ44KS44GU5rOo5paH6aCC44GE44Gf5aC05ZCI44Gv44CB5b+F44Ga44CM44Ku44OV44OI566x44GC44KK44CN44KS44GU6YG45oqe5LiL44GV44GE44CCCjxCUj48L0I+PC9mb250PgoKICAgICAgPFREIGFsaWduPSJjZW50ZXIiPjxGT05UIHNpemU9Ii0xIiBjb2xvcj0iI2ZmMDAwMCI+5YyF6KOF57SZ44KS44GU5biM5pyb44Gu5pa544Gv44GT44Gh44KJ44GL44KJ44GK6YG444Gz44GP44Gg44GV44GE77yBPEJSPgogICAgICDihpPihpPihpM8L0ZPTlQ+PEJSPgogICAgICAKICAgICAgPElNRyBzcmM9Imh0dHA6Ly9pbWFnZS5yYWt1dGVuLmNvLmpwL3RhemltaS9jYWJpbmV0L2ltZzgyMDEwNTc1LmpwZyIgd2lkdGg9IjQxMCIgaGVpZ2h0PSI3MCIgYm9yZGVyPSIwIj48QlI+CiAgICAgIDwvVEQ+CiAgICA8L1RSPgogIDwvVEJPRFk+CjwvVEFCTEU+CjxUQUJMRSB3aWR0aD0iNDMwIiBib3JkZXI9IjAiIGNlbGxwYWRkaW5nPSI1IiBjZWxsc3BhY2luZz0iMCIgY2xhc3M9InNwZWMiIHN0eWxlPSJib3JkZXI6c29saWQgI2NjYyAxcHg7IGZvbnQtc2l6ZTogMTJweDsiPgoKICAgIDx0cj4KICAgICAgPFRIIHdpZHRoPSI4MCIgbm93cmFwIGJnY29sb3I9IiNmMWYxZjEiIHN0eWxlPSJib3JkZXItYm90dG9tOmRvdHRlZCAjY2NjIDFweDsiPuWVhuWTgeiqrOaYjjwvVEg+CiAgICAgIDx0ZCB3aWR0aD0iNDIwIiB2YWxpZ249InRvcCIgc3R5bGU9ImJvcmRlci1ib3R0b206ZG90dGVkICNjY2MgMXB4OyI+CiAgICAgIDxESVY+CiAgICAgIDxQPjxGT05UIGNvbG9yPSMwMDAwMDAgCmZhY2U9Iu+8re+8syDvvLDjgrTjgrfjg4Pjgq8iPuiHquWIhueUqOOBruaZruauteS9v+OBhOOBq++8geODl+ODrOOCvOODs+ODiOOBq++8gTxCUj4KICAgICAg44G+44Go44KB6LK344GE44KC77yBPEJSPgogICAgICA8QlI+CiAgICAgIOKAu+Wto+evgOWVhuWTgeOBruOBn+OCgeOAgeasoOWTgeOChOWujOWjsuOBruWgtOWQiOOBjDxCUj4KICAgICAg44GU44GW44GE44G+44GZ44CC5LqI44KB44GU56K66KqN5LiL44GV44GE77yBPEJSPgogICAgICA8QlI+CiAgICAgIDwvRk9OVD48L1A+CiAgICAgIDwvRElWPgogICAgICA8L3RkPgo8L3RyPgo8dHI+CiAgICAgIDxUSCB3aWR0aD0iODAiIG5vd3JhcCBiZ2NvbG9yPSIjZjFmMWYxIiBzdHlsZT0iYm9yZGVyLWJvdHRvbTpkb3R0ZWQgI2NjYyAxcHg7Ij7jgrXjgqTjgro8L1RIPgogICAgICA8VEQgd2lkdGg9IjQyMCIgdmFsaWduPSJ0b3AiIHN0eWxlPSJib3JkZXItYm90dG9tOmRvdHRlZCAjY2NjIDFweDsiPgogICAgICA8UD7plbfjgZXvvJrntIQxOO+9g++9jTxTUEFOIGNsYXNzPWl0ZW1fZGVzYz48QlI+CiAgICAgIDwvU1BBTj48L1A+CiAgICAgIDwvVEQ+CiAgICA8L3RyPgogICAgPHRyPgogICAgICA8VEggd2lkdGg9IjgwIiBub3dyYXAgYmdjb2xvcj0iI2YxZjFmMSIgc3R5bGU9ImJvcmRlci1ib3R0b206ZG90dGVkICNjY2MgMXB4OyI+44Kt44O844Ov44O844OJPC9USD4KICAgICAgPHRkIHdpZHRoPSI0MDAiIHZhbGlnbj0idG9wIiBzdHlsZT0iYm9yZGVyLWJvdHRvbTpkb3R0ZWQgI2NjYyAxcHg7Ij4KICAgICAgPFA+56iO5oqcNSwwMDDlhobku6XkuIrpgIHmlpnnhKHmlpnjgIDjgq7jg5Xjg4gg5ZKM6Zm25ZmoIOOCu+ODg+ODiCDotIjjgornianjgIDmlrDnr4nnpZ3jgYTjgIDntZDlqZrnpZ3jgYTjgIDlh7rnlKPnpZ3jgYQg5YaF56Wd44GEIOWHuueUo+WGheelnSDntZDlqZrlhoXnpZ0g5b+r5rCX56WdIOW+oeekvCDlvqHnpZ3jgIDmlrDnlJ/mtLsKICAgICAg5LuP5LqL44CA6KqV55Sf5pelIOODl+ODrOOCvOODs+ODiCDjgYrkuK3lhYMg44GK5q2z5pquIOavjeOBruaXpSDniLbjga7ml6Ug5pWs6ICB44Gu5pel44CQ5qW944Ku44OVX+WMheijhemBuOaKnuOAkeOAkOalveOCruODlV/jga7jgZflrpvmm7jjgJHjgJDmpb3jgq7jg5Vf44Oh44OD44K75YWl5Yqb44CRPC9QPgogICAgICA8L3RkPgo8L3RyPgogICAgPFRSPgogICAgICA8VEggYmdjb2xvcj0iI2YxZjFmMSI+44Ku44OV44OI5a++5b+cPC9USD4KICAgICAgPFREPjxGT05UIGNvbG9yPW5hdnkgc2l6ZT0zPjxJTUcgc3JjPSJodHRwOi8vaW1hZ2UucmFrdXRlbi5jby5qcC9jb20vaW1nL3Jtcy9jYWJpbmV0L3JlY29tbWVuZF9uZXcvaW1nMDAwMDAyNDMuZ2lmIj4gCjxJTUcgc3JjPSJodHRwOi8vaW1hZ2UucmFrdXRlbi5jby5qcC9jb20vaW1nL3Jtcy9jYWJpbmV0L3JlY29tbWVuZF9uZXcvaW1nMDAwMDAyNDEuZ2lmIj4gCjxJTUcgc3JjPSJodHRwOi8vaW1hZ2UucmFrdXRlbi5jby5qcC9jb20vaW1nL3Jtcy9jYWJpbmV0L3JlY29tbWVuZF9uZXcvaW1nMDAwMDAyMzkuZ2lmIj48L0ZPTlQ+PC9URD4KICAgIDwvVFI+CiAgCjwvVEFCTEU+Cgo8YnI+PGJyPgo8IS0tR29RU3lzdGVt44Os44K444KI44GT44Oh44O844Kr44O8LS0+Cgo8IS0tR29RU3lzdGVt44Os44K444KI44GT44Oh44O844Kr44O8LS0+PEJPRFk+Cjx0YWJsZSB3aWR0aD0iNzIwIj4KICA8dGJvZHk+CiAgICA8dHI+CiAgICAgIDx0ZD4KICAgICAgPGNlbnRlcj4KICAgICAgPFRBQkxFIGJvcmRlcj0iMCIgd2lkdGg9IjcyMCI+CiAgICAgICAgPFRCT0RZPgogICAgICAgICAgPFRSPgogICAgICAgICAgICA8VEQgYWxpZ249ImNlbnRlciI+Cgo8SU1HIHNyYz0iaHR0cDovL2ltYWdlLnJha3V0ZW4uY28uanAvbGV1bi9jYWJpbmV0LzAyMTM1NTQ0L25vc2hpLWhvdXNvdTYxNi5qcGciIHdpZHRoPSI3MjAiIGhlaWdodD0iMTM1IiBib3JkZXI9IjAiPjxicj4KCgo8YnI+Cjxicj4KPGJyPgo8SU1HIHNyYz0iaHR0cDovL2ltYWdlLnJha3V0ZW4uY28uanAvbGV1bi9jYWJpbmV0L2ltZzYyODY3MDM0LmpwZyIgd2lkdGg9IjYwMCIgaGVpZ2h0PSIyNzEiIGJvcmRlcj0iMCIgdXNlbWFwPSIj6YeR6aGN6YCB5paZIj48QlI+CiAgICAgICAgICAgIDxocj4KICAgICAgICAgICAgPFRBQkxFIGJvcmRlcj0iMCIgY2VsbHBhZGRpbmc9IjEwIiB3aWR0aD0iNjAwIj4KICAgICAgICAgICAgICA8VEJPRFk+CiAgICAgICAgICAgICAgICA8VFI+CiAgICAgICAgICAgICAgICAgIDxURCBiZ2NvbG9yPSIjZWFmZmZmIj48Zm9udCBjb2xvcj0icmVkIj48Qj7imIXjgIzotIjjgornianjgI3mnInmlpnljIXoo4Xjga7jgZTmoYjlhoXimIU8L0I+PC9mb250Pjxicj4KICAgICAgICAgICAgICAgICAg44CA5YyF6KOF57SZ44CB5Y+K44Gz5YyF6KOF5omL5pWw5paZ44Go44GX44Gm44CBMeODtuOBq+S7mOOBjTEwMOWGhu+8iOeojuaKnOOBje+8iemgguaItOOBl+OBpuOBiuOCiuOBvuOBmeOAgjxicj4KICAgICAgICAgICAgICAgICAgPEZPTlQgc2l6ZT0iMiI+4piF44CM5YyF6KOF44CN44KS44GU5biM5pyb44Gu5aC05ZCI5LiL6KiY44KI44KK44GK6YG444Gz6aCC44GN44CB5ZWG5ZOB5pWw6YeP5YiG44KS6LK344GE54mp44GL44GU44G444GK5YWl44KM44GP44Gg44GV44GE44CCPGJyPgogICAgICAgICAgICAgICAgICDimIXjgYrnhqjmlpfjgpLjga/nhKHmlpnjgavjgarjgorjgb7jgZnjgILjgZTms6jmlodTVEVQ5pmC44Gu5YKZ6ICD5qyE44Gr5YaF5a6544KS6KiY6LyJ44GP44Gg44GV44GE44CCPGJyPgogICAgICAgICAgICAgICAgICA8Rk9OVCBjb2xvcj0icmVkIj48Zm9udCBjb2xvcj0ibmF2eSI+4peG44GU5LiN5piO44Gq54K5562J44GU44GW44GE44G+44GX44Gf44KJ44CB44GK5rCX6Lu944GrPC9GT05UPjwvRk9OVD48L0ZPTlQ+PEZPTlQgc2l6ZT0iMiI+PEZPTlQgY29sb3I9InJlZCI+PGZvbnQgY29sb3I9Im5hdnkiPuODoeODvOODq+OBq+OBpuOBk+OBoeOCieOBvuOBpzwvRk9OVD48L0ZPTlQ+PC9GT05UPjxGT05UIHNpemU9IjIiPjxGT05UIGNvbG9yPSJyZWQiPjxmb250IGNvbG9yPSJuYXZ5Ij4K44CACjwvRk9OVD48L0ZPTlQ+PC9GT05UPjwvVEQ+CiAgICAgICAgICAgICAgICA8L1RSPgogICAgICAgICAgICAgIDwvVEJPRFk+CiAgICAgICAgICAgIDwvVEFCTEU+CiAgICAgICAgICAgIDxicj4KICAgICAgICAgICAgPElNRyBzcmM9Imh0dHA6Ly9pbWFnZS5yYWt1dGVuLmNvLmpwL2xldW4vY2FiaW5ldC9yYXBwaW5ndS9pbWc1Nzc2MTEwMi5qcGciIGJvcmRlcj0nMCInPgoKPElNRyBzcmM9Imh0dHA6Ly9pbWFnZS5yYWt1dGVuLmNvLmpwL2xldW4vY2FiaW5ldC9yYXBwaW5ndS9pbWc1OTIyMjk1MC5qcGciIGJvcmRlcj0iMCI+Cjxicj4KICAgICAgICAgICAgPElNRyBzcmM9Imh0dHA6Ly9pbWFnZS5yYWt1dGVuLmNvLmpwL2xldW4vY2FiaW5ldC9yYXBwaW5ndS9pbWc1ODc5MjU4OS5qcGciPgo8YnI+PGJyPgogICAgICAgICAgICA8SU1HIHNyYz0iaHR0cDovL2ltYWdlLnJha3V0ZW4uY28uanAvbGV1bi9jYWJpbmV0L3JhcHBpbmd1L2ltZzYzMjUyODgyLmpwZyI+CiAgICAgICAgICAgIDxIUj4KICAgICAgICAgICAgPC9URD4KICAgICAgICAgIDwvVFI+CiAgICAgICAgPC9UQk9EWT4KICAgICAgPC9UQUJMRT4KICAgICAgPC9jZW50ZXI+CiAgICAgIDwvdGQ+CiAgICA8L3RyPgogIDwvdGJvZHk+CjwvdGFibGU+CjxNQVAgbmFtZT0i6YeR6aGN6YCB5paZIj4KICAKICAKICAKICAKICAKICAKICAKICAKPC9NQVA+PE1BUCBuYW1lPSLjgqvjgrTkuIsiPgogIAogIAogIAogIAogIAogIAogIAogIAogIAogIAogIAogIAogIAo8L01BUD4KPCEtLeiyt+OBhOeJqeOBi+OBlOOBruS4iy0tPgo8RElWIGlkPSJIZWFkZXJLZXl3b3JkIj4KPGJyPjxicj48YnI+PGJyPgo8c3Bhbj7ms6jnm67jga7jgq3jg7zjg6/jg7zjg4k8L3NwYW4+CuWkq+WppuiMtueily8K5qW95aSp44K544O844OR44O8REVBTOWvvuixoeWTgS8K44GK5ZCN5YWl44KM44Ku44OV44OILwoyMDE25bm044CM44Kv44Oq44K544Oe44K544CN54m56ZuGLwoyMDE35bm044CM56aP6KKL44CN54m56ZuGLwrlkozol40vCuacieeUsOeEvC/ms6LkvZDopovnhLwvCuiHquWuheeUqC8K44Ki44Km44OI44Os44OD44OIL+OBruOBl+ODu+WMheijhS/jga3jgZPjg7vnjKsv44K544O844OR44O844K744O844Or5Lya5aC0Lwo8L0RJVj4KPERJVj48aW1nIHNyYz0iaHR0cDovL2ltYWdlLnJha3V0ZW4uY28uanAvbGV1bi9jYWJpbmV0LzAyMTM1NTQ0L21hZy1jb2xsLmpwZyIgaGVpZ2h0PSI2MCIgYm9yZGVyPSIwIiB3aWR0aD0iOTUwIj48L0RJVj4KPEJSPgo8QlI+CjwvQk9EWT4KPCEtLeODleODreODvOODiOODkOODiuODvC0tPgo8SEVBRD4KPHN0eWxlIHR5cGU9InRleHQvY3NzIj4KPCEtLQpzcGFuLnVuaXQgeyBiYWNrZ3JvdW5kOiB1cmwoaHR0cDovL2ltYWdlLnJha3V0ZW4uY28uanAvbGV1bi9jYWJpbmV0L2ltZ3JjMDA2NTMzMTE5Mi5qcGcpIG5vLXJlcGVhdCBsZWZ0IHRvcDsgdGV4dC1pbmRlbnQ6Ci05OTk5OyBkaXNwbGF5OiBibG9jazsgd2lkdGg6IDQxMDsgaGVpZ2h0OiAxNzA7IG1hcmdpbjoxNXB4IDA7IH0KLS0+Cjwvc3R5bGU+CjxzdHlsZSB0eXBlPSJ0ZXh0L2NzcyI+CjwhLS0KZGl2I0hlYWRlcktleXdvcmQgewoJcG9zaXRpb246YWJzb2x1dGU7Cgl0b3A6NTBweDsvKuS4gOeVquS4iuOBi+OCieOBruS9jee9riovCglsZWZ0OjMwcHg7Lyrlt6bnq6/jgYvjgonjga7kvY3nva4qLwp9CgpkaXYjSGVhZGVyS2V5d29yZCBzcGFuIHsKCWJhY2tncm91bmQ6ICNiZjAwMDA7Cgljb2xvcjojZmZmOwoJZm9udC13ZWlnaHQ6Ym9sZDsKCXBhZGRpbmc6MnB4IDVweDsKfQoKZGl2I0hlYWRlcktleXdvcmQgYSB7Cgljb2xvcjojMDA0NENDOwp9Ci0tPgo8L3N0eWxlPgoKPExJTksgcmVsPSJzdHlsZXNoZWV0IiDjgIDjgIDjgIDjgIDjgIDjgIDjgIDjgIDjgIDjgIDjgIDjgIDjgIAgaHJlZj0iaHR0cDovL3d3dy5yYWt1dGVuLm5lLmpwL2dvbGQvbGV1bi9zcGhvbmUudmVyMi5jc3MiPgo8VElUTEU+PC9USVRMRT4KPC9IRUFEPg==,44Oh44O844Or5L6/5a++5b+c5Y+v6buS5aGX44KK44K544O844OX44K544OX44O844Oz77yI5Y2Y5ZOB77yJ6aOf5ZmoIOWSjOmjn+WZqCAg44Ku44OV44OIIOODl+ODrOOCvOODs+ODiCDntZDlqZog5byV44GN5Ye654mpIOaWsOeviSDlh7rnlKMg6KqV55Sf5pelIOW/q+awlyDlhoXnpZ0gIOOAgDA1UDA1Tm92MTbvvJrlkozpo5/lmajjgajpm5Hosqjjga7jgYrlupfjgIDjg6vjgqLjg7M=,5ZKM6aOf5Zmo44CA6aOf5Zmo44CA6Zm25Zmo44CA576O5r+D54S85ZKM6ZuR6LKo44CA5YKY44CA44OP44Oz44Kr44OB44CA55y86Y+h44Kx44O844K544CA44Ki44Km44OI44Os44OD44OIIOmAgeaWmeeEoeaWmeOAgOmAgeaWmei+vOeItuOBruaXpeOAgOavjeOBruaXpeOAgOOBhOOBhOWkq+WppuOBruaXpeOAgOaVrOiAgeOBruaXpeWQjeWFpeOCjOOAgOOCquODs+ODquODvOODr+ODs+OAgOS4lueVjOOBq+S4gOOBpOWkq+WppuiMtueil+OAgOWkq+WppueuuOOAgOWkq+Wppua5r+WRkeOAgOe4gei1t+OAgOe0heeZveODmuOCouOCruODleODiOOAgOODmuOCouOAgOS6jOS6uuOAgOW8leWHuueJqeOAgOW8leOBjeWHuueJqeOAgOWvv+e1kOWpmuOAgOelneOBhOOAgOiomOW/teOAgOiomOW/teaXpeOAgOWGheelneOAgOOBiui/lOOBl+ODl+ODrOOCvOODs+ODiOOAgOOCruODleODiOOAgOOCu+ODg+ODiOmHkeWpmuW8j+OAgOmKgOWpmuW8j+OAgOmChOaapuOAgOemj+iii+iomOW/teaXpeOAgOODoeODouODquOCouODq+mKgOWpmuW8j+OAgOmHkeWpmuW8j+OBlOmjr+iMtueil+OAgOODnuOCsOOAgOa5r+WRkeOAgOOBiuiMtueil+Wkq+WppueuuOOAgOOBiueuuOOAgOeuuOOAgOiLpeeLreWhl+OCu+ODqeODn+ODg+OCr+iXjeOAgOWkmuayu+imi+OAgOWykOmYnOOAgOe+jua/g+OAgOWbm+aXpeW4guOAgOacieeUsOWSjOiXjeOAgOWSjOe0i+OAgOmiqOi2o+OAgOi0iOWnv+OAgOOAgOmiqOi2o+OAgOOCq+ODrOODvOeav+OAgOODkeOCueOCv+eav+OAgOWIh+WtkOOAgOeEvOmFjuOAgOODreODg+OCr+iqleeUn+aXpeOAgOWls+aAp+OAgOeUt+aAp+e+jua/g+eEvOOAgOacieeUsOeEvOOAgOazouS9kOimi+eEvOOAgOS4h+WPpOeEvOOAgOODoeODvOODq+S+v+WvvuW/nOWPr+m7kuWhl+OCiuOCueODvOODl+OCueODl+ODvOODs++8iOWNmOWTge+8iemjn+WZqCDlkozpo5/lmaggIOOCruODleODiCDjg5fjg6zjgrzjg7Pjg4gg57WQ5amaIOW8leOBjeWHuueJqSDmlrDnr4kg5Ye655SjIOiqleeUn+aXpSDlv6vmsJcg5YaF56WdICDjgIAwNVAwNU5vdjE2,JU9GRiDjgqvjg4jjg6njg6rjg7wg44K544OX44O844OzIOOCruODleODiOOAguODoeODvOODq+S+v+WvvuW/nOWPr+m7kuWhl+OCiuOCueODvOODl+OCueODl+ODvOODs++8iOWNmOWTge+8iemjn+WZqCDlkozpo5/lmaggIOOCruODleODiCDjg5fjg6zjgrzjg7Pjg4gg57WQ5amaIOW8leOBjeWHuueJqSDmlrDnr4kg5Ye655SjIOiqleeUn+aXpSDlv6vmsJcg5YaF56WdICDjgIAwNVAwNU5vdjE2[rn]
9-88277,aHR0cDovL3RzaG9wLnIxMHMuanAvbGV1bi9jYWJpbmV0LzAyNDAwNzk4LzAzNjk3MjQ0L2ltZzYxOTU2ODEzLmpwZz9maXRpbj03MDA6NzAw,ODAwLjAwMDA=,,44Kt44OD44OB44Oz55So5ZOB44O76aOf5Zmo44O76Kq/55CG5Zmo5YW3ID4g44Gd44Gu5LuW,44Oh44O844Or5L6/6ZmQ5a6a44CQ6YCB5paZ54Sh5paZ44CR44OR44K544K/44OV44Kp44O844KvNeacrOOCu+ODg+ODiOOAkOODleOCqeODvOOCr+OCu+ODg+ODiOOAkeOAkOi/juaYpeOAkeOAkOOBiuato+aciOOAkeOAgDA1UDA1Tm92MTY=,5p2l5a6i55So44Gr77yB5pmu5q615L2/44GE44Gr77yB44G+44Go44KB6LK344GE77yB,PHRhYmxlIHdpZHRoPTM1MCBib3JkZXI9MD4KPFRSPgo8dGQgYmdjb2xvcj0jMjMwNDAwPgo8dGFibGUgY2VsbHNwYWNpbmc9MSBjZWxscGFkZGluZz00IHdpZHRoPTEwMCUgYm9yZGVyPTA+CjxUUj4KPHRkIGJnY29sb3I9I2ZmZWVhYSBhbGlnbj1jZW50ZXIgd2lkdGg9MjUlPjxCPuOCteOCpOOCujwvQj48L3RkPgo8dGQgYmdjb2xvcj0jZmZmZmZmIHdpZHRoPTc1JT48IS0t44GT44GT44Gr44K144Kk44K6LS0+44OV44Kp44O844Kv77ya57SEMTkuOGNtPGJyPgrigLvnrrHjgarjgZfjg7vooovlhaXjgoo8YnI+IArph43ph4/vvJrntIQwMDBnPEJSPgo8L3RkPgo8L1RSPgo8VFI+Cjx0ZCBiZ2NvbG9yPSNmZmVlYWEgYWxpZ249Y2VudGVyIHdpZHRoPTI1JT48Qj7mnZDos6o8L0I+PC90ZD4KPHRkIGJnY29sb3I9I2ZmZmZmZiB3aWR0aD03NSU+PCEtLeOBk+OBk+OBq+adkOizqi0tPuWkqeeEtuacqO+8iOS4reWbveijve+8iTwvdGQ+CjwvVFI+CjxUUj4KPFRSPgo8dGQgYmdjb2xvcj0jZmZlZWFhIGFsaWduPWNlbnRlciB3aWR0aD0yNSU+PEI+5ZWG5ZOB6Kqs5piOPC9CPjwvdGQ+Cjx0ZCBiZ2NvbG9yPSNmZmZmZmYgd2lkdGg9NzUlPjwhLS3jgZPjgZPjgavllYblk4HoqqzmmI4tLT7jg5Hjgrnjgr/nlKjjg5Xjgqnjg7zjgq815pys44K744OD44OI44CCPC90ZD4KPC9UUj4KPC90YWJsZT48L3RkPgo8L1RSPgo8L3RhYmxlPgo8YnI+Cgo8Zm9udCBjb2xvcj0icmVkIj7jg5Xjgqnjg7zjgq/jgYw15pys44K744OD44OI44Gn54m55Yil5L6h5qC877yBPGJyPgrjgZfjgYvjgoLlrInjgZfjgYTpgIHmlpnnhKHmlpnimao8YnI+CuadpeWuoueUqOOBq+ODleOCqeODvOOCr+OCkuaPg+OBiOOBn+OBhO+8gTxicj4K44Gq44KT44Gm5pa544Gr44G044Gj44Gf44KK44Gu44G+44Go44KB6LK344GE77yBPGJyPgrnmbrpgIHjga/jg6Hjg7zjg6vkvr/jgavjgabjgYrpgIHjgorjgZfjgb7jgZnjgII8YnI+CuS7luOBruWVhuWTgeOBqOWQjOaiseOBmeOCi+OBqOWuhemFjeS+v+OCgjxicj4K6YCB5paZ54Sh5paZ44Gr44Gq44KK44G+44GZ77yBPGJyPgo8L2ZvbnQ+Cgo8YnI+PGJyPgo8IS0tR29RU3lzdGVt44Os44K444KI44GT44Oh44O844Kr44O8LS0+Cgo8IS0tR29RU3lzdGVt44Os44K444KI44GT44Oh44O844Kr44O8LS0+PEJPRFk+Cjx0YWJsZSB3aWR0aD0iNzIwIj4KICA8dGJvZHk+CiAgICA8dHI+CiAgICAgIDx0ZD4KICAgICAgPGNlbnRlcj4KICAgICAgPFRBQkxFIGJvcmRlcj0iMCIgd2lkdGg9IjcyMCI+CiAgICAgICAgPFRCT0RZPgogICAgICAgICAgPFRSPgogICAgICAgICAgICA8VEQgYWxpZ249ImNlbnRlciI+Cgo8SU1HIHNyYz0iaHR0cDovL2ltYWdlLnJha3V0ZW4uY28uanAvbGV1bi9jYWJpbmV0LzAyMTM1NTQ0L25vc2hpLWhvdXNvdTYxNi5qcGciIHdpZHRoPSI3MjAiIGhlaWdodD0iMTM1IiBib3JkZXI9IjAiPjxicj4KCgo8YnI+Cjxicj4KPGJyPgo8SU1HIHNyYz0iaHR0cDovL2ltYWdlLnJha3V0ZW4uY28uanAvbGV1bi9jYWJpbmV0L2ltZzYyODY3MDM0LmpwZyIgd2lkdGg9IjYwMCIgaGVpZ2h0PSIyNzEiIGJvcmRlcj0iMCIgdXNlbWFwPSIj6YeR6aGN6YCB5paZIj48QlI+CiAgICAgICAgICAgIDxocj4KICAgICAgICAgICAgPFRBQkxFIGJvcmRlcj0iMCIgY2VsbHBhZGRpbmc9IjEwIiB3aWR0aD0iNjAwIj4KICAgICAgICAgICAgICA8VEJPRFk+CiAgICAgICAgICAgICAgICA8VFI+CiAgICAgICAgICAgICAgICAgIDxURCBiZ2NvbG9yPSIjZWFmZmZmIj48Zm9udCBjb2xvcj0icmVkIj48Qj7imIXjgIzotIjjgornianjgI3mnInmlpnljIXoo4Xjga7jgZTmoYjlhoXimIU8L0I+PC9mb250Pjxicj4KICAgICAgICAgICAgICAgICAg44CA5YyF6KOF57SZ44CB5Y+K44Gz5YyF6KOF5omL5pWw5paZ44Go44GX44Gm44CBMeODtuOBq+S7mOOBjTEwMOWGhu+8iOeojuaKnOOBje+8iemgguaItOOBl+OBpuOBiuOCiuOBvuOBmeOAgjxicj4KICAgICAgICAgICAgICAgICAgPEZPTlQgc2l6ZT0iMiI+4piF44CM5YyF6KOF44CN44KS44GU5biM5pyb44Gu5aC05ZCI5LiL6KiY44KI44KK44GK6YG444Gz6aCC44GN44CB5ZWG5ZOB5pWw6YeP5YiG44KS6LK344GE54mp44GL44GU44G444GK5YWl44KM44GP44Gg44GV44GE44CCPGJyPgogICAgICAgICAgICAgICAgICDimIXjgYrnhqjmlpfjgpLjga/nhKHmlpnjgavjgarjgorjgb7jgZnjgILjgZTms6jmlodTVEVQ5pmC44Gu5YKZ6ICD5qyE44Gr5YaF5a6544KS6KiY6LyJ44GP44Gg44GV44GE44CCPGJyPgogICAgICAgICAgICAgICAgICA8Rk9OVCBjb2xvcj0icmVkIj48Zm9udCBjb2xvcj0ibmF2eSI+4peG44GU5LiN5piO44Gq54K5562J44GU44GW44GE44G+44GX44Gf44KJ44CB44GK5rCX6Lu944GrPC9GT05UPjwvRk9OVD48L0ZPTlQ+PEZPTlQgc2l6ZT0iMiI+PEZPTlQgY29sb3I9InJlZCI+PGZvbnQgY29sb3I9Im5hdnkiPuODoeODvOODq+OBq+OBpuOBk+OBoeOCieOBvuOBpzwvRk9OVD48L0ZPTlQ+PC9GT05UPjxGT05UIHNpemU9IjIiPjxGT05UIGNvbG9yPSJyZWQiPjxmb250IGNvbG9yPSJuYXZ5Ij4K44CACjwvRk9OVD48L0ZPTlQ+PC9GT05UPjwvVEQ+CiAgICAgICAgICAgICAgICA8L1RSPgogICAgICAgICAgICAgIDwvVEJPRFk+CiAgICAgICAgICAgIDwvVEFCTEU+CiAgICAgICAgICAgIDxicj4KICAgICAgICAgICAgPElNRyBzcmM9Imh0dHA6Ly9pbWFnZS5yYWt1dGVuLmNvLmpwL2xldW4vY2FiaW5ldC9yYXBwaW5ndS9pbWc1Nzc2MTEwMi5qcGciIGJvcmRlcj0nMCInPgoKPElNRyBzcmM9Imh0dHA6Ly9pbWFnZS5yYWt1dGVuLmNvLmpwL2xldW4vY2FiaW5ldC9yYXBwaW5ndS9pbWc1OTIyMjk1MC5qcGciIGJvcmRlcj0iMCI+Cjxicj4KICAgICAgICAgICAgPElNRyBzcmM9Imh0dHA6Ly9pbWFnZS5yYWt1dGVuLmNvLmpwL2xldW4vY2FiaW5ldC9yYXBwaW5ndS9pbWc1ODc5MjU4OS5qcGciPgo8YnI+PGJyPgogICAgICAgICAgICA8SU1HIHNyYz0iaHR0cDovL2ltYWdlLnJha3V0ZW4uY28uanAvbGV1bi9jYWJpbmV0L3JhcHBpbmd1L2ltZzYzMjUyODgyLmpwZyI+CiAgICAgICAgICAgIDxIUj4KICAgICAgICAgICAgPC9URD4KICAgICAgICAgIDwvVFI+CiAgICAgICAgPC9UQk9EWT4KICAgICAgPC9UQUJMRT4KICAgICAgPC9jZW50ZXI+CiAgICAgIDwvdGQ+CiAgICA8L3RyPgogIDwvdGJvZHk+CjwvdGFibGU+CjxNQVAgbmFtZT0i6YeR6aGN6YCB5paZIj4KICAKICAKICAKICAKICAKICAKICAKICAKPC9NQVA+PE1BUCBuYW1lPSLjgqvjgrTkuIsiPgogIAogIAogIAogIAogIAogIAogIAogIAogIAogIAogIAogIAogIAo8L01BUD4KPCEtLeiyt+OBhOeJqeOBi+OBlOOBruS4iy0tPgo8RElWIGlkPSJIZWFkZXJLZXl3b3JkIj4KPGJyPjxicj48YnI+PGJyPgo8c3Bhbj7ms6jnm67jga7jgq3jg7zjg6/jg7zjg4k8L3NwYW4+CuWkq+WppuiMtueily8K5qW95aSp44K544O844OR44O8REVBTOWvvuixoeWTgS8K44GK5ZCN5YWl44KM44Ku44OV44OILwoyMDE35bm044CM54i244Gu5pel44CN54m56ZuGLwrjgIznjKvpm5HosqjjgI3nibnpm4YvCuWSjOiXjS8K5pyJ55Sw54S8L+azouS9kOimi+eEvC8K6Ieq5a6F55SoLwrjgqLjgqbjg4jjg6zjg4Pjg4gv44Gu44GX44O75YyF6KOFL+OBreOBk+ODu+eMqy/lnJ/pjYvjg7vngorpo6/lnJ/pjYvjg7voqr/nkIblnJ/pjYsvCjwvRElWPgo8RElWPjxpbWcgc3JjPSJodHRwczovL2ltYWdlLnJha3V0ZW4uY28uanAvbGV1bi9jYWJpbmV0L3Jha3V0ZW4taWJlbnRvL21hcmEtc3BzLzA1MjBybXM5NTAuanBnIiBoZWlnaHQ9IjYwIiBib3JkZXI9IjAiIHdpZHRoPSI5NTAiPjwvRElWPgo8QlI+CjxCUj4KPC9CT0RZPgo8IS0t44OV44Ot44O844OI44OQ44OK44O8LS0+CjxIRUFEPgo8c3R5bGUgdHlwZT0idGV4dC9jc3MiPgo8IS0tCnNwYW4udW5pdCB7IGJhY2tncm91bmQ6IHVybChodHRwOi8vaW1hZ2UucmFrdXRlbi5jby5qcC9sZXVuL2NhYmluZXQvaW1ncmMwMDY1MzMxMTkyLmpwZykgbm8tcmVwZWF0IGxlZnQgdG9wOyB0ZXh0LWluZGVudDoKLTk5OTk7IGRpc3BsYXk6IGJsb2NrOyB3aWR0aDogNDEwOyBoZWlnaHQ6IDE3MDsgbWFyZ2luOjE1cHggMDsgfQotLT4KPC9zdHlsZT4KPHN0eWxlIHR5cGU9InRleHQvY3NzIj4KPCEtLQpkaXYjSGVhZGVyS2V5d29yZCB7Cglwb3NpdGlvbjphYnNvbHV0ZTsKCXRvcDo1MHB4Oy8q5LiA55Wq5LiK44GL44KJ44Gu5L2N572uKi8KCWxlZnQ6MzBweDsvKuW3puerr+OBi+OCieOBruS9jee9riovCn0KCmRpdiNIZWFkZXJLZXl3b3JkIHNwYW4gewoJYmFja2dyb3VuZDogI2JmMDAwMDsKCWNvbG9yOiNmZmY7Cglmb250LXdlaWdodDpib2xkOwoJcGFkZGluZzoycHggNXB4Owp9CgpkaXYjSGVhZGVyS2V5d29yZCBhIHsKCWNvbG9yOiMwMDQ0Q0M7Cn0KLS0+Cjwvc3R5bGU+Cgo8TElOSyByZWw9InN0eWxlc2hlZXQiIOOAgOOAgOOAgOOAgOOAgOOAgOOAgOOAgOOAgOOAgOOAgOOAgOOAgCBocmVmPSJodHRwOi8vd3d3LnJha3V0ZW4ubmUuanAvZ29sZC9sZXVuL3NwaG9uZS52ZXIyLmNzcyI+CjxUSVRMRT48L1RJVExFPgo8L0hFQUQ+,44Oh44O844Or5L6/6ZmQ5a6a44CQ6YCB5paZ54Sh5paZ44CR44OR44K544K/44OV44Kp44O844KvNeacrOOCu+ODg+ODiOOAkOODleOCqeODvOOCr+OCu+ODg+ODiOOAkeOAkOi/juaYpeOAkeOAkOOBiuato+aciOOAkeOAgDA1UDA1Tm92MTbvvJrlkozpo5/lmajjgajpm5Hosqjjga7jgYrlupfjgIDjg6vjgqLjg7M=,5ZKM6aOf5Zmo44CA6aOf5Zmo44CA6Zm25Zmo44CA576O5r+D54S85ZKM6ZuR6LKo44CA5YKY44CA44OP44Oz44Kr44OB44CA55y86Y+h44Kx44O844K544CA44Ki44Km44OI44Os44OD44OIIOmAgeaWmeeEoeaWmeOAgOmAgeaWmei+vOeItuOBruaXpeOAgOavjeOBruaXpeOAgOOBhOOBhOWkq+WppuOBruaXpeOAgOaVrOiAgeOBruaXpeWQjeWFpeOCjOOAgOOCquODs+ODquODvOODr+ODs+OAgOS4lueVjOOBq+S4gOOBpOWkq+WppuiMtueil+OAgOWkq+WppueuuOOAgOWkq+Wppua5r+WRkeOAgOe4gei1t+OAgOe0heeZveODmuOCouOCruODleODiOOAgOODmuOCouOAgOS6jOS6uuOAgOW8leWHuueJqeOAgOW8leOBjeWHuueJqeOAgOWvv+e1kOWpmuOAgOelneOBhOOAgOiomOW/teOAgOiomOW/teaXpeOAgOWGheelneOAgOOBiui/lOOBl+ODl+ODrOOCvOODs+ODiOOAgOOCruODleODiOOAgOOCu+ODg+ODiOmHkeWpmuW8j+OAgOmKgOWpmuW8j+OAgOmChOaapuOAgOemj+iii+iomOW/teaXpeOAgOODoeODouODquOCouODq+mKgOWpmuW8j+OAgOmHkeWpmuW8j+OBlOmjr+iMtueil+OAgOODnuOCsOOAgOa5r+WRkeOAgOOBiuiMtueil+Wkq+WppueuuOOAgOOBiueuuOOAgOeuuOOAgOiLpeeLreWhl+OCu+ODqeODn+ODg+OCr+iXjeOAgOWkmuayu+imi+OAgOWykOmYnOOAgOe+jua/g+OAgOWbm+aXpeW4guOAgOacieeUsOWSjOiXjeOAgOWSjOe0i+OAgOmiqOi2o+OAgOi0iOWnv+OAgOOAgOmiqOi2o+OAgOOCq+ODrOODvOeav+OAgOODkeOCueOCv+eav+OAgOWIh+WtkOOAgOeEvOmFjuOAgOODreODg+OCr+iqleeUn+aXpeOAgOWls+aAp+OAgOeUt+aAp+e+jua/g+eEvOOAgOacieeUsOeEvOOAgOazouS9kOimi+eEvOOAgOS4h+WPpOeEvOOAgOODoeODvOODq+S+v+mZkOWumuOAkOmAgeaWmeeEoeaWmeOAkeODkeOCueOCv+ODleOCqeODvOOCrzXmnKzjgrvjg4Pjg4jjgJDjg5Xjgqnjg7zjgq/jgrvjg4Pjg4jjgJHjgJDov47mmKXjgJHjgJDjgYrmraPmnIjjgJHjgIAwNVAwNU5vdjE2,5p2l5a6i55So44Gr77yB5pmu5q615L2/44GE44Gr77yB44G+44Go44KB6LK344GE77yB44CC44Oh44O844Or5L6/6ZmQ5a6a44CQ6YCB5paZ54Sh5paZ44CR44OR44K544K/44OV44Kp44O844KvNeacrOOCu+ODg+ODiOOAkOODleOCqeODvOOCr+OCu+ODg+ODiOOAkeOAkOi/juaYpeOAkeOAkOOBiuato+aciOOAkeOAgDA1UDA1Tm92MTY=[rn]
9-88278,aHR0cDovL3RzaG9wLnIxMHMuanAvYmJzdHlsZS9jYWJpbmV0L2ppc2hhaGluMy81MjgwMDMtZS5qcGc/Zml0aW49NzAwOjcwMA==,NTE3MC40MDAw,,44Kt44OD44OB44Oz55So5ZOB44O76aOf5Zmo44O76Kq/55CG5Zmo5YW3ID4g44Gd44Gu5LuW,44CQ6YCB5paZ54Sh5paZ44CR44Ki44Kk44Oq44K544Kq44O844Ok44OeIOecn+epuuS/neWtmOODleODvOODieOCt+ODvOODqeODvCBWUEYtMzg1VA==,5b2T5bqX5Lq65rCX5ZWG5ZOB776O776f772y776d776EMTDlgI0mYW1wO+eojuaKnDkwMDDlhobku6XkuIros7zlhaXjgafpgIHmlpnnhKHmlpk=,PGI+PGZvbnQgc2l6ZT0iNCIgY29sb3I9IiNmZjhmMDAiPumuruW6puOCkumVt+OBj+OCreODvOODl+OBl+OAgeevgOe0hO+8huOCqOOCs++8gTwvZm9udD48L2I+PGJyPgrnqbrmsJfjgpLmipzjgYTjgabnnJ/nqbrkv53lrZjjgpLjgZnjgovjgZPjgajjgafpgJrluLjkv53lrZjjgojjgorjgoLpo5/lk4Hjga7prq7luqbjgpLplbfmjIHjgaHjgZXjgZvjgb7jgZnjgII8YnI+CumVt+aZgumWk+OBruS/neWtmOOBjOWPr+iDveOBquOBruOBp+OAgemjn+adkOOCkueEoemnhOOBq+OBl+OBvuOBm+OCk+OAgjxicj48YnI+Cgo8Yj48Zm9udCBzaXplPSI0IiBjb2xvcj0iI2ZmOGYwMCI+44GK44GL44Ga44KS5L2c44KK572u44GN44GX44Gm44GK44GE44GX44GP5pmC55+t77yBPC9mb250PjwvYj48YnI+CuaZgumWk+OBjOOBguOCi+OBqOOBjeOBq+OBn+OBj+OBleOCk+S9nOOBo+OBpuS/neWtmOOBl+OBpuOBiuOBkeOBsOOAgeW/meOBl+OBhOaZguOBruiqv+eQhuOBjOalveOBq+OBquOCiuOBvuOBmeOAgjxicj4K5a+G5bCB44GX44Gf44G+44G+5Ya35YeN44O75Ya36JS15L+d5a2Y44Gn44GN44CB5rmv44Gb44KT44KE6Zu75a2Q44Os44Oz44K444KC5L2/55So5Y+v6IO944Gn44GZ44CCPGJyPjxicj4KCjxiPjxmb250IHNpemU9IjQiIGNvbG9yPSIjZmY4ZjAwIj7jg4vjgqrjgqTnp7vjgorjgarjgZfvvIE8L2ZvbnQ+PC9iPjxicj4K56m65rCX44KS6YCa44GV44Gq44GE5bCC55So44Ot44O844Or44O75bCC55So44K344O844OI44Gn5a+G6ZaJ44GZ44KL44Gu44Gn44CB5LuW44Gu6aOf5ZOB44G444Gu44OL44Kq44Kk56e744KK44KS6Ziy5q2i44GX44G+44GZ44CCPGJyPjxicj4KCuOAkOWVhuWTgeS7leanmOOAkTxicj4K4peH5pys5L2TPGJyPgril4/jgrXjgqTjgrrvvIjntITvvInvvJrluYUzOMOX5aWl6KGMMTYuNcOX6auY44GVOS41Y208YnI+CuKXj+mHjemHj++8mue0hDIuMWtnPGJyPgril4/pm7vmupDpm7vlnKfvvJpBQzEwMFbvvIg1MC82MEh677yJPGJyPgril4/mtojosrvpm7vlipvvvJrntIQxMDVXPGJyPgril4/jgrfjg7zjg6vlj6/og73luYXvvJrmnIDlpKcyODBtbTxicj4K4peP6ISx5rCX5Yqb77ya57SENTAwbW1IRzxicj4K4peP5L2/55So5Y+v6IO944Gq6KKL77ya5bCC55So44Ot44O844Or44CB5bCC55So44OR44Km44OBPGJyPgril4/mjqXnnYDpg6jjga7muKnluqbvvJrntIQxMjDihIM8YnI+CuKXj+OCt+ODvOODq+aZgumWk++8muiEseawl++8i+OCt+ODvOODq+aZgu+8j+e0hDEx56eS44CB44K344O844Or44Gu44G/77yP57SEMTHnp5I8YnI+CuKXj+mbu+a6kOOCs+ODvOODieOBrumVt+OBle+8mue0hDEuMm08YnI+CuKXj+S4u+imgeadkOizqu+8mkFCU+aoueiEgjxicj4K4peH5LuY5bGe5ZOBPGJyPgril4/lsILnlKjjg63jg7zjg6vvvIjntITvvInvvJrluYUyOMOX6ZW344GVMzAwY208YnI+CuKXj+WwgueUqOODkeOCpuODge+8iOe0hO+8ie+8muW5hTIww5fplbfjgZUzMGNt77yIM+aemu+8iTxicj4K4peP5Y6f5paZ5qi56ISC77ya44OK44Kk44Ot44Oz44CB44Od44Oq44Ko44OB44Os44OzPGJyPgril4/ogJDlhrfjg7vogJDnhrHmuKnluqbvvJotMzDihIPvvZ4xMDDihIM8YnI+PGJyPgrigLvmlofkuK3jga7jgIznnJ/nqbrjgI3jga/lrozlhajjgarnnJ/nqbrnirbmhYvjga7jgZPjgajjgafjga/jgYLjgorjgb7jgZvjgpPjgII8YnI+CuOAgCBKSVPopo/moLzjgavjgYrjgZHjgovjgIzlpKfmsJflnKfjgojjgorkvY7jgYTlnKflipvjga7msJfkvZPjgafmuoDjgZ/jgZXjgozjgZ/nqbrplpPlhoXjga7nirbmhYvjgI3jgafjgZnjgII8YnI+PGJyPjxicj4KCgo8Yj48Zm9udCBzaXplPSIzIiBjb2xvcj0iI2ZmMzNmZiI+4pag4pah4pag5bCC55So44Ot44O844Or44Gu44G/44KC6LKp5aOy5Lit4pag4pah4pagPC9mb250PjwvYj48YnI+CuKYheW5hTI4Y23Dl+mVt+OBlTMwMGNtPGJyPgrimIXluYUyMGNtw5fplbfjgZUzMDBjbTxicj4K4piF5bmFMjhjbcOX6ZW344GVNjAwY208YnI+CuKYheW5hTIwY23Dl+mVt+OBlTYwMGNtPCEtLQoKPGNlbnRlcj48Zm9udCBzaXplPTUgY29sb3I9cmVkPgo8aW1nIHNyYz0iaHR0cDovL2ltYWdlLnJha3V0ZW4uY28uanAvYmJzdHlsZS9jYWJpbmV0L25pY2VkYXkvY29vbDIwMTJiYW5uZXIuanBnIiBib3JkZXI9MD48YnI+4oaR4oaR4oaR4oaR4oaR4oaR4oaR4oaR4oaR4oaRQ0xJQ0vvvIHvvIHihpHihpHihpHihpHihpHihpHihpHihpHihpHihpE8L2ZvbnQ+PGJyPjxicj4KCjxpbWcgc3JjPSJodHRwOi8vaW1hZ2UucmFrdXRlbi5jby5qcC9iYnN0eWxlL2NhYmluZXQvdG90b3JvMjAxMi5qcGciIGJvcmRlcj0wPgoKPC9jZW50ZXI+CgotLT4=,44CQ6YCB5paZ54Sh5paZ44CR44Ki44Kk44Oq44K544Kq44O844Ok44OeIOecn+epuuS/neWtmOODleODvOODieOCt+ODvOODqeODvCBWUEYtMzg1VO+8muODmeODg+ODieODu+WvneWFt+ODu+mbkeiyqCBC77yGQuOCueOCv+OCpOODqw==,5oqY44KK44Gf44Gf44G/44OZ44OD44OJ44Ki44Kk44Oq44K544Kq44O844Ok44Oe44Ko44Ki44Oq44O844Oe44OD44OI44Os44K544K944OV44Kh44O844OZ44OD44OJT1RCLeODqeODg+OCr+OCouOCpOODquOCueOCquODvOODpOODniDlj47ntI3jgqTjg7zjg6Djgrrjg4HjgqfjgqLjg5Xjg6njg7Pjgrnjg5njg4Pjg4njgqLjg4bjg4Pjgq/jgrkgQVRFWOOBmeOBruOBk+ODmeODg+ODieW4g+Wbo+OCu+ODg+ODiOOCt+ODs+OCsOODq+ODmeODg+ODieWvneWFt+OBteOBqOOCk+ilv+W3neODquODk+ODs+OCsOODluODquODguOCueODiOODs+ODnuODg+ODiOODrOOCuembu+WLleODmeODg+ODieS7i+itt+ODmeODg+ODieOAkOmAgeaWmeeEoeaWmeOAkeOCouOCpOODquOCueOCquODvOODpOODniDnnJ/nqbrkv53lrZjjg5Xjg7zjg4njgrfjg7zjg6njg7wgVlBGLTM4NVQ=,5b2T5bqX5Lq65rCX5ZWG5ZOB776O776f772y776d776EMTDlgI0mYW1wO+eojuaKnDkwMDDlhobku6XkuIros7zlhaXjgafpgIHmlpnnhKHmlpnjgILjgJDpgIHmlpnnhKHmlpnjgJHjgqLjgqTjg6rjgrnjgqrjg7zjg6Tjg54g55yf56m65L+d5a2Y44OV44O844OJ44K344O844Op44O8IFZQRi0zODVU[rn]
9-88279,aHR0cDovL3RzaG9wLnIxMHMuanAva2FndWluL2NhYmluZXQvamlzaGFoaW4zLzUyODAwMy1lLmpwZz9maXRpbj03MDA6NzAw,NTE3MC40MDAw,,44Kt44OD44OB44Oz55So5ZOB44O76aOf5Zmo44O76Kq/55CG5Zmo5YW3ID4g44Gd44Gu5LuW,5pyA5aSnNTAw5YaGT0ZG7724772w776O776f776d6YWN5biD5Lit77yB44Ki44Kk44Oq44K544Kq44O844Ok44OeIOecn+epuuS/neWtmOODleODvOODieOCt+ODvOODqeODvCBWUEYtMzg1VOOAkOKYheOAkQ==,44CQ5LuK44Gg44GR5bqX5YaF5YWo5ZOB6YCB5paZ54Sh5paZISHjgJE=,PGI+PGZvbnQgc2l6ZT0iNCIgY29sb3I9IiNmZjhmMDAiPumuruW6puOCkumVt+OBj+OCreODvOODl+OBl+OAgeevgOe0hO+8huOCqOOCs++8gTwvZm9udD48L2I+PGJyPgrnqbrmsJfjgpLmipzjgYTjgabnnJ/nqbrkv53lrZjjgpLjgZnjgovjgZPjgajjgafpgJrluLjkv53lrZjjgojjgorjgoLpo5/lk4Hjga7prq7luqbjgpLplbfmjIHjgaHjgZXjgZvjgb7jgZnjgII8YnI+CumVt+aZgumWk+OBruS/neWtmOOBjOWPr+iDveOBquOBruOBp+OAgemjn+adkOOCkueEoemnhOOBq+OBl+OBvuOBm+OCk+OAgjxicj48YnI+Cgo8Yj48Zm9udCBzaXplPSI0IiBjb2xvcj0iI2ZmOGYwMCI+44GK44GL44Ga44KS5L2c44KK572u44GN44GX44Gm44GK44GE44GX44GP5pmC55+t77yBPC9mb250PjwvYj48YnI+CuaZgumWk+OBjOOBguOCi+OBqOOBjeOBq+OBn+OBj+OBleOCk+S9nOOBo+OBpuS/neWtmOOBl+OBpuOBiuOBkeOBsOOAgeW/meOBl+OBhOaZguOBruiqv+eQhuOBjOalveOBq+OBquOCiuOBvuOBmeOAgjxicj4K5a+G5bCB44GX44Gf44G+44G+5Ya35YeN44O75Ya36JS15L+d5a2Y44Gn44GN44CB5rmv44Gb44KT44KE6Zu75a2Q44Os44Oz44K444KC5L2/55So5Y+v6IO944Gn44GZ44CCPGJyPjxicj4KCjxiPjxmb250IHNpemU9IjQiIGNvbG9yPSIjZmY4ZjAwIj7jg4vjgqrjgqTnp7vjgorjgarjgZfvvIE8L2ZvbnQ+PC9iPjxicj4K56m65rCX44KS6YCa44GV44Gq44GE5bCC55So44Ot44O844Or44O75bCC55So44K344O844OI44Gn5a+G6ZaJ44GZ44KL44Gu44Gn44CB5LuW44Gu6aOf5ZOB44G444Gu44OL44Kq44Kk56e744KK44KS6Ziy5q2i44GX44G+44GZ44CCPGJyPjxicj4KCuOAkOWVhuWTgeS7leanmOOAkTxicj4K4peH5pys5L2TPGJyPgril4/jgrXjgqTjgrrvvIjntITvvInvvJrluYUzOMOX5aWl6KGMMTYuNcOX6auY44GVOS41Y208YnI+CuKXj+mHjemHj++8mue0hDIuMWtnPGJyPgril4/pm7vmupDpm7vlnKfvvJpBQzEwMFbvvIg1MC82MEh677yJPGJyPgril4/mtojosrvpm7vlipvvvJrntIQxMDVXPGJyPgril4/jgrfjg7zjg6vlj6/og73luYXvvJrmnIDlpKcyODBtbTxicj4K4peP6ISx5rCX5Yqb77ya57SENTAwbW1IRzxicj4K4peP5L2/55So5Y+v6IO944Gq6KKL77ya5bCC55So44Ot44O844Or44CB5bCC55So44OR44Km44OBPGJyPgril4/mjqXnnYDpg6jjga7muKnluqbvvJrntIQxMjDihIM8YnI+CuKXj+OCt+ODvOODq+aZgumWk++8muiEseawl++8i+OCt+ODvOODq+aZgu+8j+e0hDEx56eS44CB44K344O844Or44Gu44G/77yP57SEMTHnp5I8YnI+CuKXj+mbu+a6kOOCs+ODvOODieOBrumVt+OBle+8mue0hDEuMm08YnI+CuKXj+S4u+imgeadkOizqu+8mkFCU+aoueiEgjxicj4K4peH5LuY5bGe5ZOBPGJyPgril4/lsILnlKjjg63jg7zjg6vvvIjntITvvInvvJrluYUyOMOX6ZW344GVMzAwY208YnI+CuKXj+WwgueUqOODkeOCpuODge+8iOe0hO+8ie+8muW5hTIww5fplbfjgZUzMGNt77yIM+aemu+8iTxicj4K4peP5Y6f5paZ5qi56ISC77ya44OK44Kk44Ot44Oz44CB44Od44Oq44Ko44OB44Os44OzPGJyPgril4/ogJDlhrfjg7vogJDnhrHmuKnluqbvvJotMzDihIPvvZ4xMDDihIM8YnI+PGJyPgrigLvmlofkuK3jga7jgIznnJ/nqbrjgI3jga/lrozlhajjgarnnJ/nqbrnirbmhYvjga7jgZPjgajjgafjga/jgYLjgorjgb7jgZvjgpPjgII8YnI+CuOAgCBKSVPopo/moLzjgavjgYrjgZHjgovjgIzlpKfmsJflnKfjgojjgorkvY7jgYTlnKflipvjga7msJfkvZPjgafmuoDjgZ/jgZXjgozjgZ/nqbrplpPlhoXjga7nirbmhYvjgI3jgafjgZnjgII8YnI+PGJyPjxicj4KCgo8Yj48Zm9udCBzaXplPSIzIiBjb2xvcj0iI2ZmMzNmZiI+4pag4pah4pag5bCC55So44Ot44O844Or44Gu44G/44KC6LKp5aOy5Lit4pag4pah4pagPC9mb250PjwvYj48YnI+CuKYheW5hTI4Y23Dl+mVt+OBlTMwMGNtPGJyPgrimIXluYUyMGNtw5fplbfjgZUzMDBjbTxicj4K4piF5bmFMjhjbcOX6ZW344GVNjAwY208YnI+CuKYheW5hTIwY23Dl+mVt+OBlTYwMGNtPGNlbnRlcj4KCjwhLS0gPGJyPjxicj4KCjxjZW50ZXI+Cgo8aW1nIFNyYz0iaHR0cDovL2ltYWdlLnJha3V0ZW4uY28uanAva2FndWluL2NhYmluZXQva291a29rdS8wNDI2LTEuanBnIiBCb3JkZXI9IjAiPjxicj48YnI+Cgo8aW1nIFNyYz0iaHR0cDovL2ltYWdlLnJha3V0ZW4uY28uanAva2FndWluL2NhYmluZXQva291a29rdS8wMzAzMDIuanBnIiBCb3JkZXI9IjAiPjxicj48YnI+CgoKPGltZyBTcmM9Imh0dHA6Ly9pbWFnZS5yYWt1dGVuLmNvLmpwL2thZ3Vpbi9jYWJpbmV0L2tvdWtva3UvY3JhcmQwNzI2LmdpZiIgQm9yZGVyPSIwIj48YnI+PGJyPgoKPGltZyBTcmM9Imh0dHA6Ly9pbWFnZS5yYWt1dGVuLmNvLmpwL2thZ3Vpbi9jYWJpbmV0L2tvdWtva3UvZmFjZWJvb2sta2FndWluLmpwZyIgQm9yZGVyPSIwIj4KPC9jZW50ZXI+PGJyPjxicj4KCgo8Y2VudGVyPjxiPjxmb250IGNvbG9yPW9yYW5nZT48Zm9udCBzaXplPTM+PEI+4oaT44Oh44O844Kr44O85buD55uk44Gu54m55L6h5ZOB44KS5aSn5pS+5Ye64oaTPC9CPjwvZm9udD48YnI+CjxpbWcgU3JjPSJodHRwOi8vaW1hZ2UucmFrdXRlbi5jby5qcC9rYWd1aW4vY2FiaW5ldC9nZWtpeWFzdXRva2thLzIwMTJzcHJpbmcuanBnIiBCb3JkZXI9IjAiPjwvY2VudGVyPjxicj48YnI+Cgo8Y2VudGVyPjxmb250IHNpemU9IjUiIGNvbG9yPSJyZWQiPjxiPuiho+abv+OBiOWPjue0jeOBq+OCquOCueOCueODoe+8ge+8gTxicj7jgZPjga7nibnpm4bjgaflj47ntI3jgpLjgYrosrfjgYTlvpfjgatHRVTjgZfjgaHjgoPjgYrjgYbimao8L2I+PC9mb250Pjxicj48SW1nIFNyYz0iaHR0cDovL2ltYWdlLnJha3V0ZW4uY28uanAva2FndWluL2NhYmluZXQvZXZlbnRfd2ViLzEyMDkxMHN5dXVub3UvNDIzMTc1Ym4uanBnIiBCb3JkZXI9IjAiPjwvY2VudGVyPjxicj48YnI+PGJyPiAtLT4KCgo8IS0tPGJyPjxicj4tLT4=,5pyA5aSnNTAw5YaGT0ZG7724772w776O776f776d6YWN5biD5Lit77yB44Ki44Kk44Oq44K544Kq44O844Ok44OeIOecn+epuuS/neWtmOODleODvOODieOCt+ODvOODqeODvCBWUEYtMzg1VOOAkOKYheOAke+8muWutuWFt+OCpOODs+ODhuODquOCoumkqA==,44K944OV44Kh44Op44Kw44Kr44O844Oa44OD44OI5biD5Zuj5a625YW344GT44Gf44Gk5biD5Zuj5pys5qOa44Kr44Op44O844Oc44OD44Kv44K544Oh44K/44Or44Op44OD44Kv5a+d5YW377yFT0ZG44K944OV44Kh44OZ44OD44OI5bqn5qSF5a2QSEfjg4Hjgqfjgrnjg4hUVuWPsOODhuODrOODk+WPsOODmeODg+ODieODr+ODvOODieODreODvOODluODnuODg+ODiOODrOOCueacgOWkpzUwMOWGhk9GRu+9uO+9sO++ju++n+++nemFjeW4g+S4re+8geOCouOCpOODquOCueOCquODvOODpOODniDnnJ/nqbrkv53lrZjjg5Xjg7zjg4njgrfjg7zjg6njg7wgVlBGLTM4NVTjgJDimIXjgJE=,44CQ5LuK44Gg44GR5bqX5YaF5YWo5ZOB6YCB5paZ54Sh5paZISHjgJHjgILmnIDlpKc1MDDlhoZPRkbvvbjvvbDvvo7vvp/vvp3phY3luIPkuK3vvIHjgqLjgqTjg6rjgrnjgqrjg7zjg6Tjg54g55yf56m65L+d5a2Y44OV44O844OJ44K344O844Op44O8IFZQRi0zODVU44CQ4piF44CR[rn]
9-88280,aHR0cDovL3RzaG9wLnIxMHMuanAvZ2VraXlhc3VrYWd1eWEvY2FiaW5ldC9raXRjaGVuL3oxNTAxMTl1ZDE0MDFnLmpwZz9maXRpbj03MDA6NzAw,MTE4NC4wMDAw,,44Kt44OD44OB44Oz55So5ZOB44O76aOf5Zmo44O76Kq/55CG5Zmo5YW3ID4g44Gd44Gu5LuW,44CQ44GK5b6X44Gq44Kv44O844Od44Oz55m66KGM5Lit44CRIOODkeODs+ODgCDjgrDjg4Pjgrog44Kt44Oj44Op5byBIOOBiuOBq+OBjuOCiiDjga7jgorjg5Hjg7Pjg4Eg44GK44Gr44GO44KK44Kw44OD44K6IOmAgeaWmeeEoeaWmSDjgq3jg4Pjg4Hjg7PnlKjlk4Eg44GK5byB5b2TIOeri+S9kyDjgYrjgoDjgZnjgbMg5rW36IuUIOOBruOCiiDjgqLjg6zjg7Pjgrgg5Yid5b+D6ICFIOewoeWNmCDooYzmpb0g6YGg6LazIOmBi+WLleS8miDjg5Tjgq/jg4vjg4Pjgq8g44GK6Iqx6KaLIOODh+ODvOODiCDlrZDkvpsg44Kt44OD44K6IOWFpeWckiDjgYvjgo/jgYTjgYQg44GK44GX44KD44KM,44OR44Oz44OAIOOCsOODg+OCuiDjgq3jg6Pjg6nlvIEg44GK44Gr44GO44KKIOOBruOCiuODkeODs+ODgSDnsKHljZgg6YCB5paZ54Sh5paZ,PGRpdiBjbGFzcz0icXJfb3V0Ij48aW1nIHNyYz0iaHR0cHM6Ly93d3cucmFrdXRlbi5uZS5qcC9nb2xkL2dla2l5YXN1a2FndXlhL3FyL2tldDE0MDAyMi5naWYiIGJvcmRlcj0iMCIgd2lkdGg9IjEwOCIgaGVpZ2h0PSIxMDgiIGNsYXNzPSJxcl9pbWciPjwvZGl2Pjxicj48YnI+Cgo8dGFibGUgd2lkdGg9IjMzMCIgY2VsbHBhZGRpbmc9IjMiIGJnY29sb3I9IiM4MDgwODAiIGJvcmRlcj0iMSIgY2VsbHNwYWNpbmc9IjAiIGNsYXNzPSJ0YmxfY2xzIj4KPHRib2R5Pgo8dHIgYmdjb2xvcj0iI2ZmZmZmZiI+Cjx0ZCBiZ2NvbG9yPSIjZmY2NjAwIj48Zm9udCBjb2xvcj0iI2ZmZmZmZiI+4pag5ZWG5ZOB44Gr44Gk44GE44GmPC9mb250PjwvdGQ+CjwvdHI+Cjx0cj4KPHRkIGFsaWduPSJsZWZ0IiBiZ2NvbG9yPSIjZmZmZmZmIj7jgb7jgYHvvZ7jgovjgYTjgYrpoZTjgYzjgYvjgo/jgYTjgYTvvIE8YnI+Cjxicj4K6ZaL44GR44Gf556s6ZaT44CB56yR6aGU44Gr44Gq44KM44KL44OR44Oz44OA44GK44Gr44GO44KK44CC55So5oSP44GZ44KL44Gu44Gv44GU6aOv44Go5rW36IuU44Gg44GR77yBPGJyPgrlsI/jgZXjgarjgYrlrZDmp5jjgafjgoLpo5/jgbnjgoTjgZnjgYTkuIDlj6PjgrXjgqTjgrrjga7jgYvjgo/jgYTjgZXvvIHnsKHljZjjg7vmiYvml6njgY/kvZzjgozjgaHjgoPjgYbjga7jgafjgIHlv5njgZfjgYTjg57jg57jgoLlpKfliqnjgYvjgorimao8YnI+CuOCreODo+ODqeW8geWIneW/g+iAheOBruaWueOAgeOBhOOBpOOCguOBruOBiuW8geW9k+OBq+ODnuODs+ODjeODquWMluOBl+OBpuOBjeOBn+aWueOAgeOBiuWtkOanmOOBqOS4gOe3kuOBq+OBiuaWmeeQhuOBq+aMkeaIpuOBl+OBn+OBhOaWueOAgeiJsuOCk+OBquaWueOBq+OCquOCueOCueODoeOBp+OBme+8gTxicj4KPGJyPgrigLvpo5/lmajmtJfjgYTmqZ/jg7vkub7nh6XmqZ/jg7vjgq3jg4Pjg4Hjg7PnlKjmvILnmb3liaTjg7vpm7vlrZDjg6zjg7Pjgrjjgavjga/jgZTkvb/nlKjjgafjgY3jgb7jgZvjgpPjgII8L3RkPgo8L3RyPgo8dHI+Cjx0ZCBiZ2NvbG9yPSIjZmY2NjAwIj48Zm9udCBjb2xvcj0iI2ZmZmZmZiI+4pag5ZWG5ZOB5LuV5qeY77yI5p2Q6LOq77yJPC9mb250PjwvdGQ+CjwvdHI+Cjx0cj4KPHRkIGJnY29sb3I9IiNmZmZmZmYiPuKWoOadkOizqu+8mjxicj4K44GK44Gr44GO44KK5Z6L77ya44Od44Oq44OX44Ot44OU44Os44Oz77yI6ICQ54ax5rip5bqmMTIw4oSD77yJPGJyPgrmtbfoi5Tjg5Hjg7Pjg4HvvJpBQlPmqLnohILjg7vkupzpiZs8YnI+CuKWoOWAi+WPo+aVsO+8mjE8L3RkPgo8L3RyPgo8dHI+Cjx0ZCBiZ2NvbG9yPSIjZmY2NjAwIj48Zm9udCBjb2xvcj0iI2ZmZmZmZiI+4pag5ZWG5ZOB44K144Kk44K677yI5Y2Y5L2N77ya57SEbW3vvIk8L2ZvbnQ+PC90ZD4KPC90cj4KPHRyPgo8dGQgYmdjb2xvcj0iI2ZmZmZmZiI+4pag5ZWG5ZOB5aSW5a+477yaPGJyPgrjgYrjgavjgY7jgorlnovvvJrluYU2NcOX5aWl6KGMMTQ1w5fpq5jjgZU0MDxicj4K5rW36IuU44OR44Oz44OB77ya5bmFNTXDl+WlpeihjDYww5fpq5jjgZU0MDxicj4KPGJyPgrilqDllYblk4Hph43ph4/vvJo8YnI+CuOBiuOBq+OBjuOCiuWei++8mue0hDMwZzxicj4K5rW36IuU44OR44Oz44OB77ya57SEMTY1Zzxicj4KPGJyPgrilqDmorHljIXjgrXjgqTjgrrvvJrluYUxNTDDl+WlpeihjDQ1w5fpq5jjgZUyMzA8YnI+CuKWoOaiseWMhemHjemHj++8mue0hDI0MGc8YnI+Cjxicj4K4oC744K144Kk44K644Gu6Kqk5beu44Gv5aSa5bCR55m655Sf44GX44G+44GZ44CC44GU5LqG5om/5LiL44GV44GE44CCPC90ZD4KPC90cj4KCjx0cj4KPHRkIGJnY29sb3I9IiNmZjY2MDAiPjxmb250IGNvbG9yPSIjZmZmZmZmIj7ilqDpgIHmlpk8L2ZvbnQ+PC90ZD48L3RyPgo8dHI+Cjx0ZCBiZ2NvbG9yPSIjZmZmZmZmIj48Zm9udCBjb2xvcj0iI2ZmMDAwMCI+PGI+6YCB5paZ54Sh5paZPC9iPjwvZm9udD48YnI+CijljJfmtbfpgZPjg7vmspbnuITjg7vkuIDpg6jpm6Lls7bjga/liKXpgJTpgIHmlpnjgpLpoILmiLTjgYTjgZ/jgZfjgb7jgZnjgIIpPGJyPgrmspbnuITjg7vpm6Lls7bjgbjjga7pgIHmlpnjga/jgYrllY/jgYTlkIjjgo/jgZvkuIvjgZXjgYTjgIIKPC90ZD4KPC90cj4KPHRyPgo8dGQgYmdjb2xvcj0iI2ZmNjYwMCI+PGZvbnQgY29sb3I9IiNmZmZmZmYiPuKWoOe1hOOBv+eri+OBpjwvZm9udD48L3RkPjwvdHI+Cjx0cj4KPHRkIGJnY29sb3I9IiNmZmZmZmYiPuWujOaIkOWTgTwvdGQ+CjwvdHI+Cjx0cj4KPHRkIGJnY29sb3I9IiNmZjY2MDAiPjxmb250IGNvbG9yPSIjZmZmZmZmIj7ilqDmsbrmuIjmlrnms5U8L2ZvbnQ+PC90ZD48L3RyPgo8dHI+Cjx0ZCBiZ2NvbG9yPSIjZmZmZmZmIj7pioDooYzmjK/ovrw8YnI+CuOCr+ODrOOCuOODg+ODiOOCq+ODvOODiTxicj4K5Luj6YeR5byV5o+bPGJyPgrjgrPjg7Pjg5Pjg4vmsbrmuIg8YnI+CmF144GL44KT44Gf44KT5rG65riIPGJyPgrmpb3lpKlFZHnmsbrmuIg8YnI+Cuips+e0sOOBr+OBk+OBoeOCiQo8L3RkPgo8L3RyPgo8L3Rib2R5Pgo8L3RhYmxlPgoKPHNwYW4gY2xhc3M9ImthbnJlbiI+PGI+6Zai6YCj44Kt44O844Ov44O844OJPC9iPuODkeODs+ODgCDjgrDjg4Pjgrog44Kt44Oj44Op5byBIOOBiuOBq+OBjuOCiiDjga7jgorjg5Hjg7Pjg4Eg44GK44Gr44GO44KK44Kw44OD44K6IOOCreODg+ODgeODs+eUqOWTgSDjgYrlvIHlvZMg56uL5L2TIOOBiuOCgOOBmeOBsyDmtbfoi5Qg44Gu44KKIOOCouODrOODs+OCuCDliJ3lv4PogIUg57Ch5Y2YIOihjOalvSDpgaDotrMg6YGL5YuV5LyaIOODlOOCr+ODi+ODg+OCryDjgYroirHoposg44OH44O844OIIOWtkOS+myDjgq3jg4Pjgrog5YWl5ZySIOOBi+OCj+OBhOOBhCDjgYrjgZfjgoPjgowg44OH44Kz5byBIOOBiuW8geW9k+OCsOODg+OCuiDlnovmipzjgY0g44GL44Gf44Gs44GNIOaKnOOBjeWeiyDjgZTjga/jgpMg5Z6LIOaKnOOBjSDkvr/liKkg44GK5Yqp44GRIOOCreODpeODvOODiCDjgq3jg4Pjg4Hjg7Mg5L6/5Yip44Kw44OD44K6IOWckuWFkCDlrZDjganjgoIg44Ki44Kk44OH44Ki44Kw44OD44K6IOWLleeJqSDmj6Hjgorpo68g5omL5L2c44KKIOWFpeWtpiDpgIHmlpnnhKHmlpkg6YCB5paZ6L6844G/PC9zcGFuPjwhLS3ilqDlhbHpgJroqqzmmI7mloco5aSnKTgwMHB4LS0+Cgo8IS0tLy/lhbHpgJroqqzmmI7mloco5aSnKTgwMHB4LS0+Cgo8ZGl2IHN0eWxlPSI4MDAiPgoKPGltZyBzcmM9Imh0dHBzOi8vaW1hZ2UucmFrdXRlbi5jby5qcC9nZWtpeWFzdWthZ3V5YS9jYWJpbmV0L2JuL2FiY2QuanBnIiBib3JkZXI9IjAiPjxicj4KCjwvZGl2Pg==,44CQ44GK5b6X44Gq44Kv44O844Od44Oz55m66KGM5Lit44CRIOODkeODs+ODgCDjgrDjg4Pjgrog44Kt44Oj44Op5byBIOOBiuOBq+OBjuOCiiDjga7jgorjg5Hjg7Pjg4Eg44GK44Gr44GO44KK44Kw44OD44K6IOmAgeaWmeeEoeaWmSDjgq3jg4Pjg4Hjg7PnlKjlk4Eg44GK5byB5b2TIOeri+S9kyDjgYrjgoDjgZnjgbMg5rW36IuUIOOBruOCiiDjgqLjg6zjg7Pjgrgg5Yid5b+D6ICFIOewoeWNmCDooYzmpb0g6YGg6LazIOmBi+WLleS8miDjg5Tjgq/jg4vjg4Pjgq8g44GK6Iqx6KaLIOODh+ODvOODiCDlrZDkvpsg44Kt44OD44K6IOWFpeWckiDjgYvjgo/jgYTjgYQg44GK44GX44KD44KM77ya5a625YW344Oh44O844Kr44O855u06LKp5bqX44CA44Ky44Kt44Kr44Kw,5r+A5a6J5a625YW344Ki44Km44OI44Os44OD44OI5a625YW344OR44K944Kz44Oz44OH44K544Kv5Y+O57SN5a625YW357WE44G/56uL44Gm5a625YW3Q0Tjg6njg4Pjgq/jg5Pjg4fjgqrjg6njg4Pjgq/lo4HpnaLlj47ntI3jgZnjgY3plpPlj47ntI3jgq3jg4Pjg4Hjg7Plj47ntI3nhafmmI7liIbliKXjgrTjg5/nrrHjgrXjg4vjgr/jg6rjg7zmiYfpoqjmqZ/jgrfjg6Xjg7zjgrrjg5zjg4Pjgq/jgrnkuIvpp4TnrrHjgr3jg5XjgqHjgZnjgY3plpPjg6njg4Pjgq/jgqTjg7Pjg4bjg6rjgqLjg4Djgrnjg4jjg5zjg4Pjgq/jgrnjgJDjgYrlvpfjgarjgq/jg7zjg53jg7PnmbrooYzkuK3jgJEg44OR44Oz44OAIOOCsOODg+OCuiDjgq3jg6Pjg6nlvIEg44GK44Gr44GO44KKIOOBruOCiuODkeODs+ODgSDjgYrjgavjgY7jgorjgrDjg4Pjgrog6YCB5paZ54Sh5paZIOOCreODg+ODgeODs+eUqOWTgSDjgYrlvIHlvZMg56uL5L2TIOOBiuOCgOOBmeOBsyDmtbfoi5Qg44Gu44KKIOOCouODrOODs+OCuCDliJ3lv4PogIUg57Ch5Y2YIOihjOalvSDpgaDotrMg6YGL5YuV5LyaIOODlOOCr+ODi+ODg+OCryDjgYroirHoposg44OH44O844OIIOWtkOS+myDjgq3jg4Pjgrog5YWl5ZySIOOBi+OCj+OBhOOBhCDjgYrjgZfjgoPjgow=,44OR44Oz44OAIOOCsOODg+OCuiDjgq3jg6Pjg6nlvIEg44GK44Gr44GO44KKIOOBruOCiuODkeODs+ODgSDnsKHljZgg6YCB5paZ54Sh5paZ44CC44CQ44GK5b6X44Gq44Kv44O844Od44Oz55m66KGM5Lit44CRIOODkeODs+ODgCDjgrDjg4Pjgrog44Kt44Oj44Op5byBIOOBiuOBq+OBjuOCiiDjga7jgorjg5Hjg7Pjg4Eg44GK44Gr44GO44KK44Kw44OD44K6IOmAgeaWmeeEoeaWmSDjgq3jg4Pjg4Hjg7PnlKjlk4Eg44GK5byB5b2TIOeri+S9kyDjgYrjgoDjgZnjgbMg5rW36IuUIOOBruOCiiDjgqLjg6zjg7Pjgrgg5Yid5b+D6ICFIOewoeWNmCDooYzmpb0g6YGg6LazIOmBi+WLleS8miDjg5Tjgq/jg4vjg4Pjgq8g44GK6Iqx6KaLIOODh+ODvOODiCDlrZDkvpsg44Kt44OD44K6IOWFpeWckiDjgYvjgo/jgYTjgYQg44GK44GX44KD44KM[rn]
9-88281,aHR0cDovL3RzaG9wLnIxMHMuanAva2FkZW5yYW5kL2NhYmluZXQvamlzaGFoaW4zLzUyODAwMy1lLmpwZz9maXRpbj03MDA6NzAw,NTE3MC40MDAw,,44Kt44OD44OB44Oz55So5ZOB44O76aOf5Zmo44O76Kq/55CG5Zmo5YW3ID4g44Gd44Gu5LuW,44CQ44Ki44Km44OI44Os44OD44OI44CR44Ki44Kk44Oq44K544Kq44O844Ok44OeIOecn+epuuS/neWtmOODleODvOODieOCt+ODvOODqeODvCBWUEYtMzg1VOODleODvOODieOCt+ODvOODqeODvCDjgqLjgqTjg6rjgrnjgJBSQ1DjgJHjgJDpgIHmlpnnhKHmlpnjgJE=,44OV44O844OJ44K344O844Op44O8IOOCouOCpOODquOCuQ==,PGI+PGZvbnQgc2l6ZT0iNCIgY29sb3I9IiNmZjhmMDAiPumuruW6puOCkumVt+OBj+OCreODvOODl+OBl+OAgeevgOe0hO+8huOCqOOCs++8gTwvZm9udD48L2I+PGJyPgrnqbrmsJfjgpLmipzjgYTjgabnnJ/nqbrkv53lrZjjgpLjgZnjgovjgZPjgajjgafpgJrluLjkv53lrZjjgojjgorjgoLpo5/lk4Hjga7prq7luqbjgpLplbfmjIHjgaHjgZXjgZvjgb7jgZnjgII8YnI+CumVt+aZgumWk+OBruS/neWtmOOBjOWPr+iDveOBquOBruOBp+OAgemjn+adkOOCkueEoemnhOOBq+OBl+OBvuOBm+OCk+OAgjxicj48YnI+Cgo8Yj48Zm9udCBzaXplPSI0IiBjb2xvcj0iI2ZmOGYwMCI+44GK44GL44Ga44KS5L2c44KK572u44GN44GX44Gm44GK44GE44GX44GP5pmC55+t77yBPC9mb250PjwvYj48YnI+CuaZgumWk+OBjOOBguOCi+OBqOOBjeOBq+OBn+OBj+OBleOCk+S9nOOBo+OBpuS/neWtmOOBl+OBpuOBiuOBkeOBsOOAgeW/meOBl+OBhOaZguOBruiqv+eQhuOBjOalveOBq+OBquOCiuOBvuOBmeOAgjxicj4K5a+G5bCB44GX44Gf44G+44G+5Ya35YeN44O75Ya36JS15L+d5a2Y44Gn44GN44CB5rmv44Gb44KT44KE6Zu75a2Q44Os44Oz44K444KC5L2/55So5Y+v6IO944Gn44GZ44CCPGJyPjxicj4KCjxiPjxmb250IHNpemU9IjQiIGNvbG9yPSIjZmY4ZjAwIj7jg4vjgqrjgqTnp7vjgorjgarjgZfvvIE8L2ZvbnQ+PC9iPjxicj4K56m65rCX44KS6YCa44GV44Gq44GE5bCC55So44Ot44O844Or44O75bCC55So44K344O844OI44Gn5a+G6ZaJ44GZ44KL44Gu44Gn44CB5LuW44Gu6aOf5ZOB44G444Gu44OL44Kq44Kk56e744KK44KS6Ziy5q2i44GX44G+44GZ44CCPGJyPjxicj4KCuOAkOWVhuWTgeS7leanmOOAkTxicj4K4peH5pys5L2TPGJyPgril4/jgrXjgqTjgrrvvIjntITvvInvvJrluYUzOMOX5aWl6KGMMTYuNcOX6auY44GVOS41Y208YnI+CuKXj+mHjemHj++8mue0hDIuMWtnPGJyPgril4/pm7vmupDpm7vlnKfvvJpBQzEwMFbvvIg1MC82MEh677yJPGJyPgril4/mtojosrvpm7vlipvvvJrntIQxMDVXPGJyPgril4/jgrfjg7zjg6vlj6/og73luYXvvJrmnIDlpKcyODBtbTxicj4K4peP6ISx5rCX5Yqb77ya57SENTAwbW1IRzxicj4K4peP5L2/55So5Y+v6IO944Gq6KKL77ya5bCC55So44Ot44O844Or44CB5bCC55So44OR44Km44OBPGJyPgril4/mjqXnnYDpg6jjga7muKnluqbvvJrntIQxMjDihIM8YnI+CuKXj+OCt+ODvOODq+aZgumWk++8muiEseawl++8i+OCt+ODvOODq+aZgu+8j+e0hDEx56eS44CB44K344O844Or44Gu44G/77yP57SEMTHnp5I8YnI+CuKXj+mbu+a6kOOCs+ODvOODieOBrumVt+OBle+8mue0hDEuMm08YnI+CuKXj+S4u+imgeadkOizqu+8mkFCU+aoueiEgjxicj4K4peH5LuY5bGe5ZOBPGJyPgril4/lsILnlKjjg63jg7zjg6vvvIjntITvvInvvJrluYUyOMOX6ZW344GVMzAwY208YnI+CuKXj+WwgueUqOODkeOCpuODge+8iOe0hO+8ie+8muW5hTIww5fplbfjgZUzMGNt77yIM+aemu+8iTxicj4K4peP5Y6f5paZ5qi56ISC77ya44OK44Kk44Ot44Oz44CB44Od44Oq44Ko44OB44Os44OzPGJyPgril4/ogJDlhrfjg7vogJDnhrHmuKnluqbvvJotMzDihIPvvZ4xMDDihIM8YnI+PGJyPgrigLvmlofkuK3jga7jgIznnJ/nqbrjgI3jga/lrozlhajjgarnnJ/nqbrnirbmhYvjga7jgZPjgajjgafjga/jgYLjgorjgb7jgZvjgpPjgII8YnI+CuOAgCBKSVPopo/moLzjgavjgYrjgZHjgovjgIzlpKfmsJflnKfjgojjgorkvY7jgYTlnKflipvjga7msJfkvZPjgafmuoDjgZ/jgZXjgozjgZ/nqbrplpPlhoXjga7nirbmhYvjgI3jgafjgZnjgII8YnI+PGJyPjxicj4KCgo8Yj48Zm9udCBzaXplPSIzIiBjb2xvcj0iI2ZmMzNmZiI+4pag4pah4pag5bCC55So44Ot44O844Or44Gu44G/44KC6LKp5aOy5Lit4pag4pah4pagPC9mb250PjwvYj48YnI+CuKYheW5hTI4Y23Dl+mVt+OBlTMwMGNtPGJyPgrimIXluYUyMGNtw5fplbfjgZUzMDBjbTxicj4K4piF5bmFMjhjbcOX6ZW344GVNjAwY208YnI+CuKYheW5hTIwY23Dl+mVt+OBlTYwMGNtPCEtLQo8Zm9udCBzaXplPTMgY29sb3I9cmVkPjxiPuOAkOW5tOacq+W5tOWni+OBruOBlOazqOaWh+ODu+OBiuWVj+OBhOWQiOOCj+OBm+OBq+mWouOBmeOCi+OBiuefpeOCieOBm+OAkTxicj48YnI+PC9mb250PgogCuKJquOBlOazqOaWh+OBq+OBpOOBhOOBpuKJqzxicj4K44Kk44Oz44K/44O844ON44OD44OI44GL44KJ44Gu44GU5rOo5paH44Gv5bm05Lit54Sh5LyR44Gn5om/44Gj44Gm44GK44KK44G+44GZ44CCPGJyPgoxMuaciDI35pelKOacqCkxNuaZguS7pemZjeOBq+OBhOOBn+OBoOOBhOOBn+OBlOazqOaWh+OBr+OAgTxicj4KMeaciDfml6Uo5pyIKeS7pemZjeOBq+mghuasoeOBlOWvvuW/nOOBleOBm+OBpumgguOBjeOBvuOBmeOAgjxicj4K44Gq44GK44CB5Zyo5bqr54q25rOB44Gr44KI44Gj44Gm44Gv44CB5ZWG5ZOB55m66YCB44G+44Gn44Gr44GK5pmC6ZaT44KS6aCC44GP5aC05ZCI44GM44GU44GW44GE44G+44GZ44CCPGJyPgrkuojjgoHjgZTnkIbop6Pjga7nqIvjgIHlrpzjgZfjgY/jgYrpoZjjgYTnlLPjgZfkuIrjgZLjgb7jgZnjgII8YnI+PGJyPgriiarjg6Hjg7zjg6vjgafjga7jgYrllY/lkIjjgZvjgavjgaTjgYTjgabiias8YnI+CjEy5pyIMjjml6Uo6YeRKTE25pmC5Lul6ZmN44Gu44GK5ZWP44GE5ZCI44KP44Gb44Gr44Gk44GE44Gm44Gv44CBPGJyPgox5pyIN+aXpSjmnIgp44KI44KK44CB6aCG5qyh44GU5a++5b+c44GV44Gb44Gm44GE44Gf44Gg44GN44G+44GZ44GMPGJyPgrlubTmnKvlubTlp4vjga/ku5XlhaXlhYjjgYzkvJHmpa3jga7ngrrjgIE8YnI+CuOBiuWVj+OBhOWQiOOCj+OBm+WGheWuueOBq+OCiOOCiui/lOS/oeOBvuOBp+OBq+OBiuaZgumWk+OCkuOBhOOBn+OBoOOBj+WgtOWQiOOBjOOBlOOBluOBhOOBvuOBmeOAgjxicj7kvZXljZLjgZTlrrnotabjgY/jgaDjgZXjgYTjgb7jgZnjgojjgYbjgYrpoZjjgYTnlLPjgZfjgYLjgZLjgb7jgZnjgII8YnI+PGJyPgogCuKJquOBiumbu+ipseOBp+OBruOBiuWVj+WQiOOBm+OBq+OBpOOBhOOBpuKJqwo8YnI+5oGQ44KM5YWl44KK44G+44GZ44GM44CBMTLmnIgyOOaXpSjph5Ep772eMeaciDbml6Uo5pelKeOBvuOBp+OBiuS8keOBv+OBleOBm+OBpumgguOBjeOBvuOBmeOAgjxicj48YnI+CiAKPC9iPgogIAoKCgoKCgo8ZGl2IGFsaWduPSJjZW50ZXIiPjxmb250IHN0eWxlPSIgZm9udC1zaXplOiAxNnB4OyBmb250LXdlaWdodDpib2xkOyBjb2xvcjojRkY2NjAwOyI+5qW95aSp44Op44Oz44Kt44Oz44Kw5bi46YCj77yB44Gn44KT44Gn44KT44Gu5Lq65rCX44Ki44Kk44OG44OgPC9mb250Pjxicj4KICA8dGFibGUgY2VsbHBhZGRpbmc9IjUiIGNlbGxzcGFjaW5nPSI0IiBiZ2NvbG9yPSIjRjA4MDgwIiBzdHlsZT0iZm9udC13ZWlnaHQ6Ym9sZDsiPgogICAgPHRyIGFsaWduPSJjZW50ZXIiPgogICAgICA8dGQgYmdjb2xvcj0iI2ZmZmZmZiI+IDxpbWcgc3JjPWh0dHA6Ly9pbWFnZS5yYWt1dGVuLmNvLmpwL2thZGVucmFuZC9jYWJpbmV0L2ppc2hhaGluLzU2MjAzMi0xLmpwZyBib3JkZXI9MCB3aWR0aD0xMzA+PGJyPgogICAgICAgIDxmb250IGNvbG9yPSJyZWQiPjEsOTgw5YaGPC9mb250Pjxicj4KICAgICAgICDjgJDpm7vmsJfjgrHjg4jjg6vjgJE8L3RkPgogICAgICA8dGQgYmdjb2xvcj0iI2ZmZmZmZiI+IDxpbWcgc3JjPWh0dHA6Ly9pbWFnZS5yYWt1dGVuLmNvLmpwL2thZGVucmFuZC9jYWJpbmV0L2ppc2FrdS81NjA1OTUuanBnIGJvcmRlcj0wIHdpZHRoPTEzNT48YnI+CiAgICAgICAgPGZvbnQgY29sb3I9InJlZCI+MSw5ODDlhoY8L2ZvbnQ+PGJyPgogICAgICAgIOOAkDJXQVnjg5fjg6zjg7zjg4jjgJE8L3RkPgogICAgICA8dGQgYmdjb2xvcj0iI2ZmZmZmZiI+IDxpbWcgc3JjPWh0dHA6Ly9pbWFnZS5yYWt1dGVuLmNvLmpwL2thZGVucmFuZC9jYWJpbmV0L2ppc2FrdS9tYXJ1dGkuanBnIGJvcmRlcj0wIHdpZHRoPTEzNT48YnI+CiAgICAgICAgPGZvbnQgY29sb3I9InJlZCI+Miw3ODDlhoY8L2ZvbnQ+PGJyPgogICAgICAgIOOAkOODnuODq+ODgeOCr+ODg+OCq+ODvOOAkTwvdGQ+CiAgICAgIDx0ZCBiZ2NvbG9yPSIjZmZmZmZmIj4gPGltZyBzcmM9aHR0cDovL2ltYWdlLnJha3V0ZW4uY28uanAva2FkZW5yYW5kL2NhYmluZXQvamlzaGFoaW4vNTYwNjcwLmpwZyBib3JkZXI9MCB3aWR0aD0xMzU+PGJyPgogICAgICAgIDxmb250IGNvbG9yPSJyZWQiPjQsNjgw5YaGPC9mb250Pjxicj4KICAgICAgICDjgJDluoPjgIXjg4jjg7zjgrnjgr/jg7zjgJE8L3RkPgogICAgICA8dGQgYmdjb2xvcj0iI2ZmZmZmZiI+IDxpbWcgc3JjPWh0dHA6Ly9pbWFnZS5yYWt1dGVuLmNvLmpwL2thZGVucmFuZC9jYWJpbmV0L2ppc2hhaGluLzU2MDA4Mi1qLmpwZyBib3JkZXI9MCB3aWR0aD0xMzU+PGJyPgogICAgICAgIDxmb250IGNvbG9yPSJyZWQiPjUsNjgw5YaGPC9mb250Pjxicj4KICAgICAgICDjgJDjgrfjg7Pjg5fjg6vjg6zjg7PjgrjjgJE8L3RkPgogICAgPC90cj4KICAgIDx0ciBhbGlnbj0iY2VudGVyIj4KICAgICAgPHRkIGJnY29sb3I9IiNmZmZmZmYiPiA8aW1nIHNyYz1odHRwOi8vaW1hZ2UucmFrdXRlbi5jby5qcC9rYWRlbnJhbmQvY2FiaW5ldC9qaXNha3UvNTMwMDQ3LTEuanBnIGJvcmRlcj0wIHdpZHRoPTEzMD48YnI+CiAgICAgICAgPGZvbnQgY29sb3I9InJlZCI+MTUsODAw5YaG772ePC9mb250Pjxicj4KICAgICAgICDjgJDpmaTmub/mqZ/jgJE8L3RkPgogICAgICA8dGQgYmdjb2xvcj0iI2ZmZmZmZiI+IDxpbWcgc3JjPWh0dHA6Ly9pbWFnZS5yYWt1dGVuLmNvLmpwL2thZGVucmFuZC9jYWJpbmV0L2ppc2hhaGluLzUzMDA0NC1lLmpwZyBib3JkZXI9MCB3aWR0aD0xMzU+PGJyPgogICAgICAgIDxmb250IGNvbG9yPSJyZWQiPjQsMTgw5YaGPC9mb250Pjxicj4KICAgICAgICDjgJDluIPlm6Pkub7nh6XmqZ/jgJE8L3RkPgogICAgICA8dGQgYmdjb2xvcj0iI2ZmZmZmZiI+IDxpbWcgc3JjPWh0dHA6Ly9pbWFnZS5yYWt1dGVuLmNvLmpwL2thZGVucmFuZC9jYWJpbmV0L2ppc2hhaGluLzU2MDgyOC1qLmpwZyBib3JkZXI9MCB3aWR0aD0xMzU+PGJyPgogICAgICAgIDxmb250IGNvbG9yPSJyZWQiPjE4LDkwMOWGhjwvZm9udD48YnI+CiAgICAgICAg44CQ56m65rCX5riF5rWE5qmf44CRPC90ZD4KICAgICAgPHRkIGJnY29sb3I9IiNmZmZmZmYiPiA8aW1nIHNyYz1odHRwOi8vaW1hZ2UucmFrdXRlbi5jby5qcC9rYWRlbnJhbmQvY2FiaW5ldC9kZW5kZW4xMC9pbWc1NjYxNDAxMy5qcGcgYm9yZGVyPTAgd2lkdGg9MTM1Pjxicj4KICAgICAgICA8Zm9udCBjb2xvcj0icmVkIj4xLDI3OeWGhjwvZm9udD48YnI+CiAgICAgICAg44CQ44Kz44O844OS44O844Oh44O844Kr44O844CRPC90ZD4KICAgICAgPHRkIGJnY29sb3I9IiNmZmZmZmYiPiA8aW1nIHNyYz1odHRwOi8vaW1hZ2UucmFrdXRlbi5jby5qcC9rYWRlbnJhbmQvY2FiaW5ldC9qaXNoYWhpbi81NTg2MTktZS5qcGcgYm9yZGVyPTAgd2lkdGg9MTM1Pjxicj4KICAgICAgICA8Zm9udCBjb2xvcj0icmVkIj41LDc4MOWGhjwvZm9udD48YnI+CiAgICAgICAg44CQ44K544OB44O844Og44Oi44OD44OX44CRPC90ZD4KICAgIDwvdHI+CiAgICA8dHIgYWxpZ249ImNlbnRlciI+CiAgICAgIDx0ZCBiZ2NvbG9yPSIjZmZmZmZmIj4gPGltZyBzcmM9aHR0cDovL2ltYWdlLnJha3V0ZW4uY28uanAva2FkZW5yYW5kL2NhYmluZXQvamlzaGFoaW4yLzI3MTAwOC1hbGwuanBnIGJvcmRlcj0wIHdpZHRoPTEzMD48YnI+CiAgICAgICAgPGZvbnQgY29sb3I9InJlZCI+MiwyODDlhobvvZ48L2ZvbnQ+PGJyPgogICAgICAgIOOAkOOCteODvOOCreODpeODrOODvOOCv+ODvOOAkTwvdGQ+CiAgICAgIDx0ZCBiZ2NvbG9yPSIjZmZmZmZmIj4gPGltZyBzcmM9aHR0cDovL2ltYWdlLnJha3V0ZW4uY28uanAva2FkZW5yYW5kL2NhYmluZXQvc2V0LzE4ODk4NTctZS5qcGcgYm9yZGVyPTAgd2lkdGg9MTM1Pjxicj4KICAgICAgICA8Zm9udCBjb2xvcj0icmVkIj4xLDg4MOWGhjwvZm9udD48YnI+CiAgICAgICAg44CQTEVE44K744Oz44K144O844Op44Kk44OI44CRPC90ZD4KICAgICAgPHRkIGJnY29sb3I9IiNmZmZmZmYiPiA8aW1nIHNyYz1odHRwOi8vaW1hZ2UucmFrdXRlbi5jby5qcC9lbmV0cm9vbS9jYWJpbmV0L2ppc2hhaGluLzI0MjQzMC1lLmpwZyBib3JkZXI9MCB3aWR0aD0xMzU+PGJyPgogICAgICAgIDxmb250IGNvbG9yPSJyZWQiPjEsMTgwMOWGhjwvZm9udD48YnI+CiAgICAgICAg44CQTEVE44K344O844Oq44Oz44Kw44CRPC90ZD4KICAgICAgPHRkIGJnY29sb3I9IiNmZmZmZmYiPiA8aW1nIHNyYz1odHRwOi8vaW1hZ2UucmFrdXRlbi5jby5qcC9rYWRlbnJhbmQvY2FiaW5ldC9qaXNha3UvOTQ3MTgzNi5qcGcgYm9yZGVyPTAgd2lkdGg9MTM1Pjxicj4KICAgICAgICA8Zm9udCBjb2xvcj0icmVkIj45LDk4MOWGhjwvZm9udD48YnI+CiAgICAgICAg44CQNOWQiOeyvuexs+apn+OAkTwvdGQ+CiAgICAgIDx0ZCBiZ2NvbG9yPSIjZmZmZmZmIj4gPGltZyBzcmM9aHR0cDovL2ltYWdlLnJha3V0ZW4uY28uanAva2FkZW5yYW5kL2NhYmluZXQvamlzYWt1Lzk0NzAzMDgtai5qcGcgYm9yZGVyPTAgd2lkdGg9MTM1Pjxicj4KICAgICAgICA8Zm9udCBjb2xvcj0icmVkIj4zLDQ4MOWGhjwvZm9udD48YnI+CiAgICAgICAg44CQTEVE44OZ44OD44OJ44Op44Kk44OI44CRPC90ZD4KICAgIDwvdHI+CiAgICA8dHIgYWxpZ249ImNlbnRlciI+CiAgICAgIDx0ZCBiZ2NvbG9yPSIjZmZmZmZmIj4gPGltZyBzcmM9aHR0cDovL2ltYWdlLnJha3V0ZW4uY28uanAva2FkZW5yYW5kL2NhYmluZXQvamlzaGFoaW4vNTU4NzE2LWFsbC1lLmpwZyBib3JkZXI9MCB3aWR0aD0xMzA+PGJyPgogICAgICAgIDxmb250IGNvbG9yPSJyZWQiPjIsOTgw5YaG772ePC9mb250Pjxicj4KICAgICAgICDjgJDmlpzjgoHjgorku5hMRUTjgJE8L3RkPgogICAgICA8dGQgYmdjb2xvcj0iI2ZmZmZmZiI+IDxpbWcgc3JjPWh0dHA6Ly9pbWFnZS5yYWt1dGVuLmNvLmpwL2thZGVucmFuZC9jYWJpbmV0L2ppc2FrdS81Mzg4MTktMS5qcGcgYm9yZGVyPTAgd2lkdGg9MTM1Pjxicj4KICAgICAgICA8Zm9udCBjb2xvcj0icmVkIj4zLDQ4MOWGhjwvZm9udD48YnI+CiAgICAgICAg44CQTEVE44K744Oz44K144O844Op44Kk44OI44CRPC90ZD4KICAgICAgPHRkIGJnY29sb3I9IiNmZmZmZmYiPiA8aW1nIHNyYz1odHRwOi8vaW1hZ2UucmFrdXRlbi5jby5qcC9rYWRlbnJhbmQvY2FiaW5ldC9kZW5kZW4vaW1nNTY2MzM5NjIuanBnIGJvcmRlcj0wIHdpZHRoPTEzNT48YnI+CiAgICAgICAgPGZvbnQgY29sb3I9InJlZCI+Miw5ODDlhoY8L2ZvbnQ+PGJyPgogICAgICAgIOOAkDJXQVnjgq/jg6rjg7zjg4rjg7zjgJE8L3RkPgogICAgICA8dGQgYmdjb2xvcj0iI2ZmZmZmZiI+IDxpbWcgc3JjPWh0dHA6Ly9pbWFnZS5yYWt1dGVuLmNvLmpwL2thZGVucmFuZC9jYWJpbmV0L2thZGVuMi85NDcwMjkwLTEuanBnIGJvcmRlcj0wIHdpZHRoPTEzNT48YnI+CiAgICAgICAgPGZvbnQgY29sb3I9InJlZCI+Miw0ODDlhoY8L2ZvbnQ+PGJyPgogICAgICAgIOOAkOOCuOODpeODvOOCteODvOOAkTwvdGQ+CiAgICAgIDx0ZCBiZ2NvbG9yPSIjZmZmZmZmIj4gPGltZyBzcmM9aHR0cDovL2ltYWdlLnJha3V0ZW4uY28uanAva2FkZW5yYW5kL2NhYmluZXQvamlzYWt1L3NobS0xMDB0LTEuanBnIGJvcmRlcj0wIHdpZHRoPTEzNT48YnI+CiAgICAgICAgPGZvbnQgY29sb3I9InJlZCI+MSw5ODDlhoY8L2ZvbnQ+PGJyPgogICAgICAgIOOAkOODkeODvOOCveODiuODq+WKoOa5v+WZqOOAkTwvdGQ+CiAgICA8L3RyPgogICAgPC90YWJsZT4KPC9kaXY+LS0+,44CQ44Ki44Km44OI44Os44OD44OI44CR44Ki44Kk44Oq44K544Kq44O844Ok44OeIOecn+epuuS/neWtmOODleODvOODieOCt+ODvOODqeODvCBWUEYtMzg1VOODleODvOODieOCt+ODvOODqeODvCDjgqLjgqTjg6rjgrnjgJBSQ1DjgJHjgJDpgIHmlpnnhKHmlpnjgJHvvJrjgrfjg6fjg4Pjg5Tjg7PjgrDjg6njg7Pjg4njgIDjgafjgpPjgafjgpM=,5a626Zu744Ki44Kk44Oq44K544Kq44O844Ok44Oe5biD5Zuj5Lm+54el5qmfIOOCq+ODqeODquOCqOODgOOCpOOCreODsyBEQUlLSU7liqDmub/lmahJSOOCr+ODg+OCreODs+OCsOODkuODvOOCv+ODvExFROmbu+eQg+epuuawl+a4hea1hOapn0xFROOCt+ODvOODquODs+OCsOODqeOCpOODiOaaluaIv+aOg+mZpOapn+mAgeaWmeeEoeaWmeixoeWNsCBaT0pJUlVTSEnjgrnjg4bjgqPjg4Pjgq/jgq/jg6rjg7zjg4rjg7zjgqTjg6Tjg5vjg7Pmpb3lpKnmmYLoqIjjgqvjgrfjgqogQ0FTSU/jgrvjgqTjgrPjg7wgU0VJS09TSEFSUCDjgrfjg6Pjg7zjg5fjgJDjgqLjgqbjg4jjg6zjg4Pjg4jjgJHjgqLjgqTjg6rjgrnjgqrjg7zjg6Tjg54g55yf56m65L+d5a2Y44OV44O844OJ44K344O844Op44O8IFZQRi0zODVU44OV44O844OJ44K344O844Op44O8IOOCouOCpOODquOCueOAkFJDUOOAkeOAkOmAgeaWmeeEoeaWmeOAkQ==,44OV44O844OJ44K344O844Op44O8IOOCouOCpOODquOCueOAguOAkOOCouOCpuODiOODrOODg+ODiOOAkeOCouOCpOODquOCueOCquODvOODpOODniDnnJ/nqbrkv53lrZjjg5Xjg7zjg4njgrfjg7zjg6njg7wgVlBGLTM4NVTjg5Xjg7zjg4njgrfjg7zjg6njg7wg44Ki44Kk44Oq44K544CQUkNQ44CR44CQ6YCB5paZ54Sh5paZ44CR[rn]
9-88282,aHR0cDovL3RzaG9wLnIxMHMuanAvZS1ha2FyaS9jYWJpbmV0L2ppc2hhaGluMy81MjgwMDMtZS5qcGc/Zml0aW49NzAwOjcwMA==,NjY1Mi4wMDAw,,44Kt44OD44OB44Oz55So5ZOB44O76aOf5Zmo44O76Kq/55CG5Zmo5YW3ID4g44Gd44Gu5LuW,44Ki44Kk44Oq44K544Kq44O844Ok44OeIOecn+epuuS/neWtmOODleODvOODieOCt+ODvOODqeODvCBWUEYtMzg1VOOAkFJDUOOAkQ==,MzAwMOWGhijnqI7mipzvvInku6XkuIrjgYrosrfnianjgafpgIHmlpnnhKHmlpnvvIE=,PGI+PGZvbnQgc2l6ZT0iNCIgY29sb3I9IiNmZjhmMDAiPumuruW6puOCkumVt+OBj+OCreODvOODl+OBl+OAgeevgOe0hO+8huOCqOOCs++8gTwvZm9udD48L2I+PGJyPgrnqbrmsJfjgpLmipzjgYTjgabnnJ/nqbrkv53lrZjjgpLjgZnjgovjgZPjgajjgafpgJrluLjkv53lrZjjgojjgorjgoLpo5/lk4Hjga7prq7luqbjgpLplbfmjIHjgaHjgZXjgZvjgb7jgZnjgII8YnI+CumVt+aZgumWk+OBruS/neWtmOOBjOWPr+iDveOBquOBruOBp+OAgemjn+adkOOCkueEoemnhOOBq+OBl+OBvuOBm+OCk+OAgjxicj48YnI+Cgo8Yj48Zm9udCBzaXplPSI0IiBjb2xvcj0iI2ZmOGYwMCI+44GK44GL44Ga44KS5L2c44KK572u44GN44GX44Gm44GK44GE44GX44GP5pmC55+t77yBPC9mb250PjwvYj48YnI+CuaZgumWk+OBjOOBguOCi+OBqOOBjeOBq+OBn+OBj+OBleOCk+S9nOOBo+OBpuS/neWtmOOBl+OBpuOBiuOBkeOBsOOAgeW/meOBl+OBhOaZguOBruiqv+eQhuOBjOalveOBq+OBquOCiuOBvuOBmeOAgjxicj4K5a+G5bCB44GX44Gf44G+44G+5Ya35YeN44O75Ya36JS15L+d5a2Y44Gn44GN44CB5rmv44Gb44KT44KE6Zu75a2Q44Os44Oz44K444KC5L2/55So5Y+v6IO944Gn44GZ44CCPGJyPjxicj4KCjxiPjxmb250IHNpemU9IjQiIGNvbG9yPSIjZmY4ZjAwIj7jg4vjgqrjgqTnp7vjgorjgarjgZfvvIE8L2ZvbnQ+PC9iPjxicj4K56m65rCX44KS6YCa44GV44Gq44GE5bCC55So44Ot44O844Or44O75bCC55So44K344O844OI44Gn5a+G6ZaJ44GZ44O76amN776M44Gn44CB5LuW44Gu6aOf5ZOB44G444Gu44OL44Kq44Kk56e744KK44KS6Ziy5q2i44GX44G+44GZ44CCPGJyPjxicj4KCuOAkOWVhuWTgeS7leanmOOAkTxicj4K4peH5pys5L2TPGJyPgril4/jgrXjgqTjgrrvvIjntITvvInvvJrluYUzOMOX5aWl6KGMMTYuNcOX6auY44GVOS41Y208YnI+CuKXj+mHjemHj++8mue0hDIuMWtnPGJyPgril4/pm7vmupDpm7vlnKfvvJpBQzEwMFbvvIg1MC82MEh677yJPGJyPgril4/mtojosrvpm7vlipvvvJrntIQxMDVXPGJyPgril4/jgrfjg7zjg6vlj6/og73luYXvvJrmnIDlpKcyODBtbTxicj4K4peP6ISx5rCX5Yqb77ya57SENTAwbW1IRzxicj4K4peP5L2/55So5Y+v6IO944Gq6KKL77ya5bCC55So44Ot44O844Or44CB5bCC55So44OR44Km44OBPGJyPgril4/mjqXnnYDpg6jjga7muKnluqbvvJrntIQxMjDihIM8YnI+CuKXj+OCt+ODvOODq+aZgumWk++8muiEseawl++8i+OCt+ODvOODq+aZgu+8j+e0hDEx56eS44CB44K344O844Or44Gu44G/77yP57SEMTHnp5I8YnI+CuKXj+mbu+a6kOOCs+ODvOODieOBrumVt+OBle+8mue0hDEuMm08YnI+CuKXj+S4u+imgeadkOizqu+8mkFCU+aoueiEgjxicj4K4peH5LuY5bGe5ZOBPGJyPgril4/lsILnlKjjg63jg7zjg6vvvIjntITvvInvvJrluYUyOMOX6ZW344GVMzAwY208YnI+CuKXj+WwgueUqOODkeOCpuODge+8iOe0hO+8ie+8muW5hTIww5fplbfjgZUzMGNt77yIM+aemu+8iTxicj4K4peP5Y6f5paZ5qi56ISC77ya44OK44Kk44Ot44Oz44CB44Od44Oq44Ko44OB44Os44OzPGJyPgril4/ogJDlhrfjg7vogJDnhrHmuKnluqbvvJotMzDihIPvvZ4xMDDihIM8YnI+PGJyPgrigLvmlofkuK3jga7jgIznnJ/nqbrjgI3jga/lrozlhajjgarnnJ/nqbrnirbmhYvjga7jgZPjgajjgafjga/jgYLjgorjgb7jgZvjgpPjgII8YnI+CuOAgCBKSVPopo/moLzjgavjgYrjgZHjgovjgIzlpKfmsJflnKfjgojjgorkvY7jgYTlnKflipvjga7msJfkvZPjgafmuoDjgZ/jgZXjgozjgZ/nqbrplpPlhoXjga7nirbmhYvjgI3jgafjgZnjgII8YnI+PGJyPjxicj4KCgo8Yj48Zm9udCBzaXplPSIzIiBjb2xvcj0iI2ZmMzNmZiI+4pag4pah4pag5bCC55So44Ot44O844Or44Gu44G/44KC6LKp5aOy5Lit4pag4pah4pagPC9mb250PjwvYj48YnI+CuKYheW5hTI4Y23Dl+mVt+OBlTMwMGNtPGJyPgrimIXluYUyMGNtw5fplbfjgZUzMDBjbTxicj4K4piF5bmFMjhjbcOX6ZW344GVNjAwY208YnI+CuKYheW5hTIwY23Dl+mVt+OBlTYwMGNtPENFTlRFUj4KCjwhLS3ov5Tlk4Hms6jmhI/liIYKCjxJbWcgU3JjPSJodHRwOi8vaW1hZ2UucmFrdXRlbi5jby5qcC9lLWFrYXJpL2NhYmluZXQvZXZlbnRfd2ViL2hlbnBpbjIwMTIwNTE4LmpwZyIgYm9yZGVyPTAgd2lkdGg9NzUwPgo8L0NFTlRFUj48YnI+LS0+Cgo8IS0t44K744Oz44K144O844Op44Kk44OILS0+Cgo8aW1nIHNyYz0iaHR0cDovL2ltYWdlLnJha3V0ZW4uY28uanAvZS1ha2FyaS9jYWJpbmV0L3JlbmV3L3RlY28vdGVjb18wNS5qcGciIGJvcmRlcj0wPgo8YnI+,44Ki44Kk44Oq44K544Kq44O844Ok44OeIOecn+epuuS/neWtmOODleODvOODieOCt+ODvOODqeODvCBWUEYtMzg1VOOAkFJDUOOAke+8mkpPWeODqeOCpOODiA==,TEVE6Zu755CDTEVE54Wn5piO5a626Zu744Op44Kk44OI44OH44K544Kv44Op44Kk44OI44K344O844Oq44Oz44Kw44Op44Kk44OI44K744Oz44K144O844Op44Kk44OI6Ziy54qv44Op44Kk44OI44Oa44Oz44OA44Oz44OI44Op44Kk44OI44GK44GX44KD44KM54Wn5piO44Ki44Kk44Oq44K544Kq44O844Ok44Oe44K344O844Oq44Oz44Kw44OV44Kh44Oz44K544K/44Oz44OJ44Op44Kk44OI44Kw44Ot44O855u0566h6JuN5YWJ54GvTEVE44Op44Oz44OX6ZaT5o6l54Wn5piO44OH44K544Kv44Op44Kk44OI44OV44Ot44Ki44Op44Kk44OI44Ki44Kk44Oq44K544Kq44O844Ok44OeIOecn+epuuS/neWtmOODleODvOODieOCt+ODvOODqeODvCBWUEYtMzg1VOOAkFJDUOOAkQ==,MzAwMOWGhijnqI7mipzvvInku6XkuIrjgYrosrfnianjgafpgIHmlpnnhKHmlpnvvIHjgILjgqLjgqTjg6rjgrnjgqrjg7zjg6Tjg54g55yf56m65L+d5a2Y44OV44O844OJ44K344O844Op44O8IFZQRi0zODVU44CQUkNQ44CR[rn]
9-88283,aHR0cDovL3RzaG9wLnIxMHMuanAvYm9vY3MvY2FiaW5ldC9zbW9vdGhpZS9zaGFrZXIuanBnP2ZpdGluPTcwMDo3MDA=,MjQwLjAwMDA=,,44Kt44OD44OB44Oz55So5ZOB44O76aOf5Zmo44O76Kq/55CG5Zmo5YW3ID4g44Gd44Gu5LuW,44CQ44GG44KM44GX44GE5Y2Y5ZOB6LKp5aOy77yB44CR44CQ44Go44Gj44Gm44KC5Y+v5oSb44GP44Gm5L2/44GE44KE44GZ44GE77yB44CRUklWQUxBTkTvvIjjg6rjg5Djg6njg7Pjg4nvvInjgqrjg6rjgrjjg4rjg6vjgrfjgqfjgqTjgqvjg7zvvIg0NTBjY++8iQ==,,PHN0cm9uZz48Zm9udCBjb2xvcj0iI0ZGMDAwMCIgc2l6ZT0iMyI+4oC744GT44Gh44KJ44Gu5ZWG5ZOB44Gv44Oh44O844Or5L6/44Gn44Gu44GK5bGK44GR44Gv44Gn44GN44G+44Gb44KT44CCPGJyPuODoeODvOODq+S+v+mAgeaWmeeEoeaWmeOBruWVhuWTgeOBqOOBlOS4gOe3kuOBq+OBiuiyt+OBhOS4iuOBkuOBq+OBquOCieOCjOOBpuOCguOAgeWIpemAlOmAgeaWmeOBjOOBi+OBi+OCiuOBvuOBmeOAgjxicj7jgZTkuobmib/jgY/jgaDjgZXjgYTjgII8L2ZvbnQ+PC9zdHJvbmc+CgoKPHRhYmxlICBib3JkZXI9IjAiIGNlbGxzcGFjaW5nPSIwIiBjZWxscGFkZGluZz0iMyI+CiAgPHRyPgogICA8dGQ+PGRpdiBhbGlnbj0iY2VudGVyIj48aW1nIHNyYz0iaHR0cDovL2ltYWdlLnJha3V0ZW4uY28uanAvYm9vY3MvY2FiaW5ldC9zbW9vdGhpZS9zbW9vdGhpZS11bmRlci5qcGciIGFsdD0i44Kw44Oq44O844Oz44Gu576O5Yqb44GM56eB44KS5beh44KL44CA44GK5ayi5qeYR1JFRU7jgrnjg6Djg7zjgrjjg7wiIHdpZHRoPSIxNjciIGJvcmRlcj0iMCI+PC9kaXY+PC90ZD4KICAgIDx0ZD48ZGl2IGFsaWduPSJjZW50ZXIiPjxpbWcgc3JjPSJodHRwOi8vaW1hZ2UucmFrdXRlbi5jby5qcC9ib29jcy9jYWJpbmV0L3NvdXAtcGFzdGEvc291cC1wYXN0YS11bmRlci5qcGciIGFsdD0i44GK5ayi5qeY44K544O844OX44OR44K544K/IiB3aWR0aD0iMTY3IiBib3JkZXI9IjAiPjwvZGl2PjwvdGQ+CiAgICA8dGQ+PGRpdiBhbGlnbj0iY2VudGVyIj48aW1nIHNyYz0iaHR0cDovL2ltYWdlLnJha3V0ZW4uY28uanAvYm9vY3MvY2FiaW5ldC9jdXAtcHJlc2VudC9jYXRfMDEuanBnIiBhbHQ9IuOAkOaWsOeZu+WgtO+8geOAkeOCj+OBn+OBj+OBl+OAgeODnOODh+OCo+OBq+iHquS/oeOBguOCiu+8geOBiuWsouanmOOCt+OCp+OCpOOCryIgd2lkdGg9IjE2NyIgYm9yZGVyPSIwIj48L2Rpdj48L3RkPgo8dGQ+PGRpdiBhbGlnbj0iY2VudGVyIj48aW1nIHNyYz0iaHR0cDovL2ltYWdlLnJha3V0ZW4uY28uanAvYm9vY3MvY2FiaW5ldC9iYW5uZXIva29ubnlha3Utcy5qcGciIGFsdD0i44GT44KT44Gr44KD44GP44OB44OD44OX44K5MTLooovjgrvjg4Pjg4giIHdpZHRoPSIxNjciIGJvcmRlcj0iMCI+PC9kaXY+PC90ZD4KICA8L3RyPgoKPC90YWJsZT4KCgo8YnI+PGJyPjxTVFlMRSB0eXBlPSJ0ZXh0L2NzcyI+CjwhLS0KLypib2R5IHsKYmFja2dyb3VuZC1pbWFnZTp1cmwoaHR0cDovL2ltYWdlLnJha3V0ZW4uY28uanAvYm9vY3MvY2FiaW5ldC9iYW5uZXIvaW1nNjA2NjU4NzMuanBnKTsKYmFja2dyb3VuZC1yZXBlYXQ6cmVwZWF0LXk7CmJhY2tncm91bmQtcG9zaXRpb246IHJpZ2h0Owp9Ki8KLS0+CjwvU1RZTEU+Cgo8Y2VudGVyPgoKPC9jZW50ZXI+CgoKCjxkaXYgYWxpZ249ImNlbnRlciI+Cgo8YnI+CiAgPGJyPgoKPCEtLS0tPgo8L2Rpdj4=,44CQ44GG44KM44GX44GE5Y2Y5ZOB6LKp5aOy77yB44CR44CQ44Go44Gj44Gm44KC5Y+v5oSb44GP44Gm5L2/44GE44KE44GZ44GE77yB44CRUklWQUxBTkTvvIjjg6rjg5Djg6njg7Pjg4nvvInjgqrjg6rjgrjjg4rjg6vjgrfjgqfjgqTjgqvjg7zvvIg0NTBjY++8ie+8muODquODkOODqeODs+ODieeOi+WbvQ==,44OA44Kk44Ko44OD44OI6YW157Sg6YW157Sg6aOy5paZ6YW157Sg44OJ44Oq44Oz44Kv44GK5ayi5qeY6YW157Sg44GK5ayi5qeY44OA44Kk44Ko44OD44OI6ZuR54KK44Oq44OQ44Op44Oz44OJ6YW157Sg44OV44Kh44K544OG44Kj44Oz44Kw6YW157Sg44OA44Kk44Ko44OD44OI44OV44Kh44K544OG44Kj44Oz44Kw5qCq5byP5Lya56S+44Oq44OQ44Op44Oz44OJ5pat6aOf44GK5ayi5qeY44OA44Kk44Ko44OD44OI44OA44Kk44Ko44OD44OI6ZuR54KK6ZuR54KK44CA44OA44Kk44Ko44OD44OI44GT44KT44Gr44KD44GP44OR44K544K/44GK5ayi5qeY44CQ44GG44KM44GX44GE5Y2Y5ZOB6LKp5aOy77yB44CR44CQ44Go44Gj44Gm44KC5Y+v5oSb44GP44Gm5L2/44GE44KE44GZ44GE77yB44CRUklWQUxBTkTvvIjjg6rjg5Djg6njg7Pjg4nvvInjgqrjg6rjgrjjg4rjg6vjgrfjgqfjgqTjgqvjg7zvvIg0NTBjY++8iQ==,44CQ44GG44KM44GX44GE5Y2Y5ZOB6LKp5aOy77yB44CR44CQ44Go44Gj44Gm44KC5Y+v5oSb44GP44Gm5L2/44GE44KE44GZ44GE77yB44CRUklWQUxBTkTvvIjjg6rjg5Djg6njg7Pjg4nvvInjgqrjg6rjgrjjg4rjg6vjgrfjgqfjgqTjgqvjg7zvvIg0NTBjY++8iQ==[rn]
9-88284,aHR0cDovL3RzaG9wLnIxMHMuanAva2FkZW5yYW5kL2NhYmluZXQvdGFzeWEzMS83MDU4NjEwLWUuanBnP2ZpdGluPTcwMDo3MDA=,MTAyMjIuNDAwMA==,,44Kt44OD44OB44Oz55So5ZOB44O76aOf5Zmo44O76Kq/55CG5Zmo5YW3ID4g44Gd44Gu5LuW,44CQ44Kv44O844Od44Oz5a++6LGh44CR55yf56m644OR44OD44Kv5ZmoIE1WMzAw6YCB5paZ54Sh5paZIOecn+epuuODkeODg+OCryDnnJ/nqbrjg5Hjg4Pjgq/lmagg55yf56m644OR44OD44Kv5qmfIOS/neWtmOWuueWZqCDjg57jgrjjg4Pjgq/jg5Djg4Pjgq8g5L+d5a2Y44OR44OD44KvIOecn+epuuODkeODg+OCr+ecn+epuuODkeODg+OCr+apnyDnnJ/nqbrjg5Hjg4Pjgq/kv53lrZjlrrnlmagg55yf56m644OR44OD44Kv5Zmo55yf56m644OR44OD44Kv5qmfIOecn+epuuODkeODg+OCr+apn+ecn+epuuODkeODg+OCryDkv53lrZjlrrnlmajnnJ/nqbrjg5Hjg4Pjgq8g44CQROOAkeOAkEtN44CR,MTAwMOWGhk9GRuOCr+ODvOODneODs+eZuuihjOS4reKZqjI15pelYW0xOjU56L+E77yB,PGI+PGZvbnQgY29sb3I9IiNEQ0RDREMiPuecn+epuuODkeODg+OCryDnnJ/nqbrjg5Hjg4Pjgq/lmagg55yf56m644OR44OD44Kv5qmfIOS/neWtmOWuueWZqCDjg57jgrjjg4Pjgq/jg5Djg4Pjgq8g55yf56m644OR44OD44Kv55yf56m644OR44OD44Kv5qmfIOecn+epuuODkeODg+OCr+apn+ecn+epuuODkeODg+OCrzwvZm9udD48L2I+PGJyPuOBlOWutuW6reOBp+aJi+i7veOBq+OAgeODr+ODs+OCv+ODg+ODgeaTjeS9nOOBp+ewoeWNmOOBq+ecn+epuuODkeODg+OCr++8gTxicj7msJflr4bmgKfjgIHogJDnhrHmgKfjgavlhKrjgozjgZ8y5bGk5qeL6YCg44Gn44GX44Gj44GL44KK5a+G6ZaJ44GX44G+44GZ44CCPGJyPuWwgueUqOOBruiii+S7peWkluOBr+S9v+eUqOOBmeOCi+OBk+OBqOOBjOOBp+OBjeOBvuOBm+OCk+OAgjxicj48YnI+PGJyPuKXj+WVhuWTgeOCteOCpOOCuu+8iGNt77yJPGJyPgrluYXntIQzOC43w5flpaXooYzntIQxMS4zw5fpq5jjgZXntIQ5Ljg8YnI+CuKXj+S7mOWxnuWGheWuuTxicj4K44O744Kr44OD44OI6KKLNeaemijluYUyMMOX6ZW344GVMzBjbSk8YnI+CuODu+ODnuOCuOODg+OCr+OCq+ODg+OCv+ODvCjliKXlo7Ljgorjg63jg7zjg6vooovjga7jgqvjg4Pjg4jnlKgpPGJyPgrjg7vjg5vjg7zjgrko5Yil5aOy44KK5a655Zmo55SoKTxicj48IS0tCjxmb250IHNpemU9MyBjb2xvcj1yZWQ+PGI+44CQ5bm05pyr5bm05aeL44Gu44GU5rOo5paH44O744GK5ZWP44GE5ZCI44KP44Gb44Gr6Zai44GZ44KL44GK55+l44KJ44Gb44CRPGJyPjxicj48L2ZvbnQ+CiAK4omq44GU5rOo5paH44Gr44Gk44GE44Gm4omrPGJyPgrjgqTjg7Pjgr/jg7zjg43jg4Pjg4jjgYvjgonjga7jgZTms6jmlofjga/lubTkuK3nhKHkvJHjgafmib/jgaPjgabjgYrjgorjgb7jgZnjgII8YnI+CjEy5pyIMjfml6Uo5pyoKTE25pmC5Lul6ZmN44Gr44GE44Gf44Gg44GE44Gf44GU5rOo5paH44Gv44CBPGJyPgox5pyIN+aXpSjmnIgp5Lul6ZmN44Gr6aCG5qyh44GU5a++5b+c44GV44Gb44Gm6aCC44GN44G+44GZ44CCPGJyPgrjgarjgYrjgIHlnKjluqvnirbms4HjgavjgojjgaPjgabjga/jgIHllYblk4HnmbrpgIHjgb7jgafjgavjgYrmmYLplpPjgpLpoILjgY/loLTlkIjjgYzjgZTjgZbjgYTjgb7jgZnjgII8YnI+CuS6iOOCgeOBlOeQhuino+OBrueoi+OAgeWunOOBl+OBj+OBiumhmOOBhOeUs+OBl+S4iuOBkuOBvuOBmeOAgjxicj48YnI+CuKJquODoeODvOODq+OBp+OBruOBiuWVj+WQiOOBm+OBq+OBpOOBhOOBpuKJqzxicj4KMTLmnIgyOOaXpSjph5EpMTbmmYLku6XpmY3jga7jgYrllY/jgYTlkIjjgo/jgZvjgavjgaTjgYTjgabjga/jgIE8YnI+CjHmnIg35pelKOaciCnjgojjgorjgIHpoIbmrKHjgZTlr77lv5zjgZXjgZvjgabjgYTjgZ/jgaDjgY3jgb7jgZnjgYw8YnI+CuW5tOacq+W5tOWni+OBr+S7leWFpeWFiOOBjOS8kealreOBrueCuuOAgTxicj4K44GK5ZWP44GE5ZCI44KP44Gb5YaF5a6544Gr44KI44KK6L+U5L+h44G+44Gn44Gr44GK5pmC6ZaT44KS44GE44Gf44Gg44GP5aC05ZCI44GM44GU44GW44GE44G+44GZ44CCPGJyPuS9leWNkuOBlOWuuei1puOBj+OBoOOBleOBhOOBvuOBmeOCiOOBhuOBiumhmOOBhOeUs+OBl+OBguOBkuOBvuOBmeOAgjxicj48YnI+CiAK4omq44GK6Zu76Kmx44Gn44Gu44GK5ZWP5ZCI44Gb44Gr44Gk44GE44Gm4omrCjxicj7mgZDjgozlhaXjgorjgb7jgZnjgYzjgIExMuaciDI45pelKOmHkSnvvZ4x5pyINuaXpSjml6Up44G+44Gn44GK5LyR44G/44GV44Gb44Gm6aCC44GN44G+44GZ44CCPGJyPjxicj4KIAo8L2I+CiAgCgoKCgoKCjxkaXYgYWxpZ249ImNlbnRlciI+PGZvbnQgc3R5bGU9IiBmb250LXNpemU6IDE2cHg7IGZvbnQtd2VpZ2h0OmJvbGQ7IGNvbG9yOiNGRjY2MDA7Ij7mpb3lpKnjg6njg7Pjgq3jg7PjgrDluLjpgKPvvIHjgafjgpPjgafjgpPjga7kurrmsJfjgqLjgqTjg4bjg6A8L2ZvbnQ+PGJyPgogIDx0YWJsZSBjZWxscGFkZGluZz0iNSIgY2VsbHNwYWNpbmc9IjQiIGJnY29sb3I9IiNGMDgwODAiIHN0eWxlPSJmb250LXdlaWdodDpib2xkOyI+CiAgICA8dHIgYWxpZ249ImNlbnRlciI+CiAgICAgIDx0ZCBiZ2NvbG9yPSIjZmZmZmZmIj4gPGltZyBzcmM9aHR0cDovL2ltYWdlLnJha3V0ZW4uY28uanAva2FkZW5yYW5kL2NhYmluZXQvamlzaGFoaW4vNTYyMDMyLTEuanBnIGJvcmRlcj0wIHdpZHRoPTEzMD48YnI+CiAgICAgICAgPGZvbnQgY29sb3I9InJlZCI+MSw5ODDlhoY8L2ZvbnQ+PGJyPgogICAgICAgIOOAkOmbu+awl+OCseODiOODq+OAkTwvdGQ+CiAgICAgIDx0ZCBiZ2NvbG9yPSIjZmZmZmZmIj4gPGltZyBzcmM9aHR0cDovL2ltYWdlLnJha3V0ZW4uY28uanAva2FkZW5yYW5kL2NhYmluZXQvamlzYWt1LzU2MDU5NS5qcGcgYm9yZGVyPTAgd2lkdGg9MTM1Pjxicj4KICAgICAgICA8Zm9udCBjb2xvcj0icmVkIj4xLDk4MOWGhjwvZm9udD48YnI+CiAgICAgICAg44CQMldBWeODl+ODrOODvOODiOOAkTwvdGQ+CiAgICAgIDx0ZCBiZ2NvbG9yPSIjZmZmZmZmIj4gPGltZyBzcmM9aHR0cDovL2ltYWdlLnJha3V0ZW4uY28uanAva2FkZW5yYW5kL2NhYmluZXQvamlzYWt1L21hcnV0aS5qcGcgYm9yZGVyPTAgd2lkdGg9MTM1Pjxicj4KICAgICAgICA8Zm9udCBjb2xvcj0icmVkIj4yLDc4MOWGhjwvZm9udD48YnI+CiAgICAgICAg44CQ44Oe44Or44OB44Kv44OD44Kr44O844CRPC90ZD4KICAgICAgPHRkIGJnY29sb3I9IiNmZmZmZmYiPiA8aW1nIHNyYz1odHRwOi8vaW1hZ2UucmFrdXRlbi5jby5qcC9rYWRlbnJhbmQvY2FiaW5ldC9qaXNoYWhpbi81NjA2NzAuanBnIGJvcmRlcj0wIHdpZHRoPTEzNT48YnI+CiAgICAgICAgPGZvbnQgY29sb3I9InJlZCI+NCw2ODDlhoY8L2ZvbnQ+PGJyPgogICAgICAgIOOAkOW6g+OAheODiOODvOOCueOCv+ODvOOAkTwvdGQ+CiAgICAgIDx0ZCBiZ2NvbG9yPSIjZmZmZmZmIj4gPGltZyBzcmM9aHR0cDovL2ltYWdlLnJha3V0ZW4uY28uanAva2FkZW5yYW5kL2NhYmluZXQvamlzaGFoaW4vNTYwMDgyLWouanBnIGJvcmRlcj0wIHdpZHRoPTEzNT48YnI+CiAgICAgICAgPGZvbnQgY29sb3I9InJlZCI+NSw2ODDlhoY8L2ZvbnQ+PGJyPgogICAgICAgIOOAkOOCt+ODs+ODl+ODq+ODrOODs+OCuOOAkTwvdGQ+CiAgICA8L3RyPgogICAgPHRyIGFsaWduPSJjZW50ZXIiPgogICAgICA8dGQgYmdjb2xvcj0iI2ZmZmZmZiI+IDxpbWcgc3JjPWh0dHA6Ly9pbWFnZS5yYWt1dGVuLmNvLmpwL2thZGVucmFuZC9jYWJpbmV0L2ppc2FrdS81MzAwNDctMS5qcGcgYm9yZGVyPTAgd2lkdGg9MTMwPjxicj4KICAgICAgICA8Zm9udCBjb2xvcj0icmVkIj4xNSw4MDDlhobvvZ48L2ZvbnQ+PGJyPgogICAgICAgIOOAkOmZpOa5v+apn+OAkTwvdGQ+CiAgICAgIDx0ZCBiZ2NvbG9yPSIjZmZmZmZmIj4gPGltZyBzcmM9aHR0cDovL2ltYWdlLnJha3V0ZW4uY28uanAva2FkZW5yYW5kL2NhYmluZXQvamlzaGFoaW4vNTMwMDQ0LWUuanBnIGJvcmRlcj0wIHdpZHRoPTEzNT48YnI+CiAgICAgICAgPGZvbnQgY29sb3I9InJlZCI+NCwxODDlhoY8L2ZvbnQ+PGJyPgogICAgICAgIOOAkOW4g+Wbo+S5vueHpeapn+OAkTwvdGQ+CiAgICAgIDx0ZCBiZ2NvbG9yPSIjZmZmZmZmIj4gPGltZyBzcmM9aHR0cDovL2ltYWdlLnJha3V0ZW4uY28uanAva2FkZW5yYW5kL2NhYmluZXQvamlzaGFoaW4vNTYwODI4LWouanBnIGJvcmRlcj0wIHdpZHRoPTEzNT48YnI+CiAgICAgICAgPGZvbnQgY29sb3I9InJlZCI+MTgsOTAw5YaGPC9mb250Pjxicj4KICAgICAgICDjgJDnqbrmsJfmuIXmtYTmqZ/jgJE8L3RkPgogICAgICA8dGQgYmdjb2xvcj0iI2ZmZmZmZiI+IDxpbWcgc3JjPWh0dHA6Ly9pbWFnZS5yYWt1dGVuLmNvLmpwL2thZGVucmFuZC9jYWJpbmV0L2RlbmRlbjEwL2ltZzU2NjE0MDEzLmpwZyBib3JkZXI9MCB3aWR0aD0xMzU+PGJyPgogICAgICAgIDxmb250IGNvbG9yPSJyZWQiPjEsMjc55YaGPC9mb250Pjxicj4KICAgICAgICDjgJDjgrPjg7zjg5Ljg7zjg6Hjg7zjgqvjg7zjgJE8L3RkPgogICAgICA8dGQgYmdjb2xvcj0iI2ZmZmZmZiI+IDxpbWcgc3JjPWh0dHA6Ly9pbWFnZS5yYWt1dGVuLmNvLmpwL2thZGVucmFuZC9jYWJpbmV0L2ppc2hhaGluLzU1ODYxOS1lLmpwZyBib3JkZXI9MCB3aWR0aD0xMzU+PGJyPgogICAgICAgIDxmb250IGNvbG9yPSJyZWQiPjUsNzgw5YaGPC9mb250Pjxicj4KICAgICAgICDjgJDjgrnjg4Hjg7zjg6Djg6Ljg4Pjg5fjgJE8L3RkPgogICAgPC90cj4KICAgIDx0ciBhbGlnbj0iY2VudGVyIj4KICAgICAgPHRkIGJnY29sb3I9IiNmZmZmZmYiPiA8aW1nIHNyYz1odHRwOi8vaW1hZ2UucmFrdXRlbi5jby5qcC9rYWRlbnJhbmQvY2FiaW5ldC9qaXNoYWhpbjIvMjcxMDA4LWFsbC5qcGcgYm9yZGVyPTAgd2lkdGg9MTMwPjxicj4KICAgICAgICA8Zm9udCBjb2xvcj0icmVkIj4yLDI4MOWGhu+9njwvZm9udD48YnI+CiAgICAgICAg44CQ44K144O844Kt44Ol44Os44O844K/44O844CRPC90ZD4KICAgICAgPHRkIGJnY29sb3I9IiNmZmZmZmYiPiA8aW1nIHNyYz1odHRwOi8vaW1hZ2UucmFrdXRlbi5jby5qcC9rYWRlbnJhbmQvY2FiaW5ldC9zZXQvMTg4OTg1Ny1lLmpwZyBib3JkZXI9MCB3aWR0aD0xMzU+PGJyPgogICAgICAgIDxmb250IGNvbG9yPSJyZWQiPjEsODgw5YaGPC9mb250Pjxicj4KICAgICAgICDjgJBMRUTjgrvjg7PjgrXjg7zjg6njgqTjg4jjgJE8L3RkPgogICAgICA8dGQgYmdjb2xvcj0iI2ZmZmZmZiI+IDxpbWcgc3JjPWh0dHA6Ly9pbWFnZS5yYWt1dGVuLmNvLmpwL2VuZXRyb29tL2NhYmluZXQvamlzaGFoaW4vMjQyNDMwLWUuanBnIGJvcmRlcj0wIHdpZHRoPTEzNT48YnI+CiAgICAgICAgPGZvbnQgY29sb3I9InJlZCI+MSwxODAw5YaGPC9mb250Pjxicj4KICAgICAgICDjgJBMRUTjgrfjg7zjg6rjg7PjgrDjgJE8L3RkPgogICAgICA8dGQgYmdjb2xvcj0iI2ZmZmZmZiI+IDxpbWcgc3JjPWh0dHA6Ly9pbWFnZS5yYWt1dGVuLmNvLmpwL2thZGVucmFuZC9jYWJpbmV0L2ppc2FrdS85NDcxODM2LmpwZyBib3JkZXI9MCB3aWR0aD0xMzU+PGJyPgogICAgICAgIDxmb250IGNvbG9yPSJyZWQiPjksOTgw5YaGPC9mb250Pjxicj4KICAgICAgICDjgJA05ZCI57K+57Gz5qmf44CRPC90ZD4KICAgICAgPHRkIGJnY29sb3I9IiNmZmZmZmYiPiA8aW1nIHNyYz1odHRwOi8vaW1hZ2UucmFrdXRlbi5jby5qcC9rYWRlbnJhbmQvY2FiaW5ldC9qaXNha3UvOTQ3MDMwOC1qLmpwZyBib3JkZXI9MCB3aWR0aD0xMzU+PGJyPgogICAgICAgIDxmb250IGNvbG9yPSJyZWQiPjMsNDgw5YaGPC9mb250Pjxicj4KICAgICAgICDjgJBMRUTjg5njg4Pjg4njg6njgqTjg4jjgJE8L3RkPgogICAgPC90cj4KICAgIDx0ciBhbGlnbj0iY2VudGVyIj4KICAgICAgPHRkIGJnY29sb3I9IiNmZmZmZmYiPiA8aW1nIHNyYz1odHRwOi8vaW1hZ2UucmFrdXRlbi5jby5qcC9rYWRlbnJhbmQvY2FiaW5ldC9qaXNoYWhpbi81NTg3MTYtYWxsLWUuanBnIGJvcmRlcj0wIHdpZHRoPTEzMD48YnI+CiAgICAgICAgPGZvbnQgY29sb3I9InJlZCI+Miw5ODDlhobvvZ48L2ZvbnQ+PGJyPgogICAgICAgIOOAkOaWnOOCgeOCiuS7mExFROOAkTwvdGQ+CiAgICAgIDx0ZCBiZ2NvbG9yPSIjZmZmZmZmIj4gPGltZyBzcmM9aHR0cDovL2ltYWdlLnJha3V0ZW4uY28uanAva2FkZW5yYW5kL2NhYmluZXQvamlzYWt1LzUzODgxOS0xLmpwZyBib3JkZXI9MCB3aWR0aD0xMzU+PGJyPgogICAgICAgIDxmb250IGNvbG9yPSJyZWQiPjMsNDgw5YaGPC9mb250Pjxicj4KICAgICAgICDjgJBMRUTjgrvjg7PjgrXjg7zjg6njgqTjg4jjgJE8L3RkPgogICAgICA8dGQgYmdjb2xvcj0iI2ZmZmZmZiI+IDxpbWcgc3JjPWh0dHA6Ly9pbWFnZS5yYWt1dGVuLmNvLmpwL2thZGVucmFuZC9jYWJpbmV0L2RlbmRlbi9pbWc1NjYzMzk2Mi5qcGcgYm9yZGVyPTAgd2lkdGg9MTM1Pjxicj4KICAgICAgICA8Zm9udCBjb2xvcj0icmVkIj4yLDk4MOWGhjwvZm9udD48YnI+CiAgICAgICAg44CQMldBWeOCr+ODquODvOODiuODvOOAkTwvdGQ+CiAgICAgIDx0ZCBiZ2NvbG9yPSIjZmZmZmZmIj4gPGltZyBzcmM9aHR0cDovL2ltYWdlLnJha3V0ZW4uY28uanAva2FkZW5yYW5kL2NhYmluZXQva2FkZW4yLzk0NzAyOTAtMS5qcGcgYm9yZGVyPTAgd2lkdGg9MTM1Pjxicj4KICAgICAgICA8Zm9udCBjb2xvcj0icmVkIj4yLDQ4MOWGhjwvZm9udD48YnI+CiAgICAgICAg44CQ44K444Ol44O844K144O844CRPC90ZD4KICAgICAgPHRkIGJnY29sb3I9IiNmZmZmZmYiPiA8aW1nIHNyYz1odHRwOi8vaW1hZ2UucmFrdXRlbi5jby5qcC9rYWRlbnJhbmQvY2FiaW5ldC9qaXNha3Uvc2htLTEwMHQtMS5qcGcgYm9yZGVyPTAgd2lkdGg9MTM1Pjxicj4KICAgICAgICA8Zm9udCBjb2xvcj0icmVkIj4xLDk4MOWGhjwvZm9udD48YnI+CiAgICAgICAg44CQ44OR44O844K944OK44Or5Yqg5rm/5Zmo44CRPC90ZD4KICAgIDwvdHI+CiAgICA8L3RhYmxlPgo8L2Rpdj4tLT4=,44CQ44Kv44O844Od44Oz5a++6LGh44CR55yf56m644OR44OD44Kv5ZmoIE1WMzAw6YCB5paZ54Sh5paZIOecn+epuuODkeODg+OCryDnnJ/nqbrjg5Hjg4Pjgq/lmagg55yf56m644OR44OD44Kv5qmfIOS/neWtmOWuueWZqCDjg57jgrjjg4Pjgq/jg5Djg4Pjgq8g5L+d5a2Y44OR44OD44KvIOecn+epuuODkeODg+OCr+ecn+epuuODkeODg+OCr+apnyDnnJ/nqbrjg5Hjg4Pjgq/kv53lrZjlrrnlmagg55yf56m644OR44OD44Kv5Zmo55yf56m644OR44OD44Kv5qmfIOecn+epuuODkeODg+OCr+apn+ecn+epuuODkeODg+OCryDkv53lrZjlrrnlmajnnJ/nqbrjg5Hjg4Pjgq8g44CQROOAkeOAkEtN44CR77ya44K344On44OD44OU44Oz44Kw44Op44Oz44OJ44CA44Gn44KT44Gn44KT,5a626Zu744Ki44Kk44Oq44K544Kq44O844Ok44Oe5biD5Zuj5Lm+54el5qmfIOOCq+ODqeODquOCqOODgOOCpOOCreODsyBEQUlLSU7liqDmub/lmahJSOOCr+ODg+OCreODs+OCsOODkuODvOOCv+ODvExFROmbu+eQg+epuuawl+a4hea1hOapn0xFROOCt+ODvOODquODs+OCsOODqeOCpOODiOaaluaIv+aOg+mZpOapn+mAgeaWmeeEoeaWmeixoeWNsCBaT0pJUlVTSEnjgrnjg4bjgqPjg4Pjgq/jgq/jg6rjg7zjg4rjg7zjgqTjg6Tjg5vjg7Pmpb3lpKnmmYLoqIjjgqvjgrfjgqogQ0FTSU/jgrvjgqTjgrPjg7wgU0VJS09TSEFSUCDjgrfjg6Pjg7zjg5fjgJDjgq/jg7zjg53jg7Plr77osaHjgJHnnJ/nqbrjg5Hjg4Pjgq/lmaggTVYzMDDpgIHmlpnnhKHmlpkg55yf56m644OR44OD44KvIOecn+epuuODkeODg+OCr+WZqCDnnJ/nqbrjg5Hjg4Pjgq/mqZ8g5L+d5a2Y5a655ZmoIOODnuOCuOODg+OCr+ODkOODg+OCryDkv53lrZjjg5Hjg4Pjgq8g55yf56m644OR44OD44Kv55yf56m644OR44OD44Kv5qmfIOecn+epuuODkeODg+OCr+S/neWtmOWuueWZqCDnnJ/nqbrjg5Hjg4Pjgq/lmajnnJ/nqbrjg5Hjg4Pjgq/mqZ8g55yf56m644OR44OD44Kv5qmf55yf56m644OR44OD44KvIOS/neWtmOWuueWZqOecn+epuuODkeODg+OCryDjgJBE44CR44CQS03jgJE=,MTAwMOWGhk9GRuOCr+ODvOODneODs+eZuuihjOS4reKZqjI15pelYW0xOjU56L+E77yB44CC44CQ44Kv44O844Od44Oz5a++6LGh44CR55yf56m644OR44OD44Kv5ZmoIE1WMzAw6YCB5paZ54Sh5paZIOecn+epuuODkeODg+OCryDnnJ/nqbrjg5Hjg4Pjgq/lmagg55yf56m644OR44OD44Kv5qmfIOS/neWtmOWuueWZqCDjg57jgrjjg4Pjgq/jg5Djg4Pjgq8g5L+d5a2Y44OR44OD44KvIOecn+epuuODkeODg+OCr+ecn+epuuODkeODg+OCr+apnyDnnJ/nqbrjg5Hjg4Pjgq/kv53lrZjlrrnlmagg55yf56m644OR44OD44Kv5Zmo55yf56m644OR44OD44Kv5qmfIOecn+epuuODkeODg+OCr+apn+ecn+epuuODkeODg+OCryDkv53lrZjlrrnlmajnnJ/nqbrjg5Hjg4Pjgq8g44CQROOAkeOAkEtN44CR[rn]
9-88285,aHR0cDovL3RzaG9wLnIxMHMuanAva2FkZW5yYW5kL2NhYmluZXQvdGFzeWEzNS83MDc2ODI4LWUuanBnP2ZpdGluPTcwMDo3MDA=,MjYwOC4wMDAw,,44Kt44OD44OB44Oz55So5ZOB44O76aOf5Zmo44O76Kq/55CG5Zmo5YW3ID4g44Gd44Gu5LuW,44Oq44OI44Or44Oq44OD44OB44CA6Zu75rCX44OB44On44Kz44Os44O844OI44OV44Kh44Km44Oz44OG44OzUyDjg6zjg4Pjg4kgRC0zMDnjg4Hjg6fjgrPjg5Xjgqnjg7Pjg4fjg6Ug44Ob44O844Og44OR44O844OG44Kj44O8IOODgeODp+OCs+ODrOODvOODiOODleOCqeODs+ODh+ODpSDjg5Hjg7zjg4bjgqPjg7zjgrDjg4Pjgrog44OB44On44Kz44OV44Kp44Oz44OH44Ol44OB44On44Kz44Os44O844OI44OV44Kp44Oz44OH44OlIOODgeODp+OCs+ODleOCqeODs+ODh+ODpeODkeODvOODhuOCo+ODvOOCsOODg+OCuiDjg5Hjg7zjg6vph5HlsZ4g44CQROOAkQ==,MTAwMOWGhk9GRuOCr+ODvOODneODs+eZuuihjOS4reKZqjI15pelYW0xOjU56L+E77yB,PGI+PGZvbnQgY29sb3I9IiNEQ0RDREMiPuODgeODp+OCs+ODleOCqeODs+ODh+ODpSDjg5vjg7zjg6Djg5Hjg7zjg4bjgqPjg7wg44OB44On44Kz44Os44O844OI44OV44Kp44Oz44OH44OlIOODkeODvOODhuOCo+ODvOOCsOODg+OCuiDjg4Hjg6fjgrPjg5Xjgqnjg7Pjg4fjg6Xjg4Hjg6fjgrPjg6zjg7zjg4jjg5Xjgqnjg7Pjg4fjg6Ug44OR44O844Or6YeR5bGePC9mb250PjwvYj48YnI+5a625peP44KE5Y+L6YGU44G/44KT44Gq44Go5aSn5Yui44Gn44OB44On44Kz44Os44O844OI44OV44Kh44Km44Oz44OG44Oz44OR44O844OG44Kj44O877yBPGJyPgrjg4Hjg6fjgrPjg6zjg7zjg4jjga7mtYHjgozjgovmu53jgavjgqTjg4HjgrTjgoTjg5Djg4rjg4rjgarjganjga7jg5Xjg6vjg7zjg4TjgoTjg5Hjg7PjgIHjg57jgrfjg6Xjg57jg63jgarjganjgpLjgY/jgZDjgonjgZvjgabjgYrlj6zjgZfkuIrjgYzjgorjgY/jgaDjgZXjgYTjgII8YnI+CuWPl+eav+OBr+OBteOBo+e0oOaoueiEguWKoOW3peOBp+OBiuaJi+WFpeOCjOOCq+ODs+OCv+ODs+OAgjxicj48YnI+PGJyPuKXj+WVhuWTgeOCteOCpOOCuu+8iGNt77yJPGJyPgrluYXntIQxNu+9mOWlpeihjOe0hDE3772Y6auY44GV57SEMjQ8YnI+CuKXj+adkOizqjxicj4K5qi56ISC6YOoL0FCU+aoueiEgijogJDnhrHmuKnluqY4MOW6pinjgIHnmr/pg6gv44K544OG44Oz44Os44K56Yu8KOOBteOBo+e0oOaoueiEguWhl+iGnOWKoOW3pSnjgIHjg5Hjg4Pjgq3jg7Mv44K344Oq44Kz44O844Oz44K044OgPGJyPgril4/pm7vmupA8YnI+CjEwMFYgNTAvNjBIWjxicj4K4peP5raI6LK76Zu75YqbPGJyPgo1MEha5pmCLzQwV+OAgTYwSFrmmYIvMzVXPGJyPgril4/lrprmoLzmmYLplpM8YnI+CjYw5YiGPGJyPgril4/lrrnph488YnI+Cue0hDQwMG1sPGJyPgril4/jgrPjg7zjg4njga7plbfjgZU8YnI+Cue0hDEuNW08YnI+PCEtLQo8Zm9udCBzaXplPTMgY29sb3I9cmVkPjxiPuOAkOW5tOacq+W5tOWni+OBruOBlOazqOaWh+ODu+OBiuWVj+OBhOWQiOOCj+OBm+OBq+mWouOBmeOCi+OBiuefpeOCieOBm+OAkTxicj48YnI+PC9mb250PgogCuKJquOBlOazqOaWh+OBq+OBpOOBhOOBpuKJqzxicj4K44Kk44Oz44K/44O844ON44OD44OI44GL44KJ44Gu44GU5rOo5paH44Gv5bm05Lit54Sh5LyR44Gn5om/44Gj44Gm44GK44KK44G+44GZ44CCPGJyPgoxMuaciDI35pelKOacqCkxNuaZguS7pemZjeOBq+OBhOOBn+OBoOOBhOOBn+OBlOazqOaWh+OBr+OAgTxicj4KMeaciDfml6Uo5pyIKeS7pemZjeOBq+mghuasoeOBlOWvvuW/nOOBleOBm+OBpumgguOBjeOBvuOBmeOAgjxicj4K44Gq44GK44CB5Zyo5bqr54q25rOB44Gr44KI44Gj44Gm44Gv44CB5ZWG5ZOB55m66YCB44G+44Gn44Gr44GK5pmC6ZaT44KS6aCC44GP5aC05ZCI44GM44GU44GW44GE44G+44GZ44CCPGJyPgrkuojjgoHjgZTnkIbop6Pjga7nqIvjgIHlrpzjgZfjgY/jgYrpoZjjgYTnlLPjgZfkuIrjgZLjgb7jgZnjgII8YnI+PGJyPgriiarjg6Hjg7zjg6vjgafjga7jgYrllY/lkIjjgZvjgavjgaTjgYTjgabiias8YnI+CjEy5pyIMjjml6Uo6YeRKTE25pmC5Lul6ZmN44Gu44GK5ZWP44GE5ZCI44KP44Gb44Gr44Gk44GE44Gm44Gv44CBPGJyPgox5pyIN+aXpSjmnIgp44KI44KK44CB6aCG5qyh44GU5a++5b+c44GV44Gb44Gm44GE44Gf44Gg44GN44G+44GZ44GMPGJyPgrlubTmnKvlubTlp4vjga/ku5XlhaXlhYjjgYzkvJHmpa3jga7ngrrjgIE8YnI+CuOBiuWVj+OBhOWQiOOCj+OBm+WGheWuueOBq+OCiOOCiui/lOS/oeOBvuOBp+OBq+OBiuaZgumWk+OCkuOBhOOBn+OBoOOBj+WgtOWQiOOBjOOBlOOBluOBhOOBvuOBmeOAgjxicj7kvZXljZLjgZTlrrnotabjgY/jgaDjgZXjgYTjgb7jgZnjgojjgYbjgYrpoZjjgYTnlLPjgZfjgYLjgZLjgb7jgZnjgII8YnI+PGJyPgogCuKJquOBiumbu+ipseOBp+OBruOBiuWVj+WQiOOBm+OBq+OBpOOBhOOBpuKJqwo8YnI+5oGQ44KM5YWl44KK44G+44GZ44GM44CBMTLmnIgyOOaXpSjph5Ep772eMeaciDbml6Uo5pelKeOBvuOBp+OBiuS8keOBv+OBleOBm+OBpumgguOBjeOBvuOBmeOAgjxicj48YnI+CiAKPC9iPgogIAoKCgoKCgo8ZGl2IGFsaWduPSJjZW50ZXIiPjxmb250IHN0eWxlPSIgZm9udC1zaXplOiAxNnB4OyBmb250LXdlaWdodDpib2xkOyBjb2xvcjojRkY2NjAwOyI+5qW95aSp44Op44Oz44Kt44Oz44Kw5bi46YCj77yB44Gn44KT44Gn44KT44Gu5Lq65rCX44Ki44Kk44OG44OgPC9mb250Pjxicj4KICA8dGFibGUgY2VsbHBhZGRpbmc9IjUiIGNlbGxzcGFjaW5nPSI0IiBiZ2NvbG9yPSIjRjA4MDgwIiBzdHlsZT0iZm9udC13ZWlnaHQ6Ym9sZDsiPgogICAgPHRyIGFsaWduPSJjZW50ZXIiPgogICAgICA8dGQgYmdjb2xvcj0iI2ZmZmZmZiI+IDxpbWcgc3JjPWh0dHA6Ly9pbWFnZS5yYWt1dGVuLmNvLmpwL2thZGVucmFuZC9jYWJpbmV0L2ppc2hhaGluLzU2MjAzMi0xLmpwZyBib3JkZXI9MCB3aWR0aD0xMzA+PGJyPgogICAgICAgIDxmb250IGNvbG9yPSJyZWQiPjEsOTgw5YaGPC9mb250Pjxicj4KICAgICAgICDjgJDpm7vmsJfjgrHjg4jjg6vjgJE8L3RkPgogICAgICA8dGQgYmdjb2xvcj0iI2ZmZmZmZiI+IDxpbWcgc3JjPWh0dHA6Ly9pbWFnZS5yYWt1dGVuLmNvLmpwL2thZGVucmFuZC9jYWJpbmV0L2ppc2FrdS81NjA1OTUuanBnIGJvcmRlcj0wIHdpZHRoPTEzNT48YnI+CiAgICAgICAgPGZvbnQgY29sb3I9InJlZCI+MSw5ODDlhoY8L2ZvbnQ+PGJyPgogICAgICAgIOOAkDJXQVnjg5fjg6zjg7zjg4jjgJE8L3RkPgogICAgICA8dGQgYmdjb2xvcj0iI2ZmZmZmZiI+IDxpbWcgc3JjPWh0dHA6Ly9pbWFnZS5yYWt1dGVuLmNvLmpwL2thZGVucmFuZC9jYWJpbmV0L2ppc2FrdS9tYXJ1dGkuanBnIGJvcmRlcj0wIHdpZHRoPTEzNT48YnI+CiAgICAgICAgPGZvbnQgY29sb3I9InJlZCI+Miw3ODDlhoY8L2ZvbnQ+PGJyPgogICAgICAgIOOAkOODnuODq+ODgeOCr+ODg+OCq+ODvOOAkTwvdGQ+CiAgICAgIDx0ZCBiZ2NvbG9yPSIjZmZmZmZmIj4gPGltZyBzcmM9aHR0cDovL2ltYWdlLnJha3V0ZW4uY28uanAva2FkZW5yYW5kL2NhYmluZXQvamlzaGFoaW4vNTYwNjcwLmpwZyBib3JkZXI9MCB3aWR0aD0xMzU+PGJyPgogICAgICAgIDxmb250IGNvbG9yPSJyZWQiPjQsNjgw5YaGPC9mb250Pjxicj4KICAgICAgICDjgJDluoPjgIXjg4jjg7zjgrnjgr/jg7zjgJE8L3RkPgogICAgICA8dGQgYmdjb2xvcj0iI2ZmZmZmZiI+IDxpbWcgc3JjPWh0dHA6Ly9pbWFnZS5yYWt1dGVuLmNvLmpwL2thZGVucmFuZC9jYWJpbmV0L2ppc2hhaGluLzU2MDA4Mi1qLmpwZyBib3JkZXI9MCB3aWR0aD0xMzU+PGJyPgogICAgICAgIDxmb250IGNvbG9yPSJyZWQiPjUsNjgw5YaGPC9mb250Pjxicj4KICAgICAgICDjgJDjgrfjg7Pjg5fjg6vjg6zjg7PjgrjjgJE8L3RkPgogICAgPC90cj4KICAgIDx0ciBhbGlnbj0iY2VudGVyIj4KICAgICAgPHRkIGJnY29sb3I9IiNmZmZmZmYiPiA8aW1nIHNyYz1odHRwOi8vaW1hZ2UucmFrdXRlbi5jby5qcC9rYWRlbnJhbmQvY2FiaW5ldC9qaXNha3UvNTMwMDQ3LTEuanBnIGJvcmRlcj0wIHdpZHRoPTEzMD48YnI+CiAgICAgICAgPGZvbnQgY29sb3I9InJlZCI+MTUsODAw5YaG772ePC9mb250Pjxicj4KICAgICAgICDjgJDpmaTmub/mqZ/jgJE8L3RkPgogICAgICA8dGQgYmdjb2xvcj0iI2ZmZmZmZiI+IDxpbWcgc3JjPWh0dHA6Ly9pbWFnZS5yYWt1dGVuLmNvLmpwL2thZGVucmFuZC9jYWJpbmV0L2ppc2hhaGluLzUzMDA0NC1lLmpwZyBib3JkZXI9MCB3aWR0aD0xMzU+PGJyPgogICAgICAgIDxmb250IGNvbG9yPSJyZWQiPjQsMTgw5YaGPC9mb250Pjxicj4KICAgICAgICDjgJDluIPlm6Pkub7nh6XmqZ/jgJE8L3RkPgogICAgICA8dGQgYmdjb2xvcj0iI2ZmZmZmZiI+IDxpbWcgc3JjPWh0dHA6Ly9pbWFnZS5yYWt1dGVuLmNvLmpwL2thZGVucmFuZC9jYWJpbmV0L2ppc2hhaGluLzU2MDgyOC1qLmpwZyBib3JkZXI9MCB3aWR0aD0xMzU+PGJyPgogICAgICAgIDxmb250IGNvbG9yPSJyZWQiPjE4LDkwMOWGhjwvZm9udD48YnI+CiAgICAgICAg44CQ56m65rCX5riF5rWE5qmf44CRPC90ZD4KICAgICAgPHRkIGJnY29sb3I9IiNmZmZmZmYiPiA8aW1nIHNyYz1odHRwOi8vaW1hZ2UucmFrdXRlbi5jby5qcC9rYWRlbnJhbmQvY2FiaW5ldC9kZW5kZW4xMC9pbWc1NjYxNDAxMy5qcGcgYm9yZGVyPTAgd2lkdGg9MTM1Pjxicj4KICAgICAgICA8Zm9udCBjb2xvcj0icmVkIj4xLDI3OeWGhjwvZm9udD48YnI+CiAgICAgICAg44CQ44Kz44O844OS44O844Oh44O844Kr44O844CRPC90ZD4KICAgICAgPHRkIGJnY29sb3I9IiNmZmZmZmYiPiA8aW1nIHNyYz1odHRwOi8vaW1hZ2UucmFrdXRlbi5jby5qcC9rYWRlbnJhbmQvY2FiaW5ldC9qaXNoYWhpbi81NTg2MTktZS5qcGcgYm9yZGVyPTAgd2lkdGg9MTM1Pjxicj4KICAgICAgICA8Zm9udCBjb2xvcj0icmVkIj41LDc4MOWGhjwvZm9udD48YnI+CiAgICAgICAg44CQ44K544OB44O844Og44Oi44OD44OX44CRPC90ZD4KICAgIDwvdHI+CiAgICA8dHIgYWxpZ249ImNlbnRlciI+CiAgICAgIDx0ZCBiZ2NvbG9yPSIjZmZmZmZmIj4gPGltZyBzcmM9aHR0cDovL2ltYWdlLnJha3V0ZW4uY28uanAva2FkZW5yYW5kL2NhYmluZXQvamlzaGFoaW4yLzI3MTAwOC1hbGwuanBnIGJvcmRlcj0wIHdpZHRoPTEzMD48YnI+CiAgICAgICAgPGZvbnQgY29sb3I9InJlZCI+MiwyODDlhobvvZ48L2ZvbnQ+PGJyPgogICAgICAgIOOAkOOCteODvOOCreODpeODrOODvOOCv+ODvOOAkTwvdGQ+CiAgICAgIDx0ZCBiZ2NvbG9yPSIjZmZmZmZmIj4gPGltZyBzcmM9aHR0cDovL2ltYWdlLnJha3V0ZW4uY28uanAva2FkZW5yYW5kL2NhYmluZXQvc2V0LzE4ODk4NTctZS5qcGcgYm9yZGVyPTAgd2lkdGg9MTM1Pjxicj4KICAgICAgICA8Zm9udCBjb2xvcj0icmVkIj4xLDg4MOWGhjwvZm9udD48YnI+CiAgICAgICAg44CQTEVE44K744Oz44K144O844Op44Kk44OI44CRPC90ZD4KICAgICAgPHRkIGJnY29sb3I9IiNmZmZmZmYiPiA8aW1nIHNyYz1odHRwOi8vaW1hZ2UucmFrdXRlbi5jby5qcC9lbmV0cm9vbS9jYWJpbmV0L2ppc2hhaGluLzI0MjQzMC1lLmpwZyBib3JkZXI9MCB3aWR0aD0xMzU+PGJyPgogICAgICAgIDxmb250IGNvbG9yPSJyZWQiPjEsMTgwMOWGhjwvZm9udD48YnI+CiAgICAgICAg44CQTEVE44K344O844Oq44Oz44Kw44CRPC90ZD4KICAgICAgPHRkIGJnY29sb3I9IiNmZmZmZmYiPiA8aW1nIHNyYz1odHRwOi8vaW1hZ2UucmFrdXRlbi5jby5qcC9rYWRlbnJhbmQvY2FiaW5ldC9qaXNha3UvOTQ3MTgzNi5qcGcgYm9yZGVyPTAgd2lkdGg9MTM1Pjxicj4KICAgICAgICA8Zm9udCBjb2xvcj0icmVkIj45LDk4MOWGhjwvZm9udD48YnI+CiAgICAgICAg44CQNOWQiOeyvuexs+apn+OAkTwvdGQ+CiAgICAgIDx0ZCBiZ2NvbG9yPSIjZmZmZmZmIj4gPGltZyBzcmM9aHR0cDovL2ltYWdlLnJha3V0ZW4uY28uanAva2FkZW5yYW5kL2NhYmluZXQvamlzYWt1Lzk0NzAzMDgtai5qcGcgYm9yZGVyPTAgd2lkdGg9MTM1Pjxicj4KICAgICAgICA8Zm9udCBjb2xvcj0icmVkIj4zLDQ4MOWGhjwvZm9udD48YnI+CiAgICAgICAg44CQTEVE44OZ44OD44OJ44Op44Kk44OI44CRPC90ZD4KICAgIDwvdHI+CiAgICA8dHIgYWxpZ249ImNlbnRlciI+CiAgICAgIDx0ZCBiZ2NvbG9yPSIjZmZmZmZmIj4gPGltZyBzcmM9aHR0cDovL2ltYWdlLnJha3V0ZW4uY28uanAva2FkZW5yYW5kL2NhYmluZXQvamlzaGFoaW4vNTU4NzE2LWFsbC1lLmpwZyBib3JkZXI9MCB3aWR0aD0xMzA+PGJyPgogICAgICAgIDxmb250IGNvbG9yPSJyZWQiPjIsOTgw5YaG772ePC9mb250Pjxicj4KICAgICAgICDjgJDmlpzjgoHjgorku5hMRUTjgJE8L3RkPgogICAgICA8dGQgYmdjb2xvcj0iI2ZmZmZmZiI+IDxpbWcgc3JjPWh0dHA6Ly9pbWFnZS5yYWt1dGVuLmNvLmpwL2thZGVucmFuZC9jYWJpbmV0L2ppc2FrdS81Mzg4MTktMS5qcGcgYm9yZGVyPTAgd2lkdGg9MTM1Pjxicj4KICAgICAgICA8Zm9udCBjb2xvcj0icmVkIj4zLDQ4MOWGhjwvZm9udD48YnI+CiAgICAgICAg44CQTEVE44K744Oz44K144O844Op44Kk44OI44CRPC90ZD4KICAgICAgPHRkIGJnY29sb3I9IiNmZmZmZmYiPiA8aW1nIHNyYz1odHRwOi8vaW1hZ2UucmFrdXRlbi5jby5qcC9rYWRlbnJhbmQvY2FiaW5ldC9kZW5kZW4vaW1nNTY2MzM5NjIuanBnIGJvcmRlcj0wIHdpZHRoPTEzNT48YnI+CiAgICAgICAgPGZvbnQgY29sb3I9InJlZCI+Miw5ODDlhoY8L2ZvbnQ+PGJyPgogICAgICAgIOOAkDJXQVnjgq/jg6rjg7zjg4rjg7zjgJE8L3RkPgogICAgICA8dGQgYmdjb2xvcj0iI2ZmZmZmZiI+IDxpbWcgc3JjPWh0dHA6Ly9pbWFnZS5yYWt1dGVuLmNvLmpwL2thZGVucmFuZC9jYWJpbmV0L2thZGVuMi85NDcwMjkwLTEuanBnIGJvcmRlcj0wIHdpZHRoPTEzNT48YnI+CiAgICAgICAgPGZvbnQgY29sb3I9InJlZCI+Miw0ODDlhoY8L2ZvbnQ+PGJyPgogICAgICAgIOOAkOOCuOODpeODvOOCteODvOOAkTwvdGQ+CiAgICAgIDx0ZCBiZ2NvbG9yPSIjZmZmZmZmIj4gPGltZyBzcmM9aHR0cDovL2ltYWdlLnJha3V0ZW4uY28uanAva2FkZW5yYW5kL2NhYmluZXQvamlzYWt1L3NobS0xMDB0LTEuanBnIGJvcmRlcj0wIHdpZHRoPTEzNT48YnI+CiAgICAgICAgPGZvbnQgY29sb3I9InJlZCI+MSw5ODDlhoY8L2ZvbnQ+PGJyPgogICAgICAgIOOAkOODkeODvOOCveODiuODq+WKoOa5v+WZqOOAkTwvdGQ+CiAgICA8L3RyPgogICAgPC90YWJsZT4KPC9kaXY+LS0+,44Oq44OI44Or44Oq44OD44OB44CA6Zu75rCX44OB44On44Kz44Os44O844OI44OV44Kh44Km44Oz44OG44OzUyDjg6zjg4Pjg4kgRC0zMDnjg4Hjg6fjgrPjg5Xjgqnjg7Pjg4fjg6Ug44Ob44O844Og44OR44O844OG44Kj44O8IOODgeODp+OCs+ODrOODvOODiOODleOCqeODs+ODh+ODpSDjg5Hjg7zjg4bjgqPjg7zjgrDjg4Pjgrog44OB44On44Kz44OV44Kp44Oz44OH44Ol44OB44On44Kz44Os44O844OI44OV44Kp44Oz44OH44OlIOODgeODp+OCs+ODleOCqeODs+ODh+ODpeODkeODvOODhuOCo+ODvOOCsOODg+OCuiDjg5Hjg7zjg6vph5HlsZ4g44CQROOAke+8muOCt+ODp+ODg+ODlOODs+OCsOODqeODs+ODieOAgOOBp+OCk+OBp+OCkw==,5a626Zu744Ki44Kk44Oq44K544Kq44O844Ok44Oe5biD5Zuj5Lm+54el5qmfIOOCq+ODqeODquOCqOODgOOCpOOCreODsyBEQUlLSU7liqDmub/lmahJSOOCr+ODg+OCreODs+OCsOODkuODvOOCv+ODvExFROmbu+eQg+epuuawl+a4hea1hOapn0xFROOCt+ODvOODquODs+OCsOODqeOCpOODiOaaluaIv+aOg+mZpOapn+mAgeaWmeeEoeaWmeixoeWNsCBaT0pJUlVTSEnjgrnjg4bjgqPjg4Pjgq/jgq/jg6rjg7zjg4rjg7zjgqTjg6Tjg5vjg7Pmpb3lpKnmmYLoqIjjgqvjgrfjgqogQ0FTSU/jgrvjgqTjgrPjg7wgU0VJS09TSEFSUCDjgrfjg6Pjg7zjg5fjg6rjg4jjg6vjg6rjg4Pjg4HjgIDpm7vmsJfjg4Hjg6fjgrPjg6zjg7zjg4jjg5XjgqHjgqbjg7Pjg4bjg7NTIOODrOODg+ODiSBELTMwOeODgeODp+OCs+ODleOCqeODs+ODh+ODpSDjg5vjg7zjg6Djg5Hjg7zjg4bjgqPjg7wg44OB44On44Kz44Os44O844OI44OV44Kp44Oz44OH44OlIOODkeODvOODhuOCo+ODvOOCsOODg+OCuiDjg4Hjg6fjgrPjg5Xjgqnjg7Pjg4fjg6Xjg4Hjg6fjgrPjg6zjg7zjg4jjg5Xjgqnjg7Pjg4fjg6Ug44OB44On44Kz44OV44Kp44Oz44OH44Ol44OR44O844OG44Kj44O844Kw44OD44K6IOODkeODvOODq+mHkeWxniDjgJBE44CR,MTAwMOWGhk9GRuOCr+ODvOODneODs+eZuuihjOS4reKZqjI15pelYW0xOjU56L+E77yB44CC44Oq44OI44Or44Oq44OD44OB44CA6Zu75rCX44OB44On44Kz44Os44O844OI44OV44Kh44Km44Oz44OG44OzUyDjg6zjg4Pjg4kgRC0zMDnjg4Hjg6fjgrPjg5Xjgqnjg7Pjg4fjg6Ug44Ob44O844Og44OR44O844OG44Kj44O8IOODgeODp+OCs+ODrOODvOODiOODleOCqeODs+ODh+ODpSDjg5Hjg7zjg4bjgqPjg7zjgrDjg4Pjgrog44OB44On44Kz44OV44Kp44Oz44OH44Ol44OB44On44Kz44Os44O844OI44OV44Kp44Oz44OH44OlIOODgeODp+OCs+ODleOCqeODs+ODh+ODpeODkeODvOODhuOCo+ODvOOCsOODg+OCuiDjg5Hjg7zjg6vph5HlsZ4g44CQROOAkQ==[rn]
9-88286,aHR0cDovL3RzaG9wLnIxMHMuanAva2FkZW5yYW5kL2NhYmluZXQvdGFzeWEzNS83MDc2ODMwLWUuanBnP2ZpdGluPTcwMDo3MDA=,MTYxNS4yMDAw,,44Kt44OD44OB44Oz55So5ZOB44O76aOf5Zmo44O76Kq/55CG5Zmo5YW3ID4g44Gd44Gu5LuW,44Oq44OI44Or44Oq44OD44OB44CA44OB44On44Kz44OV44Kp44Oz44OH44OlIOODrOODg+ODiSBELTMxMeODgeODp+OCs+ODleOCqeODs+ODh+ODpSDjg5vjg7zjg6Djg5Hjg7zjg4bjgqPjg7wg44OB44On44Kz44Os44O844OI44OV44Kp44Oz44OH44OlIOODkeODvOODhuOCo+ODvOOCsOODg+OCuiDjg4Hjg6fjgrPjg5Xjgqnjg7Pjg4fjg6Xjg4Hjg6fjgrPjg6zjg7zjg4jjg5Xjgqnjg7Pjg4fjg6Ug44OB44On44Kz44OV44Kp44Oz44OH44Ol44OR44O844OG44Kj44O844Kw44OD44K6IOODkeODvOODq+mHkeWxniDjgJBE44CR,MTAwMOWGhk9GRuOCr+ODvOODneODs+eZuuihjOS4reKZqjI15pelYW0xOjU56L+E77yB,PGI+PGZvbnQgY29sb3I9IiNEQ0RDREMiPuODgeODp+OCs+ODleOCqeODs+ODh+ODpSDjg5vjg7zjg6Djg5Hjg7zjg4bjgqPjg7wg44OB44On44Kz44Os44O844OI44OV44Kp44Oz44OH44OlIOODkeODvOODhuOCo+ODvOOCsOODg+OCuiDjg4Hjg6fjgrPjg5Xjgqnjg7Pjg4fjg6Xjg4Hjg6fjgrPjg6zjg7zjg4jjg5Xjgqnjg7Pjg4fjg6Ug44OR44O844Or6YeR5bGePC9mb250PjwvYj48YnI+54Gr44KS5L2/44KP44Ga44Gr6Zu75rCX44Gn5a6J5b+D44O757Ch5Y2Y77yBPGJyPgrlj5bjgorlpJbjgZfjgabmtJfjgYjjgovjg5/jg4vpjYvjga/jgbXjgaPntKDliqDlt6XjgZXjgozjgabjgYTjgovjga7jgafjgIHjgZPjgbPjgorjgaTjgY3jgavjgY/jgY/jgIHjgYrmiYvlhaXjgoznsKHljZjimao8YnI+CuOBv+OCk+OBquOBp+alveOBl+OCgeOCi+ODleOCqeODs+ODh+ODpeODleOCqeODvOOCrzTmnKzku5g8YnI+PGJyPjxicj7il4/llYblk4HjgrXjgqTjgrrvvIhjbe+8iTxicj4K5bmF57SEMTQuNe+9mOWlpeihjOe0hDE0772Y6auY44GV57SEMTM8YnI+CuKXj+adkOizqjxicj4K5pys5L2TL0FCU+aoueiEgijogJDnhrHmuKnluqY3MOW6pinjgIHjg5/jg4vpjYsv44Ki44Or44Of44OL44Km44OgKOOBteOBo+e0oOaoueiEguWhl+iGnOWKoOW3pSnjgIHjg5Xjgqnjg7zjgq8v44K544OG44Oz44Os44K56Yu844O744Od44Oq44OX44Ot44OU44Os44OzKOiAkOeGsea4qeW6pjcw5bqmKTxicj4K4peP6Zu75rqQPGJyPgoxMDBWIDUwLzYwSFo8YnI+CuKXj+a2iOiyu+mbu+WKmzxicj4KMjVXPGJyPgril4/lrrnph488YnI+Cue0hDM1MG1sPGJyPgril4/jgrPjg7zjg4njga7plbfjgZU8YnI+Cue0hDEuNW08YnI+PCEtLQo8Zm9udCBzaXplPTMgY29sb3I9cmVkPjxiPuOAkOW5tOacq+W5tOWni+OBruOBlOazqOaWh+ODu+OBiuWVj+OBhOWQiOOCj+OBm+OBq+mWouOBmeOCi+OBiuefpeOCieOBm+OAkTxicj48YnI+PC9mb250PgogCuKJquOBlOazqOaWh+OBq+OBpOOBhOOBpuKJqzxicj4K44Kk44Oz44K/44O844ON44OD44OI44GL44KJ44Gu44GU5rOo5paH44Gv5bm05Lit54Sh5LyR44Gn5om/44Gj44Gm44GK44KK44G+44GZ44CCPGJyPgoxMuaciDI35pelKOacqCkxNuaZguS7pemZjeOBq+OBhOOBn+OBoOOBhOOBn+OBlOazqOaWh+OBr+OAgTxicj4KMeaciDfml6Uo5pyIKeS7pemZjeOBq+mghuasoeOBlOWvvuW/nOOBleOBm+OBpumgguOBjeOBvuOBmeOAgjxicj4K44Gq44GK44CB5Zyo5bqr54q25rOB44Gr44KI44Gj44Gm44Gv44CB5ZWG5ZOB55m66YCB44G+44Gn44Gr44GK5pmC6ZaT44KS6aCC44GP5aC05ZCI44GM44GU44GW44GE44G+44GZ44CCPGJyPgrkuojjgoHjgZTnkIbop6Pjga7nqIvjgIHlrpzjgZfjgY/jgYrpoZjjgYTnlLPjgZfkuIrjgZLjgb7jgZnjgII8YnI+PGJyPgriiarjg6Hjg7zjg6vjgafjga7jgYrllY/lkIjjgZvjgavjgaTjgYTjgabiias8YnI+CjEy5pyIMjjml6Uo6YeRKTE25pmC5Lul6ZmN44Gu44GK5ZWP44GE5ZCI44KP44Gb44Gr44Gk44GE44Gm44Gv44CBPGJyPgox5pyIN+aXpSjmnIgp44KI44KK44CB6aCG5qyh44GU5a++5b+c44GV44Gb44Gm44GE44Gf44Gg44GN44G+44GZ44GMPGJyPgrlubTmnKvlubTlp4vjga/ku5XlhaXlhYjjgYzkvJHmpa3jga7ngrrjgIE8YnI+CuOBiuWVj+OBhOWQiOOCj+OBm+WGheWuueOBq+OCiOOCiui/lOS/oeOBvuOBp+OBq+OBiuaZgumWk+OCkuOBhOOBn+OBoOOBj+WgtOWQiOOBjOOBlOOBluOBhOOBvuOBmeOAgjxicj7kvZXljZLjgZTlrrnotabjgY/jgaDjgZXjgYTjgb7jgZnjgojjgYbjgYrpoZjjgYTnlLPjgZfjgYLjgZLjgb7jgZnjgII8YnI+PGJyPgogCuKJquOBiumbu+ipseOBp+OBruOBiuWVj+WQiOOBm+OBq+OBpOOBhOOBpuKJqwo8YnI+5oGQ44KM5YWl44KK44G+44GZ44GM44CBMTLmnIgyOOaXpSjph5Ep772eMeaciDbml6Uo5pelKeOBvuOBp+OBiuS8keOBv+OBleOBm+OBpumgguOBjeOBvuOBmeOAgjxicj48YnI+CiAKPC9iPgogIAoKCgoKCgo8ZGl2IGFsaWduPSJjZW50ZXIiPjxmb250IHN0eWxlPSIgZm9udC1zaXplOiAxNnB4OyBmb250LXdlaWdodDpib2xkOyBjb2xvcjojRkY2NjAwOyI+5qW95aSp44Op44Oz44Kt44Oz44Kw5bi46YCj77yB44Gn44KT44Gn44KT44Gu5Lq65rCX44Ki44Kk44OG44OgPC9mb250Pjxicj4KICA8dGFibGUgY2VsbHBhZGRpbmc9IjUiIGNlbGxzcGFjaW5nPSI0IiBiZ2NvbG9yPSIjRjA4MDgwIiBzdHlsZT0iZm9udC13ZWlnaHQ6Ym9sZDsiPgogICAgPHRyIGFsaWduPSJjZW50ZXIiPgogICAgICA8dGQgYmdjb2xvcj0iI2ZmZmZmZiI+IDxpbWcgc3JjPWh0dHA6Ly9pbWFnZS5yYWt1dGVuLmNvLmpwL2thZGVucmFuZC9jYWJpbmV0L2ppc2hhaGluLzU2MjAzMi0xLmpwZyBib3JkZXI9MCB3aWR0aD0xMzA+PGJyPgogICAgICAgIDxmb250IGNvbG9yPSJyZWQiPjEsOTgw5YaGPC9mb250Pjxicj4KICAgICAgICDjgJDpm7vmsJfjgrHjg4jjg6vjgJE8L3RkPgogICAgICA8dGQgYmdjb2xvcj0iI2ZmZmZmZiI+IDxpbWcgc3JjPWh0dHA6Ly9pbWFnZS5yYWt1dGVuLmNvLmpwL2thZGVucmFuZC9jYWJpbmV0L2ppc2FrdS81NjA1OTUuanBnIGJvcmRlcj0wIHdpZHRoPTEzNT48YnI+CiAgICAgICAgPGZvbnQgY29sb3I9InJlZCI+MSw5ODDlhoY8L2ZvbnQ+PGJyPgogICAgICAgIOOAkDJXQVnjg5fjg6zjg7zjg4jjgJE8L3RkPgogICAgICA8dGQgYmdjb2xvcj0iI2ZmZmZmZiI+IDxpbWcgc3JjPWh0dHA6Ly9pbWFnZS5yYWt1dGVuLmNvLmpwL2thZGVucmFuZC9jYWJpbmV0L2ppc2FrdS9tYXJ1dGkuanBnIGJvcmRlcj0wIHdpZHRoPTEzNT48YnI+CiAgICAgICAgPGZvbnQgY29sb3I9InJlZCI+Miw3ODDlhoY8L2ZvbnQ+PGJyPgogICAgICAgIOOAkOODnuODq+ODgeOCr+ODg+OCq+ODvOOAkTwvdGQ+CiAgICAgIDx0ZCBiZ2NvbG9yPSIjZmZmZmZmIj4gPGltZyBzcmM9aHR0cDovL2ltYWdlLnJha3V0ZW4uY28uanAva2FkZW5yYW5kL2NhYmluZXQvamlzaGFoaW4vNTYwNjcwLmpwZyBib3JkZXI9MCB3aWR0aD0xMzU+PGJyPgogICAgICAgIDxmb250IGNvbG9yPSJyZWQiPjQsNjgw5YaGPC9mb250Pjxicj4KICAgICAgICDjgJDluoPjgIXjg4jjg7zjgrnjgr/jg7zjgJE8L3RkPgogICAgICA8dGQgYmdjb2xvcj0iI2ZmZmZmZiI+IDxpbWcgc3JjPWh0dHA6Ly9pbWFnZS5yYWt1dGVuLmNvLmpwL2thZGVucmFuZC9jYWJpbmV0L2ppc2hhaGluLzU2MDA4Mi1qLmpwZyBib3JkZXI9MCB3aWR0aD0xMzU+PGJyPgogICAgICAgIDxmb250IGNvbG9yPSJyZWQiPjUsNjgw5YaGPC9mb250Pjxicj4KICAgICAgICDjgJDjgrfjg7Pjg5fjg6vjg6zjg7PjgrjjgJE8L3RkPgogICAgPC90cj4KICAgIDx0ciBhbGlnbj0iY2VudGVyIj4KICAgICAgPHRkIGJnY29sb3I9IiNmZmZmZmYiPiA8aW1nIHNyYz1odHRwOi8vaW1hZ2UucmFrdXRlbi5jby5qcC9rYWRlbnJhbmQvY2FiaW5ldC9qaXNha3UvNTMwMDQ3LTEuanBnIGJvcmRlcj0wIHdpZHRoPTEzMD48YnI+CiAgICAgICAgPGZvbnQgY29sb3I9InJlZCI+MTUsODAw5YaG772ePC9mb250Pjxicj4KICAgICAgICDjgJDpmaTmub/mqZ/jgJE8L3RkPgogICAgICA8dGQgYmdjb2xvcj0iI2ZmZmZmZiI+IDxpbWcgc3JjPWh0dHA6Ly9pbWFnZS5yYWt1dGVuLmNvLmpwL2thZGVucmFuZC9jYWJpbmV0L2ppc2hhaGluLzUzMDA0NC1lLmpwZyBib3JkZXI9MCB3aWR0aD0xMzU+PGJyPgogICAgICAgIDxmb250IGNvbG9yPSJyZWQiPjQsMTgw5YaGPC9mb250Pjxicj4KICAgICAgICDjgJDluIPlm6Pkub7nh6XmqZ/jgJE8L3RkPgogICAgICA8dGQgYmdjb2xvcj0iI2ZmZmZmZiI+IDxpbWcgc3JjPWh0dHA6Ly9pbWFnZS5yYWt1dGVuLmNvLmpwL2thZGVucmFuZC9jYWJpbmV0L2ppc2hhaGluLzU2MDgyOC1qLmpwZyBib3JkZXI9MCB3aWR0aD0xMzU+PGJyPgogICAgICAgIDxmb250IGNvbG9yPSJyZWQiPjE4LDkwMOWGhjwvZm9udD48YnI+CiAgICAgICAg44CQ56m65rCX5riF5rWE5qmf44CRPC90ZD4KICAgICAgPHRkIGJnY29sb3I9IiNmZmZmZmYiPiA8aW1nIHNyYz1odHRwOi8vaW1hZ2UucmFrdXRlbi5jby5qcC9rYWRlbnJhbmQvY2FiaW5ldC9kZW5kZW4xMC9pbWc1NjYxNDAxMy5qcGcgYm9yZGVyPTAgd2lkdGg9MTM1Pjxicj4KICAgICAgICA8Zm9udCBjb2xvcj0icmVkIj4xLDI3OeWGhjwvZm9udD48YnI+CiAgICAgICAg44CQ44Kz44O844OS44O844Oh44O844Kr44O844CRPC90ZD4KICAgICAgPHRkIGJnY29sb3I9IiNmZmZmZmYiPiA8aW1nIHNyYz1odHRwOi8vaW1hZ2UucmFrdXRlbi5jby5qcC9rYWRlbnJhbmQvY2FiaW5ldC9qaXNoYWhpbi81NTg2MTktZS5qcGcgYm9yZGVyPTAgd2lkdGg9MTM1Pjxicj4KICAgICAgICA8Zm9udCBjb2xvcj0icmVkIj41LDc4MOWGhjwvZm9udD48YnI+CiAgICAgICAg44CQ44K544OB44O844Og44Oi44OD44OX44CRPC90ZD4KICAgIDwvdHI+CiAgICA8dHIgYWxpZ249ImNlbnRlciI+CiAgICAgIDx0ZCBiZ2NvbG9yPSIjZmZmZmZmIj4gPGltZyBzcmM9aHR0cDovL2ltYWdlLnJha3V0ZW4uY28uanAva2FkZW5yYW5kL2NhYmluZXQvamlzaGFoaW4yLzI3MTAwOC1hbGwuanBnIGJvcmRlcj0wIHdpZHRoPTEzMD48YnI+CiAgICAgICAgPGZvbnQgY29sb3I9InJlZCI+MiwyODDlhobvvZ48L2ZvbnQ+PGJyPgogICAgICAgIOOAkOOCteODvOOCreODpeODrOODvOOCv+ODvOOAkTwvdGQ+CiAgICAgIDx0ZCBiZ2NvbG9yPSIjZmZmZmZmIj4gPGltZyBzcmM9aHR0cDovL2ltYWdlLnJha3V0ZW4uY28uanAva2FkZW5yYW5kL2NhYmluZXQvc2V0LzE4ODk4NTctZS5qcGcgYm9yZGVyPTAgd2lkdGg9MTM1Pjxicj4KICAgICAgICA8Zm9udCBjb2xvcj0icmVkIj4xLDg4MOWGhjwvZm9udD48YnI+CiAgICAgICAg44CQTEVE44K744Oz44K144O844Op44Kk44OI44CRPC90ZD4KICAgICAgPHRkIGJnY29sb3I9IiNmZmZmZmYiPiA8aW1nIHNyYz1odHRwOi8vaW1hZ2UucmFrdXRlbi5jby5qcC9lbmV0cm9vbS9jYWJpbmV0L2ppc2hhaGluLzI0MjQzMC1lLmpwZyBib3JkZXI9MCB3aWR0aD0xMzU+PGJyPgogICAgICAgIDxmb250IGNvbG9yPSJyZWQiPjEsMTgwMOWGhjwvZm9udD48YnI+CiAgICAgICAg44CQTEVE44K344O844Oq44Oz44Kw44CRPC90ZD4KICAgICAgPHRkIGJnY29sb3I9IiNmZmZmZmYiPiA8aW1nIHNyYz1odHRwOi8vaW1hZ2UucmFrdXRlbi5jby5qcC9rYWRlbnJhbmQvY2FiaW5ldC9qaXNha3UvOTQ3MTgzNi5qcGcgYm9yZGVyPTAgd2lkdGg9MTM1Pjxicj4KICAgICAgICA8Zm9udCBjb2xvcj0icmVkIj45LDk4MOWGhjwvZm9udD48YnI+CiAgICAgICAg44CQNOWQiOeyvuexs+apn+OAkTwvdGQ+CiAgICAgIDx0ZCBiZ2NvbG9yPSIjZmZmZmZmIj4gPGltZyBzcmM9aHR0cDovL2ltYWdlLnJha3V0ZW4uY28uanAva2FkZW5yYW5kL2NhYmluZXQvamlzYWt1Lzk0NzAzMDgtai5qcGcgYm9yZGVyPTAgd2lkdGg9MTM1Pjxicj4KICAgICAgICA8Zm9udCBjb2xvcj0icmVkIj4zLDQ4MOWGhjwvZm9udD48YnI+CiAgICAgICAg44CQTEVE44OZ44OD44OJ44Op44Kk44OI44CRPC90ZD4KICAgIDwvdHI+CiAgICA8dHIgYWxpZ249ImNlbnRlciI+CiAgICAgIDx0ZCBiZ2NvbG9yPSIjZmZmZmZmIj4gPGltZyBzcmM9aHR0cDovL2ltYWdlLnJha3V0ZW4uY28uanAva2FkZW5yYW5kL2NhYmluZXQvamlzaGFoaW4vNTU4NzE2LWFsbC1lLmpwZyBib3JkZXI9MCB3aWR0aD0xMzA+PGJyPgogICAgICAgIDxmb250IGNvbG9yPSJyZWQiPjIsOTgw5YaG772ePC9mb250Pjxicj4KICAgICAgICDjgJDmlpzjgoHjgorku5hMRUTjgJE8L3RkPgogICAgICA8dGQgYmdjb2xvcj0iI2ZmZmZmZiI+IDxpbWcgc3JjPWh0dHA6Ly9pbWFnZS5yYWt1dGVuLmNvLmpwL2thZGVucmFuZC9jYWJpbmV0L2ppc2FrdS81Mzg4MTktMS5qcGcgYm9yZGVyPTAgd2lkdGg9MTM1Pjxicj4KICAgICAgICA8Zm9udCBjb2xvcj0icmVkIj4zLDQ4MOWGhjwvZm9udD48YnI+CiAgICAgICAg44CQTEVE44K744Oz44K144O844Op44Kk44OI44CRPC90ZD4KICAgICAgPHRkIGJnY29sb3I9IiNmZmZmZmYiPiA8aW1nIHNyYz1odHRwOi8vaW1hZ2UucmFrdXRlbi5jby5qcC9rYWRlbnJhbmQvY2FiaW5ldC9kZW5kZW4vaW1nNTY2MzM5NjIuanBnIGJvcmRlcj0wIHdpZHRoPTEzNT48YnI+CiAgICAgICAgPGZvbnQgY29sb3I9InJlZCI+Miw5ODDlhoY8L2ZvbnQ+PGJyPgogICAgICAgIOOAkDJXQVnjgq/jg6rjg7zjg4rjg7zjgJE8L3RkPgogICAgICA8dGQgYmdjb2xvcj0iI2ZmZmZmZiI+IDxpbWcgc3JjPWh0dHA6Ly9pbWFnZS5yYWt1dGVuLmNvLmpwL2thZGVucmFuZC9jYWJpbmV0L2thZGVuMi85NDcwMjkwLTEuanBnIGJvcmRlcj0wIHdpZHRoPTEzNT48YnI+CiAgICAgICAgPGZvbnQgY29sb3I9InJlZCI+Miw0ODDlhoY8L2ZvbnQ+PGJyPgogICAgICAgIOOAkOOCuOODpeODvOOCteODvOOAkTwvdGQ+CiAgICAgIDx0ZCBiZ2NvbG9yPSIjZmZmZmZmIj4gPGltZyBzcmM9aHR0cDovL2ltYWdlLnJha3V0ZW4uY28uanAva2FkZW5yYW5kL2NhYmluZXQvamlzYWt1L3NobS0xMDB0LTEuanBnIGJvcmRlcj0wIHdpZHRoPTEzNT48YnI+CiAgICAgICAgPGZvbnQgY29sb3I9InJlZCI+MSw5ODDlhoY8L2ZvbnQ+PGJyPgogICAgICAgIOOAkOODkeODvOOCveODiuODq+WKoOa5v+WZqOOAkTwvdGQ+CiAgICA8L3RyPgogICAgPC90YWJsZT4KPC9kaXY+LS0+,44Oq44OI44Or44Oq44OD44OB44CA44OB44On44Kz44OV44Kp44Oz44OH44OlIOODrOODg+ODiSBELTMxMeODgeODp+OCs+ODleOCqeODs+ODh+ODpSDjg5vjg7zjg6Djg5Hjg7zjg4bjgqPjg7wg44OB44On44Kz44Os44O844OI44OV44Kp44Oz44OH44OlIOODkeODvOODhuOCo+ODvOOCsOODg+OCuiDjg4Hjg6fjgrPjg5Xjgqnjg7Pjg4fjg6Xjg4Hjg6fjgrPjg6zjg7zjg4jjg5Xjgqnjg7Pjg4fjg6Ug44OB44On44Kz44OV44Kp44Oz44OH44Ol44OR44O844OG44Kj44O844Kw44OD44K6IOODkeODvOODq+mHkeWxniDjgJBE44CR77ya44K344On44OD44OU44Oz44Kw44Op44Oz44OJ44CA44Gn44KT44Gn44KT,5a626Zu744Ki44Kk44Oq44K544Kq44O844Ok44Oe5biD5Zuj5Lm+54el5qmfIOOCq+ODqeODquOCqOODgOOCpOOCreODsyBEQUlLSU7liqDmub/lmahJSOOCr+ODg+OCreODs+OCsOODkuODvOOCv+ODvExFROmbu+eQg+epuuawl+a4hea1hOapn0xFROOCt+ODvOODquODs+OCsOODqeOCpOODiOaaluaIv+aOg+mZpOapn+mAgeaWmeeEoeaWmeixoeWNsCBaT0pJUlVTSEnjgrnjg4bjgqPjg4Pjgq/jgq/jg6rjg7zjg4rjg7zjgqTjg6Tjg5vjg7Pmpb3lpKnmmYLoqIjjgqvjgrfjgqogQ0FTSU/jgrvjgqTjgrPjg7wgU0VJS09TSEFSUCDjgrfjg6Pjg7zjg5fjg6rjg4jjg6vjg6rjg4Pjg4HjgIDjg4Hjg6fjgrPjg5Xjgqnjg7Pjg4fjg6Ug44Os44OD44OJIEQtMzEx44OB44On44Kz44OV44Kp44Oz44OH44OlIOODm+ODvOODoOODkeODvOODhuOCo+ODvCDjg4Hjg6fjgrPjg6zjg7zjg4jjg5Xjgqnjg7Pjg4fjg6Ug44OR44O844OG44Kj44O844Kw44OD44K6IOODgeODp+OCs+ODleOCqeODs+ODh+ODpeODgeODp+OCs+ODrOODvOODiOODleOCqeODs+ODh+ODpSDjg4Hjg6fjgrPjg5Xjgqnjg7Pjg4fjg6Xjg5Hjg7zjg4bjgqPjg7zjgrDjg4Pjgrog44OR44O844Or6YeR5bGeIOOAkETjgJE=,MTAwMOWGhk9GRuOCr+ODvOODneODs+eZuuihjOS4reKZqjI15pelYW0xOjU56L+E77yB44CC44Oq44OI44Or44Oq44OD44OB44CA44OB44On44Kz44OV44Kp44Oz44OH44OlIOODrOODg+ODiSBELTMxMeODgeODp+OCs+ODleOCqeODs+ODh+ODpSDjg5vjg7zjg6Djg5Hjg7zjg4bjgqPjg7wg44OB44On44Kz44Os44O844OI44OV44Kp44Oz44OH44OlIOODkeODvOODhuOCo+ODvOOCsOODg+OCuiDjg4Hjg6fjgrPjg5Xjgqnjg7Pjg4fjg6Xjg4Hjg6fjgrPjg6zjg7zjg4jjg5Xjgqnjg7Pjg4fjg6Ug44OB44On44Kz44OV44Kp44Oz44OH44Ol44OR44O844OG44Kj44O844Kw44OD44K6IOODkeODvOODq+mHkeWxniDjgJBE44CR[rn]
9-88287,aHR0cDovL3RzaG9wLnIxMHMuanAva2FkZW5yYW5kL2NhYmluZXQvdGFzeWEzNS83MDc2ODM5LWUuanBnP2ZpdGluPTcwMDo3MDA=,MTA5Ni44MDAw,,44Kt44OD44OB44Oz55So5ZOB44O76aOf5Zmo44O76Kq/55CG5Zmo5YW3ID4g44Gd44Gu5LuW,44OP44O844OI44OV44OrSUnpm7vmsJfjg4Hjg6fjgrPjg6zjg7zjgr/jg7wgRC0xMzfjg4Hjg6fjgrPjg5Xjgqnjg7Pjg4fjg6Ug44Ob44O844Og44OR44O844OG44Kj44O8IOODgeODp+OCs+ODrOODvOODiOODleOCqeODs+ODh+ODpSDjg5Hjg7zjg4bjgqPjg7zjgrDjg4Pjgrog44OB44On44Kz44OV44Kp44Oz44OH44Ol44OB44On44Kz44Os44O844OI44OV44Kp44Oz44OH44OlIOODkeODvOODq+mHkeWxniDjg6zjg4Pjg4njg7vjg4Hjg6fjgrPjgJBE44CR,MTAwMOWGhk9GRuOCr+ODvOODneODs+eZuuihjOS4reKZqjI15pelYW0xOjU56L+E77yB,PGI+PGZvbnQgY29sb3I9IiNEQ0RDREMiPuODgeODp+OCs+ODleOCqeODs+ODh+ODpSDjg5vjg7zjg6Djg5Hjg7zjg4bjgqPjg7wg44OB44On44Kz44Os44O844OI44OV44Kp44Oz44OH44OlIOODkeODvOODhuOCo+ODvOOCsOODg+OCuiDjg4Hjg6fjgrPjg5Xjgqnjg7Pjg4fjg6Xjg4Hjg6fjgrPjg6zjg7zjg4jjg5Xjgqnjg7Pjg4fjg6Ug44OR44O844Or6YeR5bGePC9mb250PjwvYj48YnI+6Zu75rCX44KS5L2/44Gj44Gm5omL6Lu944Gr44OB44On44Kz44Os44O844OI44KS5rq244GL44GZ44GT44Go44GM44Gn44GN44KL77yBPGJyPgrjgqvjg4Pjg4jjgZfjgZ/jg5Xjg6vjg7zjg4TjgoTjg57jgrfjg6Xjg57jg63jgIHjgq/jg4Pjgq3jg7zjgarjganjgafjg4Hjg6fjgrPjg6zjg7zjg4jjg5Xjgqnjg7Pjg4fjg6XjgYznsKHljZjjgavmpb3jgZfjgoHjgb7jgZnjgII8YnI+CuODn+ODi+mNi+OBp+a6tuOBi+OBl+OBn+ODgeODp+OCs+ODrOODvOODiOOCkuWei+OBq+a1geOBl+WFpeOCjOOCjOOBsOewoeWNmOOBq+Wei+aKnOOBjeODgeODp+OCs+OBruOBp+OBjeOBguOBjOOCiuKZqjxicj48YnI+PGJyPuKXj+WVhuWTgeOCteOCpOOCuu+8iGNt77yJPGJyPgrmnKzkvZPvvJrluYXntIQxOS4w772Y5aWl6KGM57SEMTQuNe+9mOmrmOOBlee0hDguNTxicj4K44Of44OL6Y2L77ya5bmF57SEMTguNe+9mOWlpeihjOe0hDEwLjXvvZjpq5jjgZXntIQ3LjA8YnI+CuKXj+acrOS9k+mHjemHjyjntIQpPGJyPgo0MDBnPGJyPgril4/mnZDos6o8YnI+CuacrOS9ky/jg53jg6rjg5fjg63jg5Tjg6zjg7Mo6ICQ54ax5rip5bqmMTAw5bqmKeOAgeODn+ODi+mNiy/jgqLjg6vjg5/jg4vjgqbjg6Ao44G144Gj57Sg5qi56ISC5aGX6Iac5Yqg5belKeOAgeODneODquODl+ODreODlOODrOODsyjogJDnhrHmuKnluqYxMDDluqYpPGJyPgril4/pm7vmupA8YnI+CjEwMFYgNTAvNjBIWjxicj4K4peP5raI6LK76Zu75YqbPGJyPgoxNVc8YnI+CuKXj+OCs+ODvOODieOBrumVt+OBlTxicj4KMW08YnI+PCEtLQo8Zm9udCBzaXplPTMgY29sb3I9cmVkPjxiPuOAkOW5tOacq+W5tOWni+OBruOBlOazqOaWh+ODu+OBiuWVj+OBhOWQiOOCj+OBm+OBq+mWouOBmeOCi+OBiuefpeOCieOBm+OAkTxicj48YnI+PC9mb250PgogCuKJquOBlOazqOaWh+OBq+OBpOOBhOOBpuKJqzxicj4K44Kk44Oz44K/44O844ON44OD44OI44GL44KJ44Gu44GU5rOo5paH44Gv5bm05Lit54Sh5LyR44Gn5om/44Gj44Gm44GK44KK44G+44GZ44CCPGJyPgoxMuaciDI35pelKOacqCkxNuaZguS7pemZjeOBq+OBhOOBn+OBoOOBhOOBn+OBlOazqOaWh+OBr+OAgTxicj4KMeaciDfml6Uo5pyIKeS7pemZjeOBq+mghuasoeOBlOWvvuW/nOOBleOBm+OBpumgguOBjeOBvuOBmeOAgjxicj4K44Gq44GK44CB5Zyo5bqr54q25rOB44Gr44KI44Gj44Gm44Gv44CB5ZWG5ZOB55m66YCB44G+44Gn44Gr44GK5pmC6ZaT44KS6aCC44GP5aC05ZCI44GM44GU44GW44GE44G+44GZ44CCPGJyPgrkuojjgoHjgZTnkIbop6Pjga7nqIvjgIHlrpzjgZfjgY/jgYrpoZjjgYTnlLPjgZfkuIrjgZLjgb7jgZnjgII8YnI+PGJyPgriiarjg6Hjg7zjg6vjgafjga7jgYrllY/lkIjjgZvjgavjgaTjgYTjgabiias8YnI+CjEy5pyIMjjml6Uo6YeRKTE25pmC5Lul6ZmN44Gu44GK5ZWP44GE5ZCI44KP44Gb44Gr44Gk44GE44Gm44Gv44CBPGJyPgox5pyIN+aXpSjmnIgp44KI44KK44CB6aCG5qyh44GU5a++5b+c44GV44Gb44Gm44GE44Gf44Gg44GN44G+44GZ44GMPGJyPgrlubTmnKvlubTlp4vjga/ku5XlhaXlhYjjgYzkvJHmpa3jga7ngrrjgIE8YnI+CuOBiuWVj+OBhOWQiOOCj+OBm+WGheWuueOBq+OCiOOCiui/lOS/oeOBvuOBp+OBq+OBiuaZgumWk+OCkuOBhOOBn+OBoOOBj+WgtOWQiOOBjOOBlOOBluOBhOOBvuOBmeOAgjxicj7kvZXljZLjgZTlrrnotabjgY/jgaDjgZXjgYTjgb7jgZnjgojjgYbjgYrpoZjjgYTnlLPjgZfjgYLjgZLjgb7jgZnjgII8YnI+PGJyPgogCuKJquOBiumbu+ipseOBp+OBruOBiuWVj+WQiOOBm+OBq+OBpOOBhOOBpuKJqwo8YnI+5oGQ44KM5YWl44KK44G+44GZ44GM44CBMTLmnIgyOOaXpSjph5Ep772eMeaciDbml6Uo5pelKeOBvuOBp+OBiuS8keOBv+OBleOBm+OBpumgguOBjeOBvuOBmeOAgjxicj48YnI+CiAKPC9iPgogIAoKCgoKCgo8ZGl2IGFsaWduPSJjZW50ZXIiPjxmb250IHN0eWxlPSIgZm9udC1zaXplOiAxNnB4OyBmb250LXdlaWdodDpib2xkOyBjb2xvcjojRkY2NjAwOyI+5qW95aSp44Op44Oz44Kt44Oz44Kw5bi46YCj77yB44Gn44KT44Gn44KT44Gu5Lq65rCX44Ki44Kk44OG44OgPC9mb250Pjxicj4KICA8dGFibGUgY2VsbHBhZGRpbmc9IjUiIGNlbGxzcGFjaW5nPSI0IiBiZ2NvbG9yPSIjRjA4MDgwIiBzdHlsZT0iZm9udC13ZWlnaHQ6Ym9sZDsiPgogICAgPHRyIGFsaWduPSJjZW50ZXIiPgogICAgICA8dGQgYmdjb2xvcj0iI2ZmZmZmZiI+IDxpbWcgc3JjPWh0dHA6Ly9pbWFnZS5yYWt1dGVuLmNvLmpwL2thZGVucmFuZC9jYWJpbmV0L2ppc2hhaGluLzU2MjAzMi0xLmpwZyBib3JkZXI9MCB3aWR0aD0xMzA+PGJyPgogICAgICAgIDxmb250IGNvbG9yPSJyZWQiPjEsOTgw5YaGPC9mb250Pjxicj4KICAgICAgICDjgJDpm7vmsJfjgrHjg4jjg6vjgJE8L3RkPgogICAgICA8dGQgYmdjb2xvcj0iI2ZmZmZmZiI+IDxpbWcgc3JjPWh0dHA6Ly9pbWFnZS5yYWt1dGVuLmNvLmpwL2thZGVucmFuZC9jYWJpbmV0L2ppc2FrdS81NjA1OTUuanBnIGJvcmRlcj0wIHdpZHRoPTEzNT48YnI+CiAgICAgICAgPGZvbnQgY29sb3I9InJlZCI+MSw5ODDlhoY8L2ZvbnQ+PGJyPgogICAgICAgIOOAkDJXQVnjg5fjg6zjg7zjg4jjgJE8L3RkPgogICAgICA8dGQgYmdjb2xvcj0iI2ZmZmZmZiI+IDxpbWcgc3JjPWh0dHA6Ly9pbWFnZS5yYWt1dGVuLmNvLmpwL2thZGVucmFuZC9jYWJpbmV0L2ppc2FrdS9tYXJ1dGkuanBnIGJvcmRlcj0wIHdpZHRoPTEzNT48YnI+CiAgICAgICAgPGZvbnQgY29sb3I9InJlZCI+Miw3ODDlhoY8L2ZvbnQ+PGJyPgogICAgICAgIOOAkOODnuODq+ODgeOCr+ODg+OCq+ODvOOAkTwvdGQ+CiAgICAgIDx0ZCBiZ2NvbG9yPSIjZmZmZmZmIj4gPGltZyBzcmM9aHR0cDovL2ltYWdlLnJha3V0ZW4uY28uanAva2FkZW5yYW5kL2NhYmluZXQvamlzaGFoaW4vNTYwNjcwLmpwZyBib3JkZXI9MCB3aWR0aD0xMzU+PGJyPgogICAgICAgIDxmb250IGNvbG9yPSJyZWQiPjQsNjgw5YaGPC9mb250Pjxicj4KICAgICAgICDjgJDluoPjgIXjg4jjg7zjgrnjgr/jg7zjgJE8L3RkPgogICAgICA8dGQgYmdjb2xvcj0iI2ZmZmZmZiI+IDxpbWcgc3JjPWh0dHA6Ly9pbWFnZS5yYWt1dGVuLmNvLmpwL2thZGVucmFuZC9jYWJpbmV0L2ppc2hhaGluLzU2MDA4Mi1qLmpwZyBib3JkZXI9MCB3aWR0aD0xMzU+PGJyPgogICAgICAgIDxmb250IGNvbG9yPSJyZWQiPjUsNjgw5YaGPC9mb250Pjxicj4KICAgICAgICDjgJDjgrfjg7Pjg5fjg6vjg6zjg7PjgrjjgJE8L3RkPgogICAgPC90cj4KICAgIDx0ciBhbGlnbj0iY2VudGVyIj4KICAgICAgPHRkIGJnY29sb3I9IiNmZmZmZmYiPiA8aW1nIHNyYz1odHRwOi8vaW1hZ2UucmFrdXRlbi5jby5qcC9rYWRlbnJhbmQvY2FiaW5ldC9qaXNha3UvNTMwMDQ3LTEuanBnIGJvcmRlcj0wIHdpZHRoPTEzMD48YnI+CiAgICAgICAgPGZvbnQgY29sb3I9InJlZCI+MTUsODAw5YaG772ePC9mb250Pjxicj4KICAgICAgICDjgJDpmaTmub/mqZ/jgJE8L3RkPgogICAgICA8dGQgYmdjb2xvcj0iI2ZmZmZmZiI+IDxpbWcgc3JjPWh0dHA6Ly9pbWFnZS5yYWt1dGVuLmNvLmpwL2thZGVucmFuZC9jYWJpbmV0L2ppc2hhaGluLzUzMDA0NC1lLmpwZyBib3JkZXI9MCB3aWR0aD0xMzU+PGJyPgogICAgICAgIDxmb250IGNvbG9yPSJyZWQiPjQsMTgw5YaGPC9mb250Pjxicj4KICAgICAgICDjgJDluIPlm6Pkub7nh6XmqZ/jgJE8L3RkPgogICAgICA8dGQgYmdjb2xvcj0iI2ZmZmZmZiI+IDxpbWcgc3JjPWh0dHA6Ly9pbWFnZS5yYWt1dGVuLmNvLmpwL2thZGVucmFuZC9jYWJpbmV0L2ppc2hhaGluLzU2MDgyOC1qLmpwZyBib3JkZXI9MCB3aWR0aD0xMzU+PGJyPgogICAgICAgIDxmb250IGNvbG9yPSJyZWQiPjE4LDkwMOWGhjwvZm9udD48YnI+CiAgICAgICAg44CQ56m65rCX5riF5rWE5qmf44CRPC90ZD4KICAgICAgPHRkIGJnY29sb3I9IiNmZmZmZmYiPiA8aW1nIHNyYz1odHRwOi8vaW1hZ2UucmFrdXRlbi5jby5qcC9rYWRlbnJhbmQvY2FiaW5ldC9kZW5kZW4xMC9pbWc1NjYxNDAxMy5qcGcgYm9yZGVyPTAgd2lkdGg9MTM1Pjxicj4KICAgICAgICA8Zm9udCBjb2xvcj0icmVkIj4xLDI3OeWGhjwvZm9udD48YnI+CiAgICAgICAg44CQ44Kz44O844OS44O844Oh44O844Kr44O844CRPC90ZD4KICAgICAgPHRkIGJnY29sb3I9IiNmZmZmZmYiPiA8aW1nIHNyYz1odHRwOi8vaW1hZ2UucmFrdXRlbi5jby5qcC9rYWRlbnJhbmQvY2FiaW5ldC9qaXNoYWhpbi81NTg2MTktZS5qcGcgYm9yZGVyPTAgd2lkdGg9MTM1Pjxicj4KICAgICAgICA8Zm9udCBjb2xvcj0icmVkIj41LDc4MOWGhjwvZm9udD48YnI+CiAgICAgICAg44CQ44K544OB44O844Og44Oi44OD44OX44CRPC90ZD4KICAgIDwvdHI+CiAgICA8dHIgYWxpZ249ImNlbnRlciI+CiAgICAgIDx0ZCBiZ2NvbG9yPSIjZmZmZmZmIj4gPGltZyBzcmM9aHR0cDovL2ltYWdlLnJha3V0ZW4uY28uanAva2FkZW5yYW5kL2NhYmluZXQvamlzaGFoaW4yLzI3MTAwOC1hbGwuanBnIGJvcmRlcj0wIHdpZHRoPTEzMD48YnI+CiAgICAgICAgPGZvbnQgY29sb3I9InJlZCI+MiwyODDlhobvvZ48L2ZvbnQ+PGJyPgogICAgICAgIOOAkOOCteODvOOCreODpeODrOODvOOCv+ODvOOAkTwvdGQ+CiAgICAgIDx0ZCBiZ2NvbG9yPSIjZmZmZmZmIj4gPGltZyBzcmM9aHR0cDovL2ltYWdlLnJha3V0ZW4uY28uanAva2FkZW5yYW5kL2NhYmluZXQvc2V0LzE4ODk4NTctZS5qcGcgYm9yZGVyPTAgd2lkdGg9MTM1Pjxicj4KICAgICAgICA8Zm9udCBjb2xvcj0icmVkIj4xLDg4MOWGhjwvZm9udD48YnI+CiAgICAgICAg44CQTEVE44K744Oz44K144O844Op44Kk44OI44CRPC90ZD4KICAgICAgPHRkIGJnY29sb3I9IiNmZmZmZmYiPiA8aW1nIHNyYz1odHRwOi8vaW1hZ2UucmFrdXRlbi5jby5qcC9lbmV0cm9vbS9jYWJpbmV0L2ppc2hhaGluLzI0MjQzMC1lLmpwZyBib3JkZXI9MCB3aWR0aD0xMzU+PGJyPgogICAgICAgIDxmb250IGNvbG9yPSJyZWQiPjEsMTgwMOWGhjwvZm9udD48YnI+CiAgICAgICAg44CQTEVE44K344O844Oq44Oz44Kw44CRPC90ZD4KICAgICAgPHRkIGJnY29sb3I9IiNmZmZmZmYiPiA8aW1nIHNyYz1odHRwOi8vaW1hZ2UucmFrdXRlbi5jby5qcC9rYWRlbnJhbmQvY2FiaW5ldC9qaXNha3UvOTQ3MTgzNi5qcGcgYm9yZGVyPTAgd2lkdGg9MTM1Pjxicj4KICAgICAgICA8Zm9udCBjb2xvcj0icmVkIj45LDk4MOWGhjwvZm9udD48YnI+CiAgICAgICAg44CQNOWQiOeyvuexs+apn+OAkTwvdGQ+CiAgICAgIDx0ZCBiZ2NvbG9yPSIjZmZmZmZmIj4gPGltZyBzcmM9aHR0cDovL2ltYWdlLnJha3V0ZW4uY28uanAva2FkZW5yYW5kL2NhYmluZXQvamlzYWt1Lzk0NzAzMDgtai5qcGcgYm9yZGVyPTAgd2lkdGg9MTM1Pjxicj4KICAgICAgICA8Zm9udCBjb2xvcj0icmVkIj4zLDQ4MOWGhjwvZm9udD48YnI+CiAgICAgICAg44CQTEVE44OZ44OD44OJ44Op44Kk44OI44CRPC90ZD4KICAgIDwvdHI+CiAgICA8dHIgYWxpZ249ImNlbnRlciI+CiAgICAgIDx0ZCBiZ2NvbG9yPSIjZmZmZmZmIj4gPGltZyBzcmM9aHR0cDovL2ltYWdlLnJha3V0ZW4uY28uanAva2FkZW5yYW5kL2NhYmluZXQvamlzaGFoaW4vNTU4NzE2LWFsbC1lLmpwZyBib3JkZXI9MCB3aWR0aD0xMzA+PGJyPgogICAgICAgIDxmb250IGNvbG9yPSJyZWQiPjIsOTgw5YaG772ePC9mb250Pjxicj4KICAgICAgICDjgJDmlpzjgoHjgorku5hMRUTjgJE8L3RkPgogICAgICA8dGQgYmdjb2xvcj0iI2ZmZmZmZiI+IDxpbWcgc3JjPWh0dHA6Ly9pbWFnZS5yYWt1dGVuLmNvLmpwL2thZGVucmFuZC9jYWJpbmV0L2ppc2FrdS81Mzg4MTktMS5qcGcgYm9yZGVyPTAgd2lkdGg9MTM1Pjxicj4KICAgICAgICA8Zm9udCBjb2xvcj0icmVkIj4zLDQ4MOWGhjwvZm9udD48YnI+CiAgICAgICAg44CQTEVE44K744Oz44K144O844Op44Kk44OI44CRPC90ZD4KICAgICAgPHRkIGJnY29sb3I9IiNmZmZmZmYiPiA8aW1nIHNyYz1odHRwOi8vaW1hZ2UucmFrdXRlbi5jby5qcC9rYWRlbnJhbmQvY2FiaW5ldC9kZW5kZW4vaW1nNTY2MzM5NjIuanBnIGJvcmRlcj0wIHdpZHRoPTEzNT48YnI+CiAgICAgICAgPGZvbnQgY29sb3I9InJlZCI+Miw5ODDlhoY8L2ZvbnQ+PGJyPgogICAgICAgIOOAkDJXQVnjgq/jg6rjg7zjg4rjg7zjgJE8L3RkPgogICAgICA8dGQgYmdjb2xvcj0iI2ZmZmZmZiI+IDxpbWcgc3JjPWh0dHA6Ly9pbWFnZS5yYWt1dGVuLmNvLmpwL2thZGVucmFuZC9jYWJpbmV0L2thZGVuMi85NDcwMjkwLTEuanBnIGJvcmRlcj0wIHdpZHRoPTEzNT48YnI+CiAgICAgICAgPGZvbnQgY29sb3I9InJlZCI+Miw0ODDlhoY8L2ZvbnQ+PGJyPgogICAgICAgIOOAkOOCuOODpeODvOOCteODvOOAkTwvdGQ+CiAgICAgIDx0ZCBiZ2NvbG9yPSIjZmZmZmZmIj4gPGltZyBzcmM9aHR0cDovL2ltYWdlLnJha3V0ZW4uY28uanAva2FkZW5yYW5kL2NhYmluZXQvamlzYWt1L3NobS0xMDB0LTEuanBnIGJvcmRlcj0wIHdpZHRoPTEzNT48YnI+CiAgICAgICAgPGZvbnQgY29sb3I9InJlZCI+MSw5ODDlhoY8L2ZvbnQ+PGJyPgogICAgICAgIOOAkOODkeODvOOCveODiuODq+WKoOa5v+WZqOOAkTwvdGQ+CiAgICA8L3RyPgogICAgPC90YWJsZT4KPC9kaXY+LS0+,44OP44O844OI44OV44OrSUnpm7vmsJfjg4Hjg6fjgrPjg6zjg7zjgr/jg7wgRC0xMzfjg4Hjg6fjgrPjg5Xjgqnjg7Pjg4fjg6Ug44Ob44O844Og44OR44O844OG44Kj44O8IOODgeODp+OCs+ODrOODvOODiOODleOCqeODs+ODh+ODpSDjg5Hjg7zjg4bjgqPjg7zjgrDjg4Pjgrog44OB44On44Kz44OV44Kp44Oz44OH44Ol44OB44On44Kz44Os44O844OI44OV44Kp44Oz44OH44OlIOODkeODvOODq+mHkeWxniDjg6zjg4Pjg4njg7vjg4Hjg6fjgrPjgJBE44CR77ya44K344On44OD44OU44Oz44Kw44Op44Oz44OJ44CA44Gn44KT44Gn44KT,5a626Zu744Ki44Kk44Oq44K544Kq44O844Ok44Oe5biD5Zuj5Lm+54el5qmfIOOCq+ODqeODquOCqOODgOOCpOOCreODsyBEQUlLSU7liqDmub/lmahJSOOCr+ODg+OCreODs+OCsOODkuODvOOCv+ODvExFROmbu+eQg+epuuawl+a4hea1hOapn0xFROOCt+ODvOODquODs+OCsOODqeOCpOODiOaaluaIv+aOg+mZpOapn+mAgeaWmeeEoeaWmeixoeWNsCBaT0pJUlVTSEnjgrnjg4bjgqPjg4Pjgq/jgq/jg6rjg7zjg4rjg7zjgqTjg6Tjg5vjg7Pmpb3lpKnmmYLoqIjjgqvjgrfjgqogQ0FTSU/jgrvjgqTjgrPjg7wgU0VJS09TSEFSUCDjgrfjg6Pjg7zjg5fjg4/jg7zjg4jjg5Xjg6tJSembu+awl+ODgeODp+OCs+ODrOODvOOCv+ODvCBELTEzN+ODgeODp+OCs+ODleOCqeODs+ODh+ODpSDjg5vjg7zjg6Djg5Hjg7zjg4bjgqPjg7wg44OB44On44Kz44Os44O844OI44OV44Kp44Oz44OH44OlIOODkeODvOODhuOCo+ODvOOCsOODg+OCuiDjg4Hjg6fjgrPjg5Xjgqnjg7Pjg4fjg6Xjg4Hjg6fjgrPjg6zjg7zjg4jjg5Xjgqnjg7Pjg4fjg6Ug44OR44O844Or6YeR5bGeIOODrOODg+ODieODu+ODgeODp+OCs+OAkETjgJE=,MTAwMOWGhk9GRuOCr+ODvOODneODs+eZuuihjOS4reKZqjI15pelYW0xOjU56L+E77yB44CC44OP44O844OI44OV44OrSUnpm7vmsJfjg4Hjg6fjgrPjg6zjg7zjgr/jg7wgRC0xMzfjg4Hjg6fjgrPjg5Xjgqnjg7Pjg4fjg6Ug44Ob44O844Og44OR44O844OG44Kj44O8IOODgeODp+OCs+ODrOODvOODiOODleOCqeODs+ODh+ODpSDjg5Hjg7zjg4bjgqPjg7zjgrDjg4Pjgrog44OB44On44Kz44OV44Kp44Oz44OH44Ol44OB44On44Kz44Os44O844OI44OV44Kp44Oz44OH44OlIOODkeODvOODq+mHkeWxniDjg6zjg4Pjg4njg7vjg4Hjg6fjgrPjgJBE44CR[rn]
9-88288,aHR0cDovL3RzaG9wLnIxMHMuanAva2FkZW5yYW5kL2NhYmluZXQvdGFzeWEzNS83MDc2ODM0LWUuanBnP2ZpdGluPTcwMDo3MDA=,Mzc2My4yMDAw,,44Kt44OD44OB44Oz55So5ZOB44O76aOf5Zmo44O76Kq/55CG5Zmo5YW3ID4g44Gd44Gu5LuW,44OH44Oq44Kk44K/44CA44OU44K244Kq44O844OW44OzIEQtMTA444OU44K2IOODm+ODvOODoOODkeODvOODhuOCo+ODvCDoqr/nkIblrrbpm7sg44GL44KP44GE44GEIOODlOOCtuiqv+eQhuWutumbuyDjg5TjgrbjgYvjgo/jgYTjgYQg44Ob44O844Og44OR44O844OG44Kj44O86Kq/55CG5a626Zu7IOiqv+eQhuWutumbu+ODlOOCtiDjgYvjgo/jgYTjgYTjg5TjgrYg44OR44O844Or6YeR5bGeIOOAkETjgJE=,MTAwMOWGhk9GRuOCr+ODvOODneODs+eZuuihjOS4reKZqjI15pelYW0xOjU56L+E77yB,PGI+PGZvbnQgY29sb3I9IiNEQ0RDREMiPuODlOOCtiDjg5vjg7zjg6Djg5Hjg7zjg4bjgqPjg7wg6Kq/55CG5a626Zu7IOOBi+OCj+OBhOOBhCDjg5Tjgrboqr/nkIblrrbpm7sg6Kq/55CG5a626Zu744OU44K244OR44O844Or6YeR5bGePC9mb250PjwvYj48YnI+44OG44O844OW44Or44Gu5LiK44Gn44OU44K244GM54S844GR44KL44CC44GL44KP44GE44GE44Of44OL44K144Kk44K644Gu44OU44K244Kq44O844OW44Oz44Gn44GZ4pmqCuODm+ODvOODoOODkeODvOODhuOCo+ODvOOBquOBqeOBp+OBiuWlveOBjeOBqumjn+adkOOCkuODiOODg+ODlOODs+OCsOOBl+OBpuOBv+OCk+OBquOBp+OCquODquOCuOODiuODq+OBruODn+ODi+ODlOOCtuOCkuS9nOOBo+OBn+OCieebm+OCiuS4iuOBjOOCi+OBk+OBqOOBvuOBoeOBjOOBhOOBquOBl++8gQrluILosqnjga7lm7rlvaLnh4PmlpnlsILnlKjjgIIKSC01NzM1IOWNk+S4iuOCs+ODs+ODreeUqOOCq+ODg+ODl+S7mOWbuuW9oueHg+aWmTMwZzXlgIvntYTjgIFILTU3NDIg5oeQ55+z5Y2T5LiK44Kz44Oz44Ot55So44Kr44OD44OXMzBnKDblgIvntYQp44CBSC02NDc3IOaHkOefsyDljZPkuIrjgrPjg7Pjg63nlKjjgqvjg4Pjg5fku5jlm7rlvaLnh4PmlpkzMGcxMuWAi+e1hOOBqOOCu+ODg+ODiOOBp+S9v+eUqOOBp+OBjeOBvuOBmeOAggoK4oC76aOf5Zmo5rSX44GE5Lm+54el5qmf5L2/55So5LiN5Y+vCuKAu+WGt+WHjeOBleOCjOOBn+eKtuaFi+OBp+OBruODlOOCtuOBr+eEvOOBkeOBvuOBm+OCkzxicj48YnI+4peP5ZWG5ZOB44K144Kk44K677yIY23vvIk8YnI+CuW5hee0hDMyLjDvvZjlpaXooYzntIQxNy4w772Y6auY44GV57SEMjMuNTxicj4K4peP5pys5L2T6YeN6YePPGJyPgrntIQyLjNrZzxicj4K4peP5p2Q6LOqPGJyPgrjgqrjg7zjg5bjg7PmnKzkvZPjg7vnqbTmmI7jgY3jg5fjg6zjg7zjg4jvvJrpiYQo54S85LuY5aGX6KOFKTxicj4K44OU44K244OX44Os44O844OI77ya6YmEKOOCt+ODquOCs+ODvOODs+aoueiEguWhl+ijhSk8YnI+CuOBteOBn++8mumZtuWZqDxicj4K54eD5paZ5YWl44KM77ya44K544OG44Oz44Os44K56Yu8PGJyPgrjg5Tjgrbjgr/jg7zjg4rjg7zvvJrjgqLjg6vjg5/jg4vjgqbjg6Djg7vjg4rjgqTjg63jg7Mo6ICQ54ax5rip5bqmMTgw5bqmKTxicj4K5pyo5Y+w44O744G144Gf44Gu44Gk44G+44G/77ya5aSp54S25pyoPGJyPjwhLS0KPGZvbnQgc2l6ZT0zIGNvbG9yPXJlZD48Yj7jgJDlubTmnKvlubTlp4vjga7jgZTms6jmlofjg7vjgYrllY/jgYTlkIjjgo/jgZvjgavplqLjgZnjgovjgYrnn6XjgonjgZvjgJE8YnI+PGJyPjwvZm9udD4KIAriiarjgZTms6jmlofjgavjgaTjgYTjgabiias8YnI+CuOCpOODs+OCv+ODvOODjeODg+ODiOOBi+OCieOBruOBlOazqOaWh+OBr+W5tOS4reeEoeS8keOBp+aJv+OBo+OBpuOBiuOCiuOBvuOBmeOAgjxicj4KMTLmnIgyN+aXpSjmnKgpMTbmmYLku6XpmY3jgavjgYTjgZ/jgaDjgYTjgZ/jgZTms6jmlofjga/jgIE8YnI+CjHmnIg35pelKOaciCnku6XpmY3jgavpoIbmrKHjgZTlr77lv5zjgZXjgZvjgabpoILjgY3jgb7jgZnjgII8YnI+CuOBquOBiuOAgeWcqOW6q+eKtuazgeOBq+OCiOOBo+OBpuOBr+OAgeWVhuWTgeeZuumAgeOBvuOBp+OBq+OBiuaZgumWk+OCkumgguOBj+WgtOWQiOOBjOOBlOOBluOBhOOBvuOBmeOAgjxicj4K5LqI44KB44GU55CG6Kej44Gu56iL44CB5a6c44GX44GP44GK6aGY44GE55Sz44GX5LiK44GS44G+44GZ44CCPGJyPjxicj4K4omq44Oh44O844Or44Gn44Gu44GK5ZWP5ZCI44Gb44Gr44Gk44GE44Gm4omrPGJyPgoxMuaciDI45pelKOmHkSkxNuaZguS7pemZjeOBruOBiuWVj+OBhOWQiOOCj+OBm+OBq+OBpOOBhOOBpuOBr+OAgTxicj4KMeaciDfml6Uo5pyIKeOCiOOCiuOAgemghuasoeOBlOWvvuW/nOOBleOBm+OBpuOBhOOBn+OBoOOBjeOBvuOBmeOBjDxicj4K5bm05pyr5bm05aeL44Gv5LuV5YWl5YWI44GM5LyR5qWt44Gu54K644CBPGJyPgrjgYrllY/jgYTlkIjjgo/jgZvlhoXlrrnjgavjgojjgorov5Tkv6Hjgb7jgafjgavjgYrmmYLplpPjgpLjgYTjgZ/jgaDjgY/loLTlkIjjgYzjgZTjgZbjgYTjgb7jgZnjgII8YnI+5L2V5Y2S44GU5a656LWm44GP44Gg44GV44GE44G+44GZ44KI44GG44GK6aGY44GE55Sz44GX44GC44GS44G+44GZ44CCPGJyPjxicj4KIAriiarjgYrpm7voqbHjgafjga7jgYrllY/lkIjjgZvjgavjgaTjgYTjgabiiasKPGJyPuaBkOOCjOWFpeOCiuOBvuOBmeOBjOOAgTEy5pyIMjjml6Uo6YeRKe+9njHmnIg25pelKOaXpSnjgb7jgafjgYrkvJHjgb/jgZXjgZvjgabpoILjgY3jgb7jgZnjgII8YnI+PGJyPgogCjwvYj4KICAKCgoKCgoKPGRpdiBhbGlnbj0iY2VudGVyIj48Zm9udCBzdHlsZT0iIGZvbnQtc2l6ZTogMTZweDsgZm9udC13ZWlnaHQ6Ym9sZDsgY29sb3I6I0ZGNjYwMDsiPualveWkqeODqeODs+OCreODs+OCsOW4uOmAo++8geOBp+OCk+OBp+OCk+OBruS6uuawl+OCouOCpOODhuODoDwvZm9udD48YnI+CiAgPHRhYmxlIGNlbGxwYWRkaW5nPSI1IiBjZWxsc3BhY2luZz0iNCIgYmdjb2xvcj0iI0YwODA4MCIgc3R5bGU9ImZvbnQtd2VpZ2h0OmJvbGQ7Ij4KICAgIDx0ciBhbGlnbj0iY2VudGVyIj4KICAgICAgPHRkIGJnY29sb3I9IiNmZmZmZmYiPiA8aW1nIHNyYz1odHRwOi8vaW1hZ2UucmFrdXRlbi5jby5qcC9rYWRlbnJhbmQvY2FiaW5ldC9qaXNoYWhpbi81NjIwMzItMS5qcGcgYm9yZGVyPTAgd2lkdGg9MTMwPjxicj4KICAgICAgICA8Zm9udCBjb2xvcj0icmVkIj4xLDk4MOWGhjwvZm9udD48YnI+CiAgICAgICAg44CQ6Zu75rCX44Kx44OI44Or44CRPC90ZD4KICAgICAgPHRkIGJnY29sb3I9IiNmZmZmZmYiPiA8aW1nIHNyYz1odHRwOi8vaW1hZ2UucmFrdXRlbi5jby5qcC9rYWRlbnJhbmQvY2FiaW5ldC9qaXNha3UvNTYwNTk1LmpwZyBib3JkZXI9MCB3aWR0aD0xMzU+PGJyPgogICAgICAgIDxmb250IGNvbG9yPSJyZWQiPjEsOTgw5YaGPC9mb250Pjxicj4KICAgICAgICDjgJAyV0FZ44OX44Os44O844OI44CRPC90ZD4KICAgICAgPHRkIGJnY29sb3I9IiNmZmZmZmYiPiA8aW1nIHNyYz1odHRwOi8vaW1hZ2UucmFrdXRlbi5jby5qcC9rYWRlbnJhbmQvY2FiaW5ldC9qaXNha3UvbWFydXRpLmpwZyBib3JkZXI9MCB3aWR0aD0xMzU+PGJyPgogICAgICAgIDxmb250IGNvbG9yPSJyZWQiPjIsNzgw5YaGPC9mb250Pjxicj4KICAgICAgICDjgJDjg57jg6vjg4Hjgq/jg4Pjgqvjg7zjgJE8L3RkPgogICAgICA8dGQgYmdjb2xvcj0iI2ZmZmZmZiI+IDxpbWcgc3JjPWh0dHA6Ly9pbWFnZS5yYWt1dGVuLmNvLmpwL2thZGVucmFuZC9jYWJpbmV0L2ppc2hhaGluLzU2MDY3MC5qcGcgYm9yZGVyPTAgd2lkdGg9MTM1Pjxicj4KICAgICAgICA8Zm9udCBjb2xvcj0icmVkIj40LDY4MOWGhjwvZm9udD48YnI+CiAgICAgICAg44CQ5bqD44CF44OI44O844K544K/44O844CRPC90ZD4KICAgICAgPHRkIGJnY29sb3I9IiNmZmZmZmYiPiA8aW1nIHNyYz1odHRwOi8vaW1hZ2UucmFrdXRlbi5jby5qcC9rYWRlbnJhbmQvY2FiaW5ldC9qaXNoYWhpbi81NjAwODItai5qcGcgYm9yZGVyPTAgd2lkdGg9MTM1Pjxicj4KICAgICAgICA8Zm9udCBjb2xvcj0icmVkIj41LDY4MOWGhjwvZm9udD48YnI+CiAgICAgICAg44CQ44K344Oz44OX44Or44Os44Oz44K444CRPC90ZD4KICAgIDwvdHI+CiAgICA8dHIgYWxpZ249ImNlbnRlciI+CiAgICAgIDx0ZCBiZ2NvbG9yPSIjZmZmZmZmIj4gPGltZyBzcmM9aHR0cDovL2ltYWdlLnJha3V0ZW4uY28uanAva2FkZW5yYW5kL2NhYmluZXQvamlzYWt1LzUzMDA0Ny0xLmpwZyBib3JkZXI9MCB3aWR0aD0xMzA+PGJyPgogICAgICAgIDxmb250IGNvbG9yPSJyZWQiPjE1LDgwMOWGhu+9njwvZm9udD48YnI+CiAgICAgICAg44CQ6Zmk5rm/5qmf44CRPC90ZD4KICAgICAgPHRkIGJnY29sb3I9IiNmZmZmZmYiPiA8aW1nIHNyYz1odHRwOi8vaW1hZ2UucmFrdXRlbi5jby5qcC9rYWRlbnJhbmQvY2FiaW5ldC9qaXNoYWhpbi81MzAwNDQtZS5qcGcgYm9yZGVyPTAgd2lkdGg9MTM1Pjxicj4KICAgICAgICA8Zm9udCBjb2xvcj0icmVkIj40LDE4MOWGhjwvZm9udD48YnI+CiAgICAgICAg44CQ5biD5Zuj5Lm+54el5qmf44CRPC90ZD4KICAgICAgPHRkIGJnY29sb3I9IiNmZmZmZmYiPiA8aW1nIHNyYz1odHRwOi8vaW1hZ2UucmFrdXRlbi5jby5qcC9rYWRlbnJhbmQvY2FiaW5ldC9qaXNoYWhpbi81NjA4Mjgtai5qcGcgYm9yZGVyPTAgd2lkdGg9MTM1Pjxicj4KICAgICAgICA8Zm9udCBjb2xvcj0icmVkIj4xOCw5MDDlhoY8L2ZvbnQ+PGJyPgogICAgICAgIOOAkOepuuawl+a4hea1hOapn+OAkTwvdGQ+CiAgICAgIDx0ZCBiZ2NvbG9yPSIjZmZmZmZmIj4gPGltZyBzcmM9aHR0cDovL2ltYWdlLnJha3V0ZW4uY28uanAva2FkZW5yYW5kL2NhYmluZXQvZGVuZGVuMTAvaW1nNTY2MTQwMTMuanBnIGJvcmRlcj0wIHdpZHRoPTEzNT48YnI+CiAgICAgICAgPGZvbnQgY29sb3I9InJlZCI+MSwyNznlhoY8L2ZvbnQ+PGJyPgogICAgICAgIOOAkOOCs+ODvOODkuODvOODoeODvOOCq+ODvOOAkTwvdGQ+CiAgICAgIDx0ZCBiZ2NvbG9yPSIjZmZmZmZmIj4gPGltZyBzcmM9aHR0cDovL2ltYWdlLnJha3V0ZW4uY28uanAva2FkZW5yYW5kL2NhYmluZXQvamlzaGFoaW4vNTU4NjE5LWUuanBnIGJvcmRlcj0wIHdpZHRoPTEzNT48YnI+CiAgICAgICAgPGZvbnQgY29sb3I9InJlZCI+NSw3ODDlhoY8L2ZvbnQ+PGJyPgogICAgICAgIOOAkOOCueODgeODvOODoOODouODg+ODl+OAkTwvdGQ+CiAgICA8L3RyPgogICAgPHRyIGFsaWduPSJjZW50ZXIiPgogICAgICA8dGQgYmdjb2xvcj0iI2ZmZmZmZiI+IDxpbWcgc3JjPWh0dHA6Ly9pbWFnZS5yYWt1dGVuLmNvLmpwL2thZGVucmFuZC9jYWJpbmV0L2ppc2hhaGluMi8yNzEwMDgtYWxsLmpwZyBib3JkZXI9MCB3aWR0aD0xMzA+PGJyPgogICAgICAgIDxmb250IGNvbG9yPSJyZWQiPjIsMjgw5YaG772ePC9mb250Pjxicj4KICAgICAgICDjgJDjgrXjg7zjgq3jg6Xjg6zjg7zjgr/jg7zjgJE8L3RkPgogICAgICA8dGQgYmdjb2xvcj0iI2ZmZmZmZiI+IDxpbWcgc3JjPWh0dHA6Ly9pbWFnZS5yYWt1dGVuLmNvLmpwL2thZGVucmFuZC9jYWJpbmV0L3NldC8xODg5ODU3LWUuanBnIGJvcmRlcj0wIHdpZHRoPTEzNT48YnI+CiAgICAgICAgPGZvbnQgY29sb3I9InJlZCI+MSw4ODDlhoY8L2ZvbnQ+PGJyPgogICAgICAgIOOAkExFROOCu+ODs+OCteODvOODqeOCpOODiOOAkTwvdGQ+CiAgICAgIDx0ZCBiZ2NvbG9yPSIjZmZmZmZmIj4gPGltZyBzcmM9aHR0cDovL2ltYWdlLnJha3V0ZW4uY28uanAvZW5ldHJvb20vY2FiaW5ldC9qaXNoYWhpbi8yNDI0MzAtZS5qcGcgYm9yZGVyPTAgd2lkdGg9MTM1Pjxicj4KICAgICAgICA8Zm9udCBjb2xvcj0icmVkIj4xLDE4MDDlhoY8L2ZvbnQ+PGJyPgogICAgICAgIOOAkExFROOCt+ODvOODquODs+OCsOOAkTwvdGQ+CiAgICAgIDx0ZCBiZ2NvbG9yPSIjZmZmZmZmIj4gPGltZyBzcmM9aHR0cDovL2ltYWdlLnJha3V0ZW4uY28uanAva2FkZW5yYW5kL2NhYmluZXQvamlzYWt1Lzk0NzE4MzYuanBnIGJvcmRlcj0wIHdpZHRoPTEzNT48YnI+CiAgICAgICAgPGZvbnQgY29sb3I9InJlZCI+OSw5ODDlhoY8L2ZvbnQ+PGJyPgogICAgICAgIOOAkDTlkIjnsr7nsbPmqZ/jgJE8L3RkPgogICAgICA8dGQgYmdjb2xvcj0iI2ZmZmZmZiI+IDxpbWcgc3JjPWh0dHA6Ly9pbWFnZS5yYWt1dGVuLmNvLmpwL2thZGVucmFuZC9jYWJpbmV0L2ppc2FrdS85NDcwMzA4LWouanBnIGJvcmRlcj0wIHdpZHRoPTEzNT48YnI+CiAgICAgICAgPGZvbnQgY29sb3I9InJlZCI+Myw0ODDlhoY8L2ZvbnQ+PGJyPgogICAgICAgIOOAkExFROODmeODg+ODieODqeOCpOODiOOAkTwvdGQ+CiAgICA8L3RyPgogICAgPHRyIGFsaWduPSJjZW50ZXIiPgogICAgICA8dGQgYmdjb2xvcj0iI2ZmZmZmZiI+IDxpbWcgc3JjPWh0dHA6Ly9pbWFnZS5yYWt1dGVuLmNvLmpwL2thZGVucmFuZC9jYWJpbmV0L2ppc2hhaGluLzU1ODcxNi1hbGwtZS5qcGcgYm9yZGVyPTAgd2lkdGg9MTMwPjxicj4KICAgICAgICA8Zm9udCBjb2xvcj0icmVkIj4yLDk4MOWGhu+9njwvZm9udD48YnI+CiAgICAgICAg44CQ5pac44KB44KK5LuYTEVE44CRPC90ZD4KICAgICAgPHRkIGJnY29sb3I9IiNmZmZmZmYiPiA8aW1nIHNyYz1odHRwOi8vaW1hZ2UucmFrdXRlbi5jby5qcC9rYWRlbnJhbmQvY2FiaW5ldC9qaXNha3UvNTM4ODE5LTEuanBnIGJvcmRlcj0wIHdpZHRoPTEzNT48YnI+CiAgICAgICAgPGZvbnQgY29sb3I9InJlZCI+Myw0ODDlhoY8L2ZvbnQ+PGJyPgogICAgICAgIOOAkExFROOCu+ODs+OCteODvOODqeOCpOODiOOAkTwvdGQ+CiAgICAgIDx0ZCBiZ2NvbG9yPSIjZmZmZmZmIj4gPGltZyBzcmM9aHR0cDovL2ltYWdlLnJha3V0ZW4uY28uanAva2FkZW5yYW5kL2NhYmluZXQvZGVuZGVuL2ltZzU2NjMzOTYyLmpwZyBib3JkZXI9MCB3aWR0aD0xMzU+PGJyPgogICAgICAgIDxmb250IGNvbG9yPSJyZWQiPjIsOTgw5YaGPC9mb250Pjxicj4KICAgICAgICDjgJAyV0FZ44Kv44Oq44O844OK44O844CRPC90ZD4KICAgICAgPHRkIGJnY29sb3I9IiNmZmZmZmYiPiA8aW1nIHNyYz1odHRwOi8vaW1hZ2UucmFrdXRlbi5jby5qcC9rYWRlbnJhbmQvY2FiaW5ldC9rYWRlbjIvOTQ3MDI5MC0xLmpwZyBib3JkZXI9MCB3aWR0aD0xMzU+PGJyPgogICAgICAgIDxmb250IGNvbG9yPSJyZWQiPjIsNDgw5YaGPC9mb250Pjxicj4KICAgICAgICDjgJDjgrjjg6Xjg7zjgrXjg7zjgJE8L3RkPgogICAgICA8dGQgYmdjb2xvcj0iI2ZmZmZmZiI+IDxpbWcgc3JjPWh0dHA6Ly9pbWFnZS5yYWt1dGVuLmNvLmpwL2thZGVucmFuZC9jYWJpbmV0L2ppc2FrdS9zaG0tMTAwdC0xLmpwZyBib3JkZXI9MCB3aWR0aD0xMzU+PGJyPgogICAgICAgIDxmb250IGNvbG9yPSJyZWQiPjEsOTgw5YaGPC9mb250Pjxicj4KICAgICAgICDjgJDjg5Hjg7zjgr3jg4rjg6vliqDmub/lmajjgJE8L3RkPgogICAgPC90cj4KICAgIDwvdGFibGU+CjwvZGl2Pi0tPg==,44OH44Oq44Kk44K/44CA44OU44K244Kq44O844OW44OzIEQtMTA444OU44K2IOODm+ODvOODoOODkeODvOODhuOCo+ODvCDoqr/nkIblrrbpm7sg44GL44KP44GE44GEIOODlOOCtuiqv+eQhuWutumbuyDjg5TjgrbjgYvjgo/jgYTjgYQg44Ob44O844Og44OR44O844OG44Kj44O86Kq/55CG5a626Zu7IOiqv+eQhuWutumbu+ODlOOCtiDjgYvjgo/jgYTjgYTjg5TjgrYg44OR44O844Or6YeR5bGeIOOAkETjgJHvvJrjgrfjg6fjg4Pjg5Tjg7PjgrDjg6njg7Pjg4njgIDjgafjgpPjgafjgpM=,5a626Zu744Ki44Kk44Oq44K544Kq44O844Ok44Oe5biD5Zuj5Lm+54el5qmfIOOCq+ODqeODquOCqOODgOOCpOOCreODsyBEQUlLSU7liqDmub/lmahJSOOCr+ODg+OCreODs+OCsOODkuODvOOCv+ODvExFROmbu+eQg+epuuawl+a4hea1hOapn0xFROOCt+ODvOODquODs+OCsOODqeOCpOODiOaaluaIv+aOg+mZpOapn+mAgeaWmeeEoeaWmeixoeWNsCBaT0pJUlVTSEnjgrnjg4bjgqPjg4Pjgq/jgq/jg6rjg7zjg4rjg7zjgqTjg6Tjg5vjg7Pmpb3lpKnmmYLoqIjjgqvjgrfjgqogQ0FTSU/jgrvjgqTjgrPjg7wgU0VJS09TSEFSUCDjgrfjg6Pjg7zjg5fjg4fjg6rjgqTjgr/jgIDjg5Tjgrbjgqrjg7zjg5bjg7MgRC0xMDjjg5TjgrYg44Ob44O844Og44OR44O844OG44Kj44O8IOiqv+eQhuWutumbuyDjgYvjgo/jgYTjgYQg44OU44K26Kq/55CG5a626Zu7IOODlOOCtuOBi+OCj+OBhOOBhCDjg5vjg7zjg6Djg5Hjg7zjg4bjgqPjg7zoqr/nkIblrrbpm7sg6Kq/55CG5a626Zu744OU44K2IOOBi+OCj+OBhOOBhOODlOOCtiDjg5Hjg7zjg6vph5HlsZ4g44CQROOAkQ==,MTAwMOWGhk9GRuOCr+ODvOODneODs+eZuuihjOS4reKZqjI15pelYW0xOjU56L+E77yB44CC44OH44Oq44Kk44K/44CA44OU44K244Kq44O844OW44OzIEQtMTA444OU44K2IOODm+ODvOODoOODkeODvOODhuOCo+ODvCDoqr/nkIblrrbpm7sg44GL44KP44GE44GEIOODlOOCtuiqv+eQhuWutumbuyDjg5TjgrbjgYvjgo/jgYTjgYQg44Ob44O844Og44OR44O844OG44Kj44O86Kq/55CG5a626Zu7IOiqv+eQhuWutumbu+ODlOOCtiDjgYvjgo/jgYTjgYTjg5TjgrYg44OR44O844Or6YeR5bGeIOOAkETjgJE=[rn]
9-88289,aHR0cDovL3RzaG9wLnIxMHMuanAva2FkZW5yYW5kL2NhYmluZXQvdGFzeWEzNS83MDc2ODI3LWUuanBnP2ZpdGluPTcwMDo3MDA=,MzE3MC40MDAw,,44Kt44OD44OB44Oz55So5ZOB44O76aOf5Zmo44O76Kq/55CG5Zmo5YW3ID4g44Gd44Gu5LuW,44Oq44OI44Or44Oq44OD44OB44CA6Zu75rCX44OB44On44Kz44Os44O844OI44OV44Kh44Km44Oz44OG44OzTSDjg5vjg6/jgqTjg4ggRC0zMDjjg4Hjg6fjgrPjg5Xjgqnjg7Pjg4fjg6Ug44Ob44O844Og44OR44O844OG44Kj44O8IOODgeODp+OCs+ODrOODvOODiOODleOCqeODs+ODh+ODpSDjg5Hjg7zjg4bjgqPjg7zjgrDjg4Pjgrog44OB44On44Kz44OV44Kp44Oz44OH44Ol44OB44On44Kz44Os44O844OI44OV44Kp44Oz44OH44OlIOODgeODp+OCs+ODleOCqeODs+ODh+ODpeODkeODvOODhuOCo+ODvOOCsOODg+OCuiDjg5Hjg7zjg6vph5HlsZ4g44CQROOAkQ==,MTAwMOWGhk9GRuOCr+ODvOODneODs+eZuuihjOS4reKZqjI15pelYW0xOjU56L+E77yB,PGI+PGZvbnQgY29sb3I9IiNEQ0RDREMiPuODgeODp+OCs+ODleOCqeODs+ODh+ODpSDjg5vjg7zjg6Djg5Hjg7zjg4bjgqPjg7wg44OB44On44Kz44Os44O844OI44OV44Kp44Oz44OH44OlIOODkeODvOODhuOCo+ODvOOCsOODg+OCuiDjg4Hjg6fjgrPjg5Xjgqnjg7Pjg4fjg6Xjg4Hjg6fjgrPjg6zjg7zjg4jjg5Xjgqnjg7Pjg4fjg6Ug44OR44O844Or6YeR5bGePC9mb250PjwvYj48YnI+5a625peP44KE5Y+L6YGU44G/44KT44Gq44Go5aSn5Yui44Gn44OB44On44Kz44Os44O844OI44OV44Kh44Km44Oz44OG44Oz44OR44O844OG44Kj44O877yBPGJyPgrjg4Hjg6fjgrPjg6zjg7zjg4jjga7mtYHjgozjgovmu53jgavjgqTjg4HjgrTjgoTjg5Djg4rjg4rjgarjganjga7jg5Xjg6vjg7zjg4TjgoTjg5Hjg7PjgIHjg57jgrfjg6Xjg57jg63jgarjganjgpLjgY/jgZDjgonjgZvjgabjgYrlj6zjgZfkuIrjgYzjgorjgY/jgaDjgZXjgYTjgII8YnI+CuWPl+eav+OBr+OBteOBo+e0oOaoueiEguWKoOW3peOBp+OBiuaJi+WFpeOCjOOCq+ODs+OCv+ODszxicj48YnI+PGJyPuKXj+WVhuWTgeOCteOCpOOCuu+8iGNt77yJPGJyPgrluYXntIQyMu+9mOWlpeihjOe0hDIxLjXvvZjpq5jjgZXntIQzMi41PGJyPgril4/mnZDos6o8YnI+CuaoueiEgumDqC9BQlPmqLnohIIo6ICQ54ax5rip5bqmODDluqYp44CB55q/6YOoL+OCueODhuODs+ODrOOCuemLvCjjgbXjgaPntKDmqLnohILloZfohpzliqDlt6Up44CB44OR44OD44Kt44OzL+OCt+ODquOCs+ODvOODs+OCtOODoDxicj4K4peP6Zu75rqQPGJyPgoxMDBWIDUwLzYwSFo8YnI+CuKXj+a2iOiyu+mbu+WKmzxicj4KNjVXPGJyPgril4/lrprmoLzmmYLplpM8YnI+CjYw5YiGPGJyPgril4/lrrnph488YnI+Cue0hDUzMG1sPGJyPgril4/jgrPjg7zjg4njga7plbfjgZU8YnI+Cue0hDEuNG08YnI+PCEtLQo8Zm9udCBzaXplPTMgY29sb3I9cmVkPjxiPuOAkOW5tOacq+W5tOWni+OBruOBlOazqOaWh+ODu+OBiuWVj+OBhOWQiOOCj+OBm+OBq+mWouOBmeOCi+OBiuefpeOCieOBm+OAkTxicj48YnI+PC9mb250PgogCuKJquOBlOazqOaWh+OBq+OBpOOBhOOBpuKJqzxicj4K44Kk44Oz44K/44O844ON44OD44OI44GL44KJ44Gu44GU5rOo5paH44Gv5bm05Lit54Sh5LyR44Gn5om/44Gj44Gm44GK44KK44G+44GZ44CCPGJyPgoxMuaciDI35pelKOacqCkxNuaZguS7pemZjeOBq+OBhOOBn+OBoOOBhOOBn+OBlOazqOaWh+OBr+OAgTxicj4KMeaciDfml6Uo5pyIKeS7pemZjeOBq+mghuasoeOBlOWvvuW/nOOBleOBm+OBpumgguOBjeOBvuOBmeOAgjxicj4K44Gq44GK44CB5Zyo5bqr54q25rOB44Gr44KI44Gj44Gm44Gv44CB5ZWG5ZOB55m66YCB44G+44Gn44Gr44GK5pmC6ZaT44KS6aCC44GP5aC05ZCI44GM44GU44GW44GE44G+44GZ44CCPGJyPgrkuojjgoHjgZTnkIbop6Pjga7nqIvjgIHlrpzjgZfjgY/jgYrpoZjjgYTnlLPjgZfkuIrjgZLjgb7jgZnjgII8YnI+PGJyPgriiarjg6Hjg7zjg6vjgafjga7jgYrllY/lkIjjgZvjgavjgaTjgYTjgabiias8YnI+CjEy5pyIMjjml6Uo6YeRKTE25pmC5Lul6ZmN44Gu44GK5ZWP44GE5ZCI44KP44Gb44Gr44Gk44GE44Gm44Gv44CBPGJyPgox5pyIN+aXpSjmnIgp44KI44KK44CB6aCG5qyh44GU5a++5b+c44GV44Gb44Gm44GE44Gf44Gg44GN44G+44GZ44GMPGJyPgrlubTmnKvlubTlp4vjga/ku5XlhaXlhYjjgYzkvJHmpa3jga7ngrrjgIE8YnI+CuOBiuWVj+OBhOWQiOOCj+OBm+WGheWuueOBq+OCiOOCiui/lOS/oeOBvuOBp+OBq+OBiuaZgumWk+OCkuOBhOOBn+OBoOOBj+WgtOWQiOOBjOOBlOOBluOBhOOBvuOBmeOAgjxicj7kvZXljZLjgZTlrrnotabjgY/jgaDjgZXjgYTjgb7jgZnjgojjgYbjgYrpoZjjgYTnlLPjgZfjgYLjgZLjgb7jgZnjgII8YnI+PGJyPgogCuKJquOBiumbu+ipseOBp+OBruOBiuWVj+WQiOOBm+OBq+OBpOOBhOOBpuKJqwo8YnI+5oGQ44KM5YWl44KK44G+44GZ44GM44CBMTLmnIgyOOaXpSjph5Ep772eMeaciDbml6Uo5pelKeOBvuOBp+OBiuS8keOBv+OBleOBm+OBpumgguOBjeOBvuOBmeOAgjxicj48YnI+CiAKPC9iPgogIAoKCgoKCgo8ZGl2IGFsaWduPSJjZW50ZXIiPjxmb250IHN0eWxlPSIgZm9udC1zaXplOiAxNnB4OyBmb250LXdlaWdodDpib2xkOyBjb2xvcjojRkY2NjAwOyI+5qW95aSp44Op44Oz44Kt44Oz44Kw5bi46YCj77yB44Gn44KT44Gn44KT44Gu5Lq65rCX44Ki44Kk44OG44OgPC9mb250Pjxicj4KICA8dGFibGUgY2VsbHBhZGRpbmc9IjUiIGNlbGxzcGFjaW5nPSI0IiBiZ2NvbG9yPSIjRjA4MDgwIiBzdHlsZT0iZm9udC13ZWlnaHQ6Ym9sZDsiPgogICAgPHRyIGFsaWduPSJjZW50ZXIiPgogICAgICA8dGQgYmdjb2xvcj0iI2ZmZmZmZiI+IDxpbWcgc3JjPWh0dHA6Ly9pbWFnZS5yYWt1dGVuLmNvLmpwL2thZGVucmFuZC9jYWJpbmV0L2ppc2hhaGluLzU2MjAzMi0xLmpwZyBib3JkZXI9MCB3aWR0aD0xMzA+PGJyPgogICAgICAgIDxmb250IGNvbG9yPSJyZWQiPjEsOTgw5YaGPC9mb250Pjxicj4KICAgICAgICDjgJDpm7vmsJfjgrHjg4jjg6vjgJE8L3RkPgogICAgICA8dGQgYmdjb2xvcj0iI2ZmZmZmZiI+IDxpbWcgc3JjPWh0dHA6Ly9pbWFnZS5yYWt1dGVuLmNvLmpwL2thZGVucmFuZC9jYWJpbmV0L2ppc2FrdS81NjA1OTUuanBnIGJvcmRlcj0wIHdpZHRoPTEzNT48YnI+CiAgICAgICAgPGZvbnQgY29sb3I9InJlZCI+MSw5ODDlhoY8L2ZvbnQ+PGJyPgogICAgICAgIOOAkDJXQVnjg5fjg6zjg7zjg4jjgJE8L3RkPgogICAgICA8dGQgYmdjb2xvcj0iI2ZmZmZmZiI+IDxpbWcgc3JjPWh0dHA6Ly9pbWFnZS5yYWt1dGVuLmNvLmpwL2thZGVucmFuZC9jYWJpbmV0L2ppc2FrdS9tYXJ1dGkuanBnIGJvcmRlcj0wIHdpZHRoPTEzNT48YnI+CiAgICAgICAgPGZvbnQgY29sb3I9InJlZCI+Miw3ODDlhoY8L2ZvbnQ+PGJyPgogICAgICAgIOOAkOODnuODq+ODgeOCr+ODg+OCq+ODvOOAkTwvdGQ+CiAgICAgIDx0ZCBiZ2NvbG9yPSIjZmZmZmZmIj4gPGltZyBzcmM9aHR0cDovL2ltYWdlLnJha3V0ZW4uY28uanAva2FkZW5yYW5kL2NhYmluZXQvamlzaGFoaW4vNTYwNjcwLmpwZyBib3JkZXI9MCB3aWR0aD0xMzU+PGJyPgogICAgICAgIDxmb250IGNvbG9yPSJyZWQiPjQsNjgw5YaGPC9mb250Pjxicj4KICAgICAgICDjgJDluoPjgIXjg4jjg7zjgrnjgr/jg7zjgJE8L3RkPgogICAgICA8dGQgYmdjb2xvcj0iI2ZmZmZmZiI+IDxpbWcgc3JjPWh0dHA6Ly9pbWFnZS5yYWt1dGVuLmNvLmpwL2thZGVucmFuZC9jYWJpbmV0L2ppc2hhaGluLzU2MDA4Mi1qLmpwZyBib3JkZXI9MCB3aWR0aD0xMzU+PGJyPgogICAgICAgIDxmb250IGNvbG9yPSJyZWQiPjUsNjgw5YaGPC9mb250Pjxicj4KICAgICAgICDjgJDjgrfjg7Pjg5fjg6vjg6zjg7PjgrjjgJE8L3RkPgogICAgPC90cj4KICAgIDx0ciBhbGlnbj0iY2VudGVyIj4KICAgICAgPHRkIGJnY29sb3I9IiNmZmZmZmYiPiA8aW1nIHNyYz1odHRwOi8vaW1hZ2UucmFrdXRlbi5jby5qcC9rYWRlbnJhbmQvY2FiaW5ldC9qaXNha3UvNTMwMDQ3LTEuanBnIGJvcmRlcj0wIHdpZHRoPTEzMD48YnI+CiAgICAgICAgPGZvbnQgY29sb3I9InJlZCI+MTUsODAw5YaG772ePC9mb250Pjxicj4KICAgICAgICDjgJDpmaTmub/mqZ/jgJE8L3RkPgogICAgICA8dGQgYmdjb2xvcj0iI2ZmZmZmZiI+IDxpbWcgc3JjPWh0dHA6Ly9pbWFnZS5yYWt1dGVuLmNvLmpwL2thZGVucmFuZC9jYWJpbmV0L2ppc2hhaGluLzUzMDA0NC1lLmpwZyBib3JkZXI9MCB3aWR0aD0xMzU+PGJyPgogICAgICAgIDxmb250IGNvbG9yPSJyZWQiPjQsMTgw5YaGPC9mb250Pjxicj4KICAgICAgICDjgJDluIPlm6Pkub7nh6XmqZ/jgJE8L3RkPgogICAgICA8dGQgYmdjb2xvcj0iI2ZmZmZmZiI+IDxpbWcgc3JjPWh0dHA6Ly9pbWFnZS5yYWt1dGVuLmNvLmpwL2thZGVucmFuZC9jYWJpbmV0L2ppc2hhaGluLzU2MDgyOC1qLmpwZyBib3JkZXI9MCB3aWR0aD0xMzU+PGJyPgogICAgICAgIDxmb250IGNvbG9yPSJyZWQiPjE4LDkwMOWGhjwvZm9udD48YnI+CiAgICAgICAg44CQ56m65rCX5riF5rWE5qmf44CRPC90ZD4KICAgICAgPHRkIGJnY29sb3I9IiNmZmZmZmYiPiA8aW1nIHNyYz1odHRwOi8vaW1hZ2UucmFrdXRlbi5jby5qcC9rYWRlbnJhbmQvY2FiaW5ldC9kZW5kZW4xMC9pbWc1NjYxNDAxMy5qcGcgYm9yZGVyPTAgd2lkdGg9MTM1Pjxicj4KICAgICAgICA8Zm9udCBjb2xvcj0icmVkIj4xLDI3OeWGhjwvZm9udD48YnI+CiAgICAgICAg44CQ44Kz44O844OS44O844Oh44O844Kr44O844CRPC90ZD4KICAgICAgPHRkIGJnY29sb3I9IiNmZmZmZmYiPiA8aW1nIHNyYz1odHRwOi8vaW1hZ2UucmFrdXRlbi5jby5qcC9rYWRlbnJhbmQvY2FiaW5ldC9qaXNoYWhpbi81NTg2MTktZS5qcGcgYm9yZGVyPTAgd2lkdGg9MTM1Pjxicj4KICAgICAgICA8Zm9udCBjb2xvcj0icmVkIj41LDc4MOWGhjwvZm9udD48YnI+CiAgICAgICAg44CQ44K544OB44O844Og44Oi44OD44OX44CRPC90ZD4KICAgIDwvdHI+CiAgICA8dHIgYWxpZ249ImNlbnRlciI+CiAgICAgIDx0ZCBiZ2NvbG9yPSIjZmZmZmZmIj4gPGltZyBzcmM9aHR0cDovL2ltYWdlLnJha3V0ZW4uY28uanAva2FkZW5yYW5kL2NhYmluZXQvamlzaGFoaW4yLzI3MTAwOC1hbGwuanBnIGJvcmRlcj0wIHdpZHRoPTEzMD48YnI+CiAgICAgICAgPGZvbnQgY29sb3I9InJlZCI+MiwyODDlhobvvZ48L2ZvbnQ+PGJyPgogICAgICAgIOOAkOOCteODvOOCreODpeODrOODvOOCv+ODvOOAkTwvdGQ+CiAgICAgIDx0ZCBiZ2NvbG9yPSIjZmZmZmZmIj4gPGltZyBzcmM9aHR0cDovL2ltYWdlLnJha3V0ZW4uY28uanAva2FkZW5yYW5kL2NhYmluZXQvc2V0LzE4ODk4NTctZS5qcGcgYm9yZGVyPTAgd2lkdGg9MTM1Pjxicj4KICAgICAgICA8Zm9udCBjb2xvcj0icmVkIj4xLDg4MOWGhjwvZm9udD48YnI+CiAgICAgICAg44CQTEVE44K744Oz44K144O844Op44Kk44OI44CRPC90ZD4KICAgICAgPHRkIGJnY29sb3I9IiNmZmZmZmYiPiA8aW1nIHNyYz1odHRwOi8vaW1hZ2UucmFrdXRlbi5jby5qcC9lbmV0cm9vbS9jYWJpbmV0L2ppc2hhaGluLzI0MjQzMC1lLmpwZyBib3JkZXI9MCB3aWR0aD0xMzU+PGJyPgogICAgICAgIDxmb250IGNvbG9yPSJyZWQiPjEsMTgwMOWGhjwvZm9udD48YnI+CiAgICAgICAg44CQTEVE44K344O844Oq44Oz44Kw44CRPC90ZD4KICAgICAgPHRkIGJnY29sb3I9IiNmZmZmZmYiPiA8aW1nIHNyYz1odHRwOi8vaW1hZ2UucmFrdXRlbi5jby5qcC9rYWRlbnJhbmQvY2FiaW5ldC9qaXNha3UvOTQ3MTgzNi5qcGcgYm9yZGVyPTAgd2lkdGg9MTM1Pjxicj4KICAgICAgICA8Zm9udCBjb2xvcj0icmVkIj45LDk4MOWGhjwvZm9udD48YnI+CiAgICAgICAg44CQNOWQiOeyvuexs+apn+OAkTwvdGQ+CiAgICAgIDx0ZCBiZ2NvbG9yPSIjZmZmZmZmIj4gPGltZyBzcmM9aHR0cDovL2ltYWdlLnJha3V0ZW4uY28uanAva2FkZW5yYW5kL2NhYmluZXQvamlzYWt1Lzk0NzAzMDgtai5qcGcgYm9yZGVyPTAgd2lkdGg9MTM1Pjxicj4KICAgICAgICA8Zm9udCBjb2xvcj0icmVkIj4zLDQ4MOWGhjwvZm9udD48YnI+CiAgICAgICAg44CQTEVE44OZ44OD44OJ44Op44Kk44OI44CRPC90ZD4KICAgIDwvdHI+CiAgICA8dHIgYWxpZ249ImNlbnRlciI+CiAgICAgIDx0ZCBiZ2NvbG9yPSIjZmZmZmZmIj4gPGltZyBzcmM9aHR0cDovL2ltYWdlLnJha3V0ZW4uY28uanAva2FkZW5yYW5kL2NhYmluZXQvamlzaGFoaW4vNTU4NzE2LWFsbC1lLmpwZyBib3JkZXI9MCB3aWR0aD0xMzA+PGJyPgogICAgICAgIDxmb250IGNvbG9yPSJyZWQiPjIsOTgw5YaG772ePC9mb250Pjxicj4KICAgICAgICDjgJDmlpzjgoHjgorku5hMRUTjgJE8L3RkPgogICAgICA8dGQgYmdjb2xvcj0iI2ZmZmZmZiI+IDxpbWcgc3JjPWh0dHA6Ly9pbWFnZS5yYWt1dGVuLmNvLmpwL2thZGVucmFuZC9jYWJpbmV0L2ppc2FrdS81Mzg4MTktMS5qcGcgYm9yZGVyPTAgd2lkdGg9MTM1Pjxicj4KICAgICAgICA8Zm9udCBjb2xvcj0icmVkIj4zLDQ4MOWGhjwvZm9udD48YnI+CiAgICAgICAg44CQTEVE44K744Oz44K144O844Op44Kk44OI44CRPC90ZD4KICAgICAgPHRkIGJnY29sb3I9IiNmZmZmZmYiPiA8aW1nIHNyYz1odHRwOi8vaW1hZ2UucmFrdXRlbi5jby5qcC9rYWRlbnJhbmQvY2FiaW5ldC9kZW5kZW4vaW1nNTY2MzM5NjIuanBnIGJvcmRlcj0wIHdpZHRoPTEzNT48YnI+CiAgICAgICAgPGZvbnQgY29sb3I9InJlZCI+Miw5ODDlhoY8L2ZvbnQ+PGJyPgogICAgICAgIOOAkDJXQVnjgq/jg6rjg7zjg4rjg7zjgJE8L3RkPgogICAgICA8dGQgYmdjb2xvcj0iI2ZmZmZmZiI+IDxpbWcgc3JjPWh0dHA6Ly9pbWFnZS5yYWt1dGVuLmNvLmpwL2thZGVucmFuZC9jYWJpbmV0L2thZGVuMi85NDcwMjkwLTEuanBnIGJvcmRlcj0wIHdpZHRoPTEzNT48YnI+CiAgICAgICAgPGZvbnQgY29sb3I9InJlZCI+Miw0ODDlhoY8L2ZvbnQ+PGJyPgogICAgICAgIOOAkOOCuOODpeODvOOCteODvOOAkTwvdGQ+CiAgICAgIDx0ZCBiZ2NvbG9yPSIjZmZmZmZmIj4gPGltZyBzcmM9aHR0cDovL2ltYWdlLnJha3V0ZW4uY28uanAva2FkZW5yYW5kL2NhYmluZXQvamlzYWt1L3NobS0xMDB0LTEuanBnIGJvcmRlcj0wIHdpZHRoPTEzNT48YnI+CiAgICAgICAgPGZvbnQgY29sb3I9InJlZCI+MSw5ODDlhoY8L2ZvbnQ+PGJyPgogICAgICAgIOOAkOODkeODvOOCveODiuODq+WKoOa5v+WZqOOAkTwvdGQ+CiAgICA8L3RyPgogICAgPC90YWJsZT4KPC9kaXY+LS0+,44Oq44OI44Or44Oq44OD44OB44CA6Zu75rCX44OB44On44Kz44Os44O844OI44OV44Kh44Km44Oz44OG44OzTSDjg5vjg6/jgqTjg4ggRC0zMDjjg4Hjg6fjgrPjg5Xjgqnjg7Pjg4fjg6Ug44Ob44O844Og44OR44O844OG44Kj44O8IOODgeODp+OCs+ODrOODvOODiOODleOCqeODs+ODh+ODpSDjg5Hjg7zjg4bjgqPjg7zjgrDjg4Pjgrog44OB44On44Kz44OV44Kp44Oz44OH44Ol44OB44On44Kz44Os44O844OI44OV44Kp44Oz44OH44OlIOODgeODp+OCs+ODleOCqeODs+ODh+ODpeODkeODvOODhuOCo+ODvOOCsOODg+OCuiDjg5Hjg7zjg6vph5HlsZ4g44CQROOAke+8muOCt+ODp+ODg+ODlOODs+OCsOODqeODs+ODieOAgOOBp+OCk+OBp+OCkw==,5a626Zu744Ki44Kk44Oq44K544Kq44O844Ok44Oe5biD5Zuj5Lm+54el5qmfIOOCq+ODqeODquOCqOODgOOCpOOCreODsyBEQUlLSU7liqDmub/lmahJSOOCr+ODg+OCreODs+OCsOODkuODvOOCv+ODvExFROmbu+eQg+epuuawl+a4hea1hOapn0xFROOCt+ODvOODquODs+OCsOODqeOCpOODiOaaluaIv+aOg+mZpOapn+mAgeaWmeeEoeaWmeixoeWNsCBaT0pJUlVTSEnjgrnjg4bjgqPjg4Pjgq/jgq/jg6rjg7zjg4rjg7zjgqTjg6Tjg5vjg7Pmpb3lpKnmmYLoqIjjgqvjgrfjgqogQ0FTSU/jgrvjgqTjgrPjg7wgU0VJS09TSEFSUCDjgrfjg6Pjg7zjg5fjg6rjg4jjg6vjg6rjg4Pjg4HjgIDpm7vmsJfjg4Hjg6fjgrPjg6zjg7zjg4jjg5XjgqHjgqbjg7Pjg4bjg7NNIOODm+ODr+OCpOODiCBELTMwOOODgeODp+OCs+ODleOCqeODs+ODh+ODpSDjg5vjg7zjg6Djg5Hjg7zjg4bjgqPjg7wg44OB44On44Kz44Os44O844OI44OV44Kp44Oz44OH44OlIOODkeODvOODhuOCo+ODvOOCsOODg+OCuiDjg4Hjg6fjgrPjg5Xjgqnjg7Pjg4fjg6Xjg4Hjg6fjgrPjg6zjg7zjg4jjg5Xjgqnjg7Pjg4fjg6Ug44OB44On44Kz44OV44Kp44Oz44OH44Ol44OR44O844OG44Kj44O844Kw44OD44K6IOODkeODvOODq+mHkeWxniDjgJBE44CR,MTAwMOWGhk9GRuOCr+ODvOODneODs+eZuuihjOS4reKZqjI15pelYW0xOjU56L+E77yB44CC44Oq44OI44Or44Oq44OD44OB44CA6Zu75rCX44OB44On44Kz44Os44O844OI44OV44Kh44Km44Oz44OG44OzTSDjg5vjg6/jgqTjg4ggRC0zMDjjg4Hjg6fjgrPjg5Xjgqnjg7Pjg4fjg6Ug44Ob44O844Og44OR44O844OG44Kj44O8IOODgeODp+OCs+ODrOODvOODiOODleOCqeODs+ODh+ODpSDjg5Hjg7zjg4bjgqPjg7zjgrDjg4Pjgrog44OB44On44Kz44OV44Kp44Oz44OH44Ol44OB44On44Kz44Os44O844OI44OV44Kp44Oz44OH44OlIOODgeODp+OCs+ODleOCqeODs+ODh+ODpeODkeODvOODhuOCo+ODvOOCsOODg+OCuiDjg5Hjg7zjg6vph5HlsZ4g44CQROOAkQ==[rn]
9-88290,aHR0cDovL3RzaG9wLnIxMHMuanAva2FkZW5yYW5kL2NhYmluZXQvdGFzeWEzNS83MDc2ODM2LWUuanBnP2ZpdGluPTcwMDo3MDA=,OTQ4LjgwMDA=,,44Kt44OD44OB44Oz55So5ZOB44O76aOf5Zmo44O76Kq/55CG5Zmo5YW3ID4g44Gd44Gu5LuW,44Od44OD44OU44O844CA44OB44On44Kz44OV44Kp44Oz44OH44OlIEQtMTU544OB44On44Kz44OV44Kp44Oz44OH44OlIOODm+ODvOODoOODkeODvOODhuOCo+ODvCDjg4Hjg6fjgrPjg6zjg7zjg4jjg5Xjgqnjg7Pjg4fjg6Ug44OR44O844OG44Kj44O844Kw44OD44K6IOODgeODp+OCs+ODleOCqeODs+ODh+ODpeODgeODp+OCs+ODrOODvOODiOODleOCqeODs+ODh+ODpSDjg4Hjg6fjgrPjg5Xjgqnjg7Pjg4fjg6Xjg5Hjg7zjg4bjgqPjg7zjgrDjg4Pjgrog44OR44O844Or6YeR5bGeIOOAkETjgJE=,MTAwMOWGhk9GRuOCr+ODvOODneODs+eZuuihjOS4reKZqjI15pelYW0xOjU56L+E77yB,PGI+PGZvbnQgY29sb3I9IiNEQ0RDREMiPuODgeODp+OCs+ODleOCqeODs+ODh+ODpSDjg5vjg7zjg6Djg5Hjg7zjg4bjgqPjg7wg44OB44On44Kz44Os44O844OI44OV44Kp44Oz44OH44OlIOODkeODvOODhuOCo+ODvOOCsOODg+OCuiDjg4Hjg6fjgrPjg5Xjgqnjg7Pjg4fjg6Xjg4Hjg6fjgrPjg6zjg7zjg4jjg5Xjgqnjg7Pjg4fjg6Ug44OR44O844Or6YeR5bGePC9mb250PjwvYj48YnI+44Kk44OB44K044KE44OQ44OK44OK44CB44OR44Kk44Oz44Gq44Gp44Gu44OV44Or44O844OE44Gv44KC44Gh44KN44KT44CB44Od44OG44OI44OB44OD44OX44K544KE44Op44K544Kv44Gq44Gp44GK5aW944G/44Gn44OB44On44Kz44Os44O844OI44OV44Kp44Oz44OH44Ol44KS44GK5qW944GX44G/44GP44Gg44GV44GE44CCPGJyPgrjgb/jgpPjgarjgafmpb3jgZfjgoHjgovjg5Xjgqnjg7zjgq805pys5LuY44CCPGJyPgrnh4Pmlpkz5YCL5LuYPGJyPgrkuqTmj5vnlKjjga7nh4Pmlpnjga9ELTQxIOODl+ODgeOCt+ODp+OCs+ODqSDjg4Hjg6fjgrPjg6zjg7zjg4jjg5Xjgqnjg7Pjg4fjg6Xnh4Pmlpk05YCL57WE44KS44GK5L2/44GE44GP44Gg44GV44GE44CCPGJyPjxicj48YnI+4peP5ZWG5ZOB44K144Kk44K677yIY23vvIk8YnI+CuWkluW+hOe0hDEzLjXvvZjpq5jjgZXntIQxMi41PGJyPgril4/mnKzkvZPph43ph48o57SEKTxicj4KNTIwZzxicj4K4peP5p2Q6LOqPGJyPgrmnKzkvZPjg7vjgrnjgr/jg7Pjg4nvvJrpmbbno4Hlmag8YnI+CuODleOCqeODvOOCr++8mumJhCjjgq/jg63jg6DjgoHjgaPjgY0p44O744Od44Oq44OX44Ot44OU44Os44OzKOiAkOeGsea4qeW6pjEyMOW6pik8YnI+CueHg+aWme+8muODkeODqeODleOCo+ODszxicj48IS0tCjxmb250IHNpemU9MyBjb2xvcj1yZWQ+PGI+44CQ5bm05pyr5bm05aeL44Gu44GU5rOo5paH44O744GK5ZWP44GE5ZCI44KP44Gb44Gr6Zai44GZ44KL44GK55+l44KJ44Gb44CRPGJyPjxicj48L2ZvbnQ+CiAK4omq44GU5rOo5paH44Gr44Gk44GE44Gm4omrPGJyPgrjgqTjg7Pjgr/jg7zjg43jg4Pjg4jjgYvjgonjga7jgZTms6jmlofjga/lubTkuK3nhKHkvJHjgafmib/jgaPjgabjgYrjgorjgb7jgZnjgII8YnI+CjEy5pyIMjfml6Uo5pyoKTE25pmC5Lul6ZmN44Gr44GE44Gf44Gg44GE44Gf44GU5rOo5paH44Gv44CBPGJyPgox5pyIN+aXpSjmnIgp5Lul6ZmN44Gr6aCG5qyh44GU5a++5b+c44GV44Gb44Gm6aCC44GN44G+44GZ44CCPGJyPgrjgarjgYrjgIHlnKjluqvnirbms4HjgavjgojjgaPjgabjga/jgIHllYblk4HnmbrpgIHjgb7jgafjgavjgYrmmYLplpPjgpLpoILjgY/loLTlkIjjgYzjgZTjgZbjgYTjgb7jgZnjgII8YnI+CuS6iOOCgeOBlOeQhuino+OBrueoi+OAgeWunOOBl+OBj+OBiumhmOOBhOeUs+OBl+S4iuOBkuOBvuOBmeOAgjxicj48YnI+CuKJquODoeODvOODq+OBp+OBruOBiuWVj+WQiOOBm+OBq+OBpOOBhOOBpuKJqzxicj4KMTLmnIgyOOaXpSjph5EpMTbmmYLku6XpmY3jga7jgYrllY/jgYTlkIjjgo/jgZvjgavjgaTjgYTjgabjga/jgIE8YnI+CjHmnIg35pelKOaciCnjgojjgorjgIHpoIbmrKHjgZTlr77lv5zjgZXjgZvjgabjgYTjgZ/jgaDjgY3jgb7jgZnjgYw8YnI+CuW5tOacq+W5tOWni+OBr+S7leWFpeWFiOOBjOS8kealreOBrueCuuOAgTxicj4K44GK5ZWP44GE5ZCI44KP44Gb5YaF5a6544Gr44KI44KK6L+U5L+h44G+44Gn44Gr44GK5pmC6ZaT44KS44GE44Gf44Gg44GP5aC05ZCI44GM44GU44GW44GE44G+44GZ44CCPGJyPuS9leWNkuOBlOWuuei1puOBj+OBoOOBleOBhOOBvuOBmeOCiOOBhuOBiumhmOOBhOeUs+OBl+OBguOBkuOBvuOBmeOAgjxicj48YnI+CiAK4omq44GK6Zu76Kmx44Gn44Gu44GK5ZWP5ZCI44Gb44Gr44Gk44GE44Gm4omrCjxicj7mgZDjgozlhaXjgorjgb7jgZnjgYzjgIExMuaciDI45pelKOmHkSnvvZ4x5pyINuaXpSjml6Up44G+44Gn44GK5LyR44G/44GV44Gb44Gm6aCC44GN44G+44GZ44CCPGJyPjxicj4KIAo8L2I+CiAgCgoKCgoKCjxkaXYgYWxpZ249ImNlbnRlciI+PGZvbnQgc3R5bGU9IiBmb250LXNpemU6IDE2cHg7IGZvbnQtd2VpZ2h0OmJvbGQ7IGNvbG9yOiNGRjY2MDA7Ij7mpb3lpKnjg6njg7Pjgq3jg7PjgrDluLjpgKPvvIHjgafjgpPjgafjgpPjga7kurrmsJfjgqLjgqTjg4bjg6A8L2ZvbnQ+PGJyPgogIDx0YWJsZSBjZWxscGFkZGluZz0iNSIgY2VsbHNwYWNpbmc9IjQiIGJnY29sb3I9IiNGMDgwODAiIHN0eWxlPSJmb250LXdlaWdodDpib2xkOyI+CiAgICA8dHIgYWxpZ249ImNlbnRlciI+CiAgICAgIDx0ZCBiZ2NvbG9yPSIjZmZmZmZmIj4gPGltZyBzcmM9aHR0cDovL2ltYWdlLnJha3V0ZW4uY28uanAva2FkZW5yYW5kL2NhYmluZXQvamlzaGFoaW4vNTYyMDMyLTEuanBnIGJvcmRlcj0wIHdpZHRoPTEzMD48YnI+CiAgICAgICAgPGZvbnQgY29sb3I9InJlZCI+MSw5ODDlhoY8L2ZvbnQ+PGJyPgogICAgICAgIOOAkOmbu+awl+OCseODiOODq+OAkTwvdGQ+CiAgICAgIDx0ZCBiZ2NvbG9yPSIjZmZmZmZmIj4gPGltZyBzcmM9aHR0cDovL2ltYWdlLnJha3V0ZW4uY28uanAva2FkZW5yYW5kL2NhYmluZXQvamlzYWt1LzU2MDU5NS5qcGcgYm9yZGVyPTAgd2lkdGg9MTM1Pjxicj4KICAgICAgICA8Zm9udCBjb2xvcj0icmVkIj4xLDk4MOWGhjwvZm9udD48YnI+CiAgICAgICAg44CQMldBWeODl+ODrOODvOODiOOAkTwvdGQ+CiAgICAgIDx0ZCBiZ2NvbG9yPSIjZmZmZmZmIj4gPGltZyBzcmM9aHR0cDovL2ltYWdlLnJha3V0ZW4uY28uanAva2FkZW5yYW5kL2NhYmluZXQvamlzYWt1L21hcnV0aS5qcGcgYm9yZGVyPTAgd2lkdGg9MTM1Pjxicj4KICAgICAgICA8Zm9udCBjb2xvcj0icmVkIj4yLDc4MOWGhjwvZm9udD48YnI+CiAgICAgICAg44CQ44Oe44Or44OB44Kv44OD44Kr44O844CRPC90ZD4KICAgICAgPHRkIGJnY29sb3I9IiNmZmZmZmYiPiA8aW1nIHNyYz1odHRwOi8vaW1hZ2UucmFrdXRlbi5jby5qcC9rYWRlbnJhbmQvY2FiaW5ldC9qaXNoYWhpbi81NjA2NzAuanBnIGJvcmRlcj0wIHdpZHRoPTEzNT48YnI+CiAgICAgICAgPGZvbnQgY29sb3I9InJlZCI+NCw2ODDlhoY8L2ZvbnQ+PGJyPgogICAgICAgIOOAkOW6g+OAheODiOODvOOCueOCv+ODvOOAkTwvdGQ+CiAgICAgIDx0ZCBiZ2NvbG9yPSIjZmZmZmZmIj4gPGltZyBzcmM9aHR0cDovL2ltYWdlLnJha3V0ZW4uY28uanAva2FkZW5yYW5kL2NhYmluZXQvamlzaGFoaW4vNTYwMDgyLWouanBnIGJvcmRlcj0wIHdpZHRoPTEzNT48YnI+CiAgICAgICAgPGZvbnQgY29sb3I9InJlZCI+NSw2ODDlhoY8L2ZvbnQ+PGJyPgogICAgICAgIOOAkOOCt+ODs+ODl+ODq+ODrOODs+OCuOOAkTwvdGQ+CiAgICA8L3RyPgogICAgPHRyIGFsaWduPSJjZW50ZXIiPgogICAgICA8dGQgYmdjb2xvcj0iI2ZmZmZmZiI+IDxpbWcgc3JjPWh0dHA6Ly9pbWFnZS5yYWt1dGVuLmNvLmpwL2thZGVucmFuZC9jYWJpbmV0L2ppc2FrdS81MzAwNDctMS5qcGcgYm9yZGVyPTAgd2lkdGg9MTMwPjxicj4KICAgICAgICA8Zm9udCBjb2xvcj0icmVkIj4xNSw4MDDlhobvvZ48L2ZvbnQ+PGJyPgogICAgICAgIOOAkOmZpOa5v+apn+OAkTwvdGQ+CiAgICAgIDx0ZCBiZ2NvbG9yPSIjZmZmZmZmIj4gPGltZyBzcmM9aHR0cDovL2ltYWdlLnJha3V0ZW4uY28uanAva2FkZW5yYW5kL2NhYmluZXQvamlzaGFoaW4vNTMwMDQ0LWUuanBnIGJvcmRlcj0wIHdpZHRoPTEzNT48YnI+CiAgICAgICAgPGZvbnQgY29sb3I9InJlZCI+NCwxODDlhoY8L2ZvbnQ+PGJyPgogICAgICAgIOOAkOW4g+Wbo+S5vueHpeapn+OAkTwvdGQ+CiAgICAgIDx0ZCBiZ2NvbG9yPSIjZmZmZmZmIj4gPGltZyBzcmM9aHR0cDovL2ltYWdlLnJha3V0ZW4uY28uanAva2FkZW5yYW5kL2NhYmluZXQvamlzaGFoaW4vNTYwODI4LWouanBnIGJvcmRlcj0wIHdpZHRoPTEzNT48YnI+CiAgICAgICAgPGZvbnQgY29sb3I9InJlZCI+MTgsOTAw5YaGPC9mb250Pjxicj4KICAgICAgICDjgJDnqbrmsJfmuIXmtYTmqZ/jgJE8L3RkPgogICAgICA8dGQgYmdjb2xvcj0iI2ZmZmZmZiI+IDxpbWcgc3JjPWh0dHA6Ly9pbWFnZS5yYWt1dGVuLmNvLmpwL2thZGVucmFuZC9jYWJpbmV0L2RlbmRlbjEwL2ltZzU2NjE0MDEzLmpwZyBib3JkZXI9MCB3aWR0aD0xMzU+PGJyPgogICAgICAgIDxmb250IGNvbG9yPSJyZWQiPjEsMjc55YaGPC9mb250Pjxicj4KICAgICAgICDjgJDjgrPjg7zjg5Ljg7zjg6Hjg7zjgqvjg7zjgJE8L3RkPgogICAgICA8dGQgYmdjb2xvcj0iI2ZmZmZmZiI+IDxpbWcgc3JjPWh0dHA6Ly9pbWFnZS5yYWt1dGVuLmNvLmpwL2thZGVucmFuZC9jYWJpbmV0L2ppc2hhaGluLzU1ODYxOS1lLmpwZyBib3JkZXI9MCB3aWR0aD0xMzU+PGJyPgogICAgICAgIDxmb250IGNvbG9yPSJyZWQiPjUsNzgw5YaGPC9mb250Pjxicj4KICAgICAgICDjgJDjgrnjg4Hjg7zjg6Djg6Ljg4Pjg5fjgJE8L3RkPgogICAgPC90cj4KICAgIDx0ciBhbGlnbj0iY2VudGVyIj4KICAgICAgPHRkIGJnY29sb3I9IiNmZmZmZmYiPiA8aW1nIHNyYz1odHRwOi8vaW1hZ2UucmFrdXRlbi5jby5qcC9rYWRlbnJhbmQvY2FiaW5ldC9qaXNoYWhpbjIvMjcxMDA4LWFsbC5qcGcgYm9yZGVyPTAgd2lkdGg9MTMwPjxicj4KICAgICAgICA8Zm9udCBjb2xvcj0icmVkIj4yLDI4MOWGhu+9njwvZm9udD48YnI+CiAgICAgICAg44CQ44K144O844Kt44Ol44Os44O844K/44O844CRPC90ZD4KICAgICAgPHRkIGJnY29sb3I9IiNmZmZmZmYiPiA8aW1nIHNyYz1odHRwOi8vaW1hZ2UucmFrdXRlbi5jby5qcC9rYWRlbnJhbmQvY2FiaW5ldC9zZXQvMTg4OTg1Ny1lLmpwZyBib3JkZXI9MCB3aWR0aD0xMzU+PGJyPgogICAgICAgIDxmb250IGNvbG9yPSJyZWQiPjEsODgw5YaGPC9mb250Pjxicj4KICAgICAgICDjgJBMRUTjgrvjg7PjgrXjg7zjg6njgqTjg4jjgJE8L3RkPgogICAgICA8dGQgYmdjb2xvcj0iI2ZmZmZmZiI+IDxpbWcgc3JjPWh0dHA6Ly9pbWFnZS5yYWt1dGVuLmNvLmpwL2VuZXRyb29tL2NhYmluZXQvamlzaGFoaW4vMjQyNDMwLWUuanBnIGJvcmRlcj0wIHdpZHRoPTEzNT48YnI+CiAgICAgICAgPGZvbnQgY29sb3I9InJlZCI+MSwxODAw5YaGPC9mb250Pjxicj4KICAgICAgICDjgJBMRUTjgrfjg7zjg6rjg7PjgrDjgJE8L3RkPgogICAgICA8dGQgYmdjb2xvcj0iI2ZmZmZmZiI+IDxpbWcgc3JjPWh0dHA6Ly9pbWFnZS5yYWt1dGVuLmNvLmpwL2thZGVucmFuZC9jYWJpbmV0L2ppc2FrdS85NDcxODM2LmpwZyBib3JkZXI9MCB3aWR0aD0xMzU+PGJyPgogICAgICAgIDxmb250IGNvbG9yPSJyZWQiPjksOTgw5YaGPC9mb250Pjxicj4KICAgICAgICDjgJA05ZCI57K+57Gz5qmf44CRPC90ZD4KICAgICAgPHRkIGJnY29sb3I9IiNmZmZmZmYiPiA8aW1nIHNyYz1odHRwOi8vaW1hZ2UucmFrdXRlbi5jby5qcC9rYWRlbnJhbmQvY2FiaW5ldC9qaXNha3UvOTQ3MDMwOC1qLmpwZyBib3JkZXI9MCB3aWR0aD0xMzU+PGJyPgogICAgICAgIDxmb250IGNvbG9yPSJyZWQiPjMsNDgw5YaGPC9mb250Pjxicj4KICAgICAgICDjgJBMRUTjg5njg4Pjg4njg6njgqTjg4jjgJE8L3RkPgogICAgPC90cj4KICAgIDx0ciBhbGlnbj0iY2VudGVyIj4KICAgICAgPHRkIGJnY29sb3I9IiNmZmZmZmYiPiA8aW1nIHNyYz1odHRwOi8vaW1hZ2UucmFrdXRlbi5jby5qcC9rYWRlbnJhbmQvY2FiaW5ldC9qaXNoYWhpbi81NTg3MTYtYWxsLWUuanBnIGJvcmRlcj0wIHdpZHRoPTEzMD48YnI+CiAgICAgICAgPGZvbnQgY29sb3I9InJlZCI+Miw5ODDlhobvvZ48L2ZvbnQ+PGJyPgogICAgICAgIOOAkOaWnOOCgeOCiuS7mExFROOAkTwvdGQ+CiAgICAgIDx0ZCBiZ2NvbG9yPSIjZmZmZmZmIj4gPGltZyBzcmM9aHR0cDovL2ltYWdlLnJha3V0ZW4uY28uanAva2FkZW5yYW5kL2NhYmluZXQvamlzYWt1LzUzODgxOS0xLmpwZyBib3JkZXI9MCB3aWR0aD0xMzU+PGJyPgogICAgICAgIDxmb250IGNvbG9yPSJyZWQiPjMsNDgw5YaGPC9mb250Pjxicj4KICAgICAgICDjgJBMRUTjgrvjg7PjgrXjg7zjg6njgqTjg4jjgJE8L3RkPgogICAgICA8dGQgYmdjb2xvcj0iI2ZmZmZmZiI+IDxpbWcgc3JjPWh0dHA6Ly9pbWFnZS5yYWt1dGVuLmNvLmpwL2thZGVucmFuZC9jYWJpbmV0L2RlbmRlbi9pbWc1NjYzMzk2Mi5qcGcgYm9yZGVyPTAgd2lkdGg9MTM1Pjxicj4KICAgICAgICA8Zm9udCBjb2xvcj0icmVkIj4yLDk4MOWGhjwvZm9udD48YnI+CiAgICAgICAg44CQMldBWeOCr+ODquODvOODiuODvOOAkTwvdGQ+CiAgICAgIDx0ZCBiZ2NvbG9yPSIjZmZmZmZmIj4gPGltZyBzcmM9aHR0cDovL2ltYWdlLnJha3V0ZW4uY28uanAva2FkZW5yYW5kL2NhYmluZXQva2FkZW4yLzk0NzAyOTAtMS5qcGcgYm9yZGVyPTAgd2lkdGg9MTM1Pjxicj4KICAgICAgICA8Zm9udCBjb2xvcj0icmVkIj4yLDQ4MOWGhjwvZm9udD48YnI+CiAgICAgICAg44CQ44K444Ol44O844K144O844CRPC90ZD4KICAgICAgPHRkIGJnY29sb3I9IiNmZmZmZmYiPiA8aW1nIHNyYz1odHRwOi8vaW1hZ2UucmFrdXRlbi5jby5qcC9rYWRlbnJhbmQvY2FiaW5ldC9qaXNha3Uvc2htLTEwMHQtMS5qcGcgYm9yZGVyPTAgd2lkdGg9MTM1Pjxicj4KICAgICAgICA8Zm9udCBjb2xvcj0icmVkIj4xLDk4MOWGhjwvZm9udD48YnI+CiAgICAgICAg44CQ44OR44O844K944OK44Or5Yqg5rm/5Zmo44CRPC90ZD4KICAgIDwvdHI+CiAgICA8L3RhYmxlPgo8L2Rpdj4tLT4=,44Od44OD44OU44O844CA44OB44On44Kz44OV44Kp44Oz44OH44OlIEQtMTU544OB44On44Kz44OV44Kp44Oz44OH44OlIOODm+ODvOODoOODkeODvOODhuOCo+ODvCDjg4Hjg6fjgrPjg6zjg7zjg4jjg5Xjgqnjg7Pjg4fjg6Ug44OR44O844OG44Kj44O844Kw44OD44K6IOODgeODp+OCs+ODleOCqeODs+ODh+ODpeODgeODp+OCs+ODrOODvOODiOODleOCqeODs+ODh+ODpSDjg4Hjg6fjgrPjg5Xjgqnjg7Pjg4fjg6Xjg5Hjg7zjg4bjgqPjg7zjgrDjg4Pjgrog44OR44O844Or6YeR5bGeIOOAkETjgJHvvJrjgrfjg6fjg4Pjg5Tjg7PjgrDjg6njg7Pjg4njgIDjgafjgpPjgafjgpM=,5a626Zu744Ki44Kk44Oq44K544Kq44O844Ok44Oe5biD5Zuj5Lm+54el5qmfIOOCq+ODqeODquOCqOODgOOCpOOCreODsyBEQUlLSU7liqDmub/lmahJSOOCr+ODg+OCreODs+OCsOODkuODvOOCv+ODvExFROmbu+eQg+epuuawl+a4hea1hOapn0xFROOCt+ODvOODquODs+OCsOODqeOCpOODiOaaluaIv+aOg+mZpOapn+mAgeaWmeeEoeaWmeixoeWNsCBaT0pJUlVTSEnjgrnjg4bjgqPjg4Pjgq/jgq/jg6rjg7zjg4rjg7zjgqTjg6Tjg5vjg7Pmpb3lpKnmmYLoqIjjgqvjgrfjgqogQ0FTSU/jgrvjgqTjgrPjg7wgU0VJS09TSEFSUCDjgrfjg6Pjg7zjg5fjg53jg4Pjg5Tjg7zjgIDjg4Hjg6fjgrPjg5Xjgqnjg7Pjg4fjg6UgRC0xNTnjg4Hjg6fjgrPjg5Xjgqnjg7Pjg4fjg6Ug44Ob44O844Og44OR44O844OG44Kj44O8IOODgeODp+OCs+ODrOODvOODiOODleOCqeODs+ODh+ODpSDjg5Hjg7zjg4bjgqPjg7zjgrDjg4Pjgrog44OB44On44Kz44OV44Kp44Oz44OH44Ol44OB44On44Kz44Os44O844OI44OV44Kp44Oz44OH44OlIOODgeODp+OCs+ODleOCqeODs+ODh+ODpeODkeODvOODhuOCo+ODvOOCsOODg+OCuiDjg5Hjg7zjg6vph5HlsZ4g44CQROOAkQ==,MTAwMOWGhk9GRuOCr+ODvOODneODs+eZuuihjOS4reKZqjI15pelYW0xOjU56L+E77yB44CC44Od44OD44OU44O844CA44OB44On44Kz44OV44Kp44Oz44OH44OlIEQtMTU544OB44On44Kz44OV44Kp44Oz44OH44OlIOODm+ODvOODoOODkeODvOODhuOCo+ODvCDjg4Hjg6fjgrPjg6zjg7zjg4jjg5Xjgqnjg7Pjg4fjg6Ug44OR44O844OG44Kj44O844Kw44OD44K6IOODgeODp+OCs+ODleOCqeODs+ODh+ODpeODgeODp+OCs+ODrOODvOODiOODleOCqeODs+ODh+ODpSDjg4Hjg6fjgrPjg5Xjgqnjg7Pjg4fjg6Xjg5Hjg7zjg4bjgqPjg7zjgrDjg4Pjgrog44OR44O844Or6YeR5bGeIOOAkETjgJE=[rn]
9-88291,aHR0cDovL3RzaG9wLnIxMHMuanAva2FkZW5yYW5kL2NhYmluZXQvdGFzeWEzNS83MDc2ODI5LWUuanBnP2ZpdGluPTcwMDo3MDA=,MjM1Ni4wMDAw,,44Kt44OD44OB44Oz55So5ZOB44O76aOf5Zmo44O76Kq/55CG5Zmo5YW3ID4g44Gd44Gu5LuW,44Oq44OI44Or44Oq44OD44OB44CA44OB44On44Kz44OV44Kp44Oz44OH44Ol44O744OB44O844K644OV44Kp44Oz44OH44Ol6Y2LIOODrOODg+ODiSBELTMxMOODgeODp+OCs+ODleOCqeODs+ODh+ODpSDjg4Hjg7zjgrrjg5Xjgqnjg7Pjg4fjg6Ug44OB44On44Kz44Os44O844OI44OV44Kp44Oz44OH44OlIOODkeODvOODhuOCo+ODvOOCsOODg+OCuiDjg4Hjg6fjgrPjg5Xjgqnjg7Pjg4fjg6Xjg4Hjg6fjgrPjg6zjg7zjg4jjg5Xjgqnjg7Pjg4fjg6Ug44OB44On44Kz44OV44Kp44Oz44OH44Ol44OR44O844OG44Kj44O844Kw44OD44K6IOODkeODvOODq+mHkeWxniDjgJBE44CR,MTAwMOWGhk9GRuOCr+ODvOODneODs+eZuuihjOS4reKZqjI15pelYW0xOjU56L+E77yB,PGI+PGZvbnQgY29sb3I9IiNEQ0RDREMiPuODgeODp+OCs+ODleOCqeODs+ODh+ODpSDjg4Hjg7zjgrrjg5Xjgqnjg7Pjg4fjg6Ug44OB44On44Kz44Os44O844OI44OV44Kp44Oz44OH44OlIOODkeODvOODhuOCo+ODvOOCsOODg+OCuiDjg4Hjg6fjgrPjg5Xjgqnjg7Pjg4fjg6Xjg4Hjg6fjgrPjg6zjg7zjg4jjg5Xjgqnjg7Pjg4fjg6Ug44OR44O844Or6YeR5bGePC9mb250PjwvYj48YnI+44GT44KMMeOBpOOBp+ODgeODp+OCs+ODleOCqeODs+ODh+ODpeOCguODgeODvOOCuuODleOCqeODs+ODh+ODpeOCgualveOBl+OCgeOCi++8gTxicj4K54Gr44KS5L2/44KP44Ga44Gr6Zu75rCX44Gn5a6J5b+D44O757Ch5Y2YPGJyPgrlj5bjgorlpJbjgZfjgabmtJfjgYjjgovjg5/jg4vpjYvjga/jgbXjgaPntKDliqDlt6XjgZXjgozjgabjgYTjgovjga7jgafjgIHjgZPjgbPjgorjgaTjgY3jgavjgY/jgY/jgIHjgYrmiYvlhaXjgoznsKHljZg8YnI+CuOBv+OCk+OBquOBp+alveOBl+OCgeOCi+ODleOCqeODs+ODh+ODpeODleOCqeODvOOCrzTmnKzku5g8YnI+PGJyPjxicj7il4/llYblk4HjgrXjgqTjgrrvvIhjbe+8iTxicj4K5bmF57SEMTfvvZjlpaXooYzntIQxNS41772Y6auY44GV57SEMTYuNTxicj4K4peP5p2Q6LOqPGJyPgrmnKzkvZMvQUJT5qi56ISCKOiAkOeGsea4qeW6pjgw5bqmKeOAgeWPluOBo+aJiy/jg4rjgqTjg63jg7Mo6ICQ54ax5rip5bqmMTQw5bqmKeOAgemNiy/jgqLjg6vjg5/jg4vjgqbjg6Ao44G144Gj57Sg5qi56ISC5aGX6Iac5Yqg5belKeOAgeODleOCqeODvOOCry/jgrnjg4bjg7Pjg6zjgrnpi7zjg7vjg53jg6rjg5fjg63jg5Tjg6zjg7Mo6ICQ54ax5rip5bqmMTIw5bqmKTxicj4K4peP6Zu75rqQPGJyPgoxMDBWIDUwLzYwSFo8YnI+CuKXj+a2iOiyu+mbu+WKmzxicj4KMTIwVzxicj4K4peP5a656YePPGJyPgo3MzBtbDxicj4K4peP44Kz44O844OJ44Gu6ZW344GVPGJyPgoxLjRtPGJyPjwhLS0KPGZvbnQgc2l6ZT0zIGNvbG9yPXJlZD48Yj7jgJDlubTmnKvlubTlp4vjga7jgZTms6jmlofjg7vjgYrllY/jgYTlkIjjgo/jgZvjgavplqLjgZnjgovjgYrnn6XjgonjgZvjgJE8YnI+PGJyPjwvZm9udD4KIAriiarjgZTms6jmlofjgavjgaTjgYTjgabiias8YnI+CuOCpOODs+OCv+ODvOODjeODg+ODiOOBi+OCieOBruOBlOazqOaWh+OBr+W5tOS4reeEoeS8keOBp+aJv+OBo+OBpuOBiuOCiuOBvuOBmeOAgjxicj4KMTLmnIgyN+aXpSjmnKgpMTbmmYLku6XpmY3jgavjgYTjgZ/jgaDjgYTjgZ/jgZTms6jmlofjga/jgIE8YnI+CjHmnIg35pelKOaciCnku6XpmY3jgavpoIbmrKHjgZTlr77lv5zjgZXjgZvjgabpoILjgY3jgb7jgZnjgII8YnI+CuOBquOBiuOAgeWcqOW6q+eKtuazgeOBq+OCiOOBo+OBpuOBr+OAgeWVhuWTgeeZuumAgeOBvuOBp+OBq+OBiuaZgumWk+OCkumgguOBj+WgtOWQiOOBjOOBlOOBluOBhOOBvuOBmeOAgjxicj4K5LqI44KB44GU55CG6Kej44Gu56iL44CB5a6c44GX44GP44GK6aGY44GE55Sz44GX5LiK44GS44G+44GZ44CCPGJyPjxicj4K4omq44Oh44O844Or44Gn44Gu44GK5ZWP5ZCI44Gb44Gr44Gk44GE44Gm4omrPGJyPgoxMuaciDI45pelKOmHkSkxNuaZguS7pemZjeOBruOBiuWVj+OBhOWQiOOCj+OBm+OBq+OBpOOBhOOBpuOBr+OAgTxicj4KMeaciDfml6Uo5pyIKeOCiOOCiuOAgemghuasoeOBlOWvvuW/nOOBleOBm+OBpuOBhOOBn+OBoOOBjeOBvuOBmeOBjDxicj4K5bm05pyr5bm05aeL44Gv5LuV5YWl5YWI44GM5LyR5qWt44Gu54K644CBPGJyPgrjgYrllY/jgYTlkIjjgo/jgZvlhoXlrrnjgavjgojjgorov5Tkv6Hjgb7jgafjgavjgYrmmYLplpPjgpLjgYTjgZ/jgaDjgY/loLTlkIjjgYzjgZTjgZbjgYTjgb7jgZnjgII8YnI+5L2V5Y2S44GU5a656LWm44GP44Gg44GV44GE44G+44GZ44KI44GG44GK6aGY44GE55Sz44GX44GC44GS44G+44GZ44CCPGJyPjxicj4KIAriiarjgYrpm7voqbHjgafjga7jgYrllY/lkIjjgZvjgavjgaTjgYTjgabiiasKPGJyPuaBkOOCjOWFpeOCiuOBvuOBmeOBjOOAgTEy5pyIMjjml6Uo6YeRKe+9njHmnIg25pelKOaXpSnjgb7jgafjgYrkvJHjgb/jgZXjgZvjgabpoILjgY3jgb7jgZnjgII8YnI+PGJyPgogCjwvYj4KICAKCgoKCgoKPGRpdiBhbGlnbj0iY2VudGVyIj48Zm9udCBzdHlsZT0iIGZvbnQtc2l6ZTogMTZweDsgZm9udC13ZWlnaHQ6Ym9sZDsgY29sb3I6I0ZGNjYwMDsiPualveWkqeODqeODs+OCreODs+OCsOW4uOmAo++8geOBp+OCk+OBp+OCk+OBruS6uuawl+OCouOCpOODhuODoDwvZm9udD48YnI+CiAgPHRhYmxlIGNlbGxwYWRkaW5nPSI1IiBjZWxsc3BhY2luZz0iNCIgYmdjb2xvcj0iI0YwODA4MCIgc3R5bGU9ImZvbnQtd2VpZ2h0OmJvbGQ7Ij4KICAgIDx0ciBhbGlnbj0iY2VudGVyIj4KICAgICAgPHRkIGJnY29sb3I9IiNmZmZmZmYiPiA8aW1nIHNyYz1odHRwOi8vaW1hZ2UucmFrdXRlbi5jby5qcC9rYWRlbnJhbmQvY2FiaW5ldC9qaXNoYWhpbi81NjIwMzItMS5qcGcgYm9yZGVyPTAgd2lkdGg9MTMwPjxicj4KICAgICAgICA8Zm9udCBjb2xvcj0icmVkIj4xLDk4MOWGhjwvZm9udD48YnI+CiAgICAgICAg44CQ6Zu75rCX44Kx44OI44Or44CRPC90ZD4KICAgICAgPHRkIGJnY29sb3I9IiNmZmZmZmYiPiA8aW1nIHNyYz1odHRwOi8vaW1hZ2UucmFrdXRlbi5jby5qcC9rYWRlbnJhbmQvY2FiaW5ldC9qaXNha3UvNTYwNTk1LmpwZyBib3JkZXI9MCB3aWR0aD0xMzU+PGJyPgogICAgICAgIDxmb250IGNvbG9yPSJyZWQiPjEsOTgw5YaGPC9mb250Pjxicj4KICAgICAgICDjgJAyV0FZ44OX44Os44O844OI44CRPC90ZD4KICAgICAgPHRkIGJnY29sb3I9IiNmZmZmZmYiPiA8aW1nIHNyYz1odHRwOi8vaW1hZ2UucmFrdXRlbi5jby5qcC9rYWRlbnJhbmQvY2FiaW5ldC9qaXNha3UvbWFydXRpLmpwZyBib3JkZXI9MCB3aWR0aD0xMzU+PGJyPgogICAgICAgIDxmb250IGNvbG9yPSJyZWQiPjIsNzgw5YaGPC9mb250Pjxicj4KICAgICAgICDjgJDjg57jg6vjg4Hjgq/jg4Pjgqvjg7zjgJE8L3RkPgogICAgICA8dGQgYmdjb2xvcj0iI2ZmZmZmZiI+IDxpbWcgc3JjPWh0dHA6Ly9pbWFnZS5yYWt1dGVuLmNvLmpwL2thZGVucmFuZC9jYWJpbmV0L2ppc2hhaGluLzU2MDY3MC5qcGcgYm9yZGVyPTAgd2lkdGg9MTM1Pjxicj4KICAgICAgICA8Zm9udCBjb2xvcj0icmVkIj40LDY4MOWGhjwvZm9udD48YnI+CiAgICAgICAg44CQ5bqD44CF44OI44O844K544K/44O844CRPC90ZD4KICAgICAgPHRkIGJnY29sb3I9IiNmZmZmZmYiPiA8aW1nIHNyYz1odHRwOi8vaW1hZ2UucmFrdXRlbi5jby5qcC9rYWRlbnJhbmQvY2FiaW5ldC9qaXNoYWhpbi81NjAwODItai5qcGcgYm9yZGVyPTAgd2lkdGg9MTM1Pjxicj4KICAgICAgICA8Zm9udCBjb2xvcj0icmVkIj41LDY4MOWGhjwvZm9udD48YnI+CiAgICAgICAg44CQ44K344Oz44OX44Or44Os44Oz44K444CRPC90ZD4KICAgIDwvdHI+CiAgICA8dHIgYWxpZ249ImNlbnRlciI+CiAgICAgIDx0ZCBiZ2NvbG9yPSIjZmZmZmZmIj4gPGltZyBzcmM9aHR0cDovL2ltYWdlLnJha3V0ZW4uY28uanAva2FkZW5yYW5kL2NhYmluZXQvamlzYWt1LzUzMDA0Ny0xLmpwZyBib3JkZXI9MCB3aWR0aD0xMzA+PGJyPgogICAgICAgIDxmb250IGNvbG9yPSJyZWQiPjE1LDgwMOWGhu+9njwvZm9udD48YnI+CiAgICAgICAg44CQ6Zmk5rm/5qmf44CRPC90ZD4KICAgICAgPHRkIGJnY29sb3I9IiNmZmZmZmYiPiA8aW1nIHNyYz1odHRwOi8vaW1hZ2UucmFrdXRlbi5jby5qcC9rYWRlbnJhbmQvY2FiaW5ldC9qaXNoYWhpbi81MzAwNDQtZS5qcGcgYm9yZGVyPTAgd2lkdGg9MTM1Pjxicj4KICAgICAgICA8Zm9udCBjb2xvcj0icmVkIj40LDE4MOWGhjwvZm9udD48YnI+CiAgICAgICAg44CQ5biD5Zuj5Lm+54el5qmf44CRPC90ZD4KICAgICAgPHRkIGJnY29sb3I9IiNmZmZmZmYiPiA8aW1nIHNyYz1odHRwOi8vaW1hZ2UucmFrdXRlbi5jby5qcC9rYWRlbnJhbmQvY2FiaW5ldC9qaXNoYWhpbi81NjA4Mjgtai5qcGcgYm9yZGVyPTAgd2lkdGg9MTM1Pjxicj4KICAgICAgICA8Zm9udCBjb2xvcj0icmVkIj4xOCw5MDDlhoY8L2ZvbnQ+PGJyPgogICAgICAgIOOAkOepuuawl+a4hea1hOapn+OAkTwvdGQ+CiAgICAgIDx0ZCBiZ2NvbG9yPSIjZmZmZmZmIj4gPGltZyBzcmM9aHR0cDovL2ltYWdlLnJha3V0ZW4uY28uanAva2FkZW5yYW5kL2NhYmluZXQvZGVuZGVuMTAvaW1nNTY2MTQwMTMuanBnIGJvcmRlcj0wIHdpZHRoPTEzNT48YnI+CiAgICAgICAgPGZvbnQgY29sb3I9InJlZCI+MSwyNznlhoY8L2ZvbnQ+PGJyPgogICAgICAgIOOAkOOCs+ODvOODkuODvOODoeODvOOCq+ODvOOAkTwvdGQ+CiAgICAgIDx0ZCBiZ2NvbG9yPSIjZmZmZmZmIj4gPGltZyBzcmM9aHR0cDovL2ltYWdlLnJha3V0ZW4uY28uanAva2FkZW5yYW5kL2NhYmluZXQvamlzaGFoaW4vNTU4NjE5LWUuanBnIGJvcmRlcj0wIHdpZHRoPTEzNT48YnI+CiAgICAgICAgPGZvbnQgY29sb3I9InJlZCI+NSw3ODDlhoY8L2ZvbnQ+PGJyPgogICAgICAgIOOAkOOCueODgeODvOODoOODouODg+ODl+OAkTwvdGQ+CiAgICA8L3RyPgogICAgPHRyIGFsaWduPSJjZW50ZXIiPgogICAgICA8dGQgYmdjb2xvcj0iI2ZmZmZmZiI+IDxpbWcgc3JjPWh0dHA6Ly9pbWFnZS5yYWt1dGVuLmNvLmpwL2thZGVucmFuZC9jYWJpbmV0L2ppc2hhaGluMi8yNzEwMDgtYWxsLmpwZyBib3JkZXI9MCB3aWR0aD0xMzA+PGJyPgogICAgICAgIDxmb250IGNvbG9yPSJyZWQiPjIsMjgw5YaG772ePC9mb250Pjxicj4KICAgICAgICDjgJDjgrXjg7zjgq3jg6Xjg6zjg7zjgr/jg7zjgJE8L3RkPgogICAgICA8dGQgYmdjb2xvcj0iI2ZmZmZmZiI+IDxpbWcgc3JjPWh0dHA6Ly9pbWFnZS5yYWt1dGVuLmNvLmpwL2thZGVucmFuZC9jYWJpbmV0L3NldC8xODg5ODU3LWUuanBnIGJvcmRlcj0wIHdpZHRoPTEzNT48YnI+CiAgICAgICAgPGZvbnQgY29sb3I9InJlZCI+MSw4ODDlhoY8L2ZvbnQ+PGJyPgogICAgICAgIOOAkExFROOCu+ODs+OCteODvOODqeOCpOODiOOAkTwvdGQ+CiAgICAgIDx0ZCBiZ2NvbG9yPSIjZmZmZmZmIj4gPGltZyBzcmM9aHR0cDovL2ltYWdlLnJha3V0ZW4uY28uanAvZW5ldHJvb20vY2FiaW5ldC9qaXNoYWhpbi8yNDI0MzAtZS5qcGcgYm9yZGVyPTAgd2lkdGg9MTM1Pjxicj4KICAgICAgICA8Zm9udCBjb2xvcj0icmVkIj4xLDE4MDDlhoY8L2ZvbnQ+PGJyPgogICAgICAgIOOAkExFROOCt+ODvOODquODs+OCsOOAkTwvdGQ+CiAgICAgIDx0ZCBiZ2NvbG9yPSIjZmZmZmZmIj4gPGltZyBzcmM9aHR0cDovL2ltYWdlLnJha3V0ZW4uY28uanAva2FkZW5yYW5kL2NhYmluZXQvamlzYWt1Lzk0NzE4MzYuanBnIGJvcmRlcj0wIHdpZHRoPTEzNT48YnI+CiAgICAgICAgPGZvbnQgY29sb3I9InJlZCI+OSw5ODDlhoY8L2ZvbnQ+PGJyPgogICAgICAgIOOAkDTlkIjnsr7nsbPmqZ/jgJE8L3RkPgogICAgICA8dGQgYmdjb2xvcj0iI2ZmZmZmZiI+IDxpbWcgc3JjPWh0dHA6Ly9pbWFnZS5yYWt1dGVuLmNvLmpwL2thZGVucmFuZC9jYWJpbmV0L2ppc2FrdS85NDcwMzA4LWouanBnIGJvcmRlcj0wIHdpZHRoPTEzNT48YnI+CiAgICAgICAgPGZvbnQgY29sb3I9InJlZCI+Myw0ODDlhoY8L2ZvbnQ+PGJyPgogICAgICAgIOOAkExFROODmeODg+ODieODqeOCpOODiOOAkTwvdGQ+CiAgICA8L3RyPgogICAgPHRyIGFsaWduPSJjZW50ZXIiPgogICAgICA8dGQgYmdjb2xvcj0iI2ZmZmZmZiI+IDxpbWcgc3JjPWh0dHA6Ly9pbWFnZS5yYWt1dGVuLmNvLmpwL2thZGVucmFuZC9jYWJpbmV0L2ppc2hhaGluLzU1ODcxNi1hbGwtZS5qcGcgYm9yZGVyPTAgd2lkdGg9MTMwPjxicj4KICAgICAgICA8Zm9udCBjb2xvcj0icmVkIj4yLDk4MOWGhu+9njwvZm9udD48YnI+CiAgICAgICAg44CQ5pac44KB44KK5LuYTEVE44CRPC90ZD4KICAgICAgPHRkIGJnY29sb3I9IiNmZmZmZmYiPiA8aW1nIHNyYz1odHRwOi8vaW1hZ2UucmFrdXRlbi5jby5qcC9rYWRlbnJhbmQvY2FiaW5ldC9qaXNha3UvNTM4ODE5LTEuanBnIGJvcmRlcj0wIHdpZHRoPTEzNT48YnI+CiAgICAgICAgPGZvbnQgY29sb3I9InJlZCI+Myw0ODDlhoY8L2ZvbnQ+PGJyPgogICAgICAgIOOAkExFROOCu+ODs+OCteODvOODqeOCpOODiOOAkTwvdGQ+CiAgICAgIDx0ZCBiZ2NvbG9yPSIjZmZmZmZmIj4gPGltZyBzcmM9aHR0cDovL2ltYWdlLnJha3V0ZW4uY28uanAva2FkZW5yYW5kL2NhYmluZXQvZGVuZGVuL2ltZzU2NjMzOTYyLmpwZyBib3JkZXI9MCB3aWR0aD0xMzU+PGJyPgogICAgICAgIDxmb250IGNvbG9yPSJyZWQiPjIsOTgw5YaGPC9mb250Pjxicj4KICAgICAgICDjgJAyV0FZ44Kv44Oq44O844OK44O844CRPC90ZD4KICAgICAgPHRkIGJnY29sb3I9IiNmZmZmZmYiPiA8aW1nIHNyYz1odHRwOi8vaW1hZ2UucmFrdXRlbi5jby5qcC9rYWRlbnJhbmQvY2FiaW5ldC9rYWRlbjIvOTQ3MDI5MC0xLmpwZyBib3JkZXI9MCB3aWR0aD0xMzU+PGJyPgogICAgICAgIDxmb250IGNvbG9yPSJyZWQiPjIsNDgw5YaGPC9mb250Pjxicj4KICAgICAgICDjgJDjgrjjg6Xjg7zjgrXjg7zjgJE8L3RkPgogICAgICA8dGQgYmdjb2xvcj0iI2ZmZmZmZiI+IDxpbWcgc3JjPWh0dHA6Ly9pbWFnZS5yYWt1dGVuLmNvLmpwL2thZGVucmFuZC9jYWJpbmV0L2ppc2FrdS9zaG0tMTAwdC0xLmpwZyBib3JkZXI9MCB3aWR0aD0xMzU+PGJyPgogICAgICAgIDxmb250IGNvbG9yPSJyZWQiPjEsOTgw5YaGPC9mb250Pjxicj4KICAgICAgICDjgJDjg5Hjg7zjgr3jg4rjg6vliqDmub/lmajjgJE8L3RkPgogICAgPC90cj4KICAgIDwvdGFibGU+CjwvZGl2Pi0tPg==,44Oq44OI44Or44Oq44OD44OB44CA44OB44On44Kz44OV44Kp44Oz44OH44Ol44O744OB44O844K644OV44Kp44Oz44OH44Ol6Y2LIOODrOODg+ODiSBELTMxMOODgeODp+OCs+ODleOCqeODs+ODh+ODpSDjg4Hjg7zjgrrjg5Xjgqnjg7Pjg4fjg6Ug44OB44On44Kz44Os44O844OI44OV44Kp44Oz44OH44OlIOODkeODvOODhuOCo+ODvOOCsOODg+OCuiDjg4Hjg6fjgrPjg5Xjgqnjg7Pjg4fjg6Xjg4Hjg6fjgrPjg6zjg7zjg4jjg5Xjgqnjg7Pjg4fjg6Ug44OB44On44Kz44OV44Kp44Oz44OH44Ol44OR44O844OG44Kj44O844Kw44OD44K6IOODkeODvOODq+mHkeWxniDjgJBE44CR77ya44K344On44OD44OU44Oz44Kw44Op44Oz44OJ44CA44Gn44KT44Gn44KT,5a626Zu744Ki44Kk44Oq44K544Kq44O844Ok44Oe5biD5Zuj5Lm+54el5qmfIOOCq+ODqeODquOCqOODgOOCpOOCreODsyBEQUlLSU7liqDmub/lmahJSOOCr+ODg+OCreODs+OCsOODkuODvOOCv+ODvExFROmbu+eQg+epuuawl+a4hea1hOapn0xFROOCt+ODvOODquODs+OCsOODqeOCpOODiOaaluaIv+aOg+mZpOapn+mAgeaWmeeEoeaWmeixoeWNsCBaT0pJUlVTSEnjgrnjg4bjgqPjg4Pjgq/jgq/jg6rjg7zjg4rjg7zjgqTjg6Tjg5vjg7Pmpb3lpKnmmYLoqIjjgqvjgrfjgqogQ0FTSU/jgrvjgqTjgrPjg7wgU0VJS09TSEFSUCDjgrfjg6Pjg7zjg5fjg6rjg4jjg6vjg6rjg4Pjg4HjgIDjg4Hjg6fjgrPjg5Xjgqnjg7Pjg4fjg6Xjg7vjg4Hjg7zjgrrjg5Xjgqnjg7Pjg4fjg6XpjYsg44Os44OD44OJIEQtMzEw44OB44On44Kz44OV44Kp44Oz44OH44OlIOODgeODvOOCuuODleOCqeODs+ODh+ODpSDjg4Hjg6fjgrPjg6zjg7zjg4jjg5Xjgqnjg7Pjg4fjg6Ug44OR44O844OG44Kj44O844Kw44OD44K6IOODgeODp+OCs+ODleOCqeODs+ODh+ODpeODgeODp+OCs+ODrOODvOODiOODleOCqeODs+ODh+ODpSDjg4Hjg6fjgrPjg5Xjgqnjg7Pjg4fjg6Xjg5Hjg7zjg4bjgqPjg7zjgrDjg4Pjgrog44OR44O844Or6YeR5bGeIOOAkETjgJE=,MTAwMOWGhk9GRuOCr+ODvOODneODs+eZuuihjOS4reKZqjI15pelYW0xOjU56L+E77yB44CC44Oq44OI44Or44Oq44OD44OB44CA44OB44On44Kz44OV44Kp44Oz44OH44Ol44O744OB44O844K644OV44Kp44Oz44OH44Ol6Y2LIOODrOODg+ODiSBELTMxMOODgeODp+OCs+ODleOCqeODs+ODh+ODpSDjg4Hjg7zjgrrjg5Xjgqnjg7Pjg4fjg6Ug44OB44On44Kz44Os44O844OI44OV44Kp44Oz44OH44OlIOODkeODvOODhuOCo+ODvOOCsOODg+OCuiDjg4Hjg6fjgrPjg5Xjgqnjg7Pjg4fjg6Xjg4Hjg6fjgrPjg6zjg7zjg4jjg5Xjgqnjg7Pjg4fjg6Ug44OB44On44Kz44OV44Kp44Oz44OH44Ol44OR44O844OG44Kj44O844Kw44OD44K6IOODkeODvOODq+mHkeWxniDjgJBE44CR[rn]
9-88292,aHR0cDovL3RzaG9wLnIxMHMuanAva2FkZW5yYW5kL2NhYmluZXQvdGFzeWEzNS83MDc2ODMyLWUuanBnP2ZpdGluPTcwMDo3MDA=,MTgzNy42MDAw,,44Kt44OD44OB44Oz55So5ZOB44O76aOf5Zmo44O76Kq/55CG5Zmo5YW3ID4g44Gd44Gu5LuW,44GK44KE44Gk44OV44Kn44K544CA6Zu75rCX5byP44Od44OD44OX44Kz44O844Oz44Oh44O844Kr44O8IEQtNjMz44Od44OD44OX44Kz44O844OzIOODneODg+ODl+OCs+ODvOODs+ODoeODvOOCq+ODvCDjg53jg4Pjg5fjgrPjg7zjg7Pjg57jgrfjg7zjg7Mg6Kq/55CG5a626Zu7IOODneODg+ODl+OCs+ODvOODs+ODneODg+ODl+OCs+ODvOODs+ODnuOCt+ODvOODsyDjg53jg4Pjg5fjgrPjg7zjg7Poqr/nkIblrrbpm7sg44Od44OD44OX44Kz44O844Oz44Oh44O844Kr44O844Od44OD44OX44Kz44O844Oz44Oe44K344O844OzIOODkeODvOODq+mHkeWxniDjgJBE44CR,MTAwMOWGhk9GRuOCr+ODvOODneODs+eZuuihjOS4reKZqjI15pelYW0xOjU56L+E77yB,PGI+PGZvbnQgY29sb3I9IiNEQ0RDREMiPuODneODg+ODl+OCs+ODvOODsyDjg53jg4Pjg5fjgrPjg7zjg7Pjg6Hjg7zjgqvjg7wg44Od44OD44OX44Kz44O844Oz44Oe44K344O844OzIOiqv+eQhuWutumbuyDjg53jg4Pjg5fjgrPjg7zjg7Pjg53jg4Pjg5fjgrPjg7zjg7Pjg57jgrfjg7zjg7Mg44OR44O844Or6YeR5bGePC9mb250PjwvYj48YnI+44K544Kk44OD44OB44Kq44Oz44Go44Kq44OV44Gg44GR44Gu44GL44KT44Gf44KT5pON5L2c77yBPGJyPgrjg4bjg7zjg5bjg6vjgafmiYvou73jgavlh7rmnaXjgZ/jgabjg53jg4Pjg5fjgrPjg7zjg7PjgYzmpb3jgZfjgoHjgb7jgZnjgII8YnI+IDxicj48YnI+4peP5ZWG5ZOB44K144Kk44K677yIY23vvIk8YnI+CuW5hee0hDEzLjDvvZjlpaXooYzntIQxOS4w772Y6auY44GV57SEMjYuNTxicj4K4peP5p2Q6LOqPGJyPgrmnKzkvZMv44Od44Oq44OX44Ot44OU44Os44OzKOiAkOeGsea4qeW6pjEwMOW6pinjgIHmnKzkvZPjgqvjg5Djg7wv44Od44Oq44OW44OB44Os44Oz44OG44Os44OV44K/44Os44O844OIKOiAkOeGsea4qeW6pjEyMOW6pinjgIHjg5Xjg7zjg4njg7voqIjph4/jgrnjg5fjg7zjg7Mv44Od44Oq44Kr44O844Oc44ON44O844OIPGJyPijogJDnhrHmuKnluqYxMjDluqYpPGJyPgril4/pm7vmupA8YnI+CkFDMTAwViA1MC82MEhaPGJyPgril4/mtojosrvpm7vlips8YnI+CjEwMDBXPGJyPgril4/jgrPjg7zjg4njga7plbfjgZU8YnI+Cue0hDFtPGJyPjwhLS0KPGZvbnQgc2l6ZT0zIGNvbG9yPXJlZD48Yj7jgJDlubTmnKvlubTlp4vjga7jgZTms6jmlofjg7vjgYrllY/jgYTlkIjjgo/jgZvjgavplqLjgZnjgovjgYrnn6XjgonjgZvjgJE8YnI+PGJyPjwvZm9udD4KIAriiarjgZTms6jmlofjgavjgaTjgYTjgabiias8YnI+CuOCpOODs+OCv+ODvOODjeODg+ODiOOBi+OCieOBruOBlOazqOaWh+OBr+W5tOS4reeEoeS8keOBp+aJv+OBo+OBpuOBiuOCiuOBvuOBmeOAgjxicj4KMTLmnIgyN+aXpSjmnKgpMTbmmYLku6XpmY3jgavjgYTjgZ/jgaDjgYTjgZ/jgZTms6jmlofjga/jgIE8YnI+CjHmnIg35pelKOaciCnku6XpmY3jgavpoIbmrKHjgZTlr77lv5zjgZXjgZvjgabpoILjgY3jgb7jgZnjgII8YnI+CuOBquOBiuOAgeWcqOW6q+eKtuazgeOBq+OCiOOBo+OBpuOBr+OAgeWVhuWTgeeZuumAgeOBvuOBp+OBq+OBiuaZgumWk+OCkumgguOBj+WgtOWQiOOBjOOBlOOBluOBhOOBvuOBmeOAgjxicj4K5LqI44KB44GU55CG6Kej44Gu56iL44CB5a6c44GX44GP44GK6aGY44GE55Sz44GX5LiK44GS44G+44GZ44CCPGJyPjxicj4K4omq44Oh44O844Or44Gn44Gu44GK5ZWP5ZCI44Gb44Gr44Gk44GE44Gm4omrPGJyPgoxMuaciDI45pelKOmHkSkxNuaZguS7pemZjeOBruOBiuWVj+OBhOWQiOOCj+OBm+OBq+OBpOOBhOOBpuOBr+OAgTxicj4KMeaciDfml6Uo5pyIKeOCiOOCiuOAgemghuasoeOBlOWvvuW/nOOBleOBm+OBpuOBhOOBn+OBoOOBjeOBvuOBmeOBjDxicj4K5bm05pyr5bm05aeL44Gv5LuV5YWl5YWI44GM5LyR5qWt44Gu54K644CBPGJyPgrjgYrllY/jgYTlkIjjgo/jgZvlhoXlrrnjgavjgojjgorov5Tkv6Hjgb7jgafjgavjgYrmmYLplpPjgpLjgYTjgZ/jgaDjgY/loLTlkIjjgYzjgZTjgZbjgYTjgb7jgZnjgII8YnI+5L2V5Y2S44GU5a656LWm44GP44Gg44GV44GE44G+44GZ44KI44GG44GK6aGY44GE55Sz44GX44GC44GS44G+44GZ44CCPGJyPjxicj4KIAriiarjgYrpm7voqbHjgafjga7jgYrllY/lkIjjgZvjgavjgaTjgYTjgabiiasKPGJyPuaBkOOCjOWFpeOCiuOBvuOBmeOBjOOAgTEy5pyIMjjml6Uo6YeRKe+9njHmnIg25pelKOaXpSnjgb7jgafjgYrkvJHjgb/jgZXjgZvjgabpoILjgY3jgb7jgZnjgII8YnI+PGJyPgogCjwvYj4KICAKCgoKCgoKPGRpdiBhbGlnbj0iY2VudGVyIj48Zm9udCBzdHlsZT0iIGZvbnQtc2l6ZTogMTZweDsgZm9udC13ZWlnaHQ6Ym9sZDsgY29sb3I6I0ZGNjYwMDsiPualveWkqeODqeODs+OCreODs+OCsOW4uOmAo++8geOBp+OCk+OBp+OCk+OBruS6uuawl+OCouOCpOODhuODoDwvZm9udD48YnI+CiAgPHRhYmxlIGNlbGxwYWRkaW5nPSI1IiBjZWxsc3BhY2luZz0iNCIgYmdjb2xvcj0iI0YwODA4MCIgc3R5bGU9ImZvbnQtd2VpZ2h0OmJvbGQ7Ij4KICAgIDx0ciBhbGlnbj0iY2VudGVyIj4KICAgICAgPHRkIGJnY29sb3I9IiNmZmZmZmYiPiA8aW1nIHNyYz1odHRwOi8vaW1hZ2UucmFrdXRlbi5jby5qcC9rYWRlbnJhbmQvY2FiaW5ldC9qaXNoYWhpbi81NjIwMzItMS5qcGcgYm9yZGVyPTAgd2lkdGg9MTMwPjxicj4KICAgICAgICA8Zm9udCBjb2xvcj0icmVkIj4xLDk4MOWGhjwvZm9udD48YnI+CiAgICAgICAg44CQ6Zu75rCX44Kx44OI44Or44CRPC90ZD4KICAgICAgPHRkIGJnY29sb3I9IiNmZmZmZmYiPiA8aW1nIHNyYz1odHRwOi8vaW1hZ2UucmFrdXRlbi5jby5qcC9rYWRlbnJhbmQvY2FiaW5ldC9qaXNha3UvNTYwNTk1LmpwZyBib3JkZXI9MCB3aWR0aD0xMzU+PGJyPgogICAgICAgIDxmb250IGNvbG9yPSJyZWQiPjEsOTgw5YaGPC9mb250Pjxicj4KICAgICAgICDjgJAyV0FZ44OX44Os44O844OI44CRPC90ZD4KICAgICAgPHRkIGJnY29sb3I9IiNmZmZmZmYiPiA8aW1nIHNyYz1odHRwOi8vaW1hZ2UucmFrdXRlbi5jby5qcC9rYWRlbnJhbmQvY2FiaW5ldC9qaXNha3UvbWFydXRpLmpwZyBib3JkZXI9MCB3aWR0aD0xMzU+PGJyPgogICAgICAgIDxmb250IGNvbG9yPSJyZWQiPjIsNzgw5YaGPC9mb250Pjxicj4KICAgICAgICDjgJDjg57jg6vjg4Hjgq/jg4Pjgqvjg7zjgJE8L3RkPgogICAgICA8dGQgYmdjb2xvcj0iI2ZmZmZmZiI+IDxpbWcgc3JjPWh0dHA6Ly9pbWFnZS5yYWt1dGVuLmNvLmpwL2thZGVucmFuZC9jYWJpbmV0L2ppc2hhaGluLzU2MDY3MC5qcGcgYm9yZGVyPTAgd2lkdGg9MTM1Pjxicj4KICAgICAgICA8Zm9udCBjb2xvcj0icmVkIj40LDY4MOWGhjwvZm9udD48YnI+CiAgICAgICAg44CQ5bqD44CF44OI44O844K544K/44O844CRPC90ZD4KICAgICAgPHRkIGJnY29sb3I9IiNmZmZmZmYiPiA8aW1nIHNyYz1odHRwOi8vaW1hZ2UucmFrdXRlbi5jby5qcC9rYWRlbnJhbmQvY2FiaW5ldC9qaXNoYWhpbi81NjAwODItai5qcGcgYm9yZGVyPTAgd2lkdGg9MTM1Pjxicj4KICAgICAgICA8Zm9udCBjb2xvcj0icmVkIj41LDY4MOWGhjwvZm9udD48YnI+CiAgICAgICAg44CQ44K344Oz44OX44Or44Os44Oz44K444CRPC90ZD4KICAgIDwvdHI+CiAgICA8dHIgYWxpZ249ImNlbnRlciI+CiAgICAgIDx0ZCBiZ2NvbG9yPSIjZmZmZmZmIj4gPGltZyBzcmM9aHR0cDovL2ltYWdlLnJha3V0ZW4uY28uanAva2FkZW5yYW5kL2NhYmluZXQvamlzYWt1LzUzMDA0Ny0xLmpwZyBib3JkZXI9MCB3aWR0aD0xMzA+PGJyPgogICAgICAgIDxmb250IGNvbG9yPSJyZWQiPjE1LDgwMOWGhu+9njwvZm9udD48YnI+CiAgICAgICAg44CQ6Zmk5rm/5qmf44CRPC90ZD4KICAgICAgPHRkIGJnY29sb3I9IiNmZmZmZmYiPiA8aW1nIHNyYz1odHRwOi8vaW1hZ2UucmFrdXRlbi5jby5qcC9rYWRlbnJhbmQvY2FiaW5ldC9qaXNoYWhpbi81MzAwNDQtZS5qcGcgYm9yZGVyPTAgd2lkdGg9MTM1Pjxicj4KICAgICAgICA8Zm9udCBjb2xvcj0icmVkIj40LDE4MOWGhjwvZm9udD48YnI+CiAgICAgICAg44CQ5biD5Zuj5Lm+54el5qmf44CRPC90ZD4KICAgICAgPHRkIGJnY29sb3I9IiNmZmZmZmYiPiA8aW1nIHNyYz1odHRwOi8vaW1hZ2UucmFrdXRlbi5jby5qcC9rYWRlbnJhbmQvY2FiaW5ldC9qaXNoYWhpbi81NjA4Mjgtai5qcGcgYm9yZGVyPTAgd2lkdGg9MTM1Pjxicj4KICAgICAgICA8Zm9udCBjb2xvcj0icmVkIj4xOCw5MDDlhoY8L2ZvbnQ+PGJyPgogICAgICAgIOOAkOepuuawl+a4hea1hOapn+OAkTwvdGQ+CiAgICAgIDx0ZCBiZ2NvbG9yPSIjZmZmZmZmIj4gPGltZyBzcmM9aHR0cDovL2ltYWdlLnJha3V0ZW4uY28uanAva2FkZW5yYW5kL2NhYmluZXQvZGVuZGVuMTAvaW1nNTY2MTQwMTMuanBnIGJvcmRlcj0wIHdpZHRoPTEzNT48YnI+CiAgICAgICAgPGZvbnQgY29sb3I9InJlZCI+MSwyNznlhoY8L2ZvbnQ+PGJyPgogICAgICAgIOOAkOOCs+ODvOODkuODvOODoeODvOOCq+ODvOOAkTwvdGQ+CiAgICAgIDx0ZCBiZ2NvbG9yPSIjZmZmZmZmIj4gPGltZyBzcmM9aHR0cDovL2ltYWdlLnJha3V0ZW4uY28uanAva2FkZW5yYW5kL2NhYmluZXQvamlzaGFoaW4vNTU4NjE5LWUuanBnIGJvcmRlcj0wIHdpZHRoPTEzNT48YnI+CiAgICAgICAgPGZvbnQgY29sb3I9InJlZCI+NSw3ODDlhoY8L2ZvbnQ+PGJyPgogICAgICAgIOOAkOOCueODgeODvOODoOODouODg+ODl+OAkTwvdGQ+CiAgICA8L3RyPgogICAgPHRyIGFsaWduPSJjZW50ZXIiPgogICAgICA8dGQgYmdjb2xvcj0iI2ZmZmZmZiI+IDxpbWcgc3JjPWh0dHA6Ly9pbWFnZS5yYWt1dGVuLmNvLmpwL2thZGVucmFuZC9jYWJpbmV0L2ppc2hhaGluMi8yNzEwMDgtYWxsLmpwZyBib3JkZXI9MCB3aWR0aD0xMzA+PGJyPgogICAgICAgIDxmb250IGNvbG9yPSJyZWQiPjIsMjgw5YaG772ePC9mb250Pjxicj4KICAgICAgICDjgJDjgrXjg7zjgq3jg6Xjg6zjg7zjgr/jg7zjgJE8L3RkPgogICAgICA8dGQgYmdjb2xvcj0iI2ZmZmZmZiI+IDxpbWcgc3JjPWh0dHA6Ly9pbWFnZS5yYWt1dGVuLmNvLmpwL2thZGVucmFuZC9jYWJpbmV0L3NldC8xODg5ODU3LWUuanBnIGJvcmRlcj0wIHdpZHRoPTEzNT48YnI+CiAgICAgICAgPGZvbnQgY29sb3I9InJlZCI+MSw4ODDlhoY8L2ZvbnQ+PGJyPgogICAgICAgIOOAkExFROOCu+ODs+OCteODvOODqeOCpOODiOOAkTwvdGQ+CiAgICAgIDx0ZCBiZ2NvbG9yPSIjZmZmZmZmIj4gPGltZyBzcmM9aHR0cDovL2ltYWdlLnJha3V0ZW4uY28uanAvZW5ldHJvb20vY2FiaW5ldC9qaXNoYWhpbi8yNDI0MzAtZS5qcGcgYm9yZGVyPTAgd2lkdGg9MTM1Pjxicj4KICAgICAgICA8Zm9udCBjb2xvcj0icmVkIj4xLDE4MDDlhoY8L2ZvbnQ+PGJyPgogICAgICAgIOOAkExFROOCt+ODvOODquODs+OCsOOAkTwvdGQ+CiAgICAgIDx0ZCBiZ2NvbG9yPSIjZmZmZmZmIj4gPGltZyBzcmM9aHR0cDovL2ltYWdlLnJha3V0ZW4uY28uanAva2FkZW5yYW5kL2NhYmluZXQvamlzYWt1Lzk0NzE4MzYuanBnIGJvcmRlcj0wIHdpZHRoPTEzNT48YnI+CiAgICAgICAgPGZvbnQgY29sb3I9InJlZCI+OSw5ODDlhoY8L2ZvbnQ+PGJyPgogICAgICAgIOOAkDTlkIjnsr7nsbPmqZ/jgJE8L3RkPgogICAgICA8dGQgYmdjb2xvcj0iI2ZmZmZmZiI+IDxpbWcgc3JjPWh0dHA6Ly9pbWFnZS5yYWt1dGVuLmNvLmpwL2thZGVucmFuZC9jYWJpbmV0L2ppc2FrdS85NDcwMzA4LWouanBnIGJvcmRlcj0wIHdpZHRoPTEzNT48YnI+CiAgICAgICAgPGZvbnQgY29sb3I9InJlZCI+Myw0ODDlhoY8L2ZvbnQ+PGJyPgogICAgICAgIOOAkExFROODmeODg+ODieODqeOCpOODiOOAkTwvdGQ+CiAgICA8L3RyPgogICAgPHRyIGFsaWduPSJjZW50ZXIiPgogICAgICA8dGQgYmdjb2xvcj0iI2ZmZmZmZiI+IDxpbWcgc3JjPWh0dHA6Ly9pbWFnZS5yYWt1dGVuLmNvLmpwL2thZGVucmFuZC9jYWJpbmV0L2ppc2hhaGluLzU1ODcxNi1hbGwtZS5qcGcgYm9yZGVyPTAgd2lkdGg9MTMwPjxicj4KICAgICAgICA8Zm9udCBjb2xvcj0icmVkIj4yLDk4MOWGhu+9njwvZm9udD48YnI+CiAgICAgICAg44CQ5pac44KB44KK5LuYTEVE44CRPC90ZD4KICAgICAgPHRkIGJnY29sb3I9IiNmZmZmZmYiPiA8aW1nIHNyYz1odHRwOi8vaW1hZ2UucmFrdXRlbi5jby5qcC9rYWRlbnJhbmQvY2FiaW5ldC9qaXNha3UvNTM4ODE5LTEuanBnIGJvcmRlcj0wIHdpZHRoPTEzNT48YnI+CiAgICAgICAgPGZvbnQgY29sb3I9InJlZCI+Myw0ODDlhoY8L2ZvbnQ+PGJyPgogICAgICAgIOOAkExFROOCu+ODs+OCteODvOODqeOCpOODiOOAkTwvdGQ+CiAgICAgIDx0ZCBiZ2NvbG9yPSIjZmZmZmZmIj4gPGltZyBzcmM9aHR0cDovL2ltYWdlLnJha3V0ZW4uY28uanAva2FkZW5yYW5kL2NhYmluZXQvZGVuZGVuL2ltZzU2NjMzOTYyLmpwZyBib3JkZXI9MCB3aWR0aD0xMzU+PGJyPgogICAgICAgIDxmb250IGNvbG9yPSJyZWQiPjIsOTgw5YaGPC9mb250Pjxicj4KICAgICAgICDjgJAyV0FZ44Kv44Oq44O844OK44O844CRPC90ZD4KICAgICAgPHRkIGJnY29sb3I9IiNmZmZmZmYiPiA8aW1nIHNyYz1odHRwOi8vaW1hZ2UucmFrdXRlbi5jby5qcC9rYWRlbnJhbmQvY2FiaW5ldC9rYWRlbjIvOTQ3MDI5MC0xLmpwZyBib3JkZXI9MCB3aWR0aD0xMzU+PGJyPgogICAgICAgIDxmb250IGNvbG9yPSJyZWQiPjIsNDgw5YaGPC9mb250Pjxicj4KICAgICAgICDjgJDjgrjjg6Xjg7zjgrXjg7zjgJE8L3RkPgogICAgICA8dGQgYmdjb2xvcj0iI2ZmZmZmZiI+IDxpbWcgc3JjPWh0dHA6Ly9pbWFnZS5yYWt1dGVuLmNvLmpwL2thZGVucmFuZC9jYWJpbmV0L2ppc2FrdS9zaG0tMTAwdC0xLmpwZyBib3JkZXI9MCB3aWR0aD0xMzU+PGJyPgogICAgICAgIDxmb250IGNvbG9yPSJyZWQiPjEsOTgw5YaGPC9mb250Pjxicj4KICAgICAgICDjgJDjg5Hjg7zjgr3jg4rjg6vliqDmub/lmajjgJE8L3RkPgogICAgPC90cj4KICAgIDwvdGFibGU+CjwvZGl2Pi0tPg==,44GK44KE44Gk44OV44Kn44K544CA6Zu75rCX5byP44Od44OD44OX44Kz44O844Oz44Oh44O844Kr44O8IEQtNjMz44Od44OD44OX44Kz44O844OzIOODneODg+ODl+OCs+ODvOODs+ODoeODvOOCq+ODvCDjg53jg4Pjg5fjgrPjg7zjg7Pjg57jgrfjg7zjg7Mg6Kq/55CG5a626Zu7IOODneODg+ODl+OCs+ODvOODs+ODneODg+ODl+OCs+ODvOODs+ODnuOCt+ODvOODsyDjg53jg4Pjg5fjgrPjg7zjg7Poqr/nkIblrrbpm7sg44Od44OD44OX44Kz44O844Oz44Oh44O844Kr44O844Od44OD44OX44Kz44O844Oz44Oe44K344O844OzIOODkeODvOODq+mHkeWxniDjgJBE44CR77ya44K344On44OD44OU44Oz44Kw44Op44Oz44OJ44CA44Gn44KT44Gn44KT,5a626Zu744Ki44Kk44Oq44K544Kq44O844Ok44Oe5biD5Zuj5Lm+54el5qmfIOOCq+ODqeODquOCqOODgOOCpOOCreODsyBEQUlLSU7liqDmub/lmahJSOOCr+ODg+OCreODs+OCsOODkuODvOOCv+ODvExFROmbu+eQg+epuuawl+a4hea1hOapn0xFROOCt+ODvOODquODs+OCsOODqeOCpOODiOaaluaIv+aOg+mZpOapn+mAgeaWmeeEoeaWmeixoeWNsCBaT0pJUlVTSEnjgrnjg4bjgqPjg4Pjgq/jgq/jg6rjg7zjg4rjg7zjgqTjg6Tjg5vjg7Pmpb3lpKnmmYLoqIjjgqvjgrfjgqogQ0FTSU/jgrvjgqTjgrPjg7wgU0VJS09TSEFSUCDjgrfjg6Pjg7zjg5fjgYrjgoTjgaTjg5XjgqfjgrnjgIDpm7vmsJflvI/jg53jg4Pjg5fjgrPjg7zjg7Pjg6Hjg7zjgqvjg7wgRC02MzPjg53jg4Pjg5fjgrPjg7zjg7Mg44Od44OD44OX44Kz44O844Oz44Oh44O844Kr44O8IOODneODg+ODl+OCs+ODvOODs+ODnuOCt+ODvOODsyDoqr/nkIblrrbpm7sg44Od44OD44OX44Kz44O844Oz44Od44OD44OX44Kz44O844Oz44Oe44K344O844OzIOODneODg+ODl+OCs+ODvOODs+iqv+eQhuWutumbuyDjg53jg4Pjg5fjgrPjg7zjg7Pjg6Hjg7zjgqvjg7zjg53jg4Pjg5fjgrPjg7zjg7Pjg57jgrfjg7zjg7Mg44OR44O844Or6YeR5bGeIOOAkETjgJE=,MTAwMOWGhk9GRuOCr+ODvOODneODs+eZuuihjOS4reKZqjI15pelYW0xOjU56L+E77yB44CC44GK44KE44Gk44OV44Kn44K544CA6Zu75rCX5byP44Od44OD44OX44Kz44O844Oz44Oh44O844Kr44O8IEQtNjMz44Od44OD44OX44Kz44O844OzIOODneODg+ODl+OCs+ODvOODs+ODoeODvOOCq+ODvCDjg53jg4Pjg5fjgrPjg7zjg7Pjg57jgrfjg7zjg7Mg6Kq/55CG5a626Zu7IOODneODg+ODl+OCs+ODvOODs+ODneODg+ODl+OCs+ODvOODs+ODnuOCt+ODvOODsyDjg53jg4Pjg5fjgrPjg7zjg7Poqr/nkIblrrbpm7sg44Od44OD44OX44Kz44O844Oz44Oh44O844Kr44O844Od44OD44OX44Kz44O844Oz44Oe44K344O844OzIOODkeODvOODq+mHkeWxniDjgJBE44CR[rn]
9-88293,aHR0cDovL3RzaG9wLnIxMHMuanAva2FkZW5yYW5kL2NhYmluZXQvdGFzeWEzNS83MDc2ODQxLWUuanBnP2ZpdGluPTcwMDo3MDA=,MTA3NC40MDAw,,44Kt44OD44OB44Oz55So5ZOB44O76aOf5Zmo44O76Kq/55CG5Zmo5YW3ID4g44Gd44Gu5LuW,44K444On44Kk44OP44O844OI6Zu75rGg5byP44OB44On44Kz44Os44O844OI44OV44Kh44Km44Oz44OG44OzIEQtNjU444OB44On44Kz44OV44Kp44Oz44OH44OlIOODm+ODvOODoOODkeODvOODhuOCo+ODvCDjg4Hjg6fjgrPjg6zjg7zjg4jjg5Xjgqnjg7Pjg4fjg6Ug44OR44O844OG44Kj44O844Kw44OD44K6IOODgeODp+OCs+ODleOCqeODs+ODh+ODpeODgeODp+OCs+ODrOODvOODiOODleOCqeODs+ODh+ODpSDjg5Hjg7zjg6vph5HlsZ4g44OX44Oq44OG44Kj44OU44Oz44Kv44O744OP44OD44OU44O844Kk44Ko44Ot44O844O744OR44O844OG44Kj44Os44OD44OJ44CQROOAkQ==,MTAwMOWGhk9GRuOCr+ODvOODneODs+eZuuihjOS4reKZqjI15pelYW0xOjU56L+E77yB,PGI+PGZvbnQgY29sb3I9IiNEQ0RDREMiPuODgeODp+OCs+ODleOCqeODs+ODh+ODpSDjg5vjg7zjg6Djg5Hjg7zjg4bjgqPjg7wg44OB44On44Kz44Os44O844OI44OV44Kp44Oz44OH44OlIOODkeODvOODhuOCo+ODvOOCsOODg+OCuiDjg4Hjg6fjgrPjg5Xjgqnjg7Pjg4fjg6Xjg4Hjg6fjgrPjg6zjg7zjg4jjg5Xjgqnjg7Pjg4fjg6Ug44OR44O844Or6YeR5bGePC9mb250PjwvYj48YnI+5omL6Lu944Gr44Gn44GN44KL44OB44On44Kz44Os44O844OI44K344Ot44OD44OX5bCC55So44OB44On44Kz44Os44O844OI44OV44Kh44Km44Oz44OG44Oz77yBPGJyPgrjganjgZPjgafjgoLkvb/jgYjjgovpm7vmsaDlvI88YnI+CuODgeODp+OCs+ODrOODvOODiOOBrua1geOCjOOCi+a7neOBq+OCpOODgeOCtOOChOODkOODiuODiuOBquOBqeOBruODleODq+ODvOODhOOChOODkeODs+OAgeODnuOCt+ODpeODnuODreOBquOBqeOCkuOBj+OBkOOCieOBm+OBpuODgeODp+OCs+ODrOODvOODiOODkeODvOODhuOCo+ODvDxicj4K4oC75L+d5rip5qmf6IO944GM44Gq44GE44Gf44KB44CB5L2/55So5p2h5Lu244Gr44KI44Gj44Gm44Gv44OB44On44Kz44Os44O844OI44K344Ot44OD44OX44GM5Zu644G+44Gj44Gf44KK44CB5rWB44KM44Gr44GP44GP44Gq44KL5aC05ZCI44GM44GC44KK44G+44GZIDxicj48YnI+PGJyPuKXj+WVhuWTgeOCteOCpOOCuu+8iGNt77yJPGJyPgrnm7TlvoTntIQxNC41772Y6auY44GV57SEMTkuNTxicj4K4peP5pys5L2T6YeN6YePPGJyPgrntIQyNTBnPGJyPgril4/mnZDos6o8YnI+CuacrOS9k+ODu+eav+mDqOODu+OCv+ODr+ODvOmDqC/jg53jg6rjg5fjg63jg5Tjg6zjg7Mo6ICQ54ax5rip5bqmOTDluqYp44CB44Op44K744Oz6YOoL0FT5qi56ISCKOiAkOeGsea4qeW6pjkw5bqmKeOAgeS5vumbu+axoOOCq+ODkOODvC9BQlPmqLnohIIo6ICQ54ax5rip5bqmNzDluqYpPGJyPgril4/pm7vmupA8YnI+CuWNmDLlvaLkub7pm7vmsaAxLjVWIDTmnKwo5Yil5aOyKTxicj4K4peP6YGp5q2j5a656YePPGJyPgrntIQxNzBtbDxicj48IS0tCjxmb250IHNpemU9MyBjb2xvcj1yZWQ+PGI+44CQ5bm05pyr5bm05aeL44Gu44GU5rOo5paH44O744GK5ZWP44GE5ZCI44KP44Gb44Gr6Zai44GZ44KL44GK55+l44KJ44Gb44CRPGJyPjxicj48L2ZvbnQ+CiAK4omq44GU5rOo5paH44Gr44Gk44GE44Gm4omrPGJyPgrjgqTjg7Pjgr/jg7zjg43jg4Pjg4jjgYvjgonjga7jgZTms6jmlofjga/lubTkuK3nhKHkvJHjgafmib/jgaPjgabjgYrjgorjgb7jgZnjgII8YnI+CjEy5pyIMjfml6Uo5pyoKTE25pmC5Lul6ZmN44Gr44GE44Gf44Gg44GE44Gf44GU5rOo5paH44Gv44CBPGJyPgox5pyIN+aXpSjmnIgp5Lul6ZmN44Gr6aCG5qyh44GU5a++5b+c44GV44Gb44Gm6aCC44GN44G+44GZ44CCPGJyPgrjgarjgYrjgIHlnKjluqvnirbms4HjgavjgojjgaPjgabjga/jgIHllYblk4HnmbrpgIHjgb7jgafjgavjgYrmmYLplpPjgpLpoILjgY/loLTlkIjjgYzjgZTjgZbjgYTjgb7jgZnjgII8YnI+CuS6iOOCgeOBlOeQhuino+OBrueoi+OAgeWunOOBl+OBj+OBiumhmOOBhOeUs+OBl+S4iuOBkuOBvuOBmeOAgjxicj48YnI+CuKJquODoeODvOODq+OBp+OBruOBiuWVj+WQiOOBm+OBq+OBpOOBhOOBpuKJqzxicj4KMTLmnIgyOOaXpSjph5EpMTbmmYLku6XpmY3jga7jgYrllY/jgYTlkIjjgo/jgZvjgavjgaTjgYTjgabjga/jgIE8YnI+CjHmnIg35pelKOaciCnjgojjgorjgIHpoIbmrKHjgZTlr77lv5zjgZXjgZvjgabjgYTjgZ/jgaDjgY3jgb7jgZnjgYw8YnI+CuW5tOacq+W5tOWni+OBr+S7leWFpeWFiOOBjOS8kealreOBrueCuuOAgTxicj4K44GK5ZWP44GE5ZCI44KP44Gb5YaF5a6544Gr44KI44KK6L+U5L+h44G+44Gn44Gr44GK5pmC6ZaT44KS44GE44Gf44Gg44GP5aC05ZCI44GM44GU44GW44GE44G+44GZ44CCPGJyPuS9leWNkuOBlOWuuei1puOBj+OBoOOBleOBhOOBvuOBmeOCiOOBhuOBiumhmOOBhOeUs+OBl+OBguOBkuOBvuOBmeOAgjxicj48YnI+CiAK4omq44GK6Zu76Kmx44Gn44Gu44GK5ZWP5ZCI44Gb44Gr44Gk44GE44Gm4omrCjxicj7mgZDjgozlhaXjgorjgb7jgZnjgYzjgIExMuaciDI45pelKOmHkSnvvZ4x5pyINuaXpSjml6Up44G+44Gn44GK5LyR44G/44GV44Gb44Gm6aCC44GN44G+44GZ44CCPGJyPjxicj4KIAo8L2I+CiAgCgoKCgoKCjxkaXYgYWxpZ249ImNlbnRlciI+PGZvbnQgc3R5bGU9IiBmb250LXNpemU6IDE2cHg7IGZvbnQtd2VpZ2h0OmJvbGQ7IGNvbG9yOiNGRjY2MDA7Ij7mpb3lpKnjg6njg7Pjgq3jg7PjgrDluLjpgKPvvIHjgafjgpPjgafjgpPjga7kurrmsJfjgqLjgqTjg4bjg6A8L2ZvbnQ+PGJyPgogIDx0YWJsZSBjZWxscGFkZGluZz0iNSIgY2VsbHNwYWNpbmc9IjQiIGJnY29sb3I9IiNGMDgwODAiIHN0eWxlPSJmb250LXdlaWdodDpib2xkOyI+CiAgICA8dHIgYWxpZ249ImNlbnRlciI+CiAgICAgIDx0ZCBiZ2NvbG9yPSIjZmZmZmZmIj4gPGltZyBzcmM9aHR0cDovL2ltYWdlLnJha3V0ZW4uY28uanAva2FkZW5yYW5kL2NhYmluZXQvamlzaGFoaW4vNTYyMDMyLTEuanBnIGJvcmRlcj0wIHdpZHRoPTEzMD48YnI+CiAgICAgICAgPGZvbnQgY29sb3I9InJlZCI+MSw5ODDlhoY8L2ZvbnQ+PGJyPgogICAgICAgIOOAkOmbu+awl+OCseODiOODq+OAkTwvdGQ+CiAgICAgIDx0ZCBiZ2NvbG9yPSIjZmZmZmZmIj4gPGltZyBzcmM9aHR0cDovL2ltYWdlLnJha3V0ZW4uY28uanAva2FkZW5yYW5kL2NhYmluZXQvamlzYWt1LzU2MDU5NS5qcGcgYm9yZGVyPTAgd2lkdGg9MTM1Pjxicj4KICAgICAgICA8Zm9udCBjb2xvcj0icmVkIj4xLDk4MOWGhjwvZm9udD48YnI+CiAgICAgICAg44CQMldBWeODl+ODrOODvOODiOOAkTwvdGQ+CiAgICAgIDx0ZCBiZ2NvbG9yPSIjZmZmZmZmIj4gPGltZyBzcmM9aHR0cDovL2ltYWdlLnJha3V0ZW4uY28uanAva2FkZW5yYW5kL2NhYmluZXQvamlzYWt1L21hcnV0aS5qcGcgYm9yZGVyPTAgd2lkdGg9MTM1Pjxicj4KICAgICAgICA8Zm9udCBjb2xvcj0icmVkIj4yLDc4MOWGhjwvZm9udD48YnI+CiAgICAgICAg44CQ44Oe44Or44OB44Kv44OD44Kr44O844CRPC90ZD4KICAgICAgPHRkIGJnY29sb3I9IiNmZmZmZmYiPiA8aW1nIHNyYz1odHRwOi8vaW1hZ2UucmFrdXRlbi5jby5qcC9rYWRlbnJhbmQvY2FiaW5ldC9qaXNoYWhpbi81NjA2NzAuanBnIGJvcmRlcj0wIHdpZHRoPTEzNT48YnI+CiAgICAgICAgPGZvbnQgY29sb3I9InJlZCI+NCw2ODDlhoY8L2ZvbnQ+PGJyPgogICAgICAgIOOAkOW6g+OAheODiOODvOOCueOCv+ODvOOAkTwvdGQ+CiAgICAgIDx0ZCBiZ2NvbG9yPSIjZmZmZmZmIj4gPGltZyBzcmM9aHR0cDovL2ltYWdlLnJha3V0ZW4uY28uanAva2FkZW5yYW5kL2NhYmluZXQvamlzaGFoaW4vNTYwMDgyLWouanBnIGJvcmRlcj0wIHdpZHRoPTEzNT48YnI+CiAgICAgICAgPGZvbnQgY29sb3I9InJlZCI+NSw2ODDlhoY8L2ZvbnQ+PGJyPgogICAgICAgIOOAkOOCt+ODs+ODl+ODq+ODrOODs+OCuOOAkTwvdGQ+CiAgICA8L3RyPgogICAgPHRyIGFsaWduPSJjZW50ZXIiPgogICAgICA8dGQgYmdjb2xvcj0iI2ZmZmZmZiI+IDxpbWcgc3JjPWh0dHA6Ly9pbWFnZS5yYWt1dGVuLmNvLmpwL2thZGVucmFuZC9jYWJpbmV0L2ppc2FrdS81MzAwNDctMS5qcGcgYm9yZGVyPTAgd2lkdGg9MTMwPjxicj4KICAgICAgICA8Zm9udCBjb2xvcj0icmVkIj4xNSw4MDDlhobvvZ48L2ZvbnQ+PGJyPgogICAgICAgIOOAkOmZpOa5v+apn+OAkTwvdGQ+CiAgICAgIDx0ZCBiZ2NvbG9yPSIjZmZmZmZmIj4gPGltZyBzcmM9aHR0cDovL2ltYWdlLnJha3V0ZW4uY28uanAva2FkZW5yYW5kL2NhYmluZXQvamlzaGFoaW4vNTMwMDQ0LWUuanBnIGJvcmRlcj0wIHdpZHRoPTEzNT48YnI+CiAgICAgICAgPGZvbnQgY29sb3I9InJlZCI+NCwxODDlhoY8L2ZvbnQ+PGJyPgogICAgICAgIOOAkOW4g+Wbo+S5vueHpeapn+OAkTwvdGQ+CiAgICAgIDx0ZCBiZ2NvbG9yPSIjZmZmZmZmIj4gPGltZyBzcmM9aHR0cDovL2ltYWdlLnJha3V0ZW4uY28uanAva2FkZW5yYW5kL2NhYmluZXQvamlzaGFoaW4vNTYwODI4LWouanBnIGJvcmRlcj0wIHdpZHRoPTEzNT48YnI+CiAgICAgICAgPGZvbnQgY29sb3I9InJlZCI+MTgsOTAw5YaGPC9mb250Pjxicj4KICAgICAgICDjgJDnqbrmsJfmuIXmtYTmqZ/jgJE8L3RkPgogICAgICA8dGQgYmdjb2xvcj0iI2ZmZmZmZiI+IDxpbWcgc3JjPWh0dHA6Ly9pbWFnZS5yYWt1dGVuLmNvLmpwL2thZGVucmFuZC9jYWJpbmV0L2RlbmRlbjEwL2ltZzU2NjE0MDEzLmpwZyBib3JkZXI9MCB3aWR0aD0xMzU+PGJyPgogICAgICAgIDxmb250IGNvbG9yPSJyZWQiPjEsMjc55YaGPC9mb250Pjxicj4KICAgICAgICDjgJDjgrPjg7zjg5Ljg7zjg6Hjg7zjgqvjg7zjgJE8L3RkPgogICAgICA8dGQgYmdjb2xvcj0iI2ZmZmZmZiI+IDxpbWcgc3JjPWh0dHA6Ly9pbWFnZS5yYWt1dGVuLmNvLmpwL2thZGVucmFuZC9jYWJpbmV0L2ppc2hhaGluLzU1ODYxOS1lLmpwZyBib3JkZXI9MCB3aWR0aD0xMzU+PGJyPgogICAgICAgIDxmb250IGNvbG9yPSJyZWQiPjUsNzgw5YaGPC9mb250Pjxicj4KICAgICAgICDjgJDjgrnjg4Hjg7zjg6Djg6Ljg4Pjg5fjgJE8L3RkPgogICAgPC90cj4KICAgIDx0ciBhbGlnbj0iY2VudGVyIj4KICAgICAgPHRkIGJnY29sb3I9IiNmZmZmZmYiPiA8aW1nIHNyYz1odHRwOi8vaW1hZ2UucmFrdXRlbi5jby5qcC9rYWRlbnJhbmQvY2FiaW5ldC9qaXNoYWhpbjIvMjcxMDA4LWFsbC5qcGcgYm9yZGVyPTAgd2lkdGg9MTMwPjxicj4KICAgICAgICA8Zm9udCBjb2xvcj0icmVkIj4yLDI4MOWGhu+9njwvZm9udD48YnI+CiAgICAgICAg44CQ44K144O844Kt44Ol44Os44O844K/44O844CRPC90ZD4KICAgICAgPHRkIGJnY29sb3I9IiNmZmZmZmYiPiA8aW1nIHNyYz1odHRwOi8vaW1hZ2UucmFrdXRlbi5jby5qcC9rYWRlbnJhbmQvY2FiaW5ldC9zZXQvMTg4OTg1Ny1lLmpwZyBib3JkZXI9MCB3aWR0aD0xMzU+PGJyPgogICAgICAgIDxmb250IGNvbG9yPSJyZWQiPjEsODgw5YaGPC9mb250Pjxicj4KICAgICAgICDjgJBMRUTjgrvjg7PjgrXjg7zjg6njgqTjg4jjgJE8L3RkPgogICAgICA8dGQgYmdjb2xvcj0iI2ZmZmZmZiI+IDxpbWcgc3JjPWh0dHA6Ly9pbWFnZS5yYWt1dGVuLmNvLmpwL2VuZXRyb29tL2NhYmluZXQvamlzaGFoaW4vMjQyNDMwLWUuanBnIGJvcmRlcj0wIHdpZHRoPTEzNT48YnI+CiAgICAgICAgPGZvbnQgY29sb3I9InJlZCI+MSwxODAw5YaGPC9mb250Pjxicj4KICAgICAgICDjgJBMRUTjgrfjg7zjg6rjg7PjgrDjgJE8L3RkPgogICAgICA8dGQgYmdjb2xvcj0iI2ZmZmZmZiI+IDxpbWcgc3JjPWh0dHA6Ly9pbWFnZS5yYWt1dGVuLmNvLmpwL2thZGVucmFuZC9jYWJpbmV0L2ppc2FrdS85NDcxODM2LmpwZyBib3JkZXI9MCB3aWR0aD0xMzU+PGJyPgogICAgICAgIDxmb250IGNvbG9yPSJyZWQiPjksOTgw5YaGPC9mb250Pjxicj4KICAgICAgICDjgJA05ZCI57K+57Gz5qmf44CRPC90ZD4KICAgICAgPHRkIGJnY29sb3I9IiNmZmZmZmYiPiA8aW1nIHNyYz1odHRwOi8vaW1hZ2UucmFrdXRlbi5jby5qcC9rYWRlbnJhbmQvY2FiaW5ldC9qaXNha3UvOTQ3MDMwOC1qLmpwZyBib3JkZXI9MCB3aWR0aD0xMzU+PGJyPgogICAgICAgIDxmb250IGNvbG9yPSJyZWQiPjMsNDgw5YaGPC9mb250Pjxicj4KICAgICAgICDjgJBMRUTjg5njg4Pjg4njg6njgqTjg4jjgJE8L3RkPgogICAgPC90cj4KICAgIDx0ciBhbGlnbj0iY2VudGVyIj4KICAgICAgPHRkIGJnY29sb3I9IiNmZmZmZmYiPiA8aW1nIHNyYz1odHRwOi8vaW1hZ2UucmFrdXRlbi5jby5qcC9rYWRlbnJhbmQvY2FiaW5ldC9qaXNoYWhpbi81NTg3MTYtYWxsLWUuanBnIGJvcmRlcj0wIHdpZHRoPTEzMD48YnI+CiAgICAgICAgPGZvbnQgY29sb3I9InJlZCI+Miw5ODDlhobvvZ48L2ZvbnQ+PGJyPgogICAgICAgIOOAkOaWnOOCgeOCiuS7mExFROOAkTwvdGQ+CiAgICAgIDx0ZCBiZ2NvbG9yPSIjZmZmZmZmIj4gPGltZyBzcmM9aHR0cDovL2ltYWdlLnJha3V0ZW4uY28uanAva2FkZW5yYW5kL2NhYmluZXQvamlzYWt1LzUzODgxOS0xLmpwZyBib3JkZXI9MCB3aWR0aD0xMzU+PGJyPgogICAgICAgIDxmb250IGNvbG9yPSJyZWQiPjMsNDgw5YaGPC9mb250Pjxicj4KICAgICAgICDjgJBMRUTjgrvjg7PjgrXjg7zjg6njgqTjg4jjgJE8L3RkPgogICAgICA8dGQgYmdjb2xvcj0iI2ZmZmZmZiI+IDxpbWcgc3JjPWh0dHA6Ly9pbWFnZS5yYWt1dGVuLmNvLmpwL2thZGVucmFuZC9jYWJpbmV0L2RlbmRlbi9pbWc1NjYzMzk2Mi5qcGcgYm9yZGVyPTAgd2lkdGg9MTM1Pjxicj4KICAgICAgICA8Zm9udCBjb2xvcj0icmVkIj4yLDk4MOWGhjwvZm9udD48YnI+CiAgICAgICAg44CQMldBWeOCr+ODquODvOODiuODvOOAkTwvdGQ+CiAgICAgIDx0ZCBiZ2NvbG9yPSIjZmZmZmZmIj4gPGltZyBzcmM9aHR0cDovL2ltYWdlLnJha3V0ZW4uY28uanAva2FkZW5yYW5kL2NhYmluZXQva2FkZW4yLzk0NzAyOTAtMS5qcGcgYm9yZGVyPTAgd2lkdGg9MTM1Pjxicj4KICAgICAgICA8Zm9udCBjb2xvcj0icmVkIj4yLDQ4MOWGhjwvZm9udD48YnI+CiAgICAgICAg44CQ44K444Ol44O844K144O844CRPC90ZD4KICAgICAgPHRkIGJnY29sb3I9IiNmZmZmZmYiPiA8aW1nIHNyYz1odHRwOi8vaW1hZ2UucmFrdXRlbi5jby5qcC9rYWRlbnJhbmQvY2FiaW5ldC9qaXNha3Uvc2htLTEwMHQtMS5qcGcgYm9yZGVyPTAgd2lkdGg9MTM1Pjxicj4KICAgICAgICA8Zm9udCBjb2xvcj0icmVkIj4xLDk4MOWGhjwvZm9udD48YnI+CiAgICAgICAg44CQ44OR44O844K944OK44Or5Yqg5rm/5Zmo44CRPC90ZD4KICAgIDwvdHI+CiAgICA8L3RhYmxlPgo8L2Rpdj4tLT4=,44K444On44Kk44OP44O844OI6Zu75rGg5byP44OB44On44Kz44Os44O844OI44OV44Kh44Km44Oz44OG44OzIEQtNjU444OB44On44Kz44OV44Kp44Oz44OH44OlIOODm+ODvOODoOODkeODvOODhuOCo+ODvCDjg4Hjg6fjgrPjg6zjg7zjg4jjg5Xjgqnjg7Pjg4fjg6Ug44OR44O844OG44Kj44O844Kw44OD44K6IOODgeODp+OCs+ODleOCqeODs+ODh+ODpeODgeODp+OCs+ODrOODvOODiOODleOCqeODs+ODh+ODpSDjg5Hjg7zjg6vph5HlsZ4g44OX44Oq44OG44Kj44OU44Oz44Kv44O744OP44OD44OU44O844Kk44Ko44Ot44O844O744OR44O844OG44Kj44Os44OD44OJ44CQROOAke+8muOCt+ODp+ODg+ODlOODs+OCsOODqeODs+ODieOAgOOBp+OCk+OBp+OCkw==,5a626Zu744Ki44Kk44Oq44K544Kq44O844Ok44Oe5biD5Zuj5Lm+54el5qmfIOOCq+ODqeODquOCqOODgOOCpOOCreODsyBEQUlLSU7liqDmub/lmahJSOOCr+ODg+OCreODs+OCsOODkuODvOOCv+ODvExFROmbu+eQg+epuuawl+a4hea1hOapn0xFROOCt+ODvOODquODs+OCsOODqeOCpOODiOaaluaIv+aOg+mZpOapn+mAgeaWmeeEoeaWmeixoeWNsCBaT0pJUlVTSEnjgrnjg4bjgqPjg4Pjgq/jgq/jg6rjg7zjg4rjg7zjgqTjg6Tjg5vjg7Pmpb3lpKnmmYLoqIjjgqvjgrfjgqogQ0FTSU/jgrvjgqTjgrPjg7wgU0VJS09TSEFSUCDjgrfjg6Pjg7zjg5fjgrjjg6fjgqTjg4/jg7zjg4jpm7vmsaDlvI/jg4Hjg6fjgrPjg6zjg7zjg4jjg5XjgqHjgqbjg7Pjg4bjg7MgRC02NTjjg4Hjg6fjgrPjg5Xjgqnjg7Pjg4fjg6Ug44Ob44O844Og44OR44O844OG44Kj44O8IOODgeODp+OCs+ODrOODvOODiOODleOCqeODs+ODh+ODpSDjg5Hjg7zjg4bjgqPjg7zjgrDjg4Pjgrog44OB44On44Kz44OV44Kp44Oz44OH44Ol44OB44On44Kz44Os44O844OI44OV44Kp44Oz44OH44OlIOODkeODvOODq+mHkeWxniDjg5fjg6rjg4bjgqPjg5Tjg7Pjgq/jg7vjg4/jg4Pjg5Tjg7zjgqTjgqjjg63jg7zjg7vjg5Hjg7zjg4bjgqPjg6zjg4Pjg4njgJBE44CR,MTAwMOWGhk9GRuOCr+ODvOODneODs+eZuuihjOS4reKZqjI15pelYW0xOjU56L+E77yB44CC44K444On44Kk44OP44O844OI6Zu75rGg5byP44OB44On44Kz44Os44O844OI44OV44Kh44Km44Oz44OG44OzIEQtNjU444OB44On44Kz44OV44Kp44Oz44OH44OlIOODm+ODvOODoOODkeODvOODhuOCo+ODvCDjg4Hjg6fjgrPjg6zjg7zjg4jjg5Xjgqnjg7Pjg4fjg6Ug44OR44O844OG44Kj44O844Kw44OD44K6IOODgeODp+OCs+ODleOCqeODs+ODh+ODpeODgeODp+OCs+ODrOODvOODiOODleOCqeODs+ODh+ODpSDjg5Hjg7zjg6vph5HlsZ4g44OX44Oq44OG44Kj44OU44Oz44Kv44O744OP44OD44OU44O844Kk44Ko44Ot44O844O744OR44O844OG44Kj44Os44OD44OJ44CQROOAkQ==[rn]
9-88294,aHR0cDovL3RzaG9wLnIxMHMuanAvYWthcmllL2NhYmluZXQvamlzaGFoaW4zLzUyODAwMy1lLmpwZz9maXRpbj03MDA6NzAw,NjY1Mi4wMDAw,,44Kt44OD44OB44Oz55So5ZOB44O76aOf5Zmo44O76Kq/55CG5Zmo5YW3ID4g44Gd44Gu5LuW,44Ki44Kk44Oq44K544Kq44O844Ok44OeIOecn+epuuS/neWtmOODleODvOODieOCt+ODvOODqeODvCBWUEYtMzg1VOOAkFJDUOOAkQ==,W+OBiuiyt+OBhOeJqeODnuODqeOCveODs+KZquODneOCpOODs+ODiOacgOWkpzM15YCNXTIw5pelMjA6MDAtMjXml6UxOjU5,PGI+PGZvbnQgc2l6ZT0iNCIgY29sb3I9IiNmZjhmMDAiPumuruW6puOCkumVt+OBj+OCreODvOODl+OBl+OAgeevgOe0hO+8huOCqOOCs++8gTwvZm9udD48L2I+PGJyPgrnqbrmsJfjgpLmipzjgYTjgabnnJ/nqbrkv53lrZjjgpLjgZnjgovjgZPjgajjgafpgJrluLjkv53lrZjjgojjgorjgoLpo5/lk4Hjga7prq7luqbjgpLplbfmjIHjgaHjgZXjgZvjgb7jgZnjgII8YnI+CumVt+aZgumWk+OBruS/neWtmOOBjOWPr+iDveOBquOBruOBp+OAgemjn+adkOOCkueEoemnhOOBq+OBl+OBvuOBm+OCk+OAgjxicj48YnI+Cgo8Yj48Zm9udCBzaXplPSI0IiBjb2xvcj0iI2ZmOGYwMCI+44GK44GL44Ga44KS5L2c44KK572u44GN44GX44Gm44GK44GE44GX44GP5pmC55+t77yBPC9mb250PjwvYj48YnI+CuaZgumWk+OBjOOBguOCi+OBqOOBjeOBq+OBn+OBj+OBleOCk+S9nOOBo+OBpuS/neWtmOOBl+OBpuOBiuOBkeOBsOOAgeW/meOBl+OBhOaZguOBruiqv+eQhuOBjOalveOBq+OBquOCiuOBvuOBmeOAgjxicj4K5a+G5bCB44GX44Gf44G+44G+5Ya35YeN44O75Ya36JS15L+d5a2Y44Gn44GN44CB5rmv44Gb44KT44KE6Zu75a2Q44Os44Oz44K444KC5L2/55So5Y+v6IO944Gn44GZ44CCPGJyPjxicj4KCjxiPjxmb250IHNpemU9IjQiIGNvbG9yPSIjZmY4ZjAwIj7jg4vjgqrjgqTnp7vjgorjgarjgZfvvIE8L2ZvbnQ+PC9iPjxicj4K56m65rCX44KS6YCa44GV44Gq44GE5bCC55So44Ot44O844Or44O75bCC55So44K344O844OI44Gn5a+G6ZaJ44GZ44KL44Gu44Gn44CB5LuW44Gu6aOf5ZOB44G444Gu44OL44Kq44Kk56e744KK44KS6Ziy5q2i44GX44G+44GZ44CCPGJyPjxicj4KCuOAkOWVhuWTgeS7leanmOOAkTxicj4K4peH5pys5L2TPGJyPgril4/jgrXjgqTjgrrvvIjntITvvInvvJrluYUzOMOX5aWl6KGMMTYuNcOX6auY44GVOS41Y208YnI+CuKXj+mHjemHj++8mue0hDIuMWtnPGJyPgril4/pm7vmupDpm7vlnKfvvJpBQzEwMFbvvIg1MC82MEh677yJPGJyPgril4/mtojosrvpm7vlipvvvJrntIQxMDVXPGJyPgril4/jgrfjg7zjg6vlj6/og73luYXvvJrmnIDlpKcyODBtbTxicj4K4peP6ISx5rCX5Yqb77ya57SENTAwbW1IRzxicj4K4peP5L2/55So5Y+v6IO944Gq6KKL77ya5bCC55So44Ot44O844Or44CB5bCC55So44OR44Km44OBPGJyPgril4/mjqXnnYDpg6jjga7muKnluqbvvJrntIQxMjDihIM8YnI+CuKXj+OCt+ODvOODq+aZgumWk++8muiEseawl++8i+OCt+ODvOODq+aZgu+8j+e0hDEx56eS44CB44K344O844Or44Gu44G/77yP57SEMTHnp5I8YnI+CuKXj+mbu+a6kOOCs+ODvOODieOBrumVt+OBle+8mue0hDEuMm08YnI+CuKXj+S4u+imgeadkOizqu+8mkFCU+aoueiEgjxicj4K4peH5LuY5bGe5ZOBPGJyPgril4/lsILnlKjjg63jg7zjg6vvvIjntITvvInvvJrluYUyOMOX6ZW344GVMzAwY208YnI+CuKXj+WwgueUqOODkeOCpuODge+8iOe0hO+8ie+8muW5hTIww5fplbfjgZUzMGNt77yIM+aemu+8iTxicj4K4peP5Y6f5paZ5qi56ISC77ya44OK44Kk44Ot44Oz44CB44Od44Oq44Ko44OB44Os44OzPGJyPgril4/ogJDlhrfjg7vogJDnhrHmuKnluqbvvJotMzDihIPvvZ4xMDDihIM8YnI+PGJyPgrigLvmlofkuK3jga7jgIznnJ/nqbrjgI3jga/lrozlhajjgarnnJ/nqbrnirbmhYvjga7jgZPjgajjgafjga/jgYLjgorjgb7jgZvjgpPjgII8YnI+CuOAgCBKSVPopo/moLzjgavjgYrjgZHjgovjgIzlpKfmsJflnKfjgojjgorkvY7jgYTlnKflipvjga7msJfkvZPjgafmuoDjgZ/jgZXjgozjgZ/nqbrplpPlhoXjga7nirbmhYvjgI3jgafjgZnjgII8YnI+PGJyPjxicj4KCgo8Yj48Zm9udCBzaXplPSIzIiBjb2xvcj0iI2ZmMzNmZiI+4pag4pah4pag5bCC55So44Ot44O844Or44Gu44G/44KC6LKp5aOy5Lit4pag4pah4pagPC9mb250PjwvYj48YnI+CuKYheW5hTI4Y23Dl+mVt+OBlTMwMGNtPGJyPgrimIXluYUyMGNtw5fplbfjgZUzMDBjbTxicj4K4piF5bmFMjhjbcOX6ZW344GVNjAwY208YnI+CuKYheW5hTIwY23Dl+mVt+OBlTYwMGNtPCEtLeKWvOOAgOOCq+ODhuOCtOODquOAgOKWvC0tPgo8aW1nIHNyYz0iaHR0cDovL2ltYWdlLnJha3V0ZW4uY28uanAvYWthcmllL2NhYmluZXQvcmVtYWtlL3R5dW1va3VfdG9wMi5qcGciIGJvcmRlcj0wPjxicj48YnI+Cgo8IS0t4pa844CA44Oe44Op44K944Oz44CA4pa8LS0+CjxpbWcgc3JjPSJodHRwczovL2ltYWdlLnJha3V0ZW4uY28uanAvYWthcmllL2NhYmluZXQvbWFnYS8xNzA1MjBtYXJhMi5qcGciIHdpZHRoPTcwMD48YnI+PGJyPgoKPCEtLeKWvOOAgOODqeODs+OCr+WIpeOAgOKWvAo8aW1nIHNyYz0iaHR0cDovL2ltYWdlLnJha3V0ZW4uY28uanAvYWthcmllL2NhYmluZXQvZ2VudGVpL3JhbmtiZXR1LTA0MDcuanBnIiB3aWR0aD03MDA+PGJyPjxicj4tLT4KCjwhLS3ilrzjgIDjgq/jg7zjg53jg7PjgIDilrwtLT4KPGltZyBzcmM9Imh0dHA6Ly9pbWFnZS5yYWt1dGVuLmNvLmpwL2FrYXJpZS9jYWJpbmV0L3JlbWFrZS9jb29wb24vY291cG9ucGFnZV9yaW5rLmpwZyIgd2lkdGg9NzAwPjxicj48YnI+Cgo8IS0t4pa844CAV0bjgrfjg6rjg7zjgrrjgIDilrwtLT4KPCEtLTxpbWcgc3JjPSJodHRwOi8vaW1hZ2UucmFrdXRlbi5jby5qcC9ha2FyaWUvY2FiaW5ldC9yZW1ha2UvcGlja3VwXzAzLmpwZyIgYm9yZGVyPTAgd2lkdGg9IiI+Cjxicj48YnI+LS0+Cgo8IS0t4pa844CA44Kv44O844Od44Oz44CA4pa8CjxpbWcgc3JjPSJodHRwOi8vaW1hZ2UucmFrdXRlbi5jby5qcC9ha2FyaWUvY2FiaW5ldC9yZW1ha2UvY29vcG9uL2NvdXBvbnBhZ2Vfcmluay5qcGciIGJvcmRlcj0wPjxicj48YnI+LS0+CgoKPCEtLSDilrzotoXnm67njonjgqLjgqTjg4bjg6DilrwtLT4KPGNlbnRlcj4KPGltZyBzcmM9Imh0dHA6Ly9pbWFnZS5yYWt1dGVuLmNvLmpwL2FrYXJpZS9jYWJpbmV0L3JlbWFrZS9lbHV4Xzc1MC5qcGciIGJvcmRlcj0wPjxicj4KPGltZyBzcmM9Imh0dHA6Ly9pbWFnZS5yYWt1dGVuLmNvLmpwL2FrYXJpZS9jYWJpbmV0L3JlbWFrZS9pbnRlcmZvcm1fNzUwLmpwZyIgYm9yZGVyPTA+PGJyPgo8aW1nIHNyYz0iaHR0cDovL2ltYWdlLnJha3V0ZW4uY28uanAvYWthcmllL2NhYmluZXQvdGFzeWExNy9zdW55b3dfdG9wLmpwZyIgYm9yZGVyPTA+PGJyPgoKPGltZyBzcmM9Imh0dHA6Ly9pbWFnZS5yYWt1dGVuLmNvLmpwL2FrYXJpZS9jYWJpbmV0L3JlbWFrZS9oZXJtb3NhXzc1MC5qcGciIGJvcmRlcj0wPjxicj4KCjxpbWcgc3JjPSJodHRwOi8vaW1hZ2UucmFrdXRlbi5jby5qcC9ha2FyaWUvY2FiaW5ldC9yZW1ha2UvZmxhbWVzXzc1MC5qcGciIGJvcmRlcj0wPjxicj4KPC9jZW50ZXI+CgoKCgoKCgoKPCEtLTx0YWJsZSBjZWxscGFkZGluZz0iMSIgY2VsbHNwYWNpbmc9IjEiPgo8dHI+Cjxicj4KPHRkIGJnY29sb3I9IiNmZmZmZmYiPgoKPC90ZD4KPC90cj4KPC90YWJsZT4tLT4=,44Ki44Kk44Oq44K544Kq44O844Ok44OeIOecn+epuuS/neWtmOODleODvOODieOCt+ODvOODqeODvCBWUEYtMzg1VOOAkFJDUOOAke+8mueFp+aYjuOBqOOCpOODs+ODhuODquOCouOBruWwgumWgOW6l+OAgEFrYXJpZQ==,44Ki44Kk44Oq44K544Kq44O844Ok44OeIOecn+epuuS/neWtmOODleODvOODieOCt+ODvOODqeODvCBWUEYtMzg1VOOAkFJDUOOAkQ==,W+OBiuiyt+OBhOeJqeODnuODqeOCveODs+KZquODneOCpOODs+ODiOacgOWkpzM15YCNXTIw5pelMjA6MDAtMjXml6UxOjU544CC44Ki44Kk44Oq44K544Kq44O844Ok44OeIOecn+epuuS/neWtmOODleODvOODieOCt+ODvOODqeODvCBWUEYtMzg1VOOAkFJDUOOAkQ==[rn]
9-88295,aHR0cDovL3RzaG9wLnIxMHMuanAvc291a2FpL2NhYmluZXQvNzUvMzE2ODQzMDIxMzk3NS5qcGc/Zml0aW49NzAwOjcwMA==,MjA2MC4wMDAw,,44Kt44OD44OB44Oz55So5ZOB44O76aOf5Zmo44O76Kq/55CG5Zmo5YW3ID4g44Gd44Gu5LuW,44OG44Kj44OV44Kh44O844OrIOODj+ODs+ODh+OCo+ODgeODp+ODg+ODkeODvCA1MDBtTCBLMDk0MDQoMeOCs+WFpSnjgJDjg4bjgqPjg5XjgqHjg7zjg6soVC1mYWwp44CRW+OCreODg+ODgeODs+eUqOWTgV3jgJDpgIHmlpnnhKHmlpnjgJE=,44OG44Kj44OV44Kh44O844OrKFQtZmFsKSAvIOOCreODg+ODgeODs+eUqOWTgeKYhumAgeaWmeeEoeaWmeKYhg==,PGRpdiBpZD0ncHJkLXBhZ2UnPuOBiuW6l1RPUO+8nuaXpeeUqOWTge+8nuiqv+eQhuWZqOWFt++8nuiqv+eQhuWZqOWFtyDjgZ3jga7ku5bvvJ7jg4bjgqPjg5XjgqHjg7zjg6sg44OP44Oz44OH44Kj44OB44On44OD44OR44O8IDUwMG1MIEswOTQwNCAoMeOCs+WFpSk8YnI+PGJyPuKYhumAgeaWmeeEoeaWmeKYhjxicj48YnI+44CQ44OG44Kj44OV44Kh44O844OrIOODj+ODs+ODh+OCo+ODgeODp+ODg+ODkeODvCA1MDBtTCBLMDk0MDTjga7llYblk4HoqbPntLDjgJE8YnI+4peP44CM44GN44GW44KA44CN44CM44Gk44G244GZ44CN44CM44G+44Gc44KL44CN44KS57Ch5Y2Y77yG44K544OU44O844OH44Kj44GrPGJyPuKXj+ODj+ODs+ODieODq+OCkuW8leOBj+OBoOOBkeOBruOCt+ODs+ODl+ODq+aTjeS9nDxicj7il4/liKXjgIXjgavli5XjgY8y5p6a5YiD44GM5a6f54++44GZ44KL44CB57Ch5Y2Y77yG44K544OU44O844OH44Kj44Kr44OD44OIPGJyPuKXjzLmnprjga7liIPjgYzliKXjgIXjga7jgr/jgqTjg5/jg7PjgrDjgafli5XjgY3lp4vjgoHjgovjga7jgafjgIHliIPjgavpo5/mnZDjgYzjgbLjgaPjgYvjgYvjgorjgavjgY/jgY/jgIHjg4/jg7Pjg4njg6vjgpLlvJXjgY/lipvjgYzou73muJvjgZXjgozjgb7jgZnjgII8YnI+4peP5Zu65a6a44GV44KM44Gm44GE44Gq44GE5LiK44Gu5YiD44GM44CB5LiL44Gu5YiD44KI44KK6auY6YCf44Gn5Zue6Lui44GZ44KL44GT44Go44Gn44CB6aOf5p2Q44KS44K544OU44O844OH44Kj44Gr44Kr44OD44OI44GX44G+44GZ44CCPGJyPuKXj+S4i+OBlOOBl+OCieOBiOOBoOOBkeOBp+OBquOBj+OAgeOCveODvOOCueOChOmbouS5s+mjn+OBpeOBj+OCiuOBq+OCguS+v+WIqeOBp+OBmeOAgjxicj7il4/pm7vmupDjgYzkuI3opoHjgarjga7jgafjgIHkvb/jgYbloLTmiYDjgpLpgbjjgbPjgb7jgZvjgpPjgII8YnI+4peP44Kz44Oz44OR44Kv44OI44Gq44Gu44Gn44CB5Y+O57SN44Gu5Ye644GX5YWl44KM44KC57Ch5Y2Y44CC5YiD44KC5Y+W44KK5aSW44Gb44Gm44GK5omL5YWl44KM44Op44Kv44Op44KvPGJyPuKXj+S6uumWk+W3peWtpuOBq+WfuuOBpeOBhOOBpuODh+OCtuOCpOODs+OBleOCjOOBn+OAgeaPoeOCiuOChOOBmeOBhOODj+ODs+ODieODq+OBp+OBmeOAgjxicj7il4/oqr/nkIbkuK3jgavplovjgYvjgarjgYTjgojjgYbjgIHjgbXjgZ/jgavjg63jg4Pjgq/jgpLku5jjgZHjgZ/lronlhajoqK3oqIjjgafjgZnjgII8YnI+4peP5a6J5a6a44GX44Gm5L2/55So44Gn44GN44KL44KI44GG44CB5a655Zmo44Gu5bqV44Gr44GZ44G544KK5q2i44KB44KS44Gk44GR44G+44GX44Gf44CCPGJyPuKXj+WuueWZqOWGheWBtOOBrueqgei1t+OBjOmjn+adkOOCkuWbuuWumuOBl+OAjOepuuWbnuOCiuOAjeOCkumYsuatouOAguOCq+ODg+ODiOOBruWKueeOh+OCkuOCouODg+ODl+OBleOBm+OBvuOBmeOAgjxicj7il4/jgbXjgZ/lhoXpg6jjga7jgq7jgqLjgYzjg4/jg7Pjg4njg6vjgpLlvJXjgY/lipvjgpLou73muJvjgILlm57ou6LmlbDjg7vlm57ou6Ljgrnjg5Tjg7zjg4njgYzlkJHkuIrjgZfjgIHpgJ/jgY/jg6njgq/jgavjgqvjg4Pjg4jjgafjgY3jgb7jgZnjgII8YnI+PGJyPuOAkOODhuOCo+ODleOCoeODvOODqyDjg4/jg7Pjg4fjgqPjg4Hjg6fjg4Pjg5Hjg7wgNTAwbUwgSzA5NDA044Gu5Y6f5p2Q5paZ44CRPGJyPuWuueWZqOODu+ODu+ODu0FT5qi56ISCPGJyPuOBmeOBueOCiuatouOCgSjlrrnlmajlupUp44O744O744O744Ko44Op44K544OI44Oe44O85qi56ISCPGJyPuOBteOBn+ODu+ODu+ODu0FCU+aoueiEgjxicj7jg4/jg7Pjg4njg6vjg7vjg7vjg7tBQlPmqLnohILjg7vjgqjjg6njgrnjg4jjg57jg7zmqLnohII8YnI+44K344Oj44OV44OI44O744O744O744Od44Oq44Ki44K744K/44O844OrPGJyPuWIg+ODu+ODu+ODu+OCueODhuODs+ODrOOCuTxicj7jgbLjgoLjg7vjg7vjg7vjg4rjgqTjg63jg7M8YnI+44CQ6KaP5qC85qaC6KaB44CRPGJyPuOCteOCpOOCuuODu+ODu+ODu+OBteOBn+OCkuOBl+OBn+eKtuaFi++8muW5hTEyMCrlpaXooYwxMjAq6auY44GVMTA2bW3jgIHjgbXjgZ/jgarjgZfjga7nirbmhYvvvJrluYUxMTYq5aWl6KGMMTE2KumrmOOBlTY5bW08YnI+6YeN6YeP44O744O744O744G144Gf44KS44GX44Gf54q25oWL77yaMjMwZ+OAgeOBteOBn+OBquOBl+OBrueKtuaFi++8mjExMGc8YnI+PGJyPuOAkOODluODqeODs+ODieOAkTxicj7jg4bjgqPjg5XjgqHjg7zjg6soVC1mYWwpPGJyPjxicj7jgJDnmbrlo7LlhYPjgIHoo73pgKDlhYPjgIHovLjlhaXlhYPlj4jjga/osqnlo7LlhYPjgJE8YnI+44Kw44Or44O844OX44K744OWIOOCuOODo+ODkeODszxicj48YnI+KFQtZmFsIOODj+ODs+ODh+OCo+ODvOODgeODp+ODg+ODkeODvCk8YnI+PGJyPi8oL0YyODk3MDYvRjI4NTIwMS8pLzxicj48YnI+44Kw44Or44O844OX44K744OWIOOCuOODo+ODkeODszxicj4xNDEtMDAyMiDmnbHkuqzpg73lk4Hlt53ljLrmnbHkupTlj43nlLAzLTE0LTEzIOmrmOi8quODn+ODpeODvOOCuuODk+ODqzxicj4wNTcwLTA3Ny03NzI8YnI+PGJyPuW6g+WRiuaWh+iyrO+8muagquW8j+S8muekvueIveW/q+ODieODqeODg+OCsDxicj4wNTcwLTY2Ni02MzI8YnI+PGJyPlvoqr/nkIblmajlhbcv44OW44Op44Oz44OJ77ya44OG44Kj44OV44Kh44O844OrKFQtZmFsKS9dPC9kaXY+PCEtLS0tPg==,44OG44Kj44OV44Kh44O844OrIOODj+ODs+ODh+OCo+ODgeODp+ODg+ODkeODvCA1MDBtTCBLMDk0MDQoMeOCs+WFpSnjgJDjg4bjgqPjg5XjgqHjg7zjg6soVC1mYWwp44CRW+OCreODg+ODgeODs+eUqOWTgV3jgJDpgIHmlpnnhKHmlpnjgJHvvJrniL3lv6vjg4njg6njg4PjgrA=,5o6D6Zmk5rSX5r+v5YGl5bq36aOf5ZOB5rC044O744OJ44Oq44Oz44Kv6aOf5paZ5ZOB5Yy76Jas5ZOB44OY44Or44K544Kx44Ki44OZ44OT44O85pel55So5ZOB44OT44Ol44O844OG44Kj5a626Zu744Oa44OD44OI44K544Od44O844OE44Oq44Op44Kv44K844O844K344On44Oz44OG44Kj44OV44Kh44O844OrIOODj+ODs+ODh+OCo+ODgeODp+ODg+ODkeODvCA1MDBtTCBLMDk0MDQoMeOCs+WFpSnjgJDjg4bjgqPjg5XjgqHjg7zjg6soVC1mYWwp44CRW+OCreODg+ODgeODs+eUqOWTgV3jgJDpgIHmlpnnhKHmlpnjgJE=,44OG44Kj44OV44Kh44O844OrKFQtZmFsKSAvIOOCreODg+ODgeODs+eUqOWTgeKYhumAgeaWmeeEoeaWmeKYhuOAguODhuOCo+ODleOCoeODvOODqyDjg4/jg7Pjg4fjgqPjg4Hjg6fjg4Pjg5Hjg7wgNTAwbUwgSzA5NDA0KDHjgrPlhaUp44CQ44OG44Kj44OV44Kh44O844OrKFQtZmFsKeOAkVvjgq3jg4Pjg4Hjg7PnlKjlk4Fd44CQ6YCB5paZ54Sh5paZ44CR[rn]
9-88296,aHR0cDovL3RzaG9wLnIxMHMuanAvc291a2FpL2NhYmluZXQvMTMvNDkwNDg3MDI3NzgxMy5qcGc/Zml0aW49NzAwOjcwMA==,MjI3MS4yMDAw,,44Kt44OD44OB44Oz55So5ZOB44O76aOf5Zmo44O76Kq/55CG5Zmo5YW3ID4g44Gd44Gu5LuW,44Oe44OD44Kt44Oz44Oq44O8IOOCt+OCueODhuODoOOCreODg+ODgeODs+eUqOODrOODs+OCuOOCrOODvOODiSBTVTYxNu+8j1NCKDHlj7Ap44CQ44Oe44OD44Kt44Oz44Oq44O844CRW+ODrOODs+OCuOOCrOODvOODiV3jgJDpgIHmlpnnhKHmlpnjgJE=,LyDjg57jg4Pjgq3jg7Pjg6rjg7wgLyDjg6zjg7Pjgrjjgqzjg7zjg4nimIbpgIHmlpnnhKHmlpnimIY=,PGRpdiBpZD0ncHJkLXBhZ2UnPjxpbWcgc3JjPSdodHRwOi8vd3d3LnJha3V0ZW4ubmUuanAvZ29sZC9zb3VrYWkvaW1hZ2UvMF9yX2NhbS5qcGcnIGJvcmRlcj0nMCc+PGJyPjxicj7jgYrlupdUT1DvvJ7lrrbpm7vvvJ7jgq3jg4Pjg4Hjg7Plrrbpm7vjg7voqr/nkIblrrbpm7vvvJ7jgqzjgrnjgrPjg7Pjg63jg7vjgqzjgrnjg4bjg7zjg5bjg6vvvJ7jg57jg4Pjgq3jg7Pjg6rjg7zjgrfjgrnjg4bjg6Djgq3jg4Pjg4Hjg7PnlKjjg6zjg7Pjgrjjgqzjg7zjg4lTVTYxNu+8j1NCICgx5Y+wKTxicj48YnI+4piG6YCB5paZ54Sh5paZ4piGPGJyPjxicj48YnI+44CQ44Oe44OD44Kt44Oz44Oq44O8IOOCt+OCueODhuODoOOCreODg+ODgeODs+eUqOODrOODs+OCuOOCrOODvOODiSBTVTYxNu+8j1NC44Gu5ZWG5ZOB6Kmz57Sw44CRPGJyPuKXj+ODleODg+e0oOOCs+ODvOODiOOBp+axmuOCjOiQveOBoeaKnOe+pDxicj7il4/jgrfjgrnjg4bjg6Djgq3jg4Pjg4Hjg7PjgavjgoLlr77lv5zjgZfjgZ/jg6zjg7Pjgrjlu7vjgorjga7kvr/liKnjgqLjgqTjg4bjg6A8YnI+4peP5Lih6Z2i44OV44OD57Sg44Kz44O844OI5LuV5LiK44GSPGJyPuOCteODg+OBqOOBsuOBqOaLreOBjeOBp+axmuOCjOOBjOiQveOBoeOCi+OBruOBp+OAgeOBiuaJi+WFpeOCjOewoeWNmOOAguOBiuaOg+mZpOOCguODqeOCr+ODqeOCrzxicj48YnI+44CQ44Oe44OD44Kt44Oz44Oq44O8IOOCt+OCueODhuODoOOCreODg+ODgeODs+eUqOODrOODs+OCuOOCrOODvOODiSBTVTYxNu+8j1NC44Gu5Y6f5p2Q5paZ44CRPGJyPuacrOS9k+ODu+ODu+ODu+S4oemdouODleODg+e0oOmLvOadvzxicj7ohJrjg7vjg7vjg7vjgrfjg6rjgrPjg7PjgrTjg6A8YnI+44CQ6KaP5qC85qaC6KaB44CRPGJyPuacrOS9k+OCteOCpOOCuuODu+ODu+ODu1c0MzPvvZ43OTEqRDQ1NCpIMzAzbW08YnI+5pys5L2T6YeN6YeP44O744O744O7MS4za2c8YnI+44CQ44OW44Op44Oz44OJ44CRPGJyPuODnuODg+OCreODs+ODquODvDxicj48YnI+44CQ55m65aOy5YWD44CB6KO96YCg5YWD44CB6Ly45YWl5YWD5Y+I44Gv6LKp5aOy5YWD44CRPGJyPuODnuODg+OCreODs+ODquODvDxicj48YnI+PGZvbnQgY29sb3I9cmVkPjwvZm9udD48YnI+PGJyPihNY2tpbmxleSBtY2tpbmxleSDjgb7jgaPjgY3jgpPjgorjg7wg44Ks44K544OG44O844OW44OrKTxicj4vKC9GMjE5MDA1Lykv44Oe44OD44Kt44Oz44Oq44O8PGJyPjQzMS0xMzAzIOmdmeWyoeecjOa1nOadvuW4guWMl+WMuue0sOaxn+eUuuS4ieWSjDEzMTxicj4wNTMtNTQyLTA1MTbluoPlkYrmlofosqzvvJrmoKrlvI/kvJrnpL7niL3lv6vjg4njg6njg4PjgrA8YnI+PGJyPlvjgq3jg4Pjg4Hjg7Plrrbpm7vjg7voqr/nkIblrrbpm7sv44OW44Op44Oz44OJ77ya44Oe44OD44Kt44Oz44Oq44O8L108YnI+PGJyPjwvZGl2PjwhLS0tLT4=,44Oe44OD44Kt44Oz44Oq44O8IOOCt+OCueODhuODoOOCreODg+ODgeODs+eUqOODrOODs+OCuOOCrOODvOODiSBTVTYxNu+8j1NCKDHlj7Ap44CQ44Oe44OD44Kt44Oz44Oq44O844CRW+ODrOODs+OCuOOCrOODvOODiV3jgJDpgIHmlpnnhKHmlpnjgJHvvJrniL3lv6vjg4njg6njg4PjgrA=,5o6D6Zmk5rSX5r+v5YGl5bq36aOf5ZOB5rC044O744OJ44Oq44Oz44Kv6aOf5paZ5ZOB5Yy76Jas5ZOB44OY44Or44K544Kx44Ki44OZ44OT44O85pel55So5ZOB44OT44Ol44O844OG44Kj5a626Zu744Oa44OD44OI44K544Od44O844OE44Oq44Op44Kv44K844O844K344On44Oz44Oe44OD44Kt44Oz44Oq44O8IOOCt+OCueODhuODoOOCreODg+ODgeODs+eUqOODrOODs+OCuOOCrOODvOODiSBTVTYxNu+8j1NCKDHlj7Ap44CQ44Oe44OD44Kt44Oz44Oq44O844CRW+ODrOODs+OCuOOCrOODvOODiV3jgJDpgIHmlpnnhKHmlpnjgJE=,LyDjg57jg4Pjgq3jg7Pjg6rjg7wgLyDjg6zjg7Pjgrjjgqzjg7zjg4nimIbpgIHmlpnnhKHmlpnimIbjgILjg57jg4Pjgq3jg7Pjg6rjg7wg44K344K544OG44Og44Kt44OD44OB44Oz55So44Os44Oz44K444Ks44O844OJIFNVNjE277yPU0IoMeWPsCnjgJDjg57jg4Pjgq3jg7Pjg6rjg7zjgJFb44Os44Oz44K444Ks44O844OJXeOAkOmAgeaWmeeEoeaWmeOAkQ==[rn]
9-88297,aHR0cDovL3RzaG9wLnIxMHMuanAvc291a2FpL2NhYmluZXQvOTEvNDkwNDg3MDIyMDI5MS5qcGc/Zml0aW49NzAwOjcwMA==,MTEyOC4wMDAw,,44Kt44OD44OB44Oz55So5ZOB44O76aOf5Zmo44O76Kq/55CG5Zmo5YW3ID4g44Gd44Gu5LuW,44Oe44OD44Kt44Oz44Oq44O8IOOCs+ODs+ODkeOCr+ODiOODrOODs+OCuOOCrOODvOODiSBTVTY1MFgoMeWPsCnjgJDjg57jg4Pjgq3jg7Pjg6rjg7zjgJFb44Os44Oz44K444Ks44O844OJXQ==,LyDjg57jg4Pjgq3jg7Pjg6rjg7wgLyDjg6zjg7Pjgrjjgqzjg7zjg4nimIXnqI7mipwxOTAw5YaG5Lul5LiK44Gn6YCB5paZ54Sh5paZ4piF,PGRpdiBpZD0ncHJkLXBhZ2UnPjxpbWcgc3JjPSdodHRwOi8vd3d3LnJha3V0ZW4ubmUuanAvZ29sZC9zb3VrYWkvaW1hZ2UvMF9yX2NhbS5qcGcnIGJvcmRlcj0nMCc+PGJyPjxicj7jgYrlupdUT1DvvJ7lrrbpm7vvvJ7jgq3jg4Pjg4Hjg7Plrrbpm7vjg7voqr/nkIblrrbpm7vvvJ7jgqzjgrnjgrPjg7Pjg63jg7vjgqzjgrnjg4bjg7zjg5bjg6vvvJ7jg57jg4Pjgq3jg7Pjg6rjg7zjgrPjg7Pjg5Hjgq/jg4jjg6zjg7Pjgrjjgqzjg7zjg4lTVTY1MFggKDHlj7ApPGJyPjxicj7imIXnqI7mipwxOTAw5YaG5Lul5LiK44Gn6YCB5paZ54Sh5paZ4piFPGJyPjxicj48YnI+44CQ44Oe44OD44Kt44Oz44Oq44O8IOOCs+ODs+ODkeOCr+ODiOODrOODs+OCuOOCrOODvOODiSBTVTY1MFjjga7llYblk4HoqbPntLDjgJE8YnI+4peP5rSX44Gj44Gm44GP44KK6L+U44GX5L2/44GI44KL44Ko44Kz44K/44Kk44OXPGJyPuKXj+OCrOOCueOCs+ODs+ODreOCteOCpOOCuuW5hTU2772eNjBjbeOBq+iqv+evgOWPr+iDveOAguW3puWPs+S7mOOBkeabv+OBiOiHqueUseiHquWcqDxicj7il4/jgZfjgaPjgYvjgorntKDmnZDjgafmtJfjgaPjgabjgY/jgorov5TjgZfkvb/jgYjjgovjgqjjgrPjgr/jgqTjg5fvvIE8YnI+44K144OD44Go44Gy44Go5out44GN44Gn5rGa44KM44GM6JC944Gh44KL44Gu44Gn44CB44GK5omL5YWl44KM57Ch5Y2Y44CC44GK5o6D6Zmk44KC44Op44Kv44Op44KvPGJyPuKXj+ewoeWNmOOBq+e1hOOBv+eri+OBpuWPr+iDvTxicj7il4/kuIjlpKvjgafplbfmjIHjgaHjgIHlronlv4Pjga7ml6XmnKzoo708YnI+PGJyPuOAkOODnuODg+OCreODs+ODquODvCDjgrPjg7Pjg5Hjgq/jg4jjg6zjg7Pjgrjjgqzjg7zjg4kgU1U2NTBY44Gu5Y6f5p2Q5paZ44CRPGJyPuOCrOODvOODieODu+ODu+ODu+OCrOODq+ODkOODquOCpuODoOmLvOadvzxicj7lj5bku5jph5Hlhbfjg7vjg7vjg7vjgqzjg6vjg5Djg6rjgqbjg6Dpi7zmnb8o5Lih6Z2i44OG44O844OX5LuYKeOAgeODnOODq+ODiOOAgeidtuODiuODg+ODiDxicj7lubPluqfph5Hjg7vjg7vjg7vpiYTjgIHkuInkvqHjgq/jg63jg6Hjg7zjg4g8YnI+44CQ6KaP5qC85qaC6KaB44CRPGJyPuacrOS9k+OCteOCpOOCuuODu+ODu+ODu1c1OTUqRDI2NSpIMzAwbW08YnI+5pys5L2T6YeN6YeP44O744O744O7MC43a2c8YnI+44CQ44OW44Op44Oz44OJ44CRPGJyPuODnuODg+OCreODs+ODquODvDxicj48YnI+44CQ55m65aOy5YWD44CB6KO96YCg5YWD44CB6Ly45YWl5YWD5Y+I44Gv6LKp5aOy5YWD44CRPGJyPuODnuODg+OCreODs+ODquODvDxicj48YnI+PGZvbnQgY29sb3I9cmVkPjwvZm9udD48YnI+PGJyPihNY2tpbmxleSBtY2tpbmxleSDjgb7jgaPjgY3jgpPjgorjg7wg44Ks44K544OG44O844OW44OrKTxicj7jg57jg4Pjgq3jg7Pjg6rjg7w8YnI+NDMxLTEzMDMg6Z2Z5bKh55yM5rWc5p2+5biC5YyX5Yy657Sw5rGf55S65LiJ5ZKMMTMxPGJyPjA1My01NDItMDUxNuW6g+WRiuaWh+iyrO+8muagquW8j+S8muekvueIveW/q+ODieODqeODg+OCsDxicj48YnI+W+OCreODg+ODgeODs+Wutumbu+ODu+iqv+eQhuWutumbuy/jg5bjg6njg7Pjg4nvvJrjg57jg4Pjgq3jg7Pjg6rjg7wvXTxicj48YnI+PC9kaXY+PCEtLS0tPg==,44Oe44OD44Kt44Oz44Oq44O8IOOCs+ODs+ODkeOCr+ODiOODrOODs+OCuOOCrOODvOODiSBTVTY1MFgoMeWPsCnjgJDjg57jg4Pjgq3jg7Pjg6rjg7zjgJFb44Os44Oz44K444Ks44O844OJXe+8mueIveW/q+ODieODqeODg+OCsA==,5o6D6Zmk5rSX5r+v5YGl5bq36aOf5ZOB5rC044O744OJ44Oq44Oz44Kv6aOf5paZ5ZOB5Yy76Jas5ZOB44OY44Or44K544Kx44Ki44OZ44OT44O85pel55So5ZOB44OT44Ol44O844OG44Kj5a626Zu744Oa44OD44OI44K544Od44O844OE44Oq44Op44Kv44K844O844K344On44Oz44Oe44OD44Kt44Oz44Oq44O8IOOCs+ODs+ODkeOCr+ODiOODrOODs+OCuOOCrOODvOODiSBTVTY1MFgoMeWPsCnjgJDjg57jg4Pjgq3jg7Pjg6rjg7zjgJFb44Os44Oz44K444Ks44O844OJXQ==,LyDjg57jg4Pjgq3jg7Pjg6rjg7wgLyDjg6zjg7Pjgrjjgqzjg7zjg4nimIXnqI7mipwxOTAw5YaG5Lul5LiK44Gn6YCB5paZ54Sh5paZ4piF44CC44Oe44OD44Kt44Oz44Oq44O8IOOCs+ODs+ODkeOCr+ODiOODrOODs+OCuOOCrOODvOODiSBTVTY1MFgoMeWPsCnjgJDjg57jg4Pjgq3jg7Pjg6rjg7zjgJFb44Os44Oz44K444Ks44O844OJXQ==[rn]
9-88298,aHR0cDovL3RzaG9wLnIxMHMuanAvc291a2FpL2NhYmluZXQvNDgvNDk2NTE1NTMxMDc0OC5qcGc/Zml0aW49NzAwOjcwMA==,MTAyLjQwMDA=,,44Kt44OD44OB44Oz55So5ZOB44O76aOf5Zmo44O76Kq/55CG5Zmo5YW3ID4g44Gd44Gu5LuW,5LiA5p2v55So44Kz44O844OS44O844OJ44Oq44OD44OR44O8IOODnuOCpOODieODquODg+ODlyDnhKHmvILnmb0oMTDmnprlhaUp,4piF56iO5oqcMTkwMOWGhuS7peS4iuOBp+mAgeaWmeeEoeaWmeKYhQ==,PGRpdiBpZD0ncHJkLXBhZ2UnPjxpbWcgc3JjPSdodHRwOi8vd3d3LnJha3V0ZW4ubmUuanAvZ29sZC9zb3VrYWkvaW1hZ2UvMF9yX2NhbS5qcGcnIGJvcmRlcj0nMCc+PGJyPjxicj7jgYrlupdUT1DvvJ7ml6XnlKjlk4HvvJ7oqr/nkIblmajlhbfvvJ7jgrPjg7zjg5Ljg7znlKjlk4HvvJ7kuIDmna/nlKjjgrPjg7zjg5Ljg7zjg4njg6rjg4Pjg5Hjg7wg44Oe44Kk44OJ44Oq44OD44OXIOeEoea8gueZvSAoMTDmnprlhaUpPGJyPjxicj7imIXnqI7mipwxOTAw5YaG5Lul5LiK44Gn6YCB5paZ54Sh5paZ4piFPGJyPjxicj48aW1nIHNyYz0naHR0cDovL2ltYWdlLnJha3V0ZW4uY28uanAvc291a2FpL2NhYmluZXQvejQ4L3o0OTY1MTU1MzEwNzQ4LmpwZycgd2lkdGg9JzEwMCUnPjxicj48YnI+44CQ5LiA5p2v55So44Kz44O844OS44O844OJ44Oq44OD44OR44O8IOODnuOCpOODieODquODg+ODlyDnhKHmvILnmb3jga7llYblk4HoqbPntLDjgJE8YnI+4peP5Zmo5YW344Go44OV44Kj44Or44K/44O844GM44Gy44Go44Gk44Gr44Gq44Gj44Gm44CB57Ch5Y2Y44Gr44Os44Ku44Ol44Op44O844Kz44O844OS44O844KS5ZGz44KP44GI44KLPGJyPuKXj+W+jOWni+acq+OBjOewoeWNmDxicj48YnI+44CQ5LiA5p2v55So44Kz44O844OS44O844OJ44Oq44OD44OR44O8IOODnuOCpOODieODquODg+ODlyDnhKHmvILnmb3jga7ljp/mnZDmlpnjgJE8YnI+5pyq5pmS44KN57SZ44CB5pyq5pmS57SZ44Kz44OD44OX5Y6f57SZPGJyPuOAkOimj+agvOamguimgeOAkTxicj7jgrXjgqTjgrrjg7vjg7vjg7vntIQ4LjcqMTIuOGNtPGJyPjxicj7jgJDnmbrlo7LlhYPjgIHoo73pgKDlhYPjgIHovLjlhaXlhYPlj4jjga/osqnlo7LlhYPjgJE8YnI+44K844Oz44OfPGJyPjxicj7jgrzjg7Pjg588YnI+NjQyLTAwMzMg5ZKM5q2M5bGx55yM5rW35Y2X5biC6bOl5bGFNjQ5LTI8YnI+MDczLTQ4Mi0xMTMzPGJyPjxicj7luoPlkYrmlofosqzvvJrmoKrlvI/kvJrnpL7niL3lv6vjg4njg6njg4PjgrA8YnI+PGJyPlvoqr/nkIblmajlhbddPC9kaXY+PCEtLS0tPg==,5LiA5p2v55So44Kz44O844OS44O844OJ44Oq44OD44OR44O8IOODnuOCpOODieODquODg+ODlyDnhKHmvILnmb0oMTDmnprlhaUp77ya54i95b+r44OJ44Op44OD44Kw,5o6D6Zmk5rSX5r+v5YGl5bq36aOf5ZOB5rC044O744OJ44Oq44Oz44Kv6aOf5paZ5ZOB5Yy76Jas5ZOB44OY44Or44K544Kx44Ki44OZ44OT44O85pel55So5ZOB44OT44Ol44O844OG44Kj5a626Zu744Oa44OD44OI44K544Od44O844OE44Oq44Op44Kv44K844O844K344On44Oz5LiA5p2v55So44Kz44O844OS44O844OJ44Oq44OD44OR44O8IOODnuOCpOODieODquODg+ODlyDnhKHmvILnmb0oMTDmnprlhaUp,4piF56iO5oqcMTkwMOWGhuS7peS4iuOBp+mAgeaWmeeEoeaWmeKYheOAguS4gOadr+eUqOOCs+ODvOODkuODvOODieODquODg+ODkeODvCDjg57jgqTjg4njg6rjg4Pjg5cg54Sh5ryC55m9KDEw5p6a5YWlKQ==[rn]
9-88299,aHR0cDovL3RzaG9wLnIxMHMuanAvc291a2FpL2NhYmluZXQvMTUvNDk2NTE1NTIxMDIxNS5qcGc/Zml0aW49NzAwOjcwMA==,ODguMDAwMA==,,44Kt44OD44OB44Oz55So5ZOB44O76aOf5Zmo44O76Kq/55CG5Zmo5YW3ID4g44Gd44Gu5LuW,44GK6Iy244OR44OD44Kv5aKX6YePKDYwKzEy5p6a5YWlKQ==,4piF56iO5oqcMTkwMOWGhuS7peS4iuOBp+mAgeaWmeeEoeaWmeKYhQ==,PGRpdiBpZD0ncHJkLXBhZ2UnPuOBiuW6l1RPUO+8nuaXpeeUqOWTge+8nuiqv+eQhuWZqOWFt++8nuiqv+eQhuWZqOWFtyDjgZ3jga7ku5bvvJ7jgYrojLbjg5Hjg4Pjgq/lopfph48gKDYwKzEy5p6a5YWlKTxicj48YnI+4piF56iO5oqcMTkwMOWGhuS7peS4iuOBp+mAgeaWmeeEoeaWmeKYhTxicj48YnI+44CQ44GK6Iy244OR44OD44Kv5aKX6YeP44Gu5ZWG5ZOB6Kmz57Sw44CRPGJyPuKXj+OBiuiMtuOBrummmeOCiuODu+WRs+OCkuacgOWkp+mZkOOBq+W8leOBjeWHuuOBmei2heOBhuOBmee0oOadkOOBruOBiuiMtu+8huOBiuiMtuOBoOOBl+ODkeODg+OCrzxicj7il4/plovjgZHlj6PjgavmrrXlt67jgpLjgaTjgZHjgIHplovjgY3jgoTjgZnjgY/jgZfjgb7jgZfjgZ/jgII8YnI+4peP5bqV44Gr44Oe44OB44KS44Gk44GR44Gm44GE44KL44Gu44Gn5b6T5p2l5ZOB44KI44KK44KC5a6J5a6a44GX44CB5pu044Gr5L2/55So5Lit44Gu44G144GP44KJ44G/44Gr5L2Z6KOV44KS44KC44Gf44Gb44Gm44GE44G+44GZ44CCPGJyPuKXj+mjn+WTgeeUqOWIhuaekOippumok+WQiOagvOWTgTxicj7il4/kv53nrqHjgavkvr/liKnjgarjg4Hjg6Pjg4Pjgq/ku5jooos8YnI+PGJyPuOAkOOBiuiMtuODkeODg+OCr+Wil+mHj+OBruWOn+adkOaWmeOAkTxicj7jg53jg6rjgqjjgrnjg4bjg6vjgIHjg53jg6rjgqjjg4Hjg6zjg7M8YnI+44CQ6KaP5qC85qaC6KaB44CRPGJyPuOCteOCpOOCuuODu+ODu+ODu+e0hDkuNSo3Y208YnI+PGJyPuOAkOeZuuWjsuWFg+OAgeijvemAoOWFg+OAgei8uOWFpeWFg+WPiOOBr+iyqeWjsuWFg+OAkTxicj7jgrzjg7Pjg588YnI+PGJyPuOCvOODs+ODnzxicj42NDItMDAzMyDlkozmrYzlsbHnnIzmtbfljZfluILps6XlsYU2NDktMjxicj4wNzMtNDgyLTExMzM8YnI+PGJyPuW6g+WRiuaWh+iyrO+8muagquW8j+S8muekvueIveW/q+ODieODqeODg+OCsDxicj4wNTcwLTY2Ni02MzI8YnI+PGJyPlvoqr/nkIblmajlhbddPC9kaXY+PCEtLS0tPg==,44GK6Iy244OR44OD44Kv5aKX6YePKDYwKzEy5p6a5YWlKe+8mueIveW/q+ODieODqeODg+OCsA==,5o6D6Zmk5rSX5r+v5YGl5bq36aOf5ZOB5rC044O744OJ44Oq44Oz44Kv6aOf5paZ5ZOB5Yy76Jas5ZOB44OY44Or44K544Kx44Ki44OZ44OT44O85pel55So5ZOB44OT44Ol44O844OG44Kj5a626Zu744Oa44OD44OI44K544Od44O844OE44Oq44Op44Kv44K844O844K344On44Oz44GK6Iy244OR44OD44Kv5aKX6YePKDYwKzEy5p6a5YWlKQ==,4piF56iO5oqcMTkwMOWGhuS7peS4iuOBp+mAgeaWmeeEoeaWmeKYheOAguOBiuiMtuODkeODg+OCr+Wil+mHjyg2MCsxMuaemuWFpSk=[rn]
9-88300,aHR0cDovL3RzaG9wLnIxMHMuanAvc291a2FpL2NhYmluZXQvNDcvNDk2NTE1NTIxMDE0Ny5qcGc/Zml0aW49NzAwOjcwMA==,MTIwLjgwMDA=,,44Kt44OD44OB44Oz55So5ZOB44O76aOf5Zmo44O76Kq/55CG5Zmo5YW3ID4g44Gd44Gu5LuW,54Sh5ryC55m944OR44Or44OX5L2/55SoIOOBiuiMtuODkeODg+OCryg2MOaemuWFpSlb44GK6Iy2XQ==,44GK6Iy24piF56iO5oqcMTkwMOWGhuS7peS4iuOBp+mAgeaWmeeEoeaWmeKYhQ==,PGRpdiBpZD0ncHJkLXBhZ2UnPuOBiuW6l1RPUO+8nuaXpeeUqOWTge+8nuOCreODg+ODgeODs+eUqOWTge+8nuOCreODg+ODgeODs+eUqOWTgSDjgZ3jga7ku5bvvJ7nhKHmvILnmb3jg5Hjg6vjg5fkvb/nlKgg44GK6Iy244OR44OD44KvICg2MOaemuWFpSk8YnI+PGJyPuKYheeojuaKnDE5MDDlhobku6XkuIrjgafpgIHmlpnnhKHmlpnimIU8YnI+PGJyPjxpbWcgc3JjPSdodHRwOi8vaW1hZ2UucmFrdXRlbi5jby5qcC9zb3VrYWkvY2FiaW5ldC96NDcvejQ5NjUxNTUyMTAxNDcuanBnJyB3aWR0aD0nMTAwJSc+PGJyPjxicj7jgJDnhKHmvILnmb3jg5Hjg6vjg5fkvb/nlKgg44GK6Iy244OR44OD44Kv44Gu5ZWG5ZOB6Kmz57Sw44CRPGJyPuKXj+WFpeOCjOWPo+OBq+auteW3ruOCkuOBpOOBkemWi+OBjeOChOOBmeOBj+OBl+OBvuOBl+OBn+OAgjxicj7il4/ojLbokYnjga7jgbXjgY/jgonjgb/jgavkvZnoo5XjgYzjgafjgY3jgovjg57jg4Hku5g8YnI+4peP5L+d566h44Gr5L6/5Yip44Gq44OB44Oj44OD44Kv5LuY6KKL5YWlPGJyPjxicj7jgJDnhKHmvILnmb3jg5Hjg6vjg5fkvb/nlKgg44GK6Iy244OR44OD44Kv44Gu5Y6f5p2Q5paZ44CRPGJyPueEoea8gueZveODkeODq+ODl+OAgeODneODquODl+ODreODlOODrOODs+OAgeODneODquOCqOOCueODhuODqzxicj7jgJDopo/moLzmpoLopoHjgJE8YnI+44K144Kk44K644O744O744O757SEOS41KumrmOOBlTdjbTxicj48YnI+44CQ55m65aOy5YWD44CB6KO96YCg5YWD44CB6Ly45YWl5YWD5Y+I44Gv6LKp5aOy5YWD44CRPGJyPuOCvOODs+ODnzxicj48YnI+44K844Oz44OfPGJyPjY0Mi0wMDMzIOWSjOatjOWxseecjOa1t+WNl+W4gumzpeWxhTY0OS0yPGJyPjA3My00ODItMTEzMzxicj48YnI+5bqD5ZGK5paH6LKs77ya5qCq5byP5Lya56S+54i95b+r44OJ44Op44OD44KwPGJyPjA1NzAtNjY2LTYzMjxicj48YnI+W+OCreODg+ODgeODs+eUqOWTgV08L2Rpdj48IS0tLS0+,54Sh5ryC55m944OR44Or44OX5L2/55SoIOOBiuiMtuODkeODg+OCryg2MOaemuWFpSlb44GK6Iy2Xe+8mueIveW/q+ODieODqeODg+OCsA==,5o6D6Zmk5rSX5r+v5YGl5bq36aOf5ZOB5rC044O744OJ44Oq44Oz44Kv6aOf5paZ5ZOB5Yy76Jas5ZOB44OY44Or44K544Kx44Ki44OZ44OT44O85pel55So5ZOB44OT44Ol44O844OG44Kj5a626Zu744Oa44OD44OI44K544Od44O844OE44Oq44Op44Kv44K844O844K344On44Oz54Sh5ryC55m944OR44Or44OX5L2/55SoIOOBiuiMtuODkeODg+OCryg2MOaemuWFpSlb44GK6Iy2XQ==,44GK6Iy24piF56iO5oqcMTkwMOWGhuS7peS4iuOBp+mAgeaWmeeEoeaWmeKYheOAgueEoea8gueZveODkeODq+ODl+S9v+eUqCDjgYrojLbjg5Hjg4Pjgq8oNjDmnprlhaUpW+OBiuiMtl0=[rn]
9-88301,aHR0cDovL3RzaG9wLnIxMHMuanAvc291a2FpL2NhYmluZXQvMjQvNDkwNzEwMzExMTcyNC5qcGc/Zml0aW49NzAwOjcwMA==,MjIwOC4wMDAw,,44Kt44OD44OB44Oz55So5ZOB44O76aOf5Zmo44O76Kq/55CG5Zmo5YW3ID4g44Gd44Gu5LuW,5a+/5Y+45qG2IOiTi+S7mCAzNmNtIOe0hDflkIgoMeOCs+WFpSnjgJDpgIHmlpnnhKHmlpnjgJE=,4piG6YCB5paZ54Sh5paZ4piG,PGRpdiBpZD0ncHJkLXBhZ2UnPuOBiuW6l1RPUO+8nuaXpeeUqOWTge+8nuiqv+eQhuWZqOWFt++8nuWvv+WPuOeUqOWTge+8nuWvv+WPuOahtiDok4vku5ggMzZjbSDntIQ35ZCIICgx44Kz5YWlKTxicj48YnI+4piG6YCB5paZ54Sh5paZ4piGPGJyPjxicj7jgJDlr7/lj7jmobYg6JOL5LuYIDM2Y20g57SEN+WQiOOBruWVhuWTgeips+e0sOOAkTxicj7il4/jgYrlrqLmp5jjga7jgoLjgabjgarjgZfjgavjgIHmiYvlt7vjgY3lr7/lj7jjgpLkvZzjgovmmYLjgavjgbTjgaPjgZ/jgorjgarlr7/lj7jmobY8YnI+4peP5a+/5Y+45qG244Gr44GK57Gz44KS56e744GZ44KL44Go44CB5aSp54S25pyo44Gu6Imv44GE6aaZ44KK44GM44GU6aOv44Gr56e744KK44CB44KI44KK5LiA5bGk44GU6aOv44GM44GK44GE44GX44GP5oSf44GY44KJ44KM44G+44GZ44CCPGJyPuKXj+ODkeODvOODhuOCo+ODvOOBquOBqeOBp+mbhuOBvuOBo+OBn+aZguODu+Wkp+WLouOBp+mbhuOBvuOCi+aZguOBq+OBtOOBo+OBn+OCiuOAgee0hDflkIjjgrXjgqTjgro8YnI+4peP5pel5pys6KO944CB57Ch5Y2Y44Gq5rC05rSX44GE44Gn5L2/55So5Y+v6IO9PGJyPuKXj+OBoeOCieOBl+Wvv+WPuOOChOOBneOBhuOCgeOCk+ODu+OBiuWvv+WPuOOBruebm+OCiuS7mOOBkeOBq+ODu+ODu+ODu+OCouOCpOODh+OCouasoeesrOOBp+W5heW6g+OBj+S9v+eUqOOBp+OBjeOAgee0oOaVteOBqumbsOWbsuawl+OCkua8lOWHuuOBl+OBvuOBmeOAgjxicj48YnI+44CQ5a+/5Y+45qG2IOiTi+S7mCAzNmNtIOe0hDflkIjjga7ljp/mnZDmlpnjgJE8YnI+5pys5L2T44O744O744O744Oi44OfPGJyPuOCv+OCrOODu+ODu+ODu+ODneODquODl+ODreODlOODrOODszxicj7jgJDopo/moLzmpoLopoHjgJE8YnI+5pys5L2T44K144Kk44K644O744O744O757SEMzZjbSoxMWNtPGJyPuacrOS9k+mHjemHj+ODu+ODu+ODu+e0hDEyMjBnPGJyPjxicj7jgJDnmbrlo7LlhYPjgIHoo73pgKDlhYPjgIHovLjlhaXlhYPlj4jjga/osqnlo7LlhYPjgJE8YnI+56uL6Iqx5a655ZmoPGJyPjxicj4o44GZ44GX5qG2IOWvv+WPuOOBiuOBkSDjgbXjgZ/ku5gg44OV44K/5LuYIOiTi+S7mOOBjSk8YnI+PGJyPueri+iKseWuueWZqDxicj43MTQtMTIyNSDlsqHlsbHnnIzlsI/nlLDpg6Hnn6LmjpvnlLrmtYXmtbczODUtMTxicj4wODY2LTgyLTMzMDA8YnI+PGJyPuW6g+WRiuaWh+iyrO+8muagquW8j+S8muekvueIveW/q+ODieODqeODg+OCsDxicj4wNTcwLTY2Ni02MzI8YnI+PGJyPlvoqr/nkIblmajlhbddPC9kaXY+PCEtLS0tPg==,5a+/5Y+45qG2IOiTi+S7mCAzNmNtIOe0hDflkIgoMeOCs+WFpSnjgJDpgIHmlpnnhKHmlpnjgJHvvJrniL3lv6vjg4njg6njg4PjgrA=,5o6D6Zmk5rSX5r+v5YGl5bq36aOf5ZOB5rC044O744OJ44Oq44Oz44Kv6aOf5paZ5ZOB5Yy76Jas5ZOB44OY44Or44K544Kx44Ki44OZ44OT44O85pel55So5ZOB44OT44Ol44O844OG44Kj5a626Zu744Oa44OD44OI44K544Od44O844OE44Oq44Op44Kv44K844O844K344On44Oz5a+/5Y+45qG2IOiTi+S7mCAzNmNtIOe0hDflkIgoMeOCs+WFpSnjgJDpgIHmlpnnhKHmlpnjgJE=,4piG6YCB5paZ54Sh5paZ4piG44CC5a+/5Y+45qG2IOiTi+S7mCAzNmNtIOe0hDflkIgoMeOCs+WFpSnjgJDpgIHmlpnnhKHmlpnjgJE=[rn]
9-88302,aHR0cDovL3RzaG9wLnIxMHMuanAvc291a2FpL2NhYmluZXQvMzkvNDkwNjA1NjIyNDIzOS5qcGc/Zml0aW49NzAwOjcwMA==,Mzk4NS42MDAw,,44Kt44OD44OB44Oz55So5ZOB44O76aOf5Zmo44O76Kq/55CG5Zmo5YW3ID4g44Gd44Gu5LuW,5pyo5pu944GV44KP44KJIOmKheOCv+OCrCDlr7/lj7jpo6/lj7AgMzBjbSgx44Kz5YWlKeOAkOmAgeaWmeeEoeaWmeOAkQ==,4piG6YCB5paZ54Sh5paZ4piG,PGRpdiBpZD0ncHJkLXBhZ2UnPjxpbWcgc3JjPSdodHRwOi8vd3d3LnJha3V0ZW4ubmUuanAvZ29sZC9zb3VrYWkvaW1hZ2UvMF9yX2NhbS5qcGcnIGJvcmRlcj0nMCc+PGJyPjxicj7jgYrlupdUT1DvvJ7ml6XnlKjlk4HvvJ7oqr/nkIblmajlhbfvvJ7lr7/lj7jnlKjlk4HvvJ7mnKjmm73jgZXjgo/jgokg6YqF44K/44KsIOWvv+WPuOmjr+WPsCAzMGNtICgx44Kz5YWlKTxicj48YnI+4piG6YCB5paZ54Sh5paZ4piGPGJyPjxicj48aW1nIHNyYz0naHR0cDovL2ltYWdlLnJha3V0ZW4uY28uanAvc291a2FpL2NhYmluZXQvejM5L3o0OTA2MDU2MjI0MjM5LmpwZycgd2lkdGg9JzEwMCUnPjxicj48YnI+44CQ5pyo5pu944GV44KP44KJIOmKheOCv+OCrCDlr7/lj7jpo6/lj7AgMzBjbeOBruWVhuWTgeips+e0sOOAkTxicj7il4/kvZnliIbjgarmsLTliIbjgpLlkLjjgYTlj5bjgorjgIHjg5njgr/jgaTjgYvjgZrjgIHjgYrjgYTjgZfjgYTlr7/lj7jpo6/jgYzjgafjgY3jgovmnKjoo73jga7po6/lj7DjgafjgZnjgII8YnI+4peP5rm/5rCX44KE6YW444Gr5by344GP44CB5qG25p2Q44Go44GX44Gm44GZ44GQ44KM44Gf5oCn6LOq44KS5oyB44Gh44CB5q666I+M5Yq55p6c44KC44GC44KL5Zu955Sj44Gu5aSp54S25pyo44CM5pyo5pu944GV44KP44KJ44CN44KS5L2/55So44GX44Gm44GE44G+44GZ44CCPGJyPuKXj+OBu+OBruOBi+OBq+mmmeOCi+acqOOBrummmeOCiuOCguOAgeOBiuOBhOOBl+OBleOCkuW8leOBjeeri+OBpuOBvuOBmeOAgjxicj7il4/jgYrlr7/lj7jjgaDjgZHjgafjgarjgY/jgIHkupTnm67po6/jgoTjgYrotaTpo6/jgpLkvZzjgaPjgZ/jgorjgIHjgZ3jgYbjgoHjgpPjgpLlhaXjgozjgZ/jgorjgIHjgYrliLrouqvjgpLjgoLjgaPjgZ/jgorjg7vjg7vjg7vjgqLjgqTjg4fjgqLmrKHnrKzjgafjgYTjgo3jgYTjgo3jgYrkvb/jgYTjgYTjgZ/jgaDjgZHjgb7jgZnjgII8YnI+4peP5piU44GL44KJ5rmv5qG244KE5a+/5Y+45qG244Gr5L2/44KP44KM44Gm44GN44Gf6YqF44K/44Ks44KS5q2i44KB5YW344Go44GX44Gm5L2/55So44GX44Gf5pys5qC85rS+44Gu6aOv5Y+w44Gv44CB5by35bqm44GM44GC44KK6ZW35oyB44Gh44GX44G+44GZ44CCPGJyPuKXj+e0hDTlkIjnlKjjgafjgZnjgII8YnI+PGJyPuOAkOacqOabveOBleOCj+OCiSDpioXjgr/jgqwg5a+/5Y+46aOv5Y+wIDMwY23jga7ljp/mnZDmlpnjgJE8YnI+44GV44KP44KJPGJyPuOAkOimj+agvOamguimgeOAkTxicj7llYblk4HjgrXjgqTjgrrjg7vjg7vjg7szMCozMGNtPGJyPjxicj7jgJDnmbrlo7LlhYPjgIHoo73pgKDlhYPjgIHovLjlhaXlhYPlj4jjga/osqnlo7LlhYPjgJE8YnI+5rGg5bed5pyo5p2QPGJyPjxicj4o44GN44Gd44GV44KP44KJKTxicj48YnI+5rGg5bed5pyo5p2QPGJyPjc4MS0xNjA2IOmrmOefpeecjOWQvuW3nemDoeS7gea3gOW3neeUuuWcn+WxheeUsjc3NS0xPGJyPjA4ODktMzQtMjAxNTxicj48YnI+5bqD5ZGK5paH6LKs77ya5qCq5byP5Lya56S+54i95b+r44OJ44Op44OD44KwPGJyPjxicj5b6Kq/55CG5Zmo5YW3XTwvZGl2PjwhLS0tLT4=,5pyo5pu944GV44KP44KJIOmKheOCv+OCrCDlr7/lj7jpo6/lj7AgMzBjbSgx44Kz5YWlKeOAkOmAgeaWmeeEoeaWmeOAke+8mueIveW/q+ODieODqeODg+OCsA==,5o6D6Zmk5rSX5r+v5YGl5bq36aOf5ZOB5rC044O744OJ44Oq44Oz44Kv6aOf5paZ5ZOB5Yy76Jas5ZOB44OY44Or44K544Kx44Ki44OZ44OT44O85pel55So5ZOB44OT44Ol44O844OG44Kj5a626Zu744Oa44OD44OI44K544Od44O844OE44Oq44Op44Kv44K844O844K344On44Oz5pyo5pu944GV44KP44KJIOmKheOCv+OCrCDlr7/lj7jpo6/lj7AgMzBjbSgx44Kz5YWlKeOAkOmAgeaWmeeEoeaWmeOAkQ==,4piG6YCB5paZ54Sh5paZ4piG44CC5pyo5pu944GV44KP44KJIOmKheOCv+OCrCDlr7/lj7jpo6/lj7AgMzBjbSgx44Kz5YWlKeOAkOmAgeaWmeeEoeaWmeOAkQ==[rn]
9-88303,aHR0cDovL3RzaG9wLnIxMHMuanAvc291a2FpL2NhYmluZXQvMDYvNDkwNjA1NjIyNDQwNi5qcGc/Zml0aW49NzAwOjcwMA==,MzQ2Ny4yMDAw,,44Kt44OD44OB44Oz55So5ZOB44O76aOf5Zmo44O76Kq/55CG5Zmo5YW3ID4g44Gd44Gu5LuW,5pyo5pu944GV44KP44KJIOmjr+WPsOeUqCDok4sgNDJjbSgx44Kz5YWlKeOAkOmAgeaWmeeEoeaWmeOAkQ==,4piG6YCB5paZ54Sh5paZ4piG,PGRpdiBpZD0ncHJkLXBhZ2UnPjxpbWcgc3JjPSdodHRwOi8vd3d3LnJha3V0ZW4ubmUuanAvZ29sZC9zb3VrYWkvaW1hZ2UvMF9yX2NhbS5qcGcnIGJvcmRlcj0nMCc+PGJyPjxicj7jgYrlupdUT1DvvJ7ml6XnlKjlk4HvvJ7oqr/nkIblmajlhbfvvJ7lr7/lj7jnlKjlk4HvvJ7mnKjmm73jgZXjgo/jgokg6aOv5Y+w55SoIOiTiyA0MmNtICgx44Kz5YWlKTxicj48YnI+4piG6YCB5paZ54Sh5paZ4piGPGJyPjxicj48aW1nIHNyYz0naHR0cDovL2ltYWdlLnJha3V0ZW4uY28uanAvc291a2FpL2NhYmluZXQvejA2L3o0OTA2MDU2MjI0NDA2LmpwZycgd2lkdGg9JzEwMCUnPjxicj48YnI+44CQ5pyo5pu944GV44KP44KJIOmjr+WPsOeUqCDok4sgNDJjbeOBruWVhuWTgeips+e0sOOAkTxicj7il4/phaLpo6/jgoTjgYrotaTpo6/nrYnjga7kub7nh6XjgpLpmLLjgZDjgZnjgZfmobbnlKjmnKjoo73ok4vjgafjgZnjgII8YnI+4peP5rm/5rCX44KE6YW444Gr5by344GP44CB5q666I+M5Yq55p6c44KC44GC44KL5Zu955Sj44Gu5aSp54S25pyo44CM5pyo5pu944GV44KP44KJ44CN44KS5L2/55So44GX44Gm44GE44G+44GZ44CCPGJyPjxicj7jgJDmnKjmm73jgZXjgo/jgokg6aOv5Y+w55SoIOiTiyA0MmNt44Gu5Y6f5p2Q5paZ44CRPGJyPuOBleOCj+OCiTxicj7jgJDopo/moLzmpoLopoHjgJE8YnI+5ZWG5ZOB44K144Kk44K644O744O744O7NDIqNDJjbTxicj48YnI+44CQ55m65aOy5YWD44CB6KO96YCg5YWD44CB6Ly45YWl5YWD5Y+I44Gv6LKp5aOy5YWD44CRPGJyPuaxoOW3neacqOadkDxicj48YnI+KOOBjeOBneOBleOCj+OCiSDjgbXjgZ8g44OV44K/KTxicj48YnI+5rGg5bed5pyo5p2QPGJyPjc4MS0xNjA2IOmrmOefpeecjOWQvuW3nemDoeS7gea3gOW3neeUuuWcn+WxheeUsjc3NS0xPGJyPjA4ODktMzQtMjAxNTxicj48YnI+5bqD5ZGK5paH6LKs77ya5qCq5byP5Lya56S+54i95b+r44OJ44Op44OD44KwPGJyPjxicj5b6Kq/55CG5Zmo5YW3XTwvZGl2PjwhLS0tLT4=,5pyo5pu944GV44KP44KJIOmjr+WPsOeUqCDok4sgNDJjbSgx44Kz5YWlKeOAkOmAgeaWmeeEoeaWmeOAke+8mueIveW/q+ODieODqeODg+OCsA==,5o6D6Zmk5rSX5r+v5YGl5bq36aOf5ZOB5rC044O744OJ44Oq44Oz44Kv6aOf5paZ5ZOB5Yy76Jas5ZOB44OY44Or44K544Kx44Ki44OZ44OT44O85pel55So5ZOB44OT44Ol44O844OG44Kj5a626Zu744Oa44OD44OI44K544Od44O844OE44Oq44Op44Kv44K844O844K344On44Oz5pyo5pu944GV44KP44KJIOmjr+WPsOeUqCDok4sgNDJjbSgx44Kz5YWlKeOAkOmAgeaWmeeEoeaWmeOAkQ==,4piG6YCB5paZ54Sh5paZ4piG44CC5pyo5pu944GV44KP44KJIOmjr+WPsOeUqCDok4sgNDJjbSgx44Kz5YWlKeOAkOmAgeaWmeeEoeaWmeOAkQ==[rn]
9-88304,aHR0cDovL3RzaG9wLnIxMHMuanAvc291a2FpL2NhYmluZXQvMjgvNDk4OTA4Mjc2MjEyOC5qcGc/Zml0aW49NzAwOjcwMA==,MTUwOC44MDAw,,44Kt44OD44OB44Oz55So5ZOB44O76aOf5Zmo44O76Kq/55CG5Zmo5YW3ID4g44Gd44Gu5LuW,5pep5oqA77yB5o+h44KK5a+/5Y+444OI44Oz5YW3KDHjgrPlhaUpW+OCreODg+ODgeODs+eUqOWTgV0=,44Kt44OD44OB44Oz55So5ZOB4piF56iO5oqcMTkwMOWGhuS7peS4iuOBp+mAgeaWmeeEoeaWmeKYhQ==,PGRpdiBpZD0ncHJkLXBhZ2UnPjxpbWcgc3JjPSdodHRwOi8vd3d3LnJha3V0ZW4ubmUuanAvZ29sZC9zb3VrYWkvaW1hZ2UvMF9yX2NhbS5qcGcnIGJvcmRlcj0nMCc+PGJyPjxicj7jgYrlupdUT1DvvJ7ml6XnlKjlk4HvvJ7oqr/nkIblmajlhbfvvJ7lr7/lj7jnlKjlk4HvvJ7ml6nmioDvvIHmj6Hjgorlr7/lj7jjg4jjg7PlhbcgKDHjgrPlhaUpPGJyPjxicj7imIXnqI7mipwxOTAw5YaG5Lul5LiK44Gn6YCB5paZ54Sh5paZ4piFPGJyPjxicj48aW1nIHNyYz0naHR0cDovL2ltYWdlLnJha3V0ZW4uY28uanAvc291a2FpL2NhYmluZXQvejI4L3o0OTg5MDgyNzYyMTI4LmpwZycgd2lkdGg9JzEwMCUnPjxicj48YnI+44CQ5pep5oqA77yB5o+h44KK5a+/5Y+444OI44Oz5YW344Gu5ZWG5ZOB6Kmz57Sw44CRPGJyPuKXj+OBlOWutuW6reOBp+ODl+ODgei0heayouOAguiBt+S6uuOBruaPoeOCiuWvv+WPuOOBjOiqsOOBp+OCguewoeWNmOOBqzxicj7il4/kvZzjgormlrnjga/nsKHljZjvvIHmiYvjgpLmsZrjgZXjgZrjgavniYfmiYvjgafjgrnjg5Tjg7zjg4fjgqPjgavmj6Hjgozjgb7jgZnjgII8YnI+4peP6YeO6I+c44KE44GK6IKJ44Gq44Gp44KS44Gu44Gb44Gm44KCT0vvvIHjgqTjg63jgqTjg63jgarjgYrlr7/lj7jjgYzmpb3jgZfjgoHjgb7jgZnjgII8YnI+4peP44OI44Oz44Kw5byP44Gq44Gu44Gn44CB5o+h44Gj44Gm44Gd44Gu44G+44G+44CM44OY44Kk77yB44GK5b6F44Gh44CNPGJyPuKXj+WPo+OBruS4reOBp+OBu+OBqeOBkeOCi+e1tuWmmeOBquaPoeOCiuOCkuWun+ePvjxicj48YnI+44CQ5pep5oqA77yB5o+h44KK5a+/5Y+444OI44Oz5YW344Gu5Y6f5p2Q5paZ44CRPGJyPuaPoeOCiuODj+ODs+ODieOAgeODnOODh+OCo+OAgeODleODg+OCr+ODu+ODu+ODu+ODneODquODl+ODreODlOODrOODszxicj7jgqLjg7zjg6Djg7vjg7vjg7vjgrnjg4bjg7Pjg6zjgrnpi7w8YnI+44CQ6KaP5qC85qaC6KaB44CRPGJyPuijveWTgeOCteOCpOOCuijntIQp44O744O744O75bmFNzAq5aWl6KGMKOWFqOmVtykyNjAq6auY44GVNjVtbTxicj7ogJDnhrHmuKnluqbjg7vjg7vjg7sxMTDluqY8YnI+PGJyPuOAkOeZuuWjsuWFg+OAgeijvemAoOWFg+OAgei8uOWFpeWFg+WPiOOBr+iyqeWjsuWFg+OAkTxicj7jgqLjg7zjg43jgrnjg4g8YnI+PGJyPijmj6Hjgorlr7/lj7jjg4jjg7PjgrApPGJyPjxicj4vKC9GMjE0OTA3LykvPGJyPjxicj7jgqLjg7zjg43jgrnjg4g8YnI+OTU5LTExNTYg5paw5r2f55yM5LiJ5p2h5biC56aP5bO25paw55SwODU4PGJyPjAxMjAtNDItMjUyNTxicj48YnI+5bqD5ZGK5paH6LKs77ya5qCq5byP5Lya56S+54i95b+r44OJ44Op44OD44KwPGJyPjxicj5b6Kq/55CG5Zmo5YW3XTwvZGl2PjwhLS0tLT4=,5pep5oqA77yB5o+h44KK5a+/5Y+444OI44Oz5YW3KDHjgrPlhaUpW+OCreODg+ODgeODs+eUqOWTgV3vvJrniL3lv6vjg4njg6njg4PjgrA=,5o6D6Zmk5rSX5r+v5YGl5bq36aOf5ZOB5rC044O744OJ44Oq44Oz44Kv6aOf5paZ5ZOB5Yy76Jas5ZOB44OY44Or44K544Kx44Ki44OZ44OT44O85pel55So5ZOB44OT44Ol44O844OG44Kj5a626Zu744Oa44OD44OI44K544Od44O844OE44Oq44Op44Kv44K844O844K344On44Oz5pep5oqA77yB5o+h44KK5a+/5Y+444OI44Oz5YW3KDHjgrPlhaUpW+OCreODg+ODgeODs+eUqOWTgV0=,44Kt44OD44OB44Oz55So5ZOB4piF56iO5oqcMTkwMOWGhuS7peS4iuOBp+mAgeaWmeeEoeaWmeKYheOAguaXqeaKgO+8geaPoeOCiuWvv+WPuOODiOODs+WFtygx44Kz5YWlKVvjgq3jg4Pjg4Hjg7PnlKjlk4Fd[rn]
9-88305,aHR0cDovL3RzaG9wLnIxMHMuanAvc291a2FpL2NhYmluZXQvODQvNDkwNjA1NjIyNDI4NC5qcGc/Zml0aW49NzAwOjcwMA==,ODc0MC44MDAw,,44Kt44OD44OB44Oz55So5ZOB44O76aOf5Zmo44O76Kq/55CG5Zmo5YW3ID4g44Gd44Gu5LuW,5pyo5pu944GV44KP44KJIOmKheOCv+OCrCDlr7/lj7jpo6/lj7AgNDVjbSgx44Kz5YWlKeOAkOmAgeaWmeeEoeaWmeOAkQ==,4piG6YCB5paZ54Sh5paZ4piG,PGRpdiBpZD0ncHJkLXBhZ2UnPjxpbWcgc3JjPSdodHRwOi8vd3d3LnJha3V0ZW4ubmUuanAvZ29sZC9zb3VrYWkvaW1hZ2UvMF9yX2NhbS5qcGcnIGJvcmRlcj0nMCc+PGJyPjxicj7jgYrlupdUT1DvvJ7ml6XnlKjlk4HvvJ7oqr/nkIblmajlhbfvvJ7lr7/lj7jnlKjlk4HvvJ7mnKjmm73jgZXjgo/jgokg6YqF44K/44KsIOWvv+WPuOmjr+WPsCA0NWNtICgx44Kz5YWlKTxicj48YnI+4piG6YCB5paZ54Sh5paZ4piGPGJyPjxicj48aW1nIHNyYz0naHR0cDovL2ltYWdlLnJha3V0ZW4uY28uanAvc291a2FpL2NhYmluZXQvejg0L3o0OTA2MDU2MjI0Mjg0LmpwZycgd2lkdGg9JzEwMCUnPjxicj48YnI+44CQ5pyo5pu944GV44KP44KJIOmKheOCv+OCrCDlr7/lj7jpo6/lj7AgNDVjbeOBruWVhuWTgeips+e0sOOAkTxicj7il4/kvZnliIbjgarmsLTliIbjgpLlkLjjgYTlj5bjgorjgIHjg5njgr/jgaTjgYvjgZrjgIHjgYrjgYTjgZfjgYTlr7/lj7jpo6/jgYzjgafjgY3jgovmnKjoo73jga7po6/lj7DjgafjgZnjgII8YnI+4peP5rm/5rCX44KE6YW444Gr5by344GP44CB5qG25p2Q44Go44GX44Gm44GZ44GQ44KM44Gf5oCn6LOq44KS5oyB44Gh44CB5q666I+M5Yq55p6c44KC44GC44KL5Zu955Sj44Gu5aSp54S25pyo44CM5pyo5pu944GV44KP44KJ44CN44KS5L2/55So44GX44Gm44GE44G+44GZ44CCPGJyPuKXj+OBu+OBruOBi+OBq+mmmeOCi+acqOOBrummmeOCiuOCguOAgeOBiuOBhOOBl+OBleOCkuW8leOBjeeri+OBpuOBvuOBmeOAgjxicj7il4/jgYrlr7/lj7jjgaDjgZHjgafjgarjgY/jgIHkupTnm67po6/jgoTjgYrotaTpo6/jgpLkvZzjgaPjgZ/jgorjgIHjgZ3jgYbjgoHjgpPjgpLlhaXjgozjgZ/jgorjgIHjgYrliLrouqvjgpLjgoLjgaPjgZ/jgorjg7vjg7vjg7vjgqLjgqTjg4fjgqLmrKHnrKzjgafjgYTjgo3jgYTjgo3jgYrkvb/jgYTjgYTjgZ/jgaDjgZHjgb7jgZnjgII8YnI+4peP5piU44GL44KJ5rmv5qG244KE5a+/5Y+45qG244Gr5L2/44KP44KM44Gm44GN44Gf6YqF44K/44Ks44KS5q2i44KB5YW344Go44GX44Gm5L2/55So44GX44Gf5pys5qC85rS+44Gu6aOv5Y+w44Gv44CB5by35bqm44GM44GC44KK6ZW35oyB44Gh44GX44G+44GZ44CCPGJyPuKXj+e0hDHljYc15ZCI772eMuWNh+eUqOOBp+OBmeOAgjxicj48YnI+44CQ5pyo5pu944GV44KP44KJIOmKheOCv+OCrCDlr7/lj7jpo6/lj7AgNDVjbeOBruWOn+adkOaWmeOAkTxicj7jgZXjgo/jgok8YnI+44CQ6KaP5qC85qaC6KaB44CRPGJyPuWVhuWTgeOCteOCpOOCuuODu+ODu+ODuzQ1KjQ1Y208YnI+PGJyPuOAkOeZuuWjsuWFg+OAgeijvemAoOWFg+OAgei8uOWFpeWFg+WPiOOBr+iyqeWjsuWFg+OAkTxicj7msaDlt53mnKjmnZA8YnI+PGJyPijjgY3jgZ3jgZXjgo/jgokpPGJyPjxicj7msaDlt53mnKjmnZA8YnI+NzgxLTE2MDYg6auY55+l55yM5ZC+5bed6YOh5LuB5reA5bed55S65Zyf5bGF55SyNzc1LTE8YnI+MDg4OS0zNC0yMDE1PGJyPjxicj7luoPlkYrmlofosqzvvJrmoKrlvI/kvJrnpL7niL3lv6vjg4njg6njg4PjgrA8YnI+PGJyPlvoqr/nkIblmajlhbddPC9kaXY+PCEtLS0tPg==,5pyo5pu944GV44KP44KJIOmKheOCv+OCrCDlr7/lj7jpo6/lj7AgNDVjbSgx44Kz5YWlKeOAkOmAgeaWmeeEoeaWmeOAke+8mueIveW/q+ODieODqeODg+OCsA==,5o6D6Zmk5rSX5r+v5YGl5bq36aOf5ZOB5rC044O744OJ44Oq44Oz44Kv6aOf5paZ5ZOB5Yy76Jas5ZOB44OY44Or44K544Kx44Ki44OZ44OT44O85pel55So5ZOB44OT44Ol44O844OG44Kj5a626Zu744Oa44OD44OI44K544Od44O844OE44Oq44Op44Kv44K844O844K344On44Oz5pyo5pu944GV44KP44KJIOmKheOCv+OCrCDlr7/lj7jpo6/lj7AgNDVjbSgx44Kz5YWlKeOAkOmAgeaWmeeEoeaWmeOAkQ==,4piG6YCB5paZ54Sh5paZ4piG44CC5pyo5pu944GV44KP44KJIOmKheOCv+OCrCDlr7/lj7jpo6/lj7AgNDVjbSgx44Kz5YWlKeOAkOmAgeaWmeeEoeaWmeOAkQ==[rn]
9-88306,aHR0cDovL3RzaG9wLnIxMHMuanAvc291a2FpL2NhYmluZXQvNDMvNDk2NTE1NTIxMTI0My5qcGc/Zml0aW49NzAwOjcwMA==,MTIwLjgwMDA=,,44Kt44OD44OB44Oz55So5ZOB44O76aOf5Zmo44O76Kq/55CG5Zmo5YW3ID4g44Gd44Gu5LuW,54Sh5ryC55m944OR44Or44OX5L2/55SoIOOBiuiMtuODu+OBoOOBl+ODkeODg+OCr0woMzLmnprlhaUpW+OBiuiMtl0=,44GK6Iy24piF56iO5oqcMTkwMOWGhuS7peS4iuOBp+mAgeaWmeeEoeaWmeKYhQ==,PGRpdiBpZD0ncHJkLXBhZ2UnPuOBiuW6l1RPUO+8nuaXpeeUqOWTge+8nuOCreODg+ODgeODs+eUqOWTge+8nuOCreODg+ODgeODs+eUqOWTgSDjgZ3jga7ku5bvvJ7nhKHmvILnmb3jg5Hjg6vjg5fkvb/nlKgg44GK6Iy244O744Gg44GX44OR44OD44KvTCAoMzLmnprlhaUpPGJyPjxicj7imIXnqI7mipwxOTAw5YaG5Lul5LiK44Gn6YCB5paZ54Sh5paZ4piFPGJyPjxicj48aW1nIHNyYz0naHR0cDovL2ltYWdlLnJha3V0ZW4uY28uanAvc291a2FpL2NhYmluZXQvejQzL3o0OTY1MTU1MjExMjQzLmpwZycgd2lkdGg9JzEwMCUnPjxicj48YnI+44CQ54Sh5ryC55m944OR44Or44OX5L2/55SoIOOBiuiMtuODu+OBoOOBl+ODkeODg+OCr0zjga7llYblk4HoqbPntLDjgJE8YnI+4peP5YWl44KM5Y+j44Gr5q615beu44KS44Gk44GR6ZaL44GN44KE44GZ44GP44GX44G+44GX44Gf44CCPGJyPuKXj+iMtuiRieOBruOBteOBj+OCieOBv+OBq+S9meijleOBjOOBp+OBjeOCi+ODnuODgeS7mDxicj7il4/kv53nrqHjgavkvr/liKnjgarjg4Hjg6Pjg4Pjgq/ku5jooovlhaU8YnI+PGJyPuOAkOeEoea8gueZveODkeODq+ODl+S9v+eUqCDjgYrojLbjg7vjgaDjgZfjg5Hjg4Pjgq9M44Gu5Y6f5p2Q5paZ44CRPGJyPueEoea8gueZveODkeODq+ODl+OAgeODneODquODl+ODreODlOODrOODs+OAgeODneODquOCqOOCueODhuODqzxicj7jg7vom43lhYnotIjnmb3liaTjg7tQQ0Ljg7vjg5vjg6vjg6DjgqLjg6vjg4fjg5Ljg4njga/jgIHkuIDliIfkvb/nlKjjgZfjgabjgYTjgb7jgZvjgpM8YnI+44CQ6KaP5qC85qaC6KaB44CRPGJyPuOCteOCpOOCuuODu+ODu+ODu+e0hDEyKumrmOOBlTExY208YnI+PGJyPuOAkOeZuuWjsuWFg+OAgeijvemAoOWFg+OAgei8uOWFpeWFg+WPiOOBr+iyqeWjsuWFg+OAkTxicj7jgrzjg7Pjg588YnI+PGJyPijjgYrojLbjg7vlh7rmsYHjg5Hjg4Pjgq8g44GK6Iy244OR44OD44KvIOOBoOOBl+ODkeODg+OCryk8YnI+PGJyPuOCvOODs+ODnzxicj42NDItMDAzMyDlkozmrYzlsbHnnIzmtbfljZfluILps6XlsYU2NDktMjxicj4wNzMtNDgyLTExMzM8YnI+PGJyPuW6g+WRiuaWh+iyrO+8muagquW8j+S8muekvueIveW/q+ODieODqeODg+OCsDxicj4wNTcwLTY2Ni02MzI8YnI+PGJyPlvjgq3jg4Pjg4Hjg7PnlKjlk4FdPC9kaXY+PCEtLS0tPg==,54Sh5ryC55m944OR44Or44OX5L2/55SoIOOBiuiMtuODu+OBoOOBl+ODkeODg+OCr0woMzLmnprlhaUpW+OBiuiMtl3vvJrniL3lv6vjg4njg6njg4PjgrA=,5o6D6Zmk5rSX5r+v5YGl5bq36aOf5ZOB5rC044O744OJ44Oq44Oz44Kv6aOf5paZ5ZOB5Yy76Jas5ZOB44OY44Or44K544Kx44Ki44OZ44OT44O85pel55So5ZOB44OT44Ol44O844OG44Kj5a626Zu744Oa44OD44OI44K544Od44O844OE44Oq44Op44Kv44K844O844K344On44Oz54Sh5ryC55m944OR44Or44OX5L2/55SoIOOBiuiMtuODu+OBoOOBl+ODkeODg+OCr0woMzLmnprlhaUpW+OBiuiMtl0=,44GK6Iy24piF56iO5oqcMTkwMOWGhuS7peS4iuOBp+mAgeaWmeeEoeaWmeKYheOAgueEoea8gueZveODkeODq+ODl+S9v+eUqCDjgYrojLbjg7vjgaDjgZfjg5Hjg4Pjgq9MKDMy5p6a5YWlKVvjgYrojLZd[rn]
9-88307,aHR0cDovL3RzaG9wLnIxMHMuanAvc291a2FpL2NhYmluZXQvNTAvNDk4OTA4Mjc1OTA1MC5qcGc/Zml0aW49NzAwOjcwMA==,MTAyMi40MDAw,,44Kt44OD44OB44Oz55So5ZOB44O76aOf5Zmo44O76Kq/55CG5Zmo5YW3ID4g44Gd44Gu5LuW,5Yi35q+b44GM5rSX44GI44KL5rK544Gy44GNKDHjgrPlhaUpW+OCreODg+ODgeODs+eUqOWTgV0=,44Kt44OD44OB44Oz55So5ZOB4piF56iO5oqcMTkwMOWGhuS7peS4iuOBp+mAgeaWmeeEoeaWmeKYhQ==,PGRpdiBpZD0ncHJkLXBhZ2UnPjxpbWcgc3JjPSdodHRwOi8vd3d3LnJha3V0ZW4ubmUuanAvZ29sZC9zb3VrYWkvaW1hZ2UvMF9yX2NhbS5qcGcnIGJvcmRlcj0nMCc+PGJyPjxicj7jgYrlupdUT1DvvJ7ml6XnlKjlk4HvvJ7jgq3jg4Pjg4Hjg7PnlKjlk4HvvJ7oqr/nkIblmajlhbfvvJ7liLfmr5vjgYzmtJfjgYjjgovmsrnjgbLjgY0gKDHjgrPlhaUpPGJyPjxicj7imIXnqI7mipwxOTAw5YaG5Lul5LiK44Gn6YCB5paZ54Sh5paZ4piFPGJyPjxicj48aW1nIHNyYz0naHR0cDovL2ltYWdlLnJha3V0ZW4uY28uanAvc291a2FpL2NhYmluZXQvejUwL3o0OTg5MDgyNzU5MDUwLmpwZycgd2lkdGg9JzEwMCUnPjxicj48aW1nIHNyYz0naHR0cDovL2ltYWdlLnJha3V0ZW4uY28uanAvc291a2FpL2NhYmluZXQvejUwL3o0OTg5MDgyNzU5MDUwLTIuanBnJyB3aWR0aD0nMTAwJSc+PGJyPjxpbWcgc3JjPSdodHRwOi8vaW1hZ2UucmFrdXRlbi5jby5qcC9zb3VrYWkvY2FiaW5ldC96NTAvejQ5ODkwODI3NTkwNTAtMy5qcGcnIHdpZHRoPScxMDAlJz48YnI+PGltZyBzcmM9J2h0dHA6Ly9pbWFnZS5yYWt1dGVuLmNvLmpwL3NvdWthaS9jYWJpbmV0L3o1MC96NDk4OTA4Mjc1OTA1MC00LmpwZycgd2lkdGg9JzEwMCUnPjxicj48aW1nIHNyYz0naHR0cDovL2ltYWdlLnJha3V0ZW4uY28uanAvc291a2FpL2NhYmluZXQvejUwL3o0OTg5MDgyNzU5MDUwLTUuanBnJyB3aWR0aD0nMTAwJSc+PGJyPjxpbWcgc3JjPSdodHRwOi8vaW1hZ2UucmFrdXRlbi5jby5qcC9zb3VrYWkvY2FiaW5ldC96NTAvejQ5ODkwODI3NTkwNTAtNi5qcGcnIHdpZHRoPScxMDAlJz48YnI+PGJyPuOAkOWIt+avm+OBjOa0l+OBiOOCi+ayueOBsuOBjeOBruWVhuWTgeips+e0sOOAkTxicj7il4/jgb7jgovjgZTjgajmtJfjgYjjgovjgrfjg6rjgrPjg7Poo73jga7liLfmr5vjgYzku5jjgYTjgabjgYTjgovmsrnlvJXjgY08YnI+4peP44OZ44K/44Gk44GE44Gm44GK5omL5YWl44KM44GX44Gl44KJ44GE5oKp44G/44KS6Kej5raI44GX44G+44GZ44CCPGJyPuKXj+e0sOOBj+azqOOBkuOAgeayueWIh+OCjOOBruiJr+OBhOODjuOCuuODq+OBqOOAgeiWhOOBj+OBruOBsOOBm+OCi+WIt+avm+OBp+S9meWIhuOBquayueOCkuOCq+ODg+ODiOOBp+OBjeOBvuOBmeOAgjxicj7il4/jgZ/jgZPnhLzjgY3jgoTjgYrlpb3jgb/nhLzjgY3jga/jgoLjgaHjgo3jgpPjgIHjgYrlvIHlvZPjgavkurrmsJfjga7njonlrZDnhLzjgY3jgoTjgIHjg5vjg4Pjg4jjgrHjg7zjgq3jgoTjgq/jg6zjg7zjg5fjgarjganjga7jgYroj5PlrZDkvZzjgorjgavjgoLkvb/nlKjjgafjgY3jgb7jgZnjgII8YnI+4peP44GK5b6z55So44Oc44OI44Or44GL44KJ56e744GX5aSJ44GI44KL44GT44Go44Gn5rK544Gu5L2/44GE44GZ44GO44KS6Ziy5q2i44GX44CB5aC05omA44KS44Go44KJ44Ga44CB44K544Oe44O844OI44Gr5L+d566h44Gn44GN44G+44GZ44CCPGJyPjxicj7jgJDliLfmr5vjgYzmtJfjgYjjgovmsrnjgbLjgY3jga7ljp/mnZDmlpnjgJE8YnI+QVPmqLnohILjgIHjgrfjg6rjgrPjg7zjg7PjgrTjg6A8YnI+44CQ6KaP5qC85qaC6KaB44CRPGJyPuOCteOCpOOCuuODu+ODu+ODu+e0hOebtOW+hDUuNSrpq5jjgZUxNy41Y208YnI+6ICQ54ax5rip5bqm44O744O744O757SEODDluqYo44OP44Kx6YOoMjMw5bqmKTxicj48YnI+44CQ55m65aOy5YWD44CB6KO96YCg5YWD44CB6Ly45YWl5YWD5Y+I44Gv6LKp5aOy5YWD44CRPGJyPuOCouODvOODjeOCueODiDxicj48YnI+KOOBr+OBkSDjg4/jgrEg44GC44KJ44GI44KLIOOBguOBtuOCieOBsuOBjSDjgqLjg5bjg6njg5Ljgq0pPGJyPjxicj7jgqLjg7zjg43jgrnjg4g8YnI+OTU5LTExNTYg5paw5r2f55yM5LiJ5p2h5biC56aP5bO25paw55SwODU4PGJyPjAxMjAtNDItMjUyNTxicj48YnI+5bqD5ZGK5paH6LKs77ya5qCq5byP5Lya56S+54i95b+r44OJ44Op44OD44KwPGJyPjxicj5b44Kt44OD44OB44Oz55So5ZOBXTwvZGl2PjwhLS0tLT4=,5Yi35q+b44GM5rSX44GI44KL5rK544Gy44GNKDHjgrPlhaUpW+OCreODg+ODgeODs+eUqOWTgV3vvJrniL3lv6vjg4njg6njg4PjgrA=,5o6D6Zmk5rSX5r+v5YGl5bq36aOf5ZOB5rC044O744OJ44Oq44Oz44Kv6aOf5paZ5ZOB5Yy76Jas5ZOB44OY44Or44K544Kx44Ki44OZ44OT44O85pel55So5ZOB44OT44Ol44O844OG44Kj5a626Zu744Oa44OD44OI44K544Od44O844OE44Oq44Op44Kv44K844O844K344On44Oz5Yi35q+b44GM5rSX44GI44KL5rK544Gy44GNKDHjgrPlhaUpW+OCreODg+ODgeODs+eUqOWTgV0=,44Kt44OD44OB44Oz55So5ZOB4piF56iO5oqcMTkwMOWGhuS7peS4iuOBp+mAgeaWmeeEoeaWmeKYheOAguWIt+avm+OBjOa0l+OBiOOCi+ayueOBsuOBjSgx44Kz5YWlKVvjgq3jg4Pjg4Hjg7PnlKjlk4Fd[rn]
9-88308,aHR0cDovL3RzaG9wLnIxMHMuanAvc291a2FpL2NhYmluZXQvNTEvNDk2NDkzNDgzNDQ1MS5qcGc/Zml0aW49NzAwOjcwMA==,NjUyLjAwMDA=,,44Kt44OD44OB44Oz55So5ZOB44O76aOf5Zmo44O76Kq/55CG5Zmo5YW3ID4g44Gd44Gu5LuW,44Kz44Kz44K544OV44Kj44Or44K/44O8IDg3MDI1NjEoMjDmnprlhaUpW+OCreODg+ODgeODs+eUqOWTgV0=,44Kt44OD44OB44Oz55So5ZOB4piF56iO5oqcMTkwMOWGhuS7peS4iuOBp+mAgeaWmeeEoeaWmeKYhQ==,PGRpdiBpZD0ncHJkLXBhZ2UnPjxpbWcgc3JjPSdodHRwOi8vd3d3LnJha3V0ZW4ubmUuanAvZ29sZC9zb3VrYWkvaW1hZ2UvMF9yX2NhbS5qcGcnIGJvcmRlcj0nMCc+PGJyPjxicj7jgYrlupdUT1DvvJ7ml6XnlKjlk4HvvJ7ml6XnlKjlk4Eg44Gd44Gu5LuW77ye5pel55So5ZOBIOOBneOBruS7lu+8nuOCs+OCs+OCueODleOCo+ODq+OCv+ODvCA4NzAyNTYxICgyMOaemuWFpSk8YnI+PGJyPuKYheeojuaKnDE5MDDlhobku6XkuIrjgafpgIHmlpnnhKHmlpnimIU8YnI+PGJyPuOAkOOCs+OCs+OCueODleOCo+ODq+OCv+ODvCA4NzAyNTYx44Gu5ZWG5ZOB6Kmz57Sw44CRPGJyPuKXj+S6uuawl+OBruWkqeOBt+OCieOChOODleODqeOCpOOAgeOBp+OCguayueOBruW+jOWni+acq+OBjOmdouWAkuOBp+aZgumWk+OBjOOBi+OBi+OCi+OAgeOBj+OCiui/lOOBl+S9v+OBhuOBqOiJsuOBjOecn+OBo+m7kuOBoOOBl+OAgeODi+OCquOCpOenu+OCiuOCguawl+OBq+OBquOCi+OAgemrmOOBhOayueOBoOOBi+OCieOCguOBo+OBqOOBj+OCiui/lOOBl+S9v+OBiOOBn+OCieOBhOOBhOOBruOBq+ODu+ODu+ODu+OBquOCk+OBpuaAneOCj+OCjOOBpuOBhOOCi+iytOWls+OBq+OCquOCueOCueODoe+8gTxicj7il4/oqr/nkIblvozjga7lpKnjgbfjgonmsrnjgpLluILosqnjga7jgqrjgqTjg6vjg53jg4Pjg4jjgarjganjgavnp7vjgZnmmYLjgavjgIHjgqLjg5/jga7kuIrjgavjgZPjga7jg5XjgqPjg6vjgr/jg7zjgpLjga7jgZvjgovjgaDjgZHvvIE8YnI+4peP5rK544GL44GZ44Gq44Gp44GM5rqc44G+44KL44Gg44GR44Gn44Gq44GP44CB5LuK44G+44Gn5LiA6Iis44Gu44OV44Kj44Or44K/44O844Gn5Y+W44KK44GN44KM44Gq44GL44Gj44Gf5LiN57SU54mp44KS44CB6KGo6Z2i44Gr44OX44Oq44Oz44OI44GV44KM44Gf44Ok44K35q675rS75oCn54Kt44CM5rS75Yqb54Kt44CN44GM5ZC4552APGJyPuKXj+OCjemBjuOBleOCjOOBn+ayueOBr+OAgeS7iuOBvuOBp+OBqOmBleOBo+OBn+e+juOBl+OBleOCkuOCreODvOODl+OBl+OAgea6nOOBvuOBo+OBn+ayueOBi+OBmeOBr+OAgeOBneOBruOBvuOBvuODleOCo+ODq+OCv+ODvOOBlOOBqOOCtOODn+euseOBuDxicj7il4/jgqrjgqTjg6vjg53jg4Pjg4jjga7jgqLjg5/jgavjga/msrnjgYvjgZnjgYzku5jjgYvjgarjgYTjga7jgafjgIHlvozlp4vmnKvjgoLlpKflpInjgrnjg57jg7zjg4jjgas8YnI+4peP44GT44KM44Gn5rK544Gv5LuK44G+44Gn44KI44KK44KC5aSa44GP44GP44KK6L+U44GX5L2/55So44Gn44GN44KL44Gu44Gn44CB6auY44GE5aSp44G344KJ5rK544Gn44KC57WM5riI55qE44Gr44CB44Gd44GX44Gm5Zyw55CD55Kw5aKD44Gr44KC5LiA5b25PGJyPuKXj+S9leOCiOOCiuOCgumdouWAkuOBquayueOBruW+jOWHpueQhuOBjOewoeWNmOOBq+OBp+OBjeOBvuOBme+8gTxicj48YnI+44CQ44Kz44Kz44K544OV44Kj44Or44K/44O8IDg3MDI1NjHjga7ljp/mnZDmlpnjgJE8YnI+5LiN57mU5biDKOe2vynjgIHjg6TjgrfmrrzmtLvmgKfngq3jgIzmtLvlipvngq0g44CN44CB5rS75oCn55m95Zyf44CB44K844Kq44Op44Kk44OI5LuWPGJyPuOAkOimj+agvOamguimgeOAkTxicj7jg7vjgrXjgqTjgrrjg7vjg7vjg7sx5p6a5b2T44KK77yP57SEMTYqMTZjbTxicj48YnI+44CQ55m65aOy5YWD44CB6KO96YCg5YWD44CB6Ly45YWl5YWD5Y+I44Gv6LKp5aOy5YWD44CRPGJyPuW+jOiXpDxicj48YnI+KDg3MDI1NjEgMjDmnprntYQpPGJyPjxicj7lvozol6Q8YnI+NTk2LTAwMDMg5aSn6Ziq5bqc5bK45ZKM55Sw5biC5Lit5LqV55S6My0yMi0xPGJyPjA3Mi00NDEtMDUxMDxicj48YnI+5bqD5ZGK5paH6LKs77ya5qCq5byP5Lya56S+54i95b+r44OJ44Op44OD44KwPGJyPjxicj5b5pel55So5ZOBIOOBneOBruS7ll08L2Rpdj48IS0tLS0+,44Kz44Kz44K544OV44Kj44Or44K/44O8IDg3MDI1NjEoMjDmnprlhaUpW+OCreODg+ODgeODs+eUqOWTgV3vvJrniL3lv6vjg4njg6njg4PjgrA=,5o6D6Zmk5rSX5r+v5YGl5bq36aOf5ZOB5rC044O744OJ44Oq44Oz44Kv6aOf5paZ5ZOB5Yy76Jas5ZOB44OY44Or44K544Kx44Ki44OZ44OT44O85pel55So5ZOB44OT44Ol44O844OG44Kj5a626Zu744Oa44OD44OI44K544Od44O844OE44Oq44Op44Kv44K844O844K344On44Oz44Kz44Kz44K544OV44Kj44Or44K/44O8IDg3MDI1NjEoMjDmnprlhaUpW+OCreODg+ODgeODs+eUqOWTgV0=,44Kt44OD44OB44Oz55So5ZOB4piF56iO5oqcMTkwMOWGhuS7peS4iuOBp+mAgeaWmeeEoeaWmeKYheOAguOCs+OCs+OCueODleOCo+ODq+OCv+ODvCA4NzAyNTYxKDIw5p6a5YWlKVvjgq3jg4Pjg4Hjg7PnlKjlk4Fd[rn]
9-88309,aHR0cDovL3RzaG9wLnIxMHMuanAvc291a2FpL2NhYmluZXQvMzAvNDkwMTk4NzIyNzgzMC5qcGc/Zml0aW49NzAwOjcwMA==,NDc5LjIwMDA=,,44Kt44OD44OB44Oz55So5ZOB44O76aOf5Zmo44O76Kq/55CG5Zmo5YW3ID4g44Gd44Gu5LuW,44GK5b6z55SoNuaemuWFpSDjg5Hjg4PjgajosrzjgovjgaDjgZHmt7HlnovnlKjjg5XjgqPjg6vjgr/jg7wgNjBjbSgx44OR44OD44KvKVvjgq3jg4Pjg4Hjg7PnlKjlk4Fd,44Kt44OD44OB44Oz55So5ZOB4piF56iO5oqcMTkwMOWGhuS7peS4iuOBp+mAgeaWmeeEoeaWmeKYhQ==,PGRpdiBpZD0ncHJkLXBhZ2UnPjxpbWcgc3JjPSdodHRwOi8vd3d3LnJha3V0ZW4ubmUuanAvZ29sZC9zb3VrYWkvaW1hZ2UvMF9yX2NhbS5qcGcnIGJvcmRlcj0nMCc+PGJyPjxicj7jgYrlupdUT1DvvJ7ml6XnlKjlk4HvvJ7jgq3jg4Pjg4Hjg7PnlKjlk4HvvJ7msZrjgozpmLLmraLjgrDjg4PjgrrvvJ7jgYrlvrPnlKg25p6a5YWlIOODkeODg+OBqOiyvOOCi+OBoOOBkea3seWei+eUqOODleOCo+ODq+OCv+ODvCA2MGNtICgx44OR44OD44KvKTxicj48YnI+4piF56iO5oqcMTkwMOWGhuS7peS4iuOBp+mAgeaWmeeEoeaWmeKYhTxicj48YnI+44CQ44GK5b6z55SoNuaemuWFpSDjg5Hjg4PjgajosrzjgovjgaDjgZHmt7HlnovnlKjjg5XjgqPjg6vjgr/jg7wgNjBjbeOBruWVhuWTgeips+e0sOOAkTxicj7il4/nspjnnYDjgr/jgqTjg5fjga7jg5XjgqPjg6vjgr/jg7zjgarjga7jgafjgIHlj5bku5jjgZHjgYzjgrfjg7zjg6vjga7jgojjgYbjgavnsKHljZjjg7vjgY3jgozjgYTjgavooYzjgYjjgb7jgZnjgII8YnI+4peP44Gy44Gj44GL44GR44K544Oq44OD44OI44GM44GC44KL44Gu44Gn44CB5YiH44KK6L6844G/5LiN6KaB44Gn44CB44K644Os44Ga44Gr44Kt44Os44Kk44Gr6LK844KK5LuY44GR44KL44GT44Go44GM44Gn44GN44G+44GZ44CCPGJyPuKXjzYwY23luYXjga7mt7Hlnovjg6zjg7Pjgrjjg5Xjg7zjg4njgavjgbTjgaPjgZ/jgorjga7jgrXjgqTjgrrjgafjgZnjgIIy5p6a5L2/55So44GZ44KM44GwNzXvvZ45MGNt5bmF44Gu5rex5Z6L44Os44Oz44K444OV44O844OJ44Gr44KC5L2/44GI44G+44GZ44CCPGJyPuKXj+ODleOCo+ODq+OCv+ODvOOBjOaxmuOCjOOBn+OCieWPluabv+OBiOOCteOCpOODs+OBjOa1ruOBjeWHuuOCi+OBruOBp+OAgeWPluabv+OBiOaZguacn+OBjOS4gOebruOBp+OCj+OBi+OCiuOBvuOBmeOAgjxicj48YnI+44CQ6KaP5qC85qaC6KaB44CRPGJyPuWVhuWTgeOCteOCpOOCuu+8j+WFpeaVsOODu+ODu+ODu+e4pue0hDM2Y20q5qiq57SENjFjbe+8jzbmnprlhaXjgIHokL3kuIvpmLLmraLpnaLjg5XjgqHjgrnjg4rjg7zvvI8x44K344O844OIKDLjgrPlhaUpPGJyPuadkOizquODu+ODu+ODu+mbo+eHg+aAp+S4jee5lOW4gzxicj7jgJDms6jmhI/kuovpoIXjgJE8YnI+44O744OV44Kj44Or44K/44O844Gu5Lqk5o+b5pmC44Gv44CB5qyh44GuMueCueOCkueiuuiqjeOBl+OBpuOBj+OBoOOBleOBhOOAgjxicj4oMSnjg6zjg7Pjgrjjg5Xjg7zjg4njga7jg5XjgqHjg7PjgYzlrozlhajjgavlgZzmraLjgZfjgabjgYTjgovjgZPjgajjgII8YnI+KDIp44Kz44Oz44Ot44Gu54Gr44GM5raI44GI44Gm44GE44KL44GT44Go44CCPGJyPuODu+ebtOaOpeeBq+OBruOBguOBn+OCi+WgtOaJgOOBp+OBr+S9v+eUqOOBl+OBquOBhOOBp+OBj+OBoOOBleOBhOOAgjxicj7jg7vmlpnnkIbjgavjg5bjg6njg7Pjg4fjg7zjg7vml6XmnKzphZLjg7vjgb/jgorjgpPnrYnjga7jgqLjg6vjgrPjg7zjg6vpoZ7jgpLlhaXjgozjgIHngo7jgYzpq5jjgY/kuIrjgYzjgovlj6/og73mgKfjgYzjgYLjgovloLTlkIjjgavjga/kvb/nlKjjgZfjgarjgYTjgafjgY/jgaDjgZXjgYTjgILnqbTjgYzjgYLjgYTjgZ/jgorjgIHjg5XjgqPjg6vjgr/jg7zjgavku5jnnYDjgZfjgabjgYTjgovpo5vmsqvmsrnjgavlvJXngavjgZnjgovmgZDjgozjgYzjgYLjgorjgb7jgZnjgII8YnI+44O75pys6KO95ZOB44Gv54Gr54G95LqI6Ziy5p2h5L6L44Gr44KI44KK44CB44CM44Ks44K544Kz44Oz44Ot562J44Gu6Kq/55CG5Zmo5YW344Go44Gu6Led6Zui44KSMW3ku6XkuIrpm6LjgZfjgabkvb/nlKjjgZfjgarjgZHjgozjgbDjgarjgonjgarjgYTjgI3jgajlrprjgoHjgonjgozjgabjgYTjgb7jgZnjgILjgZPjgozjgojjgornn63jgYTot53pm6Ljgafjga/jgZTkvb/nlKjjgZfjgarjgYTjgafjgY/jgaDjgZXjgYTjgII8YnI+44O75pys6KO95ZOB44Gv44CB5LiA6Iis5a625bqt55So44Gn44GZ44Gu44Gn44CB6ZW35pmC6ZaT5L2/55So44GV44KM44KL5qWt5YuZ55So562J44Gn44Gv5L2/55So44GX44Gq44GE44Gn44GP44Gg44GV44GE44CCPGJyPuODu+ODrOODs+OCuOODleODvOODieOBruW9oueKtuOBq+OCiOOCiuWPluS7mOOBkeOBp+OBjeOBquOBhOapn+eoruOBjOOBguOCiuOBvuOBmeOAgueEoeeQhuOBq+WPluS7mOOBkeOBn+WgtOWQiOOAgeWuieWFqOaAp+OBvuOBn+OBr+ODrOODs+OCuOODleODvOODieacrOS9k+OBruaAp+iDveOCkuiRl+OBl+OBj+aQjeOBquOBhuaBkOOCjOOBjOOBguOCiuOBvuOBmeOBruOBp+OAgeODkeODg+OCseODvOOCuOiomOi8ieS6i+mgheOCkuOCiOOBj+iqreOCk+OBp+OBi+OCieOBiuS9v+OBhOOBj+OBoOOBleOBhOOAgjxicj7jg7vlj5bmm7/jgYjjgrXjgqTjg7PjgYzlh7rjgb7jgZfjgZ/jgonjgYrml6njgoHjgavjgYrlj5bmm7/jgYjjgY/jgaDjgZXjgYTjgILmsZrjgozjgZ/jgb7jgb7jgafkvb/nlKjjgZXjgozjgb7jgZnjgajjg5XjgqPjg6vjgr/jg7zjgYznm67oqbDjgb7jgorjgZfjgIHmj5vmsJfog73lipvjgYzokL3jgaHjg6zjg7Pjgrjjg5Xjg7zjg4nmnKzkvZPjga7mgKfog73jgavmgqrlvbHpn7/jgpLlj4rjgbzjgZnmgZDjgozjgYzjgYLjgorjgb7jgZnjgII8YnI+44O75Y+W5pu/44GI44K144Kk44Oz44GM5Ye644Gq44GE5aC05ZCI44Gn44KCMeODtuaciOOCkuebruWuieOBq+WPluabv+OBiOOBj+OBoOOBleOBhOOAgjxicj7jg7vjg5XjgqPjg6vjgr/jg7zjgpLlj5blpJbjgZfjgZ/pmpvjgIHjgb7jgozjgavjgIHjga7jgormrovjgorjgZnjgovloLTlkIjjgYzjgYLjgorjgb7jgZnjgILjgZ3jga7pmpvjga/kuK3mgKfmtJfliaTjgafmi63jgY3lj5bjgaPjgabjgY/jgaDjgZXjgYTjgII8YnI+44O744K044Of44Go44GX44Gm5Yem55CG44GZ44KL5aC05ZCI44Gv44CB44GK5L2P44G+44GE44Gu6Ieq5rK75L2T44Gu5Yy65YiG44Gr5b6T44Gj44Gm44GP44Gg44GV44GE44CCPGJyPuODu+S9v+eUqOebrueahOS7peWkluOBruS9v+eUqOOBr+OBl+OBquOBhOOBp+OBj+OBoOOBleOBhOOAgjxicj48YnI+44CQ55m65aOy5YWD44CB6KO96YCg5YWD44CB6Ly45YWl5YWD5Y+I44Gv6LKp5aOy5YWD44CRPGJyPuadsea0i+OCouODq+ODn+OCqOOCs+ODvOODl+ODreODgOOCr+ODhDxicj48YnI+5p2x5rSL44Ki44Or44Of44Ko44Kz44O844OX44Ot44OA44Kv44OEPGJyPjU0MS0wMDUzIOWkp+mYquW6nOWkp+mYquW4guS4reWkruWMuuacrOeUujItMS02PGJyPjAxMjAtMTIzLTcwMTxicj48YnI+5bqD5ZGK5paH6LKs77ya5qCq5byP5Lya56S+54i95b+r44OJ44Op44OD44KwPGJyPjxicj5b44Kt44OD44OB44Oz55So5ZOBXTwvZGl2PjwhLS0tLT4=,44GK5b6z55SoNuaemuWFpSDjg5Hjg4PjgajosrzjgovjgaDjgZHmt7HlnovnlKjjg5XjgqPjg6vjgr/jg7wgNjBjbSgx44OR44OD44KvKVvjgq3jg4Pjg4Hjg7PnlKjlk4Fd77ya54i95b+r44OJ44Op44OD44Kw,5o6D6Zmk5rSX5r+v5YGl5bq36aOf5ZOB5rC044O744OJ44Oq44Oz44Kv6aOf5paZ5ZOB5Yy76Jas5ZOB44OY44Or44K544Kx44Ki44OZ44OT44O85pel55So5ZOB44OT44Ol44O844OG44Kj5a626Zu744Oa44OD44OI44K544Od44O844OE44Oq44Op44Kv44K844O844K344On44Oz44GK5b6z55SoNuaemuWFpSDjg5Hjg4PjgajosrzjgovjgaDjgZHmt7HlnovnlKjjg5XjgqPjg6vjgr/jg7wgNjBjbSgx44OR44OD44KvKVvjgq3jg4Pjg4Hjg7PnlKjlk4Fd,44Kt44OD44OB44Oz55So5ZOB4piF56iO5oqcMTkwMOWGhuS7peS4iuOBp+mAgeaWmeeEoeaWmeKYheOAguOBiuW+s+eUqDbmnprlhaUg44OR44OD44Go6LK844KL44Gg44GR5rex5Z6L55So44OV44Kj44Or44K/44O8IDYwY20oMeODkeODg+OCrylb44Kt44OD44OB44Oz55So5ZOBXQ==[rn]
9-88310,aHR0cDovL3RzaG9wLnIxMHMuanAvc291a2FpL2NhYmluZXQvNTUvNDkwMTk4NzIyNjA1NS5qcGc/Zml0aW49NzAwOjcwMA==,MzE3LjYwMDA=,,44Kt44OD44OB44Oz55So5ZOB44O76aOf5Zmo44O76Kq/55CG5Zmo5YW3ID4g44Gd44Gu5LuW,5o+b5rCX5omH44Kr44OQ44O8IOWkp+Weiygx5p6a5YWlKVvjgq3jg4Pjg4Hjg7PnlKjlk4Fd,44Kt44OD44OB44Oz55So5ZOB4piF56iO5oqcMTkwMOWGhuS7peS4iuOBp+mAgeaWmeeEoeaWmeKYhQ==,PGRpdiBpZD0ncHJkLXBhZ2UnPjxpbWcgc3JjPSdodHRwOi8vd3d3LnJha3V0ZW4ubmUuanAvZ29sZC9zb3VrYWkvaW1hZ2UvMF9yX2NhbS5qcGcnIGJvcmRlcj0nMCc+PGJyPjxicj7jgYrlupdUT1DvvJ7ml6XnlKjlk4HvvJ7jgq3jg4Pjg4Hjg7PnlKjlk4HvvJ7msZrjgozpmLLmraLjgrDjg4PjgrrvvJ7mj5vmsJfmiYfjgqvjg5Djg7wg5aSn5Z6LICgx5p6a5YWlKTxicj48YnI+4piF56iO5oqcMTkwMOWGhuS7peS4iuOBp+mAgeaWmeeEoeaWmeKYhTxicj48YnI+44CQ5o+b5rCX5omH44Kr44OQ44O8IOWkp+Wei+OBruWVhuWTgeips+e0sOOAkTxicj7il4/plovlj6Ppg6jpnaLnqY3jgYzlpKfjgY3jgYTjga7jgafjgIHmsrnnhZnjgpLjgojjgY/lkLjjgYbjgZPjgajjgYzjgafjgY3jgb7jgZnjgII8YnI+4peP44K544OX44Oq44Oz44Kw5LuY6YeR5YW344Gn5Y+W5LuY44GR44KL44GL44KJ44CB57Ch5Y2Y44Gn44Go44Gm44KC5L6/5Yip44Gn44GZ44CCPGJyPuKXj+ewoeWNmO+8muOCueODl+ODquODs+OCsOOCkuaJi+WJjeOBq+S8uOOBsOOBl+OAgeaPm+awl+aJh+OCq+ODkOODvOOBruWJjemdouOBq+W8leOBo+aOm+OBkeOCi+OBoOOBkeOBp+WPluS7mOOBkeOBp+OBjeOBvuOBmeOAgjxicj7il4/kvr/liKnvvJrlj5bku5jjgZHph5Hlhbfjga/mj5vmsJfmiYfjga7mnqDjgpLjga/jgZrjgZfjgabjgaTjgZHjgovjgr/jgqTjg5fjgaDjgYvjgonjgIHmj5vmsJfmiYfjgajlo4HjgavjgZnjgY3jgb7jgYzjgarjgY/jgabjgoLlj5bku5jjgZHjgafjgY3jgb7jgZnjgII8YnI+PGJyPuOAkOimj+agvOamguimgeOAkTxicj7llYblk4HjgrXjgqTjgrrvvI/lhaXmlbDjg7vjg7vjg7szOWNtKjM5Y20qNGNt77yPMeaemuWFpeOAgeOCueODl+ODquODs+OCsOS7mOmHkeWFt++8jzHjgrvjg4Pjg4goMuOCs+WFpSk8YnI+5p2Q6LOq44O744O744O7KOOCouODq+ODn+aeoCnjgqLjg6vjg5/jg4vjgqbjg6Djga/jgY/jgIEo44OV44Kj44Or44K/44O8Kembo+eHg+aAp+S4jee5lOW4gzxicj7jgJDms6jmhI/kuovpoIXjgJE8YnI+44O757iB6YOo5YiG44Gv57iB5be75Yqg5bel44KS44GX44Gm44GE44G+44GZ44GM44CB6Kit572u44GZ44KL6Zqb44KE5o2o44Gm44KL6Zqb44Gr44Gv5omL44KS5YK344Gk44GR44Gq44GE44KI44GG44GU5rOo5oSP44GP44Gg44GV44GE44CCPGJyPuODu+OCueODl+ODquODs+OCsOOBruWFiOerr+OBp+aMh+WFiOetieOCkuWCt+OBpOOBkeOCi+aBkOOCjOOBjOOBguOCiuOBvuOBmeOBruOBp+OAgeWPluaJseOBq+OBlOazqOaEj+OBj+OBoOOBleOBhOOAgjxicj7jg7vnm7TmjqXngavjga7jgYLjgZ/jgovloLTmiYDjgafjga/jgIHkvb/nlKjjgZfjgarjgYTjgafjgY/jgaDjgZXjgYTjgII8YnI+44O75paZ55CG44Gr44OW44Op44Oz44OH44O844O75pel5pys6YWS44O744G/44KK44KT562J44Gu44Ki44Or44Kz44O844Or6aGe44KS5YWl44KM44CB54KO44GM6auY44GP5LiK44GM44KL5Y+v6IO95oCn44GM44GC44KL5aC05ZCI44Gr44Gv5L2/55So44GX44Gq44GE44Gn44GP44Gg44GV44GE44CC56m044GM44GC44GE44Gf44KK44OV44Kj44Or44K/44O844Gr5LuY552A44GX44Gm44Gm44GE44KL6aOb5rKr5rK544Gr5byV54Gr44GZ44KL5oGQ44KM44GM44GC44KK44G+44GZ44CCPGJyPuODu+OCueODl+ODquODs+OCsOS7mOmHkeWFt+OBp+W3ruOBl+i+vOOBv+eUqOOBrueptOOCkuW8t+OBj+W8leOBo+OBseOCi+OBqOegtOOCjOOCi+aBkOOCjOOBjOOBguOCiuOBvuOBmeOBruOBp+OAgeOBlOazqOaEj+OBj+OBoOOBleOBhOOAgjxicj7jg7vkuIDoiKzjga7jgZTlrrbluq3jgafkvb/nlKjjgZXjgozjgovmnJ/plpPjga/ntIQx44O15pyI44GM55uu5a6J44Gn44GZ44GM44CB5rGa44KM44Gf44G+44G+44GU5L2/55So44GV44KM44G+44GZ44Go44OV44Kj44Or44K/44O844GM55uu44Gl44G+44KK44GX44CB5o+b5rCX6IO95Yqb44GM6JC944Gh44G+44GZ44Gu44Gn44CB44GU5L2/55So5pa55rOV44KS5Y+C6ICD44Gr44GK5Y+W5pu/44GI44GP44Gg44GV44GE44CCPGJyPuODu+acrOijveWTgeOBr+S4gOiIrOWutuW6reeUqOOBp+OBmeOAgumVt+aZgumWk+S9v+eUqOOBleOCjOOCi+alreWLmeeUqOetieOBp+OBr+S9v+eUqOOBl+OBquOBhOOBp+OBj+OBoOOBleOBhOOAgjxicj7jg7vnqpPnlKjmj5vmsJfmiYfjga7jgojjgYbjgavjgIHngavlhYPjgYvjgonjga7ot53pm6LjgYzov5HjgYTloLTlkIjjga/jgZTkvb/nlKjjgavjgarjgonjgarjgYTjgafjgY/jgaDjgZXjgYTjgII8YnI+44O7M2Nt5Lul5LiK44Oi44O844K/44O844GM56qB44GN5Ye644GX44Gm44GE44KL5o+b5rCX5omH44Gq44Gp44CB5o+b5rCX5omH44Gu5b2i54q244Gr44KI44Gj44Gm44Gv5Y+W5LuY44GR44Gn44GN44Gq44GE5aC05ZCI44GM44GC44KK44G+44GZ44CCPGJyPuODu+OCtOODn+OBqOOBl+OBpuWHpueQhuOBmeOCi+WgtOWQiOOBr+OAgeOBiuS9j+OBvuOBhOOBruiHquayu+S9k+OBruWMuuWIhuOBq+W+k+OBo+OBpuOBj+OBoOOBleOBhOOAgjxicj7jg7vkvb/nlKjnm67nmoTku6XlpJbjga7kvb/nlKjjga/jgZfjgarjgYTjgafjgY/jgaDjgZXjgYTjgII8YnI+PGJyPuOAkOeZuuWjsuWFg+OAgeijvemAoOWFg+OAgei8uOWFpeWFg+WPiOOBr+iyqeWjsuWFg+OAkTxicj7mnbHmtIvjgqLjg6vjg5/jgqjjgrPjg7zjg5fjg63jg4Djgq/jg4Q8YnI+PGJyPjxmb250IGNvbG9yPSdyZWQnPuW8iuekvuOBp+OBruiyqeWjsuOBjOWcqOW6q+mZkOOCiuOBp+e1guS6huOBqOOBquOCi+OBn+OCgeios+OBguOCiuWHpuWIhuS+oeagvOOBq+OBquOBo+OBpuOBiuOCiuOBvuOBmeOAgjwvZm9udD48YnI+PGJyPuadsea0i+OCouODq+ODn+OCqOOCs+ODvOODl+ODreODgOOCr+ODhDxicj41NDEtMDA1MyDlpKfpmKrlupzlpKfpmKrluILkuK3lpK7ljLrmnKznlLoyLTEtNjxicj4wMTIwLTEyMy03MDE8YnI+PGJyPuW6g+WRiuaWh+iyrO+8muagquW8j+S8muekvueIveW/q+ODieODqeODg+OCsDxicj48YnI+W+OCreODg+ODgeODs+eUqOWTgV08L2Rpdj48IS0tLS0+,5o+b5rCX5omH44Kr44OQ44O8IOWkp+Weiygx5p6a5YWlKVvjgq3jg4Pjg4Hjg7PnlKjlk4Fd77ya54i95b+r44OJ44Op44OD44Kw,5o6D6Zmk5rSX5r+v5YGl5bq36aOf5ZOB5rC044O744OJ44Oq44Oz44Kv6aOf5paZ5ZOB5Yy76Jas5ZOB44OY44Or44K544Kx44Ki44OZ44OT44O85pel55So5ZOB44OT44Ol44O844OG44Kj5a626Zu744Oa44OD44OI44K544Od44O844OE44Oq44Op44Kv44K844O844K344On44Oz5o+b5rCX5omH44Kr44OQ44O8IOWkp+Weiygx5p6a5YWlKVvjgq3jg4Pjg4Hjg7PnlKjlk4Fd,44Kt44OD44OB44Oz55So5ZOB4piF56iO5oqcMTkwMOWGhuS7peS4iuOBp+mAgeaWmeeEoeaWmeKYheOAguaPm+awl+aJh+OCq+ODkOODvCDlpKflnosoMeaemuWFpSlb44Kt44OD44OB44Oz55So5ZOBXQ==[rn]
9-88311,aHR0cDovL3RzaG9wLnIxMHMuanAvc291a2FpL2NhYmluZXQvMzYvNDkwMTk4NzIyNzIzNi5qcGc/Zml0aW49NzAwOjcwMA==,NjA4LjAwMDA=,,44Kt44OD44OB44Oz55So5ZOB44O76aOf5Zmo44O76Kq/55CG5Zmo5YW3ID4g44Gd44Gu5LuW,44GK5b6z55SoMuWbnuWIhiDjg6/jg7Pjgr/jg4Pjg4Hjg6zjg7Pjgrjjg5Xjg7zjg4njgqvjg5Djg7wgNjDvvZ45MGNt55SoKDLmnprlhaUpW+OCreODg+ODgeODs+eUqOWTgV0=,44Kt44OD44OB44Oz55So5ZOB4piF56iO5oqcMTkwMOWGhuS7peS4iuOBp+mAgeaWmeeEoeaWmeKYhQ==,PGRpdiBpZD0ncHJkLXBhZ2UnPjxpbWcgc3JjPSdodHRwOi8vd3d3LnJha3V0ZW4ubmUuanAvZ29sZC9zb3VrYWkvaW1hZ2UvMF9yX2NhbS5qcGcnIGJvcmRlcj0nMCc+PGJyPjxicj7jgYrlupdUT1DvvJ7ml6XnlKjlk4HvvJ7jgq3jg4Pjg4Hjg7PnlKjlk4HvvJ7msZrjgozpmLLmraLjgrDjg4PjgrrvvJ7jgYrlvrPnlKgy5Zue5YiGIOODr+ODs+OCv+ODg+ODgeODrOODs+OCuOODleODvOODieOCq+ODkOODvCA2MO+9njkwY23nlKggKDLmnprlhaUpPGJyPjxicj7imIXnqI7mipwxOTAw5YaG5Lul5LiK44Gn6YCB5paZ54Sh5paZ4piFPGJyPjxicj7jgJDjgYrlvrPnlKgy5Zue5YiGIOODr+ODs+OCv+ODg+ODgeODrOODs+OCuOODleODvOODieOCq+ODkOODvCA2MO+9njkwY23nlKjjga7llYblk4HoqbPntLDjgJE8YnI+4pePMeaemuOCv+OCpOODl+OBoOOBi+OCieODrOODs+OCuOODleODvOODieOBq+OBtOOBo+OBn+OCiuODleOCo+ODg+ODiOOBl+OAgeayueaxmuOCjOOCkumYsuOBjuOBvuOBmeOAgjxicj7il4/mnIDlsI81MGNt44GL44KJ5pyA5aSnODkuNWNt44G+44Gn6ZW344GV44KS6Kq/56+A44Gn44GN44KL44Gu44Gn44CBNjBjbe+9njkwY23jgr/jgqTjg5fjga7mt7Hlnovjg6zjg7Pjgrjjg5Xjg7zjg4njgarjgokx5p6a44Gn5L2/55So44Gn44GN44G+44GZ44CCPGJyPuKXj+ODleOCo+ODq+OCv+ODvOOBjOaxmuOCjOOBn+OCieWPluabv+OBiOOCteOCpOODs+OBjOa1ruOBjeWHuuOCi+OBruOBp+OAgeWPluabv+OBiOaZguacn+OBjOS4gOebruOBp+OCj+OBi+OCiuOBvuOBmeOAgjxicj7il482MGNt5bmF44Gu44OW44O844OE44K/44Kk44OX44Gr5L2/55So44GZ44KL5aC05ZCI44Gv44CB5Lit5aSu6YOo5YiG44GMMumHjeOBq+OBquOCi+OBruOBp+ayueaxmuOCjOOCkuOCiOOCiuOBl+OBo+OBi+OCiuOCreODo+ODg+ODgeOBl+OBvuOBmeOAgjxicj7il4/nubDjgorov5TjgZfkvb/nlKjjgafjgY3jgovjg6Djg4Djga7lsJHjgarjgYTlj5bmm7/jgYjlvI/jgqjjgrPno4Hnn7PmjqHnlKjjgILlj5bku5jjgZHlj5blpJbjgZfjgYznsKHljZjjgafkvb/nlKjlvozjgoLnsKHljZjjgavliIbliKXjgafjgY3jgb7jgZnjgII8YnI+PGJyPuOAkOimj+agvOamguimgeOAkTxicj7llYblk4HjgrXjgqTjgrrvvI/lhaXmlbDjg7vjg7vjg7vnuKYzMmNtKuaoqijmnIDlsI8pNTBjbe+9nijmnIDlpKcpODkuNWNt77yPMuaemuWFpeOAgeWPluabv+OBiOW8j+OCqOOCs+ejgeefs++8jzHntYQoMuOCs+WFpSk8YnI+5p2Q6LOq44O744O744O744Ki44Or44Of5p6g77ya44Ki44Or44Of44OL44Km44Og44Gv44GP44CB44OV44Kj44Or44K/44O877ya6Zuj54eD5oCn5LiN57mU5biDPGJyPuOAkOazqOaEj+S6i+mgheOAkTxicj7jg7vnq6/jga7pg6jliIbjga/nuIHlt7vliqDlt6XjgZfjgabjgYTjgb7jgZnjgYzjgIHoqK3lrprjgZnjgovpmpvjgoTmjajjgabjgovpmpvjgavjga/miYvjgpLlgrfjgaTjgZHjgarjgYTjgojjgYbjgavjgZTms6jmhI/jgY/jgaDjgZXjgYTjgII8YnI+44O744Os44Oz44K444OV44O844OJ44Kr44OQ44O844Gu5Lqk5o+b5pmC44Gv44CB5qyh44GuMueCueOCkueiuuiqjeOBl+OBpuOBj+OBoOOBleOBhOOAgjxicj4oMSnjg6zjg7Pjgrjjg5Xjg7zjg4njga7jg5XjgqHjg7PjgYzlrozlhajjgavlgZzmraLjgZfjgabjgYTjgovjgZPjgajjgII8YnI+KDIp44Kz44Oz44Ot44Gu54Gr44GM5raI44GI44Gm44GE44KL44GT44Go44CCPGJyPuODu+ebtOaOpeeBq+OBruOBguOBn+OCi+WgtOaJgOOBp+OBr+S9v+eUqOOBl+OBquOBhOOBp+OBj+OBoOOBleOBhOOAgjxicj7jg7vmlpnnkIbjgavjg5bjg6njg7Pjg4fjg7zjg7vml6XmnKzphZLjg7vjgb/jgorjgpPnrYnjga7jgqLjg6vjgrPjg7zjg6vpoZ7jgpLlhaXjgozjgIHngo7jgYzpq5jjgY/kuIrjgYzjgovlj6/og73mgKfjga7jgYLjgovloLTlkIjjgavjga/kvb/nlKjjgZfjgarjgYTjgafjgY/jgaDjgZXjgYTjgILnqbTjgYzjgYLjgYTjgZ/jgorjg5XjgqPjg6vjgr/jg7zjgavku5jnnYDjgZfjgabjgYTjgovpo5vmsqvmsrnjgavlvJXngavjgZnjgovmgZDjgozjgYzjgYLjgorjgb7jgZnjgII8YnI+44O75pys6KO95ZOB44Gv54Gr54G95LqI6Ziy5p2h5L6L44Gr44KI44KK44CB44CM44Ks44K544Kz44Oz44Ot562J44Gu6Kq/55CG5Zmo5YW344Go44Gu6Led6Zui44KSMW3ku6XkuIrpm6LjgZfjgabkvb/nlKjjgZfjgarjgZHjgozjgbDjgarjgonjgarjgYTjgI3jgajlrprjgoHjgonjgozjgabjgYTjgb7jgZnjgILjgZPjgozjgojjgornn63jgYTot53pm6Ljgafjga/kvb/nlKjjgZfjgarjgYTjgafjgY/jgaDjgZXjgYTjgII8YnI+44O75b+F44Ga5YKZ44GI44Gk44GR44Gu6YeR5bGe44OV44Kj44Or44K/44O844KS5Y+W5LuY44GR44Gf44G+44G+44Gn44GU5L2/55So44GP44Gg44GV44GE44CC5YKZ44GI44Gk44GR44Gu6YeR5bGe44OV44Kj44Or44K/44O844GM44Gq44GE5aC05ZCI44CB44OV44Kj44Or44K/44O844GM5ZC444GE6L6844G+44KM44KL5oGQ44KM44GM44GC44KK44G+44GZ44Gu44Gn44GU5L2/55So44GX44Gq44GE44Gn44GP44Gg44GV44GE44CCPGJyPuODu+acrOijveWTgeOBr+S4gOiIrOWutuW6reOBp+OBmeOBruOBp+OAgemVt+aZgumWk+S9v+eUqOOBleOCjOOCi+alreWLmeeUqOetieOBp+OBr+S9v+eUqOOBl+OBquOBhOOBp+OBj+OBoOOBleOBhOOAgjxicj7jg7vjg6zjg7Pjgrjjg5Xjg7zjg4njga7lvaLnirbjgavjgojjgorlj5bku5jjgZHjgafjgY3jgarjgYTmqZ/nqK7jgYzjgYLjgorjgb7jgZnjgILnhKHnkIbjgavlj5bku5jjgZHjgZ/loLTlkIjjgIHlronlhajmgKfjgb7jgZ/jga/jg6zjg7Pjgrjjg5Xjg7zjg4nmnKzkvZPjga7mgKfog73jgpLokZfjgZfjgY/mkI3jgarjgYbmgZDjgozjgYzjgYLjgorjgb7jgZnjga7jgafjgIHjg5Hjg4PjgrHjg7zjgrjoqJjovInkuovpoIXjgpLjgojjgY/oqq3jgpPjgafjgYvjgonjgYrkvb/jgYTjgY/jgaDjgZXjgYTjgII8YnI+44O75Y+W5pu/44GI44K144Kk44Oz44GM5Ye644G+44GX44Gf44KJ44GK5pep44KB44Gr44GK5Y+W5pu/44GI44GP44Gg44GV44GE44CC5rGa44KM44Gf44G+44G+44Gn44GU5L2/55So44GV44KM44G+44GZ44Go44OV44Kj44Or44K/44O844GM55uu6Kmw44G+44KK44CB5o+b5rCX6IO95Yqb44GM6JC944Gh44Os44Oz44K444OV44O844OJ5pys5L2T44Gu5oCn6IO944Gr5oKq5b2x6Z+/44KS5Y+K44G844GZ5oGQ44KM44GM44GC44KK44G+44GZ44CCPGJyPuODu+OCtOODn+OBqOOBl+OBpuWHpueQhuOBmeOCi+WgtOWQiOOBr+OAgeOBiuS9j+OBvuOBhOOBruiHquayu+S9k+OBruWMuuWIhuOBq+W+k+OBo+OBpuOBj+OBoOOBleOBhOOAgjxicj7jg7vkvb/nlKjnm67nmoTku6XlpJbjga7kvb/nlKjjga/jgZfjgarjgYTjgafjgY/jgaDjgZXjgYTjgII8YnI+PGJyPuOAkOeZuuWjsuWFg+OAgeijvemAoOWFg+OAgei8uOWFpeWFg+WPiOOBr+iyqeWjsuWFg+OAkTxicj7mnbHmtIvjgqLjg6vjg5/jgqjjgrPjg7zjg5fjg63jg4Djgq/jg4Q8YnI+PGJyPjxmb250IGNvbG9yPSdyZWQnPuW8iuekvuOBp+OBruiyqeWjsuOBjOWcqOW6q+mZkOOCiuOBp+e1guS6huOBqOOBquOCi+OBn+OCgeios+OBguOCiuWHpuWIhuS+oeagvOOBq+OBquOBo+OBpuOBiuOCiuOBvuOBmeOAgjwvZm9udD48YnI+PGJyPuadsea0i+OCouODq+ODn+OCqOOCs+ODvOODl+ODreODgOOCr+ODhDxicj41NDEtMDA1MyDlpKfpmKrlupzlpKfpmKrluILkuK3lpK7ljLrmnKznlLoyLTEtNjxicj4wMTIwLTEyMy03MDE8YnI+PGJyPuW6g+WRiuaWh+iyrO+8muagquW8j+S8muekvueIveW/q+ODieODqeODg+OCsDxicj48YnI+W+OCreODg+ODgeODs+eUqOWTgV08L2Rpdj48IS0tLS0+,44GK5b6z55SoMuWbnuWIhiDjg6/jg7Pjgr/jg4Pjg4Hjg6zjg7Pjgrjjg5Xjg7zjg4njgqvjg5Djg7wgNjDvvZ45MGNt55SoKDLmnprlhaUpW+OCreODg+ODgeODs+eUqOWTgV3vvJrniL3lv6vjg4njg6njg4PjgrA=,5o6D6Zmk5rSX5r+v5YGl5bq36aOf5ZOB5rC044O744OJ44Oq44Oz44Kv6aOf5paZ5ZOB5Yy76Jas5ZOB44OY44Or44K544Kx44Ki44OZ44OT44O85pel55So5ZOB44OT44Ol44O844OG44Kj5a626Zu744Oa44OD44OI44K544Od44O844OE44Oq44Op44Kv44K844O844K344On44Oz44GK5b6z55SoMuWbnuWIhiDjg6/jg7Pjgr/jg4Pjg4Hjg6zjg7Pjgrjjg5Xjg7zjg4njgqvjg5Djg7wgNjDvvZ45MGNt55SoKDLmnprlhaUpW+OCreODg+ODgeODs+eUqOWTgV0=,44Kt44OD44OB44Oz55So5ZOB4piF56iO5oqcMTkwMOWGhuS7peS4iuOBp+mAgeaWmeeEoeaWmeKYheOAguOBiuW+s+eUqDLlm57liIYg44Ov44Oz44K/44OD44OB44Os44Oz44K444OV44O844OJ44Kr44OQ44O8IDYw772eOTBjbeeUqCgy5p6a5YWlKVvjgq3jg4Pjg4Hjg7PnlKjlk4Fd[rn]
9-88312,aHR0cDovL3RzaG9wLnIxMHMuanAvc291a2FpL2NhYmluZXQvMDUvNDk3MzIzMDA1MDIwNS5qcGc/Zml0aW49NzAwOjcwMA==,MTA5LjYwMDA=,,44Kt44OD44OB44Oz55So5ZOB44O76aOf5Zmo44O76Kq/55CG5Zmo5YW3ID4g44Gd44Gu5LuW,5rSX57Gz44Oc44O844OrIOODiuODgeODpeODqeODqygx44Kz5YWlKVvjgq3jg4Pjg4Hjg7PnlKjlk4Fd,44Kt44OD44OB44Oz55So5ZOB4piF56iO5oqcMTkwMOWGhuS7peS4iuOBp+mAgeaWmeeEoeaWmeKYhQ==,PGRpdiBpZD0ncHJkLXBhZ2UnPjxpbWcgc3JjPSdodHRwOi8vd3d3LnJha3V0ZW4ubmUuanAvZ29sZC9zb3VrYWkvaW1hZ2UvMF9yX2NhbS5qcGcnIGJvcmRlcj0nMCc+PGJyPjxicj7jgYrlupdUT1DvvJ7ml6XnlKjlk4HvvJ7jgq3jg4Pjg4Hjg7PnlKjlk4HvvJ7jgZbjgovvvJ7mtJfnsbPjg5zjg7zjg6sg44OK44OB44Ol44Op44OrICgx44Kz5YWlKTxicj48YnI+4piF56iO5oqcMTkwMOWGhuS7peS4iuOBp+mAgeaWmeeEoeaWmeKYhTxicj48YnI+44CQ5rSX57Gz44Oc44O844OrIOODiuODgeODpeODqeODq+OBruWVhuWTgeips+e0sOOAkTxicj7il4/lupXjgavnqbTjgYzplovjgYTjgabjgYTjgovjga7jgafjgIHjgZnjgbDjgoTjgY/jgYrnsbPjgYzjgajjgZLjgb7jgZnjgII8YnI+4peP5YG06Z2i44Gr44GC44KL44Op44Kk44Oz44Gn44Op44Kv44Gr44GK57Gz44GM44Go44GS44G+44GZ44CCPGJyPuKXj+OBiuexszblkIjjgb7jgaflr77lv5w8YnI+PGJyPuOAkOa0l+exs+ODnOODvOODqyDjg4rjg4Hjg6Xjg6njg6vjga7ljp/mnZDmlpnjgJE8YnI+44Od44Oq44OX44Ot44OU44Os44OzPGJyPuOAkOimj+agvOamguimgeOAkTxicj7oo73lk4HjgrXjgqTjgroo57SEKeODu+ODu+ODu+W5hTI0NCrlpaXooYwyNDQq6auY44GVMTE1bW08YnI+PGJyPuOAkOeZuuWjsuWFg+OAgeijvemAoOWFg+OAgei8uOWFpeWFg+WPiOOBr+iyqeWjsuWFg+OAkTxicj7jgrXjg7PjgrPjg7zjg5fjg6njgrnjg4Hjg4Pjgq88YnI+PGJyPi8oL0YyMzY4MTEvKS88YnI+PGJyPuOCteODs+OCs+ODvOODl+ODqeOCueODgeODg+OCrzxicj41MTgtMTE0NSDkuInph43nnIzkvIros4DluILlronloLTmnbHotaTlnYIxNjAw55Wq5ZywPGJyPjA1OTUtMzktMTExMTxicj48YnI+5bqD5ZGK5paH6LKs77ya5qCq5byP5Lya56S+54i95b+r44OJ44Op44OD44KwPGJyPjxicj5b44Kt44OD44OB44Oz55So5ZOBXTwvZGl2PjwhLS0tLT4=,5rSX57Gz44Oc44O844OrIOODiuODgeODpeODqeODqygx44Kz5YWlKVvjgq3jg4Pjg4Hjg7PnlKjlk4Fd77ya54i95b+r44OJ44Op44OD44Kw,5o6D6Zmk5rSX5r+v5YGl5bq36aOf5ZOB5rC044O744OJ44Oq44Oz44Kv6aOf5paZ5ZOB5Yy76Jas5ZOB44OY44Or44K544Kx44Ki44OZ44OT44O85pel55So5ZOB44OT44Ol44O844OG44Kj5a626Zu744Oa44OD44OI44K544Od44O844OE44Oq44Op44Kv44K844O844K344On44Oz5rSX57Gz44Oc44O844OrIOODiuODgeODpeODqeODqygx44Kz5YWlKVvjgq3jg4Pjg4Hjg7PnlKjlk4Fd,44Kt44OD44OB44Oz55So5ZOB4piF56iO5oqcMTkwMOWGhuS7peS4iuOBp+mAgeaWmeeEoeaWmeKYheOAgua0l+exs+ODnOODvOODqyDjg4rjg4Hjg6Xjg6njg6soMeOCs+WFpSlb44Kt44OD44OB44Oz55So5ZOBXQ==[rn]
9-88313,aHR0cDovL3RzaG9wLnIxMHMuanAvc291a2FpL2NhYmluZXQvNDIvNDkwNDg3MDI3MTg0Mi5qcGc/Zml0aW49NzAwOjcwMA==,MzAzMi44MDAw,,44Kt44OD44OB44Oz55So5ZOB44O76aOf5Zmo44O76Kq/55CG5Zmo5YW3ID4g44Gd44Gu5LuW,44Oe44OD44Kt44Oz44Oq44O8IOODrOODs+OCuOODhuODvOODluODqyBTVTE4MO+8j0hGKDHlj7Ap44CQ44Oe44OD44Kt44Oz44Oq44O844CRW+ODrOODs+OCuOOCrOODvOODiV3jgJDpgIHmlpnnhKHmlpnjgJE=,44Oe44OD44Kt44Oz44Oq44O8KOODrOODs+OCuOOCrOODvOODiSnjgJDpgIHmlpnnhKHmlpnjgJE=,PGRpdiBpZD0icHJkLXBhZ2UiPjxpbWcgc3JjPWh0dHA6Ly93d3cucmFrdXRlbi5uZS5qcC9nb2xkL3NvdWthaS9pbWFnZS8wX3JfY2FtLmpwZyBib3JkZXI9MCB1c2VtYXA9I3JfY2FtPjxkaXYgY2xhc3M9InByZC1kZXRhaWwxIj48YnI+44CQ44OW44Op44Oz44OJ44CRPGJyPuODnuODg+OCreODs+ODquODvDxicj48YnI+44CQ55m65aOy5YWD44CB6KO96YCg5YWD44CB6Ly45YWl5YWD5Y+I44Gv6LKp5aOy5YWD44CRPGJyPuODnuODg+OCreODs+ODquODvDxicj48YnI+44CQ44Oe44OD44Kt44Oz44Oq44O8IOODrOODs+OCuOODhuODvOODluODqyBTVTE4MO+8j0hG44Gu5ZWG5ZOB6Kmz57Sw44CRPGJyPuKXj+OCrOOCueODhuODvOODluODq+OBvuOCj+OCiuOCkuacieWKuea0u+eUqDxicj7il4/nha7jgZPjgbzjgozjgavjgojjgovjgqzjgrnlj7Djga7msZrjgozjgpLjgqzjg7zjg4k8YnI+4peP44Ks44K544OG44O844OW44Or44Gu5LiL44Gr6Kit572u44GZ44KL44GT44Go44Gn44CB6Kq/5ZGz5paZ44KE5bCP55q/44GM572u44GR44KL5L6/5Yip44Gq5byV5Ye644GX44OG44O844OW44OrPGJyPuKXj+OCueODqeOCpOODieODhuODvOODluODq+OBq+ODleODg+e0oOmLvOadv+OCkuaOoeeUqOOAguOCteODg+OBqOOBsuOBqOaLreOBjeOBp+axmuOCjOOBjOiQveOBoeOCi+OBruOBp+OAgeOBiuaJi+WFpeOCjOewoeWNmOOAguOBiuaOg+mZpOOCguODqeOCr+ODqeOCrzxicj7il4/mnKzkvZPoo4/pnaLpg6jjga7lkLjnm6Tjgavjgojjgorjgqzjgr/jg4Tjgq3jgoTou6LlgJLjgpLpmLLmraI8YnI+PGJyPuOAkOODnuODg+OCreODs+ODquODvCDjg6zjg7Pjgrjjg4bjg7zjg5bjg6sgU1UxODDvvI9IRuOBruWOn+adkOaWmeOAkTxicj48dGFibGUgd2lkdGg9MzUwIGJvcmRlcj0yPjx0cj48dGQ+5pys5L2T44CB44K544Op44Kk44OJ44OG44O844OW44Or44O744O744O744OV44OD57Sg6Yu85p2/PC90ZD48L3RyPjwvdGFibGU+PGJyPuOAkOimj+agvOamguimgeOAkTxicj48dGFibGUgd2lkdGg9MzUwIGJvcmRlcj0yPjx0cj48dGQ+5pys5L2T44K144Kk44K644O744O744O7VzU5NSpENDI4KkgzN21tPGJyPuacrOS9k+mHjemHj+ODu+ODu+ODuzMuM2tnPGJyPuOCueODqeOCpOODieODu+ODu+ODuzI2Y208YnI+6ICQ6I236YeP44O744O744O744OG44O844OW44Or5pys5L2TIDMwa2fjgIHjgrnjg6njgqTjg4njg4bjg7zjg5bjg6sg5ZCI6KiINWtnPC90ZD48L3RyPjwvdGFibGU+PGJyPjxicj4oTWNraW5sZXkgbWNraW5sZXkg44G+44Gj44GN44KT44KK44O8IOOCrOOCueODhuODvOODluODqyk8YnI+LygvRjIxOTAwNS8pLzwvZGl2PjxkaXYgY2xhc3M9InByZC1kZXRhaWwyIj7jg57jg4Pjgq3jg7Pjg6rjg7wg44Os44Oz44K444OG44O844OW44OrIFNVMTgw77yPSEbjgavplqLjgZnjgovoqbPntLDjgarjgYrllY/lkIjjgZvjga/kuIvoqJjjgb7jgafjgYrpoZjjgYTjgZfjgb7jgZk8YnI+44Oe44OD44Kt44Oz44Oq44O8PGJyPjQzMS0xMzAzIOmdmeWyoeecjOa1nOadvuW4guWMl+WMuue0sOaxn+eUuuS4ieWSjDEzMTxicj4wNTMtNTQyLTA1MTY8aHI+5bqD5ZGK5paH6LKs77ya5qCq5byP5Lya56S+54i95b+r44OJ44Op44OD44KwPGJyPjxicj5b44Kt44OD44OB44Oz55So5ZOBL+ODluODqeODs+ODie+8muODnuODg+OCreODs+ODquODvC9dPGJyPjxicj5b5pel55So5ZOB77ye44Kt44OD44OB44Oz55So5ZOB77ye44Kt44OD44OB44Oz55So5ZOBIOOBneOBruS7lu+8njxiPuODnuODg+OCreODs+ODquODvOODrOODs+OCuOODhuODvOODluODq1NVMTgw77yPSEYgKDHlj7ApPC9iPl08L2Rpdj48L2Rpdj48IS0tLS0+,44Oe44OD44Kt44Oz44Oq44O8IOODrOODs+OCuOODhuODvOODluODqyBTVTE4MO+8j0hGKDHlj7Ap44CQ44Oe44OD44Kt44Oz44Oq44O844CRW+ODrOODs+OCuOOCrOODvOODiV3jgJDpgIHmlpnnhKHmlpnjgJHvvJrniL3lv6vjg4njg6njg4PjgrA=,5o6D6Zmk5rSX5r+v5YGl5bq36aOf5ZOB5rC044O744OJ44Oq44Oz44Kv6aOf5paZ5ZOB5Yy76Jas5ZOB44OY44Or44K544Kx44Ki44OZ44OT44O85pel55So5ZOB44OT44Ol44O844OG44Kj5a626Zu744Oa44OD44OI44K544Od44O844OE44Oq44Op44Kv44K844O844K344On44Oz44Oe44OD44Kt44Oz44Oq44O8IOODrOODs+OCuOODhuODvOODluODqyBTVTE4MO+8j0hGKDHlj7Ap44CQ44Oe44OD44Kt44Oz44Oq44O844CRW+ODrOODs+OCuOOCrOODvOODiV3jgJDpgIHmlpnnhKHmlpnjgJE=,44Oe44OD44Kt44Oz44Oq44O8KOODrOODs+OCuOOCrOODvOODiSnjgJDpgIHmlpnnhKHmlpnjgJHjgILjg57jg4Pjgq3jg7Pjg6rjg7wg44Os44Oz44K444OG44O844OW44OrIFNVMTgw77yPSEYoMeWPsCnjgJDjg57jg4Pjgq3jg7Pjg6rjg7zjgJFb44Os44Oz44K444Ks44O844OJXeOAkOmAgeaWmeeEoeaWmeOAkQ==[rn]
9-88314,aHR0cDovL3RzaG9wLnIxMHMuanAvaG9iYnl0b3kvY2FiaW5ldC90YXN5YTMwLzcwNTc2OTgtZS5qcGc/Zml0aW49NzAwOjcwMA==,NTA0LjAwMDA=,,44Kt44OD44OB44Oz55So5ZOB44O76aOf5Zmo44O76Kq/55CG5Zmo5YW3ID4g44Gd44Gu5LuW,44CQ6Jmr44KI44GRIOODm+OCs+ODquOCiOOBkeOAkeOCreODg+ODgeODs+ODkeODqeOCveODqyDoirHmn4Tjg5vjg6/jgqTjg4gg5bCP44CQ44Kt44OD44OB44Oz44Kw44OD44K644CR44K144Oz44OV44Kh44Of44Oq44O8IOODi+ODvOOCuuOAkETjgJE=,,PGI+PGZvbnQgY29sb3I9IiNEQ0RDREMiPuOAkOiZq+OCiOOBkSDjg5vjgrPjg6rjgojjgZEg44Kt44OD44OB44Oz44Kw44OD44K644CR44K144Oz44OV44Kh44Of44Oq44O8IOODi+ODvOOCujwvZm9udD48L2I+PGJyPuOBu+OBk+OCiuOChOiZq+OBi+OCiemjn+S6i+OCkuWuiOOBo+OBpuOBj+OCjOOCi++8gTxicj48YnI+CuODu+aWmeeQhuOChOaenOeJqeOBq+iiq+OBm+OAgeiZq+OChOOBu+OBk+OCiuOBi+OCiemjn+OBueeJqeOCkuWuiOOCiuOBvuOBmeOAgjxicj4K44O744Kt44Oj44Oz44OX562J44Gu44Ki44Km44OI44OJ44Ki6Kq/55CG44Gr44KC5L6/5Yip77yB77yBPGJyPgrjg7vkvb/nlKjmmYLjga/jg6/jg7Pjgr/jg4Pjg4HjgafplovjgY3jgIHnlbPjgoDjgajlsI/jgZXjgY/jgarjgovjga7jgaflj47ntI3jgavjgoLloLTmiYDjgpLlj5bjgonjgarjgYTjga7jgoLlrInjgZfjgYTvvIE8YnI+PGJyPuKXj+WVhuWTgeOCteOCpOOCuu+8iGNt77yJ77yaz4bntIQ0Ni4ww5fpq5jjgZXntIQyMC4wPGJyPgril4/mnZDos6o8YnI+CuacrOS9k+eUn+WcsO+8muODrOODvOODqOODszY177yF44O757a/MzXvvIU8YnI+CuacrOS9k+mqqOe1hO+8muOCueODgeODvOODqzxicj4K4peP44Kr44Op44O877ya6Iqx5p+Ew5fjg5vjg6/jgqTjg4g8YnI+PGJyPjxmb250IHNpemU9Ii0xIj7il4fil4bjgYrjgrnjgrnjg6HllYblk4Hil4bil4c8YnI+CuKYheOCreODg+ODgeODs+ODkeODqeOCveODqyDoirHmn4Tjg5vjg6/jgqTjg4gg5bCPPGJyPgrimIXjgq3jg4Pjg4Hjg7Pjg5Hjg6njgr3jg6sg6Iqx5p+E44Ob44Ov44Kk44OIIOWkpzxicj48L2ZvbnQ+PGNlbnRlcj4KCjx0YWJsZSB3aWR0aD02MDAgYm9yZGVyPTAgY2VsbHBhZGRpbmc9MCBjZWxsc3BhY2luZz0wPjx0cj48dGQ+PGZvbnQgY29sb3I9RkYwMDAwIHNpemU9Mj48c3Ryb25nPuKYheWVhuWTgeOBruOBiuWxiuOBkeebruWuiTwvc3Ryb25nPjwvZm9udD48Zm9udCBjb2xvcj0jNjY2NjY2IHNpemU9Mj48YnI+5ZWG5ZOB44Gr44KI44KK44GK5bGK44GR44Gu55uu5a6J44GM55Ww44Gq44KK44G+44GZ44CC5LiL6KiY44Gu6KGo44KS44GU5Y+C6ICD44GP44Gg44GV44GE44CCPC9mb250Pjxicj48YnI+PGZvbnQgY29sb3I9cmVkIHNpemU9Mj7igLvoqqDjgavli53miYvjgafjga/jgZTjgZbjgYTjgb7jgZnjgYzjgIHlnJ/mm5zjg7vml6Xmm5zjg7vnpZ3ml6Xjga/jgYrkvJHjgb/jgpLpoILjgYTjgabjgYrjgorjgb7jgZnjgII8YnI+44CAIOOBneOBrueCuuOAgeWcn+ODu+aXpeODu+elneaXpeOCkumZpOOBj+WWtualreaXpeOBp+OBruaXpeaVsOOBqOOBquOCiuOBvuOBmeOAgjxicj7jgIAg5L2V5Y2S44GU5LqG5om/44GP44Gg44GV44GE44G+44Gb44CCPC9mb250Pjxmb250IHNpemU9Mj48YnI+PGJyPjwvZm9udD48dGFibGUgd2lkdGg9NjAwIGJvcmRlcj0xIGNlbGxwYWRkaW5nPTUgY2VsbHNwYWNpbmc9MCBib3JkZXJjb2xvcj02NjY2NjY+PGNvbCB3aWR0aD0xMjU+PGNvbCB3aWR0aD00MDI+PHRyIGhlaWdodD0zMj48dGQgd2lkdGg9MTQwIGhlaWdodD0zMiBiZ2NvbG9yPSNGRkZGOTk+PGRpdiBhbGlnbj1jZW50ZXI+PGZvbnQgc2l6ZT0yPjxzdHJvbmc+PGZvbnQgY29sb3I9IzY2NjY2Nj7llYblk4HnqK7poZ48L2ZvbnQ+PC9zdHJvbmc+PC9mb250PjwvZGl2PjwvdGQ+PHRkIGJnY29sb3I9I0ZGRkY5OT48ZGl2IGFsaWduPWNlbnRlcj48Zm9udCBzaXplPTI+PHN0cm9uZz48Zm9udCBjb2xvcj0jNjY2NjY2PuOBiuWxiuOBkeOBvuOBp+OBq+OBi+OBi+OCi+aXpeaVsOOBruebruWuiTwvZm9udD48L3N0cm9uZz48L2ZvbnQ+PC9kaXY+PC90ZD48dGQgd2lkdGg9MjAwIGJnY29sb3I9I0ZGRkY5OT48ZGl2IGFsaWduPWNlbnRlcj48Zm9udCBzaXplPTI+PHN0cm9uZz48Zm9udCBjb2xvcj0jNjY2NjY2PuaMh+WumuOBp+OBjeOCi+OBiuWxiuOBkeaXpTwvZm9udD48L3N0cm9uZz48L2ZvbnQ+PC9kaXY+PC90ZD48L3RyPjx0ciBoZWlnaHQ9MzI+PHRkIHdpZHRoPTE0MCBoZWlnaHQ9MzIgYmdjb2xvcj0jQUVEOUZCPjxkaXYgYWxpZ249Y2VudGVyPjxmb250IGNvbG9yPSM2NjY2NjYgc2l6ZT0yPuOAkOWcqOW6q+WTgeOAkTwvZm9udD48L2Rpdj48L3RkPjx0ZCByb3dzcGFuPSIyIj48Zm9udCBjb2xvcj0jNjY2NjY2IHNpemU9Mj7pgJrluLjjgIEz772eN+WWtualreaXpeOBq+OBiuWxiuOBkeOAgjwvZm9udD48L3RkPjx0ZCB3aWR0aD0yMDAgcm93c3Bhbj0iMiI+PGZvbnQgY29sb3I9IzY2NjY2NiBzaXplPTI+44GU5rOo5paH5pel44GL44KJM+WWtualreaXpe+9njE05pel44Gn5oyH5a6a5Y+v6IO944CCPC9mb250PjwvdGQ+PC90cj48dHIgaGVpZ2h0PTMyPjx0ZCB3aWR0aD0xNDAgaGVpZ2h0PTMyIGJnY29sb3I9I0FFRDlGQj48ZGl2IGFsaWduPWNlbnRlcj48Zm9udCBjb2xvcj0jNjY2NjY2IHNpemU9Mj7jgJDnm7TpgIHlk4HjgJE8L2ZvbnQ+PC9kaXY+PC90ZD48L3RyPjx0ciBoZWlnaHQ9MzI+PHRkIHdpZHRoPTE0MCBoZWlnaHQ9MzIgYmdjb2xvcj0jQUVEOUZCPjxkaXYgYWxpZ249Y2VudGVyPjxmb250IGNvbG9yPSM2NjY2NjYgc2l6ZT0yPuOAkOS6iOe0hOWTgeOAkTwvZm9udD48L2Rpdj48L3RkPjx0ZD48ZGl2IGFsaWduPWxlZnQ+PGZvbnQgY29sb3I9IzY2NjY2NiBzaXplPTI+6YCa5bi444CB55m65aOy5pel772eN+WWtualreaXpeOBq+OBiuWxiuOBkeOAgjxicj7vvIjigLvliY3lvozjgZnjgovloLTlkIjjgYzjgZTjgZbjgYTjgb7jgZnvvIk8L2ZvbnQ+PC9kaXY+PC90ZD48dGQgd2lkdGg9MjAwPjxmb250IGNvbG9yPSM2NjY2NjYgc2l6ZT0yPuOBiuWxiuOBkeaXpeOBruaMh+WumuOBr+OBp+OBjeOBvuOBm+OCk+OAgjwvZm9udD48L3RkPjwvdHI+PHRyIGhlaWdodD0zMj48dGQgd2lkdGg9MTQwIGhlaWdodD0zMiBiZ2NvbG9yPSNBRUQ5RkI+PGRpdiBhbGlnbj1jZW50ZXI+PGZvbnQgY29sb3I9IzY2NjY2NiBzaXplPTI+44CQ5Y+W5a+E5ZOB44CRPC9mb250PjwvZGl2PjwvdGQ+PHRkPjxmb250IGNvbG9yPSM2NjY2NjYgc2l6ZT0yPumAmuW4uOOAgTTvvZ4xMOWWtualreaXpeOBq+OBiuWxiuOBkeOAgjwvZm9udD48L3RkPjx0ZCB3aWR0aD0yMDA+PGZvbnQgY29sb3I9IzY2NjY2NiBzaXplPTI+44GK5bGK44GR5pel44Gu5oyH5a6a44Gv44Gn44GN44G+44Gb44KT44CCPC9mb250PjwvdGQ+PC90cj48dHIgaGVpZ2h0PTMyPjx0ZCB3aWR0aD0xNDAgaGVpZ2h0PTMyIGJnY29sb3I9I0FFRDlGQj48ZGl2IGFsaWduPWNlbnRlcj48Zm9udCBjb2xvcj0jNjY2NjY2IHNpemU9Mj7jgJDjg6Hjg7zjgqvjg7zlj5blr4Tlk4HjgJE8L2ZvbnQ+PC9kaXY+PC90ZD48dGQ+PGZvbnQgY29sb3I9IzY2NjY2NiBzaXplPTI+6YCa5bi4NO+9njIw5Za25qWt5pel44Gr44GK5bGK44GR44CCPGJyPuips+OBl+OBhOOBiuWxiuOBkeaXpeOBr+OBlOazqOaWh+W+jOOBq+OBlOahiOWGheOBhOOBn+OBl+OBvuOBmeOAgjwvZm9udD48L3RkPjx0ZCB3aWR0aD0yMDA+PGZvbnQgY29sb3I9IzY2NjY2NiBzaXplPTI+44GK5bGK44GR5pel44Gu5oyH5a6a44Gv44Gn44GN44G+44Gb44KT44CCPC9mb250PjwvdGQ+PC90cj48L3RhYmxlPjxmb250IGNvbG9yPWRlZXBwaW5rIHNpemU9Mj48YnI+4oC75ZWG5ZOB5Zyo5bqr44Gv44Gk44Gt44Gr5aSJ5YuV44GX44Gm44GK44KK44G+44GZ44Gu44Gn44CB5Zyo5bqr54q25rOB44Gr44KI44KKPGJyPuOAgCDkuIroqJjjga7ml6XnqIvjgafjgYrlsYrjgZHjgafjgY3jgarjgYTloLTlkIjjgYzjgZTjgZbjgYTjgb7jgZnjgII8YnI+4oC744GK5bGK44GR55uu5a6J44Gu55Ww44Gq44KL5ZWG5ZOB44KS44CB44GE44Gj44GX44KH44Gr44GU5rOo5paH44GE44Gf44Gg44GE44Gf5aC05ZCI44CBPGJyPuOAgCDjgoLjgaPjgajjgoLpgYXjgYTjgYrlsYrjgZHml6XjgavlkIjjgo/jgZvjgabkuIDmi6zjgafjgYrlsYrjgZHjgavjgarjgorjgb7jgZnjgII8L2ZvbnQ+PC90ZD48L3RyPjwvdGFibGU+Cgo8YnI+PGJyPgo8IS0t44GC44Go44GE44GP44KJLS0+Cjxicj4KPGltZyBzcmM9Imh0dHA6Ly9pbWFnZS5yYWt1dGVuLmNvLmpwL2hvYmJ5dG95L2NhYmluZXQvYWJlbWkvaW1nNTc1MDc1MjYuZ2lmIiBib3JkZXI9MD48YnI+Cgo8aW1nIHNyYz0iaHR0cDovL2ltYWdlLnJha3V0ZW4uY28uanAvaG9iYnl0b3kvY2FiaW5ldC9hYmVtaS9hdG9pa3VyYV8wLmdpZiIgYm9yZGVyPTA+PGltZyBzcmM9Imh0dHA6Ly9pbWFnZS5yYWt1dGVuLmNvLmpwL2hvYmJ5dG95L2NhYmluZXQvYWJlbWkvYXRvaWt1cmFfMDMuZ2lmIiBib3JkZXI9MD48aW1nIHNyYz0iaHR0cDovL2ltYWdlLnJha3V0ZW4uY28uanAvaG9iYnl0b3kvY2FiaW5ldC9hYmVtaS9hdG9pa3VyYV8wNC5naWYiIGJvcmRlcj0wPjxpbWcgc3JjPSJodHRwOi8vaW1hZ2UucmFrdXRlbi5jby5qcC9ob2JieXRveS9jYWJpbmV0L2FiZW1pL2F0b2lrdXJhXzA1LmdpZiIgYm9yZGVyPTA+CgoKPGJyPjxicj4KCgoKCjwhLS08aW1nIHNyYz1odHRwOi8vaW1hZ2UucmFrdXRlbi5jby5qcC9ob2JieXRveS9jYWJpbmV0L3NhbGUvNTAwXzM1MHgxMDAuanBnIGJvcmRlcj0wPjxpbWcgc3JjPWh0dHA6Ly9pbWFnZS5yYWt1dGVuLmNvLmpwL2hvYmJ5dG95L2NhYmluZXQvc2FsZS9jcmVhbl8zNTB4MTAwLmpwZyBib3JkZXI9MD48YnI+PGltZyBzcmM9aHR0cDovL2ltYWdlLnJha3V0ZW4uY28uanAvaG9iYnl0b3kvY2FiaW5ldC9zb3phaS9iYW5hcl8yMDEwcmFpbi5qcGcgYm9yZGVyPTA+LS0+Cgo8L2NlbnRlcj4=,44CQ6Jmr44KI44GRIOODm+OCs+ODquOCiOOBkeOAkeOCreODg+ODgeODs+ODkeODqeOCveODqyDoirHmn4Tjg5vjg6/jgqTjg4gg5bCP44CQ44Kt44OD44OB44Oz44Kw44OD44K644CR44K144Oz44OV44Kh44Of44Oq44O8IOODi+ODvOOCuuOAkETjgJHvvJrjg5vjg5Pjg7zjgajjgYrjgoLjgaHjgoPjga7jgbvjgbPjgZ/jgb4=,5Luu6Z2i44Op44Kk44OA44O844Ob44OT44O844OV44Kj44Ku44Ol44Ki5oim6ZqK44OX44Oq44Kt44Ol44Ki44Kt44Oj44Op44Kv44K/44O844OQ44Oz44OA44Kk44K/44Kr44Op44OI44Of44O844Ko44Od44OD44Kv56S+44OK44OO44OW44Ot44OD44Kv44Os44K044CA44OW44Ot44OD44Kv44K744KsU0VHQUxFR0/jgYrjgoLjgaHjgoPjg5njg5Pjg7zjgIDjgYrjgoLjgaHjgoPotaTjgaHjgoPjgpPjgIDjgYrjgoLjgaHjgoPjgrvjgqzjg4jjgqTjgrrjgYrjgoLjgaHjgoPjgIDjg5bjg63jg4Pjgq/jgqvjg6/jg4DjgIDjg5bjg63jg4Pjgq/jgJDomavjgojjgZEg44Ob44Kz44Oq44KI44GR44CR44Kt44OD44OB44Oz44OR44Op44K944OrIOiKseafhOODm+ODr+OCpOODiCDlsI/jgJDjgq3jg4Pjg4Hjg7PjgrDjg4PjgrrjgJHjgrXjg7Pjg5XjgqHjg5/jg6rjg7wg44OL44O844K644CQROOAkQ==,44CQ6Jmr44KI44GRIOODm+OCs+ODquOCiOOBkeOAkeOCreODg+ODgeODs+ODkeODqeOCveODqyDoirHmn4Tjg5vjg6/jgqTjg4gg5bCP44CQ44Kt44OD44OB44Oz44Kw44OD44K644CR44K144Oz44OV44Kh44Of44Oq44O8IOODi+ODvOOCuuOAkETjgJE=[rn]
9-88315,aHR0cDovL3RzaG9wLnIxMHMuanAvZW5ldGFubWluL2NhYmluZXQvdGFzeWEyOS83MDUzMTA0LWUuanBnP2ZpdGluPTcwMDo3MDA=,MzcwLjQwMDA=,,44Kt44OD44OB44Oz55So5ZOB44O76aOf5Zmo44O76Kq/55CG5Zmo5YW3ID4g44Gd44Gu5LuW,44CQ5pyo6KO96aOf5ZmoIOODiuODgeODpeODqeODq+OAkeOCquODquODvOODluODkOOCv+ODvOODiuOCpOODleOAkOmjn+WZqCDjgqvjg4jjg6njg6rjg7wg44Kt44OD44OB44OzIOOCq+ODleOCp+OAkSA2NzUwNOOAkETjgJHjgJBGQuOAkQ==,4piF44Od44Kk44Oz44OI5pyA5aSnMzXlgI3imIUgNS8yMCAyMDowMO+9ng==,PGI+PGZvbnQgY29sb3I9ImJsYWNrIj7jgJDmnKjoo73po5/lmagg44OK44OB44Ol44Op44OrIOmjn+WZqCDjgqvjg4jjg6njg6rjg7wg44Kt44OD44OB44OzIOOCq+ODleOCp+OAkeS4jeS6jOiyv+aYkzwvZm9udD48L2I+PGJyPueLrOeJueOBruacqOebruOBjOeJueW+tOeahOOBquOCquODquODvOODluOCpuODg+ODieOAgjxicj7loIXjgY/jgIHlr4bluqbjgoLpq5jjgYTjgZ/jgoHjgIHlgrfjgoLjgaTjgY3jgavjgY/jgY/kuIjlpKvjgafjgZnjgII8YnI+44Kq44Oq44O844OW44Gv5a6f44KS5LuY44GR44Gq44GP44Gq44Gj44Gf44KC44Gu44GX44GL5LyQ5o6h44GM5Ye65p2l44Gq44GE44Gf44KB44CB5Y6f5p2Q5paZ44KC5YWl5omL44GZ44KL44Gu44GM5Zuw6Zuj44Gq5pyo5p2Q44CCPGJyPuOCquODquODvOODluOCquOCpOODq+OCkuWumuacn+eahOOBq+Whl+OCi+OBk+OBqOOBp+acqOebruOCgumam+eri+OBoeOAgeOBvuOBn+OBsuOBs+WJsuOCjOOCguOBl+OBq+OBj+OBj+OBquOCiuOBvuOBmeOAgjxicj48YnI+PGJyPuKXj+WVhuWTgeOCteOCpOOCuu+8iGNt77yJ77ya5bmF57SEMTjDl+WlpeihjOe0hDIuNcOX6auY44GV57SEMC41PGJyPjxzdHlsZSB0eXBlPSJ0ZXh0L2NzcyI+CgovKiDjgYrmsJfjgavlhaXjgorllYblk4Hlt67jgZfmm7/jgYjjgr/jgrAgKi8KI3Jha3V0ZW5MaW1pdGVkSWRfYXJvdW5kQ2FydCAjc2VydmljZVRhYmxlU21sIHRkLmZhdm9yaXRlIHsKcGFkZGluZy10b3A6IDVweDsKfQojcmFrdXRlbkxpbWl0ZWRJZF9hcm91bmRDYXJ0IGRpdi5ib29rbWFya0FyZWEgZGl2LmJrbSB7CndpZHRoOiAzMTBweCAhaW1wb3J0YW50OwpoZWlnaHQ6MTAwcHggIWltcG9ydGFudDsKcGFkZGluZzogMHB4IDBweCAxMHB4IDBweCAhaW1wb3J0YW50Owp9CiNyYWt1dGVuTGltaXRlZElkX2Fyb3VuZENhcnQgZGl2LmJvb2ttYXJrQXJlYSBkaXYuYmttIGEuYWRkQmttIHsKd2lkdGg6IDMxMHB4ICFpbXBvcnRhbnQ7CmhlaWdodDoxMDBweCAhaW1wb3J0YW50Owp9CiNyYWt1dGVuTGltaXRlZElkX2Fyb3VuZENhcnQgZGl2LmJvb2ttYXJrQXJlYSBkaXYuYmttIGEuYWRkQmttIHNwYW4uYmttU3RhciB7CmRpc3BsYXk6IGlubGluZS1ibG9jayAhaW1wb3J0YW50Owp3aWR0aDogMzEwcHggIWltcG9ydGFudDsKaGVpZ2h0OjEwMHB4ICFpbXBvcnRhbnQ7Cm1hcmdpbjowcHggMHB4IDEwcHggMHB4ICFpbXBvcnRhbnQ7CmJhY2tncm91bmQ6IHVybCgiaHR0cDovL2ltYWdlLnJha3V0ZW4uY28uanAvZW5ldGFubWluL2NhYmluZXQvMDE2NjAwMTcvb2tpbmkuanBnIikgbm8tcmVwZWF0ICFpbXBvcnRhbnQ7Cn0KCi8qIOOBiuawl+OBq+WFpeOCiuOCt+ODp+ODg+ODl+W3ruOBl+abv+OBiOOCv+OCsCAqLwpkaXYuYm9va21hcmtBcmVhIHsKd2lkdGg6IDMxMHB4ICFpbXBvcnRhbnQ7Cn0KI3Jha3V0ZW5MaW1pdGVkSWRfYXJvdW5kQ2FydCBkaXYuc2hvcEJvb2ttYXJrQXJlYSBkaXYuc2hvcEJrbSB7CndpZHRoOiAzMTBweCAhaW1wb3J0YW50OwpoZWlnaHQ6MTAwcHggIWltcG9ydGFudDsKcGFkZGluZzogMHB4IDBweCAhaW1wb3J0YW50OwpwYWRkaW5nLWxlZnQ6IDBweCAhaW1wb3J0YW50Owp9CiNyYWt1dGVuTGltaXRlZElkX2Fyb3VuZENhcnQgZGl2LnNob3BCb29rbWFya0FyZWEgZGl2LnNob3BCa20gYS5hZGRTaG9wQmttIHNwYW4uc2hvcEJrbVN0YXIgewpkaXNwbGF5OiBpbmxpbmUtYmxvY2sgIWltcG9ydGFudDsKd2lkdGg6IDMxMHB4ICFpbXBvcnRhbnQ7CmhlaWdodDoxMDBweCAhaW1wb3J0YW50OwptYXJnaW4tcmlnaHQ6IDBweCAhaW1wb3J0YW50OwpiYWNrZ3JvdW5kOiB1cmwoImh0dHA6Ly9pbWFnZS5yYWt1dGVuLmNvLmpwL2VuZXRhbm1pbi9jYWJpbmV0LzAxNjYwMDE3L29raW5pc2hvcC5qcGciKSBuby1yZXBlYXQgIWltcG9ydGFudDsKfQoKPC9zdHlsZT4KCgoKCgo8IS0t6YCB5paZ54Sh5paZ44GT44GT44GL44KJLS0+Cjx0YWJsZSB3aWR0aD0iNzUwIiBib3JkZXI9IjAiIGNlbGxwYWRkaW5nPSIwIiBjZWxsc3BhY2luZz0iMCI+CiAgPHRyPgogICAgPHRkPjxpbWcgc3JjPSJodHRwOi8vaW1hZ2UucmFrdXRlbi5jby5qcC9lbmV0YW5taW4vY2FiaW5ldC9kb3Vrb24vdDEuZ2lmIiB3aWR0aD0iNzUwIiBoZWlnaHQ9IjU2Ij48L3RkPgogIDwvdHI+CiAgPHRyPgogICAgPHRkIGhlaWdodD0iMTY0IiB2YWxpZ249ImJvdHRvbSIgYmFja2dyb3VuZD0iaHR0cDovL2ltYWdlLnJha3V0ZW4uY28uanAvZW5ldGFubWluL2NhYmluZXQvZG91a29uL3QyXzEuZ2lmIj48dGFibGUgYm9yZGVyPSIwIiBhbGlnbj0iY2VudGVyIiBjZWxscGFkZGluZz0iMSI+CiAgICAgICAgPHRyPgogICAgICAgICAgPHRkPjxpbWcgc3JjPSJodHRwOi8vaW1hZ2UucmFrdXRlbi5jby5qcC9lbmV0YW5taW4vY2FiaW5ldC9kb3Vrb24vYjEuZ2lmIiBhbHQ9IumAgeaWmeeEoeaWmSIgd2lkdGg9IjE3NyIgaGVpZ2h0PSI3NyIgYm9yZGVyPSIwIj48L3RkPgogICAgICAgICAgPHRkPjxpbWcgc3JjPSJodHRwOi8vaW1hZ2UucmFrdXRlbi5jby5qcC9lbmV0YW5taW4vY2FiaW5ldC9kb3Vrb24vYjIuZ2lmIiBhbHQ9IuOBguOBqDEwMDDlhoYiIHdpZHRoPSIxNzciIGhlaWdodD0iNzciIGJvcmRlcj0iMCI+PC90ZD4KICAgICAgICAgIDx0ZD48aW1nIHNyYz0iaHR0cDovL2ltYWdlLnJha3V0ZW4uY28uanAvZW5ldGFubWluL2NhYmluZXQvZG91a29uL2IzLmdpZiIgYWx0PSLjgYLjgagyMDAw5YaGIiB3aWR0aD0iMTc3IiBoZWlnaHQ9Ijc3IiBib3JkZXI9IjAiPjwvdGQ+CiAgICAgICAgICA8dGQ+PGltZyBzcmM9Imh0dHA6Ly9pbWFnZS5yYWt1dGVuLmNvLmpwL2VuZXRhbm1pbi9jYWJpbmV0L2RvdWtvbi9iNC5naWYiIGFsdD0i44GC44GoMzAwMOWGhiIgd2lkdGg9IjE3NyIgaGVpZ2h0PSI3NyIgYm9yZGVyPSIwIj48L3RkPgogICAgICAgIDwvdHI+CiAgICAgICAgPHRyPgogICAgICAgICAgPHRkPiZuYnNwOzwvdGQ+CiAgICAgICAgICA8dGQ+Jm5ic3A7PC90ZD4KICAgICAgICAgIDx0ZD4mbmJzcDs8L3RkPgogICAgICAgICAgPHRkPiZuYnNwOzwvdGQ+CiAgICAgICAgPC90cj4KICAgICAgPC90YWJsZT48L3RkPgogIDwvdHI+CjwvdGFibGU+CjwhLS3pgIHmlpnnhKHmlpnjgZPjgZPjgb7jgactLT4KCjwhLS3nibnpm4bjg7vjgqTjg5njg7Pjg4gtLT4KPGJyPgo8aW1nIHNyYz1odHRwOi8vaW1hZ2UucmFrdXRlbi5jby5qcC9lbmV0YW5taW4vY2FiaW5ldC93ZWJfYm4vMTMxMTIwdGl0bGV3LmpwZyBib3JkZXI9MCB3aWR0aD03MDA+PGJyPjxicj4KCjxpbWcgc3JjPWh0dHA6Ly9pbWFnZS5yYWt1dGVuLmNvLmpwL2VuZXRhbm1pbi9jYWJpbmV0LzAxNjYwMDE3L2Z1dG9uc2V0LmpwZyBib3JkZXI9MCB3aWR0aD03MDA+PGJyPjxicj4KCjxpbWcgc3JjPWh0dHA6Ly9pbWFnZS5yYWt1dGVuLmNvLmpwL2VuZXRhbm1pbi9jYWJpbmV0LzAxNjYwMDE3L2JlZDc1MF8xNjAuanBnIGJvcmRlcj0wIHdpZHRoPTcwMD48YnI+PGJyPgoKPGltZyBzcmM9aHR0cDovL2ltYWdlLnJha3V0ZW4uY28uanAvZW5ldGFubWluL2NhYmluZXQvMDE2NjAwMTcvbWF0NzUwXzE2MC5qcGcgYm9yZGVyPTAgd2lkdGg9NzAwPjxicj48YnI+Cgo8aW1nIHNyYz1odHRwOi8vaW1hZ2UucmFrdXRlbi5jby5qcC9lbmV0YW5taW4vY2FiaW5ldC8wMTY2MDAxNy9rYWtlNzUwXzE2MC5qcGcgYm9yZGVyPTAgd2lkdGg9NzAwPjxicj48YnI+Cgo8aW1nIHNyYz1odHRwOi8vaW1hZ2UucmFrdXRlbi5jby5qcC9lbmV0YW5taW4vY2FiaW5ldC8wMTY2MDAxNy9zaGlraWh1dG9uXzc1MDE2MC5qcGcgYm9yZGVyPTAgd2lkdGg9NzAwPjxicj48YnI+Cgo8aW1nIHNyYz1odHRwOi8vaW1hZ2UucmFrdXRlbi5jby5qcC9lbmV0YW5taW4vY2FiaW5ldC8wMTY2MDAxNy9tYWt1cmEuanBnIGJvcmRlcj0wIHdpZHRoPTcwMD48YnI+PGJyPgoKPGltZyBzcmM9aHR0cDovL2ltYWdlLnJha3V0ZW4uY28uanAvZW5ldGFubWluL2NhYmluZXQvZXZlbnQvMTMwMzE5Y292ZXIvdGl0bGVfYW5taW4uanBnIGJvcmRlcj0wIHdpZHRoPTcwMD48YnI+PGJyPgoKPGltZyBzcmM9aHR0cDovL2ltYWdlLnJha3V0ZW4uY28uanAvbWFtYWJhYnkvY2FiaW5ldC9ldmVudF93ZWIvMTMwOTIwYmFieV9mdXRvbi90aXRsZS5qcGcgYm9yZGVyPTAgd2lkdGg9NzAwPjxicj48YnI+,44CQ5pyo6KO96aOf5ZmoIOODiuODgeODpeODqeODq+OAkeOCquODquODvOODluODkOOCv+ODvOODiuOCpOODleOAkOmjn+WZqCDjgqvjg4jjg6njg6rjg7wg44Kt44OD44OB44OzIOOCq+ODleOCp+OAkSA2NzUwNOOAkETjgJHjgJBGQuOAke+8muWvneWFt+OBqOWuieecoOOCsOODg+OCuuWwgumWgOW6lyBhbm1pbg==,5a+d5YW344OZ44OD44OJ44Oe44OD44OI44Os44K557695q+b5biD5Zuj5biD5Zuj44K744OD44OI5p6V6KW/5bed5o6b44GR5biD5Zuj44Ki44Kk44Oq44K544Kq44O844Ok44Oe5Y+O57SN5pW35biD5Zuj44Ko44Ki44Oq44O8IOODnuODg+ODiOODrOOCueODleODqeODs+OCueODmeODg+ODiUZhYiB0aGUgaG9tZeW6p+akheWtkOWutuWFt+aKmOOCiuOBn+OBn+OBv+ODmeODg+ODieODmeODk+ODvOOBteOBqOOCk+OCouOCpuODiOODqeOCueODiOODqeODg+OCr+OAkOacqOijvemjn+WZqCDjg4rjg4Hjg6Xjg6njg6vjgJHjgqrjg6rjg7zjg5bjg5Djgr/jg7zjg4rjgqTjg5XjgJDpo5/lmagg44Kr44OI44Op44Oq44O8IOOCreODg+ODgeODsyDjgqvjg5XjgqfjgJEgNjc1MDTjgJBE44CR44CQRkLjgJE=,4piF44Od44Kk44Oz44OI5pyA5aSnMzXlgI3imIUgNS8yMCAyMDowMO+9nuOAguOAkOacqOijvemjn+WZqCDjg4rjg4Hjg6Xjg6njg6vjgJHjgqrjg6rjg7zjg5bjg5Djgr/jg7zjg4rjgqTjg5XjgJDpo5/lmagg44Kr44OI44Op44Oq44O8IOOCreODg+ODgeODsyDjgqvjg5XjgqfjgJEgNjc1MDTjgJBE44CR44CQRkLjgJE=[rn]
9-88316,aHR0cDovL3RzaG9wLnIxMHMuanAvc291a2FpL2NhYmluZXQvNDQvNDUzOTc4MDAwMTE0NC5qcGc/Zml0aW49NzAwOjcwMA==,MzYxLjYwMDA=,,44Kt44OD44OB44Oz55So5ZOB44O76aOf5Zmo44O76Kq/55CG5Zmo5YW3ID4g44Gd44Gu5LuW,44Kr44K744OD44OI44Oc44Oz44OZIOeBq+WtkOOBoeOCg+OCkyDjgYrlvrPnlKgoMjUwZyoz5pys5YWlKQ==,4piF56iO5oqcMTkwMOWGhuS7peS4iuOBp+mAgeaWmeeEoeaWmeKYhQ==,PGRpdiBpZD0ncHJkLXBhZ2UnPjxpbWcgc3JjPSdodHRwOi8vd3d3LnJha3V0ZW4ubmUuanAvZ29sZC9zb3VrYWkvaW1hZ2UvMF9yX2NhbS5qcGcnIGJvcmRlcj0nMCc+PGJyPjxicj7jgYrlupdUT1DvvJ7ml6XnlKjlk4HvvJ7oqr/nkIblmajlhbfvvJ7oqr/nkIblmajlhbcg44Gd44Gu5LuW77ye44Kr44K744OD44OI44Oc44Oz44OZIOeBq+WtkOOBoeOCg+OCkyDjgYrlvrPnlKggKDI1MGcqM+acrOWFpSk8YnI+PGJyPuKYheeojuaKnDE5MDDlhobku6XkuIrjgafpgIHmlpnnhKHmlpnimIU8YnI+PGJyPuOAkOOCq+OCu+ODg+ODiOODnOODs+ODmSDngavlrZDjgaHjgoPjgpMg44GK5b6z55So44Gu5ZWG5ZOB6Kmz57Sw44CRPGJyPuKXj+WutuW6reeUqOOBruOCq+OCu+ODg+ODiOOCs+ODs+ODreOBruOCrOOCueODnOODs+ODmeOBp+OBmeOAgjxicj7il4/jgYrlvrPnlKgz5pys44OR44OD44Kv44CCKDI1MGfjga4z5pys5YWl44KK44Gn44GZ44CCKTxicj7il4/mtrLljJbjg5bjgr/jg7PjgqzjgrnjgIHmnInoh608YnI+PGJyPuOAkOazqOaEj+S6i+mgheOAkTxicj7jg7vkvb/nlKjjgavpmpvjgZfjgabjga/jgIHlj5bmibHoqqzmmI7mm7jjgpLjgojjgY/jgYroqq3jgb/jgY/jgaDjgZXjgYTjgII8YnI+44O75a655Zmo44Gv6KGo56S644Gp44GK44KK5q2j44GX44GP44K744OD44OI44GX44Gm44GP44Gg44GV44GE44CCPGJyPuODu+S5s+W5vOWFkOOBruaJi+OBruWxiuOBi+OBquOBhOWgtOaJgOOBq+S/neeuoeOBl+OBpuOBj+OBoOOBleOBhOOAgjxicj7jg7vpq5jmuKnjg7vlpJrmub/jgpLpgb/jgZHjgIHnm7TlsITml6XlhYnjga7jgYLjgZ/jgonjgarjgYTloLTmiYDjgavkv53nrqHjgZfjgabjgY/jgaDjgZXjgYTjgII8YnI+PGJyPuOAkOeZuuWjsuWFg+OAgeijvemAoOWFg+OAgei8uOWFpeWFg+WPiOOBr+iyqeWjsuWFg+OAkTxicj7mnbHkuqzjgZ/jgbDjgZPllYbkuos8YnI+PGJyPuadseS6rOOBn+OBsOOBk+WVhuS6izxicj4xMTEtMDA1MyDmnbHkuqzpg73lj7DmnbHljLrmtYXojYnmqYs0PzE3PzdUU+ODk+ODqzJGPGJyPjAzLTU4MjUtMjQxMjxicj48YnI+5bqD5ZGK5paH6LKs77ya5qCq5byP5Lya56S+54i95b+r44OJ44Op44OD44KwPGJyPjxicj5b6Kq/55CG5Zmo5YW3XTwvZGl2Pg==,44Kr44K744OD44OI44Oc44Oz44OZIOeBq+WtkOOBoeOCg+OCkyDjgYrlvrPnlKgoMjUwZyoz5pys5YWlKe+8mueIveW/q+ODieODqeODg+OCsA==,5o6D6Zmk5rSX5r+v5YGl5bq36aOf5ZOB5rC044O744OJ44Oq44Oz44Kv6aOf5paZ5ZOB5Yy76Jas5ZOB44OY44Or44K544Kx44Ki44OZ44OT44O85pel55So5ZOB44OT44Ol44O844OG44Kj5a626Zu744Oa44OD44OI44K544Od44O844OE44Oq44Op44Kv44K844O844K344On44Oz44Kr44K744OD44OI44Oc44Oz44OZIOeBq+WtkOOBoeOCg+OCkyDjgYrlvrPnlKgoMjUwZyoz5pys5YWlKQ==,4piF56iO5oqcMTkwMOWGhuS7peS4iuOBp+mAgeaWmeeEoeaWmeKYheOAguOCq+OCu+ODg+ODiOODnOODs+ODmSDngavlrZDjgaHjgoPjgpMg44GK5b6z55SoKDI1MGcqM+acrOWFpSk=[rn]
9-88317,aHR0cDovL3RzaG9wLnIxMHMuanAvc291a2FpL2NhYmluZXQvMTYvNDk2NTE1NTIxMDExNi5qcGc/Zml0aW49NzAwOjcwMA==,MTA1LjYwMDA=,,44Kt44OD44OB44Oz55So5ZOB44O76aOf5Zmo44O76Kq/55CG5Zmo5YW3ID4g44Gd44Gu5LuW,44GK6Iy244OR44OD44KvKDYw5p6a5YWlKVvjgYrojLZd,44GK6Iy24piF56iO5oqcMTkwMOWGhuS7peS4iuOBp+mAgeaWmeeEoeaWmeKYhQ==,PGRpdiBpZD0ncHJkLXBhZ2UnPuOBiuW6l1RPUO+8nuaXpeeUqOWTge+8nuOCreODg+ODgeODs+eUqOWTge+8nuOCreODg+ODgeODs+eUqOWTgSDjgZ3jga7ku5bvvJ7jgYrojLbjg5Hjg4Pjgq8gKDYw5p6a5YWlKTxicj48YnI+4piF56iO5oqcMTkwMOWGhuS7peS4iuOBp+mAgeaWmeeEoeaWmeKYhTxicj48YnI+PGltZyBzcmM9J2h0dHA6Ly9pbWFnZS5yYWt1dGVuLmNvLmpwL3NvdWthaS9jYWJpbmV0L3oxNi96NDk2NTE1NTIxMDExNi5qcGcnIHdpZHRoPScxMDAlJz48YnI+PGJyPuOAkOOBiuiMtuODkeODg+OCr+OBruWVhuWTgeips+e0sOOAkTxicj7il4/jgYrojLbjg7vjgrPjg7zjg5Ljg7zjg7vntIXojLbjg7vpuqbojLbjg7vmlpnnkIbjga7jgaDjgZflj5bjgorjg7vnlJ/olqzjga7nhY7jgZjnlKjjgavvvIE8YnI+4peP5YWl44KM5Y+j44Gr5q615beu44KS44Gk44GR44Gf44Gu44Gn57Ch5Y2Y44Gr6ZaL44GR44KJ44KM44G+44GZ44CCPGJyPuKXj+iMtuiRieOBruOBteOBj+OCieOBv+OBq+S9meijleOBjOOBp+OBjeOCi+ODnuODgeS7mDxicj7il4/kv53nrqHjgavkvr/liKnjgarjg4Hjg6Pjg4Pjgq/ku5jooovlhaU8YnI+PGJyPuOAkOOBiuiMtuODkeODg+OCr+OBruWOn+adkOaWmeOAkTxicj7jg53jg6rjg5fjg63jg5Tjg6zjg7PjgIHjg53jg6rjgqjjgrnjg4bjg6vjgIHjg53jg6rjgqjjg4Hjg6zjg7M8YnI+44CQ6KaP5qC85qaC6KaB44CRPGJyPuOCteOCpOOCuuODu+ODu+ODu+e0hDkuNSrpq5jjgZU3Y208YnI+PGJyPuOAkOeZuuWjsuWFg+OAgeijvemAoOWFg+OAgei8uOWFpeWFg+WPiOOBr+iyqeWjsuWFg+OAkTxicj7jgrzjg7Pjg588YnI+PGJyPuOCvOODs+ODnzxicj42NDItMDAzMyDlkozmrYzlsbHnnIzmtbfljZfluILps6XlsYU2NDktMjxicj4wNzMtNDgyLTExMzM8YnI+PGJyPuW6g+WRiuaWh+iyrO+8muagquW8j+S8muekvueIveW/q+ODieODqeODg+OCsDxicj4wNTcwLTY2Ni02MzI8YnI+PGJyPlvjgq3jg4Pjg4Hjg7PnlKjlk4FdPC9kaXY+PCEtLS0tPg==,44GK6Iy244OR44OD44KvKDYw5p6a5YWlKVvjgYrojLZd77ya54i95b+r44OJ44Op44OD44Kw,5o6D6Zmk5rSX5r+v5YGl5bq36aOf5ZOB5rC044O744OJ44Oq44Oz44Kv6aOf5paZ5ZOB5Yy76Jas5ZOB44OY44Or44K544Kx44Ki44OZ44OT44O85pel55So5ZOB44OT44Ol44O844OG44Kj5a626Zu744Oa44OD44OI44K544Od44O844OE44Oq44Op44Kv44K844O844K344On44Oz44GK6Iy244OR44OD44KvKDYw5p6a5YWlKVvjgYrojLZd,44GK6Iy24piF56iO5oqcMTkwMOWGhuS7peS4iuOBp+mAgeaWmeeEoeaWmeKYheOAguOBiuiMtuODkeODg+OCryg2MOaemuWFpSlb44GK6Iy2XQ==[rn]
9-88318,aHR0cDovL3RzaG9wLnIxMHMuanAvanl1Z28vY2FiaW5ldC9icmFuZDQvNDU0NDA1OTAzMjg2Ni5qcGc/Zml0aW49NzAwOjcwMA==,MTM0NC4wMDAw,,44Kt44OD44OB44Oz55So5ZOB44O76aOf5Zmo44O76Kq/55CG5Zmo5YW3ID4g44Gd44Gu5LuW,44OR44Ov44O85rC057Sg5rC044CAMeacrOWFpeOAkOaXpeacrOOCq+ODq+OCt+OCpuODoOW3pealreOAkeOAkOawtOe0oOawtOOAkQ==,5rC06YGT5rC044Gn57Ch5Y2Y44Gr5Ye65p2l44KL,PHRhYmxlIHdpZHRoPTYwMCBib3JkZXI9MSBjZWxscGFkZGluZz0iNSIgY2VsbHNwYWNpbmc9IjIiPgogICAgICAgICAgICAgICAgICAgICAgICAgICA8dHI+CiAgICAgICAgICAgICAgICA8dGQgd2lkdGg9IjExMCIgYmdjb2xvcj0jRkZDQzY2Pjxmb250IGNvbG9yPSM2NjY2NjYgc2l6ZT0yPjxiPuWVhuWTgeeJueW+tDwvYj4gCiAgICAgICAgICAgICAgICAgIDwvZm9udD48L3RkPgogICAgICAgICAgICAgIDx0ZCB3aWR0aD0iNDU4Ij48Zm9udCBjb2xvcj0jNjY2NjY2IHNpemU9Mj7ilqDmsLTntKDmsLTjgpLkvZzjgovnlJ/miJDjgrnjg4bjgqPjg4Pjgq/jgafjgZnjgILmsLTpgZPmsLTjgafnsKHljZjjgavmsLTntKDpgoTlhYPmsLTjgYzkvZzjgozjgb7jgZnjgIIgPGJyPgrilqDph5HlsZ7jg57jgrDjg43jgrfjgqbjg6Djga/msLTjgajlj43lv5zjgZfjgabmsLTntKDjgpLnmbrnlJ/jgZfjgb7jgZnjgIIgPGJyPgrilqDmsLTpgZPmsLTjga7phbjljJbpgoTlhYPpm7vkvY3jgpLjg57jgqTjg4rjgrnlgKTjgavkuIvjgZLjgIHmtLvmgKfphbjntKDjgpLmipHliLbjgZfjgb7jgZnjgIIgPGJyPgrilqDmsLTpgZPmsLTjga7loanntKDjgqvjg6vjgq3jgpLjgZnjgbDjgoTjgY/liIbop6PpmaTljrvjgZfjgb7jgZnjgIIgPGJyPgrilqDlubzlhZDjgYvjgonjgYrlubTlr4Tjgorjgb7jgaflronlv4PjgZfjgabjgZTpo7LnlKjjgavjgarjgozjgb7jgZnjgIIgPGJyPgrilqDjgZ3jga7ku5bjgIHlhrfolLXluqvjga7oo73msLfmqZ/jgIHliIfjgoroirHjgIHmpI3nianjgIHjg5rjg4Pjg4jnlKjjgavjgajmsLTntKDmsLTjgpLjgZTliKnnlKjjgY/jgaDjgZXjgYTjgIIgPGJyPgo8YnI+4oC75ZWG5ZOB44Oq44OL44Ol44O844Ki44Or562J44Gr44KI44KK44OR44OD44Kx44O844K45Y+K44Gz5a656YeP562J44Gv5aSJ5pu044Go44Gq44KL5aC05ZCI44GM44GC44KK44G+44GZ44CC44GU5LqG5om/44GP44Gg44GV44GE44CCPC9mb250PjwvdGQ+CjwvdHI+Cjx0cj4KPHRkIGJnY29sb3I9I0ZGQ0M2Nj48Zm9udCBjb2xvcj0iIzY2NjY2NiIgc2l6ZT0iMiI+PGI+44GU5L2/55So5pa55rOVPC9iPjwvZm9udD48L3RkPgo8dGQ+PGZvbnQgY29sb3I9IiM2NjY2NjYiIHNpemU9IjIiPuKWoDUwMG1M44Oc44OI44Or44Gn5L2/55So44Gu5aC05ZCIIDxicj4K44O744K544OG44Kj44OD44Kv44KS5YWl44KM44GmNO+9njXmmYLplpPkvY3jgafjg57jgqTjg4rjgrkxMjDvvZ4xODBtduOBrumChOWFg+awtOOBq+OBquOCiuOBvuOBmeOAgiA8YnI+CuKWoDJM44Oc44OI44Or44Gn5L2/55So44GZ44KL5aC05ZCIIDxicj4K44O744K544OG44Kj44OD44Kv44KSMuacrOWFpeOCjOOAgTXmmYLplpPku6XkuIrnva7jgYTjgabjgY/jgaDjgZXjgYTjgIIgPGJyPgrigLvjgZTkvb/nlKjjgavjgarjgovliY3jgavjgojjgY/mtJfjgaPjgZ/jg5rjg4Pjg4jjg5zjg4jjg6vjgavmnKzlk4HjgajmsLTjgpLljYrliIbkvY3lhaXjgozjgIHkuIrkuIvjgasxMOWbnuS9jeOChuOBmeOCiua0l+OBhOOBl+OBpuOBj+OBoOOBleOBhOOAgua0l+OBo+OBn+awtOOBr+S4gOW6puaNqOOBpuOBpuOBj+OBoOOBleOBhOOAguOBneOBruW+jOaWsOOBl+OBhOawtOOCkuWFpeOCjOOBpuOBj+OBoOOBleOBhOOAgiA8YnI+CuKAu+mVt+aZgumWk+e9ruOBj+S6i+OBp+mChOWFg+WKm+OBrumrmOOBhOawtOOCkumjsueUqOOBmeOCi+OBk+OBqOOBjOWHuuadpeOBvuOBmeOAgiA8YnI+CuKAu+awtOOCkumjsuOBv+W5suOBl+OBn+OCieWGjeW6puawtOOCkuWFpeOCjOOAgee5sOOCiui/lOOBl+OBlOS9v+eUqOOBj+OBoOOBleOBhOOAguWPiOOBr+mjsuOCk+OBoOWIhuOCkuazqOOBjui2s+OBl+OBpuOCguani+OBhOOBvuOBm+OCk+OAguOBneOBruWgtOWQiOOCpOOCquODs+WMluOBmeOCi+aZgumWk+OBr+efree4ruOBleOCjOOBvuOBmeOAgiA8YnI+CuKAu+W4uOa4qeOBp+e9ruOBhOOBn+aWueOBjOOAgeWGt+iUteW6q+OBp+WGt+OChOOBmeOCiOOCiuOCpOOCquODs+WMluOBl+OChOOBmeOBj+OBquOCiuOBvuOBmeOAgiA8YnI+CuKAu+ODnOODiOODq+OBq+awtOOCkuWFpeOCjOOCi+WgtOWQiOOAgeODnOODiOODq+OBruWPo+OCiOOCijEuNWNt5L2N5LiL44GS44Gm5rC044KS5YWl44KM44Gm5L2c44Gj44Gm44GP44Gg44GV44GE44CCIDxicj4K4oC744K544OG44Kj44OD44Kv44KS5YWl44KM5pmC6ZaT44KS572u44GP44Go44CB44K544OG44Kj44OD44Kv6KGo6Z2i44Gr5rOh57KS44GM44Gk44GN44G+44GZ44CC44GT44KM44Gv5rC057Sg6YKE5YWD6Zu75L2N44Gu5L2c55So44Gn44GZ44CCIDwvZm9udD48L3RkPgo8L3RyPgo8dHI+Cjx0ZCBiZ2NvbG9yPSNGRkNDNjY+PGZvbnQgY29sb3I9IiM2NjY2NjYiIHNpemU9IjIiPjxiPuWOn+adkOaWmTwvYj48L2ZvbnQ+PC90ZD4KPHRkPjxmb250IGNvbG9yPSIjNjY2NjY2IiBzaXplPSIyIj7ph5HlsZ7jg57jgrDjg43jgrfjgqbjg6DnspLnirbjgIHmsLTmurbmgKfngq3phbjjgqvjg6vjgrfjgqbjg6DpibHnn7PjgIHjg4jjg6vjg57jg6rjg7Pjgrvjg6njg5/jg4Pjgq/jgrnjgIHjgrXjg7PjgrTljJbnn7PjgIHosp3ljJbnn7PjgIHpuqbpo6/nn7PjgIHohLHloanjgrvjg6njg5/jg4Pjgq/jgrk8L2ZvbnQ+PC90ZD4KPC90cj4KPHRyPgo8dGQgYmdjb2xvcj0jRkZDQzY2Pjxmb250IGNvbG9yPSM2NjY2NjYgc2l6ZT0yPjxiPuOBlOazqOaEjzwvYj48L2ZvbnQ+PC90ZD4KICAgICAgICAgICAgICAgIDx0ZD48Zm9udCBjb2xvcj0jNjY2NjY2IHNpemU9Mj7jg7vkubPlubzlhZDjga7miYvjga7lsYrjgYvjgarjgYTloLTmiYDjgavkv53nrqHjgZfjgabjgY/jgaDjgZXjgYTjgIIgPGJyPgrjg7vmnKzlk4Hjga/msLTnlKjjgarjga7jgafmnKzlk4HjgpLpm7vmsJfjg53jg4Pjg4jnrYnjgavlhaXjgozjgabmsrjjgYvjgZXjgarjgYTjgafjgY/jgaDjgZXjgYTjgIIgPGJyPgrjg7vmsLTpgZPmsLTjga7loanntKDjg7vjgqvjg6vjgq3jga7oh63jgYTjgYzjgZfjgabjgY3jgZ/jgoko5L2/55So6ZaL5aeLMuODteaciOS9jSnjgIHlj4jjga/jgrnjg4bjgqPjg4Pjgq/ooajpnaLjgavms6HnspLjgYznnYDjgYvjgarjgY/jgarjgaPjgZ/jgonmlrDjgZfjgYTjgrnjg4bjgqPjg4Pjgq/jgajkuqTmj5vjgZfjgabjgY/jgaDjgZXjgYQgPC9mb250PjwvdGQ+CjwvdHI+PHRyPgogICAgICAgICAgICAgICAgPHRkIGJnY29sb3I9I0ZGQ0M2Nj48Zm9udCBjb2xvcj0jNjY2NjY2IHNpemU9Mj48Yj7lhoXlrrnph488L2I+PC9mb250PjwvdGQ+CiA8dGQ+PGZvbnQgY29sb3I9IzY2NjY2NiBzaXplPTI+MeacrOWFpTwvZm9udD48L3RkPgo8L3RyPjwvdGFibGU+Cjxicj48dGFibGUgd2lkdGg9NjAwIGJvcmRlcj0xIGNlbGxwYWRkaW5nPSI1IiBjZWxsc3BhY2luZz0iMiI+CiAgICAgICAgICAgICAgICA8dGQgd2lkdGg9IjExMCIgYmdjb2xvcj0jRkZDQzY2Pjxmb250IGNvbG9yPSM2NjY2NjYgc2l6ZT0yPjxiPuW6g+WRiuaWh+iyrDwvYj48L2ZvbnQ+PC90ZD4KICAgICAgICAgICAgICAgIDx0ZCB3aWR0aD0iNDU4Ij48Zm9udCBjb2xvcj0iIzY2NjY2NiIgc2l6ZT0iMiI+5qCq5byP5Lya56S+44CA44K444Ol44O844K044CAMDYtNjk3Mi01NTk5PC9mb250PjwvdGQ+CjwvdHI+PHRyPgo8dGQgYmdjb2xvcj0jRkZDQzY2Pjxmb250IGNvbG9yPSIjNjY2NjY2IiBzaXplPSIyIj48Yj7jg6Hjg7zjgqvjg7w8L2I+PC9mb250PjwvdGQ+Cjx0ZD48Zm9udCBjb2xvcj0iIzY2NjY2NiIgc2l6ZT0iMiI+IOaXpeacrOOCq+ODq+OCt+OCpuODoOW3pealrSA8YnI+CjA2Mi0wOTMyIOWMl+a1t+mBk+acreW5jOW4guixiuW5s+WMuuW5s+WyuDLmnaE05LiB55uuMy02IDxicj4KMDExLTgyNC0xNjExPC9mb250PjwvdGQ+CjwvdHI+Cjx0cj4KICAgICAgICAgICAgICAgIDx0ZCBiZ2NvbG9yPSNGRkNDNjY+PGZvbnQgY29sb3I9IzY2NjY2NiBzaXplPTI+PGI+5Yy65YiGPC9iPjwvZm9udD48L3RkPgo8dGQ+PGZvbnQgY29sb3I9IzY2NjY2NiBzaXplPTI+5YGl5bq36aOf5ZOB44O76aOy5paZPC9mb250PjwvdGQ+CjwvdHI+PC90YWJsZT48c3R5bGUgdHlwZT0idGV4dC9jc3MiPgo8IS0tCmJvZHkgewpiYWNrZ3JvdW5kLWltYWdlOnVybChodHRwOi8vaW1hZ2UucmFrdXRlbi5jby5qcC9qeXVnby9jYWJpbmV0LzYwMDAuZ2lmKTsKYmFja2dyb3VuZC1yZXBlYXQ6cmVwZWF0LXk7CmJhY2tncm91bmQtcG9zaXRpb246IHJpZ2h0Owp9Ci0tPgo8L3N0eWxlPg==,44OR44Ov44O85rC057Sg5rC044CAMeacrOWFpeOAkOaXpeacrOOCq+ODq+OCt+OCpuODoOW3pealreOAkeOAkOawtOe0oOawtOOAke+8muOCr+OCueODquOBruOCtOOCr+OCpg==,44GP44GZ44KK44K044Kv44Km5r+A5a6J5Yy76Jas5ZOB44Kv44K544Oq44OR44Ov44O85rC057Sg5rC044CAMeacrOWFpeOAkOaXpeacrOOCq+ODq+OCt+OCpuODoOW3pealreOAkeOAkOawtOe0oOawtOOAkQ==,5rC06YGT5rC044Gn57Ch5Y2Y44Gr5Ye65p2l44KL44CC44OR44Ov44O85rC057Sg5rC044CAMeacrOWFpeOAkOaXpeacrOOCq+ODq+OCt+OCpuODoOW3pealreOAkeOAkOawtOe0oOawtOOAkQ==[rn]
9-88319,aHR0cDovL3RzaG9wLnIxMHMuanAvYW5nZXJzL2NhYmluZXQvaXRlbV9tYWluMDAzMS8xMzUyODAuanBnP2ZpdGluPTcwMDo3MDA=,MjEzMy42MDAw,,44Kt44OD44OB44Oz55So5ZOB44O76aOf5Zmo44O76Kq/55CG5Zmo5YW3ID4g44Gd44Gu5LuW,5p2x5bGL44CA6LWk57W15bez5664572u77yINeacrOOCu+ODg+ODiO+8iQ==,5bmy5pSv44Gu5bez5p+E44GM44K344Oz44OX44Or44Gr44OH44K244Kk44Oz44CC,PGNlbnRlcj48dGFibGUgd2lkdGg9NzgwIGJvcmRlcj0wIGNlbGxzcGFjaW5nPTAgY2VsbHBhZGRpbmc9MD48dHI+PHRkPjxjZW50ZXI+PHRhYmxlIHdpZHRoPTcwMCBib3JkZXI9MCBjZWxsc3BhY2luZz0wIGNlbGxwYWRkaW5nPTA+PHRyPjx0ZD7jgJDjgZTluIzmnJvjga7llYblk4HjgYzlo7LjgorliIfjgozjga7loLTlkIjjgJE8YnI+PGJyPuOBk+OBoeOCieOBruWVhuWTgeOBq+OBpOOBhOOBpuOBr+OAgeWGjeWFpeiNt+OBjOOBlOOBluOBhOOBvuOBm+OCk+OAguaui+OCiuOBruWcqOW6q+OBjOOBquOBj+OBquOCiuasoeesrOOAgeWPluOCiuaJseOBhOe1guS6huOBqOOBquOCiuOBvuOBmeOAgjxicj48L3RkPjwvdHI+PC90YWJsZT48dGFibGUgd2lkdGg9NzAwIGJvcmRlcj0wIGNlbGxzcGFjaW5nPTUgY2VsbHBhZGRpbmc9MCBiZ2NvbG9yPSNGRkZGRkY+PHRyPjx0ZD48aW1nIHNyYz1odHRwOi8vd3d3LnJha3V0ZW4ubmUuanAvZ29sZC9hbmdlcnMvaWNvbi9pY29uLXJhcHBpbmctMDEuZ2lmPjxpbWcgc3JjPWh0dHA6Ly93d3cucmFrdXRlbi5uZS5qcC9nb2xkL2FuZ2Vycy9pY29uL2ljb24tbWFpbC1uZy5naWY+PGJyPjxpbWcgc3JjPWh0dHA6Ly93d3cucmFrdXRlbi5uZS5qcC9nb2xkL2FuZ2Vycy9pY29uL2ljb24tc2V0dW1laS0wMS5naWYgYm9yZGVyPTA+PC90ZD48L3RyPjwvdGFibGU+PCEtLeODoeODvOODq+S+vy0tPjxkaXYgYWxpZ249Y2VudGVyIHN0eWxlPXdpZHRoOjcwMHB4Oz48YnI+PGltZyBzcmM9aHR0cDovL3d3dy5yYWt1dGVuLm5lLmpwL2dvbGQvYW5nZXJzL2ljb24vbWFpbF9ibnJfbmcuanBnPjxicj48YnI+PC9kaXY+PGRpdiBpZD1zcGVjX2NvbnRlbnQ+PGgyPuOAkOmjn+WZqO+8huOCq+ODiOODqeODquODvOOAkeOAgOadseWxi+OAgOi1pOe1teW3s+euuOe9ru+8iDXmnKzjgrvjg4Pjg4jvvIk8L2gyPjx0YWJsZSB3aWR0aD03MDAgYm9yZGVyPTAgY2VsbHNwYWNpbmc9MSBjZWxscGFkZGluZz04IGJnY29sb3I9I2NjY2NjYz48dHI+PHRkIGJnY29sb3I9I0YzRjNGMz48Yj48Zm9udCBjb2xvcj02NjY2NjY+5ZWG5ZOB6Kmz57SwPC9mb250PjwvYj48L3RkPjwvdHI+PHRyPjx0ZCBiZ2NvbG9yPSNGRkZGRkY+PHA+PGZvbnQgY29sb3I9NjY2NjY2PuadseWxi+OBruejgeWZqOijveOBrueuuOe9ruOBp+OBmeOAguWkqeiNiemZtuefs+OBruS4reOBp+OCguabtOOBq+S4iuizquOBque0oOadkOOCkumBuOOBs+OAgemVt+W0juecjOazouS9kOimi+OBruiBt+S6uuOBjDHngrkx54K55omL5L2c5qWt44Gn5L2c44Gj44Gm44GE44G+44GZ44CC5LuK5bm044Gu5bmy5pSv44Gn44GC44KL5bez5p+E44Gu44OH44K244Kk44Oz44Gn44CB5aSp6I2J6Zm255+z44Gu55m956OB44Go6LWk57W144Gu44Kz44Oz44OI44Op44K544OI44GM44GN44KM44GE44Gn44GZ44CCPC9mb250PjwvcD48L3RkPjwvdHI+PHRyPjx0ZCBiZ2NvbG9yPSNGM0YzRjM+PGI+PGZvbnQgY29sb3I9NjY2NjY2PlNQRUM8L2ZvbnQ+PC9iPjwvdGQ+PC90cj48dHI+PHRkIGJnY29sb3I9I0ZGRkZGRj48cD48Zm9udCBjb2xvcj02NjY2NjY+c2l6Ze+8muW5hTQ4w5flpaXooYzjgY03w5fpq5jjgZU3bW08YnI+PGJyPue0oOadkO+8muWkqeiNiemZtuefszxicj48YnI+5Y6f5L2c5Zu977ya5pel5pysPGJyPjxicj7igLvjg6njg4Pjg5Tjg7PjgrDjg7vnhqjmlpfkuI3lj688YnI+4oC744K144Kk44K644Gv5YWo44Gm5aSW5a+444Gr44Gq44KK44G+44GZ44CCPGJyPuKAu+ijveWTgeOBruS7leanmOWkieabtOOBquOBqeOBq+S8tOOBhOOAgeaApemBveOAgeeUn+eUo+WbveOBquOBqeOBjOWkieOCj+OCi+WgtOWQiOOBjOOBlOOBluOBhOOBvuOBmeOAguS6iOOCgeOBlOS6huaJv+S4i+OBleOBhOOAgjxicj7igLvkuI3mmI7jgarngrnjgYzjgZTjgZbjgYTjgb7jgZfjgZ/jgonjgIHjgYrmsJfou73jgavjgYrllY/jgYTlkIjjgo/jgZvkuIvjgZXjgYTjgII8L2ZvbnQ+PC9wPjwvdGQ+PC90cj48L3RhYmxlPjwvZGl2PjwvY2VudGVyPjwvdGQ+PC90cj48L3RhYmxlPjwvY2VudGVyPjxzdHlsZT4KCi8q6LK344GE54mp44Kr44K044Oc44K/44OzKi8KaW5wdXRbdmFsdWU9Iuiyt+OBhOeJqeOBi+OBlOOBq+WFpeOCjOOCiyJdewp3aWR0aDogMTc2cHg7CmhlaWdodDogNDBweDsKYmFja2dyb3VuZDp1cmwoaHR0cHM6Ly93d3cucmFrdXRlbi5uZS5qcC9nb2xkL2FuZ2Vycy9pY29uL2thZ28wNC5naWYpIG5vLXJlcGVhdDsKYm9yZGVyOm5vbmU7CmN1cnNvcjpwb2ludGVyOwp0ZXh0LWluZGVudDoxMjAlOwp3aGl0ZS1zcGFjZTpub3dyYXA7Cm92ZXJmbG93OmhpZGRlbjsKfQogICAgCi8q5YCL5pWw5YWl5YqbKi8KaW5wdXQjdW5pdHMgewogIGJvcmRlcjpzb2xpZCAjY2NjIDFweDsKICBiYWNrZ3JvdW5kOiNmZmYhaW1wb3J0YW50OwogIHdpZHRoOjQwcHg7CiAgaGVpZ2h0OjIwcHg7CiAgY3Vyc29yOmF1dG87CiAgcGFkZGluZzozOwogIGNvbG9yOiMzMzM7CiAgZm9udC1zaXplOiAxM3B4Owp9CgpzcGFuLnVuaXR7CmZvbnQtc2l6ZToxMDAlOwp9CiAgCi8q44GK5ZWP44GE5ZCI44KP44Gb44Oc44K/44OzKi8KaW5wdXRbdmFsdWU9IuWVhuWTgeOBq+OBpOOBhOOBpuOBruWVj+WQiOOCj+OBmyJdewp3aWR0aDogMjYwcHg7CmhlaWdodDogMzBweDsKYmFja2dyb3VuZDp1cmwoaHR0cHM6Ly93d3cucmFrdXRlbi5uZS5qcC9nb2xkL2FuZ2Vycy9pY29uL290b2lhd2FzZTAxYS5naWYpIG5vLXJlcGVhdDsKYm9yZGVyOm5vbmU7CmN1cnNvcjpwb2ludGVyOwp0ZXh0LWluZGVudDoxMjAlOwp3aGl0ZS1zcGFjZTpub3dyYXA7Cm92ZXJmbG93OmhpZGRlbjsKfQoKdHIgdGQgZm9udCBpbnB1dFt2YWx1ZT0i5ZWG5ZOB44Gr44Gk44GE44Gm44Gu5ZWP5ZCI44KP44GbIl06aG92ZXJ7CmRpc3BsYXk6YmxvY2s7CndpZHRoOiAyNjBweDsKaGVpZ2h0OiAzMHB4OwpiYWNrZ3JvdW5kLWltYWdlOnVybChodHRwczovL3d3dy5yYWt1dGVuLm5lLmpwL2dvbGQvYW5nZXJzL2ljb24vb3RvaWF3YXNlMDFiLmdpZik7CnRleHQtaW5kZW50OjEyMCU7CndoaXRlLXNwYWNlOm5vd3JhcDsKb3ZlcmZsb3c6aGlkZGVuOwp9CgovKiDjg6rjg7Pjgq/pgI/pgY4gKi8KYTpob3ZlciB7Cm9wYWNpdHk6MC44OwpmaWx0ZXI6YWxwaGEob3BhY2l0eT04MCk7Ci1tcy1maWx0ZXI6IOKAnGFscGhhKCBvcGFjaXR5PTgwICnigJ07Cn0KCnRkID4gaW5wdXQ6aG92ZXIgewpvcGFjaXR5OjAuODsKZmlsdGVyOmFscGhhKG9wYWNpdHk9ODApOwotbXMtZmlsdGVyOiDigJxhbHBoYSggb3BhY2l0eT04MCAp4oCdOwp9CgovKiDjgYLjgZnmpb3jgqbjgqTjg7Pjg4njgqbjga7oqr/nr4AgKi8KI3Jha3V0ZW5MaW1pdGVkSWRfYXJvdW5kQ2FydCAjYXN1cmFrdVRhYmxlIHRkIHsKYmFja2dyb3VuZDogI0ZFRkVGRSAhaW1wb3J0YW50OwpwYWRkaW5nOiAycHghaW1wb3J0YW50Owpmb250LXNpemU6IDEycHggIWltcG9ydGFudDsKY29sb3I6ICMwMDAwMDAgIWltcG9ydGFudDsKfQoKI3Jha3V0ZW5MaW1pdGVkSWRfYXJvdW5kQ2FydCAjYXN1cmFrdVRhYmxlIHRoIHsKd2lkdGg6NTAwcHg7CmZvbnQtc2l6ZTogMTJweCAhaW1wb3J0YW50Owp9CgoKCgovKiDmpJzntKLjgq3jg7zjg6/jg7zjg4kgKi8KZGl2I0hlYWRlcktleXdvcmQgewoJcG9zaXRpb246YWJzb2x1dGU7Cgl0b3A6MTUwcHg7LyrkuIDnlarkuIrjgYvjgonjga7kvY3nva4qLwoJbGVmdDo1cHg7Lyrlt6bnq6/jgYvjgonjga7kvY3nva4qLwp9CgpkaXYjSGVhZGVyS2V5d29yZCBzcGFuIHsKCWJhY2tncm91bmQ6ICNiZjAwMDA7Cgljb2xvcjojZmZmOwoJZm9udC13ZWlnaHQ6Ym9sZDsKCXBhZGRpbmc6MnB4IDVweDsKfQoKZGl2I0hlYWRlcktleXdvcmQgYSB7Cgljb2xvcjojMDA0NENDOwp9CgoKLyog6YCB5paZ54Sh5paZIAoKc3Bhbi51bml0IHsgYmFja2dyb3VuZDogdXJsKGh0dHBzOi8vaW1hZ2UucmFrdXRlbi5jby5qcC9hbmdlcnMvY2FiaW5ldC9zaW0wMTI3L3NvdXJvdTE1MTAtMDUuanBnKSBuby1yZXBlYXQgbGVmdCB0b3A7IHRleHQtaW5kZW50OgotOTk5OTsgZGlzcGxheTogYmxvY2s7IHdpZHRoOiAyNjA7IGhlaWdodDogMTE0OyBtYXJnaW46MTVweCAwOyB9CiovCgoKPC9zdHlsZT4KCgoKCgo8ZGl2IGlkPSJIZWFkZXJLZXl3b3JkIj4KPHNwYW4+5rOo55uu44Gu44Kt44O844Ov44O844OJPC9zcGFuPgrkuZ3osLfpnZLnqq8g77yPCuOCs+ODvOODieODrOOCueOCr+ODquODvOODiuODvCDvvI8K44Kw44Oq44Op44O8IO+8jwrjg5Hjg7PjgrHjg7zjgq3jg5/jg4Pjgq/jgrkg77yPCuOCs+ODs+ODkeOCr+ODiOODm+ODg+ODiOODl+ODrOODvOODiCAKPC9kaXY+,5p2x5bGL44CA6LWk57W15bez5664572u77yINeacrOOCu+ODg+ODiO+8ie+8muOCouODs+OCuOOCp++8iOOCpOODs+ODhuODquOCoumbkeiyqO+8iQ==,44Ki44Oz44K444Kn44Kk44Oz44OG44Oq44Ki6ZuR6LKo44Kt44OD44OB44Oz44Ku44OV44OI6YCa6LKp5p2x5bGL44CA6LWk57W15bez5664572u77yINeacrOOCu+ODg+ODiO+8iQ==,5bmy5pSv44Gu5bez5p+E44GM44K344Oz44OX44Or44Gr44OH44K244Kk44Oz44CC44CC5p2x5bGL44CA6LWk57W15bez5664572u77yINeacrOOCu+ODg+ODiO+8iQ==[rn]
9-88320,aHR0cDovL3RzaG9wLnIxMHMuanAvYW5nZXJzL2NhYmluZXQvaXRlbV9tYWluMDAzMi8xMzc4NzIuanBnP2ZpdGluPTcwMDo3MDA=,NTI1Ni44MDAw,,44Kt44OD44OB44Oz55So5ZOB44O76aOf5Zmo44O76Kq/55CG5Zmo5YW3ID4g44Gd44Gu5LuW,44K944O844OA44K544OR44O844Kv44Or44CA77yIU29kYeOAgFNwYXJrbGXvvInjgIDjgrfjg7PjgrDjg6vjg5zjg4jjg6vjgIDjgrnjgr/jg7zjgr/jg7zjgq3jg4Pjg4jjgIDngq3phbjmsLTjg6Hjg7zjgqvjg7zjgIDoo73pgKDmqZ/jgJDpgIHmlpnnhKHmlpnjgJE=,77yT77yV56eS44Gn54Kt6YW45rC044GM5L2c44KM44KL77yB44Kz44OB44Op44Gv5omL6Lu944Gr5aeL44KB44KJ44KM44KL44Oc44OI44Or77yR5pys44CC,PGNlbnRlcj48dGFibGUgd2lkdGg9NzgwIGJvcmRlcj0wIGNlbGxzcGFjaW5nPTAgY2VsbHBhZGRpbmc9MD48dHI+PHRkPjxjZW50ZXI+PHRhYmxlIHdpZHRoPTcwMCBib3JkZXI9MCBjZWxsc3BhY2luZz0wIGNlbGxwYWRkaW5nPTA+PHRyPjx0ZD7jgJDjgZTluIzmnJvjga7llYblk4HjgYzlo7LjgorliIfjgozjga7loLTlkIjjgJE8YnI+PGJyPuOAjOWVhuWTgeOBq+OBpOOBhOOBpuOBruOBiuWVj+OBhOWQiOOBm+OAjeODnOOCv+ODs+OCiOOCiuOAgeOBlOW4jOacm+OBruOAjOOCteOCpOOCuuOAjeOAjOOCq+ODqeODvOOAjeOCkuOBlOiomOWFpeOBruS4iuOAgTxicj7jgIzjgYrnn6XjgonjgZvjg6Hjg7zjg6vluIzmnJvvvIHjgI3jgajpgIHkv6HjgZfjgabjgY/jgaDjgZXjgYTjgILvvIjlj5bmibHjgYTntYLkuobjgarjganjga7loLTlkIjjgoLjgZTjgZbjgYTjgb7jgZnjgILvvIk8YnI+PC90ZD48L3RyPjwvdGFibGU+PHRhYmxlIHdpZHRoPTcwMCBib3JkZXI9MCBjZWxsc3BhY2luZz01IGNlbGxwYWRkaW5nPTAgYmdjb2xvcj0jRkZGRkZGPjx0cj48dGQ+PGltZyBzcmM9aHR0cDovL3d3dy5yYWt1dGVuLm5lLmpwL2dvbGQvYW5nZXJzL2ljb24vaWNvbi1wb2ludC14MTAtMDEuZ2lmPjxpbWcgc3JjPWh0dHA6Ly93d3cucmFrdXRlbi5uZS5qcC9nb2xkL2FuZ2Vycy9pY29uL2ljb24tc291cnlvdS0wMS5naWY+PGltZyBzcmM9aHR0cDovL3d3dy5yYWt1dGVuLm5lLmpwL2dvbGQvYW5nZXJzL2ljb24vaWNvbi1yYXBwaW5nLW9rLmdpZj48aW1nIHNyYz1odHRwOi8vd3d3LnJha3V0ZW4ubmUuanAvZ29sZC9hbmdlcnMvaWNvbi9pY29uLW5vc2hpLW9rLmdpZj48aW1nIHNyYz1odHRwOi8vd3d3LnJha3V0ZW4ubmUuanAvZ29sZC9hbmdlcnMvaWNvbi9pY29uLW1haWwtbmcuZ2lmPjxicj48aW1nIHNyYz1odHRwOi8vd3d3LnJha3V0ZW4ubmUuanAvZ29sZC9hbmdlcnMvaWNvbi9pY29uLXNldHVtZWktMDEuZ2lmIGJvcmRlcj0wPjwvdGQ+PC90cj48L3RhYmxlPjwhLS3jg6Hjg7zjg6vkvr8tLT48ZGl2IGFsaWduPWNlbnRlciBzdHlsZT13aWR0aDo3MDBweDs+PGJyPjxpbWcgc3JjPWh0dHA6Ly93d3cucmFrdXRlbi5uZS5qcC9nb2xkL2FuZ2Vycy9pY29uL21haWxfYm5yX25nLmpwZz48YnI+PGJyPjwvZGl2PjxkaXYgaWQ9c3BlY19jb250ZW50PjxoMj7jgJDjgq3jg4Pjg4Hjg7Ppm5HosqjjgJHjgIDjgr3jg7zjg4Djgrnjg5Hjg7zjgq/jg6sg77yIU29kYSBTcGFya2xl77yJ44CA44K344Oz44Kw44Or44Oc44OI44Or44CA44K544K/44O844K/44O844Kt44OD44OI44CA54Kt6YW45rC044Oh44O844Kr44O844CA6KO96YCg5qmfPC9oMj48dGFibGUgd2lkdGg9NzAwIGJvcmRlcj0wIGNlbGxzcGFjaW5nPTEgY2VsbHBhZGRpbmc9OCBiZ2NvbG9yPSNjY2NjY2M+PHRyPjx0ZCBiZ2NvbG9yPSNGM0YzRjM+PGI+PGZvbnQgY29sb3I9NjY2NjY2PuWVhuWTgeips+e0sDwvZm9udD48L2I+PC90ZD48L3RyPjx0cj48dGQgYmdjb2xvcj0jRkZGRkZGPjxwPjxmb250IGNvbG9yPTY2NjY2Nj7oh6rlroXjgafmiYvml6njgY/nsKHljZjjgavngq3phbjmsLTjgYzkvZzjgozjgovjgIFTb2Rh44CAU3BhcmtsZeOAgO+8iOOCveODvOODgOOCueODkeODvOOCr+ODq++8ieOAgDFM5L2c44KM44KL44K344Oz44Kw44Or44Oc44OI44Or44K544K/44O844K/44O844Kt44OD44OI44CC44Oa44OD44OI44Oc44OI44Or5Z6L44Gu44Oc44OI44Or44Gr44Kr44O844OI44Oq44OD44K444KS44K744OD44OI44GX44Gm44Gy44Gt44KL44Gg44GR44CC44K544OR44O844Kv44Oq44Oz44Kw44Km44Kp44O844K/44O844KS5pel5bi455qE44Gr5qW944GX44G/44Gf44GE5pa544Gr44CCPC9mb250PjwvcD48L3RkPjwvdHI+PHRyPjx0ZCBiZ2NvbG9yPSNGM0YzRjM+PGI+PGZvbnQgY29sb3I9NjY2NjY2PlNQRUM8L2ZvbnQ+PC9iPjwvdGQ+PC90cj48dHI+PHRkIGJnY29sb3I9I0ZGRkZGRj48cD48Zm9udCBjb2xvcj02NjY2NjY+c2l6Ze+8muebtOW+hDEwLjXDl+mrmOOBle+8iOODgeODo+ODvOOCuOODpuODi+ODg+ODiOOCu+ODg+ODiOaZgu+8iTM4LjVjbeOAgOOAgDxicj7ph43jgZXvvIjnrrHlkKvjgoDvvInvvJoxLjFrZ+OAgDxicj7mnZDos6rvvJrjg4Hjg6Pjg7zjgrjjg6bjg4vjg4Pjg4jvvI9BQlPjgIHjg47jgrrjg6vjgq3jg6Pjg4Pjg5fvvI/jg4rjgqTjg63jg7Pjg5XjgqHjgqTjg5Djg7zvvIvjgqLjg6vjg5/jgIHjg5zjg4jjg6vvvI9QRVQ8YnI+5LuY5bGe5ZOB77ya44Ks44K544Kr44O844OI44Oq44OD44K4NeacrDxicj7kv53oqLzmm7jjg7vlj5bmibHoqqzmmI7mm7jvvJrmnInjgorvvIgx5bm06ZaT5L+d6Ki877yJPGJyPjxicj7igLvjgZTkvb/nlKjliY3jgavlv4XjgZrlj5bjgormibHjgYToqqzmmI7mm7jjgpLjgYroqq3jgb/kuIvjgZXjgYTjgII8YnI+PGJyPjxicj7jgJDjgq3jg7zjg6/jg7zjg4njgJHjgIDngq3phbjmsLTjg6Hjg7zjgqvjg7zjgIHngq3phbjmsLToo73pgKDmqZ/jgIHngq3phbjjgIHjg4jjg4vjg4Pjgq/jgIHmsLTjgIHjgqbjgqnjg7zjgr/jg7zjgIHjgqzjgrnjgIHoo73pgKDmqZ/jgIHjg4DjgqTjgqjjg4Pjg4jjgIHjgrnjg5Hjg7zjgq/jg6rjg7PjgrDjgIFzb2Rh44CB44K944O844OA44CB44K944O844OA44Oh44O844Kr44O8PGJyPjxicj7igLvpgIHmlpnnhKHmlpk8YnI+4oC744K144Kk44K644Gv5YWo44Gm5aSW5a+444Gr44Gq44KK44G+44GZ44CCPGJyPuKAu+ijveWTgeOBruS7leanmOWkieabtOOBquOBqeOBq+S8tOOBhOOAgeaApemBveOAgeeUn+eUo+WbveOBquOBqeOBjOWkieOCj+OCi+WgtOWQiOOBjOOBlOOBluOBhOOBvuOBmeOAguS6iOOCgeOBlOS6huaJv+S4i+OBleOBhOOAgjxicj7igLvkuI3mmI7jgarngrnjgYzjgZTjgZbjgYTjgb7jgZfjgZ/jgonjgIHjgYrmsJfou73jgavjgYrllY/jgYTlkIjjgo/jgZvkuIvjgZXjgYTjgII8L2ZvbnQ+PC9wPjwvdGQ+PC90cj48dHI+PHRkIGJnY29sb3I9I0YzRjNGMz48Yj48Zm9udCBjb2xvcj02NjY2NjY+55+l44Gj44Gm44GK44GE44Gm6aCC44GN44Gf44GE44GT44GoPC9mb250PjwvYj48L3RkPjwvdHI+PHRyPjx0ZCBiZ2NvbG9yPSNGRkZGRkY+PHA+PGZvbnQgY29sb3I9NjY2NjY2PuW6g+WRiuaWh+iyrO+8muOCu+ODrOOCr+ODgeODpeOCouODvOagquW8j+S8muekvuODu1RFTOOAgDA3NS0yNDEtMDIwMDxicj7oo73pgKDosqnlo7LlhYPvvJog5qCq5byP5Lya56S+44Kk44OH44Ki44Kk44Oz44K/44O844OK44K344On44OK44OrPGJyPuWVhuWTgeWMuuWIhu+8muOCreODg+ODgeODs+eUqOWTgTxicj7oo73pgKDlm73vvJrkuK3lm70gPC9mb250PjwvcD48L3RkPjwvdHI+PC90YWJsZT48L2Rpdj48L2NlbnRlcj48L3RkPjwvdHI+PC90YWJsZT48L2NlbnRlcj48c3R5bGU+CgovKuiyt+OBhOeJqeOCq+OCtOODnOOCv+ODsyovCmlucHV0W3ZhbHVlPSLosrfjgYTnianjgYvjgZTjgavlhaXjgozjgosiXXsKd2lkdGg6IDE3NnB4OwpoZWlnaHQ6IDQwcHg7CmJhY2tncm91bmQ6dXJsKGh0dHBzOi8vd3d3LnJha3V0ZW4ubmUuanAvZ29sZC9hbmdlcnMvaWNvbi9rYWdvMDQuZ2lmKSBuby1yZXBlYXQ7CmJvcmRlcjpub25lOwpjdXJzb3I6cG9pbnRlcjsKdGV4dC1pbmRlbnQ6MTIwJTsKd2hpdGUtc3BhY2U6bm93cmFwOwpvdmVyZmxvdzpoaWRkZW47Cn0KICAgIAovKuWAi+aVsOWFpeWKmyovCmlucHV0I3VuaXRzIHsKICBib3JkZXI6c29saWQgI2NjYyAxcHg7CiAgYmFja2dyb3VuZDojZmZmIWltcG9ydGFudDsKICB3aWR0aDo0MHB4OwogIGhlaWdodDoyMHB4OwogIGN1cnNvcjphdXRvOwogIHBhZGRpbmc6MzsKICBjb2xvcjojMzMzOwogIGZvbnQtc2l6ZTogMTNweDsKfQoKc3Bhbi51bml0ewpmb250LXNpemU6MTAwJTsKfQogIAovKuOBiuWVj+OBhOWQiOOCj+OBm+ODnOOCv+ODsyovCmlucHV0W3ZhbHVlPSLllYblk4HjgavjgaTjgYTjgabjga7llY/lkIjjgo/jgZsiXXsKd2lkdGg6IDI2MHB4OwpoZWlnaHQ6IDMwcHg7CmJhY2tncm91bmQ6dXJsKGh0dHBzOi8vd3d3LnJha3V0ZW4ubmUuanAvZ29sZC9hbmdlcnMvaWNvbi9vdG9pYXdhc2UwMWEuZ2lmKSBuby1yZXBlYXQ7CmJvcmRlcjpub25lOwpjdXJzb3I6cG9pbnRlcjsKdGV4dC1pbmRlbnQ6MTIwJTsKd2hpdGUtc3BhY2U6bm93cmFwOwpvdmVyZmxvdzpoaWRkZW47Cn0KCnRyIHRkIGZvbnQgaW5wdXRbdmFsdWU9IuWVhuWTgeOBq+OBpOOBhOOBpuOBruWVj+WQiOOCj+OBmyJdOmhvdmVyewpkaXNwbGF5OmJsb2NrOwp3aWR0aDogMjYwcHg7CmhlaWdodDogMzBweDsKYmFja2dyb3VuZC1pbWFnZTp1cmwoaHR0cHM6Ly93d3cucmFrdXRlbi5uZS5qcC9nb2xkL2FuZ2Vycy9pY29uL290b2lhd2FzZTAxYi5naWYpOwp0ZXh0LWluZGVudDoxMjAlOwp3aGl0ZS1zcGFjZTpub3dyYXA7Cm92ZXJmbG93OmhpZGRlbjsKfQoKLyog44Oq44Oz44Kv6YCP6YGOICovCmE6aG92ZXIgewpvcGFjaXR5OjAuODsKZmlsdGVyOmFscGhhKG9wYWNpdHk9ODApOwotbXMtZmlsdGVyOiDigJxhbHBoYSggb3BhY2l0eT04MCAp4oCdOwp9Cgp0ZCA+IGlucHV0OmhvdmVyIHsKb3BhY2l0eTowLjg7CmZpbHRlcjphbHBoYShvcGFjaXR5PTgwKTsKLW1zLWZpbHRlcjog4oCcYWxwaGEoIG9wYWNpdHk9ODAgKeKAnTsKfQoKLyog44GC44GZ5qW944Km44Kk44Oz44OJ44Km44Gu6Kq/56+AICovCiNyYWt1dGVuTGltaXRlZElkX2Fyb3VuZENhcnQgI2FzdXJha3VUYWJsZSB0ZCB7CmJhY2tncm91bmQ6ICNGRUZFRkUgIWltcG9ydGFudDsKcGFkZGluZzogMnB4IWltcG9ydGFudDsKZm9udC1zaXplOiAxMnB4ICFpbXBvcnRhbnQ7CmNvbG9yOiAjMDAwMDAwICFpbXBvcnRhbnQ7Cn0KCiNyYWt1dGVuTGltaXRlZElkX2Fyb3VuZENhcnQgI2FzdXJha3VUYWJsZSB0aCB7CndpZHRoOjUwMHB4Owpmb250LXNpemU6IDEycHggIWltcG9ydGFudDsKfQoKCgoKLyog5qSc57Si44Kt44O844Ov44O844OJICovCmRpdiNIZWFkZXJLZXl3b3JkIHsKCXBvc2l0aW9uOmFic29sdXRlOwoJdG9wOjE1MHB4Oy8q5LiA55Wq5LiK44GL44KJ44Gu5L2N572uKi8KCWxlZnQ6NXB4Oy8q5bem56uv44GL44KJ44Gu5L2N572uKi8KfQoKZGl2I0hlYWRlcktleXdvcmQgc3BhbiB7CgliYWNrZ3JvdW5kOiAjYmYwMDAwOwoJY29sb3I6I2ZmZjsKCWZvbnQtd2VpZ2h0OmJvbGQ7CglwYWRkaW5nOjJweCA1cHg7Cn0KCmRpdiNIZWFkZXJLZXl3b3JkIGEgewoJY29sb3I6IzAwNDRDQzsKfQoKCi8qIOmAgeaWmeeEoeaWmSAKCnNwYW4udW5pdCB7IGJhY2tncm91bmQ6IHVybChodHRwczovL2ltYWdlLnJha3V0ZW4uY28uanAvYW5nZXJzL2NhYmluZXQvc2ltMDEyNy9zb3Vyb3UxNTEwLTA1LmpwZykgbm8tcmVwZWF0IGxlZnQgdG9wOyB0ZXh0LWluZGVudDoKLTk5OTk7IGRpc3BsYXk6IGJsb2NrOyB3aWR0aDogMjYwOyBoZWlnaHQ6IDExNDsgbWFyZ2luOjE1cHggMDsgfQoqLwoKCjwvc3R5bGU+CgoKCgoKPGRpdiBpZD0iSGVhZGVyS2V5d29yZCI+CjxzcGFuPuazqOebruOBruOCreODvOODr+ODvOODiTwvc3Bhbj4K5Lmd6LC36Z2S56qvIO+8jwrjgrPjg7zjg4njg6zjgrnjgq/jg6rjg7zjg4rjg7wg77yPCuOCsOODquODqeODvCDvvI8K44OR44Oz44Kx44O844Kt44Of44OD44Kv44K5IO+8jwrjgrPjg7Pjg5Hjgq/jg4jjg5vjg4Pjg4jjg5fjg6zjg7zjg4ggCjwvZGl2Pg==,44K944O844OA44K544OR44O844Kv44Or44CA77yIU29kYeOAgFNwYXJrbGXvvInjgIDjgrfjg7PjgrDjg6vjg5zjg4jjg6vjgIDjgrnjgr/jg7zjgr/jg7zjgq3jg4Pjg4jjgIDngq3phbjmsLTjg6Hjg7zjgqvjg7zjgIDoo73pgKDmqZ/jgJDpgIHmlpnnhKHmlpnjgJHvvJrjgqLjg7PjgrjjgqfvvIjjgqTjg7Pjg4bjg6rjgqLpm5HosqjvvIk=,44Ki44Oz44K444Kn44Kk44Oz44OG44Oq44Ki6ZuR6LKo44Kt44OD44OB44Oz44Ku44OV44OI6YCa6LKp44K944O844OA44K544OR44O844Kv44Or44CA77yIU29kYeOAgFNwYXJrbGXvvInjgIDjgrfjg7PjgrDjg6vjg5zjg4jjg6vjgIDjgrnjgr/jg7zjgr/jg7zjgq3jg4Pjg4jjgIDngq3phbjmsLTjg6Hjg7zjgqvjg7zjgIDoo73pgKDmqZ/jgJDpgIHmlpnnhKHmlpnjgJE=,77yT77yV56eS44Gn54Kt6YW45rC044GM5L2c44KM44KL77yB44Kz44OB44Op44Gv5omL6Lu944Gr5aeL44KB44KJ44KM44KL44Oc44OI44Or77yR5pys44CC44CC44K944O844OA44K544OR44O844Kv44Or44CA77yIU29kYeOAgFNwYXJrbGXvvInjgIDjgrfjg7PjgrDjg6vjg5zjg4jjg6vjgIDjgrnjgr/jg7zjgr/jg7zjgq3jg4Pjg4jjgIDngq3phbjmsLTjg6Hjg7zjgqvjg7zjgIDoo73pgKDmqZ/jgJDpgIHmlpnnhKHmlpnjgJE=[rn]
9-88321,aHR0cDovL3RzaG9wLnIxMHMuanAvYXVjLXVsbWF4L2NhYmluZXQvaGs3My80MTU3eWxoLXhvbF90dC5qcGc/Zml0aW49NzAwOjcwMA==,MTI3MC40MDAw,,44Kt44OD44OB44Oz55So5ZOB44O76aOf5Zmo44O76Kq/55CG5Zmo5YW3ID4g44Gd44Gu5LuW,44Kk44K344Ks44Kt55Sj5qWtIOOCueOCreODrOODg+ODiCDjg5Xjg6njgqTjg5Hjg7MgMTVjbeeUqCDpiYTpi7Pnianok4sg57ay5LuY44GNIDM5MjLjg4bjg6zjg5PjgafntLnku4vjgIDpm5HoqozmjrLovInjgIDjgYrjgZfjgoPjgozjgIDjgYvjgo/jgYTjgYQ=,4piF4piG44CM5a6F6YWN5L6/44O76YCB5paZ54Sh5paZ44CN77yI5rKW57iE44O76Zui5bO26Zmk44GP77yJ4piF4piG,PGJyPuKWoOOCteOCpOOCujoxNsOXMTbDlzVjbTxicj7ilqDph43ph486MC42N2tnPGJyPuKWoOadkOizqjrmnKzkvZMv6YmE6Yuz54mpPGJyPuKWoOips+OBl+OBhOS7leanmOODu+aIkOWIhuetieOBr+ODoeODvOOCq+ODvO+8qO+8sOOCkuOBlOeiuuiqjeOBj+OBoOOBleOBhOOAgjxicj7ilqDigLvjg6Hjg7zjgqvjg7zjga7pg73lkIjjgavjgojjgorku5Xmp5jjg7vjg5Hjg4PjgrHjg7zjgrjjga/kvZnlhIDjgarjgY/lpInmm7TjgZXjgozjgovloLTlkIjjgYzjgZTjgZbjgYTjgb7jgZnjgII8YnI+4pag4oC75paw5ZOB5pyq6ZaL5bCB44Gn44GZ44GM44OR44OD44Kx44O844K444Gr6Iul5bmy44Gu44K544Os44KE5YK344G/44GM44GC44KL5aC05ZCI44GM44GU44GW44GE44G+44GZ44Gu44Gn5LqI44KB44GU5LqG5om/44GP44Gg44GV44GE44CCPGJyPuKWoOWVhuWTgeOBrzHlgIvvvIgx54K577yJ44Gu44GK5YCk5q6144Gn44GZ44CCPGhlYWQ+CjxsaW5rIGhyZWY9Imh0dHA6Ly93d3cucmFrdXRlbi5uZS5qcC9nb2xkL2F1Yy11bG1heC9jc3MvZ29rb3VueXVfbmlfdHVpdGUuY3NzIiByZWw9InN0eWxlc2hlZXQiIHR5cGU9InRleHQvY3NzIiAvPgo8L2hlYWQ+CgoKPCEtLeKYheKYhUZhY2Vib29r44Gq44Gp44OQ44OK44O85ZCE56iu4piF4piFIC0tPgo8dGFibGUgYm9yZGVyPSIwIiBjZWxscGFkZGluZz0iMCIgY2VsbHNwYWNpbmc9IjAiPjx0cj48dGQ+CjwhLS0KCi0tPgo8L3RkPjwvdHI+PC90YWJsZT4KCjwhLS3imIXimIXjgZTos7zlhaXjgavjgaTjgYTjgabimIXimIUgLS0+Cjx0YWJsZT4KPHRyPgo8dGQgaGVpZ2h0PSIyNSIgY29sc3Bhbj0iMyIgY2xhc3M9ImZvb3RfMSI+44GU6LO85YWl44Gr44Gk44GE44GmPC90ZD4KPC90cj4KPHRyPgo8dGQgd2lkdGg9IjQ5JSIgdmFsaWduPSJ0b3AiPjx0YWJsZSB3aWR0aD0iMTAwJSIgY2xhc3M9ImZvb3Rfc2V0dW1laSI+Cjx0cj4KPHRkIGNvbHNwYW49IjIiIGNsYXNzPSJmb290XzIiPuOBiuaUr+aJleOBhOaWueazleOAgDxzcGFuIGNsYXNzPSJmb290X3NldHVtZWk0Ij7oqbPjgZfjgY/jga/jgrPjg4Hjg6kmcmFycjs8L3NwYW4+PGJyPjwvdGQ+Cjx0cj4KPHRkPjwvdGQ+Cjx0ZD7jgq/jg6zjgrjjg4Pjg4jjgqvjg7zjg4njg7vmpb3lpKnjg5Djg7Pjgq/msbrmuIjjg7vpioDooYzmjK/ovrzjg7vmpb3lpKlFZHnmsbrmuIjjgYzjgZTliKnnlKjjgYTjgZ/jgaDjgZHjgb7jgZnjgII8YnI+CjxpbWcgc3JjPSJodHRwOi8vaW1hZ2UucmFrdXRlbi5jby5qcC9hdWMtdWxtYXgvY2FiaW5ldC9zb3phaS9jYXJkX2ljb24uZ2lmIiBhbHQ9IiIgd2lkdGg9IjI4NiIgaGVpZ2h0PSIyNSI+PC90ZD4KPHRyPgo8dGQ+PC90ZD4KPHRkPjxzcGFuIGNsYXNzPSJmb290X3NldHVtZWkyIj7igLvku6Pph5HlvJXmj5vvvIjku6PlvJXjgY3vvInjga/jgYbjgZHjgZ/jgb7jgo/jgaPjgabjgYrjgorjgb7jgZvjgpPjgII8L3NwYW4+PC90ZD4KPHRyPgo8dGQ+PC90ZD4KPHRkPuOBlOazqOaWh+WujOS6huW+jOOAgeW8iuekvuOBi+OCiSZsZHF1bzs8c3BhbiBjbGFzcz0iZm9vdF9zZXR1bWVpMiI+5Y+X5rOo56K66KqN44Oh44O844OrPC9zcGFuPiZyZHF1bzvjgpLpgIHkv6HjgYTjgZ/jgZfjgb7jgZnjgII8L3RkPgo8L3RhYmxlPgo8YnI+Cjx0YWJsZSB3aWR0aD0iMTAwJSIgY2xhc3M9ImZvb3Rfc2V0dW1laSI+Cjx0cj4KPHRkIGNvbHNwYW49IjIiIGNsYXNzPSJmb290XzIiPumgmOWPjuiovOOBrueZuuihjOOBq+OBpOOBhOOBpiA8c3BhbiBjbGFzcz0iZm9vdF9zZXR1bWVpNCI+6Kmz44GX44GP44Gv44Kz44OB44OpJnJhcnI7PC9zcGFuPjwvdGQ+Cjx0cj4KPHRkPjwvdGQ+Cjx0ZD7jgZTluIzmnJvjga7jgYrlrqLmp5jjgavnmbrooYzjgZfjgabjgYrjgorjgb7jgZnjgII8YnI+CjxzcGFuIGNsYXNzPSJmb290X3NldHVtZWk0Ij7oqbPjgZfjgY/jga/jgrPjg4Hjg6njgafjgZTnorroqo3jgY/jgaDjgZXjgYQ8L3NwYW4+44CCCjwvdGFibGU+Cjxicj4KPHRhYmxlIGNsYXNzPSJmb290X3NldHVtZWkiPgo8dHI+Cjx0ZCBjb2xzcGFuPSIyIj7jgq3jg6Pjg7Pjgrvjg6vov5Tlk4HkuqTmj5vjgavjgaTjgYTjgaYgPHNwYW4gY2xhc3M9ImZvb3Rfc2V0dW1laTQiPuips+OBl+OBj+OBr+OCs+ODgeODqSZyYXJyOzwvc3Bhbj48L3RkPgo8dHI+Cjx0ZD4KPHRkPuazqOaWh+eiuuWumuW+jOOBruOCreODo+ODs+OCu+ODq+OAgeWGheWuueWkieabtOOAgeOBiuWuouanmOOBruOBlOmDveWQiOOBq+OCiOOCi+i/lOWTgeODu+S6pOaPm+OBr+OBiuaWreOCiuOBhOOBn+OBl+OBvuOBmeOAgu+8iuOBlOazqOaWh+WJjeOBq+WNgeWIhuOBquOBlOeiuuiqjeOCkuOBiumhmOOBhOOBhOOBn+OBl+OBvuOBmeOAgjwvdGQ+CjwvdGFibGU+Cjxicj4KPHRhYmxlIHdpZHRoPSIxMDAlIiBjbGFzcz0iZm9vdF9zZXR1bWVpIj4KPHRyPgo8dGQgY29sc3Bhbj0iMiIgY2xhc3M9ImZvb3RfMiI+5Za25qWt5pmC6ZaT44Gr44Gk44GE44GmPC90ZD4KPHRyPgo8dGQ+PC90ZD4KPHRkPuODjeODg+ODiOOBp+OBruOBlOazqOaWh+OBrzI05pmC6ZaT5Y+X5LuY44GX44Gm44GK44KK44G+44GZ44CCPGJyPgrjgYrpm7voqbHjgafjga7jgYrllY/lkIjjgZvjga/kuIvoqJjjga7mmYLplpPluK/jgavjgYrpoZjjgYTjgZfjgb7jgZnjgII8YnI+CuW5s+aXpeOAgDEwOjAw77yNMTc6MDA8YnI+CjxzcGFuIGNsYXNzPSJmb290X3NldHVtZWkyIj7igLvlnJ/jg7vml6Xjg7vnpZ3ml6Xjga/lrprkvJHml6Xjgajjgarjgorjgb7jgZnjgILjg6Hjg7zjg6vjga7ov5Tkv6Hjga/nv4zllrbmpa3ml6Xjgajjgarjgorjgb7jgZnjgII8L3NwYW4+PC90ZD4KPC90YWJsZT48L3RkPgo8dGQgd2lkdGg9IjIlIj48L3RkPgo8dGQgd2lkdGg9IjQ5JSIgdmFsaWduPSJ0b3AiPjx0YWJsZSB3aWR0aD0iMTAwJSUiIGNsYXNzPSJmb290X3NldHVtZWkiPgo8dHI+Cjx0ZCBjb2xzcGFuPSIyIiBjbGFzcz0iZm9vdF8yIj7phY3pgIHjgavjgaTjgYTjgabjgIA8c3BhbiBjbGFzcz0iZm9vdF9zZXR1bWVpNCI+6Kmz44GX44GP44Gv44Kz44OB44OpJnJhcnI7PC9zcGFuPjwvdGQ+Cjx0cj4KPHRkPjwvdGQ+Cjx0ZD7lkITllYblk4Hjg5rjg7zjgrjjgZTjgajjgavoqJjovInjga7lvZPnpL7mjIflrprjga7phY3pgIHmlrnms5U8c3BhbiBjbGFzcz0iZm9vdF9zZXR1bWVpMiI+44CM5a6F6YWN5L6/44CNPC9zcGFuPuOBvuOBn+OBrzxzcGFuIGNsYXNzPSJmb290X3NldHVtZWkyIj7jgIzjg6Hjg7zjg6vkvr/jgI08L3NwYW4+44Gn44GK5bGK44GE44Gf44GX44G+44GZ44CCPGJyPgrphY3pgIHmlrnms5Xjg7vphY3pgIHmpa3ogIXjga7jgZTmjIflrprjga/jgYrmlq3jgorjgYTjgZ/jgZfjgb7jgZnjgII8c3BhbiBjbGFzcz0iZm9vdF9zZXR1bWVpMiI+4oC75Zyf44O75pel44O756Wd5pel44Gu5Ye66I2344Gv6KGM44Gj44Gm44GK44KK44G+44Gb44KT44CCPC9zcGFuPjwvdGQ+Cjx0cj4KPHRkPjwvdGQ+Cjx0ZCBoZWlnaHQ9IjUiPjxIUiBzaXplPSIxIj4KPHRhYmxlIHdpZHRoPSIxMDAlIiBib3JkZXI9IjAiIGNlbGxzcGFjaW5nPSIwIiBjZWxscGFkZGluZz0iMCI+Cjx0cj4KPHRkIHZhbGlnbj0idG9wIj48c3BhbiBjbGFzcz0iZm9vdF9zZXR1bWVpMiI+44CQ44GC44GZ5qW95ZWG5ZOB44Gr44Gk44GE44Gm44CRPC9zcGFuPjwvdGQ+CjwvdHI+Cjx0cj4KPHRkIHZhbGlnbj0idG9wIiBjbGFzcz0iZm9vdF9zZXR1bWVpIj7jgYLjgZnmpb3lr77lv5zmnaHku7YKPC90cj4KPHRyPgo8dGQgdmFsaWduPSJ0b3AiIGNsYXNzPSJmb290X3NldHVtZWkiPgo8b2w+CjxsaT7jgq/jg6zjgrjjg4Pjg4jjgqvjg7zjg4nmsbrmuIjjga7jgb/jgajjgZXjgZvjgabjgYTjgZ/jgaDjgY3jgb7jgZk8L2xpPgo8bGk+44GC44GZ5qW95pyq5a++5b+c5ZWG5ZOB44Go44Gu5ZCM5pmC5rOo5paH44Gu5aC05ZCI44CB44GC44GZ5qW95a++5b+c5ZWG5ZOB44Gu44G/5Y2z5pel5Ye66I2344GE44Gf44GX44G+44GZ77yI5YiG57SN44Go44Gq44KK44G+44GZ77yJPC9saT4KPGxpPumbouWztuODu+WxsemWk+mDqOOBuOOBruOBiuWxiuOBkeOAgeWcn+aXpeelneaXpeOBruOBlOazqOaWh+OAgeWcqOW6q+asoOWTgeOBruWgtOWQiOOBr+WvvuW/nOWkluOBqOOBleOBm+OBpuOBhOOBn+OBoOOBjeOBvuOBmTwvbGk+CjxsaT7phY3pgIHmpa3ogIXpg73lkIjjgavjgojjgovpgYXlu7bjgavjgaTjgYTjgabjga/jgIHjgZTlrrnotabpoZjjgYTjgb7jgZk8L2xpPgo8L29sPgo8L3RyPgo8L3RhYmxlPgo8SFIgc2l6ZT0iMSI+PC90ZD4KPHRyPgo8dGQ+PC90ZD4KPHRkIGNvbHNwYW49IjIiPgo8dWw+CjxsaT7opIfmlbDjga7llYblk4HjgpLjgZTms6jmlofjgYTjgZ/jgaDjgYTjgZ/loLTlkIjjgIHjgZ3jgozjgZ7jgoznlbDjgarjgovphY3pgIHmpa3ogIXjgYvjgonjgYrlsYrjgZHjgZnjgovloLTlkIjjgYzjgYLjgorjgb7jgZnjgII8YnI+PC9saT4KPGxpPumFjemAgeOBjOS4jeWPr+iDveOBquWcsOWfn+OBjOOBlOOBluOBhOOBvuOBmeOAguOBneOBruWgtOWQiOOBr+OBlOazqOaWh+OCkuWPluOCiua2iOOBl+OCkuOBleOBm+OBpuOBhOOBn+OBoOOBjeOBvuOBmeOAgjwvbGk+CjwvdWw+PC90ZD4KPC90YWJsZT4KPHRhYmxlIHdpZHRoPSIxMDAlIiBjbGFzcz0iZm9vdF9zZXR1bWVpIj4KPHRyPgo8dGQgY29sc3Bhbj0iMiIgY2xhc3M9ImZvb3RfMiI+6YWN6YCB5paZ6YeR44CAPHNwYW4gY2xhc3M9ImZvb3Rfc2V0dW1laTQiPuips+OBl+OBj+OBr+OCs+ODgeODqSZyYXJyOzwvc3Bhbj48L3RkPgo8dHI+Cjx0ZD48L3RkPgo8dGQ+PHNwYW4gY2xhc3M9ImZvb3Rfc2V0dW1laTIiPuOAkOmFjemAgeaWmemHkeeEoeaWmeOAkTwvc3Bhbj7jga7oqK3lrprllYblk4Hjga/pgIHmlpnnhKHmlpnjgafjgYrlsYrjgZHjgYTjgZ/jgZfjgb7jgZnjgILlkITllYblk4Hjg5rjg7zjgrjjgafjgZTnorroqo3poZjjgYTjgb7jgZnjgILigLvkuIDpg6jllYblk4HjgIHmspbnuITnnIzjgIHpm6Lls7bjgpLpmaTjgY3jgb7jgZnjgILmspbnuITnnIzjg7vpm6Lls7bjga/jgIHphY3pgIEx5Lu2MSw1MDDlhobjgafjgZnjgII8L3RkPgo8L3RhYmxlPjwvdGQ+CjwvdGFibGU+Cgo8YnI+PGJyPgo8IS0t4piF4piF44GK44GZ44GZ44KB44OQ44OK44O84piF4piFIC0tPjwhLS3imIXimIXjgqvjg4bjgrTjg6rkuIDopqfimIXimIUgLS0+Cgo=,44Kk44K344Ks44Kt55Sj5qWtIOOCueOCreODrOODg+ODiCDjg5Xjg6njgqTjg5Hjg7MgMTVjbeeUqCDpiYTpi7Pnianok4sg57ay5LuY44GNIDM5MjLjg4bjg6zjg5PjgafntLnku4vjgIDpm5HoqozmjrLovInjgIDjgYrjgZfjgoPjgozjgIDjgYvjgo/jgYTjgYTvvJrjgqbjg6vjg57jg4Pjgq/jgrnjgrjjg6Pjg5Hjg7M=,44OX44Oq44Oz44K/44O844Kk44Oz44Kv44Kk44Oz44Kv56aP6KKL44Kk44Oz44Kv44Kr44O844OI44Oq44OD44K444Ko44OX44K944Oz44Kt44Oj44OO44Oz5LqS5o+b44Kk44Oz44KvSUM2Q0w1MEJDSS0zMjYrMzI1LzZNUOODluODqeOCtuODvElD44OB44OD44OXVVNC44Oh44Oi44Oq5pC65biv6Zu76KmxUFlLLTAy5ray5pm25L+d6K2344OV44Kj44Or44Og44OR44K944Kz44Oz44OQ44OD44Kw44K544Oe44ObaVBob25lNuaXpeeUqOWTgeODr+OCpOODpOODrOOCueODnuOCpuOCuea/gOWuieOCpOOCt+OCrOOCreeUo+alrSDjgrnjgq3jg6zjg4Pjg4gg44OV44Op44Kk44OR44OzIDE1Y23nlKgg6YmE6Yuz54mp6JOLIOe2suS7mOOBjSAzOTIy44OG44Os44OT44Gn57S55LuL44CA6ZuR6KqM5o6y6LyJ44CA44GK44GX44KD44KM44CA44GL44KP44GE44GE,4piF4piG44CM5a6F6YWN5L6/44O76YCB5paZ54Sh5paZ44CN77yI5rKW57iE44O76Zui5bO26Zmk44GP77yJ4piF4piG44CC44Kk44K344Ks44Kt55Sj5qWtIOOCueOCreODrOODg+ODiCDjg5Xjg6njgqTjg5Hjg7MgMTVjbeeUqCDpiYTpi7Pnianok4sg57ay5LuY44GNIDM5MjLjg4bjg6zjg5PjgafntLnku4vjgIDpm5HoqozmjrLovInjgIDjgYrjgZfjgoPjgozjgIDjgYvjgo/jgYTjgYQ=[rn]
9-88322,aHR0cDovL3RzaG9wLnIxMHMuanAvdGVhLWxpZmUvY2FiaW5ldC96YWtrYS9taXNhcmFzaS5qcGc/Zml0aW49NzAwOjcwMA==,MzEwLjQwMDA=,,44Kt44OD44OB44Oz55So5ZOB44O76aOf5Zmo44O76Kq/55CG5Zmo5YW3ID4g44Gd44Gu5LuW,44OP44Oq44Kq44CA77y277yW77yQ44Oa44O844OR44O844OV44Kj44Or44K/44O877yQ77yR77yt44CAMTAw5p6a,5YaG44GZ44GE5Z6L44Gu44OJ44Oq44OD44OR44O844Gr44GK5L2/44GE44GE44Gf44Gg44GR44G+44GZ,PGltZyBzcmM9Imh0dHA6Ly9pbWFnZS5yYWt1dGVuLmNvLmpwL3RlYS1saWZlL2NhYmluZXQvc291cnlvdTMwMDBhLmpwZyIgYWx0PSLpgIHmlpnlhajlm73kuIDlvoszMDDlhoYiIGJvcmRlcj0iMCIgLz48YnIgLz4KPGJyIC8+CgoKPGRpdiBpZD0iaXRlbV9kZXRhaWwiPgo8dGFibGUgd2lkdGg9IjQwMCIgYm9yZGVyPSIwIiBjZWxsc3BhY2luZz0iMCIgY2VsbHBhZGRpbmc9IjEwIj4KICA8dGJvZHk+PHRyPgogICAgPHRoPuWQjeensDwvdGg+CiAgICA8dGQ+44OP44Oq44KqIFY2MOeUqCDjg5rjg7zjg5Hjg7zjg5XjgqPjg6vjgr/jg7w8L3RkPgogIDwvdHI+CiAgPHRyPgogICAgPHRoPuijveWTgeOCteOCpOOCujwvdGg+CiAgICA8dGQ+MTTDlzEwY208L3RkPgogIDwvdHI+CiAgPHRyPgogICAgPHRoPuWuuemHjzwvdGg+CiAgICA8dGQ+MX4y5p2v55SoKDEwMOaemuWFpSk8L3RkPgogIDwvdHI+CiAgPHRyPgogICAgPHRoPuadkOizqjwvdGg+CiAgICA8dGQ+44OQ44O844K444Oz44OR44Or44OXPC90ZD4KICA8L3RyPgogIDx0cj4KICAgIDx0aD7ljp/nlKPlm708L3RoPgogICAgPHRkPuaXpeacrOijvTwvdGQ+CiAgPC90cj4KICAgIDx0cj4KICAgIDx0aD7mnKzkvZPph43ph488L3RoPgogICAgPHRkPjg1ZzwvdGQ+CiAgPC90cj4KPC90Ym9keT48L3RhYmxlPgo8L2Rpdj48ZGl2IGFsaWduPSJjZW50ZXIiPjx0YWJsZSB3aWR0aD0iNzUwIiBib3JkZXI9IjAiIGNlbGxzcGFjaW5nPSIwIiBjZWxscGFkZGluZz0iMCI+CiAgPHRyPjx0ZD48L3RkPjwvdHI+CjwvdGFibGU+Cjxicj4KPCEtLSDjgZPjgZPjgYvjgolH44Op44Oz44Kt44Oz44KwIC0tPgo8ZGl2IHN0eWxlPSJoZWlnaHQ6NTk4cHg7IHdpZHRoOjc1MHB4OyBvdmVyZmxvdzpoaWRkZW47IG1hcmdpbjoxMHB4IDA7IHBhZGRpbmc6MCI+CjxpbWcgc3JjPSJodHRwOi8vd3d3LnJha3V0ZW4ubmUuanAvZ29sZC90ZWEtbGlmZS9hc3AvMV9ncmFuay9zaWduYm9hcmRfaW1nLnBuZyIgd2lkdGg9Ijc1MCI+PGJyIC8+CjwvZGl2Pgo8IS0tIOOBk+OBk+OBvuOBp0fjg6njg7Pjgq3jg7PjgrAgLS0+Cjx0YWJsZSB3aWR0aD0iNzUwIiBib3JkZXI9IjAiIGNlbGxzcGFjaW5nPSIwIiBjZWxscGFkZGluZz0iMCI+CiAgPHRyPgogICAgCiAgICA8dGQ+PGltZyBzcmM9Imh0dHA6Ly9pbWFnZS5yYWt1dGVuLmNvLmpwL3RlYS1saWZlL2NhYmluZXQvdG9wL2ltZ3JjMDA2NTQzOTcyNS5qcGciIGFsdD0i44GU5rOo5paH54q25rOBIiB3aWR0aD0iNzUwIiBib3JkZXI9IjAiIC8+PC90ZD4KICA8L3RyPgogIDx0cj4KICAgPHRkPgogICA8dGFibGUgd2lkdGg9Ijc1MCIgaGVpZ2h0PSIxODAiIGJvcmRlcj0iMCIgY2VsbHBhZGRpbmc9IjAiIGNlbGxzcGFjaW5nPSIwIj4KICAgICAgPHRyPgogICAgICAgIDx0ZCBoZWlnaHQ9IjUiPjwvdGQ+CiAgICAgIDwvdHI+CjwhLS0g44GT44GT44GL44KJIOODquOCouOCs+ODoSAtLT4KPHRyPgo8dGQgYWxpZ249ImxlZnQiIHZhbGlnbj0idG9wIiBiZ2NvbG9yPSIjRkZGRkZGIj48YnI+PC90ZD48L3RyPgo8IS0tIOOBk+OBk+OBvuOBpyDjg6rjgqLjgrPjg6EgLS0+CiAgICAgICAgICAgIDx0cj4KICAgICAgICA8dGQgYWxpZ249ImxlZnQiIHZhbGlnbj0idG9wIiBiZ2NvbG9yPSIjRkZGRkZGIj48YnI+PGJyPjxicj48YnI+PGJyPjwvdGQ+CiAgICAgIDwvdHI+CiAgICA8L3RhYmxlPgogICAgPC90ZD4KICA8L3RyPgo8L3RhYmxlPgoKPC9kaXY+,44OP44Oq44Kq44CA77y277yW77yQ44Oa44O844OR44O844OV44Kj44Or44K/44O877yQ77yR77yt44CAMTAw5p6a77ya44OG44Kj44O844Op44Kk44OVc2hvcCDlgaXlurfojLYg6Ieq54S26aOf5ZOB,44OG44Kj44O844Op44Kk44OV44OX44O844Ki44O844Or6Iy244Gf44KT44G944G944Kz44O844OS44O844OA44Kk44Ko44OD44OI44Gf44KT44G944G96Iy244Or44Kk44Oc44K544OG44Kj44O844Gp44GP44Gg44G/44Oh44K/44Oc5YGl5bq36Iy26Ieq54S26aOf5ZOB44OX44O844Ki44Or6Iy25q+N5Lmz5LiN5aaK5aaK5aig44OO44Oz44Kr44OV44Kn44Kk44Oz5YGl5bq36aOf5ZOB57eR6Iy25pel5pys6Iy254Kt44Gu6Zyy5YyW57Kn5ZOB5pyo6YWi5ray44OP44Oq44Kq44CA77y277yW77yQ44Oa44O844OR44O844OV44Kj44Or44K/44O877yQ77yR77yt44CAMTAw5p6a,5YaG44GZ44GE5Z6L44Gu44OJ44Oq44OD44OR44O844Gr44GK5L2/44GE44GE44Gf44Gg44GR44G+44GZ44CC44OP44Oq44Kq44CA77y277yW77yQ44Oa44O844OR44O844OV44Kj44Or44K/44O877yQ77yR77yt44CAMTAw5p6a[rn]
9-88323,aHR0cDovL3RzaG9wLnIxMHMuanAvdGVhLWxpZmUvY2FiaW5ldC96YWtrYS9taWNybzEuanBnP2ZpdGluPTcwMDo3MDA=,NjA0LjgwMDA=,,44Kt44OD44OB44Oz55So5ZOB44O76aOf5Zmo44O76Kq/55CG5Zmo5YW3ID4g44Gd44Gu5LuW,44Oe44Kk44Kv44Ot44Kz44O844OS44O844OJ44Oq44OD44OR44O8IC9SRVZFUlPjgIDjgJDnj4jnkLIv44OJ44Oq44OD44OX44CR,44Ki44Km44OI44OJ44Ki44KE5Ye65by144Gq44Gp44Gu5peF5YWI44Gr5qyg44GL44Gb44G+44Gb44KT77yB,PGltZyBzcmM9Imh0dHA6Ly9pbWFnZS5yYWt1dGVuLmNvLmpwL3RlYS1saWZlL2NhYmluZXQvc291cnlvdTMwMDBhLmpwZyIgYWx0PSLpgIHmlpnlhajlm73kuIDlvoszMDDlhoYiIGJvcmRlcj0iMCIgLz48YnIgLz4KPGJyIC8+CgoKPGRpdiBpZD0iaXRlbV9kZXRhaWwiPgo8dGFibGUgd2lkdGg9IjQwMCIgYm9yZGVyPSIwIiBjZWxsc3BhY2luZz0iMCIgY2VsbHBhZGRpbmc9IjEwIj4KICA8dGJvZHk+PHRyPgogICAgPHRoPuWQjeensDwvdGg+CiAgICA8dGQ+44Oe44Kk44Kv44Ot44Kz44O844OS44O844OJ44Oq44OD44OR44O8PC90ZD4KICA8L3RyPgogIDx0cj4KICAgIDx0aD7jgrXjgqTjgro8L3RoPgogICAgPHRkPumrmOOBlTIwLjLDl+W5hTEwLjDDl+WlpeihjDcuMWNtPC90ZD4KICA8L3RyPgogIDx0cj4KICAgIDx0aD7ph43ph488L3RoPgogICAgPHRkPue0hDEyMGc8L3RkPgogIDwvdHI+CiAgPHRyPgogICAgPHRoPuadkOizqjwvdGg+CiAgICA8dGQ+44Oc44OI44Or5pys5L2TPVBDVCDigLtUUklUQU7jgIHjg5Xjgr8944Od44Oq44OX44Ot44OU44Os44Oz44CB44K544OX44Op44OD44K344Ol44Ks44O844OJPeODneODquODl+ODreODlOODrOODs+OAgeOCueODiOODqeODg+ODlz3jg53jg6rjgqjjg4Hjg6zjg7PjgIHjgqLjgqTjgrnjg4Hjg6Xjg7zjg5Y944Od44Oq44Ko44OB44Os44Oz44CB44Oc44OI44Or44Kr44OQ44O86KGo5ZywPeODneODquOCqOOCueODhuODq+OAgeODnOODiOODq+OCq+ODkOODvOijj+WcsD3jg53jg6rjgqjjgrnjg4bjg6vjgIHjg5zjg4jjg6vjgqvjg5Djg7zjg5Ljg6I944Od44Oq44Ko44K544OG44Or44CB44Oc44OI44Or44Kr44OQ44O86Iqv5ZywPeOCpuODrOOCv+ODs+OAgeODnOODiOODq+OCq+ODkOODvOiKr+WcsD3kuI3nuZTluIPjgIHjg5zjg4jjg6vjgqvjg5Djg7zjgrnjg4jjg4Pjg5Hjg7w9UE9N5qi56ISCPC90ZD4KICA8L3RyPgogIDx0cj4KICAgIDx0aD7lrrnph488L3RoPgogICAgPHRkPjE344Kq44Oz44K5KDUwMG1sKSDigLvjgqLjgqTjgrnjg4Hjg6Xjg7zjg5boo4XnnYDmmYLjga8xM+OCquODs+OCuSg0MDBtbCk8L3RkPgogIDwvdHI+CjwvdGJvZHk+PC90YWJsZT4KPC9kaXY+PGRpdiBhbGlnbj0iY2VudGVyIj48dGFibGUgd2lkdGg9Ijc1MCIgYm9yZGVyPSIwIiBjZWxsc3BhY2luZz0iMCIgY2VsbHBhZGRpbmc9IjAiPgogIDx0cj48dGQ+PC90ZD48L3RyPgo8L3RhYmxlPgo8YnI+CjwhLS0g44GT44GT44GL44KJR+ODqeODs+OCreODs+OCsCAtLT4KPGRpdiBzdHlsZT0iaGVpZ2h0OjU5OHB4OyB3aWR0aDo3NTBweDsgb3ZlcmZsb3c6aGlkZGVuOyBtYXJnaW46MTBweCAwOyBwYWRkaW5nOjAiPgo8aW1nIHNyYz0iaHR0cDovL3d3dy5yYWt1dGVuLm5lLmpwL2dvbGQvdGVhLWxpZmUvYXNwLzFfZ3Jhbmsvc2lnbmJvYXJkX2ltZy5wbmciIHdpZHRoPSI3NTAiPjxiciAvPgo8L2Rpdj4KPCEtLSDjgZPjgZPjgb7jgadH44Op44Oz44Kt44Oz44KwIC0tPgo8dGFibGUgd2lkdGg9Ijc1MCIgYm9yZGVyPSIwIiBjZWxsc3BhY2luZz0iMCIgY2VsbHBhZGRpbmc9IjAiPgogIDx0cj4KICAgIAogICAgPHRkPjxpbWcgc3JjPSJodHRwOi8vaW1hZ2UucmFrdXRlbi5jby5qcC90ZWEtbGlmZS9jYWJpbmV0L3RvcC9pbWdyYzAwNjU0Mzk3MjUuanBnIiBhbHQ9IuOBlOazqOaWh+eKtuazgSIgd2lkdGg9Ijc1MCIgYm9yZGVyPSIwIiAvPjwvdGQ+CiAgPC90cj4KICA8dHI+CiAgIDx0ZD4KICAgPHRhYmxlIHdpZHRoPSI3NTAiIGhlaWdodD0iMTgwIiBib3JkZXI9IjAiIGNlbGxwYWRkaW5nPSIwIiBjZWxsc3BhY2luZz0iMCI+CiAgICAgIDx0cj4KICAgICAgICA8dGQgaGVpZ2h0PSI1Ij48L3RkPgogICAgICA8L3RyPgo8IS0tIOOBk+OBk+OBi+OCiSDjg6rjgqLjgrPjg6EgLS0+Cjx0cj4KPHRkIGFsaWduPSJsZWZ0IiB2YWxpZ249InRvcCIgYmdjb2xvcj0iI0ZGRkZGRiI+PGJyPjwvdGQ+PC90cj4KPCEtLSDjgZPjgZPjgb7jgacg44Oq44Ki44Kz44OhIC0tPgogICAgICAgICAgICA8dHI+CiAgICAgICAgPHRkIGFsaWduPSJsZWZ0IiB2YWxpZ249InRvcCIgYmdjb2xvcj0iI0ZGRkZGRiI+PGJyPjxicj48YnI+PGJyPjxicj48L3RkPgogICAgICA8L3RyPgogICAgPC90YWJsZT4KICAgIDwvdGQ+CiAgPC90cj4KPC90YWJsZT4KCjwvZGl2Pg==,44Oe44Kk44Kv44Ot44Kz44O844OS44O844OJ44Oq44OD44OR44O8IC9SRVZFUlPjgIDjgJDnj4jnkLIv44OJ44Oq44OD44OX44CR77ya44OG44Kj44O844Op44Kk44OVc2hvcCDlgaXlurfojLYg6Ieq54S26aOf5ZOB,44OG44Kj44O844Op44Kk44OV44OX44O844Ki44O844Or6Iy244Gf44KT44G944G944Kz44O844OS44O844OA44Kk44Ko44OD44OI44Gf44KT44G944G96Iy244Or44Kk44Oc44K544OG44Kj44O844Gp44GP44Gg44G/44Oh44K/44Oc5YGl5bq36Iy26Ieq54S26aOf5ZOB44OX44O844Ki44Or6Iy25q+N5Lmz5LiN5aaK5aaK5aig44OO44Oz44Kr44OV44Kn44Kk44Oz5YGl5bq36aOf5ZOB57eR6Iy25pel5pys6Iy254Kt44Gu6Zyy5YyW57Kn5ZOB5pyo6YWi5ray44Oe44Kk44Kv44Ot44Kz44O844OS44O844OJ44Oq44OD44OR44O8IC9SRVZFUlPjgIDjgJDnj4jnkLIv44OJ44Oq44OD44OX44CR,44Ki44Km44OI44OJ44Ki44KE5Ye65by144Gq44Gp44Gu5peF5YWI44Gr5qyg44GL44Gb44G+44Gb44KT77yB44CC44Oe44Kk44Kv44Ot44Kz44O844OS44O844OJ44Oq44OD44OR44O8IC9SRVZFUlPjgIDjgJDnj4jnkLIv44OJ44Oq44OD44OX44CR[rn]
9-88324,aHR0cDovL3RzaG9wLnIxMHMuanAvdGVhLWxpZmUvY2FiaW5ldC96YWtrYS9kZW5kb3VtaWxsLmpwZz9maXRpbj03MDA6NzAw,NDc1Mi4wMDAw,,44Kt44OD44OB44Oz55So5ZOB44O76aOf5Zmo44O76Kq/55CG5Zmo5YW3ID4g44Gd44Gu5LuW,6Zu75YuV44Kz44O844OS44O844Of44Or44O744Kr44OX44K744OrLzIwUDAzRGVjMTY=,44GU6Ieq5a6F44Gn5omL6Lu944Gr5oy944GN44Gf44Gm44Kz44O844OS44O844KS5oSJ44GX44KB44G+44GZ44CC,PGltZyBzcmM9Imh0dHA6Ly9pbWFnZS5yYWt1dGVuLmNvLmpwL3RlYS1saWZlL2NhYmluZXQvc291cnlvdTMwMDBhLmpwZyIgYWx0PSLpgIHmlpnlhajlm73kuIDlvoszMDDlhoYiIGJvcmRlcj0iMCIgLz48YnIgLz4KPGJyIC8+CgoKPGRpdiBpZD0iaXRlbV9kZXRhaWwiPgo8dGFibGUgd2lkdGg9IjQwMCIgYm9yZGVyPSIwIiBjZWxsc3BhY2luZz0iMCIgY2VsbHBhZGRpbmc9IjEwIj4KICA8dGJvZHk+PHRyPgogICAgPHRoPuWQjeensDwvdGg+CiAgICA8dGQ+6Zu75YuV44Kz44O844OS44O844Of44OrPC90ZD4KICA8L3RyPgogIDx0cj4KICAgIDx0aD7jgqvjg6njg7w8L3RoPgogICAgPHRkPuODmOOCouODqeOCpOODs+OCt+ODq+ODkOODvDwvdGQ+CiAgPC90cj4KICA8dHI+CiAgICA8dGg+6KO95ZOB44K144Kk44K6PC90aD4KICAgIDx0ZD7luYUgMTAyIMOXIOWlpeihjCAxMTIgw5cg6auYIDE4NG1tPC90ZD4KICA8L3RyPgogIDx0cj4KICAgIDx0aD7mnZDos6o8L3RoPgogICAgPHRkPuacrOS9k+OCq+ODkOODvOODu+ODm+ODg+ODkeODvOODu+WIgy/jgrnjg4bjg7Pjg6zjgrnjgIDliIPnlZnjgoEv44Od44Oq44OX44Ot44OU44Os44Oz44CA44OV44K/L0FT5qi56ISC44CA5pys5L2T5aSW5YG05qi56ISCL0FCU+aoueiEgjwvdGQ+CiAgPC90cj4KICA8dHI+CiAgICA8dGg+5Y6f55Sj5Zu9PC90aD4KICAgIDx0ZD7kuK3lm73oo708L3RkPgogIDwvdHI+CjwvdGJvZHk+PC90YWJsZT4KPC9kaXY+PGRpdiBhbGlnbj0iY2VudGVyIj48dGFibGUgd2lkdGg9Ijc1MCIgYm9yZGVyPSIwIiBjZWxsc3BhY2luZz0iMCIgY2VsbHBhZGRpbmc9IjAiPgogIDx0cj48dGQ+PC90ZD48L3RyPgo8L3RhYmxlPgo8YnI+CjwhLS0g44GT44GT44GL44KJR+ODqeODs+OCreODs+OCsCAtLT4KPGRpdiBzdHlsZT0iaGVpZ2h0OjU5OHB4OyB3aWR0aDo3NTBweDsgb3ZlcmZsb3c6aGlkZGVuOyBtYXJnaW46MTBweCAwOyBwYWRkaW5nOjAiPgo8aW1nIHNyYz0iaHR0cDovL3d3dy5yYWt1dGVuLm5lLmpwL2dvbGQvdGVhLWxpZmUvYXNwLzFfZ3Jhbmsvc2lnbmJvYXJkX2ltZy5wbmciIHdpZHRoPSI3NTAiPjxiciAvPgo8L2Rpdj4KPCEtLSDjgZPjgZPjgb7jgadH44Op44Oz44Kt44Oz44KwIC0tPgo8dGFibGUgd2lkdGg9Ijc1MCIgYm9yZGVyPSIwIiBjZWxsc3BhY2luZz0iMCIgY2VsbHBhZGRpbmc9IjAiPgogIDx0cj4KICAgIAogICAgPHRkPjxpbWcgc3JjPSJodHRwOi8vaW1hZ2UucmFrdXRlbi5jby5qcC90ZWEtbGlmZS9jYWJpbmV0L3RvcC9pbWdyYzAwNjU0Mzk3MjUuanBnIiBhbHQ9IuOBlOazqOaWh+eKtuazgSIgd2lkdGg9Ijc1MCIgYm9yZGVyPSIwIiAvPjwvdGQ+CiAgPC90cj4KICA8dHI+CiAgIDx0ZD4KICAgPHRhYmxlIHdpZHRoPSI3NTAiIGhlaWdodD0iMTgwIiBib3JkZXI9IjAiIGNlbGxwYWRkaW5nPSIwIiBjZWxsc3BhY2luZz0iMCI+CiAgICAgIDx0cj4KICAgICAgICA8dGQgaGVpZ2h0PSI1Ij48L3RkPgogICAgICA8L3RyPgo8IS0tIOOBk+OBk+OBi+OCiSDjg6rjgqLjgrPjg6EgLS0+Cjx0cj4KPHRkIGFsaWduPSJsZWZ0IiB2YWxpZ249InRvcCIgYmdjb2xvcj0iI0ZGRkZGRiI+PGJyPjwvdGQ+PC90cj4KPCEtLSDjgZPjgZPjgb7jgacg44Oq44Ki44Kz44OhIC0tPgogICAgICAgICAgICA8dHI+CiAgICAgICAgPHRkIGFsaWduPSJsZWZ0IiB2YWxpZ249InRvcCIgYmdjb2xvcj0iI0ZGRkZGRiI+PGJyPjxicj48YnI+PGJyPjxicj48L3RkPgogICAgICA8L3RyPgogICAgPC90YWJsZT4KICAgIDwvdGQ+CiAgPC90cj4KPC90YWJsZT4KCjwvZGl2Pg==,6Zu75YuV44Kz44O844OS44O844Of44Or44O744Kr44OX44K744OrLzIwUDAzRGVjMTbvvJrjg4bjgqPjg7zjg6njgqTjg5VzaG9wIOWBpeW6t+iMtiDoh6rnhLbpo5/lk4E=,44OG44Kj44O844Op44Kk44OV44OX44O844Ki44O844Or6Iy244Gf44KT44G944G944Kz44O844OS44O844OA44Kk44Ko44OD44OI44Gf44KT44G944G96Iy244Or44Kk44Oc44K544OG44Kj44O844Gp44GP44Gg44G/44Oh44K/44Oc5YGl5bq36Iy26Ieq54S26aOf5ZOB44OX44O844Ki44Or6Iy25q+N5Lmz5LiN5aaK5aaK5aig44OO44Oz44Kr44OV44Kn44Kk44Oz5YGl5bq36aOf5ZOB57eR6Iy25pel5pys6Iy254Kt44Gu6Zyy5YyW57Kn5ZOB5pyo6YWi5ray6Zu75YuV44Kz44O844OS44O844Of44Or44O744Kr44OX44K744OrLzIwUDAzRGVjMTY=,44GU6Ieq5a6F44Gn5omL6Lu944Gr5oy944GN44Gf44Gm44Kz44O844OS44O844KS5oSJ44GX44KB44G+44GZ44CC44CC6Zu75YuV44Kz44O844OS44O844Of44Or44O744Kr44OX44K744OrLzIwUDAzRGVjMTY=[rn]
9-88325,aHR0cDovL3RzaG9wLnIxMHMuanAvdGVhLWxpZmUvY2FiaW5ldC96YWtrYS9zdGFuZDYwMC5qcGc/Zml0aW49NzAwOjcwMA==,MTY0MS42MDAw,,44Kt44OD44OB44Oz55So5ZOB44O76aOf5Zmo44O76Kq/55CG5Zmo5YW3ID4g44Gd44Gu5LuW,44OP44Oq44Kq44CA77y277yW77yQ44Oa44O844OR44O844K544K/44Oz44OJLzIwUDAzRGVjMTY=,5YaG6YyQ5b2i44Gu44OV44Kj44Or44K/44O844O75Y+w5b2i44Gu44OV44Kj44Or44K/44O844KSMTAw5p6a5Y+O57SN,PGltZyBzcmM9Imh0dHA6Ly9pbWFnZS5yYWt1dGVuLmNvLmpwL3RlYS1saWZlL2NhYmluZXQvc291cnlvdTMwMDBhLmpwZyIgYWx0PSLpgIHmlpnlhajlm73kuIDlvoszMDDlhoYiIGJvcmRlcj0iMCIgLz48YnIgLz4KPGJyIC8+CgoKPGRpdiBpZD0iaXRlbV9kZXRhaWwiPgo8dGFibGUgd2lkdGg9IjQwMCIgYm9yZGVyPSIwIiBjZWxsc3BhY2luZz0iMCIgY2VsbHBhZGRpbmc9IjEwIj4KICA8dGJvZHk+PHRyPgogICAgPHRoPuOCq+ODqeODvDwvdGg+CiAgICA8dGQ+55m9PC90ZD4KICA8L3RyPgogIDx0cj4KICAgIDx0aD7oo73lk4HjgrXjgqTjgro8L3RoPgogICAgPHRkPuW5hSAxNjUgw5cg5aWl6KGMIDY4IMOXIOmrmCAxMDBtbSYjMTYwOzwvdGQ+CiAgPC90cj4KICA8dHI+CiAgICA8dGg+5a656YePPC90aD4KICAgIDx0ZD4xMDDmnpo8L3RkPgogIDwvdHI+CiAgPHRyPgogICAgPHRoPuadkOizqjwvdGg+CiAgICA8dGQ+56OB5ZmoKOacieeUsOeEvCk8L3RkPgogIDwvdHI+CiAgPHRyPgogICAgPHRoPuWOn+eUo+WbvTwvdGg+CiAgICA8dGQ+5pel5pys6KO9PC90ZD4KICA8L3RyPgo8L3Rib2R5PjwvdGFibGU+CjwvZGl2PjxkaXYgYWxpZ249ImNlbnRlciI+PHRhYmxlIHdpZHRoPSI3NTAiIGJvcmRlcj0iMCIgY2VsbHNwYWNpbmc9IjAiIGNlbGxwYWRkaW5nPSIwIj4KICA8dHI+PHRkPjwvdGQ+PC90cj4KPC90YWJsZT4KPGJyPgo8IS0tIOOBk+OBk+OBi+OCiUfjg6njg7Pjgq3jg7PjgrAgLS0+CjxkaXYgc3R5bGU9ImhlaWdodDo1OThweDsgd2lkdGg6NzUwcHg7IG92ZXJmbG93OmhpZGRlbjsgbWFyZ2luOjEwcHggMDsgcGFkZGluZzowIj4KPGltZyBzcmM9Imh0dHA6Ly93d3cucmFrdXRlbi5uZS5qcC9nb2xkL3RlYS1saWZlL2FzcC8xX2dyYW5rL3NpZ25ib2FyZF9pbWcucG5nIiB3aWR0aD0iNzUwIj48YnIgLz4KPC9kaXY+CjwhLS0g44GT44GT44G+44GnR+ODqeODs+OCreODs+OCsCAtLT4KPHRhYmxlIHdpZHRoPSI3NTAiIGJvcmRlcj0iMCIgY2VsbHNwYWNpbmc9IjAiIGNlbGxwYWRkaW5nPSIwIj4KICA8dHI+CiAgICAKICAgIDx0ZD48aW1nIHNyYz0iaHR0cDovL2ltYWdlLnJha3V0ZW4uY28uanAvdGVhLWxpZmUvY2FiaW5ldC90b3AvaW1ncmMwMDY1NDM5NzI1LmpwZyIgYWx0PSLjgZTms6jmlofnirbms4EiIHdpZHRoPSI3NTAiIGJvcmRlcj0iMCIgLz48L3RkPgogIDwvdHI+CiAgPHRyPgogICA8dGQ+CiAgIDx0YWJsZSB3aWR0aD0iNzUwIiBoZWlnaHQ9IjE4MCIgYm9yZGVyPSIwIiBjZWxscGFkZGluZz0iMCIgY2VsbHNwYWNpbmc9IjAiPgogICAgICA8dHI+CiAgICAgICAgPHRkIGhlaWdodD0iNSI+PC90ZD4KICAgICAgPC90cj4KPCEtLSDjgZPjgZPjgYvjgokg44Oq44Ki44Kz44OhIC0tPgo8dHI+Cjx0ZCBhbGlnbj0ibGVmdCIgdmFsaWduPSJ0b3AiIGJnY29sb3I9IiNGRkZGRkYiPjxicj48L3RkPjwvdHI+CjwhLS0g44GT44GT44G+44GnIOODquOCouOCs+ODoSAtLT4KICAgICAgICAgICAgPHRyPgogICAgICAgIDx0ZCBhbGlnbj0ibGVmdCIgdmFsaWduPSJ0b3AiIGJnY29sb3I9IiNGRkZGRkYiPjxicj48YnI+PGJyPjxicj48YnI+PC90ZD4KICAgICAgPC90cj4KICAgIDwvdGFibGU+CiAgICA8L3RkPgogIDwvdHI+CjwvdGFibGU+Cgo8L2Rpdj4=,44OP44Oq44Kq44CA77y277yW77yQ44Oa44O844OR44O844K544K/44Oz44OJLzIwUDAzRGVjMTbvvJrjg4bjgqPjg7zjg6njgqTjg5VzaG9wIOWBpeW6t+iMtiDoh6rnhLbpo5/lk4E=,44OG44Kj44O844Op44Kk44OV44OX44O844Ki44O844Or6Iy244Gf44KT44G944G944Kz44O844OS44O844OA44Kk44Ko44OD44OI44Gf44KT44G944G96Iy244Or44Kk44Oc44K544OG44Kj44O844Gp44GP44Gg44G/44Oh44K/44Oc5YGl5bq36Iy26Ieq54S26aOf5ZOB44OX44O844Ki44Or6Iy25q+N5Lmz5LiN5aaK5aaK5aig44OO44Oz44Kr44OV44Kn44Kk44Oz5YGl5bq36aOf5ZOB57eR6Iy25pel5pys6Iy254Kt44Gu6Zyy5YyW57Kn5ZOB5pyo6YWi5ray44OP44Oq44Kq44CA77y277yW77yQ44Oa44O844OR44O844K544K/44Oz44OJLzIwUDAzRGVjMTY=,5YaG6YyQ5b2i44Gu44OV44Kj44Or44K/44O844O75Y+w5b2i44Gu44OV44Kj44Or44K/44O844KSMTAw5p6a5Y+O57SN44CC44OP44Oq44Kq44CA77y277yW77yQ44Oa44O844OR44O844K544K/44Oz44OJLzIwUDAzRGVjMTY=[rn]
9-88326,aHR0cDovL3RzaG9wLnIxMHMuanAva3VyYXNoaWtlbmtvdS9jYWJpbmV0L25ld2ltYWdlMi83MDUzODgwLTEuanBnP2ZpdGluPTcwMDo3MDA=,MzU0MC44MDAw,,44Kt44OD44OB44Oz55So5ZOB44O76aOf5Zmo44O76Kq/55CG5Zmo5YW3ID4g44Gd44Gu5LuW,44K144O844Oi44K5IOecn+epuuaWreeGseOCueODneODvOODhOODnOODiOODqyAxNTAwbWzpgIHmlpnnhKHmlpkg5rC0562SIOebtOmjsuOBvyDkv53lhrcg44Kr44OQ44O85LuY44GNIEZGWi0xNTAxRiDjg6zjg4Pjg4njg5bjg6njg4Pjgq/jg7vjg43jgqTjg5Pjg7zjg5Tjg7Pjgq/jg7vjg5Tjg7Pjgq/jg4Hjgqfjg4Pjgq/jgJBE44CR,44CQ5YWo5Zu944Gp44GT44Gn44KC6YCB5paZ54Sh5paZ44CR,44K544Od44O844OE44Gr5b+F6KaB44Gq5rC05YiG44KS5Ya344Gf44GE44G+44G+44Gn57Sg5pep44GP6KOc57Wm44Gn44GN44G+44GZ44CCPGJyPgrjg7vjgZ3jga7jgb7jgb7po7LjgoHjgos8YnI+CuODu+ODr+ODs+OCv+ODg+ODgeOCquODvOODl+ODszxicj4K44O75pON5L2c44GX44KE44GZ44GE5aSn44GN44Gq44Ot44OD44Kv44Oq44Oz44KwPGJyPgrjg7vlpKfjgY3jgarmsLfjgYzlhaXjgovjg6/jgqTjg4njgarlj6PlvoTvvIg1Y23vvIk8YnI+CuODu+OCueODiOODqeODg+ODl+S7mOOBjeODj+ODs+ODh+OCo+ODneODvOODge+8iOaJi+a0l+OBhE9L77yJPGJyPgrjg7vkuIjlpKvjgarlupUKPGJyPuODu+OAjOeVquWPt+ODu+OBiuWQjeWJjeOCt+ODvOODq+OAjeS7mOOBjTxicj4KCuKXj+WuuemHj++8mue0hDEuNUw8YnI+CuKXj+S/neWGt+WKueWKm++8iDbmmYLplpPvvInvvJo55bqm5Lul5LiLPGJyPgril4/lj6PlvoTvvJrntIQ1Y208YnI+CuKXj+WVhuWTgeOCteOCpOOCuu+8iGNt77yJ77ya5bmF57SEOcOX5aWl6KGM57SEOS41w5fpq5jjgZXntIQzMjxicj4K4peP6YeN6YeP77ya57SENjAwZzxicj4K4peP5Li45rSX44GET0s8YnI+CuKXj+OCq+ODqeODvO+8muODluODqeODg+OCr+OCpOOCqOODreODvOOAgeODrOODg+ODieODluODqeODg+OCr+OAgeODjeOCpOODk+ODvOODlOODs+OCr+OAgeODlOODs+OCr+ODgeOCp+ODg+OCryA8YnI+PGNlbnRlcj4KCgoKPCEtLUdvUVN5c3RlbeODqeODs+OCreODs+OCsOiHquWLleabtOaWsOODhOODvOODq+ODr+OCpOODiS0tPgo8dGFibGUgYWxpZ249ImNlbnRlciIgd2lkdGg9IjYwMCIgYm9yZGVyPSIwIiBjZWxscGFkZGluZz0iMCIgY2VsbHNwYWNpbmc9IjAiIGJnY29sb3I9IiNGRkZGRkYiPgo8dHI+Cjx0ZD4KPHRhYmxlIGFsaWduPSJjZW50ZXIiIHdpZHRoPSI2MDAiIGJvcmRlcj0iMCIgY2VsbHBhZGRpbmc9IjAiIGNlbGxzcGFjaW5nPSIwIiBiZ2NvbG9yPSIjRkZGRkZGIj4KPHRyPgo8dGQgYWxpZ249ImNlbnRlciIgdmFsaWduPSJib3R0b20iIGJnY29sb3I9IiNjY2NjY2MiPjxpbWcgc3JjPSJodHRwOi8vd3d3LnJha3V0ZW4ubmUuanAvZ29sZC9rdXJhc2hpa2Vua291L2dvcXN5c3RlbS82MDByYW5raW5ndGl0ZWwuZ2lmIiB3aWR0aD0iNjAwIiAvPjwvdGQ+CjwvdHI+CjwvdGFibGU+Cjx0YWJsZSBhbGlnbj0iY2VudGVyIiB3aWR0aD0iNTk2IiBib3JkZXI9IjAiIGNlbGxwYWRkaW5nPSIwIiBjZWxsc3BhY2luZz0iMCIgYmdjb2xvcj0iI0NDQ0NDQyIgc3R5bGU9ImJvcmRlci1sZWZ0OnNvbGlkO2JvcmRlci1sZWZ0LXdpZHRoOjFweDtib3JkZXItcmlnaHQ6c29saWQ7Ym9yZGVyLXJpZ2h0LXdpZHRoOjFweDtib3JkZXItYm90dG9tOnNvbGlkO2JvcmRlci1ib3R0b20td2lkdGg6MXB4O2JvcmRlci1jb2xvcjojQ0NDQ0NDOyI+Cjx0cj4KPHRkIGFsaWduPSJjZW50ZXIiIGJnY29sb3I9IiNGRkZGRkYiIHN0eWxlPSJvdmVyZmxvdzphdXRvOyI+Cgo8L3RkPgo8L3RyPgo8dHI+Cjx0ZCBhbGlnbj0icmlnaHQiIGJnY29sb3I9IiNGRkZGRkYiIHN0eWxlPSJwYWRkaW5nOjJweDsiPgo8aW1nIHNyYz0iaHR0cDovL3d3dy5yYWt1dGVuLm5lLmpwL2dvbGQva3VyYXNoaWtlbmtvdS9nb3FzeXN0ZW0vcG93ZXJlZF9ieV9iYW5uZXIuZ2lmIiB3aWR0aD0iMTI1IiAvPgo8L3RkPgo8L3RyPgo8L3RhYmxlPgo8L3RkPgo8L3RyPgo8L3RhYmxlPgo8IS0tR29RU3lzdGVt44Op44Oz44Kt44Oz44Kw6Ieq5YuV5pu05paw44OE44O844Or44Ov44Kk44OJLS0+CgoKPC9jZW50ZXI+,44K144O844Oi44K5IOecn+epuuaWreeGseOCueODneODvOODhOODnOODiOODqyAxNTAwbWzpgIHmlpnnhKHmlpkg5rC0562SIOebtOmjsuOBvyDkv53lhrcg44Kr44OQ44O85LuY44GNIEZGWi0xNTAxRiDjg6zjg4Pjg4njg5bjg6njg4Pjgq/jg7vjg43jgqTjg5Pjg7zjg5Tjg7Pjgq/jg7vjg5Tjg7Pjgq/jg4Hjgqfjg4Pjgq/jgJBE44CR77ya5pqu44KJ44GX5YGl5bq344ON44OD44OI6aSo,44Kt44OD44OB44Oz44OQ44K56Kq/55CG5Zmo5YW35rSX5Ymk44Kv44Oq44K544K/44Or44Ks44Kk44K244O8NTAwbWzmn5Tou5/liaTlrqTlhoXnianlubLjgZfnianlubLjgZflgaXlurfpo5/lk4HjgqLjgqTjg6rjgrnjgqrjg7zjg6Tjg57mjoPpmaTjg4/jg7Pjgqzjg7zmtJfmv6/lj47ntI3nsbPjg4DjgqTjgqjjg4Pjg4jmsLTjg4Djgqbjg4vjg7zjg5Xjg6njgqTjg5Hjg7PnibnojLbjgrXjg7zjg6Ljgrkg55yf56m65pat54ax44K544Od44O844OE44Oc44OI44OrIDE1MDBtbOmAgeaWmeeEoeaWmSDmsLTnrZIg55u06aOy44G/IOS/neWGtyDjgqvjg5Djg7zku5jjgY0gRkZaLTE1MDFGIOODrOODg+ODieODluODqeODg+OCr+ODu+ODjeOCpOODk+ODvOODlOODs+OCr+ODu+ODlOODs+OCr+ODgeOCp+ODg+OCr+OAkETjgJE=,44CQ5YWo5Zu944Gp44GT44Gn44KC6YCB5paZ54Sh5paZ44CR44CC44K144O844Oi44K5IOecn+epuuaWreeGseOCueODneODvOODhOODnOODiOODqyAxNTAwbWzpgIHmlpnnhKHmlpkg5rC0562SIOebtOmjsuOBvyDkv53lhrcg44Kr44OQ44O85LuY44GNIEZGWi0xNTAxRiDjg6zjg4Pjg4njg5bjg6njg4Pjgq/jg7vjg43jgqTjg5Pjg7zjg5Tjg7Pjgq/jg7vjg5Tjg7Pjgq/jg4Hjgqfjg4Pjgq/jgJBE44CR[rn]
9-88327,aHR0cDovL3RzaG9wLnIxMHMuanAva3VyYXNoaWtlbmtvdS9jYWJpbmV0L29rYWJlLzk1MjExNDEuanBnP2ZpdGluPTcwMDo3MDA=,ODQuMDAwMA==,,44Kt44OD44OB44Oz55So5ZOB44O76aOf5Zmo44O76Kq/55CG5Zmo5YW3ID4g44Gd44Gu5LuW,5YWo5Zu95a625bqt55So5ZOB5Y245ZWG5qWt5Y2U5ZCM57WE5ZCI5L+d5Ya35YmkIOOCr+ODvOODq+ODkeODg+ODiSAxNTBn44CQVEPjgJE=,44CQ56iO5oqcMTk4MOWGhuS7peS4iuOBp+mAgeaWmeeEoeaWmeOAkQ==,44Kv44O844Op44O844OQ44OD44Kv44Gq44Gp44Gu5L+d5Ya344Gr5L6/5Yip44Gn44GZPGJyPuWGt+WHjeW6q+OBp+e0hDjmmYLplpPjgqvjg4Hjgqvjg4Hjgavlh43jgonjgZvjgabjgZTkvb/nlKjjgY/jgaDjgZXjgYTvvIjluLjmuKnjgafjga/mn5TjgonjgYvjgYTnirbmhYvjgafjgZnvvIk8YnI+44K544Od44O844OE44CB44Os44K444Oj44O844Gn44Gu6aOy6aOf54mp44Gu5L+d5Ya344Gr5pyA6YGp44Gn44GZPGJyPjxicj7il4/llYblk4HjgrXjgqTjgrrvvIjntITvvInvvJrluYUxNMOX5aWl6KGMMTHDl+mrmOOBlTNjbTxicj7il4/llYblk4Hph43ph4/vvIjntITvvInvvJoxNTBnPGJyPuKXj+adkOizqu+8mumrmOWQuOWPjuaAp+ODneODquODnuODvDxicj7il4/kv53lhrflirnlipvvvJrntIQ4LTEw5pmC6ZaT77yI5L2/55So54q25rOB44Gr44KI44KK5aSJ5YyW44GX44G+44GZ77yJPGJyPuKXj+WGheWuuemHj++8mue0hDE1MGc8YnI+4peP44Oh44O844Kr44O877ya5YWo5Zu95a625bqt55So5ZOB5Y245ZWG5qWt5Y2U5ZCM57WE5ZCIPGJyPjxjZW50ZXI+CgoKCjwhLS1Hb1FTeXN0ZW3jg6njg7Pjgq3jg7PjgrDoh6rli5Xmm7TmlrDjg4Tjg7zjg6vjg6/jgqTjg4ktLT4KPHRhYmxlIGFsaWduPSJjZW50ZXIiIHdpZHRoPSI2MDAiIGJvcmRlcj0iMCIgY2VsbHBhZGRpbmc9IjAiIGNlbGxzcGFjaW5nPSIwIiBiZ2NvbG9yPSIjRkZGRkZGIj4KPHRyPgo8dGQ+Cjx0YWJsZSBhbGlnbj0iY2VudGVyIiB3aWR0aD0iNjAwIiBib3JkZXI9IjAiIGNlbGxwYWRkaW5nPSIwIiBjZWxsc3BhY2luZz0iMCIgYmdjb2xvcj0iI0ZGRkZGRiI+Cjx0cj4KPHRkIGFsaWduPSJjZW50ZXIiIHZhbGlnbj0iYm90dG9tIiBiZ2NvbG9yPSIjY2NjY2NjIj48aW1nIHNyYz0iaHR0cDovL3d3dy5yYWt1dGVuLm5lLmpwL2dvbGQva3VyYXNoaWtlbmtvdS9nb3FzeXN0ZW0vNjAwcmFua2luZ3RpdGVsLmdpZiIgd2lkdGg9IjYwMCIgLz48L3RkPgo8L3RyPgo8L3RhYmxlPgo8dGFibGUgYWxpZ249ImNlbnRlciIgd2lkdGg9IjU5NiIgYm9yZGVyPSIwIiBjZWxscGFkZGluZz0iMCIgY2VsbHNwYWNpbmc9IjAiIGJnY29sb3I9IiNDQ0NDQ0MiIHN0eWxlPSJib3JkZXItbGVmdDpzb2xpZDtib3JkZXItbGVmdC13aWR0aDoxcHg7Ym9yZGVyLXJpZ2h0OnNvbGlkO2JvcmRlci1yaWdodC13aWR0aDoxcHg7Ym9yZGVyLWJvdHRvbTpzb2xpZDtib3JkZXItYm90dG9tLXdpZHRoOjFweDtib3JkZXItY29sb3I6I0NDQ0NDQzsiPgo8dHI+Cjx0ZCBhbGlnbj0iY2VudGVyIiBiZ2NvbG9yPSIjRkZGRkZGIiBzdHlsZT0ib3ZlcmZsb3c6YXV0bzsiPgoKPC90ZD4KPC90cj4KPHRyPgo8dGQgYWxpZ249InJpZ2h0IiBiZ2NvbG9yPSIjRkZGRkZGIiBzdHlsZT0icGFkZGluZzoycHg7Ij4KPGltZyBzcmM9Imh0dHA6Ly93d3cucmFrdXRlbi5uZS5qcC9nb2xkL2t1cmFzaGlrZW5rb3UvZ29xc3lzdGVtL3Bvd2VyZWRfYnlfYmFubmVyLmdpZiIgd2lkdGg9IjEyNSIgLz4KPC90ZD4KPC90cj4KPC90YWJsZT4KPC90ZD4KPC90cj4KPC90YWJsZT4KPCEtLUdvUVN5c3RlbeODqeODs+OCreODs+OCsOiHquWLleabtOaWsOODhOODvOODq+ODr+OCpOODiS0tPgoKCjwvY2VudGVyPg==,5YWo5Zu95a625bqt55So5ZOB5Y245ZWG5qWt5Y2U5ZCM57WE5ZCI5L+d5Ya35YmkIOOCr+ODvOODq+ODkeODg+ODiSAxNTBn44CQVEPjgJHvvJrmmq7jgonjgZflgaXlurfjg43jg4Pjg4jppKg=,44Kt44OD44OB44Oz44OQ44K56Kq/55CG5Zmo5YW35rSX5Ymk44Kv44Oq44K544K/44Or44Ks44Kk44K244O8NTAwbWzmn5Tou5/liaTlrqTlhoXnianlubLjgZfnianlubLjgZflgaXlurfpo5/lk4HjgqLjgqTjg6rjgrnjgqrjg7zjg6Tjg57mjoPpmaTjg4/jg7Pjgqzjg7zmtJfmv6/lj47ntI3nsbPjg4DjgqTjgqjjg4Pjg4jmsLTjg4Djgqbjg4vjg7zjg5Xjg6njgqTjg5Hjg7PnibnojLblhajlm73lrrbluq3nlKjlk4HljbjllYbmpa3ljZTlkIzntYTlkIjkv53lhrfliaQg44Kv44O844Or44OR44OD44OJIDE1MGfjgJBUQ+OAkQ==,44CQ56iO5oqcMTk4MOWGhuS7peS4iuOBp+mAgeaWmeeEoeaWmeOAkeOAguWFqOWbveWutuW6reeUqOWTgeWNuOWVhualreWNlOWQjOe1hOWQiOS/neWGt+WJpCDjgq/jg7zjg6vjg5Hjg4Pjg4kgMTUwZ+OAkFRD44CR[rn]
9-88328,aHR0cDovL3RzaG9wLnIxMHMuanAva3VyYXNoaWtlbmtvdS9jYWJpbmV0L29rYWJlLzk1MjExNDIuanBnP2ZpdGluPTcwMDo3MDA=,MTM2LjAwMDA=,,44Kt44OD44OB44Oz55So5ZOB44O76aOf5Zmo44O76Kq/55CG5Zmo5YW3ID4g44Gd44Gu5LuW,5YWo5Zu95a625bqt55So5ZOB5Y245ZWG5qWt5Y2U5ZCM57WE5ZCI5L+d5Ya35YmkIOOCr+ODvOODq+ODkeODg+ODiSAzMDBn44CQVEPjgJE=,44CQ56iO5oqcMTk4MOWGhuS7peS4iuOBp+mAgeaWmeeEoeaWmeOAkQ==,44Kv44O844Op44O844OQ44OD44Kv44Gq44Gp44Gu5L+d5Ya344Gr5L6/5Yip44Gn44GZPGJyPuWGt+WHjeW6q+OBp+e0hDjmmYLplpPjgqvjg4Hjgqvjg4Hjgavlh43jgonjgZvjgabjgZTkvb/nlKjjgY/jgaDjgZXjgYTvvIjluLjmuKnjgafjga/mn5TjgonjgYvjgYTnirbmhYvjgafjgZnvvIk8YnI+44K544Od44O844OE44CB44Os44K444Oj44O844Gn44Gu6aOy6aOf54mp44Gu5L+d5Ya344Gr5pyA6YGp44Gn44GZPGJyPjxicj7il4/llYblk4HjgrXjgqTjgrrvvIjntITvvInvvJrluYUxOcOX5aWl6KGMMTPDl+mrmOOBlTNjbTxicj7il4/llYblk4Hph43ph4/vvIjntITvvInvvJozMDBnPGJyPuKXj+adkOizqu+8mumrmOWQuOWPjuaAp+ODneODquODnuODvDxicj7il4/kv53lhrflirnlipvvvJrntIQ4LTEw5pmC6ZaT77yI5L2/55So54q25rOB44Gr44KI44KK5aSJ5YyW44GX44G+44GZ77yJPGJyPuKXj+WGheWuuemHj++8mue0hDMwMGc8YnI+4peP44Oh44O844Kr44O877ya5YWo5Zu95a625bqt55So5ZOB5Y245ZWG5qWt5Y2U5ZCM57WE5ZCIPGJyPjxjZW50ZXI+CgoKCjwhLS1Hb1FTeXN0ZW3jg6njg7Pjgq3jg7PjgrDoh6rli5Xmm7TmlrDjg4Tjg7zjg6vjg6/jgqTjg4ktLT4KPHRhYmxlIGFsaWduPSJjZW50ZXIiIHdpZHRoPSI2MDAiIGJvcmRlcj0iMCIgY2VsbHBhZGRpbmc9IjAiIGNlbGxzcGFjaW5nPSIwIiBiZ2NvbG9yPSIjRkZGRkZGIj4KPHRyPgo8dGQ+Cjx0YWJsZSBhbGlnbj0iY2VudGVyIiB3aWR0aD0iNjAwIiBib3JkZXI9IjAiIGNlbGxwYWRkaW5nPSIwIiBjZWxsc3BhY2luZz0iMCIgYmdjb2xvcj0iI0ZGRkZGRiI+Cjx0cj4KPHRkIGFsaWduPSJjZW50ZXIiIHZhbGlnbj0iYm90dG9tIiBiZ2NvbG9yPSIjY2NjY2NjIj48aW1nIHNyYz0iaHR0cDovL3d3dy5yYWt1dGVuLm5lLmpwL2dvbGQva3VyYXNoaWtlbmtvdS9nb3FzeXN0ZW0vNjAwcmFua2luZ3RpdGVsLmdpZiIgd2lkdGg9IjYwMCIgLz48L3RkPgo8L3RyPgo8L3RhYmxlPgo8dGFibGUgYWxpZ249ImNlbnRlciIgd2lkdGg9IjU5NiIgYm9yZGVyPSIwIiBjZWxscGFkZGluZz0iMCIgY2VsbHNwYWNpbmc9IjAiIGJnY29sb3I9IiNDQ0NDQ0MiIHN0eWxlPSJib3JkZXItbGVmdDpzb2xpZDtib3JkZXItbGVmdC13aWR0aDoxcHg7Ym9yZGVyLXJpZ2h0OnNvbGlkO2JvcmRlci1yaWdodC13aWR0aDoxcHg7Ym9yZGVyLWJvdHRvbTpzb2xpZDtib3JkZXItYm90dG9tLXdpZHRoOjFweDtib3JkZXItY29sb3I6I0NDQ0NDQzsiPgo8dHI+Cjx0ZCBhbGlnbj0iY2VudGVyIiBiZ2NvbG9yPSIjRkZGRkZGIiBzdHlsZT0ib3ZlcmZsb3c6YXV0bzsiPgoKPC90ZD4KPC90cj4KPHRyPgo8dGQgYWxpZ249InJpZ2h0IiBiZ2NvbG9yPSIjRkZGRkZGIiBzdHlsZT0icGFkZGluZzoycHg7Ij4KPGltZyBzcmM9Imh0dHA6Ly93d3cucmFrdXRlbi5uZS5qcC9nb2xkL2t1cmFzaGlrZW5rb3UvZ29xc3lzdGVtL3Bvd2VyZWRfYnlfYmFubmVyLmdpZiIgd2lkdGg9IjEyNSIgLz4KPC90ZD4KPC90cj4KPC90YWJsZT4KPC90ZD4KPC90cj4KPC90YWJsZT4KPCEtLUdvUVN5c3RlbeODqeODs+OCreODs+OCsOiHquWLleabtOaWsOODhOODvOODq+ODr+OCpOODiS0tPgoKCjwvY2VudGVyPg==,5YWo5Zu95a625bqt55So5ZOB5Y245ZWG5qWt5Y2U5ZCM57WE5ZCI5L+d5Ya35YmkIOOCr+ODvOODq+ODkeODg+ODiSAzMDBn44CQVEPjgJHvvJrmmq7jgonjgZflgaXlurfjg43jg4Pjg4jppKg=,44Kt44OD44OB44Oz44OQ44K56Kq/55CG5Zmo5YW35rSX5Ymk44Kv44Oq44K544K/44Or44Ks44Kk44K244O8NTAwbWzmn5Tou5/liaTlrqTlhoXnianlubLjgZfnianlubLjgZflgaXlurfpo5/lk4HjgqLjgqTjg6rjgrnjgqrjg7zjg6Tjg57mjoPpmaTjg4/jg7Pjgqzjg7zmtJfmv6/lj47ntI3nsbPjg4DjgqTjgqjjg4Pjg4jmsLTjg4Djgqbjg4vjg7zjg5Xjg6njgqTjg5Hjg7PnibnojLblhajlm73lrrbluq3nlKjlk4HljbjllYbmpa3ljZTlkIzntYTlkIjkv53lhrfliaQg44Kv44O844Or44OR44OD44OJIDMwMGfjgJBUQ+OAkQ==,44CQ56iO5oqcMTk4MOWGhuS7peS4iuOBp+mAgeaWmeeEoeaWmeOAkeOAguWFqOWbveWutuW6reeUqOWTgeWNuOWVhualreWNlOWQjOe1hOWQiOS/neWGt+WJpCDjgq/jg7zjg6vjg5Hjg4Pjg4kgMzAwZ+OAkFRD44CR[rn]
9-88329,aHR0cDovL3RzaG9wLnIxMHMuanAva3VyYXNoaWtlbmtvdS9jYWJpbmV0L29rYWJlLzk1MjEwOTYuanBnP2ZpdGluPTcwMDo3MDA=,MzgwLjAwMDA=,,44Kt44OD44OB44Oz55So5ZOB44O76aOf5Zmo44O76Kq/55CG5Zmo5YW3ID4g44Gd44Gu5LuW,44K144Oz44OK44OD44OX44Ob44Ov44Kk44OI44Kr44OD44OXIDE1MG1sIDEwMOWAi+WFpeOAkFRD44CR,44CQ56iO5oqcMTk4MOWGhuS7peS4iuOBp+mAgeaWmeeEoeaWmeOAkQ==,44Ob44OD44OI77yG44Kz44O844Or44OJ5Lih5pa544Gr5L2/44GI44KL57SZ44Kz44OD44OX44Gn44GZPGJyPuihjOalveODu+OCouOCpuODiOODieOCouODrOOCuOODo+ODvOOBq+OBi+OBi+OBm+OBquOBhOS9v+OBhOaNqOOBpue0meOCs+ODg+ODl++8gTxicj7lrrbluq3nlKjjgafjgoLjgIHmpa3li5nnlKjjgafjgoLkvb/jgYjjgovjgIHjgYrlvpfjgaoxMDDlgIvlhaXjgafjgZk8YnI+44Kr44OD44OX44Gu5YaF6Z2i44Gr44Gv44CB44Od44Oq44Ko44OB44Os44Oz44Op44Of44ON44O844OI5Yqg5bel44GM5pa944GV44KM44Gm44GE44G+44GZPGJyPuacrOWTgeOBr+mjsuaWmeeUqOWuueWZqOOBqOOBl+OBpuijvemAoOOBleOCjOOBn+ODmuODvOODkeODvOOCq+ODg+ODl+OBp+OBmeOAgiDku5bjga7nlKjpgJTjgavjga/kvb/nlKjjgZfjgarjgYTjgafkuIvjgZXjgYQ8YnI+44Ki44Or44Kz44O844Or6aOy5paZ44Gu44GU5L2/55So44Gv44Oi44Os44KL5aC05ZCI44GM44GU44GW44GE44G+44GZPGJyPjxicj7il4/llYblk4HjgrXjgqTjgrrvvIjntITvvInvvJrnm7TlvoQ2LjXDl+mrmOOBlTcuNWNtPGJyPuKXj+WVhuWTgemHjemHj++8iOe0hO+8ie+8mjM1MGc8YnI+4peP5p2Q6LOq77ya44OQ44O844K444Oz44OR44Or44OXMTAw77yFPGJyPuKXj+OCu+ODg+ODiOWGheWuueODu+S7mOWxnuWTge+8mjEwMOaemuWFpTxicj7il4/lrrnph4/vvJrntIQxNTBtbDxicj7il4/jg6Hjg7zjgqvjg7zvvJrjgrXjg7Pjg4rjg4Pjg5c8YnI+PGNlbnRlcj4KCgoKPCEtLUdvUVN5c3RlbeODqeODs+OCreODs+OCsOiHquWLleabtOaWsOODhOODvOODq+ODr+OCpOODiS0tPgo8dGFibGUgYWxpZ249ImNlbnRlciIgd2lkdGg9IjYwMCIgYm9yZGVyPSIwIiBjZWxscGFkZGluZz0iMCIgY2VsbHNwYWNpbmc9IjAiIGJnY29sb3I9IiNGRkZGRkYiPgo8dHI+Cjx0ZD4KPHRhYmxlIGFsaWduPSJjZW50ZXIiIHdpZHRoPSI2MDAiIGJvcmRlcj0iMCIgY2VsbHBhZGRpbmc9IjAiIGNlbGxzcGFjaW5nPSIwIiBiZ2NvbG9yPSIjRkZGRkZGIj4KPHRyPgo8dGQgYWxpZ249ImNlbnRlciIgdmFsaWduPSJib3R0b20iIGJnY29sb3I9IiNjY2NjY2MiPjxpbWcgc3JjPSJodHRwOi8vd3d3LnJha3V0ZW4ubmUuanAvZ29sZC9rdXJhc2hpa2Vua291L2dvcXN5c3RlbS82MDByYW5raW5ndGl0ZWwuZ2lmIiB3aWR0aD0iNjAwIiAvPjwvdGQ+CjwvdHI+CjwvdGFibGU+Cjx0YWJsZSBhbGlnbj0iY2VudGVyIiB3aWR0aD0iNTk2IiBib3JkZXI9IjAiIGNlbGxwYWRkaW5nPSIwIiBjZWxsc3BhY2luZz0iMCIgYmdjb2xvcj0iI0NDQ0NDQyIgc3R5bGU9ImJvcmRlci1sZWZ0OnNvbGlkO2JvcmRlci1sZWZ0LXdpZHRoOjFweDtib3JkZXItcmlnaHQ6c29saWQ7Ym9yZGVyLXJpZ2h0LXdpZHRoOjFweDtib3JkZXItYm90dG9tOnNvbGlkO2JvcmRlci1ib3R0b20td2lkdGg6MXB4O2JvcmRlci1jb2xvcjojQ0NDQ0NDOyI+Cjx0cj4KPHRkIGFsaWduPSJjZW50ZXIiIGJnY29sb3I9IiNGRkZGRkYiIHN0eWxlPSJvdmVyZmxvdzphdXRvOyI+Cgo8L3RkPgo8L3RyPgo8dHI+Cjx0ZCBhbGlnbj0icmlnaHQiIGJnY29sb3I9IiNGRkZGRkYiIHN0eWxlPSJwYWRkaW5nOjJweDsiPgo8aW1nIHNyYz0iaHR0cDovL3d3dy5yYWt1dGVuLm5lLmpwL2dvbGQva3VyYXNoaWtlbmtvdS9nb3FzeXN0ZW0vcG93ZXJlZF9ieV9iYW5uZXIuZ2lmIiB3aWR0aD0iMTI1IiAvPgo8L3RkPgo8L3RyPgo8L3RhYmxlPgo8L3RkPgo8L3RyPgo8L3RhYmxlPgo8IS0tR29RU3lzdGVt44Op44Oz44Kt44Oz44Kw6Ieq5YuV5pu05paw44OE44O844Or44Ov44Kk44OJLS0+CgoKPC9jZW50ZXI+,44K144Oz44OK44OD44OX44Ob44Ov44Kk44OI44Kr44OD44OXIDE1MG1sIDEwMOWAi+WFpeOAkFRD44CR77ya5pqu44KJ44GX5YGl5bq344ON44OD44OI6aSo,44Kt44OD44OB44Oz44OQ44K56Kq/55CG5Zmo5YW35rSX5Ymk44Kv44Oq44K544K/44Or44Ks44Kk44K244O8NTAwbWzmn5Tou5/liaTlrqTlhoXnianlubLjgZfnianlubLjgZflgaXlurfpo5/lk4HjgqLjgqTjg6rjgrnjgqrjg7zjg6Tjg57mjoPpmaTjg4/jg7Pjgqzjg7zmtJfmv6/lj47ntI3nsbPjg4DjgqTjgqjjg4Pjg4jmsLTjg4Djgqbjg4vjg7zjg5Xjg6njgqTjg5Hjg7PnibnojLbjgrXjg7Pjg4rjg4Pjg5fjg5vjg6/jgqTjg4jjgqvjg4Pjg5cgMTUwbWwgMTAw5YCL5YWl44CQVEPjgJE=,44CQ56iO5oqcMTk4MOWGhuS7peS4iuOBp+mAgeaWmeeEoeaWmeOAkeOAguOCteODs+ODiuODg+ODl+ODm+ODr+OCpOODiOOCq+ODg+ODlyAxNTBtbCAxMDDlgIvlhaXjgJBUQ+OAkQ==[rn]
9-88330,aHR0cDovL3RzaG9wLnIxMHMuanAva3VyYXNoaWtlbmtvdS9jYWJpbmV0L29rYWJlLzk1MjExMDEuanBnP2ZpdGluPTcwMDo3MDA=,MzAzLjIwMDA=,,44Kt44OD44OB44Oz55So5ZOB44O76aOf5Zmo44O76Kq/55CG5Zmo5YW3ID4g44Gd44Gu5LuW,44K144Oz44OK44OD44OX44Ob44Ov44Kk44OI44Kr44OD44OXIDkwbWwgMTAw5YCL5YWl44CQVEPjgJE=,44CQ56iO5oqcMTk4MOWGhuS7peS4iuOBp+mAgeaWmeeEoeaWmeOAkQ==,44Ob44OD44OI77yG44Kz44O844Or44OJ5Lih5pa544Gr5L2/44GI44KL57SZ44Kz44OD44OX44Gn44GZPGJyPuihjOalveODu+OCouOCpuODiOODieOCouODrOOCuOODo+ODvOOBq+OBi+OBi+OBm+OBquOBhOS9v+OBhOaNqOOBpue0meOCs+ODg+ODl++8gTxicj7lrrbluq3nlKjjgafjgoLjgIHmpa3li5nnlKjjgafjgoLkvb/jgYjjgovjgIHjgYrlvpfjgaoxMDDlgIvlhaXjgafjgZk8YnI+44Kr44OD44OX44Gu5YaF6Z2i44Gr44Gv44CB44Od44Oq44Ko44OB44Os44Oz44Op44Of44ON44O844OI5Yqg5bel44GM5pa944GV44KM44Gm44GE44G+44GZPGJyPuacrOWTgeOBr+mjsuaWmeeUqOWuueWZqOOBqOOBl+OBpuijvemAoOOBleOCjOOBn+ODmuODvOODkeODvOOCq+ODg+ODl+OBp+OBmeOAgiDku5bjga7nlKjpgJTjgavjga/kvb/nlKjjgZfjgarjgYTjgafkuIvjgZXjgYQ8YnI+44Ki44Or44Kz44O844Or6aOy5paZ44Gu44GU5L2/55So44Gv44Oi44Os44KL5aC05ZCI44GM44GU44GW44GE44G+44GZPGJyPjxicj7il4/llYblk4HjgrXjgqTjgrrvvIjntITvvInvvJrnm7TlvoQ1LjXDl+mrmOOBlTZjbTxicj7il4/llYblk4Hph43ph4/vvIjntITvvInvvJoyNTBnPGJyPuKXj+adkOizqu+8muODkOODvOOCuOODs+ODkeODq+ODlzEwMO+8hTxicj7il4/jgrvjg4Pjg4jlhoXlrrnjg7vku5jlsZ7lk4HvvJoxMDDmnprlhaU8YnI+4peP5a656YeP77ya57SEOTBtbDxicj7il4/jg6Hjg7zjgqvjg7zvvJrjgrXjg7Pjg4rjg4Pjg5c8YnI+PGNlbnRlcj4KCgoKPCEtLUdvUVN5c3RlbeODqeODs+OCreODs+OCsOiHquWLleabtOaWsOODhOODvOODq+ODr+OCpOODiS0tPgo8dGFibGUgYWxpZ249ImNlbnRlciIgd2lkdGg9IjYwMCIgYm9yZGVyPSIwIiBjZWxscGFkZGluZz0iMCIgY2VsbHNwYWNpbmc9IjAiIGJnY29sb3I9IiNGRkZGRkYiPgo8dHI+Cjx0ZD4KPHRhYmxlIGFsaWduPSJjZW50ZXIiIHdpZHRoPSI2MDAiIGJvcmRlcj0iMCIgY2VsbHBhZGRpbmc9IjAiIGNlbGxzcGFjaW5nPSIwIiBiZ2NvbG9yPSIjRkZGRkZGIj4KPHRyPgo8dGQgYWxpZ249ImNlbnRlciIgdmFsaWduPSJib3R0b20iIGJnY29sb3I9IiNjY2NjY2MiPjxpbWcgc3JjPSJodHRwOi8vd3d3LnJha3V0ZW4ubmUuanAvZ29sZC9rdXJhc2hpa2Vua291L2dvcXN5c3RlbS82MDByYW5raW5ndGl0ZWwuZ2lmIiB3aWR0aD0iNjAwIiAvPjwvdGQ+CjwvdHI+CjwvdGFibGU+Cjx0YWJsZSBhbGlnbj0iY2VudGVyIiB3aWR0aD0iNTk2IiBib3JkZXI9IjAiIGNlbGxwYWRkaW5nPSIwIiBjZWxsc3BhY2luZz0iMCIgYmdjb2xvcj0iI0NDQ0NDQyIgc3R5bGU9ImJvcmRlci1sZWZ0OnNvbGlkO2JvcmRlci1sZWZ0LXdpZHRoOjFweDtib3JkZXItcmlnaHQ6c29saWQ7Ym9yZGVyLXJpZ2h0LXdpZHRoOjFweDtib3JkZXItYm90dG9tOnNvbGlkO2JvcmRlci1ib3R0b20td2lkdGg6MXB4O2JvcmRlci1jb2xvcjojQ0NDQ0NDOyI+Cjx0cj4KPHRkIGFsaWduPSJjZW50ZXIiIGJnY29sb3I9IiNGRkZGRkYiIHN0eWxlPSJvdmVyZmxvdzphdXRvOyI+Cgo8L3RkPgo8L3RyPgo8dHI+Cjx0ZCBhbGlnbj0icmlnaHQiIGJnY29sb3I9IiNGRkZGRkYiIHN0eWxlPSJwYWRkaW5nOjJweDsiPgo8aW1nIHNyYz0iaHR0cDovL3d3dy5yYWt1dGVuLm5lLmpwL2dvbGQva3VyYXNoaWtlbmtvdS9nb3FzeXN0ZW0vcG93ZXJlZF9ieV9iYW5uZXIuZ2lmIiB3aWR0aD0iMTI1IiAvPgo8L3RkPgo8L3RyPgo8L3RhYmxlPgo8L3RkPgo8L3RyPgo8L3RhYmxlPgo8IS0tR29RU3lzdGVt44Op44Oz44Kt44Oz44Kw6Ieq5YuV5pu05paw44OE44O844Or44Ov44Kk44OJLS0+CgoKPC9jZW50ZXI+,44K144Oz44OK44OD44OX44Ob44Ov44Kk44OI44Kr44OD44OXIDkwbWwgMTAw5YCL5YWl44CQVEPjgJHvvJrmmq7jgonjgZflgaXlurfjg43jg4Pjg4jppKg=,44Kt44OD44OB44Oz44OQ44K56Kq/55CG5Zmo5YW35rSX5Ymk44Kv44Oq44K544K/44Or44Ks44Kk44K244O8NTAwbWzmn5Tou5/liaTlrqTlhoXnianlubLjgZfnianlubLjgZflgaXlurfpo5/lk4HjgqLjgqTjg6rjgrnjgqrjg7zjg6Tjg57mjoPpmaTjg4/jg7Pjgqzjg7zmtJfmv6/lj47ntI3nsbPjg4DjgqTjgqjjg4Pjg4jmsLTjg4Djgqbjg4vjg7zjg5Xjg6njgqTjg5Hjg7PnibnojLbjgrXjg7Pjg4rjg4Pjg5fjg5vjg6/jgqTjg4jjgqvjg4Pjg5cgOTBtbCAxMDDlgIvlhaXjgJBUQ+OAkQ==,44CQ56iO5oqcMTk4MOWGhuS7peS4iuOBp+mAgeaWmeeEoeaWmeOAkeOAguOCteODs+ODiuODg+ODl+ODm+ODr+OCpOODiOOCq+ODg+ODlyA5MG1sIDEwMOWAi+WFpeOAkFRD44CR[rn]
9-88331,aHR0cDovL3RzaG9wLnIxMHMuanAva3VyYXNoaWtlbmtvdS9jYWJpbmV0L29rYWJlLzk1MjEwOTIuanBnP2ZpdGluPTcwMDo3MDA=,MjI3MC40MDAw,,44Kt44OD44OB44Oz55So5ZOB44O76aOf5Zmo44O76Kq/55CG5Zmo5YW3ID4g44Gd44Gu5LuW,44K144Oz44OK44OD44OX44Kr44OD44OX44OH44Kj44K544Oa44Oz44K144O844O744Kr44OD44OX44Od44OzIDIwNW1s55SoQ0QtN0RC44CQVEPjgJE=,44CQ5YWo5Zu944Gp44GT44Gn44KC6YCB5paZ54Sh5paZ44CR,5pys5L2T44Gr57SZ44Kz44OD44OX77yI5Yil5aOy77yJ44KS44K744OD44OI44GX44Oc44K/44Oz44KS5oq844GZ44Gg44GR44GnMeWAi+OBmuOBpOWPluOCiuWHuuOBm+OBvuOBmeOAgjxicj7lo4HmjpvjgZHjgr/jgqTjg5fjga7ntJnjgrPjg4Pjg5flj47ntI3luqvjgII8YnI+44Oe44Kw44ON44OD44OI5Y+I44Gv44ON44K444Gn5Y+W5LuY5Y+v6IO944Gn44GZ44CCPGJyPuW4guiyqeOBrjIwNW1s57SZ44Kz44OD44OX44Gr6YGp5ZCI44GX44G+44GZ44CCPGJyPjxicj7il4/llYblk4HjgrXjgqTjgrrvvIjntITvvInvvJrluYUxNMOX5aWl6KGMMTXDl+mrmOOBlTQ0Y208YnI+4peP5ZWG5ZOB6YeN6YeP77yI57SE77yJ77yaNjUwZzxicj7il4/mnZDos6rvvJrjg5fjg6njgrnjg4Hjg4Pjgq/mqLnohII8YnI+4peP44K744OD44OI5YaF5a6544O75LuY5bGe5ZOB77ya5pys5L2T77yL44Oe44Kw44ON44OD44OI77yL44ON44K4PGJyPuKXj+mBqeW/nOODmuODvOODkeODvOOCq+ODg+ODl+OCteOCpOOCuu+8mjIwNW1s77yIN+OCquODs+OCue+8iTxicj7il4/lj47ntI3jgqvjg4Pjg5fmlbDvvJrmnIDlpKc2MOOCq+ODg+ODlzxicj7il4/jg6Hjg7zjgqvjg7zvvJrjgrXjg7Pjg4rjg4Pjg5c8YnI+PGNlbnRlcj4KCgoKPCEtLUdvUVN5c3RlbeODqeODs+OCreODs+OCsOiHquWLleabtOaWsOODhOODvOODq+ODr+OCpOODiS0tPgo8dGFibGUgYWxpZ249ImNlbnRlciIgd2lkdGg9IjYwMCIgYm9yZGVyPSIwIiBjZWxscGFkZGluZz0iMCIgY2VsbHNwYWNpbmc9IjAiIGJnY29sb3I9IiNGRkZGRkYiPgo8dHI+Cjx0ZD4KPHRhYmxlIGFsaWduPSJjZW50ZXIiIHdpZHRoPSI2MDAiIGJvcmRlcj0iMCIgY2VsbHBhZGRpbmc9IjAiIGNlbGxzcGFjaW5nPSIwIiBiZ2NvbG9yPSIjRkZGRkZGIj4KPHRyPgo8dGQgYWxpZ249ImNlbnRlciIgdmFsaWduPSJib3R0b20iIGJnY29sb3I9IiNjY2NjY2MiPjxpbWcgc3JjPSJodHRwOi8vd3d3LnJha3V0ZW4ubmUuanAvZ29sZC9rdXJhc2hpa2Vua291L2dvcXN5c3RlbS82MDByYW5raW5ndGl0ZWwuZ2lmIiB3aWR0aD0iNjAwIiAvPjwvdGQ+CjwvdHI+CjwvdGFibGU+Cjx0YWJsZSBhbGlnbj0iY2VudGVyIiB3aWR0aD0iNTk2IiBib3JkZXI9IjAiIGNlbGxwYWRkaW5nPSIwIiBjZWxsc3BhY2luZz0iMCIgYmdjb2xvcj0iI0NDQ0NDQyIgc3R5bGU9ImJvcmRlci1sZWZ0OnNvbGlkO2JvcmRlci1sZWZ0LXdpZHRoOjFweDtib3JkZXItcmlnaHQ6c29saWQ7Ym9yZGVyLXJpZ2h0LXdpZHRoOjFweDtib3JkZXItYm90dG9tOnNvbGlkO2JvcmRlci1ib3R0b20td2lkdGg6MXB4O2JvcmRlci1jb2xvcjojQ0NDQ0NDOyI+Cjx0cj4KPHRkIGFsaWduPSJjZW50ZXIiIGJnY29sb3I9IiNGRkZGRkYiIHN0eWxlPSJvdmVyZmxvdzphdXRvOyI+Cgo8L3RkPgo8L3RyPgo8dHI+Cjx0ZCBhbGlnbj0icmlnaHQiIGJnY29sb3I9IiNGRkZGRkYiIHN0eWxlPSJwYWRkaW5nOjJweDsiPgo8aW1nIHNyYz0iaHR0cDovL3d3dy5yYWt1dGVuLm5lLmpwL2dvbGQva3VyYXNoaWtlbmtvdS9nb3FzeXN0ZW0vcG93ZXJlZF9ieV9iYW5uZXIuZ2lmIiB3aWR0aD0iMTI1IiAvPgo8L3RkPgo8L3RyPgo8L3RhYmxlPgo8L3RkPgo8L3RyPgo8L3RhYmxlPgo8IS0tR29RU3lzdGVt44Op44Oz44Kt44Oz44Kw6Ieq5YuV5pu05paw44OE44O844Or44Ov44Kk44OJLS0+CgoKPC9jZW50ZXI+,44K144Oz44OK44OD44OX44Kr44OD44OX44OH44Kj44K544Oa44Oz44K144O844O744Kr44OD44OX44Od44OzIDIwNW1s55SoQ0QtN0RC44CQVEPjgJHvvJrmmq7jgonjgZflgaXlurfjg43jg4Pjg4jppKg=,44Kt44OD44OB44Oz44OQ44K56Kq/55CG5Zmo5YW35rSX5Ymk44Kv44Oq44K544K/44Or44Ks44Kk44K244O8NTAwbWzmn5Tou5/liaTlrqTlhoXnianlubLjgZfnianlubLjgZflgaXlurfpo5/lk4HjgqLjgqTjg6rjgrnjgqrjg7zjg6Tjg57mjoPpmaTjg4/jg7Pjgqzjg7zmtJfmv6/lj47ntI3nsbPjg4DjgqTjgqjjg4Pjg4jmsLTjg4Djgqbjg4vjg7zjg5Xjg6njgqTjg5Hjg7PnibnojLbjgrXjg7Pjg4rjg4Pjg5fjgqvjg4Pjg5fjg4fjgqPjgrnjg5rjg7PjgrXjg7zjg7vjgqvjg4Pjg5fjg53jg7MgMjA1bWznlKhDRC03RELjgJBUQ+OAkQ==,44CQ5YWo5Zu944Gp44GT44Gn44KC6YCB5paZ54Sh5paZ44CR44CC44K144Oz44OK44OD44OX44Kr44OD44OX44OH44Kj44K544Oa44Oz44K144O844O744Kr44OD44OX44Od44OzIDIwNW1s55SoQ0QtN0RC44CQVEPjgJE=[rn]
9-88332,aHR0cDovL3RzaG9wLnIxMHMuanAva3VyYXNoaWtlbmtvdS9jYWJpbmV0L29rYWJlLzk1MjEzOTEuanBnP2ZpdGluPTcwMDo3MDA=,NDQwLjAwMDA=,,44Kt44OD44OB44Oz55So5ZOB44O76aOf5Zmo44O76Kq/55CG5Zmo5YW3ID4g44Gd44Gu5LuW,5pel5pys44OH44Kt44K344O844Ko44Kz44OO44Km44Kn44KiIOODnOOCpuODqzE1Y20gMjBQ44CQVEPjgJE=,44CQ56iO5oqcMTk4MOWGhuS7peS4iuOBp+mAgeaWmeeEoeaWmeOAkQ==,44K544O844OX44KE44K144Op44OA44Gr44KC5a6J5b+D44Gu6ICQ5rC044O76ICQ5rK55Yqg5bel44GM44GV44KM44Gf44Oc44Km44Or44Gn44GZ44CC77yIMjDmnprlhaXjgorvvIk8YnI+44Kq44O844OW44Oz44O744Kq44O844OW44Oz44OI44O844K544K/44O844Gr44Gv5L2/55So44GX44Gq44GE44Gn44GP44Gg44GV44GE44CCPGJyPumbu+WtkOODrOODs+OCuOOBp+OBlOS9v+eUqOOBruWgtOWQiOOBr+WGheWuueeJqeOBq+OCiOOCiuWkieW9ouOBmeOCi+OBk+OBqOOCguOBguOCiuOBvuOBmeOBruOBp+OBlOazqOaEj+OBj+OBoOOBleOBhOOAgjxicj48YnI+4peP5ZWG5ZOB44K144Kk44K677yI57SE77yJ77ya55u05b6EMTXDl+mrmOOBlTNjbTxicj7il4/llYblk4Hph43ph4/vvIjntITvvInvvJoyMDBnPGJyPuKXj+adkOizqu+8mue0me+8iOacrOS9k++8iTxicj7il4/jg6Hjg7zjgqvjg7zvvJrml6XmnKzjg4fjgq3jgrfjg7w8YnI+PGNlbnRlcj4KCgoKPCEtLUdvUVN5c3RlbeODqeODs+OCreODs+OCsOiHquWLleabtOaWsOODhOODvOODq+ODr+OCpOODiS0tPgo8dGFibGUgYWxpZ249ImNlbnRlciIgd2lkdGg9IjYwMCIgYm9yZGVyPSIwIiBjZWxscGFkZGluZz0iMCIgY2VsbHNwYWNpbmc9IjAiIGJnY29sb3I9IiNGRkZGRkYiPgo8dHI+Cjx0ZD4KPHRhYmxlIGFsaWduPSJjZW50ZXIiIHdpZHRoPSI2MDAiIGJvcmRlcj0iMCIgY2VsbHBhZGRpbmc9IjAiIGNlbGxzcGFjaW5nPSIwIiBiZ2NvbG9yPSIjRkZGRkZGIj4KPHRyPgo8dGQgYWxpZ249ImNlbnRlciIgdmFsaWduPSJib3R0b20iIGJnY29sb3I9IiNjY2NjY2MiPjxpbWcgc3JjPSJodHRwOi8vd3d3LnJha3V0ZW4ubmUuanAvZ29sZC9rdXJhc2hpa2Vua291L2dvcXN5c3RlbS82MDByYW5raW5ndGl0ZWwuZ2lmIiB3aWR0aD0iNjAwIiAvPjwvdGQ+CjwvdHI+CjwvdGFibGU+Cjx0YWJsZSBhbGlnbj0iY2VudGVyIiB3aWR0aD0iNTk2IiBib3JkZXI9IjAiIGNlbGxwYWRkaW5nPSIwIiBjZWxsc3BhY2luZz0iMCIgYmdjb2xvcj0iI0NDQ0NDQyIgc3R5bGU9ImJvcmRlci1sZWZ0OnNvbGlkO2JvcmRlci1sZWZ0LXdpZHRoOjFweDtib3JkZXItcmlnaHQ6c29saWQ7Ym9yZGVyLXJpZ2h0LXdpZHRoOjFweDtib3JkZXItYm90dG9tOnNvbGlkO2JvcmRlci1ib3R0b20td2lkdGg6MXB4O2JvcmRlci1jb2xvcjojQ0NDQ0NDOyI+Cjx0cj4KPHRkIGFsaWduPSJjZW50ZXIiIGJnY29sb3I9IiNGRkZGRkYiIHN0eWxlPSJvdmVyZmxvdzphdXRvOyI+Cgo8L3RkPgo8L3RyPgo8dHI+Cjx0ZCBhbGlnbj0icmlnaHQiIGJnY29sb3I9IiNGRkZGRkYiIHN0eWxlPSJwYWRkaW5nOjJweDsiPgo8aW1nIHNyYz0iaHR0cDovL3d3dy5yYWt1dGVuLm5lLmpwL2dvbGQva3VyYXNoaWtlbmtvdS9nb3FzeXN0ZW0vcG93ZXJlZF9ieV9iYW5uZXIuZ2lmIiB3aWR0aD0iMTI1IiAvPgo8L3RkPgo8L3RyPgo8L3RhYmxlPgo8L3RkPgo8L3RyPgo8L3RhYmxlPgo8IS0tR29RU3lzdGVt44Op44Oz44Kt44Oz44Kw6Ieq5YuV5pu05paw44OE44O844Or44Ov44Kk44OJLS0+CgoKPC9jZW50ZXI+,5pel5pys44OH44Kt44K344O844Ko44Kz44OO44Km44Kn44KiIOODnOOCpuODqzE1Y20gMjBQ44CQVEPjgJHvvJrmmq7jgonjgZflgaXlurfjg43jg4Pjg4jppKg=,44Kt44OD44OB44Oz44OQ44K56Kq/55CG5Zmo5YW35rSX5Ymk44Kv44Oq44K544K/44Or44Ks44Kk44K244O8NTAwbWzmn5Tou5/liaTlrqTlhoXnianlubLjgZfnianlubLjgZflgaXlurfpo5/lk4HjgqLjgqTjg6rjgrnjgqrjg7zjg6Tjg57mjoPpmaTjg4/jg7Pjgqzjg7zmtJfmv6/lj47ntI3nsbPjg4DjgqTjgqjjg4Pjg4jmsLTjg4Djgqbjg4vjg7zjg5Xjg6njgqTjg5Hjg7PnibnojLbml6XmnKzjg4fjgq3jgrfjg7zjgqjjgrPjg47jgqbjgqfjgqIg44Oc44Km44OrMTVjbSAyMFDjgJBUQ+OAkQ==,44CQ56iO5oqcMTk4MOWGhuS7peS4iuOBp+mAgeaWmeeEoeaWmeOAkeOAguaXpeacrOODh+OCreOCt+ODvOOCqOOCs+ODjuOCpuOCp+OCoiDjg5zjgqbjg6sxNWNtIDIwUOOAkFRD44CR[rn]
9-88333,aHR0cDovL3RzaG9wLnIxMHMuanAva3VyYXNoaWtlbmtvdS9jYWJpbmV0L29rYWJlLzk1MjEwOTMuanBnP2ZpdGluPTcwMDo3MDA=,MjI3MC40MDAw,,44Kt44OD44OB44Oz55So5ZOB44O76aOf5Zmo44O76Kq/55CG5Zmo5YW3ID4g44Gd44Gu5LuW,44K144Oz44OK44OD44OX44Kr44OD44OX44OH44Kj44K544Oa44Oz44K144O844O744Kr44OD44OX44Od44OzIDE1MG1s55SoQ0QtNURC44CQVEPjgJE=,44CQ5YWo5Zu944Gp44GT44Gn44KC6YCB5paZ54Sh5paZ44CR,5pys5L2T44Gr57SZ44Kz44OD44OX77yI5Yil5aOy77yJ44KS44K744OD44OI44GX44Oc44K/44Oz44KS5oq844GZ44Gg44GR44GnMeWAi+OBmuOBpOWPluOCiuWHuuOBm+OBvuOBmeOAgjxicj7lo4HmjpvjgZHjgr/jgqTjg5fjga7ntJnjgrPjg4Pjg5flj47ntI3luqvjgII8YnI+44Oe44Kw44ON44OD44OI5Y+I44Gv44ON44K444Gn5Y+W5LuY5Y+v6IO944Gn44GZ44CCPGJyPuW4guiyqeOBrjE1MG1s57SZ44Kz44OD44OX44Gr6YGp5ZCI44GX44G+44GZ44CCPGJyPjxicj7il4/llYblk4HjgrXjgqTjgrrvvIjntITvvInvvJrluYUxNMOX5aWl6KGMMTXDl+mrmOOBlTQ0Y208YnI+4peP5ZWG5ZOB6YeN6YeP77yI57SE77yJ77yaNjUwZzxicj7il4/mnZDos6rvvJrjg5fjg6njgrnjg4Hjg4Pjgq/mqLnohII8YnI+4peP44K744OD44OI5YaF5a6544O75LuY5bGe5ZOB77ya5pys5L2T77yL44Oe44Kw44ON44OD44OI77yL44ON44K4PGJyPuKXj+mBqeW/nOODmuODvOODkeODvOOCq+ODg+ODl+OCteOCpOOCuu+8mjE1MG1s77yINeOCquODs+OCue+8iTxicj7il4/jg6Hjg7zjgqvjg7zvvJrjgrXjg7Pjg4rjg4Pjg5c8YnI+PGNlbnRlcj4KCgoKPCEtLUdvUVN5c3RlbeODqeODs+OCreODs+OCsOiHquWLleabtOaWsOODhOODvOODq+ODr+OCpOODiS0tPgo8dGFibGUgYWxpZ249ImNlbnRlciIgd2lkdGg9IjYwMCIgYm9yZGVyPSIwIiBjZWxscGFkZGluZz0iMCIgY2VsbHNwYWNpbmc9IjAiIGJnY29sb3I9IiNGRkZGRkYiPgo8dHI+Cjx0ZD4KPHRhYmxlIGFsaWduPSJjZW50ZXIiIHdpZHRoPSI2MDAiIGJvcmRlcj0iMCIgY2VsbHBhZGRpbmc9IjAiIGNlbGxzcGFjaW5nPSIwIiBiZ2NvbG9yPSIjRkZGRkZGIj4KPHRyPgo8dGQgYWxpZ249ImNlbnRlciIgdmFsaWduPSJib3R0b20iIGJnY29sb3I9IiNjY2NjY2MiPjxpbWcgc3JjPSJodHRwOi8vd3d3LnJha3V0ZW4ubmUuanAvZ29sZC9rdXJhc2hpa2Vua291L2dvcXN5c3RlbS82MDByYW5raW5ndGl0ZWwuZ2lmIiB3aWR0aD0iNjAwIiAvPjwvdGQ+CjwvdHI+CjwvdGFibGU+Cjx0YWJsZSBhbGlnbj0iY2VudGVyIiB3aWR0aD0iNTk2IiBib3JkZXI9IjAiIGNlbGxwYWRkaW5nPSIwIiBjZWxsc3BhY2luZz0iMCIgYmdjb2xvcj0iI0NDQ0NDQyIgc3R5bGU9ImJvcmRlci1sZWZ0OnNvbGlkO2JvcmRlci1sZWZ0LXdpZHRoOjFweDtib3JkZXItcmlnaHQ6c29saWQ7Ym9yZGVyLXJpZ2h0LXdpZHRoOjFweDtib3JkZXItYm90dG9tOnNvbGlkO2JvcmRlci1ib3R0b20td2lkdGg6MXB4O2JvcmRlci1jb2xvcjojQ0NDQ0NDOyI+Cjx0cj4KPHRkIGFsaWduPSJjZW50ZXIiIGJnY29sb3I9IiNGRkZGRkYiIHN0eWxlPSJvdmVyZmxvdzphdXRvOyI+Cgo8L3RkPgo8L3RyPgo8dHI+Cjx0ZCBhbGlnbj0icmlnaHQiIGJnY29sb3I9IiNGRkZGRkYiIHN0eWxlPSJwYWRkaW5nOjJweDsiPgo8aW1nIHNyYz0iaHR0cDovL3d3dy5yYWt1dGVuLm5lLmpwL2dvbGQva3VyYXNoaWtlbmtvdS9nb3FzeXN0ZW0vcG93ZXJlZF9ieV9iYW5uZXIuZ2lmIiB3aWR0aD0iMTI1IiAvPgo8L3RkPgo8L3RyPgo8L3RhYmxlPgo8L3RkPgo8L3RyPgo8L3RhYmxlPgo8IS0tR29RU3lzdGVt44Op44Oz44Kt44Oz44Kw6Ieq5YuV5pu05paw44OE44O844Or44Ov44Kk44OJLS0+CgoKPC9jZW50ZXI+,44K144Oz44OK44OD44OX44Kr44OD44OX44OH44Kj44K544Oa44Oz44K144O844O744Kr44OD44OX44Od44OzIDE1MG1s55SoQ0QtNURC44CQVEPjgJHvvJrmmq7jgonjgZflgaXlurfjg43jg4Pjg4jppKg=,44Kt44OD44OB44Oz44OQ44K56Kq/55CG5Zmo5YW35rSX5Ymk44Kv44Oq44K544K/44Or44Ks44Kk44K244O8NTAwbWzmn5Tou5/liaTlrqTlhoXnianlubLjgZfnianlubLjgZflgaXlurfpo5/lk4HjgqLjgqTjg6rjgrnjgqrjg7zjg6Tjg57mjoPpmaTjg4/jg7Pjgqzjg7zmtJfmv6/lj47ntI3nsbPjg4DjgqTjgqjjg4Pjg4jmsLTjg4Djgqbjg4vjg7zjg5Xjg6njgqTjg5Hjg7PnibnojLbjgrXjg7Pjg4rjg4Pjg5fjgqvjg4Pjg5fjg4fjgqPjgrnjg5rjg7PjgrXjg7zjg7vjgqvjg4Pjg5fjg53jg7MgMTUwbWznlKhDRC01RELjgJBUQ+OAkQ==,44CQ5YWo5Zu944Gp44GT44Gn44KC6YCB5paZ54Sh5paZ44CR44CC44K144Oz44OK44OD44OX44Kr44OD44OX44OH44Kj44K544Oa44Oz44K144O844O744Kr44OD44OX44Od44OzIDE1MG1s55SoQ0QtNURC44CQVEPjgJE=[rn]
9-88334,aHR0cDovL3RzaG9wLnIxMHMuanAva3VyYXNoaWtlbmtvdS9jYWJpbmV0L29rYWJlLzk1MjExMDMuanBnP2ZpdGluPTcwMDo3MDA=,MzAzLjIwMDA=,,44Kt44OD44OB44Oz55So5ZOB44O76aOf5Zmo44O76Kq/55CG5Zmo5YW3ID4g44Gd44Gu5LuW,44K144Oz44OK44OD44OX44Of44OL44OV44Kp44O844Kv6KKL5YWl44KKIDljbSAxMDBQ44CQVEPjgJE=,44CQ56iO5oqcMTk4MOWGhuS7peS4iuOBp+mAgeaWmeeEoeaWmeOAkQ==,44GK5byB5b2T44Gq44Gp44Gu5L2/44GE5o2o44Gm44OH44K244O844OI44OV44Kp44O844Kv44Go44GX44Gm5L6/5Yip44Gq44GK6LK35b6XMTAw5YCL57WEPGJyPuODleODq+ODvOODhOODu+ODh+OCtuODvOODiOOBquOBqeOBq+S+v+WIqeOBp+OBmTxicj4x5YCL44Gl44Gk6YCP5piO6KKL5YWl44KK44Gu54K644CB5riF5r2U44Gr5oyB44Gh6YGL44Gz44Gn44GN44G+44GZPGJyPjxicj7il4/llYblk4HjgrXjgqTjgrrvvIjntITvvInvvJrluYUyw5fplbfjgZUxMGNtPGJyPuKXj+WVhuWTgemHjemHj++8iOe0hO+8ie+8mjEwZzxicj7il4/mnZDos6rvvJrjg5fjg6njgrnjg4Hjg4Pjgq/oo73vvIjjgrnjg4Hjg63jg7zjg6vmqLnohILvvInjg7vpgI/mmI7jg5fjg6njgrnjg4Hjg4Pjgq88YnI+4peP44K744OD44OI5YaF5a6577yaMTAw5YCL5YWlPGJyPuKXj+ODoeODvOOCq+ODvO+8muOCteODs+ODiuODg+ODlzxicj48Y2VudGVyPgoKCgo8IS0tR29RU3lzdGVt44Op44Oz44Kt44Oz44Kw6Ieq5YuV5pu05paw44OE44O844Or44Ov44Kk44OJLS0+Cjx0YWJsZSBhbGlnbj0iY2VudGVyIiB3aWR0aD0iNjAwIiBib3JkZXI9IjAiIGNlbGxwYWRkaW5nPSIwIiBjZWxsc3BhY2luZz0iMCIgYmdjb2xvcj0iI0ZGRkZGRiI+Cjx0cj4KPHRkPgo8dGFibGUgYWxpZ249ImNlbnRlciIgd2lkdGg9IjYwMCIgYm9yZGVyPSIwIiBjZWxscGFkZGluZz0iMCIgY2VsbHNwYWNpbmc9IjAiIGJnY29sb3I9IiNGRkZGRkYiPgo8dHI+Cjx0ZCBhbGlnbj0iY2VudGVyIiB2YWxpZ249ImJvdHRvbSIgYmdjb2xvcj0iI2NjY2NjYyI+PGltZyBzcmM9Imh0dHA6Ly93d3cucmFrdXRlbi5uZS5qcC9nb2xkL2t1cmFzaGlrZW5rb3UvZ29xc3lzdGVtLzYwMHJhbmtpbmd0aXRlbC5naWYiIHdpZHRoPSI2MDAiIC8+PC90ZD4KPC90cj4KPC90YWJsZT4KPHRhYmxlIGFsaWduPSJjZW50ZXIiIHdpZHRoPSI1OTYiIGJvcmRlcj0iMCIgY2VsbHBhZGRpbmc9IjAiIGNlbGxzcGFjaW5nPSIwIiBiZ2NvbG9yPSIjQ0NDQ0NDIiBzdHlsZT0iYm9yZGVyLWxlZnQ6c29saWQ7Ym9yZGVyLWxlZnQtd2lkdGg6MXB4O2JvcmRlci1yaWdodDpzb2xpZDtib3JkZXItcmlnaHQtd2lkdGg6MXB4O2JvcmRlci1ib3R0b206c29saWQ7Ym9yZGVyLWJvdHRvbS13aWR0aDoxcHg7Ym9yZGVyLWNvbG9yOiNDQ0NDQ0M7Ij4KPHRyPgo8dGQgYWxpZ249ImNlbnRlciIgYmdjb2xvcj0iI0ZGRkZGRiIgc3R5bGU9Im92ZXJmbG93OmF1dG87Ij4KCjwvdGQ+CjwvdHI+Cjx0cj4KPHRkIGFsaWduPSJyaWdodCIgYmdjb2xvcj0iI0ZGRkZGRiIgc3R5bGU9InBhZGRpbmc6MnB4OyI+CjxpbWcgc3JjPSJodHRwOi8vd3d3LnJha3V0ZW4ubmUuanAvZ29sZC9rdXJhc2hpa2Vua291L2dvcXN5c3RlbS9wb3dlcmVkX2J5X2Jhbm5lci5naWYiIHdpZHRoPSIxMjUiIC8+CjwvdGQ+CjwvdHI+CjwvdGFibGU+CjwvdGQ+CjwvdHI+CjwvdGFibGU+CjwhLS1Hb1FTeXN0ZW3jg6njg7Pjgq3jg7PjgrDoh6rli5Xmm7TmlrDjg4Tjg7zjg6vjg6/jgqTjg4ktLT4KCgo8L2NlbnRlcj4=,44K144Oz44OK44OD44OX44Of44OL44OV44Kp44O844Kv6KKL5YWl44KKIDljbSAxMDBQ44CQVEPjgJHvvJrmmq7jgonjgZflgaXlurfjg43jg4Pjg4jppKg=,44Kt44OD44OB44Oz44OQ44K56Kq/55CG5Zmo5YW35rSX5Ymk44Kv44Oq44K544K/44Or44Ks44Kk44K244O8NTAwbWzmn5Tou5/liaTlrqTlhoXnianlubLjgZfnianlubLjgZflgaXlurfpo5/lk4HjgqLjgqTjg6rjgrnjgqrjg7zjg6Tjg57mjoPpmaTjg4/jg7Pjgqzjg7zmtJfmv6/lj47ntI3nsbPjg4DjgqTjgqjjg4Pjg4jmsLTjg4Djgqbjg4vjg7zjg5Xjg6njgqTjg5Hjg7PnibnojLbjgrXjg7Pjg4rjg4Pjg5fjg5/jg4vjg5Xjgqnjg7zjgq/ooovlhaXjgoogOWNtIDEwMFDjgJBUQ+OAkQ==,44CQ56iO5oqcMTk4MOWGhuS7peS4iuOBp+mAgeaWmeeEoeaWmeOAkeOAguOCteODs+ODiuODg+ODl+ODn+ODi+ODleOCqeODvOOCr+iii+WFpeOCiiA5Y20gMTAwUOOAkFRD44CR[rn]
9-88335,aHR0cDovL3RzaG9wLnIxMHMuanAva3VyYXNoaWtlbmtvdS9jYWJpbmV0L29rYWJlLzk1MjEwOTcuanBnP2ZpdGluPTcwMDo3MDA=,MzUwLjQwMDA=,,44Kt44OD44OB44Oz55So5ZOB44O76aOf5Zmo44O76Kq/55CG5Zmo5YW3ID4g44Gd44Gu5LuW,44K144Oz44OK44OD44OX44Ob44Ov44Kk44OI44Kr44OD44OXIDIwNW1sIDEwMOWAi+WFpeOAkFRD44CR,44CQ56iO5oqcMTk4MOWGhuS7peS4iuOBp+mAgeaWmeeEoeaWmeOAkQ==,44Ob44OD44OI77yG44Kz44O844Or44OJ5Lih5pa544Gr5L2/44GI44KL57SZ44Kz44OD44OX44Gn44GZPGJyPuihjOalveODu+OCouOCpuODiOODieOCouODrOOCuOODo+ODvOOBq+OBi+OBi+OBm+OBquOBhOS9v+OBhOaNqOOBpue0meOCs+ODg+ODl++8gTxicj7lrrbluq3nlKjjgafjgoLjgIHmpa3li5nnlKjjgafjgoLkvb/jgYjjgovjgIHjgYrlvpfjgaoxMDDlgIvlhaXjgafjgZk8YnI+44Kr44OD44OX44Gu5YaF6Z2i44Gr44Gv44CB44Od44Oq44Ko44OB44Os44Oz44Op44Of44ON44O844OI5Yqg5bel44GM5pa944GV44KM44Gm44GE44G+44GZPGJyPuacrOWTgeOBr+mjsuaWmeeUqOWuueWZqOOBqOOBl+OBpuijvemAoOOBleOCjOOBn+ODmuODvOODkeODvOOCq+ODg+ODl+OBp+OBmeOAgiDku5bjga7nlKjpgJTjgavjga/kvb/nlKjjgZfjgarjgYTjgafkuIvjgZXjgYQ8YnI+44Ki44Or44Kz44O844Or6aOy5paZ44Gu44GU5L2/55So44Gv44Oi44Os44KL5aC05ZCI44GM44GU44GW44GE44G+44GZPGJyPjxicj7il4/llYblk4HjgrXjgqTjgrrvvIjntITvvInvvJrnm7TlvoQ3w5fpq5jjgZU4Y208YnI+4peP5ZWG5ZOB6YeN6YeP77yI57SE77yJ77yaNTEwZzxicj7il4/mnZDos6rvvJrjg5Djg7zjgrjjg7Pjg5Hjg6vjg5cxMDDvvIU8YnI+4peP44K744OD44OI5YaF5a6544O75LuY5bGe5ZOB77yaMTAw5p6a5YWlPGJyPuKXj+WuuemHj++8mue0hDIwNW1sPGJyPuKXj+ODoeODvOOCq+ODvO+8muOCteODs+ODiuODg+ODlzxicj48Y2VudGVyPgoKCgo8IS0tR29RU3lzdGVt44Op44Oz44Kt44Oz44Kw6Ieq5YuV5pu05paw44OE44O844Or44Ov44Kk44OJLS0+Cjx0YWJsZSBhbGlnbj0iY2VudGVyIiB3aWR0aD0iNjAwIiBib3JkZXI9IjAiIGNlbGxwYWRkaW5nPSIwIiBjZWxsc3BhY2luZz0iMCIgYmdjb2xvcj0iI0ZGRkZGRiI+Cjx0cj4KPHRkPgo8dGFibGUgYWxpZ249ImNlbnRlciIgd2lkdGg9IjYwMCIgYm9yZGVyPSIwIiBjZWxscGFkZGluZz0iMCIgY2VsbHNwYWNpbmc9IjAiIGJnY29sb3I9IiNGRkZGRkYiPgo8dHI+Cjx0ZCBhbGlnbj0iY2VudGVyIiB2YWxpZ249ImJvdHRvbSIgYmdjb2xvcj0iI2NjY2NjYyI+PGltZyBzcmM9Imh0dHA6Ly93d3cucmFrdXRlbi5uZS5qcC9nb2xkL2t1cmFzaGlrZW5rb3UvZ29xc3lzdGVtLzYwMHJhbmtpbmd0aXRlbC5naWYiIHdpZHRoPSI2MDAiIC8+PC90ZD4KPC90cj4KPC90YWJsZT4KPHRhYmxlIGFsaWduPSJjZW50ZXIiIHdpZHRoPSI1OTYiIGJvcmRlcj0iMCIgY2VsbHBhZGRpbmc9IjAiIGNlbGxzcGFjaW5nPSIwIiBiZ2NvbG9yPSIjQ0NDQ0NDIiBzdHlsZT0iYm9yZGVyLWxlZnQ6c29saWQ7Ym9yZGVyLWxlZnQtd2lkdGg6MXB4O2JvcmRlci1yaWdodDpzb2xpZDtib3JkZXItcmlnaHQtd2lkdGg6MXB4O2JvcmRlci1ib3R0b206c29saWQ7Ym9yZGVyLWJvdHRvbS13aWR0aDoxcHg7Ym9yZGVyLWNvbG9yOiNDQ0NDQ0M7Ij4KPHRyPgo8dGQgYWxpZ249ImNlbnRlciIgYmdjb2xvcj0iI0ZGRkZGRiIgc3R5bGU9Im92ZXJmbG93OmF1dG87Ij4KCjwvdGQ+CjwvdHI+Cjx0cj4KPHRkIGFsaWduPSJyaWdodCIgYmdjb2xvcj0iI0ZGRkZGRiIgc3R5bGU9InBhZGRpbmc6MnB4OyI+CjxpbWcgc3JjPSJodHRwOi8vd3d3LnJha3V0ZW4ubmUuanAvZ29sZC9rdXJhc2hpa2Vua291L2dvcXN5c3RlbS9wb3dlcmVkX2J5X2Jhbm5lci5naWYiIHdpZHRoPSIxMjUiIC8+CjwvdGQ+CjwvdHI+CjwvdGFibGU+CjwvdGQ+CjwvdHI+CjwvdGFibGU+CjwhLS1Hb1FTeXN0ZW3jg6njg7Pjgq3jg7PjgrDoh6rli5Xmm7TmlrDjg4Tjg7zjg6vjg6/jgqTjg4ktLT4KCgo8L2NlbnRlcj4=,44K144Oz44OK44OD44OX44Ob44Ov44Kk44OI44Kr44OD44OXIDIwNW1sIDEwMOWAi+WFpeOAkFRD44CR77ya5pqu44KJ44GX5YGl5bq344ON44OD44OI6aSo,44Kt44OD44OB44Oz44OQ44K56Kq/55CG5Zmo5YW35rSX5Ymk44Kv44Oq44K544K/44Or44Ks44Kk44K244O8NTAwbWzmn5Tou5/liaTlrqTlhoXnianlubLjgZfnianlubLjgZflgaXlurfpo5/lk4HjgqLjgqTjg6rjgrnjgqrjg7zjg6Tjg57mjoPpmaTjg4/jg7Pjgqzjg7zmtJfmv6/lj47ntI3nsbPjg4DjgqTjgqjjg4Pjg4jmsLTjg4Djgqbjg4vjg7zjg5Xjg6njgqTjg5Hjg7PnibnojLbjgrXjg7Pjg4rjg4Pjg5fjg5vjg6/jgqTjg4jjgqvjg4Pjg5cgMjA1bWwgMTAw5YCL5YWl44CQVEPjgJE=,44CQ56iO5oqcMTk4MOWGhuS7peS4iuOBp+mAgeaWmeeEoeaWmeOAkeOAguOCteODs+ODiuODg+ODl+ODm+ODr+OCpOODiOOCq+ODg+ODlyAyMDVtbCAxMDDlgIvlhaXjgJBUQ+OAkQ==[rn]
9-88336,aHR0cDovL3RzaG9wLnIxMHMuanAva3VyYXNoaWtlbmtvdS9jYWJpbmV0L29rYWJlLzk1MjEzODQuanBnP2ZpdGluPTcwMDo3MDA=,MjIwLjAwMDA=,,44Kt44OD44OB44Oz55So5ZOB44O76aOf5Zmo44O76Kq/55CG5Zmo5YW3ID4g44Gd44Gu5LuW,5pel5pys44OH44Kt44K344O844Ko44Kz44OO44Km44Kn44KiIOmAj+aYjuODl+ODqeOCq+ODg+ODlyA0MjBtbCAxMFDjgJBUQ+OAkQ==,44CQ56iO5oqcMTk4MOWGhuS7peS4iuOBp+mAgeaWmeeEoeaWmeOAkQ==,44OT44O844Or44KE44K444Ol44O844K544Gq44Gp5Ya344Gf44GE6aOy44G/54mp44Gr44G044Gj44Gf44KK44Gq6YCP5piO44OX44Op44K544OB44OD44Kv44Kr44OD44OX44Gn44GZPGJyPuWkp+OBjeOBquOCteOCpOOCuuOAgTQyMG1s44K/44Kk44OX44Gn44GZPGJyPjxicj7il4/llYblk4HjgrXjgqTjgrrvvIjntITvvInvvJrnm7TlvoQ4w5fpq5jjgZUxMi4zY208YnI+4peP5ZWG5ZOB6YeN6YeP77yI57SE77yJ77yaMTBnPGJyPuKXj+adkOizqu+8mumjveWSjOODneODquOCqOOCueODhuODq+aoueiEgjxicj7il4/jgrvjg4Pjg4jlhoXlrrnvvJoxMOWAi+WFpTxicj7il4/lrrnph4/vvJo0MjBtbDxicj7il4/ogJDnhrHmuKnluqbvvJo2MOW6pjxicj7il4/jg6Hjg7zjgqvjg7zvvJrml6XmnKzjg4fjgq3jgrfjg7w8YnI+PGNlbnRlcj4KCgoKPCEtLUdvUVN5c3RlbeODqeODs+OCreODs+OCsOiHquWLleabtOaWsOODhOODvOODq+ODr+OCpOODiS0tPgo8dGFibGUgYWxpZ249ImNlbnRlciIgd2lkdGg9IjYwMCIgYm9yZGVyPSIwIiBjZWxscGFkZGluZz0iMCIgY2VsbHNwYWNpbmc9IjAiIGJnY29sb3I9IiNGRkZGRkYiPgo8dHI+Cjx0ZD4KPHRhYmxlIGFsaWduPSJjZW50ZXIiIHdpZHRoPSI2MDAiIGJvcmRlcj0iMCIgY2VsbHBhZGRpbmc9IjAiIGNlbGxzcGFjaW5nPSIwIiBiZ2NvbG9yPSIjRkZGRkZGIj4KPHRyPgo8dGQgYWxpZ249ImNlbnRlciIgdmFsaWduPSJib3R0b20iIGJnY29sb3I9IiNjY2NjY2MiPjxpbWcgc3JjPSJodHRwOi8vd3d3LnJha3V0ZW4ubmUuanAvZ29sZC9rdXJhc2hpa2Vua291L2dvcXN5c3RlbS82MDByYW5raW5ndGl0ZWwuZ2lmIiB3aWR0aD0iNjAwIiAvPjwvdGQ+CjwvdHI+CjwvdGFibGU+Cjx0YWJsZSBhbGlnbj0iY2VudGVyIiB3aWR0aD0iNTk2IiBib3JkZXI9IjAiIGNlbGxwYWRkaW5nPSIwIiBjZWxsc3BhY2luZz0iMCIgYmdjb2xvcj0iI0NDQ0NDQyIgc3R5bGU9ImJvcmRlci1sZWZ0OnNvbGlkO2JvcmRlci1sZWZ0LXdpZHRoOjFweDtib3JkZXItcmlnaHQ6c29saWQ7Ym9yZGVyLXJpZ2h0LXdpZHRoOjFweDtib3JkZXItYm90dG9tOnNvbGlkO2JvcmRlci1ib3R0b20td2lkdGg6MXB4O2JvcmRlci1jb2xvcjojQ0NDQ0NDOyI+Cjx0cj4KPHRkIGFsaWduPSJjZW50ZXIiIGJnY29sb3I9IiNGRkZGRkYiIHN0eWxlPSJvdmVyZmxvdzphdXRvOyI+Cgo8L3RkPgo8L3RyPgo8dHI+Cjx0ZCBhbGlnbj0icmlnaHQiIGJnY29sb3I9IiNGRkZGRkYiIHN0eWxlPSJwYWRkaW5nOjJweDsiPgo8aW1nIHNyYz0iaHR0cDovL3d3dy5yYWt1dGVuLm5lLmpwL2dvbGQva3VyYXNoaWtlbmtvdS9nb3FzeXN0ZW0vcG93ZXJlZF9ieV9iYW5uZXIuZ2lmIiB3aWR0aD0iMTI1IiAvPgo8L3RkPgo8L3RyPgo8L3RhYmxlPgo8L3RkPgo8L3RyPgo8L3RhYmxlPgo8IS0tR29RU3lzdGVt44Op44Oz44Kt44Oz44Kw6Ieq5YuV5pu05paw44OE44O844Or44Ov44Kk44OJLS0+CgoKPC9jZW50ZXI+,5pel5pys44OH44Kt44K344O844Ko44Kz44OO44Km44Kn44KiIOmAj+aYjuODl+ODqeOCq+ODg+ODlyA0MjBtbCAxMFDjgJBUQ+OAke+8muaaruOCieOBl+WBpeW6t+ODjeODg+ODiOmkqA==,44Kt44OD44OB44Oz44OQ44K56Kq/55CG5Zmo5YW35rSX5Ymk44Kv44Oq44K544K/44Or44Ks44Kk44K244O8NTAwbWzmn5Tou5/liaTlrqTlhoXnianlubLjgZfnianlubLjgZflgaXlurfpo5/lk4HjgqLjgqTjg6rjgrnjgqrjg7zjg6Tjg57mjoPpmaTjg4/jg7Pjgqzjg7zmtJfmv6/lj47ntI3nsbPjg4DjgqTjgqjjg4Pjg4jmsLTjg4Djgqbjg4vjg7zjg5Xjg6njgqTjg5Hjg7PnibnojLbml6XmnKzjg4fjgq3jgrfjg7zjgqjjgrPjg47jgqbjgqfjgqIg6YCP5piO44OX44Op44Kr44OD44OXIDQyMG1sIDEwUOOAkFRD44CR,44CQ56iO5oqcMTk4MOWGhuS7peS4iuOBp+mAgeaWmeeEoeaWmeOAkeOAguaXpeacrOODh+OCreOCt+ODvOOCqOOCs+ODjuOCpuOCp+OCoiDpgI/mmI7jg5fjg6njgqvjg4Pjg5cgNDIwbWwgMTBQ44CQVEPjgJE=[rn]
9-88337,aHR0cDovL3RzaG9wLnIxMHMuanAva3VyYXNoaWtlbmtvdS9jYWJpbmV0L29rYWJlLzk1MjEwOTUuanBnP2ZpdGluPTcwMDo3MDA=,NDU2LjAwMDA=,,44Kt44OD44OB44Oz55So5ZOB44O76aOf5Zmo44O76Kq/55CG5Zmo5YW3ID4g44Gd44Gu5LuW,44K144Oz44OK44OD44OX44OX44Op44Kr44OD44OXIOODiuODgeODpeODqeODqyDjgqTjg7PjgrXjg7zjg4jjgr/jgqTjg5cgMTAw5YCL5YWlSUMtMTAwTkHjgJBUQ+OAkQ==,44CQ56iO5oqcMTk4MOWGhuS7peS4iuOBp+mAgeaWmeeEoeaWmeOAkQ==,44Kk44Oz44K144O844OI55So44OX44Op44K544OB44OD44Kv44Kr44OD44OX44Gn44GZ44Gu44Gn44CB5Yil5aOy44Gu44CM44Kk44Oz44K144O844OI44Kr44OD44OX44Ob44Or44OA44O8IDEwUOOAjeOBqOWQiOOCj+OBm+OBpuOBiuiyt+OBhOaxguOCgeOBj+OBoOOBleOBhOOAgjxicj7liKXlo7Ljga7jgIzjgqTjg7PjgrXjg7zjg4jjgqvjg4Pjg5fjg5vjg6vjg4Djg7wgMTBQ44CN44Gr44OX44Op44Kr44OD44OX44KS44K744OD44OI44GX44Gm44GU5L2/55So44GP44Gg44GV44GE44CCPGJyPuODm+ODg+ODiOOCs+ODvOODkuODvOOBquOBqeaJi+OBjOeGseOBj+OBquOCieOBmuOBq+mjsuOCgOOBk+OBqOOBjOOBp+OBjeOBvuOBmeOAgjxicj7jgqrjg5XjgqPjgrnjgarjganjgafpo7Ljgb/nianjga7np7vli5Xjgavkvr/liKnjgafjgZnjgII8YnI+PGJyPuKXj+WVhuWTgeOCteOCpOOCuu+8iOe0hO+8ie+8muebtOW+hDjDl+mrmOOBlTI0Y208YnI+4peP5ZWG5ZOB6YeN6YeP77yI57SE77yJ77yaMzUwZzxicj7il4/mnZDos6rvvJrjgrnjg4Hjg63jg7zjg6vmqLnohILvvIjljYrpgI/mmI7vvIk8YnI+4peP44K744OD44OI5YaF5a6577yaMTAw5YCL5YWlPGJyPuKXj+WuuemHj++8mue0hDIwMG1sPGJyPuKXj+ODoeODvOOCq+ODvO+8muOCteODs+ODiuODg+ODlzxicj48Y2VudGVyPgoKCgo8IS0tR29RU3lzdGVt44Op44Oz44Kt44Oz44Kw6Ieq5YuV5pu05paw44OE44O844Or44Ov44Kk44OJLS0+Cjx0YWJsZSBhbGlnbj0iY2VudGVyIiB3aWR0aD0iNjAwIiBib3JkZXI9IjAiIGNlbGxwYWRkaW5nPSIwIiBjZWxsc3BhY2luZz0iMCIgYmdjb2xvcj0iI0ZGRkZGRiI+Cjx0cj4KPHRkPgo8dGFibGUgYWxpZ249ImNlbnRlciIgd2lkdGg9IjYwMCIgYm9yZGVyPSIwIiBjZWxscGFkZGluZz0iMCIgY2VsbHNwYWNpbmc9IjAiIGJnY29sb3I9IiNGRkZGRkYiPgo8dHI+Cjx0ZCBhbGlnbj0iY2VudGVyIiB2YWxpZ249ImJvdHRvbSIgYmdjb2xvcj0iI2NjY2NjYyI+PGltZyBzcmM9Imh0dHA6Ly93d3cucmFrdXRlbi5uZS5qcC9nb2xkL2t1cmFzaGlrZW5rb3UvZ29xc3lzdGVtLzYwMHJhbmtpbmd0aXRlbC5naWYiIHdpZHRoPSI2MDAiIC8+PC90ZD4KPC90cj4KPC90YWJsZT4KPHRhYmxlIGFsaWduPSJjZW50ZXIiIHdpZHRoPSI1OTYiIGJvcmRlcj0iMCIgY2VsbHBhZGRpbmc9IjAiIGNlbGxzcGFjaW5nPSIwIiBiZ2NvbG9yPSIjQ0NDQ0NDIiBzdHlsZT0iYm9yZGVyLWxlZnQ6c29saWQ7Ym9yZGVyLWxlZnQtd2lkdGg6MXB4O2JvcmRlci1yaWdodDpzb2xpZDtib3JkZXItcmlnaHQtd2lkdGg6MXB4O2JvcmRlci1ib3R0b206c29saWQ7Ym9yZGVyLWJvdHRvbS13aWR0aDoxcHg7Ym9yZGVyLWNvbG9yOiNDQ0NDQ0M7Ij4KPHRyPgo8dGQgYWxpZ249ImNlbnRlciIgYmdjb2xvcj0iI0ZGRkZGRiIgc3R5bGU9Im92ZXJmbG93OmF1dG87Ij4KCjwvdGQ+CjwvdHI+Cjx0cj4KPHRkIGFsaWduPSJyaWdodCIgYmdjb2xvcj0iI0ZGRkZGRiIgc3R5bGU9InBhZGRpbmc6MnB4OyI+CjxpbWcgc3JjPSJodHRwOi8vd3d3LnJha3V0ZW4ubmUuanAvZ29sZC9rdXJhc2hpa2Vua291L2dvcXN5c3RlbS9wb3dlcmVkX2J5X2Jhbm5lci5naWYiIHdpZHRoPSIxMjUiIC8+CjwvdGQ+CjwvdHI+CjwvdGFibGU+CjwvdGQ+CjwvdHI+CjwvdGFibGU+CjwhLS1Hb1FTeXN0ZW3jg6njg7Pjgq3jg7PjgrDoh6rli5Xmm7TmlrDjg4Tjg7zjg6vjg6/jgqTjg4ktLT4KCgo8L2NlbnRlcj4=,44K144Oz44OK44OD44OX44OX44Op44Kr44OD44OXIOODiuODgeODpeODqeODqyDjgqTjg7PjgrXjg7zjg4jjgr/jgqTjg5cgMTAw5YCL5YWlSUMtMTAwTkHjgJBUQ+OAke+8muaaruOCieOBl+WBpeW6t+ODjeODg+ODiOmkqA==,44Kt44OD44OB44Oz44OQ44K56Kq/55CG5Zmo5YW35rSX5Ymk44Kv44Oq44K544K/44Or44Ks44Kk44K244O8NTAwbWzmn5Tou5/liaTlrqTlhoXnianlubLjgZfnianlubLjgZflgaXlurfpo5/lk4HjgqLjgqTjg6rjgrnjgqrjg7zjg6Tjg57mjoPpmaTjg4/jg7Pjgqzjg7zmtJfmv6/lj47ntI3nsbPjg4DjgqTjgqjjg4Pjg4jmsLTjg4Djgqbjg4vjg7zjg5Xjg6njgqTjg5Hjg7PnibnojLbjgrXjg7Pjg4rjg4Pjg5fjg5fjg6njgqvjg4Pjg5cg44OK44OB44Ol44Op44OrIOOCpOODs+OCteODvOODiOOCv+OCpOODlyAxMDDlgIvlhaVJQy0xMDBOQeOAkFRD44CR,44CQ56iO5oqcMTk4MOWGhuS7peS4iuOBp+mAgeaWmeeEoeaWmeOAkeOAguOCteODs+ODiuODg+ODl+ODl+ODqeOCq+ODg+ODlyDjg4rjg4Hjg6Xjg6njg6sg44Kk44Oz44K144O844OI44K/44Kk44OXIDEwMOWAi+WFpUlDLTEwME5B44CQVEPjgJE=[rn]
9-88338,aHR0cDovL3RzaG9wLnIxMHMuanAva3VyYXNoaWtlbmtvdS9jYWJpbmV0L29rYWJlLzk1MjEzOTAuanBnP2ZpdGluPTcwMDo3MDA=,Mzg0LjAwMDA=,,44Kt44OD44OB44Oz55So5ZOB44O76aOf5Zmo44O76Kq/55CG5Zmo5YW3ID4g44Gd44Gu5LuW,5pel5pys44OH44Kt44K344O844Ko44Kz44OO44Km44Kn44KiIOODnOOCpuODqzEzY20gMjBQ44CQVEPjgJE=,44CQ56iO5oqcMTk4MOWGhuS7peS4iuOBp+mAgeaWmeeEoeaWmeOAkQ==,44K544O844OX44KE44K144Op44OA44Gr44KC5a6J5b+D44Gu6ICQ5rC044O76ICQ5rK55Yqg5bel44GM44GV44KM44Gf44Oc44Km44Or44Gn44GZ44CC77yIMjDmnprlhaXjgorvvIk8YnI+44Kq44O844OW44Oz44O744Kq44O844OW44Oz44OI44O844K544K/44O844Gr44Gv5L2/55So44GX44Gq44GE44Gn44GP44Gg44GV44GE44CCPGJyPumbu+WtkOODrOODs+OCuOOBp+OBlOS9v+eUqOOBruWgtOWQiOOBr+WGheWuueeJqeOBq+OCiOOCiuWkieW9ouOBmeOCi+OBk+OBqOOCguOBguOCiuOBvuOBmeOBruOBp+OBlOazqOaEj+OBj+OBoOOBleOBhOOAgjxicj48YnI+4peP5ZWG5ZOB44K144Kk44K677yI57SE77yJ77ya55u05b6EMTPDl+mrmOOBlTMuNWNtPGJyPuKXj+WVhuWTgemHjemHj++8iOe0hO+8ie+8mjE1MGc8YnI+4peP5p2Q6LOq77ya57SZ77yI5pys5L2T77yJPGJyPuKXj+ODoeODvOOCq+ODvO+8muaXpeacrOODh+OCreOCt+ODvDxicj48Y2VudGVyPgoKCgo8IS0tR29RU3lzdGVt44Op44Oz44Kt44Oz44Kw6Ieq5YuV5pu05paw44OE44O844Or44Ov44Kk44OJLS0+Cjx0YWJsZSBhbGlnbj0iY2VudGVyIiB3aWR0aD0iNjAwIiBib3JkZXI9IjAiIGNlbGxwYWRkaW5nPSIwIiBjZWxsc3BhY2luZz0iMCIgYmdjb2xvcj0iI0ZGRkZGRiI+Cjx0cj4KPHRkPgo8dGFibGUgYWxpZ249ImNlbnRlciIgd2lkdGg9IjYwMCIgYm9yZGVyPSIwIiBjZWxscGFkZGluZz0iMCIgY2VsbHNwYWNpbmc9IjAiIGJnY29sb3I9IiNGRkZGRkYiPgo8dHI+Cjx0ZCBhbGlnbj0iY2VudGVyIiB2YWxpZ249ImJvdHRvbSIgYmdjb2xvcj0iI2NjY2NjYyI+PGltZyBzcmM9Imh0dHA6Ly93d3cucmFrdXRlbi5uZS5qcC9nb2xkL2t1cmFzaGlrZW5rb3UvZ29xc3lzdGVtLzYwMHJhbmtpbmd0aXRlbC5naWYiIHdpZHRoPSI2MDAiIC8+PC90ZD4KPC90cj4KPC90YWJsZT4KPHRhYmxlIGFsaWduPSJjZW50ZXIiIHdpZHRoPSI1OTYiIGJvcmRlcj0iMCIgY2VsbHBhZGRpbmc9IjAiIGNlbGxzcGFjaW5nPSIwIiBiZ2NvbG9yPSIjQ0NDQ0NDIiBzdHlsZT0iYm9yZGVyLWxlZnQ6c29saWQ7Ym9yZGVyLWxlZnQtd2lkdGg6MXB4O2JvcmRlci1yaWdodDpzb2xpZDtib3JkZXItcmlnaHQtd2lkdGg6MXB4O2JvcmRlci1ib3R0b206c29saWQ7Ym9yZGVyLWJvdHRvbS13aWR0aDoxcHg7Ym9yZGVyLWNvbG9yOiNDQ0NDQ0M7Ij4KPHRyPgo8dGQgYWxpZ249ImNlbnRlciIgYmdjb2xvcj0iI0ZGRkZGRiIgc3R5bGU9Im92ZXJmbG93OmF1dG87Ij4KCjwvdGQ+CjwvdHI+Cjx0cj4KPHRkIGFsaWduPSJyaWdodCIgYmdjb2xvcj0iI0ZGRkZGRiIgc3R5bGU9InBhZGRpbmc6MnB4OyI+CjxpbWcgc3JjPSJodHRwOi8vd3d3LnJha3V0ZW4ubmUuanAvZ29sZC9rdXJhc2hpa2Vua291L2dvcXN5c3RlbS9wb3dlcmVkX2J5X2Jhbm5lci5naWYiIHdpZHRoPSIxMjUiIC8+CjwvdGQ+CjwvdHI+CjwvdGFibGU+CjwvdGQ+CjwvdHI+CjwvdGFibGU+CjwhLS1Hb1FTeXN0ZW3jg6njg7Pjgq3jg7PjgrDoh6rli5Xmm7TmlrDjg4Tjg7zjg6vjg6/jgqTjg4ktLT4KCgo8L2NlbnRlcj4=,5pel5pys44OH44Kt44K344O844Ko44Kz44OO44Km44Kn44KiIOODnOOCpuODqzEzY20gMjBQ44CQVEPjgJHvvJrmmq7jgonjgZflgaXlurfjg43jg4Pjg4jppKg=,44Kt44OD44OB44Oz44OQ44K56Kq/55CG5Zmo5YW35rSX5Ymk44Kv44Oq44K544K/44Or44Ks44Kk44K244O8NTAwbWzmn5Tou5/liaTlrqTlhoXnianlubLjgZfnianlubLjgZflgaXlurfpo5/lk4HjgqLjgqTjg6rjgrnjgqrjg7zjg6Tjg57mjoPpmaTjg4/jg7Pjgqzjg7zmtJfmv6/lj47ntI3nsbPjg4DjgqTjgqjjg4Pjg4jmsLTjg4Djgqbjg4vjg7zjg5Xjg6njgqTjg5Hjg7PnibnojLbml6XmnKzjg4fjgq3jgrfjg7zjgqjjgrPjg47jgqbjgqfjgqIg44Oc44Km44OrMTNjbSAyMFDjgJBUQ+OAkQ==,44CQ56iO5oqcMTk4MOWGhuS7peS4iuOBp+mAgeaWmeeEoeaWmeOAkeOAguaXpeacrOODh+OCreOCt+ODvOOCqOOCs+ODjuOCpuOCp+OCoiDjg5zjgqbjg6sxM2NtIDIwUOOAkFRD44CR[rn]
9-88339,aHR0cDovL3RzaG9wLnIxMHMuanAva3VyYXNoaWtlbmtvdS9jYWJpbmV0L2NvbW1vZGl0eS11Lzk5MTQ5OTAuanBnP2ZpdGluPTcwMDo3MDA=,ODE5LjIwMDA=,,44Kt44OD44OB44Oz55So5ZOB44O76aOf5Zmo44O76Kq/55CG5Zmo5YW3ID4g44Gd44Gu5LuW,5L2P5Y+L44K544Oq44O844Ko44Og44CAU0LpmLLmsLTjg7vpmLLmsZrjgrnjg5fjg6zjg7zjgIDjgrnjgqjjg7zjg4npnbTlsILnlKjjgJBE44CR44CQVU7jgJE=,44CQ56iO5oqcMTk4MOWGhuS7peS4iuOBp+mAgeaWmeeEoeaWmeOAkQ==,44K544Ko44O844OJ6Z205bCC55So44Gu6Ziy5rC044O76Ziy5rGa44K544OX44Os44O844CCPGJyPumiqOWQiOOBhOOBneOBruOBvuOBvuOBp+OCt+ODn+axmuOCjOOCkumYsuOBkOOAgjxicj48YnI+44CQ5a656YeP44CRMTcwbWw8YnI+PGJyPjxmb250IGNvbG9yPXJlZD7igLvlnKjluqvjgpLnlKjmhI/jgZfjgabjgYrjgorjgb7jgZnjgYzjgIHjgZTms6jmlofnirbms4HjgavjgojjgorkuozpgLHplpPnqIvluqbjgYrmmYLplpPjgpLjgYTjgZ/jgaDjgY/loLTlkIjjgYzjgZTjgZbjgYTjgb7jgZnjgILkuojjgoHjgZTkuobmib/jgY/jgaDjgZXjgYTjgII8L2ZvbnQ+PGNlbnRlcj4KCgoKPCEtLUdvUVN5c3RlbeODqeODs+OCreODs+OCsOiHquWLleabtOaWsOODhOODvOODq+ODr+OCpOODiS0tPgo8dGFibGUgYWxpZ249ImNlbnRlciIgd2lkdGg9IjYwMCIgYm9yZGVyPSIwIiBjZWxscGFkZGluZz0iMCIgY2VsbHNwYWNpbmc9IjAiIGJnY29sb3I9IiNGRkZGRkYiPgo8dHI+Cjx0ZD4KPHRhYmxlIGFsaWduPSJjZW50ZXIiIHdpZHRoPSI2MDAiIGJvcmRlcj0iMCIgY2VsbHBhZGRpbmc9IjAiIGNlbGxzcGFjaW5nPSIwIiBiZ2NvbG9yPSIjRkZGRkZGIj4KPHRyPgo8dGQgYWxpZ249ImNlbnRlciIgdmFsaWduPSJib3R0b20iIGJnY29sb3I9IiNjY2NjY2MiPjxpbWcgc3JjPSJodHRwOi8vd3d3LnJha3V0ZW4ubmUuanAvZ29sZC9rdXJhc2hpa2Vua291L2dvcXN5c3RlbS82MDByYW5raW5ndGl0ZWwuZ2lmIiB3aWR0aD0iNjAwIiAvPjwvdGQ+CjwvdHI+CjwvdGFibGU+Cjx0YWJsZSBhbGlnbj0iY2VudGVyIiB3aWR0aD0iNTk2IiBib3JkZXI9IjAiIGNlbGxwYWRkaW5nPSIwIiBjZWxsc3BhY2luZz0iMCIgYmdjb2xvcj0iI0NDQ0NDQyIgc3R5bGU9ImJvcmRlci1sZWZ0OnNvbGlkO2JvcmRlci1sZWZ0LXdpZHRoOjFweDtib3JkZXItcmlnaHQ6c29saWQ7Ym9yZGVyLXJpZ2h0LXdpZHRoOjFweDtib3JkZXItYm90dG9tOnNvbGlkO2JvcmRlci1ib3R0b20td2lkdGg6MXB4O2JvcmRlci1jb2xvcjojQ0NDQ0NDOyI+Cjx0cj4KPHRkIGFsaWduPSJjZW50ZXIiIGJnY29sb3I9IiNGRkZGRkYiIHN0eWxlPSJvdmVyZmxvdzphdXRvOyI+Cgo8L3RkPgo8L3RyPgo8dHI+Cjx0ZCBhbGlnbj0icmlnaHQiIGJnY29sb3I9IiNGRkZGRkYiIHN0eWxlPSJwYWRkaW5nOjJweDsiPgo8aW1nIHNyYz0iaHR0cDovL3d3dy5yYWt1dGVuLm5lLmpwL2dvbGQva3VyYXNoaWtlbmtvdS9nb3FzeXN0ZW0vcG93ZXJlZF9ieV9iYW5uZXIuZ2lmIiB3aWR0aD0iMTI1IiAvPgo8L3RkPgo8L3RyPgo8L3RhYmxlPgo8L3RkPgo8L3RyPgo8L3RhYmxlPgo8IS0tR29RU3lzdGVt44Op44Oz44Kt44Oz44Kw6Ieq5YuV5pu05paw44OE44O844Or44Ov44Kk44OJLS0+CgoKPC9jZW50ZXI+,5L2P5Y+L44K544Oq44O844Ko44Og44CAU0LpmLLmsLTjg7vpmLLmsZrjgrnjg5fjg6zjg7zjgIDjgrnjgqjjg7zjg4npnbTlsILnlKjjgJBE44CR44CQVU7jgJHvvJrmmq7jgonjgZflgaXlurfjg43jg4Pjg4jppKg=,44Kt44OD44OB44Oz44OQ44K56Kq/55CG5Zmo5YW35rSX5Ymk44Kv44Oq44K544K/44Or44Ks44Kk44K244O8NTAwbWzmn5Tou5/liaTlrqTlhoXnianlubLjgZfnianlubLjgZflgaXlurfpo5/lk4HjgqLjgqTjg6rjgrnjgqrjg7zjg6Tjg57mjoPpmaTjg4/jg7Pjgqzjg7zmtJfmv6/lj47ntI3nsbPjg4DjgqTjgqjjg4Pjg4jmsLTjg4Djgqbjg4vjg7zjg5Xjg6njgqTjg5Hjg7PnibnojLbkvY/lj4vjgrnjg6rjg7zjgqjjg6DjgIBTQumYsuawtOODu+mYsuaxmuOCueODl+ODrOODvOOAgOOCueOCqOODvOODiemdtOWwgueUqOOAkETjgJHjgJBVTuOAkQ==,44CQ56iO5oqcMTk4MOWGhuS7peS4iuOBp+mAgeaWmeeEoeaWmeOAkeOAguS9j+WPi+OCueODquODvOOCqOODoOOAgFNC6Ziy5rC044O76Ziy5rGa44K544OX44Os44O844CA44K544Ko44O844OJ6Z205bCC55So44CQROOAkeOAkFVO44CR[rn]
9-88340,aHR0cDovL3RzaG9wLnIxMHMuanAva3VyYXNoaWtlbmtvdS9jYWJpbmV0L2NvbW1vZGl0eS11Lzk5MTQ5ODguanBnP2ZpdGluPTcwMDo3MDA=,MjI4LjgwMDA=,,44Kt44OD44OB44Oz55So5ZOB44O76aOf5Zmo44O76Kq/55CG5Zmo5YW3ID4g44Gd44Gu5LuW,5L2P5Y+L44K544Oq44O844Ko44Og44CAU0LjgIBIQuOAgOiyvOOCiuWQiOOBmzJQ44CASEJH77yNMlBTTeOAgEfjgJBE44CR44CQVU7jgJE=,44CQ56iO5oqcMTk4MOWGhuS7peS4iuOBp+mAgeaWmeeEoeaWmeOAkQ==,44Ki44Kv44Oq44Or57O444Go44Od44Oq44Ko44K544OG44Or44KS57eo44G/5ZCI44KP44Gb44Gf44CB44OP44Kk44OW44Oq44OD44OJ44K544Od44Oz44K444Gn44GZ44CCPGJyPuayueOCguOBk+OBs+OCiuOBpOOBjeOCguOCueODg+OCreODquiQveOBqOOBmeOAgjxicj7jgrDjg6njgrnjgoLjg5Tjgqvjg5Tjgqvjgavjgarjgorjgb7jgZnjgII8YnI+PGJyPjxmb250IGNvbG9yPXJlZD7igLvlnKjluqvjgpLnlKjmhI/jgZfjgabjgYrjgorjgb7jgZnjgYzjgIHjgZTms6jmlofnirbms4HjgavjgojjgorkuozpgLHplpPnqIvluqbjgYrmmYLplpPjgpLjgYTjgZ/jgaDjgY/loLTlkIjjgYzjgZTjgZbjgYTjgb7jgZnjgILkuojjgoHjgZTkuobmib/jgY/jgaDjgZXjgYTjgII8L2ZvbnQ+PGNlbnRlcj4KCgoKPCEtLUdvUVN5c3RlbeODqeODs+OCreODs+OCsOiHquWLleabtOaWsOODhOODvOODq+ODr+OCpOODiS0tPgo8dGFibGUgYWxpZ249ImNlbnRlciIgd2lkdGg9IjYwMCIgYm9yZGVyPSIwIiBjZWxscGFkZGluZz0iMCIgY2VsbHNwYWNpbmc9IjAiIGJnY29sb3I9IiNGRkZGRkYiPgo8dHI+Cjx0ZD4KPHRhYmxlIGFsaWduPSJjZW50ZXIiIHdpZHRoPSI2MDAiIGJvcmRlcj0iMCIgY2VsbHBhZGRpbmc9IjAiIGNlbGxzcGFjaW5nPSIwIiBiZ2NvbG9yPSIjRkZGRkZGIj4KPHRyPgo8dGQgYWxpZ249ImNlbnRlciIgdmFsaWduPSJib3R0b20iIGJnY29sb3I9IiNjY2NjY2MiPjxpbWcgc3JjPSJodHRwOi8vd3d3LnJha3V0ZW4ubmUuanAvZ29sZC9rdXJhc2hpa2Vua291L2dvcXN5c3RlbS82MDByYW5raW5ndGl0ZWwuZ2lmIiB3aWR0aD0iNjAwIiAvPjwvdGQ+CjwvdHI+CjwvdGFibGU+Cjx0YWJsZSBhbGlnbj0iY2VudGVyIiB3aWR0aD0iNTk2IiBib3JkZXI9IjAiIGNlbGxwYWRkaW5nPSIwIiBjZWxsc3BhY2luZz0iMCIgYmdjb2xvcj0iI0NDQ0NDQyIgc3R5bGU9ImJvcmRlci1sZWZ0OnNvbGlkO2JvcmRlci1sZWZ0LXdpZHRoOjFweDtib3JkZXItcmlnaHQ6c29saWQ7Ym9yZGVyLXJpZ2h0LXdpZHRoOjFweDtib3JkZXItYm90dG9tOnNvbGlkO2JvcmRlci1ib3R0b20td2lkdGg6MXB4O2JvcmRlci1jb2xvcjojQ0NDQ0NDOyI+Cjx0cj4KPHRkIGFsaWduPSJjZW50ZXIiIGJnY29sb3I9IiNGRkZGRkYiIHN0eWxlPSJvdmVyZmxvdzphdXRvOyI+Cgo8L3RkPgo8L3RyPgo8dHI+Cjx0ZCBhbGlnbj0icmlnaHQiIGJnY29sb3I9IiNGRkZGRkYiIHN0eWxlPSJwYWRkaW5nOjJweDsiPgo8aW1nIHNyYz0iaHR0cDovL3d3dy5yYWt1dGVuLm5lLmpwL2dvbGQva3VyYXNoaWtlbmtvdS9nb3FzeXN0ZW0vcG93ZXJlZF9ieV9iYW5uZXIuZ2lmIiB3aWR0aD0iMTI1IiAvPgo8L3RkPgo8L3RyPgo8L3RhYmxlPgo8L3RkPgo8L3RyPgo8L3RhYmxlPgo8IS0tR29RU3lzdGVt44Op44Oz44Kt44Oz44Kw6Ieq5YuV5pu05paw44OE44O844Or44Ov44Kk44OJLS0+CgoKPC9jZW50ZXI+,5L2P5Y+L44K544Oq44O844Ko44Og44CAU0LjgIBIQuOAgOiyvOOCiuWQiOOBmzJQ44CASEJHJm1pbnVzOzJQU03jgIBH44CQROOAkeOAkFVO44CR77ya5pqu44KJ44GX5YGl5bq344ON44OD44OI6aSo,44Kt44OD44OB44Oz44OQ44K56Kq/55CG5Zmo5YW35rSX5Ymk44Kv44Oq44K544K/44Or44Ks44Kk44K244O8NTAwbWzmn5Tou5/liaTlrqTlhoXnianlubLjgZfnianlubLjgZflgaXlurfpo5/lk4HjgqLjgqTjg6rjgrnjgqrjg7zjg6Tjg57mjoPpmaTjg4/jg7Pjgqzjg7zmtJfmv6/lj47ntI3nsbPjg4DjgqTjgqjjg4Pjg4jmsLTjg4Djgqbjg4vjg7zjg5Xjg6njgqTjg5Hjg7PnibnojLbkvY/lj4vjgrnjg6rjg7zjgqjjg6DjgIBTQuOAgEhC44CA6LK844KK5ZCI44GbMlDjgIBIQkcmbWludXM7MlBTTeOAgEfjgJBE44CR44CQVU7jgJE=,44CQ56iO5oqcMTk4MOWGhuS7peS4iuOBp+mAgeaWmeeEoeaWmeOAkeOAguS9j+WPi+OCueODquODvOOCqOODoOOAgFNC44CASELjgIDosrzjgorlkIjjgZsyUOOAgEhCRyZtaW51czsyUFNN44CAR+OAkETjgJHjgJBVTuOAkQ==[rn]
9-88341,aHR0cDovL3RzaG9wLnIxMHMuanAva3VyYXNoaWtlbmtvdS9jYWJpbmV0L29rYWJlNS85NzY0NjE5LWUuanBnP2ZpdGluPTcwMDo3MDA=,MTUyLjAwMDA=,,44Kt44OD44OB44Oz55So5ZOB44O76aOf5Zmo44O76Kq/55CG5Zmo5YW3ID4g44Gd44Gu5LuW,ZnJlc2jjgIDjg4vjg6Xjg7xE5Z6L44CA5rSX5qG244CANS41TOOAgOOCsOODquODvOODs+OAgEQtNTU0OeOAkFRD44CR,44CQ56iO5oqcMTk4MOWGhuS7peS4iuOBp+mAgeaWmeeEoeaWmeOAkQ==,44K344Oz44Kv44Gn5L2/44GE44KE44GZ44GEROWei+W9oueKtuOBrua0l+OBhOahtuOBp+OBme+8gTxicj4K6YeO6I+c5rSX44GE44GL44KJ6aOf5Zmo5rSX44GE44CB44Kw44Op44K5572u44GN44Gr44KC5L6/5Yip44Gr5L2/44GI44KL44K144Kk44K644Gn44GZ44CCPGJyPjxicj7il4/llYblk4HjgrXjgqTjgrrvvIhjbe+8ie+8muW5hee0hDMyLjfDl+WlpeihjOe0hDI5LjjDl+mrmOOBlee0hDExLjc8YnI+CuKXj+mHjemHj++8mue0hDAuMmtnPGJyPgril4/mnZDos6rvvJrjg53jg6rjg5fjg63jg5Tjg6zjg7M8YnI+CuKXj+WuuemHj++8mue0hDUuNUw8YnI+CuKXj+iAkOeGsea4qeW6pu+8mue0hDEwMOW6pjxicj4K4peP6ICQ5Ya35rip5bqm77ya57SELTIw5bqmPGNlbnRlcj4KCgoKPCEtLUdvUVN5c3RlbeODqeODs+OCreODs+OCsOiHquWLleabtOaWsOODhOODvOODq+ODr+OCpOODiS0tPgo8dGFibGUgYWxpZ249ImNlbnRlciIgd2lkdGg9IjYwMCIgYm9yZGVyPSIwIiBjZWxscGFkZGluZz0iMCIgY2VsbHNwYWNpbmc9IjAiIGJnY29sb3I9IiNGRkZGRkYiPgo8dHI+Cjx0ZD4KPHRhYmxlIGFsaWduPSJjZW50ZXIiIHdpZHRoPSI2MDAiIGJvcmRlcj0iMCIgY2VsbHBhZGRpbmc9IjAiIGNlbGxzcGFjaW5nPSIwIiBiZ2NvbG9yPSIjRkZGRkZGIj4KPHRyPgo8dGQgYWxpZ249ImNlbnRlciIgdmFsaWduPSJib3R0b20iIGJnY29sb3I9IiNjY2NjY2MiPjxpbWcgc3JjPSJodHRwOi8vd3d3LnJha3V0ZW4ubmUuanAvZ29sZC9rdXJhc2hpa2Vua291L2dvcXN5c3RlbS82MDByYW5raW5ndGl0ZWwuZ2lmIiB3aWR0aD0iNjAwIiAvPjwvdGQ+CjwvdHI+CjwvdGFibGU+Cjx0YWJsZSBhbGlnbj0iY2VudGVyIiB3aWR0aD0iNTk2IiBib3JkZXI9IjAiIGNlbGxwYWRkaW5nPSIwIiBjZWxsc3BhY2luZz0iMCIgYmdjb2xvcj0iI0NDQ0NDQyIgc3R5bGU9ImJvcmRlci1sZWZ0OnNvbGlkO2JvcmRlci1sZWZ0LXdpZHRoOjFweDtib3JkZXItcmlnaHQ6c29saWQ7Ym9yZGVyLXJpZ2h0LXdpZHRoOjFweDtib3JkZXItYm90dG9tOnNvbGlkO2JvcmRlci1ib3R0b20td2lkdGg6MXB4O2JvcmRlci1jb2xvcjojQ0NDQ0NDOyI+Cjx0cj4KPHRkIGFsaWduPSJjZW50ZXIiIGJnY29sb3I9IiNGRkZGRkYiIHN0eWxlPSJvdmVyZmxvdzphdXRvOyI+Cgo8L3RkPgo8L3RyPgo8dHI+Cjx0ZCBhbGlnbj0icmlnaHQiIGJnY29sb3I9IiNGRkZGRkYiIHN0eWxlPSJwYWRkaW5nOjJweDsiPgo8aW1nIHNyYz0iaHR0cDovL3d3dy5yYWt1dGVuLm5lLmpwL2dvbGQva3VyYXNoaWtlbmtvdS9nb3FzeXN0ZW0vcG93ZXJlZF9ieV9iYW5uZXIuZ2lmIiB3aWR0aD0iMTI1IiAvPgo8L3RkPgo8L3RyPgo8L3RhYmxlPgo8L3RkPgo8L3RyPgo8L3RhYmxlPgo8IS0tR29RU3lzdGVt44Op44Oz44Kt44Oz44Kw6Ieq5YuV5pu05paw44OE44O844Or44Ov44Kk44OJLS0+CgoKPC9jZW50ZXI+,ZnJlc2jjgIDjg4vjg6Xjg7xE5Z6L44CA5rSX5qG244CANS41TOOAgOOCsOODquODvOODs+OAgEQtNTU0OeOAkFRD44CR77ya5pqu44KJ44GX5YGl5bq344ON44OD44OI6aSo,44Kt44OD44OB44Oz44OQ44K56Kq/55CG5Zmo5YW35rSX5Ymk44Kv44Oq44K544K/44Or44Ks44Kk44K244O8NTAwbWzmn5Tou5/liaTlrqTlhoXnianlubLjgZfnianlubLjgZflgaXlurfpo5/lk4HjgqLjgqTjg6rjgrnjgqrjg7zjg6Tjg57mjoPpmaTjg4/jg7Pjgqzjg7zmtJfmv6/lj47ntI3nsbPjg4DjgqTjgqjjg4Pjg4jmsLTjg4Djgqbjg4vjg7zjg5Xjg6njgqTjg5Hjg7PnibnojLZmcmVzaOOAgOODi+ODpeODvETlnovjgIDmtJfmobbjgIA1LjVM44CA44Kw44Oq44O844Oz44CARC01NTQ544CQVEPjgJE=,44CQ56iO5oqcMTk4MOWGhuS7peS4iuOBp+mAgeaWmeeEoeaWmeOAkeOAgmZyZXNo44CA44OL44Ol44O8ROWei+OAgOa0l+ahtuOAgDUuNUzjgIDjgrDjg6rjg7zjg7PjgIBELTU1NDnjgJBUQ+OAkQ==[rn]
9-88342,aHR0cDovL3RzaG9wLnIxMHMuanAva3VyYXNoaWtlbmtvdS9jYWJpbmV0L29rYWJlNS85NzY0NjIwLWUuanBnP2ZpdGluPTcwMDo3MDA=,MTUyLjAwMDA=,,44Kt44OD44OB44Oz55So5ZOB44O76aOf5Zmo44O76Kq/55CG5Zmo5YW3ID4g44Gd44Gu5LuW,44CQ5Yem5YiG54m55L6h44CRZnJlc2jjgIDjg4vjg6Xjg7xE5Z6L44CA5rSX5qG244CANS41TOOAgOODm+ODr+OCpOODiOOAgEQtNTU0OeOAkFRD44CR,44CQ56iO5oqcMTk4MOWGhuS7peS4iuOBp+mAgeaWmeeEoeaWmeOAkQ==,44K344Oz44Kv44Gn5L2/44GE44KE44GZ44GEROWei+W9oueKtuOBrua0l+OBhOahtuOBp+OBme+8gTxicj4K6YeO6I+c5rSX44GE44GL44KJ6aOf5Zmo5rSX44GE44CB44Kw44Op44K5572u44GN44Gr44KC5L6/5Yip44Gr5L2/44GI44KL44K144Kk44K644Gn44GZ44CCPGJyPjxicj7il4/llYblk4HjgrXjgqTjgrrvvIhjbe+8ie+8muW5hee0hDMyLjfDl+WlpeihjOe0hDI5LjjDl+mrmOOBlee0hDExLjc8YnI+CuKXj+mHjemHj++8mue0hDAuMmtnPGJyPgril4/mnZDos6rvvJrjg53jg6rjg5fjg63jg5Tjg6zjg7M8YnI+CuKXj+WuuemHj++8mue0hDUuNUw8YnI+CuKXj+iAkOeGsea4qeW6pu+8mue0hDEwMOW6pjxicj4K4peP6ICQ5Ya35rip5bqm77ya57SELTIw5bqmPGNlbnRlcj4KCgoKPCEtLUdvUVN5c3RlbeODqeODs+OCreODs+OCsOiHquWLleabtOaWsOODhOODvOODq+ODr+OCpOODiS0tPgo8dGFibGUgYWxpZ249ImNlbnRlciIgd2lkdGg9IjYwMCIgYm9yZGVyPSIwIiBjZWxscGFkZGluZz0iMCIgY2VsbHNwYWNpbmc9IjAiIGJnY29sb3I9IiNGRkZGRkYiPgo8dHI+Cjx0ZD4KPHRhYmxlIGFsaWduPSJjZW50ZXIiIHdpZHRoPSI2MDAiIGJvcmRlcj0iMCIgY2VsbHBhZGRpbmc9IjAiIGNlbGxzcGFjaW5nPSIwIiBiZ2NvbG9yPSIjRkZGRkZGIj4KPHRyPgo8dGQgYWxpZ249ImNlbnRlciIgdmFsaWduPSJib3R0b20iIGJnY29sb3I9IiNjY2NjY2MiPjxpbWcgc3JjPSJodHRwOi8vd3d3LnJha3V0ZW4ubmUuanAvZ29sZC9rdXJhc2hpa2Vua291L2dvcXN5c3RlbS82MDByYW5raW5ndGl0ZWwuZ2lmIiB3aWR0aD0iNjAwIiAvPjwvdGQ+CjwvdHI+CjwvdGFibGU+Cjx0YWJsZSBhbGlnbj0iY2VudGVyIiB3aWR0aD0iNTk2IiBib3JkZXI9IjAiIGNlbGxwYWRkaW5nPSIwIiBjZWxsc3BhY2luZz0iMCIgYmdjb2xvcj0iI0NDQ0NDQyIgc3R5bGU9ImJvcmRlci1sZWZ0OnNvbGlkO2JvcmRlci1sZWZ0LXdpZHRoOjFweDtib3JkZXItcmlnaHQ6c29saWQ7Ym9yZGVyLXJpZ2h0LXdpZHRoOjFweDtib3JkZXItYm90dG9tOnNvbGlkO2JvcmRlci1ib3R0b20td2lkdGg6MXB4O2JvcmRlci1jb2xvcjojQ0NDQ0NDOyI+Cjx0cj4KPHRkIGFsaWduPSJjZW50ZXIiIGJnY29sb3I9IiNGRkZGRkYiIHN0eWxlPSJvdmVyZmxvdzphdXRvOyI+Cgo8L3RkPgo8L3RyPgo8dHI+Cjx0ZCBhbGlnbj0icmlnaHQiIGJnY29sb3I9IiNGRkZGRkYiIHN0eWxlPSJwYWRkaW5nOjJweDsiPgo8aW1nIHNyYz0iaHR0cDovL3d3dy5yYWt1dGVuLm5lLmpwL2dvbGQva3VyYXNoaWtlbmtvdS9nb3FzeXN0ZW0vcG93ZXJlZF9ieV9iYW5uZXIuZ2lmIiB3aWR0aD0iMTI1IiAvPgo8L3RkPgo8L3RyPgo8L3RhYmxlPgo8L3RkPgo8L3RyPgo8L3RhYmxlPgo8IS0tR29RU3lzdGVt44Op44Oz44Kt44Oz44Kw6Ieq5YuV5pu05paw44OE44O844Or44Ov44Kk44OJLS0+CgoKPC9jZW50ZXI+,44CQ5Yem5YiG54m55L6h44CRZnJlc2jjgIDjg4vjg6Xjg7xE5Z6L44CA5rSX5qG244CANS41TOOAgOODm+ODr+OCpOODiOOAgEQtNTU0OeOAkFRD44CR77ya5pqu44KJ44GX5YGl5bq344ON44OD44OI6aSo,44Kt44OD44OB44Oz44OQ44K56Kq/55CG5Zmo5YW35rSX5Ymk44Kv44Oq44K544K/44Or44Ks44Kk44K244O8NTAwbWzmn5Tou5/liaTlrqTlhoXnianlubLjgZfnianlubLjgZflgaXlurfpo5/lk4HjgqLjgqTjg6rjgrnjgqrjg7zjg6Tjg57mjoPpmaTjg4/jg7Pjgqzjg7zmtJfmv6/lj47ntI3nsbPjg4DjgqTjgqjjg4Pjg4jmsLTjg4Djgqbjg4vjg7zjg5Xjg6njgqTjg5Hjg7PnibnojLbjgJDlh6bliIbnibnkvqHjgJFmcmVzaOOAgOODi+ODpeODvETlnovjgIDmtJfmobbjgIA1LjVM44CA44Ob44Ov44Kk44OI44CARC01NTQ544CQVEPjgJE=,44CQ56iO5oqcMTk4MOWGhuS7peS4iuOBp+mAgeaWmeeEoeaWmeOAkeOAguOAkOWHpuWIhueJueS+oeOAkWZyZXNo44CA44OL44Ol44O8ROWei+OAgOa0l+ahtuOAgDUuNUzjgIDjg5vjg6/jgqTjg4jjgIBELTU1NDnjgJBUQ+OAkQ==[rn]
9-88343,aHR0cDovL3RzaG9wLnIxMHMuanAvcmUtdmlzaW9uL2NhYmluZXQvcm0vaXRlbS8wMi9icnIwMDEuanBnP2ZpdGluPTcwMDo3MDA=,MTMzOTIuMDAwMA==,,44Kt44OD44OB44Oz55So5ZOB44O76aOf5Zmo44O76Kq/55CG5Zmo5YW3ID4g44Gd44Gu5LuW,YnJ1ZXLvvIjjg5bjg6vjg7zjgqLjg7zvvIkvIOOCs+ODvOODq+ODieODluODq+ODvOOCouODvCDjgJDmsLTlh7rjgZfjgrPjg7zjg5Ljg7zlmajlhbcg5rC05Ye644GX44Ki44Kk44K544Kz44O844OS44O8IOOCs+ODvOODq+ODieODluODquODpeODvOOCs+ODvOODkuODvCDjgrnjg63jg7zjg4njg6rjg4Pjg5fjgrPjg7zjg5Ljg7wg44OJ44Oq44OD44OR44O844CA44Ku44OV44OIIOODluODq+ODvOODr+ODvCDjgqbjgqnjg7zjgr/jg7zjg4njg6rjg4Pjg5fjgrPjg7zjg5Ljg7zjgrXjg7zjg5Djg7wg44OA44OD44OB44Kz44O844OS44O8IOePiOeQsuOAkQ==,5Zar6Iy25bqX44Gu5ZGz44CC44K544Ot44O844OJ44Oq44OD44OX5byP44Gu5rC05Ye644GX44Kz44O844OS44O85bCC55So44OJ44Oq44OD44OR44O8,PHRhYmxlIHdpZHRoPSIzMDAiIGJvcmRlcj0iMCIgY2VsbHNwYWNpbmc9IjAiIGNlbGxwYWRkaW5nPSIwIj4KICA8dHI+CiAgICA8dGQ+PGltZyBzcmM9Imh0dHA6Ly9pbWFnZS5yYWt1dGVuLmNvLmpwL3JlLXZpc2lvbi9jYWJpbmV0L2Jhbm5lci9ibl9yX3BvaW50XzQweDMwMC5qcGciIHdpZHRoPSIzMDAiIGhlaWdodD0iNDAiPjwvdGQ+CiAgPC90cj4KICA8dHI+CiAgICA8dGQ+PC90ZD4KICA8L3RyPgo8L3RhYmxlPjxicj4KCgo8dGFibGUgd2lkdGg9IjMwMCIgYm9yZGVyPSIwIiBjZWxsc3BhY2luZz0iMCIgY2VsbHBhZGRpbmc9IjAiPgogIDx0cj4KICAgIDx0ZD48aW1nIHNyYz0iaHR0cDovL2ltYWdlLnJha3V0ZW4uY28uanAvcmUtdmlzaW9uL2NhYmluZXQvYmFubmVyL2JuX2dwX21haWxfbV8zMDB4MTI1LmpwZyIgYWx0PSLjg6Hjg6vjg57jgqznmbvpjLIiIHdpZHRoPSIzMDAiIGhlaWdodD0iMTI1IiBib3JkZXI9IjAiPjwvdGQ+CiAgPC90cj4KICAKICAgIDwvdGFibGU+Cjxicj4KCjxpbWcgc3JjPSJodHRwOi8vaW1hZ2UucmFrdXRlbi5jby5qcC9yZS12aXNpb24vY2FiaW5ldC9iYW5uZXIyL25ldy1pdGVtXzMwMHgxNTAuanBnIj48Y2VudGVyPjxicj4KCgo8IS0tLeWVhuWTgeODrOODk+ODpeODvOiHquWLleihqOekuuOBk+OBk+OBi+OCiS0tPgo8dGFibGUgd2lkdGg9IjYzMCIgYm9yZGVyPSIwIiBjZWxsc3BhY2luZz0iMSIgY2VsbHBhZGRpbmc9IjUiIGJnY29sb3I9IiNjNWM1YzQiPgogIDx0cj48dGQgYmdjb2xvcj0iI0ZGRkZGRiI+PC90ZD48L3RyPgogIDwvdGFibGU+CjwhLS0t5ZWG5ZOB44Os44OT44Ol44O86Ieq5YuV6KGo56S644GT44GT44G+44GnLS0+Cjxicj4KPGJyPgoKPGJyPgoKPCEtLW5ld2l0ZW3mtYHjgozjgovjg5Djg4rjg7zjgZPjgZPjgYvjgoktLT4KPHRhYmxlIHdpZHRoPSI2MzAiIGJvcmRlcj0iMCIgY2VsbHNwYWNpbmc9IjEiIGNlbGxwYWRkaW5nPSI1IiBiZ2NvbG9yPSIjYzVjNWM0Ij4KICAKICA8dHI+CiAgCiAgICA8dGQgYWxpZ249ImxlZnQiIGJnY29sb3I9IiMwMDAwMDAiIHN0eWxlPSJmb250LXNpemU6IDE0cHg7IGNvbG9yOiAjZmZmZmZmIj48c3Ryb25nPm5ld2l0ZW08L3N0cm9uZz48c3Ryb25nPjwvc3Ryb25nPjwvdGQ+CiAgPC90cj4KICA8dHI+PHRkIGJnY29sb3I9IiNGRkZGRkYiPjwvdGQ+PC90cj4KICA8L3RhYmxlPjxicj48aW1nIHNyYz0iaHR0cDovL2ltYWdlLnJha3V0ZW4uY28uanAvcmUtdmlzaW9uL2NhYmluZXQvYmFubmVyL3NhcGFjZXIuZ2lmIiBib3JkZXI9IjAiIGhlaWdodD0iNDAiIHdpZHRoPSI2MzAiPgo8IS0tbmV3aXRlbea1geOCjOOCi+ODkOODiuODvOOBk+OBk+OBvuOBpy0tPjxicj4KCgo8IS0t54m56ZuG44Op44Kk44Oz44OK44OD44OX44GT44GT44GL44KJLS0+Cjx0YWJsZSB3aWR0aD0iNjM1IiBib3JkZXI9IjAiIGNlbGxzcGFjaW5nPSIwIiBjZWxscGFkZGluZz0iMCI+PHRyPjx0ZD48L3RkPjwvdHI+PC90YWJsZT4KPCEtLeeJuembhuODqeOCpOODs+ODiuODg+ODl+OBk+OBk+OBvuOBpy0tPjxicj4KCgogICAgCgoKIAogICA8dHI+PHRkPjxpbWcgc3JjPSJodHRwOi8vaW1hZ2UucmFrdXRlbi5jby5qcC9yZS12aXNpb24vY2FiaW5ldC9iYW5uZXIvc2FwYWNlci5naWYiIHdpZHRoPSI2MzAiIGhlaWdodD0iMzAiPjwvdGQ+PC90cj4KICA8dHI+CiAgICA8dGQ+PHRhYmxlIHdpZHRoPSI2MzAiIGJvcmRlcj0iMCIgY2VsbHNwYWNpbmc9IjAiIGNlbGxwYWRkaW5nPSIwIj4KICAgICAgPHRyPgogICAgICAgIDx0ZD48aW1nIHNyYz0iaHR0cDovL2ltYWdlLnJha3V0ZW4uY28uanAvcmUtdmlzaW9uL2NhYmluZXQvcmFrdXRlbnRvcC90X2NoZWNrXzk1eDMwLmpwZyIgYm9yZGVyPSIwIj48L3RkPgogICAgICA8L3RyPgogICAgPC90YWJsZT4KICAgICAgPHRhYmxlIHdpZHRoPSI2MzAiIGJvcmRlcj0iMCIgY2VsbHNwYWNpbmc9IjAiIGNlbGxwYWRkaW5nPSIwIj4KICAKICA8dHI+CiAgICA8dGQgd2lkdGg9IjE5MCI+PGltZyBzcmM9Imh0dHBzOi8vaW1hZ2UucmFrdXRlbi5jby5qcC9yZS12aXNpb24vY2FiaW5ldC9ybS9iYW5uZXIvYm5fbmV3aXRlbTAxXzE5MHg2MC5qcGciIHdpZHRoPSIxOTAiIGhlaWdodD0iNjAiIGJvcmRlcj0iMCI+PC90ZD4KICAgIDx0ZCB3aWR0aD0iMzAiPjxpbWcgc3JjPSJodHRwOi8vaW1hZ2UucmFrdXRlbi5jby5qcC9yZS12aXNpb24vY2FiaW5ldC9iYW5uZXIvc2FwYWNlci5naWYiIHdpZHRoPSIzMCIgaGVpZ2h0PSI2MCI+PC90ZD4KICAgICA8dGQgd2lkdGg9IjE5MCI+PGltZyBzcmM9Imh0dHA6Ly9pbWFnZS5yYWt1dGVuLmNvLmpwL3JlLXZpc2lvbi9jYWJpbmV0L3JtL2Jhbm5lci9ibl9zaG9lLWNhcmVfMTkweDYwLmpwZyIgd2lkdGg9IjE5MCIgaGVpZ2h0PSI2MCIgYm9yZGVyPSIwIj48L3RkPgogICAgPHRkIHdpZHRoPSIzMCI+PGltZyBzcmM9Imh0dHA6Ly9pbWFnZS5yYWt1dGVuLmNvLmpwL3JlLXZpc2lvbi9jYWJpbmV0L2Jhbm5lci9zYXBhY2VyLmdpZiIgd2lkdGg9IjMwIiBoZWlnaHQ9IjYwIj48L3RkPgogICAgPHRkIHdpZHRoPSIxOTAiPjxpbWcgc3JjPSJodHRwOi8vaW1hZ2UucmFrdXRlbi5jby5qcC9yZS12aXNpb24vY2FiaW5ldC9ybS9iYW5uZXIvYm5fb3V0bGV0c2FsZV8xOTB4NjAuanBnIiB3aWR0aD0iMTkwIiBoZWlnaHQ9IjYwIiBib3JkZXI9IjAiPjwvdGQ+CiAgPC90cj4KCiAgCjwvdGFibGU+CgoKPC90ZD4KICA8L3RyPgogIDx0cj4KICAgIDx0ZD48aW1nIHNyYz0iaHR0cDovL2ltYWdlLnJha3V0ZW4uY28uanAvcmUtdmlzaW9uL2NhYmluZXQvYmFubmVyL3NhcGFjZXIuZ2lmIiB3aWR0aD0iNjMwIiBoZWlnaHQ9IjMwIj48L3RkPgogIDwvdHI+CjwvdGFibGU+Cgo8dGFibGUgd2lkdGg9IjYzMCIgYm9yZGVyPSIwIiBjZWxsc3BhY2luZz0iMCIgY2VsbHBhZGRpbmc9IjAiPgogIDx0cj4KICAgIDx0ZD48aW1nIHNyYz0iaHR0cDovL2ltYWdlLnJha3V0ZW4uY28uanAvcmUtdmlzaW9uL2NhYmluZXQvcm0vYmFubmVyL2JuX2xpc3QwMV82MzB4MTIwLmpwZyIgd2lkdGg9IjYzMCIgaGVpZ2h0PSIxMjAiIGJvcmRlcj0iMCIgLz48L3RkPgogIDwvdHI+CjwvdGFibGU+PGJyPgo8YnI+Cgo8L2NlbnRlcj4=,YnJ1ZXLvvIjjg5bjg6vjg7zjgqLjg7zvvIkvIOOCs+ODvOODq+ODieODluODq+ODvOOCouODvCDjgJDmsLTlh7rjgZfjgrPjg7zjg5Ljg7zlmajlhbcg5rC05Ye644GX44Ki44Kk44K544Kz44O844OS44O8IOOCs+ODvOODq+ODieODluODquODpeODvOOCs+ODvOODkuODvCDjgrnjg63jg7zjg4njg6rjg4Pjg5fjgrPjg7zjg5Ljg7wg44OJ44Oq44OD44OR44O844CA44Ku44OV44OIIOODluODq+ODvOODr+ODvCDjgqbjgqnjg7zjgr/jg7zjg4njg6rjg4Pjg5fjgrPjg7zjg5Ljg7zjgrXjg7zjg5Djg7wg44OA44OD44OB44Kz44O844OS44O8IOePiOeQsuOAke+8muODquOCs+OCs+ODgSDjgqLjg7Pjg4kg44Oe44O844Kx44OD44OI,44OV44Kj44OD44OI44OV44Ot44OD44OXZml0ZmxvcOODmOODq+OCt+ODvOODkOODg+OCr+ODkOODg+OCsOODq+ODvOODoOOCt+ODpeODvOOCuuOAgOOBguOBo+OBn+OBi+OCuOODo+OCpOODl+ODvOODq+OCouODmeODi+ODpeODvOODmeODg+ODieODq+ODvOODoOOCouOCueODrOODgeOCr+OCueOCr+ODreODs+ODhuOCo+ODg+ODl+ODquOCs+OCs+ODgeOCouODoeODquODkOODg+OCsEhFQUxUSFkgQkFDSyBCQUdiZWRyb29tIGF0aGxldGljc+OCteODs+ODgOODq+OCs+ODs+ODleOCqeODvOODiOOCt+ODpeODvOOCuuODgOODs+OCueOCs+eWsuOCjOOBquOBhCDjgrXjg7Pjg4Djg6vjgrXjg5zjgrPjg7Pjg5bjg4Hjg6Pjg5Pjg7zjg7Pjg4jjgqXjg7zjg5Djg7zntIXojLbjgY3jga7jgZPjgrnjg4bjgqPjg7zjg5bjg7Pjgrnjg5/jgrlicnVlcu+8iOODluODq+ODvOOCouODvO+8iS8g44Kz44O844Or44OJ44OW44Or44O844Ki44O8IOOAkOawtOWHuuOBl+OCs+ODvOODkuODvOWZqOWFtyDmsLTlh7rjgZfjgqLjgqTjgrnjgrPjg7zjg5Ljg7wg44Kz44O844Or44OJ44OW44Oq44Ol44O844Kz44O844OS44O8IOOCueODreODvOODieODquODg+ODl+OCs+ODvOODkuODvCDjg4njg6rjg4Pjg5Hjg7zjgIDjgq7jg5Xjg4gg44OW44Or44O844Ov44O8IOOCpuOCqeODvOOCv+ODvOODieODquODg+ODl+OCs+ODvOODkuODvOOCteODvOODkOODvCDjg4Djg4Pjg4HjgrPjg7zjg5Ljg7wg54+I55Cy44CR,5Zar6Iy25bqX44Gu5ZGz44CC44K544Ot44O844OJ44Oq44OD44OX5byP44Gu5rC05Ye644GX44Kz44O844OS44O85bCC55So44OJ44Oq44OD44OR44O844CCYnJ1ZXLvvIjjg5bjg6vjg7zjgqLjg7zvvIkvIOOCs+ODvOODq+ODieODluODq+ODvOOCouODvCDjgJDmsLTlh7rjgZfjgrPjg7zjg5Ljg7zlmajlhbcg5rC05Ye644GX44Ki44Kk44K544Kz44O844OS44O8IOOCs+ODvOODq+ODieODluODquODpeODvOOCs+ODvOODkuODvCDjgrnjg63jg7zjg4njg6rjg4Pjg5fjgrPjg7zjg5Ljg7wg44OJ44Oq44OD44OR44O844CA44Ku44OV44OIIOODluODq+ODvOODr+ODvCDjgqbjgqnjg7zjgr/jg7zjg4njg6rjg4Pjg5fjgrPjg7zjg5Ljg7zjgrXjg7zjg5Djg7wg44OA44OD44OB44Kz44O844OS44O8IOePiOeQsuOAkQ==[rn]
9-88344,aHR0cDovL3RzaG9wLnIxMHMuanAvYWtpYmFvby1yL2NhYmluZXQvbGJsX25vaW1hZ2UuZ2lmP2ZpdGluPTcwMDo3MDA=,NzQuNDAwMA==,,44Kt44OD44OB44Oz55So5ZOB44O76aOf5Zmo44O76Kq/55CG5Zmo5YW3ID4g44Gd44Gu5LuW,44CQ44K144O844Oi44K544CRRkRLIOOCtOODoOODkOODjQ==,57SN5pyfOuWPluWvhOWTgSDlh7rojbc657SEMy015pel,PGRpcj48L2Rpcj48dGFibGUgd2lkdGg9IjgwMCIgYm9yZGVyPSIwIiBjZWxsc3BhY2luZz0iMCIgY2VsbHBhZGRpbmc9IjAiPgoKPHRyPjx0ZD48YnI+PGltZyBzcmM9Imh0dHA6Ly9pbWFnZS5yYWt1dGVuLmNvLmpwL2FraWJhb28tci9jYWJpbmV0L3Nob3BpbWcvaG9uYnVuaW5mby9tYWlsYmluX25vXzIwMTYwOTA5LmpwZyIgYWx0PSLjg6Hjg7zjg6vkvr/lr77osaHlpJYiIC8+PC90ZD48L3RyPgoKPHRyPjx0ZD48aW1nIHNyYz0iaHR0cDovL2ltYWdlLnJha3V0ZW4uY28uanAvYWtpYmFvby1yL2NhYmluZXQvc2hvcGltZy9ob25idW5pbmZvL2ltZ3JjMDA2NTk2NzgxNi5qcGciIGFsdD0i5Y+W5a+E5ZOB5rOo5oSPIiAvPjwvdGQ+PC90cj4KCjwvdGFibGU+Cgo8c3R5bGUgdHlwZT0idGV4dC9jc3MiPgpzcGFuLml0ZW1fZGVzYyBUQUJMRSB7CkJPUkRFUi1DT0xMQVBTRTogY29sbGFwc2U7CmJvcmRlci1zcGFjaW5nOiAwcHg7CmZvbnQtc2l6ZTogMTAwJTsKZW1wdHktY2VsbHM6IHNob3c7Cn0KCnNwYW4uaXRlbV9kZXNjIHRhYmxlLCBzcGFuLml0ZW1fZGVzYyB0aCwgc3Bhbi5pdGVtX2Rlc2MgdGQsIHNwYW4uaXRlbV9kZXNjIHRyIHsKYm9yZGVyLWNvbG9yOiAjZmYzM2ZmOwp9CgpzcGFuLml0ZW1fZGVzYyB0YWJsZSB0aCB7CmJhY2tncm91bmQtY29sb3I6ICNmZkNDZmY7Cn0KCnNwYW4udW5pdCB7CiBiYWNrZ3JvdW5kOiB1cmwoImh0dHA6Ly9pbWFnZS5yYWt1dGVuLmNvLmpwL2FraWJhb28tci9jYWJpbmV0L3Nob3BpbWcvaG9uYnVuaW5mby90b3JpeW9zZV8yMDE3XzAxLmpwZyIpIG5vLXJlcGVhdCBsZWZ0IHRvcDsKIHRleHQtaW5kZW50Oi05OTk5OwogZGlzcGxheTogYmxvY2s7CiB3aWR0aDogNTgwcHg7CiBoZWlnaHQ6IDM1MHB4OwogbWFyZ2luOjE1cHggMDsgfQoKPC9zdHlsZT4=,44CQ44K144O844Oi44K544CRRkRLIOOCtOODoOODkOODje+8muOBguOBjeOBsOOBiu+9nualveWkqeW4guWgtOaUr+W6lw==,44Oh44Oi44Oq44O844OW44Or44O844Os44KkRFZE44OG44Os44OT44Os44Kz44O844OA44O85a6J5ZCM5Lq644Kq44K/44Kv44Ki44Kt44OQ44OV44Kj44Ku44Ol44Ki44K544Oe44O844OI44OV44Kp44OzaVBob25l6Zu75rGg5YWF6Zu744GK44KC44Gh44KD56m65rCX5riF5rWE5qmf5a626Zu744Kq44O844OH44Kj44Kq44Kr44O86ZuR6LKo44CQ44K144O844Oi44K544CRRkRLIOOCtOODoOODkOODjQ==,57SN5pyfOuWPluWvhOWTgSDlh7rojbc657SEMy015pel44CC44CQ44K144O844Oi44K544CRRkRLIOOCtOODoOODkOODjQ==[rn]
9-88345,aHR0cDovL3RzaG9wLnIxMHMuanAvYWtpYmFvby1yL2NhYmluZXQvZ2k1NTQvNDU4MDI0NDY4MjYyMS5qcGc/Zml0aW49NzAwOjcwMA==,MTQxLjYwMDA=,,44Kt44OD44OB44Oz55So5ZOB44O76aOf5Zmo44O76Kq/55CG5Zmo5YW3ID4g44Gd44Gu5LuW,44CQ44K144O844Oi44K544CRSk1LLTM1MCDjg5Hjg4Pjgq3jg7Pjgrvjg4Pjg4g=,57SN5pyfOuWPluWvhOWTgSDlh7rojbc657SEMy015pel,4peP55yf56m65pat54ax44Kx44O844K/44Kk44Oe44KwIEpNSy0zNTDjg5Hjg4Pjgq3jg7Pjgrvjg4Pjg4g8YnI+4oC75a++5b+c5qmf56iu4oC7Sk1LLTM1MOOAgUpNSy0zNTBB44CBSk1LLTM1MELjgIFKTUstMzUwRFPjgIFKTUstMzUwTeOAgUpNSy0zNTHjgIFKTUstMzUxQuOAgUpNSy0zNTFEU+OAgUpNSy01MDDjgIFKTUstNTAwQeOAgUpNSy01MDBN44CBSk1LLTUwMTx0YWJsZSB3aWR0aD0iODAwIiBib3JkZXI9IjAiIGNlbGxzcGFjaW5nPSIwIiBjZWxscGFkZGluZz0iMCI+Cgo8dHI+PHRkPjxicj48aW1nIHNyYz0iaHR0cDovL2ltYWdlLnJha3V0ZW4uY28uanAvYWtpYmFvby1yL2NhYmluZXQvc2hvcGltZy9ob25idW5pbmZvL21haWxiaW5fbm9fMjAxNjA5MDkuanBnIiBhbHQ9IuODoeODvOODq+S+v+WvvuixoeWkliIgLz48L3RkPjwvdHI+Cgo8dHI+PHRkPjxpbWcgc3JjPSJodHRwOi8vaW1hZ2UucmFrdXRlbi5jby5qcC9ha2liYW9vLXIvY2FiaW5ldC9zaG9waW1nL2hvbmJ1bmluZm8vaW1ncmMwMDY1OTY3ODE2LmpwZyIgYWx0PSLlj5blr4Tlk4Hms6jmhI8iIC8+PC90ZD48L3RyPgoKPC90YWJsZT4KCjxzdHlsZSB0eXBlPSJ0ZXh0L2NzcyI+CnNwYW4uaXRlbV9kZXNjIFRBQkxFIHsKQk9SREVSLUNPTExBUFNFOiBjb2xsYXBzZTsKYm9yZGVyLXNwYWNpbmc6IDBweDsKZm9udC1zaXplOiAxMDAlOwplbXB0eS1jZWxsczogc2hvdzsKfQoKc3Bhbi5pdGVtX2Rlc2MgdGFibGUsIHNwYW4uaXRlbV9kZXNjIHRoLCBzcGFuLml0ZW1fZGVzYyB0ZCwgc3Bhbi5pdGVtX2Rlc2MgdHIgewpib3JkZXItY29sb3I6ICNmZjMzZmY7Cn0KCnNwYW4uaXRlbV9kZXNjIHRhYmxlIHRoIHsKYmFja2dyb3VuZC1jb2xvcjogI2ZmQ0NmZjsKfQoKc3Bhbi51bml0IHsKIGJhY2tncm91bmQ6IHVybCgiaHR0cDovL2ltYWdlLnJha3V0ZW4uY28uanAvYWtpYmFvby1yL2NhYmluZXQvc2hvcGltZy9ob25idW5pbmZvL3Rvcml5b3NlXzIwMTdfMDEuanBnIikgbm8tcmVwZWF0IGxlZnQgdG9wOwogdGV4dC1pbmRlbnQ6LTk5OTk7CiBkaXNwbGF5OiBibG9jazsKIHdpZHRoOiA1ODBweDsKIGhlaWdodDogMzUwcHg7CiBtYXJnaW46MTVweCAwOyB9Cgo8L3N0eWxlPg==,44CQ44K144O844Oi44K544CRSk1LLTM1MCDjg5Hjg4Pjgq3jg7Pjgrvjg4Pjg4jvvJrjgYLjgY3jgbDjgYrvvZ7mpb3lpKnluILloLTmlK/lupc=,44Oh44Oi44Oq44O844OW44Or44O844Os44KkRFZE44OG44Os44OT44Os44Kz44O844OA44O85a6J5ZCM5Lq644Kq44K/44Kv44Ki44Kt44OQ44OV44Kj44Ku44Ol44Ki44K544Oe44O844OI44OV44Kp44OzaVBob25l6Zu75rGg5YWF6Zu744GK44KC44Gh44KD56m65rCX5riF5rWE5qmf5a626Zu744Kq44O844OH44Kj44Kq44Kr44O86ZuR6LKo44CQ44K144O844Oi44K544CRSk1LLTM1MCDjg5Hjg4Pjgq3jg7Pjgrvjg4Pjg4g=,57SN5pyfOuWPluWvhOWTgSDlh7rojbc657SEMy015pel44CC44CQ44K144O844Oi44K544CRSk1LLTM1MCDjg5Hjg4Pjgq3jg7Pjgrvjg4Pjg4g=[rn]
9-88346,aHR0cDovL3RzaG9wLnIxMHMuanAvYWtpYmFvby1yL2NhYmluZXQvZ2k1NTQvNDU4MDI0NDY4OTgzNS5qcGc/Zml0aW49NzAwOjcwMA==,MTYwLjAwMDA=,,44Kt44OD44OB44Oz55So5ZOB44O76aOf5Zmo44O76Kq/55CG5Zmo5YW3ID4g44Gd44Gu5LuW,44CQ44K144O844Oi44K544CRRkZS5Lit5qCT44OR44OD44Kt44Oz44K744OD44OI,57SN5pyfOuWPluWvhOWTgSDlh7rojbc657SEMy015pel,55yf56m65pat54axMuOCpuOCp+OCpOODnOODiOODq+OBruS4reOBm+OCk+ODkeODg+OCreODs+OCu+ODg+ODiOOBp+OBmeOAgjxicj7il4/lr77lv5zmqZ/nqK46RkZSLTgwMFdG44CBRkZHLTYwMFdG44CBRkZSLTgwMVdG44CBRkZSLTYwMVdG44CBRkZHLTYwMFdGQuOAgUZGRy02MDBXRkRT44CBRkZHLTYwMVdG44CBRkZSLTgwM1dG44CBRkZSLTgwNFdG44CBRkZSLTEwMDRXRjx0YWJsZSB3aWR0aD0iODAwIiBib3JkZXI9IjAiIGNlbGxzcGFjaW5nPSIwIiBjZWxscGFkZGluZz0iMCI+Cgo8dHI+PHRkPjxicj48aW1nIHNyYz0iaHR0cDovL2ltYWdlLnJha3V0ZW4uY28uanAvYWtpYmFvby1yL2NhYmluZXQvc2hvcGltZy9ob25idW5pbmZvL21haWxiaW5fbm9fMjAxNjA5MDkuanBnIiBhbHQ9IuODoeODvOODq+S+v+WvvuixoeWkliIgLz48L3RkPjwvdHI+Cgo8dHI+PHRkPjxpbWcgc3JjPSJodHRwOi8vaW1hZ2UucmFrdXRlbi5jby5qcC9ha2liYW9vLXIvY2FiaW5ldC9zaG9waW1nL2hvbmJ1bmluZm8vaW1ncmMwMDY1OTY3ODE2LmpwZyIgYWx0PSLlj5blr4Tlk4Hms6jmhI8iIC8+PC90ZD48L3RyPgoKPC90YWJsZT4KCjxzdHlsZSB0eXBlPSJ0ZXh0L2NzcyI+CnNwYW4uaXRlbV9kZXNjIFRBQkxFIHsKQk9SREVSLUNPTExBUFNFOiBjb2xsYXBzZTsKYm9yZGVyLXNwYWNpbmc6IDBweDsKZm9udC1zaXplOiAxMDAlOwplbXB0eS1jZWxsczogc2hvdzsKfQoKc3Bhbi5pdGVtX2Rlc2MgdGFibGUsIHNwYW4uaXRlbV9kZXNjIHRoLCBzcGFuLml0ZW1fZGVzYyB0ZCwgc3Bhbi5pdGVtX2Rlc2MgdHIgewpib3JkZXItY29sb3I6ICNmZjMzZmY7Cn0KCnNwYW4uaXRlbV9kZXNjIHRhYmxlIHRoIHsKYmFja2dyb3VuZC1jb2xvcjogI2ZmQ0NmZjsKfQoKc3Bhbi51bml0IHsKIGJhY2tncm91bmQ6IHVybCgiaHR0cDovL2ltYWdlLnJha3V0ZW4uY28uanAvYWtpYmFvby1yL2NhYmluZXQvc2hvcGltZy9ob25idW5pbmZvL3Rvcml5b3NlXzIwMTdfMDEuanBnIikgbm8tcmVwZWF0IGxlZnQgdG9wOwogdGV4dC1pbmRlbnQ6LTk5OTk7CiBkaXNwbGF5OiBibG9jazsKIHdpZHRoOiA1ODBweDsKIGhlaWdodDogMzUwcHg7CiBtYXJnaW46MTVweCAwOyB9Cgo8L3N0eWxlPg==,44CQ44K144O844Oi44K544CRRkZS5Lit5qCT44OR44OD44Kt44Oz44K744OD44OI77ya44GC44GN44Gw44GK772e5qW95aSp5biC5aC05pSv5bqX,44Oh44Oi44Oq44O844OW44Or44O844Os44KkRFZE44OG44Os44OT44Os44Kz44O844OA44O85a6J5ZCM5Lq644Kq44K/44Kv44Ki44Kt44OQ44OV44Kj44Ku44Ol44Ki44K544Oe44O844OI44OV44Kp44OzaVBob25l6Zu75rGg5YWF6Zu744GK44KC44Gh44KD56m65rCX5riF5rWE5qmf5a626Zu744Kq44O844OH44Kj44Kq44Kr44O86ZuR6LKo44CQ44K144O844Oi44K544CRRkZS5Lit5qCT44OR44OD44Kt44Oz44K744OD44OI,57SN5pyfOuWPluWvhOWTgSDlh7rojbc657SEMy015pel44CC44CQ44K144O844Oi44K544CRRkZS5Lit5qCT44OR44OD44Kt44Oz44K744OD44OI[rn]
9-88347,aHR0cDovL3RzaG9wLnIxMHMuanAvYWtpYmFvby1yL2NhYmluZXQvZ2k1NTQvNDU4MDI0NDY4NjY1MC5qcGc/Zml0aW49NzAwOjcwMA==,NTYwLjAwMDA=,,44Kt44OD44OB44Oz55So5ZOB44O76aOf5Zmo44O76Kq/55CG5Zmo5YW3ID4g44Gd44Gu5LuW,44CQ44K144O844Oi44K544CRRkZGLTUwMO+9pTgwMO+9pTEwMDDnlKgg44Kt44Oj44OD44OX44Om44OL44OD44OIIOODluODqeODg+OCrw==,57SN5pyfOuWPluWvhOWTgSDlh7rojbc657SEMy015pel,PGRpcj48L2Rpcj48dGFibGUgd2lkdGg9IjgwMCIgYm9yZGVyPSIwIiBjZWxsc3BhY2luZz0iMCIgY2VsbHBhZGRpbmc9IjAiPgoKPHRyPjx0ZD48YnI+PGltZyBzcmM9Imh0dHA6Ly9pbWFnZS5yYWt1dGVuLmNvLmpwL2FraWJhb28tci9jYWJpbmV0L3Nob3BpbWcvaG9uYnVuaW5mby9tYWlsYmluX25vXzIwMTYwOTA5LmpwZyIgYWx0PSLjg6Hjg7zjg6vkvr/lr77osaHlpJYiIC8+PC90ZD48L3RyPgoKPHRyPjx0ZD48aW1nIHNyYz0iaHR0cDovL2ltYWdlLnJha3V0ZW4uY28uanAvYWtpYmFvby1yL2NhYmluZXQvc2hvcGltZy9ob25idW5pbmZvL2ltZ3JjMDA2NTk2NzgxNi5qcGciIGFsdD0i5Y+W5a+E5ZOB5rOo5oSPIiAvPjwvdGQ+PC90cj4KCjwvdGFibGU+Cgo8c3R5bGUgdHlwZT0idGV4dC9jc3MiPgpzcGFuLml0ZW1fZGVzYyBUQUJMRSB7CkJPUkRFUi1DT0xMQVBTRTogY29sbGFwc2U7CmJvcmRlci1zcGFjaW5nOiAwcHg7CmZvbnQtc2l6ZTogMTAwJTsKZW1wdHktY2VsbHM6IHNob3c7Cn0KCnNwYW4uaXRlbV9kZXNjIHRhYmxlLCBzcGFuLml0ZW1fZGVzYyB0aCwgc3Bhbi5pdGVtX2Rlc2MgdGQsIHNwYW4uaXRlbV9kZXNjIHRyIHsKYm9yZGVyLWNvbG9yOiAjZmYzM2ZmOwp9CgpzcGFuLml0ZW1fZGVzYyB0YWJsZSB0aCB7CmJhY2tncm91bmQtY29sb3I6ICNmZkNDZmY7Cn0KCnNwYW4udW5pdCB7CiBiYWNrZ3JvdW5kOiB1cmwoImh0dHA6Ly9pbWFnZS5yYWt1dGVuLmNvLmpwL2FraWJhb28tci9jYWJpbmV0L3Nob3BpbWcvaG9uYnVuaW5mby90b3JpeW9zZV8yMDE3XzAxLmpwZyIpIG5vLXJlcGVhdCBsZWZ0IHRvcDsKIHRleHQtaW5kZW50Oi05OTk5OwogZGlzcGxheTogYmxvY2s7CiB3aWR0aDogNTgwcHg7CiBoZWlnaHQ6IDM1MHB4OwogbWFyZ2luOjE1cHggMDsgfQoKPC9zdHlsZT4=,44CQ44K144O844Oi44K544CRRkZGLTUwMO+9pTgwMO+9pTEwMDDnlKgg44Kt44Oj44OD44OX44Om44OL44OD44OIIOODluODqeODg+OCr++8muOBguOBjeOBsOOBiu+9nualveWkqeW4guWgtOaUr+W6lw==,44Oh44Oi44Oq44O844OW44Or44O844Os44KkRFZE44OG44Os44OT44Os44Kz44O844OA44O85a6J5ZCM5Lq644Kq44K/44Kv44Ki44Kt44OQ44OV44Kj44Ku44Ol44Ki44K544Oe44O844OI44OV44Kp44OzaVBob25l6Zu75rGg5YWF6Zu744GK44KC44Gh44KD56m65rCX5riF5rWE5qmf5a626Zu744Kq44O844OH44Kj44Kq44Kr44O86ZuR6LKo44CQ44K144O844Oi44K544CRRkZGLTUwMO+9pTgwMO+9pTEwMDDnlKgg44Kt44Oj44OD44OX44Om44OL44OD44OIIOODluODqeODg+OCrw==,57SN5pyfOuWPluWvhOWTgSDlh7rojbc657SEMy015pel44CC44CQ44K144O844Oi44K544CRRkZGLTUwMO+9pTgwMO+9pTEwMDDnlKgg44Kt44Oj44OD44OX44Om44OL44OD44OIIOODluODqeODg+OCrw==[rn]
9-88348,aHR0cDovL3RzaG9wLnIxMHMuanAvYWtpYmFvby1yL2NhYmluZXQvbGJsX25vaW1hZ2UuZ2lmP2ZpdGluPTcwMDo3MDA=,NDYwLjAwMDA=,,44Kt44OD44OB44Oz55So5ZOB44O76aOf5Zmo44O76Kq/55CG5Zmo5YW3ID4g44Gd44Gu5LuW,44CQ44K144O844Oi44K544CRRkVPLTEwMDBG772lMTUwMEbnlKgg44Kt44Oj44OD44OX44Om44OL44OD44OIQks=,57SN5pyfOuWPluWvhOWTgSDlh7rojbc657SEMy015pel,PGRpcj48L2Rpcj48dGFibGUgd2lkdGg9IjgwMCIgYm9yZGVyPSIwIiBjZWxsc3BhY2luZz0iMCIgY2VsbHBhZGRpbmc9IjAiPgoKPHRyPjx0ZD48YnI+PGltZyBzcmM9Imh0dHA6Ly9pbWFnZS5yYWt1dGVuLmNvLmpwL2FraWJhb28tci9jYWJpbmV0L3Nob3BpbWcvaG9uYnVuaW5mby9tYWlsYmluX25vXzIwMTYwOTA5LmpwZyIgYWx0PSLjg6Hjg7zjg6vkvr/lr77osaHlpJYiIC8+PC90ZD48L3RyPgoKPHRyPjx0ZD48aW1nIHNyYz0iaHR0cDovL2ltYWdlLnJha3V0ZW4uY28uanAvYWtpYmFvby1yL2NhYmluZXQvc2hvcGltZy9ob25idW5pbmZvL2ltZ3JjMDA2NTk2NzgxNi5qcGciIGFsdD0i5Y+W5a+E5ZOB5rOo5oSPIiAvPjwvdGQ+PC90cj4KCjwvdGFibGU+Cgo8c3R5bGUgdHlwZT0idGV4dC9jc3MiPgpzcGFuLml0ZW1fZGVzYyBUQUJMRSB7CkJPUkRFUi1DT0xMQVBTRTogY29sbGFwc2U7CmJvcmRlci1zcGFjaW5nOiAwcHg7CmZvbnQtc2l6ZTogMTAwJTsKZW1wdHktY2VsbHM6IHNob3c7Cn0KCnNwYW4uaXRlbV9kZXNjIHRhYmxlLCBzcGFuLml0ZW1fZGVzYyB0aCwgc3Bhbi5pdGVtX2Rlc2MgdGQsIHNwYW4uaXRlbV9kZXNjIHRyIHsKYm9yZGVyLWNvbG9yOiAjZmYzM2ZmOwp9CgpzcGFuLml0ZW1fZGVzYyB0YWJsZSB0aCB7CmJhY2tncm91bmQtY29sb3I6ICNmZkNDZmY7Cn0KCnNwYW4udW5pdCB7CiBiYWNrZ3JvdW5kOiB1cmwoImh0dHA6Ly9pbWFnZS5yYWt1dGVuLmNvLmpwL2FraWJhb28tci9jYWJpbmV0L3Nob3BpbWcvaG9uYnVuaW5mby90b3JpeW9zZV8yMDE3XzAxLmpwZyIpIG5vLXJlcGVhdCBsZWZ0IHRvcDsKIHRleHQtaW5kZW50Oi05OTk5OwogZGlzcGxheTogYmxvY2s7CiB3aWR0aDogNTgwcHg7CiBoZWlnaHQ6IDM1MHB4OwogbWFyZ2luOjE1cHggMDsgfQoKPC9zdHlsZT4=,44CQ44K144O844Oi44K544CRRkVPLTEwMDBG772lMTUwMEbnlKgg44Kt44Oj44OD44OX44Om44OL44OD44OIQkvvvJrjgYLjgY3jgbDjgYrvvZ7mpb3lpKnluILloLTmlK/lupc=,44Oh44Oi44Oq44O844OW44Or44O844Os44KkRFZE44OG44Os44OT44Os44Kz44O844OA44O85a6J5ZCM5Lq644Kq44K/44Kv44Ki44Kt44OQ44OV44Kj44Ku44Ol44Ki44K544Oe44O844OI44OV44Kp44OzaVBob25l6Zu75rGg5YWF6Zu744GK44KC44Gh44KD56m65rCX5riF5rWE5qmf5a626Zu744Kq44O844OH44Kj44Kq44Kr44O86ZuR6LKo44CQ44K144O844Oi44K544CRRkVPLTEwMDBG772lMTUwMEbnlKgg44Kt44Oj44OD44OX44Om44OL44OD44OIQks=,57SN5pyfOuWPluWvhOWTgSDlh7rojbc657SEMy015pel44CC44CQ44K144O844Oi44K544CRRkVPLTEwMDBG772lMTUwMEbnlKgg44Kt44Oj44OD44OX44Om44OL44OD44OIQks=[rn]
9-88349,aHR0cDovL3RzaG9wLnIxMHMuanAvYWtpYmFvby1yL2NhYmluZXQvbGJsX25vaW1hZ2UuZ2lmP2ZpdGluPTcwMDo3MDA=,NDYwLjAwMDA=,,44Kt44OD44OB44Oz55So5ZOB44O76aOf5Zmo44O76Kq/55CG5Zmo5YW3ID4g44Gd44Gu5LuW,44CQ44K144O844Oi44K544CR44Kt44Oj44OD44OX44Om44OL44OD44OIIOOCt+ODq+ODkOODvCBGRFEtNTAxRg==,57SN5pyfOuWPluWvhOWTgSDlh7rojbc657SEMy015pel,PGRpcj48L2Rpcj48dGFibGUgd2lkdGg9IjgwMCIgYm9yZGVyPSIwIiBjZWxsc3BhY2luZz0iMCIgY2VsbHBhZGRpbmc9IjAiPgoKPHRyPjx0ZD48YnI+PGltZyBzcmM9Imh0dHA6Ly9pbWFnZS5yYWt1dGVuLmNvLmpwL2FraWJhb28tci9jYWJpbmV0L3Nob3BpbWcvaG9uYnVuaW5mby9tYWlsYmluX25vXzIwMTYwOTA5LmpwZyIgYWx0PSLjg6Hjg7zjg6vkvr/lr77osaHlpJYiIC8+PC90ZD48L3RyPgoKPHRyPjx0ZD48aW1nIHNyYz0iaHR0cDovL2ltYWdlLnJha3V0ZW4uY28uanAvYWtpYmFvby1yL2NhYmluZXQvc2hvcGltZy9ob25idW5pbmZvL2ltZ3JjMDA2NTk2NzgxNi5qcGciIGFsdD0i5Y+W5a+E5ZOB5rOo5oSPIiAvPjwvdGQ+PC90cj4KCjwvdGFibGU+Cgo8c3R5bGUgdHlwZT0idGV4dC9jc3MiPgpzcGFuLml0ZW1fZGVzYyBUQUJMRSB7CkJPUkRFUi1DT0xMQVBTRTogY29sbGFwc2U7CmJvcmRlci1zcGFjaW5nOiAwcHg7CmZvbnQtc2l6ZTogMTAwJTsKZW1wdHktY2VsbHM6IHNob3c7Cn0KCnNwYW4uaXRlbV9kZXNjIHRhYmxlLCBzcGFuLml0ZW1fZGVzYyB0aCwgc3Bhbi5pdGVtX2Rlc2MgdGQsIHNwYW4uaXRlbV9kZXNjIHRyIHsKYm9yZGVyLWNvbG9yOiAjZmYzM2ZmOwp9CgpzcGFuLml0ZW1fZGVzYyB0YWJsZSB0aCB7CmJhY2tncm91bmQtY29sb3I6ICNmZkNDZmY7Cn0KCnNwYW4udW5pdCB7CiBiYWNrZ3JvdW5kOiB1cmwoImh0dHA6Ly9pbWFnZS5yYWt1dGVuLmNvLmpwL2FraWJhb28tci9jYWJpbmV0L3Nob3BpbWcvaG9uYnVuaW5mby90b3JpeW9zZV8yMDE3XzAxLmpwZyIpIG5vLXJlcGVhdCBsZWZ0IHRvcDsKIHRleHQtaW5kZW50Oi05OTk5OwogZGlzcGxheTogYmxvY2s7CiB3aWR0aDogNTgwcHg7CiBoZWlnaHQ6IDM1MHB4OwogbWFyZ2luOjE1cHggMDsgfQoKPC9zdHlsZT4=,44CQ44K144O844Oi44K544CR44Kt44Oj44OD44OX44Om44OL44OD44OIIOOCt+ODq+ODkOODvCBGRFEtNTAxRu+8muOBguOBjeOBsOOBiu+9nualveWkqeW4guWgtOaUr+W6lw==,44Oh44Oi44Oq44O844OW44Or44O844Os44KkRFZE44OG44Os44OT44Os44Kz44O844OA44O85a6J5ZCM5Lq644Kq44K/44Kv44Ki44Kt44OQ44OV44Kj44Ku44Ol44Ki44K544Oe44O844OI44OV44Kp44OzaVBob25l6Zu75rGg5YWF6Zu744GK44KC44Gh44KD56m65rCX5riF5rWE5qmf5a626Zu744Kq44O844OH44Kj44Kq44Kr44O86ZuR6LKo44CQ44K144O844Oi44K544CR44Kt44Oj44OD44OX44Om44OL44OD44OIIOOCt+ODq+ODkOODvCBGRFEtNTAxRg==,57SN5pyfOuWPluWvhOWTgSDlh7rojbc657SEMy015pel44CC44CQ44K144O844Oi44K544CR44Kt44Oj44OD44OX44Om44OL44OD44OIIOOCt+ODq+ODkOODvCBGRFEtNTAxRg==[rn]
9-88350,aHR0cDovL3RzaG9wLnIxMHMuanAvYWtpYmFvby1yL2NhYmluZXQvbGJsX25vaW1hZ2UuZ2lmP2ZpdGluPTcwMDo3MDA=,NzQuNDAwMA==,,44Kt44OD44OB44Oz55So5ZOB44O76aOf5Zmo44O76Kq/55CG5Zmo5YW3ID4g44Gd44Gu5LuW,44CQ44K144O844Oi44K544CRSk1LLTM1MCDjg5Xjgr/jg5Hjg4Pjgq3jg7M=,57SN5pyfOuWPluWvhOWTgSDlh7rojbc657SEMy015pel,PGRpcj48L2Rpcj48dGFibGUgd2lkdGg9IjgwMCIgYm9yZGVyPSIwIiBjZWxsc3BhY2luZz0iMCIgY2VsbHBhZGRpbmc9IjAiPgoKPHRyPjx0ZD48YnI+PGltZyBzcmM9Imh0dHA6Ly9pbWFnZS5yYWt1dGVuLmNvLmpwL2FraWJhb28tci9jYWJpbmV0L3Nob3BpbWcvaG9uYnVuaW5mby9tYWlsYmluX25vXzIwMTYwOTA5LmpwZyIgYWx0PSLjg6Hjg7zjg6vkvr/lr77osaHlpJYiIC8+PC90ZD48L3RyPgoKPHRyPjx0ZD48aW1nIHNyYz0iaHR0cDovL2ltYWdlLnJha3V0ZW4uY28uanAvYWtpYmFvby1yL2NhYmluZXQvc2hvcGltZy9ob25idW5pbmZvL2ltZ3JjMDA2NTk2NzgxNi5qcGciIGFsdD0i5Y+W5a+E5ZOB5rOo5oSPIiAvPjwvdGQ+PC90cj4KCjwvdGFibGU+Cgo8c3R5bGUgdHlwZT0idGV4dC9jc3MiPgpzcGFuLml0ZW1fZGVzYyBUQUJMRSB7CkJPUkRFUi1DT0xMQVBTRTogY29sbGFwc2U7CmJvcmRlci1zcGFjaW5nOiAwcHg7CmZvbnQtc2l6ZTogMTAwJTsKZW1wdHktY2VsbHM6IHNob3c7Cn0KCnNwYW4uaXRlbV9kZXNjIHRhYmxlLCBzcGFuLml0ZW1fZGVzYyB0aCwgc3Bhbi5pdGVtX2Rlc2MgdGQsIHNwYW4uaXRlbV9kZXNjIHRyIHsKYm9yZGVyLWNvbG9yOiAjZmYzM2ZmOwp9CgpzcGFuLml0ZW1fZGVzYyB0YWJsZSB0aCB7CmJhY2tncm91bmQtY29sb3I6ICNmZkNDZmY7Cn0KCnNwYW4udW5pdCB7CiBiYWNrZ3JvdW5kOiB1cmwoImh0dHA6Ly9pbWFnZS5yYWt1dGVuLmNvLmpwL2FraWJhb28tci9jYWJpbmV0L3Nob3BpbWcvaG9uYnVuaW5mby90b3JpeW9zZV8yMDE3XzAxLmpwZyIpIG5vLXJlcGVhdCBsZWZ0IHRvcDsKIHRleHQtaW5kZW50Oi05OTk5OwogZGlzcGxheTogYmxvY2s7CiB3aWR0aDogNTgwcHg7CiBoZWlnaHQ6IDM1MHB4OwogbWFyZ2luOjE1cHggMDsgfQoKPC9zdHlsZT4=,44CQ44K144O844Oi44K544CRSk1LLTM1MCDjg5Xjgr/jg5Hjg4Pjgq3jg7PvvJrjgYLjgY3jgbDjgYrvvZ7mpb3lpKnluILloLTmlK/lupc=,44Oh44Oi44Oq44O844OW44Or44O844Os44KkRFZE44OG44Os44OT44Os44Kz44O844OA44O85a6J5ZCM5Lq644Kq44K/44Kv44Ki44Kt44OQ44OV44Kj44Ku44Ol44Ki44K544Oe44O844OI44OV44Kp44OzaVBob25l6Zu75rGg5YWF6Zu744GK44KC44Gh44KD56m65rCX5riF5rWE5qmf5a626Zu744Kq44O844OH44Kj44Kq44Kr44O86ZuR6LKo44CQ44K144O844Oi44K544CRSk1LLTM1MCDjg5Xjgr/jg5Hjg4Pjgq3jg7M=,57SN5pyfOuWPluWvhOWTgSDlh7rojbc657SEMy015pel44CC44CQ44K144O844Oi44K544CRSk1LLTM1MCDjg5Xjgr/jg5Hjg4Pjgq3jg7M=[rn]
9-88351,aHR0cDovL3RzaG9wLnIxMHMuanAvYWtpYmFvby1yL2NhYmluZXQvZ2k1NTQvNDU4MDI0NDY4NjY4MS5qcGc/Zml0aW49NzAwOjcwMA==,NTYwLjAwMDA=,,44Kt44OD44OB44Oz55So5ZOB44O76aOf5Zmo44O76Kq/55CG5Zmo5YW3ID4g44Gd44Gu5LuW,44CQ44K144O844Oi44K544CRRkZGLTUwMO+9pTgwMO+9pTEwMDDnlKgg44Kt44Oj44OD44OX44Om44OL44OD44OIIOODluODq+ODvA==,57SN5pyfOuWPluWvhOWTgSDlh7rojbc657SEMy015pel,PGRpcj48L2Rpcj48dGFibGUgd2lkdGg9IjgwMCIgYm9yZGVyPSIwIiBjZWxsc3BhY2luZz0iMCIgY2VsbHBhZGRpbmc9IjAiPgoKPHRyPjx0ZD48YnI+PGltZyBzcmM9Imh0dHA6Ly9pbWFnZS5yYWt1dGVuLmNvLmpwL2FraWJhb28tci9jYWJpbmV0L3Nob3BpbWcvaG9uYnVuaW5mby9tYWlsYmluX25vXzIwMTYwOTA5LmpwZyIgYWx0PSLjg6Hjg7zjg6vkvr/lr77osaHlpJYiIC8+PC90ZD48L3RyPgoKPHRyPjx0ZD48aW1nIHNyYz0iaHR0cDovL2ltYWdlLnJha3V0ZW4uY28uanAvYWtpYmFvby1yL2NhYmluZXQvc2hvcGltZy9ob25idW5pbmZvL2ltZ3JjMDA2NTk2NzgxNi5qcGciIGFsdD0i5Y+W5a+E5ZOB5rOo5oSPIiAvPjwvdGQ+PC90cj4KCjwvdGFibGU+Cgo8c3R5bGUgdHlwZT0idGV4dC9jc3MiPgpzcGFuLml0ZW1fZGVzYyBUQUJMRSB7CkJPUkRFUi1DT0xMQVBTRTogY29sbGFwc2U7CmJvcmRlci1zcGFjaW5nOiAwcHg7CmZvbnQtc2l6ZTogMTAwJTsKZW1wdHktY2VsbHM6IHNob3c7Cn0KCnNwYW4uaXRlbV9kZXNjIHRhYmxlLCBzcGFuLml0ZW1fZGVzYyB0aCwgc3Bhbi5pdGVtX2Rlc2MgdGQsIHNwYW4uaXRlbV9kZXNjIHRyIHsKYm9yZGVyLWNvbG9yOiAjZmYzM2ZmOwp9CgpzcGFuLml0ZW1fZGVzYyB0YWJsZSB0aCB7CmJhY2tncm91bmQtY29sb3I6ICNmZkNDZmY7Cn0KCnNwYW4udW5pdCB7CiBiYWNrZ3JvdW5kOiB1cmwoImh0dHA6Ly9pbWFnZS5yYWt1dGVuLmNvLmpwL2FraWJhb28tci9jYWJpbmV0L3Nob3BpbWcvaG9uYnVuaW5mby90b3JpeW9zZV8yMDE3XzAxLmpwZyIpIG5vLXJlcGVhdCBsZWZ0IHRvcDsKIHRleHQtaW5kZW50Oi05OTk5OwogZGlzcGxheTogYmxvY2s7CiB3aWR0aDogNTgwcHg7CiBoZWlnaHQ6IDM1MHB4OwogbWFyZ2luOjE1cHggMDsgfQoKPC9zdHlsZT4=,44CQ44K144O844Oi44K544CRRkZGLTUwMO+9pTgwMO+9pTEwMDDnlKgg44Kt44Oj44OD44OX44Om44OL44OD44OIIOODluODq+ODvO+8muOBguOBjeOBsOOBiu+9nualveWkqeW4guWgtOaUr+W6lw==,44Oh44Oi44Oq44O844OW44Or44O844Os44KkRFZE44OG44Os44OT44Os44Kz44O844OA44O85a6J5ZCM5Lq644Kq44K/44Kv44Ki44Kt44OQ44OV44Kj44Ku44Ol44Ki44K544Oe44O844OI44OV44Kp44OzaVBob25l6Zu75rGg5YWF6Zu744GK44KC44Gh44KD56m65rCX5riF5rWE5qmf5a626Zu744Kq44O844OH44Kj44Kq44Kr44O86ZuR6LKo44CQ44K144O844Oi44K544CRRkZGLTUwMO+9pTgwMO+9pTEwMDDnlKgg44Kt44Oj44OD44OX44Om44OL44OD44OIIOODluODq+ODvA==,57SN5pyfOuWPluWvhOWTgSDlh7rojbc657SEMy015pel44CC44CQ44K144O844Oi44K544CRRkZGLTUwMO+9pTgwMO+9pTEwMDDnlKgg44Kt44Oj44OD44OX44Om44OL44OD44OIIOODluODq+ODvA==[rn]
9-88352,aHR0cDovL3RzaG9wLnIxMHMuanAvYWtpYmFvby1yL2NhYmluZXQvZ2k1NTQvNDU4MDI0NDY4MjEwMi5qcGc/Zml0aW49NzAwOjcwMA==,NTYwLjAwMDA=,,44Kt44OD44OB44Oz55So5ZOB44O76aOf5Zmo44O76Kq/55CG5Zmo5YW3ID4g44Gd44Gu5LuW,44CQ44K144O844Oi44K544CRRkVPLTEwMDBG772lMTUwMEbnlKgg44Kt44Oj44OD44OX44Om44OL44OD44OIIFNM,57SN5pyfOuWPluWvhOWTgSDlh7rojbc657SEMy015pel,55yf56m65pat54ax44K544Od44O844OE44Oc44OI44Or55So44Gu44Kt44Oj44OD44OX44Om44OL44OD44OI44CCPGJyPumBqeWQiOWTgeeVqjpGRU8tMTAwMEbjg7sxNTAwRiBTTDxicj7jgrXjgqTjgro65bmFOMOX5aWl6KGMOC41w5fpq5jjgZU2Y208YnI+6YeN6YePKGtnKTowLjA5PGJyPue0oOadkDrmnKzkvZMv44Od44Oq44OX44Ot44OU44Os44Oz44O744Od44Oq44Ki44K744K/44O844Or44O744K344Oq44Kz44OzPHRhYmxlIHdpZHRoPSI4MDAiIGJvcmRlcj0iMCIgY2VsbHNwYWNpbmc9IjAiIGNlbGxwYWRkaW5nPSIwIj4KCjx0cj48dGQ+PGJyPjxpbWcgc3JjPSJodHRwOi8vaW1hZ2UucmFrdXRlbi5jby5qcC9ha2liYW9vLXIvY2FiaW5ldC9zaG9waW1nL2hvbmJ1bmluZm8vbWFpbGJpbl9ub18yMDE2MDkwOS5qcGciIGFsdD0i44Oh44O844Or5L6/5a++6LGh5aSWIiAvPjwvdGQ+PC90cj4KCjx0cj48dGQ+PGltZyBzcmM9Imh0dHA6Ly9pbWFnZS5yYWt1dGVuLmNvLmpwL2FraWJhb28tci9jYWJpbmV0L3Nob3BpbWcvaG9uYnVuaW5mby9pbWdyYzAwNjU5Njc4MTYuanBnIiBhbHQ9IuWPluWvhOWTgeazqOaEjyIgLz48L3RkPjwvdHI+Cgo8L3RhYmxlPgoKPHN0eWxlIHR5cGU9InRleHQvY3NzIj4Kc3Bhbi5pdGVtX2Rlc2MgVEFCTEUgewpCT1JERVItQ09MTEFQU0U6IGNvbGxhcHNlOwpib3JkZXItc3BhY2luZzogMHB4Owpmb250LXNpemU6IDEwMCU7CmVtcHR5LWNlbGxzOiBzaG93Owp9CgpzcGFuLml0ZW1fZGVzYyB0YWJsZSwgc3Bhbi5pdGVtX2Rlc2MgdGgsIHNwYW4uaXRlbV9kZXNjIHRkLCBzcGFuLml0ZW1fZGVzYyB0ciB7CmJvcmRlci1jb2xvcjogI2ZmMzNmZjsKfQoKc3Bhbi5pdGVtX2Rlc2MgdGFibGUgdGggewpiYWNrZ3JvdW5kLWNvbG9yOiAjZmZDQ2ZmOwp9CgpzcGFuLnVuaXQgewogYmFja2dyb3VuZDogdXJsKCJodHRwOi8vaW1hZ2UucmFrdXRlbi5jby5qcC9ha2liYW9vLXIvY2FiaW5ldC9zaG9waW1nL2hvbmJ1bmluZm8vdG9yaXlvc2VfMjAxN18wMS5qcGciKSBuby1yZXBlYXQgbGVmdCB0b3A7CiB0ZXh0LWluZGVudDotOTk5OTsKIGRpc3BsYXk6IGJsb2NrOwogd2lkdGg6IDU4MHB4OwogaGVpZ2h0OiAzNTBweDsKIG1hcmdpbjoxNXB4IDA7IH0KCjwvc3R5bGU+,44CQ44K144O844Oi44K544CRRkVPLTEwMDBG772lMTUwMEbnlKgg44Kt44Oj44OD44OX44Om44OL44OD44OIIFNM77ya44GC44GN44Gw44GK772e5qW95aSp5biC5aC05pSv5bqX,44Oh44Oi44Oq44O844OW44Or44O844Os44KkRFZE44OG44Os44OT44Os44Kz44O844OA44O85a6J5ZCM5Lq644Kq44K/44Kv44Ki44Kt44OQ44OV44Kj44Ku44Ol44Ki44K544Oe44O844OI44OV44Kp44OzaVBob25l6Zu75rGg5YWF6Zu744GK44KC44Gh44KD56m65rCX5riF5rWE5qmf5a626Zu744Kq44O844OH44Kj44Kq44Kr44O86ZuR6LKo44CQ44K144O844Oi44K544CRRkVPLTEwMDBG772lMTUwMEbnlKgg44Kt44Oj44OD44OX44Om44OL44OD44OIIFNM,57SN5pyfOuWPluWvhOWTgSDlh7rojbc657SEMy015pel44CC44CQ44K144O844Oi44K544CRRkVPLTEwMDBG772lMTUwMEbnlKgg44Kt44Oj44OD44OX44Om44OL44OD44OIIFNM[rn]
9-88353,aHR0cDovL3RzaG9wLnIxMHMuanAvYWtpYmFvby1yL2NhYmluZXQvbGJsX25vaW1hZ2UuZ2lmP2ZpdGluPTcwMDo3MDA=,NDYwLjAwMDA=,,44Kt44OD44OB44Oz55So5ZOB44O76aOf5Zmo44O76Kq/55CG5Zmo5YW3ID4g44Gd44Gu5LuW,44CQ44K144O844Oi44K544CRRkVPLTUwMEbvvaU4MDBG55SoIOOCreODo+ODg+ODl+ODpuODi+ODg+ODiCBCSw==,57SN5pyfOuWPluWvhOWTgSDlh7rojbc657SEMy015pel,PGRpcj48L2Rpcj48dGFibGUgd2lkdGg9IjgwMCIgYm9yZGVyPSIwIiBjZWxsc3BhY2luZz0iMCIgY2VsbHBhZGRpbmc9IjAiPgoKPHRyPjx0ZD48YnI+PGltZyBzcmM9Imh0dHA6Ly9pbWFnZS5yYWt1dGVuLmNvLmpwL2FraWJhb28tci9jYWJpbmV0L3Nob3BpbWcvaG9uYnVuaW5mby9tYWlsYmluX25vXzIwMTYwOTA5LmpwZyIgYWx0PSLjg6Hjg7zjg6vkvr/lr77osaHlpJYiIC8+PC90ZD48L3RyPgoKPHRyPjx0ZD48aW1nIHNyYz0iaHR0cDovL2ltYWdlLnJha3V0ZW4uY28uanAvYWtpYmFvby1yL2NhYmluZXQvc2hvcGltZy9ob25idW5pbmZvL2ltZ3JjMDA2NTk2NzgxNi5qcGciIGFsdD0i5Y+W5a+E5ZOB5rOo5oSPIiAvPjwvdGQ+PC90cj4KCjwvdGFibGU+Cgo8c3R5bGUgdHlwZT0idGV4dC9jc3MiPgpzcGFuLml0ZW1fZGVzYyBUQUJMRSB7CkJPUkRFUi1DT0xMQVBTRTogY29sbGFwc2U7CmJvcmRlci1zcGFjaW5nOiAwcHg7CmZvbnQtc2l6ZTogMTAwJTsKZW1wdHktY2VsbHM6IHNob3c7Cn0KCnNwYW4uaXRlbV9kZXNjIHRhYmxlLCBzcGFuLml0ZW1fZGVzYyB0aCwgc3Bhbi5pdGVtX2Rlc2MgdGQsIHNwYW4uaXRlbV9kZXNjIHRyIHsKYm9yZGVyLWNvbG9yOiAjZmYzM2ZmOwp9CgpzcGFuLml0ZW1fZGVzYyB0YWJsZSB0aCB7CmJhY2tncm91bmQtY29sb3I6ICNmZkNDZmY7Cn0KCnNwYW4udW5pdCB7CiBiYWNrZ3JvdW5kOiB1cmwoImh0dHA6Ly9pbWFnZS5yYWt1dGVuLmNvLmpwL2FraWJhb28tci9jYWJpbmV0L3Nob3BpbWcvaG9uYnVuaW5mby90b3JpeW9zZV8yMDE3XzAxLmpwZyIpIG5vLXJlcGVhdCBsZWZ0IHRvcDsKIHRleHQtaW5kZW50Oi05OTk5OwogZGlzcGxheTogYmxvY2s7CiB3aWR0aDogNTgwcHg7CiBoZWlnaHQ6IDM1MHB4OwogbWFyZ2luOjE1cHggMDsgfQoKPC9zdHlsZT4=,44CQ44K144O844Oi44K544CRRkVPLTUwMEbvvaU4MDBG55SoIOOCreODo+ODg+ODl+ODpuODi+ODg+ODiCBCS++8muOBguOBjeOBsOOBiu+9nualveWkqeW4guWgtOaUr+W6lw==,44Oh44Oi44Oq44O844OW44Or44O844Os44KkRFZE44OG44Os44OT44Os44Kz44O844OA44O85a6J5ZCM5Lq644Kq44K/44Kv44Ki44Kt44OQ44OV44Kj44Ku44Ol44Ki44K544Oe44O844OI44OV44Kp44OzaVBob25l6Zu75rGg5YWF6Zu744GK44KC44Gh44KD56m65rCX5riF5rWE5qmf5a626Zu744Kq44O844OH44Kj44Kq44Kr44O86ZuR6LKo44CQ44K144O844Oi44K544CRRkVPLTUwMEbvvaU4MDBG55SoIOOCreODo+ODg+ODl+ODpuODi+ODg+ODiCBCSw==,57SN5pyfOuWPluWvhOWTgSDlh7rojbc657SEMy015pel44CC44CQ44K144O844Oi44K544CRRkVPLTUwMEbvvaU4MDBG55SoIOOCreODo+ODg+ODl+ODpuODi+ODg+ODiCBCSw==[rn]
9-88354,aHR0cDovL3RzaG9wLnIxMHMuanAvYWtpYmFvby1yL2NhYmluZXQvbGJsX25vaW1hZ2UuZ2lmP2ZpdGluPTcwMDo3MDA=,NDYwLjAwMDA=,,44Kt44OD44OB44Oz55So5ZOB44O76aOf5Zmo44O76Kq/55CG5Zmo5YW3ID4g44Gd44Gu5LuW,44CQ44K144O844Oi44K544CRRkVPLTEwMDBG772lMTUwMEYg44Kt44Oj44OD44OX44Om44OL44OD44OIIOODlOODs+OCrw==,57SN5pyfOuWPluWvhOWTgSDlh7rojbc657SEMy015pel,PGRpcj48L2Rpcj48dGFibGUgd2lkdGg9IjgwMCIgYm9yZGVyPSIwIiBjZWxsc3BhY2luZz0iMCIgY2VsbHBhZGRpbmc9IjAiPgoKPHRyPjx0ZD48YnI+PGltZyBzcmM9Imh0dHA6Ly9pbWFnZS5yYWt1dGVuLmNvLmpwL2FraWJhb28tci9jYWJpbmV0L3Nob3BpbWcvaG9uYnVuaW5mby9tYWlsYmluX25vXzIwMTYwOTA5LmpwZyIgYWx0PSLjg6Hjg7zjg6vkvr/lr77osaHlpJYiIC8+PC90ZD48L3RyPgoKPHRyPjx0ZD48aW1nIHNyYz0iaHR0cDovL2ltYWdlLnJha3V0ZW4uY28uanAvYWtpYmFvby1yL2NhYmluZXQvc2hvcGltZy9ob25idW5pbmZvL2ltZ3JjMDA2NTk2NzgxNi5qcGciIGFsdD0i5Y+W5a+E5ZOB5rOo5oSPIiAvPjwvdGQ+PC90cj4KCjwvdGFibGU+Cgo8c3R5bGUgdHlwZT0idGV4dC9jc3MiPgpzcGFuLml0ZW1fZGVzYyBUQUJMRSB7CkJPUkRFUi1DT0xMQVBTRTogY29sbGFwc2U7CmJvcmRlci1zcGFjaW5nOiAwcHg7CmZvbnQtc2l6ZTogMTAwJTsKZW1wdHktY2VsbHM6IHNob3c7Cn0KCnNwYW4uaXRlbV9kZXNjIHRhYmxlLCBzcGFuLml0ZW1fZGVzYyB0aCwgc3Bhbi5pdGVtX2Rlc2MgdGQsIHNwYW4uaXRlbV9kZXNjIHRyIHsKYm9yZGVyLWNvbG9yOiAjZmYzM2ZmOwp9CgpzcGFuLml0ZW1fZGVzYyB0YWJsZSB0aCB7CmJhY2tncm91bmQtY29sb3I6ICNmZkNDZmY7Cn0KCnNwYW4udW5pdCB7CiBiYWNrZ3JvdW5kOiB1cmwoImh0dHA6Ly9pbWFnZS5yYWt1dGVuLmNvLmpwL2FraWJhb28tci9jYWJpbmV0L3Nob3BpbWcvaG9uYnVuaW5mby90b3JpeW9zZV8yMDE3XzAxLmpwZyIpIG5vLXJlcGVhdCBsZWZ0IHRvcDsKIHRleHQtaW5kZW50Oi05OTk5OwogZGlzcGxheTogYmxvY2s7CiB3aWR0aDogNTgwcHg7CiBoZWlnaHQ6IDM1MHB4OwogbWFyZ2luOjE1cHggMDsgfQoKPC9zdHlsZT4=,44CQ44K144O844Oi44K544CRRkVPLTEwMDBG772lMTUwMEYg44Kt44Oj44OD44OX44Om44OL44OD44OIIOODlOODs+OCr++8muOBguOBjeOBsOOBiu+9nualveWkqeW4guWgtOaUr+W6lw==,44Oh44Oi44Oq44O844OW44Or44O844Os44KkRFZE44OG44Os44OT44Os44Kz44O844OA44O85a6J5ZCM5Lq644Kq44K/44Kv44Ki44Kt44OQ44OV44Kj44Ku44Ol44Ki44K544Oe44O844OI44OV44Kp44OzaVBob25l6Zu75rGg5YWF6Zu744GK44KC44Gh44KD56m65rCX5riF5rWE5qmf5a626Zu744Kq44O844OH44Kj44Kq44Kr44O86ZuR6LKo44CQ44K144O844Oi44K544CRRkVPLTEwMDBG772lMTUwMEYg44Kt44Oj44OD44OX44Om44OL44OD44OIIOODlOODs+OCrw==,57SN5pyfOuWPluWvhOWTgSDlh7rojbc657SEMy015pel44CC44CQ44K144O844Oi44K544CRRkVPLTEwMDBG772lMTUwMEYg44Kt44Oj44OD44OX44Om44OL44OD44OIIOODlOODs+OCrw==[rn]
9-88355,aHR0cDovL3RzaG9wLnIxMHMuanAvYWtpYmFvby1yL2NhYmluZXQvZ2k1NTQvNDU4MDI0NDY4MjEyNi5qcGc/Zml0aW49NzAwOjcwMA==,MTMzLjYwMDA=,,44Kt44OD44OB44Oz55So5ZOB44O76aOf5Zmo44O76Kq/55CG5Zmo5YW3ID4g44Gd44Gu5LuW,44CQ44K144O844Oi44K544CRRkVPIOODkeODg+OCreODs+OCu+ODg+ODiCBM,44CQ44Oh44O844Or5L6/MuWAi+OBvuOBp+WvvuixoeWVhuWTgeOAkQ==,44K144O844Oi44K544Gu5Lul5LiL5ZOB55Wq44Gu44OR44OD44Kt44Oz44K744OD44OI44Gn44GZ44CC44OV44K/44OR44OD44Kt44Oz44O744K344O844Or44OR44OD44Kt44Oz44Gu44K744OD44OI5ZWG5ZOB44Gn44GZ44CCPGJyPumBqeeUqOWTgeeVqu+8mkZFTy0xMDAwRuOAgUZFTy0xMDAzRuOAgUZFTy0xNTAwRuOAgUZGRi0xNTAwRuOAgUZGRi0xNTAxRuOAgUZGRi0xNTAzRuOAgUZGRi0xNTA0RuOAgUZGRy02MDBXRuOAgUZGRy02MDBXRkLjgIFGRkctNjAwV0ZEU+OAgUZGRy02MDFXRuOAgUZGUi04MDBXRuOAgUZGUi04MDFXRuOAgUZGUi04MDNXRuOAgUZGUi04MDRXRuOAgUZGUi04MDVXRuOAgUZGUi0xMDA0V0bjgIFGRlotMTUwMEbjgIFGRlotMTUwMUbjgIFGRkctNjAxV0ZC44CBRkZHLTYwMVdGRFM8YnI+PGJyPuOBlOazqOaEjzrnha7msrjjga/jgZfjgarjgYTjgafjgY/jgaDjgZXjgYTjgII8YnI+4peP5p2Q6LOqOuOCt+ODquOCs+ODvOODszxicj7il4/jgrvjg4Pjg4jlhoXlrrk644OV44K/44OR44OD44Kt44Oz44O744K344O844Or44OR44OD44Kt44Oz4peP5Y6f55Sj5Zu9OuS4reWbvTx0YWJsZSB3aWR0aD0iODAwIiBib3JkZXI9IjAiIGNlbGxzcGFjaW5nPSIwIiBjZWxscGFkZGluZz0iMCI+Cgo8dHI+PHRkPjxicj48aW1nIHNyYz0iaHR0cDovL2ltYWdlLnJha3V0ZW4uY28uanAvYWtpYmFvby1yL2NhYmluZXQvc2hvcGltZy9ob25idW5pbmZvL21haWxiaW5fMl8yMDE2MDkwOS5qcGciIGFsdD0i44Oh44O844Or5L6/MuWAi+OBvuOBpyIgLz48L3RkPjwvdHI+Cgo8dHI+PHRkPjxpbWcgc3JjPSJodHRwOi8vaW1hZ2UucmFrdXRlbi5jby5qcC9ha2liYW9vLXIvY2FiaW5ldC9zaG9waW1nL2hvbmJ1bmluZm8vaW1ncmMwMDY1OTY3ODE2LmpwZyIgYWx0PSLlj5blr4Tlk4Hms6jmhI8iIC8+PC90ZD48L3RyPgoKPC90YWJsZT4KCjxzdHlsZSB0eXBlPSJ0ZXh0L2NzcyI+CnNwYW4uaXRlbV9kZXNjIFRBQkxFIHsKQk9SREVSLUNPTExBUFNFOiBjb2xsYXBzZTsKYm9yZGVyLXNwYWNpbmc6IDBweDsKZm9udC1zaXplOiAxMDAlOwplbXB0eS1jZWxsczogc2hvdzsKfQoKc3Bhbi5pdGVtX2Rlc2MgdGFibGUsIHNwYW4uaXRlbV9kZXNjIHRoLCBzcGFuLml0ZW1fZGVzYyB0ZCwgc3Bhbi5pdGVtX2Rlc2MgdHIgewpib3JkZXItY29sb3I6ICNmZjMzZmY7Cn0KCnNwYW4uaXRlbV9kZXNjIHRhYmxlIHRoIHsKYmFja2dyb3VuZC1jb2xvcjogI2ZmQ0NmZjsKfQoKc3Bhbi51bml0IHsKIGJhY2tncm91bmQ6IHVybCgiaHR0cDovL2ltYWdlLnJha3V0ZW4uY28uanAvYWtpYmFvby1yL2NhYmluZXQvc2hvcGltZy9ob25idW5pbmZvL3Rvcml5b3NlXzIwMTdfMDEuanBnIikgbm8tcmVwZWF0IGxlZnQgdG9wOwogdGV4dC1pbmRlbnQ6LTk5OTk7CiBkaXNwbGF5OiBibG9jazsKIHdpZHRoOiA1ODBweDsKIGhlaWdodDogMzUwcHg7CiBtYXJnaW46MTVweCAwOyB9Cgo8L3N0eWxlPg==,44CQ44K144O844Oi44K544CRRkVPIOODkeODg+OCreODs+OCu+ODg+ODiCBM77ya44GC44GN44Gw44GK772e5qW95aSp5biC5aC05pSv5bqX,44Oh44Oi44Oq44O844OW44Or44O844Os44KkRFZE44OG44Os44OT44Os44Kz44O844OA44O85a6J5ZCM5Lq644Kq44K/44Kv44Ki44Kt44OQ44OV44Kj44Ku44Ol44Ki44K544Oe44O844OI44OV44Kp44OzaVBob25l6Zu75rGg5YWF6Zu744GK44KC44Gh44KD56m65rCX5riF5rWE5qmf5a626Zu744Kq44O844OH44Kj44Kq44Kr44O86ZuR6LKo44CQ44K144O844Oi44K544CRRkVPIOODkeODg+OCreODs+OCu+ODg+ODiCBM,44CQ44Oh44O844Or5L6/MuWAi+OBvuOBp+WvvuixoeWVhuWTgeOAkeOAguOAkOOCteODvOODouOCueOAkUZFTyDjg5Hjg4Pjgq3jg7Pjgrvjg4Pjg4ggTA==[rn]
9-88356,aHR0cDovL3RzaG9wLnIxMHMuanAvYWtpYmFvby1yL2NhYmluZXQvbGJsX25vaW1hZ2UuZ2lmP2ZpdGluPTcwMDo3MDA=,NDMwLjQwMDA=,,44Kt44OD44OB44Oz55So5ZOB44O76aOf5Zmo44O76Kq/55CG5Zmo5YW3ID4g44Gd44Gu5LuW,44CQ44Ki44K544OZ44OrICAgICDjgJFTRCDkvLjnuK7jgr/jgqrjg6vjg5Djg7wzMC01MCDlkLjnm6Tku5jjgY0g44Ob44Ov44Kk44OI,57SN5pyfOuWPluWvhOWTgSDlh7rojbc657SEMy015pel,PGRpcj48L2Rpcj48dGFibGUgd2lkdGg9IjgwMCIgYm9yZGVyPSIwIiBjZWxsc3BhY2luZz0iMCIgY2VsbHBhZGRpbmc9IjAiPgoKPHRyPjx0ZD48YnI+PGltZyBzcmM9Imh0dHA6Ly9pbWFnZS5yYWt1dGVuLmNvLmpwL2FraWJhb28tci9jYWJpbmV0L3Nob3BpbWcvaG9uYnVuaW5mby9tYWlsYmluX25vXzIwMTYwOTA5LmpwZyIgYWx0PSLjg6Hjg7zjg6vkvr/lr77osaHlpJYiIC8+PC90ZD48L3RyPgoKPHRyPjx0ZD48aW1nIHNyYz0iaHR0cDovL2ltYWdlLnJha3V0ZW4uY28uanAvYWtpYmFvby1yL2NhYmluZXQvc2hvcGltZy9ob25idW5pbmZvL2ltZ3JjMDA2NTk2NzgxNi5qcGciIGFsdD0i5Y+W5a+E5ZOB5rOo5oSPIiAvPjwvdGQ+PC90cj4KCjwvdGFibGU+Cgo8c3R5bGUgdHlwZT0idGV4dC9jc3MiPgpzcGFuLml0ZW1fZGVzYyBUQUJMRSB7CkJPUkRFUi1DT0xMQVBTRTogY29sbGFwc2U7CmJvcmRlci1zcGFjaW5nOiAwcHg7CmZvbnQtc2l6ZTogMTAwJTsKZW1wdHktY2VsbHM6IHNob3c7Cn0KCnNwYW4uaXRlbV9kZXNjIHRhYmxlLCBzcGFuLml0ZW1fZGVzYyB0aCwgc3Bhbi5pdGVtX2Rlc2MgdGQsIHNwYW4uaXRlbV9kZXNjIHRyIHsKYm9yZGVyLWNvbG9yOiAjZmYzM2ZmOwp9CgpzcGFuLml0ZW1fZGVzYyB0YWJsZSB0aCB7CmJhY2tncm91bmQtY29sb3I6ICNmZkNDZmY7Cn0KCnNwYW4udW5pdCB7CiBiYWNrZ3JvdW5kOiB1cmwoImh0dHA6Ly9pbWFnZS5yYWt1dGVuLmNvLmpwL2FraWJhb28tci9jYWJpbmV0L3Nob3BpbWcvaG9uYnVuaW5mby90b3JpeW9zZV8yMDE3XzAxLmpwZyIpIG5vLXJlcGVhdCBsZWZ0IHRvcDsKIHRleHQtaW5kZW50Oi05OTk5OwogZGlzcGxheTogYmxvY2s7CiB3aWR0aDogNTgwcHg7CiBoZWlnaHQ6IDM1MHB4OwogbWFyZ2luOjE1cHggMDsgfQoKPC9zdHlsZT4=,44CQ44Ki44K544OZ44OrICAgICDjgJFTRCDkvLjnuK7jgr/jgqrjg6vjg5Djg7wzMC01MCDlkLjnm6Tku5jjgY0g44Ob44Ov44Kk44OI77ya44GC44GN44Gw44GK772e5qW95aSp5biC5aC05pSv5bqX,44Oh44Oi44Oq44O844OW44Or44O844Os44KkRFZE44OG44Os44OT44Os44Kz44O844OA44O85a6J5ZCM5Lq644Kq44K/44Kv44Ki44Kt44OQ44OV44Kj44Ku44Ol44Ki44K544Oe44O844OI44OV44Kp44OzaVBob25l6Zu75rGg5YWF6Zu744GK44KC44Gh44KD56m65rCX5riF5rWE5qmf5a626Zu744Kq44O844OH44Kj44Kq44Kr44O86ZuR6LKo44CQ44Ki44K544OZ44OrICAgICDjgJFTRCDkvLjnuK7jgr/jgqrjg6vjg5Djg7wzMC01MCDlkLjnm6Tku5jjgY0g44Ob44Ov44Kk44OI,57SN5pyfOuWPluWvhOWTgSDlh7rojbc657SEMy015pel44CC44CQ44Ki44K544OZ44OrICAgICDjgJFTRCDkvLjnuK7jgr/jgqrjg6vjg5Djg7wzMC01MCDlkLjnm6Tku5jjgY0g44Ob44Ov44Kk44OI[rn]
9-88357,aHR0cDovL3RzaG9wLnIxMHMuanAvYWtpYmFvby1yL2NhYmluZXQvbGJsX25vaW1hZ2UuZ2lmP2ZpdGluPTcwMDo3MDA=,NzI2LjQwMDA=,,44Kt44OD44OB44Oz55So5ZOB44O76aOf5Zmo44O76Kq/55CG5Zmo5YW3ID4g44Gd44Gu5LuW,44CQ44Ki44K544OZ44OrICAgICDjgJHjg6njg7Pjgr/jgrkgRkwgU1MtVDgyMCDjg5Djg4PjgrDku5jjgY0g44K344Or44OQ44O8,57SN5pyfOuWPluWvhOWTgSDlh7rojbc657SEMy015pel,PGRpcj48L2Rpcj48dGFibGUgd2lkdGg9IjgwMCIgYm9yZGVyPSIwIiBjZWxsc3BhY2luZz0iMCIgY2VsbHBhZGRpbmc9IjAiPgoKPHRyPjx0ZD48YnI+PGltZyBzcmM9Imh0dHA6Ly9pbWFnZS5yYWt1dGVuLmNvLmpwL2FraWJhb28tci9jYWJpbmV0L3Nob3BpbWcvaG9uYnVuaW5mby9tYWlsYmluX25vXzIwMTYwOTA5LmpwZyIgYWx0PSLjg6Hjg7zjg6vkvr/lr77osaHlpJYiIC8+PC90ZD48L3RyPgoKPHRyPjx0ZD48aW1nIHNyYz0iaHR0cDovL2ltYWdlLnJha3V0ZW4uY28uanAvYWtpYmFvby1yL2NhYmluZXQvc2hvcGltZy9ob25idW5pbmZvL2ltZ3JjMDA2NTk2NzgxNi5qcGciIGFsdD0i5Y+W5a+E5ZOB5rOo5oSPIiAvPjwvdGQ+PC90cj4KCjwvdGFibGU+Cgo8c3R5bGUgdHlwZT0idGV4dC9jc3MiPgpzcGFuLml0ZW1fZGVzYyBUQUJMRSB7CkJPUkRFUi1DT0xMQVBTRTogY29sbGFwc2U7CmJvcmRlci1zcGFjaW5nOiAwcHg7CmZvbnQtc2l6ZTogMTAwJTsKZW1wdHktY2VsbHM6IHNob3c7Cn0KCnNwYW4uaXRlbV9kZXNjIHRhYmxlLCBzcGFuLml0ZW1fZGVzYyB0aCwgc3Bhbi5pdGVtX2Rlc2MgdGQsIHNwYW4uaXRlbV9kZXNjIHRyIHsKYm9yZGVyLWNvbG9yOiAjZmYzM2ZmOwp9CgpzcGFuLml0ZW1fZGVzYyB0YWJsZSB0aCB7CmJhY2tncm91bmQtY29sb3I6ICNmZkNDZmY7Cn0KCnNwYW4udW5pdCB7CiBiYWNrZ3JvdW5kOiB1cmwoImh0dHA6Ly9pbWFnZS5yYWt1dGVuLmNvLmpwL2FraWJhb28tci9jYWJpbmV0L3Nob3BpbWcvaG9uYnVuaW5mby90b3JpeW9zZV8yMDE3XzAxLmpwZyIpIG5vLXJlcGVhdCBsZWZ0IHRvcDsKIHRleHQtaW5kZW50Oi05OTk5OwogZGlzcGxheTogYmxvY2s7CiB3aWR0aDogNTgwcHg7CiBoZWlnaHQ6IDM1MHB4OwogbWFyZ2luOjE1cHggMDsgfQoKPC9zdHlsZT4=,44CQ44Ki44K544OZ44OrICAgICDjgJHjg6njg7Pjgr/jgrkgRkwgU1MtVDgyMCDjg5Djg4PjgrDku5jjgY0g44K344Or44OQ44O877ya44GC44GN44Gw44GK772e5qW95aSp5biC5aC05pSv5bqX,44Oh44Oi44Oq44O844OW44Or44O844Os44KkRFZE44OG44Os44OT44Os44Kz44O844OA44O85a6J5ZCM5Lq644Kq44K/44Kv44Ki44Kt44OQ44OV44Kj44Ku44Ol44Ki44K544Oe44O844OI44OV44Kp44OzaVBob25l6Zu75rGg5YWF6Zu744GK44KC44Gh44KD56m65rCX5riF5rWE5qmf5a626Zu744Kq44O844OH44Kj44Kq44Kr44O86ZuR6LKo44CQ44Ki44K544OZ44OrICAgICDjgJHjg6njg7Pjgr/jgrkgRkwgU1MtVDgyMCDjg5Djg4PjgrDku5jjgY0g44K344Or44OQ44O8,57SN5pyfOuWPluWvhOWTgSDlh7rojbc657SEMy015pel44CC44CQ44Ki44K544OZ44OrICAgICDjgJHjg6njg7Pjgr/jgrkgRkwgU1MtVDgyMCDjg5Djg4PjgrDku5jjgY0g44K344Or44OQ44O8[rn]
9-88358,aHR0cDovL3RzaG9wLnIxMHMuanAvYWtpYmFvby1yL2NhYmluZXQvbGJsX25vaW1hZ2UuZ2lmP2ZpdGluPTcwMDo3MDA=,OTYuODAwMA==,,44Kt44OD44OB44Oz55So5ZOB44O76aOf5Zmo44O76Kq/55CG5Zmo5YW3ID4g44Gd44Gu5LuW,44CQ44Ki44K544OZ44OrICAgICDjgJFO44Od44K8IOOCtuODqyAyMeWeiyDjg5vjg6/jgqTjg4g=,57SN5pyfOuWPluWvhOWTgSDlh7rojbc657SEMy015pel,PGRpcj48L2Rpcj48dGFibGUgd2lkdGg9IjgwMCIgYm9yZGVyPSIwIiBjZWxsc3BhY2luZz0iMCIgY2VsbHBhZGRpbmc9IjAiPgoKPHRyPjx0ZD48YnI+PGltZyBzcmM9Imh0dHA6Ly9pbWFnZS5yYWt1dGVuLmNvLmpwL2FraWJhb28tci9jYWJpbmV0L3Nob3BpbWcvaG9uYnVuaW5mby9tYWlsYmluX25vXzIwMTYwOTA5LmpwZyIgYWx0PSLjg6Hjg7zjg6vkvr/lr77osaHlpJYiIC8+PC90ZD48L3RyPgoKPHRyPjx0ZD48aW1nIHNyYz0iaHR0cDovL2ltYWdlLnJha3V0ZW4uY28uanAvYWtpYmFvby1yL2NhYmluZXQvc2hvcGltZy9ob25idW5pbmZvL2ltZ3JjMDA2NTk2NzgxNi5qcGciIGFsdD0i5Y+W5a+E5ZOB5rOo5oSPIiAvPjwvdGQ+PC90cj4KCjwvdGFibGU+Cgo8c3R5bGUgdHlwZT0idGV4dC9jc3MiPgpzcGFuLml0ZW1fZGVzYyBUQUJMRSB7CkJPUkRFUi1DT0xMQVBTRTogY29sbGFwc2U7CmJvcmRlci1zcGFjaW5nOiAwcHg7CmZvbnQtc2l6ZTogMTAwJTsKZW1wdHktY2VsbHM6IHNob3c7Cn0KCnNwYW4uaXRlbV9kZXNjIHRhYmxlLCBzcGFuLml0ZW1fZGVzYyB0aCwgc3Bhbi5pdGVtX2Rlc2MgdGQsIHNwYW4uaXRlbV9kZXNjIHRyIHsKYm9yZGVyLWNvbG9yOiAjZmYzM2ZmOwp9CgpzcGFuLml0ZW1fZGVzYyB0YWJsZSB0aCB7CmJhY2tncm91bmQtY29sb3I6ICNmZkNDZmY7Cn0KCnNwYW4udW5pdCB7CiBiYWNrZ3JvdW5kOiB1cmwoImh0dHA6Ly9pbWFnZS5yYWt1dGVuLmNvLmpwL2FraWJhb28tci9jYWJpbmV0L3Nob3BpbWcvaG9uYnVuaW5mby90b3JpeW9zZV8yMDE3XzAxLmpwZyIpIG5vLXJlcGVhdCBsZWZ0IHRvcDsKIHRleHQtaW5kZW50Oi05OTk5OwogZGlzcGxheTogYmxvY2s7CiB3aWR0aDogNTgwcHg7CiBoZWlnaHQ6IDM1MHB4OwogbWFyZ2luOjE1cHggMDsgfQoKPC9zdHlsZT4=,44CQ44Ki44K544OZ44OrICAgICDjgJFO44Od44K8IOOCtuODqyAyMeWeiyDjg5vjg6/jgqTjg4jvvJrjgYLjgY3jgbDjgYrvvZ7mpb3lpKnluILloLTmlK/lupc=,44Oh44Oi44Oq44O844OW44Or44O844Os44KkRFZE44OG44Os44OT44Os44Kz44O844OA44O85a6J5ZCM5Lq644Kq44K/44Kv44Ki44Kt44OQ44OV44Kj44Ku44Ol44Ki44K544Oe44O844OI44OV44Kp44OzaVBob25l6Zu75rGg5YWF6Zu744GK44KC44Gh44KD56m65rCX5riF5rWE5qmf5a626Zu744Kq44O844OH44Kj44Kq44Kr44O86ZuR6LKo44CQ44Ki44K544OZ44OrICAgICDjgJFO44Od44K8IOOCtuODqyAyMeWeiyDjg5vjg6/jgqTjg4g=,57SN5pyfOuWPluWvhOWTgSDlh7rojbc657SEMy015pel44CC44CQ44Ki44K544OZ44OrICAgICDjgJFO44Od44K8IOOCtuODqyAyMeWeiyDjg5vjg6/jgqTjg4g=[rn]
9-88359,aHR0cDovL3RzaG9wLnIxMHMuanAvYWtpYmFvby1yL2NhYmluZXQvbGJsX25vaW1hZ2UuZ2lmP2ZpdGluPTcwMDo3MDA=,NDMwLjQwMDA=,,44Kt44OD44OB44Oz55So5ZOB44O76aOf5Zmo44O76Kq/55CG5Zmo5YW3ID4g44Gd44Gu5LuW,44CQ44Ki44K544OZ44OrICAgICDjgJHjg6vjgq/jg6zjg7zjg6sg44Kz44Os44Kv44K344On44OzIE0g44Ob44Ov44Kk44OI,57SN5pyfOuWPluWvhOWTgSDlh7rojbc657SEMy015pel,PGRpcj48L2Rpcj48dGFibGUgd2lkdGg9IjgwMCIgYm9yZGVyPSIwIiBjZWxsc3BhY2luZz0iMCIgY2VsbHBhZGRpbmc9IjAiPgoKPHRyPjx0ZD48YnI+PGltZyBzcmM9Imh0dHA6Ly9pbWFnZS5yYWt1dGVuLmNvLmpwL2FraWJhb28tci9jYWJpbmV0L3Nob3BpbWcvaG9uYnVuaW5mby9tYWlsYmluX25vXzIwMTYwOTA5LmpwZyIgYWx0PSLjg6Hjg7zjg6vkvr/lr77osaHlpJYiIC8+PC90ZD48L3RyPgoKPHRyPjx0ZD48aW1nIHNyYz0iaHR0cDovL2ltYWdlLnJha3V0ZW4uY28uanAvYWtpYmFvby1yL2NhYmluZXQvc2hvcGltZy9ob25idW5pbmZvL2ltZ3JjMDA2NTk2NzgxNi5qcGciIGFsdD0i5Y+W5a+E5ZOB5rOo5oSPIiAvPjwvdGQ+PC90cj4KCjwvdGFibGU+Cgo8c3R5bGUgdHlwZT0idGV4dC9jc3MiPgpzcGFuLml0ZW1fZGVzYyBUQUJMRSB7CkJPUkRFUi1DT0xMQVBTRTogY29sbGFwc2U7CmJvcmRlci1zcGFjaW5nOiAwcHg7CmZvbnQtc2l6ZTogMTAwJTsKZW1wdHktY2VsbHM6IHNob3c7Cn0KCnNwYW4uaXRlbV9kZXNjIHRhYmxlLCBzcGFuLml0ZW1fZGVzYyB0aCwgc3Bhbi5pdGVtX2Rlc2MgdGQsIHNwYW4uaXRlbV9kZXNjIHRyIHsKYm9yZGVyLWNvbG9yOiAjZmYzM2ZmOwp9CgpzcGFuLml0ZW1fZGVzYyB0YWJsZSB0aCB7CmJhY2tncm91bmQtY29sb3I6ICNmZkNDZmY7Cn0KCnNwYW4udW5pdCB7CiBiYWNrZ3JvdW5kOiB1cmwoImh0dHA6Ly9pbWFnZS5yYWt1dGVuLmNvLmpwL2FraWJhb28tci9jYWJpbmV0L3Nob3BpbWcvaG9uYnVuaW5mby90b3JpeW9zZV8yMDE3XzAxLmpwZyIpIG5vLXJlcGVhdCBsZWZ0IHRvcDsKIHRleHQtaW5kZW50Oi05OTk5OwogZGlzcGxheTogYmxvY2s7CiB3aWR0aDogNTgwcHg7CiBoZWlnaHQ6IDM1MHB4OwogbWFyZ2luOjE1cHggMDsgfQoKPC9zdHlsZT4=,44CQ44Ki44K544OZ44OrICAgICDjgJHjg6vjgq/jg6zjg7zjg6sg44Kz44Os44Kv44K344On44OzIE0g44Ob44Ov44Kk44OI77ya44GC44GN44Gw44GK772e5qW95aSp5biC5aC05pSv5bqX,44Oh44Oi44Oq44O844OW44Or44O844Os44KkRFZE44OG44Os44OT44Os44Kz44O844OA44O85a6J5ZCM5Lq644Kq44K/44Kv44Ki44Kt44OQ44OV44Kj44Ku44Ol44Ki44K544Oe44O844OI44OV44Kp44OzaVBob25l6Zu75rGg5YWF6Zu744GK44KC44Gh44KD56m65rCX5riF5rWE5qmf5a626Zu744Kq44O844OH44Kj44Kq44Kr44O86ZuR6LKo44CQ44Ki44K544OZ44OrICAgICDjgJHjg6vjgq/jg6zjg7zjg6sg44Kz44Os44Kv44K344On44OzIE0g44Ob44Ov44Kk44OI,57SN5pyfOuWPluWvhOWTgSDlh7rojbc657SEMy015pel44CC44CQ44Ki44K544OZ44OrICAgICDjgJHjg6vjgq/jg6zjg7zjg6sg44Kz44Os44Kv44K344On44OzIE0g44Ob44Ov44Kk44OI[rn]
9-88360,aHR0cDovL3RzaG9wLnIxMHMuanAvYWtpYmFvby1yL2NhYmluZXQvbGJsX25vaW1hZ2UuZ2lmP2ZpdGluPTcwMDo3MDA=,MTIzMC40MDAw,,44Kt44OD44OB44Oz55So5ZOB44O76aOf5Zmo44O76Kq/55CG5Zmo5YW3ID4g44Gd44Gu5LuW,44CQ44Ki44K544OZ44OrICAgICDjgJHjg5Xjgqnjg6vjg54g44Of44OL44Ov44Kk44Ok44O8IDMg44Ob44Ov44Kk44OI,57SN5pyfOuWPluWvhOWTgSDlh7rojbc657SEMy015pel,PGRpcj48L2Rpcj48dGFibGUgd2lkdGg9IjgwMCIgYm9yZGVyPSIwIiBjZWxsc3BhY2luZz0iMCIgY2VsbHBhZGRpbmc9IjAiPgoKPHRyPjx0ZD48YnI+PGltZyBzcmM9Imh0dHA6Ly9pbWFnZS5yYWt1dGVuLmNvLmpwL2FraWJhb28tci9jYWJpbmV0L3Nob3BpbWcvaG9uYnVuaW5mby9tYWlsYmluX25vXzIwMTYwOTA5LmpwZyIgYWx0PSLjg6Hjg7zjg6vkvr/lr77osaHlpJYiIC8+PC90ZD48L3RyPgoKPHRyPjx0ZD48aW1nIHNyYz0iaHR0cDovL2ltYWdlLnJha3V0ZW4uY28uanAvYWtpYmFvby1yL2NhYmluZXQvc2hvcGltZy9ob25idW5pbmZvL2ltZ3JjMDA2NTk2NzgxNi5qcGciIGFsdD0i5Y+W5a+E5ZOB5rOo5oSPIiAvPjwvdGQ+PC90cj4KCjwvdGFibGU+Cgo8c3R5bGUgdHlwZT0idGV4dC9jc3MiPgpzcGFuLml0ZW1fZGVzYyBUQUJMRSB7CkJPUkRFUi1DT0xMQVBTRTogY29sbGFwc2U7CmJvcmRlci1zcGFjaW5nOiAwcHg7CmZvbnQtc2l6ZTogMTAwJTsKZW1wdHktY2VsbHM6IHNob3c7Cn0KCnNwYW4uaXRlbV9kZXNjIHRhYmxlLCBzcGFuLml0ZW1fZGVzYyB0aCwgc3Bhbi5pdGVtX2Rlc2MgdGQsIHNwYW4uaXRlbV9kZXNjIHRyIHsKYm9yZGVyLWNvbG9yOiAjZmYzM2ZmOwp9CgpzcGFuLml0ZW1fZGVzYyB0YWJsZSB0aCB7CmJhY2tncm91bmQtY29sb3I6ICNmZkNDZmY7Cn0KCnNwYW4udW5pdCB7CiBiYWNrZ3JvdW5kOiB1cmwoImh0dHA6Ly9pbWFnZS5yYWt1dGVuLmNvLmpwL2FraWJhb28tci9jYWJpbmV0L3Nob3BpbWcvaG9uYnVuaW5mby90b3JpeW9zZV8yMDE3XzAxLmpwZyIpIG5vLXJlcGVhdCBsZWZ0IHRvcDsKIHRleHQtaW5kZW50Oi05OTk5OwogZGlzcGxheTogYmxvY2s7CiB3aWR0aDogNTgwcHg7CiBoZWlnaHQ6IDM1MHB4OwogbWFyZ2luOjE1cHggMDsgfQoKPC9zdHlsZT4=,44CQ44Ki44K544OZ44OrICAgICDjgJHjg5Xjgqnjg6vjg54g44Of44OL44Ov44Kk44Ok44O8IDMg44Ob44Ov44Kk44OI77ya44GC44GN44Gw44GK772e5qW95aSp5biC5aC05pSv5bqX,44Oh44Oi44Oq44O844OW44Or44O844Os44KkRFZE44OG44Os44OT44Os44Kz44O844OA44O85a6J5ZCM5Lq644Kq44K/44Kv44Ki44Kt44OQ44OV44Kj44Ku44Ol44Ki44K544Oe44O844OI44OV44Kp44OzaVBob25l6Zu75rGg5YWF6Zu744GK44KC44Gh44KD56m65rCX5riF5rWE5qmf5a626Zu744Kq44O844OH44Kj44Kq44Kr44O86ZuR6LKo44CQ44Ki44K544OZ44OrICAgICDjgJHjg5Xjgqnjg6vjg54g44Of44OL44Ov44Kk44Ok44O8IDMg44Ob44Ov44Kk44OI,57SN5pyfOuWPluWvhOWTgSDlh7rojbc657SEMy015pel44CC44CQ44Ki44K544OZ44OrICAgICDjgJHjg5Xjgqnjg6vjg54g44Of44OL44Ov44Kk44Ok44O8IDMg44Ob44Ov44Kk44OI[rn]
9-88361,aHR0cDovL3RzaG9wLnIxMHMuanAvYWtpYmFvby1yL2NhYmluZXQvbGJsX25vaW1hZ2UuZ2lmP2ZpdGluPTcwMDo3MDA=,NjUyLjAwMDA=,,44Kt44OD44OB44Oz55So5ZOB44O76aOf5Zmo44O76Kq/55CG5Zmo5YW3ID4g44Gd44Gu5LuW,44CQ44Ki44K544OZ44OrICAgICDjgJHjg6njg7Pjgr/jgrkg44OK44OB44Ol44Op44Or44OZ44Ki44O8IFNTLVQ2MDAg44OW44Or44O8,57SN5pyfOuWPluWvhOWTgSDlh7rojbc657SEMy015pel,PGRpcj48L2Rpcj48dGFibGUgd2lkdGg9IjgwMCIgYm9yZGVyPSIwIiBjZWxsc3BhY2luZz0iMCIgY2VsbHBhZGRpbmc9IjAiPgoKPHRyPjx0ZD48YnI+PGltZyBzcmM9Imh0dHA6Ly9pbWFnZS5yYWt1dGVuLmNvLmpwL2FraWJhb28tci9jYWJpbmV0L3Nob3BpbWcvaG9uYnVuaW5mby9tYWlsYmluX25vXzIwMTYwOTA5LmpwZyIgYWx0PSLjg6Hjg7zjg6vkvr/lr77osaHlpJYiIC8+PC90ZD48L3RyPgoKPHRyPjx0ZD48aW1nIHNyYz0iaHR0cDovL2ltYWdlLnJha3V0ZW4uY28uanAvYWtpYmFvby1yL2NhYmluZXQvc2hvcGltZy9ob25idW5pbmZvL2ltZ3JjMDA2NTk2NzgxNi5qcGciIGFsdD0i5Y+W5a+E5ZOB5rOo5oSPIiAvPjwvdGQ+PC90cj4KCjwvdGFibGU+Cgo8c3R5bGUgdHlwZT0idGV4dC9jc3MiPgpzcGFuLml0ZW1fZGVzYyBUQUJMRSB7CkJPUkRFUi1DT0xMQVBTRTogY29sbGFwc2U7CmJvcmRlci1zcGFjaW5nOiAwcHg7CmZvbnQtc2l6ZTogMTAwJTsKZW1wdHktY2VsbHM6IHNob3c7Cn0KCnNwYW4uaXRlbV9kZXNjIHRhYmxlLCBzcGFuLml0ZW1fZGVzYyB0aCwgc3Bhbi5pdGVtX2Rlc2MgdGQsIHNwYW4uaXRlbV9kZXNjIHRyIHsKYm9yZGVyLWNvbG9yOiAjZmYzM2ZmOwp9CgpzcGFuLml0ZW1fZGVzYyB0YWJsZSB0aCB7CmJhY2tncm91bmQtY29sb3I6ICNmZkNDZmY7Cn0KCnNwYW4udW5pdCB7CiBiYWNrZ3JvdW5kOiB1cmwoImh0dHA6Ly9pbWFnZS5yYWt1dGVuLmNvLmpwL2FraWJhb28tci9jYWJpbmV0L3Nob3BpbWcvaG9uYnVuaW5mby90b3JpeW9zZV8yMDE3XzAxLmpwZyIpIG5vLXJlcGVhdCBsZWZ0IHRvcDsKIHRleHQtaW5kZW50Oi05OTk5OwogZGlzcGxheTogYmxvY2s7CiB3aWR0aDogNTgwcHg7CiBoZWlnaHQ6IDM1MHB4OwogbWFyZ2luOjE1cHggMDsgfQoKPC9zdHlsZT4=,44CQ44Ki44K544OZ44OrICAgICDjgJHjg6njg7Pjgr/jgrkg44OK44OB44Ol44Op44Or44OZ44Ki44O8IFNTLVQ2MDAg44OW44Or44O877ya44GC44GN44Gw44GK772e5qW95aSp5biC5aC05pSv5bqX,44Oh44Oi44Oq44O844OW44Or44O844Os44KkRFZE44OG44Os44OT44Os44Kz44O844OA44O85a6J5ZCM5Lq644Kq44K/44Kv44Ki44Kt44OQ44OV44Kj44Ku44Ol44Ki44K544Oe44O844OI44OV44Kp44OzaVBob25l6Zu75rGg5YWF6Zu744GK44KC44Gh44KD56m65rCX5riF5rWE5qmf5a626Zu744Kq44O844OH44Kj44Kq44Kr44O86ZuR6LKo44CQ44Ki44K544OZ44OrICAgICDjgJHjg6njg7Pjgr/jgrkg44OK44OB44Ol44Op44Or44OZ44Ki44O8IFNTLVQ2MDAg44OW44Or44O8,57SN5pyfOuWPluWvhOWTgSDlh7rojbc657SEMy015pel44CC44CQ44Ki44K544OZ44OrICAgICDjgJHjg6njg7Pjgr/jgrkg44OK44OB44Ol44Op44Or44OZ44Ki44O8IFNTLVQ2MDAg44OW44Or44O8[rn]
9-88362,aHR0cDovL3RzaG9wLnIxMHMuanAvYWtpYmFvby1yL2NhYmluZXQvbGJsX25vaW1hZ2UuZ2lmP2ZpdGluPTcwMDo3MDA=,NjY3LjIwMDA=,,44Kt44OD44OB44Oz55So5ZOB44O76aOf5Zmo44O76Kq/55CG5Zmo5YW3ID4g44Gd44Gu5LuW,44CQ44Ki44K544OZ44OrICAgICDjgJHjg6njg7Pjgr/jgrkgRkwgU1MtVDY0MCDjg5bjg6njg4Pjgq8=,57SN5pyfOuWPluWvhOWTgSDlh7rojbc657SEMy015pel,PGRpcj48L2Rpcj48dGFibGUgd2lkdGg9IjgwMCIgYm9yZGVyPSIwIiBjZWxsc3BhY2luZz0iMCIgY2VsbHBhZGRpbmc9IjAiPgoKPHRyPjx0ZD48YnI+PGltZyBzcmM9Imh0dHA6Ly9pbWFnZS5yYWt1dGVuLmNvLmpwL2FraWJhb28tci9jYWJpbmV0L3Nob3BpbWcvaG9uYnVuaW5mby9tYWlsYmluX25vXzIwMTYwOTA5LmpwZyIgYWx0PSLjg6Hjg7zjg6vkvr/lr77osaHlpJYiIC8+PC90ZD48L3RyPgoKPHRyPjx0ZD48aW1nIHNyYz0iaHR0cDovL2ltYWdlLnJha3V0ZW4uY28uanAvYWtpYmFvby1yL2NhYmluZXQvc2hvcGltZy9ob25idW5pbmZvL2ltZ3JjMDA2NTk2NzgxNi5qcGciIGFsdD0i5Y+W5a+E5ZOB5rOo5oSPIiAvPjwvdGQ+PC90cj4KCjwvdGFibGU+Cgo8c3R5bGUgdHlwZT0idGV4dC9jc3MiPgpzcGFuLml0ZW1fZGVzYyBUQUJMRSB7CkJPUkRFUi1DT0xMQVBTRTogY29sbGFwc2U7CmJvcmRlci1zcGFjaW5nOiAwcHg7CmZvbnQtc2l6ZTogMTAwJTsKZW1wdHktY2VsbHM6IHNob3c7Cn0KCnNwYW4uaXRlbV9kZXNjIHRhYmxlLCBzcGFuLml0ZW1fZGVzYyB0aCwgc3Bhbi5pdGVtX2Rlc2MgdGQsIHNwYW4uaXRlbV9kZXNjIHRyIHsKYm9yZGVyLWNvbG9yOiAjZmYzM2ZmOwp9CgpzcGFuLml0ZW1fZGVzYyB0YWJsZSB0aCB7CmJhY2tncm91bmQtY29sb3I6ICNmZkNDZmY7Cn0KCnNwYW4udW5pdCB7CiBiYWNrZ3JvdW5kOiB1cmwoImh0dHA6Ly9pbWFnZS5yYWt1dGVuLmNvLmpwL2FraWJhb28tci9jYWJpbmV0L3Nob3BpbWcvaG9uYnVuaW5mby90b3JpeW9zZV8yMDE3XzAxLmpwZyIpIG5vLXJlcGVhdCBsZWZ0IHRvcDsKIHRleHQtaW5kZW50Oi05OTk5OwogZGlzcGxheTogYmxvY2s7CiB3aWR0aDogNTgwcHg7CiBoZWlnaHQ6IDM1MHB4OwogbWFyZ2luOjE1cHggMDsgfQoKPC9zdHlsZT4=,44CQ44Ki44K544OZ44OrICAgICDjgJHjg6njg7Pjgr/jgrkgRkwgU1MtVDY0MCDjg5bjg6njg4Pjgq/vvJrjgYLjgY3jgbDjgYrvvZ7mpb3lpKnluILloLTmlK/lupc=,44Oh44Oi44Oq44O844OW44Or44O844Os44KkRFZE44OG44Os44OT44Os44Kz44O844OA44O85a6J5ZCM5Lq644Kq44K/44Kv44Ki44Kt44OQ44OV44Kj44Ku44Ol44Ki44K544Oe44O844OI44OV44Kp44OzaVBob25l6Zu75rGg5YWF6Zu744GK44KC44Gh44KD56m65rCX5riF5rWE5qmf5a626Zu744Kq44O844OH44Kj44Kq44Kr44O86ZuR6LKo44CQ44Ki44K544OZ44OrICAgICDjgJHjg6njg7Pjgr/jgrkgRkwgU1MtVDY0MCDjg5bjg6njg4Pjgq8=,57SN5pyfOuWPluWvhOWTgSDlh7rojbc657SEMy015pel44CC44CQ44Ki44K544OZ44OrICAgICDjgJHjg6njg7Pjgr/jgrkgRkwgU1MtVDY0MCDjg5bjg6njg4Pjgq8=[rn]
9-88363,aHR0cDovL3RzaG9wLnIxMHMuanAvYWtpYmFvby1yL2NhYmluZXQvbGJsX25vaW1hZ2UuZ2lmP2ZpdGluPTcwMDo3MDA=,NTYzLjIwMDA=,,44Kt44OD44OB44Oz55So5ZOB44O76aOf5Zmo44O76Kq/55CG5Zmo5YW3ID4g44Gd44Gu5LuW,44CQ44Ki44K544OZ44OrICAgICDjgJHjg6njg7Pjgr/jgrkg44Op44Oz44OB44Oc44OD44Kv44K5IOaiheiKsSDjg5Djg4PjgrDku5jjgY0gU1MtVDYyMCDjg5bjg6njg4Pjgq8=,57SN5pyfOuWPluWvhOWTgSDlh7rojbc657SEMy015pel,PGRpcj48L2Rpcj48dGFibGUgd2lkdGg9IjgwMCIgYm9yZGVyPSIwIiBjZWxsc3BhY2luZz0iMCIgY2VsbHBhZGRpbmc9IjAiPgoKPHRyPjx0ZD48YnI+PGltZyBzcmM9Imh0dHA6Ly9pbWFnZS5yYWt1dGVuLmNvLmpwL2FraWJhb28tci9jYWJpbmV0L3Nob3BpbWcvaG9uYnVuaW5mby9tYWlsYmluX25vXzIwMTYwOTA5LmpwZyIgYWx0PSLjg6Hjg7zjg6vkvr/lr77osaHlpJYiIC8+PC90ZD48L3RyPgoKPHRyPjx0ZD48aW1nIHNyYz0iaHR0cDovL2ltYWdlLnJha3V0ZW4uY28uanAvYWtpYmFvby1yL2NhYmluZXQvc2hvcGltZy9ob25idW5pbmZvL2ltZ3JjMDA2NTk2NzgxNi5qcGciIGFsdD0i5Y+W5a+E5ZOB5rOo5oSPIiAvPjwvdGQ+PC90cj4KCjwvdGFibGU+Cgo8c3R5bGUgdHlwZT0idGV4dC9jc3MiPgpzcGFuLml0ZW1fZGVzYyBUQUJMRSB7CkJPUkRFUi1DT0xMQVBTRTogY29sbGFwc2U7CmJvcmRlci1zcGFjaW5nOiAwcHg7CmZvbnQtc2l6ZTogMTAwJTsKZW1wdHktY2VsbHM6IHNob3c7Cn0KCnNwYW4uaXRlbV9kZXNjIHRhYmxlLCBzcGFuLml0ZW1fZGVzYyB0aCwgc3Bhbi5pdGVtX2Rlc2MgdGQsIHNwYW4uaXRlbV9kZXNjIHRyIHsKYm9yZGVyLWNvbG9yOiAjZmYzM2ZmOwp9CgpzcGFuLml0ZW1fZGVzYyB0YWJsZSB0aCB7CmJhY2tncm91bmQtY29sb3I6ICNmZkNDZmY7Cn0KCnNwYW4udW5pdCB7CiBiYWNrZ3JvdW5kOiB1cmwoImh0dHA6Ly9pbWFnZS5yYWt1dGVuLmNvLmpwL2FraWJhb28tci9jYWJpbmV0L3Nob3BpbWcvaG9uYnVuaW5mby90b3JpeW9zZV8yMDE3XzAxLmpwZyIpIG5vLXJlcGVhdCBsZWZ0IHRvcDsKIHRleHQtaW5kZW50Oi05OTk5OwogZGlzcGxheTogYmxvY2s7CiB3aWR0aDogNTgwcHg7CiBoZWlnaHQ6IDM1MHB4OwogbWFyZ2luOjE1cHggMDsgfQoKPC9zdHlsZT4=,44CQ44Ki44K544OZ44OrICAgICDjgJHjg6njg7Pjgr/jgrkg44Op44Oz44OB44Oc44OD44Kv44K5IOaiheiKsSDjg5Djg4PjgrDku5jjgY0gU1MtVDYyMCDjg5bjg6njg4Pjgq/vvJrjgYLjgY3jgbDjgYrvvZ7mpb3lpKnluILloLTmlK/lupc=,44Oh44Oi44Oq44O844OW44Or44O844Os44KkRFZE44OG44Os44OT44Os44Kz44O844OA44O85a6J5ZCM5Lq644Kq44K/44Kv44Ki44Kt44OQ44OV44Kj44Ku44Ol44Ki44K544Oe44O844OI44OV44Kp44OzaVBob25l6Zu75rGg5YWF6Zu744GK44KC44Gh44KD56m65rCX5riF5rWE5qmf5a626Zu744Kq44O844OH44Kj44Kq44Kr44O86ZuR6LKo44CQ44Ki44K544OZ44OrICAgICDjgJHjg6njg7Pjgr/jgrkg44Op44Oz44OB44Oc44OD44Kv44K5IOaiheiKsSDjg5Djg4PjgrDku5jjgY0gU1MtVDYyMCDjg5bjg6njg4Pjgq8=,57SN5pyfOuWPluWvhOWTgSDlh7rojbc657SEMy015pel44CC44CQ44Ki44K544OZ44OrICAgICDjgJHjg6njg7Pjgr/jgrkg44Op44Oz44OB44Oc44OD44Kv44K5IOaiheiKsSDjg5Djg4PjgrDku5jjgY0gU1MtVDYyMCDjg5bjg6njg4Pjgq8=[rn]
9-88364,aHR0cDovL3RzaG9wLnIxMHMuanAvYWtpYmFvby1yL2NhYmluZXQvbGJsX25vaW1hZ2UuZ2lmP2ZpdGluPTcwMDo3MDA=,MjMwLjQwMDA=,,44Kt44OD44OB44Oz55So5ZOB44O76aOf5Zmo44O76Kq/55CG5Zmo5YW3ID4g44Gd44Gu5LuW,44CQ44Ki44K544OZ44OrICAgICDjgJHok4vku5jjgY0g44Ki44Kk44K544OI44Os44O8IEwtMTQg44Ob44Ov44Kk44OI,57SN5pyfOuWPluWvhOWTgSDlh7rojbc657SEMy015pel,PGRpcj48L2Rpcj48dGFibGUgd2lkdGg9IjgwMCIgYm9yZGVyPSIwIiBjZWxsc3BhY2luZz0iMCIgY2VsbHBhZGRpbmc9IjAiPgoKPHRyPjx0ZD48YnI+PGltZyBzcmM9Imh0dHA6Ly9pbWFnZS5yYWt1dGVuLmNvLmpwL2FraWJhb28tci9jYWJpbmV0L3Nob3BpbWcvaG9uYnVuaW5mby9tYWlsYmluX25vXzIwMTYwOTA5LmpwZyIgYWx0PSLjg6Hjg7zjg6vkvr/lr77osaHlpJYiIC8+PC90ZD48L3RyPgoKPHRyPjx0ZD48aW1nIHNyYz0iaHR0cDovL2ltYWdlLnJha3V0ZW4uY28uanAvYWtpYmFvby1yL2NhYmluZXQvc2hvcGltZy9ob25idW5pbmZvL2ltZ3JjMDA2NTk2NzgxNi5qcGciIGFsdD0i5Y+W5a+E5ZOB5rOo5oSPIiAvPjwvdGQ+PC90cj4KCjwvdGFibGU+Cgo8c3R5bGUgdHlwZT0idGV4dC9jc3MiPgpzcGFuLml0ZW1fZGVzYyBUQUJMRSB7CkJPUkRFUi1DT0xMQVBTRTogY29sbGFwc2U7CmJvcmRlci1zcGFjaW5nOiAwcHg7CmZvbnQtc2l6ZTogMTAwJTsKZW1wdHktY2VsbHM6IHNob3c7Cn0KCnNwYW4uaXRlbV9kZXNjIHRhYmxlLCBzcGFuLml0ZW1fZGVzYyB0aCwgc3Bhbi5pdGVtX2Rlc2MgdGQsIHNwYW4uaXRlbV9kZXNjIHRyIHsKYm9yZGVyLWNvbG9yOiAjZmYzM2ZmOwp9CgpzcGFuLml0ZW1fZGVzYyB0YWJsZSB0aCB7CmJhY2tncm91bmQtY29sb3I6ICNmZkNDZmY7Cn0KCnNwYW4udW5pdCB7CiBiYWNrZ3JvdW5kOiB1cmwoImh0dHA6Ly9pbWFnZS5yYWt1dGVuLmNvLmpwL2FraWJhb28tci9jYWJpbmV0L3Nob3BpbWcvaG9uYnVuaW5mby90b3JpeW9zZV8yMDE3XzAxLmpwZyIpIG5vLXJlcGVhdCBsZWZ0IHRvcDsKIHRleHQtaW5kZW50Oi05OTk5OwogZGlzcGxheTogYmxvY2s7CiB3aWR0aDogNTgwcHg7CiBoZWlnaHQ6IDM1MHB4OwogbWFyZ2luOjE1cHggMDsgfQoKPC9zdHlsZT4=,44CQ44Ki44K544OZ44OrICAgICDjgJHok4vku5jjgY0g44Ki44Kk44K544OI44Os44O8IEwtMTQg44Ob44Ov44Kk44OI77ya44GC44GN44Gw44GK772e5qW95aSp5biC5aC05pSv5bqX,44Oh44Oi44Oq44O844OW44Or44O844Os44KkRFZE44OG44Os44OT44Os44Kz44O844OA44O85a6J5ZCM5Lq644Kq44K/44Kv44Ki44Kt44OQ44OV44Kj44Ku44Ol44Ki44K544Oe44O844OI44OV44Kp44OzaVBob25l6Zu75rGg5YWF6Zu744GK44KC44Gh44KD56m65rCX5riF5rWE5qmf5a626Zu744Kq44O844OH44Kj44Kq44Kr44O86ZuR6LKo44CQ44Ki44K544OZ44OrICAgICDjgJHok4vku5jjgY0g44Ki44Kk44K544OI44Os44O8IEwtMTQg44Ob44Ov44Kk44OI,57SN5pyfOuWPluWvhOWTgSDlh7rojbc657SEMy015pel44CC44CQ44Ki44K544OZ44OrICAgICDjgJHok4vku5jjgY0g44Ki44Kk44K544OI44Os44O8IEwtMTQg44Ob44Ov44Kk44OI[rn]
