22-59901,aHR0cDovL3RzaG9wLnIxMHMuanAvYnJpZ2h0cy9jYWJpbmV0LzU5L2FkaDMwNTEtMS5qcGc/Zml0aW49NzAwOjcwMA==,NTQ0MC4wMDAw,,6IWV5pmC6KiIID4g55S35aWz5YW855So6IWV5pmC6KiI,44Ki44OH44Kj44OA44K5IEFESURBUyDjgqLjg5Djg4fjgqPjg7zjg7Mg44Kv44Kq44O844OEIOODpuODi+OCu+ODg+OCr+OCuSDohZXmmYLoqIggQURIMzA1MSDjg5vjg6/jgqTjg4g=,44Kr44K444Ol44Ki44Or772e44OT44K444ON44K544K344O844Oz44Gn44KC5L2/44GI44KL6IWV5pmC6KiI44O76ZuR6LKo44KS5aSa5pWw44GU55So5oSP,IDxkaXYgaWQ9ImNvbnRhaW5lciI+IDxkaXYgaWQ9InR0bCI+IDxoMT7jgqLjg4fjgqPjg4DjgrkgQURJREFTIOOCouODkOODh+OCo+ODvOODsyDjgq/jgqrjg7zjg4Qg44Om44OL44K744OD44Kv44K5IOiFleaZguioiCBBREgzMDUxIOODm+ODr+OCpOODiDwvaDE+IDwvZGl2PiA8ZGl2IGNsYXNzPSJwcm9kdWN0Ij48aW1nIHNyYz1odHRwOi8vaW1hZ2UucmFrdXRlbi5jby5qcC9icmlnaHRzL2NhYmluZXQvNTkvYWRoMzA1MS0xLmpwZyB3aWR0aD0iNjAwIiAvPjwvZGl2PiAgPGgyPuOCouODh+OCo+ODgOOCuSBBRElEQVMg44Ki44OQ44OH44Kj44O844OzIEFCRVJERUVOIOOCr+OCquODvOODhCDjg6Hjg7Pjgrog44Os44OH44Kj44O844K5IOaZguioiCDjgqbjgqnjg4Pjg4Eg44Kr44K444Ol44Ki44OrIOODleOCoeODg+OCt+ODp+ODsyDkurrmsJfjg5bjg6njg7Pjg4k8L2gyPiAgPHA+44K544Od44O844OE5qWt55WM44Gu44OI44OD44OX44OW44Op44Oz44OJ44CM44Ki44OH44Kj44OA44K544CN44Gv44CB5qeY44CF44Gq44K544Od44O844OE44Kk44OZ44Oz44OI44G444Gu5Y2U6LOb44KE5Li75YKs44KS6YCa44GY44CB44K544Od44O844OE44Gu55m65bGV44Gr5a+E5LiO44GX44Gm44GE44G+44GZ44CCM+eorumhnuOBruODreOCtOOBq+OCiOOBo+OBpuODqeOCpOODs+OBjOWIhuOBi+OCjOOBpuOBiuOCiuOAgeacgOOCguODneODlOODpeODqeODvOOBquiRieOBo+OBseOBqzPmnKznt5rjgYzlhaXjgaPjgZ/jgqrjg6rjgrjjg4rjg6vjgrnjga7jg63jgrTjga/jgIHjgYvjgaTjgabjga/pnanmlrDnmoTjgafjgIHnj77lnKjjga/jgq/jg6njgrfjg4Pjgq/jgIHjgZ3jgZfjgabjgaTjga3jgavmnKznianjgpLmj5DkvpvjgZnjgovjgrnjg53jg7zjg4Tjg5jjg6rjg4bjg7zjgrjjg6njgqTjg7PjgafjgZnjgILjg5fjg6zjgrzjg7Pjg4jjgoTjgq7jg5Xjg4jjgavjgoLjgYrjgZnjgZnjgoHjgII8L3A+ICA8ZGl2IGNsYXNzPSJwcm9kdWN0Ij48aW1nIHNyYz1odHRwOi8vaW1hZ2UucmFrdXRlbi5jby5qcC9icmlnaHRzL2NhYmluZXQvNTkvYWRoMzA1MS0yLmpwZyB3aWR0aD0iNjAwIiAvPjwvZGl2PiAgPGRpdiBjbGFzcz0icHJvZHVjdCI+IDxpbWcgc3JjPWh0dHA6Ly9pbWFnZS5yYWt1dGVuLmNvLmpwL2JyaWdodHMvY2FiaW5ldC81OS9hZGgzMDUxLTMuanBnIHdpZHRoPSI2MDAiIC8+IDwvZGl2PiA8dGFibGUgaWQ9InRhYmxlLTAxIj4gPHRyPiA8dGg+44K144Kk44K6PC90aD4gPHRkPu+8iOe0hO+8iUg0MMOXVzQxw5dEMTFtbSjjg6njgrDjgIHjg6rjg6Xjg7zjgrrjga/pmaTjgY8p44CB6YeN44GVKOe0hCk0Ne+9h+OAgeiFleWRqOOCiuacgOWkpyjntIQpMTguNWNt44CB5pyA5bCPKOe0hCkxNGNtPC90ZD4gPC90cj4gPHRyPiA8dGg+57Sg5p2QPC90aD4gPHRkPuOCueODhuODs+ODrOOCuSjjgrHjg7zjgrkp44CB44K344Oq44Kz44OzKOODmeODq+ODiCk8L3RkPiA8L3RyPiA8dHI+IDx0aD7ku5Xmp5g8L3RoPiA8dGQ+44Kv44Kq44O844OE44CBNeawl+Wcp+mYsuawtOOAgeOCq+ODqeODvO+8muODm+ODr+OCpOODiMOX44OU44Oz44KvKOaWh+Wtl+ebpCnjgIHjg5vjg6/jgqTjg4jvvIjjg5njg6vjg4jvvIkgPC90ZD4gPC90cj4gPHRyPiA8dGg+5LuY5bGe5ZOBPC90aD4gPHRkPuWwgueUqEJPWOOAgeS/neiovOabuOOAgeWPluaJseiqrOaYjuabuDwvdGQ+IDwvdHI+IDx0cj4gPHRoPuS/neiovOacn+mWkzwvdGg+IDx0ZD4x5bm06ZaTPC90ZD4gPC90cj4gPC90YWJsZT4gPC9kaXY+IDxQIGFsaWduPWNlbnRlcj48Zm9udCBzaXplPTQ+PHN0cm9uZz7jgqLjg4fjgqPjg4DjgrkgQURJREFTIOOCouODkOODh+OCo+ODvOODsyDjgq/jgqrjg7zjg4Qg44Om44OL44K744OD44Kv44K5IOiFleaZguioiCBBREgzMDUxIOODm+ODr+OCpOODiDwvc3Ryb25nPjwvZm9udD48L3A+PGxpbmsgaHJlZj0iaHR0cDovL3d3dy5yYWt1dGVuLm5lLmpwL2dvbGQvYnJpZ2h0cy9jc3MvaXRlbS1sYXlvdXQtYmFzaWMuY3NzIiByZWw9InN0eWxlc2hlZXQiIHR5cGU9InRleHQvY3NzIiAvPg==,44Ki44OH44Kj44OA44K5IEFESURBUyDjgqLjg5Djg4fjgqPjg7zjg7Mg44Kv44Kq44O844OEIOODpuODi+OCu+ODg+OCr+OCuSDohZXmmYLoqIggQURIMzA1MSDjg5vjg6/jgqTjg4jvvJrjgqbjgqnjg4Pjg4Hjg6rjgrnjg4g=,6IWV5pmC6KiIRElFU0VM6Zu75rOi44K944O844Op44O844OH44Kj44O844K844OrYWRpZGFz44Ki44OH44Kj44OA44K544Ki44Or44Oe44O844OLQ0FTSU/jgqvjgrfjgqrmmYLoqIjjg6vjg5/jg47jg4Pjgq/jgrnjgrvjgqTjgrPjg7zjgYbjgafjganjgZHjgYTjgqbjgqnjg4Pjg4Hjg4vjgq/jgr3jg7NaSVBQT+OCrOOCrOODn+ODqeODjuODj+ODn+ODq+ODiOODs1RJTUVHZWFy44Oe44O844Kv44K444Kn44Kk44Kz44OW44K544Ki44OH44Kj44OA44K5IEFESURBUyDjgqLjg5Djg4fjgqPjg7zjg7Mg44Kv44Kq44O844OEIOODpuODi+OCu+ODg+OCr+OCuSDohZXmmYLoqIggQURIMzA1MSDjg5vjg6/jgqTjg4g=,44Kr44K444Ol44Ki44Or772e44OT44K444ON44K544K344O844Oz44Gn44KC5L2/44GI44KL6IWV5pmC6KiI44O76ZuR6LKo44KS5aSa5pWw44GU55So5oSP44CC44Ki44OH44Kj44OA44K5IEFESURBUyDjgqLjg5Djg4fjgqPjg7zjg7Mg44Kv44Kq44O844OEIOODpuODi+OCu+ODg+OCr+OCuSDohZXmmYLoqIggQURIMzA1MSDjg5vjg6/jgqTjg4g=[rn]
22-59902,aHR0cDovL3RzaG9wLnIxMHMuanAvYnJpZ2h0cy9jYWJpbmV0LzYyL2FkcDYxMDYtMS5qcGc/Zml0aW49NzAwOjcwMA==,NTM2MC4wMDAw,,6IWV5pmC6KiIID4g55S35aWz5YW855So6IWV5pmC6KiI,44Ki44OH44Kj44OA44K5IOODkeODleOCqeODvOODnuODs+OCuSDjg4fjgrjjgr/jg6sg44Om44OL44K744OD44Kv44K5IOiFleaZguioiCBBRFA2MTA2IOODluODqeODg+OCrw==,44Kr44K444Ol44Ki44Or772e44OT44K444ON44K544K344O844Oz44Gn44KC5L2/44GI44KL6IWV5pmC6KiI44O76ZuR6LKo44KS5aSa5pWw44GU55So5oSP,IDxkaXYgaWQ9ImNvbnRhaW5lciI+IDxkaXYgaWQ9InR0bCI+IDxoMT7jgqLjg4fjgqPjg4Djgrkg44OR44OV44Kp44O844Oe44Oz44K5IOODh+OCuOOCv+ODqyDjg6bjg4vjgrvjg4Pjgq/jgrkg6IWV5pmC6KiIIEFEUDYxMDYg44OW44Op44OD44KvPC9oMT4gPC9kaXY+IDxkaXYgY2xhc3M9InByb2R1Y3QiPjxpbWcgc3JjPWh0dHA6Ly9pbWFnZS5yYWt1dGVuLmNvLmpwL2JyaWdodHMvY2FiaW5ldC82Mi9hZHA2MTA2LTEuanBnIHdpZHRoPSI2MDAiIC8+PC9kaXY+ICA8aDI+QURJREFTIOODkeODleOCqeODvOODnuODs+OCuSBQZXJmb3JtYW5jZSDjgq/jgqrjg7zjg4Qg44K544Od44O844OEIOOCpuOCqeODg+ODgTwvaDI+ICA8cD7jgrnjg53jg7zjg4Tmpa3nlYzjga7jg4jjg4Pjg5fjg5bjg6njg7Pjg4njgIzjgqLjg4fjgqPjg4DjgrnjgI3jga/jgIHmp5jjgIXjgarjgrnjg53jg7zjg4TjgqTjg5njg7Pjg4jjgbjjga7ljZTos5vjgoTkuLvlgqzjgpLpgJrjgZjjgIHjgrnjg53jg7zjg4Tjga7nmbrlsZXjgavlr4TkuI7jgZfjgabjgYTjgb7jgZnjgIIz56iu6aGe44Gu44Ot44K044Gr44KI44Gj44Gm44Op44Kk44Oz44GM5YiG44GL44KM44Gm44GK44KK44CB5pyA44KC44Od44OU44Ol44Op44O844Gq6JGJ44Gj44Gx44GrM+acrOe3muOBjOWFpeOBo+OBn+OCquODquOCuOODiuODq+OCueOBruODreOCtOOBr+OAgeOBi+OBpOOBpuOBr+mdqeaWsOeahOOBp+OAgeePvuWcqOOBr+OCr+ODqeOCt+ODg+OCr+OAgeOBneOBl+OBpuOBpOOBreOBq+acrOeJqeOCkuaPkOS+m+OBmeOCi+OCueODneODvOODhOODmOODquODhuODvOOCuOODqeOCpOODs+OBp+OBmeOAguODl+ODrOOCvOODs+ODiOOChOOCruODleODiOOBq+OCguOBiuOBmeOBmeOCgeOAgjwvcD4gIDxkaXYgY2xhc3M9InByb2R1Y3QiPjxpbWcgc3JjPWh0dHA6Ly9pbWFnZS5yYWt1dGVuLmNvLmpwL2JyaWdodHMvY2FiaW5ldC82Mi9hZHA2MTA2LTIuanBnIHdpZHRoPSI2MDAiIC8+PC9kaXY+ICA8ZGl2IGNsYXNzPSJwcm9kdWN0Ij4gPGltZyBzcmM9aHR0cDovL2ltYWdlLnJha3V0ZW4uY28uanAvYnJpZ2h0cy9jYWJpbmV0LzYyL2FkcDYxMDYtMy5qcGcgd2lkdGg9IjYwMCIgLz4gPC9kaXY+IDx0YWJsZSBpZD0idGFibGUtMDEiPiA8dHI+IDx0aD7jgrXjgqTjgro8L3RoPiA8dGQ+77yI57SE77yJSDM2w5dXNTLDl0QxMm1tKOODqeOCsOOAgeODquODpeODvOOCuuOBr+mZpOOBjynjgIHph43jgZUo57SEKTQ1772H44CB6IWV5ZGo44KK5pyA5aSnKOe0hCkxOWNt44CB5pyA5bCPKOe0hCkxMy41Y208L3RkPiA8L3RyPiA8dHI+IDx0aD7ntKDmnZA8L3RoPiA8dGQ+44Op44OQ44O844CB44K544OG44Oz44Os44K5KOOCseODvOOCuSnjgIHjg6njg5Djg7wo44OZ44Or44OIKTwvdGQ+IDwvdHI+IDx0cj4gPHRoPuS7leanmDwvdGg+IDx0ZD7jg4fjgrjjgr/jg6vjgq/jgqnjg7zjg4TjgIHml6XluLjnlJ/mtLvpmLLmsLTjgIHjgrnjg4jjg4Pjg5fjgqbjgqnjg4Pjg4HjgIHjgqLjg6njg7zjg6DjgIHjgqvjg6zjg7Pjg4Djg7zjgIHjgqvjg6njg7zvvJrjg5bjg6njg4Pjgq8o5paH5a2X55ukKeOAgeODluODqeODg+OCr++8iOODmeODq+ODiO+8iSA8L3RkPiA8L3RyPiA8dHI+IDx0aD7ku5jlsZ7lk4E8L3RoPiA8dGQ+Qk9Y44CB5L+d6Ki85pu444CB5Y+W5omx6Kqs5piO5pu4PC90ZD4gPC90cj4gPHRyPiA8dGg+5L+d6Ki85pyf6ZaTPC90aD4gPHRkPjHlubTplpM8L3RkPiA8L3RyPiA8L3RhYmxlPiA8L2Rpdj4gPFAgYWxpZ249Y2VudGVyPjxmb250IHNpemU9ND48c3Ryb25nPuOCouODh+OCo+ODgOOCuSDjg5Hjg5Xjgqnjg7zjg57jg7Pjgrkg44OH44K444K/44OrIOODpuODi+OCu+ODg+OCr+OCuSDohZXmmYLoqIggQURQNjEwNiDjg5bjg6njg4Pjgq88L3N0cm9uZz48L2ZvbnQ+PC9wPjxocj48YSBocmVmPSJodHRwOi8vaXRlbS5yYWt1dGVuLmNvLmpwL2JyaWdodHMvMjc5MTYyLyI+PGltZyBzcmM9Imh0dHA6Ly9pbWFnZS5yYWt1dGVuLmNvLmpwL2JyaWdodHMvY2FiaW5ldC8wNDYxNS9rb2t1aW5ibnIuanBnIiB3aWR0aD0iMTAwJSI+PC9hPjxsaW5rIGhyZWY9Imh0dHA6Ly93d3cucmFrdXRlbi5uZS5qcC9nb2xkL2JyaWdodHMvY3NzL2l0ZW0tbGF5b3V0LWJhc2ljLmNzcyIgcmVsPSJzdHlsZXNoZWV0IiB0eXBlPSJ0ZXh0L2NzcyIgLz4=,44Ki44OH44Kj44OA44K5IOODkeODleOCqeODvOODnuODs+OCuSDjg4fjgrjjgr/jg6sg44Om44OL44K744OD44Kv44K5IOiFleaZguioiCBBRFA2MTA2IOODluODqeODg+OCr++8muOCpuOCqeODg+ODgeODquOCueODiA==,6IWV5pmC6KiIRElFU0VM6Zu75rOi44K944O844Op44O844OH44Kj44O844K844OrYWRpZGFz44Ki44OH44Kj44OA44K544Ki44Or44Oe44O844OLQ0FTSU/jgqvjgrfjgqrmmYLoqIjjg6vjg5/jg47jg4Pjgq/jgrnjgrvjgqTjgrPjg7zjgYbjgafjganjgZHjgYTjgqbjgqnjg4Pjg4Hjg4vjgq/jgr3jg7NaSVBQT+OCrOOCrOODn+ODqeODjuODj+ODn+ODq+ODiOODs1RJTUVHZWFy44Oe44O844Kv44K444Kn44Kk44Kz44OW44K544Ki44OH44Kj44OA44K5IOODkeODleOCqeODvOODnuODs+OCuSDjg4fjgrjjgr/jg6sg44Om44OL44K744OD44Kv44K5IOiFleaZguioiCBBRFA2MTA2IOODluODqeODg+OCrw==,44Kr44K444Ol44Ki44Or772e44OT44K444ON44K544K344O844Oz44Gn44KC5L2/44GI44KL6IWV5pmC6KiI44O76ZuR6LKo44KS5aSa5pWw44GU55So5oSP44CC44Ki44OH44Kj44OA44K5IOODkeODleOCqeODvOODnuODs+OCuSDjg4fjgrjjgr/jg6sg44Om44OL44K744OD44Kv44K5IOiFleaZguioiCBBRFA2MTA2IOODluODqeODg+OCrw==[rn]
22-59903,aHR0cDovL3RzaG9wLnIxMHMuanAvbm9wcGxlL2NhYmluZXQvMDQ0Mjg2MjUvaW1ncmMwMDcyMDk0OTI1LmpwZz9maXRpbj03MDA6NzAw,MTAzMjAuMDAwMA==,,6IWV5pmC6KiIID4g55S35aWz5YW855So6IWV5pmC6KiI,44OA44OL44Ko44Or44Km44Kn44Oq44Oz44OI44OzIOaZguioiCDjg6zjg4fjgqPjg7zjgrkg6IWV5pmC6KiIIOOCr+ODqeOCt+ODg+OCr+ODluODqeODg+OCryDjg63jg7zjgrrjgrTjg7zjg6vjg4kgMzbjg5/jg6og44OW44Op44OD44Kv44Os44K244O8IERXMDAxMDAxMzkg44OT44K444ON44K5IOeUt+aApyDlpbPmgKcg44OW44Op44Oz44OJIOaZguioiCDjgJDjg5DjgqTjg6Tjg7zjgYrjgZnjgZnjgoHjgJHjgJDku5XkuovnlKjjgJEg6KqV55Sf5pelIOaWsOeUn+a0uyDljZLmpa0g44GK56Wd44GEIOOCruODleODiCDjgrvjg6zjgq/jg4jllYblk4HjgJDjgrPjg7Pjg5Pjg4vlj5flj5blj6/jgJE=,44CQMeW5tOS/neiovOOAkeOAkOODkOOCpOODpOODvOOBiuOBmeOBmeOCgeOAkeOAkOODqeODg+ODlOODs+OCsOWPr+OAkeOAkOOBguOBmealveOAkQ==,PCEtLVBD55So6LKp5aOy6Kqs5piO5paHLS0+CjwhLS3jg5bjg6njg7Pjg4nlkI0tLT4KPGRpdiBzdHlsZT0icG9zaXRpb246cmVsYXRpdmU7IHdpZHRoOjcyOHB4OyBoZWlnaHQ6YXV0bzsgbWFyZ2luOjA7IGJvcmRlci1zdHlsZTpzb2xpZDsgYm9yZGVyLXdpZHRoOjFweDsgYm9yZGVyLWNvbG9yOiNDQ0NDQ0M7Ij48aW1nIHNyYz0iIiBib3JkZXI9IjAiPgo8L2Rpdj4KPCEtLS8v44OW44Op44Oz44OJ5ZCNLS0+CjwhLS3llYblk4HnlLvlg48tLT4KPCEtLTHmnprnm64tLT4KPGRpdiBzdHlsZT0icG9zaXRpb246cmVsYXRpdmU7IHdpZHRoOjcyOHB4OyBoZWlnaHQ6YXV0bzsgbWFyZ2luOjEwcHggMCAwIDA7IGJvcmRlci1zdHlsZTpzb2xpZDsgYm9yZGVyLXdpZHRoOjFweDsgYm9yZGVyLWNvbG9yOiNDQ0NDQ0M7IHRleHQtYWxpZ246Y2VudGVyOyI+PGltZyBzcmM9Imh0dHA6Ly9pbWFnZS5yYWt1dGVuLmNvLmpwL25vcHBsZS9jYWJpbmV0LzA0NDI4NjI1L2ltZ3JjMDA3MjA5NDkyNS5qcGciIHN0eWxlPSJ3aWR0aDppbmhlcml0OyB3aWR0aDphdXRvOyBoZWlnaHQ6YXV0bzsgYm9yZGVyOjA7IHZlcnRpY2FsLWFsaWduOmJvdHRvbTsiPgo8L2Rpdj4KPCEtLS8vMeaemuebri0tPgoKPCEtLTLmnprnm64tLT4KPGRpdiBzdHlsZT0icG9zaXRpb246cmVsYXRpdmU7IHdpZHRoOjcyOHB4OyBoZWlnaHQ6YXV0bzsgbWFyZ2luOjEwcHggMCAwIDA7IGJvcmRlci1zdHlsZTpzb2xpZDsgYm9yZGVyLXdpZHRoOjFweDsgYm9yZGVyLWNvbG9yOiNDQ0NDQ0M7IHRleHQtYWxpZ246Y2VudGVyOyI+PGltZyBzcmM9Imh0dHA6Ly9pbWFnZS5yYWt1dGVuLmNvLmpwL25vcHBsZS9jYWJpbmV0LzA0NDI4NjI1L2ltZ3JjMDA2ODczMzAxNi5qcGciIHN0eWxlPSJ3aWR0aDppbmhlcml0OyB3aWR0aDphdXRvOyBoZWlnaHQ6YXV0bzsgYm9yZGVyOjA7IHZlcnRpY2FsLWFsaWduOmJvdHRvbTsiPgo8L2Rpdj4KPCEtLS8vMuaemuebri0tPgo8ZGl2IHN0eWxlPSJjbGVhcjpib3RoOyI+PC9kaXY+CjwvZGl2Pgo8IS0tLy/llYblk4HnlLvlg48tLT4KCjxicj48YnI+Cgo8IS0t5ZWG5ZOB6Kmz57SwLS0+Cjx0YWJsZSB3aWR0aD0iNzMwIiBib3JkZXI9IjAiIGNlbGxzcGFjaW5nPSIwIiBjZWxscGFkZGluZz0iMCI+Cjx0cj4KPHRkIGhlaWdodD0iNTUiIHZhbGlnbj0idG9wIj48aW1nIHNyYz0iaHR0cDovL2ltYWdlLnJha3V0ZW4uY28uanAvbm9wcGxlL2NhYmluZXQvY29tbW9uL2NvbS1zcGVjLXRpdGxlLmdpZiIgYWx0PSLllYblk4HoqbPntLAiIGJvcmRlcj0iMCI+PC90ZD48L3RyPgo8dHI+Cjx0ZD48Zm9udCBzaXplPSIzIj48c3Ryb25nPgoK44OA44OL44Ko44Or44Km44Kn44Oq44Oz44OI44OzIOaZguioiCDjg6zjg4fjgqPjg7zjgrkg6IWV5pmC6KiIIOOCr+ODqeOCt+ODg+OCr+ODluODqeODg+OCryDjg63jg7zjgrrjgrTjg7zjg6vjg4kgMzbjg5/jg6og44OW44Op44OD44Kv44Os44K244O8IERXMDAxMDAxMzkKCgo8L3N0cm9uZz48L2ZvbnQ+CjwvdGQ+CjwvdHI+CjwvdGFibGU+Cjxicj4KPCEtLUJyYW5k44O7RGV0YWls44O7U29lY2stLT4KPHRhYmxlIHdpZHRoPSI3MzAiIGJvZWRlcj0iMCIgY2VsbHNwYWNpbmc9IjIwIiBjZWxscGFkZGluZz0iMCIgYmdjb2xvcj0iI0VGRUZFRiI+Cjx0cj4KPHRkPgo8dGFibGUgd2lkdGg9IjY5MCIgYm9lZGVyPSIwIiBjZWxsc3BhY2luZz0iMCIgY2VsbHBhZGRpbmc9IjAiPgo8dHI+Cjx0ZD48aW1nIHNyYz0iaHR0cDovL2ltYWdlLnJha3V0ZW4uY28uanAvbm9wcGxlL2NhYmluZXQvY29tbW9uL2NvbS1zcGVjLXN0MDEuZ2lmIiBhbHQ9IkJyYW5kIiBib3JkZXI9IjAiPjwvdGQ+PC90cj4KPHRyPgo8dGQ+Cjx0YWJsZSB3aWR0aD0iNjkwIiBjZWxsc3BhY2luZz0iMSIgY2VsbHBhZGRpbmc9IjIwIiBib3JkZXI9IjAiIGJnY29sb3I9IiNDQ0NDQ0MiPgo8dHI+Cjx0ZCBiZ2NvbG9yPSIjRkZGRkZGIj4KPGZvbnQgc2l6ZT0iMyI+PHN0cm9uZz5EYW5pZWwgV2VsbGluZ3RvbiDjg4Djg4vjgqjjg6vjgqbjgqfjg6rjg7Pjg4jjg7M8L3N0cm9uZz48L2ZvbnQ+PGJyPjxicj4KPGZvbnQgc2l6ZT0iMiI+Cgrjg4Djg4vjgqjjg6vjg7vjgqbjgqfjg6rjg7Pjg4jjg7Pjga8yMDEx5bm044K544Km44Kn44O844OH44Oz44Gn6KqV55Sf44GX44CB55m65aOy44GL44KJ44KP44Ga44GLMuW5tOOBp+OAgeWFqOS4lueVjOOBruiyqeWjsuacrOaVsOOBrzHlhITmnKzku6XkuIrjgII8YnI+CuOCouODkeODrOODq+OCt+ODp+ODg+ODl+OCkuS4reW/g+OBq+S4lueVjDI144Kr5Zu95Lul5LiK44Gn5bGV6ZaL44GX44Gm44GE44G+44GZ44CCPGJyPgrjgrfjg7Pjg5fjg6vjgaflpKfjgY3jgarmloflrZfnm6TjgavjgIHoloTjgYTjgrHjg7zjgrnjgIHjg5Djg6rjgqjjg7zjgrfjg6fjg7PosYrlr4zjgapOQVRP44OZ44Or44OI44Gu57WE44G/5ZCI44KP44Gb44GM5LiW55WM55qE44Gr5aSn44OS44OD44OI44CCPGJyPgrjgrnjgr/jgqTjg6rjg4Pjgrfjg6Xjgarjg4fjgrbjgqTjg7PjgavliqDjgYjjgIHjg6rjg7zjgrrjg4rjg5bjg6vjgarkvqHmoLzjgoLkurrmsJfjga7np5jlr4bjgII8YnI+CuOBmeOBp+OBq+WkmuOBj+OBruODleOCoeODs+OBi+OCieaUr+aMgeOCkuW+l+OBpuOBhOOBvuOBmeOAgjxicj4KPGJyPgrmp5jjgIXjgarjgqvjg6njg7zjga5OQVRP44OZ44Or44OI44Gu5LuW44CB44Ko44Os44Ks44Oz44OI44Gq55qu6KO944Gu44K544OI44Op44OD44OX44KC5bGV6ZaL44GX44Gm44GK44KK44CB5YWo44Gm44Gu44Oi44OH44Or44GM5Yil5aOy44KK44Gu44OZ44Or44OI44Go5LuY44GR5pu/44GI44GM5Y+v6IO944Gn44GZ44CCPGJyPgrlsILnlKhCT1jjgavjga/jgIHjg5njg6vjg4jkuqTmj5vnlKjjga7jg5Tjg7PlpJbjgZflt6XlhbfjgYzku5jlsZ7jgZfjgabjgYTjgb7jgZnjgII8YnI+CuOCs+ODvOODh+OCo+ODjeODvOODiOOBq+WQiOOCj+OBm+OBpumBuOOBueOCi+OCueODiOODqeODg+ODl+OBp+avjuaXpeOBruOCquOCt+ODo+ODrOOBjOalveOBl+OBj+OBquOCi+iFleaZguioiOOBp+OBmeOAgjxicj4K44Kq44K344Oj44Os44Gn44K744Oz44K544Gu44GC44KL5pa544CF44Gu44Gf44KB44Gr44CB5rWB6KGM44Gr44Go44KJ44KP44KM44Gq44GE44Ko44Os44Ks44Oz44OI44Gn44Kv44Op44K344OD44Kv44Gq5pmC6KiI44KS5Ym16YCg44GX57aa44GR44KL44OW44Op44Oz44OJ44Gn44GZ44CCCgoKPC9mb250Pgo8L3RkPjwvdHI+CjwvdGFibGU+CjwvdGQ+CjwvdHI+Cjx0cj48dGQgaGVpZ2h0PSIyMCI+Jm5ic3A7PC90ZD48L3RyPgo8dHI+PHRkPjxpbWcgc3JjPSJodHRwOi8vaW1hZ2UucmFrdXRlbi5jby5qcC9ub3BwbGUvY2FiaW5ldC9jb21tb24vY29tLXNwZWMtc3QwMi5naWYiIGFsdD0iRGV0YWlsIiBib3JkZXI9IjAiPjwvdGQ+PC90cj4KPHRyPgo8dGQ+Cjx0YWJsZSB3aWR0aD0iNjkwIiBjZWxsc3BhY2luZz0iMSIgY2VsbHBhZGRpbmc9IjIwIiBib3JkZXI9IjAiIGJnY29sb3I9IiNDQ0NDQ0MiPgo8dHI+Cjx0ZCBiZ2NvbG9yPSIjRkZGRkZGIj4KPGZvbnQgc2l6ZT0iMiI+Cgrjg4Djg4vjgqjjg6vjgqbjgqfjg6rjg7Pjg4jjg7MyMDE25bm0MTDmnIjnmbrlo7Ljga7mlrDkvZzjg6Ljg4fjg6vjgafjgZnjgII8YnIgLz4K5paH5a2X55uk44KS44Kq44O844Or44OW44Op44OD44Kv44Gr44GX44Gf44CMQ0xBU1NJQyZuYnNwO0JMQUNL44CN44K344Oq44O844K644GM55m75aC044CCPGJyIC8+CjxiciAvPgozNuODn+ODquODqeOCpuODs+ODieOCseODvOOCueOCseODvOOCueOBq+S9v+OBhuOBu+OBqeOBq+WRs+OCj+OBhOOCkuWil+OBmeODrOOCtuODvOOCueODiOODqeODg+ODl+OBrue1hOOBv+WQiOOCj+OBm+OAgjxiciAvPgrjgrfjg4Pjgq/jgarlpKfkurrpoZTjga7jg5XjgqfjgqTjgrnjga9PTuOCgk9GRuOCguWkp+a0u+i6jeOBl+OBvuOBmeOAgjxiciAvPgo8YnIgLz4K5Yil5aOy44KK44Gn44Os44K244O844K544OI44Op44OD44OX44Go5LuY44GR5pu/44GI5Y+v6IO944CBPGJyIC8+CuOCueODvOODhOOCueOCv+OCpOODq+OBi+OCieOCq+OCuOODpeOCouODq+OBquOCueOCv+OCpOODq+OBvuOBp+OCt+ODgeODpeOCqOODvOOCt+ODp+ODs+OCkumBuOOBsOOBmeOBiualveOBl+OBv+OBhOOBn+OBoOOBkeOBvuOBmeOAgiZuYnNwOzxiciAvPgrjg4Djg4vjgqjjg6vjgqbjgqfjg6rjg7Pjg4jjg7Pjga7jgYrmtJLokL3jgarlsILnlKhCT1jjgavlhaXjgozjgabjgYrlsYrjgZHjgZfjgb7jgZnjgII8YnIgLz4K44GU6Ieq5YiG55So44Gr44CB5aSn5YiH44Gq5pa544G444Gu6LSI44KK54mp44Gr44KC44GK44GZ44GZ44KB44Gn44GZ44CCPGJyIC8+CgoKCgoKCgo8L2ZvbnQ+CjwvdGQ+PC90cj4KPC90YWJsZT4KPC90ZD4KPC90cj4KPHRyPjx0ZCBoZWlnaHQ9IjIwIj4mbmJzcDs8L3RkPjwvdHI+Cjx0cj48dGQ+PGltZyBzcmM9Imh0dHA6Ly9pbWFnZS5yYWt1dGVuLmNvLmpwL25vcHBsZS9jYWJpbmV0L2NvbW1vbi9jb20tc3BlYy1zdDAzLmdpZiIgYWx0PSJTcGVja+ODu1NpemXjg7tDb2xvciIgYm9yZGVyPSIwIj48L3RkPjwvdHI+Cjx0cj4KPHRkPgo8dGFibGUgd2lkdGg9IjY5MCIgY2VsbHNwYWNpbmc9IjEiIGNlbGxwYWRkaW5nPSI1IiBib3JkZXI9IjAiIGJnY29sb3I9IiNDQ0NDQ0MiPgo8VFI+CjxURCBCR0NPTE9SPSNGNEY0RjQgV0lEVEg9MTIwPjxGT05UIFNJWkU9Mj7jg5bjg6njg7Pjg4k8L0ZPTlQ+PC9URD4KPFREIEJHQ09MT1I9I0ZGRkZGRiBXSURUSD0yMDI+PEZPTlQgU0laRT0yPuODgOODi+OCqOODq+OCpuOCp+ODquODs+ODiOODszwvRk9OVD48L1REPgo8VEQgQkdDT0xPUj0jRjRGNEY0PjxGT05UIFNJWkU9Mj7jgqvjg6njg7wg5paH5a2X55ukPC9GT05UPjwvVEQ+CjxURCBCR0NPTE9SPSNGRkZGRkY+PEZPTlQgU0laRT0yPuODluODqeODg+OCrzwvRk9OVD48L1REPgoKPC9UUj4KPFRSPgo8VEQgQkdDT0xPUj0jRjRGNEY0PjxGT05UIFNJWkU9Mj7jg6Hjg7zjgqvjg7zlk4Hnlao8L0ZPTlQ+PC9URD4KPFREIEJHQ09MT1I9I0ZGRkZGRj48Rk9OVCBTSVpFPTI+RFcwMDEwMDEzOTwvRk9OVD48L1REPgo8VEQgQkdDT0xPUj0jRjRGNEY0PjxGT05UIFNJWkU9Mj7jgqvjg6njg7wg44OZ44Or44OIPC9GT05UPjwvVEQ+CjxURCBCR0NPTE9SPSNGRkZGRkY+PEZPTlQgU0laRT0yPuODluODqeODg+OCrzwvRk9OVD48L1REPgo8L1RSPgo8VFI+CjxURCBCR0NPTE9SPSNGNEY0RjQ+PEZPTlQgU0laRT0yPi0tLS0tLTwvRk9OVD48L1REPgo8VEQgQkdDT0xPUj0jRkZGRkZGPjxGT05UIFNJWkU9Mj4tLS0tLS08L0ZPTlQ+PC9URD4KPFREIEJHQ09MT1I9I0Y0RjRGND48Rk9OVCBTSVpFPTI+44K144Kk44K6KOaoqsOX5Y6aKTwvRk9OVD48L1REPgo8VEQgQkdDT0xPUj0jRkZGRkZGPjxGT05UIFNJWkU9Mj4zNm1tKOODquODpeODvOOCuuWQq+OBvuOBminDlzZtbTwvRk9OVD48L1REPgo8L1RSPgo8VFI+CjxURCBCR0NPTE9SPSNGNEY0RjQ+PEZPTlQgU0laRT0yPumnhuWLleaWueW8jzwvRk9OVD48L1REPgo8VEQgQkdDT0xPUj0jRkZGRkZGPjxGT05UIFNJWkU9Mj7jgq/jgqnjg7zjg4TvvIjpm7vmsaDlvI/vvIk8L0ZPTlQ+PC9URD4KPFREIEJHQ09MT1I9I0Y0RjRGND48Rk9OVCBTSVpFPTI+44OZ44Or44OIIOW5hSjntIQpPC9GT05UPjwvVEQ+CjxURCBCR0NPTE9SPSNGRkZGRkY+PEZPTlQgU0laRT0yPjE4bW08L0ZPTlQ+PC9URD4KPC9UUj4KPFRSPgo8VEQgQkdDT0xPUj0jRjRGNEY0PjxGT05UIFNJWkU9Mj7mqZ/og708L0ZPTlQ+PC9URD4KPFREIEJHQ09MT1I9I0ZGRkZGRj48Rk9OVCBTSVpFPTI+LS0tLS0tPC9GT05UPjwvVEQ+CjxURCBCR0NPTE9SPSNGNEY0RjQ+PEZPTlQgU0laRT0yPuODmeODq+ODiCDohZXlkajjgooo57SEKTwvRk9OVD48L1REPgo8VEQgQkdDT0xPUj0jRkZGRkZGPjxGT05UIFNJWkU9Mj7mnIDnn60xM2Nt772e5pyA6ZW3MTcuNWNtPC9GT05UPjwvVEQ+CjwvVFI+CjxUUj4KPFREIEJHQ09MT1I9I0Y0RjRGND48Rk9OVCBTSVpFPTI+6aKo6ZiyPC9GT05UPjwvVEQ+CjxURCBCR0NPTE9SPSNGRkZGRkY+PEZPTlQgU0laRT0yPuODn+ODjeODqeODq+OCr+ODquOCueOCv+ODqzwvRk9OVD48L1REPgo8VEQgQkdDT0xPUj0jRjRGNEY0PjxGT05UIFNJWkU9Mj7ku5jlsZ7lk4E8L0ZPTlQ+PC9URD4KPFREIEJHQ09MT1I9I0ZGRkZGRj48Rk9OVCBTSVpFPTI+5bCC55So44Oc44OD44Kv44K544O75bCC55So44Gw44Gt44OU44Oz5aSW44GXPC9GT05UPjwvVEQ+CjwvVFI+CjxUUj4KPFREIEJHQ09MT1I9I0Y0RjRGND48Rk9OVCBTSVpFPTI+6Ziy5rC05oCnPC9GT05UPjwvVEQ+CjxURCBCR0NPTE9SPSNGRkZGRkY+PEZPTlQgU0laRT0yPjPmsJflnKfpmLLmsLTvvIjml6XluLjnlJ/mtLvpmLLmsLTvvIk8L0ZPTlQ+PC9URD4KPFREIEJHQ09MT1I9I0Y0RjRGND48Rk9OVCBTSVpFPTI+5Y+W5omx6Kqs5piO5pu4PC9GT05UPjwvVEQ+CjxURCBCR0NPTE9SPSNGRkZGRkY+PEZPTlQgU0laRT0yPuOBguOCijwvRk9OVD48L1REPgo8L1RSPgo8VFI+CjxURCBCR0NPTE9SPSNGNEY0RjQ+PEZPTlQgU0laRT0yPue0oOadkCDjgrHjg7zjgrk8L0ZPTlQ+PC9URD4KPFREIEJHQ09MT1I9I0ZGRkZGRj48Rk9OVCBTSVpFPTI+44K544OG44Oz44Os44K5PC9GT05UPjwvVEQ+CjxURCBCR0NPTE9SPSNGNEY0RjQ+PEZPTlQgU0laRT0yPuODoeODvOOCq+ODvOS/neiovOabuDwvRk9OVD48L1REPgo8VEQgQkdDT0xPUj0jRkZGRkZGPjxGT05UIFNJWkU9Mj7jgYLjgoo8L0ZPTlQ+PC9URD4KPC9UUj4KPFRSPgo8VEQgQkdDT0xPUj0jRjRGNEY0PjxGT05UIFNJWkU9Mj7ntKDmnZAg44OZ44Or44OIPC9GT05UPjwvVEQ+CjxURCBCR0NPTE9SPSNGRkZGRkY+PEZPTlQgU0laRT0yPuODrOOCtuODvDwvRk9OVD48L1REPgo8VEQgQkdDT0xPUj0jRjRGNEY0PjxGT05UIFNJWkU9Mj7jg47jg4Pjg5fjg6vkv53oqLw8L0ZPTlQ+PC9URD4KPFREIEJHQ09MT1I9I0ZGRkZGRj48Rk9OVCBTSVpFPTI+6LO85YWl5pel44KI44KKMeW5tOmWkzwvRk9OVD48L1REPgo8L1RSPgo8VFI+Cgo8dGQgY29sc3Bhbj0iNCIgYmdjb2xvcj0iI0ZGRkZGRiI+PGZvbnQgc2l6ZT0iMiI+Jm5ic3A7PC9mb250PjwvdGQ+CjwvdHI+Cgo8L3RhYmxlPgo8L3RkPgo8L3RyPgo8L3RhYmxlPgoKCgoKCjwvdGQ+CjwvdHI+CjwvdGFibGU+CjwhLS0vL0JyYW5k44O7RGV0YWls44O7U29lY2stLT4KPCEtLS8v5ZWG5ZOB6Kmz57SwLS0+CjwhLS0vL1BD55So6LKp5aOy6Kqs5piO5paHLS0+44OA44OL44Ko44Or44Km44Kn44Oq44Oz44OI44OzIOaZguioiCDjg6zjg4fjgqPjg7zjgrkg6IWV5pmC6KiIIOOCr+ODqeOCt+ODg+OCr+ODluODqeODg+OCryDjg63jg7zjgrrjgrTjg7zjg6vjg4kgMzbjg5/jg6og44OW44Op44OD44Kv44Os44K244O8IERXMDAxMDAxMzk8YnI+CgoKCjxCUj4K44OA44OL44Ko44Or44Km44Kn44Oq44Oz44OI44OzMjAxNuW5tDEw5pyI55m65aOy44Gu5paw5L2c44Oi44OH44Or44Gn44GZ44CCPGJyIC8+CuaWh+Wtl+ebpOOCkuOCquODvOODq+ODluODqeODg+OCr+OBq+OBl+OBn+OAjENMQVNTSUMmbmJzcDtCTEFDS+OAjeOCt+ODquODvOOCuuOBjOeZu+WgtOOAgjxiciAvPgo8YnIgLz4KMzbjg5/jg6rjg6njgqbjg7Pjg4njgrHjg7zjgrnjgrHjg7zjgrnjgavkvb/jgYbjgbvjganjgavlkbPjgo/jgYTjgpLlopfjgZnjg6zjgrbjg7zjgrnjg4jjg6njg4Pjg5fjga7ntYTjgb/lkIjjgo/jgZvjgII8YnIgLz4K44K344OD44Kv44Gq5aSn5Lq66aGU44Gu44OV44Kn44Kk44K544GvT07jgoJPRkbjgoLlpKfmtLvouo3jgZfjgb7jgZnjgII8YnIgLz4KPGJyIC8+CuWIpeWjsuOCiuOBp+ODrOOCtuODvOOCueODiOODqeODg+ODl+OBqOS7mOOBkeabv+OBiOWPr+iDveOAgTxiciAvPgrjgrnjg7zjg4Tjgrnjgr/jgqTjg6vjgYvjgonjgqvjgrjjg6XjgqLjg6vjgarjgrnjgr/jgqTjg6vjgb7jgafjgrfjg4Hjg6Xjgqjjg7zjgrfjg6fjg7PjgpLpgbjjgbDjgZnjgYrmpb3jgZfjgb/jgYTjgZ/jgaDjgZHjgb7jgZnjgIImbmJzcDs8YnIgLz4K44OA44OL44Ko44Or44Km44Kn44Oq44Oz44OI44Oz44Gu44GK5rSS6JC944Gq5bCC55SoQk9Y44Gr5YWl44KM44Gm44GK5bGK44GR44GX44G+44GZ44CCPGJyIC8+CuOBlOiHquWIhueUqOOBq+OAgeWkp+WIh+OBquaWueOBuOOBrui0iOOCiueJqeOBq+OCguOBiuOBmeOBmeOCgeOBp+OBmeOAgjxiciAvPgo8YnIgLz4K5Z6L55Wq77yaRFcwMDEwMDEzOTxiciAvPgo8YnIgLz4K44Og44O844OW44Oh44Oz44OI77ya44Kv44Kq44O844OE77yI6Zu75rGg5byP77yJPGJyIC8+CjxiciAvPgrjgrHjg7zjgrk8YnIgLz4K5p2Q6LOq77ya44K544OG44Oz44Os44K5PGJyIC8+CuW5he+8mjM2bW3vvIjjg6rjg6Xjg7zjgrrjgpLlkKvjgb7jgZrvvIk8YnIgLz4K6Ziy5rC05oCn77yaM+awl+Wcp+mYsuawtO+8iOaXpeW4uOeUn+a0u+mYsuawtO+8iTxiciAvPgrjgq/jg6rjgrnjgr/jg6vvvJrjg5/jg43jg6njg6vjgq/jg6rjgrnjgr/jg6s8YnIgLz4K5Y6a44GV77yaNm1tPGJyIC8+CjxiciAvPgrmloflrZfnm6Q8YnIgLz4K6Imy77ya44OW44Op44OD44KvPGJyIC8+CuaMh+mHne+8muODreODvOOCuuOCtOODvOODq+ODiTxiciAvPgrjgqTjg7Pjg4fjg4Pjgq/jgrnvvJrjg5Djg7zjgqTjg7Pjg4fjg4Pjgq/jgrk8YnIgLz4KPGJyIC8+CuOCueODiOODqeODg+ODlzxiciAvPgrntKDmnZDvvJrjg6zjgrbjg7w8YnIgLz4K6Imy77ya44OW44Op44OD44KvPGJyIC8+CuW5hSjntIQp77yaMThtbTxiciAvPgrohZXlkajjgooo57SEKe+8muacgOefrTEzY23vvZ7mnIDplbcxNy41Y208YnIgLz4K44Kv44Op44K544OX77ya44OU44Oz44OQ44OD44Kv44OrPGJyIC8+CjxiciAvPgrku5jlsZ7lk4HvvJrjg4Djg4vjgqjjg6vjgqbjgqfjg6rjg7Pjg4jjg7NCT1jjg7voqqzmmI7mm7jjg7vkv53oqLzmm7jjg7vlsILnlKjjgbDjga3jg5Tjg7PlpJbjgZc8YnIgLz4KPGJyIC8+CgoKPEJSPgrnrqHnkIbjgrPjg7zjg4nvvJoyMDE3MDEwMTxCUj4=,44OA44OL44Ko44Or44Km44Kn44Oq44Oz44OI44OzIOaZguioiCDjg6zjg4fjgqPjg7zjgrkg6IWV5pmC6KiIIOOCr+ODqeOCt+ODg+OCr+ODluODqeODg+OCryDjg63jg7zjgrrjgrTjg7zjg6vjg4kgMzbjg5/jg6og44OW44Op44OD44Kv44Os44K244O8IERXMDAxMDAxMzkg44OT44K444ON44K5IOeUt+aApyDlpbPmgKcg44OW44Op44Oz44OJIOaZguioiCDjgJDjg5DjgqTjg6Tjg7zjgYrjgZnjgZnjgoHjgJHjgJDku5XkuovnlKjjgJEg6KqV55Sf5pelIOaWsOeUn+a0uyDljZLmpa0g44GK56Wd44GEIOOCruODleODiCDjgrvjg6zjgq/jg4jllYblk4HjgJDjgrPjg7Pjg5Pjg4vlj5flj5blj6/jgJHvvJrohZXmmYLoqIjjg47jg4Pjg5fjg6vjgIDmpb3lpKnluILloLTlupc=,44OA44OL44Ko44Or44Km44Kn44Oq44Oz44OI44OzIOaZguioiCDjg6zjg4fjgqPjg7zjgrkg6IWV5pmC6KiIIOOCr+ODqeOCt+ODg+OCr+ODluODqeODg+OCryDjg63jg7zjgrrjgrTjg7zjg6vjg4kgMzbjg5/jg6og44OW44Op44OD44Kv44Os44K244O8IERXMDAxMDAxMzkg44OT44K444ON44K5IOeUt+aApyDlpbPmgKcg44OW44Op44Oz44OJIOaZguioiCDjgJDjg5DjgqTjg6Tjg7zjgYrjgZnjgZnjgoHjgJHjgJDku5XkuovnlKjjgJEg6KqV55Sf5pelIOaWsOeUn+a0uyDljZLmpa0g44GK56Wd44GEIOOCruODleODiCDjgrvjg6zjgq/jg4jllYblk4HjgJDjgrPjg7Pjg5Pjg4vlj5flj5blj6/jgJE=,44CQMeW5tOS/neiovOOAkeOAkOODkOOCpOODpOODvOOBiuOBmeOBmeOCgeOAkeOAkOODqeODg+ODlOODs+OCsOWPr+OAkeOAkOOBguOBmealveOAkeOAguODgOODi+OCqOODq+OCpuOCp+ODquODs+ODiOODsyDmmYLoqIgg44Os44OH44Kj44O844K5IOiFleaZguioiCDjgq/jg6njgrfjg4Pjgq/jg5bjg6njg4Pjgq8g44Ot44O844K644K044O844Or44OJIDM244Of44OqIOODluODqeODg+OCr+ODrOOCtuODvCBEVzAwMTAwMTM5IOODk+OCuOODjeOCuSDnlLfmgKcg5aWz5oCnIOODluODqeODs+ODiSDmmYLoqIgg44CQ44OQ44Kk44Ok44O844GK44GZ44GZ44KB44CR44CQ5LuV5LqL55So44CRIOiqleeUn+aXpSDmlrDnlJ/mtLsg5Y2S5qWtIOOBiuelneOBhCDjgq7jg5Xjg4gg44K744Os44Kv44OI5ZWG5ZOB44CQ44Kz44Oz44OT44OL5Y+X5Y+W5Y+v44CR[rn]
22-59904,aHR0cDovL3RzaG9wLnIxMHMuanAvYnJpZ2h0cy9jYWJpbmV0LzU5L2FkaDMwNTAtMS5qcGc/Zml0aW49NzAwOjcwMA==,NTU4NC4wMDAw,,6IWV5pmC6KiIID4g55S35aWz5YW855So6IWV5pmC6KiI,44Ki44OH44Kj44OA44K5IEFESURBUyDjgqLjg5Djg4fjgqPjg7zjg7Mg44Kv44Kq44O844OEIOODpuODi+OCu+ODg+OCr+OCuSDohZXmmYLoqIggQURIMzA1MCDjg5bjg6njg4Pjgq8=,44Kr44K444Ol44Ki44Or772e44OT44K444ON44K544K344O844Oz44Gn44KC5L2/44GI44KL6IWV5pmC6KiI44O76ZuR6LKo44KS5aSa5pWw44GU55So5oSP,IDxkaXYgaWQ9ImNvbnRhaW5lciI+IDxkaXYgaWQ9InR0bCI+IDxoMT7jgqLjg4fjgqPjg4DjgrkgQURJREFTIOOCouODkOODh+OCo+ODvOODsyDjgq/jgqrjg7zjg4Qg44Om44OL44K744OD44Kv44K5IOiFleaZguioiCBBREgzMDUwIOODluODqeODg+OCrzwvaDE+IDwvZGl2PiA8ZGl2IGNsYXNzPSJwcm9kdWN0Ij48aW1nIHNyYz1odHRwOi8vaW1hZ2UucmFrdXRlbi5jby5qcC9icmlnaHRzL2NhYmluZXQvNTkvYWRoMzA1MC0xLmpwZyB3aWR0aD0iNjAwIiAvPjwvZGl2PiAgPGgyPuOCouODh+OCo+ODgOOCuSBBRElEQVMg44Ki44OQ44OH44Kj44O844OzIEFCRVJERUVOIOOCr+OCquODvOODhCDjg6Hjg7Pjgrog44Os44OH44Kj44O844K5IOaZguioiCDjgqbjgqnjg4Pjg4Eg44Kr44K444Ol44Ki44OrIOODleOCoeODg+OCt+ODp+ODsyDkurrmsJfjg5bjg6njg7Pjg4k8L2gyPiAgPHA+44K544Od44O844OE5qWt55WM44Gu44OI44OD44OX44OW44Op44Oz44OJ44CM44Ki44OH44Kj44OA44K544CN44Gv44CB5qeY44CF44Gq44K544Od44O844OE44Kk44OZ44Oz44OI44G444Gu5Y2U6LOb44KE5Li75YKs44KS6YCa44GY44CB44K544Od44O844OE44Gu55m65bGV44Gr5a+E5LiO44GX44Gm44GE44G+44GZ44CCM+eorumhnuOBruODreOCtOOBq+OCiOOBo+OBpuODqeOCpOODs+OBjOWIhuOBi+OCjOOBpuOBiuOCiuOAgeacgOOCguODneODlOODpeODqeODvOOBquiRieOBo+OBseOBqzPmnKznt5rjgYzlhaXjgaPjgZ/jgqrjg6rjgrjjg4rjg6vjgrnjga7jg63jgrTjga/jgIHjgYvjgaTjgabjga/pnanmlrDnmoTjgafjgIHnj77lnKjjga/jgq/jg6njgrfjg4Pjgq/jgIHjgZ3jgZfjgabjgaTjga3jgavmnKznianjgpLmj5DkvpvjgZnjgovjgrnjg53jg7zjg4Tjg5jjg6rjg4bjg7zjgrjjg6njgqTjg7PjgafjgZnjgILjg5fjg6zjgrzjg7Pjg4jjgoTjgq7jg5Xjg4jjgavjgoLjgYrjgZnjgZnjgoHjgII8L3A+ICA8ZGl2IGNsYXNzPSJwcm9kdWN0Ij48aW1nIHNyYz1odHRwOi8vaW1hZ2UucmFrdXRlbi5jby5qcC9icmlnaHRzL2NhYmluZXQvNTkvYWRoMzA1MC0yLmpwZyB3aWR0aD0iNjAwIiAvPjwvZGl2PiAgPGRpdiBjbGFzcz0icHJvZHVjdCI+IDxpbWcgc3JjPWh0dHA6Ly9pbWFnZS5yYWt1dGVuLmNvLmpwL2JyaWdodHMvY2FiaW5ldC81OS9hZGgzMDUwLTMuanBnIHdpZHRoPSI2MDAiIC8+IDwvZGl2PiA8dGFibGUgaWQ9InRhYmxlLTAxIj4gPHRyPiA8dGg+44K144Kk44K6PC90aD4gPHRkPu+8iOe0hO+8iUg0MMOXVzQxw5dEMTFtbSjjg6njgrDjgIHjg6rjg6Xjg7zjgrrjga/pmaTjgY8p44CB6YeN44GVKOe0hCk0Ne+9h+OAgeiFleWRqOOCiuacgOWkpyjntIQpMTguNWNt44CB5pyA5bCPKOe0hCkxNGNtPC90ZD4gPC90cj4gPHRyPiA8dGg+57Sg5p2QPC90aD4gPHRkPuOCueODhuODs+ODrOOCuSjjgrHjg7zjgrkp44CB44K344Oq44Kz44OzKOODmeODq+ODiCk8L3RkPiA8L3RyPiA8dHI+IDx0aD7ku5Xmp5g8L3RoPiA8dGQ+44Kv44Kq44O844OE44CBNeawl+Wcp+mYsuawtOOAgeOCq+ODqeODvO+8muODluODqeODg+OCryjmloflrZfnm6Qp44CB44OW44Op44OD44Kv77yI44OZ44Or44OI77yJIDwvdGQ+IDwvdHI+IDx0cj4gPHRoPuS7mOWxnuWTgTwvdGg+IDx0ZD7lsILnlKhCT1jjgIHkv53oqLzmm7jjgIHlj5bmibHoqqzmmI7mm7g8L3RkPiA8L3RyPiA8dHI+IDx0aD7kv53oqLzmnJ/plpM8L3RoPiA8dGQ+MeW5tOmWkzwvdGQ+IDwvdHI+IDwvdGFibGU+IDwvZGl2PiA8UCBhbGlnbj1jZW50ZXI+PGZvbnQgc2l6ZT00PjxzdHJvbmc+44Ki44OH44Kj44OA44K5IEFESURBUyDjgqLjg5Djg4fjgqPjg7zjg7Mg44Kv44Kq44O844OEIOODpuODi+OCu+ODg+OCr+OCuSDohZXmmYLoqIggQURIMzA1MCDjg5bjg6njg4Pjgq88L3N0cm9uZz48L2ZvbnQ+PC9wPjxsaW5rIGhyZWY9Imh0dHA6Ly93d3cucmFrdXRlbi5uZS5qcC9nb2xkL2JyaWdodHMvY3NzL2l0ZW0tbGF5b3V0LWJhc2ljLmNzcyIgcmVsPSJzdHlsZXNoZWV0IiB0eXBlPSJ0ZXh0L2NzcyIgLz4=,44Ki44OH44Kj44OA44K5IEFESURBUyDjgqLjg5Djg4fjgqPjg7zjg7Mg44Kv44Kq44O844OEIOODpuODi+OCu+ODg+OCr+OCuSDohZXmmYLoqIggQURIMzA1MCDjg5bjg6njg4Pjgq/vvJrjgqbjgqnjg4Pjg4Hjg6rjgrnjg4g=,6IWV5pmC6KiIRElFU0VM6Zu75rOi44K944O844Op44O844OH44Kj44O844K844OrYWRpZGFz44Ki44OH44Kj44OA44K544Ki44Or44Oe44O844OLQ0FTSU/jgqvjgrfjgqrmmYLoqIjjg6vjg5/jg47jg4Pjgq/jgrnjgrvjgqTjgrPjg7zjgYbjgafjganjgZHjgYTjgqbjgqnjg4Pjg4Hjg4vjgq/jgr3jg7NaSVBQT+OCrOOCrOODn+ODqeODjuODj+ODn+ODq+ODiOODs1RJTUVHZWFy44Oe44O844Kv44K444Kn44Kk44Kz44OW44K544Ki44OH44Kj44OA44K5IEFESURBUyDjgqLjg5Djg4fjgqPjg7zjg7Mg44Kv44Kq44O844OEIOODpuODi+OCu+ODg+OCr+OCuSDohZXmmYLoqIggQURIMzA1MCDjg5bjg6njg4Pjgq8=,44Kr44K444Ol44Ki44Or772e44OT44K444ON44K544K344O844Oz44Gn44KC5L2/44GI44KL6IWV5pmC6KiI44O76ZuR6LKo44KS5aSa5pWw44GU55So5oSP44CC44Ki44OH44Kj44OA44K5IEFESURBUyDjgqLjg5Djg4fjgqPjg7zjg7Mg44Kv44Kq44O844OEIOODpuODi+OCu+ODg+OCr+OCuSDohZXmmYLoqIggQURIMzA1MCDjg5bjg6njg4Pjgq8=[rn]
22-59905,aHR0cDovL3RzaG9wLnIxMHMuanAvZ29sZC9yeXVzLXNlbGVjdC8yMDE3a2Frb3UvaGwvaGwtcGVhMl8xLmpwZz9maXRpbj03MDA6NzAw,MjM4NDAuMDAwMA==,,6IWV5pmC6KiIID4g55S35aWz5YW855So6IWV5pmC6KiI,KOODmuOCouS+oeagvCnjg5jjg7Pjg6rjg7zjg63jg7Pjg4njg7MvSEVOUlkgTE9ORE9OIOaZguioiCAzOW1t77yGMjVtbS/jg6Hjg4Pjgrfjg6VITDM5LU0tMDAyNigzOCnvvIZITDI1LU0tMDAyMig0Nynjgrfjg6vjg5Djg7zDl+ODlOODs+OCr+OCtOODvOODq+ODieODmuOCouOCpuOCqeODg+ODgS/jg6Hjg7Pjgrov44Os44OH44Kj44O844K544GC44GZ5qW95a++5b+cL+aWsOWTgeOAgeacrOeJqeOAgeW9k+W6l+WcqOW6q+OBoOOBi+OCieWuieW/gw==,5paw5ZOBIOmAgeaWmeeEoeaWmSDkv53oqLwg44Op44OD44OU44Oz44Kw54Sh5paZIOODmOODs+ODquODvOODreODs+ODieODsyDohZXmmYLoqIg=,PGltZyBzcmM9Imh0dHA6Ly93d3cucmFrdXRlbi5uZS5qcC9nb2xkL3J5dXMtc2VsZWN0LzIwMTdrYWtvdS9obC9obC1wZWEyXzEuanBnIiBib3JkZXI9IjAiPjxCUj48QlI+CjxpbWcgc3JjPSJodHRwOi8vd3d3LnJha3V0ZW4ubmUuanAvZ29sZC9yeXVzLXNlbGVjdC8yMDE3a2Frb3UvaGwvaGwtcGVhMl8yLmpwZyIgYm9yZGVyPSIwIj48QlI+PEJSPgoKPCEtLeOCueODqeOCpOODieW8j+ODkOODg+OCr+ODq+iqv+evgOaWueazlS0tPgo8aW1nIHNyYz0iaHR0cDovL3d3dy5yYWt1dGVuLm5lLmpwL2dvbGQvcnl1cy1zZWxlY3QvMjAxNmtha291L25peG9uL3N1cmFpZG8tMDYyMy5qcGciIGJvcmRlcj0iMCI+PEJSPjxCUj4KCjwhLS3jg6zjg5Pjg6Xjg7wtLT48QlI+PGEgaHJlZj0iaHR0cDovL3Jldmlldy5yYWt1dGVuLmNvLmpwL2hvd3RvL3dyaXRlLyIgVGFyZ2V0PSJfYmxhbmsiPjxpbWcgc3JjPSJodHRwOi8vaW1hZ2UucmFrdXRlbi5jby5qcC9yeXVzLXNlbGVjdC9jYWJpbmV0LzAyMjU0MzU3L2ltZzU3NTI1NzE3LmpwZyIgYm9yZGVyPSIwIj48L2E+PEJSPgo8QlI+PCEtLeOBguOBmealvS0tPjxhIGhyZWY9Imh0dHA6Ly9ldmVudC5yYWt1dGVuLmNvLmpwL2FzdXJha3UvYWJvdXQvIiBUYXJnZXQ9Il9ibGFuayI+PGltZyBzcmM9Imh0dHA6Ly93d3cucmFrdXRlbi5uZS5qcC9nb2xkL3J5dXMtc2VsZWN0LzIwMTdrYWtvdS90b3AvYXN1cmFrdS02MDBweC5qcGciIGJvcmRlcj0iMCI+PC9hPjxCUj4KPCEtLeODqeODg+ODlOODs+OCsC0tPgo8QlI+PGEgaHJlZj0iaHR0cDovL2l0ZW0ucmFrdXRlbi5jby5qcC9yeXVzLXNlbGVjdC8xMDAwNjQyNy8iIFRhcmdldD0iX2JsYW5rIj48aW1nIHNyYz0iaHR0cDovL2ltYWdlLnJha3V0ZW4uY28uanAvcnl1cy1zZWxlY3QvY2FiaW5ldC9iL2ltZzU4MjM5ODEzLmpwZyIgYm9yZGVyPSIwIj48L2E+CjxCUj4KPCEtLeODoeODg+OCu+ODvOOCuOOCq+ODvOODiS0tPgo8QlI+PGEgaHJlZj0iaHR0cDovL2l0ZW0ucmFrdXRlbi5jby5qcC9yeXVzLXNlbGVjdC9jLzAwMDAwMDA2NDkvIiBUYXJnZXQ9Il9ibGFuayI+PGltZyBzcmM9Imh0dHA6Ly9pbWFnZS5yYWt1dGVuLmNvLmpwL3J5dXMtc2VsZWN0L2NhYmluZXQvYi9pbWc1ODIzOTgxNC5qcGciIGJvcmRlcj0iMCI+PC9hPjxCUj4KPCEtLeOCteOCpOOCuuiqv+evgC0tPgo8QlI+PGEgaHJlZj0iaHR0cDovL2l0ZW0ucmFrdXRlbi5jby5qcC9yeXVzLXNlbGVjdC9jLzAwMDAwMDA0MjAvIiBUYXJnZXQ9Il9ibGFuayI+PGltZyAKc3JjPSJodHRwOi8vaW1hZ2UucmFrdXRlbi5jby5qcC9yeXVzLXNlbGVjdC9jYWJpbmV0L2IvaW1nNTgzNzMxNTUuanBnIiBib3JkZXI9IjAiPjwvYT48QlI+Cjx0YWJsZSB3aWR0aD0iNjAwIj4KPGZvbnQgc2l6ZT0iMiI+PGI+4pag54++5Zyo44Gu44GU5rOo5paH54q25rOBPC9iPjwvZm9udD4KPC90YWJsZT4KPHRhYmxlIGJvcmRlcj0iMSI+Cjx0ZCB3aWR0aD0iNjAwIj4KPGlmcmFtZSBpZD0ic3ZjRyIgc3JjPSJodHRwOi8vd3d3LnJha3V0ZW4ubmUuanAvZ29sZC9yeXVzLXNlbGVjdC9zeXN0ZW0vc3ZjRy5odG1sP2NsYXNzPXN0eWxlMiIgd2lkdGg9IjU5NXB4IiBoZWlnaHQ9IjI0MHB4IiBmcmFtZWJvcmRlcj0iMCIgbWFyZ2luaGVpZ2h0PSIwIiBtYXJnaW53aWR0aD0iMCIgc2Nyb2xsaW5nPSJubyI+PC9pZnJhbWU+CjwvdGQ+CjwvdGFibGU+Cgo8QlI+Cjx0YWJsZSB3aWR0aD0iNjAwIj4KPGZvbnQgc2l6ZT0iMiI+PGI+4pag44GK5a6i5qeY44GL44KJ44Gu44GU5oSP6KaL44O744GU5oSf5oOzPC9iPjwvZm9udD4KPC90YWJsZT4KPHRhYmxlIGJvcmRlcj0iMSI+Cjx0ZCB3aWR0aD0iNjAwIj4KPGlmcmFtZSBpZD0ic3ZjRCIgc3JjPSJodHRwOi8vd3d3LnJha3V0ZW4ubmUuanAvZ29sZC9yeXVzLXNlbGVjdC9zeXN0ZW0vc3ZjRC5odG1sP2NsYXNzPXN0eWxlMiIgd2lkdGg9IjU5NXB4IiBoZWlnaHQ9IjI0MHB4IiBmcmFtZWJvcmRlcj0iMCIgbWFyZ2luaGVpZ2h0PSIwIiBtYXJnaW53aWR0aD0iMCIgc2Nyb2xsaW5nPSJubyI+PC9pZnJhbWU+CjwvdGQ+CjwvdGFibGU+PEJSPjxCUj48IS0t44Op44OD44OU44Oz44KwMTUw5YaGLS0+PGEgaHJlZj0iaHR0cDovL2l0ZW0ucmFrdXRlbi5jby5qcC9yeXVzLXNlbGVjdC9zZWxmLXJhcC8iIFRhcmdldD0iX2JsYW5rIj48aW1nIHNyYz0iaHR0cDovL2ltYWdlLnJha3V0ZW4uY28uanAvcnl1cy1zZWxlY3QvY2FiaW5ldC90b3AvaW1ncmMwMDY2Njc1Njk0LmpwZyIgYm9yZGVyPSIwIj48L2E+PEJSPjwhLS3jgq7jg5Xjg4jlr77lv5zms6jmhI/mm7jjgY0tLT4KPHRhYmxlIGJvcmRlcj0iMCIgY2VsbHNwYWNpbmc9IjAiIGNlbGxwYWRkaW5nPSIyIj4KPHRyIHZhbGlnbj0idG9wIj48dGQgbm93cmFwPjxpbWcgc3JjPSJodHRwOi8vaW1hZ2UucmFrdXRlbi5jby5qcC9yeXVzLXNlbGVjdC9jYWJpbmV0L2cvaW1ncmMwMDYyODUwMDExLmpwZyIgYm9yZGVyPSIwIj48L3RkPgo8L3RyPgo8L3RhYmxlPjxCUj4KCuKWoOWVhuWTgeWQjSDjg5jjg7Pjg6rjg7zjg63jg7Pjg4njg7MvSEVOUlkgTE9ORE9OPEJSPjxCUj4K4omqIOODoeODs+OCuiDiias8QlI+CuOAkDM444CRSEwzOS1NLTAwMjYg44K344Or44OQ44O8L+ODlOODs+OCr+OCtOODvOODq+ODiShSSUNITU9ORC/jg6rjg4Pjg4Hjg6Ljg7Pjg4kpPEJSPgrilqDjgrXjgqTjgrog55u05b6EMzltbcOX5Y6a44GVMTBtbTxCUj4K4pag6YeN6YePIOe0hDcwZzxCUj4K4pag6IWV5ZGo44KKIOacgOWkp+e0hDE5LjVjbeOBvuOBpzxCUj4K4pag5qmf6IO9IOaXpeS7mOihqOekujxCUj48QlI+CuKJqiDjg6zjg4fjgqPjg7zjgrkg4omrPEJSPgrjgJA0N+OAkUhMMjUtTS0wMDIyIOOCt+ODq+ODkOODvC/jg5Tjg7Pjgq/jgrTjg7zjg6vjg4koUklDSE1PTkQv44Oq44OD44OB44Oi44Oz44OJKTxCUj4K4pag44K144Kk44K6IOebtOW+hDI1bW3Dl+WOmuOBlTltbTxCUj4K4pag6YeN6YePIOe0hDM2ZzxCUj4K4pag6IWV5ZGo44KKIOacgOWkp+e0hDE3Y23jgb7jgac8QlI+PEJSPgoK4pag44Kx44O844K557Sg5p2QIOOCueODhuODs+ODrOOCuTxCUj4K4pag44OZ44Or44OI57Sg5p2QIOOCueODhuODs+ODrOOCuTxCUj4K4pag44Ks44Op44K557Sg5p2QIOODmOOCteODqeOCpOODiOOCr+ODquOCueOCv+ODqzxCUj4K4pag44Og44O844OW44Oh44Oz44OIIOOCr+OCqeODvOODhCjpm7vmsaDlvI8pPEJSPgrilqDpmLLmsLTmgKcg5pel5bi455Sf5rS76Ziy5rC0KDPmsJflnKcpPEJSPgrilqDph53mlbAgM+mHnTxCUj4K4pag5L+d6Ki85pyf6ZaTIDHlubTplpM8QlI+CuKWoOS7mOWxnuWTgSDlsILnlKhCT1jjgIHlm73pmpvkv53oqLzmm7g8QlI+CuKWoOWCmeiAgyDml6XmnKzoo73jg6Djg7zjg5bjg6Hjg7Pjg4jlhoXoh5M8QlI+PEJSPgrilqDjgZPjgaHjgonjga7ntYTjgb/lkIjjgo/jgZvjga7jgb/jgafjga7osqnlo7Ljgajjgarjgorjgb7jgZnjgILpgZXjgYbjgqvjg6njg7zjgavlpInmm7Tjga/jgafjgY3jgb7jgZvjgpPjgILjgb7jgZ/jgIHliKXjgIXjgavjgYrosrfjgYTjgoLjga7jgqvjgrTjgavlhaXjgozjgabjgZTms6jmlofpoILjgYTjgZ/loLTlkIjjgIHjg5rjgqLkvqHmoLzjgajjgarjgorjgb7jgZvjgpPjga7jgafjgIHjgZTms6jmhI/jgY/jgaDjgZXjgYTjgb7jgZvjgII8QlI+PEJSPgo8IS0t56OB5rCXLS0+CjxpbWcgc3JjPSJodHRwOi8vaW1hZ2UucmFrdXRlbi5jby5qcC9yeXVzLXNlbGVjdC9jYWJpbmV0LzkvaW1nNTcyNDczNjQuanBnIj48QlI+,KOODmuOCouS+oeagvCnjg5jjg7Pjg6rjg7zjg63jg7Pjg4njg7MvSEVOUlkgTE9ORE9OIOaZguioiCAzOW1t77yGMjVtbS/jg6Hjg4Pjgrfjg6VITDM5LU0tMDAyNigzOCnvvIZITDI1LU0tMDAyMig0Nynjgrfjg6vjg5Djg7wmdGltZXM744OU44Oz44Kv44K044O844Or44OJ44Oa44Ki44Km44Kp44OD44OBL+ODoeODs+OCui/jg6zjg4fjgqPjg7zjgrnjgYLjgZnmpb3lr77lv5wv5paw5ZOB44CB5pys54mp44CB5b2T5bqX5Zyo5bqr44Gg44GL44KJ5a6J5b+D77yaU0VJS0E=,6IWV5pmC6KiI5pmC6KiI44Km44Kp44OD44OB44Oa44Ki44Km44Kp44OD44OB44OX44Os44K844Oz44OI44Op44OD44OU44Oz44Kw6LKh5biD5ZCN5Yi65YWl44KM5bCP6Yqt5YWl44KM44Oq44Ol44OD44Kv44OH44Kj44O844K844Or44OZ44Or44OI44Ki44Km44K/44O844Op44OZ44Oz44OP44Og44Oe44O844Kv44OQ44Kk44Oe44O844Kv44K444Kn44Kk44Kz44OW44K544Oe44Oz44OP44OD44K/44Oz44Od44O844OG44O844K444Kq44Ot44OT44Ki44Oz44Kz44OL44Kv44K944Oz44Kv44Ot44OO44Kw44Op44OV44Ki44Or44Oe44O844OLKOODmuOCouS+oeagvCnjg5jjg7Pjg6rjg7zjg63jg7Pjg4njg7MvSEVOUlkgTE9ORE9OIOaZguioiCAzOW1t77yGMjVtbS/jg6Hjg4Pjgrfjg6VITDM5LU0tMDAyNigzOCnvvIZITDI1LU0tMDAyMig0Nynjgrfjg6vjg5Djg7wmdGltZXM744OU44Oz44Kv44K044O844Or44OJ44Oa44Ki44Km44Kp44OD44OBL+ODoeODs+OCui/jg6zjg4fjgqPjg7zjgrnjgYLjgZnmpb3lr77lv5wv5paw5ZOB44CB5pys54mp44CB5b2T5bqX5Zyo5bqr44Gg44GL44KJ5a6J5b+D,5paw5ZOBIOmAgeaWmeeEoeaWmSDkv53oqLwg44Op44OD44OU44Oz44Kw54Sh5paZIOODmOODs+ODquODvOODreODs+ODieODsyDohZXmmYLoqIjjgIIo44Oa44Ki5L6h5qC8KeODmOODs+ODquODvOODreODs+ODieODsy9IRU5SWSBMT05ET04g5pmC6KiIIDM5bW3vvIYyNW1tL+ODoeODg+OCt+ODpUhMMzktTS0wMDI2KDM4Ke+8hkhMMjUtTS0wMDIyKDQ3KeOCt+ODq+ODkOODvCZ0aW1lczvjg5Tjg7Pjgq/jgrTjg7zjg6vjg4njg5rjgqLjgqbjgqnjg4Pjg4Ev44Oh44Oz44K6L+ODrOODh+OCo+ODvOOCueOBguOBmealveWvvuW/nC/mlrDlk4HjgIHmnKznianjgIHlvZPlupflnKjluqvjgaDjgYvjgonlronlv4M=[rn]
22-59906,aHR0cDovL3RzaG9wLnIxMHMuanAvYnJpZ2h0cy9jYWJpbmV0LzYzL2FkaDMwODYtMS5qcGc/Zml0aW49NzAwOjcwMA==,NTU4NC4wMDAw,,6IWV5pmC6KiIID4g55S35aWz5YW855So6IWV5pmC6KiI,44Ki44OH44Kj44OA44K5IEFESURBUyDjgqLjg5Djg4fjgqPjg7zjg7Mg44Kv44Kq44O844OEIOODpuODi+OCu+ODg+OCr+OCuSDohZXmmYLoqIggQURIMzA4NiDjg5bjg6njg4Pjgq8=,44Kr44K444Ol44Ki44Or772e44OT44K444ON44K544K344O844Oz44Gn44KC5L2/44GI44KL6IWV5pmC6KiI44O76ZuR6LKo44KS5aSa5pWw44GU55So5oSP,IDxkaXYgaWQ9ImNvbnRhaW5lciI+IDxkaXYgaWQ9InR0bCI+IDxoMT7jgqLjg4fjgqPjg4DjgrkgQURJREFTIOOCouODkOODh+OCo+ODvOODsyDjgq/jgqrjg7zjg4Qg44Om44OL44K744OD44Kv44K5IOiFleaZguioiCBBREgzMDg2IOODluODqeODg+OCrzwvaDE+IDwvZGl2PiA8ZGl2IGNsYXNzPSJwcm9kdWN0Ij48aW1nIHNyYz1odHRwOi8vaW1hZ2UucmFrdXRlbi5jby5qcC9icmlnaHRzL2NhYmluZXQvNjMvYWRoMzA4Ni0xLmpwZyB3aWR0aD0iNjAwIiAvPjwvZGl2PiAgPGgyPuOCouODh+OCo+ODgOOCuSBBRElEQVMg44Ki44OQ44OH44Kj44O844OzIEFCRVJERUVOIOOCr+OCquODvOODhCDjg6Hjg7Pjgrog44Os44OH44Kj44O844K5IOaZguioiCDjgqbjgqnjg4Pjg4Eg44Kr44K444Ol44Ki44OrIOODleOCoeODg+OCt+ODp+ODsyDkurrmsJfjg5bjg6njg7Pjg4k8L2gyPiAgPHA+44K544Od44O844OE5qWt55WM44Gu44OI44OD44OX44OW44Op44Oz44OJ44CM44Ki44OH44Kj44OA44K544CN44Gv44CB5qeY44CF44Gq44K544Od44O844OE44Kk44OZ44Oz44OI44G444Gu5Y2U6LOb44KE5Li75YKs44KS6YCa44GY44CB44K544Od44O844OE44Gu55m65bGV44Gr5a+E5LiO44GX44Gm44GE44G+44GZ44CCM+eorumhnuOBruODreOCtOOBq+OCiOOBo+OBpuODqeOCpOODs+OBjOWIhuOBi+OCjOOBpuOBiuOCiuOAgeacgOOCguODneODlOODpeODqeODvOOBquiRieOBo+OBseOBqzPmnKznt5rjgYzlhaXjgaPjgZ/jgqrjg6rjgrjjg4rjg6vjgrnjga7jg63jgrTjga/jgIHjgYvjgaTjgabjga/pnanmlrDnmoTjgafjgIHnj77lnKjjga/jgq/jg6njgrfjg4Pjgq/jgIHjgZ3jgZfjgabjgaTjga3jgavmnKznianjgpLmj5DkvpvjgZnjgovjgrnjg53jg7zjg4Tjg5jjg6rjg4bjg7zjgrjjg6njgqTjg7PjgafjgZnjgILjg5fjg6zjgrzjg7Pjg4jjgoTjgq7jg5Xjg4jjgavjgoLjgYrjgZnjgZnjgoHjgII8L3A+ICA8ZGl2IGNsYXNzPSJwcm9kdWN0Ij48aW1nIHNyYz1odHRwOi8vaW1hZ2UucmFrdXRlbi5jby5qcC9icmlnaHRzL2NhYmluZXQvNjMvYWRoMzA4Ni0yLmpwZyB3aWR0aD0iNjAwIiAvPjwvZGl2PiAgPGRpdiBjbGFzcz0icHJvZHVjdCI+IDxpbWcgc3JjPWh0dHA6Ly9pbWFnZS5yYWt1dGVuLmNvLmpwL2JyaWdodHMvY2FiaW5ldC82My9hZGgzMDg2LTMuanBnIHdpZHRoPSI2MDAiIC8+IDwvZGl2PiA8dGFibGUgaWQ9InRhYmxlLTAxIj4gPHRyPiA8dGg+44K144Kk44K6PC90aD4gPHRkPu+8iOe0hO+8iUg0MMOXVzQxw5dEMTFtbSjjg6njgrDjgIHjg6rjg6Xjg7zjgrrjga/pmaTjgY8p44CB6YeN44GVKOe0hCk0Ne+9h+OAgeiFleWRqOOCiuacgOWkpyjntIQpMTguNWNt44CB5pyA5bCPKOe0hCkxNGNtPC90ZD4gPC90cj4gPHRyPiA8dGg+57Sg5p2QPC90aD4gPHRkPuOCueODhuODs+ODrOOCuSjjgrHjg7zjgrkp44CB44K344Oq44Kz44OzKOODmeODq+ODiCk8L3RkPiA8L3RyPiA8dHI+IDx0aD7ku5Xmp5g8L3RoPiA8dGQ+44Kv44Kq44O844OE44CBNeawl+Wcp+mYsuawtOOAgeOCq+ODqeODvO+8muODluODqeODg+OCryjmloflrZfnm6Qp44CB44OW44Op44OD44Kv77yI44OZ44Or44OI77yJIDwvdGQ+IDwvdHI+IDx0cj4gPHRoPuS7mOWxnuWTgTwvdGg+IDx0ZD7lsILnlKhCT1jjgIHkv53oqLzmm7jjgIHlj5bmibHoqqzmmI7mm7g8L3RkPiA8L3RyPiA8dHI+IDx0aD7kv53oqLzmnJ/plpM8L3RoPiA8dGQ+MeW5tOmWkzwvdGQ+IDwvdHI+IDwvdGFibGU+IDwvZGl2PiA8UCBhbGlnbj1jZW50ZXI+PGZvbnQgc2l6ZT00PjxzdHJvbmc+44Ki44OH44Kj44OA44K5IEFESURBUyDjgqLjg5Djg4fjgqPjg7zjg7Mg44Kv44Kq44O844OEIOODpuODi+OCu+ODg+OCr+OCuSDohZXmmYLoqIggQURIMzA4NiDjg5bjg6njg4Pjgq88L3N0cm9uZz48L2ZvbnQ+PC9wPjxsaW5rIGhyZWY9Imh0dHA6Ly93d3cucmFrdXRlbi5uZS5qcC9nb2xkL2JyaWdodHMvY3NzL2l0ZW0tbGF5b3V0LWJhc2ljLmNzcyIgcmVsPSJzdHlsZXNoZWV0IiB0eXBlPSJ0ZXh0L2NzcyIgLz4=,44Ki44OH44Kj44OA44K5IEFESURBUyDjgqLjg5Djg4fjgqPjg7zjg7Mg44Kv44Kq44O844OEIOODpuODi+OCu+ODg+OCr+OCuSDohZXmmYLoqIggQURIMzA4NiDjg5bjg6njg4Pjgq/vvJrjgqbjgqnjg4Pjg4Hjg6rjgrnjg4g=,6IWV5pmC6KiIRElFU0VM6Zu75rOi44K944O844Op44O844OH44Kj44O844K844OrYWRpZGFz44Ki44OH44Kj44OA44K544Ki44Or44Oe44O844OLQ0FTSU/jgqvjgrfjgqrmmYLoqIjjg6vjg5/jg47jg4Pjgq/jgrnjgrvjgqTjgrPjg7zjgYbjgafjganjgZHjgYTjgqbjgqnjg4Pjg4Hjg4vjgq/jgr3jg7NaSVBQT+OCrOOCrOODn+ODqeODjuODj+ODn+ODq+ODiOODs1RJTUVHZWFy44Oe44O844Kv44K444Kn44Kk44Kz44OW44K544Ki44OH44Kj44OA44K5IEFESURBUyDjgqLjg5Djg4fjgqPjg7zjg7Mg44Kv44Kq44O844OEIOODpuODi+OCu+ODg+OCr+OCuSDohZXmmYLoqIggQURIMzA4NiDjg5bjg6njg4Pjgq8=,44Kr44K444Ol44Ki44Or772e44OT44K444ON44K544K344O844Oz44Gn44KC5L2/44GI44KL6IWV5pmC6KiI44O76ZuR6LKo44KS5aSa5pWw44GU55So5oSP44CC44Ki44OH44Kj44OA44K5IEFESURBUyDjgqLjg5Djg4fjgqPjg7zjg7Mg44Kv44Kq44O844OEIOODpuODi+OCu+ODg+OCr+OCuSDohZXmmYLoqIggQURIMzA4NiDjg5bjg6njg4Pjgq8=[rn]
22-59907,aHR0cDovL3RzaG9wLnIxMHMuanAvYnJpZ2h0cy9jYWJpbmV0LzY1L2FkaDkwODQtMS5qcGc/Zml0aW49NzAwOjcwMA==,NTU4NC4wMDAw,,6IWV5pmC6KiIID4g55S35aWz5YW855So6IWV5pmC6KiI,44Ki44OH44Kj44OA44K5IEFESURBUyDjgqLjg5Djg4fjgqPjg7zjg7Mg44Kv44Kq44O844OEIOODpuODi+OCu+ODg+OCr+OCuSDohZXmmYLoqIggQURIOTA4NCDjg5vjg6/jgqTjg4g=,44Kr44K444Ol44Ki44Or772e44OT44K444ON44K544K344O844Oz44Gn44KC5L2/44GI44KL6IWV5pmC6KiI44O76ZuR6LKo44KS5aSa5pWw44GU55So5oSP,IDxkaXYgaWQ9ImNvbnRhaW5lciI+IDxkaXYgaWQ9InR0bCI+IDxoMT7jgqLjg4fjgqPjg4DjgrkgQURJREFTIOOCouODkOODh+OCo+ODvOODsyDjgq/jgqrjg7zjg4Qg44Om44OL44K744OD44Kv44K5IOiFleaZguioiCBBREg5MDg0IOODm+ODr+OCpOODiDwvaDE+IDwvZGl2PiA8ZGl2IGNsYXNzPSJwcm9kdWN0Ij48aW1nIHNyYz1odHRwOi8vaW1hZ2UucmFrdXRlbi5jby5qcC9icmlnaHRzL2NhYmluZXQvNjUvYWRoOTA4NC0xLmpwZyB3aWR0aD0iNjAwIiAvPjwvZGl2PiAgPGgyPuOCouODh+OCo+ODgOOCuSBBRElEQVMg44Ki44OQ44OH44Kj44O844OzIEFCRVJERUVOIOOCr+OCquODvOODhCDjg6Hjg7Pjgrog44Os44OH44Kj44O844K5IOaZguioiCDjgqbjgqnjg4Pjg4Eg44Kr44K444Ol44Ki44OrIOODleOCoeODg+OCt+ODp+ODsyDkurrmsJfjg5bjg6njg7Pjg4kg44Ob44Ov44Kk44OIw5fjgrTjg7zjg6vjg4njg7vjgrfjg6vjg5Djg7zjg7vjg5Tjg7Pjgq/jgrTjg7zjg6vjg4k8L2gyPiAgPHA+44K544Od44O844OE5qWt55WM44Gu44OI44OD44OX44OW44Op44Oz44OJ44CM44Ki44OH44Kj44OA44K544CN44Gv44CB5qeY44CF44Gq44K544Od44O844OE44Kk44OZ44Oz44OI44G444Gu5Y2U6LOb44KE5Li75YKs44KS6YCa44GY44CB44K544Od44O844OE44Gu55m65bGV44Gr5a+E5LiO44GX44Gm44GE44G+44GZ44CCM+eorumhnuOBruODreOCtOOBq+OCiOOBo+OBpuODqeOCpOODs+OBjOWIhuOBi+OCjOOBpuOBiuOCiuOAgeacgOOCguODneODlOODpeODqeODvOOBquiRieOBo+OBseOBqzPmnKznt5rjgYzlhaXjgaPjgZ/jgqrjg6rjgrjjg4rjg6vjgrnjga7jg63jgrTjga/jgIHjgYvjgaTjgabjga/pnanmlrDnmoTjgafjgIHnj77lnKjjga/jgq/jg6njgrfjg4Pjgq/jgIHjgZ3jgZfjgabjgaTjga3jgavmnKznianjgpLmj5DkvpvjgZnjgovjgrnjg53jg7zjg4Tjg5jjg6rjg4bjg7zjgrjjg6njgqTjg7PjgafjgZnjgILjg5fjg6zjgrzjg7Pjg4jjgoTjgq7jg5Xjg4jjgavjgoLjgYrjgZnjgZnjgoHjgII8L3A+ICA8ZGl2IGNsYXNzPSJwcm9kdWN0Ij48aW1nIHNyYz1odHRwOi8vaW1hZ2UucmFrdXRlbi5jby5qcC9icmlnaHRzL2NhYmluZXQvNjUvYWRoOTA4NC0yLmpwZyB3aWR0aD0iNjAwIiAvPjwvZGl2PiAgPGRpdiBjbGFzcz0icHJvZHVjdCI+IDxpbWcgc3JjPWh0dHA6Ly9pbWFnZS5yYWt1dGVuLmNvLmpwL2JyaWdodHMvY2FiaW5ldC82NS9hZGg5MDg0LTMuanBnIHdpZHRoPSI2MDAiIC8+IDwvZGl2PiA8dGFibGUgaWQ9InRhYmxlLTAxIj4gPHRyPiA8dGg+44K144Kk44K6PC90aD4gPHRkPu+8iOe0hO+8iUg0MMOXVzQxw5dEMTFtbSjjg6njgrDjgIHjg6rjg6Xjg7zjgrrjga/pmaTjgY8p44CB6YeN44GVKOe0hCk0Ne+9h+OAgeiFleWRqOOCiuacgOWkpyjntIQpMTguNWNt44CB5pyA5bCPKOe0hCkxNGNtPC90ZD4gPC90cj4gPHRyPiA8dGg+57Sg5p2QPC90aD4gPHRkPuOCueODhuODs+ODrOOCuSjjgrHjg7zjgrkp44CB44K344Oq44Kz44OzKOODmeODq+ODiCk8L3RkPiA8L3RyPiA8dHI+IDx0aD7ku5Xmp5g8L3RoPiA8dGQ+44Kv44Kq44O844OE44CBNeawl+Wcp+mYsuawtOOAgeOCq+ODqeODvO+8muODm+ODr+OCpOODiMOX44K344Or44OQ44O844O744OU44Oz44Kv44K044O844Or44OJ44O744K044O844Or44OJKOaWh+Wtl+ebpCnjgIHjg5vjg6/jgqTjg4jvvIjjg5njg6vjg4jvvIkgPC90ZD4gPC90cj4gPHRyPiA8dGg+5LuY5bGe5ZOBPC90aD4gPHRkPuWwgueUqEJPWOOAgeS/neiovOabuOOAgeWPluaJseiqrOaYjuabuDwvdGQ+IDwvdHI+IDx0cj4gPHRoPuS/neiovOacn+mWkzwvdGg+IDx0ZD4x5bm06ZaTPC90ZD4gPC90cj4gPC90YWJsZT4gPC9kaXY+IDxQIGFsaWduPWNlbnRlcj48Zm9udCBzaXplPTQ+PHN0cm9uZz7jgqLjg4fjgqPjg4DjgrkgQURJREFTIOOCouODkOODh+OCo+ODvOODsyDjgq/jgqrjg7zjg4Qg44Om44OL44K744OD44Kv44K5IOiFleaZguioiCBBREg5MDg0IOODm+ODr+OCpOODiDwvc3Ryb25nPjwvZm9udD48L3A+PGhyPjxhIGhyZWY9Imh0dHA6Ly9pdGVtLnJha3V0ZW4uY28uanAvYnJpZ2h0cy8yNzkxNjIvIj48aW1nIHNyYz0iaHR0cDovL2ltYWdlLnJha3V0ZW4uY28uanAvYnJpZ2h0cy9jYWJpbmV0LzA0NjE1L2tva3VpbmJuci5qcGciIHdpZHRoPSIxMDAlIj48L2E+PGxpbmsgaHJlZj0iaHR0cDovL3d3dy5yYWt1dGVuLm5lLmpwL2dvbGQvYnJpZ2h0cy9jc3MvaXRlbS1sYXlvdXQtYmFzaWMuY3NzIiByZWw9InN0eWxlc2hlZXQiIHR5cGU9InRleHQvY3NzIiAvPg==,44Ki44OH44Kj44OA44K5IEFESURBUyDjgqLjg5Djg4fjgqPjg7zjg7Mg44Kv44Kq44O844OEIOODpuODi+OCu+ODg+OCr+OCuSDohZXmmYLoqIggQURIOTA4NCDjg5vjg6/jgqTjg4jvvJrjgqbjgqnjg4Pjg4Hjg6rjgrnjg4g=,6IWV5pmC6KiIRElFU0VM6Zu75rOi44K944O844Op44O844OH44Kj44O844K844OrYWRpZGFz44Ki44OH44Kj44OA44K544Ki44Or44Oe44O844OLQ0FTSU/jgqvjgrfjgqrmmYLoqIjjg6vjg5/jg47jg4Pjgq/jgrnjgrvjgqTjgrPjg7zjgYbjgafjganjgZHjgYTjgqbjgqnjg4Pjg4Hjg4vjgq/jgr3jg7NaSVBQT+OCrOOCrOODn+ODqeODjuODj+ODn+ODq+ODiOODs1RJTUVHZWFy44Oe44O844Kv44K444Kn44Kk44Kz44OW44K544Ki44OH44Kj44OA44K5IEFESURBUyDjgqLjg5Djg4fjgqPjg7zjg7Mg44Kv44Kq44O844OEIOODpuODi+OCu+ODg+OCr+OCuSDohZXmmYLoqIggQURIOTA4NCDjg5vjg6/jgqTjg4g=,44Kr44K444Ol44Ki44Or772e44OT44K444ON44K544K344O844Oz44Gn44KC5L2/44GI44KL6IWV5pmC6KiI44O76ZuR6LKo44KS5aSa5pWw44GU55So5oSP44CC44Ki44OH44Kj44OA44K5IEFESURBUyDjgqLjg5Djg4fjgqPjg7zjg7Mg44Kv44Kq44O844OEIOODpuODi+OCu+ODg+OCr+OCuSDohZXmmYLoqIggQURIOTA4NCDjg5vjg6/jgqTjg4g=[rn]
22-59908,aHR0cDovL3RzaG9wLnIxMHMuanAvYnJpZ2h0cy9jYWJpbmV0LzU1LzA2MTFkdy0xLmpwZz9maXRpbj03MDA6NzAw,MTAyNDAuMDAwMA==,,6IWV5pmC6KiIID4g55S35aWz5YW855So6IWV5pmC6KiI,44CQ6YCB5paZ54Sh5paZ44CR44OA44OL44Ko44OrIOOCpuOCp+ODquODs+ODiOODsyBEYW5pZWwgV2VsbGluZ3RvbiDjg5bjg6rjgrnjg4jjg6sgMzYg44Kv44Kq44O844OEIOODpuODi+OCu+ODg+OCr+OCuSDohZXmmYLoqIggMDYxMURXIOmdqeODmeODq+ODiCDjgqbjgqnjg4Pjg4Eg5pmC6KiIIOOBhuOBp+OBqeOBkeOBhA==,44Kr44K444Ol44Ki44Or772e44OT44K444ON44K544K344O844Oz44Gn44KC5L2/44GI44KL6IWV5pmC6KiI44O76ZuR6LKo44KS5aSa5pWw44GU55So5oSP,IDxkaXYgaWQ9ImNvbnRhaW5lciI+IDxkaXYgaWQ9InR0bCI+IDxoMT7jg4Djg4vjgqjjg6sg44Km44Kn44Oq44Oz44OI44OzIOODluODquOCueODiOODqyAzNiDjgq/jgqrjg7zjg4Qg44Om44OL44K744OD44Kv44K5IOiFleaZguioiCAwNjExRFcgKERXMDAxMDAwNTYpPC9oMT4gPC9kaXY+IDxkaXYgY2xhc3M9InByb2R1Y3QiPjxpbWcgc3JjPWh0dHA6Ly9pbWFnZS5yYWt1dGVuLmNvLmpwL2JyaWdodHMvY2FiaW5ldC81NS8wNjExZHctMS5qcGcgd2lkdGg9IjYwMCIgLz48L2Rpdj4gIDxoMj7jg4Djg4vjgqjjg6sg44Km44Kn44Oq44Oz44OI44OzIERhbmllbCBXZWxsaW5ndG9uIOaZguioiCDjgqbjgqnjg4Pjg4Eg5aSn5Lq65rCXICAzNm1tIOOCq+OCuOODpeOCouODqyDjg5Xjgqnjg7zjg57jg6sg44Os44K244O844OZ44Or44OIIOOCr+ODqeODg+OCt+ODg+OCryDjg4Djg4vjgqjjg6vjgqbjgqfjg6rjg7Pjg4jjg7MgRFc8L2gyPiAgPHA+44CM44OA44OL44Ko44Or44O744Km44Kn44Oq44Oz44OI44Oz44CN44Gv5Ym15aeL6ICF44Gu44OV44Kj44Oq44OD44OX44O744K/44Kk44K144Oz44OA44O844GM44Kk44Oz44K544OR44Kk44Ki44GV44KM44Gf44Kk44Ku44Oq44K557Sz5aOr44CB44OA44OL44Ko44Or44O744Km44Kn44Oq44Oz44OI44Oz5rCP44Gu5ZCN5YmN44Gr55Sx5p2l44GX44G+44GZ44CCPEJSPuW9vOOBruaZguS7o+OBq+aNleOCj+OCjOOBmuOCt+ODvOODs+OCkumBuOOBsOOBquOBhOODleOCoeODg+OCt+ODp+ODs+OCueOCv+OCpOODq+OBr+aZguioiOOBruODh+OCtuOCpOODs+OBq+eUn+OBi+OBleOCjOOBpuOBhOOBvuOBmeOAgjxCUj7nhKHpp4Tjga7jgarjgYTjgrfjg7Pjg5fjg6vjgafjgZnjgaPjgY3jgorjgajjgZfjgZ/jg4fjgrbjgqTjg7Pjga/jgqvjgrjjg6XjgqLjg6vjgavjgoLjg5Xjgqnjg7zjg57jg6vjgavjgoLmp5jjgIXjgarjgrfjg7zjg7PjgavlrZjlnKjmhJ/jgpLjgYLjgZ/jgYjjgb7jgZnjgILjg5fjg6zjgrzjg7Pjg4jjgoTjgq7jg5Xjg4jjgavjgoLjgYrjgZnjgZnjgoHjgafjgZnjgII8L3A+ICA8ZGl2IGNsYXNzPSJwcm9kdWN0Ij48aW1nIHNyYz1odHRwOi8vaW1hZ2UucmFrdXRlbi5jby5qcC9icmlnaHRzL2NhYmluZXQvNTUvMDYxMWR3LTIuanBnIHdpZHRoPSI2MDAiIC8+PC9kaXY+ICA8ZGl2IGNsYXNzPSJwcm9kdWN0Ij4gPGltZyBzcmM9aHR0cDovL2ltYWdlLnJha3V0ZW4uY28uanAvYnJpZ2h0cy9jYWJpbmV0LzU1LzA2MTFkdy0zLmpwZyB3aWR0aD0iNjAwIiAvPiA8L2Rpdj4gPHRhYmxlIGlkPSJ0YWJsZS0wMSI+IDx0cj4gPHRoPuOCteOCpOOCujwvdGg+IDx0ZD4o57SEKUgzNsOXVzM2w5dENm1tICjjg6njgrDjgIHjg6rjg6Xjg7zjgrrjgpLpmaTjgY8p44CB6YeN44GVKOe0hCkzNWfjgIHohZXlm57jgormnIDlpKco57SEKTE4Y23jgIHohZXlm57jgormnIDlsI8o57SEKTEzLjVjbeOAgeODmeODq+ODiOW5hSjntIQpMThtbTwvdGQ+IDwvdHI+IDx0cj4gPHRoPue0oOadkDwvdGg+IDx0ZD7jgrnjg4bjg7Pjg6zjgrnvvIjjgrHjg7zjgrnvvInjgIHjg6zjgrbjg7zvvIjjg5njg6vjg4jvvIk8L3RkPiA8L3RyPiA8dHI+IDx0aD7ku5Xmp5g8L3RoPiA8dGQ+44Kv44Kq44O844OE77yI5pel5pys6KO944Og44O844OW44Oh44Oz44OI77yJ44CBM+awl+Wcp+mYsuawtOOAgeOCq+ODqeODvCDjg5vjg6/jgqTjg4jvvIjmloflrZfnm6TvvInjgIHjgrfjg6vjg5Djg7zvvIjjgrHjg7zjgrnvvInjgIHjg4Djg7zjgq/jg5bjg6njgqbjg7PvvIjjg5njg6vjg4jvvInigLvlvZPllYblk4Hjga7jg5njg6vjg4jjga/lpKnnhLbjga7pnanjgpLkvb/nlKjjgZfjgabjgYTjgovjgZ/jgoHjgIHlpJrlsJHjga7lgrfjg7voibLjgoDjgonjga/poqjlkIjjgYTjgajjgarjgorjgb7jgZnjgII8YnI+4oC75YWl6I235pmC5pyf44Gr44KI44KK5bCC55So44Oc44OD44Kv44K544GM55S75YOP44Gu5LuV5qeY44Go55Ww44Gq44KL5aC05ZCI44GM44GU44GW44GE44G+44GZ44CC5LqI44KB44GU5LqG5om/44GP44Gg44GV44GE44CCIDwvdGQ+IDwvdHI+IDx0cj4gPHRoPuS7mOWxnuWTgTwvdGg+IDx0ZD7jgrHjg7zjgrnjg7vkv53oqLzmm7jjg7vlj5bmibHoqqzmmI7mm7g8L3RkPiA8L3RyPiA8dHI+IDx0aD7kv53oqLzmnJ/plpM8L3RoPiA8dGQ+MeW5tOmWkzwvdGQ+IDwvdHI+IDwvdGFibGU+IDwvZGl2PiA8UCBhbGlnbj1jZW50ZXI+PGZvbnQgc2l6ZT00PjxzdHJvbmc+44OA44OL44Ko44OrIOOCpuOCp+ODquODs+ODiOODsyDjg5bjg6rjgrnjg4jjg6sgMzYg44Kv44Kq44O844OEIOODpuODi+OCu+ODg+OCr+OCuSDohZXmmYLoqIggMDYxMURXIChEVzAwMTAwMDU2KTwvc3Ryb25nPjwvZm9udD48L3A+PGxpbmsgaHJlZj0iaHR0cDovL3d3dy5yYWt1dGVuLm5lLmpwL2dvbGQvYnJpZ2h0cy9jc3MvaXRlbS1sYXlvdXQtYmFzaWMuY3NzIiByZWw9InN0eWxlc2hlZXQiIHR5cGU9InRleHQvY3NzIiAvPg==,44CQ6YCB5paZ54Sh5paZ44CR44OA44OL44Ko44OrIOOCpuOCp+ODquODs+ODiOODsyBEYW5pZWwgV2VsbGluZ3RvbiDjg5bjg6rjgrnjg4jjg6sgMzYg44Kv44Kq44O844OEIOODpuODi+OCu+ODg+OCr+OCuSDohZXmmYLoqIggMDYxMURXIOmdqeODmeODq+ODiCDjgqbjgqnjg4Pjg4Eg5pmC6KiIIOOBhuOBp+OBqeOBkeOBhO+8muOCpuOCqeODg+ODgeODquOCueODiA==,6IWV5pmC6KiIRElFU0VM6Zu75rOi44K944O844Op44O844OH44Kj44O844K844OrYWRpZGFz44Ki44OH44Kj44OA44K544Ki44Or44Oe44O844OLQ0FTSU/jgqvjgrfjgqrmmYLoqIjjg6vjg5/jg47jg4Pjgq/jgrnjgrvjgqTjgrPjg7zjgYbjgafjganjgZHjgYTjgqbjgqnjg4Pjg4Hjg4vjgq/jgr3jg7NaSVBQT+OCrOOCrOODn+ODqeODjuODj+ODn+ODq+ODiOODs1RJTUVHZWFy44Oe44O844Kv44K444Kn44Kk44Kz44OW44K544CQ6YCB5paZ54Sh5paZ44CR44OA44OL44Ko44OrIOOCpuOCp+ODquODs+ODiOODsyBEYW5pZWwgV2VsbGluZ3RvbiDjg5bjg6rjgrnjg4jjg6sgMzYg44Kv44Kq44O844OEIOODpuODi+OCu+ODg+OCr+OCuSDohZXmmYLoqIggMDYxMURXIOmdqeODmeODq+ODiCDjgqbjgqnjg4Pjg4Eg5pmC6KiIIOOBhuOBp+OBqeOBkeOBhA==,44Kr44K444Ol44Ki44Or772e44OT44K444ON44K544K344O844Oz44Gn44KC5L2/44GI44KL6IWV5pmC6KiI44O76ZuR6LKo44KS5aSa5pWw44GU55So5oSP44CC44CQ6YCB5paZ54Sh5paZ44CR44OA44OL44Ko44OrIOOCpuOCp+ODquODs+ODiOODsyBEYW5pZWwgV2VsbGluZ3RvbiDjg5bjg6rjgrnjg4jjg6sgMzYg44Kv44Kq44O844OEIOODpuODi+OCu+ODg+OCr+OCuSDohZXmmYLoqIggMDYxMURXIOmdqeODmeODq+ODiCDjgqbjgqnjg4Pjg4Eg5pmC6KiIIOOBhuOBp+OBqeOBkeOBhA==[rn]
22-59909,aHR0cDovL3RzaG9wLnIxMHMuanAvZ29sZC9yeXVzLXNlbGVjdC8yMDE3a2Frb3UvaGwvaGwzOS1jbS0xXzEuanBnP2ZpdGluPTcwMDo3MDA=,MTgyNDAuMDAwMA==,,6IWV5pmC6KiIID4g55S35aWz5YW855So6IWV5pmC6KiI,44OY44Oz44Oq44O844Ot44Oz44OJ44OzL0hFTlJZIExPTkRPTiDmmYLoqIggMzltbS/jg6Hjg4Pjgrfjg6VITDM5LUNNLTAwMzQoNDMpSEwzOS1DTS0wMDg4KDQ0KUhMMzktQ00tMDE2OCg0NSlITDM5LUNNLTAxNDIoODMp44Km44Kp44OD44OBL+ODpuODi+OCu+ODg+OCr+OCueOBguOBmealveWvvuW/nC/mlrDlk4HjgIHmnKznianjgIHlvZPlupflnKjluqvjgaDjgYvjgonlronlv4M=,5paw5ZOBIOmAgeaWmeeEoeaWmSDkv53oqLwg44Op44OD44OU44Oz44Kw54Sh5paZIOODmOODs+ODquODvOODreODs+ODieODsyDohZXmmYLoqIg=,PGltZyBzcmM9Imh0dHA6Ly93d3cucmFrdXRlbi5uZS5qcC9nb2xkL3J5dXMtc2VsZWN0LzIwMTdrYWtvdS9obC9obDM5LWNtLTFfMS5qcGciIGJvcmRlcj0iMCI+PEJSPjxCUj4KPGltZyBzcmM9Imh0dHA6Ly93d3cucmFrdXRlbi5uZS5qcC9nb2xkL3J5dXMtc2VsZWN0LzIwMTdrYWtvdS9obC9obDM5LWNtLTFfMi5qcGciIGJvcmRlcj0iMCI+PEJSPjxCUj4KPGltZyBzcmM9Imh0dHA6Ly93d3cucmFrdXRlbi5uZS5qcC9nb2xkL3J5dXMtc2VsZWN0LzIwMTdrYWtvdS9obC9obDM5LWNtLTFfMy5qcGciIGJvcmRlcj0iMCI+PEJSPjxCUj4KCjwhLS3jgrnjg6njgqTjg4nlvI/jg5Djg4Pjgq/jg6voqr/nr4Dmlrnms5UtLT4KPGltZyBzcmM9Imh0dHA6Ly93d3cucmFrdXRlbi5uZS5qcC9nb2xkL3J5dXMtc2VsZWN0LzIwMTZrYWtvdS9uaXhvbi9zdXJhaWRvLTA2MjMuanBnIiBib3JkZXI9IjAiPjxCUj48QlI+CgoKPCEtLeODrOODk+ODpeODvC0tPjxCUj48YSBocmVmPSJodHRwOi8vcmV2aWV3LnJha3V0ZW4uY28uanAvaG93dG8vd3JpdGUvIiBUYXJnZXQ9Il9ibGFuayI+PGltZyBzcmM9Imh0dHA6Ly9pbWFnZS5yYWt1dGVuLmNvLmpwL3J5dXMtc2VsZWN0L2NhYmluZXQvMDIyNTQzNTcvaW1nNTc1MjU3MTcuanBnIiBib3JkZXI9IjAiPjwvYT48QlI+CjxCUj48IS0t44GC44GZ5qW9LS0+PGEgaHJlZj0iaHR0cDovL2V2ZW50LnJha3V0ZW4uY28uanAvYXN1cmFrdS9hYm91dC8iIFRhcmdldD0iX2JsYW5rIj48aW1nIHNyYz0iaHR0cDovL3d3dy5yYWt1dGVuLm5lLmpwL2dvbGQvcnl1cy1zZWxlY3QvMjAxN2tha291L3RvcC9hc3VyYWt1LTYwMHB4LmpwZyIgYm9yZGVyPSIwIj48L2E+PEJSPgo8IS0t44Op44OD44OU44Oz44KwLS0+CjxCUj48YSBocmVmPSJodHRwOi8vaXRlbS5yYWt1dGVuLmNvLmpwL3J5dXMtc2VsZWN0LzEwMDA2NDI3LyIgVGFyZ2V0PSJfYmxhbmsiPjxpbWcgc3JjPSJodHRwOi8vaW1hZ2UucmFrdXRlbi5jby5qcC9yeXVzLXNlbGVjdC9jYWJpbmV0L2IvaW1nNTgyMzk4MTMuanBnIiBib3JkZXI9IjAiPjwvYT4KPEJSPgo8IS0t44Oh44OD44K744O844K444Kr44O844OJLS0+CjxCUj48YSBocmVmPSJodHRwOi8vaXRlbS5yYWt1dGVuLmNvLmpwL3J5dXMtc2VsZWN0L2MvMDAwMDAwMDY0OS8iIFRhcmdldD0iX2JsYW5rIj48aW1nIHNyYz0iaHR0cDovL2ltYWdlLnJha3V0ZW4uY28uanAvcnl1cy1zZWxlY3QvY2FiaW5ldC9iL2ltZzU4MjM5ODE0LmpwZyIgYm9yZGVyPSIwIj48L2E+PEJSPgo8IS0t44K144Kk44K66Kq/56+ALS0+CjxCUj48YSBocmVmPSJodHRwOi8vaXRlbS5yYWt1dGVuLmNvLmpwL3J5dXMtc2VsZWN0L2MvMDAwMDAwMDQyMC8iIFRhcmdldD0iX2JsYW5rIj48aW1nIApzcmM9Imh0dHA6Ly9pbWFnZS5yYWt1dGVuLmNvLmpwL3J5dXMtc2VsZWN0L2NhYmluZXQvYi9pbWc1ODM3MzE1NS5qcGciIGJvcmRlcj0iMCI+PC9hPjxCUj4KPHRhYmxlIHdpZHRoPSI2MDAiPgo8Zm9udCBzaXplPSIyIj48Yj7ilqDnj77lnKjjga7jgZTms6jmlofnirbms4E8L2I+PC9mb250Pgo8L3RhYmxlPgo8dGFibGUgYm9yZGVyPSIxIj4KPHRkIHdpZHRoPSI2MDAiPgo8aWZyYW1lIGlkPSJzdmNHIiBzcmM9Imh0dHA6Ly93d3cucmFrdXRlbi5uZS5qcC9nb2xkL3J5dXMtc2VsZWN0L3N5c3RlbS9zdmNHLmh0bWw/Y2xhc3M9c3R5bGUyIiB3aWR0aD0iNTk1cHgiIGhlaWdodD0iMjQwcHgiIGZyYW1lYm9yZGVyPSIwIiBtYXJnaW5oZWlnaHQ9IjAiIG1hcmdpbndpZHRoPSIwIiBzY3JvbGxpbmc9Im5vIj48L2lmcmFtZT4KPC90ZD4KPC90YWJsZT4KCjxCUj4KPHRhYmxlIHdpZHRoPSI2MDAiPgo8Zm9udCBzaXplPSIyIj48Yj7ilqDjgYrlrqLmp5jjgYvjgonjga7jgZTmhI/opovjg7vjgZTmhJ/mg7M8L2I+PC9mb250Pgo8L3RhYmxlPgo8dGFibGUgYm9yZGVyPSIxIj4KPHRkIHdpZHRoPSI2MDAiPgo8aWZyYW1lIGlkPSJzdmNEIiBzcmM9Imh0dHA6Ly93d3cucmFrdXRlbi5uZS5qcC9nb2xkL3J5dXMtc2VsZWN0L3N5c3RlbS9zdmNELmh0bWw/Y2xhc3M9c3R5bGUyIiB3aWR0aD0iNTk1cHgiIGhlaWdodD0iMjQwcHgiIGZyYW1lYm9yZGVyPSIwIiBtYXJnaW5oZWlnaHQ9IjAiIG1hcmdpbndpZHRoPSIwIiBzY3JvbGxpbmc9Im5vIj48L2lmcmFtZT4KPC90ZD4KPC90YWJsZT48QlI+PEJSPjwhLS3jg6njg4Pjg5Tjg7PjgrAxNTDlhoYtLT48YSBocmVmPSJodHRwOi8vaXRlbS5yYWt1dGVuLmNvLmpwL3J5dXMtc2VsZWN0L3NlbGYtcmFwLyIgVGFyZ2V0PSJfYmxhbmsiPjxpbWcgc3JjPSJodHRwOi8vaW1hZ2UucmFrdXRlbi5jby5qcC9yeXVzLXNlbGVjdC9jYWJpbmV0L3RvcC9pbWdyYzAwNjY2NzU2OTQuanBnIiBib3JkZXI9IjAiPjwvYT48QlI+PCEtLeOCruODleODiOWvvuW/nOazqOaEj+abuOOBjS0tPgo8dGFibGUgYm9yZGVyPSIwIiBjZWxsc3BhY2luZz0iMCIgY2VsbHBhZGRpbmc9IjIiPgo8dHIgdmFsaWduPSJ0b3AiPjx0ZCBub3dyYXA+PGltZyBzcmM9Imh0dHA6Ly9pbWFnZS5yYWt1dGVuLmNvLmpwL3J5dXMtc2VsZWN0L2NhYmluZXQvZy9pbWdyYzAwNjI4NTAwMTEuanBnIiBib3JkZXI9IjAiPjwvdGQ+CjwvdHI+CjwvdGFibGU+PEJSPgoK4pag5ZWG5ZOB5ZCNIOODmOODs+ODquODvOODreODs+ODieODsy9IRU5SWSBMT05ET048QlI+PEJSPgrilqDlk4Hnlaoo44Kr44Op44O8KTxCUj4K44CQNDPjgJFITDM5LUNNLTAwMzQg44K344Or44OQ44O8L+ODlOODs+OCr+OCtOODvOODq+ODiShSSUNITU9ORC/jg6rjg4Pjg4Hjg6Ljg7Pjg4kpPEJSPgrjgJA0NOOAkUhMMzktQ00tMDA4OCDjg5Hjg7zjg5fjg6sv44OU44Oz44Kv44K044O844Or44OJKEhBTVBTVEVBRC/jg4/jg6Djgrnjg4bjg4Pjg4kpPEJSPgrjgJA0NeOAkUhMMzktQ00tMDE2OCDjg5Tjg7Pjgq8v44OU44Oz44Kv44K044O844Or44OJKFNIT1JFRElUQ0gv44K344On44O844OH44Kj44OD44OBKTxCUj4K44CQODPjgJFITDM5LUNNLTAxNDIg44Kw44Oq44O844OzL+ODlOODs+OCr+OCtOODvOODq+ODiShTVFJBVEZPUkQv44K544OI44Op44OI44OV44Kp44O844OJKTxCUj4KCuKWoOOCteOCpOOCuiDnm7TlvoQzOW1tw5fljprjgZU5bW08QlI+CuKWoOOCseODvOOCuee0oOadkCDjgrnjg4bjg7Pjg6zjgrk8QlI+CuKWoOODmeODq+ODiOe0oOadkCDjgrnjg4bjg7Pjg6zjgrk8QlI+CuKWoOOCrOODqeOCuee0oOadkCDjg5jjgrXjg6njgqTjg4jjgq/jg6rjgrnjgr/jg6s8QlI+CuKWoOODoOODvOODluODoeODs+ODiCDjgq/jgqnjg7zjg4Qo6Zu75rGg5byPKTxCUj4K4pag6YeN6YePIOe0hDcyZzxCUj4K4pag6IWV5ZGo44KKIOe0hDE5Y23jgb7jgac8QlI+CuKWoOmYsuawtOaApyDml6XluLjnlJ/mtLvpmLLmsLQoM+awl+Wcpyk8QlI+CuKWoOmHneaVsCA26YedPEJSPgrilqDkv53oqLzmnJ/plpMgMeW5tOmWkzxCUj4K4pag5LuY5bGe5ZOBIOWwgueUqEJPWOOAgeWbvemam+S/neiovOabuDxCUj4K4pag5YKZ6ICDIOaXpeacrOijveODoOODvOODluODoeODs+ODiOWGheiHk+OAgeaXpeS7mOODuzI05pmC6ZaT6KGo56S644CB44Kv44Ot44OO44Kw44Op44OVKDYw56eS6KiI44O7MzDliIboqIgpPEJSPgo8QlI+CjwhLS3no4HmsJctLT4KPGltZyBzcmM9Imh0dHA6Ly9pbWFnZS5yYWt1dGVuLmNvLmpwL3J5dXMtc2VsZWN0L2NhYmluZXQvOS9pbWc1NzI0NzM2NC5qcGciPjxCUj4=,44OY44Oz44Oq44O844Ot44Oz44OJ44OzL0hFTlJZIExPTkRPTiDmmYLoqIggMzltbS/jg6Hjg4Pjgrfjg6VITDM5LUNNLTAwMzQoNDMpSEwzOS1DTS0wMDg4KDQ0KUhMMzktQ00tMDE2OCg0NSlITDM5LUNNLTAxNDIoODMp44Km44Kp44OD44OBL+ODpuODi+OCu+ODg+OCr+OCueOBguOBmealveWvvuW/nC/mlrDlk4HjgIHmnKznianjgIHlvZPlupflnKjluqvjgaDjgYvjgonlronlv4PvvJpTRUlLQQ==,6IWV5pmC6KiI5pmC6KiI44Km44Kp44OD44OB44Oa44Ki44Km44Kp44OD44OB44OX44Os44K844Oz44OI44Op44OD44OU44Oz44Kw6LKh5biD5ZCN5Yi65YWl44KM5bCP6Yqt5YWl44KM44Oq44Ol44OD44Kv44OH44Kj44O844K844Or44OZ44Or44OI44Ki44Km44K/44O844Op44OZ44Oz44OP44Og44Oe44O844Kv44OQ44Kk44Oe44O844Kv44K444Kn44Kk44Kz44OW44K544Oe44Oz44OP44OD44K/44Oz44Od44O844OG44O844K444Kq44Ot44OT44Ki44Oz44Kz44OL44Kv44K944Oz44Kv44Ot44OO44Kw44Op44OV44Ki44Or44Oe44O844OL44OY44Oz44Oq44O844Ot44Oz44OJ44OzL0hFTlJZIExPTkRPTiDmmYLoqIggMzltbS/jg6Hjg4Pjgrfjg6VITDM5LUNNLTAwMzQoNDMpSEwzOS1DTS0wMDg4KDQ0KUhMMzktQ00tMDE2OCg0NSlITDM5LUNNLTAxNDIoODMp44Km44Kp44OD44OBL+ODpuODi+OCu+ODg+OCr+OCueOBguOBmealveWvvuW/nC/mlrDlk4HjgIHmnKznianjgIHlvZPlupflnKjluqvjgaDjgYvjgonlronlv4M=,5paw5ZOBIOmAgeaWmeeEoeaWmSDkv53oqLwg44Op44OD44OU44Oz44Kw54Sh5paZIOODmOODs+ODquODvOODreODs+ODieODsyDohZXmmYLoqIjjgILjg5jjg7Pjg6rjg7zjg63jg7Pjg4njg7MvSEVOUlkgTE9ORE9OIOaZguioiCAzOW1tL+ODoeODg+OCt+ODpUhMMzktQ00tMDAzNCg0MylITDM5LUNNLTAwODgoNDQpSEwzOS1DTS0wMTY4KDQ1KUhMMzktQ00tMDE0Mig4Mynjgqbjgqnjg4Pjg4Ev44Om44OL44K744OD44Kv44K544GC44GZ5qW95a++5b+cL+aWsOWTgeOAgeacrOeJqeOAgeW9k+W6l+WcqOW6q+OBoOOBi+OCieWuieW/gw==[rn]
22-59910,aHR0cDovL3RzaG9wLnIxMHMuanAvZ29sZC9yeXVzLXNlbGVjdC8yMDE3a2Frb3UvaGwvaGw0MS1qbS0xXzEuanBnP2ZpdGluPTcwMDo3MDA=,MTQyNDAuMDAwMA==,,6IWV5pmC6KiIID4g55S35aWz5YW855So6IWV5pmC6KiI,44OY44Oz44Oq44O844Ot44Oz44OJ44OzL0hFTlJZIExPTkRPTiDmmYLoqIggNDFtbS/jg6Hjg4Pjgrfjg6VITDQxLUpNLTAxNDYoNDYp44Kq44Oq44O844OWL+OCtOODvOODq+ODiSDjgqbjgqnjg4Pjg4Ev44Oh44Oz44K644GC44GZ5qW95a++5b+cL+aWsOWTgeOAgeacrOeJqeOAgeW9k+W6l+WcqOW6q+OBoOOBi+OCieWuieW/gw==,5paw5ZOBIOmAgeaWmeeEoeaWmSDkv53oqLwg44Op44OD44OU44Oz44Kw54Sh5paZIOODmOODs+ODquODvOODreODs+ODieODsyDohZXmmYLoqIg=,PGltZyBzcmM9Imh0dHA6Ly93d3cucmFrdXRlbi5uZS5qcC9nb2xkL3J5dXMtc2VsZWN0LzIwMTdrYWtvdS9obC9obDQxLWptLTFfMS5qcGciIGJvcmRlcj0iMCI+PC9hPjxCUj48QlI+CjxpbWcgc3JjPSJodHRwOi8vd3d3LnJha3V0ZW4ubmUuanAvZ29sZC9yeXVzLXNlbGVjdC8yMDE3a2Frb3UvaGwvaGw0MS1qbS0xXzIuanBnIiBib3JkZXI9IjAiPjwvYT48QlI+PEJSPgoKPCEtLeODrOODk+ODpeODvC0tPjxCUj48YSBocmVmPSJodHRwOi8vcmV2aWV3LnJha3V0ZW4uY28uanAvaG93dG8vd3JpdGUvIiBUYXJnZXQ9Il9ibGFuayI+PGltZyBzcmM9Imh0dHA6Ly9pbWFnZS5yYWt1dGVuLmNvLmpwL3J5dXMtc2VsZWN0L2NhYmluZXQvMDIyNTQzNTcvaW1nNTc1MjU3MTcuanBnIiBib3JkZXI9IjAiPjwvYT48QlI+CjxCUj48IS0t44GC44GZ5qW9LS0+PGEgaHJlZj0iaHR0cDovL2V2ZW50LnJha3V0ZW4uY28uanAvYXN1cmFrdS9hYm91dC8iIFRhcmdldD0iX2JsYW5rIj48aW1nIHNyYz0iaHR0cDovL3d3dy5yYWt1dGVuLm5lLmpwL2dvbGQvcnl1cy1zZWxlY3QvMjAxN2tha291L3RvcC9hc3VyYWt1LTYwMHB4LmpwZyIgYm9yZGVyPSIwIj48L2E+PEJSPgo8IS0t44Op44OD44OU44Oz44KwLS0+CjxCUj48YSBocmVmPSJodHRwOi8vaXRlbS5yYWt1dGVuLmNvLmpwL3J5dXMtc2VsZWN0LzEwMDA2NDI3LyIgVGFyZ2V0PSJfYmxhbmsiPjxpbWcgc3JjPSJodHRwOi8vaW1hZ2UucmFrdXRlbi5jby5qcC9yeXVzLXNlbGVjdC9jYWJpbmV0L2IvaW1nNTgyMzk4MTMuanBnIiBib3JkZXI9IjAiPjwvYT4KPEJSPgo8IS0t44Oh44OD44K744O844K444Kr44O844OJLS0+CjxCUj48YSBocmVmPSJodHRwOi8vaXRlbS5yYWt1dGVuLmNvLmpwL3J5dXMtc2VsZWN0L2MvMDAwMDAwMDY0OS8iIFRhcmdldD0iX2JsYW5rIj48aW1nIHNyYz0iaHR0cDovL2ltYWdlLnJha3V0ZW4uY28uanAvcnl1cy1zZWxlY3QvY2FiaW5ldC9iL2ltZzU4MjM5ODE0LmpwZyIgYm9yZGVyPSIwIj48L2E+PEJSPgo8IS0t44K144Kk44K66Kq/56+ALS0+CjxCUj48YSBocmVmPSJodHRwOi8vaXRlbS5yYWt1dGVuLmNvLmpwL3J5dXMtc2VsZWN0L2MvMDAwMDAwMDQyMC8iIFRhcmdldD0iX2JsYW5rIj48aW1nIApzcmM9Imh0dHA6Ly9pbWFnZS5yYWt1dGVuLmNvLmpwL3J5dXMtc2VsZWN0L2NhYmluZXQvYi9pbWc1ODM3MzE1NS5qcGciIGJvcmRlcj0iMCI+PC9hPjxCUj4KPHRhYmxlIHdpZHRoPSI2MDAiPgo8Zm9udCBzaXplPSIyIj48Yj7ilqDnj77lnKjjga7jgZTms6jmlofnirbms4E8L2I+PC9mb250Pgo8L3RhYmxlPgo8dGFibGUgYm9yZGVyPSIxIj4KPHRkIHdpZHRoPSI2MDAiPgo8aWZyYW1lIGlkPSJzdmNHIiBzcmM9Imh0dHA6Ly93d3cucmFrdXRlbi5uZS5qcC9nb2xkL3J5dXMtc2VsZWN0L3N5c3RlbS9zdmNHLmh0bWw/Y2xhc3M9c3R5bGUyIiB3aWR0aD0iNTk1cHgiIGhlaWdodD0iMjQwcHgiIGZyYW1lYm9yZGVyPSIwIiBtYXJnaW5oZWlnaHQ9IjAiIG1hcmdpbndpZHRoPSIwIiBzY3JvbGxpbmc9Im5vIj48L2lmcmFtZT4KPC90ZD4KPC90YWJsZT4KCjxCUj4KPHRhYmxlIHdpZHRoPSI2MDAiPgo8Zm9udCBzaXplPSIyIj48Yj7ilqDjgYrlrqLmp5jjgYvjgonjga7jgZTmhI/opovjg7vjgZTmhJ/mg7M8L2I+PC9mb250Pgo8L3RhYmxlPgo8dGFibGUgYm9yZGVyPSIxIj4KPHRkIHdpZHRoPSI2MDAiPgo8aWZyYW1lIGlkPSJzdmNEIiBzcmM9Imh0dHA6Ly93d3cucmFrdXRlbi5uZS5qcC9nb2xkL3J5dXMtc2VsZWN0L3N5c3RlbS9zdmNELmh0bWw/Y2xhc3M9c3R5bGUyIiB3aWR0aD0iNTk1cHgiIGhlaWdodD0iMjQwcHgiIGZyYW1lYm9yZGVyPSIwIiBtYXJnaW5oZWlnaHQ9IjAiIG1hcmdpbndpZHRoPSIwIiBzY3JvbGxpbmc9Im5vIj48L2lmcmFtZT4KPC90ZD4KPC90YWJsZT48QlI+PEJSPjwhLS3jg6njg4Pjg5Tjg7PjgrAxNTDlhoYtLT48YSBocmVmPSJodHRwOi8vaXRlbS5yYWt1dGVuLmNvLmpwL3J5dXMtc2VsZWN0L3NlbGYtcmFwLyIgVGFyZ2V0PSJfYmxhbmsiPjxpbWcgc3JjPSJodHRwOi8vaW1hZ2UucmFrdXRlbi5jby5qcC9yeXVzLXNlbGVjdC9jYWJpbmV0L3RvcC9pbWdyYzAwNjY2NzU2OTQuanBnIiBib3JkZXI9IjAiPjwvYT48QlI+PCEtLeOCruODleODiOWvvuW/nOazqOaEj+abuOOBjS0tPgo8dGFibGUgYm9yZGVyPSIwIiBjZWxsc3BhY2luZz0iMCIgY2VsbHBhZGRpbmc9IjIiPgo8dHIgdmFsaWduPSJ0b3AiPjx0ZCBub3dyYXA+PGltZyBzcmM9Imh0dHA6Ly9pbWFnZS5yYWt1dGVuLmNvLmpwL3J5dXMtc2VsZWN0L2NhYmluZXQvZy9pbWdyYzAwNjI4NTAwMTEuanBnIiBib3JkZXI9IjAiPjwvdGQ+CjwvdHI+CjwvdGFibGU+PEJSPgoK4pag5ZWG5ZOB5ZCNIOODmOODs+ODquODvOODreODs+ODieODsy9IRU5SWSBMT05ET048QlI+PEJSPgrilqDlk4Hnlaoo44Kr44Op44O8KTxCUj4K44CQNDbjgJFITDQxLUpNLTAxNDYg44Kq44Oq44O844OWL+OCtOODvOODq+ODiShDSElTV0lDSy/jg4HjgrrjgqbjgqPjg4Pjgq8pPEJSPjxCUj4K4pag44K144Kk44K6IOebtOW+hDQxbW3Dl+WOmuOBlTEwbW08QlI+CuKWoOOCseODvOOCuee0oOadkCDjgrnjg4bjg7Pjg6zjgrk8QlI+CuKWoOODmeODq+ODiOe0oOadkCDjgrnjg4bjg7Pjg6zjgrk8QlI+CuKWoOOCrOODqeOCuee0oOadkCDjg5jjgrXjg6njgqTjg4jjgq/jg6rjgrnjgr/jg6s8QlI+CuKWoOODoOODvOODluODoeODs+ODiCDjgq/jgqnjg7zjg4Qo6Zu75rGg5byPKTxCUj4K4pag6YeN6YePIDc2ZzxCUj4K4pag6IWV5ZGo44KKIOacgOWkp+e0hDE5Y23jgb7jgac8QlI+CuKWoOmYsuawtOaApyDml6XluLjnlJ/mtLvpmLLmsLQoM+awl+Wcpyk8QlI+CuKWoOmHneaVsCAz6YedPEJSPgrilqDkv53oqLzmnJ/plpMgMeW5tOmWkzxCUj4K4pag5LuY5bGe5ZOBIOWwgueUqEJPWOOAgeWbvemam+S/neiovOabuDxCUj4K4pag5YKZ6ICDIOaXpeacrOijveODoOODvOODluODoeODs+ODiOWGheiHk+OAgeaXpeS7mOihqOekujxCUj4KPEJSPgo8IS0t56OB5rCXLS0+CjxpbWcgc3JjPSJodHRwOi8vaW1hZ2UucmFrdXRlbi5jby5qcC9yeXVzLXNlbGVjdC9jYWJpbmV0LzkvaW1nNTcyNDczNjQuanBnIj48QlI+,44OY44Oz44Oq44O844Ot44Oz44OJ44OzL0hFTlJZIExPTkRPTiDmmYLoqIggNDFtbS/jg6Hjg4Pjgrfjg6VITDQxLUpNLTAxNDYoNDYp44Kq44Oq44O844OWL+OCtOODvOODq+ODiSDjgqbjgqnjg4Pjg4Ev44Oh44Oz44K644GC44GZ5qW95a++5b+cL+aWsOWTgeOAgeacrOeJqeOAgeW9k+W6l+WcqOW6q+OBoOOBi+OCieWuieW/g++8mlNFSUtB,6IWV5pmC6KiI5pmC6KiI44Km44Kp44OD44OB44Oa44Ki44Km44Kp44OD44OB44OX44Os44K844Oz44OI44Op44OD44OU44Oz44Kw6LKh5biD5ZCN5Yi65YWl44KM5bCP6Yqt5YWl44KM44Oq44Ol44OD44Kv44OH44Kj44O844K844Or44OZ44Or44OI44Ki44Km44K/44O844Op44OZ44Oz44OP44Og44Oe44O844Kv44OQ44Kk44Oe44O844Kv44K444Kn44Kk44Kz44OW44K544Oe44Oz44OP44OD44K/44Oz44Od44O844OG44O844K444Kq44Ot44OT44Ki44Oz44Kz44OL44Kv44K944Oz44Kv44Ot44OO44Kw44Op44OV44Ki44Or44Oe44O844OL44OY44Oz44Oq44O844Ot44Oz44OJ44OzL0hFTlJZIExPTkRPTiDmmYLoqIggNDFtbS/jg6Hjg4Pjgrfjg6VITDQxLUpNLTAxNDYoNDYp44Kq44Oq44O844OWL+OCtOODvOODq+ODiSDjgqbjgqnjg4Pjg4Ev44Oh44Oz44K644GC44GZ5qW95a++5b+cL+aWsOWTgeOAgeacrOeJqeOAgeW9k+W6l+WcqOW6q+OBoOOBi+OCieWuieW/gw==,5paw5ZOBIOmAgeaWmeeEoeaWmSDkv53oqLwg44Op44OD44OU44Oz44Kw54Sh5paZIOODmOODs+ODquODvOODreODs+ODieODsyDohZXmmYLoqIjjgILjg5jjg7Pjg6rjg7zjg63jg7Pjg4njg7MvSEVOUlkgTE9ORE9OIOaZguioiCA0MW1tL+ODoeODg+OCt+ODpUhMNDEtSk0tMDE0Nig0Ninjgqrjg6rjg7zjg5Yv44K044O844Or44OJIOOCpuOCqeODg+ODgS/jg6Hjg7PjgrrjgYLjgZnmpb3lr77lv5wv5paw5ZOB44CB5pys54mp44CB5b2T5bqX5Zyo5bqr44Gg44GL44KJ5a6J5b+D[rn]
22-59911,aHR0cDovL3RzaG9wLnIxMHMuanAvYnJpZ2h0cy9jYWJpbmV0LzU1LzA2MDhkdy0xLmpwZz9maXRpbj03MDA6NzAw,MTEwNDAuMDAwMA==,,6IWV5pmC6KiIID4g55S35aWz5YW855So6IWV5pmC6KiI,44CQ6YCB5paZ54Sh5paZ44CR44OA44OL44Ko44OrIOOCpuOCp+ODquODs+ODiOODsyBEYW5pZWwgV2VsbGluZ3RvbiDjgrfjgqfjg5XjgqPjg7zjg6vjg4kgMzYg44Kv44Kq44O844OEIOODpuODi+OCu+ODg+OCr+OCuSDohZXmmYLoqIggMDYwOERXIOmdqeODmeODq+ODiCDjgqbjgqnjg4Pjg4Eg5pmC6KiIIOOBhuOBp+OBqeOBkeOBhCDjgrfjg7Pjg5fjg6sg44Kr44K444Ol44Ki44OrIOODl+ODrOOCvOODs+ODiA==,44Kr44K444Ol44Ki44Or772e44OT44K444ON44K544K344O844Oz44Gn44KC5L2/44GI44KL6IWV5pmC6KiI44O76ZuR6LKo44KS5aSa5pWw44GU55So5oSP,IDxkaXYgaWQ9ImNvbnRhaW5lciI+IDxkaXYgaWQ9InR0bCI+IDxoMT7jg4Djg4vjgqjjg6sg44Km44Kn44Oq44Oz44OI44OzIOOCt+OCp+ODleOCo+ODvOODq+ODiSAzNiDjgq/jgqrjg7zjg4Qg44Om44OL44K744OD44Kv44K5IOiFleaZguioiCAwNjA4RFc8L2gxPiA8L2Rpdj4gPGRpdiBjbGFzcz0icHJvZHVjdCI+PGltZyBzcmM9aHR0cDovL2ltYWdlLnJha3V0ZW4uY28uanAvYnJpZ2h0cy9jYWJpbmV0LzU1LzA2MDhkdy0xLmpwZyB3aWR0aD0iNjAwIiAvPjwvZGl2PiAgPGgyPuODgOODi+OCqOODqyDjgqbjgqfjg6rjg7Pjg4jjg7MgRGFuaWVsIFdlbGxpbmd0b24g5pmC6KiIIOOCpuOCqeODg+ODgSDlpKfkurrmsJcgIDM2bW0g44Kr44K444Ol44Ki44OrIOODleOCqeODvOODnuODqyDjg6zjgrbjg7zjg5njg6vjg4gg44Kv44Op44OD44K344OD44KvIOODgOODi+OCqOODq+OCpuOCp+ODquODs+ODiOODsyBEVzwvaDI+ICA8cD7jgIzjg4Djg4vjgqjjg6vjg7vjgqbjgqfjg6rjg7Pjg4jjg7PjgI3jga/libXlp4vogIXjga7jg5XjgqPjg6rjg4Pjg5fjg7vjgr/jgqTjgrXjg7Pjg4Djg7zjgYzjgqTjg7Pjgrnjg5HjgqTjgqLjgZXjgozjgZ/jgqTjgq7jg6rjgrnntLPlo6vjgIHjg4Djg4vjgqjjg6vjg7vjgqbjgqfjg6rjg7Pjg4jjg7PmsI/jga7lkI3liY3jgavnlLHmnaXjgZfjgb7jgZnjgII8QlI+5b2844Gu5pmC5Luj44Gr5o2V44KP44KM44Ga44K344O844Oz44KS6YG444Gw44Gq44GE44OV44Kh44OD44K344On44Oz44K544K/44Kk44Or44Gv5pmC6KiI44Gu44OH44K244Kk44Oz44Gr55Sf44GL44GV44KM44Gm44GE44G+44GZ44CCPEJSPueEoemnhOOBruOBquOBhOOCt+ODs+ODl+ODq+OBp+OBmeOBo+OBjeOCiuOBqOOBl+OBn+ODh+OCtuOCpOODs+OBr+OCq+OCuOODpeOCouODq+OBq+OCguODleOCqeODvOODnuODq+OBq+OCguanmOOAheOBquOCt+ODvOODs+OBq+WtmOWcqOaEn+OCkuOBguOBn+OBiOOBvuOBmeOAguODl+ODrOOCvOODs+ODiOOChOOCruODleODiOOBq+OCguOBiuOBmeOBmeOCgeOBp+OBmeOAgjwvcD4gIDxkaXYgY2xhc3M9InByb2R1Y3QiPjxpbWcgc3JjPWh0dHA6Ly9pbWFnZS5yYWt1dGVuLmNvLmpwL2JyaWdodHMvY2FiaW5ldC81NS8wNjA4ZHctMi5qcGcgd2lkdGg9IjYwMCIgLz48L2Rpdj4gIDxkaXYgY2xhc3M9InByb2R1Y3QiPiA8aW1nIHNyYz1odHRwOi8vaW1hZ2UucmFrdXRlbi5jby5qcC9icmlnaHRzL2NhYmluZXQvNTUvMDYwOGR3LTMuanBnIHdpZHRoPSI2MDAiIC8+IDwvZGl2PiA8dGFibGUgaWQ9InRhYmxlLTAxIj4gPHRyPiA8dGg+44K144Kk44K6PC90aD4gPHRkPijntIQpSDM2w5dXMzbDl0Q2bW0gKOODqeOCsOOAgeODquODpeODvOOCuuOCkumZpOOBjynjgIHph43jgZUo57SEKTM1Z+OAgeiFleWbnuOCiuacgOWkpyjntIQpMThjbeOAgeiFleWbnuOCiuacgOWwjyjntIQpMTMuNWNt44CB44OZ44Or44OI5bmFKOe0hCkxOG1tPC90ZD4gPC90cj4gPHRyPiA8dGg+57Sg5p2QPC90aD4gPHRkPuOCueODhuODs+ODrOOCue+8iOOCseODvOOCue+8ieOAgeODrOOCtuODvO+8iOODmeODq+ODiO+8iTwvdGQ+IDwvdHI+IDx0cj4gPHRoPuS7leanmDwvdGg+IDx0ZD7jgq/jgqrjg7zjg4TvvIjml6XmnKzoo73jg6Djg7zjg5bjg6Hjg7Pjg4jvvInjgIEz5rCX5Zyn6Ziy5rC044CB44Kr44Op44O8IOODm+ODr+OCpOODiO+8iOaWh+Wtl+ebpO+8ieOAgeOCt+ODq+ODkOODvO+8iOOCseODvOOCue+8ieOAgeODluODqeODg+OCr++8iOODmeODq+ODiO+8ieKAu+W9k+WVhuWTgeOBruODmeODq+ODiOOBr+WkqeeEtuOBrumdqeOCkuS9v+eUqOOBl+OBpuOBhOOCi+OBn+OCgeOAgeWkmuWwkeOBruWCt+ODu+iJsuOCgOOCieOBr+miqOWQiOOBhOOBqOOBquOCiuOBvuOBmeOAgjxicj7igLvlhaXojbfmmYLmnJ/jgavjgojjgorlsILnlKjjg5zjg4Pjgq/jgrnjgYznlLvlg4/jga7ku5Xmp5jjgajnlbDjgarjgovloLTlkIjjgYzjgZTjgZbjgYTjgb7jgZnjgILkuojjgoHjgZTkuobmib/jgY/jgaDjgZXjgYTjgIIgPC90ZD4gPC90cj4gPHRyPiA8dGg+5LuY5bGe5ZOBPC90aD4gPHRkPuOCseODvOOCueODu+S/neiovOabuOODu+WPluaJseiqrOaYjuabuDwvdGQ+IDwvdHI+IDx0cj4gPHRoPuS/neiovOacn+mWkzwvdGg+IDx0ZD4x5bm06ZaTPC90ZD4gPC90cj4gPC90YWJsZT4gPC9kaXY+IDxQIGFsaWduPWNlbnRlcj48Zm9udCBzaXplPTQ+PHN0cm9uZz7jg4Djg4vjgqjjg6sg44Km44Kn44Oq44Oz44OI44OzIOOCt+OCp+ODleOCo+ODvOODq+ODiSAzNiDjgq/jgqrjg7zjg4Qg44Om44OL44K744OD44Kv44K5IOiFleaZguioiCAwNjA4RFc8L3N0cm9uZz48L2ZvbnQ+PC9wPjxocj48YSBocmVmPSJodHRwOi8vaXRlbS5yYWt1dGVuLmNvLmpwL2JyaWdodHMvMjc5MTYyLyI+PGltZyBzcmM9Imh0dHA6Ly9pbWFnZS5yYWt1dGVuLmNvLmpwL2JyaWdodHMvY2FiaW5ldC8wNDYxNS9rb2t1aW5ibnIuanBnIiB3aWR0aD0iMTAwJSI+PC9hPjxsaW5rIGhyZWY9Imh0dHA6Ly93d3cucmFrdXRlbi5uZS5qcC9nb2xkL2JyaWdodHMvY3NzL2l0ZW0tbGF5b3V0LWJhc2ljLmNzcyIgcmVsPSJzdHlsZXNoZWV0IiB0eXBlPSJ0ZXh0L2NzcyIgLz4=,44CQ6YCB5paZ54Sh5paZ44CR44OA44OL44Ko44OrIOOCpuOCp+ODquODs+ODiOODsyBEYW5pZWwgV2VsbGluZ3RvbiDjgrfjgqfjg5XjgqPjg7zjg6vjg4kgMzYg44Kv44Kq44O844OEIOODpuODi+OCu+ODg+OCr+OCuSDohZXmmYLoqIggMDYwOERXIOmdqeODmeODq+ODiCDjgqbjgqnjg4Pjg4Eg5pmC6KiIIOOBhuOBp+OBqeOBkeOBhCDjgrfjg7Pjg5fjg6sg44Kr44K444Ol44Ki44OrIOODl+ODrOOCvOODs+ODiO+8muOCpuOCqeODg+ODgeODquOCueODiA==,6IWV5pmC6KiIRElFU0VM6Zu75rOi44K944O844Op44O844OH44Kj44O844K844OrYWRpZGFz44Ki44OH44Kj44OA44K544Ki44Or44Oe44O844OLQ0FTSU/jgqvjgrfjgqrmmYLoqIjjg6vjg5/jg47jg4Pjgq/jgrnjgrvjgqTjgrPjg7zjgYbjgafjganjgZHjgYTjgqbjgqnjg4Pjg4Hjg4vjgq/jgr3jg7NaSVBQT+OCrOOCrOODn+ODqeODjuODj+ODn+ODq+ODiOODs1RJTUVHZWFy44Oe44O844Kv44K444Kn44Kk44Kz44OW44K544CQ6YCB5paZ54Sh5paZ44CR44OA44OL44Ko44OrIOOCpuOCp+ODquODs+ODiOODsyBEYW5pZWwgV2VsbGluZ3RvbiDjgrfjgqfjg5XjgqPjg7zjg6vjg4kgMzYg44Kv44Kq44O844OEIOODpuODi+OCu+ODg+OCr+OCuSDohZXmmYLoqIggMDYwOERXIOmdqeODmeODq+ODiCDjgqbjgqnjg4Pjg4Eg5pmC6KiIIOOBhuOBp+OBqeOBkeOBhCDjgrfjg7Pjg5fjg6sg44Kr44K444Ol44Ki44OrIOODl+ODrOOCvOODs+ODiA==,44Kr44K444Ol44Ki44Or772e44OT44K444ON44K544K344O844Oz44Gn44KC5L2/44GI44KL6IWV5pmC6KiI44O76ZuR6LKo44KS5aSa5pWw44GU55So5oSP44CC44CQ6YCB5paZ54Sh5paZ44CR44OA44OL44Ko44OrIOOCpuOCp+ODquODs+ODiOODsyBEYW5pZWwgV2VsbGluZ3RvbiDjgrfjgqfjg5XjgqPjg7zjg6vjg4kgMzYg44Kv44Kq44O844OEIOODpuODi+OCu+ODg+OCr+OCuSDohZXmmYLoqIggMDYwOERXIOmdqeODmeODq+ODiCDjgqbjgqnjg4Pjg4Eg5pmC6KiIIOOBhuOBp+OBqeOBkeOBhCDjgrfjg7Pjg5fjg6sg44Kr44K444Ol44Ki44OrIOODl+ODrOOCvOODs+ODiA==[rn]
22-59912,aHR0cDovL3RzaG9wLnIxMHMuanAvZ29sZC9yeXVzLXNlbGVjdC8yMDE3a2Frb3UvaGwvaGwzOS1jcy0xXzEuanBnP2ZpdGluPTcwMDo3MDA=,MTQyNDAuMDAwMA==,,6IWV5pmC6KiIID4g55S35aWz5YW855So6IWV5pmC6KiI,44OY44Oz44Oq44O844Ot44Oz44OJ44OzL0hFTlJZIExPTkRPTiDmmYLoqIggMzltbeOCr+ODreODjuOCsOODqeODlS/jg6zjgrbjg7xITDM5LUNTLTAwNzcoMjIp44K344Or44OQ44O8w5fjg5bjg6njg4Pjgq/jg6zjgrbjg7zjgqbjgqnjg4Pjg4Ev44Om44OL44K744OD44Kv44K544GC44GZ5qW95a++5b+cL+aWsOWTgeOAgeacrOeJqeOAgeW9k+W6l+WcqOW6q+OBoOOBi+OCieWuieW/gw==,5paw5ZOBIOmAgeaWmeeEoeaWmSDkv53oqLwg44Op44OD44OU44Oz44Kw54Sh5paZIOODmOODs+ODquODvOODreODs+ODieODsyDohZXmmYLoqIg=,PGltZyBzcmM9Imh0dHA6Ly93d3cucmFrdXRlbi5uZS5qcC9nb2xkL3J5dXMtc2VsZWN0LzIwMTdrYWtvdS9obC9obDM5LWNzLTFfMS5qcGciIGJvcmRlcj0iMCI+PC9hPjxCUj48QlI+CjxpbWcgc3JjPSJodHRwOi8vd3d3LnJha3V0ZW4ubmUuanAvZ29sZC9yeXVzLXNlbGVjdC8yMDE3a2Frb3UvaGwvaGwzOS1jcy0xXzIuanBnIiBib3JkZXI9IjAiPjwvYT48QlI+PEJSPgoKPCEtLeODrOODk+ODpeODvC0tPjxCUj48YSBocmVmPSJodHRwOi8vcmV2aWV3LnJha3V0ZW4uY28uanAvaG93dG8vd3JpdGUvIiBUYXJnZXQ9Il9ibGFuayI+PGltZyBzcmM9Imh0dHA6Ly9pbWFnZS5yYWt1dGVuLmNvLmpwL3J5dXMtc2VsZWN0L2NhYmluZXQvMDIyNTQzNTcvaW1nNTc1MjU3MTcuanBnIiBib3JkZXI9IjAiPjwvYT48QlI+CjxCUj48IS0t44GC44GZ5qW9LS0+PGEgaHJlZj0iaHR0cDovL2V2ZW50LnJha3V0ZW4uY28uanAvYXN1cmFrdS9hYm91dC8iIFRhcmdldD0iX2JsYW5rIj48aW1nIHNyYz0iaHR0cDovL3d3dy5yYWt1dGVuLm5lLmpwL2dvbGQvcnl1cy1zZWxlY3QvMjAxN2tha291L3RvcC9hc3VyYWt1LTYwMHB4LmpwZyIgYm9yZGVyPSIwIj48L2E+PEJSPgo8IS0t44Op44OD44OU44Oz44KwLS0+CjxCUj48YSBocmVmPSJodHRwOi8vaXRlbS5yYWt1dGVuLmNvLmpwL3J5dXMtc2VsZWN0LzEwMDA2NDI3LyIgVGFyZ2V0PSJfYmxhbmsiPjxpbWcgc3JjPSJodHRwOi8vaW1hZ2UucmFrdXRlbi5jby5qcC9yeXVzLXNlbGVjdC9jYWJpbmV0L2IvaW1nNTgyMzk4MTMuanBnIiBib3JkZXI9IjAiPjwvYT4KPEJSPgo8IS0t44Oh44OD44K744O844K444Kr44O844OJLS0+CjxCUj48YSBocmVmPSJodHRwOi8vaXRlbS5yYWt1dGVuLmNvLmpwL3J5dXMtc2VsZWN0L2MvMDAwMDAwMDY0OS8iIFRhcmdldD0iX2JsYW5rIj48aW1nIHNyYz0iaHR0cDovL2ltYWdlLnJha3V0ZW4uY28uanAvcnl1cy1zZWxlY3QvY2FiaW5ldC9iL2ltZzU4MjM5ODE0LmpwZyIgYm9yZGVyPSIwIj48L2E+PEJSPgo8IS0t44K144Kk44K66Kq/56+ALS0+CjxCUj48YSBocmVmPSJodHRwOi8vaXRlbS5yYWt1dGVuLmNvLmpwL3J5dXMtc2VsZWN0L2MvMDAwMDAwMDQyMC8iIFRhcmdldD0iX2JsYW5rIj48aW1nIApzcmM9Imh0dHA6Ly9pbWFnZS5yYWt1dGVuLmNvLmpwL3J5dXMtc2VsZWN0L2NhYmluZXQvYi9pbWc1ODM3MzE1NS5qcGciIGJvcmRlcj0iMCI+PC9hPjxCUj4KPHRhYmxlIHdpZHRoPSI2MDAiPgo8Zm9udCBzaXplPSIyIj48Yj7ilqDnj77lnKjjga7jgZTms6jmlofnirbms4E8L2I+PC9mb250Pgo8L3RhYmxlPgo8dGFibGUgYm9yZGVyPSIxIj4KPHRkIHdpZHRoPSI2MDAiPgo8aWZyYW1lIGlkPSJzdmNHIiBzcmM9Imh0dHA6Ly93d3cucmFrdXRlbi5uZS5qcC9nb2xkL3J5dXMtc2VsZWN0L3N5c3RlbS9zdmNHLmh0bWw/Y2xhc3M9c3R5bGUyIiB3aWR0aD0iNTk1cHgiIGhlaWdodD0iMjQwcHgiIGZyYW1lYm9yZGVyPSIwIiBtYXJnaW5oZWlnaHQ9IjAiIG1hcmdpbndpZHRoPSIwIiBzY3JvbGxpbmc9Im5vIj48L2lmcmFtZT4KPC90ZD4KPC90YWJsZT4KCjxCUj4KPHRhYmxlIHdpZHRoPSI2MDAiPgo8Zm9udCBzaXplPSIyIj48Yj7ilqDjgYrlrqLmp5jjgYvjgonjga7jgZTmhI/opovjg7vjgZTmhJ/mg7M8L2I+PC9mb250Pgo8L3RhYmxlPgo8dGFibGUgYm9yZGVyPSIxIj4KPHRkIHdpZHRoPSI2MDAiPgo8aWZyYW1lIGlkPSJzdmNEIiBzcmM9Imh0dHA6Ly93d3cucmFrdXRlbi5uZS5qcC9nb2xkL3J5dXMtc2VsZWN0L3N5c3RlbS9zdmNELmh0bWw/Y2xhc3M9c3R5bGUyIiB3aWR0aD0iNTk1cHgiIGhlaWdodD0iMjQwcHgiIGZyYW1lYm9yZGVyPSIwIiBtYXJnaW5oZWlnaHQ9IjAiIG1hcmdpbndpZHRoPSIwIiBzY3JvbGxpbmc9Im5vIj48L2lmcmFtZT4KPC90ZD4KPC90YWJsZT48QlI+PEJSPjwhLS3jg6njg4Pjg5Tjg7PjgrAxNTDlhoYtLT48YSBocmVmPSJodHRwOi8vaXRlbS5yYWt1dGVuLmNvLmpwL3J5dXMtc2VsZWN0L3NlbGYtcmFwLyIgVGFyZ2V0PSJfYmxhbmsiPjxpbWcgc3JjPSJodHRwOi8vaW1hZ2UucmFrdXRlbi5jby5qcC9yeXVzLXNlbGVjdC9jYWJpbmV0L3RvcC9pbWdyYzAwNjY2NzU2OTQuanBnIiBib3JkZXI9IjAiPjwvYT48QlI+PCEtLeOCruODleODiOWvvuW/nOazqOaEj+abuOOBjS0tPgo8dGFibGUgYm9yZGVyPSIwIiBjZWxsc3BhY2luZz0iMCIgY2VsbHBhZGRpbmc9IjIiPgo8dHIgdmFsaWduPSJ0b3AiPjx0ZCBub3dyYXA+PGltZyBzcmM9Imh0dHA6Ly9pbWFnZS5yYWt1dGVuLmNvLmpwL3J5dXMtc2VsZWN0L2NhYmluZXQvZy9pbWdyYzAwNjI4NTAwMTEuanBnIiBib3JkZXI9IjAiPjwvdGQ+CjwvdHI+CjwvdGFibGU+PEJSPgoK4pag5ZWG5ZOB5ZCNIOODmOODs+ODquODvOODreODs+ODieODsy9IRU5SWSBMT05ET048QlI+CuKWoOWTgeeVqijjgqvjg6njg7wpPEJSPgrjgJAyMuOAkUhMMzktQ1MtMDA3NyDjgrfjg6vjg5Djg7wv44OW44Op44OD44Kv44Os44K244O8KFBJQ0NBRElMTFkv44OU44Kr44OH44Oq44O8KTxCUj4K4pag44K144Kk44K6IOebtOW+hDM5bW3Dl+WOmuOBlTExbW08QlI+CuKWoOOCseODvOOCuee0oOadkCDjgrnjg4bjg7Pjg6zjgrk8QlI+CuKWoOODmeODq+ODiOe0oOadkCDjg6zjgrbjg7w8QlI+CuKWoOOCrOODqeOCuee0oOadkCDjg5jjgrXjg6njgqTjg4jjgq/jg6rjgrnjgr/jg6s8QlI+CuKWoOODoOODvOODluODoeODs+ODiCDjgq/jgqnjg7zjg4Qo6Zu75rGg5byPKTxCUj4K4pag6YeN6YePIDUyZzxCUj4K4pag6IWV5ZGo44KKIDEzLjXvvZ4yMGNt44G+44GnPEJSPgrilqDpmLLmsLTmgKcg5pel5bi455Sf5rS76Ziy5rC0KDPmsJflnKcpPEJSPgrilqDph53mlbAgNumHnTxCUj4K4pag5L+d6Ki85pyf6ZaTIDHlubTplpM8QlI+CuKWoOS7mOWxnuWTgSDlsILnlKhCT1jjgIHlm73pmpvkv53oqLzmm7g8QlI+CuKWoOWCmeiAgyDml6XmnKzoo73jg6Djg7zjg5bjg6Hjg7Pjg4jlhoXoh5PjgIHml6Xku5jjg7syNOaZgumWk+ihqOekuuOAgeOCr+ODreODjuOCsOODqeODlSg2MOenkuOAgTMw5YiG6KiIKTxCUj4KPEJSPgo8IS0t56OB5rCXLS0+CjxpbWcgc3JjPSJodHRwOi8vaW1hZ2UucmFrdXRlbi5jby5qcC9yeXVzLXNlbGVjdC9jYWJpbmV0LzkvaW1nNTcyNDczNjQuanBnIj48QlI+,44OY44Oz44Oq44O844Ot44Oz44OJ44OzL0hFTlJZIExPTkRPTiDmmYLoqIggMzltbeOCr+ODreODjuOCsOODqeODlS/jg6zjgrbjg7xITDM5LUNTLTAwNzcoMjIp44K344Or44OQ44O8JnRpbWVzO+ODluODqeODg+OCr+ODrOOCtuODvOOCpuOCqeODg+ODgS/jg6bjg4vjgrvjg4Pjgq/jgrnjgYLjgZnmpb3lr77lv5wv5paw5ZOB44CB5pys54mp44CB5b2T5bqX5Zyo5bqr44Gg44GL44KJ5a6J5b+D77yaU0VJS0E=,6IWV5pmC6KiI5pmC6KiI44Km44Kp44OD44OB44Oa44Ki44Km44Kp44OD44OB44OX44Os44K844Oz44OI44Op44OD44OU44Oz44Kw6LKh5biD5ZCN5Yi65YWl44KM5bCP6Yqt5YWl44KM44Oq44Ol44OD44Kv44OH44Kj44O844K844Or44OZ44Or44OI44Ki44Km44K/44O844Op44OZ44Oz44OP44Og44Oe44O844Kv44OQ44Kk44Oe44O844Kv44K444Kn44Kk44Kz44OW44K544Oe44Oz44OP44OD44K/44Oz44Od44O844OG44O844K444Kq44Ot44OT44Ki44Oz44Kz44OL44Kv44K944Oz44Kv44Ot44OO44Kw44Op44OV44Ki44Or44Oe44O844OL44OY44Oz44Oq44O844Ot44Oz44OJ44OzL0hFTlJZIExPTkRPTiDmmYLoqIggMzltbeOCr+ODreODjuOCsOODqeODlS/jg6zjgrbjg7xITDM5LUNTLTAwNzcoMjIp44K344Or44OQ44O8JnRpbWVzO+ODluODqeODg+OCr+ODrOOCtuODvOOCpuOCqeODg+ODgS/jg6bjg4vjgrvjg4Pjgq/jgrnjgYLjgZnmpb3lr77lv5wv5paw5ZOB44CB5pys54mp44CB5b2T5bqX5Zyo5bqr44Gg44GL44KJ5a6J5b+D,5paw5ZOBIOmAgeaWmeeEoeaWmSDkv53oqLwg44Op44OD44OU44Oz44Kw54Sh5paZIOODmOODs+ODquODvOODreODs+ODieODsyDohZXmmYLoqIjjgILjg5jjg7Pjg6rjg7zjg63jg7Pjg4njg7MvSEVOUlkgTE9ORE9OIOaZguioiCAzOW1t44Kv44Ot44OO44Kw44Op44OVL+ODrOOCtuODvEhMMzktQ1MtMDA3NygyMinjgrfjg6vjg5Djg7wmdGltZXM744OW44Op44OD44Kv44Os44K244O844Km44Kp44OD44OBL+ODpuODi+OCu+ODg+OCr+OCueOBguOBmealveWvvuW/nC/mlrDlk4HjgIHmnKznianjgIHlvZPlupflnKjluqvjgaDjgYvjgonlronlv4M=[rn]
22-59913,aHR0cDovL3RzaG9wLnIxMHMuanAvYnJpZ2h0cy9jYWJpbmV0LzU1LzA1MTFkdy0xLmpwZz9maXRpbj03MDA6NzAw,OTQ0MC4wMDAw,,6IWV5pmC6KiIID4g55S35aWz5YW855So6IWV5pmC6KiI,44CQ6YCB5paZ54Sh5paZ44CR44OA44OL44Ko44OrIOOCpuOCp+ODquODs+ODiOODsyBEYW5pZWwgV2VsbGluZ3RvbiDjg5bjg6rjgrnjg4jjg6sgMzYg44Kv44Kq44O844OEIOODpuODi+OCu+ODg+OCr+OCuSDohZXmmYLoqIggMDUxMURXIOmdqeODmeODq+ODiCDjgqbjgqnjg4Pjg4Eg5pmC6KiIIOOBhuOBp+OBqeOBkeOBhCDjgrfjg7Pjg5fjg6sg44Kr44K444Ol44Ki44OrIOODl+ODrOOCvOODs+ODiA==,44Kr44K444Ol44Ki44Or772e44OT44K444ON44K544K344O844Oz44Gn44KC5L2/44GI44KL6IWV5pmC6KiI44O76ZuR6LKo44KS5aSa5pWw44GU55So5oSP,IDxkaXYgaWQ9ImNvbnRhaW5lciI+IDxkaXYgaWQ9InR0bCI+IDxoMT7jg4Djg4vjgqjjg6sg44Km44Kn44Oq44Oz44OI44OzIOODluODquOCueODiOODqyAzNiDjgq/jgqrjg7zjg4Qg44Om44OL44K744OD44Kv44K5IOiFleaZguioiCAwNTExRFcgKERXMDAxMDAwMzkpPC9oMT4gPC9kaXY+IDxkaXYgY2xhc3M9InByb2R1Y3QiPjxpbWcgc3JjPWh0dHA6Ly9pbWFnZS5yYWt1dGVuLmNvLmpwL2JyaWdodHMvY2FiaW5ldC81NS8wNTExZHctMS5qcGcgd2lkdGg9IjYwMCIgLz48L2Rpdj4gIDxoMj7jg4Djg4vjgqjjg6sg44Km44Kn44Oq44Oz44OI44OzIERhbmllbCBXZWxsaW5ndG9uIOaZguioiCDjgqbjgqnjg4Pjg4Eg5aSn5Lq65rCXICAzNm1tIOOCq+OCuOODpeOCouODqyDjg5Xjgqnjg7zjg57jg6sg44Os44K244O844OZ44Or44OIIOOCr+ODqeODg+OCt+ODg+OCryDjg4Djg4vjgqjjg6vjgqbjgqfjg6rjg7Pjg4jjg7PjgIBEVzwvaDI+ICA8cD7jgIzjg4Djg4vjgqjjg6vjg7vjgqbjgqfjg6rjg7Pjg4jjg7PjgI3jga/libXlp4vogIXjga7jg5XjgqPjg6rjg4Pjg5fjg7vjgr/jgqTjgrXjg7Pjg4Djg7zjgYzjgqTjg7Pjgrnjg5HjgqTjgqLjgZXjgozjgZ/jgqTjgq7jg6rjgrnntLPlo6vjgIHjg4Djg4vjgqjjg6vjg7vjgqbjgqfjg6rjg7Pjg4jjg7PmsI/jga7lkI3liY3jgavnlLHmnaXjgZfjgb7jgZnjgII8QlI+5b2844Gu5pmC5Luj44Gr5o2V44KP44KM44Ga44K344O844Oz44KS6YG444Gw44Gq44GE44OV44Kh44OD44K344On44Oz44K544K/44Kk44Or44Gv5pmC6KiI44Gu44OH44K244Kk44Oz44Gr55Sf44GL44GV44KM44Gm44GE44G+44GZ44CCPEJSPueEoemnhOOBruOBquOBhOOCt+ODs+ODl+ODq+OBp+OBmeOBo+OBjeOCiuOBqOOBl+OBn+ODh+OCtuOCpOODs+OBr+OCq+OCuOODpeOCouODq+OBq+OCguODleOCqeODvOODnuODq+OBq+OCguanmOOAheOBquOCt+ODvOODs+OBq+WtmOWcqOaEn+OCkuOBguOBn+OBiOOBvuOBmeOAguODl+ODrOOCvOODs+ODiOOChOOCruODleODiOOBq+OCguOBiuOBmeOBmeOCgeOBp+OBmeOAgjwvcD4gIDxkaXYgY2xhc3M9InByb2R1Y3QiPjxpbWcgc3JjPWh0dHA6Ly9pbWFnZS5yYWt1dGVuLmNvLmpwL2JyaWdodHMvY2FiaW5ldC81NS8wNTExZHctMi5qcGcgd2lkdGg9IjYwMCIgLz48L2Rpdj4gIDxkaXYgY2xhc3M9InByb2R1Y3QiPiA8aW1nIHNyYz1odHRwOi8vaW1hZ2UucmFrdXRlbi5jby5qcC9icmlnaHRzL2NhYmluZXQvNTUvMDUxMWR3LTMuanBnIHdpZHRoPSI2MDAiIC8+IDwvZGl2PiA8dGFibGUgaWQ9InRhYmxlLTAxIj4gPHRyPiA8dGg+44K144Kk44K6PC90aD4gPHRkPijntIQpSDM2w5dXMzbDl0Q2bW0gKOODqeOCsOOAgeODquODpeODvOOCuuOCkumZpOOBjynjgIHph43jgZUo57SEKTM1Z+OAgeiFleWbnuOCiuacgOWkpyjntIQpMThjbeOAgeiFleWbnuOCiuacgOWwjyjntIQpMTMuNWNt44CB44OZ44Or44OI5bmFKOe0hCkxOG1tPC90ZD4gPC90cj4gPHRyPiA8dGg+57Sg5p2QPC90aD4gPHRkPuOCueODhuODs+ODrOOCue+8iOOCseODvOOCue+8ieOAgeODrOOCtuODvO+8iOODmeODq+ODiO+8iTwvdGQ+IDwvdHI+IDx0cj4gPHRoPuS7leanmDwvdGg+IDx0ZD7jgq/jgqrjg7zjg4TvvIjml6XmnKzoo73jg6Djg7zjg5bjg6Hjg7Pjg4jvvInjgIEz5rCX5Zyn6Ziy5rC044CB44Kr44Op44O8IOODm+ODr+OCpOODiO+8iOaWh+Wtl+ebpO+8ieOAgeODlOODs+OCr+OCtOODvOODq+ODie+8iOOCseODvOOCue+8ieOAgeODgOODvOOCr+ODluODqeOCpuODs++8iOODmeODq+ODiO+8ieKAu+W9k+WVhuWTgeOBruODmeODq+ODiOOBr+WkqeeEtuOBrumdqeOCkuS9v+eUqOOBl+OBpuOBhOOCi+OBn+OCgeOAgeWkmuWwkeOBruWCt+ODu+iJsuOCgOOCieOBr+miqOWQiOOBhOOBqOOBquOCiuOBvuOBmeOAgjxicj7igLvlhaXojbfmmYLmnJ/jgavjgojjgorlsILnlKjjg5zjg4Pjgq/jgrnjgYznlLvlg4/jga7ku5Xmp5jjgajnlbDjgarjgovloLTlkIjjgYzjgZTjgZbjgYTjgb7jgZnjgILkuojjgoHjgZTkuobmib/jgY/jgaDjgZXjgYTjgIIgPC90ZD4gPC90cj4gPHRyPiA8dGg+5LuY5bGe5ZOBPC90aD4gPHRkPuOCseODvOOCueODu+S/neiovOabuOODu+WPluaJseiqrOaYjuabuDwvdGQ+IDwvdHI+IDx0cj4gPHRoPuS/neiovOacn+mWkzwvdGg+IDx0ZD4x5bm06ZaTPC90ZD4gPC90cj4gPC90YWJsZT4gPC9kaXY+IDxQIGFsaWduPWNlbnRlcj48Zm9udCBzaXplPTQ+PHN0cm9uZz7jg4Djg4vjgqjjg6sg44Km44Kn44Oq44Oz44OI44OzIOODluODquOCueODiOODqyAzNiDjgq/jgqrjg7zjg4Qg44Om44OL44K744OD44Kv44K5IOiFleaZguioiCAwNTExRFcgKERXMDAxMDAwMzkpPC9zdHJvbmc+PC9mb250PjwvcD48bGluayBocmVmPSJodHRwOi8vd3d3LnJha3V0ZW4ubmUuanAvZ29sZC9icmlnaHRzL2Nzcy9pdGVtLWxheW91dC1iYXNpYy5jc3MiIHJlbD0ic3R5bGVzaGVldCIgdHlwZT0idGV4dC9jc3MiIC8+,44CQ6YCB5paZ54Sh5paZ44CR44OA44OL44Ko44OrIOOCpuOCp+ODquODs+ODiOODsyBEYW5pZWwgV2VsbGluZ3RvbiDjg5bjg6rjgrnjg4jjg6sgMzYg44Kv44Kq44O844OEIOODpuODi+OCu+ODg+OCr+OCuSDohZXmmYLoqIggMDUxMURXIOmdqeODmeODq+ODiCDjgqbjgqnjg4Pjg4Eg5pmC6KiIIOOBhuOBp+OBqeOBkeOBhCDjgrfjg7Pjg5fjg6sg44Kr44K444Ol44Ki44OrIOODl+ODrOOCvOODs+ODiO+8muOCpuOCqeODg+ODgeODquOCueODiA==,6IWV5pmC6KiIRElFU0VM6Zu75rOi44K944O844Op44O844OH44Kj44O844K844OrYWRpZGFz44Ki44OH44Kj44OA44K544Ki44Or44Oe44O844OLQ0FTSU/jgqvjgrfjgqrmmYLoqIjjg6vjg5/jg47jg4Pjgq/jgrnjgrvjgqTjgrPjg7zjgYbjgafjganjgZHjgYTjgqbjgqnjg4Pjg4Hjg4vjgq/jgr3jg7NaSVBQT+OCrOOCrOODn+ODqeODjuODj+ODn+ODq+ODiOODs1RJTUVHZWFy44Oe44O844Kv44K444Kn44Kk44Kz44OW44K544CQ6YCB5paZ54Sh5paZ44CR44OA44OL44Ko44OrIOOCpuOCp+ODquODs+ODiOODsyBEYW5pZWwgV2VsbGluZ3RvbiDjg5bjg6rjgrnjg4jjg6sgMzYg44Kv44Kq44O844OEIOODpuODi+OCu+ODg+OCr+OCuSDohZXmmYLoqIggMDUxMURXIOmdqeODmeODq+ODiCDjgqbjgqnjg4Pjg4Eg5pmC6KiIIOOBhuOBp+OBqeOBkeOBhCDjgrfjg7Pjg5fjg6sg44Kr44K444Ol44Ki44OrIOODl+ODrOOCvOODs+ODiA==,44Kr44K444Ol44Ki44Or772e44OT44K444ON44K544K344O844Oz44Gn44KC5L2/44GI44KL6IWV5pmC6KiI44O76ZuR6LKo44KS5aSa5pWw44GU55So5oSP44CC44CQ6YCB5paZ54Sh5paZ44CR44OA44OL44Ko44OrIOOCpuOCp+ODquODs+ODiOODsyBEYW5pZWwgV2VsbGluZ3RvbiDjg5bjg6rjgrnjg4jjg6sgMzYg44Kv44Kq44O844OEIOODpuODi+OCu+ODg+OCr+OCuSDohZXmmYLoqIggMDUxMURXIOmdqeODmeODq+ODiCDjgqbjgqnjg4Pjg4Eg5pmC6KiIIOOBhuOBp+OBqeOBkeOBhCDjgrfjg7Pjg5fjg6sg44Kr44K444Ol44Ki44OrIOODl+ODrOOCvOODs+ODiA==[rn]
22-59914,aHR0cDovL3RzaG9wLnIxMHMuanAvYnJpZ2h0cy9jYWJpbmV0LzU5L2FkaDMwNDktMS5qcGc/Zml0aW49NzAwOjcwMA==,NDIzOC40MDAw,,6IWV5pmC6KiIID4g55S35aWz5YW855So6IWV5pmC6KiI,44Ki44OH44Kj44OA44K5IEFESURBUyDjgqLjg5Djg4fjgqPjg7zjg7Mg44Kv44Kq44O844OEIOODpuODi+OCu+ODg+OCr+OCuSDohZXmmYLoqIggQURIMzA0OSDjg5bjg6vjg7w=,44Kr44K444Ol44Ki44Or772e44OT44K444ON44K544K344O844Oz44Gn44KC5L2/44GI44KL6IWV5pmC6KiI44O76ZuR6LKo44KS5aSa5pWw44GU55So5oSP,IDxkaXYgaWQ9ImNvbnRhaW5lciI+IDxkaXYgaWQ9InR0bCI+IDxoMT7jgqLjg4fjgqPjg4DjgrkgQURJREFTIOOCouODkOODh+OCo+ODvOODsyDjgq/jgqrjg7zjg4Qg44Om44OL44K744OD44Kv44K5IOiFleaZguioiCBBREgzMDQ5IOODluODq+ODvDwvaDE+IDwvZGl2PiA8ZGl2IGNsYXNzPSJwcm9kdWN0Ij48aW1nIHNyYz1odHRwOi8vaW1hZ2UucmFrdXRlbi5jby5qcC9icmlnaHRzL2NhYmluZXQvNTkvYWRoMzA0OS0xLmpwZyB3aWR0aD0iNjAwIiAvPjwvZGl2PiAgPGgyPuOCouODh+OCo+ODgOOCuSBBRElEQVMg44Ki44OQ44OH44Kj44O844OzIEFCRVJERUVOIOOCr+OCquODvOODhCDjg6Hjg7Pjgrog44Os44OH44Kj44O844K5IOaZguioiCDjgqbjgqnjg4Pjg4Eg44Kr44K444Ol44Ki44OrIOODleOCoeODg+OCt+ODp+ODsyDkurrmsJfjg5bjg6njg7Pjg4k8L2gyPiAgPHA+44K544Od44O844OE5qWt55WM44Gu44OI44OD44OX44OW44Op44Oz44OJ44CM44Ki44OH44Kj44OA44K544CN44Gv44CB5qeY44CF44Gq44K544Od44O844OE44Kk44OZ44Oz44OI44G444Gu5Y2U6LOb44KE5Li75YKs44KS6YCa44GY44CB44K544Od44O844OE44Gu55m65bGV44Gr5a+E5LiO44GX44Gm44GE44G+44GZ44CCM+eorumhnuOBruODreOCtOOBq+OCiOOBo+OBpuODqeOCpOODs+OBjOWIhuOBi+OCjOOBpuOBiuOCiuOAgeacgOOCguODneODlOODpeODqeODvOOBquiRieOBo+OBseOBqzPmnKznt5rjgYzlhaXjgaPjgZ/jgqrjg6rjgrjjg4rjg6vjgrnjga7jg63jgrTjga/jgIHjgYvjgaTjgabjga/pnanmlrDnmoTjgafjgIHnj77lnKjjga/jgq/jg6njgrfjg4Pjgq/jgIHjgZ3jgZfjgabjgaTjga3jgavmnKznianjgpLmj5DkvpvjgZnjgovjgrnjg53jg7zjg4Tjg5jjg6rjg4bjg7zjgrjjg6njgqTjg7PjgafjgZnjgILjg5fjg6zjgrzjg7Pjg4jjgoTjgq7jg5Xjg4jjgavjgoLjgYrjgZnjgZnjgoHjgII8L3A+ICA8ZGl2IGNsYXNzPSJwcm9kdWN0Ij48aW1nIHNyYz1odHRwOi8vaW1hZ2UucmFrdXRlbi5jby5qcC9icmlnaHRzL2NhYmluZXQvNTkvYWRoMzA0OS0yLmpwZyB3aWR0aD0iNjAwIiAvPjwvZGl2PiAgPGRpdiBjbGFzcz0icHJvZHVjdCI+IDxpbWcgc3JjPWh0dHA6Ly9pbWFnZS5yYWt1dGVuLmNvLmpwL2JyaWdodHMvY2FiaW5ldC81OS9hZGgzMDQ5LTMuanBnIHdpZHRoPSI2MDAiIC8+IDwvZGl2PiA8dGFibGUgaWQ9InRhYmxlLTAxIj4gPHRyPiA8dGg+44K144Kk44K6PC90aD4gPHRkPu+8iOe0hO+8iUg0MMOXVzQxw5dEMTFtbSjjg6njgrDjgIHjg6rjg6Xjg7zjgrrjga/pmaTjgY8p44CB6YeN44GVKOe0hCk0Ne+9h+OAgeiFleWRqOOCiuacgOWkpyjntIQpMTguNWNt44CB5pyA5bCPKOe0hCkxNGNtPC90ZD4gPC90cj4gPHRyPiA8dGg+57Sg5p2QPC90aD4gPHRkPuOCueODhuODs+ODrOOCuSjjgrHjg7zjgrkp44CB44K344Oq44Kz44OzKOODmeODq+ODiCk8L3RkPiA8L3RyPiA8dHI+IDx0aD7ku5Xmp5g8L3RoPiA8dGQ+44Kv44Kq44O844OE44CBNeawl+Wcp+mYsuawtOOAgeOCq+ODqeODvO+8muODluODq+ODvCjmloflrZfnm6Qp44CB44OW44Or44O877yI44OZ44Or44OI77yJIDwvdGQ+IDwvdHI+IDx0cj4gPHRoPuS7mOWxnuWTgTwvdGg+IDx0ZD7lsILnlKhCT1jjgIHkv53oqLzmm7jjgIHlj5bmibHoqqzmmI7mm7g8L3RkPiA8L3RyPiA8dHI+IDx0aD7kv53oqLzmnJ/plpM8L3RoPiA8dGQ+MeW5tOmWkzwvdGQ+IDwvdHI+IDwvdGFibGU+IDwvZGl2PiA8UCBhbGlnbj1jZW50ZXI+PGZvbnQgc2l6ZT00PjxzdHJvbmc+44Ki44OH44Kj44OA44K5IEFESURBUyDjgqLjg5Djg4fjgqPjg7zjg7Mg44Kv44Kq44O844OEIOODpuODi+OCu+ODg+OCr+OCuSDohZXmmYLoqIggQURIMzA0OSDjg5bjg6vjg7w8L3N0cm9uZz48L2ZvbnQ+PC9wPjxocj48YSBocmVmPSJodHRwOi8vaXRlbS5yYWt1dGVuLmNvLmpwL2JyaWdodHMvMjc5MTYyLyI+PGltZyBzcmM9Imh0dHA6Ly9pbWFnZS5yYWt1dGVuLmNvLmpwL2JyaWdodHMvY2FiaW5ldC8wNDYxNS9rb2t1aW5ibnIuanBnIiB3aWR0aD0iMTAwJSI+PC9hPjxsaW5rIGhyZWY9Imh0dHA6Ly93d3cucmFrdXRlbi5uZS5qcC9nb2xkL2JyaWdodHMvY3NzL2l0ZW0tbGF5b3V0LWJhc2ljLmNzcyIgcmVsPSJzdHlsZXNoZWV0IiB0eXBlPSJ0ZXh0L2NzcyIgLz4=,44Ki44OH44Kj44OA44K5IEFESURBUyDjgqLjg5Djg4fjgqPjg7zjg7Mg44Kv44Kq44O844OEIOODpuODi+OCu+ODg+OCr+OCuSDohZXmmYLoqIggQURIMzA0OSDjg5bjg6vjg7zvvJrjgqbjgqnjg4Pjg4Hjg6rjgrnjg4g=,6IWV5pmC6KiIRElFU0VM6Zu75rOi44K944O844Op44O844OH44Kj44O844K844OrYWRpZGFz44Ki44OH44Kj44OA44K544Ki44Or44Oe44O844OLQ0FTSU/jgqvjgrfjgqrmmYLoqIjjg6vjg5/jg47jg4Pjgq/jgrnjgrvjgqTjgrPjg7zjgYbjgafjganjgZHjgYTjgqbjgqnjg4Pjg4Hjg4vjgq/jgr3jg7NaSVBQT+OCrOOCrOODn+ODqeODjuODj+ODn+ODq+ODiOODs1RJTUVHZWFy44Oe44O844Kv44K444Kn44Kk44Kz44OW44K544Ki44OH44Kj44OA44K5IEFESURBUyDjgqLjg5Djg4fjgqPjg7zjg7Mg44Kv44Kq44O844OEIOODpuODi+OCu+ODg+OCr+OCuSDohZXmmYLoqIggQURIMzA0OSDjg5bjg6vjg7w=,44Kr44K444Ol44Ki44Or772e44OT44K444ON44K544K344O844Oz44Gn44KC5L2/44GI44KL6IWV5pmC6KiI44O76ZuR6LKo44KS5aSa5pWw44GU55So5oSP44CC44Ki44OH44Kj44OA44K5IEFESURBUyDjgqLjg5Djg4fjgqPjg7zjg7Mg44Kv44Kq44O844OEIOODpuODi+OCu+ODg+OCr+OCuSDohZXmmYLoqIggQURIMzA0OSDjg5bjg6vjg7w=[rn]
22-59915,aHR0cDovL3RzaG9wLnIxMHMuanAvYnJpZ2h0cy9jYWJpbmV0LzU1LzA1MDhkdy0xLmpwZz9maXRpbj03MDA6NzAw,OTQ0MC4wMDAw,,6IWV5pmC6KiIID4g55S35aWz5YW855So6IWV5pmC6KiI,44CQ6YCB5paZ54Sh5paZ44CR44OA44OL44Ko44OrIOOCpuOCp+ODquODs+ODiOODsyBEYW5pZWwgV2VsbGluZ3RvbiDjgrfjgqfjg5XjgqPjg7zjg6vjg4kgMzYg44Kv44Kq44O844OEIOODpuODi+OCu+ODg+OCr+OCuSDohZXmmYLoqIggMDUwOERXIOmdqeODmeODq+ODiCDjgqbjgqnjg4Pjg4Eg5pmC6KiIIOOBhuOBp+OBqeOBkeOBhCDjgrfjg7Pjg5fjg6sg44Kr44K444Ol44Ki44OrIOODl+ODrOOCvOODs+ODiA==,44Kr44K444Ol44Ki44Or772e44OT44K444ON44K544K344O844Oz44Gn44KC5L2/44GI44KL6IWV5pmC6KiI44O76ZuR6LKo44KS5aSa5pWw44GU55So5oSP,IDxkaXYgaWQ9ImNvbnRhaW5lciI+IDxkaXYgaWQ9InR0bCI+IDxoMT7jg4Djg4vjgqjjg6sg44Km44Kn44Oq44Oz44OI44OzIOOCt+OCp+ODleOCo+ODvOODq+ODiSAzNiDjgq/jgqrjg7zjg4Qg44Om44OL44K744OD44Kv44K5IOiFleaZguioiCAwNTA4RFcgKERXMDAxMDAwMzYpPC9oMT4gPC9kaXY+IDxkaXYgY2xhc3M9InByb2R1Y3QiPjxpbWcgc3JjPWh0dHA6Ly9pbWFnZS5yYWt1dGVuLmNvLmpwL2JyaWdodHMvY2FiaW5ldC81NS8wNTA4ZHctMS5qcGcgd2lkdGg9IjYwMCIgLz48L2Rpdj4gIDxoMj7jg4Djg4vjgqjjg6sg44Km44Kn44Oq44Oz44OI44OzIERhbmllbCBXZWxsaW5ndG9uIOaZguioiCDjgqbjgqnjg4Pjg4Eg5aSn5Lq65rCXICAzNm1tIOOCq+OCuOODpeOCouODqyDjg5Xjgqnjg7zjg57jg6sg44Os44K244O844OZ44Or44OIIOOCr+ODqeODg+OCt+ODg+OCryDjg4Djg4vjgqjjg6vjgqbjgqfjg6rjg7Pjg4jjg7PjgIBEVzwvaDI+ICA8cD7jgIzjg4Djg4vjgqjjg6vjg7vjgqbjgqfjg6rjg7Pjg4jjg7PjgI3jga/libXlp4vogIXjga7jg5XjgqPjg6rjg4Pjg5fjg7vjgr/jgqTjgrXjg7Pjg4Djg7zjgYzjgqTjg7Pjgrnjg5HjgqTjgqLjgZXjgozjgZ/jgqTjgq7jg6rjgrnntLPlo6vjgIHjg4Djg4vjgqjjg6vjg7vjgqbjgqfjg6rjg7Pjg4jjg7PmsI/jga7lkI3liY3jgavnlLHmnaXjgZfjgb7jgZnjgII8QlI+5b2844Gu5pmC5Luj44Gr5o2V44KP44KM44Ga44K344O844Oz44KS6YG444Gw44Gq44GE44OV44Kh44OD44K344On44Oz44K544K/44Kk44Or44Gv5pmC6KiI44Gu44OH44K244Kk44Oz44Gr55Sf44GL44GV44KM44Gm44GE44G+44GZ44CCPEJSPueEoemnhOOBruOBquOBhOOCt+ODs+ODl+ODq+OBp+OBmeOBo+OBjeOCiuOBqOOBl+OBn+ODh+OCtuOCpOODs+OBr+OCq+OCuOODpeOCouODq+OBq+OCguODleOCqeODvOODnuODq+OBq+OCguanmOOAheOBquOCt+ODvOODs+OBq+WtmOWcqOaEn+OCkuOBguOBn+OBiOOBvuOBmeOAguODl+ODrOOCvOODs+ODiOOChOOCruODleODiOOBq+OCguOBiuOBmeOBmeOCgeOBp+OBmeOAgjwvcD4gIDxkaXYgY2xhc3M9InByb2R1Y3QiPjxpbWcgc3JjPWh0dHA6Ly9pbWFnZS5yYWt1dGVuLmNvLmpwL2JyaWdodHMvY2FiaW5ldC81NS8wNTA4ZHctMi5qcGcgd2lkdGg9IjYwMCIgLz48L2Rpdj4gIDxkaXYgY2xhc3M9InByb2R1Y3QiPiA8aW1nIHNyYz1odHRwOi8vaW1hZ2UucmFrdXRlbi5jby5qcC9icmlnaHRzL2NhYmluZXQvNTUvMDUwOGR3LTMuanBnIHdpZHRoPSI2MDAiIC8+IDwvZGl2PiA8dGFibGUgaWQ9InRhYmxlLTAxIj4gPHRyPiA8dGg+44K144Kk44K6PC90aD4gPHRkPijntIQpSDM2w5dXMzbDl0Q2bW0gKOODqeOCsOOAgeODquODpeODvOOCuuOCkumZpOOBjynjgIHph43jgZUo57SEKTM1Z+OAgeiFleWbnuOCiuacgOWkpyjntIQpMThjbeOAgeiFleWbnuOCiuacgOWwjyjntIQpMTMuNWNt44CB44OZ44Or44OI5bmFKOe0hCkxOG1tPC90ZD4gPC90cj4gPHRyPiA8dGg+57Sg5p2QPC90aD4gPHRkPuOCueODhuODs+ODrOOCue+8iOOCseODvOOCue+8ieOAgeODrOOCtuODvO+8iOODmeODq+ODiO+8iTwvdGQ+IDwvdHI+IDx0cj4gPHRoPuS7leanmDwvdGg+IDx0ZD7jgq/jgqrjg7zjg4TvvIjml6XmnKzoo73jg6Djg7zjg5bjg6Hjg7Pjg4jvvInjgIEz5rCX5Zyn6Ziy5rC044CB44Kr44Op44O8IOODm+ODr+OCpOODiO+8iOaWh+Wtl+ebpO+8ieOAgeODlOODs+OCr+OCtOODvOODq+ODie+8iOOCseODvOOCue+8ieOAgeODluODqeODg+OCr++8iOODmeODq+ODiO+8ieKAu+W9k+WVhuWTgeOBruODmeODq+ODiOOBr+WkqeeEtuOBrumdqeOCkuS9v+eUqOOBl+OBpuOBhOOCi+OBn+OCgeOAgeWkmuWwkeOBruWCt+ODu+iJsuOCgOOCieOBr+miqOWQiOOBhOOBqOOBquOCiuOBvuOBmeOAgjxicj7igLvlhaXojbfmmYLmnJ/jgavjgojjgorlsILnlKjjg5zjg4Pjgq/jgrnjgYznlLvlg4/jga7ku5Xmp5jjgajnlbDjgarjgovloLTlkIjjgYzjgZTjgZbjgYTjgb7jgZnjgILkuojjgoHjgZTkuobmib/jgY/jgaDjgZXjgYTjgIIgPC90ZD4gPC90cj4gPHRyPiA8dGg+5LuY5bGe5ZOBPC90aD4gPHRkPuOCseODvOOCueODu+S/neiovOabuOODu+WPluaJseiqrOaYjuabuDwvdGQ+IDwvdHI+IDx0cj4gPHRoPuS/neiovOacn+mWkzwvdGg+IDx0ZD4x5bm06ZaTPC90ZD4gPC90cj4gPC90YWJsZT4gPC9kaXY+IDxQIGFsaWduPWNlbnRlcj48Zm9udCBzaXplPTQ+PHN0cm9uZz7jg4Djg4vjgqjjg6sg44Km44Kn44Oq44Oz44OI44OzIOOCt+OCp+ODleOCo+ODvOODq+ODiSAzNiDjgq/jgqrjg7zjg4Qg44Om44OL44K744OD44Kv44K5IOiFleaZguioiCAwNTA4RFcgKERXMDAxMDAwMzYpPC9zdHJvbmc+PC9mb250PjwvcD48bGluayBocmVmPSJodHRwOi8vd3d3LnJha3V0ZW4ubmUuanAvZ29sZC9icmlnaHRzL2Nzcy9pdGVtLWxheW91dC1iYXNpYy5jc3MiIHJlbD0ic3R5bGVzaGVldCIgdHlwZT0idGV4dC9jc3MiIC8+,44CQ6YCB5paZ54Sh5paZ44CR44OA44OL44Ko44OrIOOCpuOCp+ODquODs+ODiOODsyBEYW5pZWwgV2VsbGluZ3RvbiDjgrfjgqfjg5XjgqPjg7zjg6vjg4kgMzYg44Kv44Kq44O844OEIOODpuODi+OCu+ODg+OCr+OCuSDohZXmmYLoqIggMDUwOERXIOmdqeODmeODq+ODiCDjgqbjgqnjg4Pjg4Eg5pmC6KiIIOOBhuOBp+OBqeOBkeOBhCDjgrfjg7Pjg5fjg6sg44Kr44K444Ol44Ki44OrIOODl+ODrOOCvOODs+ODiO+8muOCpuOCqeODg+ODgeODquOCueODiA==,6IWV5pmC6KiIRElFU0VM6Zu75rOi44K944O844Op44O844OH44Kj44O844K844OrYWRpZGFz44Ki44OH44Kj44OA44K544Ki44Or44Oe44O844OLQ0FTSU/jgqvjgrfjgqrmmYLoqIjjg6vjg5/jg47jg4Pjgq/jgrnjgrvjgqTjgrPjg7zjgYbjgafjganjgZHjgYTjgqbjgqnjg4Pjg4Hjg4vjgq/jgr3jg7NaSVBQT+OCrOOCrOODn+ODqeODjuODj+ODn+ODq+ODiOODs1RJTUVHZWFy44Oe44O844Kv44K444Kn44Kk44Kz44OW44K544CQ6YCB5paZ54Sh5paZ44CR44OA44OL44Ko44OrIOOCpuOCp+ODquODs+ODiOODsyBEYW5pZWwgV2VsbGluZ3RvbiDjgrfjgqfjg5XjgqPjg7zjg6vjg4kgMzYg44Kv44Kq44O844OEIOODpuODi+OCu+ODg+OCr+OCuSDohZXmmYLoqIggMDUwOERXIOmdqeODmeODq+ODiCDjgqbjgqnjg4Pjg4Eg5pmC6KiIIOOBhuOBp+OBqeOBkeOBhCDjgrfjg7Pjg5fjg6sg44Kr44K444Ol44Ki44OrIOODl+ODrOOCvOODs+ODiA==,44Kr44K444Ol44Ki44Or772e44OT44K444ON44K544K344O844Oz44Gn44KC5L2/44GI44KL6IWV5pmC6KiI44O76ZuR6LKo44KS5aSa5pWw44GU55So5oSP44CC44CQ6YCB5paZ54Sh5paZ44CR44OA44OL44Ko44OrIOOCpuOCp+ODquODs+ODiOODsyBEYW5pZWwgV2VsbGluZ3RvbiDjgrfjgqfjg5XjgqPjg7zjg6vjg4kgMzYg44Kv44Kq44O844OEIOODpuODi+OCu+ODg+OCr+OCuSDohZXmmYLoqIggMDUwOERXIOmdqeODmeODq+ODiCDjgqbjgqnjg4Pjg4Eg5pmC6KiIIOOBhuOBp+OBqeOBkeOBhCDjgrfjg7Pjg5fjg6sg44Kr44K444Ol44Ki44OrIOODl+ODrOOCvOODs+ODiA==[rn]
22-59916,aHR0cDovL3RzaG9wLnIxMHMuanAvZ29sZC9yeXVzLXNlbGVjdC8yMDE3a2Frb3UvaGwvaGwtcGVhM18xLmpwZz9maXRpbj03MDA6NzAw,MjM4NDAuMDAwMA==,,6IWV5pmC6KiIID4g55S35aWz5YW855So6IWV5pmC6KiI,KOODmuOCouS+oeagvCnjg5jjg7Pjg6rjg7zjg63jg7Pjg4njg7MvSEVOUlkgTE9ORE9OIOaZguioiCA0MW1t77yGMzBtbS/jg6Hjg4Pjgrfjg6XjgJBITDQxLUNNLTAwNDAoNDEpSEwzMC1VTS0wMTY0KDYzKeODlOODs+OCr+OCtOODvOODq+ODieOAkeOAkEhMNDEtQ00tMDAyMCg3MClITDMwLVVNLTAwMDQoNjAp44K044O844Or44OJ44CR44GC44GZ5qW95a++5b+cL+aWsOWTgeOAgeacrOeJqeOAgeW9k+W6l+WcqOW6q+OBoOOBi+OCieWuieW/gw==,5paw5ZOBIOmAgeaWmeeEoeaWmSDkv53oqLwg44Op44OD44OU44Oz44Kw54Sh5paZIOODmOODs+ODquODvOODreODs+ODieODsyDohZXmmYLoqIg=,PGltZyBzcmM9Imh0dHA6Ly93d3cucmFrdXRlbi5uZS5qcC9nb2xkL3J5dXMtc2VsZWN0LzIwMTdrYWtvdS9obC9obC1wZWEzXzEuanBnIiBib3JkZXI9IjAiPjxCUj48QlI+CjxpbWcgc3JjPSJodHRwOi8vd3d3LnJha3V0ZW4ubmUuanAvZ29sZC9yeXVzLXNlbGVjdC8yMDE3a2Frb3UvaGwvaGwtcGVhM18yLmpwZyIgYm9yZGVyPSIwIj48QlI+PEJSPgoKPCEtLeOCueODqeOCpOODieW8j+ODkOODg+OCr+ODq+iqv+evgOaWueazlS0tPgo8aW1nIHNyYz0iaHR0cDovL3d3dy5yYWt1dGVuLm5lLmpwL2dvbGQvcnl1cy1zZWxlY3QvMjAxNmtha291L25peG9uL3N1cmFpZG8tMDYyMy5qcGciIGJvcmRlcj0iMCI+PEJSPjxCUj4KCjwhLS3jg6zjg5Pjg6Xjg7wtLT48QlI+PGEgaHJlZj0iaHR0cDovL3Jldmlldy5yYWt1dGVuLmNvLmpwL2hvd3RvL3dyaXRlLyIgVGFyZ2V0PSJfYmxhbmsiPjxpbWcgc3JjPSJodHRwOi8vaW1hZ2UucmFrdXRlbi5jby5qcC9yeXVzLXNlbGVjdC9jYWJpbmV0LzAyMjU0MzU3L2ltZzU3NTI1NzE3LmpwZyIgYm9yZGVyPSIwIj48L2E+PEJSPgo8QlI+PCEtLeOBguOBmealvS0tPjxhIGhyZWY9Imh0dHA6Ly9ldmVudC5yYWt1dGVuLmNvLmpwL2FzdXJha3UvYWJvdXQvIiBUYXJnZXQ9Il9ibGFuayI+PGltZyBzcmM9Imh0dHA6Ly93d3cucmFrdXRlbi5uZS5qcC9nb2xkL3J5dXMtc2VsZWN0LzIwMTdrYWtvdS90b3AvYXN1cmFrdS02MDBweC5qcGciIGJvcmRlcj0iMCI+PC9hPjxCUj4KPCEtLeODqeODg+ODlOODs+OCsC0tPgo8QlI+PGEgaHJlZj0iaHR0cDovL2l0ZW0ucmFrdXRlbi5jby5qcC9yeXVzLXNlbGVjdC8xMDAwNjQyNy8iIFRhcmdldD0iX2JsYW5rIj48aW1nIHNyYz0iaHR0cDovL2ltYWdlLnJha3V0ZW4uY28uanAvcnl1cy1zZWxlY3QvY2FiaW5ldC9iL2ltZzU4MjM5ODEzLmpwZyIgYm9yZGVyPSIwIj48L2E+CjxCUj4KPCEtLeODoeODg+OCu+ODvOOCuOOCq+ODvOODiS0tPgo8QlI+PGEgaHJlZj0iaHR0cDovL2l0ZW0ucmFrdXRlbi5jby5qcC9yeXVzLXNlbGVjdC9jLzAwMDAwMDA2NDkvIiBUYXJnZXQ9Il9ibGFuayI+PGltZyBzcmM9Imh0dHA6Ly9pbWFnZS5yYWt1dGVuLmNvLmpwL3J5dXMtc2VsZWN0L2NhYmluZXQvYi9pbWc1ODIzOTgxNC5qcGciIGJvcmRlcj0iMCI+PC9hPjxCUj4KPCEtLeOCteOCpOOCuuiqv+evgC0tPgo8QlI+PGEgaHJlZj0iaHR0cDovL2l0ZW0ucmFrdXRlbi5jby5qcC9yeXVzLXNlbGVjdC9jLzAwMDAwMDA0MjAvIiBUYXJnZXQ9Il9ibGFuayI+PGltZyAKc3JjPSJodHRwOi8vaW1hZ2UucmFrdXRlbi5jby5qcC9yeXVzLXNlbGVjdC9jYWJpbmV0L2IvaW1nNTgzNzMxNTUuanBnIiBib3JkZXI9IjAiPjwvYT48QlI+Cjx0YWJsZSB3aWR0aD0iNjAwIj4KPGZvbnQgc2l6ZT0iMiI+PGI+4pag54++5Zyo44Gu44GU5rOo5paH54q25rOBPC9iPjwvZm9udD4KPC90YWJsZT4KPHRhYmxlIGJvcmRlcj0iMSI+Cjx0ZCB3aWR0aD0iNjAwIj4KPGlmcmFtZSBpZD0ic3ZjRyIgc3JjPSJodHRwOi8vd3d3LnJha3V0ZW4ubmUuanAvZ29sZC9yeXVzLXNlbGVjdC9zeXN0ZW0vc3ZjRy5odG1sP2NsYXNzPXN0eWxlMiIgd2lkdGg9IjU5NXB4IiBoZWlnaHQ9IjI0MHB4IiBmcmFtZWJvcmRlcj0iMCIgbWFyZ2luaGVpZ2h0PSIwIiBtYXJnaW53aWR0aD0iMCIgc2Nyb2xsaW5nPSJubyI+PC9pZnJhbWU+CjwvdGQ+CjwvdGFibGU+Cgo8QlI+Cjx0YWJsZSB3aWR0aD0iNjAwIj4KPGZvbnQgc2l6ZT0iMiI+PGI+4pag44GK5a6i5qeY44GL44KJ44Gu44GU5oSP6KaL44O744GU5oSf5oOzPC9iPjwvZm9udD4KPC90YWJsZT4KPHRhYmxlIGJvcmRlcj0iMSI+Cjx0ZCB3aWR0aD0iNjAwIj4KPGlmcmFtZSBpZD0ic3ZjRCIgc3JjPSJodHRwOi8vd3d3LnJha3V0ZW4ubmUuanAvZ29sZC9yeXVzLXNlbGVjdC9zeXN0ZW0vc3ZjRC5odG1sP2NsYXNzPXN0eWxlMiIgd2lkdGg9IjU5NXB4IiBoZWlnaHQ9IjI0MHB4IiBmcmFtZWJvcmRlcj0iMCIgbWFyZ2luaGVpZ2h0PSIwIiBtYXJnaW53aWR0aD0iMCIgc2Nyb2xsaW5nPSJubyI+PC9pZnJhbWU+CjwvdGQ+CjwvdGFibGU+PEJSPjxCUj48IS0t44Op44OD44OU44Oz44KwMTUw5YaGLS0+PGEgaHJlZj0iaHR0cDovL2l0ZW0ucmFrdXRlbi5jby5qcC9yeXVzLXNlbGVjdC9zZWxmLXJhcC8iIFRhcmdldD0iX2JsYW5rIj48aW1nIHNyYz0iaHR0cDovL2ltYWdlLnJha3V0ZW4uY28uanAvcnl1cy1zZWxlY3QvY2FiaW5ldC90b3AvaW1ncmMwMDY2Njc1Njk0LmpwZyIgYm9yZGVyPSIwIj48L2E+PEJSPjwhLS3jgq7jg5Xjg4jlr77lv5zms6jmhI/mm7jjgY0tLT4KPHRhYmxlIGJvcmRlcj0iMCIgY2VsbHNwYWNpbmc9IjAiIGNlbGxwYWRkaW5nPSIyIj4KPHRyIHZhbGlnbj0idG9wIj48dGQgbm93cmFwPjxpbWcgc3JjPSJodHRwOi8vaW1hZ2UucmFrdXRlbi5jby5qcC9yeXVzLXNlbGVjdC9jYWJpbmV0L2cvaW1ncmMwMDYyODUwMDExLmpwZyIgYm9yZGVyPSIwIj48L3RkPgo8L3RyPgo8L3RhYmxlPjxCUj4KCuKWoOWVhuWTgeWQjSDjg5jjg7Pjg6rjg7zjg63jg7Pjg4njg7MvSEVOUlkgTE9ORE9OPEJSPjxCUj4KCuOAkCAxIOOAkeODlOODs+OCr+OCtOODvOODq+ODieODmuOCojxCUj4K4pag44Oh44Oz44K644CA44CAIOOAkDQx44CRSEw0MS1DTS0wMDQwIOOCt+ODq+ODkOODvC/jg5Tjg7Pjgq/jgrTjg7zjg6vjg4koUklDSE1PTkQv44Oq44OD44OB44Oi44Oz44OJKTxCUj4K4pag44Os44OH44Kj44O844K544CQNjPjgJFITDMwLVVNLTAxNjQg44OU44Oz44KvL+ODlOODs+OCr+OCtOODvOODq+ODiShTSE9SRURJVENIL+OCt+ODp+ODvOODh+OCo+ODg+ODgSk8QlI+PEJSPgoK44CQIDIg44CR44K044O844Or44OJ44Oa44KiPEJSPgrilqDjg6Hjg7PjgrrjgIDjgIAg44CQNzDjgJFITDQxLUNNLTAwMjAg44Kv44Oq44O844OgL+OCtOODvOODq+ODiShXRVNUTUlOU1RFUi/jgqbjgqfjgrnjg4jjg5/jg7Pjgrnjgr/jg7wpPEJSPgrilqDjg6zjg4fjgqPjg7zjgrnjgJA2MOOAkUhMMzAtVU0tMDAwNCDjgq/jg6rjg7zjg6Av44K044O844Or44OJKFdFU1RNSU5TVEVSL+OCpuOCp+OCueODiOODn+ODs+OCueOCv+ODvCk8QlI+PEJSPgoK4pag44K144Kk44K6PEJSPgpb44Oh44Oz44K6XeebtOW+hDQxbW3Dl+WOmuOBlTEybW08QlI+Clvjg6zjg4fjgqPjg7zjgrld55u05b6EMzBtbcOX5Y6a44GVMTBtbTxCUj4K4pag6YeN6YePPEJSPgpb44Oh44Oz44K6XTg4ZzxCUj4KW+ODrOODh+OCo+ODvOOCuV00MGc8QlI+CuKWoOiFleWRqOOCijxCUj4KW+ODoeODs+OCul3mnIDlpKfntIQxOWNt44G+44GnPEJSPgpb44Os44OH44Kj44O844K5Xee0hDEzLjXvvZ4xN2Nt44G+44GnPEJSPgrilqDph53mlbA8QlI+Clvjg6Hjg7PjgrpdNumHnTxCUj4KW+ODrOODh+OCo+ODvOOCuV0z6YedKDbmmYLkvY3nva7jgrnjg6Ljg7zjg6vjgrvjgrPjg7Pjg4kpPEJSPgrilqDjgrHjg7zjgrnntKDmnZAg44K544OG44Oz44Os44K5PEJSPgrilqDjg5njg6vjg4jntKDmnZAg44K544OG44Oz44Os44K5PEJSPgrilqDjgqzjg6njgrnntKDmnZAg44OY44K144Op44Kk44OI44Kv44Oq44K544K/44OrPEJSPgrilqDjg6Djg7zjg5bjg6Hjg7Pjg4gg44Kv44Kp44O844OEKOmbu+axoOW8jyk8QlI+CuKWoOmYsuawtOaApyDml6XluLjnlJ/mtLvpmLLmsLQoM+awl+Wcpyk8QlI+CuKWoOS/neiovOacn+mWkyAx5bm06ZaTPEJSPgrilqDku5jlsZ7lk4Eg5bCC55SoQk9Y44CB5Zu96Zqb5L+d6Ki85pu4PEJSPgrilqDlgpnogIMg5pel5pys6KO944Og44O844OW44Oh44Oz44OI5YaF6IeTPEJSPjxCUj4K4pag44GT44Gh44KJ44Gu57WE44G/5ZCI44KP44Gb44Gu44G/44Gn44Gu6LKp5aOy44Go44Gq44KK44G+44GZ44CC6YGV44GG44Kr44Op44O844Gr5aSJ5pu044Gv44Gn44GN44G+44Gb44KT44CC44G+44Gf44CB5Yil44CF44Gr44GK6LK344GE44KC44Gu44Kr44K044Gr5YWl44KM44Gm44GU5rOo5paH6aCC44GE44Gf5aC05ZCI44CB44Oa44Ki5L6h5qC844Go44Gq44KK44G+44Gb44KT44Gu44Gn44CB44GU5rOo5oSP44GP44Gg44GV44GE44G+44Gb44CCPEJSPjxCUj4KCjwhLS3no4HmsJctLT4KPGltZyBzcmM9Imh0dHA6Ly9pbWFnZS5yYWt1dGVuLmNvLmpwL3J5dXMtc2VsZWN0L2NhYmluZXQvOS9pbWc1NzI0NzM2NC5qcGciPjxCUj4=,KOODmuOCouS+oeagvCnjg5jjg7Pjg6rjg7zjg63jg7Pjg4njg7MvSEVOUlkgTE9ORE9OIOaZguioiCA0MW1t77yGMzBtbS/jg6Hjg4Pjgrfjg6XjgJBITDQxLUNNLTAwNDAoNDEpSEwzMC1VTS0wMTY0KDYzKeODlOODs+OCr+OCtOODvOODq+ODieOAkeOAkEhMNDEtQ00tMDAyMCg3MClITDMwLVVNLTAwMDQoNjAp44K044O844Or44OJ44CR44GC44GZ5qW95a++5b+cL+aWsOWTgeOAgeacrOeJqeOAgeW9k+W6l+WcqOW6q+OBoOOBi+OCieWuieW/g++8mlNFSUtB,6IWV5pmC6KiI5pmC6KiI44Km44Kp44OD44OB44Oa44Ki44Km44Kp44OD44OB44OX44Os44K844Oz44OI44Op44OD44OU44Oz44Kw6LKh5biD5ZCN5Yi65YWl44KM5bCP6Yqt5YWl44KM44Oq44Ol44OD44Kv44OH44Kj44O844K844Or44OZ44Or44OI44Ki44Km44K/44O844Op44OZ44Oz44OP44Og44Oe44O844Kv44OQ44Kk44Oe44O844Kv44K444Kn44Kk44Kz44OW44K544Oe44Oz44OP44OD44K/44Oz44Od44O844OG44O844K444Kq44Ot44OT44Ki44Oz44Kz44OL44Kv44K944Oz44Kv44Ot44OO44Kw44Op44OV44Ki44Or44Oe44O844OLKOODmuOCouS+oeagvCnjg5jjg7Pjg6rjg7zjg63jg7Pjg4njg7MvSEVOUlkgTE9ORE9OIOaZguioiCA0MW1t77yGMzBtbS/jg6Hjg4Pjgrfjg6XjgJBITDQxLUNNLTAwNDAoNDEpSEwzMC1VTS0wMTY0KDYzKeODlOODs+OCr+OCtOODvOODq+ODieOAkeOAkEhMNDEtQ00tMDAyMCg3MClITDMwLVVNLTAwMDQoNjAp44K044O844Or44OJ44CR44GC44GZ5qW95a++5b+cL+aWsOWTgeOAgeacrOeJqeOAgeW9k+W6l+WcqOW6q+OBoOOBi+OCieWuieW/gw==,5paw5ZOBIOmAgeaWmeeEoeaWmSDkv53oqLwg44Op44OD44OU44Oz44Kw54Sh5paZIOODmOODs+ODquODvOODreODs+ODieODsyDohZXmmYLoqIjjgIIo44Oa44Ki5L6h5qC8KeODmOODs+ODquODvOODreODs+ODieODsy9IRU5SWSBMT05ET04g5pmC6KiIIDQxbW3vvIYzMG1tL+ODoeODg+OCt+ODpeOAkEhMNDEtQ00tMDA0MCg0MSlITDMwLVVNLTAxNjQoNjMp44OU44Oz44Kv44K044O844Or44OJ44CR44CQSEw0MS1DTS0wMDIwKDcwKUhMMzAtVU0tMDAwNCg2MCnjgrTjg7zjg6vjg4njgJHjgYLjgZnmpb3lr77lv5wv5paw5ZOB44CB5pys54mp44CB5b2T5bqX5Zyo5bqr44Gg44GL44KJ5a6J5b+D[rn]
22-59917,aHR0cDovL3RzaG9wLnIxMHMuanAvYnJpZ2h0cy9jYWJpbmV0LzU1LzA1MDdkdy0xLmpwZz9maXRpbj03MDA6NzAw,OTQ0MC4wMDAw,,6IWV5pmC6KiIID4g55S35aWz5YW855So6IWV5pmC6KiI,44CQ6YCB5paZ54Sh5paZ44CR44OA44OL44Ko44OrIOOCpuOCp+ODquODs+ODiOODsyBEYW5pZWwgV2VsbGluZ3RvbiDjgrvjg7Pjg4jjgqLjg7Pjg4njg6rjg6Xjg7zjgrkgMzYg44Om44OL44K744OD44Kv44K5IOiFleaZguioiCAwNTA3RFcg6Z2p44OZ44Or44OIIOOCpuOCqeODg+ODgSDmmYLoqIgg44GG44Gn44Gp44GR44GEIOOCt+ODs+ODl+ODqyDjgqvjgrjjg6XjgqLjg6sg44OX44Os44K844Oz44OI,44Kr44K444Ol44Ki44Or772e44OT44K444ON44K544K344O844Oz44Gn44KC5L2/44GI44KL6IWV5pmC6KiI44O76ZuR6LKo44KS5aSa5pWw44GU55So5oSP,IDxkaXYgaWQ9ImNvbnRhaW5lciI+IDxkaXYgaWQ9InR0bCI+IDxoMT7jg4Djg4vjgqjjg6sg44Km44Kn44Oq44Oz44OI44OzIOOCu+ODs+ODiOOCouODs+ODieODquODpeODvOOCuSAzNiDjg6bjg4vjgrvjg4Pjgq/jgrkg6IWV5pmC6KiIIDA1MDdEVyAoRFcwMDEwMDAzNSk8L2gxPiA8L2Rpdj4gPGRpdiBjbGFzcz0icHJvZHVjdCI+PGltZyBzcmM9aHR0cDovL2ltYWdlLnJha3V0ZW4uY28uanAvYnJpZ2h0cy9jYWJpbmV0LzU1LzA1MDdkdy0xLmpwZyB3aWR0aD0iNjAwIiAvPjwvZGl2PiAgPGgyPuODgOODi+OCqOODqyDjgqbjgqfjg6rjg7Pjg4jjg7MgRGFuaWVsIFdlbGxpbmd0b24g5pmC6KiIIOOCpuOCqeODg+ODgSDlpKfkurrmsJcgIDM2bW0g44Kr44K444Ol44Ki44OrIOODleOCqeODvOODnuODqyDjg6zjgrbjg7zjg5njg6vjg4gg44Kv44Op44OD44K344OD44KvIOODgOODi+OCqOODq+OCpuOCp+ODquODs+ODiOODs+OAgERXPC9oMj4gIDxwPuOAjOODgOODi+OCqOODq+ODu+OCpuOCp+ODquODs+ODiOODs+OAjeOBr+WJteWni+iAheOBruODleOCo+ODquODg+ODl+ODu+OCv+OCpOOCteODs+ODgOODvOOBjOOCpOODs+OCueODkeOCpOOCouOBleOCjOOBn+OCpOOCruODquOCuee0s+Wjq+OAgeODgOODi+OCqOODq+ODu+OCpuOCp+ODquODs+ODiOODs+awj+OBruWQjeWJjeOBq+eUseadpeOBl+OBvuOBmeOAgjxCUj7lvbzjga7mmYLku6PjgavmjZXjgo/jgozjgZrjgrfjg7zjg7PjgpLpgbjjgbDjgarjgYTjg5XjgqHjg4Pjgrfjg6fjg7Pjgrnjgr/jgqTjg6vjga/mmYLoqIjjga7jg4fjgrbjgqTjg7PjgavnlJ/jgYvjgZXjgozjgabjgYTjgb7jgZnjgII8QlI+54Sh6aeE44Gu44Gq44GE44K344Oz44OX44Or44Gn44GZ44Gj44GN44KK44Go44GX44Gf44OH44K244Kk44Oz44Gv44Kr44K444Ol44Ki44Or44Gr44KC44OV44Kp44O844Oe44Or44Gr44KC5qeY44CF44Gq44K344O844Oz44Gr5a2Y5Zyo5oSf44KS44GC44Gf44GI44G+44GZ44CC44OX44Os44K844Oz44OI44KE44Ku44OV44OI44Gr44KC44GK44GZ44GZ44KB44Gn44GZ44CCPC9wPiAgPGRpdiBjbGFzcz0icHJvZHVjdCI+PGltZyBzcmM9aHR0cDovL2ltYWdlLnJha3V0ZW4uY28uanAvYnJpZ2h0cy9jYWJpbmV0LzU1LzA1MDdkdy0yLmpwZyB3aWR0aD0iNjAwIiAvPjwvZGl2PiAgPGRpdiBjbGFzcz0icHJvZHVjdCI+IDxpbWcgc3JjPWh0dHA6Ly9pbWFnZS5yYWt1dGVuLmNvLmpwL2JyaWdodHMvY2FiaW5ldC81NS8wNTA3ZHctMy5qcGcgd2lkdGg9IjYwMCIgLz4gPC9kaXY+IDx0YWJsZSBpZD0idGFibGUtMDEiPiA8dHI+IDx0aD7jgrXjgqTjgro8L3RoPiA8dGQ+KOe0hClIMzbDl1czNsOXRDZtbSAo44Op44Kw44CB44Oq44Ol44O844K644KS6Zmk44GPKeOAgemHjeOBlSjntIQpMzVn44CB6IWV5Zue44KK5pyA5aSnKOe0hCkxOGNt44CB6IWV5Zue44KK5pyA5bCPKOe0hCkxMy41Y23jgIHjg5njg6vjg4jluYUo57SEKTE4bW08L3RkPiA8L3RyPiA8dHI+IDx0aD7ntKDmnZA8L3RoPiA8dGQ+44K544OG44Oz44Os44K577yI44Kx44O844K577yJ44CB44Os44K244O877yI44OZ44Or44OI77yJPC90ZD4gPC90cj4gPHRyPiA8dGg+5LuV5qeYPC90aD4gPHRkPuOCr+OCquODvOODhO+8iOaXpeacrOijveODoOODvOODluODoeODs+ODiO+8ieOAgTPmsJflnKfpmLLmsLTjgIHjgqvjg6njg7wg44Ob44Ov44Kk44OI77yI5paH5a2X55uk77yJ44CB44OU44Oz44Kv44K044O844Or44OJ77yI44Kx44O844K577yJ44CB44OW44Op44Km44Oz77yI44OZ44Or44OI77yJ4oC75b2T5ZWG5ZOB44Gu44OZ44Or44OI44Gv5aSp54S244Gu6Z2p44KS5L2/55So44GX44Gm44GE44KL44Gf44KB44CB5aSa5bCR44Gu5YK344O76Imy44KA44KJ44Gv6aKo5ZCI44GE44Go44Gq44KK44G+44GZ44CCPGJyPuKAu+WFpeiNt+aZguacn+OBq+OCiOOCiuWwgueUqOODnOODg+OCr+OCueOBjOeUu+WDj+OBruS7leanmOOBqOeVsOOBquOCi+WgtOWQiOOBjOOBlOOBluOBhOOBvuOBmeOAguS6iOOCgeOBlOS6huaJv+OBj+OBoOOBleOBhOOAgiA8L3RkPiA8L3RyPiA8dHI+IDx0aD7ku5jlsZ7lk4E8L3RoPiA8dGQ+44Kx44O844K544O75L+d6Ki85pu444O75Y+W5omx6Kqs5piO5pu4PC90ZD4gPC90cj4gPHRyPiA8dGg+5L+d6Ki85pyf6ZaTPC90aD4gPHRkPjHlubTplpM8L3RkPiA8L3RyPiA8L3RhYmxlPiA8L2Rpdj4gPFAgYWxpZ249Y2VudGVyPjxmb250IHNpemU9ND48c3Ryb25nPuODgOODi+OCqOODqyDjgqbjgqfjg6rjg7Pjg4jjg7Mg44K744Oz44OI44Ki44Oz44OJ44Oq44Ol44O844K5IDM2IOODpuODi+OCu+ODg+OCr+OCuSDohZXmmYLoqIggMDUwN0RXIChEVzAwMTAwMDM1KTwvc3Ryb25nPjwvZm9udD48L3A+PGxpbmsgaHJlZj0iaHR0cDovL3d3dy5yYWt1dGVuLm5lLmpwL2dvbGQvYnJpZ2h0cy9jc3MvaXRlbS1sYXlvdXQtYmFzaWMuY3NzIiByZWw9InN0eWxlc2hlZXQiIHR5cGU9InRleHQvY3NzIiAvPg==,44CQ6YCB5paZ54Sh5paZ44CR44OA44OL44Ko44OrIOOCpuOCp+ODquODs+ODiOODsyBEYW5pZWwgV2VsbGluZ3RvbiDjgrvjg7Pjg4jjgqLjg7Pjg4njg6rjg6Xjg7zjgrkgMzYg44Om44OL44K744OD44Kv44K5IOiFleaZguioiCAwNTA3RFcg6Z2p44OZ44Or44OIIOOCpuOCqeODg+ODgSDmmYLoqIgg44GG44Gn44Gp44GR44GEIOOCt+ODs+ODl+ODqyDjgqvjgrjjg6XjgqLjg6sg44OX44Os44K844Oz44OI77ya44Km44Kp44OD44OB44Oq44K544OI,6IWV5pmC6KiIRElFU0VM6Zu75rOi44K944O844Op44O844OH44Kj44O844K844OrYWRpZGFz44Ki44OH44Kj44OA44K544Ki44Or44Oe44O844OLQ0FTSU/jgqvjgrfjgqrmmYLoqIjjg6vjg5/jg47jg4Pjgq/jgrnjgrvjgqTjgrPjg7zjgYbjgafjganjgZHjgYTjgqbjgqnjg4Pjg4Hjg4vjgq/jgr3jg7NaSVBQT+OCrOOCrOODn+ODqeODjuODj+ODn+ODq+ODiOODs1RJTUVHZWFy44Oe44O844Kv44K444Kn44Kk44Kz44OW44K544CQ6YCB5paZ54Sh5paZ44CR44OA44OL44Ko44OrIOOCpuOCp+ODquODs+ODiOODsyBEYW5pZWwgV2VsbGluZ3RvbiDjgrvjg7Pjg4jjgqLjg7Pjg4njg6rjg6Xjg7zjgrkgMzYg44Om44OL44K744OD44Kv44K5IOiFleaZguioiCAwNTA3RFcg6Z2p44OZ44Or44OIIOOCpuOCqeODg+ODgSDmmYLoqIgg44GG44Gn44Gp44GR44GEIOOCt+ODs+ODl+ODqyDjgqvjgrjjg6XjgqLjg6sg44OX44Os44K844Oz44OI,44Kr44K444Ol44Ki44Or772e44OT44K444ON44K544K344O844Oz44Gn44KC5L2/44GI44KL6IWV5pmC6KiI44O76ZuR6LKo44KS5aSa5pWw44GU55So5oSP44CC44CQ6YCB5paZ54Sh5paZ44CR44OA44OL44Ko44OrIOOCpuOCp+ODquODs+ODiOODsyBEYW5pZWwgV2VsbGluZ3RvbiDjgrvjg7Pjg4jjgqLjg7Pjg4njg6rjg6Xjg7zjgrkgMzYg44Om44OL44K744OD44Kv44K5IOiFleaZguioiCAwNTA3RFcg6Z2p44OZ44Or44OIIOOCpuOCqeODg+ODgSDmmYLoqIgg44GG44Gn44Gp44GR44GEIOOCt+ODs+ODl+ODqyDjgqvjgrjjg6XjgqLjg6sg44OX44Os44K844Oz44OI[rn]
22-59918,aHR0cDovL3RzaG9wLnIxMHMuanAvZ29sZC9yeXVzLXNlbGVjdC8yMDE3a2Frb3UvaGwvaGwzOS1tLTFfMS5qcGc/Zml0aW49NzAwOjcwMA==,MTEwNDAuMDAwMA==,,6IWV5pmC6KiIID4g55S35aWz5YW855So6IWV5pmC6KiI,44OY44Oz44Oq44O844Ot44Oz44OJ44OzL0hFTlJZIExPTkRPTiDmmYLoqIggMzltbS/jg6Hjg4Pjgrfjg6VITDM5LU0tMDAyOSgzNSlITDM5LU0tMDA5NygzNilITDM5LU0tMDAxNSg3MSnjgqbjgqnjg4Pjg4Ev44Om44OL44K744OD44Kv44K544GC44GZ5qW95a++5b+cL+aWsOWTgeOAgeacrOeJqeOAgeW9k+W6l+WcqOW6q+OBoOOBi+OCieWuieW/gw==,5paw5ZOBIOmAgeaWmeeEoeaWmSDkv53oqLwg44Op44OD44OU44Oz44Kw54Sh5paZIOODmOODs+ODquODvOODreODs+ODieODsyDohZXmmYLoqIg=,PGltZyBzcmM9Imh0dHA6Ly93d3cucmFrdXRlbi5uZS5qcC9nb2xkL3J5dXMtc2VsZWN0LzIwMTdrYWtvdS9obC9obDM5LW0tMV8xLmpwZyIgYm9yZGVyPSIwIj48QlI+PEJSPgoKPGltZyBzcmM9Imh0dHA6Ly93d3cucmFrdXRlbi5uZS5qcC9nb2xkL3J5dXMtc2VsZWN0LzIwMTdrYWtvdS9obC9obDM5LW0tMV80LmpwZyIgYm9yZGVyPSIwIj48QlI+PEJSPgoKCjxpbWcgc3JjPSJodHRwOi8vd3d3LnJha3V0ZW4ubmUuanAvZ29sZC9yeXVzLXNlbGVjdC8yMDE3a2Frb3UvaGwvaGwzOS1tLTFfMi5qcGciIGJvcmRlcj0iMCI+PEJSPjxCUj4KPGltZyBzcmM9Imh0dHA6Ly93d3cucmFrdXRlbi5uZS5qcC9nb2xkL3J5dXMtc2VsZWN0LzIwMTdrYWtvdS9obC9obDM5LW0tMV8zLmpwZyIgYm9yZGVyPSIwIj48QlI+PEJSPgoKCjwhLS3jgrnjg6njgqTjg4nlvI/jg5Djg4Pjgq/jg6voqr/nr4Dmlrnms5UtLT4KPGltZyBzcmM9Imh0dHA6Ly93d3cucmFrdXRlbi5uZS5qcC9nb2xkL3J5dXMtc2VsZWN0LzIwMTZrYWtvdS9uaXhvbi9zdXJhaWRvLTA2MjMuanBnIiBib3JkZXI9IjAiPjxCUj48QlI+Cgo8IS0t44Os44OT44Ol44O8LS0+PEJSPjxhIGhyZWY9Imh0dHA6Ly9yZXZpZXcucmFrdXRlbi5jby5qcC9ob3d0by93cml0ZS8iIFRhcmdldD0iX2JsYW5rIj48aW1nIHNyYz0iaHR0cDovL2ltYWdlLnJha3V0ZW4uY28uanAvcnl1cy1zZWxlY3QvY2FiaW5ldC8wMjI1NDM1Ny9pbWc1NzUyNTcxNy5qcGciIGJvcmRlcj0iMCI+PC9hPjxCUj4KPEJSPjwhLS3jgYLjgZnmpb0tLT48YSBocmVmPSJodHRwOi8vZXZlbnQucmFrdXRlbi5jby5qcC9hc3VyYWt1L2Fib3V0LyIgVGFyZ2V0PSJfYmxhbmsiPjxpbWcgc3JjPSJodHRwOi8vd3d3LnJha3V0ZW4ubmUuanAvZ29sZC9yeXVzLXNlbGVjdC8yMDE3a2Frb3UvdG9wL2FzdXJha3UtNjAwcHguanBnIiBib3JkZXI9IjAiPjwvYT48QlI+CjwhLS3jg6njg4Pjg5Tjg7PjgrAtLT4KPEJSPjxhIGhyZWY9Imh0dHA6Ly9pdGVtLnJha3V0ZW4uY28uanAvcnl1cy1zZWxlY3QvMTAwMDY0MjcvIiBUYXJnZXQ9Il9ibGFuayI+PGltZyBzcmM9Imh0dHA6Ly9pbWFnZS5yYWt1dGVuLmNvLmpwL3J5dXMtc2VsZWN0L2NhYmluZXQvYi9pbWc1ODIzOTgxMy5qcGciIGJvcmRlcj0iMCI+PC9hPgo8QlI+CjwhLS3jg6Hjg4Pjgrvjg7zjgrjjgqvjg7zjg4ktLT4KPEJSPjxhIGhyZWY9Imh0dHA6Ly9pdGVtLnJha3V0ZW4uY28uanAvcnl1cy1zZWxlY3QvYy8wMDAwMDAwNjQ5LyIgVGFyZ2V0PSJfYmxhbmsiPjxpbWcgc3JjPSJodHRwOi8vaW1hZ2UucmFrdXRlbi5jby5qcC9yeXVzLXNlbGVjdC9jYWJpbmV0L2IvaW1nNTgyMzk4MTQuanBnIiBib3JkZXI9IjAiPjwvYT48QlI+CjwhLS3jgrXjgqTjgrroqr/nr4AtLT4KPEJSPjxhIGhyZWY9Imh0dHA6Ly9pdGVtLnJha3V0ZW4uY28uanAvcnl1cy1zZWxlY3QvYy8wMDAwMDAwNDIwLyIgVGFyZ2V0PSJfYmxhbmsiPjxpbWcgCnNyYz0iaHR0cDovL2ltYWdlLnJha3V0ZW4uY28uanAvcnl1cy1zZWxlY3QvY2FiaW5ldC9iL2ltZzU4MzczMTU1LmpwZyIgYm9yZGVyPSIwIj48L2E+PEJSPgo8dGFibGUgd2lkdGg9IjYwMCI+Cjxmb250IHNpemU9IjIiPjxiPuKWoOePvuWcqOOBruOBlOazqOaWh+eKtuazgTwvYj48L2ZvbnQ+CjwvdGFibGU+Cjx0YWJsZSBib3JkZXI9IjEiPgo8dGQgd2lkdGg9IjYwMCI+CjxpZnJhbWUgaWQ9InN2Y0ciIHNyYz0iaHR0cDovL3d3dy5yYWt1dGVuLm5lLmpwL2dvbGQvcnl1cy1zZWxlY3Qvc3lzdGVtL3N2Y0cuaHRtbD9jbGFzcz1zdHlsZTIiIHdpZHRoPSI1OTVweCIgaGVpZ2h0PSIyNDBweCIgZnJhbWVib3JkZXI9IjAiIG1hcmdpbmhlaWdodD0iMCIgbWFyZ2lud2lkdGg9IjAiIHNjcm9sbGluZz0ibm8iPjwvaWZyYW1lPgo8L3RkPgo8L3RhYmxlPgoKPEJSPgo8dGFibGUgd2lkdGg9IjYwMCI+Cjxmb250IHNpemU9IjIiPjxiPuKWoOOBiuWuouanmOOBi+OCieOBruOBlOaEj+imi+ODu+OBlOaEn+aDszwvYj48L2ZvbnQ+CjwvdGFibGU+Cjx0YWJsZSBib3JkZXI9IjEiPgo8dGQgd2lkdGg9IjYwMCI+CjxpZnJhbWUgaWQ9InN2Y0QiIHNyYz0iaHR0cDovL3d3dy5yYWt1dGVuLm5lLmpwL2dvbGQvcnl1cy1zZWxlY3Qvc3lzdGVtL3N2Y0QuaHRtbD9jbGFzcz1zdHlsZTIiIHdpZHRoPSI1OTVweCIgaGVpZ2h0PSIyNDBweCIgZnJhbWVib3JkZXI9IjAiIG1hcmdpbmhlaWdodD0iMCIgbWFyZ2lud2lkdGg9IjAiIHNjcm9sbGluZz0ibm8iPjwvaWZyYW1lPgo8L3RkPgo8L3RhYmxlPjxCUj48QlI+PCEtLeODqeODg+ODlOODs+OCsDE1MOWGhi0tPjxhIGhyZWY9Imh0dHA6Ly9pdGVtLnJha3V0ZW4uY28uanAvcnl1cy1zZWxlY3Qvc2VsZi1yYXAvIiBUYXJnZXQ9Il9ibGFuayI+PGltZyBzcmM9Imh0dHA6Ly9pbWFnZS5yYWt1dGVuLmNvLmpwL3J5dXMtc2VsZWN0L2NhYmluZXQvdG9wL2ltZ3JjMDA2NjY3NTY5NC5qcGciIGJvcmRlcj0iMCI+PC9hPjxCUj48IS0t44Ku44OV44OI5a++5b+c5rOo5oSP5pu444GNLS0+Cjx0YWJsZSBib3JkZXI9IjAiIGNlbGxzcGFjaW5nPSIwIiBjZWxscGFkZGluZz0iMiI+Cjx0ciB2YWxpZ249InRvcCI+PHRkIG5vd3JhcD48aW1nIHNyYz0iaHR0cDovL2ltYWdlLnJha3V0ZW4uY28uanAvcnl1cy1zZWxlY3QvY2FiaW5ldC9nL2ltZ3JjMDA2Mjg1MDAxMS5qcGciIGJvcmRlcj0iMCI+PC90ZD4KPC90cj4KPC90YWJsZT48QlI+CgrilqDllYblk4HlkI0g44OY44Oz44Oq44O844Ot44Oz44OJ44OzL0hFTlJZIExPTkRPTjxCUj48QlI+CuKWoOWTgeeVqijjgqvjg6njg7wpPEJSPgrjgJAzNeOAkUhMMzktTS0wMDI5IOODluODq+ODvC/jgrfjg6vjg5Djg7woS05JR0hUU0JSSURHRS/jg4rjgqTjg4Tjg5bjg6rjg4PjgrgpPEJSPgrjgJAzNuOAkUhMMzktTS0wMDk3IOODrOODg+ODiS/jgrfjg6vjg5Djg7woQ0hBTkNFUlkv44OB44Oj44Oz44K744Oq44O8KTxCUj4K44CQNzHjgJFITDM5LU0tMDAxNSDjg5bjg6njg4Pjgq8v44K344Or44OQ44O8KEVER1dBUkUv44Ko44OD44K444Km44Kn44KiKTxCUj48QlI+CuKWoOOCteOCpOOCuiDnm7TlvoQzOW1tw5fljprjgZUxMG1tPEJSPgrilqDjgrHjg7zjgrnntKDmnZAg44K544OG44Oz44Os44K5PEJSPgrilqDjg5njg6vjg4jntKDmnZAg44K544OG44Oz44Os44K5PEJSPgrilqDjgqzjg6njgrnntKDmnZAg44OY44K144Op44Kk44OI44Kv44Oq44K544K/44OrPEJSPgrilqDjg6Djg7zjg5bjg6Hjg7Pjg4gg44Kv44Kp44O844OEKOmbu+axoOW8jyk8QlI+CuKWoOmHjemHjyDntIQ3MGc8QlI+CuKWoOiFleWRqOOCiiDmnIDlpKfntIQxOS41Y23jgb7jgac8QlI+CuKWoOmYsuawtOaApyDml6XluLjnlJ/mtLvpmLLmsLQoM+awl+Wcpyk8QlI+CuKWoOmHneaVsCAz6YedPEJSPgrilqDkv53oqLzmnJ/plpMgMeW5tOmWkzxCUj4K4pag5LuY5bGe5ZOBIOWwgueUqEJPWOOAgeWbvemam+S/neiovOabuDxCUj4K4pag5YKZ6ICDIOaXpeacrOijveODoOODvOODluODoeODs+ODiOWGheiHk+OAgeaXpeS7mOihqOekujxCUj4KPEJSPgo8IS0t56OB5rCXLS0+CjxpbWcgc3JjPSJodHRwOi8vaW1hZ2UucmFrdXRlbi5jby5qcC9yeXVzLXNlbGVjdC9jYWJpbmV0LzkvaW1nNTcyNDczNjQuanBnIj48QlI+,44OY44Oz44Oq44O844Ot44Oz44OJ44OzL0hFTlJZIExPTkRPTiDmmYLoqIggMzltbS/jg6Hjg4Pjgrfjg6VITDM5LU0tMDAyOSgzNSlITDM5LU0tMDA5NygzNilITDM5LU0tMDAxNSg3MSnjgqbjgqnjg4Pjg4Ev44Om44OL44K744OD44Kv44K544GC44GZ5qW95a++5b+cL+aWsOWTgeOAgeacrOeJqeOAgeW9k+W6l+WcqOW6q+OBoOOBi+OCieWuieW/g++8mlNFSUtB,6IWV5pmC6KiI5pmC6KiI44Km44Kp44OD44OB44Oa44Ki44Km44Kp44OD44OB44OX44Os44K844Oz44OI44Op44OD44OU44Oz44Kw6LKh5biD5ZCN5Yi65YWl44KM5bCP6Yqt5YWl44KM44Oq44Ol44OD44Kv44OH44Kj44O844K844Or44OZ44Or44OI44Ki44Km44K/44O844Op44OZ44Oz44OP44Og44Oe44O844Kv44OQ44Kk44Oe44O844Kv44K444Kn44Kk44Kz44OW44K544Oe44Oz44OP44OD44K/44Oz44Od44O844OG44O844K444Kq44Ot44OT44Ki44Oz44Kz44OL44Kv44K944Oz44Kv44Ot44OO44Kw44Op44OV44Ki44Or44Oe44O844OL44OY44Oz44Oq44O844Ot44Oz44OJ44OzL0hFTlJZIExPTkRPTiDmmYLoqIggMzltbS/jg6Hjg4Pjgrfjg6VITDM5LU0tMDAyOSgzNSlITDM5LU0tMDA5NygzNilITDM5LU0tMDAxNSg3MSnjgqbjgqnjg4Pjg4Ev44Om44OL44K744OD44Kv44K544GC44GZ5qW95a++5b+cL+aWsOWTgeOAgeacrOeJqeOAgeW9k+W6l+WcqOW6q+OBoOOBi+OCieWuieW/gw==,5paw5ZOBIOmAgeaWmeeEoeaWmSDkv53oqLwg44Op44OD44OU44Oz44Kw54Sh5paZIOODmOODs+ODquODvOODreODs+ODieODsyDohZXmmYLoqIjjgILjg5jjg7Pjg6rjg7zjg63jg7Pjg4njg7MvSEVOUlkgTE9ORE9OIOaZguioiCAzOW1tL+ODoeODg+OCt+ODpUhMMzktTS0wMDI5KDM1KUhMMzktTS0wMDk3KDM2KUhMMzktTS0wMDE1KDcxKeOCpuOCqeODg+ODgS/jg6bjg4vjgrvjg4Pjgq/jgrnjgYLjgZnmpb3lr77lv5wv5paw5ZOB44CB5pys54mp44CB5b2T5bqX5Zyo5bqr44Gg44GL44KJ5a6J5b+D[rn]
22-59919,aHR0cDovL3RzaG9wLnIxMHMuanAvZ29sZC9yeXVzLXNlbGVjdC8yMDE3a2Frb3UvaGwvaGw0MS1jcy0xXzEuanBnP2ZpdGluPTcwMDo3MDA=,MTQyNDAuMDAwMA==,,6IWV5pmC6KiIID4g55S35aWz5YW855So6IWV5pmC6KiI,44OY44Oz44Oq44O844Ot44Oz44OJ44OzL0hFTlJZIExPTkRPTiDmmYLoqIggNDFtbSDjgq/jg63jg47jgrDjg6njg5Uv44Os44K244O8SEw0MS1DUy0wMDExKDI0KUhMNDEtQ1MtMDAzOSgyNSlITDQxLUNTLTAwOTkoMjYpSEw0MS1DUy0wMTA3KDI3KUhMNDEtQ1MtMDAyMyg2Nynjgqbjgqnjg4Pjg4Ev44Oh44Oz44K644GC44GZ5qW95a++5b+cL+aWsOWTgeOAgeacrOeJqeOAgeW9k+W6l+WcqOW6q+OBoOOBi+OCieWuieW/gw==,5paw5ZOBIOmAgeaWmeeEoeaWmSDkv53oqLwg44Op44OD44OU44Oz44Kw54Sh5paZIOODmOODs+ODquODvOODreODs+ODieODsyDohZXmmYLoqIg=,PGltZyBzcmM9Imh0dHA6Ly93d3cucmFrdXRlbi5uZS5qcC9nb2xkL3J5dXMtc2VsZWN0LzIwMTdrYWtvdS9obC9obDQxLWNzLTFfMS5qcGciIGJvcmRlcj0iMCI+PEJSPjxCUj4KPGltZyBzcmM9Imh0dHA6Ly93d3cucmFrdXRlbi5uZS5qcC9nb2xkL3J5dXMtc2VsZWN0LzIwMTdrYWtvdS9obC9obDQxLWNzLTFfMi5qcGciIGJvcmRlcj0iMCI+PEJSPjxCUj4KPGltZyBzcmM9Imh0dHA6Ly93d3cucmFrdXRlbi5uZS5qcC9nb2xkL3J5dXMtc2VsZWN0LzIwMTdrYWtvdS9obC9obDQxLWNzLTFfMy5qcGciIGJvcmRlcj0iMCI+PEJSPjxCUj4KCjwhLS3jg6zjg5Pjg6Xjg7wtLT48QlI+PGEgaHJlZj0iaHR0cDovL3Jldmlldy5yYWt1dGVuLmNvLmpwL2hvd3RvL3dyaXRlLyIgVGFyZ2V0PSJfYmxhbmsiPjxpbWcgc3JjPSJodHRwOi8vaW1hZ2UucmFrdXRlbi5jby5qcC9yeXVzLXNlbGVjdC9jYWJpbmV0LzAyMjU0MzU3L2ltZzU3NTI1NzE3LmpwZyIgYm9yZGVyPSIwIj48L2E+PEJSPgo8QlI+PCEtLeOBguOBmealvS0tPjxhIGhyZWY9Imh0dHA6Ly9ldmVudC5yYWt1dGVuLmNvLmpwL2FzdXJha3UvYWJvdXQvIiBUYXJnZXQ9Il9ibGFuayI+PGltZyBzcmM9Imh0dHA6Ly93d3cucmFrdXRlbi5uZS5qcC9nb2xkL3J5dXMtc2VsZWN0LzIwMTdrYWtvdS90b3AvYXN1cmFrdS02MDBweC5qcGciIGJvcmRlcj0iMCI+PC9hPjxCUj4KPCEtLeODqeODg+ODlOODs+OCsC0tPgo8QlI+PGEgaHJlZj0iaHR0cDovL2l0ZW0ucmFrdXRlbi5jby5qcC9yeXVzLXNlbGVjdC8xMDAwNjQyNy8iIFRhcmdldD0iX2JsYW5rIj48aW1nIHNyYz0iaHR0cDovL2ltYWdlLnJha3V0ZW4uY28uanAvcnl1cy1zZWxlY3QvY2FiaW5ldC9iL2ltZzU4MjM5ODEzLmpwZyIgYm9yZGVyPSIwIj48L2E+CjxCUj4KPCEtLeODoeODg+OCu+ODvOOCuOOCq+ODvOODiS0tPgo8QlI+PGEgaHJlZj0iaHR0cDovL2l0ZW0ucmFrdXRlbi5jby5qcC9yeXVzLXNlbGVjdC9jLzAwMDAwMDA2NDkvIiBUYXJnZXQ9Il9ibGFuayI+PGltZyBzcmM9Imh0dHA6Ly9pbWFnZS5yYWt1dGVuLmNvLmpwL3J5dXMtc2VsZWN0L2NhYmluZXQvYi9pbWc1ODIzOTgxNC5qcGciIGJvcmRlcj0iMCI+PC9hPjxCUj4KPCEtLeOCteOCpOOCuuiqv+evgC0tPgo8QlI+PGEgaHJlZj0iaHR0cDovL2l0ZW0ucmFrdXRlbi5jby5qcC9yeXVzLXNlbGVjdC9jLzAwMDAwMDA0MjAvIiBUYXJnZXQ9Il9ibGFuayI+PGltZyAKc3JjPSJodHRwOi8vaW1hZ2UucmFrdXRlbi5jby5qcC9yeXVzLXNlbGVjdC9jYWJpbmV0L2IvaW1nNTgzNzMxNTUuanBnIiBib3JkZXI9IjAiPjwvYT48QlI+Cjx0YWJsZSB3aWR0aD0iNjAwIj4KPGZvbnQgc2l6ZT0iMiI+PGI+4pag54++5Zyo44Gu44GU5rOo5paH54q25rOBPC9iPjwvZm9udD4KPC90YWJsZT4KPHRhYmxlIGJvcmRlcj0iMSI+Cjx0ZCB3aWR0aD0iNjAwIj4KPGlmcmFtZSBpZD0ic3ZjRyIgc3JjPSJodHRwOi8vd3d3LnJha3V0ZW4ubmUuanAvZ29sZC9yeXVzLXNlbGVjdC9zeXN0ZW0vc3ZjRy5odG1sP2NsYXNzPXN0eWxlMiIgd2lkdGg9IjU5NXB4IiBoZWlnaHQ9IjI0MHB4IiBmcmFtZWJvcmRlcj0iMCIgbWFyZ2luaGVpZ2h0PSIwIiBtYXJnaW53aWR0aD0iMCIgc2Nyb2xsaW5nPSJubyI+PC9pZnJhbWU+CjwvdGQ+CjwvdGFibGU+Cgo8QlI+Cjx0YWJsZSB3aWR0aD0iNjAwIj4KPGZvbnQgc2l6ZT0iMiI+PGI+4pag44GK5a6i5qeY44GL44KJ44Gu44GU5oSP6KaL44O744GU5oSf5oOzPC9iPjwvZm9udD4KPC90YWJsZT4KPHRhYmxlIGJvcmRlcj0iMSI+Cjx0ZCB3aWR0aD0iNjAwIj4KPGlmcmFtZSBpZD0ic3ZjRCIgc3JjPSJodHRwOi8vd3d3LnJha3V0ZW4ubmUuanAvZ29sZC9yeXVzLXNlbGVjdC9zeXN0ZW0vc3ZjRC5odG1sP2NsYXNzPXN0eWxlMiIgd2lkdGg9IjU5NXB4IiBoZWlnaHQ9IjI0MHB4IiBmcmFtZWJvcmRlcj0iMCIgbWFyZ2luaGVpZ2h0PSIwIiBtYXJnaW53aWR0aD0iMCIgc2Nyb2xsaW5nPSJubyI+PC9pZnJhbWU+CjwvdGQ+CjwvdGFibGU+PEJSPjxCUj48IS0t44Op44OD44OU44Oz44KwMTUw5YaGLS0+PGEgaHJlZj0iaHR0cDovL2l0ZW0ucmFrdXRlbi5jby5qcC9yeXVzLXNlbGVjdC9zZWxmLXJhcC8iIFRhcmdldD0iX2JsYW5rIj48aW1nIHNyYz0iaHR0cDovL2ltYWdlLnJha3V0ZW4uY28uanAvcnl1cy1zZWxlY3QvY2FiaW5ldC90b3AvaW1ncmMwMDY2Njc1Njk0LmpwZyIgYm9yZGVyPSIwIj48L2E+PEJSPjwhLS3jgq7jg5Xjg4jlr77lv5zms6jmhI/mm7jjgY0tLT4KPHRhYmxlIGJvcmRlcj0iMCIgY2VsbHNwYWNpbmc9IjAiIGNlbGxwYWRkaW5nPSIyIj4KPHRyIHZhbGlnbj0idG9wIj48dGQgbm93cmFwPjxpbWcgc3JjPSJodHRwOi8vaW1hZ2UucmFrdXRlbi5jby5qcC9yeXVzLXNlbGVjdC9jYWJpbmV0L2cvaW1ncmMwMDYyODUwMDExLmpwZyIgYm9yZGVyPSIwIj48L3RkPgo8L3RyPgo8L3RhYmxlPjxCUj4KCuKWoOWVhuWTgeWQjSDjg5jjg7Pjg6rjg7zjg63jg7Pjg4njg7MvSEVOUlkgTE9ORE9OPEJSPgrilqDlk4Hnlaoo44Kr44Op44O8KTxCUj4K44CQMjTjgJFITDQxLUNTLTAwMTEg44K344Or44OQ44O8L+ODluODqeODg+OCr+ODrOOCtuODvChISUdIR0FURS/jg4/jgqTjgrLjg7zjg4gpPEJSPgrjgJAyNeOAkUhMNDEtQ1MtMDAzOSDjg5bjg6vjg7wv44OW44Op44OD44Kv44Os44K244O8KEtOSUdIVFNCUklER0Uv44OK44Kk44OE44OW44Oq44OD44K4KTxCUj4K44CQMjbjgJFITDQxLUNTLTAwOTkg44Os44OD44OJL+ODluODqeODg+OCr+ODrOOCtuODvChDSEFOQ0VSWS/jg4Hjg6Pjg7Pjgrvjg6rjg7wpPEJSPgrjgJAyN+OAkUhMNDEtQ1MtMDEwNyDjg5bjg6vjg7wv44OW44Op44Km44Oz44Os44K244O8KEtOSUdIVFNCUklER0Uv44OK44Kk44OE44OW44Oq44OD44K4KTxCUj4K44CQNjfjgJFITDQxLUNTLTAwMjMg44OW44Op44OD44KvL+ODluODqeODg+OCr+ODrOOCtuODvAooRURHV0FSRS/jgqjjg4PjgrjjgqbjgqfjgqIpPEJSPgo8QlI+CuKWoOOCteOCpOOCuiDnm7TlvoQ0MW1tw5fljprjgZUxMW1tPEJSPgrilqDjgrHjg7zjgrnntKDmnZAg44K544OG44Oz44Os44K5PEJSPgrilqDjg5njg6vjg4jntKDmnZAg44Os44K244O8PEJSPgrilqDjgqzjg6njgrnntKDmnZAg44OY44K144Op44Kk44OI44Kv44Oq44K544K/44OrPEJSPgrilqDjg6Djg7zjg5bjg6Hjg7Pjg4gg44Kv44Kp44O844OEKOmbu+axoOW8jyk8QlI+CuKWoOmHjemHjyA1OWc8QlI+CuKWoOiFleWRqOOCiiAxMy41772eMjBjbeOBvuOBpzxCUj4K4pag6Ziy5rC05oCnIOaXpeW4uOeUn+a0u+mYsuawtCgz5rCX5ZynKTxCUj4K4pag6Yed5pWwIDbph508QlI+CuKWoOS/neiovOacn+mWkyAx5bm06ZaTPEJSPgrilqDku5jlsZ7lk4Eg5bCC55SoQk9Y44CB5Zu96Zqb5L+d6Ki85pu4PEJSPgrilqDlgpnogIMg5pel5pys6KO944Og44O844OW44Oh44Oz44OI5YaF6IeT44CB5pel5LuY44O7MjTmmYLplpPooajnpLrjgIHjgq/jg63jg47jgrDjg6njg5UoNjDnp5LjgIEzMOWIhuioiCk8QlI+CjxCUj4KPCEtLeejgeawly0tPgo8aW1nIHNyYz0iaHR0cDovL2ltYWdlLnJha3V0ZW4uY28uanAvcnl1cy1zZWxlY3QvY2FiaW5ldC85L2ltZzU3MjQ3MzY0LmpwZyI+PEJSPg==,44OY44Oz44Oq44O844Ot44Oz44OJ44OzL0hFTlJZIExPTkRPTiDmmYLoqIggNDFtbSDjgq/jg63jg47jgrDjg6njg5Uv44Os44K244O8SEw0MS1DUy0wMDExKDI0KUhMNDEtQ1MtMDAzOSgyNSlITDQxLUNTLTAwOTkoMjYpSEw0MS1DUy0wMTA3KDI3KUhMNDEtQ1MtMDAyMyg2Nynjgqbjgqnjg4Pjg4Ev44Oh44Oz44K644GC44GZ5qW95a++5b+cL+aWsOWTgeOAgeacrOeJqeOAgeW9k+W6l+WcqOW6q+OBoOOBi+OCieWuieW/g++8mlNFSUtB,6IWV5pmC6KiI5pmC6KiI44Km44Kp44OD44OB44Oa44Ki44Km44Kp44OD44OB44OX44Os44K844Oz44OI44Op44OD44OU44Oz44Kw6LKh5biD5ZCN5Yi65YWl44KM5bCP6Yqt5YWl44KM44Oq44Ol44OD44Kv44OH44Kj44O844K844Or44OZ44Or44OI44Ki44Km44K/44O844Op44OZ44Oz44OP44Og44Oe44O844Kv44OQ44Kk44Oe44O844Kv44K444Kn44Kk44Kz44OW44K544Oe44Oz44OP44OD44K/44Oz44Od44O844OG44O844K444Kq44Ot44OT44Ki44Oz44Kz44OL44Kv44K944Oz44Kv44Ot44OO44Kw44Op44OV44Ki44Or44Oe44O844OL44OY44Oz44Oq44O844Ot44Oz44OJ44OzL0hFTlJZIExPTkRPTiDmmYLoqIggNDFtbSDjgq/jg63jg47jgrDjg6njg5Uv44Os44K244O8SEw0MS1DUy0wMDExKDI0KUhMNDEtQ1MtMDAzOSgyNSlITDQxLUNTLTAwOTkoMjYpSEw0MS1DUy0wMTA3KDI3KUhMNDEtQ1MtMDAyMyg2Nynjgqbjgqnjg4Pjg4Ev44Oh44Oz44K644GC44GZ5qW95a++5b+cL+aWsOWTgeOAgeacrOeJqeOAgeW9k+W6l+WcqOW6q+OBoOOBi+OCieWuieW/gw==,5paw5ZOBIOmAgeaWmeeEoeaWmSDkv53oqLwg44Op44OD44OU44Oz44Kw54Sh5paZIOODmOODs+ODquODvOODreODs+ODieODsyDohZXmmYLoqIjjgILjg5jjg7Pjg6rjg7zjg63jg7Pjg4njg7MvSEVOUlkgTE9ORE9OIOaZguioiCA0MW1tIOOCr+ODreODjuOCsOODqeODlS/jg6zjgrbjg7xITDQxLUNTLTAwMTEoMjQpSEw0MS1DUy0wMDM5KDI1KUhMNDEtQ1MtMDA5OSgyNilITDQxLUNTLTAxMDcoMjcpSEw0MS1DUy0wMDIzKDY3KeOCpuOCqeODg+ODgS/jg6Hjg7PjgrrjgYLjgZnmpb3lr77lv5wv5paw5ZOB44CB5pys54mp44CB5b2T5bqX5Zyo5bqr44Gg44GL44KJ5a6J5b+D[rn]
22-59920,aHR0cDovL3RzaG9wLnIxMHMuanAvZ29sZC9yeXVzLXNlbGVjdC8yMDE3a2Frb3UvaGwvaGwyNS1zLTJfMS5qcGc/Zml0aW49NzAwOjcwMA==,MTE4NDAuMDAwMA==,,6IWV5pmC6KiIID4g55S35aWz5YW855So6IWV5pmC6KiI,44OY44Oz44Oq44O844Ot44Oz44OJ44OzL0hFTlJZIExPTkRPTiDmmYLoqIggMjVtbS/jg6zjgrbjg7xITDI1LVMtMDE5Mig1MSlITDI1LVMtMDAwMig3NSlITDI1LVMtMDE3MCg3NilITDI1LVMtMDE4NCg3NylITDI1LVMtMDE5NCg3OCnjgqbjgqnjg4Pjg4Ev44Os44OH44Kj44O844K544GC44GZ5qW95a++5b+cL+aWsOWTgeOAgeacrOeJqeOAgeW9k+W6l+WcqOW6q+OBoOOBi+OCieWuieW/gw==,5paw5ZOBIOmAgeaWmeeEoeaWmSDkv53oqLwg44Op44OD44OU44Oz44Kw54Sh5paZIOODmOODs+ODquODvOODreODs+ODieODsyDohZXmmYLoqIg=,PGltZyBzcmM9Imh0dHA6Ly93d3cucmFrdXRlbi5uZS5qcC9nb2xkL3J5dXMtc2VsZWN0LzIwMTdrYWtvdS9obC9obDI1LXMtMl8xLmpwZyIgYm9yZGVyPSIwIj48QlI+PEJSPgo8aW1nIHNyYz0iaHR0cDovL3d3dy5yYWt1dGVuLm5lLmpwL2dvbGQvcnl1cy1zZWxlY3QvMjAxN2tha291L2hsL2hsMjUtcy0yXzIuanBnIiBib3JkZXI9IjAiPjxCUj48QlI+CjxpbWcgc3JjPSJodHRwOi8vd3d3LnJha3V0ZW4ubmUuanAvZ29sZC9yeXVzLXNlbGVjdC8yMDE3a2Frb3UvaGwvaGwyNS1zLTJfMy5qcGciIGJvcmRlcj0iMCI+PEJSPjxCUj4KCjwhLS3jg6zjg5Pjg6Xjg7wtLT48QlI+PGEgaHJlZj0iaHR0cDovL3Jldmlldy5yYWt1dGVuLmNvLmpwL2hvd3RvL3dyaXRlLyIgVGFyZ2V0PSJfYmxhbmsiPjxpbWcgc3JjPSJodHRwOi8vaW1hZ2UucmFrdXRlbi5jby5qcC9yeXVzLXNlbGVjdC9jYWJpbmV0LzAyMjU0MzU3L2ltZzU3NTI1NzE3LmpwZyIgYm9yZGVyPSIwIj48L2E+PEJSPgo8QlI+PCEtLeOBguOBmealvS0tPjxhIGhyZWY9Imh0dHA6Ly9ldmVudC5yYWt1dGVuLmNvLmpwL2FzdXJha3UvYWJvdXQvIiBUYXJnZXQ9Il9ibGFuayI+PGltZyBzcmM9Imh0dHA6Ly93d3cucmFrdXRlbi5uZS5qcC9nb2xkL3J5dXMtc2VsZWN0LzIwMTdrYWtvdS90b3AvYXN1cmFrdS02MDBweC5qcGciIGJvcmRlcj0iMCI+PC9hPjxCUj4KPCEtLeODqeODg+ODlOODs+OCsC0tPgo8QlI+PGEgaHJlZj0iaHR0cDovL2l0ZW0ucmFrdXRlbi5jby5qcC9yeXVzLXNlbGVjdC8xMDAwNjQyNy8iIFRhcmdldD0iX2JsYW5rIj48aW1nIHNyYz0iaHR0cDovL2ltYWdlLnJha3V0ZW4uY28uanAvcnl1cy1zZWxlY3QvY2FiaW5ldC9iL2ltZzU4MjM5ODEzLmpwZyIgYm9yZGVyPSIwIj48L2E+CjxCUj4KPCEtLeODoeODg+OCu+ODvOOCuOOCq+ODvOODiS0tPgo8QlI+PGEgaHJlZj0iaHR0cDovL2l0ZW0ucmFrdXRlbi5jby5qcC9yeXVzLXNlbGVjdC9jLzAwMDAwMDA2NDkvIiBUYXJnZXQ9Il9ibGFuayI+PGltZyBzcmM9Imh0dHA6Ly9pbWFnZS5yYWt1dGVuLmNvLmpwL3J5dXMtc2VsZWN0L2NhYmluZXQvYi9pbWc1ODIzOTgxNC5qcGciIGJvcmRlcj0iMCI+PC9hPjxCUj4KPCEtLeOCteOCpOOCuuiqv+evgC0tPgo8QlI+PGEgaHJlZj0iaHR0cDovL2l0ZW0ucmFrdXRlbi5jby5qcC9yeXVzLXNlbGVjdC9jLzAwMDAwMDA0MjAvIiBUYXJnZXQ9Il9ibGFuayI+PGltZyAKc3JjPSJodHRwOi8vaW1hZ2UucmFrdXRlbi5jby5qcC9yeXVzLXNlbGVjdC9jYWJpbmV0L2IvaW1nNTgzNzMxNTUuanBnIiBib3JkZXI9IjAiPjwvYT48QlI+Cjx0YWJsZSB3aWR0aD0iNjAwIj4KPGZvbnQgc2l6ZT0iMiI+PGI+4pag54++5Zyo44Gu44GU5rOo5paH54q25rOBPC9iPjwvZm9udD4KPC90YWJsZT4KPHRhYmxlIGJvcmRlcj0iMSI+Cjx0ZCB3aWR0aD0iNjAwIj4KPGlmcmFtZSBpZD0ic3ZjRyIgc3JjPSJodHRwOi8vd3d3LnJha3V0ZW4ubmUuanAvZ29sZC9yeXVzLXNlbGVjdC9zeXN0ZW0vc3ZjRy5odG1sP2NsYXNzPXN0eWxlMiIgd2lkdGg9IjU5NXB4IiBoZWlnaHQ9IjI0MHB4IiBmcmFtZWJvcmRlcj0iMCIgbWFyZ2luaGVpZ2h0PSIwIiBtYXJnaW53aWR0aD0iMCIgc2Nyb2xsaW5nPSJubyI+PC9pZnJhbWU+CjwvdGQ+CjwvdGFibGU+Cgo8QlI+Cjx0YWJsZSB3aWR0aD0iNjAwIj4KPGZvbnQgc2l6ZT0iMiI+PGI+4pag44GK5a6i5qeY44GL44KJ44Gu44GU5oSP6KaL44O744GU5oSf5oOzPC9iPjwvZm9udD4KPC90YWJsZT4KPHRhYmxlIGJvcmRlcj0iMSI+Cjx0ZCB3aWR0aD0iNjAwIj4KPGlmcmFtZSBpZD0ic3ZjRCIgc3JjPSJodHRwOi8vd3d3LnJha3V0ZW4ubmUuanAvZ29sZC9yeXVzLXNlbGVjdC9zeXN0ZW0vc3ZjRC5odG1sP2NsYXNzPXN0eWxlMiIgd2lkdGg9IjU5NXB4IiBoZWlnaHQ9IjI0MHB4IiBmcmFtZWJvcmRlcj0iMCIgbWFyZ2luaGVpZ2h0PSIwIiBtYXJnaW53aWR0aD0iMCIgc2Nyb2xsaW5nPSJubyI+PC9pZnJhbWU+CjwvdGQ+CjwvdGFibGU+PEJSPjxCUj48IS0t44Op44OD44OU44Oz44KwMTUw5YaGLS0+PGEgaHJlZj0iaHR0cDovL2l0ZW0ucmFrdXRlbi5jby5qcC9yeXVzLXNlbGVjdC9zZWxmLXJhcC8iIFRhcmdldD0iX2JsYW5rIj48aW1nIHNyYz0iaHR0cDovL2ltYWdlLnJha3V0ZW4uY28uanAvcnl1cy1zZWxlY3QvY2FiaW5ldC90b3AvaW1ncmMwMDY2Njc1Njk0LmpwZyIgYm9yZGVyPSIwIj48L2E+PEJSPjwhLS3jgq7jg5Xjg4jlr77lv5zms6jmhI/mm7jjgY0tLT4KPHRhYmxlIGJvcmRlcj0iMCIgY2VsbHNwYWNpbmc9IjAiIGNlbGxwYWRkaW5nPSIyIj4KPHRyIHZhbGlnbj0idG9wIj48dGQgbm93cmFwPjxpbWcgc3JjPSJodHRwOi8vaW1hZ2UucmFrdXRlbi5jby5qcC9yeXVzLXNlbGVjdC9jYWJpbmV0L2cvaW1ncmMwMDYyODUwMDExLmpwZyIgYm9yZGVyPSIwIj48L3RkPgo8L3RyPgo8L3RhYmxlPjxCUj4KCuKWoOWVhuWTgeWQjSDjg5jjg7Pjg6rjg7zjg63jg7Pjg4njg7MvSEVOUlkgTE9ORE9OPEJSPjxCUj4K4pag5ZOB55WqKOOCq+ODqeODvCk8QlI+CuOAkDUx44CRSEwyNS1TLTAxOTIg44OR44O844OX44Orw5fjg5Tjg7Pjgq/jgrTjg7zjg6vjg4kv44OR44O844OX44Or44Os44K244O8KEhBTVBTVEVBRC/jg4/jg6Djgrnjg4bjg4Pjg4kpPEJSPgrjgJA3NeOAkUhMMjUtUy0wMDAyIOOCr+ODquODvOODoMOX44K044O844Or44OJL+ODluODqeODg+OCr+ODrOOCtuODvChXRVNUTUlOU1RFUi/jgqbjgqfjgrnjg4jjg5/jg7Pjgrnjgr/jg7wpPEJSPgrjgJA3NuOAkUhMMjUtUy0wMTcwIOODlOODs+OCr8OX44OU44Oz44Kv44K044O844Or44OJL+ODlOODs+OCr+ODrOOCtuODvChTSE9SRURJVENIL+OCt+ODp+ODvOODh+OCo+ODg+ODgSk8QlI+CuOAkDc344CRSEwyNS1TLTAxODQg44Ob44Ov44Kk44OIw5fjg5Tjg7Pjgq/jgrTjg7zjg6vjg4kv44OW44Op44Km44Oz44Os44K244O8KFJJQ0hNT05EL+ODquODg+ODgeODouODs+ODiSk8QlI+CuOAkDc444CRSEwyNS1TLTAxOTQg44Kw44Os44O8w5fjg5Tjg7Pjgq/jgrTjg7zjg6vjg4kv44Kw44Os44O844Os44K244O8KEZJTkNITEVZL+ODleOCo+ODs+ODgeODquODvCk8QlI+PEJSPgrilqDjgrXjgqTjgrog55u05b6EMjVtbcOX5Y6a44GVOW1tPEJSPgrilqDjgrHjg7zjgrnntKDmnZAg44K544OG44Oz44Os44K5PEJSPgrilqDjg5njg6vjg4jntKDmnZAg44Os44K244O8PEJSPgrilqDjgqzjg6njgrnntKDmnZAg44OY44K144Op44Kk44OI44Kv44Oq44K544K/44OrPEJSPgrilqDjg6Djg7zjg5bjg6Hjg7Pjg4gg44Kv44Kp44O844OEKOmbu+axoOW8jyk8QlI+CuKWoOmHjemHjyDntIQxOWc8QlI+CuKWoOiFleWRqOOCiiDntIQxM++9njE3Y23jgb7jgac8QlI+CuKWoOmYsuawtOaApyDml6XluLjnlJ/mtLvpmLLmsLQoM+awl+Wcpyk8QlI+CuKWoOmHneaVsCAz6YedPEJSPgrilqDkv53oqLzmnJ/plpMgMeW5tOmWkzxCUj4K4pag5LuY5bGe5ZOBIOWwgueUqEJPWOOAgeWbvemam+S/neiovOabuDxCUj4K4pag5YKZ6ICDIOaXpeacrOijveODoOODvOODluODoeODs+ODiOWGheiHkzxCUj4KPEJSPgo8IS0t56OB5rCXLS0+CjxpbWcgc3JjPSJodHRwOi8vaW1hZ2UucmFrdXRlbi5jby5qcC9yeXVzLXNlbGVjdC9jYWJpbmV0LzkvaW1nNTcyNDczNjQuanBnIj48QlI+,44OY44Oz44Oq44O844Ot44Oz44OJ44OzL0hFTlJZIExPTkRPTiDmmYLoqIggMjVtbS/jg6zjgrbjg7xITDI1LVMtMDE5Mig1MSlITDI1LVMtMDAwMig3NSlITDI1LVMtMDE3MCg3NilITDI1LVMtMDE4NCg3NylITDI1LVMtMDE5NCg3OCnjgqbjgqnjg4Pjg4Ev44Os44OH44Kj44O844K544GC44GZ5qW95a++5b+cL+aWsOWTgeOAgeacrOeJqeOAgeW9k+W6l+WcqOW6q+OBoOOBi+OCieWuieW/g++8mlNFSUtB,6IWV5pmC6KiI5pmC6KiI44Km44Kp44OD44OB44Oa44Ki44Km44Kp44OD44OB44OX44Os44K844Oz44OI44Op44OD44OU44Oz44Kw6LKh5biD5ZCN5Yi65YWl44KM5bCP6Yqt5YWl44KM44Oq44Ol44OD44Kv44OH44Kj44O844K844Or44OZ44Or44OI44Ki44Km44K/44O844Op44OZ44Oz44OP44Og44Oe44O844Kv44OQ44Kk44Oe44O844Kv44K444Kn44Kk44Kz44OW44K544Oe44Oz44OP44OD44K/44Oz44Od44O844OG44O844K444Kq44Ot44OT44Ki44Oz44Kz44OL44Kv44K944Oz44Kv44Ot44OO44Kw44Op44OV44Ki44Or44Oe44O844OL44OY44Oz44Oq44O844Ot44Oz44OJ44OzL0hFTlJZIExPTkRPTiDmmYLoqIggMjVtbS/jg6zjgrbjg7xITDI1LVMtMDE5Mig1MSlITDI1LVMtMDAwMig3NSlITDI1LVMtMDE3MCg3NilITDI1LVMtMDE4NCg3NylITDI1LVMtMDE5NCg3OCnjgqbjgqnjg4Pjg4Ev44Os44OH44Kj44O844K544GC44GZ5qW95a++5b+cL+aWsOWTgeOAgeacrOeJqeOAgeW9k+W6l+WcqOW6q+OBoOOBi+OCieWuieW/gw==,5paw5ZOBIOmAgeaWmeeEoeaWmSDkv53oqLwg44Op44OD44OU44Oz44Kw54Sh5paZIOODmOODs+ODquODvOODreODs+ODieODsyDohZXmmYLoqIjjgILjg5jjg7Pjg6rjg7zjg63jg7Pjg4njg7MvSEVOUlkgTE9ORE9OIOaZguioiCAyNW1tL+ODrOOCtuODvEhMMjUtUy0wMTkyKDUxKUhMMjUtUy0wMDAyKDc1KUhMMjUtUy0wMTcwKDc2KUhMMjUtUy0wMTg0KDc3KUhMMjUtUy0wMTk0KDc4KeOCpuOCqeODg+ODgS/jg6zjg4fjgqPjg7zjgrnjgYLjgZnmpb3lr77lv5wv5paw5ZOB44CB5pys54mp44CB5b2T5bqX5Zyo5bqr44Gg44GL44KJ5a6J5b+D[rn]
22-59921,aHR0cDovL3RzaG9wLnIxMHMuanAvbmFuYXBsZS9jYWJpbmV0L2VzL2JjbTA0LWEuanBnP2ZpdGluPTcwMDo3MDA=,MjcyMS42MDAw,,6IWV5pmC6KiIID4g6IWV5pmC6KiI55So44Ki44Kv44K744K144Oq44O8ID4g6IWV5pmC6KiI55So44OZ44Or44OI44O744OQ44Oz44OJ,5Lqk5o+b55So44OZ44Or44OIIOiFleaZguioiCDjgqvjg7zjg5Xjg6zjgrbjg7wg44Ko44Or44K7IOmBuOOBueOCi+ODouODh+ODqyBCQ00wNA==,W+aWsOWTgV1b6YCB5paZ54Sh5paZXQ==,5Lqk5o+b55So44OZ44Or44OIIOiFleaZguioiCDjgqvjg7zjg5Xjg6zjgrbjg7wg44Ko44Or44K7IOmBuOOBueOCi+ODouODh+ODqyBCQ00wNCBFTFNFIOabv+OBiOODmeODq+ODiCDjg6zjgrbjg7zjg5njg6vjg4gg44Ki44Km44OI44OJ44Ki44Km44Kp44OD44OB44KE44K544Od44O844OE44K/44Kk44OX44Gu5pmC6KiI44Gr5Ly85ZCI44GG44OH44K244Kk44Oz44Gu5pmC6KiI44OZ44Or44OI44Gn44GZ44CC44K544K/44Kk44Oq44OD44K344Ol44Gq5oSf5oCn44GM5ryC44GG44Oo44O844Ot44OD44OR44OG44Kk44K544OI44Gu44OW44Op44Oz44OJ44CC5Y6z6YG444GV44KM44Gf57Sg5p2Q44Go44CB6LGK5a+M44Gq44Kr44Op44O844OQ44Oq44Ko44O844K344On44Oz44KS5o+D44GI44Gm44GE44G+44GZ44CCIOKAu+OCq+ODqeODvOmWk+mBleOBhOOBq+OBlOazqOaEj+OBj+OBoOOBleOBhOOBvuOBm+OAgiDlhazlvI/lk4Hnlao6IEJDTTA0TzEgQkNNMDRSMSBCQ00wNFcxIOOCq+ODqeODvDog44Kq44Os44Oz44K444K544OG44OD44OBIOODrOODg+ODieOCueODhuODg+ODgSDjg5vjg6/jgqTjg4jjgrnjg4bjg4Pjg4Eg44GL44KT5bmFOiAxOG1tIDIwbW0gMjJtbQ==,5Lqk5o+b55So44OZ44Or44OIIOiFleaZguioiCDjgqvjg7zjg5Xjg6zjgrbjg7wg44Ko44Or44K7IOmBuOOBueOCi+ODouODh+ODqyBCQ00wNO+8muiFleaZguioiOOBruOBquOBquOBt+OCjA==,6IWV5pmC6KiI6YCa6LKp44K744Kk44Kz44O844K344OB44K644Oz44Kr44K344Kq44OP44Of44Or44OI44OzZyZtaW51cztzaG9ja+ODq+OCreOCouOCquODoeOCrOODq+ODn+ODjuODg+OCr+OCueOCr+ODreOCueOCt+ODvOmbu+azouOCveODvOODqeODvOOCveODvOODqeODvOmbu+azouS6pOaPm+eUqOODmeODq+ODiCDohZXmmYLoqIgg44Kr44O844OV44Os44K244O8IOOCqOODq+OCuyDpgbjjgbnjgovjg6Ljg4fjg6sgQkNNMDQ=,W+aWsOWTgV1b6YCB5paZ54Sh5paZXeOAguS6pOaPm+eUqOODmeODq+ODiCDohZXmmYLoqIgg44Kr44O844OV44Os44K244O8IOOCqOODq+OCuyDpgbjjgbnjgovjg6Ljg4fjg6sgQkNNMDQ=[rn]
22-59922,aHR0cDovL3RzaG9wLnIxMHMuanAvbmFuYXBsZS9jYWJpbmV0L2VzL3NjMDIwLWEuanBnP2ZpdGluPTcwMDo3MDA=,MjQxOS4yMDAw,,6IWV5pmC6KiIID4g6IWV5pmC6KiI55So44Ki44Kv44K744K144Oq44O8ID4g6IWV5pmC6KiI55So44OZ44Or44OI44O744OQ44Oz44OJ,5Lqk5o+b55So44OZ44Or44OIIOiFleaZguioiCDjgqvjg7zjg5Xjg6zjgrbjg7wg44Ko44Or44K7IOmBuOOBueOCi+ODouODh+ODqyBTQzAyMA==,W+aWsOWTgV1b6YCB5paZ54Sh5paZXQ==,5Lqk5o+b55So44OZ44Or44OIIOiFleaZguioiCDjgqvjg7zjg5Xjg6zjgrbjg7wg44Ko44Or44K7IOmBuOOBueOCi+ODouODh+ODqyBTQzAyMCBFTFNFIOabv+OBiOODmeODq+ODiCDjg6zjgrbjg7zjg5njg6vjg4gg6KOP6Z2i44Gr5ZCI5oiQ44Op44OQ44O844KS5L2/55So44GX44CB5b6T5p2l44Gu55qu6Z2p44OZ44Or44OI44KI44KK5rC05YiG44KS5ZC45Y+O44GX44Gl44KJ44GE44Gu44Gn6ICQ5LmF5oCn44Gr5YSq44KM44Gm44GE44G+44GZ44CC44K544K/44Kk44Oq44OD44K344Ol44Gq5oSf5oCn44GM5ryC44GG44Oo44O844Ot44OD44OR44OG44Kk44K544OI44Gu44OW44Op44Oz44OJ44CC5Y6z6YG444GV44KM44Gf57Sg5p2Q44Go44CB6LGK5a+M44Gq44Kr44Op44O844OQ44Oq44Ko44O844K344On44Oz44KS5o+D44GI44Gm44GE44G+44GZ44CCIOKAu+OCq+ODqeODvOmWk+mBleOBhOOBq+OBlOazqOaEj+OBj+OBoOOBleOBhOOBvuOBm+OAgiDlhazlvI/lk4Hnlao6IFNDMDIwQSBTQzAyMEIgU0MwMjBPIFNDMDIwUCBTQzAyMFIgU0MwMjBVIFNDMDIwVyBTQzAyMFkg44Kr44Op44O8OiDjg5bjg6njg4Pjgq8g44OA44O844Kv44OW44Op44Km44OzIOOCquODrOODs+OCuCDjg5Tjg7Pjgq8g44Os44OD44OJIOODqeOCpOODiOODluODq+ODvCDjg5vjg6/jgqTjg4gg44Kk44Ko44Ot44O8IOOBi+OCk+W5hTogMTBtbSAxMW1tIDEybW0gMTNtbSAxNG1t,5Lqk5o+b55So44OZ44Or44OIIOiFleaZguioiCDjgqvjg7zjg5Xjg6zjgrbjg7wg44Ko44Or44K7IOmBuOOBueOCi+ODouODh+ODqyBTQzAyMO+8muiFleaZguioiOOBruOBquOBquOBt+OCjA==,6IWV5pmC6KiI6YCa6LKp44K744Kk44Kz44O844K344OB44K644Oz44Kr44K344Kq44OP44Of44Or44OI44OzZyZtaW51cztzaG9ja+ODq+OCreOCouOCquODoeOCrOODq+ODn+ODjuODg+OCr+OCueOCr+ODreOCueOCt+ODvOmbu+azouOCveODvOODqeODvOOCveODvOODqeODvOmbu+azouS6pOaPm+eUqOODmeODq+ODiCDohZXmmYLoqIgg44Kr44O844OV44Os44K244O8IOOCqOODq+OCuyDpgbjjgbnjgovjg6Ljg4fjg6sgU0MwMjA=,W+aWsOWTgV1b6YCB5paZ54Sh5paZXeOAguS6pOaPm+eUqOODmeODq+ODiCDohZXmmYLoqIgg44Kr44O844OV44Os44K244O8IOOCqOODq+OCuyDpgbjjgbnjgovjg6Ljg4fjg6sgU0MwMjA=[rn]
22-59923,aHR0cDovL3RzaG9wLnIxMHMuanAvbmFuYXBsZS9jYWJpbmV0L2VzL3NjNDQtYS5qcGc/Zml0aW49NzAwOjcwMA==,MzAyNC4wMDAw,,6IWV5pmC6KiIID4g6IWV5pmC6KiI55So44Ki44Kv44K744K144Oq44O8ID4g6IWV5pmC6KiI55So44OZ44Or44OI44O744OQ44Oz44OJ,5Lqk5o+b55So44OZ44Or44OIIOiFleaZguioiCDjgqvjg7zjg5Xjg6zjgrbjg7wg44Ko44Or44K7IOmBuOOBueOCi+ODouODh+ODqyBTQzQ0,W+aWsOWTgV1b6YCB5paZ54Sh5paZXQ==,5Lqk5o+b55So44OZ44Or44OIIOiFleaZguioiCDjgqvjg7zjg5Xjg6zjgrbjg7wg44Ko44Or44K7IOmBuOOBueOCi+ODouODh+ODqyBTQzQ0IEVMU0Ug5pu/44GI44OZ44Or44OIIOODrOOCtuODvOODmeODq+ODiCDni6zoh6rjga7nmbrmg7PlipvjgIHplovnmbrlipvjgIHjgZ3jgZfjgabjgIHml6XmnKzjga7poqjlnJ/jgajmlofljJbjgYznlJ/jgpPjgaDpq5jluqbjgarmioDooZPjgpLmjIHjgaRCQU1CSeOBruODmeODq+ODiOOBp+OBmeOAguOCueOCv+OCpOODquODg+OCt+ODpeOBquaEn+aAp+OBjOa8guOBhuODqOODvOODreODg+ODkeODhuOCpOOCueODiOOBruODluODqeODs+ODieOAguWOs+mBuOOBleOCjOOBn+e0oOadkOOBqOOAgeixiuWvjOOBquOCq+ODqeODvOODkOODquOCqOODvOOCt+ODp+ODs+OCkuaPg+OBiOOBpuOBhOOBvuOBmeOAgiDigLvjgrXjgqTjgrrjgoTjgqvjg6njg7zplpPpgZXjgYTjgavjgZTms6jmhI/jgY/jgaDjgZXjgYTjgb7jgZvjgIIg5YWs5byP5ZOB55WqOiBTQzQ0QSBTQzQ0QyBTQzQ0RCBTQzQ0RiBTQzQ0TSBTQzQ0UiDjgqvjg6njg7w6IOODluODqeODg+OCryDjg5bjg6njgqbjg7Mg44ON44Kk44OT44O8IOODmeODvOOCuOODpSDjgrDjg6rjg7zjg7Mg44Os44OD44OJIOOBi+OCk+W5hTogMTJtbSAxNG1tIDE2bW0gMThtbQ==,5Lqk5o+b55So44OZ44Or44OIIOiFleaZguioiCDjgqvjg7zjg5Xjg6zjgrbjg7wg44Ko44Or44K7IOmBuOOBueOCi+ODouODh+ODqyBTQzQ077ya6IWV5pmC6KiI44Gu44Gq44Gq44G344KM,6IWV5pmC6KiI6YCa6LKp44K744Kk44Kz44O844K344OB44K644Oz44Kr44K344Kq44OP44Of44Or44OI44OzZyZtaW51cztzaG9ja+ODq+OCreOCouOCquODoeOCrOODq+ODn+ODjuODg+OCr+OCueOCr+ODreOCueOCt+ODvOmbu+azouOCveODvOODqeODvOOCveODvOODqeODvOmbu+azouS6pOaPm+eUqOODmeODq+ODiCDohZXmmYLoqIgg44Kr44O844OV44Os44K244O8IOOCqOODq+OCuyDpgbjjgbnjgovjg6Ljg4fjg6sgU0M0NA==,W+aWsOWTgV1b6YCB5paZ54Sh5paZXeOAguS6pOaPm+eUqOODmeODq+ODiCDohZXmmYLoqIgg44Kr44O844OV44Os44K244O8IOOCqOODq+OCuyDpgbjjgbnjgovjg6Ljg4fjg6sgU0M0NA==[rn]
22-59924,aHR0cDovL3RzaG9wLnIxMHMuanAvbmFuYXBsZS9jYWJpbmV0L2VzL2JrbTUzLWEuanBnP2ZpdGluPTcwMDo3MDA=,MzMyNi40MDAw,,6IWV5pmC6KiIID4g6IWV5pmC6KiI55So44Ki44Kv44K744K144Oq44O8ID4g6IWV5pmC6KiI55So44OZ44Or44OI44O744OQ44Oz44OJ,5Lqk5o+b55So44OZ44Or44OIIOiFleaZguioiCDjgqvjg7zjg5Xjg6zjgrbjg7wg44Kw44Os44O844K344Oj44K5IOmBuOOBueOCi+ODouODh+ODqyBCS001Mw==,W+aWsOWTgV1b6YCB5paZ54Sh5paZXQ==,5Lqk5o+b55So44OZ44Or44OIIOiFleaZguioiCDjgqvjg7zjg5Xjg6zjgrbjg7wg44Kw44Os44O844K344Oj44K5IOmBuOOBueOCi+ODouODh+ODqyBCS001MyBHUkVBQ0lPVVMg5pu/44GI44OZ44Or44OIIOODrOOCtuODvOODmeODq+ODiCDntKDmnZDjgavjgrnjgrPjg4Pjg4Hjgqzjg7zjg4njg6zjgrbjg7zjgpLkvb/nlKjjgZfjgZ/llYblk4HjgafjgIHmkqXmsLTmgKfjgavlhKrjgozjgabjgYTjgb7jgZnjgILntYzpqJPosYrjgYvjgarogbfkurrjgavjgojjgorjgIHjgbLjgajjgaTjgbLjgajjgaTkuLnnsr7ovrzjgoHjgabku5XkuIrjgZLjgonjgozjgZ/pq5jntJrjg5njg6vjg4jjgILpmpvnq4vjgaTnvo7jgZfjgZXjgajmqZ/og73mgKfjgpLov73msYLjgZfjgZ/jgIHpq5jku5jliqDkvqHlgKTjg6Ljg4fjg6vjgafjgZnjgIIg4oC744K144Kk44K644KE44Kr44Op44O86ZaT6YGV44GE44Gr44GU5rOo5oSP44GP44Gg44GV44GE44G+44Gb44CCIOWFrOW8j+WTgeeVqjogQktNNTNBIEJLTTUzQyBCS001M0QgQktNNTNFIOOCq+ODqeODvDog44OW44Op44OD44KvIOODluODqeOCpuODsyDjg43jgqTjg5Pjg7wg44Ov44Kk44OzIOOBi+OCk+W5hTogMTBtbSAxMW1tIDEybW0gMTNtbSAxNG1tIDE1bW0gMTZtbSAxN21tIDE4bW0gMTltbSAyMG1tIDIxbW0gMjJtbQ==,5Lqk5o+b55So44OZ44Or44OIIOiFleaZguioiCDjgqvjg7zjg5Xjg6zjgrbjg7wg44Kw44Os44O844K344Oj44K5IOmBuOOBueOCi+ODouODh+ODqyBCS001M++8muiFleaZguioiOOBruOBquOBquOBt+OCjA==,6IWV5pmC6KiI6YCa6LKp44K744Kk44Kz44O844K344OB44K644Oz44Kr44K344Kq44OP44Of44Or44OI44OzZyZtaW51cztzaG9ja+ODq+OCreOCouOCquODoeOCrOODq+ODn+ODjuODg+OCr+OCueOCr+ODreOCueOCt+ODvOmbu+azouOCveODvOODqeODvOOCveODvOODqeODvOmbu+azouS6pOaPm+eUqOODmeODq+ODiCDohZXmmYLoqIgg44Kr44O844OV44Os44K244O8IOOCsOODrOODvOOCt+ODo+OCuSDpgbjjgbnjgovjg6Ljg4fjg6sgQktNNTM=,W+aWsOWTgV1b6YCB5paZ54Sh5paZXeOAguS6pOaPm+eUqOODmeODq+ODiCDohZXmmYLoqIgg44Kr44O844OV44Os44K244O8IOOCsOODrOODvOOCt+ODo+OCuSDpgbjjgbnjgovjg6Ljg4fjg6sgQktNNTM=[rn]
22-59925,aHR0cDovL3RzaG9wLnIxMHMuanAvbmFuYXBsZS9jYWJpbmV0L2VzL2JjbTAzLWEuanBnP2ZpdGluPTcwMDo3MDA=,MzAyNC4wMDAw,,6IWV5pmC6KiIID4g6IWV5pmC6KiI55So44Ki44Kv44K744K144Oq44O8ID4g6IWV5pmC6KiI55So44OZ44Or44OI44O744OQ44Oz44OJ,5Lqk5o+b55So44OZ44Or44OIIOiFleaZguioiCDjgqvjg7zjg5Xjg6zjgrbjg7wg44Kw44Os44O844K344Oj44K5IOmBuOOBueOCi+ODouODh+ODqyBCQ00wMw==,W+aWsOWTgV1b6YCB5paZ54Sh5paZXQ==,5Lqk5o+b55So44OZ44Or44OIIOiFleaZguioiCDjgqvjg7zjg5Xjg6zjgrbjg7wg44Kw44Os44O844K344Oj44K5IOmBuOOBueOCi+ODouODh+ODqyBCQ00wMyBHUkVBQ0lPVVMg5pu/44GI44OZ44Or44OIIOODrOOCtuODvOODmeODq+ODiCDntKDmnZDjgavjgrnjgrPjg4Pjg4Hjgqzjg7zjg4njg6zjgrbjg7zjgpLkvb/nlKjjgZfjgZ/llYblk4HjgafjgIHmkqXmsLTmgKfjgavlhKrjgozjgabjgYTjgb7jgZnjgILntYzpqJPosYrjgYvjgarogbfkurrjgavjgojjgorjgIHjgbLjgajjgaTjgbLjgajjgaTkuLnnsr7ovrzjgoHjgabku5XkuIrjgZLjgonjgozjgZ/pq5jntJrjg5njg6vjg4jjgILpmpvnq4vjgaTnvo7jgZfjgZXjgajmqZ/og73mgKfjgpLov73msYLjgZfjgZ/jgIHpq5jku5jliqDkvqHlgKTjg6Ljg4fjg6vjgafjgZnjgIIg4oC744K144Kk44K644KE44Kr44Op44O86ZaT6YGV44GE44Gr44GU5rOo5oSP44GP44Gg44GV44GE44G+44Gb44CCIOWFrOW8j+WTgeeVqjogQkNNMDNBIEJDTTAzQyBCQ00wM0QgQkNNMDNFIOOCq+ODqeODvDog44OW44Op44OD44KvIOODluODqeOCpuODsyDjg43jgqTjg5Pjg7wg44Ov44Kk44OzIOOBi+OCk+W5hTogMTBtbSAxMW1tIDEybW0gMTNtbSAxNG1tIDE1bW0gMTZtbSAxN21tIDE4bW0gMTltbSAyMG1tIDIxbW0gMjJtbQ==,5Lqk5o+b55So44OZ44Or44OIIOiFleaZguioiCDjgqvjg7zjg5Xjg6zjgrbjg7wg44Kw44Os44O844K344Oj44K5IOmBuOOBueOCi+ODouODh+ODqyBCQ00wM++8muiFleaZguioiOOBruOBquOBquOBt+OCjA==,6IWV5pmC6KiI6YCa6LKp44K744Kk44Kz44O844K344OB44K644Oz44Kr44K344Kq44OP44Of44Or44OI44OzZyZtaW51cztzaG9ja+ODq+OCreOCouOCquODoeOCrOODq+ODn+ODjuODg+OCr+OCueOCr+ODreOCueOCt+ODvOmbu+azouOCveODvOODqeODvOOCveODvOODqeODvOmbu+azouS6pOaPm+eUqOODmeODq+ODiCDohZXmmYLoqIgg44Kr44O844OV44Os44K244O8IOOCsOODrOODvOOCt+ODo+OCuSDpgbjjgbnjgovjg6Ljg4fjg6sgQkNNMDM=,W+aWsOWTgV1b6YCB5paZ54Sh5paZXeOAguS6pOaPm+eUqOODmeODq+ODiCDohZXmmYLoqIgg44Kr44O844OV44Os44K244O8IOOCsOODrOODvOOCt+ODo+OCuSDpgbjjgbnjgovjg6Ljg4fjg6sgQkNNMDM=[rn]
22-59926,aHR0cDovL3RzaG9wLnIxMHMuanAvbmFuYXBsZS9jYWJpbmV0L2VzL2JjMTIyLWEuanBnP2ZpdGluPTcwMDo3MDA=,MjcyMS42MDAw,,6IWV5pmC6KiIID4g6IWV5pmC6KiI55So44Ki44Kv44K744K144Oq44O8ID4g6IWV5pmC6KiI55So44OZ44Or44OI44O744OQ44Oz44OJ,5Lqk5o+b55So44OZ44Or44OIIOiFleaZguioiCDjgqvjg7zjg5Xjg6zjgrbjg7wg44Kw44Os44O844K344Oj44K5IOmBuOOBueOCi+ODouODh+ODqyBCQzEyMg==,W+aWsOWTgV1b6YCB5paZ54Sh5paZXQ==,5Lqk5o+b55So44OZ44Or44OIIOiFleaZguioiCDjgqvjg7zjg5Xjg6zjgrbjg7wg44Kw44Os44O844K344Oj44K5IOmBuOOBueOCi+ODouODh+ODqyBCQzEyMiBHUkVBQ0lPVVMg5pu/44GI44OZ44Or44OIIOODrOOCtuODvOODmeODq+ODiCDlvpPmnaXjga7mipfoj4zpmLLoh63liqDlt6XjgavjgojjgorjgIHjgZXjgonjgavpm5Hoj4zjga7lopfmrpbjgoTmgqroh63jga7nmbrnlJ/jgpLmipHjgYjjgovlirnmnpzjgYzjgYLjgovjgoLjga7jgpLoo4/mnZDjgavkvb/nlKjjgZfjgabjgYTjgb7jgZnjgILntYzpqJPosYrjgYvjgarogbfkurrjgavjgojjgorjgIHjgbLjgajjgaTjgbLjgajjgaTkuLnnsr7ovrzjgoHjgabku5XkuIrjgZLjgonjgozjgZ/pq5jntJrjg5njg6vjg4jjgILpmpvnq4vjgaTnvo7jgZfjgZXjgajmqZ/og73mgKfjgpLov73msYLjgZfjgZ/jgIHpq5jku5jliqDkvqHlgKTjg6Ljg4fjg6vjgafjgZnjgIIg4oC744K144Kk44K644KE44Kr44Op44O86ZaT6YGV44GE44Gr44GU5rOo5oSP44GP44Gg44GV44GE44G+44Gb44CCIOWFrOW8j+WTgeeVqjogQkMxMjJBIEJDMTIyQiBCQzEyMkUg44Kr44Op44O8OiDjg5bjg6njg4Pjgq8g44OB44On44KzIOODr+OCpOODsyDjgYvjgpPluYU6IDE4bW0=,5Lqk5o+b55So44OZ44Or44OIIOiFleaZguioiCDjgqvjg7zjg5Xjg6zjgrbjg7wg44Kw44Os44O844K344Oj44K5IOmBuOOBueOCi+ODouODh+ODqyBCQzEyMu+8muiFleaZguioiOOBruOBquOBquOBt+OCjA==,6IWV5pmC6KiI6YCa6LKp44K744Kk44Kz44O844K344OB44K644Oz44Kr44K344Kq44OP44Of44Or44OI44OzZyZtaW51cztzaG9ja+ODq+OCreOCouOCquODoeOCrOODq+ODn+ODjuODg+OCr+OCueOCr+ODreOCueOCt+ODvOmbu+azouOCveODvOODqeODvOOCveODvOODqeODvOmbu+azouS6pOaPm+eUqOODmeODq+ODiCDohZXmmYLoqIgg44Kr44O844OV44Os44K244O8IOOCsOODrOODvOOCt+ODo+OCuSDpgbjjgbnjgovjg6Ljg4fjg6sgQkMxMjI=,W+aWsOWTgV1b6YCB5paZ54Sh5paZXeOAguS6pOaPm+eUqOODmeODq+ODiCDohZXmmYLoqIgg44Kr44O844OV44Os44K244O8IOOCsOODrOODvOOCt+ODo+OCuSDpgbjjgbnjgovjg6Ljg4fjg6sgQkMxMjI=[rn]
22-59927,aHR0cDovL3RzaG9wLnIxMHMuanAvbWFuby1hLW1hbm8vY2FiaW5ldC90aHVtL2FwX3QwMS5qcGc/Zml0aW49NzAwOjcwMA==,OTYwLjAwMDA=,,6IWV5pmC6KiIID4g6IWV5pmC6KiI55So44Ki44Kv44K744K144Oq44O8ID4g6IWV5pmC6KiI55So44OZ44Or44OI44O744OQ44Oz44OJ,44Ki44OD44OX44Or44Km44Kp44OD44OBIOODmeODq+ODiOS6pOaPm+OCouODgOODl+OCv+ODvCDjg6njgrDjgrnjg4bjg7Pjg6zjgrnjgrnjg4Hjg7zjg6sgQVAg6IWV5pmC6KiI44OZ44Or44OIQXBwbGUgV2F0Y2jnlKjjg5Djg7Pjg4nkuqTmj5vjgJDjg43jgrPjg53jgrnpgIHmlpnnhKHmlpnjgJE=,44OR44O844OE44Go44OZ44Or44OI5ZCM5pmC6LO85YWl44Gn5Y+W5LuY44K144O844OT44K554Sh5paZ77yB44CQMzhtbTQybW3jgJE=,PHN0eWxlIHR5cGU9InRleHQvY3NzIiBtZWRpYT0iYWxsIj4KPCEtLQovKmxheW91dCBDb250ZW50Ki8KCiNzdWJDdHQgKntmb250LXNpemU6MTNweDttYXJnaW46MDtwYWRkaW5nOjA7bGluZS1oZWlnaHQ6MS42OyAKZm9udC1mYW1pbHk6ICJGb250QXdlc29tZSIsIkhpcmFnaW5vIEtha3UgR290aGljIFByb04iLCLjg5Ljg6njgq7jg47op5LjgrQgUHJvTiBXMyIsTWVpcnlvLCLjg6HjgqTjg6rjgqoiLE9zYWthLCJNUyBQR290aGljIiwi77yt77yzIO+8sOOCtOOCt+ODg+OCryIsc2Fucy1zZXJpZjt9CiNzdWJDdHQge3dpZHRoOjQwMHB4O30KCiNzdWJDdHQgdGR7ICBwYWRkaW5nOjEwcHg7fQojc3ViQ3R0IHRkIGJ7IGZvbnQtc2l6ZToxNHB4OyBwYWRkaW5nOjNweCA1cHg7fQojc3ViQ3R0IGhyIHsgYm9yZGVyOiAwOwpib3JkZXItYm90dG9tOiAxcHggZGFzaGVkICNjY2M7CmJhY2tncm91bmQ6ICM5OTk7Cm1hcmdpbjogOHB4IDA7fQoKI3N1YkN0dCAuaXRlbUluZm97IHdpZHRoOjM4MHB4OyBtYXJnaW46MTBweCAwIDAgMDsgcGFkZGluZzoxMHB4OyBib3JkZXI6MXB4ICM5OTk5OTkgc29saWQ7fQojc3ViQ3R0IC5pdGVtSW5mbyBoM3tib3JkZXItbGVmdDo1cHggc29saWQgIzY2NjsgYm9yZGVyLWJvdHRvbTojOTk5IHNvbGlkIDFweDsgZm9udC1zaXplOjE1cHg7IHBhZGRpbmc6M3B4IDAgM3B4IDVweDsgbWFyZ2luOjBweDt9CiNzdWJDdHQgLml0ZW1JbmZvIHB7Zm9udC1zaXplOjEycHg7IG1hcmdpbjo1cHggMCAwIDA7IHBhZGRpbmc6NXB4O30KI3N1YkN0dCAuaXRlbVNwZWN7IHdpZHRoOjM4MHB4OyBtYXJnaW46MTBweCAwIDAgMDsgcGFkZGluZzoxMHB4OyBib3JkZXI6MXB4ICM5OTk5OTkgc29saWQ7fQojc3ViQ3R0IC5pdGVtU3BlYyBoM3tib3JkZXItbGVmdDo1cHggc29saWQgIzY2NjsgYm9yZGVyLWJvdHRvbTojOTk5IHNvbGlkIDFweDsgZm9udC1zaXplOjE1cHg7IHBhZGRpbmc6M3B4IDAgM3B4IDVweDsgbWFyZ2luOjBweDt9CiNzdWJDdHQgLml0ZW1TcGVjIHB7Zm9udC1zaXplOjExcHg7IG1hcmdpbjo2cHggMCA1cHggMDsgcGFkZGluZzo1cHg7IGJvcmRlci1ib3R0b206Izk5OSBkb3R0ZWQgMXB4O30KI3N1YkN0dCBpbWcge2JvcmRlcjpub25lO30KI3N1YkN0dCAudW5kZXJTcGFjZSB7cGFkZGluZzowIDAgMTBweCAwO30KI2FzdXJha3VCb3h7cGFkZGluZzoxMHB4IDAgMTBweCAwOyB3aWR0aDo0MDBweDsgY2xlYXI6Ym90aDsgb3ZlcmZsb3c6aGlkZGVuOyB0ZXh0LWFsaWduOnJpZ2h0OyBjb2xvcjojRjAwOyBmb250LXNpemU6MTJweDsgZm9udC13ZWlnaHQ6Ym9sZDt9CgovKm90aGVyIENvbnRlbnQqLwojc3ViQ3R0IC5yZWQge2ZvbnQtd2VpZ2h0OmJvbGQ7Y29sb3I6I0ZGMDAwMDt9CiNzdWJDdHQgLnRvb2xzZXR7d2lkdGg6NDAwcHg7IG1hcmdpbjoxMHB4IDA7fQotLT4KCi8q44ON44Kz44Od44K5Ki8KCgoKI3N1YkN0dCBwewpsaXN0LXN0eWxlOm5vbmU7Cn0KCgoKCjwvc3R5bGU+CjxkaXYgaWQ9InN1YkN0dCI+CjwhLS3ilrzilrzilrzilrzjgrnjg57jg5vjga7jgrnjg5rjg4Pjgq/ooajjga/jgZPjgZPjgYvjgonjgrPjg5Tjg7zilrzilrzilrwtLT4KPHRhYmxlIGJvcmRlcj0iMCIgY2VsbHNwYWNpbmc9IjAiIGNlbGxwYWRkaW5nPSIxMCIgd2lkdGg9IjEwMCUiPgo8dHI+Cjx0aCBhbGlnbj0ibGVmdCIgYmdjb2xvcj0iIzAwMDAwMCI+PGZvbnQgY29sb3I9IiNGRkZGRkYiPuOAgOWVhuWTgeiqrOaYjjwvZm9udD48L3RoPgo8L3RyPgo8dHI+Cjx0ZD7jgqLjg4Pjg5fjg6vjgqbjgqnjg4Pjg4Hjg5njg6vjg4jkuqTmj5vnlKjjga7jgqLjg4Djg5fjgr/jg7zjgILph5HlsZ7oo73jga7jg5njg6vjg4jjgajlkIjjgo/jgZvjgabjg5/jg6njg43jg7zjgrzjg5bjg6zjgrnjgavjgIHjg4rjgqTjg63jg7Pjg5njg6vjg4jjgajlkIjjgo/jgZvjgabmsZfjgpLjgYvjgY/jgrfjg7zjg7PjgavjgoLjgIJUUE/jgavlkIjjgo/jgZvjgablub7pgJrjgorjgoLjga7jgYrmtJLokL3jgYzluoPjgYzjgorjgb7jgZnjgIIKPC90ZD4KPC90cj4KPC90YWJsZT4KCjx0YWJsZSBib3JkZXI9IjAiIGJnY29sb3I9IiMwMDAiIGNlbGxzcGFjaW5nPSIxIiBjZWxscGFkZGluZz0iMTAiIHdpZHRoPSIxMDAlIj4KPHRyPgo8dGggYWxpZ249ImxlZnQiIGNvbHNwYW49IjIiIGJnY29sb3I9IiMwMDAwMDAiPjxmb250IGNvbG9yPSIjRkZGRkZGIj7jgIDllYblk4Hjgrnjg5rjg4Pjgq88L2ZvbnQ+PC90aD4KPC90cj4KPHRyPgo8dGggYmdjb2xvcj0iI0YyRjJGMiIgd2lkdGg9IjkwIj7jgqvjg6njg7w8L3RoPgoKPHRkIGJnY29sb3I9IiNGRkZGRkYiPgrjgrfjg6vjg5Djg7zjgIBTaWx2ZXI8YnI+CuODluODqeODg+OCr+OAgEJsYWNrPGJyPgrjgqTjgqjjg63jg7zjgrTjg7zjg6vjg4njgIBZZWxsb3cgR29sZDxicj4K44Ot44O844K644K044O844Or44OJ44CAUm9zZSBHb2xkCjwvdGQ+CjwvdHI+Cgo8dHI+Cjx0aCBiZ2NvbG9yPSIjRjJGMkYyIj7ntKDmnZA8L3RoPgo8dGQgYmdjb2xvcj0iI0ZGRkZGRiI+44K544OG44Oz44Os44K544K544OB44O844OrPC90ZD4KPC90cj4KCjx0cj4KPHRoIGJnY29sb3I9IiNGMkYyRjIiPuOCteOCpOOCuuWxlemWiyA8L3RoPgo8dGQgYmdjb2xvcj0iI0ZGRkZGRiI+44CQQXBwbGUgV2F0Y2gg44Kx44O844K544K144Kk44K644CRPGJyPgozOG1tPGJyPgo0Mm1tCjwvdGQ+CjwvdHI+Cgo8L3RhYmxlPgo8YnI+Cgo8aW1nIHNyYz0iaHR0cDovL2ltYWdlLnJha3V0ZW4uY28uanAvbWFuby1hLW1hbm8vY2FiaW5ldC9iYW5uZXIvbmVrb3Bvc180MDBweC5qcGc/MSIgYWx0PSLjg43jgrPjg53jgrkiPgoKPCEtLeKWsuKWsuKWsuKWsuOCueODnuODm+OBruOCueODmuODg+OCr+ihqOOBr+OBk+OBk+OBvuOBp+OCs+ODlOODvOKWsuKWsuKWsi0tPgoKPGRpdiBpZD0iYXN1cmFrdUJveCI+4oC744COIOOBguOBmealvSDjgI/lr77lv5zjgavjgaTjgYTjgabjga7oqbPntLDjga/jgZPjgaHjgonjgpLjgZTnorroqo3jgY/jgaDjgZXjgYTvvJ7vvJ7vvJ48L2Rpdj4KCgoKCjwvZGl2PjxsaW5rIHJlbD0ic3R5bGVzaGVldCIg44CA44CA44CA44CA44CA44CA44CA44CA44CA44CA44CA44CA44CA44CA44CA44CA44CA44CAPSIiIGhyZWY9Imh0dHA6Ly93d3cucmFrdXRlbi5uZS5qcC9nb2xkL21hbm8tYS1tYW5vL2Nzcy9qaXNzZWtpX3N0eWxlLmNzcyI+CjxzdHlsZSB0eXBlPSJ0ZXh0L2NzcyI+CgouY2xlYXJmaXggewogICAgY2xlYXI6IGJvdGg7Cn0KCi5iYW5uZXIgewogICAgbWFyZ2luLXRvcDogNTBweDsKICAgIHdpZHRoOiAxMDAlOwp9CgoudGl0bGUgaDIgewogICAgYm9yZGVyLXRvcDogM3B4IHNvbGlkICM1YTMxMWI7CiAgICBjb2xvcjogIzRlMmIxODsKICAgIGJhY2tncm91bmQtY29sb3I6ICNmMGVkZWI7CiAgICBmb250LXNpemU6IDJlbTsKICAgIHRleHQtYWxpZ246IGNlbnRlcjsKICAgIHRleHQtZGVjb3JhdGlvbjogbm9uZTsKICAgIC8qIGZvbnQtc3R5bGU6IGl0YWxpYzsgKi8KICAgIGZvbnQtd2VpZ2h0OiBub3JtYWw7CiAgICBtYXJnaW46IDA7CiAgICBvdmVyZmxvdzogaGlkZGVuOwogICAgZm9udC1mYW1pbHk6ICLmuLjmmI7mnJ0iLCBZdU1pbmNobywgIkhpcmFnaW5vIE1pbmNobyBQcm9OIiwgIkhpcmFnaW5vIE1pbmNobyBQcm8iLCAi77yt77yzIOaYjuacnSIsIHNlcmlmOwp9CgphIHsKICAgIGNvbG9yOiAjNWEzMTFiOwogICAgdGV4dC1kZWNvcmF0aW9uOiBub25lOwp9CgppbWcgewogICAgYm9yZGVyOiBub25lOwogICAgdmVydGljYWwtYWxpZ246IGJvdHRvbTsKfQoKLmJhbm5lciBpbWcgewogICAgZGlzcGxheTogYmxvY2s7CiAgICB3aWR0aDogMTAwJTsKfQoKLmJhbm5lciB1bCB7CiAgICBsaXN0LXN0eWxlOiBvdXRzaWRlIG5vbmUgbm9uZTsKICAgIG1hcmdpbjogMjBweCAwOwogICAgb3ZlcmZsb3c6IGhpZGRlbjsKICAgIHBhZGRpbmc6IDA7Cn0KCi5iYW5uZXIgdWwgbGkgewogICAgZmxvYXQ6IGxlZnQ7Cn0KCi5iYW5uZXIgbGkuYmFubmVyMDEgewogICAgbWFyZ2luLXJpZ2h0OiAyLjIlOwogICAgd2lkdGg6IDQ4Ljg4JTsKfQouYmFubmVyIGxpLmJhbm5lcjAyIHsKICAgbWFyZ2luOiAyJSAwIDUlOwogICAgd2lkdGg6IDQ4Ljg4JTsKfQouYmFubmVyIGxpLmJhbm5lcjAzIHsKICAgIG1hcmdpbjogMCAwIDMlOwogICAgd2lkdGg6IDQ4Ljg4JTsKfQouYmFubmVyIGxpLmJhbm5lcjA0IHsKICAgIG1hcmdpbjogMCAwIDIlOwogICAgd2lkdGg6IDQ4Ljg4JTsKfQouYmFubmVyIGxpLmJhbm5lcjA1IHsKICAgbWFyZ2luOiAwIDAgMi4yJSAyLjIlOwogICAgd2lkdGg6IDQ4Ljg4JTsKfQouYmFubmVyIGxpLmJhbm5lcjA2IHsKICAgIG1hcmdpbjogMCAwIDIuMiU7CiAgICB3aWR0aDogNDguODglOwp9Ci5iYW5uZXIgbGkuYmFubmVyMDcgewogIG1hcmdpbjogMCAwIDIuMiUgMi4yJTsKICAgIHdpZHRoOiA0OC44OCU7Cn0KLmJhbm5lciBsaS5iYW5uZXIwOCB7CiAgIG1hcmdpbjogLTQwLjQlIDAgMDsKICAgIHdpZHRoOiA0OC44OCU7Cn0KLmJhbm5lciBsaS5iYW5uZXIwOSB7CiAgICBtYXJnaW46IC0zNyUgMCAyLjIlOwogICAgd2lkdGg6IDQ4Ljg4JTsKfQouYmFubmVyIGxpLmJhbm5lcjEwIHsKICBtYXJnaW46IC0yMi41JSAwIDA7CiAgICB3aWR0aDogNDguODglOwp9Ci5iYW5uZXIgbGkuYmFubmVyMTEgewogICAgbWFyZ2luOiAwIDAgMi4yJTsKICAgIHdpZHRoOiA0OC44OCU7Cn0KLmJhbm5lciBsaS5iYW5uZXIxMiB7CiAgICBtYXJnaW46IDAgMCAyLjIlIDIuMiU7CiAgICB3aWR0aDogNDguODglOwoKCjwvc3R5bGU+CgoKICAgICAgPCEtLSBiYW5uZXIgLS0+IAo8ZGl2IGNsYXNzPSJiYW5uZXIiPgogICAgICA8ZGl2IGNsYXNzPSJ0aXRsZSI+CiAgICAgICAgICA8aDI+U3BlY2lhbCBDb250ZW50czwvaDI+CiAgICAgICAgPC9kaXY+CiAgICAgICAgPHVsPgogICAgICAgICAgPGxpIGNsYXNzPSJiYW5uZXIwMSI+PGltZyBzcmM9Imh0dHA6Ly9pbWFnZS5yYWt1dGVuLmNvLmpwL21hbm8tYS1tYW5vL2NhYmluZXQvc3BlY2lhbC8wMDAwMDAwMzE4X2QwMC5qcGciIGFsdD0iIj48L2xpPgogICAgICAgICAgPGxpIGNsYXNzPSJiYW5uZXIwMiI+PGltZyBzcmM9Imh0dHA6Ly9pbWFnZS5yYWt1dGVuLmNvLmpwL21hbm8tYS1tYW5vL2NhYmluZXQvc2xpZGVyX21haW4vdG9wXzAwMDAwMDAyNjAuanBnIiBhbHQ9Iuaxl+OChOawtOOBq+W8t+OBhOmYsuawtOODmeODq+ODiCI+PC9saT4KICAgICAgICAgIDxsaSBjbGFzcz0iYmFubmVyMDMiPjxpbWcgc3JjPSJodHRwczovL2ltYWdlLnJha3V0ZW4uY28uanAvbWFuby1hLW1hbm8vY2FiaW5ldC9zcGVjaWFsLzAwMDAwMDAyMzhfZDAxLmpwZyIgYWx0PSJUWVBFIE5BVE8iPjwvbGk+CiAgICAgICAgICA8bGkgY2xhc3M9ImJhbm5lcjA0Ij48aW1nIHNyYz0iaHR0cDovL2ltYWdlLnJha3V0ZW4uY28uanAvbWFuby1hLW1hbm8vY2FiaW5ldC9zbGlkZXJfbWFpbi90b3BfMDAwMDAwMDEwMl8xLmpwZz8xIiBhbHQ9IuODnuODi+ODleOCoeODg+ODhuOCoyI+PC9saT4KICAgICAgICAgIDxsaSBjbGFzcz0iYmFubmVyMDUiPjxpbWcgc3JjPSJodHRwOi8vaW1hZ2UucmFrdXRlbi5jby5qcC9tYW5vLWEtbWFuby9jYWJpbmV0L3NwZWNpYWwvMDAwMDAwMDI0OF9kMDEuanBnIiBhbHQ9IuODkeODjeODqeOCpOWwgueUqOaZguioiOODmeODq+ODiCI+PC9saT4KICAgICAgICAgIDxsaSBjbGFzcz0iYmFubmVyMDQiPjxpbWcgc3JjPSJodHRwOi8vaW1hZ2UucmFrdXRlbi5jby5qcC9tYW5vLWEtbWFuby9jYWJpbmV0L2Jhbm5lci8wMDAwMDAwMjUzXzEwNzAuanBnIiBhbHQ9IuODj+ODs+ODieODoeOCpOODieOCueODiOODqeODg+ODlyI+PC9saT4KICAgICAgICAgIDxsaSBjbGFzcz0iYmFubmVyMDUiPjxpbWcgc3JjPSJodHRwOi8vaW1hZ2UucmFrdXRlbi5jby5qcC9tYW5vLWEtbWFuby9jYWJpbmV0L2Jhbm5lci8wMDAwMDAwMjg4XzEwNzAuanBnIiBhbHQ9IuODn+ODquOCv+ODquODvOOCueOCv+OCpOODq+OCpuOCqeODg+ODgeOCueODiOODqeODg+ODl+eJuembhiI+PC9saT4KICAgICAgICAgIDxsaSBjbGFzcz0iYmFubmVyMDQiPjxpbWcgc3JjPSJodHRwOi8vaW1hZ2UucmFrdXRlbi5jby5qcC9tYW5vLWEtbWFuby9jYWJpbmV0L2Jhbm5lci9yZXZpZXdfMTA3MC5qcGciIGFsdD0i44Os44OT44Ol44O844KS5pu444GE44GmNTAw5YaG5YiG44Kv44O844Od44OzR0VUIj48L2xpPgogICAgICAgICAgPGxpIGNsYXNzPSJiYW5uZXIwNSI+PGltZyBzcmM9Imh0dHA6Ly9pbWFnZS5yYWt1dGVuLmNvLmpwL21hbm8tYS1tYW5vL2NhYmluZXQvYmFubmVyL2J1Y2tsZV8xMDcwLmpwZz8xIiBhbHQ9IuODkOODg+OCr+ODq+eJuembhiI+PC9saT4KICAgICAgICAgIDxsaSBjbGFzcz0iYmFubmVyMDYiPjxpbWcgc3JjPSJodHRwOi8vaW1hZ2UucmFrdXRlbi5jby5qcC9tYW5vLWEtbWFuby9jYWJpbmV0L2Jhbm5lci9lYXN5X2NsaWNrXzEwNzAuanBnIiBhbHQ9IjIwMOWGhuOBp+edgOiEseewoeWNmOOBq++8geOCpOODvOOCuOODvOOCr+ODquODg+OCr+WKoOW3peOCteODvOODk+OCuSI+PC9saT4KICAgICAgICAgIDxsaSBjbGFzcz0iYmFubmVyMDciPjxpbWcgc3JjPSJodHRwOi8vaW1hZ2UucmFrdXRlbi5jby5qcC9tYW5vLWEtbWFuby9jYWJpbmV0L3NwZWNpYWwvMDAwMDAwMDMyMV9kMDEuanBnPzEiIGFsdD0i44Ki44OD44OX44Or56S+6KqN5a6a44OR44O844OE5LuY44OQ44Oz44OJIiBib3JkZXI9IjAiPjwvbGk+CiAgICAgICAgIDwhLS0gPGxpIGNsYXNzPSJiYW5uZXIwOCI+PGltZyBzcmM9Imh0dHA6Ly9pbWFnZS5yYWt1dGVuLmNvLmpwL21hbm8tYS1tYW5vL2NhYmluZXQvYmFubmVyL2Vhc3ljbGlja19iYW5uZXI3MzAuanBnIiBhbHQ9IuOCpOODvOOCuOODvOOCr+ODquODg+OCryI+PC9saT4tLT4KICAgICAgICAgIDxsaSBjbGFzcz0iYmFubmVyMDkiPjxpbWcgc3JjPSJodHRwOi8vaW1hZ2UucmFrdXRlbi5jby5qcC9tYW5vLWEtbWFuby9jYWJpbmV0L2Jhbm5lci93cmFwcGluZ18xMDcwLmpwZz8xIiBhbHQ9IuODl+ODrOOCvOODs+ODiOOCruODleODiOWMheijheeEoeaWmSI+PC9saT4KICAgICAgICAgIDxsaSBjbGFzcz0iYmFubmVyMTAiPjxpbWcgc3JjPSJodHRwOi8vaW1hZ2UucmFrdXRlbi5jby5qcC9tYW5vLWEtbWFuby9jYWJpbmV0L3NwZWNpYWwvc296YWlfMDFhXzAxLmpwZyIgYWx0PSIiPjwvbGk+CiAgICAgICAgICA8bGkgY2xhc3M9ImJhbm5lcjExIj48aW1nIHNyYz0iaHR0cDovL2ltYWdlLnJha3V0ZW4uY28uanAvbWFuby1hLW1hbm8vY2FiaW5ldC92b2ljZS9maXR0aW5nXzAxLmpwZz8xIiBhbHQ9IuWVhuWTgeWIpeaZguioiOODmeODq+ODiOODu+ODkOODg+OCr+ODq+ijheedgOS+iyI+PC9saT4KICAgICAgICAgIDxsaSBjbGFzcz0iYmFubmVyMTIiPjxpbWcgc3JjPSJodHRwOi8vaW1hZ2UucmFrdXRlbi5jby5qcC9tYW5vLWEtbWFuby9jYWJpbmV0L3ZvaWNlL2JyYW5kX2ZpdHRpbmdfMDEuanBnPzEiIGFsdD0i5pmC6KiI44OW44Op44Oz44OJ5Yil6KOF552A5LqL5L6LIj48L2xpPgogICAgICAgIDwvdWw+CiAgICAgICAgPC9kaXY+CiAgICAgICAgCjxkaXYgY2xhc3M9ImNsZWFyZml4Ij48L2Rpdj4KCiAgICAgICAgCiAgICAgIDwhLS0gbmV3IGl0ZW0gLS0+CiAgICAgIDxkaXYgY2xhc3M9Im5ld2l0ZW0iPgogICAgICA8ZGl2IGNsYXNzPSJ0aXRsZSI+CiAgICAgICAgICA8aDI+TmV3IEl0ZW08L2gyPgogICAgICAgIDwvZGl2PgogICAgICAgIDx1bD4KICAgICAgICAgIDxsaSBjbGFzcz0iaXRlbTAxIj48aW1nIHNyYz0iaHR0cDovL2ltYWdlLnJha3V0ZW4uY28uanAvbWFuby1hLW1hbm8vY2FiaW5ldC9iZWx0X2ltYWdlL3gwMDMwMzMzX2QwMS5qcGciIGFsdD0i44Kr44K344K544CA6IWV5pmC6KiI44OZ44Or44OI44CAVFlQRSBQQU4o44K/44Kk44OXIOODkeODsykiPjwvbGk+CiAgICAgICAgICA8bGkgY2xhc3M9Iml0ZW0wMiI+PGltZyBzcmM9Imh0dHA6Ly9pbWFnZS5yYWt1dGVuLmNvLmpwL21hbm8tYS1tYW5vL2NhYmluZXQvYmVsdF9pbWFnZS91MTAxNDAwOF9kMDEuanBnIiBhbHQ9IuOCq+OCt+OCueOAgOiFleaZguioiOODmeODq+ODiOOAgFRZUEUgUEFOKOOCv+OCpOODlyDjg5Hjg7MpIj48L2xpPgogICAgICAgICAgPGxpIGNsYXNzPSJpdGVtMDMiPjxpbWcgc3JjPSJodHRwOi8vaW1hZ2UucmFrdXRlbi5jby5qcC9tYW5vLWEtbWFuby9jYWJpbmV0L2JlbHRfaW1hZ2UveDQ0OTdiNDRfZDAxLmpwZyIgYWx0PSLjg6Ljg6zjg6njg7zjg4gg6IWV5pmC6KiI44OZ44Or44OIIFNPQ0NFUijjgrXjg4Pjgqvjg7wpIj48L2xpPgogICAgICAgICAgPGxpIGNsYXNzPSJpdGVtMDQiPjxpbWcgc3JjPSJodHRwOi8vaW1hZ2UucmFrdXRlbi5jby5qcC9tYW5vLWEtbWFuby9jYWJpbmV0L2JlbHRfaW1hZ2UveDAwMzEzMzFfZDAxLmpwZyIgYWx0PSLjgqvjgrfjgrkg6IWV5pmC6KiI44OZ44Or44OIIEdSRU5PQkxFICjjgrDjg6vjg47jg7zjg5bjg6spICI+PC9saT4KICAgICAgICAgIDxsaSBjbGFzcz0iaXRlbTA1Ij48aW1nIHNyYz0iaHR0cDovL2ltYWdlLnJha3V0ZW4uY28uanAvbWFuby1hLW1hbm8vY2FiaW5ldC9iZWx0X2ltYWdlL3UwMDI5MTY5X2QwMV8xLmpwZyIgYWx0PSLjgr/jgqTjg5fjg4fjgqPjg7zjg4Djg5bjg6rjg6Xjg7wiPjwvbGk+CiAgICAgICAgICA8bGkgY2xhc3M9Iml0ZW0wNiI+PGltZyBzcmM9Imh0dHA6Ly9pbWFnZS5yYWt1dGVuLmNvLmpwL21hbm8tYS1tYW5vL2NhYmluZXQvYmVsdF9pbWFnZS94NDgwOGI3MV9kMDEuanBnIiBhbHQ9IuODnuOCteODg+ODgeOCqiI+PC9saT4KICAgICAgICAgIDxsaSBjbGFzcz0iaXRlbTA3Ij48aW1nIHNyYz0iaHR0cDovL2ltYWdlLnJha3V0ZW4uY28uanAvbWFuby1hLW1hbm8vY2FiaW5ldC9iZWx0X2ltYWdlL3g0ODA3Yjk1X2QwMS5qcGciIGFsdD0i44Oi44OH44Kj44Oq44Ki44O844OLIj48L2xpPgogICAgICAgICAgPGxpIGNsYXNzPSJpdGVtMDgiPjxpbWcgc3JjPSJodHRwOi8vaW1hZ2UucmFrdXRlbi5jby5qcC9tYW5vLWEtbWFuby9jYWJpbmV0L2JlbHRfaW1hZ2UveDEwMjIyMzhfZDAxLmpwZyIgYWx0PSLjgqvjgrfjgrkg6IWV5pmC6KiI44OZ44Or44OIIEFWQUxMT04gKOOCouODkOODreODsykgIj48L2xpPgogICAgICAgIDwvdWw+CiAgICAgIDwvZGl2Pgo8ZGl2IGNsYXNzPSJjbGVhcmZpeCI+PC9kaXY+,44Ki44OD44OX44Or44Km44Kp44OD44OBIOODmeODq+ODiOS6pOaPm+OCouODgOODl+OCv+ODvCDjg6njgrDjgrnjg4bjg7Pjg6zjgrnjgrnjg4Hjg7zjg6sgQVAg6IWV5pmC6KiI44OZ44Or44OIQXBwbGUgV2F0Y2jnlKjjg5Djg7Pjg4nkuqTmj5vjgJDjg43jgrPjg53jgrnpgIHmlpnnhKHmlpnjgJHvvJpNQU5PLUEtTUFOT+OAkOaZguioiOODmeODq+ODiOWwgumWgOW6l+OAkQ==,5pmC6KiI44OZ44Or44OI5pmC6KiI44OQ44Oz44OJ44Oi44Os44Op44O844OI44Oq44Oc44Oz44OZ44Or44OI6IWV5pmC6KiI44OQ44Oz44OJ44OK44OI44O844K/44Kk44OXbW9yZWxsYXRv5pmC6KiI44OZ44Or44OI5Lqk5o+b44Ov44OL44OI44Kr44Ky44OW44Op44Kk44OI44Oq44Oz44Kw6Z2p44OZ44Or44OI6Z2p44OQ44Oz44OJ55qu6Z2p44OQ44Oz44OJ44OZ44Or44OI5pmC6KiI44OR44O844OE5pmC6KiI6YOo5ZOB44Ks44Or44O844K344Oj44OR44ON44Op44Kk44Ki44OD44OX44Or44Km44Kp44OD44OBIOODmeODq+ODiOS6pOaPm+OCouODgOODl+OCv+ODvCDjg6njgrDjgrnjg4bjg7Pjg6zjgrnjgrnjg4Hjg7zjg6sgQVAg6IWV5pmC6KiI44OZ44Or44OIQXBwbGUgV2F0Y2jnlKjjg5Djg7Pjg4nkuqTmj5vjgJDjg43jgrPjg53jgrnpgIHmlpnnhKHmlpnjgJE=,44OR44O844OE44Go44OZ44Or44OI5ZCM5pmC6LO85YWl44Gn5Y+W5LuY44K144O844OT44K554Sh5paZ77yB44CQMzhtbTQybW3jgJHjgILjgqLjg4Pjg5fjg6vjgqbjgqnjg4Pjg4Eg44OZ44Or44OI5Lqk5o+b44Ki44OA44OX44K/44O8IOODqeOCsOOCueODhuODs+ODrOOCueOCueODgeODvOODqyBBUCDohZXmmYLoqIjjg5njg6vjg4hBcHBsZSBXYXRjaOeUqOODkOODs+ODieS6pOaPm+OAkOODjeOCs+ODneOCuemAgeaWmeeEoeaWmeOAkQ==[rn]
22-59928,aHR0cDovL3RzaG9wLnIxMHMuanAvdHJhZGVkZXNpZ24vY2FiaW5ldC9zbWFydC9zdGFuZDAwNW5uLmpwZz9maXRpbj03MDA6NzAw,MzEwNC4wMDAw,,6IWV5pmC6KiIID4g6IWV5pmC6KiI55So44Ki44Kv44K744K144Oq44O8ID4g6IWV5pmC6KiI55So44OZ44Or44OI44O744OQ44Oz44OJ,44Ki44OD44OX44Or44Km44Kp44OD44OBIOODkOODs+ODiSDjg57jgrDjg43jg4Pjg4gg44Of44Op44ON44O844K844Or44O844OXIOOCueODneODvOODhOODkOODs+ODiSDnsKHljZjkuqTmj5sg6YeR5bGe6KO9IOOCueODhuODs+ODrOOCuSAzOG1tIDQybW3mmYLoqIjnlKjjg5njg6vjg4gg44Ki44OA44OX44K/44O85LuY44GNIEFwcGxlIFdhdGNoIFNwb3J044CQ44Oh44O844Or5L6/6YCB5paZ54Sh5paZ44CR,44Ki44OD44OX44Or44Km44Kp44OD44OB44CA5Lqk5o+b44OQ44Oz44OJQXBwbGUgd2F0Y2g=,,44Ki44OD44OX44Or44Km44Kp44OD44OBIOODkOODs+ODiSDjg57jgrDjg43jg4Pjg4gg44Of44Op44ON44O844K844Or44O844OXIOOCueODneODvOODhOODkOODs+ODiSDnsKHljZjkuqTmj5sg6YeR5bGe6KO9IOOCueODhuODs+ODrOOCuSAzOG1tIDQybW3mmYLoqIjnlKjjg5njg6vjg4gg44Ki44OA44OX44K/44O85LuY44GNIEFwcGxlIFdhdGNoIFNwb3J044CQ44Oh44O844Or5L6/6YCB5paZ54Sh5paZ44CR77ya44Op44K544OI44Ob44OT44O8,QkJS44Of44OL44Kr44O8TVLjgrPjg6zjgq/jgrfjg6fjg7Plu7roqK3mqZ/morDmqKHlnovjgq/jg6zjg7zjg7PmqKHlnovjg4jjg6zjg7zjg6njg7zmqKHlnovjgrnjgr/jg7zjgqbjgqnjg7zjgrrjgrfjg6Xjgr/jgqTjg5Xjg4bjg4fjgqPjg5njgqLjg5Xjgqfjg6njg7zjg6rjg5/jg4vjgqvjg7zjg6njg7Pjg5zjg6vjgq7jg7zjg4vjg5/jg4vjgqvjg7zjg4/jg63jgqbjgqPjg7PjgrPjgrnjg4Hjg6Xjg7zjg6Djg4fjgqPjgrrjg4vjg7zlpJblm73piYTpgZPmqKHlnotH44Ky44O844K4SE/jgrLjg7zjgrjjg6njgqTjg4jjgrvjg7zjg5Djg7zjgqLjg4Pjg5fjg6vjgqbjgqnjg4Pjg4Eg44OQ44Oz44OJIOODnuOCsOODjeODg+ODiCDjg5/jg6njg43jg7zjgrzjg6vjg7zjg5cg44K544Od44O844OE44OQ44Oz44OJIOewoeWNmOS6pOaPmyDph5HlsZ7oo70g44K544OG44Oz44Os44K5IDM4bW0gNDJtbeaZguioiOeUqOODmeODq+ODiCDjgqLjg4Djg5fjgr/jg7zku5jjgY0gQXBwbGUgV2F0Y2ggU3BvcnTjgJDjg6Hjg7zjg6vkvr/pgIHmlpnnhKHmlpnjgJE=,44Ki44OD44OX44Or44Km44Kp44OD44OB44CA5Lqk5o+b44OQ44Oz44OJQXBwbGUgd2F0Y2jjgILjgqLjg4Pjg5fjg6vjgqbjgqnjg4Pjg4Eg44OQ44Oz44OJIOODnuOCsOODjeODg+ODiCDjg5/jg6njg43jg7zjgrzjg6vjg7zjg5cg44K544Od44O844OE44OQ44Oz44OJIOewoeWNmOS6pOaPmyDph5HlsZ7oo70g44K544OG44Oz44Os44K5IDM4bW0gNDJtbeaZguioiOeUqOODmeODq+ODiCDjgqLjg4Djg5fjgr/jg7zku5jjgY0gQXBwbGUgV2F0Y2ggU3BvcnTjgJDjg6Hjg7zjg6vkvr/pgIHmlpnnhKHmlpnjgJE=[rn]
22-59929,aHR0cDovL3RzaG9wLnIxMHMuanAvbGl2ZWx5bGlmZS9jYWJpbmV0L3cvNjAwMDA0LzYwMDAwNC0wMS5qcGc/Zml0aW49NzAwOjcwMA==,MzE4NC4wMDAw,,6IWV5pmC6KiIID4g6IWV5pmC6KiI55So44Ki44Kv44K744K144Oq44O8ID4g6IWV5pmC6KiI55So44OZ44Or44OI44O744OQ44Oz44OJ,QXBwbGUgd2F0Y2ggc2VyaWVzIDIg44OQ44Oz44OJIOODn+ODqeODjeODvOOCvOODq+ODvOODlyDjgqLjg4Pjg5fjg6vjgqbjgqnjg4Pjg4Eg44OZ44Or44OIIOS6pOaPmyDjg6Hjg4Pjgrfjg6Ug44OZ44Or44OIIOODnuOCsOODjeODg+ODiOOCr+ODqeOCueODlyAzOG1tIDQybW0g5pmC6KiI55So44OZ44Or44OI,44CQ44Od44Kk44Oz44OIMTDlgI3jgJHjgrnjg4bjg7Pjg6zjgrnjgrnjg4Hjg7zjg6vjg6Hjg4Pjgrfjg6XjgpLnuZTjgorovrzjgb8=,PGRpdj4gICAgICA8aW1nIHNyYz0iaHR0cDovL2ltYWdlLnJha3V0ZW4uY28uanAvbGl2ZWx5bGlmZS9jYWJpbmV0L2V2ZW50L3ByZXNlbnQyXzc2MHg3MDAuanBnIiB3aWR0aD0iMzkyIj4gICAgPC9kaXY+CgoKCjxicj48ZGl2PiAgPGltZyBzcmM9Imh0dHBzOi8vaW1hZ2UucmFrdXRlbi5jby5qcC9zbWFob3NlcnZpY2UvY2FiaW5ldC9tYXJhdGhvbi8yMDE3MDUwNl8zMDBvZmYuZ2lmIiB3aWR0aD0iMzkyIj4gPC9kaXY+PGJyPjxkaXY+ICAgICAgPGltZyBzcmM9Imh0dHBzOi8vaW1hZ2UucmFrdXRlbi5jby5qcC9zbWFob3NlcnZpY2UvY2FiaW5ldC9tYXJhdGhvbi8yMDE3MDUwNl81MDBvZmYuZ2lmIiB3aWR0aD0iMzkyIj4gICAgPC9kaXY+PGJyPjxkaXY+ICAgICAgPGltZyBzcmM9Imh0dHBzOi8vaW1hZ2UucmFrdXRlbi5jby5qcC9zbWFob3NlcnZpY2UvY2FiaW5ldC9tYXJhdGhvbi8yMDE3MDUwNl8xMDAwb2ZmLmdpZiIgd2lkdGg9IjM5MiI+ICAgIDwvZGl2Pjxicj48ZGl2PiAgICAgIDxpbWcgc3JjPSJodHRwczovL2ltYWdlLnJha3V0ZW4uY28uanAvc21haG9zZXJ2aWNlL2NhYmluZXQvbWFyYXRob24vMjAxNzA1MDZfMTUwMG9mZi5naWYiIHdpZHRoPSIzOTIiPiAgICA8L2Rpdj48YnI+PGRpdj4gICAgICA8aW1nIHNyYz0iaHR0cHM6Ly9pbWFnZS5yYWt1dGVuLmNvLmpwL3NtYWhvc2VydmljZS9jYWJpbmV0L21hcmF0aG9uLzIwMTcwNTA2XzIwMDBvZmYuZ2lmIiB3aWR0aD0iMzkyIj4gICAgICAgICA8aW1nIHNyYz0iaHR0cDovL3d3dy5yYWt1dGVuLm5lLmpwL2dvbGQvbGl2ZWx5bGlmZS90b3AvaGVhZGVyLzEyMjZ4NDYwL2lwaG9uZTcuanBnIiB3aWR0aD0iMzkyIj4gICAgPC9kaXY+Cjxicj4KPGRpdj4gICAgICA8aW1nIHNyYz0iaHR0cDovL3d3dy5yYWt1dGVuLm5lLmpwL2dvbGQvbGl2ZWx5bGlmZS90b3AvaGVhZGVyLzEyMjZ4NDYwL2l3YXRjaC5qcGciIHdpZHRoPSIzOTIiPiAgICA8L2Rpdj4KPGJyPgo8ZGl2PiAgICAgIDxpbWcgc3JjPSJodHRwOi8vd3d3LnJha3V0ZW4ubmUuanAvZ29sZC9saXZlbHlsaWZlL3RvcC9oZWFkZXIvMTIyNng0NjAvaXBhZGNhc2UuanBnIiB3aWR0aD0iMzkyIj4gICAgPC9kaXY+Cjxicj4KPGJyPjxicj4KCjx0YWJsZSB3aWR0aD0iMzkyIiBib3JkZXI9IjAiIGNlbGxwYWRkaW5nPSI1ImNlbGxzcGFjaW5nPSIxIiBiZ2NvbG9yPSIjOWY5ZTllIiBhbGlnbj0icmlnaHQiPgo8dHI+Cjx0ZCBiZ2NvbG9yPSIjZTllN2U4Ij48Zm9udCBzaXplPSIyIiBjb2xvcj0iI0VFNzYwMCI+PGI+4piF5a++5b+c5qmf56iuPC9iPjwvZm9udD48L3RkPgo8L3RyPgo8dHI+Cjx0ZCBiZ2NvbG9yPSIjZmZmZmZmIj48Zm9udCBzaXplPSIyIj48cD4K44O7QXBwbGUgV2F0Y2g8YnIgLz4K44O7QXBwbGUgV2F0Y2ggU3BvcnQgPGJyIC8+CuODu0FwcGxlIFdhdGNoIEVkaXRpb248YnIgLz4K44O7QXBwbGUgV2F0Y2ggU2VyaWVzIDI8YnIgLz4KCgo8L3A+CiAgPC9mb250PjwvdGQ+CjwvdHI+Cgo8dHI+Cjx0ZCBiZ2NvbG9yPSIjZTllN2U4Ij48Zm9udCBzaXplPSIyIiBjb2xvcj0iI0VFNzYwMCI+PGI+4piF5a++5b+c44K144Kk44K6PC9iPjwvZm9udD48L3RkPgo8L3RyPgo8dHI+Cjx0ZCBiZ2NvbG9yPSIjZmZmZmZmIiA+PGZvbnQgc2l6ZT0iMiI+CuODuzM4bW08YnIgLz4K44O7NDJtbQo8L2ZvbnQ+PC90ZD4KPC90cj4KCgo8dHI+Cjx0ZCBiZ2NvbG9yPSIjZTllN2U4Ij48Zm9udCBzaXplPSIyIiBjb2xvcj0iI0VFNzYwMCI+PGI+4piF57Sg5p2QPC9iPjwvZm9udD48L3RkPgo8L3RyPgo8dHI+Cjx0ZCBiZ2NvbG9yPSIjZmZmZmZmIiA+PHA+PGZvbnQgc2l6ZT0iMiI+44O7MzE2TCDjgrnjg4bjg7Pjg6zjgrnjgrnjg4Hjg7zjg6s8L2ZvbnQ+PC9wPgogPC90ZD4KPC90cj4KCjx0cj4KPHRkIGJnY29sb3I9IiNlOWU3ZTgiPjxmb250IHNpemU9IjIiIGNvbG9yPSIjRUU3NjAwIj48Yj7imIXopo/moLw8L2I+PC9mb250PjwvdGQ+CjwvdHI+Cjx0cj4KPHRkIGJnY29sb3I9IiNmZmZmZmYiID48cD48Zm9udCBzaXplPSIyIj7jg7vph43jgZXvvJo1OGcoMzhtbeOCteOCpOOCuikgNzZnKDQybW3jgrXjgqTjgropPGJyPuODu+mVt+OBle+8mjI1NW1tPGJyPuODu+W5he+8mjIwbW0oMzhtbeOCteOCpOOCuikgMjJtbSg0Mm1t44K144Kk44K6KTwvZm9udD48L3A+CiA8L3RkPgo8L3RyPgoKCgoKCjx0cj4KPHRkIGJnY29sb3I9IiNlOWU3ZTgiPjxmb250IHNpemU9IjIiIGNvbG9yPSIjRUU3NjAwIj48Yj7imIXnlJ/nlKPlm708L2I+PC9mb250PjwvdGQ+CjwvdHI+Cjx0cj4KPHRkIGJnY29sb3I9IiNmZmZmZmYiID48Zm9udCBzaXplPSIyIj4K44O75Lit5Zu9PC9mb250Pgo8L3RkPgo8L3RyPgoKPHRyPgo8dGQgYmdjb2xvcj0iI2U5ZTdlOCI+PGZvbnQgc2l6ZT0iMiIgY29sb3I9IiNFRTc2MDAiPjxiPuKYheazqOaEj+S6i+mgheKYhTwvYj48L2ZvbnQ+PC90ZD4KPC90cj4KPHRyPgo8dGQgYmdjb2xvcj0iI2ZmZmZmZiI+PHA+PGZvbnQgc2l6ZT0iMiI+CuKAu+aSruW9seOBrueCuuOAgeeUu+izquetieOBrumWouS/guS4iuOAgeiJsuOBquOBqeOBjOWun+mam+OBruWVhuWTgeOBqOiLpeW5sumBleOBo+OBpuOBl+OBvuOBhuOBk+OBqOOCguOBguOCi+OBi+OCguOBl+OCjOOBvuOBm+OCk+OBjOOBlOeQhuino+OBruOBu+OBqeOBlOWFpeacreOBj+OBoOOBleOBhOOAguS6iOOCgeOBlOS6huaJv+OBj+OBoOOBleOBhOOAgjxicj48L2ZvbnQ+Cjxmb250IHNpemU9IjIiPuKAu+ijvemAoOaZguacn+OBq+OCiOOCiuODh+OCtuOCpOODs+OChOS7leanmOOBq+iLpeW5suOBruWkieabtOOBjOOBguOCi+WgtOWQiOOBjOOBlOOBluOBhOOBvuOBmeOAguS6iOOCgeOBlOS6huaJv+OBj+OBoOOBleOBhOOAggogIDwvZm9udD48L3RkPgo8L3RyPgoKPHRyPgo8dGQgaGVpZ2h0PSIyNSIgYmdjb2xvcj0iI2U5ZTdlOCI+PGZvbnQgc2l6ZT0iMiIgY29sb3I9IiNFRTc2MDAiPjxiPuKYhemFjemAgeOBq+OBpOOBhOOBpjwvYj48L2ZvbnQ+PC90ZD4KPC90cj4KCjx0cj4KPHRkIGJnY29sb3I9IiNmZmZmZmYiPjxwPjxmb250IHNpemU9IjIiIGNvbG9yPSIjRkYwMDAwIj7igLvlkIzjgZjms6jmlofjgacy54K55Lul5LiK44GU6LO85YWl6aCC44GP5aC05ZCI44Gr44Gv44CB5YiG44GR44Gm55m66YCB5Y+v6IO95oCn44GM44GU44GW44GE44G+44GZ44CCCjwvZm9udD48YnI+CgogIDxmb250IHNpemU9IjIiPuKAu+S4gOaZguasoOWTgeOBrumam+OBr+OAgeOBlOazqOaWh+mgguOBhOOBpjTvvZ435pel44Gu5YWl6I2344Go44Gq44KK44G+44GZ44CCPGJyPjwvZm9udD4KICA8Zm9udCBzaXplPSIyIj7igLvkuIfjgYzkuIDjgZTlh7rojbfjgYzpgYXjgozjgovloLTlkIjjga/jg6Hjg7zjg6vjgafjgZTpgKPntaHoh7TjgZfjgb7jgZnjgII8YnI+PC9mb250PgogIDxmb250IHNpemU9IjIiPuKAu+ebtOaOpeS7leWFpeWFiOOBi+OCieOBrueZuumAgeOBmeOCi+WgtOWQiOOBjOOBguOCiuOBvuOBmeOAgjxicj48L2ZvbnQ+CiAgPGZvbnQgc2l6ZT0iMiI+4oC744OR44OD44Kx44O844K444KE6KGj6KOF566x44GM5LqI5ZGK54Sh44GP5aSJ5pu044Gr44Gq44KL5aC05ZCI44GM44GU44GW44GE44G+44GZ44CCPGJyPjwvZm9udD4KICA8Zm9udCBzaXplPSIyIj7igLvjg6Hjg7zjgqvjg7zlrozlo7Ljga7pmpvjga/jgZTlrrnotabjgY/jgaDjgZXjgYTjgII8YnI+PC9mb250PgogIDwvdGQ+CjwvdHI+Cgo8L3RhYmxlPjxpbWcgc3JjPSJodHRwczovL2ltYWdlLnJha3V0ZW4uY28uanAvc21haG9zZXJ2aWNlL2NhYmluZXQvbWFyYXRob24vMjAxNzA1MDZfbWFyYXRob25fMTAuZ2lmIiB3aWR0aD0iNzYwIj48YnI+Cjx0YWJsZT4KPHRyPgo8dGQ+CjxpbWcgc3JjPSJodHRwOi8vaW1hZ2UucmFrdXRlbi5jby5qcC9saXZlbHlsaWZlL2NhYmluZXQvY291cG9uLzEwMG9mZl8zMDB4MzAwLmpwZyIgYWx0PSIy54K5Y291cG9uIiB3aWR0aD0yNTM+CjwvdGQ+Cjx0ZD4KPGltZyBzcmM9Imh0dHA6Ly9pbWFnZS5yYWt1dGVuLmNvLmpwL2xpdmVseWxpZmUvY2FiaW5ldC9jb3Vwb24vMjUwb2ZmXzMwMHgzMDAuanBnIiBhbHQ9IjPngrljb3Vwb24iIHdpZHRoPTI1Mz4KPC90ZD4KCjx0ZD4KPGltZyBzcmM9Imh0dHA6Ly9pbWFnZS5yYWt1dGVuLmNvLmpwL2xpdmVseWxpZmUvY2FiaW5ldC9jb3Vwb24vNDAwb2ZmXzMwMHgzMDAuanBnIiBhbHQ9IjTngrljb3Vwb24iIHdpZHRoPTI1Mz4=,QXBwbGUgd2F0Y2ggc2VyaWVzIDIg44OQ44Oz44OJIOODn+ODqeODjeODvOOCvOODq+ODvOODlyDjgqLjg4Pjg5fjg6vjgqbjgqnjg4Pjg4Eg44OZ44Or44OIIOS6pOaPmyDjg6Hjg4Pjgrfjg6Ug44OZ44Or44OIIOODnuOCsOODjeODg+ODiOOCr+ODqeOCueODlyAzOG1tIDQybW0g5pmC6KiI55So44OZ44Or44OI77yaTGl2ZWx5IGxpZmU=,QXBwbGUgd2F0Y2ggc2VyaWVzIDIg44OQ44Oz44OJIOODn+ODqeODjeODvOOCvOODq+ODvOODlyDjgqLjg4Pjg5fjg6vjgqbjgqnjg4Pjg4Eg44OZ44Or44OIIOS6pOaPmyDjg6Hjg4Pjgrfjg6Ug44OZ44Or44OIIOODnuOCsOODjeODg+ODiOOCr+ODqeOCueODlyAzOG1tIDQybW0g5pmC6KiI55So44OZ44Or44OI,44CQ44Od44Kk44Oz44OIMTDlgI3jgJHjgrnjg4bjg7Pjg6zjgrnjgrnjg4Hjg7zjg6vjg6Hjg4Pjgrfjg6XjgpLnuZTjgorovrzjgb/jgIJBcHBsZSB3YXRjaCBzZXJpZXMgMiDjg5Djg7Pjg4kg44Of44Op44ON44O844K844Or44O844OXIOOCouODg+ODl+ODq+OCpuOCqeODg+ODgSDjg5njg6vjg4gg5Lqk5o+bIOODoeODg+OCt+ODpSDjg5njg6vjg4gg44Oe44Kw44ON44OD44OI44Kv44Op44K544OXIDM4bW0gNDJtbSDmmYLoqIjnlKjjg5njg6vjg4g=[rn]
22-59930,aHR0cDovL3RzaG9wLnIxMHMuanAvZ29sZC9sb29mLXNob3AvcGljdHVyZS9ob2NvL3RvcC5qcGc/Zml0aW49NzAwOjcwMA==,NDc4NC4wMDAw,,6IWV5pmC6KiIID4g6IWV5pmC6KiI55So44Ki44Kv44K744K144Oq44O8ID4g6IWV5pmC6KiI55So44OZ44Or44OI44O744OQ44Oz44OJ,aG9jbyBzbGltZml0IEFwcGxlIHdhdGNoIDM4bW0gNDJtbSDjgrnjg4bjg7Pjg6zjgrnjgrnjg4Hjg7zjg6sg44OZ44Or44OIICDpq5jntJog44Ki44Or44OfIOODmeODq+ODiCDkuqTmj5vjg5njg6vjg4gg6YeR5YW3IOS7mOOBjSDjg6njgrAg5LuY44GNIOOCouODgOODl+OCv+ODvCDjgrnjg4bjg7Pjg6zjgrnpi7wg44K544OG44Oz44Os44K5IOODoeODvOOCq+ODvOato+imj+WTgSDplbfjgZXoqr/nr4Dlmajlhbfku5jjgY0g6Lu96YePIOWNs+e0jSAwNVAwM0RlYzE2,44Od44Kk44Oz44OINeWAjeOBguOBmealveWvvuW/nCDplbfjgZXoqr/nr4Dlmajlhbfku5jjgY0=,PGh0bWw+CjxoZWFkPgo8bWV0YSBodHRwLWVxdWl2PSJDb250ZW50LVR5cGUiIGNvbnRlbnQ9InRleHQvaHRtbDsgY2hhcnNldD1ldWMtanAiIC8+Cjx0aXRsZT7llYblk4HoqqzmmI7liIY8L3RpdGxlPgo8L2hlYWQ+CjxzdHlsZT4KCi50b3AgewpiYWNrZ3JvdW5kOnVybChodHRwczovL2ltYWdlLnJha3V0ZW4uY28uanAvbG9vZi1zaG9wL2NhYmluZXQvMDM4MTQ0MTkvaW1nNjc5MDU0NDUuZ2lmKTsKICAgIGNvbG9yOiAjRkZGRkZGOwogICAgZm9udC1zaXplOiAxNHB4OwogICAgZm9udC13ZWlnaHQ6IGJvbGQ7CiAgICB0ZXh0LWFsaWduOiBjZW50ZXI7CiAgICB3aWR0aDogODAwcHg7IGRpc3BsYXk6YmxvY2s7IGhlaWdodDoyNXB4OyBsaW5lLWhlaWdodDoyNXB4OyB3aWR0aDo4MTZweDsgbWFyZ2luOjAgMCA1IDAKCn0KCgoKLmRvd24gewpiYWNrZ3JvdW5kOnVybChodHRwczovL2ltYWdlLnJha3V0ZW4uY28uanAvbG9vZi1zaG9wL2NhYmluZXQvMDM4MTQ0MTkvaW1nNjc5MDU0NDQuZ2lmKTsKICAgIGNvbG9yOiAjRkZGRkZGOwogICAgZm9udC1zaXplOiAxNHB4OwogICAgZm9udC13ZWlnaHQ6IGJvbGQ7CiAgICB0ZXh0LWFsaWduOiBjZW50ZXI7CiAgICB3aWR0aDogODAwcHg7IGRpc3BsYXk6YmxvY2s7IGhlaWdodDoyNXB4OyBsaW5lLWhlaWdodDoyNXB4OyB3aWR0aDo4MTZweDsgbWFyZ2luOjUgMCAwIDAKCn0KCnRhYmxlLm9uZQogIHsKICBib3JkZXItY29sbGFwc2U6Y29sbGFwc2U7CiAgbWFyZ2luOjAgMCAwIDA7CiAgfQoKdGQuZml2ZQogIHsKICBwYWRkaW5nOjJweDsKICB9CiAgCnRkLnNpeAogIHsKICB0ZXh0LWFsaWduOmNlbnRlcjsKICBwYWRkaW5nOjJweDsKICB9CgoKPC9zdHlsZT4KCgo8ZGl2IHN0eWxlPSJ3aWR0aDo4MTZweDsgbWFyZ2luOjBweCAwIDAgMHB4Ij4KPC9kaXY+Cgo8cCBjbGFzcz0idG9wIj4KCuWVhuWTgeiqrOaYjgoKPC9wPgoKPGRpdj4KCjx0YWJsZSBjbGFzcz0ib25lIiB3aWR0aD0iODAwIiBib3JkZXI9IjEiPgogIDx0cj4KICAgIDx0ZCBjbGFzcz0ic2l4IiB3aWR0aD0iMTAwIj48Yj7lr77lv5zmqZ/nqK48L2I+PC90ZD4KICAgIDx0ZCBjbGFzcz0iZml2ZSI+QXBwbGUgd2F0Y2ggMzhtbS80Mm1tIFNQT1JUL0VESVRJT048L3RkPgogIDwvdHI+CiAgCiAgPHRyPgogICAgPHRkICBjbGFzcz0ic2l4Ij48Yj7jgrvjg4Pjg4jlhoXlrrk8L2I+PC90ZD4KICAgIDx0ZCBjbGFzcz0iZml2ZSI+44OZ44Or44OI5pys5L2T44CB6ZW344GV6Kq/56+A5Zmo5YW3PC90ZD4KICA8L3RyPgogIAogICA8dHI+CiAgICA8dGQgaGVpZ2h0PSIzMSIgIGNsYXNzPSJzaXgiID48Yj7mnZDos6o8L2I+PC90ZD4KICAgIDx0ZCAgY2xhc3M9ImZpdmUiPuOCueODhuODs+ODrOOCueOCueODgeODvOODqzwvdGQ+CiAgPC90cj4KICAKICA8dHI+CiAgICA8dGQgaGVpZ2h0PSI0MCIgIGNsYXNzPSJzaXgiPjxiPueJueW+tDwvYj48L3RkPgogICAgPHRkICBjbGFzcz0iZml2ZSI+44K344Oz44OX44Or44Gq44OH44K244Kk44Oz44Gr57K+5a+G44Gq6Kit6KiI44CB6ICQ5LmF5oCn44GM5oqc576k44Gq44K544OG44Oz44Os44K544K544OB44O844Or44KS5L2/55So44CB6auY57Sa5oSf44GM5rqi44KM44KLQXBwbGUgV2F0Y2jkuqTmj5vjg5njg6vjg4jjgafjgZnjgII8L3RkPgogIDwvdHI+Cgo8dHI+CiAgICA8dGQgIGNsYXNzPSJzaXgiPjxiPuazqOaEj+S6i+mghTwvYj48L3RkPgogICAgPHRkICBjbGFzcz0iZml2ZSI+PGI+4oC75LiA6YOo6Ly45YWl5ZOB44Gu44OR44OD44Kx44O844K444Gv6Ly45YWl5Zu944Gu6KiA6Kqe44GM6KiY6LyJ44GV44KM44Gm44GK44KK44G+44GZ44CCPGJyPjxicj4KICAgIOKAu+W8iuekvuaMh+WumumFjemAgeaWueazleOBruWgtOWQiOOAgeS9k+epjeOBruWItumZkOOBjOOBguOCiuOAgemFjemAgeOBrumam+OAgeODkeODg+OCseODvOOCuOOBq+WkmuWwkeOBruODgOODoeODvOOCuOOCkuS4juOBiOOCi+WPr+iDveaAp+OBjOOBlOOBluOBhOOBvuOBmeOBruOBp+OAgeOBguOCieOBi+OBmOOCgeOBlOS6huaJv+OBj+OBoOOBleOBhOOAgjxicj4KCgoKICAgIDxicj4KICAgIOKAu+S4iuiomOS7peWkluOBruapn+eoruOBq+OBlOS9v+eUqOOBl+OBquOBhOOBp+OBj+OBoOOBleOBhOOAgjwvYj48L3RkPgogIDwvdHI+CjwvdGFibGU+Cgo8L2Rpdj4KCgo8cCBjbGFzcz0iZG93biI+CgrlhpnnnJ/jgajlrp/nianjga7llYblk4Hjga7oibLlkIjjgYTjgYzjgIHjgZTkvb/nlKjjga5QQ+ODouODi+OCv+ODvOOAgeOCueODnuODvOODiOODleOCqeODs+OBrua2suaZtuOBq+OCiOOCiuOAgeiLpeW5sueVsOOBquOCi+OBk+OBqOOCguOBlOOBluOBhOOBvuOBmeOAgiA8L3A+CgoKPC9odG1sPjxkaXYgc3R5bGU9IndpZHRoOjgwMHB4OyBtYXJnaW46MTVweCAwIDAgMDsiPgo8L2Rpdj4KCgo8c3R5bGUgdHlwZT0idGV4dC9jc3MiPgo8IS0tCgoucmVhZG1vcmUgbGFiZWwgewogICAgZm9udDoxOHB4ICLjg5Ljg6njgq7jg47op5LjgrQgUHJvIFczIiwgIkhpcmFnaW5vIEtha3UgR290aGljIFBybyIsICLjg6HjgqTjg6rjgqoiLCBNZWlyeW8sIE9zYWthLCAi77yt77yzIO+8sOOCtOOCt+ODg+OCryIsICJNUyBQR290aGljIiwgc2Fucy1zZXJpZjsKICAgIHdpZHRoOiAyNDBweDsKICAgIGNvbG9yOiAjZmZmOwogICAgdGV4dC1hbGlnbjogY2VudGVyOwogICAgYm9yZGVyLXJhZGl1czogM3B4OwogICAgYmFja2dyb3VuZDogIzlhMDAwMDsKICAgIHBhZGRpbmc6IDhweDsKICAgIG1hcmdpbjogNTAgYXV0bzsKICAgIGRpc3BsYXk6IGJsb2NrOwogICAgY3Vyc29yOiBwb2ludGVyOwp9Ci5yZWFkbW9yZSBpbnB1dC5zd2l0Y2h7CiAgICBkaXNwbGF5OiBub25lOwp9Ci5yZWFkbW9yZSAuc2hvd18yIHsKICAgIHRyYW5zaXRpb246IGFsbCAwLjhzOwogICAgaGVpZ2h0OiAwOwogICAgb3ZlcmZsb3c6IGhpZGRlbjsKICAgIG1hcmdpbjoyMHB4IDAgMCAtNXB4Owp9Ci5yZWFkbW9yZSBpbnB1dC5zd2l0Y2g6Y2hlY2tlZCArIGxhYmVsIHsKICAgIGRpc3BsYXk6IG5vbmU7Cn0KLnJlYWRtb3JlIGlucHV0LnN3aXRjaDpjaGVja2VkICsgbGFiZWwgKyAuc2hvd18yewogICAgaGVpZ2h0OiAzMzBweDvjgIAvKuOCr+ODquODg+OCr+OBl+OBpuWHuuOBpuOBj+OCi+mrmOOBlSovCn0KCi0tPgo8L3N0eWxlPgoKPGRpdiBjbGFzcz0icmVhZG1vcmUiPgogICAgPGRpdiBjbGFzcz0ic2hvd18xIj4KCiAgICA8IS0t44GT44GT44Gr5Yid44KB44GL44KJ6KGo56S644GV44Gb44Gm44GK44GP5YaF5a6544KS6KiY6L+wIC0tPgoKICAgIDwvZGl2PgogICAgPGlucHV0IHR5cGU9ImNoZWNrYm94IiBpZD0icmVhZG1vcmVfYnRuIiBjbGFzcz0ic3dpdGNoIiAvPgogICAgPGxhYmVsIGZvcj0icmVhZG1vcmVfYnRuIj7ilr3jgIDjgoLjgaPjgajopovjgovjgIDilr08L2xhYmVsPgogICAgPGRpdiBjbGFzcz0ic2hvd18yIj4KCiAgICA8IS0t44CM44KC44Gj44Go6KaL44KL44CN44KS5oq844GX44Gf44KJ5Ye644Gm44GP44KL5YaF5a6544KS6KiY6L+wIC0tPgoKPGRpdiBzdHlsZT0id2lkdGg6ODAwcHg7IG1hcmdpbjoyMHB4IDAgMCAtOXB4OyI+CiAgCjwvZGl2PgoKICAgIDwvZGl2Pgo8L2Rpdj4KCgoKCjxkaXYgc3R5bGU9IndpZHRoOjgxMHB4OyBtYXJnaW46MjBweCAwIDAgLTdweDsgIj4gPC9kaXY+CgoKPGRpdiBzdHlsZT0id2lkdGg6ODEwcHg7IG1hcmdpbjoyMHB4IDAgMCAtN3B4OyAiPiA8L2Rpdj4KCgoKCgoKPHN0eWxlIFRZUEU9InRleHQvY3NzIj4KPCEtLQp0ZC5pbnZlbnRvcnkgZm9udHtjb2xvcjojMDA1YmE4O2ZvbnQ6MTJweCAi44OS44Op44Ku44OO6KeS44K0IFBybyBXMyIsICJIaXJhZ2lubyBLYWt1IEdvdGhpYyBQcm8iLCAi44Oh44Kk44Oq44KqIiwgTWVpcnlvLCBPc2FrYSwgIu+8re+8syDvvLDjgrTjgrfjg4Pjgq8iLCAiTVMgUEdvdGhpYyIsIHNhbnMtc2VyaWY7fQp0ZC5pbnZlbnRvcnl7d29yZC13cmFwOmJyZWFrLXdvcmQ7d2lkdGg6ODBweDt9Ci0tPgo8L3N0eWxlPgoKCgoKPHN0eWxlIHR5cGU9InRleHQvY3NzIj4KPCEtLemBuOaKnuiCouODh+OCtuOCpOODswoKI3Jha3V0ZW5MaW1pdGVkSWRfYXJvdW5kQ2FydCBzcGFuLmNob2ljZSArIHNlbGVjdCB7CiAgICBkaXNwbGF5OiBibG9jayAhaW1wb3J0YW50OwogICAgcGFkZGluZzogOHB4OwogICAgbWFyZ2luLWJvdHRvbTogMnB4OwogICAgYm9yZGVyLXJhZGl1czogMnB4OyAgIAp9CgojcmFrdXRlbkxpbWl0ZWRJZF9hcm91bmRDYXJ0IHNwYW4uY2hvaWNlIHsKICAgIGRpc3BsYXk6IGlubGluZS1ibG9jazsKICAgIHBvc2l0aW9uOnJlbGF0aXZlOwogICAgcGFkZGluZzogOHB4OwogICAgbWFyZ2luLWJvdHRvbTogOHB4OwogICAgYmFja2dyb3VuZDogI2Y1ZjVmNTsgLyrlkLnjgY3lh7rjgZfjga7og4zmma/oibIgKi8KICAgIGJvcmRlci1yYWRpdXM6IDJweDsKCWNvbG9yOiAjZTYwMDEyOyAKCWZvbnQtc2l6ZTogMTIwJTsKfQojcmFrdXRlbkxpbWl0ZWRJZF9hcm91bmRDYXJ0IHNwYW4uY2hvaWNlOmFmdGVyIHsKICAgIGNvbnRlbnQ6ICIiOwogICAgcG9zaXRpb246IGFic29sdXRlOwogICAgYm90dG9tOiAtOHB4OwogICAgbGVmdDogMjRweDsKICAgIG1hcmdpbi1sZWZ0OiAtOHB4OwogICAgZGlzcGxheTogYmxvY2s7CiAgICB3aWR0aDogMHB4OwogICAgaGVpZ2h0OiAwcHg7CiAgICBib3JkZXItc3R5bGU6IHNvbGlkOwogICAgYm9yZGVyLXdpZHRoOiA4cHggOHB4IDAgOHB4OwogICAgYm9yZGVyLWNvbG9yOiAjZWVlIHRyYW5zcGFyZW50IHRyYW5zcGFyZW50IHRyYW5zcGFyZW50Owp9Ci0tPgo8L3N0eWxlPgoKCgoKCgo8c3R5bGUgdHlwZT0idGV4dC9jc3MiPgo8IS0tCgpzcGFuLmNhdGNoX2NvcHksCnNwYW4uaXRlbV9uYW1lIHsKICBsaW5lLWhlaWdodDogMTgwJTsKfQoKLyog44Kt44Oj44OD44OB44Kz44OU44O85LiK6YOo44Gr44Op44OZ44Or44GM44Gk44GPICovCnNwYW4uY2F0Y2hfY29weTpiZWZvcmUgewogICAgY29udGVudDogIjLngrnku6XkuIrjgYrosrfjgYTkuIrjgZLjgacxMCVPRkbjgq/jg7zjg53jg7PphY3luIPkuK3vvIEiOyAvKuODqeODmeODq+WGheOBruaWh+iogCovCiAgICB3aWR0aDogNDAwcHg7IC8q44Op44OZ44Or44Gu44K144Kk44K6Ki8KICAgIGJhY2tncm91bmQtY29sb3I6ICNiZjAwMDA7IC8q44Op44OZ44Or44Gu6ImyKi8KICAgIGZvbnQtc2l6ZTogMTRweDsKICAgIGNvbG9yOiAjZmZmOwogICAgdGV4dC1hbGlnbjogbGVmdDsKICAgIGRpc3BsYXk6IGJsb2NrOwogICAgcGFkZGluZzogMXB4IDRweDsKICAgIG1hcmdpbi1ib3R0b206IDRweDsKICAgIGJvcmRlci1yYWRpdXM6IDJweDsKICAgIGNsZWFyOiBib3RoOwp9CgovKiDllYblk4HlkI3kuIvjgavlooPnlYznt5rjgYzlhaXjgosgKi8Kc3Bhbi5pdGVtX25hbWUgewogICAgZGlzcGxheTogYmxvY2s7CiAgICBib3JkZXItYm90dG9tOiAycHggZG90dGVkICNkZGQ7CiAgICBwYWRkaW5nLWJvdHRvbTogOHB4Owp9CgovKiDkvqHmoLzjgavmnqDnt5rjgYzjgaTjgY8gKi8KdGFibGUjcmFrdXRlbkxpbWl0ZWRJZF9jYXJ0IHsKICAgIGJhY2tncm91bmQtY29sb3I6ICNmOGY4Zjg7CiAgICBib3JkZXI6IDFweCBzb2xpZCAjZGRkOwogICAgcGFkZGluZzogOHB4OwogICAgbWFyZ2luOiAxNnB4IDA7Cn0KCnNwYW4ucHJpY2UxIHsKICAgIGNvbG9yOiAjMzMzICFpbXBvcnRhbnQ7CiAgICBmb250LXdlaWdodDogYm9sZDsKICAgIGZvbnQtc2l6ZTogMTAwJSAhaW1wb3J0YW50OwogICAgbGluZS1oZWlnaHQ6IDMwcHg7CiAgICBkaXNwbGF5OiBpbmxpbmUtYmxvY2s7CiAgICBtYXJnaW4tcmlnaHQ6IDE2cHg7Cn0KCi0tPgoKCgo8L3N0eWxlPgoKCgo8bGluayBocmVmPSJodHRwOi8vd3d3LnJha3V0ZW4ubmUuanAvZ29sZC9sb29mLXNob3AvVE9QL0NNQkFOQS9DQVJULmNzcyIgIHJlbD0ic3R5bGVzaGVldCIgdHlwZT0idGV4dC9jc3MiLz4KCgoKCgo8c3R5bGUgdHlwZT0idGV4dC9jc3MiPgo8IS0tCmJvZHkgewpmb250LWZhbWlseTogZm9udC1mYW1pbHk6ICLjg6HjgqTjg6rjgqoiLCBNZWlyeW8sICLjg5Ljg6njgq7jg47op5LjgrQgUHJvIFczIiwgIkhpcmFnaW5vIEtha3UgR290aGljIFBybyIsICLvvK3vvLMg77yw44K044K344OD44KvIiwgIk1TIFBHb3RoaWMiLCBzYW5zLXNlcmlmOwp9Ci0tPgo8L3N0eWxlPg==,aG9jbyBzbGltZml0IEFwcGxlIHdhdGNoIDM4bW0gNDJtbSDjgrnjg4bjg7Pjg6zjgrnjgrnjg4Hjg7zjg6sg44OZ44Or44OIICDpq5jntJog44Ki44Or44OfIOODmeODq+ODiCDkuqTmj5vjg5njg6vjg4gg6YeR5YW3IOS7mOOBjSDjg6njgrAg5LuY44GNIOOCouODgOODl+OCv+ODvCDjgrnjg4bjg7Pjg6zjgrnpi7wg44K544OG44Oz44Os44K5IOODoeODvOOCq+ODvOato+imj+WTgSDplbfjgZXoqr/nr4Dlmajlhbfku5jjgY0g6Lu96YePIOWNs+e0jSAwNVAwM0RlYzE277yaTE9PRualveWkqeW4guWgtOW6lw==,aVBob25lNuOCseODvOOCuWlQaG9uZTZQbHVzIOOCseODvOOCuWlQaG9uZTYg5omL5biz5Z6L44Kx44O844K5IFhwZXJpYSBYWiDjgrHjg7zjgrlYcGVyaWEgWCBDb21wYWN0IOOCseODvOOCuWlwaG9uZTYg5pyo6KO944Kx44O844K5aXBob25lU0XmiYvluLPlnovjgrHjg7zjgrkgaXBob25lNiDjg5Djg7Pjg5Hjg7zjgrHjg7zjgrlpcGhvbmU2IOOCpuODg+ODieOCseODvOOCuWlQaG9uZTcg44Kx44O844K55omL5biz5Z6LIOacrOmdqSDjgrHjg7zjgrnjgrnjg57jg5sg44Kx44O844K5aVBob25l44Kx44O844K5aVBob25lIDcg5omL5biz5Z6L44Kx44O844K5IGlQaG9uZSA3IOODkOODs+ODkeODvOOCseODvOOCuVhwZXJpYSBYIFBlcmZvcm1hbmNlIOaJi+W4s+Wei+OCseODvOOCuUFwcGxlIFdhdGNoIOODmeODq+ODiEdhbGF4eSBTNyBlZGdlIOaJi+W4s+WeiyDjgrHjg7zjgrnjgqLjg6vjg5/jg4vjgqbjg6Ag44OQ44Oz44OR44O844Ks44Op44K544OV44Kj44Or44OgaG9jbyBzbGltZml0IEFwcGxlIHdhdGNoIDM4bW0gNDJtbSDjgrnjg4bjg7Pjg6zjgrnjgrnjg4Hjg7zjg6sg44OZ44Or44OIICDpq5jntJog44Ki44Or44OfIOODmeODq+ODiCDkuqTmj5vjg5njg6vjg4gg6YeR5YW3IOS7mOOBjSDjg6njgrAg5LuY44GNIOOCouODgOODl+OCv+ODvCDjgrnjg4bjg7Pjg6zjgrnpi7wg44K544OG44Oz44Os44K5IOODoeODvOOCq+ODvOato+imj+WTgSDplbfjgZXoqr/nr4Dlmajlhbfku5jjgY0g6Lu96YePIOWNs+e0jSAwNVAwM0RlYzE2,44Od44Kk44Oz44OINeWAjeOBguOBmealveWvvuW/nCDplbfjgZXoqr/nr4Dlmajlhbfku5jjgY3jgIJob2NvIHNsaW1maXQgQXBwbGUgd2F0Y2ggMzhtbSA0Mm1tIOOCueODhuODs+ODrOOCueOCueODgeODvOODqyDjg5njg6vjg4ggIOmrmOe0miDjgqLjg6vjg58g44OZ44Or44OIIOS6pOaPm+ODmeODq+ODiCDph5Hlhbcg5LuY44GNIOODqeOCsCDku5jjgY0g44Ki44OA44OX44K/44O8IOOCueODhuODs+ODrOOCuemLvCDjgrnjg4bjg7Pjg6zjgrkg44Oh44O844Kr44O85q2j6KaP5ZOBIOmVt+OBleiqv+evgOWZqOWFt+S7mOOBjSDou73ph48g5Y2z57SNIDA1UDAzRGVjMTY=[rn]
22-59931,aHR0cDovL3RzaG9wLnIxMHMuanAvc21hcnRwaG9uZS9jYWJpbmV0L3NtYXJ0MTEvc2Q2NTk3LTAxYXctMS5qcGc/Zml0aW49NzAwOjcwMA==,NjQ4MC4wMDAw,,6IWV5pmC6KiIID4g6IWV5pmC6KiI55So44Ki44Kv44K744K144Oq44O8ID4g6IWV5pmC6KiI55So44OZ44Or44OI44O744OQ44Oz44OJ,QXBwbGUgV2F0Y2gg44OQ44Oz44OJIDQybW0g55SoIOOCpOOCv+ODquOCouODsyDjg5/jg43jg6vjg5Djg5zjg4Pjgq/jgrkg44Os44K244O85L2/55SoIEQ2IElNQkzvvIjjg4fjgqPjg7zjgrfjg4Pjgq/jgrkg44Ki44Kk44Ko44Og44OT44O844Ko44Or77yJIFNlcmllczEgU2VyaWVzMiDlr77lv5wg44CQ6YCB5paZ54Sh5paZ44CRIOOCouODg+ODl+ODqyDjgqbjgqnjg4Pjg4Eg6IWV5pmC6KiIIOOCpuOCp+OCouODqeODluODq+err+acqyAg5qW95aSpIOmAmuiyqQ==,QXBwbGUgV2F0Y2gg44Ki44OD44OX44Or44Km44Kp44OD44OBIOODkOODs+ODiSA0Mm1tIOeUqCDkuqTmj5sg44OZ44Or44OIIOeJm+mdqQ==,PEJSPjxCUj48dGFibGUgY2xhc3M9Imdvb2RzMSIgc3R5bGU9IndpZHRoOjEwMCUgIWltcG9ydGFudCI+PHRyPjx0aD7llYblk4HlkI08L3RoPjx0ZD5BcHBsZSBXYXRjaCDjg5Djg7Pjg4kgNDJtbeeUqCBENiBJTUJM77yI44OH44Kj44O844K344OD44Kv44K5IOOCouOCpOOCqOODoOODk+ODvOOCqOODq++8iTwvdGQ+PC90cj48dHI+PHRoPuWei+eVqi/jgqvjg6njg7w8L3RoPjx0ZD5TRDY1OTdBVyAvIOOCv+ODs+ODluODqeOCpuODsyAvIDQ1ODA0OTIzMTU5NzUgPGJyPiBTRDY1OThBVyAvIOOCsOODquODvOODsyAvIDQ1ODA0OTIzMTU5ODIgPGJyPiBTRDY1OTlBVyAvIOODrOODg+ODiSAvIDQ1ODA0OTIzMTU5OTkgPGJyPiBTRDY2MDBBVyAvIOODgeODp+OCsyAvIDQ1ODA0OTIzMTYwMDIgPGJyPiBTRDY2MDFBVyAvIOODluODqeODg+OCryAvIDQ1ODA0OTIzMTYwMTkgPC90ZD48L3RyPjx0cj48dGg+44OW44Op44Oz44OJPC90aD48dGQ+U0xHIERlc2lnbiDvvIjjgqjjgrnjgqjjg6vjgrjjg7zjg4fjgrbjgqTjg7PvvIkgPC90ZD48L3RyPjx0cj48dGg+57Sg5p2QPC90aD48dGQ+54mb6Z2p44CB44K544OG44Oz44Os44K5PC90ZD48L3RyPjx0aD7lr77lv5zmqZ/nqK48L3RoPjx0ZD5BcHBsZSBXYXRjaCA0Mm1tIDxCUj4gU2VyaWVzMSAvIFNlcmllczIgPC90ZD48L3RyPjx0aD7jgr/jgqTjg5c8L3RoPjx0ZD7jgqLjg4Pjg5fjg6vjgqbjgqnjg4Pjg4Eg5Lqk5o+b44OQ44Oz44OJPC90ZD48L3RyPjx0cj48dGg+5ZWG5ZOB54m56ZW3PC90aD48dGQ+4pag5pys5L2T6YeN6YePPGJyPjIxZzxicj48YnI+4pag44K144Kk44K6PGJyPuODnOOCv+ODs+eptOWBtO+8mjExN21t44CA55WZ44KB5YW35YG077yaOTVtbTxicj7igLvjg6njgrDlkKvjgoA8YnI+PGJyPuKWoOOCpOOCv+ODquOCouODs+ODn+ODjeODq+ODkOODnOODg+OCr+OCueODrOOCtuODvDxicj7jgqTjgr/jg6rjgqLjgafnlJ/nlKPjgZXjgozjgZ/jg5/jg43jg6vjg5Djg5zjg4Pjgq/jgrnjg6zjgrbjg7zjga/jgIHliqDlt6XpgY7nqIvjgafjgafjgY3jgZ/oh6rnhLbjgarjgqjjg7Pjg5zjgrnjgYzjgYLjgovjg5njgrjjgr/jg5bjg6vjgr/jg7Pjg4vjg7PjgrDjg6zjgrbjg7zjgafjgIHkvb/jgYTovrzjgoDjgbvjganlhYnmsqLjgYzlopfjgZfjgIHpnanmnKzmnaXjga7ntKDmmbTjgonjgZfjgZXjgpLmhJ/jgZjjgovjgZPjgajjgYzjgafjgY3jgovjg5fjg6zjg5/jgqLjg6Djgarjg6zjgrbjg7zjgafjgZnjgII8YnI+PGJyPuKWoDEwMO+8heODj+ODs+ODieODoeOCpOODiTxicj7ogbfkurrmioDjgYzlhYnjgotTTEfjgarjgonjgafjga/jga7jgrnjg5rjgrfjg6Pjg6vjgarmnKzpnanoo73jgqLjg4Pjg5fjg6vjgqbjgqnjg4Pjg4HnlKjjg5njg6vjg4jjga/jgIHoo4Hmlq3jgIHnuKvoo73jgIHliIfjgornm67liqDlt6XjgarjgankvZzmpa3lt6XnqIvjga7jgZnjgbnjgabjgYzjgIHnhp/nt7TjgZfjgZ/ogbfkurrjga7miYvku5XkuovjgYvjgonnlJ/jgb7jgozjgabjgYTjgb7jgZnjgII8YnI+PGJyPuKWoOe0sOOBi+OBquOCqOODg+OCuOWHpueQhjxicj7poJHkuIjjgafnvo7jgZfjgYTmlq3pnaLjgpLkvZzjgovjgZ/jgoHjgas15bqm44Gu5L2c5qWt5bel56iL44KS6LK744KE44GX44Gm44GE44G+44GZ44CCNOeVquebruOBruS9nOalreOBp+OBguOCi+OChOOBmeOCiuaOm+OBkeOBr+e5iue0sOOBquS9nOalreOBp+OBguOCiuOAgeS4geWvp+OBq+S7leS4iuOBkuOBpuOBhOOBvuOBmeOAgiA8YnI+PGJyPuKWoOOCu+ODqeODleOCo+ODqzxicj7jgrnjg4bjg4Pjg4Hjgavkvb/nlKjjgZXjgozjgabjgYTjgovns7jjga/jgIHogJDkuYXmgKfjgajlvLfluqbjgYzpq5jjgYTjgZPjgajjgafmnInlkI3jgarjg4njgqTjg4RBTUFOTu+8iOOCouODnuODs++8ieekvuijveOBruOCu+ODqeODleOCo+ODq+OCkuS9v+eUqOOBl+OBpuOBhOOBvuOBmeOAgiA8YnI+PGJyPuKAu+ODouODi+OCv+ODvOOBruS7leanmOOBq+OCiOOBo+OBpuWun+mam+OBruiJsuOBqOOChOOChOeVsOOBquOBo+OBpuimi+OBiOOCi+WgtOWQiOOBjOOBguOCiuOBvuOBmeOAgjwvdGQ+PC90cj48L3RhYmxlPjxCUj48Rk9OVCBzaXplPTI+44CQQXBwbGUgV2F0Y2jjgJHjgJDkuqTmj5vjg5Djg7Pjg4njgJHjgJDmnKzpnanjgJHjgJAyMDE1LzA544CRPC9GT05UPjxzdHlsZT4KCi8qIFNUQVJUIDIwMTQvMDgvMDcg6LK344GE54mp44GL44GU44Oc44K/44Oz5aSJ5pu0ICovCgppbnB1dFt2YWx1ZT0i6LK344GE54mp44GL44GU44Gr5YWl44KM44KLIl0gewoJdGV4dC1pbmRlbnQ6LTk5OTlweDsKCWJhY2tncm91bmQ6dXJsKCdodHRwOi8vaW1hZ2UucmFrdXRlbi5jby5qcC9zbWFydHBob25lL2NhYmluZXQvZXRjL2J0bi1jYXJ0LTAzLmpwZycpIG5vLXJlcGVhdDsKCWJvcmRlcjowOwoJd2lkdGg6MjYwcHg7CgloZWlnaHQ6MzVweDsKCWN1cnNvcjogcG9pbnRlcjsKfQoKaW5wdXRbdmFsdWU9Iuiyt+OBhOeJqeOBi+OBlOOBq+WFpeOCjOOCiyJdOmhvdmVye2JhY2tncm91bmQ6dXJsKCdodHRwOi8vaW1hZ2UucmFrdXRlbi5jby5qcC9zbWFydHBob25lL2NhYmluZXQvZXRjL2J0bi1jYXJ0LWh2LTAzLmpwZycpO30KCgp9CgovKiBFTkQgMjAxNC8wOC8wNyAqLwoKPC9zdHlsZT4KCgo8c3R5bGUgdHlwZT0idGV4dC9jc3MiPgo8IS0tCgpkaXYjSGVhZGVyS2V5d29yZCB7Cglwb3NpdGlvbjphYnNvbHV0ZTsKCXRvcDo1MHB4Oy8q5LiA55Wq5LiK44GL44KJ44Gu5L2N572uKi8KCWxlZnQ6MzBweDsvKuW3puerr+OBi+OCieOBruS9jee9riovCn0KCmRpdiNIZWFkZXJLZXl3b3JkIHNwYW4gewoJYmFja2dyb3VuZDogI2JmMDAwMDsKCWNvbG9yOiNmZmY7Cglmb250LXdlaWdodDpib2xkOwoJcGFkZGluZzoycHggNXB4Owp9CgpkaXYjSGVhZGVyS2V5d29yZCBhIHsKCWNvbG9yOiMwMDQ0Q0M7Cn0KCi8qIFNUQVJUIDIwMTQvMDgvMjgg5ZWG5ZOB6Kqs5piO44OG44O844OW44OrICovCgouZ29vZHMxIHsKd2lkdGg6IDEwMCU7CmJvcmRlci1jb2xsYXBzZTogY29sbGFwc2U7Cn0KCi5nb29kczEgdGgsIC5nb29kczEgdGQgewpib3JkZXI6IDFweCBzb2xpZCAjMDAwMDAwOyBwYWRkaW5nOiA1cHggMTBweDsKfQouZ29vZHMxIHRoIHsgY29sb3I6IzAwMzM2NjsgZm9udC1zaXplOjgwJTsgYmFja2dyb3VuZC1jb2xvcjogI2NjY2NjYzsgd2lkdGg6NzA7fQouZ29vZHMxIHRkIHsgY29sb3I6IzY2NjY2NjsgZm9udC1zaXplOjgwJTt9CgovKiBFTkQgMjAxNC8wOC8yOCAqLwoKLS0+Cjwvc3R5bGU+Cgo8ZGl2IGlkPSJIZWFkZXJLZXl3b3JkIj4KPHNwYW4+5rOo55uu44Gu44Kt44O844Ov44O844OJPC9zcGFuPgppUGhvbmU1cyDmnKzpnanjgrHjg7zjgrkK44CAaVBob25lNXMg44Ki44Or44Of44OQ44Oz44OR44O8CuOAgGlQaG9uZTVzIOODleOCo+ODq+ODoAo8L2Rpdj4KCjxzdHlsZSB0eXBlPSJ0ZXh0L2NzcyI+CjwhLS0Kc3Bhbi51bml0IHsgYmFja2dyb3VuZDogdXJsKGh0dHA6Ly9pbWFnZS5yYWt1dGVuLmNvLmpwL3NtYXJ0cGhvbmUvY2FiaW5ldC9wYXJ0cy9zaGloYXJhaTIwMTUwMzI1LXNtcC5qcGcpIG5vLXJlcGVhdCBsZWZ0IHRvcDsgdGV4dC1pbmRlbnQ6Ci05OTk5OyBkaXNwbGF5OiBibG9jazsgd2lkdGg6IDMwOTsgaGVpZ2h0OiAxOTA7IG1hcmdpbjoxNXB4IDA7IH0KLS0+Cjwvc3R5bGU+Cgo8IS0tIFNUQVJUIDIwMTcvMDMvMDEg6Kmz57Sw6YOo5YiG44Gu6KGo56S66Kq/5pW0IC0tPgo8dGFibGUgd2lkdGg9IjgxMCI+PHRyPjx0ZD4gCjwvdGQ+PC90cj48L3RhYmxlPiAKPCEtLSBFTkQgMjAxNy8wMy8wMSAtLT4=,QXBwbGUgV2F0Y2gg44OQ44Oz44OJIDQybW0g55SoIOOCpOOCv+ODquOCouODsyDjg5/jg43jg6vjg5Djg5zjg4Pjgq/jgrkg44Os44K244O85L2/55SoIEQ2IElNQkzvvIjjg4fjgqPjg7zjgrfjg4Pjgq/jgrkg44Ki44Kk44Ko44Og44OT44O844Ko44Or77yJIFNlcmllczEgU2VyaWVzMiDlr77lv5wg44CQ6YCB5paZ54Sh5paZ44CRIOOCouODg+ODl+ODqyDjgqbjgqnjg4Pjg4Eg6IWV5pmC6KiIIOOCpuOCp+OCouODqeODluODq+err+acqyAg5qW95aSpIOmAmuiyqe+8muOCueODnuODm+ODl+ODqeOCuQ==,QXBwbGUgV2F0Y2gg44OQ44Oz44OJIDQybW0g55SoIOOCpOOCv+ODquOCouODsyDjg5/jg43jg6vjg5Djg5zjg4Pjgq/jgrkg44Os44K244O85L2/55SoIEQ2IElNQkzvvIjjg4fjgqPjg7zjgrfjg4Pjgq/jgrkg44Ki44Kk44Ko44Og44OT44O844Ko44Or77yJIFNlcmllczEgU2VyaWVzMiDlr77lv5wg44CQ6YCB5paZ54Sh5paZ44CRIOOCouODg+ODl+ODqyDjgqbjgqnjg4Pjg4Eg6IWV5pmC6KiIIOOCpuOCp+OCouODqeODluODq+err+acqyAg5qW95aSpIOmAmuiyqQ==,QXBwbGUgV2F0Y2gg44Ki44OD44OX44Or44Km44Kp44OD44OBIOODkOODs+ODiSA0Mm1tIOeUqCDkuqTmj5sg44OZ44Or44OIIOeJm+mdqeOAgkFwcGxlIFdhdGNoIOODkOODs+ODiSA0Mm1tIOeUqCDjgqTjgr/jg6rjgqLjg7Mg44Of44ON44Or44OQ44Oc44OD44Kv44K5IOODrOOCtuODvOS9v+eUqCBENiBJTUJM77yI44OH44Kj44O844K344OD44Kv44K5IOOCouOCpOOCqOODoOODk+ODvOOCqOODq++8iSBTZXJpZXMxIFNlcmllczIg5a++5b+cIOOAkOmAgeaWmeeEoeaWmeOAkSDjgqLjg4Pjg5fjg6sg44Km44Kp44OD44OBIOiFleaZguioiCDjgqbjgqfjgqLjg6njg5bjg6vnq6/mnKsgIOalveWkqSDpgJrosqk=[rn]
22-59932,aHR0cDovL3RzaG9wLnIxMHMuanAvbWFuby1hLW1hbm8vY2FiaW5ldC90aHVtL3UzNTg2OTc3X2FwX3QwMS5qcGc/Zml0aW49NzAwOjcwMA==,NTYwMC4wMDAw,,6IWV5pmC6KiIID4g6IWV5pmC6KiI55So44Ki44Kv44K744K144Oq44O8ID4g6IWV5pmC6KiI55So44OZ44Or44OI44O744OQ44Oz44OJ,44CQ44Ki44OD44OX44Or56S+6KqN5a6a44OR44O844OE5LuY44OQ44Oz44OJ44CR44Ki44OD44OX44Or44Km44Kp44OD44OB44CAMzhtbeeUqCA0Mm1t55So44CA5bCC55So44OQ44Oz44OJ44CA44Kk44K/44Oq44KiIOODouODrOODqeODvOODiCDnpL7oo73ohZXmmYLoqIjjg5njg6vjg4ggQklLSU5HICjjg5DjgqTjgq3jg7PjgrApIOaZguioiOODmeODq+ODiOOAkE1hZGUgZm9yIEFwcGxlIFdhdGNo44CR44K144O844OJ44OR44O844OG44Kj,4oC744GT44Gh44KJ44GvQXBwbGUgV2F0Y2jjg5Hjg7zjg4Tku5jjgY3jg5njg6vjg4jjgafjgZk=,PHN0eWxlIHR5cGU9InRleHQvY3NzIiBtZWRpYT0iYWxsIj4KPCEtLQovKmxheW91dCBDb250ZW50Ki8KCiNzdWJDdHQgKntmb250LXNpemU6MTNweDttYXJnaW46MDtwYWRkaW5nOjA7bGluZS1oZWlnaHQ6MS42OyAKZm9udC1mYW1pbHk6ICJGb250QXdlc29tZSIsIkhpcmFnaW5vIEtha3UgR290aGljIFByb04iLCLjg5Ljg6njgq7jg47op5LjgrQgUHJvTiBXMyIsTWVpcnlvLCLjg6HjgqTjg6rjgqoiLE9zYWthLCJNUyBQR290aGljIiwi77yt77yzIO+8sOOCtOOCt+ODg+OCryIsc2Fucy1zZXJpZjt9Cgojc3ViQ3R0IHRkeyAgcGFkZGluZzoxMHB4O30KI3N1YkN0dCB0ZCBieyBmb250LXNpemU6MTRweDsgcGFkZGluZzozcHggNXB4O30KI3N1YkN0dCBociB7IGJvcmRlcjogMDsKICAgIGJvcmRlci1ib3R0b206IDFweCBkYXNoZWQgI2NjYzsKICAgIGJhY2tncm91bmQ6ICM5OTk7Cm1hcmdpbjogOHB4IDA7fQoKI3N1YkN0dCAuaXRlbUluZm97IHdpZHRoOjM4MHB4OyBtYXJnaW46MTBweCAwIDAgMDsgcGFkZGluZzoxMHB4OyBib3JkZXI6MXB4ICM5OTk5OTkgc29saWQ7fQojc3ViQ3R0IC5pdGVtSW5mbyBoM3tib3JkZXItbGVmdDo1cHggc29saWQgIzY2NjsgYm9yZGVyLWJvdHRvbTojOTk5IHNvbGlkIDFweDsgZm9udC1zaXplOjE1cHg7IHBhZGRpbmc6M3B4IDAgM3B4IDVweDsgbWFyZ2luOjBweDt9CiNzdWJDdHQgLml0ZW1JbmZvIHB7Zm9udC1zaXplOjEycHg7IG1hcmdpbjo1cHggMCAwIDA7IHBhZGRpbmc6NXB4O30KI3N1YkN0dCAuaXRlbVNwZWN7IHdpZHRoOjM4MHB4OyBtYXJnaW46MTBweCAwIDAgMDsgcGFkZGluZzoxMHB4OyBib3JkZXI6MXB4ICM5OTk5OTkgc29saWQ7fQojc3ViQ3R0IC5pdGVtU3BlYyBoM3tib3JkZXItbGVmdDo1cHggc29saWQgIzY2NjsgYm9yZGVyLWJvdHRvbTojOTk5IHNvbGlkIDFweDsgZm9udC1zaXplOjE1cHg7IHBhZGRpbmc6M3B4IDAgM3B4IDVweDsgbWFyZ2luOjBweDt9CiNzdWJDdHQgLml0ZW1TcGVjIHB7Zm9udC1zaXplOjExcHg7IG1hcmdpbjo2cHggMCA1cHggMDsgcGFkZGluZzo1cHg7IGJvcmRlci1ib3R0b206Izk5OSBkb3R0ZWQgMXB4O30KI3N1YkN0dCBpbWcge2JvcmRlcjpub25lO30KI3N1YkN0dCAudW5kZXJTcGFjZSB7cGFkZGluZzowIDAgMTBweCAwO30KI2FzdXJha3VCb3h7cGFkZGluZzoxMHB4IDAgMTBweCAwOyB3aWR0aDo0MDBweDsgY2xlYXI6Ym90aDsgb3ZlcmZsb3c6aGlkZGVuOyB0ZXh0LWFsaWduOnJpZ2h0OyBjb2xvcjojRjAwOyBmb250LXNpemU6MTJweDsgZm9udC13ZWlnaHQ6Ym9sZDt9CgovKm90aGVyIENvbnRlbnQqLwojc3ViQ3R0IC5yZWQge2ZvbnQtd2VpZ2h0OmJvbGQ7Y29sb3I6I0ZGMDAwMDt9CiNzdWJDdHQgLnRvb2xzZXR7d2lkdGg6NDAwcHg7IG1hcmdpbjoxMHB4IDA7fQotLT4KPC9zdHlsZT4KPGRpdiBpZD0ic3ViQ3R0Ij4KCjwhLS3ilrzilrzilrzilrzjgrnjg57jg5vjga7jgrnjg5rjg4Pjgq/ooajjga/jgZPjgZPjgYvjgonjgrPjg5Tjg7zilrzilrzilrwtLT4KPHRhYmxlIGJvcmRlcj0iMCIgY2VsbHNwYWNpbmc9IjAiIGNlbGxwYWRkaW5nPSIxMCIgd2lkdGg9IjEwMCUiPgogIDx0cj4KICAgIDx0aCBhbGlnbj0ibGVmdCIgYmdjb2xvcj0iIzAwMDAwMCI+PGZvbnQgY29sb3I9IiNGRkZGRkYiPuOAgOWVhuWTgeiqrOaYjjwvZm9udD48L3RoPgogIDwvdHI+CiAgPHRyPgogICAgPHRkPuihqOmdouOBq+OCq+ODvOODnOODs+OBruWei+aKvOOBl+OCkuaWveOBl+OBn+ODqeODkOODvOOCkuS9v+eUqOOBl+OBn+aZguioiOODmeODq+ODiOOAggrprq7jgoTjgYvjgarjgrnjg4bjg4Pjg4HjgpLmlr3jgZnjgZPjgajjgavjgojjgorjgIHjg6Ljg47jg4jjg7zjg7Pjga7kuK3jgavjgqLjgq/jgrvjg7Pjg4jjgYzliqDjgo/jgorjg5njg6vjg4jjgYzkuIDmrrXjgajkuIros6rjgZXjgpLlgpnjgYjjgb7jgZnjgIIK44G+44Gf44CB6KOP6Z2i44Gr44Gv44K544OG44OD44OB44Go5ZCM6Imy44Gu44Ot44Oq44Kr44GM5L2/55So44GV44KM44CB5rGX44Gr5by344GE5qmf6IO9576O44Go6buS44Gr5pig44GI44KL6Imy5b2p576O44GM6J6N5ZCI44GX44Gf5LiA5pys44Gn44GZ44CCCjxicj4KPGJyPgrjgJDjgqLjg4Pjg5fjg6vnpL7oqo3lrprjg5Hjg7zjg4Tjgajjga/jgJE8YnI+CuOCouODg+ODl+ODq+ekvuOBjOOCteODvOODieODkeODvOODhuOCo+WQkeOBkeOBq+ODquODquODvOOCueOBl+OBn+OAgeODkOODs+ODieijveS9nOOBq+OBpOOBhOOBpuOBruOCrOOCpOODieODqeOCpOODszxicj4K44CMIEJhbmQgRGVzaWduIEd1aWRlbGluZXMgZm9yIEFwcGxlIFdhdGNo44CN44CCPGJyPgrjgZ3jga7ljrPjgZfjgYTln7rmupbjgpLjgq/jg6rjgqLjg7zjgZfjgIHjgqLjg4Pjg5fjg6vnpL7jga7oqo3lrprjgpLlj5fjgZHjgZ9BVk5FVOekvuOBjOijveS9nOOBl+OBn+ODqeOCsOODkeODvOODhOOBq+OBquOCiuOBvuOBmeOAgjxicj4K44Gd44Gu44OR44O844OE44Gr44Os44O844K244O844Gn5Yi744G+44KM44Gf44CMTWFkZSBmb3IgQXBwbGUgV2F0Y2jjgI3jga7mloflrZfjga/jgZ3jga7oqo3lrprjga7oqLzjgpLnpLrjgZnjgoLjga7jgafjgZnjgII8L3RkPgogIDwvdHI+CjwvdGFibGU+Cgo8dGFibGUgYm9yZGVyPSIwIiBiZ2NvbG9yPSIjMDAwIiBjZWxsc3BhY2luZz0iMSIgY2VsbHBhZGRpbmc9IjEwIiB3aWR0aD0iMTAwJSI+CiAgPHRyPgogICAgPHRoIGFsaWduPSJsZWZ0IiBjb2xzcGFuPSIyIiBiZ2NvbG9yPSIjMDAwMDAwIj48Zm9udCBjb2xvcj0iI0ZGRkZGRiI+44CA5ZWG5ZOB44K544Oa44OD44KvPC9mb250PjwvdGg+CiAgPC90cj4KICA8dHI+CiAgICA8dGggYmdjb2xvcj0iI0YyRjJGMiIgd2lkdGg9IjkwIj7jgqvjg6njg7w8L3RoPgogICAgPHRkIGJnY29sb3I9IiNGRkZGRkYiPuODluODqeODg+OCr8OX44Ob44Ov44Kk44OI77yI6buSw5fnmb3vvIk8YnI+CuODluODqeODg+OCr8OX44Os44OD44OJ77yI6buSw5fotaTvvIk8YnI+CuODluODqeODg+OCr8OX44Kq44Os44Oz44K477yI6buSw5fmqZnvvIk8YnI+CuODluODqeODg+OCr8OX44Kw44Os44O877yI6buSw5fngbDoibLvvIk8YnI+CuODluODqeODg+OCr8OX44Kk44Ko44Ot44O877yI6buSw5fpu4TvvIkKPC90ZD4KICA8L3RyPgoKICA8dHI+CiAgICA8dGggYmdjb2xvcj0iI0YyRjJGMiI+57Sg5p2QPC90aD4KICAgIDx0ZCBiZ2NvbG9yPSIjRkZGRkZGIj7jg6njg5Djg7wo44Kr44O844Oc44Oz5Z6L5oq844GX44O76KOP6Z2i44Ot44Oq44Kr5L2/55SoKTwvdGQ+CiAgPC90cj4KCiAgPHRyPgogICAgPHRoIGJnY29sb3I9IiNGMkYyRjIiPumVt+OBlTwvdGg+CiAgICA8dGQgYmdjb2xvcj0iI0ZGRkZGRiI+CuWJo+WFiOWBtDEyMG1tIC8g5bC+6Yyg5YG057SENzRtbTwvdGQ+CiAgPC90cj4KCiAgPHRyPgogICAgPHRoIGJnY29sb3I9IiNGMkYyRjIiPuWOmuOBlTwvdGg+CiAgICA8dGQgYmdjb2xvcj0iI0ZGRkZGRiI+Cue0hDRtbTwvdGQ+CiAgPC90cj4KCiAgPHRyPgogICAgPHRoIGJnY29sb3I9IiNGMkYyRjIiPuOCteOCpOOCuuWxlemWiyA8L3RoPgogICAgPHRkIGJnY29sb3I9IiNGRkZGRkYiPgrjgJAzOG1t44Kx44O844K555So44CRPGJyPgpFMjBtbSAtIEIxOG1tIDxicj4KPGhyIG5vc2hhZGU+CuOAkDQybW3jgrHjg7zjgrnnlKjjgJE8YnI+CkUyNG1tIC0gQjIybW08YnI+CjxociBub3NoYWRlPgo8Zm9udCBjb2xvcj0iI0ZGMDAwMCI+4oC744CQReOAkeOBr+aZguioiOOBq+ijheedgOOBmeOCi+WBtOOBruW5heOAgeOAkELjgJHjga/jg5Djg4Pjgq/jg6vjga7luYXjgafjgZnjgIIgPGJyPgrjgZTms6jmlofjga7pmpvjga9F44K144Kk44K644KS44GU5oyH5a6a5LiL44GV44GE44CCPC9mb250Pjxicj48YnI+IDxmb250PiDigLvmiYvpppbjgYzntLDjgYTmlrnjga/jgIHjg5Djg7Pjg4njga7nqbTjgYLjgZHjgrXjg7zjg5PjgrnjgpLjgZTliKnnlKjjgY/jgaDjgZXjgYTjgII8YnI+IOOBlOS+nemgvOOBruWgtOWQiOOBr+OAgeaJi+mmluWRqOOCiuOCkuOAjOODn+ODquWNmOS9jeOBvuOBp+OAjeOBlOazqOaWh+OBrumam+OBruWCmeiAg+ashOOBuOOBiuabuOOBjea3u+OBiOS4i+OBleOBhOOAgjxicj4g6Kmz57Sw44Gv44GT44Gh44KJ44KS44GU56K66KqN44GP44Gg44GV44GE77ye77yeIDwvZm9udD48L3RkPgogIDwvdHI+Cgo8L3RhYmxlPgoKCjwhLS3ilrLilrLilrLilrLjgrnjg57jg5vjga7jgrnjg5rjg4Pjgq/ooajjga/jgZPjgZPjgb7jgafjgrPjg5Tjg7zilrLilrLilrItLT4KCgoKPGJyPgo8aW1nIHNyYz0iaHR0cDovL2ltYWdlLnJha3V0ZW4uY28uanAvbWFuby1hLW1hbm8vY2FiaW5ldC9iZWx0X2ltYWdlL2FwX2hlYWQuanBnPzEiIHdpZHRoPSIxMDAlIiAvPgo8aW1nIHNyYz0iaHR0cDovL2ltYWdlLnJha3V0ZW4uY28uanAvbWFuby1hLW1hbm8vY2FiaW5ldC9iZWx0X2ltYWdlL2FwX2JlbHQuanBnIiB3aWR0aD0iNTAlIiAvPjxpbWcgc3JjPSJodHRwOi8vaW1hZ2UucmFrdXRlbi5jby5qcC9tYW5vLWEtbWFuby9jYWJpbmV0L2JlbHRfaW1hZ2UvYmVsdF9hcGxpc3QuanBnPzIiIHdpZHRoPSI1MCUiIC8+CgogIAogPGRpdiBpZD0iYXN1cmFrdUJveCI+4oC744COIOOBguOBmealvSDjgI/lr77lv5zjgavjgaTjgYTjgabjga7oqbPntLDjga/jgZPjgaHjgonjgpLjgZTnorroqo3jgY/jgaDjgZXjgYTvvJ7vvJ7vvJ48L2Rpdj4KCjwvZGl2PjxsaW5rIHJlbD0ic3R5bGVzaGVldCIg44CA44CA44CA44CA44CA44CA44CA44CA44CA44CA44CA44CA44CA44CA44CA44CA44CA44CAPSIiIGhyZWY9Imh0dHA6Ly93d3cucmFrdXRlbi5uZS5qcC9nb2xkL21hbm8tYS1tYW5vL2Nzcy9qaXNzZWtpX3N0eWxlLmNzcyI+CjxzdHlsZSB0eXBlPSJ0ZXh0L2NzcyI+CgouY2xlYXJmaXggewogICAgY2xlYXI6IGJvdGg7Cn0KCi5iYW5uZXIgewogICAgbWFyZ2luLXRvcDogNTBweDsKICAgIHdpZHRoOiAxMDAlOwp9CgoudGl0bGUgaDIgewogICAgYm9yZGVyLXRvcDogM3B4IHNvbGlkICM1YTMxMWI7CiAgICBjb2xvcjogIzRlMmIxODsKICAgIGJhY2tncm91bmQtY29sb3I6ICNmMGVkZWI7CiAgICBmb250LXNpemU6IDJlbTsKICAgIHRleHQtYWxpZ246IGNlbnRlcjsKICAgIHRleHQtZGVjb3JhdGlvbjogbm9uZTsKICAgIC8qIGZvbnQtc3R5bGU6IGl0YWxpYzsgKi8KICAgIGZvbnQtd2VpZ2h0OiBub3JtYWw7CiAgICBtYXJnaW46IDA7CiAgICBvdmVyZmxvdzogaGlkZGVuOwogICAgZm9udC1mYW1pbHk6ICLmuLjmmI7mnJ0iLCBZdU1pbmNobywgIkhpcmFnaW5vIE1pbmNobyBQcm9OIiwgIkhpcmFnaW5vIE1pbmNobyBQcm8iLCAi77yt77yzIOaYjuacnSIsIHNlcmlmOwp9CgphIHsKICAgIGNvbG9yOiAjNWEzMTFiOwogICAgdGV4dC1kZWNvcmF0aW9uOiBub25lOwp9CgppbWcgewogICAgYm9yZGVyOiBub25lOwogICAgdmVydGljYWwtYWxpZ246IGJvdHRvbTsKfQoKLmJhbm5lciBpbWcgewogICAgZGlzcGxheTogYmxvY2s7CiAgICB3aWR0aDogMTAwJTsKfQoKLmJhbm5lciB1bCB7CiAgICBsaXN0LXN0eWxlOiBvdXRzaWRlIG5vbmUgbm9uZTsKICAgIG1hcmdpbjogMjBweCAwOwogICAgb3ZlcmZsb3c6IGhpZGRlbjsKICAgIHBhZGRpbmc6IDA7Cn0KCi5iYW5uZXIgdWwgbGkgewogICAgZmxvYXQ6IGxlZnQ7Cn0KCi5iYW5uZXIgbGkuYmFubmVyMDEgewogICAgbWFyZ2luLXJpZ2h0OiAyLjIlOwogICAgd2lkdGg6IDQ4Ljg4JTsKfQouYmFubmVyIGxpLmJhbm5lcjAyIHsKICAgbWFyZ2luOiAyJSAwIDUlOwogICAgd2lkdGg6IDQ4Ljg4JTsKfQouYmFubmVyIGxpLmJhbm5lcjAzIHsKICAgIG1hcmdpbjogMCAwIDMlOwogICAgd2lkdGg6IDQ4Ljg4JTsKfQouYmFubmVyIGxpLmJhbm5lcjA0IHsKICAgIG1hcmdpbjogMCAwIDIlOwogICAgd2lkdGg6IDQ4Ljg4JTsKfQouYmFubmVyIGxpLmJhbm5lcjA1IHsKICAgbWFyZ2luOiAwIDAgMi4yJSAyLjIlOwogICAgd2lkdGg6IDQ4Ljg4JTsKfQouYmFubmVyIGxpLmJhbm5lcjA2IHsKICAgIG1hcmdpbjogMCAwIDIuMiU7CiAgICB3aWR0aDogNDguODglOwp9Ci5iYW5uZXIgbGkuYmFubmVyMDcgewogIG1hcmdpbjogMCAwIDIuMiUgMi4yJTsKICAgIHdpZHRoOiA0OC44OCU7Cn0KLmJhbm5lciBsaS5iYW5uZXIwOCB7CiAgIG1hcmdpbjogLTQwLjQlIDAgMDsKICAgIHdpZHRoOiA0OC44OCU7Cn0KLmJhbm5lciBsaS5iYW5uZXIwOSB7CiAgICBtYXJnaW46IC0zNyUgMCAyLjIlOwogICAgd2lkdGg6IDQ4Ljg4JTsKfQouYmFubmVyIGxpLmJhbm5lcjEwIHsKICBtYXJnaW46IC0yMi41JSAwIDA7CiAgICB3aWR0aDogNDguODglOwp9Ci5iYW5uZXIgbGkuYmFubmVyMTEgewogICAgbWFyZ2luOiAwIDAgMi4yJTsKICAgIHdpZHRoOiA0OC44OCU7Cn0KLmJhbm5lciBsaS5iYW5uZXIxMiB7CiAgICBtYXJnaW46IDAgMCAyLjIlIDIuMiU7CiAgICB3aWR0aDogNDguODglOwoKCjwvc3R5bGU+CgoKICAgICAgPCEtLSBiYW5uZXIgLS0+IAo8ZGl2IGNsYXNzPSJiYW5uZXIiPgogICAgICA8ZGl2IGNsYXNzPSJ0aXRsZSI+CiAgICAgICAgICA8aDI+U3BlY2lhbCBDb250ZW50czwvaDI+CiAgICAgICAgPC9kaXY+CiAgICAgICAgPHVsPgogICAgICAgICAgPGxpIGNsYXNzPSJiYW5uZXIwMSI+PGltZyBzcmM9Imh0dHA6Ly9pbWFnZS5yYWt1dGVuLmNvLmpwL21hbm8tYS1tYW5vL2NhYmluZXQvc3BlY2lhbC8wMDAwMDAwMzE4X2QwMC5qcGciIGFsdD0iIj48L2xpPgogICAgICAgICAgPGxpIGNsYXNzPSJiYW5uZXIwMiI+PGltZyBzcmM9Imh0dHA6Ly9pbWFnZS5yYWt1dGVuLmNvLmpwL21hbm8tYS1tYW5vL2NhYmluZXQvc2xpZGVyX21haW4vdG9wXzAwMDAwMDAyNjAuanBnIiBhbHQ9Iuaxl+OChOawtOOBq+W8t+OBhOmYsuawtOODmeODq+ODiCI+PC9saT4KICAgICAgICAgIDxsaSBjbGFzcz0iYmFubmVyMDMiPjxpbWcgc3JjPSJodHRwczovL2ltYWdlLnJha3V0ZW4uY28uanAvbWFuby1hLW1hbm8vY2FiaW5ldC9zcGVjaWFsLzAwMDAwMDAyMzhfZDAxLmpwZyIgYWx0PSJUWVBFIE5BVE8iPjwvbGk+CiAgICAgICAgICA8bGkgY2xhc3M9ImJhbm5lcjA0Ij48aW1nIHNyYz0iaHR0cDovL2ltYWdlLnJha3V0ZW4uY28uanAvbWFuby1hLW1hbm8vY2FiaW5ldC9zbGlkZXJfbWFpbi90b3BfMDAwMDAwMDEwMl8xLmpwZz8xIiBhbHQ9IuODnuODi+ODleOCoeODg+ODhuOCoyI+PC9saT4KICAgICAgICAgIDxsaSBjbGFzcz0iYmFubmVyMDUiPjxpbWcgc3JjPSJodHRwOi8vaW1hZ2UucmFrdXRlbi5jby5qcC9tYW5vLWEtbWFuby9jYWJpbmV0L3NwZWNpYWwvMDAwMDAwMDI0OF9kMDEuanBnIiBhbHQ9IuODkeODjeODqeOCpOWwgueUqOaZguioiOODmeODq+ODiCI+PC9saT4KICAgICAgICAgIDxsaSBjbGFzcz0iYmFubmVyMDQiPjxpbWcgc3JjPSJodHRwOi8vaW1hZ2UucmFrdXRlbi5jby5qcC9tYW5vLWEtbWFuby9jYWJpbmV0L2Jhbm5lci8wMDAwMDAwMjUzXzEwNzAuanBnIiBhbHQ9IuODj+ODs+ODieODoeOCpOODieOCueODiOODqeODg+ODlyI+PC9saT4KICAgICAgICAgIDxsaSBjbGFzcz0iYmFubmVyMDUiPjxpbWcgc3JjPSJodHRwOi8vaW1hZ2UucmFrdXRlbi5jby5qcC9tYW5vLWEtbWFuby9jYWJpbmV0L2Jhbm5lci8wMDAwMDAwMjg4XzEwNzAuanBnIiBhbHQ9IuODn+ODquOCv+ODquODvOOCueOCv+OCpOODq+OCpuOCqeODg+ODgeOCueODiOODqeODg+ODl+eJuembhiI+PC9saT4KICAgICAgICAgIDxsaSBjbGFzcz0iYmFubmVyMDQiPjxpbWcgc3JjPSJodHRwOi8vaW1hZ2UucmFrdXRlbi5jby5qcC9tYW5vLWEtbWFuby9jYWJpbmV0L2Jhbm5lci9yZXZpZXdfMTA3MC5qcGciIGFsdD0i44Os44OT44Ol44O844KS5pu444GE44GmNTAw5YaG5YiG44Kv44O844Od44OzR0VUIj48L2xpPgogICAgICAgICAgPGxpIGNsYXNzPSJiYW5uZXIwNSI+PGltZyBzcmM9Imh0dHA6Ly9pbWFnZS5yYWt1dGVuLmNvLmpwL21hbm8tYS1tYW5vL2NhYmluZXQvYmFubmVyL2J1Y2tsZV8xMDcwLmpwZz8xIiBhbHQ9IuODkOODg+OCr+ODq+eJuembhiI+PC9saT4KICAgICAgICAgIDxsaSBjbGFzcz0iYmFubmVyMDYiPjxpbWcgc3JjPSJodHRwOi8vaW1hZ2UucmFrdXRlbi5jby5qcC9tYW5vLWEtbWFuby9jYWJpbmV0L2Jhbm5lci9lYXN5X2NsaWNrXzEwNzAuanBnIiBhbHQ9IjIwMOWGhuOBp+edgOiEseewoeWNmOOBq++8geOCpOODvOOCuOODvOOCr+ODquODg+OCr+WKoOW3peOCteODvOODk+OCuSI+PC9saT4KICAgICAgICAgIDxsaSBjbGFzcz0iYmFubmVyMDciPjxpbWcgc3JjPSJodHRwOi8vaW1hZ2UucmFrdXRlbi5jby5qcC9tYW5vLWEtbWFuby9jYWJpbmV0L3NwZWNpYWwvMDAwMDAwMDMyMV9kMDEuanBnPzEiIGFsdD0i44Ki44OD44OX44Or56S+6KqN5a6a44OR44O844OE5LuY44OQ44Oz44OJIiBib3JkZXI9IjAiPjwvbGk+CiAgICAgICAgIDwhLS0gPGxpIGNsYXNzPSJiYW5uZXIwOCI+PGltZyBzcmM9Imh0dHA6Ly9pbWFnZS5yYWt1dGVuLmNvLmpwL21hbm8tYS1tYW5vL2NhYmluZXQvYmFubmVyL2Vhc3ljbGlja19iYW5uZXI3MzAuanBnIiBhbHQ9IuOCpOODvOOCuOODvOOCr+ODquODg+OCryI+PC9saT4tLT4KICAgICAgICAgIDxsaSBjbGFzcz0iYmFubmVyMDkiPjxpbWcgc3JjPSJodHRwOi8vaW1hZ2UucmFrdXRlbi5jby5qcC9tYW5vLWEtbWFuby9jYWJpbmV0L2Jhbm5lci93cmFwcGluZ18xMDcwLmpwZz8xIiBhbHQ9IuODl+ODrOOCvOODs+ODiOOCruODleODiOWMheijheeEoeaWmSI+PC9saT4KICAgICAgICAgIDxsaSBjbGFzcz0iYmFubmVyMTAiPjxpbWcgc3JjPSJodHRwOi8vaW1hZ2UucmFrdXRlbi5jby5qcC9tYW5vLWEtbWFuby9jYWJpbmV0L3NwZWNpYWwvc296YWlfMDFhXzAxLmpwZyIgYWx0PSIiPjwvbGk+CiAgICAgICAgICA8bGkgY2xhc3M9ImJhbm5lcjExIj48aW1nIHNyYz0iaHR0cDovL2ltYWdlLnJha3V0ZW4uY28uanAvbWFuby1hLW1hbm8vY2FiaW5ldC92b2ljZS9maXR0aW5nXzAxLmpwZz8xIiBhbHQ9IuWVhuWTgeWIpeaZguioiOODmeODq+ODiOODu+ODkOODg+OCr+ODq+ijheedgOS+iyI+PC9saT4KICAgICAgICAgIDxsaSBjbGFzcz0iYmFubmVyMTIiPjxpbWcgc3JjPSJodHRwOi8vaW1hZ2UucmFrdXRlbi5jby5qcC9tYW5vLWEtbWFuby9jYWJpbmV0L3ZvaWNlL2JyYW5kX2ZpdHRpbmdfMDEuanBnPzEiIGFsdD0i5pmC6KiI44OW44Op44Oz44OJ5Yil6KOF552A5LqL5L6LIj48L2xpPgogICAgICAgIDwvdWw+CiAgICAgICAgPC9kaXY+CiAgICAgICAgCjxkaXYgY2xhc3M9ImNsZWFyZml4Ij48L2Rpdj4KCiAgICAgICAgCiAgICAgIDwhLS0gbmV3IGl0ZW0gLS0+CiAgICAgIDxkaXYgY2xhc3M9Im5ld2l0ZW0iPgogICAgICA8ZGl2IGNsYXNzPSJ0aXRsZSI+CiAgICAgICAgICA8aDI+TmV3IEl0ZW08L2gyPgogICAgICAgIDwvZGl2PgogICAgICAgIDx1bD4KICAgICAgICAgIDxsaSBjbGFzcz0iaXRlbTAxIj48aW1nIHNyYz0iaHR0cDovL2ltYWdlLnJha3V0ZW4uY28uanAvbWFuby1hLW1hbm8vY2FiaW5ldC9iZWx0X2ltYWdlL3gwMDMwMzMzX2QwMS5qcGciIGFsdD0i44Kr44K344K544CA6IWV5pmC6KiI44OZ44Or44OI44CAVFlQRSBQQU4o44K/44Kk44OXIOODkeODsykiPjwvbGk+CiAgICAgICAgICA8bGkgY2xhc3M9Iml0ZW0wMiI+PGltZyBzcmM9Imh0dHA6Ly9pbWFnZS5yYWt1dGVuLmNvLmpwL21hbm8tYS1tYW5vL2NhYmluZXQvYmVsdF9pbWFnZS91MTAxNDAwOF9kMDEuanBnIiBhbHQ9IuOCq+OCt+OCueOAgOiFleaZguioiOODmeODq+ODiOOAgFRZUEUgUEFOKOOCv+OCpOODlyDjg5Hjg7MpIj48L2xpPgogICAgICAgICAgPGxpIGNsYXNzPSJpdGVtMDMiPjxpbWcgc3JjPSJodHRwOi8vaW1hZ2UucmFrdXRlbi5jby5qcC9tYW5vLWEtbWFuby9jYWJpbmV0L2JlbHRfaW1hZ2UveDQ0OTdiNDRfZDAxLmpwZyIgYWx0PSLjg6Ljg6zjg6njg7zjg4gg6IWV5pmC6KiI44OZ44Or44OIIFNPQ0NFUijjgrXjg4Pjgqvjg7wpIj48L2xpPgogICAgICAgICAgPGxpIGNsYXNzPSJpdGVtMDQiPjxpbWcgc3JjPSJodHRwOi8vaW1hZ2UucmFrdXRlbi5jby5qcC9tYW5vLWEtbWFuby9jYWJpbmV0L2JlbHRfaW1hZ2UveDAwMzEzMzFfZDAxLmpwZyIgYWx0PSLjgqvjgrfjgrkg6IWV5pmC6KiI44OZ44Or44OIIEdSRU5PQkxFICjjgrDjg6vjg47jg7zjg5bjg6spICI+PC9saT4KICAgICAgICAgIDxsaSBjbGFzcz0iaXRlbTA1Ij48aW1nIHNyYz0iaHR0cDovL2ltYWdlLnJha3V0ZW4uY28uanAvbWFuby1hLW1hbm8vY2FiaW5ldC9iZWx0X2ltYWdlL3UwMDI5MTY5X2QwMV8xLmpwZyIgYWx0PSLjgr/jgqTjg5fjg4fjgqPjg7zjg4Djg5bjg6rjg6Xjg7wiPjwvbGk+CiAgICAgICAgICA8bGkgY2xhc3M9Iml0ZW0wNiI+PGltZyBzcmM9Imh0dHA6Ly9pbWFnZS5yYWt1dGVuLmNvLmpwL21hbm8tYS1tYW5vL2NhYmluZXQvYmVsdF9pbWFnZS94NDgwOGI3MV9kMDEuanBnIiBhbHQ9IuODnuOCteODg+ODgeOCqiI+PC9saT4KICAgICAgICAgIDxsaSBjbGFzcz0iaXRlbTA3Ij48aW1nIHNyYz0iaHR0cDovL2ltYWdlLnJha3V0ZW4uY28uanAvbWFuby1hLW1hbm8vY2FiaW5ldC9iZWx0X2ltYWdlL3g0ODA3Yjk1X2QwMS5qcGciIGFsdD0i44Oi44OH44Kj44Oq44Ki44O844OLIj48L2xpPgogICAgICAgICAgPGxpIGNsYXNzPSJpdGVtMDgiPjxpbWcgc3JjPSJodHRwOi8vaW1hZ2UucmFrdXRlbi5jby5qcC9tYW5vLWEtbWFuby9jYWJpbmV0L2JlbHRfaW1hZ2UveDEwMjIyMzhfZDAxLmpwZyIgYWx0PSLjgqvjgrfjgrkg6IWV5pmC6KiI44OZ44Or44OIIEFWQUxMT04gKOOCouODkOODreODsykgIj48L2xpPgogICAgICAgIDwvdWw+CiAgICAgIDwvZGl2Pgo8ZGl2IGNsYXNzPSJjbGVhcmZpeCI+PC9kaXY+,44CQ44Ki44OD44OX44Or56S+6KqN5a6a44OR44O844OE5LuY44OQ44Oz44OJ44CR44Ki44OD44OX44Or44Km44Kp44OD44OB44CAMzhtbeeUqCA0Mm1t55So44CA5bCC55So44OQ44Oz44OJ44CA44Kk44K/44Oq44KiIOODouODrOODqeODvOODiCDnpL7oo73ohZXmmYLoqIjjg5njg6vjg4ggQklLSU5HICjjg5DjgqTjgq3jg7PjgrApIOaZguioiOODmeODq+ODiOOAkE1hZGUgZm9yIEFwcGxlIFdhdGNo44CR44K144O844OJ44OR44O844OG44Kj77yaTUFOTy1BLU1BTk/jgJDmmYLoqIjjg5njg6vjg4jlsILploDlupfjgJE=,5pmC6KiI44OZ44Or44OI5pmC6KiI44OQ44Oz44OJ44Oi44Os44Op44O844OI44Oq44Oc44Oz44OZ44Or44OI6IWV5pmC6KiI44OQ44Oz44OJ44OK44OI44O844K/44Kk44OXbW9yZWxsYXRv5pmC6KiI44OZ44Or44OI5Lqk5o+b44Ov44OL44OI44Kr44Ky44OW44Op44Kk44OI44Oq44Oz44Kw6Z2p44OZ44Or44OI6Z2p44OQ44Oz44OJ55qu6Z2p44OQ44Oz44OJ44OZ44Or44OI5pmC6KiI44OR44O844OE5pmC6KiI6YOo5ZOB44Ks44Or44O844K344Oj44OR44ON44Op44Kk44CQ44Ki44OD44OX44Or56S+6KqN5a6a44OR44O844OE5LuY44OQ44Oz44OJ44CR44Ki44OD44OX44Or44Km44Kp44OD44OB44CAMzhtbeeUqCA0Mm1t55So44CA5bCC55So44OQ44Oz44OJ44CA44Kk44K/44Oq44KiIOODouODrOODqeODvOODiCDnpL7oo73ohZXmmYLoqIjjg5njg6vjg4ggQklLSU5HICjjg5DjgqTjgq3jg7PjgrApIOaZguioiOODmeODq+ODiOOAkE1hZGUgZm9yIEFwcGxlIFdhdGNo44CR44K144O844OJ44OR44O844OG44Kj,4oC744GT44Gh44KJ44GvQXBwbGUgV2F0Y2jjg5Hjg7zjg4Tku5jjgY3jg5njg6vjg4jjgafjgZnjgILjgJDjgqLjg4Pjg5fjg6vnpL7oqo3lrprjg5Hjg7zjg4Tku5jjg5Djg7Pjg4njgJHjgqLjg4Pjg5fjg6vjgqbjgqnjg4Pjg4HjgIAzOG1t55SoIDQybW3nlKjjgIDlsILnlKjjg5Djg7Pjg4njgIDjgqTjgr/jg6rjgqIg44Oi44Os44Op44O844OIIOekvuijveiFleaZguioiOODmeODq+ODiCBCSUtJTkcgKOODkOOCpOOCreODs+OCsCkg5pmC6KiI44OZ44Or44OI44CQTWFkZSBmb3IgQXBwbGUgV2F0Y2jjgJHjgrXjg7zjg4njg5Hjg7zjg4bjgqM=[rn]
22-59933,aHR0cDovL3RzaG9wLnIxMHMuanAvM3J3ZWJzaG9wL2NhYmluZXQvb3RoZXIvaXBob25lL3NkYXctaXRtMDEuanBnP2ZpdGluPTcwMDo3MDA=,NjQ4MC4wMDAw,,6IWV5pmC6KiIID4g6IWV5pmC6KiI55So44Ki44Kv44K744K144Oq44O8ID4g6IWV5pmC6KiI55So44OZ44Or44OI44O744OQ44Oz44OJ,6YCB5paZ54Sh5paZIFNMRyBEZXNpZ24g44K544Oe44O844OI44Km44Kp44OD44OBIOODkOODs+ODiSBBcHBsZSBXYXRjaCDjg5Djg7Pjg4kg44Ki44OD44OX44Or44Km44Kp44OD44OBIOODmeODq+ODiCDmnKzpnakg54mb6Z2pIOODj+ODs+ODieODoeOCpOODiSDohZXmmYLoqIjnlKjjg5njg6vjg4gg5pu/44GI44OZ44Or44OI,44CQ6YCB5paZ54Sh5paZ44CRU0xHIERlc2lnbiBBcHBsZSBXYXRjaOeUqOODkOODs+ODiQ==,PGJyPjxicj4KCjx0YWJsZSB3aWR0aD0iMTAwJSIgYm9yZGVyPSIwIiBjZWxsc3BhY2luZz0iMSIgY2VsbHBhZGRpbmc9IjMiIGJnY29sb3I9IiNjMGMwYzAiPgogICAgPHRyIGJnY29sb3I9IiNlY2VjZWMiPgogICAgICA8dGQgd2lkdGg9Ijk2JSI+PGZvbnQgc2l6ZT0iMiIgY29sb3I9IiMzMzMzMzMiPjxzdHJvbmc+PGZvbnQgY29sb3I9IiNGRjk5OTkiPuKYhTwvZm9udD7jgqLjgqTjg4bjg6Dmg4XloLE8Zm9udCBjb2xvcj0iI0ZGOTk5OSI+4piFIDwvZm9udD48L3N0cm9uZz48L2ZvbnQ+PC90ZD4KICA8L3RyPgogICAgPHRyPgogICAgICA8dGQgdmFsaWduPSJ0b3AiIGJnY29sb3I9IiNGRkZGRkYiPjxkaXYgYWxpZ249InJpZ2h0Ij4gPGZvbnQgc2l6ZT0iLTEiPuKAu+WQhOOCouOCpOOCs+ODs+OBruips+e0sOOBr+OBk+OBoeOCiTwvZm9udD48aW1nIHNyYz0iaHR0cDovL2ltYWdlLnJha3V0ZW4uY28uanAvM3J3ZWJzaG9wL2NhYmluZXQvaS1jb24xMC5naWYiIGFsaWduPSJsZWZ0IiAvPjxpbWcgc3JjPSJodHRwOi8vaW1hZ2UucmFrdXRlbi5jby5qcC8zcndlYnNob3AvY2FiaW5ldC9pLWNvbjguZ2lmIiBhbGlnbj0ibGVmdCIgLz48YnI+CjwvZGl2PjwvdGQ+CjwvdGFibGU+CiAgPHRhYmxlIHdpZHRoPSIxMDAlIiBib3JkZXI9IjAiIGNlbGxzcGFjaW5nPSIxIiBjZWxscGFkZGluZz0iMyIgYmdjb2xvcj0iI2MwYzBjMCI+CiAgICA8dHIgYmdjb2xvcj0iI2VjZWNlYyI+CiAgICAgIDx0ZCB3aWR0aD0iOTYlIj48Zm9udCBzaXplPSIyIiBjb2xvcj0iIzMzMzMzMyI+PHN0cm9uZz48Zm9udCBjb2xvcj0iI0ZGOTk5OSI+4piFPC9mb250PuWVhuWTgeiqrOaYjjxmb250IGNvbG9yPSIjRkY5OTk5Ij7imIUgPC9mb250Pjwvc3Ryb25nPjwvZm9udD48L3RkPgoKICAgIDwvdHI+CiAgICA8dHIgYmdjb2xvcj0iI0ZGRkZGRiI+CiAgICAgIDx0ZD4KICAgICAgICA8cD48Zm9udCBzaXplPSIyIj48c3Ryb25nPlNMRyBEZXNpZ24g44Kk44K/44Oq44Ki55Sj44Gu54mb5pys6Z2pQXBwbGUgV2F0Y2jnlKjjg5Djg7Pjg4njgILnhp/nt7TjgZfjgZ/ogbfkurrjgavjgojjgosxMDDvvIXjg4/jg7Pjg4njg6HjgqTjg4noo73jgafjgZnjgII8L3N0cm9uZz48YnIgLz4KICAgICAgICA8YnIgLz4KICAgICAgICDjgJDoo73lk4HnibnlvrTjgJE8YnIgLz48YnIgLz4KICAgICAgICDil4/kvb/jgYTovrzjgoDjgbvjganlhYnmsqLjgYzlopfjgZfjgIHniZvpnanmnKzmnaXjga7ntKDmmbTjgonjgZfjgZXjgpLmhJ/jgZjjgovjgZPjgajjgYzjgafjgY3jgovjg5fjg6zjg5/jgqLjg6Djgarjg6zjgrbjg7w8YnI+CiAgICAgICAg4peP6KOB5pat44CB57ir6KO944CB5YiH44KK55uu5Yqg5bel44Gq44Gp5L2c5qWt5bel56iL44Gu44GZ44G544Gm44GM44CB54af57e044GX44Gf6IG35Lq644Gu5omL5LuV5LqL44Gr44KI44Gj44Gm5L2c44KJ44KM44Gm44GE44G+44GZPGJyPgogICAgICAgIOKXj+mgkeS4iOOBp+e+juOBl+OBhOaWremdouOCkuS9nOOCi+OBn+OCgeOBqzXluqbjga7kvZzmpa3lt6XnqIvjgpLosrvjgoTjgZfjgIHkuIHlr6fjgavku5XkuIrjgZLjgabjgYTjgb7jgZk8YnI+CiAgICAgICAg4peP44K544OG44OD44OB44Gr5L2/55So44GV44KM44Gm44GE44KL57O444Gv44CB6ICQ5LmF5oCn44Go5by35bqm44GM6auY44GE44GT44Go44Gn5pyJ5ZCN44Gq44OJ44Kk44OEQU1BTk7vvIjjgqLjg57jg7PvvInnpL7oo73jga7jgrvjg6njg5XjgqPjg6vjgpLkvb/nlKg8YnI+CiAgICAgICAg4peP44Kr44Op44O844OQ44Oq44Ko44O844K344On44Oz44Gv44CB44K/44Oz44OW44Op44Km44Oz44CB44Kw44Oq44O844Oz44CB44Os44OD44OJ44CB44OB44On44Kz44CB44OW44Op44OD44Kv44Gu6LGK5a+M44Gq5YWoNeiJsjxicj4KICAgICAgICDil4/lj5bku5jmlrnms5Xjga8zc3RlcOOBp+OAgeewoeWNmOS7mOOBkeabv+OBiOOBp+OBjeOBvuOBmTxicj4KICAgICAgICA8YnIgLz4KICAgICAgICA8L2ZvbnQ+PC9wPjwvdGQ+CiAgICA8L3RyPgogIDwvdGFibGU+Cjxicj4KCiAgPHRhYmxlIHdpZHRoPSIxMDAlIiBib3JkZXI9IjAiIGNlbGxzcGFjaW5nPSIxIiBjZWxscGFkZGluZz0iMyIgYmdjb2xvcj0iI2MwYzBjMCI+CiAgICA8dHIgYmdjb2xvcj0iI2VjZWNlYyI+CiAgICAgIDx0ZCB3aWR0aD0iOTYlIj48Zm9udCBzaXplPSIyIiBjb2xvcj0iIzMzMzMzMyI+PHN0cm9uZz48Zm9udCBjb2xvcj0iI0ZGOTk5OSI+4piFPC9mb250PuWVhuWTgeips+e0sDxmb250IGNvbG9yPSIjRkY5OTk5Ij7imIUgPC9mb250Pjwvc3Ryb25nPjwvZm9udD48L3RkPgogICAgPC90cj4KICAgICAgPHRyPgogICAgICAgIDx0ZCB2YWxpZ249InRvcCIgYmdjb2xvcj0iI0ZGRkZGRiI+CiAgICAgICAgPHRhYmxlIHdpZHRoPSIxMDAlIiBib3JkZXI9IjAiIGNlbGxzcGFjaW5nPSIyIiBjZWxscGFkZGluZz0iNSI+CiAgICAgICAgICAgPHRyPgogICAgICAgICAgICAgPHRkIHZhbGlnbj0idG9wIiBiZ2NvbG9yPSIjZWNlY2VjIj48Zm9udCBzaXplPSIyIj7jg5bjg6njg7Pjg4nlkI08L2ZvbnQ+PC90ZD4KICAgICAgICAgICAgIDx0ZCB2YWxpZ249InRvcCI+PGZvbnQgc2l6ZT0iMiI+U0xHIERlc2lnbu+8iOOCqOOCueOCqOODq+OCuOODvOODh+OCtuOCpOODs++8iTwvZm9udD48L3RkPgogICAgICAgICAgIDwvdHI+CiAgICAgICAgICAgPHRyPgogICAgICAgICAgICAgPHRkIHZhbGlnbj0idG9wIiBiZ2NvbG9yPSIjZWNlY2VjIj48Zm9udCBzaXplPSIyIj7llYblk4HlkI08L2ZvbnQ+PC90ZD4KICAgICAgICAgICAgIDx0ZCB2YWxpZ249InRvcCI+PGZvbnQgc2l6ZT0iMiI+U0xHIERlc2lnbiBBcHBsZSBXYXRjaDM4bW1t55So44OQ44Oz44OJIEQ2IElNQkzjgIE8YnI+U0xHIERlc2lnbiBBcHBsZSBXYXRjaDQybW3nlKjjg5Djg7Pjg4kgRDYgSU1CTDwvZm9udD48L3RkPgogICAgICAgICAgIDwvdHI+CiAgICAgICAgICAgPHRyPgogICAgICAgICAgICAgPHRkIHZhbGlnbj0idG9wIiBiZ2NvbG9yPSIjZWNlY2VjIj48Zm9udCBzaXplPSIyIj7lr77lv5zmqZ/nqK48L2ZvbnQ+PC90ZD4KICAgICAgICAgICAgIDx0ZCB2YWxpZ249InRvcCI+PGZvbnQgc2l6ZT0iMiI+QXBwbGUgV2F0Y2ggMzhtbeOAgUFwcGxlIFdhdGNoIDQybW08L2ZvbnQ+PC90ZD4KICAgICAgICAgICA8L3RyPgogICAgICAgICAgIDx0cj4KICAgICAgICAgICAgIDx0ZCB2YWxpZ249InRvcCIgYmdjb2xvcj0iI2VjZWNlYyI+PGZvbnQgc2l6ZT0iMiI+44K144Kk44K6PC9mb250PjwvdGQ+CiAgICAgICAgICAgICA8dGQgdmFsaWduPSJ0b3AiPjxmb250IHNpemU9IjIiPjM4bW3nlKjvvJrjg5zjgr/jg7PnqbTlgbTigKYxMjRtbeOAgeeVmeOCgeWFt+WBtOKApjk1bW08YnI+NDJtbeeUqO+8muODnOOCv+ODs+eptOWBtOKApjEyNG1t44CB55WZ44KB5YW35YG04oCmOTVtbeOAgOKAu+OBhOOBmuOCjOOCguODqeOCsOWQq+OCgDwvZm9udD48L3RkPgogICAgICAgICAgIDwvdHI+CiAgICAgICAgICAgPHRyPgogICAgICAgICAgICAgPHRkIHZhbGlnbj0idG9wIiBiZ2NvbG9yPSIjZWNlY2VjIj48Zm9udCBzaXplPSIyIj7mnKzkvZPph43ph488L2ZvbnQ+PC90ZD4KICAgICAgICAgICAgIDx0ZCB2YWxpZ249InRvcCI+PGZvbnQgc2l6ZT0iMiI+MzhtbeeUqO+8mjIwZzxicj40Mm1t55So77yaMjFn44CA4oC744GE44Ga44KM44KC44Op44Kw5ZCr44KAPC9mb250PjwvdGQ+CiAgICAgICAgICAgPC90cj4KICAgICAgICAgICA8dHI+CiAgICAgICAgICAgICA8dGQgdmFsaWduPSJ0b3AiIGJnY29sb3I9IiNlY2VjZWMiPjxmb250IHNpemU9IjIiPuWOn+eUo+WcsDwvZm9udD48L3RkPgogICAgICAgICAgICAgPHRkIHZhbGlnbj0idG9wIj48Zm9udCBzaXplPSIyIj7pn5Plm708L2ZvbnQ+PC90ZD4KICAgICAgICAgICA8L3RyPgogICAgICAgICAgPHRyPgogICAgICAgICAgICAgPHRkIHZhbGlnbj0idG9wIiBiZ2NvbG9yPSIjZWNlY2VjIj48Zm9udCBzaXplPSIyIj7ntKDmnZA8L2ZvbnQ+PC90ZD4KICAgICAgICAgICAgIDx0ZCB2YWxpZ249InRvcCI+PGZvbnQgc2l6ZT0iMiI+54mb6Z2p44CB44K544OG44Oz44Os44K5PC9mb250PjwvdGQ+CiAgICAgICAgICAgPC90cj4KICAgICAgICAgIDx0cj4KICAgICAgICAgICAgIDx0ZCB2YWxpZ249InRvcCIgYmdjb2xvcj0iI2VjZWNlYyI+PGZvbnQgc2l6ZT0iMiI+5L+d6Ki85pyf6ZaTPC9mb250PjwvdGQ+CiAgICAgICAgICAgICA8dGQgdmFsaWduPSJ0b3AiPjxmb250IHNpemU9IjIiPuWIneacn+S4jeiJr+OBruOBv+S6pOaPm+WvvuW/nDwvZm9udD48L3RkPgogICAgICAgICAgIDwvdHI+CiAgICAgICAgPC90YWJsZT48L3RkPgogICAgPC90cj4KICA8L3RhYmxlPjxiciAvPgrjgJAyMDE15bm0MTHmnIjnmbvpjLLjgJE8bGluayByZWw9InN0eWxlc2hlZXQiIGhyZWY9Imh0dHA6Ly93d3cucmFrdXRlbi5uZS5qcC9nb2xkLzNyd2Vic2hvcC9jc3MvaWZyYW1lLmNzcyIgLz4KPGxpbmsgcmVsPSJzdHlsZXNoZWV0IiBocmVmPSJodHRwOi8vd3d3LnJha3V0ZW4ubmUuanAvZ29sZC8zcndlYnNob3AvY3NzL2l0ZW1wYWdlLmNzcyIgLz4KCjxicj4KPGJyPgo8aW1nIHNyYz0iaHR0cDovL2ltYWdlLnJha3V0ZW4uY28uanAvM3J3ZWJzaG9wL2NhYmluZXQvaGFuc29rdS9yZXZpZXctY291cG9uL3Jldmlldy1ndWlkZS5qcGciIHdpZHRoPSIxMDAlIiBib3JkZXI9IjAiPjxicj48YnI+Cgo8IS0tM+ahiC0tPgo8bGluayByZWw9InN0eWxlc2hlZXQiIGhyZWY9Imh0dHA6Ly93d3cucmFrdXRlbi5uZS5qcC9nb2xkLzNyd2Vic2hvcC9xYS9oZWxwX2luZGV4LmNzcyI+CjxpbWcgY2xhc3M9InBjLWhlbHBfaW5kZXgiIHNyYz0iaHR0cDovL3d3dy5yYWt1dGVuLm5lLmpwL2dvbGQvM3J3ZWJzaG9wL3FhL2ltYWdlL2NhcnRfaWNvbl9wYy5wbmciIHdpZHRoPSI4MCIgaGVpZ2h0PSIxMTUiIGFsdD0iIi8gPgo8IS0tM+ahiC0tPg==,6YCB5paZ54Sh5paZIFNMRyBEZXNpZ24g44K544Oe44O844OI44Km44Kp44OD44OBIOODkOODs+ODiSBBcHBsZSBXYXRjaCDjg5Djg7Pjg4kg44Ki44OD44OX44Or44Km44Kp44OD44OBIOODmeODq+ODiCDmnKzpnakg54mb6Z2pIOODj+ODs+ODieODoeOCpOODiSDohZXmmYLoqIjnlKjjg5njg6vjg4gg5pu/44GI44OZ44Or44OI77ya44Kz44Kz44Ot44Of44Kv44Op44OW5qW95aSp5biC5aC05bqX,44K744Or44Kr5qOS44Oi44OQ44Kk44Or44OQ44OD44OG44Oq44O8aXBob25lIOWFhembu+WZqOOCueODnuODmyDlhYXpm7vlmajjgqLjgqTjg5Xjgqnjg7Mg5YWF6Zu75Zmo44Ki44Oz44OJ44Ot44Kk44OJIOWFhembu+WZqHVzYuODoeODouODqkxpZ2h0bmluZyBIRE1JIOWkieaPm+ODkOODs+OCq+ODvOODquODs+OCsOOCueODnuODm+ODquODs+OCsGZt44OI44Op44Oz44K544Of44OD44K/44O8Zm3jg4jjg6njg7Pjgrnjg5/jg4Pjgr/jg7wgYmx1ZXRvb3Ro6LuK6LyJ44Ob44Or44OA44O844K/44OW44Os44OD44OIIOi7iui8ieODm+ODq+ODgOODvOODkOODg+ODhuODquODvOODouODkOOCpOODq+ODkOODg+ODhuODquODvCBpcGhvbmXjgrnjg57jg5vlhYXpm7vlmahibHVldG9vdGgg44OI44Op44Oz44K544Of44OD44K/44OI44Op44Oz44K544Of44OD44K/44O844K344Ks44O844K944Kx44OD44OI6YCB5paZ54Sh5paZIFNMRyBEZXNpZ24g44K544Oe44O844OI44Km44Kp44OD44OBIOODkOODs+ODiSBBcHBsZSBXYXRjaCDjg5Djg7Pjg4kg44Ki44OD44OX44Or44Km44Kp44OD44OBIOODmeODq+ODiCDmnKzpnakg54mb6Z2pIOODj+ODs+ODieODoeOCpOODiSDohZXmmYLoqIjnlKjjg5njg6vjg4gg5pu/44GI44OZ44Or44OI,44CQ6YCB5paZ54Sh5paZ44CRU0xHIERlc2lnbiBBcHBsZSBXYXRjaOeUqOODkOODs+ODieOAgumAgeaWmeeEoeaWmSBTTEcgRGVzaWduIOOCueODnuODvOODiOOCpuOCqeODg+ODgSDjg5Djg7Pjg4kgQXBwbGUgV2F0Y2gg44OQ44Oz44OJIOOCouODg+ODl+ODq+OCpuOCqeODg+ODgSDjg5njg6vjg4gg5pys6Z2pIOeJm+mdqSDjg4/jg7Pjg4njg6HjgqTjg4kg6IWV5pmC6KiI55So44OZ44Or44OIIOabv+OBiOODmeODq+ODiA==[rn]
22-59934,aHR0cDovL3RzaG9wLnIxMHMuanAvYmFzcXVlL2NhYmluZXQvc21hcnQvY2hwaDAxNi5qcGc/Zml0aW49NzAwOjcwMA==,MTE4NC4wMDAw,,6IWV5pmC6KiIID4g6IWV5pmC6KiI55So44Ki44Kv44K744K144Oq44O8ID4g6IWV5pmC6KiI55So44OZ44Or44OI44O744OQ44Oz44OJ,44Ki44OD44OX44Or44Km44Kp44OD44OBIOOCueODneODvOODhCDjg5Djg7Pjg4kg44Op44OQ44O844OZ44Or44OIIOOCt+ODquOCs+ODsyAzOG1tIDQybW0g5pmC6KiI55So44OZ44Or44OI57Ch5Y2Y5Lqk5o+bICDjgqLjg4Djg5fjgr/jg7zku5jjgY0gQXBwbGUgV2F0Y2gg5qC85a6J44CQ44Oh44O844Or5L6/6YCB5paZ54Sh5paZ44CR,44Ki44OD44OX44Or44Km44Kp44OD44OB44CA5Lqk5o+b44OQ44Oz44OJQXBwbGUgd2F0Y2g=,,44Ki44OD44OX44Or44Km44Kp44OD44OBIOOCueODneODvOODhCDjg5Djg7Pjg4kg44Op44OQ44O844OZ44Or44OIIOOCt+ODquOCs+ODsyAzOG1tIDQybW0g5pmC6KiI55So44OZ44Or44OI57Ch5Y2Y5Lqk5o+bICDjgqLjg4Djg5fjgr/jg7zku5jjgY0gQXBwbGUgV2F0Y2gg5qC85a6J44CQ44Oh44O844Or5L6/6YCB5paZ54Sh5paZ44CR77yaQmFzcXVl44OQ44K544Kv,44Os44OD44Kw44Ki44OZ44OL44Ol44O844Kz44K544OB44Ol44O844Og44Kz44K544OX44Os44OP44Ot44Km44Kj44Oz44K744Kv44K344O844Kz44K544OB44Ol44O844Og44Kk44Oz44Od44O844OI5rC0552A5aSn5Lq644Ov44Oz44OU44O844K55aSn44GN44GE44K144Kk44K644Kt44Oj44OQ44OP44Kk44OS44O844Or44Kv44Oq44Ki44OS44O844Or44K744Kv44K344O844OT44Kt44OL44OB44Ol44Ki44Oz44OU44K144Oe44Kk44K744Os44Kv44OI44K344On44OD44OX44Ki44OD44OX44Or44Km44Kp44OD44OBIOOCueODneODvOODhCDjg5Djg7Pjg4kg44Op44OQ44O844OZ44Or44OIIOOCt+ODquOCs+ODsyAzOG1tIDQybW0g5pmC6KiI55So44OZ44Or44OI57Ch5Y2Y5Lqk5o+bICDjgqLjg4Djg5fjgr/jg7zku5jjgY0gQXBwbGUgV2F0Y2gg5qC85a6J44CQ44Oh44O844Or5L6/6YCB5paZ54Sh5paZ44CR,44Ki44OD44OX44Or44Km44Kp44OD44OB44CA5Lqk5o+b44OQ44Oz44OJQXBwbGUgd2F0Y2jjgILjgqLjg4Pjg5fjg6vjgqbjgqnjg4Pjg4Eg44K544Od44O844OEIOODkOODs+ODiSDjg6njg5Djg7zjg5njg6vjg4gg44K344Oq44Kz44OzIDM4bW0gNDJtbSDmmYLoqIjnlKjjg5njg6vjg4jnsKHljZjkuqTmj5sgIOOCouODgOODl+OCv+ODvOS7mOOBjSBBcHBsZSBXYXRjaCDmoLzlronjgJDjg6Hjg7zjg6vkvr/pgIHmlpnnhKHmlpnjgJE=[rn]
22-59935,aHR0cDovL3RzaG9wLnIxMHMuanAvaXpvem90b3dudG9mdWppL2NhYmluZXQvaXctYjAxL2l3LWIwMS5qcGc/Zml0aW49NzAwOjcwMA==,MjU3Ny42MDAw,,6IWV5pmC6KiIID4g6IWV5pmC6KiI55So44Ki44Kv44K744K144Oq44O8ID4g6IWV5pmC6KiI55So44OZ44Or44OI44O744OQ44Oz44OJ,QXBwbGUgV2F0Y2gg5a++5b+cIOODmeODq+ODiCDjg5Djg7Pjg4kgRm9yIGFwcGxlIHdhdGNoIOODluODqeODs+ODieOAgEJBU0VVUyDmnKzpnanjg5njg6vjg4ggMzhtbSA0Mm1tIOaZguioiCDjg6zjgrbjg7wg44OZ44Or44OIIOOCouODg+ODl+ODq+OCpuOCqeODg+ODgSBhcHBsZSB3YXRjaCDjg5njg6vjg4gg44OW44Op44OD44KvIOacrOmdqSDlpJroibLjgIAwMlAwNU5vdjE2,,PHN0eWxlIHR5cGU9InRleHQvY3NzIj4KLnRhYl9iYW4gewogICAgd2lkdGg6IDYwcHg7CiAgICBoZWlnaHQ6IDIwMHB4OyAKICAgIAogICAgei1pbmRleDogOTk5OTsKfQoKLnRhYl9iYW4gYSB7CiAgICBkaXNwbGF5OiBibG9jazsKICAgIHdpZHRoOiAxMDAlOwogICAgaGVpZ2h0OiAxMDAlOwp9Ci50YWJfYmFuIGE6aG92ZXIgaW1newogIG9wYWNpdHk6IDE7Cn0KLnRhYl9iYW46aG92ZXIgewogICAgd2lkdGg6IDI3MHB4OwogICAgLXdlYmtpdC10cmFuc2l0aW9uOiB3aWR0aCBlYXNlLWluLW91dCAwLjVzOwogICAgLW1vei10cmFuc2l0aW9uOiB3aWR0aCBlYXNlLWluLW91dCAwLjVzOwogICAgLW1zLXRyYW5zaXRpb246IHdpZHRoIGVhc2UtaW4tb3V0IDAuNXM7CiAgICAtby10cmFuc2l0aW9uOiB3aWR0aCBlYXNlLWluLW91dCAwLjVzOwogICAgdHJhbnNpdGlvbjogd2lkdGggZWFzZS1pbi1vdXQgMC41czsKfQoKLnRhYl9iYW4gYTpob3ZlciB7CiAgICAvKiBJRTkgKi8KICAgIHdpZHRoOiAyNzVweFw5Owp9CgojdGFiMDEgewogIHBvc2l0aW9uOiBmaXhlZCAhaW1wb3J0YW50OyAKICByaWdodDogMDsgCiAgdG9wOiAxNTBweDsKICBiYWNrZ3JvdW5kLXJlcGVhdDogbm8tcmVwZWF0OwogIGJhY2tncm91bmQtcG9zaXRpb246IDAgMCBuby1yZXBlYXQ7CiAgYmFja2dyb3VuZC1pbWFnZTogdXJsKGh0dHA6Ly93d3cucmFrdXRlbi5uZS5qcC9nb2xkL2l6b3pvdG93bnRvZnVqaS9pbWFnZXMvaW5kZXhfZmlsZXMvdGFiX2JuMDEuanBnKTsKfQojdGFiMDIgewogIHBvc2l0aW9uOiBmaXhlZCAhaW1wb3J0YW50OyAKICByaWdodDogMDsgCiAgdG9wOiAzMjBweDsKICBiYWNrZ3JvdW5kLXJlcGVhdDogbm8tcmVwZWF0OwogIGJhY2tncm91bmQtcG9zaXRpb246IDAgMCBuby1yZXBlYXQ7CiAgYmFja2dyb3VuZC1pbWFnZTogdXJsKGh0dHA6Ly93d3cucmFrdXRlbi5uZS5qcC9nb2xkL2l6b3pvdG93bnRvZnVqaS9pbWFnZXMvaW5kZXhfZmlsZXMvdGFiX2JuLXgtZG8wMi5qcGcpOwp9CiN0YWIwMyB7CiAgcG9zaXRpb246IGZpeGVkICFpbXBvcnRhbnQ7IAogIHJpZ2h0OiAwOyAKICB0b3A6IDQ5MHB4OwogIGJhY2tncm91bmQtcmVwZWF0OiBuby1yZXBlYXQ7CiAgYmFja2dyb3VuZC1wb3NpdGlvbjogMCAwIG5vLXJlcGVhdDsKICBiYWNrZ3JvdW5kLWltYWdlOiB1cmwoaHR0cDovL3d3dy5yYWt1dGVuLm5lLmpwL2dvbGQvaXpvem90b3dudG9mdWppL2ltYWdlcy9pbmRleF9maWxlcy90YWJfYm4wMy5qcGcpOwp9CgpAbWVkaWEgKG1pbi13aWR0aDogMXB4KSBhbmQgKG1heC13aWR0aDogMTA2MHB4KSB7CiAgLnRhYl9iYW4gYSB7CiAgICAgIGRpc3BsYXk6IG5vbmU7CiAgfQogICN0YWIwMSB7CiAgICAgIGRpc3BsYXk6IG5vbmU7CiAgfQogICN0YWIwMiB7CiAgICAgIGRpc3BsYXk6IG5vbmU7CiAgfQogICN0YWIwMyB7CiAgICAgIGRpc3BsYXk6IG5vbmU7CiAgfQp9Cgo8L3N0eWxlPgo8ZGl2IGNsYXNzPSJjb250YWluZXIiPgoKPGRpdiBpZD0idGFiMDEiIGNsYXNzPSJ0YWJfYmFuIj48aW1nIHNyYz0iaHR0cDovL3d3dy5yYWt1dGVuLm5lLmpwL2dvbGQvaXpvem90b3dudG9mdWppL2ltYWdlcy9pbmRleF9maWxlcy90YWJfYm4wMS5qcGciPjwvZGl2Pgo8ZGl2IGlkPSJ0YWIwMiIgY2xhc3M9InRhYl9iYW4iPjxpbWcgc3JjPSJodHRwOi8vd3d3LnJha3V0ZW4ubmUuanAvZ29sZC9pem96b3Rvd250b2Z1amkvaW1hZ2VzL2luZGV4X2ZpbGVzL3RhYl9ibi14LWRvMDIuanBnIj48L2Rpdj4KPGRpdiBpZD0idGFiMDMiIGNsYXNzPSJ0YWJfYmFuIj48aW1nIHNyYz0iaHR0cDovL3d3dy5yYWt1dGVuLm5lLmpwL2dvbGQvaXpvem90b3dudG9mdWppL2ltYWdlcy9pbmRleF9maWxlcy90YWJfYm4wMy5qcGciPjwvZGl2Pg==,QXBwbGUgV2F0Y2gg5a++5b+cIOODmeODq+ODiCDjg5Djg7Pjg4kgRm9yIGFwcGxlIHdhdGNoIOODluODqeODs+ODieOAgEJBU0VVUyDmnKzpnanjg5njg6vjg4ggMzhtbSA0Mm1tIOaZguioiCDjg6zjgrbjg7wg44OZ44Or44OIIOOCouODg+ODl+ODq+OCpuOCqeODg+ODgSBhcHBsZSB3YXRjaCDjg5njg6vjg4gg44OW44Op44OD44KvIOacrOmdqSDlpJroibLjgIAwMlAwNU5vdjE277yaSVpPWk9UT1dOVE8g5qW95aSp5biC5aC05bqX,QXBwbGUgV2F0Y2gg5a++5b+cIOODmeODq+ODiCDjg5Djg7Pjg4kgRm9yIGFwcGxlIHdhdGNoIOODluODqeODs+ODieOAgEJBU0VVUyDmnKzpnanjg5njg6vjg4ggMzhtbSA0Mm1tIOaZguioiCDjg6zjgrbjg7wg44OZ44Or44OIIOOCouODg+ODl+ODq+OCpuOCqeODg+ODgSBhcHBsZSB3YXRjaCDjg5njg6vjg4gg44OW44Op44OD44KvIOacrOmdqSDlpJroibLjgIAwMlAwNU5vdjE2,QXBwbGUgV2F0Y2gg5a++5b+cIOODmeODq+ODiCDjg5Djg7Pjg4kgRm9yIGFwcGxlIHdhdGNoIOODluODqeODs+ODieOAgEJBU0VVUyDmnKzpnanjg5njg6vjg4ggMzhtbSA0Mm1tIOaZguioiCDjg6zjgrbjg7wg44OZ44Or44OIIOOCouODg+ODl+ODq+OCpuOCqeODg+ODgSBhcHBsZSB3YXRjaCDjg5njg6vjg4gg44OW44Op44OD44KvIOacrOmdqSDlpJroibLjgIAwMlAwNU5vdjE2[rn]
22-59936,aHR0cDovL3RzaG9wLnIxMHMuanAvZ29sZC90cmVuZHN0eWxlL2ltZy9pbWcvZW1wdHdiZGIxMi5qcGc/Zml0aW49NzAwOjcwMA==,MTQ2Ni40MDAw,,6IWV5pmC6KiIID4g6IWV5pmC6KiI55So44Ki44Kv44K744K144Oq44O8ID4g6IWV5pmC6KiI55So44OZ44Or44OI44O744OQ44Oz44OJ,44CQ6IWV5pmC6KiIIOODmeODq+ODiCDpnakgROODkOODg+OCr+ODqyBlbXB044CRROODkOODg+OCr+ODq+S7mOOBp+OBk+OBruS+oeagvCEh5pmC6KiIIOODmeODq+ODiCDohZXmmYLoqIjjg5Djg7Pjg4kg6Z2pIOiFleaZguioiCDjg6Hjg7PjgrogKOiFleaZguioiCDmm7/jgYjjg5njg6vjg4ggMThtbSAxOW1tIDIwbW0gMjFtbSAyMm1tICkg4pag44OQ44ON5qOS5aSW44GX44OX44Os44K844Oz44OI4pmqIETjg5Djg4Pjgq/jg6sg6IWV5pmC6KiIIOODoeODs+OCuiDpnanjg5njg6vjg4gg6IWV5pmC6KiIIOabv+OBiOODkOODs+ODiSDpnakg6IWV5pmC6KiI44OZ44Or44OI,6YCB5paZ54Sh5paZIOiFleaZguioiCDjg5njg6vjg4gg6Z2pIOiFleaZguioiOODkOODs+ODiSBE44OQ44OD44Kv44OrIOS6uuawlw==,PFRBQkxFIGJvcmRlcj0wIGNlbGxTcGFjaW5nPTAgY2VsbFBhZGRpbmc9MiB3aWR0aD01MDAgYWxpZ249Y2VudGVyPjxUQk9EWT48VFI+PFREIGJnQ29sb3I9I2YwZjBmMCBhbGlnbj1taWRkbGU+PEZPTlQgc2l6ZT0yIGNvbG9yPSM2NjY2NjY+44O744O744O744O744O744CA5ZWG44CA5ZOB44CA6Kmz44CA57Sw44CA44O744O744O744O744O7PC9GT05UPjwvVEQ+PC9UUj48L1RCT0RZPjwvVEFCTEU+PEJSPjxUQUJMRSBib3JkZXI9MSBjZWxsU3BhY2luZz0xIGNlbGxQYWRkaW5nPTIgd2lkdGg9NTAwIGFsaWduPWNlbnRlciBiZ2NvbG9yPSNmMGYwZjA+PFRCT0RZPjxUUj48VEQgY2xhc3M9c3R5bGUxMCBiZ0NvbG9yPSNmMGYwZjAgd2lkdGg9MjAlPjxmb250IGNvbG9yPSM2NjY2NjY+5ZWG5ZOB5ZCNPC9mb250PjwvVEQ+PFREIGNsYXNzPXN0eWxlMTAgYmdDb2xvcj0jZmZmZmZmIHdpZHRoPTgwJT48Zm9udCBjb2xvcj0jMzMzMzMzPuiFleaZguioiOmdqeabv+OBiOODmeODq+ODiCtE44OQ44OD44Kv44OrPC9mb250PjwvVEQ+PC9UUj48VFI+PFREIGNsYXNzPXN0eWxlMTAgYmdDb2xvcj0jZjBmMGYwIHdpZHRoPTIwJT48Zm9udCBjb2xvcj0jNjY2NjY2PuS7mOWxnuWTgTwvZm9udD48L1REPjxURCBjbGFzcz1zdHlsZTEwIGJnQ29sb3I9I2ZmZmZmZiB3aWR0aD04MCU+PGZvbnQgY29sb3I9IzMzMzMzMz7jg7vmmYLoqIjmm7/jgYjjg5njg6vjg4jkuIDlvI8oROODkOODg+OCr+ODq+OBr+acrOS9k+OBq+S7mOWxnuOBl+OBpuOBhOOBvuOBmeOAgik8YnI+44O744OQ44ON5qOS5aSW44GX44GM5LuY44GE44Gm44GN44G+44GZ44CC44G+44Gf44CB5LqI5YKZ44Gu44OQ44ON5qOS44KC5LuY5bGe44GX44G+44GZ44Gu44Gn44CB44GU5a6J5b+D5LiL44GV44GE44CCPC9mb250PjwvVEQ+PC9UUj48VFI+PFREIGNsYXNzPXN0eWxlMTAgYmdDb2xvcj0jZjBmMGYwIHdpZHRoPTIwJT48Zm9udCBjb2xvcj0jNjY2NjY2PuWvvuW/nOOCteOCpOOCujwvZm9udD48L1REPjxURCBjbGFzcz1zdHlsZTEwIGJnQ29sb3I9I2ZmZmZmZiB3aWR0aD04MCU+PGZvbnQgY29sb3I9IzMzMzMzMz7ohZXlkajjgorjgIDntIQxOGNt772eMjJjbeWvvuW/nDxicj7oo4XnnYDjgZnjgovmmYLoqIjjga7jg5XjgqfjgqTjgrnjgrXjgqTjgrrjgavjgojjgorlpJrlsJHliY3lvozjgZfjgb7jgZnjga7jgafjgIHjgZTms6jmhI/kuIvjgZXjgYTjgII8L2ZvbnQ+PC9URD48L1RSPjxUUj48VEQgY2xhc3M9c3R5bGUxMCBiZ0NvbG9yPSNmMGYwZjAgd2lkdGg9MjAlPjxmb250IGNvbG9yPSM2NjY2NjY+44Oh44O844Kr44O8PC9mb250PjwvVEQ+PFREIGNsYXNzPXN0eWxlMTAgYmdDb2xvcj0jZmZmZmZmIHdpZHRoPTgwJT48Zm9udCBjb2xvcj0jMzMzMzMzPuagquW8j+S8muekvuOCqOODs+ODkeODr+ODvOODoeODs+ODiDwvZm9udD48L1REPjwvVFI+PFRSPjxURCBjbGFzcz1zdHlsZTEwIGJnQ29sb3I9I2YwZjBmMCB3aWR0aD0yMCU+PGZvbnQgY29sb3I9IzY2NjY2Nj7nlJ/nlKPlm708L2ZvbnQ+PC9URD48VEQgY2xhc3M9c3R5bGUxMCBiZ0NvbG9yPSNmZmZmZmYgd2lkdGg9ODAlPjxmb250IGNvbG9yPSMzMzMzMzM+5Lit5Zu9PC9mb250PjwvVEQ+PC9UUj48L1RCT0RZPjwvVEFCTEU+Cjxicj48Yj7ohZXmmYLoqIjjg5Djg7Pjg4njgrXjgqTjgrrooag8L2I+PGJyPgrmmYLoqIjmnKzkvZPlgbQo5bC+6Yyg5YG0KOODkOODg+OCr+ODq+WBtCkpPGJyPgoxNG1tKDEybW0pPGJyPgoxNW1tKDE0bW0pPGJyPgoxNm1tKDE0bW0pPGJyPgoxN21tKDE2bW0pPGJyPgoxOG1tKDE2bW0pPGJyPgoxOW1tKDE4bW0pPGJyPgoyMG1tKDE4bW0pPGJyPgoyMW1tKDE4bW0pPGJyPgoyMm1tKDIwbW0pPGJyPgoyM21tKDIwbW0pPGJyPgoyNG1tKDIybW0pPGJyPgo8YnI+CuKAuygp44Kr44OD44Kz5YaF44Gu44K144Kk44K644Gv44CB6IWV5pmC6KiI44OQ44Oz44OJ44Gu5bC+6Yyg5YG077yI44OQ44OD44Kv44Or5YG044Gu44K144Kk44K644Gr44Gq44KK44G+44GZ77yJPGJyPuWwvumMoOOChOODkOODg+OCr+ODq+OCkuS7mOabv+OBiOOCi+mam+OBquOBqeOBruOAgeWPguiAg+OBq+OBl+OBpuS4i+OBleOBhOOAggo8YnI+PGJyPjxpbWcgc3JjPSJodHRwOi8vd3d3LnJha3V0ZW4ubmUuanAvZ29sZC90cmVuZHN0eWxlL2ltZy9zaXRlL3Nob3BndWlkZXBjLmpwZyIgYWx0PSLmpb3lpKnluILloLTjg4jjg6zjg7Pjg4njgrnjgr/jgqTjg6vjgrfjg6fjg4Pjg5Tjg7PjgrDjgqzjgqTjg4kiPgo8YnI+,44CQ6IWV5pmC6KiIIOODmeODq+ODiCDpnakgROODkOODg+OCr+ODqyBlbXB044CRROODkOODg+OCr+ODq+S7mOOBp+OBk+OBruS+oeagvCEh5pmC6KiIIOODmeODq+ODiCDohZXmmYLoqIjjg5Djg7Pjg4kg6Z2pIOiFleaZguioiCDjg6Hjg7PjgrogKOiFleaZguioiCDmm7/jgYjjg5njg6vjg4ggMThtbSAxOW1tIDIwbW0gMjFtbSAyMm1tICkg4pag44OQ44ON5qOS5aSW44GX44OX44Os44K844Oz44OI4pmqIETjg5Djg4Pjgq/jg6sg6IWV5pmC6KiIIOODoeODs+OCuiDpnanjg5njg6vjg4gg6IWV5pmC6KiIIOabv+OBiOODkOODs+ODiSDpnakg6IWV5pmC6KiI44OZ44Or44OI77ya44OI44Os44Oz44OJ44K544K/44Kk44Or5qW95aSp5biC5aC05bqX,44CQ6IWV5pmC6KiIIOODmeODq+ODiCDpnakgROODkOODg+OCr+ODqyBlbXB044CRROODkOODg+OCr+ODq+S7mOOBp+OBk+OBruS+oeagvCEh5pmC6KiIIOODmeODq+ODiCDohZXmmYLoqIjjg5Djg7Pjg4kg6Z2pIOiFleaZguioiCDjg6Hjg7PjgrogKOiFleaZguioiCDmm7/jgYjjg5njg6vjg4ggMThtbSAxOW1tIDIwbW0gMjFtbSAyMm1tICkg4pag44OQ44ON5qOS5aSW44GX44OX44Os44K844Oz44OI4pmqIETjg5Djg4Pjgq/jg6sg6IWV5pmC6KiIIOODoeODs+OCuiDpnanjg5njg6vjg4gg6IWV5pmC6KiIIOabv+OBiOODkOODs+ODiSDpnakg6IWV5pmC6KiI44OZ44Or44OI,6YCB5paZ54Sh5paZIOiFleaZguioiCDjg5njg6vjg4gg6Z2pIOiFleaZguioiOODkOODs+ODiSBE44OQ44OD44Kv44OrIOS6uuawl+OAguOAkOiFleaZguioiCDjg5njg6vjg4gg6Z2pIETjg5Djg4Pjgq/jg6sgZW1wdOOAkUTjg5Djg4Pjgq/jg6vku5jjgafjgZPjga7kvqHmoLwhIeaZguioiCDjg5njg6vjg4gg6IWV5pmC6KiI44OQ44Oz44OJIOmdqSDohZXmmYLoqIgg44Oh44Oz44K6ICjohZXmmYLoqIgg5pu/44GI44OZ44Or44OIIDE4bW0gMTltbSAyMG1tIDIxbW0gMjJtbSApIOKWoOODkOODjeajkuWkluOBl+ODl+ODrOOCvOODs+ODiOKZqiBE44OQ44OD44Kv44OrIOiFleaZguioiCDjg6Hjg7Pjgrog6Z2p44OZ44Or44OIIOiFleaZguioiCDmm7/jgYjjg5Djg7Pjg4kg6Z2pIOiFleaZguioiOODmeODq+ODiA==[rn]
22-59937,aHR0cDovL3RzaG9wLnIxMHMuanAvZ29sZC90cmVuZHN0eWxlL2ltZy9pbWcvaGlnaGRiYnMxLmpwZz9maXRpbj03MDA6NzAw,MjIwNy4yMDAw,,6IWV5pmC6KiIID4g6IWV5pmC6KiI55So44Ki44Kv44K744K144Oq44O8ID4g6IWV5pmC6KiI55So44OZ44Or44OI44O744OQ44Oz44OJ,44CQIOiFleaZguioiCDjg5njg6vjg4gg6Z2pIOODl+ODg+OCt+ODpeODreODg+OCr0Tjg5Djg4Pjgq/jg6sgZW1wdOOAkUTjg5Djg4Pjgq/jg6vku5jjgafjgZPjga7kvqHmoLwhIOiFleaZguioiOODmeODq+ODiCDohZXmmYLoqIjjg5Djg7Pjg4kg6Z2pIOiFleaZguioiCAo6IWV5pmC6KiIIOabv+OBiOODkOODs+ODiSAxOG1tIDE5bW0gMjBtbSAyMW1tIDIybW0gKSDilqDjg5Djg43mo5LlpJbjgZfimaogROODkOODg+OCr+ODqyDohZXmmYLoqIgg44Oh44Oz44K6IOmdqeODmeODq+ODiCDohZXmmYLoqIgg44OZ44Or44OIIOiFleaZguioiOODkOODs+ODiQ==,6YCB5paZ54Sh5paZIOiFleaZguioiOODkOODs+ODiSDjg5njg6vjg4gg6Z2pIOODoeODs+OCuiDmmYLoqIggROODkOODg+OCr+ODqw==,PFRBQkxFIGJvcmRlcj0wIGNlbGxTcGFjaW5nPTAgY2VsbFBhZGRpbmc9MiB3aWR0aD01MDAgYWxpZ249Y2VudGVyPjxUQk9EWT48VFI+PFREIGJnQ29sb3I9I2YwZjBmMCBhbGlnbj1taWRkbGU+PEZPTlQgc2l6ZT0yIGNvbG9yPSM2NjY2NjY+44O744O744O744O744O744CA5ZWG44CA5ZOB44CA6Kmz44CA57Sw44CA44O744O744O744O744O7PC9GT05UPjwvVEQ+PC9UUj48L1RCT0RZPjwvVEFCTEU+PEJSPjxUQUJMRSBib3JkZXI9MSBjZWxsU3BhY2luZz0xIGNlbGxQYWRkaW5nPTIgd2lkdGg9NTAwIGFsaWduPWNlbnRlciBiZ2NvbG9yPSNmMGYwZjA+PFRCT0RZPjxUUj48VEQgY2xhc3M9c3R5bGUxMCBiZ0NvbG9yPSNmMGYwZjAgd2lkdGg9MjAlPjxmb250IGNvbG9yPSM2NjY2NjY+5ZWG5ZOB5ZCNPC9mb250PjwvVEQ+PFREIGNsYXNzPXN0eWxlMTAgYmdDb2xvcj0jZmZmZmZmIHdpZHRoPTgwJT48Zm9udCBjb2xvcj0jMzMzMzMzPuiFleaZguioiOmdqeabv+OBiOODmeODq+ODiCvjg5fjg4Pjgrfjg6Xjg63jg4Pjgq/jgr/jgqTjg5dE44OQ44OD44Kv44OrPC9mb250PjwvVEQ+PC9UUj48VFI+PFREIGNsYXNzPXN0eWxlMTAgYmdDb2xvcj0jZjBmMGYwIHdpZHRoPTIwJT48Zm9udCBjb2xvcj0jNjY2NjY2PuS7mOWxnuWTgTwvZm9udD48L1REPjxURCBjbGFzcz1zdHlsZTEwIGJnQ29sb3I9I2ZmZmZmZiB3aWR0aD04MCU+PGZvbnQgY29sb3I9IzMzMzMzMz7jg7vmmYLoqIjmm7/jgYjjg5njg6vjg4jkuIDlvI8oROODkOODg+OCr+ODq+OBr+acrOS9k+OBq+S7mOWxnuOBl+OBpuOBhOOBvuOBmeOAgik8YnI+44O744OQ44ON5qOS5aSW44GX44GM5LuY44GE44Gm44GN44G+44GZ44CC44G+44Gf44CB5LqI5YKZ44Gu44OQ44ON5qOS44KC5LuY5bGe44GX44G+44GZ44Gu44Gn44CB44GU5a6J5b+D5LiL44GV44GE44CCPC9mb250PjwvVEQ+PC9UUj48VFI+PFREIGNsYXNzPXN0eWxlMTAgYmdDb2xvcj0jZjBmMGYwIHdpZHRoPTIwJT48Zm9udCBjb2xvcj0jNjY2NjY2PuWvvuW/nOOCteOCpOOCujwvZm9udD48L1REPjxURCBjbGFzcz1zdHlsZTEwIGJnQ29sb3I9I2ZmZmZmZiB3aWR0aD04MCU+PGZvbnQgY29sb3I9IzMzMzMzMz7ohZXlkajjgorjgIDntIQxOGNt772eMjJjbeWvvuW/nDxicj7oo4XnnYDjgZnjgovmmYLoqIjjga7jg5XjgqfjgqTjgrnjgrXjgqTjgrrjgavjgojjgorlpJrlsJHliY3lvozjgZfjgb7jgZnjga7jgafjgIHjgZTms6jmhI/kuIvjgZXjgYTjgII8L2ZvbnQ+PC9URD48L1RSPjxUUj48VEQgY2xhc3M9c3R5bGUxMCBiZ0NvbG9yPSNmMGYwZjAgd2lkdGg9MjAlPjxmb250IGNvbG9yPSM2NjY2NjY+44Oh44O844Kr44O8PC9mb250PjwvVEQ+PFREIGNsYXNzPXN0eWxlMTAgYmdDb2xvcj0jZmZmZmZmIHdpZHRoPTgwJT48Zm9udCBjb2xvcj0jMzMzMzMzPuagquW8j+S8muekvuOCqOODs+ODkeODr+ODvOODoeODs+ODiDwvZm9udD48L1REPjwvVFI+PFRSPjxURCBjbGFzcz1zdHlsZTEwIGJnQ29sb3I9I2YwZjBmMCB3aWR0aD0yMCU+PGZvbnQgY29sb3I9IzY2NjY2Nj7nlJ/nlKPlm708L2ZvbnQ+PC9URD48VEQgY2xhc3M9c3R5bGUxMCBiZ0NvbG9yPSNmZmZmZmYgd2lkdGg9ODAlPjxmb250IGNvbG9yPSMzMzMzMzM+5Lit5Zu9PC9mb250PjwvVEQ+PC9UUj48L1RCT0RZPjwvVEFCTEU+Cjxicj48Yj7ohZXmmYLoqIjjg5Djg7Pjg4njgrXjgqTjgrrooag8L2I+PGJyPgrmmYLoqIjmnKzkvZPlgbQo5bC+6Yyg5YG0KOODkOODg+OCr+ODq+WBtCkpPGJyPgoxNG1tKDEybW0pPGJyPgoxNW1tKDE0bW0pPGJyPgoxNm1tKDE0bW0pPGJyPgoxN21tKDE2bW0pPGJyPgoxOG1tKDE2bW0pPGJyPgoxOW1tKDE4bW0pPGJyPgoyMG1tKDE4bW0pPGJyPgoyMW1tKDE4bW0pPGJyPgoyMm1tKDE4bW1vcjIwbW3igLs8Zm9udCBjb2xvcj1yZWQ+55Sf55Sj5pmC5pyf44Gr44KI44KK55Ww44Gq44KL5aC05ZCI44GM44GU44GW44GE44G+44GZ44CC44GT44Gu44K144Kk44K644Gr6Zai44GX44Gm44Gv44CB44GK5omL5pWw44Gn44GZ44GM44CB54++54mp44Gu44K144Kk44K644KS6KiI5ris44GX44Gm44CB5bC+6Yyg5YG044Gu44K144Kk44K644KS56K66KqN5LiL44GV44GE44CC44GK5omL5pWw44GK44GL44GR6Ie044GX44G+44GZ44GM44CB5L2V5Y2S44CB44KI44KN44GX44GP44GK6aGY44GE6Ie044GX44G+44GZ44CCKTwvZm9udD48YnI+CjIzbW0oMjBtbSk8YnI+CjI0bW0oMjJtbSk8YnI+Cjxicj4K4oC7KCnjgqvjg4PjgrPlhoXjga7jgrXjgqTjgrrjga/jgIHohZXmmYLoqIjjg5Djg7Pjg4njga7lsL7pjKDlgbTvvIjjg5Djg4Pjgq/jg6vlgbTjga7jgrXjgqTjgrrjgavjgarjgorjgb7jgZnvvIk8YnI+5bC+6Yyg44KE44OQ44OD44Kv44Or44KS5LuY5pu/44GI44KL6Zqb44Gq44Gp44Gu44CB5Y+C6ICD44Gr44GX44Gm5LiL44GV44GE44CCCjxicj48YnI+PGltZyBzcmM9Imh0dHA6Ly93d3cucmFrdXRlbi5uZS5qcC9nb2xkL3RyZW5kc3R5bGUvaW1nL3NpdGUvc2hvcGd1aWRlcGMuanBnIiBhbHQ9IualveWkqeW4guWgtOODiOODrOODs+ODieOCueOCv+OCpOODq+OCt+ODp+ODg+ODlOODs+OCsOOCrOOCpOODiSI+Cjxicj4=,44CQIOiFleaZguioiCDjg5njg6vjg4gg6Z2pIOODl+ODg+OCt+ODpeODreODg+OCr0Tjg5Djg4Pjgq/jg6sgZW1wdOOAkUTjg5Djg4Pjgq/jg6vku5jjgafjgZPjga7kvqHmoLwhIOiFleaZguioiOODmeODq+ODiCDohZXmmYLoqIjjg5Djg7Pjg4kg6Z2pIOiFleaZguioiCAo6IWV5pmC6KiIIOabv+OBiOODkOODs+ODiSAxOG1tIDE5bW0gMjBtbSAyMW1tIDIybW0gKSDilqDjg5Djg43mo5LlpJbjgZfimaogROODkOODg+OCr+ODqyDohZXmmYLoqIgg44Oh44Oz44K6IOmdqeODmeODq+ODiCDohZXmmYLoqIgg44OZ44Or44OIIOiFleaZguioiOODkOODs+ODie+8muODiOODrOODs+ODieOCueOCv+OCpOODq+alveWkqeW4guWgtOW6lw==,44CQIOiFleaZguioiCDjg5njg6vjg4gg6Z2pIOODl+ODg+OCt+ODpeODreODg+OCr0Tjg5Djg4Pjgq/jg6sgZW1wdOOAkUTjg5Djg4Pjgq/jg6vku5jjgafjgZPjga7kvqHmoLwhIOiFleaZguioiOODmeODq+ODiCDohZXmmYLoqIjjg5Djg7Pjg4kg6Z2pIOiFleaZguioiCAo6IWV5pmC6KiIIOabv+OBiOODkOODs+ODiSAxOG1tIDE5bW0gMjBtbSAyMW1tIDIybW0gKSDilqDjg5Djg43mo5LlpJbjgZfimaogROODkOODg+OCr+ODqyDohZXmmYLoqIgg44Oh44Oz44K6IOmdqeODmeODq+ODiCDohZXmmYLoqIgg44OZ44Or44OIIOiFleaZguioiOODkOODs+ODiQ==,6YCB5paZ54Sh5paZIOiFleaZguioiOODkOODs+ODiSDjg5njg6vjg4gg6Z2pIOODoeODs+OCuiDmmYLoqIggROODkOODg+OCr+ODq+OAguOAkCDohZXmmYLoqIgg44OZ44Or44OIIOmdqSDjg5fjg4Pjgrfjg6Xjg63jg4Pjgq9E44OQ44OD44Kv44OrIGVtcHTjgJFE44OQ44OD44Kv44Or5LuY44Gn44GT44Gu5L6h5qC8ISDohZXmmYLoqIjjg5njg6vjg4gg6IWV5pmC6KiI44OQ44Oz44OJIOmdqSDohZXmmYLoqIggKOiFleaZguioiCDmm7/jgYjjg5Djg7Pjg4kgMThtbSAxOW1tIDIwbW0gMjFtbSAyMm1tICkg4pag44OQ44ON5qOS5aSW44GX4pmqIETjg5Djg4Pjgq/jg6sg6IWV5pmC6KiIIOODoeODs+OCuiDpnanjg5njg6vjg4gg6IWV5pmC6KiIIOODmeODq+ODiCDohZXmmYLoqIjjg5Djg7Pjg4k=[rn]
22-59938,aHR0cDovL3RzaG9wLnIxMHMuanAvZ29sZC90cmVuZHN0eWxlL2ltZy9pbWcvZW1wdGRiY2tsZXMuanBnP2ZpdGluPTcwMDo3MDA=,MTM2My4yMDAw,,6IWV5pmC6KiIID4g6IWV5pmC6KiI55So44Ki44Kv44K744K144Oq44O8ID4g6IWV5pmC6KiI55So44OZ44Or44OI44O744OQ44Oz44OJ,ZOODkOODg+OCr+ODqyAxOG1tIDIwbW0g44OW44Op44OD44KvIOOAkGVtcHTohZXmmYLoqIjjg5njg6vjg4hE44OQ44OD44Kv44Or44CRROODkOODg+OCr+ODqy8gZOODkOODg+OCr+ODqyAxOG1tIDIwbW0gMjJtbSDjg5bjg6njg4Pjgq8g6buSIOOCt+ODq+ODkOODvCDpioAg44K044O844Or44OJIOmHkSDjg5Tjg7Pjgq/jgrTjg7zjg6vjg4kgLyBk44OQ44OD44Kv44OrIOiFleaZguioiCDpnakg44OZ44Or44OIIETjg5Djg4Pjgq/jg6sgZOODkOODg+OCr+ODqyDpnanjg5njg6vjg4gg6IWV5pmC6KiI44OQ44Oz44OJIOiFleaZguioiOODmeODq+ODiA==,ZOODkOODg+OCr+ODqyAxOG1tIDIwbW0g44OW44Op44OD44KvIOKYhemAgeaWmeeEoeaWmeKYhQ==,4pag5ZWG5ZOB5ZCN77yaZW1wdOOAgOiFleaZguioiOOAgO+8pOODkOODg+OCr+ODqzxicj4K4pag5LuY5bGe5ZOB77ya77yk44OQ44OD44Kv44Or5pys5L2TPGJyPgrilqDjgqvjg6njg7zvvJrpu5LjgIHpioDjgIHph5HjgIHjg5Tjg7Pjgq/jgrTjg7zjg6vjg4k8YnI+CuKWoOazqOaEj+S6i+mghe+8muOCteOCpOOCuumWk+mBleOBhOOBq+OBlOazqOaEj+S4i+OBleOBhOOAgjxicj4K4pag44K144Kk44K677ya44K144Kk44K644OQ44Oq44Ko44O844K344On44Oz44KS44GU56K66KqN5LiL44GV44GE44CCPGJyPgrilqDnlJ/nlKPlm73vvJrkuK3lm708YnI+PGltZyBzcmM9Imh0dHA6Ly93d3cucmFrdXRlbi5uZS5qcC9nb2xkL3RyZW5kc3R5bGUvaW1nL3NpdGUvc2hvcGd1aWRlcGMuanBnIiBhbHQ9IualveWkqeW4guWgtOODiOODrOODs+ODieOCueOCv+OCpOODq+OCt+ODp+ODg+ODlOODs+OCsOOCrOOCpOODiSI+Cjxicj4=,ZOODkOODg+OCr+ODqyAxOG1tIDIwbW0g44OW44Op44OD44KvIOOAkGVtcHTohZXmmYLoqIjjg5njg6vjg4hE44OQ44OD44Kv44Or44CRROODkOODg+OCr+ODqy8gZOODkOODg+OCr+ODqyAxOG1tIDIwbW0gMjJtbSDjg5bjg6njg4Pjgq8g6buSIOOCt+ODq+ODkOODvCDpioAg44K044O844Or44OJIOmHkSDjg5Tjg7Pjgq/jgrTjg7zjg6vjg4kgLyBk44OQ44OD44Kv44OrIOiFleaZguioiCDpnakg44OZ44Or44OIIETjg5Djg4Pjgq/jg6sgZOODkOODg+OCr+ODqyDpnanjg5njg6vjg4gg6IWV5pmC6KiI44OQ44Oz44OJIOiFleaZguioiOODmeODq+ODiO+8muODiOODrOODs+ODieOCueOCv+OCpOODq+alveWkqeW4guWgtOW6lw==,ZOODkOODg+OCr+ODqyAxOG1tIDIwbW0g44OW44Op44OD44KvIOOAkGVtcHTohZXmmYLoqIjjg5njg6vjg4hE44OQ44OD44Kv44Or44CRROODkOODg+OCr+ODqy8gZOODkOODg+OCr+ODqyAxOG1tIDIwbW0gMjJtbSDjg5bjg6njg4Pjgq8g6buSIOOCt+ODq+ODkOODvCDpioAg44K044O844Or44OJIOmHkSDjg5Tjg7Pjgq/jgrTjg7zjg6vjg4kgLyBk44OQ44OD44Kv44OrIOiFleaZguioiCDpnakg44OZ44Or44OIIETjg5Djg4Pjgq/jg6sgZOODkOODg+OCr+ODqyDpnanjg5njg6vjg4gg6IWV5pmC6KiI44OQ44Oz44OJIOiFleaZguioiOODmeODq+ODiA==,ZOODkOODg+OCr+ODqyAxOG1tIDIwbW0g44OW44Op44OD44KvIOKYhemAgeaWmeeEoeaWmeKYheOAgmTjg5Djg4Pjgq/jg6sgMThtbSAyMG1tIOODluODqeODg+OCryDjgJBlbXB06IWV5pmC6KiI44OZ44Or44OIROODkOODg+OCr+ODq+OAkUTjg5Djg4Pjgq/jg6svIGTjg5Djg4Pjgq/jg6sgMThtbSAyMG1tIDIybW0g44OW44Op44OD44KvIOm7kiDjgrfjg6vjg5Djg7wg6YqAIOOCtOODvOODq+ODiSDph5Eg44OU44Oz44Kv44K044O844Or44OJIC8gZOODkOODg+OCr+ODqyDohZXmmYLoqIgg6Z2pIOODmeODq+ODiCBE44OQ44OD44Kv44OrIGTjg5Djg4Pjgq/jg6sg6Z2p44OZ44Or44OIIOiFleaZguioiOODkOODs+ODiSDohZXmmYLoqIjjg5njg6vjg4g=[rn]
22-59939,aHR0cDovL3RzaG9wLnIxMHMuanAvZ29sZC90cmVuZHN0eWxlL2ltZy9pbWcvY29sb3JzczEuanBnP2ZpdGluPTcwMDo3MDA=,MTA5Ni4wMDAw,,6IWV5pmC6KiIID4g6IWV5pmC6KiI55So44Ki44Kv44K744K144Oq44O8ID4g6IWV5pmC6KiI55So44OZ44Or44OI44O744OQ44Oz44OJ,44CQ6IWV5pmC6KiIIOODmeODq+ODiCDpnakgQ09MT1JTIOiFleaZguioiOODkOODs+ODieOAkeaZguioiOOCkuOBiua0kuiQveOBqyEh44OQ44ON5qOS5aSW44GX44OX44Os44K844Oz44OI4piG6IWV5pmC6KiIIOODmeODq+ODiCDohZXmmYLoqIjjg5Djg7Pjg4kg6Z2pIOiFleaZguioiCDjg6Hjg7PjgrogKOaZguioiCDjg5njg6vjg4ggMThtbSAxOW1tICAyMG1tIOmdqSApIOiFleaZguioiOmdqeODmeODq+ODiOOBruS6pOaPm+eUqOOBqyEh6IWV5pmC6KiIIOmdqeODmeODq+ODiCDohZXmmYLoqIgg44OZ44Or44OIIOmdqSDohZXmmYLoqIgg5pu/44GI44OQ44Oz44OJIOiqv+aVtCDlt6Xlhbc=,6YCB5paZ54Sh5paZIOiFleaZguioiCDjg5njg6vjg4gg6Z2pIOODoeODs+OCuiDmmYLoqIgg44Oh44Oz44K6IOW3peWFt+S7mA==,PFRBQkxFIGJvcmRlcj0wIGNlbGxTcGFjaW5nPTAgY2VsbFBhZGRpbmc9MiB3aWR0aD01MDAgYWxpZ249Y2VudGVyPjxUQk9EWT48VFI+PFREIGJnQ29sb3I9I2YwZjBmMCBhbGlnbj1taWRkbGU+PEZPTlQgc2l6ZT0yIGNvbG9yPSM2NjY2NjY+44O744O744O744O744O744CA5ZWG44CA5ZOB44CA6Kmz44CA57Sw44CA44O744O744O744O744O7PC9GT05UPjwvVEQ+PC9UUj48L1RCT0RZPjwvVEFCTEU+PEJSPjxUQUJMRSBib3JkZXI9MSBjZWxsU3BhY2luZz0xIGNlbGxQYWRkaW5nPTIgd2lkdGg9NTAwIGFsaWduPWNlbnRlciBiZ2NvbG9yPSNmMGYwZjA+PFRCT0RZPjxUUj48VEQgY2xhc3M9c3R5bGUxMCBiZ0NvbG9yPSNmMGYwZjAgd2lkdGg9MjAlPjxmb250IGNvbG9yPSM2NjY2NjY+5ZWG5ZOB5ZCNPC9mb250PjwvVEQ+PFREIGNsYXNzPXN0eWxlMTAgYmdDb2xvcj0jZmZmZmZmIHdpZHRoPTgwJT48Zm9udCBjb2xvcj0jMzMzMzMzPuiFleaZguioiOmdqeabv+OBiOODmeODq+ODiDwvZm9udD48L1REPjwvVFI+PFRSPjxURCBjbGFzcz1zdHlsZTEwIGJnQ29sb3I9I2YwZjBmMCB3aWR0aD0yMCU+PGZvbnQgY29sb3I9IzY2NjY2Nj7ku5jlsZ7lk4E8L2ZvbnQ+PC9URD48VEQgY2xhc3M9c3R5bGUxMCBiZ0NvbG9yPSNmZmZmZmYgd2lkdGg9ODAlPjxmb250IGNvbG9yPSMzMzMzMzM+44O75pmC6KiI5pu/44GI44OZ44Or44OI5LiA5byPPGJyPuODu+ODkOODjeajkuWkluOBl+OBjOS7mOOBhOOBpuOBjeOBvuOBmeOAguOBvuOBn+OAgeS6iOWCmeOBruODkOODjeajkuOCguS7mOWxnuOBl+OBvuOBmeOBruOBp+OAgeOBlOWuieW/g+S4i+OBleOBhOOAgjwvZm9udD48L1REPjwvVFI+PFRSPjxURCBjbGFzcz1zdHlsZTEwIGJnQ29sb3I9I2YwZjBmMCB3aWR0aD0yMCU+PGZvbnQgY29sb3I9IzY2NjY2Nj7lr77lv5zjgrXjgqTjgro8L2ZvbnQ+PC9URD48VEQgY2xhc3M9c3R5bGUxMCBiZ0NvbG9yPSNmZmZmZmYgd2lkdGg9ODAlPjxmb250IGNvbG9yPSMzMzMzMzM+6IWV5ZGo44KK44CA57SEMThjbe+9njIyY23lr77lv5w8YnI+6KOF552A44GZ44KL5pmC6KiI44Gu44OV44Kn44Kk44K544K144Kk44K644Gr44KI44KK5aSa5bCR5YmN5b6M44GX44G+44GZ44Gu44Gn44CB44GU5rOo5oSP5LiL44GV44GE44CCPC9mb250PjwvVEQ+PC9UUj48VFI+PFREIGNsYXNzPXN0eWxlMTAgYmdDb2xvcj0jZjBmMGYwIHdpZHRoPTIwJT48Zm9udCBjb2xvcj0jNjY2NjY2PuODoeODvOOCq+ODvDwvZm9udD48L1REPjxURCBjbGFzcz1zdHlsZTEwIGJnQ29sb3I9I2ZmZmZmZiB3aWR0aD04MCU+PGZvbnQgY29sb3I9IzMzMzMzMz7moKrlvI/kvJrnpL7jgqjjg7Pjg5Hjg6/jg7zjg6Hjg7Pjg4g8L2ZvbnQ+PC9URD48L1RSPjxUUj48VEQgY2xhc3M9c3R5bGUxMCBiZ0NvbG9yPSNmMGYwZjAgd2lkdGg9MjAlPjxmb250IGNvbG9yPSM2NjY2NjY+55Sf55Sj5Zu9PC9mb250PjwvVEQ+PFREIGNsYXNzPXN0eWxlMTAgYmdDb2xvcj0jZmZmZmZmIHdpZHRoPTgwJT48Zm9udCBjb2xvcj0jMzMzMzMzPuS4reWbvTwvZm9udD48L1REPjwvVFI+PC9UQk9EWT48L1RBQkxFPgo8YnI+PGI+6IWV5pmC6KiI44OQ44Oz44OJ44K144Kk44K66KGoPC9iPjxicj4K5pmC6KiI5pys5L2T5YG0KOWwvumMoOWBtCjjg5Djg4Pjgq/jg6vlgbQpKTxicj4KMTRtbSgxMm1tKTxicj4KMTVtbSgxNG1tKTxicj4KMTZtbSgxNG1tKTxicj4KMTdtbSgxNm1tKTxicj4KMThtbSgxNm1tKTxicj4KMTltbSgxOG1tKTxicj4KMjBtbSgxOG1tKTxicj4KMjFtbSgxOG1tKTxicj4KMjJtbSgyMG1tKTxicj4KMjNtbSgyMG1tKTxicj4KMjRtbSgyMm1tKTxicj4KPGJyPgrigLsoKeOCq+ODg+OCs+WGheOBruOCteOCpOOCuuOBr+OAgeiFleaZguioiOODkOODs+ODieOBruWwvumMoOWBtO+8iOODkOODg+OCr+ODq+WBtOOBruOCteOCpOOCuuOBq+OBquOCiuOBvuOBme+8iTxicj7lsL7pjKDjgoTjg5Djg4Pjgq/jg6vjgpLku5jmm7/jgYjjgovpmpvjgarjganjga7jgIHlj4LogIPjgavjgZfjgabkuIvjgZXjgYTjgIIKPGJyPjxicj48aW1nIHNyYz0iaHR0cDovL3d3dy5yYWt1dGVuLm5lLmpwL2dvbGQvdHJlbmRzdHlsZS9pbWcvc2l0ZS9zaG9wZ3VpZGVwYy5qcGciIGFsdD0i5qW95aSp5biC5aC044OI44Os44Oz44OJ44K544K/44Kk44Or44K344On44OD44OU44Oz44Kw44Ks44Kk44OJIj4KPGJyPg==,44CQ6IWV5pmC6KiIIOODmeODq+ODiCDpnakgQ09MT1JTIOiFleaZguioiOODkOODs+ODieOAkeaZguioiOOCkuOBiua0kuiQveOBqyEh44OQ44ON5qOS5aSW44GX44OX44Os44K844Oz44OI4piG6IWV5pmC6KiIIOODmeODq+ODiCDohZXmmYLoqIjjg5Djg7Pjg4kg6Z2pIOiFleaZguioiCDjg6Hjg7PjgrogKOaZguioiCDjg5njg6vjg4ggMThtbSAxOW1tICAyMG1tIOmdqSApIOiFleaZguioiOmdqeODmeODq+ODiOOBruS6pOaPm+eUqOOBqyEh6IWV5pmC6KiIIOmdqeODmeODq+ODiCDohZXmmYLoqIgg44OZ44Or44OIIOmdqSDohZXmmYLoqIgg5pu/44GI44OQ44Oz44OJIOiqv+aVtCDlt6XlhbfvvJrjg4jjg6zjg7Pjg4njgrnjgr/jgqTjg6vmpb3lpKnluILloLTlupc=,44CQ6IWV5pmC6KiIIOODmeODq+ODiCDpnakgQ09MT1JTIOiFleaZguioiOODkOODs+ODieOAkeaZguioiOOCkuOBiua0kuiQveOBqyEh44OQ44ON5qOS5aSW44GX44OX44Os44K844Oz44OI4piG6IWV5pmC6KiIIOODmeODq+ODiCDohZXmmYLoqIjjg5Djg7Pjg4kg6Z2pIOiFleaZguioiCDjg6Hjg7PjgrogKOaZguioiCDjg5njg6vjg4ggMThtbSAxOW1tICAyMG1tIOmdqSApIOiFleaZguioiOmdqeODmeODq+ODiOOBruS6pOaPm+eUqOOBqyEh6IWV5pmC6KiIIOmdqeODmeODq+ODiCDohZXmmYLoqIgg44OZ44Or44OIIOmdqSDohZXmmYLoqIgg5pu/44GI44OQ44Oz44OJIOiqv+aVtCDlt6Xlhbc=,6YCB5paZ54Sh5paZIOiFleaZguioiCDjg5njg6vjg4gg6Z2pIOODoeODs+OCuiDmmYLoqIgg44Oh44Oz44K6IOW3peWFt+S7mOOAguOAkOiFleaZguioiCDjg5njg6vjg4gg6Z2pIENPTE9SUyDohZXmmYLoqIjjg5Djg7Pjg4njgJHmmYLoqIjjgpLjgYrmtJLokL3jgashIeODkOODjeajkuWkluOBl+ODl+ODrOOCvOODs+ODiOKYhuiFleaZguioiCDjg5njg6vjg4gg6IWV5pmC6KiI44OQ44Oz44OJIOmdqSDohZXmmYLoqIgg44Oh44Oz44K6ICjmmYLoqIgg44OZ44Or44OIIDE4bW0gMTltbSAgMjBtbSDpnakgKSDohZXmmYLoqIjpnanjg5njg6vjg4jjga7kuqTmj5vnlKjjgashIeiFleaZguioiCDpnanjg5njg6vjg4gg6IWV5pmC6KiIIOODmeODq+ODiCDpnakg6IWV5pmC6KiIIOabv+OBiOODkOODs+ODiSDoqr/mlbQg5bel5YW3[rn]
22-59940,aHR0cDovL3RzaG9wLnIxMHMuanAvZ29sZC90cmVuZHN0eWxlL2ltZy9pbWcvZW1wdHdibHMxLmpwZz9maXRpbj03MDA6NzAw,MTAyMi40MDAw,,6IWV5pmC6KiIID4g6IWV5pmC6KiI55So44Ki44Kv44K744K144Oq44O8ID4g6IWV5pmC6KiI55So44OZ44Or44OI44O744OQ44Oz44OJ,44CQ6IWV5pmC6KiIIOODmeODq+ODiCDpnakgZW1wdOOAkemrmOe0muiFleaZguioiOOBruOCpOODoeODgeOCp+ODs+OBq+KYhiDohZXmmYLoqIjjg5njg6vjg4gg6IWV5pmC6KiI44OQ44Oz44OJIOmdqSDohZXmmYLoqIgg44Oh44Oz44K6ICjohZXmmYLoqIjjg5njg6vjg4ggMThtbSAxOW1tIDIwbW0gMjFtbSAyMm1tICkg4pag44OQ44ON5qOS5aSW44GX44OX44Os44K844Oz44OI4pmqIOiFleaZguioiCDjg6Hjg7Pjgrog6Z2p44OZ44Or44OIIOiFleaZguioiCDjg5njg6vjg4gg6IWV5pmC6KiIIOabv+OBiOODkOODs+ODiSDlt6Xlhbcg5pmC6KiIIOODmeODq+ODiCDpnak=,6YCB5paZ54Sh5paZIOiFleaZguioiCDjg5njg6vjg4gg6Z2pIOODoeODs+OCuiDmmYLoqIgg44Oh44Oz44K6IOW3peWFt+S7mA==,PFRBQkxFIGJvcmRlcj0wIGNlbGxTcGFjaW5nPTAgY2VsbFBhZGRpbmc9MiB3aWR0aD01MDAgYWxpZ249Y2VudGVyPjxUQk9EWT48VFI+PFREIGJnQ29sb3I9I2YwZjBmMCBhbGlnbj1taWRkbGU+PEZPTlQgc2l6ZT0yIGNvbG9yPSM2NjY2NjY+44O744O744O744O744O744CA5ZWG44CA5ZOB44CA6Kmz44CA57Sw44CA44O744O744O744O744O7PC9GT05UPjwvVEQ+PC9UUj48L1RCT0RZPjwvVEFCTEU+PEJSPjxUQUJMRSBib3JkZXI9MSBjZWxsU3BhY2luZz0xIGNlbGxQYWRkaW5nPTIgd2lkdGg9NTAwIGFsaWduPWNlbnRlciBiZ2NvbG9yPSNmMGYwZjA+PFRCT0RZPjxUUj48VEQgY2xhc3M9c3R5bGUxMCBiZ0NvbG9yPSNmMGYwZjAgd2lkdGg9MjAlPjxmb250IGNvbG9yPSM2NjY2NjY+5ZWG5ZOB5ZCNPC9mb250PjwvVEQ+PFREIGNsYXNzPXN0eWxlMTAgYmdDb2xvcj0jZmZmZmZmIHdpZHRoPTgwJT48Zm9udCBjb2xvcj0jMzMzMzMzPuiFleaZguioiOmdqeabv+OBiOODmeODq+ODiDwvZm9udD48L1REPjwvVFI+PFRSPjxURCBjbGFzcz1zdHlsZTEwIGJnQ29sb3I9I2YwZjBmMCB3aWR0aD0yMCU+PGZvbnQgY29sb3I9IzY2NjY2Nj7ku5jlsZ7lk4E8L2ZvbnQ+PC9URD48VEQgY2xhc3M9c3R5bGUxMCBiZ0NvbG9yPSNmZmZmZmYgd2lkdGg9ODAlPjxmb250IGNvbG9yPSMzMzMzMzM+44O75pmC6KiI5pu/44GI44OZ44Or44OI5LiA5byPPGJyPuODu+ODkOODjeajkuWkluOBl+OBjOS7mOOBhOOBpuOBjeOBvuOBmeOAguOBvuOBn+OAgeS6iOWCmeOBruODkOODjeajkuOCguS7mOWxnuOBl+OBvuOBmeOBruOBp+OAgeOBlOWuieW/g+S4i+OBleOBhOOAgjwvZm9udD48L1REPjwvVFI+PFRSPjxURCBjbGFzcz1zdHlsZTEwIGJnQ29sb3I9I2YwZjBmMCB3aWR0aD0yMCU+PGZvbnQgY29sb3I9IzY2NjY2Nj7lr77lv5zjgrXjgqTjgro8L2ZvbnQ+PC9URD48VEQgY2xhc3M9c3R5bGUxMCBiZ0NvbG9yPSNmZmZmZmYgd2lkdGg9ODAlPjxmb250IGNvbG9yPSMzMzMzMzM+6IWV5ZGo44KK44CA57SEMThjbe+9njIyY23lr77lv5w8YnI+6KOF552A44GZ44KL5pmC6KiI44Gu44OV44Kn44Kk44K544K144Kk44K644Gr44KI44KK5aSa5bCR5YmN5b6M44GX44G+44GZ44Gu44Gn44CB44GU5rOo5oSP5LiL44GV44GE44CCPC9mb250PjwvVEQ+PC9UUj48VFI+PFREIGNsYXNzPXN0eWxlMTAgYmdDb2xvcj0jZjBmMGYwIHdpZHRoPTIwJT48Zm9udCBjb2xvcj0jNjY2NjY2PuODoeODvOOCq+ODvDwvZm9udD48L1REPjxURCBjbGFzcz1zdHlsZTEwIGJnQ29sb3I9I2ZmZmZmZiB3aWR0aD04MCU+PGZvbnQgY29sb3I9IzMzMzMzMz7moKrlvI/kvJrnpL7jgqjjg7Pjg5Hjg6/jg7zjg6Hjg7Pjg4g8L2ZvbnQ+PC9URD48L1RSPjxUUj48VEQgY2xhc3M9c3R5bGUxMCBiZ0NvbG9yPSNmMGYwZjAgd2lkdGg9MjAlPjxmb250IGNvbG9yPSM2NjY2NjY+55Sf55Sj5Zu9PC9mb250PjwvVEQ+PFREIGNsYXNzPXN0eWxlMTAgYmdDb2xvcj0jZmZmZmZmIHdpZHRoPTgwJT48Zm9udCBjb2xvcj0jMzMzMzMzPuS4reWbvTwvZm9udD48L1REPjwvVFI+PC9UQk9EWT48L1RBQkxFPgo8YnI+PGI+6IWV5pmC6KiI44OQ44Oz44OJ44K144Kk44K66KGoPC9iPjxicj4K5pmC6KiI5pys5L2T5YG0KOWwvumMoOWBtCjjg5Djg4Pjgq/jg6vlgbQpKTxicj4KMTRtbSgxMm1tKTxicj4KMTVtbSgxNG1tKTxicj4KMTZtbSgxNG1tKTxicj4KMTdtbSgxNm1tKTxicj4KMThtbSgxNm1tKTxicj4KMTltbSgxOG1tKTxicj4KMjBtbSgxOG1tKTxicj4KMjFtbSgxOG1tKTxicj4KMjJtbSgyMG1tKTxicj4KMjNtbSgyMG1tKTxicj4KMjRtbSgyMm1tKTxicj4KPGJyPgrigLsoKeOCq+ODg+OCs+WGheOBruOCteOCpOOCuuOBr+OAgeiFleaZguioiOODkOODs+ODieOBruWwvumMoOWBtO+8iOODkOODg+OCr+ODq+WBtOOBruOCteOCpOOCuuOBq+OBquOCiuOBvuOBme+8iTxicj7lsL7pjKDjgoTjg5Djg4Pjgq/jg6vjgpLku5jmm7/jgYjjgovpmpvjgarjganjga7jgIHlj4LogIPjgavjgZfjgabkuIvjgZXjgYTjgIIKPGJyPjxicj48aW1nIHNyYz0iaHR0cDovL3d3dy5yYWt1dGVuLm5lLmpwL2dvbGQvdHJlbmRzdHlsZS9pbWcvc2l0ZS9zaG9wZ3VpZGVwYy5qcGciIGFsdD0i5qW95aSp5biC5aC044OI44Os44Oz44OJ44K544K/44Kk44Or44K344On44OD44OU44Oz44Kw44Ks44Kk44OJIj4KPGJyPg==,44CQ6IWV5pmC6KiIIOODmeODq+ODiCDpnakgZW1wdOOAkemrmOe0muiFleaZguioiOOBruOCpOODoeODgeOCp+ODs+OBq+KYhiDohZXmmYLoqIjjg5njg6vjg4gg6IWV5pmC6KiI44OQ44Oz44OJIOmdqSDohZXmmYLoqIgg44Oh44Oz44K6ICjohZXmmYLoqIjjg5njg6vjg4ggMThtbSAxOW1tIDIwbW0gMjFtbSAyMm1tICkg4pag44OQ44ON5qOS5aSW44GX44OX44Os44K844Oz44OI4pmqIOiFleaZguioiCDjg6Hjg7Pjgrog6Z2p44OZ44Or44OIIOiFleaZguioiCDjg5njg6vjg4gg6IWV5pmC6KiIIOabv+OBiOODkOODs+ODiSDlt6Xlhbcg5pmC6KiIIOODmeODq+ODiCDpnanvvJrjg4jjg6zjg7Pjg4njgrnjgr/jgqTjg6vmpb3lpKnluILloLTlupc=,44CQ6IWV5pmC6KiIIOODmeODq+ODiCDpnakgZW1wdOOAkemrmOe0muiFleaZguioiOOBruOCpOODoeODgeOCp+ODs+OBq+KYhiDohZXmmYLoqIjjg5njg6vjg4gg6IWV5pmC6KiI44OQ44Oz44OJIOmdqSDohZXmmYLoqIgg44Oh44Oz44K6ICjohZXmmYLoqIjjg5njg6vjg4ggMThtbSAxOW1tIDIwbW0gMjFtbSAyMm1tICkg4pag44OQ44ON5qOS5aSW44GX44OX44Os44K844Oz44OI4pmqIOiFleaZguioiCDjg6Hjg7Pjgrog6Z2p44OZ44Or44OIIOiFleaZguioiCDjg5njg6vjg4gg6IWV5pmC6KiIIOabv+OBiOODkOODs+ODiSDlt6Xlhbcg5pmC6KiIIOODmeODq+ODiCDpnak=,6YCB5paZ54Sh5paZIOiFleaZguioiCDjg5njg6vjg4gg6Z2pIOODoeODs+OCuiDmmYLoqIgg44Oh44Oz44K6IOW3peWFt+S7mOOAguOAkOiFleaZguioiCDjg5njg6vjg4gg6Z2pIGVtcHTjgJHpq5jntJrohZXmmYLoqIjjga7jgqTjg6Hjg4Hjgqfjg7PjgavimIYg6IWV5pmC6KiI44OZ44Or44OIIOiFleaZguioiOODkOODs+ODiSDpnakg6IWV5pmC6KiIIOODoeODs+OCuiAo6IWV5pmC6KiI44OZ44Or44OIIDE4bW0gMTltbSAyMG1tIDIxbW0gMjJtbSApIOKWoOODkOODjeajkuWkluOBl+ODl+ODrOOCvOODs+ODiOKZqiDohZXmmYLoqIgg44Oh44Oz44K6IOmdqeODmeODq+ODiCDohZXmmYLoqIgg44OZ44Or44OIIOiFleaZguioiCDmm7/jgYjjg5Djg7Pjg4kg5bel5YW3IOaZguioiCDjg5njg6vjg4gg6Z2p[rn]
22-59941,aHR0cDovL3RzaG9wLnIxMHMuanAvZ29sZC90cmVuZHN0eWxlL2ltZy9pbWcvbmF0b2JlbHQ2LmpwZz9maXRpbj03MDA6NzAw,MTQ2Ni40MDAw,,6IWV5pmC6KiIID4g6IWV5pmC6KiI55So44Ki44Kv44K744K144Oq44O8ID4g6IWV5pmC6KiI55So44OZ44Or44OI44O744OQ44Oz44OJ,44CQIOiFleaZguioiE5BVE8vSkLjgr/jgqTjg5fjg4rjgqTjg63jg7Pmm7/jg5Djg7Pjg4k25Y+36YeR5YW344OW44Op44OD44KvIOOAkU5BVE8g6IWV5pmC6KiIIOODmeODq+ODiCDjg5Djg7Pjg4kg5pu/44GI44OQ44Oz44OJIE5BVE/jg4rjgqTjg63jg7Pjgr/jgqTjg5fjga7ohZXmmYLoqIjmm7/jgYjjg5Djg7Pjg4kgLyDnsKHljZjjgqTjg6Hjg4Hjgqfjg7PjgavvvIEg44OQ44ON5qOS5aSW44GX5LuY5bGe,TkFUT+ODkOODs+ODiSDohZXmmYLoqIgg44OQ44Oz44OJIOabv+OBiOODkOODs+ODiSAxOG1tIDIwbW0gMjJtbQ==,4pag5ZWG5ZOB5ZCN77yaTkFUT+OCv+OCpOODl+ODiuOCpOODreODs+iFleaZguioiOODkOODs+ODiTxicj4K4pag5LuY5bGe5ZOB77ya44OQ44Oz44OJ5pys5L2T44CB44OQ44ON5qOS5aSW44GX77yR5pysPGJyPgrilqDllYblk4HoqqzmmI7vvJpOQVRP44K/44Kk44OX44Gu6IWV5pmC6KiI44OQ44Oz44OJ44Gn44GZ44CC44Oh44K/44Or44OQ44Oz44OJ44KE44CB6Z2p44OQ44Oz44OJ44GL44KJ5aSJ5pu044GX44G+44GZ44Go44CB6IWV5pmC6KiI44Gu5Y2w6LGh44GM5LiA5aSJ44GX44G+44GZ44CC44OQ44Oz44OJ44Gu5LuY5pu/44GI44Gv6Z2e5bi444Gr57Ch5Y2Y44Gn44GZ44Gu44Gn44CB5rCX5YiG44Gn552A44Gb5pu/44GI44KL5oSf6Kaa44Gn6IWV5pmC6KiI44KS5qW944GX44KB44KL44GK44GZ44GZ44KB44Gu5ZWG5ZOB44Gn44GZ44CCPGJyPgrilqDms6jmhI/kuovpoIXvvJrjgrXjgqTjgrrplpPpgZXjgYTjgavjgZTms6jmhI/kuIvjgZXjgYTjgII8YnI+CuWVhuWTgeOBruiJsuWRs+OBr+W/oOWun+OBq+WGjeePvuOBmeOCi+OCiOOBhuOBq+aSruW9seOBl+OBpuOBiuOCiuOBvuOBmeOBjOOAgeOBiuS9v+OBhOOBruODouODi+OCv+ODvOOBq+OCiOOCiuiJsuWRs+OBjOiLpeW5sueVsOOBquOCi+WgtOWQiOOBjOOBlOOBluOBhOOBvuOBmeOAgjxicj4K4pag44K144Kk44K677yaMThtbSAyMG1tIDIybW08YnI+CuKWoOeUn+eUo+Wbve+8muS4reWbvTxpbWcgc3JjPSJodHRwOi8vd3d3LnJha3V0ZW4ubmUuanAvZ29sZC90cmVuZHN0eWxlL2ltZy9zaXRlL3Nob3BndWlkZXBjLmpwZyIgYWx0PSLmpb3lpKnluILloLTjg4jjg6zjg7Pjg4njgrnjgr/jgqTjg6vjgrfjg6fjg4Pjg5Tjg7PjgrDjgqzjgqTjg4kiPgo8YnI+,44CQIOiFleaZguioiE5BVE8vSkLjgr/jgqTjg5fjg4rjgqTjg63jg7Pmm7/jg5Djg7Pjg4k25Y+36YeR5YW344OW44Op44OD44KvIOOAkU5BVE8g6IWV5pmC6KiIIOODmeODq+ODiCDjg5Djg7Pjg4kg5pu/44GI44OQ44Oz44OJIE5BVE/jg4rjgqTjg63jg7Pjgr/jgqTjg5fjga7ohZXmmYLoqIjmm7/jgYjjg5Djg7Pjg4kgLyDnsKHljZjjgqTjg6Hjg4Hjgqfjg7PjgavvvIEg44OQ44ON5qOS5aSW44GX5LuY5bGe77ya44OI44Os44Oz44OJ44K544K/44Kk44Or5qW95aSp5biC5aC05bqX,44CQIOiFleaZguioiE5BVE8vSkLjgr/jgqTjg5fjg4rjgqTjg63jg7Pmm7/jg5Djg7Pjg4k25Y+36YeR5YW344OW44Op44OD44KvIOOAkU5BVE8g6IWV5pmC6KiIIOODmeODq+ODiCDjg5Djg7Pjg4kg5pu/44GI44OQ44Oz44OJIE5BVE/jg4rjgqTjg63jg7Pjgr/jgqTjg5fjga7ohZXmmYLoqIjmm7/jgYjjg5Djg7Pjg4kgLyDnsKHljZjjgqTjg6Hjg4Hjgqfjg7PjgavvvIEg44OQ44ON5qOS5aSW44GX5LuY5bGe,TkFUT+ODkOODs+ODiSDohZXmmYLoqIgg44OQ44Oz44OJIOabv+OBiOODkOODs+ODiSAxOG1tIDIwbW0gMjJtbeOAguOAkCDohZXmmYLoqIhOQVRPL0pC44K/44Kk44OX44OK44Kk44Ot44Oz5pu/44OQ44Oz44OJNuWPt+mHkeWFt+ODluODqeODg+OCryDjgJFOQVRPIOiFleaZguioiCDjg5njg6vjg4gg44OQ44Oz44OJIOabv+OBiOODkOODs+ODiSBOQVRP44OK44Kk44Ot44Oz44K/44Kk44OX44Gu6IWV5pmC6KiI5pu/44GI44OQ44Oz44OJIC8g57Ch5Y2Y44Kk44Oh44OB44Kn44Oz44Gr77yBIOODkOODjeajkuWkluOBl+S7mOWxng==[rn]
22-59942,aHR0cDovL3RzaG9wLnIxMHMuanAvZ29sZC90cmVuZHN0eWxlL2ltZy9pbWcvZW1vam91MS5qcGc/Zml0aW49NzAwOjcwMA==,MzU1LjIwMDA=,,6IWV5pmC6KiIID4g6IWV5pmC6KiI55So44Ki44Kv44K744K144Oq44O8ID4g6IWV5pmC6KiI55So44OZ44Or44OI44O744OQ44Oz44OJ,44CQIOiFleaZguioiOS6pOaPm+eUqOWwvumMoCDjgJHlsL7pjKDjgpLlpInjgYjjgabmsJfliIbjgoLjg6rjg5Xjg6zjg4Pjgrfjg6XvvIHohZXmmYLoqIgg5bC+6YygIOODoeODs+OCuiDjgYrjgZfjgoPjgowg44GL44Gj44GT44GE44GEIOaZguioiCDjgqbjgqnjg4Pjg4Eg5pu/44GI44OQ44Oz44OJIOODkOODg+OCr+ODqyDlsL7pjKDohZXmmYLoqIgg5Lqk5o+b55SoIOS6pOaPm+eUqOWwvumMoCDohZXmmYLoqIjkuqTmj5vnlKgg44Kk44Oh44O844K444OB44Kn44Oz44K4IOODquODleODrOODg+OCt+ODpSDohZXmmYLoqIjjg5njg6vjg4jnlKgg6IWV5pmC6KiI44OQ44Oz44OJIOS6pOaPm+eUqCDlsL7pjKDkuqTmj5vnlKg=,5Lqk5o+b55So5bC+6YygIOiFleaZguioiCDkuIjlpKsg44Kq44K344Oj44OsIOOBi+OBo+OBk+OBhOOBhCDnlLfmgKfnlKgg5bC+6Yyg,4pag5ZWG5ZOB5ZCN77ya6IWV5pmC6KiI5Lqk5o+b55So5bC+6YygPGJyPgrilqDku5jlsZ7lk4HvvJronbbjg43jgq/jgr/jgqTllYblk4HmnKzkvZM8YnI+CuKWoOWVhuWTgeiqrOaYju+8muiFleaZguioiOOBruS6pOaPm+eUqOWwvumMoOOBq+OBquOCiuOBvuOBmeOAguiFleaZguioiOODmeODq+ODiOOCkuS6pOaPm+OBl+OBn+mam+OBq+OAgeaZguioiOacrOS9k+OBruOCq+ODqeODvOOBqOWwvumMoOmDqOWIhuOBruOCq+ODqeODvOOCkuWQiOOCj+OBm+OBn+OBhOOBqOOBjeOChOOAgea2iOiAl+WTgeS6pOaPm+OAgeWCmeWTgeS6pOaPm+OBp+OBiuS9v+OBhOS4i+OBleOBhOOAgjxicj4K4pag5rOo5oSP5LqL6aCF77ya44O75ZWG5ZOB44Gv44CB5Zu95YaF6YWN6YCB44K744Oz44K/44O844Gr44Gm44CB5YWo44Gm5qSc5ZOB44KS44GX44Gm44GL44KJ5YWl5bqr44GX44Gm44GK44KK44G+44GZ44GM44CB5LiH44GM5LiA5LiN5YW35ZCI44GM44GU44GW44GE44G+44GX44Gf44KJ44CB44Kr44K544K/44Oe44O844K744Oz44K/44O844G+44Gn44GU6YCj57Wh5LiL44GV44GE44CC5pep5oCl44Gr5a++5b+c44GV44Gb44Gm6aCC44GN44G+44GZ44CCPGJyPgrilqDjgrXjgqTjgrov44K544Oa44OD44Kv77ya4pag44Kr44Op44O844OQ44Oq44Ko44O844K344On44OzPGJyPuOCt+ODq+ODkOODvDxicj7jgrTjg7zjg6vjg4k8YnI+44OW44Op44OD44KvPGJyPuODlOODs+OCr+OCtOODvOODq+ODiTxicj48YnI+4pag44K144Kk44K644OQ44Oq44Ko44O844K344On44OzPGJyPjE2bW08YnI+MThtbTxicj4yMG1tPGJyPgrilqDnlJ/nlKPlm73vvJrkuK3lm708YnI+PGltZyBzcmM9Imh0dHA6Ly93d3cucmFrdXRlbi5uZS5qcC9nb2xkL3RyZW5kc3R5bGUvaW1nL3NpdGUvc2hvcGd1aWRlcGMuanBnIiBhbHQ9IualveWkqeW4guWgtOODiOODrOODs+ODieOCueOCv+OCpOODq+OCt+ODp+ODg+ODlOODs+OCsOOCrOOCpOODiSI+Cjxicj4=,44CQIOiFleaZguioiOS6pOaPm+eUqOWwvumMoCDjgJHlsL7pjKDjgpLlpInjgYjjgabmsJfliIbjgoLjg6rjg5Xjg6zjg4Pjgrfjg6XvvIHohZXmmYLoqIgg5bC+6YygIOODoeODs+OCuiDjgYrjgZfjgoPjgowg44GL44Gj44GT44GE44GEIOaZguioiCDjgqbjgqnjg4Pjg4Eg5pu/44GI44OQ44Oz44OJIOODkOODg+OCr+ODqyDlsL7pjKDohZXmmYLoqIgg5Lqk5o+b55SoIOS6pOaPm+eUqOWwvumMoCDohZXmmYLoqIjkuqTmj5vnlKgg44Kk44Oh44O844K444OB44Kn44Oz44K4IOODquODleODrOODg+OCt+ODpSDohZXmmYLoqIjjg5njg6vjg4jnlKgg6IWV5pmC6KiI44OQ44Oz44OJIOS6pOaPm+eUqCDlsL7pjKDkuqTmj5vnlKjvvJrjg4jjg6zjg7Pjg4njgrnjgr/jgqTjg6vmpb3lpKnluILloLTlupc=,44CQIOiFleaZguioiOS6pOaPm+eUqOWwvumMoCDjgJHlsL7pjKDjgpLlpInjgYjjgabmsJfliIbjgoLjg6rjg5Xjg6zjg4Pjgrfjg6XvvIHohZXmmYLoqIgg5bC+6YygIOODoeODs+OCuiDjgYrjgZfjgoPjgowg44GL44Gj44GT44GE44GEIOaZguioiCDjgqbjgqnjg4Pjg4Eg5pu/44GI44OQ44Oz44OJIOODkOODg+OCr+ODqyDlsL7pjKDohZXmmYLoqIgg5Lqk5o+b55SoIOS6pOaPm+eUqOWwvumMoCDohZXmmYLoqIjkuqTmj5vnlKgg44Kk44Oh44O844K444OB44Kn44Oz44K4IOODquODleODrOODg+OCt+ODpSDohZXmmYLoqIjjg5njg6vjg4jnlKgg6IWV5pmC6KiI44OQ44Oz44OJIOS6pOaPm+eUqCDlsL7pjKDkuqTmj5vnlKg=,5Lqk5o+b55So5bC+6YygIOiFleaZguioiCDkuIjlpKsg44Kq44K344Oj44OsIOOBi+OBo+OBk+OBhOOBhCDnlLfmgKfnlKgg5bC+6Yyg44CC44CQIOiFleaZguioiOS6pOaPm+eUqOWwvumMoCDjgJHlsL7pjKDjgpLlpInjgYjjgabmsJfliIbjgoLjg6rjg5Xjg6zjg4Pjgrfjg6XvvIHohZXmmYLoqIgg5bC+6YygIOODoeODs+OCuiDjgYrjgZfjgoPjgowg44GL44Gj44GT44GE44GEIOaZguioiCDjgqbjgqnjg4Pjg4Eg5pu/44GI44OQ44Oz44OJIOODkOODg+OCr+ODqyDlsL7pjKDohZXmmYLoqIgg5Lqk5o+b55SoIOS6pOaPm+eUqOWwvumMoCDohZXmmYLoqIjkuqTmj5vnlKgg44Kk44Oh44O844K444OB44Kn44Oz44K4IOODquODleODrOODg+OCt+ODpSDohZXmmYLoqIjjg5njg6vjg4jnlKgg6IWV5pmC6KiI44OQ44Oz44OJIOS6pOaPm+eUqCDlsL7pjKDkuqTmj5vnlKg=[rn]
22-59943,aHR0cDovL3RzaG9wLnIxMHMuanAvZ29sZC90cmVuZHN0eWxlL2ltZy9pbWcvZW1wdHdibnIuanBnP2ZpdGluPTcwMDo3MDA=,MTA5Ni4wMDAw,,6IWV5pmC6KiIID4g6IWV5pmC6KiI55So44Ki44Kv44K744K144Oq44O8ID4g6IWV5pmC6KiI55So44OZ44Or44OI44O744OQ44Oz44OJ,44CQ6IWV5pmC6KiIIOODmeODq+ODiCDpnakg6LWkIOODrOODg+ODiSDohZXmmYLoqIjjg5Djg7Pjg4njgJHmmYLoqIjjgpLjgYrmtJLokL3jgashIeODkOODjeajkuWkluOBl+ODl+ODrOOCvOODs+ODiOKYhuiFleaZguioiCDjg5njg6vjg4gg6IWV5pmC6KiI44OQ44Oz44OJIOmdqSDohZXmmYLoqIgg44Oh44Oz44K6ICjmmYLoqIgg44OZ44Or44OIIDE2bW0gMThtbSAxOW1tIDIwbW0gMjJtbSDpnakgKSDohZXmmYLoqIjpnanjg5njg6vjg4jjga7kuqTmj5vnlKjjgashIeiFleaZguioiCDpnanjg5njg6vjg4gg6IWV5pmC6KiIIOabv+OBiOODkOODs+ODiSDoqr/mlbQg5bel5YW3,6YCB5paZ54Sh5paZIOiFleaZguioiCDjg5njg6vjg4gg6Z2pIOODoeODs+OCuiDmmYLoqIgg44Oh44Oz44K6IOW3peWFt+S7mA==,4pag5ZWG5ZOB5ZCN77ya6IWV5pmC6KiI6Z2p5pu/44GI44OZ44Or44OIPGJyPgrilqDku5jlsZ7lk4HvvJrjg7vmmYLoqIjmm7/jgYjjg5njg6vjg4jkuIDlvI88YnI+CuODu+ODkOODjeajkuWkluOBl+OBjOS7mOOBhOOBpuOBjeOBvuOBmeOAgjxicj4K4pag5a++5b+c44K144Kk44K677ya6IWV5ZGo44KK44CA57SEMTZjbe+9njIyY23lr77lv5w8YnI+CuKWoOijheedgOOBmeOCi+aZguioiOOBruODleOCp+OCpOOCueOCteOCpOOCuuOBq+OCiOOCiuWkmuWwkeWJjeW+jOOBl+OBvuOBmeOBruOBp+OAgeOBlOazqOaEj+S4i+OBleOBhOOAgjxicj4K4pag44Oh44O844Kr44O877ya5qCq5byP5Lya56S+44Ko44Oz44OR44Ov44O844Oh44Oz44OIPGJyPgrilqDnlJ/nlKPlm73vvJrkuK3lm708YnI+Cjxicj4K6IWV5pmC6KiI44OQ44Oz44OJ44K144Kk44K66KGoPGJyPgrmmYLoqIjmnKzkvZPlgbQo5bC+6Yyg5YG0KOODkOODg+OCr+ODq+WBtCkpPGJyPgoxNm1tKDE0bW0pPGJyPgoxOG1tKDE2bW0pPGJyPgoxOW1tKDE4bW0pPGJyPgoyMG1tKDE4bW0pPGJyPgoyMm1tKDIwbW0pPGJyPgo8YnI+CuKAuygp44Kr44OD44Kz5YaF44Gu44K144Kk44K644Gv44CB6IWV5pmC6KiI44OQ44Oz44OJ44Gu5bC+6Yyg5YG077yI44OQ44OD44Kv44Or5YG044Gu44K144Kk44K644Gr44Gq44KK44G+44GZ77yJPGJyPgrlsL7pjKDjgoTjg5Djg4Pjgq/jg6vjgpLku5jmm7/jgYjjgovpmpvjgarjganjga7jgIHlj4LogIPjgavjgZfjgabkuIvjgZXjgYTjgIIgPGJyPgo8YnI+PGltZyBzcmM9Imh0dHA6Ly93d3cucmFrdXRlbi5uZS5qcC9nb2xkL3RyZW5kc3R5bGUvaW1nL3NpdGUvc2hvcGd1aWRlcGMuanBnIiBhbHQ9IualveWkqeW4guWgtOODiOODrOODs+ODieOCueOCv+OCpOODq+OCt+ODp+ODg+ODlOODs+OCsOOCrOOCpOODiSI+Cjxicj4=,44CQ6IWV5pmC6KiIIOODmeODq+ODiCDpnakg6LWkIOODrOODg+ODiSDohZXmmYLoqIjjg5Djg7Pjg4njgJHmmYLoqIjjgpLjgYrmtJLokL3jgashIeODkOODjeajkuWkluOBl+ODl+ODrOOCvOODs+ODiOKYhuiFleaZguioiCDjg5njg6vjg4gg6IWV5pmC6KiI44OQ44Oz44OJIOmdqSDohZXmmYLoqIgg44Oh44Oz44K6ICjmmYLoqIgg44OZ44Or44OIIDE2bW0gMThtbSAxOW1tIDIwbW0gMjJtbSDpnakgKSDohZXmmYLoqIjpnanjg5njg6vjg4jjga7kuqTmj5vnlKjjgashIeiFleaZguioiCDpnanjg5njg6vjg4gg6IWV5pmC6KiIIOabv+OBiOODkOODs+ODiSDoqr/mlbQg5bel5YW377ya44OI44Os44Oz44OJ44K544K/44Kk44Or5qW95aSp5biC5aC05bqX,44CQ6IWV5pmC6KiIIOODmeODq+ODiCDpnakg6LWkIOODrOODg+ODiSDohZXmmYLoqIjjg5Djg7Pjg4njgJHmmYLoqIjjgpLjgYrmtJLokL3jgashIeODkOODjeajkuWkluOBl+ODl+ODrOOCvOODs+ODiOKYhuiFleaZguioiCDjg5njg6vjg4gg6IWV5pmC6KiI44OQ44Oz44OJIOmdqSDohZXmmYLoqIgg44Oh44Oz44K6ICjmmYLoqIgg44OZ44Or44OIIDE2bW0gMThtbSAxOW1tIDIwbW0gMjJtbSDpnakgKSDohZXmmYLoqIjpnanjg5njg6vjg4jjga7kuqTmj5vnlKjjgashIeiFleaZguioiCDpnanjg5njg6vjg4gg6IWV5pmC6KiIIOabv+OBiOODkOODs+ODiSDoqr/mlbQg5bel5YW3,6YCB5paZ54Sh5paZIOiFleaZguioiCDjg5njg6vjg4gg6Z2pIOODoeODs+OCuiDmmYLoqIgg44Oh44Oz44K6IOW3peWFt+S7mOOAguOAkOiFleaZguioiCDjg5njg6vjg4gg6Z2pIOi1pCDjg6zjg4Pjg4kg6IWV5pmC6KiI44OQ44Oz44OJ44CR5pmC6KiI44KS44GK5rSS6JC944GrISHjg5Djg43mo5LlpJbjgZfjg5fjg6zjgrzjg7Pjg4jimIbohZXmmYLoqIgg44OZ44Or44OIIOiFleaZguioiOODkOODs+ODiSDpnakg6IWV5pmC6KiIIOODoeODs+OCuiAo5pmC6KiIIOODmeODq+ODiCAxNm1tIDE4bW0gMTltbSAyMG1tIDIybW0g6Z2pICkg6IWV5pmC6KiI6Z2p44OZ44Or44OI44Gu5Lqk5o+b55So44GrISHohZXmmYLoqIgg6Z2p44OZ44Or44OIIOiFleaZguioiCDmm7/jgYjjg5Djg7Pjg4kg6Kq/5pW0IOW3peWFtw==[rn]
22-59944,aHR0cDovL3RzaG9wLnIxMHMuanAvZ29sZC90cmVuZHN0eWxlL2ltZy9pbWcvbmF0b2JlbHQxLmpwZz9maXRpbj03MDA6NzAw,MTQ2Ni40MDAw,,6IWV5pmC6KiIID4g6IWV5pmC6KiI55So44Ki44Kv44K744K144Oq44O8ID4g6IWV5pmC6KiI55So44OZ44Or44OI44O744OQ44Oz44OJ,44CQIOiFleaZguioiE5BVE/jgr/jgqTjg5fmm7/jg5Djg7Pjg4njg6rjg7PjgrA144OW44Op44OD44Kv77yR5Y+36YeR5YW344K344Or44OQ44O8IOOAkU5BVE8g6IWV5pmC6KiIIOODmeODq+ODiCDjg5Djg7Pjg4kg5pu/44GI44OQ44Oz44OJIE5BVE/jg4rjgqTjg63jg7Pjgr/jgqTjg5fjga7ohZXmmYLoqIjmm7/jgYjjg5Djg7Pjg4kgLyDnsKHljZjjgqTjg6Hjg4Hjgqfjg7PjgavvvIEg44OQ44ON5qOS5aSW44GX5LuY5bGe,TkFUT+ODkOODs+ODiSDohZXmmYLoqIgg44OQ44Oz44OJIOabv+OBiOODkOODs+ODiSAxOG1tIDIwbW0gMjJtbSAyNG1t,4pag5ZWG5ZOB5ZCN77yaTkFUT+OCv+OCpOODl+ODiuOCpOODreODs+iFleaZguioiOODkOODs+ODiTxicj4K4pag5LuY5bGe5ZOB77ya44OQ44Oz44OJ5pys5L2T44CB44OQ44ON5qOS5aSW44GX77yR5pysPGJyPgrilqDllYblk4HoqqzmmI7vvJpOQVRP44K/44Kk44OX44Gu6IWV5pmC6KiI44OQ44Oz44OJ44Gn44GZ44CC44Oh44K/44Or44OQ44Oz44OJ44KE44CB6Z2p44OQ44Oz44OJ44GL44KJ5aSJ5pu044GX44G+44GZ44Go44CB6IWV5pmC6KiI44Gu5Y2w6LGh44GM5LiA5aSJ44GX44G+44GZ44CC44OQ44Oz44OJ44Gu5LuY5pu/44GI44Gv6Z2e5bi444Gr57Ch5Y2Y44Gn44GZ44Gu44Gn44CB5rCX5YiG44Gn552A44Gb5pu/44GI44KL5oSf6Kaa44Gn6IWV5pmC6KiI44KS5qW944GX44KB44KL44GK44GZ44GZ44KB44Gu5ZWG5ZOB44Gn44GZ44CCPGJyPgrilqDms6jmhI/kuovpoIXvvJrjgrXjgqTjgrrplpPpgZXjgYTjgavjgZTms6jmhI/kuIvjgZXjgYTjgII8YnI+CuWVhuWTgeOBruiJsuWRs+OBr+W/oOWun+OBq+WGjeePvuOBmeOCi+OCiOOBhuOBq+aSruW9seOBl+OBpuOBiuOCiuOBvuOBmeOBjOOAgeOBiuS9v+OBhOOBruODouODi+OCv+ODvOOBq+OCiOOCiuiJsuWRs+OBjOiLpeW5sueVsOOBquOCi+WgtOWQiOOBjOOBlOOBluOBhOOBvuOBmeOAgjxicj4K4pag44K144Kk44K677yaMThtbSAyMG1tIDIybW0gMjRtbTxicj4K4pag55Sf55Sj5Zu977ya5Lit5Zu9PGltZyBzcmM9Imh0dHA6Ly93d3cucmFrdXRlbi5uZS5qcC9nb2xkL3RyZW5kc3R5bGUvaW1nL3NpdGUvc2hvcGd1aWRlcGMuanBnIiBhbHQ9IualveWkqeW4guWgtOODiOODrOODs+ODieOCueOCv+OCpOODq+OCt+ODp+ODg+ODlOODs+OCsOOCrOOCpOODiSI+Cjxicj4=,44CQIOiFleaZguioiE5BVE/jgr/jgqTjg5fmm7/jg5Djg7Pjg4njg6rjg7PjgrA144OW44Op44OD44Kv77yR5Y+36YeR5YW344K344Or44OQ44O8IOOAkU5BVE8g6IWV5pmC6KiIIOODmeODq+ODiCDjg5Djg7Pjg4kg5pu/44GI44OQ44Oz44OJIE5BVE/jg4rjgqTjg63jg7Pjgr/jgqTjg5fjga7ohZXmmYLoqIjmm7/jgYjjg5Djg7Pjg4kgLyDnsKHljZjjgqTjg6Hjg4Hjgqfjg7PjgavvvIEg44OQ44ON5qOS5aSW44GX5LuY5bGe77ya44OI44Os44Oz44OJ44K544K/44Kk44Or5qW95aSp5biC5aC05bqX,44CQIOiFleaZguioiE5BVE/jgr/jgqTjg5fmm7/jg5Djg7Pjg4njg6rjg7PjgrA144OW44Op44OD44Kv77yR5Y+36YeR5YW344K344Or44OQ44O8IOOAkU5BVE8g6IWV5pmC6KiIIOODmeODq+ODiCDjg5Djg7Pjg4kg5pu/44GI44OQ44Oz44OJIE5BVE/jg4rjgqTjg63jg7Pjgr/jgqTjg5fjga7ohZXmmYLoqIjmm7/jgYjjg5Djg7Pjg4kgLyDnsKHljZjjgqTjg6Hjg4Hjgqfjg7PjgavvvIEg44OQ44ON5qOS5aSW44GX5LuY5bGe,TkFUT+ODkOODs+ODiSDohZXmmYLoqIgg44OQ44Oz44OJIOabv+OBiOODkOODs+ODiSAxOG1tIDIwbW0gMjJtbSAyNG1t44CC44CQIOiFleaZguioiE5BVE/jgr/jgqTjg5fmm7/jg5Djg7Pjg4njg6rjg7PjgrA144OW44Op44OD44Kv77yR5Y+36YeR5YW344K344Or44OQ44O8IOOAkU5BVE8g6IWV5pmC6KiIIOODmeODq+ODiCDjg5Djg7Pjg4kg5pu/44GI44OQ44Oz44OJIE5BVE/jg4rjgqTjg63jg7Pjgr/jgqTjg5fjga7ohZXmmYLoqIjmm7/jgYjjg5Djg7Pjg4kgLyDnsKHljZjjgqTjg6Hjg4Hjgqfjg7PjgavvvIEg44OQ44ON5qOS5aSW44GX5LuY5bGe[rn]
22-59945,aHR0cDovL3RzaG9wLnIxMHMuanAvZ29sZC90cmVuZHN0eWxlL2ltZy9pbWcvZW1wdHdid2QyOC5qcGc/Zml0aW49NzAwOjcwMA==,MzA0MC4wMDAw,,6IWV5pmC6KiIID4g6IWV5pmC6KiI55So44Ki44Kv44K744K144Oq44O8ID4g6IWV5pmC6KiI55So44OZ44Or44OI44O744OQ44Oz44OJ,44CQIOiFleaZguioiOabv+OBiOODkOODs+ODiTI4bW0g44CR44OQ44Oz44OJ44KS5aSJ44GI44Gm44Kk44Oh44O844K444OB44Kn44Oz44K477yB6IWV5pmC6KiIIOODmeODq+ODiCDjg5Djg7Pjg4kg44Oh44Oz44K6IOaZguioiCDmm7/jgYjjg5Djg7Pjg4kg5pu/44GI44OZ44Or44OIIOOBiuOBl+OCg+OCjCDjgYvjgaPjgZPjgYTjgYQg6auY57Sa5oSfIOS6pOaPmyDkv67nkIYg44Gq44GY44KAIDI4bW0gMjhtbeabv+OBiOODmeODq+ODiCAyOG1t5pu/44GI44OQ44Oz44OJIOiMtuiJsiDjg5bjg6njgqbjg7Mg6buSIOODluODqeODg+OCryDjgq3jg6Pjg6Hjg6sg5r+D6Iy2IOWAi+aAp+eahCDprYXlipvnmoQ=,5pu/44GI44OQ44Oz44OJIOiFleaZguioiOeUqCDpnanjg5njg6vjg4gg44Oh44Oz44K6IDI4bW3jg5njg6vjg4g=,4pag5ZWG5ZOB5ZCN77ya6IWV5pmC6KiI5pu/44GI44OQ44Oz44OJMjhtbTxicj4K4pag5LuY5bGe5ZOB77ya6IWV5pmC6KiI5pu/44GI44OQ44Oz44OJ5LiA5byPPGJyPgrilqDllYblk4HoqqzmmI7vvJoyOG1t44K144Kk44K644Gu5pys6Z2p44Os44K244O86IWV5pmC6KiI5pu/44GI44OZ44Or44OI44Gn44GZ44CC5pmC6KiI44Gu5Y2w6LGh44GM5LiA5aSJ44GX44G+44GZ44CC44OT44OD44Kv44OV44Kn44Kk44K544Gu5pmC6KiI44Gr44GK44GZ44GZ44KB44Gn44GZPGJyPgrilqDms6jmhI/kuovpoIXvvJrjg7vllYblk4Hjga/jgIHlm73lhoXphY3pgIHjgrvjg7Pjgr/jg7zjgavjgabjgIHlhajjgabmpJzlk4HjgpLjgZfjgabjgYvjgonlhaXluqvjgZfjgabjgYrjgorjgb7jgZnjgYzjgIHkuIfjgYzkuIDkuI3lhbflkIjjgYzjgZTjgZbjgYTjgb7jgZfjgZ/jgonjgIHjgqvjgrnjgr/jg57jg7zjgrvjg7Pjgr/jg7zjgb7jgafjgZTpgKPntaHkuIvjgZXjgYTjgILml6nmgKXjgavlr77lv5zjgZXjgZvjgabpoILjgY3jgb7jgZnjgII8YnI+CuKWoOOCteOCpOOCui/jgrnjg5rjg4Pjgq/vvJrmmYLoqIjmnKzkvZPlgbQyOG1t77yI5bC+6Yyg5YG044K144Kk44K6MjRtbe+8ieKAu+ijheedgOaZguioiOOBruOCteOCpOOCuuOBq+OBlOazqOaEj+S4i+OBleOBhDxicj4K4pag55Sf55Sj5Zu977ya5Lit5Zu9PGJyPjxpbWcgc3JjPSJodHRwOi8vd3d3LnJha3V0ZW4ubmUuanAvZ29sZC90cmVuZHN0eWxlL2ltZy9zaXRlL3Nob3BndWlkZXBjLmpwZyIgYWx0PSLmpb3lpKnluILloLTjg4jjg6zjg7Pjg4njgrnjgr/jgqTjg6vjgrfjg6fjg4Pjg5Tjg7PjgrDjgqzjgqTjg4kiPgo8YnI+,44CQIOiFleaZguioiOabv+OBiOODkOODs+ODiTI4bW0g44CR44OQ44Oz44OJ44KS5aSJ44GI44Gm44Kk44Oh44O844K444OB44Kn44Oz44K477yB6IWV5pmC6KiIIOODmeODq+ODiCDjg5Djg7Pjg4kg44Oh44Oz44K6IOaZguioiCDmm7/jgYjjg5Djg7Pjg4kg5pu/44GI44OZ44Or44OIIOOBiuOBl+OCg+OCjCDjgYvjgaPjgZPjgYTjgYQg6auY57Sa5oSfIOS6pOaPmyDkv67nkIYg44Gq44GY44KAIDI4bW0gMjhtbeabv+OBiOODmeODq+ODiCAyOG1t5pu/44GI44OQ44Oz44OJIOiMtuiJsiDjg5bjg6njgqbjg7Mg6buSIOODluODqeODg+OCryDjgq3jg6Pjg6Hjg6sg5r+D6Iy2IOWAi+aAp+eahCDprYXlipvnmoTvvJrjg4jjg6zjg7Pjg4njgrnjgr/jgqTjg6vmpb3lpKnluILloLTlupc=,44CQIOiFleaZguioiOabv+OBiOODkOODs+ODiTI4bW0g44CR44OQ44Oz44OJ44KS5aSJ44GI44Gm44Kk44Oh44O844K444OB44Kn44Oz44K477yB6IWV5pmC6KiIIOODmeODq+ODiCDjg5Djg7Pjg4kg44Oh44Oz44K6IOaZguioiCDmm7/jgYjjg5Djg7Pjg4kg5pu/44GI44OZ44Or44OIIOOBiuOBl+OCg+OCjCDjgYvjgaPjgZPjgYTjgYQg6auY57Sa5oSfIOS6pOaPmyDkv67nkIYg44Gq44GY44KAIDI4bW0gMjhtbeabv+OBiOODmeODq+ODiCAyOG1t5pu/44GI44OQ44Oz44OJIOiMtuiJsiDjg5bjg6njgqbjg7Mg6buSIOODluODqeODg+OCryDjgq3jg6Pjg6Hjg6sg5r+D6Iy2IOWAi+aAp+eahCDprYXlipvnmoQ=,5pu/44GI44OQ44Oz44OJIOiFleaZguioiOeUqCDpnanjg5njg6vjg4gg44Oh44Oz44K6IDI4bW3jg5njg6vjg4jjgILjgJAg6IWV5pmC6KiI5pu/44GI44OQ44Oz44OJMjhtbSDjgJHjg5Djg7Pjg4njgpLlpInjgYjjgabjgqTjg6Hjg7zjgrjjg4Hjgqfjg7PjgrjvvIHohZXmmYLoqIgg44OZ44Or44OIIOODkOODs+ODiSDjg6Hjg7Pjgrog5pmC6KiIIOabv+OBiOODkOODs+ODiSDmm7/jgYjjg5njg6vjg4gg44GK44GX44KD44KMIOOBi+OBo+OBk+OBhOOBhCDpq5jntJrmhJ8g5Lqk5o+bIOS/rueQhiDjgarjgZjjgoAgMjhtbSAyOG1t5pu/44GI44OZ44Or44OIIDI4bW3mm7/jgYjjg5Djg7Pjg4kg6Iy26ImyIOODluODqeOCpuODsyDpu5Ig44OW44Op44OD44KvIOOCreODo+ODoeODqyDmv4PojLYg5YCL5oCn55qEIOmtheWKm+eahA==[rn]
22-59946,aHR0cDovL3RzaG9wLnIxMHMuanAvZ29sZC90cmVuZHN0eWxlL2ltZy9pbWcvbmF0b2JlbHQyLmpwZz9maXRpbj03MDA6NzAw,MTQ2Ni40MDAw,,6IWV5pmC6KiIID4g6IWV5pmC6KiI55So44Ki44Kv44K744K144Oq44O8ID4g6IWV5pmC6KiI55So44OZ44Or44OI44O744OQ44Oz44OJ,44CQIOiFleaZguioiE5BVE/jgr/jgqTjg5fmm7/jg5Djg7Pjg4njg6rjg7PjgrA144OW44Op44OD44Kv77yS5Y+36YeR5YW344OW44Op44OD44KvIOOAkU5BVE8g6IWV5pmC6KiIIOODmeODq+ODiCDjg5Djg7Pjg4kg5pu/44GI44OQ44Oz44OJIE5BVE/jg4rjgqTjg63jg7Pjgr/jgqTjg5fjga7ohZXmmYLoqIjmm7/jgYjjg5Djg7Pjg4kgLyDnsKHljZjjgqTjg6Hjg4Hjgqfjg7PjgavvvIEg44OQ44ON5qOS5aSW44GX5LuY5bGe,TkFUT+ODkOODs+ODiSDohZXmmYLoqIgg44OQ44Oz44OJIOabv+OBiOODkOODs+ODiSAxOG1tIDIwbW0gMjJtbSAyNG1t,4pag5ZWG5ZOB5ZCN77yaTkFUT+OCv+OCpOODl+ODiuOCpOODreODs+iFleaZguioiOODkOODs+ODiTxicj4K4pag5LuY5bGe5ZOB77ya44OQ44Oz44OJ5pys5L2T44CB44OQ44ON5qOS5aSW44GX77yR5pysPGJyPgrilqDllYblk4HoqqzmmI7vvJpOQVRP44K/44Kk44OX44Gu6IWV5pmC6KiI44OQ44Oz44OJ44Gn44GZ44CC44Oh44K/44Or44OQ44Oz44OJ44KE44CB6Z2p44OQ44Oz44OJ44GL44KJ5aSJ5pu044GX44G+44GZ44Go44CB6IWV5pmC6KiI44Gu5Y2w6LGh44GM5LiA5aSJ44GX44G+44GZ44CC44OQ44Oz44OJ44Gu5LuY5pu/44GI44Gv6Z2e5bi444Gr57Ch5Y2Y44Gn44GZ44Gu44Gn44CB5rCX5YiG44Gn552A44Gb5pu/44GI44KL5oSf6Kaa44Gn6IWV5pmC6KiI44KS5qW944GX44KB44KL44GK44GZ44GZ44KB44Gu5ZWG5ZOB44Gn44GZ44CCPGJyPgrilqDms6jmhI/kuovpoIXvvJrjgrXjgqTjgrrplpPpgZXjgYTjgavjgZTms6jmhI/kuIvjgZXjgYTjgII8YnI+CuWVhuWTgeOBruiJsuWRs+OBr+W/oOWun+OBq+WGjeePvuOBmeOCi+OCiOOBhuOBq+aSruW9seOBl+OBpuOBiuOCiuOBvuOBmeOBjOOAgeOBiuS9v+OBhOOBruODouODi+OCv+ODvOOBq+OCiOOCiuiJsuWRs+OBjOiLpeW5sueVsOOBquOCi+WgtOWQiOOBjOOBlOOBluOBhOOBvuOBmeOAgjxicj4K4pag44K144Kk44K677yaMThtbSAyMG1tIDIybW0gMjRtbTxicj4K4pag55Sf55Sj5Zu977ya5Lit5Zu9PGltZyBzcmM9Imh0dHA6Ly93d3cucmFrdXRlbi5uZS5qcC9nb2xkL3RyZW5kc3R5bGUvaW1nL3NpdGUvc2hvcGd1aWRlcGMuanBnIiBhbHQ9IualveWkqeW4guWgtOODiOODrOODs+ODieOCueOCv+OCpOODq+OCt+ODp+ODg+ODlOODs+OCsOOCrOOCpOODiSI+Cjxicj4=,44CQIOiFleaZguioiE5BVE/jgr/jgqTjg5fmm7/jg5Djg7Pjg4njg6rjg7PjgrA144OW44Op44OD44Kv77yS5Y+36YeR5YW344OW44Op44OD44KvIOOAkU5BVE8g6IWV5pmC6KiIIOODmeODq+ODiCDjg5Djg7Pjg4kg5pu/44GI44OQ44Oz44OJIE5BVE/jg4rjgqTjg63jg7Pjgr/jgqTjg5fjga7ohZXmmYLoqIjmm7/jgYjjg5Djg7Pjg4kgLyDnsKHljZjjgqTjg6Hjg4Hjgqfjg7PjgavvvIEg44OQ44ON5qOS5aSW44GX5LuY5bGe77ya44OI44Os44Oz44OJ44K544K/44Kk44Or5qW95aSp5biC5aC05bqX,44CQIOiFleaZguioiE5BVE/jgr/jgqTjg5fmm7/jg5Djg7Pjg4njg6rjg7PjgrA144OW44Op44OD44Kv77yS5Y+36YeR5YW344OW44Op44OD44KvIOOAkU5BVE8g6IWV5pmC6KiIIOODmeODq+ODiCDjg5Djg7Pjg4kg5pu/44GI44OQ44Oz44OJIE5BVE/jg4rjgqTjg63jg7Pjgr/jgqTjg5fjga7ohZXmmYLoqIjmm7/jgYjjg5Djg7Pjg4kgLyDnsKHljZjjgqTjg6Hjg4Hjgqfjg7PjgavvvIEg44OQ44ON5qOS5aSW44GX5LuY5bGe,TkFUT+ODkOODs+ODiSDohZXmmYLoqIgg44OQ44Oz44OJIOabv+OBiOODkOODs+ODiSAxOG1tIDIwbW0gMjJtbSAyNG1t44CC44CQIOiFleaZguioiE5BVE/jgr/jgqTjg5fmm7/jg5Djg7Pjg4njg6rjg7PjgrA144OW44Op44OD44Kv77yS5Y+36YeR5YW344OW44Op44OD44KvIOOAkU5BVE8g6IWV5pmC6KiIIOODmeODq+ODiCDjg5Djg7Pjg4kg5pu/44GI44OQ44Oz44OJIE5BVE/jg4rjgqTjg63jg7Pjgr/jgqTjg5fjga7ohZXmmYLoqIjmm7/jgYjjg5Djg7Pjg4kgLyDnsKHljZjjgqTjg6Hjg4Hjgqfjg7PjgavvvIEg44OQ44ON5qOS5aSW44GX5LuY5bGe[rn]
22-59947,aHR0cDovL3RzaG9wLnIxMHMuanAvZ29sZC90cmVuZHN0eWxlL2ltZy9pbWcvbmF0b2JlbHQ1LmpwZz9maXRpbj03MDA6NzAw,MTQ2Ni40MDAw,,6IWV5pmC6KiIID4g6IWV5pmC6KiI55So44Ki44Kv44K744K144Oq44O8ID4g6IWV5pmC6KiI55So44OZ44Or44OI44O744OQ44Oz44OJ,44CQIOiFleaZguioiE5BVE8vSkLjgr/jgqTjg5fjg4rjgqTjg63jg7Pmm7/jg5Djg7Pjg4k15Y+36YeR5YW344K344Or44OQ44O8IOOAkU5BVE8g6IWV5pmC6KiIIOODmeODq+ODiCDjg5Djg7Pjg4kg5pu/44GI44OQ44Oz44OJIE5BVE/jg4rjgqTjg63jg7Pjgr/jgqTjg5fjga7ohZXmmYLoqIjmm7/jgYjjg5Djg7Pjg4kgLyDnsKHljZjjgqTjg6Hjg4Hjgqfjg7PjgavvvIEg44OQ44ON5qOS5aSW44GX5LuY5bGe,TkFUT+ODkOODs+ODiSDohZXmmYLoqIgg44OQ44Oz44OJIOabv+OBiOODkOODs+ODiSAxOG1tIDIwbW0gMjJtbQ==,4pag5ZWG5ZOB5ZCN77yaTkFUT+OCv+OCpOODl+ODiuOCpOODreODs+iFleaZguioiOODkOODs+ODiTxicj4K4pag5LuY5bGe5ZOB77ya44OQ44Oz44OJ5pys5L2T44CB44OQ44ON5qOS5aSW44GX77yR5pysPGJyPgrilqDllYblk4HoqqzmmI7vvJpOQVRP44K/44Kk44OX44Gu6IWV5pmC6KiI44OQ44Oz44OJ44Gn44GZ44CC44Oh44K/44Or44OQ44Oz44OJ44KE44CB6Z2p44OQ44Oz44OJ44GL44KJ5aSJ5pu044GX44G+44GZ44Go44CB6IWV5pmC6KiI44Gu5Y2w6LGh44GM5LiA5aSJ44GX44G+44GZ44CC44OQ44Oz44OJ44Gu5LuY5pu/44GI44Gv6Z2e5bi444Gr57Ch5Y2Y44Gn44GZ44Gu44Gn44CB5rCX5YiG44Gn552A44Gb5pu/44GI44KL5oSf6Kaa44Gn6IWV5pmC6KiI44KS5qW944GX44KB44KL44GK44GZ44GZ44KB44Gu5ZWG5ZOB44Gn44GZ44CCPGJyPgrilqDms6jmhI/kuovpoIXvvJrjgrXjgqTjgrrplpPpgZXjgYTjgavjgZTms6jmhI/kuIvjgZXjgYTjgII8YnI+CuWVhuWTgeOBruiJsuWRs+OBr+W/oOWun+OBq+WGjeePvuOBmeOCi+OCiOOBhuOBq+aSruW9seOBl+OBpuOBiuOCiuOBvuOBmeOBjOOAgeOBiuS9v+OBhOOBruODouODi+OCv+ODvOOBq+OCiOOCiuiJsuWRs+OBjOiLpeW5sueVsOOBquOCi+WgtOWQiOOBjOOBlOOBluOBhOOBvuOBmeOAgjxicj4K4pag44K144Kk44K677yaMThtbSAyMG1tIDIybW08YnI+CuKWoOeUn+eUo+Wbve+8muS4reWbvTxpbWcgc3JjPSJodHRwOi8vd3d3LnJha3V0ZW4ubmUuanAvZ29sZC90cmVuZHN0eWxlL2ltZy9zaXRlL3Nob3BndWlkZXBjLmpwZyIgYWx0PSLmpb3lpKnluILloLTjg4jjg6zjg7Pjg4njgrnjgr/jgqTjg6vjgrfjg6fjg4Pjg5Tjg7PjgrDjgqzjgqTjg4kiPgo8YnI+,44CQIOiFleaZguioiE5BVE8vSkLjgr/jgqTjg5fjg4rjgqTjg63jg7Pmm7/jg5Djg7Pjg4k15Y+36YeR5YW344K344Or44OQ44O8IOOAkU5BVE8g6IWV5pmC6KiIIOODmeODq+ODiCDjg5Djg7Pjg4kg5pu/44GI44OQ44Oz44OJIE5BVE/jg4rjgqTjg63jg7Pjgr/jgqTjg5fjga7ohZXmmYLoqIjmm7/jgYjjg5Djg7Pjg4kgLyDnsKHljZjjgqTjg6Hjg4Hjgqfjg7PjgavvvIEg44OQ44ON5qOS5aSW44GX5LuY5bGe77ya44OI44Os44Oz44OJ44K544K/44Kk44Or5qW95aSp5biC5aC05bqX,44CQIOiFleaZguioiE5BVE8vSkLjgr/jgqTjg5fjg4rjgqTjg63jg7Pmm7/jg5Djg7Pjg4k15Y+36YeR5YW344K344Or44OQ44O8IOOAkU5BVE8g6IWV5pmC6KiIIOODmeODq+ODiCDjg5Djg7Pjg4kg5pu/44GI44OQ44Oz44OJIE5BVE/jg4rjgqTjg63jg7Pjgr/jgqTjg5fjga7ohZXmmYLoqIjmm7/jgYjjg5Djg7Pjg4kgLyDnsKHljZjjgqTjg6Hjg4Hjgqfjg7PjgavvvIEg44OQ44ON5qOS5aSW44GX5LuY5bGe,TkFUT+ODkOODs+ODiSDohZXmmYLoqIgg44OQ44Oz44OJIOabv+OBiOODkOODs+ODiSAxOG1tIDIwbW0gMjJtbeOAguOAkCDohZXmmYLoqIhOQVRPL0pC44K/44Kk44OX44OK44Kk44Ot44Oz5pu/44OQ44Oz44OJNeWPt+mHkeWFt+OCt+ODq+ODkOODvCDjgJFOQVRPIOiFleaZguioiCDjg5njg6vjg4gg44OQ44Oz44OJIOabv+OBiOODkOODs+ODiSBOQVRP44OK44Kk44Ot44Oz44K/44Kk44OX44Gu6IWV5pmC6KiI5pu/44GI44OQ44Oz44OJIC8g57Ch5Y2Y44Kk44Oh44OB44Kn44Oz44Gr77yBIOODkOODjeajkuWkluOBl+S7mOWxng==[rn]
22-59948,aHR0cDovL3RzaG9wLnIxMHMuanAvZ29sZC90cmVuZHN0eWxlL2ltZy9pbWcvZW1wdHdid2QyNC5qcGc/Zml0aW49NzAwOjcwMA==,MjcyMC4wMDAw,,6IWV5pmC6KiIID4g6IWV5pmC6KiI55So44Ki44Kv44K744K144Oq44O8ID4g6IWV5pmC6KiI55So44OZ44Or44OI44O744OQ44Oz44OJ,44CQIOiFleaZguioiOabv+OBiOODkOODs+ODiTI0bW0g44CR44GK44GX44KD44KM44Gq6IWV5pmC6KiI44OQ44Oz44OJ44Gr5Lqk5o+b77yB6IWV5pmC6KiIIOODmeODq+ODiCDjg5Djg7Pjg4kg44Oh44Oz44K6IOaZguioiCDmm7/jgYjjg5Djg7Pjg4kg5pu/44GI44OZ44Or44OIIOOBiuOBl+OCg+OCjCDjgYvjgaPjgZPjgYTjgYQg6auY57Sa5oSfIOS6pOaPmyDkv67nkIYg44Gq44GY44KAIDI0bW0gMjRtbeabv+OBiOODmeODq+ODiCAyNG1t5pu/44GI44OQ44Oz44OJIOiMtuiJsiDjg5bjg6njgqbjg7Mg6buSIOODluODqeODg+OCryDjgq3jg6Pjg6Hjg6sg5r+D6Iy2IOeZveezuOOCueODhuODg+ODgQ==,5pu/44GI44OQ44Oz44OJIOiFleaZguioiOeUqCDpnanjg5njg6vjg4gg44Oh44Oz44K6IDI0bW3jg5njg6vjg4g=,4pag5ZWG5ZOB5ZCN77ya6IWV5pmC6KiI5pu/44GI44OQ44Oz44OJMjRtbTxicj4K4pag5LuY5bGe5ZOB77ya6IWV5pmC6KiI5pu/44GI44OQ44Oz44OJ5LiA5byPPGJyPgrilqDllYblk4HoqqzmmI7vvJoyNG1t44K144Kk44K644Gu5pys6Z2p44Os44K244O86IWV5pmC6KiI5pu/44GI44OZ44Or44OI44Gn44GZ44CC5pmC6KiI44Gu5Y2w6LGh44GM5LiA5aSJ44GX44G+44GZ44CC44OT44OD44Kv44OV44Kn44Kk44K544Gu5pmC6KiI44Gr44GK44GZ44GZ44KB44Gn44GZPGJyPgrilqDms6jmhI/kuovpoIXvvJrjg7vllYblk4Hjga/jgIHlm73lhoXphY3pgIHjgrvjg7Pjgr/jg7zjgavjgabjgIHlhajjgabmpJzlk4HjgpLjgZfjgabjgYvjgonlhaXluqvjgZfjgabjgYrjgorjgb7jgZnjgYzjgIHkuIfjgYzkuIDkuI3lhbflkIjjgYzjgZTjgZbjgYTjgb7jgZfjgZ/jgonjgIHjgqvjgrnjgr/jg57jg7zjgrvjg7Pjgr/jg7zjgb7jgafjgZTpgKPntaHkuIvjgZXjgYTjgILml6nmgKXjgavlr77lv5zjgZXjgZvjgabpoILjgY3jgb7jgZnjgII8YnI+CuKWoOOCteOCpOOCui/jgrnjg5rjg4Pjgq/vvJrmmYLoqIjmnKzkvZPlgbQyNG1t77yI5bC+6Yyg5YG044K144Kk44K6MjJtbe+8ieKAu+ijheedgOaZguioiOOBruOCteOCpOOCuuOBq+OBlOazqOaEj+S4i+OBleOBhDxicj4K4pag55Sf55Sj5Zu977ya5Lit5Zu9PGJyPjxpbWcgc3JjPSJodHRwOi8vd3d3LnJha3V0ZW4ubmUuanAvZ29sZC90cmVuZHN0eWxlL2ltZy9zaXRlL3Nob3BndWlkZXBjLmpwZyIgYWx0PSLmpb3lpKnluILloLTjg4jjg6zjg7Pjg4njgrnjgr/jgqTjg6vjgrfjg6fjg4Pjg5Tjg7PjgrDjgqzjgqTjg4kiPgo8YnI+,44CQIOiFleaZguioiOabv+OBiOODkOODs+ODiTI0bW0g44CR44GK44GX44KD44KM44Gq6IWV5pmC6KiI44OQ44Oz44OJ44Gr5Lqk5o+b77yB6IWV5pmC6KiIIOODmeODq+ODiCDjg5Djg7Pjg4kg44Oh44Oz44K6IOaZguioiCDmm7/jgYjjg5Djg7Pjg4kg5pu/44GI44OZ44Or44OIIOOBiuOBl+OCg+OCjCDjgYvjgaPjgZPjgYTjgYQg6auY57Sa5oSfIOS6pOaPmyDkv67nkIYg44Gq44GY44KAIDI0bW0gMjRtbeabv+OBiOODmeODq+ODiCAyNG1t5pu/44GI44OQ44Oz44OJIOiMtuiJsiDjg5bjg6njgqbjg7Mg6buSIOODluODqeODg+OCryDjgq3jg6Pjg6Hjg6sg5r+D6Iy2IOeZveezuOOCueODhuODg+ODge+8muODiOODrOODs+ODieOCueOCv+OCpOODq+alveWkqeW4guWgtOW6lw==,44CQIOiFleaZguioiOabv+OBiOODkOODs+ODiTI0bW0g44CR44GK44GX44KD44KM44Gq6IWV5pmC6KiI44OQ44Oz44OJ44Gr5Lqk5o+b77yB6IWV5pmC6KiIIOODmeODq+ODiCDjg5Djg7Pjg4kg44Oh44Oz44K6IOaZguioiCDmm7/jgYjjg5Djg7Pjg4kg5pu/44GI44OZ44Or44OIIOOBiuOBl+OCg+OCjCDjgYvjgaPjgZPjgYTjgYQg6auY57Sa5oSfIOS6pOaPmyDkv67nkIYg44Gq44GY44KAIDI0bW0gMjRtbeabv+OBiOODmeODq+ODiCAyNG1t5pu/44GI44OQ44Oz44OJIOiMtuiJsiDjg5bjg6njgqbjg7Mg6buSIOODluODqeODg+OCryDjgq3jg6Pjg6Hjg6sg5r+D6Iy2IOeZveezuOOCueODhuODg+ODgQ==,5pu/44GI44OQ44Oz44OJIOiFleaZguioiOeUqCDpnanjg5njg6vjg4gg44Oh44Oz44K6IDI0bW3jg5njg6vjg4jjgILjgJAg6IWV5pmC6KiI5pu/44GI44OQ44Oz44OJMjRtbSDjgJHjgYrjgZfjgoPjgozjgarohZXmmYLoqIjjg5Djg7Pjg4njgavkuqTmj5vvvIHohZXmmYLoqIgg44OZ44Or44OIIOODkOODs+ODiSDjg6Hjg7Pjgrog5pmC6KiIIOabv+OBiOODkOODs+ODiSDmm7/jgYjjg5njg6vjg4gg44GK44GX44KD44KMIOOBi+OBo+OBk+OBhOOBhCDpq5jntJrmhJ8g5Lqk5o+bIOS/rueQhiDjgarjgZjjgoAgMjRtbSAyNG1t5pu/44GI44OZ44Or44OIIDI0bW3mm7/jgYjjg5Djg7Pjg4kg6Iy26ImyIOODluODqeOCpuODsyDpu5Ig44OW44Op44OD44KvIOOCreODo+ODoeODqyDmv4PojLYg55m957O444K544OG44OD44OB[rn]
22-59949,aHR0cDovL3RzaG9wLnIxMHMuanAvYWtpYmFtYWMvY2FiaW5ldC8wNTQzOTA3MS80OTA3OTI0NTE5Mzg5LmpwZz9maXRpbj03MDA6NzAw,MTk2MC4wMDAw,,6IWV5pmC6KiIID4g6IWV5pmC6KiI55So44Ki44Kv44K744K144Oq44O8ID4g44Gd44Gu5LuW,44OQ44Oz44OTTkFUT+OCv+OCpOODlyDjg6zjgrbjg7wyNOODn+ODqiDjgrDjg6rjg7zjg7PDl+eZveOCueODhuODg+ODgSBCQ0EwMzVNMVc=,,PHRhYmxlIGJvcmRlcj0iMCIgY2VsbHBhZGRpbmc9IjAiIGNlbGxzcGFjaW5nPSIwIiB3aWR0aD0iNzEwIiBzdHlsZT0ibGluZS1oZWlnaHQ6MTQwJTsiPjx0cj48dGQ+PGZvbnQgc2l6ZT0iMiI+PGJyPuODrOOCtuODvOOBquOCieOBp+OBr+OBruOBl+OBquOChOOBi+OBleOBqOe0oOadkOOBruWOmuOBv+OBjOOCiOOCiuODleOCo+ODg+ODiOaEn+OCkuWil+OBl+OBvuOBmeOAgjxicj48YnI+PC9mb250PjwvdGQ+PC90cj48L3RhYmxlPjxzdHlsZSB0eXBlPSJ0ZXh0L2NzcyI+CjwhLS0KLnJha3V0ZW4tY2FtcCB7Cgl3aWR0aDogNzI1cHg7Cglib3JkZXI6IDJweCBzb2xpZCAjMzM5OUZGOwoJcGFkZGluZy10b3A6IDVweDsKCS1tb3otYm9yZGVyLXJhZGl1czo0cHg7IC8qRmlyZWZveCovCgktd2Via2l0LWJvcmRlci1yYWRpdXM6IDRweDsgLypTYWZhcmksQ2hyb21lKi8KCWJvcmRlci1yYWRpdXM6NHB4OyAvKk9wZXJhLENocm9tZSovCgltYXJnaW46MCAxMHB4IDEwcHggMDsKfQoKLyog5L6h5qC844Gr5p6g57ea44GM44Gk44GPICovCnRhYmxlI3Jha3V0ZW5MaW1pdGVkSWRfY2FydCB7CiAgICBiYWNrZ3JvdW5kLWNvbG9yOiAjZjhmOGY4OwogICAgYm9yZGVyOiAxcHggc29saWQgI2RkZDsKICAgIHBhZGRpbmc6IDhweDsKICAgIG1hcmdpbjogMTZweCAwOwp9CgpzcGFuLnByaWNlMSB7CiAgICBjb2xvcjogIzMzMyAhaW1wb3J0YW50OwogICAgZm9udC13ZWlnaHQ6IGJvbGQ7CiAgICBmb250LXNpemU6IDgwJSAhaW1wb3J0YW50OwogICAgbGluZS1oZWlnaHQ6IDMwcHg7CiAgICBkaXNwbGF5OiBpbmxpbmUtYmxvY2s7CiAgICBtYXJnaW4tcmlnaHQ6IDE2cHg7Cn0KCi0tPgo8L3N0eWxlPgoKPCEtLeODkOODiuODvOOCqOODquOCoi0tPgoKPCEtLeOAkOa2iOOBmeOBqu+8geOAkeKYheKYheKYhSBoZWlnaHQ9IjM4MCIg44Gn6Kit5a6a44GX44Gm44GP44Gg44GV44GE44CC4piF4piF4piFLS0+CjwhLS3jg5Djg4rjg7zjgqjjg6rjgqLjgZPjgZPjgb7jgactLT4KCjwhLS3mpb3lpKnjgq3jg6Pjg7Pjg5rjg7zjg7MtLT4KCjxoMiBzdHlsZT0ibWFyZ2luOjIwcHggMCAxMHB4IDA7Ij48aW1nIHNyYz0iaHR0cDovL3d3dy5yYWt1dGVuLm5lLmpwL2dvbGQvYWtpYmFtYWMvZnJhbWUvaW1hZ2VzL3Jha3V0ZW5fdGl0bGUyLmdpZiIgYWx0PSLmpb3lpKnluILloLTjga7jgYrlvpfjgarjgq3jg6Pjg7Pjg5rjg7zjg7MiIHdpZHRoPSI3MzAiIGhlaWdodD0iNDIiIGJvcmRlcj0iMCI+PC9oMj4KPGRpdiBjbGFzcz0icmFrdXRlbi1jYW1wIiBzdHlsZT0ibWFyZ2luOjAgMCAwIDA7Ij4KCgo8IS0t5qW95aSp44Kt44Oj44Oz44Oa44O844OzQOOBk+OBk+OBvuOBpy0tPg==,44OQ44Oz44OTTkFUT+OCv+OCpOODlyDjg6zjgrbjg7wyNOODn+ODqiDjgrDjg6rjg7zjg7MmdGltZXM755m944K544OG44OD44OBIEJDQTAzNU0xV++8muOCveODleODnuODg+ODl+OAgOODh+OCuOOCv+ODq+OCs+ODrOOCr+OCt+ODp+ODsw==,44K944OV44Oe44OD44OXIOODh+OCuOOCv+ODq+OCs+ODrOOCr+OCt+ODp+ODs1NvZm1hcCBEaWdpdGFsIENvbGxlY3Rpb27jg5Hjgr3jgrPjg7Pjgr/jg5bjg6zjg4Pjg4hQQ0hEROOCouOCu+ODs+ODluODquODkeODvOODhOODkeOCveOCs+ODs+ODkeODvOODhOODhuODrOODk+OCsuODvOODoOODluODq+ODvOODrOOCpOOCveODleODiERWROOCveODleODiOa2suaZtuODhuODrOODk+ODluODq+ODvOODrOOCpOODh+OCo+OCueOCr+ODrOOCs+ODvOODgOODvOODh+OCuOOCv+ODq+S4gOecvOODrOODleOCq+ODoeODqeODh+OCuOOCv+ODq+OCq+ODoeODqeWutumbu+aZguioiOS4reWPpOOAgOOCveODleODiOOCouOCpuODiOODrOODg+ODiOS4reWPpOODjuODvOODiOODkeOCveOCs+ODs+S4reWPpOODkeOCveOCs+ODs+ODkOODs+ODk05BVE/jgr/jgqTjg5cg44Os44K244O8MjTjg5/jg6og44Kw44Oq44O844OzJnRpbWVzO+eZveOCueODhuODg+ODgSBCQ0EwMzVNMVc=,44OQ44Oz44OTTkFUT+OCv+OCpOODlyDjg6zjgrbjg7wyNOODn+ODqiDjgrDjg6rjg7zjg7MmdGltZXM755m944K544OG44OD44OBIEJDQTAzNU0xVw==[rn]
22-59950,aHR0cDovL3RzaG9wLnIxMHMuanAvYWtpYmFtYWMvY2FiaW5ldC8wNTQzOTA3MS80OTA3OTI0MjQyMTI2LmpwZz9maXRpbj03MDA6NzAw,MTQwMC4wMDAw,,6IWV5pmC6KiIID4g6IWV5pmC6KiI55So44Ki44Kv44K744K144Oq44O8ID4g44Gd44Gu5LuW,44OQ44Oz44OT5pu/44GI44OZ44Or44OIIOeJm+mdqe+8iDE5LTE2bW3jg7vjg6/jgqTjg7PvvIkgQzExNUVS,,PHRhYmxlIGJvcmRlcj0iMCIgY2VsbHBhZGRpbmc9IjAiIGNlbGxzcGFjaW5nPSIwIiB3aWR0aD0iNzEwIiBzdHlsZT0ibGluZS1oZWlnaHQ6MTQwJTsiPjx0cj48dGQ+PGZvbnQgc2l6ZT0iMiI+PGJyPuijveWTgeapn+iDve+8muaKl+iPjOmYsuiHrTxicj48YnI+PC9mb250PjwvdGQ+PC90cj48L3RhYmxlPjx0YWJsZSBjZWxsc3BhY2luZz0iMCIgY2VsbHBhZGRpbmc9IjQiIGJvcmRlcj0iMSIgd2lkdGg9IjcxMCIgYm9yZGVyY29sb3I9IiNjY2NjY2MiPjx0cj48dGQgd2lkdGg9IjE4MCIgYmdjb2xvcj0iI2VmZWZlZiI+PGZvbnQgc2l6ZT0iMiI+44K344Oq44O844K6L+aEm+ensDwvZm9udD48L3RkPjx0ZCB3aWR0aD0iNTMwIj48Zm9udCBzaXplPSIyIj7jg5Djg7Pjg5M8L2ZvbnQ+PC90ZD48L3RyPjx0cj48dGQgd2lkdGg9IjE4MCIgYmdjb2xvcj0iI2VmZWZlZiI+PGZvbnQgc2l6ZT0iMiI+6ImyPC9mb250PjwvdGQ+PHRkIHdpZHRoPSI1MzAiPjxmb250IHNpemU9IjIiPuODr+OCpOODszwvZm9udD48L3RkPjwvdHI+PHRyPjx0ZCB3aWR0aD0iMTgwIiBiZ2NvbG9yPSIjZWZlZmVmIj48Zm9udCBzaXplPSIyIj7jgqvjg7PluYU8L2ZvbnQ+PC90ZD48dGQgd2lkdGg9IjUzMCI+PGZvbnQgc2l6ZT0iMiI+MTltbTwvZm9udD48L3RkPjwvdHI+PHRyPjx0ZCB3aWR0aD0iMTgwIiBiZ2NvbG9yPSIjZWZlZmVmIj48Zm9udCBzaXplPSIyIj7nvo7pjKDluYU8L2ZvbnQ+PC90ZD48dGQgd2lkdGg9IjUzMCI+PGZvbnQgc2l6ZT0iMiI+MTZtbTwvZm9udD48L3RkPjwvdHI+PHRyPjx0ZCB3aWR0aD0iMTgwIiBiZ2NvbG9yPSIjZWZlZmVmIj48Zm9udCBzaXplPSIyIj7ntKDmnZA8L2ZvbnQ+PC90ZD48dGQgd2lkdGg9IjUzMCI+PGZvbnQgc2l6ZT0iMiI+54mb6Z2pPC9mb250PjwvdGQ+PC90cj48dHI+PHRkIHdpZHRoPSIxODAiIGJnY29sb3I9IiNlZmVmZWYiPjxmb250IHNpemU9IjIiPuaKl+iPjOODu+mYsuiHrTwvZm9udD48L3RkPjx0ZCB3aWR0aD0iNTMwIj48Zm9udCBzaXplPSIyIj7mnIk8L2ZvbnQ+PC90ZD48L3RyPjwvdGFibGU+PHN0eWxlIHR5cGU9InRleHQvY3NzIj4KPCEtLQoucmFrdXRlbi1jYW1wIHsKCXdpZHRoOiA3MjVweDsKCWJvcmRlcjogMnB4IHNvbGlkICMzMzk5RkY7CglwYWRkaW5nLXRvcDogNXB4OwoJLW1vei1ib3JkZXItcmFkaXVzOjRweDsgLypGaXJlZm94Ki8KCS13ZWJraXQtYm9yZGVyLXJhZGl1czogNHB4OyAvKlNhZmFyaSxDaHJvbWUqLwoJYm9yZGVyLXJhZGl1czo0cHg7IC8qT3BlcmEsQ2hyb21lKi8KCW1hcmdpbjowIDEwcHggMTBweCAwOwp9CgovKiDkvqHmoLzjgavmnqDnt5rjgYzjgaTjgY8gKi8KdGFibGUjcmFrdXRlbkxpbWl0ZWRJZF9jYXJ0IHsKICAgIGJhY2tncm91bmQtY29sb3I6ICNmOGY4Zjg7CiAgICBib3JkZXI6IDFweCBzb2xpZCAjZGRkOwogICAgcGFkZGluZzogOHB4OwogICAgbWFyZ2luOiAxNnB4IDA7Cn0KCnNwYW4ucHJpY2UxIHsKICAgIGNvbG9yOiAjMzMzICFpbXBvcnRhbnQ7CiAgICBmb250LXdlaWdodDogYm9sZDsKICAgIGZvbnQtc2l6ZTogODAlICFpbXBvcnRhbnQ7CiAgICBsaW5lLWhlaWdodDogMzBweDsKICAgIGRpc3BsYXk6IGlubGluZS1ibG9jazsKICAgIG1hcmdpbi1yaWdodDogMTZweDsKfQoKLS0+Cjwvc3R5bGU+Cgo8IS0t44OQ44OK44O844Ko44Oq44KiLS0+Cgo8IS0t44CQ5raI44GZ44Gq77yB44CR4piF4piF4piFIGhlaWdodD0iMzgwIiDjgafoqK3lrprjgZfjgabjgY/jgaDjgZXjgYTjgILimIXimIXimIUtLT4KPCEtLeODkOODiuODvOOCqOODquOCouOBk+OBk+OBvuOBpy0tPgoKPCEtLealveWkqeOCreODo+ODs+ODmuODvOODsy0tPgoKPGgyIHN0eWxlPSJtYXJnaW46MjBweCAwIDEwcHggMDsiPjxpbWcgc3JjPSJodHRwOi8vd3d3LnJha3V0ZW4ubmUuanAvZ29sZC9ha2liYW1hYy9mcmFtZS9pbWFnZXMvcmFrdXRlbl90aXRsZTIuZ2lmIiBhbHQ9IualveWkqeW4guWgtOOBruOBiuW+l+OBquOCreODo+ODs+ODmuODvOODsyIgd2lkdGg9IjczMCIgaGVpZ2h0PSI0MiIgYm9yZGVyPSIwIj48L2gyPgo8ZGl2IGNsYXNzPSJyYWt1dGVuLWNhbXAiIHN0eWxlPSJtYXJnaW46MCAwIDAgMDsiPgoKCjwhLS3mpb3lpKnjgq3jg6Pjg7Pjg5rjg7zjg7NA44GT44GT44G+44GnLS0+,44OQ44Oz44OT5pu/44GI44OZ44Or44OIIOeJm+mdqe+8iDE5LTE2bW3jg7vjg6/jgqTjg7PvvIkgQzExNUVS77ya44K944OV44Oe44OD44OX44CA44OH44K444K/44Or44Kz44Os44Kv44K344On44Oz,44K944OV44Oe44OD44OXIOODh+OCuOOCv+ODq+OCs+ODrOOCr+OCt+ODp+ODs1NvZm1hcCBEaWdpdGFsIENvbGxlY3Rpb27jg5Hjgr3jgrPjg7Pjgr/jg5bjg6zjg4Pjg4hQQ0hEROOCouOCu+ODs+ODluODquODkeODvOODhOODkeOCveOCs+ODs+ODkeODvOODhOODhuODrOODk+OCsuODvOODoOODluODq+ODvOODrOOCpOOCveODleODiERWROOCveODleODiOa2suaZtuODhuODrOODk+ODluODq+ODvOODrOOCpOODh+OCo+OCueOCr+ODrOOCs+ODvOODgOODvOODh+OCuOOCv+ODq+S4gOecvOODrOODleOCq+ODoeODqeODh+OCuOOCv+ODq+OCq+ODoeODqeWutumbu+aZguioiOS4reWPpOOAgOOCveODleODiOOCouOCpuODiOODrOODg+ODiOS4reWPpOODjuODvOODiOODkeOCveOCs+ODs+S4reWPpOODkeOCveOCs+ODs+ODkOODs+ODk+abv+OBiOODmeODq+ODiCDniZvpnanvvIgxOS0xNm1t44O744Ov44Kk44Oz77yJIEMxMTVFUg==,44OQ44Oz44OT5pu/44GI44OZ44Or44OIIOeJm+mdqe+8iDE5LTE2bW3jg7vjg6/jgqTjg7PvvIkgQzExNUVS[rn]
22-59951,aHR0cDovL3RzaG9wLnIxMHMuanAvYWtpYmFtYWMvY2FiaW5ldC8wNTQzOTA3MS80OTA3OTI0NTI2MjI2LmpwZz9maXRpbj03MDA6NzAw,Mjc4NC4wMDAw,,6IWV5pmC6KiIID4g6IWV5pmC6KiI55So44Ki44Kv44K744K144Oq44O8ID4g44Gd44Gu5LuW,44OQ44Oz44OT57Sz5aOr55So44Oq44K244O844OJW+ODiOOCq+OCsl3vvIjjgqbjgqfjg6vjg4Djg7zvvIkgQlRBMjUxQk8g44OB44On44Kz,,PHRhYmxlIGJvcmRlcj0iMCIgY2VsbHBhZGRpbmc9IjAiIGNlbGxzcGFjaW5nPSIwIiB3aWR0aD0iNzEwIiBzdHlsZT0ibGluZS1oZWlnaHQ6MTQwJTsiPjx0cj48dGQ+PGZvbnQgc2l6ZT0iMiI+PGJyPuaKl+iPjOmYsuiHrTxicj48YnI+PC9mb250PjwvdGQ+PC90cj48L3RhYmxlPjx0YWJsZSBjZWxsc3BhY2luZz0iMCIgY2VsbHBhZGRpbmc9IjQiIGJvcmRlcj0iMSIgd2lkdGg9IjcxMCIgYm9yZGVyY29sb3I9IiNjY2NjY2MiPjx0cj48dGQgd2lkdGg9IjE4MCIgYmdjb2xvcj0iI2VmZWZlZiI+PGZvbnQgc2l6ZT0iMiI+44K344Oq44O844K6L+aEm+ensDwvZm9udD48L3RkPjx0ZCB3aWR0aD0iNTMwIj48Zm9udCBzaXplPSIyIj7jg5Djg7Pjg5M8L2ZvbnQ+PC90ZD48L3RyPjx0cj48dGQgd2lkdGg9IjE4MCIgYmdjb2xvcj0iI2VmZWZlZiI+PGZvbnQgc2l6ZT0iMiI+6ImyPC9mb250PjwvdGQ+PHRkIHdpZHRoPSI1MzAiPjxmb250IHNpemU9IjIiPuODgeODp+OCszwvZm9udD48L3RkPjwvdHI+PHRyPjx0ZCB3aWR0aD0iMTgwIiBiZ2NvbG9yPSIjZWZlZmVmIj48Zm9udCBzaXplPSIyIj7jgqvjg7PluYU8L2ZvbnQ+PC90ZD48dGQgd2lkdGg9IjUzMCI+PGZvbnQgc2l6ZT0iMiI+MTdtbTwvZm9udD48L3RkPjwvdHI+PHRyPjx0ZCB3aWR0aD0iMTgwIiBiZ2NvbG9yPSIjZWZlZmVmIj48Zm9udCBzaXplPSIyIj7nvo7pjKDluYU8L2ZvbnQ+PC90ZD48dGQgd2lkdGg9IjUzMCI+PGZvbnQgc2l6ZT0iMiI+MTRtbTwvZm9udD48L3RkPjwvdHI+PHRyPjx0ZCB3aWR0aD0iMTgwIiBiZ2NvbG9yPSIjZWZlZmVmIj48Zm9udCBzaXplPSIyIj7ntKDmnZA8L2ZvbnQ+PC90ZD48dGQgd2lkdGg9IjUzMCI+PGZvbnQgc2l6ZT0iMiI+44Oq44K244O844OJW+ODiOOCq+OCsl08L2ZvbnQ+PC90ZD48L3RyPjx0cj48dGQgd2lkdGg9IjE4MCIgYmdjb2xvcj0iI2VmZWZlZiI+PGZvbnQgc2l6ZT0iMiI+5oqX6I+M44O76Ziy6IetPC9mb250PjwvdGQ+PHRkIHdpZHRoPSI1MzAiPjxmb250IHNpemU9IjIiPuaciTwvZm9udD48L3RkPjwvdHI+PC90YWJsZT48c3R5bGUgdHlwZT0idGV4dC9jc3MiPgo8IS0tCi5yYWt1dGVuLWNhbXAgewoJd2lkdGg6IDcyNXB4OwoJYm9yZGVyOiAycHggc29saWQgIzMzOTlGRjsKCXBhZGRpbmctdG9wOiA1cHg7CgktbW96LWJvcmRlci1yYWRpdXM6NHB4OyAvKkZpcmVmb3gqLwoJLXdlYmtpdC1ib3JkZXItcmFkaXVzOiA0cHg7IC8qU2FmYXJpLENocm9tZSovCglib3JkZXItcmFkaXVzOjRweDsgLypPcGVyYSxDaHJvbWUqLwoJbWFyZ2luOjAgMTBweCAxMHB4IDA7Cn0KCi8qIOS+oeagvOOBq+aeoOe3muOBjOOBpOOBjyAqLwp0YWJsZSNyYWt1dGVuTGltaXRlZElkX2NhcnQgewogICAgYmFja2dyb3VuZC1jb2xvcjogI2Y4ZjhmODsKICAgIGJvcmRlcjogMXB4IHNvbGlkICNkZGQ7CiAgICBwYWRkaW5nOiA4cHg7CiAgICBtYXJnaW46IDE2cHggMDsKfQoKc3Bhbi5wcmljZTEgewogICAgY29sb3I6ICMzMzMgIWltcG9ydGFudDsKICAgIGZvbnQtd2VpZ2h0OiBib2xkOwogICAgZm9udC1zaXplOiA4MCUgIWltcG9ydGFudDsKICAgIGxpbmUtaGVpZ2h0OiAzMHB4OwogICAgZGlzcGxheTogaW5saW5lLWJsb2NrOwogICAgbWFyZ2luLXJpZ2h0OiAxNnB4Owp9CgotLT4KPC9zdHlsZT4KCjwhLS3jg5Djg4rjg7zjgqjjg6rjgqItLT4KCjwhLS3jgJDmtojjgZnjgarvvIHjgJHimIXimIXimIUgaGVpZ2h0PSIzODAiIOOBp+ioreWumuOBl+OBpuOBj+OBoOOBleOBhOOAguKYheKYheKYhS0tPgo8IS0t44OQ44OK44O844Ko44Oq44Ki44GT44GT44G+44GnLS0+Cgo8IS0t5qW95aSp44Kt44Oj44Oz44Oa44O844OzLS0+Cgo8aDIgc3R5bGU9Im1hcmdpbjoyMHB4IDAgMTBweCAwOyI+PGltZyBzcmM9Imh0dHA6Ly93d3cucmFrdXRlbi5uZS5qcC9nb2xkL2FraWJhbWFjL2ZyYW1lL2ltYWdlcy9yYWt1dGVuX3RpdGxlMi5naWYiIGFsdD0i5qW95aSp5biC5aC044Gu44GK5b6X44Gq44Kt44Oj44Oz44Oa44O844OzIiB3aWR0aD0iNzMwIiBoZWlnaHQ9IjQyIiBib3JkZXI9IjAiPjwvaDI+CjxkaXYgY2xhc3M9InJha3V0ZW4tY2FtcCIgc3R5bGU9Im1hcmdpbjowIDAgMCAwOyI+CgoKPCEtLealveWkqeOCreODo+ODs+ODmuODvOODs0DjgZPjgZPjgb7jgactLT4=,44OQ44Oz44OT57Sz5aOr55So44Oq44K244O844OJW+ODiOOCq+OCsl3vvIjjgqbjgqfjg6vjg4Djg7zvvIkgQlRBMjUxQk8g44OB44On44Kz77ya44K944OV44Oe44OD44OX44CA44OH44K444K/44Or44Kz44Os44Kv44K344On44Oz,44K944OV44Oe44OD44OXIOODh+OCuOOCv+ODq+OCs+ODrOOCr+OCt+ODp+ODs1NvZm1hcCBEaWdpdGFsIENvbGxlY3Rpb27jg5Hjgr3jgrPjg7Pjgr/jg5bjg6zjg4Pjg4hQQ0hEROOCouOCu+ODs+ODluODquODkeODvOODhOODkeOCveOCs+ODs+ODkeODvOODhOODhuODrOODk+OCsuODvOODoOODluODq+ODvOODrOOCpOOCveODleODiERWROOCveODleODiOa2suaZtuODhuODrOODk+ODluODq+ODvOODrOOCpOODh+OCo+OCueOCr+ODrOOCs+ODvOODgOODvOODh+OCuOOCv+ODq+S4gOecvOODrOODleOCq+ODoeODqeODh+OCuOOCv+ODq+OCq+ODoeODqeWutumbu+aZguioiOS4reWPpOOAgOOCveODleODiOOCouOCpuODiOODrOODg+ODiOS4reWPpOODjuODvOODiOODkeOCveOCs+ODs+S4reWPpOODkeOCveOCs+ODs+ODkOODs+ODk+e0s+Wjq+eUqOODquOCtuODvOODiVvjg4jjgqvjgrJd77yI44Km44Kn44Or44OA44O877yJIEJUQTI1MUJPIOODgeODp+OCsw==,44OQ44Oz44OT57Sz5aOr55So44Oq44K244O844OJW+ODiOOCq+OCsl3vvIjjgqbjgqfjg6vjg4Djg7zvvIkgQlRBMjUxQk8g44OB44On44Kz[rn]
22-59952,aHR0cDovL3RzaG9wLnIxMHMuanAvYWtpYmFtYWMvY2FiaW5ldC8wNTQzOTA3MS80OTA3OTI0NTE5NDU3LmpwZz9maXRpbj03MDA6NzAw,MTk2MC4wMDAw,,6IWV5pmC6KiIID4g6IWV5pmC6KiI55So44Ki44Kv44K744K144Oq44O8ID4g44Gd44Gu5LuW,44OQ44Oz44OTTkFUT+OCv+OCpOODlyDjg6zjgrbjg7wyNOODn+ODqiDjg5vjg6/jgqTjg4ggQkNBMDM1VzFX,,PHRhYmxlIGJvcmRlcj0iMCIgY2VsbHBhZGRpbmc9IjAiIGNlbGxzcGFjaW5nPSIwIiB3aWR0aD0iNzEwIiBzdHlsZT0ibGluZS1oZWlnaHQ6MTQwJTsiPjx0cj48dGQ+PGZvbnQgc2l6ZT0iMiI+PGJyPuODrOOCtuODvOOBquOCieOBp+OBr+OBruOBl+OBquOChOOBi+OBleOBqOe0oOadkOOBruWOmuOBv+OBjOOCiOOCiuODleOCo+ODg+ODiOaEn+OCkuWil+OBl+OBvuOBmeOAgjxicj48YnI+PC9mb250PjwvdGQ+PC90cj48L3RhYmxlPjxzdHlsZSB0eXBlPSJ0ZXh0L2NzcyI+CjwhLS0KLnJha3V0ZW4tY2FtcCB7Cgl3aWR0aDogNzI1cHg7Cglib3JkZXI6IDJweCBzb2xpZCAjMzM5OUZGOwoJcGFkZGluZy10b3A6IDVweDsKCS1tb3otYm9yZGVyLXJhZGl1czo0cHg7IC8qRmlyZWZveCovCgktd2Via2l0LWJvcmRlci1yYWRpdXM6IDRweDsgLypTYWZhcmksQ2hyb21lKi8KCWJvcmRlci1yYWRpdXM6NHB4OyAvKk9wZXJhLENocm9tZSovCgltYXJnaW46MCAxMHB4IDEwcHggMDsKfQoKLyog5L6h5qC844Gr5p6g57ea44GM44Gk44GPICovCnRhYmxlI3Jha3V0ZW5MaW1pdGVkSWRfY2FydCB7CiAgICBiYWNrZ3JvdW5kLWNvbG9yOiAjZjhmOGY4OwogICAgYm9yZGVyOiAxcHggc29saWQgI2RkZDsKICAgIHBhZGRpbmc6IDhweDsKICAgIG1hcmdpbjogMTZweCAwOwp9CgpzcGFuLnByaWNlMSB7CiAgICBjb2xvcjogIzMzMyAhaW1wb3J0YW50OwogICAgZm9udC13ZWlnaHQ6IGJvbGQ7CiAgICBmb250LXNpemU6IDgwJSAhaW1wb3J0YW50OwogICAgbGluZS1oZWlnaHQ6IDMwcHg7CiAgICBkaXNwbGF5OiBpbmxpbmUtYmxvY2s7CiAgICBtYXJnaW4tcmlnaHQ6IDE2cHg7Cn0KCi0tPgo8L3N0eWxlPgoKPCEtLeODkOODiuODvOOCqOODquOCoi0tPgoKPCEtLeOAkOa2iOOBmeOBqu+8geOAkeKYheKYheKYhSBoZWlnaHQ9IjM4MCIg44Gn6Kit5a6a44GX44Gm44GP44Gg44GV44GE44CC4piF4piF4piFLS0+CjwhLS3jg5Djg4rjg7zjgqjjg6rjgqLjgZPjgZPjgb7jgactLT4KCjwhLS3mpb3lpKnjgq3jg6Pjg7Pjg5rjg7zjg7MtLT4KCjxoMiBzdHlsZT0ibWFyZ2luOjIwcHggMCAxMHB4IDA7Ij48aW1nIHNyYz0iaHR0cDovL3d3dy5yYWt1dGVuLm5lLmpwL2dvbGQvYWtpYmFtYWMvZnJhbWUvaW1hZ2VzL3Jha3V0ZW5fdGl0bGUyLmdpZiIgYWx0PSLmpb3lpKnluILloLTjga7jgYrlvpfjgarjgq3jg6Pjg7Pjg5rjg7zjg7MiIHdpZHRoPSI3MzAiIGhlaWdodD0iNDIiIGJvcmRlcj0iMCI+PC9oMj4KPGRpdiBjbGFzcz0icmFrdXRlbi1jYW1wIiBzdHlsZT0ibWFyZ2luOjAgMCAwIDA7Ij4KCgo8IS0t5qW95aSp44Kt44Oj44Oz44Oa44O844OzQOOBk+OBk+OBvuOBpy0tPg==,44OQ44Oz44OTTkFUT+OCv+OCpOODlyDjg6zjgrbjg7wyNOODn+ODqiDjg5vjg6/jgqTjg4ggQkNBMDM1VzFX77ya44K944OV44Oe44OD44OX44CA44OH44K444K/44Or44Kz44Os44Kv44K344On44Oz,44K944OV44Oe44OD44OXIOODh+OCuOOCv+ODq+OCs+ODrOOCr+OCt+ODp+ODs1NvZm1hcCBEaWdpdGFsIENvbGxlY3Rpb27jg5Hjgr3jgrPjg7Pjgr/jg5bjg6zjg4Pjg4hQQ0hEROOCouOCu+ODs+ODluODquODkeODvOODhOODkeOCveOCs+ODs+ODkeODvOODhOODhuODrOODk+OCsuODvOODoOODluODq+ODvOODrOOCpOOCveODleODiERWROOCveODleODiOa2suaZtuODhuODrOODk+ODluODq+ODvOODrOOCpOODh+OCo+OCueOCr+ODrOOCs+ODvOODgOODvOODh+OCuOOCv+ODq+S4gOecvOODrOODleOCq+ODoeODqeODh+OCuOOCv+ODq+OCq+ODoeODqeWutumbu+aZguioiOS4reWPpOOAgOOCveODleODiOOCouOCpuODiOODrOODg+ODiOS4reWPpOODjuODvOODiOODkeOCveOCs+ODs+S4reWPpOODkeOCveOCs+ODs+ODkOODs+ODk05BVE/jgr/jgqTjg5cg44Os44K244O8MjTjg5/jg6og44Ob44Ov44Kk44OIIEJDQTAzNVcxVw==,44OQ44Oz44OTTkFUT+OCv+OCpOODlyDjg6zjgrbjg7wyNOODn+ODqiDjg5vjg6/jgqTjg4ggQkNBMDM1VzFX[rn]
22-59953,aHR0cDovL3RzaG9wLnIxMHMuanAvYWtpYmFtYWMvY2FiaW5ldC8wNTQzOTA3MS80OTA3OTI0NTIyODkxLmpwZz9maXRpbj03MDA6NzAw,MjIyNC4wMDAw,,6IWV5pmC6KiIID4g6IWV5pmC6KiI55So44Ki44Kv44K744K144Oq44O8ID4g44Gd44Gu5LuW,44OQ44Oz44OT44OQ44Oz44OTIOOCqOOCs+ODlOODpeOCouODqSDniZvpnakg44OW44Op44OD44KvIDEz44Of44OqIEJFQTAxMEFK,,PHRhYmxlIGJvcmRlcj0iMCIgY2VsbHBhZGRpbmc9IjAiIGNlbGxzcGFjaW5nPSIwIiB3aWR0aD0iNzEwIiBzdHlsZT0ibGluZS1oZWlnaHQ6MTQwJTsiPjx0cj48dGQ+PGZvbnQgc2l6ZT0iMiI+PGJyPuKWoOOCteOCpOOCuu+8mjEzbW08YnI+4pag57Sg5p2Q77ya54mb6Z2pPGJyPuKWoOS7leeri+OBpu+8muOCpuOCp+ODq+ODgOODvDxicj7ilqDnibnplbfvvJrogozjgavjgoTjgZXjgZfjgY/jgYvjgbbjgozjgavjgY/jgYQ8YnI+4pag5qmf6IO977ya44OB44K/44Oz576O6YygPGJyPjxicj48L2ZvbnQ+PC90ZD48L3RyPjwvdGFibGU+PHN0eWxlIHR5cGU9InRleHQvY3NzIj4KPCEtLQoucmFrdXRlbi1jYW1wIHsKCXdpZHRoOiA3MjVweDsKCWJvcmRlcjogMnB4IHNvbGlkICMzMzk5RkY7CglwYWRkaW5nLXRvcDogNXB4OwoJLW1vei1ib3JkZXItcmFkaXVzOjRweDsgLypGaXJlZm94Ki8KCS13ZWJraXQtYm9yZGVyLXJhZGl1czogNHB4OyAvKlNhZmFyaSxDaHJvbWUqLwoJYm9yZGVyLXJhZGl1czo0cHg7IC8qT3BlcmEsQ2hyb21lKi8KCW1hcmdpbjowIDEwcHggMTBweCAwOwp9CgovKiDkvqHmoLzjgavmnqDnt5rjgYzjgaTjgY8gKi8KdGFibGUjcmFrdXRlbkxpbWl0ZWRJZF9jYXJ0IHsKICAgIGJhY2tncm91bmQtY29sb3I6ICNmOGY4Zjg7CiAgICBib3JkZXI6IDFweCBzb2xpZCAjZGRkOwogICAgcGFkZGluZzogOHB4OwogICAgbWFyZ2luOiAxNnB4IDA7Cn0KCnNwYW4ucHJpY2UxIHsKICAgIGNvbG9yOiAjMzMzICFpbXBvcnRhbnQ7CiAgICBmb250LXdlaWdodDogYm9sZDsKICAgIGZvbnQtc2l6ZTogODAlICFpbXBvcnRhbnQ7CiAgICBsaW5lLWhlaWdodDogMzBweDsKICAgIGRpc3BsYXk6IGlubGluZS1ibG9jazsKICAgIG1hcmdpbi1yaWdodDogMTZweDsKfQoKLS0+Cjwvc3R5bGU+Cgo8IS0t44OQ44OK44O844Ko44Oq44KiLS0+Cgo8IS0t44CQ5raI44GZ44Gq77yB44CR4piF4piF4piFIGhlaWdodD0iMzgwIiDjgafoqK3lrprjgZfjgabjgY/jgaDjgZXjgYTjgILimIXimIXimIUtLT4KPCEtLeODkOODiuODvOOCqOODquOCouOBk+OBk+OBvuOBpy0tPgoKPCEtLealveWkqeOCreODo+ODs+ODmuODvOODsy0tPgoKPGgyIHN0eWxlPSJtYXJnaW46MjBweCAwIDEwcHggMDsiPjxpbWcgc3JjPSJodHRwOi8vd3d3LnJha3V0ZW4ubmUuanAvZ29sZC9ha2liYW1hYy9mcmFtZS9pbWFnZXMvcmFrdXRlbl90aXRsZTIuZ2lmIiBhbHQ9IualveWkqeW4guWgtOOBruOBiuW+l+OBquOCreODo+ODs+ODmuODvOODsyIgd2lkdGg9IjczMCIgaGVpZ2h0PSI0MiIgYm9yZGVyPSIwIj48L2gyPgo8ZGl2IGNsYXNzPSJyYWt1dGVuLWNhbXAiIHN0eWxlPSJtYXJnaW46MCAwIDAgMDsiPgoKCjwhLS3mpb3lpKnjgq3jg6Pjg7Pjg5rjg7zjg7NA44GT44GT44G+44GnLS0+,44OQ44Oz44OT44OQ44Oz44OTIOOCqOOCs+ODlOODpeOCouODqSDniZvpnakg44OW44Op44OD44KvIDEz44Of44OqIEJFQTAxMEFK77ya44K944OV44Oe44OD44OX44CA44OH44K444K/44Or44Kz44Os44Kv44K344On44Oz,44K944OV44Oe44OD44OXIOODh+OCuOOCv+ODq+OCs+ODrOOCr+OCt+ODp+ODs1NvZm1hcCBEaWdpdGFsIENvbGxlY3Rpb27jg5Hjgr3jgrPjg7Pjgr/jg5bjg6zjg4Pjg4hQQ0hEROOCouOCu+ODs+ODluODquODkeODvOODhOODkeOCveOCs+ODs+ODkeODvOODhOODhuODrOODk+OCsuODvOODoOODluODq+ODvOODrOOCpOOCveODleODiERWROOCveODleODiOa2suaZtuODhuODrOODk+ODluODq+ODvOODrOOCpOODh+OCo+OCueOCr+ODrOOCs+ODvOODgOODvOODh+OCuOOCv+ODq+S4gOecvOODrOODleOCq+ODoeODqeODh+OCuOOCv+ODq+OCq+ODoeODqeWutumbu+aZguioiOS4reWPpOOAgOOCveODleODiOOCouOCpuODiOODrOODg+ODiOS4reWPpOODjuODvOODiOODkeOCveOCs+ODs+S4reWPpOODkeOCveOCs+ODs+ODkOODs+ODk+ODkOODs+ODkyDjgqjjgrPjg5Tjg6XjgqLjg6kg54mb6Z2pIOODluODqeODg+OCryAxM+ODn+ODqiBCRUEwMTBBSg==,44OQ44Oz44OT44OQ44Oz44OTIOOCqOOCs+ODlOODpeOCouODqSDniZvpnakg44OW44Op44OD44KvIDEz44Of44OqIEJFQTAxMEFK[rn]
22-59954,aHR0cDovL3RzaG9wLnIxMHMuanAvYWtpYmFtYWMvY2FiaW5ldC8wNTQzOTA3MS80OTA3OTI0NTMwNDIxLmpwZz9maXRpbj03MDA6NzAw,MjUyMC4wMDAw,,6IWV5pmC6KiIID4g6IWV5pmC6KiI55So44Ki44Kv44K744K144Oq44O8ID4g44Gd44Gu5LuW,44OQ44Oz44OT44Ko44Or44K7IOOCtOODvOODiO+8iOODpOOCru+8ieOCpuOCp+ODq+ODgOODvOS7leeri+OBpiAxNG1t77yI6buS77yJIFNBQTAxMkFM,,PHRhYmxlIGJvcmRlcj0iMCIgY2VsbHBhZGRpbmc9IjAiIGNlbGxzcGFjaW5nPSIwIiB3aWR0aD0iNzEwIiBzdHlsZT0ibGluZS1oZWlnaHQ6MTQwJTsiPjx0cj48dGQ+PGZvbnQgc2l6ZT0iMiI+PGJyPuKWoOODluODqeODs+ODie+8muOCqOODq+OCuzxicj7ilqDntKDmnZDvvJrjgrTjg7zjg4g8YnI+4pag5LuV56uL44Gm77ya44Km44Kn44Or44OA44O8PGJyPuKWoOOCteOCpOOCuu+8mjE0LTEybW08YnI+PGJyPjwvZm9udD48L3RkPjwvdHI+PC90YWJsZT48c3R5bGUgdHlwZT0idGV4dC9jc3MiPgo8IS0tCi5yYWt1dGVuLWNhbXAgewoJd2lkdGg6IDcyNXB4OwoJYm9yZGVyOiAycHggc29saWQgIzMzOTlGRjsKCXBhZGRpbmctdG9wOiA1cHg7CgktbW96LWJvcmRlci1yYWRpdXM6NHB4OyAvKkZpcmVmb3gqLwoJLXdlYmtpdC1ib3JkZXItcmFkaXVzOiA0cHg7IC8qU2FmYXJpLENocm9tZSovCglib3JkZXItcmFkaXVzOjRweDsgLypPcGVyYSxDaHJvbWUqLwoJbWFyZ2luOjAgMTBweCAxMHB4IDA7Cn0KCi8qIOS+oeagvOOBq+aeoOe3muOBjOOBpOOBjyAqLwp0YWJsZSNyYWt1dGVuTGltaXRlZElkX2NhcnQgewogICAgYmFja2dyb3VuZC1jb2xvcjogI2Y4ZjhmODsKICAgIGJvcmRlcjogMXB4IHNvbGlkICNkZGQ7CiAgICBwYWRkaW5nOiA4cHg7CiAgICBtYXJnaW46IDE2cHggMDsKfQoKc3Bhbi5wcmljZTEgewogICAgY29sb3I6ICMzMzMgIWltcG9ydGFudDsKICAgIGZvbnQtd2VpZ2h0OiBib2xkOwogICAgZm9udC1zaXplOiA4MCUgIWltcG9ydGFudDsKICAgIGxpbmUtaGVpZ2h0OiAzMHB4OwogICAgZGlzcGxheTogaW5saW5lLWJsb2NrOwogICAgbWFyZ2luLXJpZ2h0OiAxNnB4Owp9CgotLT4KPC9zdHlsZT4KCjwhLS3jg5Djg4rjg7zjgqjjg6rjgqItLT4KCjwhLS3jgJDmtojjgZnjgarvvIHjgJHimIXimIXimIUgaGVpZ2h0PSIzODAiIOOBp+ioreWumuOBl+OBpuOBj+OBoOOBleOBhOOAguKYheKYheKYhS0tPgo8IS0t44OQ44OK44O844Ko44Oq44Ki44GT44GT44G+44GnLS0+Cgo8IS0t5qW95aSp44Kt44Oj44Oz44Oa44O844OzLS0+Cgo8aDIgc3R5bGU9Im1hcmdpbjoyMHB4IDAgMTBweCAwOyI+PGltZyBzcmM9Imh0dHA6Ly93d3cucmFrdXRlbi5uZS5qcC9nb2xkL2FraWJhbWFjL2ZyYW1lL2ltYWdlcy9yYWt1dGVuX3RpdGxlMi5naWYiIGFsdD0i5qW95aSp5biC5aC044Gu44GK5b6X44Gq44Kt44Oj44Oz44Oa44O844OzIiB3aWR0aD0iNzMwIiBoZWlnaHQ9IjQyIiBib3JkZXI9IjAiPjwvaDI+CjxkaXYgY2xhc3M9InJha3V0ZW4tY2FtcCIgc3R5bGU9Im1hcmdpbjowIDAgMCAwOyI+CgoKPCEtLealveWkqeOCreODo+ODs+ODmuODvOODs0DjgZPjgZPjgb7jgactLT4=,44OQ44Oz44OT44Ko44Or44K7IOOCtOODvOODiO+8iOODpOOCru+8ieOCpuOCp+ODq+ODgOODvOS7leeri+OBpiAxNG1t77yI6buS77yJIFNBQTAxMkFM77ya44K944OV44Oe44OD44OX44CA44OH44K444K/44Or44Kz44Os44Kv44K344On44Oz,44K944OV44Oe44OD44OXIOODh+OCuOOCv+ODq+OCs+ODrOOCr+OCt+ODp+ODs1NvZm1hcCBEaWdpdGFsIENvbGxlY3Rpb27jg5Hjgr3jgrPjg7Pjgr/jg5bjg6zjg4Pjg4hQQ0hEROOCouOCu+ODs+ODluODquODkeODvOODhOODkeOCveOCs+ODs+ODkeODvOODhOODhuODrOODk+OCsuODvOODoOODluODq+ODvOODrOOCpOOCveODleODiERWROOCveODleODiOa2suaZtuODhuODrOODk+ODluODq+ODvOODrOOCpOODh+OCo+OCueOCr+ODrOOCs+ODvOODgOODvOODh+OCuOOCv+ODq+S4gOecvOODrOODleOCq+ODoeODqeODh+OCuOOCv+ODq+OCq+ODoeODqeWutumbu+aZguioiOS4reWPpOOAgOOCveODleODiOOCouOCpuODiOODrOODg+ODiOS4reWPpOODjuODvOODiOODkeOCveOCs+ODs+S4reWPpOODkeOCveOCs+ODs+ODkOODs+ODk+OCqOODq+OCuyDjgrTjg7zjg4jvvIjjg6Tjgq7vvInjgqbjgqfjg6vjg4Djg7zku5Xnq4vjgaYgMTRtbe+8iOm7ku+8iSBTQUEwMTJBTA==,44OQ44Oz44OT44Ko44Or44K7IOOCtOODvOODiO+8iOODpOOCru+8ieOCpuOCp+ODq+ODgOODvOS7leeri+OBpiAxNG1t77yI6buS77yJIFNBQTAxMkFM[rn]
22-59955,aHR0cDovL3RzaG9wLnIxMHMuanAvYWtpYmFtYWMvY2FiaW5ldC8wNTQzOTA3MS80OTA3OTI0NTIzOTQyLmpwZz9maXRpbj03MDA6NzAw,MTAwOC4wMDAw,,6IWV5pmC6KiIID4g6IWV5pmC6KiI55So44Ki44Kv44K744K144Oq44O8ID4g44Gd44Gu5LuW,44OQ44Oz44OT44OQ44Oz44OTIE5BVE/jgr/jgqTjg5cg5byV44GN6YCa44GX44OZ44Or44OIIOODqeOCpOODiOODluODq+ODvCAyMuODn+ODqiBCR0EwMTJBU1U=,,PHRhYmxlIGJvcmRlcj0iMCIgY2VsbHBhZGRpbmc9IjAiIGNlbGxzcGFjaW5nPSIwIiB3aWR0aD0iNzEwIiBzdHlsZT0ibGluZS1oZWlnaHQ6MTQwJTsiPjx0cj48dGQ+PGZvbnQgc2l6ZT0iMiI+PGJyPuKWoOOCteOCpOOCuu+8mjIybW08YnI+4pag57Sg5p2Q77ya5ZCI5oiQ57mK57atPGJyPuKWoOapn+iDve+8muOCueODhuODs+ODrOOCuee+jumMoDxicj48YnI+PC9mb250PjwvdGQ+PC90cj48L3RhYmxlPjxzdHlsZSB0eXBlPSJ0ZXh0L2NzcyI+CjwhLS0KLnJha3V0ZW4tY2FtcCB7Cgl3aWR0aDogNzI1cHg7Cglib3JkZXI6IDJweCBzb2xpZCAjMzM5OUZGOwoJcGFkZGluZy10b3A6IDVweDsKCS1tb3otYm9yZGVyLXJhZGl1czo0cHg7IC8qRmlyZWZveCovCgktd2Via2l0LWJvcmRlci1yYWRpdXM6IDRweDsgLypTYWZhcmksQ2hyb21lKi8KCWJvcmRlci1yYWRpdXM6NHB4OyAvKk9wZXJhLENocm9tZSovCgltYXJnaW46MCAxMHB4IDEwcHggMDsKfQoKLyog5L6h5qC844Gr5p6g57ea44GM44Gk44GPICovCnRhYmxlI3Jha3V0ZW5MaW1pdGVkSWRfY2FydCB7CiAgICBiYWNrZ3JvdW5kLWNvbG9yOiAjZjhmOGY4OwogICAgYm9yZGVyOiAxcHggc29saWQgI2RkZDsKICAgIHBhZGRpbmc6IDhweDsKICAgIG1hcmdpbjogMTZweCAwOwp9CgpzcGFuLnByaWNlMSB7CiAgICBjb2xvcjogIzMzMyAhaW1wb3J0YW50OwogICAgZm9udC13ZWlnaHQ6IGJvbGQ7CiAgICBmb250LXNpemU6IDgwJSAhaW1wb3J0YW50OwogICAgbGluZS1oZWlnaHQ6IDMwcHg7CiAgICBkaXNwbGF5OiBpbmxpbmUtYmxvY2s7CiAgICBtYXJnaW4tcmlnaHQ6IDE2cHg7Cn0KCi0tPgo8L3N0eWxlPgoKPCEtLeODkOODiuODvOOCqOODquOCoi0tPgoKPCEtLeOAkOa2iOOBmeOBqu+8geOAkeKYheKYheKYhSBoZWlnaHQ9IjM4MCIg44Gn6Kit5a6a44GX44Gm44GP44Gg44GV44GE44CC4piF4piF4piFLS0+CjwhLS3jg5Djg4rjg7zjgqjjg6rjgqLjgZPjgZPjgb7jgactLT4KCjwhLS3mpb3lpKnjgq3jg6Pjg7Pjg5rjg7zjg7MtLT4KCjxoMiBzdHlsZT0ibWFyZ2luOjIwcHggMCAxMHB4IDA7Ij48aW1nIHNyYz0iaHR0cDovL3d3dy5yYWt1dGVuLm5lLmpwL2dvbGQvYWtpYmFtYWMvZnJhbWUvaW1hZ2VzL3Jha3V0ZW5fdGl0bGUyLmdpZiIgYWx0PSLmpb3lpKnluILloLTjga7jgYrlvpfjgarjgq3jg6Pjg7Pjg5rjg7zjg7MiIHdpZHRoPSI3MzAiIGhlaWdodD0iNDIiIGJvcmRlcj0iMCI+PC9oMj4KPGRpdiBjbGFzcz0icmFrdXRlbi1jYW1wIiBzdHlsZT0ibWFyZ2luOjAgMCAwIDA7Ij4KCgo8IS0t5qW95aSp44Kt44Oj44Oz44Oa44O844OzQOOBk+OBk+OBvuOBpy0tPg==,44OQ44Oz44OT44OQ44Oz44OTIE5BVE/jgr/jgqTjg5cg5byV44GN6YCa44GX44OZ44Or44OIIOODqeOCpOODiOODluODq+ODvCAyMuODn+ODqiBCR0EwMTJBU1XvvJrjgr3jg5Xjg57jg4Pjg5fjgIDjg4fjgrjjgr/jg6vjgrPjg6zjgq/jgrfjg6fjg7M=,44K944OV44Oe44OD44OXIOODh+OCuOOCv+ODq+OCs+ODrOOCr+OCt+ODp+ODs1NvZm1hcCBEaWdpdGFsIENvbGxlY3Rpb27jg5Hjgr3jgrPjg7Pjgr/jg5bjg6zjg4Pjg4hQQ0hEROOCouOCu+ODs+ODluODquODkeODvOODhOODkeOCveOCs+ODs+ODkeODvOODhOODhuODrOODk+OCsuODvOODoOODluODq+ODvOODrOOCpOOCveODleODiERWROOCveODleODiOa2suaZtuODhuODrOODk+ODluODq+ODvOODrOOCpOODh+OCo+OCueOCr+ODrOOCs+ODvOODgOODvOODh+OCuOOCv+ODq+S4gOecvOODrOODleOCq+ODoeODqeODh+OCuOOCv+ODq+OCq+ODoeODqeWutumbu+aZguioiOS4reWPpOOAgOOCveODleODiOOCouOCpuODiOODrOODg+ODiOS4reWPpOODjuODvOODiOODkeOCveOCs+ODs+S4reWPpOODkeOCveOCs+ODs+ODkOODs+ODk+ODkOODs+ODkyBOQVRP44K/44Kk44OXIOW8leOBjemAmuOBl+ODmeODq+ODiCDjg6njgqTjg4jjg5bjg6vjg7wgMjLjg5/jg6ogQkdBMDEyQVNV,44OQ44Oz44OT44OQ44Oz44OTIE5BVE/jgr/jgqTjg5cg5byV44GN6YCa44GX44OZ44Or44OIIOODqeOCpOODiOODluODq+ODvCAyMuODn+ODqiBCR0EwMTJBU1U=[rn]
22-59956,aHR0cDovL3RzaG9wLnIxMHMuanAvYWtpYmFtYWMvY2FiaW5ldC8wNTQzOTA3MS80OTA3OTI0NDc1MTA0LmpwZz9maXRpbj03MDA6NzAw,MjM4NC4wMDAw,,6IWV5pmC6KiIID4g6IWV5pmC6KiI55So44Ki44Kv44K744K144Oq44O8ID4g44Gd44Gu5LuW,44OQ44Oz44OT44Oh44K/44OrIDEwbW3vvIjjgrTjg7zjg6vjg4nvvIlCQlk2NDUtRyAoQkJZNjQ1Ryk=,,PHRhYmxlIGJvcmRlcj0iMCIgY2VsbHBhZGRpbmc9IjAiIGNlbGxzcGFjaW5nPSIwIiB3aWR0aD0iNzEwIiBzdHlsZT0ibGluZS1oZWlnaHQ6MTQwJTsiPjx0cj48dGQ+PGZvbnQgc2l6ZT0iMiI+PGJyPue0oOadkO+8mkJTKOecn+mNrik8YnI+44K144Kk44K677yaMTAtMTBtbTxicj7oo73lk4HnibnplbfvvJrlh7nlt74zbW08YnI+6KO95ZOB5qmf6IO977yaQ+ODquODs+OCsOWvvuW/nOODjeOCuOW8j+OAgeS4ieaKmOW8jzxicj48YnI+PC9mb250PjwvdGQ+PC90cj48L3RhYmxlPjxzdHlsZSB0eXBlPSJ0ZXh0L2NzcyI+CjwhLS0KLnJha3V0ZW4tY2FtcCB7Cgl3aWR0aDogNzI1cHg7Cglib3JkZXI6IDJweCBzb2xpZCAjMzM5OUZGOwoJcGFkZGluZy10b3A6IDVweDsKCS1tb3otYm9yZGVyLXJhZGl1czo0cHg7IC8qRmlyZWZveCovCgktd2Via2l0LWJvcmRlci1yYWRpdXM6IDRweDsgLypTYWZhcmksQ2hyb21lKi8KCWJvcmRlci1yYWRpdXM6NHB4OyAvKk9wZXJhLENocm9tZSovCgltYXJnaW46MCAxMHB4IDEwcHggMDsKfQoKLyog5L6h5qC844Gr5p6g57ea44GM44Gk44GPICovCnRhYmxlI3Jha3V0ZW5MaW1pdGVkSWRfY2FydCB7CiAgICBiYWNrZ3JvdW5kLWNvbG9yOiAjZjhmOGY4OwogICAgYm9yZGVyOiAxcHggc29saWQgI2RkZDsKICAgIHBhZGRpbmc6IDhweDsKICAgIG1hcmdpbjogMTZweCAwOwp9CgpzcGFuLnByaWNlMSB7CiAgICBjb2xvcjogIzMzMyAhaW1wb3J0YW50OwogICAgZm9udC13ZWlnaHQ6IGJvbGQ7CiAgICBmb250LXNpemU6IDgwJSAhaW1wb3J0YW50OwogICAgbGluZS1oZWlnaHQ6IDMwcHg7CiAgICBkaXNwbGF5OiBpbmxpbmUtYmxvY2s7CiAgICBtYXJnaW4tcmlnaHQ6IDE2cHg7Cn0KCi0tPgo8L3N0eWxlPgoKPCEtLeODkOODiuODvOOCqOODquOCoi0tPgoKPCEtLeOAkOa2iOOBmeOBqu+8geOAkeKYheKYheKYhSBoZWlnaHQ9IjM4MCIg44Gn6Kit5a6a44GX44Gm44GP44Gg44GV44GE44CC4piF4piF4piFLS0+CjwhLS3jg5Djg4rjg7zjgqjjg6rjgqLjgZPjgZPjgb7jgactLT4KCjwhLS3mpb3lpKnjgq3jg6Pjg7Pjg5rjg7zjg7MtLT4KCjxoMiBzdHlsZT0ibWFyZ2luOjIwcHggMCAxMHB4IDA7Ij48aW1nIHNyYz0iaHR0cDovL3d3dy5yYWt1dGVuLm5lLmpwL2dvbGQvYWtpYmFtYWMvZnJhbWUvaW1hZ2VzL3Jha3V0ZW5fdGl0bGUyLmdpZiIgYWx0PSLmpb3lpKnluILloLTjga7jgYrlvpfjgarjgq3jg6Pjg7Pjg5rjg7zjg7MiIHdpZHRoPSI3MzAiIGhlaWdodD0iNDIiIGJvcmRlcj0iMCI+PC9oMj4KPGRpdiBjbGFzcz0icmFrdXRlbi1jYW1wIiBzdHlsZT0ibWFyZ2luOjAgMCAwIDA7Ij4KCgo8IS0t5qW95aSp44Kt44Oj44Oz44Oa44O844OzQOOBk+OBk+OBvuOBpy0tPg==,44OQ44Oz44OT44Oh44K/44OrIDEwbW3vvIjjgrTjg7zjg6vjg4nvvIlCQlk2NDUtRyAoQkJZNjQ1RynvvJrjgr3jg5Xjg57jg4Pjg5fjgIDjg4fjgrjjgr/jg6vjgrPjg6zjgq/jgrfjg6fjg7M=,44K944OV44Oe44OD44OXIOODh+OCuOOCv+ODq+OCs+ODrOOCr+OCt+ODp+ODs1NvZm1hcCBEaWdpdGFsIENvbGxlY3Rpb27jg5Hjgr3jgrPjg7Pjgr/jg5bjg6zjg4Pjg4hQQ0hEROOCouOCu+ODs+ODluODquODkeODvOODhOODkeOCveOCs+ODs+ODkeODvOODhOODhuODrOODk+OCsuODvOODoOODluODq+ODvOODrOOCpOOCveODleODiERWROOCveODleODiOa2suaZtuODhuODrOODk+ODluODq+ODvOODrOOCpOODh+OCo+OCueOCr+ODrOOCs+ODvOODgOODvOODh+OCuOOCv+ODq+S4gOecvOODrOODleOCq+ODoeODqeODh+OCuOOCv+ODq+OCq+ODoeODqeWutumbu+aZguioiOS4reWPpOOAgOOCveODleODiOOCouOCpuODiOODrOODg+ODiOS4reWPpOODjuODvOODiOODkeOCveOCs+ODs+S4reWPpOODkeOCveOCs+ODs+ODkOODs+ODk+ODoeOCv+ODqyAxMG1t77yI44K044O844Or44OJ77yJQkJZNjQ1LUcgKEJCWTY0NUcp,44OQ44Oz44OT44Oh44K/44OrIDEwbW3vvIjjgrTjg7zjg6vjg4nvvIlCQlk2NDUtRyAoQkJZNjQ1Ryk=[rn]
22-59957,aHR0cDovL3RzaG9wLnIxMHMuanAvYWtpYmFtYWMvY2FiaW5ldC8wNTQzOTA3MS80OTA3OTI0NTI0NzcyLmpwZz9maXRpbj03MDA6NzAw,MTgyNC4wMDAw,,6IWV5pmC6KiIID4g6IWV5pmC6KiI55So44Ki44Kv44K744K144Oq44O8ID4g44Gd44Gu5LuW,44OQ44Oz44OT5amm5Lq655So54mb6Z2p5Z6L5oq844GX77yI44Km44Kn44Or44OA44O877yJIEJLTTA1MU5IIOODgeOCp+OCueODiuODg+ODiA==,,PHRhYmxlIGJvcmRlcj0iMCIgY2VsbHBhZGRpbmc9IjAiIGNlbGxzcGFjaW5nPSIwIiB3aWR0aD0iNzEwIiBzdHlsZT0ibGluZS1oZWlnaHQ6MTQwJTsiPjx0cj48dGQ+PGZvbnQgc2l6ZT0iMiI+PGJyPuOCueOCs+ODg+ODgeOCrOODvOODiVRN44Os44K244O85L2/55So44CB5by35Yqb5pKl5rC0PGJyPjxicj48L2ZvbnQ+PC90ZD48L3RyPjwvdGFibGU+PHRhYmxlIGNlbGxzcGFjaW5nPSIwIiBjZWxscGFkZGluZz0iNCIgYm9yZGVyPSIxIiB3aWR0aD0iNzEwIiBib3JkZXJjb2xvcj0iI2NjY2NjYyI+PHRyPjx0ZCB3aWR0aD0iMTgwIiBiZ2NvbG9yPSIjZWZlZmVmIj48Zm9udCBzaXplPSIyIj7jgrfjg6rjg7zjgrov5oSb56ewPC9mb250PjwvdGQ+PHRkIHdpZHRoPSI1MzAiPjxmb250IHNpemU9IjIiPuODkOODs+ODky3jgrnjgrPjg4Pjg4Hjgqzjg7zjg4k8L2ZvbnQ+PC90ZD48L3RyPjx0cj48dGQgd2lkdGg9IjE4MCIgYmdjb2xvcj0iI2VmZWZlZiI+PGZvbnQgc2l6ZT0iMiI+6ImyPC9mb250PjwvdGQ+PHRkIHdpZHRoPSI1MzAiPjxmb250IHNpemU9IjIiPuODgeOCp+OCueODiuODg+ODiDwvZm9udD48L3RkPjwvdHI+PHRyPjx0ZCB3aWR0aD0iMTgwIiBiZ2NvbG9yPSIjZWZlZmVmIj48Zm9udCBzaXplPSIyIj7jgqvjg7PluYU8L2ZvbnQ+PC90ZD48dGQgd2lkdGg9IjUzMCI+PGZvbnQgc2l6ZT0iMiI+MTFtbTwvZm9udD48L3RkPjwvdHI+PHRyPjx0ZCB3aWR0aD0iMTgwIiBiZ2NvbG9yPSIjZWZlZmVmIj48Zm9udCBzaXplPSIyIj7nvo7pjKDluYU8L2ZvbnQ+PC90ZD48dGQgd2lkdGg9IjUzMCI+PGZvbnQgc2l6ZT0iMiI+OG1tPC9mb250PjwvdGQ+PC90cj48dHI+PHRkIHdpZHRoPSIxODAiIGJnY29sb3I9IiNlZmVmZWYiPjxmb250IHNpemU9IjIiPue0oOadkDwvZm9udD48L3RkPjx0ZCB3aWR0aD0iNTMwIj48Zm9udCBzaXplPSIyIj7niZvpnanlnovmirzjgZc8L2ZvbnQ+PC90ZD48L3RyPjx0cj48dGQgd2lkdGg9IjE4MCIgYmdjb2xvcj0iI2VmZWZlZiI+PGZvbnQgc2l6ZT0iMiI+5pKl5rC05Yqg5belPC9mb250PjwvdGQ+PHRkIHdpZHRoPSI1MzAiPjxmb250IHNpemU9IjIiPuaciTwvZm9udD48L3RkPjwvdHI+PC90YWJsZT48c3R5bGUgdHlwZT0idGV4dC9jc3MiPgo8IS0tCi5yYWt1dGVuLWNhbXAgewoJd2lkdGg6IDcyNXB4OwoJYm9yZGVyOiAycHggc29saWQgIzMzOTlGRjsKCXBhZGRpbmctdG9wOiA1cHg7CgktbW96LWJvcmRlci1yYWRpdXM6NHB4OyAvKkZpcmVmb3gqLwoJLXdlYmtpdC1ib3JkZXItcmFkaXVzOiA0cHg7IC8qU2FmYXJpLENocm9tZSovCglib3JkZXItcmFkaXVzOjRweDsgLypPcGVyYSxDaHJvbWUqLwoJbWFyZ2luOjAgMTBweCAxMHB4IDA7Cn0KCi8qIOS+oeagvOOBq+aeoOe3muOBjOOBpOOBjyAqLwp0YWJsZSNyYWt1dGVuTGltaXRlZElkX2NhcnQgewogICAgYmFja2dyb3VuZC1jb2xvcjogI2Y4ZjhmODsKICAgIGJvcmRlcjogMXB4IHNvbGlkICNkZGQ7CiAgICBwYWRkaW5nOiA4cHg7CiAgICBtYXJnaW46IDE2cHggMDsKfQoKc3Bhbi5wcmljZTEgewogICAgY29sb3I6ICMzMzMgIWltcG9ydGFudDsKICAgIGZvbnQtd2VpZ2h0OiBib2xkOwogICAgZm9udC1zaXplOiA4MCUgIWltcG9ydGFudDsKICAgIGxpbmUtaGVpZ2h0OiAzMHB4OwogICAgZGlzcGxheTogaW5saW5lLWJsb2NrOwogICAgbWFyZ2luLXJpZ2h0OiAxNnB4Owp9CgotLT4KPC9zdHlsZT4KCjwhLS3jg5Djg4rjg7zjgqjjg6rjgqItLT4KCjwhLS3jgJDmtojjgZnjgarvvIHjgJHimIXimIXimIUgaGVpZ2h0PSIzODAiIOOBp+ioreWumuOBl+OBpuOBj+OBoOOBleOBhOOAguKYheKYheKYhS0tPgo8IS0t44OQ44OK44O844Ko44Oq44Ki44GT44GT44G+44GnLS0+Cgo8IS0t5qW95aSp44Kt44Oj44Oz44Oa44O844OzLS0+Cgo8aDIgc3R5bGU9Im1hcmdpbjoyMHB4IDAgMTBweCAwOyI+PGltZyBzcmM9Imh0dHA6Ly93d3cucmFrdXRlbi5uZS5qcC9nb2xkL2FraWJhbWFjL2ZyYW1lL2ltYWdlcy9yYWt1dGVuX3RpdGxlMi5naWYiIGFsdD0i5qW95aSp5biC5aC044Gu44GK5b6X44Gq44Kt44Oj44Oz44Oa44O844OzIiB3aWR0aD0iNzMwIiBoZWlnaHQ9IjQyIiBib3JkZXI9IjAiPjwvaDI+CjxkaXYgY2xhc3M9InJha3V0ZW4tY2FtcCIgc3R5bGU9Im1hcmdpbjowIDAgMCAwOyI+CgoKPCEtLealveWkqeOCreODo+ODs+ODmuODvOODs0DjgZPjgZPjgb7jgactLT4=,44OQ44Oz44OT5amm5Lq655So54mb6Z2p5Z6L5oq844GX77yI44Km44Kn44Or44OA44O877yJIEJLTTA1MU5IIOODgeOCp+OCueODiuODg+ODiO+8muOCveODleODnuODg+ODl+OAgOODh+OCuOOCv+ODq+OCs+ODrOOCr+OCt+ODp+ODsw==,44K944OV44Oe44OD44OXIOODh+OCuOOCv+ODq+OCs+ODrOOCr+OCt+ODp+ODs1NvZm1hcCBEaWdpdGFsIENvbGxlY3Rpb27jg5Hjgr3jgrPjg7Pjgr/jg5bjg6zjg4Pjg4hQQ0hEROOCouOCu+ODs+ODluODquODkeODvOODhOODkeOCveOCs+ODs+ODkeODvOODhOODhuODrOODk+OCsuODvOODoOODluODq+ODvOODrOOCpOOCveODleODiERWROOCveODleODiOa2suaZtuODhuODrOODk+ODluODq+ODvOODrOOCpOODh+OCo+OCueOCr+ODrOOCs+ODvOODgOODvOODh+OCuOOCv+ODq+S4gOecvOODrOODleOCq+ODoeODqeODh+OCuOOCv+ODq+OCq+ODoeODqeWutumbu+aZguioiOS4reWPpOOAgOOCveODleODiOOCouOCpuODiOODrOODg+ODiOS4reWPpOODjuODvOODiOODkeOCveOCs+ODs+S4reWPpOODkeOCveOCs+ODs+ODkOODs+ODk+WppuS6uueUqOeJm+mdqeWei+aKvOOBl++8iOOCpuOCp+ODq+ODgOODvO+8iSBCS00wNTFOSCDjg4Hjgqfjgrnjg4rjg4Pjg4g=,44OQ44Oz44OT5amm5Lq655So54mb6Z2p5Z6L5oq844GX77yI44Km44Kn44Or44OA44O877yJIEJLTTA1MU5IIOODgeOCp+OCueODiuODg+ODiA==[rn]
22-59958,aHR0cDovL3RzaG9wLnIxMHMuanAvYWtpYmFtYWMvY2FiaW5ldC8wNTQzOTA3MS80OTA3OTI0NTI0MzUyLmpwZz9maXRpbj03MDA6NzAw,MTgyNC4wMDAw,,6IWV5pmC6KiIID4g6IWV5pmC6KiI55So44Ki44Kv44K744K144Oq44O8ID4g44Gd44Gu5LuW,44OQ44Oz44OT5amm5Lq655So54mb6Z2p5Z6L5oq844GX77yI44Km44Kn44Or44OA44O877yJIEJLTTA1MUFKIOODluODqeODg+OCrw==,,PHRhYmxlIGJvcmRlcj0iMCIgY2VsbHBhZGRpbmc9IjAiIGNlbGxzcGFjaW5nPSIwIiB3aWR0aD0iNzEwIiBzdHlsZT0ibGluZS1oZWlnaHQ6MTQwJTsiPjx0cj48dGQ+PGZvbnQgc2l6ZT0iMiI+PGJyPuOCueOCs+ODg+ODgeOCrOODvOODiVRN44Os44K244O85L2/55So44CB5by35Yqb5pKl5rC0PGJyPjxicj48L2ZvbnQ+PC90ZD48L3RyPjwvdGFibGU+PHRhYmxlIGNlbGxzcGFjaW5nPSIwIiBjZWxscGFkZGluZz0iNCIgYm9yZGVyPSIxIiB3aWR0aD0iNzEwIiBib3JkZXJjb2xvcj0iI2NjY2NjYyI+PHRyPjx0ZCB3aWR0aD0iMTgwIiBiZ2NvbG9yPSIjZWZlZmVmIj48Zm9udCBzaXplPSIyIj7jgrfjg6rjg7zjgrov5oSb56ewPC9mb250PjwvdGQ+PHRkIHdpZHRoPSI1MzAiPjxmb250IHNpemU9IjIiPuODkOODs+ODky3jgrnjgrPjg4Pjg4Hjgqzjg7zjg4k8L2ZvbnQ+PC90ZD48L3RyPjx0cj48dGQgd2lkdGg9IjE4MCIgYmdjb2xvcj0iI2VmZWZlZiI+PGZvbnQgc2l6ZT0iMiI+6ImyPC9mb250PjwvdGQ+PHRkIHdpZHRoPSI1MzAiPjxmb250IHNpemU9IjIiPuODluODqeODg+OCrzwvZm9udD48L3RkPjwvdHI+PHRyPjx0ZCB3aWR0aD0iMTgwIiBiZ2NvbG9yPSIjZWZlZmVmIj48Zm9udCBzaXplPSIyIj7jgqvjg7PluYU8L2ZvbnQ+PC90ZD48dGQgd2lkdGg9IjUzMCI+PGZvbnQgc2l6ZT0iMiI+MTNtbTwvZm9udD48L3RkPjwvdHI+PHRyPjx0ZCB3aWR0aD0iMTgwIiBiZ2NvbG9yPSIjZWZlZmVmIj48Zm9udCBzaXplPSIyIj7nvo7pjKDluYU8L2ZvbnQ+PC90ZD48dGQgd2lkdGg9IjUzMCI+PGZvbnQgc2l6ZT0iMiI+MTJtbTwvZm9udD48L3RkPjwvdHI+PHRyPjx0ZCB3aWR0aD0iMTgwIiBiZ2NvbG9yPSIjZWZlZmVmIj48Zm9udCBzaXplPSIyIj7ntKDmnZA8L2ZvbnQ+PC90ZD48dGQgd2lkdGg9IjUzMCI+PGZvbnQgc2l6ZT0iMiI+54mb6Z2p5Z6L5oq844GXPC9mb250PjwvdGQ+PC90cj48dHI+PHRkIHdpZHRoPSIxODAiIGJnY29sb3I9IiNlZmVmZWYiPjxmb250IHNpemU9IjIiPuaSpeawtOWKoOW3pTwvZm9udD48L3RkPjx0ZCB3aWR0aD0iNTMwIj48Zm9udCBzaXplPSIyIj7mnIk8L2ZvbnQ+PC90ZD48L3RyPjwvdGFibGU+PHN0eWxlIHR5cGU9InRleHQvY3NzIj4KPCEtLQoucmFrdXRlbi1jYW1wIHsKCXdpZHRoOiA3MjVweDsKCWJvcmRlcjogMnB4IHNvbGlkICMzMzk5RkY7CglwYWRkaW5nLXRvcDogNXB4OwoJLW1vei1ib3JkZXItcmFkaXVzOjRweDsgLypGaXJlZm94Ki8KCS13ZWJraXQtYm9yZGVyLXJhZGl1czogNHB4OyAvKlNhZmFyaSxDaHJvbWUqLwoJYm9yZGVyLXJhZGl1czo0cHg7IC8qT3BlcmEsQ2hyb21lKi8KCW1hcmdpbjowIDEwcHggMTBweCAwOwp9CgovKiDkvqHmoLzjgavmnqDnt5rjgYzjgaTjgY8gKi8KdGFibGUjcmFrdXRlbkxpbWl0ZWRJZF9jYXJ0IHsKICAgIGJhY2tncm91bmQtY29sb3I6ICNmOGY4Zjg7CiAgICBib3JkZXI6IDFweCBzb2xpZCAjZGRkOwogICAgcGFkZGluZzogOHB4OwogICAgbWFyZ2luOiAxNnB4IDA7Cn0KCnNwYW4ucHJpY2UxIHsKICAgIGNvbG9yOiAjMzMzICFpbXBvcnRhbnQ7CiAgICBmb250LXdlaWdodDogYm9sZDsKICAgIGZvbnQtc2l6ZTogODAlICFpbXBvcnRhbnQ7CiAgICBsaW5lLWhlaWdodDogMzBweDsKICAgIGRpc3BsYXk6IGlubGluZS1ibG9jazsKICAgIG1hcmdpbi1yaWdodDogMTZweDsKfQoKLS0+Cjwvc3R5bGU+Cgo8IS0t44OQ44OK44O844Ko44Oq44KiLS0+Cgo8IS0t44CQ5raI44GZ44Gq77yB44CR4piF4piF4piFIGhlaWdodD0iMzgwIiDjgafoqK3lrprjgZfjgabjgY/jgaDjgZXjgYTjgILimIXimIXimIUtLT4KPCEtLeODkOODiuODvOOCqOODquOCouOBk+OBk+OBvuOBpy0tPgoKPCEtLealveWkqeOCreODo+ODs+ODmuODvOODsy0tPgoKPGgyIHN0eWxlPSJtYXJnaW46MjBweCAwIDEwcHggMDsiPjxpbWcgc3JjPSJodHRwOi8vd3d3LnJha3V0ZW4ubmUuanAvZ29sZC9ha2liYW1hYy9mcmFtZS9pbWFnZXMvcmFrdXRlbl90aXRsZTIuZ2lmIiBhbHQ9IualveWkqeW4guWgtOOBruOBiuW+l+OBquOCreODo+ODs+ODmuODvOODsyIgd2lkdGg9IjczMCIgaGVpZ2h0PSI0MiIgYm9yZGVyPSIwIj48L2gyPgo8ZGl2IGNsYXNzPSJyYWt1dGVuLWNhbXAiIHN0eWxlPSJtYXJnaW46MCAwIDAgMDsiPgoKCjwhLS3mpb3lpKnjgq3jg6Pjg7Pjg5rjg7zjg7NA44GT44GT44G+44GnLS0+,44OQ44Oz44OT5amm5Lq655So54mb6Z2p5Z6L5oq844GX77yI44Km44Kn44Or44OA44O877yJIEJLTTA1MUFKIOODluODqeODg+OCr++8muOCveODleODnuODg+ODl+OAgOODh+OCuOOCv+ODq+OCs+ODrOOCr+OCt+ODp+ODsw==,44K944OV44Oe44OD44OXIOODh+OCuOOCv+ODq+OCs+ODrOOCr+OCt+ODp+ODs1NvZm1hcCBEaWdpdGFsIENvbGxlY3Rpb27jg5Hjgr3jgrPjg7Pjgr/jg5bjg6zjg4Pjg4hQQ0hEROOCouOCu+ODs+ODluODquODkeODvOODhOODkeOCveOCs+ODs+ODkeODvOODhOODhuODrOODk+OCsuODvOODoOODluODq+ODvOODrOOCpOOCveODleODiERWROOCveODleODiOa2suaZtuODhuODrOODk+ODluODq+ODvOODrOOCpOODh+OCo+OCueOCr+ODrOOCs+ODvOODgOODvOODh+OCuOOCv+ODq+S4gOecvOODrOODleOCq+ODoeODqeODh+OCuOOCv+ODq+OCq+ODoeODqeWutumbu+aZguioiOS4reWPpOOAgOOCveODleODiOOCouOCpuODiOODrOODg+ODiOS4reWPpOODjuODvOODiOODkeOCveOCs+ODs+S4reWPpOODkeOCveOCs+ODs+ODkOODs+ODk+WppuS6uueUqOeJm+mdqeWei+aKvOOBl++8iOOCpuOCp+ODq+ODgOODvO+8iSBCS00wNTFBSiDjg5bjg6njg4Pjgq8=,44OQ44Oz44OT5amm5Lq655So54mb6Z2p5Z6L5oq844GX77yI44Km44Kn44Or44OA44O877yJIEJLTTA1MUFKIOODluODqeODg+OCrw==[rn]
22-59959,aHR0cDovL3RzaG9wLnIxMHMuanAvYWtpYmFtYWMvY2FiaW5ldC8wNTQzOTA3MS80OTA3OTI0NTU3MDE1LmpwZz9maXRpbj03MDA6NzAw,Mjc4NC4wMDAw,,6IWV5pmC6KiIID4g6IWV5pmC6KiI55So44Ki44Kv44K744K144Oq44O8ID4g44Gd44Gu5LuW,44OQ44Oz44OT55qu55So44OQ44OD44Kv44Or44OR44O844OEWlMwMDA3UCDjgrfjg6vjg5Djg7wxOOODn+ODqg==,,PHRhYmxlIGJvcmRlcj0iMCIgY2VsbHBhZGRpbmc9IjAiIGNlbGxzcGFjaW5nPSIwIiB3aWR0aD0iNzEwIiBzdHlsZT0ibGluZS1oZWlnaHQ6MTQwJTsiPjx0cj48dGQ+PGZvbnQgc2l6ZT0iMiI+PGJyPuS4ieOBpOaKmOODl+ODg+OCt+ODpeODkOODg+OCr+ODq+OAgjxicj7nmq7pnanjg5njg6vjg4jjgpLlgrfjgaTjgZHjgovjgZPjgajjgarjgY/jgZTkvb/nlKjjgYTjgZ/jgaDjgZHjgb7jgZnjgII8YnI+PC9mb250PjwvdGQ+PC90cj48L3RhYmxlPjxzdHlsZSB0eXBlPSJ0ZXh0L2NzcyI+CjwhLS0KLnJha3V0ZW4tY2FtcCB7Cgl3aWR0aDogNzI1cHg7Cglib3JkZXI6IDJweCBzb2xpZCAjMzM5OUZGOwoJcGFkZGluZy10b3A6IDVweDsKCS1tb3otYm9yZGVyLXJhZGl1czo0cHg7IC8qRmlyZWZveCovCgktd2Via2l0LWJvcmRlci1yYWRpdXM6IDRweDsgLypTYWZhcmksQ2hyb21lKi8KCWJvcmRlci1yYWRpdXM6NHB4OyAvKk9wZXJhLENocm9tZSovCgltYXJnaW46MCAxMHB4IDEwcHggMDsKfQoKLyog5L6h5qC844Gr5p6g57ea44GM44Gk44GPICovCnRhYmxlI3Jha3V0ZW5MaW1pdGVkSWRfY2FydCB7CiAgICBiYWNrZ3JvdW5kLWNvbG9yOiAjZjhmOGY4OwogICAgYm9yZGVyOiAxcHggc29saWQgI2RkZDsKICAgIHBhZGRpbmc6IDhweDsKICAgIG1hcmdpbjogMTZweCAwOwp9CgpzcGFuLnByaWNlMSB7CiAgICBjb2xvcjogIzMzMyAhaW1wb3J0YW50OwogICAgZm9udC13ZWlnaHQ6IGJvbGQ7CiAgICBmb250LXNpemU6IDgwJSAhaW1wb3J0YW50OwogICAgbGluZS1oZWlnaHQ6IDMwcHg7CiAgICBkaXNwbGF5OiBpbmxpbmUtYmxvY2s7CiAgICBtYXJnaW4tcmlnaHQ6IDE2cHg7Cn0KCi0tPgo8L3N0eWxlPgoKPCEtLeODkOODiuODvOOCqOODquOCoi0tPgoKPCEtLeOAkOa2iOOBmeOBqu+8geOAkeKYheKYheKYhSBoZWlnaHQ9IjM4MCIg44Gn6Kit5a6a44GX44Gm44GP44Gg44GV44GE44CC4piF4piF4piFLS0+CjwhLS3jg5Djg4rjg7zjgqjjg6rjgqLjgZPjgZPjgb7jgactLT4KCjwhLS3mpb3lpKnjgq3jg6Pjg7Pjg5rjg7zjg7MtLT4KCjxoMiBzdHlsZT0ibWFyZ2luOjIwcHggMCAxMHB4IDA7Ij48aW1nIHNyYz0iaHR0cDovL3d3dy5yYWt1dGVuLm5lLmpwL2dvbGQvYWtpYmFtYWMvZnJhbWUvaW1hZ2VzL3Jha3V0ZW5fdGl0bGUyLmdpZiIgYWx0PSLmpb3lpKnluILloLTjga7jgYrlvpfjgarjgq3jg6Pjg7Pjg5rjg7zjg7MiIHdpZHRoPSI3MzAiIGhlaWdodD0iNDIiIGJvcmRlcj0iMCI+PC9oMj4KPGRpdiBjbGFzcz0icmFrdXRlbi1jYW1wIiBzdHlsZT0ibWFyZ2luOjAgMCAwIDA7Ij4KCgo8IS0t5qW95aSp44Kt44Oj44Oz44Oa44O844OzQOOBk+OBk+OBvuOBpy0tPg==,44OQ44Oz44OT55qu55So44OQ44OD44Kv44Or44OR44O844OEWlMwMDA3UCDjgrfjg6vjg5Djg7wxOOODn+ODqu+8muOCveODleODnuODg+ODl+OAgOODh+OCuOOCv+ODq+OCs+ODrOOCr+OCt+ODp+ODsw==,44K944OV44Oe44OD44OXIOODh+OCuOOCv+ODq+OCs+ODrOOCr+OCt+ODp+ODs1NvZm1hcCBEaWdpdGFsIENvbGxlY3Rpb27jg5Hjgr3jgrPjg7Pjgr/jg5bjg6zjg4Pjg4hQQ0hEROOCouOCu+ODs+ODluODquODkeODvOODhOODkeOCveOCs+ODs+ODkeODvOODhOODhuODrOODk+OCsuODvOODoOODluODq+ODvOODrOOCpOOCveODleODiERWROOCveODleODiOa2suaZtuODhuODrOODk+ODluODq+ODvOODrOOCpOODh+OCo+OCueOCr+ODrOOCs+ODvOODgOODvOODh+OCuOOCv+ODq+S4gOecvOODrOODleOCq+ODoeODqeODh+OCuOOCv+ODq+OCq+ODoeODqeWutumbu+aZguioiOS4reWPpOOAgOOCveODleODiOOCouOCpuODiOODrOODg+ODiOS4reWPpOODjuODvOODiOODkeOCveOCs+ODs+S4reWPpOODkeOCveOCs+ODs+ODkOODs+ODk+earueUqOODkOODg+OCr+ODq+ODkeODvOODhFpTMDAwN1Ag44K344Or44OQ44O8MTjjg5/jg6o=,44OQ44Oz44OT55qu55So44OQ44OD44Kv44Or44OR44O844OEWlMwMDA3UCDjgrfjg6vjg5Djg7wxOOODn+ODqg==[rn]
22-59960,aHR0cDovL3RzaG9wLnIxMHMuanAvYWtpYmFtYWMvY2FiaW5ldC8wNTQzOTA3MS80OTA3OTI0NTI3Nzk3LmpwZz9maXRpbj03MDA6NzAw,MTAwODAuMDAwMA==,,6IWV5pmC6KiIID4g6IWV5pmC6KiI55So44Ki44Kv44K744K144Oq44O8ID4g44Gd44Gu5LuW,44CQ6YCB5paZ54Sh5paZ44CR44OQ44Oz44OT57Sz5aOr55So44Kv44Ot44Kz44OA44Kk44OrW+ODnuODg+ODiF3vvIjjgqbjgqfjg6vjg4Djg7zvvIkgQldBMDE5QlMg44OB44On44Kz,,PHRhYmxlIGJvcmRlcj0iMCIgY2VsbHBhZGRpbmc9IjAiIGNlbGxzcGFjaW5nPSIwIiB3aWR0aD0iNzEwIiBzdHlsZT0ibGluZS1oZWlnaHQ6MTQwJTsiPjx0cj48dGQ+PGZvbnQgc2l6ZT0iMiI+PGJyPuOCueODhuODs+ODrOOCuee+jumMoOOAgeijj+ODqeODkOODvDxicj48YnI+PC9mb250PjwvdGQ+PC90cj48L3RhYmxlPjx0YWJsZSBjZWxsc3BhY2luZz0iMCIgY2VsbHBhZGRpbmc9IjQiIGJvcmRlcj0iMSIgd2lkdGg9IjcxMCIgYm9yZGVyY29sb3I9IiNjY2NjY2MiPjx0cj48dGQgd2lkdGg9IjE4MCIgYmdjb2xvcj0iI2VmZWZlZiI+PGZvbnQgc2l6ZT0iMiI+44K344Oq44O844K6L+aEm+ensDwvZm9udD48L3RkPjx0ZCB3aWR0aD0iNTMwIj48Zm9udCBzaXplPSIyIj7jgrDjg6zjg7zjgrfjg6PjgrktRuOCs+ODrOOCr+OCt+ODp+ODsyjjgq/jg63jgrMpPC9mb250PjwvdGQ+PC90cj48dHI+PHRkIHdpZHRoPSIxODAiIGJnY29sb3I9IiNlZmVmZWYiPjxmb250IHNpemU9IjIiPuiJsjwvZm9udD48L3RkPjx0ZCB3aWR0aD0iNTMwIj48Zm9udCBzaXplPSIyIj7jg4Hjg6fjgrM8L2ZvbnQ+PC90ZD48L3RyPjx0cj48dGQgd2lkdGg9IjE4MCIgYmdjb2xvcj0iI2VmZWZlZiI+PGZvbnQgc2l6ZT0iMiI+44Kr44Oz5bmFPC9mb250PjwvdGQ+PHRkIHdpZHRoPSI1MzAiPjxmb250IHNpemU9IjIiPjIwbW08L2ZvbnQ+PC90ZD48L3RyPjx0cj48dGQgd2lkdGg9IjE4MCIgYmdjb2xvcj0iI2VmZWZlZiI+PGZvbnQgc2l6ZT0iMiI+576O6Yyg5bmFPC9mb250PjwvdGQ+PHRkIHdpZHRoPSI1MzAiPjxmb250IHNpemU9IjIiPjE2bW08L2ZvbnQ+PC90ZD48L3RyPjx0cj48dGQgd2lkdGg9IjE4MCIgYmdjb2xvcj0iI2VmZWZlZiI+PGZvbnQgc2l6ZT0iMiI+57Sg5p2QPC9mb250PjwvdGQ+PHRkIHdpZHRoPSI1MzAiPjxmb250IHNpemU9IjIiPuOCr+ODreOCs+ODgOOCpOODq1vjg57jg4Pjg4hdPC9mb250PjwvdGQ+PC90cj48L3RhYmxlPjxzdHlsZSB0eXBlPSJ0ZXh0L2NzcyI+CjwhLS0KLnJha3V0ZW4tY2FtcCB7Cgl3aWR0aDogNzI1cHg7Cglib3JkZXI6IDJweCBzb2xpZCAjMzM5OUZGOwoJcGFkZGluZy10b3A6IDVweDsKCS1tb3otYm9yZGVyLXJhZGl1czo0cHg7IC8qRmlyZWZveCovCgktd2Via2l0LWJvcmRlci1yYWRpdXM6IDRweDsgLypTYWZhcmksQ2hyb21lKi8KCWJvcmRlci1yYWRpdXM6NHB4OyAvKk9wZXJhLENocm9tZSovCgltYXJnaW46MCAxMHB4IDEwcHggMDsKfQoKLyog5L6h5qC844Gr5p6g57ea44GM44Gk44GPICovCnRhYmxlI3Jha3V0ZW5MaW1pdGVkSWRfY2FydCB7CiAgICBiYWNrZ3JvdW5kLWNvbG9yOiAjZjhmOGY4OwogICAgYm9yZGVyOiAxcHggc29saWQgI2RkZDsKICAgIHBhZGRpbmc6IDhweDsKICAgIG1hcmdpbjogMTZweCAwOwp9CgpzcGFuLnByaWNlMSB7CiAgICBjb2xvcjogIzMzMyAhaW1wb3J0YW50OwogICAgZm9udC13ZWlnaHQ6IGJvbGQ7CiAgICBmb250LXNpemU6IDgwJSAhaW1wb3J0YW50OwogICAgbGluZS1oZWlnaHQ6IDMwcHg7CiAgICBkaXNwbGF5OiBpbmxpbmUtYmxvY2s7CiAgICBtYXJnaW4tcmlnaHQ6IDE2cHg7Cn0KCi0tPgo8L3N0eWxlPgoKPCEtLeODkOODiuODvOOCqOODquOCoi0tPgoKPCEtLeOAkOa2iOOBmeOBqu+8geOAkeKYheKYheKYhSBoZWlnaHQ9IjM4MCIg44Gn6Kit5a6a44GX44Gm44GP44Gg44GV44GE44CC4piF4piF4piFLS0+CjwhLS3jg5Djg4rjg7zjgqjjg6rjgqLjgZPjgZPjgb7jgactLT4KCjwhLS3mpb3lpKnjgq3jg6Pjg7Pjg5rjg7zjg7MtLT4KCjxoMiBzdHlsZT0ibWFyZ2luOjIwcHggMCAxMHB4IDA7Ij48aW1nIHNyYz0iaHR0cDovL3d3dy5yYWt1dGVuLm5lLmpwL2dvbGQvYWtpYmFtYWMvZnJhbWUvaW1hZ2VzL3Jha3V0ZW5fdGl0bGUyLmdpZiIgYWx0PSLmpb3lpKnluILloLTjga7jgYrlvpfjgarjgq3jg6Pjg7Pjg5rjg7zjg7MiIHdpZHRoPSI3MzAiIGhlaWdodD0iNDIiIGJvcmRlcj0iMCI+PC9oMj4KPGRpdiBjbGFzcz0icmFrdXRlbi1jYW1wIiBzdHlsZT0ibWFyZ2luOjAgMCAwIDA7Ij4KCgo8IS0t5qW95aSp44Kt44Oj44Oz44Oa44O844OzQOOBk+OBk+OBvuOBpy0tPg==,44CQ6YCB5paZ54Sh5paZ44CR44OQ44Oz44OT57Sz5aOr55So44Kv44Ot44Kz44OA44Kk44OrW+ODnuODg+ODiF3vvIjjgqbjgqfjg6vjg4Djg7zvvIkgQldBMDE5QlMg44OB44On44Kz77ya44K944OV44Oe44OD44OX44CA44OH44K444K/44Or44Kz44Os44Kv44K344On44Oz,44K944OV44Oe44OD44OXIOODh+OCuOOCv+ODq+OCs+ODrOOCr+OCt+ODp+ODs1NvZm1hcCBEaWdpdGFsIENvbGxlY3Rpb27jg5Hjgr3jgrPjg7Pjgr/jg5bjg6zjg4Pjg4hQQ0hEROOCouOCu+ODs+ODluODquODkeODvOODhOODkeOCveOCs+ODs+ODkeODvOODhOODhuODrOODk+OCsuODvOODoOODluODq+ODvOODrOOCpOOCveODleODiERWROOCveODleODiOa2suaZtuODhuODrOODk+ODluODq+ODvOODrOOCpOODh+OCo+OCueOCr+ODrOOCs+ODvOODgOODvOODh+OCuOOCv+ODq+S4gOecvOODrOODleOCq+ODoeODqeODh+OCuOOCv+ODq+OCq+ODoeODqeWutumbu+aZguioiOS4reWPpOOAgOOCveODleODiOOCouOCpuODiOODrOODg+ODiOS4reWPpOODjuODvOODiOODkeOCveOCs+ODs+S4reWPpOODkeOCveOCs+ODs+OAkOmAgeaWmeeEoeaWmeOAkeODkOODs+ODk+e0s+Wjq+eUqOOCr+ODreOCs+ODgOOCpOODq1vjg57jg4Pjg4hd77yI44Km44Kn44Or44OA44O877yJIEJXQTAxOUJTIOODgeODp+OCsw==,44CQ6YCB5paZ54Sh5paZ44CR44OQ44Oz44OT57Sz5aOr55So44Kv44Ot44Kz44OA44Kk44OrW+ODnuODg+ODiF3vvIjjgqbjgqfjg6vjg4Djg7zvvIkgQldBMDE5QlMg44OB44On44Kz[rn]
22-59961,aHR0cDovL3RzaG9wLnIxMHMuanAvYWtpYmFtYWMvY2FiaW5ldC8wNTQzOTA3MS80OTA3OTI0NTI3MDE4LmpwZz9maXRpbj03MDA6NzAw,MTU2ODAuMDAwMA==,,6IWV5pmC6KiIID4g6IWV5pmC6KiI55So44Ki44Kv44K744K144Oq44O8ID4g44Gd44Gu5LuW,44CQ6YCB5paZ54Sh5paZ44CR44OQ44Oz44OT57Sz5aOr55So44Kv44Ot44Kz44OA44Kk44OrW+OCt+ODo+OCpOODi+ODs+OCsF3vvIjjgqbjgqfjg6vjg4Djg7zvvIkgQldBMDA1Q1Ag6Iy2,,PHRhYmxlIGJvcmRlcj0iMCIgY2VsbHBhZGRpbmc9IjAiIGNlbGxzcGFjaW5nPSIwIiB3aWR0aD0iNzEwIiBzdHlsZT0ibGluZS1oZWlnaHQ6MTQwJTsiPjx0cj48dGQ+PGZvbnQgc2l6ZT0iMiI+PGJyPuOCueODhuODs+ODrOOCuee+jumMoOOAgeODqeODkOODvOOCv+OCpOODl+ijj+mdoijjgrnjg4bjg4Pjg4HjgarjgZcpPGJyPjxicj48L2ZvbnQ+PC90ZD48L3RyPjwvdGFibGU+PHRhYmxlIGNlbGxzcGFjaW5nPSIwIiBjZWxscGFkZGluZz0iNCIgYm9yZGVyPSIxIiB3aWR0aD0iNzEwIiBib3JkZXJjb2xvcj0iI2NjY2NjYyI+PHRyPjx0ZCB3aWR0aD0iMTgwIiBiZ2NvbG9yPSIjZWZlZmVmIj48Zm9udCBzaXplPSIyIj7jgrfjg6rjg7zjgrov5oSb56ewPC9mb250PjwvdGQ+PHRkIHdpZHRoPSI1MzAiPjxmb250IHNpemU9IjIiPuOCsOODrOODvOOCt+ODo+OCuS3jg5Hjg6zjg4Pjg4jjgq/jg63jgrM8L2ZvbnQ+PC90ZD48L3RyPjx0cj48dGQgd2lkdGg9IjE4MCIgYmdjb2xvcj0iI2VmZWZlZiI+PGZvbnQgc2l6ZT0iMiI+6ImyPC9mb250PjwvdGQ+PHRkIHdpZHRoPSI1MzAiPjxmb250IHNpemU9IjIiPuiMtjwvZm9udD48L3RkPjwvdHI+PHRyPjx0ZCB3aWR0aD0iMTgwIiBiZ2NvbG9yPSIjZWZlZmVmIj48Zm9udCBzaXplPSIyIj7jgqvjg7PluYU8L2ZvbnQ+PC90ZD48dGQgd2lkdGg9IjUzMCI+PGZvbnQgc2l6ZT0iMiI+MThtbTwvZm9udD48L3RkPjwvdHI+PHRyPjx0ZCB3aWR0aD0iMTgwIiBiZ2NvbG9yPSIjZWZlZmVmIj48Zm9udCBzaXplPSIyIj7nvo7pjKDluYU8L2ZvbnQ+PC90ZD48dGQgd2lkdGg9IjUzMCI+PGZvbnQgc2l6ZT0iMiI+MTZtbTwvZm9udD48L3RkPjwvdHI+PHRyPjx0ZCB3aWR0aD0iMTgwIiBiZ2NvbG9yPSIjZWZlZmVmIj48Zm9udCBzaXplPSIyIj7ntKDmnZA8L2ZvbnQ+PC90ZD48dGQgd2lkdGg9IjUzMCI+PGZvbnQgc2l6ZT0iMiI+44Kv44Ot44Kz44OA44Kk44OrW+OCt+ODo+OCpOODi+ODs+OCsF08L2ZvbnQ+PC90ZD48L3RyPjwvdGFibGU+PHN0eWxlIHR5cGU9InRleHQvY3NzIj4KPCEtLQoucmFrdXRlbi1jYW1wIHsKCXdpZHRoOiA3MjVweDsKCWJvcmRlcjogMnB4IHNvbGlkICMzMzk5RkY7CglwYWRkaW5nLXRvcDogNXB4OwoJLW1vei1ib3JkZXItcmFkaXVzOjRweDsgLypGaXJlZm94Ki8KCS13ZWJraXQtYm9yZGVyLXJhZGl1czogNHB4OyAvKlNhZmFyaSxDaHJvbWUqLwoJYm9yZGVyLXJhZGl1czo0cHg7IC8qT3BlcmEsQ2hyb21lKi8KCW1hcmdpbjowIDEwcHggMTBweCAwOwp9CgovKiDkvqHmoLzjgavmnqDnt5rjgYzjgaTjgY8gKi8KdGFibGUjcmFrdXRlbkxpbWl0ZWRJZF9jYXJ0IHsKICAgIGJhY2tncm91bmQtY29sb3I6ICNmOGY4Zjg7CiAgICBib3JkZXI6IDFweCBzb2xpZCAjZGRkOwogICAgcGFkZGluZzogOHB4OwogICAgbWFyZ2luOiAxNnB4IDA7Cn0KCnNwYW4ucHJpY2UxIHsKICAgIGNvbG9yOiAjMzMzICFpbXBvcnRhbnQ7CiAgICBmb250LXdlaWdodDogYm9sZDsKICAgIGZvbnQtc2l6ZTogODAlICFpbXBvcnRhbnQ7CiAgICBsaW5lLWhlaWdodDogMzBweDsKICAgIGRpc3BsYXk6IGlubGluZS1ibG9jazsKICAgIG1hcmdpbi1yaWdodDogMTZweDsKfQoKLS0+Cjwvc3R5bGU+Cgo8IS0t44OQ44OK44O844Ko44Oq44KiLS0+Cgo8IS0t44CQ5raI44GZ44Gq77yB44CR4piF4piF4piFIGhlaWdodD0iMzgwIiDjgafoqK3lrprjgZfjgabjgY/jgaDjgZXjgYTjgILimIXimIXimIUtLT4KPCEtLeODkOODiuODvOOCqOODquOCouOBk+OBk+OBvuOBpy0tPgoKPCEtLealveWkqeOCreODo+ODs+ODmuODvOODsy0tPgoKPGgyIHN0eWxlPSJtYXJnaW46MjBweCAwIDEwcHggMDsiPjxpbWcgc3JjPSJodHRwOi8vd3d3LnJha3V0ZW4ubmUuanAvZ29sZC9ha2liYW1hYy9mcmFtZS9pbWFnZXMvcmFrdXRlbl90aXRsZTIuZ2lmIiBhbHQ9IualveWkqeW4guWgtOOBruOBiuW+l+OBquOCreODo+ODs+ODmuODvOODsyIgd2lkdGg9IjczMCIgaGVpZ2h0PSI0MiIgYm9yZGVyPSIwIj48L2gyPgo8ZGl2IGNsYXNzPSJyYWt1dGVuLWNhbXAiIHN0eWxlPSJtYXJnaW46MCAwIDAgMDsiPgoKCjwhLS3mpb3lpKnjgq3jg6Pjg7Pjg5rjg7zjg7NA44GT44GT44G+44GnLS0+,44CQ6YCB5paZ54Sh5paZ44CR44OQ44Oz44OT57Sz5aOr55So44Kv44Ot44Kz44OA44Kk44OrW+OCt+ODo+OCpOODi+ODs+OCsF3vvIjjgqbjgqfjg6vjg4Djg7zvvIkgQldBMDA1Q1Ag6Iy277ya44K944OV44Oe44OD44OX44CA44OH44K444K/44Or44Kz44Os44Kv44K344On44Oz,44K944OV44Oe44OD44OXIOODh+OCuOOCv+ODq+OCs+ODrOOCr+OCt+ODp+ODs1NvZm1hcCBEaWdpdGFsIENvbGxlY3Rpb27jg5Hjgr3jgrPjg7Pjgr/jg5bjg6zjg4Pjg4hQQ0hEROOCouOCu+ODs+ODluODquODkeODvOODhOODkeOCveOCs+ODs+ODkeODvOODhOODhuODrOODk+OCsuODvOODoOODluODq+ODvOODrOOCpOOCveODleODiERWROOCveODleODiOa2suaZtuODhuODrOODk+ODluODq+ODvOODrOOCpOODh+OCo+OCueOCr+ODrOOCs+ODvOODgOODvOODh+OCuOOCv+ODq+S4gOecvOODrOODleOCq+ODoeODqeODh+OCuOOCv+ODq+OCq+ODoeODqeWutumbu+aZguioiOS4reWPpOOAgOOCveODleODiOOCouOCpuODiOODrOODg+ODiOS4reWPpOODjuODvOODiOODkeOCveOCs+ODs+S4reWPpOODkeOCveOCs+ODs+OAkOmAgeaWmeeEoeaWmeOAkeODkOODs+ODk+e0s+Wjq+eUqOOCr+ODreOCs+ODgOOCpOODq1vjgrfjg6PjgqTjg4vjg7PjgrBd77yI44Km44Kn44Or44OA44O877yJIEJXQTAwNUNQIOiMtg==,44CQ6YCB5paZ54Sh5paZ44CR44OQ44Oz44OT57Sz5aOr55So44Kv44Ot44Kz44OA44Kk44OrW+OCt+ODo+OCpOODi+ODs+OCsF3vvIjjgqbjgqfjg6vjg4Djg7zvvIkgQldBMDA1Q1Ag6Iy2[rn]
22-59962,aHR0cDovL3RzaG9wLnIxMHMuanAvYWtpYmFtYWMvY2FiaW5ldC8wNTQzOTA3MS80OTA3OTI0MjQwODI1LmpwZz9maXRpbj03MDA6NzAw,MTY2NC4wMDAw,,6IWV5pmC6KiIID4g6IWV5pmC6KiI55So44Ki44Kv44K744K144Oq44O8ID4g44Gd44Gu5LuW,44OQ44Oz44OT5pu/44GI44OZ44Or44OI77yIMTktMTVtbeODu+iMtu+8iSBLMDIxQ1I=,,PHRhYmxlIGJvcmRlcj0iMCIgY2VsbHBhZGRpbmc9IjAiIGNlbGxzcGFjaW5nPSIwIiB3aWR0aD0iNzEwIiBzdHlsZT0ibGluZS1oZWlnaHQ6MTQwJTsiPjx0cj48dGQ+PGZvbnQgc2l6ZT0iMiI+PGJyPuijveWTgeapn+iDve+8muaKl+iPjOmYsuiHreOAgeaSpeawtDxicj48YnI+PC9mb250PjwvdGQ+PC90cj48L3RhYmxlPjx0YWJsZSBjZWxsc3BhY2luZz0iMCIgY2VsbHBhZGRpbmc9IjQiIGJvcmRlcj0iMSIgd2lkdGg9IjcxMCIgYm9yZGVyY29sb3I9IiNjY2NjY2MiPjx0cj48dGQgd2lkdGg9IjE4MCIgYmdjb2xvcj0iI2VmZWZlZiI+PGZvbnQgc2l6ZT0iMiI+44K344Oq44O844K6L+aEm+ensDwvZm9udD48L3RkPjx0ZCB3aWR0aD0iNTMwIj48Zm9udCBzaXplPSIyIj7jg5Djg7Pjg5M8L2ZvbnQ+PC90ZD48L3RyPjx0cj48dGQgd2lkdGg9IjE4MCIgYmdjb2xvcj0iI2VmZWZlZiI+PGZvbnQgc2l6ZT0iMiI+6ImyPC9mb250PjwvdGQ+PHRkIHdpZHRoPSI1MzAiPjxmb250IHNpemU9IjIiPuiMtjwvZm9udD48L3RkPjwvdHI+PHRyPjx0ZCB3aWR0aD0iMTgwIiBiZ2NvbG9yPSIjZWZlZmVmIj48Zm9udCBzaXplPSIyIj7jgqvjg7PluYU8L2ZvbnQ+PC90ZD48dGQgd2lkdGg9IjUzMCI+PGZvbnQgc2l6ZT0iMiI+MTltbTwvZm9udD48L3RkPjwvdHI+PHRyPjx0ZCB3aWR0aD0iMTgwIiBiZ2NvbG9yPSIjZWZlZmVmIj48Zm9udCBzaXplPSIyIj7nvo7pjKDluYU8L2ZvbnQ+PC90ZD48dGQgd2lkdGg9IjUzMCI+PGZvbnQgc2l6ZT0iMiI+MTVtbTwvZm9udD48L3RkPjwvdHI+PHRyPjx0ZCB3aWR0aD0iMTgwIiBiZ2NvbG9yPSIjZWZlZmVmIj48Zm9udCBzaXplPSIyIj7ntKDmnZA8L2ZvbnQ+PC90ZD48dGQgd2lkdGg9IjUzMCI+PGZvbnQgc2l6ZT0iMiI+54mb6Z2p5Z6L5oq844GXPC9mb250PjwvdGQ+PC90cj48dHI+PHRkIHdpZHRoPSIxODAiIGJnY29sb3I9IiNlZmVmZWYiPjxmb250IHNpemU9IjIiPuaSpeawtOWKoOW3pTwvZm9udD48L3RkPjx0ZCB3aWR0aD0iNTMwIj48Zm9udCBzaXplPSIyIj7mnIk8L2ZvbnQ+PC90ZD48L3RyPjx0cj48dGQgd2lkdGg9IjE4MCIgYmdjb2xvcj0iI2VmZWZlZiI+PGZvbnQgc2l6ZT0iMiI+5oqX6I+M44O76Ziy6IetPC9mb250PjwvdGQ+PHRkIHdpZHRoPSI1MzAiPjxmb250IHNpemU9IjIiPuaciTwvZm9udD48L3RkPjwvdHI+PC90YWJsZT48c3R5bGUgdHlwZT0idGV4dC9jc3MiPgo8IS0tCi5yYWt1dGVuLWNhbXAgewoJd2lkdGg6IDcyNXB4OwoJYm9yZGVyOiAycHggc29saWQgIzMzOTlGRjsKCXBhZGRpbmctdG9wOiA1cHg7CgktbW96LWJvcmRlci1yYWRpdXM6NHB4OyAvKkZpcmVmb3gqLwoJLXdlYmtpdC1ib3JkZXItcmFkaXVzOiA0cHg7IC8qU2FmYXJpLENocm9tZSovCglib3JkZXItcmFkaXVzOjRweDsgLypPcGVyYSxDaHJvbWUqLwoJbWFyZ2luOjAgMTBweCAxMHB4IDA7Cn0KCi8qIOS+oeagvOOBq+aeoOe3muOBjOOBpOOBjyAqLwp0YWJsZSNyYWt1dGVuTGltaXRlZElkX2NhcnQgewogICAgYmFja2dyb3VuZC1jb2xvcjogI2Y4ZjhmODsKICAgIGJvcmRlcjogMXB4IHNvbGlkICNkZGQ7CiAgICBwYWRkaW5nOiA4cHg7CiAgICBtYXJnaW46IDE2cHggMDsKfQoKc3Bhbi5wcmljZTEgewogICAgY29sb3I6ICMzMzMgIWltcG9ydGFudDsKICAgIGZvbnQtd2VpZ2h0OiBib2xkOwogICAgZm9udC1zaXplOiA4MCUgIWltcG9ydGFudDsKICAgIGxpbmUtaGVpZ2h0OiAzMHB4OwogICAgZGlzcGxheTogaW5saW5lLWJsb2NrOwogICAgbWFyZ2luLXJpZ2h0OiAxNnB4Owp9CgotLT4KPC9zdHlsZT4KCjwhLS3jg5Djg4rjg7zjgqjjg6rjgqItLT4KCjwhLS3jgJDmtojjgZnjgarvvIHjgJHimIXimIXimIUgaGVpZ2h0PSIzODAiIOOBp+ioreWumuOBl+OBpuOBj+OBoOOBleOBhOOAguKYheKYheKYhS0tPgo8IS0t44OQ44OK44O844Ko44Oq44Ki44GT44GT44G+44GnLS0+Cgo8IS0t5qW95aSp44Kt44Oj44Oz44Oa44O844OzLS0+Cgo8aDIgc3R5bGU9Im1hcmdpbjoyMHB4IDAgMTBweCAwOyI+PGltZyBzcmM9Imh0dHA6Ly93d3cucmFrdXRlbi5uZS5qcC9nb2xkL2FraWJhbWFjL2ZyYW1lL2ltYWdlcy9yYWt1dGVuX3RpdGxlMi5naWYiIGFsdD0i5qW95aSp5biC5aC044Gu44GK5b6X44Gq44Kt44Oj44Oz44Oa44O844OzIiB3aWR0aD0iNzMwIiBoZWlnaHQ9IjQyIiBib3JkZXI9IjAiPjwvaDI+CjxkaXYgY2xhc3M9InJha3V0ZW4tY2FtcCIgc3R5bGU9Im1hcmdpbjowIDAgMCAwOyI+CgoKPCEtLealveWkqeOCreODo+ODs+ODmuODvOODs0DjgZPjgZPjgb7jgactLT4=,44OQ44Oz44OT5pu/44GI44OZ44Or44OI77yIMTktMTVtbeODu+iMtu+8iSBLMDIxQ1LvvJrjgr3jg5Xjg57jg4Pjg5fjgIDjg4fjgrjjgr/jg6vjgrPjg6zjgq/jgrfjg6fjg7M=,44K944OV44Oe44OD44OXIOODh+OCuOOCv+ODq+OCs+ODrOOCr+OCt+ODp+ODs1NvZm1hcCBEaWdpdGFsIENvbGxlY3Rpb27jg5Hjgr3jgrPjg7Pjgr/jg5bjg6zjg4Pjg4hQQ0hEROOCouOCu+ODs+ODluODquODkeODvOODhOODkeOCveOCs+ODs+ODkeODvOODhOODhuODrOODk+OCsuODvOODoOODluODq+ODvOODrOOCpOOCveODleODiERWROOCveODleODiOa2suaZtuODhuODrOODk+ODluODq+ODvOODrOOCpOODh+OCo+OCueOCr+ODrOOCs+ODvOODgOODvOODh+OCuOOCv+ODq+S4gOecvOODrOODleOCq+ODoeODqeODh+OCuOOCv+ODq+OCq+ODoeODqeWutumbu+aZguioiOS4reWPpOOAgOOCveODleODiOOCouOCpuODiOODrOODg+ODiOS4reWPpOODjuODvOODiOODkeOCveOCs+ODs+S4reWPpOODkeOCveOCs+ODs+ODkOODs+ODk+abv+OBiOODmeODq+ODiO+8iDE5LTE1bW3jg7vojLbvvIkgSzAyMUNS,44OQ44Oz44OT5pu/44GI44OZ44Or44OI77yIMTktMTVtbeODu+iMtu+8iSBLMDIxQ1I=[rn]
22-59963,aHR0cDovL3RzaG9wLnIxMHMuanAvYmljeWNsZWxhYi9jYWJpbmV0L2xvazFfOTkvY3lsazAwNzNfbW9iaWxlMDEuanBnP2ZpdGluPTcwMDo3MDA=,NzY4LjAwMDA=,,44K544Od44O844OE44O744Ki44Km44OI44OJ44KiID4g6Ieq6Lui6LuK44O744K144Kk44Kv44Oq44Oz44KwID4g6Zu75YuV44Ki44K344K544OI6Ieq6Lui6LuK,44CQ44Ot44OD44KvIHRhdGUg44K/44OG44CR44CMS2lkcyBEaWFsIExvY2sg44Kt44OD44K6IOODgOOCpOODpOODq+ODreODg+OCr+OAjSBbTEtXMTc3XSBbbWFdIOiHqui7oui7iiDlrZDkvpvlkJHjgZEg44Kt44OD44K644OQ44Kk44KvIOOCuOODpeODi+OCouODkOOCpOOCryDjgrHjg7zjg5bjg6vjg63jg4Pjgq8g44Ov44Kk44Ok44O844Ot44OD44KvIOmNtSDjgqvjgq7jgJBS44CR,5LuK44Gg44GR5YWo5ZOB44Od44Kk44Oz44OIM+WAjSEhIDg2NDDlhoYo56iO6L68KeS7peS4iuOBp+mAgeaWmeeEoeaWmSEh,PGltZyBzcmM9Imh0dHA6Ly9pbWFnZS5yYWt1dGVuLmNvLmpwL2JpY3ljbGVsYWIvY2FiaW5ldC9vdGhlci9jYXJ0X2xvY2suZ2lmIiBib3JkZXI9IjAiPjxicj48YnI+PGJyPjxzdHlsZSBUWVBFPSJ0ZXh0L2NzcyI+CnRkLmludmVudG9yeSBmb250e2ZvbnQtc2l6ZToxMHB4O2xpbmUtaGVpZ2h0OjE1MCU7Y29sb3I6Izg4ODg4ODt9Cjwvc3R5bGU+,44CQ44Ot44OD44KvIHRhdGUg44K/44OG44CR44CMS2lkcyBEaWFsIExvY2sg44Kt44OD44K6IOODgOOCpOODpOODq+ODreODg+OCr+OAjSBbTEtXMTc3XSBbbWFdIOiHqui7oui7iiDlrZDkvpvlkJHjgZEg44Kt44OD44K644OQ44Kk44KvIOOCuOODpeODi+OCouODkOOCpOOCryDjgrHjg7zjg5bjg6vjg63jg4Pjgq8g44Ov44Kk44Ok44O844Ot44OD44KvIOmNtSDjgqvjgq7jgJBS44CR77ya6Ieq6Lui6LuK44Gq5q+O5pel44CA44OQ44Kk44K344Kv44Or44Op44Oc,6Ieq6Lui6LuKIOODreODvOODieODkOOCpOOCryDjg57jgqbjg7Pjg4bjg7Pjg5DjgqTjgq8gTVRCIEJNWCDjgq/jg63jgrnjg5DjgqTjgq8g44K344OG44Kj44OQ44Kk44KvIOWwj+W+hOi7iuODmOODq+ODoeODg+ODiCDjgqvjgq4g44Ot44OD44KvIOODneODs+ODlyDjg6njgqTjg4gg44OE44O844OrIOOCsOODquODg+ODlyDjg5Djg7zjg4bjg7zjg5cg44Kw44Ot44O844OWIOOCv+OCpOODpCDjg4/jg7Pjg4njg6vjg5Djg7wg44OQ44O844Ko44Oz44OJIOOCueODhuODoCDjgrXjgqTjgq/jg6vjgrPjg7Pjg5Tjg6Xjg7zjgr8g44K144OJ44OrIOODmuODgOODqyDjg4jjg7zjgq/jg6rjg4Pjg5cg44Oc44OI44OrIOODnOODiOODq+OCseODvOOCuCDjg5Djg4PjgrAg44OQ44OD44Kv44OR44OD44KvIOOCreODo+ODquOCouODvCDjg5Xjgqfjg7Pjg4Djg7zovKrooYzooosg44OG44Oz44OIIOOCq+ODkOODvCDjg5njg5Pjg7zjgrfjg7zjg4gg44K544K/44Oz44OJIOOCteOCpOODieOCueOCv+ODs+ODiSDjg4Hjg6Xjg7zjg5Yg44Oq44Og44OG44O844OXIOODn+ODqeODvCDjg5njg6sg44OQ44Or44OW44Kt44Oj44OD44OXIOODkeODs+OCr+S/rueQhuOCreODg+ODiCDjgrHjgqIg44Kq44Kk44OrIOOCsOODquOCuSDjgqLjg7Pjg4Djg7zjgqbjgqfjgqLjg5jjg6vjg6Hjg4Pjg4ggTEFaRVIg44Os44O844K244O8IOODrOOCpOOCtuODvCBPR0sg44Kq44O844K444O844Kx44O8IOWkp+S6uueUqCDlrZDkvpvnlKgg6Ieq6Lui6LuKIOODreODvOODieODkOOCpOOCryDjg57jgqbjg7Pjg4bjg7Pjg5DjgqTjgq8gTVRCIEJNWCDjgq/jg63jgrnjg5DjgqTjgq8g44K344OG44Kj44OQ44Kk44KvIOWwj+W+hOi7iiDjgJDjg63jg4Pjgq8gdGF0ZSDjgr/jg4bjgJHjgIxLaWRzIERpYWwgTG9jayDjgq3jg4Pjgrog44OA44Kk44Ok44Or44Ot44OD44Kv44CNIFtMS1cxNzddIFttYV0g6Ieq6Lui6LuKIOWtkOS+m+WQkeOBkSDjgq3jg4Pjgrrjg5DjgqTjgq8g44K444Ol44OL44Ki44OQ44Kk44KvIOOCseODvOODluODq+ODreODg+OCryDjg6/jgqTjg6Tjg7zjg63jg4Pjgq8g6Y21IOOCq+OCruOAkFLjgJE=,5LuK44Gg44GR5YWo5ZOB44Od44Kk44Oz44OIM+WAjSEhIDg2NDDlhoYo56iO6L68KeS7peS4iuOBp+mAgeaWmeeEoeaWmSEh44CC44CQ44Ot44OD44KvIHRhdGUg44K/44OG44CR44CMS2lkcyBEaWFsIExvY2sg44Kt44OD44K6IOODgOOCpOODpOODq+ODreODg+OCr+OAjSBbTEtXMTc3XSBbbWFdIOiHqui7oui7iiDlrZDkvpvlkJHjgZEg44Kt44OD44K644OQ44Kk44KvIOOCuOODpeODi+OCouODkOOCpOOCryDjgrHjg7zjg5bjg6vjg63jg4Pjgq8g44Ov44Kk44Ok44O844Ot44OD44KvIOmNtSDjgqvjgq7jgJBS44CR[rn]
22-59964,aHR0cDovL3RzaG9wLnIxMHMuanAvZ3JlZW4tcmliYm9uL2NhYmluZXQvY3ljbGUvYXJlcy9hcmVzLW1haW4tbmV3Mi5qcGc/Zml0aW49NzAwOjcwMA==,NTU4NDAuMDAwMA==,,44K544Od44O844OE44O744Ki44Km44OI44OJ44KiID4g6Ieq6Lui6LuK44O744K144Kk44Kv44Oq44Oz44KwID4g6Zu75YuV44Ki44K344K544OI6Ieq6Lui6LuK,6Zu75YuV6Ieq6Lui6LuKIOmbu+WLleOCouOCt+OCueODiOiHqui7oui7iiAyNuOCpOODs+ODgSDjgq/jg63jgrnjg5DjgqTjgq8g44OR44K544OU44KoIOOCouODrOOCuSDjgrfjg57jg47npL7oo73lpJboo4U25q6144Ku44Ki5pCt6LyJIOi7vemHj+ODgOOCpOODpOODouODs+ODieODleODrOODvOODoCDou73ph4/jg6rjg4Hjgqbjg6Djg5Djg4Pjg4bjg6rjg7wg77y077yz44Oe44O844KvIEFSRVMg6Zu75YuV6Ieq6Lui6LuKIOOAkOS7o+W8leOBjeS4jeWPr+OAkSAwMlAxOEp1bjE2,5Zu95a625YWs5a6J5aeU5ZOh5Lya6KqN5a6aIOWei+W8j+iqjeWumui7iuS4oQ==,4pag6KaP5qC877yaMjbjgqTjg7Pjg4Hpm7vli5XjgqLjgrfjgrnjg4joh6rou6Lou4o8YnI+CuKWoOaXpeacrOi7iuS4oeaknOafu+WNlOS8miDpp4bli5Xoo5zliqnmqZ/ku5joh6rou6Lou4rlnovlvI/oqo3lrproqabpqJPlkIjmoLzlk4E8YnI+CuaZrumAmuiHqui7oui7iuWei+W8j+eVquWPt++8muS6pO+8oe+8ke+8lO+8je+8lO+8ljxicj4K6aeG5YuV6KOc5Yqp5qmf5LuY6Ieq6Lui6LuK5Z6L5byP55Wq5Y+377ya5Lqk77yu77yR77yU77yN77yU77yWPGJyPgo8YnI+CuKWoFBM5L+d6Zm65Yqg5YWl5riIPGJyPgo8YnI+CuKWoOODouODvOOCv+ODvO+8muODluODqeOCt+ODrOOCueOAgOODm+OCpOODq+OCpOODs+ODouODvOOCv+ODvDI1MFc8YnI+CuKWoOi7iuS4oemHjemHj++8mue0hDE4a2fvvIjjg5Djg4Pjg4bjg6rjg7zlkKvjgoDvvIk8YnI+Cjxicj4K4pag5L+d6Ki8PGJyPgrvvJzliJ3mnJ/kuI3oia/mnJ/plpPvvJ7llYblk4HliLDnnYDjgojjgoox6YCx6ZaTPGJyPgrvvJzmnKzkvZPkv53oqLwx5bm06ZaT77ye4oC757WE56uL44Gm5b6M44CB77yR6YCx6ZaT5Lul5YaF44Gr6Ieq6Lui6LuK5a6J5YWo5pW05YKZ5bqX44Gr44Gm54K55qSc44O75pW05YKZ44GX44Gf5aC05ZCI44Gu44G/5pyJ5Yq544CCPGJyPgrigLvjg5bjg6zjg7zjgq3jga7oqr/mlbTjga/kv53oqLzlr77osaHlpJbjgII8YnI+CuKAu+ODkOODg+ODhuODquODvOOAgeOCv+OCpOODpOetiea2iOiAl+WTgeOBr+S/neiovOOBruWvvuixoeWkluOAgjxicj4K4peG44OW44Os44O844Kt44O744Ku44Ki44Gv5Yiw552A5b6M5YaN6Kq/5pW044Gu44GT44Go44CC77yI5L+d6Ki844Gu5a++6LGh5aSW77yJPGJyPgo8YnI+CuKYheOCt+ODnuODjjbmrrXjgq7jgqLmkK3ovInjgIHlronlv4Pjga7lnovlvI/oqo3lrprou4rkuKE8YnI+CuKYhei7vemHj+ODquODgeOCpuODoOODkOODg+ODhuODquODvDI0VjhBaDxicj4K4piF44OI44Or44Kv44K744Oz44K144O85pCt6LyJ44Gn5paw55m75aC077yBPGJyPgrimIXjg4DjgqTjg6Tjg6Ljg7Pjg4njgqvjg4Pjg4jou73ph4/jgqLjg6vjg5/jg5Xjg6zjg7zjg6DvvIE8YnI+CuKYhUxFROODqeOCpOODiO+8gTxicj4K4piF44OQ44OD44OG44Oq44O85q6L6YeP6KiI5LuY44GNM+autemajuODouODvOODieWIh+abv+OCueOCpOODg+ODge+8gTxicj4K4piF44OA44Kk44Ok44Oi44Oz44OJ5Z6L44OV44Os44O844OgPGJyPgo8YnI+Cjxicj4K4pag5ZWG5ZOB44GM5bGK44GE44Gf44KJPGJyPgo8YnI+44CACuOAgOODu+acrOijveWTgeOBrzkw77yF5a6M5oiQ5riI44G/44Gn44GZ44CC77yI44OP44Oz44OJ44Or44O744K144OJ44Or44Gu5Zu65a6a44CB44Oa44OA44Or44Gu44GK5Y+W5LuY44GR44GM5b+F6KaB44Gn44GZ44CCKTxicj4K44CA44O744OW44Os44O844Kt44O744Ku44Ki44Gv6YWN6YCB5pmC44Gr54uC44GE44GM55Sf44GY44G+44GZ44Gu44Gn44CB5Yiw552A5b6M44Gr5YaN6Kq/5pW044GX44Gm5LiL44GV44GE44CCPGJyPgrjgIDjg7vjgb7jgZ/lv7Xjga7jgZ/jgoHjg43jgrjnrYnjga7nt6njgb/jgYznhKHjgYTjgYvnorroqo3jgZfjgIHlopfjgZfnt6DjgoHjgpLjgZfjgabjgYvjgonjgYrkuZfjgorkuIvjgZXjgYTjgII8YnI+CuOAgOODu+aXpeW4uOaZguOBp+OCguS5l+i7iuWJjeOBq+OBr+W/heOBmueCueaknOOAgeiqv+aVtOOBl+OBpuS4i+OBleOBhOOAgjxicj4KPGJyPgrjgIDigLvku5jlsZ7lt6Xlhbfjga/nsKHmmJPlt6XlhbfjgajjgarjgaPjgabjgYrjgorjgIHku67ntYTjgb/jga7ngrrjga7lt6Xlhbfjgajjgarjgorjgb7jgZnjgII8YnI+CuOAgOOAgOWil+OBl+e3oOOCgeOChOaVtOWCmeOBrumam+OBr+iHqui7oui7iuaVtOWCmeW6l+OBp+OBruaVtOWCmeOCkuOBiumhmOOBhOOBhOOBn+OBhOOBvuOBmeOAgjxicj4KCjxicj4KPGZvbnQgc2l6ZT0iLTIiPuODoeODvOOCq+ODvOW4jOacm+Wwj+WjsuS+oeagvOOBr+ODoeODvOOCq+ODvOOCteOCpOODiOOBq+WfuuOBpeOBhOOBpuaOsui8ieOBl+OBpuOBhOOBvuOBmTwvZm9udD4KPGltZyBzcmM9Imh0dHA6Ly9pbWFnZS5yYWt1dGVuLmNvLmpwL2dyZWVuLXJpYmJvbi9jYWJpbmV0L2V2aWRlbmNlL2V2aWRlbmNlLXRoMjYtMDAwNS5qcGciIHdpZHRoPSIzMDAiPjxzdHlsZSB0eXBlPSJ0ZXh0L2NzcyI+CjwhLS0gCmE6aG92ZXIgewpvcGFjaXR5OjAuODsKZmlsdGVyOmFscGhhKG9wYWNpdHk9ODApOwotbXMtZmlsdGVyOiAiYWxwaGEoIG9wYWNpdHk9ODAgKSI7Cn0KLS0+Cjwvc3R5bGU+,6Zu75YuV6Ieq6Lui6LuKIOmbu+WLleOCouOCt+OCueODiOiHqui7oui7iiAyNuOCpOODs+ODgSDjgq/jg63jgrnjg5DjgqTjgq8g44OR44K544OU44KoIOOCouODrOOCuSDjgrfjg57jg47npL7oo73lpJboo4U25q6144Ku44Ki5pCt6LyJIOi7vemHj+ODgOOCpOODpOODouODs+ODieODleODrOODvOODoCDou73ph4/jg6rjg4Hjgqbjg6Djg5Djg4Pjg4bjg6rjg7wg77y077yz44Oe44O844KvIEFSRVMg6Zu75YuV6Ieq6Lui6LuKIOOAkOS7o+W8leOBjeS4jeWPr+OAkSAwMlAxOEp1bjE277yaR1JFRU4gUklCQk9O,5Lq65bel6Iqd44Oq44Ki44Or5Lq65bel6Iqd5oqY44KK44Gf44Gf44G/6Ieq6Lui6LuK6Zu75YuV44Ki44K344K544OI6Ieq6Lui6LuK5oqY55Wz6Ieq6Lui6LuK44OV44Or6Zu75YuV44Ot44O844Or5Lq65bel6Iqd6Iqd55Sf6auY57SaIOODquOCouODq+S6uuW3peiKnemrmOe0miDjg6rjgqLjg6vkurrlt6Xoip3jg6rjgqLjg6vjgYrjgYrjgoLjgaHjgoPkuZfnlKjnjqnlhbfjg6njgqTjgrvjg7Pjgrkg5LmX55So546p5YW35LmX55So44Op44K444Kz44Oz44Kr44O844Op44K444Kz44OzUkPpm7vli5XkuZfnlKjnjqnlhbfpm7vli5XkuZfnlKjjg6njgrjjgrPjg7PpmLLngo7kurrlt6Xoip3pm7vli5Xoh6rou6Lou4og6Zu75YuV44Ki44K344K544OI6Ieq6Lui6LuKIDI244Kk44Oz44OBIOOCr+ODreOCueODkOOCpOOCryDjg5Hjgrnjg5Tjgqgg44Ki44Os44K5IOOCt+ODnuODjuekvuijveWkluijhTbmrrXjgq7jgqLmkK3ovIkg6Lu96YeP44OA44Kk44Ok44Oi44Oz44OJ44OV44Os44O844OgIOi7vemHj+ODquODgeOCpuODoOODkOODg+ODhuODquODvCDvvLTvvLPjg57jg7zjgq8gQVJFUyDpm7vli5Xoh6rou6Lou4og44CQ5Luj5byV44GN5LiN5Y+v44CRIDAyUDE4SnVuMTY=,5Zu95a625YWs5a6J5aeU5ZOh5Lya6KqN5a6aIOWei+W8j+iqjeWumui7iuS4oeOAgumbu+WLleiHqui7oui7iiDpm7vli5XjgqLjgrfjgrnjg4joh6rou6Lou4ogMjbjgqTjg7Pjg4Eg44Kv44Ot44K544OQ44Kk44KvIOODkeOCueODlOOCqCDjgqLjg6zjgrkg44K344Oe44OO56S+6KO95aSW6KOFNuauteOCruOCouaQrei8iSDou73ph4/jg4DjgqTjg6Tjg6Ljg7Pjg4njg5Xjg6zjg7zjg6Ag6Lu96YeP44Oq44OB44Km44Og44OQ44OD44OG44Oq44O8IO+8tO+8s+ODnuODvOOCryBBUkVTIOmbu+WLleiHqui7oui7iiDjgJDku6PlvJXjgY3kuI3lj6/jgJEgMDJQMThKdW4xNg==[rn]
22-59965,aHR0cDovL3RzaG9wLnIxMHMuanAvZjIyMjExOS1pd2F0YS9jYWJpbmV0LzA1MjU1MDczL2ltZ3JjMDA2NjM2ODQyMi5qcGc/Zml0aW49NzAwOjcwMA==,MjY0MDAwLjAwMDA=,,44K544Od44O844OE44O744Ki44Km44OI44OJ44KiID4g6Ieq6Lui6LuK44O744K144Kk44Kv44Oq44Oz44KwID4g6Zu75YuV44Ki44K344K544OI6Ieq6Lui6LuK,44CQ44G144KL44GV44Go57SN56iO44CR77y577yh77yt77yh77yo77yh44CA77yw77yh77yz77yI77yi772S772B772D772F77y477ys77yJMjAxNuODouODh+ODqw==,44OP44Kk44K544Oa44OD44Kv44Gn5qW944GX44KA5pys5qC85rS+44K544Od44O844OE44Oi44OH44Or44Gn44GZ44CC,PHRhYmxlIHdpZHRoPSI0MDAiIGJnY29sb3I9IiNjY2NjY2MiIGNlbGxzcGFjaW5nPSIxIiBjZWxscGFkZGluZz0iMyI+PHRyPjx0aCBjb2xzcGFuPSIyIiBhbGlnbj0iY2VudGVyIiBiZ2NvbG9yPSIjZjBmMGYwIj48Yj4KPGZvbnQgY29sb3I9IiMwMDAwMDAiPuWVhuWTgeiqrOaYjjwvZm9udD48L2I+PC90aD48L3RyPjx0cj48dGggd2lkdGg9Ijk0IiBhbGlnbj0iY2VudGVyIiBiZ2NvbG9yPSIjZjBmMGYwIj48Zm9udCBzaXplPSIyIiAKY29sb3I9IiMwMDAwMDAiPuODoeODvOOCq+ODvOWQjTwvZm9udD48L3RoPjx0ZCB3aWR0aD0iMjkxIiBiZ2NvbG9yPSIjZmZmZmZmIj48Zm9udCBzaXplPSIyIiBjb2xvcj0iIzAwMDAwMCI+44Ok44Oe44OP55m65YuV5qmf5qCq5byP5Lya56S+PC9mb250Pgo8L3RkPjwvdHI+PHRyPjx0aCB3aWR0aD0iOTQiIGFsaWduPSJjZW50ZXIiIGJnY29sb3I9IiNmMGYwZjAiPjxmb250IHNpemU9IjIiIGNvbG9yPSIjMDAwMDAwIj7jgqvjg6njg7w8L2ZvbnQ+PC90aD48dGQgd2lkdGg9IjI5MSIgCmJnY29sb3I9IiNmZmZmZmYiPjxmb250IHNpemU9IjIiIGNvbG9yPSIjMDAwMDAwIj4K44Oe44OD44OI44Os44OD44OJ44O744Kv44Oq44K544K/44Or44Ob44Ov44Kk44OI44O744Ks44Oz44Oh44K/44Oq44OD44KvMuOBi+OCiemBuOaKnuOBp+OBjeOBvuOBmeOAgjwvZm9udD48L3RkPjwvdHI+PHRyPjx0aCB3aWR0aD0iOTQiIAphbGlnbj0iY2VudGVyIiBiZ2NvbG9yPSIjZjBmMGYwIj48Zm9udCBzaXplPSIyIiBjb2xvcj0iIzAwMDAwMCI+44K144Kk44K6PC9mb250PjwvdGg+PHRkIHdpZHRoPSIyOTEiIGJnY29sb3I9IiNmZmZmZmYiPjxmb250IApzaXplPSIyIiBjb2xvcj0iIzAwMDAwMCI+MjbjgqTjg7Pjg4E8L2ZvbnQ+PC90ZD48L3RyPjx0cj48dGggd2lkdGg9Ijk0IiBhbGlnbj0iY2VudGVyIiBiZ2NvbG9yPSIjZjBmMGYwIj48Zm9udCBzaXplPSIyIiAKY29sb3I9IiMwMDAwMDAiPuOCueODmuODg+OCrzwvZm9udD48L3RoPjx0ZCB3aWR0aD0iMjkxIiBiZ2NvbG9yPSIjZmZmZmZmIj48Zm9udCBzaXplPSIyIiBjb2xvcj0iIzAwMDAwMCI+44CQ57eP6YeN6YeP44CRMjMuMe+9i++9hzxiciAvPgrjgJDjg5Djg4Pjg4bjg6rjg7zjgJExMi44Qe+9iDxiciAvPuOAkOWFhembu+aZgumWk+OAkee0hDMuNeaZgumWkzxiciAvPuOAkOmBqeW/nOi6q+mVt+OAkTE1Ne+9g++9jeS7peS4ijwvZm9udD48L3RkPjwvdHI+PHRyPjx0aCB3aWR0aD0iOTQiIGFsaWduPSJjZW50ZXIiIApiZ2NvbG9yPSIjZjBmMGYwIj48Zm9udCBzaXplPSIyIiBjb2xvcj0iIzAwMDAwMCI+6YeN6KaB5LqL6aCF6Kqs5piOPC9mb250PjwvdGg+PHRkIHdpZHRoPSIyOTEiIGJnY29sb3I9IiNmZmZmZmYiPjxmb250IHNpemU9IjIiIApjb2xvcj0iIzAwMDAwMCI+44O744GK5bGK44GR44Gr77yW44O25pyI56iL5bqm44GL44GL44KK44G+44GZ44CCPGJyIC8+CuODu+OBiuWxiuOBkeOBvuOBp+OBq+ODouODh+ODq+ODgeOCp+ODs+OCuOOBjOihjOOCj+OCjOOBn+WgtOWQiOOAgeOBiumBuOOBs+OBhOOBn+OBoOOBhOOBn+S7leanmOODu+iJsuOBrui7iui8jOOCkuOBiuWxiuOBkeOBp+OBjeOBquOBhOOBk+OBqOOBjOOBguOCiuOBvuOBmeOAguOBk+OBruWgtOWQiOOAgeS7leanmOODu+iJsuOCkuaWsOOBn+OBq+OBiumBuOOBs+OBhOOBn+OBoOOBj+OBk+OBqOOBq+OBquOCiuOBvuOBmeOBruOBp+OAgeOBlOaJv+efpeOBiuOBjeOBj+OBoOOBleOBhOOAggo8YnIgLz7jg7vpmLLniq/nmbvpjLLjg7vntYTnq4vjg7vmlbTlgpnjgpLooYzjgaPjgabjgYvjgonjgYrlsYrjgZHjgZfjgb7jgZnjgII8YnIgLz7jg7vjgYrlsYrjga7osqnlo7LlupfjgpLjgYrpgbjjgbPjgYTjgZ/jgaDjgZHjgb7jgZvjgpPjgIIKPGJyIC8+44O75Yid5Zue54Sh5paZ54K55qSc44K144O844OT44K544Gv5a6f5pa944Gn44GN44G+44Gb44KT44CCPGJyIC8+PC9mb250PjwvdGQ+PC90cj48dHI+PHRoIAp3aWR0aD0iOTQiIGFsaWduPSJjZW50ZXIiIGJnY29sb3I9IiNmMGYwZjAiPjxmb250IHNpemU9IjIiIGNvbG9yPSIjMDAwMDAwIj7mj5Dkvps8L2ZvbnQ+PC90aD48dGQgd2lkdGg9IjI5MSIgYmdjb2xvcj0iI2ZmZmZmZiI+Cjxmb250IHNpemU9IjIiIGNvbG9yPSIjMDAwMDAwIj7jg6Tjg57jg4/nmbrli5XmqZ/osqnlo7LvvIjmoKrvvIk8L2ZvbnQ+PC90ZD48L3RyPjx0cj48dGggd2lkdGg9Ijk0IiBhbGlnbj0iY2VudGVyIiBiZ2NvbG9yPSIjZjBmMGYwIj48Zm9udCAKc2l6ZT0iMiIgY29sb3I9IiMwMDAwMDAiPuOBneOBruS7ljwvZm9udD48L3RoPjx0ZCB3aWR0aD0iMjkxIiBiZ2NvbG9yPSIjZmZmZmZmIj48Zm9udCBzaXplPSIyIiBjb2xvcj0iIzAwMDAwMCI+CuODj+OCpOOCueODmuODg+OCr+OBp+alveOBl+OCgOacrOagvOa0vuOCueODneODvOODhuOCo+ODouODh+ODqzwvZm9udD48L3RkPjwvdHI+PC90YWJsZT4KCgo8c3R5bGUgdHlwZT0idGV4dC9jc3MiPgo8IS0tCiNyYWt1dGVuTGltaXRlZElkX2Fyb3VuZENhcnQgaW5wdXRbdmFsdWU9IuWvhOmZhOOCkueUs+i+vOOCgCJdIHsKYmFja2dyb3VuZDoKdXJsKCJodHRwOi8vaW1hZ2UucmFrdXRlbi5jby5qcC9fc3VwcG9ydC1vcy9jYWJpbmV0LzA0NTc5OTA5L2ltZ3JjMDA2NjQ5NDI2OC5qcGciKSBsZWZ0IHRvcCBuby1yZXBlYXQ7CndpZHRoOiAyNDBweDsgaGVpZ2h0OiA1MHB4OyB0ZXh0LWluZGVudDogMTAwJTsgd2hpdGUtc3BhY2U6IG5vd3JhcDsgb3ZlcmZsb3c6IGhpZGRlbjsgYm9yZGVyOiBub25lOwpwYWRkaW5nOiAwOyBtYXJnaW4tdG9wOiA1cHggMDsgY3Vyc29yOiBwb2ludGVyOyB9Ci0tPgo8L3N0eWxlPgrjg7vjgbXjgovjgZXjgajntI3nqI7jgojjgY/jgYLjgovos6rllY/jga/jgZPjgaHjgokKPGJyPgrjg7vlr4TpmYTnlLPovrzjgb/jga7jgq3jg6Pjg7Pjgrvjg6vjgIHov5TnpLzlk4Hjga7lpInmm7Tjg7vov5Tlk4Hjga/jgafjgY3jgb7jgZvjgpPjgILjgYLjgonjgYvjgZjjgoHjgZTkuobmib/jgY/jgaDjgZXjgYTjgII=,44CQ44G144KL44GV44Go57SN56iO44CR77y577yh77yt77yh77yo77yh44CA77yw77yh77yz77yI77yi772S772B772D772F77y477ys77yJMjAxNuODouODh+ODq++8mumdmeWyoeecjOejkOeUsOW4gg==,44CQ44G144KL44GV44Go57SN56iO44CR77y577yh77yt77yh77yo77yh44CA77yw77yh77yz77yI77yi772S772B772D772F77y477ys77yJMjAxNuODouODh+ODqw==,44OP44Kk44K544Oa44OD44Kv44Gn5qW944GX44KA5pys5qC85rS+44K544Od44O844OE44Oi44OH44Or44Gn44GZ44CC44CC44CQ44G144KL44GV44Go57SN56iO44CR77y577yh77yt77yh77yo77yh44CA77yw77yh77yz77yI77yi772S772B772D772F77y477ys77yJMjAxNuODouODh+ODqw==[rn]
22-59966,aHR0cDovL3RzaG9wLnIxMHMuanAvc2FudGFzYW4vY2FiaW5ldC9vdXRkb29yL2JpY3ljbGUtMzU4YXNzaXN0LTAxLmpwZz9maXRpbj03MDA6NzAw,MzE4NDAuMDAwMA==,,44K544Od44O844OE44O744Ki44Km44OI44OJ44KiID4g6Ieq6Lui6LuK44O744K144Kk44Kv44Oq44Oz44KwID4g6Zu75YuV44Ki44K344K544OI6Ieq6Lui6LuK,44CQ6YCB5paZ54Sh5paZ44CR6Zu75YuV6Ieq6Lui6LuKIDIy44Kk44Oz44OBIOmbu+WLleOCouOCt+OCueODiOiHqui7oui7ijM1OO+8iOmbu+awl+iHqui7oui7iiBBaXJiaWtl77yJ44CQ5a6M5oiQ6LuK44Gn55m66YCB5Y+v6IO977yB44CR,44GK44GX44KD44KM44Gn5LmX44KK44KE44GZ44GEMjLjgqTjg7Pjg4Hpm7vli5Xoh6rou6Lou4og5q+N44Gu5pel44Ku44OV44OI44Gr,4pag4pah5ZWG5ZOB6Kqs5piO4pah4pagPGJyPuS6uuawl+OBrumbu+WLleOCouOCt+OCueODiOiHqui7oui7iu+8gemrmOWFieW6pueZveiJskxFROODqeOCpOODiDxicj7lj5bjgorlpJbjgZflvI/jg5Djg4Pjg4bjg6rjg7zjgaflrqTlhoXlhYXpm7vlj6/og70KPGJyPjxicj48Zm9udCBjb2xvcj1yZWQgc2l6ZT00PjxiPgoK4oC744CM5a6M5oiQ5ZOB55m66YCB44OB44Kx44OD44OI44CN44KSW+izvOWFpeOBl+OBvuOBme+8veOBqOmBuOOCk+OBp+mgguOBhOOBn+OBiuWuouanmOOBr+W/heOBmuOCs+ODgeODqeOBruODmuODvOOCuOOBp+ODgeOCseODg+ODiOOCkuOBlOizvOWFpeOBj+OBoOOBleOBhOOAgjwvZm9udD48L2I+PGJyPjxicj48c3R5bGUgdHlwZT0ndGV4dC9jc3MnPgovKuODnuOCpuOCueOCquODvOODkOODvOeUqCovCjwhLS0gCmE6aG92ZXIgaW1newpvcGFjaXR5OjAuODsKZmlsdGVyOmFscGhhKG9wYWNpdHk9ODApOwotbXMtZmlsdGVyOiAiYWxwaGEoIG9wYWNpdHk9ODAgKSI7Cn0KLS0+Ci8qIOODiOODg+ODl+ODmuODvOOCuOeUqCAqLwpoMixoMyxoNCx1bCxsaXsKCWxpc3Qtc3R5bGU6bm9uZTsKCW1hcmdpbjowOyBwYWRkaW5nOjA7Cn0KCi8qIOaWsOedgOaDheWgseODkOODiuODvCAqLwpwewoJcGFkZGluZy1ib3R0b206MS41ZW07CgltYXJnaW4tbGVmdDotNHB4Owp9CgovKiDjg4vjg6Xjg7zjgrnooajnpLogKi8KI25ld3N7CgloZWlnaHQ6MTUwcHg7Cglib3JkZXItYm90dG9tOjNweCBzb2xpZCAjY2NjOwoJcGFkZGluZy1sZWZ0OjAuNWVtOwoJcGFkZGluZy1yaWdodDozZW07Cglmb250LXNpemU6MTJweDsKCWxpbmUtaGVpZ2h0OjE1MCU7CglvdmVyZmxvdzphdXRvOwp9CiNuZXdzIGxpewoJY29sb3I6IzY2NjsKCW1hcmdpbi1ib3R0b206MS43ZW07Cn0KI25ld3MgaDR7Cgljb2xvcjojYjY2NTk1OwoJZm9udC1zaXplOjE0cHg7Cglmb250LXdlaWdodDpib2xkOwoJYm9yZGVyLWJvdHRvbTpkb3R0ZWQgMXB4ICNiNjY1OTU7CgltYXJnaW4tYm90dG9tOjVweDsKfQpzcGFuLmRhdGV7CgliYWNrZ3JvdW5kOnVybChodHRwOi8vaW1hZ2UucmFrdXRlbi5jby5qcC9zYW50YXNhbi9jYWJpbmV0L25ld19uYXZpL21lbnVfYXJyb3cuZ2lmKSBuby1yZXBlYXQgbGVmdCA1cHg7CglwYWRkaW5nLWxlZnQ6NnB4OwoJbWFyZ2luLXJpZ2h0OjFlbTsKCWxldHRlci1zcGFjaW5nOjAuMmVtOwp9CgovKiDjgYrjgZnjgZnjgoHkuIDopqcgKi8KI3JlY29tbWVuZCB0YWJsZXsKCXdpZHRoOjgwMHB4Owp9CiNyZWNvbW1lbmQgdGR7Cgl2ZXJ0aWNhbC1hbGlnbjp0b3A7CglwYWRkaW5nLWxlZnQ6NXB4Owp9CiNyZWNvbW1lbmR7CgltYXJnaW4tdG9wOjFlbTsKfQojcmVjb21tZW5kIGgze30KI3JlY29tbWVuZCBoMyBpbWd7Cglib3JkZXI6bm9uZTsKfQojcmVjb21tZW5kIHVsewoJdGV4dC1hbGlnbjpsZWZ0OwoJbWFyZ2luLXRvcDo1cHg7CgltYXJnaW4tYm90dG9tOjAuNWVtOwp9CiNyZWNvbW1lbmQgbGl7Cglmb250LXNpemU6MTJweDsKCWZvbnQtZmFtaWx5OnNhbnMtc2VyaWY7Cglmb250LXdlaWdodDpib2xkOwoJY29sb3I6IzAwMDsKCW1hcmdpbi1ib3R0b206MC4yZW07Cn0KI3JlY29tbWVuZCBsaSBhewoJZm9udC1zaXplOjEwcHg7Cglmb250LXdlaWdodDpub3JtYWw7Cgljb2xvcjojNjY2Owp9Cgo8L3N0eWxlPg==,44CQ6YCB5paZ54Sh5paZ44CR6Zu75YuV6Ieq6Lui6LuKIDIy44Kk44Oz44OBIOmbu+WLleOCouOCt+OCueODiOiHqui7oui7ijM1OO+8iOmbu+awl+iHqui7oui7iiBBaXJiaWtl77yJ44CQ5a6M5oiQ6LuK44Gn55m66YCB5Y+v6IO977yB44CR77yac2FudGFzYW4=,6Zu75YuV6Ieq6Lui6LuK6Zu75YuV44Ki44K344K544OI6Ieq6Lui6LuK44K144Oz44K/44Kv44Ot44O844K56Zuq44OA44Or44Oe44K144Oz44K/5Lq65b2i576O6aGU5Zmo44Op44Kk44OITEVE44Kk44Or44Of44ON44O844K344On44Oz6Zu76aO+5ZOB44Of44OL44Op44Kk44OI6KOF6aO+5ZOB5bGL5aSW6Kit572u6YCg6Iqx44K544OO44O844Oe44Oz44OR44O844OG44Kj44O844Kw44OD44K644Kv44Oq44K544Oe44K55r+A5a6J44Kq44O844Kv44K344On44Ozc2FudGHjgJDpgIHmlpnnhKHmlpnjgJHpm7vli5Xoh6rou6Lou4ogMjLjgqTjg7Pjg4Eg6Zu75YuV44Ki44K344K544OI6Ieq6Lui6LuKMzU477yI6Zu75rCX6Ieq6Lui6LuKIEFpcmJpa2XvvInjgJDlrozmiJDou4rjgafnmbrpgIHlj6/og73vvIHjgJE=,44GK44GX44KD44KM44Gn5LmX44KK44KE44GZ44GEMjLjgqTjg7Pjg4Hpm7vli5Xoh6rou6Lou4og5q+N44Gu5pel44Ku44OV44OI44Gr44CC44CQ6YCB5paZ54Sh5paZ44CR6Zu75YuV6Ieq6Lui6LuKIDIy44Kk44Oz44OBIOmbu+WLleOCouOCt+OCueODiOiHqui7oui7ijM1OO+8iOmbu+awl+iHqui7oui7iiBBaXJiaWtl77yJ44CQ5a6M5oiQ6LuK44Gn55m66YCB5Y+v6IO977yB44CR[rn]
22-59967,aHR0cDovL3RzaG9wLnIxMHMuanAvc2FudGFzYW4vY2FiaW5ldC9vdXRkb29yL25ld19hc3Npc3QvNDYwYXNzaXN0X3RodW1iMy5qcGc/Zml0aW49NzAwOjcwMA==,Mzk4NDAuMDAwMA==,,44K544Od44O844OE44O744Ki44Km44OI44OJ44KiID4g6Ieq6Lui6LuK44O744K144Kk44Kv44Oq44Oz44KwID4g6Zu75YuV44Ki44K344K544OI6Ieq6Lui6LuK,44CQ6YCB5paZ54Sh5paZ44CR6Zu75YuV6Ieq6Lui6LuKIDI244Kk44Oz44OBIOmbu+WLleOCouOCt+OCueODiOiHqui7oui7ijQ2MO+8iOODquODgeOCpuODoCDjg5Djg4Pjg4bjg6rjg7wg44K344Oe44OO6KO9NuauteWkiemAn+apn+aQrei8iSDpm7vmsJfoh6rou6Lou4ogQWlyYmlrZe+8ieOAkOWujOaIkOi7iuOBp+eZuumAgeWPr+iDve+8geOAkQ==,44GK44GX44KD44KM44Gn5LmX44KK44KE44GZ44GEMjbjgqTjg7Pjg4Hpm7vli5XjgqLjgrfjgrnjg4joh6rou6Lou4rvvIE=,PGJyPjxmb250IGNvbG9yPXJlZCBzaXplPTQ+PGI+CuOAgOKAu+OAjOWujOaIkOWTgeeZuumAgeODgeOCseODg+ODiOOAjeOCklvos7zlhaXjgZfjgb7jgZnvvL3jgajpgbjjgpPjgafpoILjgYTjgZ/jgYrlrqLmp5jjga/lv4XjgZrjgrPjg4Hjg6njga7jg5rjg7zjgrjjgafjg4HjgrHjg4Pjg4jjgpLjgZTos7zlhaXjgY/jgaDjgZXjgYTjgII8L2ZvbnQ+PC9iPjxzdHlsZSB0eXBlPSd0ZXh0L2Nzcyc+Ci8q44Oe44Km44K544Kq44O844OQ44O855SoKi8KPCEtLSAKYTpob3ZlciBpbWd7Cm9wYWNpdHk6MC44OwpmaWx0ZXI6YWxwaGEob3BhY2l0eT04MCk7Ci1tcy1maWx0ZXI6ICJhbHBoYSggb3BhY2l0eT04MCApIjsKfQotLT4KLyog44OI44OD44OX44Oa44O844K455SoICovCmgyLGgzLGg0LHVsLGxpewoJbGlzdC1zdHlsZTpub25lOwoJbWFyZ2luOjA7IHBhZGRpbmc6MDsKfQoKLyog5paw552A5oOF5aCx44OQ44OK44O8ICovCnB7CglwYWRkaW5nLWJvdHRvbToxLjVlbTsKCW1hcmdpbi1sZWZ0Oi00cHg7Cn0KCi8qIOODi+ODpeODvOOCueihqOekuiAqLwojbmV3c3sKCWhlaWdodDoxNTBweDsKCWJvcmRlci1ib3R0b206M3B4IHNvbGlkICNjY2M7CglwYWRkaW5nLWxlZnQ6MC41ZW07CglwYWRkaW5nLXJpZ2h0OjNlbTsKCWZvbnQtc2l6ZToxMnB4OwoJbGluZS1oZWlnaHQ6MTUwJTsKCW92ZXJmbG93OmF1dG87Cn0KI25ld3MgbGl7Cgljb2xvcjojNjY2OwoJbWFyZ2luLWJvdHRvbToxLjdlbTsKfQojbmV3cyBoNHsKCWNvbG9yOiNiNjY1OTU7Cglmb250LXNpemU6MTRweDsKCWZvbnQtd2VpZ2h0OmJvbGQ7Cglib3JkZXItYm90dG9tOmRvdHRlZCAxcHggI2I2NjU5NTsKCW1hcmdpbi1ib3R0b206NXB4Owp9CnNwYW4uZGF0ZXsKCWJhY2tncm91bmQ6dXJsKGh0dHA6Ly9pbWFnZS5yYWt1dGVuLmNvLmpwL3NhbnRhc2FuL2NhYmluZXQvbmV3X25hdmkvbWVudV9hcnJvdy5naWYpIG5vLXJlcGVhdCBsZWZ0IDVweDsKCXBhZGRpbmctbGVmdDo2cHg7CgltYXJnaW4tcmlnaHQ6MWVtOwoJbGV0dGVyLXNwYWNpbmc6MC4yZW07Cn0KCi8qIOOBiuOBmeOBmeOCgeS4gOimpyAqLwojcmVjb21tZW5kIHRhYmxlewoJd2lkdGg6ODAwcHg7Cn0KI3JlY29tbWVuZCB0ZHsKCXZlcnRpY2FsLWFsaWduOnRvcDsKCXBhZGRpbmctbGVmdDo1cHg7Cn0KI3JlY29tbWVuZHsKCW1hcmdpbi10b3A6MWVtOwp9CiNyZWNvbW1lbmQgaDN7fQojcmVjb21tZW5kIGgzIGltZ3sKCWJvcmRlcjpub25lOwp9CiNyZWNvbW1lbmQgdWx7Cgl0ZXh0LWFsaWduOmxlZnQ7CgltYXJnaW4tdG9wOjVweDsKCW1hcmdpbi1ib3R0b206MC41ZW07Cn0KI3JlY29tbWVuZCBsaXsKCWZvbnQtc2l6ZToxMnB4OwoJZm9udC1mYW1pbHk6c2Fucy1zZXJpZjsKCWZvbnQtd2VpZ2h0OmJvbGQ7Cgljb2xvcjojMDAwOwoJbWFyZ2luLWJvdHRvbTowLjJlbTsKfQojcmVjb21tZW5kIGxpIGF7Cglmb250LXNpemU6MTBweDsKCWZvbnQtd2VpZ2h0Om5vcm1hbDsKCWNvbG9yOiM2NjY7Cn0KCjwvc3R5bGU+,44CQ6YCB5paZ54Sh5paZ44CR6Zu75YuV6Ieq6Lui6LuKIDI244Kk44Oz44OBIOmbu+WLleOCouOCt+OCueODiOiHqui7oui7ijQ2MO+8iOODquODgeOCpuODoCDjg5Djg4Pjg4bjg6rjg7wg44K344Oe44OO6KO9NuauteWkiemAn+apn+aQrei8iSDpm7vmsJfoh6rou6Lou4ogQWlyYmlrZe+8ieOAkOWujOaIkOi7iuOBp+eZuumAgeWPr+iDve+8geOAke+8mnNhbnRhc2Fu,6Zu75YuV6Ieq6Lui6LuK6Zu75YuV44Ki44K344K544OI6Ieq6Lui6LuK44K144Oz44K/44Kv44Ot44O844K56Zuq44OA44Or44Oe44K144Oz44K/5Lq65b2i576O6aGU5Zmo44Op44Kk44OITEVE44Kk44Or44Of44ON44O844K344On44Oz6Zu76aO+5ZOB44Of44OL44Op44Kk44OI6KOF6aO+5ZOB5bGL5aSW6Kit572u6YCg6Iqx44K544OO44O844Oe44Oz44OR44O844OG44Kj44O844Kw44OD44K644Kv44Oq44K544Oe44K55r+A5a6J44Kq44O844Kv44K344On44Ozc2FudGHjgJDpgIHmlpnnhKHmlpnjgJHpm7vli5Xoh6rou6Lou4ogMjbjgqTjg7Pjg4Eg6Zu75YuV44Ki44K344K544OI6Ieq6Lui6LuKNDYw77yI44Oq44OB44Km44OgIOODkOODg+ODhuODquODvCDjgrfjg57jg47oo7025q615aSJ6YCf5qmf5pCt6LyJIOmbu+awl+iHqui7oui7iiBBaXJiaWtl77yJ44CQ5a6M5oiQ6LuK44Gn55m66YCB5Y+v6IO977yB44CR,44GK44GX44KD44KM44Gn5LmX44KK44KE44GZ44GEMjbjgqTjg7Pjg4Hpm7vli5XjgqLjgrfjgrnjg4joh6rou6Lou4rvvIHjgILjgJDpgIHmlpnnhKHmlpnjgJHpm7vli5Xoh6rou6Lou4ogMjbjgqTjg7Pjg4Eg6Zu75YuV44Ki44K344K544OI6Ieq6Lui6LuKNDYw77yI44Oq44OB44Km44OgIOODkOODg+ODhuODquODvCDjgrfjg57jg47oo7025q615aSJ6YCf5qmf5pCt6LyJIOmbu+awl+iHqui7oui7iiBBaXJiaWtl77yJ44CQ5a6M5oiQ6LuK44Gn55m66YCB5Y+v6IO977yB44CR[rn]
22-59968,aHR0cDovL3RzaG9wLnIxMHMuanAvZ2luZ2FreXUvY2FiaW5ldC9tb2JpbGU3L20wOTQzODAuanBnP2ZpdGluPTcwMDo3MDA=,MjU5MjAuMDAwMA==,,44K544Od44O844OE44O744Ki44Km44OI44OJ44KiID4g6Ieq6Lui6LuK44O744K144Kk44Kv44Oq44Oz44KwID4g6Zu75YuV44Ki44K344K544OI6Ieq6Lui6LuK,44CQ6YqA5rKz5a625YW344CR44Of44Og44K0IE1HLUJBVFRFUlk1Ljgg44Ki44K344KJ44GP44OB44Oj44O844Oq44O8IOmbu+WLleOCouOCt+OCueODiOS4iei8qui7iueUqOODquODgeOCpuODoOOCpOOCquODs+ODkOODg+ODhuODquODvCBEMi0wMiDjgJDjgqLjgrfjgrnjg4joh6rou6Lou4rjgIHkuInovKroh6rou6Lou4rjgIHjgrnjgqTjg7PjgrDoh6rou6Lou4rjgJEg44CQ44Oh44O844Kr44O855u06YCB44CR44CQ5ZCM5qKxL+S7ow==,44Of44Og44K0IE1HLUJBVFRFUlk1LjjjgIDjgqLjgrfjgonjgY/jg4Hjg6Pjg7zjg6rjg7zjgIDpm7vli5XjgqLjgrfjgrnjg4g=,PHAgYWxpZ249ImNlbnRlciI+CjxpbWcgc3JjPSJodHRwOi8vaW1hZ2UucmFrdXRlbi5jby5qcC9zaG9wcGluZy1ncm9vdmUvY2FiaW5ldC9iYS9zZl9zZy5qcGciIGJvcmRlcj0iMCIgdXNlbWFwPSIjc2ZzZyIgLz4KPG1hcCBuYW1lPSJzZnNnIj4KCgoKCjwvbWFwPgo8L3A+PGJyPjxzdHlsZSB0eXBlPSJ0ZXh0L2NzcyI+Ci5zcGVjMSB7Q09MT1I6ICNmZmZmZmY7IEZPTlQtRkFNSUxZOiAiTWVpcnlvIiwgIm1zIHBnb3RoaWMiOyBmb250LXNpemU6IDEycHQ7IApmb250LXdlaWdodDpib2xkO30KLnNwZWMyIHtDT0xPUjogIzRkNGE0YTsgRk9OVC1GQU1JTFk6ICJNZWlyeW8iLCAibXMgcGdvdGhpYyI7IEZPTlQtU0laRTogOXB0O30KPC9zdHlsZT4KPHRhYmxlIHdpZHRoPSI3NzAiIGJnY29sb3I9ImZmOGIyMiIgYm9yZGVyPSIxIiBib3JkZXJjb2xvcj0iZTJlMmUyIiBjbGFzcz0ic3BlYzEiPjx0cj48dGQgYWxpZ249ImNlbnRlciI+PGZvbnQgY29sb3I9IiNGRkZGRkYiIHNpemU9IjMiIGZhY2U9Im1laXJ5bywgbXMgcEdvdGhpYywgdmVyZGFuYSI+5ZWG5ZOB6Kmz57Sw5oOF5aCxPC90ZD48L3RyPjwvdGFibGU+PHRhYmxlIHdpZHRoPSI3NzAiIGJvcmRlcj0iMSIgYm9yZGVyY29sb3I9ImUyZTJlMiIgY2xhc3M9InNwZWMyIj48dHI+PHRkIHZhbGlnbj0iY2VudGVyIiB3aWR0aD0iMTAxIj48Y2VudGVyPuOAkOOCteOCpOOCuuOAkSA8L3RkPjx0ZD48YnI+44Of44Og44K0IOOCouOCt+OCueODiOiHqui7oui7iueUqCjljZjkvY3vvJpjbSk8YnI+PGZvbnQgY29sb3I9IiM5OTAwMzMiPuKAu+Wun+a4rOOCteOCpOOCuuOBquOBruOBp+OAgeioiOOCi+WgtOaJgOOChOaWueazleOBq+OCiOOBo+OBpuOAgeiLpeW5suOBruiqpOW3ruOBjOeUn+OBmOOCi+OBk+OBqOOBjOOBguOCiuOBvuOBmeOAgjwvZm9udD48YnI+PGJyPjwvdGQ+PC90cj48dHI+PHRkIHZhbGlnbj0iY2VudGVyIj48Y2VudGVyPuOAkOe0oOOAgOadkOOAkTwvdGQ+PHRkPjxicj48YnI+PGJyPjwvdGQ+PC90cj48dHI+PHRkIHZhbGlnbj0iY2VudGVyIj48Y2VudGVyPuOAkOOCq+ODqeODvOOAkTwvdGQ+PHRkPjxicj7jg5bjg6njg4Pjgq88YnI+PGJyPjwvdGQ+PC90cj48dHI+PHRkIHZhbGlnbj0iY2VudGVyIj48Y2VudGVyPuOAkOeJueOAgOmVt+OAkTwvdGQ+PHRkPjxicj7ilqDjg5/jg6DjgrQg44Ki44K344K544OI6Ieq6Lui6LuK55So44CA44Oq44OB44Km44Og44Kk44Kq44Oz44OQ44OD44OG44Oq44O8IO+8ou+8q++8iOODluODqeODg+OCr++8iSBNRy1CQVRURVJZNS44PGJyPuKWoOWFhembu+aZgumWk+OBr+e0hDTmmYLplpPjgII8YnI+PGJyPjwvdGQ+PC90cj48dHI+PHRkIHZhbGlnbj0iY2VudGVyIj48Y2VudGVyPuOAkOmAgeaWmeODu+eZuumAgeOAkTwvdGQ+PHRkIHdpZHRoPSI3NzAiPjxmb250IGNvbG9yPSIjOTkwMDM0Ij48YnI+4oC744GU6LO85YWl44Gu5YmN44Gr44CB44GU56K66KqN44GP44Gg44GV44GE44CCPGJyPuODu+adseWMl+ODu+WMl+a1t+mBk+ODu+aylue4hOecjOi/veWKoOmAgeaWmeOAjOWcsOWfn+WIpei/veWKoOmAgeaWmemBuOaKnuiCouOCkuW/heOBmuOBlOeiuuiqjeOBj+OBoOOBleOBhOOAguOAjTxicj7jg7vpm6Lls7blnLDln5/jga/jgYrllY/jgYTlkIjjgo/jgZvjgY/jgaDjgZXjgYTjgII8YnI+PC9mb250Pjxicj48dHI+PHRkIHZhbGlnbj0iY2VudGVyIj48Y2VudGVyPuOAkOahiOOAgOWGheOAkTwvdGQ+PHRkPjxicj7igLvllYblk4Hjga7mqZ/og73jgIHjg4fjgrbjgqTjg7Pjgarjganjga/jgZ3jgozjgonjgavlpKfjgY3jgarlvbHpn7/jgYzjgarjgYTnr4Tlm7LjgafkuIDpg6jjgYzkuojlkYrjgarjgZfjgavlpInmm7TjgavjgarjgovloLTlkIjjgoLjgZTjgZbjgYTjgb7jgZnjga7jgafkuojjgoHjgZTkuobmib/jgY/jgaDjgZXjgYTjgb7jgZvjgII8YnI+PGJyPuKAu+OAjOaiseWMheeuseOBruOCq+ODqeODvOihqOiomOOBq+OBpOOBhOOBpuOBruOBlOahiOWGheOAjeWVhuWTgeWHuuiNt+aZguOBruaiseWMheeuseOBruOCq+ODqeODvOihqOiomOOBr+ODoeODvOOCq+ODvOW3peWgtOOBp+OBruOCq+ODqeODvOWMuuWIhuihqOekuuOBp+OBmeOBruOBp+OAgeWun+mam+OBruWVhuWTgeOCq+ODqeODvOOBqOWwkeOBl+eVsOOBquOCi+WgtOWQiOOBjOOBlOOBluOBhOOBvuOBmeOAgjxicj7kuojjgoHjgZTkuobmib/jgY/jgaDjgZXjgYTjgII8YnI+PGJyPjwvdGQ+PC90cj48L3RhYmxlPjxzdHlsZSB0eXBlPSJ0ZXh0L2NzcyI+CgovKiDjgYrmsJfjgavlhaXjgornmbvpjLIgKi8KZGl2LmJvb2ttYXJrQXJlYSB7Cgl3aWR0aDo1MDBweDsKfQoKI3Jha3V0ZW5MaW1pdGVkSWRfYXJvdW5kQ2FydCAjc2VydmljZVRhYmxlU21sIHsKCW1hcmdpbi10b3A6LTNweDsKfQoKYm9keSBkaXYuYmttewoJd2lkdGg6IDMzN3B4ICFpbXBvcnRhbnQ7CgloZWlnaHQ6IDEyN3B4ICFpbXBvcnRhbnQ7Cn0KCmJvZHkgZGl2LmJvb2ttYXJrQXJlYSBkaXYuYmttIGEuYWRkQmttIHNwYW4uYmttU3RhciB7CglkaXNwbGF5OmlubGluZS1ibG9jayAhaW1wb3J0YW50OwoJd2lkdGg6IDMzN3B4ICFpbXBvcnRhbnQ7CgloZWlnaHQ6IDEyN3B4ICFpbXBvcnRhbnQ7CgliYWNrZ3JvdW5kOiB1cmwoaHR0cDovL2ltYWdlLnJha3V0ZW4uY28uanAvZ2luZ2FreXUvY2FiaW5ldC9iYS9va2luaWlyaS5qcGcpIG5vLXJlcGVhdCAhaW1wb3J0YW50Owp9CgoKLyog44GK5rCX44Gr5YWl44KK5bqX6IiX55m76YyyICovCmJvZHkgI3Jha3V0ZW5MaW1pdGVkSWRfYXJvdW5kQ2FydCBkaXYuc2hvcEJrbSB7CglwYWRkaW5nOjEwcHggMCA3cHggMHB4ICFpbXBvcnRhbnQ7Cgl3aWR0aDogMzM3cHggIWltcG9ydGFudDsKCWhlaWdodDogNDBweCAhaW1wb3J0YW50Owp9Cgpib2R5IGRpdi5zaG9wQm9va21hcmtBcmVhIGRpdi5zaG9wQmttIGEuYWRkU2hvcEJrbSBzcGFuLnNob3BCa21TdGFyIHsKCWRpc3BsYXk6aW5saW5lLWJsb2NrICFpbXBvcnRhbnQ7Cgl3aWR0aDogMzM3cHggIWltcG9ydGFudDsKCWhlaWdodDogNDBweCAhaW1wb3J0YW50OwoJYmFja2dyb3VuZDogdXJsKGh0dHA6Ly9pbWFnZS5yYWt1dGVuLmNvLmpwL2dpbmdha3l1L2NhYmluZXQvYmEvb2tpbmlpcmlzaG9wLmpwZykgbm8tcmVwZWF0ICFpbXBvcnRhbnQ7Cn0KCgoKCgoKCgo8L3N0eWxlPg==,44CQ6YqA5rKz5a625YW344CR44Of44Og44K0IE1HLUJBVFRFUlk1Ljgg44Ki44K344KJ44GP44OB44Oj44O844Oq44O8IOmbu+WLleOCouOCt+OCueODiOS4iei8qui7iueUqOODquODgeOCpuODoOOCpOOCquODs+ODkOODg+ODhuODquODvCBEMi0wMiDjgJDjgqLjgrfjgrnjg4joh6rou6Lou4rjgIHkuInovKroh6rou6Lou4rjgIHjgrnjgqTjg7PjgrDoh6rou6Lou4rjgJEg44CQ44Oh44O844Kr44O855u06YCB44CR44CQ5ZCM5qKxL+S7o++8mumKgOays+WutuWFtzk5OQ==,44K944OV44Kh44O844OZ44OD44OJ44K944OV44Kh44OZ44OD44OJ44K944OV44Kh44O844K944OV44KhMuS6uuaOm+OBkeOCveODleOCoeODquOCr+ODqeOCpOODi+ODs+OCsOOCveODleOCoeODvOW6p+akheWtkOW6p+OBhOOBmeS9juWPjeeZuiDluqfmpIXlrZDjg6rjgq/jg6njgqTjg4vjg7PjgrDluqfmpIXlrZDjg4DjgqTjg4vjg7PjgrAz54K544K744OD44OI44OA44Kk44OL44Oz44KwNeeCueOCu+ODg+ODiOODgOOCpOODi+ODs+OCsOODhuODvOODluODq+ODqeOCsOODmeODg+ODieODkeOCveOCs+ODs+ODgeOCp+OCouODh+OCueOCr+ODgeOCp+OCouOCquODleOCo+OCueODgeOCp+OCouWFqOi6q+mPoeODj+ODs+OCrOODvOOAkOmKgOays+WutuWFt+OAkeODn+ODoOOCtCBNRy1CQVRURVJZNS44IOOCouOCt+OCieOBj+ODgeODo+ODvOODquODvCDpm7vli5XjgqLjgrfjgrnjg4jkuInovKrou4rnlKjjg6rjg4Hjgqbjg6DjgqTjgqrjg7Pjg5Djg4Pjg4bjg6rjg7wgRDItMDIg44CQ44Ki44K344K544OI6Ieq6Lui6LuK44CB5LiJ6Lyq6Ieq6Lui6LuK44CB44K544Kk44Oz44Kw6Ieq6Lui6LuK44CRIOOAkOODoeODvOOCq+ODvOebtOmAgeOAkeOAkOWQjOaisS/ku6M=,44Of44Og44K0IE1HLUJBVFRFUlk1LjjjgIDjgqLjgrfjgonjgY/jg4Hjg6Pjg7zjg6rjg7zjgIDpm7vli5XjgqLjgrfjgrnjg4jjgILjgJDpioDmsrPlrrblhbfjgJHjg5/jg6DjgrQgTUctQkFUVEVSWTUuOCDjgqLjgrfjgonjgY/jg4Hjg6Pjg7zjg6rjg7wg6Zu75YuV44Ki44K344K544OI5LiJ6Lyq6LuK55So44Oq44OB44Km44Og44Kk44Kq44Oz44OQ44OD44OG44Oq44O8IEQyLTAyIOOAkOOCouOCt+OCueODiOiHqui7oui7iuOAgeS4iei8quiHqui7oui7iuOAgeOCueOCpOODs+OCsOiHqui7oui7iuOAkSDjgJDjg6Hjg7zjgqvjg7znm7TpgIHjgJHjgJDlkIzmorEv5Luj[rn]
22-59969,aHR0cDovL3RzaG9wLnIxMHMuanAvbG9jYWwtc3R5bGUvY2FiaW5ldC9jcm9zczcvY2NzbS0wMDEtMDAxLmpwZz9maXRpbj03MDA6NzAw,MzY4ODguODAwMA==,,44K544Od44O844OE44O744Ki44Km44OI44OJ44KiID4g6Ieq6Lui6LuK44O744K144Kk44Kv44Oq44Oz44KwID4g6Zu75YuV44Ki44K344K544OI6Ieq6Lui6LuK,44OB44OD44Kv44K544Oe44O844OIIEMxIOmbu+WLleS6jOi8qui7iiDnq4vjgaHkuZfjgorkuozovKrou4og44K744Or44OV44OQ44Op44Oz44K544K544Kv44O844K/44O8IElPIEhhd2sgSEFXSyDjgrjjg6PjgqTjg63jg5zjg7zjg4kg5q2j6KaP5ZOBIDLlubTkv53oqLw=,5LiW55WM5Lit44Gn6Kmx6aGM44Gu5paw5oSf6Kaa44Gu5LmX44KK54mp44CMQ0hJQyBTTUFSVOOAjQ==,PHN0eWxlPiAvKuiyt+OBhOeJqeOCq+OCtOODnOOCv+ODsyovICNyYWt1dGVuTGltaXRlZElkX2Fyb3VuZENhcnQgaW5wdXQgeyAgIHdpZHRoOiAyNTBweDsgICBoZWlnaHQ6IDUwcHg7ICAgYmFja2dyb3VuZDp1cmwoaHR0cDovL3d3dy5yYWt1dGVuLm5lLmpwL2dvbGQvbG9jYWwtc3R5bGUvL2ltYWdlcy9ib3R0b24xLmpwZykgI2ZjZmNmYyBuby1yZXBlYXQ7IOOAgOOAgOOAgOOAgOOAgCAgIG92ZXJmbG93OiBoaWRkZW47ICAgYm9yZGVyLXdpZHRoOiAwcHg7ICAgY3Vyc29yOiBwb2ludGVyICFpbXBvcnRhbnQ7ICAgdGV4dC1pbmRlbnQ6IDE1MCU7ICAgd2hpdGUtc3BhY2U6IG5vd3JhcDsgICBib3JkZXItcmFkaXVzOiAxMHB4OyAgIG1hcmdpbjogNXB4IDAgMCAwOyB9ICAgLyrlgIvmlbDlhaXlipsqLyAjcmFrdXRlbkxpbWl0ZWRJZF9hcm91bmRDYXJ0IGlucHV0I3VuaXRzIHsgICBib3JkZXI6c29saWQgI2NjYyAxcHg7ICAgYmFja2dyb3VuZDojZmZmIWltcG9ydGFudDsgICB3aWR0aDozMHB4OyAgIGhlaWdodDozMHB4OyAgIGN1cnNvcjphdXRvOyAgIHBhZGRpbmc6N3B4IDdweCA3cHggM3B4OyAgIHRleHQtaW5kZW50OiAwcHg7ICAgb3ZlcmZsb3c6IGhpZGRlbjsgfSAgIC8q44GK5ZWP44GE5ZCI44KP44Gb44Oc44K/44OzKi8gI3Jha3V0ZW5MaW1pdGVkSWRfYXJvdW5kQ2FydCBmb250IGlucHV0IHsgICB3aWR0aDogMjUwcHg7ICAgaGVpZ2h0OiA1MHB4OyAgIGJhY2tncm91bmQ6dXJsKGh0dHA6Ly93d3cucmFrdXRlbi5uZS5qcC9nb2xkL2xvY2FsLXN0eWxlLy9pbWFnZXMvYm90dG9uMi5qcGcpICNmY2ZjZmMgbm8tcmVwZWF0OyAgICBvdmVyZmxvdzogaGlkZGVuOyAgIGJvcmRlci13aWR0aDogMHB4OyAgIGN1cnNvcjogcG9pbnRlcjsgICBib3JkZXItcmFkaXVzOiAxMHB4OyAgIG1hcmdpbi1sZWZ0OiA3NXB4OyAgIGRpc3BsYXk6IGJsb2NrOyAgfSAgICAjcmFrdXRlbkxpbWl0ZWRJZF9hcm91bmRDYXJ0IGlucHV0W3R5cGU9InJhZGlvIl0geyAgICAgaGVpZ2h0OiAzMXB4OyAgICAgd2lkdGg6IDMxcHg7ICAgICBtYXJnaW46IDEwcHggMTBweCAxMHB4IDEwcHg7IH0gICNyYWt1dGVuTGltaXRlZElkX2Fyb3VuZENhcnQgaW5wdXRbdHlwZT0icmFkaW8iXSB7ICAgICBoZWlnaHQ6IDMxcHg7ICAgICB3aWR0aDogMzFweDsgICAgIG1hcmdpbjogMTBweCAxMHB4IDEwcHggMTBweDsgfSAgI3Jha3V0ZW5MaW1pdGVkSWRfYXJvdW5kQ2FydCBpbnB1dDpob3ZlciB7ICAgICBvcGFjaXR5OiAwLjg7IH0gICNyYWt1dGVuTGltaXRlZElkX2Fyb3VuZENhciBmb250IGl0OmhvdmVyIHsgICAgIG9wYWNpdHk6IDAuODsgfSAgICNyYWt1dGVuTGltaXRlZElkX2Fyb3VuZENhciBmb250IGl0OmhvdmVyIHsgICAgIG9wYWNpdHk6IDAuODsgfSAgICNyYWt1dGVuTGltaXRlZElkX2Fyb3VuZENhcnQgI3NlcnZpY2VUYWJsZVNtbCB0ZC5mYXZvcml0ZSB7IHdpZHRoOiAzMDBweCAhaW1wb3J0YW50OyB9IDwvc3R5bGU+PGRpdj4KPGltZyBzcmM9Imh0dHA6Ly9pbWFnZS5yYWt1dGVuLmNvLmpwL2xvY2FsLXN0eWxlL2NhYmluZXQvY3Jvc3M3L3BhcnQtaF9jb21lbnQwMDEuanBnIj4KPGJyPjxicj4KPGltZyBzcmM9Imh0dHA6Ly9pbWFnZS5yYWt1dGVuLmNvLmpwL2xvY2FsLXN0eWxlL2NhYmluZXQvY3Jvc3M3L3BhcnQtaF9jb21lbnQwMDIuanBnIj4KPGJyPgo8aW1nIHNyYz0iaHR0cDovL2ltYWdlLnJha3V0ZW4uY28uanAvbG9jYWwtc3R5bGUvY2FiaW5ldC9jcm9zczcvcGFydC1oX2NvbWVudDAwMy5qcGciPgo8YnI+CjxpbWcgc3JjPSJodHRwOi8vaW1hZ2UucmFrdXRlbi5jby5qcC9sb2NhbC1zdHlsZS9jYWJpbmV0L2Nyb3NzNy9wYXJ0LWhfY29tZW50MDA0LmpwZyI+Cjxicj4KPGltZyBzcmM9Imh0dHA6Ly9pbWFnZS5yYWt1dGVuLmNvLmpwL2xvY2FsLXN0eWxlL2NhYmluZXQvY3Jvc3M3L3BhcnQtaF9jb21lbnQwMDUuanBnIj4KPGJyPjxicj4KPGltZyBzcmM9Imh0dHA6Ly9pbWFnZS5yYWt1dGVuLmNvLmpwL2xvY2FsLXN0eWxlL2NhYmluZXQvY3Jvc3M3L3BhcnQtaF9jb21lbnQwMDYuanBnIj4KPGJyPgoKPC9kaXY+PCEtLSDjgZPjgZPjgYvjgokgRy3jgqLjg6njgqTjg5Djg6sgLS0+CjxkaXYgc3R5bGU9IndpZHRoOjc3NXB4OyBvdmVyZmxvdzpoaWRkZW47IGJhY2tncm91bmQtY29sb3I6IzdlNzA2MCIgYWxpZ249ImxlZnQiPgogIDxkaXYgc3R5bGU9InBhZGRpbmc6MHB4IDBweCAwcHggMTBweDsgYm9yZGVyOjFweCBzb2xpZCAjN2U3MDYwIj4KICAgIDxiIHN0eWxlPSJjb2xvcjojZmZmOyBmb250LXNpemU6MTRweDsgbGluZS1oZWlnaHQ6MjVweCI+bmV3IGFycml2YWw8L2I+CiAgPC9kaXY+CjwvZGl2Pgo8ZGl2IHN0eWxlPSJ3aWR0aDo3NzVweDsgaGVpZ2h0OjI0OHB4OyBvdmVyZmxvdzpoaWRkZW47IG1hcmdpbi1ib3R0b206MTBweCIgYWxpZ249ImNlbnRlciI+CiAgPGRpdiBzdHlsZT0ibWFyZ2luOjA7IHBhZGRpbmc6MDsgYm9yZGVyOjFweCBzb2xpZCAjZGRkOyBib3JkZXItdG9wOm5vbmUiPgogICAKICA8L2Rpdj4KPC9kaXY+CjwhLS0g44GT44GT44G+44GnIEct44Ki44Op44Kk44OQ44OrIC0tPgoKCjwhLS0g44GT44GT44GL44KJIOODleODquODvOOCu+ODrOOCr+ODiCAtLT4KPGRpdiBzdHlsZT0id2lkdGg6Nzc1cHg7IG1hcmdpbjowOyI+CjxpbWcgc3JjPSJodHRwOi8vd3d3LnJha3V0ZW4ubmUuanAvZ29sZC9sb2NhbC1zdHlsZS9hc3AvMV9nZnJlZS9zaWduYm9hcmRfaW1nLnBuZyIgd2lkdGg9Ijc3NXB4Ij4KPC9kaXY+CjxkaXYgc3R5bGU9IndpZHRoOjc3NXB4OyBoZWlnaHQ6MjIwcHg7IG92ZXJmbG93OmhpZGRlbjsgbWFyZ2luLWJvdHRvbToyMHB4OyI+Cgo8L2Rpdj4KPCEtLSDjgZPjgZPjgb7jgacg44OV44Oq44O844K744Os44Kv44OIIC0tPg==,44OB44OD44Kv44K544Oe44O844OIIEMxIOmbu+WLleS6jOi8qui7iiDnq4vjgaHkuZfjgorkuozovKrou4og44K744Or44OV44OQ44Op44Oz44K544K544Kv44O844K/44O8IElPIEhhd2sgSEFXSyDjgrjjg6PjgqTjg63jg5zjg7zjg4kg5q2j6KaP5ZOBIDLlubTkv53oqLzvvJpMb2NhbCBTdHlsZQ==,TUFJU09OIEtJVFNVTkUg44OI44O844OI44OQ44OD44Kw44Oh44K+44Oz44Kt44OE44ONIOmAmuiyqU1BSVNPTiBLSVRTVU5FIOmAmuiyqU1BSVNPTiBLSVRTVU5FIOOCt+ODp+ODg+ODlOODs+OCsOODkOODg+OCsOODoeOCvuODs+OCreODhOODjSDjg4jjg7zjg4jjg5Djg4PjgrAzRCDjgq/jg6njg5Xjg4jjg5Pjg6Xjg7zjgqLjg7xWUiDjgq/jg6njg5Xjg4jjg5Pjg6Xjg7zjgqLjg7xHb29nbGUgQ2FyZGJvYXJk44Kw44O844Kw44Or44O744Kr44O844OJ44Oc44O844OJ44Kq44Kt44Ol44Op44K5IOODquODleODiOe1kOOBsOOBquOBhOmdtOOBsuOCguOCt+ODquOCouODsyDntZDjgbDjgarjgYTpnbTjgbLjgoLjgrfjg6Xjg7zjg6zjgrkg6Z2057SQR1BTIOOCreODvOODm+ODq+ODgOODvOOCueODnuODm+OBp+i/vei3oei/t+WtkEdQU0xhdXJlbiBNb3NoaeODreODvOODrOODs+ODouOCt+OCreODhOODjSDjgrnjgqbjgqfjg4Pjg4gg44OI44Os44O844OK44O844OT44Oz44OG44O844K4IOOCpOODs+ODhuODquOCouODgeODg+OCr+OCueODnuODvOODiCBDMSDpm7vli5XkuozovKrou4og56uL44Gh5LmX44KK5LqM6Lyq6LuKIOOCu+ODq+ODleODkOODqeODs+OCueOCueOCr+ODvOOCv+ODvCBJTyBIYXdrIEhBV0sg44K444Oj44Kk44Ot44Oc44O844OJIOato+imj+WTgSAy5bm05L+d6Ki8,5LiW55WM5Lit44Gn6Kmx6aGM44Gu5paw5oSf6Kaa44Gu5LmX44KK54mp44CMQ0hJQyBTTUFSVOOAjeOAguODgeODg+OCr+OCueODnuODvOODiCBDMSDpm7vli5XkuozovKrou4og56uL44Gh5LmX44KK5LqM6Lyq6LuKIOOCu+ODq+ODleODkOODqeODs+OCueOCueOCr+ODvOOCv+ODvCBJTyBIYXdrIEhBV0sg44K444Oj44Kk44Ot44Oc44O844OJIOato+imj+WTgSAy5bm05L+d6Ki8[rn]
22-59970,,ODg4MDAuMDAwMA==,,44K544Od44O844OE44O744Ki44Km44OI44OJ44KiID4g6Ieq6Lui6LuK44O744K144Kk44Kv44Oq44Oz44KwID4g6Zu75YuV44Ki44K344K544OI6Ieq6Lui6LuK,44OW44Oq44OC44K544OI44OzIOODnOODvOODhmUgQkE2TDg0IDPmrrXlpInpgJ8gMjbjgqTjg7Pjg4EgMjAxNOW5tCAvIOmbu+WLleiHqui7oui7iiAz5Lq65LmX44KK5a++5b+cIEJBQeOAkOmAgeaWmeeEoeaWmeOAkQ==,44CQ57WE56uL55m66YCB44CR,,44OW44Oq44OC44K544OI44OzIOODnOODvOODhmUgQkE2TDg0IDPmrrXlpInpgJ8gMjbjgqTjg7Pjg4EgMjAxNOW5tCAvIOmbu+WLleiHqui7oui7iiAz5Lq65LmX44KK5a++5b+cIEJBQeOAkOmAgeaWmeeEoeaWmeOAke+8muODgOOCpOODr+OCteOCpOOCr+ODqyDjgqrjg7Pjg6njgqTjg7Pjgrnjg4jjgqI=,6Ieq6Lui6LuK6YCa6LKp44K144Kk44Kv44Or44OR44O844OE5LiA6Lyq6LuK44K544Od44O844OE44OQ44Kk44Kv44OY44Or44Oh44OD44OI44Ot44O844OJ44OQ44Kk44Kv44Kv44Ot44K544OQ44Kk44Kv44Oe44Km44Oz44OG44Oz44OQ44Kk44Kv5a2Q5L6b55So6Ieq6Lui6LuK6Zu75YuV6Ieq6Lui6LuK5oqY44KK44Gf44Gf44G/6Ieq6Lui6LuK44K744O844Or5r+A5a6J44Gg44GE44KP6Ieq6Lui6LuK44OA44Kk44Ov44K144Kk44Kv44Or5qCq5byP5Lya56S+5aSn5ZKM44OW44Oq44OC44K544OI44Oz5bCP6Jeq5Y2D6LGK44Ki44Km44OI44Os44OD44OI44OW44Oq44OC44K544OI44OzIOODnOODvOODhmUgQkE2TDg0IDPmrrXlpInpgJ8gMjbjgqTjg7Pjg4EgMjAxNOW5tCAvIOmbu+WLleiHqui7oui7iiAz5Lq65LmX44KK5a++5b+cIEJBQeOAkOmAgeaWmeeEoeaWmeOAkQ==,44CQ57WE56uL55m66YCB44CR44CC44OW44Oq44OC44K544OI44OzIOODnOODvOODhmUgQkE2TDg0IDPmrrXlpInpgJ8gMjbjgqTjg7Pjg4EgMjAxNOW5tCAvIOmbu+WLleiHqui7oui7iiAz5Lq65LmX44KK5a++5b+cIEJBQeOAkOmAgeaWmeeEoeaWmeOAkQ==[rn]
22-59971,,MTEwNDAwLjAwMDA=,,44K544Od44O844OE44O744Ki44Km44OI44OJ44KiID4g6Ieq6Lui6LuK44O744K144Kk44Kv44Oq44Oz44KwID4g6Zu75YuV44Ki44K344K544OI6Ieq6Lui6LuK,44OW44Oq44OC44K544OI44OzIEhZREVFLklJIOODj+OCpOODh+OCo+ODvOODhOODvCBIWTY4NUMg44Oq44Ki44OB44Oj44Kk44Or44OJ44K344O844OI5LuY5bGeIDIwMTXlubQgLyAg6Zu75YuV6Ieq6Lui6LuKIDPkurrkuZfjgorlr77lv5wgQkFBIOOAkOmAgeaWmeeEoeaWmeOAkQ==,44CQ57WE56uL55m66YCB44CR,,44OW44Oq44OC44K544OI44OzIEhZREVFLklJIOODj+OCpOODh+OCo+ODvOODhOODvCBIWTY4NUMg44Oq44Ki44OB44Oj44Kk44Or44OJ44K344O844OI5LuY5bGeIDIwMTXlubQgLyAg6Zu75YuV6Ieq6Lui6LuKIDPkurrkuZfjgorlr77lv5wgQkFBIOOAkOmAgeaWmeeEoeaWmeOAke+8muODgOOCpOODr+OCteOCpOOCr+ODqyDjgqrjg7Pjg6njgqTjg7Pjgrnjg4jjgqI=,6Ieq6Lui6LuK6YCa6LKp44K144Kk44Kv44Or44OR44O844OE5LiA6Lyq6LuK44K544Od44O844OE44OQ44Kk44Kv44OY44Or44Oh44OD44OI44Ot44O844OJ44OQ44Kk44Kv44Kv44Ot44K544OQ44Kk44Kv44Oe44Km44Oz44OG44Oz44OQ44Kk44Kv5a2Q5L6b55So6Ieq6Lui6LuK6Zu75YuV6Ieq6Lui6LuK5oqY44KK44Gf44Gf44G/6Ieq6Lui6LuK44K744O844Or5r+A5a6J44Gg44GE44KP6Ieq6Lui6LuK44OA44Kk44Ov44K144Kk44Kv44Or5qCq5byP5Lya56S+5aSn5ZKM44OW44Oq44OC44K544OI44Oz5bCP6Jeq5Y2D6LGK44Ki44Km44OI44Os44OD44OI44OW44Oq44OC44K544OI44OzIEhZREVFLklJIOODj+OCpOODh+OCo+ODvOODhOODvCBIWTY4NUMg44Oq44Ki44OB44Oj44Kk44Or44OJ44K344O844OI5LuY5bGeIDIwMTXlubQgLyAg6Zu75YuV6Ieq6Lui6LuKIDPkurrkuZfjgorlr77lv5wgQkFBIOOAkOmAgeaWmeeEoeaWmeOAkQ==,44CQ57WE56uL55m66YCB44CR44CC44OW44Oq44OC44K544OI44OzIEhZREVFLklJIOODj+OCpOODh+OCo+ODvOODhOODvCBIWTY4NUMg44Oq44Ki44OB44Oj44Kk44Or44OJ44K344O844OI5LuY5bGeIDIwMTXlubQgLyAg6Zu75YuV6Ieq6Lui6LuKIDPkurrkuZfjgorlr77lv5wgQkFBIOOAkOmAgeaWmeeEoeaWmeOAkQ==[rn]
22-59972,,NzgxOTYuODAwMA==,,44K544Od44O844OE44O744Ki44Km44OI44OJ44KiID4g6Ieq6Lui6LuK44O744K144Kk44Kv44Oq44Oz44KwID4g6Zu75YuV44Ki44K344K544OI6Ieq6Lui6LuK,44OW44Oq44OC44K544OI44OzIEEuQy5MLjUg44Ki44K344K544K/44K344OG44Kj44Oq44OB44Km44OgIDIwMTTlubQgQUM3ODQgMjfjgqTjg7Pjg4EvIOmbu+WLleiHqui7oui7iiBCQUHjgJDpgIHmlpnnhKHmlpnjgJE=,44CQ57WE56uL55m66YCB44CR,,44OW44Oq44OC44K544OI44OzIEEuQy5MLjUg44Ki44K344K544K/44K344OG44Kj44Oq44OB44Km44OgIDIwMTTlubQgQUM3ODQgMjfjgqTjg7Pjg4EvIOmbu+WLleiHqui7oui7iiBCQUHjgJDpgIHmlpnnhKHmlpnjgJHvvJrjg4DjgqTjg6/jgrXjgqTjgq/jg6sg44Kq44Oz44Op44Kk44Oz44K544OI44Ki,6Ieq6Lui6LuK6YCa6LKp44K144Kk44Kv44Or44OR44O844OE5LiA6Lyq6LuK44K544Od44O844OE44OQ44Kk44Kv44OY44Or44Oh44OD44OI44Ot44O844OJ44OQ44Kk44Kv44Kv44Ot44K544OQ44Kk44Kv44Oe44Km44Oz44OG44Oz44OQ44Kk44Kv5a2Q5L6b55So6Ieq6Lui6LuK6Zu75YuV6Ieq6Lui6LuK5oqY44KK44Gf44Gf44G/6Ieq6Lui6LuK44K744O844Or5r+A5a6J44Gg44GE44KP6Ieq6Lui6LuK44OA44Kk44Ov44K144Kk44Kv44Or5qCq5byP5Lya56S+5aSn5ZKM44OW44Oq44OC44K544OI44Oz5bCP6Jeq5Y2D6LGK44Ki44Km44OI44Os44OD44OI44OW44Oq44OC44K544OI44OzIEEuQy5MLjUg44Ki44K344K544K/44K344OG44Kj44Oq44OB44Km44OgIDIwMTTlubQgQUM3ODQgMjfjgqTjg7Pjg4EvIOmbu+WLleiHqui7oui7iiBCQUHjgJDpgIHmlpnnhKHmlpnjgJE=,44CQ57WE56uL55m66YCB44CR44CC44OW44Oq44OC44K544OI44OzIEEuQy5MLjUg44Ki44K344K544K/44K344OG44Kj44Oq44OB44Km44OgIDIwMTTlubQgQUM3ODQgMjfjgqTjg7Pjg4EvIOmbu+WLleiHqui7oui7iiBCQUHjgJDpgIHmlpnnhKHmlpnjgJE=[rn]
22-59973,aHR0cDovL3RzaG9wLnIxMHMuanAvaml0ZW5zeWEtb3VzYW1hL2NhYmluZXQvYnMvYy1icy1jaXR5MDk2LmpwZz9maXRpbj03MDA6NzAw,Mjc4MzcuNjAwMA==,,44K544Od44O844OE44O744Ki44Km44OI44OJ44KiID4g6Ieq6Lui6LuK44O744K144Kk44Kv44Oq44Oz44KwID4g6Zu75YuV44Ki44K344K544OI6Ieq6Lui6LuK,44OW44Oq44OC44K544OI44OzIOODjuODq+OCs+OCsFNMIDI344Kk44Oz44OBIDPmrrXlpInpgJ8g44OA44Kk44OK44Oi44Op44Oz44OXIE5TNzM0IDIwMTXlubQgQkFB,44CQ57WE56uL55m66YCB44CR,6Lu96YeP44Gq44Ki44Or44Of44OV44Os44O844Og44KS5o6h55So44GX44Gf44K344Oz44OX44Or44Gn44K544Od44O844OG44Kj44GqU+Weizxicj4KPGJyPgrilqDjgr/jgqTjg6TjgrXjgqTjgrrvvJoyNzxicj4K4pag6YGp5q2j6Lqr6ZW377yaMTQ4772D772N772ePGJyPgrilqDjgrfjg5Xjg4jmrrXmlbDvvJoz5q615aSJ6YCfPGJyPgrilqDph43ph4/vvJoqKio8YnI+CuODu+OCouODq+ODn+ODleODrOODvOODoDxicj4K44O744K/44OV44OV44Os44O844OgPGJyPgrjg7vjg5fjg4Hjg4jjg6rjgqrngrnnga/omaso54K554Gv6Jmr44Oi44OH44Or77yJPGJyPgoKCgo8aW1nIHNyYz0iaHR0cDovL2ltYWdlLnJha3V0ZW4uY28uanAvaml0ZW5zeWEtb3VzYW1hL2NhYmluZXQvZGVzaWduL2l0ZW1fcGFnZS9zeW91aGluX3R5dXVpLmpwZyIgYm9yZGVyPSIwIj48YnI+CjxpbWcgc3JjPSJodHRwOi8vaW1hZ2UucmFrdXRlbi5jby5qcC9qaXRlbnN5YS1vdXNhbWEvY2FiaW5ldC9kZXNpZ24vaXRlbV9wYWdlL3N5b3VoaW5fcmVhbHRlbnBvLmpwZyIgYm9yZGVyPSIwIj48YnI+PGltZyBzcmM9Imh0dHA6Ly9pbWFnZS5yYWt1dGVuLmNvLmpwL2ppdGVuc3lhLW91c2FtYS9jYWJpbmV0L2Rlc2lnbi9pdGVtX3BhZ2Uvc3lvdWhpbl9ib3VoYW4uanBnIiBib3JkZXI9IjAiPg==,44OW44Oq44OC44K544OI44OzIOODjuODq+OCs+OCsFNMIDI344Kk44Oz44OBIDPmrrXlpInpgJ8g44OA44Kk44OK44Oi44Op44Oz44OXIE5TNzM0IDIwMTXlubQgQkFB77ya44OA44Kk44Ov44K144Kk44Kv44OrIOOCquODs+ODqeOCpOODs+OCueODiOOCog==,6Ieq6Lui6LuK6YCa6LKp44K144Kk44Kv44Or44OR44O844OE5LiA6Lyq6LuK44K544Od44O844OE44OQ44Kk44Kv44OY44Or44Oh44OD44OI44Ot44O844OJ44OQ44Kk44Kv44Kv44Ot44K544OQ44Kk44Kv44Oe44Km44Oz44OG44Oz44OQ44Kk44Kv5a2Q5L6b55So6Ieq6Lui6LuK6Zu75YuV6Ieq6Lui6LuK5oqY44KK44Gf44Gf44G/6Ieq6Lui6LuK44K744O844Or5r+A5a6J44Gg44GE44KP6Ieq6Lui6LuK44OA44Kk44Ov44K144Kk44Kv44Or5qCq5byP5Lya56S+5aSn5ZKM44OW44Oq44OC44K544OI44Oz5bCP6Jeq5Y2D6LGK44Ki44Km44OI44Os44OD44OI44OW44Oq44OC44K544OI44OzIOODjuODq+OCs+OCsFNMIDI344Kk44Oz44OBIDPmrrXlpInpgJ8g44OA44Kk44OK44Oi44Op44Oz44OXIE5TNzM0IDIwMTXlubQgQkFB,44CQ57WE56uL55m66YCB44CR44CC44OW44Oq44OC44K544OI44OzIOODjuODq+OCs+OCsFNMIDI344Kk44Oz44OBIDPmrrXlpInpgJ8g44OA44Kk44OK44Oi44Op44Oz44OXIE5TNzM0IDIwMTXlubQgQkFB[rn]
22-59974,aHR0cDovL3RzaG9wLnIxMHMuanAvaml0ZW5zeWEtb3VzYW1hL2NhYmluZXQvYnMvYy1icy1lbGVjdDAzMGEwLmpwZz9maXRpbj03MDA6NzAw,MTIyMjQwLjAwMDA=,,44K544Od44O844OE44O744Ki44Km44OI44OJ44KiID4g6Ieq6Lui6LuK44O744K144Kk44Kv44Oq44Oz44KwID4g6Zu75YuV44Ki44K344K544OI6Ieq6Lui6LuK,44OW44Oq44OC44K544OI44OzIOOCouOCt+OCueOCv+ODk+OCuOODjeOCuSBT5Z6LIDI244Kk44Oz44OBIEFCNlMxMyAz5q615aSJ6YCfICAvIOmbu+WLleiHqui7oui7iiBCQUEg44CQ6YCB5paZ54Sh5paZ44CR,44CQ57WE56uL55m66YCB44CR,44GK6LK344GE54mp44Gr44CB44OT44K444ON44K544Gr44OW44Oq44OC44K544OI44Oz44Gu6Zu75YuV44Ki44K344K544OI6Ieq6Lui6LuKPGJyPgo8YnI+CuKWoOOCv+OCpOODpOOCteOCpOOCuu+8mjI244Kk44Oz44OBPGJyPgrilqDpganmraPouqvplbfvvJoxMzljbe+9njxicj4K4pag44K344OV44OI5q615pWw77ya5YaF6KOFM+auteWkiemAnzxicj4K4pag6YeNIOmHj++8mjM3LjJrZzxicj4K4pag44OQ44OD44OG44Oq44O85a656YeP77yaMTIuOEFoPGJyPgrigLvlrp/lr7jjgrXjgqTjgrrjga7jgZ/jgoHlpJrlsJHjga7oqqTlt67jga/jgZTkuobmib/kuIvjgZXjgYTjgII8YnI+Cjxicj4K44O744Ki44K344K544OI44Os44OZ44Or77yaNjxicj4K44O7M+ODleOCoeOCr+OCt+ODp+ODs+ODoeODvOOCv+ODvO+8iOODkeODvOOCu+ODs+ODiOOAgeaui2tt44CB44K544OU44O844OJ6KGo56S677yJPGJyPgrjg7vjgr3jg7zjg6njg7zjg4bjg7zjg6tJSTxicj4K44O75bCC55So5YWF6Zu75Zmo44Gk44GNPGJyPgrjg7sz5bm055uX6Zuj6KOc5YSf44Gk44GNPGJyPgo8aW1nIHNyYz0iaHR0cDovL2ltYWdlLnJha3V0ZW4uY28uanAvaml0ZW5zeWEtb3VzYW1hL2NhYmluZXQvZGVzaWduL2l0ZW1fcGFnZS9zeW91aGluX3R5dXVpLmpwZyIgYm9yZGVyPSIwIj48YnI+CjxpbWcgc3JjPSJodHRwOi8vaW1hZ2UucmFrdXRlbi5jby5qcC9qaXRlbnN5YS1vdXNhbWEvY2FiaW5ldC9kZXNpZ24vaXRlbV9wYWdlL3N5b3VoaW5fcmVhbHRlbnBvLmpwZyIgYm9yZGVyPSIwIj48YnI+PGltZyBzcmM9Imh0dHA6Ly9pbWFnZS5yYWt1dGVuLmNvLmpwL2ppdGVuc3lhLW91c2FtYS9jYWJpbmV0L2Rlc2lnbi9pdGVtX3BhZ2Uvc3lvdWhpbl9ib3VoYW4uanBnIiBib3JkZXI9IjAiPg==,44OW44Oq44OC44K544OI44OzIOOCouOCt+OCueOCv+ODk+OCuOODjeOCuSBT5Z6LIDI244Kk44Oz44OBIEFCNlMxMyAz5q615aSJ6YCfICAvIOmbu+WLleiHqui7oui7iiBCQUEg44CQ6YCB5paZ54Sh5paZ44CR77ya44OA44Kk44Ov44K144Kk44Kv44OrIOOCquODs+ODqeOCpOODs+OCueODiOOCog==,6Ieq6Lui6LuK6YCa6LKp44K144Kk44Kv44Or44OR44O844OE5LiA6Lyq6LuK44K544Od44O844OE44OQ44Kk44Kv44OY44Or44Oh44OD44OI44Ot44O844OJ44OQ44Kk44Kv44Kv44Ot44K544OQ44Kk44Kv44Oe44Km44Oz44OG44Oz44OQ44Kk44Kv5a2Q5L6b55So6Ieq6Lui6LuK6Zu75YuV6Ieq6Lui6LuK5oqY44KK44Gf44Gf44G/6Ieq6Lui6LuK44K744O844Or5r+A5a6J44Gg44GE44KP6Ieq6Lui6LuK44OA44Kk44Ov44K144Kk44Kv44Or5qCq5byP5Lya56S+5aSn5ZKM44OW44Oq44OC44K544OI44Oz5bCP6Jeq5Y2D6LGK44Ki44Km44OI44Os44OD44OI44OW44Oq44OC44K544OI44OzIOOCouOCt+OCueOCv+ODk+OCuOODjeOCuSBT5Z6LIDI244Kk44Oz44OBIEFCNlMxMyAz5q615aSJ6YCfICAvIOmbu+WLleiHqui7oui7iiBCQUEg44CQ6YCB5paZ54Sh5paZ44CR,44CQ57WE56uL55m66YCB44CR44CC44OW44Oq44OC44K544OI44OzIOOCouOCt+OCueOCv+ODk+OCuOODjeOCuSBT5Z6LIDI244Kk44Oz44OBIEFCNlMxMyAz5q615aSJ6YCfICAvIOmbu+WLleiHqui7oui7iiBCQUEg44CQ6YCB5paZ54Sh5paZ44CR[rn]
22-59975,aHR0cDovL3RzaG9wLnIxMHMuanAvaml0ZW5zeWEtb3VzYW1hL2NhYmluZXQvcGFuYS9wLXBhbmEtZWxlY2EwMTYuanBnP2ZpdGluPTcwMDo3MDA=,MjcyMDQuMDAwMA==,,44K544Od44O844OE44O744Ki44Km44OI44OJ44KiID4g6Ieq6Lui6LuK44O744K144Kk44Kv44Oq44Oz44KwID4g6Zu75YuV44Ki44K344K544OI6Ieq6Lui6LuK,44OR44OK44K944OL44OD44KvIOODquODgeOCpuODoOOCpOOCquODs+ODkOODg+ODhuODquODvCA4QWggTktZMzI2QjAy44CQ6YCB5paZ54Sh5paZ44CR,44CA,5ZOB55WqIE5LWTMyNUIwMjxicj4gCueorumhniDjg6rjg4Hjgqbjg6DjgqTjgqrjg7Pjg5Djg4Pjg4bjg6rjg7w8YnI+IArlrrnph48gMjUuMu+8ti04QWg8YnI+ICAK6Imy77ya6buSPGJyPgrlr77lv5zlhYXpm7vlmajvvJpOS0owMzM8YnI+CuKAu+WbnueUn+WvvuW/nOOAgeaWsOWfuua6luWvvuW/nDxicj4KPGJyPgrilqDlr77lv5zou4rnqK7ilqA8YnI+CuODquODgeOCpuODoOODk+ODk0RYPGJyPjxicj4KPGJyPgo8aW1nIHNyYz0iaHR0cDovL2ltYWdlLnJha3V0ZW4uY28uanAvaml0ZW5zeWEtb3VzYW1hL2NhYmluZXQvZGVzaWduL2l0ZW1fcGFnZS9zeW91aGluX3R5dXVpLmpwZyIgYm9yZGVyPSIwIj48YnI+CjxpbWcgc3JjPSJodHRwOi8vaW1hZ2UucmFrdXRlbi5jby5qcC9qaXRlbnN5YS1vdXNhbWEvY2FiaW5ldC9kZXNpZ24vaXRlbV9wYWdlL3N5b3VoaW5fcmVhbHRlbnBvLmpwZyIgYm9yZGVyPSIwIj48YnI+,44OR44OK44K944OL44OD44KvIOODquODgeOCpuODoOOCpOOCquODs+ODkOODg+ODhuODquODvCA4QWggTktZMzI2QjAy44CQ6YCB5paZ54Sh5paZ44CR77ya44OA44Kk44Ov44K144Kk44Kv44OrIOOCquODs+ODqeOCpOODs+OCueODiOOCog==,6Ieq6Lui6LuK6YCa6LKp44K144Kk44Kv44Or44OR44O844OE5LiA6Lyq6LuK44K544Od44O844OE44OQ44Kk44Kv44OY44Or44Oh44OD44OI44Ot44O844OJ44OQ44Kk44Kv44Kv44Ot44K544OQ44Kk44Kv44Oe44Km44Oz44OG44Oz44OQ44Kk44Kv5a2Q5L6b55So6Ieq6Lui6LuK6Zu75YuV6Ieq6Lui6LuK5oqY44KK44Gf44Gf44G/6Ieq6Lui6LuK44K744O844Or5r+A5a6J44Gg44GE44KP6Ieq6Lui6LuK44OA44Kk44Ov44K144Kk44Kv44Or5qCq5byP5Lya56S+5aSn5ZKM44OW44Oq44OC44K544OI44Oz5bCP6Jeq5Y2D6LGK44Ki44Km44OI44Os44OD44OI44OR44OK44K944OL44OD44KvIOODquODgeOCpuODoOOCpOOCquODs+ODkOODg+ODhuODquODvCA4QWggTktZMzI2QjAy44CQ6YCB5paZ54Sh5paZ44CR,44CA44CC44OR44OK44K944OL44OD44KvIOODquODgeOCpuODoOOCpOOCquODs+ODkOODg+ODhuODquODvCA4QWggTktZMzI2QjAy44CQ6YCB5paZ54Sh5paZ44CR[rn]
22-59976,aHR0cDovL3RzaG9wLnIxMHMuanAvaml0ZW5zeWEtb3VzYW1hL2NhYmluZXQvcGFuYS9wLXBhbmEtZWxlY2EwMDkuanBnP2ZpdGluPTcwMDo3MDA=,MjAzOTAuNDAwMA==,,44K544Od44O844OE44O744Ki44Km44OI44OJ44KiID4g6Ieq6Lui6LuK44O744K144Kk44Kv44Oq44Oz44KwID4g6Zu75YuV44Ki44K344K544OI6Ieq6Lui6LuK,44OR44OK44K944OL44OD44KvIOODquODgeOCpuODoOOCpOOCquODs+ODkOODg+ODhuODquODvCAzLjFBaCBOS1kyNzVCMDLjgJDpgIHmlpnnhKHmlpnjgJE=,44CA,MjUuMlYtMy4xQWg8YnI+CuiJsu+8mum7kjxicj4K5a++5b+c5YWF6Zu75Zmo77yaTktKMDMzPGJyPgrigLvlm57nlJ/lr77lv5zjgIHmlrDln7rmupblr77lv5w8YnI+Cjxicj4K4pag5a++5b+c6LuK56iu4pagPGJyPgrjg6rjg4Hjgqbjg6Djg5Pjg5NTU+OCt+ODhuOCozxicj4K44Oq44OB44Km44Og44OT44OTU1MKCjxicj4KPGJyPgo8aW1nIHNyYz0iaHR0cDovL2ltYWdlLnJha3V0ZW4uY28uanAvaml0ZW5zeWEtb3VzYW1hL2NhYmluZXQvZGVzaWduL2l0ZW1fcGFnZS9zeW91aGluX3R5dXVpLmpwZyIgYm9yZGVyPSIwIj48YnI+CjxpbWcgc3JjPSJodHRwOi8vaW1hZ2UucmFrdXRlbi5jby5qcC9qaXRlbnN5YS1vdXNhbWEvY2FiaW5ldC9kZXNpZ24vaXRlbV9wYWdlL3N5b3VoaW5fcmVhbHRlbnBvLmpwZyIgYm9yZGVyPSIwIj48YnI+,44OR44OK44K944OL44OD44KvIOODquODgeOCpuODoOOCpOOCquODs+ODkOODg+ODhuODquODvCAzLjFBaCBOS1kyNzVCMDLjgJDpgIHmlpnnhKHmlpnjgJHvvJrjg4DjgqTjg6/jgrXjgqTjgq/jg6sg44Kq44Oz44Op44Kk44Oz44K544OI44Ki,6Ieq6Lui6LuK6YCa6LKp44K144Kk44Kv44Or44OR44O844OE5LiA6Lyq6LuK44K544Od44O844OE44OQ44Kk44Kv44OY44Or44Oh44OD44OI44Ot44O844OJ44OQ44Kk44Kv44Kv44Ot44K544OQ44Kk44Kv44Oe44Km44Oz44OG44Oz44OQ44Kk44Kv5a2Q5L6b55So6Ieq6Lui6LuK6Zu75YuV6Ieq6Lui6LuK5oqY44KK44Gf44Gf44G/6Ieq6Lui6LuK44K744O844Or5r+A5a6J44Gg44GE44KP6Ieq6Lui6LuK44OA44Kk44Ov44K144Kk44Kv44Or5qCq5byP5Lya56S+5aSn5ZKM44OW44Oq44OC44K544OI44Oz5bCP6Jeq5Y2D6LGK44Ki44Km44OI44Os44OD44OI44OR44OK44K944OL44OD44KvIOODquODgeOCpuODoOOCpOOCquODs+ODkOODg+ODhuODquODvCAzLjFBaCBOS1kyNzVCMDLjgJDpgIHmlpnnhKHmlpnjgJE=,44CA44CC44OR44OK44K944OL44OD44KvIOODquODgeOCpuODoOOCpOOCquODs+ODkOODg+ODhuODquODvCAzLjFBaCBOS1kyNzVCMDLjgJDpgIHmlpnnhKHmlpnjgJE=[rn]
22-59977,aHR0cDovL3RzaG9wLnIxMHMuanAvaml0ZW5zeWEtb3VzYW1hL2NhYmluZXQveWFtYWhhL3AteWFtYWhhLWVsZWN0YTAwNS5qcGc/Zml0aW49NzAwOjcwMA==,MjA4MzUuMjAwMA==,,44K544Od44O844OE44O744Ki44Km44OI44OJ44KiID4g6Ieq6Lui6LuK44O744K144Kk44Kv44Oq44Oz44KwID4g6Zu75YuV44Ki44K344K544OI6Ieq6Lui6LuK,44Ok44Oe44OPIFBBU+WwgueUqCDkuqTmj5vjg5Djg4Pjg4bjg6rjg7wgNC4wQWgg44Oq44OB44Km44OgUy8g6Zu75YuV6Ieq6Lui6LuKIOODkOODg+ODhuODquODvCBbOTA3OTMtMjUxMTBd44CQ6YCB5paZ54Sh5paZ44CR,6YCB5paZ54Sh5paZ77yB,4pag5a++5b+c6LuK56iuPGJyPgrjg7tQQVPjg6rjg4Hjgqbjg6BTPGJyPgrjg7tQQVMg44Kz44Oz44OR44Kv44OI44Oq44OB44Km44OgPGJyPgrilqBKSVMgQyA4NzEx6KaP5qC8PGJyPgrilqDlrprmoLzlrrnph4/vvJozLjhBaDxicj4KOTA3OTMtMjUwODU8YnI+CjxpbWcgc3JjPSJodHRwOi8vaW1hZ2UucmFrdXRlbi5jby5qcC9qaXRlbnN5YS1vdXNhbWEvY2FiaW5ldC9kZXNpZ24vaXRlbV9wYWdlL3N5b3VoaW5fdHl1dWkuanBnIiBib3JkZXI9IjAiPjxicj4KPGltZyBzcmM9Imh0dHA6Ly9pbWFnZS5yYWt1dGVuLmNvLmpwL2ppdGVuc3lhLW91c2FtYS9jYWJpbmV0L2Rlc2lnbi9pdGVtX3BhZ2Uvc3lvdWhpbl9yZWFsdGVucG8uanBnIiBib3JkZXI9IjAiPjxicj4=,44Ok44Oe44OPIFBBU+WwgueUqCDkuqTmj5vjg5Djg4Pjg4bjg6rjg7wgNC4wQWgg44Oq44OB44Km44OgUy8g6Zu75YuV6Ieq6Lui6LuKIOODkOODg+ODhuODquODvCBbOTA3OTMtMjUxMTBd44CQ6YCB5paZ54Sh5paZ44CR77ya44OA44Kk44Ov44K144Kk44Kv44OrIOOCquODs+ODqeOCpOODs+OCueODiOOCog==,6Ieq6Lui6LuK6YCa6LKp44K144Kk44Kv44Or44OR44O844OE5LiA6Lyq6LuK44K544Od44O844OE44OQ44Kk44Kv44OY44Or44Oh44OD44OI44Ot44O844OJ44OQ44Kk44Kv44Kv44Ot44K544OQ44Kk44Kv44Oe44Km44Oz44OG44Oz44OQ44Kk44Kv5a2Q5L6b55So6Ieq6Lui6LuK6Zu75YuV6Ieq6Lui6LuK5oqY44KK44Gf44Gf44G/6Ieq6Lui6LuK44K744O844Or5r+A5a6J44Gg44GE44KP6Ieq6Lui6LuK44OA44Kk44Ov44K144Kk44Kv44Or5qCq5byP5Lya56S+5aSn5ZKM44OW44Oq44OC44K544OI44Oz5bCP6Jeq5Y2D6LGK44Ki44Km44OI44Os44OD44OI44Ok44Oe44OPIFBBU+WwgueUqCDkuqTmj5vjg5Djg4Pjg4bjg6rjg7wgNC4wQWgg44Oq44OB44Km44OgUy8g6Zu75YuV6Ieq6Lui6LuKIOODkOODg+ODhuODquODvCBbOTA3OTMtMjUxMTBd44CQ6YCB5paZ54Sh5paZ44CR,6YCB5paZ54Sh5paZ77yB44CC44Ok44Oe44OPIFBBU+WwgueUqCDkuqTmj5vjg5Djg4Pjg4bjg6rjg7wgNC4wQWgg44Oq44OB44Km44OgUy8g6Zu75YuV6Ieq6Lui6LuKIOODkOODg+ODhuODquODvCBbOTA3OTMtMjUxMTBd44CQ6YCB5paZ54Sh5paZ44CR[rn]
22-59978,aHR0cDovL3RzaG9wLnIxMHMuanAvaml0ZW5zeWEtb3VzYW1hL2NhYmluZXQveWFtYWhhL3AteWFtYWhhLWVsZWN0YTAwNi5qcGc/Zml0aW49NzAwOjcwMA==,MjA4MzUuMjAwMA==,,44K544Od44O844OE44O744Ki44Km44OI44OJ44KiID4g6Ieq6Lui6LuK44O744K144Kk44Kv44Oq44Oz44KwID4g6Zu75YuV44Ki44K344K544OI6Ieq6Lui6LuK,44Ok44Oe44OPIFBBU+WwgueUqCDkuqTmj5vjg5Djg4Pjg4bjg6rjg7wgNC4wQWgg44Oq44OB44Km44OgUy8g6Zu75YuV6Ieq6Lui6LuKIOODkOODg+ODhuODquODvCBbOTA3OTMtMjUxMTFd44CQ6YCB5paZ54Sh5paZ44CR,6YCB5paZ54Sh5paZ77yB,4pag5a++5b+c6LuK56iuPGJyPgrjg7tQQVPjg6rjg4Hjgqbjg6BTPGJyPgrjg7tQQVMgQ0lUWS1G44Oq44OB44Km44OgPGJyPgrjg7tQQVMgQ0lUWS1T44Oq44OB44Km44OgPGJyPgrjg7tQQVMgQnJhY2U8YnI+CuODu1BBUyBDSVRZLVjjg6rjg4Hjgqbjg6A8YnI+CuODu1BBUyBDSVRZLUPjg6rjg4Hjgqbjg6A8YnI+CuKWoEpJUyBDIDg3MTHopo/moLw8YnI+CjkwNzkzLTI1MTExPGJyPgo8aW1nIHNyYz0iaHR0cDovL2ltYWdlLnJha3V0ZW4uY28uanAvaml0ZW5zeWEtb3VzYW1hL2NhYmluZXQvZGVzaWduL2l0ZW1fcGFnZS9zeW91aGluX3R5dXVpLmpwZyIgYm9yZGVyPSIwIj48YnI+CjxpbWcgc3JjPSJodHRwOi8vaW1hZ2UucmFrdXRlbi5jby5qcC9qaXRlbnN5YS1vdXNhbWEvY2FiaW5ldC9kZXNpZ24vaXRlbV9wYWdlL3N5b3VoaW5fcmVhbHRlbnBvLmpwZyIgYm9yZGVyPSIwIj48YnI+,44Ok44Oe44OPIFBBU+WwgueUqCDkuqTmj5vjg5Djg4Pjg4bjg6rjg7wgNC4wQWgg44Oq44OB44Km44OgUy8g6Zu75YuV6Ieq6Lui6LuKIOODkOODg+ODhuODquODvCBbOTA3OTMtMjUxMTFd44CQ6YCB5paZ54Sh5paZ44CR77ya44OA44Kk44Ov44K144Kk44Kv44OrIOOCquODs+ODqeOCpOODs+OCueODiOOCog==,6Ieq6Lui6LuK6YCa6LKp44K144Kk44Kv44Or44OR44O844OE5LiA6Lyq6LuK44K544Od44O844OE44OQ44Kk44Kv44OY44Or44Oh44OD44OI44Ot44O844OJ44OQ44Kk44Kv44Kv44Ot44K544OQ44Kk44Kv44Oe44Km44Oz44OG44Oz44OQ44Kk44Kv5a2Q5L6b55So6Ieq6Lui6LuK6Zu75YuV6Ieq6Lui6LuK5oqY44KK44Gf44Gf44G/6Ieq6Lui6LuK44K744O844Or5r+A5a6J44Gg44GE44KP6Ieq6Lui6LuK44OA44Kk44Ov44K144Kk44Kv44Or5qCq5byP5Lya56S+5aSn5ZKM44OW44Oq44OC44K544OI44Oz5bCP6Jeq5Y2D6LGK44Ki44Km44OI44Os44OD44OI44Ok44Oe44OPIFBBU+WwgueUqCDkuqTmj5vjg5Djg4Pjg4bjg6rjg7wgNC4wQWgg44Oq44OB44Km44OgUy8g6Zu75YuV6Ieq6Lui6LuKIOODkOODg+ODhuODquODvCBbOTA3OTMtMjUxMTFd44CQ6YCB5paZ54Sh5paZ44CR,6YCB5paZ54Sh5paZ77yB44CC44Ok44Oe44OPIFBBU+WwgueUqCDkuqTmj5vjg5Djg4Pjg4bjg6rjg7wgNC4wQWgg44Oq44OB44Km44OgUy8g6Zu75YuV6Ieq6Lui6LuKIOODkOODg+ODhuODquODvCBbOTA3OTMtMjUxMTFd44CQ6YCB5paZ54Sh5paZ44CR[rn]
22-59979,aHR0cDovL3RzaG9wLnIxMHMuanAvcG93ZXJnb2xmL2NhYmluZXQvMDE0NDk3MjcvaW1nNTY3MTc4NTkuanBnP2ZpdGluPTcwMDo3MDA=,MjI0MC4wMDAw,,44K544Od44O844OE44O744Ki44Km44OI44OJ44KiID4g44K044Or44OVID4g44Kv44Op44OWID4g44Kv44Op44OW55So44OR44O844OEID4g44Kw44Oq44OD44OX,44CQ44Kw44Oq44OD44OX44CR44Km44Kj44Oz44OR44K/44O844Ot44K044CAODhXUyhXRy0wODUp44CQ44K044Or44OV55So5ZOB44CRIHwg44K544Od44O844OE44O744Ki44Km44OI44OJ44KiIOOCtOODq+ODlSDjg5Hjg6/jg7zjgrTjg6vjg5UgcG93ZXJnb2xmIOmAmuiyqSAg44Ki44Km44OI44Os44OD44OI5L6h5qC8,,44CM44Oh44O844Kr44O85biM5pyb5bCP5aOy5L6h5qC844Gv44Oh44O844Kr44O85ZWG5ZOB44K/44Kw44Gr5Z+644Gl44GE44Gm5o6y6LyJ44GX44Gm44GE44G+44GZ44CC44G+44Gf44CB56iO6L685L6h5qC844Gu44Oh44O844Kr44O85ZWG5ZOB44K/44Kw44Gv5pen56iO546H44Gn44Gu6KGo56S644Go44Gq44Gj44Gm44GK44KK44G+44GZ44CC44CNPGJyPjwhLS1RUuOCs+ODvOODiemWi+WniyDjgZPjga7kuK3jgafjga/mlLnooYzkuI3lj68tLT48YnI+PGJyPuOAjOODoeODvOOCq+ODvOW4jOacm+Wwj+WjsuS+oeagvOOBr+ODoeODvOOCq+ODvOWVhuWTgeOCv+OCsOOBq+WfuuOBpeOBhOOBpuaOsui8ieOBl+OBpuOBhOOBvuOBmeOAguOBvuOBn+OAgeeojui+vOS+oeagvOOBruODoeODvOOCq+ODvOWVhuWTgeOCv+OCsOOBr+aXp+eojueOh+OBp+OBruihqOekuuOBqOOBquOBo+OBpuOBiuOCiuOBvuOBmeOAguOAjTxicj48IS0tUVLjgrPjg7zjg4nntYLkuoYtLT4KCjxicj5JbiB0aGUgY2FzZSBvZiBvdmVyc2VhcyBzaGlwbWVudCwgY3VzdG9tZXJzIGhhdmUgdG8gcGF5IHRoZSBwb3N0YWdlIGV2ZW4gaWYgdGhlIHRvdGFsIGFtb3VudCBvZiBhbiBvcmRlciBpcyBtb3JlIHRoYW4gMTAsMDAwIHllbiBvciBhIHByb2R1Y3QgcGFnZSBzYXlzICJmcmVlIHNoaXBwaW5nIi4KCgo8IS0tIOOBk+OBk+OBi+OCiSBHLeODqeODs+OCreODs+OCsCAtLT4KPGRpdiBzdHlsZT0id2lkdGg6NzAwcHg7IG1hcmdpbjoyMHB4IDAgMjBweCAwOyI+CjxpbWcgc3JjPSJodHRwOi8vd3d3LnJha3V0ZW4ubmUuanAvZ29sZC9wb3dlcmdvbGYvYXNwLzFfZ3Jhbmsvc2lnbmJvYXJkX2ltZy5wbmciIHdpZHRoPSI3MDBweCI+PGJyLz4KPGRpdiBzdHlsZT0id2lkdGg6Njk4cHg7IGhlaWdodDoyODBweDsgb3ZlcmZsb3c6aGlkZGVuOyBib3JkZXI6MXB4IHNvbGlkICNkZGQiPgoKPC9kaXY+CjwvZGl2Pgo8IS0tIOOBk+OBk+OBvuOBpyBHLeODqeODs+OCreODs+OCsCAtLT4KCjwhLS0g44GT44GT44GL44KJIOODquOCouWPlyAtLT4KPGRpdiBzdHlsZT0id2lkdGg6NzAwcHg7IG92ZXJmbG93OmhpZGRlbjsgYmFja2dyb3VuZC1jb2xvcjojZmQ3YzE2IiBhbGlnbj0ibGVmdCI+CiAgPGRpdiBzdHlsZT0icGFkZGluZzowcHggMHB4IDBweCA1cHg7IGJvcmRlcjoxcHggc29saWQgI2ZkN2MxNiI+CiAgICA8YiBzdHlsZT0iY29sb3I6I2ZmZjsgZm9udC1zaXplOjE2cHg7IGxpbmUtaGVpZ2h0OjI1cHg7Ij7jgZTms6jmlofjgYLjgorjgYzjgajjgYbjgZTjgZbjgYTjgb7jgZk8L2I+CiAgPC9kaXY+CjwvZGl2Pgo8ZGl2IHN0eWxlPSJ3aWR0aDo3MDBweDsgaGVpZ2h0OjI4MHB4OyBvdmVyZmxvdzpoaWRkZW47IG1hcmdpbi1ib3R0b206MjBweDsiIGFsaWduPSJjZW50ZXIiPgogICAgCjwvZGl2Pgo8IS0tIOOBk+OBk+OBvuOBpyDjg6rjgqLlj5cgLS0+Cgo8IS0tIOOBk+OBk+OBi+OCiSDjg6rjgqLjgrPjg6EgLS0+CjxkaXYgc3R5bGU9IndpZHRoOjcwMHB4OyBvdmVyZmxvdzpoaWRkZW47IGJhY2tncm91bmQtY29sb3I6I2ZkN2MxNiIgYWxpZ249ImxlZnQiPgogIDxkaXYgc3R5bGU9InBhZGRpbmc6MHB4IDBweCAwcHggNXB4OyBib3JkZXI6MXB4IHNvbGlkICNmZDdjMTYiPgogICAgPGIgc3R5bGU9ImNvbG9yOiNmZmY7IGZvbnQtc2l6ZToxNnB4OyBsaW5lLWhlaWdodDoyNXB4OyI+44GK5a6i5qeY44Gu5Zac44Gz44Gu5aOwPC9iPgogIDwvZGl2Pgo8L2Rpdj4KPGRpdiBzdHlsZT0id2lkdGg6NzAwcHg7IGhlaWdodDozMDBweDsgb3ZlcmZsb3c6aGlkZGVuIiBhbGlnbj0iY2VudGVyIj4KICAgIAo8L2Rpdj4KPCEtLSDjgZPjgZPjgb7jgacg44Oq44Ki44Kz44OhIC0tPg==,44CQ44Kw44Oq44OD44OX44CR44Km44Kj44Oz44OR44K/44O844Ot44K044CAODhXUyhXRy0wODUp44CQ44K044Or44OV55So5ZOB44CRIHwg44K544Od44O844OE44O744Ki44Km44OI44OJ44KiIOOCtOODq+ODlSDjg5Hjg6/jg7zjgrTjg6vjg5UgcG93ZXJnb2xmIOmAmuiyqSAg44Ki44Km44OI44Os44OD44OI5L6h5qC877ya44OR44Ov44O844K044Or44OV77yIUG93ZXJHb2xm77yJ,44OW44Oq44OC44K544OI44Oz44OA44Oz44Ot44OD44OX44Oo44ON44OD44Kv44K544OK44Kk44Kt44Of44K644OO44Kw44Ot44O844OW44Oc44O844Or44K344Ol44O844K644K044Or44OV44Kv44Op44OW44OJ44Op44Kk44OQ44O844OV44Kn44Ki44Km44Kn44Kk44Km44OD44OJ44OR44K/44O844Km44Ko44Ki5rSL5pyN44Of44Ko44Kz44Km44Ko44K144Kz44Ki44OA44OQ44OD44OI44Oe44Oz44K344Oz44Kw77yw77yp77yj77yv77yu77yl44OA44Kk44Ov5Lit5Y+k44Kv44Op44OW44CQ44Kw44Oq44OD44OX44CR44Km44Kj44Oz44OR44K/44O844Ot44K044CAODhXUyhXRy0wODUp44CQ44K044Or44OV55So5ZOB44CRIHwg44K544Od44O844OE44O744Ki44Km44OI44OJ44KiIOOCtOODq+ODlSDjg5Hjg6/jg7zjgrTjg6vjg5UgcG93ZXJnb2xmIOmAmuiyqSAg44Ki44Km44OI44Os44OD44OI5L6h5qC8,44CQ44Kw44Oq44OD44OX44CR44Km44Kj44Oz44OR44K/44O844Ot44K044CAODhXUyhXRy0wODUp44CQ44K044Or44OV55So5ZOB44CRIHwg44K544Od44O844OE44O744Ki44Km44OI44OJ44KiIOOCtOODq+ODlSDjg5Hjg6/jg7zjgrTjg6vjg5UgcG93ZXJnb2xmIOmAmuiyqSAg44Ki44Km44OI44Os44OD44OI5L6h5qC8[rn]
22-59980,aHR0cDovL3RzaG9wLnIxMHMuanAvcG93ZXJnb2xmL2NhYmluZXQvMDE0NDk3MjcvaW1nNTY3MTc4NTEuanBnP2ZpdGluPTcwMDo3MDA=,MzM5Mi4wMDAw,,44K544Od44O844OE44O744Ki44Km44OI44OJ44KiID4g44K044Or44OVID4g44Kv44Op44OWID4g44Kv44Op44OW55So44OR44O844OEID4g44Kw44Oq44OD44OX,44CQ44Kw44Oq44OD44OX44CR44Km44Kj44Oz44OR44K/44O844Ot44K044CARzhXUyhHVy0wODYp44CQ44K044Or44OV55So5ZOB44CRIHwg44K544Od44O844OE44O744Ki44Km44OI44OJ44KiIOOCtOODq+ODlSDjg5Hjg6/jg7zjgrTjg6vjg5UgcG93ZXJnb2xmIOmAmuiyqSAg44Ki44Km44OI44Os44OD44OI5L6h5qC8,,44CM44Oh44O844Kr44O85biM5pyb5bCP5aOy5L6h5qC844Gv44Oh44O844Kr44O85ZWG5ZOB44K/44Kw44Gr5Z+644Gl44GE44Gm5o6y6LyJ44GX44Gm44GE44G+44GZ44CC44G+44Gf44CB56iO6L685L6h5qC844Gu44Oh44O844Kr44O85ZWG5ZOB44K/44Kw44Gv5pen56iO546H44Gn44Gu6KGo56S644Go44Gq44Gj44Gm44GK44KK44G+44GZ44CC44CNPGJyPjwhLS1RUuOCs+ODvOODiemWi+WniyDjgZPjga7kuK3jgafjga/mlLnooYzkuI3lj68tLT48YnI+PGJyPuOAjOODoeODvOOCq+ODvOW4jOacm+Wwj+WjsuS+oeagvOOBr+ODoeODvOOCq+ODvOWVhuWTgeOCv+OCsOOBq+WfuuOBpeOBhOOBpuaOsui8ieOBl+OBpuOBhOOBvuOBmeOAguOBvuOBn+OAgeeojui+vOS+oeagvOOBruODoeODvOOCq+ODvOWVhuWTgeOCv+OCsOOBr+aXp+eojueOh+OBp+OBruihqOekuuOBqOOBquOBo+OBpuOBiuOCiuOBvuOBmeOAguOAjTxicj48IS0tUVLjgrPjg7zjg4nntYLkuoYtLT4KCjxicj5JbiB0aGUgY2FzZSBvZiBvdmVyc2VhcyBzaGlwbWVudCwgY3VzdG9tZXJzIGhhdmUgdG8gcGF5IHRoZSBwb3N0YWdlIGV2ZW4gaWYgdGhlIHRvdGFsIGFtb3VudCBvZiBhbiBvcmRlciBpcyBtb3JlIHRoYW4gMTAsMDAwIHllbiBvciBhIHByb2R1Y3QgcGFnZSBzYXlzICJmcmVlIHNoaXBwaW5nIi4KCgo8IS0tIOOBk+OBk+OBi+OCiSBHLeODqeODs+OCreODs+OCsCAtLT4KPGRpdiBzdHlsZT0id2lkdGg6NzAwcHg7IG1hcmdpbjoyMHB4IDAgMjBweCAwOyI+CjxpbWcgc3JjPSJodHRwOi8vd3d3LnJha3V0ZW4ubmUuanAvZ29sZC9wb3dlcmdvbGYvYXNwLzFfZ3Jhbmsvc2lnbmJvYXJkX2ltZy5wbmciIHdpZHRoPSI3MDBweCI+PGJyLz4KPGRpdiBzdHlsZT0id2lkdGg6Njk4cHg7IGhlaWdodDoyODBweDsgb3ZlcmZsb3c6aGlkZGVuOyBib3JkZXI6MXB4IHNvbGlkICNkZGQiPgoKPC9kaXY+CjwvZGl2Pgo8IS0tIOOBk+OBk+OBvuOBpyBHLeODqeODs+OCreODs+OCsCAtLT4KCjwhLS0g44GT44GT44GL44KJIOODquOCouWPlyAtLT4KPGRpdiBzdHlsZT0id2lkdGg6NzAwcHg7IG92ZXJmbG93OmhpZGRlbjsgYmFja2dyb3VuZC1jb2xvcjojZmQ3YzE2IiBhbGlnbj0ibGVmdCI+CiAgPGRpdiBzdHlsZT0icGFkZGluZzowcHggMHB4IDBweCA1cHg7IGJvcmRlcjoxcHggc29saWQgI2ZkN2MxNiI+CiAgICA8YiBzdHlsZT0iY29sb3I6I2ZmZjsgZm9udC1zaXplOjE2cHg7IGxpbmUtaGVpZ2h0OjI1cHg7Ij7jgZTms6jmlofjgYLjgorjgYzjgajjgYbjgZTjgZbjgYTjgb7jgZk8L2I+CiAgPC9kaXY+CjwvZGl2Pgo8ZGl2IHN0eWxlPSJ3aWR0aDo3MDBweDsgaGVpZ2h0OjI4MHB4OyBvdmVyZmxvdzpoaWRkZW47IG1hcmdpbi1ib3R0b206MjBweDsiIGFsaWduPSJjZW50ZXIiPgogICAgCjwvZGl2Pgo8IS0tIOOBk+OBk+OBvuOBpyDjg6rjgqLlj5cgLS0+Cgo8IS0tIOOBk+OBk+OBi+OCiSDjg6rjgqLjgrPjg6EgLS0+CjxkaXYgc3R5bGU9IndpZHRoOjcwMHB4OyBvdmVyZmxvdzpoaWRkZW47IGJhY2tncm91bmQtY29sb3I6I2ZkN2MxNiIgYWxpZ249ImxlZnQiPgogIDxkaXYgc3R5bGU9InBhZGRpbmc6MHB4IDBweCAwcHggNXB4OyBib3JkZXI6MXB4IHNvbGlkICNmZDdjMTYiPgogICAgPGIgc3R5bGU9ImNvbG9yOiNmZmY7IGZvbnQtc2l6ZToxNnB4OyBsaW5lLWhlaWdodDoyNXB4OyI+44GK5a6i5qeY44Gu5Zac44Gz44Gu5aOwPC9iPgogIDwvZGl2Pgo8L2Rpdj4KPGRpdiBzdHlsZT0id2lkdGg6NzAwcHg7IGhlaWdodDozMDBweDsgb3ZlcmZsb3c6aGlkZGVuIiBhbGlnbj0iY2VudGVyIj4KICAgIAo8L2Rpdj4KPCEtLSDjgZPjgZPjgb7jgacg44Oq44Ki44Kz44OhIC0tPg==,44CQ44Kw44Oq44OD44OX44CR44Km44Kj44Oz44OR44K/44O844Ot44K044CARzhXUyhHVy0wODYp44CQ44K044Or44OV55So5ZOB44CRIHwg44K544Od44O844OE44O744Ki44Km44OI44OJ44KiIOOCtOODq+ODlSDjg5Hjg6/jg7zjgrTjg6vjg5UgcG93ZXJnb2xmIOmAmuiyqSAg44Ki44Km44OI44Os44OD44OI5L6h5qC877ya44OR44Ov44O844K044Or44OV77yIUG93ZXJHb2xm77yJ,44OW44Oq44OC44K544OI44Oz44OA44Oz44Ot44OD44OX44Oo44ON44OD44Kv44K544OK44Kk44Kt44Of44K644OO44Kw44Ot44O844OW44Oc44O844Or44K344Ol44O844K644K044Or44OV44Kv44Op44OW44OJ44Op44Kk44OQ44O844OV44Kn44Ki44Km44Kn44Kk44Km44OD44OJ44OR44K/44O844Km44Ko44Ki5rSL5pyN44Of44Ko44Kz44Km44Ko44K144Kz44Ki44OA44OQ44OD44OI44Oe44Oz44K344Oz44Kw77yw77yp77yj77yv77yu77yl44OA44Kk44Ov5Lit5Y+k44Kv44Op44OW44CQ44Kw44Oq44OD44OX44CR44Km44Kj44Oz44OR44K/44O844Ot44K044CARzhXUyhHVy0wODYp44CQ44K044Or44OV55So5ZOB44CRIHwg44K544Od44O844OE44O744Ki44Km44OI44OJ44KiIOOCtOODq+ODlSDjg5Hjg6/jg7zjgrTjg6vjg5UgcG93ZXJnb2xmIOmAmuiyqSAg44Ki44Km44OI44Os44OD44OI5L6h5qC8,44CQ44Kw44Oq44OD44OX44CR44Km44Kj44Oz44OR44K/44O844Ot44K044CARzhXUyhHVy0wODYp44CQ44K044Or44OV55So5ZOB44CRIHwg44K544Od44O844OE44O744Ki44Km44OI44OJ44KiIOOCtOODq+ODlSDjg5Hjg6/jg7zjgrTjg6vjg5UgcG93ZXJnb2xmIOmAmuiyqSAg44Ki44Km44OI44Os44OD44OI5L6h5qC8[rn]
22-59981,aHR0cDovL3RzaG9wLnIxMHMuanAvcG93ZXJnb2xmL2NhYmluZXQvMDE0NDk3MjcvaW1nNTY3MTc4NjMuanBnP2ZpdGluPTcwMDo3MDA=,MTY2NC4wMDAw,,44K544Od44O844OE44O744Ki44Km44OI44OJ44KiID4g44K044Or44OVID4g44Kv44Op44OWID4g44Kv44Op44OW55So44OR44O844OEID4g44Kw44Oq44OD44OX,44CQ44Kw44Oq44OD44OX44CR44Km44Kj44Oz44OR44K/44O844CANzhOUyhHVy0wNjIp44CQ44K044Or44OV55So5ZOB44CRIHwg44K544Od44O844OE44O744Ki44Km44OI44OJ44KiIOOCtOODq+ODlSDjg5Hjg6/jg7zjgrTjg6vjg5UgcG93ZXJnb2xmIOmAmuiyqSAg44Ki44Km44OI44Os44OD44OI5L6h5qC8,,44CM44Oh44O844Kr44O85biM5pyb5bCP5aOy5L6h5qC844Gv44Oh44O844Kr44O85ZWG5ZOB44K/44Kw44Gr5Z+644Gl44GE44Gm5o6y6LyJ44GX44Gm44GE44G+44GZ44CC44G+44Gf44CB56iO6L685L6h5qC844Gu44Oh44O844Kr44O85ZWG5ZOB44K/44Kw44Gv5pen56iO546H44Gn44Gu6KGo56S644Go44Gq44Gj44Gm44GK44KK44G+44GZ44CC44CNPGJyPjwhLS1RUuOCs+ODvOODiemWi+WniyDjgZPjga7kuK3jgafjga/mlLnooYzkuI3lj68tLT48YnI+PGJyPuOAjOODoeODvOOCq+ODvOW4jOacm+Wwj+WjsuS+oeagvOOBr+ODoeODvOOCq+ODvOWVhuWTgeOCv+OCsOOBq+WfuuOBpeOBhOOBpuaOsui8ieOBl+OBpuOBhOOBvuOBmeOAguOBvuOBn+OAgeeojui+vOS+oeagvOOBruODoeODvOOCq+ODvOWVhuWTgeOCv+OCsOOBr+aXp+eojueOh+OBp+OBruihqOekuuOBqOOBquOBo+OBpuOBiuOCiuOBvuOBmeOAguOAjTxicj48IS0tUVLjgrPjg7zjg4nntYLkuoYtLT4KCjxicj5JbiB0aGUgY2FzZSBvZiBvdmVyc2VhcyBzaGlwbWVudCwgY3VzdG9tZXJzIGhhdmUgdG8gcGF5IHRoZSBwb3N0YWdlIGV2ZW4gaWYgdGhlIHRvdGFsIGFtb3VudCBvZiBhbiBvcmRlciBpcyBtb3JlIHRoYW4gMTAsMDAwIHllbiBvciBhIHByb2R1Y3QgcGFnZSBzYXlzICJmcmVlIHNoaXBwaW5nIi4KCgo8IS0tIOOBk+OBk+OBi+OCiSBHLeODqeODs+OCreODs+OCsCAtLT4KPGRpdiBzdHlsZT0id2lkdGg6NzAwcHg7IG1hcmdpbjoyMHB4IDAgMjBweCAwOyI+CjxpbWcgc3JjPSJodHRwOi8vd3d3LnJha3V0ZW4ubmUuanAvZ29sZC9wb3dlcmdvbGYvYXNwLzFfZ3Jhbmsvc2lnbmJvYXJkX2ltZy5wbmciIHdpZHRoPSI3MDBweCI+PGJyLz4KPGRpdiBzdHlsZT0id2lkdGg6Njk4cHg7IGhlaWdodDoyODBweDsgb3ZlcmZsb3c6aGlkZGVuOyBib3JkZXI6MXB4IHNvbGlkICNkZGQiPgoKPC9kaXY+CjwvZGl2Pgo8IS0tIOOBk+OBk+OBvuOBpyBHLeODqeODs+OCreODs+OCsCAtLT4KCjwhLS0g44GT44GT44GL44KJIOODquOCouWPlyAtLT4KPGRpdiBzdHlsZT0id2lkdGg6NzAwcHg7IG92ZXJmbG93OmhpZGRlbjsgYmFja2dyb3VuZC1jb2xvcjojZmQ3YzE2IiBhbGlnbj0ibGVmdCI+CiAgPGRpdiBzdHlsZT0icGFkZGluZzowcHggMHB4IDBweCA1cHg7IGJvcmRlcjoxcHggc29saWQgI2ZkN2MxNiI+CiAgICA8YiBzdHlsZT0iY29sb3I6I2ZmZjsgZm9udC1zaXplOjE2cHg7IGxpbmUtaGVpZ2h0OjI1cHg7Ij7jgZTms6jmlofjgYLjgorjgYzjgajjgYbjgZTjgZbjgYTjgb7jgZk8L2I+CiAgPC9kaXY+CjwvZGl2Pgo8ZGl2IHN0eWxlPSJ3aWR0aDo3MDBweDsgaGVpZ2h0OjI4MHB4OyBvdmVyZmxvdzpoaWRkZW47IG1hcmdpbi1ib3R0b206MjBweDsiIGFsaWduPSJjZW50ZXIiPgogICAgCjwvZGl2Pgo8IS0tIOOBk+OBk+OBvuOBpyDjg6rjgqLlj5cgLS0+Cgo8IS0tIOOBk+OBk+OBi+OCiSDjg6rjgqLjgrPjg6EgLS0+CjxkaXYgc3R5bGU9IndpZHRoOjcwMHB4OyBvdmVyZmxvdzpoaWRkZW47IGJhY2tncm91bmQtY29sb3I6I2ZkN2MxNiIgYWxpZ249ImxlZnQiPgogIDxkaXYgc3R5bGU9InBhZGRpbmc6MHB4IDBweCAwcHggNXB4OyBib3JkZXI6MXB4IHNvbGlkICNmZDdjMTYiPgogICAgPGIgc3R5bGU9ImNvbG9yOiNmZmY7IGZvbnQtc2l6ZToxNnB4OyBsaW5lLWhlaWdodDoyNXB4OyI+44GK5a6i5qeY44Gu5Zac44Gz44Gu5aOwPC9iPgogIDwvZGl2Pgo8L2Rpdj4KPGRpdiBzdHlsZT0id2lkdGg6NzAwcHg7IGhlaWdodDozMDBweDsgb3ZlcmZsb3c6aGlkZGVuIiBhbGlnbj0iY2VudGVyIj4KICAgIAo8L2Rpdj4KPCEtLSDjgZPjgZPjgb7jgacg44Oq44Ki44Kz44OhIC0tPg==,44CQ44Kw44Oq44OD44OX44CR44Km44Kj44Oz44OR44K/44O844CANzhOUyhHVy0wNjIp44CQ44K044Or44OV55So5ZOB44CRIHwg44K544Od44O844OE44O744Ki44Km44OI44OJ44KiIOOCtOODq+ODlSDjg5Hjg6/jg7zjgrTjg6vjg5UgcG93ZXJnb2xmIOmAmuiyqSAg44Ki44Km44OI44Os44OD44OI5L6h5qC877ya44OR44Ov44O844K044Or44OV77yIUG93ZXJHb2xm77yJ,44OW44Oq44OC44K544OI44Oz44OA44Oz44Ot44OD44OX44Oo44ON44OD44Kv44K544OK44Kk44Kt44Of44K644OO44Kw44Ot44O844OW44Oc44O844Or44K344Ol44O844K644K044Or44OV44Kv44Op44OW44OJ44Op44Kk44OQ44O844OV44Kn44Ki44Km44Kn44Kk44Km44OD44OJ44OR44K/44O844Km44Ko44Ki5rSL5pyN44Of44Ko44Kz44Km44Ko44K144Kz44Ki44OA44OQ44OD44OI44Oe44Oz44K344Oz44Kw77yw77yp77yj77yv77yu77yl44OA44Kk44Ov5Lit5Y+k44Kv44Op44OW44CQ44Kw44Oq44OD44OX44CR44Km44Kj44Oz44OR44K/44O844CANzhOUyhHVy0wNjIp44CQ44K044Or44OV55So5ZOB44CRIHwg44K544Od44O844OE44O744Ki44Km44OI44OJ44KiIOOCtOODq+ODlSDjg5Hjg6/jg7zjgrTjg6vjg5UgcG93ZXJnb2xmIOmAmuiyqSAg44Ki44Km44OI44Os44OD44OI5L6h5qC8,44CQ44Kw44Oq44OD44OX44CR44Km44Kj44Oz44OR44K/44O844CANzhOUyhHVy0wNjIp44CQ44K044Or44OV55So5ZOB44CRIHwg44K544Od44O844OE44O744Ki44Km44OI44OJ44KiIOOCtOODq+ODlSDjg5Hjg6/jg7zjgrTjg6vjg5UgcG93ZXJnb2xmIOmAmuiyqSAg44Ki44Km44OI44Os44OD44OI5L6h5qC8[rn]
22-59982,aHR0cDovL3RzaG9wLnIxMHMuanAvcG93ZXJnb2xmL2NhYmluZXQvMDE0NDk3MjcvaW1nNTY3MTc4NTcuanBnP2ZpdGluPTcwMDo3MDA=,MTkyMC4wMDAw,,44K544Od44O844OE44O744Ki44Km44OI44OJ44KiID4g44K044Or44OVID4g44Kv44Op44OWID4g44Kv44Op44OW55So44OR44O844OEID4g44Kw44Oq44OD44OX,44CQ44Kw44Oq44OD44OX44CR44Km44Kj44Oz44OR44K/44O844Ot44K044CANzhXUyhXRy0wODQp44CQ44K044Or44OV55So5ZOB44CRIHwg44K544Od44O844OE44O744Ki44Km44OI44OJ44KiIOOCtOODq+ODlSDjg5Hjg6/jg7zjgrTjg6vjg5UgcG93ZXJnb2xmIOmAmuiyqSAg44Ki44Km44OI44Os44OD44OI5L6h5qC8,,44CM44Oh44O844Kr44O85biM5pyb5bCP5aOy5L6h5qC844Gv44Oh44O844Kr44O85ZWG5ZOB44K/44Kw44Gr5Z+644Gl44GE44Gm5o6y6LyJ44GX44Gm44GE44G+44GZ44CC44G+44Gf44CB56iO6L685L6h5qC844Gu44Oh44O844Kr44O85ZWG5ZOB44K/44Kw44Gv5pen56iO546H44Gn44Gu6KGo56S644Go44Gq44Gj44Gm44GK44KK44G+44GZ44CC44CNPGJyPjwhLS1RUuOCs+ODvOODiemWi+WniyDjgZPjga7kuK3jgafjga/mlLnooYzkuI3lj68tLT48YnI+PGJyPuOAjOODoeODvOOCq+ODvOW4jOacm+Wwj+WjsuS+oeagvOOBr+ODoeODvOOCq+ODvOWVhuWTgeOCv+OCsOOBq+WfuuOBpeOBhOOBpuaOsui8ieOBl+OBpuOBhOOBvuOBmeOAguOBvuOBn+OAgeeojui+vOS+oeagvOOBruODoeODvOOCq+ODvOWVhuWTgeOCv+OCsOOBr+aXp+eojueOh+OBp+OBruihqOekuuOBqOOBquOBo+OBpuOBiuOCiuOBvuOBmeOAguOAjTxicj48IS0tUVLjgrPjg7zjg4nntYLkuoYtLT4KCjxicj5JbiB0aGUgY2FzZSBvZiBvdmVyc2VhcyBzaGlwbWVudCwgY3VzdG9tZXJzIGhhdmUgdG8gcGF5IHRoZSBwb3N0YWdlIGV2ZW4gaWYgdGhlIHRvdGFsIGFtb3VudCBvZiBhbiBvcmRlciBpcyBtb3JlIHRoYW4gMTAsMDAwIHllbiBvciBhIHByb2R1Y3QgcGFnZSBzYXlzICJmcmVlIHNoaXBwaW5nIi4KCgo8IS0tIOOBk+OBk+OBi+OCiSBHLeODqeODs+OCreODs+OCsCAtLT4KPGRpdiBzdHlsZT0id2lkdGg6NzAwcHg7IG1hcmdpbjoyMHB4IDAgMjBweCAwOyI+CjxpbWcgc3JjPSJodHRwOi8vd3d3LnJha3V0ZW4ubmUuanAvZ29sZC9wb3dlcmdvbGYvYXNwLzFfZ3Jhbmsvc2lnbmJvYXJkX2ltZy5wbmciIHdpZHRoPSI3MDBweCI+PGJyLz4KPGRpdiBzdHlsZT0id2lkdGg6Njk4cHg7IGhlaWdodDoyODBweDsgb3ZlcmZsb3c6aGlkZGVuOyBib3JkZXI6MXB4IHNvbGlkICNkZGQiPgoKPC9kaXY+CjwvZGl2Pgo8IS0tIOOBk+OBk+OBvuOBpyBHLeODqeODs+OCreODs+OCsCAtLT4KCjwhLS0g44GT44GT44GL44KJIOODquOCouWPlyAtLT4KPGRpdiBzdHlsZT0id2lkdGg6NzAwcHg7IG92ZXJmbG93OmhpZGRlbjsgYmFja2dyb3VuZC1jb2xvcjojZmQ3YzE2IiBhbGlnbj0ibGVmdCI+CiAgPGRpdiBzdHlsZT0icGFkZGluZzowcHggMHB4IDBweCA1cHg7IGJvcmRlcjoxcHggc29saWQgI2ZkN2MxNiI+CiAgICA8YiBzdHlsZT0iY29sb3I6I2ZmZjsgZm9udC1zaXplOjE2cHg7IGxpbmUtaGVpZ2h0OjI1cHg7Ij7jgZTms6jmlofjgYLjgorjgYzjgajjgYbjgZTjgZbjgYTjgb7jgZk8L2I+CiAgPC9kaXY+CjwvZGl2Pgo8ZGl2IHN0eWxlPSJ3aWR0aDo3MDBweDsgaGVpZ2h0OjI4MHB4OyBvdmVyZmxvdzpoaWRkZW47IG1hcmdpbi1ib3R0b206MjBweDsiIGFsaWduPSJjZW50ZXIiPgogICAgCjwvZGl2Pgo8IS0tIOOBk+OBk+OBvuOBpyDjg6rjgqLlj5cgLS0+Cgo8IS0tIOOBk+OBk+OBi+OCiSDjg6rjgqLjgrPjg6EgLS0+CjxkaXYgc3R5bGU9IndpZHRoOjcwMHB4OyBvdmVyZmxvdzpoaWRkZW47IGJhY2tncm91bmQtY29sb3I6I2ZkN2MxNiIgYWxpZ249ImxlZnQiPgogIDxkaXYgc3R5bGU9InBhZGRpbmc6MHB4IDBweCAwcHggNXB4OyBib3JkZXI6MXB4IHNvbGlkICNmZDdjMTYiPgogICAgPGIgc3R5bGU9ImNvbG9yOiNmZmY7IGZvbnQtc2l6ZToxNnB4OyBsaW5lLWhlaWdodDoyNXB4OyI+44GK5a6i5qeY44Gu5Zac44Gz44Gu5aOwPC9iPgogIDwvZGl2Pgo8L2Rpdj4KPGRpdiBzdHlsZT0id2lkdGg6NzAwcHg7IGhlaWdodDozMDBweDsgb3ZlcmZsb3c6aGlkZGVuIiBhbGlnbj0iY2VudGVyIj4KICAgIAo8L2Rpdj4KPCEtLSDjgZPjgZPjgb7jgacg44Oq44Ki44Kz44OhIC0tPg==,44CQ44Kw44Oq44OD44OX44CR44Km44Kj44Oz44OR44K/44O844Ot44K044CANzhXUyhXRy0wODQp44CQ44K044Or44OV55So5ZOB44CRIHwg44K544Od44O844OE44O744Ki44Km44OI44OJ44KiIOOCtOODq+ODlSDjg5Hjg6/jg7zjgrTjg6vjg5UgcG93ZXJnb2xmIOmAmuiyqSAg44Ki44Km44OI44Os44OD44OI5L6h5qC877ya44OR44Ov44O844K044Or44OV77yIUG93ZXJHb2xm77yJ,44OW44Oq44OC44K544OI44Oz44OA44Oz44Ot44OD44OX44Oo44ON44OD44Kv44K544OK44Kk44Kt44Of44K644OO44Kw44Ot44O844OW44Oc44O844Or44K344Ol44O844K644K044Or44OV44Kv44Op44OW44OJ44Op44Kk44OQ44O844OV44Kn44Ki44Km44Kn44Kk44Km44OD44OJ44OR44K/44O844Km44Ko44Ki5rSL5pyN44Of44Ko44Kz44Km44Ko44K144Kz44Ki44OA44OQ44OD44OI44Oe44Oz44K344Oz44Kw77yw77yp77yj77yv77yu77yl44OA44Kk44Ov5Lit5Y+k44Kv44Op44OW44CQ44Kw44Oq44OD44OX44CR44Km44Kj44Oz44OR44K/44O844Ot44K044CANzhXUyhXRy0wODQp44CQ44K044Or44OV55So5ZOB44CRIHwg44K544Od44O844OE44O744Ki44Km44OI44OJ44KiIOOCtOODq+ODlSDjg5Hjg6/jg7zjgrTjg6vjg5UgcG93ZXJnb2xmIOmAmuiyqSAg44Ki44Km44OI44Os44OD44OI5L6h5qC8,44CQ44Kw44Oq44OD44OX44CR44Km44Kj44Oz44OR44K/44O844Ot44K044CANzhXUyhXRy0wODQp44CQ44K044Or44OV55So5ZOB44CRIHwg44K544Od44O844OE44O744Ki44Km44OI44OJ44KiIOOCtOODq+ODlSDjg5Hjg6/jg7zjgrTjg6vjg5UgcG93ZXJnb2xmIOmAmuiyqSAg44Ki44Km44OI44Os44OD44OI5L6h5qC8[rn]
22-59983,aHR0cDovL3RzaG9wLnIxMHMuanAvcG93ZXJnb2xmL2NhYmluZXQvMDE0NDk3MjcvaW1nNTY3MTc4NjkuanBnP2ZpdGluPTcwMDo3MDA=,MjI0MC4wMDAw,,44K544Od44O844OE44O744Ki44Km44OI44OJ44KiID4g44K044Or44OVID4g44Kv44Op44OWID4g44Kv44Op44OW55So44OR44O844OEID4g44Kw44Oq44OD44OX,44CQ44Kw44Oq44OD44OX44CR44Km44Kj44Oz44OR44K/44O844CAODhXUyhHVy0wNjAp44CQ44K044Or44OV55So5ZOB44CRIHwg44K544Od44O844OE44O744Ki44Km44OI44OJ44KiIOOCtOODq+ODlSDjg5Hjg6/jg7zjgrTjg6vjg5UgcG93ZXJnb2xmIOmAmuiyqSAg44Ki44Km44OI44Os44OD44OI5L6h5qC8,,44CM44Oh44O844Kr44O85biM5pyb5bCP5aOy5L6h5qC844Gv44Oh44O844Kr44O85ZWG5ZOB44K/44Kw44Gr5Z+644Gl44GE44Gm5o6y6LyJ44GX44Gm44GE44G+44GZ44CC44G+44Gf44CB56iO6L685L6h5qC844Gu44Oh44O844Kr44O85ZWG5ZOB44K/44Kw44Gv5pen56iO546H44Gn44Gu6KGo56S644Go44Gq44Gj44Gm44GK44KK44G+44GZ44CC44CNPGJyPjwhLS1RUuOCs+ODvOODiemWi+WniyDjgZPjga7kuK3jgafjga/mlLnooYzkuI3lj68tLT48YnI+PGJyPuOAjOODoeODvOOCq+ODvOW4jOacm+Wwj+WjsuS+oeagvOOBr+ODoeODvOOCq+ODvOWVhuWTgeOCv+OCsOOBq+WfuuOBpeOBhOOBpuaOsui8ieOBl+OBpuOBhOOBvuOBmeOAguOBvuOBn+OAgeeojui+vOS+oeagvOOBruODoeODvOOCq+ODvOWVhuWTgeOCv+OCsOOBr+aXp+eojueOh+OBp+OBruihqOekuuOBqOOBquOBo+OBpuOBiuOCiuOBvuOBmeOAguOAjTxicj48IS0tUVLjgrPjg7zjg4nntYLkuoYtLT4KCjxicj5JbiB0aGUgY2FzZSBvZiBvdmVyc2VhcyBzaGlwbWVudCwgY3VzdG9tZXJzIGhhdmUgdG8gcGF5IHRoZSBwb3N0YWdlIGV2ZW4gaWYgdGhlIHRvdGFsIGFtb3VudCBvZiBhbiBvcmRlciBpcyBtb3JlIHRoYW4gMTAsMDAwIHllbiBvciBhIHByb2R1Y3QgcGFnZSBzYXlzICJmcmVlIHNoaXBwaW5nIi4KCgo8IS0tIOOBk+OBk+OBi+OCiSBHLeODqeODs+OCreODs+OCsCAtLT4KPGRpdiBzdHlsZT0id2lkdGg6NzAwcHg7IG1hcmdpbjoyMHB4IDAgMjBweCAwOyI+CjxpbWcgc3JjPSJodHRwOi8vd3d3LnJha3V0ZW4ubmUuanAvZ29sZC9wb3dlcmdvbGYvYXNwLzFfZ3Jhbmsvc2lnbmJvYXJkX2ltZy5wbmciIHdpZHRoPSI3MDBweCI+PGJyLz4KPGRpdiBzdHlsZT0id2lkdGg6Njk4cHg7IGhlaWdodDoyODBweDsgb3ZlcmZsb3c6aGlkZGVuOyBib3JkZXI6MXB4IHNvbGlkICNkZGQiPgoKPC9kaXY+CjwvZGl2Pgo8IS0tIOOBk+OBk+OBvuOBpyBHLeODqeODs+OCreODs+OCsCAtLT4KCjwhLS0g44GT44GT44GL44KJIOODquOCouWPlyAtLT4KPGRpdiBzdHlsZT0id2lkdGg6NzAwcHg7IG92ZXJmbG93OmhpZGRlbjsgYmFja2dyb3VuZC1jb2xvcjojZmQ3YzE2IiBhbGlnbj0ibGVmdCI+CiAgPGRpdiBzdHlsZT0icGFkZGluZzowcHggMHB4IDBweCA1cHg7IGJvcmRlcjoxcHggc29saWQgI2ZkN2MxNiI+CiAgICA8YiBzdHlsZT0iY29sb3I6I2ZmZjsgZm9udC1zaXplOjE2cHg7IGxpbmUtaGVpZ2h0OjI1cHg7Ij7jgZTms6jmlofjgYLjgorjgYzjgajjgYbjgZTjgZbjgYTjgb7jgZk8L2I+CiAgPC9kaXY+CjwvZGl2Pgo8ZGl2IHN0eWxlPSJ3aWR0aDo3MDBweDsgaGVpZ2h0OjI4MHB4OyBvdmVyZmxvdzpoaWRkZW47IG1hcmdpbi1ib3R0b206MjBweDsiIGFsaWduPSJjZW50ZXIiPgogICAgCjwvZGl2Pgo8IS0tIOOBk+OBk+OBvuOBpyDjg6rjgqLlj5cgLS0+Cgo8IS0tIOOBk+OBk+OBi+OCiSDjg6rjgqLjgrPjg6EgLS0+CjxkaXYgc3R5bGU9IndpZHRoOjcwMHB4OyBvdmVyZmxvdzpoaWRkZW47IGJhY2tncm91bmQtY29sb3I6I2ZkN2MxNiIgYWxpZ249ImxlZnQiPgogIDxkaXYgc3R5bGU9InBhZGRpbmc6MHB4IDBweCAwcHggNXB4OyBib3JkZXI6MXB4IHNvbGlkICNmZDdjMTYiPgogICAgPGIgc3R5bGU9ImNvbG9yOiNmZmY7IGZvbnQtc2l6ZToxNnB4OyBsaW5lLWhlaWdodDoyNXB4OyI+44GK5a6i5qeY44Gu5Zac44Gz44Gu5aOwPC9iPgogIDwvZGl2Pgo8L2Rpdj4KPGRpdiBzdHlsZT0id2lkdGg6NzAwcHg7IGhlaWdodDozMDBweDsgb3ZlcmZsb3c6aGlkZGVuIiBhbGlnbj0iY2VudGVyIj4KICAgIAo8L2Rpdj4KPCEtLSDjgZPjgZPjgb7jgacg44Oq44Ki44Kz44OhIC0tPg==,44CQ44Kw44Oq44OD44OX44CR44Km44Kj44Oz44OR44K/44O844CAODhXUyhHVy0wNjAp44CQ44K044Or44OV55So5ZOB44CRIHwg44K544Od44O844OE44O744Ki44Km44OI44OJ44KiIOOCtOODq+ODlSDjg5Hjg6/jg7zjgrTjg6vjg5UgcG93ZXJnb2xmIOmAmuiyqSAg44Ki44Km44OI44Os44OD44OI5L6h5qC877ya44OR44Ov44O844K044Or44OV77yIUG93ZXJHb2xm77yJ,44OW44Oq44OC44K544OI44Oz44OA44Oz44Ot44OD44OX44Oo44ON44OD44Kv44K544OK44Kk44Kt44Of44K644OO44Kw44Ot44O844OW44Oc44O844Or44K344Ol44O844K644K044Or44OV44Kv44Op44OW44OJ44Op44Kk44OQ44O844OV44Kn44Ki44Km44Kn44Kk44Km44OD44OJ44OR44K/44O844Km44Ko44Ki5rSL5pyN44Of44Ko44Kz44Km44Ko44K144Kz44Ki44OA44OQ44OD44OI44Oe44Oz44K344Oz44Kw77yw77yp77yj77yv77yu77yl44OA44Kk44Ov5Lit5Y+k44Kv44Op44OW44CQ44Kw44Oq44OD44OX44CR44Km44Kj44Oz44OR44K/44O844CAODhXUyhHVy0wNjAp44CQ44K044Or44OV55So5ZOB44CRIHwg44K544Od44O844OE44O744Ki44Km44OI44OJ44KiIOOCtOODq+ODlSDjg5Hjg6/jg7zjgrTjg6vjg5UgcG93ZXJnb2xmIOmAmuiyqSAg44Ki44Km44OI44Os44OD44OI5L6h5qC8,44CQ44Kw44Oq44OD44OX44CR44Km44Kj44Oz44OR44K/44O844CAODhXUyhHVy0wNjAp44CQ44K044Or44OV55So5ZOB44CRIHwg44K544Od44O844OE44O744Ki44Km44OI44OJ44KiIOOCtOODq+ODlSDjg5Hjg6/jg7zjgrTjg6vjg5UgcG93ZXJnb2xmIOmAmuiyqSAg44Ki44Km44OI44Os44OD44OI5L6h5qC8[rn]
22-59984,aHR0cDovL3RzaG9wLnIxMHMuanAvZXpha2ktZy9jYWJpbmV0L2xpbms3L3RwcmdwLWFkdi0wMy5qcGc/Zml0aW49NzAwOjcwMA==,MTMzMy42MDAw,,44K544Od44O844OE44O744Ki44Km44OI44OJ44KiID4g44K044Or44OVID4g44Kv44Op44OWID4g44Kv44Op44OW55So44OR44O844OEID4g44Kw44Oq44OD44OX,772B772E772W772J772T772P772S77yI44Ki44OJ44OQ44Kk44K244O877yJ77y077yw77yy44Kw44Oq44OD44OX44Km44OD44OJ77yG44Ki44Kk44Ki44Oz55So77yY5pys44K744OD44OI44CQ44GC44GZ5qW95a++5b+c44CR,44CQ5Y2z57SN44CR,PHA+Cgo8YnIgLz4KPGJyPgoKPC90YWJsZT4=,772B772E772W772J772T772P772S77yI44Ki44OJ44OQ44Kk44K244O877yJ77y077yw77yy44Kw44Oq44OD44OX44Km44OD44OJ77yG44Ki44Kk44Ki44Oz55So77yY5pys44K744OD44OI44CQ44GC44GZ5qW95a++5b+c44CR77ya77yl77y677yh77yr77yp44CA77yu77yl77y044CA77yn77yv77ys77ym,772B772E772W772J772T772P772S77yI44Ki44OJ44OQ44Kk44K244O877yJ77y077yw77yy44Kw44Oq44OD44OX44Km44OD44OJ77yG44Ki44Kk44Ki44Oz55So77yY5pys44K744OD44OI44CQ44GC44GZ5qW95a++5b+c44CR,44CQ5Y2z57SN44CR44CC772B772E772W772J772T772P772S77yI44Ki44OJ44OQ44Kk44K244O877yJ77y077yw77yy44Kw44Oq44OD44OX44Km44OD44OJ77yG44Ki44Kk44Ki44Oz55So77yY5pys44K744OD44OI44CQ44GC44GZ5qW95a++5b+c44CR[rn]
22-59985,aHR0cDovL3RzaG9wLnIxMHMuanAvZXpha2ktZy9jYWJpbmV0L2xpbms3L3NzLXBsdXMtdXMtMDMuanBnP2ZpdGluPTcwMDo3MDA=,MjAwMC4wMDAw,,44K544Od44O844OE44O744Ki44Km44OI44OJ44KiID4g44K044Or44OVID4g44Kv44Op44OWID4g44Kv44Op44OW55So44OR44O844OEID4g44Kw44Oq44OD44OX,44CQ77y177yz55u06Ly45YWl5ZOB44CR77yz772V772Q772F772S77yz772U772S772P772L772F77yI44K544O844OR44O844K544OI44Ot44O844Kv77yJ77yw77ys77y177yz44CA77yz77yl77yy77yp77yl77yz44CA77yS77yO77yQ77y477ys77yI44OX44Op44K544K344Oq44O844K677yJ44OR44K/44O844Kw44Oq44OD44OX44CQ44GC44GZ5qW95a++5b+c44CR,44CA,PHA+Cgo8YnIgLz4KPGJyPgoKPC90YWJsZT4=,44CQ77y177yz55u06Ly45YWl5ZOB44CR77yz772V772Q772F772S77yz772U772S772P772L772F77yI44K544O844OR44O844K544OI44Ot44O844Kv77yJ77yw77ys77y177yz44CA77yz77yl77yy77yp77yl77yz44CA77yS77yO77yQ77y477ys77yI44OX44Op44K544K344Oq44O844K677yJ44OR44K/44O844Kw44Oq44OD44OX44CQ44GC44GZ5qW95a++5b+c44CR77ya77yl77y677yh77yr77yp44CA77yu77yl77y044CA77yn77yv77ys77ym,44CQ77y177yz55u06Ly45YWl5ZOB44CR77yz772V772Q772F772S77yz772U772S772P772L772F77yI44K544O844OR44O844K544OI44Ot44O844Kv77yJ77yw77ys77y177yz44CA77yz77yl77yy77yp77yl77yz44CA77yS77yO77yQ77y477ys77yI44OX44Op44K544K344Oq44O844K677yJ44OR44K/44O844Kw44Oq44OD44OX44CQ44GC44GZ5qW95a++5b+c44CR,44CA44CC44CQ77y177yz55u06Ly45YWl5ZOB44CR77yz772V772Q772F772S77yz772U772S772P772L772F77yI44K544O844OR44O844K544OI44Ot44O844Kv77yJ77yw77ys77y177yz44CA77yz77yl77yy77yp77yl77yz44CA77yS77yO77yQ77y477ys77yI44OX44Op44K544K344Oq44O844K677yJ44OR44K/44O844Kw44Oq44OD44OX44CQ44GC44GZ5qW95a++5b+c44CR[rn]
22-59986,aHR0cDovL3RzaG9wLnIxMHMuanAvZXpha2ktZy9jYWJpbmV0L2xpbms3L3NzLXBsdXMtdXMtMDcuanBnP2ZpdGluPTcwMDo3MDA=,MjAwMC4wMDAw,,44K544Od44O844OE44O744Ki44Km44OI44OJ44KiID4g44K044Or44OVID4g44Kv44Op44OWID4g44Kv44Op44OW55So44OR44O844OEID4g44Kw44Oq44OD44OX,44CQ77y177yz55u06Ly45YWl5ZOB44CR77yz772V772Q772F772S77yz772U772S772P772L772F77yI44K544O844OR44O844K544OI44Ot44O844Kv77yJ77yw77ys77y177yz44CA77yz77yl77yy77yp77yl77yz44CA77yT77yO77yQ77y477ys77yI44OX44Op44K544K344Oq44O844K677yJ44OR44K/44O844Kw44Oq44OD44OX44CQ44GC44GZ5qW95a++5b+c44CR,44CA,PHA+Cgo8YnIgLz4KPGJyPgoKPC90YWJsZT4=,44CQ77y177yz55u06Ly45YWl5ZOB44CR77yz772V772Q772F772S77yz772U772S772P772L772F77yI44K544O844OR44O844K544OI44Ot44O844Kv77yJ77yw77ys77y177yz44CA77yz77yl77yy77yp77yl77yz44CA77yT77yO77yQ77y477ys77yI44OX44Op44K544K344Oq44O844K677yJ44OR44K/44O844Kw44Oq44OD44OX44CQ44GC44GZ5qW95a++5b+c44CR77ya77yl77y677yh77yr77yp44CA77yu77yl77y044CA77yn77yv77ys77ym,44CQ77y177yz55u06Ly45YWl5ZOB44CR77yz772V772Q772F772S77yz772U772S772P772L772F77yI44K544O844OR44O844K544OI44Ot44O844Kv77yJ77yw77ys77y177yz44CA77yz77yl77yy77yp77yl77yz44CA77yT77yO77yQ77y477ys77yI44OX44Op44K544K344Oq44O844K677yJ44OR44K/44O844Kw44Oq44OD44OX44CQ44GC44GZ5qW95a++5b+c44CR,44CA44CC44CQ77y177yz55u06Ly45YWl5ZOB44CR77yz772V772Q772F772S77yz772U772S772P772L772F77yI44K544O844OR44O844K544OI44Ot44O844Kv77yJ77yw77ys77y177yz44CA77yz77yl77yy77yp77yl77yz44CA77yT77yO77yQ77y477ys77yI44OX44Op44K544K344Oq44O844K677yJ44OR44K/44O844Kw44Oq44OD44OX44CQ44GC44GZ5qW95a++5b+c44CR[rn]
22-59987,aHR0cDovL3RzaG9wLnIxMHMuanAvZ29sZnRoZW9yeS9jYWJpbmV0L2dyaXAvZ2JqLmpwZz9maXRpbj03MDA6NzAw,MTE2MC4wMDAw,,44K544Od44O844OE44O744Ki44Km44OI44OJ44KiID4g44K044Or44OVID4g44Kv44Op44OWID4g44Kv44Op44OW55So44OR44O844OEID4g44Kw44Oq44OD44OX,44OW44Oq44OC44K544OI44OzIEJyaWRnZXN0b25lIOOCquODquOCuOODiuODqyDjg6njg5Djg7zjgrDjg6rjg4Pjg5cgSjcxNeeUqCDvvIjjg6zjg4Pjg4nvvIkg44CQ5YWoM+eoruOAkSBHQkog44CQMjAw5YaG44KG44GG44Oh44O844Or6YWN6YCB5Y+v6IO944CR44CQ44K044Or44OV44CR,44CQ44KG44GG44Oh44O844Or5a++5b+c5ZWG5ZOB44CR,44KG44GG44Oh44O844Or6YWN6YCBKOeojui+vDQwMDDlhobku6XkuIrjga7jgYrosrfkuIrjgafpgIHmlpkyMDDlhobihpLnhKHmlpkhIe+8ieOBruWgtOWQiOOAgTHlsIHnrZLjgasxMOacrOOBvuOBp+WFpeOCjOOCi+OBk+OBqOOBjOOBp+OBjeOBvuOBmeOAguOBvuOBn+OBneOBruS7luOBlOazqOaEj+S6i+mgheOBq+OBpOOBhOOBpuOAjOmFjemAgeaWueazleOAjeOBruOAjOOChuOBhuODoeODvOODq+OAjeOCkuW/heOBmuOBlOS4gOiqreOBj+OBoOOBleOBhOOAgjxCUj48QlI+Cgrjg5bjg6rjg4Ljgrnjg4jjg7PimIZCcmlkZ2VzdG9uZSDjgqrjg6rjgrjjg4rjg6sg44Op44OQ44O844Kw44Oq44OD44OXIEo3MTXnlKggKOODrOODg+ODie+8iSDjgJDlhagz56iu44CRPEJSPgo8QlI+CuOCsOODquODg+ODl+WPo+W+hO+8mjAuNTgwIi8wLjYwMCIvMC42MjAiPEJSPgrjg5Djg4Pjgq/jg6njgqTjg7PvvJrnhKE8QlI+CumHjemHj++8mjxCUj4KMC41ODAi77yaNTEuNcKxMmc8QlI+CjAuNjAwIu+8mjQ5LjXCsTJnPEJSPgowLjYyMCLvvJo0Ni4wwrEyZzxCUj48ZGl2IGNsYXNzPSJpbWctYmxvY2siPgogPGltZyBzcmM9IiIgYWx0PSIiIC8+ICAKPC9kaXY+CjxzdHlsZT4KCgovKi0tLS0tLS0tLS0tLS0t6YCB5paZLS0tLS0tLS0tCjwhLS0Kc3Bhbi51bml0IHsKIGJhY2tncm91bmQ6IHVybChodHRwOi8vaW1hZ2UucmFrdXRlbi5jby5qcC9nb2xmdGhlb3J5L2NhYmluZXQvMDAwMC9jYXJ0X3NvdXJ5b3UtMS5naWYpCm5vLXJlcGVhdCBsZWZ0IHRvcDsKIHRleHQtaW5kZW50Oi05OTk5OwogZGlzcGxheTogYmxvY2s7CiB3aWR0aDogMzAwOwogaGVpZ2h0OiA1MDsKIG1hcmdpbjoxNXB4IDA7CiB9Ci0tPi0tLS0tLS0tLS0tLSovCgoKCi8qLS0tLS0tLS0tLS0tLS0tLS0tLS0tLS0tLS0tLS0tLS0tLS0tLS0tLS0tLS0tLS0tLS0tLS0tLS0tLS0tKi8KCi8qIOODnuOCpuOCueOCquODvOODkOODvCAqLwo8IS0tIAphOmhvdmVyIHsKb3BhY2l0eTowLjg7CmZpbHRlcjphbHBoYShvcGFjaXR5PTgwKTsKLW1zLWZpbHRlcjogImFscGhhKCBvcGFjaXR5PTgwICkiOwp9CmE6aG92ZXIgaW1nIHsKcG9zaXRpb246cmVsYXRpdmU7CnRvcDoxcHg7CmxlZnQ6MXB4Owp9CgotLT4KCi8qLS0tLS0tLS0tLS0tLS0tLS0tLS0tLS0tLS0tLS0tLS0tLS0tLS0tLS0tLS0tLS0tLS0tLS0tLS0tLS0tKi8KCi8qKgog44K/44Kk44OI44Or44O75YCk5q6144GC44Gf44KKCiovCgo8IS0tCgpzcGFuLmNhdGNoX2NvcHksCnNwYW4uaXRlbV9uYW1lIHsKICBsaW5lLWhlaWdodDogMTAwJTsKfQoKLyog44CQ54++5Zyo6Z2e6KGo56S644CR44Kt44Oj44OD44OB44Kz44OU44O85LiK6YOo44Gr44Op44OZ44Or44GM44Gk44GPIApzcGFuLmNhdGNoX2NvcHk6YmVmb3JlIHsKICAgIGNvbnRlbnQ6ICLlhajllYblk4Hjg53jgqTjg7Pjg4gz5YCN77yBIjsgLyrjg6njg5njg6vlhoXjga7mlofoqIAqLwogICAgd2lkdGg6IDE2MHB4OyAvKuODqeODmeODq+OBruOCteOCpOOCuiovCiAgICBiYWNrZ3JvdW5kLWNvbG9yOiAjYmYwMDAwOyAvKuODqeODmeODq+OBruiJsiovCiAgICBmb250LXNpemU6IDE1cHg7CiAgICBjb2xvcjogI2ZmZjsKICAgIHRleHQtYWxpZ246IGNlbnRlcjsKICAgIGRpc3BsYXk6IGJsb2NrOwogICAgcGFkZGluZzogMXB4IDRweDsKICAgIG1hcmdpbi1ib3R0b206IDRweDsKICAgIGJvcmRlci1yYWRpdXM6IDJweDsKICAgIGNsZWFyOiBib3RoOwp9CiovCgovKiDllYblk4HlkI3kuIvjgavlooPnlYznt5rjgYzlhaXjgosgKi8Kc3Bhbi5pdGVtX25hbWUgewogICAgZGlzcGxheTogYmxvY2s7CiAgICBib3JkZXItYm90dG9tOiAycHggZG90dGVkICNkZGQ7CiAgICBwYWRkaW5nLWJvdHRvbTogOHB4Owp9CgovKiDkvqHmoLzjgavmnqDnt5rjgYzjgaTjgY8gKi8KdGFibGUjcmFrdXRlbkxpbWl0ZWRJZF9jYXJ0IHsKICAgIGJhY2tncm91bmQtY29sb3I6ICNmOGY4Zjg7CiAgICBib3JkZXI6IDFweCBzb2xpZCAjZGRkOwogICAgcGFkZGluZzogOHB4OwogICAgbWFyZ2luOiAxNnB4IDA7Cn0KCnNwYW4ucHJpY2UxIHsKICAgIGNvbG9yOiAjMzMzICFpbXBvcnRhbnQ7CiAgICBmb250LXdlaWdodDogYm9sZDsKICAgIGZvbnQtc2l6ZTogODAlICFpbXBvcnRhbnQ7CiAgICBsaW5lLWhlaWdodDogMzBweDsKICAgIGRpc3BsYXk6IGlubGluZS1ibG9jazsKICAgIG1hcmdpbi1yaWdodDogMTZweDsKfQoKLS0+CgovKi0tLS0tLS0tLS0tLS0tLS0tLS0tLS0tLS0tLS0tLS0tLS0tLS0tLS0tLS0tLS0tLS0tLS0tLS0tLS0tLSovCi8qKgog44GK5rCX44Gr5YWl44KK5ZWG5ZOB55m76YyyCiovCiNyYWt1dGVuTGltaXRlZElkX2Fyb3VuZENhcnQgI3NlcnZpY2VUYWJsZVNtbCB0ZC5mYXZvcml0ZSB7IHBhZGRpbmctdG9wOiA1cHg7IH0KCiNyYWt1dGVuTGltaXRlZElkX2Fyb3VuZENhcnQgZGl2LmJvb2ttYXJrQXJlYSBkaXYuYmttIHsKCXdpZHRoOiA0MTBweCAhaW1wb3J0YW50OwoJaGVpZ2h0OiA4NXB4ICFpbXBvcnRhbnQ7CglwYWRkaW5nOiAwcHggMHB4ICFpbXBvcnRhbnQ7CglwYWRkaW5nLWJvdHRvbTogMHB4ICFpbXBvcnRhbnQ7Cn0KCiNyYWt1dGVuTGltaXRlZElkX2Fyb3VuZENhcnQgZGl2LmJvb2ttYXJrQXJlYSBkaXYuYmttIGEuYWRkQmttIHsKCXdpZHRoOiA0MTBweCAhaW1wb3J0YW50OwoJaGVpZ2h0OiA4NXB4ICFpbXBvcnRhbnQ7Cn0KCiNyYWt1dGVuTGltaXRlZElkX2Fyb3VuZENhcnQgZGl2LmJvb2ttYXJrQXJlYSBkaXYuYmttIGEuYWRkQmttIHNwYW4uYmttU3RhciB7CglkaXNwbGF5OiBpbmxpbmUtYmxvY2sgIWltcG9ydGFudDsKCXdpZHRoOiA0MTBweCAhaW1wb3J0YW50OwoJaGVpZ2h0OiA4NXB4ICFpbXBvcnRhbnQ7CgltYXJnaW46MTBweCAwcHggMzBweCAwcHggIWltcG9ydGFudDsKCWJhY2tncm91bmQ6IHVybChodHRwOi8vaW1hZ2UucmFrdXRlbi5jby5qcC9nb2xmdGhlb3J5L2NhYmluZXQvMDAwMC9jYXJ0X29raW5pX2l0ZW0uZ2lmKSBuby1yZXBlYXQgIWltcG9ydGFudDsKfQoKLyoqCiDjgYrmsJfjgavlhaXjgorlupfoiJfnmbvpjLIKKi8KCmRpdi5ib29rbWFya0FyZWEgewoJd2lkdGg6IDQxMHB4Owp9CgojcmFrdXRlbkxpbWl0ZWRJZF9hcm91bmRDYXJ0IGRpdi5zaG9wQm9va21hcmtBcmVhIGRpdi5zaG9wQmttIHsKCXdpZHRoOiA0MTBweCAhaW1wb3J0YW50OwoJaGVpZ2h0OiAzNXB4ICFpbXBvcnRhbnQ7CglwYWRkaW5nOiAwcHggMHB4ICFpbXBvcnRhbnQ7CglwYWRkaW5nLWxlZnQ6IDBweCAhaW1wb3J0YW50Owp9CgojcmFrdXRlbkxpbWl0ZWRJZF9hcm91bmRDYXJ0IGRpdi5zaG9wQm9va21hcmtBcmVhIGRpdi5zaG9wQmttIGEuYWRkU2hvcEJrbSBzcGFuLnNob3BCa21TdGFyIHsKCWRpc3BsYXk6IGlubGluZS1ibG9jayAhaW1wb3J0YW50OwoJd2lkdGg6IDQxMHB4ICFpbXBvcnRhbnQ7CgloZWlnaHQ6IDM1cHggIWltcG9ydGFudDsKCW1hcmdpbi1yaWdodDogMHB4ICFpbXBvcnRhbnQ7CgliYWNrZ3JvdW5kOiB1cmwoaHR0cDovL2ltYWdlLnJha3V0ZW4uY28uanAvZ29sZnRoZW9yeS9jYWJpbmV0LzAwMDAvY2FydF9va2luaV9zaG9wLmdpZikgbm8tcmVwZWF0ICFpbXBvcnRhbnQ7Cn0KCjwvc3R5bGU+CgoKCgoKCgo8IS0tIOWVhuWTgeODmuODvOOCuOOAjuODkeODs+OBj+OBmuOAj+OCq+OCueOCv+ODnuOCpOOCuijjg4fjgrbjgqTjg7MyKSAtLT4KPHN0eWxlIHR5cGU9InRleHQvY3NzIj4KPCEtLQp0ZC5zZHRleHQgewogICAgZm9udC1mYW1pbHk6IOODoeOCpOODquOCqjsKICAgIGZvbnQtc2l6ZTogMTFweDsgLyrjg4bjgq3jgrnjg4jjga7jgrXjgqTjgroqLwogICAgYmFja2dyb3VuZDogI2Y0ZjRmNDsgLyrlhajkvZPjga7og4zmma/oibIqLwogICAgcGFkZGluZzogNHB4OwogICAgYm9yZGVyLXJhZGl1czogMnB4OwogICAgYm9yZGVyOiAxcHggc29saWQgI2VlZTsgLyrmnqDnt5oqLwp9CnRkLnNkdGV4dCBhIHsKICAgIHRleHQtZGVjb3JhdGlvbjogbm9uZTsKICAgIGNvbG9yOiAjNDQ0OyAvKuODhuOCreOCueODiOOBruiJsiovCiAgICBkaXNwbGF5OiBpbmxpbmUtYmxvY2s7CiAgICBtYXJnaW46IDAgMTZweDsKfQotLT4KPC9zdHlsZT4KCgoKPHN0eWxlIHR5cGU9InRleHQvY3NzIj4KPCEtLQovKiDjg5Hjg7PjgY/jgZrjg6rjgrnjg4gKLS0tLS0tLS0tLS0tLS0tLS0tLS0tLSovCnRkLmJyZWFkY3J1bWJzX2xpc3R7CglwYWRkaW5nOjE2cHggMTBweDsKCWJhY2tncm91bmQ6I2VlZTsKCWRpc3BsYXk6YmxvY2s7Cgl3aWR0aDo3MTBweDsKCWJvcmRlci1ib3R0b206MnB4IHNvbGlkICNhYWE7Cn0KLyog44Kr44OG44K044Oq44Oq44K544OICi0tLS0tLS0tLS0tLS0tLS0tLS0tLS0qLwp0YWJsZSB0YWJsZSB0YWJsZSB0YWJsZSB0ZFt3aWR0aD0iMSUiXSBzcGFuLnN1YmNhdGVnb3J5X2xpc3R7CglkaXNwbGF5Om5vbmU7Cn0KdGFibGUgdGFibGUgdGFibGUgdGFibGUgdGRbd2lkdGg9IjMzJSJdIGEuc3ViY2F0ZWdvcnlfbGlzdHsKCWNvbG9yOiAjMzMzMzMzIWltcG9ydGFudDsKCWZvbnQtc2l6ZToxMnB4IWltcG9ydGFudDsKCXRleHQtZGVjb3JhdGlvbjpub25lOwoJYm9yZGVyOjFweCBzb2xpZCAjY2NjOwoJcGFkZGluZzo4cHggMDsKCWJvcmRlci1yYWRpdXM6OHB4OwoJd2lkdGg6OTAlOwoJZGlzcGxheTpibG9jazsKCXRyYW5zaXRpb246IGFsbCAwLjJzIGVhc2UgMHM7CgltYXJnaW46MCAwIDEwcHg7Cgl0ZXh0LWFsaWduOmNlbnRlcjsKCXBvc2l0aW9uOnJlbGF0aXZlOwoJYmFja2dyb3VuZDojRkZGOwp9CnRhYmxlIHRhYmxlIHRhYmxlIHRhYmxlIHRkW3dpZHRoPSIzMyUiXSBhLnN1YmNhdGVnb3J5X2xpc3Q6YWZ0ZXJ7Cgljb250ZW50OiI+IjsKCWZvbnQtc2l6ZToxMnB4OwoJbWFyZ2luOi02cHggMCAwOwoJZGlzcGxheTpibG9jazsKCXBvc2l0aW9uOmFic29sdXRlOwoJcmlnaHQ6NXB4OwoJdG9wOjUwJTsKfQp0YWJsZSB0YWJsZSB0YWJsZSB0YWJsZSB0ZFt3aWR0aD0iMzMlIl0gYS5zdWJjYXRlZ29yeV9saXN0OmhvdmVyewoJYmFja2dyb3VuZDojNTU1OwoJY29sb3I6I0ZGRiFpbXBvcnRhbnQ7Cglib3JkZXItY29sb3I6IzU1NTsKfQotLT4KPC9zdHlsZT4KCgo8IS0tIOWTgeWQjeODu+OCreODo+ODg+ODgeOCs+ODlOODvCDmloflrZfjgqvjgrnjgr/jg6AgLS0+CjxzdHlsZSB0eXBlPSJ0ZXh0L2NzcyI+CjwhLS0KCi5pdGVtX25hbWUgewpkaXNwbGF5OmJsb2NrOwptYXJnaW4tYm90dG9tOjE1cHg7CmxpbmUtaGVpZ2h0OjExcHg7CmxldHRlci1zcGFjaW5nOjFweDsKfQoKLmNhdGNoX2NvcHkgewpkaXNwbGF5OmJsb2NrOwptYXJnaW4tYm90dG9tOjEwcHg7Cn0KCi0tPgo8L3N0eWxlPg==,44OW44Oq44OC44K544OI44OzIEJyaWRnZXN0b25lIOOCquODquOCuOODiuODqyDjg6njg5Djg7zjgrDjg6rjg4Pjg5cgSjcxNeeUqCDvvIjjg6zjg4Pjg4nvvIkg44CQ5YWoM+eoruOAkSBHQkog44CQMjAw5YaG44KG44GG44Oh44O844Or6YWN6YCB5Y+v6IO944CR44CQ44K044Or44OV44CR77ya44K044Or44OV44K744Kq44Oq44O8,44K544Oq44O844OW44OV44OD44OI44K444On44Kk44Kv44Op44OW44Oq44K344Oj44OV44OI44K344Oj44OV44OI44Kw44Oq44OD44OX44K044Or44OV44K744Kq44Oq44O844K544OR44Kk44Kv6Yuy44OG44O844Op44O844Oh44Kk44OJ44Kt44Oj44Ot44Km44Kn44Kk44Kq44OH44OD44K744Kk44OK44Kk44Kt44K/44Kk44OI44Oq44K544OI44K544Oq44Kv44K944Oz44OU44Oz44Kz44OW44Op44OR44O844OE44Oc44O844Or44K044Or44OV44OX44Op44Kk44OJ44Kk44Kq44Of44OD44Kv44OW44Oq44OC44K544OI44OzIEJyaWRnZXN0b25lIOOCquODquOCuOODiuODqyDjg6njg5Djg7zjgrDjg6rjg4Pjg5cgSjcxNeeUqCDvvIjjg6zjg4Pjg4nvvIkg44CQ5YWoM+eoruOAkSBHQkog44CQMjAw5YaG44KG44GG44Oh44O844Or6YWN6YCB5Y+v6IO944CR44CQ44K044Or44OV44CR,44CQ44KG44GG44Oh44O844Or5a++5b+c5ZWG5ZOB44CR44CC44OW44Oq44OC44K544OI44OzIEJyaWRnZXN0b25lIOOCquODquOCuOODiuODqyDjg6njg5Djg7zjgrDjg6rjg4Pjg5cgSjcxNeeUqCDvvIjjg6zjg4Pjg4nvvIkg44CQ5YWoM+eoruOAkSBHQkog44CQMjAw5YaG44KG44GG44Oh44O844Or6YWN6YCB5Y+v6IO944CR44CQ44K044Or44OV44CR[rn]
22-59988,aHR0cDovL3RzaG9wLnIxMHMuanAvYXhpc3JkL2NhYmluZXQvMDAzNTYyMzYvaW1ncmMwMDcxMjk3MTc4LmdpZj9maXRpbj03MDA6NzAw,MzY4OS42MDAw,,44K544Od44O844OE44O744Ki44Km44OI44OJ44KiID4g44K044Or44OVID4g44Kv44Op44OWID4g44Kv44Op44OW55So44OR44O844OEID4g44Kw44Oq44OD44OX,44CQMTDmnKzjgrvjg4Pjg4jjgJFHb2xmIFByaWRl77yI44K044Or44OV44OX44Op44Kk44OJ77yJ44OE44Ki44O844Op44OD44OXMkcgTTYwUuOAgOOCsOODquODg+ODl+ODkOODg+OCr+ODqeOCpOODs+eEoeOBlw==,44GK5b6X44GqMTDmnKzjgrvjg4Pjg4g=,PFRBQkxFIGJvcmRlcj0iMCIgd2lkdGg9IjYwMCI+CiAgPFRCT0RZPgogICAgPFRSPgogICAgICA8VEQgYWxpZ249ImNlbnRlciI+CiAgICAgIDxUQUJMRSBib3JkZXI9IjAiPgogICAgICAgIDxUQk9EWT4KICAgICAgICAgIDxUUj4KICAgICAgICAgICAgPFREPuOBl+OBo+OBqOOCiuaEn+OBqOe0oOadkOOBruaflOOCieOBi+OBleOBjOOAgeWEquOCjOOBn+ODleOCo+ODg+ODiOaEn+OBqOe1tuWmmeOBquODleOCo+ODvOODquODs+OCsOOCkuWun+ePvuOAgjxCUj4KICAgICAgICAgICAg6ICQ5LmF5oCn44CB44Kz44K544OI44OR44OV44Kp44O844Oe44Oz44K544Gr5YSq44KM44Gf6auY57KY552A5oCn44Op44OQ44O844KS5L2/55So44GX44Gf44CBPEJSPgogICAgICAgICAgICDjgZzjgYTjgZ/jgY/jgarjg6zjgrbjg7zpoqjjga7lpJboprPjgajmhJ/op6bjga7jg6/jg7Pjg5Tjg7zjgrnjga7jg6njg4Pjg5fjgr/jgqTjg5fjgrDjg6rjg4Pjg5fjgafjgZnjgII8L1REPgogICAgICAgICAgPC9UUj4KICAgICAgICA8L1RCT0RZPgogICAgICA8L1RBQkxFPgogICAgICA8L1REPgogICAgPC9UUj4KICAgIDxUUj4KICAgICAgPFREIGFsaWduPSJjZW50ZXIiPjxJTUcgc3JjPSJodHRwOi8vaW1hZ2UucmFrdXRlbi5jby5qcC9heGlzcmQvY2FiaW5ldC8wMDM1NjIzNi9pbWdyYzAwNzEyOTcxNzguZ2lmIiB3aWR0aD0iNTAwIiBoZWlnaHQ9IjUwMCIgYm9yZGVyPSIwIj48L1REPgogICAgPC9UUj4KICAgIDxUUj4KICAgICAgPFREIGFsaWduPSJjZW50ZXIiPgogICAgICA8VEFCTEUgYm9yZGVyPSIwIj4KICAgICAgICA8VEJPRFk+CiAgICAgICAgICA8VFI+CiAgICAgICAgICAgIDxURD7ilqDjg6Ljg4fjg6vlkI3vvJrjg4TjgqLjg7zjg6njg4Pjg5cyRyA8QlI+CjxCUj4K4pag44Kw44Oq44OD44OX77ya44Km44OD44OJ44O744Ki44Kk44Ki44Oz55SoPEJSPgo8QlI+CuKWoOOCs+OCouOCteOCpOOCuu+8iOWPo+W+hO+8ie+8mk02MFLvvIjjg5Djg4Pjgq/jg6njgqTjg7PnhKHjgZfvvIkgPEJSPgo8QlI+CiAgICAgICAgICAgIOKWoOaomea6lumHjemHj++8mjQ5Z8KxIDxCUj4KPEJSPgogICAgICAgICAgICDilqDoo73pgKDlm73vvJpNYWRlIGluIFRoYWlsYW5kPC9URD4KICAgICAgICAgIDwvVFI+CiAgICAgICAgPC9UQk9EWT4KICAgICAgPC9UQUJMRT4KICAgICAgPC9URD4KICAgIDwvVFI+CiAgICA8VFI+CiAgICAgIDxURCBhbGlnbj0iY2VudGVyIj48Rk9OVCBmYWNlPSLvvK3vvLMg44K044K344OD44KvIiBjb2xvcj0iI2ExMDAwMCIgc2l6ZT0iMiI+4piG5a6f6Zqb44Gu5ZWG5ZOB44Gu6Imy44Go44CB44Gn44GN44KL44Gg44GR6L+R44GE6Imy44Gn44GU6Kan44GE44Gf44Gg44GR44KL44KI44GG44GrPEJSPuOAgOazqOaEj+OCkuaJleOBo+OBpuOBiuOCiuOBvuOBmeOBjOOAgeODouODi+OCv+ODvOOBruaYjuOCi+OBleioreWumuOBquOBqeOBq+OCiOOCiuOAgTxCUj7jgIDlpJrlsJHoibLlkIjjgYTjgYznlbDjgarjgaPjgabopovjgYjjgovloLTlkIjjgYzjgZTjgZbjgYTjgb7jgZnjgYzjgIHjgZTkuobmib/jgY/jgaDjgZXjgYQ8L0ZPTlQ+PC9URD4KICAgIDwvVFI+CiAgICA8VFI+CiAgICAgIDxURD4KICAgICAgPEhSPgogICAgICA8L1REPgogICAgPC9UUj4KICA8L1RCT0RZPgo8L1RBQkxFPjxzdHlsZSB0eXBlPSJ0ZXh0L2NzcyI+CmJvZHl7CmJhY2tncm91bmQtaW1hZ2U6dXJsKGh0dHA6Ly9pbWFnZS5yYWt1dGVuLmNvLmpwL2F4aXNyZC9jYWJpbmV0LzAzNzgyNjkyL2ltZ3JjMDA3MTQyMzYwOS5qcGcpOwpiYWNrZ3JvdW5kLXJlcGVhdDpyZXBlYXQteTsKYmFja2dyb3VuZC1wb3NpdGlvbjpyaWdodDsKfQo8L3N0eWxlPgoKPEhSPgo8Q0VOVEVSPgo8VEFCTEUgd2lkdGg9IjYzMCIgYmdjb2xvcj0iI2ZmMDAwMCI+CiAgPFRCT0RZPgogICAgPFRSPgogICAgICA8VEQ+CiAgICAgIDxIUj4KICAgICAgPC9URD4KICAgIDwvVFI+CiAgICA8VFI+CiAgICAgIDxURCBhbGlnbj0iY2VudGVyIj48Qj48Rk9OVCBzaXplPSIrNCIgY29sb3I9IiNmZmZmMDAiPuacn+mWk+mZkOWumuOCr+ODvOODneODs+OBr+OBk+OBoeOCiTwvRk9OVD48Rk9OVCBzaXplPSIrMyIgY29sb3I9IiNmZmZmMDAiPjxCUj4KICAgICAg4pa844CA4pa844CA4pa844CA4pa844CA4pa8PC9GT05UPjwvQj48L1REPgogICAgPC9UUj4KICAgIDxUUj4KICAgICAgPFREIGFsaWduPSJjZW50ZXIiIGhlaWdodD0iMTMwIiB2YWxpZ249InRvcCI+PElNRyBzcmM9Imh0dHBzOi8vaW1hZ2UucmFrdXRlbi5jby5qcC9heGlzcmQvY2FiaW5ldC8wMzc4MjY5Mi9pbWdyYzAwNzE3MjQ2MDYuanBnIiB3aWR0aD0iNjQwIiBoZWlnaHQ9IjIwMCIgYm9yZGVyPSIwIj48L1REPgogICAgPC9UUj4KICAgIDxUUj4KICAgICAgPFREIGFsaWduPSJjZW50ZXIiPjxGT05UIGNvbG9yPSIjZmZmZmZmIiBzaXplPSIrMSI+PEZPTlQgc2l6ZT0iKzAiPjxCPjxGT05UIHNpemU9Ii0yIj48Rk9OVCBzaXplPSItMSI+4oC744GK5LiA5Lq65qeYMeWbnuOBvuOBp+OBruOBlOWIqeeUqOOBqOOBquOCiuOBvuOBmeOAguOBneOBruS7luOBruOCr+ODvOODneODs+OBqOOBruOAkOS9teeUqOS4jeWPr+OAkeOAgjxCUj4KICAgICAg4oC75pei5a6a44Gu5Yip55So5LiK6ZmQ44Gr6YGU44GX44Gf5q616ZqO44Gn44Kv44O844Od44Oz44Gu44GU5Yip55So44Gv5LiN5Y+v44Go44Gq44KK44G+44GZ44CCPC9GT05UPjwvRk9OVD48L0I+PC9GT05UPjxCUj4KICAgICAgPC9GT05UPjxGT05UIGNvbG9yPSIjMDAwMGZmIiBzaXplPSItMSI+PEZPTlQgc2l6ZT0iLTEiIGNvbG9yPSIjMDAwMGZmIj48Rk9OVCBzaXplPSItMSIgY29sb3I9IiMwMDAwZmYiPjxGT05UIGNvbG9yPSIjMDAwMGZmIj48Rk9OVCBjb2xvcj0iIzAwMDBmZiI+PEZPTlQgY29sb3I9IiMwMDAwZmYiPjxGT05UIGNvbG9yPSIjMDAwMGZmIj48Qj48Rk9OVCBzaXplPSItMSIgY29sb3I9IiMwMDAwZmYiPjxGT05UIHNpemU9Ii0xIiBjb2xvcj0iI2ZmZmYwMCI+4oC744GU5rOo5paH56K65a6a5b6M44Gu44Kv44O844Od44Oz5Yip55So44Gv5LiN5Y+v44Go44Gq44KK44G+44GZ44Gu44Gn44CB5b+F44Ga44GU5rOo5paH5YmN44Gr44Kv44O844Od44Oz44KS542y5b6X5LiL44GV44GE44CCPC9GT05UPjwvRk9OVD48L0I+PC9GT05UPjwvRk9OVD48L0ZPTlQ+PC9GT05UPjwvRk9OVD48L0ZPTlQ+PC9GT05UPjwvVEQ+CiAgICA8L1RSPgogICAgPFRSPgogICAgICA8VEQ+CiAgICAgIDxIUj4KICAgICAgPC9URD4KICAgIDwvVFI+CiAgPC9UQk9EWT4KPC9UQUJMRT4KPC9DRU5URVI+CjxIUj4KPENFTlRFUj4KPFRBQkxFIHdpZHRoPSI2NDAiIGhlaWdodD0iMjIwIiBiZ2NvbG9yPSIjMDAwMDk5Ij4KICA8VEJPRFk+CiAgICA8VFI+CiAgICAgIDxURCBhbGlnbj0iY2VudGVyIj48Rk9OVCBjb2xvcj0iI2ZmMDAwMCIgc2l6ZT0iKzQiPjxGT05UIHNpemU9Iis0IiBjb2xvcj0iI2ZmZmYwMCI+PEZPTlQgc2l6ZT0iKzQiIGNvbG9yPSIjZmZmZjAwIj48Qj7jgJDpm4bjgYjvvIEg6Zuo55S344O76Zuo5aWz44CRPC9CPjwvRk9OVD48L0ZPTlQ+PC9GT05UPjxGT05UIGNvbG9yPSIjMDA5OTAwIiBzaXplPSIrNCI+PEZPTlQgc2l6ZT0iKzQiIGNvbG9yPSIjZmYwMDAwIj48Rk9OVCBzaXplPSIrNCIgY29sb3I9IiNmZjAwMDAiPjxCPjxCUj4KICAgICAgPC9CPjwvRk9OVD48L0ZPTlQ+PC9GT05UPgogICAgICA8Q0VOVEVSPgogICAgICA8VEFCTEU+CiAgICAgICAgPFRCT0RZPgogICAgICAgICAgPFRSPgogICAgICAgICAgICA8VEQ+PElNRyBzcmM9Imh0dHA6Ly9pbWFnZS5yYWt1dGVuLmNvLmpwL2F4aXNyZC9jYWJpbmV0LzAwMjM0ODQwL2ltZzU5NDIzNjI2LmpwZyIgd2lkdGg9IjI2NCIgaGVpZ2h0PSI3NSIgYm9yZGVyPSIwIj48L1REPgogICAgICAgICAgICA8VEQ+PElNRyBzcmM9Imh0dHA6Ly9pbWFnZS5yYWt1dGVuLmNvLmpwL2F4aXNyZC9jYWJpbmV0LzAwMjM0ODQwL2ltZzU5NDIzNjI2LmpwZyIgd2lkdGg9IjI2NCIgaGVpZ2h0PSI3NSIgYm9yZGVyPSIwIj48L1REPgogICAgICAgICAgPC9UUj4KICAgICAgICA8L1RCT0RZPgogICAgICA8L1RBQkxFPgogICAgICA8L0NFTlRFUj4KICAgICAgPEZPTlQgY29sb3I9IiMwMDk5MDAiIHNpemU9Iis0Ij48Rk9OVCBzaXplPSIrNCIgY29sb3I9IiNmZjAwMDAiPjxGT05UIHNpemU9Iis0IiBjb2xvcj0iI2ZmMDAwMCI+PEI+44K544Oq44Kv44K944OzIOmbqOWvvuetlumWoumAo+WVhuWTgTxCUj4KICAgICAg6LaF57W254m55L6h44K744O844Or54m56Kit5Lya5aC0PEJSPgogICAgICA8L0I+PC9GT05UPjwvRk9OVD48L0ZPTlQ+CiAgICAgIDxIUj4KICAgICAgPC9URD4KICAgIDwvVFI+CiAgPC9UQk9EWT4KPC9UQUJMRT4KPC9DRU5URVI+CjxDRU5URVI+CjxUQUJMRSB3aWR0aD0iNjQwIiBoZWlnaHQ9IjIyMCIgYmdjb2xvcj0iIzAwMDA5OSI+CiAgPFRCT0RZPgogICAgPFRSPgogICAgICA8VEQgYWxpZ249ImNlbnRlciI+PElNRyBzcmM9Imh0dHA6Ly9pbWFnZS5yYWt1dGVuLmNvLmpwL2F4aXNyZC9jYWJpbmV0LzAwMjM0ODQwL2ltZ3JjMDA3MTM4NTg5Mi5qcGciIHdpZHRoPSI2MDAiIGhlaWdodD0iMjAwIiBib3JkZXI9IjAiPjwvVEQ+CiAgICA8L1RSPgogIDwvVEJPRFk+CjwvVEFCTEU+CjwvQ0VOVEVSPgo8Q0VOVEVSPgogIDx0YWJsZSB3aWR0aD0iNjQwIiBoZWlnaHQ9IjIyMCIgYmdjb2xvcj0iIzAwMDA5OSI+CiAgICA8dGJvZHk+CiAgICAgIDx0cj4KICAgICAgICA8dGQgYWxpZ249ImNlbnRlciI+PElNRyBzcmM9Imh0dHA6Ly9pbWFnZS5yYWt1dGVuLmNvLmpwL2F4aXNyZC9jYWJpbmV0LzAwMjM0ODQwL2ltZ3JjMDA3MDA4NjUzMi5qcGciIHdpZHRoPSI2MDAiIGhlaWdodD0iMjAwIiBib3JkZXI9IjAiPjwvdGQ+CiAgICAgIDwvdHI+CiAgICA8L3Rib2R5PgogIDwvdGFibGU+CjwvQ0VOVEVSPgo8Q0VOVEVSPgo8VEFCTEUgd2lkdGg9IjY0MCIgaGVpZ2h0PSIyMjAiIGJnY29sb3I9IiMwMDAwOTkiPgogIDxUQk9EWT4KICAgIDxUUj4KICAgICAgPFREIGFsaWduPSJjZW50ZXIiPjxJTUcgc3JjPSJodHRwOi8vaW1hZ2UucmFrdXRlbi5jby5qcC9heGlzcmQvY2FiaW5ldC8wMDIzNDg0MC9pbWdyYzAwNzAwODY1MzAuanBnIiB3aWR0aD0iNjAwIiBoZWlnaHQ9IjIwMCIgYm9yZGVyPSIwIj48QlI+CiAgICAgIAogICAgICA8SFI+CiAgICAgIDwvVEQ+CiAgICA8L1RSPgogIDwvVEJPRFk+CjwvVEFCTEU+CjxIUj4KPFRBQkxFIHdpZHRoPSI2NDAiIGhlaWdodD0iMzIwIiBiZ2NvbG9yPSIjOTkwMDAwIj4KICA8VEJPRFk+CiAgICA8VFI+CiAgICAgIDxURCBhbGlnbj0iY2VudGVyIj48SU1HIHNyYz0iaHR0cHM6Ly9pbWFnZS5yYWt1dGVuLmNvLmpwL2F4aXNyZC9jYWJpbmV0LzAwMjM0ODQwL2ltZ3JjMDA3MTU2NDIyOC5qcGciIHdpZHRoPSI2MjAiIGhlaWdodD0iMzAwIiBib3JkZXI9IjAiPjwvVEQ+CiAgICA8L1RSPgogIDwvVEJPRFk+CjwvVEFCTEU+CjxIUj4KPENFTlRFUj4KPENFTlRFUj4KPFRBQkxFIHdpZHRoPSI2NDAiIGhlaWdodD0iMjYwIiBiZ2NvbG9yPSIjMDAwMDAwIj4KICA8VEJPRFk+CiAgICA8VFI+CiAgICAgIDxURCBhbGlnbj0iY2VudGVyIiBiZ2NvbG9yPSIjMDAwMDAwIj48SU1HIHNyYz0iaHR0cDovL2ltYWdlLnJha3V0ZW4uY28uanAvYXhpc3JkL2NhYmluZXQvMDAyMzQ4NDAvaW1ncmMwMDY4NjcwNDc3LmpwZyIgd2lkdGg9IjYzMCIgaGVpZ2h0PSIyNTAiIGJvcmRlcj0iMCI+PC9URD4KICAgIDwvVFI+CiAgPC9UQk9EWT4KPC9UQUJMRT4KPC9DRU5URVI+CjwvQ0VOVEVSPgo8L0NFTlRFUj4KPENFTlRFUj4KPEhSPgo8Q0VOVEVSPgo8VEFCTEUgd2lkdGg9IjYyMCIgaGVpZ2h0PSIyODgiIGJnY29sb3I9IiMwMDIwMDAiPgogIDxUQk9EWT4KICAgIDxUUj4KICAgICAgPFREIGFsaWduPSJjZW50ZXIiPjxJTUcgc3JjPSJodHRwOi8vaW1hZ2UucmFrdXRlbi5jby5qcC9heGlzcmQvY2FiaW5ldC8wMDIzNDg0MC9pbWdyYzAwNjY1NDQ3MTMuanBnIiB3aWR0aD0iNjAwIiBoZWlnaHQ9IjI2OCIgYm9yZGVyPSIwIj48L1REPgogICAgPC9UUj4KICA8L1RCT0RZPgo8L1RBQkxFPgo8L0NFTlRFUj4KPEhSPgo8Q0VOVEVSPgo8Q0VOVEVSPgo8VEFCTEUgd2lkdGg9IjYyMCIgaGVpZ2h0PSIyODgiPgogIDxUQk9EWT4KICAgIDxUUj4KICAgICAgPFREIGFsaWduPSJjZW50ZXIiIGJnY29sb3I9IiM2NjAwMDAiPjxJTUcgc3JjPSJodHRwOi8vaW1hZ2UucmFrdXRlbi5jby5qcC9heGlzcmQvY2FiaW5ldC8wMDIzNDg0MC9pbWdyYzAwNzEyNjY0MjAuanBnIiB3aWR0aD0iNjAwIiBoZWlnaHQ9IjI2OCIgYm9yZGVyPSIwIj48L1REPgogICAgPC9UUj4KICA8L1RCT0RZPgo8L1RBQkxFPgo8SFI+CjwvQ0VOVEVSPgo8L0NFTlRFUj4KPC9DRU5URVI+CjxIUj4KPENFTlRFUj4KPENFTlRFUj4KPFRBQkxFIHdpZHRoPSI2NDAiIGhlaWdodD0iMjQzIj4KICA8VEJPRFk+CiAgICA8VFI+CiAgICAgIDxURCBhbGlnbj0iY2VudGVyIiBiZ2NvbG9yPSIjMDAwMDAwIj48SU1HIHNyYz0iaHR0cDovL2ltYWdlLnJha3V0ZW4uY28uanAvYXhpc3JkL2NhYmluZXQvMDAyMDc0MzUvaW1ncmMwMDcxMzc1MTQ5LmpwZyIgd2lkdGg9IjYyMCIgaGVpZ2h0PSIyMjMiIGJvcmRlcj0iMCI+PC9URD4KICAgIDwvVFI+CiAgPC9UQk9EWT4KPC9UQUJMRT4KPC9DRU5URVI+CjwvQ0VOVEVSPgo8SFI+CjxDRU5URVI+CjxDRU5URVI+CjxUQUJMRSB3aWR0aD0iNjQwIiBoZWlnaHQ9IjI0MyI+CiAgPFRCT0RZPgogICAgPFRSPgogICAgICA8VEQgYWxpZ249ImNlbnRlciIgYmdjb2xvcj0iIzk5MDAwMCI+PElNRyBzcmM9Imh0dHA6Ly9pbWFnZS5yYWt1dGVuLmNvLmpwL2F4aXNyZC9jYWJpbmV0L290aGVycy9pbWdyYzAwNzEyNzQwNjcuanBnIiB3aWR0aD0iNjIwIiBoZWlnaHQ9IjIyMyIgYm9yZGVyPSIwIj48L1REPgogICAgPC9UUj4KICA8L1RCT0RZPgo8L1RBQkxFPgo8L0NFTlRFUj4KPEhSPgo8Q0VOVEVSPgo8VEFCTEUgd2lkdGg9IjY0MCIgaGVpZ2h0PSIyMjAiIGJnY29sb3I9IiNmZjAwMDAiPgogIDxUQk9EWT4KICAgIDxUUj4KICAgICAgPFREIGFsaWduPSJjZW50ZXIiPjxJTUcgc3JjPSJodHRwOi8vaW1hZ2UucmFrdXRlbi5jby5qcC9heGlzcmQvY2FiaW5ldC8wMDIzNDg0MC9pbWdyYzAwNzA3MzU5NzUuanBnIiB3aWR0aD0iNjAwIiBoZWlnaHQ9IjE5OCIgYm9yZGVyPSIwIj48L1REPgogICAgPC9UUj4KICA8L1RCT0RZPgo8L1RBQkxFPgo8L0NFTlRFUj4KPEhSPgo8VEFCTEUgd2lkdGg9IjY0MCIgaGVpZ2h0PSIzMjMiPgogIDxUQk9EWT4KICAgIDxUUj4KICAgICAgPFREIGFsaWduPSJjZW50ZXIiIGJnY29sb3I9IiMwMDAwOTkiPjxJTUcgc3JjPSJodHRwOi8vaW1hZ2UucmFrdXRlbi5jby5qcC9heGlzcmQvY2FiaW5ldC8wMDIzNDg0MC9pbWdyYzAwNzEyMjY0OTkuanBnIiB3aWR0aD0iNjIwIiBoZWlnaHQ9IjMwMyIgYm9yZGVyPSIwIj48L1REPgogICAgPC9UUj4KICA8L1RCT0RZPgo8L1RBQkxFPgo8SFI+CjxIUj4KPElNRyBzcmM9Imh0dHA6Ly9pbWFnZS5yYWt1dGVuLmNvLmpwL2F4aXNyZC9jYWJpbmV0LzA0NzIxODIzL2ltZ3JjMDA2OTEyMTQ3Ni5qcGciIHdpZHRoPSI2NDAiIGhlaWdodD0iNDM3IiBib3JkZXI9IjAiPjwvQ0VOVEVSPgo8SFI+,44CQMTDmnKzjgrvjg4Pjg4jjgJFHb2xmIFByaWRl77yI44K044Or44OV44OX44Op44Kk44OJ77yJ44OE44Ki44O844Op44OD44OXMkcgTTYwUuOAgOOCsOODquODg+ODl+ODkOODg+OCr+ODqeOCpOODs+eEoeOBl++8muOCouOCr+OCt+OCue+8su+8hu+8pOOCtOODq+ODlQ==,44Kr44K/44OK44Ob44Oz44Oe44K044Or44OV44K544Od44Or44OH44Kj44Oz44KwVEEtNUxCNjA244Kt44Oj44K544Kz44K044Or44OV44Oc44O844Or44OK44Kk44Kt44Oo44ON44OD44Kv44K544Ot44OD44K144Oh44OD44K244Oi44Oz44K244OA44Kk44OvTklLReOCquODjuODleOCreODo+ODh+OCo+ODvOODkOODg+OCsOODkeODvOOCt+ODouODs+OCreODo+ODreOCpuOCp+OCpOOCpuOCpOODq+OCveODs1hSLTA144OG44O844Op44O844Oh44Kk44OJ44Ot44OD44K144CQMTDmnKzjgrvjg4Pjg4jjgJFHb2xmIFByaWRl77yI44K044Or44OV44OX44Op44Kk44OJ77yJ44OE44Ki44O844Op44OD44OXMkcgTTYwUuOAgOOCsOODquODg+ODl+ODkOODg+OCr+ODqeOCpOODs+eEoeOBlw==,44GK5b6X44GqMTDmnKzjgrvjg4Pjg4jjgILjgJAxMOacrOOCu+ODg+ODiOOAkUdvbGYgUHJpZGXvvIjjgrTjg6vjg5Xjg5fjg6njgqTjg4nvvInjg4TjgqLjg7zjg6njg4Pjg5cyRyBNNjBS44CA44Kw44Oq44OD44OX44OQ44OD44Kv44Op44Kk44Oz54Sh44GX[rn]
22-59989,aHR0cDovL3RzaG9wLnIxMHMuanAvYXhpc3JkL2NhYmluZXQvMDAzNTYyMzYvaW1ncmMwMDcxMjk3MTc0LmdpZj9maXRpbj03MDA6NzAw,NDAwMC4wMDAw,,44K544Od44O844OE44O744Ki44Km44OI44OJ44KiID4g44K044Or44OVID4g44Kv44Op44OWID4g44Kv44Op44OW55So44OR44O844OEID4g44Kw44Oq44OD44OX,44CQMTDmnKzjgrvjg4Pjg4jjgJFHb2xmIFByaWRl77yI44K044Or44OV44OX44Op44Kk44OJ77yJREQyIOOCsOODquODg+ODlw==,44GK5b6X44GqMTDmnKzjgrvjg4Pjg4g=,PFRBQkxFIGJvcmRlcj0iMCIgd2lkdGg9IjYwMCI+CiAgPFRCT0RZPgogICAgPFRSPgogICAgICA8VEQgYWxpZ249ImNlbnRlciI+CiAgICAgIDxUQUJMRSBib3JkZXI9IjAiPgogICAgICAgIDxUQk9EWT4KICAgICAgICAgIDxUUj4KICAgICAgICAgICAgPFREPuKWoDLlsaTjg6njg5Djg7zjgrDjg6rjg4Pjg5c8QlI+CiAgICAgICAgICAgIDxCUj4KICAgICAgICAgICAg56Gs44GE5YaF6KOF77yI6buS44Op44OQ44O877yJ44GM44GX44Gj44GL44KK44GX44GfPEJSPgogICAgICAgICAgICDjg5vjg7zjg6vjg4nmhJ/jgpLjgIHmn5TjgonjgYvjgarlpJblsaTvvIjjgqvjg6njg7zjg6njg5Djg7zvvInjgYw8QlI+CiAgICAgICAgICAgIOOBl+OBo+OBqOOCiuOBqOOBl+OBn+aEn+inpuOCkuWun+ePvuOBl+OBpuOBhOOBvuOBmeOAgjxCUj4KICAgICAgICAgICAg44OX44Ot44Gu5pa544GL44KJ5Yid5b+D6ICF44Gu5pa544G+44Gn5bmF5bqD44GE44OX44Os44O844Ok44O844GuPEJSPgogICAgICAgICAgICDjgZTkvb/nlKjjgavpganjgZfjgabjgYrjgorjgb7jgZnjgII8L1REPgogICAgICAgICAgICA8VEQ+PElNRyBzcmM9Imh0dHA6Ly9pbWFnZS5yYWt1dGVuLmNvLmpwL2F4aXNyZC9jYWJpbmV0LzAwMzU2MjM2L2ltZ3JjMDA3MTI5NzgyNi5naWYiIHdpZHRoPSIxNjQiIGhlaWdodD0iMTU5IiBib3JkZXI9IjAiPjwvVEQ+CiAgICAgICAgICA8L1RSPgogICAgICAgIDwvVEJPRFk+CiAgICAgIDwvVEFCTEU+CiAgICAgIDwvVEQ+CiAgICA8L1RSPgogICAgPFRSPgogICAgICA8VEQgYWxpZ249ImNlbnRlciI+PElNRyBzcmM9Imh0dHA6Ly9pbWFnZS5yYWt1dGVuLmNvLmpwL2F4aXNyZC9jYWJpbmV0LzAwMzU2MjM2L2ltZ3JjMDA3MTI5NzE3NC5naWYiIHdpZHRoPSI1MDAiIGhlaWdodD0iNTAwIiBib3JkZXI9IjAiPjwvVEQ+CiAgICA8L1RSPgogICAgPFRSPgogICAgICA8VEQgYWxpZ249ImNlbnRlciI+CiAgICAgIDxUQUJMRSBib3JkZXI9IjAiPgogICAgICAgIDxUQk9EWT4KICAgICAgICAgIDxUUj4KICAgICAgICAgICAgPFREPuKWoOODouODh+ODq+WQje+8mkREMiA8QlI+CjxCUj4K4pag44Kw44Oq44OD44OX77ya44Km44OD44OJ44O744Ki44Kk44Ki44Oz55SoPEJSPgo8QlI+CiAgICAgICAgICAgIOKWoOOCs+OCouOCteOCpOOCuu+8iOWPo+W+hO+8ie+8mk02MO+8iOODkOODg+OCr+ODqeOCpOODs+acieOCiuOAgeODkOODg+OCr+ODqeOCpOODs+eEoeOBl++8iSA8QlI+CjxCUj4KICAgICAgICAgICAg4pag5qiZ5rqW6YeN6YeP77yaPEJSPgogICAgICAgICAgICDjg5vjg6/jgqTjg4jvvJo1NGfCse+8iOODkOODg+OCr+ODqeOCpOODs+acieOCiu+8iSA8QlI+CiAgICAgICAgICAgIOOCpOOCqOODreODvO+8mjUyZ8Kx77yI44OQ44OD44Kv44Op44Kk44Oz5pyJ44KK77yJPEJSPgogICAgICAgICAgICDjg6njgqTjg6DjgrDjg6rjg7zjg7PvvJo1MmfCse+8iOODkOODg+OCr+ODqeOCpOODs+acieOCiu+8iTxCUj4KICAgICAgICAgICAg44OW44Or44O877yaNTBnwrHvvIjjg5Djg4Pjgq/jg6njgqTjg7PnhKHjgZfvvIk8QlI+CiAgICAgICAgICAgIDxCUj4KICAgICAgICAgICAg4pag6KO96YCg5Zu977yaTWFkZSBpbiBUYWl3YW48L1REPgogICAgICAgICAgPC9UUj4KICAgICAgICA8L1RCT0RZPgogICAgICA8L1RBQkxFPgogICAgICA8L1REPgogICAgPC9UUj4KICAgIDxUUj4KICAgICAgPFREIGFsaWduPSJjZW50ZXIiPjxGT05UIGZhY2U9Iu+8re+8syDjgrTjgrfjg4Pjgq8iIGNvbG9yPSIjYTEwMDAwIiBzaXplPSIyIj7imIblrp/pmpvjga7llYblk4Hjga7oibLjgajjgIHjgafjgY3jgovjgaDjgZHov5HjgYToibLjgafjgZTopqfjgYTjgZ/jgaDjgZHjgovjgojjgYbjgas8QlI+44CA5rOo5oSP44KS5omV44Gj44Gm44GK44KK44G+44GZ44GM44CB44Oi44OL44K/44O844Gu5piO44KL44GV6Kit5a6a44Gq44Gp44Gr44KI44KK44CBPEJSPuOAgOWkmuWwkeiJsuWQiOOBhOOBjOeVsOOBquOBo+OBpuimi+OBiOOCi+WgtOWQiOOBjOOBlOOBluOBhOOBvuOBmeOBjOOAgeOBlOS6huaJv+OBj+OBoOOBleOBhDwvRk9OVD48L1REPgogICAgPC9UUj4KICAgIDxUUj4KICAgICAgPFREPgogICAgICA8SFI+CiAgICAgIDwvVEQ+CiAgICA8L1RSPgogIDwvVEJPRFk+CjwvVEFCTEU+PHN0eWxlIHR5cGU9InRleHQvY3NzIj4KYm9keXsKYmFja2dyb3VuZC1pbWFnZTp1cmwoaHR0cDovL2ltYWdlLnJha3V0ZW4uY28uanAvYXhpc3JkL2NhYmluZXQvMDM3ODI2OTIvaW1ncmMwMDcxNDIzNjA5LmpwZyk7CmJhY2tncm91bmQtcmVwZWF0OnJlcGVhdC15OwpiYWNrZ3JvdW5kLXBvc2l0aW9uOnJpZ2h0Owp9Cjwvc3R5bGU+Cgo8SFI+CjxDRU5URVI+CjxUQUJMRSB3aWR0aD0iNjMwIiBiZ2NvbG9yPSIjZmYwMDAwIj4KICA8VEJPRFk+CiAgICA8VFI+CiAgICAgIDxURD4KICAgICAgPEhSPgogICAgICA8L1REPgogICAgPC9UUj4KICAgIDxUUj4KICAgICAgPFREIGFsaWduPSJjZW50ZXIiPjxCPjxGT05UIHNpemU9Iis0IiBjb2xvcj0iI2ZmZmYwMCI+5pyf6ZaT6ZmQ5a6a44Kv44O844Od44Oz44Gv44GT44Gh44KJPC9GT05UPjxGT05UIHNpemU9IiszIiBjb2xvcj0iI2ZmZmYwMCI+PEJSPgogICAgICDilrzjgIDilrzjgIDilrzjgIDilrzjgIDilrw8L0ZPTlQ+PC9CPjwvVEQ+CiAgICA8L1RSPgogICAgPFRSPgogICAgICA8VEQgYWxpZ249ImNlbnRlciIgaGVpZ2h0PSIxMzAiIHZhbGlnbj0idG9wIj48SU1HIHNyYz0iaHR0cHM6Ly9pbWFnZS5yYWt1dGVuLmNvLmpwL2F4aXNyZC9jYWJpbmV0LzAzNzgyNjkyL2ltZ3JjMDA3MTcyNDYwNi5qcGciIHdpZHRoPSI2NDAiIGhlaWdodD0iMjAwIiBib3JkZXI9IjAiPjwvVEQ+CiAgICA8L1RSPgogICAgPFRSPgogICAgICA8VEQgYWxpZ249ImNlbnRlciI+PEZPTlQgY29sb3I9IiNmZmZmZmYiIHNpemU9IisxIj48Rk9OVCBzaXplPSIrMCI+PEI+PEZPTlQgc2l6ZT0iLTIiPjxGT05UIHNpemU9Ii0xIj7igLvjgYrkuIDkurrmp5gx5Zue44G+44Gn44Gu44GU5Yip55So44Go44Gq44KK44G+44GZ44CC44Gd44Gu5LuW44Gu44Kv44O844Od44Oz44Go44Gu44CQ5L2155So5LiN5Y+v44CR44CCPEJSPgogICAgICDigLvml6Llrprjga7liKnnlKjkuIrpmZDjgavpgZTjgZfjgZ/mrrXpmo7jgafjgq/jg7zjg53jg7Pjga7jgZTliKnnlKjjga/kuI3lj6/jgajjgarjgorjgb7jgZnjgII8L0ZPTlQ+PC9GT05UPjwvQj48L0ZPTlQ+PEJSPgogICAgICA8L0ZPTlQ+PEZPTlQgY29sb3I9IiMwMDAwZmYiIHNpemU9Ii0xIj48Rk9OVCBzaXplPSItMSIgY29sb3I9IiMwMDAwZmYiPjxGT05UIHNpemU9Ii0xIiBjb2xvcj0iIzAwMDBmZiI+PEZPTlQgY29sb3I9IiMwMDAwZmYiPjxGT05UIGNvbG9yPSIjMDAwMGZmIj48Rk9OVCBjb2xvcj0iIzAwMDBmZiI+PEZPTlQgY29sb3I9IiMwMDAwZmYiPjxCPjxGT05UIHNpemU9Ii0xIiBjb2xvcj0iIzAwMDBmZiI+PEZPTlQgc2l6ZT0iLTEiIGNvbG9yPSIjZmZmZjAwIj7igLvjgZTms6jmlofnorrlrprlvozjga7jgq/jg7zjg53jg7PliKnnlKjjga/kuI3lj6/jgajjgarjgorjgb7jgZnjga7jgafjgIHlv4XjgZrjgZTms6jmlofliY3jgavjgq/jg7zjg53jg7PjgpLnjbLlvpfkuIvjgZXjgYTjgII8L0ZPTlQ+PC9GT05UPjwvQj48L0ZPTlQ+PC9GT05UPjwvRk9OVD48L0ZPTlQ+PC9GT05UPjwvRk9OVD48L0ZPTlQ+PC9URD4KICAgIDwvVFI+CiAgICA8VFI+CiAgICAgIDxURD4KICAgICAgPEhSPgogICAgICA8L1REPgogICAgPC9UUj4KICA8L1RCT0RZPgo8L1RBQkxFPgo8L0NFTlRFUj4KPEhSPgo8Q0VOVEVSPgo8VEFCTEUgd2lkdGg9IjY0MCIgaGVpZ2h0PSIyMjAiIGJnY29sb3I9IiMwMDAwOTkiPgogIDxUQk9EWT4KICAgIDxUUj4KICAgICAgPFREIGFsaWduPSJjZW50ZXIiPjxGT05UIGNvbG9yPSIjZmYwMDAwIiBzaXplPSIrNCI+PEZPTlQgc2l6ZT0iKzQiIGNvbG9yPSIjZmZmZjAwIj48Rk9OVCBzaXplPSIrNCIgY29sb3I9IiNmZmZmMDAiPjxCPuOAkOmbhuOBiO+8gSDpm6jnlLfjg7vpm6jlpbPjgJE8L0I+PC9GT05UPjwvRk9OVD48L0ZPTlQ+PEZPTlQgY29sb3I9IiMwMDk5MDAiIHNpemU9Iis0Ij48Rk9OVCBzaXplPSIrNCIgY29sb3I9IiNmZjAwMDAiPjxGT05UIHNpemU9Iis0IiBjb2xvcj0iI2ZmMDAwMCI+PEI+PEJSPgogICAgICA8L0I+PC9GT05UPjwvRk9OVD48L0ZPTlQ+CiAgICAgIDxDRU5URVI+CiAgICAgIDxUQUJMRT4KICAgICAgICA8VEJPRFk+CiAgICAgICAgICA8VFI+CiAgICAgICAgICAgIDxURD48SU1HIHNyYz0iaHR0cDovL2ltYWdlLnJha3V0ZW4uY28uanAvYXhpc3JkL2NhYmluZXQvMDAyMzQ4NDAvaW1nNTk0MjM2MjYuanBnIiB3aWR0aD0iMjY0IiBoZWlnaHQ9Ijc1IiBib3JkZXI9IjAiPjwvVEQ+CiAgICAgICAgICAgIDxURD48SU1HIHNyYz0iaHR0cDovL2ltYWdlLnJha3V0ZW4uY28uanAvYXhpc3JkL2NhYmluZXQvMDAyMzQ4NDAvaW1nNTk0MjM2MjYuanBnIiB3aWR0aD0iMjY0IiBoZWlnaHQ9Ijc1IiBib3JkZXI9IjAiPjwvVEQ+CiAgICAgICAgICA8L1RSPgogICAgICAgIDwvVEJPRFk+CiAgICAgIDwvVEFCTEU+CiAgICAgIDwvQ0VOVEVSPgogICAgICA8Rk9OVCBjb2xvcj0iIzAwOTkwMCIgc2l6ZT0iKzQiPjxGT05UIHNpemU9Iis0IiBjb2xvcj0iI2ZmMDAwMCI+PEZPTlQgc2l6ZT0iKzQiIGNvbG9yPSIjZmYwMDAwIj48Qj7jgrnjg6rjgq/jgr3jg7Mg6Zuo5a++562W6Zai6YCj5ZWG5ZOBPEJSPgogICAgICDotoXntbbnibnkvqHjgrvjg7zjg6vnibnoqK3kvJrloLQ8QlI+CiAgICAgIDwvQj48L0ZPTlQ+PC9GT05UPjwvRk9OVD4KICAgICAgPEhSPgogICAgICA8L1REPgogICAgPC9UUj4KICA8L1RCT0RZPgo8L1RBQkxFPgo8L0NFTlRFUj4KPENFTlRFUj4KPFRBQkxFIHdpZHRoPSI2NDAiIGhlaWdodD0iMjIwIiBiZ2NvbG9yPSIjMDAwMDk5Ij4KICA8VEJPRFk+CiAgICA8VFI+CiAgICAgIDxURCBhbGlnbj0iY2VudGVyIj48SU1HIHNyYz0iaHR0cDovL2ltYWdlLnJha3V0ZW4uY28uanAvYXhpc3JkL2NhYmluZXQvMDAyMzQ4NDAvaW1ncmMwMDcxMzg1ODkyLmpwZyIgd2lkdGg9IjYwMCIgaGVpZ2h0PSIyMDAiIGJvcmRlcj0iMCI+PC9URD4KICAgIDwvVFI+CiAgPC9UQk9EWT4KPC9UQUJMRT4KPC9DRU5URVI+CjxDRU5URVI+CiAgPHRhYmxlIHdpZHRoPSI2NDAiIGhlaWdodD0iMjIwIiBiZ2NvbG9yPSIjMDAwMDk5Ij4KICAgIDx0Ym9keT4KICAgICAgPHRyPgogICAgICAgIDx0ZCBhbGlnbj0iY2VudGVyIj48SU1HIHNyYz0iaHR0cDovL2ltYWdlLnJha3V0ZW4uY28uanAvYXhpc3JkL2NhYmluZXQvMDAyMzQ4NDAvaW1ncmMwMDcwMDg2NTMyLmpwZyIgd2lkdGg9IjYwMCIgaGVpZ2h0PSIyMDAiIGJvcmRlcj0iMCI+PC90ZD4KICAgICAgPC90cj4KICAgIDwvdGJvZHk+CiAgPC90YWJsZT4KPC9DRU5URVI+CjxDRU5URVI+CjxUQUJMRSB3aWR0aD0iNjQwIiBoZWlnaHQ9IjIyMCIgYmdjb2xvcj0iIzAwMDA5OSI+CiAgPFRCT0RZPgogICAgPFRSPgogICAgICA8VEQgYWxpZ249ImNlbnRlciI+PElNRyBzcmM9Imh0dHA6Ly9pbWFnZS5yYWt1dGVuLmNvLmpwL2F4aXNyZC9jYWJpbmV0LzAwMjM0ODQwL2ltZ3JjMDA3MDA4NjUzMC5qcGciIHdpZHRoPSI2MDAiIGhlaWdodD0iMjAwIiBib3JkZXI9IjAiPjxCUj4KICAgICAgCiAgICAgIDxIUj4KICAgICAgPC9URD4KICAgIDwvVFI+CiAgPC9UQk9EWT4KPC9UQUJMRT4KPEhSPgo8VEFCTEUgd2lkdGg9IjY0MCIgaGVpZ2h0PSIzMjAiIGJnY29sb3I9IiM5OTAwMDAiPgogIDxUQk9EWT4KICAgIDxUUj4KICAgICAgPFREIGFsaWduPSJjZW50ZXIiPjxJTUcgc3JjPSJodHRwczovL2ltYWdlLnJha3V0ZW4uY28uanAvYXhpc3JkL2NhYmluZXQvMDAyMzQ4NDAvaW1ncmMwMDcxNTY0MjI4LmpwZyIgd2lkdGg9IjYyMCIgaGVpZ2h0PSIzMDAiIGJvcmRlcj0iMCI+PC9URD4KICAgIDwvVFI+CiAgPC9UQk9EWT4KPC9UQUJMRT4KPEhSPgo8Q0VOVEVSPgo8Q0VOVEVSPgo8VEFCTEUgd2lkdGg9IjY0MCIgaGVpZ2h0PSIyNjAiIGJnY29sb3I9IiMwMDAwMDAiPgogIDxUQk9EWT4KICAgIDxUUj4KICAgICAgPFREIGFsaWduPSJjZW50ZXIiIGJnY29sb3I9IiMwMDAwMDAiPjxJTUcgc3JjPSJodHRwOi8vaW1hZ2UucmFrdXRlbi5jby5qcC9heGlzcmQvY2FiaW5ldC8wMDIzNDg0MC9pbWdyYzAwNjg2NzA0NzcuanBnIiB3aWR0aD0iNjMwIiBoZWlnaHQ9IjI1MCIgYm9yZGVyPSIwIj48L1REPgogICAgPC9UUj4KICA8L1RCT0RZPgo8L1RBQkxFPgo8L0NFTlRFUj4KPC9DRU5URVI+CjwvQ0VOVEVSPgo8Q0VOVEVSPgo8SFI+CjxDRU5URVI+CjxUQUJMRSB3aWR0aD0iNjIwIiBoZWlnaHQ9IjI4OCIgYmdjb2xvcj0iIzAwMjAwMCI+CiAgPFRCT0RZPgogICAgPFRSPgogICAgICA8VEQgYWxpZ249ImNlbnRlciI+PElNRyBzcmM9Imh0dHA6Ly9pbWFnZS5yYWt1dGVuLmNvLmpwL2F4aXNyZC9jYWJpbmV0LzAwMjM0ODQwL2ltZ3JjMDA2NjU0NDcxMy5qcGciIHdpZHRoPSI2MDAiIGhlaWdodD0iMjY4IiBib3JkZXI9IjAiPjwvVEQ+CiAgICA8L1RSPgogIDwvVEJPRFk+CjwvVEFCTEU+CjwvQ0VOVEVSPgo8SFI+CjxDRU5URVI+CjxDRU5URVI+CjxUQUJMRSB3aWR0aD0iNjIwIiBoZWlnaHQ9IjI4OCI+CiAgPFRCT0RZPgogICAgPFRSPgogICAgICA8VEQgYWxpZ249ImNlbnRlciIgYmdjb2xvcj0iIzY2MDAwMCI+PElNRyBzcmM9Imh0dHA6Ly9pbWFnZS5yYWt1dGVuLmNvLmpwL2F4aXNyZC9jYWJpbmV0LzAwMjM0ODQwL2ltZ3JjMDA3MTI2NjQyMC5qcGciIHdpZHRoPSI2MDAiIGhlaWdodD0iMjY4IiBib3JkZXI9IjAiPjwvVEQ+CiAgICA8L1RSPgogIDwvVEJPRFk+CjwvVEFCTEU+CjxIUj4KPC9DRU5URVI+CjwvQ0VOVEVSPgo8L0NFTlRFUj4KPEhSPgo8Q0VOVEVSPgo8Q0VOVEVSPgo8VEFCTEUgd2lkdGg9IjY0MCIgaGVpZ2h0PSIyNDMiPgogIDxUQk9EWT4KICAgIDxUUj4KICAgICAgPFREIGFsaWduPSJjZW50ZXIiIGJnY29sb3I9IiMwMDAwMDAiPjxJTUcgc3JjPSJodHRwOi8vaW1hZ2UucmFrdXRlbi5jby5qcC9heGlzcmQvY2FiaW5ldC8wMDIwNzQzNS9pbWdyYzAwNzEzNzUxNDkuanBnIiB3aWR0aD0iNjIwIiBoZWlnaHQ9IjIyMyIgYm9yZGVyPSIwIj48L1REPgogICAgPC9UUj4KICA8L1RCT0RZPgo8L1RBQkxFPgo8L0NFTlRFUj4KPC9DRU5URVI+CjxIUj4KPENFTlRFUj4KPENFTlRFUj4KPFRBQkxFIHdpZHRoPSI2NDAiIGhlaWdodD0iMjQzIj4KICA8VEJPRFk+CiAgICA8VFI+CiAgICAgIDxURCBhbGlnbj0iY2VudGVyIiBiZ2NvbG9yPSIjOTkwMDAwIj48SU1HIHNyYz0iaHR0cDovL2ltYWdlLnJha3V0ZW4uY28uanAvYXhpc3JkL2NhYmluZXQvb3RoZXJzL2ltZ3JjMDA3MTI3NDA2Ny5qcGciIHdpZHRoPSI2MjAiIGhlaWdodD0iMjIzIiBib3JkZXI9IjAiPjwvVEQ+CiAgICA8L1RSPgogIDwvVEJPRFk+CjwvVEFCTEU+CjwvQ0VOVEVSPgo8SFI+CjxDRU5URVI+CjxUQUJMRSB3aWR0aD0iNjQwIiBoZWlnaHQ9IjIyMCIgYmdjb2xvcj0iI2ZmMDAwMCI+CiAgPFRCT0RZPgogICAgPFRSPgogICAgICA8VEQgYWxpZ249ImNlbnRlciI+PElNRyBzcmM9Imh0dHA6Ly9pbWFnZS5yYWt1dGVuLmNvLmpwL2F4aXNyZC9jYWJpbmV0LzAwMjM0ODQwL2ltZ3JjMDA3MDczNTk3NS5qcGciIHdpZHRoPSI2MDAiIGhlaWdodD0iMTk4IiBib3JkZXI9IjAiPjwvVEQ+CiAgICA8L1RSPgogIDwvVEJPRFk+CjwvVEFCTEU+CjwvQ0VOVEVSPgo8SFI+CjxUQUJMRSB3aWR0aD0iNjQwIiBoZWlnaHQ9IjMyMyI+CiAgPFRCT0RZPgogICAgPFRSPgogICAgICA8VEQgYWxpZ249ImNlbnRlciIgYmdjb2xvcj0iIzAwMDA5OSI+PElNRyBzcmM9Imh0dHA6Ly9pbWFnZS5yYWt1dGVuLmNvLmpwL2F4aXNyZC9jYWJpbmV0LzAwMjM0ODQwL2ltZ3JjMDA3MTIyNjQ5OS5qcGciIHdpZHRoPSI2MjAiIGhlaWdodD0iMzAzIiBib3JkZXI9IjAiPjwvVEQ+CiAgICA8L1RSPgogIDwvVEJPRFk+CjwvVEFCTEU+CjxIUj4KPEhSPgo8SU1HIHNyYz0iaHR0cDovL2ltYWdlLnJha3V0ZW4uY28uanAvYXhpc3JkL2NhYmluZXQvMDQ3MjE4MjMvaW1ncmMwMDY5MTIxNDc2LmpwZyIgd2lkdGg9IjY0MCIgaGVpZ2h0PSI0MzciIGJvcmRlcj0iMCI+PC9DRU5URVI+CjxIUj4=,44CQMTDmnKzjgrvjg4Pjg4jjgJFHb2xmIFByaWRl77yI44K044Or44OV44OX44Op44Kk44OJ77yJREQyIOOCsOODquODg+ODl++8muOCouOCr+OCt+OCue+8su+8hu+8pOOCtOODq+ODlQ==,44Kr44K/44OK44Ob44Oz44Oe44K044Or44OV44K544Od44Or44OH44Kj44Oz44KwVEEtNUxCNjA244Kt44Oj44K544Kz44K044Or44OV44Oc44O844Or44OK44Kk44Kt44Oo44ON44OD44Kv44K544Ot44OD44K144Oh44OD44K244Oi44Oz44K244OA44Kk44OvTklLReOCquODjuODleOCreODo+ODh+OCo+ODvOODkOODg+OCsOODkeODvOOCt+ODouODs+OCreODo+ODreOCpuOCp+OCpOOCpuOCpOODq+OCveODs1hSLTA144OG44O844Op44O844Oh44Kk44OJ44Ot44OD44K144CQMTDmnKzjgrvjg4Pjg4jjgJFHb2xmIFByaWRl77yI44K044Or44OV44OX44Op44Kk44OJ77yJREQyIOOCsOODquODg+ODlw==,44GK5b6X44GqMTDmnKzjgrvjg4Pjg4jjgILjgJAxMOacrOOCu+ODg+ODiOOAkUdvbGYgUHJpZGXvvIjjgrTjg6vjg5Xjg5fjg6njgqTjg4nvvIlERDIg44Kw44Oq44OD44OX[rn]
22-59990,aHR0cDovL3RzaG9wLnIxMHMuanAvYXhpc3JkL2NhYmluZXQvMDAzNjI0MDAvaW1ncmMwMDY3OTA3MTU4LmpwZz9maXRpbj03MDA6NzAw,MTM5MjYuNDAwMA==,,44K544Od44O844OE44O744Ki44Km44OI44OJ44KiID4g44K044Or44OVID4g44Kv44Op44OWID4g44Kv44Op44OW55So44OR44O844OEID4g44Kw44Oq44OD44OX,44K544Kz44OD44OG44Kj44Kt44Oj44Oh44Ot44OzTWF0YWRvciBNaWQtTGFyZ2UgMTEtSU7jgqvjg6njg7wg44Oe44K/44OJ44O844OrIOODn+ODg+ODieODqeODvOOCuCAxMS1JTiDjg5Hjgr/jg7zjgrDjg6rjg4Pjg5dVU+ODouODh+ODqw==,,PFRBQkxFIGJvcmRlcj0iMCIgd2lkdGg9IjYwMCI+CiAgPFRCT0RZPgogICAgPFRSPgogICAgICA8VEQgYWxpZ249ImNlbnRlciI+CiAgICAgIDxUQUJMRSBib3JkZXI9IjAiPgogICAgICAgIDxUQk9EWT4KICAgICAgICAgIDxUUj4KICAgICAgICAgICAgPFREPuKWoOWVhuWTgeWQje+8muOCq+ODqeODvOODnuOCv+ODieODvOODqyDjg5/jg4Pjg4njg6njg7zjgrggMTFpbiDjg5Hjgr/jg7zjgrDjg6rjg4Pjg5c8QlI+CiAgICAgICAgICAgIOKWoOOCq+ODqeODvO+8muODluODq+ODvOOAgeOCpOOCqOODreODvOOAgeODlOODs+OCr+OAgeOCsOODquODvOODszxCUj4KICAgICAgICAgICAg4pag6ZW344GV77ya57SEMjhjbTxCUj4KICAgICAgICAgICAg4pag6YeN6YePOjg1772HwrE8QlI+CiAgICAgICAgICAgIOKAu+WVhuWTgeOBr+aWsOWTgeOBruOCsOODquODg+ODl+OBq+OBquOCiuOBvuOBmeOAgjxCUj4KICAgICAgICAgICAg5paw5ZOB44Gu44OR44K/44O844GL44KJ5oqc44GE44Gf44OX44Or44Ki44Km44OI44Kw44Oq44OD44OX44Gn44Gv44GC44KK44G+44Gb44KT44CCPC9URD4KICAgICAgICAgIDwvVFI+CiAgICAgICAgPC9UQk9EWT4KICAgICAgPC9UQUJMRT4KICAgICAgPC9URD4KICAgIDwvVFI+CiAgICA8VFI+CiAgICAgIDxURCBhbGlnbj0iY2VudGVyIj48Rk9OVCBmYWNlPSLvvK3vvLMg44K044K344OD44KvIiBjb2xvcj0iI2ExMDAwMCIgc2l6ZT0iMiI+4piG5a6f6Zqb44Gu5ZWG5ZOB44Gu6Imy44Go44CB44Gn44GN44KL44Gg44GR6L+R44GE6Imy44Gn44GU6Kan44GE44Gf44Gg44GR44KL44KI44GG44GrPEJSPuOAgOazqOaEj+OCkuaJleOBo+OBpuOBiuOCiuOBvuOBmeOBjOOAgeODouODi+OCv+ODvOOBruaYjuOCi+OBleioreWumuOBquOBqeOBq+OCiOOCiuOAgTxCUj7jgIDlpJrlsJHoibLlkIjjgYTjgYznlbDjgarjgaPjgabopovjgYjjgovloLTlkIjjgYzjgZTjgZbjgYTjgb7jgZnjgYzjgIHjgZTkuobmib/jgY/jgaDjgZXjgYQ8L0ZPTlQ+PC9URD4KICAgIDwvVFI+CiAgICA8VFI+CiAgICAgIDxURD4KICAgICAgPEhSPgogICAgICA8L1REPgogICAgPC9UUj4KICA8L1RCT0RZPgo8L1RBQkxFPjxzdHlsZSB0eXBlPSJ0ZXh0L2NzcyI+CmJvZHl7CmJhY2tncm91bmQtaW1hZ2U6dXJsKGh0dHA6Ly9pbWFnZS5yYWt1dGVuLmNvLmpwL2F4aXNyZC9jYWJpbmV0LzAzNzgyNjkyL2ltZ3JjMDA3MTQyMzYwOS5qcGcpOwpiYWNrZ3JvdW5kLXJlcGVhdDpyZXBlYXQteTsKYmFja2dyb3VuZC1wb3NpdGlvbjpyaWdodDsKfQo8L3N0eWxlPgoKPEhSPgo8Q0VOVEVSPgo8VEFCTEUgd2lkdGg9IjYzMCIgYmdjb2xvcj0iI2ZmMDAwMCI+CiAgPFRCT0RZPgogICAgPFRSPgogICAgICA8VEQ+CiAgICAgIDxIUj4KICAgICAgPC9URD4KICAgIDwvVFI+CiAgICA8VFI+CiAgICAgIDxURCBhbGlnbj0iY2VudGVyIj48Qj48Rk9OVCBzaXplPSIrNCIgY29sb3I9IiNmZmZmMDAiPuacn+mWk+mZkOWumuOCr+ODvOODneODs+OBr+OBk+OBoeOCiTwvRk9OVD48Rk9OVCBzaXplPSIrMyIgY29sb3I9IiNmZmZmMDAiPjxCUj4KICAgICAg4pa844CA4pa844CA4pa844CA4pa844CA4pa8PC9GT05UPjwvQj48L1REPgogICAgPC9UUj4KICAgIDxUUj4KICAgICAgPFREIGFsaWduPSJjZW50ZXIiIGhlaWdodD0iMTMwIiB2YWxpZ249InRvcCI+PElNRyBzcmM9Imh0dHBzOi8vaW1hZ2UucmFrdXRlbi5jby5qcC9heGlzcmQvY2FiaW5ldC8wMzc4MjY5Mi9pbWdyYzAwNzE3MjQ2MDYuanBnIiB3aWR0aD0iNjQwIiBoZWlnaHQ9IjIwMCIgYm9yZGVyPSIwIj48L1REPgogICAgPC9UUj4KICAgIDxUUj4KICAgICAgPFREIGFsaWduPSJjZW50ZXIiPjxGT05UIGNvbG9yPSIjZmZmZmZmIiBzaXplPSIrMSI+PEZPTlQgc2l6ZT0iKzAiPjxCPjxGT05UIHNpemU9Ii0yIj48Rk9OVCBzaXplPSItMSI+4oC744GK5LiA5Lq65qeYMeWbnuOBvuOBp+OBruOBlOWIqeeUqOOBqOOBquOCiuOBvuOBmeOAguOBneOBruS7luOBruOCr+ODvOODneODs+OBqOOBruOAkOS9teeUqOS4jeWPr+OAkeOAgjxCUj4KICAgICAg4oC75pei5a6a44Gu5Yip55So5LiK6ZmQ44Gr6YGU44GX44Gf5q616ZqO44Gn44Kv44O844Od44Oz44Gu44GU5Yip55So44Gv5LiN5Y+v44Go44Gq44KK44G+44GZ44CCPC9GT05UPjwvRk9OVD48L0I+PC9GT05UPjxCUj4KICAgICAgPC9GT05UPjxGT05UIGNvbG9yPSIjMDAwMGZmIiBzaXplPSItMSI+PEZPTlQgc2l6ZT0iLTEiIGNvbG9yPSIjMDAwMGZmIj48Rk9OVCBzaXplPSItMSIgY29sb3I9IiMwMDAwZmYiPjxGT05UIGNvbG9yPSIjMDAwMGZmIj48Rk9OVCBjb2xvcj0iIzAwMDBmZiI+PEZPTlQgY29sb3I9IiMwMDAwZmYiPjxGT05UIGNvbG9yPSIjMDAwMGZmIj48Qj48Rk9OVCBzaXplPSItMSIgY29sb3I9IiMwMDAwZmYiPjxGT05UIHNpemU9Ii0xIiBjb2xvcj0iI2ZmZmYwMCI+4oC744GU5rOo5paH56K65a6a5b6M44Gu44Kv44O844Od44Oz5Yip55So44Gv5LiN5Y+v44Go44Gq44KK44G+44GZ44Gu44Gn44CB5b+F44Ga44GU5rOo5paH5YmN44Gr44Kv44O844Od44Oz44KS542y5b6X5LiL44GV44GE44CCPC9GT05UPjwvRk9OVD48L0I+PC9GT05UPjwvRk9OVD48L0ZPTlQ+PC9GT05UPjwvRk9OVD48L0ZPTlQ+PC9GT05UPjwvVEQ+CiAgICA8L1RSPgogICAgPFRSPgogICAgICA8VEQ+CiAgICAgIDxIUj4KICAgICAgPC9URD4KICAgIDwvVFI+CiAgPC9UQk9EWT4KPC9UQUJMRT4KPC9DRU5URVI+CjxIUj4KPENFTlRFUj4KPFRBQkxFIHdpZHRoPSI2NDAiIGhlaWdodD0iMjIwIiBiZ2NvbG9yPSIjMDAwMDk5Ij4KICA8VEJPRFk+CiAgICA8VFI+CiAgICAgIDxURCBhbGlnbj0iY2VudGVyIj48Rk9OVCBjb2xvcj0iI2ZmMDAwMCIgc2l6ZT0iKzQiPjxGT05UIHNpemU9Iis0IiBjb2xvcj0iI2ZmZmYwMCI+PEZPTlQgc2l6ZT0iKzQiIGNvbG9yPSIjZmZmZjAwIj48Qj7jgJDpm4bjgYjvvIEg6Zuo55S344O76Zuo5aWz44CRPC9CPjwvRk9OVD48L0ZPTlQ+PC9GT05UPjxGT05UIGNvbG9yPSIjMDA5OTAwIiBzaXplPSIrNCI+PEZPTlQgc2l6ZT0iKzQiIGNvbG9yPSIjZmYwMDAwIj48Rk9OVCBzaXplPSIrNCIgY29sb3I9IiNmZjAwMDAiPjxCPjxCUj4KICAgICAgPC9CPjwvRk9OVD48L0ZPTlQ+PC9GT05UPgogICAgICA8Q0VOVEVSPgogICAgICA8VEFCTEU+CiAgICAgICAgPFRCT0RZPgogICAgICAgICAgPFRSPgogICAgICAgICAgICA8VEQ+PElNRyBzcmM9Imh0dHA6Ly9pbWFnZS5yYWt1dGVuLmNvLmpwL2F4aXNyZC9jYWJpbmV0LzAwMjM0ODQwL2ltZzU5NDIzNjI2LmpwZyIgd2lkdGg9IjI2NCIgaGVpZ2h0PSI3NSIgYm9yZGVyPSIwIj48L1REPgogICAgICAgICAgICA8VEQ+PElNRyBzcmM9Imh0dHA6Ly9pbWFnZS5yYWt1dGVuLmNvLmpwL2F4aXNyZC9jYWJpbmV0LzAwMjM0ODQwL2ltZzU5NDIzNjI2LmpwZyIgd2lkdGg9IjI2NCIgaGVpZ2h0PSI3NSIgYm9yZGVyPSIwIj48L1REPgogICAgICAgICAgPC9UUj4KICAgICAgICA8L1RCT0RZPgogICAgICA8L1RBQkxFPgogICAgICA8L0NFTlRFUj4KICAgICAgPEZPTlQgY29sb3I9IiMwMDk5MDAiIHNpemU9Iis0Ij48Rk9OVCBzaXplPSIrNCIgY29sb3I9IiNmZjAwMDAiPjxGT05UIHNpemU9Iis0IiBjb2xvcj0iI2ZmMDAwMCI+PEI+44K544Oq44Kv44K944OzIOmbqOWvvuetlumWoumAo+WVhuWTgTxCUj4KICAgICAg6LaF57W254m55L6h44K744O844Or54m56Kit5Lya5aC0PEJSPgogICAgICA8L0I+PC9GT05UPjwvRk9OVD48L0ZPTlQ+CiAgICAgIDxIUj4KICAgICAgPC9URD4KICAgIDwvVFI+CiAgPC9UQk9EWT4KPC9UQUJMRT4KPC9DRU5URVI+CjxDRU5URVI+CjxUQUJMRSB3aWR0aD0iNjQwIiBoZWlnaHQ9IjIyMCIgYmdjb2xvcj0iIzAwMDA5OSI+CiAgPFRCT0RZPgogICAgPFRSPgogICAgICA8VEQgYWxpZ249ImNlbnRlciI+PElNRyBzcmM9Imh0dHA6Ly9pbWFnZS5yYWt1dGVuLmNvLmpwL2F4aXNyZC9jYWJpbmV0LzAwMjM0ODQwL2ltZ3JjMDA3MTM4NTg5Mi5qcGciIHdpZHRoPSI2MDAiIGhlaWdodD0iMjAwIiBib3JkZXI9IjAiPjwvVEQ+CiAgICA8L1RSPgogIDwvVEJPRFk+CjwvVEFCTEU+CjwvQ0VOVEVSPgo8Q0VOVEVSPgogIDx0YWJsZSB3aWR0aD0iNjQwIiBoZWlnaHQ9IjIyMCIgYmdjb2xvcj0iIzAwMDA5OSI+CiAgICA8dGJvZHk+CiAgICAgIDx0cj4KICAgICAgICA8dGQgYWxpZ249ImNlbnRlciI+PElNRyBzcmM9Imh0dHA6Ly9pbWFnZS5yYWt1dGVuLmNvLmpwL2F4aXNyZC9jYWJpbmV0LzAwMjM0ODQwL2ltZ3JjMDA3MDA4NjUzMi5qcGciIHdpZHRoPSI2MDAiIGhlaWdodD0iMjAwIiBib3JkZXI9IjAiPjwvdGQ+CiAgICAgIDwvdHI+CiAgICA8L3Rib2R5PgogIDwvdGFibGU+CjwvQ0VOVEVSPgo8Q0VOVEVSPgo8VEFCTEUgd2lkdGg9IjY0MCIgaGVpZ2h0PSIyMjAiIGJnY29sb3I9IiMwMDAwOTkiPgogIDxUQk9EWT4KICAgIDxUUj4KICAgICAgPFREIGFsaWduPSJjZW50ZXIiPjxJTUcgc3JjPSJodHRwOi8vaW1hZ2UucmFrdXRlbi5jby5qcC9heGlzcmQvY2FiaW5ldC8wMDIzNDg0MC9pbWdyYzAwNzAwODY1MzAuanBnIiB3aWR0aD0iNjAwIiBoZWlnaHQ9IjIwMCIgYm9yZGVyPSIwIj48QlI+CiAgICAgIAogICAgICA8SFI+CiAgICAgIDwvVEQ+CiAgICA8L1RSPgogIDwvVEJPRFk+CjwvVEFCTEU+CjxIUj4KPFRBQkxFIHdpZHRoPSI2NDAiIGhlaWdodD0iMzIwIiBiZ2NvbG9yPSIjOTkwMDAwIj4KICA8VEJPRFk+CiAgICA8VFI+CiAgICAgIDxURCBhbGlnbj0iY2VudGVyIj48SU1HIHNyYz0iaHR0cHM6Ly9pbWFnZS5yYWt1dGVuLmNvLmpwL2F4aXNyZC9jYWJpbmV0LzAwMjM0ODQwL2ltZ3JjMDA3MTU2NDIyOC5qcGciIHdpZHRoPSI2MjAiIGhlaWdodD0iMzAwIiBib3JkZXI9IjAiPjwvVEQ+CiAgICA8L1RSPgogIDwvVEJPRFk+CjwvVEFCTEU+CjxIUj4KPENFTlRFUj4KPENFTlRFUj4KPFRBQkxFIHdpZHRoPSI2NDAiIGhlaWdodD0iMjYwIiBiZ2NvbG9yPSIjMDAwMDAwIj4KICA8VEJPRFk+CiAgICA8VFI+CiAgICAgIDxURCBhbGlnbj0iY2VudGVyIiBiZ2NvbG9yPSIjMDAwMDAwIj48SU1HIHNyYz0iaHR0cDovL2ltYWdlLnJha3V0ZW4uY28uanAvYXhpc3JkL2NhYmluZXQvMDAyMzQ4NDAvaW1ncmMwMDY4NjcwNDc3LmpwZyIgd2lkdGg9IjYzMCIgaGVpZ2h0PSIyNTAiIGJvcmRlcj0iMCI+PC9URD4KICAgIDwvVFI+CiAgPC9UQk9EWT4KPC9UQUJMRT4KPC9DRU5URVI+CjwvQ0VOVEVSPgo8L0NFTlRFUj4KPENFTlRFUj4KPEhSPgo8Q0VOVEVSPgo8VEFCTEUgd2lkdGg9IjYyMCIgaGVpZ2h0PSIyODgiIGJnY29sb3I9IiMwMDIwMDAiPgogIDxUQk9EWT4KICAgIDxUUj4KICAgICAgPFREIGFsaWduPSJjZW50ZXIiPjxJTUcgc3JjPSJodHRwOi8vaW1hZ2UucmFrdXRlbi5jby5qcC9heGlzcmQvY2FiaW5ldC8wMDIzNDg0MC9pbWdyYzAwNjY1NDQ3MTMuanBnIiB3aWR0aD0iNjAwIiBoZWlnaHQ9IjI2OCIgYm9yZGVyPSIwIj48L1REPgogICAgPC9UUj4KICA8L1RCT0RZPgo8L1RBQkxFPgo8L0NFTlRFUj4KPEhSPgo8Q0VOVEVSPgo8Q0VOVEVSPgo8VEFCTEUgd2lkdGg9IjYyMCIgaGVpZ2h0PSIyODgiPgogIDxUQk9EWT4KICAgIDxUUj4KICAgICAgPFREIGFsaWduPSJjZW50ZXIiIGJnY29sb3I9IiM2NjAwMDAiPjxJTUcgc3JjPSJodHRwOi8vaW1hZ2UucmFrdXRlbi5jby5qcC9heGlzcmQvY2FiaW5ldC8wMDIzNDg0MC9pbWdyYzAwNzEyNjY0MjAuanBnIiB3aWR0aD0iNjAwIiBoZWlnaHQ9IjI2OCIgYm9yZGVyPSIwIj48L1REPgogICAgPC9UUj4KICA8L1RCT0RZPgo8L1RBQkxFPgo8SFI+CjwvQ0VOVEVSPgo8L0NFTlRFUj4KPC9DRU5URVI+CjxIUj4KPENFTlRFUj4KPENFTlRFUj4KPFRBQkxFIHdpZHRoPSI2NDAiIGhlaWdodD0iMjQzIj4KICA8VEJPRFk+CiAgICA8VFI+CiAgICAgIDxURCBhbGlnbj0iY2VudGVyIiBiZ2NvbG9yPSIjMDAwMDAwIj48SU1HIHNyYz0iaHR0cDovL2ltYWdlLnJha3V0ZW4uY28uanAvYXhpc3JkL2NhYmluZXQvMDAyMDc0MzUvaW1ncmMwMDcxMzc1MTQ5LmpwZyIgd2lkdGg9IjYyMCIgaGVpZ2h0PSIyMjMiIGJvcmRlcj0iMCI+PC9URD4KICAgIDwvVFI+CiAgPC9UQk9EWT4KPC9UQUJMRT4KPC9DRU5URVI+CjwvQ0VOVEVSPgo8SFI+CjxDRU5URVI+CjxDRU5URVI+CjxUQUJMRSB3aWR0aD0iNjQwIiBoZWlnaHQ9IjI0MyI+CiAgPFRCT0RZPgogICAgPFRSPgogICAgICA8VEQgYWxpZ249ImNlbnRlciIgYmdjb2xvcj0iIzk5MDAwMCI+PElNRyBzcmM9Imh0dHA6Ly9pbWFnZS5yYWt1dGVuLmNvLmpwL2F4aXNyZC9jYWJpbmV0L290aGVycy9pbWdyYzAwNzEyNzQwNjcuanBnIiB3aWR0aD0iNjIwIiBoZWlnaHQ9IjIyMyIgYm9yZGVyPSIwIj48L1REPgogICAgPC9UUj4KICA8L1RCT0RZPgo8L1RBQkxFPgo8L0NFTlRFUj4KPEhSPgo8Q0VOVEVSPgo8VEFCTEUgd2lkdGg9IjY0MCIgaGVpZ2h0PSIyMjAiIGJnY29sb3I9IiNmZjAwMDAiPgogIDxUQk9EWT4KICAgIDxUUj4KICAgICAgPFREIGFsaWduPSJjZW50ZXIiPjxJTUcgc3JjPSJodHRwOi8vaW1hZ2UucmFrdXRlbi5jby5qcC9heGlzcmQvY2FiaW5ldC8wMDIzNDg0MC9pbWdyYzAwNzA3MzU5NzUuanBnIiB3aWR0aD0iNjAwIiBoZWlnaHQ9IjE5OCIgYm9yZGVyPSIwIj48L1REPgogICAgPC9UUj4KICA8L1RCT0RZPgo8L1RBQkxFPgo8L0NFTlRFUj4KPEhSPgo8VEFCTEUgd2lkdGg9IjY0MCIgaGVpZ2h0PSIzMjMiPgogIDxUQk9EWT4KICAgIDxUUj4KICAgICAgPFREIGFsaWduPSJjZW50ZXIiIGJnY29sb3I9IiMwMDAwOTkiPjxJTUcgc3JjPSJodHRwOi8vaW1hZ2UucmFrdXRlbi5jby5qcC9heGlzcmQvY2FiaW5ldC8wMDIzNDg0MC9pbWdyYzAwNzEyMjY0OTkuanBnIiB3aWR0aD0iNjIwIiBoZWlnaHQ9IjMwMyIgYm9yZGVyPSIwIj48L1REPgogICAgPC9UUj4KICA8L1RCT0RZPgo8L1RBQkxFPgo8SFI+CjxIUj4KPElNRyBzcmM9Imh0dHA6Ly9pbWFnZS5yYWt1dGVuLmNvLmpwL2F4aXNyZC9jYWJpbmV0LzA0NzIxODIzL2ltZ3JjMDA2OTEyMTQ3Ni5qcGciIHdpZHRoPSI2NDAiIGhlaWdodD0iNDM3IiBib3JkZXI9IjAiPjwvQ0VOVEVSPgo8SFI+,44K544Kz44OD44OG44Kj44Kt44Oj44Oh44Ot44OzTWF0YWRvciBNaWQtTGFyZ2UgMTEtSU7jgqvjg6njg7wg44Oe44K/44OJ44O844OrIOODn+ODg+ODieODqeODvOOCuCAxMS1JTiDjg5Hjgr/jg7zjgrDjg6rjg4Pjg5dVU+ODouODh+ODq++8muOCouOCr+OCt+OCue+8su+8hu+8pOOCtOODq+ODlQ==,44Kr44K/44OK44Ob44Oz44Oe44K044Or44OV44K544Od44Or44OH44Kj44Oz44KwVEEtNUxCNjA244Kt44Oj44K544Kz44K044Or44OV44Oc44O844Or44OK44Kk44Kt44Oo44ON44OD44Kv44K544Ot44OD44K144Oh44OD44K244Oi44Oz44K244OA44Kk44OvTklLReOCquODjuODleOCreODo+ODh+OCo+ODvOODkOODg+OCsOODkeODvOOCt+ODouODs+OCreODo+ODreOCpuOCp+OCpOOCpuOCpOODq+OCveODs1hSLTA144OG44O844Op44O844Oh44Kk44OJ44Ot44OD44K144K544Kz44OD44OG44Kj44Kt44Oj44Oh44Ot44OzTWF0YWRvciBNaWQtTGFyZ2UgMTEtSU7jgqvjg6njg7wg44Oe44K/44OJ44O844OrIOODn+ODg+ODieODqeODvOOCuCAxMS1JTiDjg5Hjgr/jg7zjgrDjg6rjg4Pjg5dVU+ODouODh+ODqw==,44K544Kz44OD44OG44Kj44Kt44Oj44Oh44Ot44OzTWF0YWRvciBNaWQtTGFyZ2UgMTEtSU7jgqvjg6njg7wg44Oe44K/44OJ44O844OrIOODn+ODg+ODieODqeODvOOCuCAxMS1JTiDjg5Hjgr/jg7zjgrDjg6rjg4Pjg5dVU+ODouODh+ODqw==[rn]
22-59991,aHR0cDovL3RzaG9wLnIxMHMuanAvYXhpc3JkL2NhYmluZXQvMDAzNTYyMzYvaW1ncmMwMDcxMzAyMzczLmdpZj9maXRpbj03MDA6NzAw,ODg5LjYwMDA=,,44K544Od44O844OE44O744Ki44Km44OI44OJ44KiID4g44K044Or44OVID4g44Kv44Op44OWID4g44Kv44Op44OW55So44OR44O844OEID4g44Kw44Oq44OD44OX,44CQ6Kiz44GC44KK5ZOB44CRR29sZiBQcmlkZe+8iOOCtOODq+ODleODl+ODqeOCpOODie+8ieOCr+ODqeOCt+ODg+OCr+OAgOODleODq+OCs+ODvOODieOCsOODquODg+ODl+ODkOODg+OCr+ODqeOCpOODs+acieOCiuOAkOODjeOCs+ODneOCuemFjemAgeWPr+OAkQ==,44Kv44Op44K344OD44KvL+OCr+ODqeOCt+OCq+ODqy/jg5fjg63jgqrjg7Pjg6rjg7wvUFJPIE9OTFk=,PFRBQkxFIGJvcmRlcj0iMCIgd2lkdGg9IjYwMCI+CiAgPFRCT0RZPgogICAgPFRSPgogICAgICA8VEQgYWxpZ249ImNlbnRlciI+CiAgICAgIDxUQUJMRSBib3JkZXI9IjAiPgogICAgICAgIDxUQk9EWT4KICAgICAgICAgIDxUUj4KICAgICAgICAgICAgPFREIGFsaWduPSJjZW50ZXIiPuKAu+ios+OBguOCiuWGheWuue+8mjxGT05UIGNvbG9yPSIjZmYwMDAwIj7jgrDjg6rjg4Pjg5flhaXjgorlj6Pjga7lhoXlgbTku5jov5Hjga7lpInoibIg44GoIOWKo+WMljwvRk9OVD48QlI+CiAgICAgICAgICAgIDxCUj4KICAgICAgICAgICAg5paw5ZOB44Gu5ZWG5ZOB44Gn44GZ44GM5Y+k44GE5ZWG5ZOB44Gn44GZ44Gu44Gn44Kw44Oq44OD44OX44Gu5YWl44KK5Y+j5YaF5YG05LuY6L+R44GMPEJSPgogICAgICAgICAgICDnmb3jgaPjgb3jgY/jgarjgaPjgZ/nianjgYzjgYLjgorjgb7jgZnjgII8QlI+CiAgICAgICAgICAgIOOBlOS9v+eUqOOBq+OBr+WVj+mhjOOBguOCiuOBvuOBm+OCk+OBruOBp+OAgeS6iOOCgeOBlOS6huaJv+OBj+OBoOOBleOBhOOAgjxCUj4KICAgICAgICAgICAgPEJSPgogICAgICAgICAgICDjgb7jgZ/jgIHlpJrlsJHjga7liqPljJbjgYzjgYLjgovloLTlkIjjgYzjgZTjgZbjgYTjgb7jgZnjgII8QlI+CiAgICAgICAgICAgIOi/lOWTgeS6pOaPm+S4jeWPr+OBqOOBquOCiuOBvuOBmeOBruOBp+OAgeOBlOS6huaJv+OBruS4iuOBlOazqOaWh+OCkuOBiumhmOOBhOiHtOOBl+OBvuOBmeOAgjxCUj4KICAgICAgICAgICAgPEJSPgogICAgICAgICAgICA8QlI+CiAgICAgICAgICAgIOKWoOOCr+ODqeOCt+ODg+OCr+OAgOODleODq+OCs+ODvOODieOCsOODquODg+ODlzxCUj4KICAgICAgICAgICAgPEJSPgogICAgICAgICAgICDlgInluqvjga7kuK3jgYvjgonnmbropovjgZXjgozjgZ/luIzlsJHlk4HjgafjgZnjgII8QlI+CiAgICAgICAgICAgIOaHkOOBi+OBl+OBruODleODq+OCs+ODvOODieOCsOODquODg+ODl+OBp+OBmeOAgjxCUj4KICAgICAgICAgICAg44Ot44K044KE44Oe44O844Kv44KC44Kv44Op44K344Kr44Or44Gn44CMUFJPIE9OTFnjgI3jgag8QlI+CiAgICAgICAgICAgIOeOi+WGoOOCkuOBguOBl+OCieOBo+OBn+ODh+OCtuOCpOODs+OBp+OBi+OBo+OBk+OBhOOBhOOBp+OBmeOAgjwvVEQ+CiAgICAgICAgICA8L1RSPgogICAgICAgIDwvVEJPRFk+CiAgICAgIDwvVEFCTEU+CiAgICAgIDwvVEQ+CiAgICA8L1RSPgogICAgPFRSPgogICAgICA8VEQgYWxpZ249ImNlbnRlciI+PElNRyBzcmM9Imh0dHA6Ly9pbWFnZS5yYWt1dGVuLmNvLmpwL2F4aXNyZC9jYWJpbmV0LzAwMzU2MjM2L2ltZ3JjMDA3MTMwMjM3NC5naWYiIHdpZHRoPSI3MDAiIGhlaWdodD0iMTE0MiIgYm9yZGVyPSIwIj48L1REPgogICAgPC9UUj4KICAgIDxUUj4KICAgICAgPFREIGFsaWduPSJjZW50ZXIiPgogICAgICA8VEFCTEUgYm9yZGVyPSIwIj4KICAgICAgICA8VEJPRFk+CiAgICAgICAgICA8VFI+CiAgICAgICAgICAgIDxURD7ilqDjgrDjg6rjg4Pjg5fvvJrjgqbjg4Pjg4njg7vjgqLjgqTjgqLjg7PnlKg8QlI+CjxCUj4KICAgICAgICAgICAg4pag44Kz44Ki44K144Kk44K677yI5Y+j5b6E77yJ77yaTTYw77yI44OQ44OD44Kv44Op44Kk44Oz5pyJ44KK77yJIDxCUj4KPEJSPgogICAgICAgICAgICDilqDmqJnmupbph43ph4/vvJo1M2fCsTxCUj4KICAgICAgICAgICAgPEJSPgogICAgICAgICAgICDilqDoo73pgKDlm73vvJpNYWRlIGluIFVTQTwvVEQ+CiAgICAgICAgICA8L1RSPgogICAgICAgIDwvVEJPRFk+CiAgICAgIDwvVEFCTEU+CiAgICAgIDwvVEQ+CiAgICA8L1RSPgogICAgPFRSPgogICAgICA8VEQgYWxpZ249ImNlbnRlciI+PEZPTlQgZmFjZT0i77yt77yzIOOCtOOCt+ODg+OCryIgY29sb3I9IiNhMTAwMDAiIHNpemU9IjIiPuKYhuWun+mam+OBruWVhuWTgeOBruiJsuOBqOOAgeOBp+OBjeOCi+OBoOOBkei/keOBhOiJsuOBp+OBlOimp+OBhOOBn+OBoOOBkeOCi+OCiOOBhuOBqzxCUj7jgIDms6jmhI/jgpLmiZXjgaPjgabjgYrjgorjgb7jgZnjgYzjgIHjg6Ljg4vjgr/jg7zjga7mmI7jgovjgZXoqK3lrprjgarjganjgavjgojjgorjgIE8QlI+44CA5aSa5bCR6Imy5ZCI44GE44GM55Ww44Gq44Gj44Gm6KaL44GI44KL5aC05ZCI44GM44GU44GW44GE44G+44GZ44GM44CB44GU5LqG5om/44GP44Gg44GV44GEPC9GT05UPjwvVEQ+CiAgICA8L1RSPgogICAgPFRSPgogICAgICA8VEQ+CiAgICAgIDxIUj4KICAgICAgPC9URD4KICAgIDwvVFI+CiAgPC9UQk9EWT4KPC9UQUJMRT48c3R5bGUgdHlwZT0idGV4dC9jc3MiPgpib2R5ewpiYWNrZ3JvdW5kLWltYWdlOnVybChodHRwOi8vaW1hZ2UucmFrdXRlbi5jby5qcC9heGlzcmQvY2FiaW5ldC8wMzc4MjY5Mi9pbWdyYzAwNzE0MjM2MDkuanBnKTsKYmFja2dyb3VuZC1yZXBlYXQ6cmVwZWF0LXk7CmJhY2tncm91bmQtcG9zaXRpb246cmlnaHQ7Cn0KPC9zdHlsZT4KCjxIUj4KPENFTlRFUj4KPFRBQkxFIHdpZHRoPSI2MzAiIGJnY29sb3I9IiNmZjAwMDAiPgogIDxUQk9EWT4KICAgIDxUUj4KICAgICAgPFREPgogICAgICA8SFI+CiAgICAgIDwvVEQ+CiAgICA8L1RSPgogICAgPFRSPgogICAgICA8VEQgYWxpZ249ImNlbnRlciI+PEI+PEZPTlQgc2l6ZT0iKzQiIGNvbG9yPSIjZmZmZjAwIj7mnJ/plpPpmZDlrprjgq/jg7zjg53jg7Pjga/jgZPjgaHjgok8L0ZPTlQ+PEZPTlQgc2l6ZT0iKzMiIGNvbG9yPSIjZmZmZjAwIj48QlI+CiAgICAgIOKWvOOAgOKWvOOAgOKWvOOAgOKWvOOAgOKWvDwvRk9OVD48L0I+PC9URD4KICAgIDwvVFI+CiAgICA8VFI+CiAgICAgIDxURCBhbGlnbj0iY2VudGVyIiBoZWlnaHQ9IjEzMCIgdmFsaWduPSJ0b3AiPjxJTUcgc3JjPSJodHRwczovL2ltYWdlLnJha3V0ZW4uY28uanAvYXhpc3JkL2NhYmluZXQvMDM3ODI2OTIvaW1ncmMwMDcxNzI0NjA2LmpwZyIgd2lkdGg9IjY0MCIgaGVpZ2h0PSIyMDAiIGJvcmRlcj0iMCI+PC9URD4KICAgIDwvVFI+CiAgICA8VFI+CiAgICAgIDxURCBhbGlnbj0iY2VudGVyIj48Rk9OVCBjb2xvcj0iI2ZmZmZmZiIgc2l6ZT0iKzEiPjxGT05UIHNpemU9IiswIj48Qj48Rk9OVCBzaXplPSItMiI+PEZPTlQgc2l6ZT0iLTEiPuKAu+OBiuS4gOS6uuanmDHlm57jgb7jgafjga7jgZTliKnnlKjjgajjgarjgorjgb7jgZnjgILjgZ3jga7ku5bjga7jgq/jg7zjg53jg7Pjgajjga7jgJDkvbXnlKjkuI3lj6/jgJHjgII8QlI+CiAgICAgIOKAu+aXouWumuOBruWIqeeUqOS4iumZkOOBq+mBlOOBl+OBn+autemajuOBp+OCr+ODvOODneODs+OBruOBlOWIqeeUqOOBr+S4jeWPr+OBqOOBquOCiuOBvuOBmeOAgjwvRk9OVD48L0ZPTlQ+PC9CPjwvRk9OVD48QlI+CiAgICAgIDwvRk9OVD48Rk9OVCBjb2xvcj0iIzAwMDBmZiIgc2l6ZT0iLTEiPjxGT05UIHNpemU9Ii0xIiBjb2xvcj0iIzAwMDBmZiI+PEZPTlQgc2l6ZT0iLTEiIGNvbG9yPSIjMDAwMGZmIj48Rk9OVCBjb2xvcj0iIzAwMDBmZiI+PEZPTlQgY29sb3I9IiMwMDAwZmYiPjxGT05UIGNvbG9yPSIjMDAwMGZmIj48Rk9OVCBjb2xvcj0iIzAwMDBmZiI+PEI+PEZPTlQgc2l6ZT0iLTEiIGNvbG9yPSIjMDAwMGZmIj48Rk9OVCBzaXplPSItMSIgY29sb3I9IiNmZmZmMDAiPuKAu+OBlOazqOaWh+eiuuWumuW+jOOBruOCr+ODvOODneODs+WIqeeUqOOBr+S4jeWPr+OBqOOBquOCiuOBvuOBmeOBruOBp+OAgeW/heOBmuOBlOazqOaWh+WJjeOBq+OCr+ODvOODneODs+OCkueNsuW+l+S4i+OBleOBhOOAgjwvRk9OVD48L0ZPTlQ+PC9CPjwvRk9OVD48L0ZPTlQ+PC9GT05UPjwvRk9OVD48L0ZPTlQ+PC9GT05UPjwvRk9OVD48L1REPgogICAgPC9UUj4KICAgIDxUUj4KICAgICAgPFREPgogICAgICA8SFI+CiAgICAgIDwvVEQ+CiAgICA8L1RSPgogIDwvVEJPRFk+CjwvVEFCTEU+CjwvQ0VOVEVSPgo8SFI+CjxDRU5URVI+CjxUQUJMRSB3aWR0aD0iNjQwIiBoZWlnaHQ9IjIyMCIgYmdjb2xvcj0iIzAwMDA5OSI+CiAgPFRCT0RZPgogICAgPFRSPgogICAgICA8VEQgYWxpZ249ImNlbnRlciI+PEZPTlQgY29sb3I9IiNmZjAwMDAiIHNpemU9Iis0Ij48Rk9OVCBzaXplPSIrNCIgY29sb3I9IiNmZmZmMDAiPjxGT05UIHNpemU9Iis0IiBjb2xvcj0iI2ZmZmYwMCI+PEI+44CQ6ZuG44GI77yBIOmbqOeUt+ODu+mbqOWls+OAkTwvQj48L0ZPTlQ+PC9GT05UPjwvRk9OVD48Rk9OVCBjb2xvcj0iIzAwOTkwMCIgc2l6ZT0iKzQiPjxGT05UIHNpemU9Iis0IiBjb2xvcj0iI2ZmMDAwMCI+PEZPTlQgc2l6ZT0iKzQiIGNvbG9yPSIjZmYwMDAwIj48Qj48QlI+CiAgICAgIDwvQj48L0ZPTlQ+PC9GT05UPjwvRk9OVD4KICAgICAgPENFTlRFUj4KICAgICAgPFRBQkxFPgogICAgICAgIDxUQk9EWT4KICAgICAgICAgIDxUUj4KICAgICAgICAgICAgPFREPjxJTUcgc3JjPSJodHRwOi8vaW1hZ2UucmFrdXRlbi5jby5qcC9heGlzcmQvY2FiaW5ldC8wMDIzNDg0MC9pbWc1OTQyMzYyNi5qcGciIHdpZHRoPSIyNjQiIGhlaWdodD0iNzUiIGJvcmRlcj0iMCI+PC9URD4KICAgICAgICAgICAgPFREPjxJTUcgc3JjPSJodHRwOi8vaW1hZ2UucmFrdXRlbi5jby5qcC9heGlzcmQvY2FiaW5ldC8wMDIzNDg0MC9pbWc1OTQyMzYyNi5qcGciIHdpZHRoPSIyNjQiIGhlaWdodD0iNzUiIGJvcmRlcj0iMCI+PC9URD4KICAgICAgICAgIDwvVFI+CiAgICAgICAgPC9UQk9EWT4KICAgICAgPC9UQUJMRT4KICAgICAgPC9DRU5URVI+CiAgICAgIDxGT05UIGNvbG9yPSIjMDA5OTAwIiBzaXplPSIrNCI+PEZPTlQgc2l6ZT0iKzQiIGNvbG9yPSIjZmYwMDAwIj48Rk9OVCBzaXplPSIrNCIgY29sb3I9IiNmZjAwMDAiPjxCPuOCueODquOCr+OCveODsyDpm6jlr77nrZbplqLpgKPllYblk4E8QlI+CiAgICAgIOi2hee1tueJueS+oeOCu+ODvOODq+eJueioreS8muWgtDxCUj4KICAgICAgPC9CPjwvRk9OVD48L0ZPTlQ+PC9GT05UPgogICAgICA8SFI+CiAgICAgIDwvVEQ+CiAgICA8L1RSPgogIDwvVEJPRFk+CjwvVEFCTEU+CjwvQ0VOVEVSPgo8Q0VOVEVSPgo8VEFCTEUgd2lkdGg9IjY0MCIgaGVpZ2h0PSIyMjAiIGJnY29sb3I9IiMwMDAwOTkiPgogIDxUQk9EWT4KICAgIDxUUj4KICAgICAgPFREIGFsaWduPSJjZW50ZXIiPjxJTUcgc3JjPSJodHRwOi8vaW1hZ2UucmFrdXRlbi5jby5qcC9heGlzcmQvY2FiaW5ldC8wMDIzNDg0MC9pbWdyYzAwNzEzODU4OTIuanBnIiB3aWR0aD0iNjAwIiBoZWlnaHQ9IjIwMCIgYm9yZGVyPSIwIj48L1REPgogICAgPC9UUj4KICA8L1RCT0RZPgo8L1RBQkxFPgo8L0NFTlRFUj4KPENFTlRFUj4KICA8dGFibGUgd2lkdGg9IjY0MCIgaGVpZ2h0PSIyMjAiIGJnY29sb3I9IiMwMDAwOTkiPgogICAgPHRib2R5PgogICAgICA8dHI+CiAgICAgICAgPHRkIGFsaWduPSJjZW50ZXIiPjxJTUcgc3JjPSJodHRwOi8vaW1hZ2UucmFrdXRlbi5jby5qcC9heGlzcmQvY2FiaW5ldC8wMDIzNDg0MC9pbWdyYzAwNzAwODY1MzIuanBnIiB3aWR0aD0iNjAwIiBoZWlnaHQ9IjIwMCIgYm9yZGVyPSIwIj48L3RkPgogICAgICA8L3RyPgogICAgPC90Ym9keT4KICA8L3RhYmxlPgo8L0NFTlRFUj4KPENFTlRFUj4KPFRBQkxFIHdpZHRoPSI2NDAiIGhlaWdodD0iMjIwIiBiZ2NvbG9yPSIjMDAwMDk5Ij4KICA8VEJPRFk+CiAgICA8VFI+CiAgICAgIDxURCBhbGlnbj0iY2VudGVyIj48SU1HIHNyYz0iaHR0cDovL2ltYWdlLnJha3V0ZW4uY28uanAvYXhpc3JkL2NhYmluZXQvMDAyMzQ4NDAvaW1ncmMwMDcwMDg2NTMwLmpwZyIgd2lkdGg9IjYwMCIgaGVpZ2h0PSIyMDAiIGJvcmRlcj0iMCI+PEJSPgogICAgICAKICAgICAgPEhSPgogICAgICA8L1REPgogICAgPC9UUj4KICA8L1RCT0RZPgo8L1RBQkxFPgo8SFI+CjxUQUJMRSB3aWR0aD0iNjQwIiBoZWlnaHQ9IjMyMCIgYmdjb2xvcj0iIzk5MDAwMCI+CiAgPFRCT0RZPgogICAgPFRSPgogICAgICA8VEQgYWxpZ249ImNlbnRlciI+PElNRyBzcmM9Imh0dHBzOi8vaW1hZ2UucmFrdXRlbi5jby5qcC9heGlzcmQvY2FiaW5ldC8wMDIzNDg0MC9pbWdyYzAwNzE1NjQyMjguanBnIiB3aWR0aD0iNjIwIiBoZWlnaHQ9IjMwMCIgYm9yZGVyPSIwIj48L1REPgogICAgPC9UUj4KICA8L1RCT0RZPgo8L1RBQkxFPgo8SFI+CjxDRU5URVI+CjxDRU5URVI+CjxUQUJMRSB3aWR0aD0iNjQwIiBoZWlnaHQ9IjI2MCIgYmdjb2xvcj0iIzAwMDAwMCI+CiAgPFRCT0RZPgogICAgPFRSPgogICAgICA8VEQgYWxpZ249ImNlbnRlciIgYmdjb2xvcj0iIzAwMDAwMCI+PElNRyBzcmM9Imh0dHA6Ly9pbWFnZS5yYWt1dGVuLmNvLmpwL2F4aXNyZC9jYWJpbmV0LzAwMjM0ODQwL2ltZ3JjMDA2ODY3MDQ3Ny5qcGciIHdpZHRoPSI2MzAiIGhlaWdodD0iMjUwIiBib3JkZXI9IjAiPjwvVEQ+CiAgICA8L1RSPgogIDwvVEJPRFk+CjwvVEFCTEU+CjwvQ0VOVEVSPgo8L0NFTlRFUj4KPC9DRU5URVI+CjxDRU5URVI+CjxIUj4KPENFTlRFUj4KPFRBQkxFIHdpZHRoPSI2MjAiIGhlaWdodD0iMjg4IiBiZ2NvbG9yPSIjMDAyMDAwIj4KICA8VEJPRFk+CiAgICA8VFI+CiAgICAgIDxURCBhbGlnbj0iY2VudGVyIj48SU1HIHNyYz0iaHR0cDovL2ltYWdlLnJha3V0ZW4uY28uanAvYXhpc3JkL2NhYmluZXQvMDAyMzQ4NDAvaW1ncmMwMDY2NTQ0NzEzLmpwZyIgd2lkdGg9IjYwMCIgaGVpZ2h0PSIyNjgiIGJvcmRlcj0iMCI+PC9URD4KICAgIDwvVFI+CiAgPC9UQk9EWT4KPC9UQUJMRT4KPC9DRU5URVI+CjxIUj4KPENFTlRFUj4KPENFTlRFUj4KPFRBQkxFIHdpZHRoPSI2MjAiIGhlaWdodD0iMjg4Ij4KICA8VEJPRFk+CiAgICA8VFI+CiAgICAgIDxURCBhbGlnbj0iY2VudGVyIiBiZ2NvbG9yPSIjNjYwMDAwIj48SU1HIHNyYz0iaHR0cDovL2ltYWdlLnJha3V0ZW4uY28uanAvYXhpc3JkL2NhYmluZXQvMDAyMzQ4NDAvaW1ncmMwMDcxMjY2NDIwLmpwZyIgd2lkdGg9IjYwMCIgaGVpZ2h0PSIyNjgiIGJvcmRlcj0iMCI+PC9URD4KICAgIDwvVFI+CiAgPC9UQk9EWT4KPC9UQUJMRT4KPEhSPgo8L0NFTlRFUj4KPC9DRU5URVI+CjwvQ0VOVEVSPgo8SFI+CjxDRU5URVI+CjxDRU5URVI+CjxUQUJMRSB3aWR0aD0iNjQwIiBoZWlnaHQ9IjI0MyI+CiAgPFRCT0RZPgogICAgPFRSPgogICAgICA8VEQgYWxpZ249ImNlbnRlciIgYmdjb2xvcj0iIzAwMDAwMCI+PElNRyBzcmM9Imh0dHA6Ly9pbWFnZS5yYWt1dGVuLmNvLmpwL2F4aXNyZC9jYWJpbmV0LzAwMjA3NDM1L2ltZ3JjMDA3MTM3NTE0OS5qcGciIHdpZHRoPSI2MjAiIGhlaWdodD0iMjIzIiBib3JkZXI9IjAiPjwvVEQ+CiAgICA8L1RSPgogIDwvVEJPRFk+CjwvVEFCTEU+CjwvQ0VOVEVSPgo8L0NFTlRFUj4KPEhSPgo8Q0VOVEVSPgo8Q0VOVEVSPgo8VEFCTEUgd2lkdGg9IjY0MCIgaGVpZ2h0PSIyNDMiPgogIDxUQk9EWT4KICAgIDxUUj4KICAgICAgPFREIGFsaWduPSJjZW50ZXIiIGJnY29sb3I9IiM5OTAwMDAiPjxJTUcgc3JjPSJodHRwOi8vaW1hZ2UucmFrdXRlbi5jby5qcC9heGlzcmQvY2FiaW5ldC9vdGhlcnMvaW1ncmMwMDcxMjc0MDY3LmpwZyIgd2lkdGg9IjYyMCIgaGVpZ2h0PSIyMjMiIGJvcmRlcj0iMCI+PC9URD4KICAgIDwvVFI+CiAgPC9UQk9EWT4KPC9UQUJMRT4KPC9DRU5URVI+CjxIUj4KPENFTlRFUj4KPFRBQkxFIHdpZHRoPSI2NDAiIGhlaWdodD0iMjIwIiBiZ2NvbG9yPSIjZmYwMDAwIj4KICA8VEJPRFk+CiAgICA8VFI+CiAgICAgIDxURCBhbGlnbj0iY2VudGVyIj48SU1HIHNyYz0iaHR0cDovL2ltYWdlLnJha3V0ZW4uY28uanAvYXhpc3JkL2NhYmluZXQvMDAyMzQ4NDAvaW1ncmMwMDcwNzM1OTc1LmpwZyIgd2lkdGg9IjYwMCIgaGVpZ2h0PSIxOTgiIGJvcmRlcj0iMCI+PC9URD4KICAgIDwvVFI+CiAgPC9UQk9EWT4KPC9UQUJMRT4KPC9DRU5URVI+CjxIUj4KPFRBQkxFIHdpZHRoPSI2NDAiIGhlaWdodD0iMzIzIj4KICA8VEJPRFk+CiAgICA8VFI+CiAgICAgIDxURCBhbGlnbj0iY2VudGVyIiBiZ2NvbG9yPSIjMDAwMDk5Ij48SU1HIHNyYz0iaHR0cDovL2ltYWdlLnJha3V0ZW4uY28uanAvYXhpc3JkL2NhYmluZXQvMDAyMzQ4NDAvaW1ncmMwMDcxMjI2NDk5LmpwZyIgd2lkdGg9IjYyMCIgaGVpZ2h0PSIzMDMiIGJvcmRlcj0iMCI+PC9URD4KICAgIDwvVFI+CiAgPC9UQk9EWT4KPC9UQUJMRT4KPEhSPgo8SFI+CjxJTUcgc3JjPSJodHRwOi8vaW1hZ2UucmFrdXRlbi5jby5qcC9heGlzcmQvY2FiaW5ldC8wNDcyMTgyMy9pbWdyYzAwNjkxMjE0NzYuanBnIiB3aWR0aD0iNjQwIiBoZWlnaHQ9IjQzNyIgYm9yZGVyPSIwIj48L0NFTlRFUj4KPEhSPg==,44CQ6Kiz44GC44KK5ZOB44CRR29sZiBQcmlkZe+8iOOCtOODq+ODleODl+ODqeOCpOODie+8ieOCr+ODqeOCt+ODg+OCr+OAgOODleODq+OCs+ODvOODieOCsOODquODg+ODl+ODkOODg+OCr+ODqeOCpOODs+acieOCiuOAkOODjeOCs+ODneOCuemFjemAgeWPr+OAke+8muOCouOCr+OCt+OCue+8su+8hu+8pOOCtOODq+ODlQ==,44Kr44K/44OK44Ob44Oz44Oe44K044Or44OV44K544Od44Or44OH44Kj44Oz44KwVEEtNUxCNjA244Kt44Oj44K544Kz44K044Or44OV44Oc44O844Or44OK44Kk44Kt44Oo44ON44OD44Kv44K544Ot44OD44K144Oh44OD44K244Oi44Oz44K244OA44Kk44OvTklLReOCquODjuODleOCreODo+ODh+OCo+ODvOODkOODg+OCsOODkeODvOOCt+ODouODs+OCreODo+ODreOCpuOCp+OCpOOCpuOCpOODq+OCveODs1hSLTA144OG44O844Op44O844Oh44Kk44OJ44Ot44OD44K144CQ6Kiz44GC44KK5ZOB44CRR29sZiBQcmlkZe+8iOOCtOODq+ODleODl+ODqeOCpOODie+8ieOCr+ODqeOCt+ODg+OCr+OAgOODleODq+OCs+ODvOODieOCsOODquODg+ODl+ODkOODg+OCr+ODqeOCpOODs+acieOCiuOAkOODjeOCs+ODneOCuemFjemAgeWPr+OAkQ==,44Kv44Op44K344OD44KvL+OCr+ODqeOCt+OCq+ODqy/jg5fjg63jgqrjg7Pjg6rjg7wvUFJPIE9OTFnjgILjgJDoqLPjgYLjgorlk4HjgJFHb2xmIFByaWRl77yI44K044Or44OV44OX44Op44Kk44OJ77yJ44Kv44Op44K344OD44Kv44CA44OV44Or44Kz44O844OJ44Kw44Oq44OD44OX44OQ44OD44Kv44Op44Kk44Oz5pyJ44KK44CQ44ON44Kz44Od44K56YWN6YCB5Y+v44CR[rn]
22-59992,aHR0cDovL3RzaG9wLnIxMHMuanAvYXhpc3JkL2NhYmluZXQvMDAzNTYyMzYvaW1ncmMwMDcxMjk1NjQxLmdpZj9maXRpbj03MDA6NzAw,ODY0LjAwMDA=,,44K544Od44O844OE44O744Ki44Km44OI44OJ44KiID4g44K044Or44OVID4g44Kv44Op44OWID4g44Kv44Op44OW55So44OR44O844OEID4g44Kw44Oq44OD44OX,R29sZiBQcmlkZe+8iOOCtOODq+ODleODl+ODqeOCpOODie+8ieODnuODq+ODgeOCs+ODs+ODkeOCpuODs+ODiU1DQyBNNjBS44CA44Kw44Oq44OD44OX44OQ44OD44Kv44Op44Kk44Oz54Sh44GXL+ODkeODvOODl+ODq+OAkOODjeOCs+ODneOCuemFjemAgeWPr+OAkQ==,44CQ5Zyo5bqr6ZmQ44KK44CR5biM5bCR44Gq44OR44O844OX44Or5YWl6I2344GX44G+44GX44Gf77yB77yB,PFRBQkxFIGJvcmRlcj0iMCIgd2lkdGg9IjYwMCI+CiAgPFRCT0RZPgogICAgPFRSPgogICAgICA8VEQgYWxpZ249ImNlbnRlciI+CiAgICAgIDxUQUJMRSBib3JkZXI9IjAiPgogICAgICAgIDxUQk9EWT4KICAgICAgICAgIDxUUj4KICAgICAgICAgICAgPFREPjIwMTTlubTkuJbnlYw05aSn44Oh44K444Oj44O844OI44O844OK44Oh44Oz44OI5L2/55So546H56ysMuS9jeOAguS6uuawl+OBrk1DQ+OCt+ODquODvOOCuuOAgjxCUj4KICAgICAgICAgICAg44Kw44Ot44O844OW44Gn6KOF552A44GX44Gf5omL44Gn5o+h44KL6YOo5YiG44Gv44Kz44O844OJ44CBPEJSPgogICAgICAgICAgICDntKDmiYvjgafmj6Hjgovpg6jliIbjga/jg6njg5Djg7zjgagy56iu6aGe44Gu5qmf6IO944KS6J6N5ZCI44GV44Gb44Gf44OP44Kk44OW44Oq44OD44OJ44Kw44Oq44OD44OX44Gn44GZ44CCPEJSPgogICAgICAgICAgICDjgrDjg6rjg4Pjg5fjgqjjg7Pjg4nlgbTjgavjg5njg6vjg5njg4Pjg4jjgrPjg7zjg4njgpLmjqHnlKjjgZnjgovjgZPjgajjgafjgIE8QlI+CiAgICAgICAgICAgIOWFqOWkqeWAmeOBp+OCguOBmeOBueOCiuOBq+OBj+OBj+OAgeOBl+OBo+OBi+OCiuOBqOOBl+OBn+ODm+ODvOODq+ODieaEn+OCkuWQkeS4iuOAgjxCUj4KICAgICAgICAgICAg44G+44Gf44CB44K344Oj44OV44OI5YG044Gv5p+U44KJ44GL44GE44Op44OQ44O844KS5o6h55So44GX44CBPEJSPgogICAgICAgICAgICDlv6vpganmgKfjgajjgrPjg7Pjg4jjg63jg7zjg6vmgKfog73jgpLlrp/nj77jgZfjgb7jgZfjgZ/jgII8L1REPgogICAgICAgICAgPC9UUj4KICAgICAgICA8L1RCT0RZPgogICAgICA8L1RBQkxFPgogICAgICA8L1REPgogICAgPC9UUj4KICAgIDxUUj4KICAgICAgPFREIGFsaWduPSJjZW50ZXIiPjxJTUcgc3JjPSJodHRwOi8vaW1hZ2UucmFrdXRlbi5jby5qcC9heGlzcmQvY2FiaW5ldC8wMDM1NjIzNi9pbWdyYzAwNzEyOTU2NDEuZ2lmIiB3aWR0aD0iNTAwIiBoZWlnaHQ9IjUwMCIgYm9yZGVyPSIwIj48L1REPgogICAgPC9UUj4KICAgIDxUUj4KICAgICAgPFREIGFsaWduPSJjZW50ZXIiPgogICAgICA8VEFCTEUgYm9yZGVyPSIwIj4KICAgICAgICA8VEJPRFk+CiAgICAgICAgICA8VFI+CiAgICAgICAgICAgIDxURD7ilqDjg6Ljg4fjg6vlkI3vvJrjg57jg6vjg4HjgrPjg7Pjg5Hjgqbjg7Pjg4lNQ0Pjg7vjg5Hjg7zjg5fjg6sgPEJSPgo8QlI+CuKWoOOCsOODquODg+ODl++8muOCpuODg+ODieODu+OCouOCpOOCouODs+eUqDxCUj4KPEJSPgrilqDjgrPjgqLjgrXjgqTjgrrvvIjlj6PlvoTvvInvvJpNNjBS77yI44OQ44OD44Kv44Op44Kk44Oz54Sh44GX77yJIDxCUj4KPEJSPgrilqDmqJnmupbph43ph4/vvJo0N2fCsSA8QlI+CjxCUj4K4pag6KO96YCg5Zu977yaTWFkZSBpbiBUYWl3YW48L1REPgogICAgICAgICAgPC9UUj4KICAgICAgICA8L1RCT0RZPgogICAgICA8L1RBQkxFPgogICAgICA8L1REPgogICAgPC9UUj4KICAgIDxUUj4KICAgICAgPFREIGFsaWduPSJjZW50ZXIiPgogICAgICA8VEFCTEUgYm9yZGVyPSIwIj4KICAgICAgICA8VEJPRFk+CiAgICAgICAgICA8VFI+CiAgICAgICAgICAgIDxURD4KICAgICAgICAgICAgPEhSPgogICAgICAgICAgICA8L1REPgogICAgICAgICAgPC9UUj4KICAgICAgICAgIDxUUj4KICAgICAgICAgICAgPFREPuKGkuOBiuW+l+OBqjEw5pys44K744OD44OI44Gv44GT44Gh44KJ4oaQPC9URD4KICAgICAgICAgIDwvVFI+CiAgICAgICAgICA8VFI+CiAgICAgICAgICAgIDxURD4KICAgICAgICAgICAgPEhSPgogICAgICAgICAgICA8L1REPgogICAgICAgICAgPC9UUj4KICAgICAgICA8L1RCT0RZPgogICAgICA8L1RBQkxFPgogICAgICA8L1REPgogICAgPC9UUj4KICAgIDxUUj4KICAgICAgPFREIGFsaWduPSJjZW50ZXIiPjxGT05UIGZhY2U9Iu+8re+8syDjgrTjgrfjg4Pjgq8iIGNvbG9yPSIjYTEwMDAwIiBzaXplPSIyIj7imIblrp/pmpvjga7llYblk4Hjga7oibLjgajjgIHjgafjgY3jgovjgaDjgZHov5HjgYToibLjgafjgZTopqfjgYTjgZ/jgaDjgZHjgovjgojjgYbjgas8QlI+44CA5rOo5oSP44KS5omV44Gj44Gm44GK44KK44G+44GZ44GM44CB44Oi44OL44K/44O844Gu5piO44KL44GV6Kit5a6a44Gq44Gp44Gr44KI44KK44CBPEJSPuOAgOWkmuWwkeiJsuWQiOOBhOOBjOeVsOOBquOBo+OBpuimi+OBiOOCi+WgtOWQiOOBjOOBlOOBluOBhOOBvuOBmeOBjOOAgeOBlOS6huaJv+OBj+OBoOOBleOBhDwvRk9OVD48L1REPgogICAgPC9UUj4KICAgIDxUUj4KICAgICAgPFREPgogICAgICA8SFI+CiAgICAgIDwvVEQ+CiAgICA8L1RSPgogIDwvVEJPRFk+CjwvVEFCTEU+PHN0eWxlIHR5cGU9InRleHQvY3NzIj4KYm9keXsKYmFja2dyb3VuZC1pbWFnZTp1cmwoaHR0cDovL2ltYWdlLnJha3V0ZW4uY28uanAvYXhpc3JkL2NhYmluZXQvMDM3ODI2OTIvaW1ncmMwMDcxNDIzNjA5LmpwZyk7CmJhY2tncm91bmQtcmVwZWF0OnJlcGVhdC15OwpiYWNrZ3JvdW5kLXBvc2l0aW9uOnJpZ2h0Owp9Cjwvc3R5bGU+Cgo8SFI+CjxDRU5URVI+CjxUQUJMRSB3aWR0aD0iNjMwIiBiZ2NvbG9yPSIjZmYwMDAwIj4KICA8VEJPRFk+CiAgICA8VFI+CiAgICAgIDxURD4KICAgICAgPEhSPgogICAgICA8L1REPgogICAgPC9UUj4KICAgIDxUUj4KICAgICAgPFREIGFsaWduPSJjZW50ZXIiPjxCPjxGT05UIHNpemU9Iis0IiBjb2xvcj0iI2ZmZmYwMCI+5pyf6ZaT6ZmQ5a6a44Kv44O844Od44Oz44Gv44GT44Gh44KJPC9GT05UPjxGT05UIHNpemU9IiszIiBjb2xvcj0iI2ZmZmYwMCI+PEJSPgogICAgICDilrzjgIDilrzjgIDilrzjgIDilrzjgIDilrw8L0ZPTlQ+PC9CPjwvVEQ+CiAgICA8L1RSPgogICAgPFRSPgogICAgICA8VEQgYWxpZ249ImNlbnRlciIgaGVpZ2h0PSIxMzAiIHZhbGlnbj0idG9wIj48SU1HIHNyYz0iaHR0cHM6Ly9pbWFnZS5yYWt1dGVuLmNvLmpwL2F4aXNyZC9jYWJpbmV0LzAzNzgyNjkyL2ltZ3JjMDA3MTcyNDYwNi5qcGciIHdpZHRoPSI2NDAiIGhlaWdodD0iMjAwIiBib3JkZXI9IjAiPjwvVEQ+CiAgICA8L1RSPgogICAgPFRSPgogICAgICA8VEQgYWxpZ249ImNlbnRlciI+PEZPTlQgY29sb3I9IiNmZmZmZmYiIHNpemU9IisxIj48Rk9OVCBzaXplPSIrMCI+PEI+PEZPTlQgc2l6ZT0iLTIiPjxGT05UIHNpemU9Ii0xIj7igLvjgYrkuIDkurrmp5gx5Zue44G+44Gn44Gu44GU5Yip55So44Go44Gq44KK44G+44GZ44CC44Gd44Gu5LuW44Gu44Kv44O844Od44Oz44Go44Gu44CQ5L2155So5LiN5Y+v44CR44CCPEJSPgogICAgICDigLvml6Llrprjga7liKnnlKjkuIrpmZDjgavpgZTjgZfjgZ/mrrXpmo7jgafjgq/jg7zjg53jg7Pjga7jgZTliKnnlKjjga/kuI3lj6/jgajjgarjgorjgb7jgZnjgII8L0ZPTlQ+PC9GT05UPjwvQj48L0ZPTlQ+PEJSPgogICAgICA8L0ZPTlQ+PEZPTlQgY29sb3I9IiMwMDAwZmYiIHNpemU9Ii0xIj48Rk9OVCBzaXplPSItMSIgY29sb3I9IiMwMDAwZmYiPjxGT05UIHNpemU9Ii0xIiBjb2xvcj0iIzAwMDBmZiI+PEZPTlQgY29sb3I9IiMwMDAwZmYiPjxGT05UIGNvbG9yPSIjMDAwMGZmIj48Rk9OVCBjb2xvcj0iIzAwMDBmZiI+PEZPTlQgY29sb3I9IiMwMDAwZmYiPjxCPjxGT05UIHNpemU9Ii0xIiBjb2xvcj0iIzAwMDBmZiI+PEZPTlQgc2l6ZT0iLTEiIGNvbG9yPSIjZmZmZjAwIj7igLvjgZTms6jmlofnorrlrprlvozjga7jgq/jg7zjg53jg7PliKnnlKjjga/kuI3lj6/jgajjgarjgorjgb7jgZnjga7jgafjgIHlv4XjgZrjgZTms6jmlofliY3jgavjgq/jg7zjg53jg7PjgpLnjbLlvpfkuIvjgZXjgYTjgII8L0ZPTlQ+PC9GT05UPjwvQj48L0ZPTlQ+PC9GT05UPjwvRk9OVD48L0ZPTlQ+PC9GT05UPjwvRk9OVD48L0ZPTlQ+PC9URD4KICAgIDwvVFI+CiAgICA8VFI+CiAgICAgIDxURD4KICAgICAgPEhSPgogICAgICA8L1REPgogICAgPC9UUj4KICA8L1RCT0RZPgo8L1RBQkxFPgo8L0NFTlRFUj4KPEhSPgo8Q0VOVEVSPgo8VEFCTEUgd2lkdGg9IjY0MCIgaGVpZ2h0PSIyMjAiIGJnY29sb3I9IiMwMDAwOTkiPgogIDxUQk9EWT4KICAgIDxUUj4KICAgICAgPFREIGFsaWduPSJjZW50ZXIiPjxGT05UIGNvbG9yPSIjZmYwMDAwIiBzaXplPSIrNCI+PEZPTlQgc2l6ZT0iKzQiIGNvbG9yPSIjZmZmZjAwIj48Rk9OVCBzaXplPSIrNCIgY29sb3I9IiNmZmZmMDAiPjxCPuOAkOmbhuOBiO+8gSDpm6jnlLfjg7vpm6jlpbPjgJE8L0I+PC9GT05UPjwvRk9OVD48L0ZPTlQ+PEZPTlQgY29sb3I9IiMwMDk5MDAiIHNpemU9Iis0Ij48Rk9OVCBzaXplPSIrNCIgY29sb3I9IiNmZjAwMDAiPjxGT05UIHNpemU9Iis0IiBjb2xvcj0iI2ZmMDAwMCI+PEI+PEJSPgogICAgICA8L0I+PC9GT05UPjwvRk9OVD48L0ZPTlQ+CiAgICAgIDxDRU5URVI+CiAgICAgIDxUQUJMRT4KICAgICAgICA8VEJPRFk+CiAgICAgICAgICA8VFI+CiAgICAgICAgICAgIDxURD48SU1HIHNyYz0iaHR0cDovL2ltYWdlLnJha3V0ZW4uY28uanAvYXhpc3JkL2NhYmluZXQvMDAyMzQ4NDAvaW1nNTk0MjM2MjYuanBnIiB3aWR0aD0iMjY0IiBoZWlnaHQ9Ijc1IiBib3JkZXI9IjAiPjwvVEQ+CiAgICAgICAgICAgIDxURD48SU1HIHNyYz0iaHR0cDovL2ltYWdlLnJha3V0ZW4uY28uanAvYXhpc3JkL2NhYmluZXQvMDAyMzQ4NDAvaW1nNTk0MjM2MjYuanBnIiB3aWR0aD0iMjY0IiBoZWlnaHQ9Ijc1IiBib3JkZXI9IjAiPjwvVEQ+CiAgICAgICAgICA8L1RSPgogICAgICAgIDwvVEJPRFk+CiAgICAgIDwvVEFCTEU+CiAgICAgIDwvQ0VOVEVSPgogICAgICA8Rk9OVCBjb2xvcj0iIzAwOTkwMCIgc2l6ZT0iKzQiPjxGT05UIHNpemU9Iis0IiBjb2xvcj0iI2ZmMDAwMCI+PEZPTlQgc2l6ZT0iKzQiIGNvbG9yPSIjZmYwMDAwIj48Qj7jgrnjg6rjgq/jgr3jg7Mg6Zuo5a++562W6Zai6YCj5ZWG5ZOBPEJSPgogICAgICDotoXntbbnibnkvqHjgrvjg7zjg6vnibnoqK3kvJrloLQ8QlI+CiAgICAgIDwvQj48L0ZPTlQ+PC9GT05UPjwvRk9OVD4KICAgICAgPEhSPgogICAgICA8L1REPgogICAgPC9UUj4KICA8L1RCT0RZPgo8L1RBQkxFPgo8L0NFTlRFUj4KPENFTlRFUj4KPFRBQkxFIHdpZHRoPSI2NDAiIGhlaWdodD0iMjIwIiBiZ2NvbG9yPSIjMDAwMDk5Ij4KICA8VEJPRFk+CiAgICA8VFI+CiAgICAgIDxURCBhbGlnbj0iY2VudGVyIj48SU1HIHNyYz0iaHR0cDovL2ltYWdlLnJha3V0ZW4uY28uanAvYXhpc3JkL2NhYmluZXQvMDAyMzQ4NDAvaW1ncmMwMDcxMzg1ODkyLmpwZyIgd2lkdGg9IjYwMCIgaGVpZ2h0PSIyMDAiIGJvcmRlcj0iMCI+PC9URD4KICAgIDwvVFI+CiAgPC9UQk9EWT4KPC9UQUJMRT4KPC9DRU5URVI+CjxDRU5URVI+CiAgPHRhYmxlIHdpZHRoPSI2NDAiIGhlaWdodD0iMjIwIiBiZ2NvbG9yPSIjMDAwMDk5Ij4KICAgIDx0Ym9keT4KICAgICAgPHRyPgogICAgICAgIDx0ZCBhbGlnbj0iY2VudGVyIj48SU1HIHNyYz0iaHR0cDovL2ltYWdlLnJha3V0ZW4uY28uanAvYXhpc3JkL2NhYmluZXQvMDAyMzQ4NDAvaW1ncmMwMDcwMDg2NTMyLmpwZyIgd2lkdGg9IjYwMCIgaGVpZ2h0PSIyMDAiIGJvcmRlcj0iMCI+PC90ZD4KICAgICAgPC90cj4KICAgIDwvdGJvZHk+CiAgPC90YWJsZT4KPC9DRU5URVI+CjxDRU5URVI+CjxUQUJMRSB3aWR0aD0iNjQwIiBoZWlnaHQ9IjIyMCIgYmdjb2xvcj0iIzAwMDA5OSI+CiAgPFRCT0RZPgogICAgPFRSPgogICAgICA8VEQgYWxpZ249ImNlbnRlciI+PElNRyBzcmM9Imh0dHA6Ly9pbWFnZS5yYWt1dGVuLmNvLmpwL2F4aXNyZC9jYWJpbmV0LzAwMjM0ODQwL2ltZ3JjMDA3MDA4NjUzMC5qcGciIHdpZHRoPSI2MDAiIGhlaWdodD0iMjAwIiBib3JkZXI9IjAiPjxCUj4KICAgICAgCiAgICAgIDxIUj4KICAgICAgPC9URD4KICAgIDwvVFI+CiAgPC9UQk9EWT4KPC9UQUJMRT4KPEhSPgo8VEFCTEUgd2lkdGg9IjY0MCIgaGVpZ2h0PSIzMjAiIGJnY29sb3I9IiM5OTAwMDAiPgogIDxUQk9EWT4KICAgIDxUUj4KICAgICAgPFREIGFsaWduPSJjZW50ZXIiPjxJTUcgc3JjPSJodHRwczovL2ltYWdlLnJha3V0ZW4uY28uanAvYXhpc3JkL2NhYmluZXQvMDAyMzQ4NDAvaW1ncmMwMDcxNTY0MjI4LmpwZyIgd2lkdGg9IjYyMCIgaGVpZ2h0PSIzMDAiIGJvcmRlcj0iMCI+PC9URD4KICAgIDwvVFI+CiAgPC9UQk9EWT4KPC9UQUJMRT4KPEhSPgo8Q0VOVEVSPgo8Q0VOVEVSPgo8VEFCTEUgd2lkdGg9IjY0MCIgaGVpZ2h0PSIyNjAiIGJnY29sb3I9IiMwMDAwMDAiPgogIDxUQk9EWT4KICAgIDxUUj4KICAgICAgPFREIGFsaWduPSJjZW50ZXIiIGJnY29sb3I9IiMwMDAwMDAiPjxJTUcgc3JjPSJodHRwOi8vaW1hZ2UucmFrdXRlbi5jby5qcC9heGlzcmQvY2FiaW5ldC8wMDIzNDg0MC9pbWdyYzAwNjg2NzA0NzcuanBnIiB3aWR0aD0iNjMwIiBoZWlnaHQ9IjI1MCIgYm9yZGVyPSIwIj48L1REPgogICAgPC9UUj4KICA8L1RCT0RZPgo8L1RBQkxFPgo8L0NFTlRFUj4KPC9DRU5URVI+CjwvQ0VOVEVSPgo8Q0VOVEVSPgo8SFI+CjxDRU5URVI+CjxUQUJMRSB3aWR0aD0iNjIwIiBoZWlnaHQ9IjI4OCIgYmdjb2xvcj0iIzAwMjAwMCI+CiAgPFRCT0RZPgogICAgPFRSPgogICAgICA8VEQgYWxpZ249ImNlbnRlciI+PElNRyBzcmM9Imh0dHA6Ly9pbWFnZS5yYWt1dGVuLmNvLmpwL2F4aXNyZC9jYWJpbmV0LzAwMjM0ODQwL2ltZ3JjMDA2NjU0NDcxMy5qcGciIHdpZHRoPSI2MDAiIGhlaWdodD0iMjY4IiBib3JkZXI9IjAiPjwvVEQ+CiAgICA8L1RSPgogIDwvVEJPRFk+CjwvVEFCTEU+CjwvQ0VOVEVSPgo8SFI+CjxDRU5URVI+CjxDRU5URVI+CjxUQUJMRSB3aWR0aD0iNjIwIiBoZWlnaHQ9IjI4OCI+CiAgPFRCT0RZPgogICAgPFRSPgogICAgICA8VEQgYWxpZ249ImNlbnRlciIgYmdjb2xvcj0iIzY2MDAwMCI+PElNRyBzcmM9Imh0dHA6Ly9pbWFnZS5yYWt1dGVuLmNvLmpwL2F4aXNyZC9jYWJpbmV0LzAwMjM0ODQwL2ltZ3JjMDA3MTI2NjQyMC5qcGciIHdpZHRoPSI2MDAiIGhlaWdodD0iMjY4IiBib3JkZXI9IjAiPjwvVEQ+CiAgICA8L1RSPgogIDwvVEJPRFk+CjwvVEFCTEU+CjxIUj4KPC9DRU5URVI+CjwvQ0VOVEVSPgo8L0NFTlRFUj4KPEhSPgo8Q0VOVEVSPgo8Q0VOVEVSPgo8VEFCTEUgd2lkdGg9IjY0MCIgaGVpZ2h0PSIyNDMiPgogIDxUQk9EWT4KICAgIDxUUj4KICAgICAgPFREIGFsaWduPSJjZW50ZXIiIGJnY29sb3I9IiMwMDAwMDAiPjxJTUcgc3JjPSJodHRwOi8vaW1hZ2UucmFrdXRlbi5jby5qcC9heGlzcmQvY2FiaW5ldC8wMDIwNzQzNS9pbWdyYzAwNzEzNzUxNDkuanBnIiB3aWR0aD0iNjIwIiBoZWlnaHQ9IjIyMyIgYm9yZGVyPSIwIj48L1REPgogICAgPC9UUj4KICA8L1RCT0RZPgo8L1RBQkxFPgo8L0NFTlRFUj4KPC9DRU5URVI+CjxIUj4KPENFTlRFUj4KPENFTlRFUj4KPFRBQkxFIHdpZHRoPSI2NDAiIGhlaWdodD0iMjQzIj4KICA8VEJPRFk+CiAgICA8VFI+CiAgICAgIDxURCBhbGlnbj0iY2VudGVyIiBiZ2NvbG9yPSIjOTkwMDAwIj48SU1HIHNyYz0iaHR0cDovL2ltYWdlLnJha3V0ZW4uY28uanAvYXhpc3JkL2NhYmluZXQvb3RoZXJzL2ltZ3JjMDA3MTI3NDA2Ny5qcGciIHdpZHRoPSI2MjAiIGhlaWdodD0iMjIzIiBib3JkZXI9IjAiPjwvVEQ+CiAgICA8L1RSPgogIDwvVEJPRFk+CjwvVEFCTEU+CjwvQ0VOVEVSPgo8SFI+CjxDRU5URVI+CjxUQUJMRSB3aWR0aD0iNjQwIiBoZWlnaHQ9IjIyMCIgYmdjb2xvcj0iI2ZmMDAwMCI+CiAgPFRCT0RZPgogICAgPFRSPgogICAgICA8VEQgYWxpZ249ImNlbnRlciI+PElNRyBzcmM9Imh0dHA6Ly9pbWFnZS5yYWt1dGVuLmNvLmpwL2F4aXNyZC9jYWJpbmV0LzAwMjM0ODQwL2ltZ3JjMDA3MDczNTk3NS5qcGciIHdpZHRoPSI2MDAiIGhlaWdodD0iMTk4IiBib3JkZXI9IjAiPjwvVEQ+CiAgICA8L1RSPgogIDwvVEJPRFk+CjwvVEFCTEU+CjwvQ0VOVEVSPgo8SFI+CjxUQUJMRSB3aWR0aD0iNjQwIiBoZWlnaHQ9IjMyMyI+CiAgPFRCT0RZPgogICAgPFRSPgogICAgICA8VEQgYWxpZ249ImNlbnRlciIgYmdjb2xvcj0iIzAwMDA5OSI+PElNRyBzcmM9Imh0dHA6Ly9pbWFnZS5yYWt1dGVuLmNvLmpwL2F4aXNyZC9jYWJpbmV0LzAwMjM0ODQwL2ltZ3JjMDA3MTIyNjQ5OS5qcGciIHdpZHRoPSI2MjAiIGhlaWdodD0iMzAzIiBib3JkZXI9IjAiPjwvVEQ+CiAgICA8L1RSPgogIDwvVEJPRFk+CjwvVEFCTEU+CjxIUj4KPEhSPgo8SU1HIHNyYz0iaHR0cDovL2ltYWdlLnJha3V0ZW4uY28uanAvYXhpc3JkL2NhYmluZXQvMDQ3MjE4MjMvaW1ncmMwMDY5MTIxNDc2LmpwZyIgd2lkdGg9IjY0MCIgaGVpZ2h0PSI0MzciIGJvcmRlcj0iMCI+PC9DRU5URVI+CjxIUj4=,R29sZiBQcmlkZe+8iOOCtOODq+ODleODl+ODqeOCpOODie+8ieODnuODq+ODgeOCs+ODs+ODkeOCpuODs+ODiU1DQyBNNjBS44CA44Kw44Oq44OD44OX44OQ44OD44Kv44Op44Kk44Oz54Sh44GXL+ODkeODvOODl+ODq+OAkOODjeOCs+ODneOCuemFjemAgeWPr+OAke+8muOCouOCr+OCt+OCue+8su+8hu+8pOOCtOODq+ODlQ==,44Kr44K/44OK44Ob44Oz44Oe44K044Or44OV44K544Od44Or44OH44Kj44Oz44KwVEEtNUxCNjA244Kt44Oj44K544Kz44K044Or44OV44Oc44O844Or44OK44Kk44Kt44Oo44ON44OD44Kv44K544Ot44OD44K144Oh44OD44K244Oi44Oz44K244OA44Kk44OvTklLReOCquODjuODleOCreODo+ODh+OCo+ODvOODkOODg+OCsOODkeODvOOCt+ODouODs+OCreODo+ODreOCpuOCp+OCpOOCpuOCpOODq+OCveODs1hSLTA144OG44O844Op44O844Oh44Kk44OJ44Ot44OD44K1R29sZiBQcmlkZe+8iOOCtOODq+ODleODl+ODqeOCpOODie+8ieODnuODq+ODgeOCs+ODs+ODkeOCpuODs+ODiU1DQyBNNjBS44CA44Kw44Oq44OD44OX44OQ44OD44Kv44Op44Kk44Oz54Sh44GXL+ODkeODvOODl+ODq+OAkOODjeOCs+ODneOCuemFjemAgeWPr+OAkQ==,44CQ5Zyo5bqr6ZmQ44KK44CR5biM5bCR44Gq44OR44O844OX44Or5YWl6I2344GX44G+44GX44Gf77yB77yB44CCR29sZiBQcmlkZe+8iOOCtOODq+ODleODl+ODqeOCpOODie+8ieODnuODq+ODgeOCs+ODs+ODkeOCpuODs+ODiU1DQyBNNjBS44CA44Kw44Oq44OD44OX44OQ44OD44Kv44Op44Kk44Oz54Sh44GXL+ODkeODvOODl+ODq+OAkOODjeOCs+ODneOCuemFjemAgeWPr+OAkQ==[rn]
22-59993,aHR0cDovL3RzaG9wLnIxMHMuanAvYXhpc3JkL2NhYmluZXQvMDAzNTYyMzYvaW1ncmMwMDcxMzAyNjI2LmdpZj9maXRpbj03MDA6NzAw,NTc4LjQwMDA=,,44K544Od44O844OE44O744Ki44Km44OI44OJ44KiID4g44K044Or44OVID4g44Kv44Op44OWID4g44Kv44Op44OW55So44OR44O844OEID4g44Kw44Oq44OD44OX,44OU44Oz77yIUElOR++8ieODkeOCv+ODvOOCsOODquODg+ODl+OAgOODqeODkOODvO+8iOODluODqeODg+OCr8OX44Ob44Ov44Kk44OI77yJ44OU44K544OI44OrVVPjg6Ljg4fjg6vjgJDjg43jgrPjg53jgrnphY3pgIHlj6/jgJE=,,PFRBQkxFIGJvcmRlcj0iMCIgd2lkdGg9IjYwMCI+CiAgPFRCT0RZPgogICAgPFRSPgogICAgICA8VEQgYWxpZ249ImNlbnRlciI+PElNRyBzcmM9Imh0dHA6Ly9pbWFnZS5yYWt1dGVuLmNvLmpwL2F4aXNyZC9jYWJpbmV0LzAwMzU2MjM2L2ltZ3JjMDA3MTMwMjYyNi5naWYiIHdpZHRoPSI1MDAiIGhlaWdodD0iNTAwIiBib3JkZXI9IjAiPjwvVEQ+CiAgICA8L1RSPgogICAgPFRSPgogICAgICA8VEQgYWxpZ249ImNlbnRlciI+CiAgICAgIDxUQUJMRSBib3JkZXI9IjAiPgogICAgICAgIDxUQk9EWT4KICAgICAgICAgIDxUUj4KICAgICAgICAgICAgPFREPuKWoOOCsOODquODg+ODl+WPo+W+hDowLjU4MCZxdW90OzxCUj4KICAgICAgICAgICAg4pag6YeN6YePOjU4wrEyZzxCUj4KICAgICAgICAgICAg4pag44Kw44Oq44OD44OX44K144Kk44K6OuOCueOCv+ODs+ODgOODvOODiTxCUj7ilqDoo73pgKDlm73vvJpNYWRlIGluIFRhaXdhbjwvVEQ+CiAgICAgICAgICA8L1RSPgogICAgICAgIDwvVEJPRFk+CiAgICAgIDwvVEFCTEU+CiAgICAgIDwvVEQ+CiAgICA8L1RSPgogICAgPFRSPgogICAgICA8VEQgYWxpZ249ImNlbnRlciI+PEZPTlQgZmFjZT0i77yt77yzIOOCtOOCt+ODg+OCryIgY29sb3I9IiNhMTAwMDAiIHNpemU9IjIiPuKYhuWun+mam+OBruWVhuWTgeOBruiJsuOBqOOAgeOBp+OBjeOCi+OBoOOBkei/keOBhOiJsuOBp+OBlOimp+OBhOOBn+OBoOOBkeOCi+OCiOOBhuOBqzxCUj7jgIDms6jmhI/jgpLmiZXjgaPjgabjgYrjgorjgb7jgZnjgYzjgIHjg6Ljg4vjgr/jg7zjga7mmI7jgovjgZXoqK3lrprjgarjganjgavjgojjgorjgIE8QlI+44CA5aSa5bCR6Imy5ZCI44GE44GM55Ww44Gq44Gj44Gm6KaL44GI44KL5aC05ZCI44GM44GU44GW44GE44G+44GZ44GM44CB44GU5LqG5om/44GP44Gg44GV44GEPC9GT05UPjwvVEQ+CiAgICA8L1RSPgogICAgPFRSPgogICAgICA8VEQ+CiAgICAgIDxIUj4KICAgICAgPC9URD4KICAgIDwvVFI+CiAgPC9UQk9EWT4KPC9UQUJMRT48c3R5bGUgdHlwZT0idGV4dC9jc3MiPgpib2R5ewpiYWNrZ3JvdW5kLWltYWdlOnVybChodHRwOi8vaW1hZ2UucmFrdXRlbi5jby5qcC9heGlzcmQvY2FiaW5ldC8wMzc4MjY5Mi9pbWdyYzAwNzE0MjM2MDkuanBnKTsKYmFja2dyb3VuZC1yZXBlYXQ6cmVwZWF0LXk7CmJhY2tncm91bmQtcG9zaXRpb246cmlnaHQ7Cn0KPC9zdHlsZT4KCjxIUj4KPENFTlRFUj4KPFRBQkxFIHdpZHRoPSI2MzAiIGJnY29sb3I9IiNmZjAwMDAiPgogIDxUQk9EWT4KICAgIDxUUj4KICAgICAgPFREPgogICAgICA8SFI+CiAgICAgIDwvVEQ+CiAgICA8L1RSPgogICAgPFRSPgogICAgICA8VEQgYWxpZ249ImNlbnRlciI+PEI+PEZPTlQgc2l6ZT0iKzQiIGNvbG9yPSIjZmZmZjAwIj7mnJ/plpPpmZDlrprjgq/jg7zjg53jg7Pjga/jgZPjgaHjgok8L0ZPTlQ+PEZPTlQgc2l6ZT0iKzMiIGNvbG9yPSIjZmZmZjAwIj48QlI+CiAgICAgIOKWvOOAgOKWvOOAgOKWvOOAgOKWvOOAgOKWvDwvRk9OVD48L0I+PC9URD4KICAgIDwvVFI+CiAgICA8VFI+CiAgICAgIDxURCBhbGlnbj0iY2VudGVyIiBoZWlnaHQ9IjEzMCIgdmFsaWduPSJ0b3AiPjxJTUcgc3JjPSJodHRwczovL2ltYWdlLnJha3V0ZW4uY28uanAvYXhpc3JkL2NhYmluZXQvMDM3ODI2OTIvaW1ncmMwMDcxNzI0NjA2LmpwZyIgd2lkdGg9IjY0MCIgaGVpZ2h0PSIyMDAiIGJvcmRlcj0iMCI+PC9URD4KICAgIDwvVFI+CiAgICA8VFI+CiAgICAgIDxURCBhbGlnbj0iY2VudGVyIj48Rk9OVCBjb2xvcj0iI2ZmZmZmZiIgc2l6ZT0iKzEiPjxGT05UIHNpemU9IiswIj48Qj48Rk9OVCBzaXplPSItMiI+PEZPTlQgc2l6ZT0iLTEiPuKAu+OBiuS4gOS6uuanmDHlm57jgb7jgafjga7jgZTliKnnlKjjgajjgarjgorjgb7jgZnjgILjgZ3jga7ku5bjga7jgq/jg7zjg53jg7Pjgajjga7jgJDkvbXnlKjkuI3lj6/jgJHjgII8QlI+CiAgICAgIOKAu+aXouWumuOBruWIqeeUqOS4iumZkOOBq+mBlOOBl+OBn+autemajuOBp+OCr+ODvOODneODs+OBruOBlOWIqeeUqOOBr+S4jeWPr+OBqOOBquOCiuOBvuOBmeOAgjwvRk9OVD48L0ZPTlQ+PC9CPjwvRk9OVD48QlI+CiAgICAgIDwvRk9OVD48Rk9OVCBjb2xvcj0iIzAwMDBmZiIgc2l6ZT0iLTEiPjxGT05UIHNpemU9Ii0xIiBjb2xvcj0iIzAwMDBmZiI+PEZPTlQgc2l6ZT0iLTEiIGNvbG9yPSIjMDAwMGZmIj48Rk9OVCBjb2xvcj0iIzAwMDBmZiI+PEZPTlQgY29sb3I9IiMwMDAwZmYiPjxGT05UIGNvbG9yPSIjMDAwMGZmIj48Rk9OVCBjb2xvcj0iIzAwMDBmZiI+PEI+PEZPTlQgc2l6ZT0iLTEiIGNvbG9yPSIjMDAwMGZmIj48Rk9OVCBzaXplPSItMSIgY29sb3I9IiNmZmZmMDAiPuKAu+OBlOazqOaWh+eiuuWumuW+jOOBruOCr+ODvOODneODs+WIqeeUqOOBr+S4jeWPr+OBqOOBquOCiuOBvuOBmeOBruOBp+OAgeW/heOBmuOBlOazqOaWh+WJjeOBq+OCr+ODvOODneODs+OCkueNsuW+l+S4i+OBleOBhOOAgjwvRk9OVD48L0ZPTlQ+PC9CPjwvRk9OVD48L0ZPTlQ+PC9GT05UPjwvRk9OVD48L0ZPTlQ+PC9GT05UPjwvRk9OVD48L1REPgogICAgPC9UUj4KICAgIDxUUj4KICAgICAgPFREPgogICAgICA8SFI+CiAgICAgIDwvVEQ+CiAgICA8L1RSPgogIDwvVEJPRFk+CjwvVEFCTEU+CjwvQ0VOVEVSPgo8SFI+CjxDRU5URVI+CjxUQUJMRSB3aWR0aD0iNjQwIiBoZWlnaHQ9IjIyMCIgYmdjb2xvcj0iIzAwMDA5OSI+CiAgPFRCT0RZPgogICAgPFRSPgogICAgICA8VEQgYWxpZ249ImNlbnRlciI+PEZPTlQgY29sb3I9IiNmZjAwMDAiIHNpemU9Iis0Ij48Rk9OVCBzaXplPSIrNCIgY29sb3I9IiNmZmZmMDAiPjxGT05UIHNpemU9Iis0IiBjb2xvcj0iI2ZmZmYwMCI+PEI+44CQ6ZuG44GI77yBIOmbqOeUt+ODu+mbqOWls+OAkTwvQj48L0ZPTlQ+PC9GT05UPjwvRk9OVD48Rk9OVCBjb2xvcj0iIzAwOTkwMCIgc2l6ZT0iKzQiPjxGT05UIHNpemU9Iis0IiBjb2xvcj0iI2ZmMDAwMCI+PEZPTlQgc2l6ZT0iKzQiIGNvbG9yPSIjZmYwMDAwIj48Qj48QlI+CiAgICAgIDwvQj48L0ZPTlQ+PC9GT05UPjwvRk9OVD4KICAgICAgPENFTlRFUj4KICAgICAgPFRBQkxFPgogICAgICAgIDxUQk9EWT4KICAgICAgICAgIDxUUj4KICAgICAgICAgICAgPFREPjxJTUcgc3JjPSJodHRwOi8vaW1hZ2UucmFrdXRlbi5jby5qcC9heGlzcmQvY2FiaW5ldC8wMDIzNDg0MC9pbWc1OTQyMzYyNi5qcGciIHdpZHRoPSIyNjQiIGhlaWdodD0iNzUiIGJvcmRlcj0iMCI+PC9URD4KICAgICAgICAgICAgPFREPjxJTUcgc3JjPSJodHRwOi8vaW1hZ2UucmFrdXRlbi5jby5qcC9heGlzcmQvY2FiaW5ldC8wMDIzNDg0MC9pbWc1OTQyMzYyNi5qcGciIHdpZHRoPSIyNjQiIGhlaWdodD0iNzUiIGJvcmRlcj0iMCI+PC9URD4KICAgICAgICAgIDwvVFI+CiAgICAgICAgPC9UQk9EWT4KICAgICAgPC9UQUJMRT4KICAgICAgPC9DRU5URVI+CiAgICAgIDxGT05UIGNvbG9yPSIjMDA5OTAwIiBzaXplPSIrNCI+PEZPTlQgc2l6ZT0iKzQiIGNvbG9yPSIjZmYwMDAwIj48Rk9OVCBzaXplPSIrNCIgY29sb3I9IiNmZjAwMDAiPjxCPuOCueODquOCr+OCveODsyDpm6jlr77nrZbplqLpgKPllYblk4E8QlI+CiAgICAgIOi2hee1tueJueS+oeOCu+ODvOODq+eJueioreS8muWgtDxCUj4KICAgICAgPC9CPjwvRk9OVD48L0ZPTlQ+PC9GT05UPgogICAgICA8SFI+CiAgICAgIDwvVEQ+CiAgICA8L1RSPgogIDwvVEJPRFk+CjwvVEFCTEU+CjwvQ0VOVEVSPgo8Q0VOVEVSPgo8VEFCTEUgd2lkdGg9IjY0MCIgaGVpZ2h0PSIyMjAiIGJnY29sb3I9IiMwMDAwOTkiPgogIDxUQk9EWT4KICAgIDxUUj4KICAgICAgPFREIGFsaWduPSJjZW50ZXIiPjxJTUcgc3JjPSJodHRwOi8vaW1hZ2UucmFrdXRlbi5jby5qcC9heGlzcmQvY2FiaW5ldC8wMDIzNDg0MC9pbWdyYzAwNzEzODU4OTIuanBnIiB3aWR0aD0iNjAwIiBoZWlnaHQ9IjIwMCIgYm9yZGVyPSIwIj48L1REPgogICAgPC9UUj4KICA8L1RCT0RZPgo8L1RBQkxFPgo8L0NFTlRFUj4KPENFTlRFUj4KICA8dGFibGUgd2lkdGg9IjY0MCIgaGVpZ2h0PSIyMjAiIGJnY29sb3I9IiMwMDAwOTkiPgogICAgPHRib2R5PgogICAgICA8dHI+CiAgICAgICAgPHRkIGFsaWduPSJjZW50ZXIiPjxJTUcgc3JjPSJodHRwOi8vaW1hZ2UucmFrdXRlbi5jby5qcC9heGlzcmQvY2FiaW5ldC8wMDIzNDg0MC9pbWdyYzAwNzAwODY1MzIuanBnIiB3aWR0aD0iNjAwIiBoZWlnaHQ9IjIwMCIgYm9yZGVyPSIwIj48L3RkPgogICAgICA8L3RyPgogICAgPC90Ym9keT4KICA8L3RhYmxlPgo8L0NFTlRFUj4KPENFTlRFUj4KPFRBQkxFIHdpZHRoPSI2NDAiIGhlaWdodD0iMjIwIiBiZ2NvbG9yPSIjMDAwMDk5Ij4KICA8VEJPRFk+CiAgICA8VFI+CiAgICAgIDxURCBhbGlnbj0iY2VudGVyIj48SU1HIHNyYz0iaHR0cDovL2ltYWdlLnJha3V0ZW4uY28uanAvYXhpc3JkL2NhYmluZXQvMDAyMzQ4NDAvaW1ncmMwMDcwMDg2NTMwLmpwZyIgd2lkdGg9IjYwMCIgaGVpZ2h0PSIyMDAiIGJvcmRlcj0iMCI+PEJSPgogICAgICAKICAgICAgPEhSPgogICAgICA8L1REPgogICAgPC9UUj4KICA8L1RCT0RZPgo8L1RBQkxFPgo8SFI+CjxUQUJMRSB3aWR0aD0iNjQwIiBoZWlnaHQ9IjMyMCIgYmdjb2xvcj0iIzk5MDAwMCI+CiAgPFRCT0RZPgogICAgPFRSPgogICAgICA8VEQgYWxpZ249ImNlbnRlciI+PElNRyBzcmM9Imh0dHBzOi8vaW1hZ2UucmFrdXRlbi5jby5qcC9heGlzcmQvY2FiaW5ldC8wMDIzNDg0MC9pbWdyYzAwNzE1NjQyMjguanBnIiB3aWR0aD0iNjIwIiBoZWlnaHQ9IjMwMCIgYm9yZGVyPSIwIj48L1REPgogICAgPC9UUj4KICA8L1RCT0RZPgo8L1RBQkxFPgo8SFI+CjxDRU5URVI+CjxDRU5URVI+CjxUQUJMRSB3aWR0aD0iNjQwIiBoZWlnaHQ9IjI2MCIgYmdjb2xvcj0iIzAwMDAwMCI+CiAgPFRCT0RZPgogICAgPFRSPgogICAgICA8VEQgYWxpZ249ImNlbnRlciIgYmdjb2xvcj0iIzAwMDAwMCI+PElNRyBzcmM9Imh0dHA6Ly9pbWFnZS5yYWt1dGVuLmNvLmpwL2F4aXNyZC9jYWJpbmV0LzAwMjM0ODQwL2ltZ3JjMDA2ODY3MDQ3Ny5qcGciIHdpZHRoPSI2MzAiIGhlaWdodD0iMjUwIiBib3JkZXI9IjAiPjwvVEQ+CiAgICA8L1RSPgogIDwvVEJPRFk+CjwvVEFCTEU+CjwvQ0VOVEVSPgo8L0NFTlRFUj4KPC9DRU5URVI+CjxDRU5URVI+CjxIUj4KPENFTlRFUj4KPFRBQkxFIHdpZHRoPSI2MjAiIGhlaWdodD0iMjg4IiBiZ2NvbG9yPSIjMDAyMDAwIj4KICA8VEJPRFk+CiAgICA8VFI+CiAgICAgIDxURCBhbGlnbj0iY2VudGVyIj48SU1HIHNyYz0iaHR0cDovL2ltYWdlLnJha3V0ZW4uY28uanAvYXhpc3JkL2NhYmluZXQvMDAyMzQ4NDAvaW1ncmMwMDY2NTQ0NzEzLmpwZyIgd2lkdGg9IjYwMCIgaGVpZ2h0PSIyNjgiIGJvcmRlcj0iMCI+PC9URD4KICAgIDwvVFI+CiAgPC9UQk9EWT4KPC9UQUJMRT4KPC9DRU5URVI+CjxIUj4KPENFTlRFUj4KPENFTlRFUj4KPFRBQkxFIHdpZHRoPSI2MjAiIGhlaWdodD0iMjg4Ij4KICA8VEJPRFk+CiAgICA8VFI+CiAgICAgIDxURCBhbGlnbj0iY2VudGVyIiBiZ2NvbG9yPSIjNjYwMDAwIj48SU1HIHNyYz0iaHR0cDovL2ltYWdlLnJha3V0ZW4uY28uanAvYXhpc3JkL2NhYmluZXQvMDAyMzQ4NDAvaW1ncmMwMDcxMjY2NDIwLmpwZyIgd2lkdGg9IjYwMCIgaGVpZ2h0PSIyNjgiIGJvcmRlcj0iMCI+PC9URD4KICAgIDwvVFI+CiAgPC9UQk9EWT4KPC9UQUJMRT4KPEhSPgo8L0NFTlRFUj4KPC9DRU5URVI+CjwvQ0VOVEVSPgo8SFI+CjxDRU5URVI+CjxDRU5URVI+CjxUQUJMRSB3aWR0aD0iNjQwIiBoZWlnaHQ9IjI0MyI+CiAgPFRCT0RZPgogICAgPFRSPgogICAgICA8VEQgYWxpZ249ImNlbnRlciIgYmdjb2xvcj0iIzAwMDAwMCI+PElNRyBzcmM9Imh0dHA6Ly9pbWFnZS5yYWt1dGVuLmNvLmpwL2F4aXNyZC9jYWJpbmV0LzAwMjA3NDM1L2ltZ3JjMDA3MTM3NTE0OS5qcGciIHdpZHRoPSI2MjAiIGhlaWdodD0iMjIzIiBib3JkZXI9IjAiPjwvVEQ+CiAgICA8L1RSPgogIDwvVEJPRFk+CjwvVEFCTEU+CjwvQ0VOVEVSPgo8L0NFTlRFUj4KPEhSPgo8Q0VOVEVSPgo8Q0VOVEVSPgo8VEFCTEUgd2lkdGg9IjY0MCIgaGVpZ2h0PSIyNDMiPgogIDxUQk9EWT4KICAgIDxUUj4KICAgICAgPFREIGFsaWduPSJjZW50ZXIiIGJnY29sb3I9IiM5OTAwMDAiPjxJTUcgc3JjPSJodHRwOi8vaW1hZ2UucmFrdXRlbi5jby5qcC9heGlzcmQvY2FiaW5ldC9vdGhlcnMvaW1ncmMwMDcxMjc0MDY3LmpwZyIgd2lkdGg9IjYyMCIgaGVpZ2h0PSIyMjMiIGJvcmRlcj0iMCI+PC9URD4KICAgIDwvVFI+CiAgPC9UQk9EWT4KPC9UQUJMRT4KPC9DRU5URVI+CjxIUj4KPENFTlRFUj4KPFRBQkxFIHdpZHRoPSI2NDAiIGhlaWdodD0iMjIwIiBiZ2NvbG9yPSIjZmYwMDAwIj4KICA8VEJPRFk+CiAgICA8VFI+CiAgICAgIDxURCBhbGlnbj0iY2VudGVyIj48SU1HIHNyYz0iaHR0cDovL2ltYWdlLnJha3V0ZW4uY28uanAvYXhpc3JkL2NhYmluZXQvMDAyMzQ4NDAvaW1ncmMwMDcwNzM1OTc1LmpwZyIgd2lkdGg9IjYwMCIgaGVpZ2h0PSIxOTgiIGJvcmRlcj0iMCI+PC9URD4KICAgIDwvVFI+CiAgPC9UQk9EWT4KPC9UQUJMRT4KPC9DRU5URVI+CjxIUj4KPFRBQkxFIHdpZHRoPSI2NDAiIGhlaWdodD0iMzIzIj4KICA8VEJPRFk+CiAgICA8VFI+CiAgICAgIDxURCBhbGlnbj0iY2VudGVyIiBiZ2NvbG9yPSIjMDAwMDk5Ij48SU1HIHNyYz0iaHR0cDovL2ltYWdlLnJha3V0ZW4uY28uanAvYXhpc3JkL2NhYmluZXQvMDAyMzQ4NDAvaW1ncmMwMDcxMjI2NDk5LmpwZyIgd2lkdGg9IjYyMCIgaGVpZ2h0PSIzMDMiIGJvcmRlcj0iMCI+PC9URD4KICAgIDwvVFI+CiAgPC9UQk9EWT4KPC9UQUJMRT4KPEhSPgo8SFI+CjxJTUcgc3JjPSJodHRwOi8vaW1hZ2UucmFrdXRlbi5jby5qcC9heGlzcmQvY2FiaW5ldC8wNDcyMTgyMy9pbWdyYzAwNjkxMjE0NzYuanBnIiB3aWR0aD0iNjQwIiBoZWlnaHQ9IjQzNyIgYm9yZGVyPSIwIj48L0NFTlRFUj4KPEhSPg==,44OU44Oz77yIUElOR++8ieODkeOCv+ODvOOCsOODquODg+ODl+OAgOODqeODkOODvO+8iOODluODqeODg+OCryZ0aW1lczvjg5vjg6/jgqTjg4jvvInjg5Tjgrnjg4jjg6tVU+ODouODh+ODq+OAkOODjeOCs+ODneOCuemFjemAgeWPr+OAke+8muOCouOCr+OCt+OCue+8su+8hu+8pOOCtOODq+ODlQ==,44Kr44K/44OK44Ob44Oz44Oe44K044Or44OV44K544Od44Or44OH44Kj44Oz44KwVEEtNUxCNjA244Kt44Oj44K544Kz44K044Or44OV44Oc44O844Or44OK44Kk44Kt44Oo44ON44OD44Kv44K544Ot44OD44K144Oh44OD44K244Oi44Oz44K244OA44Kk44OvTklLReOCquODjuODleOCreODo+ODh+OCo+ODvOODkOODg+OCsOODkeODvOOCt+ODouODs+OCreODo+ODreOCpuOCp+OCpOOCpuOCpOODq+OCveODs1hSLTA144OG44O844Op44O844Oh44Kk44OJ44Ot44OD44K144OU44Oz77yIUElOR++8ieODkeOCv+ODvOOCsOODquODg+ODl+OAgOODqeODkOODvO+8iOODluODqeODg+OCryZ0aW1lczvjg5vjg6/jgqTjg4jvvInjg5Tjgrnjg4jjg6tVU+ODouODh+ODq+OAkOODjeOCs+ODneOCuemFjemAgeWPr+OAkQ==,44OU44Oz77yIUElOR++8ieODkeOCv+ODvOOCsOODquODg+ODl+OAgOODqeODkOODvO+8iOODluODqeODg+OCryZ0aW1lczvjg5vjg6/jgqTjg4jvvInjg5Tjgrnjg4jjg6tVU+ODouODh+ODq+OAkOODjeOCs+ODneOCuemFjemAgeWPr+OAkQ==[rn]
22-59994,aHR0cDovL3RzaG9wLnIxMHMuanAvYXhpc3JkL2NhYmluZXQvMDAzNjI0MDAvaW1ncmMwMDY3ODUwNTE0LmpwZz9maXRpbj03MDA6NzAw,NzM5Mi44MDAw,,44K544Od44O844OE44O744Ki44Km44OI44OJ44KiID4g44K044Or44OVID4g44Kv44Op44OWID4g44Kv44Op44OW55So44OR44O844OEID4g44Kw44Oq44OD44OX,44K544Kz44OD44OG44Kj44Kt44Oj44Oh44Ot44OzUmVkIE1hdGFkb3IgU3RhbmRhcmQgTWlk44CAMTAwNTI344Os44OD44OJ44Oe44K/44OJ44O844OrIOOCueOCv+ODs+ODgOODvOODiSDjg5/jg4Pjg4njgrXjgqTjgrrjgIDjg5Hjgr/jg7zjgrDjg6rjg4Pjg5dVU+ODouODh+ODqw==,,PFRBQkxFIGJvcmRlcj0iMCIgd2lkdGg9IjYwMCI+CiAgPFRCT0RZPgogICAgPFRSPgogICAgICA8VEQgYWxpZ249ImNlbnRlciI+CiAgICAgIDxUQUJMRSBib3JkZXI9IjAiPgogICAgICAgIDxUQk9EWT4KICAgICAgICAgIDxUUj4KICAgICAgICAgICAgPFREPuKWoOWVhuWTgeWQje+8muODrOODg+ODieODnuOCv+ODieODvOODqyDjgrnjgr/jg7Pjg4Djg7zjg4njg5/jg4Pjg4kg44OR44K/44O844Kw44Oq44OD44OXPEJSPgogICAgICAgICAgICDilqDjgqvjg6njg7zvvJrjg6zjg4Pjg4k8QlI+CiAgICAgICAgICAgIOKWoOmVt+OBle+8mue0hDI2LjVjbTxCUj4KICAgICAgICAgICAg4pag6YeN6YePOjc4wrE8QlI+CiAgICAgICAgICAgIOKAu+WVhuWTgeOBr+aWsOWTgeOBruOCsOODquODg+ODl+OBq+OBquOCiuOBvuOBmeOAgjxCUj4KICAgICAgICAgICAg5paw5ZOB44Gu44OR44K/44O844GL44KJ5oqc44GE44Gf44OX44Or44Ki44Km44OI44Kw44Oq44OD44OX44Gn44Gv44GC44KK44G+44Gb44KT44CCPC9URD4KICAgICAgICAgIDwvVFI+CiAgICAgICAgPC9UQk9EWT4KICAgICAgPC9UQUJMRT4KICAgICAgPC9URD4KICAgIDwvVFI+CiAgICA8VFI+CiAgICAgIDxURCBhbGlnbj0iY2VudGVyIj48Rk9OVCBmYWNlPSLvvK3vvLMg44K044K344OD44KvIiBjb2xvcj0iI2ExMDAwMCIgc2l6ZT0iMiI+4piG5a6f6Zqb44Gu5ZWG5ZOB44Gu6Imy44Go44CB44Gn44GN44KL44Gg44GR6L+R44GE6Imy44Gn44GU6Kan44GE44Gf44Gg44GR44KL44KI44GG44GrPEJSPuOAgOazqOaEj+OCkuaJleOBo+OBpuOBiuOCiuOBvuOBmeOBjOOAgeODouODi+OCv+ODvOOBruaYjuOCi+OBleioreWumuOBquOBqeOBq+OCiOOCiuOAgTxCUj7jgIDlpJrlsJHoibLlkIjjgYTjgYznlbDjgarjgaPjgabopovjgYjjgovloLTlkIjjgYzjgZTjgZbjgYTjgb7jgZnjgYzjgIHjgZTkuobmib/jgY/jgaDjgZXjgYQ8L0ZPTlQ+PC9URD4KICAgIDwvVFI+CiAgICA8VFI+CiAgICAgIDxURD4KICAgICAgPEhSPgogICAgICA8L1REPgogICAgPC9UUj4KICA8L1RCT0RZPgo8L1RBQkxFPjxzdHlsZSB0eXBlPSJ0ZXh0L2NzcyI+CmJvZHl7CmJhY2tncm91bmQtaW1hZ2U6dXJsKGh0dHA6Ly9pbWFnZS5yYWt1dGVuLmNvLmpwL2F4aXNyZC9jYWJpbmV0LzAzNzgyNjkyL2ltZ3JjMDA3MTQyMzYwOS5qcGcpOwpiYWNrZ3JvdW5kLXJlcGVhdDpyZXBlYXQteTsKYmFja2dyb3VuZC1wb3NpdGlvbjpyaWdodDsKfQo8L3N0eWxlPgoKPEhSPgo8Q0VOVEVSPgo8VEFCTEUgd2lkdGg9IjYzMCIgYmdjb2xvcj0iI2ZmMDAwMCI+CiAgPFRCT0RZPgogICAgPFRSPgogICAgICA8VEQ+CiAgICAgIDxIUj4KICAgICAgPC9URD4KICAgIDwvVFI+CiAgICA8VFI+CiAgICAgIDxURCBhbGlnbj0iY2VudGVyIj48Qj48Rk9OVCBzaXplPSIrNCIgY29sb3I9IiNmZmZmMDAiPuacn+mWk+mZkOWumuOCr+ODvOODneODs+OBr+OBk+OBoeOCiTwvRk9OVD48Rk9OVCBzaXplPSIrMyIgY29sb3I9IiNmZmZmMDAiPjxCUj4KICAgICAg4pa844CA4pa844CA4pa844CA4pa844CA4pa8PC9GT05UPjwvQj48L1REPgogICAgPC9UUj4KICAgIDxUUj4KICAgICAgPFREIGFsaWduPSJjZW50ZXIiIGhlaWdodD0iMTMwIiB2YWxpZ249InRvcCI+PElNRyBzcmM9Imh0dHBzOi8vaW1hZ2UucmFrdXRlbi5jby5qcC9heGlzcmQvY2FiaW5ldC8wMzc4MjY5Mi9pbWdyYzAwNzE3MjQ2MDYuanBnIiB3aWR0aD0iNjQwIiBoZWlnaHQ9IjIwMCIgYm9yZGVyPSIwIj48L1REPgogICAgPC9UUj4KICAgIDxUUj4KICAgICAgPFREIGFsaWduPSJjZW50ZXIiPjxGT05UIGNvbG9yPSIjZmZmZmZmIiBzaXplPSIrMSI+PEZPTlQgc2l6ZT0iKzAiPjxCPjxGT05UIHNpemU9Ii0yIj48Rk9OVCBzaXplPSItMSI+4oC744GK5LiA5Lq65qeYMeWbnuOBvuOBp+OBruOBlOWIqeeUqOOBqOOBquOCiuOBvuOBmeOAguOBneOBruS7luOBruOCr+ODvOODneODs+OBqOOBruOAkOS9teeUqOS4jeWPr+OAkeOAgjxCUj4KICAgICAg4oC75pei5a6a44Gu5Yip55So5LiK6ZmQ44Gr6YGU44GX44Gf5q616ZqO44Gn44Kv44O844Od44Oz44Gu44GU5Yip55So44Gv5LiN5Y+v44Go44Gq44KK44G+44GZ44CCPC9GT05UPjwvRk9OVD48L0I+PC9GT05UPjxCUj4KICAgICAgPC9GT05UPjxGT05UIGNvbG9yPSIjMDAwMGZmIiBzaXplPSItMSI+PEZPTlQgc2l6ZT0iLTEiIGNvbG9yPSIjMDAwMGZmIj48Rk9OVCBzaXplPSItMSIgY29sb3I9IiMwMDAwZmYiPjxGT05UIGNvbG9yPSIjMDAwMGZmIj48Rk9OVCBjb2xvcj0iIzAwMDBmZiI+PEZPTlQgY29sb3I9IiMwMDAwZmYiPjxGT05UIGNvbG9yPSIjMDAwMGZmIj48Qj48Rk9OVCBzaXplPSItMSIgY29sb3I9IiMwMDAwZmYiPjxGT05UIHNpemU9Ii0xIiBjb2xvcj0iI2ZmZmYwMCI+4oC744GU5rOo5paH56K65a6a5b6M44Gu44Kv44O844Od44Oz5Yip55So44Gv5LiN5Y+v44Go44Gq44KK44G+44GZ44Gu44Gn44CB5b+F44Ga44GU5rOo5paH5YmN44Gr44Kv44O844Od44Oz44KS542y5b6X5LiL44GV44GE44CCPC9GT05UPjwvRk9OVD48L0I+PC9GT05UPjwvRk9OVD48L0ZPTlQ+PC9GT05UPjwvRk9OVD48L0ZPTlQ+PC9GT05UPjwvVEQ+CiAgICA8L1RSPgogICAgPFRSPgogICAgICA8VEQ+CiAgICAgIDxIUj4KICAgICAgPC9URD4KICAgIDwvVFI+CiAgPC9UQk9EWT4KPC9UQUJMRT4KPC9DRU5URVI+CjxIUj4KPENFTlRFUj4KPFRBQkxFIHdpZHRoPSI2NDAiIGhlaWdodD0iMjIwIiBiZ2NvbG9yPSIjMDAwMDk5Ij4KICA8VEJPRFk+CiAgICA8VFI+CiAgICAgIDxURCBhbGlnbj0iY2VudGVyIj48Rk9OVCBjb2xvcj0iI2ZmMDAwMCIgc2l6ZT0iKzQiPjxGT05UIHNpemU9Iis0IiBjb2xvcj0iI2ZmZmYwMCI+PEZPTlQgc2l6ZT0iKzQiIGNvbG9yPSIjZmZmZjAwIj48Qj7jgJDpm4bjgYjvvIEg6Zuo55S344O76Zuo5aWz44CRPC9CPjwvRk9OVD48L0ZPTlQ+PC9GT05UPjxGT05UIGNvbG9yPSIjMDA5OTAwIiBzaXplPSIrNCI+PEZPTlQgc2l6ZT0iKzQiIGNvbG9yPSIjZmYwMDAwIj48Rk9OVCBzaXplPSIrNCIgY29sb3I9IiNmZjAwMDAiPjxCPjxCUj4KICAgICAgPC9CPjwvRk9OVD48L0ZPTlQ+PC9GT05UPgogICAgICA8Q0VOVEVSPgogICAgICA8VEFCTEU+CiAgICAgICAgPFRCT0RZPgogICAgICAgICAgPFRSPgogICAgICAgICAgICA8VEQ+PElNRyBzcmM9Imh0dHA6Ly9pbWFnZS5yYWt1dGVuLmNvLmpwL2F4aXNyZC9jYWJpbmV0LzAwMjM0ODQwL2ltZzU5NDIzNjI2LmpwZyIgd2lkdGg9IjI2NCIgaGVpZ2h0PSI3NSIgYm9yZGVyPSIwIj48L1REPgogICAgICAgICAgICA8VEQ+PElNRyBzcmM9Imh0dHA6Ly9pbWFnZS5yYWt1dGVuLmNvLmpwL2F4aXNyZC9jYWJpbmV0LzAwMjM0ODQwL2ltZzU5NDIzNjI2LmpwZyIgd2lkdGg9IjI2NCIgaGVpZ2h0PSI3NSIgYm9yZGVyPSIwIj48L1REPgogICAgICAgICAgPC9UUj4KICAgICAgICA8L1RCT0RZPgogICAgICA8L1RBQkxFPgogICAgICA8L0NFTlRFUj4KICAgICAgPEZPTlQgY29sb3I9IiMwMDk5MDAiIHNpemU9Iis0Ij48Rk9OVCBzaXplPSIrNCIgY29sb3I9IiNmZjAwMDAiPjxGT05UIHNpemU9Iis0IiBjb2xvcj0iI2ZmMDAwMCI+PEI+44K544Oq44Kv44K944OzIOmbqOWvvuetlumWoumAo+WVhuWTgTxCUj4KICAgICAg6LaF57W254m55L6h44K744O844Or54m56Kit5Lya5aC0PEJSPgogICAgICA8L0I+PC9GT05UPjwvRk9OVD48L0ZPTlQ+CiAgICAgIDxIUj4KICAgICAgPC9URD4KICAgIDwvVFI+CiAgPC9UQk9EWT4KPC9UQUJMRT4KPC9DRU5URVI+CjxDRU5URVI+CjxUQUJMRSB3aWR0aD0iNjQwIiBoZWlnaHQ9IjIyMCIgYmdjb2xvcj0iIzAwMDA5OSI+CiAgPFRCT0RZPgogICAgPFRSPgogICAgICA8VEQgYWxpZ249ImNlbnRlciI+PElNRyBzcmM9Imh0dHA6Ly9pbWFnZS5yYWt1dGVuLmNvLmpwL2F4aXNyZC9jYWJpbmV0LzAwMjM0ODQwL2ltZ3JjMDA3MTM4NTg5Mi5qcGciIHdpZHRoPSI2MDAiIGhlaWdodD0iMjAwIiBib3JkZXI9IjAiPjwvVEQ+CiAgICA8L1RSPgogIDwvVEJPRFk+CjwvVEFCTEU+CjwvQ0VOVEVSPgo8Q0VOVEVSPgogIDx0YWJsZSB3aWR0aD0iNjQwIiBoZWlnaHQ9IjIyMCIgYmdjb2xvcj0iIzAwMDA5OSI+CiAgICA8dGJvZHk+CiAgICAgIDx0cj4KICAgICAgICA8dGQgYWxpZ249ImNlbnRlciI+PElNRyBzcmM9Imh0dHA6Ly9pbWFnZS5yYWt1dGVuLmNvLmpwL2F4aXNyZC9jYWJpbmV0LzAwMjM0ODQwL2ltZ3JjMDA3MDA4NjUzMi5qcGciIHdpZHRoPSI2MDAiIGhlaWdodD0iMjAwIiBib3JkZXI9IjAiPjwvdGQ+CiAgICAgIDwvdHI+CiAgICA8L3Rib2R5PgogIDwvdGFibGU+CjwvQ0VOVEVSPgo8Q0VOVEVSPgo8VEFCTEUgd2lkdGg9IjY0MCIgaGVpZ2h0PSIyMjAiIGJnY29sb3I9IiMwMDAwOTkiPgogIDxUQk9EWT4KICAgIDxUUj4KICAgICAgPFREIGFsaWduPSJjZW50ZXIiPjxJTUcgc3JjPSJodHRwOi8vaW1hZ2UucmFrdXRlbi5jby5qcC9heGlzcmQvY2FiaW5ldC8wMDIzNDg0MC9pbWdyYzAwNzAwODY1MzAuanBnIiB3aWR0aD0iNjAwIiBoZWlnaHQ9IjIwMCIgYm9yZGVyPSIwIj48QlI+CiAgICAgIAogICAgICA8SFI+CiAgICAgIDwvVEQ+CiAgICA8L1RSPgogIDwvVEJPRFk+CjwvVEFCTEU+CjxIUj4KPFRBQkxFIHdpZHRoPSI2NDAiIGhlaWdodD0iMzIwIiBiZ2NvbG9yPSIjOTkwMDAwIj4KICA8VEJPRFk+CiAgICA8VFI+CiAgICAgIDxURCBhbGlnbj0iY2VudGVyIj48SU1HIHNyYz0iaHR0cHM6Ly9pbWFnZS5yYWt1dGVuLmNvLmpwL2F4aXNyZC9jYWJpbmV0LzAwMjM0ODQwL2ltZ3JjMDA3MTU2NDIyOC5qcGciIHdpZHRoPSI2MjAiIGhlaWdodD0iMzAwIiBib3JkZXI9IjAiPjwvVEQ+CiAgICA8L1RSPgogIDwvVEJPRFk+CjwvVEFCTEU+CjxIUj4KPENFTlRFUj4KPENFTlRFUj4KPFRBQkxFIHdpZHRoPSI2NDAiIGhlaWdodD0iMjYwIiBiZ2NvbG9yPSIjMDAwMDAwIj4KICA8VEJPRFk+CiAgICA8VFI+CiAgICAgIDxURCBhbGlnbj0iY2VudGVyIiBiZ2NvbG9yPSIjMDAwMDAwIj48SU1HIHNyYz0iaHR0cDovL2ltYWdlLnJha3V0ZW4uY28uanAvYXhpc3JkL2NhYmluZXQvMDAyMzQ4NDAvaW1ncmMwMDY4NjcwNDc3LmpwZyIgd2lkdGg9IjYzMCIgaGVpZ2h0PSIyNTAiIGJvcmRlcj0iMCI+PC9URD4KICAgIDwvVFI+CiAgPC9UQk9EWT4KPC9UQUJMRT4KPC9DRU5URVI+CjwvQ0VOVEVSPgo8L0NFTlRFUj4KPENFTlRFUj4KPEhSPgo8Q0VOVEVSPgo8VEFCTEUgd2lkdGg9IjYyMCIgaGVpZ2h0PSIyODgiIGJnY29sb3I9IiMwMDIwMDAiPgogIDxUQk9EWT4KICAgIDxUUj4KICAgICAgPFREIGFsaWduPSJjZW50ZXIiPjxJTUcgc3JjPSJodHRwOi8vaW1hZ2UucmFrdXRlbi5jby5qcC9heGlzcmQvY2FiaW5ldC8wMDIzNDg0MC9pbWdyYzAwNjY1NDQ3MTMuanBnIiB3aWR0aD0iNjAwIiBoZWlnaHQ9IjI2OCIgYm9yZGVyPSIwIj48L1REPgogICAgPC9UUj4KICA8L1RCT0RZPgo8L1RBQkxFPgo8L0NFTlRFUj4KPEhSPgo8Q0VOVEVSPgo8Q0VOVEVSPgo8VEFCTEUgd2lkdGg9IjYyMCIgaGVpZ2h0PSIyODgiPgogIDxUQk9EWT4KICAgIDxUUj4KICAgICAgPFREIGFsaWduPSJjZW50ZXIiIGJnY29sb3I9IiM2NjAwMDAiPjxJTUcgc3JjPSJodHRwOi8vaW1hZ2UucmFrdXRlbi5jby5qcC9heGlzcmQvY2FiaW5ldC8wMDIzNDg0MC9pbWdyYzAwNzEyNjY0MjAuanBnIiB3aWR0aD0iNjAwIiBoZWlnaHQ9IjI2OCIgYm9yZGVyPSIwIj48L1REPgogICAgPC9UUj4KICA8L1RCT0RZPgo8L1RBQkxFPgo8SFI+CjwvQ0VOVEVSPgo8L0NFTlRFUj4KPC9DRU5URVI+CjxIUj4KPENFTlRFUj4KPENFTlRFUj4KPFRBQkxFIHdpZHRoPSI2NDAiIGhlaWdodD0iMjQzIj4KICA8VEJPRFk+CiAgICA8VFI+CiAgICAgIDxURCBhbGlnbj0iY2VudGVyIiBiZ2NvbG9yPSIjMDAwMDAwIj48SU1HIHNyYz0iaHR0cDovL2ltYWdlLnJha3V0ZW4uY28uanAvYXhpc3JkL2NhYmluZXQvMDAyMDc0MzUvaW1ncmMwMDcxMzc1MTQ5LmpwZyIgd2lkdGg9IjYyMCIgaGVpZ2h0PSIyMjMiIGJvcmRlcj0iMCI+PC9URD4KICAgIDwvVFI+CiAgPC9UQk9EWT4KPC9UQUJMRT4KPC9DRU5URVI+CjwvQ0VOVEVSPgo8SFI+CjxDRU5URVI+CjxDRU5URVI+CjxUQUJMRSB3aWR0aD0iNjQwIiBoZWlnaHQ9IjI0MyI+CiAgPFRCT0RZPgogICAgPFRSPgogICAgICA8VEQgYWxpZ249ImNlbnRlciIgYmdjb2xvcj0iIzk5MDAwMCI+PElNRyBzcmM9Imh0dHA6Ly9pbWFnZS5yYWt1dGVuLmNvLmpwL2F4aXNyZC9jYWJpbmV0L290aGVycy9pbWdyYzAwNzEyNzQwNjcuanBnIiB3aWR0aD0iNjIwIiBoZWlnaHQ9IjIyMyIgYm9yZGVyPSIwIj48L1REPgogICAgPC9UUj4KICA8L1RCT0RZPgo8L1RBQkxFPgo8L0NFTlRFUj4KPEhSPgo8Q0VOVEVSPgo8VEFCTEUgd2lkdGg9IjY0MCIgaGVpZ2h0PSIyMjAiIGJnY29sb3I9IiNmZjAwMDAiPgogIDxUQk9EWT4KICAgIDxUUj4KICAgICAgPFREIGFsaWduPSJjZW50ZXIiPjxJTUcgc3JjPSJodHRwOi8vaW1hZ2UucmFrdXRlbi5jby5qcC9heGlzcmQvY2FiaW5ldC8wMDIzNDg0MC9pbWdyYzAwNzA3MzU5NzUuanBnIiB3aWR0aD0iNjAwIiBoZWlnaHQ9IjE5OCIgYm9yZGVyPSIwIj48L1REPgogICAgPC9UUj4KICA8L1RCT0RZPgo8L1RBQkxFPgo8L0NFTlRFUj4KPEhSPgo8VEFCTEUgd2lkdGg9IjY0MCIgaGVpZ2h0PSIzMjMiPgogIDxUQk9EWT4KICAgIDxUUj4KICAgICAgPFREIGFsaWduPSJjZW50ZXIiIGJnY29sb3I9IiMwMDAwOTkiPjxJTUcgc3JjPSJodHRwOi8vaW1hZ2UucmFrdXRlbi5jby5qcC9heGlzcmQvY2FiaW5ldC8wMDIzNDg0MC9pbWdyYzAwNzEyMjY0OTkuanBnIiB3aWR0aD0iNjIwIiBoZWlnaHQ9IjMwMyIgYm9yZGVyPSIwIj48L1REPgogICAgPC9UUj4KICA8L1RCT0RZPgo8L1RBQkxFPgo8SFI+CjxIUj4KPElNRyBzcmM9Imh0dHA6Ly9pbWFnZS5yYWt1dGVuLmNvLmpwL2F4aXNyZC9jYWJpbmV0LzA0NzIxODIzL2ltZ3JjMDA2OTEyMTQ3Ni5qcGciIHdpZHRoPSI2NDAiIGhlaWdodD0iNDM3IiBib3JkZXI9IjAiPjwvQ0VOVEVSPgo8SFI+,44K544Kz44OD44OG44Kj44Kt44Oj44Oh44Ot44OzUmVkIE1hdGFkb3IgU3RhbmRhcmQgTWlk44CAMTAwNTI344Os44OD44OJ44Oe44K/44OJ44O844OrIOOCueOCv+ODs+ODgOODvOODiSDjg5/jg4Pjg4njgrXjgqTjgrrjgIDjg5Hjgr/jg7zjgrDjg6rjg4Pjg5dVU+ODouODh+ODq++8muOCouOCr+OCt+OCue+8su+8hu+8pOOCtOODq+ODlQ==,44Kr44K/44OK44Ob44Oz44Oe44K044Or44OV44K544Od44Or44OH44Kj44Oz44KwVEEtNUxCNjA244Kt44Oj44K544Kz44K044Or44OV44Oc44O844Or44OK44Kk44Kt44Oo44ON44OD44Kv44K544Ot44OD44K144Oh44OD44K244Oi44Oz44K244OA44Kk44OvTklLReOCquODjuODleOCreODo+ODh+OCo+ODvOODkOODg+OCsOODkeODvOOCt+ODouODs+OCreODo+ODreOCpuOCp+OCpOOCpuOCpOODq+OCveODs1hSLTA144OG44O844Op44O844Oh44Kk44OJ44Ot44OD44K144K544Kz44OD44OG44Kj44Kt44Oj44Oh44Ot44OzUmVkIE1hdGFkb3IgU3RhbmRhcmQgTWlk44CAMTAwNTI344Os44OD44OJ44Oe44K/44OJ44O844OrIOOCueOCv+ODs+ODgOODvOODiSDjg5/jg4Pjg4njgrXjgqTjgrrjgIDjg5Hjgr/jg7zjgrDjg6rjg4Pjg5dVU+ODouODh+ODqw==,44K544Kz44OD44OG44Kj44Kt44Oj44Oh44Ot44OzUmVkIE1hdGFkb3IgU3RhbmRhcmQgTWlk44CAMTAwNTI344Os44OD44OJ44Oe44K/44OJ44O844OrIOOCueOCv+ODs+ODgOODvOODiSDjg5/jg4Pjg4njgrXjgqTjgrrjgIDjg5Hjgr/jg7zjgrDjg6rjg4Pjg5dVU+ODouODh+ODqw==[rn]
22-59995,aHR0cDovL3RzaG9wLnIxMHMuanAvYXhpc3JkL2NhYmluZXQvMDAzNTYyMzYvaW1ncmMwMDcxMjk3ODE1LmdpZj9maXRpbj03MDA6NzAw,NDM3LjYwMDA=,,44K544Od44O844OE44O744Ki44Km44OI44OJ44KiID4g44K044Or44OVID4g44Kv44Op44OWID4g44Kv44Op44OW55So44OR44O844OEID4g44Kw44Oq44OD44OX,R29sZiBQcmlkZe+8iOOCtOODq+ODleODl+ODqeOCpOODie+8iUREMiDjgrDjg6rjg4Pjg5fjgJDjg43jgrPjg53jgrnphY3pgIHlj6/jgJE=,,PFRBQkxFIGJvcmRlcj0iMCIgd2lkdGg9IjYwMCI+CiAgPFRCT0RZPgogICAgPFRSPgogICAgICA8VEQgYWxpZ249ImNlbnRlciI+CiAgICAgIDxUQUJMRSBib3JkZXI9IjAiPgogICAgICAgIDxUQk9EWT4KICAgICAgICAgIDxUUj4KICAgICAgICAgICAgPFREPuKWoDLlsaTjg6njg5Djg7zjgrDjg6rjg4Pjg5c8QlI+CiAgICAgICAgICAgIDxCUj4KICAgICAgICAgICAg56Gs44GE5YaF6KOF77yI6buS44Op44OQ44O877yJ44GM44GX44Gj44GL44KK44GX44GfPEJSPgogICAgICAgICAgICDjg5vjg7zjg6vjg4nmhJ/jgpLjgIHmn5TjgonjgYvjgarlpJblsaTvvIjjgqvjg6njg7zjg6njg5Djg7zvvInjgYw8QlI+CiAgICAgICAgICAgIOOBl+OBo+OBqOOCiuOBqOOBl+OBn+aEn+inpuOCkuWun+ePvuOBl+OBpuOBhOOBvuOBmeOAgjxCUj4KICAgICAgICAgICAg44OX44Ot44Gu5pa544GL44KJ5Yid5b+D6ICF44Gu5pa544G+44Gn5bmF5bqD44GE44OX44Os44O844Ok44O844GuPEJSPgogICAgICAgICAgICDjgZTkvb/nlKjjgavpganjgZfjgabjgYrjgorjgb7jgZnjgII8L1REPgogICAgICAgICAgICA8VEQ+PElNRyBzcmM9Imh0dHA6Ly9pbWFnZS5yYWt1dGVuLmNvLmpwL2F4aXNyZC9jYWJpbmV0LzAwMzU2MjM2L2ltZ3JjMDA3MTI5NzgyNi5naWYiIHdpZHRoPSIxNjQiIGhlaWdodD0iMTU5IiBib3JkZXI9IjAiPjwvVEQ+CiAgICAgICAgICA8L1RSPgogICAgICAgIDwvVEJPRFk+CiAgICAgIDwvVEFCTEU+CiAgICAgIDwvVEQ+CiAgICA8L1RSPgogICAgPFRSPgogICAgICA8VEQgYWxpZ249ImNlbnRlciI+PElNRyBzcmM9Imh0dHA6Ly9pbWFnZS5yYWt1dGVuLmNvLmpwL2F4aXNyZC9jYWJpbmV0LzAwMzU2MjM2L2ltZ3JjMDA3MTI5NzgxNS5naWYiIHdpZHRoPSI1MDAiIGhlaWdodD0iNTAwIiBib3JkZXI9IjAiPjwvVEQ+CiAgICA8L1RSPgogICAgPFRSPgogICAgICA8VEQgYWxpZ249ImNlbnRlciI+CiAgICAgIDxUQUJMRSBib3JkZXI9IjAiPgogICAgICAgIDxUQk9EWT4KICAgICAgICAgIDxUUj4KICAgICAgICAgICAgPFREPuKWoOODouODh+ODq+WQje+8mkREMiA8QlI+CjxCUj4K4pag44Kw44Oq44OD44OX77ya44Km44OD44OJ44O744Ki44Kk44Ki44Oz55SoPEJSPgo8QlI+CiAgICAgICAgICAgIOKWoOOCs+OCouOCteOCpOOCuu+8iOWPo+W+hO+8ie+8mk02MO+8iOODkOODg+OCr+ODqeOCpOODs+acieOCiuOAgeODkOODg+OCr+ODqeOCpOODs+eEoeOBl++8iSA8QlI+CjxCUj4KICAgICAgICAgICAg4pag5qiZ5rqW6YeN6YeP77yaPEJSPgogICAgICAgICAgICDjg5vjg6/jgqTjg4jvvJo1NGfCse+8iOODkOODg+OCr+ODqeOCpOODs+acieOCiu+8iSA8QlI+CiAgICAgICAgICAgIOOCpOOCqOODreODvO+8mjUyZ8Kx77yI44OQ44OD44Kv44Op44Kk44Oz5pyJ44KK77yJPEJSPgogICAgICAgICAgICDjg6njgqTjg6DjgrDjg6rjg7zjg7PvvJo1MmfCse+8iOODkOODg+OCr+ODqeOCpOODs+acieOCiu+8iTxCUj4KICAgICAgICAgICAg44OW44Or44O877yaNTBnwrHvvIjjg5Djg4Pjgq/jg6njgqTjg7PnhKHjgZfvvIk8QlI+CiAgICAgICAgICAgIDxCUj4KICAgICAgICAgICAg4pag6KO96YCg5Zu977yaTWFkZSBpbiBUYWl3YW48L1REPgogICAgICAgICAgPC9UUj4KICAgICAgICA8L1RCT0RZPgogICAgICA8L1RBQkxFPgogICAgICA8L1REPgogICAgPC9UUj4KICAgIDxUUj4KICAgICAgPFREIGFsaWduPSJjZW50ZXIiPgogICAgICA8VEFCTEUgYm9yZGVyPSIwIj4KICAgICAgICA8VEJPRFk+CiAgICAgICAgICA8VFI+CiAgICAgICAgICAgIDxURD4KICAgICAgICAgICAgPEhSPgogICAgICAgICAgICA8L1REPgogICAgICAgICAgPC9UUj4KICAgICAgICAgIDxUUj4KICAgICAgICAgICAgPFREPuKGkuOBiuW+l+OBqjEw5pys44K744OD44OI44Gv44GT44Gh44KJ4oaQPC9URD4KICAgICAgICAgIDwvVFI+CiAgICAgICAgICA8VFI+CiAgICAgICAgICAgIDxURD4KICAgICAgICAgICAgPEhSPgogICAgICAgICAgICA8L1REPgogICAgICAgICAgPC9UUj4KICAgICAgICA8L1RCT0RZPgogICAgICA8L1RBQkxFPgogICAgICA8L1REPgogICAgPC9UUj4KICAgIDxUUj4KICAgICAgPFREIGFsaWduPSJjZW50ZXIiPjxGT05UIGZhY2U9Iu+8re+8syDjgrTjgrfjg4Pjgq8iIGNvbG9yPSIjYTEwMDAwIiBzaXplPSIyIj7imIblrp/pmpvjga7llYblk4Hjga7oibLjgajjgIHjgafjgY3jgovjgaDjgZHov5HjgYToibLjgafjgZTopqfjgYTjgZ/jgaDjgZHjgovjgojjgYbjgas8QlI+44CA5rOo5oSP44KS5omV44Gj44Gm44GK44KK44G+44GZ44GM44CB44Oi44OL44K/44O844Gu5piO44KL44GV6Kit5a6a44Gq44Gp44Gr44KI44KK44CBPEJSPuOAgOWkmuWwkeiJsuWQiOOBhOOBjOeVsOOBquOBo+OBpuimi+OBiOOCi+WgtOWQiOOBjOOBlOOBluOBhOOBvuOBmeOBjOOAgeOBlOS6huaJv+OBj+OBoOOBleOBhDwvRk9OVD48L1REPgogICAgPC9UUj4KICAgIDxUUj4KICAgICAgPFREPgogICAgICA8SFI+CiAgICAgIDwvVEQ+CiAgICA8L1RSPgogIDwvVEJPRFk+CjwvVEFCTEU+PHN0eWxlIHR5cGU9InRleHQvY3NzIj4KYm9keXsKYmFja2dyb3VuZC1pbWFnZTp1cmwoaHR0cDovL2ltYWdlLnJha3V0ZW4uY28uanAvYXhpc3JkL2NhYmluZXQvMDM3ODI2OTIvaW1ncmMwMDcxNDIzNjA5LmpwZyk7CmJhY2tncm91bmQtcmVwZWF0OnJlcGVhdC15OwpiYWNrZ3JvdW5kLXBvc2l0aW9uOnJpZ2h0Owp9Cjwvc3R5bGU+Cgo8SFI+CjxDRU5URVI+CjxUQUJMRSB3aWR0aD0iNjMwIiBiZ2NvbG9yPSIjZmYwMDAwIj4KICA8VEJPRFk+CiAgICA8VFI+CiAgICAgIDxURD4KICAgICAgPEhSPgogICAgICA8L1REPgogICAgPC9UUj4KICAgIDxUUj4KICAgICAgPFREIGFsaWduPSJjZW50ZXIiPjxCPjxGT05UIHNpemU9Iis0IiBjb2xvcj0iI2ZmZmYwMCI+5pyf6ZaT6ZmQ5a6a44Kv44O844Od44Oz44Gv44GT44Gh44KJPC9GT05UPjxGT05UIHNpemU9IiszIiBjb2xvcj0iI2ZmZmYwMCI+PEJSPgogICAgICDilrzjgIDilrzjgIDilrzjgIDilrzjgIDilrw8L0ZPTlQ+PC9CPjwvVEQ+CiAgICA8L1RSPgogICAgPFRSPgogICAgICA8VEQgYWxpZ249ImNlbnRlciIgaGVpZ2h0PSIxMzAiIHZhbGlnbj0idG9wIj48SU1HIHNyYz0iaHR0cHM6Ly9pbWFnZS5yYWt1dGVuLmNvLmpwL2F4aXNyZC9jYWJpbmV0LzAzNzgyNjkyL2ltZ3JjMDA3MTcyNDYwNi5qcGciIHdpZHRoPSI2NDAiIGhlaWdodD0iMjAwIiBib3JkZXI9IjAiPjwvVEQ+CiAgICA8L1RSPgogICAgPFRSPgogICAgICA8VEQgYWxpZ249ImNlbnRlciI+PEZPTlQgY29sb3I9IiNmZmZmZmYiIHNpemU9IisxIj48Rk9OVCBzaXplPSIrMCI+PEI+PEZPTlQgc2l6ZT0iLTIiPjxGT05UIHNpemU9Ii0xIj7igLvjgYrkuIDkurrmp5gx5Zue44G+44Gn44Gu44GU5Yip55So44Go44Gq44KK44G+44GZ44CC44Gd44Gu5LuW44Gu44Kv44O844Od44Oz44Go44Gu44CQ5L2155So5LiN5Y+v44CR44CCPEJSPgogICAgICDigLvml6Llrprjga7liKnnlKjkuIrpmZDjgavpgZTjgZfjgZ/mrrXpmo7jgafjgq/jg7zjg53jg7Pjga7jgZTliKnnlKjjga/kuI3lj6/jgajjgarjgorjgb7jgZnjgII8L0ZPTlQ+PC9GT05UPjwvQj48L0ZPTlQ+PEJSPgogICAgICA8L0ZPTlQ+PEZPTlQgY29sb3I9IiMwMDAwZmYiIHNpemU9Ii0xIj48Rk9OVCBzaXplPSItMSIgY29sb3I9IiMwMDAwZmYiPjxGT05UIHNpemU9Ii0xIiBjb2xvcj0iIzAwMDBmZiI+PEZPTlQgY29sb3I9IiMwMDAwZmYiPjxGT05UIGNvbG9yPSIjMDAwMGZmIj48Rk9OVCBjb2xvcj0iIzAwMDBmZiI+PEZPTlQgY29sb3I9IiMwMDAwZmYiPjxCPjxGT05UIHNpemU9Ii0xIiBjb2xvcj0iIzAwMDBmZiI+PEZPTlQgc2l6ZT0iLTEiIGNvbG9yPSIjZmZmZjAwIj7igLvjgZTms6jmlofnorrlrprlvozjga7jgq/jg7zjg53jg7PliKnnlKjjga/kuI3lj6/jgajjgarjgorjgb7jgZnjga7jgafjgIHlv4XjgZrjgZTms6jmlofliY3jgavjgq/jg7zjg53jg7PjgpLnjbLlvpfkuIvjgZXjgYTjgII8L0ZPTlQ+PC9GT05UPjwvQj48L0ZPTlQ+PC9GT05UPjwvRk9OVD48L0ZPTlQ+PC9GT05UPjwvRk9OVD48L0ZPTlQ+PC9URD4KICAgIDwvVFI+CiAgICA8VFI+CiAgICAgIDxURD4KICAgICAgPEhSPgogICAgICA8L1REPgogICAgPC9UUj4KICA8L1RCT0RZPgo8L1RBQkxFPgo8L0NFTlRFUj4KPEhSPgo8Q0VOVEVSPgo8VEFCTEUgd2lkdGg9IjY0MCIgaGVpZ2h0PSIyMjAiIGJnY29sb3I9IiMwMDAwOTkiPgogIDxUQk9EWT4KICAgIDxUUj4KICAgICAgPFREIGFsaWduPSJjZW50ZXIiPjxGT05UIGNvbG9yPSIjZmYwMDAwIiBzaXplPSIrNCI+PEZPTlQgc2l6ZT0iKzQiIGNvbG9yPSIjZmZmZjAwIj48Rk9OVCBzaXplPSIrNCIgY29sb3I9IiNmZmZmMDAiPjxCPuOAkOmbhuOBiO+8gSDpm6jnlLfjg7vpm6jlpbPjgJE8L0I+PC9GT05UPjwvRk9OVD48L0ZPTlQ+PEZPTlQgY29sb3I9IiMwMDk5MDAiIHNpemU9Iis0Ij48Rk9OVCBzaXplPSIrNCIgY29sb3I9IiNmZjAwMDAiPjxGT05UIHNpemU9Iis0IiBjb2xvcj0iI2ZmMDAwMCI+PEI+PEJSPgogICAgICA8L0I+PC9GT05UPjwvRk9OVD48L0ZPTlQ+CiAgICAgIDxDRU5URVI+CiAgICAgIDxUQUJMRT4KICAgICAgICA8VEJPRFk+CiAgICAgICAgICA8VFI+CiAgICAgICAgICAgIDxURD48SU1HIHNyYz0iaHR0cDovL2ltYWdlLnJha3V0ZW4uY28uanAvYXhpc3JkL2NhYmluZXQvMDAyMzQ4NDAvaW1nNTk0MjM2MjYuanBnIiB3aWR0aD0iMjY0IiBoZWlnaHQ9Ijc1IiBib3JkZXI9IjAiPjwvVEQ+CiAgICAgICAgICAgIDxURD48SU1HIHNyYz0iaHR0cDovL2ltYWdlLnJha3V0ZW4uY28uanAvYXhpc3JkL2NhYmluZXQvMDAyMzQ4NDAvaW1nNTk0MjM2MjYuanBnIiB3aWR0aD0iMjY0IiBoZWlnaHQ9Ijc1IiBib3JkZXI9IjAiPjwvVEQ+CiAgICAgICAgICA8L1RSPgogICAgICAgIDwvVEJPRFk+CiAgICAgIDwvVEFCTEU+CiAgICAgIDwvQ0VOVEVSPgogICAgICA8Rk9OVCBjb2xvcj0iIzAwOTkwMCIgc2l6ZT0iKzQiPjxGT05UIHNpemU9Iis0IiBjb2xvcj0iI2ZmMDAwMCI+PEZPTlQgc2l6ZT0iKzQiIGNvbG9yPSIjZmYwMDAwIj48Qj7jgrnjg6rjgq/jgr3jg7Mg6Zuo5a++562W6Zai6YCj5ZWG5ZOBPEJSPgogICAgICDotoXntbbnibnkvqHjgrvjg7zjg6vnibnoqK3kvJrloLQ8QlI+CiAgICAgIDwvQj48L0ZPTlQ+PC9GT05UPjwvRk9OVD4KICAgICAgPEhSPgogICAgICA8L1REPgogICAgPC9UUj4KICA8L1RCT0RZPgo8L1RBQkxFPgo8L0NFTlRFUj4KPENFTlRFUj4KPFRBQkxFIHdpZHRoPSI2NDAiIGhlaWdodD0iMjIwIiBiZ2NvbG9yPSIjMDAwMDk5Ij4KICA8VEJPRFk+CiAgICA8VFI+CiAgICAgIDxURCBhbGlnbj0iY2VudGVyIj48SU1HIHNyYz0iaHR0cDovL2ltYWdlLnJha3V0ZW4uY28uanAvYXhpc3JkL2NhYmluZXQvMDAyMzQ4NDAvaW1ncmMwMDcxMzg1ODkyLmpwZyIgd2lkdGg9IjYwMCIgaGVpZ2h0PSIyMDAiIGJvcmRlcj0iMCI+PC9URD4KICAgIDwvVFI+CiAgPC9UQk9EWT4KPC9UQUJMRT4KPC9DRU5URVI+CjxDRU5URVI+CiAgPHRhYmxlIHdpZHRoPSI2NDAiIGhlaWdodD0iMjIwIiBiZ2NvbG9yPSIjMDAwMDk5Ij4KICAgIDx0Ym9keT4KICAgICAgPHRyPgogICAgICAgIDx0ZCBhbGlnbj0iY2VudGVyIj48SU1HIHNyYz0iaHR0cDovL2ltYWdlLnJha3V0ZW4uY28uanAvYXhpc3JkL2NhYmluZXQvMDAyMzQ4NDAvaW1ncmMwMDcwMDg2NTMyLmpwZyIgd2lkdGg9IjYwMCIgaGVpZ2h0PSIyMDAiIGJvcmRlcj0iMCI+PC90ZD4KICAgICAgPC90cj4KICAgIDwvdGJvZHk+CiAgPC90YWJsZT4KPC9DRU5URVI+CjxDRU5URVI+CjxUQUJMRSB3aWR0aD0iNjQwIiBoZWlnaHQ9IjIyMCIgYmdjb2xvcj0iIzAwMDA5OSI+CiAgPFRCT0RZPgogICAgPFRSPgogICAgICA8VEQgYWxpZ249ImNlbnRlciI+PElNRyBzcmM9Imh0dHA6Ly9pbWFnZS5yYWt1dGVuLmNvLmpwL2F4aXNyZC9jYWJpbmV0LzAwMjM0ODQwL2ltZ3JjMDA3MDA4NjUzMC5qcGciIHdpZHRoPSI2MDAiIGhlaWdodD0iMjAwIiBib3JkZXI9IjAiPjxCUj4KICAgICAgCiAgICAgIDxIUj4KICAgICAgPC9URD4KICAgIDwvVFI+CiAgPC9UQk9EWT4KPC9UQUJMRT4KPEhSPgo8VEFCTEUgd2lkdGg9IjY0MCIgaGVpZ2h0PSIzMjAiIGJnY29sb3I9IiM5OTAwMDAiPgogIDxUQk9EWT4KICAgIDxUUj4KICAgICAgPFREIGFsaWduPSJjZW50ZXIiPjxJTUcgc3JjPSJodHRwczovL2ltYWdlLnJha3V0ZW4uY28uanAvYXhpc3JkL2NhYmluZXQvMDAyMzQ4NDAvaW1ncmMwMDcxNTY0MjI4LmpwZyIgd2lkdGg9IjYyMCIgaGVpZ2h0PSIzMDAiIGJvcmRlcj0iMCI+PC9URD4KICAgIDwvVFI+CiAgPC9UQk9EWT4KPC9UQUJMRT4KPEhSPgo8Q0VOVEVSPgo8Q0VOVEVSPgo8VEFCTEUgd2lkdGg9IjY0MCIgaGVpZ2h0PSIyNjAiIGJnY29sb3I9IiMwMDAwMDAiPgogIDxUQk9EWT4KICAgIDxUUj4KICAgICAgPFREIGFsaWduPSJjZW50ZXIiIGJnY29sb3I9IiMwMDAwMDAiPjxJTUcgc3JjPSJodHRwOi8vaW1hZ2UucmFrdXRlbi5jby5qcC9heGlzcmQvY2FiaW5ldC8wMDIzNDg0MC9pbWdyYzAwNjg2NzA0NzcuanBnIiB3aWR0aD0iNjMwIiBoZWlnaHQ9IjI1MCIgYm9yZGVyPSIwIj48L1REPgogICAgPC9UUj4KICA8L1RCT0RZPgo8L1RBQkxFPgo8L0NFTlRFUj4KPC9DRU5URVI+CjwvQ0VOVEVSPgo8Q0VOVEVSPgo8SFI+CjxDRU5URVI+CjxUQUJMRSB3aWR0aD0iNjIwIiBoZWlnaHQ9IjI4OCIgYmdjb2xvcj0iIzAwMjAwMCI+CiAgPFRCT0RZPgogICAgPFRSPgogICAgICA8VEQgYWxpZ249ImNlbnRlciI+PElNRyBzcmM9Imh0dHA6Ly9pbWFnZS5yYWt1dGVuLmNvLmpwL2F4aXNyZC9jYWJpbmV0LzAwMjM0ODQwL2ltZ3JjMDA2NjU0NDcxMy5qcGciIHdpZHRoPSI2MDAiIGhlaWdodD0iMjY4IiBib3JkZXI9IjAiPjwvVEQ+CiAgICA8L1RSPgogIDwvVEJPRFk+CjwvVEFCTEU+CjwvQ0VOVEVSPgo8SFI+CjxDRU5URVI+CjxDRU5URVI+CjxUQUJMRSB3aWR0aD0iNjIwIiBoZWlnaHQ9IjI4OCI+CiAgPFRCT0RZPgogICAgPFRSPgogICAgICA8VEQgYWxpZ249ImNlbnRlciIgYmdjb2xvcj0iIzY2MDAwMCI+PElNRyBzcmM9Imh0dHA6Ly9pbWFnZS5yYWt1dGVuLmNvLmpwL2F4aXNyZC9jYWJpbmV0LzAwMjM0ODQwL2ltZ3JjMDA3MTI2NjQyMC5qcGciIHdpZHRoPSI2MDAiIGhlaWdodD0iMjY4IiBib3JkZXI9IjAiPjwvVEQ+CiAgICA8L1RSPgogIDwvVEJPRFk+CjwvVEFCTEU+CjxIUj4KPC9DRU5URVI+CjwvQ0VOVEVSPgo8L0NFTlRFUj4KPEhSPgo8Q0VOVEVSPgo8Q0VOVEVSPgo8VEFCTEUgd2lkdGg9IjY0MCIgaGVpZ2h0PSIyNDMiPgogIDxUQk9EWT4KICAgIDxUUj4KICAgICAgPFREIGFsaWduPSJjZW50ZXIiIGJnY29sb3I9IiMwMDAwMDAiPjxJTUcgc3JjPSJodHRwOi8vaW1hZ2UucmFrdXRlbi5jby5qcC9heGlzcmQvY2FiaW5ldC8wMDIwNzQzNS9pbWdyYzAwNzEzNzUxNDkuanBnIiB3aWR0aD0iNjIwIiBoZWlnaHQ9IjIyMyIgYm9yZGVyPSIwIj48L1REPgogICAgPC9UUj4KICA8L1RCT0RZPgo8L1RBQkxFPgo8L0NFTlRFUj4KPC9DRU5URVI+CjxIUj4KPENFTlRFUj4KPENFTlRFUj4KPFRBQkxFIHdpZHRoPSI2NDAiIGhlaWdodD0iMjQzIj4KICA8VEJPRFk+CiAgICA8VFI+CiAgICAgIDxURCBhbGlnbj0iY2VudGVyIiBiZ2NvbG9yPSIjOTkwMDAwIj48SU1HIHNyYz0iaHR0cDovL2ltYWdlLnJha3V0ZW4uY28uanAvYXhpc3JkL2NhYmluZXQvb3RoZXJzL2ltZ3JjMDA3MTI3NDA2Ny5qcGciIHdpZHRoPSI2MjAiIGhlaWdodD0iMjIzIiBib3JkZXI9IjAiPjwvVEQ+CiAgICA8L1RSPgogIDwvVEJPRFk+CjwvVEFCTEU+CjwvQ0VOVEVSPgo8SFI+CjxDRU5URVI+CjxUQUJMRSB3aWR0aD0iNjQwIiBoZWlnaHQ9IjIyMCIgYmdjb2xvcj0iI2ZmMDAwMCI+CiAgPFRCT0RZPgogICAgPFRSPgogICAgICA8VEQgYWxpZ249ImNlbnRlciI+PElNRyBzcmM9Imh0dHA6Ly9pbWFnZS5yYWt1dGVuLmNvLmpwL2F4aXNyZC9jYWJpbmV0LzAwMjM0ODQwL2ltZ3JjMDA3MDczNTk3NS5qcGciIHdpZHRoPSI2MDAiIGhlaWdodD0iMTk4IiBib3JkZXI9IjAiPjwvVEQ+CiAgICA8L1RSPgogIDwvVEJPRFk+CjwvVEFCTEU+CjwvQ0VOVEVSPgo8SFI+CjxUQUJMRSB3aWR0aD0iNjQwIiBoZWlnaHQ9IjMyMyI+CiAgPFRCT0RZPgogICAgPFRSPgogICAgICA8VEQgYWxpZ249ImNlbnRlciIgYmdjb2xvcj0iIzAwMDA5OSI+PElNRyBzcmM9Imh0dHA6Ly9pbWFnZS5yYWt1dGVuLmNvLmpwL2F4aXNyZC9jYWJpbmV0LzAwMjM0ODQwL2ltZ3JjMDA3MTIyNjQ5OS5qcGciIHdpZHRoPSI2MjAiIGhlaWdodD0iMzAzIiBib3JkZXI9IjAiPjwvVEQ+CiAgICA8L1RSPgogIDwvVEJPRFk+CjwvVEFCTEU+CjxIUj4KPEhSPgo8SU1HIHNyYz0iaHR0cDovL2ltYWdlLnJha3V0ZW4uY28uanAvYXhpc3JkL2NhYmluZXQvMDQ3MjE4MjMvaW1ncmMwMDY5MTIxNDc2LmpwZyIgd2lkdGg9IjY0MCIgaGVpZ2h0PSI0MzciIGJvcmRlcj0iMCI+PC9DRU5URVI+CjxIUj4=,R29sZiBQcmlkZe+8iOOCtOODq+ODleODl+ODqeOCpOODie+8iUREMiDjgrDjg6rjg4Pjg5fjgJDjg43jgrPjg53jgrnphY3pgIHlj6/jgJHvvJrjgqLjgq/jgrfjgrnvvLLvvIbvvKTjgrTjg6vjg5U=,44Kr44K/44OK44Ob44Oz44Oe44K044Or44OV44K544Od44Or44OH44Kj44Oz44KwVEEtNUxCNjA244Kt44Oj44K544Kz44K044Or44OV44Oc44O844Or44OK44Kk44Kt44Oo44ON44OD44Kv44K544Ot44OD44K144Oh44OD44K244Oi44Oz44K244OA44Kk44OvTklLReOCquODjuODleOCreODo+ODh+OCo+ODvOODkOODg+OCsOODkeODvOOCt+ODouODs+OCreODo+ODreOCpuOCp+OCpOOCpuOCpOODq+OCveODs1hSLTA144OG44O844Op44O844Oh44Kk44OJ44Ot44OD44K1R29sZiBQcmlkZe+8iOOCtOODq+ODleODl+ODqeOCpOODie+8iUREMiDjgrDjg6rjg4Pjg5fjgJDjg43jgrPjg53jgrnphY3pgIHlj6/jgJE=,R29sZiBQcmlkZe+8iOOCtOODq+ODleODl+ODqeOCpOODie+8iUREMiDjgrDjg6rjg4Pjg5fjgJDjg43jgrPjg53jgrnphY3pgIHlj6/jgJE=[rn]
22-59996,aHR0cDovL3RzaG9wLnIxMHMuanAvYXhpc3JkL2NhYmluZXQvMDAzNTYyMzYvaW1ncmMwMDcxMjk2NTI0LmdpZj9maXRpbj03MDA6NzAw,NDM3LjYwMDA=,,44K544Od44O844OE44O744Ki44Km44OI44OJ44KiID4g44K044Or44OVID4g44Kv44Op44OWID4g44Kv44Op44OW55So44OR44O844OEID4g44Kw44Oq44OD44OX,R29sZiBQcmlkZe+8iOOCtOODq+ODleODl+ODqeOCpOODie+8ieODhOOCouODvOODqeODg+ODlzJHIE02MFLjgIDjgrDjg6rjg4Pjg5fjg5Djg4Pjgq/jg6njgqTjg7PnhKHjgZfjgJDjg43jgrPjg53jgrnphY3pgIHlj6/jgJE=,,PFRBQkxFIGJvcmRlcj0iMCIgd2lkdGg9IjYwMCI+CiAgPFRCT0RZPgogICAgPFRSPgogICAgICA8VEQgYWxpZ249ImNlbnRlciI+CiAgICAgIDxUQUJMRSBib3JkZXI9IjAiPgogICAgICAgIDxUQk9EWT4KICAgICAgICAgIDxUUj4KICAgICAgICAgICAgPFREPuOBl+OBo+OBqOOCiuaEn+OBqOe0oOadkOOBruaflOOCieOBi+OBleOBjOOAgeWEquOCjOOBn+ODleOCo+ODg+ODiOaEn+OBqOe1tuWmmeOBquODleOCo+ODvOODquODs+OCsOOCkuWun+ePvuOAgjxCUj4KICAgICAgICAgICAg6ICQ5LmF5oCn44CB44Kz44K544OI44OR44OV44Kp44O844Oe44Oz44K544Gr5YSq44KM44Gf6auY57KY552A5oCn44Op44OQ44O844KS5L2/55So44GX44Gf44CBPEJSPgogICAgICAgICAgICDjgZzjgYTjgZ/jgY/jgarjg6zjgrbjg7zpoqjjga7lpJboprPjgajmhJ/op6bjga7jg6/jg7Pjg5Tjg7zjgrnjga7jg6njg4Pjg5fjgr/jgqTjg5fjgrDjg6rjg4Pjg5fjgafjgZnjgII8L1REPgogICAgICAgICAgPC9UUj4KICAgICAgICA8L1RCT0RZPgogICAgICA8L1RBQkxFPgogICAgICA8L1REPgogICAgPC9UUj4KICAgIDxUUj4KICAgICAgPFREIGFsaWduPSJjZW50ZXIiPjxJTUcgc3JjPSJodHRwOi8vaW1hZ2UucmFrdXRlbi5jby5qcC9heGlzcmQvY2FiaW5ldC8wMDM1NjIzNi9pbWdyYzAwNzEyOTY1MjQuZ2lmIiB3aWR0aD0iNTAwIiBoZWlnaHQ9IjUwMCIgYm9yZGVyPSIwIj48L1REPgogICAgPC9UUj4KICAgIDxUUj4KICAgICAgPFREIGFsaWduPSJjZW50ZXIiPgogICAgICA8VEFCTEUgYm9yZGVyPSIwIj4KICAgICAgICA8VEJPRFk+CiAgICAgICAgICA8VFI+CiAgICAgICAgICAgIDxURD7ilqDjg6Ljg4fjg6vlkI3vvJrjg4TjgqLjg7zjg6njg4Pjg5cyRyA8QlI+CjxCUj4K4pag44Kw44Oq44OD44OX77ya44Km44OD44OJ44O744Ki44Kk44Ki44Oz55SoPEJSPgo8QlI+CuKWoOOCs+OCouOCteOCpOOCuu+8iOWPo+W+hO+8ie+8mk02MFLvvIjjg5Djg4Pjgq/jg6njgqTjg7PnhKHjgZfvvIkgPEJSPgo8QlI+CiAgICAgICAgICAgIOKWoOaomea6lumHjemHj++8mjQ5Z8KxIDxCUj4KPEJSPgogICAgICAgICAgICDilqDoo73pgKDlm73vvJpNYWRlIGluIFRoYWlsYW5kPC9URD4KICAgICAgICAgIDwvVFI+CiAgICAgICAgPC9UQk9EWT4KICAgICAgPC9UQUJMRT4KICAgICAgPC9URD4KICAgIDwvVFI+CiAgICA8VFI+CiAgICAgIDxURCBhbGlnbj0iY2VudGVyIj4KICAgICAgPFRBQkxFIGJvcmRlcj0iMCI+CiAgICAgICAgPFRCT0RZPgogICAgICAgICAgPFRSPgogICAgICAgICAgICA8VEQ+CiAgICAgICAgICAgIDxIUj4KICAgICAgICAgICAgPC9URD4KICAgICAgICAgIDwvVFI+CiAgICAgICAgICA8VFI+CiAgICAgICAgICAgIDxURD7ihpLjgYrlvpfjgaoxMOacrOOCu+ODg+ODiOOBr+OBk+OBoeOCieKGkDwvVEQ+CiAgICAgICAgICA8L1RSPgogICAgICAgICAgPFRSPgogICAgICAgICAgICA8VEQ+CiAgICAgICAgICAgIDxIUj4KICAgICAgICAgICAgPC9URD4KICAgICAgICAgIDwvVFI+CiAgICAgICAgPC9UQk9EWT4KICAgICAgPC9UQUJMRT4KICAgICAgPC9URD4KICAgIDwvVFI+CiAgICA8VFI+CiAgICAgIDxURCBhbGlnbj0iY2VudGVyIj48Rk9OVCBmYWNlPSLvvK3vvLMg44K044K344OD44KvIiBjb2xvcj0iI2ExMDAwMCIgc2l6ZT0iMiI+4piG5a6f6Zqb44Gu5ZWG5ZOB44Gu6Imy44Go44CB44Gn44GN44KL44Gg44GR6L+R44GE6Imy44Gn44GU6Kan44GE44Gf44Gg44GR44KL44KI44GG44GrPEJSPuOAgOazqOaEj+OCkuaJleOBo+OBpuOBiuOCiuOBvuOBmeOBjOOAgeODouODi+OCv+ODvOOBruaYjuOCi+OBleioreWumuOBquOBqeOBq+OCiOOCiuOAgTxCUj7jgIDlpJrlsJHoibLlkIjjgYTjgYznlbDjgarjgaPjgabopovjgYjjgovloLTlkIjjgYzjgZTjgZbjgYTjgb7jgZnjgYzjgIHjgZTkuobmib/jgY/jgaDjgZXjgYQ8L0ZPTlQ+PC9URD4KICAgIDwvVFI+CiAgICA8VFI+CiAgICAgIDxURD4KICAgICAgPEhSPgogICAgICA8L1REPgogICAgPC9UUj4KICA8L1RCT0RZPgo8L1RBQkxFPjxzdHlsZSB0eXBlPSJ0ZXh0L2NzcyI+CmJvZHl7CmJhY2tncm91bmQtaW1hZ2U6dXJsKGh0dHA6Ly9pbWFnZS5yYWt1dGVuLmNvLmpwL2F4aXNyZC9jYWJpbmV0LzAzNzgyNjkyL2ltZ3JjMDA3MTQyMzYwOS5qcGcpOwpiYWNrZ3JvdW5kLXJlcGVhdDpyZXBlYXQteTsKYmFja2dyb3VuZC1wb3NpdGlvbjpyaWdodDsKfQo8L3N0eWxlPgoKPEhSPgo8Q0VOVEVSPgo8VEFCTEUgd2lkdGg9IjYzMCIgYmdjb2xvcj0iI2ZmMDAwMCI+CiAgPFRCT0RZPgogICAgPFRSPgogICAgICA8VEQ+CiAgICAgIDxIUj4KICAgICAgPC9URD4KICAgIDwvVFI+CiAgICA8VFI+CiAgICAgIDxURCBhbGlnbj0iY2VudGVyIj48Qj48Rk9OVCBzaXplPSIrNCIgY29sb3I9IiNmZmZmMDAiPuacn+mWk+mZkOWumuOCr+ODvOODneODs+OBr+OBk+OBoeOCiTwvRk9OVD48Rk9OVCBzaXplPSIrMyIgY29sb3I9IiNmZmZmMDAiPjxCUj4KICAgICAg4pa844CA4pa844CA4pa844CA4pa844CA4pa8PC9GT05UPjwvQj48L1REPgogICAgPC9UUj4KICAgIDxUUj4KICAgICAgPFREIGFsaWduPSJjZW50ZXIiIGhlaWdodD0iMTMwIiB2YWxpZ249InRvcCI+PElNRyBzcmM9Imh0dHBzOi8vaW1hZ2UucmFrdXRlbi5jby5qcC9heGlzcmQvY2FiaW5ldC8wMzc4MjY5Mi9pbWdyYzAwNzE3MjQ2MDYuanBnIiB3aWR0aD0iNjQwIiBoZWlnaHQ9IjIwMCIgYm9yZGVyPSIwIj48L1REPgogICAgPC9UUj4KICAgIDxUUj4KICAgICAgPFREIGFsaWduPSJjZW50ZXIiPjxGT05UIGNvbG9yPSIjZmZmZmZmIiBzaXplPSIrMSI+PEZPTlQgc2l6ZT0iKzAiPjxCPjxGT05UIHNpemU9Ii0yIj48Rk9OVCBzaXplPSItMSI+4oC744GK5LiA5Lq65qeYMeWbnuOBvuOBp+OBruOBlOWIqeeUqOOBqOOBquOCiuOBvuOBmeOAguOBneOBruS7luOBruOCr+ODvOODneODs+OBqOOBruOAkOS9teeUqOS4jeWPr+OAkeOAgjxCUj4KICAgICAg4oC75pei5a6a44Gu5Yip55So5LiK6ZmQ44Gr6YGU44GX44Gf5q616ZqO44Gn44Kv44O844Od44Oz44Gu44GU5Yip55So44Gv5LiN5Y+v44Go44Gq44KK44G+44GZ44CCPC9GT05UPjwvRk9OVD48L0I+PC9GT05UPjxCUj4KICAgICAgPC9GT05UPjxGT05UIGNvbG9yPSIjMDAwMGZmIiBzaXplPSItMSI+PEZPTlQgc2l6ZT0iLTEiIGNvbG9yPSIjMDAwMGZmIj48Rk9OVCBzaXplPSItMSIgY29sb3I9IiMwMDAwZmYiPjxGT05UIGNvbG9yPSIjMDAwMGZmIj48Rk9OVCBjb2xvcj0iIzAwMDBmZiI+PEZPTlQgY29sb3I9IiMwMDAwZmYiPjxGT05UIGNvbG9yPSIjMDAwMGZmIj48Qj48Rk9OVCBzaXplPSItMSIgY29sb3I9IiMwMDAwZmYiPjxGT05UIHNpemU9Ii0xIiBjb2xvcj0iI2ZmZmYwMCI+4oC744GU5rOo5paH56K65a6a5b6M44Gu44Kv44O844Od44Oz5Yip55So44Gv5LiN5Y+v44Go44Gq44KK44G+44GZ44Gu44Gn44CB5b+F44Ga44GU5rOo5paH5YmN44Gr44Kv44O844Od44Oz44KS542y5b6X5LiL44GV44GE44CCPC9GT05UPjwvRk9OVD48L0I+PC9GT05UPjwvRk9OVD48L0ZPTlQ+PC9GT05UPjwvRk9OVD48L0ZPTlQ+PC9GT05UPjwvVEQ+CiAgICA8L1RSPgogICAgPFRSPgogICAgICA8VEQ+CiAgICAgIDxIUj4KICAgICAgPC9URD4KICAgIDwvVFI+CiAgPC9UQk9EWT4KPC9UQUJMRT4KPC9DRU5URVI+CjxIUj4KPENFTlRFUj4KPFRBQkxFIHdpZHRoPSI2NDAiIGhlaWdodD0iMjIwIiBiZ2NvbG9yPSIjMDAwMDk5Ij4KICA8VEJPRFk+CiAgICA8VFI+CiAgICAgIDxURCBhbGlnbj0iY2VudGVyIj48Rk9OVCBjb2xvcj0iI2ZmMDAwMCIgc2l6ZT0iKzQiPjxGT05UIHNpemU9Iis0IiBjb2xvcj0iI2ZmZmYwMCI+PEZPTlQgc2l6ZT0iKzQiIGNvbG9yPSIjZmZmZjAwIj48Qj7jgJDpm4bjgYjvvIEg6Zuo55S344O76Zuo5aWz44CRPC9CPjwvRk9OVD48L0ZPTlQ+PC9GT05UPjxGT05UIGNvbG9yPSIjMDA5OTAwIiBzaXplPSIrNCI+PEZPTlQgc2l6ZT0iKzQiIGNvbG9yPSIjZmYwMDAwIj48Rk9OVCBzaXplPSIrNCIgY29sb3I9IiNmZjAwMDAiPjxCPjxCUj4KICAgICAgPC9CPjwvRk9OVD48L0ZPTlQ+PC9GT05UPgogICAgICA8Q0VOVEVSPgogICAgICA8VEFCTEU+CiAgICAgICAgPFRCT0RZPgogICAgICAgICAgPFRSPgogICAgICAgICAgICA8VEQ+PElNRyBzcmM9Imh0dHA6Ly9pbWFnZS5yYWt1dGVuLmNvLmpwL2F4aXNyZC9jYWJpbmV0LzAwMjM0ODQwL2ltZzU5NDIzNjI2LmpwZyIgd2lkdGg9IjI2NCIgaGVpZ2h0PSI3NSIgYm9yZGVyPSIwIj48L1REPgogICAgICAgICAgICA8VEQ+PElNRyBzcmM9Imh0dHA6Ly9pbWFnZS5yYWt1dGVuLmNvLmpwL2F4aXNyZC9jYWJpbmV0LzAwMjM0ODQwL2ltZzU5NDIzNjI2LmpwZyIgd2lkdGg9IjI2NCIgaGVpZ2h0PSI3NSIgYm9yZGVyPSIwIj48L1REPgogICAgICAgICAgPC9UUj4KICAgICAgICA8L1RCT0RZPgogICAgICA8L1RBQkxFPgogICAgICA8L0NFTlRFUj4KICAgICAgPEZPTlQgY29sb3I9IiMwMDk5MDAiIHNpemU9Iis0Ij48Rk9OVCBzaXplPSIrNCIgY29sb3I9IiNmZjAwMDAiPjxGT05UIHNpemU9Iis0IiBjb2xvcj0iI2ZmMDAwMCI+PEI+44K544Oq44Kv44K944OzIOmbqOWvvuetlumWoumAo+WVhuWTgTxCUj4KICAgICAg6LaF57W254m55L6h44K744O844Or54m56Kit5Lya5aC0PEJSPgogICAgICA8L0I+PC9GT05UPjwvRk9OVD48L0ZPTlQ+CiAgICAgIDxIUj4KICAgICAgPC9URD4KICAgIDwvVFI+CiAgPC9UQk9EWT4KPC9UQUJMRT4KPC9DRU5URVI+CjxDRU5URVI+CjxUQUJMRSB3aWR0aD0iNjQwIiBoZWlnaHQ9IjIyMCIgYmdjb2xvcj0iIzAwMDA5OSI+CiAgPFRCT0RZPgogICAgPFRSPgogICAgICA8VEQgYWxpZ249ImNlbnRlciI+PElNRyBzcmM9Imh0dHA6Ly9pbWFnZS5yYWt1dGVuLmNvLmpwL2F4aXNyZC9jYWJpbmV0LzAwMjM0ODQwL2ltZ3JjMDA3MTM4NTg5Mi5qcGciIHdpZHRoPSI2MDAiIGhlaWdodD0iMjAwIiBib3JkZXI9IjAiPjwvVEQ+CiAgICA8L1RSPgogIDwvVEJPRFk+CjwvVEFCTEU+CjwvQ0VOVEVSPgo8Q0VOVEVSPgogIDx0YWJsZSB3aWR0aD0iNjQwIiBoZWlnaHQ9IjIyMCIgYmdjb2xvcj0iIzAwMDA5OSI+CiAgICA8dGJvZHk+CiAgICAgIDx0cj4KICAgICAgICA8dGQgYWxpZ249ImNlbnRlciI+PElNRyBzcmM9Imh0dHA6Ly9pbWFnZS5yYWt1dGVuLmNvLmpwL2F4aXNyZC9jYWJpbmV0LzAwMjM0ODQwL2ltZ3JjMDA3MDA4NjUzMi5qcGciIHdpZHRoPSI2MDAiIGhlaWdodD0iMjAwIiBib3JkZXI9IjAiPjwvdGQ+CiAgICAgIDwvdHI+CiAgICA8L3Rib2R5PgogIDwvdGFibGU+CjwvQ0VOVEVSPgo8Q0VOVEVSPgo8VEFCTEUgd2lkdGg9IjY0MCIgaGVpZ2h0PSIyMjAiIGJnY29sb3I9IiMwMDAwOTkiPgogIDxUQk9EWT4KICAgIDxUUj4KICAgICAgPFREIGFsaWduPSJjZW50ZXIiPjxJTUcgc3JjPSJodHRwOi8vaW1hZ2UucmFrdXRlbi5jby5qcC9heGlzcmQvY2FiaW5ldC8wMDIzNDg0MC9pbWdyYzAwNzAwODY1MzAuanBnIiB3aWR0aD0iNjAwIiBoZWlnaHQ9IjIwMCIgYm9yZGVyPSIwIj48QlI+CiAgICAgIAogICAgICA8SFI+CiAgICAgIDwvVEQ+CiAgICA8L1RSPgogIDwvVEJPRFk+CjwvVEFCTEU+CjxIUj4KPFRBQkxFIHdpZHRoPSI2NDAiIGhlaWdodD0iMzIwIiBiZ2NvbG9yPSIjOTkwMDAwIj4KICA8VEJPRFk+CiAgICA8VFI+CiAgICAgIDxURCBhbGlnbj0iY2VudGVyIj48SU1HIHNyYz0iaHR0cHM6Ly9pbWFnZS5yYWt1dGVuLmNvLmpwL2F4aXNyZC9jYWJpbmV0LzAwMjM0ODQwL2ltZ3JjMDA3MTU2NDIyOC5qcGciIHdpZHRoPSI2MjAiIGhlaWdodD0iMzAwIiBib3JkZXI9IjAiPjwvVEQ+CiAgICA8L1RSPgogIDwvVEJPRFk+CjwvVEFCTEU+CjxIUj4KPENFTlRFUj4KPENFTlRFUj4KPFRBQkxFIHdpZHRoPSI2NDAiIGhlaWdodD0iMjYwIiBiZ2NvbG9yPSIjMDAwMDAwIj4KICA8VEJPRFk+CiAgICA8VFI+CiAgICAgIDxURCBhbGlnbj0iY2VudGVyIiBiZ2NvbG9yPSIjMDAwMDAwIj48SU1HIHNyYz0iaHR0cDovL2ltYWdlLnJha3V0ZW4uY28uanAvYXhpc3JkL2NhYmluZXQvMDAyMzQ4NDAvaW1ncmMwMDY4NjcwNDc3LmpwZyIgd2lkdGg9IjYzMCIgaGVpZ2h0PSIyNTAiIGJvcmRlcj0iMCI+PC9URD4KICAgIDwvVFI+CiAgPC9UQk9EWT4KPC9UQUJMRT4KPC9DRU5URVI+CjwvQ0VOVEVSPgo8L0NFTlRFUj4KPENFTlRFUj4KPEhSPgo8Q0VOVEVSPgo8VEFCTEUgd2lkdGg9IjYyMCIgaGVpZ2h0PSIyODgiIGJnY29sb3I9IiMwMDIwMDAiPgogIDxUQk9EWT4KICAgIDxUUj4KICAgICAgPFREIGFsaWduPSJjZW50ZXIiPjxJTUcgc3JjPSJodHRwOi8vaW1hZ2UucmFrdXRlbi5jby5qcC9heGlzcmQvY2FiaW5ldC8wMDIzNDg0MC9pbWdyYzAwNjY1NDQ3MTMuanBnIiB3aWR0aD0iNjAwIiBoZWlnaHQ9IjI2OCIgYm9yZGVyPSIwIj48L1REPgogICAgPC9UUj4KICA8L1RCT0RZPgo8L1RBQkxFPgo8L0NFTlRFUj4KPEhSPgo8Q0VOVEVSPgo8Q0VOVEVSPgo8VEFCTEUgd2lkdGg9IjYyMCIgaGVpZ2h0PSIyODgiPgogIDxUQk9EWT4KICAgIDxUUj4KICAgICAgPFREIGFsaWduPSJjZW50ZXIiIGJnY29sb3I9IiM2NjAwMDAiPjxJTUcgc3JjPSJodHRwOi8vaW1hZ2UucmFrdXRlbi5jby5qcC9heGlzcmQvY2FiaW5ldC8wMDIzNDg0MC9pbWdyYzAwNzEyNjY0MjAuanBnIiB3aWR0aD0iNjAwIiBoZWlnaHQ9IjI2OCIgYm9yZGVyPSIwIj48L1REPgogICAgPC9UUj4KICA8L1RCT0RZPgo8L1RBQkxFPgo8SFI+CjwvQ0VOVEVSPgo8L0NFTlRFUj4KPC9DRU5URVI+CjxIUj4KPENFTlRFUj4KPENFTlRFUj4KPFRBQkxFIHdpZHRoPSI2NDAiIGhlaWdodD0iMjQzIj4KICA8VEJPRFk+CiAgICA8VFI+CiAgICAgIDxURCBhbGlnbj0iY2VudGVyIiBiZ2NvbG9yPSIjMDAwMDAwIj48SU1HIHNyYz0iaHR0cDovL2ltYWdlLnJha3V0ZW4uY28uanAvYXhpc3JkL2NhYmluZXQvMDAyMDc0MzUvaW1ncmMwMDcxMzc1MTQ5LmpwZyIgd2lkdGg9IjYyMCIgaGVpZ2h0PSIyMjMiIGJvcmRlcj0iMCI+PC9URD4KICAgIDwvVFI+CiAgPC9UQk9EWT4KPC9UQUJMRT4KPC9DRU5URVI+CjwvQ0VOVEVSPgo8SFI+CjxDRU5URVI+CjxDRU5URVI+CjxUQUJMRSB3aWR0aD0iNjQwIiBoZWlnaHQ9IjI0MyI+CiAgPFRCT0RZPgogICAgPFRSPgogICAgICA8VEQgYWxpZ249ImNlbnRlciIgYmdjb2xvcj0iIzk5MDAwMCI+PElNRyBzcmM9Imh0dHA6Ly9pbWFnZS5yYWt1dGVuLmNvLmpwL2F4aXNyZC9jYWJpbmV0L290aGVycy9pbWdyYzAwNzEyNzQwNjcuanBnIiB3aWR0aD0iNjIwIiBoZWlnaHQ9IjIyMyIgYm9yZGVyPSIwIj48L1REPgogICAgPC9UUj4KICA8L1RCT0RZPgo8L1RBQkxFPgo8L0NFTlRFUj4KPEhSPgo8Q0VOVEVSPgo8VEFCTEUgd2lkdGg9IjY0MCIgaGVpZ2h0PSIyMjAiIGJnY29sb3I9IiNmZjAwMDAiPgogIDxUQk9EWT4KICAgIDxUUj4KICAgICAgPFREIGFsaWduPSJjZW50ZXIiPjxJTUcgc3JjPSJodHRwOi8vaW1hZ2UucmFrdXRlbi5jby5qcC9heGlzcmQvY2FiaW5ldC8wMDIzNDg0MC9pbWdyYzAwNzA3MzU5NzUuanBnIiB3aWR0aD0iNjAwIiBoZWlnaHQ9IjE5OCIgYm9yZGVyPSIwIj48L1REPgogICAgPC9UUj4KICA8L1RCT0RZPgo8L1RBQkxFPgo8L0NFTlRFUj4KPEhSPgo8VEFCTEUgd2lkdGg9IjY0MCIgaGVpZ2h0PSIzMjMiPgogIDxUQk9EWT4KICAgIDxUUj4KICAgICAgPFREIGFsaWduPSJjZW50ZXIiIGJnY29sb3I9IiMwMDAwOTkiPjxJTUcgc3JjPSJodHRwOi8vaW1hZ2UucmFrdXRlbi5jby5qcC9heGlzcmQvY2FiaW5ldC8wMDIzNDg0MC9pbWdyYzAwNzEyMjY0OTkuanBnIiB3aWR0aD0iNjIwIiBoZWlnaHQ9IjMwMyIgYm9yZGVyPSIwIj48L1REPgogICAgPC9UUj4KICA8L1RCT0RZPgo8L1RBQkxFPgo8SFI+CjxIUj4KPElNRyBzcmM9Imh0dHA6Ly9pbWFnZS5yYWt1dGVuLmNvLmpwL2F4aXNyZC9jYWJpbmV0LzA0NzIxODIzL2ltZ3JjMDA2OTEyMTQ3Ni5qcGciIHdpZHRoPSI2NDAiIGhlaWdodD0iNDM3IiBib3JkZXI9IjAiPjwvQ0VOVEVSPgo8SFI+,R29sZiBQcmlkZe+8iOOCtOODq+ODleODl+ODqeOCpOODie+8ieODhOOCouODvOODqeODg+ODlzJHIE02MFLjgIDjgrDjg6rjg4Pjg5fjg5Djg4Pjgq/jg6njgqTjg7PnhKHjgZfjgJDjg43jgrPjg53jgrnphY3pgIHlj6/jgJHvvJrjgqLjgq/jgrfjgrnvvLLvvIbvvKTjgrTjg6vjg5U=,44Kr44K/44OK44Ob44Oz44Oe44K044Or44OV44K544Od44Or44OH44Kj44Oz44KwVEEtNUxCNjA244Kt44Oj44K544Kz44K044Or44OV44Oc44O844Or44OK44Kk44Kt44Oo44ON44OD44Kv44K544Ot44OD44K144Oh44OD44K244Oi44Oz44K244OA44Kk44OvTklLReOCquODjuODleOCreODo+ODh+OCo+ODvOODkOODg+OCsOODkeODvOOCt+ODouODs+OCreODo+ODreOCpuOCp+OCpOOCpuOCpOODq+OCveODs1hSLTA144OG44O844Op44O844Oh44Kk44OJ44Ot44OD44K1R29sZiBQcmlkZe+8iOOCtOODq+ODleODl+ODqeOCpOODie+8ieODhOOCouODvOODqeODg+ODlzJHIE02MFLjgIDjgrDjg6rjg4Pjg5fjg5Djg4Pjgq/jg6njgqTjg7PnhKHjgZfjgJDjg43jgrPjg53jgrnphY3pgIHlj6/jgJE=,R29sZiBQcmlkZe+8iOOCtOODq+ODleODl+ODqeOCpOODie+8ieODhOOCouODvOODqeODg+ODlzJHIE02MFLjgIDjgrDjg6rjg4Pjg5fjg5Djg4Pjgq/jg6njgqTjg7PnhKHjgZfjgJDjg43jgrPjg53jgrnphY3pgIHlj6/jgJE=[rn]
22-59997,aHR0cDovL3RzaG9wLnIxMHMuanAvdHlva3VoYW4vY2FiaW5ldC9pdGVtL2dyaXAvdnZjZ18wMDEuanBnP2ZpdGluPTcwMDo3MDA=,NDAwLjAwMDA=,,44K544Od44O844OE44O744Ki44Km44OI44OJ44KiID4g44K044Or44OVID4g44Kv44Op44OWID4g44Kv44Op44OW55So44OR44O844OEID4g44Kw44Oq44OD44OX,4oC744CQ44Oh44O844Or5L6/55m66YCB44CR55S35aWz5YW855So44OT44OT44OD44OI44Kr44Op44O844Kw44Oq44OD44OX6a6u44KE44GL44Gq55m66Imy44CA44K044Or44OV44CA44Kw44Oq44OD44OXIOOCouOCpOOCouODs+ODu+OCpuODg+ODieeUqO+8muOAkOijvemAoOebtOiyqeOCtOODq+ODleWxi+OAkQ==,4peH,PCEtLeODneOCpOODs+ODiC0tPgo8dGFibGUgYm9yZGVyPSIwIj48dHI+PHRkIGFsaWduPSJjZW50ZXIiPjwvdGQ+PC90cj48L3RhYmxlPjwhLS3jg53jgqTjg7Pjg4jjgZPjgZPjgb7jgactLT4gICAgICAg44CA44CA44CAICAgICAgIAogICAgPFRBQkxFPiAgPFRCT0RZPiAgICA8VFI+CiAgICAgPFREPjxpbWcgc3JjPSJodHRwOi8vaW1hZ2UucmFrdXRlbi5jby5qcC90eW9rdWhhbi9jYWJpbmV0L3NwLzAzMDA1Mzg0L2ltZzYwODY4ODM2LmdpZiIgYm9yZGVyPSIwIj48YnI+CiAgICAgIDxicj4KICAgICAgPElNRyBzcmM9Imh0dHA6Ly9pbWFnZS5yYWt1dGVuLmNvLmpwL3R5b2t1aGFuL2NhYmluZXQvMDAzMTY0NTYvaW1nNTYzMDU4MTYuZ2lmIiB3aWR0aD0iMjYxIiBoZWlnaHQ9IjUzIiBib3JkZXI9IjAiPjwvVEQ+CiAgICA8L1RSPiAgPC9UQk9EWT48L1RBQkxFPjxzdHlsZSB0eXBlPSJ0ZXh0L2NzcyI+Cgo8IS0tCmJvZHkgewoJYmFja2dyb3VuZC1pbWFnZTp1cmwoCmh0dHBzOi8vaW1hZ2UucmFrdXRlbi5jby5qcC90eW9rdWhhbi9jYWJpbmV0L3QtYmFubmVyLzIwMTEwMTA2dGF0ZS8wNTIwLW1hcmFzb24tdGF0ZS5naWYKKTsKYmFja2dyb3VuZC1yZXBlYXQ6cmVwZWF0LXk7CmJhY2tncm91bmQtcG9zaXRpb246IGxlZnQ7Cgp9CgphOmhvdmVyIGltZyB7CiAgICAgZmlsdGVyOiBhbHBoYShvcGFjaXR5PTgwKTsKICAgICBvcGFjaXR5OjAuODsKICAgICBiYWNrZ3JvdW5kOiAjZmZmZmZmO30KCgovKiDlnKjluqvooajlhoUg57SN5pyf5oOF5aCx5paH5a2XICovCnRkLmludmVudG9yeSBmb250e2ZvbnQtc2l6ZTo3MCU7Y29sb3I6Izk5OTk5OTt9CnRkLmludmVudG9yeXt3b3JkLXdyYXA6YnJlYWstd29yZDt3aWR0aDo2MHB4O30KLS0+CgoKLyog44OX44Or44OA44Km44Oz6KGo56S6ICovCiNyYWt1dGVuTGltaXRlZElkX2Fyb3VuZENhcnQgc3Bhbi5jaG9pY2UgKyBzZWxlY3QgewogICAgZGlzcGxheTogYmxvY2sgIWltcG9ydGFudDsKICAgIHBhZGRpbmc6IDhweDsKICAgIG1hcmdpbi1ib3R0b206IDJweDsKICAgIGJvcmRlci1yYWRpdXM6IDJweDsgICAKfQoKI3Jha3V0ZW5MaW1pdGVkSWRfYXJvdW5kQ2FydCBzcGFuLmNob2ljZSB7CiAgICBkaXNwbGF5OiBpbmxpbmUtYmxvY2s7CiAgICBwb3NpdGlvbjpyZWxhdGl2ZTsKICAgIHBhZGRpbmc6IDhweDsKICAgIG1hcmdpbi1ib3R0b206IDhweDsKICAgIGJhY2tncm91bmQ6ICNlZWU7IC8q5ZC544GN5Ye644GX44Gu6IOM5pmv6ImyICovCiAgICBib3JkZXItcmFkaXVzOiAycHg7Cn0KI3Jha3V0ZW5MaW1pdGVkSWRfYXJvdW5kQ2FydCBzcGFuLmNob2ljZTphZnRlciB7CiAgICBjb250ZW50OiAiIjsKICAgIHBvc2l0aW9uOiBhYnNvbHV0ZTsKICAgIGJvdHRvbTogLThweDsKICAgIGxlZnQ6IDI0cHg7CiAgICBtYXJnaW4tbGVmdDogLThweDsKICAgIGRpc3BsYXk6IGJsb2NrOwogICAgd2lkdGg6IDBweDsKICAgIGhlaWdodDogMHB4OwogICAgYm9yZGVyLXN0eWxlOiBzb2xpZDsKICAgIGJvcmRlci13aWR0aDogOHB4IDhweCAwIDhweDsKICAgIGJvcmRlci1jb2xvcjogI2VlZSB0cmFuc3BhcmVudCB0cmFuc3BhcmVudCB0cmFuc3BhcmVudDsKfQotLT4KPC9zdHlsZT4KCgoKCgo8VEFCTEUgYm9yZGVyPSIwIiB3aWR0aD0iNjAwIj4KICA8VEJPRFk+CiAgICA8VFI+CiAgICAgIDxURCBhbGlnbj0iY2VudGVyIj4KPGJyPgo8YnI+Cgo8IS0t4pa844Kq44Ks44Oq44Ki77ya44Gr44GO44KP44GELS0+CjxkaXYgc3R5bGU9IndpZHRoOjYwMHB4OyBoZWlnaHQ6MzYwcHg7IG92ZXJmbG93OmhpZGRlbjttYXJnaW46IDAgYXV0bzsiPjwvZGl2Pgo8YnI+CjwhLS3ilrLjgqrjgqzjg6rjgqLvvJrjgavjgY7jgo/jgYQtLT4KICAgICAgPGJyPgogICAgICA8YnI+CgoKPCEtLeKWvOOCquOCrOODquOCou+8muODqeODs+OCr+OCpOODs+mAn+WgsS0tPgoKPCEtLeKWsuOCquOCrOODquOCou+8muODqeODs+OCr+OCpOODs+mAn+WgsS0tPgoKCgo8IS0t4pa8R29RU3lzdGVt44Op44Oz44Kt44Oz44Kw6Ieq5YuV5pu05paw44OE44O844Or44Ov44Kk44OJCjx0YWJsZSBhbGlnbj0iY2VudGVyIiB3aWR0aD0iNjAwIiBib3JkZXI9IjAiIGNlbGxwYWRkaW5nPSIwIiBjZWxsc3BhY2luZz0iMCIgYmdjb2xvcj0iI0ZGRkZGRiI+Cjx0cj4KPHRkPgo8dGFibGUgYWxpZ249ImNlbnRlciIgd2lkdGg9IjYwMCIgYm9yZGVyPSIwIiBjZWxscGFkZGluZz0iMCIgY2VsbHNwYWNpbmc9IjAiIGJnY29sb3I9IiNGRkZGRkYiPgo8dHI+Cjx0ZCBhbGlnbj0iY2VudGVyIiB2YWxpZ249ImJvdHRvbSIgYmdjb2xvcj0iI2NjY2NjYyI+PGltZyBzcmM9Imh0dHA6Ly93d3cucmFrdXRlbi5uZS5qcC9nb2xkL3R5b2t1aGFuL2dvcXN5c3RlbS82MDByYW5raW5ndGl0ZWwuZ2lmIiB3aWR0aD0iNjAwIiAvPjwvdGQ+CjwvdHI+CjwvdGFibGU+Cjx0YWJsZSBhbGlnbj0iY2VudGVyIiB3aWR0aD0iNTk2IiBib3JkZXI9IjAiIGNlbGxwYWRkaW5nPSIwIiBjZWxsc3BhY2luZz0iMCIgYmdjb2xvcj0iI0NDQ0NDQyIgc3R5bGU9ImJvcmRlci1sZWZ0OnNvbGlkO2JvcmRlci1sZWZ0LXdpZHRoOjFweDtib3JkZXItcmlnaHQ6c29saWQ7Ym9yZGVyLXJpZ2h0LXdpZHRoOjFweDtib3JkZXItYm90dG9tOnNvbGlkO2JvcmRlci1ib3R0b20td2lkdGg6MXB4O2JvcmRlci1jb2xvcjojQ0NDQ0NDOyI+Cjx0cj4KPHRkIGFsaWduPSJjZW50ZXIiIGJnY29sb3I9IiNGRkZGRkYiPgoKPC90ZD4KPC90cj4KPHRyPgo8dGQgYWxpZ249InJpZ2h0IiBiZ2NvbG9yPSIjRkZGRkZGIiBzdHlsZT0icGFkZGluZzoycHg7Ij4KPGltZyBzcmM9Imh0dHA6Ly93d3cucmFrdXRlbi5uZS5qcC9nb2xkL3R5b2t1aGFuL2dvcXN5c3RlbS9wb3dlcmVkX2J5X2Jhbm5lci5naWYiIHdpZHRoPSIxMjUiIC8+CjwvdGQ+CjwvdHI+CjwvdGFibGU+CjwvdGQ+CjwvdHI+CjwvdGFibGU+Ci0tPgoKCgoKPCEtLeKWvOaXp+ODqeODs+OCreODs+OCsO+8iOOBvuOBj+OCie+8iQo8dGFibGUgYm9yZGVyPSIwIiBjZWxscGFkZGluZz0iNCIgY2VsbHNwYWNpbmc9IjEiIHdpZHRoPSI2MDAiIGJnY29sb3I9IiNjYzAwMDAiPgogIDx0Ym9keT4KICAgICAgICAgIDx0cj4KICAgICAgICAgICAgPHRkIGNvbHNwYW49IjUiIGFsaWduPSJjZW50ZXIiIGhlaWdodD0iNDUiIHZhbGlnbj0ibWlkZGxlIiBiYWNrZ3JvdW5kPSJodHRwOi8vaW1hZ2UucmFrdXRlbi5jby5qcC90eW9rdWhhbi9jYWJpbmV0L2luZGV4L2ltZzU5MDI3NDE2LmdpZiI+PC90ZD4KICAgICAgICAgIDwvdHI+CiAgICAgICAgICA8dHI+CiAgICAgICAgICAgIDx0ZCBhbGlnbj0ibGVmdCIgdmFsaWduPSJtaWRkbGUiIGNvbHNwYW49IjUiIGJnY29sb3I9IiNmZmZmZmYiIGhlaWdodD0iNDAwIj48L3RkPgogICAgICAgICAgPC90cj4KICA8L3Rib2R5Pgo8L3RhYmxlPgrilrLml6fjg6njg7Pjgq3jg7PjgrDvvIjjgb7jgY/jgonvvIktLT4KCgo8YnI+Cjxicj4KPGJyPgoKICAgICAgPC9URD4KICAgIDwvVFI+CiAgPC9UQk9EWT4KPC9UQUJMRT4KCjxtYXAgbmFtZT0iaW1nNTgxODUzNTZbMV0iIGlkPSJpbWc1ODE4NTM1NlsxXSI+CiAgCiAgCiAgCjwvbWFwPg==,4oC744CQ44Oh44O844Or5L6/55m66YCB44CR55S35aWz5YW855So44OT44OT44OD44OI44Kr44Op44O844Kw44Oq44OD44OX6a6u44KE44GL44Gq55m66Imy44CA44K044Or44OV44CA44Kw44Oq44OD44OXIOOCouOCpOOCouODs+ODu+OCpuODg+ODieeUqO+8muOAkOijvemAoOebtOiyqeOCtOODq+ODleWxi+OAke+8muijvemAoOebtOiyqeOCtOODq+ODleWxiw==,44K044Or44OV44Kv44Op44OW44OJ44Op44Kk44OQ44O844Ki44Kk44Ki44Oz44OV44Kn44Ki44Km44Kn44Kk44Km44OD44OJ44K744OD44OI44Os44OH44Kj44O844K544Oh44Oz44K644OR44K/44O844Om44O844OG44Kj44Oq44OG44Kj44Os44OV44OG44Kj5bem44OB44K/44Oz6KO96YCg55u06LKp5aWz5oCn5Yid5b+D6ICF5a6J44K044Or44OV44Kv44Op44OW44Or44O844Or6YGp5ZCI44Kv44Op44OW44K744OD44OI4oC744CQ44Oh44O844Or5L6/55m66YCB44CR55S35aWz5YW855So44OT44OT44OD44OI44Kr44Op44O844Kw44Oq44OD44OX6a6u44KE44GL44Gq55m66Imy44CA44K044Or44OV44CA44Kw44Oq44OD44OXIOOCouOCpOOCouODs+ODu+OCpuODg+ODieeUqO+8muOAkOijvemAoOebtOiyqeOCtOODq+ODleWxi+OAkQ==,4peH44CC4oC744CQ44Oh44O844Or5L6/55m66YCB44CR55S35aWz5YW855So44OT44OT44OD44OI44Kr44Op44O844Kw44Oq44OD44OX6a6u44KE44GL44Gq55m66Imy44CA44K044Or44OV44CA44Kw44Oq44OD44OXIOOCouOCpOOCouODs+ODu+OCpuODg+ODieeUqO+8muOAkOijvemAoOebtOiyqeOCtOODq+ODleWxi+OAkQ==[rn]
22-59998,aHR0cDovL3RzaG9wLnIxMHMuanAvdHlva3VoYW4vY2FiaW5ldC9pdGVtL2dyaXAvaW1nNjQ5MTE0MzguanBnP2ZpdGluPTcwMDo3MDA=,OTYwLjAwMDA=,,44K544Od44O844OE44O744Ki44Km44OI44OJ44KiID4g44K044Or44OVID4g44Kv44Op44OWID4g44Kv44Op44OW55So44OR44O844OEID4g44Kw44Oq44OD44OX,44CQ77yR5pys44G+44Gn5pmu6YCa6YO15L6/55m66YCB44CR44Km44Or44OI44Op44Op44Kk44OI5qW15aSq44OR44K/44O844Kw44Oq44OD44OX44CA44Kw44Oq44OD44OX5Y2Y5ZOB6LKp5aOy44CA6Led6Zui5oSf44Go5pa55ZCR5oCn44Ki44OD44OX44Gr5pyf5b6F5aSn77yB44CA44Kr44Op44OV44Or44Gq44OQ44Oq44Ko44O844K344On44Oz44Gn44GC44Gq44Gf44Gu44Kw44Oq44OD44OX44KS44OQ44O844K444On44Oz77y177yw4pmq44CA4oC777ya44CQ6KO96YCg55u06LKp44K044Or44OV5bGL44CR,4peH,PCEtLeODneOCpOODs+ODiC0tPgo8dGFibGUgYm9yZGVyPSIwIj48dHI+PHRkIGFsaWduPSJjZW50ZXIiPjwvdGQ+PC90cj48L3RhYmxlPjwhLS3jg53jgqTjg7Pjg4jjgZPjgZPjgb7jgactLT4gICAgICAg44CA44CA44CAICAgICAgIAogICAgPFRBQkxFPiAgPFRCT0RZPiAgICA8VFI+CiAgICAgPFREPjxpbWcgc3JjPSJodHRwOi8vaW1hZ2UucmFrdXRlbi5jby5qcC90eW9rdWhhbi9jYWJpbmV0L3NwLzAzMDA1Mzg0L2ltZzYwODY4ODM2LmdpZiIgYm9yZGVyPSIwIj48YnI+CiAgICAgIDxicj4KICAgICAgPElNRyBzcmM9Imh0dHA6Ly9pbWFnZS5yYWt1dGVuLmNvLmpwL3R5b2t1aGFuL2NhYmluZXQvMDAzMTY0NTYvaW1nNTYzMDU4MTYuZ2lmIiB3aWR0aD0iMjYxIiBoZWlnaHQ9IjUzIiBib3JkZXI9IjAiPjwvVEQ+CiAgICA8L1RSPiAgPC9UQk9EWT48L1RBQkxFPjxzdHlsZSB0eXBlPSJ0ZXh0L2NzcyI+Cgo8IS0tCmJvZHkgewoJYmFja2dyb3VuZC1pbWFnZTp1cmwoCmh0dHBzOi8vaW1hZ2UucmFrdXRlbi5jby5qcC90eW9rdWhhbi9jYWJpbmV0L3QtYmFubmVyLzIwMTEwMTA2dGF0ZS8wNTIwLW1hcmFzb24tdGF0ZS5naWYKKTsKYmFja2dyb3VuZC1yZXBlYXQ6cmVwZWF0LXk7CmJhY2tncm91bmQtcG9zaXRpb246IGxlZnQ7Cgp9CgphOmhvdmVyIGltZyB7CiAgICAgZmlsdGVyOiBhbHBoYShvcGFjaXR5PTgwKTsKICAgICBvcGFjaXR5OjAuODsKICAgICBiYWNrZ3JvdW5kOiAjZmZmZmZmO30KCgovKiDlnKjluqvooajlhoUg57SN5pyf5oOF5aCx5paH5a2XICovCnRkLmludmVudG9yeSBmb250e2ZvbnQtc2l6ZTo3MCU7Y29sb3I6Izk5OTk5OTt9CnRkLmludmVudG9yeXt3b3JkLXdyYXA6YnJlYWstd29yZDt3aWR0aDo2MHB4O30KLS0+CgoKLyog44OX44Or44OA44Km44Oz6KGo56S6ICovCiNyYWt1dGVuTGltaXRlZElkX2Fyb3VuZENhcnQgc3Bhbi5jaG9pY2UgKyBzZWxlY3QgewogICAgZGlzcGxheTogYmxvY2sgIWltcG9ydGFudDsKICAgIHBhZGRpbmc6IDhweDsKICAgIG1hcmdpbi1ib3R0b206IDJweDsKICAgIGJvcmRlci1yYWRpdXM6IDJweDsgICAKfQoKI3Jha3V0ZW5MaW1pdGVkSWRfYXJvdW5kQ2FydCBzcGFuLmNob2ljZSB7CiAgICBkaXNwbGF5OiBpbmxpbmUtYmxvY2s7CiAgICBwb3NpdGlvbjpyZWxhdGl2ZTsKICAgIHBhZGRpbmc6IDhweDsKICAgIG1hcmdpbi1ib3R0b206IDhweDsKICAgIGJhY2tncm91bmQ6ICNlZWU7IC8q5ZC544GN5Ye644GX44Gu6IOM5pmv6ImyICovCiAgICBib3JkZXItcmFkaXVzOiAycHg7Cn0KI3Jha3V0ZW5MaW1pdGVkSWRfYXJvdW5kQ2FydCBzcGFuLmNob2ljZTphZnRlciB7CiAgICBjb250ZW50OiAiIjsKICAgIHBvc2l0aW9uOiBhYnNvbHV0ZTsKICAgIGJvdHRvbTogLThweDsKICAgIGxlZnQ6IDI0cHg7CiAgICBtYXJnaW4tbGVmdDogLThweDsKICAgIGRpc3BsYXk6IGJsb2NrOwogICAgd2lkdGg6IDBweDsKICAgIGhlaWdodDogMHB4OwogICAgYm9yZGVyLXN0eWxlOiBzb2xpZDsKICAgIGJvcmRlci13aWR0aDogOHB4IDhweCAwIDhweDsKICAgIGJvcmRlci1jb2xvcjogI2VlZSB0cmFuc3BhcmVudCB0cmFuc3BhcmVudCB0cmFuc3BhcmVudDsKfQotLT4KPC9zdHlsZT4KCgoKCgo8VEFCTEUgYm9yZGVyPSIwIiB3aWR0aD0iNjAwIj4KICA8VEJPRFk+CiAgICA8VFI+CiAgICAgIDxURCBhbGlnbj0iY2VudGVyIj4KPGJyPgo8YnI+Cgo8IS0t4pa844Kq44Ks44Oq44Ki77ya44Gr44GO44KP44GELS0+CjxkaXYgc3R5bGU9IndpZHRoOjYwMHB4OyBoZWlnaHQ6MzYwcHg7IG92ZXJmbG93OmhpZGRlbjttYXJnaW46IDAgYXV0bzsiPjwvZGl2Pgo8YnI+CjwhLS3ilrLjgqrjgqzjg6rjgqLvvJrjgavjgY7jgo/jgYQtLT4KICAgICAgPGJyPgogICAgICA8YnI+CgoKPCEtLeKWvOOCquOCrOODquOCou+8muODqeODs+OCr+OCpOODs+mAn+WgsS0tPgoKPCEtLeKWsuOCquOCrOODquOCou+8muODqeODs+OCr+OCpOODs+mAn+WgsS0tPgoKCgo8IS0t4pa8R29RU3lzdGVt44Op44Oz44Kt44Oz44Kw6Ieq5YuV5pu05paw44OE44O844Or44Ov44Kk44OJCjx0YWJsZSBhbGlnbj0iY2VudGVyIiB3aWR0aD0iNjAwIiBib3JkZXI9IjAiIGNlbGxwYWRkaW5nPSIwIiBjZWxsc3BhY2luZz0iMCIgYmdjb2xvcj0iI0ZGRkZGRiI+Cjx0cj4KPHRkPgo8dGFibGUgYWxpZ249ImNlbnRlciIgd2lkdGg9IjYwMCIgYm9yZGVyPSIwIiBjZWxscGFkZGluZz0iMCIgY2VsbHNwYWNpbmc9IjAiIGJnY29sb3I9IiNGRkZGRkYiPgo8dHI+Cjx0ZCBhbGlnbj0iY2VudGVyIiB2YWxpZ249ImJvdHRvbSIgYmdjb2xvcj0iI2NjY2NjYyI+PGltZyBzcmM9Imh0dHA6Ly93d3cucmFrdXRlbi5uZS5qcC9nb2xkL3R5b2t1aGFuL2dvcXN5c3RlbS82MDByYW5raW5ndGl0ZWwuZ2lmIiB3aWR0aD0iNjAwIiAvPjwvdGQ+CjwvdHI+CjwvdGFibGU+Cjx0YWJsZSBhbGlnbj0iY2VudGVyIiB3aWR0aD0iNTk2IiBib3JkZXI9IjAiIGNlbGxwYWRkaW5nPSIwIiBjZWxsc3BhY2luZz0iMCIgYmdjb2xvcj0iI0NDQ0NDQyIgc3R5bGU9ImJvcmRlci1sZWZ0OnNvbGlkO2JvcmRlci1sZWZ0LXdpZHRoOjFweDtib3JkZXItcmlnaHQ6c29saWQ7Ym9yZGVyLXJpZ2h0LXdpZHRoOjFweDtib3JkZXItYm90dG9tOnNvbGlkO2JvcmRlci1ib3R0b20td2lkdGg6MXB4O2JvcmRlci1jb2xvcjojQ0NDQ0NDOyI+Cjx0cj4KPHRkIGFsaWduPSJjZW50ZXIiIGJnY29sb3I9IiNGRkZGRkYiPgoKPC90ZD4KPC90cj4KPHRyPgo8dGQgYWxpZ249InJpZ2h0IiBiZ2NvbG9yPSIjRkZGRkZGIiBzdHlsZT0icGFkZGluZzoycHg7Ij4KPGltZyBzcmM9Imh0dHA6Ly93d3cucmFrdXRlbi5uZS5qcC9nb2xkL3R5b2t1aGFuL2dvcXN5c3RlbS9wb3dlcmVkX2J5X2Jhbm5lci5naWYiIHdpZHRoPSIxMjUiIC8+CjwvdGQ+CjwvdHI+CjwvdGFibGU+CjwvdGQ+CjwvdHI+CjwvdGFibGU+Ci0tPgoKCgoKPCEtLeKWvOaXp+ODqeODs+OCreODs+OCsO+8iOOBvuOBj+OCie+8iQo8dGFibGUgYm9yZGVyPSIwIiBjZWxscGFkZGluZz0iNCIgY2VsbHNwYWNpbmc9IjEiIHdpZHRoPSI2MDAiIGJnY29sb3I9IiNjYzAwMDAiPgogIDx0Ym9keT4KICAgICAgICAgIDx0cj4KICAgICAgICAgICAgPHRkIGNvbHNwYW49IjUiIGFsaWduPSJjZW50ZXIiIGhlaWdodD0iNDUiIHZhbGlnbj0ibWlkZGxlIiBiYWNrZ3JvdW5kPSJodHRwOi8vaW1hZ2UucmFrdXRlbi5jby5qcC90eW9rdWhhbi9jYWJpbmV0L2luZGV4L2ltZzU5MDI3NDE2LmdpZiI+PC90ZD4KICAgICAgICAgIDwvdHI+CiAgICAgICAgICA8dHI+CiAgICAgICAgICAgIDx0ZCBhbGlnbj0ibGVmdCIgdmFsaWduPSJtaWRkbGUiIGNvbHNwYW49IjUiIGJnY29sb3I9IiNmZmZmZmYiIGhlaWdodD0iNDAwIj48L3RkPgogICAgICAgICAgPC90cj4KICA8L3Rib2R5Pgo8L3RhYmxlPgrilrLml6fjg6njg7Pjgq3jg7PjgrDvvIjjgb7jgY/jgonvvIktLT4KCgo8YnI+Cjxicj4KPGJyPgoKICAgICAgPC9URD4KICAgIDwvVFI+CiAgPC9UQk9EWT4KPC9UQUJMRT4KCjxtYXAgbmFtZT0iaW1nNTgxODUzNTZbMV0iIGlkPSJpbWc1ODE4NTM1NlsxXSI+CiAgCiAgCiAgCjwvbWFwPg==,44CQ77yR5pys44G+44Gn5pmu6YCa6YO15L6/55m66YCB44CR44Km44Or44OI44Op44Op44Kk44OI5qW15aSq44OR44K/44O844Kw44Oq44OD44OX44CA44Kw44Oq44OD44OX5Y2Y5ZOB6LKp5aOy44CA6Led6Zui5oSf44Go5pa55ZCR5oCn44Ki44OD44OX44Gr5pyf5b6F5aSn77yB44CA44Kr44Op44OV44Or44Gq44OQ44Oq44Ko44O844K344On44Oz44Gn44GC44Gq44Gf44Gu44Kw44Oq44OD44OX44KS44OQ44O844K444On44Oz77y177yw4pmq44CA4oC777ya44CQ6KO96YCg55u06LKp44K044Or44OV5bGL44CR77ya6KO96YCg55u06LKp44K044Or44OV5bGL,44K044Or44OV44Kv44Op44OW44OJ44Op44Kk44OQ44O844Ki44Kk44Ki44Oz44OV44Kn44Ki44Km44Kn44Kk44Km44OD44OJ44K744OD44OI44Os44OH44Kj44O844K544Oh44Oz44K644OR44K/44O844Om44O844OG44Kj44Oq44OG44Kj44Os44OV44OG44Kj5bem44OB44K/44Oz6KO96YCg55u06LKp5aWz5oCn5Yid5b+D6ICF5a6J44K044Or44OV44Kv44Op44OW44Or44O844Or6YGp5ZCI44Kv44Op44OW44K744OD44OI44CQ77yR5pys44G+44Gn5pmu6YCa6YO15L6/55m66YCB44CR44Km44Or44OI44Op44Op44Kk44OI5qW15aSq44OR44K/44O844Kw44Oq44OD44OX44CA44Kw44Oq44OD44OX5Y2Y5ZOB6LKp5aOy44CA6Led6Zui5oSf44Go5pa55ZCR5oCn44Ki44OD44OX44Gr5pyf5b6F5aSn77yB44CA44Kr44Op44OV44Or44Gq44OQ44Oq44Ko44O844K344On44Oz44Gn44GC44Gq44Gf44Gu44Kw44Oq44OD44OX44KS44OQ44O844K444On44Oz77y177yw4pmq44CA4oC777ya44CQ6KO96YCg55u06LKp44K044Or44OV5bGL44CR,4peH44CC44CQ77yR5pys44G+44Gn5pmu6YCa6YO15L6/55m66YCB44CR44Km44Or44OI44Op44Op44Kk44OI5qW15aSq44OR44K/44O844Kw44Oq44OD44OX44CA44Kw44Oq44OD44OX5Y2Y5ZOB6LKp5aOy44CA6Led6Zui5oSf44Go5pa55ZCR5oCn44Ki44OD44OX44Gr5pyf5b6F5aSn77yB44CA44Kr44Op44OV44Or44Gq44OQ44Oq44Ko44O844K344On44Oz44Gn44GC44Gq44Gf44Gu44Kw44Oq44OD44OX44KS44OQ44O844K444On44Oz77y177yw4pmq44CA4oC777ya44CQ6KO96YCg55u06LKp44K044Or44OV5bGL44CR[rn]
22-59999,aHR0cDovL3RzaG9wLnIxMHMuanAvYmJ0b3duL2NhYmluZXQvZ2VraXlhc3UxMy9zLXNjczEyMGxsLmpwZz9maXRpbj03MDA6NzAw,MTQzMS4yMDAw,,44K544Od44O844OE44O744Ki44Km44OI44OJ44KiID4g6YeO55CD44O744K944OV44OI44Oc44O844OrID4g44Km44Kn44KiID4g44Ki44Oz44OA44O844K344Oj44OE,MzPvvIVPRkYg5pyA5aSnNe+8heW8leOCr+ODvOODneODsyDph47nkIPnlKjlk4EgU1NLIOODreODvOODjeODg+OCryDkuLjpppYg6ZW36KKW44Ki44Oz44OA44O844K344Oj44OEIFNDLVNUQU5EQVJEIFNDUzEyMExMIOOCu+ODvOODqyBTQUxFIOWPluWvhA==,6YCB5paZNDkw5YaG77yB77yB,PCEtLSDjg6njg4Pjg5Tjg7PjgrDoqpjlsI4tcyAtLT4KIDxmb250IGNvbG9yPSIjZmYwMDAwIiBzaXplPSI0Ij7ihpPjg6njg4Pjg5Tjg7PjgrAoMjcw5YaGL+eojui+vCnjga7jgZTms6jmlofjga/jgrPjg4Hjg6nihpM8L2ZvbnQ+PGJyPgo8aW1nIHNyYz0iaHR0cDovL2ltYWdlLnJha3V0ZW4uY28uanAvYmJ0b3duL2NhYmluZXQvci10b3AyL3dyYXBwaW5nXzYxNl8xLmpwZyIgYm9yZGVyPSIwIiB3aWR0aD0iMzUwIj48YnI+CjwhLS0g44Op44OD44OU44Oz44Kw6KqY5bCOLWUgLS0+Cjxicj4KPCEtLSDjgq7jg5Xjg4jplqLpgKPmpJzntKLjg6/jg7zjg4ktcyAtLT4KIOOAkOaknOe0ouODr+ODvOODie+8muODqeODg+ODlOODs+OCsCDotIjjgorjgoLjga4g6LSI44KK54mpIOi0iOeJqSDotIjnrZTlk4Eg44OX44Os44K844Oz44OIIOOCruODleODiCDjgYrnpZ3jgYQg6KiY5b+15ZOBIOWNkualrSDljZLlm6PjgJEgCjwhLS0g44Ku44OV44OI6Zai6YCj5qSc57Si44Ov44O844OJLXMgLS0+PGJyPgoKPCEtLeOBiuiyt+OBhOeJqeOCrOOCpOODieOBk+OBk+OBi+OCiSAtLT4KPGltZyBzcmM9Imh0dHBzOi8vaW1hZ2UucmFrdXRlbi5jby5qcC9iYnRvd24vY2FiaW5ldC9yLXRvcDMvcGNfY2FydF8wNTI1LmdpZiIgYm9yZGVyPSIwIiB3aWR0aD0iNDAwIj48YnI+Cgo8IS0t44GK6LK344GE54mp44Ks44Kk44OJ44GT44GT44G+44GnIC0tPgo8IS0tIGV2aS1zIC0tPuODoeODvOOCq+ODvOW4jOacm+Wwj+WjsuS+oeagvOOBr+ODoeODvOOCq+ODvOOCq+OCv+ODreOCsOOBq+WfuuOBpeOBhOOBpuaOsui8ieOBl+OBpuOBhOOBvuOBmTxJTUcgc3JjPSJodHRwOi8vdGh1bWJuYWlsLmltYWdlLnJha3V0ZW4uY28uanAvQDBfbWFsbC9zcG8tYmJ0L2NhYmluZXQvZXZpZGVuY2UyL2V2aWRlbmNlX3NjczEyMGxsLmpwZyIgYm9yZGVyPSIwIj48QlI+PEJSPjwhLS0gZXZpLWUgLS0+PCEtLSBhcmVhMCBCIC0tPgogCjwhLS0gYXJlYTAgRSAtLT4KPHRhYmxlIGJvcmRlcj0iMCIgd2lkdGg9IjcwMCIgY2VsbHBhZGRpbmc9IjIiIGNlbGxzcGFjaW5nPSIwIj4KICA8dHI+CiAgICA8dGQgYWxpZ249ImxlZnQiPgogICAgPHRhYmxlIGNlbGxwYWRkaW5nPSIxIiB3aWR0aD0iMTAwJSI+CiAgICAgIDx0cj4KICAgICAgICA8dGQgdmFsaWduPSJ0b3AiIGFsaWduPSJsZWZ0Ij4KICAgICAgICA8dGFibGUgYm9yZGVyPSIwIiBjZWxscGFkZGluZz0iNCIgY2VsbHNwYWNpbmc9IjAiIHdpZHRoPSI5NSUiPgogICAgICAgICAgPHRyPgogICAgICAgICAgICA8dGQgYmdjb2xvcj0iIzAwMDA5OSI+PGI+PGZvbnQgY29sb3I9IiNmZmZmZmYiIHNpemU9IjIiPuWVhuWTgeiqrOaYjjwvZm9udD48L2I+PC90ZD4KICAgICAgICAgIDwvdHI+CiAgICAgICAgICA8IS0tIGFyZWExIEIgLS0+CiAgICAgICAgICA8dHI+CiAgICAgICAgICAgIDx0ZD4KICAgICAgICAgICAgICAgICAgPGRpdiBjbGFzcz0idGV4dDIiIGFsaWduPSJsZWZ0Ij4gPGZvbnQgc2l6ZT0iMiIgY29sb3I9IiMwMDAwOTkiPjxiPumAsuWMluOBl+OBn+edgOW/g+WcsOOBruOCiOOBhOOCueOCv+ODs+ODgOODvOODieODouODh+ODq+OAguWkmuiJsuWxlemWi+OBp+ODgeODvOODoOWPl+azqOOBq+WvvuW/nOOAgjwvYj48L2ZvbnQ+PC9kaXY+CiAgICAgICAgICAgIDwvdGQ+CiAgICAgICAgICA8L3RyPgogICAgICAgICAgPCEtLSBhcmVhMSBFIC0tPgogICAgICAgICAgPCEtLSBhcmVhMiBCIC0tPgogICAgICAgICAgPHRyPgogICAgICAgICAgICAgICAgPHRkIGFsaWduPSJsZWZ0Ij4gCiAgICAgICAgICAgICAgICAgIDxwPjxmb250IHNpemU9IjIiPuKXj+e0oOadkO+8muODneODquOCqOOCueODhuODqzEwMCU8YnI+CiAgICAgICAgICAgICAgICAgICAg4peP44K144Kk44K677yaU+OAgU3jgIFM44CBT+OAgVhPPGJyPgrigLvjg6Ljg4fjg6vjga8xNzFjbeOAgTY0a2fjgadN44K144Kk44K644KS552A44Gm44GE44G+44GZPGJyPgogICAgICAgICAgICAgICAgICAgIOKXj+OCq+ODqeODvO+8mig3MCnjg43jgqTjg5Pjg7wsKDkwKeODluODqeODg+OCryzvvIg2M++8iUTjg5bjg6vjg7ws77yIMTDvvInjg5vjg6/jgqTjg4gs77yINTHvvIlE44Kw44Oq44O844OzLO+8iDU177yJ44Kx44Oq44O8LO+8iDIw77yJ44Os44OD44OJLO+8iDIy77yJ44Ko44Oz44K4LO+8iDM177yJ44Kq44Os44Oz44K4LO+8iDg377yJ57Sr57S6LO+8iDYw77yJ44OW44Or44O8LO+8iDgw77yJ44OR44O844OX44OrPGJyPgril4/jg4jjg4Pjg5fjgq/jg7zjg6s8YnI+CuKXj+WQuOaxlzxicj4K4peP6YCf5Lm+PGJyPgril4/mipfoj4w8YnI+CuKXj+mYsuiHrTxicj4K4peP44Ko44Kz44K544OdPGJyPgril4/kuK3lm73oo73jgIHml6XmnKzoo708L2ZvbnQ+PC9mb250PjwvcD4KICAgICAgICAgICAgICAgICAgPC90ZD4KICAgICAgICAgIDwvdHI+CiAgICAgICAgICA8IS0tIGFyZWEyIEUgLS0+CiAgICAgICAgICA8IS0tIGFyZWEzIEIgLS0+CiAgICAgICAgICAKICAgICAgICAgIDx0cj4KICAgICAgICAgICAgPHRkPjxmb250IHNpemU9IjIiIGNvbG9yPSIjZmYwMDAwIj48L2ZvbnQ+PC90ZD4KICAgICAgICAgIDwvdHI+CiAgICAgICAgICA8IS0tIGFyZWEzIEUgLS0+CiAgICAgICAgPC90YWJsZT4KICAgICAgICA8L3RkPgogICAgICA8L3RyPgogICAgPC90YWJsZT4KICAgIDwvdGQ+CiAgPC90cj4KPC90YWJsZT4KPCEtLeaOoeWvuOOBk+OBk+OBi+OCiS0tPgo8dGFibGUgYm9yZGVyPSIwIiBjZWxscGFkZGluZz0iMSIgY2VsbHNwYWNpbmc9IjAiIHdpZHRoPSI2MzAiPgo8dHI+PHRkIGJnY29sb3I9IiNmZmZmZmYiIGFsaWduPSJjZW50ZXIiPjxocj48Zm9udCBzaXplPSIyIj48Yj7vvJzllYblk4Hlrp/lr7jvvJ48L2I+PC9mb250PjwvdGQ+PC90cj4KICA8dHI+PHRkIGJnY29sb3I9IiNDMEMwQzAiIGFsaWduPSJjZW50ZXIiPjxmb250IHNpemU9IjIiPjxiPlM8L2I+PC9mb250PjwvdGQ+PC90cj4KICA8dHI+PHRkIGJnY29sb3I9IiNmZmZmZmYiIGFsaWduPSJjZW50ZXIiPjxmb250IHNpemU9IjIiPuedgOS4iO+8mjY2Y20gLyDouqvluYUo44OQ44K544OIKe+8mjQ3Y20gLyDoopbkuIjvvJo2MWNtPC9mb250PjwvdGQ+PC90cj4KICA8dHI+PHRkIGJnY29sb3I9IiNDMEMwQzAiIGFsaWduPSJjZW50ZXIiPjxmb250IHNpemU9IjIiPjxiPk08L2I+PC9mb250PjwvdGQ+PC90cj4KICA8dHI+PHRkIGJnY29sb3I9IiNmZmZmZmYiIGFsaWduPSJjZW50ZXIiPjxmb250IHNpemU9IjIiPuedgOS4iO+8mjY4Y20gLyDouqvluYUo44OQ44K544OIKe+8mjQ5Y20gLyDoopbkuIjvvJo2M2NtPC9mb250PjwvdGQ+PC90cj4KICA8dHI+PHRkIGJnY29sb3I9IiNDMEMwQzAiIGFsaWduPSJjZW50ZXIiPjxmb250IHNpemU9IjIiPjxiPkw8L2I+PC9mb250PjwvdGQ+PC90cj4KICA8dHI+PHRkIGJnY29sb3I9IiNmZmZmZmYiIGFsaWduPSJjZW50ZXIiPjxmb250IHNpemU9IjIiPuedgOS4iO+8mjcwY20gLyDouqvluYUo44OQ44K544OIKe+8mjUxY20gLyDoopbkuIjvvJo2NWNtPC9mb250PjwvdGQ+PC90cj4KICA8dHI+PHRkIGJnY29sb3I9IiNDMEMwQzAiIGFsaWduPSJjZW50ZXIiPjxmb250IHNpemU9IjIiPjxiPk88L2I+PC9mb250PjwvdGQ+PC90cj4KICA8dHI+PHRkIGJnY29sb3I9IiNmZmZmZmYiIGFsaWduPSJjZW50ZXIiPjxmb250IHNpemU9IjIiPuedgOS4iO+8mjcyY20gLyDouqvluYUo44OQ44K544OIKe+8mjU0Y20gLyDoopbkuIjvvJo2N2NtPC9mb250PjwvdGQ+PC90cj4KICA8dHI+PHRkIGJnY29sb3I9IiNmZmZmZmYiPjxmb250IHNpemU9IjIiPuKAu+OBk+OBoeOCieOBp+ihqOiomOOBl+OBpuOBhOOCi+Wun+WvuOOBr+OBmeOBueOBpuW8iuW6l+OCueOCv+ODg+ODleOBjOaOoeWvuOOBl+OBn+WApOOBq+OBquOBo+OBpuOBiuOCiuOBvuOBmeOAgjxicj4KICAgICAg4oC75ZWG5ZOB44Gr44KI44Gj44Gm44CB6Iul5bmy44Gu5beu55Ww44GM44GC44KK44G+44GZ44Gu44Gn44CB5LqI44KB44GU5LqG5om/44GP44Gg44GV44GE44CCPC9mb250PjwvdGQ+CiAgPC90cj4KICA8L3RhYmxlPgo8IS0t5o6h5a+444GT44GT44G+44GnLS0+PHN0eWxlIHR5cGU9InRleHQvY3NzIj4KPCEtLQoKc3Bhbi5jYXRjaF9jb3B5LApzcGFuLml0ZW1fbmFtZSB7CiAgbGluZS1oZWlnaHQ6IDE4MCU7Cn0KCgovKiDllYblk4HlkI3kuIvjgavlooPnlYznt5rjgYzlhaXjgosgKi8Kc3Bhbi5pdGVtX25hbWUgewogICAgZGlzcGxheTogYmxvY2s7CiAgICBib3JkZXItYm90dG9tOiAycHggZG90dGVkICNkZGQ7CiAgICBwYWRkaW5nLWJvdHRvbTogOHB4Owp9CgovKiDkvqHmoLzjgavmnqDnt5rjgYzjgaTjgY8gKi8KdGFibGUjcmFrdXRlbkxpbWl0ZWRJZF9jYXJ0IHsKICAgIGJhY2tncm91bmQtY29sb3I6ICNmOGY4Zjg7CiAgICBib3JkZXI6IDFweCBzb2xpZCAjZGRkOwogICAgcGFkZGluZzogOHB4OwogICAgbWFyZ2luOiAxNnB4IDA7Cn0KCnNwYW4ucHJpY2UxIHsKICAgIGNvbG9yOiAjMzMzICFpbXBvcnRhbnQ7CiAgICBmb250LXdlaWdodDogYm9sZDsKICAgIGZvbnQtc2l6ZTogODAlICFpbXBvcnRhbnQ7CiAgICBsaW5lLWhlaWdodDogMzBweDsKICAgIGRpc3BsYXk6IGlubGluZS1ibG9jazsKICAgIG1hcmdpbi1yaWdodDogMTZweDsKfQoKLS0+Cjwvc3R5bGU+CjxzdHlsZSB0eXBlPSJ0ZXh0L2NzcyI+Ci8q6LK344GE54mp44GL44GU44Gr5YWl44KM44KL44Oc44K/44OzKi8KI3Jha3V0ZW5MaW1pdGVkSWRfYXJvdW5kQ2FydCBpbnB1dFt2YWx1ZT0i6LK344GE54mp44GL44GU44Gr5YWl44KM44KLIl17CmJhY2tncm91bmQ6IHVybCgiaHR0cDovL2ltYWdlLnJha3V0ZW4uY28uanAvYmJ0b3duL2NhYmluZXQvci10b3AyL2NhcnQuZ2lmIikgbGVmdCB0b3Agbm8tcmVwZWF0Owp3aWR0aDozMzZweDsKaGVpZ2h0OjY3cHg7CnRleHQtaW5kZW50OjEwMCU7CndoaXRlLXNwYWNlOm5vd3JhcDsKb3ZlcmZsb3c6aGlkZGVuOwpib3JkZXI6IG5vbmU7CnBhZGRpbmc6MDsKbWFyZ2luLXRvcDo1cHggMDsKY3Vyc29yOnBvaW50ZXI7Cn0KI3Jha3V0ZW5MaW1pdGVkSWRfYXJvdW5kQ2FydCB0Ym9keSB0ciB0ZCBpbnB1dDpob3ZlcnsKYWxwaGEob3BhY2l0eT04KTsKLW1vei1vcGFjaXR5OjAuODsKb3BhY2l0eTowLjg7CmN1cnNvcjpwb2ludGVyOwp9Cjwvc3R5bGU+Cgo8c3R5bGUgdHlwZT0idGV4dC9jc3MiPgoKLyog44GK5rCX44Gr5YWl44KK5ZWG5ZOB5beu44GX5pu/44GI44K/44KwICovCiNyYWt1dGVuTGltaXRlZElkX2Fyb3VuZENhcnQgI3NlcnZpY2VUYWJsZVNtbCB0ZC5mYXZvcml0ZSB7CnBhZGRpbmctdG9wOiA1cHg7Cn0KI3Jha3V0ZW5MaW1pdGVkSWRfYXJvdW5kQ2FydCBkaXYuYm9va21hcmtBcmVhIGRpdi5ia20gewp3aWR0aDozNDVweCAhaW1wb3J0YW50OwpoZWlnaHQ6MzEwcHggIWltcG9ydGFudDsKcGFkZGluZzogMHB4IDBweCAxMHB4IDBweCAhaW1wb3J0YW50Owp9CiNyYWt1dGVuTGltaXRlZElkX2Fyb3VuZENhcnQgZGl2LmJvb2ttYXJrQXJlYSBkaXYuYmttIGEuYWRkQmttIHsKd2lkdGg6MzQ1cHggIWltcG9ydGFudDsKaGVpZ2h0OjMxMHB4ICFpbXBvcnRhbnQ7Cn0KI3Jha3V0ZW5MaW1pdGVkSWRfYXJvdW5kQ2FydCBkaXYuYm9va21hcmtBcmVhIGRpdi5ia20gYS5hZGRCa20gc3Bhbi5ia21TdGFyIHsKZGlzcGxheTogaW5saW5lLWJsb2NrICFpbXBvcnRhbnQ7CndpZHRoOjM0NXB4ICFpbXBvcnRhbnQ7CmhlaWdodDozMTBweCAhaW1wb3J0YW50OwptYXJnaW46MHB4IDBweCAxMHB4IDBweCAhaW1wb3J0YW50OwpiYWNrZ3JvdW5kOiB1cmwoImh0dHA6Ly9pbWFnZS5yYWt1dGVuLmNvLmpwL2JidG93bi9jYWJpbmV0L3ItdG9wMi9va2luaWlyaV9pdGVtLmdpZiIpIG5vLXJlcGVhdCAhaW1wb3J0YW50Owp9CgovKiDjgYrmsJfjgavlhaXjgorjgrfjg6fjg4Pjg5flt67jgZfmm7/jgYjjgr/jgrAgKi8KZGl2LmJvb2ttYXJrQXJlYSB7CndpZHRoOjMzNXB4ICFpbXBvcnRhbnQ7Cn0KI3Jha3V0ZW5MaW1pdGVkSWRfYXJvdW5kQ2FydCBkaXYuc2hvcEJvb2ttYXJrQXJlYSBkaXYuc2hvcEJrbSB7CndpZHRoOjMzNXB4ICFpbXBvcnRhbnQ7CmhlaWdodDo2N3B4ICFpbXBvcnRhbnQ7CnBhZGRpbmc6IDBweCAwcHggIWltcG9ydGFudDsKcGFkZGluZy1sZWZ0OiAwcHggIWltcG9ydGFudDsKfQojcmFrdXRlbkxpbWl0ZWRJZF9hcm91bmRDYXJ0IGRpdi5zaG9wQm9va21hcmtBcmVhIGRpdi5zaG9wQmttIGEuYWRkU2hvcEJrbSBzcGFuLnNob3BCa21TdGFyIHsKZGlzcGxheTogaW5saW5lLWJsb2NrICFpbXBvcnRhbnQ7CndpZHRoOjMzNXB4ICFpbXBvcnRhbnQ7CmhlaWdodDo2N3B4ICFpbXBvcnRhbnQ7Cm1hcmdpbi1yaWdodDogMHB4ICFpbXBvcnRhbnQ7CmJhY2tncm91bmQ6IHVybCgiaHR0cDovL2ltYWdlLnJha3V0ZW4uY28uanAvYmJ0b3duL2NhYmluZXQvci10b3AyL29raW5paXJpX3Nob3AuZ2lmIikgbm8tcmVwZWF0ICFpbXBvcnRhbnQ7Cn0KCjwvc3R5bGU+CjwhLS0vKuiyt+OBhOeJqeOBi+OBlOS4iuODnOOCv+ODsyovCgoKc3Bhbi51bml0IHsgYmFja2dyb3VuZDogdXJsKGh0dHA6Ly9pbWFnZS5yYWt1dGVuLmNvLmpwL2JidG93bi9jYWJpbmV0L3ItdG9wMi9rYWdvX3NvdXJ5b3UyLmdpZikgbm8tcmVwZWF0IGxlZnQgdG9wOyB0ZXh0LWluZGVudDoKLTk5OTk7IGRpc3BsYXk6IGJsb2NrOyB3aWR0aDogMzM1OyBoZWlnaHQ6IDY4OyBtYXJnaW46MTVweCAwOyB9Ci0tPgo8Y2VudGVyPgo8aW1nIHNyYz0iaHR0cDovL2ltYWdlLnJha3V0ZW4uY28uanAvYmJ0b3duL2NhYmluZXQvci10b3AyL3NpemVfaW1nLmdpZiIgYm9yZGVyPSIwIj48YnI+PGJyPgoKPCEtLTIwamnjgZPjgZPjgYvjgokgLS0+CjwhLS08dGFibGUgd2lkdGg9IjczMSI+Cjx0ciBhbGlnbj0iY2VudGVyIj4gPHRkIGJnY29sb3I9IiNjYzAwMDAiIGNvbHNwYW49IjMiPjxpbWcgc3JjPSJodHRwOi8vaW1hZ2UucmFrdXRlbi5jby5qcC9iYnRvd24vY2FiaW5ldC9yLXRvcDIvMjBqaV83MzEuZ2lmIiB3aWR0aD0iNzMxIiBoZWlnaHQ9IjY5Ij48L3RkPjwvdHI+CjwvdGFibGU+PGJyPiAtLT4KPCEtLTxpbWcgc3JjPSJodHRwOi8vaW1hZ2UucmFrdXRlbi5jby5qcC9iYnRvd24vY2FiaW5ldC9yLXRvcDIvMjBqaV83MzEuZ2lmIiB3aWR0aD0iNzMxIiBoZWlnaHQ9IjgyIj48YnI+CjxCUj4tLT4KPCEtLTIwamnjgZPjgZPjgb7jgacgLS0+CjwhLS3jgqvjg4bjgrTjg6rjgZPjgZPjgYvjgokgLS0+Cjxicj48YnI+PGJyPgo8YnI+Cgo8IS0t44Kr44OG44K044Oq44GT44GT44G+44GnIC0tPgo8IS0t44Oh44Or44Oe44Ks44O7RkFDRUJPT0vnmbvpjLLjgZPjgZPjgYvjgokgLS0+Cjx0YWJsZSB3aWR0aD0iNzI5IiBib3JkZXI9IjAiPgo8dHIgYWxpZ249ImNlbnRlciI+IAo8dGQgYmdjb2xvcj0iI2ZmZmZmZiI+IAo8aW1nIHNyYz0iaHR0cDovL2ltYWdlLnJha3V0ZW4uY28uanAvYmJ0b3duL2NhYmluZXQvci10b3AyL21haWxfc21hLmdpZiIgd2lkdGg9IjM1MCIgaGVpZ2h0PSIxMDAiIGFsdD0i44Oh44Or44Oe44Ks55m76YyyIj48L3RkPgo8dGQgYmdjb2xvcj0iI2ZmZmZmZiI+IAo8aW1nIHNyYz0iaHR0cDovL2ltYWdlLnJha3V0ZW4uY28uanAvYmJ0b3duL2NhYmluZXQvci10b3AyL2ZhY2VfcGMuZ2lmIiB3aWR0aD0iMzUwIiBoZWlnaHQ9IjEwMCIgYWx0PSLjg6Hjg6vjg57jgqznmbvpjLIiPjwvdGQ+CjwvdHI+CjwvdGFibGU+PGJyPgo8IS0t44Oh44Or44Oe44Ks44O7RkFDRUJPT0vnmbvpjLLjgZPjgZPjgb7jgacgLS0+Cgo8L2NlbnRlcj4KCjwhLS0g44Gp44GT44Gn44KC44OV44Oq44O844K544Oa44O844K5cyAtLT4KPGxpbmsgaHJlZj0iaHR0cDovL3d3dy5yYWt1dGVuLm5lLmpwL2dvbGQvYmJ0b3duL2VjdG9vbC9hbGxfc3R5bGUuY3NzIiByZWw9InN0eWxlc2hlZXQiIHR5cGU9InRleHQvY3NzIj4KPCEtLSDjganjgZPjgafjgoLjg5Xjg6rjg7zjgrnjg5rjg7zjgrllIC0tPg==,MzPvvIVPRkYg5pyA5aSnNe+8heW8leOCr+ODvOODneODsyDph47nkIPnlKjlk4EgU1NLIOODreODvOODjeODg+OCryDkuLjpppYg6ZW36KKW44Ki44Oz44OA44O844K344Oj44OEIFNDLVNUQU5EQVJEIFNDUzEyMExMIOOCu+ODvOODqyBTQUxFIOWPluWvhO+8mumHjueQg+eUqOWTgeODmeODvOOCueODnOODvOODq+OCv+OCpuODsw==,6YeO55CD55So5ZOB44Of44K644OO6YeO55CD44Kw44Ot44O844OW44OQ44OD44OI44Ki44K344OD44Kv44K5U1NLTklLReOCvOODg+ODiOOCueODkeOCpOOCr+OCsOODreODvOODluOCsOODqeODlue3tOe/kuedgOa/gOWuieOCouOCpuODiOODrOODg+ODiOODnOODvOODq+OCouODs+ODgOODvOOCt+ODo+ODhOi2heeJueS+oeOCsOODqeOCs+ODs+OCsOODqeODs+ODieOCs+ODvOODiOmYsuWvkjMz77yFT0ZGIOacgOWkpzXvvIXlvJXjgq/jg7zjg53jg7Mg6YeO55CD55So5ZOBIFNTSyDjg63jg7zjg43jg4Pjgq8g5Li46aaWIOmVt+iiluOCouODs+ODgOODvOOCt+ODo+ODhCBTQy1TVEFOREFSRCBTQ1MxMjBMTCDjgrvjg7zjg6sgU0FMRSDlj5blr4Q=,6YCB5paZNDkw5YaG77yB77yB44CCMzPvvIVPRkYg5pyA5aSnNe+8heW8leOCr+ODvOODneODsyDph47nkIPnlKjlk4EgU1NLIOODreODvOODjeODg+OCryDkuLjpppYg6ZW36KKW44Ki44Oz44OA44O844K344Oj44OEIFNDLVNUQU5EQVJEIFNDUzEyMExMIOOCu+ODvOODqyBTQUxFIOWPluWvhA==[rn]
22-60000,aHR0cDovL3RzaG9wLnIxMHMuanAvYmJ0b3duL2NhYmluZXQvMjAxN2NhL3NjYjAxN2hsX18uanBnP2ZpdGluPTcwMDo3MDA=,MTg5OS4yMDAw,,44K544Od44O844OE44O744Ki44Km44OI44OJ44KiID4g6YeO55CD44O744K944OV44OI44Oc44O844OrID4g44Km44Kn44KiID4g44Ki44Oz44OA44O844K344Oj44OE,MjTvvIVPRkYg5pyA5aSnNe+8heW8leOCr+ODvOODneODsyDjg43jgrPjg53jgrnlj68gU1NLIOmHjueQg+eUqOWTgSDplbfoopbjgqLjg7Pjg4Djg7zjgrfjg6Pjg4QgU0POsuOChOOCj+OCieOBi+ODj+OCpOODjeODg+OCryDjg5XjgqPjg4Pjg4ggU0NCMDE3SEw=,5L2V54K544Gn44KC44ON44Kz44Od44K5Mjkw5YaG,PCEtLSDjg6njg4Pjg5Tjg7PjgrDoqpjlsI4tcyAtLT4KIDxmb250IGNvbG9yPSIjZmYwMDAwIiBzaXplPSI0Ij7ihpPjg6njg4Pjg5Tjg7PjgrAoMjcw5YaGL+eojui+vCnjga7jgZTms6jmlofjga/jgrPjg4Hjg6nihpM8L2ZvbnQ+PGJyPgo8aW1nIHNyYz0iaHR0cDovL2ltYWdlLnJha3V0ZW4uY28uanAvYmJ0b3duL2NhYmluZXQvci10b3AyL3dyYXBwaW5nXzYxNl8xLmpwZyIgYm9yZGVyPSIwIiB3aWR0aD0iMzUwIj48YnI+CjwhLS0g44Op44OD44OU44Oz44Kw6KqY5bCOLWUgLS0+Cjxicj4KPCEtLSDjgq7jg5Xjg4jplqLpgKPmpJzntKLjg6/jg7zjg4ktcyAtLT4KIOOAkOaknOe0ouODr+ODvOODie+8muODqeODg+ODlOODs+OCsCDotIjjgorjgoLjga4g6LSI44KK54mpIOi0iOeJqSDotIjnrZTlk4Eg44OX44Os44K844Oz44OIIOOCruODleODiCDjgYrnpZ3jgYQg6KiY5b+15ZOBIOWNkualrSDljZLlm6PjgJEgCjwhLS0g44Ku44OV44OI6Zai6YCj5qSc57Si44Ov44O844OJLXMgLS0+PGJyPgoKPCEtLeOBiuiyt+OBhOeJqeOCrOOCpOODieOBk+OBk+OBi+OCiSAtLT4KPGltZyBzcmM9Imh0dHBzOi8vaW1hZ2UucmFrdXRlbi5jby5qcC9iYnRvd24vY2FiaW5ldC9yLXRvcDMvcGNfY2FydF8wNTI1LmdpZiIgYm9yZGVyPSIwIiB3aWR0aD0iNDAwIj48YnI+Cgo8IS0t44GK6LK344GE54mp44Ks44Kk44OJ44GT44GT44G+44GnIC0tPgo8IS0tIGV2aS1zIC0tPgrimIXjg6Hjg7zjgqvjg7zluIzmnJvlsI/lo7LkvqHmoLzjga/jg6Hjg7zjgqvjg7zllYblk4Hjgr/jgrDjgavln7rjgaXjgYTjgabmjrLovInjgZfjgabjgYTjgb7jgZk8QlI+PEJSPgo8IS0tIGV2aS1lIC0tPgoKPCEtLSBhcmVhMCBCIC0tPgo8IS0tIGFyZWEwIEUgLS0+Cjx0YWJsZSBib3JkZXI9IjAiIHdpZHRoPSI3MDAiIGNlbGxwYWRkaW5nPSIyIiBjZWxsc3BhY2luZz0iMCI+CiAgPHRyPgogICAgPHRkIGFsaWduPSJsZWZ0Ij4KICAgICAgPHRhYmxlIGNlbGxwYWRkaW5nPSIxIiB3aWR0aD0iMTAwJSI+CiAgICAgICAgPHRyPgogICAgICAgICAgPHRkIHZhbGlnbj0idG9wIiBhbGlnbj0ibGVmdCI+CiAgICAgICAgICAgIDx0YWJsZSBib3JkZXI9IjAiIGNlbGxwYWRkaW5nPSI0IiBjZWxsc3BhY2luZz0iMCIgd2lkdGg9Ijk1JSI+CiAgICAgICAgICAgICAgPHRyPgogICAgICAgICAgICAgICAgPHRkIGJnY29sb3I9IiMwMDAwOTkiPjxiPjxmb250IGNvbG9yPSIjZmZmZmZmIiBzaXplPSIyIj7llYblk4HoqqzmmI48L2ZvbnQ+PC9iPjwvdGQ+CiAgICAgICAgICAgICAgPC90cj4KICAgICAgICAgICAgICA8IS0tIGFyZWExIEIgLS0+CiAgICAgICAgICAgICAgPHRyPgogICAgICAgICAgICAgICAgPHRkPjxkaXYgY2xhc3M9InRleHQyIiBhbGlnbj0ibGVmdCI+PGZvbnQgc2l6ZT0iMiIgY29sb3I9IiMwMDAwOTkiPuW/q+mBqeOBquedgOW/g+WcsOOCkuOCguOBn+OCieOBmeWQuOaxl+mAn+S5vuOAjERSWSBTUEFSS+OAjeapn+iDveOBqOS8uOe4ruaAp+OCkuOCouODg+ODl+OBleOBm+OBn+W/q+mBqeOBquODleOCo+ODg+ODiOaEn+OBjOaflOOCieOBi+OBj+W/q+mBqeOBquedgOW/g+WcsOOCkuWun+ePvuOAgjwvZm9udD48L2Rpdj48L3RkPgogICAgICAgICAgICAgIDwvdHI+CiAgICAgICAgICAgICAgPCEtLSBhcmVhMSBFIC0tPgogICAgICAgICAgICAgIDwhLS0gYXJlYTIgQiAtLT4KICAgICAgICAgICAgICA8dHI+CiAgICAgICAgICAgICAgICA8dGQgYWxpZ249ImxlZnQiPjxmb250IHNpemU9IjIiPgogICAgICAgICAgICAgICAgICDil4/ntKDmnZDvvJrjg53jg6rjgqjjgrnjg4bjg6s4NO+8heODu+ODneODquOCpuODrOOCv+ODszE277yFPGJyPgogICAgICAgICAgICAgICAgICAKICAgICAgICAgICAgICAgICAg4peP44K144Kk44K677yaU+ODu03jg7tM44O7T+ODu1hPPGJyPgogICAgICAgICAgICAgICAgICDil4/jgqvjg6njg7zvvJooMTAp44Ob44Ov44Kk44OI44CBKDIwKeODrOODg+ODieOAgSgyMinjgqjjg7PjgrjjgIEoNTEpROOCsOODquODvOODs+OAgSg2MylE44OW44Or44O844CBKDcwKeODjeOCpOODk+ODvOOAgSg4MCnjg5Hjg7zjg5fjg6vjgIEoOTAp44OW44Op44OD44KvPGJyPgogICAgICAgICAgICAgICAgICAKICAgICAgICAgICAgICAgICAgCiAgICAgICAgICAgICAgICAgIOKXj+WOn+eUo+Wbve+8muaXpeacrDxicj4KICAgICAgICAgICAgICAgICAg4peP44Ko44K544Ko44K544Kx44KkIOmHjueQg+eUqOWTgSDjg5njg7zjgrnjg5zjg7zjg6vjgqbjgqjjgqI8YnI+CiAgICAgICAgICAgICAgICAgIDwvZm9udD48L3RkPgogICAgICAgICAgICAgIDwvdHI+CiAgICAgICAgICAgICAgPCEtLSBhcmVhMiBFIC0tPgogICAgICAgICAgICAgIDwhLS0gYXJlYTMgQiAtLT4KICAgICAgICAgICAgICA8IS0tIGFyZWEzIEUgLS0+CiAgICAgICAgICAgIDwvdGFibGU+CiAgICAgICAgICA8L3RkPgogICAgICAgIDwvdHI+CiAgICAgIDwvdGFibGU+CiAgICA8L3RkPgogIDwvdHI+CjwvdGFibGU+PHN0eWxlIHR5cGU9InRleHQvY3NzIj4KPCEtLQoKc3Bhbi5jYXRjaF9jb3B5LApzcGFuLml0ZW1fbmFtZSB7CiAgbGluZS1oZWlnaHQ6IDE4MCU7Cn0KCgovKiDllYblk4HlkI3kuIvjgavlooPnlYznt5rjgYzlhaXjgosgKi8Kc3Bhbi5pdGVtX25hbWUgewogICAgZGlzcGxheTogYmxvY2s7CiAgICBib3JkZXItYm90dG9tOiAycHggZG90dGVkICNkZGQ7CiAgICBwYWRkaW5nLWJvdHRvbTogOHB4Owp9CgovKiDkvqHmoLzjgavmnqDnt5rjgYzjgaTjgY8gKi8KdGFibGUjcmFrdXRlbkxpbWl0ZWRJZF9jYXJ0IHsKICAgIGJhY2tncm91bmQtY29sb3I6ICNmOGY4Zjg7CiAgICBib3JkZXI6IDFweCBzb2xpZCAjZGRkOwogICAgcGFkZGluZzogOHB4OwogICAgbWFyZ2luOiAxNnB4IDA7Cn0KCnNwYW4ucHJpY2UxIHsKICAgIGNvbG9yOiAjMzMzICFpbXBvcnRhbnQ7CiAgICBmb250LXdlaWdodDogYm9sZDsKICAgIGZvbnQtc2l6ZTogODAlICFpbXBvcnRhbnQ7CiAgICBsaW5lLWhlaWdodDogMzBweDsKICAgIGRpc3BsYXk6IGlubGluZS1ibG9jazsKICAgIG1hcmdpbi1yaWdodDogMTZweDsKfQoKLS0+Cjwvc3R5bGU+CjxzdHlsZSB0eXBlPSJ0ZXh0L2NzcyI+Ci8q6LK344GE54mp44GL44GU44Gr5YWl44KM44KL44Oc44K/44OzKi8KI3Jha3V0ZW5MaW1pdGVkSWRfYXJvdW5kQ2FydCBpbnB1dFt2YWx1ZT0i6LK344GE54mp44GL44GU44Gr5YWl44KM44KLIl17CmJhY2tncm91bmQ6IHVybCgiaHR0cDovL2ltYWdlLnJha3V0ZW4uY28uanAvYmJ0b3duL2NhYmluZXQvci10b3AyL2NhcnQuZ2lmIikgbGVmdCB0b3Agbm8tcmVwZWF0Owp3aWR0aDozMzZweDsKaGVpZ2h0OjY3cHg7CnRleHQtaW5kZW50OjEwMCU7CndoaXRlLXNwYWNlOm5vd3JhcDsKb3ZlcmZsb3c6aGlkZGVuOwpib3JkZXI6IG5vbmU7CnBhZGRpbmc6MDsKbWFyZ2luLXRvcDo1cHggMDsKY3Vyc29yOnBvaW50ZXI7Cn0KI3Jha3V0ZW5MaW1pdGVkSWRfYXJvdW5kQ2FydCB0Ym9keSB0ciB0ZCBpbnB1dDpob3ZlcnsKYWxwaGEob3BhY2l0eT04KTsKLW1vei1vcGFjaXR5OjAuODsKb3BhY2l0eTowLjg7CmN1cnNvcjpwb2ludGVyOwp9Cjwvc3R5bGU+Cgo8c3R5bGUgdHlwZT0idGV4dC9jc3MiPgoKLyog44GK5rCX44Gr5YWl44KK5ZWG5ZOB5beu44GX5pu/44GI44K/44KwICovCiNyYWt1dGVuTGltaXRlZElkX2Fyb3VuZENhcnQgI3NlcnZpY2VUYWJsZVNtbCB0ZC5mYXZvcml0ZSB7CnBhZGRpbmctdG9wOiA1cHg7Cn0KI3Jha3V0ZW5MaW1pdGVkSWRfYXJvdW5kQ2FydCBkaXYuYm9va21hcmtBcmVhIGRpdi5ia20gewp3aWR0aDozNDVweCAhaW1wb3J0YW50OwpoZWlnaHQ6MzEwcHggIWltcG9ydGFudDsKcGFkZGluZzogMHB4IDBweCAxMHB4IDBweCAhaW1wb3J0YW50Owp9CiNyYWt1dGVuTGltaXRlZElkX2Fyb3VuZENhcnQgZGl2LmJvb2ttYXJrQXJlYSBkaXYuYmttIGEuYWRkQmttIHsKd2lkdGg6MzQ1cHggIWltcG9ydGFudDsKaGVpZ2h0OjMxMHB4ICFpbXBvcnRhbnQ7Cn0KI3Jha3V0ZW5MaW1pdGVkSWRfYXJvdW5kQ2FydCBkaXYuYm9va21hcmtBcmVhIGRpdi5ia20gYS5hZGRCa20gc3Bhbi5ia21TdGFyIHsKZGlzcGxheTogaW5saW5lLWJsb2NrICFpbXBvcnRhbnQ7CndpZHRoOjM0NXB4ICFpbXBvcnRhbnQ7CmhlaWdodDozMTBweCAhaW1wb3J0YW50OwptYXJnaW46MHB4IDBweCAxMHB4IDBweCAhaW1wb3J0YW50OwpiYWNrZ3JvdW5kOiB1cmwoImh0dHA6Ly9pbWFnZS5yYWt1dGVuLmNvLmpwL2JidG93bi9jYWJpbmV0L3ItdG9wMi9va2luaWlyaV9pdGVtLmdpZiIpIG5vLXJlcGVhdCAhaW1wb3J0YW50Owp9CgovKiDjgYrmsJfjgavlhaXjgorjgrfjg6fjg4Pjg5flt67jgZfmm7/jgYjjgr/jgrAgKi8KZGl2LmJvb2ttYXJrQXJlYSB7CndpZHRoOjMzNXB4ICFpbXBvcnRhbnQ7Cn0KI3Jha3V0ZW5MaW1pdGVkSWRfYXJvdW5kQ2FydCBkaXYuc2hvcEJvb2ttYXJrQXJlYSBkaXYuc2hvcEJrbSB7CndpZHRoOjMzNXB4ICFpbXBvcnRhbnQ7CmhlaWdodDo2N3B4ICFpbXBvcnRhbnQ7CnBhZGRpbmc6IDBweCAwcHggIWltcG9ydGFudDsKcGFkZGluZy1sZWZ0OiAwcHggIWltcG9ydGFudDsKfQojcmFrdXRlbkxpbWl0ZWRJZF9hcm91bmRDYXJ0IGRpdi5zaG9wQm9va21hcmtBcmVhIGRpdi5zaG9wQmttIGEuYWRkU2hvcEJrbSBzcGFuLnNob3BCa21TdGFyIHsKZGlzcGxheTogaW5saW5lLWJsb2NrICFpbXBvcnRhbnQ7CndpZHRoOjMzNXB4ICFpbXBvcnRhbnQ7CmhlaWdodDo2N3B4ICFpbXBvcnRhbnQ7Cm1hcmdpbi1yaWdodDogMHB4ICFpbXBvcnRhbnQ7CmJhY2tncm91bmQ6IHVybCgiaHR0cDovL2ltYWdlLnJha3V0ZW4uY28uanAvYmJ0b3duL2NhYmluZXQvci10b3AyL29raW5paXJpX3Nob3AuZ2lmIikgbm8tcmVwZWF0ICFpbXBvcnRhbnQ7Cn0KCjwvc3R5bGU+CjwhLS0vKuiyt+OBhOeJqeOBi+OBlOS4iuODnOOCv+ODsyovCgoKc3Bhbi51bml0IHsgYmFja2dyb3VuZDogdXJsKGh0dHA6Ly9pbWFnZS5yYWt1dGVuLmNvLmpwL2JidG93bi9jYWJpbmV0L3ItdG9wMi9rYWdvX3NvdXJ5b3UyLmdpZikgbm8tcmVwZWF0IGxlZnQgdG9wOyB0ZXh0LWluZGVudDoKLTk5OTk7IGRpc3BsYXk6IGJsb2NrOyB3aWR0aDogMzM1OyBoZWlnaHQ6IDY4OyBtYXJnaW46MTVweCAwOyB9Ci0tPgo8Y2VudGVyPgo8aW1nIHNyYz0iaHR0cDovL2ltYWdlLnJha3V0ZW4uY28uanAvYmJ0b3duL2NhYmluZXQvci10b3AyL3NpemVfaW1nLmdpZiIgYm9yZGVyPSIwIj48YnI+PGJyPgoKPCEtLTIwamnjgZPjgZPjgYvjgokgLS0+CjwhLS08dGFibGUgd2lkdGg9IjczMSI+Cjx0ciBhbGlnbj0iY2VudGVyIj4gPHRkIGJnY29sb3I9IiNjYzAwMDAiIGNvbHNwYW49IjMiPjxpbWcgc3JjPSJodHRwOi8vaW1hZ2UucmFrdXRlbi5jby5qcC9iYnRvd24vY2FiaW5ldC9yLXRvcDIvMjBqaV83MzEuZ2lmIiB3aWR0aD0iNzMxIiBoZWlnaHQ9IjY5Ij48L3RkPjwvdHI+CjwvdGFibGU+PGJyPiAtLT4KPCEtLTxpbWcgc3JjPSJodHRwOi8vaW1hZ2UucmFrdXRlbi5jby5qcC9iYnRvd24vY2FiaW5ldC9yLXRvcDIvMjBqaV83MzEuZ2lmIiB3aWR0aD0iNzMxIiBoZWlnaHQ9IjgyIj48YnI+CjxCUj4tLT4KPCEtLTIwamnjgZPjgZPjgb7jgacgLS0+CjwhLS3jgqvjg4bjgrTjg6rjgZPjgZPjgYvjgokgLS0+Cjxicj48YnI+PGJyPgo8YnI+Cgo8IS0t44Kr44OG44K044Oq44GT44GT44G+44GnIC0tPgo8IS0t44Oh44Or44Oe44Ks44O7RkFDRUJPT0vnmbvpjLLjgZPjgZPjgYvjgokgLS0+Cjx0YWJsZSB3aWR0aD0iNzI5IiBib3JkZXI9IjAiPgo8dHIgYWxpZ249ImNlbnRlciI+IAo8dGQgYmdjb2xvcj0iI2ZmZmZmZiI+IAo8aW1nIHNyYz0iaHR0cDovL2ltYWdlLnJha3V0ZW4uY28uanAvYmJ0b3duL2NhYmluZXQvci10b3AyL21haWxfc21hLmdpZiIgd2lkdGg9IjM1MCIgaGVpZ2h0PSIxMDAiIGFsdD0i44Oh44Or44Oe44Ks55m76YyyIj48L3RkPgo8dGQgYmdjb2xvcj0iI2ZmZmZmZiI+IAo8aW1nIHNyYz0iaHR0cDovL2ltYWdlLnJha3V0ZW4uY28uanAvYmJ0b3duL2NhYmluZXQvci10b3AyL2ZhY2VfcGMuZ2lmIiB3aWR0aD0iMzUwIiBoZWlnaHQ9IjEwMCIgYWx0PSLjg6Hjg6vjg57jgqznmbvpjLIiPjwvdGQ+CjwvdHI+CjwvdGFibGU+PGJyPgo8IS0t44Oh44Or44Oe44Ks44O7RkFDRUJPT0vnmbvpjLLjgZPjgZPjgb7jgacgLS0+Cgo8L2NlbnRlcj4KCjwhLS0g44Gp44GT44Gn44KC44OV44Oq44O844K544Oa44O844K5cyAtLT4KPGxpbmsgaHJlZj0iaHR0cDovL3d3dy5yYWt1dGVuLm5lLmpwL2dvbGQvYmJ0b3duL2VjdG9vbC9hbGxfc3R5bGUuY3NzIiByZWw9InN0eWxlc2hlZXQiIHR5cGU9InRleHQvY3NzIj4KPCEtLSDjganjgZPjgafjgoLjg5Xjg6rjg7zjgrnjg5rjg7zjgrllIC0tPg==,MjTvvIVPRkYg5pyA5aSnNe+8heW8leOCr+ODvOODneODsyDjg43jgrPjg53jgrnlj68gU1NLIOmHjueQg+eUqOWTgSDplbfoopbjgqLjg7Pjg4Djg7zjgrfjg6Pjg4QgU0POsuOChOOCj+OCieOBi+ODj+OCpOODjeODg+OCryDjg5XjgqPjg4Pjg4ggU0NCMDE3SEzvvJrph47nkIPnlKjlk4Hjg5njg7zjgrnjg5zjg7zjg6vjgr/jgqbjg7M=,6YeO55CD55So5ZOB44Of44K644OO6YeO55CD44Kw44Ot44O844OW44OQ44OD44OI44Ki44K344OD44Kv44K5U1NLTklLReOCvOODg+ODiOOCueODkeOCpOOCr+OCsOODreODvOODluOCsOODqeODlue3tOe/kuedgOa/gOWuieOCouOCpuODiOODrOODg+ODiOODnOODvOODq+OCouODs+ODgOODvOOCt+ODo+ODhOi2heeJueS+oeOCsOODqeOCs+ODs+OCsOODqeODs+ODieOCs+ODvOODiOmYsuWvkjI077yFT0ZGIOacgOWkpzXvvIXlvJXjgq/jg7zjg53jg7Mg44ON44Kz44Od44K55Y+vIFNTSyDph47nkIPnlKjlk4Eg6ZW36KKW44Ki44Oz44OA44O844K344Oj44OEIFNDzrLjgoTjgo/jgonjgYvjg4/jgqTjg43jg4Pjgq8g44OV44Kj44OD44OIIFNDQjAxN0hM,5L2V54K544Gn44KC44ON44Kz44Od44K5Mjkw5YaG44CCMjTvvIVPRkYg5pyA5aSnNe+8heW8leOCr+ODvOODneODsyDjg43jgrPjg53jgrnlj68gU1NLIOmHjueQg+eUqOWTgSDplbfoopbjgqLjg7Pjg4Djg7zjgrfjg6Pjg4QgU0POsuOChOOCj+OCieOBi+ODj+OCpOODjeODg+OCryDjg5XjgqPjg4Pjg4ggU0NCMDE3SEw=[rn]
