29-48501,aHR0cDovL3RzaG9wLnIxMHMuanAvM2FvbmxpbmVzdG9yZS9jYWJpbmV0L2l0ZW0wMS90ZWwtcDA0MjIuanBnP2ZpdGluPTcwMDo3MDA=,MTU4NC4wMDAw,,5a626Zu7ID4g6Zu76Kmx5qmf44O7RkFYID4g6Zu76Kmx5qmfID4g5a625bqt55So6Zu76Kmx5qmf,T0hN44CA6Zu76Kmx55So44Oi44K444Ol44Op44O844Oa44Oz44OB44K744OD44OI44CAMuiKr+ODl+ODqeOCsDPlgIvku5jjgIBURUwtUDA0MjI=,44CQNTgwMOWGhuS7peS4iumAgeaWmeeEoeaWme+8geOAkQ==,PEI+4pag44GK5bGK44GR5pa55rOVPC9CPjxicj4KPElNRyBTUkM9Ii8zYW9ubGluZXN0b3JlL2NhYmluZXQvaGFpc291LXRha3VoYWkuZ2lmIiBib3JkZXI9IjAiPjxicj4K4oC744GU5rOo5paH5omL57aa44GN44Gu6Zqb44CB6YWN6YCB5pa55rOV44KS44GU5oyH5a6a44GP44Gg44GV44GE44CCPGJyPgo8YnI+4peP44Os44OT44Ol44O844Gr44Gk44GE44GmIOS7luOBruOBiuWuouanmOOBrueCuuOBq+OBlOiomOi/sOmgguOBkeOCi+OBqOW5uOOBhOOBp+OBmeOAgjxicj48dGFibGUgYm9yZGVyPSIwIiB3aWR0aD0iNzYwIiBjZWxscGFkZGluZz0iNSI+Cjx0cj4KPHRkIHJvd3NwYW49IjIiPjxpbWcgc3JjPSJodHRwOi8vd3d3LnJha3V0ZW4ubmUuanAvZ29sZC8zYW9ubGluZXN0b3JlL2ltYWdlcy90cmVuZF8wNi5qcGciIGFsdD0i44K344O844Oq44Oz44Kw44Op44Kk44OI54m56ZuGIiBib3JkZXI9IjAiIHdpZHRoPSIxMDAlIj4KPC90ZD4KPHRkPjxpbWcgc3JjPSJodHRwOi8vd3d3LnJha3V0ZW4ubmUuanAvZ29sZC8zYW9ubGluZXN0b3JlL2ltYWdlcy90cmVuZF8wNy5qcGciIGFsdD0i5ray5pm244OG44Os44OT54m56ZuGIiBib3JkZXI9IjAiIHdpZHRoPSIxMDAlIj4KPC90ZD4KPHRkPjxpbWcgc3JjPSJodHRwOi8vd3d3LnJha3V0ZW4ubmUuanAvZ29sZC8zYW9ubGluZXN0b3JlL2ltYWdlcy90cmVuZF8wOC5qcGciIGFsdD0i6Zu75a2Q44Os44Oz44K444O744Kq44O844OW44Oz54m56ZuGIiBib3JkZXI9IjAiIHdpZHRoPSIxMDAlIj4KPC90ZD4KPC90cj48dHI+Cjx0ZD48aW1nIHNyYz0iaHR0cDovL3d3dy5yYWt1dGVuLm5lLmpwL2dvbGQvM2FvbmxpbmVzdG9yZS9pbWFnZXMvdHJlbmRfMDkuanBnIiBhbHQ9IumrmOapn+iDveOCtOODn+euseeJuembhiIgYm9yZGVyPSIwIiB3aWR0aD0iMTAwJSI+CjwvdGQ+Cjx0ZD48aW1nIHNyYz0iaHR0cDovL3d3dy5yYWt1dGVuLm5lLmpwL2dvbGQvM2FvbmxpbmVzdG9yZS9pbWFnZXMvdHJlbmRfMTAuanBnIiBhbHQ9Iumbu+a6kOOCv+ODg+ODl+eJuembhiIgYm9yZGVyPSIwIiB3aWR0aD0iMTAwJSI+PC90ZD4KPC90cj4KPC90YWJsZT4=,T0hN44CA6Zu76Kmx55So44Oi44K444Ol44Op44O844Oa44Oz44OB44K744OD44OI44CAMuiKr+ODl+ODqeOCsDPlgIvku5jjgIBURUwtUDA0MjLvvJrjgrHjg7zjg5bjg6vjg7vjg5fjg6njgrDjgqvjg7Pjg5Hjg4vjg7w=,44Ki44Oz44OG44OK44Kx44O844OW44OrUEPlhYnjg4fjgrjjgr/jg6vjgrHjg7zjg5bjg6vjgqLjg7Pjg4bjg4rmjqXmoJPpm7voqbHnt5rjgqvjg7zjg6vjgrPjg7zjg4k0QzVD5YiG5rOi5Zmo5YiG6YWN5ZmoU0Tjgqvjg7zjg4njg5XjgqHjg5/jgrPjg7NIRE1J44Kx44O844OW44Or44Os44Kz44O844OJ44OX44Op44Kw5q666Jmr5ZmoM0Hjgqvjg7Pjg5Hjg4vjg7zlpInlnKflmahYQ0FQVFVSRS0x44Os44Kz44O844OJ44OX44Os44O844Ok44O8T0hN44CA6Zu76Kmx55So44Oi44K444Ol44Op44O844Oa44Oz44OB44K744OD44OI44CAMuiKr+ODl+ODqeOCsDPlgIvku5jjgIBURUwtUDA0MjI=,44CQNTgwMOWGhuS7peS4iumAgeaWmeeEoeaWme+8geOAkeOAgk9ITeOAgOmbu+ipseeUqOODouOCuOODpeODqeODvOODmuODs+ODgeOCu+ODg+ODiOOAgDLoiq/jg5fjg6njgrAz5YCL5LuY44CAVEVMLVAwNDIy[rn]
29-48502,aHR0cDovL3RzaG9wLnIxMHMuanAvYWtpYmFtYWMvY2FiaW5ldC8wNDk0Njc5OS80NTQ5MDc3NjkxNzQzLmpwZz9maXRpbj03MDA6NzAw,MTMxNzAuNDAwMA==,,5a626Zu7ID4g6Zu76Kmx5qmf44O7RkFYID4g6Zu76Kmx5qmfID4g5a625bqt55So6Zu76Kmx5qmf,44CQ6YCB5paZ54Sh5paZ44CR44OR44OK44K944OL44OD44KvIOOAkOWtkOapnzLlj7DjgJHjg4fjgrjjgr/jg6vjg5Xjg6vjgrPjg7zjg4njg6zjgrnpm7voqbHmqZ8g44CMUlXjg7tSVeODu1JV77yI44Or44O744Or44O744Or77yJ44CNIFZFLUUxMERXLVfvvIjjg5vjg6/jgqTjg4jvvIkgKFZFRTEwRFdXKQ==,,PHRhYmxlIGJvcmRlcj0iMCIgY2VsbHBhZGRpbmc9IjAiIGNlbGxzcGFjaW5nPSIwIiB3aWR0aD0iNzEwIiBzdHlsZT0ibGluZS1oZWlnaHQ6MTQwJTsiPjx0cj48dGQ+PGZvbnQgc2l6ZT0iMiI+4pag5aSn44GN44Gq44OA44Kk44Ok44Or44Oc44K/44Oz44KS5pCt6LyJ77yG5pON5L2c44Oc44K/44Oz44Gu5paH5a2X44KS5aSn5Z6L5YyWPGJyPuODgOOCpOODpOODq+ODnOOCv+ODs+OCkuWkp+Wei+WMluOBl+OAgeimi+OChOOBmeOBleOCkuWQkeS4iuOBl+OBvuOBl+OBn+OAgjxicj7mk43kvZzjg5zjgr/jg7Pjga7mloflrZfjgoLpq5jjgZXntIQ077yONW1t44Go5aSn44GN44GP44GX44CB5paH5a2X44Gu6Imy44KS44OW44Op44OD44Kv44Gr44GX44Gm5pys5L2T6Imy44Ob44Ov44Kk44OI44Go44Gu44Kz44Oz44OI44Op44K544OI44KS44Gk44GR44Gm44CB6Kqt44G/44KE44GZ44GP44GX44Gm44GE44G+44GZ44CCPGJyPjxicj7ilqDnmbvpjLLlhYjjgpLmiYvmm7jjgY3jgafjgY3jgovjgqvjg7zjg4njgaTjgY3jga7jg6/jg7Pjgr/jg4Pjg4Hjg4DjgqTjg6Tjg6s25Lu2PGJyPuODr+ODs+OCv+ODg+ODgeODgOOCpOODpOODq+OBq+OBr+mbu+ipseeVquWPt+OCkjbku7bjgb7jgafnmbvpjLLjgafjgY3jgb7jgZnjgII8YnI+44G+44Gf44CB55m76Yyy44GX44Gf55u45omL44Gu5ZCN5YmN44Gq44Gp44KS5omL5pu444GN44Gn6KiY5YWl44Gn44GN44KL44Ov44Oz44K/44OD44OB44OA44Kk44Ok44Or44Kr44O844OJ44GM44Gk44GE44Gm44GE44G+44GZ44CC55m76Yyy5YWI44GM44KP44GL44KK44KE44GZ44GP44CB57Ch5Y2Y44Gr44OA44Kk44Ok44Or44Gn44GN44G+44GZ44CCPGJyPjxicj7ilqDnnYDkv6HjgYrnn6XjgonjgZtMRUTjgpLmkK3ovIk8YnI+552A5L+h44GM44GC44KL44Go5YWJ44Gj44Gm44GK55+l44KJ44Gb44GZ44KLTEVE44KS5pCt6LyJ44CCPGJyPuaOg+mZpOapn+OBquOBqeOBrumfs+OBp+WRvOWHuumfs+OBjOiBnuOBjeWPluOCiuOBpeOCieOBhOOBqOOBjeOBq+OCguOAgeOBi+OBi+OBo+OBpuOBjeOBn+mbu+ipseOBq+awl+OBpeOBjeOChOOBmeOBj+OBquOCiuOBvuOBmeOAgjxicj48YnI+4pag6Kaq5qmf77yI5Y+X6Kmx5Zmo77yJ44Gu5Y+X6Kmx6Z+z6YeP44KS5b6T5p2l77yI4oC7Me+8ieOCiOOCiuOCguWkp+OBjeOBqumfs+OBq+iqv+aVtOWPr+iDvTxicj7opqrmqZ/vvIjlj5foqbHlmajvvInjga7lj5foqbHpn7Pph4/jgpLjgIHlvpPmnaXjga7oo73lk4HvvIjigLsx77yJ44GL44KJM+autemajuWil+OChOOBlzbmrrXpmo7jgavjgZnjgovjgZPjgajjgafjgIHjgojjgorlpKfjgY3jgarpn7Pjgavoqr/mlbTjgafjgY3jgovjgojjgYbjgavjgZfjgb7jgZfjgZ/jgII8YnI+PGJyPuKWoOWRvOWHuumfs+OBjOmztOOCi+WJjeOBq+iHquWLleOBp+ebuOaJi+OBq+mAmuipseOCkumMsumfs+OBmeOCi+aXqOOBruitpuWRiuODoeODg+OCu+ODvOOCuOOCkua1geOBmeOAjOi/t+aDkemYsuatoijigLsyKeOAjeapn+iDveaQrei8iTxicj7pm7voqbHjgpLjgYvjgZHjgabjgY3jgZ/nm7jmiYvjgajlj5fjgZHjgovlgbTjga7lj4zmlrnjgavms6jmhI/jgpLkv4PjgZnjg6Hjg4Pjgrvjg7zjgrjjgpLmtYHjgZnjgIzov7fmg5HpmLLmraLvvIjigLsy77yJ44CN5qmf6IO944KS5pCt6LyJ44GX44G+44GX44Gf44CCPGJyPuWRvOWHuumfs+OBjOmztOOCi+WJjeOBq+OAgeebuOaJi+OBq+OAjOOBk+OBrumAmuipseOBr+i/t+aDkembu+ipsemYsuatouOBruOBn+OCgeOBq+mMsumfs+OBleOCjOOBvuOBmeOAguOBlOS6huaJv+OBj+OBoOOBleOBhOOAjeOBqOOBhOOBhuitpuWRiuODoeODg+OCu+ODvOOCuOOCkuiHquWLleOBp+a1geOBl+OBvuOBmeOAgjxicj7jgZPjgozjgavjgojjgorjgIHnnYDkv6HjgZnjgovov7fmg5Hpm7voqbHjga7ku7bmlbDjga7muJvlsJHjgpLkv4PpgLLjgZfjgb7jgZnjgII8YnI+44KC44GX6L+35oOR6Zu76Kmx44GM552A5L+h44GX44Gm44KC5Y+X44GR44KL5YG044GM6KKr5a6z44KS5Zue6YG/44GX44KE44GZ44GE44KI44GG44Gr5ZG85Ye66Z+z44Go44CM6L+35oOR6Zu76Kmx44Gr44GU5rOo5oSP44GP44Gg44GV44GE44CN44Go44GE44GG44Ki44OK44Km44Oz44K544KS5Lqk5LqS44Gr57mw44KK6L+U44GZ44GT44Go44Gn5rOo5oSP5Zaa6LW344GX44G+44GZ44CCPGJyPjxicj7jg4rjg7Pjg5Djg7zjg7vjg4fjgqPjgrnjg5fjg6zjgqTvvIjigLsz77yJ44Gr44GU5Yqg5YWl44Gu5aC05ZCI44CB44Ov44Oz44K/44OD44OB44OA44Kk44Ok44Or44CB44Kv44Kk44OD44Kv44OA44Kk44Ok44Or44CB5a2Q5qmf44GL44KJ6Lui6YCB44GV44KM44Gf6Zu76Kmx5biz44OH44O844K/KOKAuzQp44Gu55u45omL44GL44KJ44GL44GL44Gj44Gm44GN44Gf44Go44GN44Gv44CB44CM6L+35oOR6Ziy5q2i77yI4oC7Mu+8ieOAjeapn+iDveOBjOWDjeOBjeOBvuOBm+OCk+OBruOBp+OAgeWuieW/g+OBl+OBpuOBlOS9v+eUqOOBhOOBn+OBoOOBkeOBvuOBmeOAguOAjOi/t+aDkemYsuatou+8iOKAuzLvvInjgI3mqZ/og73jga/jgIHov7fmg5HpmLLmraLjg5zjgr/jg7PjgpLplbfmirzjgZfjgZnjgovjgaDjgZHjgafoqK3lrprjgYzjgafjgY3jgb7jgZnjgII8YnI+44G+44Gf44CB6Zu76Kmx44Gr5Ye644KL44Go44CB6YCa6Kmx44GMMeS7tu+8iOacgOWkp+e0hDEw5YiG77yJ6Yyy6Z+z44GV44KM44G+44GZ77yI6Zu76Kmx44Gr5Ye644KL44Gf44Gz44Gr5LiK5pu444GN44GV44KM44G+44GZ77yI4oC7Ne+8ie+8ieOAgjxicj48YnI+44Gq44GK44CB44CM6L+35oOR6Ziy5q2i77yI4oC7Mu+8ieOAjeapn+iDveOCkuioreWumuOBl+OBpuOBhOOBquOBhOWgtOWQiOOBp+OCguOAgeWRvOWHuumfs+OBjOmztOOBo+OBpuOBhOOCi+OBqOOBjeOBq+WtkOapn+OBp+OBguOCk+OBl+OCk+W/nOetlOODnOOCv+ODs+OCkuaKvOOBmeOBk+OBqOOBp+OAgeebuOaJi+OBq+WQjeS5l+OBo+OBpuOCguOCieOBhuOCiOOBhuODoeODg+OCu+ODvOOCuOOCkua1geOBmeOAjOOBguOCk+OBl+OCk+W/nOetlOOAjeapn+iDveOCkuOBiuS9v+OBhOOBhOOBn+OBoOOBkeOBvuOBmeOAgjxicj48YnI+PGJyPuKAuzHvvJpWRS1HRDI044K344Oq44O844K644CCPGJyPjxicj7igLsy77ya6Kit5a6a44GM5b+F6KaB44Gn44GZ44CCPGJyPjxicj7igLsz77yaTlRU5p2x5pel5pys44O7TlRU6KW/5pel5pys44Gu44OK44Oz44OQ44O844O744OH44Kj44K544OX44Os44Kk44K144O844OT44K544G444Gu44GK55Sz44GX6L6844G/44GM5b+F6KaB44Gn44GZ44CC5YWJ5Zue57ea44KEQURTTOeSsOWig+OBquOBqeOBp+OBsuOBi+OCiumbu+ipseOChElQ6Zu76Kmx44K144O844OT44K544KS44GU5Yip55So44Gu5aC05ZCI44Gv44CB5Zue57ea5LqL5qWt6ICF44G+44Gf44GvSVDpm7voqbHjgrXjg7zjg5Pjgrnmj5DkvpvlhYPjgavjgYrllY/jgYTlkIjjgo/jgZvjgY/jgaDjgZXjgYTjgILjg4rjg7Pjg5Djg7zjg7vjg4fjgqPjgrnjg5fjg6zjgqTjgrXjg7zjg5Pjgrnjga/mp4vlhoXkuqTmj5vmqZ/vvIhQQljvvInjgIHjg5Pjgrjjg43jgrnjg5vjg7PjgIHjg5vjg7zjg6Djg4bjg6zjg5vjg7PjgpLjgYrkvb/jgYTjga7loLTlkIjjga/jgZTliKnnlKjjgafjgY3jgb7jgZvjgpPjgII8YnI+PGJyPuKAuzTvvJropqrmqZ/jgavpm7voqbHluLPjga/jgYLjgorjgb7jgZvjgpPjgILlrZDmqZ/jga7pm7voqbHluLPjg4fjg7zjgr/jgpLopqrmqZ/jgavou6LpgIHjgZnjgovjgZPjgajjgafjgIHov7fmg5HpmLLmraLmqZ/og73jgavliKnnlKjjgZnjgovjgZPjgajjgYzjgafjgY3jgb7jgZnjgII8YnI+PGJyPuKAuzXvvJrkv53lrZjjga7mk43kvZzjgpLooYzjgYbjgZPjgajjgafpjLLpn7PjgpLmrovjgZnjgZPjgajjgoLjgafjgY3jgb7jgZnjgII8YnI+PGJyPjwvZm9udD48L3RkPjwvdHI+PC90YWJsZT48dGFibGUgY2VsbHNwYWNpbmc9IjAiIGNlbGxwYWRkaW5nPSI0IiBib3JkZXI9IjEiIHdpZHRoPSI3MTAiIGJvcmRlcmNvbG9yPSIjY2NjY2NjIj48dHI+PHRkIHdpZHRoPSIxODAiIGJnY29sb3I9IiNlZmVmZWYiPjxmb250IHNpemU9IjIiPuOCt+ODquODvOOCuuWQjS/mhJvnp7A8L2ZvbnQ+PC90ZD48dGQgd2lkdGg9IjUzMCI+PGZvbnQgc2l6ZT0iMiI+UlXjg7tSVeODu1JV77yI44Or44O744Or44O744Or77yJPC9mb250PjwvdGQ+PC90cj48dHI+PHRkIHdpZHRoPSIxODAiIGJnY29sb3I9IiNlZmVmZWYiPjxmb250IHNpemU9IjIiPuiJsjwvZm9udD48L3RkPjx0ZCB3aWR0aD0iNTMwIj48Zm9udCBzaXplPSIyIj7jg5vjg6/jgqTjg4g8L2ZvbnQ+PC90ZD48L3RyPjx0cj48dGQgd2lkdGg9IjE4MCIgYmdjb2xvcj0iI2VmZWZlZiI+PGZvbnQgc2l6ZT0iMiI+6Kaq5qmf44K144Kk44K6KEjDl1fDl0QpIG1tPC9mb250PjwvdGQ+PHRkIHdpZHRoPSI1MzAiPjxmb250IHNpemU9IjIiPue0hDczw5cxOTDDlzIwM21t77yI56qB6LW36YOo6Zmk44GP77yJPC9mb250PjwvdGQ+PC90cj48dHI+PHRkIHdpZHRoPSIxODAiIGJnY29sb3I9IiNlZmVmZWYiPjxmb250IHNpemU9IjIiPuWtkOapn+OCteOCpOOCuiAoSMOXV8OXRCkgbW08L2ZvbnQ+PC90ZD48dGQgd2lkdGg9IjUzMCI+PGZvbnQgc2l6ZT0iMiI+57SEMTczw5c0OcOXMjVtbTwvZm9udD48L3RkPjwvdHI+PHRyPjx0ZCB3aWR0aD0iMTgwIiBiZ2NvbG9yPSIjZWZlZmVmIj48Zm9udCBzaXplPSIyIj7lhYXpm7vlmajjgrXjgqTjgrogKEjDl1fDl0QpIG1tPC9mb250PjwvdGQ+PHRkIHdpZHRoPSI1MzAiPjxmb250IHNpemU9IjIiPue0hDQ3w5c3M8OXOTBtbTwvZm9udD48L3RkPjwvdHI+PHRyPjx0ZCB3aWR0aD0iMTgwIiBiZ2NvbG9yPSIjZWZlZmVmIj48Zm9udCBzaXplPSIyIj7ph43ph488L2ZvbnQ+PC90ZD48dGQgd2lkdGg9IjUzMCI+PGZvbnQgc2l6ZT0iMiI+6Kaq5qmf44CR57SENjUwZyDjgJDlrZDmqZ/jgJHntIQxNDBn77yI5YWF6Zu75rGg5ZCr44KA77yJIOOAkOWFhembu+WZqOOAkee0hDE1NWc8L2ZvbnQ+PC90ZD48L3RyPjx0cj48dGQgd2lkdGg9IjE4MCIgYmdjb2xvcj0iI2VmZWZlZiI+PGZvbnQgc2l6ZT0iMiI+5raI6LK76Zu75YqbPC9mb250PjwvdGQ+PHRkIHdpZHRoPSI1MzAiPjxmb250IHNpemU9IjIiPuOAkOimquapn+OAkeW+heapn+aZgu+8mue0hDAuNVfjgIHmnIDlpKfvvJrntIQyLjVX44CA44CQ5a2Q5qmf5bCC55So5Y+w44CR5b6F5qmf5pmC77ya57SEMC4yV+OAgO+8iOWtkOapn+OCkuWtkOapn+eUqOWFhembu+WPsOOBi+OCieWkluOBl+OBpuOBhOOCi+OBqOOBje+8ieOAgeWFhembu+aZgu+8mue0hDAuNyBXPC9mb250PjwvdGQ+PC90cj48dHI+PHRkIHdpZHRoPSIxODAiIGJnY29sb3I9IiNlZmVmZWYiPjxmb250IHNpemU9IjIiPuWvvuW/nOOCteODvOODk+OCuTwvZm9udD48L3RkPjx0ZCB3aWR0aD0iNTMwIj48Zm9udCBzaXplPSIyIj7jg4rjg7Pjg5Djg7zjg7vjg4fjgqPjgrnjg5fjg6zjgqTjgIHjgq3jg6Pjg4Pjg4Hjg5vjg7Pjg4fjgqPjgrnjg5fjg6zjgqQ8L2ZvbnQ+PC90ZD48L3RyPjx0cj48dGQgd2lkdGg9IjE4MCIgYmdjb2xvcj0iI2VmZWZlZiI+PGZvbnQgc2l6ZT0iMiI+5a++5b+c5a2Q5qmfPC9mb250PjwvdGQ+PHRkIHdpZHRoPSI1MzAiPjxmb250IHNpemU9IjIiPktYLUZLRDQwNC1XL0tYLUZLRDYwMy1XL0tYLUZLRDYwMi1XL0tYLUZLRDUwNi1DL0tYLUZLRDUwNS1aL0tYLUZLRDUwMy1XL0tYLUZLRDUwMi1TL0tYLUZLRDQwMy1XL0tYLUZLRDQwMS1XL1ZMLVdENjE0L1ZMLVdENjEyL1ZMLVdENjA4PC9mb250PjwvdGQ+PC90cj48dHI+PHRkIHdpZHRoPSIxODAiIGJnY29sb3I9IiNlZmVmZWYiPjxmb250IHNpemU9IjIiPuS7mOWxnuWtkOapn+aVsDwvZm9udD48L3RkPjx0ZCB3aWR0aD0iNTMwIj48Zm9udCBzaXplPSIyIj4y5Y+wPC9mb250PjwvdGQ+PC90cj48dHI+PHRkIHdpZHRoPSIxODAiIGJnY29sb3I9IiNlZmVmZWYiPjxmb250IHNpemU9IjIiPuWtkOapn+Wil+ioreWPsOaVsDwvZm9udD48L3RkPjx0ZCB3aWR0aD0iNTMwIj48Zm9udCBzaXplPSIyIj7jgYLjgag05Y+wPC9mb250PjwvdGQ+PC90cj48dHI+PHRkIHdpZHRoPSIxODAiIGJnY29sb3I9IiNlZmVmZWYiPjxmb250IHNpemU9IjIiPumbu+ipseW4s+apn+iDvTwvZm9udD48L3RkPjx0ZCB3aWR0aD0iNTMwIj48Zm9udCBzaXplPSIyIj7lrZDmqZ8xNTDku7Y8L2ZvbnQ+PC90ZD48L3RyPjx0cj48dGQgd2lkdGg9IjE4MCIgYmdjb2xvcj0iI2VmZWZlZiI+PGZvbnQgc2l6ZT0iMiI+6Ieq5L2c5b+c562U44Oh44OD44K744O844K4PC9mb250PjwvdGQ+PHRkIHdpZHRoPSI1MzAiPjxmb250IHNpemU9IjIiPuacie+8iDHnqK7poZ7vvIk8L2ZvbnQ+PC90ZD48L3RyPjx0cj48dGQgd2lkdGg9IjE4MCIgYmdjb2xvcj0iI2VmZWZlZiI+PGZvbnQgc2l6ZT0iMiI+5YGc6Zu75pmC5a++5b+cPC9mb250PjwvdGQ+PHRkIHdpZHRoPSI1MzAiPjxmb250IHNpemU9IjIiPuaciTwvZm9udD48L3RkPjwvdHI+PHRyPjx0ZCB3aWR0aD0iMTgwIiBiZ2NvbG9yPSIjZWZlZmVmIj48Zm9udCBzaXplPSIyIj7jg4njgqLjg5vjg7Plr77lv5w8L2ZvbnQ+PC90ZD48dGQgd2lkdGg9IjUzMCI+PGZvbnQgc2l6ZT0iMiI+5pyJPC9mb250PjwvdGQ+PC90cj48dHI+PHRkIHdpZHRoPSIxODAiIGJnY29sb3I9IiNlZmVmZWYiPjxmb250IHNpemU9IjIiPuS7mOWxnuWtkOapnzwvZm9udD48L3RkPjx0ZCB3aWR0aD0iNTMwIj48Zm9udCBzaXplPSIyIj4y5Y+wPC9mb250PjwvdGQ+PC90cj48dHI+PHRkIHdpZHRoPSIxODAiIGJnY29sb3I9IiNlZmVmZWYiPjxmb250IHNpemU9IjIiPumbu+ipseW4s+ihqOekujwvZm9udD48L3RkPjx0ZCB3aWR0aD0iNTMwIj48Zm9udCBzaXplPSIyIj7jgqvjg4o8L2ZvbnQ+PC90ZD48L3RyPjwvdGFibGU+PHN0eWxlIHR5cGU9InRleHQvY3NzIj4KPCEtLQoucmFrdXRlbi1jYW1wIHsKCXdpZHRoOiA3MjVweDsKCWJvcmRlcjogMnB4IHNvbGlkICMzMzk5RkY7CglwYWRkaW5nLXRvcDogNXB4OwoJLW1vei1ib3JkZXItcmFkaXVzOjRweDsgLypGaXJlZm94Ki8KCS13ZWJraXQtYm9yZGVyLXJhZGl1czogNHB4OyAvKlNhZmFyaSxDaHJvbWUqLwoJYm9yZGVyLXJhZGl1czo0cHg7IC8qT3BlcmEsQ2hyb21lKi8KCW1hcmdpbjowIDEwcHggMTBweCAwOwp9CgovKiDkvqHmoLzjgavmnqDnt5rjgYzjgaTjgY8gKi8KdGFibGUjcmFrdXRlbkxpbWl0ZWRJZF9jYXJ0IHsKICAgIGJhY2tncm91bmQtY29sb3I6ICNmOGY4Zjg7CiAgICBib3JkZXI6IDFweCBzb2xpZCAjZGRkOwogICAgcGFkZGluZzogOHB4OwogICAgbWFyZ2luOiAxNnB4IDA7Cn0KCnNwYW4ucHJpY2UxIHsKICAgIGNvbG9yOiAjMzMzICFpbXBvcnRhbnQ7CiAgICBmb250LXdlaWdodDogYm9sZDsKICAgIGZvbnQtc2l6ZTogODAlICFpbXBvcnRhbnQ7CiAgICBsaW5lLWhlaWdodDogMzBweDsKICAgIGRpc3BsYXk6IGlubGluZS1ibG9jazsKICAgIG1hcmdpbi1yaWdodDogMTZweDsKfQoKLS0+Cjwvc3R5bGU+Cgo8IS0t44OQ44OK44O844Ko44Oq44KiLS0+Cgo8IS0t44CQ5raI44GZ44Gq77yB44CR4piF4piF4piFIGhlaWdodD0iMzgwIiDjgafoqK3lrprjgZfjgabjgY/jgaDjgZXjgYTjgILimIXimIXimIUtLT4KPCEtLeODkOODiuODvOOCqOODquOCouOBk+OBk+OBvuOBpy0tPgoKPCEtLealveWkqeOCreODo+ODs+ODmuODvOODsy0tPgoKPGgyIHN0eWxlPSJtYXJnaW46MjBweCAwIDEwcHggMDsiPjxpbWcgc3JjPSJodHRwOi8vd3d3LnJha3V0ZW4ubmUuanAvZ29sZC9ha2liYW1hYy9mcmFtZS9pbWFnZXMvcmFrdXRlbl90aXRsZTIuZ2lmIiBhbHQ9IualveWkqeW4guWgtOOBruOBiuW+l+OBquOCreODo+ODs+ODmuODvOODsyIgd2lkdGg9IjczMCIgaGVpZ2h0PSI0MiIgYm9yZGVyPSIwIj48L2gyPgo8ZGl2IGNsYXNzPSJyYWt1dGVuLWNhbXAiIHN0eWxlPSJtYXJnaW46MCAwIDAgMDsiPgoKCjwhLS3mpb3lpKnjgq3jg6Pjg7Pjg5rjg7zjg7NA44GT44GT44G+44GnLS0+,44CQ6YCB5paZ54Sh5paZ44CR44OR44OK44K944OL44OD44KvIOOAkOWtkOapnzLlj7DjgJHjg4fjgrjjgr/jg6vjg5Xjg6vjgrPjg7zjg4njg6zjgrnpm7voqbHmqZ8g44CMUlXjg7tSVeODu1JV77yI44Or44O744Or44O744Or77yJ44CNIFZFLUUxMERXLVfvvIjjg5vjg6/jgqTjg4jvvIkgKFZFRTEwRFdXKe+8muOCveODleODnuODg+ODl+OAgOODh+OCuOOCv+ODq+OCs+ODrOOCr+OCt+ODp+ODsw==,44K944OV44Oe44OD44OXIOODh+OCuOOCv+ODq+OCs+ODrOOCr+OCt+ODp+ODs1NvZm1hcCBEaWdpdGFsIENvbGxlY3Rpb27jg5Hjgr3jgrPjg7Pjgr/jg5bjg6zjg4Pjg4hQQ0hEROOCouOCu+ODs+ODluODquODkeODvOODhOODkeOCveOCs+ODs+ODkeODvOODhOODhuODrOODk+OCsuODvOODoOODluODq+ODvOODrOOCpOOCveODleODiERWROOCveODleODiOa2suaZtuODhuODrOODk+ODluODq+ODvOODrOOCpOODh+OCo+OCueOCr+ODrOOCs+ODvOODgOODvOODh+OCuOOCv+ODq+S4gOecvOODrOODleOCq+ODoeODqeODh+OCuOOCv+ODq+OCq+ODoeODqeWutumbu+aZguioiOS4reWPpOOAgOOCveODleODiOOCouOCpuODiOODrOODg+ODiOS4reWPpOODjuODvOODiOODkeOCveOCs+ODs+S4reWPpOODkeOCveOCs+ODs+OAkOmAgeaWmeeEoeaWmeOAkeODkeODiuOCveODi+ODg+OCryDjgJDlrZDmqZ8y5Y+w44CR44OH44K444K/44Or44OV44Or44Kz44O844OJ44Os44K56Zu76Kmx5qmfIOOAjFJV44O7UlXjg7tSVe+8iOODq+ODu+ODq+ODu+ODq++8ieOAjSBWRS1FMTBEVy1X77yI44Ob44Ov44Kk44OI77yJIChWRUUxMERXVyk=,44CQ6YCB5paZ54Sh5paZ44CR44OR44OK44K944OL44OD44KvIOOAkOWtkOapnzLlj7DjgJHjg4fjgrjjgr/jg6vjg5Xjg6vjgrPjg7zjg4njg6zjgrnpm7voqbHmqZ8g44CMUlXjg7tSVeODu1JV77yI44Or44O744Or44O744Or77yJ44CNIFZFLUUxMERXLVfvvIjjg5vjg6/jgqTjg4jvvIkgKFZFRTEwRFdXKQ==[rn]
29-48503,aHR0cDovL3RzaG9wLnIxMHMuanAvYWtpYmFtYWMvY2FiaW5ldC8wNTEyMjUwMi80NTczMjQzMDkwNzI2LmpwZz9maXRpbj03MDA6NzAw,NjEzMy42MDAw,,5a626Zu7ID4g6Zu76Kmx5qmf44O7RkFYID4g6Zu76Kmx5qmfID4g5a625bqt55So6Zu76Kmx5qmf,44CQ6YCB5paZ54Sh5paZ44CR44OR44Kk44Kq44OL44KiIOOAkOWtkOapn+OBquOBl+OAkeODh+OCuOOCv+ODq+OCs+ODvOODieODrOOCueeVmeWuiOeVqumbu+ipseapnyBURi1GRDM1Uy1UWSDvvIjjg57jg63jg7PvvIkgKFRGRkQzNVNUWSk=,,PHRhYmxlIGJvcmRlcj0iMCIgY2VsbHBhZGRpbmc9IjAiIGNlbGxzcGFjaW5nPSIwIiB3aWR0aD0iNzEwIiBzdHlsZT0ibGluZS1oZWlnaHQ6MTQwJTsiPjx0cj48dGQ+PGZvbnQgc2l6ZT0iMiI+4peG5aWl6KGM44Kz44Oz44OR44Kv44OI44Gq5qiq572u44GN44OH44K244Kk44OzPGJyPuW5hTE577yONmNtw5fpq5jjgZU5Y23Dl+WlpeihjDhjbTxicj48YnI+4peG5aSn44GN44GP44Gm6Kqt44G/44KE44GZ44GE5ryi5a2X5ray5pm2PGJyPuimquapn+a2suaZtjPvvI4w5Z6L44CB5a2Q5qmf5ray5pm2Me+8jjnlnovjgILlhbHjgavmvKLlrZflr77lv5w8YnI+PGJyPuKXhuOCiOOBj+S9v+OBhuaTjeS9nOOBq+e1nuOCiui+vOOCk+OBoOOCt+ODs+ODl+ODq+OBquS9v+OBhOWLneaJizxicj7opqrmqZ/jga7jg5zjgr/jg7Pjga8y44Gk44Gu44G/44CC5b+F6KaB5pyA5L2O6ZmQ44Gr57We44KK6L6844G/44G+44GX44GfPGJyPjxicj7il4bmlrDjgZfjgYTov7fmg5Hpm7voqbHlr77nrZY8YnI+44GK44G+44GL44Gb44Ks44O844OJ5pCt6LyJPGJyPjxicj48L2ZvbnQ+PC90ZD48L3RyPjwvdGFibGU+PHRhYmxlIGNlbGxzcGFjaW5nPSIwIiBjZWxscGFkZGluZz0iNCIgYm9yZGVyPSIxIiB3aWR0aD0iNzEwIiBib3JkZXJjb2xvcj0iI2NjY2NjYyI+PHRyPjx0ZCB3aWR0aD0iMTgwIiBiZ2NvbG9yPSIjZWZlZmVmIj48Zm9udCBzaXplPSIyIj7oibI8L2ZvbnQ+PC90ZD48dGQgd2lkdGg9IjUzMCI+PGZvbnQgc2l6ZT0iMiI+44Oe44Ot44OzPC9mb250PjwvdGQ+PC90cj48dHI+PHRkIHdpZHRoPSIxODAiIGJnY29sb3I9IiNlZmVmZWYiPjxmb250IHNpemU9IjIiPuimquapn+OCteOCpOOCuihIw5dXw5dEKSBtbTwvZm9udD48L3RkPjx0ZCB3aWR0aD0iNTMwIj48Zm9udCBzaXplPSIyIj7ntIQ5w5cxOS42w5c4Y208L2ZvbnQ+PC90ZD48L3RyPjx0cj48dGQgd2lkdGg9IjE4MCIgYmdjb2xvcj0iI2VmZWZlZiI+PGZvbnQgc2l6ZT0iMiI+5LuY5bGe5a2Q5qmf5pWwPC9mb250PjwvdGQ+PHRkIHdpZHRoPSI1MzAiPjxmb250IHNpemU9IjIiPueEoTwvZm9udD48L3RkPjwvdHI+PHRyPjx0ZCB3aWR0aD0iMTgwIiBiZ2NvbG9yPSIjZWZlZmVmIj48Zm9udCBzaXplPSIyIj7pm7voqbHluLPooajnpLo8L2ZvbnQ+PC90ZD48dGQgd2lkdGg9IjUzMCI+PGZvbnQgc2l6ZT0iMiI+5ryi5a2XPC9mb250PjwvdGQ+PC90cj48L3RhYmxlPjxzdHlsZSB0eXBlPSJ0ZXh0L2NzcyI+CjwhLS0KLnJha3V0ZW4tY2FtcCB7Cgl3aWR0aDogNzI1cHg7Cglib3JkZXI6IDJweCBzb2xpZCAjMzM5OUZGOwoJcGFkZGluZy10b3A6IDVweDsKCS1tb3otYm9yZGVyLXJhZGl1czo0cHg7IC8qRmlyZWZveCovCgktd2Via2l0LWJvcmRlci1yYWRpdXM6IDRweDsgLypTYWZhcmksQ2hyb21lKi8KCWJvcmRlci1yYWRpdXM6NHB4OyAvKk9wZXJhLENocm9tZSovCgltYXJnaW46MCAxMHB4IDEwcHggMDsKfQoKLyog5L6h5qC844Gr5p6g57ea44GM44Gk44GPICovCnRhYmxlI3Jha3V0ZW5MaW1pdGVkSWRfY2FydCB7CiAgICBiYWNrZ3JvdW5kLWNvbG9yOiAjZjhmOGY4OwogICAgYm9yZGVyOiAxcHggc29saWQgI2RkZDsKICAgIHBhZGRpbmc6IDhweDsKICAgIG1hcmdpbjogMTZweCAwOwp9CgpzcGFuLnByaWNlMSB7CiAgICBjb2xvcjogIzMzMyAhaW1wb3J0YW50OwogICAgZm9udC13ZWlnaHQ6IGJvbGQ7CiAgICBmb250LXNpemU6IDgwJSAhaW1wb3J0YW50OwogICAgbGluZS1oZWlnaHQ6IDMwcHg7CiAgICBkaXNwbGF5OiBpbmxpbmUtYmxvY2s7CiAgICBtYXJnaW4tcmlnaHQ6IDE2cHg7Cn0KCi0tPgo8L3N0eWxlPgoKPCEtLeODkOODiuODvOOCqOODquOCoi0tPgoKPCEtLeOAkOa2iOOBmeOBqu+8geOAkeKYheKYheKYhSBoZWlnaHQ9IjM4MCIg44Gn6Kit5a6a44GX44Gm44GP44Gg44GV44GE44CC4piF4piF4piFLS0+CjwhLS3jg5Djg4rjg7zjgqjjg6rjgqLjgZPjgZPjgb7jgactLT4KCjwhLS3mpb3lpKnjgq3jg6Pjg7Pjg5rjg7zjg7MtLT4KCjxoMiBzdHlsZT0ibWFyZ2luOjIwcHggMCAxMHB4IDA7Ij48aW1nIHNyYz0iaHR0cDovL3d3dy5yYWt1dGVuLm5lLmpwL2dvbGQvYWtpYmFtYWMvZnJhbWUvaW1hZ2VzL3Jha3V0ZW5fdGl0bGUyLmdpZiIgYWx0PSLmpb3lpKnluILloLTjga7jgYrlvpfjgarjgq3jg6Pjg7Pjg5rjg7zjg7MiIHdpZHRoPSI3MzAiIGhlaWdodD0iNDIiIGJvcmRlcj0iMCI+PC9oMj4KPGRpdiBjbGFzcz0icmFrdXRlbi1jYW1wIiBzdHlsZT0ibWFyZ2luOjAgMCAwIDA7Ij4KCgo8IS0t5qW95aSp44Kt44Oj44Oz44Oa44O844OzQOOBk+OBk+OBvuOBpy0tPg==,44CQ6YCB5paZ54Sh5paZ44CR44OR44Kk44Kq44OL44KiIOOAkOWtkOapn+OBquOBl+OAkeODh+OCuOOCv+ODq+OCs+ODvOODieODrOOCueeVmeWuiOeVqumbu+ipseapnyBURi1GRDM1Uy1UWSDvvIjjg57jg63jg7PvvIkgKFRGRkQzNVNUWSnvvJrjgr3jg5Xjg57jg4Pjg5fjgIDjg4fjgrjjgr/jg6vjgrPjg6zjgq/jgrfjg6fjg7M=,44K944OV44Oe44OD44OXIOODh+OCuOOCv+ODq+OCs+ODrOOCr+OCt+ODp+ODs1NvZm1hcCBEaWdpdGFsIENvbGxlY3Rpb27jg5Hjgr3jgrPjg7Pjgr/jg5bjg6zjg4Pjg4hQQ0hEROOCouOCu+ODs+ODluODquODkeODvOODhOODkeOCveOCs+ODs+ODkeODvOODhOODhuODrOODk+OCsuODvOODoOODluODq+ODvOODrOOCpOOCveODleODiERWROOCveODleODiOa2suaZtuODhuODrOODk+ODluODq+ODvOODrOOCpOODh+OCo+OCueOCr+ODrOOCs+ODvOODgOODvOODh+OCuOOCv+ODq+S4gOecvOODrOODleOCq+ODoeODqeODh+OCuOOCv+ODq+OCq+ODoeODqeWutumbu+aZguioiOS4reWPpOOAgOOCveODleODiOOCouOCpuODiOODrOODg+ODiOS4reWPpOODjuODvOODiOODkeOCveOCs+ODs+S4reWPpOODkeOCveOCs+ODs+OAkOmAgeaWmeeEoeaWmeOAkeODkeOCpOOCquODi+OCoiDjgJDlrZDmqZ/jgarjgZfjgJHjg4fjgrjjgr/jg6vjgrPjg7zjg4njg6zjgrnnlZnlrojnlarpm7voqbHmqZ8gVEYtRkQzNVMtVFkg77yI44Oe44Ot44Oz77yJIChURkZEMzVTVFkp,44CQ6YCB5paZ54Sh5paZ44CR44OR44Kk44Kq44OL44KiIOOAkOWtkOapn+OBquOBl+OAkeODh+OCuOOCv+ODq+OCs+ODvOODieODrOOCueeVmeWuiOeVqumbu+ipseapnyBURi1GRDM1Uy1UWSDvvIjjg57jg63jg7PvvIkgKFRGRkQzNVNUWSk=[rn]
29-48504,aHR0cDovL3RzaG9wLnIxMHMuanAvYWtpYmFtYWMvY2FiaW5ldC8wNTEyMjUwMi80NTczMjQzMDkwNzk1LmpwZz9maXRpbj03MDA6NzAw,MTEyMDAuMDAwMA==,,5a626Zu7ID4g6Zu76Kmx5qmf44O7RkFYID4g6Zu76Kmx5qmfID4g5a625bqt55So6Zu76Kmx5qmf,44CQ6YCB5paZ54Sh5paZ44CR44OR44Kk44Kq44OL44KiIOOCs+ODvOODieODrOOCueWil+ioreWtkOapnyBURi1FSzcyLVfvvIjjg5vjg6/jgqTjg4jvvIkgKFRGRUs3Mlcp,,PHRhYmxlIGJvcmRlcj0iMCIgY2VsbHBhZGRpbmc9IjAiIGNlbGxzcGFjaW5nPSIwIiB3aWR0aD0iNzEwIiBzdHlsZT0ibGluZS1oZWlnaHQ6MTQwJTsiPjx0cj48dGQ+PGZvbnQgc2l6ZT0iMiI+44Kz44O844OJ44Os44K55aKX6Kit5a2Q5qmf44Gn44GZ44CCPGJyPjxicj48L2ZvbnQ+PC90ZD48L3RyPjwvdGFibGU+PHRhYmxlIGNlbGxzcGFjaW5nPSIwIiBjZWxscGFkZGluZz0iNCIgYm9yZGVyPSIxIiB3aWR0aD0iNzEwIiBib3JkZXJjb2xvcj0iI2NjY2NjYyI+PHRyPjx0ZCB3aWR0aD0iMTgwIiBiZ2NvbG9yPSIjZWZlZmVmIj48Zm9udCBzaXplPSIyIj7oibI8L2ZvbnQ+PC90ZD48dGQgd2lkdGg9IjUzMCI+PGZvbnQgc2l6ZT0iMiI+44Ob44Ov44Kk44OIPC9mb250PjwvdGQ+PC90cj48L3RhYmxlPjxzdHlsZSB0eXBlPSJ0ZXh0L2NzcyI+CjwhLS0KLnJha3V0ZW4tY2FtcCB7Cgl3aWR0aDogNzI1cHg7Cglib3JkZXI6IDJweCBzb2xpZCAjMzM5OUZGOwoJcGFkZGluZy10b3A6IDVweDsKCS1tb3otYm9yZGVyLXJhZGl1czo0cHg7IC8qRmlyZWZveCovCgktd2Via2l0LWJvcmRlci1yYWRpdXM6IDRweDsgLypTYWZhcmksQ2hyb21lKi8KCWJvcmRlci1yYWRpdXM6NHB4OyAvKk9wZXJhLENocm9tZSovCgltYXJnaW46MCAxMHB4IDEwcHggMDsKfQoKLyog5L6h5qC844Gr5p6g57ea44GM44Gk44GPICovCnRhYmxlI3Jha3V0ZW5MaW1pdGVkSWRfY2FydCB7CiAgICBiYWNrZ3JvdW5kLWNvbG9yOiAjZjhmOGY4OwogICAgYm9yZGVyOiAxcHggc29saWQgI2RkZDsKICAgIHBhZGRpbmc6IDhweDsKICAgIG1hcmdpbjogMTZweCAwOwp9CgpzcGFuLnByaWNlMSB7CiAgICBjb2xvcjogIzMzMyAhaW1wb3J0YW50OwogICAgZm9udC13ZWlnaHQ6IGJvbGQ7CiAgICBmb250LXNpemU6IDgwJSAhaW1wb3J0YW50OwogICAgbGluZS1oZWlnaHQ6IDMwcHg7CiAgICBkaXNwbGF5OiBpbmxpbmUtYmxvY2s7CiAgICBtYXJnaW4tcmlnaHQ6IDE2cHg7Cn0KCi0tPgo8L3N0eWxlPgoKPCEtLeODkOODiuODvOOCqOODquOCoi0tPgoKPCEtLeOAkOa2iOOBmeOBqu+8geOAkeKYheKYheKYhSBoZWlnaHQ9IjM4MCIg44Gn6Kit5a6a44GX44Gm44GP44Gg44GV44GE44CC4piF4piF4piFLS0+CjwhLS3jg5Djg4rjg7zjgqjjg6rjgqLjgZPjgZPjgb7jgactLT4KCjwhLS3mpb3lpKnjgq3jg6Pjg7Pjg5rjg7zjg7MtLT4KCjxoMiBzdHlsZT0ibWFyZ2luOjIwcHggMCAxMHB4IDA7Ij48aW1nIHNyYz0iaHR0cDovL3d3dy5yYWt1dGVuLm5lLmpwL2dvbGQvYWtpYmFtYWMvZnJhbWUvaW1hZ2VzL3Jha3V0ZW5fdGl0bGUyLmdpZiIgYWx0PSLmpb3lpKnluILloLTjga7jgYrlvpfjgarjgq3jg6Pjg7Pjg5rjg7zjg7MiIHdpZHRoPSI3MzAiIGhlaWdodD0iNDIiIGJvcmRlcj0iMCI+PC9oMj4KPGRpdiBjbGFzcz0icmFrdXRlbi1jYW1wIiBzdHlsZT0ibWFyZ2luOjAgMCAwIDA7Ij4KCgo8IS0t5qW95aSp44Kt44Oj44Oz44Oa44O844OzQOOBk+OBk+OBvuOBpy0tPg==,44CQ6YCB5paZ54Sh5paZ44CR44OR44Kk44Kq44OL44KiIOOCs+ODvOODieODrOOCueWil+ioreWtkOapnyBURi1FSzcyLVfvvIjjg5vjg6/jgqTjg4jvvIkgKFRGRUs3Mlcp77ya44K944OV44Oe44OD44OX44CA44OH44K444K/44Or44Kz44Os44Kv44K344On44Oz,44K944OV44Oe44OD44OXIOODh+OCuOOCv+ODq+OCs+ODrOOCr+OCt+ODp+ODs1NvZm1hcCBEaWdpdGFsIENvbGxlY3Rpb27jg5Hjgr3jgrPjg7Pjgr/jg5bjg6zjg4Pjg4hQQ0hEROOCouOCu+ODs+ODluODquODkeODvOODhOODkeOCveOCs+ODs+ODkeODvOODhOODhuODrOODk+OCsuODvOODoOODluODq+ODvOODrOOCpOOCveODleODiERWROOCveODleODiOa2suaZtuODhuODrOODk+ODluODq+ODvOODrOOCpOODh+OCo+OCueOCr+ODrOOCs+ODvOODgOODvOODh+OCuOOCv+ODq+S4gOecvOODrOODleOCq+ODoeODqeODh+OCuOOCv+ODq+OCq+ODoeODqeWutumbu+aZguioiOS4reWPpOOAgOOCveODleODiOOCouOCpuODiOODrOODg+ODiOS4reWPpOODjuODvOODiOODkeOCveOCs+ODs+S4reWPpOODkeOCveOCs+ODs+OAkOmAgeaWmeeEoeaWmeOAkeODkeOCpOOCquODi+OCoiDjgrPjg7zjg4njg6zjgrnlopfoqK3lrZDmqZ8gVEYtRUs3Mi1X77yI44Ob44Ov44Kk44OI77yJIChURkVLNzJXKQ==,44CQ6YCB5paZ54Sh5paZ44CR44OR44Kk44Kq44OL44KiIOOCs+ODvOODieODrOOCueWil+ioreWtkOapnyBURi1FSzcyLVfvvIjjg5vjg6/jgqTjg4jvvIkgKFRGRUs3Mlcp[rn]
29-48505,aHR0cDovL3RzaG9wLnIxMHMuanAvYWtpYmFtYWMvY2FiaW5ldC8wNTI2NDA2OS80NTQ3Njc0OTE2MzY4LmpwZz9maXRpbj03MDA6NzAw,OTY4LjAwMDA=,,5a626Zu7ID4g6Zu76Kmx5qmf44O7RkFYID4g6Zu76Kmx5qmfID4g5a625bqt55So6Zu76Kmx5qmf,TkVDU1AtTjLvvIjjg4vjg4PjgrHjg6vmsLTntKDpm7vmsaDvvIkg44Kz44O844OJ44Os44K55a2Q5qmf55So6Zu75rGg44OR44OD44Kv,,PHRhYmxlIGJvcmRlcj0iMCIgY2VsbHBhZGRpbmc9IjAiIGNlbGxzcGFjaW5nPSIwIiB3aWR0aD0iNzEwIiBzdHlsZT0ibGluZS1oZWlnaHQ6MTQwJTsiPjx0cj48dGQ+PGZvbnQgc2l6ZT0iMiI+4pag5a++5b+c5qmf56iu77ya77yc44OV44Kh44Kv44K56Zu76Kmx6KSH5ZCI5qmf77yeU1AtUDcwSO+8j1NQLVA3MEhXIO+8nOODleOCoeOCr+OCue+8nlNQLVIxMDAtUC9TUC1SMTAwLVMvU1AtUjEwMFfjgIFTUC1TMzNXL1NQLVMzM+OAgVNQLVMyM1cvU1AtUzIzIO+8nOWil+ioreWtkOapn+Wei+WQje+8nlNQLVpLNDA8YnI+PGJyPjwvZm9udD48L3RkPjwvdHI+PC90YWJsZT48c3R5bGUgdHlwZT0idGV4dC9jc3MiPgo8IS0tCi5yYWt1dGVuLWNhbXAgewoJd2lkdGg6IDcyNXB4OwoJYm9yZGVyOiAycHggc29saWQgIzMzOTlGRjsKCXBhZGRpbmctdG9wOiA1cHg7CgktbW96LWJvcmRlci1yYWRpdXM6NHB4OyAvKkZpcmVmb3gqLwoJLXdlYmtpdC1ib3JkZXItcmFkaXVzOiA0cHg7IC8qU2FmYXJpLENocm9tZSovCglib3JkZXItcmFkaXVzOjRweDsgLypPcGVyYSxDaHJvbWUqLwoJbWFyZ2luOjAgMTBweCAxMHB4IDA7Cn0KCi8qIOS+oeagvOOBq+aeoOe3muOBjOOBpOOBjyAqLwp0YWJsZSNyYWt1dGVuTGltaXRlZElkX2NhcnQgewogICAgYmFja2dyb3VuZC1jb2xvcjogI2Y4ZjhmODsKICAgIGJvcmRlcjogMXB4IHNvbGlkICNkZGQ7CiAgICBwYWRkaW5nOiA4cHg7CiAgICBtYXJnaW46IDE2cHggMDsKfQoKc3Bhbi5wcmljZTEgewogICAgY29sb3I6ICMzMzMgIWltcG9ydGFudDsKICAgIGZvbnQtd2VpZ2h0OiBib2xkOwogICAgZm9udC1zaXplOiA4MCUgIWltcG9ydGFudDsKICAgIGxpbmUtaGVpZ2h0OiAzMHB4OwogICAgZGlzcGxheTogaW5saW5lLWJsb2NrOwogICAgbWFyZ2luLXJpZ2h0OiAxNnB4Owp9CgotLT4KPC9zdHlsZT4KCjwhLS3jg5Djg4rjg7zjgqjjg6rjgqItLT4KCjwhLS3jgJDmtojjgZnjgarvvIHjgJHimIXimIXimIUgaGVpZ2h0PSIzODAiIOOBp+ioreWumuOBl+OBpuOBj+OBoOOBleOBhOOAguKYheKYheKYhS0tPgo8IS0t44OQ44OK44O844Ko44Oq44Ki44GT44GT44G+44GnLS0+Cgo8IS0t5qW95aSp44Kt44Oj44Oz44Oa44O844OzLS0+Cgo8aDIgc3R5bGU9Im1hcmdpbjoyMHB4IDAgMTBweCAwOyI+PGltZyBzcmM9Imh0dHA6Ly93d3cucmFrdXRlbi5uZS5qcC9nb2xkL2FraWJhbWFjL2ZyYW1lL2ltYWdlcy9yYWt1dGVuX3RpdGxlMi5naWYiIGFsdD0i5qW95aSp5biC5aC044Gu44GK5b6X44Gq44Kt44Oj44Oz44Oa44O844OzIiB3aWR0aD0iNzMwIiBoZWlnaHQ9IjQyIiBib3JkZXI9IjAiPjwvaDI+CjxkaXYgY2xhc3M9InJha3V0ZW4tY2FtcCIgc3R5bGU9Im1hcmdpbjowIDAgMCAwOyI+CgoKPCEtLealveWkqeOCreODo+ODs+ODmuODvOODs0DjgZPjgZPjgb7jgactLT4=,TkVDU1AtTjLvvIjjg4vjg4PjgrHjg6vmsLTntKDpm7vmsaDvvIkg44Kz44O844OJ44Os44K55a2Q5qmf55So6Zu75rGg44OR44OD44Kv77ya44K944OV44Oe44OD44OX44CA44OH44K444K/44Or44Kz44Os44Kv44K344On44Oz,44K944OV44Oe44OD44OXIOODh+OCuOOCv+ODq+OCs+ODrOOCr+OCt+ODp+ODs1NvZm1hcCBEaWdpdGFsIENvbGxlY3Rpb27jg5Hjgr3jgrPjg7Pjgr/jg5bjg6zjg4Pjg4hQQ0hEROOCouOCu+ODs+ODluODquODkeODvOODhOODkeOCveOCs+ODs+ODkeODvOODhOODhuODrOODk+OCsuODvOODoOODluODq+ODvOODrOOCpOOCveODleODiERWROOCveODleODiOa2suaZtuODhuODrOODk+ODluODq+ODvOODrOOCpOODh+OCo+OCueOCr+ODrOOCs+ODvOODgOODvOODh+OCuOOCv+ODq+S4gOecvOODrOODleOCq+ODoeODqeODh+OCuOOCv+ODq+OCq+ODoeODqeWutumbu+aZguioiOS4reWPpOOAgOOCveODleODiOOCouOCpuODiOODrOODg+ODiOS4reWPpOODjuODvOODiOODkeOCveOCs+ODs+S4reWPpOODkeOCveOCs+ODs05FQ1NQLU4y77yI44OL44OD44Kx44Or5rC057Sg6Zu75rGg77yJIOOCs+ODvOODieODrOOCueWtkOapn+eUqOmbu+axoOODkeODg+OCrw==,TkVDU1AtTjLvvIjjg4vjg4PjgrHjg6vmsLTntKDpm7vmsaDvvIkg44Kz44O844OJ44Os44K55a2Q5qmf55So6Zu75rGg44OR44OD44Kv[rn]
29-48506,aHR0cDovL3RzaG9wLnIxMHMuanAvZ29sZC9iaWNhc2EvaXRlbV9pbWcvcG9famFfMDJfNDAwLmpwZz9maXRpbj03MDA6NzAw,MTYwMDAuMDAwMA==,,5a626Zu7ID4g6Zu76Kmx5qmf44O7RkFYID4g6Zu76Kmx5qmfID4g5a625bqt55So6Zu76Kmx5qmf,VDMg6Zu76Kmx5qmfIOODpOOCs+ODluODu+OCpOOCp+ODs+OCu+ODs+OAkOmAgeaWmeeEoeaWmeOAkQ==,44CQUDA3MDfjgJE=,PGltZyBoZWlnaHQ9IjEyMCIgYWx0PSLphY3pgIHmg4XloLEiIHNyYz0iaHR0cDovL3d3dy5yYWt1dGVuLm5lLmpwL2dvbGQvYi1jYXNhLWludGUvaW1nMi9pbWdfZGVsaXZlcnkuanBnIiB3aWR0aD0iMzM2IiAvPgo8YnI+PGJyPjxkaXYgY2xhc3M9ImNvbnRlbnRzIj4KPHRhYmxlIHdpZHRoPSIzNDAiIGJvcmRlcj0iMCIgY2VsbHNwYWNpbmc9IjAiIGNlbGxwYWRkaW5nPSIwIiBhbGlnbj0iY2VudGVyIj4KPHRyPgo8dGQ+PC90ZD4KPC90cj4KPC90YWJsZT4KPC9kaXY+PHN0eWxlIFRZUEU9InRleHQvY3NzIj4KPCEtLQp0ZC5pbnZlbnRvcnkgZm9udHtmb250LXNpemU6MTBweDt9CgotLT4KPC9zdHlsZT4=,VDMg6Zu76Kmx5qmfIOODpOOCs+ODluODu+OCpOOCp+ODs+OCu+ODs+OAkOmAgeaWmeeEoeaWmeOAke+8muWutuWFt+ODu+OCpOODs+ODhuODquOCouODu+mbkeiyqOOAgOODk+OCq+ODvOOCtQ==,VDMg6Zu76Kmx5qmfIOODpOOCs+ODluODu+OCpOOCp+ODs+OCu+ODs+OAkOmAgeaWmeeEoeaWmeOAkQ==,44CQUDA3MDfjgJHjgIJUMyDpm7voqbHmqZ8g44Ok44Kz44OW44O744Kk44Kn44Oz44K744Oz44CQ6YCB5paZ54Sh5paZ44CR[rn]
29-48507,aHR0cDovL3RzaG9wLnIxMHMuanAvYmljY2FtZXJhL2NhYmluZXQvcHJvZHVjdC8xOTg0LzAwMDAwMDAzMzA2MzUzX2EwMS5qcGc/Zml0aW49NzAwOjcwMA==,MTUwNC4wMDAw,,5a626Zu7ID4g6Zu76Kmx5qmf44O7RkFYID4g6Zu76Kmx5qmfID4g5a625bqt55So6Zu76Kmx5qmf,77yr77yp77y077yzIOOAkOWtkOapn+OBquOBl+OAkeODjuODvOODnuODq+mbu+ipseapnyDjgIzjgrfjg7Pjg5fjg6vjgqTjg7zjgrjjg7zjg5vjg7PjgI0gSVQwMU5S77yI44Os44OD44OJ77yJMjAxNzA1UA==,,4pag57Ch5Y2Y44Gq5Z+65pys5qmf6IO944Gg44GR44KS5YKZ44GI44Gf5qiZ5rqW6Zu76Kmx5qmf5LuV5qeY44Gu5Zu65a6a6Zu76Kmx5qmf44Gn44GZ44CCPEJSPjxCUj7ilqDpm7vmupDkuI3opoHjgafpm7voqbHlm57nt5rjgavmjqXntprjgZnjgovjgaDjgZHjgafkvb/nlKjjgafjgY3jgb7jgZnjgII8QlI+PEJSPjxiPuKXhuOAkOapn+iDveOAkTwvYj48QlI+44O75YWJ44KL44Oc44K/44OzPEJSPuODu+S/neeVmeODoeODreODh+OCozxCUj7jg7vjg6rjg4DjgqTjg6Tjg6s8QlI+44O744Kt44Oj44OD44OB44Oc44K/44OzPEJSPuODu+WBnOmbu+aZgumAmuipseWPr+iDvTxCUj7jg7vjg5/jg6Xjg7zjg4jvvIjmtojpn7PvvIk8QlI+44O744OR44Or44K544O744OI44O844Oz5YiH5pu/PEJSPuODu+WjgeaOm+WvvuW/nDxCUj48QlI+PGI+4peG44CQ5rOo5oSP5LqL6aCF44CRPC9iPjxCUj7mnKzmqZ/jga/kuIDoiKzlm57nt5rjgpLmjqjlpajjgZfjgabjgYrjgorjgb7jgZnjgII8QlI+44Gy44GL44KK6Zu76Kmx5Zue57ea44Gq44Gp44GuSVDlm57nt5rjg7tJU0RO44O7QURTTOetieOBruWgtOWQiOOAgeato+W4uOOBq+OBlOS9v+eUqOOBhOOBn+OBoOOBkeOBquOBhOWgtOWQiOOBjOOBguOCiuOBvuOBmeOAgjxkaXYgc3R5bGU9J3RleHQtYWxpZ246Y2VudGVyOyc+ICAgICAgPGltZyBhbHQ9J+mWoumAo+WVhuWTgeOBr+OBk+OBoeOCiScgYm9yZGVyPScwJyBzcmM9J2h0dHA6Ly9pbWFnZS5yYWt1dGVuLmNvLmpwL2JpY2NhbWVyYS9jYWJpbmV0L25zL2NvbW1vbi9rYW5yZW4uZ2lmJyAvPiAgPC9kaXY+PGRpdiBzdHlsZT0ndGV4dC1hbGlnbjpjZW50ZXI7bWFyZ2luLXRvcDoxMHB4Oyc+ICAgICAgPGltZyBhbHQ9J+OCq+ODqeODvOODkOODquOCqOODvOOCt+ODp+ODs+ODu+WQjOS4gOimj+agvOOBquOBqeOBr+OBk+OBoeOCiScgYm9yZGVyPScwJyBzcmM9J2h0dHA6Ly9pbWFnZS5yYWt1dGVuLmNvLmpwL2JpY2NhbWVyYS9jYWJpbmV0L25zL2NvbW1vbi9jb2xvci5naWYnIC8+ICA8L2Rpdj48ZGl2IGlkPSdzcDE1Jz48dGFibGUgYmdjb2xvcj0nI0ZGRkZGRicgYm9yZGVyPScwJyBjZWxscGFkZGluZz0nMCcgY2VsbHNwYWNpbmc9JzInPjx0cj48dGQgY2xhc3M9J3N1YnRpdGxlJyBjb2xzcGFuPScyJz7mqZ/og73poIXnm648L3RkPjwvdHI+PHRyPjx0ZCBjbGFzcz0nc3RpdGxlJz7oibI8L3RkPjx0ZCBjbGFzcz0nc2RhdGEnPuODrOODg+ODiTwvdGQ+PC90cj48dHI+PHRkIGNsYXNzPSdzdGl0bGUnPuimquapn+OCteOCpOOCuihIw5dXw5dEKSBtbTwvdGQ+PHRkIGNsYXNzPSdzZGF0YSc+57SENjXDlzEzMMOXMjEwbW08L3RkPjwvdHI+PHRyPjx0ZCBjbGFzcz0nc3RpdGxlJz7ph43ph488L3RkPjx0ZCBjbGFzcz0nc2RhdGEnPue0hDQ5MGc8L3RkPjwvdHI+PHRyPjx0ZCBjbGFzcz0nc3RpdGxlJz7ku5jlsZ7lk4E8L3RkPjx0ZCBjbGFzcz0nc2RhdGEnPuODouOCuOODpeODqeODvOOCs+ODvOODie+8iOe0hDJt77yJPC90ZD48L3RyPjx0cj48dGQgY2xhc3M9J3N0aXRsZSc+5a++5b+c5a2Q5qmfPC90ZD48dGQgY2xhc3M9J3NkYXRhJz7nhKE8L3RkPjwvdHI+PHRyPjx0ZCBjbGFzcz0nc3RpdGxlJz7ku5jlsZ7lrZDmqZ/mlbA8L3RkPjx0ZCBjbGFzcz0nc2RhdGEnPueEoTwvdGQ+PC90cj48dHI+PHRkIGNsYXNzPSdzdGl0bGUnPuWtkOapn+Wil+ioreWPsOaVsDwvdGQ+PHRkIGNsYXNzPSdzZGF0YSc+54ShPC90ZD48L3RyPjx0cj48dGQgY2xhc3M9J3N0aXRsZSc+5YGc6Zu75pmC5a++5b+cPC90ZD48dGQgY2xhc3M9J3NkYXRhJz7mnIk8L3RkPjwvdHI+PC90YWJsZT48L2Rpdj4=,77yr77yp77y077yzIOOAkOWtkOapn+OBquOBl+OAkeODjuODvOODnuODq+mbu+ipseapnyDjgIzjgrfjg7Pjg5fjg6vjgqTjg7zjgrjjg7zjg5vjg7PjgI0gSVQwMU5S77yI44Os44OD44OJ77yJMjAxNzA1UO+8muODk+ODg+OCr+OCq+ODoeODqealveWkqeW4guWgtOW6lw==,77yr77yp77y077yzIOOAkOWtkOapn+OBquOBl+OAkeODjuODvOODnuODq+mbu+ipseapnyDjgIzjgrfjg7Pjg5fjg6vjgqTjg7zjgrjjg7zjg5vjg7PjgI0gSVQwMU5S77yI44Os44OD44OJ77yJMjAxNzA1UA==,77yr77yp77y077yzIOOAkOWtkOapn+OBquOBl+OAkeODjuODvOODnuODq+mbu+ipseapnyDjgIzjgrfjg7Pjg5fjg6vjgqTjg7zjgrjjg7zjg5vjg7PjgI0gSVQwMU5S77yI44Os44OD44OJ77yJMjAxNzA1UA==[rn]
29-48508,aHR0cDovL3RzaG9wLnIxMHMuanAvYmljY2FtZXJhL2NhYmluZXQvcHJvZHVjdC8xOTg0LzAwMDAwMDAzMzA2MzU0X2EwMS5qcGc/Zml0aW49NzAwOjcwMA==,MTUwNC4wMDAw,,5a626Zu7ID4g6Zu76Kmx5qmf44O7RkFYID4g6Zu76Kmx5qmfID4g5a625bqt55So6Zu76Kmx5qmf,44CQ44GC44GZ5qW95a++6LGh44CRIO+8q++8qe+8tO+8syDjgJDlrZDmqZ/jgarjgZfjgJHjg47jg7zjg57jg6vpm7voqbHmqZ8g44CM44K344Oz44OX44Or44Kk44O844K444O844Ob44Oz44CNIElUMDFOTu+8iOODjeOCpOODk+ODvO+8iTIwMTcwNVA=,,4pag57Ch5Y2Y44Gq5Z+65pys5qmf6IO944Gg44GR44KS5YKZ44GI44Gf5qiZ5rqW6Zu76Kmx5qmf5LuV5qeY44Gu5Zu65a6a6Zu76Kmx5qmf44Gn44GZ44CCPEJSPjxCUj7ilqDpm7vmupDkuI3opoHjgafpm7voqbHlm57nt5rjgavmjqXntprjgZnjgovjgaDjgZHjgafkvb/nlKjjgafjgY3jgb7jgZnjgII8QlI+PEJSPjxiPuKXhuOAkOapn+iDveOAkTwvYj48QlI+44O75YWJ44KL44Oc44K/44OzPEJSPuODu+S/neeVmeODoeODreODh+OCozxCUj7jg7vjg6rjg4DjgqTjg6Tjg6s8QlI+44O744Kt44Oj44OD44OB44Oc44K/44OzPEJSPuODu+WBnOmbu+aZgumAmuipseWPr+iDvTxCUj7jg7vjg5/jg6Xjg7zjg4jvvIjmtojpn7PvvIk8QlI+44O744OR44Or44K544O744OI44O844Oz5YiH5pu/PEJSPuODu+WjgeaOm+WvvuW/nDxCUj48QlI+PGI+4peG44CQ5rOo5oSP5LqL6aCF44CRPC9iPjxCUj7mnKzmqZ/jga/kuIDoiKzlm57nt5rjgpLmjqjlpajjgZfjgabjgYrjgorjgb7jgZnjgII8QlI+44Gy44GL44KK6Zu76Kmx5Zue57ea44Gq44Gp44GuSVDlm57nt5rjg7tJU0RO44O7QURTTOetieOBruWgtOWQiOOAgeato+W4uOOBq+OBlOS9v+eUqOOBhOOBn+OBoOOBkeOBquOBhOWgtOWQiOOBjOOBguOCiuOBvuOBmeOAgjxkaXYgc3R5bGU9J3RleHQtYWxpZ246Y2VudGVyOyc+ICAgICAgPGltZyBhbHQ9J+mWoumAo+WVhuWTgeOBr+OBk+OBoeOCiScgYm9yZGVyPScwJyBzcmM9J2h0dHA6Ly9pbWFnZS5yYWt1dGVuLmNvLmpwL2JpY2NhbWVyYS9jYWJpbmV0L25zL2NvbW1vbi9rYW5yZW4uZ2lmJyAvPiAgPC9kaXY+PGRpdiBzdHlsZT0ndGV4dC1hbGlnbjpjZW50ZXI7bWFyZ2luLXRvcDoxMHB4Oyc+ICAgICAgPGltZyBhbHQ9J+OCq+ODqeODvOODkOODquOCqOODvOOCt+ODp+ODs+ODu+WQjOS4gOimj+agvOOBquOBqeOBr+OBk+OBoeOCiScgYm9yZGVyPScwJyBzcmM9J2h0dHA6Ly9pbWFnZS5yYWt1dGVuLmNvLmpwL2JpY2NhbWVyYS9jYWJpbmV0L25zL2NvbW1vbi9jb2xvci5naWYnIC8+ICA8L2Rpdj48ZGl2IGlkPSdzcDE1Jz48dGFibGUgYmdjb2xvcj0nI0ZGRkZGRicgYm9yZGVyPScwJyBjZWxscGFkZGluZz0nMCcgY2VsbHNwYWNpbmc9JzInPjx0cj48dGQgY2xhc3M9J3N1YnRpdGxlJyBjb2xzcGFuPScyJz7mqZ/og73poIXnm648L3RkPjwvdHI+PHRyPjx0ZCBjbGFzcz0nc3RpdGxlJz7oibI8L3RkPjx0ZCBjbGFzcz0nc2RhdGEnPuODjeOCpOODk+ODvDwvdGQ+PC90cj48dHI+PHRkIGNsYXNzPSdzdGl0bGUnPuimquapn+OCteOCpOOCuihIw5dXw5dEKSBtbTwvdGQ+PHRkIGNsYXNzPSdzZGF0YSc+57SENjXDlzEzMMOXMjEwbW08L3RkPjwvdHI+PHRyPjx0ZCBjbGFzcz0nc3RpdGxlJz7ph43ph488L3RkPjx0ZCBjbGFzcz0nc2RhdGEnPue0hDQ5MGc8L3RkPjwvdHI+PHRyPjx0ZCBjbGFzcz0nc3RpdGxlJz7ku5jlsZ7lk4E8L3RkPjx0ZCBjbGFzcz0nc2RhdGEnPuODouOCuOODpeODqeODvOOCs+ODvOODie+8iOe0hDJt77yJPC90ZD48L3RyPjx0cj48dGQgY2xhc3M9J3N0aXRsZSc+5a++5b+c5a2Q5qmfPC90ZD48dGQgY2xhc3M9J3NkYXRhJz7nhKE8L3RkPjwvdHI+PHRyPjx0ZCBjbGFzcz0nc3RpdGxlJz7ku5jlsZ7lrZDmqZ/mlbA8L3RkPjx0ZCBjbGFzcz0nc2RhdGEnPueEoTwvdGQ+PC90cj48dHI+PHRkIGNsYXNzPSdzdGl0bGUnPuWtkOapn+Wil+ioreWPsOaVsDwvdGQ+PHRkIGNsYXNzPSdzZGF0YSc+54ShPC90ZD48L3RyPjx0cj48dGQgY2xhc3M9J3N0aXRsZSc+5YGc6Zu75pmC5a++5b+cPC90ZD48dGQgY2xhc3M9J3NkYXRhJz7mnIk8L3RkPjwvdHI+PC90YWJsZT48L2Rpdj4=,44CQ44GC44GZ5qW95a++6LGh44CRIO+8q++8qe+8tO+8syDjgJDlrZDmqZ/jgarjgZfjgJHjg47jg7zjg57jg6vpm7voqbHmqZ8g44CM44K344Oz44OX44Or44Kk44O844K444O844Ob44Oz44CNIElUMDFOTu+8iOODjeOCpOODk+ODvO+8iTIwMTcwNVDvvJrjg5Pjg4Pjgq/jgqvjg6Hjg6nmpb3lpKnluILloLTlupc=,44CQ44GC44GZ5qW95a++6LGh44CRIO+8q++8qe+8tO+8syDjgJDlrZDmqZ/jgarjgZfjgJHjg47jg7zjg57jg6vpm7voqbHmqZ8g44CM44K344Oz44OX44Or44Kk44O844K444O844Ob44Oz44CNIElUMDFOTu+8iOODjeOCpOODk+ODvO+8iTIwMTcwNVA=,44CQ44GC44GZ5qW95a++6LGh44CRIO+8q++8qe+8tO+8syDjgJDlrZDmqZ/jgarjgZfjgJHjg47jg7zjg57jg6vpm7voqbHmqZ8g44CM44K344Oz44OX44Or44Kk44O844K444O844Ob44Oz44CNIElUMDFOTu+8iOODjeOCpOODk+ODvO+8iTIwMTcwNVA=[rn]
29-48509,aHR0cDovL3RzaG9wLnIxMHMuanAvY3ljbGUtbGluZS9jYWJpbmV0LzMxMjUvMzIxL2dkNjgzNTV6MTk3ei5qcGc/Zml0aW49NzAwOjcwMA==,MTQzNzQuNDAwMA==,,5a626Zu7ID4g6Zu76Kmx5qmf44O7RkFYID4g6Zu76Kmx5qmfID4g5a625bqt55So6Zu76Kmx5qmf,UGlvbmVlciDjg4fjgrjjgr/jg6vjgrPjg7zjg4njg6zjgrnpm7voqbHmqZ8g5a2Q5qmfMuWPsOS7mOOBjSDov7fmg5Hpm7voqbHlr77nrZbjg7vnlZnlrojnlarjg7vjg4rjg7Pjg5Djg7zjg4fjgqPjgrnjg5fjg6zjgqTmqZ/og73mkK3ovIkg44OB44Kn44Oq44O844OU44Oz44KvIFRGLVNEMTVXLUNQ,,PHRhYmxlIHN0eWxlPSdib3JkZXItY29sbGFwc2U6Y29sbGFwc2U7Y29sb3I6ICMzMzM7IGxpbmUtaGVpZ2h0OjEuNWVtOyc+PHRyPjx0aCBzdHlsZT0nYm9yZGVyOiAxcHggI2NjYyBzb2xpZDsgcGFkZGluZzogMTBweDsgY29sb3I6ICNmZmY7IHdoaXRlLXNwYWNlOiBub3dyYXA7IGJhY2tncm91bmQtY29sb3I6ICNjMDAwMDA7Jz7llYblk4HlkI08L3RoPjx0ZCBzdHlsZT0nYm9yZGVyOiAxcHggI2NjYyBzb2xpZDsgcGFkZGluZzogMTBweDsgdGV4dC1hbGlnbjogbGVmdDsnPlBpb25lZXIg44OH44K444K/44Or44Kz44O844OJ44Os44K56Zu76Kmx5qmfIOWtkOapnzLlj7Dku5jjgY0g6L+35oOR6Zu76Kmx5a++562W44O755WZ5a6I55Wq44O744OK44Oz44OQ44O844OH44Kj44K544OX44Os44Kk5qmf6IO95pCt6LyJIOODgeOCp+ODquODvOODlOODs+OCryBURi1TRDE1Vy1DUDwvdGQ+PC90cj48dHI+PHRoIHN0eWxlPSdib3JkZXI6IDFweCAjY2NjIHNvbGlkOyBwYWRkaW5nOiAxMHB4OyBjb2xvcjogI2ZmZjsgd2hpdGUtc3BhY2U6IG5vd3JhcDsgYmFja2dyb3VuZC1jb2xvcjogI2MwMDAwMDsnPuOCq+ODhuOCtOODquODvDwvdGg+PHRkIHN0eWxlPSdib3JkZXI6IDFweCAjY2NjIHNvbGlkOyBwYWRkaW5nOiAxMHB4OyB0ZXh0LWFsaWduOiBsZWZ0Oyc+5a626Zu7IOmbu+ipseapn+ODu0ZBWCDpm7voqbHmqZ8g5a625bqt55So6Zu76Kmx5qmfPC90ZD48L3RyPjx0cj48dGggc3R5bGU9J2JvcmRlcjogMXB4ICNjY2Mgc29saWQ7IHBhZGRpbmc6IDEwcHg7IGNvbG9yOiAjZmZmOyB3aGl0ZS1zcGFjZTogbm93cmFwOyBiYWNrZ3JvdW5kLWNvbG9yOiAjYzAwMDAwOyc+6ImyPC90aD48dGQgc3R5bGU9J2JvcmRlcjogMXB4ICNjY2Mgc29saWQ7IHBhZGRpbmc6IDEwcHg7IHRleHQtYWxpZ246IGxlZnQ7Jz7jg4Hjgqfjg6rjg7zjg5Tjg7Pjgq88L3RkPjwvdHI+PHRyPjx0aCBzdHlsZT0nYm9yZGVyOiAxcHggI2NjYyBzb2xpZDsgcGFkZGluZzogMTBweDsgY29sb3I6ICNmZmY7IHdoaXRlLXNwYWNlOiBub3dyYXA7IGJhY2tncm91bmQtY29sb3I6ICNjMDAwMDA7Jz7jg6Ljg4fjg6s8L3RoPjx0ZCBzdHlsZT0nYm9yZGVyOiAxcHggI2NjYyBzb2xpZDsgcGFkZGluZzogMTBweDsgdGV4dC1hbGlnbjogbGVmdDsnPlRGLVNEMTVXLUNQPC90ZD48L3RyPjx0cj48dGggc3R5bGU9J2JvcmRlcjogMXB4ICNjY2Mgc29saWQ7IHBhZGRpbmc6IDEwcHg7IGNvbG9yOiAjZmZmOyB3aGl0ZS1zcGFjZTogbm93cmFwOyBiYWNrZ3JvdW5kLWNvbG9yOiAjYzAwMDAwOyc+5ZWG5ZOB5LuV5qeYPC90aD48dGQgc3R5bGU9J2JvcmRlcjogMXB4ICNjY2Mgc29saWQ7IHBhZGRpbmc6IDEwcHg7IHRleHQtYWxpZ246IGxlZnQ7IGZvbnQtc2l6ZTo5MCU7Jz7lronlv4PjgZfjgabnlJ/mtLvjgafjgY3jgovjgojjgYbigJzov7fmg5Hpm7voqbHlr77lv5zmqZ/og73igJ3jgpLlvLfljJY8L3RkPjwvdHI+PC90YWJsZT48c3R5bGU+Ci5yYW5rX3RpdHsgZm9udC1zaXplOjE2cHg7IGZvbnQtd2VpZ2h0OmJvbGQ7IGNvbG9yOiNGRkY7IHBhZGRpbmc6OHB4IDAgNXB4IDhweDsgYmFja2dyb3VuZDojMWYyNzc2OyBtYXJnaW46IDIwcHggMCAwIDA7IHdpZHRoOjc5NXB4OyB9Ci5yZXZpZXdfdGl0eyBmb250LXNpemU6MTZweDsgZm9udC13ZWlnaHQ6Ym9sZDsgY29sb3I6I0ZGRjsgcGFkZGluZzo4cHggMCA1cHggOHB4OyBiYWNrZ3JvdW5kOiMxZjI3NzY7ICBtYXJnaW46IDIwcHggMCAwIDA7IHdpZHRoOjc5NXB4O30KPC9zdHlsZT4KCjxkaXYgY2xhc3M9InJhbmtfdGl0Ij7il4bjg6njg7Pjgq3jg7PjgrDlj5fos57llYblk4HvvIE8L2Rpdj4KCgoKCjxkaXYgY2xhc3M9InJldmlld190aXQiPuKXhuOBiuWuouanmOOBruWjsO+8gTwvZGl2Pg==,UGlvbmVlciDjg4fjgrjjgr/jg6vjgrPjg7zjg4njg6zjgrnpm7voqbHmqZ8g5a2Q5qmfMuWPsOS7mOOBjSDov7fmg5Hpm7voqbHlr77nrZbjg7vnlZnlrojnlarjg7vjg4rjg7Pjg5Djg7zjg4fjgqPjgrnjg5fjg6zjgqTmqZ/og73mkK3ovIkg44OB44Kn44Oq44O844OU44Oz44KvIFRGLVNEMTVXLUNQ77yaQ3ljbGUgU21vb3RoIFdlYXI=,44Ki44Oz44OR44Oz44Oe44Oz44OX44Op44Os44O844Or44OP44Kk44OR44O844Oo44O844Oo44O8TEVE44OX44Oq44Kt44Ol44Ki44K444Kw44K944O844OR44K644OrIOODkeODiuOCveODi+ODg+OCr+ODgOOCpOODr+ODneOCseODg+ODiOODouODs+OCueOCv+ODvCDjg4jjg5/jgqsg44K544Oe44Ob44Kx44O844K544OQ44Oz44OA44Kk44Kx44O844K544K344Oe44OO5a626Zu7QlVGRkFMT2lQaG9uZemAgeaWmeeEoeaWmeOCouOCpOODquOCueOCquODvOODpOODnkxFR09QaW9uZWVyIOODh+OCuOOCv+ODq+OCs+ODvOODieODrOOCuembu+ipseapnyDlrZDmqZ8y5Y+w5LuY44GNIOi/t+aDkembu+ipseWvvuetluODu+eVmeWuiOeVquODu+ODiuODs+ODkOODvOODh+OCo+OCueODl+ODrOOCpOapn+iDveaQrei8iSDjg4Hjgqfjg6rjg7zjg5Tjg7Pjgq8gVEYtU0QxNVctQ1A=,UGlvbmVlciDjg4fjgrjjgr/jg6vjgrPjg7zjg4njg6zjgrnpm7voqbHmqZ8g5a2Q5qmfMuWPsOS7mOOBjSDov7fmg5Hpm7voqbHlr77nrZbjg7vnlZnlrojnlarjg7vjg4rjg7Pjg5Djg7zjg4fjgqPjgrnjg5fjg6zjgqTmqZ/og73mkK3ovIkg44OB44Kn44Oq44O844OU44Oz44KvIFRGLVNEMTVXLUNQ[rn]
29-48510,aHR0cDovL3RzaG9wLnIxMHMuanAvZGVua2l0aS9jYWJpbmV0L21pdGh1YmlzaGkvaW1nNjI3NDA2MDcuanBnP2ZpdGluPTcwMDo3MDA=,MTcyOC4wMDAw,,5a626Zu7ID4g44Kt44OD44OB44Oz5a626Zu7ID4g44Kt44OD44OB44Oz5a626Zu755So44Ki44Kv44K744K144Oq44O844O76YOo5ZOBID4g6Zu75a2Q44Os44Oz44K444O744Kq44O844OW44Oz44Os44Oz44K455So44Ki44Kv44K744K144Oq44O8,44Of44OE44OT44K344Kq44O844OW44Oz44Os44Oz44K4Uk8tTTUw44CBUk8tTTVZ44CBUk8tTTYw44CBUk8tTUY144CBUk8tTVo3MDDnlKjjga7kuLjnmr/vvIjjgrvjg6njg5/jg4Pjgq/oo73vvInimIUx5p6a44CQTUlUU1VCSVNISSDkuInoj7EgTTE4MzUyMzQwQ+KGkk0xODM2NzM0MEPjgJHigLvlk4HnlarjgYzlpInmm7Tjgavjgarjgorjgb7jgZfjgZ/jgII=,44CQ5a6F6YWN5L6/44Gu5aC05ZCI6YCB5paZNTAw5YaG44CR5Ymy44KM44Gh44KD44Gj44Gf77yf,PElNRyBzcmM9Imh0dHA6Ly9pbWFnZS5yYWt1dGVuLmNvLmpwL2RlbmtpdGkvY2FiaW5ldC9tYWlsLWZ1a2EuZ2lmIiBib3JkZXI9IjAiPjxicj48YnI+PGZvbnQgY29sb3I9InJlZCI+4piF44Ok44Oe44OI6YGL6Ly444Gu6YCB5paZ44Gv44GT44Gh44KJ4piFPC9mb250PjxCUj48QlI+CjxUQUJMRSBjbGFzcz0idGFibGVtaWdpIj48VFI+PFREPuWVhuWTgeWQjTwvVEQ+PFREPumbu+WtkOODrOODs+OCuOeUqOOBruS4uOeav++8iOWIpeWQje+8muOCv+ODvOODs+ODhuODvOODluODq++8jOODrOODs+OCuOeav++8iTwvVEQ+PC9UUj4KPFRSIGNsYXNzPSJ0ZG1pZ2kxIj48VEQ+5YWl5pWwPC9URD48VEQ+77yR5p6aPC9URD48L1RSPgo8VFI+PFREPumBqeeUqOapn+eorjwvVEQ+PFREPlJPLU01MOOAgVJPLU01WeOAgVJPLU02MOOAgVJPLU1GNeOAgVJPLU1aNzAwPC9URD48L1RSPgo8VFIgY2xhc3M9InRkbWlnaTEiPjxURD7jg6Hjg7zjgqvjg7w8L1REPjxURD7kuInoj7HjgIFNSVRTVUJJU0hJPC9URD48L1RSPgo8L1RBQkxFPgo8QlI+CjxCUj4KPFRBQkxFIGNsYXNzPSJ0YWJsZW1pZ2kiPjx0ciBjbGFzcz0idGRtaWdpMSI+CjxURCBiZ2NvbG9yPSIjZmZjY2NjIj48Yj7jgZTos7zlhaXliY3jgavjgZTnorroqo3jgY/jgaDjgZXjgYQ8L2I+PC9URD48L3RyPgo8dHI+PHRkPjxCPuODu+S4uOeav+OAgeinkueav+OAgeeEvOOCouODn+OBr+imi+OBn+ebruODu+OCteOCpOOCuuOBjOWQjOOBmOOBp+OCgumBqeeUqOWTgeS7peWkluOBruOCguOBruOBr+ODoeODvOOCq+ODvOOBp+aOqOWlqOOBl+OBpuOBiuOCiuOBvuOBm+OCk+OAgjxCUj7jgZ3jga7ngrrjgIE8Rk9OVCBjb2xvcj0iI2ZmMDAzMyI+6YGp55So5ZOB5Lul5aSW44KS44GU6LO85YWl44O75L2/55So5b6M44Gu5pys5L2T44Gu55Ww5bi444G+44Gf44Gv5pWF6Zqc44CB5oCq5oiR562J44KS44GX44Gf5aC05ZCI44Gu6LKs5Lu744Gv5b2T5bqX44Gn44Gv6LKg44GE44GL44Gt44G+44GZPC9GT05UPjwvQj7jgII8QlI+CuOBlOizvOWFpeWJjeOBq+OBlOWIqeeUqOS4reOBruacrOS9k+OBqOmBqeeUqOOBl+OBpuOBhOOCi+OBi+S7iuS4gOW6puOBlOeiuuiqjeOBj+OBoOOBleOBhOOAgjwvVEQ+PC9UUj4KPC9UQUJMRT4KPEJSPgo8QlI+CjwhLS3imIYtLT4KPFRBQkxFIGNsYXNzPSJ0YWJsZW1pZ2kiPgo8VFI+PFREIGNsYXNzPSJ0ZG1pZ2kxIj48Rk9OVCBjb2xvcj0jZmZmZmZmPuKWoDwvRk9OVD48Qj7mlK/miZXmlrnms5U8L0I+PC9URD48L1RSPjxUUj48VEQgY2xhc3M9InRkbWlnaTIiPjxJTUcgc3JjPWh0dHA6Ly9pbWFnZS5yYWt1dGVuLmNvLmpwL2RlbmtpdGkvY2FiaW5ldC9idW5ydWkvY2FzaDEuZ2lmIGJvcmRlcj0wPjxJTUcgc3JjPWh0dHA6Ly9pbWFnZS5yYWt1dGVuLmNvLmpwL2RlbmtpdGkvY2FiaW5ldC9idW5ydWkvY2FzaDIuZ2lmIGJvcmRlcj0wPjxJTUcgc3JjPWh0dHA6Ly9pbWFnZS5yYWt1dGVuLmNvLmpwL2RlbmtpdGkvY2FiaW5ldC9idW5ydWkvY2FzaDMuZ2lmIGJvcmRlcj0wPjxJTUcgc3JjPWh0dHA6Ly9pbWFnZS5yYWt1dGVuLmNvLmpwL2RlbmtpdGkvY2FiaW5ldC9idW5ydWkvY2FzaDUuZ2lmIGJvcmRlcj0wPjxCUj4K44Gn44Gu44GK5pSv5omV44GE44GM5Y+v6IO944Gn44GZ44CCPEJSPuKYheOBiuaUr+aJleaWueazleOCkuODouODg+ODiOips+OBl+OBj+KYhTwvVEQ+PC9UUj4KPFRSPjxURCBjbGFzcz0idGRtaWdpMSI+PEZPTlQgY29sb3I9I2ZmZmZmZj7ilqA8L0ZPTlQ+PEI+5ZWG5ZOB44Gu55m66YCB5pelPC9CPjwvVEQ+PC9UUj48VFI+PFREIGNsYXNzPSJ0ZG1pZ2kyIj48Rk9OVCBjb2xvcj0jZmYzMzAwPjxCPuacrOWVhuWTgeOBr+mAmuW4uOOBr+ODoeODvOOCq+ODvOWPluOCiuWvhOOBm+WTgeOBp+OBmeOAgjwvQj48L0ZPTlQ+PEJSPuKWoOODoeODvOOCq+ODvOOBq+WcqOW6q+OBjOOBguOBo+OBn+WgtOWQiOOBpzxCUj48Rk9OVCBjb2xvcj0iIzk5MDBmZiI+5b6h5rOo5paH5pel77yL77yR772e77yT5pel56iL5bqm44Gn44Gu55m66YCB44Go44Gq44KK44G+44GZ44CCPGJyPjwvRk9OVD7ilqDjg6Hjg7zjgqvjg7zmrKDlk4Hjga7loLTlkIg8QlI+CjxGT05UIGNvbG9yPSIjOTkwMGZmIj7llYblk4HnlJ/nlKPkuIrjgYzjgorlvozjga7nmbrpgIHjgajjgarjgorjgb7jgZnjgII8L0ZPTlQ+PEJSPjxCUj48Qj7igLvjgYrmgKXjgY7jga7loLTlkIjjga/jgb7jgZrlnKjluqvjgavjgaTjgYTjgabjgYrllY/jgYTlkIjjgo/jgZvjgY/jgaDjgZXjgYTvvIE8L0I+PEJSPuKAu+WVhuWTgemhjOWQjeOBq+WNs+e0jeOBqOihqOiomOOBruOBguOCi+WgtOWQiOOBq+OBr+OAgeW9k+W6l+WcqOW6q+WIhuOBp+eiuuS/neWPr+iDveOBp+OBmeOAgjxCUj4KPEJSPjwvVEQ+PC9UUj4KPFRSPjxURCBjbGFzcz0idGRtaWdpMSI+PEZPTlQgY29sb3I9I2ZmZmZmZj7ilqA8L0ZPTlQ+PEI+44GK5bGK44GR5pa55rOV44Gr44Gk44GE44GmPC9CPjwvVEQ+PC9UUj48VFI+PFREIGNsYXNzPSJ0ZG1pZ2kyIj7jg7vlroXphY3kvr/vvIjlvZPlupfmjIflrprjga7pgYvpgIHkvJrnpL7vvIk8QlI+44O744Ok44Oe44OI6YGL6Ly4PGZvbnQgY29sb3I9InJlZCI+77yI5Zyw5Z+f44GU44Go44Gr5paZ6YeR44GM55Ww44Gq44KK44G+44GZ77yJPC9mb250PjxCUj48QlI+44Gu5LiK6KiYMueCueOBruaWueazleOBp+OBruOBiuWxiuOBkeOBjOWPr+iDveOBp+OBmeOAguOBhOOBmuOCjOOCguWQjOaZguOBlOazqOaWh+OCguOBl+OBj+OBr+WQjOaXpeOBruOBlOazqOaWh+OBp+WQjOaiseWTgeOBjOOBguOCi+aXqOiomOi8ieOBhOOBn+OBoOOBkeOBn+WgtOWQiOS9leWAi+OBp+OCguWQjOaiseOBl+OBiuWxiuOBkeOBleOBm+OBpuOBhOOBn+OBoOOBjeOBvuOBmeOAgjxCUj4KPEJSPuKAu+acrOWVhuWTgeOBr+ODoeODvOODq+S+v+OBp+OBruOBiuWxiuOBkeOBr+OBp+OBjeOBvuOBm+OCk+OAgjxCUj7igLvjg6Hjg7zjgqvjg7znm7TpgIHlk4Hjgajjga7lkIzmorHjga/jgafjgY3jgb7jgZvjgpPjgII8QlI+PEJSPjwvVEQ+PC9UUj4KPFRSPjxURCBjbGFzcz0idGRtaWdpMSI+PEZPTlQgY29sb3I9I2ZmZmZmZj7ilqA8L0ZPTlQ+PEI+6L+U5ZOB44O75Lqk5o+bPC9CPjwvVEQ+PC9UUj48VFI+PFREIGNsYXNzPSJ0ZG1pZ2kyIj7jg7vjgYrlrqLmp5jjga7jgZTpg73lkIjjgavjgojjgovov5Tlk4HkuqTmj5vjga/kuIDliIfjgYrlj5fjgZHjgafjgY3jgb7jgZvjgpPjgILkvovvvJrlk4HnlarjgpLplpPpgZXjgaPjgabms6jmlofjgZfjgZ/jgII8QlI+CuODu+mDqOWTgeOBq+OBr+S/nemanOOBr+S7mOOBhOOBpuOBiuOCiuOBvuOBm+OCk+OAguWIneacn+S4jeiJr+OBruOBv+OBruWvvuW/nOOBqOOBquOCiuOBvuOBmeOAgjwvVEQ+PC9UUj4KPFRSPjxURCBjbGFzcz0idGRtaWdpMSI+PEZPTlQgY29sb3I9I2ZmZmZmZj7ilqA8L0ZPTlQ+PEI+44Kr44Op44O877yG5rOo5oSPPC9CPjwvVEQ+PC9UUj48VFI+PFREIGNsYXNzPSJ0ZG1pZ2kyIj7jgqvjg6njg7zopovmnKzjga/jgYLjgY/jgb7jgafjgoLlj4LogIPjgafjgZnjgILnlJ/lnLDntKDmnZDjgYrlrqLjgZXjgb7jga7jg5Hjgr3jgrPjg7PnlLvpnaLjga7oqK3lrprjgIHjgYLjgovjgYTjga/lvq7lppnjgarpoqjlkIjjgYTnrYnjga7lvbHpn7/jgavjgojjgorjgIHlrp/pmpvjga7llYblk4Hjgajoi6XlubLnlbDjgarjgovloLTlkIjjgYzmnInjgovkuovjgpLjgZTmib/nn6XjgY/jgaDjgZXjgYTjgII8L1REPjwvVFI+PC9UQUJMRT48Q0VOVEVSPgoKPElNRyBzcmM9Imh0dHBzOi8vaW1hZ2UucmFrdXRlbi5jby5qcC9kZW5raXRpL2NhYmluZXQvZWlneW8tMTcwNTEyLmdpZiIgYm9yZGVyPSIwIj48QlI+PEJSPgoKPFRBQkxFIGJvcmRlcj0iMCIgYmdjb2xvcj0iI2ZmMDA2NiI+CgoKPFRSIGJnY29sb3I9IkQ5MDA2NCIgYWxpZ249ImNlbnRlciI+Cgo8VEQgYmdjb2xvcj0iI2ZmMDA2NiI+PEI+PGZvbnQgY29sb3I9IkZGRkYwMCIgc2l6ZT0iKzEiPuKYheePvuWcqOmWi+WCrOS4reOBruODneOCpOODs+ODiOOCouODg+ODl+S8geeUu+OBr+OBk+OBoeOCieOBp+OBmeKYhTwvZm9udD48L0I+PC9URD48L1RSPgoKPFRSIGFsaWduPSJjZW50ZXIiPgoKPFREIGJnY29sb3I9IiNmZmZmMDAiPjxCPgoKPElNRyBzcmM9Imh0dHA6Ly9pbWFnZS5yYWt1dGVuLmNvLmpwL2RlbmtpdGkvY2FiaW5ldC9sdWNrNDY4LTgwMS5naWYiIGJvcmRlcj0iMCIgd2lkdGg9IjQ2OCIgaGVpZ2h0PSI2MCI+PEJSPuKYheWIsOedgOWVhuWTge+8iO+8su+8ieODnuODvOOCr+OBruOCt+ODvOODq+OCkuOCgeOBj+OBo+OBpu+8gTxCUj7jg6njg4Pjgq3jg7zjg4Hjg6Pjg6zjg7PjgrjigJ3imIU8QlI+Cgo8SU1HIHNyYz0iaHR0cDovL2ltYWdlLnJha3V0ZW4uY28uanAvZGVua2l0aS9jYWJpbmV0LzIwMTYwMTIwX3BvaW50N3hfNDY4LmpwZyIgYm9yZGVyPSIwIiB3aWR0aD0iNDY4IiBoZWlnaHQ9IjYwIj48QlI+4piF44G+44Ga44Gv44Oa44O844K444KS44OB44Kn44OD44Kv77yB77yB4piFPEJSPgoKPElNRyBzcmM9Imh0dHA6Ly9pbWFnZS5yYWt1dGVuLmNvLmpwL2RlbmtpdGkvY2FiaW5ldC80Njh4NjAtMjQxLmpwZyIgYm9yZGVyPSIwIiB3aWR0aD0iNDY4IiBoZWlnaHQ9IjYwIj48QlI+4piF44Ko44Oz44OI44Oq44O844GM5b+F6KaB44Gn44GZ77yBNeaciDMxCuaXpe+8iOawtO+8iTIz77yaNTnjgb7jgafvvIE8QlI+CgoKPElNRyBzcmM9Imh0dHA6Ly9pbWFnZS5yYWt1dGVuLmNvLmpwL2RlbmtpdGkvY2FiaW5ldC9lZHkuanBnIiBib3JkZXI9IjAiIHdpZHRoPSI0NjgiIGhlaWdodD0iNjAiPjxCUj7imIXjgqjjg7Pjg4jjg6rjg7zjgYzlv4XopoHjgafjgZnvvIE25pyIMeaXpe+8iOacqO+8iTk6NTnjgb7jgafvvIE8QlI+CgoKPElNRyBzcmM9Imh0dHA6Ly9pbWFnZS5yYWt1dGVuLmNvLmpwL2RlbmtpdGkvY2FiaW5ldC80Njh4NjAtMTczMS5qcGciIGJvcmRlcj0iMCIgd2lkdGg9IjQ2OCIgaGVpZ2h0PSI2MCI+PEJSPuKYheOCqOODs+ODiOODquODvOOBjOW/heimgeOBp+OBme+8gTbmnIgx5pel77yI5pyo77yJMDnvvJo1OeOBvuOBp++8gTxCUj4KCjwvQj4KCjwvVEQ+CgoKPC9UUj4KPC9UQUJMRT4KCjxCUj4KPEZPTlQgc2l6ZT0iLTEiIGNvbG9yPSJkZXJrb3JhbmdlIj4K5ZWG5ZOB44KS44GK5o6i44GX44Gu44GK5a6i5qeY77yB44GK5rCX6Lu944Gr44GK5ZWP44GE5ZCI44KP44Gb44OV44Kp44O844Og44KI44KK44GK5ZWP44GE5ZCI44KP44Gb5LiL44GV44GE44CCbShfIF8pbSA8L0ZPTlQ+CjxCUj4KCuOBiuWuouanmOOBuOOAgeipkOasuuOCteOCpOODiOOBq+OBlOazqOaEj+OBj+OBoOOBleOBhO+8gTxCUj4KCjwvQ0VOVEVSPg==,44Of44OE44OT44K344Kq44O844OW44Oz44Os44Oz44K4Uk8tTTUw44CBUk8tTTVZ44CBUk8tTTYw44CBUk8tTUY144CBUk8tTVo3MDDnlKjjga7kuLjnmr/vvIjjgrvjg6njg5/jg4Pjgq/oo73vvInimIUx5p6a44CQTUlUU1VCSVNISSDkuInoj7EgTTE4MzUyMzQwQyZyYXJyO00xODM2NzM0MEPjgJHigLvlk4HnlarjgYzlpInmm7Tjgavjgarjgorjgb7jgZfjgZ/jgILvvJrjgafjgpPlkIk=,44Gn44KT5ZCJ44Kq44O844Kv44K344On44Oz44OX44Os44K844Oz44OI5a626Zu744OR44K944Kz44Oz5r+A5a6J5a6J6Yi05pyo6Zu75ZmoUGFuYXNvbmljTkFUSU9OQUzjg5/jg4Tjg5Pjgrfjgqrjg7zjg5bjg7Pjg6zjg7PjgrhSTy1NNTDjgIFSTy1NNVnjgIFSTy1NNjDjgIFSTy1NRjXjgIFSTy1NWjcwMOeUqOOBruS4uOeav++8iOOCu+ODqeODn+ODg+OCr+ijve+8ieKYhTHmnprjgJBNSVRTVUJJU0hJIOS4ieiPsSBNMTgzNTIzNDBDJnJhcnI7TTE4MzY3MzQwQ+OAkeKAu+WTgeeVquOBjOWkieabtOOBq+OBquOCiuOBvuOBl+OBn+OAgg==,44CQ5a6F6YWN5L6/44Gu5aC05ZCI6YCB5paZNTAw5YaG44CR5Ymy44KM44Gh44KD44Gj44Gf77yf44CC44Of44OE44OT44K344Kq44O844OW44Oz44Os44Oz44K4Uk8tTTUw44CBUk8tTTVZ44CBUk8tTTYw44CBUk8tTUY144CBUk8tTVo3MDDnlKjjga7kuLjnmr/vvIjjgrvjg6njg5/jg4Pjgq/oo73vvInimIUx5p6a44CQTUlUU1VCSVNISSDkuInoj7EgTTE4MzUyMzQwQyZyYXJyO00xODM2NzM0MEPjgJHigLvlk4HnlarjgYzlpInmm7Tjgavjgarjgorjgb7jgZfjgZ/jgII=[rn]
29-48511,aHR0cDovL3RzaG9wLnIxMHMuanAvZGVua2l0aS9jYWJpbmV0L21pdGh1YmlzaGkvaW1ncmMwMDY1NTQ5NzMxLmdpZj9maXRpbj03MDA6NzAw,MjY3OC40MDAw,,5a626Zu7ID4g44Kt44OD44OB44Oz5a626Zu7ID4g44Kt44OD44OB44Oz5a626Zu755So44Ki44Kv44K744K144Oq44O844O76YOo5ZOBID4g6Zu75a2Q44Os44Oz44K444O744Kq44O844OW44Oz44Os44Oz44K455So44Ki44Kv44K744K144Oq44O8,44Of44OE44OT44K344Kq44O844OW44Oz44Os44Oz44K4Uk8tREwy44CBUk8tREwz44CBUk8tRUwy55So44Gu6KeS55q/77yI44K744Op44Of44OD44Kv6KO977yJ4piFMeaemuOAkE1JVFNVQklTSEkg5LiJ6I+xIE0xODQyODM0MEzjgJHigLtNMTg0MjgzNDBMU+OBr+OBk+OBoeOCieOBq+e1seWQiOOBleOCjOOBvuOBl+OBn+OAgg==,44CQ5a6F6YWN5L6/44Gu5aC05ZCI6YCB5paZNTAw5YaG44CR5Ymy44KM44Gh44KD44Gj44Gf77yf,PElNRyBzcmM9Imh0dHA6Ly9pbWFnZS5yYWt1dGVuLmNvLmpwL2RlbmtpdGkvY2FiaW5ldC9tYWlsLWZ1a2EuZ2lmIiBib3JkZXI9IjAiPjxicj48YnI+PGZvbnQgY29sb3I9InJlZCI+4piF44Ok44Oe44OI6YGL6Ly444Gu6YCB5paZ44Gv44GT44Gh44KJ4piFPC9mb250PjxCUj48QlI+CjxUQUJMRSBjbGFzcz0idGFibGVtaWdpIj48VFI+PFREPuWVhuWTgeWQjTwvVEQ+PFREPuOCquODvOODluODs+ODrOODs+OCuOeUqOOBruinkueav++8iOOCu+ODqeODn+ODg+OCr+ijve+8iTwvVEQ+PC9UUj4KPFRSIGNsYXNzPSJ0ZG1pZ2kxIj48VEQ+5YWl5pWwPC9URD48VEQ+77yR5p6aPC9URD48L1RSPgo8VFI+PFREPumBqeeUqOapn+eorjwvVEQ+PFREPlJPLURMMuOAgVJPLURMM+OAgVJPLUVMMjwvVEQ+PC9UUj4KPFRSIGNsYXNzPSJ0ZG1pZ2kxIj48VEQ+44Oh44O844Kr44O8PC9URD48VEQ+5LiJ6I+x44CB44Of44OE44OT44K344CBTUlUU1VCSVNISTwvVEQ+PC9UUj4KPFRSPjxURD7ms6jmhI88L1REPjxURD7jg6Hjg7zjgqvjg7zpg73lkIjjgavjgojjgorkuojlkYrjgarjgY/ku6Pmm7/jgYjlk4HjgavlpInmm7TjgajjgarjgovloLTlkIjjgYzjgZTjgZbjgYTjgb7jgZnjgII8L1REPjwvVFI+CjwvVEFCTEU+CjxCUj4KPEJSPgo8VEFCTEUgY2xhc3M9InRhYmxlbWlnaSI+PHRyIGNsYXNzPSJ0ZG1pZ2kxIj4KPFREIGJnY29sb3I9IiNmZmNjY2MiPjxiPuOBlOizvOWFpeWJjeOBq+OBlOeiuuiqjeOBj+OBoOOBleOBhDwvYj48L1REPjwvdHI+Cjx0cj48dGQ+PEI+44O75Li455q/44CB6KeS55q/44CB54S844Ki44Of44Gv6KaL44Gf55uu44O744K144Kk44K644GM5ZCM44GY44Gn44KC6YGp55So5ZOB5Lul5aSW44Gu44KC44Gu44Gv44Oh44O844Kr44O844Gn5o6o5aWo44GX44Gm44GK44KK44G+44Gb44KT44CCPEJSPuOBneOBrueCuuOAgTxGT05UIGNvbG9yPSIjZmYwMDMzIj7pgannlKjlk4Hku6XlpJbjgpLjgZTos7zlhaXjg7vkvb/nlKjlvozjga7mnKzkvZPjga7nlbDluLjjgb7jgZ/jga/mlYXpmpzjgIHmgKrmiJHnrYnjgpLjgZfjgZ/loLTlkIjjga7osqzku7vjga/lvZPlupfjgafjga/osqDjgYTjgYvjga3jgb7jgZk8L0ZPTlQ+PC9CPuOAgjxCUj4K44GU6LO85YWl5YmN44Gr44GU5Yip55So5Lit44Gu5pys5L2T44Go6YGp55So44GX44Gm44GE44KL44GL5LuK5LiA5bqm44GU56K66KqN44GP44Gg44GV44GE44CCPC9URD48L1RSPgo8L1RBQkxFPgo8QlI+CjxCUj4KPCEtLeKYhi0tPgo8VEFCTEUgY2xhc3M9InRhYmxlbWlnaSI+CjxUUj48VEQgY2xhc3M9InRkbWlnaTEiPjxGT05UIGNvbG9yPSNmZmZmZmY+4pagPC9GT05UPjxCPuaUr+aJleaWueazlTwvQj48L1REPjwvVFI+PFRSPjxURCBjbGFzcz0idGRtaWdpMiI+PElNRyBzcmM9aHR0cDovL2ltYWdlLnJha3V0ZW4uY28uanAvZGVua2l0aS9jYWJpbmV0L2J1bnJ1aS9jYXNoMS5naWYgYm9yZGVyPTA+PElNRyBzcmM9aHR0cDovL2ltYWdlLnJha3V0ZW4uY28uanAvZGVua2l0aS9jYWJpbmV0L2J1bnJ1aS9jYXNoMi5naWYgYm9yZGVyPTA+PElNRyBzcmM9aHR0cDovL2ltYWdlLnJha3V0ZW4uY28uanAvZGVua2l0aS9jYWJpbmV0L2J1bnJ1aS9jYXNoMy5naWYgYm9yZGVyPTA+PElNRyBzcmM9aHR0cDovL2ltYWdlLnJha3V0ZW4uY28uanAvZGVua2l0aS9jYWJpbmV0L2J1bnJ1aS9jYXNoNS5naWYgYm9yZGVyPTA+PEJSPgrjgafjga7jgYrmlK/miZXjgYTjgYzlj6/og73jgafjgZnjgII8QlI+4piF44GK5pSv5omV5pa55rOV44KS44Oi44OD44OI6Kmz44GX44GP4piFPC9URD48L1RSPgo8VFI+PFREIGNsYXNzPSJ0ZG1pZ2kxIj48Rk9OVCBjb2xvcj0jZmZmZmZmPuKWoDwvRk9OVD48Qj7llYblk4Hjga7nmbrpgIHml6U8L0I+PC9URD48L1RSPjxUUj48VEQgY2xhc3M9InRkbWlnaTIiPjxGT05UIGNvbG9yPSNmZjMzMDA+PEI+5pys5ZWG5ZOB44Gv6YCa5bi444Gv44Oh44O844Kr44O85Y+W44KK5a+E44Gb5ZOB44Gn44GZ44CCPC9CPjwvRk9OVD48QlI+4pag44Oh44O844Kr44O844Gr5Zyo5bqr44GM44GC44Gj44Gf5aC05ZCI44GnPEJSPjxGT05UIGNvbG9yPSIjOTkwMGZmIj7lvqHms6jmlofml6XvvIvvvJHvvZ7vvJPml6XnqIvluqbjgafjga7nmbrpgIHjgajjgarjgorjgb7jgZnjgII8QlI+CjwvRk9OVD7igLvjgZTms6jmlofjga7jgr/jgqTjg5/jg7PjgrDjgavjgojjgaPjgabjga/kuIroqJjnm67lronjgojjgorpgYXjgozjgovloLTlkIjjgoLjgZTjgZbjgYTjgb7jgZnjgII8YnI+CuKWoOODoeODvOOCq+ODvOasoOWTgeOBruWgtOWQiDxCUj4KPEZPTlQgY29sb3I9IiM5OTAwZmYiPuWVhuWTgeeUn+eUo+S4iuOBjOOCiuW+jOOBrueZuumAgeOBqOOBquOCiuOBvuOBmeOAgjwvRk9OVD48QlI+PEJSPjxCPuKAu+OBiuaApeOBjuOBruWgtOWQiOOBr+OBvuOBmuWcqOW6q+OBq+OBpOOBhOOBpuOBiuWVj+OBhOWQiOOCj+OBm+OBj+OBoOOBleOBhO+8gTwvQj48QlI+4oC75ZWG5ZOB6aGM5ZCN44Gr5Y2z57SN44Go6KGo6KiY44Gu44GC44KL5aC05ZCI44Gr44Gv44CB5b2T5bqX5Zyo5bqr5YiG44Gn56K65L+d5Y+v6IO944Gn44GZ44CCPEJSPgo8QlI+PC9URD48L1RSPgo8VFI+PFREIGNsYXNzPSJ0ZG1pZ2kxIj48Rk9OVCBjb2xvcj0jZmZmZmZmPuKWoDwvRk9OVD48Qj7jgYrlsYrjgZHmlrnms5XjgavjgaTjgYTjgaY8L0I+PC9URD48L1RSPjxUUj48VEQgY2xhc3M9InRkbWlnaTIiPjxJTUcgc3JjPSJodHRwOi8vaW1hZ2UucmFrdXRlbi5jby5qcC9kZW5raXRpL2NhYmluZXQvdGFrdWhhaWJ1bi5naWYiIGJvcmRlcj0iMCI+PC9URD48L1RSPgo8VFI+PFREIGNsYXNzPSJ0ZG1pZ2kxIj48Rk9OVCBjb2xvcj0jZmZmZmZmPuKWoDwvRk9OVD48Qj7ov5Tlk4Hjg7vkuqTmj5s8L0I+PC9URD48L1RSPjxUUj48VEQgY2xhc3M9InRkbWlnaTIiPuODu+OBiuWuouanmOOBruOBlOmDveWQiOOBq+OCiOOCi+i/lOWTgeS6pOaPm+OBr+S4gOWIh+OBiuWPl+OBkeOBp+OBjeOBvuOBm+OCk+OAguS+i++8muWTgeeVquOCkumWk+mBleOBo+OBpuazqOaWh+OBl+OBn+OAgjxCUj4K44O76YOo5ZOB44Gr44Gv5L+d6Zqc44Gv5LuY44GE44Gm44GK44KK44G+44Gb44KT44CC5Yid5pyf5LiN6Imv44Gu44G/44Gu5a++5b+c44Go44Gq44KK44G+44GZ44CCPC9URD48L1RSPgo8VFI+PFREIGNsYXNzPSJ0ZG1pZ2kxIj48Rk9OVCBjb2xvcj0jZmZmZmZmPuKWoDwvRk9OVD48Qj7jgqvjg6njg7zvvIbms6jmhI88L0I+PC9URD48L1RSPjxUUj48VEQgY2xhc3M9InRkbWlnaTIiPuOCq+ODqeODvOimi+acrOOBr+OBguOBj+OBvuOBp+OCguWPguiAg+OBp+OBmeOAgueUn+WcsOe0oOadkOOBiuWuouOBleOBvuOBruODkeOCveOCs+ODs+eUu+mdouOBruioreWumuOAgeOBguOCi+OBhOOBr+W+ruWmmeOBqumiqOWQiOOBhOetieOBruW9semfv+OBq+OCiOOCiuOAgeWun+mam+OBruWVhuWTgeOBqOiLpeW5sueVsOOBquOCi+WgtOWQiOOBjOacieOCi+S6i+OCkuOBlOaJv+efpeOBj+OBoOOBleOBhOOAgjwvVEQ+PC9UUj48L1RBQkxFPjxDRU5URVI+Cgo8SU1HIHNyYz0iaHR0cHM6Ly9pbWFnZS5yYWt1dGVuLmNvLmpwL2RlbmtpdGkvY2FiaW5ldC9laWd5by0xNzA1MTIuZ2lmIiBib3JkZXI9IjAiPjxCUj48QlI+Cgo8VEFCTEUgYm9yZGVyPSIwIiBiZ2NvbG9yPSIjZmYwMDY2Ij4KCgo8VFIgYmdjb2xvcj0iRDkwMDY0IiBhbGlnbj0iY2VudGVyIj4KCjxURCBiZ2NvbG9yPSIjZmYwMDY2Ij48Qj48Zm9udCBjb2xvcj0iRkZGRjAwIiBzaXplPSIrMSI+4piF54++5Zyo6ZaL5YKs5Lit44Gu44Od44Kk44Oz44OI44Ki44OD44OX5LyB55S744Gv44GT44Gh44KJ44Gn44GZ4piFPC9mb250PjwvQj48L1REPjwvVFI+Cgo8VFIgYWxpZ249ImNlbnRlciI+Cgo8VEQgYmdjb2xvcj0iI2ZmZmYwMCI+PEI+Cgo8SU1HIHNyYz0iaHR0cDovL2ltYWdlLnJha3V0ZW4uY28uanAvZGVua2l0aS9jYWJpbmV0L2x1Y2s0NjgtODAxLmdpZiIgYm9yZGVyPSIwIiB3aWR0aD0iNDY4IiBoZWlnaHQ9IjYwIj48QlI+4piF5Yiw552A5ZWG5ZOB77yI77yy77yJ44Oe44O844Kv44Gu44K344O844Or44KS44KB44GP44Gj44Gm77yBPEJSPuODqeODg+OCreODvOODgeODo+ODrOODs+OCuOKAneKYhTxCUj4KCjxJTUcgc3JjPSJodHRwOi8vaW1hZ2UucmFrdXRlbi5jby5qcC9kZW5raXRpL2NhYmluZXQvMjAxNjAxMjBfcG9pbnQ3eF80NjguanBnIiBib3JkZXI9IjAiIHdpZHRoPSI0NjgiIGhlaWdodD0iNjAiPjxCUj7imIXjgb7jgZrjga/jg5rjg7zjgrjjgpLjg4Hjgqfjg4Pjgq/vvIHvvIHimIU8QlI+Cgo8SU1HIHNyYz0iaHR0cDovL2ltYWdlLnJha3V0ZW4uY28uanAvZGVua2l0aS9jYWJpbmV0LzQ2OHg2MC0yNDEuanBnIiBib3JkZXI9IjAiIHdpZHRoPSI0NjgiIGhlaWdodD0iNjAiPjxCUj7imIXjgqjjg7Pjg4jjg6rjg7zjgYzlv4XopoHjgafjgZnvvIE15pyIMzEK5pel77yI5rC077yJMjPvvJo1OeOBvuOBp++8gTxCUj4KCgo8SU1HIHNyYz0iaHR0cDovL2ltYWdlLnJha3V0ZW4uY28uanAvZGVua2l0aS9jYWJpbmV0L2VkeS5qcGciIGJvcmRlcj0iMCIgd2lkdGg9IjQ2OCIgaGVpZ2h0PSI2MCI+PEJSPuKYheOCqOODs+ODiOODquODvOOBjOW/heimgeOBp+OBme+8gTbmnIgx5pel77yI5pyo77yJOTo1OeOBvuOBp++8gTxCUj4KCgo8SU1HIHNyYz0iaHR0cDovL2ltYWdlLnJha3V0ZW4uY28uanAvZGVua2l0aS9jYWJpbmV0LzQ2OHg2MC0xNzMxLmpwZyIgYm9yZGVyPSIwIiB3aWR0aD0iNDY4IiBoZWlnaHQ9IjYwIj48QlI+4piF44Ko44Oz44OI44Oq44O844GM5b+F6KaB44Gn44GZ77yBNuaciDHml6XvvIjmnKjvvIkwOe+8mjU544G+44Gn77yBPEJSPgoKPC9CPgoKPC9URD4KCgo8L1RSPgo8L1RBQkxFPgoKPEJSPgo8Rk9OVCBzaXplPSItMSIgY29sb3I9ImRlcmtvcmFuZ2UiPgrllYblk4HjgpLjgYrmjqLjgZfjga7jgYrlrqLmp5jvvIHjgYrmsJfou73jgavjgYrllY/jgYTlkIjjgo/jgZvjg5Xjgqnjg7zjg6DjgojjgorjgYrllY/jgYTlkIjjgo/jgZvkuIvjgZXjgYTjgIJtKF8gXyltIDwvRk9OVD4KPEJSPgoK44GK5a6i5qeY44G444CB6KmQ5qy644K144Kk44OI44Gr44GU5rOo5oSP44GP44Gg44GV44GE77yBPEJSPgoKPC9DRU5URVI+,44Of44OE44OT44K344Kq44O844OW44Oz44Os44Oz44K4Uk8tREwy44CBUk8tREwz44CBUk8tRUwy55So44Gu6KeS55q/77yI44K744Op44Of44OD44Kv6KO977yJ4piFMeaemuOAkE1JVFNVQklTSEkg5LiJ6I+xIE0xODQyODM0MEzjgJHigLtNMTg0MjgzNDBMU+OBr+OBk+OBoeOCieOBq+e1seWQiOOBleOCjOOBvuOBl+OBn+OAgu+8muOBp+OCk+WQiQ==,44Gn44KT5ZCJ44Kq44O844Kv44K344On44Oz44OX44Os44K844Oz44OI5a626Zu744OR44K944Kz44Oz5r+A5a6J5a6J6Yi05pyo6Zu75ZmoUGFuYXNvbmljTkFUSU9OQUzjg5/jg4Tjg5Pjgrfjgqrjg7zjg5bjg7Pjg6zjg7PjgrhSTy1ETDLjgIFSTy1ETDPjgIFSTy1FTDLnlKjjga7op5Lnmr/vvIjjgrvjg6njg5/jg4Pjgq/oo73vvInimIUx5p6a44CQTUlUU1VCSVNISSDkuInoj7EgTTE4NDI4MzQwTOOAkeKAu00xODQyODM0MExT44Gv44GT44Gh44KJ44Gr57Wx5ZCI44GV44KM44G+44GX44Gf44CC,44CQ5a6F6YWN5L6/44Gu5aC05ZCI6YCB5paZNTAw5YaG44CR5Ymy44KM44Gh44KD44Gj44Gf77yf44CC44Of44OE44OT44K344Kq44O844OW44Oz44Os44Oz44K4Uk8tREwy44CBUk8tREwz44CBUk8tRUwy55So44Gu6KeS55q/77yI44K744Op44Of44OD44Kv6KO977yJ4piFMeaemuOAkE1JVFNVQklTSEkg5LiJ6I+xIE0xODQyODM0MEzjgJHigLtNMTg0MjgzNDBMU+OBr+OBk+OBoeOCieOBq+e1seWQiOOBleOCjOOBvuOBl+OBn+OAgg==[rn]
29-48512,aHR0cDovL3RzaG9wLnIxMHMuanAvZGVua2l0aS9jYWJpbmV0L21pdGh1YmlzaGkvaW1ncmMwMDY1NTU4NDUyLmdpZj9maXRpbj03MDA6NzAw,MjkzNy42MDAw,,5a626Zu7ID4g44Kt44OD44OB44Oz5a626Zu7ID4g44Kt44OD44OB44Oz5a626Zu755So44Ki44Kv44K744K144Oq44O844O76YOo5ZOBID4g6Zu75a2Q44Os44Oz44K444O744Kq44O844OW44Oz44Os44Oz44K455So44Ki44Kv44K744K144Oq44O8,44Of44OE44OT44K344Kq44O844OW44Oz44Os44Oz44K4Uk8tREcx44CBUk8tREcxMEbjgIFSTy1WRjHnlKjjga7op5Lnmr/vvIjjgrvjg6njg5/jg4Pjgq/oo73vvInimIUx5YCL44CQTUlUU1VCSVNISSDkuInoj7EgTTE4NDI0MzQw44CR,44CQ5a6F6YWN5L6/44Gu5aC05ZCI6YCB5paZNTAw5YaG44CR5Ymy44KM44Gh44KD44Gj44Gf77yf,PElNRyBzcmM9Imh0dHA6Ly9pbWFnZS5yYWt1dGVuLmNvLmpwL2RlbmtpdGkvY2FiaW5ldC9tYWlsLWZ1a2EuZ2lmIiBib3JkZXI9IjAiPjxicj48YnI+PGZvbnQgY29sb3I9InJlZCI+4piF44Ok44Oe44OI6YGL6Ly444Gu6YCB5paZ44Gv44GT44Gh44KJ4piFPC9mb250PjxCUj48QlI+CjxUQUJMRSBjbGFzcz0idGFibGVtaWdpIj48VFI+PFREPuWVhuWTgeWQjTwvVEQ+PFREPuOCquODvOODluODs+ODrOODs+OCuOeUqOOBruinkueav++8iOOCu+ODqeODn+ODg+OCr+ijve+8iTwvVEQ+PC9UUj4KPFRSIGNsYXNzPSJ0ZG1pZ2kxIj48VEQ+5YWl5pWwPC9URD48VEQ+77yR5p6aPC9URD48L1RSPgo8VFI+PFREPumBqeeUqOapn+eorjwvVEQ+PFREPlJPLURHMeOAgVJPLURHMTBG44CBUk8tVkYxPC9URD48L1RSPgo8VFIgY2xhc3M9InRkbWlnaTEiPjxURD7jg6Hjg7zjgqvjg7w8L1REPjxURD7kuInoj7HjgIFNSVRTVUJJU0hJPC9URD48L1RSPgo8VFI+PFREPuazqOaEjzwvVEQ+PFREPuODoeODvOOCq+ODvOmDveWQiOOBq+OCiOOCiuS6iOWRiuOBquOBj+S7o+abv+OBiOWTgeOBq+WkieabtOOBqOOBquOCi+WgtOWQiOOBjOOBlOOBluOBhOOBvuOBmeOAgjwvVEQ+PC9UUj4KPC9UQUJMRT4KPEJSPgo8QlI+CjxUQUJMRSBjbGFzcz0idGFibGVtaWdpIj48dHIgY2xhc3M9InRkbWlnaTEiPgo8VEQgYmdjb2xvcj0iI2ZmY2NjYyI+PGI+44GU6LO85YWl5YmN44Gr44GU56K66KqN44GP44Gg44GV44GEPC9iPjwvVEQ+PC90cj4KPHRyPjx0ZD48Qj7jg7vkuLjnmr/jgIHop5Lnmr/jgIHnhLzjgqLjg5/jga/opovjgZ/nm67jg7vjgrXjgqTjgrrjgYzlkIzjgZjjgafjgoLpgannlKjlk4Hku6XlpJbjga7jgoLjga7jga/jg6Hjg7zjgqvjg7zjgafmjqjlpajjgZfjgabjgYrjgorjgb7jgZvjgpPjgII8QlI+44Gd44Gu54K644CBPEZPTlQgY29sb3I9IiNmZjAwMzMiPumBqeeUqOWTgeS7peWkluOCkuOBlOizvOWFpeODu+S9v+eUqOW+jOOBruacrOS9k+OBrueVsOW4uOOBvuOBn+OBr+aVhemanOOAgeaAquaIkeetieOCkuOBl+OBn+WgtOWQiOOBruiyrOS7u+OBr+W9k+W6l+OBp+OBr+iyoOOBhOOBi+OBreOBvuOBmTwvRk9OVD48L0I+44CCPEJSPgrjgZTos7zlhaXliY3jgavjgZTliKnnlKjkuK3jga7mnKzkvZPjgajpgannlKjjgZfjgabjgYTjgovjgYvku4rkuIDluqbjgZTnorroqo3jgY/jgaDjgZXjgYTjgII8L1REPjwvVFI+CjwvVEFCTEU+CjxCUj4KPEJSPgo8IS0t4piGLS0+CjxUQUJMRSBjbGFzcz0idGFibGVtaWdpIj4KPFRSPjxURCBjbGFzcz0idGRtaWdpMSI+PEZPTlQgY29sb3I9I2ZmZmZmZj7ilqA8L0ZPTlQ+PEI+5pSv5omV5pa55rOVPC9CPjwvVEQ+PC9UUj48VFI+PFREIGNsYXNzPSJ0ZG1pZ2kyIj48SU1HIHNyYz1odHRwOi8vaW1hZ2UucmFrdXRlbi5jby5qcC9kZW5raXRpL2NhYmluZXQvYnVucnVpL2Nhc2gxLmdpZiBib3JkZXI9MD48SU1HIHNyYz1odHRwOi8vaW1hZ2UucmFrdXRlbi5jby5qcC9kZW5raXRpL2NhYmluZXQvYnVucnVpL2Nhc2gyLmdpZiBib3JkZXI9MD48SU1HIHNyYz1odHRwOi8vaW1hZ2UucmFrdXRlbi5jby5qcC9kZW5raXRpL2NhYmluZXQvYnVucnVpL2Nhc2gzLmdpZiBib3JkZXI9MD48SU1HIHNyYz1odHRwOi8vaW1hZ2UucmFrdXRlbi5jby5qcC9kZW5raXRpL2NhYmluZXQvYnVucnVpL2Nhc2g1LmdpZiBib3JkZXI9MD48QlI+CuOBp+OBruOBiuaUr+aJleOBhOOBjOWPr+iDveOBp+OBmeOAgjxCUj7imIXjgYrmlK/miZXmlrnms5XjgpLjg6Ljg4Pjg4joqbPjgZfjgY/imIU8L1REPjwvVFI+CjxUUj48VEQgY2xhc3M9InRkbWlnaTEiPjxGT05UIGNvbG9yPSNmZmZmZmY+4pagPC9GT05UPjxCPuWVhuWTgeOBrueZuumAgeaXpTwvQj48L1REPjwvVFI+PFRSPjxURCBjbGFzcz0idGRtaWdpMiI+PEZPTlQgY29sb3I9I2ZmMzMwMD48Qj7mnKzllYblk4Hjga/pgJrluLjjga/jg6Hjg7zjgqvjg7zlj5bjgorlr4TjgZvlk4HjgafjgZnjgII8L0I+PC9GT05UPjxCUj7ilqDjg6Hjg7zjgqvjg7zjgavlnKjluqvjgYzjgYLjgaPjgZ/loLTlkIjjgac8QlI+PEZPTlQgY29sb3I9IiM5OTAwZmYiPuW+oeazqOaWh+aXpe+8i++8ke+9nu+8k+aXpeeoi+W6puOBp+OBrueZuumAgeOBqOOBquOCiuOBvuOBmeOAgjxCUj4KPC9GT05UPuKAu+OBlOazqOaWh+OBruOCv+OCpOODn+ODs+OCsOOBq+OCiOOBo+OBpuOBr+S4iuiomOebruWuieOCiOOCiumBheOCjOOCi+WgtOWQiOOCguOBlOOBluOBhOOBvuOBmeOAgjxicj4K4pag44Oh44O844Kr44O85qyg5ZOB44Gu5aC05ZCIPEJSPgo8Rk9OVCBjb2xvcj0iIzk5MDBmZiI+5ZWG5ZOB55Sf55Sj5LiK44GM44KK5b6M44Gu55m66YCB44Go44Gq44KK44G+44GZ44CCPC9GT05UPjxCUj48QlI+PEI+4oC744GK5oCl44GO44Gu5aC05ZCI44Gv44G+44Ga5Zyo5bqr44Gr44Gk44GE44Gm44GK5ZWP44GE5ZCI44KP44Gb44GP44Gg44GV44GE77yBPC9CPjxCUj7igLvllYblk4HpoYzlkI3jgavljbPntI3jgajooajoqJjjga7jgYLjgovloLTlkIjjgavjga/jgIHlvZPlupflnKjluqvliIbjgafnorrkv53lj6/og73jgafjgZnjgII8QlI+CjxCUj48L1REPjwvVFI+CjxUUj48VEQgY2xhc3M9InRkbWlnaTEiPjxGT05UIGNvbG9yPSNmZmZmZmY+4pagPC9GT05UPjxCPuOBiuWxiuOBkeaWueazleOBq+OBpOOBhOOBpjwvQj48L1REPjwvVFI+PFRSPjxURCBjbGFzcz0idGRtaWdpMiI+PElNRyBzcmM9Imh0dHA6Ly9pbWFnZS5yYWt1dGVuLmNvLmpwL2RlbmtpdGkvY2FiaW5ldC90YWt1aGFpYnVuLmdpZiIgYm9yZGVyPSIwIj48L1REPjwvVFI+CjxUUj48VEQgY2xhc3M9InRkbWlnaTEiPjxGT05UIGNvbG9yPSNmZmZmZmY+4pagPC9GT05UPjxCPui/lOWTgeODu+S6pOaPmzwvQj48L1REPjwvVFI+PFRSPjxURCBjbGFzcz0idGRtaWdpMiI+44O744GK5a6i5qeY44Gu44GU6YO95ZCI44Gr44KI44KL6L+U5ZOB5Lqk5o+b44Gv5LiA5YiH44GK5Y+X44GR44Gn44GN44G+44Gb44KT44CC5L6L77ya5ZOB55Wq44KS6ZaT6YGV44Gj44Gm5rOo5paH44GX44Gf44CCPEJSPgrjg7vpg6jlk4Hjgavjga/kv53pmpzjga/ku5jjgYTjgabjgYrjgorjgb7jgZvjgpPjgILliJ3mnJ/kuI3oia/jga7jgb/jga7lr77lv5zjgajjgarjgorjgb7jgZnjgII8L1REPjwvVFI+CjxUUj48VEQgY2xhc3M9InRkbWlnaTEiPjxGT05UIGNvbG9yPSNmZmZmZmY+4pagPC9GT05UPjxCPuOCq+ODqeODvO+8huazqOaEjzwvQj48L1REPjwvVFI+PFRSPjxURCBjbGFzcz0idGRtaWdpMiI+44Kr44Op44O86KaL5pys44Gv44GC44GP44G+44Gn44KC5Y+C6ICD44Gn44GZ44CC55Sf5Zyw57Sg5p2Q44GK5a6i44GV44G+44Gu44OR44K944Kz44Oz55S76Z2i44Gu6Kit5a6a44CB44GC44KL44GE44Gv5b6u5aaZ44Gq6aKo5ZCI44GE562J44Gu5b2x6Z+/44Gr44KI44KK44CB5a6f6Zqb44Gu5ZWG5ZOB44Go6Iul5bmy55Ww44Gq44KL5aC05ZCI44GM5pyJ44KL5LqL44KS44GU5om/55+l44GP44Gg44GV44GE44CCPC9URD48L1RSPjwvVEFCTEU+PENFTlRFUj4KCjxJTUcgc3JjPSJodHRwczovL2ltYWdlLnJha3V0ZW4uY28uanAvZGVua2l0aS9jYWJpbmV0L2VpZ3lvLTE3MDUxMi5naWYiIGJvcmRlcj0iMCI+PEJSPjxCUj4KCjxUQUJMRSBib3JkZXI9IjAiIGJnY29sb3I9IiNmZjAwNjYiPgoKCjxUUiBiZ2NvbG9yPSJEOTAwNjQiIGFsaWduPSJjZW50ZXIiPgoKPFREIGJnY29sb3I9IiNmZjAwNjYiPjxCPjxmb250IGNvbG9yPSJGRkZGMDAiIHNpemU9IisxIj7imIXnj77lnKjplovlgqzkuK3jga7jg53jgqTjg7Pjg4jjgqLjg4Pjg5fkvIHnlLvjga/jgZPjgaHjgonjgafjgZnimIU8L2ZvbnQ+PC9CPjwvVEQ+PC9UUj4KCjxUUiBhbGlnbj0iY2VudGVyIj4KCjxURCBiZ2NvbG9yPSIjZmZmZjAwIj48Qj4KCjxJTUcgc3JjPSJodHRwOi8vaW1hZ2UucmFrdXRlbi5jby5qcC9kZW5raXRpL2NhYmluZXQvbHVjazQ2OC04MDEuZ2lmIiBib3JkZXI9IjAiIHdpZHRoPSI0NjgiIGhlaWdodD0iNjAiPjxCUj7imIXliLDnnYDllYblk4HvvIjvvLLvvInjg57jg7zjgq/jga7jgrfjg7zjg6vjgpLjgoHjgY/jgaPjgabvvIE8QlI+44Op44OD44Kt44O844OB44Oj44Os44Oz44K44oCd4piFPEJSPgoKPElNRyBzcmM9Imh0dHA6Ly9pbWFnZS5yYWt1dGVuLmNvLmpwL2RlbmtpdGkvY2FiaW5ldC8yMDE2MDEyMF9wb2ludDd4XzQ2OC5qcGciIGJvcmRlcj0iMCIgd2lkdGg9IjQ2OCIgaGVpZ2h0PSI2MCI+PEJSPuKYheOBvuOBmuOBr+ODmuODvOOCuOOCkuODgeOCp+ODg+OCr++8ge+8geKYhTxCUj4KCjxJTUcgc3JjPSJodHRwOi8vaW1hZ2UucmFrdXRlbi5jby5qcC9kZW5raXRpL2NhYmluZXQvNDY4eDYwLTI0MS5qcGciIGJvcmRlcj0iMCIgd2lkdGg9IjQ2OCIgaGVpZ2h0PSI2MCI+PEJSPuKYheOCqOODs+ODiOODquODvOOBjOW/heimgeOBp+OBme+8gTXmnIgzMQrml6XvvIjmsLTvvIkyM++8mjU544G+44Gn77yBPEJSPgoKCjxJTUcgc3JjPSJodHRwOi8vaW1hZ2UucmFrdXRlbi5jby5qcC9kZW5raXRpL2NhYmluZXQvZWR5LmpwZyIgYm9yZGVyPSIwIiB3aWR0aD0iNDY4IiBoZWlnaHQ9IjYwIj48QlI+4piF44Ko44Oz44OI44Oq44O844GM5b+F6KaB44Gn44GZ77yBNuaciDHml6XvvIjmnKjvvIk5OjU544G+44Gn77yBPEJSPgoKCjxJTUcgc3JjPSJodHRwOi8vaW1hZ2UucmFrdXRlbi5jby5qcC9kZW5raXRpL2NhYmluZXQvNDY4eDYwLTE3MzEuanBnIiBib3JkZXI9IjAiIHdpZHRoPSI0NjgiIGhlaWdodD0iNjAiPjxCUj7imIXjgqjjg7Pjg4jjg6rjg7zjgYzlv4XopoHjgafjgZnvvIE25pyIMeaXpe+8iOacqO+8iTA577yaNTnjgb7jgafvvIE8QlI+Cgo8L0I+Cgo8L1REPgoKCjwvVFI+CjwvVEFCTEU+Cgo8QlI+CjxGT05UIHNpemU9Ii0xIiBjb2xvcj0iZGVya29yYW5nZSI+CuWVhuWTgeOCkuOBiuaOouOBl+OBruOBiuWuouanmO+8geOBiuawl+i7veOBq+OBiuWVj+OBhOWQiOOCj+OBm+ODleOCqeODvOODoOOCiOOCiuOBiuWVj+OBhOWQiOOCj+OBm+S4i+OBleOBhOOAgm0oXyBfKW0gPC9GT05UPgo8QlI+CgrjgYrlrqLmp5jjgbjjgIHoqZDmrLrjgrXjgqTjg4jjgavjgZTms6jmhI/jgY/jgaDjgZXjgYTvvIE8QlI+Cgo8L0NFTlRFUj4=,44Of44OE44OT44K344Kq44O844OW44Oz44Os44Oz44K4Uk8tREcx44CBUk8tREcxMEbjgIFSTy1WRjHnlKjjga7op5Lnmr/vvIjjgrvjg6njg5/jg4Pjgq/oo73vvInimIUx5YCL44CQTUlUU1VCSVNISSDkuInoj7EgTTE4NDI0MzQw44CR77ya44Gn44KT5ZCJ,44Gn44KT5ZCJ44Kq44O844Kv44K344On44Oz44OX44Os44K844Oz44OI5a626Zu744OR44K944Kz44Oz5r+A5a6J5a6J6Yi05pyo6Zu75ZmoUGFuYXNvbmljTkFUSU9OQUzjg5/jg4Tjg5Pjgrfjgqrjg7zjg5bjg7Pjg6zjg7PjgrhSTy1ERzHjgIFSTy1ERzEwRuOAgVJPLVZGMeeUqOOBruinkueav++8iOOCu+ODqeODn+ODg+OCr+ijve+8ieKYhTHlgIvjgJBNSVRTVUJJU0hJIOS4ieiPsSBNMTg0MjQzNDDjgJE=,44CQ5a6F6YWN5L6/44Gu5aC05ZCI6YCB5paZNTAw5YaG44CR5Ymy44KM44Gh44KD44Gj44Gf77yf44CC44Of44OE44OT44K344Kq44O844OW44Oz44Os44Oz44K4Uk8tREcx44CBUk8tREcxMEbjgIFSTy1WRjHnlKjjga7op5Lnmr/vvIjjgrvjg6njg5/jg4Pjgq/oo73vvInimIUx5YCL44CQTUlUU1VCSVNISSDkuInoj7EgTTE4NDI0MzQw44CR[rn]
29-48513,aHR0cDovL3RzaG9wLnIxMHMuanAvZGVua2l0aS9jYWJpbmV0L21pdGh1YmlzaGkvaW1ncmMwMDY2MTAwNzExLmdpZj9maXRpbj03MDA6NzAw,MjkzNy42MDAw,,5a626Zu7ID4g44Kt44OD44OB44Oz5a626Zu7ID4g44Kt44OD44OB44Oz5a626Zu755So44Ki44Kv44K744K144Oq44O844O76YOo5ZOBID4g6Zu75a2Q44Os44Oz44K444O744Kq44O844OW44Oz44Os44Oz44K455So44Ki44Kv44K744K144Oq44O8,44CQ5Zyo5bqr44GC44KK77yB44CR44Of44OE44OT44K344Kq44O844OW44Oz44Os44Oz44K4Uk8tQjFB44CBUk8tQjFC44CBUk8tQjFD44CBUk8tQlY255So44Gu6KeS55q/77yI5rWF6KeS55q/44O76ICQ54ax44K744Op44Of44OD44Kv6KO977yJ4piFMeaemuOAkE1JVFNVQklTSEkg5LiJ6I+xIE0xODQwMDM0MEPjgJHigLvmt7HjgZXntIQwLjbvvYPvvY0=,4piF5Y2z57SN4piF44CQ5a6F6YWN5L6/44Gu5aC05ZCI6YCB5paZNTAw5YaG44CR5Ymy44KM44Gh44KD44Gj44Gf77yf,PElNRyBzcmM9Imh0dHA6Ly9pbWFnZS5yYWt1dGVuLmNvLmpwL2RlbmtpdGkvY2FiaW5ldC9tYWlsLWZ1a2EuZ2lmIiBib3JkZXI9IjAiPjxicj48YnI+PGZvbnQgY29sb3I9InJlZCI+4piF44Ok44Oe44OI6YGL6Ly444Gu6YCB5paZ44Gv44GT44Gh44KJ4piFPC9mb250PjxCUj48QlI+CjxUQUJMRSBjbGFzcz0idGFibGVtaWdpIj48VFI+PFREPuWVhuWTgeWQjTwvVEQ+PFREPuOCquODvOODluODs+ODrOODs+OCuOeUqOOBruinkueav++8iOa1heinkueav+ODu+OCu+ODqeODn+ODg+OCr+ijve+8iTwvVEQ+PC9UUj4KPFRSIGNsYXNzPSJ0ZG1pZ2kxIj48VEQ+5YWl5pWwPC9URD48VEQ+77yR5p6aPC9URD48L1RSPgo8VFI+PFREPumBqeeUqOapn+eorjwvVEQ+PFREPlJPLUIxQeOAgVJPLUIxQuOAgVJPLUIxQ+OAgVJPLUJWNjwvVEQ+PC9UUj4KPFRSIGNsYXNzPSJ0ZG1pZ2kxIj48VEQ+44Oh44O844Kr44O8PC9URD48VEQ+5LiJ6I+x44CBTUlUU1VCSVNISTwvVEQ+PC9UUj4KPFRSPjxURD7ms6jmhI88L1REPjxURD7jg6Hjg7zjgqvjg7zpg73lkIjjgavjgojjgorkuojlkYrjgarjgY/ku6Pmm7/jgYjlk4HjgavlpInmm7TjgajjgarjgovloLTlkIjjgYzjgZTjgZbjgYTjgb7jgZnjgII8L1REPjwvVFI+CjwvVEFCTEU+CjxCUj4KPEJSPgo8VEFCTEUgY2xhc3M9InRhYmxlbWlnaSI+PHRyIGNsYXNzPSJ0ZG1pZ2kxIj4KPFREIGJnY29sb3I9IiNmZmNjY2MiPjxiPuOBlOizvOWFpeWJjeOBq+OBlOeiuuiqjeOBj+OBoOOBleOBhDwvYj48L1REPjwvdHI+Cjx0cj48dGQ+PEI+44O75Li455q/44CB6KeS55q/44CB54S844Ki44Of44Gv6KaL44Gf55uu44O744K144Kk44K644GM5ZCM44GY44Gn44KC6YGp55So5ZOB5Lul5aSW44Gu44KC44Gu44Gv44Oh44O844Kr44O844Gn5o6o5aWo44GX44Gm44GK44KK44G+44Gb44KT44CCPEJSPuOBneOBrueCuuOAgTxGT05UIGNvbG9yPSIjZmYwMDMzIj7pgannlKjlk4Hku6XlpJbjgpLjgZTos7zlhaXjg7vkvb/nlKjlvozjga7mnKzkvZPjga7nlbDluLjjgb7jgZ/jga/mlYXpmpzjgIHmgKrmiJHnrYnjgpLjgZfjgZ/loLTlkIjjga7osqzku7vjga/lvZPlupfjgafjga/osqDjgYTjgYvjga3jgb7jgZk8L0ZPTlQ+PC9CPuOAgjxCUj4K44GU6LO85YWl5YmN44Gr44GU5Yip55So5Lit44Gu5pys5L2T44Go6YGp55So44GX44Gm44GE44KL44GL5LuK5LiA5bqm44GU56K66KqN44GP44Gg44GV44GE44CCPC9URD48L1RSPgo8L1RBQkxFPgo8QlI+CjxCUj4KPCEtLeKYhi0tPgo8VEFCTEUgY2xhc3M9InRhYmxlbWlnaSI+CjxUUj48VEQgY2xhc3M9InRkbWlnaTEiPjxGT05UIGNvbG9yPSNmZmZmZmY+4pagPC9GT05UPjxCPuaUr+aJleaWueazlTwvQj48L1REPjwvVFI+PFRSPjxURCBjbGFzcz0idGRtaWdpMiI+PElNRyBzcmM9aHR0cDovL2ltYWdlLnJha3V0ZW4uY28uanAvZGVua2l0aS9jYWJpbmV0L2J1bnJ1aS9jYXNoMS5naWYgYm9yZGVyPTA+PElNRyBzcmM9aHR0cDovL2ltYWdlLnJha3V0ZW4uY28uanAvZGVua2l0aS9jYWJpbmV0L2J1bnJ1aS9jYXNoMi5naWYgYm9yZGVyPTA+PElNRyBzcmM9aHR0cDovL2ltYWdlLnJha3V0ZW4uY28uanAvZGVua2l0aS9jYWJpbmV0L2J1bnJ1aS9jYXNoMy5naWYgYm9yZGVyPTA+PElNRyBzcmM9aHR0cDovL2ltYWdlLnJha3V0ZW4uY28uanAvZGVua2l0aS9jYWJpbmV0L2J1bnJ1aS9jYXNoNS5naWYgYm9yZGVyPTA+PEJSPgrjgafjga7jgYrmlK/miZXjgYTjgYzlj6/og73jgafjgZnjgII8QlI+4piF44GK5pSv5omV5pa55rOV44KS44Oi44OD44OI6Kmz44GX44GP4piFPC9URD48L1RSPgo8VFI+PFREIGNsYXNzPSJ0ZG1pZ2kxIj48Rk9OVCBjb2xvcj0jZmZmZmZmPuKWoDwvRk9OVD48Qj7llYblk4Hjga7nmbrpgIHml6U8L0I+PC9URD48L1RSPjxUUj48VEQgY2xhc3M9InRkbWlnaTIiPjxGT05UIGNvbG9yPSNmZjMzMDA+PEI+5pys5ZWG5ZOB44Gv6YCa5bi444Gv44Oh44O844Kr44O85Y+W44KK5a+E44Gb5ZOB44Gn44GZ44CCPC9CPjwvRk9OVD48QlI+4pag44Oh44O844Kr44O844Gr5Zyo5bqr44GM44GC44Gj44Gf5aC05ZCI44GnPEJSPjxGT05UIGNvbG9yPSIjOTkwMGZmIj7lvqHms6jmlofml6XvvIvvvJHvvZ7vvJPml6XnqIvluqbjgafjga7nmbrpgIHjgajjgarjgorjgb7jgZnjgII8QlI+CjwvRk9OVD7igLvjgZTms6jmlofjga7jgr/jgqTjg5/jg7PjgrDjgavjgojjgaPjgabjga/kuIroqJjnm67lronjgojjgorpgYXjgozjgovloLTlkIjjgoLjgZTjgZbjgYTjgb7jgZnjgII8YnI+CuKWoOODoeODvOOCq+ODvOasoOWTgeOBruWgtOWQiDxCUj4KPEZPTlQgY29sb3I9IiM5OTAwZmYiPuWVhuWTgeeUn+eUo+S4iuOBjOOCiuW+jOOBrueZuumAgeOBqOOBquOCiuOBvuOBmeOAgjwvRk9OVD48QlI+PEJSPjxCPuKAu+OBiuaApeOBjuOBruWgtOWQiOOBr+OBvuOBmuWcqOW6q+OBq+OBpOOBhOOBpuOBiuWVj+OBhOWQiOOCj+OBm+OBj+OBoOOBleOBhO+8gTwvQj48QlI+4oC75ZWG5ZOB6aGM5ZCN44Gr5Y2z57SN44Go6KGo6KiY44Gu44GC44KL5aC05ZCI44Gr44Gv44CB5b2T5bqX5Zyo5bqr5YiG44Gn56K65L+d5Y+v6IO944Gn44GZ44CCPEJSPgo8QlI+PC9URD48L1RSPgo8VFI+PFREIGNsYXNzPSJ0ZG1pZ2kxIj48Rk9OVCBjb2xvcj0jZmZmZmZmPuKWoDwvRk9OVD48Qj7jgYrlsYrjgZHmlrnms5XjgavjgaTjgYTjgaY8L0I+PC9URD48L1RSPjxUUj48VEQgY2xhc3M9InRkbWlnaTIiPuODu+WuhemFjeS+v++8iOW9k+W6l+aMh+WumuOBrumBi+mAgeS8muekvu+8iTxCUj7jg7vjg6Tjg57jg4jpgYvovLg8Zm9udCBjb2xvcj0icmVkIj7vvIjlnLDln5/jgZTjgajjgavmlpnph5HjgYznlbDjgarjgorjgb7jgZnvvIk8L2ZvbnQ+PEJSPjxCUj7jga7kuIroqJgy54K544Gu5pa55rOV44Gn44Gu44GK5bGK44GR44GM5Y+v6IO944Gn44GZ44CC44GE44Ga44KM44KC5ZCM5pmC44GU5rOo5paH44KC44GX44GP44Gv5ZCM5pel44Gu44GU5rOo5paH44Gn5ZCM5qKx5ZOB44GM44GC44KL5peo6KiY6LyJ44GE44Gf44Gg44GR44Gf5aC05ZCI5L2V5YCL44Gn44KC5ZCM5qKx44GX44GK5bGK44GR44GV44Gb44Gm44GE44Gf44Gg44GN44G+44GZ44CCPEJSPgo8QlI+4oC75pys5ZWG5ZOB44Gv44Oh44O844Or5L6/44Gn44Gu44GK5bGK44GR44Gv44Gn44GN44G+44Gb44KT44CCPEJSPuKAu+ODoeODvOOCq+ODvOebtOmAgeWTgeOBqOOBruWQjOaiseOBr+OBp+OBjeOBvuOBm+OCk+OAgjxCUj48QlI+PC9URD48L1RSPgo8VFI+PFREIGNsYXNzPSJ0ZG1pZ2kxIj48Rk9OVCBjb2xvcj0jZmZmZmZmPuKWoDwvRk9OVD48Qj7ov5Tlk4Hjg7vkuqTmj5s8L0I+PC9URD48L1RSPjxUUj48VEQgY2xhc3M9InRkbWlnaTIiPuODu+OBiuWuouanmOOBruOBlOmDveWQiOOBq+OCiOOCi+i/lOWTgeS6pOaPm+OBr+S4gOWIh+OBiuWPl+OBkeOBp+OBjeOBvuOBm+OCk+OAguS+i++8muWTgeeVquOCkumWk+mBleOBo+OBpuazqOaWh+OBl+OBn+OAgjxCUj4K44O76YOo5ZOB44Gr44Gv5L+d6Zqc44Gv5LuY44GE44Gm44GK44KK44G+44Gb44KT44CC5Yid5pyf5LiN6Imv44Gu44G/44Gu5a++5b+c44Go44Gq44KK44G+44GZ44CCPC9URD48L1RSPgo8VFI+PFREIGNsYXNzPSJ0ZG1pZ2kxIj48Rk9OVCBjb2xvcj0jZmZmZmZmPuKWoDwvRk9OVD48Qj7jgqvjg6njg7zvvIbms6jmhI88L0I+PC9URD48L1RSPjxUUj48VEQgY2xhc3M9InRkbWlnaTIiPuOCq+ODqeODvOimi+acrOOBr+OBguOBj+OBvuOBp+OCguWPguiAg+OBp+OBmeOAgueUn+WcsOe0oOadkOOBiuWuouOBleOBvuOBruODkeOCveOCs+ODs+eUu+mdouOBruioreWumuOAgeOBguOCi+OBhOOBr+W+ruWmmeOBqumiqOWQiOOBhOetieOBruW9semfv+OBq+OCiOOCiuOAgeWun+mam+OBruWVhuWTgeOBqOiLpeW5sueVsOOBquOCi+WgtOWQiOOBjOacieOCi+S6i+OCkuOBlOaJv+efpeOBj+OBoOOBleOBhOOAgjwvVEQ+PC9UUj48L1RBQkxFPjxDRU5URVI+Cgo8SU1HIHNyYz0iaHR0cHM6Ly9pbWFnZS5yYWt1dGVuLmNvLmpwL2RlbmtpdGkvY2FiaW5ldC9laWd5by0xNzA1MTIuZ2lmIiBib3JkZXI9IjAiPjxCUj48QlI+Cgo8VEFCTEUgYm9yZGVyPSIwIiBiZ2NvbG9yPSIjZmYwMDY2Ij4KCgo8VFIgYmdjb2xvcj0iRDkwMDY0IiBhbGlnbj0iY2VudGVyIj4KCjxURCBiZ2NvbG9yPSIjZmYwMDY2Ij48Qj48Zm9udCBjb2xvcj0iRkZGRjAwIiBzaXplPSIrMSI+4piF54++5Zyo6ZaL5YKs5Lit44Gu44Od44Kk44Oz44OI44Ki44OD44OX5LyB55S744Gv44GT44Gh44KJ44Gn44GZ4piFPC9mb250PjwvQj48L1REPjwvVFI+Cgo8VFIgYWxpZ249ImNlbnRlciI+Cgo8VEQgYmdjb2xvcj0iI2ZmZmYwMCI+PEI+Cgo8SU1HIHNyYz0iaHR0cDovL2ltYWdlLnJha3V0ZW4uY28uanAvZGVua2l0aS9jYWJpbmV0L2x1Y2s0NjgtODAxLmdpZiIgYm9yZGVyPSIwIiB3aWR0aD0iNDY4IiBoZWlnaHQ9IjYwIj48QlI+4piF5Yiw552A5ZWG5ZOB77yI77yy77yJ44Oe44O844Kv44Gu44K344O844Or44KS44KB44GP44Gj44Gm77yBPEJSPuODqeODg+OCreODvOODgeODo+ODrOODs+OCuOKAneKYhTxCUj4KCjxJTUcgc3JjPSJodHRwOi8vaW1hZ2UucmFrdXRlbi5jby5qcC9kZW5raXRpL2NhYmluZXQvMjAxNjAxMjBfcG9pbnQ3eF80NjguanBnIiBib3JkZXI9IjAiIHdpZHRoPSI0NjgiIGhlaWdodD0iNjAiPjxCUj7imIXjgb7jgZrjga/jg5rjg7zjgrjjgpLjg4Hjgqfjg4Pjgq/vvIHvvIHimIU8QlI+Cgo8SU1HIHNyYz0iaHR0cDovL2ltYWdlLnJha3V0ZW4uY28uanAvZGVua2l0aS9jYWJpbmV0LzQ2OHg2MC0yNDEuanBnIiBib3JkZXI9IjAiIHdpZHRoPSI0NjgiIGhlaWdodD0iNjAiPjxCUj7imIXjgqjjg7Pjg4jjg6rjg7zjgYzlv4XopoHjgafjgZnvvIE15pyIMzEK5pel77yI5rC077yJMjPvvJo1OeOBvuOBp++8gTxCUj4KCgo8SU1HIHNyYz0iaHR0cDovL2ltYWdlLnJha3V0ZW4uY28uanAvZGVua2l0aS9jYWJpbmV0L2VkeS5qcGciIGJvcmRlcj0iMCIgd2lkdGg9IjQ2OCIgaGVpZ2h0PSI2MCI+PEJSPuKYheOCqOODs+ODiOODquODvOOBjOW/heimgeOBp+OBme+8gTbmnIgx5pel77yI5pyo77yJOTo1OeOBvuOBp++8gTxCUj4KCgo8SU1HIHNyYz0iaHR0cDovL2ltYWdlLnJha3V0ZW4uY28uanAvZGVua2l0aS9jYWJpbmV0LzQ2OHg2MC0xNzMxLmpwZyIgYm9yZGVyPSIwIiB3aWR0aD0iNDY4IiBoZWlnaHQ9IjYwIj48QlI+4piF44Ko44Oz44OI44Oq44O844GM5b+F6KaB44Gn44GZ77yBNuaciDHml6XvvIjmnKjvvIkwOe+8mjU544G+44Gn77yBPEJSPgoKPC9CPgoKPC9URD4KCgo8L1RSPgo8L1RBQkxFPgoKPEJSPgo8Rk9OVCBzaXplPSItMSIgY29sb3I9ImRlcmtvcmFuZ2UiPgrllYblk4HjgpLjgYrmjqLjgZfjga7jgYrlrqLmp5jvvIHjgYrmsJfou73jgavjgYrllY/jgYTlkIjjgo/jgZvjg5Xjgqnjg7zjg6DjgojjgorjgYrllY/jgYTlkIjjgo/jgZvkuIvjgZXjgYTjgIJtKF8gXyltIDwvRk9OVD4KPEJSPgoK44GK5a6i5qeY44G444CB6KmQ5qy644K144Kk44OI44Gr44GU5rOo5oSP44GP44Gg44GV44GE77yBPEJSPgoKPC9DRU5URVI+,44CQ5Zyo5bqr44GC44KK77yB44CR44Of44OE44OT44K344Kq44O844OW44Oz44Os44Oz44K4Uk8tQjFB44CBUk8tQjFC44CBUk8tQjFD44CBUk8tQlY255So44Gu6KeS55q/77yI5rWF6KeS55q/44O76ICQ54ax44K744Op44Of44OD44Kv6KO977yJ4piFMeaemuOAkE1JVFNVQklTSEkg5LiJ6I+xIE0xODQwMDM0MEPjgJHigLvmt7HjgZXntIQwLjbvvYPvvY3vvJrjgafjgpPlkIk=,44Gn44KT5ZCJ44Kq44O844Kv44K344On44Oz44OX44Os44K844Oz44OI5a626Zu744OR44K944Kz44Oz5r+A5a6J5a6J6Yi05pyo6Zu75ZmoUGFuYXNvbmljTkFUSU9OQUzjgJDlnKjluqvjgYLjgorvvIHjgJHjg5/jg4Tjg5Pjgrfjgqrjg7zjg5bjg7Pjg6zjg7PjgrhSTy1CMUHjgIFSTy1CMULjgIFSTy1CMUPjgIFSTy1CVjbnlKjjga7op5Lnmr/vvIjmtYXop5Lnmr/jg7vogJDnhrHjgrvjg6njg5/jg4Pjgq/oo73vvInimIUx5p6a44CQTUlUU1VCSVNISSDkuInoj7EgTTE4NDAwMzQwQ+OAkeKAu+a3seOBlee0hDAuNu+9g++9jQ==,4piF5Y2z57SN4piF44CQ5a6F6YWN5L6/44Gu5aC05ZCI6YCB5paZNTAw5YaG44CR5Ymy44KM44Gh44KD44Gj44Gf77yf44CC44CQ5Zyo5bqr44GC44KK77yB44CR44Of44OE44OT44K344Kq44O844OW44Oz44Os44Oz44K4Uk8tQjFB44CBUk8tQjFC44CBUk8tQjFD44CBUk8tQlY255So44Gu6KeS55q/77yI5rWF6KeS55q/44O76ICQ54ax44K744Op44Of44OD44Kv6KO977yJ4piFMeaemuOAkE1JVFNVQklTSEkg5LiJ6I+xIE0xODQwMDM0MEPjgJHigLvmt7HjgZXntIQwLjbvvYPvvY0=[rn]
29-48514,aHR0cDovL3RzaG9wLnIxMHMuanAvZGVua2l0aS9jYWJpbmV0L21pdGh1YmlzaGkvbTE4NDAwMzQwYy5naWY/Zml0aW49NzAwOjcwMA==,NDA2MC44MDAw,,5a626Zu7ID4g44Kt44OD44OB44Oz5a626Zu7ID4g44Kt44OD44OB44Oz5a626Zu755So44Ki44Kv44K744K144Oq44O844O76YOo5ZOBID4g6Zu75a2Q44Os44Oz44K444O744Kq44O844OW44Oz44Os44Oz44K455So44Ki44Kv44K744K144Oq44O8,44Of44OE44OT44K344Kq44O844OW44Oz44Os44Oz44K4Uk8tQlMx55So44Gu6KeS55q/77yI44K744Op44Of44OD44Kv6KO977yJ4piFMeaemuOAkE1JVFNVQklTSEkg5LiJ6I+xIE0xODQxNDM0MEPjgJE=,44CQ5a6F6YWN5L6/44Gu5aC05ZCI6YCB5paZNTAw5YaG44CR6Kq/55CG5Zmo44Gv5riF5r2U44GM5LiA55Wq77yB,PElNRyBzcmM9Imh0dHA6Ly9pbWFnZS5yYWt1dGVuLmNvLmpwL2RlbmtpdGkvY2FiaW5ldC9tYWlsLWZ1a2EuZ2lmIiBib3JkZXI9IjAiPjxicj48YnI+PGZvbnQgY29sb3I9InJlZCI+4piF44Ok44Oe44OI6YGL6Ly444Gu6YCB5paZ44Gv44GT44Gh44KJ4piFPC9mb250PjxCUj48QlI+CjxUQUJMRSBjbGFzcz0idGFibGVtaWdpIj48VFI+PFREPuWVhuWTgeWQjTwvVEQ+PFREPuOCquODvOODluODs+ODrOODs+OCuOeUqOOBruinkueav++8iOOCu+ODqeODn+ODg+OCr+ijve+8iTwvVEQ+PC9UUj4KPFRSIGNsYXNzPSJ0ZG1pZ2kxIj48VEQ+5YWl5pWwPC9URD48VEQ+77yR5p6aPC9URD48L1RSPgo8VFI+PFREPumBqeeUqOapn+eorjwvVEQ+PFREPlJPLUJTMTwvVEQ+PC9UUj4KPFRSIGNsYXNzPSJ0ZG1pZ2kxIj48VEQ+44Oh44O844Kr44O8PC9URD48VEQ+5LiJ6I+x44CBTUlUU1VCSVNISTwvVEQ+PC9UUj4KPC9UQUJMRT4KPEJSPgo8QlI+CjxUQUJMRSBjbGFzcz0idGFibGVtaWdpIj48dHIgY2xhc3M9InRkbWlnaTEiPgo8VEQgYmdjb2xvcj0iI2ZmY2NjYyI+PGI+44GU6LO85YWl5YmN44Gr44GU56K66KqN44GP44Gg44GV44GEPC9iPjwvVEQ+PC90cj4KPHRyPjx0ZD48Qj7jg7vkuLjnmr/jgIHop5Lnmr/jgIHnhLzjgqLjg5/jga/opovjgZ/nm67jg7vjgrXjgqTjgrrjgYzlkIzjgZjjgafjgoLpgannlKjlk4Hku6XlpJbjga7jgoLjga7jga/jg6Hjg7zjgqvjg7zjgafmjqjlpajjgZfjgabjgYrjgorjgb7jgZvjgpPjgII8QlI+44Gd44Gu54K644CBPEZPTlQgY29sb3I9IiNmZjAwMzMiPumBqeeUqOWTgeS7peWkluOCkuOBlOizvOWFpeODu+S9v+eUqOW+jOOBruacrOS9k+OBrueVsOW4uOOBvuOBn+OBr+aVhemanOOAgeaAquaIkeetieOCkuOBl+OBn+WgtOWQiOOBruiyrOS7u+OBr+W9k+W6l+OBp+OBr+iyoOOBhOOBi+OBreOBvuOBmTwvRk9OVD48L0I+44CCPEJSPgrjgZTos7zlhaXliY3jgavjgZTliKnnlKjkuK3jga7mnKzkvZPjgajpgannlKjjgZfjgabjgYTjgovjgYvku4rkuIDluqbjgZTnorroqo3jgY/jgaDjgZXjgYTjgII8L1REPjwvVFI+CjwvVEFCTEU+CjxCUj4KPEJSPgo8IS0t4piGLS0+CjxUQUJMRSBjbGFzcz0idGFibGVtaWdpIj4KPFRSPjxURCBjbGFzcz0idGRtaWdpMSI+PEZPTlQgY29sb3I9I2ZmZmZmZj7ilqA8L0ZPTlQ+PEI+5pSv5omV5pa55rOVPC9CPjwvVEQ+PC9UUj48VFI+PFREIGNsYXNzPSJ0ZG1pZ2kyIj48SU1HIHNyYz1odHRwOi8vaW1hZ2UucmFrdXRlbi5jby5qcC9kZW5raXRpL2NhYmluZXQvYnVucnVpL2Nhc2gxLmdpZiBib3JkZXI9MD48SU1HIHNyYz1odHRwOi8vaW1hZ2UucmFrdXRlbi5jby5qcC9kZW5raXRpL2NhYmluZXQvYnVucnVpL2Nhc2gyLmdpZiBib3JkZXI9MD48SU1HIHNyYz1odHRwOi8vaW1hZ2UucmFrdXRlbi5jby5qcC9kZW5raXRpL2NhYmluZXQvYnVucnVpL2Nhc2gzLmdpZiBib3JkZXI9MD48SU1HIHNyYz1odHRwOi8vaW1hZ2UucmFrdXRlbi5jby5qcC9kZW5raXRpL2NhYmluZXQvYnVucnVpL2Nhc2g1LmdpZiBib3JkZXI9MD48QlI+CuOBp+OBruOBiuaUr+aJleOBhOOBjOWPr+iDveOBp+OBmeOAgjxCUj7imIXjgYrmlK/miZXmlrnms5XjgpLjg6Ljg4Pjg4joqbPjgZfjgY/imIU8L1REPjwvVFI+CjxUUj48VEQgY2xhc3M9InRkbWlnaTEiPjxGT05UIGNvbG9yPSNmZmZmZmY+4pagPC9GT05UPjxCPuWVhuWTgeOBrueZuumAgeaXpTwvQj48L1REPjwvVFI+PFRSPjxURCBjbGFzcz0idGRtaWdpMiI+PEZPTlQgY29sb3I9I2ZmMzMwMD48Qj7mnKzllYblk4Hjga/pgJrluLjjga/jg6Hjg7zjgqvjg7zlj5bjgorlr4TjgZvlk4HjgafjgZnjgII8L0I+PC9GT05UPjxCUj7ilqDjg6Hjg7zjgqvjg7zjgavlnKjluqvjgYzjgYLjgaPjgZ/loLTlkIjjgac8QlI+PEZPTlQgY29sb3I9IiM5OTAwZmYiPuW+oeazqOaWh+aXpe+8i++8ke+9nu+8k+aXpeeoi+W6puOBp+OBrueZuumAgeOBqOOBquOCiuOBvuOBmeOAgjxCUj4KPC9GT05UPuKAu+OBlOazqOaWh+OBruOCv+OCpOODn+ODs+OCsOOBq+OCiOOBo+OBpuOBr+S4iuiomOebruWuieOCiOOCiumBheOCjOOCi+WgtOWQiOOCguOBlOOBluOBhOOBvuOBmeOAgjxicj4K4pag44Oh44O844Kr44O85qyg5ZOB44Gu5aC05ZCIPEJSPgo8Rk9OVCBjb2xvcj0iIzk5MDBmZiI+5ZWG5ZOB55Sf55Sj5LiK44GM44KK5b6M44Gu55m66YCB44Go44Gq44KK44G+44GZ44CCPC9GT05UPjxCUj48QlI+PEI+4oC744GK5oCl44GO44Gu5aC05ZCI44Gv44G+44Ga5Zyo5bqr44Gr44Gk44GE44Gm44GK5ZWP44GE5ZCI44KP44Gb44GP44Gg44GV44GE77yBPC9CPjxCUj7igLvllYblk4HpoYzlkI3jgavljbPntI3jgajooajoqJjjga7jgYLjgovloLTlkIjjgavjga/jgIHlvZPlupflnKjluqvliIbjgafnorrkv53lj6/og73jgafjgZnjgII8QlI+CjxCUj48L1REPjwvVFI+CjxUUj48VEQgY2xhc3M9InRkbWlnaTEiPjxGT05UIGNvbG9yPSNmZmZmZmY+4pagPC9GT05UPjxCPuOBiuWxiuOBkeaWueazleOBq+OBpOOBhOOBpjwvQj48L1REPjwvVFI+PFRSPjxURCBjbGFzcz0idGRtaWdpMiI+PElNRyBzcmM9Imh0dHA6Ly9pbWFnZS5yYWt1dGVuLmNvLmpwL2RlbmtpdGkvY2FiaW5ldC90YWt1aGFpYnVuLmdpZiIgYm9yZGVyPSIwIj48L1REPjwvVFI+CjxUUj48VEQgY2xhc3M9InRkbWlnaTEiPjxGT05UIGNvbG9yPSNmZmZmZmY+4pagPC9GT05UPjxCPui/lOWTgeODu+S6pOaPmzwvQj48L1REPjwvVFI+PFRSPjxURCBjbGFzcz0idGRtaWdpMiI+44O744GK5a6i5qeY44Gu44GU6YO95ZCI44Gr44KI44KL6L+U5ZOB5Lqk5o+b44Gv5LiA5YiH44GK5Y+X44GR44Gn44GN44G+44Gb44KT44CC5L6L77ya5ZOB55Wq44KS6ZaT6YGV44Gj44Gm5rOo5paH44GX44Gf44CCPEJSPgrjg7vpg6jlk4Hjgavjga/kv53pmpzjga/ku5jjgYTjgabjgYrjgorjgb7jgZvjgpPjgILliJ3mnJ/kuI3oia/jga7jgb/jga7lr77lv5zjgajjgarjgorjgb7jgZnjgII8L1REPjwvVFI+CjxUUj48VEQgY2xhc3M9InRkbWlnaTEiPjxGT05UIGNvbG9yPSNmZmZmZmY+4pagPC9GT05UPjxCPuOCq+ODqeODvO+8huazqOaEjzwvQj48L1REPjwvVFI+PFRSPjxURCBjbGFzcz0idGRtaWdpMiI+44Kr44Op44O86KaL5pys44Gv44GC44GP44G+44Gn44KC5Y+C6ICD44Gn44GZ44CC55Sf5Zyw57Sg5p2Q44GK5a6i44GV44G+44Gu44OR44K944Kz44Oz55S76Z2i44Gu6Kit5a6a44CB44GC44KL44GE44Gv5b6u5aaZ44Gq6aKo5ZCI44GE562J44Gu5b2x6Z+/44Gr44KI44KK44CB5a6f6Zqb44Gu5ZWG5ZOB44Go6Iul5bmy55Ww44Gq44KL5aC05ZCI44GM5pyJ44KL5LqL44KS44GU5om/55+l44GP44Gg44GV44GE44CCPC9URD48L1RSPjwvVEFCTEU+PENFTlRFUj4KCjxJTUcgc3JjPSJodHRwczovL2ltYWdlLnJha3V0ZW4uY28uanAvZGVua2l0aS9jYWJpbmV0L2VpZ3lvLTE3MDUxMi5naWYiIGJvcmRlcj0iMCI+PEJSPjxCUj4KCjxUQUJMRSBib3JkZXI9IjAiIGJnY29sb3I9IiNmZjAwNjYiPgoKCjxUUiBiZ2NvbG9yPSJEOTAwNjQiIGFsaWduPSJjZW50ZXIiPgoKPFREIGJnY29sb3I9IiNmZjAwNjYiPjxCPjxmb250IGNvbG9yPSJGRkZGMDAiIHNpemU9IisxIj7imIXnj77lnKjplovlgqzkuK3jga7jg53jgqTjg7Pjg4jjgqLjg4Pjg5fkvIHnlLvjga/jgZPjgaHjgonjgafjgZnimIU8L2ZvbnQ+PC9CPjwvVEQ+PC9UUj4KCjxUUiBhbGlnbj0iY2VudGVyIj4KCjxURCBiZ2NvbG9yPSIjZmZmZjAwIj48Qj4KCjxJTUcgc3JjPSJodHRwOi8vaW1hZ2UucmFrdXRlbi5jby5qcC9kZW5raXRpL2NhYmluZXQvbHVjazQ2OC04MDEuZ2lmIiBib3JkZXI9IjAiIHdpZHRoPSI0NjgiIGhlaWdodD0iNjAiPjxCUj7imIXliLDnnYDllYblk4HvvIjvvLLvvInjg57jg7zjgq/jga7jgrfjg7zjg6vjgpLjgoHjgY/jgaPjgabvvIE8QlI+44Op44OD44Kt44O844OB44Oj44Os44Oz44K44oCd4piFPEJSPgoKPElNRyBzcmM9Imh0dHA6Ly9pbWFnZS5yYWt1dGVuLmNvLmpwL2RlbmtpdGkvY2FiaW5ldC8yMDE2MDEyMF9wb2ludDd4XzQ2OC5qcGciIGJvcmRlcj0iMCIgd2lkdGg9IjQ2OCIgaGVpZ2h0PSI2MCI+PEJSPuKYheOBvuOBmuOBr+ODmuODvOOCuOOCkuODgeOCp+ODg+OCr++8ge+8geKYhTxCUj4KCjxJTUcgc3JjPSJodHRwOi8vaW1hZ2UucmFrdXRlbi5jby5qcC9kZW5raXRpL2NhYmluZXQvNDY4eDYwLTI0MS5qcGciIGJvcmRlcj0iMCIgd2lkdGg9IjQ2OCIgaGVpZ2h0PSI2MCI+PEJSPuKYheOCqOODs+ODiOODquODvOOBjOW/heimgeOBp+OBme+8gTXmnIgzMQrml6XvvIjmsLTvvIkyM++8mjU544G+44Gn77yBPEJSPgoKCjxJTUcgc3JjPSJodHRwOi8vaW1hZ2UucmFrdXRlbi5jby5qcC9kZW5raXRpL2NhYmluZXQvZWR5LmpwZyIgYm9yZGVyPSIwIiB3aWR0aD0iNDY4IiBoZWlnaHQ9IjYwIj48QlI+4piF44Ko44Oz44OI44Oq44O844GM5b+F6KaB44Gn44GZ77yBNuaciDHml6XvvIjmnKjvvIk5OjU544G+44Gn77yBPEJSPgoKCjxJTUcgc3JjPSJodHRwOi8vaW1hZ2UucmFrdXRlbi5jby5qcC9kZW5raXRpL2NhYmluZXQvNDY4eDYwLTE3MzEuanBnIiBib3JkZXI9IjAiIHdpZHRoPSI0NjgiIGhlaWdodD0iNjAiPjxCUj7imIXjgqjjg7Pjg4jjg6rjg7zjgYzlv4XopoHjgafjgZnvvIE25pyIMeaXpe+8iOacqO+8iTA577yaNTnjgb7jgafvvIE8QlI+Cgo8L0I+Cgo8L1REPgoKCjwvVFI+CjwvVEFCTEU+Cgo8QlI+CjxGT05UIHNpemU9Ii0xIiBjb2xvcj0iZGVya29yYW5nZSI+CuWVhuWTgeOCkuOBiuaOouOBl+OBruOBiuWuouanmO+8geOBiuawl+i7veOBq+OBiuWVj+OBhOWQiOOCj+OBm+ODleOCqeODvOODoOOCiOOCiuOBiuWVj+OBhOWQiOOCj+OBm+S4i+OBleOBhOOAgm0oXyBfKW0gPC9GT05UPgo8QlI+CgrjgYrlrqLmp5jjgbjjgIHoqZDmrLrjgrXjgqTjg4jjgavjgZTms6jmhI/jgY/jgaDjgZXjgYTvvIE8QlI+Cgo8L0NFTlRFUj4=,44Of44OE44OT44K344Kq44O844OW44Oz44Os44Oz44K4Uk8tQlMx55So44Gu6KeS55q/77yI44K744Op44Of44OD44Kv6KO977yJ4piFMeaemuOAkE1JVFNVQklTSEkg5LiJ6I+xIE0xODQxNDM0MEPjgJHvvJrjgafjgpPlkIk=,44Gn44KT5ZCJ44Kq44O844Kv44K344On44Oz44OX44Os44K844Oz44OI5a626Zu744OR44K944Kz44Oz5r+A5a6J5a6J6Yi05pyo6Zu75ZmoUGFuYXNvbmljTkFUSU9OQUzjg5/jg4Tjg5Pjgrfjgqrjg7zjg5bjg7Pjg6zjg7PjgrhSTy1CUzHnlKjjga7op5Lnmr/vvIjjgrvjg6njg5/jg4Pjgq/oo73vvInimIUx5p6a44CQTUlUU1VCSVNISSDkuInoj7EgTTE4NDE0MzQwQ+OAkQ==,44CQ5a6F6YWN5L6/44Gu5aC05ZCI6YCB5paZNTAw5YaG44CR6Kq/55CG5Zmo44Gv5riF5r2U44GM5LiA55Wq77yB44CC44Of44OE44OT44K344Kq44O844OW44Oz44Os44Oz44K4Uk8tQlMx55So44Gu6KeS55q/77yI44K744Op44Of44OD44Kv6KO977yJ4piFMeaemuOAkE1JVFNVQklTSEkg5LiJ6I+xIE0xODQxNDM0MEPjgJE=[rn]
29-48515,aHR0cDovL3RzaG9wLnIxMHMuanAvZGVua2l0aS9jYWJpbmV0L21pdGh1YmlzaGkvaW1ncmMwMDY1MzMyNDM3LmdpZj9maXRpbj03MDA6NzAw,NTE4LjQwMDA=,,5a626Zu7ID4g44Kt44OD44OB44Oz5a626Zu7ID4g44Kt44OD44OB44Oz5a626Zu755So44Ki44Kv44K744K144Oq44O844O76YOo5ZOBID4g6Zu75a2Q44Os44Oz44K444O744Kq44O844OW44Oz44Os44Oz44K455So44Ki44Kv44K744K144Oq44O8,44Of44OE44OT44K344Kq44O844OW44Oz44Os44Oz44K4Uk8tREcx44CBUk8tREcxMEbnlKjjga7op5LjgqLjg5/vvIjph5HlsZ7oo73vvInimIUx5YCL44CQTUlUU1VCSVNISSDkuInoj7EgTTE4NDMwMzQ544CR,44CQ5a6F6YWN5L6/44Gu5aC05ZCI6YCB5paZNTAw5YaG44CR5rGa44KM44GM44Gp44GG44GX44Gm44KC6JC944Gh44Gq44GE77yB77yf,PElNRyBzcmM9Imh0dHA6Ly9pbWFnZS5yYWt1dGVuLmNvLmpwL2RlbmtpdGkvY2FiaW5ldC9tYWlsLWZ1a2EuZ2lmIiBib3JkZXI9IjAiPjxicj48YnI+PGZvbnQgY29sb3I9InJlZCI+4piF44Ok44Oe44OI6YGL6Ly444Gu6YCB5paZ44Gv44GT44Gh44KJ4piFPC9mb250PjxCUj48QlI+CjxUQUJMRSBjbGFzcz0idGFibGVtaWdpIj48VFI+PFREPuWVhuWTgeWQjTwvVEQ+PFREPuOCquODvOODluODs+ODrOODs+OCuOeUqOOBruinkuOCouODn++8iOinkue2su+8iTwvVEQ+PC9UUj4KPFRSIGNsYXNzPSJ0ZG1pZ2kxIj48VEQ+5YWl5pWwPC9URD48VEQ+77yR5YCLPC9URD48L1RSPgo8VFI+PFREPumBqeeUqOapn+eorjwvVEQ+PFREPlJPLURHMeOAgVJPLURHMTBGPC9URD48L1RSPgo8VFIgY2xhc3M9InRkbWlnaTEiPjxURD7jg6Hjg7zjgqvjg7w8L1REPjxURD7kuInoj7HjgIFNSVRTVUJJU0hJPC9URD48L1RSPgo8L1RBQkxFPgo8QlI+CjxCUj4KPFRBQkxFIGNsYXNzPSJ0YWJsZW1pZ2kiPjx0ciBjbGFzcz0idGRtaWdpMSI+CjxURCBiZ2NvbG9yPSIjZmZjY2NjIj48Yj7jgZTos7zlhaXliY3jgavjgZTnorroqo3jgY/jgaDjgZXjgYQ8L2I+PC9URD48L3RyPgo8dHI+PHRkPjxCPuODu+S4uOeav+OAgeinkueav+OAgeeEvOOCouODn+OBr+imi+OBn+ebruODu+OCteOCpOOCuuOBjOWQjOOBmOOBp+OCgumBqeeUqOWTgeS7peWkluOBruOCguOBruOBr+ODoeODvOOCq+ODvOOBp+aOqOWlqOOBl+OBpuOBiuOCiuOBvuOBm+OCk+OAgjxCUj7jgZ3jga7ngrrjgIE8Rk9OVCBjb2xvcj0iI2ZmMDAzMyI+6YGp55So5ZOB5Lul5aSW44KS44GU6LO85YWl44O75L2/55So5b6M44Gu5pys5L2T44Gu55Ww5bi444G+44Gf44Gv5pWF6Zqc44CB5oCq5oiR562J44KS44GX44Gf5aC05ZCI44Gu6LKs5Lu744Gv5b2T5bqX44Gn44Gv6LKg44GE44GL44Gt44G+44GZPC9GT05UPjwvQj7jgII8QlI+CuOBlOizvOWFpeWJjeOBq+OBlOWIqeeUqOS4reOBruacrOS9k+OBqOmBqeeUqOOBl+OBpuOBhOOCi+OBi+S7iuS4gOW6puOBlOeiuuiqjeOBj+OBoOOBleOBhOOAgjwvVEQ+PC9UUj4KPC9UQUJMRT4KPEJSPgo8QlI+CjwhLS3imIYtLT4KPFRBQkxFIGNsYXNzPSJ0YWJsZW1pZ2kiPgo8VFI+PFREIGNsYXNzPSJ0ZG1pZ2kxIj48Rk9OVCBjb2xvcj0jZmZmZmZmPuKWoDwvRk9OVD48Qj7mlK/miZXmlrnms5U8L0I+PC9URD48L1RSPjxUUj48VEQgY2xhc3M9InRkbWlnaTIiPjxJTUcgc3JjPWh0dHA6Ly9pbWFnZS5yYWt1dGVuLmNvLmpwL2RlbmtpdGkvY2FiaW5ldC9idW5ydWkvY2FzaDEuZ2lmIGJvcmRlcj0wPjxJTUcgc3JjPWh0dHA6Ly9pbWFnZS5yYWt1dGVuLmNvLmpwL2RlbmtpdGkvY2FiaW5ldC9idW5ydWkvY2FzaDIuZ2lmIGJvcmRlcj0wPjxJTUcgc3JjPWh0dHA6Ly9pbWFnZS5yYWt1dGVuLmNvLmpwL2RlbmtpdGkvY2FiaW5ldC9idW5ydWkvY2FzaDMuZ2lmIGJvcmRlcj0wPjxJTUcgc3JjPWh0dHA6Ly9pbWFnZS5yYWt1dGVuLmNvLmpwL2RlbmtpdGkvY2FiaW5ldC9idW5ydWkvY2FzaDUuZ2lmIGJvcmRlcj0wPjxCUj4K44Gn44Gu44GK5pSv5omV44GE44GM5Y+v6IO944Gn44GZ44CCPEJSPuKYheOBiuaUr+aJleaWueazleOCkuODouODg+ODiOips+OBl+OBj+KYhTwvVEQ+PC9UUj4KPFRSPjxURCBjbGFzcz0idGRtaWdpMSI+PEZPTlQgY29sb3I9I2ZmZmZmZj7ilqA8L0ZPTlQ+PEI+5ZWG5ZOB44Gu55m66YCB5pelPC9CPjwvVEQ+PC9UUj48VFI+PFREIGNsYXNzPSJ0ZG1pZ2kyIj48Rk9OVCBjb2xvcj0jZmYzMzAwPjxCPuacrOWVhuWTgeOBr+mAmuW4uOOBr+ODoeODvOOCq+ODvOWPluOCiuWvhOOBm+WTgeOBp+OBmeOAgjwvQj48L0ZPTlQ+PEJSPuKWoOODoeODvOOCq+ODvOOBq+WcqOW6q+OBjOOBguOBo+OBn+WgtOWQiOOBpzxCUj48Rk9OVCBjb2xvcj0iIzk5MDBmZiI+5b6h5rOo5paH5pel77yL77yR772e77yT5pel56iL5bqm44Gn44Gu55m66YCB44Go44Gq44KK44G+44GZ44CCPEJSPgo8L0ZPTlQ+4oC744GU5rOo5paH44Gu44K/44Kk44Of44Oz44Kw44Gr44KI44Gj44Gm44Gv5LiK6KiY55uu5a6J44KI44KK6YGF44KM44KL5aC05ZCI44KC44GU44GW44GE44G+44GZ44CCPGJyPgrilqDjg6Hjg7zjgqvjg7zmrKDlk4Hjga7loLTlkIg8QlI+CjxGT05UIGNvbG9yPSIjOTkwMGZmIj7llYblk4HnlJ/nlKPkuIrjgYzjgorlvozjga7nmbrpgIHjgajjgarjgorjgb7jgZnjgII8L0ZPTlQ+PEJSPjxCUj48Qj7igLvjgYrmgKXjgY7jga7loLTlkIjjga/jgb7jgZrlnKjluqvjgavjgaTjgYTjgabjgYrllY/jgYTlkIjjgo/jgZvjgY/jgaDjgZXjgYTvvIE8L0I+PEJSPuKAu+WVhuWTgemhjOWQjeOBq+WNs+e0jeOBqOihqOiomOOBruOBguOCi+WgtOWQiOOBq+OBr+OAgeW9k+W6l+WcqOW6q+WIhuOBp+eiuuS/neWPr+iDveOBp+OBmeOAgjxCUj4KPEJSPjwvVEQ+PC9UUj4KPFRSPjxURCBjbGFzcz0idGRtaWdpMSI+PEZPTlQgY29sb3I9I2ZmZmZmZj7ilqA8L0ZPTlQ+PEI+44GK5bGK44GR5pa55rOV44Gr44Gk44GE44GmPC9CPjwvVEQ+PC9UUj48VFI+PFREIGNsYXNzPSJ0ZG1pZ2kyIj48SU1HIHNyYz0iaHR0cDovL2ltYWdlLnJha3V0ZW4uY28uanAvZGVua2l0aS9jYWJpbmV0L3Rha3VoYWlidW4uZ2lmIiBib3JkZXI9IjAiPjwvVEQ+PC9UUj4KPFRSPjxURCBjbGFzcz0idGRtaWdpMSI+PEZPTlQgY29sb3I9I2ZmZmZmZj7ilqA8L0ZPTlQ+PEI+6L+U5ZOB44O75Lqk5o+bPC9CPjwvVEQ+PC9UUj48VFI+PFREIGNsYXNzPSJ0ZG1pZ2kyIj7jg7vjgYrlrqLmp5jjga7jgZTpg73lkIjjgavjgojjgovov5Tlk4HkuqTmj5vjga/kuIDliIfjgYrlj5fjgZHjgafjgY3jgb7jgZvjgpPjgILkvovvvJrlk4HnlarjgpLplpPpgZXjgaPjgabms6jmlofjgZfjgZ/jgII8QlI+CuODu+mDqOWTgeOBq+OBr+S/nemanOOBr+S7mOOBhOOBpuOBiuOCiuOBvuOBm+OCk+OAguWIneacn+S4jeiJr+OBruOBv+OBruWvvuW/nOOBqOOBquOCiuOBvuOBmeOAgjwvVEQ+PC9UUj4KPFRSPjxURCBjbGFzcz0idGRtaWdpMSI+PEZPTlQgY29sb3I9I2ZmZmZmZj7ilqA8L0ZPTlQ+PEI+44Kr44Op44O877yG5rOo5oSPPC9CPjwvVEQ+PC9UUj48VFI+PFREIGNsYXNzPSJ0ZG1pZ2kyIj7jgqvjg6njg7zopovmnKzjga/jgYLjgY/jgb7jgafjgoLlj4LogIPjgafjgZnjgILnlJ/lnLDntKDmnZDjgYrlrqLjgZXjgb7jga7jg5Hjgr3jgrPjg7PnlLvpnaLjga7oqK3lrprjgIHjgYLjgovjgYTjga/lvq7lppnjgarpoqjlkIjjgYTnrYnjga7lvbHpn7/jgavjgojjgorjgIHlrp/pmpvjga7llYblk4Hjgajoi6XlubLnlbDjgarjgovloLTlkIjjgYzmnInjgovkuovjgpLjgZTmib/nn6XjgY/jgaDjgZXjgYTjgII8L1REPjwvVFI+PC9UQUJMRT48Q0VOVEVSPgoKPElNRyBzcmM9Imh0dHBzOi8vaW1hZ2UucmFrdXRlbi5jby5qcC9kZW5raXRpL2NhYmluZXQvZWlneW8tMTcwNTEyLmdpZiIgYm9yZGVyPSIwIj48QlI+PEJSPgoKPFRBQkxFIGJvcmRlcj0iMCIgYmdjb2xvcj0iI2ZmMDA2NiI+CgoKPFRSIGJnY29sb3I9IkQ5MDA2NCIgYWxpZ249ImNlbnRlciI+Cgo8VEQgYmdjb2xvcj0iI2ZmMDA2NiI+PEI+PGZvbnQgY29sb3I9IkZGRkYwMCIgc2l6ZT0iKzEiPuKYheePvuWcqOmWi+WCrOS4reOBruODneOCpOODs+ODiOOCouODg+ODl+S8geeUu+OBr+OBk+OBoeOCieOBp+OBmeKYhTwvZm9udD48L0I+PC9URD48L1RSPgoKPFRSIGFsaWduPSJjZW50ZXIiPgoKPFREIGJnY29sb3I9IiNmZmZmMDAiPjxCPgoKPElNRyBzcmM9Imh0dHA6Ly9pbWFnZS5yYWt1dGVuLmNvLmpwL2RlbmtpdGkvY2FiaW5ldC9sdWNrNDY4LTgwMS5naWYiIGJvcmRlcj0iMCIgd2lkdGg9IjQ2OCIgaGVpZ2h0PSI2MCI+PEJSPuKYheWIsOedgOWVhuWTge+8iO+8su+8ieODnuODvOOCr+OBruOCt+ODvOODq+OCkuOCgeOBj+OBo+OBpu+8gTxCUj7jg6njg4Pjgq3jg7zjg4Hjg6Pjg6zjg7PjgrjigJ3imIU8QlI+Cgo8SU1HIHNyYz0iaHR0cDovL2ltYWdlLnJha3V0ZW4uY28uanAvZGVua2l0aS9jYWJpbmV0LzIwMTYwMTIwX3BvaW50N3hfNDY4LmpwZyIgYm9yZGVyPSIwIiB3aWR0aD0iNDY4IiBoZWlnaHQ9IjYwIj48QlI+4piF44G+44Ga44Gv44Oa44O844K444KS44OB44Kn44OD44Kv77yB77yB4piFPEJSPgoKPElNRyBzcmM9Imh0dHA6Ly9pbWFnZS5yYWt1dGVuLmNvLmpwL2RlbmtpdGkvY2FiaW5ldC80Njh4NjAtMjQxLmpwZyIgYm9yZGVyPSIwIiB3aWR0aD0iNDY4IiBoZWlnaHQ9IjYwIj48QlI+4piF44Ko44Oz44OI44Oq44O844GM5b+F6KaB44Gn44GZ77yBNeaciDMxCuaXpe+8iOawtO+8iTIz77yaNTnjgb7jgafvvIE8QlI+CgoKPElNRyBzcmM9Imh0dHA6Ly9pbWFnZS5yYWt1dGVuLmNvLmpwL2RlbmtpdGkvY2FiaW5ldC9lZHkuanBnIiBib3JkZXI9IjAiIHdpZHRoPSI0NjgiIGhlaWdodD0iNjAiPjxCUj7imIXjgqjjg7Pjg4jjg6rjg7zjgYzlv4XopoHjgafjgZnvvIE25pyIMeaXpe+8iOacqO+8iTk6NTnjgb7jgafvvIE8QlI+CgoKPElNRyBzcmM9Imh0dHA6Ly9pbWFnZS5yYWt1dGVuLmNvLmpwL2RlbmtpdGkvY2FiaW5ldC80Njh4NjAtMTczMS5qcGciIGJvcmRlcj0iMCIgd2lkdGg9IjQ2OCIgaGVpZ2h0PSI2MCI+PEJSPuKYheOCqOODs+ODiOODquODvOOBjOW/heimgeOBp+OBme+8gTbmnIgx5pel77yI5pyo77yJMDnvvJo1OeOBvuOBp++8gTxCUj4KCjwvQj4KCjwvVEQ+CgoKPC9UUj4KPC9UQUJMRT4KCjxCUj4KPEZPTlQgc2l6ZT0iLTEiIGNvbG9yPSJkZXJrb3JhbmdlIj4K5ZWG5ZOB44KS44GK5o6i44GX44Gu44GK5a6i5qeY77yB44GK5rCX6Lu944Gr44GK5ZWP44GE5ZCI44KP44Gb44OV44Kp44O844Og44KI44KK44GK5ZWP44GE5ZCI44KP44Gb5LiL44GV44GE44CCbShfIF8pbSA8L0ZPTlQ+CjxCUj4KCuOBiuWuouanmOOBuOOAgeipkOasuuOCteOCpOODiOOBq+OBlOazqOaEj+OBj+OBoOOBleOBhO+8gTxCUj4KCjwvQ0VOVEVSPg==,44Of44OE44OT44K344Kq44O844OW44Oz44Os44Oz44K4Uk8tREcx44CBUk8tREcxMEbnlKjjga7op5LjgqLjg5/vvIjph5HlsZ7oo73vvInimIUx5YCL44CQTUlUU1VCSVNISSDkuInoj7EgTTE4NDMwMzQ544CR77ya44Gn44KT5ZCJ,44Gn44KT5ZCJ44Kq44O844Kv44K344On44Oz44OX44Os44K844Oz44OI5a626Zu744OR44K944Kz44Oz5r+A5a6J5a6J6Yi05pyo6Zu75ZmoUGFuYXNvbmljTkFUSU9OQUzjg5/jg4Tjg5Pjgrfjgqrjg7zjg5bjg7Pjg6zjg7PjgrhSTy1ERzHjgIFSTy1ERzEwRueUqOOBruinkuOCouODn++8iOmHkeWxnuijve+8ieKYhTHlgIvjgJBNSVRTVUJJU0hJIOS4ieiPsSBNMTg0MzAzNDnjgJE=,44CQ5a6F6YWN5L6/44Gu5aC05ZCI6YCB5paZNTAw5YaG44CR5rGa44KM44GM44Gp44GG44GX44Gm44KC6JC944Gh44Gq44GE77yB77yf44CC44Of44OE44OT44K344Kq44O844OW44Oz44Os44Oz44K4Uk8tREcx44CBUk8tREcxMEbnlKjjga7op5LjgqLjg5/vvIjph5HlsZ7oo73vvInimIUx5YCL44CQTUlUU1VCSVNISSDkuInoj7EgTTE4NDMwMzQ544CR[rn]
29-48516,aHR0cDovL3RzaG9wLnIxMHMuanAvZGVua2l0aS9jYWJpbmV0L21pdGh1YmlzaGkvaW1ncmMwMDY1NjgyNDg3LmdpZj9maXRpbj03MDA6NzAw,MzI4My4yMDAw,,5a626Zu7ID4g44Kt44OD44OB44Oz5a626Zu7ID4g44Kt44OD44OB44Oz5a626Zu755So44Ki44Kv44K744K144Oq44O844O76YOo5ZOBID4g6Zu75a2Q44Os44Oz44K444O744Kq44O844OW44Oz44Os44Oz44K455So44Ki44Kv44K744K144Oq44O8,44Of44OE44OT44K344Kq44O844OW44Oz44Os44Oz44K4UkctR1Mx44CBUkctRlMx55So44Gu6KeS55q/77yI44K744Op44Of44OD44Kv6KO977yJ4piFMeaemuOAkE1JVFNVQklTSEkg5LiJ6I+xIE0xODQzODM0MOOAkQ==,44CQ5a6F6YWN5L6/44Gu5aC05ZCI6YCB5paZNTAw5YaG44CR5Ymy44KM44Gh44KD44Gj44Gf77yB77yf,PElNRyBzcmM9Imh0dHA6Ly9pbWFnZS5yYWt1dGVuLmNvLmpwL2RlbmtpdGkvY2FiaW5ldC9tYWlsLWZ1a2EuZ2lmIiBib3JkZXI9IjAiPjxicj48YnI+PGZvbnQgY29sb3I9InJlZCI+4piF44Ok44Oe44OI6YGL6Ly444Gu6YCB5paZ44Gv44GT44Gh44KJ4piFPC9mb250PjxCUj48QlI+CjxUQUJMRSBjbGFzcz0idGFibGVtaWdpIj48VFI+PFREPuWVhuWTgeWQjTwvVEQ+PFREPuOCquODvOODluODs+ODrOODs+OCuOeUqOOBruOCu+ODqeODn+ODg+OCr+ijveOBruinkueavzwvVEQ+PC9UUj4KPFRSIGNsYXNzPSJ0ZG1pZ2kxIj48VEQ+5YWl5pWwPC9URD48VEQ+77yR5p6aPC9URD48L1RSPgo8VFI+PFREPumBqeeUqOapn+eorjwvVEQ+PFREPlJHLUdTMeOAgVJHLUZTMTwvVEQ+PC9UUj4KPFRSIGNsYXNzPSJ0ZG1pZ2kxIj48VEQ+44Oh44O844Kr44O8PC9URD48VEQ+5LiJ6I+x44CBTUlUU1VCSVNISTwvVEQ+PC9UUj4KPC9UQUJMRT4KPEJSPgo8QlI+CjxUQUJMRSBjbGFzcz0idGFibGVtaWdpIj48dHIgY2xhc3M9InRkbWlnaTEiPgo8VEQgYmdjb2xvcj0iI2ZmY2NjYyI+PGI+44GU6LO85YWl5YmN44Gr44GU56K66KqN44GP44Gg44GV44GEPC9iPjwvVEQ+PC90cj4KPHRyPjx0ZD48Qj7jg7vkuLjnmr/jgIHop5Lnmr/jgIHnhLzjgqLjg5/jga/opovjgZ/nm67jg7vjgrXjgqTjgrrjgYzlkIzjgZjjgafjgoLpgannlKjlk4Hku6XlpJbjga7jgoLjga7jga/jg6Hjg7zjgqvjg7zjgafmjqjlpajjgZfjgabjgYrjgorjgb7jgZvjgpPjgII8QlI+44Gd44Gu54K644CBPEZPTlQgY29sb3I9IiNmZjAwMzMiPumBqeeUqOWTgeS7peWkluOCkuOBlOizvOWFpeODu+S9v+eUqOW+jOOBruacrOS9k+OBrueVsOW4uOOBvuOBn+OBr+aVhemanOOAgeaAquaIkeetieOCkuOBl+OBn+WgtOWQiOOBruiyrOS7u+OBr+W9k+W6l+OBp+OBr+iyoOOBhOOBi+OBreOBvuOBmTwvRk9OVD48L0I+44CCPEJSPgrjgZTos7zlhaXliY3jgavjgZTliKnnlKjkuK3jga7mnKzkvZPjgajpgannlKjjgZfjgabjgYTjgovjgYvku4rkuIDluqbjgZTnorroqo3jgY/jgaDjgZXjgYTjgII8L1REPjwvVFI+CjwvVEFCTEU+CjxCUj4KPEJSPgo8IS0t4piGLS0+CjxUQUJMRSBjbGFzcz0idGFibGVtaWdpIj4KPFRSPjxURCBjbGFzcz0idGRtaWdpMSI+PEZPTlQgY29sb3I9I2ZmZmZmZj7ilqA8L0ZPTlQ+PEI+5pSv5omV5pa55rOVPC9CPjwvVEQ+PC9UUj48VFI+PFREIGNsYXNzPSJ0ZG1pZ2kyIj48SU1HIHNyYz1odHRwOi8vaW1hZ2UucmFrdXRlbi5jby5qcC9kZW5raXRpL2NhYmluZXQvYnVucnVpL2Nhc2gxLmdpZiBib3JkZXI9MD48SU1HIHNyYz1odHRwOi8vaW1hZ2UucmFrdXRlbi5jby5qcC9kZW5raXRpL2NhYmluZXQvYnVucnVpL2Nhc2gyLmdpZiBib3JkZXI9MD48SU1HIHNyYz1odHRwOi8vaW1hZ2UucmFrdXRlbi5jby5qcC9kZW5raXRpL2NhYmluZXQvYnVucnVpL2Nhc2gzLmdpZiBib3JkZXI9MD48SU1HIHNyYz1odHRwOi8vaW1hZ2UucmFrdXRlbi5jby5qcC9kZW5raXRpL2NhYmluZXQvYnVucnVpL2Nhc2g1LmdpZiBib3JkZXI9MD48QlI+CuOBp+OBruOBiuaUr+aJleOBhOOBjOWPr+iDveOBp+OBmeOAgjxCUj7imIXjgYrmlK/miZXmlrnms5XjgpLjg6Ljg4Pjg4joqbPjgZfjgY/imIU8L1REPjwvVFI+CjxUUj48VEQgY2xhc3M9InRkbWlnaTEiPjxGT05UIGNvbG9yPSNmZmZmZmY+4pagPC9GT05UPjxCPuWVhuWTgeOBrueZuumAgeaXpTwvQj48L1REPjwvVFI+PFRSPjxURCBjbGFzcz0idGRtaWdpMiI+PEZPTlQgY29sb3I9I2ZmMzMwMD48Qj7mnKzllYblk4Hjga/pgJrluLjjga/jg6Hjg7zjgqvjg7zlj5bjgorlr4TjgZvlk4HjgafjgZnjgII8L0I+PC9GT05UPjxCUj7ilqDjg6Hjg7zjgqvjg7zjgavlnKjluqvjgYzjgYLjgaPjgZ/loLTlkIjjgac8QlI+PEZPTlQgY29sb3I9IiM5OTAwZmYiPuW+oeazqOaWh+aXpe+8i++8ke+9nu+8k+aXpeeoi+W6puOBp+OBrueZuumAgeOBqOOBquOCiuOBvuOBmeOAgjxCUj4KPC9GT05UPuKAu+OBlOazqOaWh+OBruOCv+OCpOODn+ODs+OCsOOBq+OCiOOBo+OBpuOBr+S4iuiomOebruWuieOCiOOCiumBheOCjOOCi+WgtOWQiOOCguOBlOOBluOBhOOBvuOBmeOAgjxicj4K4pag44Oh44O844Kr44O85qyg5ZOB44Gu5aC05ZCIPEJSPgo8Rk9OVCBjb2xvcj0iIzk5MDBmZiI+5ZWG5ZOB55Sf55Sj5LiK44GM44KK5b6M44Gu55m66YCB44Go44Gq44KK44G+44GZ44CCPC9GT05UPjxCUj48QlI+PEI+4oC744GK5oCl44GO44Gu5aC05ZCI44Gv44G+44Ga5Zyo5bqr44Gr44Gk44GE44Gm44GK5ZWP44GE5ZCI44KP44Gb44GP44Gg44GV44GE77yBPC9CPjxCUj7igLvllYblk4HpoYzlkI3jgavljbPntI3jgajooajoqJjjga7jgYLjgovloLTlkIjjgavjga/jgIHlvZPlupflnKjluqvliIbjgafnorrkv53lj6/og73jgafjgZnjgII8QlI+CjxCUj48L1REPjwvVFI+CjxUUj48VEQgY2xhc3M9InRkbWlnaTEiPjxGT05UIGNvbG9yPSNmZmZmZmY+4pagPC9GT05UPjxCPuOBiuWxiuOBkeaWueazleOBq+OBpOOBhOOBpjwvQj48L1REPjwvVFI+PFRSPjxURCBjbGFzcz0idGRtaWdpMiI+PElNRyBzcmM9Imh0dHA6Ly9pbWFnZS5yYWt1dGVuLmNvLmpwL2RlbmtpdGkvY2FiaW5ldC90YWt1aGFpYnVuLmdpZiIgYm9yZGVyPSIwIj48L1REPjwvVFI+CjxUUj48VEQgY2xhc3M9InRkbWlnaTEiPjxGT05UIGNvbG9yPSNmZmZmZmY+4pagPC9GT05UPjxCPui/lOWTgeODu+S6pOaPmzwvQj48L1REPjwvVFI+PFRSPjxURCBjbGFzcz0idGRtaWdpMiI+44O744GK5a6i5qeY44Gu44GU6YO95ZCI44Gr44KI44KL6L+U5ZOB5Lqk5o+b44Gv5LiA5YiH44GK5Y+X44GR44Gn44GN44G+44Gb44KT44CC5L6L77ya5ZOB55Wq44KS6ZaT6YGV44Gj44Gm5rOo5paH44GX44Gf44CCPEJSPgrjg7vpg6jlk4Hjgavjga/kv53pmpzjga/ku5jjgYTjgabjgYrjgorjgb7jgZvjgpPjgILliJ3mnJ/kuI3oia/jga7jgb/jga7lr77lv5zjgajjgarjgorjgb7jgZnjgII8L1REPjwvVFI+CjxUUj48VEQgY2xhc3M9InRkbWlnaTEiPjxGT05UIGNvbG9yPSNmZmZmZmY+4pagPC9GT05UPjxCPuOCq+ODqeODvO+8huazqOaEjzwvQj48L1REPjwvVFI+PFRSPjxURCBjbGFzcz0idGRtaWdpMiI+44Kr44Op44O86KaL5pys44Gv44GC44GP44G+44Gn44KC5Y+C6ICD44Gn44GZ44CC55Sf5Zyw57Sg5p2Q44GK5a6i44GV44G+44Gu44OR44K944Kz44Oz55S76Z2i44Gu6Kit5a6a44CB44GC44KL44GE44Gv5b6u5aaZ44Gq6aKo5ZCI44GE562J44Gu5b2x6Z+/44Gr44KI44KK44CB5a6f6Zqb44Gu5ZWG5ZOB44Go6Iul5bmy55Ww44Gq44KL5aC05ZCI44GM5pyJ44KL5LqL44KS44GU5om/55+l44GP44Gg44GV44GE44CCPC9URD48L1RSPjwvVEFCTEU+PENFTlRFUj4KCjxJTUcgc3JjPSJodHRwczovL2ltYWdlLnJha3V0ZW4uY28uanAvZGVua2l0aS9jYWJpbmV0L2VpZ3lvLTE3MDUxMi5naWYiIGJvcmRlcj0iMCI+PEJSPjxCUj4KCjxUQUJMRSBib3JkZXI9IjAiIGJnY29sb3I9IiNmZjAwNjYiPgoKCjxUUiBiZ2NvbG9yPSJEOTAwNjQiIGFsaWduPSJjZW50ZXIiPgoKPFREIGJnY29sb3I9IiNmZjAwNjYiPjxCPjxmb250IGNvbG9yPSJGRkZGMDAiIHNpemU9IisxIj7imIXnj77lnKjplovlgqzkuK3jga7jg53jgqTjg7Pjg4jjgqLjg4Pjg5fkvIHnlLvjga/jgZPjgaHjgonjgafjgZnimIU8L2ZvbnQ+PC9CPjwvVEQ+PC9UUj4KCjxUUiBhbGlnbj0iY2VudGVyIj4KCjxURCBiZ2NvbG9yPSIjZmZmZjAwIj48Qj4KCjxJTUcgc3JjPSJodHRwOi8vaW1hZ2UucmFrdXRlbi5jby5qcC9kZW5raXRpL2NhYmluZXQvbHVjazQ2OC04MDEuZ2lmIiBib3JkZXI9IjAiIHdpZHRoPSI0NjgiIGhlaWdodD0iNjAiPjxCUj7imIXliLDnnYDllYblk4HvvIjvvLLvvInjg57jg7zjgq/jga7jgrfjg7zjg6vjgpLjgoHjgY/jgaPjgabvvIE8QlI+44Op44OD44Kt44O844OB44Oj44Os44Oz44K44oCd4piFPEJSPgoKPElNRyBzcmM9Imh0dHA6Ly9pbWFnZS5yYWt1dGVuLmNvLmpwL2RlbmtpdGkvY2FiaW5ldC8yMDE2MDEyMF9wb2ludDd4XzQ2OC5qcGciIGJvcmRlcj0iMCIgd2lkdGg9IjQ2OCIgaGVpZ2h0PSI2MCI+PEJSPuKYheOBvuOBmuOBr+ODmuODvOOCuOOCkuODgeOCp+ODg+OCr++8ge+8geKYhTxCUj4KCjxJTUcgc3JjPSJodHRwOi8vaW1hZ2UucmFrdXRlbi5jby5qcC9kZW5raXRpL2NhYmluZXQvNDY4eDYwLTI0MS5qcGciIGJvcmRlcj0iMCIgd2lkdGg9IjQ2OCIgaGVpZ2h0PSI2MCI+PEJSPuKYheOCqOODs+ODiOODquODvOOBjOW/heimgeOBp+OBme+8gTXmnIgzMQrml6XvvIjmsLTvvIkyM++8mjU544G+44Gn77yBPEJSPgoKCjxJTUcgc3JjPSJodHRwOi8vaW1hZ2UucmFrdXRlbi5jby5qcC9kZW5raXRpL2NhYmluZXQvZWR5LmpwZyIgYm9yZGVyPSIwIiB3aWR0aD0iNDY4IiBoZWlnaHQ9IjYwIj48QlI+4piF44Ko44Oz44OI44Oq44O844GM5b+F6KaB44Gn44GZ77yBNuaciDHml6XvvIjmnKjvvIk5OjU544G+44Gn77yBPEJSPgoKCjxJTUcgc3JjPSJodHRwOi8vaW1hZ2UucmFrdXRlbi5jby5qcC9kZW5raXRpL2NhYmluZXQvNDY4eDYwLTE3MzEuanBnIiBib3JkZXI9IjAiIHdpZHRoPSI0NjgiIGhlaWdodD0iNjAiPjxCUj7imIXjgqjjg7Pjg4jjg6rjg7zjgYzlv4XopoHjgafjgZnvvIE25pyIMeaXpe+8iOacqO+8iTA577yaNTnjgb7jgafvvIE8QlI+Cgo8L0I+Cgo8L1REPgoKCjwvVFI+CjwvVEFCTEU+Cgo8QlI+CjxGT05UIHNpemU9Ii0xIiBjb2xvcj0iZGVya29yYW5nZSI+CuWVhuWTgeOCkuOBiuaOouOBl+OBruOBiuWuouanmO+8geOBiuawl+i7veOBq+OBiuWVj+OBhOWQiOOCj+OBm+ODleOCqeODvOODoOOCiOOCiuOBiuWVj+OBhOWQiOOCj+OBm+S4i+OBleOBhOOAgm0oXyBfKW0gPC9GT05UPgo8QlI+CgrjgYrlrqLmp5jjgbjjgIHoqZDmrLrjgrXjgqTjg4jjgavjgZTms6jmhI/jgY/jgaDjgZXjgYTvvIE8QlI+Cgo8L0NFTlRFUj4=,44Of44OE44OT44K344Kq44O844OW44Oz44Os44Oz44K4UkctR1Mx44CBUkctRlMx55So44Gu6KeS55q/77yI44K744Op44Of44OD44Kv6KO977yJ4piFMeaemuOAkE1JVFNVQklTSEkg5LiJ6I+xIE0xODQzODM0MOOAke+8muOBp+OCk+WQiQ==,44Gn44KT5ZCJ44Kq44O844Kv44K344On44Oz44OX44Os44K844Oz44OI5a626Zu744OR44K944Kz44Oz5r+A5a6J5a6J6Yi05pyo6Zu75ZmoUGFuYXNvbmljTkFUSU9OQUzjg5/jg4Tjg5Pjgrfjgqrjg7zjg5bjg7Pjg6zjg7PjgrhSRy1HUzHjgIFSRy1GUzHnlKjjga7op5Lnmr/vvIjjgrvjg6njg5/jg4Pjgq/oo73vvInimIUx5p6a44CQTUlUU1VCSVNISSDkuInoj7EgTTE4NDM4MzQw44CR,44CQ5a6F6YWN5L6/44Gu5aC05ZCI6YCB5paZNTAw5YaG44CR5Ymy44KM44Gh44KD44Gj44Gf77yB77yf44CC44Of44OE44OT44K344Kq44O844OW44Oz44Os44Oz44K4UkctR1Mx44CBUkctRlMx55So44Gu6KeS55q/77yI44K744Op44Of44OD44Kv6KO977yJ4piFMeaemuOAkE1JVFNVQklTSEkg5LiJ6I+xIE0xODQzODM0MOOAkQ==[rn]
29-48517,aHR0cDovL3RzaG9wLnIxMHMuanAvZGVua2l0aS9jYWJpbmV0L21pdGh1YmlzaGkvaW1nNjI3NDA2MDcuanBnP2ZpdGluPTcwMDo3MDA=,MTcyOC4wMDAw,,5a626Zu7ID4g44Kt44OD44OB44Oz5a626Zu7ID4g44Kt44OD44OB44Oz5a626Zu755So44Ki44Kv44K744K144Oq44O844O76YOo5ZOBID4g6Zu75a2Q44Os44Oz44K444O744Kq44O844OW44Oz44Os44Oz44K455So44Ki44Kv44K744K144Oq44O8,44Of44OE44OT44K36Zu75a2Q44Os44Oz44K4Uk8tTUE244CBUk8tTTUx44CBUlItTTEw55So44Gu5Li455q/77yI44K/44O844Oz44OG44O844OW44Or77yJ4piFMeaemuOAkE1JVFNVQklTSEkg5LiJ6I+xIE0xODM2NzM0MEPjgJE=,44CQ5a6F6YWN5L6/44Gu5aC05ZCI6YCB5paZNTAw5YaG44CR5Ymy44KM44Gh44KD44Gj44Gf77yf,PElNRyBzcmM9Imh0dHA6Ly9pbWFnZS5yYWt1dGVuLmNvLmpwL2RlbmtpdGkvY2FiaW5ldC9tYWlsLWZ1a2EuZ2lmIiBib3JkZXI9IjAiPjxicj48YnI+PGZvbnQgY29sb3I9InJlZCI+4piF44Ok44Oe44OI6YGL6Ly444Gu6YCB5paZ44Gv44GT44Gh44KJ4piFPC9mb250PjxCUj48QlI+CjxUQUJMRSBjbGFzcz0idGFibGVtaWdpIj48VFI+PFREPuWVhuWTgeWQjTwvVEQ+PFREPumbu+WtkOODrOODs+OCuOeUqOOBruS4uOeav++8iOWIpeWQje+8muOCv+ODvOODs+ODhuODvOODluODq++8jOODrOODs+OCuOeav++8iTwvVEQ+PC9UUj4KPFRSIGNsYXNzPSJ0ZG1pZ2kxIj48VEQ+5YWl5pWwPC9URD48VEQ+77yR5p6aPC9URD48L1RSPgo8VFI+PFREPumBqeeUqOapn+eorjwvVEQ+PFREPlJPLU1BNuOAgVJPLU01MeOAgVJSLU0xMDwvVEQ+PC9UUj4KPFRSIGNsYXNzPSJ0ZG1pZ2kxIj48VEQ+44Oh44O844Kr44O8PC9URD48VEQ+5LiJ6I+x44CBTUlUU1VCSVNISTwvVEQ+PC9UUj4KPC9UQUJMRT4KPEJSPgo8QlI+CjxUQUJMRSBjbGFzcz0idGFibGVtaWdpIj48dHIgY2xhc3M9InRkbWlnaTEiPgo8VEQgYmdjb2xvcj0iI2ZmY2NjYyI+PGI+44GU6LO85YWl5YmN44Gr44GU56K66KqN44GP44Gg44GV44GEPC9iPjwvVEQ+PC90cj4KPHRyPjx0ZD48Qj7jg7vkuLjnmr/jgIHop5Lnmr/jgIHnhLzjgqLjg5/jga/opovjgZ/nm67jg7vjgrXjgqTjgrrjgYzlkIzjgZjjgafjgoLpgannlKjlk4Hku6XlpJbjga7jgoLjga7jga/jg6Hjg7zjgqvjg7zjgafmjqjlpajjgZfjgabjgYrjgorjgb7jgZvjgpPjgII8QlI+44Gd44Gu54K644CBPEZPTlQgY29sb3I9IiNmZjAwMzMiPumBqeeUqOWTgeS7peWkluOCkuOBlOizvOWFpeODu+S9v+eUqOW+jOOBruacrOS9k+OBrueVsOW4uOOBvuOBn+OBr+aVhemanOOAgeaAquaIkeetieOCkuOBl+OBn+WgtOWQiOOBruiyrOS7u+OBr+W9k+W6l+OBp+OBr+iyoOOBhOOBi+OBreOBvuOBmTwvRk9OVD48L0I+44CCPEJSPgrjgZTos7zlhaXliY3jgavjgZTliKnnlKjkuK3jga7mnKzkvZPjgajpgannlKjjgZfjgabjgYTjgovjgYvku4rkuIDluqbjgZTnorroqo3jgY/jgaDjgZXjgYTjgII8L1REPjwvVFI+CjwvVEFCTEU+CjxCUj4KPEJSPgo8IS0t4piGLS0+CjxUQUJMRSBjbGFzcz0idGFibGVtaWdpIj4KPFRSPjxURCBjbGFzcz0idGRtaWdpMSI+PEZPTlQgY29sb3I9I2ZmZmZmZj7ilqA8L0ZPTlQ+PEI+5pSv5omV5pa55rOVPC9CPjwvVEQ+PC9UUj48VFI+PFREIGNsYXNzPSJ0ZG1pZ2kyIj48SU1HIHNyYz1odHRwOi8vaW1hZ2UucmFrdXRlbi5jby5qcC9kZW5raXRpL2NhYmluZXQvYnVucnVpL2Nhc2gxLmdpZiBib3JkZXI9MD48SU1HIHNyYz1odHRwOi8vaW1hZ2UucmFrdXRlbi5jby5qcC9kZW5raXRpL2NhYmluZXQvYnVucnVpL2Nhc2gyLmdpZiBib3JkZXI9MD48SU1HIHNyYz1odHRwOi8vaW1hZ2UucmFrdXRlbi5jby5qcC9kZW5raXRpL2NhYmluZXQvYnVucnVpL2Nhc2gzLmdpZiBib3JkZXI9MD48SU1HIHNyYz1odHRwOi8vaW1hZ2UucmFrdXRlbi5jby5qcC9kZW5raXRpL2NhYmluZXQvYnVucnVpL2Nhc2g1LmdpZiBib3JkZXI9MD48QlI+CuOBp+OBruOBiuaUr+aJleOBhOOBjOWPr+iDveOBp+OBmeOAgjxCUj7imIXjgYrmlK/miZXmlrnms5XjgpLjg6Ljg4Pjg4joqbPjgZfjgY/imIU8L1REPjwvVFI+CjxUUj48VEQgY2xhc3M9InRkbWlnaTEiPjxGT05UIGNvbG9yPSNmZmZmZmY+4pagPC9GT05UPjxCPuWVhuWTgeOBrueZuumAgeaXpTwvQj48L1REPjwvVFI+PFRSPjxURCBjbGFzcz0idGRtaWdpMiI+PEZPTlQgY29sb3I9I2ZmMzMwMD48Qj7mnKzllYblk4Hjga/pgJrluLjjga/jg6Hjg7zjgqvjg7zlj5bjgorlr4TjgZvlk4HjgafjgZnjgII8L0I+PC9GT05UPjxCUj7ilqDjg6Hjg7zjgqvjg7zjgavlnKjluqvjgYzjgYLjgaPjgZ/loLTlkIjjgac8QlI+PEZPTlQgY29sb3I9IiM5OTAwZmYiPuW+oeazqOaWh+aXpe+8i++8ke+9nu+8k+aXpeeoi+W6puOBp+OBrueZuumAgeOBqOOBquOCiuOBvuOBmeOAgjxicj48L0ZPTlQ+4pag44Oh44O844Kr44O85qyg5ZOB44Gu5aC05ZCIPEJSPgo8Rk9OVCBjb2xvcj0iIzk5MDBmZiI+5ZWG5ZOB55Sf55Sj5LiK44GM44KK5b6M44Gu55m66YCB44Go44Gq44KK44G+44GZ44CCPC9GT05UPjxCUj48QlI+PEI+4oC744GK5oCl44GO44Gu5aC05ZCI44Gv44G+44Ga5Zyo5bqr44Gr44Gk44GE44Gm44GK5ZWP44GE5ZCI44KP44Gb44GP44Gg44GV44GE77yBPC9CPjxCUj7igLvllYblk4HpoYzlkI3jgavljbPntI3jgajooajoqJjjga7jgYLjgovloLTlkIjjgavjga/jgIHlvZPlupflnKjluqvliIbjgafnorrkv53lj6/og73jgafjgZnjgII8QlI+CjxCUj48L1REPjwvVFI+CjxUUj48VEQgY2xhc3M9InRkbWlnaTEiPjxGT05UIGNvbG9yPSNmZmZmZmY+4pagPC9GT05UPjxCPuOBiuWxiuOBkeaWueazleOBq+OBpOOBhOOBpjwvQj48L1REPjwvVFI+PFRSPjxURCBjbGFzcz0idGRtaWdpMiI+PElNRyBzcmM9Imh0dHA6Ly9pbWFnZS5yYWt1dGVuLmNvLmpwL2RlbmtpdGkvY2FiaW5ldC90YWt1aGFpYnVuLmdpZiIgYm9yZGVyPSIwIj48L1REPjwvVFI+CjxUUj48VEQgY2xhc3M9InRkbWlnaTEiPjxGT05UIGNvbG9yPSNmZmZmZmY+4pagPC9GT05UPjxCPui/lOWTgeODu+S6pOaPmzwvQj48L1REPjwvVFI+PFRSPjxURCBjbGFzcz0idGRtaWdpMiI+44O744GK5a6i5qeY44Gu44GU6YO95ZCI44Gr44KI44KL6L+U5ZOB5Lqk5o+b44Gv5LiA5YiH44GK5Y+X44GR44Gn44GN44G+44Gb44KT44CC5L6L77ya5ZOB55Wq44KS6ZaT6YGV44Gj44Gm5rOo5paH44GX44Gf44CCPEJSPgrjg7vpg6jlk4Hjgavjga/kv53pmpzjga/ku5jjgYTjgabjgYrjgorjgb7jgZvjgpPjgILliJ3mnJ/kuI3oia/jga7jgb/jga7lr77lv5zjgajjgarjgorjgb7jgZnjgII8L1REPjwvVFI+CjxUUj48VEQgY2xhc3M9InRkbWlnaTEiPjxGT05UIGNvbG9yPSNmZmZmZmY+4pagPC9GT05UPjxCPuOCq+ODqeODvO+8huazqOaEjzwvQj48L1REPjwvVFI+PFRSPjxURCBjbGFzcz0idGRtaWdpMiI+44Kr44Op44O86KaL5pys44Gv44GC44GP44G+44Gn44KC5Y+C6ICD44Gn44GZ44CC55Sf5Zyw57Sg5p2Q44GK5a6i44GV44G+44Gu44OR44K944Kz44Oz55S76Z2i44Gu6Kit5a6a44CB44GC44KL44GE44Gv5b6u5aaZ44Gq6aKo5ZCI44GE562J44Gu5b2x6Z+/44Gr44KI44KK44CB5a6f6Zqb44Gu5ZWG5ZOB44Go6Iul5bmy55Ww44Gq44KL5aC05ZCI44GM5pyJ44KL5LqL44KS44GU5om/55+l44GP44Gg44GV44GE44CCPC9URD48L1RSPjwvVEFCTEU+PENFTlRFUj4KCjxJTUcgc3JjPSJodHRwczovL2ltYWdlLnJha3V0ZW4uY28uanAvZGVua2l0aS9jYWJpbmV0L2VpZ3lvLTE3MDUxMi5naWYiIGJvcmRlcj0iMCI+PEJSPjxCUj4KCjxUQUJMRSBib3JkZXI9IjAiIGJnY29sb3I9IiNmZjAwNjYiPgoKCjxUUiBiZ2NvbG9yPSJEOTAwNjQiIGFsaWduPSJjZW50ZXIiPgoKPFREIGJnY29sb3I9IiNmZjAwNjYiPjxCPjxmb250IGNvbG9yPSJGRkZGMDAiIHNpemU9IisxIj7imIXnj77lnKjplovlgqzkuK3jga7jg53jgqTjg7Pjg4jjgqLjg4Pjg5fkvIHnlLvjga/jgZPjgaHjgonjgafjgZnimIU8L2ZvbnQ+PC9CPjwvVEQ+PC9UUj4KCjxUUiBhbGlnbj0iY2VudGVyIj4KCjxURCBiZ2NvbG9yPSIjZmZmZjAwIj48Qj4KCjxJTUcgc3JjPSJodHRwOi8vaW1hZ2UucmFrdXRlbi5jby5qcC9kZW5raXRpL2NhYmluZXQvbHVjazQ2OC04MDEuZ2lmIiBib3JkZXI9IjAiIHdpZHRoPSI0NjgiIGhlaWdodD0iNjAiPjxCUj7imIXliLDnnYDllYblk4HvvIjvvLLvvInjg57jg7zjgq/jga7jgrfjg7zjg6vjgpLjgoHjgY/jgaPjgabvvIE8QlI+44Op44OD44Kt44O844OB44Oj44Os44Oz44K44oCd4piFPEJSPgoKPElNRyBzcmM9Imh0dHA6Ly9pbWFnZS5yYWt1dGVuLmNvLmpwL2RlbmtpdGkvY2FiaW5ldC8yMDE2MDEyMF9wb2ludDd4XzQ2OC5qcGciIGJvcmRlcj0iMCIgd2lkdGg9IjQ2OCIgaGVpZ2h0PSI2MCI+PEJSPuKYheOBvuOBmuOBr+ODmuODvOOCuOOCkuODgeOCp+ODg+OCr++8ge+8geKYhTxCUj4KCjxJTUcgc3JjPSJodHRwOi8vaW1hZ2UucmFrdXRlbi5jby5qcC9kZW5raXRpL2NhYmluZXQvNDY4eDYwLTI0MS5qcGciIGJvcmRlcj0iMCIgd2lkdGg9IjQ2OCIgaGVpZ2h0PSI2MCI+PEJSPuKYheOCqOODs+ODiOODquODvOOBjOW/heimgeOBp+OBme+8gTXmnIgzMQrml6XvvIjmsLTvvIkyM++8mjU544G+44Gn77yBPEJSPgoKCjxJTUcgc3JjPSJodHRwOi8vaW1hZ2UucmFrdXRlbi5jby5qcC9kZW5raXRpL2NhYmluZXQvZWR5LmpwZyIgYm9yZGVyPSIwIiB3aWR0aD0iNDY4IiBoZWlnaHQ9IjYwIj48QlI+4piF44Ko44Oz44OI44Oq44O844GM5b+F6KaB44Gn44GZ77yBNuaciDHml6XvvIjmnKjvvIk5OjU544G+44Gn77yBPEJSPgoKCjxJTUcgc3JjPSJodHRwOi8vaW1hZ2UucmFrdXRlbi5jby5qcC9kZW5raXRpL2NhYmluZXQvNDY4eDYwLTE3MzEuanBnIiBib3JkZXI9IjAiIHdpZHRoPSI0NjgiIGhlaWdodD0iNjAiPjxCUj7imIXjgqjjg7Pjg4jjg6rjg7zjgYzlv4XopoHjgafjgZnvvIE25pyIMeaXpe+8iOacqO+8iTA577yaNTnjgb7jgafvvIE8QlI+Cgo8L0I+Cgo8L1REPgoKCjwvVFI+CjwvVEFCTEU+Cgo8QlI+CjxGT05UIHNpemU9Ii0xIiBjb2xvcj0iZGVya29yYW5nZSI+CuWVhuWTgeOCkuOBiuaOouOBl+OBruOBiuWuouanmO+8geOBiuawl+i7veOBq+OBiuWVj+OBhOWQiOOCj+OBm+ODleOCqeODvOODoOOCiOOCiuOBiuWVj+OBhOWQiOOCj+OBm+S4i+OBleOBhOOAgm0oXyBfKW0gPC9GT05UPgo8QlI+CgrjgYrlrqLmp5jjgbjjgIHoqZDmrLrjgrXjgqTjg4jjgavjgZTms6jmhI/jgY/jgaDjgZXjgYTvvIE8QlI+Cgo8L0NFTlRFUj4=,44Of44OE44OT44K36Zu75a2Q44Os44Oz44K4Uk8tTUE244CBUk8tTTUx44CBUlItTTEw55So44Gu5Li455q/77yI44K/44O844Oz44OG44O844OW44Or77yJ4piFMeaemuOAkE1JVFNVQklTSEkg5LiJ6I+xIE0xODM2NzM0MEPjgJHvvJrjgafjgpPlkIk=,44Gn44KT5ZCJ44Kq44O844Kv44K344On44Oz44OX44Os44K844Oz44OI5a626Zu744OR44K944Kz44Oz5r+A5a6J5a6J6Yi05pyo6Zu75ZmoUGFuYXNvbmljTkFUSU9OQUzjg5/jg4Tjg5Pjgrfpm7vlrZDjg6zjg7PjgrhSTy1NQTbjgIFSTy1NNTHjgIFSUi1NMTDnlKjjga7kuLjnmr/vvIjjgr/jg7zjg7Pjg4bjg7zjg5bjg6vvvInimIUx5p6a44CQTUlUU1VCSVNISSDkuInoj7EgTTE4MzY3MzQwQ+OAkQ==,44CQ5a6F6YWN5L6/44Gu5aC05ZCI6YCB5paZNTAw5YaG44CR5Ymy44KM44Gh44KD44Gj44Gf77yf44CC44Of44OE44OT44K36Zu75a2Q44Os44Oz44K4Uk8tTUE244CBUk8tTTUx44CBUlItTTEw55So44Gu5Li455q/77yI44K/44O844Oz44OG44O844OW44Or77yJ4piFMeaemuOAkE1JVFNVQklTSEkg5LiJ6I+xIE0xODM2NzM0MEPjgJE=[rn]
29-48518,aHR0cDovL3RzaG9wLnIxMHMuanAvZGVua2l0aS9jYWJpbmV0L21pdGh1YmlzaGkvbTE4NDM4MzQ5LmdpZj9maXRpbj03MDA6NzAw,NjA0LjgwMDA=,,5a626Zu7ID4g44Kt44OD44OB44Oz5a626Zu7ID4g44Kt44OD44OB44Oz5a626Zu755So44Ki44Kv44K744K144Oq44O844O76YOo5ZOBID4g6Zu75a2Q44Os44Oz44K444O744Kq44O844OW44Oz44Os44Oz44K455So44Ki44Kv44K744K144Oq44O8,44Of44OE44OT44K344Kq44O844OW44Oz44Os44Oz44K4UkctRlMx55So44Gu6KeS44Ki44Of77yI6YeR5bGe6KO977yJ4piFMeWAi+OAkE1JVFNVQklTSEkg5LiJ6I+xIE0xODQzODM0OeOAkQ==,44CQ5a6F6YWN5L6/44Gu5aC05ZCI6YCB5paZNTAw5YaG44CR5rGa44KM44GM6JC944Gh44Gq44GE77yB77yf,PElNRyBzcmM9Imh0dHA6Ly9pbWFnZS5yYWt1dGVuLmNvLmpwL2RlbmtpdGkvY2FiaW5ldC9tYWlsLWZ1a2EuZ2lmIiBib3JkZXI9IjAiPjxicj48YnI+PGZvbnQgY29sb3I9InJlZCI+4piF44Ok44Oe44OI6YGL6Ly444Gu6YCB5paZ44Gv44GT44Gh44KJ4piFPC9mb250PjxCUj48QlI+CjxUQUJMRSBjbGFzcz0idGFibGVtaWdpIj48VFI+PFREPuWVhuWTgeWQjTwvVEQ+PFREPuOCquODvOODluODs+ODrOODs+OCuOeUqOOBruinkuOCouODn++8iOinkue2su+8iTwvVEQ+PC9UUj4KPFRSIGNsYXNzPSJ0ZG1pZ2kxIj48VEQ+5YWl5pWwPC9URD48VEQ+77yR5YCLPC9URD48L1RSPgo8VFI+PFREPumBqeeUqOapn+eorjwvVEQ+PFREPlJHLUZTMTwvVEQ+PC9UUj4KPFRSIGNsYXNzPSJ0ZG1pZ2kxIj48VEQ+44Oh44O844Kr44O8PC9URD48VEQ+5LiJ6I+x44CBTUlUU1VCSVNISTwvVEQ+PC9UUj4KPC9UQUJMRT4KPEJSPgo8QlI+CjxUQUJMRSBjbGFzcz0idGFibGVtaWdpIj48dHIgY2xhc3M9InRkbWlnaTEiPgo8VEQgYmdjb2xvcj0iI2ZmY2NjYyI+PGI+44GU6LO85YWl5YmN44Gr44GU56K66KqN44GP44Gg44GV44GEPC9iPjwvVEQ+PC90cj4KPHRyPjx0ZD48Qj7jg7vkuLjnmr/jgIHop5Lnmr/jgIHnhLzjgqLjg5/jga/opovjgZ/nm67jg7vjgrXjgqTjgrrjgYzlkIzjgZjjgafjgoLpgannlKjlk4Hku6XlpJbjga7jgoLjga7jga/jg6Hjg7zjgqvjg7zjgafmjqjlpajjgZfjgabjgYrjgorjgb7jgZvjgpPjgII8QlI+44Gd44Gu54K644CBPEZPTlQgY29sb3I9IiNmZjAwMzMiPumBqeeUqOWTgeS7peWkluOCkuOBlOizvOWFpeODu+S9v+eUqOW+jOOBruacrOS9k+OBrueVsOW4uOOBvuOBn+OBr+aVhemanOOAgeaAquaIkeetieOCkuOBl+OBn+WgtOWQiOOBruiyrOS7u+OBr+W9k+W6l+OBp+OBr+iyoOOBhOOBi+OBreOBvuOBmTwvRk9OVD48L0I+44CCPEJSPgrjgZTos7zlhaXliY3jgavjgZTliKnnlKjkuK3jga7mnKzkvZPjgajpgannlKjjgZfjgabjgYTjgovjgYvku4rkuIDluqbjgZTnorroqo3jgY/jgaDjgZXjgYTjgII8L1REPjwvVFI+CjwvVEFCTEU+CjxCUj4KPEJSPgo8IS0t4piGLS0+CjxUQUJMRSBjbGFzcz0idGFibGVtaWdpIj4KPFRSPjxURCBjbGFzcz0idGRtaWdpMSI+PEZPTlQgY29sb3I9I2ZmZmZmZj7ilqA8L0ZPTlQ+PEI+5pSv5omV5pa55rOVPC9CPjwvVEQ+PC9UUj48VFI+PFREIGNsYXNzPSJ0ZG1pZ2kyIj48SU1HIHNyYz1odHRwOi8vaW1hZ2UucmFrdXRlbi5jby5qcC9kZW5raXRpL2NhYmluZXQvYnVucnVpL2Nhc2gxLmdpZiBib3JkZXI9MD48SU1HIHNyYz1odHRwOi8vaW1hZ2UucmFrdXRlbi5jby5qcC9kZW5raXRpL2NhYmluZXQvYnVucnVpL2Nhc2gyLmdpZiBib3JkZXI9MD48SU1HIHNyYz1odHRwOi8vaW1hZ2UucmFrdXRlbi5jby5qcC9kZW5raXRpL2NhYmluZXQvYnVucnVpL2Nhc2gzLmdpZiBib3JkZXI9MD48SU1HIHNyYz1odHRwOi8vaW1hZ2UucmFrdXRlbi5jby5qcC9kZW5raXRpL2NhYmluZXQvYnVucnVpL2Nhc2g1LmdpZiBib3JkZXI9MD48QlI+CuOBp+OBruOBiuaUr+aJleOBhOOBjOWPr+iDveOBp+OBmeOAgjxCUj7imIXjgYrmlK/miZXmlrnms5XjgpLjg6Ljg4Pjg4joqbPjgZfjgY/imIU8L1REPjwvVFI+CjxUUj48VEQgY2xhc3M9InRkbWlnaTEiPjxGT05UIGNvbG9yPSNmZmZmZmY+4pagPC9GT05UPjxCPuWVhuWTgeOBrueZuumAgeaXpTwvQj48L1REPjwvVFI+PFRSPjxURCBjbGFzcz0idGRtaWdpMiI+PEZPTlQgY29sb3I9I2ZmMzMwMD48Qj7mnKzllYblk4Hjga/pgJrluLjjga/jg6Hjg7zjgqvjg7zlj5bjgorlr4TjgZvlk4HjgafjgZnjgII8L0I+PC9GT05UPjxCUj7ilqDjg6Hjg7zjgqvjg7zjgavlnKjluqvjgYzjgYLjgaPjgZ/loLTlkIjjgac8QlI+PEZPTlQgY29sb3I9IiM5OTAwZmYiPuW+oeazqOaWh+aXpe+8i++8ke+9nu+8k+aXpeeoi+W6puOBp+OBrueZuumAgeOBqOOBquOCiuOBvuOBmeOAgjxCUj4KPC9GT05UPuKAu+OBlOazqOaWh+OBruOCv+OCpOODn+ODs+OCsOOBq+OCiOOBo+OBpuOBr+S4iuiomOebruWuieOCiOOCiumBheOCjOOCi+WgtOWQiOOCguOBlOOBluOBhOOBvuOBmeOAgjxicj4K4pag44Oh44O844Kr44O85qyg5ZOB44Gu5aC05ZCIPEJSPgo8Rk9OVCBjb2xvcj0iIzk5MDBmZiI+5ZWG5ZOB55Sf55Sj5LiK44GM44KK5b6M44Gu55m66YCB44Go44Gq44KK44G+44GZ44CCPC9GT05UPjxCUj48QlI+PEI+4oC744GK5oCl44GO44Gu5aC05ZCI44Gv44G+44Ga5Zyo5bqr44Gr44Gk44GE44Gm44GK5ZWP44GE5ZCI44KP44Gb44GP44Gg44GV44GE77yBPC9CPjxCUj7igLvllYblk4HpoYzlkI3jgavljbPntI3jgajooajoqJjjga7jgYLjgovloLTlkIjjgavjga/jgIHlvZPlupflnKjluqvliIbjgafnorrkv53lj6/og73jgafjgZnjgII8QlI+CjxCUj48L1REPjwvVFI+CjxUUj48VEQgY2xhc3M9InRkbWlnaTEiPjxGT05UIGNvbG9yPSNmZmZmZmY+4pagPC9GT05UPjxCPuOBiuWxiuOBkeaWueazleOBq+OBpOOBhOOBpjwvQj48L1REPjwvVFI+PFRSPjxURCBjbGFzcz0idGRtaWdpMiI+PElNRyBzcmM9Imh0dHA6Ly9pbWFnZS5yYWt1dGVuLmNvLmpwL2RlbmtpdGkvY2FiaW5ldC90YWt1aGFpYnVuLmdpZiIgYm9yZGVyPSIwIj48L1REPjwvVFI+CjxUUj48VEQgY2xhc3M9InRkbWlnaTEiPjxGT05UIGNvbG9yPSNmZmZmZmY+4pagPC9GT05UPjxCPui/lOWTgeODu+S6pOaPmzwvQj48L1REPjwvVFI+PFRSPjxURCBjbGFzcz0idGRtaWdpMiI+44O744GK5a6i5qeY44Gu44GU6YO95ZCI44Gr44KI44KL6L+U5ZOB5Lqk5o+b44Gv5LiA5YiH44GK5Y+X44GR44Gn44GN44G+44Gb44KT44CC5L6L77ya5ZOB55Wq44KS6ZaT6YGV44Gj44Gm5rOo5paH44GX44Gf44CCPEJSPgrjg7vpg6jlk4Hjgavjga/kv53pmpzjga/ku5jjgYTjgabjgYrjgorjgb7jgZvjgpPjgILliJ3mnJ/kuI3oia/jga7jgb/jga7lr77lv5zjgajjgarjgorjgb7jgZnjgII8L1REPjwvVFI+CjxUUj48VEQgY2xhc3M9InRkbWlnaTEiPjxGT05UIGNvbG9yPSNmZmZmZmY+4pagPC9GT05UPjxCPuOCq+ODqeODvO+8huazqOaEjzwvQj48L1REPjwvVFI+PFRSPjxURCBjbGFzcz0idGRtaWdpMiI+44Kr44Op44O86KaL5pys44Gv44GC44GP44G+44Gn44KC5Y+C6ICD44Gn44GZ44CC55Sf5Zyw57Sg5p2Q44GK5a6i44GV44G+44Gu44OR44K944Kz44Oz55S76Z2i44Gu6Kit5a6a44CB44GC44KL44GE44Gv5b6u5aaZ44Gq6aKo5ZCI44GE562J44Gu5b2x6Z+/44Gr44KI44KK44CB5a6f6Zqb44Gu5ZWG5ZOB44Go6Iul5bmy55Ww44Gq44KL5aC05ZCI44GM5pyJ44KL5LqL44KS44GU5om/55+l44GP44Gg44GV44GE44CCPC9URD48L1RSPjwvVEFCTEU+PENFTlRFUj4KCjxJTUcgc3JjPSJodHRwczovL2ltYWdlLnJha3V0ZW4uY28uanAvZGVua2l0aS9jYWJpbmV0L2VpZ3lvLTE3MDUxMi5naWYiIGJvcmRlcj0iMCI+PEJSPjxCUj4KCjxUQUJMRSBib3JkZXI9IjAiIGJnY29sb3I9IiNmZjAwNjYiPgoKCjxUUiBiZ2NvbG9yPSJEOTAwNjQiIGFsaWduPSJjZW50ZXIiPgoKPFREIGJnY29sb3I9IiNmZjAwNjYiPjxCPjxmb250IGNvbG9yPSJGRkZGMDAiIHNpemU9IisxIj7imIXnj77lnKjplovlgqzkuK3jga7jg53jgqTjg7Pjg4jjgqLjg4Pjg5fkvIHnlLvjga/jgZPjgaHjgonjgafjgZnimIU8L2ZvbnQ+PC9CPjwvVEQ+PC9UUj4KCjxUUiBhbGlnbj0iY2VudGVyIj4KCjxURCBiZ2NvbG9yPSIjZmZmZjAwIj48Qj4KCjxJTUcgc3JjPSJodHRwOi8vaW1hZ2UucmFrdXRlbi5jby5qcC9kZW5raXRpL2NhYmluZXQvbHVjazQ2OC04MDEuZ2lmIiBib3JkZXI9IjAiIHdpZHRoPSI0NjgiIGhlaWdodD0iNjAiPjxCUj7imIXliLDnnYDllYblk4HvvIjvvLLvvInjg57jg7zjgq/jga7jgrfjg7zjg6vjgpLjgoHjgY/jgaPjgabvvIE8QlI+44Op44OD44Kt44O844OB44Oj44Os44Oz44K44oCd4piFPEJSPgoKPElNRyBzcmM9Imh0dHA6Ly9pbWFnZS5yYWt1dGVuLmNvLmpwL2RlbmtpdGkvY2FiaW5ldC8yMDE2MDEyMF9wb2ludDd4XzQ2OC5qcGciIGJvcmRlcj0iMCIgd2lkdGg9IjQ2OCIgaGVpZ2h0PSI2MCI+PEJSPuKYheOBvuOBmuOBr+ODmuODvOOCuOOCkuODgeOCp+ODg+OCr++8ge+8geKYhTxCUj4KCjxJTUcgc3JjPSJodHRwOi8vaW1hZ2UucmFrdXRlbi5jby5qcC9kZW5raXRpL2NhYmluZXQvNDY4eDYwLTI0MS5qcGciIGJvcmRlcj0iMCIgd2lkdGg9IjQ2OCIgaGVpZ2h0PSI2MCI+PEJSPuKYheOCqOODs+ODiOODquODvOOBjOW/heimgeOBp+OBme+8gTXmnIgzMQrml6XvvIjmsLTvvIkyM++8mjU544G+44Gn77yBPEJSPgoKCjxJTUcgc3JjPSJodHRwOi8vaW1hZ2UucmFrdXRlbi5jby5qcC9kZW5raXRpL2NhYmluZXQvZWR5LmpwZyIgYm9yZGVyPSIwIiB3aWR0aD0iNDY4IiBoZWlnaHQ9IjYwIj48QlI+4piF44Ko44Oz44OI44Oq44O844GM5b+F6KaB44Gn44GZ77yBNuaciDHml6XvvIjmnKjvvIk5OjU544G+44Gn77yBPEJSPgoKCjxJTUcgc3JjPSJodHRwOi8vaW1hZ2UucmFrdXRlbi5jby5qcC9kZW5raXRpL2NhYmluZXQvNDY4eDYwLTE3MzEuanBnIiBib3JkZXI9IjAiIHdpZHRoPSI0NjgiIGhlaWdodD0iNjAiPjxCUj7imIXjgqjjg7Pjg4jjg6rjg7zjgYzlv4XopoHjgafjgZnvvIE25pyIMeaXpe+8iOacqO+8iTA577yaNTnjgb7jgafvvIE8QlI+Cgo8L0I+Cgo8L1REPgoKCjwvVFI+CjwvVEFCTEU+Cgo8QlI+CjxGT05UIHNpemU9Ii0xIiBjb2xvcj0iZGVya29yYW5nZSI+CuWVhuWTgeOCkuOBiuaOouOBl+OBruOBiuWuouanmO+8geOBiuawl+i7veOBq+OBiuWVj+OBhOWQiOOCj+OBm+ODleOCqeODvOODoOOCiOOCiuOBiuWVj+OBhOWQiOOCj+OBm+S4i+OBleOBhOOAgm0oXyBfKW0gPC9GT05UPgo8QlI+CgrjgYrlrqLmp5jjgbjjgIHoqZDmrLrjgrXjgqTjg4jjgavjgZTms6jmhI/jgY/jgaDjgZXjgYTvvIE8QlI+Cgo8L0NFTlRFUj4=,44Of44OE44OT44K344Kq44O844OW44Oz44Os44Oz44K4UkctRlMx55So44Gu6KeS44Ki44Of77yI6YeR5bGe6KO977yJ4piFMeWAi+OAkE1JVFNVQklTSEkg5LiJ6I+xIE0xODQzODM0OeOAke+8muOBp+OCk+WQiQ==,44Gn44KT5ZCJ44Kq44O844Kv44K344On44Oz44OX44Os44K844Oz44OI5a626Zu744OR44K944Kz44Oz5r+A5a6J5a6J6Yi05pyo6Zu75ZmoUGFuYXNvbmljTkFUSU9OQUzjg5/jg4Tjg5Pjgrfjgqrjg7zjg5bjg7Pjg6zjg7PjgrhSRy1GUzHnlKjjga7op5LjgqLjg5/vvIjph5HlsZ7oo73vvInimIUx5YCL44CQTUlUU1VCSVNISSDkuInoj7EgTTE4NDM4MzQ544CR,44CQ5a6F6YWN5L6/44Gu5aC05ZCI6YCB5paZNTAw5YaG44CR5rGa44KM44GM6JC944Gh44Gq44GE77yB77yf44CC44Of44OE44OT44K344Kq44O844OW44Oz44Os44Oz44K4UkctRlMx55So44Gu6KeS44Ki44Of77yI6YeR5bGe6KO977yJ4piFMeWAi+OAkE1JVFNVQklTSEkg5LiJ6I+xIE0xODQzODM0OeOAkQ==[rn]
29-48519,aHR0cDovL3RzaG9wLnIxMHMuanAvZGVua2l0aS9jYWJpbmV0L21pdGh1YmlzaGkvaW1ncmMwMDY1ODA1NTk4LmdpZj9maXRpbj03MDA6NzAw,MTQ2OC44MDAw,,5a626Zu7ID4g44Kt44OD44OB44Oz5a626Zu7ID4g44Kt44OD44OB44Oz5a626Zu755So44Ki44Kv44K744K144Oq44O844O76YOo5ZOBID4g6Zu75a2Q44Os44Oz44K444O744Kq44O844OW44Oz44Os44Oz44K455So44Ki44Kv44K744K144Oq44O8,44CQ5Zyo5bqr44GC44KK77yB44CR44Of44OE44OT44K344Kq44O844OW44Oz44Os44Oz44K4Uk8tQjXjgIFSTy1CRDPjgIFSTy1CRTPjgIFSTy1CUzMw44CBUk8tQlMzMeOAgVJPLUoz44CBUk8tSjbjgIFSTy1NM+OAgVJPLTUx44CBUk8tTTVZ44CBUk8tTTYw44CBUk8tTUI1MOOAgVJPLU1EMuOAgVJPLU1ENTXjgIFSTy1NRDbjgIFSTy1NRFY144CBUk8tTUUy44CBUk8tTUU144CBUk8tTUY144CBUk8tTUY25LuW55So44Gu6KeS55q/77yI44Ob44O844Ot44O86KO977yJ4piFMeaemuOAkE1JVFNVQklTSEkg5LiJ6I+xIE0xODMxNjM0MELjgJE=,4piF5Y2z57SN4piF44CQ5a6F6YWN5L6/44Gu5aC05ZCI6YCB5paZNTAw5YaG44CR5rGa44KM44GM6JC944Gh44Gq44GE77yB77yf,PElNRyBzcmM9Imh0dHA6Ly9pbWFnZS5yYWt1dGVuLmNvLmpwL2RlbmtpdGkvY2FiaW5ldC9tYWlsLWZ1a2EuZ2lmIiBib3JkZXI9IjAiPjxicj48YnI+PGZvbnQgY29sb3I9InJlZCI+4piF44Ok44Oe44OI6YGL6Ly444Gu6YCB5paZ44Gv44GT44Gh44KJ4piFPC9mb250PjxCUj48QlI+CjxUQUJMRSBjbGFzcz0idGFibGVtaWdpIj48VFI+PFREPuWVhuWTgeWQjTwvVEQ+PFREPuOCquODvOODluODs+ODrOODs+OCuOeUqOOBruinkueavzwvVEQ+PC9UUj4KPFRSIGNsYXNzPSJ0ZG1pZ2kxIj48VEQ+5YWl5pWwPC9URD48VEQ+77yR5p6aPC9URD48L1RSPgo8VFI+PFREPumBqeeUqOapn+eorjwvVEQ+PFREPlJPLU01MOOAgVJPLUI144CBUk8tQkQz44CBUk8tQkUz44CBUk8tQlMzMOOAgVJPLUJTMzHjgIFSTy1KM+OAgVJPLUo244CBUk8tTTPjgIFSTy01MeOAgVJPLU01WeOAgVJPLU02MOOAgVJPLU1CNTDjgIFSTy1NRDLjgIFSTy1NRDU144CBUk8tTUQ244CBUk8tTURWNeOAgVJPLU1FMuOAgVJPLU1FNeOAgVJPLU1GNeOAgVJPLU1GNuOAgVJPLU1LNuOAgVJPLU1SNOOAgVJPLU1SNeOAgVJPLU1WNuOAgVJPLU1aNVLjgIFSTy1NNEPjgIFSTy1TMzHjgIFSTy1NNTHjgIFSTy1NNELjgIFSTy1TQjMw44CBUk8tU0Qz44CBUk8tU0Qz44CBUk8tU0Uz44CBUk8tTTRBPC9URD48L1RSPgo8VFIgY2xhc3M9InRkbWlnaTEiPjxURD7jg6Hjg7zjgqvjg7w8L1REPjxURD7kuInoj7HjgIFNSVRTVUJJU0hJPC9URD48L1RSPgo8L1RBQkxFPgo8QlI+CjxCUj4KPFRBQkxFIGNsYXNzPSJ0YWJsZW1pZ2kiPjx0ciBjbGFzcz0idGRtaWdpMSI+CjxURCBiZ2NvbG9yPSIjZmZjY2NjIj48Yj7jgZTos7zlhaXliY3jgavjgZTnorroqo3jgY/jgaDjgZXjgYQ8L2I+PC9URD48L3RyPgo8dHI+PHRkPjxCPuODu+S4uOeav+OAgeinkueav+OAgeeEvOOCouODn+OBr+imi+OBn+ebruODu+OCteOCpOOCuuOBjOWQjOOBmOOBp+OCgumBqeeUqOWTgeS7peWkluOBruOCguOBruOBr+ODoeODvOOCq+ODvOOBp+aOqOWlqOOBl+OBpuOBiuOCiuOBvuOBm+OCk+OAgjxCUj7jgZ3jga7ngrrjgIE8Rk9OVCBjb2xvcj0iI2ZmMDAzMyI+6YGp55So5ZOB5Lul5aSW44KS44GU6LO85YWl44O75L2/55So5b6M44Gu5pys5L2T44Gu55Ww5bi444G+44Gf44Gv5pWF6Zqc44CB5oCq5oiR562J44KS44GX44Gf5aC05ZCI44Gu6LKs5Lu744Gv5b2T5bqX44Gn44Gv6LKg44GE44GL44Gt44G+44GZPC9GT05UPjwvQj7jgII8QlI+CuOBlOizvOWFpeWJjeOBq+OBlOWIqeeUqOS4reOBruacrOS9k+OBqOmBqeeUqOOBl+OBpuOBhOOCi+OBi+S7iuS4gOW6puOBlOeiuuiqjeOBj+OBoOOBleOBhOOAgjwvVEQ+PC9UUj4KPC9UQUJMRT4KPEJSPgo8QlI+CjwhLS3imIYtLT4KPFRBQkxFIGNsYXNzPSJ0YWJsZW1pZ2kiPgo8VFI+PFREIGNsYXNzPSJ0ZG1pZ2kxIj48Rk9OVCBjb2xvcj0jZmZmZmZmPuKWoDwvRk9OVD48Qj7mlK/miZXmlrnms5U8L0I+PC9URD48L1RSPjxUUj48VEQgY2xhc3M9InRkbWlnaTIiPjxJTUcgc3JjPWh0dHA6Ly9pbWFnZS5yYWt1dGVuLmNvLmpwL2RlbmtpdGkvY2FiaW5ldC9idW5ydWkvY2FzaDEuZ2lmIGJvcmRlcj0wPjxJTUcgc3JjPWh0dHA6Ly9pbWFnZS5yYWt1dGVuLmNvLmpwL2RlbmtpdGkvY2FiaW5ldC9idW5ydWkvY2FzaDIuZ2lmIGJvcmRlcj0wPjxJTUcgc3JjPWh0dHA6Ly9pbWFnZS5yYWt1dGVuLmNvLmpwL2RlbmtpdGkvY2FiaW5ldC9idW5ydWkvY2FzaDMuZ2lmIGJvcmRlcj0wPjxJTUcgc3JjPWh0dHA6Ly9pbWFnZS5yYWt1dGVuLmNvLmpwL2RlbmtpdGkvY2FiaW5ldC9idW5ydWkvY2FzaDUuZ2lmIGJvcmRlcj0wPjxCUj4K44Gn44Gu44GK5pSv5omV44GE44GM5Y+v6IO944Gn44GZ44CCPEJSPuKYheOBiuaUr+aJleaWueazleOCkuODouODg+ODiOips+OBl+OBj+KYhTwvVEQ+PC9UUj4KPFRSPjxURCBjbGFzcz0idGRtaWdpMSI+PEZPTlQgY29sb3I9I2ZmZmZmZj7ilqA8L0ZPTlQ+PEI+5ZWG5ZOB44Gu55m66YCB5pelPC9CPjwvVEQ+PC9UUj48VFI+PFREIGNsYXNzPSJ0ZG1pZ2kyIj48Rk9OVCBjb2xvcj0jZmYzMzAwPjxCPuacrOWVhuWTgeOBr+mAmuW4uOOBr+ODoeODvOOCq+ODvOWPluOCiuWvhOOBm+WTgeOBp+OBmeOAgjwvQj48L0ZPTlQ+PEJSPuKWoOODoeODvOOCq+ODvOOBq+WcqOW6q+OBjOOBguOBo+OBn+WgtOWQiOOBpzxCUj48Rk9OVCBjb2xvcj0iIzk5MDBmZiI+5b6h5rOo5paH5pel77yL77yR772e77yT5pel56iL5bqm44Gn44Gu55m66YCB44Go44Gq44KK44G+44GZ44CCPEJSPgo8L0ZPTlQ+4oC744GU5rOo5paH44Gu44K/44Kk44Of44Oz44Kw44Gr44KI44Gj44Gm44Gv5LiK6KiY55uu5a6J44KI44KK6YGF44KM44KL5aC05ZCI44KC44GU44GW44GE44G+44GZ44CCPGJyPgrilqDjg6Hjg7zjgqvjg7zmrKDlk4Hjga7loLTlkIg8QlI+CjxGT05UIGNvbG9yPSIjOTkwMGZmIj7llYblk4HnlJ/nlKPkuIrjgYzjgorlvozjga7nmbrpgIHjgajjgarjgorjgb7jgZnjgII8L0ZPTlQ+PEJSPjxCUj48Qj7igLvjgYrmgKXjgY7jga7loLTlkIjjga/jgb7jgZrlnKjluqvjgavjgaTjgYTjgabjgYrllY/jgYTlkIjjgo/jgZvjgY/jgaDjgZXjgYTvvIE8L0I+PEJSPuKAu+WVhuWTgemhjOWQjeOBq+WNs+e0jeOBqOihqOiomOOBruOBguOCi+WgtOWQiOOBq+OBr+OAgeW9k+W6l+WcqOW6q+WIhuOBp+eiuuS/neWPr+iDveOBp+OBmeOAgjxCUj4KPEJSPjwvVEQ+PC9UUj4KPFRSPjxURCBjbGFzcz0idGRtaWdpMSI+PEZPTlQgY29sb3I9I2ZmZmZmZj7ilqA8L0ZPTlQ+PEI+44GK5bGK44GR5pa55rOV44Gr44Gk44GE44GmPC9CPjwvVEQ+PC9UUj48VFI+PFREIGNsYXNzPSJ0ZG1pZ2kyIj48SU1HIHNyYz0iaHR0cDovL2ltYWdlLnJha3V0ZW4uY28uanAvZGVua2l0aS9jYWJpbmV0L3Rha3VoYWlidW4uZ2lmIiBib3JkZXI9IjAiPjwvVEQ+PC9UUj4KPFRSPjxURCBjbGFzcz0idGRtaWdpMSI+PEZPTlQgY29sb3I9I2ZmZmZmZj7ilqA8L0ZPTlQ+PEI+6L+U5ZOB44O75Lqk5o+bPC9CPjwvVEQ+PC9UUj48VFI+PFREIGNsYXNzPSJ0ZG1pZ2kyIj7jg7vjgYrlrqLmp5jjga7jgZTpg73lkIjjgavjgojjgovov5Tlk4HkuqTmj5vjga/kuIDliIfjgYrlj5fjgZHjgafjgY3jgb7jgZvjgpPjgILkvovvvJrlk4HnlarjgpLplpPpgZXjgaPjgabms6jmlofjgZfjgZ/jgII8QlI+CuODu+mDqOWTgeOBq+OBr+S/nemanOOBr+S7mOOBhOOBpuOBiuOCiuOBvuOBm+OCk+OAguWIneacn+S4jeiJr+OBruOBv+OBruWvvuW/nOOBqOOBquOCiuOBvuOBmeOAgjwvVEQ+PC9UUj4KPFRSPjxURCBjbGFzcz0idGRtaWdpMSI+PEZPTlQgY29sb3I9I2ZmZmZmZj7ilqA8L0ZPTlQ+PEI+44Kr44Op44O877yG5rOo5oSPPC9CPjwvVEQ+PC9UUj48VFI+PFREIGNsYXNzPSJ0ZG1pZ2kyIj7jgqvjg6njg7zopovmnKzjga/jgYLjgY/jgb7jgafjgoLlj4LogIPjgafjgZnjgILnlJ/lnLDntKDmnZDjgYrlrqLjgZXjgb7jga7jg5Hjgr3jgrPjg7PnlLvpnaLjga7oqK3lrprjgIHjgYLjgovjgYTjga/lvq7lppnjgarpoqjlkIjjgYTnrYnjga7lvbHpn7/jgavjgojjgorjgIHlrp/pmpvjga7llYblk4Hjgajoi6XlubLnlbDjgarjgovloLTlkIjjgYzmnInjgovkuovjgpLjgZTmib/nn6XjgY/jgaDjgZXjgYTjgII8L1REPjwvVFI+PC9UQUJMRT48Q0VOVEVSPgoKPElNRyBzcmM9Imh0dHBzOi8vaW1hZ2UucmFrdXRlbi5jby5qcC9kZW5raXRpL2NhYmluZXQvZWlneW8tMTcwNTEyLmdpZiIgYm9yZGVyPSIwIj48QlI+PEJSPgoKPFRBQkxFIGJvcmRlcj0iMCIgYmdjb2xvcj0iI2ZmMDA2NiI+CgoKPFRSIGJnY29sb3I9IkQ5MDA2NCIgYWxpZ249ImNlbnRlciI+Cgo8VEQgYmdjb2xvcj0iI2ZmMDA2NiI+PEI+PGZvbnQgY29sb3I9IkZGRkYwMCIgc2l6ZT0iKzEiPuKYheePvuWcqOmWi+WCrOS4reOBruODneOCpOODs+ODiOOCouODg+ODl+S8geeUu+OBr+OBk+OBoeOCieOBp+OBmeKYhTwvZm9udD48L0I+PC9URD48L1RSPgoKPFRSIGFsaWduPSJjZW50ZXIiPgoKPFREIGJnY29sb3I9IiNmZmZmMDAiPjxCPgoKPElNRyBzcmM9Imh0dHA6Ly9pbWFnZS5yYWt1dGVuLmNvLmpwL2RlbmtpdGkvY2FiaW5ldC9sdWNrNDY4LTgwMS5naWYiIGJvcmRlcj0iMCIgd2lkdGg9IjQ2OCIgaGVpZ2h0PSI2MCI+PEJSPuKYheWIsOedgOWVhuWTge+8iO+8su+8ieODnuODvOOCr+OBruOCt+ODvOODq+OCkuOCgeOBj+OBo+OBpu+8gTxCUj7jg6njg4Pjgq3jg7zjg4Hjg6Pjg6zjg7PjgrjigJ3imIU8QlI+Cgo8SU1HIHNyYz0iaHR0cDovL2ltYWdlLnJha3V0ZW4uY28uanAvZGVua2l0aS9jYWJpbmV0LzIwMTYwMTIwX3BvaW50N3hfNDY4LmpwZyIgYm9yZGVyPSIwIiB3aWR0aD0iNDY4IiBoZWlnaHQ9IjYwIj48QlI+4piF44G+44Ga44Gv44Oa44O844K444KS44OB44Kn44OD44Kv77yB77yB4piFPEJSPgoKPElNRyBzcmM9Imh0dHA6Ly9pbWFnZS5yYWt1dGVuLmNvLmpwL2RlbmtpdGkvY2FiaW5ldC80Njh4NjAtMjQxLmpwZyIgYm9yZGVyPSIwIiB3aWR0aD0iNDY4IiBoZWlnaHQ9IjYwIj48QlI+4piF44Ko44Oz44OI44Oq44O844GM5b+F6KaB44Gn44GZ77yBNeaciDMxCuaXpe+8iOawtO+8iTIz77yaNTnjgb7jgafvvIE8QlI+CgoKPElNRyBzcmM9Imh0dHA6Ly9pbWFnZS5yYWt1dGVuLmNvLmpwL2RlbmtpdGkvY2FiaW5ldC9lZHkuanBnIiBib3JkZXI9IjAiIHdpZHRoPSI0NjgiIGhlaWdodD0iNjAiPjxCUj7imIXjgqjjg7Pjg4jjg6rjg7zjgYzlv4XopoHjgafjgZnvvIE25pyIMeaXpe+8iOacqO+8iTk6NTnjgb7jgafvvIE8QlI+CgoKPElNRyBzcmM9Imh0dHA6Ly9pbWFnZS5yYWt1dGVuLmNvLmpwL2RlbmtpdGkvY2FiaW5ldC80Njh4NjAtMTczMS5qcGciIGJvcmRlcj0iMCIgd2lkdGg9IjQ2OCIgaGVpZ2h0PSI2MCI+PEJSPuKYheOCqOODs+ODiOODquODvOOBjOW/heimgeOBp+OBme+8gTbmnIgx5pel77yI5pyo77yJMDnvvJo1OeOBvuOBp++8gTxCUj4KCjwvQj4KCjwvVEQ+CgoKPC9UUj4KPC9UQUJMRT4KCjxCUj4KPEZPTlQgc2l6ZT0iLTEiIGNvbG9yPSJkZXJrb3JhbmdlIj4K5ZWG5ZOB44KS44GK5o6i44GX44Gu44GK5a6i5qeY77yB44GK5rCX6Lu944Gr44GK5ZWP44GE5ZCI44KP44Gb44OV44Kp44O844Og44KI44KK44GK5ZWP44GE5ZCI44KP44Gb5LiL44GV44GE44CCbShfIF8pbSA8L0ZPTlQ+CjxCUj4KCuOBiuWuouanmOOBuOOAgeipkOasuuOCteOCpOODiOOBq+OBlOazqOaEj+OBj+OBoOOBleOBhO+8gTxCUj4KCjwvQ0VOVEVSPg==,44CQ5Zyo5bqr44GC44KK77yB44CR44Of44OE44OT44K344Kq44O844OW44Oz44Os44Oz44K4Uk8tQjXjgIFSTy1CRDPjgIFSTy1CRTPjgIFSTy1CUzMw44CBUk8tQlMzMeOAgVJPLUoz44CBUk8tSjbjgIFSTy1NM+OAgVJPLTUx44CBUk8tTTVZ44CBUk8tTTYw44CBUk8tTUI1MOOAgVJPLU1EMuOAgVJPLU1ENTXjgIFSTy1NRDbjgIFSTy1NRFY144CBUk8tTUUy44CBUk8tTUU144CBUk8tTUY144CBUk8tTUY25LuW55So44Gu6KeS55q/77yI44Ob44O844Ot44O86KO977yJ4piFMeaemuOAkE1JVFNVQklTSEkg5LiJ6I+xIE0xODMxNjM0MELjgJHvvJrjgafjgpPlkIk=,44Gn44KT5ZCJ44Kq44O844Kv44K344On44Oz44OX44Os44K844Oz44OI5a626Zu744OR44K944Kz44Oz5r+A5a6J5a6J6Yi05pyo6Zu75ZmoUGFuYXNvbmljTkFUSU9OQUzjgJDlnKjluqvjgYLjgorvvIHjgJHjg5/jg4Tjg5Pjgrfjgqrjg7zjg5bjg7Pjg6zjg7PjgrhSTy1CNeOAgVJPLUJEM+OAgVJPLUJFM+OAgVJPLUJTMzDjgIFSTy1CUzMx44CBUk8tSjPjgIFSTy1KNuOAgVJPLU0z44CBUk8tNTHjgIFSTy1NNVnjgIFSTy1NNjDjgIFSTy1NQjUw44CBUk8tTUQy44CBUk8tTUQ1NeOAgVJPLU1ENuOAgVJPLU1EVjXjgIFSTy1NRTLjgIFSTy1NRTXjgIFSTy1NRjXjgIFSTy1NRjbku5bnlKjjga7op5Lnmr/vvIjjg5vjg7zjg63jg7zoo73vvInimIUx5p6a44CQTUlUU1VCSVNISSDkuInoj7EgTTE4MzE2MzQwQuOAkQ==,4piF5Y2z57SN4piF44CQ5a6F6YWN5L6/44Gu5aC05ZCI6YCB5paZNTAw5YaG44CR5rGa44KM44GM6JC944Gh44Gq44GE77yB77yf44CC44CQ5Zyo5bqr44GC44KK77yB44CR44Of44OE44OT44K344Kq44O844OW44Oz44Os44Oz44K4Uk8tQjXjgIFSTy1CRDPjgIFSTy1CRTPjgIFSTy1CUzMw44CBUk8tQlMzMeOAgVJPLUoz44CBUk8tSjbjgIFSTy1NM+OAgVJPLTUx44CBUk8tTTVZ44CBUk8tTTYw44CBUk8tTUI1MOOAgVJPLU1EMuOAgVJPLU1ENTXjgIFSTy1NRDbjgIFSTy1NRFY144CBUk8tTUUy44CBUk8tTUU144CBUk8tTUY144CBUk8tTUY25LuW55So44Gu6KeS55q/77yI44Ob44O844Ot44O86KO977yJ4piFMeaemuOAkE1JVFNVQklTSEkg5LiJ6I+xIE0xODMxNjM0MELjgJE=[rn]
29-48520,aHR0cDovL3RzaG9wLnIxMHMuanAvZGVua2l0aS9jYWJpbmV0L21pdGh1YmlzaGkvaW1nNjMxMDk3MTQuZ2lmP2ZpdGluPTcwMDo3MDA=,OTUwLjQwMDA=,,5a626Zu7ID4g44Kt44OD44OB44Oz5a626Zu7ID4g44Kt44OD44OB44Oz5a626Zu755So44Ki44Kv44K744K144Oq44O844O76YOo5ZOBID4g6Zu75a2Q44Os44Oz44K444O744Kq44O844OW44Oz44Os44Oz44K455So44Ki44Kv44K744K144Oq44O8,44CQ5Zyo5bqr44GC44KK77yB44CR44Of44OE44OT44K344Kq44O844OW44Oz44Os44Oz44K4Uk8tRE0044CBUk8tUzM3S+eUqOOBruinkueav++8iOODm+ODvOODreODvOijve+8ieKYhTHmnprjgJBNSVRTVUJJU0hJIOS4ieiPsSBNMTg0MjYzNDBC44CR,4piF5Y2z57SN4piF44CQ5a6F6YWN5L6/44Gu5aC05ZCI6YCB5paZNTAw5YaG44CR6Kq/55CG5Zmo44Gv5riF5r2U44GM5LiA55Wq77yB,PElNRyBzcmM9Imh0dHA6Ly9pbWFnZS5yYWt1dGVuLmNvLmpwL2RlbmtpdGkvY2FiaW5ldC9tYWlsLWZ1a2EuZ2lmIiBib3JkZXI9IjAiPjxicj48YnI+PGZvbnQgY29sb3I9InJlZCI+4piF44Ok44Oe44OI6YGL6Ly444Gu6YCB5paZ44Gv44GT44Gh44KJ4piFPC9mb250PjxCUj48QlI+CjxUQUJMRSBjbGFzcz0idGFibGVtaWdpIj48VFI+PFREPuWVhuWTgeWQjTwvVEQ+PFREPuOCquODvOODluODs+ODrOODs+OCuOeUqOOBruinkueav++8iOODm+ODvOODreODvOijve+8iTwvVEQ+PC9UUj4KPFRSIGNsYXNzPSJ0ZG1pZ2kxIj48VEQ+5YWl5pWwPC9URD48VEQ+77yR5p6aPC9URD48L1RSPgo8VFI+PFREPumBqeeUqOapn+eorjwvVEQ+PFREPlJPLURNNOOAgVJPLVMzN0s8L1REPjwvVFI+CjxUUiBjbGFzcz0idGRtaWdpMSI+PFREPuODoeODvOOCq+ODvDwvVEQ+PFREPuS4ieiPseOAgU1JVFNVQklTSEk8L1REPjwvVFI+CjwvVEFCTEU+CjxCUj4KPEJSPgo8VEFCTEUgY2xhc3M9InRhYmxlbWlnaSI+PHRyIGNsYXNzPSJ0ZG1pZ2kxIj4KPFREIGJnY29sb3I9IiNmZmNjY2MiPjxiPuOBlOizvOWFpeWJjeOBq+OBlOeiuuiqjeOBj+OBoOOBleOBhDwvYj48L1REPjwvdHI+Cjx0cj48dGQ+PEI+44O75Li455q/44CB6KeS55q/44CB54S844Ki44Of44Gv6KaL44Gf55uu44O744K144Kk44K644GM5ZCM44GY44Gn44KC6YGp55So5ZOB5Lul5aSW44Gu44KC44Gu44Gv44Oh44O844Kr44O844Gn5o6o5aWo44GX44Gm44GK44KK44G+44Gb44KT44CCPEJSPuOBneOBrueCuuOAgTxGT05UIGNvbG9yPSIjZmYwMDMzIj7pgannlKjlk4Hku6XlpJbjgpLjgZTos7zlhaXjg7vkvb/nlKjlvozjga7mnKzkvZPjga7nlbDluLjjgb7jgZ/jga/mlYXpmpzjgIHmgKrmiJHnrYnjgpLjgZfjgZ/loLTlkIjjga7osqzku7vjga/lvZPlupfjgafjga/osqDjgYTjgYvjga3jgb7jgZk8L0ZPTlQ+PC9CPuOAgjxCUj4K44GU6LO85YWl5YmN44Gr44GU5Yip55So5Lit44Gu5pys5L2T44Go6YGp55So44GX44Gm44GE44KL44GL5LuK5LiA5bqm44GU56K66KqN44GP44Gg44GV44GE44CCPC9URD48L1RSPgo8L1RBQkxFPgo8QlI+CjxCUj4KPCEtLeKYhi0tPgo8VEFCTEUgY2xhc3M9InRhYmxlbWlnaSI+CjxUUj48VEQgY2xhc3M9InRkbWlnaTEiPjxGT05UIGNvbG9yPSNmZmZmZmY+4pagPC9GT05UPjxCPuaUr+aJleaWueazlTwvQj48L1REPjwvVFI+PFRSPjxURCBjbGFzcz0idGRtaWdpMiI+PElNRyBzcmM9aHR0cDovL2ltYWdlLnJha3V0ZW4uY28uanAvZGVua2l0aS9jYWJpbmV0L2J1bnJ1aS9jYXNoMS5naWYgYm9yZGVyPTA+PElNRyBzcmM9aHR0cDovL2ltYWdlLnJha3V0ZW4uY28uanAvZGVua2l0aS9jYWJpbmV0L2J1bnJ1aS9jYXNoMi5naWYgYm9yZGVyPTA+PElNRyBzcmM9aHR0cDovL2ltYWdlLnJha3V0ZW4uY28uanAvZGVua2l0aS9jYWJpbmV0L2J1bnJ1aS9jYXNoMy5naWYgYm9yZGVyPTA+PElNRyBzcmM9aHR0cDovL2ltYWdlLnJha3V0ZW4uY28uanAvZGVua2l0aS9jYWJpbmV0L2J1bnJ1aS9jYXNoNS5naWYgYm9yZGVyPTA+PEJSPgrjgafjga7jgYrmlK/miZXjgYTjgYzlj6/og73jgafjgZnjgII8QlI+4piF44GK5pSv5omV5pa55rOV44KS44Oi44OD44OI6Kmz44GX44GP4piFPC9URD48L1RSPgo8VFI+PFREIGNsYXNzPSJ0ZG1pZ2kxIj48Rk9OVCBjb2xvcj0jZmZmZmZmPuKWoDwvRk9OVD48Qj7llYblk4Hjga7nmbrpgIHml6U8L0I+PC9URD48L1RSPjxUUj48VEQgY2xhc3M9InRkbWlnaTIiPjxGT05UIGNvbG9yPSNmZjMzMDA+PEI+5pys5ZWG5ZOB44Gv6YCa5bi444Gv44Oh44O844Kr44O85Y+W44KK5a+E44Gb5ZOB44Gn44GZ44CCPC9CPjwvRk9OVD48QlI+4pag44Oh44O844Kr44O844Gr5Zyo5bqr44GM44GC44Gj44Gf5aC05ZCI44GnPEJSPjxGT05UIGNvbG9yPSIjOTkwMGZmIj7lvqHms6jmlofml6XvvIvvvJHvvZ7vvJPml6XnqIvluqbjgafjga7nmbrpgIHjgajjgarjgorjgb7jgZnjgII8QlI+CjwvRk9OVD7igLvjgZTms6jmlofjga7jgr/jgqTjg5/jg7PjgrDjgavjgojjgaPjgabjga/kuIroqJjnm67lronjgojjgorpgYXjgozjgovloLTlkIjjgoLjgZTjgZbjgYTjgb7jgZnjgII8YnI+CuKWoOODoeODvOOCq+ODvOasoOWTgeOBruWgtOWQiDxCUj4KPEZPTlQgY29sb3I9IiM5OTAwZmYiPuWVhuWTgeeUn+eUo+S4iuOBjOOCiuW+jOOBrueZuumAgeOBqOOBquOCiuOBvuOBmeOAgjwvRk9OVD48QlI+PEJSPjxCPuKAu+OBiuaApeOBjuOBruWgtOWQiOOBr+OBvuOBmuWcqOW6q+OBq+OBpOOBhOOBpuOBiuWVj+OBhOWQiOOCj+OBm+OBj+OBoOOBleOBhO+8gTwvQj48QlI+4oC75ZWG5ZOB6aGM5ZCN44Gr5Y2z57SN44Go6KGo6KiY44Gu44GC44KL5aC05ZCI44Gr44Gv44CB5b2T5bqX5Zyo5bqr5YiG44Gn56K65L+d5Y+v6IO944Gn44GZ44CCPEJSPgo8QlI+PC9URD48L1RSPgo8VFI+PFREIGNsYXNzPSJ0ZG1pZ2kxIj48Rk9OVCBjb2xvcj0jZmZmZmZmPuKWoDwvRk9OVD48Qj7jgYrlsYrjgZHmlrnms5XjgavjgaTjgYTjgaY8L0I+PC9URD48L1RSPjxUUj48VEQgY2xhc3M9InRkbWlnaTIiPuODu+WuhemFjeS+v++8iOW9k+W6l+aMh+WumuOBrumBi+mAgeS8muekvu+8iTxCUj7jg7vjg6Tjg57jg4jpgYvovLg8Zm9udCBjb2xvcj0icmVkIj7vvIjlnLDln5/jgZTjgajjgavmlpnph5HjgYznlbDjgarjgorjgb7jgZnvvIk8L2ZvbnQ+PEJSPjxCUj7jga7kuIroqJgy54K544Gu5pa55rOV44Gn44Gu44GK5bGK44GR44GM5Y+v6IO944Gn44GZ44CC44GE44Ga44KM44KC5ZCM5pmC44GU5rOo5paH44KC44GX44GP44Gv5ZCM5pel44Gu44GU5rOo5paH44Gn5ZCM5qKx5ZOB44GM44GC44KL5peo6KiY6LyJ44GE44Gf44Gg44GR44Gf5aC05ZCI5L2V5YCL44Gn44KC5ZCM5qKx44GX44GK5bGK44GR44GV44Gb44Gm44GE44Gf44Gg44GN44G+44GZ44CCPEJSPgo8QlI+4oC75pys5ZWG5ZOB44Gv44Oh44O844Or5L6/44Gn44Gu44GK5bGK44GR44Gv44Gn44GN44G+44Gb44KT44CCPEJSPuKAu+ODoeODvOOCq+ODvOebtOmAgeWTgeOBqOOBruWQjOaiseOBr+OBp+OBjeOBvuOBm+OCk+OAgjxCUj48QlI+PC9URD48L1RSPgo8VFI+PFREIGNsYXNzPSJ0ZG1pZ2kxIj48Rk9OVCBjb2xvcj0jZmZmZmZmPuKWoDwvRk9OVD48Qj7ov5Tlk4Hjg7vkuqTmj5s8L0I+PC9URD48L1RSPjxUUj48VEQgY2xhc3M9InRkbWlnaTIiPuODu+OBiuWuouanmOOBruOBlOmDveWQiOOBq+OCiOOCi+i/lOWTgeS6pOaPm+OBr+S4gOWIh+OBiuWPl+OBkeOBp+OBjeOBvuOBm+OCk+OAguS+i++8muWTgeeVquOCkumWk+mBleOBo+OBpuazqOaWh+OBl+OBn+OAgjxCUj4K44O76YOo5ZOB44Gr44Gv5L+d6Zqc44Gv5LuY44GE44Gm44GK44KK44G+44Gb44KT44CC5Yid5pyf5LiN6Imv44Gu44G/44Gu5a++5b+c44Go44Gq44KK44G+44GZ44CCPC9URD48L1RSPgo8VFI+PFREIGNsYXNzPSJ0ZG1pZ2kxIj48Rk9OVCBjb2xvcj0jZmZmZmZmPuKWoDwvRk9OVD48Qj7jgqvjg6njg7zvvIbms6jmhI88L0I+PC9URD48L1RSPjxUUj48VEQgY2xhc3M9InRkbWlnaTIiPuOCq+ODqeODvOimi+acrOOBr+OBguOBj+OBvuOBp+OCguWPguiAg+OBp+OBmeOAgueUn+WcsOe0oOadkOOBiuWuouOBleOBvuOBruODkeOCveOCs+ODs+eUu+mdouOBruioreWumuOAgeOBguOCi+OBhOOBr+W+ruWmmeOBqumiqOWQiOOBhOetieOBruW9semfv+OBq+OCiOOCiuOAgeWun+mam+OBruWVhuWTgeOBqOiLpeW5sueVsOOBquOCi+WgtOWQiOOBjOacieOCi+S6i+OCkuOBlOaJv+efpeOBj+OBoOOBleOBhOOAgjwvVEQ+PC9UUj48L1RBQkxFPjxDRU5URVI+Cgo8SU1HIHNyYz0iaHR0cHM6Ly9pbWFnZS5yYWt1dGVuLmNvLmpwL2RlbmtpdGkvY2FiaW5ldC9laWd5by0xNzA1MTIuZ2lmIiBib3JkZXI9IjAiPjxCUj48QlI+Cgo8VEFCTEUgYm9yZGVyPSIwIiBiZ2NvbG9yPSIjZmYwMDY2Ij4KCgo8VFIgYmdjb2xvcj0iRDkwMDY0IiBhbGlnbj0iY2VudGVyIj4KCjxURCBiZ2NvbG9yPSIjZmYwMDY2Ij48Qj48Zm9udCBjb2xvcj0iRkZGRjAwIiBzaXplPSIrMSI+4piF54++5Zyo6ZaL5YKs5Lit44Gu44Od44Kk44Oz44OI44Ki44OD44OX5LyB55S744Gv44GT44Gh44KJ44Gn44GZ4piFPC9mb250PjwvQj48L1REPjwvVFI+Cgo8VFIgYWxpZ249ImNlbnRlciI+Cgo8VEQgYmdjb2xvcj0iI2ZmZmYwMCI+PEI+Cgo8SU1HIHNyYz0iaHR0cDovL2ltYWdlLnJha3V0ZW4uY28uanAvZGVua2l0aS9jYWJpbmV0L2x1Y2s0NjgtODAxLmdpZiIgYm9yZGVyPSIwIiB3aWR0aD0iNDY4IiBoZWlnaHQ9IjYwIj48QlI+4piF5Yiw552A5ZWG5ZOB77yI77yy77yJ44Oe44O844Kv44Gu44K344O844Or44KS44KB44GP44Gj44Gm77yBPEJSPuODqeODg+OCreODvOODgeODo+ODrOODs+OCuOKAneKYhTxCUj4KCjxJTUcgc3JjPSJodHRwOi8vaW1hZ2UucmFrdXRlbi5jby5qcC9kZW5raXRpL2NhYmluZXQvMjAxNjAxMjBfcG9pbnQ3eF80NjguanBnIiBib3JkZXI9IjAiIHdpZHRoPSI0NjgiIGhlaWdodD0iNjAiPjxCUj7imIXjgb7jgZrjga/jg5rjg7zjgrjjgpLjg4Hjgqfjg4Pjgq/vvIHvvIHimIU8QlI+Cgo8SU1HIHNyYz0iaHR0cDovL2ltYWdlLnJha3V0ZW4uY28uanAvZGVua2l0aS9jYWJpbmV0LzQ2OHg2MC0yNDEuanBnIiBib3JkZXI9IjAiIHdpZHRoPSI0NjgiIGhlaWdodD0iNjAiPjxCUj7imIXjgqjjg7Pjg4jjg6rjg7zjgYzlv4XopoHjgafjgZnvvIE15pyIMzEK5pel77yI5rC077yJMjPvvJo1OeOBvuOBp++8gTxCUj4KCgo8SU1HIHNyYz0iaHR0cDovL2ltYWdlLnJha3V0ZW4uY28uanAvZGVua2l0aS9jYWJpbmV0L2VkeS5qcGciIGJvcmRlcj0iMCIgd2lkdGg9IjQ2OCIgaGVpZ2h0PSI2MCI+PEJSPuKYheOCqOODs+ODiOODquODvOOBjOW/heimgeOBp+OBme+8gTbmnIgx5pel77yI5pyo77yJOTo1OeOBvuOBp++8gTxCUj4KCgo8SU1HIHNyYz0iaHR0cDovL2ltYWdlLnJha3V0ZW4uY28uanAvZGVua2l0aS9jYWJpbmV0LzQ2OHg2MC0xNzMxLmpwZyIgYm9yZGVyPSIwIiB3aWR0aD0iNDY4IiBoZWlnaHQ9IjYwIj48QlI+4piF44Ko44Oz44OI44Oq44O844GM5b+F6KaB44Gn44GZ77yBNuaciDHml6XvvIjmnKjvvIkwOe+8mjU544G+44Gn77yBPEJSPgoKPC9CPgoKPC9URD4KCgo8L1RSPgo8L1RBQkxFPgoKPEJSPgo8Rk9OVCBzaXplPSItMSIgY29sb3I9ImRlcmtvcmFuZ2UiPgrllYblk4HjgpLjgYrmjqLjgZfjga7jgYrlrqLmp5jvvIHjgYrmsJfou73jgavjgYrllY/jgYTlkIjjgo/jgZvjg5Xjgqnjg7zjg6DjgojjgorjgYrllY/jgYTlkIjjgo/jgZvkuIvjgZXjgYTjgIJtKF8gXyltIDwvRk9OVD4KPEJSPgoK44GK5a6i5qeY44G444CB6KmQ5qy644K144Kk44OI44Gr44GU5rOo5oSP44GP44Gg44GV44GE77yBPEJSPgoKPC9DRU5URVI+,44CQ5Zyo5bqr44GC44KK77yB44CR44Of44OE44OT44K344Kq44O844OW44Oz44Os44Oz44K4Uk8tRE0044CBUk8tUzM3S+eUqOOBruinkueav++8iOODm+ODvOODreODvOijve+8ieKYhTHmnprjgJBNSVRTVUJJU0hJIOS4ieiPsSBNMTg0MjYzNDBC44CR77ya44Gn44KT5ZCJ,44Gn44KT5ZCJ44Kq44O844Kv44K344On44Oz44OX44Os44K844Oz44OI5a626Zu744OR44K944Kz44Oz5r+A5a6J5a6J6Yi05pyo6Zu75ZmoUGFuYXNvbmljTkFUSU9OQUzjgJDlnKjluqvjgYLjgorvvIHjgJHjg5/jg4Tjg5Pjgrfjgqrjg7zjg5bjg7Pjg6zjg7PjgrhSTy1ETTTjgIFSTy1TMzdL55So44Gu6KeS55q/77yI44Ob44O844Ot44O86KO977yJ4piFMeaemuOAkE1JVFNVQklTSEkg5LiJ6I+xIE0xODQyNjM0MELjgJE=,4piF5Y2z57SN4piF44CQ5a6F6YWN5L6/44Gu5aC05ZCI6YCB5paZNTAw5YaG44CR6Kq/55CG5Zmo44Gv5riF5r2U44GM5LiA55Wq77yB44CC44CQ5Zyo5bqr44GC44KK77yB44CR44Of44OE44OT44K344Kq44O844OW44Oz44Os44Oz44K4Uk8tRE0044CBUk8tUzM3S+eUqOOBruinkueav++8iOODm+ODvOODreODvOijve+8ieKYhTHmnprjgJBNSVRTVUJJU0hJIOS4ieiPsSBNMTg0MjYzNDBC44CR[rn]
29-48521,aHR0cDovL3RzaG9wLnIxMHMuanAvZGVua2l0aS9jYWJpbmV0L2tha3V6YXJhLW1pdHN1YmlzaGkuZ2lmP2ZpdGluPTcwMDo3MDA=,MTU1NS4yMDAw,,5a626Zu7ID4g44Kt44OD44OB44Oz5a626Zu7ID4g44Kt44OD44OB44Oz5a626Zu755So44Ki44Kv44K744K144Oq44O844O76YOo5ZOBID4g6Zu75a2Q44Os44Oz44K444O744Kq44O844OW44Oz44Os44Oz44K455So44Ki44Kv44K744K144Oq44O8,44Of44OE44OT44K344Kq44O844OW44Oz44Os44Oz44K4Uk8tRVYxMOOAgVJPLUVWMTAw44CBUk8tRVYxMUU055So44Gu6KeS55q/77yI44Ob44O844Ot44O86KO977yJ4piFMeaemuOAkE1JVFNVQklTSEkg5LiJ6I+xIE0xODQzMzM0MOOAkQ==,44CQ5a6F6YWN5L6/44Gu5aC05ZCI6YCB5paZNTAw5YaG44CR6Kq/55CG5Zmo44Gv5riF5r2U44GM5LiA55Wq77yB,PElNRyBzcmM9Imh0dHA6Ly9pbWFnZS5yYWt1dGVuLmNvLmpwL2RlbmtpdGkvY2FiaW5ldC9tYWlsLWZ1a2EuZ2lmIiBib3JkZXI9IjAiPjxicj48YnI+PGZvbnQgY29sb3I9InJlZCI+4piF44Ok44Oe44OI6YGL6Ly444Gu6YCB5paZ44Gv44GT44Gh44KJ4piFPC9mb250PjxCUj48QlI+CjxUQUJMRSBjbGFzcz0idGFibGVtaWdpIj48VFI+PFREPuWVhuWTgeWQjTwvVEQ+PFREPuOCquODvOODluODs+ODrOODs+OCuOeUqOOBruinkueav++8iOODm+ODvOODreODvOijve+8iTwvVEQ+PC9UUj4KPFRSIGNsYXNzPSJ0ZG1pZ2kxIj48VEQ+5YWl5pWwPC9URD48VEQ+77yR5p6aPC9URD48L1RSPgo8VFI+PFREPumBqeeUqOapn+eorjwvVEQ+PFREPlJPLUVWMTDjgIFSTy1FVjEwMOOAgVJPLUVWMTFFNDwvVEQ+PC9UUj4KPFRSIGNsYXNzPSJ0ZG1pZ2kxIj48VEQ+44Oh44O844Kr44O8PC9URD48VEQ+5LiJ6I+x44CBTUlUU1VCSVNISTwvVEQ+PC9UUj4KPC9UQUJMRT4KPEJSPgo8QlI+CjxUQUJMRSBjbGFzcz0idGFibGVtaWdpIj48dHIgY2xhc3M9InRkbWlnaTEiPgo8VEQgYmdjb2xvcj0iI2ZmY2NjYyI+PGI+44GU6LO85YWl5YmN44Gr44GU56K66KqN44GP44Gg44GV44GEPC9iPjwvVEQ+PC90cj4KPHRyPjx0ZD48Qj7jg7vkuLjnmr/jgIHop5Lnmr/jgIHnhLzjgqLjg5/jga/opovjgZ/nm67jg7vjgrXjgqTjgrrjgYzlkIzjgZjjgafjgoLpgannlKjlk4Hku6XlpJbjga7jgoLjga7jga/jg6Hjg7zjgqvjg7zjgafmjqjlpajjgZfjgabjgYrjgorjgb7jgZvjgpPjgII8QlI+44Gd44Gu54K644CBPEZPTlQgY29sb3I9IiNmZjAwMzMiPumBqeeUqOWTgeS7peWkluOCkuOBlOizvOWFpeODu+S9v+eUqOW+jOOBruacrOS9k+OBrueVsOW4uOOBvuOBn+OBr+aVhemanOOAgeaAquaIkeetieOCkuOBl+OBn+WgtOWQiOOBruiyrOS7u+OBr+W9k+W6l+OBp+OBr+iyoOOBhOOBi+OBreOBvuOBmTwvRk9OVD48L0I+44CCPEJSPgrjgZTos7zlhaXliY3jgavjgZTliKnnlKjkuK3jga7mnKzkvZPjgajpgannlKjjgZfjgabjgYTjgovjgYvku4rkuIDluqbjgZTnorroqo3jgY/jgaDjgZXjgYTjgII8L1REPjwvVFI+CjwvVEFCTEU+CjxCUj4KPEJSPgo8IS0t4piGLS0+CjxUQUJMRSBjbGFzcz0idGFibGVtaWdpIj4KPFRSPjxURCBjbGFzcz0idGRtaWdpMSI+PEZPTlQgY29sb3I9I2ZmZmZmZj7ilqA8L0ZPTlQ+PEI+5pSv5omV5pa55rOVPC9CPjwvVEQ+PC9UUj48VFI+PFREIGNsYXNzPSJ0ZG1pZ2kyIj48SU1HIHNyYz1odHRwOi8vaW1hZ2UucmFrdXRlbi5jby5qcC9kZW5raXRpL2NhYmluZXQvYnVucnVpL2Nhc2gxLmdpZiBib3JkZXI9MD48SU1HIHNyYz1odHRwOi8vaW1hZ2UucmFrdXRlbi5jby5qcC9kZW5raXRpL2NhYmluZXQvYnVucnVpL2Nhc2gyLmdpZiBib3JkZXI9MD48SU1HIHNyYz1odHRwOi8vaW1hZ2UucmFrdXRlbi5jby5qcC9kZW5raXRpL2NhYmluZXQvYnVucnVpL2Nhc2gzLmdpZiBib3JkZXI9MD48SU1HIHNyYz1odHRwOi8vaW1hZ2UucmFrdXRlbi5jby5qcC9kZW5raXRpL2NhYmluZXQvYnVucnVpL2Nhc2g1LmdpZiBib3JkZXI9MD48QlI+CuOBp+OBruOBiuaUr+aJleOBhOOBjOWPr+iDveOBp+OBmeOAgjxCUj7imIXjgYrmlK/miZXmlrnms5XjgpLjg6Ljg4Pjg4joqbPjgZfjgY/imIU8L1REPjwvVFI+CjxUUj48VEQgY2xhc3M9InRkbWlnaTEiPjxGT05UIGNvbG9yPSNmZmZmZmY+4pagPC9GT05UPjxCPuWVhuWTgeOBrueZuumAgeaXpTwvQj48L1REPjwvVFI+PFRSPjxURCBjbGFzcz0idGRtaWdpMiI+PEZPTlQgY29sb3I9I2ZmMzMwMD48Qj7mnKzllYblk4Hjga/pgJrluLjjga/jg6Hjg7zjgqvjg7zlj5bjgorlr4TjgZvlk4HjgafjgZnjgII8L0I+PC9GT05UPjxCUj7ilqDjg6Hjg7zjgqvjg7zjgavlnKjluqvjgYzjgYLjgaPjgZ/loLTlkIjjgac8QlI+PEZPTlQgY29sb3I9IiM5OTAwZmYiPuW+oeazqOaWh+aXpe+8i++8ke+9nu+8k+aXpeeoi+W6puOBp+OBrueZuumAgeOBqOOBquOCiuOBvuOBmeOAgjxCUj4KPC9GT05UPuKAu+OBlOazqOaWh+OBruOCv+OCpOODn+ODs+OCsOOBq+OCiOOBo+OBpuOBr+S4iuiomOebruWuieOCiOOCiumBheOCjOOCi+WgtOWQiOOCguOBlOOBluOBhOOBvuOBmeOAgjxicj4K4pag44Oh44O844Kr44O85qyg5ZOB44Gu5aC05ZCIPEJSPgo8Rk9OVCBjb2xvcj0iIzk5MDBmZiI+5ZWG5ZOB55Sf55Sj5LiK44GM44KK5b6M44Gu55m66YCB44Go44Gq44KK44G+44GZ44CCPC9GT05UPjxCUj48QlI+PEI+4oC744GK5oCl44GO44Gu5aC05ZCI44Gv44G+44Ga5Zyo5bqr44Gr44Gk44GE44Gm44GK5ZWP44GE5ZCI44KP44Gb44GP44Gg44GV44GE77yBPC9CPjxCUj7igLvllYblk4HpoYzlkI3jgavljbPntI3jgajooajoqJjjga7jgYLjgovloLTlkIjjgavjga/jgIHlvZPlupflnKjluqvliIbjgafnorrkv53lj6/og73jgafjgZnjgII8QlI+CjxCUj48L1REPjwvVFI+CjxUUj48VEQgY2xhc3M9InRkbWlnaTEiPjxGT05UIGNvbG9yPSNmZmZmZmY+4pagPC9GT05UPjxCPuOBiuWxiuOBkeaWueazleOBq+OBpOOBhOOBpjwvQj48L1REPjwvVFI+PFRSPjxURCBjbGFzcz0idGRtaWdpMiI+PElNRyBzcmM9Imh0dHA6Ly9pbWFnZS5yYWt1dGVuLmNvLmpwL2RlbmtpdGkvY2FiaW5ldC90YWt1aGFpYnVuLmdpZiIgYm9yZGVyPSIwIj48L1REPjwvVFI+CjxUUj48VEQgY2xhc3M9InRkbWlnaTEiPjxGT05UIGNvbG9yPSNmZmZmZmY+4pagPC9GT05UPjxCPui/lOWTgeODu+S6pOaPmzwvQj48L1REPjwvVFI+PFRSPjxURCBjbGFzcz0idGRtaWdpMiI+44O744GK5a6i5qeY44Gu44GU6YO95ZCI44Gr44KI44KL6L+U5ZOB5Lqk5o+b44Gv5LiA5YiH44GK5Y+X44GR44Gn44GN44G+44Gb44KT44CC5L6L77ya5ZOB55Wq44KS6ZaT6YGV44Gj44Gm5rOo5paH44GX44Gf44CCPEJSPgrjg7vpg6jlk4Hjgavjga/kv53pmpzjga/ku5jjgYTjgabjgYrjgorjgb7jgZvjgpPjgILliJ3mnJ/kuI3oia/jga7jgb/jga7lr77lv5zjgajjgarjgorjgb7jgZnjgII8L1REPjwvVFI+CjxUUj48VEQgY2xhc3M9InRkbWlnaTEiPjxGT05UIGNvbG9yPSNmZmZmZmY+4pagPC9GT05UPjxCPuOCq+ODqeODvO+8huazqOaEjzwvQj48L1REPjwvVFI+PFRSPjxURCBjbGFzcz0idGRtaWdpMiI+44Kr44Op44O86KaL5pys44Gv44GC44GP44G+44Gn44KC5Y+C6ICD44Gn44GZ44CC55Sf5Zyw57Sg5p2Q44GK5a6i44GV44G+44Gu44OR44K944Kz44Oz55S76Z2i44Gu6Kit5a6a44CB44GC44KL44GE44Gv5b6u5aaZ44Gq6aKo5ZCI44GE562J44Gu5b2x6Z+/44Gr44KI44KK44CB5a6f6Zqb44Gu5ZWG5ZOB44Go6Iul5bmy55Ww44Gq44KL5aC05ZCI44GM5pyJ44KL5LqL44KS44GU5om/55+l44GP44Gg44GV44GE44CCPC9URD48L1RSPjwvVEFCTEU+PENFTlRFUj4KCjxJTUcgc3JjPSJodHRwczovL2ltYWdlLnJha3V0ZW4uY28uanAvZGVua2l0aS9jYWJpbmV0L2VpZ3lvLTE3MDUxMi5naWYiIGJvcmRlcj0iMCI+PEJSPjxCUj4KCjxUQUJMRSBib3JkZXI9IjAiIGJnY29sb3I9IiNmZjAwNjYiPgoKCjxUUiBiZ2NvbG9yPSJEOTAwNjQiIGFsaWduPSJjZW50ZXIiPgoKPFREIGJnY29sb3I9IiNmZjAwNjYiPjxCPjxmb250IGNvbG9yPSJGRkZGMDAiIHNpemU9IisxIj7imIXnj77lnKjplovlgqzkuK3jga7jg53jgqTjg7Pjg4jjgqLjg4Pjg5fkvIHnlLvjga/jgZPjgaHjgonjgafjgZnimIU8L2ZvbnQ+PC9CPjwvVEQ+PC9UUj4KCjxUUiBhbGlnbj0iY2VudGVyIj4KCjxURCBiZ2NvbG9yPSIjZmZmZjAwIj48Qj4KCjxJTUcgc3JjPSJodHRwOi8vaW1hZ2UucmFrdXRlbi5jby5qcC9kZW5raXRpL2NhYmluZXQvbHVjazQ2OC04MDEuZ2lmIiBib3JkZXI9IjAiIHdpZHRoPSI0NjgiIGhlaWdodD0iNjAiPjxCUj7imIXliLDnnYDllYblk4HvvIjvvLLvvInjg57jg7zjgq/jga7jgrfjg7zjg6vjgpLjgoHjgY/jgaPjgabvvIE8QlI+44Op44OD44Kt44O844OB44Oj44Os44Oz44K44oCd4piFPEJSPgoKPElNRyBzcmM9Imh0dHA6Ly9pbWFnZS5yYWt1dGVuLmNvLmpwL2RlbmtpdGkvY2FiaW5ldC8yMDE2MDEyMF9wb2ludDd4XzQ2OC5qcGciIGJvcmRlcj0iMCIgd2lkdGg9IjQ2OCIgaGVpZ2h0PSI2MCI+PEJSPuKYheOBvuOBmuOBr+ODmuODvOOCuOOCkuODgeOCp+ODg+OCr++8ge+8geKYhTxCUj4KCjxJTUcgc3JjPSJodHRwOi8vaW1hZ2UucmFrdXRlbi5jby5qcC9kZW5raXRpL2NhYmluZXQvNDY4eDYwLTI0MS5qcGciIGJvcmRlcj0iMCIgd2lkdGg9IjQ2OCIgaGVpZ2h0PSI2MCI+PEJSPuKYheOCqOODs+ODiOODquODvOOBjOW/heimgeOBp+OBme+8gTXmnIgzMQrml6XvvIjmsLTvvIkyM++8mjU544G+44Gn77yBPEJSPgoKCjxJTUcgc3JjPSJodHRwOi8vaW1hZ2UucmFrdXRlbi5jby5qcC9kZW5raXRpL2NhYmluZXQvZWR5LmpwZyIgYm9yZGVyPSIwIiB3aWR0aD0iNDY4IiBoZWlnaHQ9IjYwIj48QlI+4piF44Ko44Oz44OI44Oq44O844GM5b+F6KaB44Gn44GZ77yBNuaciDHml6XvvIjmnKjvvIk5OjU544G+44Gn77yBPEJSPgoKCjxJTUcgc3JjPSJodHRwOi8vaW1hZ2UucmFrdXRlbi5jby5qcC9kZW5raXRpL2NhYmluZXQvNDY4eDYwLTE3MzEuanBnIiBib3JkZXI9IjAiIHdpZHRoPSI0NjgiIGhlaWdodD0iNjAiPjxCUj7imIXjgqjjg7Pjg4jjg6rjg7zjgYzlv4XopoHjgafjgZnvvIE25pyIMeaXpe+8iOacqO+8iTA577yaNTnjgb7jgafvvIE8QlI+Cgo8L0I+Cgo8L1REPgoKCjwvVFI+CjwvVEFCTEU+Cgo8QlI+CjxGT05UIHNpemU9Ii0xIiBjb2xvcj0iZGVya29yYW5nZSI+CuWVhuWTgeOCkuOBiuaOouOBl+OBruOBiuWuouanmO+8geOBiuawl+i7veOBq+OBiuWVj+OBhOWQiOOCj+OBm+ODleOCqeODvOODoOOCiOOCiuOBiuWVj+OBhOWQiOOCj+OBm+S4i+OBleOBhOOAgm0oXyBfKW0gPC9GT05UPgo8QlI+CgrjgYrlrqLmp5jjgbjjgIHoqZDmrLrjgrXjgqTjg4jjgavjgZTms6jmhI/jgY/jgaDjgZXjgYTvvIE8QlI+Cgo8L0NFTlRFUj4=,44Of44OE44OT44K344Kq44O844OW44Oz44Os44Oz44K4Uk8tRVYxMOOAgVJPLUVWMTAw44CBUk8tRVYxMUU055So44Gu6KeS55q/77yI44Ob44O844Ot44O86KO977yJ4piFMeaemuOAkE1JVFNVQklTSEkg5LiJ6I+xIE0xODQzMzM0MOOAke+8muOBp+OCk+WQiQ==,44Gn44KT5ZCJ44Kq44O844Kv44K344On44Oz44OX44Os44K844Oz44OI5a626Zu744OR44K944Kz44Oz5r+A5a6J5a6J6Yi05pyo6Zu75ZmoUGFuYXNvbmljTkFUSU9OQUzjg5/jg4Tjg5Pjgrfjgqrjg7zjg5bjg7Pjg6zjg7PjgrhSTy1FVjEw44CBUk8tRVYxMDDjgIFSTy1FVjExRTTnlKjjga7op5Lnmr/vvIjjg5vjg7zjg63jg7zoo73vvInimIUx5p6a44CQTUlUU1VCSVNISSDkuInoj7EgTTE4NDMzMzQw44CR,44CQ5a6F6YWN5L6/44Gu5aC05ZCI6YCB5paZNTAw5YaG44CR6Kq/55CG5Zmo44Gv5riF5r2U44GM5LiA55Wq77yB44CC44Of44OE44OT44K344Kq44O844OW44Oz44Os44Oz44K4Uk8tRVYxMOOAgVJPLUVWMTAw44CBUk8tRVYxMUU055So44Gu6KeS55q/77yI44Ob44O844Ot44O86KO977yJ4piFMeaemuOAkE1JVFNVQklTSEkg5LiJ6I+xIE0xODQzMzM0MOOAkQ==[rn]
29-48522,aHR0cDovL3RzaG9wLnIxMHMuanAvZGVua2l0aS9jYWJpbmV0L21pdGh1YmlzaGkvaW1ncmMwMDYzNDM0MjgzLmdpZj9maXRpbj03MDA6NzAw,MzQ1LjYwMDA=,,5a626Zu7ID4g44Kt44OD44OB44Oz5a626Zu7ID4g44Kt44OD44OB44Oz5a626Zu755So44Ki44Kv44K744K144Oq44O844O76YOo5ZOBID4g6Zu75a2Q44Os44Oz44K444O744Kq44O844OW44Oz44Os44Oz44K455So44Ki44Kv44K744K144Oq44O8,44Of44OE44OT44K344Kq44O844OW44Oz44Os44Oz44K4Uk8tRFM155So44Gu5Zue6Lui57ay77yI5Li455q/44KS44Gu44Gb44KL57ay77yJ4piFMeaemuOAkE1JVFNVQklTSEkg5LiJ6I+xIE0xODQyNzExNeOAkQ==,44CQ5a6F6YWN5L6/44Gu5aC05ZCI6YCB5paZNTAw5YaG44CR6Kq/55CG5Zmo44Gv5riF5r2U44GM5LiA55Wq77yB,PElNRyBzcmM9Imh0dHA6Ly9pbWFnZS5yYWt1dGVuLmNvLmpwL2RlbmtpdGkvY2FiaW5ldC9tYWlsLWZ1a2EuZ2lmIiBib3JkZXI9IjAiPjxicj48YnI+PGZvbnQgY29sb3I9InJlZCI+4piF44Ok44Oe44OI6YGL6Ly444Gu6YCB5paZ44Gv44GT44Gh44KJ4piFPC9mb250PjxCUj48QlI+CjxUQUJMRSBjbGFzcz0idGFibGVtaWdpIj48VFI+PFREPuWVhuWTgeWQjTwvVEQ+PFREPumbu+WtkOODrOODs+OCuOeUqOOBruWbnui7oue2sjwvVEQ+PC9UUj48VFIgY2xhc3M9InRkbWlnaTEiPjxURD7lhaXmlbA8L1REPjxURD7vvJHmnpo8L1REPjwvVFI+CjxUUj48VEQ+6YGp55So5qmf56iuPC9URD48VEQ+Uk8tRFM1PC9URD48L1RSPgo8VFIgY2xhc3M9InRkbWlnaTEiPjxURD7jg6Hjg7zjgqvjg7w8L1REPjxURD7kuInoj7HjgIFNSVRTVUJJU0hJPC9URD48L1RSPgo8L1RBQkxFPgo8QlI+CjxCUj4KPFRBQkxFIGNsYXNzPSJ0YWJsZW1pZ2kiPjx0ciBjbGFzcz0idGRtaWdpMSI+CjxURCBiZ2NvbG9yPSIjZmZjY2NjIj48Yj7jgZTos7zlhaXliY3jgavjgZTnorroqo3jgY/jgaDjgZXjgYQ8L2I+PC9URD48L3RyPgo8dHI+PHRkPjxCPuODu+S4uOeav+OAgeinkueav+OAgeeEvOOCouODn+OBr+imi+OBn+ebruODu+OCteOCpOOCuuOBjOWQjOOBmOOBp+OCgumBqeeUqOWTgeS7peWkluOBruOCguOBruOBr+ODoeODvOOCq+ODvOOBp+aOqOWlqOOBl+OBpuOBiuOCiuOBvuOBm+OCk+OAgjxCUj7jgZ3jga7ngrrjgIE8Rk9OVCBjb2xvcj0iI2ZmMDAzMyI+6YGp55So5ZOB5Lul5aSW44KS44GU6LO85YWl44O75L2/55So5b6M44Gu5pys5L2T44Gu55Ww5bi444G+44Gf44Gv5pWF6Zqc44CB5oCq5oiR562J44KS44GX44Gf5aC05ZCI44Gu6LKs5Lu744Gv5b2T5bqX44Gn44Gv6LKg44GE44GL44Gt44G+44GZPC9GT05UPjwvQj7jgII8QlI+CuOBlOizvOWFpeWJjeOBq+OBlOWIqeeUqOS4reOBruacrOS9k+OBqOmBqeeUqOOBl+OBpuOBhOOCi+OBi+S7iuS4gOW6puOBlOeiuuiqjeOBj+OBoOOBleOBhOOAgjwvVEQ+PC9UUj4KPC9UQUJMRT4KPEJSPgo8QlI+CjwhLS3imIYtLT4KPFRBQkxFIGNsYXNzPSJ0YWJsZW1pZ2kiPgo8VFI+PFREIGNsYXNzPSJ0ZG1pZ2kxIj48Rk9OVCBjb2xvcj0jZmZmZmZmPuKWoDwvRk9OVD48Qj7mlK/miZXmlrnms5U8L0I+PC9URD48L1RSPjxUUj48VEQgY2xhc3M9InRkbWlnaTIiPjxJTUcgc3JjPWh0dHA6Ly9pbWFnZS5yYWt1dGVuLmNvLmpwL2RlbmtpdGkvY2FiaW5ldC9idW5ydWkvY2FzaDEuZ2lmIGJvcmRlcj0wPjxJTUcgc3JjPWh0dHA6Ly9pbWFnZS5yYWt1dGVuLmNvLmpwL2RlbmtpdGkvY2FiaW5ldC9idW5ydWkvY2FzaDIuZ2lmIGJvcmRlcj0wPjxJTUcgc3JjPWh0dHA6Ly9pbWFnZS5yYWt1dGVuLmNvLmpwL2RlbmtpdGkvY2FiaW5ldC9idW5ydWkvY2FzaDMuZ2lmIGJvcmRlcj0wPjxJTUcgc3JjPWh0dHA6Ly9pbWFnZS5yYWt1dGVuLmNvLmpwL2RlbmtpdGkvY2FiaW5ldC9idW5ydWkvY2FzaDUuZ2lmIGJvcmRlcj0wPjxCUj4K44Gn44Gu44GK5pSv5omV44GE44GM5Y+v6IO944Gn44GZ44CCPEJSPuKYheOBiuaUr+aJleaWueazleOCkuODouODg+ODiOips+OBl+OBj+KYhTwvVEQ+PC9UUj4KPFRSPjxURCBjbGFzcz0idGRtaWdpMSI+PEZPTlQgY29sb3I9I2ZmZmZmZj7ilqA8L0ZPTlQ+PEI+5ZWG5ZOB44Gu55m66YCB5pelPC9CPjwvVEQ+PC9UUj48VFI+PFREIGNsYXNzPSJ0ZG1pZ2kyIj48Rk9OVCBjb2xvcj0jZmYzMzAwPjxCPuacrOWVhuWTgeOBr+mAmuW4uOOBr+ODoeODvOOCq+ODvOWPluOCiuWvhOOBm+WTgeOBp+OBmeOAgjwvQj48L0ZPTlQ+PEJSPuKWoOODoeODvOOCq+ODvOOBq+WcqOW6q+OBjOOBguOBo+OBn+WgtOWQiOOBpzxCUj48Rk9OVCBjb2xvcj0iIzk5MDBmZiI+5b6h5rOo5paH5pel77yL77yR772e77yT5pel56iL5bqm44Gn44Gu55m66YCB44Go44Gq44KK44G+44GZ44CCPEJSPgo8L0ZPTlQ+4oC744GU5rOo5paH44Gu44K/44Kk44Of44Oz44Kw44Gr44KI44Gj44Gm44Gv5LiK6KiY55uu5a6J44KI44KK6YGF44KM44KL5aC05ZCI44KC44GU44GW44GE44G+44GZ44CCPGJyPgrilqDjg6Hjg7zjgqvjg7zmrKDlk4Hjga7loLTlkIg8QlI+CjxGT05UIGNvbG9yPSIjOTkwMGZmIj7llYblk4HnlJ/nlKPkuIrjgYzjgorlvozjga7nmbrpgIHjgajjgarjgorjgb7jgZnjgII8L0ZPTlQ+PEJSPjxCUj48Qj7igLvjgYrmgKXjgY7jga7loLTlkIjjga/jgb7jgZrlnKjluqvjgavjgaTjgYTjgabjgYrllY/jgYTlkIjjgo/jgZvjgY/jgaDjgZXjgYTvvIE8L0I+PEJSPuKAu+WVhuWTgemhjOWQjeOBq+WNs+e0jeOBqOihqOiomOOBruOBguOCi+WgtOWQiOOBq+OBr+OAgeW9k+W6l+WcqOW6q+WIhuOBp+eiuuS/neWPr+iDveOBp+OBmeOAgjxCUj4KPEJSPjwvVEQ+PC9UUj4KPFRSPjxURCBjbGFzcz0idGRtaWdpMSI+PEZPTlQgY29sb3I9I2ZmZmZmZj7ilqA8L0ZPTlQ+PEI+44GK5bGK44GR5pa55rOV44Gr44Gk44GE44GmPC9CPjwvVEQ+PC9UUj48VFI+PFREIGNsYXNzPSJ0ZG1pZ2kyIj7jg7vlroXphY3kvr/vvIjlvZPlupfmjIflrprjga7pgYvpgIHkvJrnpL7vvIk8QlI+44O744Ok44Oe44OI6YGL6Ly4PGZvbnQgY29sb3I9InJlZCI+77yI5Zyw5Z+f44GU44Go44Gr5paZ6YeR44GM55Ww44Gq44KK44G+44GZ77yJPC9mb250PjxCUj48QlI+44Gu5LiK6KiYMueCueOBruaWueazleOBp+OBruOBiuWxiuOBkeOBjOWPr+iDveOBp+OBmeOAguOBhOOBmuOCjOOCguWQjOaZguOBlOazqOaWh+OCguOBl+OBj+OBr+WQjOaXpeOBruOBlOazqOaWh+OBp+WQjOaiseWTgeOBjOOBguOCi+aXqOiomOi8ieOBhOOBn+OBoOOBkeOBn+WgtOWQiOS9leWAi+OBp+OCguWQjOaiseOBl+OBiuWxiuOBkeOBleOBm+OBpuOBhOOBn+OBoOOBjeOBvuOBmeOAgjxCUj4KPEJSPuKAu+acrOWVhuWTgeOBr+ODoeODvOODq+S+v+OBp+OBruOBiuWxiuOBkeOBr+OBp+OBjeOBvuOBm+OCk+OAgjxCUj7igLvjg6Hjg7zjgqvjg7znm7TpgIHlk4Hjgajjga7lkIzmorHjga/jgafjgY3jgb7jgZvjgpPjgII8QlI+PEJSPjwvVEQ+PC9UUj4KPFRSPjxURCBjbGFzcz0idGRtaWdpMSI+PEZPTlQgY29sb3I9I2ZmZmZmZj7ilqA8L0ZPTlQ+PEI+6L+U5ZOB44O75Lqk5o+bPC9CPjwvVEQ+PC9UUj48VFI+PFREIGNsYXNzPSJ0ZG1pZ2kyIj7jg7vjgYrlrqLmp5jjga7jgZTpg73lkIjjgavjgojjgovov5Tlk4HkuqTmj5vjga/kuIDliIfjgYrlj5fjgZHjgafjgY3jgb7jgZvjgpPjgILkvovvvJrlk4HnlarjgpLplpPpgZXjgaPjgabms6jmlofjgZfjgZ/jgII8QlI+CuODu+mDqOWTgeOBq+OBr+S/nemanOOBr+S7mOOBhOOBpuOBiuOCiuOBvuOBm+OCk+OAguWIneacn+S4jeiJr+OBruOBv+OBruWvvuW/nOOBqOOBquOCiuOBvuOBmeOAgjwvVEQ+PC9UUj4KPFRSPjxURCBjbGFzcz0idGRtaWdpMSI+PEZPTlQgY29sb3I9I2ZmZmZmZj7ilqA8L0ZPTlQ+PEI+44Kr44Op44O877yG5rOo5oSPPC9CPjwvVEQ+PC9UUj48VFI+PFREIGNsYXNzPSJ0ZG1pZ2kyIj7jgqvjg6njg7zopovmnKzjga/jgYLjgY/jgb7jgafjgoLlj4LogIPjgafjgZnjgILnlJ/lnLDntKDmnZDjgYrlrqLjgZXjgb7jga7jg5Hjgr3jgrPjg7PnlLvpnaLjga7oqK3lrprjgIHjgYLjgovjgYTjga/lvq7lppnjgarpoqjlkIjjgYTnrYnjga7lvbHpn7/jgavjgojjgorjgIHlrp/pmpvjga7llYblk4Hjgajoi6XlubLnlbDjgarjgovloLTlkIjjgYzmnInjgovkuovjgpLjgZTmib/nn6XjgY/jgaDjgZXjgYTjgII8L1REPjwvVFI+PC9UQUJMRT48Q0VOVEVSPgoKPElNRyBzcmM9Imh0dHBzOi8vaW1hZ2UucmFrdXRlbi5jby5qcC9kZW5raXRpL2NhYmluZXQvZWlneW8tMTcwNTEyLmdpZiIgYm9yZGVyPSIwIj48QlI+PEJSPgoKPFRBQkxFIGJvcmRlcj0iMCIgYmdjb2xvcj0iI2ZmMDA2NiI+CgoKPFRSIGJnY29sb3I9IkQ5MDA2NCIgYWxpZ249ImNlbnRlciI+Cgo8VEQgYmdjb2xvcj0iI2ZmMDA2NiI+PEI+PGZvbnQgY29sb3I9IkZGRkYwMCIgc2l6ZT0iKzEiPuKYheePvuWcqOmWi+WCrOS4reOBruODneOCpOODs+ODiOOCouODg+ODl+S8geeUu+OBr+OBk+OBoeOCieOBp+OBmeKYhTwvZm9udD48L0I+PC9URD48L1RSPgoKPFRSIGFsaWduPSJjZW50ZXIiPgoKPFREIGJnY29sb3I9IiNmZmZmMDAiPjxCPgoKPElNRyBzcmM9Imh0dHA6Ly9pbWFnZS5yYWt1dGVuLmNvLmpwL2RlbmtpdGkvY2FiaW5ldC9sdWNrNDY4LTgwMS5naWYiIGJvcmRlcj0iMCIgd2lkdGg9IjQ2OCIgaGVpZ2h0PSI2MCI+PEJSPuKYheWIsOedgOWVhuWTge+8iO+8su+8ieODnuODvOOCr+OBruOCt+ODvOODq+OCkuOCgeOBj+OBo+OBpu+8gTxCUj7jg6njg4Pjgq3jg7zjg4Hjg6Pjg6zjg7PjgrjigJ3imIU8QlI+Cgo8SU1HIHNyYz0iaHR0cDovL2ltYWdlLnJha3V0ZW4uY28uanAvZGVua2l0aS9jYWJpbmV0LzIwMTYwMTIwX3BvaW50N3hfNDY4LmpwZyIgYm9yZGVyPSIwIiB3aWR0aD0iNDY4IiBoZWlnaHQ9IjYwIj48QlI+4piF44G+44Ga44Gv44Oa44O844K444KS44OB44Kn44OD44Kv77yB77yB4piFPEJSPgoKPElNRyBzcmM9Imh0dHA6Ly9pbWFnZS5yYWt1dGVuLmNvLmpwL2RlbmtpdGkvY2FiaW5ldC80Njh4NjAtMjQxLmpwZyIgYm9yZGVyPSIwIiB3aWR0aD0iNDY4IiBoZWlnaHQ9IjYwIj48QlI+4piF44Ko44Oz44OI44Oq44O844GM5b+F6KaB44Gn44GZ77yBNeaciDMxCuaXpe+8iOawtO+8iTIz77yaNTnjgb7jgafvvIE8QlI+CgoKPElNRyBzcmM9Imh0dHA6Ly9pbWFnZS5yYWt1dGVuLmNvLmpwL2RlbmtpdGkvY2FiaW5ldC9lZHkuanBnIiBib3JkZXI9IjAiIHdpZHRoPSI0NjgiIGhlaWdodD0iNjAiPjxCUj7imIXjgqjjg7Pjg4jjg6rjg7zjgYzlv4XopoHjgafjgZnvvIE25pyIMeaXpe+8iOacqO+8iTk6NTnjgb7jgafvvIE8QlI+CgoKPElNRyBzcmM9Imh0dHA6Ly9pbWFnZS5yYWt1dGVuLmNvLmpwL2RlbmtpdGkvY2FiaW5ldC80Njh4NjAtMTczMS5qcGciIGJvcmRlcj0iMCIgd2lkdGg9IjQ2OCIgaGVpZ2h0PSI2MCI+PEJSPuKYheOCqOODs+ODiOODquODvOOBjOW/heimgeOBp+OBme+8gTbmnIgx5pel77yI5pyo77yJMDnvvJo1OeOBvuOBp++8gTxCUj4KCjwvQj4KCjwvVEQ+CgoKPC9UUj4KPC9UQUJMRT4KCjxCUj4KPEZPTlQgc2l6ZT0iLTEiIGNvbG9yPSJkZXJrb3JhbmdlIj4K5ZWG5ZOB44KS44GK5o6i44GX44Gu44GK5a6i5qeY77yB44GK5rCX6Lu944Gr44GK5ZWP44GE5ZCI44KP44Gb44OV44Kp44O844Og44KI44KK44GK5ZWP44GE5ZCI44KP44Gb5LiL44GV44GE44CCbShfIF8pbSA8L0ZPTlQ+CjxCUj4KCuOBiuWuouanmOOBuOOAgeipkOasuuOCteOCpOODiOOBq+OBlOazqOaEj+OBj+OBoOOBleOBhO+8gTxCUj4KCjwvQ0VOVEVSPg==,44Of44OE44OT44K344Kq44O844OW44Oz44Os44Oz44K4Uk8tRFM155So44Gu5Zue6Lui57ay77yI5Li455q/44KS44Gu44Gb44KL57ay77yJ4piFMeaemuOAkE1JVFNVQklTSEkg5LiJ6I+xIE0xODQyNzExNeOAke+8muOBp+OCk+WQiQ==,44Gn44KT5ZCJ44Kq44O844Kv44K344On44Oz44OX44Os44K844Oz44OI5a626Zu744OR44K944Kz44Oz5r+A5a6J5a6J6Yi05pyo6Zu75ZmoUGFuYXNvbmljTkFUSU9OQUzjg5/jg4Tjg5Pjgrfjgqrjg7zjg5bjg7Pjg6zjg7PjgrhSTy1EUzXnlKjjga7lm57ou6LntrLvvIjkuLjnmr/jgpLjga7jgZvjgovntrLvvInimIUx5p6a44CQTUlUU1VCSVNISSDkuInoj7EgTTE4NDI3MTE144CR,44CQ5a6F6YWN5L6/44Gu5aC05ZCI6YCB5paZNTAw5YaG44CR6Kq/55CG5Zmo44Gv5riF5r2U44GM5LiA55Wq77yB44CC44Of44OE44OT44K344Kq44O844OW44Oz44Os44Oz44K4Uk8tRFM155So44Gu5Zue6Lui57ay77yI5Li455q/44KS44Gu44Gb44KL57ay77yJ4piFMeaemuOAkE1JVFNVQklTSEkg5LiJ6I+xIE0xODQyNzExNeOAkQ==[rn]
29-48523,aHR0cDovL3RzaG9wLnIxMHMuanAvZGVua2l0aS9jYWJpbmV0L25vaW1hZ2UzLmdpZj9maXRpbj03MDA6NzAw,NDMyLjAwMDA=,,5a626Zu7ID4g44Kt44OD44OB44Oz5a626Zu7ID4g44Kt44OD44OB44Oz5a626Zu755So44Ki44Kv44K744K144Oq44O844O76YOo5ZOBID4g6Zu75a2Q44Os44Oz44K444O744Kq44O844OW44Oz44Os44Oz44K455So44Ki44Kv44K744K144Oq44O8,44Of44OE44OT44K344Kq44O844OW44Oz44Os44Oz44K4Uk8tU0Uy55So44Gu5Zue6Lui57ay77yI5Li455q/44KS44Gu44Gb44KL57ay77yJ4piFMeaemuOAkE1JVFNVQklTSEkg5LiJ6I+xIE0xODQxNTExNeOAkQ==,44CQ5a6F6YWN5L6/44Gu5aC05ZCI6YCB5paZNTAw5YaG44CR6Kq/55CG5Zmo44Gv5riF5r2U44GM5LiA55Wq77yB,PElNRyBzcmM9Imh0dHA6Ly9pbWFnZS5yYWt1dGVuLmNvLmpwL2RlbmtpdGkvY2FiaW5ldC9tYWlsLWZ1a2EuZ2lmIiBib3JkZXI9IjAiPjxicj48YnI+PGZvbnQgY29sb3I9InJlZCI+4piF44Ok44Oe44OI6YGL6Ly444Gu6YCB5paZ44Gv44GT44Gh44KJ4piFPC9mb250PjxCUj48QlI+CjxUQUJMRSBjbGFzcz0idGFibGVtaWdpIj48VFI+PFREPuWVhuWTgeWQjTwvVEQ+PFREPumbu+WtkOODrOODs+OCuOeUqOOBruWbnui7oue2sjwvVEQ+PC9UUj48VFIgY2xhc3M9InRkbWlnaTEiPjxURD7lhaXmlbA8L1REPjxURD7vvJHmnpo8L1REPjwvVFI+CjxUUj48VEQ+6YGp55So5qmf56iuPC9URD48VEQ+Uk8tU0UyPC9URD48L1RSPgo8VFIgY2xhc3M9InRkbWlnaTEiPjxURD7jg6Hjg7zjgqvjg7w8L1REPjxURD7kuInoj7HjgIFNSVRTVUJJU0hJPC9URD48L1RSPgo8L1RBQkxFPgo8QlI+CjxCUj4KPCEtLeKYhi0tPgo8VEFCTEUgY2xhc3M9InRhYmxlbWlnaSI+CjxUUj48VEQgY2xhc3M9InRkbWlnaTEiPjxGT05UIGNvbG9yPSNmZmZmZmY+4pagPC9GT05UPjxCPuaUr+aJleaWueazlTwvQj48L1REPjwvVFI+PFRSPjxURCBjbGFzcz0idGRtaWdpMiI+PElNRyBzcmM9aHR0cDovL2ltYWdlLnJha3V0ZW4uY28uanAvZGVua2l0aS9jYWJpbmV0L2J1bnJ1aS9jYXNoMS5naWYgYm9yZGVyPTA+PElNRyBzcmM9aHR0cDovL2ltYWdlLnJha3V0ZW4uY28uanAvZGVua2l0aS9jYWJpbmV0L2J1bnJ1aS9jYXNoMi5naWYgYm9yZGVyPTA+PElNRyBzcmM9aHR0cDovL2ltYWdlLnJha3V0ZW4uY28uanAvZGVua2l0aS9jYWJpbmV0L2J1bnJ1aS9jYXNoMy5naWYgYm9yZGVyPTA+PElNRyBzcmM9aHR0cDovL2ltYWdlLnJha3V0ZW4uY28uanAvZGVua2l0aS9jYWJpbmV0L2J1bnJ1aS9jYXNoNS5naWYgYm9yZGVyPTA+PEJSPgrjgafjga7jgYrmlK/miZXjgYTjgYzlj6/og73jgafjgZnjgII8QlI+4piF44GK5pSv5omV5pa55rOV44KS44Oi44OD44OI6Kmz44GX44GP4piFPC9URD48L1RSPgo8VFI+PFREIGNsYXNzPSJ0ZG1pZ2kxIj48Rk9OVCBjb2xvcj0jZmZmZmZmPuKWoDwvRk9OVD48Qj7llYblk4Hjga7nmbrpgIHml6U8L0I+PC9URD48L1RSPjxUUj48VEQgY2xhc3M9InRkbWlnaTIiPjxGT05UIGNvbG9yPSNmZjMzMDA+PEI+5pys5ZWG5ZOB44Gv6YCa5bi444Gv44Oh44O844Kr44O85Y+W44KK5a+E44Gb5ZOB44Gn44GZ44CCPC9CPjwvRk9OVD48QlI+4pag44Oh44O844Kr44O844Gr5Zyo5bqr44GM44GC44Gj44Gf5aC05ZCI44GnPEJSPjxGT05UIGNvbG9yPSIjOTkwMGZmIj7lvqHms6jmlofml6XvvIvvvJHvvZ7vvJPml6XnqIvluqbjgafjga7nmbrpgIHjgajjgarjgorjgb7jgZnjgII8QlI+CjwvRk9OVD7igLvjgZTms6jmlofjga7jgr/jgqTjg5/jg7PjgrDjgavjgojjgaPjgabjga/kuIroqJjnm67lronjgojjgorpgYXjgozjgovloLTlkIjjgoLjgZTjgZbjgYTjgb7jgZnjgII8YnI+CuKWoOODoeODvOOCq+ODvOasoOWTgeOBruWgtOWQiDxCUj4KPEZPTlQgY29sb3I9IiM5OTAwZmYiPuWVhuWTgeeUn+eUo+S4iuOBjOOCiuW+jOOBrueZuumAgeOBqOOBquOCiuOBvuOBmeOAgjwvRk9OVD48QlI+PEJSPjxCPuKAu+OBiuaApeOBjuOBruWgtOWQiOOBr+OBvuOBmuWcqOW6q+OBq+OBpOOBhOOBpuOBiuWVj+OBhOWQiOOCj+OBm+OBj+OBoOOBleOBhO+8gTwvQj48QlI+4oC75ZWG5ZOB6aGM5ZCN44Gr5Y2z57SN44Go6KGo6KiY44Gu44GC44KL5aC05ZCI44Gr44Gv44CB5b2T5bqX5Zyo5bqr5YiG44Gn56K65L+d5Y+v6IO944Gn44GZ44CCPEJSPgo8QlI+PC9URD48L1RSPgo8VFI+PFREIGNsYXNzPSJ0ZG1pZ2kxIj48Rk9OVCBjb2xvcj0jZmZmZmZmPuKWoDwvRk9OVD48Qj7jgYrlsYrjgZHmlrnms5XjgavjgaTjgYTjgaY8L0I+PC9URD48L1RSPjxUUj48VEQgY2xhc3M9InRkbWlnaTIiPjxJTUcgc3JjPSJodHRwOi8vaW1hZ2UucmFrdXRlbi5jby5qcC9kZW5raXRpL2NhYmluZXQvdGFrdWhhaWJ1bi5naWYiIGJvcmRlcj0iMCI+PC9URD48L1RSPgo8VFI+PFREIGNsYXNzPSJ0ZG1pZ2kxIj48Rk9OVCBjb2xvcj0jZmZmZmZmPuKWoDwvRk9OVD48Qj7ov5Tlk4Hjg7vkuqTmj5s8L0I+PC9URD48L1RSPjxUUj48VEQgY2xhc3M9InRkbWlnaTIiPuODu+OBiuWuouanmOOBruOBlOmDveWQiOOBq+OCiOOCi+i/lOWTgeS6pOaPm+OBr+S4gOWIh+OBiuWPl+OBkeOBp+OBjeOBvuOBm+OCk+OAguS+i++8muWTgeeVquOCkumWk+mBleOBo+OBpuazqOaWh+OBl+OBn+OAgjxCUj4K44O76YOo5ZOB44Gr44Gv5L+d6Zqc44Gv5LuY44GE44Gm44GK44KK44G+44Gb44KT44CC5Yid5pyf5LiN6Imv44Gu44G/44Gu5a++5b+c44Go44Gq44KK44G+44GZ44CCPC9URD48L1RSPgo8VFI+PFREIGNsYXNzPSJ0ZG1pZ2kxIj48Rk9OVCBjb2xvcj0jZmZmZmZmPuKWoDwvRk9OVD48Qj7jgqvjg6njg7zvvIbms6jmhI88L0I+PC9URD48L1RSPjxUUj48VEQgY2xhc3M9InRkbWlnaTIiPuOCq+ODqeODvOimi+acrOOBr+OBguOBj+OBvuOBp+OCguWPguiAg+OBp+OBmeOAgueUn+WcsOe0oOadkOOBiuWuouOBleOBvuOBruODkeOCveOCs+ODs+eUu+mdouOBruioreWumuOAgeOBguOCi+OBhOOBr+W+ruWmmeOBqumiqOWQiOOBhOetieOBruW9semfv+OBq+OCiOOCiuOAgeWun+mam+OBruWVhuWTgeOBqOiLpeW5sueVsOOBquOCi+WgtOWQiOOBjOacieOCi+S6i+OCkuOBlOaJv+efpeOBj+OBoOOBleOBhOOAgjwvVEQ+PC9UUj48L1RBQkxFPjxDRU5URVI+Cgo8SU1HIHNyYz0iaHR0cHM6Ly9pbWFnZS5yYWt1dGVuLmNvLmpwL2RlbmtpdGkvY2FiaW5ldC9laWd5by0xNzA1MTIuZ2lmIiBib3JkZXI9IjAiPjxCUj48QlI+Cgo8VEFCTEUgYm9yZGVyPSIwIiBiZ2NvbG9yPSIjZmYwMDY2Ij4KCgo8VFIgYmdjb2xvcj0iRDkwMDY0IiBhbGlnbj0iY2VudGVyIj4KCjxURCBiZ2NvbG9yPSIjZmYwMDY2Ij48Qj48Zm9udCBjb2xvcj0iRkZGRjAwIiBzaXplPSIrMSI+4piF54++5Zyo6ZaL5YKs5Lit44Gu44Od44Kk44Oz44OI44Ki44OD44OX5LyB55S744Gv44GT44Gh44KJ44Gn44GZ4piFPC9mb250PjwvQj48L1REPjwvVFI+Cgo8VFIgYWxpZ249ImNlbnRlciI+Cgo8VEQgYmdjb2xvcj0iI2ZmZmYwMCI+PEI+Cgo8SU1HIHNyYz0iaHR0cDovL2ltYWdlLnJha3V0ZW4uY28uanAvZGVua2l0aS9jYWJpbmV0L2x1Y2s0NjgtODAxLmdpZiIgYm9yZGVyPSIwIiB3aWR0aD0iNDY4IiBoZWlnaHQ9IjYwIj48QlI+4piF5Yiw552A5ZWG5ZOB77yI77yy77yJ44Oe44O844Kv44Gu44K344O844Or44KS44KB44GP44Gj44Gm77yBPEJSPuODqeODg+OCreODvOODgeODo+ODrOODs+OCuOKAneKYhTxCUj4KCjxJTUcgc3JjPSJodHRwOi8vaW1hZ2UucmFrdXRlbi5jby5qcC9kZW5raXRpL2NhYmluZXQvMjAxNjAxMjBfcG9pbnQ3eF80NjguanBnIiBib3JkZXI9IjAiIHdpZHRoPSI0NjgiIGhlaWdodD0iNjAiPjxCUj7imIXjgb7jgZrjga/jg5rjg7zjgrjjgpLjg4Hjgqfjg4Pjgq/vvIHvvIHimIU8QlI+Cgo8SU1HIHNyYz0iaHR0cDovL2ltYWdlLnJha3V0ZW4uY28uanAvZGVua2l0aS9jYWJpbmV0LzQ2OHg2MC0yNDEuanBnIiBib3JkZXI9IjAiIHdpZHRoPSI0NjgiIGhlaWdodD0iNjAiPjxCUj7imIXjgqjjg7Pjg4jjg6rjg7zjgYzlv4XopoHjgafjgZnvvIE15pyIMzEK5pel77yI5rC077yJMjPvvJo1OeOBvuOBp++8gTxCUj4KCgo8SU1HIHNyYz0iaHR0cDovL2ltYWdlLnJha3V0ZW4uY28uanAvZGVua2l0aS9jYWJpbmV0L2VkeS5qcGciIGJvcmRlcj0iMCIgd2lkdGg9IjQ2OCIgaGVpZ2h0PSI2MCI+PEJSPuKYheOCqOODs+ODiOODquODvOOBjOW/heimgeOBp+OBme+8gTbmnIgx5pel77yI5pyo77yJOTo1OeOBvuOBp++8gTxCUj4KCgo8SU1HIHNyYz0iaHR0cDovL2ltYWdlLnJha3V0ZW4uY28uanAvZGVua2l0aS9jYWJpbmV0LzQ2OHg2MC0xNzMxLmpwZyIgYm9yZGVyPSIwIiB3aWR0aD0iNDY4IiBoZWlnaHQ9IjYwIj48QlI+4piF44Ko44Oz44OI44Oq44O844GM5b+F6KaB44Gn44GZ77yBNuaciDHml6XvvIjmnKjvvIkwOe+8mjU544G+44Gn77yBPEJSPgoKPC9CPgoKPC9URD4KCgo8L1RSPgo8L1RBQkxFPgoKPEJSPgo8Rk9OVCBzaXplPSItMSIgY29sb3I9ImRlcmtvcmFuZ2UiPgrllYblk4HjgpLjgYrmjqLjgZfjga7jgYrlrqLmp5jvvIHjgYrmsJfou73jgavjgYrllY/jgYTlkIjjgo/jgZvjg5Xjgqnjg7zjg6DjgojjgorjgYrllY/jgYTlkIjjgo/jgZvkuIvjgZXjgYTjgIJtKF8gXyltIDwvRk9OVD4KPEJSPgoK44GK5a6i5qeY44G444CB6KmQ5qy644K144Kk44OI44Gr44GU5rOo5oSP44GP44Gg44GV44GE77yBPEJSPgoKPC9DRU5URVI+,44Of44OE44OT44K344Kq44O844OW44Oz44Os44Oz44K4Uk8tU0Uy55So44Gu5Zue6Lui57ay77yI5Li455q/44KS44Gu44Gb44KL57ay77yJ4piFMeaemuOAkE1JVFNVQklTSEkg5LiJ6I+xIE0xODQxNTExNeOAke+8muOBp+OCk+WQiQ==,44Gn44KT5ZCJ44Kq44O844Kv44K344On44Oz44OX44Os44K844Oz44OI5a626Zu744OR44K944Kz44Oz5r+A5a6J5a6J6Yi05pyo6Zu75ZmoUGFuYXNvbmljTkFUSU9OQUzjg5/jg4Tjg5Pjgrfjgqrjg7zjg5bjg7Pjg6zjg7PjgrhSTy1TRTLnlKjjga7lm57ou6LntrLvvIjkuLjnmr/jgpLjga7jgZvjgovntrLvvInimIUx5p6a44CQTUlUU1VCSVNISSDkuInoj7EgTTE4NDE1MTE144CR,44CQ5a6F6YWN5L6/44Gu5aC05ZCI6YCB5paZNTAw5YaG44CR6Kq/55CG5Zmo44Gv5riF5r2U44GM5LiA55Wq77yB44CC44Of44OE44OT44K344Kq44O844OW44Oz44Os44Oz44K4Uk8tU0Uy55So44Gu5Zue6Lui57ay77yI5Li455q/44KS44Gu44Gb44KL57ay77yJ4piFMeaemuOAkE1JVFNVQklTSEkg5LiJ6I+xIE0xODQxNTExNeOAkQ==[rn]
29-48524,aHR0cDovL3RzaG9wLnIxMHMuanAvYWtpYmFtYWMvY2FiaW5ldC8wMzAzNDIyNC80OTg0ODI0Njk3MzU1LmpwZz9maXRpbj03MDA6NzAw,MTMwNC4wMDAw,,5a626Zu7ID4g44Kt44OD44OB44Oz5a626Zu7ID4g44Kt44OD44OB44Oz5a626Zu755So44Ki44Kv44K744K144Oq44O844O76YOo5ZOBID4g6Zu75rCX44Od44OD44OI44O76Zu75rCX44Kx44OI44Or55So44Ki44Kv44K744K144Oq44O8,44OR44OK44K944OL44OD44KvTkMtS0Y4IOa0u+aAp+eCreODleOCo+ODq+OCv+ODvA==,,PHRhYmxlIGJvcmRlcj0iMCIgd2lkdGg9IiA1OTUiIGlkPSJJdGVtSW5mbyI+PHRyPjx0ZCB3aWR0aD0iMTAwJSI+PGZvbnQgc2l6ZT0iMiI+PGI+4pag5Lqk5o+b55So44OV44Kj44Or44K/44O8PC9iPjxCUj7jgIDkuqTmj5vnlKjmtLvmgKfngq3jg5XjgqPjg6vjgr/jg7zjgafjgZnjgILjgYrmua/jga7jgYrjgYTjgZfjgZXjgpLlpKfliIfjgavjgZnjgovjgZ/jgoHjgIHlubTjgasx5bqm44Gv44OV44Kj44Or44K/44O85Lqk5o+b44KS44GK5Yun44KB44GX44G+44GZ44CCPEJSPjxiPuKWoOWvvuW/nOapn+eoru+8miBOQy1TVeOAgU5DLVNVQeOCt+ODquODvOOCujwvYj48YnI+PGJyPjxUQUJMRSBib3JkZXI9IjEiIGNlbGxzcGFjaW5nPSIxIiBjZWxscGFkZGluZz0iNCIgd2lkdGg9IjEwMCUiIGJvcmRlcmNvbG9yPSIjMTExMTExIiBzdHlsZT0iYm9yZGVyLWNvbGxhcHNlOiBjb2xsYXBzZSI+PHRyPjx0ZCB3aWR0aD0xODAgYmdjb2xvciA9IiNGMEYwRjAiPjxmb250IHNpemU9IjIiPuWvvuW/nOapn+eorjwvdGQ+PHRkIHdpZHRoPTQwMD48Zm9udCBzaXplPSIyIj4gTkMtU1XjgIFOQy1TVUHjgrfjg6rjg7zjgro8L3RkPjwvdHI+PC9UQUJMRT48L2ZvbnQ+PC9UQUJMRT48L3RkPjwvdHI+PC90YWJsZT48c3R5bGUgdHlwZT0idGV4dC9jc3MiPgo8IS0tCi5yYWt1dGVuLWNhbXAgewoJd2lkdGg6IDcyNXB4OwoJYm9yZGVyOiAycHggc29saWQgIzMzOTlGRjsKCXBhZGRpbmctdG9wOiA1cHg7CgktbW96LWJvcmRlci1yYWRpdXM6NHB4OyAvKkZpcmVmb3gqLwoJLXdlYmtpdC1ib3JkZXItcmFkaXVzOiA0cHg7IC8qU2FmYXJpLENocm9tZSovCglib3JkZXItcmFkaXVzOjRweDsgLypPcGVyYSxDaHJvbWUqLwoJbWFyZ2luOjAgMTBweCAxMHB4IDA7Cn0KCi8qIOS+oeagvOOBq+aeoOe3muOBjOOBpOOBjyAqLwp0YWJsZSNyYWt1dGVuTGltaXRlZElkX2NhcnQgewogICAgYmFja2dyb3VuZC1jb2xvcjogI2Y4ZjhmODsKICAgIGJvcmRlcjogMXB4IHNvbGlkICNkZGQ7CiAgICBwYWRkaW5nOiA4cHg7CiAgICBtYXJnaW46IDE2cHggMDsKfQoKc3Bhbi5wcmljZTEgewogICAgY29sb3I6ICMzMzMgIWltcG9ydGFudDsKICAgIGZvbnQtd2VpZ2h0OiBib2xkOwogICAgZm9udC1zaXplOiA4MCUgIWltcG9ydGFudDsKICAgIGxpbmUtaGVpZ2h0OiAzMHB4OwogICAgZGlzcGxheTogaW5saW5lLWJsb2NrOwogICAgbWFyZ2luLXJpZ2h0OiAxNnB4Owp9CgotLT4KPC9zdHlsZT4KCjwhLS3jg5Djg4rjg7zjgqjjg6rjgqItLT4KCjwhLS3jgJDmtojjgZnjgarvvIHjgJHimIXimIXimIUgaGVpZ2h0PSIzODAiIOOBp+ioreWumuOBl+OBpuOBj+OBoOOBleOBhOOAguKYheKYheKYhS0tPgo8IS0t44OQ44OK44O844Ko44Oq44Ki44GT44GT44G+44GnLS0+Cgo8IS0t5qW95aSp44Kt44Oj44Oz44Oa44O844OzLS0+Cgo8aDIgc3R5bGU9Im1hcmdpbjoyMHB4IDAgMTBweCAwOyI+PGltZyBzcmM9Imh0dHA6Ly93d3cucmFrdXRlbi5uZS5qcC9nb2xkL2FraWJhbWFjL2ZyYW1lL2ltYWdlcy9yYWt1dGVuX3RpdGxlMi5naWYiIGFsdD0i5qW95aSp5biC5aC044Gu44GK5b6X44Gq44Kt44Oj44Oz44Oa44O844OzIiB3aWR0aD0iNzMwIiBoZWlnaHQ9IjQyIiBib3JkZXI9IjAiPjwvaDI+CjxkaXYgY2xhc3M9InJha3V0ZW4tY2FtcCIgc3R5bGU9Im1hcmdpbjowIDAgMCAwOyI+CgoKPCEtLealveWkqeOCreODo+ODs+ODmuODvOODs0DjgZPjgZPjgb7jgactLT4=,44OR44OK44K944OL44OD44KvTkMtS0Y4IOa0u+aAp+eCreODleOCo+ODq+OCv+ODvO+8muOCveODleODnuODg+ODl+OAgOODh+OCuOOCv+ODq+OCs+ODrOOCr+OCt+ODp+ODsw==,44K944OV44Oe44OD44OXIOODh+OCuOOCv+ODq+OCs+ODrOOCr+OCt+ODp+ODs1NvZm1hcCBEaWdpdGFsIENvbGxlY3Rpb27jg5Hjgr3jgrPjg7Pjgr/jg5bjg6zjg4Pjg4hQQ0hEROOCouOCu+ODs+ODluODquODkeODvOODhOODkeOCveOCs+ODs+ODkeODvOODhOODhuODrOODk+OCsuODvOODoOODluODq+ODvOODrOOCpOOCveODleODiERWROOCveODleODiOa2suaZtuODhuODrOODk+ODluODq+ODvOODrOOCpOODh+OCo+OCueOCr+ODrOOCs+ODvOODgOODvOODh+OCuOOCv+ODq+S4gOecvOODrOODleOCq+ODoeODqeODh+OCuOOCv+ODq+OCq+ODoeODqeWutumbu+aZguioiOS4reWPpOOAgOOCveODleODiOOCouOCpuODiOODrOODg+ODiOS4reWPpOODjuODvOODiOODkeOCveOCs+ODs+S4reWPpOODkeOCveOCs+ODs+ODkeODiuOCveODi+ODg+OCr05DLUtGOCDmtLvmgKfngq3jg5XjgqPjg6vjgr/jg7w=,44OR44OK44K944OL44OD44KvTkMtS0Y4IOa0u+aAp+eCreODleOCo+ODq+OCv+ODvA==[rn]
29-48525,aHR0cDovL3RzaG9wLnIxMHMuanAvamlzbS9jYWJpbmV0LzA1MzkvNDkwNDcxMDQxOTQzNC5qcGc/Zml0aW49NzAwOjcwMA==,NDU0NC4wMDAw,,5a626Zu7ID4g44Kt44OD44OB44Oz5a626Zu7ID4g44Kt44OD44OB44Oz5a626Zu755So44Ki44Kv44K744K144Oq44O844O76YOo5ZOBID4g6Zu75rCX44Od44OD44OI44O76Zu75rCX44Kx44OI44Or55So44Ki44Kv44K744K144Oq44O8,TUFBLUMzMDAtWEPjgJDnqI7ovrzjgJEg44K/44Kk44Ks44O8IOOCueODhuODs+ODrOOCueOCqOOCouODvOODneODg+ODiOOAgDMuMEzjgIDjgq/jg6rjgqLjg7zjgrnjg4bjg7Pjg6zjgrkgVElHRVLjgIDjgajjgonvvZ7jgZogW01BQUMzMDBYQ13jgJDov5Tlk4HnqK7liKVB44CR44CQ6YCB5paZ54Sh5paZ44CR44CQUkNQ44CR,5qW95aSpU2hvcCBvZiB0aGUgWWVhciAyMDE2IOe3j+WQiOOCsOODqeODs+ODl+ODquWPl+iznuKYhQ==,5Zyo5bqr54q25rOB77ya5YWl6I235qyh56ys5Ye66I23PGJyPuOBiuWxiuOBke+8mue0hDLpgLHplpM8YnI+PGJyPjxicj48Zm9udCBjb2xvcj1ibHVlPuKWoeOAjOi/lOWTgeeoruWIpeOAjeOBq+OBpOOBhOOBpuips+OBl+OBj+OBr+OBk+OBoeOCieKWoTwvZm9udD48YnI+PGZvbnQgc2l6ZT0nMicgY29sb3I9JyNDQzAwMDAnPjxiPjIwMTblubQwNuaciCDnmbrlo7I8L2I+PC9mb250Pjxicj48cD48YnI+PHA+PGJyPjxiPuKXhuOBiuaJi+WFpeOCjOOBqOS9v+OBhOOChOOBmeOBleOCkui/veaxguOAgeaXpeW4uOOBruepuumWk+OBq+OBqOOBkei+vOOCgOODiuODgeODpeODqeODq+ODhuODvOODluODq+OCpuOCp+OCojwvYj48YnI+6Lu944GP44Gm5LiI5aSr44Gq44K544OG44Oz44Os44K56KO955yf56m644G+44G744GG44Gz44KT44Gn44GZ44CCPGJyPjLph43jgavjgarjgaPjgZ/lhoXlrrnlmajjga7pmpnplpPjgavnnJ/nqbrlsaTjgpLjgoLjgYbjgZHjgovjgZPjgajjgavjgojjgorpq5jjgYTmlq3nhrHlirnmnpzjgpLnmbrmj67jgZfjgIE8YnI+5pqW44GL44GE6aOy44G/54mp44KC5Ya344Gf44GE6aOy44G/54mp44KC5rip5bqm44KS6ZW35pmC6ZaT44Kt44O844OX44GX44G+44GZ44CCPGJyPuOBiua5r+OCkuWFpeOCjOOBpjEw5pmC6ZaT57WM44Gj44Gm44KCNzTihIPku6XkuIrjga7pq5jmuKnjgpLkv53jgaHjgIHjgb7jgZ/lpI/loLTjga/msLfjgpLlhaXjgozjgabkv53lhrfjgoLlj6/og73jgII8YnI+6Zu75rCX44KS5L2/44KP44Ga55yB44Ko44ON44Gr6LKi54yu44GX44G+44GZ44CCPGJyPjxicj48Yj7il4bjgq/jg6rjgqLjgrPjg7zjg4bjgqPjg7PjgrDjga7jgrnjg4bjg7Pjg6zjgrnlpJboo4U8L2I+PGJyPuOBiuaJi+WFpeOCjO+8huiAkOS5heaAp+OCouODg+ODlzxicj7mnKzkvZPjga7jgrnjg4bjg7Pjg6zjgrnlpJboo4XjgavjgIzjgq/jg6rjgqLjgrPjg7zjg4bjgqPjg7PjgrDjgI3jgpLmjqHnlKjjgII8YnI+5rGa44KM44Gr44GP44GP44G144GN44Go44KK44KE44GZ44GE44Gu44Gn44GK5omL5YWl44KM44KC44Op44Kv44Gr44Gn44GN44G+44GZ44CCPGJyPjxicj48Yj7il4bmsZrjgozjgavjgY/jgYTjgIHjg4vjgqrjgqTjgYzjgaTjgY3jgavjgY/jgYTjgIHmuIXmvZTjgIzjgrnjg7zjg5Hjg7zjgq/jg6rjg7zjg7PliqDlt6XjgI08L2I+PGJyPuODneODg+ODiOWGhemdouOBq+OAgeOBquOCgeOCieOBi+OBp+WFieayouOBruOBguOCi+OCueODvOODkeODvOOCr+ODquODvOODs+WKoOW3peOCkuaWveOBl+OBvuOBl+OBn+OAgjxicj7msZrjgozjgoLjg4vjgqrjgqTjgoLjgaTjgY3jgavjgY/jgY/jgIHjgZXjgaPjgajmtJfjgYbjgaDjgZHjgafjgIHjgYTjgaTjgoLmuIXmvZTjgafjgZnjgII8YnI+PGJyPjxiPuKXhuOBqOOCie+9nuOBmue1pua5rzwvYj48YnI+5LiK44G244Gf44KS6ZaL44GR44KM44Gw44CB44Gd44Gu44G+44G+57Wm5rmv44Gn44GN44KL5L6/5Yip5LuV5qeY44CCPGJyPjxicj48Yj7il4bjgrPjg7zjg5Ljg7zjg4njg6rjg4Pjg5Hjg7zjga7kvb/nlKhPSzwvYj48YnI+6Zu75rCX44KC5L2/44KP44Ga44Ob44OD44OI44KC44Ki44Kk44K544KCT0vvvIHjgIA8YnI+5omL6Lu944Gr55yB44Ko44ON44CC44GE44Gk44Gn44KC44GZ44GQ44Gr44Ko44Kz44Ot44K444O844Gq44OG44Kj44O844K/44Kk44Og44CCPGJyPuWGrOOBr+ODm+ODg+ODiOOBp+OAgeWkj+OBr+OCouOCpOOCueOBp+OAgjxicj4x5Y+w44Gn5L+d5rip44Gr44KC44CB5L+d5Ya344Gr44KC5aSn5rS76LqNPGJyPua4qeOBi+OBhOmjsuOBv+OCguOBruOBr+a4qeOBi+OBhOOBvuOBvuOAgeWGt+OBn+OBhOmjsuOBv+OCguOBruOBr+WGt+OBn+OBhOOBvuOBvuOAgjxicj7pm7vmsJfjgoLjgqzjgrnjgoLkvb/jgo/jgZrjgavmuKnluqbjgpLjgZfjgaPjgYvjgorjgq3jg7zjg5fjgZnjgovjgIzjgb7jgbvjgYbjgbPjgpPjgI08YnI+44GK44GE44GX44GV44Gd44Gu44G+44G+44CB55Kw5aKD44Gr44KC44KE44GV44GX44GE44CC44Gg44GL44KJMeW5tOS4reWkp+a0u+i6jeOBl+OBvuOBmeOAgjxicj48YnI+4pag44CA5LuV44CA5qeY44CA4pagPHVsPjxsaT7jgqvjg6njg7zvvJrjgq/jg6rjgqLjg7zjgrnjg4bjg7Pjg6zjgrk8L2xpPjxsaT7lrrnph4/vvJozLjBMPC9saT48bGk+5pys5L2T44K144Kk44K677yI57SE77yJ77ya5bmFMTcuOMOX5aWl6KGMMjQuNcOX6auY44GVMzEuM2NtPC9saT48bGk+6YeN6YeP77ya57SEMS42a2c8L2xpPjxsaT7kv53muKnlirnlipvvvIgyNOaZgumWky8xMOaZgumWk++8ie+8mjU54oSD5Lul5LiKLzc04oSD5Lul5LiKPC9saT48bGk+5L+d5Ya35Yq55Yqb77yIMTDmmYLplpPvvInvvJo34oSD5Lul5LiLPC9saT48bGk+5Y+j5b6E77ya57SENi45Y208L2xpPjwvdWw+PGJyPjxicj48YnI+KOKAu+OBk+OBruiqrOaYjuaWh+OBr+alveWkqeW4guWgtOW6l+OBruiomOi8ieWGheWuueOBp+OBmeOAglVSTOOBr2h0dHA6Ly9pdGVtLnJha3V0ZW4uY28uanAvamlzbS/jgaflp4vjgb7jgorjgb7jgZnjgIJVUkzjgYznlbDjgarjgovpmpvjga/jgrXjgqTjg4jjgpLliKnnlKjjgZnjgovjgZPjgajjga7jgarjgYTjgojjgYbljYHliIbjgZTms6jmhI/jgY/jgaDjgZXjgYTjgIIpPHRhYmxlIHdpZHRoPSI2MDAiIGJvcmRlcj0wIGNlbGxwYWRkaW5nPTUgY2VsbHNwYWNpbmc9MCBiZ2NvbG9yPSIjRjBFREU0Ij48dHI+PHRkIGFsaWduPSJjZW50ZXIiIGJnY29sb3I9IiNCQkEwNEUiPgo8dGFibGUgd2lkdGg9IjU5MCIgYm9yZGVyPTAgY2VsbHBhZGRpbmc9MiBjZWxsc3BhY2luZz0xIGJnY29sb3I9IiNGMEVERTQiIHN1bW1hcnk9IiIgc3R5bGU9ImZvbnQtc2l6ZToxMnB4OyI+PHRyPjx0ZD7jgYrjgZnjgZnjgoHjgqvjg4bjgrTjg6rjg7zjgIDvvJrjgIDjgqjjgqLjgrPjg7PjgIDjg7vjgIDliqDmub/lmajjgIDjg7vjgIDlhrfolLXluqvjgIDjg7vjgIDjg5vjg4Pjg4jjgqvjg7zjg5rjg4Pjg4jjgIDjg7vjgIDluIPlm6Pkub7nh6XmqZ88L3RkPjwvdHI+PHRyPjx0ZCBhbGlnbj0iY2VudGVyIj7jgrTjg6vjg5Xjg5zjg7zjg6vjgIDjg7vjgIDmjoPpmaTmqZ/jg7vjgq/jg6rjg7zjg4rjg7zjgIDjg7vjgIDvvLTvvLbjgrLjg7zjg6DjgIDjg7vjgIDpm7vmsaDjgIDjg7vjgIDlhYXpm7vmsaDjg7vlhYXpm7vlmajjgIDjg7vjgIDjg6njg4Pjg5Tjg7PjgrDooosKPC90ZD48L3RyPjwvdGFibGU+CjwvdGQ+PC90cj48L3RhYmxlPjxicj4=,TUFBLUMzMDAtWEPjgJDnqI7ovrzjgJEg44K/44Kk44Ks44O8IOOCueODhuODs+ODrOOCueOCqOOCouODvOODneODg+ODiOOAgDMuMEzjgIDjgq/jg6rjgqLjg7zjgrnjg4bjg7Pjg6zjgrkgVElHRVLjgIDjgajjgonvvZ7jgZogW01BQUMzMDBYQ13jgJDov5Tlk4HnqK7liKVB44CR44CQ6YCB5paZ54Sh5paZ44CR44CQUkNQ44CR77yaSm9zaGluIHdlYiDlrrbpm7vjgahQQ+OBruWkp+Wei+WwgumWgOW6lw==,5a626Zu744OR44K944Kz44OzQVbmqZ/lmajpq5jntJrjgqrjg7zjg4fjgqPjgqrjg5vjg5Pjg7zjgYrjgoLjgaHjgoPjgrLjg7zjg6DpiYTpgZPmqKHlnovmmYLoqIhQQ+ODhuODrOODk+ODrOOCs+ODvOODgOODvOmbkeiyqOaooeWei+WGt+iUteW6q+a0l+a/r+apn+OCqOOCouOCs+ODs2dhbWVob2JieWNvbXB1dGVyTUFBLUMzMDAtWEPjgJDnqI7ovrzjgJEg44K/44Kk44Ks44O8IOOCueODhuODs+ODrOOCueOCqOOCouODvOODneODg+ODiOOAgDMuMEzjgIDjgq/jg6rjgqLjg7zjgrnjg4bjg7Pjg6zjgrkgVElHRVLjgIDjgajjgonvvZ7jgZogW01BQUMzMDBYQ13jgJDov5Tlk4HnqK7liKVB44CR44CQ6YCB5paZ54Sh5paZ44CR44CQUkNQ44CR,5qW95aSpU2hvcCBvZiB0aGUgWWVhciAyMDE2IOe3j+WQiOOCsOODqeODs+ODl+ODquWPl+iznuKYheOAgk1BQS1DMzAwLVhD44CQ56iO6L6844CRIOOCv+OCpOOCrOODvCDjgrnjg4bjg7Pjg6zjgrnjgqjjgqLjg7zjg53jg4Pjg4jjgIAzLjBM44CA44Kv44Oq44Ki44O844K544OG44Oz44Os44K5IFRJR0VS44CA44Go44KJ772e44GaIFtNQUFDMzAwWENd44CQ6L+U5ZOB56iu5YilQeOAkeOAkOmAgeaWmeeEoeaWmeOAkeOAkFJDUOOAkQ==[rn]
29-48526,aHR0cDovL3RzaG9wLnIxMHMuanAvamlzbS9jYWJpbmV0LzA1MjAvNDk3NTUwMTE4MDE2MS5qcGc/Zml0aW49NzAwOjcwMA==,MTM2MC4wMDAw,,5a626Zu7ID4g44Kt44OD44OB44Oz5a626Zu7ID4g44Kt44OD44OB44Oz5a626Zu755So44Ki44Kv44K744K144Oq44O844O76YOo5ZOBID4g6Zu75rCX44Od44OD44OI44O76Zu75rCX44Kx44OI44Or55So44Ki44Kv44K744K144Oq44O8,SE5DLTA2LU1C44CQ56iO6L6844CRIOOCquODq+OCtCDjg4/jg7Pjg4njg53jg4Pjg4jjgIAwLjZM44CA44Of44Or44Kt44O844OW44Op44Km44OzICBbSE5DMDZNQl3jgJDov5Tlk4HnqK7liKVB44CR44CQUkNQ44CR,5qW95aSpU2hvcCBvZiB0aGUgWWVhciAyMDE2IOe3j+WQiOOCsOODqeODs+ODl+ODquWPl+iznuKYhQ==,5Zyo5bqr54q25rOB77ya5YWl6I235qyh56ys5Ye66I23PGJyPjxicj48YnI+PGZvbnQgY29sb3I9Ymx1ZT7ilqHjgIzov5Tlk4HnqK7liKXjgI3jgavjgaTjgYTjgaboqbPjgZfjgY/jga/jgZPjgaHjgonilqE8L2ZvbnQ+PGJyPjxmb250IHNpemU9JzInIGNvbG9yPScjQ0MwMDAwJz48Yj4yMDE25bm0MDPmnIgg55m65aOyPC9iPjwvZm9udD48YnI+PHA+PGJyPjxwPjxicj7il4bpm7vmsJfjgpLkvb/jgo/jgZrjgZfjgaPjgYvjgorkv53muKnjgILnnIHjgqjjg43jga7ln7rmnKzjgIHjgb7jgbvjgYbjgbPjgpPjgII8YnI+4peG44Os44OQ44O844KS5oq844GZ44Gg44GR44Gn44KJ44GP44KJ44GP5rOo44GS44KL44Ov44Oz44K/44OD44OB5qCT44CCPGJyPjxicj48dWw+PGxpPuOCq+ODqeODvO+8muODn+ODq+OCreODvOODluODqeOCpuODszwvbGk+PGxpPuWuuemHj++8mue0hDAuNkw8L2xpPjxsaT7mnKzkvZPjgrXjgqTjgrrvvIjntITvvInvvJrluYUxMS41w5flpaXooYwxNC44w5fpq5jjgZUyMS45Y208L2xpPjxsaT7ph43ph4/vvJrntIQwLjZLZzwvbGk+PGxpPuS/nea4qeWKueWKm++8iDI05pmC6ZaTLzEw5pmC6ZaT77yJ77yaNDnihIPku6XkuIovNjbihIPku6XkuIo8L2xpPjwvdWw+4oC75L+d5rip5Yq55Yqb44Go44Gv5a6k5ripMjDluqbCsTLluqbjgavjgYrjgYTjgabjgIEy5pmC6ZaT5Lul5LiK6ZaL5qCT44GX44GmPGJyPuaUvue9ruOBl+OBn+ijveWTgeOBq+eGsea5r+OCkuWPo+WFg+S4i+err+OBvuOBp+a6gOOBn+OBl+OAgea5r+a4qeOBjDk15bqmwrEx5bqm44Gu5pmC44GL44KJPGJyPjI05pmC6ZaT5Y+K44GzMTDmmYLplpPmlL7nva7jgZfjgZ/loLTlkIjjgavjgYrjgZHjgovjgZ3jga7mua/jga7muKnluqbjgII8YnI+PGJyPjxicj4o4oC744GT44Gu6Kqs5piO5paH44Gv5qW95aSp5biC5aC05bqX44Gu6KiY6LyJ5YaF5a6544Gn44GZ44CCVVJM44GvaHR0cDovL2l0ZW0ucmFrdXRlbi5jby5qcC9qaXNtL+OBp+Wni+OBvuOCiuOBvuOBmeOAglVSTOOBjOeVsOOBquOCi+mam+OBr+OCteOCpOODiOOCkuWIqeeUqOOBmeOCi+OBk+OBqOOBruOBquOBhOOCiOOBhuWNgeWIhuOBlOazqOaEj+OBj+OBoOOBleOBhOOAgik8dGFibGUgd2lkdGg9IjYwMCIgYm9yZGVyPTAgY2VsbHBhZGRpbmc9NSBjZWxsc3BhY2luZz0wIGJnY29sb3I9IiNGMEVERTQiPjx0cj48dGQgYWxpZ249ImNlbnRlciIgYmdjb2xvcj0iI0JCQTA0RSI+Cjx0YWJsZSB3aWR0aD0iNTkwIiBib3JkZXI9MCBjZWxscGFkZGluZz0yIGNlbGxzcGFjaW5nPTEgYmdjb2xvcj0iI0YwRURFNCIgc3VtbWFyeT0iIiBzdHlsZT0iZm9udC1zaXplOjEycHg7Ij48dHI+PHRkPuOBiuOBmeOBmeOCgeOCq+ODhuOCtOODquODvOOAgO+8muOAgOOCqOOCouOCs+ODs+OAgOODu+OAgOWKoOa5v+WZqOOAgOODu+OAgOWGt+iUteW6q+OAgOODu+OAgOODm+ODg+ODiOOCq+ODvOODmuODg+ODiOOAgOODu+OAgOW4g+Wbo+S5vueHpeapnzwvdGQ+PC90cj48dHI+PHRkIGFsaWduPSJjZW50ZXIiPuOCtOODq+ODleODnOODvOODq+OAgOODu+OAgOaOg+mZpOapn+ODu+OCr+ODquODvOODiuODvOOAgOODu+OAgO+8tO+8tuOCsuODvOODoOOAgOODu+OAgOmbu+axoOOAgOODu+OAgOWFhembu+axoOODu+WFhembu+WZqOOAgOODu+OAgOODqeODg+ODlOODs+OCsOiiiwo8L3RkPjwvdHI+PC90YWJsZT4KPC90ZD48L3RyPjwvdGFibGU+PGJyPg==,SE5DLTA2LU1C44CQ56iO6L6844CRIOOCquODq+OCtCDjg4/jg7Pjg4njg53jg4Pjg4jjgIAwLjZM44CA44Of44Or44Kt44O844OW44Op44Km44OzICBbSE5DMDZNQl3jgJDov5Tlk4HnqK7liKVB44CR44CQUkNQ44CR77yaSm9zaGluIHdlYiDlrrbpm7vjgahQQ+OBruWkp+Wei+WwgumWgOW6lw==,5a626Zu744OR44K944Kz44OzQVbmqZ/lmajpq5jntJrjgqrjg7zjg4fjgqPjgqrjg5vjg5Pjg7zjgYrjgoLjgaHjgoPjgrLjg7zjg6DpiYTpgZPmqKHlnovmmYLoqIhQQ+ODhuODrOODk+ODrOOCs+ODvOODgOODvOmbkeiyqOaooeWei+WGt+iUteW6q+a0l+a/r+apn+OCqOOCouOCs+ODs2dhbWVob2JieWNvbXB1dGVySE5DLTA2LU1C44CQ56iO6L6844CRIOOCquODq+OCtCDjg4/jg7Pjg4njg53jg4Pjg4jjgIAwLjZM44CA44Of44Or44Kt44O844OW44Op44Km44OzICBbSE5DMDZNQl3jgJDov5Tlk4HnqK7liKVB44CR44CQUkNQ44CR,5qW95aSpU2hvcCBvZiB0aGUgWWVhciAyMDE2IOe3j+WQiOOCsOODqeODs+ODl+ODquWPl+iznuKYheOAgkhOQy0wNi1NQuOAkOeojui+vOOAkSDjgqrjg6vjgrQg44OP44Oz44OJ44Od44OD44OI44CAMC42TOOAgOODn+ODq+OCreODvOODluODqeOCpuODsyAgW0hOQzA2TUJd44CQ6L+U5ZOB56iu5YilQeOAkeOAkFJDUOOAkQ==[rn]
29-48527,aHR0cDovL3RzaG9wLnIxMHMuanAvamlzbS9jYWJpbmV0LzAzNzUvNDk3NDMwNTIwOTQxMi5qcGc/Zml0aW49NzAwOjcwMA==,MzAzMi4wMDAw,,5a626Zu7ID4g44Kt44OD44OB44Oz5a626Zu7ID4g44Kt44OD44OB44Oz5a626Zu755So44Ki44Kv44K744K144Oq44O844O76YOo5ZOBID4g6Zu75rCX44Od44OD44OI44O76Zu75rCX44Kx44OI44Or55So44Ki44Kv44K744K144Oq44O8,QUItUkIzMC1GQ+OAkOeojui+vOOAkSDosaHljbAg44Ks44Op44K544Oe44Ob44O844OT44Oz44CAMy4wTOOAgOOCqOODrOOCrOODs+OCueODleODqeODr+ODvCBaT0pJUlVTSEnjgIDmirzjgZnjgaDjgZHjg53jg4Pjg4ggW0FCUkIzMEZDXeOAkOi/lOWTgeeoruWIpUHjgJHjgJBSQ1DjgJE=,5qW95aSpU2hvcCBvZiB0aGUgWWVhciAyMDE2IOe3j+WQiOOCsOODqeODs+ODl+ODquWPl+iznuKYhQ==,5Zyo5bqr54q25rOB77ya5YWl6I235qyh56ys5Ye66I23PGJyPjxicj48YnI+PGZvbnQgY29sb3I9Ymx1ZT7ilqHjgIzov5Tlk4HnqK7liKXjgI3jgavjgaTjgYTjgaboqbPjgZfjgY/jga/jgZPjgaHjgonilqE8L2ZvbnQ+PGJyPjxmb250IHNpemU9JzInIGNvbG9yPScjQ0MwMDAwJz48Yj4yMDE05bm0MDfmnIgg55m65aOyPC9iPjwvZm9udD48YnI+PHA+PGJyPjxwPuKAu+eUu+WDj+OBrzIuMkzjgr/jgqTjg5fvvIhBQi1SQjIyLUZD77yJ44KS5L2/55So44GX44Gm44GE44G+44GZ44CCPGJyPjxicj48Yj7il4bjgb7jgbvjgYbjgbPjgpPjgaDjgYvjgonkuIDlubTkuK3kvb/jgYjjgabjgIHjgZfjgYvjgoLnnIHjgqjjg43vvIHjgIA8L2I+PGJyPuS/nea4qeOCguS/neWGt+OCguS4oeaWuU9L44CCPGJyPua4qeOBi+OBhOmjsuOBv+eJqeOBr0hPVOOBquOBvuOBvuOAgeOBiua5r+OCkuayuOOBi+OBl+ebtOOBleOBmuOBmeOBkOOBq+mjsuOCgeOCi+OBruOBp+Wkp+WkieS+v+WIqeOAgjxicj7jgb7jgZ/lhrfjgZ/jgYTpo7Ljgb/nianjgoLjgZ3jga7jgb7jgb7po7LjgoHjgabjgIHlhrfolLXluqvjga7plovjgZHplonjgoHjgYzmuJvjgorjgIHlhrfolLXluqvjgaflhrfjgoTjgZnlv4XopoHjgarjgZfvvIHjgIA8YnI+6Zu75rCX44KC44Ks44K544KC5L2/44KP44Ga44CB44Ko44Kz44Ot44K444O844Gu6Z2i44GL44KJ44KC44Kq44K544K544Oh44Gn44GZ44CCPGJyPjxicj48Yj7il4bjgIzpm7vmsJfjgoTjgqzjgrnjgpLkvb/jgo/jgZrjgI3kv53muKnjg7vkv53lhrfvvIHjgIA8L2I+PGJyPuOBl+OBo+OBi+OCiuS/nea4qeOBp+OBjeOCi+OBi+OCieODrOODs+OCuOOChOOCs+ODs+ODreOBp+a4qeOCgeebtOOBleOBquOBj+OBpuOCguOBhOOBhO+8geOAgDxicj7plbfmmYLplpPkv53lhrfjgafjgY3jgovjgYvjgonlhrfolLXluqvjga7plovjgZHplonjgoHjgYzlsJHjgarjgY/jgarjgovvvIHjgIA8YnI+PGJyPjxiPuKXhuWkj+OBr+OBsuOCk+OChOOCiuOAgeWGrOOBr+OBguOBo+OBn+OBi+OCreODvOODl+OAguOAjOS4gOW5tOS4reS9v+OBiOOCi+OCrOODqeOCueODnuODm+ODvOODk+ODs+OAjTwvYj48YnI+55yf56m65pat54ax5qeL6YCg44Gu44Ks44Op44K544Oe44Ob44O844OT44Oz44Gq44Gu44Gn44CB54ax44KS6YCD44GM44GX44G+44Gb44KT44CCPGJyPuS/nea4qeOCguS/neWGt+OCguOBp+OBjeOCi+OBruOBp+OAgeWkj+OBr+WGt+OBn+OBhOOBiuiMtuOAgeWGrOOBr+a4qeOBi+OBhOOCs+ODvOODkuODvOOBquOBqeS9v+OBiOOBpuOAgeS4gOW5tOS4reWkp+a0u+i6jeOAgjxicj7jgIDkv53lhrflirnlipvvvJo04oSD44Gu5Ya35rC044GMMTDmmYLplpPlvozjgafjgoI34oSD5Lul5LiLPGJyPuOAgOS/nea4qeWKueWKm++8mjk14oSD44Gu54ax5rmv44GMMjTmmYLplpPlvozjgafjgoI2NOKEg+S7peS4ii8xMOaZgumWk+W+jOOBp+OCgjc44oSD5Lul5LiKPGJyPjxicj48Yj7il4bjgrPjg7zjg5Ljg7zjg7vntIXojLbjgoJPS++8geOAgOOBq+OBiuOBhOenu+OCiuOCkuaKkeOBiOOAgeOAjOOBiuOBhOOBl+OBj+S/nea4qeODu+S/neWGt+OAjTwvYj48YnI+44Ks44Op44K544Oe44Ob44O844OT44Oz44Gv44CB6aOy44G/54mp44Gu44Gr44GK44GE56e744KK44KS5oqR44GI44KL44Gu44Gn44CBPGJyPuWGt+OBn+OBhOawtOOAgeOBiua5r+OBoOOBkeOBp+OBquOBj+OAgeOCs+ODvOODkuODvOOChOe0heiMtuOAgeOBiuiMtuOBq+OCguS9v+OBiOOBvuOBmeOAgjxicj48YnI+PGI+4peG6Lu944GP5oq844GZ44Gg44GR44Gn57Wm5rmv44Gn44GN44KL77yB44CA44CM44KJ44GP44KJ44GP57Wm5rmv44CNPC9iPjxicj7jgYvjgovjg7zjgY/mirzjgZnjgaDjgZHjgafntabmua9PSzxicj48YnI+PGI+4peG44CM5YK+5pac5rmv44KC44KM6Ziy5q2i44CNPC9iPjxicj7ou6LlgJLmmYLjgoTlgr7mlpzmmYLjga7mua/jgoLjgozjgpLmnIDlsI/pmZDjgavmipHjgYjjgovlronlhajlvIHjgaTjgY3jgII8YnI+PGJyPjxiPuKXhuS4reOBm+OCk+OBquOBlzwvYj48YnI+5Lit44Gb44KT44GM44Gq44GE44Gu44Gn44GK5omL5YWl44KM44GM57Ch5Y2Y44Gn44GZ44CCPGJyPjxicj7ilqDjgIDku5XjgIDmp5jjgIDilqA8dWw+PGxpPuOCq+ODqeODvO+8muOCqOODrOOCrOODs+OCueODleODqeODr+ODvDwvbGk+PGxpPuWuuemHj++8mjMuMEw8L2xpPjxsaT7mnKzkvZPjgrXjgqTjgrrvvIjntITvvInvvJrluYUxOC41w5flpaXooYwyNC41w5fpq5jjgZUzNS41Y208L2xpPjxsaT7ph43ph4/vvJrntIQxLjhrZzwvbGk+PGxpPuS/nea4qeWKueWKm++8iDI05pmC6ZaTLzEw5pmC6ZaT77yJ77yaNjTihIPku6XkuIovNzjihIPku6XkuIo8L2xpPjxsaT7kv53lhrflirnlipvvvIgxMOaZgumWk++8ie+8mjfihIPku6XkuIs8L2xpPjwvdWw+4oC75L+d5rip5Yq55Yqb44Go44Gv44CB5a6k5ripMjDihIPCsTLihIPjgavjgYrjgYTjgaboo73lk4HjgavnhrHmua/jgpLkuK3jgZvjgpPkuIvnq6/jgb7jgafmuoDjgZ/jgZfjgIHnuKbnva7jgY3jgavjgZfjgZ/nirbmhYvjgafmua/muKnjgYw5NeKEg8KxMeKEg+OBruaZguOBi+OCiTI05pmC6ZaT5Y+K44GzMTDmmYLplpPmlL7nva7jgZfjgZ/loLTlkIjjgavjgYrjgZHjgovjgZ3jga7mua/jga7muKnluqbjgII8YnI+4oC75L+d5Ya35Yq55Yqb44Go44Gv44CB5a6k5ripMjDihIPCsTLihIPjgavjgYrjgYTjgaboo73lk4HjgavlhrfmsLTjgpLkuK3jgZvjgpPkuIvnq6/jgb7jgafmuoDjgZ/jgZfjgIHnuKbnva7jgY3jgavjgZfjgZ/nirbmhYvjgafmsLTjga7muKnluqbjgYw04oSDwrEx4oSD44Gu5pmC44GL44KJMTDmmYLplpPmlL7nva7jgZfjgZ/loLTlkIjjgavjgYrjgZHjgovjgZ3jga7msLTjga7muKnluqbjgII8YnI+PCEtLUNPTl9TVC0tPjxwPjxpbWcgc3JjPWh0dHA6Ly93d3cucmFrdXRlbi5uZS5qcC9nb2xkL2ppc20vaW1nL2thbnJlbl9ici5naWYgYm9yZGVyPTAgd2lkdGg9NDAwIGhlaWdodD00MD48L3A+PGJyPjxicj48YnI+KOKAu+OBk+OBruiqrOaYjuaWh+OBr+alveWkqeW4guWgtOW6l+OBruiomOi8ieWGheWuueOBp+OBmeOAglVSTOOBr2h0dHA6Ly9pdGVtLnJha3V0ZW4uY28uanAvamlzbS/jgaflp4vjgb7jgorjgb7jgZnjgIJVUkzjgYznlbDjgarjgovpmpvjga/jgrXjgqTjg4jjgpLliKnnlKjjgZnjgovjgZPjgajjga7jgarjgYTjgojjgYbljYHliIbjgZTms6jmhI/jgY/jgaDjgZXjgYTjgIIpPHRhYmxlIHdpZHRoPSI2MDAiIGJvcmRlcj0wIGNlbGxwYWRkaW5nPTUgY2VsbHNwYWNpbmc9MCBiZ2NvbG9yPSIjRjBFREU0Ij48dHI+PHRkIGFsaWduPSJjZW50ZXIiIGJnY29sb3I9IiNCQkEwNEUiPgo8dGFibGUgd2lkdGg9IjU5MCIgYm9yZGVyPTAgY2VsbHBhZGRpbmc9MiBjZWxsc3BhY2luZz0xIGJnY29sb3I9IiNGMEVERTQiIHN1bW1hcnk9IiIgc3R5bGU9ImZvbnQtc2l6ZToxMnB4OyI+PHRyPjx0ZD7jgYrjgZnjgZnjgoHjgqvjg4bjgrTjg6rjg7zjgIDvvJrjgIDjgqjjgqLjgrPjg7PjgIDjg7vjgIDliqDmub/lmajjgIDjg7vjgIDlhrfolLXluqvjgIDjg7vjgIDjg5vjg4Pjg4jjgqvjg7zjg5rjg4Pjg4jjgIDjg7vjgIDluIPlm6Pkub7nh6XmqZ88L3RkPjwvdHI+PHRyPjx0ZCBhbGlnbj0iY2VudGVyIj7jgrTjg6vjg5Xjg5zjg7zjg6vjgIDjg7vjgIDmjoPpmaTmqZ/jg7vjgq/jg6rjg7zjg4rjg7zjgIDjg7vjgIDvvLTvvLbjgrLjg7zjg6DjgIDjg7vjgIDpm7vmsaDjgIDjg7vjgIDlhYXpm7vmsaDjg7vlhYXpm7vlmajjgIDjg7vjgIDjg6njg4Pjg5Tjg7PjgrDooosKPC90ZD48L3RyPjwvdGFibGU+CjwvdGQ+PC90cj48L3RhYmxlPjxicj4=,QUItUkIzMC1GQ+OAkOeojui+vOOAkSDosaHljbAg44Ks44Op44K544Oe44Ob44O844OT44Oz44CAMy4wTOOAgOOCqOODrOOCrOODs+OCueODleODqeODr+ODvCBaT0pJUlVTSEnjgIDmirzjgZnjgaDjgZHjg53jg4Pjg4ggW0FCUkIzMEZDXeOAkOi/lOWTgeeoruWIpUHjgJHjgJBSQ1DjgJHvvJpKb3NoaW4gd2ViIOWutumbu+OBqFBD44Gu5aSn5Z6L5bCC6ZaA5bqX,5a626Zu744OR44K944Kz44OzQVbmqZ/lmajpq5jntJrjgqrjg7zjg4fjgqPjgqrjg5vjg5Pjg7zjgYrjgoLjgaHjgoPjgrLjg7zjg6DpiYTpgZPmqKHlnovmmYLoqIhQQ+ODhuODrOODk+ODrOOCs+ODvOODgOODvOmbkeiyqOaooeWei+WGt+iUteW6q+a0l+a/r+apn+OCqOOCouOCs+ODs2dhbWVob2JieWNvbXB1dGVyQUItUkIzMC1GQ+OAkOeojui+vOOAkSDosaHljbAg44Ks44Op44K544Oe44Ob44O844OT44Oz44CAMy4wTOOAgOOCqOODrOOCrOODs+OCueODleODqeODr+ODvCBaT0pJUlVTSEnjgIDmirzjgZnjgaDjgZHjg53jg4Pjg4ggW0FCUkIzMEZDXeOAkOi/lOWTgeeoruWIpUHjgJHjgJBSQ1DjgJE=,5qW95aSpU2hvcCBvZiB0aGUgWWVhciAyMDE2IOe3j+WQiOOCsOODqeODs+ODl+ODquWPl+iznuKYheOAgkFCLVJCMzAtRkPjgJDnqI7ovrzjgJEg6LGh5Y2wIOOCrOODqeOCueODnuODm+ODvOODk+ODs+OAgDMuMEzjgIDjgqjjg6zjgqzjg7Pjgrnjg5Xjg6njg6/jg7wgWk9KSVJVU0hJ44CA5oq844GZ44Gg44GR44Od44OD44OIIFtBQlJCMzBGQ13jgJDov5Tlk4HnqK7liKVB44CR44CQUkNQ44CR[rn]
29-48528,aHR0cDovL3RzaG9wLnIxMHMuanAvamlzbS9jYWJpbmV0LzA0MzYvNDkwNDcxMDQxNjcwOS5qcGc/Zml0aW49NzAwOjcwMA==,MzYzMi4wMDAw,,5a626Zu7ID4g44Kt44OD44OB44Oz5a626Zu7ID4g44Kt44OD44OB44Oz5a626Zu755So44Ki44Kv44K744K144Oq44O844O76YOo5ZOBID4g6Zu75rCX44Od44OD44OI44O76Zu75rCX44Kx44OI44Or55So44Ki44Kv44K744K144Oq44O8,UE5NLUgzMDFXVeOAkOeojui+vOOAkSDjgr/jgqTjgqzjg7wg44Ko44Ki44O844Od44OD44OIICAzLjBM44CA44Ob44Ov44Kk44OIIFRJR0VS44CA44Go44KJ772e44GaIFtQTk1IMzAxV1Vd44CQ6L+U5ZOB56iu5YilQeOAkeOAkOmAgeaWmeeEoeaWmeOAkeOAkFJDUOOAkQ==,5qW95aSpU2hvcCBvZiB0aGUgWWVhciAyMDE2IOe3j+WQiOOCsOODqeODs+ODl+ODquWPl+iznuKYhQ==,5Zyo5bqr54q25rOB77ya5YWl6I235qyh56ys5Ye66I23PGJyPuOBiuWxiuOBke+8mue0hDHjg7bmnIg8YnI+PGJyPjxicj48Zm9udCBjb2xvcj1ibHVlPuKWoeOAjOi/lOWTgeeoruWIpeOAjeOBq+OBpOOBhOOBpuips+OBl+OBj+OBr+OBk+OBoeOCieKWoTwvZm9udD48YnI+PGZvbnQgc2l6ZT0nMicgY29sb3I9JyNDQzAwMDAnPjxiPjIwMTXlubQwOOaciCDnmbrlo7I8L2I+PC9mb250Pjxicj48cD48YnI+PHA+PGJyPuKXhuS/nea4qeODu+S/neWGt+OBq+Wkp+a0u+i6jeOAgumbu+awl+OCkuS9v+OCj+OBquOBhOOBvuOBu+OBhuOBs+OCkzxicj7il4bkuIrjgbbjgZ/jgpLplovjgZHjgozjgbDjgIHjgZ3jga7jgb7jgb7ntabmua/jgafjgY3jgovjgIzjgajjgonvvZ7jgZrntabmua/jgI08YnI+4peG57Ch5Y2Y44Gr44Gv44Ga44Gb44Gm44CB44GK5omL5YWl44KM44Gr5L6/5YipPGJyPuKXhuedgOiEseW8j+OBruWQkOWHuuODkeOCpOODlzxicj48YnI+4pag44CA5LuV44CA5qeY44CA4pagPHVsPjxsaT7jgqvjg6njg7zvvJrjg5vjg6/jgqTjg4g8L2xpPjxsaT7lrrnph4/vvJozLjBMPC9saT48bGk+5pys5L2T44K144Kk44K677yI57SE77yJ77ya5bmFMTguM8OX5aWl6KGMMjQuM8OX6auY44GVMzYuN2NtPC9saT48bGk+6YeN6YeP77ya57SEMS44a2c8L2xpPjxsaT7kv53muKnlirnlipvvvIgyNOaZgumWky8xMOaZgumWk++8ie+8mjY04oSD5Lul5LiKLzc44oSD5Lul5LiKPC9saT48bGk+5L+d5Ya35Yq55Yqb77yIMTDmmYLplpPvvInvvJo34oSD5Lul5LiLPC9saT48L3VsPuKAu+S/nea4qeWKueWKm+OBqOOBr+OAgeWupOa4qTIw4oSDwrEy4oSD44Gr44GK44GE44Gm6KO95ZOB44Gr54ax5rmv44KS5Lit44Gb44KT5LiL56uv44G+44Gn5rqA44Gf44GX44CB57im572u44GN44Gr44GX44Gf54q25oWL44Gn5rmv5rip44GMOTXihIPCsTHihIPjga7mmYLjgYvjgokyNOaZgumWk+WPiuOBszEw5pmC6ZaT5pS+572u44GX44Gf5aC05ZCI44Gr44GK44GR44KL44Gd44Gu5rmv44Gu5rip5bqm44CCPGJyPuKAu+S/neWGt+WKueWKm+OBqOOBr+OAgeWupOa4qTIw4oSDwrEy4oSD44Gr44GK44GE44Gm6KO95ZOB44Gr5Ya35rC044KS5Lit44Gb44KT5LiL56uv44G+44Gn5rqA44Gf44GX44CB57im572u44GN44Gr44GX44Gf54q25oWL44Gn5rC044Gu5rip5bqm44GMNOKEg8KxMeKEg+OBruaZguOBi+OCiTEw5pmC6ZaT5pS+572u44GX44Gf5aC05ZCI44Gr44GK44GR44KL44Gd44Gu5rC044Gu5rip5bqm44CCPGJyPjxicj48YnI+PGJyPijigLvjgZPjga7oqqzmmI7mlofjga/mpb3lpKnluILloLTlupfjga7oqJjovInlhoXlrrnjgafjgZnjgIJVUkzjga9odHRwOi8vaXRlbS5yYWt1dGVuLmNvLmpwL2ppc20v44Gn5aeL44G+44KK44G+44GZ44CCVVJM44GM55Ww44Gq44KL6Zqb44Gv44K144Kk44OI44KS5Yip55So44GZ44KL44GT44Go44Gu44Gq44GE44KI44GG5Y2B5YiG44GU5rOo5oSP44GP44Gg44GV44GE44CCKTx0YWJsZSB3aWR0aD0iNjAwIiBib3JkZXI9MCBjZWxscGFkZGluZz01IGNlbGxzcGFjaW5nPTAgYmdjb2xvcj0iI0YwRURFNCI+PHRyPjx0ZCBhbGlnbj0iY2VudGVyIiBiZ2NvbG9yPSIjQkJBMDRFIj4KPHRhYmxlIHdpZHRoPSI1OTAiIGJvcmRlcj0wIGNlbGxwYWRkaW5nPTIgY2VsbHNwYWNpbmc9MSBiZ2NvbG9yPSIjRjBFREU0IiBzdW1tYXJ5PSIiIHN0eWxlPSJmb250LXNpemU6MTJweDsiPjx0cj48dGQ+44GK44GZ44GZ44KB44Kr44OG44K044Oq44O844CA77ya44CA44Ko44Ki44Kz44Oz44CA44O744CA5Yqg5rm/5Zmo44CA44O744CA5Ya36JS15bqr44CA44O744CA44Ob44OD44OI44Kr44O844Oa44OD44OI44CA44O744CA5biD5Zuj5Lm+54el5qmfPC90ZD48L3RyPjx0cj48dGQgYWxpZ249ImNlbnRlciI+44K044Or44OV44Oc44O844Or44CA44O744CA5o6D6Zmk5qmf44O744Kv44Oq44O844OK44O844CA44O744CA77y077y244Ky44O844Og44CA44O744CA6Zu75rGg44CA44O744CA5YWF6Zu75rGg44O75YWF6Zu75Zmo44CA44O744CA44Op44OD44OU44Oz44Kw6KKLCjwvdGQ+PC90cj48L3RhYmxlPgo8L3RkPjwvdHI+PC90YWJsZT48YnI+,UE5NLUgzMDFXVeOAkOeojui+vOOAkSDjgr/jgqTjgqzjg7wg44Ko44Ki44O844Od44OD44OIICAzLjBM44CA44Ob44Ov44Kk44OIIFRJR0VS44CA44Go44KJ772e44GaIFtQTk1IMzAxV1Vd44CQ6L+U5ZOB56iu5YilQeOAkeOAkOmAgeaWmeeEoeaWmeOAkeOAkFJDUOOAke+8mkpvc2hpbiB3ZWIg5a626Zu744GoUEPjga7lpKflnovlsILploDlupc=,5a626Zu744OR44K944Kz44OzQVbmqZ/lmajpq5jntJrjgqrjg7zjg4fjgqPjgqrjg5vjg5Pjg7zjgYrjgoLjgaHjgoPjgrLjg7zjg6DpiYTpgZPmqKHlnovmmYLoqIhQQ+ODhuODrOODk+ODrOOCs+ODvOODgOODvOmbkeiyqOaooeWei+WGt+iUteW6q+a0l+a/r+apn+OCqOOCouOCs+ODs2dhbWVob2JieWNvbXB1dGVyUE5NLUgzMDFXVeOAkOeojui+vOOAkSDjgr/jgqTjgqzjg7wg44Ko44Ki44O844Od44OD44OIICAzLjBM44CA44Ob44Ov44Kk44OIIFRJR0VS44CA44Go44KJ772e44GaIFtQTk1IMzAxV1Vd44CQ6L+U5ZOB56iu5YilQeOAkeOAkOmAgeaWmeeEoeaWmeOAkeOAkFJDUOOAkQ==,5qW95aSpU2hvcCBvZiB0aGUgWWVhciAyMDE2IOe3j+WQiOOCsOODqeODs+ODl+ODquWPl+iznuKYheOAglBOTS1IMzAxV1XjgJDnqI7ovrzjgJEg44K/44Kk44Ks44O8IOOCqOOCouODvOODneODg+ODiCAgMy4wTOOAgOODm+ODr+OCpOODiCBUSUdFUuOAgOOBqOOCie+9nuOBmiBbUE5NSDMwMVdVXeOAkOi/lOWTgeeoruWIpUHjgJHjgJDpgIHmlpnnhKHmlpnjgJHjgJBSQ1DjgJE=[rn]
29-48529,aHR0cDovL3RzaG9wLnIxMHMuanAva29rb3VraS9jYWJpbmV0L3BldGVycmFiYml0L3BlLTAyLTQwMC0wMDEuanBnP2ZpdGluPTcwMDo3MDA=,NjQwLjAwMDA=,,5a626Zu7ID4g44Kt44OD44OB44Oz5a626Zu7ID4g44Kt44OD44OB44Oz5a626Zu755So44Ki44Kv44K744K144Oq44O844O76YOo5ZOBID4g6Zu75rCX44Od44OD44OI44O76Zu75rCX44Kx44OI44Or55So44Ki44Kv44K744K144Oq44O8,44CQ5rC0562SIOOCouODq+ODn+ODnOODiOODq+OAkeODlOODvOOCv+ODvOODqeODk+ODg+ODiCDjgqLjg6vjg5/oo70g5pC65biv44Oc44OI44OrIDM1MG1s44CQ44Oe44KwL+ODnOODiOODqy/jg57jgrDjg5zjg4jjg6sv5L+d5Ya3L+OCreODo+ODqeOCr+OCv+ODvC/jgq3jg6Pjg6njgq/jgr/jg7zpm5Hosqgv44GL44KP44GE44GEL+OBiuOBl+OCg+OCjC/pgJrosqkv44Ko44KzL3F5L+ODleODg+OCr+S7mOOBjS/mlrDnlJ/mtLsv5YWl5a2mL+WFpeWcki/pgJrlraYv6YCa5YukL+ODl+ODrOOCvOODs+ODiC/otIjjgorniakv44Ku44OV44OIL+mjsuaWmeawtOOBruaQuuW4r+OBq+OAkeOAkOOBguOBmealveWvvuW/nOOAkQ==,,PHA+PGltZyBzcmM9Imh0dHA6Ly93d3cucmFrdXRlbi5uZS5qcC9nb2xkL2tva291a2kvYXN1MzIwLTYzMF9wYy11bmRlci5naWYiIHdpZHRoPSIzMjAiIGhlaWdodD0iMzUwIiBib3JkZXI9IjAiPjxicj4KPGJyPgo8aW1nIHNyYz0iaHR0cDovL3d3dy5yYWt1dGVuLm5lLmpwL2dvbGQva29rb3VraS9hc3VyYWt1LWNsXzMyMC0yMzAuZ2lmIiB3aWR0aD0iMzIwIiBoZWlnaHQ9IjIzMCIgYm9yZGVyPSIwIj48YnI+Cjxicj4KPGltZyBzcmM9Imh0dHA6Ly93d3cucmFrdXRlbi5uZS5qcC9nb2xkL2tva291a2kvc29ubmF0aWtpMzIwLTk1LnBuZyIgd2lkdGg9IjMyMCIgaGVpZ2h0PSI5NSIgYm9yZGVyPSIwIj48YnI+PGJyPgo8L3A+PGJyPjxwPjxpbWcgc3JjPSJodHRwOi8vaW1hZ2UucmFrdXRlbi5jby5qcC9rb2tvdWtpL2NhYmluZXQvMDE1MDY4MTIvd3JhcHAtMzA3LTY4X3JkMi5naWYiIHdpZHRoPSIzMDUiIGhlaWdodD0iNjYiIGJvcmRlcj0iMCI+PC9wPjxCUj48YnI+PGJyPgoK4peG44OV44K/44KS6ZaL44GR44Gm44GZ44GQ6aOy44KB44KL44CM44Oe44Kw44K/44Kk44OX44CN44Gu44Ki44Or44Of44Oc44OI44Or44Gn44GZ44CCPEJSPgril4bjg5Xjg4Pjgq/jgYzjgaTjgYTjgabjg5Djg4PjgrDjgavmjpvjgZHjgovjgZPjgajjgYzjgafjgY3jgb7jgZnjgII8QlI+CuKXhuODh+OCueOCr+ODr+ODvOOCr+OChOiqreabuOOBruOBiuS+m+OBq+acgOmBqeOBp+OBmeOAgjxCUj4KPEJSPgrjgJDllYblk4Hku5Xmp5jjgJE8QlI+CuKXj+WVhuWTgeWQjS/jg5Tjg7zjgr/jg7zjg6njg5Pjg4Pjg4jjgIDjgqLjg6vjg5/mkLrluK/jg5zjg4jjg6s8QlI+CuKXj+Wei+eVqi9QRS0yPGJyPgril4/jgqvjg6njg7wv44OU44Oz44Kv44O744Kw44Oq44O844OzPEJSPgril4/jgrXjgqTjgrov57SE55u05b6ENy4zw5fpq5jjgZUxN2NtPEJSPgril4/ph43ph48v57SEODBnPEJSPgril4/lrrnph48vMzUwbWw8QlI+CuKXj+adkOizqi/jgqLjg6vjg5/jg4vjgqbjg6Djg7vjg53jg6rjg5fjg63jg5Tjg6zjg7Pjg7vjgrfjg6rjgrPjg7PmqLnohILjg7vpiYTvvIjjgq/jg63jg7zjg6Djg6Hjg4Pjgq3vvIk8QlI+CuKXj+eUn+eUo+WbvS/kuK3lm70gPGJyPgoKPHRhYmxlIGJvcmRlcj0iMCIgd2lkdGg9IjQwMCI+PHRyPjx0ZD48L3RkPjwvdHI+PC90YWJsZT48ZGl2IGlkPSJoaWRhcmktb2JpIj4KCjxzdHlsZT4KI2hpZGFyaS1vYmkgewpwb3NpdGlvbjogYWJzb2x1dGU7CnRvcDo4MHB4OwpsZWZ0OjBweDsKYmFja2dyb3VuZDogdXJsKCJodHRwczovL2ltYWdlLnJha3V0ZW4uY28uanAva29rb3VraS9jYWJpbmV0LzAxNTA2ODEyL3JhbWVuMTAwLTUwMC5naWYiKSByZXBlYXQteSBsZWZ0IHRvcCA7Cn0KI2hpZGFyaS1vYmkgYSB7CmRpc3BsYXk6IGJsb2NrOwpoZWlnaHQ6NjI4MHB4Owp3aWR0aDogMTAwcHg7Cn0KPC9zdHlsZT4KCjwvZGl2Pg==,44CQ5rC0562SIOOCouODq+ODn+ODnOODiOODq+OAkeODlOODvOOCv+ODvOODqeODk+ODg+ODiCDjgqLjg6vjg5/oo70g5pC65biv44Oc44OI44OrIDM1MG1s44CQ44Oe44KwL+ODnOODiOODqy/jg57jgrDjg5zjg4jjg6sv5L+d5Ya3L+OCreODo+ODqeOCr+OCv+ODvC/jgq3jg6Pjg6njgq/jgr/jg7zpm5Hosqgv44GL44KP44GE44GEL+OBiuOBl+OCg+OCjC/pgJrosqkv44Ko44KzL3F5L+ODleODg+OCr+S7mOOBjS/mlrDnlJ/mtLsv5YWl5a2mL+WFpeWcki/pgJrlraYv6YCa5YukL+ODl+ODrOOCvOODs+ODiC/otIjjgorniakv44Ku44OV44OIL+mjsuaWmeawtOOBruaQuuW4r+OBq+OAkeOAkOOBguOBmealveWvvuW/nOOAke+8mumbkeiyqOWxi+OAgOOCs+OCs+OCpuOCrQ==,552A44GQ44KL44G/5Luu6KOF6KGj6KOF44Kz44K544OB44Ol44O844Og5pel5pys6KO944OT44Ki44K/44Oz44OW44Op44O844K544OG44Oz44Os44K544Oc44OI44Or44OB44K/44Oz6KO944K/44Oz44OW44Op44O844K/44Oz44OW44Op44O844OV44Op44Kk44OR44Oz5YyF5LiB5qWt5YuZ55So6Kq/55CG5Zmo5YW344K/44Kk44Og44Kr44OX44K744Or6LKv6YeR566x44Kz44O844OS44O844OJ44Oq44OD44OX44Od44OD44OI44OT44Ki44Kw44Op44K544OU44O844K/44O844Op44OT44OD44OI44Oq44Op44OD44Kv44Oe44GP44G+44Gu44GM44Gj44GT44GG44Kv44Oq44K544Oe44K544OX44Os44K844Oz44OI44OX44Os44K844Oz44OI44Ku44OV44OI6LSI44KK54mp44Kz44Oq44Op44OD44Kv44Oe6aOf5qW95bel5oi/44OV44Kp44Oz44OH44Ol6Jek5qyh6YOO44OH44Kj44K644OL44O844GN44GQ44KL44G/44Ki44Km44OI44Os44OD44OI6YCB5paZ54Sh5paZ44K444Oj44OD44Kt44O85pac6Lev44K344Oj44Os44Ks44Oz5Ly944Og44CQ5rC0562SIOOCouODq+ODn+ODnOODiOODq+OAkeODlOODvOOCv+ODvOODqeODk+ODg+ODiCDjgqLjg6vjg5/oo70g5pC65biv44Oc44OI44OrIDM1MG1s44CQ44Oe44KwL+ODnOODiOODqy/jg57jgrDjg5zjg4jjg6sv5L+d5Ya3L+OCreODo+ODqeOCr+OCv+ODvC/jgq3jg6Pjg6njgq/jgr/jg7zpm5Hosqgv44GL44KP44GE44GEL+OBiuOBl+OCg+OCjC/pgJrosqkv44Ko44KzL3F5L+ODleODg+OCr+S7mOOBjS/mlrDnlJ/mtLsv5YWl5a2mL+WFpeWcki/pgJrlraYv6YCa5YukL+ODl+ODrOOCvOODs+ODiC/otIjjgorniakv44Ku44OV44OIL+mjsuaWmeawtOOBruaQuuW4r+OBq+OAkeOAkOOBguOBmealveWvvuW/nOOAkQ==,44CQ5rC0562SIOOCouODq+ODn+ODnOODiOODq+OAkeODlOODvOOCv+ODvOODqeODk+ODg+ODiCDjgqLjg6vjg5/oo70g5pC65biv44Oc44OI44OrIDM1MG1s44CQ44Oe44KwL+ODnOODiOODqy/jg57jgrDjg5zjg4jjg6sv5L+d5Ya3L+OCreODo+ODqeOCr+OCv+ODvC/jgq3jg6Pjg6njgq/jgr/jg7zpm5Hosqgv44GL44KP44GE44GEL+OBiuOBl+OCg+OCjC/pgJrosqkv44Ko44KzL3F5L+ODleODg+OCr+S7mOOBjS/mlrDnlJ/mtLsv5YWl5a2mL+WFpeWcki/pgJrlraYv6YCa5YukL+ODl+ODrOOCvOODs+ODiC/otIjjgorniakv44Ku44OV44OIL+mjsuaWmeawtOOBruaQuuW4r+OBq+OAkeOAkOOBguOBmealveWvvuW/nOOAkQ==[rn]
29-48530,aHR0cDovL3RzaG9wLnIxMHMuanAvdGlnZXItb25saW5lL2NhYmluZXQvcHJ0LWExMHN4cy5qcGc/Zml0aW49NzAwOjcwMA==,MjI3MS4yMDAw,,5a626Zu7ID4g44Kt44OD44OB44Oz5a626Zu7ID4g44Kt44OD44OB44Oz5a626Zu755So44Ki44Kv44K744K144Oq44O844O76YOo5ZOBID4g6Zu75rCX44Od44OD44OI44O76Zu75rCX44Kx44OI44Or55So44Ki44Kv44K744K144Oq44O8,44CQ6YCB5paZ54Sh5paZ44CR44K/44Kk44Ks44O8IOODhuODvOODluODq+ODneODg+ODiCBQUlQtQTEwU1hTIOOCueODhuODs+ODrOOCuQ==,5LiI5aSr44Gn5riF5r2U44Gq44K544OG44Oz44Os44K544Oc44OH44Kj,4oC744Oh44O844Kr44O85biM5pyb5bCP5aOy5L6h5qC844Gv44Oh44O844Kr44O844K144Kk44OI44Gr5Z+644Gl44GE44Gm5o6y6LyJ44GX44Gm44GE44G+44GZ44CCIAo8YnI+Cgo8c3R5bGU+CjwhLS0gCi5jb2xvcl9hcmVhLC5pdGVtaW5mb19hcmVhLC5zcGVjX2FyZWF7CmZvbnQtZmFtaWx5OiLjg6HjgqTjg6rjgqoiLCAi44OS44Op44Ku44OO6KeS44K0IFBybyBXMyIsICJIaXJhZ2lubyBLYWt1IEdvdGhpYyBQcm8iLCBNZWlyeW8sIE9zYWthLCAi77yt77yzIO+8sOOCtOOCt+ODg+OCryIsICJNUyBQR290aGljIiwgc2Fucy1zZXJpZjsKfQoKLmNsZWFyewpjbGVhcjpib3RoOwpoZWlnaHQ6MHB4OwptYXJnaW46MDsKcGFkZGluZzowOwpsaW5lLWhlaWdodDowJTsKZm9udC1zaXplOjBweDsKfQpwewptYXJnaW46IDA7CnBhZGRpbmc6IDA7Cn0KLmNvbG9yX2FyZWF7CndpZHRoOiA3NzVweDsKbWFyZ2luLWJvdHRvbTogMjBweDsKfQouY29sb3JfYXJlYSAuY29sb3JfdGl0bGV7CndpZHRoOiA3NzVweDsKcGFkZGluZzogMnB4IDAgMDsKbWFyZ2luLWJvdHRvbTogMnB4Owpjb2xvcjogI0ZGRkZGRjsKYmFja2dyb3VuZDogI0ZGNTcyNTsKZGlzcGxheTogYmxvY2s7Cn0KLmNvbG9yX2FyZWEgLmNvbG9yX3RpdGxlIHB7CnBhZGRpbmctbGVmdDogN3B4Owpmb250LXNpemU6IDE2cHg7Cn0KLmNvbG9yX2FyZWEgaW1newpib3JkZXI6IG5vbmU7Cm1hcmdpbjogMDsKcGFkZGluZzogMDsKZGlzcGxheTogYmxvY2s7Cn0KLmNvbG9yX2FyZWEgYTpsaW5rLAouY29sb3JfYXJlYSBhOnZpc2l0ZWR7CmNvbG9yOiAjNjY2QTcyOwp9Ci5jb2xvcl9hcmVhIGE6aG92ZXIsCi5jb2xvcl9hcmVhIGE6YWN0aXZlewpjb2xvcjogI0ZGMkU1MzsKdGV4dC1kZWNvcmF0aW9uOiBub25lOwp9Ci5jb2xvcl9hcmVhIC5jb2xvcl9pbm5lcnsKd2lkdGg6IDE1MHB4OwptYXJnaW4tcmlnaHQ6IDVweDsKZmxvYXQ6IGxlZnQ7CmRpc3BsYXk6IGlubGluZTsKZm9udC1zaXplOiAxMnB4Owp0ZXh0LWFsaWduOiBjZW50ZXI7Cn0KLmNvbG9yX2FyZWEgLmxhc3RfY2hpbGR7Cm1hcmdpbi1yaWdodDogMDsKfQoKLml0ZW1pbmZvX2FyZWEgdGQsLml0ZW1pbmZvX2FyZWEgdGguc3BlY19hcmVhIHRkLC5zcGVjX2FyZWEgdGh7CmZvbnQtc2l6ZTogMTAwJTsKZm9udC13ZWlnaHQ6IG5vcm1hbDsKZm9udC1zdHlsZTogbm9ybWFsOwp0ZXh0LWFsaWduOiBsZWZ0Owp2ZXJ0aWNhbC1hbGlnbjp0b3A7Cn0KaXRlbWluZm9fYXJlYSB0YWJsZSwuc3BlY19hcmVhIHRhYmxlewpib3JkZXItY29sbGFwc2U6IGNvbGxhcHNlOwpib3JkZXItc3BhY2luZzogMDsKfQppdGVtaW5mb19hcmVhIGltZywuc3BlY19hcmVhIGltZ3sKbGluZS1oZWlnaHQ6IDA7CmJvcmRlcjogMDsKfQouaXRlbWluZm9fYXJlYXsKd2lkdGg6IDc3NXB4OwptYXJnaW4tYm90dG9tOiAzMHB4Owp9Ci5pdGVtaW5mb19hcmVhIHB7CmZvbnQtc2l6ZTogMTNweDsKfQouaXRlbWluZm9fYXJlYSAuaXRlbWluZm9fdGl0bGV7CndpZHRoOiA3NzVweDsKcGFkZGluZzogMnB4IDAgMDsKbWFyZ2luLWJvdHRvbTogMTBweDsKY29sb3I6ICNGRkZGRkY7CmJhY2tncm91bmQ6ICM3ODc4Nzg7Cn0KLml0ZW1pbmZvX2FyZWEgLml0ZW1pbmZvX3RpdGxlIHB7CnBhZGRpbmctbGVmdDogN3B4Owpmb250LXNpemU6IDE2cHg7Cn0KCi5zcGVjX2FyZWF7CndpZHRoOiA3NzVweDsKfQouc3BlY19hcmVhIC5zcGVjX3RpdGxlewp3aWR0aDogNzc1cHg7CnBhZGRpbmc6IDJweCAwIDA7Cm1hcmdpbi1ib3R0b206IDNweDsKY29sb3I6ICNGRkZGRkY7CmJhY2tncm91bmQ6ICNGOTAzMkM7CmRpc3BsYXk6IGJsb2NrOwp9Ci5zcGVjX2FyZWEgLnNwZWNfdGl0bGUgcHsKcGFkZGluZy1sZWZ0OiA3cHg7CmZvbnQtc2l6ZTogMTZweDsKfQouc3BlY19hcmVhIHRhYmxlewp3aWR0aDogNzc1cHg7Cm1hcmdpbi1ib3R0b206IDVweDsKfQouc3BlY19hcmVhIHRoewpib3JkZXItcmlnaHQ6ICNGRkZGRkYgMnB4IHNvbGlkOwpib3JkZXItYm90dG9tOiAjRkZGRkZGIDJweCBzb2xpZDsKd2lkdGg6IDI2MHB4Owpmb250LXNpemU6IDEzcHg7CmNvbG9yOiAjMjAyMDIwOwpsaW5lLWhlaWdodDogMS4zZW07CnBhZGRpbmc6IDVweCA3cHggM3B4OwpiYWNrZ3JvdW5kOiAjRjdERkUzOwp9Ci5zcGVjX2FyZWEgdGR7CmJvcmRlci1ib3R0b206ICNGRkZGRkYgMnB4IHNvbGlkOwpmb250LXNpemU6IDEzcHg7CmNvbG9yOiAjMjAyMDIwOwpsaW5lLWhlaWdodDogMS4zZW07CnBhZGRpbmc6IDVweCA3cHggM3B4OwpiYWNrZ3JvdW5kOiAjRUJFQkVCOwp9Ci5zcGVjX2FyZWEgcC5jb21tZW50X2FyZWF7CmZvbnQtc2l6ZTogMTFweDsKY29sb3I6ICNGQTAwMkQ7Cn0KLnNwZWNfYXJlYSB0aCBzcGFuLC5zcGVjX2FyZWEgdGQgc3BhbnsKZm9udC1zaXplOiAxMHB4Owpjb2xvcjogI0ZBMDAyRDsKfQouc3BlY19hcmVhIHNwYW4uYXN0ZXsKZm9udC1zaXplOiAxMnB4Owpjb2xvcjogI0ZBMDAyRDsKfQotLT4gIAo8L3N0eWxlPgo8ZGl2IGNsYXNzPSJpdGVtaW5mb19hcmVhIj4KPGRpdiBjbGFzcz0iaXRlbWluZm9fdGl0bGUiPgo8cD7llYblk4HoqqzmmI48L3A+CjwvZGl2Pgo8ZGl2Pgo8cD48cCBzdHlsZT0ibWFyZ2luOjA7Ij7jgrPjg7zjg5Ljg7zjg4njg6rjg4Pjg5Hjg7zjgYzkvb/jgYjjgovkvr/liKnkvb/nlKjjgILjg5zjg4fjgqPjga/kuIjlpKvjgafmuIXmvZTjgarjgrnjg4bjg7Pjg6zjgrnoo73jgafjgZnjgII8YnI+PGJyPjwvcD48L3A+CjwvZGl2Pgo8L2Rpdj4KCjxkaXYgaWQ9ImtldHRsZSIgY2xhc3M9InNwZWNfYXJlYSI+CjxkaXYgY2xhc3M9InNwZWNfdGl0bGUiPgo8cD7mqZ/og73poIXnm648L3A+CjwvZGl2Pgo8dGFibGUgY2VsbHBhZGRpbmc9IjAiIGNlbGxzcGFjaW5nPSIwIj4KPHRyPgo8dGg+5qmf56iu5ZCNPC90aD4KPHRkPlBSVC1BMTBTWFM8L3RkPgo8L3RyPgo8dHI+Cjx0aD7oibLmn4Q8L3RoPgo8dGQ+77yIWFPvvInjgrnjg4bjg7Pjg6zjgrk8L3RkPgo8L3RyPgo8dHI+Cjx0aD7mnKzkvZPjgrXjgqTjgrrvvIjntITvvInvvIjluYXDl+WlpeihjOOBjcOX6auY44GV77yJPC90aD4KPHRkPjE0LjXDlzE5LjnDlzI1LjljbTwvdGQ+CjwvdHI+Cjx0cj4KPHRoPuacrOS9k+izqumHj++8iOe0hO+8iTwvdGg+Cjx0ZD4wLjlrZzwvdGQ+CjwvdHI+Cjx0cj4KPHRoPuWuuemHjzwvdGg+Cjx0ZD4xLjAyTDwvdGQ+CjwvdHI+Cjx0cj4KPHRoPuS/nea4qeWKueWKmzxzcGFuIHN0eWxlPSJmb250LXNpemU6MTBweDsgY29sb3I6I0ZBMDAyRDsiPu+8iOKAuzHvvIk8L3NwYW4+PC90aD4KPHRkPjEw5pmC6ZaT77yaNjbluqbku6XkuIo8YnI+CjI05pmC6ZaT77yaNTDluqbku6XkuIo8L3RkPgo8L3RyPgo8L3RhYmxlPgoKPHAgY2xhc3M9ImNvbW1lbnRfYXJlYSI+4oC7MSDkv53muKnlirnlipvjgajjga/jgIHlrqTmuKkyMOW6psKxMuW6puOBq+OBiuOBhOOBpuijveWTgeOBq+eGsea5r+OCkua6gOOBn+OBl+OAgea5r+a4qeOBjDk15bqmwrEx5bqm44Gu5pmC44GL44KJMjTmmYLplpPlj4rjgbMxMOaZgumWk+aUvue9ruOBl+OBn+WgtOWQiOOBq+OBiuOBkeOCi+OBneOBrua5r+OBrua4qeW6puOBp+OBmeOAgjwvcD4KPC9kaXY+,44CQ6YCB5paZ54Sh5paZ44CR44K/44Kk44Ks44O8IOODhuODvOODluODq+ODneODg+ODiCBQUlQtQTEwU1hTIOOCueODhuODs+ODrOOCue+8muOCv+OCpOOCrOODvOmtlOazleeTtiDmpb3lpKnluILloLTlupc=,44CQ6YCB5paZ54Sh5paZ44CR44K/44Kk44Ks44O8IOODhuODvOODluODq+ODneODg+ODiCBQUlQtQTEwU1hTIOOCueODhuODs+ODrOOCuQ==,5LiI5aSr44Gn5riF5r2U44Gq44K544OG44Oz44Os44K544Oc44OH44Kj44CC44CQ6YCB5paZ54Sh5paZ44CR44K/44Kk44Ks44O8IOODhuODvOODluODq+ODneODg+ODiCBQUlQtQTEwU1hTIOOCueODhuODs+ODrOOCuQ==[rn]
29-48531,aHR0cDovL3RzaG9wLnIxMHMuanAvdGlnZXItb25saW5lL2NhYmluZXQvcHJ0LWExOXN4cy5qcGc/Zml0aW49NzAwOjcwMA==,MzU4MS42MDAw,,5a626Zu7ID4g44Kt44OD44OB44Oz5a626Zu7ID4g44Kt44OD44OB44Oz5a626Zu755So44Ki44Kv44K744K144Oq44O844O76YOo5ZOBID4g6Zu75rCX44Od44OD44OI44O76Zu75rCX44Kx44OI44Or55So44Ki44Kv44K744K144Oq44O8,44CQ6YCB5paZ54Sh5paZ44CR44K/44Kk44Ks44O8IOODhuODvOODluODq+ODneODg+ODiCBQUlQtQTE5U1hTIOOCueODhuODs+ODrOOCuQ==,5LiI5aSr44Gn5riF5r2U44Gq44K544OG44Oz44Os44K544Oc44OH44Kj,4oC744Oh44O844Kr44O85biM5pyb5bCP5aOy5L6h5qC844Gv44Oh44O844Kr44O844K144Kk44OI44Gr5Z+644Gl44GE44Gm5o6y6LyJ44GX44Gm44GE44G+44GZ44CCIAo8YnI+CgoKPHN0eWxlPgo8IS0tIAouY29sb3JfYXJlYSwuaXRlbWluZm9fYXJlYSwuc3BlY19hcmVhewpmb250LWZhbWlseToi44Oh44Kk44Oq44KqIiwgIuODkuODqeOCruODjuinkuOCtCBQcm8gVzMiLCAiSGlyYWdpbm8gS2FrdSBHb3RoaWMgUHJvIiwgTWVpcnlvLCBPc2FrYSwgIu+8re+8syDvvLDjgrTjgrfjg4Pjgq8iLCAiTVMgUEdvdGhpYyIsIHNhbnMtc2VyaWY7Cn0KCi5jbGVhcnsKY2xlYXI6Ym90aDsKaGVpZ2h0OjBweDsKbWFyZ2luOjA7CnBhZGRpbmc6MDsKbGluZS1oZWlnaHQ6MCU7CmZvbnQtc2l6ZTowcHg7Cn0KcHsKbWFyZ2luOiAwOwpwYWRkaW5nOiAwOwp9Ci5jb2xvcl9hcmVhewp3aWR0aDogNzc1cHg7Cm1hcmdpbi1ib3R0b206IDIwcHg7Cn0KLmNvbG9yX2FyZWEgLmNvbG9yX3RpdGxlewp3aWR0aDogNzc1cHg7CnBhZGRpbmc6IDJweCAwIDA7Cm1hcmdpbi1ib3R0b206IDJweDsKY29sb3I6ICNGRkZGRkY7CmJhY2tncm91bmQ6ICNGRjU3MjU7CmRpc3BsYXk6IGJsb2NrOwp9Ci5jb2xvcl9hcmVhIC5jb2xvcl90aXRsZSBwewpwYWRkaW5nLWxlZnQ6IDdweDsKZm9udC1zaXplOiAxNnB4Owp9Ci5jb2xvcl9hcmVhIGltZ3sKYm9yZGVyOiBub25lOwptYXJnaW46IDA7CnBhZGRpbmc6IDA7CmRpc3BsYXk6IGJsb2NrOwp9Ci5jb2xvcl9hcmVhIGE6bGluaywKLmNvbG9yX2FyZWEgYTp2aXNpdGVkewpjb2xvcjogIzY2NkE3MjsKfQouY29sb3JfYXJlYSBhOmhvdmVyLAouY29sb3JfYXJlYSBhOmFjdGl2ZXsKY29sb3I6ICNGRjJFNTM7CnRleHQtZGVjb3JhdGlvbjogbm9uZTsKfQouY29sb3JfYXJlYSAuY29sb3JfaW5uZXJ7CndpZHRoOiAxNTBweDsKbWFyZ2luLXJpZ2h0OiA1cHg7CmZsb2F0OiBsZWZ0OwpkaXNwbGF5OiBpbmxpbmU7CmZvbnQtc2l6ZTogMTJweDsKdGV4dC1hbGlnbjogY2VudGVyOwp9Ci5jb2xvcl9hcmVhIC5sYXN0X2NoaWxkewptYXJnaW4tcmlnaHQ6IDA7Cn0KCi5pdGVtaW5mb19hcmVhIHRkLC5pdGVtaW5mb19hcmVhIHRoLnNwZWNfYXJlYSB0ZCwuc3BlY19hcmVhIHRoewpmb250LXNpemU6IDEwMCU7CmZvbnQtd2VpZ2h0OiBub3JtYWw7CmZvbnQtc3R5bGU6IG5vcm1hbDsKdGV4dC1hbGlnbjogbGVmdDsKdmVydGljYWwtYWxpZ246dG9wOwp9Cml0ZW1pbmZvX2FyZWEgdGFibGUsLnNwZWNfYXJlYSB0YWJsZXsKYm9yZGVyLWNvbGxhcHNlOiBjb2xsYXBzZTsKYm9yZGVyLXNwYWNpbmc6IDA7Cn0KaXRlbWluZm9fYXJlYSBpbWcsLnNwZWNfYXJlYSBpbWd7CmxpbmUtaGVpZ2h0OiAwOwpib3JkZXI6IDA7Cn0KLml0ZW1pbmZvX2FyZWF7CndpZHRoOiA3NzVweDsKbWFyZ2luLWJvdHRvbTogMzBweDsKfQouaXRlbWluZm9fYXJlYSBwewpmb250LXNpemU6IDEzcHg7Cn0KLml0ZW1pbmZvX2FyZWEgLml0ZW1pbmZvX3RpdGxlewp3aWR0aDogNzc1cHg7CnBhZGRpbmc6IDJweCAwIDA7Cm1hcmdpbi1ib3R0b206IDEwcHg7CmNvbG9yOiAjRkZGRkZGOwpiYWNrZ3JvdW5kOiAjNzg3ODc4Owp9Ci5pdGVtaW5mb19hcmVhIC5pdGVtaW5mb190aXRsZSBwewpwYWRkaW5nLWxlZnQ6IDdweDsKZm9udC1zaXplOiAxNnB4Owp9Cgouc3BlY19hcmVhewp3aWR0aDogNzc1cHg7Cn0KLnNwZWNfYXJlYSAuc3BlY190aXRsZXsKd2lkdGg6IDc3NXB4OwpwYWRkaW5nOiAycHggMCAwOwptYXJnaW4tYm90dG9tOiAzcHg7CmNvbG9yOiAjRkZGRkZGOwpiYWNrZ3JvdW5kOiAjRjkwMzJDOwpkaXNwbGF5OiBibG9jazsKfQouc3BlY19hcmVhIC5zcGVjX3RpdGxlIHB7CnBhZGRpbmctbGVmdDogN3B4Owpmb250LXNpemU6IDE2cHg7Cn0KLnNwZWNfYXJlYSB0YWJsZXsKd2lkdGg6IDc3NXB4OwptYXJnaW4tYm90dG9tOiA1cHg7Cn0KLnNwZWNfYXJlYSB0aHsKYm9yZGVyLXJpZ2h0OiAjRkZGRkZGIDJweCBzb2xpZDsKYm9yZGVyLWJvdHRvbTogI0ZGRkZGRiAycHggc29saWQ7CndpZHRoOiAyNjBweDsKZm9udC1zaXplOiAxM3B4Owpjb2xvcjogIzIwMjAyMDsKbGluZS1oZWlnaHQ6IDEuM2VtOwpwYWRkaW5nOiA1cHggN3B4IDNweDsKYmFja2dyb3VuZDogI0Y3REZFMzsKfQouc3BlY19hcmVhIHRkewpib3JkZXItYm90dG9tOiAjRkZGRkZGIDJweCBzb2xpZDsKZm9udC1zaXplOiAxM3B4Owpjb2xvcjogIzIwMjAyMDsKbGluZS1oZWlnaHQ6IDEuM2VtOwpwYWRkaW5nOiA1cHggN3B4IDNweDsKYmFja2dyb3VuZDogI0VCRUJFQjsKfQouc3BlY19hcmVhIHAuY29tbWVudF9hcmVhewpmb250LXNpemU6IDExcHg7CmNvbG9yOiAjRkEwMDJEOwp9Ci5zcGVjX2FyZWEgdGggc3Bhbiwuc3BlY19hcmVhIHRkIHNwYW57CmZvbnQtc2l6ZTogMTBweDsKY29sb3I6ICNGQTAwMkQ7Cn0KLnNwZWNfYXJlYSBzcGFuLmFzdGV7CmZvbnQtc2l6ZTogMTJweDsKY29sb3I6ICNGQTAwMkQ7Cn0KLS0+ICAKPC9zdHlsZT4KPGRpdiBjbGFzcz0iaXRlbWluZm9fYXJlYSI+CjxkaXYgY2xhc3M9Iml0ZW1pbmZvX3RpdGxlIj4KPHA+5ZWG5ZOB6Kqs5piOPC9wPgo8L2Rpdj4KPGRpdj4KPHA+PHAgc3R5bGU9Im1hcmdpbjowOyI+44Kz44O844OS44O844OJ44Oq44OD44OR44O844GM5L2/44GI44KL5L6/5Yip5L2/55So44CC44Oc44OH44Kj44Gv5LiI5aSr44Gn5riF5r2U44Gq44K544OG44Oz44Os44K56KO944Gn44GZ44CCPGJyPjxicj48L3A+PC9wPgo8L2Rpdj4KPC9kaXY+Cgo8ZGl2IGlkPSJrZXR0bGUiIGNsYXNzPSJzcGVjX2FyZWEiPgo8ZGl2IGNsYXNzPSJzcGVjX3RpdGxlIj4KPHA+5qmf6IO96aCF55uuPC9wPgo8L2Rpdj4KPHRhYmxlIGNlbGxwYWRkaW5nPSIwIiBjZWxsc3BhY2luZz0iMCI+Cjx0cj4KPHRoPuapn+eoruWQjTwvdGg+Cjx0ZD5QUlQtQTE5U1hTPC90ZD4KPC90cj4KPHRyPgo8dGg+6Imy5p+EPC90aD4KPHRkPu+8iFhT77yJ44K544OG44Oz44Os44K5PC90ZD4KPC90cj4KPHRyPgo8dGg+5pys5L2T44K144Kk44K677yI57SE77yJ77yI5bmFw5flpaXooYzjgY3Dl+mrmOOBle+8iTwvdGg+Cjx0ZD4xNC41w5cxOS45w5czMy44Y208L3RkPgo8L3RyPgo8dHI+Cjx0aD7mnKzkvZPos6rph4/vvIjntITvvIk8L3RoPgo8dGQ+MS4ya2c8L3RkPgo8L3RyPgo8dHI+Cjx0aD7lrrnph488L3RoPgo8dGQ+MS44OEw8L3RkPgo8L3RyPgo8dHI+Cjx0aD7kv53muKnlirnlips8c3BhbiBzdHlsZT0iZm9udC1zaXplOjEwcHg7IGNvbG9yOiNGQTAwMkQ7Ij7vvIjigLsx77yJPC9zcGFuPjwvdGg+Cjx0ZD4xMOaZgumWk++8mjc05bqm5Lul5LiKPGJyPgoyNOaZgumWk++8mjYx5bqm5Lul5LiKPC90ZD4KPC90cj4KPC90YWJsZT4KCjxwIGNsYXNzPSJjb21tZW50X2FyZWEiPuKAuzEg5L+d5rip5Yq55Yqb44Go44Gv44CB5a6k5ripMjDluqbCsTLluqbjgavjgYrjgYTjgaboo73lk4HjgavnhrHmua/jgpLmuoDjgZ/jgZfjgIHmua/muKnjgYw5NeW6psKxMeW6puOBruaZguOBi+OCiTI05pmC6ZaT5Y+K44GzMTDmmYLplpPmlL7nva7jgZfjgZ/loLTlkIjjgavjgYrjgZHjgovjgZ3jga7mua/jga7muKnluqbjgafjgZnjgII8L3A+CjwvZGl2Pg==,44CQ6YCB5paZ54Sh5paZ44CR44K/44Kk44Ks44O8IOODhuODvOODluODq+ODneODg+ODiCBQUlQtQTE5U1hTIOOCueODhuODs+ODrOOCue+8muOCv+OCpOOCrOODvOmtlOazleeTtiDmpb3lpKnluILloLTlupc=,44CQ6YCB5paZ54Sh5paZ44CR44K/44Kk44Ks44O8IOODhuODvOODluODq+ODneODg+ODiCBQUlQtQTE5U1hTIOOCueODhuODs+ODrOOCuQ==,5LiI5aSr44Gn5riF5r2U44Gq44K544OG44Oz44Os44K544Oc44OH44Kj44CC44CQ6YCB5paZ54Sh5paZ44CR44K/44Kk44Ks44O8IOODhuODvOODluODq+ODneODg+ODiCBQUlQtQTE5U1hTIOOCueODhuODs+ODrOOCuQ==[rn]
29-48532,aHR0cDovL3RzaG9wLnIxMHMuanAvdGlnZXItb25saW5lL2NhYmluZXQvcHJqLTAxMHB4cy5qcGc/Zml0aW49NzAwOjcwMA==,MjI3MS4yMDAw,,5a626Zu7ID4g44Kt44OD44OB44Oz5a626Zu7ID4g44Kt44OD44OB44Oz5a626Zu755So44Ki44Kv44K744K144Oq44O844O76YOo5ZOBID4g6Zu75rCX44Od44OD44OI44O76Zu75rCX44Kx44OI44Or55So44Ki44Kv44K744K144Oq44O8,44CQ6YCB5paZ54Sh5paZ44CR44K/44Kk44Ks44O8IOODhuODvOODluODq+ODneODg+ODiCBQUkotMDEwUFhTIOOCueODhuODs+ODrOOCuQ==,5LiI5aSr44Gn5riF5r2U44Gq44K544OG44Oz44Os44K544Oc44OH44Kj,4oC744Oh44O844Kr44O85biM5pyb5bCP5aOy5L6h5qC844Gv44Oh44O844Kr44O844K144Kk44OI44Gr5Z+644Gl44GE44Gm5o6y6LyJ44GX44Gm44GE44G+44GZ44CCCgoKPHN0eWxlPgo8IS0tIAouY29sb3JfYXJlYSwuaXRlbWluZm9fYXJlYSwuc3BlY19hcmVhewpmb250LWZhbWlseToi44Oh44Kk44Oq44KqIiwgIuODkuODqeOCruODjuinkuOCtCBQcm8gVzMiLCAiSGlyYWdpbm8gS2FrdSBHb3RoaWMgUHJvIiwgTWVpcnlvLCBPc2FrYSwgIu+8re+8syDvvLDjgrTjgrfjg4Pjgq8iLCAiTVMgUEdvdGhpYyIsIHNhbnMtc2VyaWY7Cn0KCi5jbGVhcnsKY2xlYXI6Ym90aDsKaGVpZ2h0OjBweDsKbWFyZ2luOjA7CnBhZGRpbmc6MDsKbGluZS1oZWlnaHQ6MCU7CmZvbnQtc2l6ZTowcHg7Cn0KcHsKbWFyZ2luOiAwOwpwYWRkaW5nOiAwOwp9Ci5jb2xvcl9hcmVhewp3aWR0aDogNzc1cHg7Cm1hcmdpbi1ib3R0b206IDIwcHg7Cn0KLmNvbG9yX2FyZWEgLmNvbG9yX3RpdGxlewp3aWR0aDogNzc1cHg7CnBhZGRpbmc6IDJweCAwIDA7Cm1hcmdpbi1ib3R0b206IDJweDsKY29sb3I6ICNGRkZGRkY7CmJhY2tncm91bmQ6ICNGRjU3MjU7CmRpc3BsYXk6IGJsb2NrOwp9Ci5jb2xvcl9hcmVhIC5jb2xvcl90aXRsZSBwewpwYWRkaW5nLWxlZnQ6IDdweDsKZm9udC1zaXplOiAxNnB4Owp9Ci5jb2xvcl9hcmVhIGltZ3sKYm9yZGVyOiBub25lOwptYXJnaW46IDA7CnBhZGRpbmc6IDA7CmRpc3BsYXk6IGJsb2NrOwp9Ci5jb2xvcl9hcmVhIGE6bGluaywKLmNvbG9yX2FyZWEgYTp2aXNpdGVkewpjb2xvcjogIzY2NkE3MjsKfQouY29sb3JfYXJlYSBhOmhvdmVyLAouY29sb3JfYXJlYSBhOmFjdGl2ZXsKY29sb3I6ICNGRjJFNTM7CnRleHQtZGVjb3JhdGlvbjogbm9uZTsKfQouY29sb3JfYXJlYSAuY29sb3JfaW5uZXJ7CndpZHRoOiAxNTBweDsKbWFyZ2luLXJpZ2h0OiA1cHg7CmZsb2F0OiBsZWZ0OwpkaXNwbGF5OiBpbmxpbmU7CmZvbnQtc2l6ZTogMTJweDsKdGV4dC1hbGlnbjogY2VudGVyOwp9Ci5jb2xvcl9hcmVhIC5sYXN0X2NoaWxkewptYXJnaW4tcmlnaHQ6IDA7Cn0KCi5pdGVtaW5mb19hcmVhIHRkLC5pdGVtaW5mb19hcmVhIHRoLnNwZWNfYXJlYSB0ZCwuc3BlY19hcmVhIHRoewpmb250LXNpemU6IDEwMCU7CmZvbnQtd2VpZ2h0OiBub3JtYWw7CmZvbnQtc3R5bGU6IG5vcm1hbDsKdGV4dC1hbGlnbjogbGVmdDsKdmVydGljYWwtYWxpZ246dG9wOwp9Cml0ZW1pbmZvX2FyZWEgdGFibGUsLnNwZWNfYXJlYSB0YWJsZXsKYm9yZGVyLWNvbGxhcHNlOiBjb2xsYXBzZTsKYm9yZGVyLXNwYWNpbmc6IDA7Cn0KaXRlbWluZm9fYXJlYSBpbWcsLnNwZWNfYXJlYSBpbWd7CmxpbmUtaGVpZ2h0OiAwOwpib3JkZXI6IDA7Cn0KLml0ZW1pbmZvX2FyZWF7CndpZHRoOiA3NzVweDsKbWFyZ2luLWJvdHRvbTogMzBweDsKfQouaXRlbWluZm9fYXJlYSBwewpmb250LXNpemU6IDEzcHg7Cn0KLml0ZW1pbmZvX2FyZWEgLml0ZW1pbmZvX3RpdGxlewp3aWR0aDogNzc1cHg7CnBhZGRpbmc6IDJweCAwIDA7Cm1hcmdpbi1ib3R0b206IDEwcHg7CmNvbG9yOiAjRkZGRkZGOwpiYWNrZ3JvdW5kOiAjNzg3ODc4Owp9Ci5pdGVtaW5mb19hcmVhIC5pdGVtaW5mb190aXRsZSBwewpwYWRkaW5nLWxlZnQ6IDdweDsKZm9udC1zaXplOiAxNnB4Owp9Cgouc3BlY19hcmVhewp3aWR0aDogNzc1cHg7Cn0KLnNwZWNfYXJlYSAuc3BlY190aXRsZXsKd2lkdGg6IDc3NXB4OwpwYWRkaW5nOiAycHggMCAwOwptYXJnaW4tYm90dG9tOiAzcHg7CmNvbG9yOiAjRkZGRkZGOwpiYWNrZ3JvdW5kOiAjRjkwMzJDOwpkaXNwbGF5OiBibG9jazsKfQouc3BlY19hcmVhIC5zcGVjX3RpdGxlIHB7CnBhZGRpbmctbGVmdDogN3B4Owpmb250LXNpemU6IDE2cHg7Cn0KLnNwZWNfYXJlYSB0YWJsZXsKd2lkdGg6IDc3NXB4OwptYXJnaW4tYm90dG9tOiA1cHg7Cn0KLnNwZWNfYXJlYSB0aHsKYm9yZGVyLXJpZ2h0OiAjRkZGRkZGIDJweCBzb2xpZDsKYm9yZGVyLWJvdHRvbTogI0ZGRkZGRiAycHggc29saWQ7CndpZHRoOiAyNjBweDsKZm9udC1zaXplOiAxM3B4Owpjb2xvcjogIzIwMjAyMDsKbGluZS1oZWlnaHQ6IDEuM2VtOwpwYWRkaW5nOiA1cHggN3B4IDNweDsKYmFja2dyb3VuZDogI0Y3REZFMzsKfQouc3BlY19hcmVhIHRkewpib3JkZXItYm90dG9tOiAjRkZGRkZGIDJweCBzb2xpZDsKZm9udC1zaXplOiAxM3B4Owpjb2xvcjogIzIwMjAyMDsKbGluZS1oZWlnaHQ6IDEuM2VtOwpwYWRkaW5nOiA1cHggN3B4IDNweDsKYmFja2dyb3VuZDogI0VCRUJFQjsKfQouc3BlY19hcmVhIHAuY29tbWVudF9hcmVhewpmb250LXNpemU6IDExcHg7CmNvbG9yOiAjRkEwMDJEOwp9Ci5zcGVjX2FyZWEgdGggc3Bhbiwuc3BlY19hcmVhIHRkIHNwYW57CmZvbnQtc2l6ZTogMTBweDsKY29sb3I6ICNGQTAwMkQ7Cn0KLnNwZWNfYXJlYSBzcGFuLmFzdGV7CmZvbnQtc2l6ZTogMTJweDsKY29sb3I6ICNGQTAwMkQ7Cn0KLS0+ICAKPC9zdHlsZT4KPGRpdiBjbGFzcz0iaXRlbWluZm9fYXJlYSI+CjxkaXYgY2xhc3M9Iml0ZW1pbmZvX3RpdGxlIj4KPHA+5ZWG5ZOB6Kqs5piOPC9wPgo8L2Rpdj4KPGRpdj4KPHA+PHAgc3R5bGU9Im1hcmdpbjowOyI+5pys5L2T44Gv5LiI5aSr44Gn5riF5r2U44Gq44K544OG44Oz44Os44K56KO944Oc44OH44Kj44CC5Lit44Gb44KT44KS5Zue44GX44Gm6ZaL6ZaJ44GZ44KL44K544Kv44Oq44Ol44O844Gb44KT44K/44Kk44OX44CCPGJyPjxicj48L3A+PC9wPgo8L2Rpdj4KPC9kaXY+Cgo8ZGl2IGlkPSJrZXR0bGUiIGNsYXNzPSJzcGVjX2FyZWEiPgo8ZGl2IGNsYXNzPSJzcGVjX3RpdGxlIj4KPHA+5qmf6IO96aCF55uuPC9wPgo8L2Rpdj4KPHRhYmxlIGNlbGxwYWRkaW5nPSIwIiBjZWxsc3BhY2luZz0iMCI+Cjx0cj4KPHRoPuapn+eoruWQjTwvdGg+Cjx0ZD5QUkotMDEwUFhTPC90ZD4KPC90cj4KPHRyPgo8dGg+6Imy5p+EPC90aD4KPHRkPu+8iFhT77yJ44K544OG44Oz44Os44K5PC90ZD4KPC90cj4KPHRyPgo8dGg+5pys5L2T44K144Kk44K677yI57SE77yJ77yI5bmFw5flpaXooYzjgY3Dl+mrmOOBle+8iTwvdGg+Cjx0ZD4xMi45w5cxNy44w5cyNi4zY208L3RkPgo8L3RyPgo8dHI+Cjx0aD7mnKzkvZPos6rph4/vvIjntITvvIk8L3RoPgo8dGQ+MC44MmtnPC90ZD4KPC90cj4KPHRyPgo8dGg+5a656YePPC90aD4KPHRkPjAuOTlMPC90ZD4KPC90cj4KPHRyPgo8dGg+5L+d5rip5Yq55YqbPHNwYW4gc3R5bGU9ImZvbnQtc2l6ZToxMHB4OyBjb2xvcjojRkEwMDJEOyI+77yI4oC7Me+8iTwvc3Bhbj48L3RoPgo8dGQ+MTDmmYLplpPvvJo2NuW6puS7peS4ijxicj4KMjTmmYLplpPvvJo1MeW6puS7peS4ijwvdGQ+CjwvdHI+Cjx0cj4KPHRoPuS/neWGt+WKueWKmzxzcGFuIHN0eWxlPSJmb250LXNpemU6MTBweDsgY29sb3I6I0ZBMDAyRDsiPu+8iOKAuzLvvIk8L3NwYW4+PC90aD4KPHRkPjEw5pmC6ZaT77yaOOW6puS7peS4izwvdGQ+CjwvdHI+CjwvdGFibGU+Cgo8cCBjbGFzcz0iY29tbWVudF9hcmVhIj7igLsxIOS/nea4qeWKueWKm+OBqOOBr+OAgeWupOa4qTIw5bqmwrEy5bqm44Gr44GK44GE44Gm6KO95ZOB44Gr54ax5rmv44KS5rqA44Gf44GX44CB5rmv5rip44GMOTXluqbCsTHluqbjga7mmYLjgYvjgokyNOaZgumWk+WPiuOBszEw5pmC6ZaT5pS+572u44GX44Gf5aC05ZCI44Gr44GK44GR44KL44Gd44Gu5rmv44Gu5rip5bqm44Gn44GZ44CCPC9wPgo8cCBjbGFzcz0iY29tbWVudF9hcmVhIj7igLsyIOS/neWGt+WKueWKm+OBqOOBr+OAgeWupOa4qTIw5bqmwrEy5bqm44Gr44GK44GE44Gm6KO95ZOB44Gr5Ya35rC044KS5rqA44Gf44GX44CB5rC05rip44GMNOW6psKxMeW6puOBruaZguOBi+OCiTEw5pmC6ZaT5pS+572u44GX44Gf5aC05ZCI44Gr44GK44GR44KL44Gd44Gu5rC044Gu5rip5bqm44Gn44GZ44CCPC9wPgo8L2Rpdj4=,44CQ6YCB5paZ54Sh5paZ44CR44K/44Kk44Ks44O8IOODhuODvOODluODq+ODneODg+ODiCBQUkotMDEwUFhTIOOCueODhuODs+ODrOOCue+8muOCv+OCpOOCrOODvOmtlOazleeTtiDmpb3lpKnluILloLTlupc=,44CQ6YCB5paZ54Sh5paZ44CR44K/44Kk44Ks44O8IOODhuODvOODluODq+ODneODg+ODiCBQUkotMDEwUFhTIOOCueODhuODs+ODrOOCuQ==,5LiI5aSr44Gn5riF5r2U44Gq44K544OG44Oz44Os44K544Oc44OH44Kj44CC44CQ6YCB5paZ54Sh5paZ44CR44K/44Kk44Ks44O8IOODhuODvOODluODq+ODneODg+ODiCBQUkotMDEwUFhTIOOCueODhuODs+ODrOOCuQ==[rn]
29-48533,aHR0cDovL3RzaG9wLnIxMHMuanAvdGlnZXItb25saW5lL2NhYmluZXQvcHJqLTAxOXB4cy5qcGc/Zml0aW49NzAwOjcwMA==,MzU4MS42MDAw,,5a626Zu7ID4g44Kt44OD44OB44Oz5a626Zu7ID4g44Kt44OD44OB44Oz5a626Zu755So44Ki44Kv44K744K144Oq44O844O76YOo5ZOBID4g6Zu75rCX44Od44OD44OI44O76Zu75rCX44Kx44OI44Or55So44Ki44Kv44K744K144Oq44O8,44CQ6YCB5paZ54Sh5paZ44CR44K/44Kk44Ks44O8IOODhuODvOODluODq+ODneODg+ODiCBQUkotMDE5UFhTIOOCueODhuODs+ODrOOCuQ==,5LiI5aSr44Gn5riF5r2U44Gq44K544OG44Oz44Os44K544Oc44OH44Kj,4oC744Oh44O844Kr44O85biM5pyb5bCP5aOy5L6h5qC844Gv44Oh44O844Kr44O844K144Kk44OI44Gr5Z+644Gl44GE44Gm5o6y6LyJ44GX44Gm44GE44G+44GZ44CCCgoKPHN0eWxlPgo8IS0tIAouY29sb3JfYXJlYSwuaXRlbWluZm9fYXJlYSwuc3BlY19hcmVhewpmb250LWZhbWlseToi44Oh44Kk44Oq44KqIiwgIuODkuODqeOCruODjuinkuOCtCBQcm8gVzMiLCAiSGlyYWdpbm8gS2FrdSBHb3RoaWMgUHJvIiwgTWVpcnlvLCBPc2FrYSwgIu+8re+8syDvvLDjgrTjgrfjg4Pjgq8iLCAiTVMgUEdvdGhpYyIsIHNhbnMtc2VyaWY7Cn0KCi5jbGVhcnsKY2xlYXI6Ym90aDsKaGVpZ2h0OjBweDsKbWFyZ2luOjA7CnBhZGRpbmc6MDsKbGluZS1oZWlnaHQ6MCU7CmZvbnQtc2l6ZTowcHg7Cn0KcHsKbWFyZ2luOiAwOwpwYWRkaW5nOiAwOwp9Ci5jb2xvcl9hcmVhewp3aWR0aDogNzc1cHg7Cm1hcmdpbi1ib3R0b206IDIwcHg7Cn0KLmNvbG9yX2FyZWEgLmNvbG9yX3RpdGxlewp3aWR0aDogNzc1cHg7CnBhZGRpbmc6IDJweCAwIDA7Cm1hcmdpbi1ib3R0b206IDJweDsKY29sb3I6ICNGRkZGRkY7CmJhY2tncm91bmQ6ICNGRjU3MjU7CmRpc3BsYXk6IGJsb2NrOwp9Ci5jb2xvcl9hcmVhIC5jb2xvcl90aXRsZSBwewpwYWRkaW5nLWxlZnQ6IDdweDsKZm9udC1zaXplOiAxNnB4Owp9Ci5jb2xvcl9hcmVhIGltZ3sKYm9yZGVyOiBub25lOwptYXJnaW46IDA7CnBhZGRpbmc6IDA7CmRpc3BsYXk6IGJsb2NrOwp9Ci5jb2xvcl9hcmVhIGE6bGluaywKLmNvbG9yX2FyZWEgYTp2aXNpdGVkewpjb2xvcjogIzY2NkE3MjsKfQouY29sb3JfYXJlYSBhOmhvdmVyLAouY29sb3JfYXJlYSBhOmFjdGl2ZXsKY29sb3I6ICNGRjJFNTM7CnRleHQtZGVjb3JhdGlvbjogbm9uZTsKfQouY29sb3JfYXJlYSAuY29sb3JfaW5uZXJ7CndpZHRoOiAxNTBweDsKbWFyZ2luLXJpZ2h0OiA1cHg7CmZsb2F0OiBsZWZ0OwpkaXNwbGF5OiBpbmxpbmU7CmZvbnQtc2l6ZTogMTJweDsKdGV4dC1hbGlnbjogY2VudGVyOwp9Ci5jb2xvcl9hcmVhIC5sYXN0X2NoaWxkewptYXJnaW4tcmlnaHQ6IDA7Cn0KCi5pdGVtaW5mb19hcmVhIHRkLC5pdGVtaW5mb19hcmVhIHRoLnNwZWNfYXJlYSB0ZCwuc3BlY19hcmVhIHRoewpmb250LXNpemU6IDEwMCU7CmZvbnQtd2VpZ2h0OiBub3JtYWw7CmZvbnQtc3R5bGU6IG5vcm1hbDsKdGV4dC1hbGlnbjogbGVmdDsKdmVydGljYWwtYWxpZ246dG9wOwp9Cml0ZW1pbmZvX2FyZWEgdGFibGUsLnNwZWNfYXJlYSB0YWJsZXsKYm9yZGVyLWNvbGxhcHNlOiBjb2xsYXBzZTsKYm9yZGVyLXNwYWNpbmc6IDA7Cn0KaXRlbWluZm9fYXJlYSBpbWcsLnNwZWNfYXJlYSBpbWd7CmxpbmUtaGVpZ2h0OiAwOwpib3JkZXI6IDA7Cn0KLml0ZW1pbmZvX2FyZWF7CndpZHRoOiA3NzVweDsKbWFyZ2luLWJvdHRvbTogMzBweDsKfQouaXRlbWluZm9fYXJlYSBwewpmb250LXNpemU6IDEzcHg7Cn0KLml0ZW1pbmZvX2FyZWEgLml0ZW1pbmZvX3RpdGxlewp3aWR0aDogNzc1cHg7CnBhZGRpbmc6IDJweCAwIDA7Cm1hcmdpbi1ib3R0b206IDEwcHg7CmNvbG9yOiAjRkZGRkZGOwpiYWNrZ3JvdW5kOiAjNzg3ODc4Owp9Ci5pdGVtaW5mb19hcmVhIC5pdGVtaW5mb190aXRsZSBwewpwYWRkaW5nLWxlZnQ6IDdweDsKZm9udC1zaXplOiAxNnB4Owp9Cgouc3BlY19hcmVhewp3aWR0aDogNzc1cHg7Cn0KLnNwZWNfYXJlYSAuc3BlY190aXRsZXsKd2lkdGg6IDc3NXB4OwpwYWRkaW5nOiAycHggMCAwOwptYXJnaW4tYm90dG9tOiAzcHg7CmNvbG9yOiAjRkZGRkZGOwpiYWNrZ3JvdW5kOiAjRjkwMzJDOwpkaXNwbGF5OiBibG9jazsKfQouc3BlY19hcmVhIC5zcGVjX3RpdGxlIHB7CnBhZGRpbmctbGVmdDogN3B4Owpmb250LXNpemU6IDE2cHg7Cn0KLnNwZWNfYXJlYSB0YWJsZXsKd2lkdGg6IDc3NXB4OwptYXJnaW4tYm90dG9tOiA1cHg7Cn0KLnNwZWNfYXJlYSB0aHsKYm9yZGVyLXJpZ2h0OiAjRkZGRkZGIDJweCBzb2xpZDsKYm9yZGVyLWJvdHRvbTogI0ZGRkZGRiAycHggc29saWQ7CndpZHRoOiAyNjBweDsKZm9udC1zaXplOiAxM3B4Owpjb2xvcjogIzIwMjAyMDsKbGluZS1oZWlnaHQ6IDEuM2VtOwpwYWRkaW5nOiA1cHggN3B4IDNweDsKYmFja2dyb3VuZDogI0Y3REZFMzsKfQouc3BlY19hcmVhIHRkewpib3JkZXItYm90dG9tOiAjRkZGRkZGIDJweCBzb2xpZDsKZm9udC1zaXplOiAxM3B4Owpjb2xvcjogIzIwMjAyMDsKbGluZS1oZWlnaHQ6IDEuM2VtOwpwYWRkaW5nOiA1cHggN3B4IDNweDsKYmFja2dyb3VuZDogI0VCRUJFQjsKfQouc3BlY19hcmVhIHAuY29tbWVudF9hcmVhewpmb250LXNpemU6IDExcHg7CmNvbG9yOiAjRkEwMDJEOwp9Ci5zcGVjX2FyZWEgdGggc3Bhbiwuc3BlY19hcmVhIHRkIHNwYW57CmZvbnQtc2l6ZTogMTBweDsKY29sb3I6ICNGQTAwMkQ7Cn0KLnNwZWNfYXJlYSBzcGFuLmFzdGV7CmZvbnQtc2l6ZTogMTJweDsKY29sb3I6ICNGQTAwMkQ7Cn0KLS0+ICAKPC9zdHlsZT4KPGRpdiBjbGFzcz0iaXRlbWluZm9fYXJlYSI+CjxkaXYgY2xhc3M9Iml0ZW1pbmZvX3RpdGxlIj4KPHA+5ZWG5ZOB6Kqs5piOPC9wPgo8L2Rpdj4KPGRpdj4KPHA+PHAgc3R5bGU9Im1hcmdpbjowOyI+5pys5L2T44Gv5LiI5aSr44Gn5riF5r2U44Gq44K544OG44Oz44Os44K56KO944Oc44OH44Kj44CC5Lit44Gb44KT44KS5Zue44GX44Gm6ZaL6ZaJ44GZ44KL44K544Kv44Oq44Ol44O844Gb44KT44K/44Kk44OX44CCPGJyPjxicj48L3A+PC9wPgo8L2Rpdj4KPC9kaXY+Cgo8ZGl2IGlkPSJrZXR0bGUiIGNsYXNzPSJzcGVjX2FyZWEiPgo8ZGl2IGNsYXNzPSJzcGVjX3RpdGxlIj4KPHA+5qmf6IO96aCF55uuPC9wPgo8L2Rpdj4KPHRhYmxlIGNlbGxwYWRkaW5nPSIwIiBjZWxsc3BhY2luZz0iMCI+Cjx0cj4KPHRoPuapn+eoruWQjTwvdGg+Cjx0ZD5QUkotMDE5UFhTPC90ZD4KPC90cj4KPHRyPgo8dGg+6Imy5p+EPC90aD4KPHRkPu+8iFhT77yJ44K544OG44Oz44Os44K5PC90ZD4KPC90cj4KPHRyPgo8dGg+5pys5L2T44K144Kk44K677yI57SE77yJ77yI5bmFw5flpaXooYzjgY3Dl+mrmOOBle+8iTwvdGg+Cjx0ZD4xNS40w5cyMC41w5czMi42Y208L3RkPgo8L3RyPgo8dHI+Cjx0aD7mnKzkvZPos6rph4/vvIjntITvvIk8L3RoPgo8dGQ+MS4ya2c8L3RkPgo8L3RyPgo8dHI+Cjx0aD7lrrnph488L3RoPgo8dGQ+MS44NEw8L3RkPgo8L3RyPgo8dHI+Cjx0aD7kv53muKnlirnlips8c3BhbiBzdHlsZT0iZm9udC1zaXplOjEwcHg7IGNvbG9yOiNGQTAwMkQ7Ij7vvIjigLsx77yJPC9zcGFuPjwvdGg+Cjx0ZD4xMOaZgumWk++8mjc05bqm5Lul5LiKPGJyPgoyNOaZgumWk++8mjYx5bqm5Lul5LiKPC90ZD4KPC90cj4KPHRyPgo8dGg+5L+d5Ya35Yq55YqbPHNwYW4gc3R5bGU9ImZvbnQtc2l6ZToxMHB4OyBjb2xvcjojRkEwMDJEOyI+77yI4oC7Mu+8iTwvc3Bhbj48L3RoPgo8dGQ+MTDmmYLplpPvvJo35bqm5Lul5LiLPC90ZD4KPC90cj4KPC90YWJsZT4KCjxwIGNsYXNzPSJjb21tZW50X2FyZWEiPuKAuzEg5L+d5rip5Yq55Yqb44Go44Gv44CB5a6k5ripMjDluqbCsTLluqbjgavjgYrjgYTjgaboo73lk4HjgavnhrHmua/jgpLmuoDjgZ/jgZfjgIHmua/muKnjgYw5NeW6psKxMeW6puOBruaZguOBi+OCiTI05pmC6ZaT5Y+K44GzMTDmmYLplpPmlL7nva7jgZfjgZ/loLTlkIjjgavjgYrjgZHjgovjgZ3jga7mua/jga7muKnluqbjgafjgZnjgII8L3A+CjxwIGNsYXNzPSJjb21tZW50X2FyZWEiPuKAuzIg5L+d5Ya35Yq55Yqb44Go44Gv44CB5a6k5ripMjDluqbCsTLluqbjgavjgYrjgYTjgaboo73lk4HjgavlhrfmsLTjgpLmuoDjgZ/jgZfjgIHmsLTmuKnjgYw05bqmwrEx5bqm44Gu5pmC44GL44KJMTDmmYLplpPmlL7nva7jgZfjgZ/loLTlkIjjgavjgYrjgZHjgovjgZ3jga7msLTjga7muKnluqbjgafjgZnjgII8L3A+CjwvZGl2Pg==,44CQ6YCB5paZ54Sh5paZ44CR44K/44Kk44Ks44O8IOODhuODvOODluODq+ODneODg+ODiCBQUkotMDE5UFhTIOOCueODhuODs+ODrOOCue+8muOCv+OCpOOCrOODvOmtlOazleeTtiDmpb3lpKnluILloLTlupc=,44CQ6YCB5paZ54Sh5paZ44CR44K/44Kk44Ks44O8IOODhuODvOODluODq+ODneODg+ODiCBQUkotMDE5UFhTIOOCueODhuODs+ODrOOCuQ==,5LiI5aSr44Gn5riF5r2U44Gq44K544OG44Oz44Os44K544Oc44OH44Kj44CC44CQ6YCB5paZ54Sh5paZ44CR44K/44Kk44Ks44O8IOODhuODvOODluODq+ODneODg+ODiCBQUkotMDE5UFhTIOOCueODhuODs+ODrOOCuQ==[rn]
29-48534,aHR0cDovL3RzaG9wLnIxMHMuanAvdGlnZXItb25saW5lL2NhYmluZXQvcHdzLWEwNjB4cy5qcGc/Zml0aW49NzAwOjcwMA==,MzA0MC4wMDAw,,5a626Zu7ID4g44Kt44OD44OB44Oz5a626Zu7ID4g44Kt44OD44OB44Oz5a626Zu755So44Ki44Kv44K744K144Oq44O844O76YOo5ZOBID4g6Zu75rCX44Od44OD44OI44O76Zu75rCX44Kx44OI44Or55So44Ki44Kv44K744K144Oq44O8,44CQ6YCB5paZ54Sh5paZ44CR44K/44Kk44Ks44O8IOOCueODhuODs+ODrOOCueOCteODvOODkOODvCBQV1MtQTA2MFhTIOOCueODhuODs+ODrOOCuQ==,5LiI5aSr44Gn5riF5r2U44Gq44K544OG44Oz44Os44K544Oc44OH44Kj,PHN0eWxlPgo8IS0tIAouY29sb3JfYXJlYSwuaXRlbWluZm9fYXJlYSwuc3BlY19hcmVhewpmb250LWZhbWlseToi44Oh44Kk44Oq44KqIiwgIuODkuODqeOCruODjuinkuOCtCBQcm8gVzMiLCAiSGlyYWdpbm8gS2FrdSBHb3RoaWMgUHJvIiwgTWVpcnlvLCBPc2FrYSwgIu+8re+8syDvvLDjgrTjgrfjg4Pjgq8iLCAiTVMgUEdvdGhpYyIsIHNhbnMtc2VyaWY7Cn0KCi5jbGVhcnsKY2xlYXI6Ym90aDsKaGVpZ2h0OjBweDsKbWFyZ2luOjA7CnBhZGRpbmc6MDsKbGluZS1oZWlnaHQ6MCU7CmZvbnQtc2l6ZTowcHg7Cn0KcHsKbWFyZ2luOiAwOwpwYWRkaW5nOiAwOwp9Ci5jb2xvcl9hcmVhewp3aWR0aDogNzc1cHg7Cm1hcmdpbi1ib3R0b206IDIwcHg7Cn0KLmNvbG9yX2FyZWEgLmNvbG9yX3RpdGxlewp3aWR0aDogNzc1cHg7CnBhZGRpbmc6IDJweCAwIDA7Cm1hcmdpbi1ib3R0b206IDJweDsKY29sb3I6ICNGRkZGRkY7CmJhY2tncm91bmQ6ICNGRjU3MjU7CmRpc3BsYXk6IGJsb2NrOwp9Ci5jb2xvcl9hcmVhIC5jb2xvcl90aXRsZSBwewpwYWRkaW5nLWxlZnQ6IDdweDsKZm9udC1zaXplOiAxNnB4Owp9Ci5jb2xvcl9hcmVhIGltZ3sKYm9yZGVyOiBub25lOwptYXJnaW46IDA7CnBhZGRpbmc6IDA7CmRpc3BsYXk6IGJsb2NrOwp9Ci5jb2xvcl9hcmVhIGE6bGluaywKLmNvbG9yX2FyZWEgYTp2aXNpdGVkewpjb2xvcjogIzY2NkE3MjsKfQouY29sb3JfYXJlYSBhOmhvdmVyLAouY29sb3JfYXJlYSBhOmFjdGl2ZXsKY29sb3I6ICNGRjJFNTM7CnRleHQtZGVjb3JhdGlvbjogbm9uZTsKfQouY29sb3JfYXJlYSAuY29sb3JfaW5uZXJ7CndpZHRoOiAxNTBweDsKbWFyZ2luLXJpZ2h0OiA1cHg7CmZsb2F0OiBsZWZ0OwpkaXNwbGF5OiBpbmxpbmU7CmZvbnQtc2l6ZTogMTJweDsKdGV4dC1hbGlnbjogY2VudGVyOwp9Ci5jb2xvcl9hcmVhIC5sYXN0X2NoaWxkewptYXJnaW4tcmlnaHQ6IDA7Cn0KCi5pdGVtaW5mb19hcmVhIHRkLC5pdGVtaW5mb19hcmVhIHRoLnNwZWNfYXJlYSB0ZCwuc3BlY19hcmVhIHRoewpmb250LXNpemU6IDEwMCU7CmZvbnQtd2VpZ2h0OiBub3JtYWw7CmZvbnQtc3R5bGU6IG5vcm1hbDsKdGV4dC1hbGlnbjogbGVmdDsKdmVydGljYWwtYWxpZ246dG9wOwp9Cml0ZW1pbmZvX2FyZWEgdGFibGUsLnNwZWNfYXJlYSB0YWJsZXsKYm9yZGVyLWNvbGxhcHNlOiBjb2xsYXBzZTsKYm9yZGVyLXNwYWNpbmc6IDA7Cn0KaXRlbWluZm9fYXJlYSBpbWcsLnNwZWNfYXJlYSBpbWd7CmxpbmUtaGVpZ2h0OiAwOwpib3JkZXI6IDA7Cn0KLml0ZW1pbmZvX2FyZWF7CndpZHRoOiA3NzVweDsKbWFyZ2luLWJvdHRvbTogMzBweDsKfQouaXRlbWluZm9fYXJlYSBwewpmb250LXNpemU6IDEzcHg7Cn0KLml0ZW1pbmZvX2FyZWEgLml0ZW1pbmZvX3RpdGxlewp3aWR0aDogNzc1cHg7CnBhZGRpbmc6IDJweCAwIDA7Cm1hcmdpbi1ib3R0b206IDEwcHg7CmNvbG9yOiAjRkZGRkZGOwpiYWNrZ3JvdW5kOiAjNzg3ODc4Owp9Ci5pdGVtaW5mb19hcmVhIC5pdGVtaW5mb190aXRsZSBwewpwYWRkaW5nLWxlZnQ6IDdweDsKZm9udC1zaXplOiAxNnB4Owp9Cgouc3BlY19hcmVhewp3aWR0aDogNzc1cHg7Cn0KLnNwZWNfYXJlYSAuc3BlY190aXRsZXsKd2lkdGg6IDc3NXB4OwpwYWRkaW5nOiAycHggMCAwOwptYXJnaW4tYm90dG9tOiAzcHg7CmNvbG9yOiAjRkZGRkZGOwpiYWNrZ3JvdW5kOiAjRjkwMzJDOwpkaXNwbGF5OiBibG9jazsKfQouc3BlY19hcmVhIC5zcGVjX3RpdGxlIHB7CnBhZGRpbmctbGVmdDogN3B4Owpmb250LXNpemU6IDE2cHg7Cn0KLnNwZWNfYXJlYSB0YWJsZXsKd2lkdGg6IDc3NXB4OwptYXJnaW4tYm90dG9tOiA1cHg7Cn0KLnNwZWNfYXJlYSB0aHsKYm9yZGVyLXJpZ2h0OiAjRkZGRkZGIDJweCBzb2xpZDsKYm9yZGVyLWJvdHRvbTogI0ZGRkZGRiAycHggc29saWQ7CndpZHRoOiAyNjBweDsKZm9udC1zaXplOiAxM3B4Owpjb2xvcjogIzIwMjAyMDsKbGluZS1oZWlnaHQ6IDEuM2VtOwpwYWRkaW5nOiA1cHggN3B4IDNweDsKYmFja2dyb3VuZDogI0Y3REZFMzsKfQouc3BlY19hcmVhIHRkewpib3JkZXItYm90dG9tOiAjRkZGRkZGIDJweCBzb2xpZDsKZm9udC1zaXplOiAxM3B4Owpjb2xvcjogIzIwMjAyMDsKbGluZS1oZWlnaHQ6IDEuM2VtOwpwYWRkaW5nOiA1cHggN3B4IDNweDsKYmFja2dyb3VuZDogI0VCRUJFQjsKfQouc3BlY19hcmVhIHAuY29tbWVudF9hcmVhewpmb250LXNpemU6IDExcHg7CmNvbG9yOiAjRkEwMDJEOwp9Ci5zcGVjX2FyZWEgdGggc3Bhbiwuc3BlY19hcmVhIHRkIHNwYW57CmZvbnQtc2l6ZTogMTBweDsKY29sb3I6ICNGQTAwMkQ7Cn0KLnNwZWNfYXJlYSBzcGFuLmFzdGV7CmZvbnQtc2l6ZTogMTJweDsKY29sb3I6ICNGQTAwMkQ7Cn0KLS0+ICAKPC9zdHlsZT4KPGRpdiBjbGFzcz0iaXRlbWluZm9fYXJlYSI+CjxkaXYgY2xhc3M9Iml0ZW1pbmZvX3RpdGxlIj4KPHA+5ZWG5ZOB6Kqs5piOPC9wPgo8L2Rpdj4KPGRpdj4KPHA+PHAgc3R5bGU9Im1hcmdpbjowOyI+5pys5L2T5Li45rSX44GET0vjga7jgrnjg4bjg7Pjg6zjgrnoo73jgb7jgbvjgYbjgbPjgpPjgILjgrnjg7zjg5Hjg7zjgq/jg6rjg7zjg7PliqDlt6XjgafjgYrmiYvlhaXjgozjgoLnsKHljZjjgafjgZnjgII8YnI+PGJyPjwvcD48L3A+CjwvZGl2Pgo8L2Rpdj4KCjxkaXYgaWQ9ImtldHRsZSIgY2xhc3M9InNwZWNfYXJlYSI+CjxkaXYgY2xhc3M9InNwZWNfdGl0bGUiPgo8cD7mqZ/og73poIXnm648L3A+CjwvZGl2Pgo8dGFibGUgY2VsbHBhZGRpbmc9IjAiIGNlbGxzcGFjaW5nPSIwIj4KPHRyPgo8dGg+5qmf56iu5ZCNPC90aD4KPHRkPlBXUy1BMDYwWFM8L3RkPgo8L3RyPgo8dHI+Cjx0aD7oibLmn4Q8L3RoPgo8dGQ+77yIWFPvvInjgrnjg4bjg7Pjg6zjgrk8L3RkPgo8L3RyPgo8dHI+Cjx0aD7mnKzkvZPjgrXjgqTjgrrvvIjntITvvInvvIjluYXDl+WlpeihjOOBjcOX6auY44GV77yJPC90aD4KPHRkPjguNMOXMTMuM8OXMjAuM2NtPC90ZD4KPC90cj4KPHRyPgo8dGg+5pys5L2T6LOq6YeP77yI57SE77yJPC90aD4KPHRkPjAuMzNrZzwvdGQ+CjwvdHI+Cjx0cj4KPHRoPuWuuemHjzwvdGg+Cjx0ZD4wLjY2TDwvdGQ+CjwvdHI+Cjx0cj4KPHRoPuWPo+W+hO+8iOe0hO+8iTwvdGg+Cjx0ZD40LjdjbTwvdGQ+CjwvdHI+Cjx0cj4KPHRoPuS/nea4qeWKueWKmzxzcGFuIHN0eWxlPSJmb250LXNpemU6MTBweDsgY29sb3I6I0ZBMDAyRDsiPu+8iOKAuzHvvIk8L3NwYW4+PC90aD4KPHRkPjHmmYLplpPvvJo4NOW6puS7peS4ijwvdGQ+CjwvdHI+Cjx0cj4KPHRoPuS/neWGt+WKueWKmzxzcGFuIHN0eWxlPSJmb250LXNpemU6MTBweDsgY29sb3I6I0ZBMDAyRDsiPu+8iOKAuzLvvIk8L3NwYW4+PC90aD4KPHRkPjHmmYLplpPvvJo25bqm5Lul5LiLPC90ZD4KPC90cj4KPC90YWJsZT4KCjxwIGNsYXNzPSJjb21tZW50X2FyZWEiPuKAuzEg5L+d5rip5Yq55Yqb44Go44Gv44CB5a6k5ripMjDluqbCsTLluqbjgavjgYrjgYTjgaboo73lk4HjgavnhrHmua/jgpLmuoDjgZ/jgZfjgIHmua/muKnjgYw5NeW6psKxMeW6puOBruaZguOBi+OCiTI05pmC6ZaT5Y+K44GzMTDmmYLplpPmlL7nva7jgZfjgZ/loLTlkIjjgavjgYrjgZHjgovjgZ3jga7mua/jga7muKnluqbjgafjgZnjgII8L3A+CjxwIGNsYXNzPSJjb21tZW50X2FyZWEiPuKAuzIg5L+d5Ya35Yq55Yqb44Go44Gv44CB5a6k5ripMjDluqbCsTLluqbjgavjgYrjgYTjgaboo73lk4HjgavlhrfmsLTjgpLmuoDjgZ/jgZfjgIHmsLTmuKnjgYw05bqmwrEx5bqm44Gu5pmC44GL44KJMTDmmYLplpPmlL7nva7jgZfjgZ/loLTlkIjjgavjgYrjgZHjgovjgZ3jga7msLTjga7muKnluqbjgafjgZnjgII8L3A+CjwvZGl2Pg==,44CQ6YCB5paZ54Sh5paZ44CR44K/44Kk44Ks44O8IOOCueODhuODs+ODrOOCueOCteODvOODkOODvCBQV1MtQTA2MFhTIOOCueODhuODs+ODrOOCue+8muOCv+OCpOOCrOODvOmtlOazleeTtiDmpb3lpKnluILloLTlupc=,44CQ6YCB5paZ54Sh5paZ44CR44K/44Kk44Ks44O8IOOCueODhuODs+ODrOOCueOCteODvOODkOODvCBQV1MtQTA2MFhTIOOCueODhuODs+ODrOOCuQ==,5LiI5aSr44Gn5riF5r2U44Gq44K544OG44Oz44Os44K544Oc44OH44Kj44CC44CQ6YCB5paZ54Sh5paZ44CR44K/44Kk44Ks44O8IOOCueODhuODs+ODrOOCueOCteODvOODkOODvCBQV1MtQTA2MFhTIOOCueODhuODs+ODrOOCuQ==[rn]
29-48535,aHR0cDovL3RzaG9wLnIxMHMuanAvdGlnZXItb25saW5lL2NhYmluZXQvY2lrLWIwMzB3LmpwZz9maXRpbj03MDA6NzAw,MTUwODYuNDAwMA==,,5a626Zu7ID4g44Kt44OD44OB44Oz5a626Zu7ID4g44Kt44OD44OB44Oz5a626Zu755So44Ki44Kv44K744K144Oq44O844O76YOo5ZOBID4g6Zu75rCX44Od44OD44OI44O76Zu75rCX44Kx44OI44Or55So44Ki44Kv44K744K144Oq44O8,44K/44Kk44Ks44O8IElI5rmv44KP44GL44GX5ZmoIENJSy1CMDMwVyDjg5vjg6/jgqTjg4g=,44Kr44Op44Gg44GN6Ziy5q2i5qmf6IO944Gk44GN,4oC744Oh44O844Kr44O85biM5pyb5bCP5aOy5L6h5qC844Gv44Oh44O844Kr44O844K144Kk44OI44Gr5Z+644Gl44GE44Gm5o6y6LyJ44GX44Gm44GE44G+44GZ44CCCgoKPHN0eWxlPgo8IS0tIAouY29sb3JfYXJlYSwuaXRlbWluZm9fYXJlYSwuc3BlY19hcmVhewpmb250LWZhbWlseToi44Oh44Kk44Oq44KqIiwgIuODkuODqeOCruODjuinkuOCtCBQcm8gVzMiLCAiSGlyYWdpbm8gS2FrdSBHb3RoaWMgUHJvIiwgTWVpcnlvLCBPc2FrYSwgIu+8re+8syDvvLDjgrTjgrfjg4Pjgq8iLCAiTVMgUEdvdGhpYyIsIHNhbnMtc2VyaWY7Cn0KCi5jbGVhcnsKY2xlYXI6Ym90aDsKaGVpZ2h0OjBweDsKbWFyZ2luOjA7CnBhZGRpbmc6MDsKbGluZS1oZWlnaHQ6MCU7CmZvbnQtc2l6ZTowcHg7Cn0KcHsKbWFyZ2luOiAwOwpwYWRkaW5nOiAwOwp9Ci5jb2xvcl9hcmVhewp3aWR0aDogNzc1cHg7Cm1hcmdpbi1ib3R0b206IDIwcHg7Cn0KLmNvbG9yX2FyZWEgLmNvbG9yX3RpdGxlewp3aWR0aDogNzc1cHg7CnBhZGRpbmc6IDJweCAwIDA7Cm1hcmdpbi1ib3R0b206IDJweDsKY29sb3I6ICNGRkZGRkY7CmJhY2tncm91bmQ6ICNGRjU3MjU7CmRpc3BsYXk6IGJsb2NrOwp9Ci5jb2xvcl9hcmVhIC5jb2xvcl90aXRsZSBwewpwYWRkaW5nLWxlZnQ6IDdweDsKZm9udC1zaXplOiAxNnB4Owp9Ci5jb2xvcl9hcmVhIGltZ3sKYm9yZGVyOiBub25lOwptYXJnaW46IDA7CnBhZGRpbmc6IDA7CmRpc3BsYXk6IGJsb2NrOwp9Ci5jb2xvcl9hcmVhIGE6bGluaywKLmNvbG9yX2FyZWEgYTp2aXNpdGVkewpjb2xvcjogIzY2NkE3MjsKfQouY29sb3JfYXJlYSBhOmhvdmVyLAouY29sb3JfYXJlYSBhOmFjdGl2ZXsKY29sb3I6ICNGRjJFNTM7CnRleHQtZGVjb3JhdGlvbjogbm9uZTsKfQouY29sb3JfYXJlYSAuY29sb3JfaW5uZXJ7CndpZHRoOiAxNTBweDsKbWFyZ2luLXJpZ2h0OiA1cHg7CmZsb2F0OiBsZWZ0OwpkaXNwbGF5OiBpbmxpbmU7CmZvbnQtc2l6ZTogMTJweDsKdGV4dC1hbGlnbjogY2VudGVyOwp9Ci5jb2xvcl9hcmVhIC5sYXN0X2NoaWxkewptYXJnaW4tcmlnaHQ6IDA7Cn0KCi5pdGVtaW5mb19hcmVhIHRkLC5pdGVtaW5mb19hcmVhIHRoLnNwZWNfYXJlYSB0ZCwuc3BlY19hcmVhIHRoewpmb250LXNpemU6IDEwMCU7CmZvbnQtd2VpZ2h0OiBub3JtYWw7CmZvbnQtc3R5bGU6IG5vcm1hbDsKdGV4dC1hbGlnbjogbGVmdDsKdmVydGljYWwtYWxpZ246dG9wOwp9Cml0ZW1pbmZvX2FyZWEgdGFibGUsLnNwZWNfYXJlYSB0YWJsZXsKYm9yZGVyLWNvbGxhcHNlOiBjb2xsYXBzZTsKYm9yZGVyLXNwYWNpbmc6IDA7Cn0KaXRlbWluZm9fYXJlYSBpbWcsLnNwZWNfYXJlYSBpbWd7CmxpbmUtaGVpZ2h0OiAwOwpib3JkZXI6IDA7Cn0KLml0ZW1pbmZvX2FyZWF7CndpZHRoOiA3NzVweDsKbWFyZ2luLWJvdHRvbTogMzBweDsKfQouaXRlbWluZm9fYXJlYSBwewpmb250LXNpemU6IDEzcHg7Cn0KLml0ZW1pbmZvX2FyZWEgLml0ZW1pbmZvX3RpdGxlewp3aWR0aDogNzc1cHg7CnBhZGRpbmc6IDJweCAwIDA7Cm1hcmdpbi1ib3R0b206IDEwcHg7CmNvbG9yOiAjRkZGRkZGOwpiYWNrZ3JvdW5kOiAjNzg3ODc4Owp9Ci5pdGVtaW5mb19hcmVhIC5pdGVtaW5mb190aXRsZSBwewpwYWRkaW5nLWxlZnQ6IDdweDsKZm9udC1zaXplOiAxNnB4Owp9Cgouc3BlY19hcmVhewp3aWR0aDogNzc1cHg7Cn0KLnNwZWNfYXJlYSAuc3BlY190aXRsZXsKd2lkdGg6IDc3NXB4OwpwYWRkaW5nOiAycHggMCAwOwptYXJnaW4tYm90dG9tOiAzcHg7CmNvbG9yOiAjRkZGRkZGOwpiYWNrZ3JvdW5kOiAjRjkwMzJDOwpkaXNwbGF5OiBibG9jazsKfQouc3BlY19hcmVhIC5zcGVjX3RpdGxlIHB7CnBhZGRpbmctbGVmdDogN3B4Owpmb250LXNpemU6IDE2cHg7Cn0KLnNwZWNfYXJlYSB0YWJsZXsKd2lkdGg6IDc3NXB4OwptYXJnaW4tYm90dG9tOiA1cHg7Cn0KLnNwZWNfYXJlYSB0aHsKYm9yZGVyLXJpZ2h0OiAjRkZGRkZGIDJweCBzb2xpZDsKYm9yZGVyLWJvdHRvbTogI0ZGRkZGRiAycHggc29saWQ7CndpZHRoOiAyNjBweDsKZm9udC1zaXplOiAxM3B4Owpjb2xvcjogIzIwMjAyMDsKbGluZS1oZWlnaHQ6IDEuM2VtOwpwYWRkaW5nOiA1cHggN3B4IDNweDsKYmFja2dyb3VuZDogI0Y3REZFMzsKfQouc3BlY19hcmVhIHRkewpib3JkZXItYm90dG9tOiAjRkZGRkZGIDJweCBzb2xpZDsKZm9udC1zaXplOiAxM3B4Owpjb2xvcjogIzIwMjAyMDsKbGluZS1oZWlnaHQ6IDEuM2VtOwpwYWRkaW5nOiA1cHggN3B4IDNweDsKYmFja2dyb3VuZDogI0VCRUJFQjsKfQouc3BlY19hcmVhIHAuY29tbWVudF9hcmVhewpmb250LXNpemU6IDExcHg7CmNvbG9yOiAjRkEwMDJEOwp9Ci5zcGVjX2FyZWEgdGggc3Bhbiwuc3BlY19hcmVhIHRkIHNwYW57CmZvbnQtc2l6ZTogMTBweDsKY29sb3I6ICNGQTAwMkQ7Cn0KLnNwZWNfYXJlYSBzcGFuLmFzdGV7CmZvbnQtc2l6ZTogMTJweDsKY29sb3I6ICNGQTAwMkQ7Cn0KLS0+ICAKPC9zdHlsZT4KPGRpdiBjbGFzcz0iaXRlbWluZm9fYXJlYSI+CjxkaXYgY2xhc3M9Iml0ZW1pbmZvX3RpdGxlIj4KPHA+5ZWG5ZOB6Kqs5piOPC9wPgo8L2Rpdj4KPGRpdj4KPHA+PHAgc3R5bGU9Im1hcmdpbjowOyI+5rmv44KP44GL44GX5qmf6IO944Go5Yqg5rm/5qmf6IO944GM44GC44KL44CBMeWPsDLlvbnjgILjgqvjg6njgaDjgY3pmLLmraLmqZ/og73ku5jjgaDjgYvjgonlronlv4PjgZfjgabkvb/jgYjjgb7jgZnjgILjgII8YnI+PGJyPjwvcD48L3A+CjwvZGl2Pgo8L2Rpdj4KCjxkaXYgY2xhc3M9InNwZWNfYXJlYSI+CjxkaXYgY2xhc3M9InNwZWNfdGl0bGUiPgo8cD7mqZ/og73poIXnm648L3A+CjwvZGl2Pgo8dGFibGUgY2VsbHBhZGRpbmc9IjAiIGNlbGxzcGFjaW5nPSIwIj4KPHRyPgo8dGg+5qmf56iu5ZCNPC90aD4KPHRkPkNJSy1CMDMwVzwvdGQ+CjwvdHI+Cjx0cj4KPHRoPuiJsuafhDwvdGg+Cjx0ZD7vvIhX77yJ44Ob44Ov44Kk44OIPC90ZD4KPC90cj4KPHRyPgo8dGg+5pys5L2T44K144Kk44K677yI57SE77yJ77yI5bmFw5flpaXooYzjgY3Dl+mrmOOBle+8iTwvdGg+Cjx0ZD4xOS4ww5cxNS4ww5cyMS4zY208L3RkPgo8L3RyPgo8dHI+Cjx0aD7mnKzkvZPos6rph4/vvIjntITvvIk8L3RoPgo8dGQ+MS4yOGtnPC90ZD4KPC90cj4KPHRyPgo8dGg+5a6a5qC85a656YeP77yI57SE77yJPC90aD4KPHRkPjAuNUw8L3RkPgo8L3RyPgo8dHI+Cjx0aD7mtojosrvpm7vlips8L3RoPgo8dGQ+MzAwVzwvdGQ+CjwvdHI+Cjx0cj4KPHRoPumbu+a6kDwvdGg+Cjx0ZD4xMDBWIDUwLzYwSHo8L3RkPgo8L3RyPgo8dHI+Cjx0aD7jgrPjg7zjg4njga7plbfjgZXvvIjntITvvIk8L3RoPgo8dGQ+MS41bTwvdGQ+CjwvdHI+CjwvdGFibGU+Cgo8L2Rpdj4=,44K/44Kk44Ks44O8IElI5rmv44KP44GL44GX5ZmoIENJSy1CMDMwVyDjg5vjg6/jgqTjg4jvvJrjgr/jgqTjgqzjg7zprZTms5Xnk7Yg5qW95aSp5biC5aC05bqX,44K/44Kk44Ks44O8IElI5rmv44KP44GL44GX5ZmoIENJSy1CMDMwVyDjg5vjg6/jgqTjg4g=,44Kr44Op44Gg44GN6Ziy5q2i5qmf6IO944Gk44GN44CC44K/44Kk44Ks44O8IElI5rmv44KP44GL44GX5ZmoIENJSy1CMDMwVyDjg5vjg6/jgqTjg4g=[rn]
29-48536,aHR0cDovL3RzaG9wLnIxMHMuanAvdGlnZXItb25saW5lL2NhYmluZXQvbWFiLWEzMDB4Yy5qcGc/Zml0aW49NzAwOjcwMA==,Njk2MC4wMDAw,,5a626Zu7ID4g44Kt44OD44OB44Oz5a626Zu7ID4g44Kt44OD44OB44Oz5a626Zu755So44Ki44Kv44K744K144Oq44O844O76YOo5ZOBID4g6Zu75rCX44Od44OD44OI44O76Zu75rCX44Kx44OI44Or55So44Ki44Kv44K744K144Oq44O8,44K/44Kk44Ks44O8IOOCueODhuODs+ODrOOCueOCqOOCouODvOODneODg+ODiOOAjOOCteODj+ODqeODk+ODg+OCsOOAjU1BQi1BMzAwWEMg44Kv44Oq44Ki44O844K544OG44Oz44Os44K5,5LiI5aSr44Gn5riF5r2U44Gq44K544OG44Oz44Os44K56KO944G+44G744GG44Gz44KT,4oC744Oh44O844Kr44O85biM5pyb5bCP5aOy5L6h5qC844Gv44Oh44O844Kr44O844K144Kk44OI44Gr5Z+644Gl44GE44Gm5o6y6LyJ44GX44Gm44GE44G+44GZ44CCCgo8c3R5bGU+CjwhLS0gCi5jb2xvcl9hcmVhLC5pdGVtaW5mb19hcmVhLC5zcGVjX2FyZWF7CmZvbnQtZmFtaWx5OiLjg6HjgqTjg6rjgqoiLCAi44OS44Op44Ku44OO6KeS44K0IFBybyBXMyIsICJIaXJhZ2lubyBLYWt1IEdvdGhpYyBQcm8iLCBNZWlyeW8sIE9zYWthLCAi77yt77yzIO+8sOOCtOOCt+ODg+OCryIsICJNUyBQR290aGljIiwgc2Fucy1zZXJpZjsKfQoKLmNsZWFyewpjbGVhcjpib3RoOwpoZWlnaHQ6MHB4OwptYXJnaW46MDsKcGFkZGluZzowOwpsaW5lLWhlaWdodDowJTsKZm9udC1zaXplOjBweDsKfQpwewptYXJnaW46IDA7CnBhZGRpbmc6IDA7Cn0KLmNvbG9yX2FyZWF7CndpZHRoOiA3NzVweDsKbWFyZ2luLWJvdHRvbTogMjBweDsKfQouY29sb3JfYXJlYSAuY29sb3JfdGl0bGV7CndpZHRoOiA3NzVweDsKcGFkZGluZzogMnB4IDAgMDsKbWFyZ2luLWJvdHRvbTogMnB4Owpjb2xvcjogI0ZGRkZGRjsKYmFja2dyb3VuZDogI0ZGNTcyNTsKZGlzcGxheTogYmxvY2s7Cn0KLmNvbG9yX2FyZWEgLmNvbG9yX3RpdGxlIHB7CnBhZGRpbmctbGVmdDogN3B4Owpmb250LXNpemU6IDE2cHg7Cn0KLmNvbG9yX2FyZWEgaW1newpib3JkZXI6IG5vbmU7Cm1hcmdpbjogMDsKcGFkZGluZzogMDsKZGlzcGxheTogYmxvY2s7Cn0KLmNvbG9yX2FyZWEgYTpsaW5rLAouY29sb3JfYXJlYSBhOnZpc2l0ZWR7CmNvbG9yOiAjNjY2QTcyOwp9Ci5jb2xvcl9hcmVhIGE6aG92ZXIsCi5jb2xvcl9hcmVhIGE6YWN0aXZlewpjb2xvcjogI0ZGMkU1MzsKdGV4dC1kZWNvcmF0aW9uOiBub25lOwp9Ci5jb2xvcl9hcmVhIC5jb2xvcl9pbm5lcnsKd2lkdGg6IDE1MHB4OwptYXJnaW4tcmlnaHQ6IDVweDsKZmxvYXQ6IGxlZnQ7CmRpc3BsYXk6IGlubGluZTsKZm9udC1zaXplOiAxMnB4Owp0ZXh0LWFsaWduOiBjZW50ZXI7Cn0KLmNvbG9yX2FyZWEgLmxhc3RfY2hpbGR7Cm1hcmdpbi1yaWdodDogMDsKfQoKLml0ZW1pbmZvX2FyZWEgdGQsLml0ZW1pbmZvX2FyZWEgdGguc3BlY19hcmVhIHRkLC5zcGVjX2FyZWEgdGh7CmZvbnQtc2l6ZTogMTAwJTsKZm9udC13ZWlnaHQ6IG5vcm1hbDsKZm9udC1zdHlsZTogbm9ybWFsOwp0ZXh0LWFsaWduOiBsZWZ0Owp2ZXJ0aWNhbC1hbGlnbjp0b3A7Cn0KaXRlbWluZm9fYXJlYSB0YWJsZSwuc3BlY19hcmVhIHRhYmxlewpib3JkZXItY29sbGFwc2U6IGNvbGxhcHNlOwpib3JkZXItc3BhY2luZzogMDsKfQppdGVtaW5mb19hcmVhIGltZywuc3BlY19hcmVhIGltZ3sKbGluZS1oZWlnaHQ6IDA7CmJvcmRlcjogMDsKfQouaXRlbWluZm9fYXJlYXsKd2lkdGg6IDc3NXB4OwptYXJnaW4tYm90dG9tOiAzMHB4Owp9Ci5pdGVtaW5mb19hcmVhIHB7CmZvbnQtc2l6ZTogMTNweDsKfQouaXRlbWluZm9fYXJlYSAuaXRlbWluZm9fdGl0bGV7CndpZHRoOiA3NzVweDsKcGFkZGluZzogMnB4IDAgMDsKbWFyZ2luLWJvdHRvbTogMTBweDsKY29sb3I6ICNGRkZGRkY7CmJhY2tncm91bmQ6ICM3ODc4Nzg7Cn0KLml0ZW1pbmZvX2FyZWEgLml0ZW1pbmZvX3RpdGxlIHB7CnBhZGRpbmctbGVmdDogN3B4Owpmb250LXNpemU6IDE2cHg7Cn0KCi5zcGVjX2FyZWF7CndpZHRoOiA3NzVweDsKfQouc3BlY19hcmVhIC5zcGVjX3RpdGxlewp3aWR0aDogNzc1cHg7CnBhZGRpbmc6IDJweCAwIDA7Cm1hcmdpbi1ib3R0b206IDNweDsKY29sb3I6ICNGRkZGRkY7CmJhY2tncm91bmQ6ICNGOTAzMkM7CmRpc3BsYXk6IGJsb2NrOwp9Ci5zcGVjX2FyZWEgLnNwZWNfdGl0bGUgcHsKcGFkZGluZy1sZWZ0OiA3cHg7CmZvbnQtc2l6ZTogMTZweDsKfQouc3BlY19hcmVhIHRhYmxlewp3aWR0aDogNzc1cHg7Cm1hcmdpbi1ib3R0b206IDVweDsKfQouc3BlY19hcmVhIHRoewpib3JkZXItcmlnaHQ6ICNGRkZGRkYgMnB4IHNvbGlkOwpib3JkZXItYm90dG9tOiAjRkZGRkZGIDJweCBzb2xpZDsKd2lkdGg6IDI2MHB4Owpmb250LXNpemU6IDEzcHg7CmNvbG9yOiAjMjAyMDIwOwpsaW5lLWhlaWdodDogMS4zZW07CnBhZGRpbmc6IDVweCA3cHggM3B4OwpiYWNrZ3JvdW5kOiAjRjdERkUzOwp9Ci5zcGVjX2FyZWEgdGR7CmJvcmRlci1ib3R0b206ICNGRkZGRkYgMnB4IHNvbGlkOwpmb250LXNpemU6IDEzcHg7CmNvbG9yOiAjMjAyMDIwOwpsaW5lLWhlaWdodDogMS4zZW07CnBhZGRpbmc6IDVweCA3cHggM3B4OwpiYWNrZ3JvdW5kOiAjRUJFQkVCOwp9Ci5zcGVjX2FyZWEgcC5jb21tZW50X2FyZWF7CmZvbnQtc2l6ZTogMTFweDsKY29sb3I6ICNGQTAwMkQ7Cn0KLnNwZWNfYXJlYSB0aCBzcGFuLC5zcGVjX2FyZWEgdGQgc3BhbnsKZm9udC1zaXplOiAxMHB4Owpjb2xvcjogI0ZBMDAyRDsKfQouc3BlY19hcmVhIHNwYW4uYXN0ZXsKZm9udC1zaXplOiAxMnB4Owpjb2xvcjogI0ZBMDAyRDsKfQotLT4gIAo8L3N0eWxlPgo8ZGl2IGNsYXNzPSJpdGVtaW5mb19hcmVhIj4KPGRpdiBjbGFzcz0iaXRlbWluZm9fdGl0bGUiPgo8cD7llYblk4HoqqzmmI48L3A+CjwvZGl2Pgo8ZGl2Pgo8cD48cCBzdHlsZT0ibWFyZ2luOjA7Ij7ou73jgY/jgabkuIjlpKvjgarjgrnjg4bjg7Pjg6zjgrnoo73nnJ/nqbrjgb7jgbvjgYbjgbPjgpPjgILmsZrjgozjgabjgoLjgrXjg4PjgajjgbXjgY3lj5bjgozjgovjga7jgafjgYrmiYvlhaXjgozjgoLnsKHljZjjgafjgZnjgII8YnI+PGJyPjwvcD48L3A+CjwvZGl2Pgo8L2Rpdj4KCjxkaXYgaWQ9ImtldHRsZSIgY2xhc3M9InNwZWNfYXJlYSI+CjxkaXYgY2xhc3M9InNwZWNfdGl0bGUiPgo8cD7mqZ/og73poIXnm648L3A+CjwvZGl2Pgo8dGFibGUgY2VsbHBhZGRpbmc9IjAiIGNlbGxzcGFjaW5nPSIwIj4KPHRyPgo8dGg+5qmf56iu5ZCNPC90aD4KPHRkPk1BQi1BMzAwWEM8L3RkPgo8L3RyPgo8dHI+Cjx0aD7oibLmn4Q8L3RoPgo8dGQ+77yIWEPvvInjgq/jg6rjgqLjg7zjgrnjg4bjg7Pjg6zjgrk8L3RkPgo8L3RyPgo8dHI+Cjx0aD7mnKzkvZPjgrXjgqTjgrrvvIjntITvvInvvIjluYXDl+WlpeihjOOBjcOX6auY44GV77yJPC90aD4KPHRkPjE2LjXDlzIzLjHDlzM2LjBjbTwvdGQ+CjwvdHI+Cjx0cj4KPHRoPuacrOS9k+izqumHj++8iOe0hO+8iTwvdGg+Cjx0ZD4xLjdrZzwvdGQ+CjwvdHI+Cjx0cj4KPHRoPuWuuemHjzwvdGg+Cjx0ZD4zLjBMPC90ZD4KPC90cj4KPHRyPgo8dGg+5Y+j5b6E77yI57SE77yJPC90aD4KPHRkPjdjbTwvdGQ+CjwvdHI+Cjx0cj4KPHRoPuS/nea4qeWKueWKmzxzcGFuIHN0eWxlPSJmb250LXNpemU6MTBweDsgY29sb3I6I0ZBMDAyRDsiPu+8iOKAuzHvvIk8L3NwYW4+PC90aD4KPHRkPjEw5pmC6ZaT77yaNzjluqbku6XkuIo8YnI+CjI05pmC6ZaT77yaNjTluqbku6XkuIo8L3RkPgo8L3RyPgo8L3RhYmxlPgoKPHAgY2xhc3M9ImNvbW1lbnRfYXJlYSI+4oC7MSDkv53muKnlirnlipvjgajjga/jgIHlrqTmuKkyMOW6psKxMuW6puOBq+OBiuOBhOOBpuijveWTgeOBq+eGsea5r+OCkua6gOOBn+OBl+OAgea5r+a4qeOBjDk15bqmwrEx5bqm44Gu5pmC44GL44KJMjTmmYLplpPlj4rjgbMxMOaZgumWk+aUvue9ruOBl+OBn+WgtOWQiOOBq+OBiuOBkeOCi+OBneOBrua5r+OBrua4qeW6puOBp+OBmeOAgjwvcD4KPC9kaXY+,44K/44Kk44Ks44O8IOOCueODhuODs+ODrOOCueOCqOOCouODvOODneODg+ODiOOAjOOCteODj+ODqeODk+ODg+OCsOOAjU1BQi1BMzAwWEMg44Kv44Oq44Ki44O844K544OG44Oz44Os44K577ya44K/44Kk44Ks44O86a2U5rOV55O2IOalveWkqeW4guWgtOW6lw==,44K/44Kk44Ks44O8IOOCueODhuODs+ODrOOCueOCqOOCouODvOODneODg+ODiOOAjOOCteODj+ODqeODk+ODg+OCsOOAjU1BQi1BMzAwWEMg44Kv44Oq44Ki44O844K544OG44Oz44Os44K5,5LiI5aSr44Gn5riF5r2U44Gq44K544OG44Oz44Os44K56KO944G+44G744GG44Gz44KT44CC44K/44Kk44Ks44O8IOOCueODhuODs+ODrOOCueOCqOOCouODvOODneODg+ODiOOAjOOCteODj+ODqeODk+ODg+OCsOOAjU1BQi1BMzAwWEMg44Kv44Oq44Ki44O844K544OG44Oz44Os44K5[rn]
29-48537,aHR0cDovL3RzaG9wLnIxMHMuanAvZWJlc3QvY2FiaW5ldC8yMDIvNDk3MTg2MDAzMTI0My5qcGc/Zml0aW49NzAwOjcwMA==,NDYzNi4wMDAw,,5a626Zu7ID4g44Kt44OD44OB44Oz5a626Zu7ID4g44Ob44OD44OI44OX44Os44O844OI44O744Kw44Oq44Or44O744OV44Op44Kk44Ok44O8ID4g44Ob44OD44OI44OX44Os44O844OI,44OU44O844Kz44OD44KvIFdDVi0xM0Ig44Ob44OD44OI44OX44Os44O844OIIDHmnprjgr/jgqTjg5c=,44CQ5Zyo5bqr44GC44KK44CR,PGltZyBzcmM9J2h0dHBzOi8vaW1hZ2UucmFrdXRlbi5jby5qcC9lYmVzdC9jYWJpbmV0L2ViZXN0a2FkZW5femFpa28uZ2lmJyBib3JkZXI9JzAnIGFsdD0n5Zyo5bqr54q25rOB44KS56K66KqN44GZ44KLJz48YnI+PGZvbnQgY29sb3I9IiNmZjAwMDAiPjxiPuKGkeKGkeKGkeato+eiuuOBquWcqOW6q+eKtuazgeOBr+S4iuiomOODkOODiuODvOOAjOWcqOW6q+eKtuazgeOCkueiuuiqjeOBmeOCi+OAjeOCkuOCr+ODquODg+OCr+OBl+OBpumgguOBjeOAgeW/heOBmuOBlOeiuuiqjeOBj+OBoOOBleOBhOOAgjwvYj48L2ZvbnQ+PGJyPjxicj48YnI+4pag44K744Op44Of44OD44Kv44Kz44O844OG44Kj44Oz44Kw44OX44Os44O844OIPGJyPuKWoOODj+OCpOODkeODr+ODvDEzMDBXPGJyPuKWoDI1MOW6puOBrumrmOa4qeioreWumiEh5qeY44CF44Gq44GK5paZ55CG44GM5qW944GX44KB44G+44GZPGJyPjxiPuODl+ODrOODvOODiOOCv+OCpOODlzwvYj7vvJrjg5vjg4Pjg4jjg5fjg6zjg7zjg4g8YnI+PGI+44OX44Os44O844OI5b2i54q2PC9iPu+8mualleWGhjxicj48Yj7ooajpnaLjgrPjg7zjg4bjgqPjg7PjgrA8L2I+77ya44K744Op44Of44OD44Kv44Kz44O844OG44Kj44Oz44KwPGJyPjxiPuacgOmrmOa4qeW6pjwvYj7vvJoyNTDihIM8YnI+PGI+5Li45rSX44GEPC9iPu+8mi08YnI+PGI+44OX44Os44O844OI56iu6aGePC9iPjxicj7jgIDlubPpnaLjg5fjg6zjg7zjg4goMjkyeDUxMHgyNW1tKTxicj48Yj7jg57jgrDjg43jg4Pjg4jjg5fjg6njgrA8L2I+77yaLTxicj48Yj7jgrPjg7zjg4nplbc8L2I+77yaMS44bTxicj48Yj7mtojosrvpm7vlips8L2I+77yaMTMwMFc8YnI+PGI+5a+45rOVPC9iPu+8muW5hSAzMzR46auY44GVIDEyOHjlpaXooYwgNTE4bW08YnI+PGI+6LOq6YePPC9iPu+8mue0hDMuMWtnPGJyPjxiPuS7mOWxnuWTgTwvYj7vvJo=,44OU44O844Kz44OD44KvIFdDVi0xM0Ig44Ob44OD44OI44OX44Os44O844OIIDHmnprjgr/jgqTjg5fvvJrjgqTjg7zjg5njgrnjg4hQQ+ODu+Wutumbu+mkqA==,44OR44K944Kz44Oz5a626Zu744Kq44O844OH44Kj44Kq576O5a655YGl5bq344Oi44OQ44Kk44Or77yw77yk77yh44OA44Kk44Ko44OD44OI44OG44Os44OT44Of44OL44Kz44Oz44OT44OH44Kq44K944OL44O844K544Kr44OR44O8VC1mYWzjg4bjgqPjg5XjgqHjg7zjg6vml6XnlKjlk4Hjgrnjg53jg7zjg4TjgYrjgoLjgaHjgoPjgrLjg7zjg6DjgYrosrfjgYTlvpfjg5Tjg7zjgrPjg4Pjgq8gV0NWLTEzQiDjg5vjg4Pjg4jjg5fjg6zjg7zjg4ggMeaemuOCv+OCpOODlw==,44CQ5Zyo5bqr44GC44KK44CR44CC44OU44O844Kz44OD44KvIFdDVi0xM0Ig44Ob44OD44OI44OX44Os44O844OIIDHmnprjgr/jgqTjg5c=[rn]
29-48538,aHR0cDovL3RzaG9wLnIxMHMuanAvZWJlc3QvY2FiaW5ldC8yMDIvNDk3MTg2MDAzMTI1MC5qcGc/Zml0aW49NzAwOjcwMA==,NTUzMy42MDAw,,5a626Zu7ID4g44Kt44OD44OB44Oz5a626Zu7ID4g44Ob44OD44OI44OX44Os44O844OI44O744Kw44Oq44Or44O744OV44Op44Kk44Ok44O8ID4g44Ob44OD44OI44OX44Os44O844OI,44OU44O844Kz44OD44KvIFdDVi0xM0Eg44Ob44OD44OI44OX44Os44O844OIIDLmnprjgr/jgqTjg5c=,44CQ5Zyo5bqr44GC44KK44CR,PGltZyBzcmM9J2h0dHBzOi8vaW1hZ2UucmFrdXRlbi5jby5qcC9lYmVzdC9jYWJpbmV0L2ViZXN0a2FkZW5femFpa28uZ2lmJyBib3JkZXI9JzAnIGFsdD0n5Zyo5bqr54q25rOB44KS56K66KqN44GZ44KLJz48YnI+PGZvbnQgY29sb3I9IiNmZjAwMDAiPjxiPuKGkeKGkeKGkeato+eiuuOBquWcqOW6q+eKtuazgeOBr+S4iuiomOODkOODiuODvOOAjOWcqOW6q+eKtuazgeOCkueiuuiqjeOBmeOCi+OAjeOCkuOCr+ODquODg+OCr+OBl+OBpumgguOBjeOAgeW/heOBmuOBlOeiuuiqjeOBj+OBoOOBleOBhOOAgjwvYj48L2ZvbnQ+PGJyPjxicj48YnI+4pag44K744Op44Of44OD44Kv44Kz44O844OG44Kj44Oz44Kw44OX44Os44O844OIPGJyPuKWoOODj+OCpOODkeODr+ODvDEzMDBXPGJyPuKWoDI1MOW6puOBrumrmOa4qeioreWumiEh5qeY44CF44Gq44GK5paZ55CG44GM5qW944GX44KB44G+44GZPGJyPjxiPuODl+ODrOODvOODiOOCv+OCpOODlzwvYj7vvJrjg5vjg4Pjg4jjg5fjg6zjg7zjg4g8YnI+PGI+44OX44Os44O844OI5b2i54q2PC9iPu+8mualleWGhjxicj48Yj7ooajpnaLjgrPjg7zjg4bjgqPjg7PjgrA8L2I+77ya44K744Op44Of44OD44Kv44Kz44O844OG44Kj44Oz44KwPGJyPjxiPuacgOmrmOa4qeW6pjwvYj7vvJoyNTDihIM8YnI+PGI+5Li45rSX44GEPC9iPu+8mi08YnI+PGI+44OX44Os44O844OI56iu6aGePC9iPjxicj7jgIDlubPpnaLjg5fjg6zjg7zjg4goMjkyeDUxMHgyNW1tKTxicj7jgIDms6Llnovjg5fjg6zjg7zjg4goMjkyeDUxMHgyNW1tKTxicj48Yj7jg57jgrDjg43jg4Pjg4jjg5fjg6njgrA8L2I+77yaLTxicj48Yj7jgrPjg7zjg4nplbc8L2I+77yaMS44bTxicj48Yj7mtojosrvpm7vlips8L2I+77yaMTMwMFc8YnI+PGI+5a+45rOVPC9iPu+8muW5hSAzMzR46auY44GVIDEyOHjlpaXooYwgNTE4bW08YnI+PGI+6LOq6YePPC9iPu+8mue0hDQuMmtnPGJyPjxiPuS7mOWxnuWTgTwvYj7vvJo=,44OU44O844Kz44OD44KvIFdDVi0xM0Eg44Ob44OD44OI44OX44Os44O844OIIDLmnprjgr/jgqTjg5fvvJrjgqTjg7zjg5njgrnjg4hQQ+ODu+Wutumbu+mkqA==,44OR44K944Kz44Oz5a626Zu744Kq44O844OH44Kj44Kq576O5a655YGl5bq344Oi44OQ44Kk44Or77yw77yk77yh44OA44Kk44Ko44OD44OI44OG44Os44OT44Of44OL44Kz44Oz44OT44OH44Kq44K944OL44O844K544Kr44OR44O8VC1mYWzjg4bjgqPjg5XjgqHjg7zjg6vml6XnlKjlk4Hjgrnjg53jg7zjg4TjgYrjgoLjgaHjgoPjgrLjg7zjg6DjgYrosrfjgYTlvpfjg5Tjg7zjgrPjg4Pjgq8gV0NWLTEzQSDjg5vjg4Pjg4jjg5fjg6zjg7zjg4ggMuaemuOCv+OCpOODlw==,44CQ5Zyo5bqr44GC44KK44CR44CC44OU44O844Kz44OD44KvIFdDVi0xM0Eg44Ob44OD44OI44OX44Os44O844OIIDLmnprjgr/jgqTjg5c=[rn]
29-48539,aHR0cDovL3RzaG9wLnIxMHMuanAvbGFtZC9jYWJpbmV0LzAwNTM0Nzc5L2ltZ3JjMDA3MDMxNjI1MC5qcGc/Zml0aW49NzAwOjcwMA==,Njk2Ny4yMDAw,,5a626Zu7ID4g44Kt44OD44OB44Oz5a626Zu7ID4g44Ob44OD44OI44OX44Os44O844OI44O744Kw44Oq44Or44O744OV44Op44Kk44Ok44O8ID4g44Ob44OD44OI44OX44Os44O844OI,44CQ6YCB5paZ54Sh5paZ44CRIOOCv+OCpOOCrOODvOOAgOODm+ODg+ODiOODl+ODrOODvOODiOOAgENSQy1CMTAw77y0,,PEI+PEZPTlQgc2l6ZT0iNCI+6YGg6LWk44Gu5Yq55p6c44Go6ICQ5LmF5oCn44KS6auY44KB44GfM+WxpOmBoOi1pOWcn+mNi+OCs+S4gOODhuOCpOODs+OCsOOBruW5s+mdouODl+ODrOS4gOWNnDwvRk9OVD48L0I+PGJyPjxicj4KPFRBQkxFIGJvcmRlcj0iMSIgc3R5bGU9ImJvcmRlci1jb2xsYXBzZTogY29sbGFwc2UiIHdpZHRoPSI2ODAiIGlkPSJ0YWJsZTEiIGhlaWdodD0iNDciIGJvcmRlcmNvbG9yPSIjMDAwMDAwIiBjZWxsc3BhY2luZz0iMCIgY2VsbHBhZGRpbmc9IjIiPgogIDxUQk9EWT4KICAgIDxUUj4KICAgICAgPFREIGhlaWdodD0iMjAiIHdpZHRoPSIxNTkiPjxGT05UIHNpemU9IjMiPueJuemVtzwvRk9OVD48L1REPgogICAgICA8VEQgaGVpZ2h0PSIyMCIgY29sc3Bhbj0iMiI+PEZPTlQgc2l6ZT0iMyI+44O75Zyf6Y2L57Sg5p2Q44Gu6YGg6LWk5Yq55p6cPEJSPgogICAgICDjg5fjg6zjg7zjg4jjgavpgaDotaTlnJ/pjYvjgrPjg7zjg4bjgqPjg7PjgrDjgpLmlr3jgZfjgabjgIHml6jjgb/jgpLjgZjjgaPjgY/jgorjgajlvJXjgY3lh7rjgZfjgb7jgZnjgII8QlI+CiAgICAgIOODu+ODl+ODrOS4gOODiOOBruiAkOS5heaAp+OBjOe0hDLlgI08QlI+CiAgICAgIOW+k+adpeWTgUNSQi1B5Z6L77yIMjAxMOW5tOijvSnjgajjga7mr5TovIPvvIjjg6Hjg7zjgqvjg7zmuKzlrprms5XvvIkgPEJSPgogICAgICDjg7vjg5fjg6zkuIDljZzooajpnaLjgavjgaTjgYTjgZ/msZrjgozjgYzokL3jgaHjgoTjgZnjgYQ8QlI+CiAgICAgIOODu+S9v+OBhOOChOOBmeOBhOODleOCqeODq+ODoOOBruOCueOCr+OCqOOCouOCv+OCpOODlzxCUj7jg7s455Wz6ZaT44Gn44KC5bu26ZW344Kz44O844OJ44GM44GE44KJ44Gq44GE44KG44Go44KK44GuM23jgrPjg7zjg4kKICAgICAgPC9GT05UPiZuYnNwOzwvVEQ+CiAgICA8L1RSPjxUUj4KICAgICAgPFREIGhlaWdodD0iMjAiIHdpZHRoPSIxNTkiPjxGT05UIHNpemU9IjMiPuWei+eVqjwvRk9OVD48L1REPgogICAgICA8VEQgaGVpZ2h0PSIyMCIgY29sc3Bhbj0iMiI+PEZPTlQgc2l6ZT0iMyI+Q1JDLUIxMDA8L0ZPTlQ+Jm5ic3A7PC9URD4KICAgIDwvVFI+CiAgICA8VFI+CiAgICAgIDxURCBoZWlnaHQ9IjIwIiB3aWR0aD0iMTU5Ij48Rk9OVCBzaXplPSIzIj7oibI8L0ZPTlQ+PC9URD4KICAgICAgPFREIGhlaWdodD0iMjAiIGNvbHNwYW49IjIiPjxGT05UIHNpemU9IjMiPuODluODqeOCpuODs++8iFQpPC9GT05UPjwvVEQ+CiAgICA8L1RSPgogICAgPFRSPgogICAgICA8VEQgaGVpZ2h0PSIyMCIgd2lkdGg9IjE1OSI+PEZPTlQgc2l6ZT0iMyI+5raI6LK76Zu75YqbPC9GT05UPjwvVEQ+CiAgICAgIDxURCBoZWlnaHQ9IjIwIiBjb2xzcGFuPSIyIj48Rk9OVCBzaXplPSIzIj4xMjAwVzwvRk9OVD48L1REPgogICAgPC9UUj4KICAgIDxUUj4KICAgICAgPFREIGhlaWdodD0iMjAiIHdpZHRoPSIxNTkiPjxGT05UIHNpemU9IjMiPuOCteOCpOOCuu+8iOe0hO+8iTwvRk9OVD48L1REPgogICAgICA8VEQgaGVpZ2h0PSIyMCIgY29sc3Bhbj0iMiI+PEZPTlQgc2l6ZT0iMyI+NTMuOMOXMzUuOMOXMTIuN2Nt77yI5bmFw5flpaXooYzDl+mrmOOBlSA8L0ZPTlQ+PEZPTlQgc2l6ZT0iMiI+4oC7MTwvRk9OVD48Rk9OVCBzaXplPSIzIj7vvIk8L0ZPTlQ+Jm5ic3A7PC9URD4KICAgIDwvVFI+CiAgICA8VFI+CiAgICAgIDxURCBoZWlnaHQ9IjIwIiB3aWR0aD0iMTU5Ij48Rk9OVCBzaXplPSIzIj7muKnluqboqr/nr4Dnr4Tlm7I8L0ZPTlQ+PC9URD4KICAgICAgPFREIGhlaWdodD0iMjAiIGNvbHNwYW49IjIiPjxGT05UIHNpemU9IjMiPgrkv53muKnvvZ4yNTDihIMKPC9GT05UPiZuYnNwOzwvVEQ+CiAgICA8L1RSPgogICAgPFRSPgogICAgICA8VEQgaGVpZ2h0PSIyMCIgd2lkdGg9IjE1OSI+PEZPTlQgc2l6ZT0iMyI+5pys5L2T6LOq6YeP77yI57SE77yJPC9GT05UPjwvVEQ+CiAgICAgIDxURCBoZWlnaHQ9IjIwIiBjb2xzcGFuPSIyIj48Rk9OVCBzaXplPSIzIj4KMy41a2c8L0ZPTlQ+Jm5ic3A7PC9URD4KICAgIDwvVFI+CiAgICA8VFI+CiAgICAgIDxURCBoZWlnaHQ9IjIwIiB3aWR0aD0iMTU5Ij48Rk9OVCBzaXplPSIzIj7jg5fjg6zjg7zjg4jjga7nqK7poZ48L0ZPTlQ+PC9URD4KICAgICAgPFREIGhlaWdodD0iMjAiIGNvbHNwYW49IjIiPjxGT05UIHNpemU9IjMiPuW5s+mdoiA8L0ZPTlQ+Jm5ic3A7PC9URD4KICAgIDwvVFI+CiAgICA8VFI+CiAgICAgIDxURCBoZWlnaHQ9IjIwIiB3aWR0aD0iMTU5Ij48Rk9OVCBzaXplPSIzIj7jg5fjg6zjg7zjg4jjgrXjgqTjgrrvvIjntITvvInjgIA8L0ZPTlQ+PC9URD4KICAgICAgPFREIGhlaWdodD0iMjAiIGNvbHNwYW49IjIiPjxGT05UIHNpemU9IjMiPjM1LjDDlzI4LjDDlzIuNGNt77yIPC9GT05UPjxGT05UIHNpemU9IjIiPuKAuzI8L0ZPTlQ+PEZPTlQgc2l6ZT0iMyI+77yJPC9GT05UPiZuYnNwOzwvVEQ+CiAgICA8L1RSPgogICAgPFRSPgogICAgICA8VEQgaGVpZ2h0PSIyMCIgcm93c3Bhbj0iMyIgd2lkdGg9IjE1OSI+PEZPTlQgc2l6ZT0iMyI+5qmf6IO9PC9GT05UPjwvVEQ+CiAgICAgIDxURCBoZWlnaHQ9IjIwIiB3aWR0aD0iMTUzIj48Rk9OVCBzaXplPSIzIj7jgYrjgYTjgZfjgZU8L0ZPTlQ+PC9URD4KICAgICAgPFREIHdpZHRoPSIzNjgiPjxGT05UIHNpemU9IjMiPumBoOi1pOWcn+mNi+OCs+ODvOODhuOCo+ODs+OCsOOAlOW5s+mdouODl+ODrOODvOODiOOAlTwvRk9OVD48L1REPgogICAgPC9UUj4KICAgIDxUUj4KICAgICAgPFREIGhlaWdodD0iMjAiIHdpZHRoPSIxNTMiPjxGT05UIHNpemU9IjMiPuS+v+WIqeODu+S9v+OBhOOChOOBmeOBlTwvRk9OVD48L1REPgogICAgICA8VEQgd2lkdGg9IjM2OCI+PEZPTlQgc2l6ZT0iMyI+6YeR5bGe44G444KJ5LuYPC9GT05UPjwvVEQ+CiAgICA8L1RSPgogICAgPFRSPgogICAgICA8VEQgaGVpZ2h0PSIyMCIgd2lkdGg9IjE1MyI+PEZPTlQgc2l6ZT0iMyI+44GK5omL5YWl44KMCjwvRk9OVD48L1REPgogICAgICA8VEQgd2lkdGg9IjM2OCI+PEZPTlQgc2l6ZT0iMyI+44OX44Os44O844OI5Li45rSX44GET0vjg7vmnKzkvZPjgqzjg7zjg4nkuLjmtJfjgYRPSzwvRk9OVD48L1REPgogICAgPC9UUj4KICAgIDxUUj4KICAgICAgPFREIGhlaWdodD0iMjAiIHdpZHRoPSIxNTkiPjxGT05UIHNpemU9IjMiPuWCmeiAg+OAgDwvRk9OVD48L1REPgogICAgICA8VEQgaGVpZ2h0PSIyMCIgY29sc3Bhbj0iMiI+PEZPTlQgc2l6ZT0iMyI+4oC7MSDlubPpnaLjg5fjg6zjg7zjg4jjgpLjgrvjg4Pjg4jjgZfjgZ/nirbmhYvjgafjgbXjgZ/jgpLjgZfjgabjgIHmuKnluqboqr/nr4DlmajjgpLjgrvjg4Pjg4g8QlI+CiAgICAgIOOBl+OBn+OBqOOBjeOBruaVsOWApOOAgjxCUj4KICAgICAg4oC7MiDluYXDl+WlpeihjMOX5rex44GV44Gu5pWw5YCk44CCIDwvRk9OVD4mbmJzcDs8L1REPgogICAgPC9UUj4KICAgIDxUUj4KICAgICAgPFREIGhlaWdodD0iMjAiIHdpZHRoPSIxNTkiPjxGT05UIHNpemU9IjMiPueZuuWjsuWFgzwvRk9OVD48L1REPgogICAgICA8VEQgaGVpZ2h0PSIyMCIgY29sc3Bhbj0iMiI+PEZPTlQgc2l6ZT0iMyI+44K/44Kk44Ks44O86a2U5rOV55O2CjwvRk9OVD4mbmJzcDs8L1REPgogICAgPC9UUj4KICA8L1RCT0RZPgo8L1RBQkxFPgo8UD48QlI+CjxGT05UIHNpemU9IjIiPgoKPEZPTlQgc2l6ZT0iMiIgY29sb3I9IiM2NjY2NjYiPgrigLvjgrXjgqTjgrrjg7vph43ph4/jga/ntITjga7ooajnpLrjgafoqqTlt67jgYznlJ/jgZjjgovloLTlkIjjgYzjgYLjgorjgb7jgZnjgII8YnI+CuKAu+WTgeizquWQkeS4iuOBruOBn+OCgeS6iOWRiueEoeOBj+S7leanmOOCkuWkieabtOOBmeOCi+WgtOWQiOOBjOOBlOOBluOBhOOBvuOBmeOAgjxCUj4K4oC75ZWG5ZOB55S75YOP44Gu6Imy5ZCI44GE44Gv44CB55S75YOP5Yem55CG5LiK44CA6Iul5bmy55Ww44Gq44KL5aC05ZCI44GM44GU44GW44GE44G+44GZ44CC5LqI44KB44GU5LqG5om/5LiL44GV44GE44CCPC9GT05UPjwvRk9OVD48L1A+CjxQPjxCUj4KPEJSPgo8L1A+PFRBQkxFIGJvcmRlcj0iMCIgYmdjb2xvcj0iI2ZmMDAwMCI+CiAgPFRCT0RZPgogICAgPFRSPgogICAgICA8VEQgYWxpZ249ImNlbnRlciIgYmdjb2xvcj0iI2ZmMDAwMCI+PEZPTlQgc2l6ZT0iKzEiIGNvbG9yPSIjZmZmZmZmIj48Qj7pgIHmlpnjgavjgaTjgYTjgaY8L0I+PC9GT05UPjwvVEQ+CiAgICA8L1RSPgogICAgPFRSPgogICAgICA8VEQgYmdjb2xvcj0iI2ZmZmZmZiI+PEZPTlQgc2l6ZT0iLTEiPuikh+aVsOOBruWVhuWTgeOCkuOBlOizvOWFpeOBl+OBn+WgtOWQiOOAgemAgeaWmeOBjOiHquWLleioiOeul+OBleOCjOOBquOBhOOBn+OCgeOAgeazqOaWh+aJi+e2muOBjeeUu+mdouOBp+OBr+eiuuWumuOBp+OBjeOBvuOBm+OCk+OAgjxCUj4KICAgICAg44GU5rOo5paH44KS5Y+X5LuY44GZ44KL6Zqb44Gr6YCB5paZ44KS56K65a6a44GV44Gb44Gm44GE44Gf44Gg44GN44G+44GZ44CC5LqI44KB44GU5LqG5om/44GP44Gg44GV44GE44CCPC9GT05UPjwvVEQ+CiAgICA8L1RSPgogIDwvVEJPRFk+CjwvVEFCTEU+,44CQ6YCB5paZ54Sh5paZ44CRIOOCv+OCpOOCrOODvOOAgOODm+ODg+ODiOODl+ODrOODvOODiOOAgENSQy1CMTAw77y077ya44Ki44O844Kv44Op44Oz44OJ5qW95aSp5biC5aC044K344On44OD44OX,5bel5YW35aGX5paZ44O75o6l552A44O76KOc5L+u5L2c5qWt55So5ZOB5ZyS6Iq455So5ZOB6L6y5qWt55So5ZOB5rC06YGT55So5ZOB44Ko44Kv44K544OG44Oq44Ki44Oa44OD44OI55So5ZOB54Wn5piO44Kk44Oz44OG44Oq44Ki5Y+O57SN5a625bqt55So5ZOB44Kr44O855So5ZOB44Ki44Km44OI44OJ44Ki6Ziy54qv6Ziy54G944Kv44Op44OV44OI6Zu75p2Q44Ks44O844OH44Oz5a6J5YWo55So5ZOB44K144Kk44Kv44Or55So5ZOB44CQ6YCB5paZ54Sh5paZ44CRIOOCv+OCpOOCrOODvOOAgOODm+ODg+ODiOODl+ODrOODvOODiOOAgENSQy1CMTAw77y0,44CQ6YCB5paZ54Sh5paZ44CRIOOCv+OCpOOCrOODvOOAgOODm+ODg+ODiOODl+ODrOODvOODiOOAgENSQy1CMTAw77y0[rn]
29-48540,aHR0cDovL3RzaG9wLnIxMHMuanAvdG9ra2EtY29tL2NhYmluZXQvMTQ2LzQ5MDQ3MTA0MTc3ODIuanBnP2ZpdGluPTcwMDo3MDA=,OTEwNC4wMDAw,,5a626Zu7ID4g44Kt44OD44OB44Oz5a626Zu7ID4g44Ob44OD44OI44OX44Os44O844OI44O744Kw44Oq44Or44O744OV44Op44Kk44Ok44O8ID4g44Ob44OD44OI44OX44Os44O844OI,44K/44Kk44Ks44O86a2U5rOV55O2IENSVi1CMjAwLVRIKOODoeOCv+ODquODg+OCr+ODluODqeOCpuODsykg44Oi44Km44GE44Gh44G+44GEIOODm+ODg+ODiOODl+ODrOODvOODiCAy5p6a44K/44Kk44OX,44CQ5Zyo5bqr44GC44KK44CR,PGltZyBzcmM9J2h0dHBzOi8vaW1hZ2UucmFrdXRlbi5jby5qcC90b2trYS1jb20vY2FiaW5ldC90b2trYV96YWlrby5naWYnIGJvcmRlcj0nMCcgYWx0PSfpgIHmlpnjg7vlnKjluqvnirbms4HjgpLnorroqo3jgZnjgosnPjxicj48Zm9udCBjb2xvcj0iI2ZmMDAwMCI+PGI+4oaR4oaR4oaR5q2j56K644Gq5Zyo5bqr54q25rOB44Gv5LiK6KiY44OQ44OK44O844CM6YCB5paZ44O75Zyo5bqr54q25rOB44KS56K66KqN44GZ44KL44CN44KS44Kv44Oq44OD44Kv44GX44Gm6aCC44GN44CB5b+F44Ga44GU56K66KqN44GP44Gg44GV44GE44CCPC9iPjwvZm9udD48YnI+PGJyPjx0YWJsZSBib3JkZXI9IjAiIGNlbGxzcGFjaW5nPSIwIiBjZWxscGFkZGluZz0iMCIgd2lkdGg9IjEwMCUiPjx0cj48dGQgd2lkdGg9IjEwMCUiPjxpbWcgc3JjPSJodHRwczovL3d3dy5yYWt1dGVuLm5lLmpwL2dvbGQvdG9ra2EtY29tL2ltZy9pbWdfZ3VpZGUvdGx0X29wdGlvbi5qcGciIGJvcmRlcj0iMCIgd2lkdGg9IjEwMCUiPjwvdGQ+PC90cj48dHI+PHRkIHdpZHRoPSIxMDAlIj48aW1nIHNyYz0iaHR0cHM6Ly93d3cucmFrdXRlbi5uZS5qcC9nb2xkL3Rva2thLWNvbS9pbWcvaW1nX2d1aWRlL3NwYWNlci5naWYiIHdpZHRoPSIxMDAlIiBoZWlnaHQ9IjEwIj48L3RkPjwvdHI+PHRyPjx0ZD48Zm9udCBjb2xvcj0icmVkIj7plbfmnJ/kv53oqLzjgpLjgZTluIzmnJvjga7jgYrlrqLmp5jjga/kuIvoqJjjga7ooajjgojjgorjgIzllYblk4HvvIvplbfmnJ/kv53oqLzjgI3jga7jg5rjg7zjgrjjgbjnp7vli5XjgZfjgabjgZTms6jmlofjgY/jgaDjgZXjgYTjgII8YnI+4oC76ZW35pyf5L+d6Ki844Gv5rOV5Lq65Yqg5YWl44KE5qWt5YuZ5L2/55So44CB6K2y5rih44KE5YaN6LKp44Gv44GU5Yip55So44GE44Gf44Gg44GR44G+44Gb44KT44CCPGJyPumVt+acn+S/neiovOOBq+OBpOOBhOOBpu+8sO+8o+ODu+OCv+ODluODrOODg+ODiOODu+ODl+ODquODs+OCv+ODvOODu+W3peWFt+OBr+ODoeODvOOCq+ODvOS/neiovOOCkuWQq+OCgeOBpu+8k+W5tOOAgeWutumbu+OBr++8leW5tOmWk+OBruS/neiovOOBqOOBquOCiuOBvuOBmeOAgjwvZm9udD48L3RkPjwvdHI+PHRyPjx0ZCB3aWR0aD0iMTAwJSI+PGltZyBzcmM9Imh0dHBzOi8vd3d3LnJha3V0ZW4ubmUuanAvZ29sZC90b2trYS1jb20vaW1nL2ltZ19ndWlkZS9zcGFjZXIuZ2lmIiB3aWR0aD0iMTAwJSIgaGVpZ2h0PSIyMCI+PC90ZD48L3RyPjwvdGFibGU+PHRhYmxlIGJvcmRlcj0iMCIgY2VsbHNwYWNpbmc9IjAiIGNlbGxwYWRkaW5nPSIwIiB3aWR0aD0iMTAwJSI+PHRyPjx0ZCB3aWR0aD0iMTUlIj48aW1nIHNyYz0iaHR0cHM6Ly93d3cucmFrdXRlbi5uZS5qcC9nb2xkL3Rva2thLWNvbS9pbWcvaW1nX2d1aWRlL2J0bl9vcHRpb24wMS5qcGciIGJvcmRlcj0iMCIgd2lkdGg9IjEwMCUiPjwvdGQ+PHRkIHdpZHRoPSIyJSI+PGltZyBzcmM9Imh0dHBzOi8vd3d3LnJha3V0ZW4ubmUuanAvZ29sZC90b2trYS1jb20vaW1nL2ltZ19ndWlkZS9zcGFjZXIuZ2lmIiB3aWR0aD0iMTAwJSIgaGVpZ2h0PSIxMCI+PC90ZD48dGQgd2lkdGg9IjE1JSI+PGltZyBzcmM9Imh0dHBzOi8vd3d3LnJha3V0ZW4ubmUuanAvZ29sZC90b2trYS1jb20vaW1nL2ltZ19ndWlkZS9idG5fb3B0aW9uMDIuanBnIiBib3JkZXI9IjAiIHdpZHRoPSIxMDAlIj48L3RkPjx0ZCB3aWR0aD0iMiUiPjxpbWcgc3JjPSJodHRwczovL3d3dy5yYWt1dGVuLm5lLmpwL2dvbGQvdG9ra2EtY29tL2ltZy9pbWdfZ3VpZGUvc3BhY2VyLmdpZiIgd2lkdGg9IjEwMCUiIGhlaWdodD0iMTAiPjwvdGQ+PHRkIHdpZHRoPSIxNSUiPjxpbWcgc3JjPSJodHRwczovL3d3dy5yYWt1dGVuLm5lLmpwL2dvbGQvdG9ra2EtY29tL2ltZy9pbWdfZ3VpZGUvc3BhY2VyLmdpZiIgd2lkdGg9IjEwMCUiIGhlaWdodD0iMTAiPjwvdGQ+PHRkIHdpZHRoPSIyJSI+PGltZyBzcmM9Imh0dHBzOi8vd3d3LnJha3V0ZW4ubmUuanAvZ29sZC90b2trYS1jb20vaW1nL2ltZ19ndWlkZS9zcGFjZXIuZ2lmIiB3aWR0aD0iMTAwJSIgaGVpZ2h0PSIxMCI+PC90ZD48dGQgd2lkdGg9IjE1JSI+PGltZyBzcmM9Imh0dHBzOi8vd3d3LnJha3V0ZW4ubmUuanAvZ29sZC90b2trYS1jb20vaW1nL2ltZ19ndWlkZS9zcGFjZXIuZ2lmIiB3aWR0aD0iMTAwJSIgaGVpZ2h0PSIxMCI+PC90ZD48dGQgd2lkdGg9IjIlIj48aW1nIHNyYz0iaHR0cHM6Ly93d3cucmFrdXRlbi5uZS5qcC9nb2xkL3Rva2thLWNvbS9pbWcvaW1nX2d1aWRlL3NwYWNlci5naWYiIHdpZHRoPSIxMDAlIiBoZWlnaHQ9IjEwIj48L3RkPjx0ZCB3aWR0aD0iMTUlIj48aW1nIHNyYz0iaHR0cHM6Ly93d3cucmFrdXRlbi5uZS5qcC9nb2xkL3Rva2thLWNvbS9pbWcvaW1nX2d1aWRlL3NwYWNlci5naWYiIHdpZHRoPSIxMDAlIiBoZWlnaHQ9IjEwIj48L3RkPjx0ZCB3aWR0aD0iMiUiPjxpbWcgc3JjPSJodHRwczovL3d3dy5yYWt1dGVuLm5lLmpwL2dvbGQvdG9ra2EtY29tL2ltZy9pbWdfZ3VpZGUvc3BhY2VyLmdpZiIgd2lkdGg9IjEwMCUiIGhlaWdodD0iMTAiPjwvdGQ+PHRkIHdpZHRoPSIxNSUiPjxpbWcgc3JjPSJodHRwczovL3d3dy5yYWt1dGVuLm5lLmpwL2dvbGQvdG9ra2EtY29tL2ltZy9pbWdfZ3VpZGUvc3BhY2VyLmdpZiIgd2lkdGg9IjEwMCUiIGhlaWdodD0iMTAiPjwvdGQ+PC90cj48dHI+PHRkIGNvbHNwYW49IjExIiB3aWR0aD0iMTAwJSI+PGltZyBzcmM9Imh0dHBzOi8vd3d3LnJha3V0ZW4ubmUuanAvZ29sZC90b2trYS1jb20vaW1nL2ltZ19ndWlkZS9zcGFjZXIuZ2lmIiB3aWR0aD0iMTAwJSIgaGVpZ2h0PSIyMCI+PC90ZD48L3RyPjwvdGFibGU+PHRhYmxlIGJvcmRlcj0iMCIgY2VsbHNwYWNpbmc9IjAiIGNlbGxwYWRkaW5nPSIwIiB3aWR0aD0iMTAwJSI+PHRyPjx0ZCBjb2xzcGFuPSI3IiB3aWR0aD0iMTAwJSI+PGltZyBzcmM9Imh0dHBzOi8vd3d3LnJha3V0ZW4ubmUuanAvZ29sZC90b2trYS1jb20vaW1nL2ltZ19ndWlkZS90bHRfc2VydmljZS5qcGciIHdpZHRoPSIxMDAlIj48L3RkPjwvdHI+PHRyPjx0ZCBjb2xzcGFuPSI3IiB3aWR0aD0iMTAwJSI+PGltZyBzcmM9Imh0dHBzOi8vd3d3LnJha3V0ZW4ubmUuanAvZ29sZC90b2trYS1jb20vaW1nL2ltZ19ndWlkZS9zcGFjZXIuZ2lmIiB3aWR0aD0iMTAwJSIgaGVpZ2h0PSIyMCI+PC90ZD48L3RyPjx0cj48dGQgd2lkdGg9IjIzJSI+PGltZyBzcmM9Imh0dHBzOi8vd3d3LnJha3V0ZW4ubmUuanAvZ29sZC90b2trYS1jb20vaW1nL2ltZ19ndWlkZS9idG5fc2VydmljZTAxLmpwZyIgd2lkdGg9IjEwMCUiPjwvdGQ+PHRkIHdpZHRoPSIyJSI+PGltZyBzcmM9Imh0dHBzOi8vd3d3LnJha3V0ZW4ubmUuanAvZ29sZC90b2trYS1jb20vaW1nL2ltZ19ndWlkZS9zcGFjZXIuZ2lmIiB3aWR0aD0iMTAwJSIgaGVpZ2h0PSIxMCI+PC90ZD48dGQgd2lkdGg9IjIzJSI+PGltZyBzcmM9Imh0dHBzOi8vd3d3LnJha3V0ZW4ubmUuanAvZ29sZC90b2trYS1jb20vaW1nL2ltZ19ndWlkZS9zcGFjZXIuZ2lmIiB3aWR0aD0iMTAwJSIgaGVpZ2h0PSIxMCI+PC90ZD48dGQgd2lkdGg9IjIlIj48aW1nIHNyYz0iaHR0cHM6Ly93d3cucmFrdXRlbi5uZS5qcC9nb2xkL3Rva2thLWNvbS9pbWcvaW1nX2d1aWRlL3NwYWNlci5naWYiIHdpZHRoPSIxMDAlIiBoZWlnaHQ9IjEwIj48L3RkPjx0ZCB3aWR0aD0iMjMlIj48aW1nIHNyYz0iaHR0cHM6Ly93d3cucmFrdXRlbi5uZS5qcC9nb2xkL3Rva2thLWNvbS9pbWcvaW1nX2d1aWRlL3NwYWNlci5naWYiIHdpZHRoPSIxMDAlIiBoZWlnaHQ9IjEwIj48L3RkPjx0ZCB3aWR0aD0iMiUiPjxpbWcgc3JjPSJodHRwczovL3d3dy5yYWt1dGVuLm5lLmpwL2dvbGQvdG9ra2EtY29tL2ltZy9pbWdfZ3VpZGUvc3BhY2VyLmdpZiIgd2lkdGg9IjEwMCUiIGhlaWdodD0iMTAiPjwvdGQ+PHRkIHdpZHRoPSIyMyUiPjxpbWcgc3JjPSJodHRwczovL3d3dy5yYWt1dGVuLm5lLmpwL2dvbGQvdG9ra2EtY29tL2ltZy9pbWdfZ3VpZGUvc3BhY2VyLmdpZiIgd2lkdGg9IjEwMCUiIGhlaWdodD0iMTAiPjwvdGQ+PC90cj48dHI+PHRkIGNvbHNwYW49IjciIHdpZHRoPSIxMDAlIj48aW1nIHNyYz0iaHR0cHM6Ly93d3cucmFrdXRlbi5uZS5qcC9nb2xkL3Rva2thLWNvbS9pbWcvaW1nX2d1aWRlL3NwYWNlci5naWYiIHdpZHRoPSIxMDAlIiBoZWlnaHQ9IjIwIj48L3RkPjwvdHI+PC90YWJsZT48YnI+PGJyPuKWoOmBoOi1pOWcn+mNi+OCs+ODvOODhuOCo+ODs+OCsOOBruW5s+mdouODl+ODrOODvOODiDxicj7ilqDjgrPjg7Pjg5Hjgq/jg4jnuKbnva7jgY3lj47ntI08YnI+4pag5pys5L2T44Ks44O844OJ5Li45rSX44GET0shPGJyPjxiPuODl+ODrOODvOODiOOCv+OCpOODlzwvYj7vvJrjg5vjg4Pjg4jjg5fjg6zjg7zjg4g8YnI+PGI+44OX44Os44O844OI5b2i54q2PC9iPu+8mumVt+aWueW9ojxicj48Yj7ooajpnaLjgrPjg7zjg4bjgqPjg7PjgrA8L2I+77ya6YGg6LWk5Zyf6Y2L44Kz44O844OG44Kj44Oz44KwPGJyPjxiPuacgOmrmOa4qeW6pjwvYj7vvJoyNTDihIM8YnI+PGI+5Li45rSX44GEPC9iPu+8muKXizxicj48Yj7jg5fjg6zjg7zjg4jnqK7poZ48L2I+PGJyPuOAgOazouWei+ODl+ODrOODvOODiCg0Mi4xeDMwLjl4Mi4yY20pPGJyPuOAgOW5s+mdouODl+ODrOODvOODiCg0Mi4xeDMwLjl4Mi40Y20pPGJyPjxiPuODnuOCsOODjeODg+ODiOODl+ODqeOCsDwvYj7vvJril4s8YnI+PGI+44Kz44O844OJ6ZW3PC9iPu+8mjNtPGJyPjxiPua2iOiyu+mbu+WKmzwvYj7vvJoxMzAwVzxicj48Yj7lr7jms5U8L2I+77ya5bmFIDU2N3jpq5jjgZUgMTM2eOWlpeihjCAzNzltbTxicj48Yj7os6rph488L2I+77ya57SENy4ya2c8YnI+PGI+5LuY5bGe5ZOBPC9iPu+8mjxicj7jgIDph5HlsZ7jg5jjg6njg5fjg6zjg7zjg4go56m044GC44GN772l5rOi5b2iKTxicj7jgIDlj47ntI3jgrHjg7zjgrk8YnI+PHN0eWxlIHR5cGU9InRleHQvY3NzIj4KLyrosrfjgYTnianjgqvjgrTjg5zjgr/jg7MqLwojcmFrdXRlbkxpbWl0ZWRJZF9hcm91bmRDYXJ0IGlucHV0W3ZhbHVlPSLosrfjgYTnianjgYvjgZTjgavlhaXjgozjgosiXXsKCWJhY2tncm91bmQ6dXJsKCJodHRwOi8vaW1hZ2UucmFrdXRlbi5jby5qcC90b2trYS1jb20vY2FiaW5ldC9pbWdfYnRuL3J0X2NhcnRfYnRuLmdpZiIpIDAgMCBuby1yZXBlYXQ7Cgl3aWR0aDogMTk4cHg7CgloZWlnaHQ6IDQ1cHg7Cglib3JkZXI6bm9uZTsKCW1hcmdpbi1ib3R0b206IDEwcHg7CgljdXJzb3I6IHBvaW50ZXI7CgljdXJzb3I6IGhhbmQ7Cgl0ZXh0LWluZGVudDotOTk5OXB4Owp9CiNyYWt1dGVuTGltaXRlZElkX2Fyb3VuZENhcnQgaW5wdXRbdmFsdWU9Iuiyt+OBhOeJqeOBi+OBlOOBq+WFpeOCjOOCiyJdOmhvdmVyewoJb3BhY2l0eTowLjg7ICAKCWZpbHRlcjogYWxwaGEob3BhY2l0eT04MCk7ICAKCS1tcy1maWx0ZXI6ICJhbHBoYSggb3BhY2l0eT04MCApIjsgIAp9Cjwvc3R5bGU+,44K/44Kk44Ks44O86a2U5rOV55O2IENSVi1CMjAwLVRIKOODoeOCv+ODquODg+OCr+ODluODqeOCpuODsykg44Oi44Km44GE44Gh44G+44GEIOODm+ODg+ODiOODl+ODrOODvOODiCAy5p6a44K/44Kk44OX77ya54m55L6hQ09N,44K/44Kk44Ks44O86a2U5rOV55O2IENSVi1CMjAwLVRIKOODoeOCv+ODquODg+OCr+ODluODqeOCpuODsykg44Oi44Km44GE44Gh44G+44GEIOODm+ODg+ODiOODl+ODrOODvOODiCAy5p6a44K/44Kk44OX,44CQ5Zyo5bqr44GC44KK44CR44CC44K/44Kk44Ks44O86a2U5rOV55O2IENSVi1CMjAwLVRIKOODoeOCv+ODquODg+OCr+ODluODqeOCpuODsykg44Oi44Km44GE44Gh44G+44GEIOODm+ODg+ODiOODl+ODrOODvOODiCAy5p6a44K/44Kk44OX[rn]
29-48541,aHR0cDovL3RzaG9wLnIxMHMuanAvdG9ra2EtY29tL2NhYmluZXQvMTQ2LzQ5MDQ3MTA0MTc3ODIuanBnP2ZpdGluPTcwMDo3MDA=,OTU1OS4yMDAw,,5a626Zu7ID4g44Kt44OD44OB44Oz5a626Zu7ID4g44Ob44OD44OI44OX44Os44O844OI44O744Kw44Oq44Or44O744OV44Op44Kk44Ok44O8ID4g44Ob44OD44OI44OX44Os44O844OI,44CQ6ZW35pyf5L+d6Ki85LuY44CR44K/44Kk44Ks44O86a2U5rOV55O2IENSVi1CMjAwLVRIKOODoeOCv+ODquODg+OCr+ODluODqeOCpuODsykg44Oi44Km44GE44Gh44G+44GEIOODm+ODg+ODiOODl+ODrOODvOODiCAy5p6a44K/44Kk44OX,44CQ5Zyo5bqr44GC44KK44CR,PHRhYmxlIGJvcmRlcj0iMCIgY2VsbHNwYWNpbmc9IjAiIGNlbGxwYWRkaW5nPSIwIiB3aWR0aD0iMTAwJSI+PHRyPjx0ZCB3aWR0aD0iMTAwJSI+PGltZyBzcmM9Imh0dHBzOi8vd3d3LnJha3V0ZW4ubmUuanAvZ29sZC90b2trYS1jb20vaW1nL2ltZ19ndWlkZS90bHRfb3B0aW9uLmpwZyIgYm9yZGVyPSIwIiB3aWR0aD0iMTAwJSI+PC90ZD48L3RyPjx0cj48dGQgd2lkdGg9IjEwMCUiPjxpbWcgc3JjPSJodHRwczovL3d3dy5yYWt1dGVuLm5lLmpwL2dvbGQvdG9ra2EtY29tL2ltZy9pbWdfZ3VpZGUvc3BhY2VyLmdpZiIgd2lkdGg9IjEwMCUiIGhlaWdodD0iMTAiPjwvdGQ+PC90cj48dHI+PHRkPjxmb250IGNvbG9yPSJyZWQiPuWVhuWTgeOBruWcqOW6q+eKtuazgeOBr+S4i+ihqOOBruOAjOWVhuWTgeOBruOBv+OAjeOBruODmuODvOOCuOOBuOenu+WLleOBl+OBpuOBlOeiuuiqjeOBj+OBoOOBleOBhOOAgjxicj7plbfmnJ/kv53oqLzjga/ms5Xkurrmp5jvvIjlgIvkurrmp5jku6XlpJbvvInjga7liqDlhaXjgIHmpa3li5njgafjga7kvb/nlKjjga/kv53oqLzlpJbjgajjgarjgorjgb7jgZnjgII8YnI+5b+F44Ga6ZW35pyf5L+d6Ki844Gu44K144O844OT44K55YaF5a6544CB6KaP5a6a44KS5LqI44KB44GU56K66KqN44GP44Gg44GV44GE44CCPGJyPumVt+acn+S/neiovOOCkuOBlOW4jOacm+OBleOCjOOBquOBhOWgtOWQiOOBr+S4i+iomOOBruihqOOCiOOCiuOAjOWVhuWTgeOBruOBv+OAjeOBruODmuODvOOCuOOBuOenu+WLleOBl+OBpuOBlOazqOaWh+OBj+OBoOOBleOBhOOAgjxicj7vvJXlubTplpPplbfmnJ/kv53oqLzigLvvvLDvvKPjgIHjgr/jg5bjg6zjg4Pjg4jjgIHjg5fjg6rjg7Pjgr/jg7zjgIHlt6Xlhbfjga/vvJPlubTjgajjgarjgorjgb7jgZnjgII8L2ZvbnQ+PC90ZD48L3RyPjx0cj48dGQgd2lkdGg9IjEwMCUiPjxpbWcgc3JjPSJodHRwczovL3d3dy5yYWt1dGVuLm5lLmpwL2dvbGQvdG9ra2EtY29tL2ltZy9pbWdfZ3VpZGUvc3BhY2VyLmdpZiIgd2lkdGg9IjEwMCUiIGhlaWdodD0iMjAiPjwvdGQ+PC90cj48L3RhYmxlPjx0YWJsZSBib3JkZXI9IjAiIGNlbGxzcGFjaW5nPSIwIiBjZWxscGFkZGluZz0iMCIgd2lkdGg9IjEwMCUiPjx0cj48dGQgd2lkdGg9IjE1JSI+PGltZyBzcmM9Imh0dHBzOi8vd3d3LnJha3V0ZW4ubmUuanAvZ29sZC90b2trYS1jb20vaW1nL2ltZ19ndWlkZS9idG5fb3B0aW9uMDEuanBnIiBib3JkZXI9IjAiIHdpZHRoPSIxMDAlIj48L3RkPjx0ZCB3aWR0aD0iMiUiPjxpbWcgc3JjPSJodHRwczovL3d3dy5yYWt1dGVuLm5lLmpwL2dvbGQvdG9ra2EtY29tL2ltZy9pbWdfZ3VpZGUvc3BhY2VyLmdpZiIgd2lkdGg9IjEwMCUiIGhlaWdodD0iMTAiPjwvdGQ+PHRkIHdpZHRoPSIxNSUiPjxpbWcgc3JjPSJodHRwczovL3d3dy5yYWt1dGVuLm5lLmpwL2dvbGQvdG9ra2EtY29tL2ltZy9pbWdfZ3VpZGUvYnRuX29wdGlvbjAyLmpwZyIgYm9yZGVyPSIwIiB3aWR0aD0iMTAwJSI+PC90ZD48dGQgd2lkdGg9IjIlIj48aW1nIHNyYz0iaHR0cHM6Ly93d3cucmFrdXRlbi5uZS5qcC9nb2xkL3Rva2thLWNvbS9pbWcvaW1nX2d1aWRlL3NwYWNlci5naWYiIHdpZHRoPSIxMDAlIiBoZWlnaHQ9IjEwIj48L3RkPjx0ZCB3aWR0aD0iMTUlIj48aW1nIHNyYz0iaHR0cHM6Ly93d3cucmFrdXRlbi5uZS5qcC9nb2xkL3Rva2thLWNvbS9pbWcvaW1nX2d1aWRlL3NwYWNlci5naWYiIHdpZHRoPSIxMDAlIiBoZWlnaHQ9IjEwIj48L3RkPjx0ZCB3aWR0aD0iMiUiPjxpbWcgc3JjPSJodHRwczovL3d3dy5yYWt1dGVuLm5lLmpwL2dvbGQvdG9ra2EtY29tL2ltZy9pbWdfZ3VpZGUvc3BhY2VyLmdpZiIgd2lkdGg9IjEwMCUiIGhlaWdodD0iMTAiPjwvdGQ+PHRkIHdpZHRoPSIxNSUiPjxpbWcgc3JjPSJodHRwczovL3d3dy5yYWt1dGVuLm5lLmpwL2dvbGQvdG9ra2EtY29tL2ltZy9pbWdfZ3VpZGUvc3BhY2VyLmdpZiIgd2lkdGg9IjEwMCUiIGhlaWdodD0iMTAiPjwvdGQ+PHRkIHdpZHRoPSIyJSI+PGltZyBzcmM9Imh0dHBzOi8vd3d3LnJha3V0ZW4ubmUuanAvZ29sZC90b2trYS1jb20vaW1nL2ltZ19ndWlkZS9zcGFjZXIuZ2lmIiB3aWR0aD0iMTAwJSIgaGVpZ2h0PSIxMCI+PC90ZD48dGQgd2lkdGg9IjE1JSI+PGltZyBzcmM9Imh0dHBzOi8vd3d3LnJha3V0ZW4ubmUuanAvZ29sZC90b2trYS1jb20vaW1nL2ltZ19ndWlkZS9zcGFjZXIuZ2lmIiB3aWR0aD0iMTAwJSIgaGVpZ2h0PSIxMCI+PC90ZD48dGQgd2lkdGg9IjIlIj48aW1nIHNyYz0iaHR0cHM6Ly93d3cucmFrdXRlbi5uZS5qcC9nb2xkL3Rva2thLWNvbS9pbWcvaW1nX2d1aWRlL3NwYWNlci5naWYiIHdpZHRoPSIxMDAlIiBoZWlnaHQ9IjEwIj48L3RkPjx0ZCB3aWR0aD0iMTUlIj48aW1nIHNyYz0iaHR0cHM6Ly93d3cucmFrdXRlbi5uZS5qcC9nb2xkL3Rva2thLWNvbS9pbWcvaW1nX2d1aWRlL3NwYWNlci5naWYiIHdpZHRoPSIxMDAlIiBoZWlnaHQ9IjEwIj48L3RkPjwvdHI+PHRyPjx0ZCBjb2xzcGFuPSIxMSIgd2lkdGg9IjEwMCUiPjxpbWcgc3JjPSJodHRwczovL3d3dy5yYWt1dGVuLm5lLmpwL2dvbGQvdG9ra2EtY29tL2ltZy9pbWdfZ3VpZGUvc3BhY2VyLmdpZiIgd2lkdGg9IjEwMCUiIGhlaWdodD0iMjAiPjwvdGQ+PC90cj48L3RhYmxlPjx0YWJsZSBib3JkZXI9IjAiIGNlbGxzcGFjaW5nPSIwIiBjZWxscGFkZGluZz0iMCIgd2lkdGg9IjEwMCUiPjx0cj48dGQgY29sc3Bhbj0iNyIgd2lkdGg9IjEwMCUiPjxpbWcgc3JjPSJodHRwczovL3d3dy5yYWt1dGVuLm5lLmpwL2dvbGQvdG9ra2EtY29tL2ltZy9pbWdfZ3VpZGUvdGx0X3NlcnZpY2UuanBnIiB3aWR0aD0iMTAwJSI+PC90ZD48L3RyPjx0cj48dGQgY29sc3Bhbj0iNyIgd2lkdGg9IjEwMCUiPjxpbWcgc3JjPSJodHRwczovL3d3dy5yYWt1dGVuLm5lLmpwL2dvbGQvdG9ra2EtY29tL2ltZy9pbWdfZ3VpZGUvc3BhY2VyLmdpZiIgd2lkdGg9IjEwMCUiIGhlaWdodD0iMjAiPjwvdGQ+PC90cj48dHI+PHRkIHdpZHRoPSIyMyUiPjxpbWcgc3JjPSJodHRwczovL3d3dy5yYWt1dGVuLm5lLmpwL2dvbGQvdG9ra2EtY29tL2ltZy9pbWdfZ3VpZGUvYnRuX3NlcnZpY2UwMS5qcGciIHdpZHRoPSIxMDAlIj48L3RkPjx0ZCB3aWR0aD0iMiUiPjxpbWcgc3JjPSJodHRwczovL3d3dy5yYWt1dGVuLm5lLmpwL2dvbGQvdG9ra2EtY29tL2ltZy9pbWdfZ3VpZGUvc3BhY2VyLmdpZiIgd2lkdGg9IjEwMCUiIGhlaWdodD0iMTAiPjwvdGQ+PHRkIHdpZHRoPSIyMyUiPjxpbWcgc3JjPSJodHRwczovL3d3dy5yYWt1dGVuLm5lLmpwL2dvbGQvdG9ra2EtY29tL2ltZy9pbWdfZ3VpZGUvc3BhY2VyLmdpZiIgd2lkdGg9IjEwMCUiIGhlaWdodD0iMTAiPjwvdGQ+PHRkIHdpZHRoPSIyJSI+PGltZyBzcmM9Imh0dHBzOi8vd3d3LnJha3V0ZW4ubmUuanAvZ29sZC90b2trYS1jb20vaW1nL2ltZ19ndWlkZS9zcGFjZXIuZ2lmIiB3aWR0aD0iMTAwJSIgaGVpZ2h0PSIxMCI+PC90ZD48dGQgd2lkdGg9IjIzJSI+PGltZyBzcmM9Imh0dHBzOi8vd3d3LnJha3V0ZW4ubmUuanAvZ29sZC90b2trYS1jb20vaW1nL2ltZ19ndWlkZS9zcGFjZXIuZ2lmIiB3aWR0aD0iMTAwJSIgaGVpZ2h0PSIxMCI+PC90ZD48dGQgd2lkdGg9IjIlIj48aW1nIHNyYz0iaHR0cHM6Ly93d3cucmFrdXRlbi5uZS5qcC9nb2xkL3Rva2thLWNvbS9pbWcvaW1nX2d1aWRlL3NwYWNlci5naWYiIHdpZHRoPSIxMDAlIiBoZWlnaHQ9IjEwIj48L3RkPjx0ZCB3aWR0aD0iMjMlIj48aW1nIHNyYz0iaHR0cHM6Ly93d3cucmFrdXRlbi5uZS5qcC9nb2xkL3Rva2thLWNvbS9pbWcvaW1nX2d1aWRlL3NwYWNlci5naWYiIHdpZHRoPSIxMDAlIiBoZWlnaHQ9IjEwIj48L3RkPjwvdHI+PHRyPjx0ZCBjb2xzcGFuPSI3IiB3aWR0aD0iMTAwJSI+PGltZyBzcmM9Imh0dHBzOi8vd3d3LnJha3V0ZW4ubmUuanAvZ29sZC90b2trYS1jb20vaW1nL2ltZ19ndWlkZS9zcGFjZXIuZ2lmIiB3aWR0aD0iMTAwJSIgaGVpZ2h0PSIyMCI+PC90ZD48L3RyPjwvdGFibGU+PGJyPjxicj7ilqDpgaDotaTlnJ/pjYvjgrPjg7zjg4bjgqPjg7PjgrDjga7lubPpnaLjg5fjg6zjg7zjg4g8YnI+4pag44Kz44Oz44OR44Kv44OI57im572u44GN5Y+O57SNPGJyPuKWoOacrOS9k+OCrOODvOODieS4uOa0l+OBhE9LITxicj48Yj7jg5fjg6zjg7zjg4jjgr/jgqTjg5c8L2I+77ya44Ob44OD44OI44OX44Os44O844OIPGJyPjxiPuODl+ODrOODvOODiOW9oueKtjwvYj7vvJrplbfmlrnlvaI8YnI+PGI+6KGo6Z2i44Kz44O844OG44Kj44Oz44KwPC9iPu+8mumBoOi1pOWcn+mNi+OCs+ODvOODhuOCo+ODs+OCsDxicj48Yj7mnIDpq5jmuKnluqY8L2I+77yaMjUw4oSDPGJyPjxiPuS4uOa0l+OBhDwvYj7vvJril4s8YnI+PGI+44OX44Os44O844OI56iu6aGePC9iPjxicj7jgIDms6Llnovjg5fjg6zjg7zjg4goNDIuMXgzMC45eDIuMmNtKTxicj7jgIDlubPpnaLjg5fjg6zjg7zjg4goNDIuMXgzMC45eDIuNGNtKTxicj48Yj7jg57jgrDjg43jg4Pjg4jjg5fjg6njgrA8L2I+77ya4peLPGJyPjxiPuOCs+ODvOODiemVtzwvYj7vvJozbTxicj48Yj7mtojosrvpm7vlips8L2I+77yaMTMwMFc8YnI+PGI+5a+45rOVPC9iPu+8muW5hSA1Njd46auY44GVIDEzNnjlpaXooYwgMzc5bW08YnI+PGI+6LOq6YePPC9iPu+8mue0hDcuMmtnPGJyPjxiPuS7mOWxnuWTgTwvYj7vvJo8YnI+44CA6YeR5bGe44OY44Op44OX44Os44O844OIKOeptOOBguOBje+9peazouW9oik8YnI+44CA5Y+O57SN44Kx44O844K5PGJyPjxzdHlsZSB0eXBlPSJ0ZXh0L2NzcyI+Ci8q6LK344GE54mp44Kr44K044Oc44K/44OzKi8KI3Jha3V0ZW5MaW1pdGVkSWRfYXJvdW5kQ2FydCBpbnB1dFt2YWx1ZT0i6LK344GE54mp44GL44GU44Gr5YWl44KM44KLIl17CgliYWNrZ3JvdW5kOnVybCgiaHR0cDovL2ltYWdlLnJha3V0ZW4uY28uanAvdG9ra2EtY29tL2NhYmluZXQvaW1nX2J0bi9ydF9jYXJ0X2J0bi5naWYiKSAwIDAgbm8tcmVwZWF0OwoJd2lkdGg6IDE5OHB4OwoJaGVpZ2h0OiA0NXB4OwoJYm9yZGVyOm5vbmU7CgltYXJnaW4tYm90dG9tOiAxMHB4OwoJY3Vyc29yOiBwb2ludGVyOwoJY3Vyc29yOiBoYW5kOwoJdGV4dC1pbmRlbnQ6LTk5OTlweDsKfQojcmFrdXRlbkxpbWl0ZWRJZF9hcm91bmRDYXJ0IGlucHV0W3ZhbHVlPSLosrfjgYTnianjgYvjgZTjgavlhaXjgozjgosiXTpob3ZlcnsKCW9wYWNpdHk6MC44OyAgCglmaWx0ZXI6IGFscGhhKG9wYWNpdHk9ODApOyAgCgktbXMtZmlsdGVyOiAiYWxwaGEoIG9wYWNpdHk9ODAgKSI7ICAKfQo8L3N0eWxlPg==,44CQ6ZW35pyf5L+d6Ki85LuY44CR44K/44Kk44Ks44O86a2U5rOV55O2IENSVi1CMjAwLVRIKOODoeOCv+ODquODg+OCr+ODluODqeOCpuODsykg44Oi44Km44GE44Gh44G+44GEIOODm+ODg+ODiOODl+ODrOODvOODiCAy5p6a44K/44Kk44OX77ya54m55L6hQ09N,44CQ6ZW35pyf5L+d6Ki85LuY44CR44K/44Kk44Ks44O86a2U5rOV55O2IENSVi1CMjAwLVRIKOODoeOCv+ODquODg+OCr+ODluODqeOCpuODsykg44Oi44Km44GE44Gh44G+44GEIOODm+ODg+ODiOODl+ODrOODvOODiCAy5p6a44K/44Kk44OX,44CQ5Zyo5bqr44GC44KK44CR44CC44CQ6ZW35pyf5L+d6Ki85LuY44CR44K/44Kk44Ks44O86a2U5rOV55O2IENSVi1CMjAwLVRIKOODoeOCv+ODquODg+OCr+ODluODqeOCpuODsykg44Oi44Km44GE44Gh44G+44GEIOODm+ODg+ODiOODl+ODrOODvOODiCAy5p6a44K/44Kk44OX[rn]
29-48542,aHR0cDovL3RzaG9wLnIxMHMuanAvdG9ra2EtY29tL2NhYmluZXQvMTczLzQ5NzE4NjAwMzEyNDMuanBnP2ZpdGluPTcwMDo3MDA=,NDYzNi4wMDAw,,5a626Zu7ID4g44Kt44OD44OB44Oz5a626Zu7ID4g44Ob44OD44OI44OX44Os44O844OI44O744Kw44Oq44Or44O744OV44Op44Kk44Ok44O8ID4g44Ob44OD44OI44OX44Os44O844OI,44OU44O844Kz44OD44KvIFdDVi0xM0Ig44Ob44OD44OI44OX44Os44O844OIIDHmnprjgr/jgqTjg5c=,44CQ5Zyo5bqr44GC44KK44CR,PGltZyBzcmM9J2h0dHBzOi8vaW1hZ2UucmFrdXRlbi5jby5qcC90b2trYS1jb20vY2FiaW5ldC90b2trYV96YWlrby5naWYnIGJvcmRlcj0nMCcgYWx0PSfpgIHmlpnjg7vlnKjluqvnirbms4HjgpLnorroqo3jgZnjgosnPjxicj48Zm9udCBjb2xvcj0iI2ZmMDAwMCI+PGI+4oaR4oaR4oaR5q2j56K644Gq5Zyo5bqr54q25rOB44Gv5LiK6KiY44OQ44OK44O844CM6YCB5paZ44O75Zyo5bqr54q25rOB44KS56K66KqN44GZ44KL44CN44KS44Kv44Oq44OD44Kv44GX44Gm6aCC44GN44CB5b+F44Ga44GU56K66KqN44GP44Gg44GV44GE44CCPC9iPjwvZm9udD48YnI+PGJyPjxicj7ilqDjgrvjg6njg5/jg4Pjgq/jgrPjg7zjg4bjgqPjg7PjgrDjg5fjg6zjg7zjg4g8YnI+4pag44OP44Kk44OR44Ov44O8MTMwMFc8YnI+4pagMjUw5bqm44Gu6auY5rip6Kit5a6aISHmp5jjgIXjgarjgYrmlpnnkIbjgYzmpb3jgZfjgoHjgb7jgZk8YnI+PGI+44OX44Os44O844OI44K/44Kk44OXPC9iPu+8muODm+ODg+ODiOODl+ODrOODvOODiDxicj48Yj7jg5fjg6zjg7zjg4jlvaLnirY8L2I+77ya5qWV5YaGPGJyPjxiPuihqOmdouOCs+ODvOODhuOCo+ODs+OCsDwvYj7vvJrjgrvjg6njg5/jg4Pjgq/jgrPjg7zjg4bjgqPjg7PjgrA8YnI+PGI+5pyA6auY5rip5bqmPC9iPu+8mjI1MOKEgzxicj48Yj7kuLjmtJfjgYQ8L2I+77yaLTxicj48Yj7jg5fjg6zjg7zjg4jnqK7poZ48L2I+PGJyPuOAgOW5s+mdouODl+ODrOODvOODiCgyOTJ4NTEweDI1bW0pPGJyPjxiPuODnuOCsOODjeODg+ODiOODl+ODqeOCsDwvYj7vvJotPGJyPjxiPuOCs+ODvOODiemVtzwvYj7vvJoxLjhtPGJyPjxiPua2iOiyu+mbu+WKmzwvYj7vvJoxMzAwVzxicj48Yj7lr7jms5U8L2I+77ya5bmFIDMzNHjpq5jjgZUgMTI4eOWlpeihjCA1MThtbTxicj48Yj7os6rph488L2I+77ya57SEMy4xa2c8YnI+PGI+5LuY5bGe5ZOBPC9iPu+8mjxzdHlsZSB0eXBlPSJ0ZXh0L2NzcyI+Ci8q6LK344GE54mp44Kr44K044Oc44K/44OzKi8KI3Jha3V0ZW5MaW1pdGVkSWRfYXJvdW5kQ2FydCBpbnB1dFt2YWx1ZT0i6LK344GE54mp44GL44GU44Gr5YWl44KM44KLIl17CgliYWNrZ3JvdW5kOnVybCgiaHR0cDovL2ltYWdlLnJha3V0ZW4uY28uanAvdG9ra2EtY29tL2NhYmluZXQvaW1nX2J0bi9ydF9jYXJ0X2J0bi5naWYiKSAwIDAgbm8tcmVwZWF0OwoJd2lkdGg6IDE5OHB4OwoJaGVpZ2h0OiA0NXB4OwoJYm9yZGVyOm5vbmU7CgltYXJnaW4tYm90dG9tOiAxMHB4OwoJY3Vyc29yOiBwb2ludGVyOwoJY3Vyc29yOiBoYW5kOwoJdGV4dC1pbmRlbnQ6LTk5OTlweDsKfQojcmFrdXRlbkxpbWl0ZWRJZF9hcm91bmRDYXJ0IGlucHV0W3ZhbHVlPSLosrfjgYTnianjgYvjgZTjgavlhaXjgozjgosiXTpob3ZlcnsKCW9wYWNpdHk6MC44OyAgCglmaWx0ZXI6IGFscGhhKG9wYWNpdHk9ODApOyAgCgktbXMtZmlsdGVyOiAiYWxwaGEoIG9wYWNpdHk9ODAgKSI7ICAKfQo8L3N0eWxlPg==,44OU44O844Kz44OD44KvIFdDVi0xM0Ig44Ob44OD44OI44OX44Os44O844OIIDHmnprjgr/jgqTjg5fvvJrnibnkvqFDT00=,44OU44O844Kz44OD44KvIFdDVi0xM0Ig44Ob44OD44OI44OX44Os44O844OIIDHmnprjgr/jgqTjg5c=,44CQ5Zyo5bqr44GC44KK44CR44CC44OU44O844Kz44OD44KvIFdDVi0xM0Ig44Ob44OD44OI44OX44Os44O844OIIDHmnprjgr/jgqTjg5c=[rn]
29-48543,aHR0cDovL3RzaG9wLnIxMHMuanAvdG9ra2EtY29tL2NhYmluZXQvMTczLzQ5NzE4NjAwMzEyNTAuanBnP2ZpdGluPTcwMDo3MDA=,NTUzMy42MDAw,,5a626Zu7ID4g44Kt44OD44OB44Oz5a626Zu7ID4g44Ob44OD44OI44OX44Os44O844OI44O744Kw44Oq44Or44O744OV44Op44Kk44Ok44O8ID4g44Ob44OD44OI44OX44Os44O844OI,44OU44O844Kz44OD44KvIFdDVi0xM0Eg44Ob44OD44OI44OX44Os44O844OIIDLmnprjgr/jgqTjg5c=,44CQ5Zyo5bqr44GC44KK44CR,PGltZyBzcmM9J2h0dHBzOi8vaW1hZ2UucmFrdXRlbi5jby5qcC90b2trYS1jb20vY2FiaW5ldC90b2trYV96YWlrby5naWYnIGJvcmRlcj0nMCcgYWx0PSfpgIHmlpnjg7vlnKjluqvnirbms4HjgpLnorroqo3jgZnjgosnPjxicj48Zm9udCBjb2xvcj0iI2ZmMDAwMCI+PGI+4oaR4oaR4oaR5q2j56K644Gq5Zyo5bqr54q25rOB44Gv5LiK6KiY44OQ44OK44O844CM6YCB5paZ44O75Zyo5bqr54q25rOB44KS56K66KqN44GZ44KL44CN44KS44Kv44Oq44OD44Kv44GX44Gm6aCC44GN44CB5b+F44Ga44GU56K66KqN44GP44Gg44GV44GE44CCPC9iPjwvZm9udD48YnI+PGJyPjxicj7ilqDjgrvjg6njg5/jg4Pjgq/jgrPjg7zjg4bjgqPjg7PjgrDjg5fjg6zjg7zjg4g8YnI+4pag44OP44Kk44OR44Ov44O8MTMwMFc8YnI+4pagMjUw5bqm44Gu6auY5rip6Kit5a6aISHmp5jjgIXjgarjgYrmlpnnkIbjgYzmpb3jgZfjgoHjgb7jgZk8YnI+PGI+44OX44Os44O844OI44K/44Kk44OXPC9iPu+8muODm+ODg+ODiOODl+ODrOODvOODiDxicj48Yj7jg5fjg6zjg7zjg4jlvaLnirY8L2I+77ya5qWV5YaGPGJyPjxiPuihqOmdouOCs+ODvOODhuOCo+ODs+OCsDwvYj7vvJrjgrvjg6njg5/jg4Pjgq/jgrPjg7zjg4bjgqPjg7PjgrA8YnI+PGI+5pyA6auY5rip5bqmPC9iPu+8mjI1MOKEgzxicj48Yj7kuLjmtJfjgYQ8L2I+77yaLTxicj48Yj7jg5fjg6zjg7zjg4jnqK7poZ48L2I+PGJyPuOAgOW5s+mdouODl+ODrOODvOODiCgyOTJ4NTEweDI1bW0pPGJyPuOAgOazouWei+ODl+ODrOODvOODiCgyOTJ4NTEweDI1bW0pPGJyPjxiPuODnuOCsOODjeODg+ODiOODl+ODqeOCsDwvYj7vvJotPGJyPjxiPuOCs+ODvOODiemVtzwvYj7vvJoxLjhtPGJyPjxiPua2iOiyu+mbu+WKmzwvYj7vvJoxMzAwVzxicj48Yj7lr7jms5U8L2I+77ya5bmFIDMzNHjpq5jjgZUgMTI4eOWlpeihjCA1MThtbTxicj48Yj7os6rph488L2I+77ya57SENC4ya2c8YnI+PGI+5LuY5bGe5ZOBPC9iPu+8mjxzdHlsZSB0eXBlPSJ0ZXh0L2NzcyI+Ci8q6LK344GE54mp44Kr44K044Oc44K/44OzKi8KI3Jha3V0ZW5MaW1pdGVkSWRfYXJvdW5kQ2FydCBpbnB1dFt2YWx1ZT0i6LK344GE54mp44GL44GU44Gr5YWl44KM44KLIl17CgliYWNrZ3JvdW5kOnVybCgiaHR0cDovL2ltYWdlLnJha3V0ZW4uY28uanAvdG9ra2EtY29tL2NhYmluZXQvaW1nX2J0bi9ydF9jYXJ0X2J0bi5naWYiKSAwIDAgbm8tcmVwZWF0OwoJd2lkdGg6IDE5OHB4OwoJaGVpZ2h0OiA0NXB4OwoJYm9yZGVyOm5vbmU7CgltYXJnaW4tYm90dG9tOiAxMHB4OwoJY3Vyc29yOiBwb2ludGVyOwoJY3Vyc29yOiBoYW5kOwoJdGV4dC1pbmRlbnQ6LTk5OTlweDsKfQojcmFrdXRlbkxpbWl0ZWRJZF9hcm91bmRDYXJ0IGlucHV0W3ZhbHVlPSLosrfjgYTnianjgYvjgZTjgavlhaXjgozjgosiXTpob3ZlcnsKCW9wYWNpdHk6MC44OyAgCglmaWx0ZXI6IGFscGhhKG9wYWNpdHk9ODApOyAgCgktbXMtZmlsdGVyOiAiYWxwaGEoIG9wYWNpdHk9ODAgKSI7ICAKfQo8L3N0eWxlPg==,44OU44O844Kz44OD44KvIFdDVi0xM0Eg44Ob44OD44OI44OX44Os44O844OIIDLmnprjgr/jgqTjg5fvvJrnibnkvqFDT00=,44OU44O844Kz44OD44KvIFdDVi0xM0Eg44Ob44OD44OI44OX44Os44O844OIIDLmnprjgr/jgqTjg5c=,44CQ5Zyo5bqr44GC44KK44CR44CC44OU44O844Kz44OD44KvIFdDVi0xM0Eg44Ob44OD44OI44OX44Os44O844OIIDLmnprjgr/jgqTjg5c=[rn]
29-48544,aHR0cDovL3RzaG9wLnIxMHMuanAvdG93bmxhbmQtbmVvL2NhYmluZXQvaG90cHJldG8vY3JrLWExMDBybS1zb3UuanBnP2ZpdGluPTcwMDo3MDA=,Nzc2MC4wMDAw,,5a626Zu7ID4g44Kt44OD44OB44Oz5a626Zu7ID4g44Ob44OD44OI44OX44Os44O844OI44O744Kw44Oq44Or44O744OV44Op44Kk44Ok44O8ID4g44Ob44OD44OI44OX44Os44O844OI,44CQQ1JLLUExMDAoUk0p44CR44K/44Kk44Ks44O86a2U5rOV55O2KFRJR0VSKeOAgOODm+ODg+ODiOODl+ODrOODvOODiOOAgOODn+ODi+ODm+ODg+ODiOODl+ODrOODvOODiOODu+ODkeODvOODhuOCo+ODl+ODrOODvOODiOOAkFJDUOOAkeOAgENSSy1BMTAwUk0=,5rex44Gq44G55o6h55So44Gn44CM54S844GN44CN44CM6Y2L44CN44CM6JK444GX44CN44GM44Gn44GN44KL44Of44OL44Ob44OD44OI44OX44Os44O844OI,PFA+PEI+5pys5L2T44O75Yil5aOy5ZOB44Gv44GT44Gh44KJPC9CPjwvUD4KPFRBQkxFIGJvcmRlcj0iMSIgd2lkdGg9IjU1MCIgc3R5bGU9ImJvcmRlci1zdHlsZSA6IHNvbGlkIHNvbGlkIHNvbGlkIHNvbGlkO2JvcmRlci1jb2xvciA6IGJsdWUgYmx1ZSBibHVlIGJsdWU7Ym9yZGVyLXRvcC13aWR0aCA6IHRoaW47Ym9yZGVyLXJpZ2h0LXdpZHRoIDogdGhpbjtib3JkZXItYm90dG9tLXdpZHRoIDogdGhpbjtib3JkZXItbGVmdC13aWR0aCA6IHRoaW47Ij4KICA8VEJPRFk+CiAgICA8VFI+CiAgICAgIDxURCB3aWR0aD0iMTgyIj4KICAgICAgPElNRyBzcmM9Imh0dHA6Ly9pbWFnZS5yYWt1dGVuLmNvLmpwL3Rvd25sYW5kLW5lby9jYWJpbmV0L2hvdHByZXRvL2Nyay1hMTAwcm0tc291LmpwZyIgYm9yZGVyPSIwIiBhbGlnbj0idG9wIiB3aWR0aD0iMTgwIj48QlI+CiAgICAgIDxCPjxGT05UIGNvbG9yPSIjZmYwMDAwIj7jg5vjg4Pjg4jjg5fjg6zjg7zjg4go5pys5L2TKTwvRk9OVD48L0I+CiAgICAgIDwvVEQ+CiAgICAgIDxURCB3aWR0aD0iMTgyIj4KICAgICAgPElNRyBzcmM9Imh0dHA6Ly9pbWFnZS5yYWt1dGVuLmNvLmpwL3Rvd25sYW5kLW5lby9jYWJpbmV0L2hvdHByZXRvL2Nyay1iMDEwLWsuanBnIiBib3JkZXI9IjAiIGFsaWduPSJ0b3AiIHdpZHRoPSIxODAiPjxCUj4KICAgICAgPEI+PEZPTlQgY29sb3I9IiNmZjAwMDAiPlvliKXlo7Jd44Gf44GT54S844GN44OX44Os44O844OIPC9GT05UPjwvQj4KICAgICAgPC9URD4KICAgICAgPFREIHdpZHRoPSIxODIiPgogICAgICA8SU1HIHNyYz0iaHR0cDovL2ltYWdlLnJha3V0ZW4uY28uanAvdG93bmxhbmQtbmVvL2NhYmluZXQvaG90cHJldG8vY3JrLWcwMTAtay5qcGciIGJvcmRlcj0iMCIgYWxpZ249InRvcCIgd2lkdGg9IjE4MCI+PEJSPgogICAgICA8Qj48Rk9OVCBjb2xvcj0iI2ZmMDAwMCI+W+WIpeWjsl3ms6Llnovjg5fjg6zjg7zjg4g8L0ZPTlQ+PC9CPgogICAgICA8L1REPgogICAgPC9UUj4KICA8L1RCT0RZPgo8L1RBQkxFPgo8QlI+PEJSPgoKCgrigLvjgZPjga7llYblk4Hjga/jgIzpgIHmlpnljLrliIbvvJrlsI/lnovllYblk4HjgI3jga7llYblk4HjgafjgZnjgII8QlI+CjxCUj4K44K/44Kk44Ks44O844CA44Ob44OD44OI44OX44Os44O844OI44CAQ1JLLUExMDAtUk0gW+ODoeODquODvOODrOODg+ODiV08QlI+CjxCUj4K4peP44GK44GX44KD44KM44Gq44OR44O844OG44Kj44O844OX44Os44O844OIPEJSPgril4/lupXjgYzmt7HjgYTjga7jgafjgIHpjYvnianjgoTnhLzjgY3mlpnnkIbjgoLjgafjgY3jgos8QlI+CuKXj+OCs+ODs+ODkeOCr+ODiOOCteOCpOOCuuOBp+ODhuODvOODluODq+OCkuacieWKueWIqeeUqDxCUj4K4peP44Kz44Oz44OR44Kv44OI44Gq5pys5L2T44Gn5Y+O57SN44Gr44KC5L6/5YipPEJSPgril4/liIbop6PjgoLjgafjgY3jgabjgIHjgYrmiYvlhaXjgozjgoLnsKHljZg8QlI+CuKXj+acgOWkpzI1MOW6puOBvuOBp+OBrua4qeW6puioreWumuOBjOWPr+iDvTxCUj4KPEJSPgrmtojosrvpm7vlipsgOiAxMjAw77y3PEJSPgrmnKzkvZPlr7jms5UgOiDluYUzOC42w5flpaXooYzjgY0yNC45w5fpq5jjgZUxNy43Y208QlI+CuacrOS9k+izqumHjyA6IDMuNGtnPEJSPgrmuKnluqboqr/mlbTnr4Tlm7IgOiDkv53muKnvvZ4yNTDluqY8QlI+CjxCUj4K44CQ6YCB5paZ44Gr44Gk44GE44Gm44CRPEJSPgrliKXpgJTjgIHpgIHmlpnjgYzlv4XopoHjgarloLTlkIjjga/jgZTpgKPntaHoh7TjgZfjgb7jgZnjgII8QlI+CjxCUj4K44O75L6/5Yip44Gq44Of44OL44Ob44OD44OI44OX44Os44O844OIPEJSPgrjg7voh6rlroXjgafjga7jgq/jg6rjgrnjg57jgrnjg5Hjg7zjg4bjgqPjgaflpKfmtLvouo08QlI+CuODu+aZr+WTgeOChOODl+ODrOOCvOODs+ODiOOBp+OCguWWnOOBsOOCjOOCi++8keWTgTxDRU5URVI+PGltZyBzcmM9Imh0dHA6Ly9pbWFnZS5yYWt1dGVuLmNvLmpwL3Rvd25sYW5kL2NhYmluZXQvdGVucG9zb3phaS9rb25wb3Utbm91aGluc3lvLmdpZiIg44CAYm9yZGVyPSIwIiBhbHQ9IuaiseWMhSI+PEJSPgo8aW1nIHNyYz0iaHR0cDovL2ltYWdlLnJha3V0ZW4uY28uanAvdG93bmxhbmQtbmVvL2NhYmluZXQvdGVucG9iYW5hL29zdXN1bWVuZW8uanBnIiDjgIBib3JkZXI9IjAiIGFsdD0i44GK44GZ44GZ44KB44Ki44Kk44OG44OgIj48L0NFTlRFUj4=,44CQQ1JLLUExMDAoUk0p44CR44K/44Kk44Ks44O86a2U5rOV55O2KFRJR0VSKeOAgOODm+ODg+ODiOODl+ODrOODvOODiOOAgOODn+ODi+ODm+ODg+ODiOODl+ODrOODvOODiOODu+ODkeODvOODhuOCo+ODl+ODrOODvOODiOOAkFJDUOOAkeOAgENSSy1BMTAwUk3vvJrjgr/jgqbjg7Pjg6njg7Pjg4lORU/jgIBUb3dubGFuZOOAgE5lbw==,44CQQ1JLLUExMDAoUk0p44CR44K/44Kk44Ks44O86a2U5rOV55O2KFRJR0VSKeOAgOODm+ODg+ODiOODl+ODrOODvOODiOOAgOODn+ODi+ODm+ODg+ODiOODl+ODrOODvOODiOODu+ODkeODvOODhuOCo+ODl+ODrOODvOODiOOAkFJDUOOAkeOAgENSSy1BMTAwUk0=,5rex44Gq44G55o6h55So44Gn44CM54S844GN44CN44CM6Y2L44CN44CM6JK444GX44CN44GM44Gn44GN44KL44Of44OL44Ob44OD44OI44OX44Os44O844OI44CC44CQQ1JLLUExMDAoUk0p44CR44K/44Kk44Ks44O86a2U5rOV55O2KFRJR0VSKeOAgOODm+ODg+ODiOODl+ODrOODvOODiOOAgOODn+ODi+ODm+ODg+ODiOODl+ODrOODvOODiOODu+ODkeODvOODhuOCo+ODl+ODrOODvOODiOOAkFJDUOOAkeOAgENSSy1BMTAwUk0=[rn]
29-48545,aHR0cDovL3RzaG9wLnIxMHMuanAvdG93bmxhbmQtbmVvL2NhYmluZXQvaG90cHJldG8vY3JjLWEzMDAtdC5qcGc/Zml0aW49NzAwOjcwMA==,NzU4NC4wMDAw,,5a626Zu7ID4g44Kt44OD44OB44Oz5a626Zu7ID4g44Ob44OD44OI44OX44Os44O844OI44O744Kw44Oq44Or44O744OV44Op44Kk44Ok44O8ID4g44Ob44OD44OI44OX44Os44O844OI,44CQQ1JDLUEzMDBU44CR44K/44Kk44Ks44O86a2U5rOV55O2KFRJR0VSKeOAgOODm+ODg+ODiOODl+ODrOODvOODiOOAgOOBk+OCjDHlj7DjgIAz5p6a44OX44Os44O844OIKOOBn+OBk+eEvOOBjeODu+eptOOBguOBjeazouW9ouODu+W5s+mdoinjgJBSQ1DjgJHjgIBDUkMtQTMwMC1U,44GT44KMMeWPsOOBp+OBleOBvuOBluOBvuOBquODrOOCt+ODlOOBjOalveOBl+OCgeOCizPmnprjgr/jgqTjg5fjga7jg5vjg4Pjg4jjg5fjg6zjg7zjg4g=,4oC744GT44Gu5ZWG5ZOB44Gv44CM6YCB5paZ5Yy65YiG77ya5bCP5Z6L5ZWG5ZOB44CN44Gu5ZWG5ZOB44Gn44GZ44CCPEJSPgo8QlI+CuOCv+OCpOOCrOODvOOAgOODm+ODg+ODiOODl+ODrOODvOODiOOAgOOBk+OCjDHlj7DjgIBDUkMtQTMwMChUKSBb44OW44Op44Km44OzXTxCUj4KPEJSPgril4/lnJ/pjYvntKDmnZDjga7pgaDotaTlirnmnpw8QlI+CuKXj+ODl+ODrOS4gOODiOOBruiAkOS5heaAp+OBjOe0hDLlgI0o4oC7Q1JCLUHlnovjgavmr5TjgbkpPEJSPgril4/jg5fjg6zkuIDljZzooajpnaLjgavjgaTjgYTjgZ/msZrjgozjgYzokL3jgaHjgoTjgZnjgYQ8QlI+CuKXj+aWsOani+mAoOeptOOBguOBjeODu+azouW9ouODl+ODrOS4gOWNnDxCUj4K4peP5L2/44GE44KE44GZ44GE44OV44Kp44Or44Og44Gu44K544Kv44Ko44Ki44K/44Kk44OXPEJSPgo8QlI+CuODu+WutuaXj+OChOimquOBm+OBjeOBrumbhuOBvuOCiuOBp+a0u+i6jTxCUj4K44O744Ki44OS44O844K444On5L2c44KK44CB44Gf44GT54S844GN44OR44O844OG44Kj44Gq44Gp44Gr5L6/5YipPEJSPgrjg7vnhLzogonjgpLjga/jgZjjgoHpiYTmnb/nhLzjgY3jgafjgoLlpKfmtLvouo08QlI+CjxCUj4K44CQ6YCB5paZ44Gr44Gk44GE44Gm44CRPEJSPgrlnLDln5/jg7vmlbDph4/jg7vmsbrmuIjmlrnms5XnrYnjgavjgojjgorjgIHliKXpgJTjgIHov73liqDpgIHmlpnnrYnjgYzlv4XopoHjgarloLTlkIjjgYzjgZTjgZbjgYTjgb7jgZnjgII8QlI+CijjgZTms6jmlofmib/oq77pgJrnn6XjgavjgabjgZTpgKPntaHoh7TjgZfjgb7jgZkpPENFTlRFUj48aW1nIHNyYz0iaHR0cDovL2ltYWdlLnJha3V0ZW4uY28uanAvdG93bmxhbmQvY2FiaW5ldC90ZW5wb3NvemFpL2tvbnBvdS1ub3VoaW5zeW8uZ2lmIiDjgIBib3JkZXI9IjAiIGFsdD0i5qKx5YyFIj48QlI+CjxpbWcgc3JjPSJodHRwOi8vaW1hZ2UucmFrdXRlbi5jby5qcC90b3dubGFuZC1uZW8vY2FiaW5ldC90ZW5wb2JhbmEvb3N1c3VtZW5lby5qcGciIOOAgGJvcmRlcj0iMCIgYWx0PSLjgYrjgZnjgZnjgoHjgqLjgqTjg4bjg6AiPjwvQ0VOVEVSPg==,44CQQ1JDLUEzMDBU44CR44K/44Kk44Ks44O86a2U5rOV55O2KFRJR0VSKeOAgOODm+ODg+ODiOODl+ODrOODvOODiOOAgOOBk+OCjDHlj7DjgIAz5p6a44OX44Os44O844OIKOOBn+OBk+eEvOOBjeODu+eptOOBguOBjeazouW9ouODu+W5s+mdoinjgJBSQ1DjgJHjgIBDUkMtQTMwMC1U77ya44K/44Km44Oz44Op44Oz44OJTkVP44CAVG93bmxhbmTjgIBOZW8=,44CQQ1JDLUEzMDBU44CR44K/44Kk44Ks44O86a2U5rOV55O2KFRJR0VSKeOAgOODm+ODg+ODiOODl+ODrOODvOODiOOAgOOBk+OCjDHlj7DjgIAz5p6a44OX44Os44O844OIKOOBn+OBk+eEvOOBjeODu+eptOOBguOBjeazouW9ouODu+W5s+mdoinjgJBSQ1DjgJHjgIBDUkMtQTMwMC1U,44GT44KMMeWPsOOBp+OBleOBvuOBluOBvuOBquODrOOCt+ODlOOBjOalveOBl+OCgeOCizPmnprjgr/jgqTjg5fjga7jg5vjg4Pjg4jjg5fjg6zjg7zjg4jjgILjgJBDUkMtQTMwMFTjgJHjgr/jgqTjgqzjg7zprZTms5Xnk7YoVElHRVIp44CA44Ob44OD44OI44OX44Os44O844OI44CA44GT44KMMeWPsOOAgDPmnprjg5fjg6zjg7zjg4go44Gf44GT54S844GN44O756m044GC44GN5rOi5b2i44O75bmz6Z2iKeOAkFJDUOOAkeOAgENSQy1BMzAwLVQ=[rn]
29-48546,aHR0cDovL3RzaG9wLnIxMHMuanAvdG93bmxhbmQtbmVvL2NhYmluZXQvaG90cHJldG8vY3JrLWcwMTAtay5qcGc/Zml0aW49NzAwOjcwMA==,MTY4MC4wMDAw,,5a626Zu7ID4g44Kt44OD44OB44Oz5a626Zu7ID4g44Ob44OD44OI44OX44Os44O844OI44O744Kw44Oq44Or44O744OV44Op44Kk44Ok44O8ID4g44Ob44OD44OI44OX44Os44O844OI,44CQQ1JLLUcwMTAoSynjgJHjgr/jgqTjgqzjg7zprZTms5Xnk7YoVElHRVIp44CA5Yil5aOy44OX44Os44O844OI44CA5rOi5Z6L44OX44Os44O844OI44O744Kw44Oq44Or44OX44Os44O844OI44CA44Ob44OD44OI44OX44Os44O844OIQ1JLLUExMDDlsILnlKjjgJBSQ1DjgJHjgIBDUkstRzAxMC1L,VElHRVIgUEFSVFkgUExBVEXlsILnlKjjga7mlpnnkIbjga7luYXjgYzluoPjgYzjgovjg5zjg7zjg6vjg5fjg6zjg7zjg4g=,PFA+PEI+5pys5L2T44O75Yil5aOy5ZOB44Gv44GT44Gh44KJPC9CPjwvUD4KPFRBQkxFIGJvcmRlcj0iMSIgd2lkdGg9IjU1MCIgc3R5bGU9ImJvcmRlci1zdHlsZSA6IHNvbGlkIHNvbGlkIHNvbGlkIHNvbGlkO2JvcmRlci1jb2xvciA6IGJsdWUgYmx1ZSBibHVlIGJsdWU7Ym9yZGVyLXRvcC13aWR0aCA6IHRoaW47Ym9yZGVyLXJpZ2h0LXdpZHRoIDogdGhpbjtib3JkZXItYm90dG9tLXdpZHRoIDogdGhpbjtib3JkZXItbGVmdC13aWR0aCA6IHRoaW47Ij4KICA8VEJPRFk+CiAgICA8VFI+CiAgICAgIDxURCB3aWR0aD0iMTgyIj4KICAgICAgPElNRyBzcmM9Imh0dHA6Ly9pbWFnZS5yYWt1dGVuLmNvLmpwL3Rvd25sYW5kLW5lby9jYWJpbmV0L2hvdHByZXRvL2Nyay1hMTAwcm0tc291LmpwZyIgYm9yZGVyPSIwIiBhbGlnbj0idG9wIiB3aWR0aD0iMTgwIj48QlI+CiAgICAgIDxCPjxGT05UIGNvbG9yPSIjZmYwMDAwIj7jg5vjg4Pjg4jjg5fjg6zjg7zjg4go5pys5L2TKTwvRk9OVD48L0I+CiAgICAgIDwvVEQ+CiAgICAgIDxURCB3aWR0aD0iMTgyIj4KICAgICAgPElNRyBzcmM9Imh0dHA6Ly9pbWFnZS5yYWt1dGVuLmNvLmpwL3Rvd25sYW5kLW5lby9jYWJpbmV0L2hvdHByZXRvL2Nyay1iMDEwLWsuanBnIiBib3JkZXI9IjAiIGFsaWduPSJ0b3AiIHdpZHRoPSIxODAiPjxCUj4KICAgICAgPEI+PEZPTlQgY29sb3I9IiNmZjAwMDAiPlvliKXlo7Jd44Gf44GT54S844GN44OX44Os44O844OIPC9GT05UPjwvQj4KICAgICAgPC9URD4KICAgICAgPFREIHdpZHRoPSIxODIiPgogICAgICA8SU1HIHNyYz0iaHR0cDovL2ltYWdlLnJha3V0ZW4uY28uanAvdG93bmxhbmQtbmVvL2NhYmluZXQvaG90cHJldG8vY3JrLWcwMTAtay5qcGciIGJvcmRlcj0iMCIgYWxpZ249InRvcCIgd2lkdGg9IjE4MCI+PEJSPgogICAgICA8Qj48Rk9OVCBjb2xvcj0iI2ZmMDAwMCI+W+WIpeWjsl3ms6Llnovjg5fjg6zjg7zjg4g8L0ZPTlQ+PC9CPgogICAgICA8L1REPgogICAgPC9UUj4KICA8L1RCT0RZPgo8L1RBQkxFPgo8QlI+PEJSPgoKCgo8QlI+CuKAu+OBk+OBruWVhuWTgeOBr+OAjOmAgeaWmeWMuuWIhu+8muWwj+Wei+WVhuWTgeOAjeOBruWVhuWTgeOBp+OBmeOAgjxCUj4KPEJSPgrjgr/jgqTjgqzjg7zjgIDjg5vjg4Pjg4jjg5fjg6zjg7zjg4jjgIBDUkstQTEwMFJN55So44CA5bCC55So44OX44Os44O844OIPEJSPgrms6Llnovjg5fjg6zjg7zjg4jjgIBDUkstRzAxMC1LCjxCUj4K4peP5paZ55CG44Gu5bmF44GM5bqD44GM44KL44Kw44Oq44Or44OX44Os44O844OIPEJSPgril4/nhLzogonjgarjganjga7nhLzjgY3mlpnnkIbjgavjgoLmnIDpgak8QlI+CjxCUj4K5ZOB55Wq77yaQ1JLLUcwMTA8QlI+CuiJsuafhO+8mihLKeODluODqeODg+OCrzxCUj4K5a+45rOV77ya5bmFMzAuNMOX5aWl6KGM44GNMjMuNsOX6auY44GVNS42Y208QlI+CuizqumHj++8mjAuNzlrZzxCUj4KPEJSPgrjgJDpgIHmlpnjgavjgaTjgYTjgabjgJE8QlI+CuWIpemAlOOAgemAgeaWmeOBjOW/heimgeOBquWgtOWQiOOBr+OBlOmAo+e1oeiHtOOBl+OBvuOBmeOAgjxCUj4KPEJSPgrjg7vkvr/liKnjgarjg5/jg4vjg5vjg4Pjg4jjg5fjg6zjg7zjg4g8QlI+CuODu+iHquWuheOBp+OBruOCr+ODquOCueODnuOCueODkeODvOODhuOCo+OBp+Wkp+a0u+i6jTxCUj4K44O75pmv5ZOB44KE44OX44Os44K844Oz44OI44Gn44KC5Zac44Gw44KM44KL77yR5ZOBPENFTlRFUj48aW1nIHNyYz0iaHR0cDovL2ltYWdlLnJha3V0ZW4uY28uanAvdG93bmxhbmQvY2FiaW5ldC90ZW5wb3NvemFpL2tvbnBvdS1ub3VoaW5zeW8uZ2lmIiDjgIBib3JkZXI9IjAiIGFsdD0i5qKx5YyFIj48QlI+CjxpbWcgc3JjPSJodHRwOi8vaW1hZ2UucmFrdXRlbi5jby5qcC90b3dubGFuZC1uZW8vY2FiaW5ldC90ZW5wb2JhbmEvb3N1c3VtZW5lby5qcGciIOOAgGJvcmRlcj0iMCIgYWx0PSLjgYrjgZnjgZnjgoHjgqLjgqTjg4bjg6AiPjwvQ0VOVEVSPg==,44CQQ1JLLUcwMTAoSynjgJHjgr/jgqTjgqzjg7zprZTms5Xnk7YoVElHRVIp44CA5Yil5aOy44OX44Os44O844OI44CA5rOi5Z6L44OX44Os44O844OI44O744Kw44Oq44Or44OX44Os44O844OI44CA44Ob44OD44OI44OX44Os44O844OIQ1JLLUExMDDlsILnlKjjgJBSQ1DjgJHjgIBDUkstRzAxMC1L77ya44K/44Km44Oz44Op44Oz44OJTkVP44CAVG93bmxhbmTjgIBOZW8=,44CQQ1JLLUcwMTAoSynjgJHjgr/jgqTjgqzjg7zprZTms5Xnk7YoVElHRVIp44CA5Yil5aOy44OX44Os44O844OI44CA5rOi5Z6L44OX44Os44O844OI44O744Kw44Oq44Or44OX44Os44O844OI44CA44Ob44OD44OI44OX44Os44O844OIQ1JLLUExMDDlsILnlKjjgJBSQ1DjgJHjgIBDUkstRzAxMC1L,VElHRVIgUEFSVFkgUExBVEXlsILnlKjjga7mlpnnkIbjga7luYXjgYzluoPjgYzjgovjg5zjg7zjg6vjg5fjg6zjg7zjg4jjgILjgJBDUkstRzAxMChLKeOAkeOCv+OCpOOCrOODvOmtlOazleeTtihUSUdFUinjgIDliKXlo7Ljg5fjg6zjg7zjg4jjgIDms6Llnovjg5fjg6zjg7zjg4jjg7vjgrDjg6rjg6vjg5fjg6zjg7zjg4jjgIDjg5vjg4Pjg4jjg5fjg6zjg7zjg4hDUkstQTEwMOWwgueUqOOAkFJDUOOAkeOAgENSSy1HMDEwLUs=[rn]
29-48547,aHR0cDovL3RzaG9wLnIxMHMuanAvdG93bmxhbmQtbmVvL2NhYmluZXQvaG90cHJldG8vY3JrLWIwMTAtay5qcGc/Zml0aW49NzAwOjcwMA==,MTY4MC4wMDAw,,5a626Zu7ID4g44Kt44OD44OB44Oz5a626Zu7ID4g44Ob44OD44OI44OX44Os44O844OI44O744Kw44Oq44Or44O744OV44Op44Kk44Ok44O8ID4g44Ob44OD44OI44OX44Os44O844OI,44CQQ1JLLUIwMTAoSynjgJHjgr/jgqTjgqzjg7zprZTms5Xnk7YoVElHRVIp44CA5Yil5aOy44OX44Os44O844OI44CA44Gf44GT54S844GN44OX44Os44O844OI44O744Gf44GT54S844GN55So44CA44Ob44OD44OI44OX44Os44O844OIQ1JLLUExMDDlsILnlKjjgJBSQ1DjgJHjgIBDUkstQjAxMC1L,VElHRVIgUEFSVFkgUExBVEXlsILnlKjjga7mlpnnkIbjga7luYXjgYzluoPjgYzjgovjg5zjg7zjg6vjg5fjg6zjg7zjg4g=,PFA+PEI+5pys5L2T44O75Yil5aOy5ZOB44Gv44GT44Gh44KJPC9CPjwvUD4KPFRBQkxFIGJvcmRlcj0iMSIgd2lkdGg9IjU1MCIgc3R5bGU9ImJvcmRlci1zdHlsZSA6IHNvbGlkIHNvbGlkIHNvbGlkIHNvbGlkO2JvcmRlci1jb2xvciA6IGJsdWUgYmx1ZSBibHVlIGJsdWU7Ym9yZGVyLXRvcC13aWR0aCA6IHRoaW47Ym9yZGVyLXJpZ2h0LXdpZHRoIDogdGhpbjtib3JkZXItYm90dG9tLXdpZHRoIDogdGhpbjtib3JkZXItbGVmdC13aWR0aCA6IHRoaW47Ij4KICA8VEJPRFk+CiAgICA8VFI+CiAgICAgIDxURCB3aWR0aD0iMTgyIj4KICAgICAgPElNRyBzcmM9Imh0dHA6Ly9pbWFnZS5yYWt1dGVuLmNvLmpwL3Rvd25sYW5kLW5lby9jYWJpbmV0L2hvdHByZXRvL2Nyay1hMTAwcm0tc291LmpwZyIgYm9yZGVyPSIwIiBhbGlnbj0idG9wIiB3aWR0aD0iMTgwIj48QlI+CiAgICAgIDxCPjxGT05UIGNvbG9yPSIjZmYwMDAwIj7jg5vjg4Pjg4jjg5fjg6zjg7zjg4go5pys5L2TKTwvRk9OVD48L0I+CiAgICAgIDwvVEQ+CiAgICAgIDxURCB3aWR0aD0iMTgyIj4KICAgICAgPElNRyBzcmM9Imh0dHA6Ly9pbWFnZS5yYWt1dGVuLmNvLmpwL3Rvd25sYW5kLW5lby9jYWJpbmV0L2hvdHByZXRvL2Nyay1iMDEwLWsuanBnIiBib3JkZXI9IjAiIGFsaWduPSJ0b3AiIHdpZHRoPSIxODAiPjxCUj4KICAgICAgPEI+PEZPTlQgY29sb3I9IiNmZjAwMDAiPlvliKXlo7Jd44Gf44GT54S844GN44OX44Os44O844OIPC9GT05UPjwvQj4KICAgICAgPC9URD4KICAgICAgPFREIHdpZHRoPSIxODIiPgogICAgICA8SU1HIHNyYz0iaHR0cDovL2ltYWdlLnJha3V0ZW4uY28uanAvdG93bmxhbmQtbmVvL2NhYmluZXQvaG90cHJldG8vY3JrLWcwMTAtay5qcGciIGJvcmRlcj0iMCIgYWxpZ249InRvcCIgd2lkdGg9IjE4MCI+PEJSPgogICAgICA8Qj48Rk9OVCBjb2xvcj0iI2ZmMDAwMCI+W+WIpeWjsl3ms6Llnovjg5fjg6zjg7zjg4g8L0ZPTlQ+PC9CPgogICAgICA8L1REPgogICAgPC9UUj4KICA8L1RCT0RZPgo8L1RBQkxFPgo8QlI+PEJSPgoKCgo8QlI+CuKAu+OBk+OBruWVhuWTgeOBr+OAjOmAgeaWmeWMuuWIhu+8muWwj+Wei+WVhuWTgeOAjeOBruWVhuWTgeOBp+OBmeOAgjxCUj4KPEJSPgrjgr/jgqTjgqzjg7zjgIDjg5vjg4Pjg4jjg5fjg6zjg7zjg4jjgIBDUkstQTEwMFJN55So44CA5bCC55So44OX44Os44O844OIPEJSPgrjgZ/jgZPnhLzjgY3nlKjjg5fjg6zjg7zjg4jjgIBDUkstQjAxMC1LPEJSPgo8QlI+CuKXj+OBn+OBk+eEvOOBjeeUqOOBrui/veWKoOODl+ODrOODvOODiDxCUj4K4peP44Ki44OS44O844K444On44Gq44Gp55So6YCU6Imy44CFPEJSPgo8QlI+CuWTgeeVqu+8mkNSSy1CMDEwPEJSPgroibLmn4TvvJooSynjg5bjg6njg4Pjgq88QlI+CuWvuOazle+8muW5hTMwLjXDl+WlpeihjOOBjTI0LjDDl+mrmOOBlTUuNGNtPEJSPgros6rph4/vvJoxLjBrZzxCUj4KPEJSPgrjgJDpgIHmlpnjgavjgaTjgYTjgabjgJE8QlI+CuWIpemAlOOAgemAgeaWmeOBjOW/heimgeOBquWgtOWQiOOBr+OBlOmAo+e1oeiHtOOBl+OBvuOBmeOAgjxCUj4KPEJSPgrjg7vkvr/liKnjgarjg5/jg4vjg5vjg4Pjg4jjg5fjg6zjg7zjg4g8QlI+CuODu+iHquWuheOBp+OBruOCr+ODquOCueODnuOCueODkeODvOODhuOCo+OBp+Wkp+a0u+i6jTxCUj4K44O75pmv5ZOB44KE44OX44Os44K844Oz44OI44Gn44KC5Zac44Gw44KM44KL77yR5ZOBPENFTlRFUj48aW1nIHNyYz0iaHR0cDovL2ltYWdlLnJha3V0ZW4uY28uanAvdG93bmxhbmQvY2FiaW5ldC90ZW5wb3NvemFpL2tvbnBvdS1ub3VoaW5zeW8uZ2lmIiDjgIBib3JkZXI9IjAiIGFsdD0i5qKx5YyFIj48QlI+CjxpbWcgc3JjPSJodHRwOi8vaW1hZ2UucmFrdXRlbi5jby5qcC90b3dubGFuZC1uZW8vY2FiaW5ldC90ZW5wb2JhbmEvb3N1c3VtZW5lby5qcGciIOOAgGJvcmRlcj0iMCIgYWx0PSLjgYrjgZnjgZnjgoHjgqLjgqTjg4bjg6AiPjwvQ0VOVEVSPg==,44CQQ1JLLUIwMTAoSynjgJHjgr/jgqTjgqzjg7zprZTms5Xnk7YoVElHRVIp44CA5Yil5aOy44OX44Os44O844OI44CA44Gf44GT54S844GN44OX44Os44O844OI44O744Gf44GT54S844GN55So44CA44Ob44OD44OI44OX44Os44O844OIQ1JLLUExMDDlsILnlKjjgJBSQ1DjgJHjgIBDUkstQjAxMC1L77ya44K/44Km44Oz44Op44Oz44OJTkVP44CAVG93bmxhbmTjgIBOZW8=,44CQQ1JLLUIwMTAoSynjgJHjgr/jgqTjgqzjg7zprZTms5Xnk7YoVElHRVIp44CA5Yil5aOy44OX44Os44O844OI44CA44Gf44GT54S844GN44OX44Os44O844OI44O744Gf44GT54S844GN55So44CA44Ob44OD44OI44OX44Os44O844OIQ1JLLUExMDDlsILnlKjjgJBSQ1DjgJHjgIBDUkstQjAxMC1L,VElHRVIgUEFSVFkgUExBVEXlsILnlKjjga7mlpnnkIbjga7luYXjgYzluoPjgYzjgovjg5zjg7zjg6vjg5fjg6zjg7zjg4jjgILjgJBDUkstQjAxMChLKeOAkeOCv+OCpOOCrOODvOmtlOazleeTtihUSUdFUinjgIDliKXlo7Ljg5fjg6zjg7zjg4jjgIDjgZ/jgZPnhLzjgY3jg5fjg6zjg7zjg4jjg7vjgZ/jgZPnhLzjgY3nlKjjgIDjg5vjg4Pjg4jjg5fjg6zjg7zjg4hDUkstQTEwMOWwgueUqOOAkFJDUOOAkeOAgENSSy1CMDEwLUs=[rn]
29-48548,aHR0cDovL3RzaG9wLnIxMHMuanAvdG93bmxhbmQtbmVvL2NhYmluZXQvaG90cHJldG8vbmRhLTMwMTNhdy5qcGc/Zml0aW49NzAwOjcwMA==,Mzk3Ni4wMDAw,,5a626Zu7ID4g44Kt44OD44OB44Oz5a626Zu7ID4g44Ob44OD44OI44OX44Os44O844OI44O744Kw44Oq44Or44O744OV44Op44Kk44Ok44O8ID4g44Ob44OD44OI44OX44Os44O844OI,5Lih6Z2i44Ob44OD44OI44OX44Os44O844OI44CA5LiK5LiL5ZCM5pmC5Yqg54ax44KC5Y+v6IO944CA5paw55Sf5rS744O744OR44O844OG44Kj44Gn5aSn5rS76LqN44CQUkNQ44CR44ON44Kq44O844OW44CATkVPVkXjgIBOREEtMzAxM0FX,54mH6Z2i44Gn6Kq/55CG44CB54mH6Z2i44Gn5L+d5rip44Gu5L2/44GE5pa544KC5Y+v6IO9,4oC744GT44Gu5ZWG5ZOB44Gv44CM6YCB5paZ5Yy65YiG77ya5bCP5Z6L5ZWG5ZOB44CN44Gu5ZWG5ZOB44Gn44GZ44CCPEJSPgo8QlI+CuODjeOCquODvOODlihORU9WRSnjgIDjg5vjg4Pjg4jjg5fjg6zjg7zjg4jjgIBOREEtMzAxM0FXPEJSPgo8QlI+CuKXj+S4iuS4i+OBneOCjOOBnuOCjOOBq+ODm+ODg+ODiOODl+ODrOODvOODiDxCUj4K4peP44OV44K/44KS6ZaJ44GY44Gm5LiK5LiL44GL44KJ5ZCM5pmC5Yqg54axPEJSPgril4/ni6znq4vjgZfjgZ/muKnluqboqr/nr4A8QlI+CuKXj+eJh+mdouOBp+iqv+eQhuOAgeeJh+mdouOBp+S/nea4qeOBruS9v+OBhOaWueOCguWPr+iDvTxCUj4K4peP44OV44OD57Sg5Yqg5bel44Gn44GK5omL5YWl44KM44KC44KJ44GP44KJ44GPPEJSPgril4/kuIrkuIvlkIzmmYLoqr/nkIbjgafluYXjgYzluoPjgYzjgos8QlI+CuKAu+ODlOOCtuODu+ODkeOCqOODquOCouODu+OCruODp+OCpuOCtijppIPlrZAp44O744Ob44OD44OI44Kx44O844Kt44Gq44GpPEJSPgo8QlI+CuWumuagvOmbu+WcpyDvvJogMTAwViA1MEh677yPNjBIejxCUj4K5raI6LK76Zu75YqbIO+8miAxMzAwV++8iOS4i+ODkuODvOOCv+ODvDgwMFcv5LiK44OS44O844K/44O8NTAwV++8iTxCUj4K44OX44Os44O844OIIO+8miDjg5Ljg7zjgr/jg7zkuIDkvZPlvI88QlI+CuOCv+OCpOODnuODvCDvvJogMzDliIY8QlI+CuOCs+ODvOODiemVtyDvvJogMS40bTxCUj4K5pys5L2T5a+45rOVIO+8miDmnKzkvZMgVzQxMMOXRDM0NcOXSDE1NW1t77yI5Y+O57SN5pmC77yJPEJSPgrmnKzkvZPph43ph48g77yaIOe0hDMuMWtnPEJSPgo8QlI+CuODu+WutuaXj+OChOimquOBm+OBjeOBrumbhuOBvuOCiuOBp+a0u+i6jTxCUj4K44O754S86IKJ44KS44Gv44GY44KB6YmE5p2/54S844GN44Gn44KC5aSn5rS76LqNPEJSPgo8QlI+CuOAkOmAgeaWmeOBq+OBpOOBhOOBpuOAkTxCUj4K5Yil6YCU44CB6L+95Yqg6YCB5paZ44GM5b+F6KaB44Gq5aC05ZCI44Gv44GU6YCj57Wh6Ie044GX44G+44GZ44CCPENFTlRFUj48aW1nIHNyYz0iaHR0cDovL2ltYWdlLnJha3V0ZW4uY28uanAvdG93bmxhbmQvY2FiaW5ldC90ZW5wb3NvemFpL2tvbnBvdS1ub3VoaW5zeW8uZ2lmIiDjgIBib3JkZXI9IjAiIGFsdD0i5qKx5YyFIj48QlI+CjxpbWcgc3JjPSJodHRwOi8vaW1hZ2UucmFrdXRlbi5jby5qcC90b3dubGFuZC1uZW8vY2FiaW5ldC90ZW5wb2JhbmEvb3N1c3VtZW5lby5qcGciIOOAgGJvcmRlcj0iMCIgYWx0PSLjgYrjgZnjgZnjgoHjgqLjgqTjg4bjg6AiPjwvQ0VOVEVSPg==,5Lih6Z2i44Ob44OD44OI44OX44Os44O844OI44CA5LiK5LiL5ZCM5pmC5Yqg54ax44KC5Y+v6IO944CA5paw55Sf5rS744O744OR44O844OG44Kj44Gn5aSn5rS76LqN44CQUkNQ44CR44ON44Kq44O844OW44CATkVPVkXjgIBOREEtMzAxM0FX77ya44K/44Km44Oz44Op44Oz44OJTkVP44CAVG93bmxhbmTjgIBOZW8=,5Lih6Z2i44Ob44OD44OI44OX44Os44O844OI44CA5LiK5LiL5ZCM5pmC5Yqg54ax44KC5Y+v6IO944CA5paw55Sf5rS744O744OR44O844OG44Kj44Gn5aSn5rS76LqN44CQUkNQ44CR44ON44Kq44O844OW44CATkVPVkXjgIBOREEtMzAxM0FX,54mH6Z2i44Gn6Kq/55CG44CB54mH6Z2i44Gn5L+d5rip44Gu5L2/44GE5pa544KC5Y+v6IO944CC5Lih6Z2i44Ob44OD44OI44OX44Os44O844OI44CA5LiK5LiL5ZCM5pmC5Yqg54ax44KC5Y+v6IO944CA5paw55Sf5rS744O744OR44O844OG44Kj44Gn5aSn5rS76LqN44CQUkNQ44CR44ON44Kq44O844OW44CATkVPVkXjgIBOREEtMzAxM0FX[rn]
29-48549,aHR0cDovL3RzaG9wLnIxMHMuanAvaHN0c3VnZS9jYWJpbmV0LzAwMzMwMjgxL2hwLTcwMDg4LTAxLmpwZz9maXRpbj03MDA6NzAw,OTQ4MS42MDAw,,5a626Zu7ID4g44Kt44OD44OB44Oz5a626Zu7ID4g44Ob44OD44OI44OX44Os44O844OI44O744Kw44Oq44Or44O744OV44Op44Kk44Ok44O8ID4g44Ob44OD44OI44OX44Os44O844OI,44CQ6YCB5paZ54Sh5paZ44CR44K744Op44Of44OD44Kv44Kw44Oq44Or44OX44Os44O844OIIOOCt+OCp+ODlShjaGVmKSBIUC03MDA4OOODm+ODg+ODiOODl+ODrOODvOODiDowMlAwM0RlYzE5,44GK44GX44KD44KM44Gq44Ob44Ov44Kk44OI44Kr44Op44O84pmq44K744Op44Of44OD44KvIOOCsOODquODq+ODl+ODrOODvOODiA==,PFRBQkxFIGJvcmRlcj0iMSIgYmdjb2xvcj0iI2ZmZmYwMCI+CiAgPFRCT0RZPgogICAgPFRSPgogICAgICA8VEQgd2lkdGg9IjQ1NyI+PEI+PEZPTlQgc2l6ZT0iLTEiIGNvbG9yPSIjZmYwMDAwIj7il4/mnKzllYblk4Hjga/lnKjluqvosqnlo7LllYblk4HjgafjgZnjgILjgZTms6jmloflvowo6YqA6KGM5oyv6L685rG65riI44Gu5aC05ZCI44Gv44CBPEJSPgogICAgICDjgIAg44GU5YWl6YeR56K66KqN5b6M77yJMeaXpeOBi+OCiTEw5pel44Gn55m66YCB5Y+v6IO944Gn44GZ44CCPGJyPgogICAgICDjgIDlpKfph4/ms6jmlofnrYnjga7loLTlkIjjga/mm7Tjgavml6XmlbDjgYzmjpvjgYvjgovloLTlkIjjgYzlvqHluqfjgYTjgb7jgZnjgII8YnI+CiAgICAgIOOAgCjlupfoiJflj4rjgbPjgIHjg6Hjg7zjgqvjg7zlnKjluqvliIfjgozmmYLlj4rjgbPjgIHplbfmnJ/kvJHmmofmmYLjgpLpmaTjgY/vvIk8QlI+CiAgICAgIDxCUj4KICAgICAg4peP5pys5ZWG5ZOB44Gv5LuW44Gu5ZWG5ZOB44Go5ZCM5qKx5Y+v6IO95ZWG5ZOB44Gn44GZ44CC5LiL6KiY44Gu44OQ44OK44O844KS44Kv44Oq44OD44Kv44GnPEJSPgogICAgICDjgIDms6jmhI/kuovpoIXjgYzlvqHopqfjgYTjgZ/jgaDjgZHjgb7jgZnjgII8YnI+CiAgICAgIDxicj4KICAgICAg4peP6YCB5paZ54Sh5paZ5ZWG5ZOB44Go44Gq44KK44G+44GZ44GM44CB5ZCM5qKx5YaF5a65KOaiseWMheOCteOCpOOCujE2MOOCteOCpOOCuui2heOBiOaZginjgIE8YnI+CiAgICAgIOOAgOOBiuWxiuOBkeOBlOWcsOWfnyjmspbnuITnnIzjg7vliKXpgJQxMDAw5YaG44CB5YyX5rW36YGT44O75Yil6YCUNTAw5YaGKeOBq+OCiOOBo+OBpuOBrzxicj4KICAgICAg44CA5Yil6YCU6YCB5paZ44GM5o6b44GL44KL5aC05ZCI44GM5b6h5bqn44GE44G+44GZ44CCPGJyPgogICAgICA8L0ZPTlQ+PEZPTlQgY29sb3I9IiNmZjAwMDAiPjxCUj4KICAgICAgPC9GT05UPjwvQj48L1REPgogICAgPC9UUj4KICAgIDxUUj4KICAgICAgPFREPjxJTUcgc3JjPSJodHRwczovL2ltYWdlLnJha3V0ZW4uY28uanAvaHN0c3VnZS9jYWJpbmV0L2ltZzM3MjU1MTk0LmpwZyIgd2lkdGg9IjQ2NCIgaGVpZ2h0PSIxMzciIGJvcmRlcj0iMCI+PC9URD4KICAgIDwvVFI+CiAgPC9UQk9EWT4KPC9UQUJMRT4KPHA+PGJyPgrlupfoiJfjgrjjg6Pjg7Pjg6vvvJrjgrDjg6rjg6vjg5fjg6zjg7zjg4jjg7vjg5vjg4Pjg4jjg5fjg6zjg7zjg4jjg7vnhLzjgY3ogonjg5fjg6zjg7zjg4jjg7vjgrvjg6njg5/jg4Pjgq/jg5fjg6zjg7zjg4g8L3A+PHRhYmxlIGJvcmRlcj0iMCI+CiAgPHRib2R5PgogICAgPFRSPgogICAgICA8dGQgYWxpZ249ImxlZnQiIGJnY29sb3I9IiNmZmZmZmYiIHZhbGlnbj0ibWlkZGxlIiBoZWlnaHQ9IjEzNiI+CiAgICAgIDx0YWJsZSBib3JkZXI9IjAiIGJnY29sb3I9IiM2NjY2NjYiPgogICAgICAgIDxUQk9EWT4KICAgICAgICAgIDxUUj4KICAgICAgICAgICAgPHRkIGhlaWdodD0iOTgiIGJnY29sb3I9IiNmZmZmZmYiIHdpZHRoPSI2NDAiPjxGT05UIGNvbG9yPSIjZmYwMDAwIj48Rk9OVCBzaXplPSItMSI+4peP5ZWG5ZOB44Gu5Zyo5bqr44Gr44Gk44GE44GmPC9GT05UPjwvRk9OVD48QlI+CiAgICAgICAgICAgIDxGT05UIHNpemU9Ii0xIj7jgIDlvZPlupfjgavmjrLovInjgZXjgozjgabjgYrjgorjgb7jgZnllYblk4Hjga/jgIHjgZTos7zlhaXlj6/og73nirbmhYvjga7loLTlkIjjgafjgoLjgIHlv4XjgZrjgZfjgoLlnKjluqvjgpLlvZPlupfjgavjgabkv53mnInjgZfjgabjgYTjgos8YnI+CiAgICAgICAgICAgIOOAgOWVhuWTgeOBqOOBr+mZkOOCiuOBvuOBm+OCk+OAgjxicj4KICAgICAgICAgICAg44CA6KSH5pWw44Gu44GK5a6i5qeY44Gu44GU5rOo5paH44GM6YeN44Gq44Gj44Gf5aC05ZCI44KE44CB5b2T5bqX44Gu5Zyo5bqr5pWw44KS6LaF44GI44KL44GU5rOo5paH44KS6aCC44GE44Gf5aC05ZCI44Gq44Gp44Gv44CB44GK5Y+W44KK5a+E44GbPGJyPgogICAgICAgICAgICDjgIDllYblk4HjgajooajnpLrjgZXjgozjgabjgYTjgarjgYTllYblk4Hjga7loLTlkIjjgafjgoLjgIHlvZPlupfjga7lnKjluqvnirbms4HjgavjgojjgaPjgabjga/jgYrlj5bjgorlr4TjgZvjgajjgarjgovloLTlkIjjgoLlvqHluqfjgYTjgb7jgZnjga48YnI+CiAgICAgICAgICAgIOOAgOOBp+OAgeS6iOOCgeOBlOS6huaJv+S4i+OBleOBhOOAgjxicj4KICAgICAgICAgICAg44CA44Gd44Gu5aC05ZCI44Gv44CB5ZWG5ZOB44KS44GU5rOo5paH6aCC44GE44Gf6Zqb44Gr44CB5b2T5bqX44KI44KK6YCB44KJ44Gb44Gm6aCC44GE44Gm44GK44KK44G+44GZ44Oh44O844Or44Gr44Gm5ZWG5ZOB44Gu57SN5pyf44KS44GK55+l44KJ44GbPGJyPgogICAgICAgICAgICDjgIDjgZXjgZvjgabpoILjgYTjgabjgYrjgorjgb7jgZnjgII8YnI+CiAgICAgICAgICAgIOOAgOWcqOW6q+mZkOOCiuihqOekuuOBjOOBleOCjOOBpuOBiuOCiuOBvuOBmeWVhuWTgeOBq+OBpOOBhOOBpuOBr+OAgeOBneOBruaZgueCueOBq+OBpuW9k+W6l+OBq+WcqOW6q+OBjOOBguOCiuOAgeS7iuW+jOOBruWFpeiNt+OBruimi+mAmuOBl+OBqzxicj4KICAgICAgICAgICAg44CA44Gk44GE44Gm5pyq56K65a6a44Gu5ZWG5ZOB44G+44Gf44Gv44CB5ZCM5L6h5qC844Gn44Gu5YWl6I236LKp5aOy44GM5Zuw6Zuj44Gq5Y+v6IO95oCn44GM44GC44KL5ZWG5ZOB44Gr6KiY6LyJ44GV44Gb44Gm6aCC44GE44Gm44GK44KK44G+44GZ44CCPGJyPgogICAgICAgICAgICDjgIDlh7rmnaXjgovpmZDjgormrKHlm57lhaXojbfjga7liqrlipvnrYnjgZXjgZvjgabpoILjgY3jgZ/jgY/ogIPjgYjjgabjgYrjgorjgb7jgZnjga7jgafjgIHlnKjluqvpmZDjgorjgajjgarjgaPjgabjgYTjgabjgoLlho3luqblhaXojbfosqnlo7LjgZXjgZs8YnI+CiAgICAgICAgICAgIOOAgOOBpumgguOBj+WgtOWQiOOCguOBlOOBluOBhOOBvuOBmeOBl+OAgeOBvuOBn+ihqOiomOmAmuOCiuWGjeiyqeS4jeWPr+OBqOOBquOCi+WgtOWQiOOCguW+oeW6p+OBhOOBvuOBmeOBruOBp+OAgeOBlOeQhuino+ODu+OBlOS6huaJv+OBj+OBoOOBleOBhOOAgjxicj4KICAgICAgICAgICAg44CA44G+44Gf44CB5a6f5bqX6IiX44Go6YCj5YuV6LKp5aOy6Ie044GX44Gm44GK44KK44G+44GZ5ZWG5ZOB44KC5b6h5bqn44GE44G+44GZ6Zai5L+C44Gn44CB5a6f5bqX6IiX44Gr44Gm6LKp5aOy44GV44Gb44Gm6aCC44GN44CB5Zyo5bqr5YiH44KM44GoPGJyPgogICAgICAgICAgICDjgIDjgarjgorjgb7jgZfjgZ/loLTlkIjjgIHlj43mmKDjga7jgr/jgqTjg5/jg7PjgrDjgavjgojjgaPjgabjga/jgIHlnKjluqvmnInjgorjga7loLTlkIjjgafjgoLlnKjluqvliIfjgozjgajjgarjgovloLTlkIjjgYzlvqHluqfjgYTjgb7jgZnjgII8YnI+CiAgICAgICAgICAgIOOAgOOBneOBruWgtOWQiOW9k+W6l+OCiOOCiuOBiumbu+ipseODu+ODoeODvOODq+etieOBp+OBlOmAo+e1oeOBleOBm+OBpumgguOBjeOAgeiqoOOBq+eUs+OBl+ios+W+oeW6p+OBhOOBvuOBm+OCk+OBjOOAgeOCreODo+ODs+OCu+ODq+WHpueQhuOCkuOBleOBmzxicj4KICAgICAgICAgICAg44CA44Gm6aCC44GP5aC05ZCI44GM5b6h5bqn44GE44G+44GZ44CCPGJyPgogICAgICAgICAgICDjgIDllYblk4HjgYrmgKXjgY7jgafllYblk4HjgpLjgZTluIzmnJvjga7loLTlkIjjga/jgIHjgYrpm7voqbHjg7vjg6Hjg7zjg6vjgavjgabjgYrmsJfou73jgavntI3mnJ/jgpLjgYrllY/jgYTlkIjjgo/jgZvkuIvjgZXjgYTjgII8QlI+CiAgICAgICAgICAgIOOAgO+8iOOBiumbu+ipseWPl+S7mOaZgumWkznvvJozMC0xOO+8mjAw5pyo5puc5a6a5LyR44CA44Oh44O844Or44Gn44Gu44GK5ZWP44GE5ZCI44KP44Gb44Gu5aC05ZCI44GK5pmC6ZaT44GM5o6b44GL44KL5aC05ZCI44GM5b6h5bqn44GE44G+44GZ77yJPGJyPgogICAgICAgICAgICA8YnI+CiAgICAgICAgICAgIDwvRk9OVD48Zm9udCBzaXplPSItMSIgY29sb3I9IiNmZjAwMDAiPuKXj+WVhuWTgeOBrueUu+WDj+ODu+ihqOekuuetieOBq+OBpOOBhOOBpuKXjzwvZm9udD48Zm9udCBzaXplPSItMSI+PGJyPgogICAgICAgICAgICDjgIDooajnpLrjga/ln7rmnKznmoTjgavjga/jg6Hjg7zjgqvjg7zooajnpLrjgavln7rjgaXjgY3oqJjovInjgZXjgZvjgabpoILjgYTjgabjgYrjgorjgb7jgZnjgII8YnI+CiAgICAgICAgICAgIOOAgOWVhuWTgeeUu+WDj+OBq+OBpOOBjeOBvuOBl+OBpuOBr+OCpOODoeODvOOCuOeUu+WDj+OBqOOBquOBo+OBpuOBiuOCiuOBvuOBmeOBruOBp+OAgeOBlOimp+mgguOBj+eSsOWig+etieOBq+OCiOOCiuOAgeWun+mam+OBruWVhuWTgeOBqOiJsuWQiOOBhDxicj4KICAgICAgICAgICAg44CA562J6Iul5bmy5bmy55Ww44Gq44KL5aC05ZCI44GM5b6h5bqn44GE44G+44GZ44Gu44Gn5LqI44KB44GU5LqG5om/5LiL44GV44GE44CCPGJyPgogICAgICAgICAgICDjgIDjgb7jgZ/jgIHlvZPlupfllYblk4HnlLvlg4/jga/jgYrlrqLmp5jjgbjjga7jgZToqqzmmI7mlofjgYzoqJjovInjgZXjgozjgabjgYTjgovloLTlkIjjgYzlvqHluqfjgYTjgb7jgZnjgYzjgIHlv4XjgZrjgZfjgoLllYblk4HjgavjgZ3jga48YnI+CiAgICAgICAgICAgIOOAgOaWh+Wtl+OBjOiomOi8ieOBleOCjOOBpuOBhOOCi+OCguOBruOBp+OBr+W+oeW6p+OBhOOBvuOBm+OCk+OBl+OAgeaYoOOCiui+vOOBv+WFqOOBpuOBrueJqeOBjOWVhuWTgeOBp+OBr+OBquOBhOWgtOWQiOOBjOW+oeW6p+OBhOOBvuOBmTxicj4KICAgICAgICAgICAg44CAKOS+i+OBiOOBsOODleODqeOCpOODkeODs+OBruWVhuWTgeeUu+WDj+etieOBq+WGmeOBo+OBpuOBhOOCi+mjn+adkOetieOBr+WVhuWTgeOBq+WQq+OBvuOCjOOBvuOCjOOBpuOBiuOCiuOBvuOBm+OCkynjga7jgafjgIHjgZTlv4PphY3jgao8YnI+CiAgICAgICAgICAgIOOAgOWgtOWQiOOBr+S6i+WJjeOBiuawl+i7veOBq+OBiuWVj+OBhOWQiOOCj+OBm+S4i+OBleOBhOOAgjxicj4KICAgICAgICAgICAg44CA54m544Gr44GU6LOq5ZWP562J54Sh44GP44CB44GK5a6i5qeY44Gu5oCd44GE6L6844G/562J44Gr44KI44KL44GU6L+U5ZOB44Gr44Gv5b+c44GY44KJ44KM44G+44Gb44KT44Gu44Gn44CB44GU5rOo5oSP44GP44Gg44GV44GE44CCPGJyPgogICAgICAgICAgICA8YnI+CiAgICAgICAgICAgIDwvZm9udD48Zm9udCBzaXplPSItMSIgY29sb3I9IiNmZjAwMDAiPuKXj+WVhuWTgeOBrumFjemAgSjphY3pgIHml6XmmYLplpPluK/mjIflrprjg7vlpKflnovllYblk4HphY3pgIHnrYkp44Gr44Gk44GE44GmPC9mb250Pjxmb250IHNpemU9Ii0xIj48YnI+CiAgICAgICAgICAgIOOAgOmFjemAgeaXpeaZgumWk+W4r+aMh+WumuOBr+OAgeWfuuacrOeahOOBq+OBr+WCmeiAg+ashOOBq+OBpuOBiuWPl+OBkeiznOOBo+OBpuOBiuOCiuOBvuOBmeOBjOOAgeWuhemFjeOCteOCpOOCujPovrrlkIjoqIgxNjDvvYPvvY3jgpI8YnI+CiAgICAgICAgICAgIOOAgOi2heOBiOOCi+WVhuWTgeOChOOAgeWQjOaiseODu+ikh+aVsOWAi+aVsOOBlOizvOWFpeOBqOOBquOCiuOBvuOBl+OBn+WgtOWQiOOBp+OAgeaiseWMheOCteOCpOOCuuOBjDE2MO+9g++9jeOCkui2heOBiOOBvuOBl+OBn+WgtOWQiOOBr+OAgTxicj4KICAgICAgICAgICAg44CA5a6F6YWN5L6/6I2354mp44Gn44Gv54Sh44GP44CB5aSn5Z6L5ZWG5ZOB44Go44Gq44KK44G+44GZ6Zai5L+C44Gn44CB6YWN6YCB5qWt6ICF44GM6ZmQ44KJ44KM44G+44GZ44CCPGJyPgogICAgICAgICAgICDjgIDjgZ3jga7ngrrjgIHjgYrlsYrjgZHjgavml6XmlbDjgYzmjpvjgYvjgovloLTlkIjjgoTjgIHjgYrlsYrjgZHoh6rkvZPjgYzlh7rmnaXjgarjgYTkuovmhYvjgYznlJ/jgZjjgovloLTlkIjjgYzlvqHluqfjgYTjgb7jgZnjgII8YnI+CiAgICAgICAgICAgIOOAgOOBvuOBn+OAgemFjemAgeaXpeaZguiomOi8iemgguOBhOOBn+WgtOWQiOOBp+OCguOAgeOBiuWxiuOBkeOBlOWcsOWfn+OAgeWVhuWTgeWGheWuueOAgeOBneOBruS7luS6i+S+i+OBq+OCiOOCiuOAgeWFqOOBpuOBruOBlOW4jOacm+OBq+a3uzxicj4KICAgICAgICAgICAg44CA44GI44Gq44GE5aC05ZCI44GM5b6h5bqn44GE44G+44GZ44CC44Gd44Gu6Zqb44KC44GC44GZ5qW944Gu44GK6Kmr44Gz5L+d6Ki85Lul5aSW44Gv44CB5b2T5bqX44Gn44Gv5L+d6Ki844GE44Gf44GX44GL44Gt44G+44GZ44Gu44Gn44CBPGJyPgogICAgICAgICAgICDjgIDkuojjgoHjgZTkuobmib/jgY/jgaDjgZXjgYTjgII8YnI+CiAgICAgICAgICAgIDxicj4KICAgICAgICAgICAgPC9mb250Pjxmb250IHNpemU9Ii0xIiBDT0xPUj0iI2ZmMDAwMCI+4peP44Kt44Oj44Oz44K744Or44O75aSJ5pu044O76L+U5ZOB562J44Gr44Gk44GE44GmPC9mb250Pjxmb250IHNpemU9Ii0xIj48YnI+CiAgICAgICAgICAgIOOAgOOCreODo+ODs+OCu+ODq+ODu+i/lOWTgeetieOBq+OBpOOBjeOBvuOBl+OBpuOBr+OAgeW9k+W6l+OBruimj+e0hOOBq+WfuuOBpeOBjeOBlOWvvuW/nOOBleOBm+OBpumgguOBjeOBvuOBmeOAguimj+e0hOOBr1BD44Oa44O844K45LiK6YOoPGJyPgogICAgICAgICAgICDjgIDjg5Djg4rjg7zlj4rjgbPjgIHlvZPlupfjgYvjgonjga7jg6Hjg7zjg6vjga7kuIvpg6jjgavoqJjovInjgZXjgZvjgabpoILjgYTjgabjgYrjgorjgb7jgZnjgILjgrnjg57jg5vjg5rjg7zjgrjjga/jgIFUT1Djg5rjg7zjgrjlj4rjgbPjgIE8YnI+CiAgICAgICAgICAgIOOAgOS4iumDqOODoeODi+ODpeODvOWGheOBruS8muekvuamguimgeODu+axuua4iOaWueazleODu+mFjemAgeaWueazleOCiOOCiuOBlOeiuuiqjeWPr+iDveOBqOOBquOCiuOBvuOBmeOBruOBp+OAgeW/heOBmuS6i+WJjeOBq+OBlOeiuuiqjemgguOBkTxicj4KICAgICAgICAgICAg44CA44G+44GZ5qeY44CB5a6c44GX44GP44GK6aGY44GE6Ie044GX44G+44GZ44CCPGJyPgogICAgICAgICAgICDjgIDjgq3jg6Pjg7Pjgrvjg6vjg7vjgZTms6jmloflhoXlrrnjga7jgZTlpInmm7Tjga/jgZTms6jmloflvozjgIHvvJHlrprmmYLplpPlhoXjga/jgIHos7zlhaXlsaXmrbTjgYvjgonjgq3jg6Pjg7Pjgrvjg6vjg7vlpInmm7TjgoLlj6/og73jgajjgarjgoo8YnI+CiAgICAgICAgICAgIOOAgOOBvuOBmeOBjOOAgeW6l+iIl+WPl+S7mOOBruOCv+OCpOODn+ODs+OCsOOBq+OCiOOCiuOAgeOBlOWkieabtOOBjOOBp+OBjeOBquOBj+OBquOCi+WgtOWQiOOBjOW+oeW6p+OBhOOBvuOBmeOBruOBp+OAgeS6iOOCgeOBlOS6huaJv+S4i+OBleOBhOOAgjxicj4KICAgICAgICAgICAg44CA5bqX6IiX6KaP57SE44KS44GK6Kqt44G/44GP44Gg44GV44GE4oaS44GT44Gh44KJ44GL44KJPGJyPgogICAgICAgICAgICDjgIA8YnI+CiAgICAgICAgICAgIDwvZm9udD48L3RkPgogICAgICAgICAgICAgICAgIAogICAgICAgICAgCiAgICAgICAgCiAgICAgICAgICAKICAgICAgICAgIAogICAgICAgICAgCiAgICAgICAgICAKICAgICAgICAgIAogICAgICAgICAgCiAgICAgICAgICA8VFI+CiAgICAgICAgICAgIDx0ZCBiZ2NvbG9yPSIjZmZmZmZmIiBhbGlnbj0iY2VudGVyIj48aW1nIHNyYz0iaHR0cDovL2ltYWdlLnJha3V0ZW4uY28uanAvaHN0c3VnZS9jYWJpbmV0L2ltZ3JjMDA4NTU1NzQxMi5qcGciIHdpZHRoPSI2MzgiIGhlaWdodD0iMjAwIiBib3JkZXI9IjAiPjwvdGQ+CiAgICAgICAgICAKICAgICAgICAKICAgICAgICAKICAgICAgICAgIAogICAgICAgIAogICAgICAgICAgCiAgICAgICAgPC9UQk9EWT4KICAgICAgPC90YWJsZT4KICAgICAgPC90ZD4KICAgIAogICAgCiAgPC90Ym9keT4KPC90YWJsZT4=,44CQ6YCB5paZ54Sh5paZ44CR44K744Op44Of44OD44Kv44Kw44Oq44Or44OX44Os44O844OIIOOCt+OCp+ODlShjaGVmKSBIUC03MDA4OOODm+ODg+ODiOODl+ODrOODvOODiDowMlAwM0RlYzE577ya44Ob44O844Og44K344On44OD44OX44Gk44GS,44OI44Oo44OI44Of55+z5rK544K544OI44O844OW44CA54Gv5rK544K544OI44O844OW44CA44K544OI44O844OW44CA5pu/44GI6Iqv44CA5pu/6Iqv44OI44Oo44OI44Of55+z5rK544OV44Kh44Oz44OS44O844K/44O844CA54Gv5rK544OV44Kh44Oz44OS44O844K/44O844CA44OV44Kh44Oz44OS44O844K/44O844Oq44OV44Kp44O844Og44OI44Kk44Os44CA5Lih55So44CA5ZKM6aKo44CA5o2u572u44Ob44O844Og44K344On44OD44OX44Gk44GS44Ki44Km44OI44Os44OD44OI44K544OI44O844OW44O744OV44Kh44Oz44OS44O844K/44O844Ki44Kk44OH44Ki5ZWG5ZOB44Kk44OK44OQ54mp572u44CA44K/44Kv44Oc54mp572u44OV44Op44Kk44OR44Oz44CA44OG44Kj44OV44Kh44O844Or44CA44OA44Kk44Ok44Oi44Oz44OJ5omH6aKo5qmf44CA5Ya36aKo5omH5Yqg5rm/5Zmo44CA6Zmk5rm/5qmf44Oa44O844Or44CA44K044Of566x44CA77y077yv77yu77yi77yv44CA5paw6Lyd5ZCI5oiQ5Zu65b2i5rSX5Ymk44CA44Kt44Op44O844GZ44Gg44KM44CA44Oo44K344K644CA44KI44GX44Ga44CA6JGm57CA44Od44O844K/44OW44Or44OI44Kk44Os44Od44Kk44Os44OD44OI44CA44OI44Kk44Os55So57SZ44OQ44OD44Kw44OZ44Op44Oz44OA55uu6Zqg44GX44CA55uu44GL44GP44GX44CA44K344Kn44O844OJ44CA44OA44Kk44Kq44OZ44O844Or44CA44GL44GP44KM44KT44G85q2j5bqn44CA5qSF5a2Q44CA44GE44GZ44CA44Kk44K544K144Oz44K344Kn44O844OJ44CA44Kq44O844OL44Oz44Kw5rmv44Gf44KT44G944CA5rmv44K/44Oz44Od57Ch5piT44OI44Kk44Os44CA54G95a6z44OI44Kk44Os44CA57eK5oCl44OI44Kk44Os44CQ6YCB5paZ54Sh5paZ44CR44K744Op44Of44OD44Kv44Kw44Oq44Or44OX44Os44O844OIIOOCt+OCp+ODlShjaGVmKSBIUC03MDA4OOODm+ODg+ODiOODl+ODrOODvOODiDowMlAwM0RlYzE5,44GK44GX44KD44KM44Gq44Ob44Ov44Kk44OI44Kr44Op44O84pmq44K744Op44Of44OD44KvIOOCsOODquODq+ODl+ODrOODvOODiOOAguOAkOmAgeaWmeeEoeaWmeOAkeOCu+ODqeODn+ODg+OCr+OCsOODquODq+ODl+ODrOODvOODiCDjgrfjgqfjg5UoY2hlZikgSFAtNzAwODjjg5vjg4Pjg4jjg5fjg6zjg7zjg4g6MDJQMDNEZWMxOQ==[rn]
29-48550,aHR0cDovL3RzaG9wLnIxMHMuanAvemFrYS1tbWMvY2FiaW5ldC8wMzUzMTAwNy9pbWdyYzAwNzAyODQyNDYuanBnP2ZpdGluPTcwMDo3MDA=,MzE4NC4wMDAw,,5a626Zu7ID4g44Kt44OD44OB44Oz5a626Zu7ID4g44Ob44OD44OI44OX44Os44O844OI44O744Kw44Oq44Or44O744OV44Op44Kk44Ok44O8ID4g44Ob44OD44OI44OX44Os44O844OI,5Zyo5bqr6ZmQ44KK44Gu5aSn54m55L6h77yB44OG44K544Kz44OgIOa3seWei+ODm+ODg+ODiOODl+ODrOODvOODiCBIUDYwMC1I,54S844GP44O754KS44KB44KL44O76JK444GX54S844GN44Gq44Gp44Gq44Gp44CB5L2/44GE5pa56Imy44CF77yB,PFA+PEZPTlQgc2l6ZT0iKzEiIGNvbG9yPSIjZmYwMDAwIj48Rk9OVCBzaXplPSIrMSIgY29sb3I9IiNmZjAwMDAiPjxCPuWcqOW6q+WHpuWIhuOBruWkp+eJueS+oe+8ge+8gTwvQj48L0ZPTlQ+PC9GT05UPjxGT05UIHNpemU9IisxIiBjb2xvcj0iI2NjMDAwMCI+PEZPTlQgc2l6ZT0iKzEiIGNvbG9yPSIjY2MwMDAwIj48Qj48QlI+CuODhuOCueOCs+ODoOOBruOBn+OBo+OBt+OCiuS9v+OBiOOCi+inkuWei+OCv+OCpOODl+OBruODj+OCpOODkeODr+ODvO+8ke+8k++8kO+8kO+8t+OBruODm+ODg+ODiOODl+ODrOODvOODiO+8ge+8gTwvQj48L0ZPTlQ+PC9GT05UPjxGT05UIHNpemU9IisxIj48QlI+CjxCUj4K54S844GP44O754KS44KB44KL44O76JK444GX54S844GN44Gq44Gp44Gq44Gp44CB5L2/44GE5pa56Imy44CF77yBPEJSPgo8QlI+CjxCPuKYhuS4iOWkq+OBp+mVt+aMgeOBoe+8geOBiuaJi+WFpeOCjOODqeOCr+ODqeOCr+OAgOmBoOi1pOOCu+ODqeODn+ODg+OCr+OCs+ODvOODiDwvQj48QlI+CuOCreOCuuOBq+W8t+OBj+OAgemVt+aMgeOBoe+8gemBoOi1pOWKueaenOOBp+e0oOadkOOBruaXqOOBv+OCkuW8leOBjeWHuuOBl+OBvuOBmeOAgjxCUj4K44GT44Gz44KK44Gk44GN44Gr44GP44GE44GL44KJ44CB5rSX44GG44Gu44KC57Ch5Y2YPEJSPgo8QlI+CjxCPuKYhuayueOBr+OBremYsuatou+8humjn+adkOOBjOOBn+OBo+OBt+OCiuWFpeOCi+a3seWei+Wei+ODl+ODrOODvOODiDwvQj48QlI+Cumjm+OBs+aVo+OCiuOBjOWwkeOBquOBj+OAgeOBiuaJi+WFpeOCjOOCguOBl+OChOOBmeOBhOOAguS4gOW6puOBq+mHjuiPnOOBjOOBn+OBj+OBleOCk+iqv+eQhuOBp+OBjeOCi+OBruOBp+iSuOOBl+mHjuiPnOOBquOBqeOBruODmOODq+OCt+ODvOaWmeeQhuOBq+acgOmBqTxCUj4KPEJSPgo8Qj7imIboqr/nkIbjga7mp5jlrZDjgYzopovjgYjjgovlvLfljJbjgqzjg6njgrnjgbXjgZ88L0I+PEJSPgrngavjga7pgJrjgorjgYzopovjgoTjgZnjgY/jgIHokrjjgZfoqr/nkIbnrYnjgavlpKflpInkvr/liKk8QlI+CjxCUj4KPEI+4piG552A6ISx5byP44OX44Os44O844OI44Gn5Li45rSX44GET0s8L0I+PEJSPgo8QlI+CjxCPuKYhuOBn+OBo+OBt+OCiuS9v+OBiOOCi+inkuWei+OCv+OCpOODlzwvQj48QlI+CjxCUj4K44K144Kk44K6OkgxODHDl1c0NDXDl0QzNTZtbSjjgrPjg7Pjg4jjg63jg7zjg6njg7zjgarjgZcpPEJSPgrmnKzkvZPph43ph486NC4xa2c8QlI+Cumbu+a6kDpBQzEwMFYgNTAvNjBIejxCUj4K5raI6LK76Zu75YqbOjEzMDBXPEJSPgrku5jlsZ7lk4E65rex5Z6L44OX44Os44O844OI44CB44OV44K/44CB6Zu75rqQ44Kz44O844OJKOiHquWLlea4qeW6puiqv+evgOWZqOOBpOOBjSk8QlI+Cua4qeW6puiqv+evgDrkv53muKnvvZ4yMzDihIM8QlI+CuOCs+ODvOODieOBrumVt+OBlToxLjhtPEJSPgrjg5fjg6zjg7zjg4jlr7jms5U6SDUyw5dXNDIyw5dEMzI4bW08L0ZPTlQ+PC9QPg==,5Zyo5bqr6ZmQ44KK44Gu5aSn54m55L6h77yB44OG44K544Kz44OgIOa3seWei+ODm+ODg+ODiOODl+ODrOODvOODiCBIUDYwMC1I77ya6ZuR6LKo5bGL44Oe44K544Kz44OD44OI,5paw5YWl5a2m5paw55Sf5rS75a626Zu76ZuR6LKo44OK44K344On44OK44Or5p2x6Iqd5pel56uL44Ko44Ki44Kz44Oz5omH6aKo5qmf6YCB5paZ54Sh5paZ55+z5rK55pqW5oi/5Ya35oi/6Zmk5rm/5qmf56m65rCX5riF5rWE5qmf6Zu75rCX44OE44Kk44Kk44Oz44OQ44O844OJ44OG44K544Kz44Og5Ya36aKo5Ya36JS15bqr5Zyo5bqr6ZmQ44KK44Gu5aSn54m55L6h77yB44OG44K544Kz44OgIOa3seWei+ODm+ODg+ODiOODl+ODrOODvOODiCBIUDYwMC1I,54S844GP44O754KS44KB44KL44O76JK444GX54S844GN44Gq44Gp44Gq44Gp44CB5L2/44GE5pa56Imy44CF77yB44CC5Zyo5bqr6ZmQ44KK44Gu5aSn54m55L6h77yB44OG44K544Kz44OgIOa3seWei+ODm+ODg+ODiOODl+ODrOODvOODiCBIUDYwMC1I[rn]
29-48551,aHR0cDovL3RzaG9wLnIxMHMuanAvZHRjL2NhYmluZXQvMjAxNjAyMTJhLzQ5ODM3NzEwODY1OTUuanBnP2ZpdGluPTcwMDo3MDA=,MTkxMS4yMDAw,,5a626Zu7ID4g44Kt44OD44OB44Oz5a626Zu7ID4g44Ob44OD44OI44OX44Os44O844OI44O744Kw44Oq44Or44O744OV44Op44Kk44Ok44O8ID4g44Ob44OD44OI44OX44Os44O844OI,44Ok44Oe44K844OzKOWxseWWhCkg44Ob44OD44OI44OX44Os44O844OIIFlIQi0xMzAtQiAoWUhCMTMwKQ==,44CA,PHRhYmxlIGJvcmRlcj0iMCIgY2VsbHBhZGRpbmc9IjAiIGNlbGxzcGFjaW5nPSIwIiB3aWR0aD0iNzEwIiBzdHlsZT0ibGluZS1oZWlnaHQ6MTQwJTsiPjx0cj48dGQ+PGZvbnQgc2l6ZT0iMiI+44GK5o6D6Zmk57Ch5Y2Y44Gq44OV44OD57Sg5Yqg5bel44OX44Os44O844OI77yBPGJyPjxicj48L2ZvbnQ+PC90ZD48L3RyPjwvdGFibGU+PHRhYmxlIGNlbGxzcGFjaW5nPSIwIiBjZWxscGFkZGluZz0iNCIgYm9yZGVyPSIxIiB3aWR0aD0iNzEwIiBib3JkZXJjb2xvcj0iI2NjY2NjYyI+PHRyPjx0ZCB3aWR0aD0iMTgwIiBiZ2NvbG9yPSIjZWZlZmVmIj48Zm9udCBzaXplPSIyIj7mnKzkvZPjgrXjgqTjgrrvvIjpq5jjgZXDl+W5hcOX5aWl6KGM77yJPC9mb250PjwvdGQ+PHRkIHdpZHRoPSI1MzAiPjxmb250IHNpemU9IjIiPjEzw5c0MC41w5czOS41Y208L2ZvbnQ+PC90ZD48L3RyPjx0cj48dGQgd2lkdGg9IjE4MCIgYmdjb2xvcj0iI2VmZWZlZiI+PGZvbnQgc2l6ZT0iMiI+44Gd44Gu5LuW44K144Kk44K6PC9mb250PjwvdGQ+PHRkIHdpZHRoPSI1MzAiPjxmb250IHNpemU9IjIiPuOCs+ODvOODiemVt++8mjEuOW08L2ZvbnQ+PC90ZD48L3RyPjx0cj48dGQgd2lkdGg9IjE4MCIgYmdjb2xvcj0iI2VmZWZlZiI+PGZvbnQgc2l6ZT0iMiI+5pys5L2T6YeN6YePPC9mb250PjwvdGQ+PHRkIHdpZHRoPSI1MzAiPjxmb250IHNpemU9IjIiPue0hDIuMWtnPC9mb250PjwvdGQ+PC90cj48dHI+PHRkIHdpZHRoPSIxODAiIGJnY29sb3I9IiNlZmVmZWYiPjxmb250IHNpemU9IjIiPua2iOiyu+mbu+WKmzwvZm9udD48L3RkPjx0ZCB3aWR0aD0iNTMwIj48Zm9udCBzaXplPSIyIj4xMzAwVzwvZm9udD48L3RkPjwvdHI+PHRyPjx0ZCB3aWR0aD0iMTgwIiBiZ2NvbG9yPSIjZWZlZmVmIj48Zm9udCBzaXplPSIyIj7jgZ3jga7ku5Y8L2ZvbnQ+PC90ZD48dGQgd2lkdGg9IjUzMCI+PGZvbnQgc2l6ZT0iMiI+44CQ5rip5bqm6Kq/56+A56+E5Zuy44CRODDihIPvvIjkv53muKnvvInvvZ4yMzDihIM8L2ZvbnQ+PC90ZD48L3RyPjwvdGFibGU+PCEtLQoKLS0+CgoKCjxkaXYgc3R5bGU9IndpZHRoOjcxMHB4OyBoZWlnaHQ6MTgwcHg7ICBtYXJnaW46MDsgb3ZlcmZsb3c6aGlkZGVuOyI+Cgo8L2Rpdj4KCjwhLS0KPGRpdiBzdHlsZT0id2lkdGg6IDcwMHB4OyBtYXJnaW46IDAgNXB4OyI+CjxpbWcgc3JjPSJodHRwOi8vd3d3LnJha3V0ZW4ubmUuanAvZ29sZC9kdGMvZnJhbWUvaW1hZ2VzL3N5b3VoaW5zZXR1bWVpMi5naWYiIHdpZHRoPSI3MDAiIGhlaWdodD0iMzAiPgo8L2Rpdj4KPGJyPgo8ZGl2IHN0eWxlPSJ3aWR0aDo3MTBweDsgaGVpZ2h0OjI4MHB4OyAgbWFyZ2luOjAgMCAyMHB4OyBvdmVyZmxvdzpoaWRkZW47Ij4KCjwvZGl2PgotLT4=,44Ok44Oe44K844OzKOWxseWWhCkg44Ob44OD44OI44OX44Os44O844OIIFlIQi0xMzAtQiAoWUhCMTMwKe+8muOCveODleODnuODg+ODl+alveWkqeW4guWgtOW6lw==,44K944OV44Oe44OD44OXU29mbWFw44OR44K944Kz44Oz44K/44OW44Os44OD44OIUENIRETjgqLjgrvjg7Pjg5bjg6rjg5Hjg7zjg4Tjg5Hjgr3jgrPjg7Pjg5Hjg7zjg4Tjg4bjg6zjg5PjgrLjg7zjg6Djg5bjg6vjg7zjg6zjgqTjgr3jg5Xjg4hEVkTjgr3jg5Xjg4jmtrLmmbbjg4bjg6zjg5Pjg5bjg6vjg7zjg6zjgqTjg4fjgqPjgrnjgq/jg6zjgrPjg7zjg4Djg7zjg4fjgrjjgr/jg6vkuIDnnLzjg6zjg5Xjgqvjg6Hjg6njg4fjgrjjgr/jg6vjgqvjg6Hjg6nlrrbpm7vmmYLoqIjkuK3lj6TjgqLjgqbjg4jjg6zjg4Pjg4hpUGFkaVBob25l44Ok44Oe44K844OzKOWxseWWhCkg44Ob44OD44OI44OX44Os44O844OIIFlIQi0xMzAtQiAoWUhCMTMwKQ==,44CA44CC44Ok44Oe44K844OzKOWxseWWhCkg44Ob44OD44OI44OX44Os44O844OIIFlIQi0xMzAtQiAoWUhCMTMwKQ==[rn]
29-48552,aHR0cDovL3RzaG9wLnIxMHMuanAvZHRjL2NhYmluZXQvMDAzNzU0MzUvNDk3NDMwNTIwODYwNi5qcGc/Zml0aW49NzAwOjcwMA==,OTEwNC4wMDAw,,5a626Zu7ID4g44Kt44OD44OB44Oz5a626Zu7ID4g44Ob44OD44OI44OX44Os44O844OI44O744Kw44Oq44Or44O744OV44Op44Kk44Ok44O8ID4g44Ob44OD44OI44OX44Os44O844OI,44CQ6YCB5paZ54Sh5paZ44CR6LGh5Y2wIEVBLUpCMjAtU0Eg44K344Or44OQ44O8IOODm+ODg+ODiOODl+ODrOODvOODiCDjgoTjgY3jgoTjgY0gKDEyMDBXKSAoRUFKQjIwU0Ep,44CA,PHRhYmxlIGJvcmRlcj0iMCIgY2VsbHBhZGRpbmc9IjAiIGNlbGxzcGFjaW5nPSIwIiB3aWR0aD0iNzEwIiBzdHlsZT0ibGluZS1oZWlnaHQ6MTQwJTsiPjx0cj48dGQ+PGZvbnQgc2l6ZT0iMiI+4pag6ISC44GM6JC944Gh44KL44OY44Or44K344O844CB5rK544Gu6aOb44Gz5pWj44KK44KS57SENzDvvIXjgqvjg4Pjg4jjgIzpgaDotaTnqbTjgYLjgY3nhLzjgY3ogonjg5fjg6zjg7zjg4jjgI08YnI+PGJyPuKWoOmjn+adkOOBruaOpeinpumdouepjeOBjOOCouODg+ODl+OBl+OBjeOCjOOBhOOBqueEvOOBjeebruOBjOOBpOOBj+OAjOmBoOi1pOeptOOBguOBjeeEvOOBjeiCieODl+ODrOODvOODiOOAjTxicj48YnI+4pag5LiI5aSr44Gn6ZW35oyB44Gh6ICQ5LmF5oCnMuWAjeOAjOODiOODquODl+ODq+ODgeOCv+ODs+OCu+ODqeODn+ODg+OCr+OCs+ODvOODiOOBrumBoOi1pOW5s+mdouODl+ODrOODvOODiOOAjTxicj48YnI+4pag44GL44KL772e44GP44K744OD44OI44Gn44GN44KL44CM44Kr44OB44OD44Go5rip5bqm6Kq/56+A44OX44Op44Kw44CNPGJyPjxicj7ilqDjgIwyLjVt44Ot44Oz44Kw44Kz44O844OJ44CNPGJyPjxicj7ilqDjgaTjgY7jgaTjgY7jgajnhLzjgZHjgovjgIzjg4/jgqTjg5Hjg6/jg7wxMjAwV+OAjTxicj48YnI+4pag5riF5r2U77yB5rGa44KM44GM44Gk44GN44Gr44GP44GE44CM44K544OG44Oz44Os44K544Oc44OH44Kj44CN77yI44G144Gf44Gv44K544OG44Oz44Os44K544Gn44Gv44GC44KK44G+44Gb44KT77yJPGJyPjxicj7ilqDjg5fjg6zjg7zjg4jjga7jgbXjgaHjgavnm7TmjqXmiYvjgYzop6bjgozjgavjgY/jgYTjgIzmnKzkvZPjgqzjg7zjg4njgI08YnI+PGJyPjwvZm9udD48L3RkPjwvdHI+PC90YWJsZT48dGFibGUgY2VsbHNwYWNpbmc9IjAiIGNlbGxwYWRkaW5nPSI0IiBib3JkZXI9IjEiIHdpZHRoPSI3MTAiIGJvcmRlcmNvbG9yPSIjY2NjY2NjIj48dHI+PHRkIHdpZHRoPSIxODAiIGJnY29sb3I9IiNlZmVmZWYiPjxmb250IHNpemU9IjIiPuWVhuWTgeWQjTwvZm9udD48L3RkPjx0ZCB3aWR0aD0iNTMwIj48Zm9udCBzaXplPSIyIj7jg5vjg4Pjg4jjg5fjg6zjg7zjg4jjgIzjgoTjgY3jgoTjgY3jgI3vvIjjg5fjg6zjg7zjg4gy5p6a77yJ44CARUEtSkIyMC1TQeOCt+ODq+ODkOODvDwvZm9udD48L3RkPjwvdHI+PHRyPjx0ZCB3aWR0aD0iMTgwIiBiZ2NvbG9yPSIjZWZlZmVmIj48Zm9udCBzaXplPSIyIj7lnovnlao8L2ZvbnQ+PC90ZD48dGQgd2lkdGg9IjUzMCI+PGZvbnQgc2l6ZT0iMiI+RUFKQjIwPC9mb250PjwvdGQ+PC90cj48dHI+PHRkIHdpZHRoPSIxODAiIGJnY29sb3I9IiNlZmVmZWYiPjxmb250IHNpemU9IjIiPu+8qu+8oe+8ruOCs+ODvOODiTwvZm9udD48L3RkPjx0ZCB3aWR0aD0iNTMwIj48Zm9udCBzaXplPSIyIj40OTc0MzA1MjA4NjA2PC9mb250PjwvdGQ+PC90cj48dHI+PHRkIHdpZHRoPSIxODAiIGJnY29sb3I9IiNlZmVmZWYiPjxmb250IHNpemU9IjIiPuODoeODvOOCq+ODvDwvZm9udD48L3RkPjx0ZCB3aWR0aD0iNTMwIj48Zm9udCBzaXplPSIyIj7osaHljbA8L2ZvbnQ+PC90ZD48L3RyPjx0cj48dGQgd2lkdGg9IjE4MCIgYmdjb2xvcj0iI2VmZWZlZiI+PGZvbnQgc2l6ZT0iMiI+44Oh44O844Kr44O85biM5pyb5bCP5aOy5L6h5qC8KOeojuaKnCk8L2ZvbnQ+PC90ZD48dGQgd2lkdGg9IjUzMCI+PGZvbnQgc2l6ZT0iMiI+MjEsMDAw5YaGPC9mb250PjwvdGQ+PC90cj48dHI+PHRkIHdpZHRoPSIxODAiIGJnY29sb3I9IiNlZmVmZWYiPjxmb250IHNpemU9IjIiPueZuuWjsuW5tOaciDwvZm9udD48L3RkPjx0ZCB3aWR0aD0iNTMwIj48Zm9udCBzaXplPSIyIj4yMDE05bm0OOaciDHml6U8L2ZvbnQ+PC90ZD48L3RyPjx0cj48dGQgd2lkdGg9IjE4MCIgYmdjb2xvcj0iI2VmZWZlZiI+PGZvbnQgc2l6ZT0iMiI+44K344Oq44O844K65ZCNL+aEm+ensDwvZm9udD48L3RkPjx0ZCB3aWR0aD0iNTMwIj48Zm9udCBzaXplPSIyIj7jgoTjgY3jgoTjgY08L2ZvbnQ+PC90ZD48L3RyPjx0cj48dGQgd2lkdGg9IjE4MCIgYmdjb2xvcj0iI2VmZWZlZiI+PGZvbnQgc2l6ZT0iMiI+6ImyPC9mb250PjwvdGQ+PHRkIHdpZHRoPSI1MzAiPjxmb250IHNpemU9IjIiPu+8iFNB77yJ44K344Or44OQ44O8PC9mb250PjwvdGQ+PC90cj48dHI+PHRkIHdpZHRoPSIxODAiIGJnY29sb3I9IiNlZmVmZWYiPjxmb250IHNpemU9IjIiPuacrOS9k+OCteOCpOOCuihIw5dXw5dEKW1tPC9mb250PjwvdGQ+PHRkIHdpZHRoPSI1MzAiPjxmb250IHNpemU9IjIiPjE1NcOXMzHDlzQ4bW3vvIgy5p6a6YeN44Gt5pmC77yJPC9mb250PjwvdGQ+PC90cj48dHI+PHRkIHdpZHRoPSIxODAiIGJnY29sb3I9IiNlZmVmZWYiPjxmb250IHNpemU9IjIiPuODl+ODrOODvOODiOOCteOCpOOCuihIw5dXw5dEKW1tPC9mb250PjwvdGQ+PHRkIHdpZHRoPSI1MzAiPjxmb250IHNpemU9IjIiPuOAkOmBoOi1pOW5s+mdouODl+ODrOODvOODiOOAkTI1w5czNjnDlzI0OW1t44CA44CQ6YGg6LWk56m044GC44GN54S86IKJ44OX44Os44O844OI44CRMjPDlzM2OcOXMjQ5bW08L2ZvbnQ+PC90ZD48L3RyPjx0cj48dGQgd2lkdGg9IjE4MCIgYmdjb2xvcj0iI2VmZWZlZiI+PGZvbnQgc2l6ZT0iMiI+44Kz44O844OJ6ZW344GVPC9mb250PjwvdGQ+PHRkIHdpZHRoPSI1MzAiPjxmb250IHNpemU9IjIiPjIuNW08L2ZvbnQ+PC90ZD48L3RyPjx0cj48dGQgd2lkdGg9IjE4MCIgYmdjb2xvcj0iI2VmZWZlZiI+PGZvbnQgc2l6ZT0iMiI+5raI6LK76Zu75YqbPC9mb250PjwvdGQ+PHRkIHdpZHRoPSI1MzAiPjxmb250IHNpemU9IjIiPjEyMDBXPC9mb250PjwvdGQ+PC90cj48dHI+PHRkIHdpZHRoPSIxODAiIGJnY29sb3I9IiNlZmVmZWYiPjxmb250IHNpemU9IjIiPuODl+ODrOODvOODiOeorumhnjwvZm9udD48L3RkPjx0ZCB3aWR0aD0iNTMwIj48Zm9udCBzaXplPSIyIj7op5Llnos8L2ZvbnQ+PC90ZD48L3RyPjx0cj48dGQgd2lkdGg9IjE4MCIgYmdjb2xvcj0iI2VmZWZlZiI+PGZvbnQgc2l6ZT0iMiI+44OV44OD57Sg5Yqg5belPC9mb250PjwvdGQ+PHRkIHdpZHRoPSI1MzAiPjxmb250IHNpemU9IjIiPuaciTwvZm9udD48L3RkPjwvdHI+PHRyPjx0ZCB3aWR0aD0iMTgwIiBiZ2NvbG9yPSIjZWZlZmVmIj48Zm9udCBzaXplPSIyIj7mnIDpq5jmuKnluqY8L2ZvbnQ+PC90ZD48dGQgd2lkdGg9IjUzMCI+PGZvbnQgc2l6ZT0iMiI+MjUw4oSD77yI44G144Gf44Gq44GX77yJPC9mb250PjwvdGQ+PC90cj48dHI+PHRkIHdpZHRoPSIxODAiIGJnY29sb3I9IiNlZmVmZWYiPjxmb250IHNpemU9IjIiPuODl+ODrOODvOODiOS4uOa0l+OBhDwvZm9udD48L3RkPjx0ZCB3aWR0aD0iNTMwIj48Zm9udCBzaXplPSIyIj7lj688L2ZvbnQ+PC90ZD48L3RyPjx0cj48dGQgd2lkdGg9IjE4MCIgYmdjb2xvcj0iI2VmZWZlZiI+PGZvbnQgc2l6ZT0iMiI+44Ob44OD44OI44OX44Os44O844OI44K/44Kk44OXPC9mb250PjwvdGQ+PHRkIHdpZHRoPSI1MzAiPjxmb250IHNpemU9IjIiPuODm+ODg+ODiOODl+ODrOODvOODiDwvZm9udD48L3RkPjwvdHI+PC90YWJsZT48IS0tCgotLT4KCgoKPGRpdiBzdHlsZT0id2lkdGg6NzEwcHg7IGhlaWdodDoxODBweDsgIG1hcmdpbjowOyBvdmVyZmxvdzpoaWRkZW47Ij4KCjwvZGl2PgoKPCEtLQo8ZGl2IHN0eWxlPSJ3aWR0aDogNzAwcHg7IG1hcmdpbjogMCA1cHg7Ij4KPGltZyBzcmM9Imh0dHA6Ly93d3cucmFrdXRlbi5uZS5qcC9nb2xkL2R0Yy9mcmFtZS9pbWFnZXMvc3lvdWhpbnNldHVtZWkyLmdpZiIgd2lkdGg9IjcwMCIgaGVpZ2h0PSIzMCI+CjwvZGl2Pgo8YnI+CjxkaXYgc3R5bGU9IndpZHRoOjcxMHB4OyBoZWlnaHQ6MjgwcHg7ICBtYXJnaW46MCAwIDIwcHg7IG92ZXJmbG93OmhpZGRlbjsiPgoKPC9kaXY+Ci0tPg==,44CQ6YCB5paZ54Sh5paZ44CR6LGh5Y2wIEVBLUpCMjAtU0Eg44K344Or44OQ44O8IOODm+ODg+ODiOODl+ODrOODvOODiCDjgoTjgY3jgoTjgY0gKDEyMDBXKSAoRUFKQjIwU0Ep77ya44K944OV44Oe44OD44OX5qW95aSp5biC5aC05bqX,44K944OV44Oe44OD44OXU29mbWFw44OR44K944Kz44Oz44K/44OW44Os44OD44OIUENIRETjgqLjgrvjg7Pjg5bjg6rjg5Hjg7zjg4Tjg5Hjgr3jgrPjg7Pjg5Hjg7zjg4Tjg4bjg6zjg5PjgrLjg7zjg6Djg5bjg6vjg7zjg6zjgqTjgr3jg5Xjg4hEVkTjgr3jg5Xjg4jmtrLmmbbjg4bjg6zjg5Pjg5bjg6vjg7zjg6zjgqTjg4fjgqPjgrnjgq/jg6zjgrPjg7zjg4Djg7zjg4fjgrjjgr/jg6vkuIDnnLzjg6zjg5Xjgqvjg6Hjg6njg4fjgrjjgr/jg6vjgqvjg6Hjg6nlrrbpm7vmmYLoqIjkuK3lj6TjgqLjgqbjg4jjg6zjg4Pjg4hpUGFkaVBob25l44CQ6YCB5paZ54Sh5paZ44CR6LGh5Y2wIEVBLUpCMjAtU0Eg44K344Or44OQ44O8IOODm+ODg+ODiOODl+ODrOODvOODiCDjgoTjgY3jgoTjgY0gKDEyMDBXKSAoRUFKQjIwU0Ep,44CA44CC44CQ6YCB5paZ54Sh5paZ44CR6LGh5Y2wIEVBLUpCMjAtU0Eg44K344Or44OQ44O8IOODm+ODg+ODiOODl+ODrOODvOODiCDjgoTjgY3jgoTjgY0gKDEyMDBXKSAoRUFKQjIwU0Ep[rn]
29-48553,aHR0cDovL3RzaG9wLnIxMHMuanAvZHRjL2NhYmluZXQvMjAxNTA4MjJuLzQ5NzQzMDUyMTA1ODYuanBnP2ZpdGluPTcwMDo3MDA=,MTAwMTYuMDAwMA==,,5a626Zu7ID4g44Kt44OD44OB44Oz5a626Zu7ID4g44Ob44OD44OI44OX44Os44O844OI44O744Kw44Oq44Or44O744OV44Op44Kk44Ok44O8ID4g44Ob44OD44OI44OX44Os44O844OI,44CQ6YCB5paZ54Sh5paZ44CR6LGh5Y2wIOODm+ODg+ODiOODl+ODrOODvOODiCDjgIzjgoTjgY3jgoTjgY3jgI0o44OX44Os44O844OIMuaemikgRUEtR1IyNS1URCDjg4Djg7zjgq/jg5bjg6njgqbjg7MgKEVBR1IyNVREKQ==,44CA,PHRhYmxlIGJvcmRlcj0iMCIgY2VsbHBhZGRpbmc9IjAiIGNlbGxzcGFjaW5nPSIwIiB3aWR0aD0iNzEwIiBzdHlsZT0ibGluZS1oZWlnaHQ6MTQwJTsiPjx0cj48dGQ+PGZvbnQgc2l6ZT0iMiI+4pag44CM6YGg6LWk56m044GC44GN54S86IKJ44OX44Os44O844OI44CN44CM6YGg6LWk5bmz6Z2i44OX44Os44O844OI44CN77yL44CM6YGg6LWk5bmz6Z2i44OP44O844OV44OX44Os44O844OI44CNIOOBrjLmnprvvIswLjXvvIjjg4/jg7zjg5XvvInmnprjga4g44CM44G+44KL44GnM+aemuOAjTxicj48YnI+4pag5LiI5aSr44Gn6ZW35oyB44GhIOiAkOS5heaApzLlgI0g44CM44OI44Oq44OX44Or44OB44K/44Oz44K744Op44Of44OD44Kv44Kz44O844OI44Gu6YGg6LWk5bmz6Z2i44OX44Os44O844OI44O76YGg6LWk56m044GC44GN54S86IKJ44OX44Os44O844OI44O76YGg6LWk5bmz6Z2i44OP44O844OV44OX44Os44O844OI44O76YGg6LWk56m044GC44GN54S86IKJ44OP44O844OV44OX44Os44O844OI44CNPGJyPuOAgOS4iOWkq+OBp+mVt+aMgeOBoeOAgTPlsaTmp4vpgKDjga7lgrfjgaTjgY3jgavjgY/jgYTjgIzjg4jjg6rjg5fjg6vjg4Hjgr/jg7Pjgrvjg6njg5/jg4Pjgq/jgrPjg7zjg4jjgI3jgpLkvb/nlKjjgZfjgabjgYTjgb7jgZnjgILpgaDotaTlubPpnaLjg5fjg6zjg7zjg4jjg7vpgaDotaTlubPpnaLjg4/jg7zjg5Xjg5fjg6zjg7zjg4jjga7ooajpnaLjga/jgIHmtYXjgYTlh7nlh7jjga7jg4DjgqTjg6Tjgqvjg4Pjg4jjg4fjgqPjg7Pjg5fjg6vku5XkuIrjgZLjgarjga7jgafmsrnjgarjgZjjgb/jgYzoia/jgY/jgZPjgZLjgaTjgY3jgavjgY/jgY/jgarjgaPjgabjgYTjgb7jgZnjgILjgb7jgZ/ph5HlsZ7jg5jjg6njgoLkvb/jgYjjgb7jgZnjgII8YnI+PGJyPuKWoOiEguOBjOiQveOBoeOBpuODl+ODrOODvOODiOOBq+aui+OCieOBquOBhOOBi+OCieeFmeOBjOWNiuWIhu+8geayueOBrumjm+OBs+aVo+OCiuOCkue0hDcw77yF44Kr44OD44OIIOOAjOmBoOi1pOeptOOBguOBjeeEvOiCieODl+ODrOODvOODiOOAjTxicj7jgIDnhZnjgoTmsrnjga7po5vjgbPmlaPjgorjga/jg5fjg6zjg7zjg4jjga7kuIrjgavmrovjgaPjgZ/ohILjgYzljp/lm6DjgafjgZnjgILnqbTjgYLjgY3jg5fjg6zjg7zjg4jjga/nqbTjgYvjgonogonjga7kvZnliIbjgarohILjgYzokL3jgaHjgIHjg5fjg6zjg7zjg4jpnaLjgavmrovjgorjgb7jgZvjgpPjgILlubPpnaLjg5fjg6zjg7zjg4jjgafnhLzogonjgpLjgZnjgovjgojjgornhZnjgYzljYrliIbjgIHmsrnjga7po5vjgbPmlaPjgorjgpLntIQ3MO+8heOCguOCq+ODg+ODiOOBl+OBvuOBmeOAguacrOagvOeEvOiCieOBqOOBhOOBiOOBsOOChOOBo+OBseOCiueptOOBguOBjeOBp+OBmeOAgjxicj48YnI+4pag5qW944GX44GV5bqD44GM44KLIOOAjOmBoOi1pOW5s+mdouODj+ODvOODleODl+ODrOODvOODiOOAjTxicj7jgIDpgaDotaTnqbTjgYLjgY3nhLzogonjg5fjg6zjg7zjg4jjga7ljYrliIbjgpLpgaDotaTlubPpnaLjg4/jg7zjg5Xjg5fjg6zjg7zjg4jjgavjgYvjgYjjgovjgZPjgajjgavjgojjgorjgIHnhLzogonjgajkuIDnt5LjgavjgYTjgo3jgYTjgo3jgarjg6Hjg4vjg6Xjg7zjgYzmpb3jgZfjgoHjgb7jgZnjgILjgr3jg7zjgrnjgpLjgYvjgZHjgZ/jgorjgIHjg5Djgr/jg7znhLzjgY3jgpLjgZnjgovjgarjganjgIHph47oj5zjgoTjgrfjg7zjg5Xjg7zjg4njga/jgoLjgaHjgo3jgpPjgIHlsI/jgZXjgarlhbfmnZDjgoTpurrpoZ7jgoLnhLzjgZHjgb7jgZnjgII8YnI+PGJyPuKWoOOBneOBruS7luOBrueJuemVtzxicj7jgIDjg7vpo5/mnZDjgajjga7mjqXop6bpnaLnqY3jgYzjgqLjg4Pjg5fjgZfjgY3jgozjgYTjgarnhLzjgY3nm67jgYzjgaTjgY8g44CM6YGg6LWk56m044GC44GN54S86IKJ44OX44Os44O844OI44CNPGJyPuOAgOODu+OBi+OCi++9nuOBj+OCu+ODg+ODiOOBp+OBjeOCiyDjgIzjgqvjg4Hjg4PjgajmuKnluqboqr/nr4Djg5fjg6njgrDjgI08YnI+44CA44O744OX44Os44O844OI44Gu44G144Gh44Gr55u05o6l5omL44GM6Kem44KM44Gr44GP44GEIOOAjOacrOS9k+OCrOODvOODieOAjTxicj7jgIDjg7syLjVt44Ot44Oz44Kw44Kz44O844OJPGJyPjxicj48L2ZvbnQ+PC90ZD48L3RyPjwvdGFibGU+PCEtLQoKLS0+CgoKCjxkaXYgc3R5bGU9IndpZHRoOjcxMHB4OyBoZWlnaHQ6MTgwcHg7ICBtYXJnaW46MDsgb3ZlcmZsb3c6aGlkZGVuOyI+Cgo8L2Rpdj4KCjwhLS0KPGRpdiBzdHlsZT0id2lkdGg6IDcwMHB4OyBtYXJnaW46IDAgNXB4OyI+CjxpbWcgc3JjPSJodHRwOi8vd3d3LnJha3V0ZW4ubmUuanAvZ29sZC9kdGMvZnJhbWUvaW1hZ2VzL3N5b3VoaW5zZXR1bWVpMi5naWYiIHdpZHRoPSI3MDAiIGhlaWdodD0iMzAiPgo8L2Rpdj4KPGJyPgo8ZGl2IHN0eWxlPSJ3aWR0aDo3MTBweDsgaGVpZ2h0OjI4MHB4OyAgbWFyZ2luOjAgMCAyMHB4OyBvdmVyZmxvdzpoaWRkZW47Ij4KCjwvZGl2PgotLT4=,44CQ6YCB5paZ54Sh5paZ44CR6LGh5Y2wIOODm+ODg+ODiOODl+ODrOODvOODiCDjgIzjgoTjgY3jgoTjgY3jgI0o44OX44Os44O844OIMuaemikgRUEtR1IyNS1URCDjg4Djg7zjgq/jg5bjg6njgqbjg7MgKEVBR1IyNVREKe+8muOCveODleODnuODg+ODl+alveWkqeW4guWgtOW6lw==,44K944OV44Oe44OD44OXU29mbWFw44OR44K944Kz44Oz44K/44OW44Os44OD44OIUENIRETjgqLjgrvjg7Pjg5bjg6rjg5Hjg7zjg4Tjg5Hjgr3jgrPjg7Pjg5Hjg7zjg4Tjg4bjg6zjg5PjgrLjg7zjg6Djg5bjg6vjg7zjg6zjgqTjgr3jg5Xjg4hEVkTjgr3jg5Xjg4jmtrLmmbbjg4bjg6zjg5Pjg5bjg6vjg7zjg6zjgqTjg4fjgqPjgrnjgq/jg6zjgrPjg7zjg4Djg7zjg4fjgrjjgr/jg6vkuIDnnLzjg6zjg5Xjgqvjg6Hjg6njg4fjgrjjgr/jg6vjgqvjg6Hjg6nlrrbpm7vmmYLoqIjkuK3lj6TjgqLjgqbjg4jjg6zjg4Pjg4hpUGFkaVBob25l44CQ6YCB5paZ54Sh5paZ44CR6LGh5Y2wIOODm+ODg+ODiOODl+ODrOODvOODiCDjgIzjgoTjgY3jgoTjgY3jgI0o44OX44Os44O844OIMuaemikgRUEtR1IyNS1URCDjg4Djg7zjgq/jg5bjg6njgqbjg7MgKEVBR1IyNVREKQ==,44CA44CC44CQ6YCB5paZ54Sh5paZ44CR6LGh5Y2wIOODm+ODg+ODiOODl+ODrOODvOODiCDjgIzjgoTjgY3jgoTjgY3jgI0o44OX44Os44O844OIMuaemikgRUEtR1IyNS1URCDjg4Djg7zjgq/jg5bjg6njgqbjg7MgKEVBR1IyNVREKQ==[rn]
29-48554,aHR0cDovL3RzaG9wLnIxMHMuanAvZHRjL2NhYmluZXQvMjAxNTA0MjZuLzQ1MzMwMjI1MTM1OTQuanBnP2ZpdGluPTcwMDo3MDA=,NjczMy42MDAw,,5a626Zu7ID4g44Kt44OD44OB44Oz5a626Zu7ID4g44Ob44OD44OI44OX44Os44O844OI44O744Kw44Oq44Or44O744OV44Op44Kk44Ok44O8ID4g44Ob44OD44OI44OX44Os44O844OI,44CQ6YCB5paZ54Sh5paZ44CR44Kv44Kk44K444OK44O844OIIOODnuODq+ODgeOCsOODq+ODoeODl+ODrOODvOODiCBHUi00TkogKEdSNE5KKQ==,44CA,PHRhYmxlIGJvcmRlcj0iMCIgY2VsbHBhZGRpbmc9IjAiIGNlbGxzcGFjaW5nPSIwIiB3aWR0aD0iNzEwIiBzdHlsZT0ibGluZS1oZWlnaHQ6MTQwJTsiPjx0cj48dGQ+PGZvbnQgc2l6ZT0iMiI+5oyf44KT44Gn54S844GE44Gf44KK44CB44Ob44OD44OI44OX44Os44O844OI44Go44GX44Gm5L2/44Gj44Gf44KKPGJyPuS8keaXpeOChOODrOOCuOODo+ODvOOBp+alveOBl+OBj+S9v+OBiOOCi+aWsOaEn+immuOBruODm+ODg+ODiOODl+ODrOODvOODiDxicj48YnI+4peP77yS44Gk44Gu6Kq/55CG44K544K/44Kk44Or44GL44KJ6YG444G544KL77yBPGJyPueUqOmAlOOBq+W/nOOBmOOBpuS4iuS4i+W5s+ihjOOBq+aMn+OCk+OBoOOCiumWi+OBhOOBpuS9v+eUqOWPr+iDveOAgjxicj48YnI+4peP44Oq44OQ44O844K344OW44Or44OX44Os44O844OIPGJyPuS4oemdouOBp+S9v+OBiOOCi+W5s+Wei+OAgeazouWei+ODl+ODrOODvOODiOOBp+OBiuWlveOBv+eEvOOBjeOBi+OCieOCsOODquODq+eEvOOBjeOBvuOBp+OAgjxicj48YnI+4peP5L2Z5YiG44Gq5rK544KS44Kr44OD44OI44GZ44KL5rK55Y+X44GRPGJyPuiqv+eQhuS4reOBruS9meWIhuOBquayueOBr+OBl+OBo+OBi+OCiuiQveOBoeOBpuODmOODq+OCt+ODvOiqv+eQhuOAgjxicj48YnI+PC9mb250PjwvdGQ+PC90cj48L3RhYmxlPjx0YWJsZSBjZWxsc3BhY2luZz0iMCIgY2VsbHBhZGRpbmc9IjQiIGJvcmRlcj0iMSIgd2lkdGg9IjcxMCIgYm9yZGVyY29sb3I9IiNjY2NjY2MiPjx0cj48dGQgd2lkdGg9IjE4MCIgYmdjb2xvcj0iI2VmZWZlZiI+PGZvbnQgc2l6ZT0iMiI+5ZWG5ZOB5ZCNPC9mb250PjwvdGQ+PHRkIHdpZHRoPSI1MzAiPjxmb250IHNpemU9IjIiPuODnuODq+ODgeOCsOODq+ODoeODl+ODrOODvOODiCBHUi00Tko8L2ZvbnQ+PC90ZD48L3RyPjx0cj48dGQgd2lkdGg9IjE4MCIgYmdjb2xvcj0iI2VmZWZlZiI+PGZvbnQgc2l6ZT0iMiI+5Z6L55WqPC9mb250PjwvdGQ+PHRkIHdpZHRoPSI1MzAiPjxmb250IHNpemU9IjIiPkdSLTROSjwvZm9udD48L3RkPjwvdHI+PHRyPjx0ZCB3aWR0aD0iMTgwIiBiZ2NvbG9yPSIjZWZlZmVmIj48Zm9udCBzaXplPSIyIj7vvKrvvKHvvK7jgrPjg7zjg4k8L2ZvbnQ+PC90ZD48dGQgd2lkdGg9IjUzMCI+PGZvbnQgc2l6ZT0iMiI+NDUzMzAyMjUxMzU5NDwvZm9udD48L3RkPjwvdHI+PHRyPjx0ZCB3aWR0aD0iMTgwIiBiZ2NvbG9yPSIjZWZlZmVmIj48Zm9udCBzaXplPSIyIj7jg6Hjg7zjgqvjg7w8L2ZvbnQ+PC90ZD48dGQgd2lkdGg9IjUzMCI+PGZvbnQgc2l6ZT0iMiI+44Kv44Kk44K444OK44O844OIPC9mb250PjwvdGQ+PC90cj48dHI+PHRkIHdpZHRoPSIxODAiIGJnY29sb3I9IiNlZmVmZWYiPjxmb250IHNpemU9IjIiPueZuuWjsuW5tOaciDwvZm9udD48L3RkPjx0ZCB3aWR0aD0iNTMwIj48Zm9udCBzaXplPSIyIj4yMDE15bm0MuaciDLml6U8L2ZvbnQ+PC90ZD48L3RyPjx0cj48dGQgd2lkdGg9IjE4MCIgYmdjb2xvcj0iI2VmZWZlZiI+PGZvbnQgc2l6ZT0iMiI+5pys5L2T44K144Kk44K6KEjDl1fDl0QpIG1tPC9mb250PjwvdGQ+PHRkIHdpZHRoPSI1MzAiPjxmb250IHNpemU9IjIiPuW5hTM0MMOX5aWlMzAww5fpq5gxOTDvvY3vvY08L2ZvbnQ+PC90ZD48L3RyPjx0cj48dGQgd2lkdGg9IjE4MCIgYmdjb2xvcj0iI2VmZWZlZiI+PGZvbnQgc2l6ZT0iMiI+5pys5L2T6YeN6YePPC9mb250PjwvdGQ+PHRkIHdpZHRoPSI1MzAiPjxmb250IHNpemU9IjIiPue0hDQuMmtnICjkuIrkuIvjg5fjg6zjg7zjg4jjgpLjgrvjg4Pjg4jjgZfjgZ/nirbmhYspPC9mb250PjwvdGQ+PC90cj48dHI+PHRkIHdpZHRoPSIxODAiIGJnY29sb3I9IiNlZmVmZWYiPjxmb250IHNpemU9IjIiPua2iOiyu+mbu+WKmzwvZm9udD48L3RkPjx0ZCB3aWR0aD0iNTMwIj48Zm9udCBzaXplPSIyIj4xMjAwVzwvZm9udD48L3RkPjwvdHI+PHRyPjx0ZCB3aWR0aD0iMTgwIiBiZ2NvbG9yPSIjZWZlZmVmIj48Zm9udCBzaXplPSIyIj7jgZ3jga7ku5Y8L2ZvbnQ+PC90ZD48dGQgd2lkdGg9IjUzMCI+PGZvbnQgc2l6ZT0iMiI+44CQ5pys5L2T44CR44OV44Kn44OO44O844Or5qi56ISCL+OCueODhuODs+ODrOOCuSDjgJDlubPlnosv5rOi5Z6L44OX44Os44O844OI44CR44Ki44Or44Of44OA44Kk44Kr44K544OI44CB44OV44OD57Sg5qi56ISC44Kz44O844OG44Kj44Oz44KwPC9mb250PjwvdGQ+PC90cj48dHI+PHRkIHdpZHRoPSIxODAiIGJnY29sb3I9IiNlZmVmZWYiPjxmb250IHNpemU9IjIiPuOBneOBruS7ljwvZm9udD48L3RkPjx0ZCB3aWR0aD0iNTMwIj48Zm9udCBzaXplPSIyIj7jgJDpm7vmupDjgJFBQzEwMO+8tiA1MC82MEh6PC9mb250PjwvdGQ+PC90cj48L3RhYmxlPjwhLS0KCi0tPgoKCgo8ZGl2IHN0eWxlPSJ3aWR0aDo3MTBweDsgaGVpZ2h0OjE4MHB4OyAgbWFyZ2luOjA7IG92ZXJmbG93OmhpZGRlbjsiPgoKPC9kaXY+Cgo8IS0tCjxkaXYgc3R5bGU9IndpZHRoOiA3MDBweDsgbWFyZ2luOiAwIDVweDsiPgo8aW1nIHNyYz0iaHR0cDovL3d3dy5yYWt1dGVuLm5lLmpwL2dvbGQvZHRjL2ZyYW1lL2ltYWdlcy9zeW91aGluc2V0dW1laTIuZ2lmIiB3aWR0aD0iNzAwIiBoZWlnaHQ9IjMwIj4KPC9kaXY+Cjxicj4KPGRpdiBzdHlsZT0id2lkdGg6NzEwcHg7IGhlaWdodDoyODBweDsgIG1hcmdpbjowIDAgMjBweDsgb3ZlcmZsb3c6aGlkZGVuOyI+Cgo8L2Rpdj4KLS0+,44CQ6YCB5paZ54Sh5paZ44CR44Kv44Kk44K444OK44O844OIIOODnuODq+ODgeOCsOODq+ODoeODl+ODrOODvOODiCBHUi00TkogKEdSNE5KKe+8muOCveODleODnuODg+ODl+alveWkqeW4guWgtOW6lw==,44K944OV44Oe44OD44OXU29mbWFw44OR44K944Kz44Oz44K/44OW44Os44OD44OIUENIRETjgqLjgrvjg7Pjg5bjg6rjg5Hjg7zjg4Tjg5Hjgr3jgrPjg7Pjg5Hjg7zjg4Tjg4bjg6zjg5PjgrLjg7zjg6Djg5bjg6vjg7zjg6zjgqTjgr3jg5Xjg4hEVkTjgr3jg5Xjg4jmtrLmmbbjg4bjg6zjg5Pjg5bjg6vjg7zjg6zjgqTjg4fjgqPjgrnjgq/jg6zjgrPjg7zjg4Djg7zjg4fjgrjjgr/jg6vkuIDnnLzjg6zjg5Xjgqvjg6Hjg6njg4fjgrjjgr/jg6vjgqvjg6Hjg6nlrrbpm7vmmYLoqIjkuK3lj6TjgqLjgqbjg4jjg6zjg4Pjg4hpUGFkaVBob25l44CQ6YCB5paZ54Sh5paZ44CR44Kv44Kk44K444OK44O844OIIOODnuODq+ODgeOCsOODq+ODoeODl+ODrOODvOODiCBHUi00TkogKEdSNE5KKQ==,44CA44CC44CQ6YCB5paZ54Sh5paZ44CR44Kv44Kk44K444OK44O844OIIOODnuODq+ODgeOCsOODq+ODoeODl+ODrOODvOODiCBHUi00TkogKEdSNE5KKQ==[rn]
29-48555,aHR0cDovL3RzaG9wLnIxMHMuanAvYnAtc2hvcC9jYWJpbmV0L3Nob2hpbjAzL2ltZ3JjMDA2MTg1MzM5Mi5qcGc/Zml0aW49NzAwOjcwMA==,MjM4NC4wMDAw,,5a626Zu7ID4g44Kt44OD44OB44Oz5a626Zu7ID4g44Ob44OD44OI44OX44Os44O844OI44O744Kw44Oq44Or44O744OV44Op44Kk44Ok44O8ID4g44Gf44GT54S844GN5Zmo,44Ob44OD44OI44OX44Os44O844OIIDLmnprjg5fjg6zjg7zjg4gg44Gf44GT54S844GNIO+8hiDlubPpnaLjg5fjg6zjg7zjg4ggMldBWeOAgOODleODg+e0oOWKoOW3pSDjgZ/jgZPnhLzjgY3lmaggMjTlgIvnhLzjgY0g44Gf44GT54S844GN44OX44Os44O844OIIOS7mOOBjSAo5qSc57SiOiDoqr/nkIblmajlhbcg6Zu75rCX44OX44Os44O844OIIOeEvOiCieODl+ODrOODvOODiCDlrrbpm7sgKeKXhyAyV0FZIOedgOiEseW8jyDjgZ/jgZPnhLzjgY3vvIbjg5vjg4Pjg4jjg5fjg6zjg7zjg4g=,,Cjx0YWJsZSB3aWR0aD0iNjAwIiBiZ2NvbG9yPSIjZTQwMDExIiBib3JkZXI9IjAiIGNlbGxwYWRkaW5nPSIzIj4KICA8dGJvZHk+CiAgICA8dHI+CiAgICAgIDx0ZCBhbGlnbj0iY2VudGVyIj48Yj48Zm9udCBjb2xvcj0iI2ZmZmZmZiIgc2l6ZT0iNSI+44OX44Os44O844OI77yS5p6a5LuY5bGe44CAMldBWTwvZm9udD48YnI+CiAgICAgIDxmb250IGNvbG9yPSIjZmZmZmZmIj7piYTmnb/nhLzjgY0mYW1wO+OBn+OBk+eEvOOBjeOBjOalveOBl+OCgeOCizwvZm9udD48YnI+CiAgICAgIDxmb250IGNvbG9yPSIjZmZmZmZmIiBzaXplPSI2Ij7nnYDohLHlvI8g44Gf44GT54S844GN77yG44Ob44OD44OI44OX44Os44O844OIPC9mb250PjwvYj4gPC90ZD4KICAgIDwvdHI+CiAgPC90Ym9keT4KPC90YWJsZT4KPHA+PGZvbnQgc2l6ZT0iKzEiIGNvbG9yPSIjMDAwMGNjIj48Zm9udCBjb2xvcj0iIzAwMDBjYyI+PGI+MjTlgIvnhLzjgZHjgovjgZ/jgZPnhLzjgY3jg5fjg6zjg7zjg4jjgpLnsKHljZjlj5bmm7/jgYjvvIHjgZnjgovjgag8Zm9udCBzaXplPSIrMSI+PGZvbnQgY29sb3I9IiMwMDAwY2MiPuODu+ODu+ODuzwvZm9udD48L2ZvbnQ+PGJyPgrlubPpnaLjg5vjg4Pjg4jjg5fjg6zjg7zjg4jjgafjg5vjg4Pjg4jjgrHjg7zjgq3jg7vjgYrlpb3jgb/nhLzjgY3jg7vnhLzogonjgYzmpb3jgZfjgoHjgovvvIE8YnI+CuODkeODvOODhuOCo+ODvOODu+OCpOODmeODs+ODiOODu+OBiuelreOCiuetieOBp+Wkp+a0u+i6jeOBrjLmnprjg5fjg6zjg7zjg4jku5jjg5vjg4Pjg4jjg5fjg6zjg7zjg4jvvIE8L2I+PC9mb250PjxCUj4KPC9mb250PjwvcD4KPFRBQkxFIHdpZHRoPSI2MDAiIGJvcmRlcj0iMCI+CiAgPFRCT0RZPgogICAgPFRSPgogICAgICA8VEQgYWxpZ249ImNlbnRlciI+CiAgICAgIDxQIGFsaWduPSJsZWZ0Ij7jgIA8QlI+CiAgICAgIOOAgOKYhTxiPjxmb250IGNvbG9yPSIjZmYwMDY2Ij7oh6rli5XmuKnluqboqr/nr4DmqZ/og708L2ZvbnQ+PC9iPu+8iOOCteODvOODouOCueOCv+ODg+ODiOOAgea4qeW6puODkuODpeODvOOCuuetie+8ieaQrei8ieOAgjxCUj4KICAgICAg44CA44CA44OX44Os44O844OI5rip5bqm44KS5LiA5a6a44Gr5L+d44Gh44G+44GZ44CCPEJSPgogICAgICDjgIDimIU8Yj48Zm9udCBjb2xvcj0iI2ZmMDA2NiI+44OV44OD57Sg5qi56ISC5Yqg5belPC9mb250PjwvYj7jgYzjgbvjganjgZPjgZXjgozjgabjgYTjgovjga7jgafjgIE8Yj48Zm9udCBjb2xvcj0iI2ZmMDA2NiI+44GK5omL5YWl44KM44KC44Op44Kv44Op44KvPC9mb250PjwvYj7jgII8QlI+CiAgICAgIOOAgOOAgOOAgOOCs+OCsuOChOiCieeJh+OAgeayueOBquOBqeOBjOOBk+OBs+OCiuOBpOOBj+OBruOCkumYsuOBjuOAgea0l+OBhOa1geOBl+OChOOBmeOBj+OBquOBo+OBpuOBhOOBvuOBmeOAgjxCUj4KICAgICAg44CA4piF5LiA5bqm44Gr44Gf44GT54S844GN44Go6YmE5p2/54S844GN44GM5qW944GX44KB44KL77yBPGJyPgogICAgICDjgIDjgIDjgIA8Yj48Zm9udCBjb2xvcj0iI2ZmMDA2NiI+MeWPsOOBp+alveOBl+OCgeOCi+OBruOBp+e1jOa4iOeahO+8huWPjue0jeWgtOaJgOOCguWbsOOCieOBquOBhOKZqjwvZm9udD48L2I+PC9QPgogICAgICA8L1REPgogICAgPC9UUj4KICA8L1RCT0RZPgo8L1RBQkxFPgo8cD48QlI+CjwvcD4KPFRBQkxFIHdpZHRoPSI2MDAiIGJnY29sb3I9IiM5OTk5OTkiIGNlbGxzcGFjaW5nPSIxIiBjZWxscGFkZGluZz0iOCI+CiAgPFRCT0RZPgogICAgPFRSPgogICAgICA8VEggd2lkdGg9IjI4JSIgYmdjb2xvcj0iI2RjZGNkYyI+5ZWG5ZOB44K144Kk44K6PC9USD4KICAgICAgPFREIGJnY29sb3I9IiNmZmZmZmYiPuOAgOe0hDM0LjXDlzIzw5c3Y208L1REPgogICAgPC9UUj4KICAgIDxUUj4KICAgICAgPFRIIGJnY29sb3I9IiNkY2RjZGMiPuODkeODg+OCseODvOOCuOOCteOCpOOCujwvVEg+CiAgICAgIDxURCBiZ2NvbG9yPSIjZmZmZmZmIj7jgIDntIQzNS41w5cyM8OXOS4zY208L1REPgogICAgPC9UUj4KICAgIDxUUj4KICAgICAgPFRIIGJnY29sb3I9IiNkY2RjZGMiPumHjemHjzwvVEg+CiAgICAgIDxURCBiZ2NvbG9yPSIjZmZmZmZmIj7jgIDnt4/ph43ph4/jgIDntIQxODY1ZyAo44OR44OD44Kx44O844K45ZCr44KAKTxicj4KICAgICAg44CA44CAKOacrOS9kzrjg5fjg6zjg7zjg4jjgarjgZfjgIDntIQ2NzBnKTxicj4KICAgICAg44CA44CAKOOBn+OBk+eEvOOBjeODl+ODrOODvOODiDrjgIDntIQ2ODBnKTxicj4KICAgICAg44CA44CAKOW5s+mdouODl+ODrOODvOODiDrjgIDntIQzNDBnKTwvVEQ+CiAgICA8L1RSPgogICAgPFRSPgogICAgICA8VEggYmdjb2xvcj0iI2RjZGNkYyI+44Kz44O844OJ44Gu6ZW344GVPC9USD4KICAgICAgPFREIGJnY29sb3I9IiNmZmZmZmYiPuOAgOe0hDEuNG08L1REPgogICAgPC9UUj4KICAgIDxUUj4KICAgICAgPFRIIGJnY29sb3I9IiNkY2RjZGMiPumbu+a6kDwvVEg+CiAgICAgIDxURCBiZ2NvbG9yPSIjZmZmZmZmIj7jgIBBQzEwMFYo5raI6LK76Zu75YqbODAwVyk8L1REPgogICAgPC9UUj4KICAgIDxUUj4KICAgICAgPFRIIGJnY29sb3I9IiNkY2RjZGMiPua4qeW6puiqv+evgDwvVEg+CiAgICAgIDxURCBiZ2NvbG9yPSIjZmZmZmZmIj7jgIBPTu+8j09GRuOCueOCpOODg+ODgTwvVEQ+CiAgICA8L1RSPgogICAgPFRSPgogICAgICA8VEggYmdjb2xvcj0iI2RjZGNkYyI+5rip5bqm44OS44Ol44O844K6PC9USD4KICAgICAgPFREIGJnY29sb3I9IiNmZmZmZmYiPuOAgDE5MuW6pjwvVEQ+CiAgICA8L1RSPgogICAgPFRSPgogICAgICA8VEggYmdjb2xvcj0iI2RjZGNkYyI+44Gf44GT54S844GN44OX44Os44O844OIJm5ic3A7PC9USD4KICAgICAgPFREIGJnY29sb3I9IiNmZmZmZmYiPiZuYnNwOzI05YCL56m0PC9URD4KICAgIDwvVFI+CiAgICA8VFI+CiAgICAgIDxUSCBiZ2NvbG9yPSIjZGNkY2RjIj7ntKDmnZDjg7vmiJDliIY8L1RIPgogICAgICA8VEQgYmdjb2xvcj0iI2ZmZmZmZiI+44CA44OX44Os44O844OI6YOo5YiGIO+8miDjgqLjg6vjg5/jg4vjgqbjg6DjgIDjgIDmnKzkvZMg77yaIFBQ77yI44Od44Oq44OX44Ot44OU44Os44Oz77yJPEJSPuOAgOWhl+ijhSDvvJog44OV44OD57Sg5aGXPC9URD4KICAgIDwvVFI+CiAgPC9UQk9EWT4KPC9UQUJMRT4KPEJSPjxJTUcgc3JjPSJodHRwOi8vaW1hZ2UucmFrdXRlbi5jby5qcC9icC1zaG9wL2NhYmluZXQvcHJvZHVjdHMyL2ltZ3JjMDA2MzE0MzkwMy5qcGciIHdpZHRoPSI0ODAiPjxCUj48VEFCTEUgYm9yZGVyPSIwIiBjZWxsc3BhY2luZz0iMCIgY2VsbHBhZGRpbmc9IjAiIHdpZHRoPSI3MjAiIGFsaWduPSJsZWZ0Ij4KICA8dHI+CiAgICA8dGQgY29sc3Bhbj0iMiI+CiAgICAgIDxpbWcgc3JjPSJodHRwOi8vaW1hZ2UucmFrdXRlbi5jby5qcC9icC1zaG9wL2NhYmluZXQvZGVzaWduL2ltZzU4Njg0NTgxLmpwZyIgLz4KICAgIDwvdGQ+CiAgPC90cj4KICA8dHI+CiAgICA8dGQgY29sc3Bhbj0iMiIgaGVpZ2h0PSIyMCI+PC90ZD4KICA8L3RyPgogIDx0cj4KICAgIDx0ZCBjb2xzcGFuPSIyIj4KICAgICAgPGltZyBzcmM9Imh0dHA6Ly9pbWFnZS5yYWt1dGVuLmNvLmpwL2JwLXNob3AvY2FiaW5ldC9kZXNpZ24vaW1nNTk5MDA0MzQuanBnIiAvPgogICAgPC90ZD4KICA8L3RyPgogIDx0cj4KICAgIDx0ZCBjb2xzcGFuPSIyIiBoZWlnaHQ9IjIwIj48L3RkPgogIDwvdHI+CiAgPHRyPgogICAgPHRkIHdpZHRoPSIxMjQiPgogICAgICAKICAgICAgICA8aW1nIHNyYz0iaHR0cDovL3d3dy5yYWt1dGVuLm5lLmpwL2dvbGQvYnAtc2hvcC9ibnIvSERNSV9jYWJsZV9ibnIuanBnIiB3aWR0aD0iMzQ4IiBoZWlnaHQ9IjE1OSI+CiAgICAgIAogICAgPC90ZD4KICAgIDx0ZCBhbGlnbj0icmlnaHQiPgogICAgICAKICAgICAgICA8aW1nIGJvcmRlcj0iMCIgc3JjPSJodHRwOi8vaW1hZ2UucmFrdXRlbi5jby5qcC9icC1zaG9wL2NhYmluZXQvYmFubmVyL2ltZ3JjMDA2MTIwOTY0OC5qcGciIHdpZHRoPSIzNDgiIGhlaWdodD0iMTU5Ij4KICAgICAgCiAgICA8L3RkPgogIDwvdHI+CiAgPHRyPgogICAgPHRkIGNvbHNwYW49IjIiIGhlaWdodD0iMjAiPjwvdGQ+CiAgPC90cj4KICA8VFI+CiAgICA8VEQ+CiAgICAgIAogICAgICAgIDxJTUcgc3JjPSJodHRwOi8vd3d3LnJha3V0ZW4ubmUuanAvZ29sZC9icC1zaG9wL2Juci9jb3R0b25fY2FuZHlfYm5yMi5qcGciIGJvcmRlcj0iMCIgd2lkdGg9IjM0OCIgaGVpZ2h0PSIxNDgiPgogICAgICAKICAgIDwvVEQ+CiAgICA8VEQgYWxpZ249InJpZ2h0Ij4KICAgICAgCiAgICAgICAgPElNRyBzcmM9Imh0dHA6Ly9pbWFnZS5yYWt1dGVuLmNvLmpwL2JwLXNob3AvY2FiaW5ldC9iYW5uZXIvaW1nNjAwNzQ1MTMuanBnIiBib3JkZXI9IjAiIHdpZHRoPSIzNDgiIGhlaWdodD0iMTQ4Ij4KICAgICAgCiAgICA8L1REPgogIDwvVFI+CiAgPFRSPgogICAgPFREIGNvbHNwYW49IjIiIGhlaWdodD0iMjAiPjwvVEQ+CiAgPC9UUj4KICA8dHI+CiAgICA8dGQgYWxpZ249ImxlZnQiPgogICAgICAKICAgICAgICA8aW1nIHNyYz0iaHR0cDovL3d3dy5yYWt1dGVuLm5lLmpwL2dvbGQvYnAtc2hvcC9ibnIvYmljeWNsZV91bWJyZWxsYV9zdGFuZF9ibnIuanBnIiBib3JkZXI9IjAiIHdpZHRoPSIzNDgiIGhlaWdodD0iMTQ4Ij4KICAgICAgCiAgICA8L3RkPgogICAgPHRkIGFsaWduPSJyaWdodCI+CiAgICAgIAogICAgICAgIDxpbWcgc3JjPSJodHRwOi8vaW1hZ2UucmFrdXRlbi5jby5qcC9icC1zaG9wL2NhYmluZXQvYmFubmVyL2ltZ3JjMDA2MjM2MDkyNy5qcGciIGJvcmRlcj0iMCIgd2lkdGg9IjM0OCIgaGVpZ2h0PSIxNDgiLz4KICAgICAgCiAgICA8L3RkPgogIDwvdHI+CiAgPHRyPgogICAgPHRkIGNvbHNwYW49IjIiIGhlaWdodD0iMjAiPjwvdGQ+CiAgPC90cj4KICA8dHI+CiAgICA8dGQgYWxpZ249ImxlZnQiPgogICAgICAKICAgICAgICA8aW1nIHNyYz0iaHR0cDovL3d3dy5yYWt1dGVuLm5lLmpwL2dvbGQvYnAtc2hvcC9ibnIvbGF1bmRyeV9iYWdfYm5yLmpwZyIgYm9yZGVyPSIwIiB3aWR0aD0iMzQ4IiBoZWlnaHQ9IjE0OCIvPgogICAgICAKICAgIDwvdGQ+CiAgICA8dGQgYWxpZ249InJpZ2h0Ij4KICAgICAgCiAgICAgICAgPGltZyBzcmM9Imh0dHA6Ly9pbWFnZS5yYWt1dGVuLmNvLmpwL2JwLXNob3AvY2FiaW5ldC9iYW5uZXIvaW1ncmMwMDYyMzQ0NzQ2LmpwZyIgd2lkdGg9IjM0OCIgaGVpZ2h0PSIxNDgiPgogICAgICAKICAgIDwvdGQ+CiAgPC90cj4KICA8dHI+CiAgICA8dGQgY29sc3Bhbj0iMiIgaGVpZ2h0PSIyMCI+PC90ZD4KICA8L3RyPgogIDx0cj4KICAgIDx0ZCBjb2xzcGFuPSIyIiBhbGlnbj0iY2VudGVyIj4KICAgICAgCiAgICAgICAgPElNRyBzcmM9Imh0dHA6Ly93d3cucmFrdXRlbi5uZS5qcC9nb2xkL2JwLXNob3AvYm5yL1JDX3NwZWNpYWwyLmpwZyI+CiAgICAgIAogICAgPC90ZD4KICA8L3RyPgogIDx0cj4KICAgIDx0ZCBjb2xzcGFuPSIyIiBoZWlnaHQ9IjMwIj48L3RkPgogIDwvdHI+CiAgPHRyPgogICAgPHRkIGFsaWduPSJsZWZ0Ij4KICAgICAgCiAgICAgICAgPGltZyBzcmM9Imh0dHA6Ly9pbWFnZS5yYWt1dGVuLmNvLmpwL2JwLXNob3AvY2FiaW5ldC9iYW5uZXIvaW1ncmMwMDYyMzk2MDYzLmpwZyIgYm9yZGVyPSIwIiB3aWR0aD0iMzQ4IiBoZWlnaHQ9IjE0OSIvPgogICAgICAKICAgIDwvdGQ+CiAgICA8dGQgYWxpZ249InJpZ2h0Ij4KICAgICAgCiAgICAgICAgPGltZyBzcmM9Imh0dHA6Ly9pbWFnZS5yYWt1dGVuLmNvLmpwL2JwLXNob3AvY2FiaW5ldC9iYW5uZXIvaW1ncmMwMDYxMjYyMTQzLmpwZyIgYm9yZGVyPSIwIiB3aWR0aD0iMzQ4IiBoZWlnaHQ9IjE0OSIvPgogICAgICAKICAgIDwvdGQ+CiAgPC90cj4KICA8dHI+CiAgICA8dGQgY29sc3Bhbj0iMiIgaGVpZ2h0PSIzMCI+PC90ZD4KICA8L3RyPgogIDx0cj4KICAgIDx0ZCBjb2xzcGFuPSIyIiBhbGlnbj0iY2VudGVyIj4KICAgICAgCiAgICA8L3RkPgogIDwvdHI+CiAgPHRyPgogICAgPHRkIGNvbHNwYW49IjIiIGhlaWdodD0iMTAiPjwvdGQ+CiAgPC90cj4KICA8dHI+CiAgICA8dGQgYWxpZ249ImxlZnQiPgogICAgICAKICAgICAgICA8aW1nIHNyYz0iaHR0cDovL3d3dy5yYWt1dGVuLm5lLmpwL2dvbGQvYnAtc2hvcC9ibnIvbmFnYXNoaV9zb21lbl9uYWdvbWkuanBnIiBib3JkZXI9IjAiIHdpZHRoPSIzNDkiIGhlaWdodD0iMTQ4Ij4KICAgICAgCiAgICA8L3RkPgogICAgPHRkIGFsaWduPSJyaWdodCI+CiAgICAgIAogICAgICAgIDxpbWcgc3JjPSJodHRwOi8vd3d3LnJha3V0ZW4ubmUuanAvZ29sZC9icC1zaG9wL2Juci90dWJlX2JvZHlfYmFnX2Juci5qcGciIGJvcmRlcj0iMCIgd2lkdGg9IjM0OSIgaGVpZ2h0PSIxNDgiIC8+CiAgICAgIAogICAgPC90ZD4KICA8L3RyPgogIDx0cj4KICAgIDx0ZCBjb2xzcGFuPSIyIiBoZWlnaHQ9IjMwIj48L3RkPgogIDwvdHI+CiAgPHRyPgogICAgPHRkIGNvbHNwYW49IjIiIGFsaWduPSJjZW50ZXIiPgogICAgICAKICAgICAgICA8aW1nIHNyYz0iaHR0cDovL2ltYWdlLnJha3V0ZW4uY28uanAvYnAtc2hvcC9jYWJpbmV0L2Jhbm5lci9pbWdyYzAwNjIxMzU2MDAuanBnIiBib3JkZXI9IjAiIC8+CiAgICAgIAogICAgPC90ZD4KICA8L3RyPgogIDx0cj4KICAgIDx0ZCBjb2xzcGFuPSIyIiBoZWlnaHQ9IjMwIj48L3RkPgogIDwvdHI+CiAgPHRyPgogICAgPHRkIGFsaWduPSJsZWZ0Ij4KICAgICAgCiAgICAgICAgPGltZyBzcmM9Imh0dHA6Ly9pbWFnZS5yYWt1dGVuLmNvLmpwL2JwLXNob3AvY2FiaW5ldC9zbWFydHBob25lL2ltZ3JjMDA2MjE1MzMwNy5qcGciIGJvcmRlcj0iMCIgd2lkdGg9IjM0OSIgaGVpZ2h0PSIxNDgiPgogICAgICAKICAgIDwvdGQ+CiAgICA8dGQgYWxpZ249InJpZ2h0Ij4KICAgICAgCiAgICAgICAgPGltZyBzcmM9Imh0dHA6Ly93d3cucmFrdXRlbi5uZS5qcC9nb2xkL2JwLXNob3AvYm5yL0hSTi0yODhfc3RlcmVvX2VhcnBob25lX2Juci5qcGciIHdpZHRoPSIzNDkiIGhlaWdodD0iMTQ4Ij4KICAgICAgCiAgICA8L3RkPgogIDwvdHI+CiAgPHRyPgogICAgPHRkIGNvbHNwYW49IjIiIGhlaWdodD0iMzAiPjwvdGQ+CiAgPC90cj4KICA8dHI+CiAgICA8dGQgYWxpZ249ImxlZnQiPgogICAgICAKICAgICAgICA8aW1nIHNyYz0iaHR0cDovL2ltYWdlLnJha3V0ZW4uY28uanAvYnAtc2hvcC9jYWJpbmV0L2Jhbm5lci9pbWdyYzAwNjExMDM0NzIuanBnIiBib3JkZXI9IjAiIHdpZHRoPSIzNDkiIGhlaWdodD0iMTQ4IiAvPgogICAgICAKICAgIDwvdGQ+CiAgICA8dGQgYWxpZ249InJpZ2h0Ij4KICAgICAgCiAgICAgICAgPGltZyBzcmM9Imh0dHA6Ly93d3cucmFrdXRlbi5uZS5qcC9nb2xkL2JwLXNob3AvYm5yL3NhdGVsbGl0ZV9maW5kZXJfYm5yLmpwZyIgYm9yZGVyPSIwIiB3aWR0aD0iMzQ5IiBoZWlnaHQ9IjE0OCIvPgogICAgICAKICAgIDwvdGQ+CjwvVEFCTEU+,44Ob44OD44OI44OX44Os44O844OIIDLmnprjg5fjg6zjg7zjg4gg44Gf44GT54S844GNIO+8hiDlubPpnaLjg5fjg6zjg7zjg4ggMldBWeOAgOODleODg+e0oOWKoOW3pSDjgZ/jgZPnhLzjgY3lmaggMjTlgIvnhLzjgY0g44Gf44GT54S844GN44OX44Os44O844OIIOS7mOOBjSAo5qSc57SiOiDoqr/nkIblmajlhbcg6Zu75rCX44OX44Os44O844OIIOeEvOiCieODl+ODrOODvOODiCDlrrbpm7sgKeKXhyAyV0FZIOedgOiEseW8jyDjgZ/jgZPnhLzjgY3vvIbjg5vjg4Pjg4jjg5fjg6zjg7zjg4jvvJrjg5njgrnjg4jjg5fjg6njgqTjgrnjgrfjg6fjg4Pjg5c=,44Ob44OD44OI44OX44Os44O844OIIDLmnprjg5fjg6zjg7zjg4gg44Gf44GT54S844GNIO+8hiDlubPpnaLjg5fjg6zjg7zjg4ggMldBWeOAgOODleODg+e0oOWKoOW3pSDjgZ/jgZPnhLzjgY3lmaggMjTlgIvnhLzjgY0g44Gf44GT54S844GN44OX44Os44O844OIIOS7mOOBjSAo5qSc57SiOiDoqr/nkIblmajlhbcg6Zu75rCX44OX44Os44O844OIIOeEvOiCieODl+ODrOODvOODiCDlrrbpm7sgKeKXhyAyV0FZIOedgOiEseW8jyDjgZ/jgZPnhLzjgY3vvIbjg5vjg4Pjg4jjg5fjg6zjg7zjg4g=,44Ob44OD44OI44OX44Os44O844OIIDLmnprjg5fjg6zjg7zjg4gg44Gf44GT54S844GNIO+8hiDlubPpnaLjg5fjg6zjg7zjg4ggMldBWeOAgOODleODg+e0oOWKoOW3pSDjgZ/jgZPnhLzjgY3lmaggMjTlgIvnhLzjgY0g44Gf44GT54S844GN44OX44Os44O844OIIOS7mOOBjSAo5qSc57SiOiDoqr/nkIblmajlhbcg6Zu75rCX44OX44Os44O844OIIOeEvOiCieODl+ODrOODvOODiCDlrrbpm7sgKeKXhyAyV0FZIOedgOiEseW8jyDjgZ/jgZPnhLzjgY3vvIbjg5vjg4Pjg4jjg5fjg6zjg7zjg4g=[rn]
29-48556,aHR0cDovL3RzaG9wLnIxMHMuanAvcm9vbXktZ2FyZGVuL2NhYmluZXQvNTAwY2FydF9hbGwvNTAwY2FydF8xMWcvMTYtMi9jb2hvdHBsYXRlXzUwMF8xZy5qcGc/Zml0aW49NzAwOjcwMA==,NzA0MC4wMDAw,,5a626Zu7ID4g44Kt44OD44OB44Oz5a626Zu7ID4g44Ob44OD44OI44OX44Os44O844OI44O744Kw44Oq44Or44O744OV44Op44Kk44Ok44O8ID4g44Gf44GT54S844GN5Zmo,4piF44Kq44Kk44Or44OW44Op44K344Go44Os44K344OU54m55YW45LuY44GN4piF44Ob44OD44OI44OX44Os44O844OIIOODluODq+ODvOODjiDjgZ/jgZPnhLzjgY3lmaggQlJVTk8g44CQ44Od44Kk44Oz44OIMTDlgI0g6YCB5paZ54Sh5paZ44CR44Gf44GT54S844GNIOOCsOODquODqyDjgYrjgZfjgoPjgowg6Y2LIOacrOS9kyDjgZ/jgZPnhLzjgY3jg5fjg6zjg7zjg4gg44Kw44Oq44Or6Y2LIOeEvOiCiSDjg5vjg7zjg63jg7zpoqgg55C655Gv6aKoIEJPRTAyMSDjgIog44Or44O844Of44O8IOOAi++8uyBicnVubyDjgrPjg7Pjg5Hjgq/jg4jjg5vjg4Pjg4jjg5fjg6zjg7zjg4gg77y9,YnJ1bm8g44Kz44Oz44OR44Kv44OIIOODm+ODg+ODiOODl+ODrOODvOODiCDjg5bjg6vjg7zjg44g44Gf44GT54S844GN5ZmoIOOBn+OBk+OChOOBjQ==,PCEtLSDilrzjg5fjg6zjgrzjg7Pjg4jljIXoo4UgLS0+CjxwPjxpbWcgc3JjPSJodHRwOi8vaW1hZ2UucmFrdXRlbi5jby5qcC9yb29teS9jYWJpbmV0L2l0ZW1fY2F0X2Juci9jdF90b2t1L3BjX3ByZWluZm8uanBnIiBhbHQ9IuODl+ODrOOCvOODs+ODiOWMheijhSIgd2lkdGg9IjM2MCIgaGVpZ2h0PSI2MCIgIGJvcmRlcj0iMCIgLz48L3A+PGJyPgoKPGRpdiBjbGFzcz0icm9vbXlrb21lIj7ilrwg44Kk44Oz44OG44Oq44Ki44K344On44OD44OXIHJvb215IGdhcmRlbiDvvIgg44Or44O844Of44O844Ks44O844OH44OzIO+8ieOBi+OCieOBruOCs+ODoeODs+ODiDwvZGl2PgoKCgo8ZGl2IGNsYXNzPXJla28yPgo8cCBjbGFzcz1wdHQ+CuKWoEJSVU5PIC8g44OW44Or44O844OOIOOCs+ODs+ODkeOCr+ODiOODm+ODg+ODiOODl+ODrOODvOODiAo8L3A+CjxwIGNsYXNzPXB0eHQ+CueEvOiCieOChOOBiuWlveOBv+eEvOOBjeOAgemkg+WtkOOBq+ODm+ODg+ODiOOCseODvOOCreOBquOBqeaEj+WkluOBqOS+v+WIqeOBquODm+ODg+ODiOODl+ODrOODvOODiOOAguOBp+OCguOAgeWkp+OBjeOBhOODouODjuOBr+ODhuODvOODluODq+OCkuOBneOCjOOBoOOBkeOBp+WNoOmgmOOBl+OBpuOBl+OBvuOBo+OBn+OCiuOAgeWHuuOBl+OBpuOCu+ODg+ODhuOCo+ODs+OCsOOBmeOCi+OBruOBjOmdouWAkuOBoOOBo+OBn+OCiuKApuOAgumAhuOBq+OBiuOBsuOBqOOCiuOBleOBvueUqOOBruOCouOCpOODhuODoOOBp+OBr+WPi+mBlOOBjOmbhuOBvuOCi+ODkeODvOODhuOCo+OBp+OBr+Wwj+OBleOBmeOBjuOBpuWHuueVquOBquOBl+OAguOBm+OBo+OBi+OBj+OBruebm+OCiuS4iuOBkuOCouOCpOODhuODoOOBquOBruOBq+aui+W/teOBp+OBmeOCiOOBreOAgkJSVU5P44Gu44Kz44Oz44OR44Kv44OI44Ob44OD44OI44OX44Os44O844OI44Gv44CB5aSn5Yik44OV44Kh44OD44K344On44Oz6KqM44Go44G744G85ZCM44GY44K144Kk44K644Go44GE44GG55yB44K544Oa44O844K544Ki44Kk44OG44Og44CC44OX44Os44O844OI44Gv5bmFMzBjbeOBqOWkp+OBjeOCgeODleODqeOCpOODkeODs+OCiOOCiuOCguOCguOBo+OBqOODk+ODg+OCsOOBquOCteOCpOOCuuOBoOOBi+OCieOAgeOBv+OCk+OBquOBp+OCj+OBhOOCj+OBhOOBqOalveOBl+OCgOaWmeeQhuOCguOBiuS7u+OBm+OAguODnOODh+OCo+OBr+eQuueRr+OCkuOCpOODoeODvOOCuOOBl+OBn+S4iuWTgeOBquODh+OCtuOCpOODs+OBq+OAgeOBpOOBvuOBv+etieOBr+OCtOODvOODq+ODieOBruOCouOCr+OCu+ODs+ODiOOBjOWkp+S6uumhlOOBp+OBhOOBhOaEn+OBmOOAguODhuODvOODluODq+OBruS4iuOCkuiPr+OChOOBi+OBq+W9qeOBo+OBpuOBj+OCjOOBvuOBmeOCiOOAguOBk+OCjOOBquOCieOBsuOBqOOCiuOBoOOBkeOCreODg+ODgeODs+OBq+exoOOBo+OBpuOBquOBjeOCg+KApuOBquOCk+OBpuOBpOOBvuOCieOBquOBleOCguino+a2iOOBp+OBmeOAguW5s+mdouOBqOOBn+OBk+eEvOOBjeOBruODl+ODrOODvOODiOOBjOS7mOWxnuOAguODl+ODrOODvOODiOOBr+edgOiEseW8j+OBp+OAgeODleODg+e0oOWKoOW3peOBleOCjOOBpuOBhOOCi+OBi+OCieOBiuaJi+WFpeOCjOOCguODqeOCr+ODqeOCr+OAguavjuaXpeOBruOBiuaWmeeQhuOBi+OCieODkeODvOODhuOCo+OBvuOBp+Wkp+a0u+i6jeOBl+OBpuOBj+OCjOOBvuOBmeOCiOOAguaWsOWxheelneOBhOOChOe1kOWpmuelneOBhOOBquOBqeOBruODl+ODrOOCvOODs+ODiOOBq+OCguOBtOOBo+OBn+OCiuOBp+OBmeOAguODm+ODvOODreODvOmiqOWNk+S4iuaWmeeQhuOCt+ODquODvOOCuuOAgUJSVU5PIOOCsOODquODq+ODneODg+ODiOOCguaPg+OBiOOCjOOBsOOAgeODhuODvOODluODq+OCr+ODg+OCreODs+OCsOOBjOOCguOBo+OBqOalveOBl+OBj+OBquOCiuOBvuOBmeOAggo8L3A+Cjxocj4KPCEtLSDliYrpmaRwc2VvIC0tPjxkaXY+Cgo8IS0tIOWJiumZpEpBTuODquOCueODiCAtLT48bGluayByZWw9InN0eWxlc2hlZXQiIGhyZWY9Imh0dHA6Ly93d3cucmFrdXRlbi5uZS5qcC9nb2xkL3Jvb215LWdhcmRlbi9ybXMvY3NzL2l0ZW0uY3NzIiB0eXBlPSJ0ZXh0L2NzcyI+Cgo8IS0tIENTU+OAgDIwMTUtMDIyMOWklumDqOenu+euoea4iOOBv+OAgOOCreODo+ODg+OCt+ODpeOCr+ODquOCouW+jOa2iOWOu09LIC0tPgo8c3R5bGUgdHlwZT0idGV4dC9jc3MiPgouaXRlbWNvbWVle21hcmdpbi1ib3R0b206NTBweDt3aWR0aDo3MDBweDtoZWlnaHQ6MTAwcHg7YmFja2dyb3VuZC1jb2xvcjojMDAzMzAwO30KLml0ZW1jb21lZSBwe2ZvbnQtd2VpZ2h0OmJvbGQ7IGxpbmUtaGVpZ2h0OjE1MCU7IG1hcmdpbjowO3BhZGRpbmctdG9wOjE2cHg7Zm9udC1zaXplOjIxcHg7Y29sb3I6I0ZGRkZGRjsgdGV4dC1hbGlnbjpjZW50ZXI7fQo8L3N0eWxlPgoKCjwhLS0gQ1NTIOWklumDqOenu+euoeOBvuOBoCAtLT4KPHN0eWxlIHR5cGU9InRleHQvY3NzIj4KLnJvb215a29tZSB7YmFja2dyb3VuZC1jb2xvcjojRTZFNkU2OyBwYWRkaW5nOjVweDsgZm9udC1zaXplOjEwcHg7fQo8L3N0eWxlPgoKCgo8IS0tIOOCq+ODhuOCtOODquODvOeUqOW5heWbuuWumiAtLT4KPGRpdiBzdHlsZT0id2lkdGg6IDcwMHB4OyI+IDwvZGl2Pg==,4piF44Kq44Kk44Or44OW44Op44K344Go44Os44K344OU54m55YW45LuY44GN4piF44Ob44OD44OI44OX44Os44O844OIIOODluODq+ODvOODjiDjgZ/jgZPnhLzjgY3lmaggQlJVTk8g44CQ44Od44Kk44Oz44OIMTDlgI0g6YCB5paZ54Sh5paZ44CR44Gf44GT54S844GNIOOCsOODquODqyDjgYrjgZfjgoPjgowg6Y2LIOacrOS9kyDjgZ/jgZPnhLzjgY3jg5fjg6zjg7zjg4gg44Kw44Oq44Or6Y2LIOeEvOiCiSDjg5vjg7zjg63jg7zpoqgg55C655Gv6aKoIEJPRTAyMSDjgIog44Or44O844Of44O8IOOAi++8uyBicnVubyDjgrPjg7Pjg5Hjgq/jg4jjg5vjg4Pjg4jjg5fjg6zjg7zjg4gg77y977ya44Kk44Oz44OG44Oq44Ki44K344On44OD44OXcm9vbXkgZ2FyZGVu,5Yqg5rm/5Zmo44OS44O844K/44O856m65rCX5riF5rWE5qmf5pqW5oi/6YCB5paZ54Sh5paZ44OH44K244Kk44Oz5a626Zu744Kt44OD44OB44Oz5a626Zu744Kk44Oz44OG44Oq44Ki6ZuR6LKo44K044Of566x44OQ44Or44Of44Ol44O844OAQ0FET+WCmOeri+OBpuOCpOODs+ODhuODquOCouODneOCpOODs+ODiDEw5YCN5omH6aKo5qmf5o6b44GR5pmC6KiI5YKY55yB44Ko44ON44Or44O844Of44O8cm9vbXnimIXjgqrjgqTjg6vjg5bjg6njgrfjgajjg6zjgrfjg5Tnibnlhbjku5jjgY3imIXjg5vjg4Pjg4jjg5fjg6zjg7zjg4gg44OW44Or44O844OOIOOBn+OBk+eEvOOBjeWZqCBCUlVOTyDjgJDjg53jgqTjg7Pjg4gxMOWAjSDpgIHmlpnnhKHmlpnjgJHjgZ/jgZPnhLzjgY0g44Kw44Oq44OrIOOBiuOBl+OCg+OCjCDpjYsg5pys5L2TIOOBn+OBk+eEvOOBjeODl+ODrOODvOODiCDjgrDjg6rjg6vpjYsg54S86IKJIOODm+ODvOODreODvOmiqCDnkLrnka/poqggQk9FMDIxIOOAiiDjg6vjg7zjg5/jg7wg44CL77y7IGJydW5vIOOCs+ODs+ODkeOCr+ODiOODm+ODg+ODiOODl+ODrOODvOODiCDvvL0=,YnJ1bm8g44Kz44Oz44OR44Kv44OIIOODm+ODg+ODiOODl+ODrOODvOODiCDjg5bjg6vjg7zjg44g44Gf44GT54S844GN5ZmoIOOBn+OBk+OChOOBjeOAguKYheOCquOCpOODq+ODluODqeOCt+OBqOODrOOCt+ODlOeJueWFuOS7mOOBjeKYheODm+ODg+ODiOODl+ODrOODvOODiCDjg5bjg6vjg7zjg44g44Gf44GT54S844GN5ZmoIEJSVU5PIOOAkOODneOCpOODs+ODiDEw5YCNIOmAgeaWmeeEoeaWmeOAkeOBn+OBk+eEvOOBjSDjgrDjg6rjg6sg44GK44GX44KD44KMIOmNiyDmnKzkvZMg44Gf44GT54S844GN44OX44Os44O844OIIOOCsOODquODq+mNiyDnhLzogokg44Ob44O844Ot44O86aKoIOeQuueRr+miqCBCT0UwMjEg44CKIOODq+ODvOODn+ODvCDjgIvvvLsgYnJ1bm8g44Kz44Oz44OR44Kv44OI44Ob44OD44OI44OX44Os44O844OIIO+8vQ==[rn]
29-48557,aHR0cDovL3RzaG9wLnIxMHMuanAvcm9vbXkvY2FiaW5ldC81MDBjYXJ0X2FsbC81MDBjYXJ0XzExZy8xNi0zL2NocF9zZXRfbm1sXzUwMF8xZy5qcGc/Zml0aW49NzAwOjcwMA==,MTMyODAuMDAwMA==,,5a626Zu7ID4g44Kt44OD44OB44Oz5a626Zu7ID4g44Ob44OD44OI44OX44Os44O844OI44O744Kw44Oq44Or44O744OV44Op44Kk44Ok44O8ID4g44Gf44GT54S844GN5Zmo,4pay4pa844KC44KM44Gq44GP44Kq44Kk44Or44OW44Op44K344Go44Os44K344OU5pys54m55YW45LuY44GN4pay4pa8U0VU6LKp5aOy4pay4pa8IEJSVU5PIOODluODq+ODvOODjiDjgrPjg7Pjg5Hjgq/jg4jjg5vjg4Pjg4jjg5fjg6zjg7zjg4gg44CQ44Od44Kk44Oz44OIMTDlgI0g6YCB5paZ54Sh5paZ44CRIOODm+ODg+ODiOODl+ODrOODvOODiCBCT0UwMjEg44Gf44GT54S844GN5ZmoIOOBiuOBl+OCg+OCjCDjgrDjg6rjg6vpjYsg44CQ44Ku44OV44OI44CR77y7IEJSVU5P44Kz44Oz44OR44Kv44OI44Ob44OD44OI44OX44Os44O844OIIOOCs+ODs+ODl+ODquODvOODiOOCu+ODg+ODiCDvvL0=,YnJ1bm8g44Kz44Oz44OR44Kv44OIIOODm+ODg+ODiOODl+ODrOODvOODiCDjg5bjg6vjg7zjg44g44Gf44GT54S844GN5ZmoIOOBn+OBk+OChOOBjQ==,PCEtLSDilrzjg5fjg6zjgrzjg7Pjg4jljIXoo4UgLS0+CjxwPjxpbWcgc3JjPSJodHRwOi8vaW1hZ2UucmFrdXRlbi5jby5qcC9yb29teS9jYWJpbmV0L2l0ZW1fY2F0X2Juci9jdF90b2t1L3BjX3ByZWluZm8uanBnIiBhbHQ9IuODl+ODrOOCvOODs+ODiOWMheijhSIgd2lkdGg9IjM2MCIgaGVpZ2h0PSI2MCIgIGJvcmRlcj0iMCIgLz48L3A+PGJyPgoKCjxkaXYgY2xhc3M9InJvb215a29tZSI+4pa8IOOCpOODs+ODhuODquOCouOCt+ODp+ODg+ODlyByb29teSDvvIgg44Or44O844Of44O8IO+8ieOBi+OCieOBruOCs+ODoeODs+ODiDwvZGl2PgoKCjxkaXYgY2xhc3M9cmVrbzI+CjxwIGNsYXNzPXB0dD4K4pagQlJVTk8gLyDjg5bjg6vjg7zjg44g44Kz44Oz44OR44Kv44OI44Ob44OD44OI44OX44Os44O844OICjwvcD4KPHAgY2xhc3M9cHR4dD4K54S86IKJ44KE44GK5aW944G/54S844GN44CB6aSD5a2Q44Gr44Ob44OD44OI44Kx44O844Kt44Gq44Gp5oSP5aSW44Go5L6/5Yip44Gq44Ob44OD44OI44OX44Os44O844OI44CC44Gn44KC44CB5aSn44GN44GE44Oi44OO44Gv44OG44O844OW44Or44KS44Gd44KM44Gg44GR44Gn5Y2g6aCY44GX44Gm44GX44G+44Gj44Gf44KK44CB5Ye644GX44Gm44K744OD44OG44Kj44Oz44Kw44GZ44KL44Gu44GM6Z2i5YCS44Gg44Gj44Gf44KK4oCm44CC6YCG44Gr44GK44Gy44Go44KK44GV44G+55So44Gu44Ki44Kk44OG44Og44Gn44Gv5Y+L6YGU44GM6ZuG44G+44KL44OR44O844OG44Kj44Gn44Gv5bCP44GV44GZ44GO44Gm5Ye655Wq44Gq44GX44CC44Gb44Gj44GL44GP44Gu55ub44KK5LiK44GS44Ki44Kk44OG44Og44Gq44Gu44Gr5q6L5b+144Gn44GZ44KI44Gt44CCQlJVTk/jga7jgrPjg7Pjg5Hjgq/jg4jjg5vjg4Pjg4jjg5fjg6zjg7zjg4jjga/jgIHlpKfliKTjg5XjgqHjg4Pjgrfjg6fjg7PoqozjgajjgbvjgbzlkIzjgZjjgrXjgqTjgrrjgajjgYTjgYbnnIHjgrnjg5rjg7zjgrnjgqLjgqTjg4bjg6DjgILjg5fjg6zjg7zjg4jjga/luYUzMGNt44Go5aSn44GN44KB44OV44Op44Kk44OR44Oz44KI44KK44KC44KC44Gj44Go44OT44OD44Kw44Gq44K144Kk44K644Gg44GL44KJ44CB44G/44KT44Gq44Gn44KP44GE44KP44GE44Go5qW944GX44KA5paZ55CG44KC44GK5Lu744Gb44CC44Oc44OH44Kj44Gv55C655Gv44KS44Kk44Oh44O844K444GX44Gf5LiK5ZOB44Gq44OH44K244Kk44Oz44Gr44CB44Gk44G+44G/562J44Gv44K044O844Or44OJ44Gu44Ki44Kv44K744Oz44OI44GM5aSn5Lq66aGU44Gn44GE44GE5oSf44GY44CC44OG44O844OW44Or44Gu5LiK44KS6I+v44KE44GL44Gr5b2p44Gj44Gm44GP44KM44G+44GZ44KI44CC44GT44KM44Gq44KJ44Gy44Go44KK44Gg44GR44Kt44OD44OB44Oz44Gr57Gg44Gj44Gm44Gq44GN44KD4oCm44Gq44KT44Gm44Gk44G+44KJ44Gq44GV44KC6Kej5raI44Gn44GZ44CC5bmz6Z2i44Go44Gf44GT54S844GN44Gu44OX44Os44O844OI44GM5LuY5bGe44CC44OX44Os44O844OI44Gv552A6ISx5byP44Gn44CB44OV44OD57Sg5Yqg5bel44GV44KM44Gm44GE44KL44GL44KJ44GK5omL5YWl44KM44KC44Op44Kv44Op44Kv44CC5q+O5pel44Gu44GK5paZ55CG44GL44KJ44OR44O844OG44Kj44G+44Gn5aSn5rS76LqN44GX44Gm44GP44KM44G+44GZ44KI44CC5paw5bGF56Wd44GE44KE57WQ5ama56Wd44GE44Gq44Gp44Gu44OX44Os44K844Oz44OI44Gr44KC44G044Gj44Gf44KK44Gn44GZ44CC44Ob44O844Ot44O86aKo5Y2T5LiK5paZ55CG44K344Oq44O844K644CBQlJVTk8g44Kw44Oq44Or44Od44OD44OI44KC5o+D44GI44KM44Gw44CB44OG44O844OW44Or44Kv44OD44Kt44Oz44Kw44GM44KC44Gj44Go5qW944GX44GP44Gq44KK44G+44GZ44CCCjwvcD4KPCEtLSDliYrpmaRwc2VvIC0tPjxkaXY+PGxpbmsgcmVsPSJzdHlsZXNoZWV0IiBocmVmPSJodHRwOi8vd3d3LnJha3V0ZW4ubmUuanAvZ29sZC9yb29teS9ybXMvY3NzL2l0ZW0uY3NzIiB0eXBlPSJ0ZXh0L2NzcyI+Cgo8IS0tIENTUyDlpJbpg6jnp7vnrqHjgb7jgaAgLS0+CjxzdHlsZSB0eXBlPSJ0ZXh0L2NzcyI+Ci5yb29teWtvbWUge2JhY2tncm91bmQtY29sb3I6I0U2RTZFNjsgcGFkZGluZzo1cHg7IGZvbnQtc2l6ZToxMHB4O30KPC9zdHlsZT4=,4pay4pa844KC44KM44Gq44GP44Kq44Kk44Or44OW44Op44K344Go44Os44K344OU5pys54m55YW45LuY44GN4pay4pa8U0VU6LKp5aOy4pay4pa8IEJSVU5PIOODluODq+ODvOODjiDjgrPjg7Pjg5Hjgq/jg4jjg5vjg4Pjg4jjg5fjg6zjg7zjg4gg44CQ44Od44Kk44Oz44OIMTDlgI0g6YCB5paZ54Sh5paZ44CRIOODm+ODg+ODiOODl+ODrOODvOODiCBCT0UwMjEg44Gf44GT54S844GN5ZmoIOOBiuOBl+OCg+OCjCDjgrDjg6rjg6vpjYsg44CQ44Ku44OV44OI44CR77y7IEJSVU5P44Kz44Oz44OR44Kv44OI44Ob44OD44OI44OX44Os44O844OIIOOCs+ODs+ODl+ODquODvOODiOOCu+ODg+ODiCDvvL3vvJrjgqTjg7Pjg4bjg6rjgqLjgrfjg6fjg4Pjg5cg772S772P772P772N772Z,5Yqg5rm/5Zmo44OS44O844K/44O856m65rCX5riF5rWE5qmf44K044Of566x6YCB5paZ54Sh5paZ5omH6aKo5qmf5aOy44KM562L44Kk44Oz44OG44Oq44Ki6ZuR6LKo44Of44Kt44K144O844OQ44Or44Of44Ol44O844OAQ0FET+WCmOeri+OBpuWCmOWjgeaOm+OBkeaZguioiOODneOCpOODs+ODiOaOm+OBkeaZguioiOOCpOODs+ODhuODquOCouecgeOCqOODjeODq+ODvOODn+ODvHJvb2154pay4pa844KC44KM44Gq44GP44Kq44Kk44Or44OW44Op44K344Go44Os44K344OU5pys54m55YW45LuY44GN4pay4pa8U0VU6LKp5aOy4pay4pa8IEJSVU5PIOODluODq+ODvOODjiDjgrPjg7Pjg5Hjgq/jg4jjg5vjg4Pjg4jjg5fjg6zjg7zjg4gg44CQ44Od44Kk44Oz44OIMTDlgI0g6YCB5paZ54Sh5paZ44CRIOODm+ODg+ODiOODl+ODrOODvOODiCBCT0UwMjEg44Gf44GT54S844GN5ZmoIOOBiuOBl+OCg+OCjCDjgrDjg6rjg6vpjYsg44CQ44Ku44OV44OI44CR77y7IEJSVU5P44Kz44Oz44OR44Kv44OI44Ob44OD44OI44OX44Os44O844OIIOOCs+ODs+ODl+ODquODvOODiOOCu+ODg+ODiCDvvL0=,YnJ1bm8g44Kz44Oz44OR44Kv44OIIOODm+ODg+ODiOODl+ODrOODvOODiCDjg5bjg6vjg7zjg44g44Gf44GT54S844GN5ZmoIOOBn+OBk+OChOOBjeOAguKWsuKWvOOCguOCjOOBquOBj+OCquOCpOODq+ODluODqeOCt+OBqOODrOOCt+ODlOacrOeJueWFuOS7mOOBjeKWsuKWvFNFVOiyqeWjsuKWsuKWvCBCUlVOTyDjg5bjg6vjg7zjg44g44Kz44Oz44OR44Kv44OI44Ob44OD44OI44OX44Os44O844OIIOOAkOODneOCpOODs+ODiDEw5YCNIOmAgeaWmeeEoeaWmeOAkSDjg5vjg4Pjg4jjg5fjg6zjg7zjg4ggQk9FMDIxIOOBn+OBk+eEvOOBjeWZqCDjgYrjgZfjgoPjgowg44Kw44Oq44Or6Y2LIOOAkOOCruODleODiOOAke+8uyBCUlVOT+OCs+ODs+ODkeOCr+ODiOODm+ODg+ODiOODl+ODrOODvOODiCDjgrPjg7Pjg5fjg6rjg7zjg4jjgrvjg4Pjg4gg77y9[rn]
29-48558,aHR0cDovL3RzaG9wLnIxMHMuanAvcm9vbXkvY2FiaW5ldC81MDBjYXJ0X2FsbC81MDBjYXJ0XzExZy8xNi0zL2JvZTAyNl81MDBfMW4uanBnP2ZpdGluPTcwMDo3MDA=,MTI4MDAuMDAwMA==,,5a626Zu7ID4g44Kt44OD44OB44Oz5a626Zu7ID4g44Ob44OD44OI44OX44Os44O844OI44O744Kw44Oq44Or44O744OV44Op44Kk44Ok44O8ID4g44Gf44GT54S844GN5Zmo,4peG44KC44KM44Gq44GP44Kq44Kk44Or44OW44Op44K344Go44Os44K344OU5pys54m55YW45LuY44GN4peGIOODm+ODg+ODiOODl+ODrOODvOODiCDjgrDjg6njg7Pjg4cgYnJ1bm8g44OW44Or44O844OOIOOAkOODneOCpOODs+ODiDEw5YCNIOmAgeaWmeeEoeaWmeOAkSDjgZ/jgZPnhLzjgY0gQk9FMDI2IOOBn+OBk+eEvOOBjeWZqCDjgrDjg6rjg6vjg63jg7zjgrnjgr/jg7wg44GK44GX44KD44KMIOOBn+OBk+eEvOOBjeODl+ODrOODvOODiCDjgrDjg6rjg6vpjYsg54S86IKJIOOCouODkuODvOOCuOODpyDlpKflnovjgJDjgq7jg5Xjg4jjgJHvvLsgQlJVTk8g44Ob44OD44OI44OX44Os44O844OI44Kw44Op44Oz44OHIO+8vQ==,QlJVTk8g44OW44Or44O844OOIOODm+ODg+ODiOODl+ODrOODvOODiCDlpKflnosg44Gf44GT54S844GNIOeQuueRry/jg5vjg7zjg63jg7zpoqg=,PCEtLSDilrzjg5fjg6zjgrzjg7Pjg4jljIXoo4UgLS0+CjxwPjxpbWcgc3JjPSJodHRwOi8vaW1hZ2UucmFrdXRlbi5jby5qcC9yb29teS9jYWJpbmV0L2l0ZW1fY2F0X2Juci9jdF90b2t1L3BjX3ByZWluZm8uanBnIiBhbHQ9IuODl+ODrOOCvOODs+ODiOWMheijhSIgd2lkdGg9IjM2MCIgaGVpZ2h0PSI2MCIgIGJvcmRlcj0iMCIgLz48L3A+PGJyPgo8ZGl2IGNsYXNzPSJyb29teWtvbWUiPuKWvCDjgqTjg7Pjg4bjg6rjgqLjgrfjg6fjg4Pjg5cgcm9vbXkg77yIIOODq+ODvOODn+ODvCDvvInjgYvjgonjga7jgrPjg6Hjg7Pjg4g8L2Rpdj4KCgo8ZGl2IGNsYXNzPXJla28yPgo8cCBjbGFzcz1wdHQ+CuKWoCBCUlVOTyAvIOODluODq+ODvOODjiDjg5vjg4Pjg4jjg5fjg6zjg7zjg4gg44Kw44Op44Oz44OH44K144Kk44K6CjwvcD4KPHAgY2xhc3M9cHR4dD4K6a6u44KE44GL44Gq44Kr44Op44O844Oq44Oz44Kw44Gr44Ob44O844Ot44O86Kq/44Gu6Im244KE44GL44Oc44OH44Kj44GM5Lq65rCX44Gu44CMIEJSVU5PIOOCs+ODs+ODkeOCr+ODiOODm+ODg+ODiOODl+ODrOODvOODiCDjgI3jgavjgIHjgbLjgajlm57jgorlpKfjgY3jgY/jgarjgaPjgZ/jgI4g44Ob44OD44OI44OX44Os44O844OIIOOCsOODqeODs+ODh+OCteOCpOOCuiDjgI/jgIDjgYzku7LplpPlhaXjgorjgILku6XliY3jga8y772eM+S6uueUqOOBp+OBl+OBn+OBjOOAgeOCsOODqeODs+ODh+OCteOCpOOCuuOBrzTvvZ415Lq644Gn5qW944GX44KB44KL44K144Kk44K65oSf44CC5pmu5q615L2/44GE44Gg44GR44Gn44Gq44GP44CB44GK5Y+L6YGU44KE44GU5Lih6Kaq44Gq44Gp44GM6ZuG44G+44KL44OR44O844OG44Kj44K344O844Oz44Gn44KC5aSn5rS76LqN44GX44Gm44GP44KM44G+44GZ44KI44CC44KC44Gh44KN44KT44OX44Os44O844OI44Gv44CB5bmz6Z2i44OX44Os44O844OI44Go44Gf44GT54S844GN44OX44Os44O844OI44GuMueorumhnuOBjOS7mOWxnuOAguODl+ODrOODvOODiOOBr+edgOiEseW8j++8huODleODg+e0oOWKoOW3peOBleOCjOOBpuOBhOOCi+OBi+OCieOBiuaJi+WFpeOCjOOCguODqeOCr+ODqeOCr+OBp+OBmeOAguWJjeiPnOOBr+OBn+OBk+eEvOOBjeODl+ODrOODvOODiOOCkuS9v+OBo+OBpuODlOODs+ODgeODp+OCueOChOODr+ODs+ODleOCo+ODs+OCrOODvOOCueOCv+OCpOODq+OAgeODoeOCpOODs+OBr+W5s+mdouODl+ODrOODvOODiOOBp+OCtOODvOOCuOODo+OCueOBq+OBquOCk+OBpua8lOWHuuOCgue0oOaVteOBp+OBl+OCh+OAguaWsOWxheelneOBhOOChOe1kOWpmuelneOBhOOBquOBqeOBruODl+ODrOOCvOODs+ODiOOBq+OCguWWnOOBsOOCjOOCi+OBk+OBqOmWk+mBleOBhOOBquOBl+OBp+OBmeOAggo8L3A+Cjxocj4KPCEtLSDliYrpmaRwc2VvIC0tPjwvZGl2PgoKCjwhLS0g5YmK6ZmkSkFO44Oq44K544OIIC0tPjxsaW5rIHJlbD0ic3R5bGVzaGVldCIgaHJlZj0iaHR0cDovL3d3dy5yYWt1dGVuLm5lLmpwL2dvbGQvcm9vbXkvcm1zL2Nzcy9pdGVtLmNzcyIgdHlwZT0idGV4dC9jc3MiPgoKCjwhLS0gQ1NT44CAMjAxNS0wMjIw5aSW6YOo56e7566h5riI44G/44CA44Kt44Oj44OD44K344Ol44Kv44Oq44Ki5b6M5raI5Y67T0sg4piFMjAxNy0wMjEz44Kz44Oh44Oz44OI44Ki44Km44OICjxzdHlsZSB0eXBlPSJ0ZXh0L2NzcyI+Ci5pdGVtY29tZWV7bWFyZ2luLWJvdHRvbTo1MHB4O3dpZHRoOjcwMHB4O2hlaWdodDoxMDBweDtiYWNrZ3JvdW5kLWNvbG9yOiMwMDMzMDA7fQouaXRlbWNvbWVlIHB7Zm9udC13ZWlnaHQ6Ym9sZDsgbGluZS1oZWlnaHQ6MTUwJTsgbWFyZ2luOjA7cGFkZGluZy10b3A6MTZweDtmb250LXNpemU6MjFweDtjb2xvcjojRkZGRkZGOyB0ZXh0LWFsaWduOmNlbnRlcjt9Ci5kb3VibGVfcHJpY2VfdGl0bGUgeyBmb250LXNpemU6OXB4ICFpbXBvcnRhbnQ7fQo8L3N0eWxlPgogLS0+Cgo8IS0tIENTUyDlpJbpg6jnp7vnrqHjgb7jgaAgLS0+CjxzdHlsZSB0eXBlPSJ0ZXh0L2NzcyI+Ci5yb29teWtvbWUge2JhY2tncm91bmQtY29sb3I6I0U2RTZFNjsgcGFkZGluZzo1cHg7IGZvbnQtc2l6ZToxMHB4O30KPC9zdHlsZT4KCgoKPCEtLeODleODg+OCv+ODvCAtLT4KPGRpdiBzdHlsZT0id2lkdGg6NzAwcHg7IG1hcmdpbjowOyBwYWRkaW5nOjA7Ij4KPGRpdiBzdHlsZT0ibWFyZ2luLXRvcDoxMHB4OyI+Cgo8L2Rpdj4KPGRpdiBzdHlsZT0ibWFyZ2luLXRvcDoxMHB4OyI+Cgo8L2Rpdj4KPC9kaXY+,4peG44KC44KM44Gq44GP44Kq44Kk44Or44OW44Op44K344Go44Os44K344OU5pys54m55YW45LuY44GN4peGIOODm+ODg+ODiOODl+ODrOODvOODiCDjgrDjg6njg7Pjg4cgYnJ1bm8g44OW44Or44O844OOIOOAkOODneOCpOODs+ODiDEw5YCNIOmAgeaWmeeEoeaWmeOAkSDjgZ/jgZPnhLzjgY0gQk9FMDI2IOOBn+OBk+eEvOOBjeWZqCDjgrDjg6rjg6vjg63jg7zjgrnjgr/jg7wg44GK44GX44KD44KMIOOBn+OBk+eEvOOBjeODl+ODrOODvOODiCDjgrDjg6rjg6vpjYsg54S86IKJIOOCouODkuODvOOCuOODpyDlpKflnovjgJDjgq7jg5Xjg4jjgJHvvLsgQlJVTk8g44Ob44OD44OI44OX44Os44O844OI44Kw44Op44Oz44OHIO+8ve+8muOCpOODs+ODhuODquOCouOCt+ODp+ODg+ODlyDvvZLvvY/vvY/vvY3vvZk=,5Yqg5rm/5Zmo44OS44O844K/44O856m65rCX5riF5rWE5qmf44K044Of566x6YCB5paZ54Sh5paZ5omH6aKo5qmf5aOy44KM562L44Kk44Oz44OG44Oq44Ki6ZuR6LKo44Of44Kt44K144O844OQ44Or44Of44Ol44O844OAQ0FET+WCmOeri+OBpuWCmOWjgeaOm+OBkeaZguioiOODneOCpOODs+ODiOaOm+OBkeaZguioiOOCpOODs+ODhuODquOCouecgeOCqOODjeODq+ODvOODn+ODvHJvb2154peG44KC44KM44Gq44GP44Kq44Kk44Or44OW44Op44K344Go44Os44K344OU5pys54m55YW45LuY44GN4peGIOODm+ODg+ODiOODl+ODrOODvOODiCDjgrDjg6njg7Pjg4cgYnJ1bm8g44OW44Or44O844OOIOOAkOODneOCpOODs+ODiDEw5YCNIOmAgeaWmeeEoeaWmeOAkSDjgZ/jgZPnhLzjgY0gQk9FMDI2IOOBn+OBk+eEvOOBjeWZqCDjgrDjg6rjg6vjg63jg7zjgrnjgr/jg7wg44GK44GX44KD44KMIOOBn+OBk+eEvOOBjeODl+ODrOODvOODiCDjgrDjg6rjg6vpjYsg54S86IKJIOOCouODkuODvOOCuOODpyDlpKflnovjgJDjgq7jg5Xjg4jjgJHvvLsgQlJVTk8g44Ob44OD44OI44OX44Os44O844OI44Kw44Op44Oz44OHIO+8vQ==,QlJVTk8g44OW44Or44O844OOIOODm+ODg+ODiOODl+ODrOODvOODiCDlpKflnosg44Gf44GT54S844GNIOeQuueRry/jg5vjg7zjg63jg7zpoqjjgILil4bjgoLjgozjgarjgY/jgqrjgqTjg6vjg5bjg6njgrfjgajjg6zjgrfjg5TmnKznibnlhbjku5jjgY3il4Yg44Ob44OD44OI44OX44Os44O844OIIOOCsOODqeODs+ODhyBicnVubyDjg5bjg6vjg7zjg44g44CQ44Od44Kk44Oz44OIMTDlgI0g6YCB5paZ54Sh5paZ44CRIOOBn+OBk+eEvOOBjSBCT0UwMjYg44Gf44GT54S844GN5ZmoIOOCsOODquODq+ODreODvOOCueOCv+ODvCDjgYrjgZfjgoPjgowg44Gf44GT54S844GN44OX44Os44O844OIIOOCsOODquODq+mNiyDnhLzogokg44Ki44OS44O844K444OnIOWkp+Wei+OAkOOCruODleODiOOAke+8uyBCUlVOTyDjg5vjg4Pjg4jjg5fjg6zjg7zjg4jjgrDjg6njg7Pjg4cg77y9[rn]
29-48559,aHR0cDovL3RzaG9wLnIxMHMuanAvaW1wb3J0c2hvcGFxdWEvY2FiaW5ldC96b29tL2QvMTAvYnJuLWNob3RwLTMtby16b29tLmpwZz9maXRpbj03MDA6NzAw,MTEwNDAuMDAwMA==,,5a626Zu7ID4g44Kt44OD44OB44Oz5a626Zu7ID4g44Ob44OD44OI44OX44Os44O844OI44O744Kw44Oq44Or44O744OV44Op44Kk44Ok44O8ID4g44Gf44GT54S844GN5Zmo,NOaemuOCu+ODg+ODiOKXhuOAkDMw56iu44Os44K344OU5pys77yL77yU44Gk44GL44KJ6YG444G544KL44GK44G+44GR54m55YW444CRIEJSVU5PIOOCs+ODs+ODkeOCr+ODiOODm+ODg+ODiOODl+ODrOODvOODiCA05p6a44K744OD44OI4peG5pys5L2T77yL44K744Op44Of44OD44Kv44Kz44O844OI6Y2L77yL44Kw44Oq44Or44OX44Os44O844OI4peG44OW44Or44O844OOIOeEvOOBjeiCiSDjgZ/jgZPnhLzjgY0g44GK44GX44KD44KM44CQ6YCB5paZ54Sh5paZ44CR77y7IEJSVU5PIOODm+ODg+ODiOODl+ODrOODvOODiDTmnprjgrvjg4Pjg4ggQk9FMDIxIO+8vQ==,44Ob44OD44OI44OX44Os44O844OIK+a3semNiyvjgrDjg6rjg6vjg5fjg6zjg7zjg4gr44Gf44GT54S844GN44OX44Os44O844OI44K744OD44OI,PGRpdiBjbGFzcz0icnAtc3VtbWFyeSI+CjxkaXYgY2xhc3M9InJwLWl0ZW0wMSI+SU5GT1JNQVRJT048L2Rpdj4KPGRpdiBjbGFzcz0icnAtaXRlbTAyIj5CUlVOT+OBruOCs+ODs+ODkeOCr+ODiOODm+ODg+ODiOODl+ODrOODvOODiOOBr+OAgeS4geW6puiJr+OBhOOCteOCpOOCuuaEn+OBruODm+ODg+ODiOODl+ODrOODvOODiOOAgjTmnprjga7jg5fjg6zjg7zjg4jjgafmlpnnkIbjga7luYXjgYzluoPjgYzjgorjgb7jgZnimao8L2Rpdj4KPGRpdiBjbGFzcz0icnAtaXRlbTAxIj5LRVlXT1JEPC9kaXY+CjxkaXYgY2xhc3M9InJwLWl0ZW0wMiI+44Ob44OD44OI44OX44Os44O844OIIOmbu+awl+ODl+ODrOODvOODiCDnhLzjgY3ogokg54S86IKJIOOBn+OBk+eEvOOBjSDnha7niakg44GK44Gn44KTIOOBn+OBk+eEvOOBjeWZqCDpjYsg5rex6Y2LIOOCsOODquODqyDmup3ku5gg5rK544KS6JC944Go44GZIOODmOODq+OCt+ODvCDjgrvjg4Pjg4gg5bCP44GV44GEIOOCs+ODs+ODkeOCr+ODiCDlsI/lnosg44Of44OLIEJSVU5PIOODluODq+ODvOODjiDjgYrjgZfjgoPjgowg44OH44K244Kk44OzIOOCpOODs+ODhuODquOCoiDjg5vjg7zjg63jg7zpjYvpoqgg44Kt44OD44OB44Oz5a626Zu7IOODkeODvOODhuOCo+ODvCDjg5vjg6/jgqTjg4gg44Os44OD44OJIOODlOODs+OCryDnmb0g44Kw44Oq44O844OzIOe3kSDjg5bjg6njgqbjg7Mg6Iy2IOOCq+OCueOCv+ODvOODieOCpOOCqOODreODvDwvZGl2Pgo8ZGl2IGNsYXNzPSJycC1pdGVtMDEiPlNFUlZJQ0U8L2Rpdj4KPGRpdiBjbGFzcz0icnAtaXRlbTAyIiBzdHlsZT0iY29sb3I6IzkwMDsiPuOAkOmAgeaWmeeEoeaWmeOAkeOAkOODqeODg+ODlOODs+OCsOS4jeWPr+OAkTxicj4KCjxpbWcgc3JjPSJodHRwOi8vd3d3LnJha3V0ZW4ubmUuanAvZ29sZC9pbXBvcnRzaG9wYXF1YS9wL2ltZy9jYXJ0LWFzdXJha3UuZ2lmIiB2c3BhY2U9IjEwIj4KPCEtLTxpbWcgc3JjPSJodHRwOi8vaW1hZ2UucmFrdXRlbi5jby5qcC9pbXBvcnRzaG9wYXF1YS9jYWJpbmV0L2NhcnQtcmVzZXJ2LmdpZiIgdnNwYWNlPSIxMCI+LS0+CjwhLS08aW1nIHNyYz0iaHR0cDovL2ltYWdlLnJha3V0ZW4uY28uanAvaW1wb3J0c2hvcGFxdWEvY2FiaW5ldC9jYXJ0LWFzdXJha3UtcmVzZXJ2ZS5naWYiIHZzcGFjZT0iMTAiPi0tPgoKPGJyPgo8L2Rpdj4KPC9kaXY+CjwvZGl2Pgo8L2Rpdj4KPGRpdiBzdHlsZT0icGFkZGluZzoxMHB4IDA7Ij48aW1nIHNyYz0iaHR0cDovL3d3dy5yYWt1dGVuLm5lLmpwL2dvbGQvaW1wb3J0c2hvcGFxdWEvY29tbW9ucy9jYW1wYWlnbi9wdS1ibm5yLWNhcnQuZ2lmIiBib3JkZXI9IjAiPjxicj48aW1nIHNyYz0iaHR0cDovL3d3dy5yYWt1dGVuLm5lLmpwL2dvbGQvaW1wb3J0c2hvcGFxdWEvcG9pbnQtdXAvcmFrdXRlbi1lbnRyeS5naWYiIGJvcmRlcj0iMCI+PC9kaXY+PC9kaXY+PCEtLeOAgOmWoumAo+OCq+ODhuOCtOODquWVhuWTgeOAgC0tPg==,NOaemuOCu+ODg+ODiOKXhuOAkDMw56iu44Os44K344OU5pys77yL77yU44Gk44GL44KJ6YG444G544KL44GK44G+44GR54m55YW444CRIEJSVU5PIOOCs+ODs+ODkeOCr+ODiOODm+ODg+ODiOODl+ODrOODvOODiCA05p6a44K744OD44OI4peG5pys5L2T77yL44K744Op44Of44OD44Kv44Kz44O844OI6Y2L77yL44Kw44Oq44Or44OX44Os44O844OI4peG44OW44Or44O844OOIOeEvOOBjeiCiSDjgZ/jgZPnhLzjgY0g44GK44GX44KD44KM44CQ6YCB5paZ54Sh5paZ44CR77y7IEJSVU5PIOODm+ODg+ODiOODl+ODrOODvOODiDTmnprjgrvjg4Pjg4ggQk9FMDIxIO+8ve+8muOCu+ODrOOCr+ODiOOCt+ODp+ODg+ODl+ODu0FRVUHvvIjjgqLjgq/jgqLvvIk=,5omH6aKo5qmf44OX44Op44K544Oe44Kk44OK44K544K844Ot44Kv44OL44Or44OX44K5a25pcnBz56m65rCX5riF5rWE5qmf6YGg6LWk5aSW57ea44OR44ON44Or44OS44O844K/44O844K944Or44OT44Ko44Oz44OI44Kk44Oz44OG44Oq44Ki44OH44K244Kk44Oz5a626Zu744OH44K244Kk44Oz6Zu76Kmx5Yqg5rm/5Zmo44Kt44OD44OB44Oz55So5ZOB44Of44OJ44OraWRlYeODgeODoOODi+ODvOWjgeaOm+OBkeaZguioiOOCouOCr+OCouaZguioiOmbkeiyqEFRVUE05p6a44K744OD44OI4peG44CQMzDnqK7jg6zjgrfjg5TmnKzvvIvvvJTjgaTjgYvjgonpgbjjgbnjgovjgYrjgb7jgZHnibnlhbjjgJEgQlJVTk8g44Kz44Oz44OR44Kv44OI44Ob44OD44OI44OX44Os44O844OIIDTmnprjgrvjg4Pjg4jil4bmnKzkvZPvvIvjgrvjg6njg5/jg4Pjgq/jgrPjg7zjg4jpjYvvvIvjgrDjg6rjg6vjg5fjg6zjg7zjg4jil4bjg5bjg6vjg7zjg44g54S844GN6IKJIOOBn+OBk+eEvOOBjSDjgYrjgZfjgoPjgozjgJDpgIHmlpnnhKHmlpnjgJHvvLsgQlJVTk8g44Ob44OD44OI44OX44Os44O844OINOaemuOCu+ODg+ODiCBCT0UwMjEg77y9,44Ob44OD44OI44OX44Os44O844OIK+a3semNiyvjgrDjg6rjg6vjg5fjg6zjg7zjg4gr44Gf44GT54S844GN44OX44Os44O844OI44K744OD44OI44CCNOaemuOCu+ODg+ODiOKXhuOAkDMw56iu44Os44K344OU5pys77yL77yU44Gk44GL44KJ6YG444G544KL44GK44G+44GR54m55YW444CRIEJSVU5PIOOCs+ODs+ODkeOCr+ODiOODm+ODg+ODiOODl+ODrOODvOODiCA05p6a44K744OD44OI4peG5pys5L2T77yL44K744Op44Of44OD44Kv44Kz44O844OI6Y2L77yL44Kw44Oq44Or44OX44Os44O844OI4peG44OW44Or44O844OOIOeEvOOBjeiCiSDjgZ/jgZPnhLzjgY0g44GK44GX44KD44KM44CQ6YCB5paZ54Sh5paZ44CR77y7IEJSVU5PIOODm+ODg+ODiOODl+ODrOODvOODiDTmnprjgrvjg4Pjg4ggQk9FMDIxIO+8vQ==[rn]
29-48560,aHR0cDovL3RzaG9wLnIxMHMuanAvcm9vbXkvY2FiaW5ldC81MDBjYXJ0X2FsbC81MDBjYXJ0XzExZy8xNi0yL2NvaG90cGxhdGVfNTAwXzFnLmpwZz9maXRpbj03MDA6NzAw,NzA0MC4wMDAw,,5a626Zu7ID4g44Kt44OD44OB44Oz5a626Zu7ID4g44Ob44OD44OI44OX44Os44O844OI44O744Kw44Oq44Or44O744OV44Op44Kk44Ok44O8ID4g44Gf44GT54S844GN5Zmo,4pay4pa844KC44KM44Gq44GP44Kq44Kk44Or44OW44Op44K344Go44Os44K344OU5pysIOeJueWFuOS7mOOBjeKWsuKWvOODm+ODg+ODiOODl+ODrOODvOODiCDjg5bjg6vjg7zjg44g44Gf44GT54S844GN5ZmoIEJSVU5PIOOAkOODneOCpOODs+ODiDEw5YCNIOmAgeaWmeeEoeaWmeOAkeOBn+OBk+eEvOOBjSBCT0UwMjEg44Kw44Oq44OrIOOBiuOBl+OCg+OCjCDpjYsg5pys5L2TIOOBn+OBk+eEvOOBjeODl+ODrOODvOODiCDjgrDjg6rjg6vpjYsg54S86IKJIOODm+ODvOODreODvOmiqCDnkLrnka/poqgg44Ku44OV44OI77y7IGJydW5vIOOCs+ODs+ODkeOCr+ODiOODm+ODg+ODiOODl+ODrOODvOODiCDvvL0=,YnJ1bm8g44Kz44Oz44OR44Kv44OIIOODm+ODg+ODiOODl+ODrOODvOODiCDjg5bjg6vjg7zjg44g44Gf44GT54S844GN5ZmoIOOBn+OBk+OChOOBjQ==,PCEtLSDilrzjg5fjg6zjgrzjg7Pjg4jljIXoo4UgLS0+CjxwPjxpbWcgc3JjPSJodHRwOi8vaW1hZ2UucmFrdXRlbi5jby5qcC9yb29teS9jYWJpbmV0L2l0ZW1fY2F0X2Juci9jdF90b2t1L3BjX3ByZWluZm8uanBnIiBhbHQ9IuODl+ODrOOCvOODs+ODiOWMheijhSIgd2lkdGg9IjM2MCIgaGVpZ2h0PSI2MCIgIGJvcmRlcj0iMCIgLz48L3A+PGJyPgoKCjxkaXYgY2xhc3M9InJvb215a29tZSI+4pa8IOOCpOODs+ODhuODquOCouOCt+ODp+ODg+ODlyByb29teSDvvIgg44Or44O844Of44O8IO+8ieOBi+OCieOBruOCs+ODoeODs+ODiDwvZGl2PgoKCjxkaXYgY2xhc3M9cmVrbzI+CjxwIGNsYXNzPXB0dD4K4pagQlJVTk8gLyDjg5bjg6vjg7zjg44g44Kz44Oz44OR44Kv44OI44Ob44OD44OI44OX44Os44O844OICjwvcD4KPHAgY2xhc3M9cHR4dD4K54S86IKJ44KE44GK5aW944G/54S844GN44CB6aSD5a2Q44Gr44Ob44OD44OI44Kx44O844Kt44Gq44Gp5oSP5aSW44Go5L6/5Yip44Gq44Ob44OD44OI44OX44Os44O844OI44CC44Gn44KC44CB5aSn44GN44GE44Oi44OO44Gv44OG44O844OW44Or44KS44Gd44KM44Gg44GR44Gn5Y2g6aCY44GX44Gm44GX44G+44Gj44Gf44KK44CB5Ye644GX44Gm44K744OD44OG44Kj44Oz44Kw44GZ44KL44Gu44GM6Z2i5YCS44Gg44Gj44Gf44KK4oCm44CC6YCG44Gr44GK44Gy44Go44KK44GV44G+55So44Gu44Ki44Kk44OG44Og44Gn44Gv5Y+L6YGU44GM6ZuG44G+44KL44OR44O844OG44Kj44Gn44Gv5bCP44GV44GZ44GO44Gm5Ye655Wq44Gq44GX44CC44Gb44Gj44GL44GP44Gu55ub44KK5LiK44GS44Ki44Kk44OG44Og44Gq44Gu44Gr5q6L5b+144Gn44GZ44KI44Gt44CCQlJVTk/jga7jgrPjg7Pjg5Hjgq/jg4jjg5vjg4Pjg4jjg5fjg6zjg7zjg4jjga/jgIHlpKfliKTjg5XjgqHjg4Pjgrfjg6fjg7PoqozjgajjgbvjgbzlkIzjgZjjgrXjgqTjgrrjgajjgYTjgYbnnIHjgrnjg5rjg7zjgrnjgqLjgqTjg4bjg6DjgILjg5fjg6zjg7zjg4jjga/luYUzMGNt44Go5aSn44GN44KB44OV44Op44Kk44OR44Oz44KI44KK44KC44KC44Gj44Go44OT44OD44Kw44Gq44K144Kk44K644Gg44GL44KJ44CB44G/44KT44Gq44Gn44KP44GE44KP44GE44Go5qW944GX44KA5paZ55CG44KC44GK5Lu744Gb44CC44Oc44OH44Kj44Gv55C655Gv44KS44Kk44Oh44O844K444GX44Gf5LiK5ZOB44Gq44OH44K244Kk44Oz44Gr44CB44Gk44G+44G/562J44Gv44K044O844Or44OJ44Gu44Ki44Kv44K744Oz44OI44GM5aSn5Lq66aGU44Gn44GE44GE5oSf44GY44CC44OG44O844OW44Or44Gu5LiK44KS6I+v44KE44GL44Gr5b2p44Gj44Gm44GP44KM44G+44GZ44KI44CC44GT44KM44Gq44KJ44Gy44Go44KK44Gg44GR44Kt44OD44OB44Oz44Gr57Gg44Gj44Gm44Gq44GN44KD4oCm44Gq44KT44Gm44Gk44G+44KJ44Gq44GV44KC6Kej5raI44Gn44GZ44CC5bmz6Z2i44Go44Gf44GT54S844GN44Gu44OX44Os44O844OI44GM5LuY5bGe44CC44OX44Os44O844OI44Gv552A6ISx5byP44Gn44CB44OV44OD57Sg5Yqg5bel44GV44KM44Gm44GE44KL44GL44KJ44GK5omL5YWl44KM44KC44Op44Kv44Op44Kv44CC5q+O5pel44Gu44GK5paZ55CG44GL44KJ44OR44O844OG44Kj44G+44Gn5aSn5rS76LqN44GX44Gm44GP44KM44G+44GZ44KI44CC5paw5bGF56Wd44GE44KE57WQ5ama56Wd44GE44Gq44Gp44Gu44OX44Os44K844Oz44OI44Gr44KC44G044Gj44Gf44KK44Gn44GZ44CC44Ob44O844Ot44O86aKo5Y2T5LiK5paZ55CG44K344Oq44O844K644CBQlJVTk8g44Kw44Oq44Or44Od44OD44OI44KC5o+D44GI44KM44Gw44CB44OG44O844OW44Or44Kv44OD44Kt44Oz44Kw44GM44KC44Gj44Go5qW944GX44GP44Gq44KK44G+44GZ44CCCjwvcD4KPCEtLSDliYrpmaRwc2VvIC0tPjxkaXY+PGxpbmsgcmVsPSJzdHlsZXNoZWV0IiBocmVmPSJodHRwOi8vd3d3LnJha3V0ZW4ubmUuanAvZ29sZC9yb29teS9ybXMvY3NzL2l0ZW0uY3NzIiB0eXBlPSJ0ZXh0L2NzcyI+Cgo8IS0tIENTUyDlpJbpg6jnp7vnrqHjgb7jgaAgLS0+CjxzdHlsZSB0eXBlPSJ0ZXh0L2NzcyI+Ci5yb29teWtvbWUge2JhY2tncm91bmQtY29sb3I6I0U2RTZFNjsgcGFkZGluZzo1cHg7IGZvbnQtc2l6ZToxMHB4O30KPC9zdHlsZT4=,4pay4pa844KC44KM44Gq44GP44Kq44Kk44Or44OW44Op44K344Go44Os44K344OU5pysIOeJueWFuOS7mOOBjeKWsuKWvOODm+ODg+ODiOODl+ODrOODvOODiCDjg5bjg6vjg7zjg44g44Gf44GT54S844GN5ZmoIEJSVU5PIOOAkOODneOCpOODs+ODiDEw5YCNIOmAgeaWmeeEoeaWmeOAkeOBn+OBk+eEvOOBjSBCT0UwMjEg44Kw44Oq44OrIOOBiuOBl+OCg+OCjCDpjYsg5pys5L2TIOOBn+OBk+eEvOOBjeODl+ODrOODvOODiCDjgrDjg6rjg6vpjYsg54S86IKJIOODm+ODvOODreODvOmiqCDnkLrnka/poqgg44Ku44OV44OI77y7IGJydW5vIOOCs+ODs+ODkeOCr+ODiOODm+ODg+ODiOODl+ODrOODvOODiCDvvL3vvJrjgqTjg7Pjg4bjg6rjgqLjgrfjg6fjg4Pjg5cg772S772P772P772N772Z,5Yqg5rm/5Zmo44OS44O844K/44O856m65rCX5riF5rWE5qmf44K044Of566x6YCB5paZ54Sh5paZ5omH6aKo5qmf5aOy44KM562L44Kk44Oz44OG44Oq44Ki6ZuR6LKo44Of44Kt44K144O844OQ44Or44Of44Ol44O844OAQ0FET+WCmOeri+OBpuWCmOWjgeaOm+OBkeaZguioiOODneOCpOODs+ODiOaOm+OBkeaZguioiOOCpOODs+ODhuODquOCouecgeOCqOODjeODq+ODvOODn+ODvHJvb2154pay4pa844KC44KM44Gq44GP44Kq44Kk44Or44OW44Op44K344Go44Os44K344OU5pysIOeJueWFuOS7mOOBjeKWsuKWvOODm+ODg+ODiOODl+ODrOODvOODiCDjg5bjg6vjg7zjg44g44Gf44GT54S844GN5ZmoIEJSVU5PIOOAkOODneOCpOODs+ODiDEw5YCNIOmAgeaWmeeEoeaWmeOAkeOBn+OBk+eEvOOBjSBCT0UwMjEg44Kw44Oq44OrIOOBiuOBl+OCg+OCjCDpjYsg5pys5L2TIOOBn+OBk+eEvOOBjeODl+ODrOODvOODiCDjgrDjg6rjg6vpjYsg54S86IKJIOODm+ODvOODreODvOmiqCDnkLrnka/poqgg44Ku44OV44OI77y7IGJydW5vIOOCs+ODs+ODkeOCr+ODiOODm+ODg+ODiOODl+ODrOODvOODiCDvvL0=,YnJ1bm8g44Kz44Oz44OR44Kv44OIIOODm+ODg+ODiOODl+ODrOODvOODiCDjg5bjg6vjg7zjg44g44Gf44GT54S844GN5ZmoIOOBn+OBk+OChOOBjeOAguKWsuKWvOOCguOCjOOBquOBj+OCquOCpOODq+ODluODqeOCt+OBqOODrOOCt+ODlOacrCDnibnlhbjku5jjgY3ilrLilrzjg5vjg4Pjg4jjg5fjg6zjg7zjg4gg44OW44Or44O844OOIOOBn+OBk+eEvOOBjeWZqCBCUlVOTyDjgJDjg53jgqTjg7Pjg4gxMOWAjSDpgIHmlpnnhKHmlpnjgJHjgZ/jgZPnhLzjgY0gQk9FMDIxIOOCsOODquODqyDjgYrjgZfjgoPjgowg6Y2LIOacrOS9kyDjgZ/jgZPnhLzjgY3jg5fjg6zjg7zjg4gg44Kw44Oq44Or6Y2LIOeEvOiCiSDjg5vjg7zjg63jg7zpoqgg55C655Gv6aKoIOOCruODleODiO+8uyBicnVubyDjgrPjg7Pjg5Hjgq/jg4jjg5vjg4Pjg4jjg5fjg6zjg7zjg4gg77y9[rn]
29-48561,aHR0cDovL3RzaG9wLnIxMHMuanAvdGlnZXItb25saW5lL2NhYmluZXQvY3J4LWExMDBrLmpwZz9maXRpbj03MDA6NzAw,MjM4NDAuMDAwMA==,,5a626Zu7ID4g44Kt44OD44OB44Oz5a626Zu7ID4g44Ob44OD44OI44OX44Os44O844OI44O744Kw44Oq44Or44O744OV44Op44Kk44Ok44O8ID4g44Gf44GT54S844GN5Zmo,R1JBTkQgWCDjgr/jgqTjgqzjg7wgSUgg6Zm25p2/54S844GN5ZmoIENSWC1BMTAwSyDpmbbmnb8g44OX44Os44O844OIIOOCsOODqeODs+OCqOODg+OCr+OCuQ==,5pys54mp44Gu6Zm25p2/44GnJnJkcXVvO+eEvOOBjSZyZHF1bzvjgpLmpbXjgoHjgZ/mlrDjgZfjgYToqr/nkIblmajlhbc=,PHN0eWxlPgo8IS0tIAouY29sb3JfYXJlYSwuaXRlbWluZm9fYXJlYSwuc3BlY19hcmVhewpmb250LWZhbWlseToi44Oh44Kk44Oq44KqIiwgIuODkuODqeOCruODjuinkuOCtCBQcm8gVzMiLCAiSGlyYWdpbm8gS2FrdSBHb3RoaWMgUHJvIiwgTWVpcnlvLCBPc2FrYSwgIu+8re+8syDvvLDjgrTjgrfjg4Pjgq8iLCAiTVMgUEdvdGhpYyIsIHNhbnMtc2VyaWY7Cn0KCi5jbGVhcnsKY2xlYXI6Ym90aDsKaGVpZ2h0OjBweDsKbWFyZ2luOjA7CnBhZGRpbmc6MDsKbGluZS1oZWlnaHQ6MCU7CmZvbnQtc2l6ZTowcHg7Cn0KcHsKbWFyZ2luOiAwOwpwYWRkaW5nOiAwOwp9Ci5jb2xvcl9hcmVhewp3aWR0aDogNzc1cHg7Cm1hcmdpbi1ib3R0b206IDIwcHg7Cn0KLmNvbG9yX2FyZWEgLmNvbG9yX3RpdGxlewp3aWR0aDogNzc1cHg7CnBhZGRpbmc6IDJweCAwIDA7Cm1hcmdpbi1ib3R0b206IDJweDsKY29sb3I6ICNGRkZGRkY7CmJhY2tncm91bmQ6ICNGRjU3MjU7CmRpc3BsYXk6IGJsb2NrOwp9Ci5jb2xvcl9hcmVhIC5jb2xvcl90aXRsZSBwewpwYWRkaW5nLWxlZnQ6IDdweDsKZm9udC1zaXplOiAxNnB4Owp9Ci5jb2xvcl9hcmVhIGltZ3sKYm9yZGVyOiBub25lOwptYXJnaW46IDA7CnBhZGRpbmc6IDA7CmRpc3BsYXk6IGJsb2NrOwp9Ci5jb2xvcl9hcmVhIGE6bGluaywKLmNvbG9yX2FyZWEgYTp2aXNpdGVkewpjb2xvcjogIzY2NkE3MjsKfQouY29sb3JfYXJlYSBhOmhvdmVyLAouY29sb3JfYXJlYSBhOmFjdGl2ZXsKY29sb3I6ICNGRjJFNTM7CnRleHQtZGVjb3JhdGlvbjogbm9uZTsKfQouY29sb3JfYXJlYSAuY29sb3JfaW5uZXJ7CndpZHRoOiAxNTBweDsKbWFyZ2luLXJpZ2h0OiA1cHg7CmZsb2F0OiBsZWZ0OwpkaXNwbGF5OiBpbmxpbmU7CmZvbnQtc2l6ZTogMTJweDsKdGV4dC1hbGlnbjogY2VudGVyOwp9Ci5jb2xvcl9hcmVhIC5sYXN0X2NoaWxkewptYXJnaW4tcmlnaHQ6IDA7Cn0KCi5pdGVtaW5mb19hcmVhIHRkLC5pdGVtaW5mb19hcmVhIHRoLnNwZWNfYXJlYSB0ZCwuc3BlY19hcmVhIHRoewpmb250LXNpemU6IDEwMCU7CmZvbnQtd2VpZ2h0OiBub3JtYWw7CmZvbnQtc3R5bGU6IG5vcm1hbDsKdGV4dC1hbGlnbjogbGVmdDsKdmVydGljYWwtYWxpZ246dG9wOwp9Cml0ZW1pbmZvX2FyZWEgdGFibGUsLnNwZWNfYXJlYSB0YWJsZXsKYm9yZGVyLWNvbGxhcHNlOiBjb2xsYXBzZTsKYm9yZGVyLXNwYWNpbmc6IDA7Cn0KaXRlbWluZm9fYXJlYSBpbWcsLnNwZWNfYXJlYSBpbWd7CmxpbmUtaGVpZ2h0OiAwOwpib3JkZXI6IDA7Cn0KLml0ZW1pbmZvX2FyZWF7CndpZHRoOiA3NzVweDsKbWFyZ2luLWJvdHRvbTogMzBweDsKfQouaXRlbWluZm9fYXJlYSBwewpmb250LXNpemU6IDEzcHg7Cn0KLml0ZW1pbmZvX2FyZWEgLml0ZW1pbmZvX3RpdGxlewp3aWR0aDogNzc1cHg7CnBhZGRpbmc6IDJweCAwIDA7Cm1hcmdpbi1ib3R0b206IDEwcHg7CmNvbG9yOiAjRkZGRkZGOwpiYWNrZ3JvdW5kOiAjNzg3ODc4Owp9Ci5pdGVtaW5mb19hcmVhIC5pdGVtaW5mb190aXRsZSBwewpwYWRkaW5nLWxlZnQ6IDdweDsKZm9udC1zaXplOiAxNnB4Owp9Cgouc3BlY19hcmVhewp3aWR0aDogNzc1cHg7Cn0KLnNwZWNfYXJlYSAuc3BlY190aXRsZXsKd2lkdGg6IDc3NXB4OwpwYWRkaW5nOiAycHggMCAwOwptYXJnaW4tYm90dG9tOiAzcHg7CmNvbG9yOiAjRkZGRkZGOwpiYWNrZ3JvdW5kOiAjRjkwMzJDOwpkaXNwbGF5OiBibG9jazsKfQouc3BlY19hcmVhIC5zcGVjX3RpdGxlIHB7CnBhZGRpbmctbGVmdDogN3B4Owpmb250LXNpemU6IDE2cHg7Cn0KLnNwZWNfYXJlYSB0YWJsZXsKd2lkdGg6IDc3NXB4OwptYXJnaW4tYm90dG9tOiA1cHg7Cn0KLnNwZWNfYXJlYSB0aHsKYm9yZGVyLXJpZ2h0OiAjRkZGRkZGIDJweCBzb2xpZDsKYm9yZGVyLWJvdHRvbTogI0ZGRkZGRiAycHggc29saWQ7CndpZHRoOiAyNjBweDsKZm9udC1zaXplOiAxM3B4Owpjb2xvcjogIzIwMjAyMDsKbGluZS1oZWlnaHQ6IDEuM2VtOwpwYWRkaW5nOiA1cHggN3B4IDNweDsKYmFja2dyb3VuZDogI0Y3REZFMzsKfQouc3BlY19hcmVhIHRkewpib3JkZXItYm90dG9tOiAjRkZGRkZGIDJweCBzb2xpZDsKZm9udC1zaXplOiAxM3B4Owpjb2xvcjogIzIwMjAyMDsKbGluZS1oZWlnaHQ6IDEuM2VtOwpwYWRkaW5nOiA1cHggN3B4IDNweDsKYmFja2dyb3VuZDogI0VCRUJFQjsKfQouc3BlY19hcmVhIHAuY29tbWVudF9hcmVhewpmb250LXNpemU6IDExcHg7CmNvbG9yOiAjRkEwMDJEOwp9Ci5zcGVjX2FyZWEgdGggc3Bhbiwuc3BlY19hcmVhIHRkIHNwYW57CmZvbnQtc2l6ZTogMTBweDsKY29sb3I6ICNGQTAwMkQ7Cn0KLnNwZWNfYXJlYSBzcGFuLmFzdGV7CmZvbnQtc2l6ZTogMTJweDsKY29sb3I6ICNGQTAwMkQ7Cn0KLS0+ICAKPC9zdHlsZT4KPGRpdiBjbGFzcz0iaXRlbWluZm9fYXJlYSI+CjxkaXYgY2xhc3M9Iml0ZW1pbmZvX3RpdGxlIj4KPHA+5ZWG5ZOB6Kqs5piOPC9wPgo8L2Rpdj4KPGRpdj4KPHA+PHA+5Y6z6YG444GV44KM44Gf5Zyf44GL44KJ54S844GN5LiK44GS44Gf5pys54mp44Gu6Zm25p2/44KS5L2/44Gj44Gf5YWo44GP5paw44GX44GE6Kq/55CG5Zmo5YW344CCPGJyPjxicj4KICA8c3Ryb25nPklI6Zm25p2/54S844GN5Zmo44Gu44GK44GZ44GZ44KB44Od44Kk44Oz44OIPGJyPgogIDwvc3Ryb25nPjxicj4K44O744GY44Gj44GP44KK54S844GE44Gm5peo44G/44KS5byV44GN5Ye644GZ6Zm25p2/44OX44Os44O844OI44CC6auY44GE6JOE54ax5oCn44Go5YSq44KM44Gf6YGg6LWk5Yq55p6c44Gn6aOf5p2Q44KS44GY44Gj44GP44KK54S844GN5peo44G/44KS5byV44GN5Ye644GX44G+44GZ44CCPGJyPgo8YnI+CuODu+eri+OBoeS4iuOBjOOCiuOBjOaXqeOBj+OAgea4qeW6puOBruWuieWumuaAp+OCgumrmOOBhElI5Yqg54ax5byP44CCNzAwV+OBruS9jumbu+WKm+OBp+OCgumrmOeBq+WKm+OBp+eEvOOBjeS4iuOBkuOBvuOBmeOAgjxicj4KPGJyPgrjg7vpmbbmnb/jgafnhLzjgY3kuIrjgZLjgovntbblk4Hjg6Hjg4vjg6Xjg7zjga7jgq/jg4Pjgq/jg5bjg4Pjgq/ku5jjgIIKPC9wPjwvcD4KPC9kaXY+CjwvZGl2PgoKPGRpdiBjbGFzcz0ic3BlY19hcmVhIj4KPGRpdiBjbGFzcz0ic3BlY190aXRsZSI+CjxwPuapn+iDvemgheebrjwvcD4KPC9kaXY+Cjx0YWJsZSBjZWxscGFkZGluZz0iMCIgY2VsbHNwYWNpbmc9IjAiPgo8dHI+Cjx0aD7mqZ/nqK7lkI08L3RoPgo8dGQ+Q1JYLUExMDBLPC90ZD4KPC90cj4KPHRyPgo8dGg+6Imy5p+EPC90aD4KPHRkPu+8iEvvvInjg5bjg6njg4Pjgq88L3RkPgo8L3RyPgo8dHI+Cjx0aD7mnKzkvZPjgrXjgqTjgrrvvIjntITvvInvvIjluYXDl+WlpeihjOOBjcOX6auY44GV77yJPC90aD4KPHRkPjM2LjPDlzM2LjPDlzE2LjJjbTxzcGFuIHN0eWxlPSJmb250LXNpemU6MTBweDsgY29sb3I6I0ZBMDAyRDsiPijigLspPC9zcGFuPjwvdGQ+CjwvdHI+Cjx0cj4KPHRoPuODl+ODrOODvOODiOOCteOCpOOCuu+8iOe0hO+8ie+8iOebtOW+hMOX5rex44GV77yJPC90aD4KPHRkPs6mMjguNsOXMi42Y208L3RkPgo8L3RyPgo8dHI+Cjx0aD7mnKzkvZPos6rph4/vvIjntITvvIk8L3RoPgo8dGQ+NC41a2c8L3RkPgo8L3RyPgo8dHI+Cjx0aD7mtojosrvpm7vlips8L3RoPgo8dGQ+NzAwVzwvdGQ+CjwvdHI+Cjx0cj4KPHRoPueBq+WKm+WIh+abvzwvdGg+Cjx0ZD7kv53muKnjg7vlvLHjg7vkuK3jg7vlvLc8L3RkPgo8L3RyPgo8dHI+Cjx0aD7jg5fjg6zjg7zjg4jnqK7poZ48L3RoPgo8dGQ+6Zm25p2/44OX44Os44O844OI77yI5bmz6Z2i77yJPC90ZD4KPC90cj4KPHRyPgo8dGg+5Li45rSX44GEPC90aD4KPHRkPumZtuadv+ODl+ODrOODvOODiOOAgemZtuadv+OBteOBnzwvdGQ+CjwvdHI+Cjx0cj4KPHRoPumbu+a6kDwvdGg+Cjx0ZD4xMDBWIDUwLzYwSHo8L3RkPgo8L3RyPgo8dHI+Cjx0aD7jgrPjg7zjg4njga7plbfjgZXvvIjntITvvIk8L3RoPgo8dGQ+My4wbTwvdGQ+CjwvdHI+Cjx0cj4KPHRoPuS7mOWxnuWTgTwvdGg+Cjx0ZD7lsILnlKjmqLnohILoo73jgbjjgonjgIHjgq/jg4Pjgq/jg5bjg4Pjgq88L3RkPgo8L3RyPgo8L3RhYmxlPgoKPHAgY2xhc3M9ImNvbW1lbnRfYXJlYSI+4oC7IOWkluW9ouWvuOazleOBr+OAgemZtuadv+ODl+ODrOODvOODiOOCkuOCu+ODg+ODiOOBl+OBn+eKtuaFi+OBp+mZtuadv+OBteOBn+OCkuOBl+OBn+OBqOOBjeOBruOBiuOBiuOCiOOBneOBruaVsOWApOOBp+OBmeOAgjxiciAvPgo8L2Rpdj4=,R1JBTkQgWCDjgr/jgqTjgqzjg7wgSUgg6Zm25p2/54S844GN5ZmoIENSWC1BMTAwSyDpmbbmnb8g44OX44Os44O844OIIOOCsOODqeODs+OCqOODg+OCr+OCue+8muOCv+OCpOOCrOODvOmtlOazleeTtiDmpb3lpKnluILloLTlupc=,R1JBTkQgWCDjgr/jgqTjgqzjg7wgSUgg6Zm25p2/54S844GN5ZmoIENSWC1BMTAwSyDpmbbmnb8g44OX44Os44O844OIIOOCsOODqeODs+OCqOODg+OCr+OCuQ==,5pys54mp44Gu6Zm25p2/44GnJnJkcXVvO+eEvOOBjSZyZHF1bzvjgpLmpbXjgoHjgZ/mlrDjgZfjgYToqr/nkIblmajlhbfjgIJHUkFORCBYIOOCv+OCpOOCrOODvCBJSCDpmbbmnb/nhLzjgY3lmaggQ1JYLUExMDBLIOmZtuadvyDjg5fjg6zjg7zjg4gg44Kw44Op44Oz44Ko44OD44Kv44K5[rn]
29-48562,aHR0cDovL3RzaG9wLnIxMHMuanAvdGlnZXItb25saW5lL2NhYmluZXQvY3JjLWIxMDB0LmpwZz9maXRpbj03MDA6NzAw,NzIwMC4wMDAw,,5a626Zu7ID4g44Kt44OD44OB44Oz5a626Zu7ID4g44Ob44OD44OI44OX44Os44O844OI44O744Kw44Oq44Or44O744OV44Op44Kk44Ok44O8ID4g44Gf44GT54S844GN5Zmo,44K/44Kk44Ks44O86a2U5rOV55O2IOODm+ODg+ODiOODl+ODrOODvOODiCAgQ1JDLUIxMDBUIOODluODqeOCpuODsyDjgr/jgqTjgqzjg7wg5bmz6Z2i,6aOf5p2Q44Gr44GX44Gj44GL44KK44Go54ax44KS5Lyd44GI44KL6YGg6LWk5Zyf6Y2L44Kz44O844OG44Kj44Oz44Kw44Gu5bmz6Z2i44OX44Os44O844OI,PHN0eWxlPgo8IS0tIAouY29sb3JfYXJlYSwuaXRlbWluZm9fYXJlYSwuc3BlY19hcmVhewpmb250LWZhbWlseToi44Oh44Kk44Oq44KqIiwgIuODkuODqeOCruODjuinkuOCtCBQcm8gVzMiLCAiSGlyYWdpbm8gS2FrdSBHb3RoaWMgUHJvIiwgTWVpcnlvLCBPc2FrYSwgIu+8re+8syDvvLDjgrTjgrfjg4Pjgq8iLCAiTVMgUEdvdGhpYyIsIHNhbnMtc2VyaWY7Cn0KCi5jbGVhcnsKY2xlYXI6Ym90aDsKaGVpZ2h0OjBweDsKbWFyZ2luOjA7CnBhZGRpbmc6MDsKbGluZS1oZWlnaHQ6MCU7CmZvbnQtc2l6ZTowcHg7Cn0KcHsKbWFyZ2luOiAwOwpwYWRkaW5nOiAwOwp9Ci5jb2xvcl9hcmVhewp3aWR0aDogNzc1cHg7Cm1hcmdpbi1ib3R0b206IDIwcHg7Cn0KLmNvbG9yX2FyZWEgLmNvbG9yX3RpdGxlewp3aWR0aDogNzc1cHg7CnBhZGRpbmc6IDJweCAwIDA7Cm1hcmdpbi1ib3R0b206IDJweDsKY29sb3I6ICNGRkZGRkY7CmJhY2tncm91bmQ6ICNGRjU3MjU7CmRpc3BsYXk6IGJsb2NrOwp9Ci5jb2xvcl9hcmVhIC5jb2xvcl90aXRsZSBwewpwYWRkaW5nLWxlZnQ6IDdweDsKZm9udC1zaXplOiAxNnB4Owp9Ci5jb2xvcl9hcmVhIGltZ3sKYm9yZGVyOiBub25lOwptYXJnaW46IDA7CnBhZGRpbmc6IDA7CmRpc3BsYXk6IGJsb2NrOwp9Ci5jb2xvcl9hcmVhIGE6bGluaywKLmNvbG9yX2FyZWEgYTp2aXNpdGVkewpjb2xvcjogIzY2NkE3MjsKfQouY29sb3JfYXJlYSBhOmhvdmVyLAouY29sb3JfYXJlYSBhOmFjdGl2ZXsKY29sb3I6ICNGRjJFNTM7CnRleHQtZGVjb3JhdGlvbjogbm9uZTsKfQouY29sb3JfYXJlYSAuY29sb3JfaW5uZXJ7CndpZHRoOiAxNTBweDsKbWFyZ2luLXJpZ2h0OiA1cHg7CmZsb2F0OiBsZWZ0OwpkaXNwbGF5OiBpbmxpbmU7CmZvbnQtc2l6ZTogMTJweDsKdGV4dC1hbGlnbjogY2VudGVyOwp9Ci5jb2xvcl9hcmVhIC5sYXN0X2NoaWxkewptYXJnaW4tcmlnaHQ6IDA7Cn0KCi5pdGVtaW5mb19hcmVhIHRkLC5pdGVtaW5mb19hcmVhIHRoLnNwZWNfYXJlYSB0ZCwuc3BlY19hcmVhIHRoewpmb250LXNpemU6IDEwMCU7CmZvbnQtd2VpZ2h0OiBub3JtYWw7CmZvbnQtc3R5bGU6IG5vcm1hbDsKdGV4dC1hbGlnbjogbGVmdDsKdmVydGljYWwtYWxpZ246dG9wOwp9Cml0ZW1pbmZvX2FyZWEgdGFibGUsLnNwZWNfYXJlYSB0YWJsZXsKYm9yZGVyLWNvbGxhcHNlOiBjb2xsYXBzZTsKYm9yZGVyLXNwYWNpbmc6IDA7Cn0KaXRlbWluZm9fYXJlYSBpbWcsLnNwZWNfYXJlYSBpbWd7CmxpbmUtaGVpZ2h0OiAwOwpib3JkZXI6IDA7Cn0KLml0ZW1pbmZvX2FyZWF7CndpZHRoOiA3NzVweDsKbWFyZ2luLWJvdHRvbTogMzBweDsKfQouaXRlbWluZm9fYXJlYSBwewpmb250LXNpemU6IDEzcHg7Cn0KLml0ZW1pbmZvX2FyZWEgLml0ZW1pbmZvX3RpdGxlewp3aWR0aDogNzc1cHg7CnBhZGRpbmc6IDJweCAwIDA7Cm1hcmdpbi1ib3R0b206IDEwcHg7CmNvbG9yOiAjRkZGRkZGOwpiYWNrZ3JvdW5kOiAjNzg3ODc4Owp9Ci5pdGVtaW5mb19hcmVhIC5pdGVtaW5mb190aXRsZSBwewpwYWRkaW5nLWxlZnQ6IDdweDsKZm9udC1zaXplOiAxNnB4Owp9Cgouc3BlY19hcmVhewp3aWR0aDogNzc1cHg7Cn0KLnNwZWNfYXJlYSAuc3BlY190aXRsZXsKd2lkdGg6IDc3NXB4OwpwYWRkaW5nOiAycHggMCAwOwptYXJnaW4tYm90dG9tOiAzcHg7CmNvbG9yOiAjRkZGRkZGOwpiYWNrZ3JvdW5kOiAjRjkwMzJDOwpkaXNwbGF5OiBibG9jazsKfQouc3BlY19hcmVhIC5zcGVjX3RpdGxlIHB7CnBhZGRpbmctbGVmdDogN3B4Owpmb250LXNpemU6IDE2cHg7Cn0KLnNwZWNfYXJlYSB0YWJsZXsKd2lkdGg6IDc3NXB4OwptYXJnaW4tYm90dG9tOiA1cHg7Cn0KLnNwZWNfYXJlYSB0aHsKYm9yZGVyLXJpZ2h0OiAjRkZGRkZGIDJweCBzb2xpZDsKYm9yZGVyLWJvdHRvbTogI0ZGRkZGRiAycHggc29saWQ7CndpZHRoOiAyNjBweDsKZm9udC1zaXplOiAxM3B4Owpjb2xvcjogIzIwMjAyMDsKbGluZS1oZWlnaHQ6IDEuM2VtOwpwYWRkaW5nOiA1cHggN3B4IDNweDsKYmFja2dyb3VuZDogI0Y3REZFMzsKfQouc3BlY19hcmVhIHRkewpib3JkZXItYm90dG9tOiAjRkZGRkZGIDJweCBzb2xpZDsKZm9udC1zaXplOiAxM3B4Owpjb2xvcjogIzIwMjAyMDsKbGluZS1oZWlnaHQ6IDEuM2VtOwpwYWRkaW5nOiA1cHggN3B4IDNweDsKYmFja2dyb3VuZDogI0VCRUJFQjsKfQouc3BlY19hcmVhIHAuY29tbWVudF9hcmVhewpmb250LXNpemU6IDExcHg7CmNvbG9yOiAjRkEwMDJEOwp9Ci5zcGVjX2FyZWEgdGggc3Bhbiwuc3BlY19hcmVhIHRkIHNwYW57CmZvbnQtc2l6ZTogMTBweDsKY29sb3I6ICNGQTAwMkQ7Cn0KLnNwZWNfYXJlYSBzcGFuLmFzdGV7CmZvbnQtc2l6ZTogMTJweDsKY29sb3I6ICNGQTAwMkQ7Cn0KLS0+ICAKPC9zdHlsZT4KPGRpdiBjbGFzcz0iaXRlbWluZm9fYXJlYSI+CjxkaXYgY2xhc3M9Iml0ZW1pbmZvX3RpdGxlIj4KPHA+5ZWG5ZOB6Kqs5piOPC9wPgo8L2Rpdj4KPGRpdj4KPHAgc3R5bGU9Im1hcmdpbjowOyI+PHN0cm9uZz7jgr/jgqTjgqzjg7wg44Ob44OD44OI44OX44Os44O844OIIENSQy1CMzAwIOOBiuOBmeOBmeOCgeODneOCpOODs+ODiDwvc3Ryb25nPjxicj48YnI+Me+8ieOBneOCjOOBnuOCjOOBruODl+ODrOODvOODiOOBq+mBoOi1pOmVt+aMgeOBoeOCs+ODvOODhuOCo+ODs+OCsOOCkuaWveOBl+OAgemBoOi1pOWKueaenOODu+OBiuaJi+WFpeOCjOaAp+OCklVQ44CCPGJyPuOBleOCieOBq+W5s+mdouODl+ODrOODvOODiOOBq+OBr+Wcn+mNi+e0oOadkOOBrumBoOi1pOWcn+mNi+OCs+ODvOODhuOCo+ODs+OCsOOCkuaWveOBl+OAgemjn+adkOOBq+OBl+OBo+OBi+OCiuOBqOeGseOCkuS8neOBiOOBvuOBmeOAgjxicj48YnI+Mu+8ieiWhOWei+OBruODreODvOODleOCqeODq+ODoOOBp+S9v+OBhOWLneaJi+OBjOiJrzxicj48YnI+CjPvvInjgobjgajjgorjga7jgYLjgoszbeOCs+ODvOODieOBquOBruOBp+OAgeS9v+OBhOWgtOaJgOOBjOiHqueUseOBq+mBuOOBueOBvuOBmeOAgjxicj48YnI+PC9wPjwvZGl2Pgo8L2Rpdj4KCjxkaXYgY2xhc3M9InNwZWNfYXJlYSI+CjxkaXYgY2xhc3M9InNwZWNfdGl0bGUiPgo8cD7mqZ/og73poIXnm648L3A+CjwvZGl2Pgo8dGFibGUgY2VsbHBhZGRpbmc9IjAiIGNlbGxzcGFjaW5nPSIwIj4KPHRyPgo8dGg+5qmf56iu5ZCNPC90aD4KPHRkPkNSQy1CMTAwVDwvdGQ+CjwvdHI+Cjx0cj4KPHRoPuiJsuafhDwvdGg+Cjx0ZD7vvIhU77yJ44OW44Op44Km44OzPC90ZD4KPC90cj4KPHRyPgo8dGg+5pys5L2T44K144Kk44K677yI57SE77yJ77yI5bmFw5flpaXooYzjgY3Dl+mrmOOBle+8iTwvdGg+Cjx0ZD40OC40w5czNS44w5cxMi43Y208c3BhbiBzdHlsZT0iZm9udC1zaXplOjEwcHg7IGNvbG9yOiNGQTAwMkQ7Ij4o4oC7MSk8L3NwYW4+PGJyPjUzLjjDlzM1LjjDlzEyLjdjbTxzcGFuIHN0eWxlPSJmb250LXNpemU6MTBweDsgY29sb3I6I0ZBMDAyRDsiPijigLsyKTwvc3Bhbj48L3RkPgo8L3RyPgo8dHI+Cjx0aD7jg5fjg6zjg7zjg4jjgrXjgqTjgrrvvIjntITvvInvvIjluYXDl+WlpeihjOOBjcOX5rex44GV77yJPC90aD4KPHRkPuOAkOW5s+mdouODl+ODrOODvOODiOOAkTM1LjDDlzI4LjDDlzIuNGNtPC90ZD4KPC90cj4KPHRyPgo8dGg+5pys5L2T6LOq6YeP77yI57SE77yJPC90aD4KPHRkPjMuNWtnPC90ZD4KPC90cj4KPHRyPgo8dGg+5raI6LK76Zu75YqbPC90aD4KPHRkPjEyMDBXPC90ZD4KPC90cj4KPHRyPgo8dGg+5rip5bqm6Kq/56+A56+E5ZuyPC90aD4KPHRkPuS/nea4qe+9njI1MOW6pjwvdGQ+CjwvdHI+Cjx0cj4KPHRoPuODl+ODrOODvOODiOeorumhnjwvdGg+Cjx0ZD7lubPpnaLjg5fjg6zjg7zjg4g8L3RkPgo8L3RyPgo8dHI+Cjx0aD7kuLjmtJfjgYQ8L3RoPgo8dGQ+44OX44Os44O844OI44CB5pys5L2T44Ks44O844OJPC90ZD4KPC90cj4KPHRyPgo8dGg+6Zu75rqQPC90aD4KPHRkPjEwMFYgNTAvNjBIejwvdGQ+CjwvdHI+Cjx0cj4KPHRoPuOCs+ODvOODieOBrumVt+OBle+8iOe0hO+8iTwvdGg+Cjx0ZD4zLjBtPC90ZD4KPC90cj4KPHRyPgo8dGg+5LuY5bGe5ZOBPC90aD4KPHRkPuWwgueUqOmHkeWxnuOBuOOCiTwvdGQ+CjwvdHI+CjwvdGFibGU+Cgo8cCBjbGFzcz0iY29tbWVudF9hcmVhIj7igLsxIOW5s+mdouODl+ODrOODvOODiOOCkuOCu+ODg+ODiOOBl+OBn+eKtuaFi+OBp+OBteOBn+OCkuOBl+OBn+OBqOOBjeOBruaVsOWApOOBp+OBmeOAgjxiciAvPgo8cCBjbGFzcz0iY29tbWVudF9hcmVhIj7igLsyIOW5s+mdouODl+ODrOODvOODiOOCkuOCu+ODg+ODiOOBl+OBn+eKtuaFi+OBp+OBteOBn+OCkuOBl+OBpua4qeW6puiqv+evgOWZqOOCkuOCu+ODg+ODiOOBl+OBn+OBqOOBjeOBruaVsOWApOOBp+OBmeOAgjxiciAvPgo8L2Rpdj4=,44K/44Kk44Ks44O86a2U5rOV55O2IOODm+ODg+ODiOODl+ODrOODvOODiCAgQ1JDLUIxMDBUIOODluODqeOCpuODsyDjgr/jgqTjgqzjg7wg5bmz6Z2i77ya44K/44Kk44Ks44O86a2U5rOV55O2IOalveWkqeW4guWgtOW6lw==,44K/44Kk44Ks44O86a2U5rOV55O2IOODm+ODg+ODiOODl+ODrOODvOODiCAgQ1JDLUIxMDBUIOODluODqeOCpuODsyDjgr/jgqTjgqzjg7wg5bmz6Z2i,6aOf5p2Q44Gr44GX44Gj44GL44KK44Go54ax44KS5Lyd44GI44KL6YGg6LWk5Zyf6Y2L44Kz44O844OG44Kj44Oz44Kw44Gu5bmz6Z2i44OX44Os44O844OI44CC44K/44Kk44Ks44O86a2U5rOV55O2IOODm+ODg+ODiOODl+ODrOODvOODiCAgQ1JDLUIxMDBUIOODluODqeOCpuODsyDjgr/jgqTjgqzjg7wg5bmz6Z2i[rn]
29-48563,aHR0cDovL3RzaG9wLnIxMHMuanAvdGlnZXItb25saW5lL2NhYmluZXQvY3JjLWIzMDB0LmpwZz9maXRpbj03MDA6NzAw,MTA4MDAuMDAwMA==,,5a626Zu7ID4g44Kt44OD44OB44Oz5a626Zu7ID4g44Ob44OD44OI44OX44Os44O844OI44O744Kw44Oq44Or44O744OV44Op44Kk44Ok44O8ID4g44Gf44GT54S844GN5Zmo,44K/44Kk44Ks44O86a2U5rOV55O2IOODm+ODg+ODiOODl+ODrOODvOODiCDjgIzjgZPjgowx5Y+w44CNIDPmnprjg5fjg6zjg7zjg4ggQ1JDLUIzMDBUIOODluODqeOCpuODsyDjgr/jgqTjgqzjg7wg5rOi5Z6LIOW5s+mdoiDjgZ/jgZPnhLzjgY0=,44GT44KMMeWPsOOBp+OBleOBvuOBluOBvuOBquODrOOCt+ODlOOBjOalveOBl+OCgeOCizPmnprjgr/jgqTjg5fjga7jg5vjg4Pjg4jjg5fjg6zjg7zjg4g=,PHN0eWxlPgo8IS0tIAouY29sb3JfYXJlYSwuaXRlbWluZm9fYXJlYSwuc3BlY19hcmVhewpmb250LWZhbWlseToi44Oh44Kk44Oq44KqIiwgIuODkuODqeOCruODjuinkuOCtCBQcm8gVzMiLCAiSGlyYWdpbm8gS2FrdSBHb3RoaWMgUHJvIiwgTWVpcnlvLCBPc2FrYSwgIu+8re+8syDvvLDjgrTjgrfjg4Pjgq8iLCAiTVMgUEdvdGhpYyIsIHNhbnMtc2VyaWY7Cn0KCi5jbGVhcnsKY2xlYXI6Ym90aDsKaGVpZ2h0OjBweDsKbWFyZ2luOjA7CnBhZGRpbmc6MDsKbGluZS1oZWlnaHQ6MCU7CmZvbnQtc2l6ZTowcHg7Cn0KcHsKbWFyZ2luOiAwOwpwYWRkaW5nOiAwOwp9Ci5jb2xvcl9hcmVhewp3aWR0aDogNzc1cHg7Cm1hcmdpbi1ib3R0b206IDIwcHg7Cn0KLmNvbG9yX2FyZWEgLmNvbG9yX3RpdGxlewp3aWR0aDogNzc1cHg7CnBhZGRpbmc6IDJweCAwIDA7Cm1hcmdpbi1ib3R0b206IDJweDsKY29sb3I6ICNGRkZGRkY7CmJhY2tncm91bmQ6ICNGRjU3MjU7CmRpc3BsYXk6IGJsb2NrOwp9Ci5jb2xvcl9hcmVhIC5jb2xvcl90aXRsZSBwewpwYWRkaW5nLWxlZnQ6IDdweDsKZm9udC1zaXplOiAxNnB4Owp9Ci5jb2xvcl9hcmVhIGltZ3sKYm9yZGVyOiBub25lOwptYXJnaW46IDA7CnBhZGRpbmc6IDA7CmRpc3BsYXk6IGJsb2NrOwp9Ci5jb2xvcl9hcmVhIGE6bGluaywKLmNvbG9yX2FyZWEgYTp2aXNpdGVkewpjb2xvcjogIzY2NkE3MjsKfQouY29sb3JfYXJlYSBhOmhvdmVyLAouY29sb3JfYXJlYSBhOmFjdGl2ZXsKY29sb3I6ICNGRjJFNTM7CnRleHQtZGVjb3JhdGlvbjogbm9uZTsKfQouY29sb3JfYXJlYSAuY29sb3JfaW5uZXJ7CndpZHRoOiAxNTBweDsKbWFyZ2luLXJpZ2h0OiA1cHg7CmZsb2F0OiBsZWZ0OwpkaXNwbGF5OiBpbmxpbmU7CmZvbnQtc2l6ZTogMTJweDsKdGV4dC1hbGlnbjogY2VudGVyOwp9Ci5jb2xvcl9hcmVhIC5sYXN0X2NoaWxkewptYXJnaW4tcmlnaHQ6IDA7Cn0KCi5pdGVtaW5mb19hcmVhIHRkLC5pdGVtaW5mb19hcmVhIHRoLnNwZWNfYXJlYSB0ZCwuc3BlY19hcmVhIHRoewpmb250LXNpemU6IDEwMCU7CmZvbnQtd2VpZ2h0OiBub3JtYWw7CmZvbnQtc3R5bGU6IG5vcm1hbDsKdGV4dC1hbGlnbjogbGVmdDsKdmVydGljYWwtYWxpZ246dG9wOwp9Cml0ZW1pbmZvX2FyZWEgdGFibGUsLnNwZWNfYXJlYSB0YWJsZXsKYm9yZGVyLWNvbGxhcHNlOiBjb2xsYXBzZTsKYm9yZGVyLXNwYWNpbmc6IDA7Cn0KaXRlbWluZm9fYXJlYSBpbWcsLnNwZWNfYXJlYSBpbWd7CmxpbmUtaGVpZ2h0OiAwOwpib3JkZXI6IDA7Cn0KLml0ZW1pbmZvX2FyZWF7CndpZHRoOiA3NzVweDsKbWFyZ2luLWJvdHRvbTogMzBweDsKfQouaXRlbWluZm9fYXJlYSBwewpmb250LXNpemU6IDEzcHg7Cn0KLml0ZW1pbmZvX2FyZWEgLml0ZW1pbmZvX3RpdGxlewp3aWR0aDogNzc1cHg7CnBhZGRpbmc6IDJweCAwIDA7Cm1hcmdpbi1ib3R0b206IDEwcHg7CmNvbG9yOiAjRkZGRkZGOwpiYWNrZ3JvdW5kOiAjNzg3ODc4Owp9Ci5pdGVtaW5mb19hcmVhIC5pdGVtaW5mb190aXRsZSBwewpwYWRkaW5nLWxlZnQ6IDdweDsKZm9udC1zaXplOiAxNnB4Owp9Cgouc3BlY19hcmVhewp3aWR0aDogNzc1cHg7Cn0KLnNwZWNfYXJlYSAuc3BlY190aXRsZXsKd2lkdGg6IDc3NXB4OwpwYWRkaW5nOiAycHggMCAwOwptYXJnaW4tYm90dG9tOiAzcHg7CmNvbG9yOiAjRkZGRkZGOwpiYWNrZ3JvdW5kOiAjRjkwMzJDOwpkaXNwbGF5OiBibG9jazsKfQouc3BlY19hcmVhIC5zcGVjX3RpdGxlIHB7CnBhZGRpbmctbGVmdDogN3B4Owpmb250LXNpemU6IDE2cHg7Cn0KLnNwZWNfYXJlYSB0YWJsZXsKd2lkdGg6IDc3NXB4OwptYXJnaW4tYm90dG9tOiA1cHg7Cn0KLnNwZWNfYXJlYSB0aHsKYm9yZGVyLXJpZ2h0OiAjRkZGRkZGIDJweCBzb2xpZDsKYm9yZGVyLWJvdHRvbTogI0ZGRkZGRiAycHggc29saWQ7CndpZHRoOiAyNjBweDsKZm9udC1zaXplOiAxM3B4Owpjb2xvcjogIzIwMjAyMDsKbGluZS1oZWlnaHQ6IDEuM2VtOwpwYWRkaW5nOiA1cHggN3B4IDNweDsKYmFja2dyb3VuZDogI0Y3REZFMzsKfQouc3BlY19hcmVhIHRkewpib3JkZXItYm90dG9tOiAjRkZGRkZGIDJweCBzb2xpZDsKZm9udC1zaXplOiAxM3B4Owpjb2xvcjogIzIwMjAyMDsKbGluZS1oZWlnaHQ6IDEuM2VtOwpwYWRkaW5nOiA1cHggN3B4IDNweDsKYmFja2dyb3VuZDogI0VCRUJFQjsKfQouc3BlY19hcmVhIHAuY29tbWVudF9hcmVhewpmb250LXNpemU6IDExcHg7CmNvbG9yOiAjRkEwMDJEOwp9Ci5zcGVjX2FyZWEgdGggc3Bhbiwuc3BlY19hcmVhIHRkIHNwYW57CmZvbnQtc2l6ZTogMTBweDsKY29sb3I6ICNGQTAwMkQ7Cn0KLnNwZWNfYXJlYSBzcGFuLmFzdGV7CmZvbnQtc2l6ZTogMTJweDsKY29sb3I6ICNGQTAwMkQ7Cn0KLS0+ICAKPC9zdHlsZT4KPGRpdiBjbGFzcz0iaXRlbWluZm9fYXJlYSI+CjxkaXYgY2xhc3M9Iml0ZW1pbmZvX3RpdGxlIj4KPHA+5ZWG5ZOB6Kqs5piOPC9wPgo8L2Rpdj4KPGRpdj4KPHAgc3R5bGU9Im1hcmdpbjowOyI+PHN0cm9uZz7jgr/jgqTjgqzjg7wg44Ob44OD44OI44OX44Os44O844OIIENSQy1CMzAwIOOBiuOBmeOBmeOCgeODneOCpOODs+ODiDwvc3Ryb25nPjxicj48YnI+Me+8ieOBleOBvuOBluOBvuOBquODrOOCt+ODlOOBjOalveOBl+OCgeOCi+eptOOBguOBjeODu+azouWei+OAgeW5s+mdouOAgeOBn+OBk+eEvOOBjeOBrjPmnprjg5fjg6zjg7zjg4jjgr/jgqTjg5c8YnI+PGJyPjLvvInjgZ3jgozjgZ7jgozjga7jg5fjg6zjg7zjg4jjgavpgaDotaTplbfmjIHjgaHjgrPjg7zjg4bjgqPjg7PjgrDjgpLmlr3jgZfjgIHpgaDotaTlirnmnpzjg7vjgYrmiYvlhaXjgozmgKfjgpJVUOOAgjxicj4K44GV44KJ44Gr5bmz6Z2i44OX44Os44O844OI44Gr44Gv5Zyf6Y2L57Sg5p2Q44Gu6YGg6LWk5Zyf6Y2L44Kz44O844OG44Kj44Oz44Kw44KS5pa944GX44CB6aOf5p2Q44Gr44GX44Gj44GL44KK44Go54ax44KS5Lyd44GI44G+44GZ44CCPGJyPjxicj4KM++8ieOChuOBqOOCiuOBruOBguOCizNt44Kz44O844OJ44Gq44Gu44Gn44CB5L2/44GE5aC05omA44GM6Ieq55Sx44Gr6YG444G544G+44GZ44CCPGJyPjxicj48L3A+PC9kaXY+CjwvZGl2PgoKPGRpdiBjbGFzcz0ic3BlY19hcmVhIj4KPGRpdiBjbGFzcz0ic3BlY190aXRsZSI+CjxwPuapn+iDvemgheebrjwvcD4KPC9kaXY+Cjx0YWJsZSBjZWxscGFkZGluZz0iMCIgY2VsbHNwYWNpbmc9IjAiPgo8dHI+Cjx0aD7mqZ/nqK7lkI08L3RoPgo8dGQ+Q1JDLUIzMDBUPC90ZD4KPC90cj4KPHRyPgo8dGg+6Imy5p+EPC90aD4KPHRkPu+8iFTvvInjg5bjg6njgqbjg7M8L3RkPgo8L3RyPgo8dHI+Cjx0aD7mnKzkvZPjgrXjgqTjgrrvvIjntITvvInvvIjluYXDl+WlpeihjOOBjcOX6auY44GV77yJPC90aD4KPHRkPjQ4LjTDlzM1LjjDlzEyLjdjbTxzcGFuIHN0eWxlPSJmb250LXNpemU6MTBweDsgY29sb3I6I0ZBMDAyRDsiPijigLsxKTwvc3Bhbj48YnI+NTMuOMOXMzUuOMOXMTIuN2NtPHNwYW4gc3R5bGU9ImZvbnQtc2l6ZToxMHB4OyBjb2xvcjojRkEwMDJEOyI+KOKAuzIpPC9zcGFuPjwvdGQ+CjwvdHI+Cjx0cj4KPHRoPuODl+ODrOODvOODiOOCteOCpOOCuu+8iOe0hO+8ie+8iOW5hcOX5aWl6KGM44GNw5fmt7HjgZXvvIk8L3RoPgo8dGQ+44CQ5bmz6Z2i44OX44Os44O844OI44CRMzUuMMOXMjguMMOXMi40Y208YnI+44CQ5rOi5b2i44OX44Os44O844OI44CRMzUuMMOXMjguNcOXMi4yY208YnI+44CQ44Gf44GT54S844GN44OX44Os44O844OI44CRMzUuMMOXMjcuNsOXMS41Y208L3RkPgo8L3RyPgo8dHI+Cjx0aD7mnKzkvZPos6rph4/vvIjntITvvIk8L3RoPgo8dGQ+Ni4wa2c8L3RkPgo8L3RyPgo8dHI+Cjx0aD7mtojosrvpm7vlips8L3RoPgo8dGQ+MTIwMFc8L3RkPgo8L3RyPgo8dHI+Cjx0aD7muKnluqboqr/nr4Dnr4Tlm7I8L3RoPgo8dGQ+5L+d5rip772eMjUw5bqmPC90ZD4KPC90cj4KPHRyPgo8dGg+44OX44Os44O844OI56iu6aGePC90aD4KPHRkPuW5s+mdouODl+ODrOODvOODiOOAgeeptOOBguOBjeODu+azouW9ouODl+ODrOODvOODiOOAgeOBn+OBk+eEvOOBjeODl+ODrOODvOODiDwvdGQ+CjwvdHI+Cjx0cj4KPHRoPuS4uOa0l+OBhDwvdGg+Cjx0ZD7jg5fjg6zjg7zjg4jjgIHmnKzkvZPjgqzjg7zjg4k8L3RkPgo8L3RyPgo8dHI+Cjx0aD7pm7vmupA8L3RoPgo8dGQ+MTAwViA1MC82MEh6PC90ZD4KPC90cj4KPHRyPgo8dGg+44Kz44O844OJ44Gu6ZW344GV77yI57SE77yJPC90aD4KPHRkPjMuMG08L3RkPgo8L3RyPgo8dHI+Cjx0aD7ku5jlsZ7lk4E8L3RoPgo8dGQ+5bCC55So6YeR5bGe44G444KJPC90ZD4KPC90cj4KPC90YWJsZT4KCjxwIGNsYXNzPSJjb21tZW50X2FyZWEiPuKAuzEg5bmz6Z2i44OX44Os44O844OI44KS44K744OD44OI44GX44Gf54q25oWL44Gn44G144Gf44KS44GX44Gf44Go44GN44Gu5pWw5YCk44Gn44GZ44CCPGJyIC8+CjxwIGNsYXNzPSJjb21tZW50X2FyZWEiPuKAuzIg5bmz6Z2i44OX44Os44O844OI44KS44K744OD44OI44GX44Gf54q25oWL44Gn44G144Gf44KS44GX44Gm5rip5bqm6Kq/56+A5Zmo44KS44K744OD44OI44GX44Gf44Go44GN44Gu5pWw5YCk44Gn44GZ44CCPGJyIC8+CjwvZGl2Pg==,44K/44Kk44Ks44O86a2U5rOV55O2IOODm+ODg+ODiOODl+ODrOODvOODiCDjgIzjgZPjgowx5Y+w44CNIDPmnprjg5fjg6zjg7zjg4ggQ1JDLUIzMDBUIOODluODqeOCpuODsyDjgr/jgqTjgqzjg7wg5rOi5Z6LIOW5s+mdoiDjgZ/jgZPnhLzjgY3vvJrjgr/jgqTjgqzjg7zprZTms5Xnk7Yg5qW95aSp5biC5aC05bqX,44K/44Kk44Ks44O86a2U5rOV55O2IOODm+ODg+ODiOODl+ODrOODvOODiCDjgIzjgZPjgowx5Y+w44CNIDPmnprjg5fjg6zjg7zjg4ggQ1JDLUIzMDBUIOODluODqeOCpuODsyDjgr/jgqTjgqzjg7wg5rOi5Z6LIOW5s+mdoiDjgZ/jgZPnhLzjgY0=,44GT44KMMeWPsOOBp+OBleOBvuOBluOBvuOBquODrOOCt+ODlOOBjOalveOBl+OCgeOCizPmnprjgr/jgqTjg5fjga7jg5vjg4Pjg4jjg5fjg6zjg7zjg4jjgILjgr/jgqTjgqzjg7zprZTms5Xnk7Yg44Ob44OD44OI44OX44Os44O844OIIOOAjOOBk+OCjDHlj7DjgI0gM+aemuODl+ODrOODvOODiCBDUkMtQjMwMFQg44OW44Op44Km44OzIOOCv+OCpOOCrOODvCDms6Llnosg5bmz6Z2iIOOBn+OBk+eEvOOBjQ==[rn]
29-48564,aHR0cDovL3RzaG9wLnIxMHMuanAvZ291cm1ldGNvZmZlZS9jYWJpbmV0LzE0MDAvMTQ1NS1pdGVtMDEuanBnP2ZpdGluPTcwMDo3MDA=,Mzk5OS4yMDAw,,5a626Zu7ID4g44Kt44OD44OB44Oz5a626Zu7ID4g44Kz44O844OS44O844Oh44O844Kr44O844O744Ko44K544OX44Os44OD44K944Oe44K344OzID4g6Zu75YuV44Kz44O844OS44O844Of44Or,KEc1MDAp44Kz44O844OS44O844Kw44Op44Kk44Oz44OA44O85LuY56aP6KKLNzY2MEpQL+ODqeODg+OCu+ODq+ODm+ODluOCuS9SdXNzZWxsIEhvYmJzL+OCs+ODvOODkuODvOODn+ODqy/nj4jnkLLosYYv44Kw44Or44Oh44Kz44O844OS44O86LGG5bCC6ZaA5Yqg6Jek54+I55Cy5bqX,,PGRpdiBpZD0iaXRlbS1kZXRhaWwiPuOCs+ODvOODkuODvOOCsOODqeOCpOODs+ODgOODvOOBr+efreaZgumWk+aTjeS9nOOBp+a6gOi2s+OBquS7leS4iuOBjOOCiuOAgeeyieOCkuOBk+OBvOOBleOBmuODleOCo+ODq+OCv+ODvOOBuOenu+OBm+OBvuOBmeOAguOCs+ODs+ODkeOCr+ODiOOCv+OCpOODl+OBp+OBguOCiuOBquOBjOOCiTE1MFfjga7jg4/jgqTjg5Hjg6/jg7zjg6Ljg7zjgr/jg7zjgpLmkK3ovInvvIHkuK3mjL3jgY3jgarjgolNQVg2MGcoN++9njjmna/liIYp44Gn44KC57SEMTDnp5LjgafmjL3jgY/jgZPjgajjgYzjgafjgY3jgb7jgZnjgIIgPGJyPgrilqDjgrTjg7zjg6vjg4fjg7Pjg5bjg6zjg7Pjg4njgrPjg7zjg5Ljg7wvNTAwZzxicj4K4pag44Kz44O844OS44O844Kw44Op44Kk44Oz44OA44O844CANzY2MEpQLzHlj7A8YnI+Cumbu+a6kDoxMDBWIDUwLzYwSHo8YnI+Cua2iOiyu+mbu+WKmzoxNTBXPGJyPgrjgrXjgqTjgro6VzEyLjV4RDEyLjV4SDIxLjVjbTxicj4K6YeN6YePOjEuMWtnPGJyPgrjgrPjg7zjg4njga7plbfjgZU6MS4zbTxicj4K5p2Q6LOqOkFT5qi56ISC44O744K544OG44Oz44Os44K5PGJyPgrku5jlsZ7lk4E65o6D6Zmk55So44OW44Op44K3PGJyPgrlrprmoLzmmYLplpM6MzDnp5I8YnI+CuacgOWkp+WuuemHjzo2MO+9hyA8L2Rpdj4KPGRpdiBpZD0iaXRlbS1zaGlwcGluZyI+44CQ6YCB5paZ54Sh5paZIOmAgeaWmei+vOOAkTxicj4K4oC75YyX5rW36YGT44O75rKW57iE44O75LiA6YOo6Zui5bO244Gv5Yil6YCUMzUw5YaG77yI56iO5Yil77yJ6aCC5oi06Ie044GX44G+44GZ44CCPGJyPgrigLvmtbflpJbnmbrpgIHjgavjgaTjgY3jgb7jgZfjgabjga/np4HjganjgoLjgYvjgonjga7norroqo3jg6Hjg7zjg6vjgavjgabjgYrnorrjgYvjgoHkuIvjgZXjgYTjgII8YnI+CuKAu+S7o+mHkeW8leaPm+OBrzMwMOWGhu+8iOeojuWIpe+8ieOBruaJi+aVsOaWmeOBjOOBi+OBi+OCiuOBvuOBmeOAgjxicj7ih5LoqbPjgZfjgY/jga/jgZPjgaHjgok8L2Rpdj4KCjxkaXYgaWQ9Iml0ZW0tY2F1dGlvbiI+54+I55Cy6LGG44Gv44CMIOixhuOBruOBvuOBvuOAjeOBp+OBruOBiuWxiuOBkeOBqOOBquOCiuOBvuOBmeOAgjwvZGl2Pgo8ZGl2IGlkPSJpdGVtLW90aGVyIj7jg7vkvJrnpL7mpoLopoHjgIDjg7vjgYrmlK/miZXmlrnms5XjgajpgIHmlpnjgIDjg7vov5Tlk4HkuqTmj5s8YnI+44O75Ya36JS15L6/44Gn44Gu44GK5bGK44GR44KS44GU5biM5pyb44Gu5pa544Gv44GT44Gh44KJ44KS44Kv44Oq44OD44Kv77yBPGJyPuODu+WMheijheOAgeWMlueyp+euseOAgee0meiii+OAgeOCouODreODnuODluODrOOCueiii+OCkuOBlOWFpeeUqOOBruaWueOBr+OBk+OBoeOCieOCkuOCr+ODquODg+OCr++8gTxicj48YnI+44CQ5Yqg6Jek54+I55Cy5bqX576O5ZGz44GX44GV44Gu56eY6Kij44CR56eB44Gp44KC44Gu44Kz44O844OS44O86LGG44Gv44CB44Gd44Gu55Sj5Zyw44CB5qC95Z+555Kw5aKD44KS6YeN6KaW44GZ44KL44Gg44GR44Gn44Gq44GP44CB44Kz44O844OS44O86LGG44Gu5oyB44Gk5YCL5oCn44KS5aSn5YiH44Gr5byV44GN5Ye644GX44Gf44CB44K144O844OJ44Km44Kn44O844OW44Kz44O844OS44O844Gn44GZ44CC6YG444KK44GZ44GQ44KK44Gu44Ki44Op44OT44Kr56iu44KSMTAw77yF5L2/55So44Gr44GT44Gg44KP44KK44CB44Kr44ON44OV44Kp44Op56iu77yI44Ot44OW44K544K/56iu77yJ44Gv5LiA5YiH5L2/55So44GX44Gm44GE44G+44Gb44KT44CC6aKo5ZGz6KmV5L6h44Gu6auY44GE44K544Oa44K344Oj44Or44OG44Kj44Kz44O844OS44O844KS5L2/55So44GX44Gm44GE44G+44GZ44CC5ZOB6LOq44GM6Imv44GE44Gu44Gn44CB44Gp44Gq44Gf44GM5re544KM44Gm44KC576O5ZGz44GX44GE54+I55Cy44Gn44GZ44CCPC9kaXY+PCEtLTx0YWJsZSB3aWR0aD0iNzUwIiBib3JkZXI9IjAiIGNlbGxzcGFjaW5nPSIwIiBjZWxscGFkZGluZz0iMCI+CiAgPHRyPgogICAgPHRkIHdpZHRoPSIyMDAiPgo8ZGl2IHN0eWxlPSJoZWlnaHQ6NDAwcHg7IHdpZHRoOjE4MHB4OyBvdmVyZmxvdzpoaWRkZW47IG1hcmdpbjowOyBwYWRkaW5nOjAiPgo8aW1nIHNyYz0iaHR0cDovL3d3dy5yYWt1dGVuLm5lLmpwL2dvbGQvZ291cm1ldGNvZmZlZS9vcmRlcnMvcmFua2luMXMucG5nIiB3aWR0aD0iMTgwIj48YnIgLz4KPC9kaXY+CgoKCjwvdGQ+CiAgICA8dGQgd2lkdGg9IjU1MCI+CjxkaXYgc3R5bGU9ImhlaWdodDo0MDBweDsgb3ZlcmZsb3c6aGlkZGVuOyBtYXJnaW46MDsgcGFkZGluZzowIj4KPGltZyBzcmM9Imh0dHA6Ly93d3cucmFrdXRlbi5uZS5qcC9nb2xkL2dvdXJtZXRjb2ZmZWUvb3JkZXJzL2xpdmUucG5nIiB3aWR0aD0iNTUwIj48YnIgLz4KPC9kaXY+CjwvdGQ+CiAgPC90cj4KPC90YWJsZT4tLT4=,KEc1MDAp44Kz44O844OS44O844Kw44Op44Kk44Oz44OA44O85LuY56aP6KKLNzY2MEpQL+ODqeODg+OCu+ODq+ODm+ODluOCuS9SdXNzZWxsIEhvYmJzL+OCs+ODvOODkuODvOODn+ODqy/nj4jnkLLosYYv44Kw44Or44Oh44Kz44O844OS44O86LGG5bCC6ZaA5Yqg6Jek54+I55Cy5bqX77ya44Kw44Or44Oh44Kz44O844OS44O86LGG5bCC6ZaA77yB5Yqg6Jek54+I55Cy5bqX,44Kz44O844OS44O854+I55Cy54+I55Cy6LGG44Kz44O844OS44O86LGGY29mZmVl44Kz44O844OS44O85bCC6ZaA5bqX44Kr44OD44OX44Kq44OW44Ko44Kv44K744Os44Oz44K544OJ44Oq44OD44OX44Kz44O844OS44O844OJ44Oq44OD44OX54+I55Cy44OJ44Oq44OD44OX44OQ44OD44Kv44Kz44O844OS44O844OJ44Oq44OD44OX44OR44OD44Kv44Kz44O844OS44O844Of44Or44Kz44O844OS44O844Oh44O844Kr44O844OJ44Oq44OD44OX44Kr44OV44Kn44Kk44Oz44Os44K544OO44Oz44Kr44OV44Kn44Kk44Oz44Oq44Kt44OD44OJ44Kz44O844OS44O844Oq44Kt44OD44OJ54+I55Cy5rC05Ye644GX5rC05Ye644GX54+I55CyKEc1MDAp44Kz44O844OS44O844Kw44Op44Kk44Oz44OA44O85LuY56aP6KKLNzY2MEpQL+ODqeODg+OCu+ODq+ODm+ODluOCuS9SdXNzZWxsIEhvYmJzL+OCs+ODvOODkuODvOODn+ODqy/nj4jnkLLosYYv44Kw44Or44Oh44Kz44O844OS44O86LGG5bCC6ZaA5Yqg6Jek54+I55Cy5bqX,KEc1MDAp44Kz44O844OS44O844Kw44Op44Kk44Oz44OA44O85LuY56aP6KKLNzY2MEpQL+ODqeODg+OCu+ODq+ODm+ODluOCuS9SdXNzZWxsIEhvYmJzL+OCs+ODvOODkuODvOODn+ODqy/nj4jnkLLosYYv44Kw44Or44Oh44Kz44O844OS44O86LGG5bCC6ZaA5Yqg6Jek54+I55Cy5bqX[rn]
29-48565,aHR0cDovL3RzaG9wLnIxMHMuanAvZ291cm1ldGNvZmZlZS9jYWJpbmV0LzE0MDAvMTQ1NC1pdGVtMDEuanBnP2ZpdGluPTcwMDo3MDA=,MzU4NC4wMDAw,,5a626Zu7ID4g44Kt44OD44OB44Oz5a626Zu7ID4g44Kz44O844OS44O844Oh44O844Kr44O844O744Ko44K544OX44Os44OD44K944Oe44K344OzID4g6Zu75YuV44Kz44O844OS44O844Of44Or,44Kz44O844OS44O844Kw44Op44Kk44Oz44OA44O8NzY2MEpQL+ODqeODg+OCu+ODq+ODm+ODluOCuS9SdXNzZWxsIEhvYmJzL+OCs+ODvOODkuODvOODn+ODqy/jgrDjg6vjg6HjgrPjg7zjg5Ljg7zosYblsILploDliqDol6Tnj4jnkLLlupc=,,PGRpdiBpZD0iaXRlbS1kZXRhaWwiPuOCs+ODvOODkuODvOOCsOODqeOCpOODs+ODgOODvOOBr+efreaZgumWk+aTjeS9nOOBp+a6gOi2s+OBquS7leS4iuOBjOOCiuOAgeeyieOCkuOBk+OBvOOBleOBmuODleOCo+ODq+OCv+ODvOOBuOenu+OBm+OBvuOBmeOAguOCs+ODs+ODkeOCr+ODiOOCv+OCpOODl+OBp+OBguOCiuOBquOBjOOCiTE1MFfjga7jg4/jgqTjg5Hjg6/jg7zjg6Ljg7zjgr/jg7zjgpLmkK3ovInvvIHkuK3mjL3jgY3jgarjgolNQVg2MGcoN++9njjmna/liIYp44Gn44KC57SEMTDnp5LjgafmjL3jgY/jgZPjgajjgYzjgafjgY3jgb7jgZnjgIIgPGJyPgrpm7vmupA6MTAwViA1MC82MEh6PGJyPgrmtojosrvpm7vlips6MTUwVzxicj4K44K144Kk44K6OlcxMi41eEQxMi41eEgyMS41Y208YnI+CumHjemHjzoxLjFrZzxicj4K44Kz44O844OJ44Gu6ZW344GVOjEuM208YnI+CuadkOizqjpBU+aoueiEguODu+OCueODhuODs+ODrOOCuTxicj4K5LuY5bGe5ZOBOuaOg+mZpOeUqOODluODqeOCtzxicj4K5a6a5qC85pmC6ZaTOjMw56eSPGJyPgrmnIDlpKflrrnph486NjDvvYcgPC9kaXY+CjxkaXYgaWQ9Iml0ZW0tc2hpcHBpbmciPuOAkOmAgeaWmeeEoeaWmSDpgIHmlpnovrzjgJE8YnI+CuKAu+WMl+a1t+mBk+ODu+aylue4hOODu+S4gOmDqOmbouWztuOBr+WIpemAlDM1MOWGhu+8iOeojuWIpe+8iemgguaItOiHtOOBl+OBvuOBmeOAgjxicj4K4oC75rW35aSW55m66YCB44Gr44Gk44GN44G+44GX44Gm44Gv56eB44Gp44KC44GL44KJ44Gu56K66KqN44Oh44O844Or44Gr44Gm44GK56K644GL44KB5LiL44GV44GE44CCPGJyPgrigLvku6Pph5HlvJXmj5vjga8zMDDlhobvvIjnqI7liKXvvInjga7miYvmlbDmlpnjgYzjgYvjgYvjgorjgb7jgZnjgII8YnI+4oeS6Kmz44GX44GP44Gv44GT44Gh44KJPC9kaXY+CjwhLS0KPGRpdiBpZD0iaXRlbS1jYXV0aW9uIj7nj4jnkLLosYbjga/jgIwg6LGG44Gu44G+44G+44CN44Gn44Gu44GK5bGK44GR44Go44Gq44KK44G+44GZ44CCPC9kaXY+LS0+CjxkaXYgaWQ9Iml0ZW0tb3RoZXIiPuODu+S8muekvuamguimgeOAgOODu+OBiuaUr+aJleaWueazleOBqOmAgeaWmeOAgOODu+i/lOWTgeS6pOaPmzxicj7jg7vlhrfolLXkvr/jgafjga7jgYrlsYrjgZHjgpLjgZTluIzmnJvjga7mlrnjga/jgZPjgaHjgonjgpLjgq/jg6rjg4Pjgq/vvIE8YnI+44O75YyF6KOF44CB5YyW57Kn566x44CB57SZ6KKL44CB44Ki44Ot44Oe44OW44Os44K56KKL44KS44GU5YWl55So44Gu5pa544Gv44GT44Gh44KJ44KS44Kv44Oq44OD44Kv77yBPGJyPjxicj7jgJDliqDol6Tnj4jnkLLlupfnvo7lkbPjgZfjgZXjga7np5joqKPjgJHnp4HjganjgoLjga7jgrPjg7zjg5Ljg7zosYbjga/jgIHjgZ3jga7nlKPlnLDjgIHmoL3ln7nnkrDlooPjgpLph43oppbjgZnjgovjgaDjgZHjgafjgarjgY/jgIHjgrPjg7zjg5Ljg7zosYbjga7mjIHjgaTlgIvmgKfjgpLlpKfliIfjgavlvJXjgY3lh7rjgZfjgZ/jgIHjgrXjg7zjg4njgqbjgqfjg7zjg5bjgrPjg7zjg5Ljg7zjgafjgZnjgILpgbjjgorjgZnjgZDjgorjga7jgqLjg6njg5PjgqvnqK7jgpIxMDDvvIXkvb/nlKjjgavjgZPjgaDjgo/jgorjgIHjgqvjg43jg5Xjgqnjg6nnqK7vvIjjg63jg5bjgrnjgr/nqK7vvInjga/kuIDliIfkvb/nlKjjgZfjgabjgYTjgb7jgZvjgpPjgILpoqjlkbPoqZXkvqHjga7pq5jjgYTjgrnjg5rjgrfjg6Pjg6vjg4bjgqPjgrPjg7zjg5Ljg7zjgpLkvb/nlKjjgZfjgabjgYTjgb7jgZnjgILlk4Hos6rjgYzoia/jgYTjga7jgafjgIHjganjgarjgZ/jgYzmt7njgozjgabjgoLnvo7lkbPjgZfjgYTnj4jnkLLjgafjgZnjgII8L2Rpdj48IS0tPHRhYmxlIHdpZHRoPSI3NTAiIGJvcmRlcj0iMCIgY2VsbHNwYWNpbmc9IjAiIGNlbGxwYWRkaW5nPSIwIj4KICA8dHI+CiAgICA8dGQgd2lkdGg9IjIwMCI+CjxkaXYgc3R5bGU9ImhlaWdodDo0MDBweDsgd2lkdGg6MTgwcHg7IG92ZXJmbG93OmhpZGRlbjsgbWFyZ2luOjA7IHBhZGRpbmc6MCI+CjxpbWcgc3JjPSJodHRwOi8vd3d3LnJha3V0ZW4ubmUuanAvZ29sZC9nb3VybWV0Y29mZmVlL29yZGVycy9yYW5raW4xcy5wbmciIHdpZHRoPSIxODAiPjxiciAvPgo8L2Rpdj4KCgoKPC90ZD4KICAgIDx0ZCB3aWR0aD0iNTUwIj4KPGRpdiBzdHlsZT0iaGVpZ2h0OjQwMHB4OyBvdmVyZmxvdzpoaWRkZW47IG1hcmdpbjowOyBwYWRkaW5nOjAiPgo8aW1nIHNyYz0iaHR0cDovL3d3dy5yYWt1dGVuLm5lLmpwL2dvbGQvZ291cm1ldGNvZmZlZS9vcmRlcnMvbGl2ZS5wbmciIHdpZHRoPSI1NTAiPjxiciAvPgo8L2Rpdj4KPC90ZD4KICA8L3RyPgo8L3RhYmxlPi0tPg==,44Kz44O844OS44O844Kw44Op44Kk44Oz44OA44O8NzY2MEpQL+ODqeODg+OCu+ODq+ODm+ODluOCuS9SdXNzZWxsIEhvYmJzL+OCs+ODvOODkuODvOODn+ODqy/jgrDjg6vjg6HjgrPjg7zjg5Ljg7zosYblsILploDliqDol6Tnj4jnkLLlupfvvJrjgrDjg6vjg6HjgrPjg7zjg5Ljg7zosYblsILploDvvIHliqDol6Tnj4jnkLLlupc=,44Kz44O844OS44O854+I55Cy54+I55Cy6LGG44Kz44O844OS44O86LGGY29mZmVl44Kz44O844OS44O85bCC6ZaA5bqX44Kr44OD44OX44Kq44OW44Ko44Kv44K744Os44Oz44K544OJ44Oq44OD44OX44Kz44O844OS44O844OJ44Oq44OD44OX54+I55Cy44OJ44Oq44OD44OX44OQ44OD44Kv44Kz44O844OS44O844OJ44Oq44OD44OX44OR44OD44Kv44Kz44O844OS44O844Of44Or44Kz44O844OS44O844Oh44O844Kr44O844OJ44Oq44OD44OX44Kr44OV44Kn44Kk44Oz44Os44K544OO44Oz44Kr44OV44Kn44Kk44Oz44Oq44Kt44OD44OJ44Kz44O844OS44O844Oq44Kt44OD44OJ54+I55Cy5rC05Ye644GX5rC05Ye644GX54+I55Cy44Kz44O844OS44O844Kw44Op44Kk44Oz44OA44O8NzY2MEpQL+ODqeODg+OCu+ODq+ODm+ODluOCuS9SdXNzZWxsIEhvYmJzL+OCs+ODvOODkuODvOODn+ODqy/jgrDjg6vjg6HjgrPjg7zjg5Ljg7zosYblsILploDliqDol6Tnj4jnkLLlupc=,44Kz44O844OS44O844Kw44Op44Kk44Oz44OA44O8NzY2MEpQL+ODqeODg+OCu+ODq+ODm+ODluOCuS9SdXNzZWxsIEhvYmJzL+OCs+ODvOODkuODvOODn+ODqy/jgrDjg6vjg6HjgrPjg7zjg5Ljg7zosYblsILploDliqDol6Tnj4jnkLLlupc=[rn]
29-48566,aHR0cDovL3RzaG9wLnIxMHMuanAvZ291cm1ldGNvZmZlZS9jYWJpbmV0LzE0MDAvMTQ0NS1pdGVtMDEuanBnP2ZpdGluPTcwMDo3MDA=,MzAwMC4wMDAw,,5a626Zu7ID4g44Kt44OD44OB44Oz5a626Zu7ID4g44Kz44O844OS44O844Oh44O844Kr44O844O744Ko44K544OX44Os44OD44K944Oe44K344OzID4g6Zu75YuV44Kz44O844OS44O844Of44Or,44OP44Oq44Kq44O744K744Op44Of44OD44Kv44Kz44O844OS44O844Of44Or44K544Kx44Or44OI44Oz5LuY54+I55Cy56aP6KKLW0cyMDDjg7vpr7EyMDAv5ZCEMjAwZ10v44KzLeODki0v44Kz44O844OS44O86LGGL+OCsOODq+ODoeOCs+ODvOODkuODvOixhuWwgumWgOWKoOiXpOePiOeQsuW6lw==,44Kz44O844OS44O844Of44Or5LuYL+OCsy3jg5ItL+OCs+ODvOODkuODvOixhg==,PHRhYmxlIGJvcmRlckNvbG9yPSNDMEMwQzAgY2VsbFNwYWNpbmc9MCBjZWxsUGFkZGluZz0zIHdpZHRoPTM4MCBib3JkZXI9MSBzdHlsZT1ib3JkZXItY29sbGFwc2U6IGNvbGxhcHNlPjx0cj48dGQgYmdDb2xvcj0jRUZFRkVGIGNsYXNzPXR4Puips+e0sDwvdGQ+PC90cj48dHI+PHRkIGNsYXNzPXR4PuOCs+ODvOODkuODvCDjg5/jg6vjgafmjL3jgY3jgZ/jgabjga7pppnjgorjgpLmpb3jgZfjgoLjgYbimarmjL3jgY3jgZ/jgabjga7jgrPjg7zjg5Ljg7zjga7pppnjgorjgpLll4XjgZDjgajlhKrjgZfjgYTmsJfmjIHjgaHjgavjgarjgozjgb7jgZnjgII8YnI+4pag44OP44Oq44Kq44O744K744Op44Of44OD44Kv44Kz44O844OS44O844Of44Or44K544Kx44Or44OI44OzTVNDUy0yQi8x5Y+wPGJyPuKWoOOCtOODvOODq+ODh+ODs+ODluODrOODs+ODieOCs+ODvOODkuODvDIwMGfooos8YnI+CuKWoOODl+ODrOODn+OCouODoOODluODrOODs+ODieODu+OBl+OCg+OBoeODluODrOODs+ODiTIwMGfooos8L3RkPjwvdHI+PHRyPjx0ZCBiZ0NvbG9yPSNFRkVGRUYgY2xhc3M9dHg+6YCB5paZPC90ZD48L3RyPjx0cj48dGQgY2xhc3M9dHg+44CQ6YCB5paZ54Sh5paZIOmAgeaWmei+vOOAkTxicj7igLvljJfmtbfpgZPjg7vmspbnuITjg7vkuIDpg6jpm6Lls7bjga/liKXpgJQzNTDlhobvvIjnqI7liKXvvInpoILmiLToh7TjgZfjgb7jgZnjgII8YnI+4oC75rW35aSW55m66YCB44Gr44Gk44GN44G+44GX44Gm44Gv56eB44Gp44KC44GL44KJ44Gu56K66KqN44Oh44O844Or44Gr44Gm44GK56K644GL44KB5LiL44GV44GE44CCPGJyPuKAu+S7o+mHkeW8leaPm+OBrzMwMOWGhu+8iOeojuWIpe+8ieOBruaJi+aVsOaWmeOBjOOBi+OBi+OCiuOBvuOBmeOAgjwvdGQ+PC90cj48dHI+PHRkIGJnQ29sb3I9I0VGRUZFRiBjbGFzcz10eD48Zm9udCBjb2xvcj0jRkYwMDAwPuOBlOazqOaEjzwvZm9udD48L3RkPjwvdHI+PHRyPjx0ZD48Zm9udCBjb2xvcj0jRkYwMDAwPjxiPuODn+ODq+S7mOOBruOCu+ODg+ODiOOBrueCuuOAgeePiOeQsuOBr+ixhuOBruOBvuOBvuOBp+OBruOBiuWxiuOBkeOBqOOBquOCiuOBvuOBmeOAgjwvYj48L2ZvbnQ+PC90ZD48L3RyPjx0cj48dGQgY2xhc3M9dHg+44O75Lya56S+5qaC6KaB44CA44O744GK5pSv5omV5pa55rOV44Go6YCB5paZ44CA44O76L+U5ZOB5Lqk5o+bPGJyPuODu+WGt+iUteS+v+OBp+OBruOBiuWxiuOBkeOCkuOBlOW4jOacm+OBruaWueOBr+OBk+OBoeOCieOCkuOCr+ODquODg+OCr++8gTxicj7jg7vljIXoo4XjgIHljJbnsqfnrrHjgIHntJnooovjgIHjgqLjg63jg57jg5bjg6zjgrnooovjgpLjgZTlhaXnlKjjga7mlrnjga/jgZPjgaHjgonjgpLjgq/jg6rjg4Pjgq/vvIE8YnI+44O75YyF6KOF57SZ44Gr44KI44KL44Ku44OV44OI5YyF6KOF44KS44GU5biM5pyb44Gu5aC05ZCI44CB5Yil6YCUMjAw5YaG77yI56iO5Yil77yJ44KS6aCC5oi044GX44Gm5om/44KK44G+44GZ44CC44GT44Gh44KJ44KI44KK44CM5YyF6KOF57SZ44Gr44KI44KL5YyF6KOF44CN44KS44GK5rGC44KB5LiL44GV44GE44CCPC90ZD48L3RyPjx0cj48dGQ+PGZvbnQgc2l6ZT0iMSI+44CQ5Yqg6Jek54+I55Cy5bqX576O5ZGz44GX44GV44Gu56eY6Kij44CR56eB44Gp44KC44Gu44Kz44O844OS44O86LGG44Gv44CB44Gd44Gu55Sj5Zyw44CB5qC95Z+555Kw5aKD44KS6YeN6KaW44GZ44KL44Gg44GR44Gn44Gq44GP44CB44Kz44O844OS44O86LGG44Gu5oyB44Gk5YCL5oCn44KS5aSn5YiH44Gr5byV44GN5Ye644GX44Gf44CB44K144O844OJ44Km44Kn44O844OW44Kz44O844OS44O844Gn44GZ44CC6YG444KK44GZ44GQ44KK44Gu44Ki44Op44OT44Kr56iu44KSMTAw77yF5L2/55So44Gr44GT44Gg44KP44KK44CB44Kr44ON44OV44Kp44Op56iu77yI44Ot44OW44K544K/56iu77yJ44Gv5LiA5YiH5L2/55So44GX44Gm44GE44G+44Gb44KT44CC6aKo5ZGz6KmV5L6h44Gu6auY44GE44K544Oa44K344Oj44Or44OG44Kj44Kz44O844OS44O844KS5L2/55So44GX44Gm44GE44G+44GZ44CC5ZOB6LOq44GM6Imv44GE44Gu44Gn44CB44Gp44Gq44Gf44GM5re544KM44Gm44KC576O5ZGz44GX44GE54+I55Cy44Gn44GZ44CCPC9mb250PjwvdGQ+PC90cj48L3RhYmxlPjwhLS08dGFibGUgd2lkdGg9Ijc1MCIgYm9yZGVyPSIwIiBjZWxsc3BhY2luZz0iMCIgY2VsbHBhZGRpbmc9IjAiPgogIDx0cj4KICAgIDx0ZCB3aWR0aD0iMjAwIj4KPGRpdiBzdHlsZT0iaGVpZ2h0OjQwMHB4OyB3aWR0aDoxODBweDsgb3ZlcmZsb3c6aGlkZGVuOyBtYXJnaW46MDsgcGFkZGluZzowIj4KPGltZyBzcmM9Imh0dHA6Ly93d3cucmFrdXRlbi5uZS5qcC9nb2xkL2dvdXJtZXRjb2ZmZWUvb3JkZXJzL3JhbmtpbjFzLnBuZyIgd2lkdGg9IjE4MCI+PGJyIC8+CjwvZGl2PgoKCgo8L3RkPgogICAgPHRkIHdpZHRoPSI1NTAiPgo8ZGl2IHN0eWxlPSJoZWlnaHQ6NDAwcHg7IG92ZXJmbG93OmhpZGRlbjsgbWFyZ2luOjA7IHBhZGRpbmc6MCI+CjxpbWcgc3JjPSJodHRwOi8vd3d3LnJha3V0ZW4ubmUuanAvZ29sZC9nb3VybWV0Y29mZmVlL29yZGVycy9saXZlLnBuZyIgd2lkdGg9IjU1MCI+PGJyIC8+CjwvZGl2Pgo8L3RkPgogIDwvdHI+CjwvdGFibGU+LS0+,44OP44Oq44Kq44O744K744Op44Of44OD44Kv44Kz44O844OS44O844Of44Or44K544Kx44Or44OI44Oz5LuY54+I55Cy56aP6KKLW0cyMDDjg7vpr7EyMDAv5ZCEMjAwZ10v44KzLeODki0v44Kz44O844OS44O86LGGL+OCsOODq+ODoeOCs+ODvOODkuODvOixhuWwgumWgOWKoOiXpOePiOeQsuW6l++8muOCsOODq+ODoeOCs+ODvOODkuODvOixhuWwgumWgO+8geWKoOiXpOePiOeQsuW6lw==,44Kz44O844OS44O854+I55Cy54+I55Cy6LGG44Kz44O844OS44O86LGGY29mZmVl44Kz44O844OS44O85bCC6ZaA5bqX44Kr44OD44OX44Kq44OW44Ko44Kv44K744Os44Oz44K544OJ44Oq44OD44OX44Kz44O844OS44O844OJ44Oq44OD44OX54+I55Cy44OJ44Oq44OD44OX44OQ44OD44Kv44Kz44O844OS44O844OJ44Oq44OD44OX44OR44OD44Kv44Kz44O844OS44O844Of44Or44Kz44O844OS44O844Oh44O844Kr44O844OJ44Oq44OD44OX44Kr44OV44Kn44Kk44Oz44Os44K544OO44Oz44Kr44OV44Kn44Kk44Oz44Oq44Kt44OD44OJ44Kz44O844OS44O844Oq44Kt44OD44OJ54+I55Cy5rC05Ye644GX5rC05Ye644GX54+I55Cy44OP44Oq44Kq44O744K744Op44Of44OD44Kv44Kz44O844OS44O844Of44Or44K544Kx44Or44OI44Oz5LuY54+I55Cy56aP6KKLW0cyMDDjg7vpr7EyMDAv5ZCEMjAwZ10v44KzLeODki0v44Kz44O844OS44O86LGGL+OCsOODq+ODoeOCs+ODvOODkuODvOixhuWwgumWgOWKoOiXpOePiOeQsuW6lw==,44Kz44O844OS44O844Of44Or5LuYL+OCsy3jg5ItL+OCs+ODvOODkuODvOixhuOAguODj+ODquOCquODu+OCu+ODqeODn+ODg+OCr+OCs+ODvOODkuODvOODn+ODq+OCueOCseODq+ODiOODs+S7mOePiOeQsuemj+iii1tHMjAw44O76a+xMjAwL+WQhDIwMGddL+OCsy3jg5ItL+OCs+ODvOODkuODvOixhi/jgrDjg6vjg6HjgrPjg7zjg5Ljg7zosYblsILploDliqDol6Tnj4jnkLLlupc=[rn]
29-48567,aHR0cDovL3RzaG9wLnIxMHMuanAvZ291cm1ldGNvZmZlZS9jYWJpbmV0LzE0MDAvMTQ0NC1pdGVtMDEuanBnP2ZpdGluPTcwMDo3MDA=,MzY5Ni4wMDAw,,5a626Zu7ID4g44Kt44OD44OB44Oz5a626Zu7ID4g44Kz44O844OS44O844Oh44O844Kr44O844O744Ko44K544OX44Os44OD44K944Oe44K344OzID4g6Zu75YuV44Kz44O844OS44O844Of44Or,44Kr44Oq44K/44O744Kv44Op44K344OD44Kv44Of44OrIzQyMDAz5omL5bu744GX44Kz44O844OS44O844Of44Or5LuY54+I55Cy56aP6KKL44K744OD44OIW0cyMDDjg7vpr7EyMDAv5ZCEMjAwZ13nj4jnkLIv44KzLeODki0v44Kz44O844OS44O86LGGL+ePiOeQsuODn+ODqy/jgrPjg7zjg5Ljg7zjg5/jg6sv44Kw44Or44Oh44Kz44O844OS44O86LGG5bCC6ZaA5Yqg6Jek54+I55Cy5bqX,5omL5bu744GX44Kz44O844OS44O844Of44Or5LuY54+I55CyL+OCsy3jg5ItL+OCs+ODvOODkuODvOixhi/nj4jnkLLjg5/jg6s=,PHRhYmxlIGJvcmRlckNvbG9yPSNDMEMwQzAgY2VsbFNwYWNpbmc9MCBjZWxsUGFkZGluZz0zIHdpZHRoPTM4MCBib3JkZXI9MSBzdHlsZT1ib3JkZXItY29sbGFwc2U6IGNvbGxhcHNlPjx0cj48dGQgYmdDb2xvcj0jRUZFRkVGIGNsYXNzPXR4Puips+e0sDwvdGQ+PC90cj48dHI+PHRkIGNsYXNzPXR4PuOCs+ODvOODkuODvCDjg5/jg6vjgafmjL3jgY3jgZ/jgabjga7pppnjgorjgpLmpb3jgZfjgoLjgYbimarmjL3jgY3jgZ/jgabjga7jgrPjg7zjg5Ljg7zjga7pppnjgorjgpLll4XjgZDjgajlhKrjgZfjgYTmsJfmjIHjgaHjgavjgarjgozjgb7jgZnjgII8YnI+4pag44Kr44Oq44K/44O744Kv44Op44K344OD44Kv44Of44OrIzQyMDAzLzHlj7A8YnI+4pag44K044O844Or44OH44Oz44OW44Os44Oz44OJ44Kz44O844OS44O8MjAwZ+iiizxicj7ilqDjg5fjg6zjg5/jgqLjg6Djg5bjg6zjg7Pjg4njg7vjgZfjgoPjgaHjg5bjg6zjg7Pjg4kyMDBn6KKLIDwvdGQ+PC90cj48dHI+PHRkIGJnQ29sb3I9I0VGRUZFRiBjbGFzcz10eD7pgIHmlpk8L3RkPjwvdHI+PHRyPjx0ZCBjbGFzcz10eD7jgJDpgIHmlpnnhKHmlpkg6YCB5paZ6L6844CRPGJyPuKAu+WMl+a1t+mBk+ODu+aylue4hOODu+S4gOmDqOmbouWztuOBr+WIpemAlDM1MOWGhu+8iOeojuWIpe+8iemgguaItOiHtOOBl+OBvuOBmeOAgjxicj7igLvmtbflpJbnmbrpgIHjgavjgaTjgY3jgb7jgZfjgabjga/np4HjganjgoLjgYvjgonjga7norroqo3jg6Hjg7zjg6vjgavjgabjgYrnorrjgYvjgoHkuIvjgZXjgYTjgII8YnI+4oC75Luj6YeR5byV5o+b44GvMzAw5YaG77yI56iO5Yil77yJ44Gu5omL5pWw5paZ44GM44GL44GL44KK44G+44GZ44CCPC90ZD48L3RyPjx0cj48dGQgYmdDb2xvcj0jRUZFRkVGIGNsYXNzPXR4Pjxmb250IGNvbG9yPSNGRjAwMDA+44GU5rOo5oSPPC9mb250PjwvdGQ+PC90cj48dHI+PHRkPjxmb250IGNvbG9yPSNGRjAwMDA+PGI+44Of44Or5LuY44Gu44K744OD44OI44Gu54K644CB54+I55Cy44Gv6LGG44Gu44G+44G+44Gn44Gu44GK5bGK44GR44Go44Gq44KK44G+44GZ44CCPC9iPjwvZm9udD48L3RkPjwvdHI+PHRyPjx0ZCBjbGFzcz10eD7jg7vkvJrnpL7mpoLopoHjgIDjg7vjgYrmlK/miZXmlrnms5XjgajpgIHmlpnjgIDjg7vov5Tlk4HkuqTmj5s8YnI+44O75Ya36JS15L6/44Gn44Gu44GK5bGK44GR44KS44GU5biM5pyb44Gu5pa544Gv44GT44Gh44KJ44KS44Kv44Oq44OD44Kv77yBPGJyPuODu+WMheijheOAgeWMlueyp+euseOAgee0meiii+OAgeOCouODreODnuODluODrOOCueiii+OCkuOBlOWFpeeUqOOBruaWueOBr+OBk+OBoeOCieOCkuOCr+ODquODg+OCr++8gTxicj7jg7vljIXoo4XntJnjgavjgojjgovjgq7jg5Xjg4jljIXoo4XjgpLjgZTluIzmnJvjga7loLTlkIjjgIHliKXpgJQyMDDlhobvvIjnqI7liKXvvInjgpLpoILmiLTjgZfjgabmib/jgorjgb7jgZnjgILjgZPjgaHjgonjgojjgorjgIzljIXoo4XntJnjgavjgojjgovljIXoo4XjgI3jgpLjgYrmsYLjgoHkuIvjgZXjgYTjgII8L3RkPjwvdHI+PHRyPjx0ZD48Zm9udCBzaXplPSIxIj7jgJDliqDol6Tnj4jnkLLlupfnvo7lkbPjgZfjgZXjga7np5joqKPjgJHnp4HjganjgoLjga7jgrPjg7zjg5Ljg7zosYbjga/jgIHjgZ3jga7nlKPlnLDjgIHmoL3ln7nnkrDlooPjgpLph43oppbjgZnjgovjgaDjgZHjgafjgarjgY/jgIHjgrPjg7zjg5Ljg7zosYbjga7mjIHjgaTlgIvmgKfjgpLlpKfliIfjgavlvJXjgY3lh7rjgZfjgZ/jgIHjgrXjg7zjg4njgqbjgqfjg7zjg5bjgrPjg7zjg5Ljg7zjgafjgZnjgILpgbjjgorjgZnjgZDjgorjga7jgqLjg6njg5PjgqvnqK7jgpIxMDDvvIXkvb/nlKjjgavjgZPjgaDjgo/jgorjgIHjgqvjg43jg5Xjgqnjg6nnqK7vvIjjg63jg5bjgrnjgr/nqK7vvInjga/kuIDliIfkvb/nlKjjgZfjgabjgYTjgb7jgZvjgpPjgILpoqjlkbPoqZXkvqHjga7pq5jjgYTjgrnjg5rjgrfjg6Pjg6vjg4bjgqPjgrPjg7zjg5Ljg7zjgpLkvb/nlKjjgZfjgabjgYTjgb7jgZnjgILlk4Hos6rjgYzoia/jgYTjga7jgafjgIHjganjgarjgZ/jgYzmt7njgozjgabjgoLnvo7lkbPjgZfjgYTnj4jnkLLjgafjgZnjgII8L2ZvbnQ+PC90ZD48L3RyPjwvdGFibGU+PCEtLTx0YWJsZSB3aWR0aD0iNzUwIiBib3JkZXI9IjAiIGNlbGxzcGFjaW5nPSIwIiBjZWxscGFkZGluZz0iMCI+CiAgPHRyPgogICAgPHRkIHdpZHRoPSIyMDAiPgo8ZGl2IHN0eWxlPSJoZWlnaHQ6NDAwcHg7IHdpZHRoOjE4MHB4OyBvdmVyZmxvdzpoaWRkZW47IG1hcmdpbjowOyBwYWRkaW5nOjAiPgo8aW1nIHNyYz0iaHR0cDovL3d3dy5yYWt1dGVuLm5lLmpwL2dvbGQvZ291cm1ldGNvZmZlZS9vcmRlcnMvcmFua2luMXMucG5nIiB3aWR0aD0iMTgwIj48YnIgLz4KPC9kaXY+CgoKCjwvdGQ+CiAgICA8dGQgd2lkdGg9IjU1MCI+CjxkaXYgc3R5bGU9ImhlaWdodDo0MDBweDsgb3ZlcmZsb3c6aGlkZGVuOyBtYXJnaW46MDsgcGFkZGluZzowIj4KPGltZyBzcmM9Imh0dHA6Ly93d3cucmFrdXRlbi5uZS5qcC9nb2xkL2dvdXJtZXRjb2ZmZWUvb3JkZXJzL2xpdmUucG5nIiB3aWR0aD0iNTUwIj48YnIgLz4KPC9kaXY+CjwvdGQ+CiAgPC90cj4KPC90YWJsZT4tLT4=,44Kr44Oq44K/44O744Kv44Op44K344OD44Kv44Of44OrIzQyMDAz5omL5bu744GX44Kz44O844OS44O844Of44Or5LuY54+I55Cy56aP6KKL44K744OD44OIW0cyMDDjg7vpr7EyMDAv5ZCEMjAwZ13nj4jnkLIv44KzLeODki0v44Kz44O844OS44O86LGGL+ePiOeQsuODn+ODqy/jgrPjg7zjg5Ljg7zjg5/jg6sv44Kw44Or44Oh44Kz44O844OS44O86LGG5bCC6ZaA5Yqg6Jek54+I55Cy5bqX77ya44Kw44Or44Oh44Kz44O844OS44O86LGG5bCC6ZaA77yB5Yqg6Jek54+I55Cy5bqX,44Kz44O844OS44O854+I55Cy54+I55Cy6LGG44Kz44O844OS44O86LGGY29mZmVl44Kz44O844OS44O85bCC6ZaA5bqX44Kr44OD44OX44Kq44OW44Ko44Kv44K744Os44Oz44K544OJ44Oq44OD44OX44Kz44O844OS44O844OJ44Oq44OD44OX54+I55Cy44OJ44Oq44OD44OX44OQ44OD44Kv44Kz44O844OS44O844OJ44Oq44OD44OX44OR44OD44Kv44Kz44O844OS44O844Of44Or44Kz44O844OS44O844Oh44O844Kr44O844OJ44Oq44OD44OX44Kr44OV44Kn44Kk44Oz44Os44K544OO44Oz44Kr44OV44Kn44Kk44Oz44Oq44Kt44OD44OJ44Kz44O844OS44O844Oq44Kt44OD44OJ54+I55Cy5rC05Ye644GX5rC05Ye644GX54+I55Cy44Kr44Oq44K/44O744Kv44Op44K344OD44Kv44Of44OrIzQyMDAz5omL5bu744GX44Kz44O844OS44O844Of44Or5LuY54+I55Cy56aP6KKL44K744OD44OIW0cyMDDjg7vpr7EyMDAv5ZCEMjAwZ13nj4jnkLIv44KzLeODki0v44Kz44O844OS44O86LGGL+ePiOeQsuODn+ODqy/jgrPjg7zjg5Ljg7zjg5/jg6sv44Kw44Or44Oh44Kz44O844OS44O86LGG5bCC6ZaA5Yqg6Jek54+I55Cy5bqX,5omL5bu744GX44Kz44O844OS44O844Of44Or5LuY54+I55CyL+OCsy3jg5ItL+OCs+ODvOODkuODvOixhi/nj4jnkLLjg5/jg6vjgILjgqvjg6rjgr/jg7vjgq/jg6njgrfjg4Pjgq/jg5/jg6sjNDIwMDPmiYvlu7vjgZfjgrPjg7zjg5Ljg7zjg5/jg6vku5jnj4jnkLLnpo/ooovjgrvjg4Pjg4hbRzIwMOODu+mvsTIwMC/lkIQyMDBnXeePiOeQsi/jgrMt44OSLS/jgrPjg7zjg5Ljg7zosYYv54+I55Cy44Of44OrL+OCs+ODvOODkuODvOODn+ODqy/jgrDjg6vjg6HjgrPjg7zjg5Ljg7zosYblsILploDliqDol6Tnj4jnkLLlupc=[rn]
29-48568,aHR0cDovL3RzaG9wLnIxMHMuanAvZ291cm1ldGNvZmZlZS9jYWJpbmV0LzE0MDAvMTQzNy1pdGVtMDEuanBnP2ZpdGluPTcwMDo3MDA=,OTM2MC4wMDAw,,5a626Zu7ID4g44Kt44OD44OB44Oz5a626Zu7ID4g44Kz44O844OS44O844Oh44O844Kr44O844O744Ko44K544OX44Os44OD44K944Oe44K344OzID4g6Zu75YuV44Kz44O844OS44O844Of44Or,77y744GK5Y+W44KK5a+E44Gb5ZWG5ZOB77y944K244OD44K744Oz44OP44Km44K544O744Of44OrIOODluODqeOCuOODquOCou+8iFphc3NlbmhhdXPvvIkv44Kw44Or44Oh44Kz44O844OS44O86LGG5bCC6ZaA5Yqg6Jek54+I55Cy,44CA,PGRpdiBpZD0iaXRlbS1kZXRhaWwiPuiBt+S6uuaKgOOBjOa0u+OBjeOCi+e+juOBl+OBleOBqOiAkOS5heaAp+OAgumVt+OBhOattOWPsuOBqOeiuuOBi+OBquWTgeizquOCkuiqh+OCi+OCtuODg+OCu+ODs+ODj+OCpuOCueekvuOBruaJi+aMveOBjeODn+ODq+OBp+aMveOBjeOBn+OBpuOBruePiOeQsuOCkuWRs+OCj+OBo+OBpuOBv+OBvuOBm+OCk+OBi++8nzxicj4K44Kr44Op44O877ya44OK44OB44Ol44Op44Or77yITUotMDgwNe+8ieOAgeODgOODvOOCr++8iE1KLTEzMDEvWu+8ieOAgeODnuODm+OCrOODi+ODvO+8iE1KLTEzMDIvTe+8ieOAgeODluODqeODg+OCr++8iE1KLTEzMDMvQu+8iTxicj4K44K144Kk44K677ya5bmFMTU1w5flpaXooYwxNTXDl+mrmOOBlTE5Nu+8iG1t77yJPGJyPgrph43ph4/vvJo4MDBnPGJyPgrjg5vjg4Pjg5Hjg7zlrrnph4/vvJo1MGc8YnI+CuW8leOBjeWHuuOBl+WuuemHj++8mjMwZzwvZGl2PjxkaXYgaWQ9Iml0ZW0tc2hpcHBpbmciPuOAkOmAgeaWmeeEoeaWmSDpgIHmlpnovrzjgJE8YnI+4oC75YyX5rW36YGT44O75rKW57iE44O75LiA6YOo6Zui5bO244Gv5Yil6YCUMzUw5YaG77yI56iO5Yil77yJ6aCC5oi06Ie044GX44G+44GZ44CCPGJyPuKAu+a1t+WklueZuumAgeOBq+OBpOOBjeOBvuOBl+OBpuOBr+engeOBqeOCguOBi+OCieOBrueiuuiqjeODoeODvOODq+OBq+OBpuOBiueiuuOBi+OCgeS4i+OBleOBhOOAgjxicj7igLvku6Pph5HlvJXmj5vjga8zMDDlhobvvIjnqI7liKXvvInjga7miYvmlbDmlpnjgYzjgYvjgYvjgorjgb7jgZnjgII8YnI+4oeS6Kmz44GX44GP44Gv44GT44Gh44KJPC9kaXY+PGRpdiBpZD0iaXRlbS1jYXV0aW9uIj7jgZTms6jmlofjga7jgYrlj5bjgorlr4TjgZvllYblk4HjgYzlhaXojbfmrKHnrKzjgIHnmbrpgIHjgZXjgZvjgabpoILjgY3jgb7jgZnjgII8L2Rpdj48IS0tPGRpdiBpZD0iaXRlbS1yZXF1aXJlZCI+5ZCN56ew77ya44Os44Ku44Ol44Op44O844Kz44O844OS44O8PGJyPuWOn+adkOaWmeWQje+8muOCs+ODvOODkuODvOixhu+8iOeyie+8iTxicj7lhoXlrrnph4/vvJoxNTAwZ++8iDUwMGflhaXooovDlzPvvIk8YnI+6LOe5ZGz5pyf6ZmQ77ya5ZWG5ZOB44OR44OD44Kx44O844K444Gr6KiY6LyJPGJyPuS/neWtmOaWueazle+8mumrmOa4qeWkmua5v+OAgeebtOWwhOaXpeWFieOCkumBv+OBkeS/neWtmOOBl+OBpuS4i+OBleOBhOOAgjxicj7oo73pgKDogIXvvJpob2515Yqg6Jek54+I55Cy5bqX5qCq5byP5Lya56S+IOWQjeWPpOWxi+W4guWQjeadseWMuuWnq+iLpeeUujQw55Wq5ZywPC9kaXY+LS0+PGRpdiBpZD0iaXRlbS1vdGhlciI+44O75Lya56S+5qaC6KaB44CA44O744GK5pSv5omV5pa55rOV44Go6YCB5paZ44CA44O76L+U5ZOB5Lqk5o+bPGJyPuODu+WGt+iUteS+v+OBp+OBruOBiuWxiuOBkeOCkuOBlOW4jOacm+OBruaWueOBr+OBk+OBoeOCieOCkuOCr+ODquODg+OCr++8gTxicj7jg7vljIXoo4XjgIHljJbnsqfnrrHjgIHntJnooovjgIHjgqLjg63jg57jg5bjg6zjgrnooovjgpLjgZTlhaXnlKjjga7mlrnjga/jgZPjgaHjgonjgpLjgq/jg6rjg4Pjgq/vvIE8YnI+44O75YyF6KOF57SZ44Gr44KI44KL44Ku44OV44OI5YyF6KOF44KS44GU5biM5pyb44Gu5aC05ZCI44CB5Yil6YCUMjAw5YaG77yI56iO5Yil77yJ44KS6aCC5oi044GX44Gm5om/44KK44G+44GZ44CC44GT44Gh44KJ44KI44KK44CM5YyF6KOF57SZ44Gr44KI44KL5YyF6KOF44CN44KS44GK5rGC44KB5LiL44GV44GE44CCPGJyPjxicj7jgJDliqDol6Tnj4jnkLLlupfnvo7lkbPjgZfjgZXjga7np5joqKPjgJHnp4HjganjgoLjga7jgrPjg7zjg5Ljg7zosYbjga/jgIHjgZ3jga7nlKPlnLDjgIHmoL3ln7nnkrDlooPjgpLph43oppbjgZnjgovjgaDjgZHjgafjgarjgY/jgIHjgrPjg7zjg5Ljg7zosYbjga7mjIHjgaTlgIvmgKfjgpLlpKfliIfjgavlvJXjgY3lh7rjgZfjgZ/jgIHjgrXjg7zjg4njgqbjgqfjg7zjg5bjgrPjg7zjg5Ljg7zjgafjgZnjgILpgbjjgorjgZnjgZDjgorjga7jgqLjg6njg5PjgqvnqK7jgpIxMDDvvIXkvb/nlKjjgavjgZPjgaDjgo/jgorjgIHjgqvjg43jg5Xjgqnjg6nnqK7vvIjjg63jg5bjgrnjgr/nqK7vvInjga/kuIDliIfkvb/nlKjjgZfjgabjgYTjgb7jgZvjgpPjgILpoqjlkbPoqZXkvqHjga7pq5jjgYTjgrnjg5rjgrfjg6Pjg6vjg4bjgqPjgrPjg7zjg5Ljg7zjgpLkvb/nlKjjgZfjgabjgYTjgb7jgZnjgILlk4Hos6rjgYzoia/jgYTjga7jgafjgIHjganjgarjgZ/jgYzmt7njgozjgabjgoLnvo7lkbPjgZfjgYTnj4jnkLLjgafjgZnjgII8L2Rpdj48IS0tPHRhYmxlIHdpZHRoPSI3NTAiIGJvcmRlcj0iMCIgY2VsbHNwYWNpbmc9IjAiIGNlbGxwYWRkaW5nPSIwIj4KICA8dHI+CiAgICA8dGQgd2lkdGg9IjIwMCI+CjxkaXYgc3R5bGU9ImhlaWdodDo0MDBweDsgd2lkdGg6MTgwcHg7IG92ZXJmbG93OmhpZGRlbjsgbWFyZ2luOjA7IHBhZGRpbmc6MCI+CjxpbWcgc3JjPSJodHRwOi8vd3d3LnJha3V0ZW4ubmUuanAvZ29sZC9nb3VybWV0Y29mZmVlL29yZGVycy9yYW5raW4xcy5wbmciIHdpZHRoPSIxODAiPjxiciAvPgo8L2Rpdj4KCgoKPC90ZD4KICAgIDx0ZCB3aWR0aD0iNTUwIj4KPGRpdiBzdHlsZT0iaGVpZ2h0OjQwMHB4OyBvdmVyZmxvdzpoaWRkZW47IG1hcmdpbjowOyBwYWRkaW5nOjAiPgo8aW1nIHNyYz0iaHR0cDovL3d3dy5yYWt1dGVuLm5lLmpwL2dvbGQvZ291cm1ldGNvZmZlZS9vcmRlcnMvbGl2ZS5wbmciIHdpZHRoPSI1NTAiPjxiciAvPgo8L2Rpdj4KPC90ZD4KICA8L3RyPgo8L3RhYmxlPi0tPg==,77y744GK5Y+W44KK5a+E44Gb5ZWG5ZOB77y944K244OD44K744Oz44OP44Km44K544O744Of44OrIOODluODqeOCuOODquOCou+8iFphc3NlbmhhdXPvvIkv44Kw44Or44Oh44Kz44O844OS44O86LGG5bCC6ZaA5Yqg6Jek54+I55Cy77ya44Kw44Or44Oh44Kz44O844OS44O86LGG5bCC6ZaA77yB5Yqg6Jek54+I55Cy5bqX,44Kz44O844OS44O854+I55Cy54+I55Cy6LGG44Kz44O844OS44O86LGGY29mZmVl44Kz44O844OS44O85bCC6ZaA5bqX44Kr44OD44OX44Kq44OW44Ko44Kv44K744Os44Oz44K544OJ44Oq44OD44OX44Kz44O844OS44O844OJ44Oq44OD44OX54+I55Cy44OJ44Oq44OD44OX44OQ44OD44Kv44Kz44O844OS44O844OJ44Oq44OD44OX44OR44OD44Kv44Kz44O844OS44O844Of44Or44Kz44O844OS44O844Oh44O844Kr44O844OJ44Oq44OD44OX44Kr44OV44Kn44Kk44Oz44Os44K544OO44Oz44Kr44OV44Kn44Kk44Oz44Oq44Kt44OD44OJ44Kz44O844OS44O844Oq44Kt44OD44OJ54+I55Cy5rC05Ye644GX5rC05Ye644GX54+I55Cy77y744GK5Y+W44KK5a+E44Gb5ZWG5ZOB77y944K244OD44K744Oz44OP44Km44K544O744Of44OrIOODluODqeOCuOODquOCou+8iFphc3NlbmhhdXPvvIkv44Kw44Or44Oh44Kz44O844OS44O86LGG5bCC6ZaA5Yqg6Jek54+I55Cy,44CA44CC77y744GK5Y+W44KK5a+E44Gb5ZWG5ZOB77y944K244OD44K744Oz44OP44Km44K544O744Of44OrIOODluODqeOCuOODquOCou+8iFphc3NlbmhhdXPvvIkv44Kw44Or44Oh44Kz44O844OS44O86LGG5bCC6ZaA5Yqg6Jek54+I55Cy[rn]
29-48569,aHR0cDovL3RzaG9wLnIxMHMuanAvcm9vbXktZ2FyZGVuL2NhYmluZXQvNTAwY2FydF9hbGwvNTAwY2FydF8xMWcvMTYtMy93aW5fcmNtXzFfNTAwXzFnLmpwZz9maXRpbj03MDA6NzAw,MjQwMC4wMDAw,,5a626Zu7ID4g44Kt44OD44OB44Oz5a626Zu7ID4g44Kz44O844OS44O844Oh44O844Kr44O844O744Ko44K544OX44Os44OD44K944Oe44K344OzID4g6Zu75YuV44Kz44O844OS44O844Of44Or,44Kz44O844OS44O844Of44OrIOODn+ODqyDpm7vli5UgUkNNLTEg44Kz44O844OS44O8IOOAkOODneOCpOODs+ODiDEw5YCNIOmAgeaWmeeEoeaWmSDnibnlhbjku5jjgY3jgJEg44Kz44O844OS44O844Kw44Op44Kk44Oz44OA44O8IOODrOOCs+ODq+ODiCDpm7vli5XjgrPjg7zjg5Ljg7zjg5/jg6sg54+I55Cy44Of44OrIOOCueODquODoCDjgrPjg7Pjg5Hjgq/jg4gg44Kz44O844OS44O86LGGIOeyieeglSDjgrfjg7Pjg5fjg6sg5a625bqt55SoIOaMveOBjeOBn+OBpiDoh6rlrrbnhJnnhY4g44K944Ot44Kr44OV44KnIOOAkOOCruODleODiOOAke+8uyByZWNvbHRlIOOCs+ODvOODkuODvOODn+ODqyDvvL0=,44Kz44O844OS44O844Of44OrIOODn+ODqyDpm7vli5UgUkNNLTEg44Kz44O844OS44O8IOOCs+ODvOODkuODvOOCsOODqeOCpOODs+ODgOODvA==,PCEtLSDilrzmpb3jgq7jg5Xopo/lrprjgrPjg6Hjg7Pjg4ggLS0+Cjx0YWJsZSBib3JkZXI9IjAiIGNlbGxzcGFjaW5nPSIwIiBjZWxscGFkZGluZz0iMiI+Cjx0ciB2YWxpZ249InRvcCI+Cjx0ZCBub3dyYXA+44Ku44OV44OI5a++5b+cPC90ZD4KPC90cj4KPC90YWJsZT4KPCEtLSDilrLmpb3jgq7jg5Xopo/lrprjgrPjg6Hjg7Pjg4ggLS0+CgoKPCEtLSDilrzjg5fjg6zjgrzjg7Pjg4jljIXoo4UgLS0+CjxwPjxpbWcgc3JjPSJodHRwOi8vaW1hZ2UucmFrdXRlbi5jby5qcC9yb29teS9jYWJpbmV0L2l0ZW1fY2F0X2Juci9jdF90b2t1L3BjX3ByZWluZm8uanBnIiBhbHQ9IuODl+ODrOOCvOODs+ODiOWMheijhSIgd2lkdGg9IjM2MCIgaGVpZ2h0PSI2MCIgIGJvcmRlcj0iMCIgLz48L3A+PGJyPgoKPGRpdiBjbGFzcz0icm9vbXlrb21lIj7ilrwg44Kk44Oz44OG44Oq44Ki44K344On44OD44OXIHJvb215IGdhcmRlbiDvvIgg44Or44O844Of44O844Ks44O844OH44OzIO+8ieOBi+OCieOBruOCs+ODoeODs+ODiDwvZGl2PgoKCgo8ZGl2IGNsYXNzPXJla28yPgo8cCBjbGFzcz1wdHQ+CuKWoCByZWNvbHRlIGNvZmZlZSBtaWxsIC8g44Os44Kz44Or44OIIOOCs+ODvOODkuODvOODn+ODqwo8L3A+CjxwIGNsYXNzPXB0eHQ+CuOCs+ODvOODkuODvOOBjOe+juWRs+OBl+OBhOOBqOipleWIpOOBruOBiuW6l+OBq+ihjOOBj+OBqOOAgeaKveWHuuebtOWJjeOBq+OCs+ODvOODkuODvOixhuOCkuaMveOBhOOBpuOBhOOCi+Wnv+OCkuimi+OCi+OBk+OBqOOBjOOBp+OBjeOCi+OBr+OBmuOAguWun+OBr+OCs+ODvOODkuODvOixhuOBr+eyieOBq+OBl+OBn+eerOmWk+OBi+OCieOAgeWRs+OBqOmmmeOCiuOBruWKo+WMluOBjOWni+OBvuOBo+OBpuOBl+OBvuOBhuOBruOBp+OBmeOAguOCs+ODvOODkuODvOOBq+OBk+OBoOOCj+OCi+OBquOCieOAgeOChOOBo+OBseOCiuOBiuWutuOBp+a3ueOCjOOCi+WIhuOBoOOBkeaMveOBj+OBruOBjOKXjuOAguODm+ODg+ODiOOCteODs+ODieODoeODvOOCq+ODvCDjgq3jg6vjg4jjgarjganjga7kurrmsJflrrbpm7vjgpLmlbDlpJrjgY/nlJ/jgb/lh7rjgZfjgabjgYTjgovjgIwgcmVjb2x0ZSDjgI3jgYvjgonjgIHjg5zjgr/jg7PkuIDjgaTjgacx5p2v5YiG44Gu6LGG44GL44KJ5oy944GN44Gf44Gm44KS5qW944GX44KB44KL44Kz44O844OS44O844Of44Or44GM55m75aC044Gn44GZ44CC44Kz44Kv44GM5Ye644KL5Lq65rCX44Gu57Sw5oy944GN44KC44CB44Gq44KT44GoMTDnp5LjgadPS+OBqOOBhOOBhuOCueODlOODvOODh+OCo+OBleOAguOCr+ODquOCouOCreODo+ODg+ODl+OBquOBruOBp+ixhuOBruanmOWtkOOCkueiuuiqjeOBl+OBpOOBpOOAgeOCueOCpOODg+ODgeOCkuaWree2mueahOOBq+aKvOOBl+OBpuOBiuWlveOBv+OBruaMveOBjeWKoOa4m+OBq+iqv+aVtOOBp+OBjeOCi+OBi+OCieWIneW/g+iAheOBleOCk+OBp+OCguWuieW/g+OBp+OBmeOAguacgOWkpzbmna/liIbjgIE1MGfjgb7jgafkuIDmsJfjgavmjL3jgY/jgZPjgajjgoLlj6/og73jgILjgqTjg7Pjg4bjg6rjgqLmgKfjgYLjgbXjgozjgovjgqvjg6njg7zjg6rjg7PjgrDjga/jgIHjgq3jg4Pjg4Hjg7Pjgafjga7jgYrjgZfjgoPjgozjgarjgqLjgq/jgrvjg7Pjg4jjgavjgoLjgarjgaPjgabjgY/jgozjgb7jgZnjgojjgILmr47ml6Xjga7jgrPjg7zjg5Ljg7zjgr/jgqTjg6DjgpLjgoLjgaPjgajmpb3jgZfjgY/jgIHntKDmlbXjgavmvJTlh7rjgZfjgabjgY/jgozjgovjgrPjg7zjg5Ljg7zlpb3jgY3jgavjga/mrKDjgYvjgZvjgarjgYTjgqLjgqTjg4bjg6DjgafjgZnjgIIKPC9wPgo8aHI+CjwhLS0g5YmK6ZmkcHNlbyAtLT48L2Rpdj4KCgo8IS0tIOWJiumZpEpBTuODquOCueODiCAtLT48bGluayByZWw9InN0eWxlc2hlZXQiIGhyZWY9Imh0dHA6Ly93d3cucmFrdXRlbi5uZS5qcC9nb2xkL3Jvb215LWdhcmRlbi9ybXMvY3NzL2l0ZW0uY3NzIiB0eXBlPSJ0ZXh0L2NzcyI+Cgo8IS0tIENTU+OAgDIwMTUtMDIyMOWklumDqOenu+euoea4iOOBv+OAgOOCreODo+ODg+OCt+ODpeOCr+ODquOCouW+jOa2iOWOu09LIC0tPgo8c3R5bGUgdHlwZT0idGV4dC9jc3MiPgouaXRlbWNvbWVle21hcmdpbi1ib3R0b206NTBweDt3aWR0aDo3MDBweDtoZWlnaHQ6MTAwcHg7YmFja2dyb3VuZC1jb2xvcjojMDAzMzAwO30KLml0ZW1jb21lZSBwe2ZvbnQtd2VpZ2h0OmJvbGQ7IGxpbmUtaGVpZ2h0OjE1MCU7IG1hcmdpbjowO3BhZGRpbmctdG9wOjE2cHg7Zm9udC1zaXplOjIxcHg7Y29sb3I6I0ZGRkZGRjsgdGV4dC1hbGlnbjpjZW50ZXI7fQo8L3N0eWxlPgoKCjwhLS0gQ1NTIOWklumDqOenu+euoeOBvuOBoCAtLT4KPHN0eWxlIHR5cGU9InRleHQvY3NzIj4KLnJvb215a29tZSB7YmFja2dyb3VuZC1jb2xvcjojRTZFNkU2OyBwYWRkaW5nOjVweDsgZm9udC1zaXplOjEwcHg7fQo8L3N0eWxlPgoKCgo8IS0tIOOCq+ODhuOCtOODquODvOeUqOW5heWbuuWumiAtLT4KPGRpdiBzdHlsZT0id2lkdGg6IDcwMHB4OyI+IDwvZGl2Pg==,44Kz44O844OS44O844Of44OrIOODn+ODqyDpm7vli5UgUkNNLTEg44Kz44O844OS44O8IOOAkOODneOCpOODs+ODiDEw5YCNIOmAgeaWmeeEoeaWmSDnibnlhbjku5jjgY3jgJEg44Kz44O844OS44O844Kw44Op44Kk44Oz44OA44O8IOODrOOCs+ODq+ODiCDpm7vli5XjgrPjg7zjg5Ljg7zjg5/jg6sg54+I55Cy44Of44OrIOOCueODquODoCDjgrPjg7Pjg5Hjgq/jg4gg44Kz44O844OS44O86LGGIOeyieeglSDjgrfjg7Pjg5fjg6sg5a625bqt55SoIOaMveOBjeOBn+OBpiDoh6rlrrbnhJnnhY4g44K944Ot44Kr44OV44KnIOOAkOOCruODleODiOOAke+8uyByZWNvbHRlIOOCs+ODvOODkuODvOODn+ODqyDvvL3vvJrjgqTjg7Pjg4bjg6rjgqLjgrfjg6fjg4Pjg5dyb29teSBnYXJkZW4=,5Yqg5rm/5Zmo44OS44O844K/44O856m65rCX5riF5rWE5qmf5pqW5oi/6YCB5paZ54Sh5paZ44OH44K244Kk44Oz5a626Zu744Kt44OD44OB44Oz5a626Zu744Kk44Oz44OG44Oq44Ki6ZuR6LKo44K044Of566x44OQ44Or44Of44Ol44O844OAQ0FET+WCmOeri+OBpuOCpOODs+ODhuODquOCouODneOCpOODs+ODiDEw5YCN5omH6aKo5qmf5o6b44GR5pmC6KiI5YKY55yB44Ko44ON44Or44O844Of44O8cm9vbXnjgrPjg7zjg5Ljg7zjg5/jg6sg44Of44OrIOmbu+WLlSBSQ00tMSDjgrPjg7zjg5Ljg7wg44CQ44Od44Kk44Oz44OIMTDlgI0g6YCB5paZ54Sh5paZIOeJueWFuOS7mOOBjeOAkSDjgrPjg7zjg5Ljg7zjgrDjg6njgqTjg7Pjg4Djg7wg44Os44Kz44Or44OIIOmbu+WLleOCs+ODvOODkuODvOODn+ODqyDnj4jnkLLjg5/jg6sg44K544Oq44OgIOOCs+ODs+ODkeOCr+ODiCDjgrPjg7zjg5Ljg7zosYYg57KJ56CVIOOCt+ODs+ODl+ODqyDlrrbluq3nlKgg5oy944GN44Gf44GmIOiHquWutueEmeeFjiDjgr3jg63jgqvjg5Xjgqcg44CQ44Ku44OV44OI44CR77y7IHJlY29sdGUg44Kz44O844OS44O844Of44OrIO+8vQ==,44Kz44O844OS44O844Of44OrIOODn+ODqyDpm7vli5UgUkNNLTEg44Kz44O844OS44O8IOOCs+ODvOODkuODvOOCsOODqeOCpOODs+ODgOODvOOAguOCs+ODvOODkuODvOODn+ODqyDjg5/jg6sg6Zu75YuVIFJDTS0xIOOCs+ODvOODkuODvCDjgJDjg53jgqTjg7Pjg4gxMOWAjSDpgIHmlpnnhKHmlpkg54m55YW45LuY44GN44CRIOOCs+ODvOODkuODvOOCsOODqeOCpOODs+ODgOODvCDjg6zjgrPjg6vjg4gg6Zu75YuV44Kz44O844OS44O844Of44OrIOePiOeQsuODn+ODqyDjgrnjg6rjg6Ag44Kz44Oz44OR44Kv44OIIOOCs+ODvOODkuODvOixhiDnsonnoJUg44K344Oz44OX44OrIOWutuW6reeUqCDmjL3jgY3jgZ/jgaYg6Ieq5a6254SZ54WOIOOCveODreOCq+ODleOCpyDjgJDjgq7jg5Xjg4jjgJHvvLsgcmVjb2x0ZSDjgrPjg7zjg5Ljg7zjg5/jg6sg77y9[rn]
29-48570,aHR0cDovL3RzaG9wLnIxMHMuanAvZC1zaG9wMW9uZS9jYWJpbmV0L3Nob2hpbjAwMS9pbWdyYzAwNjQwOTQ5NzkuanBnP2ZpdGluPTcwMDo3MDA=,NTEyOC4wMDAw,,5a626Zu7ID4g44Kt44OD44OB44Oz5a626Zu7ID4g44Kz44O844OS44O844Oh44O844Kr44O844O744Ko44K544OX44Os44OD44K944Oe44K344OzID4g6Zu75YuV44Kz44O844OS44O844Of44Or,44CQ6YCB5paZ54Sh5paZ44CRQm9kdW0gQmlzdHJvIEVsZWN0cmljIEJsYWRlIENvZmZlZSBHcmluZGVy6Zu75YuV44OW44Os44O844OJ44Kw44Op44Kk44Oz44OA44O8,44CA,PGRpdiBzdHlsZT0iIGJhY2tncm91bmQ6I2ZmZjsgcGFkZGluZzoxMHB4OyBib3JkZXI6MXB4IHNvbGlkCiNlZmVmZWY7IGJvcmRlci1yYWRpdXM6OHB4OyB3aWR0aDozNTBweDtsaW5lLWhlaWdodCA6MTgwJTsKbGV0dGVyLXNwYWNpbmc6IDAuMmVtOyI+PGZvbnQgc2l6ZT0iMSI+6YeN6YeP77yaOTAwZ+OAgeOCteOCpArjgrrvvJoxMS40w5cxMS40w5cyMS41Y208YnI+CuODluODrOODvOODie+8muOCueODhuODs+ODrOOCuemLvDxicj4K44Kz44O844OJ44Gv44Kw44Op44Kk44Oz44OA44O85LiL6YOo44G45Y+O57SN5Y+v6IO9PGJyPgo444Kr44OD44OX44OV44Os44Oz44OB44OX44Os44K544Gr5Y2B5YiG5b+F6KaB44Gq44Kz44O844OS44O844KS5oy944GP44GT44Go44GM44Gn44GN44G+44GZPGJyPgo8L2ZvbnQ+PC9kaXY+PHN0eWxlPgoKLyrntI3mnJ8qLwpkaXYjcmFrdXRlbkxpbWl0ZWRJZF9hcm91bmRDYXJ0IHRkIGZvbnRbc2l6ZT0iMyJdIHsKICBjb2xvcjogI2ZmOGMwMDsKICBmb250LXNpemU6IDIwcHg7CiAgZm9udC13ZWlnaHQ6IGJvbGQ7CuOAgG1hcmdpbi1ib3R0b206MTBweDsKCn0KCgpzZWxlY3RbbmFtZT0iY2hvaWNlIl17CgloZWlnaHQ6MzBweDsKCW1hcmdpbi1ib3R0b206MzBweDsKfQoKLmNob2ljZXsKCWRpc3BsYXk6YmxvY2s7CgltYXJnaW46MHB4IDBweCAwcHggMTBweDsKCWJvcmRlci13aWR0aDowcHggMHB4IDBweCAwcHg7Cglib3JkZXItc3R5bGU6c29saWQ7Cglib3JkZXItY29sb3I6IzkwMDsKICAgICAgICBmb250OjEycHg7CgliYWNrZ3JvdW5kLWltYWdlOnVybCgiIik7CgliYWNrZ3JvdW5kLXJlcGVhdDpuby1yZXBlYXQ7CgliYWNrZ3JvdW5kLXBvc2l0aW9uOmxlZnQ7Cgl3aWR0aDozMDBweDsKCWhlaWdodDoxOHB4OwoJcGFkZGluZzo4cHggMHB4IDBweCAxMHB4Owp9CgovKuWVhuWTgeODmuODvOOCuOODrOODleODiOODiuODk+OBqOOBrumWk+malCovCiNsZWZ0ewptYXJnaW4tcmlnaHQ6MTBweDsKfQoKZWxlbWVudC5zdHlsZSB7CmZvbnQtc2l6ZTogMTA7CmZvbnQtd2VpZ2h0OiBib2xkOwpwYWRkaW5nLWxlZnQ6IDI1cHg7CmhlaWdodDogMjU7CmJhY2tncm91bmQtaW1hZ2U6IHVybChodHRwOi8vaW1hZ2UucmFrdXRlbi5jby5qcC9kLXNob3Axb25lL2NhYmluZXQvc296YWkvaW1ncmMwMDYyNzk0NDU1LmpwZyk7CmJhY2tncm91bmQtcmVwZWF0OiBuby1yZXBlYXQ7Cn0KCgovKuODkeODs+OBj+OBmuODquOCueODiCovCnRkLnNkdGV4dCB7CmZvbnQtc2l6ZTogMTJweDsKZm9udC13ZWlnaHQ6IGJvbGQ7CnBhZGRpbmctbGVmdDogMjVweDsKaGVpZ2h0OiAyNTsKYmFja2dyb3VuZC1pbWFnZTogdXJsKGh0dHA6Ly9pbWFnZS5yYWt1dGVuLmNvLmpwL2Qtc2hvcDFvbmUvY2FiaW5ldC9zb3phaS9pbWdyYzAwNjI3OTQ0NTUuanBnKTsKYmFja2dyb3VuZC1yZXBlYXQ6IG5vLXJlcGVhdDsKfQoKCi8qSUXlr77lv5wqLwoqaHRtbCBpbnB1dCB7CiAgd2lkdGg6MXB0OwogIG92ZXJmbG93OnZpc2libGU7CiAgcGFkZGluZy10b3A6OHB4OwogIHBhZGRpbmctYm90dG9tOjhweDsKICBwYWRkaW5nLWxlZnQ6NDBweDsKICBiYWNrZ3JvdW5kOnVybChodHRwOi8vaW1hZ2UucmFrdXRlbi5jby5qcC9kLXNob3Axb25lL2NhYmluZXQvc296YWkvYmdpbWdfY2FydC5qcGcpICNmZmZmZmYgbm8tcmVwZWF0IDIwcHggMjNweDsKfQogCgogICAKLyrlgIvmlbDlhaXlipsqLwppbnB1dCN1bml0cyB7CiAgYm9yZGVyOnNvbGlkICNjY2MgMXB4OwogIGJhY2tncm91bmQ6I2ZmZiFpbXBvcnRhbnQ7CiAgd2lkdGg6MzBweDsKICBoZWlnaHQ6MzBweDsKICBjdXJzb3I6YXV0bzsKICBwYWRkaW5nOjdweCA3cHggN3B4IDNweDsKfQogCi8q44GK5ZWP44GE5ZCI44KP44Gb44Oc44K/44OzKi8KZm9udCBpbnB1dCB7CiAgYmFja2dyb3VuZDojZmNmY2ZjIDEwcHggNXB4IDEwcHggMDsKICBiYWNrZ3JvdW5kLWltYWdlOm5vbmU7CiAgbWFyZ2luLWJvdHRvbTo1cHg7CiAgcGFkZGluZzo3cHg7Cn0KIC8qSUXlr77lv5wqLwoqaHRtbCBmb250IGlucHV0IHsKICBiYWNrZ3JvdW5kOiNmY2ZjZmMgbm8tcmVwZWF0IDlweCA4cHg7CiAgbWFyZ2luLWJvdHRvbTo2cHg7Cn0gICAKCi8qIOOBiuawl+OBq+WFpeOCiuWVhuWTgeW3ruOBl+abv+OBiOOCv+OCsCAqLwojcmFrdXRlbkxpbWl0ZWRJZF9hcm91bmRDYXJ0ICNzZXJ2aWNlVGFibGVTbWwgdGQuZmF2b3JpdGUgewpwYWRkaW5nLXRvcDogNXB4Owp3aWR0aDozMjBweCAhaW1wb3J0YW50Owp9CiNyYWt1dGVuTGltaXRlZElkX2Fyb3VuZENhcnQgZGl2LmJvb2ttYXJrQXJlYSBkaXYuYmttIHsKd2lkdGg6IDE1NXB4ICFpbXBvcnRhbnQ7CmhlaWdodDozMHB4ICFpbXBvcnRhbnQ7CnBhZGRpbmc6IDBweCAwcHggMTBweCAwcHggIWltcG9ydGFudDsKfQojcmFrdXRlbkxpbWl0ZWRJZF9hcm91bmRDYXJ0IGRpdi5ib29rbWFya0FyZWEgZGl2LmJrbSBhLmFkZEJrbSB7CndpZHRoOiAxNTVweCAhaW1wb3J0YW50OwpoZWlnaHQ6MzBweCAhaW1wb3J0YW50Owp9CiNyYWt1dGVuTGltaXRlZElkX2Fyb3VuZENhcnQgZGl2LmJvb2ttYXJrQXJlYSBkaXYuYmttIGEuYWRkQmttIHNwYW4uYmttU3RhciB7CmRpc3BsYXk6IGlubGluZS1ibG9jayAhaW1wb3J0YW50Owp3aWR0aDogMTU1cHggIWltcG9ydGFudDsKaGVpZ2h0OjMwcHggIWltcG9ydGFudDsKbWFyZ2luOjBweCAwcHggMTBweCAwcHggIWltcG9ydGFudDsKYmFja2dyb3VuZDogdXJsKCJodHRwOi8vaW1hZ2UucmFrdXRlbi5jby5qcC9kLXNob3Axb25lL2NhYmluZXQvc296YWkvYmdpbWdfZmF2cHJvZC5qcGciKSBuby1yZXBlYXQgIWltcG9ydGFudDsKfQoKLyog44GK5rCX44Gr5YWl44KK44K344On44OD44OX5beu44GX5pu/44GI44K/44KwICovCmRpdi5ib29rbWFya0FyZWEgewp3aWR0aDogMTU1cHggIWltcG9ydGFudDsKZmxvYXQ6bGVmdCAhaW1wb3J0YW50Owp9CmRpdi5zaG9wYm9va21hcmtBcmVhIHsKd2lkdGg6IDE1NXB4ICFpbXBvcnRhbnQ7CmZsb2F0OnJpZ2h0ICFpbXBvcnRhbnQ7Cm1hcmdpbjowICFpbXBvcnRhbnQ7Cn0KI3Jha3V0ZW5MaW1pdGVkSWRfYXJvdW5kQ2FydCBkaXYuc2hvcEJvb2ttYXJrQXJlYSBkaXYuc2hvcEJrbSB7CndpZHRoOiAxNTVweCAhaW1wb3J0YW50OwpoZWlnaHQ6MzBweCAhaW1wb3J0YW50OwpwYWRkaW5nOiAwcHggMHB4ICFpbXBvcnRhbnQ7CnBhZGRpbmctbGVmdDogMHB4ICFpbXBvcnRhbnQ7Cn0KI3Jha3V0ZW5MaW1pdGVkSWRfYXJvdW5kQ2FydCBkaXYuc2hvcEJvb2ttYXJrQXJlYSBkaXYuc2hvcEJrbSBhLmFkZFNob3BCa20gc3Bhbi5zaG9wQmttU3RhciB7CmRpc3BsYXk6IGlubGluZS1ibG9jayAhaW1wb3J0YW50Owp3aWR0aDogMTU1cHggIWltcG9ydGFudDsKaGVpZ2h0OjMwcHggIWltcG9ydGFudDsKbWFyZ2luLXJpZ2h0OiAwcHggIWltcG9ydGFudDsKYmFja2dyb3VuZDogdXJsKCJodHRwOi8vaW1hZ2UucmFrdXRlbi5jby5qcC9kLXNob3Axb25lL2NhYmluZXQvc296YWkvYmdpbWdfZmF2c2hvcC5qcGciKSBuby1yZXBlYXQgIWltcG9ydGFudDsKfQoKCjwvc3R5bGU+CgoKPHN0eWxlIHR5cGU9InRleHQvY3NzIj4KPCEtLQoKc3Bhbi5jYXRjaF9jb3B5LApzcGFuLml0ZW1fbmFtZSB7CiAgbGluZS1oZWlnaHQ6IDE4MCU7Cn0KCi8qIOOCreODo+ODg+ODgeOCs+ODlOODvOS4iumDqOOBq+ODqeODmeODq+OBjOOBpOOBjyAqLwpzcGFuLmNhdGNoX2NvcHk6YmVmb3JlIHsKICAgIGNvbnRlbnQ6ICLlhajllYblk4HpgIHmlpnnhKHmlpnvvIHvvIjlr77osaHlpJbjgYLjgorvvIkiOyAvKuODqeODmeODq+WGheOBruaWh+iogCovCiAgICB3aWR0aDogMjAwcHg7IC8q44Op44OZ44Or44Gu44K144Kk44K6Ki8KICAgIGJhY2tncm91bmQtY29sb3I6ICNiZjAwMDA7IC8q44Op44OZ44Or44Gu6ImyKi8KICAgIGZvbnQtc2l6ZTogMTFweDsKICAgIGNvbG9yOiAjZmZmOwogICAgdGV4dC1hbGlnbjogY2VudGVyOwogICAgZGlzcGxheTogYmxvY2s7CiAgICBwYWRkaW5nOiAxcHggNHB4OwogICAgbWFyZ2luLWJvdHRvbTogNHB4OwogICAgYm9yZGVyLXJhZGl1czogMnB4OwogICAgY2xlYXI6IGJvdGg7Cn0KCi8qIOWVhuWTgeWQjeS4i+OBq+Wig+eVjOe3muOBjOWFpeOCiyAqLwpzcGFuLml0ZW1fbmFtZSB7CiAgICBkaXNwbGF5OiBibG9jazsKICAgIGJvcmRlci1ib3R0b206IDJweCBkb3R0ZWQgI2RkZDsKICAgIHBhZGRpbmctYm90dG9tOiA4cHg7Cn0KCi8qIOS+oeagvOOBq+aeoOe3muOBjOOBpOOBjyAqLwp0YWJsZSNyYWt1dGVuTGltaXRlZElkX2NhcnQgewogICAgYmFja2dyb3VuZC1jb2xvcjogI2Y4ZjhmODsKICAgIGJvcmRlcjogMXB4IHNvbGlkICNkZGQ7CiAgICBwYWRkaW5nOiA4cHg7CiAgICBtYXJnaW46IDE2cHggMDsKfQoKc3Bhbi5wcmljZTEgewogICAgY29sb3I6ICMzMzMgIWltcG9ydGFudDsKICAgIGZvbnQtd2VpZ2h0OiBib2xkOwogICAgZm9udC1zaXplOiA4MCUgIWltcG9ydGFudDsKICAgIGxpbmUtaGVpZ2h0OiAzMHB4OwogICAgZGlzcGxheTogaW5saW5lLWJsb2NrOwogICAgbWFyZ2luLXJpZ2h0OiAxNnB4Owp9CgoKI3Jha3V0ZW5MaW1pdGVkSWRfYXJvdW5kQ2FydCBpbnB1dFt2YWx1ZT0i44GK6LK344GE54mp44GL44GU44Gr5YWl44KM44KLIl0gewogICAgICAgIGJhY2tncm91bmQ6IHVybCgiaHR0cDovL2ltYWdlLnJha3V0ZW4uY28uanAvZC1zaG9wMW9uZS9jYWJpbmV0L3NvemFpL2ltZ3JjMDA2NDAzMTM3NC5qcGciKSBsZWZ0IHRvcCBuby1yZXBlYXQ7CiAgICAgICAgd2lkdGg6IDI0MHB4OyAvKuW5hSovCiAgICAgICAgaGVpZ2h0OiA1MHB4OyAvKumrmOOBlSovCiAgICAgICAgdGV4dC1pbmRlbnQ6IDEwMCU7CiAgICAgICAgd2hpdGUtc3BhY2U6IG5vd3JhcDsKICAgICAgICBvdmVyZmxvdzogaGlkZGVuOwogICAgICAgIGJvcmRlcjogbm9uZTsKICAgICAgICBwYWRkaW5nOiAwOwogICAgICAgIG1hcmdpbi10b3A6IDVweCAwOwogICAgICAgIGN1cnNvcjogcG9pbnRlcjsKICAgICAgICB9CgotLT4KPC9zdHlsZT4KCgoKPC9kaXY+PCEtLW1uZXdfd3JhcCBlbmQtLT4KPCEtLW1jYXRfd3JhcCBlbmQtLT4KIDxkaXYgc3R5bGU9ImxpbmUtaGVpZ2h0OiAxMnB0OyI+IDxmb250IGNvbG9yPSIjY2MwMDAwIj48c21hbGw+PHNtYWxsPuKAuwrlvZPlupfjgafjga/jgIHkvbXnlKjosqnlo7LjgpLooYzjgaPjgabjgYTjgovjgZ/jgoHmgKXmv4DjgarpnIDopoHjgavjgojjgorms6jmlofjgYzpm4bkuK3jgZfjgZ/loLTlkIjjgoTjg6Hjg7zjgqvjg7znm7TpgIHlk4Hjgarjganjga/lnKjluqvliIfjgozjgajjgarjgovloLQK5ZCI44GM44GU44GW44GE44G+44GZ44CCPGJyPgombmJzcDsgJm5ic3A7CuWVhuWTgeWcqOW6q+aVsOOBruabtOaWsOOBr+avjuaXpeihjOOBo+OBpuOBiuOCiuOBvuOBmeOBjOOAgeOBlOazqOaWh+OCkuOBhOOBn+OBoOOBhOOBn+W+jOOBq+WcqOW6q+WIh+OCjOOBqOOBquOCi+WgtOWQiOOBjOOBlOOBluOBhOOBvuOBmeOBruOBp+OBguOCieOBi+OBmOOCgeOBlOS6huaJv+OBj+OBoOOBleOBhOOAgjxicj4K44G+44Gf44CB6YWN6YCB5Lit44Gu44OI44Op44OW44Or44KE5LqI5pyf44Gb44Gs44OI44Op44OW44Or44Gq44Gp44Gr44KI44KL6YGF5bu244Gu5Y+v6IO95oCn44KC44GU44GW44GE44G+44GZ44CCPGJyPgrjgZ3jga7pmpvlvZPlupfjgavjgabosqzku7vjgpLosqDjgYbjgZPjgajjga/jgafjgY3jgb7jgZvjgpPjga7jgaflv4XjgZrml6XnqIvjgavkvZnoo5XjgpLjgoLjgaPjgabjgZTms6jmlofjgY/jgaDjgZXjgYTjgII8YnI+CuKAu+Wutumbu+OBquOBqeOBruS/neiovOOBq+OBpOOBjeOBvuOBl+OBpuOBr+ebtOaOpeODoeODvOOCq+ODvOOBuOOBiuWVj+WQiOOBm+OBj+OBoOOBleOBhOOAguW9k+W6l+OBp+OBruWvvuW/nOOBr+OBiuWxiuOBkeW+jDfml6XplpPjga7liJ3mnJ/kuI3oia/jga7jgb/jgajjgarjgorjgb7jgZnjgII8YnI+Cjwvc21hbGw+PC9zbWFsbD48L2ZvbnQ+CjwvZGl2Pjxicj4KCgo8YnI+PGJyPgoKCgo8YnI+PGJyPgoKPGJyPjxicj4=,44CQ6YCB5paZ54Sh5paZ44CRQm9kdW0gQmlzdHJvIEVsZWN0cmljIEJsYWRlIENvZmZlZSBHcmluZGVy6Zu75YuV44OW44Os44O844OJ44Kw44Op44Kk44Oz44OA44O877yaRC1TSE9QIE9ORQ==,6Ly45YWl5a626Zu744Kk44Oz44Od44O844OI6Ly45YWl6ZuR6LKo6Ly45YWl5ZOB44CA6YCa6LKp6Ly45YWl44Kt44OD44OB44Oz5a626Zu75pel5pys5pyq55m65aOy5a626Zu744Kq44O844OH44Kj44Kq6Ly45YWlRFZE6Ly45YWl55uk5YyX57Gz54mI5Lim6KGM6Ly45YWlTEVHT+i8uOWFpeOCq+ODvOeUqOWTgeODh+ODreODs+OCriDjg6zjgrRZb25nbnVv44OH44Kj44K644OL44O844K544OB44O844Oe44O8JnF1b3Q7Z29vZ2xlLXNpdGUtdmVyaWZpY2F0aW9uJnF1b3Q7IGNvbnRlbnQ9JnF1b3Q7RkJiN2xHa3lFOFdYNWpvOFVLcDNWekpKMC0wd0Ntak9VMXFPaEg3Rm1uWSZxdW90OyAv6YCa6LKp44CQ6YCB5paZ54Sh5paZ44CRQm9kdW0gQmlzdHJvIEVsZWN0cmljIEJsYWRlIENvZmZlZSBHcmluZGVy6Zu75YuV44OW44Os44O844OJ44Kw44Op44Kk44Oz44OA44O8,44CA44CC44CQ6YCB5paZ54Sh5paZ44CRQm9kdW0gQmlzdHJvIEVsZWN0cmljIEJsYWRlIENvZmZlZSBHcmluZGVy6Zu75YuV44OW44Os44O844OJ44Kw44Op44Kk44Oz44OA44O8[rn]
29-48571,aHR0cDovL3RzaG9wLnIxMHMuanAvZWJlc3QvY2FiaW5ldC8yMTIvNDkwMjcxNzk5MDI0Ni5qcGc/Zml0aW49NzAwOjcwMA==,MTA1NDguMDAwMA==,,5a626Zu7ID4g44Kt44OD44OB44Oz5a626Zu7ID4g44Kz44O844OS44O844Oh44O844Kr44O844O744Ko44K544OX44Os44OD44K944Oe44K344OzID4g6Zu75YuV44Kz44O844OS44O844Of44Or,44Oh44Oq44K/IE1KLTA4MDMg44Kz44O844OS44O844Of44OrIOOCtuODg+OCu+ODs+ODj+OCpuOCue+9peODn+ODqyDjgrXjg7Pjg4bjgqPjgqLjgrQ=,44CQ6YCB5paZ54Sh5paZ44CR44CQ5Zyo5bqr44GC44KK44CR,PGltZyBzcmM9J2h0dHBzOi8vaW1hZ2UucmFrdXRlbi5jby5qcC9lYmVzdC9jYWJpbmV0L2ViZXN0a2FkZW5femFpa28uZ2lmJyBib3JkZXI9JzAnIGFsdD0n5Zyo5bqr54q25rOB44KS56K66KqN44GZ44KLJz48YnI+PGZvbnQgY29sb3I9IiNmZjAwMDAiPjxiPuKGkeKGkeKGkeato+eiuuOBquWcqOW6q+eKtuazgeOBr+S4iuiomOODkOODiuODvOOAjOWcqOW6q+eKtuazgeOCkueiuuiqjeOBmeOCi+OAjeOCkuOCr+ODquODg+OCr+OBl+OBpumgguOBjeOAgeW/heOBmuOBlOeiuuiqjeOBj+OBoOOBleOBhOOAgjwvYj48L2ZvbnQ+PGJyPjxicj48dGFibGUgYm9yZGVyPSIwIiBjZWxsc3BhY2luZz0iMCIgY2VsbHBhZGRpbmc9IjAiIHdpZHRoPSIxMDAlIj48dHI+PHRkIHdpZHRoPSIxMDAlIj48aW1nIHNyYz0iaHR0cHM6Ly93d3cucmFrdXRlbi5uZS5qcC9nb2xkL2ViZXN0L2ltZy9pbWdfZ3VpZGUvdGx0X29wdGlvbi5qcGciIGJvcmRlcj0iMCIgd2lkdGg9IjEwMCUiPjwvdGQ+PC90cj48dHI+PHRkIHdpZHRoPSIxMDAlIj48aW1nIHNyYz0iaHR0cHM6Ly93d3cucmFrdXRlbi5uZS5qcC9nb2xkL2ViZXN0L2ltZy9pbWdfZ3VpZGUvc3BhY2VyLmdpZiIgd2lkdGg9IjEwMCUiIGhlaWdodD0iMTAiPjwvdGQ+PC90cj48dHI+PHRkPjxmb250IGNvbG9yPSJyZWQiPumVt+acn+S/neiovOOCkuOBlOW4jOacm+OBruOBiuWuouanmOOBr+S4i+iomOOBruihqOOCiOOCiuOAjOWVhuWTge+8i+mVt+acn+S/neiovOOAjeOBruODmuODvOOCuOOBuOenu+WLleOBl+OBpuOBlOazqOaWh+OBj+OBoOOBleOBhOOAgjxicj7igLvplbfmnJ/kv53oqLzjga/ms5XkurrliqDlhaXjgoTmpa3li5nkvb/nlKjjgIHorbLmuKHjgoTlho3osqnjga/jgZTliKnnlKjjgYTjgZ/jgaDjgZHjgb7jgZvjgpPjgII8YnI+6ZW35pyf5L+d6Ki844Gr44Gk44GE44Gm77yw77yj44O744K/44OW44Os44OD44OI44O744OX44Oq44Oz44K/44O844O75bel5YW344Gv44Oh44O844Kr44O85L+d6Ki844KS5ZCr44KB44Gm77yT5bm044CB5a626Zu744Gv77yV5bm06ZaT44Gu5L+d6Ki844Go44Gq44KK44G+44GZ44CCPC9mb250PjwvdGQ+PC90cj48dHI+PHRkIHdpZHRoPSIxMDAlIj48aW1nIHNyYz0iaHR0cHM6Ly93d3cucmFrdXRlbi5uZS5qcC9nb2xkL2ViZXN0L2ltZy9pbWdfZ3VpZGUvc3BhY2VyLmdpZiIgd2lkdGg9IjEwMCUiIGhlaWdodD0iMjAiPjwvdGQ+PC90cj48L3RhYmxlPjx0YWJsZSBib3JkZXI9IjAiIGNlbGxzcGFjaW5nPSIwIiBjZWxscGFkZGluZz0iMCIgd2lkdGg9IjEwMCUiPjx0cj48dGQgd2lkdGg9IjE1JSI+PGltZyBzcmM9Imh0dHBzOi8vd3d3LnJha3V0ZW4ubmUuanAvZ29sZC9lYmVzdC9pbWcvaW1nX2d1aWRlL2J0bl9vcHRpb24wMS5qcGciIGJvcmRlcj0iMCIgd2lkdGg9IjEwMCUiPjwvdGQ+PHRkIHdpZHRoPSIyJSI+PGltZyBzcmM9Imh0dHBzOi8vd3d3LnJha3V0ZW4ubmUuanAvZ29sZC9lYmVzdC9pbWcvaW1nX2d1aWRlL3NwYWNlci5naWYiIHdpZHRoPSIxMDAlIiBoZWlnaHQ9IjEwIj48L3RkPjx0ZCB3aWR0aD0iMTUlIj48aW1nIHNyYz0iaHR0cHM6Ly93d3cucmFrdXRlbi5uZS5qcC9nb2xkL2ViZXN0L2ltZy9pbWdfZ3VpZGUvYnRuX29wdGlvbjAyLmpwZyIgYm9yZGVyPSIwIiB3aWR0aD0iMTAwJSI+PC90ZD48dGQgd2lkdGg9IjIlIj48aW1nIHNyYz0iaHR0cHM6Ly93d3cucmFrdXRlbi5uZS5qcC9nb2xkL2ViZXN0L2ltZy9pbWdfZ3VpZGUvc3BhY2VyLmdpZiIgd2lkdGg9IjEwMCUiIGhlaWdodD0iMTAiPjwvdGQ+PHRkIHdpZHRoPSIxNSUiPjxpbWcgc3JjPSJodHRwczovL3d3dy5yYWt1dGVuLm5lLmpwL2dvbGQvZWJlc3QvaW1nL2ltZ19ndWlkZS9zcGFjZXIuZ2lmIiB3aWR0aD0iMTAwJSIgaGVpZ2h0PSIxMCI+PC90ZD48dGQgd2lkdGg9IjIlIj48aW1nIHNyYz0iaHR0cHM6Ly93d3cucmFrdXRlbi5uZS5qcC9nb2xkL2ViZXN0L2ltZy9pbWdfZ3VpZGUvc3BhY2VyLmdpZiIgd2lkdGg9IjEwMCUiIGhlaWdodD0iMTAiPjwvdGQ+PHRkIHdpZHRoPSIxNSUiPjxpbWcgc3JjPSJodHRwczovL3d3dy5yYWt1dGVuLm5lLmpwL2dvbGQvZWJlc3QvaW1nL2ltZ19ndWlkZS9zcGFjZXIuZ2lmIiB3aWR0aD0iMTAwJSIgaGVpZ2h0PSIxMCI+PC90ZD48dGQgd2lkdGg9IjIlIj48aW1nIHNyYz0iaHR0cHM6Ly93d3cucmFrdXRlbi5uZS5qcC9nb2xkL2ViZXN0L2ltZy9pbWdfZ3VpZGUvc3BhY2VyLmdpZiIgd2lkdGg9IjEwMCUiIGhlaWdodD0iMTAiPjwvdGQ+PHRkIHdpZHRoPSIxNSUiPjxpbWcgc3JjPSJodHRwczovL3d3dy5yYWt1dGVuLm5lLmpwL2dvbGQvZWJlc3QvaW1nL2ltZ19ndWlkZS9zcGFjZXIuZ2lmIiB3aWR0aD0iMTAwJSIgaGVpZ2h0PSIxMCI+PC90ZD48dGQgd2lkdGg9IjIlIj48aW1nIHNyYz0iaHR0cHM6Ly93d3cucmFrdXRlbi5uZS5qcC9nb2xkL2ViZXN0L2ltZy9pbWdfZ3VpZGUvc3BhY2VyLmdpZiIgd2lkdGg9IjEwMCUiIGhlaWdodD0iMTAiPjwvdGQ+PHRkIHdpZHRoPSIxNSUiPjxpbWcgc3JjPSJodHRwczovL3d3dy5yYWt1dGVuLm5lLmpwL2dvbGQvZWJlc3QvaW1nL2ltZ19ndWlkZS9zcGFjZXIuZ2lmIiB3aWR0aD0iMTAwJSIgaGVpZ2h0PSIxMCI+PC90ZD48L3RyPjx0cj48dGQgY29sc3Bhbj0iMTEiIHdpZHRoPSIxMDAlIj48aW1nIHNyYz0iaHR0cHM6Ly93d3cucmFrdXRlbi5uZS5qcC9nb2xkL2ViZXN0L2ltZy9pbWdfZ3VpZGUvc3BhY2VyLmdpZiIgd2lkdGg9IjEwMCUiIGhlaWdodD0iMjAiPjwvdGQ+PC90cj48L3RhYmxlPjx0YWJsZSBib3JkZXI9IjAiIGNlbGxzcGFjaW5nPSIwIiBjZWxscGFkZGluZz0iMCIgd2lkdGg9IjEwMCUiPjx0cj48dGQgY29sc3Bhbj0iNyIgd2lkdGg9IjEwMCUiPjxpbWcgc3JjPSJodHRwczovL3d3dy5yYWt1dGVuLm5lLmpwL2dvbGQvZWJlc3QvaW1nL2ltZ19ndWlkZS90bHRfc2VydmljZS5qcGciIHdpZHRoPSIxMDAlIj48L3RkPjwvdHI+PHRyPjx0ZCBjb2xzcGFuPSI3IiB3aWR0aD0iMTAwJSI+PGltZyBzcmM9Imh0dHBzOi8vd3d3LnJha3V0ZW4ubmUuanAvZ29sZC9lYmVzdC9pbWcvaW1nX2d1aWRlL3NwYWNlci5naWYiIHdpZHRoPSIxMDAlIiBoZWlnaHQ9IjIwIj48L3RkPjwvdHI+PHRyPjx0ZCB3aWR0aD0iMjMlIj48aW1nIHNyYz0iaHR0cHM6Ly93d3cucmFrdXRlbi5uZS5qcC9nb2xkL2ViZXN0L2ltZy9pbWdfZ3VpZGUvYnRuX3NlcnZpY2UwMS5qcGciIHdpZHRoPSIxMDAlIj48L3RkPjx0ZCB3aWR0aD0iMiUiPjxpbWcgc3JjPSJodHRwczovL3d3dy5yYWt1dGVuLm5lLmpwL2dvbGQvZWJlc3QvaW1nL2ltZ19ndWlkZS9zcGFjZXIuZ2lmIiB3aWR0aD0iMTAwJSIgaGVpZ2h0PSIxMCI+PC90ZD48dGQgd2lkdGg9IjIzJSI+PGltZyBzcmM9Imh0dHBzOi8vd3d3LnJha3V0ZW4ubmUuanAvZ29sZC9lYmVzdC9pbWcvaW1nX2d1aWRlL3NwYWNlci5naWYiIHdpZHRoPSIxMDAlIiBoZWlnaHQ9IjEwIj48L3RkPjx0ZCB3aWR0aD0iMiUiPjxpbWcgc3JjPSJodHRwczovL3d3dy5yYWt1dGVuLm5lLmpwL2dvbGQvZWJlc3QvaW1nL2ltZ19ndWlkZS9zcGFjZXIuZ2lmIiB3aWR0aD0iMTAwJSIgaGVpZ2h0PSIxMCI+PC90ZD48dGQgd2lkdGg9IjIzJSI+PGltZyBzcmM9Imh0dHBzOi8vd3d3LnJha3V0ZW4ubmUuanAvZ29sZC9lYmVzdC9pbWcvaW1nX2d1aWRlL3NwYWNlci5naWYiIHdpZHRoPSIxMDAlIiBoZWlnaHQ9IjEwIj48L3RkPjx0ZCB3aWR0aD0iMiUiPjxpbWcgc3JjPSJodHRwczovL3d3dy5yYWt1dGVuLm5lLmpwL2dvbGQvZWJlc3QvaW1nL2ltZ19ndWlkZS9zcGFjZXIuZ2lmIiB3aWR0aD0iMTAwJSIgaGVpZ2h0PSIxMCI+PC90ZD48dGQgd2lkdGg9IjIzJSI+PGltZyBzcmM9Imh0dHBzOi8vd3d3LnJha3V0ZW4ubmUuanAvZ29sZC9lYmVzdC9pbWcvaW1nX2d1aWRlL3NwYWNlci5naWYiIHdpZHRoPSIxMDAlIiBoZWlnaHQ9IjEwIj48L3RkPjwvdHI+PHRyPjx0ZCBjb2xzcGFuPSI3IiB3aWR0aD0iMTAwJSI+PGltZyBzcmM9Imh0dHBzOi8vd3d3LnJha3V0ZW4ubmUuanAvZ29sZC9lYmVzdC9pbWcvaW1nX2d1aWRlL3NwYWNlci5naWYiIHdpZHRoPSIxMDAlIiBoZWlnaHQ9IjIwIj48L3RkPjwvdHI+PC90YWJsZT48YnI+PGJyPuKWoOW6p+OBo+OBn+eKtuaFi+OBp+S4oeiFv+OBq+aMn+OCk+OBp+S9v+eUqOOBmeOCi+OCv+OCpOODlzxicj7ilqDosYbmipXlhaXlj6Pjga7jg5Xjgr/jgpLplovjgZHjgovjgajkuK3jgYzjgrvjg6njg5/jg4Pjgq/jgarjga7jgafjgIHosYbjga7jgZnjgbnjgorjgYzoia/jgY/kvb/nlKjmhJ/jgpLlkbPjgo/jgYjjgb7jgZk8YnI+4pag5YiD44Gv56Gs6LOq54m55q6K6Yu844CC44K244OD44K744Oz44OP44Km44K544Gg44GL44KJ44CB44Gc44Gy44Go44KC5pyr5rC444GP5L2/44GE44Gf44GE44CC44Gd44KT44Gq5rCX5oyB44Gh44Gr5b+c44GI44KJ44KM44KL6ICQ5LmF5oCn44Gu6auY44GE6Ie85YiD44Gn44GZPGJyPjxicj48Yj7jgrXjgqTjgro8L2I+77ya5bmFMTU1eOWlpeihjDE1NXjpq5jjgZUxOTZtbTxicj48Yj7ph43ph488L2I+77yaMC44a2c8YnI+PGI+5p2Q6LOqPC9iPu+8mlvmnKzkvZNd5pyoKOOBtuOBqinpiYTjgIFb5YiDXeehrOizqueJueauiumLvOOAgVBQPGJyPjxiPuWuuemHjyjosYYpPC9iPu+8muODm+ODg+ODkeODvDMwZ+OAgOW8leOBjeWHuuOBlzMwZzxicj48Yj7nlJ/nlKPlm708L2I+77ya44OJ44Kk44OEPGJyPjxicj4=,44Oh44Oq44K/IE1KLTA4MDMg44Kz44O844OS44O844Of44OrIOOCtuODg+OCu+ODs+ODj+OCpuOCue+9peODn+ODqyDjgrXjg7Pjg4bjgqPjgqLjgrTvvJrjgqTjg7zjg5njgrnjg4hQQ+ODu+Wutumbu+mkqA==,44OR44K944Kz44Oz5a626Zu744Kq44O844OH44Kj44Kq576O5a655YGl5bq344Oi44OQ44Kk44Or77yw77yk77yh44OA44Kk44Ko44OD44OI44OG44Os44OT44Of44OL44Kz44Oz44OT44OH44Kq44K944OL44O844K544Kr44OR44O8VC1mYWzjg4bjgqPjg5XjgqHjg7zjg6vml6XnlKjlk4Hjgrnjg53jg7zjg4TjgYrjgoLjgaHjgoPjgrLjg7zjg6DjgYrosrfjgYTlvpfjg6Hjg6rjgr8gTUotMDgwMyDjgrPjg7zjg5Ljg7zjg5/jg6sg44K244OD44K744Oz44OP44Km44K5772l44Of44OrIOOCteODs+ODhuOCo+OCouOCtA==,44CQ6YCB5paZ54Sh5paZ44CR44CQ5Zyo5bqr44GC44KK44CR44CC44Oh44Oq44K/IE1KLTA4MDMg44Kz44O844OS44O844Of44OrIOOCtuODg+OCu+ODs+ODj+OCpuOCue+9peODn+ODqyDjgrXjg7Pjg4bjgqPjgqLjgrQ=[rn]
29-48572,aHR0cDovL3RzaG9wLnIxMHMuanAvZWJlc3QvY2FiaW5ldC8yMTIvNDkwMjcxNzk5MDI0Ni5qcGc/Zml0aW49NzAwOjcwMA==,MTEwNzUuMjAwMA==,,5a626Zu7ID4g44Kt44OD44OB44Oz5a626Zu7ID4g44Kz44O844OS44O844Oh44O844Kr44O844O744Ko44K544OX44Os44OD44K944Oe44K344OzID4g6Zu75YuV44Kz44O844OS44O844Of44Or,44CQ6ZW35pyf5L+d6Ki85LuY44CR44Oh44Oq44K/IE1KLTA4MDMg44Kz44O844OS44O844Of44OrIOOCtuODg+OCu+ODs+ODj+OCpuOCue+9peODn+ODqyDjgrXjg7Pjg4bjgqPjgqLjgrQ=,44CQ6YCB5paZ54Sh5paZ44CR44CQ5Zyo5bqr44GC44KK44CR,PHRhYmxlIGJvcmRlcj0iMCIgY2VsbHNwYWNpbmc9IjAiIGNlbGxwYWRkaW5nPSIwIiB3aWR0aD0iMTAwJSI+PHRyPjx0ZCB3aWR0aD0iMTAwJSI+PGltZyBzcmM9Imh0dHBzOi8vd3d3LnJha3V0ZW4ubmUuanAvZ29sZC9lYmVzdC9pbWcvaW1nX2d1aWRlL3RsdF9vcHRpb24uanBnIiBib3JkZXI9IjAiIHdpZHRoPSIxMDAlIj48L3RkPjwvdHI+PHRyPjx0ZCB3aWR0aD0iMTAwJSI+PGltZyBzcmM9Imh0dHBzOi8vd3d3LnJha3V0ZW4ubmUuanAvZ29sZC9lYmVzdC9pbWcvaW1nX2d1aWRlL3NwYWNlci5naWYiIHdpZHRoPSIxMDAlIiBoZWlnaHQ9IjEwIj48L3RkPjwvdHI+PHRyPjx0ZD48Zm9udCBjb2xvcj0icmVkIj7llYblk4Hjga7lnKjluqvnirbms4Hjga/kuIvooajjga7jgIzllYblk4Hjga7jgb/jgI3jga7jg5rjg7zjgrjjgbjnp7vli5XjgZfjgabjgZTnorroqo3jgY/jgaDjgZXjgYTjgII8YnI+6ZW35pyf5L+d6Ki844Gv5rOV5Lq65qeY77yI5YCL5Lq65qeY5Lul5aSW77yJ44Gu5Yqg5YWl44CB5qWt5YuZ44Gn44Gu5L2/55So44Gv5L+d6Ki85aSW44Go44Gq44KK44G+44GZ44CCPGJyPuW/heOBmumVt+acn+S/neiovOOBruOCteODvOODk+OCueWGheWuueOAgeimj+WumuOCkuS6iOOCgeOBlOeiuuiqjeOBj+OBoOOBleOBhOOAgjxicj7plbfmnJ/kv53oqLzjgpLjgZTluIzmnJvjgZXjgozjgarjgYTloLTlkIjjga/kuIvoqJjjga7ooajjgojjgorjgIzllYblk4Hjga7jgb/jgI3jga7jg5rjg7zjgrjjgbjnp7vli5XjgZfjgabjgZTms6jmlofjgY/jgaDjgZXjgYTjgII8YnI+77yV5bm06ZaT6ZW35pyf5L+d6Ki84oC777yw77yj44CB44K/44OW44Os44OD44OI44CB44OX44Oq44Oz44K/44O844CB5bel5YW344Gv77yT5bm044Go44Gq44KK44G+44GZ44CCPC9mb250PjwvdGQ+PC90cj48dHI+PHRkIHdpZHRoPSIxMDAlIj48aW1nIHNyYz0iaHR0cHM6Ly93d3cucmFrdXRlbi5uZS5qcC9nb2xkL2ViZXN0L2ltZy9pbWdfZ3VpZGUvc3BhY2VyLmdpZiIgd2lkdGg9IjEwMCUiIGhlaWdodD0iMjAiPjwvdGQ+PC90cj48L3RhYmxlPjx0YWJsZSBib3JkZXI9IjAiIGNlbGxzcGFjaW5nPSIwIiBjZWxscGFkZGluZz0iMCIgd2lkdGg9IjEwMCUiPjx0cj48dGQgd2lkdGg9IjE1JSI+PGltZyBzcmM9Imh0dHBzOi8vd3d3LnJha3V0ZW4ubmUuanAvZ29sZC9lYmVzdC9pbWcvaW1nX2d1aWRlL2J0bl9vcHRpb24wMS5qcGciIGJvcmRlcj0iMCIgd2lkdGg9IjEwMCUiPjwvdGQ+PHRkIHdpZHRoPSIyJSI+PGltZyBzcmM9Imh0dHBzOi8vd3d3LnJha3V0ZW4ubmUuanAvZ29sZC9lYmVzdC9pbWcvaW1nX2d1aWRlL3NwYWNlci5naWYiIHdpZHRoPSIxMDAlIiBoZWlnaHQ9IjEwIj48L3RkPjx0ZCB3aWR0aD0iMTUlIj48aW1nIHNyYz0iaHR0cHM6Ly93d3cucmFrdXRlbi5uZS5qcC9nb2xkL2ViZXN0L2ltZy9pbWdfZ3VpZGUvYnRuX29wdGlvbjAyLmpwZyIgYm9yZGVyPSIwIiB3aWR0aD0iMTAwJSI+PC90ZD48dGQgd2lkdGg9IjIlIj48aW1nIHNyYz0iaHR0cHM6Ly93d3cucmFrdXRlbi5uZS5qcC9nb2xkL2ViZXN0L2ltZy9pbWdfZ3VpZGUvc3BhY2VyLmdpZiIgd2lkdGg9IjEwMCUiIGhlaWdodD0iMTAiPjwvdGQ+PHRkIHdpZHRoPSIxNSUiPjxpbWcgc3JjPSJodHRwczovL3d3dy5yYWt1dGVuLm5lLmpwL2dvbGQvZWJlc3QvaW1nL2ltZ19ndWlkZS9zcGFjZXIuZ2lmIiB3aWR0aD0iMTAwJSIgaGVpZ2h0PSIxMCI+PC90ZD48dGQgd2lkdGg9IjIlIj48aW1nIHNyYz0iaHR0cHM6Ly93d3cucmFrdXRlbi5uZS5qcC9nb2xkL2ViZXN0L2ltZy9pbWdfZ3VpZGUvc3BhY2VyLmdpZiIgd2lkdGg9IjEwMCUiIGhlaWdodD0iMTAiPjwvdGQ+PHRkIHdpZHRoPSIxNSUiPjxpbWcgc3JjPSJodHRwczovL3d3dy5yYWt1dGVuLm5lLmpwL2dvbGQvZWJlc3QvaW1nL2ltZ19ndWlkZS9zcGFjZXIuZ2lmIiB3aWR0aD0iMTAwJSIgaGVpZ2h0PSIxMCI+PC90ZD48dGQgd2lkdGg9IjIlIj48aW1nIHNyYz0iaHR0cHM6Ly93d3cucmFrdXRlbi5uZS5qcC9nb2xkL2ViZXN0L2ltZy9pbWdfZ3VpZGUvc3BhY2VyLmdpZiIgd2lkdGg9IjEwMCUiIGhlaWdodD0iMTAiPjwvdGQ+PHRkIHdpZHRoPSIxNSUiPjxpbWcgc3JjPSJodHRwczovL3d3dy5yYWt1dGVuLm5lLmpwL2dvbGQvZWJlc3QvaW1nL2ltZ19ndWlkZS9zcGFjZXIuZ2lmIiB3aWR0aD0iMTAwJSIgaGVpZ2h0PSIxMCI+PC90ZD48dGQgd2lkdGg9IjIlIj48aW1nIHNyYz0iaHR0cHM6Ly93d3cucmFrdXRlbi5uZS5qcC9nb2xkL2ViZXN0L2ltZy9pbWdfZ3VpZGUvc3BhY2VyLmdpZiIgd2lkdGg9IjEwMCUiIGhlaWdodD0iMTAiPjwvdGQ+PHRkIHdpZHRoPSIxNSUiPjxpbWcgc3JjPSJodHRwczovL3d3dy5yYWt1dGVuLm5lLmpwL2dvbGQvZWJlc3QvaW1nL2ltZ19ndWlkZS9zcGFjZXIuZ2lmIiB3aWR0aD0iMTAwJSIgaGVpZ2h0PSIxMCI+PC90ZD48L3RyPjx0cj48dGQgY29sc3Bhbj0iMTEiIHdpZHRoPSIxMDAlIj48aW1nIHNyYz0iaHR0cHM6Ly93d3cucmFrdXRlbi5uZS5qcC9nb2xkL2ViZXN0L2ltZy9pbWdfZ3VpZGUvc3BhY2VyLmdpZiIgd2lkdGg9IjEwMCUiIGhlaWdodD0iMjAiPjwvdGQ+PC90cj48L3RhYmxlPjx0YWJsZSBib3JkZXI9IjAiIGNlbGxzcGFjaW5nPSIwIiBjZWxscGFkZGluZz0iMCIgd2lkdGg9IjEwMCUiPjx0cj48dGQgY29sc3Bhbj0iNyIgd2lkdGg9IjEwMCUiPjxpbWcgc3JjPSJodHRwczovL3d3dy5yYWt1dGVuLm5lLmpwL2dvbGQvZWJlc3QvaW1nL2ltZ19ndWlkZS90bHRfc2VydmljZS5qcGciIHdpZHRoPSIxMDAlIj48L3RkPjwvdHI+PHRyPjx0ZCBjb2xzcGFuPSI3IiB3aWR0aD0iMTAwJSI+PGltZyBzcmM9Imh0dHBzOi8vd3d3LnJha3V0ZW4ubmUuanAvZ29sZC9lYmVzdC9pbWcvaW1nX2d1aWRlL3NwYWNlci5naWYiIHdpZHRoPSIxMDAlIiBoZWlnaHQ9IjIwIj48L3RkPjwvdHI+PHRyPjx0ZCB3aWR0aD0iMjMlIj48aW1nIHNyYz0iaHR0cHM6Ly93d3cucmFrdXRlbi5uZS5qcC9nb2xkL2ViZXN0L2ltZy9pbWdfZ3VpZGUvYnRuX3NlcnZpY2UwMS5qcGciIHdpZHRoPSIxMDAlIj48L3RkPjx0ZCB3aWR0aD0iMiUiPjxpbWcgc3JjPSJodHRwczovL3d3dy5yYWt1dGVuLm5lLmpwL2dvbGQvZWJlc3QvaW1nL2ltZ19ndWlkZS9zcGFjZXIuZ2lmIiB3aWR0aD0iMTAwJSIgaGVpZ2h0PSIxMCI+PC90ZD48dGQgd2lkdGg9IjIzJSI+PGltZyBzcmM9Imh0dHBzOi8vd3d3LnJha3V0ZW4ubmUuanAvZ29sZC9lYmVzdC9pbWcvaW1nX2d1aWRlL3NwYWNlci5naWYiIHdpZHRoPSIxMDAlIiBoZWlnaHQ9IjEwIj48L3RkPjx0ZCB3aWR0aD0iMiUiPjxpbWcgc3JjPSJodHRwczovL3d3dy5yYWt1dGVuLm5lLmpwL2dvbGQvZWJlc3QvaW1nL2ltZ19ndWlkZS9zcGFjZXIuZ2lmIiB3aWR0aD0iMTAwJSIgaGVpZ2h0PSIxMCI+PC90ZD48dGQgd2lkdGg9IjIzJSI+PGltZyBzcmM9Imh0dHBzOi8vd3d3LnJha3V0ZW4ubmUuanAvZ29sZC9lYmVzdC9pbWcvaW1nX2d1aWRlL3NwYWNlci5naWYiIHdpZHRoPSIxMDAlIiBoZWlnaHQ9IjEwIj48L3RkPjx0ZCB3aWR0aD0iMiUiPjxpbWcgc3JjPSJodHRwczovL3d3dy5yYWt1dGVuLm5lLmpwL2dvbGQvZWJlc3QvaW1nL2ltZ19ndWlkZS9zcGFjZXIuZ2lmIiB3aWR0aD0iMTAwJSIgaGVpZ2h0PSIxMCI+PC90ZD48dGQgd2lkdGg9IjIzJSI+PGltZyBzcmM9Imh0dHBzOi8vd3d3LnJha3V0ZW4ubmUuanAvZ29sZC9lYmVzdC9pbWcvaW1nX2d1aWRlL3NwYWNlci5naWYiIHdpZHRoPSIxMDAlIiBoZWlnaHQ9IjEwIj48L3RkPjwvdHI+PHRyPjx0ZCBjb2xzcGFuPSI3IiB3aWR0aD0iMTAwJSI+PGltZyBzcmM9Imh0dHBzOi8vd3d3LnJha3V0ZW4ubmUuanAvZ29sZC9lYmVzdC9pbWcvaW1nX2d1aWRlL3NwYWNlci5naWYiIHdpZHRoPSIxMDAlIiBoZWlnaHQ9IjIwIj48L3RkPjwvdHI+PC90YWJsZT48YnI+PGJyPuKWoOW6p+OBo+OBn+eKtuaFi+OBp+S4oeiFv+OBq+aMn+OCk+OBp+S9v+eUqOOBmeOCi+OCv+OCpOODlzxicj7ilqDosYbmipXlhaXlj6Pjga7jg5Xjgr/jgpLplovjgZHjgovjgajkuK3jgYzjgrvjg6njg5/jg4Pjgq/jgarjga7jgafjgIHosYbjga7jgZnjgbnjgorjgYzoia/jgY/kvb/nlKjmhJ/jgpLlkbPjgo/jgYjjgb7jgZk8YnI+4pag5YiD44Gv56Gs6LOq54m55q6K6Yu844CC44K244OD44K744Oz44OP44Km44K544Gg44GL44KJ44CB44Gc44Gy44Go44KC5pyr5rC444GP5L2/44GE44Gf44GE44CC44Gd44KT44Gq5rCX5oyB44Gh44Gr5b+c44GI44KJ44KM44KL6ICQ5LmF5oCn44Gu6auY44GE6Ie85YiD44Gn44GZPGJyPjxicj48Yj7jgrXjgqTjgro8L2I+77ya5bmFMTU1eOWlpeihjDE1NXjpq5jjgZUxOTZtbTxicj48Yj7ph43ph488L2I+77yaMC44a2c8YnI+PGI+5p2Q6LOqPC9iPu+8mlvmnKzkvZNd5pyoKOOBtuOBqinpiYTjgIFb5YiDXeehrOizqueJueauiumLvOOAgVBQPGJyPjxiPuWuuemHjyjosYYpPC9iPu+8muODm+ODg+ODkeODvDMwZ+OAgOW8leOBjeWHuuOBlzMwZzxicj48Yj7nlJ/nlKPlm708L2I+77ya44OJ44Kk44OEPGJyPjxicj4=,44CQ6ZW35pyf5L+d6Ki85LuY44CR44Oh44Oq44K/IE1KLTA4MDMg44Kz44O844OS44O844Of44OrIOOCtuODg+OCu+ODs+ODj+OCpuOCue+9peODn+ODqyDjgrXjg7Pjg4bjgqPjgqLjgrTvvJrjgqTjg7zjg5njgrnjg4hQQ+ODu+Wutumbu+mkqA==,44OR44K944Kz44Oz5a626Zu744Kq44O844OH44Kj44Kq576O5a655YGl5bq344Oi44OQ44Kk44Or77yw77yk77yh44OA44Kk44Ko44OD44OI44OG44Os44OT44Of44OL44Kz44Oz44OT44OH44Kq44K944OL44O844K544Kr44OR44O8VC1mYWzjg4bjgqPjg5XjgqHjg7zjg6vml6XnlKjlk4Hjgrnjg53jg7zjg4TjgYrjgoLjgaHjgoPjgrLjg7zjg6DjgYrosrfjgYTlvpfjgJDplbfmnJ/kv53oqLzku5jjgJHjg6Hjg6rjgr8gTUotMDgwMyDjgrPjg7zjg5Ljg7zjg5/jg6sg44K244OD44K744Oz44OP44Km44K5772l44Of44OrIOOCteODs+ODhuOCo+OCouOCtA==,44CQ6YCB5paZ54Sh5paZ44CR44CQ5Zyo5bqr44GC44KK44CR44CC44CQ6ZW35pyf5L+d6Ki85LuY44CR44Oh44Oq44K/IE1KLTA4MDMg44Kz44O844OS44O844Of44OrIOOCtuODg+OCu+ODs+ODj+OCpuOCue+9peODn+ODqyDjgrXjg7Pjg4bjgqPjgqLjgrQ=[rn]
29-48573,aHR0cDovL3RzaG9wLnIxMHMuanAvdG9ra2EtY29tL2NhYmluZXQvODIvNDkwMjcxNzk5MDI0Ni5qcGc/Zml0aW49NzAwOjcwMA==,MTAxNTIuMDAwMA==,,5a626Zu7ID4g44Kt44OD44OB44Oz5a626Zu7ID4g44Kz44O844OS44O844Oh44O844Kr44O844O744Ko44K544OX44Os44OD44K944Oe44K344OzID4g6Zu75YuV44Kz44O844OS44O844Of44Or,44Oh44Oq44K/IE1KLTA4MDMg44Kz44O844OS44O844Of44OrIOOCtuODg+OCu+ODs+ODj+OCpuOCue+9peODn+ODqyDjgrXjg7Pjg4bjgqPjgqLjgrQ=,44CQ5Zyo5bqr44GC44KK44CR,PGltZyBzcmM9J2h0dHBzOi8vaW1hZ2UucmFrdXRlbi5jby5qcC90b2trYS1jb20vY2FiaW5ldC90b2trYV96YWlrby5naWYnIGJvcmRlcj0nMCcgYWx0PSfpgIHmlpnjg7vlnKjluqvnirbms4HjgpLnorroqo3jgZnjgosnPjxicj48Zm9udCBjb2xvcj0iI2ZmMDAwMCI+PGI+4oaR4oaR4oaR5q2j56K644Gq5Zyo5bqr54q25rOB44Gv5LiK6KiY44OQ44OK44O844CM6YCB5paZ44O75Zyo5bqr54q25rOB44KS56K66KqN44GZ44KL44CN44KS44Kv44Oq44OD44Kv44GX44Gm6aCC44GN44CB5b+F44Ga44GU56K66KqN44GP44Gg44GV44GE44CCPC9iPjwvZm9udD48YnI+PGJyPjx0YWJsZSBib3JkZXI9IjAiIGNlbGxzcGFjaW5nPSIwIiBjZWxscGFkZGluZz0iMCIgd2lkdGg9IjEwMCUiPjx0cj48dGQgd2lkdGg9IjEwMCUiPjxpbWcgc3JjPSJodHRwczovL3d3dy5yYWt1dGVuLm5lLmpwL2dvbGQvdG9ra2EtY29tL2ltZy9pbWdfZ3VpZGUvdGx0X29wdGlvbi5qcGciIGJvcmRlcj0iMCIgd2lkdGg9IjEwMCUiPjwvdGQ+PC90cj48dHI+PHRkIHdpZHRoPSIxMDAlIj48aW1nIHNyYz0iaHR0cHM6Ly93d3cucmFrdXRlbi5uZS5qcC9nb2xkL3Rva2thLWNvbS9pbWcvaW1nX2d1aWRlL3NwYWNlci5naWYiIHdpZHRoPSIxMDAlIiBoZWlnaHQ9IjEwIj48L3RkPjwvdHI+PHRyPjx0ZD48Zm9udCBjb2xvcj0icmVkIj7plbfmnJ/kv53oqLzjgpLjgZTluIzmnJvjga7jgYrlrqLmp5jjga/kuIvoqJjjga7ooajjgojjgorjgIzllYblk4HvvIvplbfmnJ/kv53oqLzjgI3jga7jg5rjg7zjgrjjgbjnp7vli5XjgZfjgabjgZTms6jmlofjgY/jgaDjgZXjgYTjgII8YnI+4oC76ZW35pyf5L+d6Ki844Gv5rOV5Lq65Yqg5YWl44KE5qWt5YuZ5L2/55So44CB6K2y5rih44KE5YaN6LKp44Gv44GU5Yip55So44GE44Gf44Gg44GR44G+44Gb44KT44CCPGJyPumVt+acn+S/neiovOOBq+OBpOOBhOOBpu+8sO+8o+ODu+OCv+ODluODrOODg+ODiOODu+ODl+ODquODs+OCv+ODvOODu+W3peWFt+OBr+ODoeODvOOCq+ODvOS/neiovOOCkuWQq+OCgeOBpu+8k+W5tOOAgeWutumbu+OBr++8leW5tOmWk+OBruS/neiovOOBqOOBquOCiuOBvuOBmeOAgjwvZm9udD48L3RkPjwvdHI+PHRyPjx0ZCB3aWR0aD0iMTAwJSI+PGltZyBzcmM9Imh0dHBzOi8vd3d3LnJha3V0ZW4ubmUuanAvZ29sZC90b2trYS1jb20vaW1nL2ltZ19ndWlkZS9zcGFjZXIuZ2lmIiB3aWR0aD0iMTAwJSIgaGVpZ2h0PSIyMCI+PC90ZD48L3RyPjwvdGFibGU+PHRhYmxlIGJvcmRlcj0iMCIgY2VsbHNwYWNpbmc9IjAiIGNlbGxwYWRkaW5nPSIwIiB3aWR0aD0iMTAwJSI+PHRyPjx0ZCB3aWR0aD0iMTUlIj48aW1nIHNyYz0iaHR0cHM6Ly93d3cucmFrdXRlbi5uZS5qcC9nb2xkL3Rva2thLWNvbS9pbWcvaW1nX2d1aWRlL2J0bl9vcHRpb24wMS5qcGciIGJvcmRlcj0iMCIgd2lkdGg9IjEwMCUiPjwvdGQ+PHRkIHdpZHRoPSIyJSI+PGltZyBzcmM9Imh0dHBzOi8vd3d3LnJha3V0ZW4ubmUuanAvZ29sZC90b2trYS1jb20vaW1nL2ltZ19ndWlkZS9zcGFjZXIuZ2lmIiB3aWR0aD0iMTAwJSIgaGVpZ2h0PSIxMCI+PC90ZD48dGQgd2lkdGg9IjE1JSI+PGltZyBzcmM9Imh0dHBzOi8vd3d3LnJha3V0ZW4ubmUuanAvZ29sZC90b2trYS1jb20vaW1nL2ltZ19ndWlkZS9idG5fb3B0aW9uMDIuanBnIiBib3JkZXI9IjAiIHdpZHRoPSIxMDAlIj48L3RkPjx0ZCB3aWR0aD0iMiUiPjxpbWcgc3JjPSJodHRwczovL3d3dy5yYWt1dGVuLm5lLmpwL2dvbGQvdG9ra2EtY29tL2ltZy9pbWdfZ3VpZGUvc3BhY2VyLmdpZiIgd2lkdGg9IjEwMCUiIGhlaWdodD0iMTAiPjwvdGQ+PHRkIHdpZHRoPSIxNSUiPjxpbWcgc3JjPSJodHRwczovL3d3dy5yYWt1dGVuLm5lLmpwL2dvbGQvdG9ra2EtY29tL2ltZy9pbWdfZ3VpZGUvc3BhY2VyLmdpZiIgd2lkdGg9IjEwMCUiIGhlaWdodD0iMTAiPjwvdGQ+PHRkIHdpZHRoPSIyJSI+PGltZyBzcmM9Imh0dHBzOi8vd3d3LnJha3V0ZW4ubmUuanAvZ29sZC90b2trYS1jb20vaW1nL2ltZ19ndWlkZS9zcGFjZXIuZ2lmIiB3aWR0aD0iMTAwJSIgaGVpZ2h0PSIxMCI+PC90ZD48dGQgd2lkdGg9IjE1JSI+PGltZyBzcmM9Imh0dHBzOi8vd3d3LnJha3V0ZW4ubmUuanAvZ29sZC90b2trYS1jb20vaW1nL2ltZ19ndWlkZS9zcGFjZXIuZ2lmIiB3aWR0aD0iMTAwJSIgaGVpZ2h0PSIxMCI+PC90ZD48dGQgd2lkdGg9IjIlIj48aW1nIHNyYz0iaHR0cHM6Ly93d3cucmFrdXRlbi5uZS5qcC9nb2xkL3Rva2thLWNvbS9pbWcvaW1nX2d1aWRlL3NwYWNlci5naWYiIHdpZHRoPSIxMDAlIiBoZWlnaHQ9IjEwIj48L3RkPjx0ZCB3aWR0aD0iMTUlIj48aW1nIHNyYz0iaHR0cHM6Ly93d3cucmFrdXRlbi5uZS5qcC9nb2xkL3Rva2thLWNvbS9pbWcvaW1nX2d1aWRlL3NwYWNlci5naWYiIHdpZHRoPSIxMDAlIiBoZWlnaHQ9IjEwIj48L3RkPjx0ZCB3aWR0aD0iMiUiPjxpbWcgc3JjPSJodHRwczovL3d3dy5yYWt1dGVuLm5lLmpwL2dvbGQvdG9ra2EtY29tL2ltZy9pbWdfZ3VpZGUvc3BhY2VyLmdpZiIgd2lkdGg9IjEwMCUiIGhlaWdodD0iMTAiPjwvdGQ+PHRkIHdpZHRoPSIxNSUiPjxpbWcgc3JjPSJodHRwczovL3d3dy5yYWt1dGVuLm5lLmpwL2dvbGQvdG9ra2EtY29tL2ltZy9pbWdfZ3VpZGUvc3BhY2VyLmdpZiIgd2lkdGg9IjEwMCUiIGhlaWdodD0iMTAiPjwvdGQ+PC90cj48dHI+PHRkIGNvbHNwYW49IjExIiB3aWR0aD0iMTAwJSI+PGltZyBzcmM9Imh0dHBzOi8vd3d3LnJha3V0ZW4ubmUuanAvZ29sZC90b2trYS1jb20vaW1nL2ltZ19ndWlkZS9zcGFjZXIuZ2lmIiB3aWR0aD0iMTAwJSIgaGVpZ2h0PSIyMCI+PC90ZD48L3RyPjwvdGFibGU+PHRhYmxlIGJvcmRlcj0iMCIgY2VsbHNwYWNpbmc9IjAiIGNlbGxwYWRkaW5nPSIwIiB3aWR0aD0iMTAwJSI+PHRyPjx0ZCBjb2xzcGFuPSI3IiB3aWR0aD0iMTAwJSI+PGltZyBzcmM9Imh0dHBzOi8vd3d3LnJha3V0ZW4ubmUuanAvZ29sZC90b2trYS1jb20vaW1nL2ltZ19ndWlkZS90bHRfc2VydmljZS5qcGciIHdpZHRoPSIxMDAlIj48L3RkPjwvdHI+PHRyPjx0ZCBjb2xzcGFuPSI3IiB3aWR0aD0iMTAwJSI+PGltZyBzcmM9Imh0dHBzOi8vd3d3LnJha3V0ZW4ubmUuanAvZ29sZC90b2trYS1jb20vaW1nL2ltZ19ndWlkZS9zcGFjZXIuZ2lmIiB3aWR0aD0iMTAwJSIgaGVpZ2h0PSIyMCI+PC90ZD48L3RyPjx0cj48dGQgd2lkdGg9IjIzJSI+PGltZyBzcmM9Imh0dHBzOi8vd3d3LnJha3V0ZW4ubmUuanAvZ29sZC90b2trYS1jb20vaW1nL2ltZ19ndWlkZS9idG5fc2VydmljZTAxLmpwZyIgd2lkdGg9IjEwMCUiPjwvdGQ+PHRkIHdpZHRoPSIyJSI+PGltZyBzcmM9Imh0dHBzOi8vd3d3LnJha3V0ZW4ubmUuanAvZ29sZC90b2trYS1jb20vaW1nL2ltZ19ndWlkZS9zcGFjZXIuZ2lmIiB3aWR0aD0iMTAwJSIgaGVpZ2h0PSIxMCI+PC90ZD48dGQgd2lkdGg9IjIzJSI+PGltZyBzcmM9Imh0dHBzOi8vd3d3LnJha3V0ZW4ubmUuanAvZ29sZC90b2trYS1jb20vaW1nL2ltZ19ndWlkZS9zcGFjZXIuZ2lmIiB3aWR0aD0iMTAwJSIgaGVpZ2h0PSIxMCI+PC90ZD48dGQgd2lkdGg9IjIlIj48aW1nIHNyYz0iaHR0cHM6Ly93d3cucmFrdXRlbi5uZS5qcC9nb2xkL3Rva2thLWNvbS9pbWcvaW1nX2d1aWRlL3NwYWNlci5naWYiIHdpZHRoPSIxMDAlIiBoZWlnaHQ9IjEwIj48L3RkPjx0ZCB3aWR0aD0iMjMlIj48aW1nIHNyYz0iaHR0cHM6Ly93d3cucmFrdXRlbi5uZS5qcC9nb2xkL3Rva2thLWNvbS9pbWcvaW1nX2d1aWRlL3NwYWNlci5naWYiIHdpZHRoPSIxMDAlIiBoZWlnaHQ9IjEwIj48L3RkPjx0ZCB3aWR0aD0iMiUiPjxpbWcgc3JjPSJodHRwczovL3d3dy5yYWt1dGVuLm5lLmpwL2dvbGQvdG9ra2EtY29tL2ltZy9pbWdfZ3VpZGUvc3BhY2VyLmdpZiIgd2lkdGg9IjEwMCUiIGhlaWdodD0iMTAiPjwvdGQ+PHRkIHdpZHRoPSIyMyUiPjxpbWcgc3JjPSJodHRwczovL3d3dy5yYWt1dGVuLm5lLmpwL2dvbGQvdG9ra2EtY29tL2ltZy9pbWdfZ3VpZGUvc3BhY2VyLmdpZiIgd2lkdGg9IjEwMCUiIGhlaWdodD0iMTAiPjwvdGQ+PC90cj48dHI+PHRkIGNvbHNwYW49IjciIHdpZHRoPSIxMDAlIj48aW1nIHNyYz0iaHR0cHM6Ly93d3cucmFrdXRlbi5uZS5qcC9nb2xkL3Rva2thLWNvbS9pbWcvaW1nX2d1aWRlL3NwYWNlci5naWYiIHdpZHRoPSIxMDAlIiBoZWlnaHQ9IjIwIj48L3RkPjwvdHI+PC90YWJsZT48YnI+PGJyPuKWoOW6p+OBo+OBn+eKtuaFi+OBp+S4oeiFv+OBq+aMn+OCk+OBp+S9v+eUqOOBmeOCi+OCv+OCpOODlzxicj7ilqDosYbmipXlhaXlj6Pjga7jg5Xjgr/jgpLplovjgZHjgovjgajkuK3jgYzjgrvjg6njg5/jg4Pjgq/jgarjga7jgafjgIHosYbjga7jgZnjgbnjgorjgYzoia/jgY/kvb/nlKjmhJ/jgpLlkbPjgo/jgYjjgb7jgZk8YnI+4pag5YiD44Gv56Gs6LOq54m55q6K6Yu844CC44K244OD44K744Oz44OP44Km44K544Gg44GL44KJ44CB44Gc44Gy44Go44KC5pyr5rC444GP5L2/44GE44Gf44GE44CC44Gd44KT44Gq5rCX5oyB44Gh44Gr5b+c44GI44KJ44KM44KL6ICQ5LmF5oCn44Gu6auY44GE6Ie85YiD44Gn44GZPGJyPjxicj48Yj7jgrXjgqTjgro8L2I+77ya5bmFMTU1eOWlpeihjDE1NXjpq5jjgZUxOTZtbTxicj48Yj7ph43ph488L2I+77yaMC44a2c8YnI+PGI+5p2Q6LOqPC9iPu+8mlvmnKzkvZNd5pyoKOOBtuOBqinpiYTjgIFb5YiDXeehrOizqueJueauiumLvOOAgVBQPGJyPjxiPuWuuemHjyjosYYpPC9iPu+8muODm+ODg+ODkeODvDMwZ+OAgOW8leOBjeWHuuOBlzMwZzxicj48Yj7nlJ/nlKPlm708L2I+77ya44OJ44Kk44OEPGJyPjxicj48c3R5bGUgdHlwZT0idGV4dC9jc3MiPgovKuiyt+OBhOeJqeOCq+OCtOODnOOCv+ODsyovCiNyYWt1dGVuTGltaXRlZElkX2Fyb3VuZENhcnQgaW5wdXRbdmFsdWU9Iuiyt+OBhOeJqeOBi+OBlOOBq+WFpeOCjOOCiyJdewoJYmFja2dyb3VuZDp1cmwoImh0dHA6Ly9pbWFnZS5yYWt1dGVuLmNvLmpwL3Rva2thLWNvbS9jYWJpbmV0L2ltZ19idG4vcnRfY2FydF9idG4uZ2lmIikgMCAwIG5vLXJlcGVhdDsKCXdpZHRoOiAxOThweDsKCWhlaWdodDogNDVweDsKCWJvcmRlcjpub25lOwoJbWFyZ2luLWJvdHRvbTogMTBweDsKCWN1cnNvcjogcG9pbnRlcjsKCWN1cnNvcjogaGFuZDsKCXRleHQtaW5kZW50Oi05OTk5cHg7Cn0KI3Jha3V0ZW5MaW1pdGVkSWRfYXJvdW5kQ2FydCBpbnB1dFt2YWx1ZT0i6LK344GE54mp44GL44GU44Gr5YWl44KM44KLIl06aG92ZXJ7CglvcGFjaXR5OjAuODsgIAoJZmlsdGVyOiBhbHBoYShvcGFjaXR5PTgwKTsgIAoJLW1zLWZpbHRlcjogImFscGhhKCBvcGFjaXR5PTgwICkiOyAgCn0KPC9zdHlsZT4=,44Oh44Oq44K/IE1KLTA4MDMg44Kz44O844OS44O844Of44OrIOOCtuODg+OCu+ODs+ODj+OCpuOCue+9peODn+ODqyDjgrXjg7Pjg4bjgqPjgqLjgrTvvJrnibnkvqFDT00=,44Oh44Oq44K/IE1KLTA4MDMg44Kz44O844OS44O844Of44OrIOOCtuODg+OCu+ODs+ODj+OCpuOCue+9peODn+ODqyDjgrXjg7Pjg4bjgqPjgqLjgrQ=,44CQ5Zyo5bqr44GC44KK44CR44CC44Oh44Oq44K/IE1KLTA4MDMg44Kz44O844OS44O844Of44OrIOOCtuODg+OCu+ODs+ODj+OCpuOCue+9peODn+ODqyDjgrXjg7Pjg4bjgqPjgqLjgrQ=[rn]
29-48574,aHR0cDovL3RzaG9wLnIxMHMuanAvdG9ra2EtY29tL2NhYmluZXQvODIvNDkwMjcxNzk5MDI0Ni5qcGc/Zml0aW49NzAwOjcwMA==,MTA2NjAuMDAwMA==,,5a626Zu7ID4g44Kt44OD44OB44Oz5a626Zu7ID4g44Kz44O844OS44O844Oh44O844Kr44O844O744Ko44K544OX44Os44OD44K944Oe44K344OzID4g6Zu75YuV44Kz44O844OS44O844Of44Or,44CQ6ZW35pyf5L+d6Ki85LuY44CR44Oh44Oq44K/IE1KLTA4MDMg44Kz44O844OS44O844Of44OrIOOCtuODg+OCu+ODs+ODj+OCpuOCue+9peODn+ODqyDjgrXjg7Pjg4bjgqPjgqLjgrQ=,44CQ5Zyo5bqr44GC44KK44CR,PHRhYmxlIGJvcmRlcj0iMCIgY2VsbHNwYWNpbmc9IjAiIGNlbGxwYWRkaW5nPSIwIiB3aWR0aD0iMTAwJSI+PHRyPjx0ZCB3aWR0aD0iMTAwJSI+PGltZyBzcmM9Imh0dHBzOi8vd3d3LnJha3V0ZW4ubmUuanAvZ29sZC90b2trYS1jb20vaW1nL2ltZ19ndWlkZS90bHRfb3B0aW9uLmpwZyIgYm9yZGVyPSIwIiB3aWR0aD0iMTAwJSI+PC90ZD48L3RyPjx0cj48dGQgd2lkdGg9IjEwMCUiPjxpbWcgc3JjPSJodHRwczovL3d3dy5yYWt1dGVuLm5lLmpwL2dvbGQvdG9ra2EtY29tL2ltZy9pbWdfZ3VpZGUvc3BhY2VyLmdpZiIgd2lkdGg9IjEwMCUiIGhlaWdodD0iMTAiPjwvdGQ+PC90cj48dHI+PHRkPjxmb250IGNvbG9yPSJyZWQiPuWVhuWTgeOBruWcqOW6q+eKtuazgeOBr+S4i+ihqOOBruOAjOWVhuWTgeOBruOBv+OAjeOBruODmuODvOOCuOOBuOenu+WLleOBl+OBpuOBlOeiuuiqjeOBj+OBoOOBleOBhOOAgjxicj7plbfmnJ/kv53oqLzjga/ms5Xkurrmp5jvvIjlgIvkurrmp5jku6XlpJbvvInjga7liqDlhaXjgIHmpa3li5njgafjga7kvb/nlKjjga/kv53oqLzlpJbjgajjgarjgorjgb7jgZnjgII8YnI+5b+F44Ga6ZW35pyf5L+d6Ki844Gu44K144O844OT44K55YaF5a6544CB6KaP5a6a44KS5LqI44KB44GU56K66KqN44GP44Gg44GV44GE44CCPGJyPumVt+acn+S/neiovOOCkuOBlOW4jOacm+OBleOCjOOBquOBhOWgtOWQiOOBr+S4i+iomOOBruihqOOCiOOCiuOAjOWVhuWTgeOBruOBv+OAjeOBruODmuODvOOCuOOBuOenu+WLleOBl+OBpuOBlOazqOaWh+OBj+OBoOOBleOBhOOAgjxicj7vvJXlubTplpPplbfmnJ/kv53oqLzigLvvvLDvvKPjgIHjgr/jg5bjg6zjg4Pjg4jjgIHjg5fjg6rjg7Pjgr/jg7zjgIHlt6Xlhbfjga/vvJPlubTjgajjgarjgorjgb7jgZnjgII8L2ZvbnQ+PC90ZD48L3RyPjx0cj48dGQgd2lkdGg9IjEwMCUiPjxpbWcgc3JjPSJodHRwczovL3d3dy5yYWt1dGVuLm5lLmpwL2dvbGQvdG9ra2EtY29tL2ltZy9pbWdfZ3VpZGUvc3BhY2VyLmdpZiIgd2lkdGg9IjEwMCUiIGhlaWdodD0iMjAiPjwvdGQ+PC90cj48L3RhYmxlPjx0YWJsZSBib3JkZXI9IjAiIGNlbGxzcGFjaW5nPSIwIiBjZWxscGFkZGluZz0iMCIgd2lkdGg9IjEwMCUiPjx0cj48dGQgd2lkdGg9IjE1JSI+PGltZyBzcmM9Imh0dHBzOi8vd3d3LnJha3V0ZW4ubmUuanAvZ29sZC90b2trYS1jb20vaW1nL2ltZ19ndWlkZS9idG5fb3B0aW9uMDEuanBnIiBib3JkZXI9IjAiIHdpZHRoPSIxMDAlIj48L3RkPjx0ZCB3aWR0aD0iMiUiPjxpbWcgc3JjPSJodHRwczovL3d3dy5yYWt1dGVuLm5lLmpwL2dvbGQvdG9ra2EtY29tL2ltZy9pbWdfZ3VpZGUvc3BhY2VyLmdpZiIgd2lkdGg9IjEwMCUiIGhlaWdodD0iMTAiPjwvdGQ+PHRkIHdpZHRoPSIxNSUiPjxpbWcgc3JjPSJodHRwczovL3d3dy5yYWt1dGVuLm5lLmpwL2dvbGQvdG9ra2EtY29tL2ltZy9pbWdfZ3VpZGUvYnRuX29wdGlvbjAyLmpwZyIgYm9yZGVyPSIwIiB3aWR0aD0iMTAwJSI+PC90ZD48dGQgd2lkdGg9IjIlIj48aW1nIHNyYz0iaHR0cHM6Ly93d3cucmFrdXRlbi5uZS5qcC9nb2xkL3Rva2thLWNvbS9pbWcvaW1nX2d1aWRlL3NwYWNlci5naWYiIHdpZHRoPSIxMDAlIiBoZWlnaHQ9IjEwIj48L3RkPjx0ZCB3aWR0aD0iMTUlIj48aW1nIHNyYz0iaHR0cHM6Ly93d3cucmFrdXRlbi5uZS5qcC9nb2xkL3Rva2thLWNvbS9pbWcvaW1nX2d1aWRlL3NwYWNlci5naWYiIHdpZHRoPSIxMDAlIiBoZWlnaHQ9IjEwIj48L3RkPjx0ZCB3aWR0aD0iMiUiPjxpbWcgc3JjPSJodHRwczovL3d3dy5yYWt1dGVuLm5lLmpwL2dvbGQvdG9ra2EtY29tL2ltZy9pbWdfZ3VpZGUvc3BhY2VyLmdpZiIgd2lkdGg9IjEwMCUiIGhlaWdodD0iMTAiPjwvdGQ+PHRkIHdpZHRoPSIxNSUiPjxpbWcgc3JjPSJodHRwczovL3d3dy5yYWt1dGVuLm5lLmpwL2dvbGQvdG9ra2EtY29tL2ltZy9pbWdfZ3VpZGUvc3BhY2VyLmdpZiIgd2lkdGg9IjEwMCUiIGhlaWdodD0iMTAiPjwvdGQ+PHRkIHdpZHRoPSIyJSI+PGltZyBzcmM9Imh0dHBzOi8vd3d3LnJha3V0ZW4ubmUuanAvZ29sZC90b2trYS1jb20vaW1nL2ltZ19ndWlkZS9zcGFjZXIuZ2lmIiB3aWR0aD0iMTAwJSIgaGVpZ2h0PSIxMCI+PC90ZD48dGQgd2lkdGg9IjE1JSI+PGltZyBzcmM9Imh0dHBzOi8vd3d3LnJha3V0ZW4ubmUuanAvZ29sZC90b2trYS1jb20vaW1nL2ltZ19ndWlkZS9zcGFjZXIuZ2lmIiB3aWR0aD0iMTAwJSIgaGVpZ2h0PSIxMCI+PC90ZD48dGQgd2lkdGg9IjIlIj48aW1nIHNyYz0iaHR0cHM6Ly93d3cucmFrdXRlbi5uZS5qcC9nb2xkL3Rva2thLWNvbS9pbWcvaW1nX2d1aWRlL3NwYWNlci5naWYiIHdpZHRoPSIxMDAlIiBoZWlnaHQ9IjEwIj48L3RkPjx0ZCB3aWR0aD0iMTUlIj48aW1nIHNyYz0iaHR0cHM6Ly93d3cucmFrdXRlbi5uZS5qcC9nb2xkL3Rva2thLWNvbS9pbWcvaW1nX2d1aWRlL3NwYWNlci5naWYiIHdpZHRoPSIxMDAlIiBoZWlnaHQ9IjEwIj48L3RkPjwvdHI+PHRyPjx0ZCBjb2xzcGFuPSIxMSIgd2lkdGg9IjEwMCUiPjxpbWcgc3JjPSJodHRwczovL3d3dy5yYWt1dGVuLm5lLmpwL2dvbGQvdG9ra2EtY29tL2ltZy9pbWdfZ3VpZGUvc3BhY2VyLmdpZiIgd2lkdGg9IjEwMCUiIGhlaWdodD0iMjAiPjwvdGQ+PC90cj48L3RhYmxlPjx0YWJsZSBib3JkZXI9IjAiIGNlbGxzcGFjaW5nPSIwIiBjZWxscGFkZGluZz0iMCIgd2lkdGg9IjEwMCUiPjx0cj48dGQgY29sc3Bhbj0iNyIgd2lkdGg9IjEwMCUiPjxpbWcgc3JjPSJodHRwczovL3d3dy5yYWt1dGVuLm5lLmpwL2dvbGQvdG9ra2EtY29tL2ltZy9pbWdfZ3VpZGUvdGx0X3NlcnZpY2UuanBnIiB3aWR0aD0iMTAwJSI+PC90ZD48L3RyPjx0cj48dGQgY29sc3Bhbj0iNyIgd2lkdGg9IjEwMCUiPjxpbWcgc3JjPSJodHRwczovL3d3dy5yYWt1dGVuLm5lLmpwL2dvbGQvdG9ra2EtY29tL2ltZy9pbWdfZ3VpZGUvc3BhY2VyLmdpZiIgd2lkdGg9IjEwMCUiIGhlaWdodD0iMjAiPjwvdGQ+PC90cj48dHI+PHRkIHdpZHRoPSIyMyUiPjxpbWcgc3JjPSJodHRwczovL3d3dy5yYWt1dGVuLm5lLmpwL2dvbGQvdG9ra2EtY29tL2ltZy9pbWdfZ3VpZGUvYnRuX3NlcnZpY2UwMS5qcGciIHdpZHRoPSIxMDAlIj48L3RkPjx0ZCB3aWR0aD0iMiUiPjxpbWcgc3JjPSJodHRwczovL3d3dy5yYWt1dGVuLm5lLmpwL2dvbGQvdG9ra2EtY29tL2ltZy9pbWdfZ3VpZGUvc3BhY2VyLmdpZiIgd2lkdGg9IjEwMCUiIGhlaWdodD0iMTAiPjwvdGQ+PHRkIHdpZHRoPSIyMyUiPjxpbWcgc3JjPSJodHRwczovL3d3dy5yYWt1dGVuLm5lLmpwL2dvbGQvdG9ra2EtY29tL2ltZy9pbWdfZ3VpZGUvc3BhY2VyLmdpZiIgd2lkdGg9IjEwMCUiIGhlaWdodD0iMTAiPjwvdGQ+PHRkIHdpZHRoPSIyJSI+PGltZyBzcmM9Imh0dHBzOi8vd3d3LnJha3V0ZW4ubmUuanAvZ29sZC90b2trYS1jb20vaW1nL2ltZ19ndWlkZS9zcGFjZXIuZ2lmIiB3aWR0aD0iMTAwJSIgaGVpZ2h0PSIxMCI+PC90ZD48dGQgd2lkdGg9IjIzJSI+PGltZyBzcmM9Imh0dHBzOi8vd3d3LnJha3V0ZW4ubmUuanAvZ29sZC90b2trYS1jb20vaW1nL2ltZ19ndWlkZS9zcGFjZXIuZ2lmIiB3aWR0aD0iMTAwJSIgaGVpZ2h0PSIxMCI+PC90ZD48dGQgd2lkdGg9IjIlIj48aW1nIHNyYz0iaHR0cHM6Ly93d3cucmFrdXRlbi5uZS5qcC9nb2xkL3Rva2thLWNvbS9pbWcvaW1nX2d1aWRlL3NwYWNlci5naWYiIHdpZHRoPSIxMDAlIiBoZWlnaHQ9IjEwIj48L3RkPjx0ZCB3aWR0aD0iMjMlIj48aW1nIHNyYz0iaHR0cHM6Ly93d3cucmFrdXRlbi5uZS5qcC9nb2xkL3Rva2thLWNvbS9pbWcvaW1nX2d1aWRlL3NwYWNlci5naWYiIHdpZHRoPSIxMDAlIiBoZWlnaHQ9IjEwIj48L3RkPjwvdHI+PHRyPjx0ZCBjb2xzcGFuPSI3IiB3aWR0aD0iMTAwJSI+PGltZyBzcmM9Imh0dHBzOi8vd3d3LnJha3V0ZW4ubmUuanAvZ29sZC90b2trYS1jb20vaW1nL2ltZ19ndWlkZS9zcGFjZXIuZ2lmIiB3aWR0aD0iMTAwJSIgaGVpZ2h0PSIyMCI+PC90ZD48L3RyPjwvdGFibGU+PGJyPjxicj7ilqDluqfjgaPjgZ/nirbmhYvjgafkuKHohb/jgavmjJ/jgpPjgafkvb/nlKjjgZnjgovjgr/jgqTjg5c8YnI+4pag6LGG5oqV5YWl5Y+j44Gu44OV44K/44KS6ZaL44GR44KL44Go5Lit44GM44K744Op44Of44OD44Kv44Gq44Gu44Gn44CB6LGG44Gu44GZ44G544KK44GM6Imv44GP5L2/55So5oSf44KS5ZGz44KP44GI44G+44GZPGJyPuKWoOWIg+OBr+ehrOizqueJueauiumLvOOAguOCtuODg+OCu+ODs+ODj+OCpuOCueOBoOOBi+OCieOAgeOBnOOBsuOBqOOCguacq+awuOOBj+S9v+OBhOOBn+OBhOOAguOBneOCk+OBquawl+aMgeOBoeOBq+W/nOOBiOOCieOCjOOCi+iAkOS5heaAp+OBrumrmOOBhOiHvOWIg+OBp+OBmTxicj48YnI+PGI+44K144Kk44K6PC9iPu+8muW5hTE1NXjlpaXooYwxNTV46auY44GVMTk2bW08YnI+PGI+6YeN6YePPC9iPu+8mjAuOGtnPGJyPjxiPuadkOizqjwvYj7vvJpb5pys5L2TXeacqCjjgbbjgaop6YmE44CBW+WIg13noazos6rnibnmrorpi7zjgIFQUDxicj48Yj7lrrnph48o6LGGKTwvYj7vvJrjg5vjg4Pjg5Hjg7wzMGfjgIDlvJXjgY3lh7rjgZczMGc8YnI+PGI+55Sf55Sj5Zu9PC9iPu+8muODieOCpOODhDxicj48YnI+PHN0eWxlIHR5cGU9InRleHQvY3NzIj4KLyrosrfjgYTnianjgqvjgrTjg5zjgr/jg7MqLwojcmFrdXRlbkxpbWl0ZWRJZF9hcm91bmRDYXJ0IGlucHV0W3ZhbHVlPSLosrfjgYTnianjgYvjgZTjgavlhaXjgozjgosiXXsKCWJhY2tncm91bmQ6dXJsKCJodHRwOi8vaW1hZ2UucmFrdXRlbi5jby5qcC90b2trYS1jb20vY2FiaW5ldC9pbWdfYnRuL3J0X2NhcnRfYnRuLmdpZiIpIDAgMCBuby1yZXBlYXQ7Cgl3aWR0aDogMTk4cHg7CgloZWlnaHQ6IDQ1cHg7Cglib3JkZXI6bm9uZTsKCW1hcmdpbi1ib3R0b206IDEwcHg7CgljdXJzb3I6IHBvaW50ZXI7CgljdXJzb3I6IGhhbmQ7Cgl0ZXh0LWluZGVudDotOTk5OXB4Owp9CiNyYWt1dGVuTGltaXRlZElkX2Fyb3VuZENhcnQgaW5wdXRbdmFsdWU9Iuiyt+OBhOeJqeOBi+OBlOOBq+WFpeOCjOOCiyJdOmhvdmVyewoJb3BhY2l0eTowLjg7ICAKCWZpbHRlcjogYWxwaGEob3BhY2l0eT04MCk7ICAKCS1tcy1maWx0ZXI6ICJhbHBoYSggb3BhY2l0eT04MCApIjsgIAp9Cjwvc3R5bGU+,44CQ6ZW35pyf5L+d6Ki85LuY44CR44Oh44Oq44K/IE1KLTA4MDMg44Kz44O844OS44O844Of44OrIOOCtuODg+OCu+ODs+ODj+OCpuOCue+9peODn+ODqyDjgrXjg7Pjg4bjgqPjgqLjgrTvvJrnibnkvqFDT00=,44CQ6ZW35pyf5L+d6Ki85LuY44CR44Oh44Oq44K/IE1KLTA4MDMg44Kz44O844OS44O844Of44OrIOOCtuODg+OCu+ODs+ODj+OCpuOCue+9peODn+ODqyDjgrXjg7Pjg4bjgqPjgqLjgrQ=,44CQ5Zyo5bqr44GC44KK44CR44CC44CQ6ZW35pyf5L+d6Ki85LuY44CR44Oh44Oq44K/IE1KLTA4MDMg44Kz44O844OS44O844Of44OrIOOCtuODg+OCu+ODs+ODj+OCpuOCue+9peODn+ODqyDjgrXjg7Pjg4bjgqPjgqLjgrQ=[rn]
29-48575,aHR0cDovL3RzaG9wLnIxMHMuanAvZ2FuYmFyZW9rdXNhbi9jYWJpbmV0L3NhbnlvdS9zYS05NDE0OTY5MzAyMDM2LTAuanBnP2ZpdGluPTcwMDo3MDA=,NTYwLjAwMDA=,,5a626Zu7ID4g44Kt44OD44OB44Oz5a626Zu7ID4g44Kt44OD44OB44Oz5a626Zu755So44Ki44Kv44K744K144Oq44O844O76YOo5ZOBID4g44Kz44O844OS44O844Oh44O844Kr44O844O744Ko44K544OX44Os44OD44K944Oe44K344Oz55So44Ki44Kv44K744K144Oq44O8,W0NsaWNrQ2xhY2td44Kv44Oq44OD44Kv44Kv44Op44OD44KvIOOCreODo+ODi+OCueOCv+ODvCDjg5bjg6vjg7wgMS42TCAzMDIwMy02,,PGRpdiBpZD0ic3BlYzEiPjxkaXYgY2xhc3M9InNwZWMxQm94IGNsZWFyIj48IS0tIOOCueODmuODg+OCryAtLT48cCBjbGFzcz0ic3BlY1R4dDEiPlNQRUM8L3A+PHAgY2xhc3M9InNwZWNUeHQyIj7ilqDjg4vjg6Xjg7zjgrjjg7zjg6njg7Pjg4noo73jga7jgYrjgZfjgoPjgozjgarjgq3jg6Pjgavjgrnjgr/jg7zvvIjkv53lrZjlrrnlmajvvIk8YnI+PGJyPjxicj7jgrXjgqTjgro6UjE0NcOXSDE2NW1tPGJyPuacrOS9k+mHjemHjzozMjBnPGJyPuadkOizqjrjg5Xjgr8v44Od44Oq44Ko44OB44Os44Oz44CB5pys5L2TL+ODneODquOCueODgeODrOODszxicj7ljp/nlKPlm70644OL44Ol44O844K444O844Op44Oz44OJPGJyPjxicj48YnI+4oC744GT44Gh44KJ44Gu5ZWG5ZOB44Gv44Oh44O844Kr44O85Y+W44KK5a+E44Gb5ZWG5ZOB44Go44Gq44KK44G+44GZ44CC6YCa5bi477yU5pel772e77yR77yQ5pel5Lul5YaF44Gn44GK5bGK44GR44GE44Gf44GX44G+44GZ44CC5Zyo5bqr44Gu5qyg5ZOB44Gq44Gp44Gu5aC05ZCI44CB57+M5Za25qWt5pel6aCD44Gr44GU6YCj57Wh44GE44Gf44GX44G+44GZ44CCPGJyPjwvZGl2PjwvZGl2PjxkaXYgaWQ9Im1lZGFtYSI+CjxwIGNsYXNzPSJtaWRhbWVtaWRhc2hpIj7pgIHmlpnnhKHmlpnimIbjgYrjgZnjgZnjgoHjgqLjgqTjg4bjg6A8L3A+Cjx0YWJsZSBjZWxsc3BhY2luZz0iMCIgY2VsbHBhZGRpbmc9IjAiIGJvcmRlcj0iMCIgYWxpZ249ImNlbnRlciIgYmdjb2xvcj0iI2RkZGRkZCI+PHRyIHZhbGlnbj0idG9wIiBhbGlnbj0iY2VudGVyIj48dGQ+Cgo8aW1nIHNyYz0iaHR0cDovL3RodW1ibmFpbC5pbWFnZS5yYWt1dGVuLmNvLmpwL0AwX21hbGwvZ2FuYmFyZW9rdXNhbi9jYWJpbmV0L3NhLTQ1L3NhLTQ1MTE1NDYwNzg3NjhfMS5qcGc/X2V4PTEyMHgxMjAmYW1wO3M9MiZhbXA7cj0xIiBib3JkZXI9IjAiIGFsdD0i44GK44Gr44GO44KK5Z6L44Op44Oz44OB5be+552AIj4KCTx0YWJsZSB3aWR0aD0iMTIwIiBjZWxsc3BhY2luZz0iMCIgY2VsbHBhZGRpbmc9IjAiIGJvcmRlcj0iMCI+Cgk8dHI+Cgk8dGQgY2xhc3M9Imxvc3NsZWFkZXJfaXRlbV9uYW1lIiBhbGlnbj0iY2VudGVyIj7jgJAxMjk25YaG44CR576O5ZGz44GX44Gd44GG44Gq44Op44Oz44OB5be+552A4pmq5L+d5Ya35qmf6IO95LuY44GNPC90ZD4KCTwvdHI+Cgk8L3RhYmxlPgo8L3RkPgo8dGQgd2lkdGg9IjgiIHJvd3NwYW49IjIiPjxpbWcgd2lkdGg9IjgiIHNyYz0iL2NvbS9pbWcvaG9tZS90LmdpZiIgaGVpZ2h0PSIxIiBhbHQ9IiI+PC90ZD4KPHRkPjxpbWcgc3JjPSJodHRwOi8vdGh1bWJuYWlsLmltYWdlLnJha3V0ZW4uY28uanAvQDBfbWFsbC9nYW5iYXJlb2t1c2FuL2NhYmluZXQvc2EtNC9zYS00NTgwMzI4NjIwMjQyLmpwZz9fZXg9MTIweDEyMCZhbXA7cz0yJmFtcDtyPTEiIGJvcmRlcj0iMCIgYWx0PSLjgrDjg7zjg5Hjg7wiPgoJPHRhYmxlIHdpZHRoPSIxMjAiIGNlbGxzcGFjaW5nPSIwIiBjZWxscGFkZGluZz0iMCIgYm9yZGVyPSIwIj4KCTx0cj4KCTx0ZCBjbGFzcz0ibG9zc2xlYWRlcl9pdGVtX25hbWUiIGFsaWduPSJjZW50ZXIiPuOAkDEyNTDlhobjgJHml6XmnKzoo70g44Gr44GO44KL44Gg44GR44Gn5o6b44GR44KL44Go5aSW44GZ44GM6LaF57Ch5Y2Y44Gr77yBPC90ZD4KCTwvdHI+Cgk8L3RhYmxlPgo8L3RkPgo8dGQgd2lkdGg9IjgiIHJvd3NwYW49IjIiPjxpbWcgd2lkdGg9IjgiIHNyYz0iL2NvbS9pbWcvaG9tZS90LmdpZiIgaGVpZ2h0PSIxIiBhbHQ9IiI+PC90ZD4KPHRkPjxpbWcgc3JjPSJodHRwOi8vdGh1bWJuYWlsLmltYWdlLnJha3V0ZW4uY28uanAvQDBfbWFsbC9nYW5iYXJlb2t1c2FuL2NhYmluZXQvc2Evc2EtNDkzMTU0NjQyMjQyMC0wLmpwZz9fZXg9MTIweDEyMCZhbXA7cz0yJmFtcDtyPTEiIGJvcmRlcj0iMCIgYWx0PSLjg4/jgqTjg5vjg7zjg6A0MDBnIj4KCTx0YWJsZSB3aWR0aD0iMTIwIiBjZWxsc3BhY2luZz0iMCIgY2VsbHBhZGRpbmc9IjAiIGJvcmRlcj0iMCI+Cgk8dHI+Cgk8dGQgY2xhc3M9Imxvc3NsZWFkZXJfaXRlbV9uYW1lIiBhbGlnbj0iY2VudGVyIj7jgJAxNDA05YaG44CR5pel5pys6KO9IOS4h+iDveOCr+ODrOODs+OCtuODvCDjg4/jgqTjg5vjg7zjg6AgNDAwZzwvdGQ+Cgk8L3RyPgoJPC90YWJsZT4KPC90ZD4KPHRkIHdpZHRoPSI4IiByb3dzcGFuPSIyIj48aW1nIHdpZHRoPSI4IiBzcmM9Ii9jb20vaW1nL2hvbWUvdC5naWYiIGhlaWdodD0iMSIgYWx0PSIiPjwvdGQ+Cjx0ZD48aW1nIHNyYz0iaHR0cDovL3RodW1ibmFpbC5pbWFnZS5yYWt1dGVuLmNvLmpwL0AwX21hbGwvZ2FuYmFyZW9rdXNhbi9jYWJpbmV0L3NhL3NhNjA5NjI5XzMuanBnP19leD0xMjB4MTIwJmFtcDtzPTImYW1wO3I9MSIgYm9yZGVyPSIwIiBhbHQ9IltJbnRlckRlc2lnbl3jgqTjg7Pjgr/jg7zjg4fjgrbjgqTjg7NCbHVteuOCt+ODs+OCr+ODnuODg+ODiEwvR1AxMCI+Cgk8dGFibGUgd2lkdGg9IjEyMCIgY2VsbHNwYWNpbmc9IjAiIGNlbGxwYWRkaW5nPSIwIiBib3JkZXI9IjAiPgoJPHRyPgoJPHRkIGNsYXNzPSJsb3NzbGVhZGVyX2l0ZW1fbmFtZSIgYWxpZ249ImNlbnRlciI+44CQMTYyMOWGhuOAkVtJbnRlckRlc2lnbl1CbHVteiDjgrfjg7Pjgq/jg57jg4Pjg4ggTDwvdGQ+Cgk8L3RyPgoJPC90YWJsZT4KPC90ZD4KPHRkIHdpZHRoPSI4IiByb3dzcGFuPSIyIj48aW1nIHdpZHRoPSI4IiBzcmM9Ii9jb20vaW1nL2hvbWUvdC5naWYiIGhlaWdodD0iMSIgYWx0PSIiPjwvdGQ+Cjx0ZD48aW1nIHNyYz0iaHR0cDovL3RodW1ibmFpbC5pbWFnZS5yYWt1dGVuLmNvLmpwL0AwX21hbGwvZ2FuYmFyZW9rdXNhbi9jYWJpbmV0L3NhL3NhLTQ5NzY2NTQxNTAzMzktMC5qcGc/X2V4PTEyMHgxMjAmYW1wO3M9MiZhbXA7cj0xIiBib3JkZXI9IjAiIGFsdD0i44OZ44Oz44Oq44OK44O85LiH6IO96YeO6I+c6Kq/55CG5ZmoQ0JWMDQvQ0JWMDIiPgoJPHRhYmxlIHdpZHRoPSIxMjAiIGNlbGxzcGFjaW5nPSIwIiBjZWxscGFkZGluZz0iMCIgYm9yZGVyPSIwIj4KCTx0cj4KCTx0ZCBjbGFzcz0ibG9zc2xlYWRlcl9pdGVtX25hbWUiIGFsaWduPSJjZW50ZXIiPuOAkDIyNjjlhobjgJHml6XmnKzoo70g5LiH6IO96YeO6I+c6Kq/55CG5ZmoIOODmeODs+ODquODiuODvCDljJbnsqfnrrHlhaXjgoo8L3RkPgoJPC90cj4KCTwvdGFibGU+CjwvdGQ+Cjx0ZCB3aWR0aD0iOCIgcm93c3Bhbj0iMiI+PGltZyB3aWR0aD0iOCIgc3JjPSIvY29tL2ltZy9ob21lL3QuZ2lmIiBoZWlnaHQ9IjEiIGFsdD0iIj48L3RkPgo8dGQ+PGltZyBzcmM9Imh0dHA6Ly90aHVtYm5haWwuaW1hZ2UucmFrdXRlbi5jby5qcC9AMF9tYWxsL2dhbmJhcmVva3VzYW4vY2FiaW5ldC9zYS9zYS15b3NoaW9rYTAxXzEuanBnP19leD0xMjB4MTIwJmFtcDtzPTImYW1wO3I9MSIgYm9yZGVyPSIwIiBhbHQ9IuWliOiJryDlkInlsqHllYblupcg6JqK5biz5biD5be+IDPmnprlhaXjgooiPgoJPHRhYmxlIHdpZHRoPSIxMjAiIGNlbGxzcGFjaW5nPSIwIiBjZWxscGFkZGluZz0iMCIgYm9yZGVyPSIwIj4KCTx0cj4KCTx0ZCBjbGFzcz0ibG9zc2xlYWRlcl9pdGVtX25hbWUiIGFsaWduPSJjZW50ZXIiPuOAkDk4MOWGhuOAkeaXpeacrOijvSDlkInlsqHllYblupcg6JqK5biz44G144GN44KTIDPmnprlhaXjgoo8L3RkPgoJPC90cj4KCTwvdGFibGU+CjwvdGQ+CjwvdHI+CjwvdGFibGU+CjwvZGl2PgoKCjxzdHlsZT4JCi8qIOebrueOieWVhuWTgSAqLwpkaXYjbWVkYW1hewp3aWR0aDo3ODBweDsKYmFja2dyb3VuZC1jb2xvcjogI2RkZGRkZDsKfQpkaXYjbWVkYW1hIHAubWlkYW1lbWlkYXNoaXsKZm9udC1zaXplOjEycHg7CndpZHRoOjc4MHB4OwpiYWNrZ3JvdW5kLWNvbG9yOiNhYWFhYWE7CnBhZGRpbmc6OHB4IDA7CmNvbG9yOiNmZmZmZmY7CnRleHQtYWxpZ246Y2VudGVyOwpsZXR0ZXItc3BhY2luZzogMC4zZW07Cm1hcmdpbi1ib3R0b206MTBweDsKfQp0YWJsZSB0ciB0ZC5sb3NzbGVhZGVyX2l0ZW1fbmFtZSBhewoJZm9udC1zaXplOjEycHg7Cgljb2xvcjojNjY2NjY2OwoJbGV0dGVyLXNwYWNpbmc6IDAuMDVlbTsKCXRleHQtYWxpZ246bGVmdDsKfQp0YWJsZSB0ciB0ZC5sb3NzbGVhZGVyX2l0ZW1fbmFtZXsKCXRleHQtYWxpZ246bGVmdCAhaW1wb3J0YW50Owp2ZXJ0aWNhbC1hbGlnbjogdG9wICFpbXBvcnRhbnQ7CmJhY2tncm91bmQtY29sb3I6ICNkZGRkZGQ7CnBhZGRpbmc6NXB4IDA7Cn0KPC9zdHlsZT4=,W0NsaWNrQ2xhY2td44Kv44Oq44OD44Kv44Kv44Op44OD44KvIOOCreODo+ODi+OCueOCv+ODvCDjg5bjg6vjg7wgMS42TCAzMDIwMy0277ya44Kt44OD44OB44Oz6ZuR6LKoc2hvcOOCrOODs+ODkOODrOWlpeOBleOCkw==,W0NsaWNrQ2xhY2td44Kv44Oq44OD44Kv44Kv44Op44OD44KvIOOCreODo+ODi+OCueOCv+ODvCDjg5bjg6vjg7wgMS42TCAzMDIwMy02,W0NsaWNrQ2xhY2td44Kv44Oq44OD44Kv44Kv44Op44OD44KvIOOCreODo+ODi+OCueOCv+ODvCDjg5bjg6vjg7wgMS42TCAzMDIwMy02[rn]
29-48576,aHR0cDovL3RzaG9wLnIxMHMuanAvZ2FuYmFyZW9rdXNhbi9jYWJpbmV0L3NhbnlvdS9zYS05NDE0OTY5MzAyNTMxLTAuanBnP2ZpdGluPTcwMDo3MDA=,NjE2LjAwMDA=,,5a626Zu7ID4g44Kt44OD44OB44Oz5a626Zu7ID4g44Kt44OD44OB44Oz5a626Zu755So44Ki44Kv44K744K144Oq44O844O76YOo5ZOBID4g44Kz44O844OS44O844Oh44O844Kr44O844O744Ko44K544OX44Os44OD44K944Oe44K344Oz55So44Ki44Kv44K744K144Oq44O8,W0NsaWNrQ2xhY2td44Kv44Oq44OD44Kv44Kv44Op44OD44KvIOOCreODo+ODi+OCueOCv+ODvCDjg5bjg6vjg7wgMi4xTCAzMDI1My0x,,PGRpdiBpZD0ic3BlYzEiPjxkaXYgY2xhc3M9InNwZWMxQm94IGNsZWFyIj48IS0tIOOCueODmuODg+OCryAtLT48cCBjbGFzcz0ic3BlY1R4dDEiPlNQRUM8L3A+PHAgY2xhc3M9InNwZWNUeHQyIj7ilqDjg4vjg6Xjg7zjgrjjg7zjg6njg7Pjg4noo73jga7jgYrjgZfjgoPjgozjgarjgq3jg6Pjgavjgrnjgr/jg7zvvIjkv53lrZjlrrnlmajvvIk8YnI+PGJyPjxicj7jgrXjgqTjgro6UjE0NcOXSDIxNW1tPGJyPuacrOS9k+mHjemHjzozNzBnPGJyPuadkOizqjrjg5Xjgr8v44Od44Oq44Ko44OB44Os44Oz44CB5pys5L2TL+ODneODquOCueODgeODrOODszxicj7ljp/nlKPlm70644OL44Ol44O844K444O844Op44Oz44OJPGJyPjxicj48YnI+4oC744GT44Gh44KJ44Gu5ZWG5ZOB44Gv44Oh44O844Kr44O85Y+W44KK5a+E44Gb5ZWG5ZOB44Go44Gq44KK44G+44GZ44CC6YCa5bi477yU5pel772e77yR77yQ5pel5Lul5YaF44Gn44GK5bGK44GR44GE44Gf44GX44G+44GZ44CC5Zyo5bqr44Gu5qyg5ZOB44Gq44Gp44Gu5aC05ZCI44CB57+M5Za25qWt5pel6aCD44Gr44GU6YCj57Wh44GE44Gf44GX44G+44GZ44CCPGJyPjwvZGl2PjwvZGl2PjxkaXYgaWQ9Im1lZGFtYSI+CjxwIGNsYXNzPSJtaWRhbWVtaWRhc2hpIj7pgIHmlpnnhKHmlpnimIbjgYrjgZnjgZnjgoHjgqLjgqTjg4bjg6A8L3A+Cjx0YWJsZSBjZWxsc3BhY2luZz0iMCIgY2VsbHBhZGRpbmc9IjAiIGJvcmRlcj0iMCIgYWxpZ249ImNlbnRlciIgYmdjb2xvcj0iI2RkZGRkZCI+PHRyIHZhbGlnbj0idG9wIiBhbGlnbj0iY2VudGVyIj48dGQ+Cgo8aW1nIHNyYz0iaHR0cDovL3RodW1ibmFpbC5pbWFnZS5yYWt1dGVuLmNvLmpwL0AwX21hbGwvZ2FuYmFyZW9rdXNhbi9jYWJpbmV0L3NhLTQ1L3NhLTQ1MTE1NDYwNzg3NjhfMS5qcGc/X2V4PTEyMHgxMjAmYW1wO3M9MiZhbXA7cj0xIiBib3JkZXI9IjAiIGFsdD0i44GK44Gr44GO44KK5Z6L44Op44Oz44OB5be+552AIj4KCTx0YWJsZSB3aWR0aD0iMTIwIiBjZWxsc3BhY2luZz0iMCIgY2VsbHBhZGRpbmc9IjAiIGJvcmRlcj0iMCI+Cgk8dHI+Cgk8dGQgY2xhc3M9Imxvc3NsZWFkZXJfaXRlbV9uYW1lIiBhbGlnbj0iY2VudGVyIj7jgJAxMjk25YaG44CR576O5ZGz44GX44Gd44GG44Gq44Op44Oz44OB5be+552A4pmq5L+d5Ya35qmf6IO95LuY44GNPC90ZD4KCTwvdHI+Cgk8L3RhYmxlPgo8L3RkPgo8dGQgd2lkdGg9IjgiIHJvd3NwYW49IjIiPjxpbWcgd2lkdGg9IjgiIHNyYz0iL2NvbS9pbWcvaG9tZS90LmdpZiIgaGVpZ2h0PSIxIiBhbHQ9IiI+PC90ZD4KPHRkPjxpbWcgc3JjPSJodHRwOi8vdGh1bWJuYWlsLmltYWdlLnJha3V0ZW4uY28uanAvQDBfbWFsbC9nYW5iYXJlb2t1c2FuL2NhYmluZXQvc2EtNC9zYS00NTgwMzI4NjIwMjQyLmpwZz9fZXg9MTIweDEyMCZhbXA7cz0yJmFtcDtyPTEiIGJvcmRlcj0iMCIgYWx0PSLjgrDjg7zjg5Hjg7wiPgoJPHRhYmxlIHdpZHRoPSIxMjAiIGNlbGxzcGFjaW5nPSIwIiBjZWxscGFkZGluZz0iMCIgYm9yZGVyPSIwIj4KCTx0cj4KCTx0ZCBjbGFzcz0ibG9zc2xlYWRlcl9pdGVtX25hbWUiIGFsaWduPSJjZW50ZXIiPuOAkDEyNTDlhobjgJHml6XmnKzoo70g44Gr44GO44KL44Gg44GR44Gn5o6b44GR44KL44Go5aSW44GZ44GM6LaF57Ch5Y2Y44Gr77yBPC90ZD4KCTwvdHI+Cgk8L3RhYmxlPgo8L3RkPgo8dGQgd2lkdGg9IjgiIHJvd3NwYW49IjIiPjxpbWcgd2lkdGg9IjgiIHNyYz0iL2NvbS9pbWcvaG9tZS90LmdpZiIgaGVpZ2h0PSIxIiBhbHQ9IiI+PC90ZD4KPHRkPjxpbWcgc3JjPSJodHRwOi8vdGh1bWJuYWlsLmltYWdlLnJha3V0ZW4uY28uanAvQDBfbWFsbC9nYW5iYXJlb2t1c2FuL2NhYmluZXQvc2Evc2EtNDkzMTU0NjQyMjQyMC0wLmpwZz9fZXg9MTIweDEyMCZhbXA7cz0yJmFtcDtyPTEiIGJvcmRlcj0iMCIgYWx0PSLjg4/jgqTjg5vjg7zjg6A0MDBnIj4KCTx0YWJsZSB3aWR0aD0iMTIwIiBjZWxsc3BhY2luZz0iMCIgY2VsbHBhZGRpbmc9IjAiIGJvcmRlcj0iMCI+Cgk8dHI+Cgk8dGQgY2xhc3M9Imxvc3NsZWFkZXJfaXRlbV9uYW1lIiBhbGlnbj0iY2VudGVyIj7jgJAxNDA05YaG44CR5pel5pys6KO9IOS4h+iDveOCr+ODrOODs+OCtuODvCDjg4/jgqTjg5vjg7zjg6AgNDAwZzwvdGQ+Cgk8L3RyPgoJPC90YWJsZT4KPC90ZD4KPHRkIHdpZHRoPSI4IiByb3dzcGFuPSIyIj48aW1nIHdpZHRoPSI4IiBzcmM9Ii9jb20vaW1nL2hvbWUvdC5naWYiIGhlaWdodD0iMSIgYWx0PSIiPjwvdGQ+Cjx0ZD48aW1nIHNyYz0iaHR0cDovL3RodW1ibmFpbC5pbWFnZS5yYWt1dGVuLmNvLmpwL0AwX21hbGwvZ2FuYmFyZW9rdXNhbi9jYWJpbmV0L3NhL3NhNjA5NjI5XzMuanBnP19leD0xMjB4MTIwJmFtcDtzPTImYW1wO3I9MSIgYm9yZGVyPSIwIiBhbHQ9IltJbnRlckRlc2lnbl3jgqTjg7Pjgr/jg7zjg4fjgrbjgqTjg7NCbHVteuOCt+ODs+OCr+ODnuODg+ODiEwvR1AxMCI+Cgk8dGFibGUgd2lkdGg9IjEyMCIgY2VsbHNwYWNpbmc9IjAiIGNlbGxwYWRkaW5nPSIwIiBib3JkZXI9IjAiPgoJPHRyPgoJPHRkIGNsYXNzPSJsb3NzbGVhZGVyX2l0ZW1fbmFtZSIgYWxpZ249ImNlbnRlciI+44CQMTYyMOWGhuOAkVtJbnRlckRlc2lnbl1CbHVteiDjgrfjg7Pjgq/jg57jg4Pjg4ggTDwvdGQ+Cgk8L3RyPgoJPC90YWJsZT4KPC90ZD4KPHRkIHdpZHRoPSI4IiByb3dzcGFuPSIyIj48aW1nIHdpZHRoPSI4IiBzcmM9Ii9jb20vaW1nL2hvbWUvdC5naWYiIGhlaWdodD0iMSIgYWx0PSIiPjwvdGQ+Cjx0ZD48aW1nIHNyYz0iaHR0cDovL3RodW1ibmFpbC5pbWFnZS5yYWt1dGVuLmNvLmpwL0AwX21hbGwvZ2FuYmFyZW9rdXNhbi9jYWJpbmV0L3NhL3NhLTQ5NzY2NTQxNTAzMzktMC5qcGc/X2V4PTEyMHgxMjAmYW1wO3M9MiZhbXA7cj0xIiBib3JkZXI9IjAiIGFsdD0i44OZ44Oz44Oq44OK44O85LiH6IO96YeO6I+c6Kq/55CG5ZmoQ0JWMDQvQ0JWMDIiPgoJPHRhYmxlIHdpZHRoPSIxMjAiIGNlbGxzcGFjaW5nPSIwIiBjZWxscGFkZGluZz0iMCIgYm9yZGVyPSIwIj4KCTx0cj4KCTx0ZCBjbGFzcz0ibG9zc2xlYWRlcl9pdGVtX25hbWUiIGFsaWduPSJjZW50ZXIiPuOAkDIyNjjlhobjgJHml6XmnKzoo70g5LiH6IO96YeO6I+c6Kq/55CG5ZmoIOODmeODs+ODquODiuODvCDljJbnsqfnrrHlhaXjgoo8L3RkPgoJPC90cj4KCTwvdGFibGU+CjwvdGQ+Cjx0ZCB3aWR0aD0iOCIgcm93c3Bhbj0iMiI+PGltZyB3aWR0aD0iOCIgc3JjPSIvY29tL2ltZy9ob21lL3QuZ2lmIiBoZWlnaHQ9IjEiIGFsdD0iIj48L3RkPgo8dGQ+PGltZyBzcmM9Imh0dHA6Ly90aHVtYm5haWwuaW1hZ2UucmFrdXRlbi5jby5qcC9AMF9tYWxsL2dhbmJhcmVva3VzYW4vY2FiaW5ldC9zYS9zYS15b3NoaW9rYTAxXzEuanBnP19leD0xMjB4MTIwJmFtcDtzPTImYW1wO3I9MSIgYm9yZGVyPSIwIiBhbHQ9IuWliOiJryDlkInlsqHllYblupcg6JqK5biz5biD5be+IDPmnprlhaXjgooiPgoJPHRhYmxlIHdpZHRoPSIxMjAiIGNlbGxzcGFjaW5nPSIwIiBjZWxscGFkZGluZz0iMCIgYm9yZGVyPSIwIj4KCTx0cj4KCTx0ZCBjbGFzcz0ibG9zc2xlYWRlcl9pdGVtX25hbWUiIGFsaWduPSJjZW50ZXIiPuOAkDk4MOWGhuOAkeaXpeacrOijvSDlkInlsqHllYblupcg6JqK5biz44G144GN44KTIDPmnprlhaXjgoo8L3RkPgoJPC90cj4KCTwvdGFibGU+CjwvdGQ+CjwvdHI+CjwvdGFibGU+CjwvZGl2PgoKCjxzdHlsZT4JCi8qIOebrueOieWVhuWTgSAqLwpkaXYjbWVkYW1hewp3aWR0aDo3ODBweDsKYmFja2dyb3VuZC1jb2xvcjogI2RkZGRkZDsKfQpkaXYjbWVkYW1hIHAubWlkYW1lbWlkYXNoaXsKZm9udC1zaXplOjEycHg7CndpZHRoOjc4MHB4OwpiYWNrZ3JvdW5kLWNvbG9yOiNhYWFhYWE7CnBhZGRpbmc6OHB4IDA7CmNvbG9yOiNmZmZmZmY7CnRleHQtYWxpZ246Y2VudGVyOwpsZXR0ZXItc3BhY2luZzogMC4zZW07Cm1hcmdpbi1ib3R0b206MTBweDsKfQp0YWJsZSB0ciB0ZC5sb3NzbGVhZGVyX2l0ZW1fbmFtZSBhewoJZm9udC1zaXplOjEycHg7Cgljb2xvcjojNjY2NjY2OwoJbGV0dGVyLXNwYWNpbmc6IDAuMDVlbTsKCXRleHQtYWxpZ246bGVmdDsKfQp0YWJsZSB0ciB0ZC5sb3NzbGVhZGVyX2l0ZW1fbmFtZXsKCXRleHQtYWxpZ246bGVmdCAhaW1wb3J0YW50Owp2ZXJ0aWNhbC1hbGlnbjogdG9wICFpbXBvcnRhbnQ7CmJhY2tncm91bmQtY29sb3I6ICNkZGRkZGQ7CnBhZGRpbmc6NXB4IDA7Cn0KPC9zdHlsZT4=,W0NsaWNrQ2xhY2td44Kv44Oq44OD44Kv44Kv44Op44OD44KvIOOCreODo+ODi+OCueOCv+ODvCDjg5bjg6vjg7wgMi4xTCAzMDI1My0x77ya44Kt44OD44OB44Oz6ZuR6LKoc2hvcOOCrOODs+ODkOODrOWlpeOBleOCkw==,W0NsaWNrQ2xhY2td44Kv44Oq44OD44Kv44Kv44Op44OD44KvIOOCreODo+ODi+OCueOCv+ODvCDjg5bjg6vjg7wgMi4xTCAzMDI1My0x,W0NsaWNrQ2xhY2td44Kv44Oq44OD44Kv44Kv44Op44OD44KvIOOCreODo+ODi+OCueOCv+ODvCDjg5bjg6vjg7wgMi4xTCAzMDI1My0x[rn]
29-48577,aHR0cDovL3RzaG9wLnIxMHMuanAvZ2FuYmFyZW9rdXNhbi9jYWJpbmV0L3NhbnlvdS9zYS05NDE0OTY5MzAxNTI3LTAuanBnP2ZpdGluPTcwMDo3MDA=,NTA0LjAwMDA=,,5a626Zu7ID4g44Kt44OD44OB44Oz5a626Zu7ID4g44Kt44OD44OB44Oz5a626Zu755So44Ki44Kv44K744K144Oq44O844O76YOo5ZOBID4g44Kz44O844OS44O844Oh44O844Kr44O844O744Ko44K544OX44Os44OD44K944Oe44K344Oz55So44Ki44Kv44K744K144Oq44O8,W0NsaWNrQ2xhY2td44Kv44Oq44OD44Kv44Kv44Op44OD44KvIOOCreODo+ODi+OCueOCv+ODvCDjg5vjg6/jgqTjg4ggMS4wTCAzMDE1Mi03,,PGRpdiBpZD0ic3BlYzEiPjxkaXYgY2xhc3M9InNwZWMxQm94IGNsZWFyIj48IS0tIOOCueODmuODg+OCryAtLT48cCBjbGFzcz0ic3BlY1R4dDEiPlNQRUM8L3A+PHAgY2xhc3M9InNwZWNUeHQyIj7ilqDjg4vjg6Xjg7zjgrjjg7zjg6njg7Pjg4noo73jga7jgYrjgZfjgoPjgozjgarjgq3jg6Pjgavjgrnjgr/jg7zvvIjkv53lrZjlrrnlmajvvIk8YnI+PGJyPjxicj7jgrXjgqTjgro6UjExNcOXSDE3NW1tPGJyPuacrOS9k+mHjemHjzoyMzBnPGJyPuadkOizqjrjg5Xjgr8v44Od44Oq44Ko44OB44Os44Oz44CB5pys5L2TL+ODneODquOCueODgeODrOODszxicj7ljp/nlKPlm70644OL44Ol44O844K444O844Op44Oz44OJPGJyPjxicj48YnI+4oC744GT44Gh44KJ44Gu5ZWG5ZOB44Gv44Oh44O844Kr44O85Y+W44KK5a+E44Gb5ZWG5ZOB44Go44Gq44KK44G+44GZ44CC6YCa5bi477yU5pel772e77yR77yQ5pel5Lul5YaF44Gn44GK5bGK44GR44GE44Gf44GX44G+44GZ44CC5Zyo5bqr44Gu5qyg5ZOB44Gq44Gp44Gu5aC05ZCI44CB57+M5Za25qWt5pel6aCD44Gr44GU6YCj57Wh44GE44Gf44GX44G+44GZ44CCPGJyPjwvZGl2PjwvZGl2PjxkaXYgaWQ9Im1lZGFtYSI+CjxwIGNsYXNzPSJtaWRhbWVtaWRhc2hpIj7pgIHmlpnnhKHmlpnimIbjgYrjgZnjgZnjgoHjgqLjgqTjg4bjg6A8L3A+Cjx0YWJsZSBjZWxsc3BhY2luZz0iMCIgY2VsbHBhZGRpbmc9IjAiIGJvcmRlcj0iMCIgYWxpZ249ImNlbnRlciIgYmdjb2xvcj0iI2RkZGRkZCI+PHRyIHZhbGlnbj0idG9wIiBhbGlnbj0iY2VudGVyIj48dGQ+Cgo8aW1nIHNyYz0iaHR0cDovL3RodW1ibmFpbC5pbWFnZS5yYWt1dGVuLmNvLmpwL0AwX21hbGwvZ2FuYmFyZW9rdXNhbi9jYWJpbmV0L3NhLTQ1L3NhLTQ1MTE1NDYwNzg3NjhfMS5qcGc/X2V4PTEyMHgxMjAmYW1wO3M9MiZhbXA7cj0xIiBib3JkZXI9IjAiIGFsdD0i44GK44Gr44GO44KK5Z6L44Op44Oz44OB5be+552AIj4KCTx0YWJsZSB3aWR0aD0iMTIwIiBjZWxsc3BhY2luZz0iMCIgY2VsbHBhZGRpbmc9IjAiIGJvcmRlcj0iMCI+Cgk8dHI+Cgk8dGQgY2xhc3M9Imxvc3NsZWFkZXJfaXRlbV9uYW1lIiBhbGlnbj0iY2VudGVyIj7jgJAxMjk25YaG44CR576O5ZGz44GX44Gd44GG44Gq44Op44Oz44OB5be+552A4pmq5L+d5Ya35qmf6IO95LuY44GNPC90ZD4KCTwvdHI+Cgk8L3RhYmxlPgo8L3RkPgo8dGQgd2lkdGg9IjgiIHJvd3NwYW49IjIiPjxpbWcgd2lkdGg9IjgiIHNyYz0iL2NvbS9pbWcvaG9tZS90LmdpZiIgaGVpZ2h0PSIxIiBhbHQ9IiI+PC90ZD4KPHRkPjxpbWcgc3JjPSJodHRwOi8vdGh1bWJuYWlsLmltYWdlLnJha3V0ZW4uY28uanAvQDBfbWFsbC9nYW5iYXJlb2t1c2FuL2NhYmluZXQvc2EtNC9zYS00NTgwMzI4NjIwMjQyLmpwZz9fZXg9MTIweDEyMCZhbXA7cz0yJmFtcDtyPTEiIGJvcmRlcj0iMCIgYWx0PSLjgrDjg7zjg5Hjg7wiPgoJPHRhYmxlIHdpZHRoPSIxMjAiIGNlbGxzcGFjaW5nPSIwIiBjZWxscGFkZGluZz0iMCIgYm9yZGVyPSIwIj4KCTx0cj4KCTx0ZCBjbGFzcz0ibG9zc2xlYWRlcl9pdGVtX25hbWUiIGFsaWduPSJjZW50ZXIiPuOAkDEyNTDlhobjgJHml6XmnKzoo70g44Gr44GO44KL44Gg44GR44Gn5o6b44GR44KL44Go5aSW44GZ44GM6LaF57Ch5Y2Y44Gr77yBPC90ZD4KCTwvdHI+Cgk8L3RhYmxlPgo8L3RkPgo8dGQgd2lkdGg9IjgiIHJvd3NwYW49IjIiPjxpbWcgd2lkdGg9IjgiIHNyYz0iL2NvbS9pbWcvaG9tZS90LmdpZiIgaGVpZ2h0PSIxIiBhbHQ9IiI+PC90ZD4KPHRkPjxpbWcgc3JjPSJodHRwOi8vdGh1bWJuYWlsLmltYWdlLnJha3V0ZW4uY28uanAvQDBfbWFsbC9nYW5iYXJlb2t1c2FuL2NhYmluZXQvc2Evc2EtNDkzMTU0NjQyMjQyMC0wLmpwZz9fZXg9MTIweDEyMCZhbXA7cz0yJmFtcDtyPTEiIGJvcmRlcj0iMCIgYWx0PSLjg4/jgqTjg5vjg7zjg6A0MDBnIj4KCTx0YWJsZSB3aWR0aD0iMTIwIiBjZWxsc3BhY2luZz0iMCIgY2VsbHBhZGRpbmc9IjAiIGJvcmRlcj0iMCI+Cgk8dHI+Cgk8dGQgY2xhc3M9Imxvc3NsZWFkZXJfaXRlbV9uYW1lIiBhbGlnbj0iY2VudGVyIj7jgJAxNDA05YaG44CR5pel5pys6KO9IOS4h+iDveOCr+ODrOODs+OCtuODvCDjg4/jgqTjg5vjg7zjg6AgNDAwZzwvdGQ+Cgk8L3RyPgoJPC90YWJsZT4KPC90ZD4KPHRkIHdpZHRoPSI4IiByb3dzcGFuPSIyIj48aW1nIHdpZHRoPSI4IiBzcmM9Ii9jb20vaW1nL2hvbWUvdC5naWYiIGhlaWdodD0iMSIgYWx0PSIiPjwvdGQ+Cjx0ZD48aW1nIHNyYz0iaHR0cDovL3RodW1ibmFpbC5pbWFnZS5yYWt1dGVuLmNvLmpwL0AwX21hbGwvZ2FuYmFyZW9rdXNhbi9jYWJpbmV0L3NhL3NhNjA5NjI5XzMuanBnP19leD0xMjB4MTIwJmFtcDtzPTImYW1wO3I9MSIgYm9yZGVyPSIwIiBhbHQ9IltJbnRlckRlc2lnbl3jgqTjg7Pjgr/jg7zjg4fjgrbjgqTjg7NCbHVteuOCt+ODs+OCr+ODnuODg+ODiEwvR1AxMCI+Cgk8dGFibGUgd2lkdGg9IjEyMCIgY2VsbHNwYWNpbmc9IjAiIGNlbGxwYWRkaW5nPSIwIiBib3JkZXI9IjAiPgoJPHRyPgoJPHRkIGNsYXNzPSJsb3NzbGVhZGVyX2l0ZW1fbmFtZSIgYWxpZ249ImNlbnRlciI+44CQMTYyMOWGhuOAkVtJbnRlckRlc2lnbl1CbHVteiDjgrfjg7Pjgq/jg57jg4Pjg4ggTDwvdGQ+Cgk8L3RyPgoJPC90YWJsZT4KPC90ZD4KPHRkIHdpZHRoPSI4IiByb3dzcGFuPSIyIj48aW1nIHdpZHRoPSI4IiBzcmM9Ii9jb20vaW1nL2hvbWUvdC5naWYiIGhlaWdodD0iMSIgYWx0PSIiPjwvdGQ+Cjx0ZD48aW1nIHNyYz0iaHR0cDovL3RodW1ibmFpbC5pbWFnZS5yYWt1dGVuLmNvLmpwL0AwX21hbGwvZ2FuYmFyZW9rdXNhbi9jYWJpbmV0L3NhL3NhLTQ5NzY2NTQxNTAzMzktMC5qcGc/X2V4PTEyMHgxMjAmYW1wO3M9MiZhbXA7cj0xIiBib3JkZXI9IjAiIGFsdD0i44OZ44Oz44Oq44OK44O85LiH6IO96YeO6I+c6Kq/55CG5ZmoQ0JWMDQvQ0JWMDIiPgoJPHRhYmxlIHdpZHRoPSIxMjAiIGNlbGxzcGFjaW5nPSIwIiBjZWxscGFkZGluZz0iMCIgYm9yZGVyPSIwIj4KCTx0cj4KCTx0ZCBjbGFzcz0ibG9zc2xlYWRlcl9pdGVtX25hbWUiIGFsaWduPSJjZW50ZXIiPuOAkDIyNjjlhobjgJHml6XmnKzoo70g5LiH6IO96YeO6I+c6Kq/55CG5ZmoIOODmeODs+ODquODiuODvCDljJbnsqfnrrHlhaXjgoo8L3RkPgoJPC90cj4KCTwvdGFibGU+CjwvdGQ+Cjx0ZCB3aWR0aD0iOCIgcm93c3Bhbj0iMiI+PGltZyB3aWR0aD0iOCIgc3JjPSIvY29tL2ltZy9ob21lL3QuZ2lmIiBoZWlnaHQ9IjEiIGFsdD0iIj48L3RkPgo8dGQ+PGltZyBzcmM9Imh0dHA6Ly90aHVtYm5haWwuaW1hZ2UucmFrdXRlbi5jby5qcC9AMF9tYWxsL2dhbmJhcmVva3VzYW4vY2FiaW5ldC9zYS9zYS15b3NoaW9rYTAxXzEuanBnP19leD0xMjB4MTIwJmFtcDtzPTImYW1wO3I9MSIgYm9yZGVyPSIwIiBhbHQ9IuWliOiJryDlkInlsqHllYblupcg6JqK5biz5biD5be+IDPmnprlhaXjgooiPgoJPHRhYmxlIHdpZHRoPSIxMjAiIGNlbGxzcGFjaW5nPSIwIiBjZWxscGFkZGluZz0iMCIgYm9yZGVyPSIwIj4KCTx0cj4KCTx0ZCBjbGFzcz0ibG9zc2xlYWRlcl9pdGVtX25hbWUiIGFsaWduPSJjZW50ZXIiPuOAkDk4MOWGhuOAkeaXpeacrOijvSDlkInlsqHllYblupcg6JqK5biz44G144GN44KTIDPmnprlhaXjgoo8L3RkPgoJPC90cj4KCTwvdGFibGU+CjwvdGQ+CjwvdHI+CjwvdGFibGU+CjwvZGl2PgoKCjxzdHlsZT4JCi8qIOebrueOieWVhuWTgSAqLwpkaXYjbWVkYW1hewp3aWR0aDo3ODBweDsKYmFja2dyb3VuZC1jb2xvcjogI2RkZGRkZDsKfQpkaXYjbWVkYW1hIHAubWlkYW1lbWlkYXNoaXsKZm9udC1zaXplOjEycHg7CndpZHRoOjc4MHB4OwpiYWNrZ3JvdW5kLWNvbG9yOiNhYWFhYWE7CnBhZGRpbmc6OHB4IDA7CmNvbG9yOiNmZmZmZmY7CnRleHQtYWxpZ246Y2VudGVyOwpsZXR0ZXItc3BhY2luZzogMC4zZW07Cm1hcmdpbi1ib3R0b206MTBweDsKfQp0YWJsZSB0ciB0ZC5sb3NzbGVhZGVyX2l0ZW1fbmFtZSBhewoJZm9udC1zaXplOjEycHg7Cgljb2xvcjojNjY2NjY2OwoJbGV0dGVyLXNwYWNpbmc6IDAuMDVlbTsKCXRleHQtYWxpZ246bGVmdDsKfQp0YWJsZSB0ciB0ZC5sb3NzbGVhZGVyX2l0ZW1fbmFtZXsKCXRleHQtYWxpZ246bGVmdCAhaW1wb3J0YW50Owp2ZXJ0aWNhbC1hbGlnbjogdG9wICFpbXBvcnRhbnQ7CmJhY2tncm91bmQtY29sb3I6ICNkZGRkZGQ7CnBhZGRpbmc6NXB4IDA7Cn0KPC9zdHlsZT4=,W0NsaWNrQ2xhY2td44Kv44Oq44OD44Kv44Kv44Op44OD44KvIOOCreODo+ODi+OCueOCv+ODvCDjg5vjg6/jgqTjg4ggMS4wTCAzMDE1Mi0377ya44Kt44OD44OB44Oz6ZuR6LKoc2hvcOOCrOODs+ODkOODrOWlpeOBleOCkw==,W0NsaWNrQ2xhY2td44Kv44Oq44OD44Kv44Kv44Op44OD44KvIOOCreODo+ODi+OCueOCv+ODvCDjg5vjg6/jgqTjg4ggMS4wTCAzMDE1Mi03,W0NsaWNrQ2xhY2td44Kv44Oq44OD44Kv44Kv44Op44OD44KvIOOCreODo+ODi+OCueOCv+ODvCDjg5vjg6/jgqTjg4ggMS4wTCAzMDE1Mi03[rn]
29-48578,aHR0cDovL3RzaG9wLnIxMHMuanAvZ2FuYmFyZW9rdXNhbi9jYWJpbmV0L3NhbnlvdS9zYS05NDE0OTY5MzAyNTI0LTAuanBnP2ZpdGluPTcwMDo3MDA=,NjE2LjAwMDA=,,5a626Zu7ID4g44Kt44OD44OB44Oz5a626Zu7ID4g44Kt44OD44OB44Oz5a626Zu755So44Ki44Kv44K744K144Oq44O844O76YOo5ZOBID4g44Kz44O844OS44O844Oh44O844Kr44O844O744Ko44K544OX44Os44OD44K944Oe44K344Oz55So44Ki44Kv44K744K144Oq44O8,W0NsaWNrQ2xhY2td44Kv44Oq44OD44Kv44Kv44Op44OD44KvIOOCreODo+ODi+OCueOCv+ODvCDjg5vjg6/jgqTjg4ggMi4xTCAzMDI1Mi00,,PGRpdiBpZD0ic3BlYzEiPjxkaXYgY2xhc3M9InNwZWMxQm94IGNsZWFyIj48IS0tIOOCueODmuODg+OCryAtLT48cCBjbGFzcz0ic3BlY1R4dDEiPlNQRUM8L3A+PHAgY2xhc3M9InNwZWNUeHQyIj7ilqDjg4vjg6Xjg7zjgrjjg7zjg6njg7Pjg4noo73jga7jgYrjgZfjgoPjgozjgarjgq3jg6Pjgavjgrnjgr/jg7zvvIjkv53lrZjlrrnlmajvvIk8YnI+PGJyPjxicj7jgrXjgqTjgro6UjE0NcOXSDIxNW1tPGJyPuacrOS9k+mHjemHjzozNzBnPGJyPuadkOizqjrjg5Xjgr8v44Od44Oq44Ko44OB44Os44Oz44CB5pys5L2TL+ODneODquOCueODgeODrOODszxicj7ljp/nlKPlm70644OL44Ol44O844K444O844Op44Oz44OJPGJyPjxicj48YnI+4oC744GT44Gh44KJ44Gu5ZWG5ZOB44Gv44Oh44O844Kr44O85Y+W44KK5a+E44Gb5ZWG5ZOB44Go44Gq44KK44G+44GZ44CC6YCa5bi477yU5pel772e77yR77yQ5pel5Lul5YaF44Gn44GK5bGK44GR44GE44Gf44GX44G+44GZ44CC5Zyo5bqr44Gu5qyg5ZOB44Gq44Gp44Gu5aC05ZCI44CB57+M5Za25qWt5pel6aCD44Gr44GU6YCj57Wh44GE44Gf44GX44G+44GZ44CCPGJyPjwvZGl2PjwvZGl2PjxkaXYgaWQ9Im1lZGFtYSI+CjxwIGNsYXNzPSJtaWRhbWVtaWRhc2hpIj7pgIHmlpnnhKHmlpnimIbjgYrjgZnjgZnjgoHjgqLjgqTjg4bjg6A8L3A+Cjx0YWJsZSBjZWxsc3BhY2luZz0iMCIgY2VsbHBhZGRpbmc9IjAiIGJvcmRlcj0iMCIgYWxpZ249ImNlbnRlciIgYmdjb2xvcj0iI2RkZGRkZCI+PHRyIHZhbGlnbj0idG9wIiBhbGlnbj0iY2VudGVyIj48dGQ+Cgo8aW1nIHNyYz0iaHR0cDovL3RodW1ibmFpbC5pbWFnZS5yYWt1dGVuLmNvLmpwL0AwX21hbGwvZ2FuYmFyZW9rdXNhbi9jYWJpbmV0L3NhLTQ1L3NhLTQ1MTE1NDYwNzg3NjhfMS5qcGc/X2V4PTEyMHgxMjAmYW1wO3M9MiZhbXA7cj0xIiBib3JkZXI9IjAiIGFsdD0i44GK44Gr44GO44KK5Z6L44Op44Oz44OB5be+552AIj4KCTx0YWJsZSB3aWR0aD0iMTIwIiBjZWxsc3BhY2luZz0iMCIgY2VsbHBhZGRpbmc9IjAiIGJvcmRlcj0iMCI+Cgk8dHI+Cgk8dGQgY2xhc3M9Imxvc3NsZWFkZXJfaXRlbV9uYW1lIiBhbGlnbj0iY2VudGVyIj7jgJAxMjk25YaG44CR576O5ZGz44GX44Gd44GG44Gq44Op44Oz44OB5be+552A4pmq5L+d5Ya35qmf6IO95LuY44GNPC90ZD4KCTwvdHI+Cgk8L3RhYmxlPgo8L3RkPgo8dGQgd2lkdGg9IjgiIHJvd3NwYW49IjIiPjxpbWcgd2lkdGg9IjgiIHNyYz0iL2NvbS9pbWcvaG9tZS90LmdpZiIgaGVpZ2h0PSIxIiBhbHQ9IiI+PC90ZD4KPHRkPjxpbWcgc3JjPSJodHRwOi8vdGh1bWJuYWlsLmltYWdlLnJha3V0ZW4uY28uanAvQDBfbWFsbC9nYW5iYXJlb2t1c2FuL2NhYmluZXQvc2EtNC9zYS00NTgwMzI4NjIwMjQyLmpwZz9fZXg9MTIweDEyMCZhbXA7cz0yJmFtcDtyPTEiIGJvcmRlcj0iMCIgYWx0PSLjgrDjg7zjg5Hjg7wiPgoJPHRhYmxlIHdpZHRoPSIxMjAiIGNlbGxzcGFjaW5nPSIwIiBjZWxscGFkZGluZz0iMCIgYm9yZGVyPSIwIj4KCTx0cj4KCTx0ZCBjbGFzcz0ibG9zc2xlYWRlcl9pdGVtX25hbWUiIGFsaWduPSJjZW50ZXIiPuOAkDEyNTDlhobjgJHml6XmnKzoo70g44Gr44GO44KL44Gg44GR44Gn5o6b44GR44KL44Go5aSW44GZ44GM6LaF57Ch5Y2Y44Gr77yBPC90ZD4KCTwvdHI+Cgk8L3RhYmxlPgo8L3RkPgo8dGQgd2lkdGg9IjgiIHJvd3NwYW49IjIiPjxpbWcgd2lkdGg9IjgiIHNyYz0iL2NvbS9pbWcvaG9tZS90LmdpZiIgaGVpZ2h0PSIxIiBhbHQ9IiI+PC90ZD4KPHRkPjxpbWcgc3JjPSJodHRwOi8vdGh1bWJuYWlsLmltYWdlLnJha3V0ZW4uY28uanAvQDBfbWFsbC9nYW5iYXJlb2t1c2FuL2NhYmluZXQvc2Evc2EtNDkzMTU0NjQyMjQyMC0wLmpwZz9fZXg9MTIweDEyMCZhbXA7cz0yJmFtcDtyPTEiIGJvcmRlcj0iMCIgYWx0PSLjg4/jgqTjg5vjg7zjg6A0MDBnIj4KCTx0YWJsZSB3aWR0aD0iMTIwIiBjZWxsc3BhY2luZz0iMCIgY2VsbHBhZGRpbmc9IjAiIGJvcmRlcj0iMCI+Cgk8dHI+Cgk8dGQgY2xhc3M9Imxvc3NsZWFkZXJfaXRlbV9uYW1lIiBhbGlnbj0iY2VudGVyIj7jgJAxNDA05YaG44CR5pel5pys6KO9IOS4h+iDveOCr+ODrOODs+OCtuODvCDjg4/jgqTjg5vjg7zjg6AgNDAwZzwvdGQ+Cgk8L3RyPgoJPC90YWJsZT4KPC90ZD4KPHRkIHdpZHRoPSI4IiByb3dzcGFuPSIyIj48aW1nIHdpZHRoPSI4IiBzcmM9Ii9jb20vaW1nL2hvbWUvdC5naWYiIGhlaWdodD0iMSIgYWx0PSIiPjwvdGQ+Cjx0ZD48aW1nIHNyYz0iaHR0cDovL3RodW1ibmFpbC5pbWFnZS5yYWt1dGVuLmNvLmpwL0AwX21hbGwvZ2FuYmFyZW9rdXNhbi9jYWJpbmV0L3NhL3NhNjA5NjI5XzMuanBnP19leD0xMjB4MTIwJmFtcDtzPTImYW1wO3I9MSIgYm9yZGVyPSIwIiBhbHQ9IltJbnRlckRlc2lnbl3jgqTjg7Pjgr/jg7zjg4fjgrbjgqTjg7NCbHVteuOCt+ODs+OCr+ODnuODg+ODiEwvR1AxMCI+Cgk8dGFibGUgd2lkdGg9IjEyMCIgY2VsbHNwYWNpbmc9IjAiIGNlbGxwYWRkaW5nPSIwIiBib3JkZXI9IjAiPgoJPHRyPgoJPHRkIGNsYXNzPSJsb3NzbGVhZGVyX2l0ZW1fbmFtZSIgYWxpZ249ImNlbnRlciI+44CQMTYyMOWGhuOAkVtJbnRlckRlc2lnbl1CbHVteiDjgrfjg7Pjgq/jg57jg4Pjg4ggTDwvdGQ+Cgk8L3RyPgoJPC90YWJsZT4KPC90ZD4KPHRkIHdpZHRoPSI4IiByb3dzcGFuPSIyIj48aW1nIHdpZHRoPSI4IiBzcmM9Ii9jb20vaW1nL2hvbWUvdC5naWYiIGhlaWdodD0iMSIgYWx0PSIiPjwvdGQ+Cjx0ZD48aW1nIHNyYz0iaHR0cDovL3RodW1ibmFpbC5pbWFnZS5yYWt1dGVuLmNvLmpwL0AwX21hbGwvZ2FuYmFyZW9rdXNhbi9jYWJpbmV0L3NhL3NhLTQ5NzY2NTQxNTAzMzktMC5qcGc/X2V4PTEyMHgxMjAmYW1wO3M9MiZhbXA7cj0xIiBib3JkZXI9IjAiIGFsdD0i44OZ44Oz44Oq44OK44O85LiH6IO96YeO6I+c6Kq/55CG5ZmoQ0JWMDQvQ0JWMDIiPgoJPHRhYmxlIHdpZHRoPSIxMjAiIGNlbGxzcGFjaW5nPSIwIiBjZWxscGFkZGluZz0iMCIgYm9yZGVyPSIwIj4KCTx0cj4KCTx0ZCBjbGFzcz0ibG9zc2xlYWRlcl9pdGVtX25hbWUiIGFsaWduPSJjZW50ZXIiPuOAkDIyNjjlhobjgJHml6XmnKzoo70g5LiH6IO96YeO6I+c6Kq/55CG5ZmoIOODmeODs+ODquODiuODvCDljJbnsqfnrrHlhaXjgoo8L3RkPgoJPC90cj4KCTwvdGFibGU+CjwvdGQ+Cjx0ZCB3aWR0aD0iOCIgcm93c3Bhbj0iMiI+PGltZyB3aWR0aD0iOCIgc3JjPSIvY29tL2ltZy9ob21lL3QuZ2lmIiBoZWlnaHQ9IjEiIGFsdD0iIj48L3RkPgo8dGQ+PGltZyBzcmM9Imh0dHA6Ly90aHVtYm5haWwuaW1hZ2UucmFrdXRlbi5jby5qcC9AMF9tYWxsL2dhbmJhcmVva3VzYW4vY2FiaW5ldC9zYS9zYS15b3NoaW9rYTAxXzEuanBnP19leD0xMjB4MTIwJmFtcDtzPTImYW1wO3I9MSIgYm9yZGVyPSIwIiBhbHQ9IuWliOiJryDlkInlsqHllYblupcg6JqK5biz5biD5be+IDPmnprlhaXjgooiPgoJPHRhYmxlIHdpZHRoPSIxMjAiIGNlbGxzcGFjaW5nPSIwIiBjZWxscGFkZGluZz0iMCIgYm9yZGVyPSIwIj4KCTx0cj4KCTx0ZCBjbGFzcz0ibG9zc2xlYWRlcl9pdGVtX25hbWUiIGFsaWduPSJjZW50ZXIiPuOAkDk4MOWGhuOAkeaXpeacrOijvSDlkInlsqHllYblupcg6JqK5biz44G144GN44KTIDPmnprlhaXjgoo8L3RkPgoJPC90cj4KCTwvdGFibGU+CjwvdGQ+CjwvdHI+CjwvdGFibGU+CjwvZGl2PgoKCjxzdHlsZT4JCi8qIOebrueOieWVhuWTgSAqLwpkaXYjbWVkYW1hewp3aWR0aDo3ODBweDsKYmFja2dyb3VuZC1jb2xvcjogI2RkZGRkZDsKfQpkaXYjbWVkYW1hIHAubWlkYW1lbWlkYXNoaXsKZm9udC1zaXplOjEycHg7CndpZHRoOjc4MHB4OwpiYWNrZ3JvdW5kLWNvbG9yOiNhYWFhYWE7CnBhZGRpbmc6OHB4IDA7CmNvbG9yOiNmZmZmZmY7CnRleHQtYWxpZ246Y2VudGVyOwpsZXR0ZXItc3BhY2luZzogMC4zZW07Cm1hcmdpbi1ib3R0b206MTBweDsKfQp0YWJsZSB0ciB0ZC5sb3NzbGVhZGVyX2l0ZW1fbmFtZSBhewoJZm9udC1zaXplOjEycHg7Cgljb2xvcjojNjY2NjY2OwoJbGV0dGVyLXNwYWNpbmc6IDAuMDVlbTsKCXRleHQtYWxpZ246bGVmdDsKfQp0YWJsZSB0ciB0ZC5sb3NzbGVhZGVyX2l0ZW1fbmFtZXsKCXRleHQtYWxpZ246bGVmdCAhaW1wb3J0YW50Owp2ZXJ0aWNhbC1hbGlnbjogdG9wICFpbXBvcnRhbnQ7CmJhY2tncm91bmQtY29sb3I6ICNkZGRkZGQ7CnBhZGRpbmc6NXB4IDA7Cn0KPC9zdHlsZT4=,W0NsaWNrQ2xhY2td44Kv44Oq44OD44Kv44Kv44Op44OD44KvIOOCreODo+ODi+OCueOCv+ODvCDjg5vjg6/jgqTjg4ggMi4xTCAzMDI1Mi0077ya44Kt44OD44OB44Oz6ZuR6LKoc2hvcOOCrOODs+ODkOODrOWlpeOBleOCkw==,W0NsaWNrQ2xhY2td44Kv44Oq44OD44Kv44Kv44Op44OD44KvIOOCreODo+ODi+OCueOCv+ODvCDjg5vjg6/jgqTjg4ggMi4xTCAzMDI1Mi00,W0NsaWNrQ2xhY2td44Kv44Oq44OD44Kv44Kv44Op44OD44KvIOOCreODo+ODi+OCueOCv+ODvCDjg5vjg6/jgqTjg4ggMi4xTCAzMDI1Mi00[rn]
29-48579,aHR0cDovL3RzaG9wLnIxMHMuanAvZWNvLWtpdGNoZW4vY2FiaW5ldC8wOC8xMDMxOC0xLmpwZz9maXRpbj03MDA6NzAw,NDAwMC4wMDAw,,5a626Zu7ID4g44Kt44OD44OB44Oz5a626Zu7ID4g44Kt44OD44OB44Oz5a626Zu755So44Ki44Kv44K744K144Oq44O844O76YOo5ZOBID4g44Kz44O844OS44O844Oh44O844Kr44O844O744Ko44K544OX44Os44OD44K944Oe44K344Oz55So44Ki44Kv44K744K144Oq44O8,cmVjb2x0ZSjjg6zjgrPjg6vjg4gpIOOCq+ODleOCp+ODh+ODpeOCqiDjg5Hjgqbjgrkg44CQ6YCB5paZ54Sh5paZIOODrOOCs+ODq+ODiCDjgrPjg7zjg5Ljg7zjg6Hjg7zjgqvjg7wg44Os44Kz44Or44OIIOOCs+ODvOODkuODvOODnuOCt+ODs+OAkeOAkDAyUDA5SnVsMTbjgJE=,,PHRhYmxlIGJnY29sb3I9IiNjY2NjY2MiIGNlbGxwYWRkaW5nPSI1IiBjZWxsc3BhY2luZz0iMSIgd2lkdGg9XDQwMCI+PHRib2R5Pgo8dHI+PHRkIGFsaWduPSJjZW50ZXIiIGJnY29sb3I9IiNmMGYwZjAiIHdpZHRoPSI1MCI+PGZvbnQgc2l6ZT0iMiI+44K144Kk44K6PC9mb250PjwvdGQ+CiA8dGQgYmdjb2xvcj0iI2ZmZmZmZiI+PGZvbnQgc2l6ZT0iMiI+5pys5L2T77ya5bmFMTQuNMOX5aWl6KGM44GNMTguN8OX6auY44GVMjBjbeOAgeOCs+ODvOODkuODvOOCq+ODg+ODl++8iDHlgIvvvInvvJrluYUxMMOX5aWl6KGM44GNNi45w5fpq5jjgZU5Y23jgIHjgrPjg7zjg4nplbfvvJoxMDBjbTwvZm9udD48L3RkPjwvdHI+Cjx0cj48dGQgYWxpZ249ImNlbnRlciIgYmdjb2xvcj0iI2YwZjBmMCI+PGZvbnQgc2l6ZT0iMiI+57Sg5p2QPC9mb250PjwvdGQ+CiA8dGQgYmdjb2xvcj0iI2ZmZmZmZiI+PGZvbnQgc2l6ZT0iMiI+5pys5L2T77ya44Od44Oq44OX44Ot44OU44Os44Oz44CB44Kr44OD44OX77ya6Zm25ZmoPC9mb250PjwvdGQ+PC90cj4KPHRyPjx0ZCBhbGlnbj0iY2VudGVyIiBiZ2NvbG9yPSIjZjBmMGYwIj48Zm9udCBzaXplPSIyIj7ph43ph488L2ZvbnQ+PC90ZD4KIDx0ZCBiZ2NvbG9yPSIjZmZmZmZmIj48Zm9udCBzaXplPSIyIj7mnKzkvZPvvJo1MjBn44CB44Kz44O844OS44O844Kr44OD44OX77yIMeWAi++8iTI0MGc8L2ZvbnQ+PC90ZD48L3RyPgo8dHI+PHRkIGFsaWduPSJjZW50ZXIiIGJnY29sb3I9IiNmMGYwZjAiPjxmb250IHNpemU9IjIiPua2iOiyu+mbu+WKmzwvZm9udD48L3RkPgogPHRkIGJnY29sb3I9IiNmZmZmZmYiPjxmb250IHNpemU9IjIiPjM1MFc8L2ZvbnQ+PC90ZD48L3RyPgo8dHI+PHRkIGFsaWduPSJjZW50ZXIiIGJnY29sb3I9IiNmMGYwZjAiPjxmb250IHNpemU9IjIiPuWumuagvOmbu+WcpzwvZm9udD48L3RkPgogPHRkIGJnY29sb3I9IiNmZmZmZmYiPjxmb250IHNpemU9IjIiPkFDMTAwViA1MC82MEh6PC9mb250PjwvdGQ+PC90cj4KPHRyPjx0ZCBhbGlnbj0iY2VudGVyIiBiZ2NvbG9yPSIjZjBmMGYwIj48Zm9udCBzaXplPSIyIj7mqZ/og708L2ZvbnQ+PC90ZD4KIDx0ZCBiZ2NvbG9yPSIjZmZmZmZmIj48Zm9udCBzaXplPSIyIj7jg4njg6rjg4Pjg5flvI/vvIjmsLTlrrnlmajkuIDkvZPlnovvvInjgIEy5p2v5ZCM5pmC5oq95Ye644CB6Ieq5YuV6Zu75rqQT0ZG44CB5omL5YuV6Zu75rqQT0ZG44CB44Ki44Kk44K55qmf6IO9PC9mb250PjwvdGQ+PC90cj4KPHRyPjx0ZCBhbGlnbj0iY2VudGVyIiBiZ2NvbG9yPSIjZjBmMGYwIj48Zm9udCBzaXplPSIyIj7ku5jlsZ7lk4E8L2ZvbnQ+PC90ZD4KIDx0ZCBiZ2NvbG9yPSIjZmZmZmZmIj48Zm9udCBzaXplPSIyIj7mnKzkvZPjgIHjgrPjg7zjg5Ljg7zjgqvjg4Pjg5fDl++8kuOAgeioiOmHj+OCueODl+ODvOODs+OAgeODleOCo+ODq+OCv+ODvOOAgeODkeODvOODnuODjeODs+ODiOODleOCo+ODq+OCv+ODvOOAgeS/neiovOabuOS7mOOBjeWPluaJseiqrOaYjuabuDwvZm9udD48L3RkPjwvdHI+CjwvdGFibGU+PHN0eWxlIHR5cGU9InRleHQvY3NzIj4KYm9keXsKYmFja2dyb3VuZC1pbWFnZTp1cmwoImh0dHA6Ly9pbWFnZS5yYWt1dGVuLmNvLmpwL2Vjby1raXRjaGVuL2NhYmluZXQvdG9wLW5ldy9hc3VyYWt1LWRveW91LmpwZyIpOwpiYWNrZ3JvdW5kLXJlcGVhdDpyZXBlYXQteTsKYmFja2dyb3VuZC1wb3NpdGlvbjpyaWdodDsKfQo8L3N0eWxlPgoKPHN0eWxlIHR5cGU9InRleHQvY3NzIj4Kc3Bhbi5jaG9pY2V7Y29sb3I6I2ZmZjsgZm9udC1zaXplOjE0cHg7IGZvbnQtd2VpZ2h0OmJvbGQ7IGJhY2tncm91bmQtY29sb3I6IzAwODBjMDsgYm9yZGVyOnNvbGlkIDRweCAjMDA4MGMwOyB3aWR0aDoyOTJweDsgZGlzcGxheTpibG9jazsgbWFyZ2luOjEwcHggMCAwIDA7fQojcmFrdXRlbkxpbWl0ZWRJZF9hcm91bmRDYXJ0IHNlbGVjdHtmb250LXNpemU6MTRweCAhaW1wb3J0YW50O30Kc2VsZWN0W25hbWU9ImNob2ljZSJde2hlaWdodDoyOHB4OyB3aWR0aDozMDBweDsgYmFja2dyb3VuZDojZmZmZmZmIG5vLXJlcGVhdDt9CnNwYW4udW5pdHtjb2xvcjojMzMzMzMzOyBmb250LXNpemU6MTZweDsgZm9udC13ZWlnaHQ6Ym9sZDt9CnNlbGVjdFtuYW1lPSJ1bml0cyJde2hlaWdodDo0MHB4OyB3aWR0aDo2MHB4OyBiYWNrZ3JvdW5kOiNmZmZmZmYgbm8tcmVwZWF0OyBmb250LXdlaWdodDpib2xkO30KaW5wdXRbdmFsdWU9Iuiyt+OBhOeJqeOBi+OBlOOBq+WFpeOCjOOCiyJdewoJYmFja2dyb3VuZDp1cmwoImh0dHA6Ly9pbWFnZS5yYWt1dGVuLmNvLmpwL2Vjby1raXRjaGVuL2NhYmluZXQvc21wLTAwMy9rYWdvYm90YW4uanBnIik7Cgl3aWR0aDoyMjBweDsKCWhlaWdodDo2MHB4OwoJdGV4dC1pbmRlbnQ6LTk5OTlweDsKCWJvcmRlcjpub25lOwoJY3Vyc29yOnBvaW50ZXI7CgltYXJnaW4tdG9wOjhweDsKfQppbnB1dFt2YWx1ZT0i6LK344GE54mp44GL44GU44Gr5YWl44KM44KLIl06aG92ZXJ7CglvcGFjaXR5OjAuODsKfQo8L3N0eWxlPgoKCjxzdHlsZSBUWVBFPSJ0ZXh0L2NzcyI+CjwhLS0KdGQuaW52ZW50b3J5IGZvbnR7Zm9udC1zaXplOjEycHg7Y29sb3I6IzMzMzMzMzt9CgotLT4KPC9zdHlsZT4KCjxkaXYgYWxpZ249ImxlZnQiPgo8VEFCTEUgYm9yZGVyPSIwIiB3aWR0aD0iNzYwIiBjZWxscGFkZGluZz0iMCIgY2VsbHNwYWNpbmc9IjAiPgogIDxUQk9EWT4KICAgIDxUUj4KICAgICAgPFREPjxpbWcgc3JjPSJodHRwOi8vaW1hZ2UucmFrdXRlbi5jby5qcC9lY28ta2l0Y2hlbi9jYWJpbmV0L3RvcC1uZXcvZm9vdC1pbWFrb3JlLmdpZiIgd2lkdGg9Ijc2MCIgaGVpZ2h0PSIxMDAiIGJvcmRlcj0iMCIgYWx0PSLjg6rjgqLjg6vjgr/jgqTjg6Dlo7LkuIrlrp/ms4HkuK3ntpkiPjxCUj4KICAgICAgPFRBQkxFIGJvcmRlcj0iMCIgd2lkdGg9Ijc2MCIgY2VsbHNwYWNpbmc9IjEiIGJnY29sb3I9IiM4REM2M0YiPgogICAgICAgIDxUQk9EWT4KICAgICAgICAgIDxUUj4KICAgICAgICAgICAgPFREIGJnY29sb3I9IiNmZmZmZmYiPjwvVEQ+CiAgICAgICAgICA8L1RSPgogICAgICAgIDwvVEJPRFk+CiAgICAgIDwvVEFCTEU+CiAgICAgIDxCUj4KICAgICAgPEJSPgogICAgICA8aW1nIHNyYz0iaHR0cDovL2ltYWdlLnJha3V0ZW4uY28uanAvZWNvLWtpdGNoZW4vY2FiaW5ldC90b3AtbmV3L2Zvb3QtcmV2ZXUuZ2lmIiB3aWR0aD0iNzYwIiBoZWlnaHQ9IjQwIiBib3JkZXI9IjAiIGFsdD0i44Oq44Ki44Or44K/44Kk44Og5ZWG5ZOB44Os44OT44Ol44O85a6f5rOB5Lit57aZIj48QlI+CiAgICAgIDxUQUJMRSBib3JkZXI9IjAiIHdpZHRoPSI3NjAiIGNlbGxwYWRkaW5nPSIwIiBjZWxsc3BhY2luZz0iMSIgYmdjb2xvcj0iIzhEQzYzRiI+CiAgICAgICAgPFRCT0RZPgogICAgICAgICAgPFRSPgogICAgICAgICAgICA8VEQgYmdjb2xvcj0iI2ZmZmZmZiI+PC9URD4KICAgICAgICAgIDwvVFI+CiAgICAgICAgPC9UQk9EWT4KICAgICAgPC9UQUJMRT4KICAgICAgPEJSPgogICAgICA8QlI+CiAgICAgIDxCUj4KICAgICAgPEJSPgogICAgICA8QlI+CiAgICAgIDwvVEQ+CiAgICA8L1RSPgogIDwvVEJPRFk+CjwvVEFCTEU+CjwvZGl2Pg==,cmVjb2x0ZSjjg6zjgrPjg6vjg4gpIOOCq+ODleOCp+ODh+ODpeOCqiDjg5Hjgqbjgrkg44CQ6YCB5paZ54Sh5paZIOODrOOCs+ODq+ODiCDjgrPjg7zjg5Ljg7zjg6Hjg7zjgqvjg7wg44Os44Kz44Or44OIIOOCs+ODvOODkuODvOODnuOCt+ODs+OAkeOAkDAyUDA5SnVsMTbjgJHvvJrjgq3jg4Pjg4Hjg7Ppm5Hosqjjga7jgYrlupcg44Ko44Kz44Kt44OD44OB44Oz,44Kt44OD44OB44Oz55So5ZOB44Kt44OD44OB44Oz6ZuR6LKo6Kq/55CG5Zmo5YW35byB5b2T566x6aOf5Zmo6Y2L44GK44GX44KD44KM44Ko44Kz44Kt44OD44OB44Oz5Y+w5omA55So5ZOB54Kt6YW45rC044Oh44O844Kr44O854Kt6YW45rC06KO96YCg5qmf6Zu75a2Q44Os44Oz44K444Gn54S844GN6a2a44Op44Oz44OB44Oc44OD44Kv44K544OQ44K544Kx44OD44OI44OG44Kj44OD44K344Ol44Kx44O844K544OB44O844K644OV44Kp44Oz44OH44Ol44Ki44Or44Kr44Oq44Km44Kp44OD44K344Ol6YeN566x44OE44Kk44K544OR44K944O844OA44OV44Kp44Oz44OH44Ol6Y2LcmVjb2x0ZSjjg6zjgrPjg6vjg4gpIOOCq+ODleOCp+ODh+ODpeOCqiDjg5Hjgqbjgrkg44CQ6YCB5paZ54Sh5paZIOODrOOCs+ODq+ODiCDjgrPjg7zjg5Ljg7zjg6Hjg7zjgqvjg7wg44Os44Kz44Or44OIIOOCs+ODvOODkuODvOODnuOCt+ODs+OAkeOAkDAyUDA5SnVsMTbjgJE=,cmVjb2x0ZSjjg6zjgrPjg6vjg4gpIOOCq+ODleOCp+ODh+ODpeOCqiDjg5Hjgqbjgrkg44CQ6YCB5paZ54Sh5paZIOODrOOCs+ODq+ODiCDjgrPjg7zjg5Ljg7zjg6Hjg7zjgqvjg7wg44Os44Kz44Or44OIIOOCs+ODvOODkuODvOODnuOCt+ODs+OAkeOAkDAyUDA5SnVsMTbjgJE=[rn]
29-48580,aHR0cDovL3RzaG9wLnIxMHMuanAvZ29vZG1hcmtldC9jYWJpbmV0L2ltZ3NyYzAvZDIxOC9kMjE4MC9iMDBjaGo4NGFhLmpwZz9maXRpbj03MDA6NzAw,Mzg0MS42MDAw,,5a626Zu7ID4g44Kt44OD44OB44Oz5a626Zu7ID4g44Kt44OD44OB44Oz5a626Zu755So44Ki44Kv44K744K144Oq44O844O76YOo5ZOBID4g44Kz44O844OS44O844Oh44O844Kr44O844O744Ko44K544OX44Os44OD44K944Oe44K344Oz55So44Ki44Kv44K744K144Oq44O8,TkFSVU1JIOOCt+ODq+OCreODvOODm+ODr+OCpOODiCDjgq/jg6rjg7zjg57jg7wgMTMwY2MgOTk2OC00MjYz,,PHN0eWxlIHR5cGU9InRleHQvY3NzIj4uc2FtcGxlXzAye3dpZHRoOjMwMHB4O2JvcmRlci1jb2xsYXBzZTogc2VwYXJhdGU7Ym9yZGVyLXNwYWNpbmc6IDBweDtib3JkZXItdG9wOiAxcHggc29saWQgI2NjYztib3JkZXItbGVmdDogMXB4IHNvbGlkICNjY2M7fS5zYW1wbGVfMDIgdGh7d2lkdGg6IDI1JTtwYWRkaW5nOiA0cHg7dGV4dC1hbGlnbjogbGVmdDt2ZXJ0aWNhbC1hbGlnbjogdG9wO2NvbG9yOiAjNDQ0O2JhY2tncm91bmQtY29sb3I6ICNjY2M7Ym9yZGVyLXRvcDogMXB4IHNvbGlkICNmZmY7Ym9yZGVyLWxlZnQ6IDFweCBzb2xpZCAjZmZmO2JvcmRlci1yaWdodDogMXB4IHNvbGlkICNjY2M7Ym9yZGVyLWJvdHRvbTogMXB4IHNvbGlkICNjY2M7fS5zYW1wbGVfMDIgdGR7cGFkZGluZzogNHB4O2JhY2tncm91bmQtY29sb3I6ICNmYWZhZmE7Ym9yZGVyLXJpZ2h0OiAxcHggc29saWQgI2NjYztib3JkZXItYm90dG9tOiAxcHggc29saWQgI2NjYzt9PC9zdHlsZT48dGFibGUgY2xhc3M9InNhbXBsZV8wMiI+PHRyPjx0aD7llYblk4HlkI08L3RoPjx0ZD5OQVJVTUkg44K344Or44Kt44O844Ob44Ov44Kk44OIIOOCr+ODquODvOODnuODvCAxMzBjYyA5OTY4LTQyNjM8L3RkPjwvdHI+PHRyPjx0aD5KQU48L3RoPjx0ZD40OTM3NDMyMTQ2NjU0PC90ZD48L3RyPjx0cj48dGg+5ZOB55WqPC90aD48dGQ+Z21rdEIwMENISjg0QUE8L3RkPjwvdHI+PHRyPjx0aD7ph43ph488L3RoPjx0ZD48L3RkPjwvdHI+PHRyPjx0aD7llYblk4Hku5Xmp5g8L3RoPjx0ZD7jgrXjgqTjgro66ZW35b6EMTAuM8OX55+t5b6ENS42w5fpq5jjgZU2LjljbcOX5rqA5rC05a656YePMTMwY2M8YnI+5pys5L2T6YeN6YePOjAuMDhrZzxicj7ntKDmnZA644Oc44O844Oz44OB44Oj44Kk44OKPGJyPuWOn+eUo+WbvTrml6XmnKw8YnI+PC90ZD48L3RyPjx0cj48dGg+5ZWG5ZOB6Kqs5piOPC90aD48dGQ+44Kz44O844OS44O844O757SF6Iy244Gu44Kv44Oq44O844Og5YWl44KM44Go44GX44Gm44CB44G+44Gf6aOf5Y2T44Gu44K944O844K544KE44OJ44Os44OD44K344Oz44Kw5YWl44KM44Go44GX44Gm44KC5rS76LqN44GX44G+44GZ44CCPC90ZD48L3RyPjwvdGFibGU+PGJyPjxicj7igLvjgZTms6jmlofjgr/jgqTjg5/jg7PjgrDjgoTjgZTms6jmloflhoXlrrnjgavjgojjgaPjgabjga/jgIHos7zlhaXlsaXmrbTjgYvjgonjga7jgZTms6jmlofjgq3jg6Pjg7Pjgrvjg6vjgIHkv67mraPjgpLlj5fjgZHku5jjgZHjgovjgZPjgajjgYzjgafjgY3jgarjgYTloLTlkIjjgYzjgZTjgZbjgYTjgb7jgZnjgILigLvlpKflnovllYblk4HjgoTkuIDpg6jjga7llYblk4HjgavjgaTjgY3jgb7jgZfjgabjga/jg6Hjg7zjgqvjg7zlj5bjgorlr4TjgZvjgajjgarjgovloLTlkIjjgYzjgZTjgZbjgYTjgb7jgZnjgII8c3R5bGUgdHlwZT0idGV4dC9jc3MiPgoKYm9keSB7CiBiYWNrZ3JvdW5kLWltYWdlOiB1cmwoImh0dHA6Ly93d3cucmFrdXRlbi5uZS5qcC9nb2xkL2dvb2RtYXJrZXQvYmFubmVyL3NpZGVfYmFubmVyXzgwODAwLmdpZiIpOwogYmFja2dyb3VuZC1yZXBlYXQ6cmVwZWF0LXk7CiB0b3A6MTAwOwogYmFja2dyb3VuZC1wb3NpdGlvbjp0b3AgbGVmdDsKfQoKPC9zdHlsZT4KPCEtLQo8aW1nIHNyYz0iaHR0cDovL2ltYWdlLnJha3V0ZW4uY28uanAvZ29vZG1hcmtldC9jYWJpbmV0LzFibjQuanBnIj4KLS0+CjwhLS0KPGltZyBzcmM9Imh0dHA6Ly93d3cucmFrdXRlbi5uZS5qcC9nb2xkL2dvb2RtYXJrZXQvYmFubmVyL2l0ZW1fYmFubmVyXzYxMi5qcGciIHdpZHRoPSIxMDAlIj4tLT4KCjxicj48YnI+Cgo8IS0t44Kq44K544K544Oh5ZWG5ZOB44K544Op44Kk44OJLS0+CjxkaXYgc3R5bGU9ImJvcmRlcjo1cHggIzZmOTkyYiBkb3VibGU7cGFkZGluZzoycHg7bWFyZ2luOjJweDsiPjxpbWcgc3JjPSJodHRwOi8vaW1hZ2UucmFrdXRlbi5jby5qcC9nb29kbWFya2V0L2NhYmluZXQvY2FtcGFpZ24vaXRlbV9iYW5uZXIyXzYxMi5qcGciIHdpZHRoPSIxMDAlIj48YnI+CjwvZGl2PgoKPGJyPjxicj4KPGRpdiBzdHlsZT0iYm9yZGVyOjVweCAjNmY5OTJiIGRvdWJsZTtwYWRkaW5nOjJweDttYXJnaW46MnB4OyI+CjwvZGl2Pgo8YnI+PGJyPgo8ZGl2IHN0eWxlPSJib3JkZXI6NXB4ICMzM0NDMzMgZG90dGVkO3BhZGRpbmc6MnB4OyI+PC9kaXY+,TkFSVU1JIOOCt+ODq+OCreODvOODm+ODr+OCpOODiCDjgq/jg6rjg7zjg57jg7wgMTMwY2MgOTk2OC00MjYz77ya44Kw44OD44OJ44Kr44Oz44OR44OL44O8,TkFSVU1JIOOCt+ODq+OCreODvOODm+ODr+OCpOODiCDjgq/jg6rjg7zjg57jg7wgMTMwY2MgOTk2OC00MjYz,TkFSVU1JIOOCt+ODq+OCreODvOODm+ODr+OCpOODiCDjgq/jg6rjg7zjg57jg7wgMTMwY2MgOTk2OC00MjYz[rn]
29-48581,aHR0cDovL3RzaG9wLnIxMHMuanAvZ29vZG1hcmtldC9jYWJpbmV0L2ltZ3NyYzAvZDg3L2Q4NzAvYjAxOTExbHR5by5qcGc/Zml0aW49NzAwOjcwMA==,MTY1OC40MDAw,,5a626Zu7ID4g44Kt44OD44OB44Oz5a626Zu7ID4g44Kt44OD44OB44Oz5a626Zu755So44Ki44Kv44K744K144Oq44O844O76YOo5ZOBID4g44Kz44O844OS44O844Oh44O844Kr44O844O744Ko44K544OX44Os44OD44K944Oe44K344Oz55So44Ki44Kv44K744K144Oq44O8,5LiH6JGJ5bq1IOaHkOe0mSjmta7lvavjgormlL/miYApIDM5LTUtOTY=,,PHN0eWxlIHR5cGU9InRleHQvY3NzIj4uc2FtcGxlXzAye3dpZHRoOjMwMHB4O2JvcmRlci1jb2xsYXBzZTogc2VwYXJhdGU7Ym9yZGVyLXNwYWNpbmc6IDBweDtib3JkZXItdG9wOiAxcHggc29saWQgI2NjYztib3JkZXItbGVmdDogMXB4IHNvbGlkICNjY2M7fS5zYW1wbGVfMDIgdGh7d2lkdGg6IDI1JTtwYWRkaW5nOiA0cHg7dGV4dC1hbGlnbjogbGVmdDt2ZXJ0aWNhbC1hbGlnbjogdG9wO2NvbG9yOiAjNDQ0O2JhY2tncm91bmQtY29sb3I6ICNjY2M7Ym9yZGVyLXRvcDogMXB4IHNvbGlkICNmZmY7Ym9yZGVyLWxlZnQ6IDFweCBzb2xpZCAjZmZmO2JvcmRlci1yaWdodDogMXB4IHNvbGlkICNjY2M7Ym9yZGVyLWJvdHRvbTogMXB4IHNvbGlkICNjY2M7fS5zYW1wbGVfMDIgdGR7cGFkZGluZzogNHB4O2JhY2tncm91bmQtY29sb3I6ICNmYWZhZmE7Ym9yZGVyLXJpZ2h0OiAxcHggc29saWQgI2NjYztib3JkZXItYm90dG9tOiAxcHggc29saWQgI2NjYzt9PC9zdHlsZT48dGFibGUgY2xhc3M9InNhbXBsZV8wMiI+PHRyPjx0aD7llYblk4HlkI08L3RoPjx0ZD7kuIfokYnlurUg5oeQ57SZKOa1ruW9q+OCiuaUv+aJgCkgMzktNS05NjwvdGQ+PC90cj48dHI+PHRoPkpBTjwvdGg+PHRkPjQ1ODk5MTE5NDY1MDk8L3RkPjwvdHI+PHRyPjx0aD7lk4Hnlao8L3RoPjx0ZD5nbWt0YjAxOTExbHR5bzwvdGQ+PC90cj48dHI+PHRoPumHjemHjzwvdGg+PHRkPjwvdGQ+PC90cj48dHI+PHRoPuWVhuWTgeS7leanmDwvdGg+PHRkPuOCteOCpOOCujoxNC41w5cxNy41Y208YnI+5pys5L2T6YeN6YePKGtnKTowLjE3PGJyPue0oOadkOODu+adkOizqjrntJk8YnI+5Y6f55Sj5Zu9OuaXpeacrDxicj48L3RkPjwvdHI+PHRyPjx0aD7llYblk4HoqqzmmI48L3RoPjx0ZD48L3RkPjwvdHI+PC90YWJsZT48YnI+PGJyPuKAu+OBlOazqOaWh+OCv+OCpOODn+ODs+OCsOOChOOBlOazqOaWh+WGheWuueOBq+OCiOOBo+OBpuOBr+OAgeizvOWFpeWxpeattOOBi+OCieOBruOBlOazqOaWh+OCreODo+ODs+OCu+ODq+OAgeS/ruato+OCkuWPl+OBkeS7mOOBkeOCi+OBk+OBqOOBjOOBp+OBjeOBquOBhOWgtOWQiOOBjOOBlOOBluOBhOOBvuOBmeOAguKAu+Wkp+Wei+WVhuWTgeOChOS4gOmDqOOBruWVhuWTgeOBq+OBpOOBjeOBvuOBl+OBpuOBr+ODoeODvOOCq+ODvOWPluOCiuWvhOOBm+OBqOOBquOCi+WgtOWQiOOBjOOBlOOBluOBhOOBvuOBmeOAgjxzdHlsZSB0eXBlPSJ0ZXh0L2NzcyI+Cgpib2R5IHsKIGJhY2tncm91bmQtaW1hZ2U6IHVybCgiaHR0cDovL3d3dy5yYWt1dGVuLm5lLmpwL2dvbGQvZ29vZG1hcmtldC9iYW5uZXIvc2lkZV9iYW5uZXJfODA4MDAuZ2lmIik7CiBiYWNrZ3JvdW5kLXJlcGVhdDpyZXBlYXQteTsKIHRvcDoxMDA7CiBiYWNrZ3JvdW5kLXBvc2l0aW9uOnRvcCBsZWZ0Owp9Cgo8L3N0eWxlPgo8IS0tCjxpbWcgc3JjPSJodHRwOi8vaW1hZ2UucmFrdXRlbi5jby5qcC9nb29kbWFya2V0L2NhYmluZXQvMWJuNC5qcGciPgotLT4KPCEtLQo8aW1nIHNyYz0iaHR0cDovL3d3dy5yYWt1dGVuLm5lLmpwL2dvbGQvZ29vZG1hcmtldC9iYW5uZXIvaXRlbV9iYW5uZXJfNjEyLmpwZyIgd2lkdGg9IjEwMCUiPi0tPgoKPGJyPjxicj4KCjwhLS3jgqrjgrnjgrnjg6HllYblk4Hjgrnjg6njgqTjg4ktLT4KPGRpdiBzdHlsZT0iYm9yZGVyOjVweCAjNmY5OTJiIGRvdWJsZTtwYWRkaW5nOjJweDttYXJnaW46MnB4OyI+PGltZyBzcmM9Imh0dHA6Ly9pbWFnZS5yYWt1dGVuLmNvLmpwL2dvb2RtYXJrZXQvY2FiaW5ldC9jYW1wYWlnbi9pdGVtX2Jhbm5lcjJfNjEyLmpwZyIgd2lkdGg9IjEwMCUiPjxicj4KPC9kaXY+Cgo8YnI+PGJyPgo8ZGl2IHN0eWxlPSJib3JkZXI6NXB4ICM2Zjk5MmIgZG91YmxlO3BhZGRpbmc6MnB4O21hcmdpbjoycHg7Ij4KPC9kaXY+Cjxicj48YnI+CjxkaXYgc3R5bGU9ImJvcmRlcjo1cHggIzMzQ0MzMyBkb3R0ZWQ7cGFkZGluZzoycHg7Ij48L2Rpdj4=,5LiH6JGJ5bq1IOaHkOe0mSjmta7lvavjgormlL/miYApIDM5LTUtOTbvvJrjgrDjg4Pjg4njgqvjg7Pjg5Hjg4vjg7w=,5LiH6JGJ5bq1IOaHkOe0mSjmta7lvavjgormlL/miYApIDM5LTUtOTY=,5LiH6JGJ5bq1IOaHkOe0mSjmta7lvavjgormlL/miYApIDM5LTUtOTY=[rn]
29-48582,aHR0cDovL3RzaG9wLnIxMHMuanAvZWNvLWtpdGNoZW4vY2FiaW5ldC8wMi8yMzAyMy0wMF85OS5qcGc/Zml0aW49NzAwOjcwMA==,MjQwMC4wMDAw,,5a626Zu7ID4g44Kt44OD44OB44Oz5a626Zu7ID4g44Kt44OD44OB44Oz5a626Zu755So44Ki44Kv44K744K144Oq44O844O76YOo5ZOBID4g44Kz44O844OS44O844Oh44O844Kr44O844O744Ko44K544OX44Os44OD44K944Oe44K344Oz55So44Ki44Kv44K744K144Oq44O8,44OR44Kk44Os44OD44Kv44K5IOOCs+ODvOODkuODvOODneODg+ODiCDjg5PjgqvjgJDjgrPjg7zjg5Ljg7zjg6Hjg7zjgqvjg7wv44Kr44OV44KnL+OCrOODqeOCueODneODg+ODiC/ogJDnhrHjgqzjg6njgrkv44Kt44OD44OB44Oz55So5ZOB44CR44CQ5qW944Ku44OVX+WMheijheOAkeOAkDAyUDA5SnVsMTbjgJE=,44Kz44O844OS44O844Oh44O844Kr44O84pmq,PFRBQkxFIHdpZHRoPSI2MDAiIGNlbGxwYWRkaW5nPSI1IiBjZWxsc3BhY2luZz0iMSIgYmdjb2xvcj0iI2NjY2NjYyI+PFRCT0RZPiAgICA8VFI+ICAgICAgPFREIGJnY29sb3I9IiNmMGYwZjAiIGFsaWduPSJjZW50ZXIiIHdpZHRoPSIxNTIiPjxGT05UIHNpemU9IjIiPuOCueODmuODg+OCrzwvRk9OVD48L1REPiAgICAgIDxURCBiZ2NvbG9yPSIjZmZmZmZmIiB3aWR0aD0iNDE5Ij48Rk9OVCBzaXplPSIyIj7ilqDlrrnph48tKEwpMC42PGJyPuKWoOOCteOCpOOCui3nm7TlvoTDl+mrmOOBlShtbSkxMzXDlzIwMzwvRk9OVD48L1REPiAgICA8L1RSPiAgICA8VFI+ICAgICAgPFREIGJnY29sb3I9IiNmMGYwZjAiIGFsaWduPSJjZW50ZXIiIHdpZHRoPSIxNTIiPjxGT05UIHNpemU9IjIiPuWVhuWTgeiqrOaYjjwvRk9OVD48L1REPiAgICAgIDxURCBiZ2NvbG9yPSIjZmZmZmZmIiB3aWR0aD0iNDE5Ij48Rk9OVCBzaXplPSIyIj7ogJDnhrHjgqzjg6njgrnoo708YnI+4peP44Oa44O844OR44O844OV44Kj44Or44K/44O8M++9njTkurrnlKjjgYzkvb/jgYjjgb7jgZnjgILigLvnm7Tngavjgafjga7jgZTkvb/nlKjjga/jgYrpgb/jgZHkuIvjgZXjgYTjgIIgPC9GT05UPjwvVEQ+ICAgIDwvVFI+ICA8L1RCT0RZPjwvVEFCTEU+PCEtLSBISVQjI0UgLS0+PCEtLSBISVQjI1MgLS0+PCEtLSBISVQjI0UgLS0+PCEtLSBISVQjI1MgLS0+PCEtLSBISVQjI0tBTlJFTiNTVEFSVCAtLT48IS0tIEBAQEAyMzAxNS0wMCAyMzAxNi0wMCAyMzAxNy0wMCAyMzAxOC0wMCAyMzAxOS0wMCAyMzAyMC0wMCAyMzAyMS0wMCAyMzAyMi0wMCAyMzAyMy0wMCAyMzAyNC0wMCAyMzAyNS0wMCAyMzAyNi0wMCAyMzAyNy0wMEBAQEAgLS0+Cgo8UD48aW1nIHNyYz0iaHR0cDovL2ltYWdlLnJha3V0ZW4uY28uanAvZWNvLWtpdGNoZW4vY2FiaW5ldC9pbWcva2FucmVuLmdpZiIgd2lkdGg9IjU2MCIgaGVpZ2h0PSIyMCIgYm9yZGVyPSIwIj48L1A+Cgo8YnI+Cgo8VEFCTEUgQk9SREVSPSIwIiBDRUxMUEFERElORz0iNSIgQ0VMTFNQQUNJTkc9IjIiPgoKPFRSPgoKPFREIEFMSUdOPSJjZW50ZXIiPgoKPEZPTlQgU0laRT0iMiI+CgoKCjxpbWcgc3JjPSJodHRwOi8vaW1hZ2UucmFrdXRlbi5jby5qcC9lY28ta2l0Y2hlbi9jYWJpbmV0LzAyLzIzMDE1LTAwXzk5LmpwZyIgYWx0PSIyMzAxNS0wMCIgYm9yZGVyPSIwIiB3aWR0aD0iMTcwIiBoZWlnaHQ9IjEzNiI+Cgo8QlI+CgoKCjxGT05UIENPTE9SPSIjNjY2NjY2Ij4KCml3YWtpIOOCteODqeODgOOCueODlOODiuODvOOAkOODkeOCpOODrOODg+OCr+OCuS/msLTliIfjgoov44Kt44OD44OB44Oz55So5ZOB44CRCgo8L0ZPTlQ+Cgo8QlI+Cgo8L0ZPTlQ+Cgo8L1REPgoKPFREIEFMSUdOPSJjZW50ZXIiPgoKPEZPTlQgU0laRT0iMiI+CgoKCjxpbWcgc3JjPSJodHRwOi8vaW1hZ2UucmFrdXRlbi5jby5qcC9lY28ta2l0Y2hlbi9jYWJpbmV0LzAyLzIzMDE2LTAwXzk5LmpwZyIgYWx0PSIyMzAxNi0wMCIgYm9yZGVyPSIwIiB3aWR0aD0iMTcwIiBoZWlnaHQ9IjEzNiI+Cgo8QlI+CgoKCjxGT05UIENPTE9SPSIjNjY2NjY2Ij4KCuODkeOCpOODrOODg+OCr+OCuSDjgazjgYvmvKzjgZHlrrnlmajjgJDjg5HjgqTjg6zjg4Pjgq/jgrkv44Gs44GL5rysL+iAkOeGseOCrOODqeOCuS/kv53lrZjlrrnlmagv57Ch5Y2Y5rip5bqm566h55CGL+OCreODg+ODgeODs+eUqOWTgeOAkQoKPC9GT05UPgoKPEJSPgoKPC9GT05UPgoKPC9URD4KCjxURCBBTElHTj0iY2VudGVyIj4KCjxGT05UIFNJWkU9IjIiPgoKCgo8aW1nIHNyYz0iaHR0cDovL2ltYWdlLnJha3V0ZW4uY28uanAvZWNvLWtpdGNoZW4vY2FiaW5ldC8wMi8yMzAxNy0wMF85OS5qcGciIGFsdD0iMjMwMTctMDAiIGJvcmRlcj0iMCIgd2lkdGg9IjE3MCIgaGVpZ2h0PSIxMzYiPgoKPEJSPgoKCgo8Rk9OVCBDT0xPUj0iIzY2NjY2NiI+CgrogJDnhrHjgqzjg6njgrnoo70g44Os44Oz44K444Oh44K444Oj44O844Kr44OD44OXIDIwMGNj44CQ6KiI6YeP44Kr44OD44OXL+S4ieWAjeebruebm+OCii/ogJDnhrHjgqzjg6njgrkv5ZCI55uu55ub44KKL+OCreODg+ODgeODs+eUqOWTgeOAkQoKPC9GT05UPgoKPEJSPgoKPC9GT05UPgoKPC9URD4KCjwvVFI+Cgo8VFI+Cgo8VEQgQUxJR049ImNlbnRlciI+Cgo8Rk9OVCBTSVpFPSIyIj4KCgoKPGltZyBzcmM9Imh0dHA6Ly9pbWFnZS5yYWt1dGVuLmNvLmpwL2Vjby1raXRjaGVuL2NhYmluZXQvMDIvMjMwMTgtMDBfOTkuanBnIiBhbHQ9IjIzMDE4LTAwIiBib3JkZXI9IjAiIHdpZHRoPSIxNzAiIGhlaWdodD0iMTM2Ij4KCjxCUj4KCgoKPEZPTlQgQ09MT1I9IiM2NjY2NjYiPgoK6ICQ54ax44Ks44Op44K56KO9IOODrOODs+OCuOODoeOCuOODo+ODvOOCq+ODg+ODlyA1MDBjY+OAkOioiOmHj+OCq+ODg+ODly/kuInlgI3nm67nm5vjgoov6ICQ54ax44Ks44Op44K5L+WQiOebruebm+OCii/jgq3jg4Pjg4Hjg7PnlKjlk4HjgJEKCjwvRk9OVD4KCjxCUj4KCjwvRk9OVD4KCjwvVEQ+Cgo8VEQgQUxJR049ImNlbnRlciI+Cgo8Rk9OVCBTSVpFPSIyIj4KCgoKPGltZyBzcmM9Imh0dHA6Ly9pbWFnZS5yYWt1dGVuLmNvLmpwL2Vjby1raXRjaGVuL2NhYmluZXQvMDIvMjMwMTktMDBfOTkuanBnIiBhbHQ9IjIzMDE5LTAwIiBib3JkZXI9IjAiIHdpZHRoPSIxNzAiIGhlaWdodD0iMTM2Ij4KCjxCUj4KCgoKPEZPTlQgQ09MT1I9IiM2NjY2NjYiPgoKaXdha2kg44OZ44O844K344OD44KvIOODoeOCuOODo+ODvOOCq+ODg+ODlyA1MDBjY+OAkOioiOmHj+OCq+ODg+ODly/kuInlgI3nm67nm5vjgoov6ICQ54ax44Ks44Op44K5L+WQiOebruebm+OCii/jgq3jg4Pjg4Hjg7PnlKjlk4HjgJEKCjwvRk9OVD4KCjxCUj4KCjwvRk9OVD4KCjwvVEQ+Cgo8VEQgQUxJR049ImNlbnRlciI+Cgo8Rk9OVCBTSVpFPSIyIj4KCgoKPGltZyBzcmM9Imh0dHA6Ly9pbWFnZS5yYWt1dGVuLmNvLmpwL2Vjby1raXRjaGVuL2NhYmluZXQvMDIvMjMwMjAtMDBfOTkuanBnIiBhbHQ9IjIzMDIwLTAwIiBib3JkZXI9IjAiIHdpZHRoPSIxNzAiIGhlaWdodD0iMTM2Ij4KCjxCUj4KCgoKPEZPTlQgQ09MT1I9IiM2NjY2NjYiPgoKaXdha2kg44OZ44O844K344OD44KvIOODoeOCuOODo+ODvOOCq+ODg+ODlyAyMDBjY+OAkOioiOmHj+OCq+ODg+ODly/kuInlgI3nm67nm5vjgoov6ICQ54ax44Ks44Op44K5L+WQiOebruebm+OCii/jgq3jg4Pjg4Hjg7PnlKjlk4HjgJEKCjwvRk9OVD4KCjxCUj4KCjwvRk9OVD4KCjwvVEQ+Cgo8L1RSPgoKPFRSPgoKPFREIEFMSUdOPSJjZW50ZXIiPgoKPEZPTlQgU0laRT0iMiI+CgoKCjxpbWcgc3JjPSJodHRwOi8vaW1hZ2UucmFrdXRlbi5jby5qcC9lY28ta2l0Y2hlbi9jYWJpbmV0LzAyLzIzMDIxLTAwXzk5LmpwZyIgYWx0PSIyMzAyMS0wMCIgYm9yZGVyPSIwIiB3aWR0aD0iMTcwIiBoZWlnaHQ9IjEzNiI+Cgo8QlI+CgoKCjxGT05UIENPTE9SPSIjNjY2NjY2Ij4KCml3YWtpIOODmeODvOOCt+ODg+OCryDjg6Hjgrjjg6Pjg7zjgqvjg4Pjg5cgMTAwY2PjgJDoqIjph4/jgqvjg4Pjg5cv5LiJ5YCN55uu55ub44KKL+iAkOeGseOCrOODqeOCuS/lkIjnm67nm5vjgoov44Kt44OD44OB44Oz55So5ZOB44CRCgo8L0ZPTlQ+Cgo8QlI+Cgo8L0ZPTlQ+Cgo8L1REPgoKPFREIEFMSUdOPSJjZW50ZXIiPgoKPEZPTlQgU0laRT0iMiI+CgoKCjxpbWcgc3JjPSJodHRwOi8vaW1hZ2UucmFrdXRlbi5jby5qcC9lY28ta2l0Y2hlbi9jYWJpbmV0LzAyLzIzMDIyLTAwXzk5LmpwZyIgYWx0PSIyMzAyMi0wMCIgYm9yZGVyPSIwIiB3aWR0aD0iMTcwIiBoZWlnaHQ9IjEzNiI+Cgo8QlI+CgoKCjxGT05UIENPTE9SPSIjNjY2NjY2Ij4KCuOCquOCpOODq+OCueODl+ODrOODvOOAkOOBpOOChOWHuuOBly/pnKflkLnjgY0v5rK55byV44GNL+OCreODg+ODgeODs+eUqOWTgeOAkQoKPC9GT05UPgoKPEJSPgoKPC9GT05UPgoKPC9URD4KCjxURCBBTElHTj0iY2VudGVyIj4KCjxGT05UIFNJWkU9IjIiPgoKCgo8aW1nIHNyYz0iaHR0cDovL2ltYWdlLnJha3V0ZW4uY28uanAvZWNvLWtpdGNoZW4vY2FiaW5ldC8wMi8yMzAyMy0wMF85OS5qcGciIGFsdD0iMjMwMjMtMDAiIGJvcmRlcj0iMCIgd2lkdGg9IjE3MCIgaGVpZ2h0PSIxMzYiPgoKPEJSPgoKCgo8Rk9OVCBDT0xPUj0iIzY2NjY2NiI+Cgrjg5HjgqTjg6zjg4Pjgq/jgrkg44Kz44O844OS44O844Od44OD44OIIOODk+OCq+OAkOOCs+ODvOODkuODvOODoeODvOOCq+ODvC/jgqvjg5Xjgqcv44Ks44Op44K544Od44OD44OIL+iAkOeGseOCrOODqeOCuS/jgq3jg4Pjg4Hjg7PnlKjlk4HjgJEKCjwvRk9OVD4KCjxCUj4KCjwvRk9OVD4KCjwvVEQ+Cgo8L1RSPgoKPFRSPgoKPFREIEFMSUdOPSJjZW50ZXIiPgoKPEZPTlQgU0laRT0iMiI+CgoKCjxpbWcgc3JjPSJodHRwOi8vaW1hZ2UucmFrdXRlbi5jby5qcC9lY28ta2l0Y2hlbi9jYWJpbmV0LzAyLzIzMDI3LTAwXzk5LmpwZyIgYWx0PSIyMzAyNy0wMCIgYm9yZGVyPSIwIiB3aWR0aD0iMTcwIiBoZWlnaHQ9IjEzNiI+PEJSPgoKCgo8Rk9OVCBDT0xPUj0iIzY2NjY2NiI+PGZvbnQgc2l6ZT0iMiI+PGZvbnQgY29sb3I9IiM2NjY2NjYiPuODleOCv+S7mOOBteOCiuOBi+OBkeODnOODiOODq+OAkOiqv+WRs+aWmeWFpeOCjC/jg4fjgrbjgqTjg7Mv5L+d5a2YL+OCrOODqeOCueijveOCreODg+ODgeODs+eUqOWTgeOAkTwvZm9udD48L2ZvbnQ+IDwvRk9OVD4KCjxCUj4KCjwvRk9OVD4KCjwvVEQ+Cgo8VEQgQUxJR049ImNlbnRlciI+Cgo8Rk9OVCBTSVpFPSIyIj4KCgoKPGltZyBzcmM9Imh0dHA6Ly9pbWFnZS5yYWt1dGVuLmNvLmpwL2Vjby1raXRjaGVuL2NhYmluZXQvMDIvMjMwMjUtMDBfOTkuanBnIiBhbHQ9IjIzMDI1LTAwIiBib3JkZXI9IjAiIHdpZHRoPSIxNzAiIGhlaWdodD0iMTM2Ij4KCjxCUj4KCgoKPEZPTlQgQ09MT1I9IiM2NjY2NjYiPgoK6ICQ54ax44Ks44Op44K56KO9IOODieODrOODg+OCt+ODs+OCsOODnOODiOODq+OAkOiqv+WRs+aWmeWFpeOCjC/ogJDnhrHjgqzjg6njgrkv44Kq44Oq44K444OK44Or44OJ44Os44OD44K344Oz44KwL+ODieODrOODg+OCt+ODs+OCsOODoeODvOOCq+ODvC/jgq3jg4Pjg4Hjg7PnlKjlk4HjgJEKCjwvRk9OVD4KCjxCUj4KCjwvRk9OVD4KCjwvVEQ+Cgo8VEQgQUxJR049ImNlbnRlciI+Cgo8Rk9OVCBTSVpFPSIyIj4KCgoKPGltZyBzcmM9Imh0dHA6Ly9pbWFnZS5yYWt1dGVuLmNvLmpwL2Vjby1raXRjaGVuL2NhYmluZXQvMDIvMjMwMjYtMDBfOTkuanBnIiBhbHQ9IjIzMDI2LTAwIiBib3JkZXI9IjAiIHdpZHRoPSIxNzAiIGhlaWdodD0iMTM2Ij4KCjxCUj4KCgoKPEZPTlQgQ09MT1I9IiM2NjY2NjYiPgoK6ICQ54ax44Ks44Op44K56KO9IOODieODrOODg+OCt+ODs+OCsOODnOODiOODq+OAkOiqv+WRs+aWmeWFpeOCjC/ogJDnhrHjgqzjg6njgrkv44Kq44Oq44K444OK44Or44OJ44Os44OD44K344Oz44KwL+ODieODrOODg+OCt+ODs+OCsOODoeODvOOCq+ODvC/jgq3jg4Pjg4Hjg7PnlKjlk4HjgJEKCjwvRk9OVD4KCjxCUj4KCjwvRk9OVD4KCjwvVEQ+Cgo8L1RSPjwvVEFCTEU+Cgo8IS0tIEhJVCMjS0FOUkVOI0VORCAtLT48IS0tIEhJVCMjRSAtLT48c3R5bGUgdHlwZT0idGV4dC9jc3MiPgpib2R5ewpiYWNrZ3JvdW5kLWltYWdlOnVybCgiaHR0cDovL2ltYWdlLnJha3V0ZW4uY28uanAvZWNvLWtpdGNoZW4vY2FiaW5ldC90b3AtbmV3L2FzdXJha3UtZG95b3UuanBnIik7CmJhY2tncm91bmQtcmVwZWF0OnJlcGVhdC15OwpiYWNrZ3JvdW5kLXBvc2l0aW9uOnJpZ2h0Owp9Cjwvc3R5bGU+Cgo8c3R5bGUgdHlwZT0idGV4dC9jc3MiPgpzcGFuLmNob2ljZXtjb2xvcjojZmZmOyBmb250LXNpemU6MTRweDsgZm9udC13ZWlnaHQ6Ym9sZDsgYmFja2dyb3VuZC1jb2xvcjojMDA4MGMwOyBib3JkZXI6c29saWQgNHB4ICMwMDgwYzA7IHdpZHRoOjI5MnB4OyBkaXNwbGF5OmJsb2NrOyBtYXJnaW46MTBweCAwIDAgMDt9CiNyYWt1dGVuTGltaXRlZElkX2Fyb3VuZENhcnQgc2VsZWN0e2ZvbnQtc2l6ZToxNHB4ICFpbXBvcnRhbnQ7fQpzZWxlY3RbbmFtZT0iY2hvaWNlIl17aGVpZ2h0OjI4cHg7IHdpZHRoOjMwMHB4OyBiYWNrZ3JvdW5kOiNmZmZmZmYgbm8tcmVwZWF0O30Kc3Bhbi51bml0e2NvbG9yOiMzMzMzMzM7IGZvbnQtc2l6ZToxNnB4OyBmb250LXdlaWdodDpib2xkO30Kc2VsZWN0W25hbWU9InVuaXRzIl17aGVpZ2h0OjQwcHg7IHdpZHRoOjYwcHg7IGJhY2tncm91bmQ6I2ZmZmZmZiBuby1yZXBlYXQ7IGZvbnQtd2VpZ2h0OmJvbGQ7fQppbnB1dFt2YWx1ZT0i6LK344GE54mp44GL44GU44Gr5YWl44KM44KLIl17CgliYWNrZ3JvdW5kOnVybCgiaHR0cDovL2ltYWdlLnJha3V0ZW4uY28uanAvZWNvLWtpdGNoZW4vY2FiaW5ldC9zbXAtMDAzL2thZ29ib3Rhbi5qcGciKTsKCXdpZHRoOjIyMHB4OwoJaGVpZ2h0OjYwcHg7Cgl0ZXh0LWluZGVudDotOTk5OXB4OwoJYm9yZGVyOm5vbmU7CgljdXJzb3I6cG9pbnRlcjsKCW1hcmdpbi10b3A6OHB4Owp9CmlucHV0W3ZhbHVlPSLosrfjgYTnianjgYvjgZTjgavlhaXjgozjgosiXTpob3ZlcnsKCW9wYWNpdHk6MC44Owp9Cjwvc3R5bGU+CgoKPHN0eWxlIFRZUEU9InRleHQvY3NzIj4KPCEtLQp0ZC5pbnZlbnRvcnkgZm9udHtmb250LXNpemU6MTJweDtjb2xvcjojMzMzMzMzO30KCi0tPgo8L3N0eWxlPgoKPGRpdiBhbGlnbj0ibGVmdCI+CjxUQUJMRSBib3JkZXI9IjAiIHdpZHRoPSI3NjAiIGNlbGxwYWRkaW5nPSIwIiBjZWxsc3BhY2luZz0iMCI+CiAgPFRCT0RZPgogICAgPFRSPgogICAgICA8VEQ+PGltZyBzcmM9Imh0dHA6Ly9pbWFnZS5yYWt1dGVuLmNvLmpwL2Vjby1raXRjaGVuL2NhYmluZXQvdG9wLW5ldy9mb290LWltYWtvcmUuZ2lmIiB3aWR0aD0iNzYwIiBoZWlnaHQ9IjEwMCIgYm9yZGVyPSIwIiBhbHQ9IuODquOCouODq+OCv+OCpOODoOWjsuS4iuWun+azgeS4ree2mSI+PEJSPgogICAgICA8VEFCTEUgYm9yZGVyPSIwIiB3aWR0aD0iNzYwIiBjZWxsc3BhY2luZz0iMSIgYmdjb2xvcj0iIzhEQzYzRiI+CiAgICAgICAgPFRCT0RZPgogICAgICAgICAgPFRSPgogICAgICAgICAgICA8VEQgYmdjb2xvcj0iI2ZmZmZmZiI+PC9URD4KICAgICAgICAgIDwvVFI+CiAgICAgICAgPC9UQk9EWT4KICAgICAgPC9UQUJMRT4KICAgICAgPEJSPgogICAgICA8QlI+CiAgICAgIDxpbWcgc3JjPSJodHRwOi8vaW1hZ2UucmFrdXRlbi5jby5qcC9lY28ta2l0Y2hlbi9jYWJpbmV0L3RvcC1uZXcvZm9vdC1yZXZldS5naWYiIHdpZHRoPSI3NjAiIGhlaWdodD0iNDAiIGJvcmRlcj0iMCIgYWx0PSLjg6rjgqLjg6vjgr/jgqTjg6DllYblk4Hjg6zjg5Pjg6Xjg7zlrp/ms4HkuK3ntpkiPjxCUj4KICAgICAgPFRBQkxFIGJvcmRlcj0iMCIgd2lkdGg9Ijc2MCIgY2VsbHBhZGRpbmc9IjAiIGNlbGxzcGFjaW5nPSIxIiBiZ2NvbG9yPSIjOERDNjNGIj4KICAgICAgICA8VEJPRFk+CiAgICAgICAgICA8VFI+CiAgICAgICAgICAgIDxURCBiZ2NvbG9yPSIjZmZmZmZmIj48L1REPgogICAgICAgICAgPC9UUj4KICAgICAgICA8L1RCT0RZPgogICAgICA8L1RBQkxFPgogICAgICA8QlI+CiAgICAgIDxCUj4KICAgICAgPEJSPgogICAgICA8QlI+CiAgICAgIDxCUj4KICAgICAgPC9URD4KICAgIDwvVFI+CiAgPC9UQk9EWT4KPC9UQUJMRT4KPC9kaXY+,44OR44Kk44Os44OD44Kv44K5IOOCs+ODvOODkuODvOODneODg+ODiCDjg5PjgqvjgJDjgrPjg7zjg5Ljg7zjg6Hjg7zjgqvjg7wv44Kr44OV44KnL+OCrOODqeOCueODneODg+ODiC/ogJDnhrHjgqzjg6njgrkv44Kt44OD44OB44Oz55So5ZOB44CR44CQ5qW944Ku44OVX+WMheijheOAkeOAkDAyUDA5SnVsMTbjgJHvvJrjgq3jg4Pjg4Hjg7Ppm5Hosqjjga7jgYrlupcg44Ko44Kz44Kt44OD44OB44Oz,44Kt44OD44OB44Oz55So5ZOB44Kt44OD44OB44Oz6ZuR6LKo6Kq/55CG5Zmo5YW35byB5b2T566x6aOf5Zmo6Y2L44GK44GX44KD44KM44Ko44Kz44Kt44OD44OB44Oz5Y+w5omA55So5ZOB54Kt6YW45rC044Oh44O844Kr44O854Kt6YW45rC06KO96YCg5qmf6Zu75a2Q44Os44Oz44K444Gn54S844GN6a2a44Op44Oz44OB44Oc44OD44Kv44K544OQ44K544Kx44OD44OI44OG44Kj44OD44K344Ol44Kx44O844K544OB44O844K644OV44Kp44Oz44OH44Ol44Ki44Or44Kr44Oq44Km44Kp44OD44K344Ol6YeN566x44OE44Kk44K544OR44K944O844OA44OV44Kp44Oz44OH44Ol6Y2L44OR44Kk44Os44OD44Kv44K5IOOCs+ODvOODkuODvOODneODg+ODiCDjg5PjgqvjgJDjgrPjg7zjg5Ljg7zjg6Hjg7zjgqvjg7wv44Kr44OV44KnL+OCrOODqeOCueODneODg+ODiC/ogJDnhrHjgqzjg6njgrkv44Kt44OD44OB44Oz55So5ZOB44CR44CQ5qW944Ku44OVX+WMheijheOAkeOAkDAyUDA5SnVsMTbjgJE=,44Kz44O844OS44O844Oh44O844Kr44O84pmq44CC44OR44Kk44Os44OD44Kv44K5IOOCs+ODvOODkuODvOODneODg+ODiCDjg5PjgqvjgJDjgrPjg7zjg5Ljg7zjg6Hjg7zjgqvjg7wv44Kr44OV44KnL+OCrOODqeOCueODneODg+ODiC/ogJDnhrHjgqzjg6njgrkv44Kt44OD44OB44Oz55So5ZOB44CR44CQ5qW944Ku44OVX+WMheijheOAkeOAkDAyUDA5SnVsMTbjgJE=[rn]
29-48583,aHR0cDovL3RzaG9wLnIxMHMuanAvZWNvLWtpdGNoZW4vY2FiaW5ldC8wNi8wNTA3LTEuanBnP2ZpdGluPTcwMDo3MDA=,MTIwMC4wMDAw,,5a626Zu7ID4g44Kt44OD44OB44Oz5a626Zu7ID4g44Kt44OD44OB44Oz5a626Zu755So44Ki44Kv44K744K144Oq44O844O76YOo5ZOBID4g44Kz44O844OS44O844Oh44O844Kr44O844O744Ko44K544OX44Os44OD44K944Oe44K344Oz55So44Ki44Kv44K744K144Oq44O8,44OR44Kk44Os44OD44Kv44K5IE5FV+OCs+ODvOODkuODvOODj+OCpuOCueOAkOOCs+ODvOODkuODvOODoeODvOOCq+ODvC/jgqvjg5Xjgqcv44Ks44Op44K544Od44OD44OIL+iAkOeGseOCrOODqeOCuS/jgq3jg4Pjg4Hjg7PnlKjlk4HjgJHjgJDmpb3jgq7jg5Vf5YyF6KOF44CR44CQMDJQMDNEZWMxNuOAkQ==,44Kz44O844OS44O844Oh44O844Kr44O84pmq,PFRBQkxFIHdpZHRoPSI2MDAiIGNlbGxwYWRkaW5nPSI1IiBjZWxsc3BhY2luZz0iMSIgYmdjb2xvcj0iI2NjY2NjYyI+PFRCT0RZPiAgICA8VFI+ICAgICAgPFREIGJnY29sb3I9IiNmMGYwZjAiIGFsaWduPSJjZW50ZXIiIHdpZHRoPSIxNTIiPjxGT05UIHNpemU9IjIiPuOCueODmuODg+OCrzwvRk9OVD48L1REPiAgICAgIDxURCBiZ2NvbG9yPSIjZmZmZmZmIiB3aWR0aD0iNDE5Ij48Rk9OVCBzaXplPSIyIj7ilqDlrrnph48tKEwpMC42PGJyPuKWoOOCteOCpOOCui3nm7TlvoTDl+mrmOOBlShtbSkxMjLDlzE2MDwvRk9OVD48L1REPiAgICA8L1RSPiAgICA8VFI+ICAgICAgPFREIGJnY29sb3I9IiNmMGYwZjAiIGFsaWduPSJjZW50ZXIiIHdpZHRoPSIxNTIiPjxGT05UIHNpemU9IjIiPuWVhuWTgeiqrOaYjjwvRk9OVD48L1REPiAgICAgIDxURCBiZ2NvbG9yPSIjZmZmZmZmIiB3aWR0aD0iNDE5Ij48Rk9OVCBzaXplPSIyIj7ogJDnhrHjgqzjg6njgrnoo708YnI+4oC755u054Gr44Gn44Gu44GU5L2/55So44Gv44GK6YG/44GR5LiL44GV44GE44CC4oC76Zu75a2Q44Os44Oz44K45a++5b+cIDwvRk9OVD48L1REPiAgICA8L1RSPiAgPC9UQk9EWT48L1RBQkxFPjwhLS0gSElUIyNFIC0tPjwhLS0gSElUIyNTIC0tPjwhLS0gSElUIyNFIC0tPjwhLS0gSElUIyNTIC0tPjwhLS0gSElUIyNLQU5SRU4jU1RBUlQgLS0+PCEtLSBAQEBAMjMwMTUtMDAgMjMwMTYtMDAgMjMwMTctMDAgMjMwMTgtMDAgMjMwMTktMDAgMjMwMjAtMDAgMjMwMjEtMDAgMjMwMjItMDAgMjMwMjMtMDAgMjMwMjQtMDAgMjMwMjUtMDAgMjMwMjYtMDAgMjMwMjctMDBAQEBAIC0tPgoKPFA+PGltZyBzcmM9Imh0dHA6Ly9pbWFnZS5yYWt1dGVuLmNvLmpwL2Vjby1raXRjaGVuL2NhYmluZXQvaW1nL2thbnJlbi5naWYiIHdpZHRoPSI1NjAiIGhlaWdodD0iMjAiIGJvcmRlcj0iMCI+PC9QPgoKPGJyPgoKPFRBQkxFIEJPUkRFUj0iMCIgQ0VMTFBBRERJTkc9IjUiIENFTExTUEFDSU5HPSIyIj4KCjxUUj4KCjxURCBBTElHTj0iY2VudGVyIj4KCjxGT05UIFNJWkU9IjIiPgoKCgo8aW1nIHNyYz0iaHR0cDovL2ltYWdlLnJha3V0ZW4uY28uanAvZWNvLWtpdGNoZW4vY2FiaW5ldC8wMi8yMzAxNS0wMF85OS5qcGciIGFsdD0iMjMwMTUtMDAiIGJvcmRlcj0iMCIgd2lkdGg9IjE3MCIgaGVpZ2h0PSIxMzYiPgoKPEJSPgoKCgo8Rk9OVCBDT0xPUj0iIzY2NjY2NiI+Cgppd2FraSDjgrXjg6njg4Djgrnjg5Tjg4rjg7zjgJDjg5HjgqTjg6zjg4Pjgq/jgrkv5rC05YiH44KKL+OCreODg+ODgeODs+eUqOWTgeOAkQoKPC9GT05UPgoKPEJSPgoKPC9GT05UPgoKPC9URD4KCjxURCBBTElHTj0iY2VudGVyIj4KCjxGT05UIFNJWkU9IjIiPgoKCgo8aW1nIHNyYz0iaHR0cDovL2ltYWdlLnJha3V0ZW4uY28uanAvZWNvLWtpdGNoZW4vY2FiaW5ldC8wMi8yMzAxNi0wMF85OS5qcGciIGFsdD0iMjMwMTYtMDAiIGJvcmRlcj0iMCIgd2lkdGg9IjE3MCIgaGVpZ2h0PSIxMzYiPgoKPEJSPgoKCgo8Rk9OVCBDT0xPUj0iIzY2NjY2NiI+Cgrjg5HjgqTjg6zjg4Pjgq/jgrkg44Gs44GL5rys44GR5a655Zmo44CQ44OR44Kk44Os44OD44Kv44K5L+OBrOOBi+a8rC/ogJDnhrHjgqzjg6njgrkv5L+d5a2Y5a655ZmoL+ewoeWNmOa4qeW6pueuoeeQhi/jgq3jg4Pjg4Hjg7PnlKjlk4HjgJEKCjwvRk9OVD4KCjxCUj4KCjwvRk9OVD4KCjwvVEQ+Cgo8VEQgQUxJR049ImNlbnRlciI+Cgo8Rk9OVCBTSVpFPSIyIj4KCgoKPGltZyBzcmM9Imh0dHA6Ly9pbWFnZS5yYWt1dGVuLmNvLmpwL2Vjby1raXRjaGVuL2NhYmluZXQvMDIvMjMwMTctMDBfOTkuanBnIiBhbHQ9IjIzMDE3LTAwIiBib3JkZXI9IjAiIHdpZHRoPSIxNzAiIGhlaWdodD0iMTM2Ij4KCjxCUj4KCgoKPEZPTlQgQ09MT1I9IiM2NjY2NjYiPgoK6ICQ54ax44Ks44Op44K56KO9IOODrOODs+OCuOODoeOCuOODo+ODvOOCq+ODg+ODlyAyMDBjY+OAkOioiOmHj+OCq+ODg+ODly/kuInlgI3nm67nm5vjgoov6ICQ54ax44Ks44Op44K5L+WQiOebruebm+OCii/jgq3jg4Pjg4Hjg7PnlKjlk4HjgJEKCjwvRk9OVD4KCjxCUj4KCjwvRk9OVD4KCjwvVEQ+Cgo8L1RSPgoKPFRSPgoKPFREIEFMSUdOPSJjZW50ZXIiPgoKPEZPTlQgU0laRT0iMiI+CgoKCjxpbWcgc3JjPSJodHRwOi8vaW1hZ2UucmFrdXRlbi5jby5qcC9lY28ta2l0Y2hlbi9jYWJpbmV0LzAyLzIzMDE4LTAwXzk5LmpwZyIgYWx0PSIyMzAxOC0wMCIgYm9yZGVyPSIwIiB3aWR0aD0iMTcwIiBoZWlnaHQ9IjEzNiI+Cgo8QlI+CgoKCjxGT05UIENPTE9SPSIjNjY2NjY2Ij4KCuiAkOeGseOCrOODqeOCueijvSDjg6zjg7Pjgrjjg6Hjgrjjg6Pjg7zjgqvjg4Pjg5cgNTAwY2PjgJDoqIjph4/jgqvjg4Pjg5cv5LiJ5YCN55uu55ub44KKL+iAkOeGseOCrOODqeOCuS/lkIjnm67nm5vjgoov44Kt44OD44OB44Oz55So5ZOB44CRCgo8L0ZPTlQ+Cgo8QlI+Cgo8L0ZPTlQ+Cgo8L1REPgoKPFREIEFMSUdOPSJjZW50ZXIiPgoKPEZPTlQgU0laRT0iMiI+CgoKCjxpbWcgc3JjPSJodHRwOi8vaW1hZ2UucmFrdXRlbi5jby5qcC9lY28ta2l0Y2hlbi9jYWJpbmV0LzAyLzIzMDE5LTAwXzk5LmpwZyIgYWx0PSIyMzAxOS0wMCIgYm9yZGVyPSIwIiB3aWR0aD0iMTcwIiBoZWlnaHQ9IjEzNiI+Cgo8QlI+CgoKCjxGT05UIENPTE9SPSIjNjY2NjY2Ij4KCml3YWtpIOODmeODvOOCt+ODg+OCryDjg6Hjgrjjg6Pjg7zjgqvjg4Pjg5cgNTAwY2PjgJDoqIjph4/jgqvjg4Pjg5cv5LiJ5YCN55uu55ub44KKL+iAkOeGseOCrOODqeOCuS/lkIjnm67nm5vjgoov44Kt44OD44OB44Oz55So5ZOB44CRCgo8L0ZPTlQ+Cgo8QlI+Cgo8L0ZPTlQ+Cgo8L1REPgoKPFREIEFMSUdOPSJjZW50ZXIiPgoKPEZPTlQgU0laRT0iMiI+CgoKCjxpbWcgc3JjPSJodHRwOi8vaW1hZ2UucmFrdXRlbi5jby5qcC9lY28ta2l0Y2hlbi9jYWJpbmV0LzAyLzIzMDIwLTAwXzk5LmpwZyIgYWx0PSIyMzAyMC0wMCIgYm9yZGVyPSIwIiB3aWR0aD0iMTcwIiBoZWlnaHQ9IjEzNiI+Cgo8QlI+CgoKCjxGT05UIENPTE9SPSIjNjY2NjY2Ij4KCml3YWtpIOODmeODvOOCt+ODg+OCryDjg6Hjgrjjg6Pjg7zjgqvjg4Pjg5cgMjAwY2PjgJDoqIjph4/jgqvjg4Pjg5cv5LiJ5YCN55uu55ub44KKL+iAkOeGseOCrOODqeOCuS/lkIjnm67nm5vjgoov44Kt44OD44OB44Oz55So5ZOB44CRCgo8L0ZPTlQ+Cgo8QlI+Cgo8L0ZPTlQ+Cgo8L1REPgoKPC9UUj4KCjxUUj4KCjxURCBBTElHTj0iY2VudGVyIj4KCjxGT05UIFNJWkU9IjIiPgoKCgo8aW1nIHNyYz0iaHR0cDovL2ltYWdlLnJha3V0ZW4uY28uanAvZWNvLWtpdGNoZW4vY2FiaW5ldC8wMi8yMzAyMS0wMF85OS5qcGciIGFsdD0iMjMwMjEtMDAiIGJvcmRlcj0iMCIgd2lkdGg9IjE3MCIgaGVpZ2h0PSIxMzYiPgoKPEJSPgoKCgo8Rk9OVCBDT0xPUj0iIzY2NjY2NiI+Cgppd2FraSDjg5njg7zjgrfjg4Pjgq8g44Oh44K444Oj44O844Kr44OD44OXIDEwMGNj44CQ6KiI6YeP44Kr44OD44OXL+S4ieWAjeebruebm+OCii/ogJDnhrHjgqzjg6njgrkv5ZCI55uu55ub44KKL+OCreODg+ODgeODs+eUqOWTgeOAkQoKPC9GT05UPgoKPEJSPgoKPC9GT05UPgoKPC9URD4KCjxURCBBTElHTj0iY2VudGVyIj4KCjxGT05UIFNJWkU9IjIiPgoKCgo8aW1nIHNyYz0iaHR0cDovL2ltYWdlLnJha3V0ZW4uY28uanAvZWNvLWtpdGNoZW4vY2FiaW5ldC8wMi8yMzAyMi0wMF85OS5qcGciIGFsdD0iMjMwMjItMDAiIGJvcmRlcj0iMCIgd2lkdGg9IjE3MCIgaGVpZ2h0PSIxMzYiPgoKPEJSPgoKCgo8Rk9OVCBDT0xPUj0iIzY2NjY2NiI+CgrjgqrjgqTjg6vjgrnjg5fjg6zjg7zjgJDjgaTjgoTlh7rjgZcv6Zyn5ZC544GNL+ayueW8leOBjS/jgq3jg4Pjg4Hjg7PnlKjlk4HjgJEKCjwvRk9OVD4KCjxCUj4KCjwvRk9OVD4KCjwvVEQ+Cgo8VEQgQUxJR049ImNlbnRlciI+Cgo8Rk9OVCBTSVpFPSIyIj4KCgoKPGltZyBzcmM9Imh0dHA6Ly9pbWFnZS5yYWt1dGVuLmNvLmpwL2Vjby1raXRjaGVuL2NhYmluZXQvMDIvMjMwMjMtMDBfOTkuanBnIiBhbHQ9IjIzMDIzLTAwIiBib3JkZXI9IjAiIHdpZHRoPSIxNzAiIGhlaWdodD0iMTM2Ij4KCjxCUj4KCgoKPEZPTlQgQ09MT1I9IiM2NjY2NjYiPgoK44OR44Kk44Os44OD44Kv44K5IOOCs+ODvOODkuODvOODneODg+ODiCDjg5PjgqvjgJDjgrPjg7zjg5Ljg7zjg6Hjg7zjgqvjg7wv44Kr44OV44KnL+OCrOODqeOCueODneODg+ODiC/ogJDnhrHjgqzjg6njgrkv44Kt44OD44OB44Oz55So5ZOB44CRCgo8L0ZPTlQ+Cgo8QlI+Cgo8L0ZPTlQ+Cgo8L1REPgoKPC9UUj4KCjxUUj4KCjxURCBBTElHTj0iY2VudGVyIj4KCjxGT05UIFNJWkU9IjIiPgoKCgo8aW1nIHNyYz0iaHR0cDovL2ltYWdlLnJha3V0ZW4uY28uanAvZWNvLWtpdGNoZW4vY2FiaW5ldC8wMi8yMzAyNy0wMF85OS5qcGciIGFsdD0iMjMwMjctMDAiIGJvcmRlcj0iMCIgd2lkdGg9IjE3MCIgaGVpZ2h0PSIxMzYiPjxCUj4KCgoKPEZPTlQgQ09MT1I9IiM2NjY2NjYiPuOBteOCiuOBi+OBkeODnOODiOODqyA8L0ZPTlQ+Cgo8QlI+Cgo8L0ZPTlQ+Cgo8L1REPgoKPFREIEFMSUdOPSJjZW50ZXIiPgoKPEZPTlQgU0laRT0iMiI+CgoKCjxpbWcgc3JjPSJodHRwOi8vaW1hZ2UucmFrdXRlbi5jby5qcC9lY28ta2l0Y2hlbi9jYWJpbmV0LzAyLzIzMDI1LTAwXzk5LmpwZyIgYWx0PSIyMzAyNS0wMCIgYm9yZGVyPSIwIiB3aWR0aD0iMTcwIiBoZWlnaHQ9IjEzNiI+Cgo8QlI+CgoKCjxGT05UIENPTE9SPSIjNjY2NjY2Ij4KCuiAkOeGseOCrOODqeOCueijvSDjg4njg6zjg4Pjgrfjg7PjgrDjg5zjg4jjg6vjgJDoqr/lkbPmlpnlhaXjgowv6ICQ54ax44Ks44Op44K5L+OCquODquOCuOODiuODq+ODieODrOODg+OCt+ODs+OCsC/jg4njg6zjg4Pjgrfjg7PjgrDjg6Hjg7zjgqvjg7wv44Kt44OD44OB44Oz55So5ZOB44CRCgo8L0ZPTlQ+Cgo8QlI+Cgo8L0ZPTlQ+Cgo8L1REPgoKPFREIEFMSUdOPSJjZW50ZXIiPgoKPEZPTlQgU0laRT0iMiI+CgoKCjxpbWcgc3JjPSJodHRwOi8vaW1hZ2UucmFrdXRlbi5jby5qcC9lY28ta2l0Y2hlbi9jYWJpbmV0LzAyLzIzMDI2LTAwXzk5LmpwZyIgYWx0PSIyMzAyNi0wMCIgYm9yZGVyPSIwIiB3aWR0aD0iMTcwIiBoZWlnaHQ9IjEzNiI+Cgo8QlI+CgoKCjxGT05UIENPTE9SPSIjNjY2NjY2Ij4KCuiAkOeGseOCrOODqeOCueijvSDjg4njg6zjg4Pjgrfjg7PjgrDjg5zjg4jjg6vjgJDoqr/lkbPmlpnlhaXjgowv6ICQ54ax44Ks44Op44K5L+OCquODquOCuOODiuODq+ODieODrOODg+OCt+ODs+OCsC/jg4njg6zjg4Pjgrfjg7PjgrDjg6Hjg7zjgqvjg7wv44Kt44OD44OB44Oz55So5ZOB44CRCgo8L0ZPTlQ+Cgo8QlI+Cgo8L0ZPTlQ+Cgo8L1REPgoKPC9UUj48L1RBQkxFPgoKPCEtLSBISVQjI0tBTlJFTiNFTkQgLS0+PCEtLSBISVQjI0UgLS0+PHN0eWxlIHR5cGU9InRleHQvY3NzIj4KYm9keXsKYmFja2dyb3VuZC1pbWFnZTp1cmwoImh0dHA6Ly9pbWFnZS5yYWt1dGVuLmNvLmpwL2Vjby1raXRjaGVuL2NhYmluZXQvdG9wLW5ldy9hc3VyYWt1LWRveW91LmpwZyIpOwpiYWNrZ3JvdW5kLXJlcGVhdDpyZXBlYXQteTsKYmFja2dyb3VuZC1wb3NpdGlvbjpyaWdodDsKfQo8L3N0eWxlPgoKPHN0eWxlIHR5cGU9InRleHQvY3NzIj4Kc3Bhbi5jaG9pY2V7Y29sb3I6I2ZmZjsgZm9udC1zaXplOjE0cHg7IGZvbnQtd2VpZ2h0OmJvbGQ7IGJhY2tncm91bmQtY29sb3I6IzAwODBjMDsgYm9yZGVyOnNvbGlkIDRweCAjMDA4MGMwOyB3aWR0aDoyOTJweDsgZGlzcGxheTpibG9jazsgbWFyZ2luOjEwcHggMCAwIDA7fQojcmFrdXRlbkxpbWl0ZWRJZF9hcm91bmRDYXJ0IHNlbGVjdHtmb250LXNpemU6MTRweCAhaW1wb3J0YW50O30Kc2VsZWN0W25hbWU9ImNob2ljZSJde2hlaWdodDoyOHB4OyB3aWR0aDozMDBweDsgYmFja2dyb3VuZDojZmZmZmZmIG5vLXJlcGVhdDt9CnNwYW4udW5pdHtjb2xvcjojMzMzMzMzOyBmb250LXNpemU6MTZweDsgZm9udC13ZWlnaHQ6Ym9sZDt9CnNlbGVjdFtuYW1lPSJ1bml0cyJde2hlaWdodDo0MHB4OyB3aWR0aDo2MHB4OyBiYWNrZ3JvdW5kOiNmZmZmZmYgbm8tcmVwZWF0OyBmb250LXdlaWdodDpib2xkO30KaW5wdXRbdmFsdWU9Iuiyt+OBhOeJqeOBi+OBlOOBq+WFpeOCjOOCiyJdewoJYmFja2dyb3VuZDp1cmwoImh0dHA6Ly9pbWFnZS5yYWt1dGVuLmNvLmpwL2Vjby1raXRjaGVuL2NhYmluZXQvc21wLTAwMy9rYWdvYm90YW4uanBnIik7Cgl3aWR0aDoyMjBweDsKCWhlaWdodDo2MHB4OwoJdGV4dC1pbmRlbnQ6LTk5OTlweDsKCWJvcmRlcjpub25lOwoJY3Vyc29yOnBvaW50ZXI7CgltYXJnaW4tdG9wOjhweDsKfQppbnB1dFt2YWx1ZT0i6LK344GE54mp44GL44GU44Gr5YWl44KM44KLIl06aG92ZXJ7CglvcGFjaXR5OjAuODsKfQo8L3N0eWxlPgoKCjxzdHlsZSBUWVBFPSJ0ZXh0L2NzcyI+CjwhLS0KdGQuaW52ZW50b3J5IGZvbnR7Zm9udC1zaXplOjEycHg7Y29sb3I6IzMzMzMzMzt9CgotLT4KPC9zdHlsZT4KCjxkaXYgYWxpZ249ImxlZnQiPgo8VEFCTEUgYm9yZGVyPSIwIiB3aWR0aD0iNzYwIiBjZWxscGFkZGluZz0iMCIgY2VsbHNwYWNpbmc9IjAiPgogIDxUQk9EWT4KICAgIDxUUj4KICAgICAgPFREPjxpbWcgc3JjPSJodHRwOi8vaW1hZ2UucmFrdXRlbi5jby5qcC9lY28ta2l0Y2hlbi9jYWJpbmV0L3RvcC1uZXcvZm9vdC1pbWFrb3JlLmdpZiIgd2lkdGg9Ijc2MCIgaGVpZ2h0PSIxMDAiIGJvcmRlcj0iMCIgYWx0PSLjg6rjgqLjg6vjgr/jgqTjg6Dlo7LkuIrlrp/ms4HkuK3ntpkiPjxCUj4KICAgICAgPFRBQkxFIGJvcmRlcj0iMCIgd2lkdGg9Ijc2MCIgY2VsbHNwYWNpbmc9IjEiIGJnY29sb3I9IiM4REM2M0YiPgogICAgICAgIDxUQk9EWT4KICAgICAgICAgIDxUUj4KICAgICAgICAgICAgPFREIGJnY29sb3I9IiNmZmZmZmYiPjwvVEQ+CiAgICAgICAgICA8L1RSPgogICAgICAgIDwvVEJPRFk+CiAgICAgIDwvVEFCTEU+CiAgICAgIDxCUj4KICAgICAgPEJSPgogICAgICA8aW1nIHNyYz0iaHR0cDovL2ltYWdlLnJha3V0ZW4uY28uanAvZWNvLWtpdGNoZW4vY2FiaW5ldC90b3AtbmV3L2Zvb3QtcmV2ZXUuZ2lmIiB3aWR0aD0iNzYwIiBoZWlnaHQ9IjQwIiBib3JkZXI9IjAiIGFsdD0i44Oq44Ki44Or44K/44Kk44Og5ZWG5ZOB44Os44OT44Ol44O85a6f5rOB5Lit57aZIj48QlI+CiAgICAgIDxUQUJMRSBib3JkZXI9IjAiIHdpZHRoPSI3NjAiIGNlbGxwYWRkaW5nPSIwIiBjZWxsc3BhY2luZz0iMSIgYmdjb2xvcj0iIzhEQzYzRiI+CiAgICAgICAgPFRCT0RZPgogICAgICAgICAgPFRSPgogICAgICAgICAgICA8VEQgYmdjb2xvcj0iI2ZmZmZmZiI+PC9URD4KICAgICAgICAgIDwvVFI+CiAgICAgICAgPC9UQk9EWT4KICAgICAgPC9UQUJMRT4KICAgICAgPEJSPgogICAgICA8QlI+CiAgICAgIDxCUj4KICAgICAgPEJSPgogICAgICA8QlI+CiAgICAgIDwvVEQ+CiAgICA8L1RSPgogIDwvVEJPRFk+CjwvVEFCTEU+CjwvZGl2Pg==,44OR44Kk44Os44OD44Kv44K5IE5FV+OCs+ODvOODkuODvOODj+OCpuOCueOAkOOCs+ODvOODkuODvOODoeODvOOCq+ODvC/jgqvjg5Xjgqcv44Ks44Op44K544Od44OD44OIL+iAkOeGseOCrOODqeOCuS/jgq3jg4Pjg4Hjg7PnlKjlk4HjgJHjgJDmpb3jgq7jg5Vf5YyF6KOF44CR44CQMDJQMDNEZWMxNuOAke+8muOCreODg+ODgeODs+mbkeiyqOOBruOBiuW6lyDjgqjjgrPjgq3jg4Pjg4Hjg7M=,44Kt44OD44OB44Oz55So5ZOB44Kt44OD44OB44Oz6ZuR6LKo6Kq/55CG5Zmo5YW35byB5b2T566x6aOf5Zmo6Y2L44GK44GX44KD44KM44Ko44Kz44Kt44OD44OB44Oz5Y+w5omA55So5ZOB54Kt6YW45rC044Oh44O844Kr44O854Kt6YW45rC06KO96YCg5qmf6Zu75a2Q44Os44Oz44K444Gn54S844GN6a2a44Op44Oz44OB44Oc44OD44Kv44K544OQ44K544Kx44OD44OI44OG44Kj44OD44K344Ol44Kx44O844K544OB44O844K644OV44Kp44Oz44OH44Ol44Ki44Or44Kr44Oq44Km44Kp44OD44K344Ol6YeN566x44OE44Kk44K544OR44K944O844OA44OV44Kp44Oz44OH44Ol6Y2L44OR44Kk44Os44OD44Kv44K5IE5FV+OCs+ODvOODkuODvOODj+OCpuOCueOAkOOCs+ODvOODkuODvOODoeODvOOCq+ODvC/jgqvjg5Xjgqcv44Ks44Op44K544Od44OD44OIL+iAkOeGseOCrOODqeOCuS/jgq3jg4Pjg4Hjg7PnlKjlk4HjgJHjgJDmpb3jgq7jg5Vf5YyF6KOF44CR44CQMDJQMDNEZWMxNuOAkQ==,44Kz44O844OS44O844Oh44O844Kr44O84pmq44CC44OR44Kk44Os44OD44Kv44K5IE5FV+OCs+ODvOODkuODvOODj+OCpuOCueOAkOOCs+ODvOODkuODvOODoeODvOOCq+ODvC/jgqvjg5Xjgqcv44Ks44Op44K544Od44OD44OIL+iAkOeGseOCrOODqeOCuS/jgq3jg4Pjg4Hjg7PnlKjlk4HjgJHjgJDmpb3jgq7jg5Vf5YyF6KOF44CR44CQMDJQMDNEZWMxNuOAkQ==[rn]
29-48584,aHR0cDovL3RzaG9wLnIxMHMuanAvc2VsZWN0cGx1cy9jYWJpbmV0L3JqMS9iZzczN2l0ZW0uanBnP2ZpdGluPTcwMDo3MDA=,NjI1Ni4wMDAw,,5a626Zu7ID4g44Kt44OD44OB44Oz5a626Zu7ID4g44Kt44OD44OB44Oz5a626Zu755So44Ki44Kv44K744K144Oq44O844O76YOo5ZOBID4g44Kz44O844OS44O844Oh44O844Kr44O844O744Ko44K544OX44Os44OD44K944Oe44K344Oz55So44Ki44Kv44K744K144Oq44O8,SEFSSU8o44OP44Oq44KqKeOAgFY2MOOAgOOCouODvOODoOOCueOCv+ODs+ODieOCu+ODg+ODiOOAgFZBUy04MDA2LUhTVuOAkOmAgeaWmeeEoeaWmeOAke+8iOOCs+ODvOODkuODvOODoeODvOOCq+ODvOOAgeOCs+ODvOODkuODvOOCteODvOODkOODvOOAgeODieODquODg+ODl+OCueOCv+ODs+ODieOAgeOCreODg+ODgeODs+eUqOWTgeOAgeOCs+ODvOODkuODvO+8iXN1cGVyLWF6dW1hLTQzODM2MjY=,44GK44GG44Gh44Gn44GK44GX44KD44KM44Gr44Kz44O844OS44O844KS44OJ44Oq44OD44OX44CC,PCEtLeOCs+ODvOODkuODvOODoeODvOOCq+ODvCzjgrPjg7zjg5Ljg7zjgrXjg7zjg5Djg7ws44OJ44Oq44OD44OX44K544K/44Oz44OJLOOCreODg+ODgeODs+eUqOWTgS0tPgoKCiAKCgoKSEFSSU8o44OP44Oq44KqKeOAgFY2MOOAgOOCouODvOODoOOCueOCv+ODs+ODieOCu+ODg+ODiDxCUj4K44CAVkFTLTgwMDYtSFNWCjx0YWJsZSB3aWR0aD0iMzAwIiBib3JkZXI9IjAiIGNlbGxwYWRkaW5nPSI1IiBjZWxsc3BhY2luZz0iMSIgYmdjb2xvcj0iIzY2NjY2NiI+Cjx0cj4KPHRkIGJnY29sb3I9IiNGRkZGQ0MiPjxmb250IHNpemU9IjIiPuOAkOacrOS9k+OCteOCpOOCuuOAkTwvZm9udD48L3RkPgo8dGQgYmdjb2xvcj0iI0ZGRkZGRiI+PGZvbnQgc2l6ZT0iMiI+5bmFMTnDl+WlpeihjDE1LjXDl+mrmOOBlTI1Y20o44K744OD44OI5pmCKTwvZm9udD48L3RkPgo8L3RyPgo8dHI+Cjx0ZCBiZ2NvbG9yPSIjRkZGRkNDIj48Zm9udCBzaXplPSIyIj7jgJDph43ph4/jgJE8L2ZvbnQ+PC90ZD4KPHRkIGJnY29sb3I9IiNGRkZGRkYiPjxmb250IHNpemU9IjIiPjkyMGc8L2ZvbnQ+PC90ZD4KPC90cj4KPHRyPgo8dGQgYmdjb2xvcj0iI0ZGRkZDQyI+PGZvbnQgc2l6ZT0iMiI+44CQ5p2Q6LOq44CRPC9mb250PjwvdGQ+Cjx0ZCBiZ2NvbG9yPSIjRkZGRkZGIj48Zm9udCBzaXplPSIyIj7jg4njg6rjg4Pjg5Hjg7zvvJrjgrnjg4bjg7Pjg6zjgrnjgIE8QlI+CuOCteODvOODkOODvOacrOS9k++8muiAkOeGseOCrOODqeOCueOAgTxCUj4K44Ob44Or44OA44O844Oq44Oz44Kw44O744OJ44Oq44OD44OX44OI44Os44Kk44O744OV44K/44OR44OD44Kt44Oz77ya44K344Oq44Kz44O844Oz44K044Og44CBPEJSPgrjgrnjgr/jg7Pjg4nmnKzkvZPvvJrjgrnjg4bjg7Pjg6zjgrnjg7vkupzpiZvlkIjph5Hjg7vjg5Xjgqfjg47jg7zjg6vmqLnohILjgIE8QlI+CuioiOmHj+OCueODl+ODvOODs++8muODneODquODl+ODreODlOODrOODszwvZm9udD48L3RkPgo8L3RyPgo8dHI+Cjx0ZCBiZ2NvbG9yPSIjRkZGRkNDIj48Zm9udCBzaXplPSIyIj7jgJDljp/nlKPlm73jgJE8L2ZvbnQ+PC90ZD4KPHRkIGJnY29sb3I9IiNGRkZGRkYiPjxmb250IHNpemU9IjIiPuODleOCv++8muS4reWbveOAgeS7lu+8muaXpeacrDwvZm9udD48L3RkPgo8L3RyPjx0cj4KPHRkIGJnY29sb3I9IiNGRkZGQ0MiPjxmb250IHNpemU9IjIiPuOAkOOCu+ODg+ODiOWGheWuueOAkTwvZm9udD48L3RkPgo8dGQgYmdjb2xvcj0iI0ZGRkZGRiI+PGZvbnQgc2l6ZT0iMiI+44Ki44O844Og44K544K/44Oz44OJ44CB44Os44Oz44K444K144O844OQ44O844CBPEJSPgrjg6Hjgr/jg6vjg4njg6rjg4Pjg5Hjg7zjgIHoqIjph4/jgrnjg5fjg7zjg7PjgIHjg5rjg7zjg5Hjg7zjg5XjgqPjg6vjgr/jg7woNDDmnpopPC9mb250PjwvdGQ+CjwvdHI+Cjx0cj4KPHRkIGJnY29sb3I9IiNGRkZGQ0MiPjxmb250IHNpemU9IjIiPuOAkEpBTuOAkTwvZm9udD48L3RkPgo8dGQgYmdjb2xvcj0iI0ZGRkZGRiI+PGZvbnQgc2l6ZT0iMiI+NDk3NzY0MjAyMTI0MjwvZm9udD48L3RkPgo8L3RyPgo8L3RhYmxlPgoKPGJyPgrlj5blr4TjgZvjga7ngrrjgIHjgYrlsYrjgZHjgb7jgafjgavvvJHpgLHplpPliY3lvozpoILjgY3jgb7jgZnjgII8YnI+CuWMl+a1t+mBk+ODu+aylue4hOODu+mbouWztuOBr+WIpemAlOmAgeaWmeOBjOW/heimgeOBqOOBquOCiuOBvuOBmeOAgjxicj4K5Zyo5bqr5pu05paw44Gu44K/44Kk44Of44Oz44Kw44Gr44KI44KK44CB5Zyo5bqr5YiH44KM44Gu5aC05ZCI44Gv44Kt44Oj44Oz44K744Or44GV44Gb44Gm44GE44Gf44Gg44GP5Y+v6IO95oCn44GM44GC44KK44G+44GZ44CCPGJyPjxicj7jgZPjgaHjgonjga7llYblk4Hjga/jg6Hjg7zjgqvjg7znm7TpgIHlk4Hjga7jgZ/jgoHjgIHjg5fjg6zjgrzjg7Pjg4jnlKjjg6njg4Pjg5Tjg7PjgrDjga7lh7rmnaXjgarjgYTllYblk4HjgajjgarjgaPjgabjgYrjgorjgb7jgZnjgII8YnI+PGhyIHdpZHRoPSI2MDAiIGNvbG9yPSIjQ0MzMzY2IiBhbGlnbj0ibGVmdCI+,SEFSSU8o44OP44Oq44KqKeOAgFY2MOOAgOOCouODvOODoOOCueOCv+ODs+ODieOCu+ODg+ODiOOAgFZBUy04MDA2LUhTVuOAkOmAgeaWmeeEoeaWmeOAke+8iOOCs+ODvOODkuODvOODoeODvOOCq+ODvOOAgeOCs+ODvOODkuODvOOCteODvOODkOODvOOAgeODieODquODg+ODl+OCueOCv+ODs+ODieOAgeOCreODg+ODgeODs+eUqOWTgeOAgeOCs+ODvOODkuODvO+8iXN1cGVyLWF6dW1hLTQzODM2MjbvvJrjgrvjg6zjgq/jg4jjg5fjg6njgrk=,44Gs44GE44GQ44KL44G/44K744Os44Kv44OI44OX44Op44K544Ks44O844OH44OL44Oz44Kw44OQ44OD44Kw5biD5Zuj44OV44Kh44OD44K344On44Oz576O5a655YGl5bq344OA44Kk44Ko44OD44OI44Kt44Oj44Op44Kv44K/44O844Kw44OD44K65a+d5YW36Ieq6Lui6LuK6KOc5q2j5LiL552A5pmC6KiI44Kk44Oz44OG44Oq44Ki44Kt44OD44OB44Oz55So5ZOB44Oe44OD44K144O844K444GL44Gw44KT6ZuR6LKo44K544Oq44OgSEFSSU8o44OP44Oq44KqKeOAgFY2MOOAgOOCouODvOODoOOCueOCv+ODs+ODieOCu+ODg+ODiOOAgFZBUy04MDA2LUhTVuOAkOmAgeaWmeeEoeaWmeOAke+8iOOCs+ODvOODkuODvOODoeODvOOCq+ODvOOAgeOCs+ODvOODkuODvOOCteODvOODkOODvOOAgeODieODquODg+ODl+OCueOCv+ODs+ODieOAgeOCreODg+ODgeODs+eUqOWTgeOAgeOCs+ODvOODkuODvO+8iXN1cGVyLWF6dW1hLTQzODM2MjY=,44GK44GG44Gh44Gn44GK44GX44KD44KM44Gr44Kz44O844OS44O844KS44OJ44Oq44OD44OX44CC44CCSEFSSU8o44OP44Oq44KqKeOAgFY2MOOAgOOCouODvOODoOOCueOCv+ODs+ODieOCu+ODg+ODiOOAgFZBUy04MDA2LUhTVuOAkOmAgeaWmeeEoeaWmeOAke+8iOOCs+ODvOODkuODvOODoeODvOOCq+ODvOOAgeOCs+ODvOODkuODvOOCteODvOODkOODvOOAgeODieODquODg+ODl+OCueOCv+ODs+ODieOAgeOCreODg+ODgeODs+eUqOWTgeOAgeOCs+ODvOODkuODvO+8iXN1cGVyLWF6dW1hLTQzODM2MjY=[rn]
29-48585,aHR0cDovL3RzaG9wLnIxMHMuanAvc2VsZWN0cGx1cy9jYWJpbmV0L19yajIvYmgwMTAuanBnP2ZpdGluPTcwMDo3MDA=,MjM0OTYuMDAwMA==,,5a626Zu7ID4g44Kt44OD44OB44Oz5a626Zu7ID4g44Kt44OD44OB44Oz5a626Zu755So44Ki44Kv44K744K144Oq44O844O76YOo5ZOBID4g44Kz44O844OS44O844Oh44O844Kr44O844O744Ko44K544OX44Os44OD44K944Oe44K344Oz55So44Ki44Kv44K744K144Oq44O8,QklBTGVUVEko44OT44Ki44Os44OD44OG44KjKeOAgOOCqOOCueODl+ODrOODg+OCveODnuOCt+ODs+OAgOODgOOCuOODg+OCt+ODnuOAgDUzMTE2LzUzMTE344CQ6YCB5paZ54Sh5paZ44CR77yI44Kz44O844OS44O844Oh44O844Kr44O844CB44Kz44O844OS44O844K144O844OQ44O844CB44Kt44OD44OB44Oz55So5ZOB44CB44Kt44OD44OB44Oz5a626Zu777yJ,44Kr44OD44OX44Gu5b2i44KS44GX44Gf44Ko44K544OX44Os44OD44K944Of44Or44Kv44K544OB44O844Og44Oe44K344OzIQ==,PHA+QklBTGVUVEko44OT44Ki44Os44OD44OG44KjKeOAgOOCqOOCueODl+ODrOODg+OCveODnuOCt+ODs+OAgOODgOOCuOODg+OCt+ODnjxici8+PHRhYmxlIHdpZHRoPSIzMDAiIGJvcmRlcj0iMCIgY2VsbHBhZGRpbmc9IjUiIGNlbGxzcGFjaW5nPSIxIiBiZ2NvbG9yPSIjNjY2NjY2Ij48dGJvZHk+PHRyPjx0ZCBiZ2NvbG9yPSIjZmZmZmNjIj48Zm9udCBzaXplPSIyIj7jgJDlk4Hnlaov44Kr44Op44O844CRPC9mb250PjwvdGQ+PHRkIGJnY29sb3I9IiNmZmZmZmYiPjxmb250IHNpemU9IjIiPjUzMTE2L+ODm+ODr+OCpOODiDxicj41MzExNy/jg5bjg6njg4Pjgq88L2ZvbnQ+PC90ZD48L3RyPjx0cj48dGQgYmdjb2xvcj0iI2ZmZmZjYyI+PGZvbnQgc2l6ZT0iMiI+44CQ5YyW57Kn566x44K144Kk44K6KG1tKeOAkTwvZm9udD48L3RkPjx0ZCBiZ2NvbG9yPSIjZmZmZmZmIj48Zm9udCBzaXplPSIyIj4zODDDlzIzMMOXMzEwPC9mb250PjwvdGQ+PC90cj48dHI+PHRkIGJnY29sb3I9IiNmZmZmY2MiPjxmb250IHNpemU9IjIiPuOAkOacrOS9k+OCteOCpOOCuuOAkTwvZm9udD48L3RkPjx0ZCBiZ2NvbG9yPSIjZmZmZmZmIj48Zm9udCBzaXplPSIyIj4xOC41w5flpaXooYwyNi41w5fpq5jjgZUzNWNtPC9mb250PjwvdGQ+PC90cj48dHI+PHRkIGJnY29sb3I9IiNmZmZmY2MiPjxmb250IHNpemU9IjIiPuOAkOacrOS9k+mHjemHj+OAkTwvZm9udD48L3RkPjx0ZCBiZ2NvbG9yPSIjZmZmZmZmIj48Zm9udCBzaXplPSIyIj4zLjVrZzwvZm9udD48L3RkPjwvdHI+PHRyPjx0ZCBiZ2NvbG9yPSIjZmZmZmNjIj48Zm9udCBzaXplPSIyIj7jgJDmnZDos6rjgJE8L2ZvbnQ+PC90ZD48dGQgYmdjb2xvcj0iI2ZmZmZmZiI+PGZvbnQgc2l6ZT0iMiI+5pys5L2T77yaQUJT5qi56ISCPGJyPuODm+ODq+ODgOODvO+8mkFCU+aoueiEgjxicj7jg4jjg6zjg7zvvJrjgrnjg4bjg7Pjg6zjgrnpi7zjgIFBQlPmqLnohII8L2ZvbnQ+PC90ZD48L3RyPjx0cj48dGQgYmdjb2xvcj0iI2ZmZmZjYyI+PGZvbnQgc2l6ZT0iMiI+44CQ6Zu75rqQ44CRPC9mb250PjwvdGQ+PHRkIGJnY29sb3I9IiNmZmZmZmYiPjxmb250IHNpemU9IjIiPkFDLTEwMFbjgIE1MC82MEha77yJPC9mb250PjwvdGQ+PC90cj48dHI+PHRkIGJnY29sb3I9IiNmZmZmY2MiPjxmb250IHNpemU9IjIiPuOAkOa2iOiyu+mbu+WKm+OAkTwvZm9udD48L3RkPjx0ZCBiZ2NvbG9yPSIjZmZmZmZmIj48Zm9udCBzaXplPSIyIj4xMjUwVzwvZm9udD48L3RkPjwvdHI+PHRyPjx0ZCBiZ2NvbG9yPSIjZmZmZmNjIj48Zm9udCBzaXplPSIyIj7jgJDkv53oqLzmnJ/plpPjgJE8L2ZvbnQ+PC90ZD48dGQgYmdjb2xvcj0iI2ZmZmZmZiI+PGZvbnQgc2l6ZT0iMiI+MeW5tDwvZm9udD48L3RkPjwvdHI+PHRyPjx0ZCBiZ2NvbG9yPSIjZmZmZmNjIj48Zm9udCBzaXplPSIyIj7jgJDjgr/jg7Pjgq/lrrnph4/jgJE8L2ZvbnQ+PC90ZD48dGQgYmdjb2xvcj0iI2ZmZmZmZiI+PGZvbnQgc2l6ZT0iMiI+57SEODAwbWw8L2ZvbnQ+PC90ZD48L3RyPjx0cj48dGQgYmdjb2xvcj0iI2ZmZmZjYyI+PGZvbnQgc2l6ZT0iMiI+44CQ44Od44Oz44OX5Zyn44CRPC9mb250PjwvdGQ+PHRkIGJnY29sb3I9IiNmZmZmZmYiPjxmb250IHNpemU9IjIiPjIw5rCX5Zyn77yI5oq95Ye65pmCOeawl+Wcp++8iTwvZm9udD48L3RkPjwvdHI+PHRyPjx0ZCBiZ2NvbG9yPSIjZmZmZmNjIj48Zm9udCBzaXplPSIyIj7jgJDjgrPjg7zjg4nplbfjgJE8L2ZvbnQ+PC90ZD48dGQgYmdjb2xvcj0iI2ZmZmZmZiI+PGZvbnQgc2l6ZT0iMiI+57SEOTdjbTwvZm9udD48L3RkPjwvdHI+PHRyPjx0ZCBiZ2NvbG9yPSIjZmZmZmNjIj48Zm9udCBzaXplPSIyIj7jgJDku5jlsZ7lk4HjgJE8L2ZvbnQ+PC90ZD48dGQgYmdjb2xvcj0iI2ZmZmZmZiI+PGZvbnQgc2l6ZT0iMiI+44OV44Kj44Or44K/44O844Ob44Or44OA44O8PGJyPuOCq+ODl+OCu+ODq+ODm+ODq+ODgOODvDxicj7jg5XjgqPjg6vjgr/jg7zvvIjvvJHmna/nlKjvvInjgIHjg5XjgqPjg6vjgr/jg7zvvIjvvJLmna/nlKjvvIk8YnI+44OV44Kj44Or44K/44O877yI44Kr44OV44Kn44Od44OD44OJ55So77yJPGJyPuOCv+ODs+ODkeODvO+8hui7vemHj+OCueODl+ODvOODszxicj7vvJHmna/nlKjmir3lh7rjg47jgrrjg6s8L2ZvbnQ+PC90ZD48L3RyPjx0cj48dGQgYmdjb2xvcj0iI2ZmZmZjYyI+PGZvbnQgc2l6ZT0iMiI+44CQSkFO44CRPC9mb250PjwvdGQ+PHRkIGJnY29sb3I9IiNmZmZmZmYiPjxmb250IHNpemU9IjIiPuODm+ODr+OCpOODiO+8mjgwMDEzMDYwMDQwMjI8YnI+44OW44Op44OD44Kv77yaODAwMTMwNjAwNDAzOTwvZm9udD48L3RkPjwvdHI+PC90Ym9keT48L3RhYmxlPjxicj4g44GK5bGK44GR44G+44Gn44GrMemAsemWk+WJjeW+jOOBi+OBi+OCi+WgtOWQiOOBjOOBlOOBluOBhOOBvuOBmeOAgjxicj7ljJfmtbfpgZPjg7vmspbnuITjg7vpm6Lls7bjga/liKXpgJTpgIHmlpnjgYzlv4XopoHjgajjgarjgorjgb7jgZnjgII8YnI+5Zyo5bqr5pu05paw44Gu44K/44Kk44Of44Oz44Kw44Gr44KI44KK44CB5Zyo5bqr5YiH44KM44Gu5aC05ZCI44Gv44Kt44Oj44Oz44K744Or44GV44Gb44Gm44GE44Gf44Gg44GP5Y+v6IO95oCn44GM44GC44KK44G+44GZ44CCPGJyPjxicj4K44GT44Gh44KJ44Gu5ZWG5ZOB44Gv44Oh44O844Kr44O855u06YCB5ZOB44Gu44Gf44KB44CB44OX44Os44K844Oz44OI55So44Op44OD44OU44Oz44Kw44Gu5Ye65p2l44Gq44GE5ZWG5ZOB44Go44Gq44Gj44Gm44GK44KK44G+44GZ44CCPGJyPjxociB3aWR0aD0iNjAwIiBjb2xvcj0iI0NDMzM2NiIgYWxpZ249ImxlZnQiPg==,QklBTGVUVEko44OT44Ki44Os44OD44OG44KjKeOAgOOCqOOCueODl+ODrOODg+OCveODnuOCt+ODs+OAgOODgOOCuOODg+OCt+ODnuOAgDUzMTE2LzUzMTE344CQ6YCB5paZ54Sh5paZ44CR77yI44Kz44O844OS44O844Oh44O844Kr44O844CB44Kz44O844OS44O844K144O844OQ44O844CB44Kt44OD44OB44Oz55So5ZOB44CB44Kt44OD44OB44Oz5a626Zu777yJ77ya44K744Os44Kv44OI44OX44Op44K5,44Gs44GE44GQ44KL44G/44K744Os44Kv44OI44OX44Op44K544Ks44O844OH44OL44Oz44Kw44OQ44OD44Kw5biD5Zuj44OV44Kh44OD44K344On44Oz576O5a655YGl5bq344OA44Kk44Ko44OD44OI44Kt44Oj44Op44Kv44K/44O844Kw44OD44K65a+d5YW36Ieq6Lui6LuK6KOc5q2j5LiL552A5pmC6KiI44Kk44Oz44OG44Oq44Ki44Kt44OD44OB44Oz55So5ZOB44Oe44OD44K144O844K444GL44Gw44KT6ZuR6LKo44K544Oq44OgQklBTGVUVEko44OT44Ki44Os44OD44OG44KjKeOAgOOCqOOCueODl+ODrOODg+OCveODnuOCt+ODs+OAgOODgOOCuOODg+OCt+ODnuOAgDUzMTE2LzUzMTE344CQ6YCB5paZ54Sh5paZ44CR77yI44Kz44O844OS44O844Oh44O844Kr44O844CB44Kz44O844OS44O844K144O844OQ44O844CB44Kt44OD44OB44Oz55So5ZOB44CB44Kt44OD44OB44Oz5a626Zu777yJ,44Kr44OD44OX44Gu5b2i44KS44GX44Gf44Ko44K544OX44Os44OD44K944Of44Or44Kv44K544OB44O844Og44Oe44K344OzIeOAgkJJQUxlVFRJKOODk+OCouODrOODg+ODhuOCoynjgIDjgqjjgrnjg5fjg6zjg4Pjgr3jg57jgrfjg7PjgIDjg4Djgrjjg4Pjgrfjg57jgIA1MzExNi81MzExN+OAkOmAgeaWmeeEoeaWmeOAke+8iOOCs+ODvOODkuODvOODoeODvOOCq+ODvOOAgeOCs+ODvOODkuODvOOCteODvOODkOODvOOAgeOCreODg+ODgeODs+eUqOWTgeOAgeOCreODg+ODgeODs+Wutumbu++8iQ==[rn]
29-48586,aHR0cDovL3RzaG9wLnIxMHMuanAvc2VsZWN0cGx1cy9jYWJpbmV0L2NvbW8xMy8xMDQ4NjMwLmpwZz9maXRpbj03MDA6NzAw,MjIwMC4wMDAw,,5a626Zu7ID4g44Kt44OD44OB44Oz5a626Zu7ID4g44Kt44OD44OB44Oz5a626Zu755So44Ki44Kv44K744K144Oq44O844O76YOo5ZOBID4g44Kz44O844OS44O844Oh44O844Kr44O844O744Ko44K544OX44Os44OD44K944Oe44K344Oz55So44Ki44Kv44K744K144Oq44O8,S2FsaXRhKOOCq+ODquOCvynjgIBUU1VCQU1F77yGS2FsaXRh44CA6YqF44Oh44K444Oj44O844Kr44OD44OX44CAdHlwZULjgIA0NDAyMCDvvIjjgq3jg4Pjg4Hjg7PjgrnjgrHjg7zjg6vjgIHoqIjph4/jgIHjga/jgYvjgorjgIHjgq3jg4Pjg4Hjg7PjgIHoqr/nkIblmajlhbfjgIHoo73oj5PlmajlhbfvvIk=,44COTWFkZSBpbiBUU1VCQU1F44CP44KS5Y+W5b6X44GX44Gf44CB56K644GL44Gq44Kv44Kq44Oq44OG44KjISE=,PHRhYmxlIHdpZHRoPSIzMDAiIGJvcmRlcj0iMCIgY2VsbHNwYWNpbmc9IjAiIGNlbGxwYWRkaW5nPSIwIj48dHI+PHRkPjxmb250IGNvbG9yPSIjMzMzMzMzIiBzaXplPSItMSI+S2FsaXRh44Go54eV5biC5YaF44Gu5LyB5qWt44Go44Gu44Kz44Op44Oc44Os44O844K344On44Oz44GL44KJ55Sf44G+44KM44Gf44Oh44K444Oj44O844Kr44OD44OX44Gn44GZ44CC56CU56Oo6IG35Lq644GM5Li557K+6L6844KB44Gm56Oo44GN5LiK44GS44KL44GT44Go44Gn44CB5rSX57e044GV44KM44Gf6Lyd44GN44KS5pS+44Gk6KO95ZOB44GM5a6M5oiQ44GX44G+44GX44Gf44CCPC9mb250PjwvdGQ+PC90cj48L3RhYmxlPjxicj48dGFibGUgd2lkdGg9IjMwMCIgYm9yZGVyPSIwIiBjZWxscGFkZGluZz0iNSIgY2VsbHNwYWNpbmc9IjEiIGJnY29sb3I9IiM2NjY2NjYiPjx0ciBiZ2NvbG9yPSIjRkZGRkZGIj48dGQgYWxpZ249ImNlbnRlciIgbm93cmFwIGJnY29sb3I9IiNGRkZGQ0MiPjxmb250IGNvbG9yPSIjMzMzMzMzIiBzaXplPSItMSI+44K144Kk44K6PC9mb250PjwvdGQ+PHRkIGFsaWduPSJsZWZ0Ij48Zm9udCBjb2xvcj0iIzMzMzMzMyIgc2l6ZT0iLTEiPuWFqOmVtzguNWNt44CB5rex44GVM2NtPC9mb250Pjxicj48Zm9udCBjb2xvcj0iIzMzMzMzMyIgc2l6ZT0iLTEiPuWAi+ijheOCteOCpOOCuu+8mjXDlzPDlzljbTwvZm9udD48L3RkPjwvdHI+PHRyIGJnY29sb3I9IiNGRkZGRkYiPjx0ZCBhbGlnbj0iY2VudGVyIiBub3dyYXAgYmdjb2xvcj0iI0ZGRkZDQyI+PGZvbnQgY29sb3I9IiMzMzMzMzMiIHNpemU9Ii0xIj7ph43ph488L2ZvbnQ+PC90ZD48dGQgYWxpZ249ImxlZnQiPjxmb250IGNvbG9yPSIjMzMzMzMzIiBzaXplPSItMSI+5YCL6KOF6YeN6YeP77yaNThnPC9mb250PjwvdGQ+PC90cj48dHIgYmdjb2xvcj0iI0ZGRkZGRiI+PHRkIGFsaWduPSJjZW50ZXIiIG5vd3JhcCBiZ2NvbG9yPSIjRkZGRkNDIj48Zm9udCBjb2xvcj0iIzMzMzMzMyIgc2l6ZT0iLTEiPue0oOadkOODu+adkOizqjwvZm9udD48L3RkPjx0ZCBhbGlnbj0ibGVmdCI+PGZvbnQgY29sb3I9IiMzMzMzMzMiIHNpemU9Ii0xIj7pioU8L2ZvbnQ+PC90ZD48L3RyPjx0ciBiZ2NvbG9yPSIjRkZGRkZGIj48dGQgYWxpZ249ImNlbnRlciIgbm93cmFwIGJnY29sb3I9IiNGRkZGQ0MiPjxmb250IGNvbG9yPSIjMzMzMzMzIiBzaXplPSItMSI+5LuV5qeYPC9mb250PjwvdGQ+PHRkIGFsaWduPSJsZWZ0Ij48Zm9udCBjb2xvcj0iIzMzMzMzMyIgc2l6ZT0iLTEiPumjn+a0l+apn+S9v+eUqOS4jeWPrzwvZm9udD48YnI+PC90ZD48L3RyPjx0ciBiZ2NvbG9yPSIjRkZGRkZGIj48dGQgYWxpZ249ImNlbnRlciIgbm93cmFwIGJnY29sb3I9IiNGRkZGQ0MiPjxmb250IGNvbG9yPSIjMzMzMzMzIiBzaXplPSItMSI+5LuY5bGe5ZOBPC9mb250PjwvdGQ+PHRkIGFsaWduPSJsZWZ0Ij48Zm9udCBjb2xvcj0iIzMzMzMzMyIgc2l6ZT0iLTEiPuWPluaJseiqrOaYjuabuDwvZm9udD48L3RkPjwvdHI+PHRyIGJnY29sb3I9IiNGRkZGRkYiPjx0ZCBhbGlnbj0iY2VudGVyIiBub3dyYXAgYmdjb2xvcj0iI0ZGRkZDQyI+PGZvbnQgY29sb3I9IiMzMzMzMzMiIHNpemU9Ii0xIj7oo73pgKDlm708L2ZvbnQ+PC90ZD48dGQgYWxpZ249ImxlZnQiPjxmb250IGNvbG9yPSIjMzMzMzMzIiBzaXplPSItMSI+5pel5pysPC9mb250PjwvdGQ+PC90cj48L3RhYmxlPjxicj7lj5bjgorlr4TjgZvllYblk4Hjga7ngrrjgIHjgYrlsYrjgZHjgYwx6YCx6ZaT56iL5bqm44GL44GL44KL5aC05ZCI44GM44GC44KK44G+44GZ44CCPGJyPuWMl+a1t+mBk+ODu+aylue4hOODu+mbouWztuOBr+WIpemAlOmAgeaWmeOBjOW/heimgeOBp+OBmeOAgjxicj7lnKjluqvmm7TmlrDjga7jgr/jgqTjg5/jg7PjgrDjgavjgojjgorjgIHlnKjluqvliIfjgozjga7loLTlkIjjga/jgq3jg6Pjg7Pjgrvjg6vjgZXjgZvjgabjgYTjgZ/jgaDjgY/lj6/og73mgKfjgYzjgYLjgorjgb7jgZnjgII8YnI+44GT44Gh44KJ44Gu5ZWG5ZOB44Gv44Oh44O844Kr44O855u06YCB5ZOB44Gu44Gf44KB44CB44OX44Os44K844Oz44OI55So44Op44OD44OU44Oz44Kw44Gu5Ye65p2l44Gq44GE5ZWG5ZOB44Go44Gq44Gj44Gm44GK44KK44G+44GZ44CCPGJyPjxociB3aWR0aD0iNjAwIiBjb2xvcj0iI0NDMzM2NiIgYWxpZ249ImxlZnQiPg==,S2FsaXRhKOOCq+ODquOCvynjgIBUU1VCQU1F77yGS2FsaXRh44CA6YqF44Oh44K444Oj44O844Kr44OD44OX44CAdHlwZULjgIA0NDAyMCDvvIjjgq3jg4Pjg4Hjg7PjgrnjgrHjg7zjg6vjgIHoqIjph4/jgIHjga/jgYvjgorjgIHjgq3jg4Pjg4Hjg7PjgIHoqr/nkIblmajlhbfjgIHoo73oj5PlmajlhbfvvInvvJrjgrvjg6zjgq/jg4jjg5fjg6njgrk=,44Gs44GE44GQ44KL44G/44K744Os44Kv44OI44OX44Op44K544Ks44O844OH44OL44Oz44Kw44OQ44OD44Kw5biD5Zuj44OV44Kh44OD44K344On44Oz576O5a655YGl5bq344OA44Kk44Ko44OD44OI44Kt44Oj44Op44Kv44K/44O844Kw44OD44K65a+d5YW36Ieq6Lui6LuK6KOc5q2j5LiL552A5pmC6KiI44Kk44Oz44OG44Oq44Ki44Kt44OD44OB44Oz55So5ZOB44Oe44OD44K144O844K444GL44Gw44KT6ZuR6LKo44K544Oq44OgS2FsaXRhKOOCq+ODquOCvynjgIBUU1VCQU1F77yGS2FsaXRh44CA6YqF44Oh44K444Oj44O844Kr44OD44OX44CAdHlwZULjgIA0NDAyMCDvvIjjgq3jg4Pjg4Hjg7PjgrnjgrHjg7zjg6vjgIHoqIjph4/jgIHjga/jgYvjgorjgIHjgq3jg4Pjg4Hjg7PjgIHoqr/nkIblmajlhbfjgIHoo73oj5PlmajlhbfvvIk=,44COTWFkZSBpbiBUU1VCQU1F44CP44KS5Y+W5b6X44GX44Gf44CB56K644GL44Gq44Kv44Kq44Oq44OG44KjISHjgIJLYWxpdGEo44Kr44Oq44K/KeOAgFRTVUJBTUXvvIZLYWxpdGHjgIDpioXjg6Hjgrjjg6Pjg7zjgqvjg4Pjg5fjgIB0eXBlQuOAgDQ0MDIwIO+8iOOCreODg+ODgeODs+OCueOCseODvOODq+OAgeioiOmHj+OAgeOBr+OBi+OCiuOAgeOCreODg+ODgeODs+OAgeiqv+eQhuWZqOWFt+OAgeijveiPk+WZqOWFt++8iQ==[rn]
29-48587,aHR0cDovL3RzaG9wLnIxMHMuanAvamlzbS9jYWJpbmV0LzA0MjIvNDkwMTIwMTExMzk3MC5qcGc/Zml0aW49NzAwOjcwMA==,MzY4LjAwMDA=,,5a626Zu7ID4g44Kt44OD44OB44Oz5a626Zu7ID4g44Kt44OD44OB44Oz5a626Zu755So44Ki44Kv44K744K144Oq44O844O76YOo5ZOBID4g44Kz44O844OS44O844Oh44O844Kr44O844O744Ko44K544OX44Os44OD44K944Oe44K344Oz55So44Ki44Kv44K744K144Oq44O8,44Ki44Kk44K544KzLeODki04UOOAkOeojui+vOOAkSBVQ0Mg44OJ44Oq44OD44OX44Od44OD44OJ44CA6ZGR5a6a5aOr44Gu6KqH44KKIOOCouOCpOOCueOCs+ODvOODkuODvOOAgDjlgIvlhaXjgoogRFJJUCBQT0QgW+OCouOCpOOCueOCs+ODkjhQXeOAkOi/lOWTgeeoruWIpULjgJHjgJBSQ1DjgJE=,5qW95aSpU2hvcCBvZiB0aGUgWWVhciAyMDE2IOe3j+WQiOOCsOODqeODs+ODl+ODquWPl+iznuKYhQ==,5Zyo5bqr54q25rOB77ya5YWl6I235qyh56ys5Ye66I23PGJyPjxicj48YnI+PGZvbnQgY29sb3I9Ymx1ZT7ilqHjgIzov5Tlk4HnqK7liKXjgI3jgavjgaTjgYTjgaboqbPjgZfjgY/jga/jgZPjgaHjgonilqE8L2ZvbnQ+PGJyPjxicj48cD48YnI+PHA+PGZvbnQgY29sb3I9InJlZCI+5pys6KO95ZOB44Gv44CB44OJ44Oq44OD44OX44Od44OD44OJ44G+44Gf44Gv44Ko44Kz44Od44OD44OJ5oq95Ye65qmf44Gn44Gu44G/44GU5Yip55So44GE44Gf44Gg44GR44G+44GZ44CCPC9mb250Pjxicj48YnI+PEI+PGZvbnQgY29sb3I9Qmx1ZT7il4bjg4njg6rjg4Pjg5fjg53jg4Pjg4njgajjga88L2ZvbnQ+PC9CPjxicj7kuJbnlYzjga7jgrnjg5rjgrfjg6Pjg6vjg4bjgqPjgrPjg7zjg5Ljg7zjgpIx5p2v44GL44KJ5omL6Lu944Gr44CCPGJyPjHmna/liIbjgZrjgaTlr4blsIHjg5Hjg4Pjgq/jgZXjgozjgabjgYTjgovjga7jgafjgIHngpLjgornq4vjgabmjL3jgY3jgZ/jgabjga7jgYrjgYTjgZfjgZXjgpLjgYTjgaTjgafjgoLlkbPjgo/jgYbjgZPjgajjgYzjgafjgY3jgb7jgZnjgIIgPGJyPjxicj7il4bpkZHlrprlo6vjga7oqofjgoog44Ki44Kk44K544Kz44O844OS44O8PGJyPuKXhlVDQ+OBruOCs+ODvOODkuODvOmRkeWumuWjq+OBjOODluODrOODs+ODieOCkuebo+S/ruOAgjxicj7il4bmt7HnhY7jgorjga7pppnjgbDjgZfjgZXjgajmt7HjgYTjgrPjgq/jgYznibnplbfjga7jgqLjgqTjgrnnlKjjg5bjg6zjg7Pjg4njgrPjg7zjg5Ljg7zjgII8YnI+4peGOOWAi+WFpTxicj48YnI+PGJyPjxicj48YnI+KOKAu+OBk+OBruiqrOaYjuaWh+OBr+alveWkqeW4guWgtOW6l+OBruiomOi8ieWGheWuueOBp+OBmeOAglVSTOOBr2h0dHA6Ly9pdGVtLnJha3V0ZW4uY28uanAvamlzbS/jgaflp4vjgb7jgorjgb7jgZnjgIJVUkzjgYznlbDjgarjgovpmpvjga/jgrXjgqTjg4jjgpLliKnnlKjjgZnjgovjgZPjgajjga7jgarjgYTjgojjgYbljYHliIbjgZTms6jmhI/jgY/jgaDjgZXjgYTjgIIpPHRhYmxlIHdpZHRoPSI2MDAiIGJvcmRlcj0wIGNlbGxwYWRkaW5nPTUgY2VsbHNwYWNpbmc9MCBiZ2NvbG9yPSIjRjBFREU0Ij48dHI+PHRkIGFsaWduPSJjZW50ZXIiIGJnY29sb3I9IiNCQkEwNEUiPgo8dGFibGUgd2lkdGg9IjU5MCIgYm9yZGVyPTAgY2VsbHBhZGRpbmc9MiBjZWxsc3BhY2luZz0xIGJnY29sb3I9IiNGMEVERTQiIHN1bW1hcnk9IiIgc3R5bGU9ImZvbnQtc2l6ZToxMnB4OyI+PHRyPjx0ZD7jgYrjgZnjgZnjgoHjgqvjg4bjgrTjg6rjg7zjgIDvvJrjgIDjgqjjgqLjgrPjg7PjgIDjg7vjgIDliqDmub/lmajjgIDjg7vjgIDlhrfolLXluqvjgIDjg7vjgIDjg5vjg4Pjg4jjgqvjg7zjg5rjg4Pjg4jjgIDjg7vjgIDluIPlm6Pkub7nh6XmqZ88L3RkPjwvdHI+PHRyPjx0ZCBhbGlnbj0iY2VudGVyIj7jgrTjg6vjg5Xjg5zjg7zjg6vjgIDjg7vjgIDmjoPpmaTmqZ/jg7vjgq/jg6rjg7zjg4rjg7zjgIDjg7vjgIDvvLTvvLbjgrLjg7zjg6DjgIDjg7vjgIDpm7vmsaDjgIDjg7vjgIDlhYXpm7vmsaDjg7vlhYXpm7vlmajjgIDjg7vjgIDjg6njg4Pjg5Tjg7PjgrDooosKPC90ZD48L3RyPjwvdGFibGU+CjwvdGQ+PC90cj48L3RhYmxlPjxicj4=,44Ki44Kk44K544KzLeODki04UOOAkOeojui+vOOAkSBVQ0Mg44OJ44Oq44OD44OX44Od44OD44OJ44CA6ZGR5a6a5aOr44Gu6KqH44KKIOOCouOCpOOCueOCs+ODvOODkuODvOOAgDjlgIvlhaXjgoogRFJJUCBQT0QgW+OCouOCpOOCueOCs+ODkjhQXeOAkOi/lOWTgeeoruWIpULjgJHjgJBSQ1DjgJHvvJpKb3NoaW4gd2ViIOWutumbu+OBqFBD44Gu5aSn5Z6L5bCC6ZaA5bqX,5a626Zu744OR44K944Kz44OzQVbmqZ/lmajpq5jntJrjgqrjg7zjg4fjgqPjgqrjg5vjg5Pjg7zjgYrjgoLjgaHjgoPjgrLjg7zjg6DpiYTpgZPmqKHlnovmmYLoqIhQQ+ODhuODrOODk+ODrOOCs+ODvOODgOODvOmbkeiyqOaooeWei+WGt+iUteW6q+a0l+a/r+apn+OCqOOCouOCs+ODs2dhbWVob2JieWNvbXB1dGVy44Ki44Kk44K544KzLeODki04UOOAkOeojui+vOOAkSBVQ0Mg44OJ44Oq44OD44OX44Od44OD44OJ44CA6ZGR5a6a5aOr44Gu6KqH44KKIOOCouOCpOOCueOCs+ODvOODkuODvOOAgDjlgIvlhaXjgoogRFJJUCBQT0QgW+OCouOCpOOCueOCs+ODkjhQXeOAkOi/lOWTgeeoruWIpULjgJHjgJBSQ1DjgJE=,5qW95aSpU2hvcCBvZiB0aGUgWWVhciAyMDE2IOe3j+WQiOOCsOODqeODs+ODl+ODquWPl+iznuKYheOAguOCouOCpOOCueOCsy3jg5ItOFDjgJDnqI7ovrzjgJEgVUNDIOODieODquODg+ODl+ODneODg+ODieOAgOmRkeWumuWjq+OBruiqh+OCiiDjgqLjgqTjgrnjgrPjg7zjg5Ljg7zjgIA45YCL5YWl44KKIERSSVAgUE9EIFvjgqLjgqTjgrnjgrPjg5I4UF3jgJDov5Tlk4HnqK7liKVC44CR44CQUkNQ44CR[rn]
29-48588,aHR0cDovL3RzaG9wLnIxMHMuanAvamlzbS9jYWJpbmV0LzA0MjIvNDkwMTIwMTExMzkzMi5qcGc/Zml0aW49NzAwOjcwMA==,NDM1LjIwMDA=,,5a626Zu7ID4g44Kt44OD44OB44Oz5a626Zu7ID4g44Kt44OD44OB44Oz5a626Zu755So44Ki44Kv44K744K144Oq44O844O76YOo5ZOBID4g44Kz44O844OS44O844Oh44O844Kr44O844O744Ko44K544OX44Os44OD44K944Oe44K344Oz55So44Ki44Kv44K744K144Oq44O8,44K344K644Kq44Kr44K744Oz44OB44OkOFDjgJDnqI7ovrzjgJEgVUNDIOODieODquODg+ODl+ODneODg+ODieOAgOa3seiSuOOBl+mdmeWyoeeFjuiMtuOAgDjlgIvlhaUgRFJJUCBQT0QgW+OCt+OCuuOCquOCq+OCu+ODs+ODgeODpDhQXeOAkOi/lOWTgeeoruWIpULjgJHjgJBSQ1DjgJE=,5qW95aSpU2hvcCBvZiB0aGUgWWVhciAyMDE2IOe3j+WQiOOCsOODqeODs+ODl+ODquWPl+iznuKYhQ==,5Zyo5bqr54q25rOB77ya5YWl6I235qyh56ys5Ye66I23PGJyPjxicj48YnI+PGZvbnQgY29sb3I9Ymx1ZT7ilqHjgIzov5Tlk4HnqK7liKXjgI3jgavjgaTjgYTjgaboqbPjgZfjgY/jga/jgZPjgaHjgonilqE8L2ZvbnQ+PGJyPjxicj48cD48YnI+PHA+PGZvbnQgY29sb3I9InJlZCI+5pys6KO95ZOB44Gv44CB44OJ44Oq44OD44OX44Od44OD44OJ44G+44Gf44Gv44Ko44Kz44Od44OD44OJ5oq95Ye65qmf44Gn44Gu44G/44GU5Yip55So44GE44Gf44Gg44GR44G+44GZ44CCPC9mb250Pjxicj48YnI+PEI+PGZvbnQgY29sb3I9Qmx1ZT7il4bjg4njg6rjg4Pjg5fjg53jg4Pjg4njgajjga88L2ZvbnQ+PC9CPjxicj7kuJbnlYzjga7jgrnjg5rjgrfjg6Pjg6vjg4bjgqPjgrPjg7zjg5Ljg7zjgpIx5p2v44GL44KJ5omL6Lu944Gr44CCPGJyPjHmna/liIbjgZrjgaTlr4blsIHjg5Hjg4Pjgq/jgZXjgozjgabjgYTjgovjga7jgafjgIHngpLjgornq4vjgabmjL3jgY3jgZ/jgabjga7jgYrjgYTjgZfjgZXjgpLjgYTjgaTjgafjgoLlkbPjgo/jgYbjgZPjgajjgYzjgafjgY3jgb7jgZnjgIIgPGJyPjxicj7il4bpnZnlsqHnnIznlKPjga7nt5HojLbjgpIxMDDvvIXkvb/nlKjjgII8YnI+4peG44Kz44Kv44Go44GG44G+44G/44GM5oSf44GY44KJ44KM44KL6aOy44G/44GU44Gf44GI44GC44KL5ZGz44KP44GE44CCPGJyPuKXhjjlgIvlhaU8YnI+PGJyPjxicj48YnI+PGJyPijigLvjgZPjga7oqqzmmI7mlofjga/mpb3lpKnluILloLTlupfjga7oqJjovInlhoXlrrnjgafjgZnjgIJVUkzjga9odHRwOi8vaXRlbS5yYWt1dGVuLmNvLmpwL2ppc20v44Gn5aeL44G+44KK44G+44GZ44CCVVJM44GM55Ww44Gq44KL6Zqb44Gv44K144Kk44OI44KS5Yip55So44GZ44KL44GT44Go44Gu44Gq44GE44KI44GG5Y2B5YiG44GU5rOo5oSP44GP44Gg44GV44GE44CCKTx0YWJsZSB3aWR0aD0iNjAwIiBib3JkZXI9MCBjZWxscGFkZGluZz01IGNlbGxzcGFjaW5nPTAgYmdjb2xvcj0iI0YwRURFNCI+PHRyPjx0ZCBhbGlnbj0iY2VudGVyIiBiZ2NvbG9yPSIjQkJBMDRFIj4KPHRhYmxlIHdpZHRoPSI1OTAiIGJvcmRlcj0wIGNlbGxwYWRkaW5nPTIgY2VsbHNwYWNpbmc9MSBiZ2NvbG9yPSIjRjBFREU0IiBzdW1tYXJ5PSIiIHN0eWxlPSJmb250LXNpemU6MTJweDsiPjx0cj48dGQ+44GK44GZ44GZ44KB44Kr44OG44K044Oq44O844CA77ya44CA44Ko44Ki44Kz44Oz44CA44O744CA5Yqg5rm/5Zmo44CA44O744CA5Ya36JS15bqr44CA44O744CA44Ob44OD44OI44Kr44O844Oa44OD44OI44CA44O744CA5biD5Zuj5Lm+54el5qmfPC90ZD48L3RyPjx0cj48dGQgYWxpZ249ImNlbnRlciI+44K044Or44OV44Oc44O844Or44CA44O744CA5o6D6Zmk5qmf44O744Kv44Oq44O844OK44O844CA44O744CA77y077y244Ky44O844Og44CA44O744CA6Zu75rGg44CA44O744CA5YWF6Zu75rGg44O75YWF6Zu75Zmo44CA44O744CA44Op44OD44OU44Oz44Kw6KKLCjwvdGQ+PC90cj48L3RhYmxlPgo8L3RkPjwvdHI+PC90YWJsZT48YnI+,44K344K644Kq44Kr44K744Oz44OB44OkOFDjgJDnqI7ovrzjgJEgVUNDIOODieODquODg+ODl+ODneODg+ODieOAgOa3seiSuOOBl+mdmeWyoeeFjuiMtuOAgDjlgIvlhaUgRFJJUCBQT0QgW+OCt+OCuuOCquOCq+OCu+ODs+ODgeODpDhQXeOAkOi/lOWTgeeoruWIpULjgJHjgJBSQ1DjgJHvvJpKb3NoaW4gd2ViIOWutumbu+OBqFBD44Gu5aSn5Z6L5bCC6ZaA5bqX,5a626Zu744OR44K944Kz44OzQVbmqZ/lmajpq5jntJrjgqrjg7zjg4fjgqPjgqrjg5vjg5Pjg7zjgYrjgoLjgaHjgoPjgrLjg7zjg6DpiYTpgZPmqKHlnovmmYLoqIhQQ+ODhuODrOODk+ODrOOCs+ODvOODgOODvOmbkeiyqOaooeWei+WGt+iUteW6q+a0l+a/r+apn+OCqOOCouOCs+ODs2dhbWVob2JieWNvbXB1dGVy44K344K644Kq44Kr44K744Oz44OB44OkOFDjgJDnqI7ovrzjgJEgVUNDIOODieODquODg+ODl+ODneODg+ODieOAgOa3seiSuOOBl+mdmeWyoeeFjuiMtuOAgDjlgIvlhaUgRFJJUCBQT0QgW+OCt+OCuuOCquOCq+OCu+ODs+ODgeODpDhQXeOAkOi/lOWTgeeoruWIpULjgJHjgJBSQ1DjgJE=,5qW95aSpU2hvcCBvZiB0aGUgWWVhciAyMDE2IOe3j+WQiOOCsOODqeODs+ODl+ODquWPl+iznuKYheOAguOCt+OCuuOCquOCq+OCu+ODs+ODgeODpDhQ44CQ56iO6L6844CRIFVDQyDjg4njg6rjg4Pjg5fjg53jg4Pjg4njgIDmt7HokrjjgZfpnZnlsqHnhY7ojLbjgIA45YCL5YWlIERSSVAgUE9EIFvjgrfjgrrjgqrjgqvjgrvjg7Pjg4Hjg6Q4UF3jgJDov5Tlk4HnqK7liKVC44CR44CQUkNQ44CR[rn]
29-48589,aHR0cDovL3RzaG9wLnIxMHMuanAvamlzbS9jYWJpbmV0LzA0MjEvNDkwMTIwMTExMzkyNS5qcGc/Zml0aW49NzAwOjcwMA==,NTU5LjIwMDA=,,5a626Zu7ID4g44Kt44OD44OB44Oz5a626Zu7ID4g44Kt44OD44OB44Oz5a626Zu755So44Ki44Kv44K744K144Oq44O844O76YOo5ZOBID4g44Kz44O844OS44O844Oh44O844Kr44O844O744Ko44K544OX44Os44OD44K944Oe44K344Oz55So44Ki44Kv44K744K144Oq44O8,44KqLeOCrOODi+ODhOOCr+OCsy3jg5ItOFDjgJDnqI7ovrzjgJEgVUNDIOODieODquODg+ODl+ODneODg+ODieOAgOacieapn+agveWfueOCquODvOOCrOODi+ODg+OCr+OCs+ODvOODkuODvOOAgDjlgIvlhaUgRFJJUCBQT0QgW+OCquOCrOODi+ODhOOCr+OCs+ODkjhQXeOAkOi/lOWTgeeoruWIpULjgJHjgJBSQ1DjgJE=,5qW95aSpU2hvcCBvZiB0aGUgWWVhciAyMDE2IOe3j+WQiOOCsOODqeODs+ODl+ODquWPl+iznuKYhQ==,5Zyo5bqr54q25rOB77ya5YWl6I235qyh56ys5Ye66I23PGJyPjxicj48YnI+PGZvbnQgY29sb3I9Ymx1ZT7ilqHjgIzov5Tlk4HnqK7liKXjgI3jgavjgaTjgYTjgaboqbPjgZfjgY/jga/jgZPjgaHjgonilqE8L2ZvbnQ+PGJyPjxicj48cD48YnI+PHA+PGZvbnQgY29sb3I9InJlZCI+5pys6KO95ZOB44Gv44CB44OJ44Oq44OD44OX44Od44OD44OJ44G+44Gf44Gv44Ko44Kz44Od44OD44OJ5oq95Ye65qmf44Gn44Gu44G/44GU5Yip55So44GE44Gf44Gg44GR44G+44GZ44CCPC9mb250Pjxicj48YnI+PEI+PGZvbnQgY29sb3I9Qmx1ZT7il4bjg4njg6rjg4Pjg5fjg53jg4Pjg4njgajjga88L2ZvbnQ+PC9CPjxicj7kuJbnlYzjga7jgrnjg5rjgrfjg6Pjg6vjg4bjgqPjgrPjg7zjg5Ljg7zjgpIx5p2v44GL44KJ5omL6Lu944Gr44CCPGJyPjHmna/liIbjgZrjgaTlr4blsIHjg5Hjg4Pjgq/jgZXjgozjgabjgYTjgovjga7jgafjgIHngpLjgornq4vjgabmjL3jgY3jgZ/jgabjga7jgYrjgYTjgZfjgZXjgpLjgYTjgaTjgafjgoLlkbPjgo/jgYbjgZPjgajjgYzjgafjgY3jgb7jgZnjgIIgPGJyPjxicj7il4bjgrPjg63jg7Pjg5PjgqLnlKPjga7mnInmqZ/moL3ln7njgrPjg7zjg5Ljg7zjgpIxMDDvvIXkvb/nlKjjgZfjgZ/jgb7jgo3jgoTjgYvjgarlkbPjgo/jgYTjgYznibnplbfjgafjgZnjgII8YnI+4peG5aCG6IKl44Gr44KI44KL5Zyf5L2c44KK44KSM+W5tOS7peS4iuihjOOBo+OBn+i+suWckueUo+OBruixhuOCkuS9v+eUqOOAgjxicj7il4Y45YCL5YWlPGJyPjxicj48YnI+PGJyPjxicj4o4oC744GT44Gu6Kqs5piO5paH44Gv5qW95aSp5biC5aC05bqX44Gu6KiY6LyJ5YaF5a6544Gn44GZ44CCVVJM44GvaHR0cDovL2l0ZW0ucmFrdXRlbi5jby5qcC9qaXNtL+OBp+Wni+OBvuOCiuOBvuOBmeOAglVSTOOBjOeVsOOBquOCi+mam+OBr+OCteOCpOODiOOCkuWIqeeUqOOBmeOCi+OBk+OBqOOBruOBquOBhOOCiOOBhuWNgeWIhuOBlOazqOaEj+OBj+OBoOOBleOBhOOAgik8dGFibGUgd2lkdGg9IjYwMCIgYm9yZGVyPTAgY2VsbHBhZGRpbmc9NSBjZWxsc3BhY2luZz0wIGJnY29sb3I9IiNGMEVERTQiPjx0cj48dGQgYWxpZ249ImNlbnRlciIgYmdjb2xvcj0iI0JCQTA0RSI+Cjx0YWJsZSB3aWR0aD0iNTkwIiBib3JkZXI9MCBjZWxscGFkZGluZz0yIGNlbGxzcGFjaW5nPTEgYmdjb2xvcj0iI0YwRURFNCIgc3VtbWFyeT0iIiBzdHlsZT0iZm9udC1zaXplOjEycHg7Ij48dHI+PHRkPuOBiuOBmeOBmeOCgeOCq+ODhuOCtOODquODvOOAgO+8muOAgOOCqOOCouOCs+ODs+OAgOODu+OAgOWKoOa5v+WZqOOAgOODu+OAgOWGt+iUteW6q+OAgOODu+OAgOODm+ODg+ODiOOCq+ODvOODmuODg+ODiOOAgOODu+OAgOW4g+Wbo+S5vueHpeapnzwvdGQ+PC90cj48dHI+PHRkIGFsaWduPSJjZW50ZXIiPuOCtOODq+ODleODnOODvOODq+OAgOODu+OAgOaOg+mZpOapn+ODu+OCr+ODquODvOODiuODvOOAgOODu+OAgO+8tO+8tuOCsuODvOODoOOAgOODu+OAgOmbu+axoOOAgOODu+OAgOWFhembu+axoOODu+WFhembu+WZqOOAgOODu+OAgOODqeODg+ODlOODs+OCsOiiiwo8L3RkPjwvdHI+PC90YWJsZT4KPC90ZD48L3RyPjwvdGFibGU+PGJyPg==,44KqLeOCrOODi+ODhOOCr+OCsy3jg5ItOFDjgJDnqI7ovrzjgJEgVUNDIOODieODquODg+ODl+ODneODg+ODieOAgOacieapn+agveWfueOCquODvOOCrOODi+ODg+OCr+OCs+ODvOODkuODvOOAgDjlgIvlhaUgRFJJUCBQT0QgW+OCquOCrOODi+ODhOOCr+OCs+ODkjhQXeOAkOi/lOWTgeeoruWIpULjgJHjgJBSQ1DjgJHvvJpKb3NoaW4gd2ViIOWutumbu+OBqFBD44Gu5aSn5Z6L5bCC6ZaA5bqX,5a626Zu744OR44K944Kz44OzQVbmqZ/lmajpq5jntJrjgqrjg7zjg4fjgqPjgqrjg5vjg5Pjg7zjgYrjgoLjgaHjgoPjgrLjg7zjg6DpiYTpgZPmqKHlnovmmYLoqIhQQ+ODhuODrOODk+ODrOOCs+ODvOODgOODvOmbkeiyqOaooeWei+WGt+iUteW6q+a0l+a/r+apn+OCqOOCouOCs+ODs2dhbWVob2JieWNvbXB1dGVy44KqLeOCrOODi+ODhOOCr+OCsy3jg5ItOFDjgJDnqI7ovrzjgJEgVUNDIOODieODquODg+ODl+ODneODg+ODieOAgOacieapn+agveWfueOCquODvOOCrOODi+ODg+OCr+OCs+ODvOODkuODvOOAgDjlgIvlhaUgRFJJUCBQT0QgW+OCquOCrOODi+ODhOOCr+OCs+ODkjhQXeOAkOi/lOWTgeeoruWIpULjgJHjgJBSQ1DjgJE=,5qW95aSpU2hvcCBvZiB0aGUgWWVhciAyMDE2IOe3j+WQiOOCsOODqeODs+ODl+ODquWPl+iznuKYheOAguOCqi3jgqzjg4vjg4Tjgq/jgrMt44OSLThQ44CQ56iO6L6844CRIFVDQyDjg4njg6rjg4Pjg5fjg53jg4Pjg4njgIDmnInmqZ/moL3ln7njgqrjg7zjgqzjg4vjg4Pjgq/jgrPjg7zjg5Ljg7zjgIA45YCL5YWlIERSSVAgUE9EIFvjgqrjgqzjg4vjg4Tjgq/jgrPjg5I4UF3jgJDov5Tlk4HnqK7liKVC44CR44CQUkNQ44CR[rn]
29-48590,aHR0cDovL3RzaG9wLnIxMHMuanAvamlzbS9jYWJpbmV0LzA0MTUvNDkwMTIwMTExMzg2NC5qcGc/Zml0aW49NzAwOjcwMA==,NDA4LjAwMDA=,,5a626Zu7ID4g44Kt44OD44OB44Oz5a626Zu7ID4g44Kt44OD44OB44Oz5a626Zu755So44Ki44Kv44K744K144Oq44O844O76YOo5ZOBID4g44Kz44O844OS44O844Oh44O844Kr44O844O744Ko44K544OX44Os44OD44K944Oe44K344Oz55So44Ki44Kv44K744K144Oq44O8,44K544Oa44K344Ok44Or44OW44Os44Oz44OJOFDjgJDnqI7ovrzjgJEgVUNDIOODieODquODg+ODl+ODneODg+ODieOAgOmRkeWumuWjq+OBruiqh+OCiuOCueODmuOCt+ODo+ODq+ODluODrOODs+ODieOAgDjlgIvlhaUgRFJJUCBQT0QgW+OCueODmuOCt+ODpOODq+ODluODrOODs+ODiThQXeOAkOi/lOWTgeeoruWIpULjgJHjgJBSQ1DjgJE=,5qW95aSpU2hvcCBvZiB0aGUgWWVhciAyMDE2IOe3j+WQiOOCsOODqeODs+ODl+ODquWPl+iznuKYhQ==,5Zyo5bqr54q25rOB77ya5YWl6I235qyh56ys5Ye66I23PGJyPjxicj48YnI+PGZvbnQgY29sb3I9Ymx1ZT7ilqHjgIzov5Tlk4HnqK7liKXjgI3jgavjgaTjgYTjgaboqbPjgZfjgY/jga/jgZPjgaHjgonilqE8L2ZvbnQ+PGJyPjxicj48cD48YnI+PHA+PGZvbnQgY29sb3I9InJlZCI+5pys6KO95ZOB44Gv44CB44OJ44Oq44OD44OX44Od44OD44OJ44G+44Gf44Gv44Ko44Kz44Od44OD44OJ5oq95Ye65qmf44Gn44Gu44G/44GU5Yip55So44GE44Gf44Gg44GR44G+44GZ44CCPC9mb250Pjxicj48YnI+PEI+PGZvbnQgY29sb3I9Qmx1ZT7il4bjg4njg6rjg4Pjg5fjg53jg4Pjg4njgajjga88L2ZvbnQ+PC9CPjxicj7kuJbnlYzjga7jgrnjg5rjgrfjg6Pjg6vjg4bjgqPjgrPjg7zjg5Ljg7zjgpIx5p2v44GL44KJ5omL6Lu944Gr44CCPGJyPjHmna/liIbjgZrjgaTlr4blsIHjg5Hjg4Pjgq/jgZXjgozjgabjgYTjgovjga7jgafjgIHngpLjgornq4vjgabmjL3jgY3jgZ/jgabjga7jgYrjgYTjgZfjgZXjgpLjgYTjgaTjgafjgoLlkbPjgo/jgYbjgZPjgajjgYzjgafjgY3jgb7jgZnjgIIgPGJyPjxicj7il4bpkZHlrprlo6vjga7oqofjgorjgrnjg5rjgrfjg6Pjg6vjg5bjg6zjg7Pjg4k8YnI+4peGVUND44Gu44Kz44O844OS44O86ZGR5a6a5aOr44GM44OW44Os44Oz44OJ44KS55uj5L+u44CCPGJyPuKXhuiLpuOBv+OCkuOBiuOBleOBiOOBpuOAgeOBvuOCjeOChOOBi+OBquWRs+OCj+OBhOOAgjxicj7il4Y45YCL5YWlPGJyPjxicj48YnI+PGJyPjxicj4o4oC744GT44Gu6Kqs5piO5paH44Gv5qW95aSp5biC5aC05bqX44Gu6KiY6LyJ5YaF5a6544Gn44GZ44CCVVJM44GvaHR0cDovL2l0ZW0ucmFrdXRlbi5jby5qcC9qaXNtL+OBp+Wni+OBvuOCiuOBvuOBmeOAglVSTOOBjOeVsOOBquOCi+mam+OBr+OCteOCpOODiOOCkuWIqeeUqOOBmeOCi+OBk+OBqOOBruOBquOBhOOCiOOBhuWNgeWIhuOBlOazqOaEj+OBj+OBoOOBleOBhOOAgik8dGFibGUgd2lkdGg9IjYwMCIgYm9yZGVyPTAgY2VsbHBhZGRpbmc9NSBjZWxsc3BhY2luZz0wIGJnY29sb3I9IiNGMEVERTQiPjx0cj48dGQgYWxpZ249ImNlbnRlciIgYmdjb2xvcj0iI0JCQTA0RSI+Cjx0YWJsZSB3aWR0aD0iNTkwIiBib3JkZXI9MCBjZWxscGFkZGluZz0yIGNlbGxzcGFjaW5nPTEgYmdjb2xvcj0iI0YwRURFNCIgc3VtbWFyeT0iIiBzdHlsZT0iZm9udC1zaXplOjEycHg7Ij48dHI+PHRkPuOBiuOBmeOBmeOCgeOCq+ODhuOCtOODquODvOOAgO+8muOAgOOCqOOCouOCs+ODs+OAgOODu+OAgOWKoOa5v+WZqOOAgOODu+OAgOWGt+iUteW6q+OAgOODu+OAgOODm+ODg+ODiOOCq+ODvOODmuODg+ODiOOAgOODu+OAgOW4g+Wbo+S5vueHpeapnzwvdGQ+PC90cj48dHI+PHRkIGFsaWduPSJjZW50ZXIiPuOCtOODq+ODleODnOODvOODq+OAgOODu+OAgOaOg+mZpOapn+ODu+OCr+ODquODvOODiuODvOOAgOODu+OAgO+8tO+8tuOCsuODvOODoOOAgOODu+OAgOmbu+axoOOAgOODu+OAgOWFhembu+axoOODu+WFhembu+WZqOOAgOODu+OAgOODqeODg+ODlOODs+OCsOiiiwo8L3RkPjwvdHI+PC90YWJsZT4KPC90ZD48L3RyPjwvdGFibGU+PGJyPg==,44K544Oa44K344Ok44Or44OW44Os44Oz44OJOFDjgJDnqI7ovrzjgJEgVUNDIOODieODquODg+ODl+ODneODg+ODieOAgOmRkeWumuWjq+OBruiqh+OCiuOCueODmuOCt+ODo+ODq+ODluODrOODs+ODieOAgDjlgIvlhaUgRFJJUCBQT0QgW+OCueODmuOCt+ODpOODq+ODluODrOODs+ODiThQXeOAkOi/lOWTgeeoruWIpULjgJHjgJBSQ1DjgJHvvJpKb3NoaW4gd2ViIOWutumbu+OBqFBD44Gu5aSn5Z6L5bCC6ZaA5bqX,5a626Zu744OR44K944Kz44OzQVbmqZ/lmajpq5jntJrjgqrjg7zjg4fjgqPjgqrjg5vjg5Pjg7zjgYrjgoLjgaHjgoPjgrLjg7zjg6DpiYTpgZPmqKHlnovmmYLoqIhQQ+ODhuODrOODk+ODrOOCs+ODvOODgOODvOmbkeiyqOaooeWei+WGt+iUteW6q+a0l+a/r+apn+OCqOOCouOCs+ODs2dhbWVob2JieWNvbXB1dGVy44K544Oa44K344Ok44Or44OW44Os44Oz44OJOFDjgJDnqI7ovrzjgJEgVUNDIOODieODquODg+ODl+ODneODg+ODieOAgOmRkeWumuWjq+OBruiqh+OCiuOCueODmuOCt+ODo+ODq+ODluODrOODs+ODieOAgDjlgIvlhaUgRFJJUCBQT0QgW+OCueODmuOCt+ODpOODq+ODluODrOODs+ODiThQXeOAkOi/lOWTgeeoruWIpULjgJHjgJBSQ1DjgJE=,5qW95aSpU2hvcCBvZiB0aGUgWWVhciAyMDE2IOe3j+WQiOOCsOODqeODs+ODl+ODquWPl+iznuKYheOAguOCueODmuOCt+ODpOODq+ODluODrOODs+ODiThQ44CQ56iO6L6844CRIFVDQyDjg4njg6rjg4Pjg5fjg53jg4Pjg4njgIDpkZHlrprlo6vjga7oqofjgorjgrnjg5rjgrfjg6Pjg6vjg5bjg6zjg7Pjg4njgIA45YCL5YWlIERSSVAgUE9EIFvjgrnjg5rjgrfjg6Tjg6vjg5bjg6zjg7Pjg4k4UF3jgJDov5Tlk4HnqK7liKVC44CR44CQUkNQ44CR[rn]
29-48591,aHR0cDovL3RzaG9wLnIxMHMuanAvamlzbS9jYWJpbmV0LzA0MjIvNDkwMTIwMTExNDA3Ni5qcGc/Zml0aW49NzAwOjcwMA==,NTU5LjIwMDA=,,5a626Zu7ID4g44Kt44OD44OB44Oz5a626Zu7ID4g44Kt44OD44OB44Oz5a626Zu755So44Ki44Kv44K744K144Oq44O844O76YOo5ZOBID4g44Kz44O844OS44O844Oh44O844Kr44O844O744Ko44K544OX44Os44OD44K944Oe44K344Oz55So44Ki44Kv44K744K144Oq44O8,44KqLeOCrOODi+ODhOOCr+OCouOCpOOCueOCsy3jg5ItOFDjgJDnqI7ovrzjgJEgVUNDIOODieODquODg+ODl+ODneODg+ODieOAgOacieapn+agveWfueOCquODvOOCrOODi+ODg+OCr+OCouOCpOOCueOCs+ODvOODkuODvOOAgDjlgIvlhaUgRFJJUCBQT0QgW+OCquOCrOODi+ODhOOCr+OCouOCpOOCueOCs+ODkjhQXeOAkOi/lOWTgeeoruWIpULjgJHjgJBSQ1DjgJE=,5qW95aSpU2hvcCBvZiB0aGUgWWVhciAyMDE2IOe3j+WQiOOCsOODqeODs+ODl+ODquWPl+iznuKYhQ==,5Zyo5bqr54q25rOB77ya5YWl6I235qyh56ys5Ye66I23PGJyPjxicj48YnI+PGZvbnQgY29sb3I9Ymx1ZT7ilqHjgIzov5Tlk4HnqK7liKXjgI3jgavjgaTjgYTjgaboqbPjgZfjgY/jga/jgZPjgaHjgonilqE8L2ZvbnQ+PGJyPjxicj48cD48YnI+PHA+PGZvbnQgY29sb3I9InJlZCI+5pys6KO95ZOB44Gv44CB44OJ44Oq44OD44OX44Od44OD44OJ44G+44Gf44Gv44Ko44Kz44Od44OD44OJ5oq95Ye65qmf44Gn44Gu44G/44GU5Yip55So44GE44Gf44Gg44GR44G+44GZ44CCPC9mb250Pjxicj48YnI+PEI+PGZvbnQgY29sb3I9Qmx1ZT7il4bjg4njg6rjg4Pjg5fjg53jg4Pjg4njgajjga88L2ZvbnQ+PC9CPjxicj7kuJbnlYzjga7jgrnjg5rjgrfjg6Pjg6vjg4bjgqPjgrPjg7zjg5Ljg7zjgpIx5p2v44GL44KJ5omL6Lu944Gr44CCPGJyPjHmna/liIbjgZrjgaTlr4blsIHjg5Hjg4Pjgq/jgZXjgozjgabjgYTjgovjga7jgafjgIHngpLjgornq4vjgabmjL3jgY3jgZ/jgabjga7jgYrjgYTjgZfjgZXjgpLjgYTjgaTjgafjgoLlkbPjgo/jgYbjgZPjgajjgYzjgafjgY3jgb7jgZnjgIIgPGJyPjxicj7il4bjgrPjg63jg7Pjg5PjgqLnlKPjga7mnInmqZ/moL3ln7njgrPjg7zjg5Ljg7zjgpIxMDDvvIXkvb/nlKjjgZfjgZ/jgrPjgq/jga7jgYLjgovjgqLjgqTjgrnjgrPjg7zjg5Ljg7zjgII8YnI+4peG5aCG6IKl44Gr44KI44KL5Zyf5L2c44KK44KSM+W5tOS7peS4iuihjOOBo+OBn+i+suWckueUo+OBruixhuOCkuS9v+eUqOOAgjxicj7il4Y45YCL5YWlPGJyPjxicj48YnI+PGJyPjxicj4o4oC744GT44Gu6Kqs5piO5paH44Gv5qW95aSp5biC5aC05bqX44Gu6KiY6LyJ5YaF5a6544Gn44GZ44CCVVJM44GvaHR0cDovL2l0ZW0ucmFrdXRlbi5jby5qcC9qaXNtL+OBp+Wni+OBvuOCiuOBvuOBmeOAglVSTOOBjOeVsOOBquOCi+mam+OBr+OCteOCpOODiOOCkuWIqeeUqOOBmeOCi+OBk+OBqOOBruOBquOBhOOCiOOBhuWNgeWIhuOBlOazqOaEj+OBj+OBoOOBleOBhOOAgik8dGFibGUgd2lkdGg9IjYwMCIgYm9yZGVyPTAgY2VsbHBhZGRpbmc9NSBjZWxsc3BhY2luZz0wIGJnY29sb3I9IiNGMEVERTQiPjx0cj48dGQgYWxpZ249ImNlbnRlciIgYmdjb2xvcj0iI0JCQTA0RSI+Cjx0YWJsZSB3aWR0aD0iNTkwIiBib3JkZXI9MCBjZWxscGFkZGluZz0yIGNlbGxzcGFjaW5nPTEgYmdjb2xvcj0iI0YwRURFNCIgc3VtbWFyeT0iIiBzdHlsZT0iZm9udC1zaXplOjEycHg7Ij48dHI+PHRkPuOBiuOBmeOBmeOCgeOCq+ODhuOCtOODquODvOOAgO+8muOAgOOCqOOCouOCs+ODs+OAgOODu+OAgOWKoOa5v+WZqOOAgOODu+OAgOWGt+iUteW6q+OAgOODu+OAgOODm+ODg+ODiOOCq+ODvOODmuODg+ODiOOAgOODu+OAgOW4g+Wbo+S5vueHpeapnzwvdGQ+PC90cj48dHI+PHRkIGFsaWduPSJjZW50ZXIiPuOCtOODq+ODleODnOODvOODq+OAgOODu+OAgOaOg+mZpOapn+ODu+OCr+ODquODvOODiuODvOOAgOODu+OAgO+8tO+8tuOCsuODvOODoOOAgOODu+OAgOmbu+axoOOAgOODu+OAgOWFhembu+axoOODu+WFhembu+WZqOOAgOODu+OAgOODqeODg+ODlOODs+OCsOiiiwo8L3RkPjwvdHI+PC90YWJsZT4KPC90ZD48L3RyPjwvdGFibGU+PGJyPg==,44KqLeOCrOODi+ODhOOCr+OCouOCpOOCueOCsy3jg5ItOFDjgJDnqI7ovrzjgJEgVUNDIOODieODquODg+ODl+ODneODg+ODieOAgOacieapn+agveWfueOCquODvOOCrOODi+ODg+OCr+OCouOCpOOCueOCs+ODvOODkuODvOOAgDjlgIvlhaUgRFJJUCBQT0QgW+OCquOCrOODi+ODhOOCr+OCouOCpOOCueOCs+ODkjhQXeOAkOi/lOWTgeeoruWIpULjgJHjgJBSQ1DjgJHvvJpKb3NoaW4gd2ViIOWutumbu+OBqFBD44Gu5aSn5Z6L5bCC6ZaA5bqX,5a626Zu744OR44K944Kz44OzQVbmqZ/lmajpq5jntJrjgqrjg7zjg4fjgqPjgqrjg5vjg5Pjg7zjgYrjgoLjgaHjgoPjgrLjg7zjg6DpiYTpgZPmqKHlnovmmYLoqIhQQ+ODhuODrOODk+ODrOOCs+ODvOODgOODvOmbkeiyqOaooeWei+WGt+iUteW6q+a0l+a/r+apn+OCqOOCouOCs+ODs2dhbWVob2JieWNvbXB1dGVy44KqLeOCrOODi+ODhOOCr+OCouOCpOOCueOCsy3jg5ItOFDjgJDnqI7ovrzjgJEgVUNDIOODieODquODg+ODl+ODneODg+ODieOAgOacieapn+agveWfueOCquODvOOCrOODi+ODg+OCr+OCouOCpOOCueOCs+ODvOODkuODvOOAgDjlgIvlhaUgRFJJUCBQT0QgW+OCquOCrOODi+ODhOOCr+OCouOCpOOCueOCs+ODkjhQXeOAkOi/lOWTgeeoruWIpULjgJHjgJBSQ1DjgJE=,5qW95aSpU2hvcCBvZiB0aGUgWWVhciAyMDE2IOe3j+WQiOOCsOODqeODs+ODl+ODquWPl+iznuKYheOAguOCqi3jgqzjg4vjg4Tjgq/jgqLjgqTjgrnjgrMt44OSLThQ44CQ56iO6L6844CRIFVDQyDjg4njg6rjg4Pjg5fjg53jg4Pjg4njgIDmnInmqZ/moL3ln7njgqrjg7zjgqzjg4vjg4Pjgq/jgqLjgqTjgrnjgrPjg7zjg5Ljg7zjgIA45YCL5YWlIERSSVAgUE9EIFvjgqrjgqzjg4vjg4Tjgq/jgqLjgqTjgrnjgrPjg5I4UF3jgJDov5Tlk4HnqK7liKVC44CR44CQUkNQ44CR[rn]
29-48592,aHR0cDovL3RzaG9wLnIxMHMuanAvamlzbS9jYWJpbmV0LzA1NjEvNDkwMTM2OTUyMjA5Ni5qcGc/Zml0aW49NzAwOjcwMA==,MzQ1Ni4wMDAw,,5a626Zu7ID4g44Kt44OD44OB44Oz5a626Zu7ID4g44Kt44OD44OB44Oz5a626Zu755So44Ki44Kv44K744K144Oq44O844O76YOo5ZOBID4g44Kz44O844OS44O844Oh44O844Kr44O844O744Ko44K544OX44Os44OD44K944Oe44K344Oz55So44Ki44Kv44K744K144Oq44O8,IzUyMjA5KOOCq+ODquOCvynjgJDnqI7ovrzjgJEg44Kr44Oq44K/IOODm+ODvOODreODvOODneODg+ODiOOAgDEuMEwgS2FsaXRh44CA77yG44Kr44Oq44K/IFs1MjIwOeOCq+ODquOCv13jgJDov5Tlk4HnqK7liKVB44CR44CQ6YCB5paZ54Sh5paZ44CR44CQUkNQ44CR,5qW95aSpU2hvcCBvZiB0aGUgWWVhciAyMDE2IOe3j+WQiOOCsOODqeODs+ODl+ODquWPl+iznuKYhQ==,5Zyo5bqr54q25rOB77ya5YWl6I235qyh56ys5Ye66I23PGJyPjxicj48YnI+PGZvbnQgY29sb3I9Ymx1ZT7ilqHjgIzov5Tlk4HnqK7liKXjgI3jgavjgaTjgYTjgaboqbPjgZfjgY/jga/jgZPjgaHjgonilqE8L2ZvbnQ+PGJyPjxicj48cD48YnI+PHA+PGJyPjxicj7ilqDjgIDku5XjgIDmp5jjgIDilqA8dWw+PGxpPuWuuemHj++8mue0hDEuMEzvvIjpganmraPlrrnph4/vvJrntIQwLjdM77yJPC9saT48bGk+566x44K144Kk44K6KOe0hCnvvJrluYUxOS44w5flpaXooYwxMy40w5fpq5jjgZUxOS44Y208L2xpPjxsaT7ph43ph4/vvJrntIQ3MDNnPC9saT48bGk+5p2Q6LOq77ya44G744GG44KN44GG55So6Yu85p2/KOW6leOBruWOmuOBlTAuNm1t77yJPC9saT48bGk+6KGo6Z2i5Yqg5bel77ya44G744GG44KN44GGPC9saT48L3VsPjxicj48YnI+PGJyPijigLvjgZPjga7oqqzmmI7mlofjga/mpb3lpKnluILloLTlupfjga7oqJjovInlhoXlrrnjgafjgZnjgIJVUkzjga9odHRwOi8vaXRlbS5yYWt1dGVuLmNvLmpwL2ppc20v44Gn5aeL44G+44KK44G+44GZ44CCVVJM44GM55Ww44Gq44KL6Zqb44Gv44K144Kk44OI44KS5Yip55So44GZ44KL44GT44Go44Gu44Gq44GE44KI44GG5Y2B5YiG44GU5rOo5oSP44GP44Gg44GV44GE44CCKTx0YWJsZSB3aWR0aD0iNjAwIiBib3JkZXI9MCBjZWxscGFkZGluZz01IGNlbGxzcGFjaW5nPTAgYmdjb2xvcj0iI0YwRURFNCI+PHRyPjx0ZCBhbGlnbj0iY2VudGVyIiBiZ2NvbG9yPSIjQkJBMDRFIj4KPHRhYmxlIHdpZHRoPSI1OTAiIGJvcmRlcj0wIGNlbGxwYWRkaW5nPTIgY2VsbHNwYWNpbmc9MSBiZ2NvbG9yPSIjRjBFREU0IiBzdW1tYXJ5PSIiIHN0eWxlPSJmb250LXNpemU6MTJweDsiPjx0cj48dGQ+44GK44GZ44GZ44KB44Kr44OG44K044Oq44O844CA77ya44CA44Ko44Ki44Kz44Oz44CA44O744CA5Yqg5rm/5Zmo44CA44O744CA5Ya36JS15bqr44CA44O744CA44Ob44OD44OI44Kr44O844Oa44OD44OI44CA44O744CA5biD5Zuj5Lm+54el5qmfPC90ZD48L3RyPjx0cj48dGQgYWxpZ249ImNlbnRlciI+44K044Or44OV44Oc44O844Or44CA44O744CA5o6D6Zmk5qmf44O744Kv44Oq44O844OK44O844CA44O744CA77y077y244Ky44O844Og44CA44O744CA6Zu75rGg44CA44O744CA5YWF6Zu75rGg44O75YWF6Zu75Zmo44CA44O744CA44Op44OD44OU44Oz44Kw6KKLCjwvdGQ+PC90cj48L3RhYmxlPgo8L3RkPjwvdHI+PC90YWJsZT48YnI+,IzUyMjA5KOOCq+ODquOCvynjgJDnqI7ovrzjgJEg44Kr44Oq44K/IOODm+ODvOODreODvOODneODg+ODiOOAgDEuMEwgS2FsaXRh44CA77yG44Kr44Oq44K/IFs1MjIwOeOCq+ODquOCv13jgJDov5Tlk4HnqK7liKVB44CR44CQ6YCB5paZ54Sh5paZ44CR44CQUkNQ44CR77yaSm9zaGluIHdlYiDlrrbpm7vjgahQQ+OBruWkp+Wei+WwgumWgOW6lw==,5a626Zu744OR44K944Kz44OzQVbmqZ/lmajpq5jntJrjgqrjg7zjg4fjgqPjgqrjg5vjg5Pjg7zjgYrjgoLjgaHjgoPjgrLjg7zjg6DpiYTpgZPmqKHlnovmmYLoqIhQQ+ODhuODrOODk+ODrOOCs+ODvOODgOODvOmbkeiyqOaooeWei+WGt+iUteW6q+a0l+a/r+apn+OCqOOCouOCs+ODs2dhbWVob2JieWNvbXB1dGVyIzUyMjA5KOOCq+ODquOCvynjgJDnqI7ovrzjgJEg44Kr44Oq44K/IOODm+ODvOODreODvOODneODg+ODiOOAgDEuMEwgS2FsaXRh44CA77yG44Kr44Oq44K/IFs1MjIwOeOCq+ODquOCv13jgJDov5Tlk4HnqK7liKVB44CR44CQ6YCB5paZ54Sh5paZ44CR44CQUkNQ44CR,5qW95aSpU2hvcCBvZiB0aGUgWWVhciAyMDE2IOe3j+WQiOOCsOODqeODs+ODl+ODquWPl+iznuKYheOAgiM1MjIwOSjjgqvjg6rjgr8p44CQ56iO6L6844CRIOOCq+ODquOCvyDjg5vjg7zjg63jg7zjg53jg4Pjg4jjgIAxLjBMIEthbGl0YeOAgO+8huOCq+ODquOCvyBbNTIyMDnjgqvjg6rjgr9d44CQ6L+U5ZOB56iu5YilQeOAkeOAkOmAgeaWmeeEoeaWmeOAkeOAkFJDUOOAkQ==[rn]
29-48593,aHR0cDovL3RzaG9wLnIxMHMuanAvamlzbS9jYWJpbmV0LzA0MTUvNDkwMTIwMTExNDA1Mi5qcGc/Zml0aW49NzAwOjcwMA==,MTAzNi44MDAw,,5a626Zu7ID4g44Kt44OD44OB44Oz5a626Zu7ID4g44Kt44OD44OB44Oz5a626Zu755So44Ki44Kv44K744K144Oq44O844O76YOo5ZOBID4g44Kz44O844OS44O844Oh44O844Kr44O844O744Ko44K544OX44Os44OD44K944Oe44K344Oz55So44Ki44Kv44K744K144Oq44O8,44OW44OrLeODnuOCpuODs+ODhuODszhQ44CQ56iO6L6844CRIFVDQyDjg4njg6rjg4Pjg5fjg53jg4Pjg4njgIDjg5bjg6vjg7zjg57jgqbjg7Pjg4bjg7Pjg5bjg6zjg7Pjg4njgIA45YCL5YWlIERSSVAgUE9EIFvjg5bjg6vjg57jgqbjg7Pjg4bjg7M4UF3jgJDov5Tlk4HnqK7liKVC44CR44CQUkNQ44CR,5qW95aSpU2hvcCBvZiB0aGUgWWVhciAyMDE2IOe3j+WQiOOCsOODqeODs+ODl+ODquWPl+iznuKYhQ==,5Zyo5bqr54q25rOB77ya5YWl6I235qyh56ys5Ye66I23PGJyPjxicj48YnI+PGZvbnQgY29sb3I9Ymx1ZT7ilqHjgIzov5Tlk4HnqK7liKXjgI3jgavjgaTjgYTjgaboqbPjgZfjgY/jga/jgZPjgaHjgonilqE8L2ZvbnQ+PGJyPjxicj48cD48YnI+PHA+PGZvbnQgY29sb3I9InJlZCI+5pys6KO95ZOB44Gv44CB44OJ44Oq44OD44OX44Od44OD44OJ44G+44Gf44Gv44Ko44Kz44Od44OD44OJ5oq95Ye65qmf44Gn44Gu44G/44GU5Yip55So44GE44Gf44Gg44GR44G+44GZ44CCPC9mb250Pjxicj48YnI+PEI+PGZvbnQgY29sb3I9Qmx1ZT7il4bjg4njg6rjg4Pjg5fjg53jg4Pjg4njgajjga88L2ZvbnQ+PC9CPjxicj7kuJbnlYzjga7jgrnjg5rjgrfjg6Pjg6vjg4bjgqPjgrPjg7zjg5Ljg7zjgpIx5p2v44GL44KJ5omL6Lu944Gr44CCPGJyPjHmna/liIbjgZrjgaTlr4blsIHjg5Hjg4Pjgq/jgZXjgozjgabjgYTjgovjga7jgafjgIHngpLjgornq4vjgabmjL3jgY3jgZ/jgabjga7jgYrjgYTjgZfjgZXjgpLjgYTjgaTjgafjgoLlkbPjgo/jgYbjgZPjgajjgYzjgafjgY3jgb7jgZnjgIIgPGJyPjxicj7il4bjg5bjg6vjg7zjg57jgqbjg7Pjg4bjg7Pjg5bjg6zjg7Pjg4k8YnI+4peG6Ium5ZGz44Go6YW45ZGz44GM6Kq/5ZKM44GX44Gf5YSq6ZuF44Gq6aaZ44KK44CCPGJyPuKXhuOCs+ODvOODkuODvOOBrueOi+anmOOBruWQjeOBq+OBteOBleOCj+OBl+OBhOOAgeOBvuOCjeOChOOBi+OBp+WTgeagvOOBguOCi+WRs+OCj+OBhOOBp+OBmeOAgiA8YnI+4peGOOWAi+WFpTxicj48YnI+PGJyPjxicj48YnI+KOKAu+OBk+OBruiqrOaYjuaWh+OBr+alveWkqeW4guWgtOW6l+OBruiomOi8ieWGheWuueOBp+OBmeOAglVSTOOBr2h0dHA6Ly9pdGVtLnJha3V0ZW4uY28uanAvamlzbS/jgaflp4vjgb7jgorjgb7jgZnjgIJVUkzjgYznlbDjgarjgovpmpvjga/jgrXjgqTjg4jjgpLliKnnlKjjgZnjgovjgZPjgajjga7jgarjgYTjgojjgYbljYHliIbjgZTms6jmhI/jgY/jgaDjgZXjgYTjgIIpPHRhYmxlIHdpZHRoPSI2MDAiIGJvcmRlcj0wIGNlbGxwYWRkaW5nPTUgY2VsbHNwYWNpbmc9MCBiZ2NvbG9yPSIjRjBFREU0Ij48dHI+PHRkIGFsaWduPSJjZW50ZXIiIGJnY29sb3I9IiNCQkEwNEUiPgo8dGFibGUgd2lkdGg9IjU5MCIgYm9yZGVyPTAgY2VsbHBhZGRpbmc9MiBjZWxsc3BhY2luZz0xIGJnY29sb3I9IiNGMEVERTQiIHN1bW1hcnk9IiIgc3R5bGU9ImZvbnQtc2l6ZToxMnB4OyI+PHRyPjx0ZD7jgYrjgZnjgZnjgoHjgqvjg4bjgrTjg6rjg7zjgIDvvJrjgIDjgqjjgqLjgrPjg7PjgIDjg7vjgIDliqDmub/lmajjgIDjg7vjgIDlhrfolLXluqvjgIDjg7vjgIDjg5vjg4Pjg4jjgqvjg7zjg5rjg4Pjg4jjgIDjg7vjgIDluIPlm6Pkub7nh6XmqZ88L3RkPjwvdHI+PHRyPjx0ZCBhbGlnbj0iY2VudGVyIj7jgrTjg6vjg5Xjg5zjg7zjg6vjgIDjg7vjgIDmjoPpmaTmqZ/jg7vjgq/jg6rjg7zjg4rjg7zjgIDjg7vjgIDvvLTvvLbjgrLjg7zjg6DjgIDjg7vjgIDpm7vmsaDjgIDjg7vjgIDlhYXpm7vmsaDjg7vlhYXpm7vlmajjgIDjg7vjgIDjg6njg4Pjg5Tjg7PjgrDooosKPC90ZD48L3RyPjwvdGFibGU+CjwvdGQ+PC90cj48L3RhYmxlPjxicj4=,44OW44OrLeODnuOCpuODs+ODhuODszhQ44CQ56iO6L6844CRIFVDQyDjg4njg6rjg4Pjg5fjg53jg4Pjg4njgIDjg5bjg6vjg7zjg57jgqbjg7Pjg4bjg7Pjg5bjg6zjg7Pjg4njgIA45YCL5YWlIERSSVAgUE9EIFvjg5bjg6vjg57jgqbjg7Pjg4bjg7M4UF3jgJDov5Tlk4HnqK7liKVC44CR44CQUkNQ44CR77yaSm9zaGluIHdlYiDlrrbpm7vjgahQQ+OBruWkp+Wei+WwgumWgOW6lw==,5a626Zu744OR44K944Kz44OzQVbmqZ/lmajpq5jntJrjgqrjg7zjg4fjgqPjgqrjg5vjg5Pjg7zjgYrjgoLjgaHjgoPjgrLjg7zjg6DpiYTpgZPmqKHlnovmmYLoqIhQQ+ODhuODrOODk+ODrOOCs+ODvOODgOODvOmbkeiyqOaooeWei+WGt+iUteW6q+a0l+a/r+apn+OCqOOCouOCs+ODs2dhbWVob2JieWNvbXB1dGVy44OW44OrLeODnuOCpuODs+ODhuODszhQ44CQ56iO6L6844CRIFVDQyDjg4njg6rjg4Pjg5fjg53jg4Pjg4njgIDjg5bjg6vjg7zjg57jgqbjg7Pjg4bjg7Pjg5bjg6zjg7Pjg4njgIA45YCL5YWlIERSSVAgUE9EIFvjg5bjg6vjg57jgqbjg7Pjg4bjg7M4UF3jgJDov5Tlk4HnqK7liKVC44CR44CQUkNQ44CR,5qW95aSpU2hvcCBvZiB0aGUgWWVhciAyMDE2IOe3j+WQiOOCsOODqeODs+ODl+ODquWPl+iznuKYheOAguODluODqy3jg57jgqbjg7Pjg4bjg7M4UOOAkOeojui+vOOAkSBVQ0Mg44OJ44Oq44OD44OX44Od44OD44OJ44CA44OW44Or44O844Oe44Km44Oz44OG44Oz44OW44Os44Oz44OJ44CAOOWAi+WFpSBEUklQIFBPRCBb44OW44Or44Oe44Km44Oz44OG44OzOFBd44CQ6L+U5ZOB56iu5YilQuOAkeOAkFJDUOOAkQ==[rn]
29-48594,aHR0cDovL3RzaG9wLnIxMHMuanAvamlzbS9jYWJpbmV0LzA0MTUvNDkwMTIwMTExMzg4OC5qcGc/Zml0aW49NzAwOjcwMA==,NTU5LjIwMDA=,,5a626Zu7ID4g44Kt44OD44OB44Oz5a626Zu7ID4g44Kt44OD44OB44Oz5a626Zu755So44Ki44Kv44K744K144Oq44O844O76YOo5ZOBID4g44Kz44O844OS44O844Oh44O844Kr44O844O744Ko44K544OX44Os44OD44K944Oe44K344Oz55So44Ki44Kv44K744K144Oq44O8,44K544Of44Ok44Kt44KzLeODki04UOOAkOeojui+vOOAkSBVQ0Mg44OJ44Oq44OD44OX44Od44OD44OJ44CA54Kt54S854+I55Cy44CAOOWAi+WFpSBEUklQIFBPRCBb44K544Of44Ok44Kt44Kz44OSOFBd44CQ6L+U5ZOB56iu5YilQuOAkeOAkFJDUOOAkQ==,5qW95aSpU2hvcCBvZiB0aGUgWWVhciAyMDE2IOe3j+WQiOOCsOODqeODs+ODl+ODquWPl+iznuKYhQ==,5Zyo5bqr54q25rOB77ya5YWl6I235qyh56ys5Ye66I23PGJyPjxicj48YnI+PGZvbnQgY29sb3I9Ymx1ZT7ilqHjgIzov5Tlk4HnqK7liKXjgI3jgavjgaTjgYTjgaboqbPjgZfjgY/jga/jgZPjgaHjgonilqE8L2ZvbnQ+PGJyPjxicj48cD48YnI+PHA+PGZvbnQgY29sb3I9InJlZCI+5pys6KO95ZOB44Gv44CB44OJ44Oq44OD44OX44Od44OD44OJ44G+44Gf44Gv44Ko44Kz44Od44OD44OJ5oq95Ye65qmf44Gn44Gu44G/44GU5Yip55So44GE44Gf44Gg44GR44G+44GZ44CCPC9mb250Pjxicj48YnI+PEI+PGZvbnQgY29sb3I9Qmx1ZT7il4bjg4njg6rjg4Pjg5fjg53jg4Pjg4njgajjga88L2ZvbnQ+PC9CPjxicj7kuJbnlYzjga7jgrnjg5rjgrfjg6Pjg6vjg4bjgqPjgrPjg7zjg5Ljg7zjgpIx5p2v44GL44KJ5omL6Lu944Gr44CCPGJyPjHmna/liIbjgZrjgaTlr4blsIHjg5Hjg4Pjgq/jgZXjgozjgabjgYTjgovjga7jgafjgIHngpLjgornq4vjgabmjL3jgY3jgZ/jgabjga7jgYrjgYTjgZfjgZXjgpLjgYTjgaTjgafjgoLlkbPjgo/jgYbjgZPjgajjgYzjgafjgY3jgb7jgZnjgIIgPGJyPjxicj7il4bngq3nhLznj4jnkLI8YnI+4peG54Kt54Gr44Gn5Li55b+144Gr54SZ54WO44GX44Gf44K544Oi44O844Kt44O844Gq6aaZ44KK44Go5rex44GE44Kz44Kv44Gu5ZGz44KP44GEIOOAgjxicj7il4Y45YCL5YWlPGJyPjxicj48YnI+PGJyPjxicj4o4oC744GT44Gu6Kqs5piO5paH44Gv5qW95aSp5biC5aC05bqX44Gu6KiY6LyJ5YaF5a6544Gn44GZ44CCVVJM44GvaHR0cDovL2l0ZW0ucmFrdXRlbi5jby5qcC9qaXNtL+OBp+Wni+OBvuOCiuOBvuOBmeOAglVSTOOBjOeVsOOBquOCi+mam+OBr+OCteOCpOODiOOCkuWIqeeUqOOBmeOCi+OBk+OBqOOBruOBquOBhOOCiOOBhuWNgeWIhuOBlOazqOaEj+OBj+OBoOOBleOBhOOAgik8dGFibGUgd2lkdGg9IjYwMCIgYm9yZGVyPTAgY2VsbHBhZGRpbmc9NSBjZWxsc3BhY2luZz0wIGJnY29sb3I9IiNGMEVERTQiPjx0cj48dGQgYWxpZ249ImNlbnRlciIgYmdjb2xvcj0iI0JCQTA0RSI+Cjx0YWJsZSB3aWR0aD0iNTkwIiBib3JkZXI9MCBjZWxscGFkZGluZz0yIGNlbGxzcGFjaW5nPTEgYmdjb2xvcj0iI0YwRURFNCIgc3VtbWFyeT0iIiBzdHlsZT0iZm9udC1zaXplOjEycHg7Ij48dHI+PHRkPuOBiuOBmeOBmeOCgeOCq+ODhuOCtOODquODvOOAgO+8muOAgOOCqOOCouOCs+ODs+OAgOODu+OAgOWKoOa5v+WZqOOAgOODu+OAgOWGt+iUteW6q+OAgOODu+OAgOODm+ODg+ODiOOCq+ODvOODmuODg+ODiOOAgOODu+OAgOW4g+Wbo+S5vueHpeapnzwvdGQ+PC90cj48dHI+PHRkIGFsaWduPSJjZW50ZXIiPuOCtOODq+ODleODnOODvOODq+OAgOODu+OAgOaOg+mZpOapn+ODu+OCr+ODquODvOODiuODvOOAgOODu+OAgO+8tO+8tuOCsuODvOODoOOAgOODu+OAgOmbu+axoOOAgOODu+OAgOWFhembu+axoOODu+WFhembu+WZqOOAgOODu+OAgOODqeODg+ODlOODs+OCsOiiiwo8L3RkPjwvdHI+PC90YWJsZT4KPC90ZD48L3RyPjwvdGFibGU+PGJyPg==,44K544Of44Ok44Kt44KzLeODki04UOOAkOeojui+vOOAkSBVQ0Mg44OJ44Oq44OD44OX44Od44OD44OJ44CA54Kt54S854+I55Cy44CAOOWAi+WFpSBEUklQIFBPRCBb44K544Of44Ok44Kt44Kz44OSOFBd44CQ6L+U5ZOB56iu5YilQuOAkeOAkFJDUOOAke+8mkpvc2hpbiB3ZWIg5a626Zu744GoUEPjga7lpKflnovlsILploDlupc=,5a626Zu744OR44K944Kz44OzQVbmqZ/lmajpq5jntJrjgqrjg7zjg4fjgqPjgqrjg5vjg5Pjg7zjgYrjgoLjgaHjgoPjgrLjg7zjg6DpiYTpgZPmqKHlnovmmYLoqIhQQ+ODhuODrOODk+ODrOOCs+ODvOODgOODvOmbkeiyqOaooeWei+WGt+iUteW6q+a0l+a/r+apn+OCqOOCouOCs+ODs2dhbWVob2JieWNvbXB1dGVy44K544Of44Ok44Kt44KzLeODki04UOOAkOeojui+vOOAkSBVQ0Mg44OJ44Oq44OD44OX44Od44OD44OJ44CA54Kt54S854+I55Cy44CAOOWAi+WFpSBEUklQIFBPRCBb44K544Of44Ok44Kt44Kz44OSOFBd44CQ6L+U5ZOB56iu5YilQuOAkeOAkFJDUOOAkQ==,5qW95aSpU2hvcCBvZiB0aGUgWWVhciAyMDE2IOe3j+WQiOOCsOODqeODs+ODl+ODquWPl+iznuKYheOAguOCueODn+ODpOOCreOCsy3jg5ItOFDjgJDnqI7ovrzjgJEgVUNDIOODieODquODg+ODl+ODneODg+ODieOAgOeCreeEvOePiOeQsuOAgDjlgIvlhaUgRFJJUCBQT0QgW+OCueODn+ODpOOCreOCs+ODkjhQXeOAkOi/lOWTgeeoruWIpULjgJHjgJBSQ1DjgJE=[rn]
29-48595,aHR0cDovL3RzaG9wLnIxMHMuanAvamlzbS9jYWJpbmV0LzA2MjIvNDU0OTMwODUzMDIyMy5qcGc/Zml0aW49NzAwOjcwMA==,MjQwMC4wMDAw,,5a626Zu7ID4g44Kt44OD44OB44Oz5a626Zu7ID4g44Kt44OD44OB44Oz5a626Zu755So44Ki44Kv44K744K144Oq44O844O76YOo5ZOBID4g44Kz44O844OS44O844Oh44O844Kr44O844O744Ko44K544OX44Os44OD44K944Oe44K344Oz55So44Ki44Kv44K744K144Oq44O8,SEItMzAyMuOAkOeojui+vOOAkSDjg5Hjg7zjg6sg44OW44Os44Kk44Kv44K/44Kk44OgIOOCq+ODl+OCu+ODq+OCv+ODr+ODvOOAgDIx5YCL55SoKOWbnui7ouW8jykg44ON44K544Os44OJ44Or44OB44Kn44Kw44K544OI44Kr44OX44K744Or5bCC55SoIFtIQjMwMjJd44CQ6L+U5ZOB56iu5YilQeOAkeOAkFJDUOOAkQ==,5qW95aSpU2hvcCBvZiB0aGUgWWVhciAyMDE2IOe3j+WQiOOCsOODqeODs+ODl+ODquWPl+iznuKYhQ==,5Zyo5bqr54q25rOB77ya5YWl6I235qyh56ys5Ye66I23PGJyPjxicj48YnI+PGZvbnQgY29sb3I9Ymx1ZT7ilqHjgIzov5Tlk4HnqK7liKXjgI3jgavjgaTjgYTjgaboqbPjgZfjgY/jga/jgZPjgaHjgonilqE8L2ZvbnQ+PGJyPjxicj48cD48YnI+PHA+PGJyPuKXhuODieODq+ODgeOCp+OCsOOCueODiOOBruOCq+ODl+OCu+ODq+OCkuecgeOCueODmuODvOOCueOBp+WPjue0jTxicj7il4blkIzmmYLjgasyMeWAi+WPjue0jTxicj7il4blm57ou6LlvI88YnI+PGJyPuKWoOOAgOS7leOAgOanmOOAgOKWoDx1bD48bGk+5pys5L2T44K144Kk44K677yI57SE77yJ77ya5bmFMTguNcOX5aWl6KGMMTguNcOX6auY44GVMjYuMGNtPC9saT48bGk+6YeN6YeP77ya57SENzA3ZzwvbGk+PC91bD48YnI+PGJyPjxicj4o4oC744GT44Gu6Kqs5piO5paH44Gv5qW95aSp5biC5aC05bqX44Gu6KiY6LyJ5YaF5a6544Gn44GZ44CCVVJM44GvaHR0cDovL2l0ZW0ucmFrdXRlbi5jby5qcC9qaXNtL+OBp+Wni+OBvuOCiuOBvuOBmeOAglVSTOOBjOeVsOOBquOCi+mam+OBr+OCteOCpOODiOOCkuWIqeeUqOOBmeOCi+OBk+OBqOOBruOBquOBhOOCiOOBhuWNgeWIhuOBlOazqOaEj+OBj+OBoOOBleOBhOOAgik8dGFibGUgd2lkdGg9IjYwMCIgYm9yZGVyPTAgY2VsbHBhZGRpbmc9NSBjZWxsc3BhY2luZz0wIGJnY29sb3I9IiNGMEVERTQiPjx0cj48dGQgYWxpZ249ImNlbnRlciIgYmdjb2xvcj0iI0JCQTA0RSI+Cjx0YWJsZSB3aWR0aD0iNTkwIiBib3JkZXI9MCBjZWxscGFkZGluZz0yIGNlbGxzcGFjaW5nPTEgYmdjb2xvcj0iI0YwRURFNCIgc3VtbWFyeT0iIiBzdHlsZT0iZm9udC1zaXplOjEycHg7Ij48dHI+PHRkPuOBiuOBmeOBmeOCgeOCq+ODhuOCtOODquODvOOAgO+8muOAgOOCqOOCouOCs+ODs+OAgOODu+OAgOWKoOa5v+WZqOOAgOODu+OAgOWGt+iUteW6q+OAgOODu+OAgOODm+ODg+ODiOOCq+ODvOODmuODg+ODiOOAgOODu+OAgOW4g+Wbo+S5vueHpeapnzwvdGQ+PC90cj48dHI+PHRkIGFsaWduPSJjZW50ZXIiPuOCtOODq+ODleODnOODvOODq+OAgOODu+OAgOaOg+mZpOapn+ODu+OCr+ODquODvOODiuODvOOAgOODu+OAgO+8tO+8tuOCsuODvOODoOOAgOODu+OAgOmbu+axoOOAgOODu+OAgOWFhembu+axoOODu+WFhembu+WZqOOAgOODu+OAgOODqeODg+ODlOODs+OCsOiiiwo8L3RkPjwvdHI+PC90YWJsZT4KPC90ZD48L3RyPjwvdGFibGU+PGJyPg==,SEItMzAyMuOAkOeojui+vOOAkSDjg5Hjg7zjg6sg44OW44Os44Kk44Kv44K/44Kk44OgIOOCq+ODl+OCu+ODq+OCv+ODr+ODvOOAgDIx5YCL55SoKOWbnui7ouW8jykg44ON44K544Os44OJ44Or44OB44Kn44Kw44K544OI44Kr44OX44K744Or5bCC55SoIFtIQjMwMjJd44CQ6L+U5ZOB56iu5YilQeOAkeOAkFJDUOOAke+8mkpvc2hpbiB3ZWIg5a626Zu744GoUEPjga7lpKflnovlsILploDlupc=,5a626Zu744OR44K944Kz44OzQVbmqZ/lmajpq5jntJrjgqrjg7zjg4fjgqPjgqrjg5vjg5Pjg7zjgYrjgoLjgaHjgoPjgrLjg7zjg6DpiYTpgZPmqKHlnovmmYLoqIhQQ+ODhuODrOODk+ODrOOCs+ODvOODgOODvOmbkeiyqOaooeWei+WGt+iUteW6q+a0l+a/r+apn+OCqOOCouOCs+ODs2dhbWVob2JieWNvbXB1dGVySEItMzAyMuOAkOeojui+vOOAkSDjg5Hjg7zjg6sg44OW44Os44Kk44Kv44K/44Kk44OgIOOCq+ODl+OCu+ODq+OCv+ODr+ODvOOAgDIx5YCL55SoKOWbnui7ouW8jykg44ON44K544Os44OJ44Or44OB44Kn44Kw44K544OI44Kr44OX44K744Or5bCC55SoIFtIQjMwMjJd44CQ6L+U5ZOB56iu5YilQeOAkeOAkFJDUOOAkQ==,5qW95aSpU2hvcCBvZiB0aGUgWWVhciAyMDE2IOe3j+WQiOOCsOODqeODs+ODl+ODquWPl+iznuKYheOAgkhCLTMwMjLjgJDnqI7ovrzjgJEg44OR44O844OrIOODluODrOOCpOOCr+OCv+OCpOODoCDjgqvjg5fjgrvjg6vjgr/jg6/jg7zjgIAyMeWAi+eUqCjlm57ou6LlvI8pIOODjeOCueODrOODieODq+ODgeOCp+OCsOOCueODiOOCq+ODl+OCu+ODq+WwgueUqCBbSEIzMDIyXeOAkOi/lOWTgeeoruWIpUHjgJHjgJBSQ1DjgJE=[rn]
29-48596,aHR0cDovL3RzaG9wLnIxMHMuanAvamlzbS9jYWJpbmV0LzA1NTAvNDkwMTM2OTMxMjcwMy5qcGc/Zml0aW49NzAwOjcwMA==,MzM2OC4wMDAw,,5a626Zu7ID4g44Kt44OD44OB44Oz5a626Zu7ID4g44Kt44OD44OB44Oz5a626Zu755So44Ki44Kv44K744K144Oq44O844O76YOo5ZOBID4g44Kz44O844OS44O844Oh44O844Kr44O844O744Ko44K544OX44Os44OD44K944Oe44K344Oz55So44Ki44Kv44K744K144Oq44O8,IzMxMjcwKOOCq+ODquOCvynjgJDnqI7ovrzjgJEg44Kr44Oq44K/IOODm+ODvOODreODvOOCteODvOODkOODvOOAgDYwMCDvvIZLYWxpdGEgWzMxMjcw44Kr44Oq44K/XeOAkOi/lOWTgeeoruWIpUHjgJHjgJDpgIHmlpnnhKHmlpnjgJHjgJBSQ1DjgJE=,5qW95aSpU2hvcCBvZiB0aGUgWWVhciAyMDE2IOe3j+WQiOOCsOODqeODs+ODl+ODquWPl+iznuKYhQ==,5Zyo5bqr54q25rOB77ya5YWl6I235qyh56ys5Ye66I23PGJyPjxicj48YnI+PGZvbnQgY29sb3I9Ymx1ZT7ilqHjgIzov5Tlk4HnqK7liKXjgI3jgavjgaTjgYTjgaboqbPjgZfjgY/jga/jgZPjgaHjgonilqE8L2ZvbnQ+PGJyPjxicj48cD48YnI+PHA+PGJyPjxicj7ilqDjgIDku5XjgIDmp5jjgIDilqA8dWw+PGxpPuWuuemHj++8mue0hDAuNkzvvIjpganmraPlrrnph4/vvJrntIQwLjM2TO+8iTwvbGk+PGxpPueuseOCteOCpOOCuijntIQp77ya5bmFMTcuM8OX5aWl6KGMMTEuMcOX6auY44GVMTIuNWNtPC9saT48bGk+6YeN6YeP77ya57SENDkxZzwvbGk+PGxpPuadkOizqu+8muOBu+OBhuOCjeOBhueUqOmLvOadvyjlupXjga7ljprjgZUwLjZtbe+8iTwvbGk+PGxpPuihqOmdouWKoOW3pe+8muOBu+OBhuOCjeOBhjwvbGk+PC91bD48YnI+PGJyPjxicj4o4oC744GT44Gu6Kqs5piO5paH44Gv5qW95aSp5biC5aC05bqX44Gu6KiY6LyJ5YaF5a6544Gn44GZ44CCVVJM44GvaHR0cDovL2l0ZW0ucmFrdXRlbi5jby5qcC9qaXNtL+OBp+Wni+OBvuOCiuOBvuOBmeOAglVSTOOBjOeVsOOBquOCi+mam+OBr+OCteOCpOODiOOCkuWIqeeUqOOBmeOCi+OBk+OBqOOBruOBquOBhOOCiOOBhuWNgeWIhuOBlOazqOaEj+OBj+OBoOOBleOBhOOAgik8dGFibGUgd2lkdGg9IjYwMCIgYm9yZGVyPTAgY2VsbHBhZGRpbmc9NSBjZWxsc3BhY2luZz0wIGJnY29sb3I9IiNGMEVERTQiPjx0cj48dGQgYWxpZ249ImNlbnRlciIgYmdjb2xvcj0iI0JCQTA0RSI+Cjx0YWJsZSB3aWR0aD0iNTkwIiBib3JkZXI9MCBjZWxscGFkZGluZz0yIGNlbGxzcGFjaW5nPTEgYmdjb2xvcj0iI0YwRURFNCIgc3VtbWFyeT0iIiBzdHlsZT0iZm9udC1zaXplOjEycHg7Ij48dHI+PHRkPuOBiuOBmeOBmeOCgeOCq+ODhuOCtOODquODvOOAgO+8muOAgOOCqOOCouOCs+ODs+OAgOODu+OAgOWKoOa5v+WZqOOAgOODu+OAgOWGt+iUteW6q+OAgOODu+OAgOODm+ODg+ODiOOCq+ODvOODmuODg+ODiOOAgOODu+OAgOW4g+Wbo+S5vueHpeapnzwvdGQ+PC90cj48dHI+PHRkIGFsaWduPSJjZW50ZXIiPuOCtOODq+ODleODnOODvOODq+OAgOODu+OAgOaOg+mZpOapn+ODu+OCr+ODquODvOODiuODvOOAgOODu+OAgO+8tO+8tuOCsuODvOODoOOAgOODu+OAgOmbu+axoOOAgOODu+OAgOWFhembu+axoOODu+WFhembu+WZqOOAgOODu+OAgOODqeODg+ODlOODs+OCsOiiiwo8L3RkPjwvdHI+PC90YWJsZT4KPC90ZD48L3RyPjwvdGFibGU+PGJyPg==,IzMxMjcwKOOCq+ODquOCvynjgJDnqI7ovrzjgJEg44Kr44Oq44K/IOODm+ODvOODreODvOOCteODvOODkOODvOOAgDYwMCDvvIZLYWxpdGEgWzMxMjcw44Kr44Oq44K/XeOAkOi/lOWTgeeoruWIpUHjgJHjgJDpgIHmlpnnhKHmlpnjgJHjgJBSQ1DjgJHvvJpKb3NoaW4gd2ViIOWutumbu+OBqFBD44Gu5aSn5Z6L5bCC6ZaA5bqX,5a626Zu744OR44K944Kz44OzQVbmqZ/lmajpq5jntJrjgqrjg7zjg4fjgqPjgqrjg5vjg5Pjg7zjgYrjgoLjgaHjgoPjgrLjg7zjg6DpiYTpgZPmqKHlnovmmYLoqIhQQ+ODhuODrOODk+ODrOOCs+ODvOODgOODvOmbkeiyqOaooeWei+WGt+iUteW6q+a0l+a/r+apn+OCqOOCouOCs+ODs2dhbWVob2JieWNvbXB1dGVyIzMxMjcwKOOCq+ODquOCvynjgJDnqI7ovrzjgJEg44Kr44Oq44K/IOODm+ODvOODreODvOOCteODvOODkOODvOOAgDYwMCDvvIZLYWxpdGEgWzMxMjcw44Kr44Oq44K/XeOAkOi/lOWTgeeoruWIpUHjgJHjgJDpgIHmlpnnhKHmlpnjgJHjgJBSQ1DjgJE=,5qW95aSpU2hvcCBvZiB0aGUgWWVhciAyMDE2IOe3j+WQiOOCsOODqeODs+ODl+ODquWPl+iznuKYheOAgiMzMTI3MCjjgqvjg6rjgr8p44CQ56iO6L6844CRIOOCq+ODquOCvyDjg5vjg7zjg63jg7zjgrXjg7zjg5Djg7zjgIA2MDAg77yGS2FsaXRhIFszMTI3MOOCq+ODquOCv13jgJDov5Tlk4HnqK7liKVB44CR44CQ6YCB5paZ54Sh5paZ44CR44CQUkNQ44CR[rn]
29-48597,aHR0cDovL3RzaG9wLnIxMHMuanAvamlzbS9jYWJpbmV0LzA0MTUvNDkwMTIwMTExMzk1Ni5qcGc/Zml0aW49NzAwOjcwMA==,NDM1LjIwMDA=,,5a626Zu7ID4g44Kt44OD44OB44Oz5a626Zu7ID4g44Kt44OD44OB44Oz5a626Zu755So44Ki44Kv44K744K144Oq44O844O76YOo5ZOBID4g44Kz44O844OS44O844Oh44O844Kr44O844O744Ko44K544OX44Os44OD44K944Oe44K344Oz55So44Ki44Kv44K744K144Oq44O8,44OW44Os44Oz44OJ44Kz44Km44OB44OkOFDjgJDnqI7ovrzjgJEgVUNDIOODieODquODg+ODl+ODneODg+ODieOAgOOCu+OCpOODreODs+ODluODrOODs+ODiee0heiMtuOAgDjlgIvlhaUgRFJJUCBQT0QgW+ODluODrOODs+ODieOCs+OCpuODgeODpDhQXeOAkOi/lOWTgeeoruWIpULjgJHjgJBSQ1DjgJE=,5qW95aSpU2hvcCBvZiB0aGUgWWVhciAyMDE2IOe3j+WQiOOCsOODqeODs+ODl+ODquWPl+iznuKYhQ==,5Zyo5bqr54q25rOB77ya5YWl6I235qyh56ys5Ye66I23PGJyPjxicj48YnI+PGZvbnQgY29sb3I9Ymx1ZT7ilqHjgIzov5Tlk4HnqK7liKXjgI3jgavjgaTjgYTjgaboqbPjgZfjgY/jga/jgZPjgaHjgonilqE8L2ZvbnQ+PGJyPjxicj48cD48YnI+PHA+PGZvbnQgY29sb3I9InJlZCI+5pys6KO95ZOB44Gv44CB44OJ44Oq44OD44OX44Od44OD44OJ44G+44Gf44Gv44Ko44Kz44Od44OD44OJ5oq95Ye65qmf44Gn44Gu44G/44GU5Yip55So44GE44Gf44Gg44GR44G+44GZ44CCPC9mb250Pjxicj48YnI+PEI+PGZvbnQgY29sb3I9Qmx1ZT7il4bjg4njg6rjg4Pjg5fjg53jg4Pjg4njgajjga88L2ZvbnQ+PC9CPjxicj7kuJbnlYzjga7jgrnjg5rjgrfjg6Pjg6vjg4bjgqPjgrPjg7zjg5Ljg7zjgpIx5p2v44GL44KJ5omL6Lu944Gr44CCPGJyPjHmna/liIbjgZrjgaTlr4blsIHjg5Hjg4Pjgq/jgZXjgozjgabjgYTjgovjga7jgafjgIHngpLjgornq4vjgabmjL3jgY3jgZ/jgabjga7jgYrjgYTjgZfjgZXjgpLjgYTjgaTjgafjgoLlkbPjgo/jgYbjgZPjgajjgYzjgafjgY3jgb7jgZnjgIIgPGJyPjxicj7il4bjgrvjgqTjg63jg7Pjg5bjg6zjg7Pjg4nntIXojLY8YnI+4peG44K744Kk44Ot44Oz44Gu44OG44Kj44Oz44OW44Op44KS5Lit5b+D44Gr44OW44Os44Oz44OJ44GX44G+44GX44Gf44CCPGJyPuKXhuOBmeOBo+OBjeOCiuOBqOOBl+OBn+miqOWRs+OBqOW/g+WcsOOCiOOBhOa4i+OBv+OBrue0heiMtuOAgiA8YnI+4peGOOWAi+WFpTxicj48YnI+PGJyPjxicj48YnI+KOKAu+OBk+OBruiqrOaYjuaWh+OBr+alveWkqeW4guWgtOW6l+OBruiomOi8ieWGheWuueOBp+OBmeOAglVSTOOBr2h0dHA6Ly9pdGVtLnJha3V0ZW4uY28uanAvamlzbS/jgaflp4vjgb7jgorjgb7jgZnjgIJVUkzjgYznlbDjgarjgovpmpvjga/jgrXjgqTjg4jjgpLliKnnlKjjgZnjgovjgZPjgajjga7jgarjgYTjgojjgYbljYHliIbjgZTms6jmhI/jgY/jgaDjgZXjgYTjgIIpPHRhYmxlIHdpZHRoPSI2MDAiIGJvcmRlcj0wIGNlbGxwYWRkaW5nPTUgY2VsbHNwYWNpbmc9MCBiZ2NvbG9yPSIjRjBFREU0Ij48dHI+PHRkIGFsaWduPSJjZW50ZXIiIGJnY29sb3I9IiNCQkEwNEUiPgo8dGFibGUgd2lkdGg9IjU5MCIgYm9yZGVyPTAgY2VsbHBhZGRpbmc9MiBjZWxsc3BhY2luZz0xIGJnY29sb3I9IiNGMEVERTQiIHN1bW1hcnk9IiIgc3R5bGU9ImZvbnQtc2l6ZToxMnB4OyI+PHRyPjx0ZD7jgYrjgZnjgZnjgoHjgqvjg4bjgrTjg6rjg7zjgIDvvJrjgIDjgqjjgqLjgrPjg7PjgIDjg7vjgIDliqDmub/lmajjgIDjg7vjgIDlhrfolLXluqvjgIDjg7vjgIDjg5vjg4Pjg4jjgqvjg7zjg5rjg4Pjg4jjgIDjg7vjgIDluIPlm6Pkub7nh6XmqZ88L3RkPjwvdHI+PHRyPjx0ZCBhbGlnbj0iY2VudGVyIj7jgrTjg6vjg5Xjg5zjg7zjg6vjgIDjg7vjgIDmjoPpmaTmqZ/jg7vjgq/jg6rjg7zjg4rjg7zjgIDjg7vjgIDvvLTvvLbjgrLjg7zjg6DjgIDjg7vjgIDpm7vmsaDjgIDjg7vjgIDlhYXpm7vmsaDjg7vlhYXpm7vlmajjgIDjg7vjgIDjg6njg4Pjg5Tjg7PjgrDooosKPC90ZD48L3RyPjwvdGFibGU+CjwvdGQ+PC90cj48L3RhYmxlPjxicj4=,44OW44Os44Oz44OJ44Kz44Km44OB44OkOFDjgJDnqI7ovrzjgJEgVUNDIOODieODquODg+ODl+ODneODg+ODieOAgOOCu+OCpOODreODs+ODluODrOODs+ODiee0heiMtuOAgDjlgIvlhaUgRFJJUCBQT0QgW+ODluODrOODs+ODieOCs+OCpuODgeODpDhQXeOAkOi/lOWTgeeoruWIpULjgJHjgJBSQ1DjgJHvvJpKb3NoaW4gd2ViIOWutumbu+OBqFBD44Gu5aSn5Z6L5bCC6ZaA5bqX,5a626Zu744OR44K944Kz44OzQVbmqZ/lmajpq5jntJrjgqrjg7zjg4fjgqPjgqrjg5vjg5Pjg7zjgYrjgoLjgaHjgoPjgrLjg7zjg6DpiYTpgZPmqKHlnovmmYLoqIhQQ+ODhuODrOODk+ODrOOCs+ODvOODgOODvOmbkeiyqOaooeWei+WGt+iUteW6q+a0l+a/r+apn+OCqOOCouOCs+ODs2dhbWVob2JieWNvbXB1dGVy44OW44Os44Oz44OJ44Kz44Km44OB44OkOFDjgJDnqI7ovrzjgJEgVUNDIOODieODquODg+ODl+ODneODg+ODieOAgOOCu+OCpOODreODs+ODluODrOODs+ODiee0heiMtuOAgDjlgIvlhaUgRFJJUCBQT0QgW+ODluODrOODs+ODieOCs+OCpuODgeODpDhQXeOAkOi/lOWTgeeoruWIpULjgJHjgJBSQ1DjgJE=,5qW95aSpU2hvcCBvZiB0aGUgWWVhciAyMDE2IOe3j+WQiOOCsOODqeODs+ODl+ODquWPl+iznuKYheOAguODluODrOODs+ODieOCs+OCpuODgeODpDhQ44CQ56iO6L6844CRIFVDQyDjg4njg6rjg4Pjg5fjg53jg4Pjg4njgIDjgrvjgqTjg63jg7Pjg5bjg6zjg7Pjg4nntIXojLbjgIA45YCL5YWlIERSSVAgUE9EIFvjg5bjg6zjg7Pjg4njgrPjgqbjg4Hjg6Q4UF3jgJDov5Tlk4HnqK7liKVC44CR44CQUkNQ44CR[rn]
29-48598,aHR0cDovL3RzaG9wLnIxMHMuanAvamlzbS9jYWJpbmV0LzA0MjIvNDkwMTIwMTExNDAzOC5qcGc/Zml0aW49NzAwOjcwMA==,NDcyLjAwMDA=,,5a626Zu7ID4g44Kt44OD44OB44Oz5a626Zu7ID4g44Kt44OD44OB44Oz5a626Zu755So44Ki44Kv44K744K144Oq44O844O76YOo5ZOBID4g44Kz44O844OS44O844Oh44O844Kr44O844O744Ko44K544OX44Os44OD44K944Oe44K344Oz55So44Ki44Kv44K744K144Oq44O8,44Kr44OV44Ko44Kk44Oz44Os44K544KzLeODki04UOOAkOeojui+vOOAkSBVQ0Mg44OJ44Oq44OD44OX44Od44OD44OJ44CA44Kr44OV44Kn44Kk44Oz44Os44K544Kz44O844OS44O844CAOOWAi+WFpSBEUklQIFBPRCBb44Kr44OV44Ko44Kk44Oz44Os44K544Kz44OSOFBd44CQ6L+U5ZOB56iu5YilQuOAkeOAkFJDUOOAkQ==,5qW95aSpU2hvcCBvZiB0aGUgWWVhciAyMDE2IOe3j+WQiOOCsOODqeODs+ODl+ODquWPl+iznuKYhQ==,5Zyo5bqr54q25rOB77ya5YWl6I235qyh56ys5Ye66I23PGJyPjxicj48YnI+PGZvbnQgY29sb3I9Ymx1ZT7ilqHjgIzov5Tlk4HnqK7liKXjgI3jgavjgaTjgYTjgaboqbPjgZfjgY/jga/jgZPjgaHjgonilqE8L2ZvbnQ+PGJyPjxicj48cD48YnI+PHA+PGZvbnQgY29sb3I9InJlZCI+5pys6KO95ZOB44Gv44CB44OJ44Oq44OD44OX44Od44OD44OJ44G+44Gf44Gv44Ko44Kz44Od44OD44OJ5oq95Ye65qmf44Gn44Gu44G/44GU5Yip55So44GE44Gf44Gg44GR44G+44GZ44CCPC9mb250Pjxicj48YnI+PEI+PGZvbnQgY29sb3I9Qmx1ZT7il4bjg4njg6rjg4Pjg5fjg53jg4Pjg4njgajjga88L2ZvbnQ+PC9CPjxicj7kuJbnlYzjga7jgrnjg5rjgrfjg6Pjg6vjg4bjgqPjgrPjg7zjg5Ljg7zjgpIx5p2v44GL44KJ5omL6Lu944Gr44CCPGJyPjHmna/liIbjgZrjgaTlr4blsIHjg5Hjg4Pjgq/jgZXjgozjgabjgYTjgovjga7jgafjgIHngpLjgornq4vjgabmjL3jgY3jgZ/jgabjga7jgYrjgYTjgZfjgZXjgpLjgYTjgaTjgafjgoLlkbPjgo/jgYbjgZPjgajjgYzjgafjgY3jgb7jgZnjgIIgPGJyPjxicj7il4bjgqvjg5XjgqfjgqTjg7PjgYzmsJfjgavjgarjgovmlrnjgbjjgYrjgZnjgZnjgoHjga7jgrPjg7zjg5Ljg7zjgII8YnI+4peG5LiW55WM5pyA5aSn44Gu44Kz44O844OS44O855Sf55Sj5Zu944Gn44GC44KL44OW44Op44K444Or55Sj44Kz44O844OS44O844Gu44G/5Y6z6YG45L2/55So44CCPGJyPuKXhjjlgIvlhaU8YnI+PGJyPjxicj48YnI+PGJyPijigLvjgZPjga7oqqzmmI7mlofjga/mpb3lpKnluILloLTlupfjga7oqJjovInlhoXlrrnjgafjgZnjgIJVUkzjga9odHRwOi8vaXRlbS5yYWt1dGVuLmNvLmpwL2ppc20v44Gn5aeL44G+44KK44G+44GZ44CCVVJM44GM55Ww44Gq44KL6Zqb44Gv44K144Kk44OI44KS5Yip55So44GZ44KL44GT44Go44Gu44Gq44GE44KI44GG5Y2B5YiG44GU5rOo5oSP44GP44Gg44GV44GE44CCKTx0YWJsZSB3aWR0aD0iNjAwIiBib3JkZXI9MCBjZWxscGFkZGluZz01IGNlbGxzcGFjaW5nPTAgYmdjb2xvcj0iI0YwRURFNCI+PHRyPjx0ZCBhbGlnbj0iY2VudGVyIiBiZ2NvbG9yPSIjQkJBMDRFIj4KPHRhYmxlIHdpZHRoPSI1OTAiIGJvcmRlcj0wIGNlbGxwYWRkaW5nPTIgY2VsbHNwYWNpbmc9MSBiZ2NvbG9yPSIjRjBFREU0IiBzdW1tYXJ5PSIiIHN0eWxlPSJmb250LXNpemU6MTJweDsiPjx0cj48dGQ+44GK44GZ44GZ44KB44Kr44OG44K044Oq44O844CA77ya44CA44Ko44Ki44Kz44Oz44CA44O744CA5Yqg5rm/5Zmo44CA44O744CA5Ya36JS15bqr44CA44O744CA44Ob44OD44OI44Kr44O844Oa44OD44OI44CA44O744CA5biD5Zuj5Lm+54el5qmfPC90ZD48L3RyPjx0cj48dGQgYWxpZ249ImNlbnRlciI+44K044Or44OV44Oc44O844Or44CA44O744CA5o6D6Zmk5qmf44O744Kv44Oq44O844OK44O844CA44O744CA77y077y244Ky44O844Og44CA44O744CA6Zu75rGg44CA44O744CA5YWF6Zu75rGg44O75YWF6Zu75Zmo44CA44O744CA44Op44OD44OU44Oz44Kw6KKLCjwvdGQ+PC90cj48L3RhYmxlPgo8L3RkPjwvdHI+PC90YWJsZT48YnI+,44Kr44OV44Ko44Kk44Oz44Os44K544KzLeODki04UOOAkOeojui+vOOAkSBVQ0Mg44OJ44Oq44OD44OX44Od44OD44OJ44CA44Kr44OV44Kn44Kk44Oz44Os44K544Kz44O844OS44O844CAOOWAi+WFpSBEUklQIFBPRCBb44Kr44OV44Ko44Kk44Oz44Os44K544Kz44OSOFBd44CQ6L+U5ZOB56iu5YilQuOAkeOAkFJDUOOAke+8mkpvc2hpbiB3ZWIg5a626Zu744GoUEPjga7lpKflnovlsILploDlupc=,5a626Zu744OR44K944Kz44OzQVbmqZ/lmajpq5jntJrjgqrjg7zjg4fjgqPjgqrjg5vjg5Pjg7zjgYrjgoLjgaHjgoPjgrLjg7zjg6DpiYTpgZPmqKHlnovmmYLoqIhQQ+ODhuODrOODk+ODrOOCs+ODvOODgOODvOmbkeiyqOaooeWei+WGt+iUteW6q+a0l+a/r+apn+OCqOOCouOCs+ODs2dhbWVob2JieWNvbXB1dGVy44Kr44OV44Ko44Kk44Oz44Os44K544KzLeODki04UOOAkOeojui+vOOAkSBVQ0Mg44OJ44Oq44OD44OX44Od44OD44OJ44CA44Kr44OV44Kn44Kk44Oz44Os44K544Kz44O844OS44O844CAOOWAi+WFpSBEUklQIFBPRCBb44Kr44OV44Ko44Kk44Oz44Os44K544Kz44OSOFBd44CQ6L+U5ZOB56iu5YilQuOAkeOAkFJDUOOAkQ==,5qW95aSpU2hvcCBvZiB0aGUgWWVhciAyMDE2IOe3j+WQiOOCsOODqeODs+ODl+ODquWPl+iznuKYheOAguOCq+ODleOCqOOCpOODs+ODrOOCueOCsy3jg5ItOFDjgJDnqI7ovrzjgJEgVUNDIOODieODquODg+ODl+ODneODg+ODieOAgOOCq+ODleOCp+OCpOODs+ODrOOCueOCs+ODvOODkuODvOOAgDjlgIvlhaUgRFJJUCBQT0QgW+OCq+ODleOCqOOCpOODs+ODrOOCueOCs+ODkjhQXeOAkOi/lOWTgeeoruWIpULjgJHjgJBSQ1DjgJE=[rn]
29-48599,aHR0cDovL3RzaG9wLnIxMHMuanAvamlzbS9jYWJpbmV0LzA2MjIvNDU0OTMwODUzMDI0Ny5qcGc/Zml0aW49NzAwOjcwMA==,MjQwMC4wMDAw,,5a626Zu7ID4g44Kt44OD44OB44Oz5a626Zu7ID4g44Kt44OD44OB44Oz5a626Zu755So44Ki44Kv44K744K144Oq44O844O76YOo5ZOBID4g44Kz44O844OS44O844Oh44O844Kr44O844O744Ko44K544OX44Os44OD44K944Oe44K344Oz55So44Ki44Kv44K744K144Oq44O8,SEItMzAyNOOAkOeojui+vOOAkSDjg5Hjg7zjg6sg44OW44Os44Kk44Kv44K/44Kk44OgIOOCq+ODl+OCu+ODq+OCv+ODr+ODvOOAgDM25YCL55SoIOODjeOCueODrOODieODq+ODgeOCp+OCsOOCueODiOOCq+ODl+OCu+ODq+WwgueUqCBbSEIzMDI0XeOAkOi/lOWTgeeoruWIpUHjgJHjgJBSQ1DjgJE=,5qW95aSpU2hvcCBvZiB0aGUgWWVhciAyMDE2IOe3j+WQiOOCsOODqeODs+ODl+ODquWPl+iznuKYhQ==,5Zyo5bqr54q25rOB77ya5YWl6I235qyh56ys5Ye66I23PGJyPjxicj48YnI+PGZvbnQgY29sb3I9Ymx1ZT7ilqHjgIzov5Tlk4HnqK7liKXjgI3jgavjgaTjgYTjgaboqbPjgZfjgY/jga/jgZPjgaHjgonilqE8L2ZvbnQ+PGJyPjxicj48cD48YnI+PHA+PGJyPuKXhuODieODq+ODgeOCp+OCsOOCueODiOOBruOCq+ODl+OCu+ODq+OCkuecgeOCueODmuODvOOCueOBp+WPjue0jTxicj7il4blkIzmmYLjgaszNuWAi+WPjue0jTxicj48YnI+4pag44CA5LuV44CA5qeY44CA4pagPHVsPjxsaT7mnKzkvZPjgrXjgqTjgrrvvIjntITvvInvvJrluYUyMy4ww5flpaXooYwxMi41w5fpq5jjgZUzMi41Y208L2xpPjxsaT7ph43ph4/vvJrntIQ4MzZnPC9saT48L3VsPjxicj48YnI+PGJyPijigLvjgZPjga7oqqzmmI7mlofjga/mpb3lpKnluILloLTlupfjga7oqJjovInlhoXlrrnjgafjgZnjgIJVUkzjga9odHRwOi8vaXRlbS5yYWt1dGVuLmNvLmpwL2ppc20v44Gn5aeL44G+44KK44G+44GZ44CCVVJM44GM55Ww44Gq44KL6Zqb44Gv44K144Kk44OI44KS5Yip55So44GZ44KL44GT44Go44Gu44Gq44GE44KI44GG5Y2B5YiG44GU5rOo5oSP44GP44Gg44GV44GE44CCKTx0YWJsZSB3aWR0aD0iNjAwIiBib3JkZXI9MCBjZWxscGFkZGluZz01IGNlbGxzcGFjaW5nPTAgYmdjb2xvcj0iI0YwRURFNCI+PHRyPjx0ZCBhbGlnbj0iY2VudGVyIiBiZ2NvbG9yPSIjQkJBMDRFIj4KPHRhYmxlIHdpZHRoPSI1OTAiIGJvcmRlcj0wIGNlbGxwYWRkaW5nPTIgY2VsbHNwYWNpbmc9MSBiZ2NvbG9yPSIjRjBFREU0IiBzdW1tYXJ5PSIiIHN0eWxlPSJmb250LXNpemU6MTJweDsiPjx0cj48dGQ+44GK44GZ44GZ44KB44Kr44OG44K044Oq44O844CA77ya44CA44Ko44Ki44Kz44Oz44CA44O744CA5Yqg5rm/5Zmo44CA44O744CA5Ya36JS15bqr44CA44O744CA44Ob44OD44OI44Kr44O844Oa44OD44OI44CA44O744CA5biD5Zuj5Lm+54el5qmfPC90ZD48L3RyPjx0cj48dGQgYWxpZ249ImNlbnRlciI+44K044Or44OV44Oc44O844Or44CA44O744CA5o6D6Zmk5qmf44O744Kv44Oq44O844OK44O844CA44O744CA77y077y244Ky44O844Og44CA44O744CA6Zu75rGg44CA44O744CA5YWF6Zu75rGg44O75YWF6Zu75Zmo44CA44O744CA44Op44OD44OU44Oz44Kw6KKLCjwvdGQ+PC90cj48L3RhYmxlPgo8L3RkPjwvdHI+PC90YWJsZT48YnI+,SEItMzAyNOOAkOeojui+vOOAkSDjg5Hjg7zjg6sg44OW44Os44Kk44Kv44K/44Kk44OgIOOCq+ODl+OCu+ODq+OCv+ODr+ODvOOAgDM25YCL55SoIOODjeOCueODrOODieODq+ODgeOCp+OCsOOCueODiOOCq+ODl+OCu+ODq+WwgueUqCBbSEIzMDI0XeOAkOi/lOWTgeeoruWIpUHjgJHjgJBSQ1DjgJHvvJpKb3NoaW4gd2ViIOWutumbu+OBqFBD44Gu5aSn5Z6L5bCC6ZaA5bqX,5a626Zu744OR44K944Kz44OzQVbmqZ/lmajpq5jntJrjgqrjg7zjg4fjgqPjgqrjg5vjg5Pjg7zjgYrjgoLjgaHjgoPjgrLjg7zjg6DpiYTpgZPmqKHlnovmmYLoqIhQQ+ODhuODrOODk+ODrOOCs+ODvOODgOODvOmbkeiyqOaooeWei+WGt+iUteW6q+a0l+a/r+apn+OCqOOCouOCs+ODs2dhbWVob2JieWNvbXB1dGVySEItMzAyNOOAkOeojui+vOOAkSDjg5Hjg7zjg6sg44OW44Os44Kk44Kv44K/44Kk44OgIOOCq+ODl+OCu+ODq+OCv+ODr+ODvOOAgDM25YCL55SoIOODjeOCueODrOODieODq+ODgeOCp+OCsOOCueODiOOCq+ODl+OCu+ODq+WwgueUqCBbSEIzMDI0XeOAkOi/lOWTgeeoruWIpUHjgJHjgJBSQ1DjgJE=,5qW95aSpU2hvcCBvZiB0aGUgWWVhciAyMDE2IOe3j+WQiOOCsOODqeODs+ODl+ODquWPl+iznuKYheOAgkhCLTMwMjTjgJDnqI7ovrzjgJEg44OR44O844OrIOODluODrOOCpOOCr+OCv+OCpOODoCDjgqvjg5fjgrvjg6vjgr/jg6/jg7zjgIAzNuWAi+eUqCDjg43jgrnjg6zjg4njg6vjg4HjgqfjgrDjgrnjg4jjgqvjg5fjgrvjg6vlsILnlKggW0hCMzAyNF3jgJDov5Tlk4HnqK7liKVB44CR44CQUkNQ44CR[rn]
29-48600,aHR0cDovL3RzaG9wLnIxMHMuanAvamlzbS9jYWJpbmV0LzA0MjEvNDkwMTIwMTExMzgyNi5qcGc/Zml0aW49NzAwOjcwMA==,NjgwLjAwMDA=,,5a626Zu7ID4g44Kt44OD44OB44Oz5a626Zu7ID4g44Kt44OD44OB44Oz5a626Zu755So44Ki44Kv44K744K144Oq44O844O76YOo5ZOBID4g44Kz44O844OS44O844Oh44O844Kr44O844O744Ko44K544OX44Os44OD44K944Oe44K344Oz55So44Ki44Kv44K744K144Oq44O8,44Ko44OZ44Os44K544OI44Oe44Km44Oz44OG44Oz44OW44Os44Oz44OJOFDjgJDnqI7ovrzjgJEgVUNDIOODieODquODg+ODl+ODneODg+ODieOAgOOCqOODmeODrOOCueODiOODnuOCpuODs+ODhuODs+ODluODrOODs+ODieOAgDjlgIvlhaUgRFJJUCBQT0QgW+OCqOODmeODrOOCueODiOODnuOCpuODs+ODhuODs+ODluODrOODs+ODiThQXeOAkOi/lOWTgeeoruWIpULjgJHjgJBSQ1DjgJE=,5qW95aSpU2hvcCBvZiB0aGUgWWVhciAyMDE2IOe3j+WQiOOCsOODqeODs+ODl+ODquWPl+iznuKYhQ==,5Zyo5bqr54q25rOB77ya5YWl6I235qyh56ys5Ye66I23PGJyPjxicj48YnI+PGZvbnQgY29sb3I9Ymx1ZT7ilqHjgIzov5Tlk4HnqK7liKXjgI3jgavjgaTjgYTjgaboqbPjgZfjgY/jga/jgZPjgaHjgonilqE8L2ZvbnQ+PGJyPjxicj48cD48YnI+PHA+PGZvbnQgY29sb3I9InJlZCI+5pys6KO95ZOB44Gv44CB44OJ44Oq44OD44OX44Od44OD44OJ44G+44Gf44Gv44Ko44Kz44Od44OD44OJ5oq95Ye65qmf44Gn44Gu44G/44GU5Yip55So44GE44Gf44Gg44GR44G+44GZ44CCPC9mb250Pjxicj48YnI+PEI+PGZvbnQgY29sb3I9Qmx1ZT7il4bjg4njg6rjg4Pjg5fjg53jg4Pjg4njgajjga88L2ZvbnQ+PC9CPjxicj7kuJbnlYzjga7jgrnjg5rjgrfjg6Pjg6vjg4bjgqPjgrPjg7zjg5Ljg7zjgpIx5p2v44GL44KJ5omL6Lu944Gr44CCPGJyPjHmna/liIbjgZrjgaTlr4blsIHjg5Hjg4Pjgq/jgZXjgozjgabjgYTjgovjga7jgafjgIHngpLjgornq4vjgabmjL3jgY3jgZ/jgabjga7jgYrjgYTjgZfjgZXjgpLjgYTjgaTjgafjgoLlkbPjgo/jgYbjgZPjgajjgYzjgafjgY3jgb7jgZnjgIIgPGJyPjxicj7il4bkuJbnlYzmnIDpq5jls7Djgqjjg5njg6zjgrnjg4jjga7lsbHpupPjgafmoL3ln7njgZXjgozjgZ/jgIHjg43jg5Hjg7zjg6vnlKPjgrPjg7zjg5Ljg7zjgpLjg5bjg6zjg7Pjg4njgII8YnI+4peG44Ko44OZ44Os44K544OI44Gu6Zuq6Kej44GR5rC044GM44Kz44O844OS44O85qC95Z+544Gr5Yip55So44GV44KM44Gm44GE44G+44GZ44CCPGJyPuKXhuW4jOWwkeaAp+OBjOmrmOOBj+OAgeOBmeOBo+OBjeOCiuOBqOOBl+OBn+WRs+OCj+OBhOOBp+OBmeOAgjxicj7il4Y45YCL5YWlPGJyPjxicj48YnI+PGJyPjxicj4o4oC744GT44Gu6Kqs5piO5paH44Gv5qW95aSp5biC5aC05bqX44Gu6KiY6LyJ5YaF5a6544Gn44GZ44CCVVJM44GvaHR0cDovL2l0ZW0ucmFrdXRlbi5jby5qcC9qaXNtL+OBp+Wni+OBvuOCiuOBvuOBmeOAglVSTOOBjOeVsOOBquOCi+mam+OBr+OCteOCpOODiOOCkuWIqeeUqOOBmeOCi+OBk+OBqOOBruOBquOBhOOCiOOBhuWNgeWIhuOBlOazqOaEj+OBj+OBoOOBleOBhOOAgik8dGFibGUgd2lkdGg9IjYwMCIgYm9yZGVyPTAgY2VsbHBhZGRpbmc9NSBjZWxsc3BhY2luZz0wIGJnY29sb3I9IiNGMEVERTQiPjx0cj48dGQgYWxpZ249ImNlbnRlciIgYmdjb2xvcj0iI0JCQTA0RSI+Cjx0YWJsZSB3aWR0aD0iNTkwIiBib3JkZXI9MCBjZWxscGFkZGluZz0yIGNlbGxzcGFjaW5nPTEgYmdjb2xvcj0iI0YwRURFNCIgc3VtbWFyeT0iIiBzdHlsZT0iZm9udC1zaXplOjEycHg7Ij48dHI+PHRkPuOBiuOBmeOBmeOCgeOCq+ODhuOCtOODquODvOOAgO+8muOAgOOCqOOCouOCs+ODs+OAgOODu+OAgOWKoOa5v+WZqOOAgOODu+OAgOWGt+iUteW6q+OAgOODu+OAgOODm+ODg+ODiOOCq+ODvOODmuODg+ODiOOAgOODu+OAgOW4g+Wbo+S5vueHpeapnzwvdGQ+PC90cj48dHI+PHRkIGFsaWduPSJjZW50ZXIiPuOCtOODq+ODleODnOODvOODq+OAgOODu+OAgOaOg+mZpOapn+ODu+OCr+ODquODvOODiuODvOOAgOODu+OAgO+8tO+8tuOCsuODvOODoOOAgOODu+OAgOmbu+axoOOAgOODu+OAgOWFhembu+axoOODu+WFhembu+WZqOOAgOODu+OAgOODqeODg+ODlOODs+OCsOiiiwo8L3RkPjwvdHI+PC90YWJsZT4KPC90ZD48L3RyPjwvdGFibGU+PGJyPg==,44Ko44OZ44Os44K544OI44Oe44Km44Oz44OG44Oz44OW44Os44Oz44OJOFDjgJDnqI7ovrzjgJEgVUNDIOODieODquODg+ODl+ODneODg+ODieOAgOOCqOODmeODrOOCueODiOODnuOCpuODs+ODhuODs+ODluODrOODs+ODieOAgDjlgIvlhaUgRFJJUCBQT0QgW+OCqOODmeODrOOCueODiOODnuOCpuODs+ODhuODs+ODluODrOODs+ODiThQXeOAkOi/lOWTgeeoruWIpULjgJHjgJBSQ1DjgJHvvJpKb3NoaW4gd2ViIOWutumbu+OBqFBD44Gu5aSn5Z6L5bCC6ZaA5bqX,5a626Zu744OR44K944Kz44OzQVbmqZ/lmajpq5jntJrjgqrjg7zjg4fjgqPjgqrjg5vjg5Pjg7zjgYrjgoLjgaHjgoPjgrLjg7zjg6DpiYTpgZPmqKHlnovmmYLoqIhQQ+ODhuODrOODk+ODrOOCs+ODvOODgOODvOmbkeiyqOaooeWei+WGt+iUteW6q+a0l+a/r+apn+OCqOOCouOCs+ODs2dhbWVob2JieWNvbXB1dGVy44Ko44OZ44Os44K544OI44Oe44Km44Oz44OG44Oz44OW44Os44Oz44OJOFDjgJDnqI7ovrzjgJEgVUNDIOODieODquODg+ODl+ODneODg+ODieOAgOOCqOODmeODrOOCueODiOODnuOCpuODs+ODhuODs+ODluODrOODs+ODieOAgDjlgIvlhaUgRFJJUCBQT0QgW+OCqOODmeODrOOCueODiOODnuOCpuODs+ODhuODs+ODluODrOODs+ODiThQXeOAkOi/lOWTgeeoruWIpULjgJHjgJBSQ1DjgJE=,5qW95aSpU2hvcCBvZiB0aGUgWWVhciAyMDE2IOe3j+WQiOOCsOODqeODs+ODl+ODquWPl+iznuKYheOAguOCqOODmeODrOOCueODiOODnuOCpuODs+ODhuODs+ODluODrOODs+ODiThQ44CQ56iO6L6844CRIFVDQyDjg4njg6rjg4Pjg5fjg53jg4Pjg4njgIDjgqjjg5njg6zjgrnjg4jjg57jgqbjg7Pjg4bjg7Pjg5bjg6zjg7Pjg4njgIA45YCL5YWlIERSSVAgUE9EIFvjgqjjg5njg6zjgrnjg4jjg57jgqbjg7Pjg4bjg7Pjg5bjg6zjg7Pjg4k4UF3jgJDov5Tlk4HnqK7liKVC44CR44CQUkNQ44CR[rn]
