17-128199,aHR0cDovL3RzaG9wLnIxMHMuanAvZnpvbmUvY2FiaW5ldC91YTIvMTI5NTI3NS0xN3NzLmpwZz9maXRpbj03MDA6NzAw,NDgwMC4wMDAw,,44K544Od44O844OE44O744Ki44Km44OI44OJ44KiID4g44K544Od44O844OE44Km44Kn44Ki44O744Ki44Kv44K744K144Oq44O8ID4g44K544Od44O844OE55So44Kk44Oz44OK44O8ID4g44Oh44Oz44K644Kk44Oz44OK44O8ID4g44OI44OD44OX44K5,44CQ44Ko44Oz44OI44Oq44O85b2T5bqX5YWo5ZOB44Od44Kk44Oz44OI5pyA5aSnMTDlgI0hISA0LzIy772eNC8yNeOAkeKYhTE3U1Mg44Ki44Oz44OA44O844Ki44O844Oe44O8IENPT0xTV0lUQ0ggRklUVEVEIEhTIFYtTkVDSyAgMTI5NTI3NSDjg6Hjg7Pjgrog44CQ44OS44O844OI44Ku44Ki44CR,,PGZvbnQgY29sb3I9InJlZCI+4oC744GT44Gh44KJ44Gu5ZWG5ZOB44Gv55u05o6l6Lqr44Gr44Gk44GR44KL5ZWG5ZOB44Gn44GZ44Gu44Gn44CBCjxicj7ov5Tlk4Hjg7vkuqTmj5vjga/lm7rjgY/jgYrmlq3jgorjgZXjgZvjgabpoILjgY3jgb7jgZnjgII8L2ZvbnQ+PGJyPjxicj4KCuKWoOODu+S8uOmVt+aAp+OBq+WEquOCjOOBn+eUn+WcsOOCkuS9v+eUqOOAgumrmOOBhOWQuOaxl+mAn+S5vuaAp+OCkuiqh+OCiuOAgeOBguOCieOChuOCi+WLleS9nOOBq+OBiuOBhOOBpuWLleOBjeOChOOBmeOBhOOAgjxicj4K4pag44O76KGj5pyN5YaF6YOo44Gu54m55q6K44OX44Oq44Oz44OI44GM44CB5rGX44Go5L2T5rip44Gr5Y+N5b+c44GX44Gm44CB6Lqr5L2T44KS5Ya35Y2044CC44Ki44K544Oq44O844OI44Gu44Kz44Oz44OH44Kj44K344On44Oz44KS5L+d44Gk44CCPGJyPgrilqDjg7vpgJrmsJfmgKfjgpLpq5jjgoHjgovjgZ/jgoHjgavliIfmm7/pg6jjgavjg6Hjg4Pjgrfjg6XntKDmnZDjgpLkvb/nlKjjgII8YnI+CuKWoGhlYXRnZWFyL0ZJVFRFRC9DT09MU1dJVENIPGJyPgrilqBVQSBETkHvvJrmsLTliIbjgrPjg7Pjg4jjg63jg7zjg6svNOOCpuOCp+OCpOOCueODiOODrOODg+ODgS/mipfoj4zpmLLoh60v57Sr5aSW57ea44OX44Ot44OG44Kv44OIL+mAmuawl+aApy/jg5Xjg6njg4Pjg4jjg63jg4Pjgq/jgrfjg7zjg6A8YnI+CuKWoEZBQlJJQyBURUNI77ya44Od44Oq44Ko44K544OG44OrOTIlL+ODneODquOCpuODrOOCv+ODszglPGJyPgrilqBTSVpFU++8mlNNL01EL0xHL1hML1hYTCBKQVBBTuOCteOCpOOCujxicj48YnI+,44CQ44Ko44Oz44OI44Oq44O85b2T5bqX5YWo5ZOB44Od44Kk44Oz44OI5pyA5aSnMTDlgI0hISA0LzIy772eNC8yNeOAkeKYhTE3U1Mg44Ki44Oz44OA44O844Ki44O844Oe44O8IENPT0xTV0lUQ0ggRklUVEVEIEhTIFYtTkVDSyAgMTI5NTI3NSDjg6Hjg7Pjgrog44CQ44OS44O844OI44Ku44Ki44CR77yaRlpPTkXjgrnjg53jg7zjg4Q=,6YCa5L+h6LKp5aOy6YCa6LKp44K344On44OD44OU44Oz44Kw44Kq44Oz44Op44Kk44Oz44K344On44OD44OU44Oz44Kw6LK344GE54mp44OX44Os44K844Oz44OI44Ku44OV44OI6LSI44KK54mp6LSI562U5ZOB44GK5Lit5YWD44GK5q2z5pqu44GK6LK344GE5b6X44K544Od44O844OEc3BvcnRz44OV44Kj44OD44OI44ON44K544K444Og6YOo5rS76YCa5a2m44Ki44Km44OI44OJ44Ki44K544Kk44Og44K144OD44Kr44O844OG44OL44K544OQ44Os44O844Oc44O844Or44Ki44OH44Kj44OA44K5YWRpZGFz44OK44Kk44KtTklLReODl+ODvOODnlBVTUHjg6rjg7zjg5zjg4Pjgq9SZWVib2vjg5Ljg6Xjg7Pjg6Hjg6todW1tZWzjgqLjgrfjg4Pjgq/jgrlhc2ljc+ODn+OCuuODjk1JWlVOT+ODq+OCs+ODg+OCr2xlIGNvcSBzcG9ydGlm44OH44K144Oz44OIREVTQ0VOVEXjgqLjg7Pjg5bjg61VTUJST+OCouODs+ODgOODvOOCouODvOODnuODvFVOREVSIEFSTU9VUuODqOODjeODg+OCr+OCuVlPTkVY44Kr44OD44ORa2FwcGHjg4Djg7Pjgrnjgq3jg7NEQU5TS0lO44K444O844OV44Kj44OD44OIRy1GSVTjgrjjgqfjg7zjg7Pjgrnjgr/jgqTjg6tKYW5lc3R5bGXjg4fjgqPjg7zjgqjjg4zjgqjjgrlETlPjgrbjg5DjgrlTQVZBU+ODrOODvOOCtuODvOODk+ODvOODoGxhemVyYmVhbeOCueOCr+OCueOCr1NVS1VTS1XjgqLjg4njg5/jg6njg6tBZG1pcmFs44OZ44OB44Ol44OpQmV0dWxh44K/44K/44OfVEFUQU1J44OR44Op44OH44Kj44Km44OgUEFMTEFESVVN44Kz44Oz44OQ44O844K5Q09OVkVSU0Xjg5Pjg6vjgrHjg7Pjgrfjg6Xjg4jjg4Pjgq9CSVJLRU5TVE9DS+OCq+ODq+ODlUtBUkhV44OL44Ol44O844OQ44Op44Oz44K5TmV3IEJhbGFuY2XjgrnjgrHjg4Pjg4Hjg6Pjg7zjgrpTS0VDSEVSU+ODhOOCp+ODj1plaGHjgq/jg6njg7zjgq/jgrljbGFya3Pjg53jg60g44Op44Or44OV44Ot44O844Os44OzUG9sbyBSYWxwaExhdXJlbuODouODs+ODmeODq21vbnQtYmVsbOODmOODquODvOODj+ODs+OCu+ODs0hFTExZIEhBTlNFTuODnuODvOODouODg+ODiE1hcm1vdOODreOCtOOCuUxPR09T44Kt44Oj44OX44OG44Oz44K544K/44OD44KwQ0FQVEFJTiBTVEFH44Ko44Oe44O844K444Kn44Oz44K344O844K+44O844OzRU1FUkdFTkNZIFpPTkXjg4njg4Pjg5rjg6vjgq7jg6Pjg7Pjgqzjg7xET1BQRUxHQU5HRVLjgrXjg63jg6Ljg7NTYWxvbW9u44Kt44O844OzS0VFTuOCs+ODreODs+ODk+OCokNvbHVtYmlh44Oh44Os44OrTUVSUkVMTOODhuOCo+ODs+ODkOODg+OCrzJUSU1CVUsy44Kz44Op44Oz44OI44OD44OGQ29sYW50b3R0ZeODleOCoeOCpOODhuODs3BoaXRlbuOCteODvOODouOCuVRIRVJNT1Pjgrnjg6/jg7PjgrpTV0FOU+OCquODvOOCr+ODquODvE9BS0xFWeOCqOODl+OCveODs0VQU09O44K944O844OeU09NQeOCueODs+ODiFNVVU5UT+OCq+OCt+OCqkNBU0lP44K744Kk44Kz44O8U0VJS0/jgrbjg6Djgrnjg4haQU1TVOODquOCrOODvOODiVJFR1VBUkTjgr3jg5Xjgr3jg7zjg6tTT0ZTT0xF44K944Or44OcU09SQk/jgqTjg7Pjg5fjg6njgrlJbXBsdXPjg5XjgqHjgqTjg4bjg7NQaGl0ZW7jg57jgq/jg4Djg5Pjg4Pjg4lNY0Rhdmlk44K544Kt44Oz44K6U0tJTlPjgrfjg7zjgrnjg6rjg7zjg5XjgqPjg4Pjg4hDM2ZpdOOCt+OCu+OCpOOCueODiOOCuOODo+ODvOOCuOOCpuOCpOODs+ODieODluODrOODvOOCq+ODvOS4iuS4i+OCu+ODg+ODiOODreODvOODqeODvOOCt+ODpeODvOOCuuODkuODvOODquODvOOCuuOCreODg+OCr+OCueOCseODvOOCv+ODvOODgOODvOODhOOCqOODleOCvuODvOODs+OCueODneODvOODhEZaT05F44K544Od44O844OERlpPTkUgc3BvcnRzRuOCvuODvOODs+OAkOOCqOODs+ODiOODquODvOW9k+W6l+WFqOWTgeODneOCpOODs+ODiOacgOWkpzEw5YCNISEgNC8yMu+9njQvMjXjgJHimIUxN1NTIOOCouODs+ODgOODvOOCouODvOODnuODvCBDT09MU1dJVENIIEZJVFRFRCBIUyBWLU5FQ0sgIDEyOTUyNzUg44Oh44Oz44K6IOOAkOODkuODvOODiOOCruOCouOAkQ==,44CQ44Ko44Oz44OI44Oq44O85b2T5bqX5YWo5ZOB44Od44Kk44Oz44OI5pyA5aSnMTDlgI0hISA0LzIy772eNC8yNeOAkeKYhTE3U1Mg44Ki44Oz44OA44O844Ki44O844Oe44O8IENPT0xTV0lUQ0ggRklUVEVEIEhTIFYtTkVDSyAgMTI5NTI3NSDjg6Hjg7Pjgrog44CQ44OS44O844OI44Ku44Ki44CR[rn]
17-128200,aHR0cDovL3RzaG9wLnIxMHMuanAvZnpvbmUvY2FiaW5ldC91YTIvMTI4OTg5MC0xN3NzLmpwZz9maXRpbj03MDA6NzAw,MzIwMC4wMDAw,,44K544Od44O844OE44O744Ki44Km44OI44OJ44KiID4g44K544Od44O844OE44Km44Kn44Ki44O744Ki44Kv44K744K144Oq44O8ID4g44K544Od44O844OE55So44Kk44Oz44OK44O8ID4g44Oh44Oz44K644Kk44Oz44OK44O8ID4g44OI44OD44OX44K5,44CQ44Ko44Oz44OI44Oq44O85b2T5bqX5YWo5ZOB44Od44Kk44Oz44OI5pyA5aSnMTDlgI0hISA0LzIy772eNC8yNeOAkeKYhTE3U1Mg44Ki44Oz44OA44O844Ki44O844Oe44O8IFVBIFNQT1JUU1RZTEUgQkxPVyBPVVQgTE9HTyBTUyAgMTI4OTg5MCDjg6Hjg7Pjgrog44CQ44OS44O844OI44Ku44Ki44CR,,PGZvbnQgc2l6ZT0iMyIgY29sb3I9InJlZCI+4oC744GT44Gh44KJ44Gu5ZWG5ZOB44Gv55u05o6l6Lqr44Gr44Gk44GR44KL5ZWG5ZOB44Gn44GZ44Gu44Gn44CBCjxicj7ov5Tlk4Hjg7vkuqTmj5vjga/lm7rjgY/jgYrmlq3jgorjgZXjgZvjgabpoILjgY3jgb7jgZnjgII8L2ZvbnQ+PGJyPjxicj4K4pag44O754us6Ieq44Gu44OG44Kv44OO44Ot44K444O844Gr44KI44KK5ZC45rGX6YCf5Lm+5oCn44KS6auY44KB44Gf44CM44OB44Oj44O844K444OJ44Kz44OD44OI44Oz44CN44CCPGJyPgrilqBIZWF0Z2Vhci9MT09TRS9DSEFSR0VEQ09UVE9OPGJyPgrilqBVQSBETkHvvJrmsLTliIbjgrPjg7Pjg4jjg63jg7zjg6svNOOCpuOCp+OCpOOCueODiOODrOODg+ODgS/mipfoj4zpmLLoh60v6LWk5aSW57ea44OX44Ot44OG44Kv44OIL+mAmuawl+aApzxicj4K4pagRkFCUklDIFRFQ0jvvJrjgrPjg4Pjg4jjg7M1NyUv44Od44Oq44Ko44K544OG44OrMzglL+ODneODquOCpuODrOOCv+ODszUlPGJyPgrilqBTSVpFU++8mlNNL01EL0xHL1hML1hYTCBKQVBBTuOCteOCpOOCujxicj48YnI+,44CQ44Ko44Oz44OI44Oq44O85b2T5bqX5YWo5ZOB44Od44Kk44Oz44OI5pyA5aSnMTDlgI0hISA0LzIy772eNC8yNeOAkeKYhTE3U1Mg44Ki44Oz44OA44O844Ki44O844Oe44O8IFVBIFNQT1JUU1RZTEUgQkxPVyBPVVQgTE9HTyBTUyAgMTI4OTg5MCDjg6Hjg7Pjgrog44CQ44OS44O844OI44Ku44Ki44CR77yaRlpPTkXjgrnjg53jg7zjg4Q=,6YCa5L+h6LKp5aOy6YCa6LKp44K344On44OD44OU44Oz44Kw44Kq44Oz44Op44Kk44Oz44K344On44OD44OU44Oz44Kw6LK344GE54mp44OX44Os44K844Oz44OI44Ku44OV44OI6LSI44KK54mp6LSI562U5ZOB44GK5Lit5YWD44GK5q2z5pqu44GK6LK344GE5b6X44K544Od44O844OEc3BvcnRz44OV44Kj44OD44OI44ON44K544K444Og6YOo5rS76YCa5a2m44Ki44Km44OI44OJ44Ki44K544Kk44Og44K144OD44Kr44O844OG44OL44K544OQ44Os44O844Oc44O844Or44Ki44OH44Kj44OA44K5YWRpZGFz44OK44Kk44KtTklLReODl+ODvOODnlBVTUHjg6rjg7zjg5zjg4Pjgq9SZWVib2vjg5Ljg6Xjg7Pjg6Hjg6todW1tZWzjgqLjgrfjg4Pjgq/jgrlhc2ljc+ODn+OCuuODjk1JWlVOT+ODq+OCs+ODg+OCr2xlIGNvcSBzcG9ydGlm44OH44K144Oz44OIREVTQ0VOVEXjgqLjg7Pjg5bjg61VTUJST+OCouODs+ODgOODvOOCouODvOODnuODvFVOREVSIEFSTU9VUuODqOODjeODg+OCr+OCuVlPTkVY44Kr44OD44ORa2FwcGHjg4Djg7Pjgrnjgq3jg7NEQU5TS0lO44K444O844OV44Kj44OD44OIRy1GSVTjgrjjgqfjg7zjg7Pjgrnjgr/jgqTjg6tKYW5lc3R5bGXjg4fjgqPjg7zjgqjjg4zjgqjjgrlETlPjgrbjg5DjgrlTQVZBU+ODrOODvOOCtuODvOODk+ODvOODoGxhemVyYmVhbeOCueOCr+OCueOCr1NVS1VTS1XjgqLjg4njg5/jg6njg6tBZG1pcmFs44OZ44OB44Ol44OpQmV0dWxh44K/44K/44OfVEFUQU1J44OR44Op44OH44Kj44Km44OgUEFMTEFESVVN44Kz44Oz44OQ44O844K5Q09OVkVSU0Xjg5Pjg6vjgrHjg7Pjgrfjg6Xjg4jjg4Pjgq9CSVJLRU5TVE9DS+OCq+ODq+ODlUtBUkhV44OL44Ol44O844OQ44Op44Oz44K5TmV3IEJhbGFuY2XjgrnjgrHjg4Pjg4Hjg6Pjg7zjgrpTS0VDSEVSU+ODhOOCp+ODj1plaGHjgq/jg6njg7zjgq/jgrljbGFya3Pjg53jg60g44Op44Or44OV44Ot44O844Os44OzUG9sbyBSYWxwaExhdXJlbuODouODs+ODmeODq21vbnQtYmVsbOODmOODquODvOODj+ODs+OCu+ODs0hFTExZIEhBTlNFTuODnuODvOODouODg+ODiE1hcm1vdOODreOCtOOCuUxPR09T44Kt44Oj44OX44OG44Oz44K544K/44OD44KwQ0FQVEFJTiBTVEFH44Ko44Oe44O844K444Kn44Oz44K344O844K+44O844OzRU1FUkdFTkNZIFpPTkXjg4njg4Pjg5rjg6vjgq7jg6Pjg7Pjgqzjg7xET1BQRUxHQU5HRVLjgrXjg63jg6Ljg7NTYWxvbW9u44Kt44O844OzS0VFTuOCs+ODreODs+ODk+OCokNvbHVtYmlh44Oh44Os44OrTUVSUkVMTOODhuOCo+ODs+ODkOODg+OCrzJUSU1CVUsy44Kz44Op44Oz44OI44OD44OGQ29sYW50b3R0ZeODleOCoeOCpOODhuODs3BoaXRlbuOCteODvOODouOCuVRIRVJNT1Pjgrnjg6/jg7PjgrpTV0FOU+OCquODvOOCr+ODquODvE9BS0xFWeOCqOODl+OCveODs0VQU09O44K944O844OeU09NQeOCueODs+ODiFNVVU5UT+OCq+OCt+OCqkNBU0lP44K744Kk44Kz44O8U0VJS0/jgrbjg6Djgrnjg4haQU1TVOODquOCrOODvOODiVJFR1VBUkTjgr3jg5Xjgr3jg7zjg6tTT0ZTT0xF44K944Or44OcU09SQk/jgqTjg7Pjg5fjg6njgrlJbXBsdXPjg5XjgqHjgqTjg4bjg7NQaGl0ZW7jg57jgq/jg4Djg5Pjg4Pjg4lNY0Rhdmlk44K544Kt44Oz44K6U0tJTlPjgrfjg7zjgrnjg6rjg7zjg5XjgqPjg4Pjg4hDM2ZpdOOCt+OCu+OCpOOCueODiOOCuOODo+ODvOOCuOOCpuOCpOODs+ODieODluODrOODvOOCq+ODvOS4iuS4i+OCu+ODg+ODiOODreODvOODqeODvOOCt+ODpeODvOOCuuODkuODvOODquODvOOCuuOCreODg+OCr+OCueOCseODvOOCv+ODvOODgOODvOODhOOCqOODleOCvuODvOODs+OCueODneODvOODhEZaT05F44K544Od44O844OERlpPTkUgc3BvcnRzRuOCvuODvOODs+OAkOOCqOODs+ODiOODquODvOW9k+W6l+WFqOWTgeODneOCpOODs+ODiOacgOWkpzEw5YCNISEgNC8yMu+9njQvMjXjgJHimIUxN1NTIOOCouODs+ODgOODvOOCouODvOODnuODvCBVQSBTUE9SVFNUWUxFIEJMT1cgT1VUIExPR08gU1MgIDEyODk4OTAg44Oh44Oz44K6IOOAkOODkuODvOODiOOCruOCouOAkQ==,44CQ44Ko44Oz44OI44Oq44O85b2T5bqX5YWo5ZOB44Od44Kk44Oz44OI5pyA5aSnMTDlgI0hISA0LzIy772eNC8yNeOAkeKYhTE3U1Mg44Ki44Oz44OA44O844Ki44O844Oe44O8IFVBIFNQT1JUU1RZTEUgQkxPVyBPVVQgTE9HTyBTUyAgMTI4OTg5MCDjg6Hjg7Pjgrog44CQ44OS44O844OI44Ku44Ki44CR[rn]
17-128201,aHR0cDovL3RzaG9wLnIxMHMuanAvZnpvbmUvY2FiaW5ldC91YTIvMTI4OTU3Mi0xN3NzLmpwZz9maXRpbj03MDA6NzAw,NDQwMC4wMDAw,,44K544Od44O844OE44O744Ki44Km44OI44OJ44KiID4g44K544Od44O844OE44Km44Kn44Ki44O744Ki44Kv44K744K144Oq44O8ID4g44K544Od44O844OE55So44Kk44Oz44OK44O8ID4g44Oh44Oz44K644Kk44Oz44OK44O8ID4g44OI44OD44OX44K5,44CQ44Ko44Oz44OI44Oq44O85b2T5bqX5YWo5ZOB44Od44Kk44Oz44OI5pyA5aSnMTDlgI0hISA0LzIy772eNC8yNeOAkeKYhTE3U1Mg44Ki44Oz44OA44O844Ki44O844Oe44O8IENPT0xTV0lUQ0ggQ09NUFJFU1NJT04gU0hPUlQgIDEyODk1NzIg44Oh44Oz44K6IOOAkOODkuODvOODiOOCruOCouOAkQ==,,PGZvbnQgY29sb3I9InJlZCI+4oC744GT44Gh44KJ44Gu5ZWG5ZOB44Gv55u05o6l6Lqr44Gr44Gk44GR44KL5ZWG5ZOB44Gn44GZ44Gu44Gn44CBCjxicj7ov5Tlk4Hjg7vkuqTmj5vjga/lm7rjgY/jgYrmlq3jgorjgZXjgZvjgabpoILjgY3jgb7jgZnjgII8L2ZvbnQ+PGJyPjxicj4KCuKWoOODu+S8uOmVt+aAp+OBq+WEquOCjOOBn+eUn+WcsOOCkuS9v+eUqOOAgumrmOOBhOWQuOaxl+mAn+S5vuaAp+OCkuiqh+OCiuOAgeOBguOCieOChuOCi+WLleS9nOOBq+OBiuOBhOOBpuWLleOBjeOChOOBmeOBhOOAgjxicj4K4pag44O76KGj5pyN5YaF6YOo44Gu54m55q6K44OX44Oq44Oz44OI44GM44CB5rGX44Go5L2T5rip44Gr5Y+N5b+c44GX44Gm44CB6Lqr5L2T44KS5Ya35Y2044CC44Ki44K544Oq44O844OI44Gu44Kz44Oz44OH44Kj44K344On44Oz44KS5L+d44Gk44CCPGJyPgrilqBoZWF0Z2Vhci9DT01SRVNTSU9OL0NPT0xTV0lUQ0g8YnI+PGJyPg==,44CQ44Ko44Oz44OI44Oq44O85b2T5bqX5YWo5ZOB44Od44Kk44Oz44OI5pyA5aSnMTDlgI0hISA0LzIy772eNC8yNeOAkeKYhTE3U1Mg44Ki44Oz44OA44O844Ki44O844Oe44O8IENPT0xTV0lUQ0ggQ09NUFJFU1NJT04gU0hPUlQgIDEyODk1NzIg44Oh44Oz44K6IOOAkOODkuODvOODiOOCruOCouOAke+8mkZaT05F44K544Od44O844OE,6YCa5L+h6LKp5aOy6YCa6LKp44K344On44OD44OU44Oz44Kw44Kq44Oz44Op44Kk44Oz44K344On44OD44OU44Oz44Kw6LK344GE54mp44OX44Os44K844Oz44OI44Ku44OV44OI6LSI44KK54mp6LSI562U5ZOB44GK5Lit5YWD44GK5q2z5pqu44GK6LK344GE5b6X44K544Od44O844OEc3BvcnRz44OV44Kj44OD44OI44ON44K544K444Og6YOo5rS76YCa5a2m44Ki44Km44OI44OJ44Ki44K544Kk44Og44K144OD44Kr44O844OG44OL44K544OQ44Os44O844Oc44O844Or44Ki44OH44Kj44OA44K5YWRpZGFz44OK44Kk44KtTklLReODl+ODvOODnlBVTUHjg6rjg7zjg5zjg4Pjgq9SZWVib2vjg5Ljg6Xjg7Pjg6Hjg6todW1tZWzjgqLjgrfjg4Pjgq/jgrlhc2ljc+ODn+OCuuODjk1JWlVOT+ODq+OCs+ODg+OCr2xlIGNvcSBzcG9ydGlm44OH44K144Oz44OIREVTQ0VOVEXjgqLjg7Pjg5bjg61VTUJST+OCouODs+ODgOODvOOCouODvOODnuODvFVOREVSIEFSTU9VUuODqOODjeODg+OCr+OCuVlPTkVY44Kr44OD44ORa2FwcGHjg4Djg7Pjgrnjgq3jg7NEQU5TS0lO44K444O844OV44Kj44OD44OIRy1GSVTjgrjjgqfjg7zjg7Pjgrnjgr/jgqTjg6tKYW5lc3R5bGXjg4fjgqPjg7zjgqjjg4zjgqjjgrlETlPjgrbjg5DjgrlTQVZBU+ODrOODvOOCtuODvOODk+ODvOODoGxhemVyYmVhbeOCueOCr+OCueOCr1NVS1VTS1XjgqLjg4njg5/jg6njg6tBZG1pcmFs44OZ44OB44Ol44OpQmV0dWxh44K/44K/44OfVEFUQU1J44OR44Op44OH44Kj44Km44OgUEFMTEFESVVN44Kz44Oz44OQ44O844K5Q09OVkVSU0Xjg5Pjg6vjgrHjg7Pjgrfjg6Xjg4jjg4Pjgq9CSVJLRU5TVE9DS+OCq+ODq+ODlUtBUkhV44OL44Ol44O844OQ44Op44Oz44K5TmV3IEJhbGFuY2XjgrnjgrHjg4Pjg4Hjg6Pjg7zjgrpTS0VDSEVSU+ODhOOCp+ODj1plaGHjgq/jg6njg7zjgq/jgrljbGFya3Pjg53jg60g44Op44Or44OV44Ot44O844Os44OzUG9sbyBSYWxwaExhdXJlbuODouODs+ODmeODq21vbnQtYmVsbOODmOODquODvOODj+ODs+OCu+ODs0hFTExZIEhBTlNFTuODnuODvOODouODg+ODiE1hcm1vdOODreOCtOOCuUxPR09T44Kt44Oj44OX44OG44Oz44K544K/44OD44KwQ0FQVEFJTiBTVEFH44Ko44Oe44O844K444Kn44Oz44K344O844K+44O844OzRU1FUkdFTkNZIFpPTkXjg4njg4Pjg5rjg6vjgq7jg6Pjg7Pjgqzjg7xET1BQRUxHQU5HRVLjgrXjg63jg6Ljg7NTYWxvbW9u44Kt44O844OzS0VFTuOCs+ODreODs+ODk+OCokNvbHVtYmlh44Oh44Os44OrTUVSUkVMTOODhuOCo+ODs+ODkOODg+OCrzJUSU1CVUsy44Kz44Op44Oz44OI44OD44OGQ29sYW50b3R0ZeODleOCoeOCpOODhuODs3BoaXRlbuOCteODvOODouOCuVRIRVJNT1Pjgrnjg6/jg7PjgrpTV0FOU+OCquODvOOCr+ODquODvE9BS0xFWeOCqOODl+OCveODs0VQU09O44K944O844OeU09NQeOCueODs+ODiFNVVU5UT+OCq+OCt+OCqkNBU0lP44K744Kk44Kz44O8U0VJS0/jgrbjg6Djgrnjg4haQU1TVOODquOCrOODvOODiVJFR1VBUkTjgr3jg5Xjgr3jg7zjg6tTT0ZTT0xF44K944Or44OcU09SQk/jgqTjg7Pjg5fjg6njgrlJbXBsdXPjg5XjgqHjgqTjg4bjg7NQaGl0ZW7jg57jgq/jg4Djg5Pjg4Pjg4lNY0Rhdmlk44K544Kt44Oz44K6U0tJTlPjgrfjg7zjgrnjg6rjg7zjg5XjgqPjg4Pjg4hDM2ZpdOOCt+OCu+OCpOOCueODiOOCuOODo+ODvOOCuOOCpuOCpOODs+ODieODluODrOODvOOCq+ODvOS4iuS4i+OCu+ODg+ODiOODreODvOODqeODvOOCt+ODpeODvOOCuuODkuODvOODquODvOOCuuOCreODg+OCr+OCueOCseODvOOCv+ODvOODgOODvOODhOOCqOODleOCvuODvOODs+OCueODneODvOODhEZaT05F44K544Od44O844OERlpPTkUgc3BvcnRzRuOCvuODvOODs+OAkOOCqOODs+ODiOODquODvOW9k+W6l+WFqOWTgeODneOCpOODs+ODiOacgOWkpzEw5YCNISEgNC8yMu+9njQvMjXjgJHimIUxN1NTIOOCouODs+ODgOODvOOCouODvOODnuODvCBDT09MU1dJVENIIENPTVBSRVNTSU9OIFNIT1JUICAxMjg5NTcyIOODoeODs+OCuiDjgJDjg5Ljg7zjg4jjgq7jgqLjgJE=,44CQ44Ko44Oz44OI44Oq44O85b2T5bqX5YWo5ZOB44Od44Kk44Oz44OI5pyA5aSnMTDlgI0hISA0LzIy772eNC8yNeOAkeKYhTE3U1Mg44Ki44Oz44OA44O844Ki44O844Oe44O8IENPT0xTV0lUQ0ggQ09NUFJFU1NJT04gU0hPUlQgIDEyODk1NzIg44Oh44Oz44K6IOOAkOODkuODvOODiOOCruOCouOAkQ==[rn]
17-128202,aHR0cDovL3RzaG9wLnIxMHMuanAvZnpvbmUvY2FiaW5ldC91YTIvMTI5MDMzNi0xN3NzLmpwZz9maXRpbj03MDA6NzAw,MzUyMC4wMDAw,,44K544Od44O844OE44O744Ki44Km44OI44OJ44KiID4g44K544Od44O844OE44Km44Kn44Ki44O744Ki44Kv44K744K144Oq44O8ID4g44K544Od44O844OE55So44Kk44Oz44OK44O8ID4g44Oh44Oz44K644Kk44Oz44OK44O8ID4g44OI44OD44OX44K5,44CQ44Ko44Oz44OI44Oq44O85b2T5bqX5YWo5ZOB44Od44Kk44Oz44OI5pyA5aSnMTDlgI0hISA0LzIy772eNC8yNeOAkeKYhTE3U1Mg44Ki44Oz44OA44O844Ki44O844Oe44O8IFVBIFdPUkRNQVJLIFRIUkVBREJPUk5FIFNTICAxMjkwMzM2IOODoeODs+OCuiDjgJDjg5Ljg7zjg4jjgq7jgqLjgJE=,,PGZvbnQgc2l6ZT0iMyIgY29sb3I9InJlZCI+4oC744GT44Gh44KJ44Gu5ZWG5ZOB44Gv55u05o6l6Lqr44Gr44Gk44GR44KL5ZWG5ZOB44Gn44GZ44Gu44Gn44CBCjxicj7ov5Tlk4Hjg7vkuqTmj5vjga/lm7rjgY/jgYrmlq3jgorjgZXjgZvjgabpoILjgY3jgb7jgZnjgII8L2ZvbnQ+PGJyPjxicj4K4pagaGVhdGdlYXIvTE9PU0U8YnI+CuKWoFVBIEROQe+8muawtOWIhuOCs+ODs+ODiOODreODvOODqy/mipfoj4zpmLLoh608YnI+CuKWoEZBQlJJQyBURUNI77ya44Od44Oq44Ko44K544OG44OrMTAwJTxicj4K4pagU0laRVPvvJpTTS9NRC9MRy9YTC9YWEwvM1hMIEpBUEFO44K144Kk44K6PGJyPjxicj4=,44CQ44Ko44Oz44OI44Oq44O85b2T5bqX5YWo5ZOB44Od44Kk44Oz44OI5pyA5aSnMTDlgI0hISA0LzIy772eNC8yNeOAkeKYhTE3U1Mg44Ki44Oz44OA44O844Ki44O844Oe44O8IFVBIFdPUkRNQVJLIFRIUkVBREJPUk5FIFNTICAxMjkwMzM2IOODoeODs+OCuiDjgJDjg5Ljg7zjg4jjgq7jgqLjgJHvvJpGWk9OReOCueODneODvOODhA==,6YCa5L+h6LKp5aOy6YCa6LKp44K344On44OD44OU44Oz44Kw44Kq44Oz44Op44Kk44Oz44K344On44OD44OU44Oz44Kw6LK344GE54mp44OX44Os44K844Oz44OI44Ku44OV44OI6LSI44KK54mp6LSI562U5ZOB44GK5Lit5YWD44GK5q2z5pqu44GK6LK344GE5b6X44K544Od44O844OEc3BvcnRz44OV44Kj44OD44OI44ON44K544K444Og6YOo5rS76YCa5a2m44Ki44Km44OI44OJ44Ki44K544Kk44Og44K144OD44Kr44O844OG44OL44K544OQ44Os44O844Oc44O844Or44Ki44OH44Kj44OA44K5YWRpZGFz44OK44Kk44KtTklLReODl+ODvOODnlBVTUHjg6rjg7zjg5zjg4Pjgq9SZWVib2vjg5Ljg6Xjg7Pjg6Hjg6todW1tZWzjgqLjgrfjg4Pjgq/jgrlhc2ljc+ODn+OCuuODjk1JWlVOT+ODq+OCs+ODg+OCr2xlIGNvcSBzcG9ydGlm44OH44K144Oz44OIREVTQ0VOVEXjgqLjg7Pjg5bjg61VTUJST+OCouODs+ODgOODvOOCouODvOODnuODvFVOREVSIEFSTU9VUuODqOODjeODg+OCr+OCuVlPTkVY44Kr44OD44ORa2FwcGHjg4Djg7Pjgrnjgq3jg7NEQU5TS0lO44K444O844OV44Kj44OD44OIRy1GSVTjgrjjgqfjg7zjg7Pjgrnjgr/jgqTjg6tKYW5lc3R5bGXjg4fjgqPjg7zjgqjjg4zjgqjjgrlETlPjgrbjg5DjgrlTQVZBU+ODrOODvOOCtuODvOODk+ODvOODoGxhemVyYmVhbeOCueOCr+OCueOCr1NVS1VTS1XjgqLjg4njg5/jg6njg6tBZG1pcmFs44OZ44OB44Ol44OpQmV0dWxh44K/44K/44OfVEFUQU1J44OR44Op44OH44Kj44Km44OgUEFMTEFESVVN44Kz44Oz44OQ44O844K5Q09OVkVSU0Xjg5Pjg6vjgrHjg7Pjgrfjg6Xjg4jjg4Pjgq9CSVJLRU5TVE9DS+OCq+ODq+ODlUtBUkhV44OL44Ol44O844OQ44Op44Oz44K5TmV3IEJhbGFuY2XjgrnjgrHjg4Pjg4Hjg6Pjg7zjgrpTS0VDSEVSU+ODhOOCp+ODj1plaGHjgq/jg6njg7zjgq/jgrljbGFya3Pjg53jg60g44Op44Or44OV44Ot44O844Os44OzUG9sbyBSYWxwaExhdXJlbuODouODs+ODmeODq21vbnQtYmVsbOODmOODquODvOODj+ODs+OCu+ODs0hFTExZIEhBTlNFTuODnuODvOODouODg+ODiE1hcm1vdOODreOCtOOCuUxPR09T44Kt44Oj44OX44OG44Oz44K544K/44OD44KwQ0FQVEFJTiBTVEFH44Ko44Oe44O844K444Kn44Oz44K344O844K+44O844OzRU1FUkdFTkNZIFpPTkXjg4njg4Pjg5rjg6vjgq7jg6Pjg7Pjgqzjg7xET1BQRUxHQU5HRVLjgrXjg63jg6Ljg7NTYWxvbW9u44Kt44O844OzS0VFTuOCs+ODreODs+ODk+OCokNvbHVtYmlh44Oh44Os44OrTUVSUkVMTOODhuOCo+ODs+ODkOODg+OCrzJUSU1CVUsy44Kz44Op44Oz44OI44OD44OGQ29sYW50b3R0ZeODleOCoeOCpOODhuODs3BoaXRlbuOCteODvOODouOCuVRIRVJNT1Pjgrnjg6/jg7PjgrpTV0FOU+OCquODvOOCr+ODquODvE9BS0xFWeOCqOODl+OCveODs0VQU09O44K944O844OeU09NQeOCueODs+ODiFNVVU5UT+OCq+OCt+OCqkNBU0lP44K744Kk44Kz44O8U0VJS0/jgrbjg6Djgrnjg4haQU1TVOODquOCrOODvOODiVJFR1VBUkTjgr3jg5Xjgr3jg7zjg6tTT0ZTT0xF44K944Or44OcU09SQk/jgqTjg7Pjg5fjg6njgrlJbXBsdXPjg5XjgqHjgqTjg4bjg7NQaGl0ZW7jg57jgq/jg4Djg5Pjg4Pjg4lNY0Rhdmlk44K544Kt44Oz44K6U0tJTlPjgrfjg7zjgrnjg6rjg7zjg5XjgqPjg4Pjg4hDM2ZpdOOCt+OCu+OCpOOCueODiOOCuOODo+ODvOOCuOOCpuOCpOODs+ODieODluODrOODvOOCq+ODvOS4iuS4i+OCu+ODg+ODiOODreODvOODqeODvOOCt+ODpeODvOOCuuODkuODvOODquODvOOCuuOCreODg+OCr+OCueOCseODvOOCv+ODvOODgOODvOODhOOCqOODleOCvuODvOODs+OCueODneODvOODhEZaT05F44K544Od44O844OERlpPTkUgc3BvcnRzRuOCvuODvOODs+OAkOOCqOODs+ODiOODquODvOW9k+W6l+WFqOWTgeODneOCpOODs+ODiOacgOWkpzEw5YCNISEgNC8yMu+9njQvMjXjgJHimIUxN1NTIOOCouODs+ODgOODvOOCouODvOODnuODvCBVQSBXT1JETUFSSyBUSFJFQURCT1JORSBTUyAgMTI5MDMzNiDjg6Hjg7Pjgrog44CQ44OS44O844OI44Ku44Ki44CR,44CQ44Ko44Oz44OI44Oq44O85b2T5bqX5YWo5ZOB44Od44Kk44Oz44OI5pyA5aSnMTDlgI0hISA0LzIy772eNC8yNeOAkeKYhTE3U1Mg44Ki44Oz44OA44O844Ki44O844Oe44O8IFVBIFdPUkRNQVJLIFRIUkVBREJPUk5FIFNTICAxMjkwMzM2IOODoeODs+OCuiDjgJDjg5Ljg7zjg4jjgq7jgqLjgJE=[rn]
17-128203,aHR0cDovL3RzaG9wLnIxMHMuanAvZnpvbmUvY2FiaW5ldC91YTIvMTI5MDE0MC5qcGc/Zml0aW49NzAwOjcwMA==,NDQwMC4wMDAw,,44K544Od44O844OE44O744Ki44Km44OI44OJ44KiID4g44K544Od44O844OE44Km44Kn44Ki44O744Ki44Kv44K744K144Oq44O8ID4g44K544Od44O844OE55So44Kk44Oz44OK44O8ID4g44Oh44Oz44K644Kk44Oz44OK44O8ID4g44OI44OD44OX44K5,44CQ44Ko44Oz44OI44Oq44O85b2T5bqX5YWo5ZOB44Od44Kk44Oz44OI5pyA5aSnMTDlgI0hISA0LzIy772eNC8yNeOAkeKYhTE3U1Mg44Ki44Oz44OA44O844Ki44O844Oe44O8IFVBIFRFQ0ggUE9MTyAgMTI5MDE0MCDjg6Hjg7Pjgrog44CQ44OS44O844OI44Ku44Ki44CR,,PGZvbnQgY29sb3I9InJlZCI+4oC744GT44Gh44KJ44Gu5ZWG5ZOB44Gv55u05o6l6Lqr44Gr44Gk44GR44KL5ZWG5ZOB44Gn44GZ44Gu44Gn44CBCjxicj7ov5Tlk4Hjg7vkuqTmj5vjga/lm7rjgY/jgYrmlq3jgorjgZXjgZvjgabpoILjgY3jgb7jgZnjgII8L2ZvbnQ+PGJyPjxicj4KCuKWoEhlYXRnZWFyL0xPT1NFL1RFQ0g8YnI+CuKWoFVBIEROQe+8muawtOWIhuOCs+ODs+ODiOODreODvOODqy/mipfoj4zpmLLoh608YnI+CuKWoEZBQlJJQyBURUNI77ya44Od44Oq44Ko44K544OG44OrMTAwJTxicj4K4pagU0laRVPvvJpTTS9NRC9MRy9YTC9YWEwgSkFQQU7jgrXjgqTjgro8YnI+PGJyPg==,44CQ44Ko44Oz44OI44Oq44O85b2T5bqX5YWo5ZOB44Od44Kk44Oz44OI5pyA5aSnMTDlgI0hISA0LzIy772eNC8yNeOAkeKYhTE3U1Mg44Ki44Oz44OA44O844Ki44O844Oe44O8IFVBIFRFQ0ggUE9MTyAgMTI5MDE0MCDjg6Hjg7Pjgrog44CQ44OS44O844OI44Ku44Ki44CR77yaRlpPTkXjgrnjg53jg7zjg4Q=,6YCa5L+h6LKp5aOy6YCa6LKp44K344On44OD44OU44Oz44Kw44Kq44Oz44Op44Kk44Oz44K344On44OD44OU44Oz44Kw6LK344GE54mp44OX44Os44K844Oz44OI44Ku44OV44OI6LSI44KK54mp6LSI562U5ZOB44GK5Lit5YWD44GK5q2z5pqu44GK6LK344GE5b6X44K544Od44O844OEc3BvcnRz44OV44Kj44OD44OI44ON44K544K444Og6YOo5rS76YCa5a2m44Ki44Km44OI44OJ44Ki44K544Kk44Og44K144OD44Kr44O844OG44OL44K544OQ44Os44O844Oc44O844Or44Ki44OH44Kj44OA44K5YWRpZGFz44OK44Kk44KtTklLReODl+ODvOODnlBVTUHjg6rjg7zjg5zjg4Pjgq9SZWVib2vjg5Ljg6Xjg7Pjg6Hjg6todW1tZWzjgqLjgrfjg4Pjgq/jgrlhc2ljc+ODn+OCuuODjk1JWlVOT+ODq+OCs+ODg+OCr2xlIGNvcSBzcG9ydGlm44OH44K144Oz44OIREVTQ0VOVEXjgqLjg7Pjg5bjg61VTUJST+OCouODs+ODgOODvOOCouODvOODnuODvFVOREVSIEFSTU9VUuODqOODjeODg+OCr+OCuVlPTkVY44Kr44OD44ORa2FwcGHjg4Djg7Pjgrnjgq3jg7NEQU5TS0lO44K444O844OV44Kj44OD44OIRy1GSVTjgrjjgqfjg7zjg7Pjgrnjgr/jgqTjg6tKYW5lc3R5bGXjg4fjgqPjg7zjgqjjg4zjgqjjgrlETlPjgrbjg5DjgrlTQVZBU+ODrOODvOOCtuODvOODk+ODvOODoGxhemVyYmVhbeOCueOCr+OCueOCr1NVS1VTS1XjgqLjg4njg5/jg6njg6tBZG1pcmFs44OZ44OB44Ol44OpQmV0dWxh44K/44K/44OfVEFUQU1J44OR44Op44OH44Kj44Km44OgUEFMTEFESVVN44Kz44Oz44OQ44O844K5Q09OVkVSU0Xjg5Pjg6vjgrHjg7Pjgrfjg6Xjg4jjg4Pjgq9CSVJLRU5TVE9DS+OCq+ODq+ODlUtBUkhV44OL44Ol44O844OQ44Op44Oz44K5TmV3IEJhbGFuY2XjgrnjgrHjg4Pjg4Hjg6Pjg7zjgrpTS0VDSEVSU+ODhOOCp+ODj1plaGHjgq/jg6njg7zjgq/jgrljbGFya3Pjg53jg60g44Op44Or44OV44Ot44O844Os44OzUG9sbyBSYWxwaExhdXJlbuODouODs+ODmeODq21vbnQtYmVsbOODmOODquODvOODj+ODs+OCu+ODs0hFTExZIEhBTlNFTuODnuODvOODouODg+ODiE1hcm1vdOODreOCtOOCuUxPR09T44Kt44Oj44OX44OG44Oz44K544K/44OD44KwQ0FQVEFJTiBTVEFH44Ko44Oe44O844K444Kn44Oz44K344O844K+44O844OzRU1FUkdFTkNZIFpPTkXjg4njg4Pjg5rjg6vjgq7jg6Pjg7Pjgqzjg7xET1BQRUxHQU5HRVLjgrXjg63jg6Ljg7NTYWxvbW9u44Kt44O844OzS0VFTuOCs+ODreODs+ODk+OCokNvbHVtYmlh44Oh44Os44OrTUVSUkVMTOODhuOCo+ODs+ODkOODg+OCrzJUSU1CVUsy44Kz44Op44Oz44OI44OD44OGQ29sYW50b3R0ZeODleOCoeOCpOODhuODs3BoaXRlbuOCteODvOODouOCuVRIRVJNT1Pjgrnjg6/jg7PjgrpTV0FOU+OCquODvOOCr+ODquODvE9BS0xFWeOCqOODl+OCveODs0VQU09O44K944O844OeU09NQeOCueODs+ODiFNVVU5UT+OCq+OCt+OCqkNBU0lP44K744Kk44Kz44O8U0VJS0/jgrbjg6Djgrnjg4haQU1TVOODquOCrOODvOODiVJFR1VBUkTjgr3jg5Xjgr3jg7zjg6tTT0ZTT0xF44K944Or44OcU09SQk/jgqTjg7Pjg5fjg6njgrlJbXBsdXPjg5XjgqHjgqTjg4bjg7NQaGl0ZW7jg57jgq/jg4Djg5Pjg4Pjg4lNY0Rhdmlk44K544Kt44Oz44K6U0tJTlPjgrfjg7zjgrnjg6rjg7zjg5XjgqPjg4Pjg4hDM2ZpdOOCt+OCu+OCpOOCueODiOOCuOODo+ODvOOCuOOCpuOCpOODs+ODieODluODrOODvOOCq+ODvOS4iuS4i+OCu+ODg+ODiOODreODvOODqeODvOOCt+ODpeODvOOCuuODkuODvOODquODvOOCuuOCreODg+OCr+OCueOCseODvOOCv+ODvOODgOODvOODhOOCqOODleOCvuODvOODs+OCueODneODvOODhEZaT05F44K544Od44O844OERlpPTkUgc3BvcnRzRuOCvuODvOODs+OAkOOCqOODs+ODiOODquODvOW9k+W6l+WFqOWTgeODneOCpOODs+ODiOacgOWkpzEw5YCNISEgNC8yMu+9njQvMjXjgJHimIUxN1NTIOOCouODs+ODgOODvOOCouODvOODnuODvCBVQSBURUNIIFBPTE8gIDEyOTAxNDAg44Oh44Oz44K6IOOAkOODkuODvOODiOOCruOCouOAkQ==,44CQ44Ko44Oz44OI44Oq44O85b2T5bqX5YWo5ZOB44Od44Kk44Oz44OI5pyA5aSnMTDlgI0hISA0LzIy772eNC8yNeOAkeKYhTE3U1Mg44Ki44Oz44OA44O844Ki44O844Oe44O8IFVBIFRFQ0ggUE9MTyAgMTI5MDE0MCDjg6Hjg7Pjgrog44CQ44OS44O844OI44Ku44Ki44CR[rn]
17-128204,aHR0cDovL3RzaG9wLnIxMHMuanAvZnpvbmUvY2FiaW5ldC9mNDgvbmpwLTgyMzMxMy03MDIuanBnP2ZpdGluPTcwMDo3MDA=,MjEwMC4wMDAw,,44K544Od44O844OE44O744Ki44Km44OI44OJ44KiID4g44K544Od44O844OE44Km44Kn44Ki44O744Ki44Kv44K744K144Oq44O8ID4g44K544Od44O844OE55So44Kk44Oz44OK44O8ID4g44Oh44Oz44K644Kk44Oz44OK44O8ID4g44OI44OD44OX44K5,44CQ44Ko44Oz44OI44Oq44O85b2T5bqX5YWo5ZOB44Od44Kk44Oz44OI5pyA5aSnMTDlgI0hISA0LzIy772eNC8yNeOAkeODiuOCpOOCrSDjgrnjg53jg7zjg4Tjg5bjg6njgIDjg5XjgqPjg4Pjg4jjg43jgrkg44K444OgIOODn+ODh+OCo+OCouODoOOCteODneODvOODiCDjg6zjg4fjgqPjg7zjgrkg44Km44Kj44Oh44Oz44K6IOODiuOCpOOCreODl+ODrSA4MjMzMTMtNzAyICBOS0UgMTdTUA==,,44CQ44Oh44O844Kr44O85Y+W44KK5a+E44Gb5ZWG5ZOB44CRPGJyPiDjgZPjgaHjgonjga7llYblk4Hjga/jg6Hjg7zjgqvjg7zmiYvphY3jga7ngrrjgIHlrozlo7Ljga7loLTlkIjjgoLjgZTjgZbjgYTjgb7jgZnjgILlnKjluqvjga7mnInnhKHjg7vntI3mnJ/jga7jgZTpgKPntaHjga/jgZTms6jmloflj5fku5jjg6Hjg7zjg6vjgavjgabjgZTnorroqo3kuIvjgZXjgYTjgII8YnI+PGZvbnQgY29sb3I9InJlZCI+4oC744GT44Gh44KJ44Gu5ZWG5ZOB44Gv55u05o6l6Lqr44Gr44Gk44GR44KL5ZWG5ZOB44Gu44Gf44KB44CBPGJyPui/lOWTgeODu+S6pOaPm+OBr+WbuuOBj+OBiuaWreOCiuOBleOBm+OBpumgguOBjeOBvuOBmeOAgjwvZm9udD48YnI+PGJyPuODrOODh+OCo+OCuTxicj7jg57jg6vjg4HjgqLjgrnjg6wv77y044K344Oj44OEPGJyPuODn+ODh+OCo+OCouODoOOBquOCteODneODvOODiOWKm+OBp+OBguOCieOChuOCi+ODiOODrOODvOODi+ODs+OCsOOBq+WvvuW/nOOAgui7veOBhOODkeODg+ODieWFpeOCiuOBruODluODqeOCq+ODg+ODl+OBjOOAgeODr+ODvOOCr+OCouOCpuODiOOBq+iHquS/oeOCkuaMgeOBo+OBpuWPluOCiue1hOOCgeOCi+OCq+ODkOODvOWKm+OBqOe+juOBl+OBhOOCt+ODq+OCqOODg+ODiOOCkuaPkOS+m+OAgkRSSS1GSVTjg4bjgq/jg47jg63jgrjjg7zjgYzjgZXjgonjgorjgajlv6vpganjgarnirbmhYvjgpLjgq3jg7zjg5fjgILjgrPjg7Pjg5fjg6zjg4Pjgrfjg6fjg7Pjg5XjgqPjg4Pjg4jjgafjgIHjg6/jg7zjgq/jgqLjgqbjg4jjga7plpPjgoLjgYLjgonjgobjgovmlrnlkJHjgbjjga7li5XjgY3jgpLlvLflipvjgavjgrXjg53jg7zjg4jjgILlj5bjgorlpJbjgZflj6/og73jgarjg5Hjg4Pjg4njgaflhKrjgozjgZ/jgqvjg5Djg7zlipvjgajoh6rnhLbjgarlvJXjgY3nt6DjgoHmhJ/jgpLlvLfljJbjgILkvY7jgYTkvY3nva7jga7jg6zjg7zjgrXjg7zjg5Djg4Pjgq/jga7jgrnjg4jjg6njg4Pjg5fjgafjgYLjgonjgobjgovli5XjgY3jgavlr77lv5zjgILjg5Xjg6njg4Pjg4jjgarnuKvjgYTnm67jgafmu5HjgonjgYvjgarogozop6bjgorjgII8YnI+4peP5pys5L2T44CARFJJLUZJVOOAgOODl+ODrOODvOODs+OCuOODo+ODvOOCuCjjg53jg6rjgqjjgrnjg4bjg6s4OCXjg7vjg53jg6rjgqbjg6zjgr/jg7MxMiUpLuOAgDxicj7il49YU++9nlhMPGJyPuKXjygwMTAp44OW44Op44OD44KvL+ODluODqeODg+OCry8o44Ob44Ov44Kk44OIKSwoMDkyKeOCq+ODvOODnOODs+ODmOOCtuODvC/jg5bjg6njg4Pjgq8vKOODluODqeODg+OCryksKDEwMCnjg5vjg6/jgqTjg4gv44OW44Op44OD44KvLyjjg5bjg6njg4Pjgq8pLCg3MDIp44Oc44Or44OIL+ODluODqeODg+OCry8o44OW44Op44OD44KvKSwoODUyKeODnuODg+OCr+OCueOCquODrOODs+OCuC/jg5Hjg6njg57jgqbjg7Pjg4jjg5bjg6vjg7wvKOODkeODqeODnuOCpuODs+ODiOODluODq+ODvCk8YnI+4pePMTdTUDxicj7il4/jgqTjg7Pjg4kv44K544Oq44Op44Oz44Kr6KO9,44CQ44Ko44Oz44OI44Oq44O85b2T5bqX5YWo5ZOB44Od44Kk44Oz44OI5pyA5aSnMTDlgI0hISA0LzIy772eNC8yNeOAkeODiuOCpOOCrSDjgrnjg53jg7zjg4Tjg5bjg6njgIDjg5XjgqPjg4Pjg4jjg43jgrkg44K444OgIOODn+ODh+OCo+OCouODoOOCteODneODvOODiCDjg6zjg4fjgqPjg7zjgrkg44Km44Kj44Oh44Oz44K6IOODiuOCpOOCreODl+ODrSA4MjMzMTMtNzAyICBOS0UgMTdTUO+8mkZaT05F44K544Od44O844OE,6YCa5L+h6LKp5aOy6YCa6LKp44K344On44OD44OU44Oz44Kw44Kq44Oz44Op44Kk44Oz44K344On44OD44OU44Oz44Kw6LK344GE54mp44OX44Os44K844Oz44OI44Ku44OV44OI6LSI44KK54mp6LSI562U5ZOB44GK5Lit5YWD44GK5q2z5pqu44GK6LK344GE5b6X44K544Od44O844OEc3BvcnRz44OV44Kj44OD44OI44ON44K544K444Og6YOo5rS76YCa5a2m44Ki44Km44OI44OJ44Ki44K544Kk44Og44K144OD44Kr44O844OG44OL44K544OQ44Os44O844Oc44O844Or44Ki44OH44Kj44OA44K5YWRpZGFz44OK44Kk44KtTklLReODl+ODvOODnlBVTUHjg6rjg7zjg5zjg4Pjgq9SZWVib2vjg5Ljg6Xjg7Pjg6Hjg6todW1tZWzjgqLjgrfjg4Pjgq/jgrlhc2ljc+ODn+OCuuODjk1JWlVOT+ODq+OCs+ODg+OCr2xlIGNvcSBzcG9ydGlm44OH44K144Oz44OIREVTQ0VOVEXjgqLjg7Pjg5bjg61VTUJST+OCouODs+ODgOODvOOCouODvOODnuODvFVOREVSIEFSTU9VUuODqOODjeODg+OCr+OCuVlPTkVY44Kr44OD44ORa2FwcGHjg4Djg7Pjgrnjgq3jg7NEQU5TS0lO44K444O844OV44Kj44OD44OIRy1GSVTjgrjjgqfjg7zjg7Pjgrnjgr/jgqTjg6tKYW5lc3R5bGXjg4fjgqPjg7zjgqjjg4zjgqjjgrlETlPjgrbjg5DjgrlTQVZBU+ODrOODvOOCtuODvOODk+ODvOODoGxhemVyYmVhbeOCueOCr+OCueOCr1NVS1VTS1XjgqLjg4njg5/jg6njg6tBZG1pcmFs44OZ44OB44Ol44OpQmV0dWxh44K/44K/44OfVEFUQU1J44OR44Op44OH44Kj44Km44OgUEFMTEFESVVN44Kz44Oz44OQ44O844K5Q09OVkVSU0Xjg5Pjg6vjgrHjg7Pjgrfjg6Xjg4jjg4Pjgq9CSVJLRU5TVE9DS+OCq+ODq+ODlUtBUkhV44OL44Ol44O844OQ44Op44Oz44K5TmV3IEJhbGFuY2XjgrnjgrHjg4Pjg4Hjg6Pjg7zjgrpTS0VDSEVSU+ODhOOCp+ODj1plaGHjgq/jg6njg7zjgq/jgrljbGFya3Pjg53jg60g44Op44Or44OV44Ot44O844Os44OzUG9sbyBSYWxwaExhdXJlbuODouODs+ODmeODq21vbnQtYmVsbOODmOODquODvOODj+ODs+OCu+ODs0hFTExZIEhBTlNFTuODnuODvOODouODg+ODiE1hcm1vdOODreOCtOOCuUxPR09T44Kt44Oj44OX44OG44Oz44K544K/44OD44KwQ0FQVEFJTiBTVEFH44Ko44Oe44O844K444Kn44Oz44K344O844K+44O844OzRU1FUkdFTkNZIFpPTkXjg4njg4Pjg5rjg6vjgq7jg6Pjg7Pjgqzjg7xET1BQRUxHQU5HRVLjgrXjg63jg6Ljg7NTYWxvbW9u44Kt44O844OzS0VFTuOCs+ODreODs+ODk+OCokNvbHVtYmlh44Oh44Os44OrTUVSUkVMTOODhuOCo+ODs+ODkOODg+OCrzJUSU1CVUsy44Kz44Op44Oz44OI44OD44OGQ29sYW50b3R0ZeODleOCoeOCpOODhuODs3BoaXRlbuOCteODvOODouOCuVRIRVJNT1Pjgrnjg6/jg7PjgrpTV0FOU+OCquODvOOCr+ODquODvE9BS0xFWeOCqOODl+OCveODs0VQU09O44K944O844OeU09NQeOCueODs+ODiFNVVU5UT+OCq+OCt+OCqkNBU0lP44K744Kk44Kz44O8U0VJS0/jgrbjg6Djgrnjg4haQU1TVOODquOCrOODvOODiVJFR1VBUkTjgr3jg5Xjgr3jg7zjg6tTT0ZTT0xF44K944Or44OcU09SQk/jgqTjg7Pjg5fjg6njgrlJbXBsdXPjg5XjgqHjgqTjg4bjg7NQaGl0ZW7jg57jgq/jg4Djg5Pjg4Pjg4lNY0Rhdmlk44K544Kt44Oz44K6U0tJTlPjgrfjg7zjgrnjg6rjg7zjg5XjgqPjg4Pjg4hDM2ZpdOOCt+OCu+OCpOOCueODiOOCuOODo+ODvOOCuOOCpuOCpOODs+ODieODluODrOODvOOCq+ODvOS4iuS4i+OCu+ODg+ODiOODreODvOODqeODvOOCt+ODpeODvOOCuuODkuODvOODquODvOOCuuOCreODg+OCr+OCueOCseODvOOCv+ODvOODgOODvOODhOOCqOODleOCvuODvOODs+OCueODneODvOODhEZaT05F44K544Od44O844OERlpPTkUgc3BvcnRzRuOCvuODvOODs+OAkOOCqOODs+ODiOODquODvOW9k+W6l+WFqOWTgeODneOCpOODs+ODiOacgOWkpzEw5YCNISEgNC8yMu+9njQvMjXjgJHjg4rjgqTjgq0g44K544Od44O844OE44OW44Op44CA44OV44Kj44OD44OI44ON44K5IOOCuOODoCDjg5/jg4fjgqPjgqLjg6DjgrXjg53jg7zjg4gg44Os44OH44Kj44O844K5IOOCpuOCo+ODoeODs+OCuiDjg4rjgqTjgq3jg5fjg60gODIzMzEzLTcwMiAgTktFIDE3U1A=,44CQ44Ko44Oz44OI44Oq44O85b2T5bqX5YWo5ZOB44Od44Kk44Oz44OI5pyA5aSnMTDlgI0hISA0LzIy772eNC8yNeOAkeODiuOCpOOCrSDjgrnjg53jg7zjg4Tjg5bjg6njgIDjg5XjgqPjg4Pjg4jjg43jgrkg44K444OgIOODn+ODh+OCo+OCouODoOOCteODneODvOODiCDjg6zjg4fjgqPjg7zjgrkg44Km44Kj44Oh44Oz44K6IOODiuOCpOOCreODl+ODrSA4MjMzMTMtNzAyICBOS0UgMTdTUA==[rn]
17-128205,aHR0cDovL3RzaG9wLnIxMHMuanAvZnpvbmUvY2FiaW5ldC9mNDgvNzAzMDk1LmpwZz9maXRpbj03MDA6NzAw,MjIxNS4yMDAw,,44K544Od44O844OE44O744Ki44Km44OI44OJ44KiID4g44K544Od44O844OE44Km44Kn44Ki44O744Ki44Kv44K744K144Oq44O8ID4g44K544Od44O844OE55So44Kk44Oz44OK44O8ID4g44Oh44Oz44K644Kk44Oz44OK44O8ID4g44OI44OD44OX44K5,4piFMueCueOBvuOBp+ODoeODvOODq+S+v+mAgeaWmeeEoeaWmeKYheODiuOCpOOCrSDjgqTjg7Pjg4rjg7wg44Ki44Oz44OA44O844Km44Kn44KiIOWNiuiiliDjg6Hjg7PjgrogTlAg44Kv44O844OrIOOCs+ODs+ODl+ODrOODg+OCt+ODp+ODsyBTL1Mg44Kv44Or44O8IOODiOODg+ODlyBOSUtFIDcwMzA5NSAg44CQM+eCueS7peS4iuOAgeS7luWVhuWTgeOBqOWQjOaiseOAgeS7o+W8leOBjeazqOaWh+OBr+WuhemFjeS+vyjpgIHku5jlhYjlnLDln5/jga7pgIHmlpnjgavmupbjgZrjgosp44Gn55m66YCB44CR,,44CQ44Oh44O844Kr44O85Y+W44KK5a+E44Gb5ZWG5ZOB44CRPGJyPiDjgZPjgaHjgonjga7llYblk4Hjga/jg6Hjg7zjgqvjg7zmiYvphY3jga7ngrrjgIHlrozlo7Ljga7loLTlkIjjgoLjgZTjgZbjgYTjgb7jgZnjgILlnKjluqvjga7mnInnhKHjg7vntI3mnJ/jga7jgZTpgKPntaHjga/jgZTms6jmloflj5fku5jjg6Hjg7zjg6vjgavjgabjgZTnorroqo3kuIvjgZXjgYTjgII8YnI+PGZvbnQgY29sb3I9InJlZCI+4oC744GT44Gh44KJ44Gu5ZWG5ZOB44Gv55u05o6l6Lqr44Gr44Gk44GR44KL5ZWG5ZOB44Gu44Gf44KB44CBPGJyPui/lOWTgeODu+S6pOaPm+OBr+WbuuOBj+OBiuaWreOCiuOBleOBm+OBpumgguOBjeOBvuOBmeOAgjwvZm9udD48YnI+PGJyPuODoeODs+OCuuODu+ODpuODi+OCu+ODg+OCr+OCuTxicj7jg57jg6vjg4HjgqLjgrnjg6wv44OI44Os44O844OL44Oz44Kw44K344Oj44OEPGJyPjR3YXnjgrnjg4jjg6zjg4Pjg4Hjgajjg6njgrDjg6njg7Pjgrnjg6rjg7zjg5bjgavjgojjgorlronlrprjgZfjgZ/jg5XjgqPjg4Pjg4jmhJ/jgajoh6rnlLHjgarli5XjgY3jgpLnorrkv53jgIJEUkktRklU44Go44Oh44OD44K344Ol44Gu57Sg5p2Q44Gn44GV44KJ44KK44Go44Kv44O844Or44Gq552A5b+D5Zyw44KS44Kt44O844OX44GX44CB5pyA6auY44Gu44OR44OV44Kp44O844Oe44Oz44K544KS57at5oyB44CCNHdheeOCueODiOODrOODg+ODgeOBrkRSSS1GSVTntKDmnZDjgYzmsZfjgpLpgIPjgYzjgZfjgIHjgZXjgonjgorjgajlv6vpganjgarnnYDlv4PlnLDjgpLnorrkv53jgILjg5Djg4Pjgq/jg5Hjg43jg6vjga7jg6Hjg4Pjgrfjg6XntKDmnZDjgYzjgr7jg7zjg7PjgZTjgajjgavmnIDpganjgarmtrzjgZfjgZXjgpLmj5DkvpvjgILjgrPjg7Pjg5fjg6zjg4Pjgrfjg6fjg7Pjg5XjgqPjg4Pjg4jjgafli5XjgYTjgabjgYTjgovmmYLjgoLjgZfjgaPjgYvjgorjg5XjgqPjg4Pjg4jjgILjgrXjgqTjg4njg5njg7Pjg4jjga7lhaXjgaPjgZ/oo77jga/lvozjgo3jgYzplbfjgoHjgafjgr/jg4Pjgq/jgqTjg7PjgZfjgoTjgZnjgY/jgIHlhKrjgozjgZ/jgqvjg5Djg7zlipvjgpLlrp/nj77jgILlhKrjgozjgZ/lj6/li5Xln5/jgpLnorrkv53jgZnjgovjg6njgrDjg6njg7Pjgrnjg6rjg7zjg5bjgII8YnI+4peP5pys5L2T44CARFJJLUZJVOOAgOOCueODiOODrOODg+ODgeOCuOODo+ODvOOCuCjjg53jg6rjgqjjgrnjg4bjg6s5MiUs44CA44Od44Oq44Km44Os44K/44OzOCUp44CA6YOo5YiG44CARFJJLUZJVOOCueODiOODrOODg+ODgeODoeODg+OCt+ODpSjjg53jg6rjgqjjgrnjg4bjg6s5MiXjgIHjg53jg6rjgqbjg6zjgr/jg7M4JSk8YnI+4pePU++9njJYTDxicj7il48xN1NQPGJyPuKXj+S4reWbvS/jgqvjg7Pjg5zjgrjjgqLoo70KCjxUYWJsZSBCb3JkZXIgQ2VsbHNwYWNpbmc9IjAiIEJvcmRlckNvbG9yPSIjMDA3MGZmIiBjZWxsc3BhY2luZz0iNSIgY2VsbHBhZGRpbmc9IjUiPgo8dHI+PHRkPgo8Zm9udCBzaXplPSI0IiBjb2xvcj0ibmF2eSI+CuKXjzLngrnjgb7jgafjg6Hjg7zjg6vkvr/phY3pgIHjgajjgarjgorjgb7jgZnjgIIz54K55Lul5LiK44KE5LuW44Gu5ZWG5ZOB44Go5ZCM5qKx5rOo5paH44Gu5aC05ZCI44Gv44CB5a6F6YWN5L6/KOmAgeS7mOWFiOWcsOWfn+OBrumAgeaWmeOCkuWIpemAlOWKoOeulynjgafnmbrpgIHoh7TjgZfjgb7jgZnjgII8YnI+CuKXj+axuua4iOaWueazleOBq+OAjOS7o+mHkeW8leaPm+OAjeOCkuOBiumBuOOBs+OBhOOBn+OBoOOBjeOBvuOBl+OBn+WgtOWQiOOBr+OAgeWuhemFjeS+vyjpgIHku5jlhYjlnLDln5/jga7pgIHmlpnjgpLliKXpgJTliqDnrpcp44Gr5Luj5byV44GN5omL5pWw5paZ77yIMzUw5YaG77yJ44GM5Yqg566X44Go44Gq44KK44G+44GZ44CCPGJyPgril4/lr77osaHlpJbllYblk4HjgajlkIzmorHjgafjgZTms6jmlofjgYTjgZ/jgaDjgYTjgZ/loLTlkIjjgavjga/jgIHjgZ3jga7lr77osaHlpJbllYblk4Hjga7pgIHmlpnjg7vphY3pgIHjgavmupbjgZjjgb7jgZnjgII8YnI+CuKXj+ODqeODg+ODlOODs+OCsOOCkuOBlOW4jOacm+OBruWgtOWQiOOBr+OAgeWMheijheizh+adkOOBrumWouS/guS4iuOAgeWuhemFjeS+v+OBp+OBrueZuumAgeOBqOOBquOCiuOBvuOBmeOAgjwvZm9udD4KPC90ZD48L3RyPjwvdGFibGU+,4piFMueCueOBvuOBp+ODoeODvOODq+S+v+mAgeaWmeeEoeaWmeKYheODiuOCpOOCrSDjgqTjg7Pjg4rjg7wg44Ki44Oz44OA44O844Km44Kn44KiIOWNiuiiliDjg6Hjg7PjgrogTlAg44Kv44O844OrIOOCs+ODs+ODl+ODrOODg+OCt+ODp+ODsyBTL1Mg44Kv44Or44O8IOODiOODg+ODlyBOSUtFIDcwMzA5NSAg44CQM+eCueS7peS4iuOAgeS7luWVhuWTgeOBqOWQjOaiseOAgeS7o+W8leOBjeazqOaWh+OBr+WuhemFjeS+vyjpgIHku5jlhYjlnLDln5/jga7pgIHmlpnjgavmupbjgZrjgosp44Gn55m66YCB44CR77yaRlpPTkXjgrnjg53jg7zjg4Q=,6YCa5L+h6LKp5aOy6YCa6LKp44K344On44OD44OU44Oz44Kw44Kq44Oz44Op44Kk44Oz44K344On44OD44OU44Oz44Kw6LK344GE54mp44OX44Os44K844Oz44OI44Ku44OV44OI6LSI44KK54mp6LSI562U5ZOB44GK5Lit5YWD44GK5q2z5pqu44GK6LK344GE5b6X44K544Od44O844OEc3BvcnRz44OV44Kj44OD44OI44ON44K544K444Og6YOo5rS76YCa5a2m44Ki44Km44OI44OJ44Ki44K544Kk44Og44K144OD44Kr44O844OG44OL44K544OQ44Os44O844Oc44O844Or44Ki44OH44Kj44OA44K5YWRpZGFz44OK44Kk44KtTklLReODl+ODvOODnlBVTUHjg6rjg7zjg5zjg4Pjgq9SZWVib2vjg5Ljg6Xjg7Pjg6Hjg6todW1tZWzjgqLjgrfjg4Pjgq/jgrlhc2ljc+ODn+OCuuODjk1JWlVOT+ODq+OCs+ODg+OCr2xlIGNvcSBzcG9ydGlm44OH44K144Oz44OIREVTQ0VOVEXjgqLjg7Pjg5bjg61VTUJST+OCouODs+ODgOODvOOCouODvOODnuODvFVOREVSIEFSTU9VUuODqOODjeODg+OCr+OCuVlPTkVY44Kr44OD44ORa2FwcGHjg4Djg7Pjgrnjgq3jg7NEQU5TS0lO44K444O844OV44Kj44OD44OIRy1GSVTjgrjjgqfjg7zjg7Pjgrnjgr/jgqTjg6tKYW5lc3R5bGXjg4fjgqPjg7zjgqjjg4zjgqjjgrlETlPjgrbjg5DjgrlTQVZBU+ODrOODvOOCtuODvOODk+ODvOODoGxhemVyYmVhbeOCueOCr+OCueOCr1NVS1VTS1XjgqLjg4njg5/jg6njg6tBZG1pcmFs44OZ44OB44Ol44OpQmV0dWxh44K/44K/44OfVEFUQU1J44OR44Op44OH44Kj44Km44OgUEFMTEFESVVN44Kz44Oz44OQ44O844K5Q09OVkVSU0Xjg5Pjg6vjgrHjg7Pjgrfjg6Xjg4jjg4Pjgq9CSVJLRU5TVE9DS+OCq+ODq+ODlUtBUkhV44OL44Ol44O844OQ44Op44Oz44K5TmV3IEJhbGFuY2XjgrnjgrHjg4Pjg4Hjg6Pjg7zjgrpTS0VDSEVSU+ODhOOCp+ODj1plaGHjgq/jg6njg7zjgq/jgrljbGFya3Pjg53jg60g44Op44Or44OV44Ot44O844Os44OzUG9sbyBSYWxwaExhdXJlbuODouODs+ODmeODq21vbnQtYmVsbOODmOODquODvOODj+ODs+OCu+ODs0hFTExZIEhBTlNFTuODnuODvOODouODg+ODiE1hcm1vdOODreOCtOOCuUxPR09T44Kt44Oj44OX44OG44Oz44K544K/44OD44KwQ0FQVEFJTiBTVEFH44Ko44Oe44O844K444Kn44Oz44K344O844K+44O844OzRU1FUkdFTkNZIFpPTkXjg4njg4Pjg5rjg6vjgq7jg6Pjg7Pjgqzjg7xET1BQRUxHQU5HRVLjgrXjg63jg6Ljg7NTYWxvbW9u44Kt44O844OzS0VFTuOCs+ODreODs+ODk+OCokNvbHVtYmlh44Oh44Os44OrTUVSUkVMTOODhuOCo+ODs+ODkOODg+OCrzJUSU1CVUsy44Kz44Op44Oz44OI44OD44OGQ29sYW50b3R0ZeODleOCoeOCpOODhuODs3BoaXRlbuOCteODvOODouOCuVRIRVJNT1Pjgrnjg6/jg7PjgrpTV0FOU+OCquODvOOCr+ODquODvE9BS0xFWeOCqOODl+OCveODs0VQU09O44K944O844OeU09NQeOCueODs+ODiFNVVU5UT+OCq+OCt+OCqkNBU0lP44K744Kk44Kz44O8U0VJS0/jgrbjg6Djgrnjg4haQU1TVOODquOCrOODvOODiVJFR1VBUkTjgr3jg5Xjgr3jg7zjg6tTT0ZTT0xF44K944Or44OcU09SQk/jgqTjg7Pjg5fjg6njgrlJbXBsdXPjg5XjgqHjgqTjg4bjg7NQaGl0ZW7jg57jgq/jg4Djg5Pjg4Pjg4lNY0Rhdmlk44K544Kt44Oz44K6U0tJTlPjgrfjg7zjgrnjg6rjg7zjg5XjgqPjg4Pjg4hDM2ZpdOOCt+OCu+OCpOOCueODiOOCuOODo+ODvOOCuOOCpuOCpOODs+ODieODluODrOODvOOCq+ODvOS4iuS4i+OCu+ODg+ODiOODreODvOODqeODvOOCt+ODpeODvOOCuuODkuODvOODquODvOOCuuOCreODg+OCr+OCueOCseODvOOCv+ODvOODgOODvOODhOOCqOODleOCvuODvOODs+OCueODneODvOODhEZaT05F44K544Od44O844OERlpPTkUgc3BvcnRzRuOCvuODvOODs+KYhTLngrnjgb7jgafjg6Hjg7zjg6vkvr/pgIHmlpnnhKHmlpnimIXjg4rjgqTjgq0g44Kk44Oz44OK44O8IOOCouODs+ODgOODvOOCpuOCp+OCoiDljYroopYg44Oh44Oz44K6IE5QIOOCr+ODvOODqyDjgrPjg7Pjg5fjg6zjg4Pjgrfjg6fjg7MgUy9TIOOCr+ODq+ODvCDjg4jjg4Pjg5cgTklLRSA3MDMwOTUgIOOAkDPngrnku6XkuIrjgIHku5bllYblk4HjgajlkIzmorHjgIHku6PlvJXjgY3ms6jmlofjga/lroXphY3kvr8o6YCB5LuY5YWI5Zyw5Z+f44Gu6YCB5paZ44Gr5rqW44Ga44KLKeOBp+eZuumAgeOAkQ==,4piFMueCueOBvuOBp+ODoeODvOODq+S+v+mAgeaWmeeEoeaWmeKYheODiuOCpOOCrSDjgqTjg7Pjg4rjg7wg44Ki44Oz44OA44O844Km44Kn44KiIOWNiuiiliDjg6Hjg7PjgrogTlAg44Kv44O844OrIOOCs+ODs+ODl+ODrOODg+OCt+ODp+ODsyBTL1Mg44Kv44Or44O8IOODiOODg+ODlyBOSUtFIDcwMzA5NSAg44CQM+eCueS7peS4iuOAgeS7luWVhuWTgeOBqOWQjOaiseOAgeS7o+W8leOBjeazqOaWh+OBr+WuhemFjeS+vyjpgIHku5jlhYjlnLDln5/jga7pgIHmlpnjgavmupbjgZrjgosp44Gn55m66YCB44CR[rn]
17-128206,aHR0cDovL3RzaG9wLnIxMHMuanAvZnpvbmUvY2FiaW5ldC9mNDgvbmpwLTcyNjQ2Mi0wMTAuanBnP2ZpdGluPTcwMDo3MDA=,MTY4MC4wMDAw,,44K544Od44O844OE44O744Ki44Km44OI44OJ44KiID4g44K544Od44O844OE44Km44Kn44Ki44O744Ki44Kv44K744K144Oq44O8ID4g44K544Od44O844OE55So44Kk44Oz44OK44O8ID4g44Oh44Oz44K644Kk44Oz44OK44O8ID4g44OI44OD44OX44K5,44CQ44Ko44Oz44OI44Oq44O85b2T5bqX5YWo5ZOB44Od44Kk44Oz44OI5pyA5aSnMTDlgI0hISA0LzIy772eNC8yNeOAkeODiuOCpOOCrSDljYroopbjgrfjg6Pjg4Qg44OI44Os44O844OL44Oz44KwIOOCuOODpeODi+OCoiBOUCDjg5zjg7zjgqTjgrog44Kv44O844OrIOOCs+ODs+ODl+ODrOODg+OCt+ODp+ODsyBTL1Mg44OI44OD44OXIDcyNjQ2Mi0wMTAgTktFIDE3U1A=,,44CQ44Oh44O844Kr44O85Y+W44KK5a+E44Gb5ZWG5ZOB44CRPGJyPiDjgZPjgaHjgonjga7llYblk4Hjga/jg6Hjg7zjgqvjg7zmiYvphY3jga7ngrrjgIHlrozlo7Ljga7loLTlkIjjgoLjgZTjgZbjgYTjgb7jgZnjgILlnKjluqvjga7mnInnhKHjg7vntI3mnJ/jga7jgZTpgKPntaHjga/jgZTms6jmloflj5fku5jjg6Hjg7zjg6vjgavjgabjgZTnorroqo3kuIvjgZXjgYTjgII8YnI+PGZvbnQgY29sb3I9InJlZCI+4oC744GT44Gh44KJ44Gu5ZWG5ZOB44Gv55u05o6l6Lqr44Gr44Gk44GR44KL5ZWG5ZOB44Gu44Gf44KB44CBPGJyPui/lOWTgeODu+S6pOaPm+OBr+WbuuOBj+OBiuaWreOCiuOBleOBm+OBpumgguOBjeOBvuOBmeOAgjwvZm9udD48YnI+PGJyPuOCuOODpeODi+OCojxicj7jg57jg6vjg4HjgqLjgrnjg6wv44OI44Os44O844OL44Oz44Kw44K344Oj44OEPGJyPjR3YXnjgrnjg4jjg6zjg4Pjg4Hjgajjg6njgrDjg6njg7Pjgrnjg6rjg7zjg5bjgavjgojjgorlronlrprjgZfjgZ/jg5XjgqPjg4Pjg4jmhJ/jgajoh6rnlLHjgarli5XjgY3jgpLnorrkv53jgIJEUkktRklU44Go44Oh44OD44K344Ol44Gu57Sg5p2Q44Gn44GV44KJ44KK44Go44Kv44O844Or44Gq552A5b+D5Zyw44KS44Kt44O844OX44GX44CB5pyA6auY44Gu44OR44OV44Kp44O844Oe44Oz44K544KS57at5oyB44CC44OQ44OD44Kv44OR44ON44Or44Gu44Oh44OD44K344Ol57Sg5p2Q44GM44K+44O844Oz44GU44Go44Gr5pyA6YGp44Gq5ra844GX44GV44KS5o+Q5L6b44CC44Kz44Oz44OX44Os44OD44K344On44Oz44OV44Kj44OD44OI44Gn5YuV44GE44Gm44GE44KL5pmC44KC44GX44Gj44GL44KK44OV44Kj44OD44OI44CC44K144Kk44OJ44OZ44Oz44OI44Gu5YWl44Gj44Gf6KO+44Gv5b6M44KN44GM6ZW344KB44Gn44K/44OD44Kv44Kk44Oz44GX44KE44GZ44GP44CB5YSq44KM44Gf44Kr44OQ44O85Yqb44KS5a6f54++44CC6IO46YOo5Lit5aSu44Gr44K544Km44OD44K344Ol44Ot44K044CB5bem6KO+44GrTklLReOAgFBST+OAgOOCuOODp+OCsOOCv+OCsOOAgjxicj7il4/mnKzkvZPjgIBEUkktRklU44K544OI44Os44OD44OB44K444Oj44O844K4KOODneODquOCqOOCueODhuODqzkyJeODu+ODneODquOCpuODrOOCv+ODszglKS7jgIA8YnI+4pePMTMw772eMTYwPGJyPuKXjygwMTAp44OW44Op44OD44KvL+OCouODs+OCueODqeOCteOCpOODiC8o44Ob44Ov44Kk44OIKSwoNDgwKeOCsuODvOODoOODreOCpOODpOODqy/jg4fjgqPjg7zjg5fjg63jgqTjg6Tjg6vjg5bjg6vjg7wvKOODm+ODr+OCpOODiCk8YnI+4pePMTdTUDxicj7il4/jgrnjg6rjg6njg7Pjgqvoo70=,44CQ44Ko44Oz44OI44Oq44O85b2T5bqX5YWo5ZOB44Od44Kk44Oz44OI5pyA5aSnMTDlgI0hISA0LzIy772eNC8yNeOAkeODiuOCpOOCrSDljYroopbjgrfjg6Pjg4Qg44OI44Os44O844OL44Oz44KwIOOCuOODpeODi+OCoiBOUCDjg5zjg7zjgqTjgrog44Kv44O844OrIOOCs+ODs+ODl+ODrOODg+OCt+ODp+ODsyBTL1Mg44OI44OD44OXIDcyNjQ2Mi0wMTAgTktFIDE3U1DvvJpGWk9OReOCueODneODvOODhA==,6YCa5L+h6LKp5aOy6YCa6LKp44K344On44OD44OU44Oz44Kw44Kq44Oz44Op44Kk44Oz44K344On44OD44OU44Oz44Kw6LK344GE54mp44OX44Os44K844Oz44OI44Ku44OV44OI6LSI44KK54mp6LSI562U5ZOB44GK5Lit5YWD44GK5q2z5pqu44GK6LK344GE5b6X44K544Od44O844OEc3BvcnRz44OV44Kj44OD44OI44ON44K544K444Og6YOo5rS76YCa5a2m44Ki44Km44OI44OJ44Ki44K544Kk44Og44K144OD44Kr44O844OG44OL44K544OQ44Os44O844Oc44O844Or44Ki44OH44Kj44OA44K5YWRpZGFz44OK44Kk44KtTklLReODl+ODvOODnlBVTUHjg6rjg7zjg5zjg4Pjgq9SZWVib2vjg5Ljg6Xjg7Pjg6Hjg6todW1tZWzjgqLjgrfjg4Pjgq/jgrlhc2ljc+ODn+OCuuODjk1JWlVOT+ODq+OCs+ODg+OCr2xlIGNvcSBzcG9ydGlm44OH44K144Oz44OIREVTQ0VOVEXjgqLjg7Pjg5bjg61VTUJST+OCouODs+ODgOODvOOCouODvOODnuODvFVOREVSIEFSTU9VUuODqOODjeODg+OCr+OCuVlPTkVY44Kr44OD44ORa2FwcGHjg4Djg7Pjgrnjgq3jg7NEQU5TS0lO44K444O844OV44Kj44OD44OIRy1GSVTjgrjjgqfjg7zjg7Pjgrnjgr/jgqTjg6tKYW5lc3R5bGXjg4fjgqPjg7zjgqjjg4zjgqjjgrlETlPjgrbjg5DjgrlTQVZBU+ODrOODvOOCtuODvOODk+ODvOODoGxhemVyYmVhbeOCueOCr+OCueOCr1NVS1VTS1XjgqLjg4njg5/jg6njg6tBZG1pcmFs44OZ44OB44Ol44OpQmV0dWxh44K/44K/44OfVEFUQU1J44OR44Op44OH44Kj44Km44OgUEFMTEFESVVN44Kz44Oz44OQ44O844K5Q09OVkVSU0Xjg5Pjg6vjgrHjg7Pjgrfjg6Xjg4jjg4Pjgq9CSVJLRU5TVE9DS+OCq+ODq+ODlUtBUkhV44OL44Ol44O844OQ44Op44Oz44K5TmV3IEJhbGFuY2XjgrnjgrHjg4Pjg4Hjg6Pjg7zjgrpTS0VDSEVSU+ODhOOCp+ODj1plaGHjgq/jg6njg7zjgq/jgrljbGFya3Pjg53jg60g44Op44Or44OV44Ot44O844Os44OzUG9sbyBSYWxwaExhdXJlbuODouODs+ODmeODq21vbnQtYmVsbOODmOODquODvOODj+ODs+OCu+ODs0hFTExZIEhBTlNFTuODnuODvOODouODg+ODiE1hcm1vdOODreOCtOOCuUxPR09T44Kt44Oj44OX44OG44Oz44K544K/44OD44KwQ0FQVEFJTiBTVEFH44Ko44Oe44O844K444Kn44Oz44K344O844K+44O844OzRU1FUkdFTkNZIFpPTkXjg4njg4Pjg5rjg6vjgq7jg6Pjg7Pjgqzjg7xET1BQRUxHQU5HRVLjgrXjg63jg6Ljg7NTYWxvbW9u44Kt44O844OzS0VFTuOCs+ODreODs+ODk+OCokNvbHVtYmlh44Oh44Os44OrTUVSUkVMTOODhuOCo+ODs+ODkOODg+OCrzJUSU1CVUsy44Kz44Op44Oz44OI44OD44OGQ29sYW50b3R0ZeODleOCoeOCpOODhuODs3BoaXRlbuOCteODvOODouOCuVRIRVJNT1Pjgrnjg6/jg7PjgrpTV0FOU+OCquODvOOCr+ODquODvE9BS0xFWeOCqOODl+OCveODs0VQU09O44K944O844OeU09NQeOCueODs+ODiFNVVU5UT+OCq+OCt+OCqkNBU0lP44K744Kk44Kz44O8U0VJS0/jgrbjg6Djgrnjg4haQU1TVOODquOCrOODvOODiVJFR1VBUkTjgr3jg5Xjgr3jg7zjg6tTT0ZTT0xF44K944Or44OcU09SQk/jgqTjg7Pjg5fjg6njgrlJbXBsdXPjg5XjgqHjgqTjg4bjg7NQaGl0ZW7jg57jgq/jg4Djg5Pjg4Pjg4lNY0Rhdmlk44K544Kt44Oz44K6U0tJTlPjgrfjg7zjgrnjg6rjg7zjg5XjgqPjg4Pjg4hDM2ZpdOOCt+OCu+OCpOOCueODiOOCuOODo+ODvOOCuOOCpuOCpOODs+ODieODluODrOODvOOCq+ODvOS4iuS4i+OCu+ODg+ODiOODreODvOODqeODvOOCt+ODpeODvOOCuuODkuODvOODquODvOOCuuOCreODg+OCr+OCueOCseODvOOCv+ODvOODgOODvOODhOOCqOODleOCvuODvOODs+OCueODneODvOODhEZaT05F44K544Od44O844OERlpPTkUgc3BvcnRzRuOCvuODvOODs+OAkOOCqOODs+ODiOODquODvOW9k+W6l+WFqOWTgeODneOCpOODs+ODiOacgOWkpzEw5YCNISEgNC8yMu+9njQvMjXjgJHjg4rjgqTjgq0g5Y2K6KKW44K344Oj44OEIOODiOODrOODvOODi+ODs+OCsCDjgrjjg6Xjg4vjgqIgTlAg44Oc44O844Kk44K6IOOCr+ODvOODqyDjgrPjg7Pjg5fjg6zjg4Pjgrfjg6fjg7MgUy9TIOODiOODg+ODlyA3MjY0NjItMDEwIE5LRSAxN1NQ,TklLRSDjg4rjgqTjgq3jgILjgJDjgqjjg7Pjg4jjg6rjg7zlvZPlupflhajlk4Hjg53jgqTjg7Pjg4jmnIDlpKcxMOWAjSEhIDQvMjLvvZ40LzI144CR44OK44Kk44KtIOWNiuiiluOCt+ODo+ODhCDjg4jjg6zjg7zjg4vjg7PjgrAg44K444Ol44OL44KiIE5QIOODnOODvOOCpOOCuiDjgq/jg7zjg6sg44Kz44Oz44OX44Os44OD44K344On44OzIFMvUyDjg4jjg4Pjg5cgNzI2NDYyLTAxMCBOS0UgMTdTUA==[rn]
17-128207,aHR0cDovL3RzaG9wLnIxMHMuanAvZHVubG9wZGNoL2NhYmluZXQvMDM4ODEzMzEvMDQ4NzQyMzIvaW1ncmMwMDY5NjQ5MzkxLmpwZz9maXRpbj03MDA6NzAw,NzYwLjAwMDA=,,44K544Od44O844OE44O744Ki44Km44OI44OJ44KiID4g44K544Od44O844OE44Km44Kn44Ki44O744Ki44Kv44K744K144Oq44O8ID4g44K544Od44O844OE55So44Kk44Oz44OK44O8ID4g44Oh44Oz44K644Kk44Oz44OK44O8ID4g44OI44OD44OX44K5,44CQ44OA44Oz44Ot44OD44OX44CR77yz77yy77yp77y477yv77yu77yI44K544Oq44Kv44K944Oz77yJ77yw77yv77yz77yp77y077yp77yv77yuIO+8uu+8pe+8su+8ryDjgqLjg7zjg6Djgqvjg5Djg7zvvIjjg6zjg4fjgqPjgrnvvIkg77yz77ys77yh77yR77yR77yQ77ySIOWQuOaxl+mAn+S5vi/vvLXvvLbjgqvjg4Pjg4jjgJDjgYrosrfjgYTlvpfllYblk4HjgJE=,,PHRhYmxlIGJvcmRlcj0iMSIgY2VsbHBhZGRpbmc9IjMiIGNlbGxzcGFjaW5nPSIxIiB3aWR0aD0iMTAwJSI+Cjx0cj4KPHRoIGNvbHNwYW49IjIiPuWVhuWTgeaDheWgsTwvdGg+CjwvdHI+Cjx0cj4KPHRkPuWVhuWTgeWQjTwvdGQ+Cjx0ZD7vvLPvvLLvvKnvvLjvvK/vvK7vvIjjgrnjg6rjgq/jgr3jg7PvvInvvLDvvK/vvLPvvKnvvLTvvKnvvK/vvK4g77y677yl77yy77yvIOOCouODvOODoOOCq+ODkOODvO+8iOODrOODh+OCo+OCue+8iSDvvLPvvKzvvKHvvJHvvJHvvJDvvJI8L3RkPjwvdHI+Cjx0cj4KPHRkPuOCq+ODqeODvDwvdGQ+Cjx0ZD7jg5vjg6/jgqTjg4jjgIHjg5bjg6njg4Pjgq/jgIHjg5Tjg7Pjgq88L3RkPgo8L3RyPgo8dHI+Cjx0ZD7jgrXjgqTjgrrjg7vlr7jms5U8L3RkPgo8dGQ+44OV44Oq44O844K144Kk44K6PC90ZD4KPC90cj4KPHRyPgo8dGQ+57Sg5p2QPC90ZD4KPHRkPuODneODquOCqOOCueODhuODqyA4MO+8heOAgeODneODquOCpuODrOOCv+ODsyAyMO+8hTwvdGQ+CjwvdHI+Cjx0cj4KPHRkPuapn+iDvTwvdGQ+Cjx0ZD7lkLjmsLTpgJ/kub7jgIEy77y377yh77y544K544OI44Os44OD44OB44CB77y177y244Kr44OD44OIPC90ZD4KPC90cj4KPC90YWJsZT4=,44CQ44OA44Oz44Ot44OD44OX44CR77yz77yy77yp77y477yv77yu77yI44K544Oq44Kv44K944Oz77yJ77yw77yv77yz77yp77y077yp77yv77yuIO+8uu+8pe+8su+8ryDjgqLjg7zjg6Djgqvjg5Djg7zvvIjjg6zjg4fjgqPjgrnvvIkg77yz77ys77yh77yR77yR77yQ77ySIOWQuOaxl+mAn+S5vi/vvLXvvLbjgqvjg4Pjg4jjgJDjgYrosrfjgYTlvpfllYblk4HjgJHvvJpEVU5MT1AgR09MRiBTSE9Q,6YCa5L+h6LKp5aOy6YCa6LKp44K344On44OD44OU44Oz44Kw44Kq44Oz44Op44Kk44Oz44K344On44OD44OU44Oz44Kw6LK344GE54mp44OX44Os44K844Oz44OI44Ku44OV44OI6LSI44KK54mp6LSI562U5ZOB44GK5Lit5YWD44GK5q2z5pqu44GK6LK344GE5b6X44CQ44OA44Oz44Ot44OD44OX44CR77yz77yy77yp77y477yv77yu77yI44K544Oq44Kv44K944Oz77yJ77yw77yv77yz77yp77y077yp77yv77yuIO+8uu+8pe+8su+8ryDjgqLjg7zjg6Djgqvjg5Djg7zvvIjjg6zjg4fjgqPjgrnvvIkg77yz77ys77yh77yR77yR77yQ77ySIOWQuOaxl+mAn+S5vi/vvLXvvLbjgqvjg4Pjg4jjgJDjgYrosrfjgYTlvpfllYblk4HjgJE=,44CQ5L+h6aC844Gu44OA44Oz44Ot44OD44OX5q2j6KaP55u05Za25bqXL+ODgOODs+ODreODg+ODl+OCtOODq+ODleOCt+ODp+ODg+ODl+OAkeOAguOAkOODgOODs+ODreODg+ODl+OAke+8s++8su+8qe+8uO+8r++8ru+8iOOCueODquOCr+OCveODs++8ie+8sO+8r++8s++8qe+8tO+8qe+8r++8riDvvLrvvKXvvLLvvK8g44Ki44O844Og44Kr44OQ44O877yI44Os44OH44Kj44K577yJIO+8s++8rO+8oe+8ke+8ke+8kO+8kiDlkLjmsZfpgJ/kub4v77y177y244Kr44OD44OI44CQ44GK6LK344GE5b6X5ZWG5ZOB44CR[rn]
17-128208,aHR0cDovL3RzaG9wLnIxMHMuanAvZnpvbmUvY2FiaW5ldC91YTIvMTI4OTU1NC1hci5qcGc/Zml0aW49NzAwOjcwMA==,MzIwMC4wMDAw,,44K544Od44O844OE44O744Ki44Km44OI44OJ44KiID4g44K544Od44O844OE44Km44Kn44Ki44O744Ki44Kv44K744K144Oq44O8ID4g44K544Od44O844OE55So44Kk44Oz44OK44O8ID4g44Oh44Oz44K644Kk44Oz44OK44O8ID4g44OI44OD44OX44K5,44CQ44Ko44Oz44OI44Oq44O85b2T5bqX5YWo5ZOB44Od44Kk44Oz44OI5pyA5aSnMTDlgI0hISA0LzIy772eNC8yNeOAkeKXhzE3U1Mg44Ki44Oz44OA44O844Ki44O844Oe44O8IFVBIEhHIEFSTU9VUiBNT0NLIFNTICAxMjg5NTU0IOODoeODs+OCuiDjgJDjg5Ljg7zjg4jjgq7jgqLjgJE=,,44CQ44Oh44O844Kr44O844GK5Y+W44KK5a+E44Gb5ZWG5ZOB44CRPGJyPgrjgZPjgaHjgonjga7llYblk4Hjga/lvZPlupflnKjluqvllYblk4Hjgafjga/jgZTjgZbjgYTjgb7jgZvjgpPjgIIgPGJyPgrjgYrlj5bjgorlr4TjgZvllYblk4Hjga7ngrrjgIHmrKDlk4Hjg7vlrozlo7Ljga7loLTlkIjjgoLjgZTjgZbjgYTjgb7jgZnjgII8YnI+CuWcqOW6q+OBruacieeEoeODu+e0jeacn+OBq+mWouOBl+OBvuOBl+OBpuOBr+OAgee0jeacn+OBlOahiOWGheODoeODvOODq+OBq+OBpuOBlOeiuuiqjeS4i+OBleOBhOOAgjxicj48YnI+Cjxmb250IGNvbG9yPSJyZWQiPuKAu+OBk+OBoeOCieOBruWVhuWTgeOBr+ebtOaOpei6q+OBq+OBpOOBkeOCi+WVhuWTgeOBp+OBmeOBruOBp+OAgQo8YnI+6L+U5ZOB44O75Lqk5o+b44Gv5Zu644GP44GK5pat44KK44GV44Gb44Gm6aCC44GN44G+44GZ44CCPC9mb250Pjxicj48YnI+CgrilqDkvLjplbfmgKfjgavlhKrjgozjgZ/nlJ/lnLDjgpLkvb/nlKjjgILpq5jjgYTlkLjmsZfpgJ/kub7mgKfjgpLoqofjgorjgIHjgYLjgonjgobjgovli5XkvZzjgavjgYrjgYTjgabli5XjgY3jgoTjgZnjgYTjgII8YnI+CuKWoGhlYXRnZWFyL0NPTVBSRVNTSU9OPGJyPgrilqBVQSBETkHvvJrmsLTliIbjgrPjg7Pjg4jjg63jg7zjg6svNOOCpuOCp+OCpOOCueODiOODrOODg+ODgS/mipfoj4zpmLLoh60v6YCa5rCX5oCnL+ODleODqeODg+ODiOODreODg+OCr+OCt+ODvOODoDxicj4K4pagRkFCUklDIFRFQ0jvvJrjg53jg6rjgqjjgrnjg4bjg6s4NCUv44Od44Oq44Km44Os44K/44OzMTYlPGJyPgrilqBTSVpFU++8mlNNL01EL0xHL1hML1hYTC8zWEwvNFhMIEpBUEFO44K144Kk44K6PGJyPg==,44CQ44Ko44Oz44OI44Oq44O85b2T5bqX5YWo5ZOB44Od44Kk44Oz44OI5pyA5aSnMTDlgI0hISA0LzIy772eNC8yNeOAkeKXhzE3U1Mg44Ki44Oz44OA44O844Ki44O844Oe44O8IFVBIEhHIEFSTU9VUiBNT0NLIFNTICAxMjg5NTU0IOODoeODs+OCuiDjgJDjg5Ljg7zjg4jjgq7jgqLjgJHvvJpGWk9OReOCueODneODvOODhA==,6YCa5L+h6LKp5aOy6YCa6LKp44K344On44OD44OU44Oz44Kw44Kq44Oz44Op44Kk44Oz44K344On44OD44OU44Oz44Kw6LK344GE54mp44OX44Os44K844Oz44OI44Ku44OV44OI6LSI44KK54mp6LSI562U5ZOB44GK5Lit5YWD44GK5q2z5pqu44GK6LK344GE5b6X44K544Od44O844OEc3BvcnRz44OV44Kj44OD44OI44ON44K544K444Og6YOo5rS76YCa5a2m44Ki44Km44OI44OJ44Ki44K544Kk44Og44K144OD44Kr44O844OG44OL44K544OQ44Os44O844Oc44O844Or44Ki44OH44Kj44OA44K5YWRpZGFz44OK44Kk44KtTklLReODl+ODvOODnlBVTUHjg6rjg7zjg5zjg4Pjgq9SZWVib2vjg5Ljg6Xjg7Pjg6Hjg6todW1tZWzjgqLjgrfjg4Pjgq/jgrlhc2ljc+ODn+OCuuODjk1JWlVOT+ODq+OCs+ODg+OCr2xlIGNvcSBzcG9ydGlm44OH44K144Oz44OIREVTQ0VOVEXjgqLjg7Pjg5bjg61VTUJST+OCouODs+ODgOODvOOCouODvOODnuODvFVOREVSIEFSTU9VUuODqOODjeODg+OCr+OCuVlPTkVY44Kr44OD44ORa2FwcGHjg4Djg7Pjgrnjgq3jg7NEQU5TS0lO44K444O844OV44Kj44OD44OIRy1GSVTjgrjjgqfjg7zjg7Pjgrnjgr/jgqTjg6tKYW5lc3R5bGXjg4fjgqPjg7zjgqjjg4zjgqjjgrlETlPjgrbjg5DjgrlTQVZBU+ODrOODvOOCtuODvOODk+ODvOODoGxhemVyYmVhbeOCueOCr+OCueOCr1NVS1VTS1XjgqLjg4njg5/jg6njg6tBZG1pcmFs44OZ44OB44Ol44OpQmV0dWxh44K/44K/44OfVEFUQU1J44OR44Op44OH44Kj44Km44OgUEFMTEFESVVN44Kz44Oz44OQ44O844K5Q09OVkVSU0Xjg5Pjg6vjgrHjg7Pjgrfjg6Xjg4jjg4Pjgq9CSVJLRU5TVE9DS+OCq+ODq+ODlUtBUkhV44OL44Ol44O844OQ44Op44Oz44K5TmV3IEJhbGFuY2XjgrnjgrHjg4Pjg4Hjg6Pjg7zjgrpTS0VDSEVSU+ODhOOCp+ODj1plaGHjgq/jg6njg7zjgq/jgrljbGFya3Pjg53jg60g44Op44Or44OV44Ot44O844Os44OzUG9sbyBSYWxwaExhdXJlbuODouODs+ODmeODq21vbnQtYmVsbOODmOODquODvOODj+ODs+OCu+ODs0hFTExZIEhBTlNFTuODnuODvOODouODg+ODiE1hcm1vdOODreOCtOOCuUxPR09T44Kt44Oj44OX44OG44Oz44K544K/44OD44KwQ0FQVEFJTiBTVEFH44Ko44Oe44O844K444Kn44Oz44K344O844K+44O844OzRU1FUkdFTkNZIFpPTkXjg4njg4Pjg5rjg6vjgq7jg6Pjg7Pjgqzjg7xET1BQRUxHQU5HRVLjgrXjg63jg6Ljg7NTYWxvbW9u44Kt44O844OzS0VFTuOCs+ODreODs+ODk+OCokNvbHVtYmlh44Oh44Os44OrTUVSUkVMTOODhuOCo+ODs+ODkOODg+OCrzJUSU1CVUsy44Kz44Op44Oz44OI44OD44OGQ29sYW50b3R0ZeODleOCoeOCpOODhuODs3BoaXRlbuOCteODvOODouOCuVRIRVJNT1Pjgrnjg6/jg7PjgrpTV0FOU+OCquODvOOCr+ODquODvE9BS0xFWeOCqOODl+OCveODs0VQU09O44K944O844OeU09NQeOCueODs+ODiFNVVU5UT+OCq+OCt+OCqkNBU0lP44K744Kk44Kz44O8U0VJS0/jgrbjg6Djgrnjg4haQU1TVOODquOCrOODvOODiVJFR1VBUkTjgr3jg5Xjgr3jg7zjg6tTT0ZTT0xF44K944Or44OcU09SQk/jgqTjg7Pjg5fjg6njgrlJbXBsdXPjg5XjgqHjgqTjg4bjg7NQaGl0ZW7jg57jgq/jg4Djg5Pjg4Pjg4lNY0Rhdmlk44K544Kt44Oz44K6U0tJTlPjgrfjg7zjgrnjg6rjg7zjg5XjgqPjg4Pjg4hDM2ZpdOOCt+OCu+OCpOOCueODiOOCuOODo+ODvOOCuOOCpuOCpOODs+ODieODluODrOODvOOCq+ODvOS4iuS4i+OCu+ODg+ODiOODreODvOODqeODvOOCt+ODpeODvOOCuuODkuODvOODquODvOOCuuOCreODg+OCr+OCueOCseODvOOCv+ODvOODgOODvOODhOOCqOODleOCvuODvOODs+OCueODneODvOODhEZaT05F44K544Od44O844OERlpPTkUgc3BvcnRzRuOCvuODvOODs+OAkOOCqOODs+ODiOODquODvOW9k+W6l+WFqOWTgeODneOCpOODs+ODiOacgOWkpzEw5YCNISEgNC8yMu+9njQvMjXjgJHil4cxN1NTIOOCouODs+ODgOODvOOCouODvOODnuODvCBVQSBIRyBBUk1PVVIgTU9DSyBTUyAgMTI4OTU1NCDjg6Hjg7Pjgrog44CQ44OS44O844OI44Ku44Ki44CR,44CQ44Ko44Oz44OI44Oq44O85b2T5bqX5YWo5ZOB44Od44Kk44Oz44OI5pyA5aSnMTDlgI0hISA0LzIy772eNC8yNeOAkeKXhzE3U1Mg44Ki44Oz44OA44O844Ki44O844Oe44O8IFVBIEhHIEFSTU9VUiBNT0NLIFNTICAxMjg5NTU0IOODoeODs+OCuiDjgJDjg5Ljg7zjg4jjgq7jgqLjgJE=[rn]
17-128209,aHR0cDovL3RzaG9wLnIxMHMuanAvZnpvbmUvY2FiaW5ldC91YTIvMTI1NzYxNS5qcGc/Zml0aW49NzAwOjcwMA==,MzIwMC4wMDAw,,44K544Od44O844OE44O744Ki44Km44OI44OJ44KiID4g44K544Od44O844OE44Km44Kn44Ki44O744Ki44Kv44K744K144Oq44O8ID4g44K544Od44O844OE55So44Kk44Oz44OK44O8ID4g44Oh44Oz44K644Kk44Oz44OK44O8ID4g44OI44OD44OX44K5,44CQ44Ko44Oz44OI44Oq44O85b2T5bqX5YWo5ZOB44Od44Kk44Oz44OI5pyA5aSnMTDlgI0hISA0LzIy772eNC8yNeOAkeKYhTE3U1Mg44Ki44Oz44OA44O844Ki44O844Oe44O8IFVBIENDIFNQT1JUU1RZTEUgTE9HTyAgMTI1NzYxNSDjg6Hjg7Pjgrog44CQ44OS44O844OI44Ku44Ki44CR,,PGZvbnQgc2l6ZT0iMyIgY29sb3I9InJlZCI+4oC744GT44Gh44KJ44Gu5ZWG5ZOB44Gv55u05o6l6Lqr44Gr44Gk44GR44KL5ZWG5ZOB44Gn44GZ44Gu44Gn44CBCjxicj7ov5Tlk4Hjg7vkuqTmj5vjga/lm7rjgY/jgYrmlq3jgorjgZXjgZvjgabpoILjgY3jgb7jgZnjgII8L2ZvbnQ+PGJyPjxicj4K4pag54us6Ieq44Gu44OG44Kv44OO44Ot44K444O844Gr44KI44KK5ZC45rGX6YCf5Lm+5oCn44KS6auY44KB44Gf44CM44OB44Oj44O844K444OJ44Kz44OD44OI44Oz44CN44CCPGJyPgrilqBIZWF0Z2Vhci9MT09TRS9DSEFSR0VEQ09UVE9OPGJyPgrilqBVQSBETkHvvJrmsLTliIbjgrPjg7Pjg4jjg63jg7zjg6svNOOCpuOCp+OCpOOCueODiOODrOODg+ODgTxicj4K4pagRkFCUklDIFRFQ0jvvJrjgrPjg4Pjg4jjg7M1NyUv44Od44Oq44Ko44K544OG44OrMzglL+ODneODquOCpuODrOOCv+ODszUlPGJyPgrilqBTSVpFU++8mlNNL01EL0xHL1hML1hYTC8zWEwvNFhMIEpBUEFO44K144Kk44K6PGJyPjxicj4=,44CQ44Ko44Oz44OI44Oq44O85b2T5bqX5YWo5ZOB44Od44Kk44Oz44OI5pyA5aSnMTDlgI0hISA0LzIy772eNC8yNeOAkeKYhTE3U1Mg44Ki44Oz44OA44O844Ki44O844Oe44O8IFVBIENDIFNQT1JUU1RZTEUgTE9HTyAgMTI1NzYxNSDjg6Hjg7Pjgrog44CQ44OS44O844OI44Ku44Ki44CR77yaRlpPTkXjgrnjg53jg7zjg4Q=,6YCa5L+h6LKp5aOy6YCa6LKp44K344On44OD44OU44Oz44Kw44Kq44Oz44Op44Kk44Oz44K344On44OD44OU44Oz44Kw6LK344GE54mp44OX44Os44K844Oz44OI44Ku44OV44OI6LSI44KK54mp6LSI562U5ZOB44GK5Lit5YWD44GK5q2z5pqu44GK6LK344GE5b6X44K544Od44O844OEc3BvcnRz44OV44Kj44OD44OI44ON44K544K444Og6YOo5rS76YCa5a2m44Ki44Km44OI44OJ44Ki44K544Kk44Og44K144OD44Kr44O844OG44OL44K544OQ44Os44O844Oc44O844Or44Ki44OH44Kj44OA44K5YWRpZGFz44OK44Kk44KtTklLReODl+ODvOODnlBVTUHjg6rjg7zjg5zjg4Pjgq9SZWVib2vjg5Ljg6Xjg7Pjg6Hjg6todW1tZWzjgqLjgrfjg4Pjgq/jgrlhc2ljc+ODn+OCuuODjk1JWlVOT+ODq+OCs+ODg+OCr2xlIGNvcSBzcG9ydGlm44OH44K144Oz44OIREVTQ0VOVEXjgqLjg7Pjg5bjg61VTUJST+OCouODs+ODgOODvOOCouODvOODnuODvFVOREVSIEFSTU9VUuODqOODjeODg+OCr+OCuVlPTkVY44Kr44OD44ORa2FwcGHjg4Djg7Pjgrnjgq3jg7NEQU5TS0lO44K444O844OV44Kj44OD44OIRy1GSVTjgrjjgqfjg7zjg7Pjgrnjgr/jgqTjg6tKYW5lc3R5bGXjg4fjgqPjg7zjgqjjg4zjgqjjgrlETlPjgrbjg5DjgrlTQVZBU+ODrOODvOOCtuODvOODk+ODvOODoGxhemVyYmVhbeOCueOCr+OCueOCr1NVS1VTS1XjgqLjg4njg5/jg6njg6tBZG1pcmFs44OZ44OB44Ol44OpQmV0dWxh44K/44K/44OfVEFUQU1J44OR44Op44OH44Kj44Km44OgUEFMTEFESVVN44Kz44Oz44OQ44O844K5Q09OVkVSU0Xjg5Pjg6vjgrHjg7Pjgrfjg6Xjg4jjg4Pjgq9CSVJLRU5TVE9DS+OCq+ODq+ODlUtBUkhV44OL44Ol44O844OQ44Op44Oz44K5TmV3IEJhbGFuY2XjgrnjgrHjg4Pjg4Hjg6Pjg7zjgrpTS0VDSEVSU+ODhOOCp+ODj1plaGHjgq/jg6njg7zjgq/jgrljbGFya3Pjg53jg60g44Op44Or44OV44Ot44O844Os44OzUG9sbyBSYWxwaExhdXJlbuODouODs+ODmeODq21vbnQtYmVsbOODmOODquODvOODj+ODs+OCu+ODs0hFTExZIEhBTlNFTuODnuODvOODouODg+ODiE1hcm1vdOODreOCtOOCuUxPR09T44Kt44Oj44OX44OG44Oz44K544K/44OD44KwQ0FQVEFJTiBTVEFH44Ko44Oe44O844K444Kn44Oz44K344O844K+44O844OzRU1FUkdFTkNZIFpPTkXjg4njg4Pjg5rjg6vjgq7jg6Pjg7Pjgqzjg7xET1BQRUxHQU5HRVLjgrXjg63jg6Ljg7NTYWxvbW9u44Kt44O844OzS0VFTuOCs+ODreODs+ODk+OCokNvbHVtYmlh44Oh44Os44OrTUVSUkVMTOODhuOCo+ODs+ODkOODg+OCrzJUSU1CVUsy44Kz44Op44Oz44OI44OD44OGQ29sYW50b3R0ZeODleOCoeOCpOODhuODs3BoaXRlbuOCteODvOODouOCuVRIRVJNT1Pjgrnjg6/jg7PjgrpTV0FOU+OCquODvOOCr+ODquODvE9BS0xFWeOCqOODl+OCveODs0VQU09O44K944O844OeU09NQeOCueODs+ODiFNVVU5UT+OCq+OCt+OCqkNBU0lP44K744Kk44Kz44O8U0VJS0/jgrbjg6Djgrnjg4haQU1TVOODquOCrOODvOODiVJFR1VBUkTjgr3jg5Xjgr3jg7zjg6tTT0ZTT0xF44K944Or44OcU09SQk/jgqTjg7Pjg5fjg6njgrlJbXBsdXPjg5XjgqHjgqTjg4bjg7NQaGl0ZW7jg57jgq/jg4Djg5Pjg4Pjg4lNY0Rhdmlk44K544Kt44Oz44K6U0tJTlPjgrfjg7zjgrnjg6rjg7zjg5XjgqPjg4Pjg4hDM2ZpdOOCt+OCu+OCpOOCueODiOOCuOODo+ODvOOCuOOCpuOCpOODs+ODieODluODrOODvOOCq+ODvOS4iuS4i+OCu+ODg+ODiOODreODvOODqeODvOOCt+ODpeODvOOCuuODkuODvOODquODvOOCuuOCreODg+OCr+OCueOCseODvOOCv+ODvOODgOODvOODhOOCqOODleOCvuODvOODs+OCueODneODvOODhEZaT05F44K544Od44O844OERlpPTkUgc3BvcnRzRuOCvuODvOODs+OAkOOCqOODs+ODiOODquODvOW9k+W6l+WFqOWTgeODneOCpOODs+ODiOacgOWkpzEw5YCNISEgNC8yMu+9njQvMjXjgJHimIUxN1NTIOOCouODs+ODgOODvOOCouODvOODnuODvCBVQSBDQyBTUE9SVFNUWUxFIExPR08gIDEyNTc2MTUg44Oh44Oz44K6IOOAkOODkuODvOODiOOCruOCouOAkQ==,44CQ44Ko44Oz44OI44Oq44O85b2T5bqX5YWo5ZOB44Od44Kk44Oz44OI5pyA5aSnMTDlgI0hISA0LzIy772eNC8yNeOAkeKYhTE3U1Mg44Ki44Oz44OA44O844Ki44O844Oe44O8IFVBIENDIFNQT1JUU1RZTEUgTE9HTyAgMTI1NzYxNSDjg6Hjg7Pjgrog44CQ44OS44O844OI44Ku44Ki44CR[rn]
17-128210,aHR0cDovL3RzaG9wLnIxMHMuanAvb25lcG9pbnQvY2FiaW5ldC8wMDczODQ0MC96dWh0bTEzLTEuanBnP2ZpdGluPTcwMDo3MDA=,NzI0MC4wMDAw,,44K544Od44O844OE44O744Ki44Km44OI44OJ44KiID4g44K544Od44O844OE44Km44Kn44Ki44O744Ki44Kv44K744K144Oq44O8ID4g44K544Od44O844OE55So44Kk44Oz44OK44O8ID4g44Oh44Oz44K644Kk44Oz44OK44O8ID4g44OI44OD44OX44K5,4peO44O744K844Ot44OV44Kj44OD44OIIFpFUk9GSVQg44Oh44Oz44K6IOODkuODvOODiOODqeODlkhFQVQgUlVCIOOCv+OCpOODhCDjg5Xjg63jg7Pjg4jjgqrjg7zjg5fjg7PvvIjliY3plovjgY3vvIkxMDA1OTUzNS1aVUhUTTEz,,PEJSPgrjgIDilqDntKDmnZA8QlI+CuOAgOOAgOOCouOCr+ODquODqzM4JeODu+OCouOCr+ODquODq+ezuzI1JeODu+ODiuOCpOODreODszE4JTxCUj4K44CA44CA44Kt44Ol44OW44OpMTIl44O744Km44O844OrNSXjg7vjg53jg6rjgqbjg6zjgr/jg7MyJTxCUj4KPEJSPgrjgIDilqDnibnplbc8QlI+CuOAgOOAgOOAkOeZuueGseS/neWtmOOAkTxCUj4K44CA44CA44O75q+b6Laz44Gu6ZW344GE54m56Kix5Y+W5b6X44Gu6KOP6LW35q+bKOODgOODluODq+ODq+ODvOODl+ODkOODrOODq+i1t+avmynjgYw8QlI+CuOAgOOAgOOAgOepuuawl+OBruaWreeGseWxpOOCkuS9nOOCiuWHuuOBl+OAgeWkluawl+OBi+OCieOBruWGt+awl+OCkumBruaWreOBl+OAgTxCUj4K44CA44CA44CA5L2T5rip44GM6YCD44GS44KL44Gu44KS6Ziy44GQ44CCIDxCUj4K44CA44CA44CQ5pGp5pOm55m654ax44CRPEJSPgrjgIDjgIDjg7vmr5votrPjga7plbfjgYTnibnoqLHlj5blvpfjga7oo4/otbfmr5so44OA44OW44Or44Or44O844OX44OQ44Os44Or6LW35q+bKeOBjDxCUj4K44CA44CA44CA6Lqr5L2T44Gu5YuV44GN44KS54ax44Gr5aSJ44GI44KL5pGp5pOm55m654ax5Yq55p6c44KS55m65o+u44CCPEJSPgrjgIDjgIDjgJDlkLjmub/nmbrnhrHjgJE8QlI+CuOAgOOAgOODu+WQuOa5v+eZuueGsee0oOadkOOCteODvOODouOCruOCouOBjOaxl+OBquOBqeOBrua5v+awl+OCkuWQuOedgOOBlzxCUj4K44CA44CA44CA6KGj5pyN5YaF44Gu5rip5bqm44KS6auY44KB44KL44CCPEJSPgrjgIDjgIDjgJDoqr/mub/jgJE8QlI+CuOAgOOAgOODu+S9meWIhuOBqua5v+W6puOCkuWklumDqOOBq+aUvuWHuuOBl+OAgeiSuOOCjOOCkuaKkeOBiOOBpueIveOChOOBi+OBquedgOOBlOOBk+OBoeOCkuS/neOBpOOAgjxCUj4K44CA44CA44CQ44KE44GV44GX44GE6IKM44GW44KP44KK44CRPEJSPgrjgIDjgIDjg7vpnZ7luLjjgavntLDjgYTjg57jgqTjgq/jg63jg5XjgqHjgqTjg5Djg7zjgpLkvb/nlKjjgZfjgIE8QlI+CuOAgOOAgOOAgOiCjOOBq+WEquOBl+OBhOOChOOCj+OCieOBi+OBquiCjOOBluOCj+OCiuOCkuWun+ePvuOAgjxCUj4KPEJSPgril4bnlLvpnaLkuIrjgajlrp/nianjgafjga/lpJrlsJHoibLlhbflkIjjgYznlbDjgarjgaPjgabopovjgYjjgovloLTlkIjjgoLjgZTjgZbjgYTjgb7jgZnjgII8QlI+PEJSPgril4blnKjluqvmlbDjga7mm7TmlrDjga/pmo/mmYLooYzjgaPjgabjgYrjgorjgb7jgZnjgYzjgIHjgYrosrfjgYTkuIrjgZLjgYTjgZ/jgaDjgYTjgZ/llYblk4HjgYzjgIE8YnI+CuOAgOWTgeWIh+OCjOOBq+OBquOBo+OBpuOBl+OBvuOBhuOBk+OBqOOCguOBlOOBluOBhOOBvuOBmeOAgjxicj4K44CA44Gd44Gu5aC05ZCI44CB44GK5a6i5qeY44Gr44Gv5b+F44Ga6YCj57Wh44KS44GE44Gf44GX44G+44GZ44GM44CBPEJSPgrjgIDkuIfjgYzkuIDlhaXojbfkuojlrprjgYzjgarjgYTloLTlkIjjga/jgq3jg6Pjg7Pjgrvjg6vjgZXjgZvjgabjgYTjgZ/jgaDjgY/loLTlkIjjgoI8QlI+CuOAgOOBlOOBluOBhOOBvuOBmeOBk+OBqOOCkuOBguOCieOBi+OBmOOCgeOBlOS6huaJv+OBj+OBoOOBleOBhOOAgjxCUj48QlI+CuKXhuOBvuOBn+OAgeOCpOODs+OCv+ODvOODjeODg+ODiOiyqeWjsuWQhOW6l+iIl+OBqOWun+W6l+iIl+OBneOCjOOBnuOCjOOBruS+oeagvOioreWumuOBrzxCUj4K44CA55Ww44Gq44Gj44Gm44GK44KK44K744O844Or44KE44CB5LyB55S75YaF5a6544Gr6YCj5YuV5oCn44Gv44GU44GW44GE44G+44Gb44KT44CC,4peO44O744K844Ot44OV44Kj44OD44OIIFpFUk9GSVQg44Oh44Oz44K6IOODkuODvOODiOODqeODlkhFQVQgUlVCIOOCv+OCpOODhCDjg5Xjg63jg7Pjg4jjgqrjg7zjg5fjg7PvvIjliY3plovjgY3vvIkxMDA1OTUzNS1aVUhUTTEz77ya44K044Or44OV44K344On44OD44OXIOODr+ODs+ODneOCpOODs+ODiA==,6YCa5L+h6LKp5aOy6YCa6LKp44K344On44OD44OU44Oz44Kw44Kq44Oz44Op44Kk44Oz44K344On44OD44OU44Oz44Kw6LK344GE54mp44OX44Os44K844Oz44OI44Ku44OV44OI6LSI44KK54mp6LSI562U5ZOB44GK5Lit5YWD44GK5q2z5pqu44GK6LK344GE5b6X44OI44Of44O844OS44Or44OV44Kj44Ks44O844K144Kk44Kz44OQ44OL44O844Ki44OJ44Of44Op44Or44OX44O844Oe44Kt44Oj44Ot44Km44Kn44Kk44Ki44OH44Kj44OA44K544OA44Oz44K544Km44Kj44K644OJ44Op44K044Oz44Or44Kz44OD44Kv44K/44Kk44OI44Oq44K544OI44Ks44OD44OB44Oj44K044Or44OV44CAR09UQ0hB44CAR09MRuOCtOODq+ODleOCpuOCp+OCouOCtOODq+ODleOCsOODreODvOODluOCreODo+ODh+OCo+ODkOODg+OCsOOCtOODq+ODleOCt+ODpeODvOOCuuOCtOODq+ODleODnOODvOODq+OCouOCpuODiOODrOODg+ODiOOCquODs+ODqeOCpOODs+OCt+ODp+ODg+ODl+OAgOOCtOODq+ODleOCt+ODp+ODg+ODl+alveWkqeOAgOOCtOODq+ODlemAmuiyqeOCtOODq+ODleeUqOWTgeOAgOOCtOODq+ODleOCpuOCp+OCouOAgOeItuOBruaXpeOAgOODl+ODrOOCvOODs+ODiOKXjuODu+OCvOODreODleOCo+ODg+ODiCBaRVJPRklUIOODoeODs+OCuiDjg5Ljg7zjg4jjg6njg5ZIRUFUIFJVQiDjgr/jgqTjg4Qg44OV44Ot44Oz44OI44Kq44O844OX44Oz77yI5YmN6ZaL44GN77yJMTAwNTk1MzUtWlVIVE0xMw==,44K044Or44OVIEdPTEYg44K544Od44O844OEIOOCv+OCpOODhCDjg5Xjg63jg7Pjg4jjgqrjg7zjg5fjg7PvvIjliY3plovjgY3vvInjgILil47jg7vjgrzjg63jg5XjgqPjg4Pjg4ggWkVST0ZJVCDjg6Hjg7Pjgrog44OS44O844OI44Op44OWSEVBVCBSVUIg44K/44Kk44OEIOODleODreODs+ODiOOCquODvOODl+ODs++8iOWJjemWi+OBje+8iTEwMDU5NTM1LVpVSFRNMTM=[rn]
17-128211,aHR0cDovL3RzaG9wLnIxMHMuanAvbGlmZS1sYWJvMS9jYWJpbmV0LzAxMTQwODc3L2ltZ3JjMDA2MzI1Nzk2Mi5qcGc/Zml0aW49NzAwOjcwMA==,NDc4NC44MDAw,,44K544Od44O844OE44O744Ki44Km44OI44OJ44KiID4g44K544Od44O844OE44Km44Kn44Ki44O744Ki44Kv44K744K144Oq44O8ID4g44K544Od44O844OE55So44Kk44Oz44OK44O8ID4g44Oh44Oz44K644Kk44Oz44OK44O8ID4g44OI44OD44OX44K5,6b2K6Jek5YWI55Sf44Gu44Kw44Oz44Kw44Oz44Km44Kp44O844Kv44OG44O844OU44Oz44Kw44K544OR44OD44OEMTDliIbkuIgg44OW44Op44OD44Kv44O744OZ44O844K444Ol44CQ44K144Kk44K6IDNM44CR55S35aWz5YW855So,,,6b2K6Jek5YWI55Sf44Gu44Kw44Oz44Kw44Oz44Km44Kp44O844Kv44OG44O844OU44Oz44Kw44K544OR44OD44OEMTDliIbkuIgg44OW44Op44OD44Kv44O744OZ44O844K444Ol44CQ44K144Kk44K6IDNM44CR55S35aWz5YW855So77ya576O44Go5YGl5bq344Gu44Op44Kk44OV44Op44Oc,6YCa5L+h6LKp5aOy6YCa6LKp44K344On44OD44OU44Oz44Kw44Kq44Oz44Op44Kk44Oz44K344On44OD44OU44Oz44Kw6LK344GE54mp44OX44Os44K844Oz44OI44Ku44OV44OI6LSI44KK54mp6LSI562U5ZOB44GK5Lit5YWD44GK5q2z5pqu44GK6LK344GE5b6X44Kz44K544Oh5YGl5bq36ZuR6LKo44Kz44Kz44OK44OD44OE44Kq44Kk44Or44Ki44OI44K344K544OG44Og44Of44ON44Op44Oq44KiIOOCouODs+ODl+ODq+ODvOODq+ODnuODvOOCteODvOOCuOOCsuODq+ODqeOCt+ODs+OCt+OCouODleOCo+ODiOODoeODvOODqyDlhaXmtbTliaTjgqLjg7Pjg4njg6njg4bjgqPjgqLjg5jjg7Pjg5fjgrfjg7zjg4njg4rjg4Pjg4Tjg4DjgqTjgqjjg4Pjg4jjgrXjg5fjg6rjg6Hjg7Pjg4jjg4fjgqPjg6zjgqTjgqIg44Op44Oh44Oz44OGIE1UR+OCpOODs+OCveODvOODq+e+juOBqOWBpeW6t+OBruODqeOCpOODleODqeODnOOCruODleODiOOBiuOCueOCueODoeWVhuWTgeODl+ODqeOCu+ODs+OCv+m9iuiXpOWFiOeUn+OBruOCsOODs+OCsOODs+OCpuOCqeODvOOCr+ODhuODvOODlOODs+OCsOOCueODkeODg+ODhDEw5YiG5LiIIOODluODqeODg+OCr+ODu+ODmeODvOOCuOODpeOAkOOCteOCpOOCuiAzTOOAkeeUt+Wls+WFvOeUqA==,44G+44KL44Gn44OG44O844OU44Oz44Kw44GX44Gm44KL44G/44Gf44GEIeOAgOmBi+WLleapn+iDveOCteODneODvOODiOeUqOOCueODkeODg+ODhOOAgum9iuiXpOWFiOeUn+OBruOCsOODs+OCsOODs+OCpuOCqeODvOOCr+ODhuODvOODlOODs+OCsOOCueODkeODg+ODhDEw5YiG5LiIIOODluODqeODg+OCr+ODu+ODmeODvOOCuOODpeOAkOOCteOCpOOCuiAzTOOAkeeUt+Wls+WFvOeUqA==[rn]
17-128212,aHR0cDovL3RzaG9wLnIxMHMuanAva2Vua29leC9jYWJpbmV0LzEyODAvMTI4MC00NTcxNDIwNTE4NDY5XzEuanBnP2ZpdGluPTcwMDo3MDA=,MzkyMC4wMDAw,,44K544Od44O844OE44O744Ki44Km44OI44OJ44KiID4g44K544Od44O844OE44Km44Kn44Ki44O744Ki44Kv44K744K144Oq44O8ID4g44K544Od44O844OE55So44Kk44Oz44OK44O8ID4g44Oh44Oz44K644Kk44Oz44OK44O8ID4g44OI44OD44OX44K5,W1VOREVSIEFSTUVSXeOCouODs+ODgOODvOOCouODvOODnuODvCBNRE4gVUEgQ09MREdFQVIgQVJNT1VSIExT44Oi44OD44KvIFhMW01DTTEyOTddW+eUt+aAp+eUqF3vvIjjgqbjgqfjgqIg44Km44Ko44KiIOacje+8iQ==,,PHRhYmxlIGJvcmRlcj0iMSIgYm9yZGVyY29sb3I9IiM5OTkiIGNlbGxwYWRkaW5nPSIwIiBjZWxsc3BhY2luZz0iMCI+Cjx0cj4KPHRoPue0oOadkDwvdGg+Cjx0ZD4K44Od44Oq44Ko44K544OG44OrIDg3JSwg44Od44Oq44Km44Os44K/44OzIDEzJQo8L3RkPgo8L3RyPgo8dHI+Cjx0aD7nlJ/nlKPlm708L3RoPgo8dGQ+CuODmeODiOODiuODoDxiciAvPgoKPC90ZD4KPC90cj4KPHRyPgo8dGg+6KO96YCg5YWDPC90aD4KPHRkPgrjgqLjg7Pjg4Djg7zjgqLjg7zjg57jg7zvvIjjg4njg7zjg6Djgqvjgrnjgr/jg57jg7zjgrvjg7Pjgr/jg7xURUzvvJowMTIwLTEwNi03ODbvvIkKPC90ZD4KPC90cj4KPHRyPgo8dGg+5qSc57Si55So5paH6KiAPC90aD4KPHRkPgpbVU5ERVIgQVJNRVJd44Ki44Oz44OA44O844Ki44O844Oe44O8IE1ETiBVQSBDT0xER0VBUiBBUk1PVVIgTFPjg6Ljg4Pjgq8gWExbI01DTTEyOTddCjwvdGQ+CjwvdHI+Cjx0cj4KPHRoPuW6g+WRiuaWh+iyrDwvdGg+Cjx0ZD4K5qCq5byP5Lya56S+44Kx44Oz44Kz44O844Ko44Kv44K544OX44Os44K5IFRFTDowMy02NDExLTU1MTMKPC90ZD4KPC90cj4KPC90YWJsZT4=,W1VOREVSIEFSTUVSXeOCouODs+ODgOODvOOCouODvOODnuODvCBNRE4gVUEgQ09MREdFQVIgQVJNT1VSIExT44Oi44OD44KvIFhMW01DTTEyOTddW+eUt+aAp+eUqF3vvIjjgqbjgqfjgqIg44Km44Ko44KiIOacje+8ie+8muWBpeW6t+OCqOOCr+OCueODl+ODrOOCuQ==,6YCa5L+h6LKp5aOy6YCa6LKp44K344On44OD44OU44Oz44Kw44Kq44Oz44Op44Kk44Oz44K344On44OD44OU44Oz44Kw6LK344GE54mp44OX44Os44K844Oz44OI44Ku44OV44OI6LSI44KK54mp6LSI562U5ZOB44GK5Lit5YWD44GK5q2z5pqu44GK6LK344GE5b6X44Ki44Ks44Oq44Kv44K55LuZ55Sf6Zyy44Oh44K344Oe44Kz44OW6Iqx44Gz44KJ44Gf44GRQUhDQ+OCouODreOCqOadvuWvv+S7meOCs+OCqOODs+OCtuOCpOODoOWBpeW6t+OCqOOCr+OCueODl+ODrOOCuUNQTFJvQ+OCguOBmuOBj+ODleOCs+OCpOODgOODs+ODrOODs+ODgeODs+S4h+eUsOmFtee0oOODl+ODreODneODquOCueOCt+ODvOODleOCs+OCpOODgOODs+OCpuOCs+ODs+m7kumFouODq+ODn+ODs0FbVU5ERVIgQVJNRVJd44Ki44Oz44OA44O844Ki44O844Oe44O8IE1ETiBVQSBDT0xER0VBUiBBUk1PVVIgTFPjg6Ljg4Pjgq8gWExbTUNNMTI5N11b55S35oCn55SoXe+8iOOCpuOCp+OCoiDjgqbjgqjjgqIg5pyN77yJ,W1VOREVSIEFSTUVSXeOCouODs+ODgOODvOOCouODvOODnuODvCBNRE4gVUEgQ+OAgltVTkRFUiBBUk1FUl3jgqLjg7Pjg4Djg7zjgqLjg7zjg57jg7wgTUROIFVBIENPTERHRUFSIEFSTU9VUiBMU+ODouODg+OCryBYTFtNQ00xMjk3XVvnlLfmgKfnlKhd77yI44Km44Kn44KiIOOCpuOCqOOCoiDmnI3vvIk=[rn]
17-128213,aHR0cDovL3RzaG9wLnIxMHMuanAva2Vua29leC9jYWJpbmV0LzEyODAvMTI4MC00NTcxNDIwNTE3MTM0XzEuanBnP2ZpdGluPTcwMDo3MDA=,MzkyMC4wMDAw,,44K544Od44O844OE44O744Ki44Km44OI44OJ44KiID4g44K544Od44O844OE44Km44Kn44Ki44O744Ki44Kv44K744K144Oq44O8ID4g44K544Od44O844OE55So44Kk44Oz44OK44O8ID4g44Oh44Oz44K644Kk44Oz44OK44O8ID4g44OI44OD44OX44K5,44Oh44Oz44K6L+mVt+iilltVTkRFUiBBUk1FUl3jgqLjg7Pjg4Djg7zjgqLjg7zjg57jg7wgQkxLIFVBIENPTERHRUFSIEFSTU9VUiBMU+OCr+ODq+ODvCBYTCDjg6Hjg7Pjgrov6ZW36KKWW01DTTE3NzJdW+eUt+aAp+eUqF0=,,PHRhYmxlIGJvcmRlcj0iMSIgYm9yZGVyY29sb3I9IiM5OTkiIGNlbGxwYWRkaW5nPSIwIiBjZWxsc3BhY2luZz0iMCI+Cjx0cj4KPHRoPue0oOadkDwvdGg+Cjx0ZD4K44Od44Oq44Ko44K544OG44OrIDg3JSwg44Od44Oq44Km44Os44K/44OzIDEzJQo8L3RkPgo8L3RyPgo8dHI+Cjx0aD7nlJ/nlKPlm708L3RoPgo8dGQ+CuODmeODiOODiuODoDxiciAvPgoKPC90ZD4KPC90cj4KPHRyPgo8dGg+6KO96YCg5YWDPC90aD4KPHRkPgrjgqLjg7Pjg4Djg7zjgqLjg7zjg57jg7zvvIjjg4njg7zjg6Djgqvjgrnjgr/jg57jg7zjgrvjg7Pjgr/jg7xURUzvvJowMTIwLTEwNi03ODbvvIkKPC90ZD4KPC90cj4KPHRyPgo8dGg+5qSc57Si55So5paH6KiAPC90aD4KPHRkPgpbVU5ERVIgQVJNRVJd44Ki44Oz44OA44O844Ki44O844Oe44O8IEJMSyBVQSBDT0xER0VBUiBBUk1PVVIgTFPjgq/jg6vjg7wgWExbI01DTTE3NzJdCjwvdGQ+CjwvdHI+Cjx0cj4KPHRoPuW6g+WRiuaWh+iyrDwvdGg+Cjx0ZD4K5qCq5byP5Lya56S+44Kx44Oz44Kz44O844Ko44Kv44K544OX44Os44K5IFRFTDowMy02NDExLTU1MTMKPC90ZD4KPC90cj4KPC90YWJsZT4=,44Oh44Oz44K6L+mVt+iilltVTkRFUiBBUk1FUl3jgqLjg7Pjg4Djg7zjgqLjg7zjg57jg7wgQkxLIFVBIENPTERHRUFSIEFSTU9VUiBMU+OCr+ODq+ODvCBYTCDjg6Hjg7Pjgrov6ZW36KKWW01DTTE3NzJdW+eUt+aAp+eUqF3vvJrlgaXlurfjgqjjgq/jgrnjg5fjg6zjgrk=,6YCa5L+h6LKp5aOy6YCa6LKp44K344On44OD44OU44Oz44Kw44Kq44Oz44Op44Kk44Oz44K344On44OD44OU44Oz44Kw6LK344GE54mp44OX44Os44K844Oz44OI44Ku44OV44OI6LSI44KK54mp6LSI562U5ZOB44GK5Lit5YWD44GK5q2z5pqu44GK6LK344GE5b6X44Ki44Ks44Oq44Kv44K55LuZ55Sf6Zyy44Oh44K344Oe44Kz44OW6Iqx44Gz44KJ44Gf44GRQUhDQ+OCouODreOCqOadvuWvv+S7meOCs+OCqOODs+OCtuOCpOODoOWBpeW6t+OCqOOCr+OCueODl+ODrOOCuUNQTFJvQ+OCguOBmuOBj+ODleOCs+OCpOODgOODs+ODrOODs+ODgeODs+S4h+eUsOmFtee0oOODl+ODreODneODquOCueOCt+ODvOODleOCs+OCpOODgOODs+OCpuOCs+ODs+m7kumFouODq+ODn+ODs0Hjg6Hjg7Pjgrov6ZW36KKWW1VOREVSIEFSTUVSXeOCouODs+ODgOODvOOCouODvOODnuODvCBCTEsgVUEgQ09MREdFQVIgQVJNT1VSIExT44Kv44Or44O8IFhMIOODoeODs+OCui/plbfoopZbTUNNMTc3Ml1b55S35oCn55SoXQ==,44Oh44Oz44K6L+mVt+iilltVTkRFUiBBUk1FUl3jgqLjg7Pjg4Djg7zjgqLjg7zjg57jg7wgQuOAguODoeODs+OCui/plbfoopZbVU5ERVIgQVJNRVJd44Ki44Oz44OA44O844Ki44O844Oe44O8IEJMSyBVQSBDT0xER0VBUiBBUk1PVVIgTFPjgq/jg6vjg7wgWEwg44Oh44Oz44K6L+mVt+iilltNQ00xNzcyXVvnlLfmgKfnlKhd[rn]
17-128214,aHR0cDovL3RzaG9wLnIxMHMuanAva2Vua29leC9jYWJpbmV0LzEyODAvMTI4MC00NTcxNDIwNTE4NTk5XzEuanBnP2ZpdGluPTcwMDo3MDA=,MzkyMC4wMDAw,,44K544Od44O844OE44O744Ki44Km44OI44OJ44KiID4g44K544Od44O844OE44Km44Kn44Ki44O744Ki44Kv44K744K144Oq44O8ID4g44K544Od44O844OE55So44Kk44Oz44OK44O8ID4g44Oh44Oz44K644Kk44Oz44OK44O8ID4g44OI44OD44OX44K5,W1VOREVSIEFSTUVSXeOCouODs+ODgOODvOOCouODvOODnuODvCBCTEsgVUEgQ09MREdFQVIgQVJNT1VSIExT44Oi44OD44KvIExHW01DTTEyOTddW+eUt+aAp+eUqF3vvIjjgqbjgqfjgqIg44Km44Ko44KiIOacje+8iQ==,,PHRhYmxlIGJvcmRlcj0iMSIgYm9yZGVyY29sb3I9IiM5OTkiIGNlbGxwYWRkaW5nPSIwIiBjZWxsc3BhY2luZz0iMCI+Cjx0cj4KPHRoPue0oOadkDwvdGg+Cjx0ZD4K44Od44Oq44Ko44K544OG44OrIDg3JSwg44Od44Oq44Km44Os44K/44OzIDEzJQo8L3RkPgo8L3RyPgo8dHI+Cjx0aD7nlJ/nlKPlm708L3RoPgo8dGQ+CuODmeODiOODiuODoDxiciAvPgoKPC90ZD4KPC90cj4KPHRyPgo8dGg+6KO96YCg5YWDPC90aD4KPHRkPgrjgqLjg7Pjg4Djg7zjgqLjg7zjg57jg7zvvIjjg4njg7zjg6Djgqvjgrnjgr/jg57jg7zjgrvjg7Pjgr/jg7xURUzvvJowMTIwLTEwNi03ODbvvIkKPC90ZD4KPC90cj4KPHRyPgo8dGg+5qSc57Si55So5paH6KiAPC90aD4KPHRkPgpbVU5ERVIgQVJNRVJd44Ki44Oz44OA44O844Ki44O844Oe44O8IEJMSyBVQSBDT0xER0VBUiBBUk1PVVIgTFPjg6Ljg4Pjgq8gTEdbI01DTTEyOTddCjwvdGQ+CjwvdHI+Cjx0cj4KPHRoPuW6g+WRiuaWh+iyrDwvdGg+Cjx0ZD4K5qCq5byP5Lya56S+44Kx44Oz44Kz44O844Ko44Kv44K544OX44Os44K5IFRFTDowMy02NDExLTU1MTMKPC90ZD4KPC90cj4KPC90YWJsZT4=,W1VOREVSIEFSTUVSXeOCouODs+ODgOODvOOCouODvOODnuODvCBCTEsgVUEgQ09MREdFQVIgQVJNT1VSIExT44Oi44OD44KvIExHW01DTTEyOTddW+eUt+aAp+eUqF3vvIjjgqbjgqfjgqIg44Km44Ko44KiIOacje+8ie+8muWBpeW6t+OCqOOCr+OCueODl+ODrOOCuQ==,6YCa5L+h6LKp5aOy6YCa6LKp44K344On44OD44OU44Oz44Kw44Kq44Oz44Op44Kk44Oz44K344On44OD44OU44Oz44Kw6LK344GE54mp44OX44Os44K844Oz44OI44Ku44OV44OI6LSI44KK54mp6LSI562U5ZOB44GK5Lit5YWD44GK5q2z5pqu44GK6LK344GE5b6X44Ki44Ks44Oq44Kv44K55LuZ55Sf6Zyy44Oh44K344Oe44Kz44OW6Iqx44Gz44KJ44Gf44GRQUhDQ+OCouODreOCqOadvuWvv+S7meOCs+OCqOODs+OCtuOCpOODoOWBpeW6t+OCqOOCr+OCueODl+ODrOOCuUNQTFJvQ+OCguOBmuOBj+ODleOCs+OCpOODgOODs+ODrOODs+ODgeODs+S4h+eUsOmFtee0oOODl+ODreODneODquOCueOCt+ODvOODleOCs+OCpOODgOODs+OCpuOCs+ODs+m7kumFouODq+ODn+ODs0FbVU5ERVIgQVJNRVJd44Ki44Oz44OA44O844Ki44O844Oe44O8IEJMSyBVQSBDT0xER0VBUiBBUk1PVVIgTFPjg6Ljg4Pjgq8gTEdbTUNNMTI5N11b55S35oCn55SoXe+8iOOCpuOCp+OCoiDjgqbjgqjjgqIg5pyN77yJ,W1VOREVSIEFSTUVSXeOCouODs+ODgOODvOOCouODvOODnuODvCBCTEsgVUEgQ+OAgltVTkRFUiBBUk1FUl3jgqLjg7Pjg4Djg7zjgqLjg7zjg57jg7wgQkxLIFVBIENPTERHRUFSIEFSTU9VUiBMU+ODouODg+OCryBMR1tNQ00xMjk3XVvnlLfmgKfnlKhd77yI44Km44Kn44KiIOOCpuOCqOOCoiDmnI3vvIk=[rn]
17-128215,aHR0cDovL3RzaG9wLnIxMHMuanAva2Vua29leC9jYWJpbmV0LzEyODAvMTI4MC00NTczMjg5NTQzMDAyXzEuanBnP2ZpdGluPTcwMDo3MDA=,MjUyMC4wMDAw,,44K544Od44O844OE44O744Ki44Km44OI44OJ44KiID4g44K544Od44O844OE44Km44Kn44Ki44O744Ki44Kv44K744K144Oq44O8ID4g44K544Od44O844OE55So44Kk44Oz44OK44O8ID4g44Oh44Oz44K644Kk44Oz44OK44O8ID4g44OI44OD44OX44K5,44CQ6YCB5paZ54Sh5paZ44CRIFtVTkRFUiBBUk1FUl3jgqLjg7Pjg4Djg7zjgqLjg7zjg57jg7wgVUEgSEVBVEdFQVIgQVJNT1VSIE5PVkVMVFkgU1Mg5Y2K6KKWIOODoeODs+OCuijnlLfmgKfnlKgpIEhFUi9YTFtNQ00zMzU4XSAgKOOCs+ODs+ODl+ODrOODg+OCt+ODp+ODsyDjgqTjg7Pjg4rjg7wg5Y2K6KKWKe+8iOOCpuOCp+OCoiDjgqbjgqjjgqIg5pyN77yJ,,PHRhYmxlIGJvcmRlcj0iMSIgYm9yZGVyY29sb3I9IiM5OTkiIGNlbGxwYWRkaW5nPSIwIiBjZWxsc3BhY2luZz0iMCI+Cjx0cj4KPHRoPue0oOadkDwvdGg+Cjx0ZD4K5pys5L2TOuODneODquOCqOOCueODhuODqyA4NCUsIOODneODquOCpuODrOOCv+ODsyAxNiU8YnIgLz4K5YiH5pu/6YOo5YiGOuODneODquOCqOOCueODhuODqyA5MiUsIOODneODquOCpuODrOOCv+ODsyA4JQo8L3RkPgo8L3RyPgo8dHI+Cjx0aD7nlJ/nlKPlm708L3RoPgo8dGQ+CuS4reWbvTxiciAvPgoKPC90ZD4KPC90cj4KPHRyPgo8dGg+6KO96YCg5YWDPC90aD4KPHRkPgrjgqLjg7Pjg4Djg7zjgqLjg7zjg57jg7zvvIjjg4njg7zjg6Djgqvjgrnjgr/jg57jg7zjgrvjg7Pjgr/jg7xURUzvvJowMTIwLTEwNi03ODbvvIkKPC90ZD4KPC90cj4KPHRyPgo8dGg+5qSc57Si55So5paH6KiAPC90aD4KPHRkPgpbVU5ERVIgQVJNRVJd44Ki44Oz44OA44O844Ki44O844Oe44O8IFVBIEhFQVRHRUFSIEFSTU9VUiBOT1ZFTFRZIOODoeODs+OCuijnlLfmgKfnlKgpIEhFUi9YTFtNQ00zMzU4XQo8L3RkPgo8L3RyPgo8dHI+Cjx0aD7luoPlkYrmlofosqw8L3RoPgo8dGQ+CuagquW8j+S8muekvuOCseODs+OCs+ODvOOCqOOCr+OCueODl+ODrOOCuSBURUw6MDMtNjQxMS01NTEzCjwvdGQ+CjwvdHI+CjwvdGFibGU+,44CQ6YCB5paZ54Sh5paZ44CRIFtVTkRFUiBBUk1FUl3jgqLjg7Pjg4Djg7zjgqLjg7zjg57jg7wgVUEgSEVBVEdFQVIgQVJNT1VSIE5PVkVMVFkgU1Mg5Y2K6KKWIOODoeODs+OCuijnlLfmgKfnlKgpIEhFUi9YTFtNQ00zMzU4XSAgKOOCs+ODs+ODl+ODrOODg+OCt+ODp+ODsyDjgqTjg7Pjg4rjg7wg5Y2K6KKWKe+8iOOCpuOCp+OCoiDjgqbjgqjjgqIg5pyN77yJ77ya5YGl5bq344Ko44Kv44K544OX44Os44K5,6YCa5L+h6LKp5aOy6YCa6LKp44K344On44OD44OU44Oz44Kw44Kq44Oz44Op44Kk44Oz44K344On44OD44OU44Oz44Kw6LK344GE54mp44OX44Os44K844Oz44OI44Ku44OV44OI6LSI44KK54mp6LSI562U5ZOB44GK5Lit5YWD44GK5q2z5pqu44GK6LK344GE5b6X44Ki44Ks44Oq44Kv44K55LuZ55Sf6Zyy44Oh44K344Oe44Kz44OW6Iqx44Gz44KJ44Gf44GRQUhDQ+OCouODreOCqOadvuWvv+S7meOCs+OCqOODs+OCtuOCpOODoOWBpeW6t+OCqOOCr+OCueODl+ODrOOCuUNQTFJvQ+OCguOBmuOBj+ODleOCs+OCpOODgOODs+ODrOODs+ODgeODs+S4h+eUsOmFtee0oOODl+ODreODneODquOCueOCt+ODvOODleOCs+OCpOODgOODs+OCpuOCs+ODs+m7kumFouODq+ODn+ODs0HjgJDpgIHmlpnnhKHmlpnjgJEgW1VOREVSIEFSTUVSXeOCouODs+ODgOODvOOCouODvOODnuODvCBVQSBIRUFUR0VBUiBBUk1PVVIgTk9WRUxUWSBTUyDljYroopYg44Oh44Oz44K6KOeUt+aAp+eUqCkgSEVSL1hMW01DTTMzNThdICAo44Kz44Oz44OX44Os44OD44K344On44OzIOOCpOODs+ODiuODvCDljYroopYp77yI44Km44Kn44KiIOOCpuOCqOOCoiDmnI3vvIk=,W1VOREVSIEFSTUVSXeOCouODs+ODgOODvOOCouODvOODnuODvCBVQSBIRUFUR+OAguOAkOmAgeaWmeeEoeaWmeOAkSBbVU5ERVIgQVJNRVJd44Ki44Oz44OA44O844Ki44O844Oe44O8IFVBIEhFQVRHRUFSIEFSTU9VUiBOT1ZFTFRZIFNTIOWNiuiiliDjg6Hjg7Pjgroo55S35oCn55SoKSBIRVIvWExbTUNNMzM1OF0gICjjgrPjg7Pjg5fjg6zjg4Pjgrfjg6fjg7Mg44Kk44Oz44OK44O8IOWNiuiilinvvIjjgqbjgqfjgqIg44Km44Ko44KiIOacje+8iQ==[rn]
17-128216,aHR0cDovL3RzaG9wLnIxMHMuanAva2Vua29leC9jYWJpbmV0LzEyODBfMi8xMjgwLTQ1NzMyODk1Mzc2NDNfMS5qcGc/Zml0aW49NzAwOjcwMA==,NTA0MC4wMDAw,,44K544Od44O844OE44O744Ki44Km44OI44OJ44KiID4g44K544Od44O844OE44Km44Kn44Ki44O744Ki44Kv44K744K144Oq44O8ID4g44K544Od44O844OE55So44Kk44Oz44OK44O8ID4g44Oh44Oz44K644Kk44Oz44OK44O8ID4g44OI44OD44OX44K5,44CQ6YCB5paZ54Sh5paZ44CRW1VOREVSIEFSTUVSXeOCouODs+ODgOODvOOCouODvOODnuODvCBVQSBDT0xER0VBUiBJTkZSQVJFRCBBUk1PVVIgRUxFTUVOVFMgTFPjg6Ljg4Pjgq8gKOOCq+ODqeODvEJMSy8o44K144Kk44K6IDRYTClNZW5zL+ODoeODs+OCui/nlLfmgKfnlKhbTUNNMzM0OV0=,,PHRhYmxlIGJvcmRlcj0iMSIgYm9yZGVyY29sb3I9IiM5OTkiIGNlbGxwYWRkaW5nPSIwIiBjZWxsc3BhY2luZz0iMCI+Cjx0cj4KPHRoPue0oOadkDwvdGg+Cjx0ZD4K5pys5L2TOuODneODquOCqOOCueODhuODqyA4NyUsIOODneODquOCpuODrOOCv+ODsyAxMyU8YnIgLz4K5YiH5pu/6YOo5YiGOuODneODquOCqOOCueODhuODqyA3OCUsIOODneODquOCpuODrOOCv+ODsyAyMiU8YnIgLz4K44Oh44OD44K344Ol6YOo5YiGOuODneODquOCqOOCueODhuODqyA5MiUsIOODneODquOCpuODrOOCv+ODsyA4JQo8L3RkPgo8L3RyPgo8dHI+Cjx0aD7nlJ/nlKPlm708L3RoPgo8dGQ+CuS4reWbvTxiciAvPgoKPC90ZD4KPC90cj4KPHRyPgo8dGg+6KO96YCg5YWDPC90aD4KPHRkPgrjgqLjg7Pjg4Djg7zjgqLjg7zjg57jg7zvvIjjg4njg7zjg6Djgqvjgrnjgr/jg57jg7zjgrvjg7Pjgr/jg7xURUzvvJowMTIwLTEwNi03ODbvvIkKPC90ZD4KPC90cj4KPHRyPgo8dGg+5qSc57Si55So5paH6KiAPC90aD4KPHRkPgpbVU5ERVIgQVJNRVJd44Ki44Oz44OA44O844Ki44O844Oe44O8IFVBIENPTERHRUFSIElORlJBUkVEIEFSTU9VUiBFTEVNRU5UUyBMU+ODouODg+OCryAo44Kr44Op44O8QkxLLyjjgrXjgqTjgrogNFhMKU1lbnMg44Oh44Oz44K6WyNNQ00zMzQ5XQo8L3RkPgo8L3RyPgo8dHI+Cjx0aD7luoPlkYrmlofosqw8L3RoPgo8dGQ+CuagquW8j+S8muekvuOCseODs+OCs+ODvOOCqOOCr+OCueODl+ODrOOCuSBURUw6MDMtNjQxMS01NTEzCjwvdGQ+CjwvdHI+CjwvdGFibGU+,44CQ6YCB5paZ54Sh5paZ44CRW1VOREVSIEFSTUVSXeOCouODs+ODgOODvOOCouODvOODnuODvCBVQSBDT0xER0VBUiBJTkZSQVJFRCBBUk1PVVIgRUxFTUVOVFMgTFPjg6Ljg4Pjgq8gKOOCq+ODqeODvEJMSy8o44K144Kk44K6IDRYTClNZW5zL+ODoeODs+OCui/nlLfmgKfnlKhbTUNNMzM0OV3vvJrlgaXlurfjgqjjgq/jgrnjg5fjg6zjgrk=,6YCa5L+h6LKp5aOy6YCa6LKp44K344On44OD44OU44Oz44Kw44Kq44Oz44Op44Kk44Oz44K344On44OD44OU44Oz44Kw6LK344GE54mp44OX44Os44K844Oz44OI44Ku44OV44OI6LSI44KK54mp6LSI562U5ZOB44GK5Lit5YWD44GK5q2z5pqu44GK6LK344GE5b6X44Ki44Ks44Oq44Kv44K55LuZ55Sf6Zyy44Oh44K344Oe44Kz44OW6Iqx44Gz44KJ44Gf44GRQUhDQ+OCouODreOCqOadvuWvv+S7meOCs+OCqOODs+OCtuOCpOODoOWBpeW6t+OCqOOCr+OCueODl+ODrOOCuUNQTFJvQ+OCguOBmuOBj+ODleOCs+OCpOODgOODs+ODrOODs+ODgeODs+S4h+eUsOmFtee0oOODl+ODreODneODquOCueOCt+ODvOODleOCs+OCpOODgOODs+OCpuOCs+ODs+m7kumFouODq+ODn+ODs0HjgJDpgIHmlpnnhKHmlpnjgJFbVU5ERVIgQVJNRVJd44Ki44Oz44OA44O844Ki44O844Oe44O8IFVBIENPTERHRUFSIElORlJBUkVEIEFSTU9VUiBFTEVNRU5UUyBMU+ODouODg+OCryAo44Kr44Op44O8QkxLLyjjgrXjgqTjgrogNFhMKU1lbnMv44Oh44Oz44K6L+eUt+aAp+eUqFtNQ00zMzQ5XQ==,44CQ6YCB5paZ54Sh5paZ44CRW1VOREVSIEFSTUVSXeOCouODs+ODgOODvOOCouODvOODnuODvCBVQeOAguOAkOmAgeaWmeeEoeaWmeOAkVtVTkRFUiBBUk1FUl3jgqLjg7Pjg4Djg7zjgqLjg7zjg57jg7wgVUEgQ09MREdFQVIgSU5GUkFSRUQgQVJNT1VSIEVMRU1FTlRTIExT44Oi44OD44KvICjjgqvjg6njg7xCTEsvKOOCteOCpOOCuiA0WEwpTWVucy/jg6Hjg7Pjgrov55S35oCn55SoW01DTTMzNDld[rn]
17-128217,aHR0cDovL3RzaG9wLnIxMHMuanAva2Vua29leC9jYWJpbmV0LzEyODAvMTI4MC00NTczMjg5NTQxMjEzXzEuanBnP2ZpdGluPTcwMDo3MDA=,MzkyMC4wMDAw,,44K544Od44O844OE44O744Ki44Km44OI44OJ44KiID4g44K544Od44O844OE44Km44Kn44Ki44O744Ki44Kv44K744K144Oq44O8ID4g44K544Od44O844OE55So44Kk44Oz44OK44O8ID4g44Oh44Oz44K644Kk44Oz44OK44O8ID4g44OI44OD44OX44K5,W1VOREVSIEFSTUVSXeOCouODs+ODgOODvOOCouODvOODnuODvCBNRE4gVUEgQ09MREdFQVIgQVJNT1VS44Os44Ku44Oz44Kw44K5IDNYTFtNQ00xMjk4XVvnlLfmgKfnlKhd77yI44Km44Kn44KiIOOCpuOCqOOCoiDmnI3vvIk=,,PHRhYmxlIGJvcmRlcj0iMSIgYm9yZGVyY29sb3I9IiM5OTkiIGNlbGxwYWRkaW5nPSIwIiBjZWxsc3BhY2luZz0iMCI+Cjx0cj4KPHRoPue0oOadkDwvdGg+Cjx0ZD4K5pys5L2TOuODneODquOCqOOCueODhuODqyA4NyUsIOODneODquOCpuODrOOCv+ODsyAxMyU8YnIgLz4K5YiH5pu/6YOo5YiGOuODneODquOCqOOCueODhuODqyA5MiUsIOODneODquOCpuODrOOCv+ODsyA4JTxiciAvPgrjgqbjgqjjgrnjg4jpg6jliIY644OK44Kk44Ot44OzIDUzJSwg44Od44Oq44Ko44K544OG44OrIDM1JSwg44Od44Oq44Km44Os44K/44OzIDEyJQo8L3RkPgo8L3RyPgo8dHI+Cjx0aD7nlJ/nlKPlm708L3RoPgo8dGQ+CuOCv+OCpDxiciAvPgoKPC90ZD4KPC90cj4KPHRyPgo8dGg+6KO96YCg5YWDPC90aD4KPHRkPgrjgqLjg7Pjg4Djg7zjgqLjg7zjg57jg7zvvIjjg4njg7zjg6Djgqvjgrnjgr/jg57jg7zjgrvjg7Pjgr/jg7xURUzvvJowMTIwLTEwNi03ODbvvIkKPC90ZD4KPC90cj4KPHRyPgo8dGg+5qSc57Si55So5paH6KiAPC90aD4KPHRkPgpbVU5ERVIgQVJNRVJd44Ki44Oz44OA44O844Ki44O844Oe44O8IE1ETiBVQSBDT0xER0VBUiBBUk1PVVLjg6zjgq7jg7PjgrDjgrkgM1hMWyNNQ00xMjk4XQo8L3RkPgo8L3RyPgo8dHI+Cjx0aD7luoPlkYrmlofosqw8L3RoPgo8dGQ+CuagquW8j+S8muekvuOCseODs+OCs+ODvOOCqOOCr+OCueODl+ODrOOCuSBURUw6MDMtNjQxMS01NTEzCjwvdGQ+CjwvdHI+CjwvdGFibGU+,W1VOREVSIEFSTUVSXeOCouODs+ODgOODvOOCouODvOODnuODvCBNRE4gVUEgQ09MREdFQVIgQVJNT1VS44Os44Ku44Oz44Kw44K5IDNYTFtNQ00xMjk4XVvnlLfmgKfnlKhd77yI44Km44Kn44KiIOOCpuOCqOOCoiDmnI3vvInvvJrlgaXlurfjgqjjgq/jgrnjg5fjg6zjgrk=,6YCa5L+h6LKp5aOy6YCa6LKp44K344On44OD44OU44Oz44Kw44Kq44Oz44Op44Kk44Oz44K344On44OD44OU44Oz44Kw6LK344GE54mp44OX44Os44K844Oz44OI44Ku44OV44OI6LSI44KK54mp6LSI562U5ZOB44GK5Lit5YWD44GK5q2z5pqu44GK6LK344GE5b6X44Ki44Ks44Oq44Kv44K55LuZ55Sf6Zyy44Oh44K344Oe44Kz44OW6Iqx44Gz44KJ44Gf44GRQUhDQ+OCouODreOCqOadvuWvv+S7meOCs+OCqOODs+OCtuOCpOODoOWBpeW6t+OCqOOCr+OCueODl+ODrOOCuUNQTFJvQ+OCguOBmuOBj+ODleOCs+OCpOODgOODs+ODrOODs+ODgeODs+S4h+eUsOmFtee0oOODl+ODreODneODquOCueOCt+ODvOODleOCs+OCpOODgOODs+OCpuOCs+ODs+m7kumFouODq+ODn+ODs0FbVU5ERVIgQVJNRVJd44Ki44Oz44OA44O844Ki44O844Oe44O8IE1ETiBVQSBDT0xER0VBUiBBUk1PVVLjg6zjgq7jg7PjgrDjgrkgM1hMW01DTTEyOThdW+eUt+aAp+eUqF3vvIjjgqbjgqfjgqIg44Km44Ko44KiIOacje+8iQ==,W1VOREVSIEFSTUVSXeOCouODs+ODgOODvOOCouODvOODnuODvCBNRE4gVUEgQ+OAgltVTkRFUiBBUk1FUl3jgqLjg7Pjg4Djg7zjgqLjg7zjg57jg7wgTUROIFVBIENPTERHRUFSIEFSTU9VUuODrOOCruODs+OCsOOCuSAzWExbTUNNMTI5OF1b55S35oCn55SoXe+8iOOCpuOCp+OCoiDjgqbjgqjjgqIg5pyN77yJ[rn]
17-128218,aHR0cDovL3RzaG9wLnIxMHMuanAva2Vua29leC9jYWJpbmV0LzEyODBfMi8xMjgwLTQ1NzMyODk1Mzc5MTlfMS5qcGc/Zml0aW49NzAwOjcwMA==,NTYwMC4wMDAw,,44K544Od44O844OE44O744Ki44Km44OI44OJ44KiID4g44K544Od44O844OE44Km44Kn44Ki44O744Ki44Kv44K744K144Oq44O8ID4g44K544Od44O844OE55So44Kk44Oz44OK44O8ID4g44Oh44Oz44K644Kk44Oz44OK44O8ID4g44OI44OD44OX44K5,44CQ6YCB5paZ54Sh5paZ44CRW1VOREVSIEFSTUVSXeOCouODs+ODgOODvOOCouODvOODnuODvCBVQSBDT0xER0VBUiBJTkZSQVJFRCBBUk1PVVIgRUxFTUVOVFMgTFPjg5Xjg7zjg4fjgqPjg7wgKOOCq+ODqeODvEJMSy8o44K144Kk44K6IDNYTClNZW5zL+ODoeODs+OCui/nlLfmgKfnlKhbTUNNMzM1MF0=,,PHRhYmxlIGJvcmRlcj0iMSIgYm9yZGVyY29sb3I9IiM5OTkiIGNlbGxwYWRkaW5nPSIwIiBjZWxsc3BhY2luZz0iMCI+Cjx0cj4KPHRoPue0oOadkDwvdGg+Cjx0ZD4K5pys5L2TOuODneODquOCqOOCueODhuODqyA4NyUsIOODneODquOCpuODrOOCv+ODsyAxMyU8YnIgLz4K5YiH5pu/6YOo5YiGOuODneODquOCqOOCueODhuODqyA3OCUsIOODneODquOCpuODrOOCv+ODsyAyMiU8YnIgLz4K44Oh44OD44K344Ol6YOo5YiGOuODneODquOCqOOCueODhuODqyA5MiUsIOODneODquOCpuODrOOCv+ODsyA4JQo8L3RkPgo8L3RyPgo8dHI+Cjx0aD7nlJ/nlKPlm708L3RoPgo8dGQ+CuS4reWbvTxiciAvPgoKPC90ZD4KPC90cj4KPHRyPgo8dGg+6KO96YCg5YWDPC90aD4KPHRkPgrjgqLjg7Pjg4Djg7zjgqLjg7zjg57jg7zvvIjjg4njg7zjg6Djgqvjgrnjgr/jg57jg7zjgrvjg7Pjgr/jg7xURUzvvJowMTIwLTEwNi03ODbvvIkKPC90ZD4KPC90cj4KPHRyPgo8dGg+5qSc57Si55So5paH6KiAPC90aD4KPHRkPgpbVU5ERVIgQVJNRVJd44Ki44Oz44OA44O844Ki44O844Oe44O8IFVBIENPTERHRUFSIElORlJBUkVEIEFSTU9VUiBFTEVNRU5UUyBMU+ODleODvOODh+OCo+ODvCAo44Kr44Op44O8QkxLLyjjgrXjgqTjgrogM1hMKU1lbnMg44Oh44Oz44K6WyNNQ00zMzUwXQo8L3RkPgo8L3RyPgo8dHI+Cjx0aD7luoPlkYrmlofosqw8L3RoPgo8dGQ+CuagquW8j+S8muekvuOCseODs+OCs+ODvOOCqOOCr+OCueODl+ODrOOCuSBURUw6MDMtNjQxMS01NTEzCjwvdGQ+CjwvdHI+CjwvdGFibGU+,44CQ6YCB5paZ54Sh5paZ44CRW1VOREVSIEFSTUVSXeOCouODs+ODgOODvOOCouODvOODnuODvCBVQSBDT0xER0VBUiBJTkZSQVJFRCBBUk1PVVIgRUxFTUVOVFMgTFPjg5Xjg7zjg4fjgqPjg7wgKOOCq+ODqeODvEJMSy8o44K144Kk44K6IDNYTClNZW5zL+ODoeODs+OCui/nlLfmgKfnlKhbTUNNMzM1MF3vvJrlgaXlurfjgqjjgq/jgrnjg5fjg6zjgrk=,6YCa5L+h6LKp5aOy6YCa6LKp44K344On44OD44OU44Oz44Kw44Kq44Oz44Op44Kk44Oz44K344On44OD44OU44Oz44Kw6LK344GE54mp44OX44Os44K844Oz44OI44Ku44OV44OI6LSI44KK54mp6LSI562U5ZOB44GK5Lit5YWD44GK5q2z5pqu44GK6LK344GE5b6X44Ki44Ks44Oq44Kv44K55LuZ55Sf6Zyy44Oh44K344Oe44Kz44OW6Iqx44Gz44KJ44Gf44GRQUhDQ+OCouODreOCqOadvuWvv+S7meOCs+OCqOODs+OCtuOCpOODoOWBpeW6t+OCqOOCr+OCueODl+ODrOOCuUNQTFJvQ+OCguOBmuOBj+ODleOCs+OCpOODgOODs+ODrOODs+ODgeODs+S4h+eUsOmFtee0oOODl+ODreODneODquOCueOCt+ODvOODleOCs+OCpOODgOODs+OCpuOCs+ODs+m7kumFouODq+ODn+ODs0HjgJDpgIHmlpnnhKHmlpnjgJFbVU5ERVIgQVJNRVJd44Ki44Oz44OA44O844Ki44O844Oe44O8IFVBIENPTERHRUFSIElORlJBUkVEIEFSTU9VUiBFTEVNRU5UUyBMU+ODleODvOODh+OCo+ODvCAo44Kr44Op44O8QkxLLyjjgrXjgqTjgrogM1hMKU1lbnMv44Oh44Oz44K6L+eUt+aAp+eUqFtNQ00zMzUwXQ==,44CQ6YCB5paZ54Sh5paZ44CRW1VOREVSIEFSTUVSXeOCouODs+ODgOODvOOCouODvOODnuODvCBVQeOAguOAkOmAgeaWmeeEoeaWmeOAkVtVTkRFUiBBUk1FUl3jgqLjg7Pjg4Djg7zjgqLjg7zjg57jg7wgVUEgQ09MREdFQVIgSU5GUkFSRUQgQVJNT1VSIEVMRU1FTlRTIExT44OV44O844OH44Kj44O8ICjjgqvjg6njg7xCTEsvKOOCteOCpOOCuiAzWEwpTWVucy/jg6Hjg7Pjgrov55S35oCn55SoW01DTTMzNTBd[rn]
17-128219,aHR0cDovL3RzaG9wLnIxMHMuanAva2Vua29leC9jYWJpbmV0LzEyODAvMTI4MC00NTczMjg5NTQzMjAwXzEuanBnP2ZpdGluPTcwMDo3MDA=,MjUyMC4wMDAw,,44K544Od44O844OE44O744Ki44Km44OI44OJ44KiID4g44K544Od44O844OE44Km44Kn44Ki44O744Ki44Kv44K744K144Oq44O8ID4g44K544Od44O844OE55So44Kk44Oz44OK44O8ID4g44Oh44Oz44K644Kk44Oz44OK44O8ID4g44OI44OD44OX44K5,44CQ6YCB5paZ54Sh5paZ44CRIFtVTkRFUiBBUk1FUl3jgqLjg7Pjg4Djg7zjgqLjg7zjg57jg7wgVUEgSEVBVEdFQVIgQVJNT1VSIE5PVkVMVFkgU1Mg5Y2K6KKWIOODoeODs+OCuijnlLfmgKfnlKgpIFdIVC9MR1tNQ00zMzU4XSAgKOOCs+ODs+ODl+ODrOODg+OCt+ODp+ODsyDjgqTjg7Pjg4rjg7wg5Y2K6KKWKQ==,,PHRhYmxlIGJvcmRlcj0iMSIgYm9yZGVyY29sb3I9IiM5OTkiIGNlbGxwYWRkaW5nPSIwIiBjZWxsc3BhY2luZz0iMCI+Cjx0cj4KPHRoPue0oOadkDwvdGg+Cjx0ZD4K5pys5L2TOuODneODquOCqOOCueODhuODqyA4NCUsIOODneODquOCpuODrOOCv+ODsyAxNiU8YnIgLz4K5YiH5pu/6YOo5YiGOuODneODquOCqOOCueODhuODqyA5MiUsIOODneODquOCpuODrOOCv+ODsyA4JQo8L3RkPgo8L3RyPgo8dHI+Cjx0aD7nlJ/nlKPlm708L3RoPgo8dGQ+CuS4reWbvTxiciAvPgoKPC90ZD4KPC90cj4KPHRyPgo8dGg+6KO96YCg5YWDPC90aD4KPHRkPgrjgqLjg7Pjg4Djg7zjgqLjg7zjg57jg7zvvIjjg4njg7zjg6Djgqvjgrnjgr/jg57jg7zjgrvjg7Pjgr/jg7xURUzvvJowMTIwLTEwNi03ODbvvIkKPC90ZD4KPC90cj4KPHRyPgo8dGg+5qSc57Si55So5paH6KiAPC90aD4KPHRkPgpbVU5ERVIgQVJNRVJd44Ki44Oz44OA44O844Ki44O844Oe44O8IFVBIEhFQVRHRUFSIEFSTU9VUiBOT1ZFTFRZIOODoeODs+OCuijnlLfmgKfnlKgpIFdIVC9MR1tNQ00zMzU4XQo8L3RkPgo8L3RyPgo8dHI+Cjx0aD7luoPlkYrmlofosqw8L3RoPgo8dGQ+CuagquW8j+S8muekvuOCseODs+OCs+ODvOOCqOOCr+OCueODl+ODrOOCuSBURUw6MDMtNjQxMS01NTEzCjwvdGQ+CjwvdHI+CjwvdGFibGU+,44CQ6YCB5paZ54Sh5paZ44CRIFtVTkRFUiBBUk1FUl3jgqLjg7Pjg4Djg7zjgqLjg7zjg57jg7wgVUEgSEVBVEdFQVIgQVJNT1VSIE5PVkVMVFkgU1Mg5Y2K6KKWIOODoeODs+OCuijnlLfmgKfnlKgpIFdIVC9MR1tNQ00zMzU4XSAgKOOCs+ODs+ODl+ODrOODg+OCt+ODp+ODsyDjgqTjg7Pjg4rjg7wg5Y2K6KKWKe+8muWBpeW6t+OCqOOCr+OCueODl+ODrOOCuQ==,6YCa5L+h6LKp5aOy6YCa6LKp44K344On44OD44OU44Oz44Kw44Kq44Oz44Op44Kk44Oz44K344On44OD44OU44Oz44Kw6LK344GE54mp44OX44Os44K844Oz44OI44Ku44OV44OI6LSI44KK54mp6LSI562U5ZOB44GK5Lit5YWD44GK5q2z5pqu44GK6LK344GE5b6X44Ki44Ks44Oq44Kv44K55LuZ55Sf6Zyy44Oh44K344Oe44Kz44OW6Iqx44Gz44KJ44Gf44GRQUhDQ+OCouODreOCqOadvuWvv+S7meOCs+OCqOODs+OCtuOCpOODoOWBpeW6t+OCqOOCr+OCueODl+ODrOOCuUNQTFJvQ+OCguOBmuOBj+ODleOCs+OCpOODgOODs+ODrOODs+ODgeODs+S4h+eUsOmFtee0oOODl+ODreODneODquOCueOCt+ODvOODleOCs+OCpOODgOODs+OCpuOCs+ODs+m7kumFouODq+ODn+ODs0HjgJDpgIHmlpnnhKHmlpnjgJEgW1VOREVSIEFSTUVSXeOCouODs+ODgOODvOOCouODvOODnuODvCBVQSBIRUFUR0VBUiBBUk1PVVIgTk9WRUxUWSBTUyDljYroopYg44Oh44Oz44K6KOeUt+aAp+eUqCkgV0hUL0xHW01DTTMzNThdICAo44Kz44Oz44OX44Os44OD44K344On44OzIOOCpOODs+ODiuODvCDljYroopYp,W1VOREVSIEFSTUVSXeOCouODs+ODgOODvOOCouODvOODnuODvCBVQSBIRUFUR+OAguOAkOmAgeaWmeeEoeaWmeOAkSBbVU5ERVIgQVJNRVJd44Ki44Oz44OA44O844Ki44O844Oe44O8IFVBIEhFQVRHRUFSIEFSTU9VUiBOT1ZFTFRZIFNTIOWNiuiiliDjg6Hjg7Pjgroo55S35oCn55SoKSBXSFQvTEdbTUNNMzM1OF0gICjjgrPjg7Pjg5fjg6zjg4Pjgrfjg6fjg7Mg44Kk44Oz44OK44O8IOWNiuiilik=[rn]
17-128220,aHR0cDovL3RzaG9wLnIxMHMuanAva2Vua29leC9jYWJpbmV0LzEyODAvMTI4MC00NTczMjg5NTQwNDIxXzEuanBnP2ZpdGluPTcwMDo3MDA=,NDQ4MC4wMDAw,,44K544Od44O844OE44O744Ki44Km44OI44OJ44KiID4g44K544Od44O844OE44Km44Kn44Ki44O744Ki44Kv44K744K144Oq44O8ID4g44K544Od44O844OE55So44Kk44Oz44OK44O8ID4g44Oh44Oz44K644Kk44Oz44OK44O8ID4g44OI44OD44OX44K5,44CQVUEgU0FMRemWi+WCrCEhIOacgOWkpzMwJU9GRiHjgJFbVU5ERVIgQVJNRVJd44Ki44Oz44OA44O844Ki44O844Oe44O8IEJMSyBVQSBDT0xER0VBUiBBUk1PVVLjgrjjg6Pjgqvjg7zjg4njg6zjgq7jg7PjgrDjgrkgWFhMW01DTTM2NTBdW+eUt+aAp+eUqF0=,,PHRhYmxlIGJvcmRlcj0iMSIgYm9yZGVyY29sb3I9IiM5OTkiIGNlbGxwYWRkaW5nPSIwIiBjZWxsc3BhY2luZz0iMCI+Cjx0cj4KPHRoPue0oOadkDwvdGg+Cjx0ZD4K5pys5L2TOuODneODquOCqOOCueODhuODqyA5NCUsIOODneODquOCpuODrOOCv+ODsyA2JTxiciAvPgrjg6Hjg4Pjgrfjg6Xpg6jliIY644Od44Oq44Ko44K544OG44OrIDkyJSwg44Od44Oq44Km44Os44K/44OzIDglPGJyIC8+CuOCpuOCqOOCueODiOmDqOWIhjrjg4rjgqTjg63jg7MgNTMlLCDjg53jg6rjgqjjgrnjg4bjg6sgMzUlLCDjg53jg6rjgqbjg6zjgr/jg7MgMTIlCjwvdGQ+CjwvdHI+Cjx0cj4KPHRoPueUn+eUo+WbvTwvdGg+Cjx0ZD4K44OZ44OI44OK44OgPGJyIC8+Cgo8L3RkPgo8L3RyPgo8dHI+Cjx0aD7oo73pgKDlhYM8L3RoPgo8dGQ+CuOCouODs+ODgOODvOOCouODvOODnuODvO+8iOODieODvOODoOOCq+OCueOCv+ODnuODvOOCu+ODs+OCv+ODvFRFTO+8mjAxMjAtMTA2LTc4Nu+8iQo8L3RkPgo8L3RyPgo8dHI+Cjx0aD7mpJzntKLnlKjmlofoqIA8L3RoPgo8dGQ+CltVTkRFUiBBUk1FUl3jgqLjg7Pjg4Djg7zjgqLjg7zjg57jg7wgQkxLIFVBIENPTERHRUFSIEFSTU9VUuOCuOODo+OCq+ODvOODieODrOOCruODs+OCsOOCuSBYWExbI01DTTM2NTBdCjwvdGQ+CjwvdHI+Cjx0cj4KPHRoPuW6g+WRiuaWh+iyrDwvdGg+Cjx0ZD4K5qCq5byP5Lya56S+44Kx44Oz44Kz44O844Ko44Kv44K544OX44Os44K5IFRFTDowMy02NDExLTU1MTMKPC90ZD4KPC90cj4KPC90YWJsZT4=,44CQVUEgU0FMRemWi+WCrCEhIOacgOWkpzMwJU9GRiHjgJFbVU5ERVIgQVJNRVJd44Ki44Oz44OA44O844Ki44O844Oe44O8IEJMSyBVQSBDT0xER0VBUiBBUk1PVVLjgrjjg6Pjgqvjg7zjg4njg6zjgq7jg7PjgrDjgrkgWFhMW01DTTM2NTBdW+eUt+aAp+eUqF3vvJrlgaXlurfjgqjjgq/jgrnjg5fjg6zjgrk=,6YCa5L+h6LKp5aOy6YCa6LKp44K344On44OD44OU44Oz44Kw44Kq44Oz44Op44Kk44Oz44K344On44OD44OU44Oz44Kw6LK344GE54mp44OX44Os44K844Oz44OI44Ku44OV44OI6LSI44KK54mp6LSI562U5ZOB44GK5Lit5YWD44GK5q2z5pqu44GK6LK344GE5b6X44Ki44Ks44Oq44Kv44K55LuZ55Sf6Zyy44Oh44K344Oe44Kz44OW6Iqx44Gz44KJ44Gf44GRQUhDQ+OCouODreOCqOadvuWvv+S7meOCs+OCqOODs+OCtuOCpOODoOWBpeW6t+OCqOOCr+OCueODl+ODrOOCuUNQTFJvQ+OCguOBmuOBj+ODleOCs+OCpOODgOODs+ODrOODs+ODgeODs+S4h+eUsOmFtee0oOODl+ODreODneODquOCueOCt+ODvOODleOCs+OCpOODgOODs+OCpuOCs+ODs+m7kumFouODq+ODn+ODs0HjgJBVQSBTQUxF6ZaL5YKsISEg5pyA5aSnMzAlT0ZGIeOAkVtVTkRFUiBBUk1FUl3jgqLjg7Pjg4Djg7zjgqLjg7zjg57jg7wgQkxLIFVBIENPTERHRUFSIEFSTU9VUuOCuOODo+OCq+ODvOODieODrOOCruODs+OCsOOCuSBYWExbTUNNMzY1MF1b55S35oCn55SoXQ==,W1VOREVSIEFSTUVSXeOCouODs+ODgOODvOOCouODvOODnuODvCBCTEsgVUEgQ+OAguOAkFVBIFNBTEXplovlgqwhISDmnIDlpKczMCVPRkYh44CRW1VOREVSIEFSTUVSXeOCouODs+ODgOODvOOCouODvOODnuODvCBCTEsgVUEgQ09MREdFQVIgQVJNT1VS44K444Oj44Kr44O844OJ44Os44Ku44Oz44Kw44K5IFhYTFtNQ00zNjUwXVvnlLfmgKfnlKhd[rn]
17-128221,aHR0cDovL3RzaG9wLnIxMHMuanAva2Vua29leC9jYWJpbmV0LzEyODAvMTI4MC00NTcxNDIwNTE4MzkxXzEuanBnP2ZpdGluPTcwMDo3MDA=,MzkyMC4wMDAw,,44K544Od44O844OE44O744Ki44Km44OI44OJ44KiID4g44K544Od44O844OE44Km44Kn44Ki44O744Ki44Kv44K744K144Oq44O8ID4g44K544Od44O844OE55So44Kk44Oz44OK44O8ID4g44Oh44Oz44K644Kk44Oz44OK44O8ID4g44OI44OD44OX44K5,W1VOREVSIEFSTUVSXeOCouODs+ODgOODvOOCouODvOODnuODvCBXSFQgVUEgQ09MREdFQVIgQVJNT1VSIExT44Oi44OD44KvIFhMW01DTTEyOTddW+eUt+aAp+eUqF3vvIjjgqbjgqfjgqIg44Km44Ko44KiIOacje+8iQ==,,PHRhYmxlIGJvcmRlcj0iMSIgYm9yZGVyY29sb3I9IiM5OTkiIGNlbGxwYWRkaW5nPSIwIiBjZWxsc3BhY2luZz0iMCI+Cjx0cj4KPHRoPue0oOadkDwvdGg+Cjx0ZD4K44Od44Oq44Ko44K544OG44OrIDg3JSwg44Od44Oq44Km44Os44K/44OzIDEzJQo8L3RkPgo8L3RyPgo8dHI+Cjx0aD7nlJ/nlKPlm708L3RoPgo8dGQ+CuODmeODiOODiuODoDxiciAvPgoKPC90ZD4KPC90cj4KPHRyPgo8dGg+6KO96YCg5YWDPC90aD4KPHRkPgrjgqLjg7Pjg4Djg7zjgqLjg7zjg57jg7zvvIjjg4njg7zjg6Djgqvjgrnjgr/jg57jg7zjgrvjg7Pjgr/jg7xURUzvvJowMTIwLTEwNi03ODbvvIkKPC90ZD4KPC90cj4KPHRyPgo8dGg+5qSc57Si55So5paH6KiAPC90aD4KPHRkPgpbVU5ERVIgQVJNRVJd44Ki44Oz44OA44O844Ki44O844Oe44O8IFdIVCBVQSBDT0xER0VBUiBBUk1PVVIgTFPjg6Ljg4Pjgq8gWExbI01DTTEyOTddCjwvdGQ+CjwvdHI+Cjx0cj4KPHRoPuW6g+WRiuaWh+iyrDwvdGg+Cjx0ZD4K5qCq5byP5Lya56S+44Kx44Oz44Kz44O844Ko44Kv44K544OX44Os44K5IFRFTDowMy02NDExLTU1MTMKPC90ZD4KPC90cj4KPC90YWJsZT4=,W1VOREVSIEFSTUVSXeOCouODs+ODgOODvOOCouODvOODnuODvCBXSFQgVUEgQ09MREdFQVIgQVJNT1VSIExT44Oi44OD44KvIFhMW01DTTEyOTddW+eUt+aAp+eUqF3vvIjjgqbjgqfjgqIg44Km44Ko44KiIOacje+8ie+8muWBpeW6t+OCqOOCr+OCueODl+ODrOOCuQ==,6YCa5L+h6LKp5aOy6YCa6LKp44K344On44OD44OU44Oz44Kw44Kq44Oz44Op44Kk44Oz44K344On44OD44OU44Oz44Kw6LK344GE54mp44OX44Os44K844Oz44OI44Ku44OV44OI6LSI44KK54mp6LSI562U5ZOB44GK5Lit5YWD44GK5q2z5pqu44GK6LK344GE5b6X44Ki44Ks44Oq44Kv44K55LuZ55Sf6Zyy44Oh44K344Oe44Kz44OW6Iqx44Gz44KJ44Gf44GRQUhDQ+OCouODreOCqOadvuWvv+S7meOCs+OCqOODs+OCtuOCpOODoOWBpeW6t+OCqOOCr+OCueODl+ODrOOCuUNQTFJvQ+OCguOBmuOBj+ODleOCs+OCpOODgOODs+ODrOODs+ODgeODs+S4h+eUsOmFtee0oOODl+ODreODneODquOCueOCt+ODvOODleOCs+OCpOODgOODs+OCpuOCs+ODs+m7kumFouODq+ODn+ODs0FbVU5ERVIgQVJNRVJd44Ki44Oz44OA44O844Ki44O844Oe44O8IFdIVCBVQSBDT0xER0VBUiBBUk1PVVIgTFPjg6Ljg4Pjgq8gWExbTUNNMTI5N11b55S35oCn55SoXe+8iOOCpuOCp+OCoiDjgqbjgqjjgqIg5pyN77yJ,W1VOREVSIEFSTUVSXeOCouODs+ODgOODvOOCouODvOODnuODvCBXSFQgVUEgQ+OAgltVTkRFUiBBUk1FUl3jgqLjg7Pjg4Djg7zjgqLjg7zjg57jg7wgV0hUIFVBIENPTERHRUFSIEFSTU9VUiBMU+ODouODg+OCryBYTFtNQ00xMjk3XVvnlLfmgKfnlKhd77yI44Km44Kn44KiIOOCpuOCqOOCoiDmnI3vvIk=[rn]
17-128222,aHR0cDovL3RzaG9wLnIxMHMuanAva2Vua29leC9jYWJpbmV0LzEyODAvMTI4MC00NTczMjg5NTQwMDI1XzEuanBnP2ZpdGluPTcwMDo3MDA=,NDQ4MC4wMDAw,,44K544Od44O844OE44O744Ki44Km44OI44OJ44KiID4g44K544Od44O844OE44Km44Kn44Ki44O744Ki44Kv44K744K144Oq44O8ID4g44K544Od44O844OE55So44Kk44Oz44OK44O8ID4g44Oh44Oz44K644Kk44Oz44OK44O8ID4g44OI44OD44OX44K5,44CQVUEgU0FMRemWi+WCrCEhIOacgOWkpzMwJU9GRiHjgJFbVU5ERVIgQVJNRVJd44Ki44Oz44OA44O844Ki44O844Oe44O8IEJMSyBVQSBDT0xER0VBUiBBUk1PVVLjgrjjg6Pjgqvjg7zjg4lMU+OCr+ODq+ODvCAzWExbTUNNMzM1Ml1b55S35oCn55SoXe+8iOOCpuOCp+OCoiDjgqbjgqjjgqIg5pyN77yJ,,PHRhYmxlIGJvcmRlcj0iMSIgYm9yZGVyY29sb3I9IiM5OTkiIGNlbGxwYWRkaW5nPSIwIiBjZWxsc3BhY2luZz0iMCI+Cjx0cj4KPHRoPue0oOadkDwvdGg+Cjx0ZD4K44Od44Oq44Ko44K544OG44OrIDk0JSwg44Od44Oq44Km44Os44K/44OzIDYlCjwvdGQ+CjwvdHI+Cjx0cj4KPHRoPueUn+eUo+WbvTwvdGg+Cjx0ZD4K5Lit5Zu9PGJyIC8+Cgo8L3RkPgo8L3RyPgo8dHI+Cjx0aD7oo73pgKDlhYM8L3RoPgo8dGQ+CuOCouODs+ODgOODvOOCouODvOODnuODvO+8iOODieODvOODoOOCq+OCueOCv+ODnuODvOOCu+ODs+OCv+ODvFRFTO+8mjAxMjAtMTA2LTc4Nu+8iQo8L3RkPgo8L3RyPgo8dHI+Cjx0aD7mpJzntKLnlKjmlofoqIA8L3RoPgo8dGQ+CltVTkRFUiBBUk1FUl3jgqLjg7Pjg4Djg7zjgqLjg7zjg57jg7wgQkxLIFVBIENPTERHRUFSIEFSTU9VUuOCuOODo+OCq+ODvOODiUxT44Kv44Or44O8IDNYTFsjTUNNMzM1Ml0KPC90ZD4KPC90cj4KPHRyPgo8dGg+5bqD5ZGK5paH6LKsPC90aD4KPHRkPgrmoKrlvI/kvJrnpL7jgrHjg7PjgrPjg7zjgqjjgq/jgrnjg5fjg6zjgrkgVEVMOjAzLTY0MTEtNTUxMwo8L3RkPgo8L3RyPgo8L3RhYmxlPg==,44CQVUEgU0FMRemWi+WCrCEhIOacgOWkpzMwJU9GRiHjgJFbVU5ERVIgQVJNRVJd44Ki44Oz44OA44O844Ki44O844Oe44O8IEJMSyBVQSBDT0xER0VBUiBBUk1PVVLjgrjjg6Pjgqvjg7zjg4lMU+OCr+ODq+ODvCAzWExbTUNNMzM1Ml1b55S35oCn55SoXe+8iOOCpuOCp+OCoiDjgqbjgqjjgqIg5pyN77yJ77ya5YGl5bq344Ko44Kv44K544OX44Os44K5,6YCa5L+h6LKp5aOy6YCa6LKp44K344On44OD44OU44Oz44Kw44Kq44Oz44Op44Kk44Oz44K344On44OD44OU44Oz44Kw6LK344GE54mp44OX44Os44K844Oz44OI44Ku44OV44OI6LSI44KK54mp6LSI562U5ZOB44GK5Lit5YWD44GK5q2z5pqu44GK6LK344GE5b6X44Ki44Ks44Oq44Kv44K55LuZ55Sf6Zyy44Oh44K344Oe44Kz44OW6Iqx44Gz44KJ44Gf44GRQUhDQ+OCouODreOCqOadvuWvv+S7meOCs+OCqOODs+OCtuOCpOODoOWBpeW6t+OCqOOCr+OCueODl+ODrOOCuUNQTFJvQ+OCguOBmuOBj+ODleOCs+OCpOODgOODs+ODrOODs+ODgeODs+S4h+eUsOmFtee0oOODl+ODreODneODquOCueOCt+ODvOODleOCs+OCpOODgOODs+OCpuOCs+ODs+m7kumFouODq+ODn+ODs0HjgJBVQSBTQUxF6ZaL5YKsISEg5pyA5aSnMzAlT0ZGIeOAkVtVTkRFUiBBUk1FUl3jgqLjg7Pjg4Djg7zjgqLjg7zjg57jg7wgQkxLIFVBIENPTERHRUFSIEFSTU9VUuOCuOODo+OCq+ODvOODiUxT44Kv44Or44O8IDNYTFtNQ00zMzUyXVvnlLfmgKfnlKhd77yI44Km44Kn44KiIOOCpuOCqOOCoiDmnI3vvIk=,W1VOREVSIEFSTUVSXeOCouODs+ODgOODvOOCouODvOODnuODvCBCTEsgVUEgQ+OAguOAkFVBIFNBTEXplovlgqwhISDmnIDlpKczMCVPRkYh44CRW1VOREVSIEFSTUVSXeOCouODs+ODgOODvOOCouODvOODnuODvCBCTEsgVUEgQ09MREdFQVIgQVJNT1VS44K444Oj44Kr44O844OJTFPjgq/jg6vjg7wgM1hMW01DTTMzNTJdW+eUt+aAp+eUqF3vvIjjgqbjgqfjgqIg44Km44Ko44KiIOacje+8iQ==[rn]
17-128223,aHR0cDovL3RzaG9wLnIxMHMuanAva2Vua29leC9jYWJpbmV0LzEyODBfMi8xMjgwLTQ1NzMyODk1Mzg3MThfMS5qcGc/Zml0aW49NzAwOjcwMA==,NzAwMC4wMDAw,,44K544Od44O844OE44O744Ki44Km44OI44OJ44KiID4g44K544Od44O844OE44Km44Kn44Ki44O744Ki44Kv44K744K144Oq44O8ID4g44K544Od44O844OE55So44Kk44Oz44OK44O8ID4g44Oh44Oz44K644Kk44Oz44OK44O8ID4g44OI44OD44OX44K5,44CQVUEgU0FMRemWi+WCrCEhIOacgOWkpzMwJU9GRiHjgJFbVU5ERVIgQVJNRVJd44Ki44Oz44OA44O844Ki44O844Oe44O8IFVBIENPTERHRUFSIEFSTU9VUiBQT0xBUlRFQyBMU+ODouODg+OCryBBVEcgKOOCteOCpOOCukxHKSBNZW5zW01DTTMzNTNd44Oh44Oz44K677yP55S35oCn55So,,PHRhYmxlIGJvcmRlcj0iMSIgYm9yZGVyY29sb3I9IiM5OTkiIGNlbGxwYWRkaW5nPSIwIiBjZWxsc3BhY2luZz0iMCI+Cjx0cj4KPHRoPue0oOadkDwvdGg+Cjx0ZD4K5pys5L2TOuODneODquOCqOOCueODhuODqyA4NyUsIOODneODquOCpuODrOOCv+ODsyAxMyU8YnIgLz4K5YiH5pu/6YOo5YiGOuODneODquOCqOOCueODhuODqyA4NyUsIOODneODquOCpuODrOOCv+ODsyAxMyU8YnIgLz4K44Oh44OD44K344Ol6YOo5YiGOuODneODquOCqOOCueODhuODqyA5MiUsIOODneODquOCpuODrOOCv+ODsyA4JQo8L3RkPgo8L3RyPgo8dHI+Cjx0aD7nlJ/nlKPlm708L3RoPgo8dGQ+CuS4reWbvTxiciAvPgoKPC90ZD4KPC90cj4KPHRyPgo8dGg+6KO96YCg5YWDPC90aD4KPHRkPgrjgqLjg7Pjg4Djg7zjgqLjg7zjg57jg7zvvIjjg4njg7zjg6Djgqvjgrnjgr/jg57jg7zjgrvjg7Pjgr/jg7xURUzvvJowMTIwLTEwNi03ODbvvIkKCjwvdGQ+CjwvdHI+Cjx0cj4KPHRoPuaknOe0oueUqOaWh+iogDwvdGg+Cjx0ZD4KW1VOREVSIEFSTUVSXeOCouODs+ODgOODvOOCouODvOODnuODvCBVQSBDT0xER0VBUiBBUk1PVVIgUE9MQVJURUMgTFPjg6Ljg4Pjgq8gQVRHICjjgrXjgqTjgrpMRykgTWVuc1tNQ00zMzUzXeODoeODs+OCuu+8j+eUt+aAp+eUqAo8L3RkPgo8L3RyPgo8dHI+Cjx0aD7luoPlkYrmlofosqw8L3RoPgo8dGQ+CuagquW8j+S8muekvuOCseODs+OCs+ODvOOCqOOCr+OCueODl+ODrOOCuSBURUw6MDMtNjQxMS01NTEzCjwvdGQ+CjwvdHI+CjwvdGFibGU+,44CQVUEgU0FMRemWi+WCrCEhIOacgOWkpzMwJU9GRiHjgJFbVU5ERVIgQVJNRVJd44Ki44Oz44OA44O844Ki44O844Oe44O8IFVBIENPTERHRUFSIEFSTU9VUiBQT0xBUlRFQyBMU+ODouODg+OCryBBVEcgKOOCteOCpOOCukxHKSBNZW5zW01DTTMzNTNd44Oh44Oz44K677yP55S35oCn55So77ya5YGl5bq344Ko44Kv44K544OX44Os44K5,6YCa5L+h6LKp5aOy6YCa6LKp44K344On44OD44OU44Oz44Kw44Kq44Oz44Op44Kk44Oz44K344On44OD44OU44Oz44Kw6LK344GE54mp44OX44Os44K844Oz44OI44Ku44OV44OI6LSI44KK54mp6LSI562U5ZOB44GK5Lit5YWD44GK5q2z5pqu44GK6LK344GE5b6X44Ki44Ks44Oq44Kv44K55LuZ55Sf6Zyy44Oh44K344Oe44Kz44OW6Iqx44Gz44KJ44Gf44GRQUhDQ+OCouODreOCqOadvuWvv+S7meOCs+OCqOODs+OCtuOCpOODoOWBpeW6t+OCqOOCr+OCueODl+ODrOOCuUNQTFJvQ+OCguOBmuOBj+ODleOCs+OCpOODgOODs+ODrOODs+ODgeODs+S4h+eUsOmFtee0oOODl+ODreODneODquOCueOCt+ODvOODleOCs+OCpOODgOODs+OCpuOCs+ODs+m7kumFouODq+ODn+ODs0HjgJBVQSBTQUxF6ZaL5YKsISEg5pyA5aSnMzAlT0ZGIeOAkVtVTkRFUiBBUk1FUl3jgqLjg7Pjg4Djg7zjgqLjg7zjg57jg7wgVUEgQ09MREdFQVIgQVJNT1VSIFBPTEFSVEVDIExT44Oi44OD44KvIEFURyAo44K144Kk44K6TEcpIE1lbnNbTUNNMzM1M13jg6Hjg7PjgrrvvI/nlLfmgKfnlKg=,W1VOREVSIEFSTUVSXeOCouODs+ODgOODvOOCouODvOODnuODvCBVQSBDT0xER+OAguOAkFVBIFNBTEXplovlgqwhISDmnIDlpKczMCVPRkYh44CRW1VOREVSIEFSTUVSXeOCouODs+ODgOODvOOCouODvOODnuODvCBVQSBDT0xER0VBUiBBUk1PVVIgUE9MQVJURUMgTFPjg6Ljg4Pjgq8gQVRHICjjgrXjgqTjgrpMRykgTWVuc1tNQ00zMzUzXeODoeODs+OCuu+8j+eUt+aAp+eUqA==[rn]
17-128224,aHR0cDovL3RzaG9wLnIxMHMuanAva2Vua29leC9jYWJpbmV0LzExNzQvMTE3NC1hNzZicDI3NTk3XzEuanBnP2ZpdGluPTcwMDo3MDA=,ODY0MC4wMDAw,,44K544Od44O844OE44O744Ki44Km44OI44OJ44KiID4g44K544Od44O844OE44Km44Kn44Ki44O744Ki44Kv44K744K144Oq44O8ID4g44K544Od44O844OE55So44Kk44Oz44OK44O8ID4g44Oh44Oz44K644Kk44Oz44OK44O8ID4g44OI44OD44OX44K5,TUlaVU5PIEJJTyBHRUFS44CQQkc4MDAw44CR44K/44Kk44OE77yI44Ot44Oz44Kw77yJ77yI44Os44OH44Kj44O844K577yJ77yc6KO+44OV44Kh44K544OK44O854Sh44GX77yeWzk3OuODluODqeODg+OCr8OX44Op44OZ44Oz44OA44O8XVtBNzZCUDI3NTk3XQ==,,44Oh44O844Kr44O85YilICZndDsg44Oe6KGMICZndDsg44CQ44Of44CRICZndDsg44Of44K644OO77yIbWl6dW5v77yJICZndDsg44Ki44Oz44OA44O844Km44Kn44Ki44O744OG44Kv44OL44Kr44Or44Km44Kn44KiICZndDsg44OQ44Kk44Kq44Ku44Ki44Km44Kn44KiPGJyPgrjg6Hjg7zjgqvjg7zliKUgJmd0OyDjg57ooYwgJmd0OyDjgJDjg5/jgJEgJmd0OyDjg5/jgrrjg47vvIhtaXp1bm/vvIkgJmd0OyDjgqLjg7Pjg4Djg7zjgqbjgqfjgqLjg7vjg4bjgq/jg4vjgqvjg6vjgqbjgqfjgqIgJmd0OyDjgr/jgqTjg4Q8YnI+Cjxicj48aW1nIHNyYz0iaHR0cHM6Ly9pbWFnZS5yYWt1dGVuLmNvLmpwL2NvbS9pbWcvcm1zL2NhYmluZXQvcmVjb21tZW5kX25ldy9pbWcwMDAwMDQ0NC5naWYiIGJvcmRlcj0iMCIgd2lkdGg9IjEwMCUiIC8+PGJyPjxicj4KCjxiPgrpnbTjgajjga7lvZPjgZ/jgorjga7lsJHjgarjgYTjgIHjg5XjgqHjgrnjg4rjg7zjgarjgZfjgr/jgqTjg5cKPC9iPgo8dGFibGU+Cjx0cj4KPHRkPgril4/jgrXjg53jg7zjg4jlipvjgajli5XjgY3jgoTjgZnjgZXjgpLkuKHnq4s8YnI+CuKXj+WFqOOBpuOBruOCueODneODvOODhOOBq+WvvuW/nDxicj4K4peP44K544OI44Os44OD44OB5oCn44KE6KGj5pyN5Zyn44KS44Kz44Oz44OI44Ot44O844Or44GX44Gf44K544Od44O844OE44K/44Kk44OEPGJyPgril4/ouqvkvZPjgpLjgrXjg53jg7zjg4jjgZnjgovjg7vjgrPjg7Pjg4fjgqPjgrfjg6fjg7PjgpLjgq3jg7zjg5fjgZnjgovjg7vjgqbjgqjjgqLjgarjganjgavjgojjgovjgrnjg4jjg6zjgrnjgpLou73muJvjgZnjgovjgI0z44Gk44Gu5qmf6IO944Gn44Ki44K544Oq44O844OI44Gu6IO95Yqb44KS5pyA5aSn6ZmQ44Gr5byV44GN5Ye644GX44G+44GZCjwvdGQ+CjwvdHI+CjwvdGFibGU+CjxpbWcgc3JjPSJodHRwOi8vaW1hZ2UucmFrdXRlbi5jby5qcC9rZW5rb2V4L2NhYmluZXQvcmVuZXdhbF9hdHRlbnRpb24uanBnIiAgd2lkdGg9IjEwMCUiIC8+Cjx0YWJsZT4KPHRyPgo8dGg+44K144Kk44K6PC90aD4KPHRkPgpT44CBTeOAgUwKPC90ZD4KPC90cj4KPHRyPgo8dGg+44Kr44Op44O8PC90aD4KPHRkPgo5Nzrjg5bjg6njg4Pjgq/Dl+ODqeODmeODs+ODgOODvAo8L3RkPgo8L3RyPgo8dHI+Cjx0aD7ntKDmnZA8L3RoPgo8dGQ+CiDmnKzkvZPvvJrjg53jg6rjgqjjgrnjg4bjg6s3MSXjg7vjg53jg6rjgqbjg6zjgr/jg7MyOSU8YnI+CuODoeODg+OCt+ODpemDqO+8muODiuOCpOODreODszY3JeODu+ODneODquOCpuODrOOCv+ODszMzJQo8L3RkPgo8L3RyPgo8dHI+Cjx0aD7ljp/nlKPlm708L3RoPgo8dGQ+CuOCv+OCpOijvSAKPC90ZD4KPC90cj4KPHRyPgo8dGg+6KaP5qC844K144Kk44K677yI5a6f5a+477yJPC90aD4KPHRkPgrogqHkuIvvvJpT77yP57SENjUuOWNt44CBTe+8j+e0hDY3LjljbeOAgUzvvI/ntIQ2OS45Y23jgIFP77yP57SENzEuOWNtCjwvdGQ+CjwvdHI+Cjx0cj4KPHRoPuijvemAoOWFgzwvdGg+Cjx0ZD4K44Of44K644OO5qCq5byP5Lya56S+IDAxMjAtMzIwLTc5Oe+8iOOBiuWuouanmOebuOirh+WupO+8iQo8L3RkPgo8L3RyPgo8dHI+Cjx0aD7oo73pgKDlhYM8L3RoPgo8dGQ+CuODn+OCuuODjuagquW8j+S8muekvgo8L3RkPgo8L3RyPgo8dHI+Cjx0aD7mpJzntKLnlKjmlofoqIA8L3RoPgo8dGQ+Ck1JWlVOTyBCSU8gR0VBUuOAkEJHODAwMOOAkeOCv+OCpOODhO+8iOODreODs+OCsO+8ie+8iOODrOODh+OCo+ODvOOCue+8ie+8nOijvuODleOCoeOCueODiuODvOeEoeOBl++8nls5Nzrjg5bjg6njg4Pjgq/Dl+ODqeODmeODs+ODgOODvF1bQTc2QlAyNzU5N10sNDk1NDYzODk2MTAxMCw0OTU0NjM4OTYxMDAzLDQ5NTQ2Mzg5NjA5OTAKPC90ZD4KPC90cj4KPHRyPgo8dGg+5bqD5ZGK5paH6LKsPC90aD4KPHRkPgrmoKrlvI/kvJrnpL7jgrHjg7PjgrPjg7zjgqjjgq/jgrnjg5fjg6zjgrkgVEVMOjAzLTY0MTEtNTUxMwo8L3RkPgo8L3RyPgo8L3RhYmxlPjxocj7ilqDjgYrlsYrjgZHmlrnms5Xjga/jgZPjgaHjgonjgpLjgq/jg6rjg4Pjgq8gPGJyPg==,TUlaVU5PIEJJTyBHRUFS44CQQkc4MDAw44CR44K/44Kk44OE77yI44Ot44Oz44Kw77yJ77yI44Os44OH44Kj44O844K577yJ77yc6KO+44OV44Kh44K544OK44O854Sh44GX77yeWzk3OuODluODqeODg+OCryZ0aW1lczvjg6njg5njg7Pjg4Djg7xdW0E3NkJQMjc1OTdd77ya5YGl5bq344Ko44Kv44K544OX44Os44K5,6YCa5L+h6LKp5aOy6YCa6LKp44K344On44OD44OU44Oz44Kw44Kq44Oz44Op44Kk44Oz44K344On44OD44OU44Oz44Kw6LK344GE54mp44OX44Os44K844Oz44OI44Ku44OV44OI6LSI44KK54mp6LSI562U5ZOB44GK5Lit5YWD44GK5q2z5pqu44GK6LK344GE5b6X44Ki44Ks44Oq44Kv44K55LuZ55Sf6Zyy44Oh44K344Oe44Kz44OW6Iqx44Gz44KJ44Gf44GRQUhDQ+OCouODreOCqOadvuWvv+S7meOCs+OCqOODs+OCtuOCpOODoOWBpeW6t+OCqOOCr+OCueODl+ODrOOCuUNQTFJvQ+OCguOBmuOBj+ODleOCs+OCpOODgOODs+ODrOODs+ODgeODs+S4h+eUsOmFtee0oOODl+ODreODneODquOCueOCt+ODvOODleOCs+OCpOODgOODs+OCpuOCs+ODs+m7kumFouODq+ODn+ODs0FNSVpVTk8gQklPIEdFQVLjgJBCRzgwMDDjgJHjgr/jgqTjg4TvvIjjg63jg7PjgrDvvInvvIjjg6zjg4fjgqPjg7zjgrnvvInvvJzoo77jg5XjgqHjgrnjg4rjg7znhKHjgZfvvJ5bOTc644OW44Op44OD44KvJnRpbWVzO+ODqeODmeODs+ODgOODvF1bQTc2QlAyNzU5N10=,TUlaVU5PIEJJTyBHRUFS44CQQkc4MDAw44CR44K/44Kk44OE77yI44Ot44Oz44Kw77yJ77yI44Os44OH44Kj44O844K577yJ44CCTUlaVU5PIEJJTyBHRUFS44CQQkc4MDAw44CR44K/44Kk44OE77yI44Ot44Oz44Kw77yJ77yI44Os44OH44Kj44O844K577yJ77yc6KO+44OV44Kh44K544OK44O854Sh44GX77yeWzk3OuODluODqeODg+OCryZ0aW1lczvjg6njg5njg7Pjg4Djg7xdW0E3NkJQMjc1OTdd[rn]
17-128225,aHR0cDovL3RzaG9wLnIxMHMuanAva2Vua29leC9jYWJpbmV0LzExNzQvMTE3NC1jMmphNTgwMTY2XzEuanBnP2ZpdGluPTcwMDo3MDA=,MTYwMC4wMDAw,,44K544Od44O844OE44O744Ki44Km44OI44OJ44KiID4g44K544Od44O844OE44Km44Kn44Ki44O744Ki44Kv44K744K144Oq44O8ID4g44K544Od44O844OE55So44Kk44Oz44OK44O8ID4g44Oh44Oz44K644Kk44Oz44OK44O8ID4g44OI44OD44OX44K5,TWl6dW5vIOODn+OCuuODjiDjg5bjg6zjgrnjgrXjg7zjg6Ig44Ko44OW44OqIOODqeOCpuODs+ODieODjeODg+OCr+mVt+iiluOCt+ODo+ODhCjjg6zjg4fjgqPjg7zjgrkpIOODr+OCpOODs1tDMkpBNTgwMTY2Xe+8iOeZuueGseOCpOODs+ODiuODvO+8iQ==,,PGltZyBzcmM9Imh0dHA6Ly9pbWFnZS5yYWt1dGVuLmNvLmpwL2tlbmtvZXgvY2FiaW5ldC9tYWlsYmluX211cnlvLmpwZyIgYWx0PSLjg6Hjg7zjg6vkvr/vvIjpgIHmlpnnhKHmlpnvvInjgafjga7jgZTms6jmlofjga/jgrPjgrPjgpLjgq/jg6rjg4Pjgq/vvIEiPjxiciAvPjxiciAvPgo8dGFibGUgYm9yZGVyPSIxIiBib3JkZXJjb2xvcj0iIzk5OSIgY2VsbHBhZGRpbmc9IjAiIGNlbGxzcGFjaW5nPSIwIj4KPHRyPgo8dGg+44Kr44Op44O8PC90aD4KPHRkPgrjg6/jgqTjg7MKPC90ZD4KPC90cj4KPHRyPgo8dGg+6KaP5qC844K144Kk44K677yI5a6f5a+477yJPC90aD4KPHRkPgrnnYDkuIjvvJpT77yPNjBjbeOAgU3vvI82MS41Y23jgIFM77yPNjNjbeOAgUxM77yPNjQuNWNtPGJyIC8+CuiDuOWbnuOCiu+8mlPvvI83NmNt44CBTe+8jzgyY23jgIFM77yPODhjbeOAgUxM77yPOTRjbTxiciAvPgrogqnluYXvvJpT77yPMzFjbeOAgU3vvI8zM2Nt44CBTO+8jzM1Y23jgIFMTO+8jzM3Y208YnIgLz4K6KKW5LiI77yaU++8jzUzY23jgIFN77yPNTRjbeOAgUzvvI81NWNt44CBTEzvvI81NmNtCjwvdGQ+CjwvdHI+Cjx0cj4KPHRoPue0oOadkDwvdGg+Cjx0ZD4K44Od44Oq44Ko44K544OG44OrOTHvvIUg44O75oyH5a6a5aSW57mK57at77yI44OW44Os44K544K144O844Oi77yJOe+8hQo8L3RkPgo8L3RyPgo8dHI+Cjx0aD7oo73pgKDlhYM8L3RoPgo8dGQ+CuODn+OCuuODjuagquW8j+S8muekvgo8L3RkPgo8L3RyPgo8dHI+Cjx0aD7mpJzntKLnlKjmlofoqIA8L3RoPgo8dGQ+Ck1penVubyDjg5/jgrrjg44g44OW44Os44K544K144O844OiIOOCqOODluODqiDjg6njgqbjg7Pjg4njg43jg4Pjgq/plbfoopbjgrfjg6Pjg4Qo44Os44OH44Kj44O844K5KSDjg6/jgqTjg7NbQzJKQTU4MDE2Nl0sNDkwNzM3Njg5NjY4Nyw0OTA3Mzc2ODk2Njk0LDQ5MDczNzY4OTY3MDAsNDkwNzM3Njg5NjcxNwo8L3RkPgo8L3RyPgo8dHI+Cjx0aD7luoPlkYrmlofosqw8L3RoPgo8dGQ+CuagquW8j+S8muekvuOCseODs+OCs+ODvOOCqOOCr+OCueODl+ODrOOCuSBURUw6MDMtNjQxMS01NTEzCjwvdGQ+CjwvdHI+CjwvdGFibGU+,TWl6dW5vIOODn+OCuuODjiDjg5bjg6zjgrnjgrXjg7zjg6Ig44Ko44OW44OqIOODqeOCpuODs+ODieODjeODg+OCr+mVt+iiluOCt+ODo+ODhCjjg6zjg4fjgqPjg7zjgrkpIOODr+OCpOODs1tDMkpBNTgwMTY2Xe+8iOeZuueGseOCpOODs+ODiuODvO+8ie+8muWBpeW6t+OCqOOCr+OCueODl+ODrOOCuQ==,6YCa5L+h6LKp5aOy6YCa6LKp44K344On44OD44OU44Oz44Kw44Kq44Oz44Op44Kk44Oz44K344On44OD44OU44Oz44Kw6LK344GE54mp44OX44Os44K844Oz44OI44Ku44OV44OI6LSI44KK54mp6LSI562U5ZOB44GK5Lit5YWD44GK5q2z5pqu44GK6LK344GE5b6X44Ki44Ks44Oq44Kv44K55LuZ55Sf6Zyy44Oh44K344Oe44Kz44OW6Iqx44Gz44KJ44Gf44GRQUhDQ+OCouODreOCqOadvuWvv+S7meOCs+OCqOODs+OCtuOCpOODoOWBpeW6t+OCqOOCr+OCueODl+ODrOOCuUNQTFJvQ+OCguOBmuOBj+ODleOCs+OCpOODgOODs+ODrOODs+ODgeODs+S4h+eUsOmFtee0oOODl+ODreODneODquOCueOCt+ODvOODleOCs+OCpOODgOODs+OCpuOCs+ODs+m7kumFouODq+ODn+ODs0FNaXp1bm8g44Of44K644OOIOODluODrOOCueOCteODvOODoiDjgqjjg5bjg6og44Op44Km44Oz44OJ44ON44OD44Kv6ZW36KKW44K344Oj44OEKOODrOODh+OCo+ODvOOCuSkg44Ov44Kk44OzW0MySkE1ODAxNjZd77yI55m654ax44Kk44Oz44OK44O877yJ,552A5b+D5Zyw6Lu944KE44GL44Gn44CB5Z6L44GP44Ga44KM44GX44Gr44GP44GE6JaE5omL44K/44Kk44OX44CC44CCTWl6dW5vIOODn+OCuuODjiDjg5bjg6zjgrnjgrXjg7zjg6Ig44Ko44OW44OqIOODqeOCpuODs+ODieODjeODg+OCr+mVt+iiluOCt+ODo+ODhCjjg6zjg4fjgqPjg7zjgrkpIOODr+OCpOODs1tDMkpBNTgwMTY2Xe+8iOeZuueGseOCpOODs+ODiuODvO+8iQ==[rn]
17-128226,aHR0cDovL3RzaG9wLnIxMHMuanAva2Vua29leC9jYWJpbmV0LzExNzQvM2I2MmFmODNiMWMzYWVkZmJkXzEuanBnP2ZpdGluPTcwMDo3MDA=,MTYwMC4wMDAw,,44K544Od44O844OE44O744Ki44Km44OI44OJ44KiID4g44K544Od44O844OE44Km44Kn44Ki44O744Ki44Kv44K744K144Oq44O8ID4g44K544Od44O844OE55So44Kk44Oz44OK44O8ID4g44Oh44Oz44K644Kk44Oz44OK44O8ID4g44OI44OD44OX44K5,44CQ44KG44GG44Oh44O844Or5L6/77yB6YCB5paZ54Sh5paZ44CRTWl6dW5vIOODn+OCuuODjiDjg5bjg6zjgrnjgrXjg7zjg6Ig44Ko44OW44OqIOODqeOCpuODs+ODieODjeODg+OCr+mVt+iiluOCt+ODo+ODhCjjg6zjg4fjgqPjg7zjgrkpIOODr+OCpOODs1tDMkpBNTgwMTY2Xe+8iOeZuueGseOCpOODs+ODiuODvO+8iQ==,,PGltZyBzcmM9Imh0dHA6Ly9pbWFnZS5yYWt1dGVuLmNvLmpwL2tlbmtvZXgvY2FiaW5ldC9mdXRzdWJpbl9rb2NoaXJhLmpwZyIgYWx0PSLmma7pgJrkvr8o5a6F6YWNKeOBp+OBruOBlOazqOaWh+OBr+OCs+OCs+OCkuOCr+ODquODg+OCr++8gSI+PGJyIC8+PGJyIC8+Cjx0YWJsZSBib3JkZXI9IjEiIGJvcmRlcmNvbG9yPSIjOTk5IiBjZWxscGFkZGluZz0iMCIgY2VsbHNwYWNpbmc9IjAiPgo8dHI+Cjx0aD7jgqvjg6njg7w8L3RoPgo8dGQ+CuODr+OCpOODswo8L3RkPgo8L3RyPgo8dHI+Cjx0aD7opo/moLzjgrXjgqTjgrrvvIjlrp/lr7jvvIk8L3RoPgo8dGQ+CuedgOS4iO+8mlPvvI82MGNt44CBTe+8jzYxLjVjbeOAgUzvvI82M2Nt44CBTEzvvI82NC41Y208YnIgLz4K6IO45Zue44KK77yaU++8jzc2Y23jgIFN77yPODJjbeOAgUzvvI84OGNt44CBTEzvvI85NGNtPGJyIC8+CuiCqeW5he+8mlPvvI8zMWNt44CBTe+8jzMzY23jgIFM77yPMzVjbeOAgUxM77yPMzdjbTxiciAvPgroopbkuIjvvJpT77yPNTNjbeOAgU3vvI81NGNt44CBTO+8jzU1Y23jgIFMTO+8jzU2Y20KPC90ZD4KPC90cj4KPHRyPgo8dGg+57Sg5p2QPC90aD4KPHRkPgrjg53jg6rjgqjjgrnjg4bjg6s5Me+8hSDjg7vmjIflrprlpJbnuYrntq3vvIjjg5bjg6zjgrnjgrXjg7zjg6LvvIk577yFCjwvdGQ+CjwvdHI+Cjx0cj4KPHRoPuijvemAoOWFgzwvdGg+Cjx0ZD4K44Of44K644OO5qCq5byP5Lya56S+CjwvdGQ+CjwvdHI+Cjx0cj4KPHRoPuaknOe0oueUqOaWh+iogDwvdGg+Cjx0ZD4K44CQ44KG44GG44Oh44O844Or5L6/77yB6YCB5paZ54Sh5paZ44CRTWl6dW5vIOODn+OCuuODjiDjg5bjg6zjgrnjgrXjg7zjg6Ig44Ko44OW44OqIOODqeOCpuODs+ODieODjeODg+OCr+mVt+iiluOCt+ODo+ODhCjjg6zjg4fjgqPjg7zjgrkpIOODr+OCpOODs1tDMkpBNTgwMTY2XSwsLCwKPC90ZD4KPC90cj4KPHRyPgo8dGg+5bqD5ZGK5paH6LKsPC90aD4KPHRkPgrmoKrlvI/kvJrnpL7jgrHjg7PjgrPjg7zjgqjjgq/jgrnjg5fjg6zjgrkgVEVMOjAzLTY0MTEtNTUxMwo8L3RkPgo8L3RyPgo8L3RhYmxlPg==,44CQ44KG44GG44Oh44O844Or5L6/77yB6YCB5paZ54Sh5paZ44CRTWl6dW5vIOODn+OCuuODjiDjg5bjg6zjgrnjgrXjg7zjg6Ig44Ko44OW44OqIOODqeOCpuODs+ODieODjeODg+OCr+mVt+iiluOCt+ODo+ODhCjjg6zjg4fjgqPjg7zjgrkpIOODr+OCpOODs1tDMkpBNTgwMTY2Xe+8iOeZuueGseOCpOODs+ODiuODvO+8ie+8muWBpeW6t+OCqOOCr+OCueODl+ODrOOCuQ==,6YCa5L+h6LKp5aOy6YCa6LKp44K344On44OD44OU44Oz44Kw44Kq44Oz44Op44Kk44Oz44K344On44OD44OU44Oz44Kw6LK344GE54mp44OX44Os44K844Oz44OI44Ku44OV44OI6LSI44KK54mp6LSI562U5ZOB44GK5Lit5YWD44GK5q2z5pqu44GK6LK344GE5b6X44Ki44Ks44Oq44Kv44K55LuZ55Sf6Zyy44Oh44K344Oe44Kz44OW6Iqx44Gz44KJ44Gf44GRQUhDQ+OCouODreOCqOadvuWvv+S7meOCs+OCqOODs+OCtuOCpOODoOWBpeW6t+OCqOOCr+OCueODl+ODrOOCuUNQTFJvQ+OCguOBmuOBj+ODleOCs+OCpOODgOODs+ODrOODs+ODgeODs+S4h+eUsOmFtee0oOODl+ODreODneODquOCueOCt+ODvOODleOCs+OCpOODgOODs+OCpuOCs+ODs+m7kumFouODq+ODn+ODs0HjgJDjgobjgYbjg6Hjg7zjg6vkvr/vvIHpgIHmlpnnhKHmlpnjgJFNaXp1bm8g44Of44K644OOIOODluODrOOCueOCteODvOODoiDjgqjjg5bjg6og44Op44Km44Oz44OJ44ON44OD44Kv6ZW36KKW44K344Oj44OEKOODrOODh+OCo+ODvOOCuSkg44Ov44Kk44OzW0MySkE1ODAxNjZd77yI55m654ax44Kk44Oz44OK44O877yJ,552A5b+D5Zyw6Lu944KE44GL44Gn44CB5Z6L44GP44Ga44KM44GX44Gr44GP44GE6JaE5omL44K/44Kk44OX44CC44CC44CQ44KG44GG44Oh44O844Or5L6/77yB6YCB5paZ54Sh5paZ44CRTWl6dW5vIOODn+OCuuODjiDjg5bjg6zjgrnjgrXjg7zjg6Ig44Ko44OW44OqIOODqeOCpuODs+ODieODjeODg+OCr+mVt+iiluOCt+ODo+ODhCjjg6zjg4fjgqPjg7zjgrkpIOODr+OCpOODs1tDMkpBNTgwMTY2Xe+8iOeZuueGseOCpOODs+ODiuODvO+8iQ==[rn]
17-128227,aHR0cDovL3RzaG9wLnIxMHMuanAva2Vua29leC9jYWJpbmV0LzExNzQvMTE3NC1jMmphNjg0MTA5XzEuanBnP2ZpdGluPTcwMDo3MDA=,MjY0MC4wMDAw,,44K544Od44O844OE44O744Ki44Km44OI44OJ44KiID4g44K544Od44O844OE44Km44Kn44Ki44O744Ki44Kv44K744K144Oq44O8ID4g44K544Od44O844OE55So44Kk44Oz44OK44O8ID4g44Oh44Oz44K644Kk44Oz44OK44O8ID4g44OI44OD44OX44K5,TWl6dW5vIOODn+OCuuODjiDjg5bjg6zjgrnjgrXjg7zjg6Ljgqjjg5bjg6rjg5fjg6njgrkg44Op44Km44Oz44OJ44ON44OD44Kv6ZW36KKW44K344Oj44OE77yI44OW44Op44OD44Kv77yJ44Os44OH44Kj44O844K5IOS4reWOmuOCv+OCpOODl1tDMkpBNjg0MTA5XQ==,,PGltZyBzcmM9Imh0dHA6Ly9pbWFnZS5yYWt1dGVuLmNvLmpwL2tlbmtvZXgvY2FiaW5ldC9tYWlsYmluX211cnlvLmpwZyIgYWx0PSLjg6Hjg7zjg6vkvr/vvIjpgIHmlpnnhKHmlpnvvInjgafjga7jgZTms6jmlofjga/jgrPjgrPjgpLjgq/jg6rjg4Pjgq/vvIEiPjxiciAvPjxiciAvPgo8dGFibGUgYm9yZGVyPSIxIiBib3JkZXJjb2xvcj0iIzk5OSIgY2VsbHBhZGRpbmc9IjAiIGNlbGxzcGFjaW5nPSIwIj4KPHRyPgo8dGg+44Kr44Op44O8PC90aD4KPHRkPgrjg5bjg6njg4Pjgq8KPC90ZD4KPC90cj4KPHRyPgo8dGg+6KaP5qC844K144Kk44K677yI5a6f5a+477yJPC90aD4KPHRkPgrnnYDkuIjvvJpT77yPNjBjbeOAgU3vvI82MS41Y23jgIFM77yPNjNjbeOAgUxM77yPNjQuNWNtPGJyIC8+CuiDuOWbnuOCiu+8mlPvvI83NmNt44CBTe+8jzgyY23jgIFM77yPODhjbeOAgUxM77yPOTRjbTxiciAvPgrogqnluYXvvJpT77yPMzFjbeOAgU3vvI8zM2Nt44CBTO+8jzM1Y23jgIFMTO+8jzM3Y208YnIgLz4K6KKW5LiI77yaU++8jzUwY23jgIFN77yPNTFjbeOAgUzvvI81MmNt44CBTEzvvI81M2NtCjwvdGQ+CjwvdHI+Cjx0cj4KPHRoPue0oOadkDwvdGg+Cjx0ZD4K44Od44Oq44Ko44K544OG44OrOTDvvIXjg7vmjIflrprlpJbnuYrntq3vvIjjg5bjg6zjgrnjgrXjg7zjg6LvvIkxMO+8hQo8L3RkPgo8L3RyPgo8dHI+Cjx0aD7oo73pgKDlhYM8L3RoPgo8dGQ+CuODn+OCuuODjuagquW8j+S8muekvgo8L3RkPgo8L3RyPgo8dHI+Cjx0aD7mpJzntKLnlKjmlofoqIA8L3RoPgo8dGQ+Ck1penVubyDjg5/jgrrjg44g44OW44Os44K544K144O844Oi44Ko44OW44Oq44OX44Op44K5IOODqeOCpuODs+ODieODjeODg+OCr+mVt+iiluOCt+ODo+ODhO+8iOODluODqeODg+OCr++8ieODrOODh+OCo+ODvOOCuSDkuK3ljprjgr/jgqTjg5dbQzJKQTY4NDEwOV0sNDk1NDYzODA0OTAxNSw0OTU0NjM4MDQ5MDIyLDQ5NTQ2MzgwNDkwMzkKPC90ZD4KPC90cj4KPHRyPgo8dGg+5bqD5ZGK5paH6LKsPC90aD4KPHRkPgrmoKrlvI/kvJrnpL7jgrHjg7PjgrPjg7zjgqjjgq/jgrnjg5fjg6zjgrkgVEVMOjAzLTY0MTEtNTUxMwo8L3RkPgo8L3RyPgo8L3RhYmxlPg==,TWl6dW5vIOODn+OCuuODjiDjg5bjg6zjgrnjgrXjg7zjg6Ljgqjjg5bjg6rjg5fjg6njgrkg44Op44Km44Oz44OJ44ON44OD44Kv6ZW36KKW44K344Oj44OE77yI44OW44Op44OD44Kv77yJ44Os44OH44Kj44O844K5IOS4reWOmuOCv+OCpOODl1tDMkpBNjg0MTA5Xe+8muWBpeW6t+OCqOOCr+OCueODl+ODrOOCuQ==,6YCa5L+h6LKp5aOy6YCa6LKp44K344On44OD44OU44Oz44Kw44Kq44Oz44Op44Kk44Oz44K344On44OD44OU44Oz44Kw6LK344GE54mp44OX44Os44K844Oz44OI44Ku44OV44OI6LSI44KK54mp6LSI562U5ZOB44GK5Lit5YWD44GK5q2z5pqu44GK6LK344GE5b6X44Ki44Ks44Oq44Kv44K55LuZ55Sf6Zyy44Oh44K344Oe44Kz44OW6Iqx44Gz44KJ44Gf44GRQUhDQ+OCouODreOCqOadvuWvv+S7meOCs+OCqOODs+OCtuOCpOODoOWBpeW6t+OCqOOCr+OCueODl+ODrOOCuUNQTFJvQ+OCguOBmuOBj+ODleOCs+OCpOODgOODs+ODrOODs+ODgeODs+S4h+eUsOmFtee0oOODl+ODreODneODquOCueOCt+ODvOODleOCs+OCpOODgOODs+OCpuOCs+ODs+m7kumFouODq+ODn+ODs0FNaXp1bm8g44Of44K644OOIOODluODrOOCueOCteODvOODouOCqOODluODquODl+ODqeOCuSDjg6njgqbjg7Pjg4njg43jg4Pjgq/plbfoopbjgrfjg6Pjg4TvvIjjg5bjg6njg4Pjgq/vvInjg6zjg4fjgqPjg7zjgrkg5Lit5Y6a44K/44Kk44OXW0MySkE2ODQxMDld,44OW44Os44K544K144O844Oi44Ko44OW44Oq44Gu5L+d5rip5Yqb44Gr44CB44KE44KP44KJ44GL44GE552A5b+D5Zyw44KS44OX44Op44K544CC44CCTWl6dW5vIOODn+OCuuODjiDjg5bjg6zjgrnjgrXjg7zjg6Ljgqjjg5bjg6rjg5fjg6njgrkg44Op44Km44Oz44OJ44ON44OD44Kv6ZW36KKW44K344Oj44OE77yI44OW44Op44OD44Kv77yJ44Os44OH44Kj44O844K5IOS4reWOmuOCv+OCpOODl1tDMkpBNjg0MTA5XQ==[rn]
17-128228,aHR0cDovL3RzaG9wLnIxMHMuanAva2Vua29leC9jYWJpbmV0LzExNzQvZjZjZWNjNGVkMjJjMTFhMWMwXzEuanBnP2ZpdGluPTcwMDo3MDA=,MjY0MC4wMDAw,,44K544Od44O844OE44O744Ki44Km44OI44OJ44KiID4g44K544Od44O844OE44Km44Kn44Ki44O744Ki44Kv44K744K144Oq44O8ID4g44K544Od44O844OE55So44Kk44Oz44OK44O8ID4g44Oh44Oz44K644Kk44Oz44OK44O8ID4g44OI44OD44OX44K5,44CQ44KG44GG44Oh44O844Or5L6/77yB6YCB5paZ54Sh5paZ44CRTWl6dW5vIOODn+OCuuODjiDjg5bjg6zjgrnjgrXjg7zjg6Ljgqjjg5bjg6rjg5fjg6njgrkg44Op44Km44Oz44OJ44ON44OD44Kv6ZW36KKW44K344Oj44OE77yI44OW44Op44OD44Kv77yJ44Os44OH44Kj44O844K5IOS4reWOmuOCv+OCpOODl1tDMkpBNjg0MTA5XQ==,,PGltZyBzcmM9Imh0dHA6Ly9pbWFnZS5yYWt1dGVuLmNvLmpwL2tlbmtvZXgvY2FiaW5ldC9mdXRzdWJpbl9rb2NoaXJhLmpwZyIgYWx0PSLmma7pgJrkvr8o5a6F6YWNKeOBp+OBruOBlOazqOaWh+OBr+OCs+OCs+OCkuOCr+ODquODg+OCr++8gSI+PGJyIC8+PGJyIC8+Cjx0YWJsZSBib3JkZXI9IjEiIGJvcmRlcmNvbG9yPSIjOTk5IiBjZWxscGFkZGluZz0iMCIgY2VsbHNwYWNpbmc9IjAiPgo8dHI+Cjx0aD7jgqvjg6njg7w8L3RoPgo8dGQ+CuODluODqeODg+OCrwo8L3RkPgo8L3RyPgo8dHI+Cjx0aD7opo/moLzjgrXjgqTjgrrvvIjlrp/lr7jvvIk8L3RoPgo8dGQ+CuedgOS4iO+8mlPvvI82MGNt44CBTe+8jzYxLjVjbeOAgUzvvI82M2Nt44CBTEzvvI82NC41Y208YnIgLz4K6IO45Zue44KK77yaU++8jzc2Y23jgIFN77yPODJjbeOAgUzvvI84OGNt44CBTEzvvI85NGNtPGJyIC8+CuiCqeW5he+8mlPvvI8zMWNt44CBTe+8jzMzY23jgIFM77yPMzVjbeOAgUxM77yPMzdjbTxiciAvPgroopbkuIjvvJpT77yPNTBjbeOAgU3vvI81MWNt44CBTO+8jzUyY23jgIFMTO+8jzUzY20KPC90ZD4KPC90cj4KPHRyPgo8dGg+57Sg5p2QPC90aD4KPHRkPgrjg53jg6rjgqjjgrnjg4bjg6s5MO+8heODu+aMh+WumuWklue5iue2re+8iOODluODrOOCueOCteODvOODou+8iTEw77yFCjwvdGQ+CjwvdHI+Cjx0cj4KPHRoPuijvemAoOWFgzwvdGg+Cjx0ZD4K44Of44K644OO5qCq5byP5Lya56S+CjwvdGQ+CjwvdHI+Cjx0cj4KPHRoPuaknOe0oueUqOaWh+iogDwvdGg+Cjx0ZD4K44CQ44KG44GG44Oh44O844Or5L6/77yB6YCB5paZ54Sh5paZ44CRTWl6dW5vIOODn+OCuuODjiDjg5bjg6zjgrnjgrXjg7zjg6Ljgqjjg5bjg6rjg5fjg6njgrkg44Op44Km44Oz44OJ44ON44OD44Kv6ZW36KKW44K344Oj44OE77yI44OW44Op44OD44Kv77yJ44Os44OH44Kj44O844K5IOS4reWOmuOCv+OCpOODl1tDMkpBNjg0MTA5XSwsLAo8L3RkPgo8L3RyPgo8dHI+Cjx0aD7luoPlkYrmlofosqw8L3RoPgo8dGQ+CuagquW8j+S8muekvuOCseODs+OCs+ODvOOCqOOCr+OCueODl+ODrOOCuSBURUw6MDMtNjQxMS01NTEzCjwvdGQ+CjwvdHI+CjwvdGFibGU+,44CQ44KG44GG44Oh44O844Or5L6/77yB6YCB5paZ54Sh5paZ44CRTWl6dW5vIOODn+OCuuODjiDjg5bjg6zjgrnjgrXjg7zjg6Ljgqjjg5bjg6rjg5fjg6njgrkg44Op44Km44Oz44OJ44ON44OD44Kv6ZW36KKW44K344Oj44OE77yI44OW44Op44OD44Kv77yJ44Os44OH44Kj44O844K5IOS4reWOmuOCv+OCpOODl1tDMkpBNjg0MTA5Xe+8muWBpeW6t+OCqOOCr+OCueODl+ODrOOCuQ==,6YCa5L+h6LKp5aOy6YCa6LKp44K344On44OD44OU44Oz44Kw44Kq44Oz44Op44Kk44Oz44K344On44OD44OU44Oz44Kw6LK344GE54mp44OX44Os44K844Oz44OI44Ku44OV44OI6LSI44KK54mp6LSI562U5ZOB44GK5Lit5YWD44GK5q2z5pqu44GK6LK344GE5b6X44Ki44Ks44Oq44Kv44K55LuZ55Sf6Zyy44Oh44K344Oe44Kz44OW6Iqx44Gz44KJ44Gf44GRQUhDQ+OCouODreOCqOadvuWvv+S7meOCs+OCqOODs+OCtuOCpOODoOWBpeW6t+OCqOOCr+OCueODl+ODrOOCuUNQTFJvQ+OCguOBmuOBj+ODleOCs+OCpOODgOODs+ODrOODs+ODgeODs+S4h+eUsOmFtee0oOODl+ODreODneODquOCueOCt+ODvOODleOCs+OCpOODgOODs+OCpuOCs+ODs+m7kumFouODq+ODn+ODs0HjgJDjgobjgYbjg6Hjg7zjg6vkvr/vvIHpgIHmlpnnhKHmlpnjgJFNaXp1bm8g44Of44K644OOIOODluODrOOCueOCteODvOODouOCqOODluODquODl+ODqeOCuSDjg6njgqbjg7Pjg4njg43jg4Pjgq/plbfoopbjgrfjg6Pjg4TvvIjjg5bjg6njg4Pjgq/vvInjg6zjg4fjgqPjg7zjgrkg5Lit5Y6a44K/44Kk44OXW0MySkE2ODQxMDld,44OW44Os44K544K144O844Oi44Ko44OW44Oq44Gu5L+d5rip5Yqb44Gr44CB44KE44KP44KJ44GL44GE552A5b+D5Zyw44KS44OX44Op44K544CC44CC44CQ44KG44GG44Oh44O844Or5L6/77yB6YCB5paZ54Sh5paZ44CRTWl6dW5vIOODn+OCuuODjiDjg5bjg6zjgrnjgrXjg7zjg6Ljgqjjg5bjg6rjg5fjg6njgrkg44Op44Km44Oz44OJ44ON44OD44Kv6ZW36KKW44K344Oj44OE77yI44OW44Op44OD44Kv77yJ44Os44OH44Kj44O844K5IOS4reWOmuOCv+OCpOODl1tDMkpBNjg0MTA5XQ==[rn]
17-128229,aHR0cDovL3RzaG9wLnIxMHMuanAva2Vua29leC9jYWJpbmV0L3NwMDAzL3NwMDAzLTc1Y3A0MDEwOS5qcGc/Zml0aW49NzAwOjcwMA==,MTYwMC4wMDAw,,44K544Od44O844OE44O744Ki44Km44OI44OJ44KiID4g44K544Od44O844OE44Km44Kn44Ki44O744Ki44Kv44K744K144Oq44O8ID4g44K544Od44O844OE55So44Kk44Oz44OK44O8ID4g44Oh44Oz44K644Kk44Oz44OK44O8ID4g44OI44OD44OX44K5,TUlaVU5PIOODn+OCuuODjiDjg5bjg6zjgrnjgrXjg7zjg6Ig44Ko44OW44OqIOOCv+OCpOODhO+8iOODoeODs+OCuu+8iVvjg5bjg6njg4Pjgq9dWzc1Q1A0MDEwOV0gKOODn+OCuuODjiDjg5bjg6zjgrnjgrXjg7zjg6Ig44Ki44Oz44OA44O844Km44Ko44KiIOOCv+OCpOODhCDnlLfmgKfnlKgg55m654ax44Kk44Oz44OK44O8KQ==,,44K544Od44O844OEICZndDsg44K544Od44O844OE5LiA6KanICZndDsg44Ki44Oz44OA44O844Km44Ko44KiICZndDsg44Oh44Oz44K6PGJyPgrjgrnjg53jg7zjg4QgJmd0OyDjgrnjg53jg7zjg4TkuIDopqcgJmd0OyDjgrnjg53jg7zjg4TjgqbjgqfjgqIgJmd0OyDjg5zjg4jjg6Djgrk8YnI+Cjxicj48aW1nIHNyYz0iaHR0cHM6Ly9pbWFnZS5yYWt1dGVuLmNvLmpwL2NvbS9pbWcvcm1zL2NhYmluZXQvcmVjb21tZW5kX25ldy9pbWcwMDAwMDQ0NC5naWYiIGJvcmRlcj0iMCIgd2lkdGg9IjEwMCUiIC8+PGJyPjxicj4KCjxiPgrmr47ml6XjgpLjgrXjg53jg7zjg4jjgZnjgovml6XluLjnlKjjg5bjg6zjgrnjgrXjg7zjg6LjgIHjgr/jgqTjg4TjgIIKPC9iPgo8dGFibGU+Cjx0cj4KPHRkPgril4/nnYDlv4PlnLDou73jgoTjgYvjgarou73ph4/oqK3oqIjjgafjgIHlnovjgY/jgZrjgozjgZfjgavjgY/jgYToloTmiYvjgr/jgqTjg5fjgafjgZnjgII8YnI+CuKXj+axl+OCkuWQuOWPjuOBl+eZuueGseOAgjxicj4K4peP54ax44GM6YCD44GS44Gr44GP44GE44CCPGJyPgril4/jgqLjg7Pjg6Ljg4vjgqLjga7lq4zjgarjgavjgYrjgYTjgpLmipHjgYjjgovjgII8YnI+CuKXj+OBiuiCjOOBq+OChOOBleOBl+OBhHBI44Kz44Oz44OI44Ot44O844Or5qmf6IO95LuY44GN44CCCjwvdGQ+CjwvdHI+CjwvdGFibGU+CjxpbWcgc3JjPSJodHRwOi8vaW1hZ2UucmFrdXRlbi5jby5qcC9rZW5rb2V4L2NhYmluZXQvcmVuZXdhbF9hdHRlbnRpb24uanBnIiAgd2lkdGg9IjEwMCUiIC8+Cjx0YWJsZT4KPHRyPgo8dGg+44K144Kk44K6PC90aD4KPHRkPgpN44K144Kk44K677ya6Lqr6ZW3MTY1772eMTc1Y23jgIHog7jlm7I4OO+9njk2Y23jgIHjgqbjgqjjgrnjg4g3Nu+9njg0Y208YnI+CkzjgrXjgqTjgrrvvJrouqvplbcxNzXvvZ4xODVjbeOAgeiDuOWbsjk2772eMTA0Y23jgIHjgqbjgqjjgrnjg4g4NO+9njk0Y208YnI+CkxM44K144Kk44K677ya6Lqr6ZW3MTg1772eMTk1Y23jgIHog7jlm7IxMDTvvZ4xMTJjbeOAgeOCpuOCqOOCueODiDk0772eMTA0Y20KPC90ZD4KPC90cj4KPHRyPgo8dGg+57Sg5p2QPC90aD4KPHRkPgrjg53jg6rjgqjjgrnjg4bjg6s5Me+8heOAgeaMh+WumuWklue5iue2re+8iOODluODrOOCueOCteODvOODou+8iTnvvIUKPC90ZD4KPC90cj4KPHRyPgo8dGg+6KO96YCg5YWDPC90aD4KPHRkPgrjg5/jgrrjg47moKrlvI/kvJrnpL4KPC90ZD4KPC90cj4KPHRyPgo8dGg+5qSc57Si55So5paH6KiAPC90aD4KPHRkPgrjgqLjg7Pjg4Djg7zjgqbjgqfjgqIs6IKM552ALOOCpOODs+ODiuODvOOCpuOCp+OCoizjg5njg7zjgrnjg6zjgqTjg6Tjg7ws55m654ax57Sg5p2QLOOCteODvOODoue0oOadkCzkv53muKks55m654ax57Sg5p2QCjwvdGQ+CjwvdHI+Cjx0cj4KPHRoPuW6g+WRiuaWh+iyrDwvdGg+Cjx0ZD4K5qCq5byP5Lya56S+44Kx44Oz44Kz44O844Ko44Kv44K544OX44Os44K5IFRFTDowMy02NDExLTU1MTMKPC90ZD4KPC90cj4KPC90YWJsZT4KCgo8YnI+Cgo8Yj7plqLpgKPllYblk4Hjga/jgZPjgaHjgok8L2I+PGJyPgoKPHRhYmxlIHdpZHRoPSI3MDAiIGJvcmRlcj0iMCIgY2VsbHNwYWNpbmc9IjAiIGNlbGxwYWRkaW5nPSIwIj4KPHRyPgo8dGQgdmFsaWduPSJ0b3AiPjxwPgo8aW1nIHNyYz0iaHR0cDovL2ltYWdlLnJha3V0ZW4uY28uanAva2Vua29leC9jYWJpbmV0L3NwMDAzL3NwMDAzLTc1Y3A0MDEwNC5qcGciIHdpZHRoPSIxMDAlIiBib3JkZXI9IjAiICAvPjxicj4K44Of44K644OOIOODluODrOOCueOCteODvOODoiDjgqjjg5bjg6og44K/44Kk44OEKOODoeODs+OCuilb44Kw44OsLi4uCjwvcD48L3RkPgo8dGQgdmFsaWduPSJ0b3AiPjxwPgo8YnI+CuODn+OCuuODjiDjg5bjg6zjgrnjgrXjg7zjg6Ig44Ko44OW44OqIOOCv+OCpOODhCjjg6Hjg7PjgropW+OCquODlS4uLgo8L3A+PC90ZD4KPHRkIHZhbGlnbj0idG9wIj48cD4KPGJyPgrjg5/jgrrjg44g44OW44Os44K544K144O844OiIOOCouODs+ODgOODvOOCpuOCqOOCoiDjg6njgqTjg4jjgqbjgqjjg7suLi4KPC9wPjwvdGQ+Cjx0ZCB2YWxpZ249InRvcCI+PHA+Cjxicj4K44Of44K644OOIOODluODrOOCueOCteODvOODoiDjg5jjg5Pjg7zjgqbjgqjjgqTjg4jjgIDjg63jg7PjgrDjgr/jgqQuLi4KPC9wPjwvdGQ+Cjx0ZCB2YWxpZ249InRvcCI+PHA+Cjxicj4K44OV44Kn44OL44OD44Kv44K544Of44OD44OJ44Km44Kn44Kk44OI44K544Os44OD44OB44K/44Kk44OE77yI44Oh44OzLi4uCjwvcD48L3RkPgo8L3RyPgo8dHI+Cjx0ZCBhbGlnbj0iY2VudGVyIiB2YWxpZ249Im1pZGRsZSI+MTc3NeWGhu+8iOeojui+vO+8iTxicj48L3RkPgo8dGQgYWxpZ249ImNlbnRlciIgdmFsaWduPSJtaWRkbGUiPjE3NzXlhobvvIjnqI7ovrzvvIk8YnI+PC90ZD4KPHRkIGFsaWduPSJjZW50ZXIiIHZhbGlnbj0ibWlkZGxlIj4/MywxNTDlhobvvIjnqI7ovrzvvIk8YnI+PC90ZD4KPHRkIGFsaWduPSJjZW50ZXIiIHZhbGlnbj0ibWlkZGxlIj40OTkw5YaG77yI56iO6L6877yJPGJyPjwvdGQ+Cjx0ZCBhbGlnbj0iY2VudGVyIiB2YWxpZ249Im1pZGRsZSI+Mjc5M+WGhu+8iOeojui+vO+8iTxicj48L3RkPgo8L3RyPgo8L3RhYmxlPgo8YnI+Cjxicj4KPGhyPuKWoOOBiuWxiuOBkeaWueazleOBr+OBk+OBoeOCieOCkuOCr+ODquODg+OCryA8YnI+,TUlaVU5PIOODn+OCuuODjiDjg5bjg6zjgrnjgrXjg7zjg6Ig44Ko44OW44OqIOOCv+OCpOODhO+8iOODoeODs+OCuu+8iVvjg5bjg6njg4Pjgq9dWzc1Q1A0MDEwOV0gKOODn+OCuuODjiDjg5bjg6zjgrnjgrXjg7zjg6Ig44Ki44Oz44OA44O844Km44Ko44KiIOOCv+OCpOODhCDnlLfmgKfnlKgg55m654ax44Kk44Oz44OK44O8Ke+8muWBpeW6t+OCqOOCr+OCueODl+ODrOOCuQ==,6YCa5L+h6LKp5aOy6YCa6LKp44K344On44OD44OU44Oz44Kw44Kq44Oz44Op44Kk44Oz44K344On44OD44OU44Oz44Kw6LK344GE54mp44OX44Os44K844Oz44OI44Ku44OV44OI6LSI44KK54mp6LSI562U5ZOB44GK5Lit5YWD44GK5q2z5pqu44GK6LK344GE5b6X44Ki44Ks44Oq44Kv44K55LuZ55Sf6Zyy44Oh44K344Oe44Kz44OW6Iqx44Gz44KJ44Gf44GRQUhDQ+OCouODreOCqOadvuWvv+S7meOCs+OCqOODs+OCtuOCpOODoOWBpeW6t+OCqOOCr+OCueODl+ODrOOCuUNQTFJvQ+OCguOBmuOBj+ODleOCs+OCpOODgOODs+ODrOODs+ODgeODs+S4h+eUsOmFtee0oOODl+ODreODneODquOCueOCt+ODvOODleOCs+OCpOODgOODs+OCpuOCs+ODs+m7kumFouODq+ODn+ODs0FNSVpVTk8g44Of44K644OOIOODluODrOOCueOCteODvOODoiDjgqjjg5bjg6og44K/44Kk44OE77yI44Oh44Oz44K677yJW+ODluODqeODg+OCr11bNzVDUDQwMTA5XSAo44Of44K644OOIOODluODrOOCueOCteODvOODoiDjgqLjg7Pjg4Djg7zjgqbjgqjjgqIg44K/44Kk44OEIOeUt+aAp+eUqCDnmbrnhrHjgqTjg7Pjg4rjg7wp,5q+O5pel44KS44K144Od44O844OI44GZ44KL5pel5bi455So44OW44Os44K544K144O844Oi44CB44K/44Kk44OE44CC44CCTUlaVU5PIOODn+OCuuODjiDjg5bjg6zjgrnjgrXjg7zjg6Ig44Ko44OW44OqIOOCv+OCpOODhO+8iOODoeODs+OCuu+8iVvjg5bjg6njg4Pjgq9dWzc1Q1A0MDEwOV0gKOODn+OCuuODjiDjg5bjg6zjgrnjgrXjg7zjg6Ig44Ki44Oz44OA44O844Km44Ko44KiIOOCv+OCpOODhCDnlLfmgKfnlKgg55m654ax44Kk44Oz44OK44O8KQ==[rn]
17-128230,aHR0cDovL3RzaG9wLnIxMHMuanAva2Vua29leC9jYWJpbmV0LzExNzQvMTE3NC1jMmphNTgwMjY2XzEuanBnP2ZpdGluPTcwMDo3MDA=,MTQ0MC4wMDAw,,44K544Od44O844OE44O744Ki44Km44OI44OJ44KiID4g44K544Od44O844OE44Km44Kn44Ki44O744Ki44Kv44K744K144Oq44O8ID4g44K544Od44O844OE55So44Kk44Oz44OK44O8ID4g44Oh44Oz44K644Kk44Oz44OK44O8ID4g44OI44OD44OX44K5,TWl6dW5vIOODn+OCuuODjiDjg5bjg6zjgrnjgrXjg7zjg6Ig44Ko44OW44OqIOODqeOCpuODs+ODieODjeODg+OCr+S4g+WIhuiiluOCt+ODo+ODhCjjg6zjg4fjgqPjg7zjgrkpIOODr+OCpOODs1tDMkpBNTgwMjY2Xe+8iOeZuueGseOCpOODs+ODiuODvO+8iQ==,,PGltZyBzcmM9Imh0dHA6Ly9pbWFnZS5yYWt1dGVuLmNvLmpwL2tlbmtvZXgvY2FiaW5ldC9tYWlsYmluX211cnlvLmpwZyIgYWx0PSLjg6Hjg7zjg6vkvr/vvIjpgIHmlpnnhKHmlpnvvInjgafjga7jgZTms6jmlofjga/jgrPjgrPjgpLjgq/jg6rjg4Pjgq/vvIEiPjxiciAvPjxiciAvPgo8dGFibGUgYm9yZGVyPSIxIiBib3JkZXJjb2xvcj0iIzk5OSIgY2VsbHBhZGRpbmc9IjAiIGNlbGxzcGFjaW5nPSIwIj4KPHRyPgo8dGg+44Kr44Op44O8PC90aD4KPHRkPgrjg6/jgqTjg7MKPC90ZD4KPC90cj4KPHRyPgo8dGg+6KaP5qC844K144Kk44K677yI5a6f5a+477yJPC90aD4KPHRkPgrnnYDkuIjvvJpT77yPNjBjbeOAgU3vvI82MS41Y23jgIFM77yPNjNjbeOAgUxM77yPNjQuNWNtPGJyIC8+CuiDuOWbnuOCiu+8mlPvvI83NmNt44CBTe+8jzgyY23jgIFM77yPODhjbeOAgUxM77yPOTRjbTxiciAvPgrogqnluYXvvJpT77yPMzFjbeOAgU3vvI8zM2Nt44CBTO+8jzM1Y23jgIFMTO+8jzM3Y208YnIgLz4K6KKW5LiI77yaU++8jzQyLjVjbeOAgU3vvI80My41Y23jgIFM77yPNDQuNWNt44CBTEzvvI80NS41Y20KPC90ZD4KPC90cj4KPHRyPgo8dGg+57Sg5p2QPC90aD4KPHRkPgrjg53jg6rjgqjjgrnjg4bjg6s5Me+8hSDjg7vmjIflrprlpJbnuYrntq3vvIjjg5bjg6zjgrnjgrXjg7zjg6LvvIk577yFCjwvdGQ+CjwvdHI+Cjx0cj4KPHRoPuijvemAoOWFgzwvdGg+Cjx0ZD4K44Of44K644OO5qCq5byP5Lya56S+CjwvdGQ+CjwvdHI+Cjx0cj4KPHRoPuaknOe0oueUqOaWh+iogDwvdGg+Cjx0ZD4KTWl6dW5vIOODn+OCuuODjiDjg5bjg6zjgrnjgrXjg7zjg6Ig44Ko44OW44OqIOODqeOCpuODs+ODieODjeODg+OCr+S4g+WIhuiiluOCt+ODo+ODhCjjg6zjg4fjgqPjg7zjgrkpIOODr+OCpOODs1tDMkpBNTgwMjY2XSw0OTA3Mzc2ODk3NTE2LDQ5MDczNzY4OTc1NzgsNDkwNzM3Njg5NzU4NSw0OTA3Mzc2ODk3NTkyCjwvdGQ+CjwvdHI+Cjx0cj4KPHRoPuW6g+WRiuaWh+iyrDwvdGg+Cjx0ZD4K5qCq5byP5Lya56S+44Kx44Oz44Kz44O844Ko44Kv44K544OX44Os44K5IFRFTDowMy02NDExLTU1MTMKPC90ZD4KPC90cj4KPC90YWJsZT4=,TWl6dW5vIOODn+OCuuODjiDjg5bjg6zjgrnjgrXjg7zjg6Ig44Ko44OW44OqIOODqeOCpuODs+ODieODjeODg+OCr+S4g+WIhuiiluOCt+ODo+ODhCjjg6zjg4fjgqPjg7zjgrkpIOODr+OCpOODs1tDMkpBNTgwMjY2Xe+8iOeZuueGseOCpOODs+ODiuODvO+8ie+8muWBpeW6t+OCqOOCr+OCueODl+ODrOOCuQ==,6YCa5L+h6LKp5aOy6YCa6LKp44K344On44OD44OU44Oz44Kw44Kq44Oz44Op44Kk44Oz44K344On44OD44OU44Oz44Kw6LK344GE54mp44OX44Os44K844Oz44OI44Ku44OV44OI6LSI44KK54mp6LSI562U5ZOB44GK5Lit5YWD44GK5q2z5pqu44GK6LK344GE5b6X44Ki44Ks44Oq44Kv44K55LuZ55Sf6Zyy44Oh44K344Oe44Kz44OW6Iqx44Gz44KJ44Gf44GRQUhDQ+OCouODreOCqOadvuWvv+S7meOCs+OCqOODs+OCtuOCpOODoOWBpeW6t+OCqOOCr+OCueODl+ODrOOCuUNQTFJvQ+OCguOBmuOBj+ODleOCs+OCpOODgOODs+ODrOODs+ODgeODs+S4h+eUsOmFtee0oOODl+ODreODneODquOCueOCt+ODvOODleOCs+OCpOODgOODs+OCpuOCs+ODs+m7kumFouODq+ODn+ODs0FNaXp1bm8g44Of44K644OOIOODluODrOOCueOCteODvOODoiDjgqjjg5bjg6og44Op44Km44Oz44OJ44ON44OD44Kv5LiD5YiG6KKW44K344Oj44OEKOODrOODh+OCo+ODvOOCuSkg44Ov44Kk44OzW0MySkE1ODAyNjZd77yI55m654ax44Kk44Oz44OK44O877yJ,552A5b+D5Zyw6Lu944KE44GL44Gn44CB5Z6L44GP44Ga44KM44GX44Gr44GP44GE6JaE5omL44K/44Kk44OX44CC44CCTWl6dW5vIOODn+OCuuODjiDjg5bjg6zjgrnjgrXjg7zjg6Ig44Ko44OW44OqIOODqeOCpuODs+ODieODjeODg+OCr+S4g+WIhuiiluOCt+ODo+ODhCjjg6zjg4fjgqPjg7zjgrkpIOODr+OCpOODs1tDMkpBNTgwMjY2Xe+8iOeZuueGseOCpOODs+ODiuODvO+8iQ==[rn]
17-128231,aHR0cDovL3RzaG9wLnIxMHMuanAva2Vua29leC9jYWJpbmV0LzExNzQvZDc0NGY1OTFjNDJkZTAyYzNmXzEuanBnP2ZpdGluPTcwMDo3MDA=,MTQ0MC4wMDAw,,44K544Od44O844OE44O744Ki44Km44OI44OJ44KiID4g44K544Od44O844OE44Km44Kn44Ki44O744Ki44Kv44K744K144Oq44O8ID4g44K544Od44O844OE55So44Kk44Oz44OK44O8ID4g44Oh44Oz44K644Kk44Oz44OK44O8ID4g44OI44OD44OX44K5,44CQ44KG44GG44Oh44O844Or5L6/77yB6YCB5paZ54Sh5paZ44CRTWl6dW5vIOODn+OCuuODjiDjg5bjg6zjgrnjgrXjg7zjg6Ig44Ko44OW44OqIOODqeOCpuODs+ODieODjeODg+OCr+S4g+WIhuiiluOCt+ODo+ODhCjjg6zjg4fjgqPjg7zjgrkpIOODr+OCpOODs1tDMkpBNTgwMjY2Xe+8iOeZuueGseOCpOODs+ODiuODvO+8iQ==,,PGltZyBzcmM9Imh0dHA6Ly9pbWFnZS5yYWt1dGVuLmNvLmpwL2tlbmtvZXgvY2FiaW5ldC9mdXRzdWJpbl9rb2NoaXJhLmpwZyIgYWx0PSLmma7pgJrkvr8o5a6F6YWNKeOBp+OBruOBlOazqOaWh+OBr+OCs+OCs+OCkuOCr+ODquODg+OCr++8gSI+PGJyIC8+PGJyIC8+Cjx0YWJsZSBib3JkZXI9IjEiIGJvcmRlcmNvbG9yPSIjOTk5IiBjZWxscGFkZGluZz0iMCIgY2VsbHNwYWNpbmc9IjAiPgo8dHI+Cjx0aD7jgqvjg6njg7w8L3RoPgo8dGQ+CuODr+OCpOODswo8L3RkPgo8L3RyPgo8dHI+Cjx0aD7opo/moLzjgrXjgqTjgrrvvIjlrp/lr7jvvIk8L3RoPgo8dGQ+CuedgOS4iO+8mlPvvI82MGNt44CBTe+8jzYxLjVjbeOAgUzvvI82M2Nt44CBTEzvvI82NC41Y208YnIgLz4K6IO45Zue44KK77yaU++8jzc2Y23jgIFN77yPODJjbeOAgUzvvI84OGNt44CBTEzvvI85NGNtPGJyIC8+CuiCqeW5he+8mlPvvI8zMWNt44CBTe+8jzMzY23jgIFM77yPMzVjbeOAgUxM77yPMzdjbTxiciAvPgroopbkuIjvvJpT77yPNDIuNWNt44CBTe+8jzQzLjVjbeOAgUzvvI80NC41Y23jgIFMTO+8jzQ1LjVjbQo8L3RkPgo8L3RyPgo8dHI+Cjx0aD7ntKDmnZA8L3RoPgo8dGQ+CuODneODquOCqOOCueODhuODqzkx77yFIOODu+aMh+WumuWklue5iue2re+8iOODluODrOOCueOCteODvOODou+8iTnvvIUKPC90ZD4KPC90cj4KPHRyPgo8dGg+6KO96YCg5YWDPC90aD4KPHRkPgrjg5/jgrrjg47moKrlvI/kvJrnpL4KPC90ZD4KPC90cj4KPHRyPgo8dGg+5qSc57Si55So5paH6KiAPC90aD4KPHRkPgrjgJDjgobjgYbjg6Hjg7zjg6vkvr/vvIHpgIHmlpnnhKHmlpnjgJFNaXp1bm8g44Of44K644OOIOODluODrOOCueOCteODvOODoiDjgqjjg5bjg6og44Op44Km44Oz44OJ44ON44OD44Kv5LiD5YiG6KKW44K344Oj44OEKOODrOODh+OCo+ODvOOCuSkg44Ov44Kk44OzW0MySkE1ODAyNjZdLCwsLAo8L3RkPgo8L3RyPgo8dHI+Cjx0aD7luoPlkYrmlofosqw8L3RoPgo8dGQ+CuagquW8j+S8muekvuOCseODs+OCs+ODvOOCqOOCr+OCueODl+ODrOOCuSBURUw6MDMtNjQxMS01NTEzCjwvdGQ+CjwvdHI+CjwvdGFibGU+,44CQ44KG44GG44Oh44O844Or5L6/77yB6YCB5paZ54Sh5paZ44CRTWl6dW5vIOODn+OCuuODjiDjg5bjg6zjgrnjgrXjg7zjg6Ig44Ko44OW44OqIOODqeOCpuODs+ODieODjeODg+OCr+S4g+WIhuiiluOCt+ODo+ODhCjjg6zjg4fjgqPjg7zjgrkpIOODr+OCpOODs1tDMkpBNTgwMjY2Xe+8iOeZuueGseOCpOODs+ODiuODvO+8ie+8muWBpeW6t+OCqOOCr+OCueODl+ODrOOCuQ==,6YCa5L+h6LKp5aOy6YCa6LKp44K344On44OD44OU44Oz44Kw44Kq44Oz44Op44Kk44Oz44K344On44OD44OU44Oz44Kw6LK344GE54mp44OX44Os44K844Oz44OI44Ku44OV44OI6LSI44KK54mp6LSI562U5ZOB44GK5Lit5YWD44GK5q2z5pqu44GK6LK344GE5b6X44Ki44Ks44Oq44Kv44K55LuZ55Sf6Zyy44Oh44K344Oe44Kz44OW6Iqx44Gz44KJ44Gf44GRQUhDQ+OCouODreOCqOadvuWvv+S7meOCs+OCqOODs+OCtuOCpOODoOWBpeW6t+OCqOOCr+OCueODl+ODrOOCuUNQTFJvQ+OCguOBmuOBj+ODleOCs+OCpOODgOODs+ODrOODs+ODgeODs+S4h+eUsOmFtee0oOODl+ODreODneODquOCueOCt+ODvOODleOCs+OCpOODgOODs+OCpuOCs+ODs+m7kumFouODq+ODn+ODs0HjgJDjgobjgYbjg6Hjg7zjg6vkvr/vvIHpgIHmlpnnhKHmlpnjgJFNaXp1bm8g44Of44K644OOIOODluODrOOCueOCteODvOODoiDjgqjjg5bjg6og44Op44Km44Oz44OJ44ON44OD44Kv5LiD5YiG6KKW44K344Oj44OEKOODrOODh+OCo+ODvOOCuSkg44Ov44Kk44OzW0MySkE1ODAyNjZd77yI55m654ax44Kk44Oz44OK44O877yJ,552A5b+D5Zyw6Lu944KE44GL44Gn44CB5Z6L44GP44Ga44KM44GX44Gr44GP44GE6JaE5omL44K/44Kk44OX44CC44CC44CQ44KG44GG44Oh44O844Or5L6/77yB6YCB5paZ54Sh5paZ44CRTWl6dW5vIOODn+OCuuODjiDjg5bjg6zjgrnjgrXjg7zjg6Ig44Ko44OW44OqIOODqeOCpuODs+ODieODjeODg+OCr+S4g+WIhuiiluOCt+ODo+ODhCjjg6zjg4fjgqPjg7zjgrkpIOODr+OCpOODs1tDMkpBNTgwMjY2Xe+8iOeZuueGseOCpOODs+ODiuODvO+8iQ==[rn]
17-128232,aHR0cDovL3RzaG9wLnIxMHMuanAva2Vua29leC9jYWJpbmV0LzEyODAvMTI4MC00NTczMjg5NTQzMjYyXzEuanBnP2ZpdGluPTcwMDo3MDA=,MzY0MC4wMDAw,,44K544Od44O844OE44O744Ki44Km44OI44OJ44KiID4g44K544Od44O844OE44Km44Kn44Ki44O744Ki44Kv44K744K144Oq44O8ID4g44K544Od44O844OE55So44Kk44Oz44OK44O8ID4g44Oh44Oz44K644Kk44Oz44OK44O8ID4g44OI44OD44OX44K5,W1VOREVSIEFSTUVSXeOCouODs+ODgOODvOOCouODvOODnuODvCBVQSBIRUFUR0VBUiBBUk1PVVIgTk9WRUxUWeODrOOCruODs+OCsOOCuSDjg5Hjg7Pjg4Qg44Ot44Oz44Kw44K/44Kk44OEIOODoeODs+OCuijnlLfmgKfnlKgpIEJMSy9SRUQvTURbTUNNMzM2M13vvIjjgqbjgqfjgqIg44Km44Ko44KiIOacjSDjgqTjg7Pjg4rjg7zjg5Hjg7Pjg4Qg44Kk44Oz44OK44O844K544OR44OD44OE77yJ,,PHRhYmxlIGJvcmRlcj0iMSIgYm9yZGVyY29sb3I9IiM5OTkiIGNlbGxwYWRkaW5nPSIwIiBjZWxsc3BhY2luZz0iMCI+Cjx0cj4KPHRoPue0oOadkDwvdGg+Cjx0ZD4K5pys5L2TOuODneODquOCqOOCueODhuODqyA4NCUsIOODneODquOCpuODrOOCv+ODsyAxNiU8YnIgLz4K44Km44Ko44K544OI6YOo5YiGOuODiuOCpOODreODsyA1MyUsIOODneODquOCqOOCueODhuODqyAzNSUsIOODneODquOCpuODrOOCv+ODsyAxMiUKPC90ZD4KPC90cj4KPHRyPgo8dGg+55Sf55Sj5Zu9PC90aD4KPHRkPgrkuK3lm708YnIgLz4KCjwvdGQ+CjwvdHI+Cjx0cj4KPHRoPuijvemAoOWFgzwvdGg+Cjx0ZD4K44Ki44Oz44OA44O844Ki44O844Oe44O877yI44OJ44O844Og44Kr44K544K/44Oe44O844K744Oz44K/44O8VEVM77yaMDEyMC0xMDYtNzg277yJCjwvdGQ+CjwvdHI+Cjx0cj4KPHRoPuaknOe0oueUqOaWh+iogDwvdGg+Cjx0ZD4KW1VOREVSIEFSTUVSXeOCouODs+ODgOODvOOCouODvOODnuODvCBVQSBIRUFUR0VBUiBBUk1PVVIgTk9WRSDjg6Hjg7Pjgroo55S35oCn55SoKSBCTEsvUkVEL01EW01DTTMzNjNdCjwvdGQ+CjwvdHI+Cjx0cj4KPHRoPuW6g+WRiuaWh+iyrDwvdGg+Cjx0ZD4K5qCq5byP5Lya56S+44Kx44Oz44Kz44O844Ko44Kv44K544OX44Os44K5IFRFTDowMy02NDExLTU1MTMKPC90ZD4KPC90cj4KPC90YWJsZT4=,W1VOREVSIEFSTUVSXeOCouODs+ODgOODvOOCouODvOODnuODvCBVQSBIRUFUR0VBUiBBUk1PVVIgTk9WRUxUWeODrOOCruODs+OCsOOCuSDjg5Hjg7Pjg4Qg44Ot44Oz44Kw44K/44Kk44OEIOODoeODs+OCuijnlLfmgKfnlKgpIEJMSy9SRUQvTURbTUNNMzM2M13vvIjjgqbjgqfjgqIg44Km44Ko44KiIOacjSDjgqTjg7Pjg4rjg7zjg5Hjg7Pjg4Qg44Kk44Oz44OK44O844K544OR44OD44OE77yJ77ya5YGl5bq344Ko44Kv44K544OX44Os44K5,6YCa5L+h6LKp5aOy6YCa6LKp44K344On44OD44OU44Oz44Kw44Kq44Oz44Op44Kk44Oz44K344On44OD44OU44Oz44Kw6LK344GE54mp44OX44Os44K844Oz44OI44Ku44OV44OI6LSI44KK54mp6LSI562U5ZOB44GK5Lit5YWD44GK5q2z5pqu44GK6LK344GE5b6X44Ki44Ks44Oq44Kv44K55LuZ55Sf6Zyy44Oh44K344Oe44Kz44OW6Iqx44Gz44KJ44Gf44GRQUhDQ+OCouODreOCqOadvuWvv+S7meOCs+OCqOODs+OCtuOCpOODoOWBpeW6t+OCqOOCr+OCueODl+ODrOOCuUNQTFJvQ+OCguOBmuOBj+ODleOCs+OCpOODgOODs+ODrOODs+ODgeODs+S4h+eUsOmFtee0oOODl+ODreODneODquOCueOCt+ODvOODleOCs+OCpOODgOODs+OCpuOCs+ODs+m7kumFouODq+ODn+ODs0FbVU5ERVIgQVJNRVJd44Ki44Oz44OA44O844Ki44O844Oe44O8IFVBIEhFQVRHRUFSIEFSTU9VUiBOT1ZFTFRZ44Os44Ku44Oz44Kw44K5IOODkeODs+ODhCDjg63jg7PjgrDjgr/jgqTjg4Qg44Oh44Oz44K6KOeUt+aAp+eUqCkgQkxLL1JFRC9NRFtNQ00zMzYzXe+8iOOCpuOCp+OCoiDjgqbjgqjjgqIg5pyNIOOCpOODs+ODiuODvOODkeODs+ODhCDjgqTjg7Pjg4rjg7zjgrnjg5Hjg4Pjg4TvvIk=,W1VOREVSIEFSTUVSXeOCouODs+ODgOODvOOCouODvOODnuODvCBVQSBIRUFUR+OAgltVTkRFUiBBUk1FUl3jgqLjg7Pjg4Djg7zjgqLjg7zjg57jg7wgVUEgSEVBVEdFQVIgQVJNT1VSIE5PVkVMVFnjg6zjgq7jg7PjgrDjgrkg44OR44Oz44OEIOODreODs+OCsOOCv+OCpOODhCDjg6Hjg7Pjgroo55S35oCn55SoKSBCTEsvUkVEL01EW01DTTMzNjNd77yI44Km44Kn44KiIOOCpuOCqOOCoiDmnI0g44Kk44Oz44OK44O844OR44Oz44OEIOOCpOODs+ODiuODvOOCueODkeODg+ODhO+8iQ==[rn]
17-128233,aHR0cDovL3RzaG9wLnIxMHMuanAva2Vua29leC9jYWJpbmV0LzEyODBfMi8xMjgwLTQ1NzMyODk1NDA1ODJfMS5qcGc/Zml0aW49NzAwOjcwMA==,NDQ4MC4wMDAw,,44K544Od44O844OE44O744Ki44Km44OI44OJ44KiID4g44K544Od44O844OE44Km44Kn44Ki44O744Ki44Kv44K744K144Oq44O8ID4g44K544Od44O844OE55So44Kk44Oz44OK44O8ID4g44Oh44Oz44K644Kk44Oz44OK44O8ID4g44OI44OD44OX44K5,44CQVUEgU0FMRemWi+WCrCEhIOacgOWkpzMwJU9GRiHjgJFbVU5ERVIgQVJNRVJd44Ki44Oz44OA44O844Ki44O844Oe44O8IFVBIENPTERHRUFSIEFSTU9VUuOCteODluODquODoeODvOODhuOCo+ODiUxT44Oi44OD44KvIE5WVCAo44K144Kk44K6M1hMKSBNZW5zW01DTTMzNTRd44Oh44Oz44K677yP55S35oCn55So,,PHRhYmxlIGJvcmRlcj0iMSIgYm9yZGVyY29sb3I9IiM5OTkiIGNlbGxwYWRkaW5nPSIwIiBjZWxsc3BhY2luZz0iMCI+Cjx0cj4KPHRoPue0oOadkDwvdGg+Cjx0ZD4K44Od44Oq44Ko44K544OG44OrIDg3JSwg44Od44Oq44Km44Os44K/44OzIDEzJQo8L3RkPgo8L3RyPgo8dHI+Cjx0aD7nlJ/nlKPlm708L3RoPgo8dGQ+CuS4reWbvTxiciAvPgoKPC90ZD4KPC90cj4KPHRyPgo8dGg+6KO96YCg5YWDPC90aD4KPHRkPgrjgqLjg7Pjg4Djg7zjgqLjg7zjg57jg7zvvIjjg4njg7zjg6Djgqvjgrnjgr/jg57jg7zjgrvjg7Pjgr/jg7xURUzvvJowMTIwLTEwNi03ODbvvIkKCjwvdGQ+CjwvdHI+Cjx0cj4KPHRoPuaknOe0oueUqOaWh+iogDwvdGg+Cjx0ZD4KW1VOREVSIEFSTUVSXeOCouODs+ODgOODvOOCouODvOODnuODvCBVQSBDT0xER0VBUiBBUk1PVVLjgrXjg5bjg6rjg6Hjg7zjg4bjgqPjg4lMU+ODouODg+OCryBOVlQgKOOCteOCpOOCujNYTCkgTWVuc1tNQ00zMzU0XeODoeODs+OCuu+8j+eUt+aAp+eUqAo8L3RkPgo8L3RyPgo8dHI+Cjx0aD7luoPlkYrmlofosqw8L3RoPgo8dGQ+CuagquW8j+S8muekvuOCseODs+OCs+ODvOOCqOOCr+OCueODl+ODrOOCuSBURUw6MDMtNjQxMS01NTEzCjwvdGQ+CjwvdHI+CjwvdGFibGU+,44CQVUEgU0FMRemWi+WCrCEhIOacgOWkpzMwJU9GRiHjgJFbVU5ERVIgQVJNRVJd44Ki44Oz44OA44O844Ki44O844Oe44O8IFVBIENPTERHRUFSIEFSTU9VUuOCteODluODquODoeODvOODhuOCo+ODiUxT44Oi44OD44KvIE5WVCAo44K144Kk44K6M1hMKSBNZW5zW01DTTMzNTRd44Oh44Oz44K677yP55S35oCn55So77ya5YGl5bq344Ko44Kv44K544OX44Os44K5,6YCa5L+h6LKp5aOy6YCa6LKp44K344On44OD44OU44Oz44Kw44Kq44Oz44Op44Kk44Oz44K344On44OD44OU44Oz44Kw6LK344GE54mp44OX44Os44K844Oz44OI44Ku44OV44OI6LSI44KK54mp6LSI562U5ZOB44GK5Lit5YWD44GK5q2z5pqu44GK6LK344GE5b6X44Ki44Ks44Oq44Kv44K55LuZ55Sf6Zyy44Oh44K344Oe44Kz44OW6Iqx44Gz44KJ44Gf44GRQUhDQ+OCouODreOCqOadvuWvv+S7meOCs+OCqOODs+OCtuOCpOODoOWBpeW6t+OCqOOCr+OCueODl+ODrOOCuUNQTFJvQ+OCguOBmuOBj+ODleOCs+OCpOODgOODs+ODrOODs+ODgeODs+S4h+eUsOmFtee0oOODl+ODreODneODquOCueOCt+ODvOODleOCs+OCpOODgOODs+OCpuOCs+ODs+m7kumFouODq+ODn+ODs0HjgJBVQSBTQUxF6ZaL5YKsISEg5pyA5aSnMzAlT0ZGIeOAkVtVTkRFUiBBUk1FUl3jgqLjg7Pjg4Djg7zjgqLjg7zjg57jg7wgVUEgQ09MREdFQVIgQVJNT1VS44K144OW44Oq44Oh44O844OG44Kj44OJTFPjg6Ljg4Pjgq8gTlZUICjjgrXjgqTjgrozWEwpIE1lbnNbTUNNMzM1NF3jg6Hjg7PjgrrvvI/nlLfmgKfnlKg=,W1VOREVSIEFSTUVSXeOCouODs+ODgOODvOOCouODvOODnuODvCBVQSBDT0xER+OAguOAkFVBIFNBTEXplovlgqwhISDmnIDlpKczMCVPRkYh44CRW1VOREVSIEFSTUVSXeOCouODs+ODgOODvOOCouODvOODnuODvCBVQSBDT0xER0VBUiBBUk1PVVLjgrXjg5bjg6rjg6Hjg7zjg4bjgqPjg4lMU+ODouODg+OCryBOVlQgKOOCteOCpOOCujNYTCkgTWVuc1tNQ00zMzU0XeODoeODs+OCuu+8j+eUt+aAp+eUqA==[rn]
17-128234,aHR0cDovL3RzaG9wLnIxMHMuanAva2Vua29leC9jYWJpbmV0LzExNzQvMTE3NC1hMmpiNTUxN18xLmpwZz9maXRpbj03MDA6NzAw,NTMxMi4wMDAw,,44K544Od44O844OE44O744Ki44Km44OI44OJ44KiID4g44K544Od44O844OE44Km44Kn44Ki44O744Ki44Kv44K744K144Oq44O8ID4g44K544Od44O844OE55So44Kk44Oz44OK44O8ID4g44Oh44Oz44K644Kk44Oz44OK44O8ID4g44OI44OD44OX44K5,44CQ6YCB5paZ54Sh5paZ44CRTWl6dW5vIOODn+OCuuODjiDjg5bjg6zjgrnjgrXjg7zjg6Ig44Km44O844Or44OY44OT44O844Km44Ko44Kk44OI44Ot44Oz44Kw44K/44Kk44OEW0EySkI1NTE3XSDpmLLlr5I=,,PHRhYmxlIGJvcmRlcj0iMSIgYm9yZGVyY29sb3I9IiM5OTkiIGNlbGxwYWRkaW5nPSIwIiBjZWxsc3BhY2luZz0iMCI+Cjx0cj4KPHRoPuOCteOCpOOCujwvdGg+Cjx0ZD4KU+OAgU3jgIFM44CBTEwKPC90ZD4KPC90cj4KPHRyPgo8dGg+44Kr44Op44O8PC90aD4KPHRkPgowOO+8muODgeODo+OCs+ODvOODqwo8L3RkPgo8L3RyPgo8dHI+Cjx0aD7ntKDmnZA8L3RoPgo8dGQ+CuODneODquOCqOOCueODhuODqzU177yF44O75q+bMzbvvIXjg7vmjIflrprlpJbnuYrntq3vvIjjg5bjg6zjgrnjgrXjg7zjg6LvvIk577yFCjwvdGQ+CjwvdHI+Cjx0cj4KPHRoPuWOn+eUo+WbvTwvdGg+Cjx0ZD4K5pel5pys6KO9CjwvdGQ+CjwvdHI+Cjx0cj4KPHRoPumHjemHjzwvdGg+Cjx0ZD4K57SEMjAwZ++8iE3jgrXjgqTjgrrvvIkKPC90ZD4KPC90cj4KPHRyPgo8dGg+6KaP5qC844K144Kk44K6PC90aD4KPHRkPgrnnYDkuIjvvJpT77yPNjVjbeOAgU3vvI82OGNt44CBTO+8jzcxY23jgIFMTO+8jzcyLjVjbTxiciAvPgrog7jlm57jgorvvJpT77yPODFjbeOAgU3vvI84OGNt44CBTO+8jzk1Y23jgIFMTO+8jzEwMmNtPGJyIC8+CuiiluS4iO+8mlPvvI81M2Nt44CBTe+8jzU1Y23jgIFM77yPNTdjbeOAgUxM77yPNThjbQo8L3RkPgo8L3RyPgo8dHI+Cjx0aD7oo73pgKDlhYM8L3RoPgo8dGQ+CuODn+OCuuODjuagquW8j+S8muekvgo8L3RkPgo8L3RyPgo8dHI+Cjx0aD7mpJzntKLnlKjmlofoqIA8L3RoPgo8dGQ+CuOAkOmAgeaWmeeEoeaWmeOAkU1penVubyDjg5/jgrrjg44g44OW44Os44K544K144O844OiIOOCpuODvOODq+ODmOODk+ODvOOCpuOCqOOCpOODiOODreODs+OCsOOCv+OCpOODhFtBMkpCNTUxN10sNDkwNzM3Njg5MDU1NSw0OTA3Mzc2ODkwNTg2LDQ5MDczNzY4OTA1OTMsNDkwNzM3Njg5MDgzOAo8L3RkPgo8L3RyPgo8dHI+Cjx0aD7luoPlkYrmlofosqw8L3RoPgo8dGQ+CuagquW8j+S8muekvuOCseODs+OCs+ODvOOCqOOCr+OCueODl+ODrOOCuSBURUw6MDMtNjQxMS01NTEzCjwvdGQ+CjwvdHI+CjwvdGFibGU+,44CQ6YCB5paZ54Sh5paZ44CRTWl6dW5vIOODn+OCuuODjiDjg5bjg6zjgrnjgrXjg7zjg6Ig44Km44O844Or44OY44OT44O844Km44Ko44Kk44OI44Ot44Oz44Kw44K/44Kk44OEW0EySkI1NTE3XSDpmLLlr5LvvJrlgaXlurfjgqjjgq/jgrnjg5fjg6zjgrk=,6YCa5L+h6LKp5aOy6YCa6LKp44K344On44OD44OU44Oz44Kw44Kq44Oz44Op44Kk44Oz44K344On44OD44OU44Oz44Kw6LK344GE54mp44OX44Os44K844Oz44OI44Ku44OV44OI6LSI44KK54mp6LSI562U5ZOB44GK5Lit5YWD44GK5q2z5pqu44GK6LK344GE5b6X44Ki44Ks44Oq44Kv44K55LuZ55Sf6Zyy44Oh44K344Oe44Kz44OW6Iqx44Gz44KJ44Gf44GRQUhDQ+OCouODreOCqOadvuWvv+S7meOCs+OCqOODs+OCtuOCpOODoOWBpeW6t+OCqOOCr+OCueODl+ODrOOCuUNQTFJvQ+OCguOBmuOBj+ODleOCs+OCpOODgOODs+ODrOODs+ODgeODs+S4h+eUsOmFtee0oOODl+ODreODneODquOCueOCt+ODvOODleOCs+OCpOODgOODs+OCpuOCs+ODs+m7kumFouODq+ODn+ODs0HjgJDpgIHmlpnnhKHmlpnjgJFNaXp1bm8g44Of44K644OOIOODluODrOOCueOCteODvOODoiDjgqbjg7zjg6vjg5jjg5Pjg7zjgqbjgqjjgqTjg4jjg63jg7PjgrDjgr/jgqTjg4RbQTJKQjU1MTddIOmYsuWvkg==,44Km44O844Or5pys5p2l44Gu6auY44GE5ZC45rm/5Yqb44Go5pKl5rC05oCn44Gn44OJ44Op44Kk44Gq6IKM44GW44KP44KK44Go5rip44GL44GV44CC44CQ6YCB5paZ54Sh5paZ44CRTWl6dW5vIOODn+OCuuODjiDjg5bjg6zjgrnjgrXjg7zjg6Ig44Km44O844Or44OY44OT44O844Km44Ko44Kk44OI44Ot44Oz44Kw44K/44Kk44OEW0EySkI1NTE3XSDpmLLlr5I=[rn]
17-128235,aHR0cDovL3RzaG9wLnIxMHMuanAva2Vua29leC9jYWJpbmV0LzExNzQvMTE3NC03M2N3NDYxMDgtYl8xLmpwZz9maXRpbj03MDA6NzAw,NDM1Mi4wMDAw,,44K544Od44O844OE44O744Ki44Km44OI44OJ44KiID4g44K544Od44O844OE44Km44Kn44Ki44O744Ki44Kv44K744K144Oq44O8ID4g44K544Od44O844OE55So44Kk44Oz44OK44O8ID4g44Oh44Oz44K644Kk44Oz44OK44O8ID4g44OI44OD44OX44K5,44CQ6Kiz44GC44KK77ya5aSW566x5LiN6Imv44CR44CQ6YCB5paZ54Sh5paZ44CRTWl6dW5vIOODn+OCuuODjiDjg5bjg6zjgrnjgrXjg7zjg6Ig44Km44O844Or44OY44OT44O844Km44Ko44Kk44OI44Kv44Or44O844ON44OD44Kv6ZW36KKW44K344Oj44OEKOODrOODh+OCo+ODvOOCuSnjg4Hjg6PjgrPjg7zjg6tbNzNDVzQ2MTA4XeOAkFrjgJE=,,PGJyPjxpbWcgc3JjPSJodHRwczovL2ltYWdlLnJha3V0ZW4uY28uanAvY29tL2ltZy9ybXMvY2FiaW5ldC9yZWNvbW1lbmRfbmV3L2ltZzAwMDAwNDQ0LmdpZiIgYm9yZGVyPSIwIiB3aWR0aD0iMTAwJSIgLz48YnI+CgoKCjxiPgoK6KOP6LW35q+b44Gn44Go44Gm44KC5rip44GL44GE44CB5ZC45rm/44O75L+d5rip5oCn44Gr5YSq44KM44Gf44K344Oj44OE44CCCgo8L2I+Cgo8dGFibGU+Cgo8dHI+Cgo8dGQ+Cgril4/jg5bjg6zjgrnjgrXjg7zjg6Ljgavjgqbjg7zjg6vjgpLlkIjjgo/jgZvjgovjgZPjgajjgafjgIHjgZXjgonjgavmuKnjgYvjgY/jgabjg4njg6njgqTjgarnnYDlv4PlnLDjgpLlrp/nj77jgILjgqbjg7zjg6vmnKzmnaXjga7mkqXmsLTmgKflkLjmub/mgKfjgpLnmbrmj67jgZnjgovpmLLnuK7jg6Hjg6rjg47jgqbjg7zjg6vjgpLmjqHnlKjjgII8YnI+Cgril4/jg5bjg6zjgrnjgrXjg7zjg6LjgqLjg7Pjg4Djg7zjgqbjgqjjgqI8YnI+Cgril4/muKnjgYvjgZXjgajlv6vpganjgYzjgaTjgaXjgY8244Gk44Gu5qmf6IO9PGJyPgoK4peP44GX44Gj44GL44KK55m654axW+WQuOa5v+eZuueGsV08YnI+Cgril4/jgYTjgoTjgaroh63jgYTjgpLmipHjgYjjgotb44Ki44Oz44Oi44OL44Ki77yI5rGX77yJ5raI6IetXTxicj4KCuKXj+a4qeOBi+OBleOBjOmVt+aMgeOBoVvnmbrnhrHmjIHntprmgKddPGJyPgoK4peP44OS44Oz44Ok44Oq5oSf44GM5bCR44Gq44GEW+axl+WGt+OBiOaKkeWItuWKm108YnI+Cgril4/jgYrogozjgavjgoTjgZXjgZfjgYRbcEjjgrPjg7Pjg4jjg63jg7zjg6vmqZ/og71dPGJyPgoK4peP54ax44GM6YCD44GS44Gr44GP44GEW+S/nea4qeWKm108YnI+CgrigLvliY3lubTjg6Ljg4fjg6vjgajjga/jg4fjgrbjgqTjg7PjgIHntKDmnZDjgavlpInjgo/jgorjgYzjgarjgYTntpnntprjg6Ljg4fjg6vjgafjgZnjgYzjgIHjgqvjg6njg7zjgYzlpInjgo/jgaPjgabjgYTjgb7jgZnjgILvvIjjg4Hjg6PjgrPjg7zjg6vjgrDjg6zjg7zjgIDihpLjgIDjg4Hjg6PjgrPjg7zjg6vvvIk8YnI+CgrigLvjgYrmtJfmv6/jga7pmpvjga/jgIHoo4/ov5TjgZfjgabjgIHjg43jg4Pjg4jjgavlhaXjgozjgabjgYrmtJfmv6/jgZXjgozjgovjgZPjgajjgpLjgYrjgZnjgZnjgoHjgZfjgb7jgZnjgILkub7nh6XmqZ/jga7jgZTkvb/nlKjjga/jgYrmjqfjgYjjgY/jgaDjgZXjgYTjgIIKCjxicj48Zm9udCBzaXplPSIzIiBjb2xvcj0icmVkIj48Yj4KCuKAu+OBk+OBoeOCieOBruWVhuWTgeOBr+ios+OBguOCiuWVhuWTgeOBqOOBquOCiuOBvuOBmeOAguWklueuseS4jeiJr+OBruWVhuWTgeOBqOOBquOCiuOBvuOBmeOAgjxicj4KCuKAu+ios+OBguOCiuWVhuWTgeOBruOBn+OCgei/lOWTgeS6pOaPm+OBr+aJv+OCjOOBvuOBm+OCk+OAguS6iOOCgeOBlOS6huaJv+OBhOOBn+OBoOOBjeOBvuOBmeOCiOOBhuOBiumhmOOBhOeUs+OBl+S4iuOBkuOBvuOBmeOAggoKPGJyPjwvYj48L2ZvbnQ+Cgo8L3RkPgoKPC90cj4KCjwvdGFibGU+Cgo8aW1nIHNyYz0iaHR0cDovL2ltYWdlLnJha3V0ZW4uY28uanAva2Vua29leC9jYWJpbmV0L3JlbmV3YWxfYXR0ZW50aW9uLmpwZyIgIHdpZHRoPSIxMDAlIiAvPgo8dGFibGU+Cgo8dHI+Cgo8dGg+44K144Kk44K6PC90aD4KCjx0ZD4KClPjgIFN44CBTAoKPC90ZD4KCjwvdHI+Cgo8dHI+Cgo8dGg+44Kr44Op44O8PC90aD4KCjx0ZD4KCjA477ya44OB44Oj44Kz44O844OrCgo8L3RkPgoKPC90cj4KCjx0cj4KCjx0aD7ntKDmnZA8L3RoPgoKPHRkPgoK44Od44Oq44Ko44K544OG44OrNTXvvIXjgIHjgqbjg7zjg6szNu+8heOAgeaMh+WumuWklue5iue2re+8iOODluODrOOCueOCteODvOODou+8iTnvvIUKCjwvdGQ+Cgo8L3RyPgoKPHRyPgoKPHRoPuWOn+eUo+WbvTwvdGg+Cgo8dGQ+Cgrml6XmnKzoo70KCjwvdGQ+Cgo8L3RyPgoKPHRyPgoKPHRoPumHjemHjzwvdGg+Cgo8dGQ+CgrntIQxNjFn77yITeOCteOCpOOCuu+8iQoKPC90ZD4KCjwvdHI+Cgo8dHI+Cgo8dGg+77yc6KaP5qC844K144Kk44K677yI5a6f5a+477yJ77yePC90aD4KCjx0ZD4KCuedgOS4iO+8mlPvvI81OS41Y23jgIFN77yPNjFjbeOAgUzvvI82Mi41Y208YnI+Cgrog7jlm57jgorvvJpT77yPNzJjbeOAgU3vvI83OGNt44CBTO+8jzg0Y208YnI+CgroopbkuIjvvJpT77yPNTJjbeOAgU3vvI81M2Nt44CBTO+8jzU0Y20KCjwvdGQ+Cgo8L3RyPgoKPHRyPgoKPHRoPuijvemAoOWFgzwvdGg+Cgo8dGQ+CgpNaXp1bm8g44Of44K644OO5qCq5byP5Lya56S+Cgo8L3RkPgoKPC90cj4KCjx0cj4KCjx0aD7mpJzntKLnlKjmlofoqIA8L3RoPgoKPHRkPgoK44CQ6YCB5paZ54Sh5paZ44CRTWl6dW5vIOODn+OCuuODjiDjgqbjg7zjg6vjg5jjg5Pjg7zjgqbjgqjjgqTjg4jjgq/jg6vjg7zjg43jg4Pjgq/plbfoopbjgrfjg6Pjg4TvvIjjg6zjg4fjgqPjg7zjgrnvvInjg4Hjg6PjgrPjg7zjg6tbNzNDVzQ2MTA4XSw0NTQ4NjQwMDkzODkyLDQ1NDg2NDAwOTM5MDgsNDU0ODY0MDA5MzkxNQoKPC90ZD4KCjwvdHI+Cgo8dHI+Cgo8dGg+5bqD5ZGK5paH6LKsPC90aD4KCjx0ZD4KCuagquW8j+S8muekvuOCseODs+OCs+ODvOOCqOOCr+OCueODl+ODrOOCuSBURUw6MDMtNjQxMS01NTEzCgo8L3RkPgoKPC90cj4KCjwvdGFibGU+PGhyPuKWoOOBiuWxiuOBkeaWueazleOBr+OBk+OBoeOCieOCkuOCr+ODquODg+OCryA8YnI+,44CQ6Kiz44GC44KK77ya5aSW566x5LiN6Imv44CR44CQ6YCB5paZ54Sh5paZ44CRTWl6dW5vIOODn+OCuuODjiDjg5bjg6zjgrnjgrXjg7zjg6Ig44Km44O844Or44OY44OT44O844Km44Ko44Kk44OI44Kv44Or44O844ON44OD44Kv6ZW36KKW44K344Oj44OEKOODrOODh+OCo+ODvOOCuSnjg4Hjg6PjgrPjg7zjg6tbNzNDVzQ2MTA4XeOAkFrjgJHvvJrlgaXlurfjgqjjgq/jgrnjg5fjg6zjgrk=,6YCa5L+h6LKp5aOy6YCa6LKp44K344On44OD44OU44Oz44Kw44Kq44Oz44Op44Kk44Oz44K344On44OD44OU44Oz44Kw6LK344GE54mp44OX44Os44K844Oz44OI44Ku44OV44OI6LSI44KK54mp6LSI562U5ZOB44GK5Lit5YWD44GK5q2z5pqu44GK6LK344GE5b6X44Ki44Ks44Oq44Kv44K55LuZ55Sf6Zyy44Oh44K344Oe44Kz44OW6Iqx44Gz44KJ44Gf44GRQUhDQ+OCouODreOCqOadvuWvv+S7meOCs+OCqOODs+OCtuOCpOODoOWBpeW6t+OCqOOCr+OCueODl+ODrOOCuUNQTFJvQ+OCguOBmuOBj+ODleOCs+OCpOODgOODs+ODrOODs+ODgeODs+S4h+eUsOmFtee0oOODl+ODreODneODquOCueOCt+ODvOODleOCs+OCpOODgOODs+OCpuOCs+ODs+m7kumFouODq+ODn+ODs0HjgJDoqLPjgYLjgorvvJrlpJbnrrHkuI3oia/jgJHjgJDpgIHmlpnnhKHmlpnjgJFNaXp1bm8g44Of44K644OOIOODluODrOOCueOCteODvOODoiDjgqbjg7zjg6vjg5jjg5Pjg7zjgqbjgqjjgqTjg4jjgq/jg6vjg7zjg43jg4Pjgq/plbfoopbjgrfjg6Pjg4Qo44Os44OH44Kj44O844K5KeODgeODo+OCs+ODvOODq1s3M0NXNDYxMDhd44CQWuOAkQ==,6KOP6LW35q+b44Gn44Go44Gm44KC5rip44GL44GE44CB5ZC45rm/44O75L+d5rip5oCn44Gr5YSq44KM44Gf44K344Oj44OE44CC44CC44CQ6Kiz44GC44KK77ya5aSW566x5LiN6Imv44CR44CQ6YCB5paZ54Sh5paZ44CRTWl6dW5vIOODn+OCuuODjiDjg5bjg6zjgrnjgrXjg7zjg6Ig44Km44O844Or44OY44OT44O844Km44Ko44Kk44OI44Kv44Or44O844ON44OD44Kv6ZW36KKW44K344Oj44OEKOODrOODh+OCo+ODvOOCuSnjg4Hjg6PjgrPjg7zjg6tbNzNDVzQ2MTA4XeOAkFrjgJE=[rn]
17-128236,aHR0cDovL3RzaG9wLnIxMHMuanAva2Vua29leC9jYWJpbmV0LzExNzQvMTE3NC1jcDMyMTA5dDJfMS5qcGc/Zml0aW49NzAwOjcwMA==,NjA4MC4wMDAw,,44K544Od44O844OE44O744Ki44Km44OI44OJ44KiID4g44K544Od44O844OE44Km44Kn44Ki44O744Ki44Kv44K744K144Oq44O8ID4g44K544Od44O844OE55So44Kk44Oz44OK44O8ID4g44Oh44Oz44K644Kk44Oz44OK44O8ID4g44OI44OD44OX44K5,44CQ44K/44Kk44OEMuaemuOCu+ODg+ODiOmZkOWumuWkp+eJueS+oeKZquOAkU1JWlVOTyDjg5/jgrrjg44g44OW44Os44K544K144O844OiIOODmOODk+ODvOOCpuOCqOOCpOODiCDjg63jg7PjgrDjgr/jgqTjg4Qo44Oh44Oz44K6KVvjg5bjg6njg4Pjgq9dWzczQ1AzMjEwOV3vvIjjgYrjgb7jgZHjgaTjgY3imarvvIkg6Ziy5a+S,,44K544Od44O844OEICZndDsg44K544Od44O844OE5LiA6KanICZndDsg44Ki44Oz44OA44O844Km44Ko44KiICZndDsg44Oh44Oz44K6PGJyPgoK44K544Od44O844OEICZndDsg44K544Od44O844OE5LiA6KanICZndDsg44K544Od44O844OE44Km44Kn44KiICZndDsg44K/44Kk44OEICZndDsg44Oh44Oz44K6PGJyPgoKPGJyPuKWoEdsb2JhbCBzaGlwbWVudCBlbmhhbmNlbWVudDpEZWNsYXJlZDxicj48YnI+CgoKPGltZyBzcmM9Imh0dHA6Ly9pbWFnZS5yYWt1dGVuLmNvLmpwL2tlbmtvZXgvY2FiaW5ldC9ibnJfcHJvZHVjdHMvMTE0N2hlYXZ5d2VpZ2h0LmpwZyIgd2lkdGg9IjEwMCUiIC8+PGJyIC8+CjxpbWcgc3JjPSJodHRwOi8vaW1hZ2UucmFrdXRlbi5jby5qcC9rZW5rb2V4L2NhYmluZXQvMTE3NC8xMTc0LWNwMzIxMDl0Ml8xLmpwZyIgd2lkdGg9IjEwMCUiIC8+PGJyIC8+CjxpbWcgc3JjPSJodHRwOi8vaW1hZ2UucmFrdXRlbi5jby5qcC9rZW5rb2V4L2NhYmluZXQvMTE3NC8xMTc0LWNwMzIxMDl0Ml8yLmpwZyIgd2lkdGg9IjEwMCUiIC8+PGJyIC8+PGJyIC8+CgoKPGI+Cgrmlq3nhrHmgKfjg7vkv53muKnmgKfjgavlhKrjgozjgZ/nmbrnhrHjgr/jgqTjg5fjg63jg7PjgrDjgr/jgqTjg4TjgIIKCjwvYj4KCjx0YWJsZT4KCjx0cj4KCjx0ZD4KCuKXj+iFueWcp+OCkui7vea4m+OBl+OChOOBleOBl+OBj+ODleOCo+ODg+ODiOOBmeOCi+OCpuOCqOOCueODiOOCtOODoOOCkuS9v+eUqOOAgjxicj4KCuKXj+S9k+OBruawtOWIhuOCkuWQuOWPjuOBl+eZuueGseOBleOBm+OCi+e0oOadkOODluODrOOCueOCteODvOODouOCkuaOoeeUqOOAgjxicj4KCuKXj+a2iOiHreaAp+OBq+WEquOCjOOAgeaxl+OBquOBqeOBruWrjOOBquWMguOBhOOCkumYsuOBjuOBvuOBmeOAggoKPC90ZD4KCjwvdHI+Cgo8L3RhYmxlPgoKPGJyIC8+Cjx0YWJsZSB3aWR0aD0iMTAwJSIgYm9yZGVyPSIwIiBjZWxsc3BhY2luZz0iMiIgY2VsbHBhZGRpbmc9IjIiIGJnY29sb3I9IiNGRkNDQ0MiPgogIDx0cj4KICAgIDx0ZD48cCBhbGlnbj0iY2VudGVyIj48Zm9udCBzaXplPSItMSIgY29sb3I9IiM2NjY2NjYiPuWVhuWTgeeUu+WDj+OBqOOBr+iJsuODu+W9ouOBquOBqeOBjOiLpeW5sueVsOOBquOCi+WgtOWQiOOBjOOBlOOBluOBhOOBvuOBmeOAggogICAg44G+44Gf44CB5LqI5ZGK44Gq44GP5ZWG5ZOB44GM44Oq44OL44Ol44O844Ki44Or44GZ44KL44GT44Go44GM44GU44GW44GE44G+44GZ44CCPGJyIC8+CiAgICDjgZPjgozjgonjgYznkIbnlLHjga7ov5Tlk4Hjg7vkuqTmj5vjga/jgYrlrqLmp5jpg73lkIjjgajjgarjgorjgb7jgZnjgII8L2ZvbnQ+PC9wPjwvdGQ+CiAgPC90cj4KPC90YWJsZT4KPGJyIC8+Cgo8dGFibGU+Cgo8dHI+Cgo8dGg+6YeN44GVPC90aD4KCjx0ZD4KCue0hDE4NGfvvIhN44K144Kk44K677yJCgo8L3RkPgoKPC90cj4KCjx0cj4KCjx0aD7pganlv5zjgrXjgqTjgrrvvIjljZjkvY0vY23vvIk8L3RoPgoKPHRkPgoKU++8iOi6q+mVtzE1Ne+9njE2NeOAgeOCpuOCqOOCueODiDY4772eNzbvvInjgIFN77yI6Lqr6ZW3MTY1772eMTc144CB44Km44Ko44K544OINzbvvZ44NO+8ieOAgUzvvIjouqvplbcxNzXvvZ4xODXjgIHjgqbjgqjjgrnjg4g4NO+9njk077yJ44CBTEzvvIjouqvplbcxODXvvZ4xOTXjgIHjgqbjgqjjgrnjg4g5NO+9njEwNO+8ieOAgU1T77yI6Lqr6ZW3MTU1772eMTY144CB44Km44Ko44K544OINzbvvZ44NO+8ieOAgUxN77yI6Lqr6ZW3MTY1772eMTc144CB44Km44Ko44K544OIODTvvZ45NO+8iQoKPC90ZD4KCjwvdHI+Cgo8dHI+Cgo8dGg+57Sg5p2QPC90aD4KCjx0ZD4KCuODneODquOCqOOCueODhuODqzg077yFIOaMh+WumuWklue5iue2re+8iOODluODrOOCueOCteODvOODou+8iTE277yFCgo8L3RkPgoKPC90cj4KCjx0cj4KCjx0aD7ljp/nlKPlm708L3RoPgoKPHRkPgoK5pel5pys6KO9Cgo8L3RkPgoKPC90cj4KCjx0cj4KCjx0aD7oo73pgKDlhYM8L3RoPgoKPHRkPgoKTUlaVU5PIOODn+OCuuODjgoKPC90ZD4KCjwvdHI+Cgo8dHI+Cgo8dGg+5qSc57Si55So5paH6KiAPC90aD4KCjx0ZD4KCuOCv+OCpOODhCzjg5zjg4jjg6Djgrks44Kk44Oz44OK44O844Km44Kn44KiLOOCouODs+ODgOODvOOCpuOCp+OCoizogoznnYAs55m654ax57Sg5p2QLOODmeODvOOCueODrOOCpOODpOODvAoKPC90ZD4KCjwvdHI+Cgo8dHI+Cgo8dGg+5bqD5ZGK5paH6LKsPC90aD4KCjx0ZD4KCuagquW8j+S8muekvuOCseODs+OCs+ODvOOCqOOCr+OCueODl+ODrOOCuSBURUw6MDMtNjQxMS01NTEzCgo8L3RkPgoKPC90cj4KCjwvdGFibGU+CgoKCgoKPGJyPgoKCgo8Yj7plqLpgKPllYblk4Hjga/jgZPjgaHjgok8L2I+PGJyPgoKCgo8dGFibGUgd2lkdGg9IjcwMCIgYm9yZGVyPSIwIiBjZWxsc3BhY2luZz0iMCIgY2VsbHBhZGRpbmc9IjAiPgoKPHRyPgoKPHRkIHZhbGlnbj0idG9wIj48cD4KCjxicj4KCuODn+OCuuODjiDjg5bjg6zjgrnjgrXjg7zjg6Ig44Ki44Oz44OA44O844Km44Ko44KiIOODqeOCpOODiOOCpuOCqOODuy4uLgoKPC9wPjwvdGQ+Cgo8dGQgdmFsaWduPSJ0b3AiPjxwPgoKPGJyPgoK44Of44K644OOIOODluODrOOCueOCteODvOODoiDjgqjjg5bjg6og44K/44Kk44OEKOODoeODs+OCuilb44Kw44OsLi4uCgo8L3A+PC90ZD4KCjx0ZCB2YWxpZ249InRvcCI+PHA+Cgo8YnI+Cgrjg5/jgrrjg44g44OW44Os44K544K144O844OiIOOCqOODluODqiDjgr/jgqTjg4Qo44Oh44Oz44K6KVvjgqrjg5UuLi4KCjwvcD48L3RkPgoKPHRkIHZhbGlnbj0idG9wIj48cD4KCjxicj4KCuODn+OCuuODjiDjg5bjg6zjgrnjgrXjg7zjg6Ig44Ko44OW44OqIOOCv+OCpOODhCjjg6Hjg7PjgropW+ODluODqS4uLgoKPC9wPjwvdGQ+Cgo8dGQgdmFsaWduPSJ0b3AiPjxwPgoKPGJyPgoK44OV44Kn44OL44OD44Kv44K544Of44OD44OJ44Km44Kn44Kk44OI44K544Os44OD44OB44K/44Kk44OE77yI44Oh44OzLi4uCgo8L3A+PC90ZD4KCjwvdHI+Cgo8dHI+Cgo8dGQgYWxpZ249ImNlbnRlciIgdmFsaWduPSJtaWRkbGUiPj8zLDE1MOWGhu+8iOeojui+vO+8iTxicj48L3RkPgoKPHRkIGFsaWduPSJjZW50ZXIiIHZhbGlnbj0ibWlkZGxlIj4xNzc15YaG77yI56iO6L6877yJPGJyPjwvdGQ+Cgo8dGQgYWxpZ249ImNlbnRlciIgdmFsaWduPSJtaWRkbGUiPjE3NzXlhobvvIjnqI7ovrzvvIk8YnI+PC90ZD4KCjx0ZCBhbGlnbj0iY2VudGVyIiB2YWxpZ249Im1pZGRsZSI+MTc3NeWGhu+8iOeojui+vO+8iTxicj48L3RkPgoKPHRkIGFsaWduPSJjZW50ZXIiIHZhbGlnbj0ibWlkZGxlIj4yNzkz5YaG77yI56iO6L6877yJPGJyPjwvdGQ+Cgo8L3RyPgoKPC90YWJsZT4KCjxicj4KCjxicj4KCjxocj7ilqDjgYrlsYrjgZHmlrnms5Xjga/jgZPjgaHjgonjgpLjgq/jg6rjg4Pjgq8gPGJyPg==,44CQ44K/44Kk44OEMuaemuOCu+ODg+ODiOmZkOWumuWkp+eJueS+oeKZquOAkU1JWlVOTyDjg5/jgrrjg44g44OW44Os44K544K144O844OiIOODmOODk+ODvOOCpuOCqOOCpOODiCDjg63jg7PjgrDjgr/jgqTjg4Qo44Oh44Oz44K6KVvjg5bjg6njg4Pjgq9dWzczQ1AzMjEwOV3vvIjjgYrjgb7jgZHjgaTjgY3imarvvIkg6Ziy5a+S77ya5YGl5bq344Ko44Kv44K544OX44Os44K5,6YCa5L+h6LKp5aOy6YCa6LKp44K344On44OD44OU44Oz44Kw44Kq44Oz44Op44Kk44Oz44K344On44OD44OU44Oz44Kw6LK344GE54mp44OX44Os44K844Oz44OI44Ku44OV44OI6LSI44KK54mp6LSI562U5ZOB44GK5Lit5YWD44GK5q2z5pqu44GK6LK344GE5b6X44Ki44Ks44Oq44Kv44K55LuZ55Sf6Zyy44Oh44K344Oe44Kz44OW6Iqx44Gz44KJ44Gf44GRQUhDQ+OCouODreOCqOadvuWvv+S7meOCs+OCqOODs+OCtuOCpOODoOWBpeW6t+OCqOOCr+OCueODl+ODrOOCuUNQTFJvQ+OCguOBmuOBj+ODleOCs+OCpOODgOODs+ODrOODs+ODgeODs+S4h+eUsOmFtee0oOODl+ODreODneODquOCueOCt+ODvOODleOCs+OCpOODgOODs+OCpuOCs+ODs+m7kumFouODq+ODn+ODs0HjgJDjgr/jgqTjg4Qy5p6a44K744OD44OI6ZmQ5a6a5aSn54m55L6h4pmq44CRTUlaVU5PIOODn+OCuuODjiDjg5bjg6zjgrnjgrXjg7zjg6Ig44OY44OT44O844Km44Ko44Kk44OIIOODreODs+OCsOOCv+OCpOODhCjjg6Hjg7PjgropW+ODluODqeODg+OCr11bNzNDUDMyMTA5Xe+8iOOBiuOBvuOBkeOBpOOBjeKZqu+8iSDpmLLlr5I=,TUlaVU5PIOODn+OCuuODjiDjg5bjg6zjgrnjgrXjg7zjg6Ig44OY44OT44O844Km44Ko44Kk44OI44CA44Ot44Oz44Kw44K/44Kk44OE44CC44CQ44K/44Kk44OEMuaemuOCu+ODg+ODiOmZkOWumuWkp+eJueS+oeKZquOAkU1JWlVOTyDjg5/jgrrjg44g44OW44Os44K544K144O844OiIOODmOODk+ODvOOCpuOCqOOCpOODiCDjg63jg7PjgrDjgr/jgqTjg4Qo44Oh44Oz44K6KVvjg5bjg6njg4Pjgq9dWzczQ1AzMjEwOV3vvIjjgYrjgb7jgZHjgaTjgY3imarvvIkg6Ziy5a+S[rn]
17-128237,aHR0cDovL3RzaG9wLnIxMHMuanAva2Vua29leC9jYWJpbmV0LzExNzQvMTE3NC1oZWF2eTMyMTA5bWJrXzEuanBnP2ZpdGluPTcwMDo3MDA=,NjQwMC4wMDAw,,44K544Od44O844OE44O744Ki44Km44OI44OJ44KiID4g44K544Od44O844OE44Km44Kn44Ki44O744Ki44Kv44K744K144Oq44O8ID4g44K544Od44O844OE55So44Kk44Oz44OK44O8ID4g44Oh44Oz44K644Kk44Oz44OK44O8ID4g44OI44OD44OX44K5,44CQ5LiK5LiL44K744OD44OI44Gn5aSn54m55L6h77yB44GK44G+44GR44Gk44GN4pmq44CRTUlaVU5PIOODn+OCuuODjiDjg5bjg6zjgrnjgrXjg7zjg6Jb44OY44OT44O844Km44Ko44Kk44OIXeS4iuS4i+OCu+ODg+ODiCDjgq/jg6vjg7zjg43jg4Pjgq/plbfoopbjgrfjg6Pjg4TvvIbjgr/jgqTjg4Qo44Oh44Oz44K6KVvjg5bjg6njg4Pjgq9dWzczY20zMjEwOV1bNzNDUDMyMTA5XSDpmLLlr5I=,,44K544Od44O844OEICZndDsg44K544Od44O844OE5LiA6KanICZndDsg44Ki44Oz44OA44O844Km44Ko44KiICZndDsg44Oh44Oz44K6PGJyPgoK44K544Od44O844OEICZndDsg44K544Od44O844OE5LiA6KanICZndDsg44K544Od44O844OE44Km44Kn44KiICZndDsg44OI44OD44OX44K5ICZndDsg44Oh44Oz44K6PGJyPgoKPGJyPuKWoEdsb2JhbCBzaGlwbWVudCBlbmhhbmNlbWVudDpEZWNsYXJlZDxicj48YnI+CgoKPGltZyBzcmM9Imh0dHA6Ly9pbWFnZS5yYWt1dGVuLmNvLmpwL2tlbmtvZXgvY2FiaW5ldC9ibnJfcHJvZHVjdHMvMTE0N2hlYXZ5d2VpZ2h0LmpwZyIgd2lkdGg9IjEwMCUiIC8+PGJyIC8+CjxpbWcgc3JjPSJodHRwOi8vaW1hZ2UucmFrdXRlbi5jby5qcC9rZW5rb2V4L2NhYmluZXQvMTE3NC8xMTc0LWhlYXZ5MzIxMDltYmtfMS5qcGciIHdpZHRoPSIxMDAlIiAvPjxiciAvPgo8aW1nIHNyYz0iaHR0cDovL2ltYWdlLnJha3V0ZW4uY28uanAva2Vua29leC9jYWJpbmV0LzExNzQvMTE3NC1oZWF2eTMyMTA5bWJrXzIuanBnIiB3aWR0aD0iMTAwJSIgLz48YnIgLz48YnIgLz4KCgo8Yj4KCuaWreeGseaAp+ODu+S/nea4qeaAp+OBq+WEquOCjOOBn+eZuueGseOCv+OCpOODl+OBruiCjOedgOOAggoKPC9iPgoKPHRhYmxlPgoKPHRyPgoKPHRkPgoK4peP44K944OV44OI44Gq6aKo5ZCI44GE44Gu6ZW36KKW44K344Oj44OE44CC57eg44KB5LuY44GR44KS6Lu95rib44GX44OV44Kj44OD44OI44GZ44KL5paw44K344Or44Ko44OD44OI44CCPGJyPgoK4peP5L2T44Gu5rC05YiG44KS5ZC45Y+O44GX55m654ax44GV44Gb44KL57Sg5p2Q44OW44Os44K544K144O844Oi44KS5o6h55So44CCPGJyPgoK4peP5raI6Iet5oCn44Gr5YSq44KM44CB5rGX44Gq44Gp44Gu5auM44Gq5YyC44GE44KS6Ziy44GO44G+44GZ44CCCgo8L3RkPgoKPC90cj4KCjwvdGFibGU+CgoKPGJyIC8+Cjx0YWJsZSB3aWR0aD0iMTAwJSIgYm9yZGVyPSIwIiBjZWxsc3BhY2luZz0iMiIgY2VsbHBhZGRpbmc9IjIiIGJnY29sb3I9IiNGRkNDQ0MiPgogIDx0cj4KICAgIDx0ZD48cCBhbGlnbj0iY2VudGVyIj48Zm9udCBzaXplPSItMSIgY29sb3I9IiM2NjY2NjYiPuWVhuWTgeeUu+WDj+OBqOOBr+iJsuODu+W9ouOBquOBqeOBjOiLpeW5sueVsOOBquOCi+WgtOWQiOOBjOOBlOOBluOBhOOBvuOBmeOAggogICAg44G+44Gf44CB5LqI5ZGK44Gq44GP5ZWG5ZOB44GM44Oq44OL44Ol44O844Ki44Or44GZ44KL44GT44Go44GM44GU44GW44GE44G+44GZ44CCPGJyIC8+CiAgICDjgZPjgozjgonjgYznkIbnlLHjga7ov5Tlk4Hjg7vkuqTmj5vjga/jgYrlrqLmp5jpg73lkIjjgajjgarjgorjgb7jgZnjgII8L2ZvbnQ+PC9wPjwvdGQ+CiAgPC90cj4KPC90YWJsZT4KPGJyIC8+Cjx0YWJsZT4KCjx0cj4KCjx0aD7ph43jgZU8L3RoPgoKPHRkPgoK44K344Oj44OE77ya57SEMjE3Z++8iE3jgrXjgqTjgrrvvIkKCuOCv+OCpOODhO+8mue0hDE4NGfvvIhN44K144Kk44K677yJCgo8L3RkPgoKPC90cj4KCjx0cj4KCjx0aD7pganlv5zjgrXjgqTjgrrvvIjljZjkvY0vY23vvIk8L3RoPgoKPHRkPgoK44K344Oj44OE77yaCgpT77yI6Lqr6ZW3MTU1772eMTY144CB44OQ44K544OIODDvvZ44OOOAgeOCpuOCqOOCueODiDY4772eNzbvvInjgIFN77yI6Lqr6ZW3MTY1772eMTc144CB44OQ44K544OIODjvvZ45NuOAgeOCpuOCqOOCueODiDc2772eODTvvInjgIFM77yI6Lqr6ZW3MTc1772eMTg144CB44OQ44K544OIOTbvvZ4xMDTjgIHjgqbjgqjjgrnjg4g4NO+9njk077yJ44CBTEzvvIjouqvplbcxODXvvZ4xOTXjgIHjg5Djgrnjg4gxMDTvvZ4xMTLjgIHjgqbjgqjjgrnjg4g5NO+9njEwNO+8ieOAgU1T77yI6Lqr6ZW3MTU1772eMTY144CB44OQ44K544OIODjvvZ45NuOAgeOCpuOCqOOCueODiDc2772eODTvvInjgIFMTe+8iOi6q+mVtzE2Ne+9njE3NeOAgeODkOOCueODiDk2772eMTA044CB44Km44Ko44K544OIODTvvZ45NO+8iQoK44K/44Kk44OE77yaCgpT77yI6Lqr6ZW3MTU1772eMTY144CB44Km44Ko44K544OINjjvvZ43Nu+8ieOAgU3vvIjouqvplbcxNjXvvZ4xNzXjgIHjgqbjgqjjgrnjg4g3Nu+9njg077yJ44CBTO+8iOi6q+mVtzE3Ne+9njE4NeOAgeOCpuOCqOOCueODiDg0772eOTTvvInjgIFMTO+8iOi6q+mVtzE4Ne+9njE5NeOAgeOCpuOCqOOCueODiDk0772eMTA077yJ44CBTVPvvIjouqvplbcxNTXvvZ4xNjXjgIHjgqbjgqjjgrnjg4g3Nu+9njg077yJ44CBTE3vvIjouqvplbcxNjXvvZ4xNzXjgIHjgqbjgqjjgrnjg4g4NO+9njk077yJCgo8L3RkPgoKPC90cj4KCjx0cj4KCjx0aD7ntKDmnZA8L3RoPgoKPHRkPgoK44K344Oj44OE77ya44Od44Oq44Ko44K544OG44OrODTvvIUg5oyH5a6a5aSW57mK57at77yI44OW44Os44K544K144O844Oi77yJMTbvvIUKCuOCv+OCpOODhO+8muODneODquOCqOOCueODhuODqzg077yFIOaMh+WumuWklue5iue2re+8iOODluODrOOCueOCteODvOODou+8iTE277yFCgo8L3RkPgoKPC90cj4KCjx0cj4KCjx0aD7ljp/nlKPlm708L3RoPgoKPHRkPgoK5pel5pys6KO9Cgo8L3RkPgoKPC90cj4KCjx0cj4KCjx0aD7oo73pgKDlhYM8L3RoPgoKPHRkPgoKTUlaVU5PIOODn+OCuuODjgoKPC90ZD4KCjwvdHI+Cgo8dHI+Cgo8dGg+5qSc57Si55So5paH6KiAPC90aD4KCjx0ZD4KCuOCt+ODo+ODhCzjgqLjg7Pjg4Djg7zjgqbjgqfjgqIs6IKM552ALOeZuueGsee0oOadkCzjgq/jg6vjg7zjg43jg4Pjgq8s6ZW36KKWLOODreODs+OCsOOCueODquODvOODlizjg5njg7zjgrnjg6zjgqTjg6Tjg7zjgIHjgr/jgqTjg4QKCjwvdGQ+Cgo8L3RyPgoKPHRyPgoKPHRoPuW6g+WRiuaWh+iyrDwvdGg+Cgo8dGQ+CgrmoKrlvI/kvJrnpL7jgrHjg7PjgrPjg7zjgqjjgq/jgrnjg5fjg6zjgrkgVEVMOjAzLTY0MTEtNTUxMwoKPC90ZD4KCjwvdHI+Cgo8L3RhYmxlPjxocj7ilqDjgYrlsYrjgZHmlrnms5Xjga/jgZPjgaHjgonjgpLjgq/jg6rjg4Pjgq8gPGJyPg==,44CQ5LiK5LiL44K744OD44OI44Gn5aSn54m55L6h77yB44GK44G+44GR44Gk44GN4pmq44CRTUlaVU5PIOODn+OCuuODjiDjg5bjg6zjgrnjgrXjg7zjg6Jb44OY44OT44O844Km44Ko44Kk44OIXeS4iuS4i+OCu+ODg+ODiCDjgq/jg6vjg7zjg43jg4Pjgq/plbfoopbjgrfjg6Pjg4TvvIbjgr/jgqTjg4Qo44Oh44Oz44K6KVvjg5bjg6njg4Pjgq9dWzczY20zMjEwOV1bNzNDUDMyMTA5XSDpmLLlr5LvvJrlgaXlurfjgqjjgq/jgrnjg5fjg6zjgrk=,6YCa5L+h6LKp5aOy6YCa6LKp44K344On44OD44OU44Oz44Kw44Kq44Oz44Op44Kk44Oz44K344On44OD44OU44Oz44Kw6LK344GE54mp44OX44Os44K844Oz44OI44Ku44OV44OI6LSI44KK54mp6LSI562U5ZOB44GK5Lit5YWD44GK5q2z5pqu44GK6LK344GE5b6X44Ki44Ks44Oq44Kv44K55LuZ55Sf6Zyy44Oh44K344Oe44Kz44OW6Iqx44Gz44KJ44Gf44GRQUhDQ+OCouODreOCqOadvuWvv+S7meOCs+OCqOODs+OCtuOCpOODoOWBpeW6t+OCqOOCr+OCueODl+ODrOOCuUNQTFJvQ+OCguOBmuOBj+ODleOCs+OCpOODgOODs+ODrOODs+ODgeODs+S4h+eUsOmFtee0oOODl+ODreODneODquOCueOCt+ODvOODleOCs+OCpOODgOODs+OCpuOCs+ODs+m7kumFouODq+ODn+ODs0HjgJDkuIrkuIvjgrvjg4Pjg4jjgaflpKfnibnkvqHvvIHjgYrjgb7jgZHjgaTjgY3imarjgJFNSVpVTk8g44Of44K644OOIOODluODrOOCueOCteODvOODolvjg5jjg5Pjg7zjgqbjgqjjgqTjg4hd5LiK5LiL44K744OD44OIIOOCr+ODq+ODvOODjeODg+OCr+mVt+iiluOCt+ODo+ODhO+8huOCv+OCpOODhCjjg6Hjg7PjgropW+ODluODqeODg+OCr11bNzNjbTMyMTA5XVs3M0NQMzIxMDldIOmYsuWvkg==,5aSn54m55L6h77yB5LiK5LiL44K744OD44OI44GM44GK6LK344GE5b6X4pmq44CC44CQ5LiK5LiL44K744OD44OI44Gn5aSn54m55L6h77yB44GK44G+44GR44Gk44GN4pmq44CRTUlaVU5PIOODn+OCuuODjiDjg5bjg6zjgrnjgrXjg7zjg6Jb44OY44OT44O844Km44Ko44Kk44OIXeS4iuS4i+OCu+ODg+ODiCDjgq/jg6vjg7zjg43jg4Pjgq/plbfoopbjgrfjg6Pjg4TvvIbjgr/jgqTjg4Qo44Oh44Oz44K6KVvjg5bjg6njg4Pjgq9dWzczY20zMjEwOV1bNzNDUDMyMTA5XSDpmLLlr5I=[rn]
17-128238,aHR0cDovL3RzaG9wLnIxMHMuanAva2Vua29leC9jYWJpbmV0LzExNzQvYjZmZGQ5OGRmYWE2OTkyYjg2XzEuanBnP2ZpdGluPTcwMDo3MDA=,MjMyMC4wMDAw,,44K544Od44O844OE44O744Ki44Km44OI44OJ44KiID4g44K544Od44O844OE44Km44Kn44Ki44O744Ki44Kv44K744K144Oq44O8ID4g44K544Od44O844OE55So44Kk44Oz44OK44O8ID4g44Oh44Oz44K644Kk44Oz44OK44O8ID4g44OI44OD44OX44K5,44CQ44KG44GG44Oh44O844Or5L6/77yB6YCB5paZ54Sh5paZ44CRTWl6dW5vIOODn+OCuuODjiDjgrfjg6Pjg4TvvIjjg4/jgqTjg43jg4Pjgq/vvInjg5bjg6zjgrnjgrXjg7zjg6LntKDmnZAg44Oh44Oz44K677yP44Om44OL44K744OD44Kv44K577yI44OW44Op44OD44Kv77yJWzMyTUE2NjQyMDld,,PGltZyBzcmM9Imh0dHA6Ly9pbWFnZS5yYWt1dGVuLmNvLmpwL2tlbmtvZXgvY2FiaW5ldC9mdXRzdWJpbl9rb2NoaXJhLmpwZyIgYWx0PSLmma7pgJrkvr8o5a6F6YWNKeOBp+OBruOBlOazqOaWh+OBr+OCs+OCs+OCkuOCr+ODquODg+OCr++8gSI+PGJyIC8+PGJyIC8+Cjx0YWJsZSBib3JkZXI9IjEiIGJvcmRlcmNvbG9yPSIjOTk5IiBjZWxscGFkZGluZz0iMCIgY2VsbHNwYWNpbmc9IjAiPgo8dHI+Cjx0aD7jgqvjg6njg7w8L3RoPgo8dGQ+CuODluODqeODg+OCrwo8L3RkPgo8L3RyPgo8dHI+Cjx0aD7ntKDmnZA8L3RoPgo8dGQ+CuODneODquOCqOOCueODhuODqzc577yF44O744Os44O844Oo44OzMTbvvIXjg7vmjIflrprlpJbnuYrntq3vvIjjg5bjg6zjgrnjgrXjg7zjg6LvvIk177yFCjwvdGQ+CjwvdHI+Cjx0cj4KPHRoPuimj+agvOOCteOCpOOCuu+8iOWun+WvuO+8iTwvdGg+Cjx0ZD4K552A5LiI77yaU++8jzY1LjVjbeOAgU3vvI82Ny41Y23jgIFM77yPNjkuNWNt44CBWEzvvI83MS41Y23jgIEyWEzvvI83My41Y208YnIgLz4K6IO45Zue44KK77yaU++8jzEwMWNt44CBTe+8jzEwNWNt44CBTO+8jzEwOWNt44CBWEzvvI8xMTNjbeOAgTJYTO+8jzExN2NtPGJyIC8+CuiCqeW5he+8mlPvvI80NS4yY23jgIFN77yPNDYuNmNt44CBTO+8jzQ4Y23jgIFYTO+8jzQ5LjRjbeOAgTJYTO+8jzUwLjhjbTxiciAvPgroopbkuIjvvJpT77yPNTUuNWNt44CBTe+8jzU3Y23jgIFM77yPNTguNWNt44CBWEzvvI82MGNt44CBMlhM77yPNjEuNWNtPGJyIC8+CuKAu+OBk+OBoeOCieODpuODi+OCu+ODg+OCr+OCueOBruWVhuWTgeOBq+OBquOCiuOBvuOBmeOAguWVhuWTgeimj+agvOOBr+eUt+aAp+OCteOCpOOCuuOBp+OBmeOAgjxiciAvPgrlpbPmgKfjga7mlrnjga7loLTlkIjjga/jgIHjg6/jg7PjgrXjgqTjgrrnqIvluqblsI/jgZXjgoHjgYvpganlkIgv6KaP5qC844K144Kk44K644KC44GU5Y+C6ICD44Gu44GG44GI44GK6YG444Gz5LiL44GV44GE44CCCjwvdGQ+CjwvdHI+Cjx0cj4KPHRoPuijvemAoOWFgzwvdGg+Cjx0ZD4K44Of44K644OO5qCq5byP5Lya56S+CjwvdGQ+CjwvdHI+Cjx0cj4KPHRoPuaknOe0oueUqOaWh+iogDwvdGg+Cjx0ZD4K44CQ44KG44GG44Oh44O844Or5L6/77yB6YCB5paZ54Sh5paZ44CRTWl6dW5vIOODn+OCuuODjiDjgrfjg6Pjg4TvvIjjg4/jgqTjg43jg4Pjgq/vvInjg5bjg6zjgrnjgrXjg7zjg6LntKDmnZAg44Oh44Oz44K677yP44Om44OL44K744OD44Kv44K577yI44OW44Op44OD44Kv77yJWzMyTUE2NjQyMDldLCwsCjwvdGQ+CjwvdHI+Cjx0cj4KPHRoPuW6g+WRiuaWh+iyrDwvdGg+Cjx0ZD4K5qCq5byP5Lya56S+44Kx44Oz44Kz44O844Ko44Kv44K544OX44Os44K5IFRFTDowMy02NDExLTU1MTMKPC90ZD4KPC90cj4KPC90YWJsZT4=,44CQ44KG44GG44Oh44O844Or5L6/77yB6YCB5paZ54Sh5paZ44CRTWl6dW5vIOODn+OCuuODjiDjgrfjg6Pjg4TvvIjjg4/jgqTjg43jg4Pjgq/vvInjg5bjg6zjgrnjgrXjg7zjg6LntKDmnZAg44Oh44Oz44K677yP44Om44OL44K744OD44Kv44K577yI44OW44Op44OD44Kv77yJWzMyTUE2NjQyMDld77ya5YGl5bq344Ko44Kv44K544OX44Os44K5,6YCa5L+h6LKp5aOy6YCa6LKp44K344On44OD44OU44Oz44Kw44Kq44Oz44Op44Kk44Oz44K344On44OD44OU44Oz44Kw6LK344GE54mp44OX44Os44K844Oz44OI44Ku44OV44OI6LSI44KK54mp6LSI562U5ZOB44GK5Lit5YWD44GK5q2z5pqu44GK6LK344GE5b6X44Ki44Ks44Oq44Kv44K55LuZ55Sf6Zyy44Oh44K344Oe44Kz44OW6Iqx44Gz44KJ44Gf44GRQUhDQ+OCouODreOCqOadvuWvv+S7meOCs+OCqOODs+OCtuOCpOODoOWBpeW6t+OCqOOCr+OCueODl+ODrOOCuUNQTFJvQ+OCguOBmuOBj+ODleOCs+OCpOODgOODs+ODrOODs+ODgeODs+S4h+eUsOmFtee0oOODl+ODreODneODquOCueOCt+ODvOODleOCs+OCpOODgOODs+OCpuOCs+ODs+m7kumFouODq+ODn+ODs0HjgJDjgobjgYbjg6Hjg7zjg6vkvr/vvIHpgIHmlpnnhKHmlpnjgJFNaXp1bm8g44Of44K644OOIOOCt+ODo+ODhO+8iOODj+OCpOODjeODg+OCr++8ieODluODrOOCueOCteODvOODoue0oOadkCDjg6Hjg7PjgrrvvI/jg6bjg4vjgrvjg4Pjgq/jgrnvvIjjg5bjg6njg4Pjgq/vvIlbMzJNQTY2NDIwOV0=,44OW44Os44K544K144O844Oi57Sg5p2Q44Gu44K344Oz44OX44Or44K344Oj44OE44K344Oq44O844K677yB44OP44Kk44ON44OD44Kv44K/44Kk44OX44CC44CQ44KG44GG44Oh44O844Or5L6/77yB6YCB5paZ54Sh5paZ44CRTWl6dW5vIOODn+OCuuODjiDjgrfjg6Pjg4TvvIjjg4/jgqTjg43jg4Pjgq/vvInjg5bjg6zjgrnjgrXjg7zjg6LntKDmnZAg44Oh44Oz44K677yP44Om44OL44K744OD44Kv44K577yI44OW44Op44OD44Kv77yJWzMyTUE2NjQyMDld[rn]
17-128239,aHR0cDovL3RzaG9wLnIxMHMuanAva2Vua29leC9jYWJpbmV0LzExNzQvZTBlOGU2YTVkZWY5N2M5OGM4XzEuanBnP2ZpdGluPTcwMDo3MDA=,MjMyMC4wMDAw,,44K544Od44O844OE44O744Ki44Km44OI44OJ44KiID4g44K544Od44O844OE44Km44Kn44Ki44O744Ki44Kv44K744K144Oq44O8ID4g44K544Od44O844OE55So44Kk44Oz44OK44O8ID4g44Oh44Oz44K644Kk44Oz44OK44O8ID4g44OI44OD44OX44K5,44CQ44KG44GG44Oh44O844Or5L6/77yB6YCB5paZ54Sh5paZ44CRTWl6dW5vIOODn+OCuuODjiDjgrfjg6Pjg4TvvIhV44ON44OD44Kv77yJ44OW44Os44K544K144O844Oi57Sg5p2QIOODoeODs+OCuu+8j+ODpuODi+OCu+ODg+OCr+OCue+8iOODh+OCo+ODvOODl+ODjeOCpOODk+ODvO+8iVszMk1BNjY0MzE0XQ==,,PGltZyBzcmM9Imh0dHA6Ly9pbWFnZS5yYWt1dGVuLmNvLmpwL2tlbmtvZXgvY2FiaW5ldC9mdXRzdWJpbl9rb2NoaXJhLmpwZyIgYWx0PSLmma7pgJrkvr8o5a6F6YWNKeOBp+OBruOBlOazqOaWh+OBr+OCs+OCs+OCkuOCr+ODquODg+OCr++8gSI+PGJyIC8+PGJyIC8+Cjx0YWJsZSBib3JkZXI9IjEiIGJvcmRlcmNvbG9yPSIjOTk5IiBjZWxscGFkZGluZz0iMCIgY2VsbHNwYWNpbmc9IjAiPgo8dHI+Cjx0aD7jgqvjg6njg7w8L3RoPgo8dGQ+CuODh+OCo+ODvOODl+ODjeOCpOODk+ODvAo8L3RkPgo8L3RyPgo8dHI+Cjx0aD7ntKDmnZA8L3RoPgo8dGQ+CuODneODquOCqOOCueODhuODqzc577yF44O744Os44O844Oo44OzMTbvvIXjg7vmjIflrprlpJbnuYrntq3vvIjjg5bjg6zjgrnjgrXjg7zjg6LvvIk177yFCjwvdGQ+CjwvdHI+Cjx0cj4KPHRoPuimj+agvOOCteOCpOOCuu+8iOWun+WvuO+8iTwvdGg+Cjx0ZD4K552A5LiI77yaU++8jzY1Y23jgIFN77yPNjdjbeOAgUzvvI82OWNt44CBWEzvvI83MWNt44CBMlhM77yPNzNjbTxiciAvPgrog7jlm57jgorvvJpT77yPMTAxY23jgIFN77yPMTA1Y23jgIFM77yPMTA5Y23jgIFYTO+8jzExM2Nt44CBMlhM77yPMTE3Y208YnIgLz4K6IKp5bmF77yaU++8jzQ1LjJjbeOAgU3vvI80Ni42Y23jgIFM77yPNDhjbeOAgVhM77yPNDkuNGNt44CBMlhM77yPNTAuOGNtPGJyIC8+CuiiluS4iO+8mlPvvI81NS41Y23jgIFN77yPNTdjbeOAgUzvvI81OC41Y23jgIFYTO+8jzYwY23jgIEyWEzvvI82MS41Y208YnIgLz4K4oC744GT44Gh44KJ44Om44OL44K744OD44Kv44K544Gu5ZWG5ZOB44Gr44Gq44KK44G+44GZ44CC5ZWG5ZOB6KaP5qC844Gv55S35oCn44K144Kk44K644Gn44GZ44CCPGJyIC8+CuWls+aAp+OBruaWueOBruWgtOWQiOOBr+OAgeODr+ODs+OCteOCpOOCuueoi+W6puWwj+OBleOCgeOBi+mBqeWQiC/opo/moLzjgrXjgqTjgrrjgoLjgZTlj4LogIPjga7jgYbjgYjjgYrpgbjjgbPkuIvjgZXjgYTjgIIKPC90ZD4KPC90cj4KPHRyPgo8dGg+6KO96YCg5YWDPC90aD4KPHRkPgrjg5/jgrrjg47moKrlvI/kvJrnpL4KPC90ZD4KPC90cj4KPHRyPgo8dGg+5qSc57Si55So5paH6KiAPC90aD4KPHRkPgrjgJDjgobjgYbjg6Hjg7zjg6vkvr/vvIHpgIHmlpnnhKHmlpnjgJFNaXp1bm8g44Of44K644OOIOOCt+ODo+ODhO+8iFXjg43jg4Pjgq/vvInjg5bjg6zjgrnjgrXjg7zjg6LntKDmnZAg44Oh44Oz44K677yP44Om44OL44K744OD44Kv44K577yI44OH44Kj44O844OX44ON44Kk44OT44O877yJWzMyTUE2NjQzMTRdLCwsCjwvdGQ+CjwvdHI+Cjx0cj4KPHRoPuW6g+WRiuaWh+iyrDwvdGg+Cjx0ZD4K5qCq5byP5Lya56S+44Kx44Oz44Kz44O844Ko44Kv44K544OX44Os44K5IFRFTDowMy02NDExLTU1MTMKPC90ZD4KPC90cj4KPC90YWJsZT4=,44CQ44KG44GG44Oh44O844Or5L6/77yB6YCB5paZ54Sh5paZ44CRTWl6dW5vIOODn+OCuuODjiDjgrfjg6Pjg4TvvIhV44ON44OD44Kv77yJ44OW44Os44K544K144O844Oi57Sg5p2QIOODoeODs+OCuu+8j+ODpuODi+OCu+ODg+OCr+OCue+8iOODh+OCo+ODvOODl+ODjeOCpOODk+ODvO+8iVszMk1BNjY0MzE0Xe+8muWBpeW6t+OCqOOCr+OCueODl+ODrOOCuQ==,6YCa5L+h6LKp5aOy6YCa6LKp44K344On44OD44OU44Oz44Kw44Kq44Oz44Op44Kk44Oz44K344On44OD44OU44Oz44Kw6LK344GE54mp44OX44Os44K844Oz44OI44Ku44OV44OI6LSI44KK54mp6LSI562U5ZOB44GK5Lit5YWD44GK5q2z5pqu44GK6LK344GE5b6X44Ki44Ks44Oq44Kv44K55LuZ55Sf6Zyy44Oh44K344Oe44Kz44OW6Iqx44Gz44KJ44Gf44GRQUhDQ+OCouODreOCqOadvuWvv+S7meOCs+OCqOODs+OCtuOCpOODoOWBpeW6t+OCqOOCr+OCueODl+ODrOOCuUNQTFJvQ+OCguOBmuOBj+ODleOCs+OCpOODgOODs+ODrOODs+ODgeODs+S4h+eUsOmFtee0oOODl+ODreODneODquOCueOCt+ODvOODleOCs+OCpOODgOODs+OCpuOCs+ODs+m7kumFouODq+ODn+ODs0HjgJDjgobjgYbjg6Hjg7zjg6vkvr/vvIHpgIHmlpnnhKHmlpnjgJFNaXp1bm8g44Of44K644OOIOOCt+ODo+ODhO+8iFXjg43jg4Pjgq/vvInjg5bjg6zjgrnjgrXjg7zjg6LntKDmnZAg44Oh44Oz44K677yP44Om44OL44K744OD44Kv44K577yI44OH44Kj44O844OX44ON44Kk44OT44O877yJWzMyTUE2NjQzMTRd,44OW44Os44K544K144O844Oi57Sg5p2Q44Gu44K344Oz44OX44Or44K344Oj44OE44K344Oq44O844K677yB44CC44CQ44KG44GG44Oh44O844Or5L6/77yB6YCB5paZ54Sh5paZ44CRTWl6dW5vIOODn+OCuuODjiDjgrfjg6Pjg4TvvIhV44ON44OD44Kv77yJ44OW44Os44K544K144O844Oi57Sg5p2QIOODoeODs+OCuu+8j+ODpuODi+OCu+ODg+OCr+OCue+8iOODh+OCo+ODvOODl+ODjeOCpOODk+ODvO+8iVszMk1BNjY0MzE0XQ==[rn]
17-128240,aHR0cDovL3RzaG9wLnIxMHMuanAva2Vua29leC9jYWJpbmV0LzExNzQvMTE3NC0zMm1hNjY0MzAxXzEuanBnP2ZpdGluPTcwMDo3MDA=,MjMyMC4wMDAw,,44K544Od44O844OE44O744Ki44Km44OI44OJ44KiID4g44K544Od44O844OE44Km44Kn44Ki44O744Ki44Kv44K744K144Oq44O8ID4g44K544Od44O844OE55So44Kk44Oz44OK44O8ID4g44Oh44Oz44K644Kk44Oz44OK44O8ID4g44OI44OD44OX44K5,TWl6dW5vIOODn+OCuuODjiDjgrfjg6Pjg4TvvIhV44ON44OD44Kv77yJ44OW44Os44K544K144O844Oi57Sg5p2QIOODoeODs+OCuu+8j+ODpuODi+OCu+ODg+OCr+OCue+8iOODm+ODr+OCpOODiO+8iVszMk1BNjY0MzAxXQ==,,PGltZyBzcmM9Imh0dHA6Ly9pbWFnZS5yYWt1dGVuLmNvLmpwL2tlbmtvZXgvY2FiaW5ldC9tYWlsYmluX211cnlvLmpwZyIgYWx0PSLjg6Hjg7zjg6vkvr/vvIjpgIHmlpnnhKHmlpnvvInjgafjga7jgZTms6jmlofjga/jgrPjgrPjgpLjgq/jg6rjg4Pjgq/vvIEiPjxiciAvPjxiciAvPgo8dGFibGUgYm9yZGVyPSIxIiBib3JkZXJjb2xvcj0iIzk5OSIgY2VsbHBhZGRpbmc9IjAiIGNlbGxzcGFjaW5nPSIwIj4KPHRyPgo8dGg+44Kr44Op44O8PC90aD4KPHRkPgrjg5vjg6/jgqTjg4gKPC90ZD4KPC90cj4KPHRyPgo8dGg+57Sg5p2QPC90aD4KPHRkPgrjg53jg6rjgqjjgrnjg4bjg6s3Oe+8heODu+ODrOODvOODqOODszE277yF44O75oyH5a6a5aSW57mK57at77yI44OW44Os44K544K144O844Oi77yJNe+8hQo8L3RkPgo8L3RyPgo8dHI+Cjx0aD7opo/moLzjgrXjgqTjgrrvvIjlrp/lr7jvvIk8L3RoPgo8dGQ+CuedgOS4iO+8mlPvvI82NWNt44CBTe+8jzY3Y23jgIFM77yPNjljbeOAgVhM77yPNzFjbeOAgTJYTO+8jzczY208YnIgLz4K6IO45Zue44KK77yaU++8jzEwMWNt44CBTe+8jzEwNWNt44CBTO+8jzEwOWNt44CBWEzvvI8xMTNjbeOAgTJYTO+8jzExN2NtPGJyIC8+CuiCqeW5he+8mlPvvI80NS4yY23jgIFN77yPNDYuNmNt44CBTO+8jzQ4Y23jgIFYTO+8jzQ5LjRjbeOAgTJYTO+8jzUwLjhjbTxiciAvPgroopbkuIjvvJpT77yPNTUuNWNt44CBTe+8jzU3Y23jgIFM77yPNTguNWNt44CBWEzvvI82MGNt44CBMlhM77yPNjEuNWNtPGJyIC8+CuKAu+OBk+OBoeOCieODpuODi+OCu+ODg+OCr+OCueOBruWVhuWTgeOBq+OBquOCiuOBvuOBmeOAguWVhuWTgeimj+agvOOBr+eUt+aAp+OCteOCpOOCuuOBp+OBmeOAgjxiciAvPgrlpbPmgKfjga7mlrnjga7loLTlkIjjga/jgIHjg6/jg7PjgrXjgqTjgrrnqIvluqblsI/jgZXjgoHjgYvpganlkIgv6KaP5qC844K144Kk44K644KC44GU5Y+C6ICD44Gu44GG44GI44GK6YG444Gz5LiL44GV44GE44CCCjwvdGQ+CjwvdHI+Cjx0cj4KPHRoPuijvemAoOWFgzwvdGg+Cjx0ZD4K44Of44K644OO5qCq5byP5Lya56S+CjwvdGQ+CjwvdHI+Cjx0cj4KPHRoPuaknOe0oueUqOaWh+iogDwvdGg+Cjx0ZD4KTWl6dW5vIOODn+OCuuODjiDjgrfjg6Pjg4TvvIhV44ON44OD44Kv77yJ44OW44Os44K544K144O844Oi57Sg5p2QIOODoeODs+OCuu+8j+ODpuODi+OCu+ODg+OCr+OCue+8iOODm+ODr+OCpOODiO+8iVszMk1BNjY0MzAxXSw0OTU0NjM3NzY4MTYwLDQ5NTQ2Mzc3NjgxOTEsNDk1NDYzNzc2ODIwNwo8L3RkPgo8L3RyPgo8dHI+Cjx0aD7luoPlkYrmlofosqw8L3RoPgo8dGQ+CuagquW8j+S8muekvuOCseODs+OCs+ODvOOCqOOCr+OCueODl+ODrOOCuSBURUw6MDMtNjQxMS01NTEzCjwvdGQ+CjwvdHI+CjwvdGFibGU+,TWl6dW5vIOODn+OCuuODjiDjgrfjg6Pjg4TvvIhV44ON44OD44Kv77yJ44OW44Os44K544K144O844Oi57Sg5p2QIOODoeODs+OCuu+8j+ODpuODi+OCu+ODg+OCr+OCue+8iOODm+ODr+OCpOODiO+8iVszMk1BNjY0MzAxXe+8muWBpeW6t+OCqOOCr+OCueODl+ODrOOCuQ==,6YCa5L+h6LKp5aOy6YCa6LKp44K344On44OD44OU44Oz44Kw44Kq44Oz44Op44Kk44Oz44K344On44OD44OU44Oz44Kw6LK344GE54mp44OX44Os44K844Oz44OI44Ku44OV44OI6LSI44KK54mp6LSI562U5ZOB44GK5Lit5YWD44GK5q2z5pqu44GK6LK344GE5b6X44Ki44Ks44Oq44Kv44K55LuZ55Sf6Zyy44Oh44K344Oe44Kz44OW6Iqx44Gz44KJ44Gf44GRQUhDQ+OCouODreOCqOadvuWvv+S7meOCs+OCqOODs+OCtuOCpOODoOWBpeW6t+OCqOOCr+OCueODl+ODrOOCuUNQTFJvQ+OCguOBmuOBj+ODleOCs+OCpOODgOODs+ODrOODs+ODgeODs+S4h+eUsOmFtee0oOODl+ODreODneODquOCueOCt+ODvOODleOCs+OCpOODgOODs+OCpuOCs+ODs+m7kumFouODq+ODn+ODs0FNaXp1bm8g44Of44K644OOIOOCt+ODo+ODhO+8iFXjg43jg4Pjgq/vvInjg5bjg6zjgrnjgrXjg7zjg6LntKDmnZAg44Oh44Oz44K677yP44Om44OL44K744OD44Kv44K577yI44Ob44Ov44Kk44OI77yJWzMyTUE2NjQzMDFd,44OW44Os44K544K144O844Oi57Sg5p2Q44Gu44K344Oz44OX44Or44K344Oj44OE44K344Oq44O844K677yB44CCTWl6dW5vIOODn+OCuuODjiDjgrfjg6Pjg4TvvIhV44ON44OD44Kv77yJ44OW44Os44K544K144O844Oi57Sg5p2QIOODoeODs+OCuu+8j+ODpuODi+OCu+ODg+OCr+OCue+8iOODm+ODr+OCpOODiO+8iVszMk1BNjY0MzAxXQ==[rn]
17-128241,aHR0cDovL3RzaG9wLnIxMHMuanAva2Vua29leC9jYWJpbmV0LzExNzQvMTE3NC0zMm1hNjY0MzA5XzEuanBnP2ZpdGluPTcwMDo3MDA=,MjMyMC4wMDAw,,44K544Od44O844OE44O744Ki44Km44OI44OJ44KiID4g44K544Od44O844OE44Km44Kn44Ki44O744Ki44Kv44K744K144Oq44O8ID4g44K544Od44O844OE55So44Kk44Oz44OK44O8ID4g44Oh44Oz44K644Kk44Oz44OK44O8ID4g44OI44OD44OX44K5,TWl6dW5vIOODn+OCuuODjiDjgrfjg6Pjg4TvvIhV44ON44OD44Kv77yJ44OW44Os44K544K144O844Oi57Sg5p2QIOODoeODs+OCuu+8j+ODpuODi+OCu+ODg+OCr+OCue+8iOODluODqeODg+OCr++8iVszMk1BNjY0MzA5XQ==,,PGltZyBzcmM9Imh0dHA6Ly9pbWFnZS5yYWt1dGVuLmNvLmpwL2tlbmtvZXgvY2FiaW5ldC9tYWlsYmluX211cnlvLmpwZyIgYWx0PSLjg6Hjg7zjg6vkvr/vvIjpgIHmlpnnhKHmlpnvvInjgafjga7jgZTms6jmlofjga/jgrPjgrPjgpLjgq/jg6rjg4Pjgq/vvIEiPjxiciAvPjxiciAvPgo8dGFibGUgYm9yZGVyPSIxIiBib3JkZXJjb2xvcj0iIzk5OSIgY2VsbHBhZGRpbmc9IjAiIGNlbGxzcGFjaW5nPSIwIj4KPHRyPgo8dGg+44Kr44Op44O8PC90aD4KPHRkPgrjg5bjg6njg4Pjgq8KPC90ZD4KPC90cj4KPHRyPgo8dGg+57Sg5p2QPC90aD4KPHRkPgrjg53jg6rjgqjjgrnjg4bjg6s3Oe+8heODu+ODrOODvOODqOODszE277yF44O75oyH5a6a5aSW57mK57at77yI44OW44Os44K544K144O844Oi77yJNe+8hQo8L3RkPgo8L3RyPgo8dHI+Cjx0aD7opo/moLzjgrXjgqTjgrrvvIjlrp/lr7jvvIk8L3RoPgo8dGQ+CuedgOS4iO+8mlPvvI82NWNt44CBTe+8jzY3Y23jgIFM77yPNjljbeOAgVhM77yPNzFjbeOAgTJYTO+8jzczY208YnIgLz4K6IO45Zue44KK77yaU++8jzEwMWNt44CBTe+8jzEwNWNt44CBTO+8jzEwOWNt44CBWEzvvI8xMTNjbeOAgTJYTO+8jzExN2NtPGJyIC8+CuiCqeW5he+8mlPvvI80NS4yY23jgIFN77yPNDYuNmNt44CBTO+8jzQ4Y23jgIFYTO+8jzQ5LjRjbeOAgTJYTO+8jzUwLjhjbTxiciAvPgroopbkuIjvvJpT77yPNTUuNWNt44CBTe+8jzU3Y23jgIFM77yPNTguNWNt44CBWEzvvI82MGNt44CBMlhM77yPNjEuNWNtPGJyIC8+CuKAu+OBk+OBoeOCieODpuODi+OCu+ODg+OCr+OCueOBruWVhuWTgeOBq+OBquOCiuOBvuOBmeOAguWVhuWTgeimj+agvOOBr+eUt+aAp+OCteOCpOOCuuOBp+OBmeOAgjxiciAvPgrlpbPmgKfjga7mlrnjga7loLTlkIjjga/jgIHjg6/jg7PjgrXjgqTjgrrnqIvluqblsI/jgZXjgoHjgYvpganlkIgv6KaP5qC844K144Kk44K644KC44GU5Y+C6ICD44Gu44GG44GI44GK6YG444Gz5LiL44GV44GE44CCCjwvdGQ+CjwvdHI+Cjx0cj4KPHRoPuijvemAoOWFgzwvdGg+Cjx0ZD4K44Of44K644OO5qCq5byP5Lya56S+CjwvdGQ+CjwvdHI+Cjx0cj4KPHRoPuaknOe0oueUqOaWh+iogDwvdGg+Cjx0ZD4KTWl6dW5vIOODn+OCuuODjiDjgrfjg6Pjg4TvvIhV44ON44OD44Kv77yJ44OW44Os44K544K144O844Oi57Sg5p2QIOODoeODs+OCuu+8j+ODpuODi+OCu+ODg+OCr+OCue+8iOODluODqeODg+OCr++8iVszMk1BNjY0MzA5XSw0OTU0NjM3NzY4MzA2LDQ5NTQ2Mzc3NjgzMTMsNDk1NDYzNzc2ODMyMAo8L3RkPgo8L3RyPgo8dHI+Cjx0aD7luoPlkYrmlofosqw8L3RoPgo8dGQ+CuagquW8j+S8muekvuOCseODs+OCs+ODvOOCqOOCr+OCueODl+ODrOOCuSBURUw6MDMtNjQxMS01NTEzCjwvdGQ+CjwvdHI+CjwvdGFibGU+,TWl6dW5vIOODn+OCuuODjiDjgrfjg6Pjg4TvvIhV44ON44OD44Kv77yJ44OW44Os44K544K144O844Oi57Sg5p2QIOODoeODs+OCuu+8j+ODpuODi+OCu+ODg+OCr+OCue+8iOODluODqeODg+OCr++8iVszMk1BNjY0MzA5Xe+8muWBpeW6t+OCqOOCr+OCueODl+ODrOOCuQ==,6YCa5L+h6LKp5aOy6YCa6LKp44K344On44OD44OU44Oz44Kw44Kq44Oz44Op44Kk44Oz44K344On44OD44OU44Oz44Kw6LK344GE54mp44OX44Os44K844Oz44OI44Ku44OV44OI6LSI44KK54mp6LSI562U5ZOB44GK5Lit5YWD44GK5q2z5pqu44GK6LK344GE5b6X44Ki44Ks44Oq44Kv44K55LuZ55Sf6Zyy44Oh44K344Oe44Kz44OW6Iqx44Gz44KJ44Gf44GRQUhDQ+OCouODreOCqOadvuWvv+S7meOCs+OCqOODs+OCtuOCpOODoOWBpeW6t+OCqOOCr+OCueODl+ODrOOCuUNQTFJvQ+OCguOBmuOBj+ODleOCs+OCpOODgOODs+ODrOODs+ODgeODs+S4h+eUsOmFtee0oOODl+ODreODneODquOCueOCt+ODvOODleOCs+OCpOODgOODs+OCpuOCs+ODs+m7kumFouODq+ODn+ODs0FNaXp1bm8g44Of44K644OOIOOCt+ODo+ODhO+8iFXjg43jg4Pjgq/vvInjg5bjg6zjgrnjgrXjg7zjg6LntKDmnZAg44Oh44Oz44K677yP44Om44OL44K744OD44Kv44K577yI44OW44Op44OD44Kv77yJWzMyTUE2NjQzMDld,44OW44Os44K544K144O844Oi57Sg5p2Q44Gu44K344Oz44OX44Or44K344Oj44OE44K344Oq44O844K677yB44CCTWl6dW5vIOODn+OCuuODjiDjgrfjg6Pjg4TvvIhV44ON44OD44Kv77yJ44OW44Os44K544K144O844Oi57Sg5p2QIOODoeODs+OCuu+8j+ODpuODi+OCu+ODg+OCr+OCue+8iOODluODqeODg+OCr++8iVszMk1BNjY0MzA5XQ==[rn]
17-128242,aHR0cDovL3RzaG9wLnIxMHMuanAva2Vua29leC9jYWJpbmV0LzExNzQvMTlhNWQ1ZmQ0MjAwMjQ2M2ZhXzEuanBnP2ZpdGluPTcwMDo3MDA=,MjMyMC4wMDAw,,44K544Od44O844OE44O744Ki44Km44OI44OJ44KiID4g44K544Od44O844OE44Km44Kn44Ki44O744Ki44Kv44K744K144Oq44O8ID4g44K544Od44O844OE55So44Kk44Oz44OK44O8ID4g44Oh44Oz44K644Kk44Oz44OK44O8ID4g44OI44OD44OX44K5,44CQ44KG44GG44Oh44O844Or5L6/77yB6YCB5paZ54Sh5paZ44CRTWl6dW5vIOODn+OCuuODjiDjgrfjg6Pjg4TvvIjjg4/jgqTjg43jg4Pjgq/vvInjg5bjg6zjgrnjgrXjg7zjg6LntKDmnZAg44Oh44Oz44K677yP44Om44OL44K744OD44Kv44K577yI44Ob44Ov44Kk44OI77yJWzMyTUE2NjQyMDFd,,PGltZyBzcmM9Imh0dHA6Ly9pbWFnZS5yYWt1dGVuLmNvLmpwL2tlbmtvZXgvY2FiaW5ldC9mdXRzdWJpbl9rb2NoaXJhLmpwZyIgYWx0PSLmma7pgJrkvr8o5a6F6YWNKeOBp+OBruOBlOazqOaWh+OBr+OCs+OCs+OCkuOCr+ODquODg+OCr++8gSI+PGJyIC8+PGJyIC8+Cjx0YWJsZSBib3JkZXI9IjEiIGJvcmRlcmNvbG9yPSIjOTk5IiBjZWxscGFkZGluZz0iMCIgY2VsbHNwYWNpbmc9IjAiPgo8dHI+Cjx0aD7jgqvjg6njg7w8L3RoPgo8dGQ+CuODm+ODr+OCpOODiAo8L3RkPgo8L3RyPgo8dHI+Cjx0aD7ntKDmnZA8L3RoPgo8dGQ+CuODneODquOCqOOCueODhuODqzc577yF44O744Os44O844Oo44OzMTbvvIXjg7vmjIflrprlpJbnuYrntq3vvIjjg5bjg6zjgrnjgrXjg7zjg6LvvIk177yFCjwvdGQ+CjwvdHI+Cjx0cj4KPHRoPuimj+agvOOCteOCpOOCuu+8iOWun+WvuO+8iTwvdGg+Cjx0ZD4K552A5LiI77yaU++8jzY1LjVjbeOAgU3vvI82Ny41Y23jgIFM77yPNjkuNWNt44CBWEzvvI83MS41Y23jgIEyWEzvvI83My41Y208YnIgLz4K6IO45Zue44KK77yaU++8jzEwMWNt44CBTe+8jzEwNWNt44CBTO+8jzEwOWNt44CBWEzvvI8xMTNjbeOAgTJYTO+8jzExN2NtPGJyIC8+CuiCqeW5he+8mlPvvI80NS4yY23jgIFN77yPNDYuNmNt44CBTO+8jzQ4Y23jgIFYTO+8jzQ5LjRjbeOAgTJYTO+8jzUwLjhjbTxiciAvPgroopbkuIjvvJpT77yPNTUuNWNt44CBTe+8jzU3Y23jgIFM77yPNTguNWNt44CBWEzvvI82MGNt44CBMlhM77yPNjEuNWNtPGJyIC8+CuKAu+OBk+OBoeOCieODpuODi+OCu+ODg+OCr+OCueOBruWVhuWTgeOBq+OBquOCiuOBvuOBmeOAguWVhuWTgeimj+agvOOBr+eUt+aAp+OCteOCpOOCuuOBp+OBmeOAgjxiciAvPgrlpbPmgKfjga7mlrnjga7loLTlkIjjga/jgIHjg6/jg7PjgrXjgqTjgrrnqIvluqblsI/jgZXjgoHjgYvpganlkIgv6KaP5qC844K144Kk44K644KC44GU5Y+C6ICD44Gu44GG44GI44GK6YG444Gz5LiL44GV44GE44CCCjwvdGQ+CjwvdHI+Cjx0cj4KPHRoPuijvemAoOWFgzwvdGg+Cjx0ZD4K44Of44K644OO5qCq5byP5Lya56S+CjwvdGQ+CjwvdHI+Cjx0cj4KPHRoPuaknOe0oueUqOaWh+iogDwvdGg+Cjx0ZD4K44CQ44KG44GG44Oh44O844Or5L6/77yB6YCB5paZ54Sh5paZ44CRTWl6dW5vIOODn+OCuuODjiDjgrfjg6Pjg4TvvIjjg4/jgqTjg43jg4Pjgq/vvInjg5bjg6zjgrnjgrXjg7zjg6LntKDmnZAg44Oh44Oz44K677yP44Om44OL44K744OD44Kv44K577yI44Ob44Ov44Kk44OI77yJWzMyTUE2NjQyMDFdLCwsCjwvdGQ+CjwvdHI+Cjx0cj4KPHRoPuW6g+WRiuaWh+iyrDwvdGg+Cjx0ZD4K5qCq5byP5Lya56S+44Kx44Oz44Kz44O844Ko44Kv44K544OX44Os44K5IFRFTDowMy02NDExLTU1MTMKPC90ZD4KPC90cj4KPC90YWJsZT4=,44CQ44KG44GG44Oh44O844Or5L6/77yB6YCB5paZ54Sh5paZ44CRTWl6dW5vIOODn+OCuuODjiDjgrfjg6Pjg4TvvIjjg4/jgqTjg43jg4Pjgq/vvInjg5bjg6zjgrnjgrXjg7zjg6LntKDmnZAg44Oh44Oz44K677yP44Om44OL44K744OD44Kv44K577yI44Ob44Ov44Kk44OI77yJWzMyTUE2NjQyMDFd77ya5YGl5bq344Ko44Kv44K544OX44Os44K5,6YCa5L+h6LKp5aOy6YCa6LKp44K344On44OD44OU44Oz44Kw44Kq44Oz44Op44Kk44Oz44K344On44OD44OU44Oz44Kw6LK344GE54mp44OX44Os44K844Oz44OI44Ku44OV44OI6LSI44KK54mp6LSI562U5ZOB44GK5Lit5YWD44GK5q2z5pqu44GK6LK344GE5b6X44Ki44Ks44Oq44Kv44K55LuZ55Sf6Zyy44Oh44K344Oe44Kz44OW6Iqx44Gz44KJ44Gf44GRQUhDQ+OCouODreOCqOadvuWvv+S7meOCs+OCqOODs+OCtuOCpOODoOWBpeW6t+OCqOOCr+OCueODl+ODrOOCuUNQTFJvQ+OCguOBmuOBj+ODleOCs+OCpOODgOODs+ODrOODs+ODgeODs+S4h+eUsOmFtee0oOODl+ODreODneODquOCueOCt+ODvOODleOCs+OCpOODgOODs+OCpuOCs+ODs+m7kumFouODq+ODn+ODs0HjgJDjgobjgYbjg6Hjg7zjg6vkvr/vvIHpgIHmlpnnhKHmlpnjgJFNaXp1bm8g44Of44K644OOIOOCt+ODo+ODhO+8iOODj+OCpOODjeODg+OCr++8ieODluODrOOCueOCteODvOODoue0oOadkCDjg6Hjg7PjgrrvvI/jg6bjg4vjgrvjg4Pjgq/jgrnvvIjjg5vjg6/jgqTjg4jvvIlbMzJNQTY2NDIwMV0=,44OW44Os44K544K144O844Oi57Sg5p2Q44Gu44K344Oz44OX44Or44K344Oj44OE44K344Oq44O844K677yB44OP44Kk44ON44OD44Kv44K/44Kk44OX44CC44CQ44KG44GG44Oh44O844Or5L6/77yB6YCB5paZ54Sh5paZ44CRTWl6dW5vIOODn+OCuuODjiDjgrfjg6Pjg4TvvIjjg4/jgqTjg43jg4Pjgq/vvInjg5bjg6zjgrnjgrXjg7zjg6LntKDmnZAg44Oh44Oz44K677yP44Om44OL44K744OD44Kv44K577yI44Ob44Ov44Kk44OI77yJWzMyTUE2NjQyMDFd[rn]
17-128243,aHR0cDovL3RzaG9wLnIxMHMuanAva2Vua29leC9jYWJpbmV0LzEyODAvMTI4MC00NTczMjg5NTM4OTkyXzEuanBnP2ZpdGluPTcwMDo3MDA=,NDQ4MC4wMDAw,,44K544Od44O844OE44O744Ki44Km44OI44OJ44KiID4g44K544Od44O844OE44Km44Kn44Ki44O744Ki44Kv44K744K144Oq44O8ID4g44K544Od44O844OE55So44Kk44Oz44OK44O8ID4g44Oh44Oz44K644Kk44Oz44OK44O8ID4g44OI44OD44OX44K5,44CQVUEgU0FMRemWi+WCrCEhIOacgOWkpzMwJU9GRiHjgJFbVU5ERVIgQVJNRVJd44Ki44Oz44OA44O844Ki44O844Oe44O8IFdIVCBVQSBDT0xER0VBUiBBUk1PVVIgVFdJU1QgTFPjg6Ljg4Pjgq8gTEdbTUNNMzM0Nl1b55S35oCn55SoXe+8iOOCpuOCp+OCoiDjgqbjgqjjgqIg5pyN77yJ,,PHRhYmxlIGJvcmRlcj0iMSIgYm9yZGVyY29sb3I9IiM5OTkiIGNlbGxwYWRkaW5nPSIwIiBjZWxsc3BhY2luZz0iMCI+Cjx0cj4KPHRoPue0oOadkDwvdGg+Cjx0ZD4K44Od44Oq44Ko44K544OG44OrIDg3JSwg44Od44Oq44Km44Os44K/44OzIDEzJQo8L3RkPgo8L3RyPgo8dHI+Cjx0aD7nlJ/nlKPlm708L3RoPgo8dGQ+CuS4reWbvTxiciAvPgoKPC90ZD4KPC90cj4KPHRyPgo8dGg+6KO96YCg5YWDPC90aD4KPHRkPgrjgqLjg7Pjg4Djg7zjgqLjg7zjg57jg7zvvIjjg4njg7zjg6Djgqvjgrnjgr/jg57jg7zjgrvjg7Pjgr/jg7xURUzvvJowMTIwLTEwNi03ODbvvIkKPC90ZD4KPC90cj4KPHRyPgo8dGg+5qSc57Si55So5paH6KiAPC90aD4KPHRkPgpbVU5ERVIgQVJNRVJd44Ki44Oz44OA44O844Ki44O844Oe44O8IFdIVCBVQSBDT0xER0VBUiBBUk1PVVIgVFdJU1QgTFPjg6Ljg4Pjgq8gTEdbI01DTTMzNDZdCjwvdGQ+CjwvdHI+Cjx0cj4KPHRoPuW6g+WRiuaWh+iyrDwvdGg+Cjx0ZD4K5qCq5byP5Lya56S+44Kx44Oz44Kz44O844Ko44Kv44K544OX44Os44K5IFRFTDowMy02NDExLTU1MTMKPC90ZD4KPC90cj4KPC90YWJsZT4=,44CQVUEgU0FMRemWi+WCrCEhIOacgOWkpzMwJU9GRiHjgJFbVU5ERVIgQVJNRVJd44Ki44Oz44OA44O844Ki44O844Oe44O8IFdIVCBVQSBDT0xER0VBUiBBUk1PVVIgVFdJU1QgTFPjg6Ljg4Pjgq8gTEdbTUNNMzM0Nl1b55S35oCn55SoXe+8iOOCpuOCp+OCoiDjgqbjgqjjgqIg5pyN77yJ77ya5YGl5bq344Ko44Kv44K544OX44Os44K5,6YCa5L+h6LKp5aOy6YCa6LKp44K344On44OD44OU44Oz44Kw44Kq44Oz44Op44Kk44Oz44K344On44OD44OU44Oz44Kw6LK344GE54mp44OX44Os44K844Oz44OI44Ku44OV44OI6LSI44KK54mp6LSI562U5ZOB44GK5Lit5YWD44GK5q2z5pqu44GK6LK344GE5b6X44Ki44Ks44Oq44Kv44K55LuZ55Sf6Zyy44Oh44K344Oe44Kz44OW6Iqx44Gz44KJ44Gf44GRQUhDQ+OCouODreOCqOadvuWvv+S7meOCs+OCqOODs+OCtuOCpOODoOWBpeW6t+OCqOOCr+OCueODl+ODrOOCuUNQTFJvQ+OCguOBmuOBj+ODleOCs+OCpOODgOODs+ODrOODs+ODgeODs+S4h+eUsOmFtee0oOODl+ODreODneODquOCueOCt+ODvOODleOCs+OCpOODgOODs+OCpuOCs+ODs+m7kumFouODq+ODn+ODs0HjgJBVQSBTQUxF6ZaL5YKsISEg5pyA5aSnMzAlT0ZGIeOAkVtVTkRFUiBBUk1FUl3jgqLjg7Pjg4Djg7zjgqLjg7zjg57jg7wgV0hUIFVBIENPTERHRUFSIEFSTU9VUiBUV0lTVCBMU+ODouODg+OCryBMR1tNQ00zMzQ2XVvnlLfmgKfnlKhd77yI44Km44Kn44KiIOOCpuOCqOOCoiDmnI3vvIk=,W1VOREVSIEFSTUVSXeOCouODs+ODgOODvOOCouODvOODnuODvCBXSFQgVUEgQ+OAguOAkFVBIFNBTEXplovlgqwhISDmnIDlpKczMCVPRkYh44CRW1VOREVSIEFSTUVSXeOCouODs+ODgOODvOOCouODvOODnuODvCBXSFQgVUEgQ09MREdFQVIgQVJNT1VSIFRXSVNUIExT44Oi44OD44KvIExHW01DTTMzNDZdW+eUt+aAp+eUqF3vvIjjgqbjgqfjgqIg44Km44Ko44KiIOacje+8iQ==[rn]
17-128244,aHR0cDovL3RzaG9wLnIxMHMuanAva2Vua29leC9jYWJpbmV0LzEyODBfMi8xMjgwLTQ1NzMyODk1Mzc2NTBfMS5qcGc/Zml0aW49NzAwOjcwMA==,NTA0MC4wMDAw,,44K544Od44O844OE44O744Ki44Km44OI44OJ44KiID4g44K544Od44O844OE44Km44Kn44Ki44O744Ki44Kv44K744K144Oq44O8ID4g44K544Od44O844OE55So44Kk44Oz44OK44O8ID4g44Oh44Oz44K644Kk44Oz44OK44O8ID4g44OI44OD44OX44K5,W1VOREVSIEFSTUVSXeOCouODs+ODgOODvOOCouODvOODnuODvCBVQSBDT0xER0VBUiBJTkZSQVJFRCBBUk1PVVIgRUxFTUVOVFMgTFPjg6Ljg4Pjgq8g44Kr44Op44O8IEJMSy/jgrXjgqTjgrogTUQg44Oh44Oz44K6IOeUt+aAp+eUqFtNQ00zMzQ5XQ==,,PHRhYmxlIGJvcmRlcj0iMSIgYm9yZGVyY29sb3I9IiM5OTkiIGNlbGxwYWRkaW5nPSIwIiBjZWxsc3BhY2luZz0iMCI+Cjx0cj4KPHRoPue0oOadkDwvdGg+Cjx0ZD4K5pys5L2TOuODneODquOCqOOCueODhuODqyA4NyUsIOODneODquOCpuODrOOCv+ODsyAxMyU8YnIgLz4K5YiH5pu/6YOo5YiGOuODneODquOCqOOCueODhuODqyA3OCUsIOODneODquOCpuODrOOCv+ODsyAyMiU8YnIgLz4K44Oh44OD44K344Ol6YOo5YiGOuODneODquOCqOOCueODhuODqyA5MiUsIOODneODquOCpuODrOOCv+ODsyA4JQo8L3RkPgo8L3RyPgo8dHI+Cjx0aD7nlJ/nlKPlm708L3RoPgo8dGQ+CuS4reWbvQo8L3RkPgo8L3RyPgo8dHI+Cjx0aD7oo73pgKDlhYM8L3RoPgo8dGQ+CuOCouODs+ODgOODvOOCouODvOODnuODvO+8iOODieODvOODoOOCq+OCueOCv+ODnuODvOOCu+ODs+OCv+ODvFRFTO+8mjAxMjAtMTA2LTc4Nu+8iQo8L3RkPgo8L3RyPgo8dHI+Cjx0aD7mpJzntKLnlKjmlofoqIA8L3RoPgo8dGQ+CltVTkRFUiBBUk1FUl3jgqLjg7Pjg4Djg7zjgqLjg7zjg57jg7wgVUEgQ09MREdFQVIgSU5GUkFSRUQgQVJNT1VSIEVMRU1FTlRTIExT44Oi44OD44KvIOOCq+ODqeODvCBCTEsv44K144Kk44K6IE1EIOODoeODs+OCuiDnlLfmgKfnlKhbTUNNMzM0OV0KPC90ZD4KPC90cj4KPHRyPgo8dGg+5bqD5ZGK5paH6LKsPC90aD4KPHRkPgrmoKrlvI/kvJrnpL7jgrHjg7PjgrPjg7zjgqjjgq/jgrnjg5fjg6zjgrkgVEVMOjAzLTY0MTEtNTUxMwo8L3RkPgo8L3RyPgo8L3RhYmxlPg==,W1VOREVSIEFSTUVSXeOCouODs+ODgOODvOOCouODvOODnuODvCBVQSBDT0xER0VBUiBJTkZSQVJFRCBBUk1PVVIgRUxFTUVOVFMgTFPjg6Ljg4Pjgq8g44Kr44Op44O8IEJMSy/jgrXjgqTjgrogTUQg44Oh44Oz44K6IOeUt+aAp+eUqFtNQ00zMzQ5Xe+8muWBpeW6t+OCqOOCr+OCueODl+ODrOOCuQ==,6YCa5L+h6LKp5aOy6YCa6LKp44K344On44OD44OU44Oz44Kw44Kq44Oz44Op44Kk44Oz44K344On44OD44OU44Oz44Kw6LK344GE54mp44OX44Os44K844Oz44OI44Ku44OV44OI6LSI44KK54mp6LSI562U5ZOB44GK5Lit5YWD44GK5q2z5pqu44GK6LK344GE5b6X44Ki44Ks44Oq44Kv44K55LuZ55Sf6Zyy44Oh44K344Oe44Kz44OW6Iqx44Gz44KJ44Gf44GRQUhDQ+OCouODreOCqOadvuWvv+S7meOCs+OCqOODs+OCtuOCpOODoOWBpeW6t+OCqOOCr+OCueODl+ODrOOCuUNQTFJvQ+OCguOBmuOBj+ODleOCs+OCpOODgOODs+ODrOODs+ODgeODs+S4h+eUsOmFtee0oOODl+ODreODneODquOCueOCt+ODvOODleOCs+OCpOODgOODs+OCpuOCs+ODs+m7kumFouODq+ODn+ODs0FbVU5ERVIgQVJNRVJd44Ki44Oz44OA44O844Ki44O844Oe44O8IFVBIENPTERHRUFSIElORlJBUkVEIEFSTU9VUiBFTEVNRU5UUyBMU+ODouODg+OCryDjgqvjg6njg7wgQkxLL+OCteOCpOOCuiBNRCDjg6Hjg7Pjgrog55S35oCn55SoW01DTTMzNDld,W1VOREVSIEFSTUVSXeOCouODs+ODgOODvOOCouODvOODnuODvCBVQSBDT0xER+OAgltVTkRFUiBBUk1FUl3jgqLjg7Pjg4Djg7zjgqLjg7zjg57jg7wgVUEgQ09MREdFQVIgSU5GUkFSRUQgQVJNT1VSIEVMRU1FTlRTIExT44Oi44OD44KvIOOCq+ODqeODvCBCTEsv44K144Kk44K6IE1EIOODoeODs+OCuiDnlLfmgKfnlKhbTUNNMzM0OV0=[rn]
17-128245,aHR0cDovL3RzaG9wLnIxMHMuanAva2Vua29leC9jYWJpbmV0LzEyODBfMi8xMjgwLTQ1NzMyODk1Mzc3MjhfMS5qcGc/Zml0aW49NzAwOjcwMA==,NTA0MC4wMDAw,,44K544Od44O844OE44O744Ki44Km44OI44OJ44KiID4g44K544Od44O844OE44Km44Kn44Ki44O744Ki44Kv44K744K144Oq44O8ID4g44K544Od44O844OE55So44Kk44Oz44OK44O8ID4g44Oh44Oz44K644Kk44Oz44OK44O8ID4g44OI44OD44OX44K5,44CQ6YCB5paZ54Sh5paZ44CRW1VOREVSIEFSTUVSXeOCouODs+ODgOODvOOCouODvOODnuODvCBVQSBDT0xER0VBUiBJTkZSQVJFRCBBUk1PVVIgRUxFTUVOVFMgTFPjg6Ljg4Pjgq8gKOOCq+ODqeODvE1ETi8o44K144Kk44K6IE1EKU1lbnMv44Oh44Oz44K6L+eUt+aAp+eUqFtNQ00zMzQ5XQ==,,PHRhYmxlIGJvcmRlcj0iMSIgYm9yZGVyY29sb3I9IiM5OTkiIGNlbGxwYWRkaW5nPSIwIiBjZWxsc3BhY2luZz0iMCI+Cjx0cj4KPHRoPue0oOadkDwvdGg+Cjx0ZD4K5pys5L2TOuODneODquOCqOOCueODhuODqyA4NyUsIOODneODquOCpuODrOOCv+ODsyAxMyU8YnIgLz4K5YiH5pu/6YOo5YiGOuODneODquOCqOOCueODhuODqyA3OCUsIOODneODquOCpuODrOOCv+ODsyAyMiU8YnIgLz4K44Oh44OD44K344Ol6YOo5YiGOuODneODquOCqOOCueODhuODqyA5MiUsIOODneODquOCpuODrOOCv+ODsyA4JQo8L3RkPgo8L3RyPgo8dHI+Cjx0aD7nlJ/nlKPlm708L3RoPgo8dGQ+CuS4reWbvTxiciAvPgoKPC90ZD4KPC90cj4KPHRyPgo8dGg+6KO96YCg5YWDPC90aD4KPHRkPgrjgqLjg7Pjg4Djg7zjgqLjg7zjg57jg7zvvIjjg4njg7zjg6Djgqvjgrnjgr/jg57jg7zjgrvjg7Pjgr/jg7xURUzvvJowMTIwLTEwNi03ODbvvIkKPC90ZD4KPC90cj4KPHRyPgo8dGg+5qSc57Si55So5paH6KiAPC90aD4KPHRkPgpbVU5ERVIgQVJNRVJd44Ki44Oz44OA44O844Ki44O844Oe44O8IFVBIENPTERHRUFSIElORlJBUkVEIEFSTU9VUiBFTEVNRU5UUyBMU+ODouODg+OCryAo44Kr44Op44O8TUROLyjjgrXjgqTjgrogTUQpTWVucyDjg6Hjg7PjgrpbI01DTTMzNDldCjwvdGQ+CjwvdHI+Cjx0cj4KPHRoPuW6g+WRiuaWh+iyrDwvdGg+Cjx0ZD4K5qCq5byP5Lya56S+44Kx44Oz44Kz44O844Ko44Kv44K544OX44Os44K5IFRFTDowMy02NDExLTU1MTMKPC90ZD4KPC90cj4KPC90YWJsZT4=,44CQ6YCB5paZ54Sh5paZ44CRW1VOREVSIEFSTUVSXeOCouODs+ODgOODvOOCouODvOODnuODvCBVQSBDT0xER0VBUiBJTkZSQVJFRCBBUk1PVVIgRUxFTUVOVFMgTFPjg6Ljg4Pjgq8gKOOCq+ODqeODvE1ETi8o44K144Kk44K6IE1EKU1lbnMv44Oh44Oz44K6L+eUt+aAp+eUqFtNQ00zMzQ5Xe+8muWBpeW6t+OCqOOCr+OCueODl+ODrOOCuQ==,6YCa5L+h6LKp5aOy6YCa6LKp44K344On44OD44OU44Oz44Kw44Kq44Oz44Op44Kk44Oz44K344On44OD44OU44Oz44Kw6LK344GE54mp44OX44Os44K844Oz44OI44Ku44OV44OI6LSI44KK54mp6LSI562U5ZOB44GK5Lit5YWD44GK5q2z5pqu44GK6LK344GE5b6X44Ki44Ks44Oq44Kv44K55LuZ55Sf6Zyy44Oh44K344Oe44Kz44OW6Iqx44Gz44KJ44Gf44GRQUhDQ+OCouODreOCqOadvuWvv+S7meOCs+OCqOODs+OCtuOCpOODoOWBpeW6t+OCqOOCr+OCueODl+ODrOOCuUNQTFJvQ+OCguOBmuOBj+ODleOCs+OCpOODgOODs+ODrOODs+ODgeODs+S4h+eUsOmFtee0oOODl+ODreODneODquOCueOCt+ODvOODleOCs+OCpOODgOODs+OCpuOCs+ODs+m7kumFouODq+ODn+ODs0HjgJDpgIHmlpnnhKHmlpnjgJFbVU5ERVIgQVJNRVJd44Ki44Oz44OA44O844Ki44O844Oe44O8IFVBIENPTERHRUFSIElORlJBUkVEIEFSTU9VUiBFTEVNRU5UUyBMU+ODouODg+OCryAo44Kr44Op44O8TUROLyjjgrXjgqTjgrogTUQpTWVucy/jg6Hjg7Pjgrov55S35oCn55SoW01DTTMzNDld,44CQ6YCB5paZ54Sh5paZ44CRW1VOREVSIEFSTUVSXeOCouODs+ODgOODvOOCouODvOODnuODvCBVQeOAguOAkOmAgeaWmeeEoeaWmeOAkVtVTkRFUiBBUk1FUl3jgqLjg7Pjg4Djg7zjgqLjg7zjg57jg7wgVUEgQ09MREdFQVIgSU5GUkFSRUQgQVJNT1VSIEVMRU1FTlRTIExT44Oi44OD44KvICjjgqvjg6njg7xNRE4vKOOCteOCpOOCuiBNRClNZW5zL+ODoeODs+OCui/nlLfmgKfnlKhbTUNNMzM0OV0=[rn]
17-128246,aHR0cDovL3RzaG9wLnIxMHMuanAva2Vua29leC9jYWJpbmV0LzExNzQvMTE3NC0zMm1hNjY0MjE0XzEuanBnP2ZpdGluPTcwMDo3MDA=,MjMyMC4wMDAw,,44K544Od44O844OE44O744Ki44Km44OI44OJ44KiID4g44K544Od44O844OE44Km44Kn44Ki44O744Ki44Kv44K744K144Oq44O8ID4g44K544Od44O844OE55So44Kk44Oz44OK44O8ID4g44Oh44Oz44K644Kk44Oz44OK44O8ID4g44OI44OD44OX44K5,TWl6dW5vIOODn+OCuuODjiDjgrfjg6Pjg4TvvIjjg4/jgqTjg43jg4Pjgq/vvInjg5bjg6zjgrnjgrXjg7zjg6LntKDmnZAg44Oh44Oz44K677yP44Om44OL44K744OD44Kv44K577yI44OH44Kj44O844OX44ON44Kk44OT44O877yJWzMyTUE2NjQyMTRd,,PGltZyBzcmM9Imh0dHA6Ly9pbWFnZS5yYWt1dGVuLmNvLmpwL2tlbmtvZXgvY2FiaW5ldC9tYWlsYmluX211cnlvLmpwZyIgYWx0PSLjg6Hjg7zjg6vkvr/vvIjpgIHmlpnnhKHmlpnvvInjgafjga7jgZTms6jmlofjga/jgrPjgrPjgpLjgq/jg6rjg4Pjgq/vvIEiPjxiciAvPjxiciAvPgo8dGFibGUgYm9yZGVyPSIxIiBib3JkZXJjb2xvcj0iIzk5OSIgY2VsbHBhZGRpbmc9IjAiIGNlbGxzcGFjaW5nPSIwIj4KPHRyPgo8dGg+44Kr44Op44O8PC90aD4KPHRkPgrjg4fjgqPjg7zjg5fjg43jgqTjg5Pjg7wKPC90ZD4KPC90cj4KPHRyPgo8dGg+57Sg5p2QPC90aD4KPHRkPgrjg53jg6rjgqjjgrnjg4bjg6s3Oe+8heODu+ODrOODvOODqOODszE277yF44O75oyH5a6a5aSW57mK57at77yI44OW44Os44K544K144O844Oi77yJNe+8hQo8L3RkPgo8L3RyPgo8dHI+Cjx0aD7opo/moLzjgrXjgqTjgrrvvIjlrp/lr7jvvIk8L3RoPgo8dGQ+CuedgOS4iO+8mlPvvI82NS41Y23jgIFN77yPNjcuNWNt44CBTO+8jzY5LjVjbeOAgVhM77yPNzEuNWNt44CBMlhM77yPNzMuNWNtPGJyIC8+CuiDuOWbnuOCiu+8mlPvvI8xMDFjbeOAgU3vvI8xMDVjbeOAgUzvvI8xMDljbeOAgVhM77yPMTEzY23jgIEyWEzvvI8xMTdjbTxiciAvPgrogqnluYXvvJpT77yPNDUuMmNt44CBTe+8jzQ2LjZjbeOAgUzvvI80OGNt44CBWEzvvI80OS40Y23jgIEyWEzvvI81MC44Y208YnIgLz4K6KKW5LiI77yaU++8jzU1LjVjbeOAgU3vvI81N2Nt44CBTO+8jzU4LjVjbeOAgVhM77yPNjBjbeOAgTJYTO+8jzYxLjVjbTxiciAvPgrigLvjgZPjgaHjgonjg6bjg4vjgrvjg4Pjgq/jgrnjga7llYblk4Hjgavjgarjgorjgb7jgZnjgILllYblk4Hopo/moLzjga/nlLfmgKfjgrXjgqTjgrrjgafjgZnjgII8YnIgLz4K5aWz5oCn44Gu5pa544Gu5aC05ZCI44Gv44CB44Ov44Oz44K144Kk44K656iL5bqm5bCP44GV44KB44GL6YGp5ZCIL+imj+agvOOCteOCpOOCuuOCguOBlOWPguiAg+OBruOBhuOBiOOBiumBuOOBs+S4i+OBleOBhOOAggo8L3RkPgo8L3RyPgo8dHI+Cjx0aD7oo73pgKDlhYM8L3RoPgo8dGQ+CuODn+OCuuODjuagquW8j+S8muekvgo8L3RkPgo8L3RyPgo8dHI+Cjx0aD7mpJzntKLnlKjmlofoqIA8L3RoPgo8dGQ+Ck1penVubyDjg5/jgrrjg44g44K344Oj44OE77yI44OP44Kk44ON44OD44Kv77yJ44OW44Os44K544K144O844Oi57Sg5p2QIOODoeODs+OCuu+8j+ODpuODi+OCu+ODg+OCr+OCue+8iOODh+OCo+ODvOODl+ODjeOCpOODk+ODvO+8iVszMk1BNjY0MjE0XSw0OTU0NjM3NzY4MDU0LDQ5NTQ2Mzc3NjgwNjEsNDk1NDYzNzc2ODA3OAo8L3RkPgo8L3RyPgo8dHI+Cjx0aD7luoPlkYrmlofosqw8L3RoPgo8dGQ+CuagquW8j+S8muekvuOCseODs+OCs+ODvOOCqOOCr+OCueODl+ODrOOCuSBURUw6MDMtNjQxMS01NTEzCjwvdGQ+CjwvdHI+CjwvdGFibGU+,TWl6dW5vIOODn+OCuuODjiDjgrfjg6Pjg4TvvIjjg4/jgqTjg43jg4Pjgq/vvInjg5bjg6zjgrnjgrXjg7zjg6LntKDmnZAg44Oh44Oz44K677yP44Om44OL44K744OD44Kv44K577yI44OH44Kj44O844OX44ON44Kk44OT44O877yJWzMyTUE2NjQyMTRd77ya5YGl5bq344Ko44Kv44K544OX44Os44K5,6YCa5L+h6LKp5aOy6YCa6LKp44K344On44OD44OU44Oz44Kw44Kq44Oz44Op44Kk44Oz44K344On44OD44OU44Oz44Kw6LK344GE54mp44OX44Os44K844Oz44OI44Ku44OV44OI6LSI44KK54mp6LSI562U5ZOB44GK5Lit5YWD44GK5q2z5pqu44GK6LK344GE5b6X44Ki44Ks44Oq44Kv44K55LuZ55Sf6Zyy44Oh44K344Oe44Kz44OW6Iqx44Gz44KJ44Gf44GRQUhDQ+OCouODreOCqOadvuWvv+S7meOCs+OCqOODs+OCtuOCpOODoOWBpeW6t+OCqOOCr+OCueODl+ODrOOCuUNQTFJvQ+OCguOBmuOBj+ODleOCs+OCpOODgOODs+ODrOODs+ODgeODs+S4h+eUsOmFtee0oOODl+ODreODneODquOCueOCt+ODvOODleOCs+OCpOODgOODs+OCpuOCs+ODs+m7kumFouODq+ODn+ODs0FNaXp1bm8g44Of44K644OOIOOCt+ODo+ODhO+8iOODj+OCpOODjeODg+OCr++8ieODluODrOOCueOCteODvOODoue0oOadkCDjg6Hjg7PjgrrvvI/jg6bjg4vjgrvjg4Pjgq/jgrnvvIjjg4fjgqPjg7zjg5fjg43jgqTjg5Pjg7zvvIlbMzJNQTY2NDIxNF0=,44OW44Os44K544K144O844Oi57Sg5p2Q44Gu44K344Oz44OX44Or44K344Oj44OE44K344Oq44O844K677yB44OP44Kk44ON44OD44Kv44K/44Kk44OX44CCTWl6dW5vIOODn+OCuuODjiDjgrfjg6Pjg4TvvIjjg4/jgqTjg43jg4Pjgq/vvInjg5bjg6zjgrnjgrXjg7zjg6LntKDmnZAg44Oh44Oz44K677yP44Om44OL44K744OD44Kv44K577yI44OH44Kj44O844OX44ON44Kk44OT44O877yJWzMyTUE2NjQyMTRd[rn]
17-128247,aHR0cDovL3RzaG9wLnIxMHMuanAva2Vua29leC9jYWJpbmV0LzExNzQvMTE3NC1hNjBiczA2MDA5XzEuanBnP2ZpdGluPTcwMDo3MDA=,MzA3Mi4wMDAw,,44K544Od44O844OE44O744Ki44Km44OI44OJ44KiID4g44K544Od44O844OE44Km44Kn44Ki44O744Ki44Kv44K744K144Oq44O8ID4g44K544Od44O844OE55So44Kk44Oz44OK44O8ID4g44Oh44Oz44K644Kk44Oz44OK44O8ID4g44OI44OD44OX44K5,TUlaVU5PIOODn+OCuuODjiAgQklPIEdFQVLvvIjjg6Hjg7PjgrrvvIkg44OQ44Kk44Kq44Ku44KiIOODluODrOOCueOCteODvOODoiDjg4/jgqTjg43jg4Pjgq/plbfoopbjgrfjg6Pjg4RbMDk644OW44Op44OD44KvXVtBNjBCUzA2MDA5XSDvvIjjgrnjg53jg7zjg4TjgqbjgqfjgqIg44Ki44Oz44OA44O844Km44Kn44KiIOOCouODs+ODgOODvOOCt+ODo+ODhCDjgrnjg53jg7zjg4TjgqbjgqfjgqIg44Kk44Oz44OK44O8IOeZuueGseOCpOODs+ODiuODvO+8iQ==,,44K544Od44O844OEICZndDsg44K544Od44O844OE5LiA6KanICZndDsg44K544Od44O844OE44Km44Kn44KiICZndDsg44OI44OD44OX44K5ICZndDsg44Oh44Oz44K6PGJyPgrjg6Hjg7zjgqvjg7zliKUgJmd0OyDjg57ooYwgJmd0OyDjgJDjg5/jgJEgJmd0OyDjg5/jgrrjg47vvIhtaXp1bm/vvIkgJmd0OyDjg5bjg6zjgrnjgrXjg7zjg6IgJmd0OyDjg5DjgqTjgqrjgq7jgqLvvIvjg5bjg6zjgrnjgrXjg7zjg6I8YnI+Cjxicj48aW1nIHNyYz0iaHR0cHM6Ly9pbWFnZS5yYWt1dGVuLmNvLmpwL2NvbS9pbWcvcm1zL2NhYmluZXQvcmVjb21tZW5kX25ldy9pbWcwMDAwMDQ0NC5naWYiIGJvcmRlcj0iMCIgd2lkdGg9IjEwMCUiIC8+PGJyPjxicj4KCjxiPgrlhYjpgLLjga7jgq7jgqLjgafjgIHogonkvZPjgYzpgLLljJbjgZnjgovjgIIKPC9iPgo8dGFibGU+Cjx0cj4KPHRkPgril4/jgqLjgrnjg6rjg7zjg4jjga7og73lipvjgpLmnIDlpKfjgavlvJXjgY3lh7rjgZnjgZ/jgoHjgavjgIHogonkvZPjga7kuIDpg6jjgajjgarjgaPjgabjgIHjgajjgoLjgavmjJHjgb/jgIHjgajjgoLjgavmiKbjgYbjgIHjgZ3jgpPjgarnmbrmg7PjgYvjgonnlJ/jgb7jgozjgZ/pq5jmqZ/og73jgqbjgqjjgqI8YnI+CuKXj+e0oOadkOOBruOCueODiOODrOODg+ODgeaAp+OChOiho+acjeWcp+OAgeW9oueKtuOCkuOCs+ODs+ODiOODreODvOODq+OBmeOCi+OBk+OBqOOBp+ODnOODh+OCo+ODkOODqeODs+OCueOCkuaVtOOBiOOCizxicj4K4peP44K544Od44O844OE5pmC44Gu44OR44OV44Kp44O844Oe44Oz44K544Ki44OD44OX44KE44K144Od44O844OI5qmf6IO944KS55m65o+u44CCCjwvdGQ+CjwvdHI+CjwvdGFibGU+CjxpbWcgc3JjPSJodHRwOi8vaW1hZ2UucmFrdXRlbi5jby5qcC9rZW5rb2V4L2NhYmluZXQvcmVuZXdhbF9hdHRlbnRpb24uanBnIiAgd2lkdGg9IjEwMCUiIC8+Cjx0YWJsZT4KPHRyPgo8dGg+44K144Kk44K6PC90aD4KPHRkPgpT44CBTeOAgUzjgIFP44CBWE8KPC90ZD4KPC90cj4KPHRyPgo8dGg+44Kr44Op44O8PC90aD4KPHRkPgowOe+8muODluODqeODg+OCrwo8L3RkPgo8L3RyPgo8dHI+Cjx0aD7ntKDmnZA8L3RoPgo8dGQ+CuODluODrOOCueOCteODvOODojJXQVnjgIDjg53jg6rjgqjjgrnjg4bjg6s4Oe+8heODu+aMh+WumuWklue5iue2re+8iOODluODrOOCueOCteODvOODou+8iTbvvIXjg7vjg53jg6rjgqbjg6zjgr/jg7M177yFCjwvdGQ+CjwvdHI+Cjx0cj4KPHRoPuWOn+eUo+WbvTwvdGg+Cjx0ZD4K5Lit5Zu96KO9CjwvdGQ+CjwvdHI+Cjx0cj4KPHRoPuimj+agvOOCteOCpOOCuijlrp/lr7gpPC90aD4KPHRkPgrnnYDkuIjvvJpT77yPNjVjbeOAgU3vvI82N2Nt44CBTO+8jzY5Y23jgIFP77yPNzFjbeOAgVhP77yPNzNjbTxicj4K6IO45Zue44KK77yaU++8jzc3Y23jgIFN77yPODFjbeOAgUzvvI84NWNt44CBT++8jzg5Y23jgIFYT++8jzkzY208YnI+CuiCqeW5he+8mlPvvI8zNC4yY23jgIFN77yPMzUuNmNt44CBTO+8jzM3Y23jgIFP77yPMzguNGNt44CBWE/vvI8zOS44Y208YnI+CuiiluS4iO+8mlPvvI81MS41Y23jgIFN77yPNTNjbeOAgUzvvI81NC41Y23jgIFP77yPNTZjbeOAgVhP77yPNTcuNWNtCjwvdGQ+CjwvdHI+Cjx0cj4KPHRoPuijvemAoOWFgzwvdGg+Cjx0ZD4K44Of44K644OO5qCq5byP5Lya56S+IDAxMjAtMzIwLTc5Oe+8iOOBiuWuouanmOebuOirh+WupO+8iQo8L3RkPgo8L3RyPgo8dHI+Cjx0aD7oo73pgKDlhYM8L3RoPgo8dGQ+CuODn+OCuuODjuagquW8j+S8muekvgo8L3RkPgo8L3RyPgo8dHI+Cjx0aD7mpJzntKLnlKjmlofoqIA8L3RoPgo8dGQ+Ck1JWlVOTyDjg5/jgrrjg44gIEJJTyBHRUFSKOODoeODs+OCuikg44OQ44Kk44Kq44Ku44KiIOODluODrOOCueOCteODvOODoiDjg4/jgqTjg43jg4Pjgq/plbfoopbjgrfjg6Pjg4RbMDk644OW44Op44OD44KvXVtBNjBCUzA2MDA5XSw0OTQxNDQ1MTc2MDg5LDQ5NDE0NDUxNzU5NzYsNDk0MTQ0NTE3NTk2OSw0OTQxNDQ1MTc2MDI3LDQ5NDE0NDUxNzYwOTYKPC90ZD4KPC90cj4KPHRyPgo8dGg+5bqD5ZGK5paH6LKsPC90aD4KPHRkPgrmoKrlvI/kvJrnpL7jgrHjg7PjgrPjg7zjgqjjgq/jgrnjg5fjg6zjgrkgVEVMOjAzLTY0MTEtNTUxMwo8L3RkPgo8L3RyPgo8L3RhYmxlPjxocj7ilqDjgYrlsYrjgZHmlrnms5Xjga/jgZPjgaHjgonjgpLjgq/jg6rjg4Pjgq8gPGJyPg==,TUlaVU5PIOODn+OCuuODjiAgQklPIEdFQVLvvIjjg6Hjg7PjgrrvvIkg44OQ44Kk44Kq44Ku44KiIOODluODrOOCueOCteODvOODoiDjg4/jgqTjg43jg4Pjgq/plbfoopbjgrfjg6Pjg4RbMDk644OW44Op44OD44KvXVtBNjBCUzA2MDA5XSDvvIjjgrnjg53jg7zjg4TjgqbjgqfjgqIg44Ki44Oz44OA44O844Km44Kn44KiIOOCouODs+ODgOODvOOCt+ODo+ODhCDjgrnjg53jg7zjg4TjgqbjgqfjgqIg44Kk44Oz44OK44O8IOeZuueGseOCpOODs+ODiuODvO+8ie+8muWBpeW6t+OCqOOCr+OCueODl+ODrOOCuQ==,6YCa5L+h6LKp5aOy6YCa6LKp44K344On44OD44OU44Oz44Kw44Kq44Oz44Op44Kk44Oz44K344On44OD44OU44Oz44Kw6LK344GE54mp44OX44Os44K844Oz44OI44Ku44OV44OI6LSI44KK54mp6LSI562U5ZOB44GK5Lit5YWD44GK5q2z5pqu44GK6LK344GE5b6X44Ki44Ks44Oq44Kv44K55LuZ55Sf6Zyy44Oh44K344Oe44Kz44OW6Iqx44Gz44KJ44Gf44GRQUhDQ+OCouODreOCqOadvuWvv+S7meOCs+OCqOODs+OCtuOCpOODoOWBpeW6t+OCqOOCr+OCueODl+ODrOOCuUNQTFJvQ+OCguOBmuOBj+ODleOCs+OCpOODgOODs+ODrOODs+ODgeODs+S4h+eUsOmFtee0oOODl+ODreODneODquOCueOCt+ODvOODleOCs+OCpOODgOODs+OCpuOCs+ODs+m7kumFouODq+ODn+ODs0FNSVpVTk8g44Of44K644OOICBCSU8gR0VBUu+8iOODoeODs+OCuu+8iSDjg5DjgqTjgqrjgq7jgqIg44OW44Os44K544K144O844OiIOODj+OCpOODjeODg+OCr+mVt+iiluOCt+ODo+ODhFswOTrjg5bjg6njg4Pjgq9dW0E2MEJTMDYwMDldIO+8iOOCueODneODvOODhOOCpuOCp+OCoiDjgqLjg7Pjg4Djg7zjgqbjgqfjgqIg44Ki44Oz44OA44O844K344Oj44OEIOOCueODneODvOODhOOCpuOCp+OCoiDjgqTjg7Pjg4rjg7wg55m654ax44Kk44Oz44OK44O877yJ,TUlaVU5PIOODn+OCuuODjiBCSU8gR0VBUu+8iOODoeODs+OCuu+8iSDjg5DjgqTjgqrjgq7jgqIg44OW44Os44K544K144O844CCTUlaVU5PIOODn+OCuuODjiAgQklPIEdFQVLvvIjjg6Hjg7PjgrrvvIkg44OQ44Kk44Kq44Ku44KiIOODluODrOOCueOCteODvOODoiDjg4/jgqTjg43jg4Pjgq/plbfoopbjgrfjg6Pjg4RbMDk644OW44Op44OD44KvXVtBNjBCUzA2MDA5XSDvvIjjgrnjg53jg7zjg4TjgqbjgqfjgqIg44Ki44Oz44OA44O844Km44Kn44KiIOOCouODs+ODgOODvOOCt+ODo+ODhCDjgrnjg53jg7zjg4TjgqbjgqfjgqIg44Kk44Oz44OK44O8IOeZuueGseOCpOODs+ODiuODvO+8iQ==[rn]
17-128248,aHR0cDovL3RzaG9wLnIxMHMuanAva2Vua29leC9jYWJpbmV0LzExNzQvNmQ1MWE4ZTczZjA4MmE1YmY3XzEuanBnP2ZpdGluPTcwMDo3MDA=,MjMyMC4wMDAw,,44K544Od44O844OE44O744Ki44Km44OI44OJ44KiID4g44K544Od44O844OE44Km44Kn44Ki44O744Ki44Kv44K744K144Oq44O8ID4g44K544Od44O844OE55So44Kk44Oz44OK44O8ID4g44Oh44Oz44K644Kk44Oz44OK44O8ID4g44OI44OD44OX44K5,44CQ44KG44GG44Oh44O844Or5L6/77yB6YCB5paZ54Sh5paZ44CRTWl6dW5vIOODn+OCuuODjiDjgrfjg6Pjg4TvvIjjg4/jgqTjg43jg4Pjgq/vvInjg5bjg6zjgrnjgrXjg7zjg6LntKDmnZAg44Oh44Oz44K677yP44Om44OL44K744OD44Kv44K577yI44OB44Oj44Kz44O844Or77yJWzMyTUE2NjQyMDdd,,PGltZyBzcmM9Imh0dHA6Ly9pbWFnZS5yYWt1dGVuLmNvLmpwL2tlbmtvZXgvY2FiaW5ldC9mdXRzdWJpbl9rb2NoaXJhLmpwZyIgYWx0PSLmma7pgJrkvr8o5a6F6YWNKeOBp+OBruOBlOazqOaWh+OBr+OCs+OCs+OCkuOCr+ODquODg+OCr++8gSI+PGJyIC8+PGJyIC8+Cjx0YWJsZSBib3JkZXI9IjEiIGJvcmRlcmNvbG9yPSIjOTk5IiBjZWxscGFkZGluZz0iMCIgY2VsbHNwYWNpbmc9IjAiPgo8dHI+Cjx0aD7jgqvjg6njg7w8L3RoPgo8dGQ+CuODgeODo+OCs+ODvOODqwo8L3RkPgo8L3RyPgo8dHI+Cjx0aD7ntKDmnZA8L3RoPgo8dGQ+CuODneODquOCqOOCueODhuODqzc577yF44O744Os44O844Oo44OzMTbvvIXjg7vmjIflrprlpJbnuYrntq3vvIjjg5bjg6zjgrnjgrXjg7zjg6LvvIk177yFCjwvdGQ+CjwvdHI+Cjx0cj4KPHRoPuimj+agvOOCteOCpOOCuu+8iOWun+WvuO+8iTwvdGg+Cjx0ZD4K552A5LiI77yaU++8jzY1LjVjbeOAgU3vvI82Ny41Y23jgIFM77yPNjkuNWNt44CBWEzvvI83MS41Y23jgIEyWEzvvI83My41Y208YnIgLz4K6IO45Zue44KK77yaU++8jzEwMWNt44CBTe+8jzEwNWNt44CBTO+8jzEwOWNt44CBWEzvvI8xMTNjbeOAgTJYTO+8jzExN2NtPGJyIC8+CuiCqeW5he+8mlPvvI80NS4yY23jgIFN77yPNDYuNmNt44CBTO+8jzQ4Y23jgIFYTO+8jzQ5LjRjbeOAgTJYTO+8jzUwLjhjbTxiciAvPgroopbkuIjvvJpT77yPNTUuNWNt44CBTe+8jzU3Y23jgIFM77yPNTguNWNt44CBWEzvvI82MGNt44CBMlhM77yPNjEuNWNtPGJyIC8+CuKAu+OBk+OBoeOCieODpuODi+OCu+ODg+OCr+OCueOBruWVhuWTgeOBq+OBquOCiuOBvuOBmeOAguWVhuWTgeimj+agvOOBr+eUt+aAp+OCteOCpOOCuuOBp+OBmeOAgjxiciAvPgrlpbPmgKfjga7mlrnjga7loLTlkIjjga/jgIHjg6/jg7PjgrXjgqTjgrrnqIvluqblsI/jgZXjgoHjgYvpganlkIgv6KaP5qC844K144Kk44K644KC44GU5Y+C6ICD44Gu44GG44GI44GK6YG444Gz5LiL44GV44GE44CCCjwvdGQ+CjwvdHI+Cjx0cj4KPHRoPuijvemAoOWFgzwvdGg+Cjx0ZD4K44Of44K644OO5qCq5byP5Lya56S+CjwvdGQ+CjwvdHI+Cjx0cj4KPHRoPuaknOe0oueUqOaWh+iogDwvdGg+Cjx0ZD4K44CQ44KG44GG44Oh44O844Or5L6/77yB6YCB5paZ54Sh5paZ44CRTWl6dW5vIOODn+OCuuODjiDjgrfjg6Pjg4TvvIjjg4/jgqTjg43jg4Pjgq/vvInjg5bjg6zjgrnjgrXjg7zjg6LntKDmnZAg44Oh44Oz44K677yP44Om44OL44K744OD44Kv44K577yI44OB44Oj44Kz44O844Or77yJWzMyTUE2NjQyMDddLCwsCjwvdGQ+CjwvdHI+Cjx0cj4KPHRoPuW6g+WRiuaWh+iyrDwvdGg+Cjx0ZD4K5qCq5byP5Lya56S+44Kx44Oz44Kz44O844Ko44Kv44K544OX44Os44K5IFRFTDowMy02NDExLTU1MTMKPC90ZD4KPC90cj4KPC90YWJsZT4=,44CQ44KG44GG44Oh44O844Or5L6/77yB6YCB5paZ54Sh5paZ44CRTWl6dW5vIOODn+OCuuODjiDjgrfjg6Pjg4TvvIjjg4/jgqTjg43jg4Pjgq/vvInjg5bjg6zjgrnjgrXjg7zjg6LntKDmnZAg44Oh44Oz44K677yP44Om44OL44K744OD44Kv44K577yI44OB44Oj44Kz44O844Or77yJWzMyTUE2NjQyMDdd77ya5YGl5bq344Ko44Kv44K544OX44Os44K5,6YCa5L+h6LKp5aOy6YCa6LKp44K344On44OD44OU44Oz44Kw44Kq44Oz44Op44Kk44Oz44K344On44OD44OU44Oz44Kw6LK344GE54mp44OX44Os44K844Oz44OI44Ku44OV44OI6LSI44KK54mp6LSI562U5ZOB44GK5Lit5YWD44GK5q2z5pqu44GK6LK344GE5b6X44Ki44Ks44Oq44Kv44K55LuZ55Sf6Zyy44Oh44K344Oe44Kz44OW6Iqx44Gz44KJ44Gf44GRQUhDQ+OCouODreOCqOadvuWvv+S7meOCs+OCqOODs+OCtuOCpOODoOWBpeW6t+OCqOOCr+OCueODl+ODrOOCuUNQTFJvQ+OCguOBmuOBj+ODleOCs+OCpOODgOODs+ODrOODs+ODgeODs+S4h+eUsOmFtee0oOODl+ODreODneODquOCueOCt+ODvOODleOCs+OCpOODgOODs+OCpuOCs+ODs+m7kumFouODq+ODn+ODs0HjgJDjgobjgYbjg6Hjg7zjg6vkvr/vvIHpgIHmlpnnhKHmlpnjgJFNaXp1bm8g44Of44K644OOIOOCt+ODo+ODhO+8iOODj+OCpOODjeODg+OCr++8ieODluODrOOCueOCteODvOODoue0oOadkCDjg6Hjg7PjgrrvvI/jg6bjg4vjgrvjg4Pjgq/jgrnvvIjjg4Hjg6PjgrPjg7zjg6vvvIlbMzJNQTY2NDIwN10=,44OW44Os44K544K144O844Oi57Sg5p2Q44Gu44K344Oz44OX44Or44K344Oj44OE44K344Oq44O844K677yB44OP44Kk44ON44OD44Kv44K/44Kk44OX44CC44CQ44KG44GG44Oh44O844Or5L6/77yB6YCB5paZ54Sh5paZ44CRTWl6dW5vIOODn+OCuuODjiDjgrfjg6Pjg4TvvIjjg4/jgqTjg43jg4Pjgq/vvInjg5bjg6zjgrnjgrXjg7zjg6LntKDmnZAg44Oh44Oz44K677yP44Om44OL44K744OD44Kv44K577yI44OB44Oj44Kz44O844Or77yJWzMyTUE2NjQyMDdd[rn]
17-128249,aHR0cDovL3RzaG9wLnIxMHMuanAva2Vua29leC9jYWJpbmV0LzExNzQvMTE3NC0zMm1hNjY0MjA5XzEuanBnP2ZpdGluPTcwMDo3MDA=,MjMyMC4wMDAw,,44K544Od44O844OE44O744Ki44Km44OI44OJ44KiID4g44K544Od44O844OE44Km44Kn44Ki44O744Ki44Kv44K744K144Oq44O8ID4g44K544Od44O844OE55So44Kk44Oz44OK44O8ID4g44Oh44Oz44K644Kk44Oz44OK44O8ID4g44OI44OD44OX44K5,TWl6dW5vIOODn+OCuuODjiDjgrfjg6Pjg4TvvIjjg4/jgqTjg43jg4Pjgq/vvInjg5bjg6zjgrnjgrXjg7zjg6LntKDmnZAg44Oh44Oz44K677yP44Om44OL44K744OD44Kv44K577yI44OW44Op44OD44Kv77yJWzMyTUE2NjQyMDld,,PGltZyBzcmM9Imh0dHA6Ly9pbWFnZS5yYWt1dGVuLmNvLmpwL2tlbmtvZXgvY2FiaW5ldC9tYWlsYmluX211cnlvLmpwZyIgYWx0PSLjg6Hjg7zjg6vkvr/vvIjpgIHmlpnnhKHmlpnvvInjgafjga7jgZTms6jmlofjga/jgrPjgrPjgpLjgq/jg6rjg4Pjgq/vvIEiPjxiciAvPjxiciAvPgo8dGFibGUgYm9yZGVyPSIxIiBib3JkZXJjb2xvcj0iIzk5OSIgY2VsbHBhZGRpbmc9IjAiIGNlbGxzcGFjaW5nPSIwIj4KPHRyPgo8dGg+44Kr44Op44O8PC90aD4KPHRkPgrjg5bjg6njg4Pjgq8KPC90ZD4KPC90cj4KPHRyPgo8dGg+57Sg5p2QPC90aD4KPHRkPgrjg53jg6rjgqjjgrnjg4bjg6s3Oe+8heODu+ODrOODvOODqOODszE277yF44O75oyH5a6a5aSW57mK57at77yI44OW44Os44K544K144O844Oi77yJNe+8hQo8L3RkPgo8L3RyPgo8dHI+Cjx0aD7opo/moLzjgrXjgqTjgrrvvIjlrp/lr7jvvIk8L3RoPgo8dGQ+CuedgOS4iO+8mlPvvI82NS41Y23jgIFN77yPNjcuNWNt44CBTO+8jzY5LjVjbeOAgVhM77yPNzEuNWNt44CBMlhM77yPNzMuNWNtPGJyIC8+CuiDuOWbnuOCiu+8mlPvvI8xMDFjbeOAgU3vvI8xMDVjbeOAgUzvvI8xMDljbeOAgVhM77yPMTEzY23jgIEyWEzvvI8xMTdjbTxiciAvPgrogqnluYXvvJpT77yPNDUuMmNt44CBTe+8jzQ2LjZjbeOAgUzvvI80OGNt44CBWEzvvI80OS40Y23jgIEyWEzvvI81MC44Y208YnIgLz4K6KKW5LiI77yaU++8jzU1LjVjbeOAgU3vvI81N2Nt44CBTO+8jzU4LjVjbeOAgVhM77yPNjBjbeOAgTJYTO+8jzYxLjVjbTxiciAvPgrigLvjgZPjgaHjgonjg6bjg4vjgrvjg4Pjgq/jgrnjga7llYblk4Hjgavjgarjgorjgb7jgZnjgILllYblk4Hopo/moLzjga/nlLfmgKfjgrXjgqTjgrrjgafjgZnjgII8YnIgLz4K5aWz5oCn44Gu5pa544Gu5aC05ZCI44Gv44CB44Ov44Oz44K144Kk44K656iL5bqm5bCP44GV44KB44GL6YGp5ZCIL+imj+agvOOCteOCpOOCuuOCguOBlOWPguiAg+OBruOBhuOBiOOBiumBuOOBs+S4i+OBleOBhOOAggo8L3RkPgo8L3RyPgo8dHI+Cjx0aD7oo73pgKDlhYM8L3RoPgo8dGQ+CuODn+OCuuODjuagquW8j+S8muekvgo8L3RkPgo8L3RyPgo8dHI+Cjx0aD7mpJzntKLnlKjmlofoqIA8L3RoPgo8dGQ+Ck1penVubyDjg5/jgrrjg44g44K344Oj44OE77yI44OP44Kk44ON44OD44Kv77yJ44OW44Os44K544K144O844Oi57Sg5p2QIOODoeODs+OCuu+8j+ODpuODi+OCu+ODg+OCr+OCue+8iOODluODqeODg+OCr++8iVszMk1BNjY0MjA5XSw0OTU0NjM3NzY3NzEyLDQ5NTQ2Mzc3Njc3NDMsNDk1NDYzNzc2Nzc2Nwo8L3RkPgo8L3RyPgo8dHI+Cjx0aD7luoPlkYrmlofosqw8L3RoPgo8dGQ+CuagquW8j+S8muekvuOCseODs+OCs+ODvOOCqOOCr+OCueODl+ODrOOCuSBURUw6MDMtNjQxMS01NTEzCjwvdGQ+CjwvdHI+CjwvdGFibGU+,TWl6dW5vIOODn+OCuuODjiDjgrfjg6Pjg4TvvIjjg4/jgqTjg43jg4Pjgq/vvInjg5bjg6zjgrnjgrXjg7zjg6LntKDmnZAg44Oh44Oz44K677yP44Om44OL44K744OD44Kv44K577yI44OW44Op44OD44Kv77yJWzMyTUE2NjQyMDld77ya5YGl5bq344Ko44Kv44K544OX44Os44K5,6YCa5L+h6LKp5aOy6YCa6LKp44K344On44OD44OU44Oz44Kw44Kq44Oz44Op44Kk44Oz44K344On44OD44OU44Oz44Kw6LK344GE54mp44OX44Os44K844Oz44OI44Ku44OV44OI6LSI44KK54mp6LSI562U5ZOB44GK5Lit5YWD44GK5q2z5pqu44GK6LK344GE5b6X44Ki44Ks44Oq44Kv44K55LuZ55Sf6Zyy44Oh44K344Oe44Kz44OW6Iqx44Gz44KJ44Gf44GRQUhDQ+OCouODreOCqOadvuWvv+S7meOCs+OCqOODs+OCtuOCpOODoOWBpeW6t+OCqOOCr+OCueODl+ODrOOCuUNQTFJvQ+OCguOBmuOBj+ODleOCs+OCpOODgOODs+ODrOODs+ODgeODs+S4h+eUsOmFtee0oOODl+ODreODneODquOCueOCt+ODvOODleOCs+OCpOODgOODs+OCpuOCs+ODs+m7kumFouODq+ODn+ODs0FNaXp1bm8g44Of44K644OOIOOCt+ODo+ODhO+8iOODj+OCpOODjeODg+OCr++8ieODluODrOOCueOCteODvOODoue0oOadkCDjg6Hjg7PjgrrvvI/jg6bjg4vjgrvjg4Pjgq/jgrnvvIjjg5bjg6njg4Pjgq/vvIlbMzJNQTY2NDIwOV0=,44OW44Os44K544K144O844Oi57Sg5p2Q44Gu44K344Oz44OX44Or44K344Oj44OE44K344Oq44O844K677yB44OP44Kk44ON44OD44Kv44K/44Kk44OX44CCTWl6dW5vIOODn+OCuuODjiDjgrfjg6Pjg4TvvIjjg4/jgqTjg43jg4Pjgq/vvInjg5bjg6zjgrnjgrXjg7zjg6LntKDmnZAg44Oh44Oz44K677yP44Om44OL44K744OD44Kv44K577yI44OW44Op44OD44Kv77yJWzMyTUE2NjQyMDld[rn]
17-128250,aHR0cDovL3RzaG9wLnIxMHMuanAva2Vua29leC9jYWJpbmV0LzExNzQvYmUxZWRmZWZjYWM2ZDE1ZmUyXzEuanBnP2ZpdGluPTcwMDo3MDA=,MjMyMC4wMDAw,,44K544Od44O844OE44O744Ki44Km44OI44OJ44KiID4g44K544Od44O844OE44Km44Kn44Ki44O744Ki44Kv44K744K144Oq44O8ID4g44K544Od44O844OE55So44Kk44Oz44OK44O8ID4g44Oh44Oz44K644Kk44Oz44OK44O8ID4g44OI44OD44OX44K5,44CQ44KG44GG44Oh44O844Or5L6/77yB6YCB5paZ54Sh5paZ44CRTWl6dW5vIOODn+OCuuODjiDjgrfjg6Pjg4TvvIhV44ON44OD44Kv77yJ44OW44Os44K544K144O844Oi57Sg5p2QIOODoeODs+OCuu+8j+ODpuODi+OCu+ODg+OCr+OCue+8iOODm+ODr+OCpOODiO+8iVszMk1BNjY0MzAxXQ==,,PGltZyBzcmM9Imh0dHA6Ly9pbWFnZS5yYWt1dGVuLmNvLmpwL2tlbmtvZXgvY2FiaW5ldC9mdXRzdWJpbl9rb2NoaXJhLmpwZyIgYWx0PSLmma7pgJrkvr8o5a6F6YWNKeOBp+OBruOBlOazqOaWh+OBr+OCs+OCs+OCkuOCr+ODquODg+OCr++8gSI+PGJyIC8+PGJyIC8+Cjx0YWJsZSBib3JkZXI9IjEiIGJvcmRlcmNvbG9yPSIjOTk5IiBjZWxscGFkZGluZz0iMCIgY2VsbHNwYWNpbmc9IjAiPgo8dHI+Cjx0aD7jgqvjg6njg7w8L3RoPgo8dGQ+CuODm+ODr+OCpOODiAo8L3RkPgo8L3RyPgo8dHI+Cjx0aD7ntKDmnZA8L3RoPgo8dGQ+CuODneODquOCqOOCueODhuODqzc577yF44O744Os44O844Oo44OzMTbvvIXjg7vmjIflrprlpJbnuYrntq3vvIjjg5bjg6zjgrnjgrXjg7zjg6LvvIk177yFCjwvdGQ+CjwvdHI+Cjx0cj4KPHRoPuimj+agvOOCteOCpOOCuu+8iOWun+WvuO+8iTwvdGg+Cjx0ZD4K552A5LiI77yaU++8jzY1Y23jgIFN77yPNjdjbeOAgUzvvI82OWNt44CBWEzvvI83MWNt44CBMlhM77yPNzNjbTxiciAvPgrog7jlm57jgorvvJpT77yPMTAxY23jgIFN77yPMTA1Y23jgIFM77yPMTA5Y23jgIFYTO+8jzExM2Nt44CBMlhM77yPMTE3Y208YnIgLz4K6IKp5bmF77yaU++8jzQ1LjJjbeOAgU3vvI80Ni42Y23jgIFM77yPNDhjbeOAgVhM77yPNDkuNGNt44CBMlhM77yPNTAuOGNtPGJyIC8+CuiiluS4iO+8mlPvvI81NS41Y23jgIFN77yPNTdjbeOAgUzvvI81OC41Y23jgIFYTO+8jzYwY23jgIEyWEzvvI82MS41Y208YnIgLz4K4oC744GT44Gh44KJ44Om44OL44K744OD44Kv44K544Gu5ZWG5ZOB44Gr44Gq44KK44G+44GZ44CC5ZWG5ZOB6KaP5qC844Gv55S35oCn44K144Kk44K644Gn44GZ44CCPGJyIC8+CuWls+aAp+OBruaWueOBruWgtOWQiOOBr+OAgeODr+ODs+OCteOCpOOCuueoi+W6puWwj+OBleOCgeOBi+mBqeWQiC/opo/moLzjgrXjgqTjgrrjgoLjgZTlj4LogIPjga7jgYbjgYjjgYrpgbjjgbPkuIvjgZXjgYTjgIIKPC90ZD4KPC90cj4KPHRyPgo8dGg+6KO96YCg5YWDPC90aD4KPHRkPgrjg5/jgrrjg47moKrlvI/kvJrnpL4KPC90ZD4KPC90cj4KPHRyPgo8dGg+5qSc57Si55So5paH6KiAPC90aD4KPHRkPgrjgJDjgobjgYbjg6Hjg7zjg6vkvr/vvIHpgIHmlpnnhKHmlpnjgJFNaXp1bm8g44Of44K644OOIOOCt+ODo+ODhO+8iFXjg43jg4Pjgq/vvInjg5bjg6zjgrnjgrXjg7zjg6LntKDmnZAg44Oh44Oz44K677yP44Om44OL44K744OD44Kv44K577yI44Ob44Ov44Kk44OI77yJWzMyTUE2NjQzMDFdLCwsCjwvdGQ+CjwvdHI+Cjx0cj4KPHRoPuW6g+WRiuaWh+iyrDwvdGg+Cjx0ZD4K5qCq5byP5Lya56S+44Kx44Oz44Kz44O844Ko44Kv44K544OX44Os44K5IFRFTDowMy02NDExLTU1MTMKPC90ZD4KPC90cj4KPC90YWJsZT4=,44CQ44KG44GG44Oh44O844Or5L6/77yB6YCB5paZ54Sh5paZ44CRTWl6dW5vIOODn+OCuuODjiDjgrfjg6Pjg4TvvIhV44ON44OD44Kv77yJ44OW44Os44K544K144O844Oi57Sg5p2QIOODoeODs+OCuu+8j+ODpuODi+OCu+ODg+OCr+OCue+8iOODm+ODr+OCpOODiO+8iVszMk1BNjY0MzAxXe+8muWBpeW6t+OCqOOCr+OCueODl+ODrOOCuQ==,6YCa5L+h6LKp5aOy6YCa6LKp44K344On44OD44OU44Oz44Kw44Kq44Oz44Op44Kk44Oz44K344On44OD44OU44Oz44Kw6LK344GE54mp44OX44Os44K844Oz44OI44Ku44OV44OI6LSI44KK54mp6LSI562U5ZOB44GK5Lit5YWD44GK5q2z5pqu44GK6LK344GE5b6X44Ki44Ks44Oq44Kv44K55LuZ55Sf6Zyy44Oh44K344Oe44Kz44OW6Iqx44Gz44KJ44Gf44GRQUhDQ+OCouODreOCqOadvuWvv+S7meOCs+OCqOODs+OCtuOCpOODoOWBpeW6t+OCqOOCr+OCueODl+ODrOOCuUNQTFJvQ+OCguOBmuOBj+ODleOCs+OCpOODgOODs+ODrOODs+ODgeODs+S4h+eUsOmFtee0oOODl+ODreODneODquOCueOCt+ODvOODleOCs+OCpOODgOODs+OCpuOCs+ODs+m7kumFouODq+ODn+ODs0HjgJDjgobjgYbjg6Hjg7zjg6vkvr/vvIHpgIHmlpnnhKHmlpnjgJFNaXp1bm8g44Of44K644OOIOOCt+ODo+ODhO+8iFXjg43jg4Pjgq/vvInjg5bjg6zjgrnjgrXjg7zjg6LntKDmnZAg44Oh44Oz44K677yP44Om44OL44K744OD44Kv44K577yI44Ob44Ov44Kk44OI77yJWzMyTUE2NjQzMDFd,44OW44Os44K544K144O844Oi57Sg5p2Q44Gu44K344Oz44OX44Or44K344Oj44OE44K344Oq44O844K677yB44CC44CQ44KG44GG44Oh44O844Or5L6/77yB6YCB5paZ54Sh5paZ44CRTWl6dW5vIOODn+OCuuODjiDjgrfjg6Pjg4TvvIhV44ON44OD44Kv77yJ44OW44Os44K544K144O844Oi57Sg5p2QIOODoeODs+OCuu+8j+ODpuODi+OCu+ODg+OCr+OCue+8iOODm+ODr+OCpOODiO+8iVszMk1BNjY0MzAxXQ==[rn]
17-128251,aHR0cDovL3RzaG9wLnIxMHMuanAva2Vua29leC9jYWJpbmV0LzEyODAvMTI4MC00NTczMjg5NTQyODY5XzEuanBnP2ZpdGluPTcwMDo3MDA=,MzA4MC4wMDAw,,44K544Od44O844OE44O744Ki44Km44OI44OJ44KiID4g44K544Od44O844OE44Km44Kn44Ki44O744Ki44Kv44K744K144Oq44O8ID4g44K544Od44O844OE55So44Kk44Oz44OK44O8ID4g44Oh44Oz44K644Kk44Oz44OK44O8ID4g44OI44OD44OX44K5,44CQVUEgU0FMRemWi+WCrCEhIOacgOWkpzMwJU9GRiHjgJFbVU5ERVIgQVJNRVJd44Ki44Oz44OA44O844Ki44O844Oe44O8IFVBIEhFQVRHRUFSIEFSTU9VUiBOT1ZFTFRZIExTIOmVt+iiliDjg6Hjg7Pjgroo55S35oCn55SoKSBCTEsvUkVEL1hMW01DTTMzNjBd77yI44Km44Kn44KiIOOCpuOCqOOCoiDmnI3vvIk=,,PHRhYmxlIGJvcmRlcj0iMSIgYm9yZGVyY29sb3I9IiM5OTkiIGNlbGxwYWRkaW5nPSIwIiBjZWxsc3BhY2luZz0iMCI+Cjx0cj4KPHRoPue0oOadkDwvdGg+Cjx0ZD4K5pys5L2TOuODneODquOCqOOCueODhuODqyA4NCUsIOODneODquOCpuODrOOCv+ODsyAxNiU8YnIgLz4K5YiH5pu/6YOo5YiGOuODneODquOCqOOCueODhuODqyA5MiUsIOODneODquOCpuODrOOCv+ODsyA4JQo8L3RkPgo8L3RyPgo8dHI+Cjx0aD7nlJ/nlKPlm708L3RoPgo8dGQ+CuS4reWbvTxiciAvPgoKPC90ZD4KPC90cj4KPHRyPgo8dGg+6KO96YCg5YWDPC90aD4KPHRkPgrjgqLjg7Pjg4Djg7zjgqLjg7zjg57jg7zvvIjjg4njg7zjg6Djgqvjgrnjgr/jg57jg7zjgrvjg7Pjgr/jg7xURUzvvJowMTIwLTEwNi03ODbvvIkKPC90ZD4KPC90cj4KPHRyPgo8dGg+5qSc57Si55So5paH6KiAPC90aD4KPHRkPgpbVU5ERVIgQVJNRVJd44Ki44Oz44OA44O844Ki44O844Oe44O8IFVBIEhFQVRHRUFSIEFSTU9VUiBOT1ZFIOODoeODs+OCuijnlLfmgKfnlKgpIEJMSy9SRUQvWExbTUNNMzM2MF0KPC90ZD4KPC90cj4KPHRyPgo8dGg+5bqD5ZGK5paH6LKsPC90aD4KPHRkPgrmoKrlvI/kvJrnpL7jgrHjg7PjgrPjg7zjgqjjgq/jgrnjg5fjg6zjgrkgVEVMOjAzLTY0MTEtNTUxMwo8L3RkPgo8L3RyPgo8L3RhYmxlPg==,44CQVUEgU0FMRemWi+WCrCEhIOacgOWkpzMwJU9GRiHjgJFbVU5ERVIgQVJNRVJd44Ki44Oz44OA44O844Ki44O844Oe44O8IFVBIEhFQVRHRUFSIEFSTU9VUiBOT1ZFTFRZIExTIOmVt+iiliDjg6Hjg7Pjgroo55S35oCn55SoKSBCTEsvUkVEL1hMW01DTTMzNjBd77yI44Km44Kn44KiIOOCpuOCqOOCoiDmnI3vvInvvJrlgaXlurfjgqjjgq/jgrnjg5fjg6zjgrk=,6YCa5L+h6LKp5aOy6YCa6LKp44K344On44OD44OU44Oz44Kw44Kq44Oz44Op44Kk44Oz44K344On44OD44OU44Oz44Kw6LK344GE54mp44OX44Os44K844Oz44OI44Ku44OV44OI6LSI44KK54mp6LSI562U5ZOB44GK5Lit5YWD44GK5q2z5pqu44GK6LK344GE5b6X44Ki44Ks44Oq44Kv44K55LuZ55Sf6Zyy44Oh44K344Oe44Kz44OW6Iqx44Gz44KJ44Gf44GRQUhDQ+OCouODreOCqOadvuWvv+S7meOCs+OCqOODs+OCtuOCpOODoOWBpeW6t+OCqOOCr+OCueODl+ODrOOCuUNQTFJvQ+OCguOBmuOBj+ODleOCs+OCpOODgOODs+ODrOODs+ODgeODs+S4h+eUsOmFtee0oOODl+ODreODneODquOCueOCt+ODvOODleOCs+OCpOODgOODs+OCpuOCs+ODs+m7kumFouODq+ODn+ODs0HjgJBVQSBTQUxF6ZaL5YKsISEg5pyA5aSnMzAlT0ZGIeOAkVtVTkRFUiBBUk1FUl3jgqLjg7Pjg4Djg7zjgqLjg7zjg57jg7wgVUEgSEVBVEdFQVIgQVJNT1VSIE5PVkVMVFkgTFMg6ZW36KKWIOODoeODs+OCuijnlLfmgKfnlKgpIEJMSy9SRUQvWExbTUNNMzM2MF3vvIjjgqbjgqfjgqIg44Km44Ko44KiIOacje+8iQ==,W1VOREVSIEFSTUVSXeOCouODs+ODgOODvOOCouODvOODnuODvCBVQSBIRUFUR+OAguOAkFVBIFNBTEXplovlgqwhISDmnIDlpKczMCVPRkYh44CRW1VOREVSIEFSTUVSXeOCouODs+ODgOODvOOCouODvOODnuODvCBVQSBIRUFUR0VBUiBBUk1PVVIgTk9WRUxUWSBMUyDplbfoopYg44Oh44Oz44K6KOeUt+aAp+eUqCkgQkxLL1JFRC9YTFtNQ00zMzYwXe+8iOOCpuOCp+OCoiDjgqbjgqjjgqIg5pyN77yJ[rn]
17-128252,aHR0cDovL3RzaG9wLnIxMHMuanAva2Vua29leC9jYWJpbmV0LzEyODAvMTI4MC00NTcxNDIwNTE2OTM5XzEuanBnP2ZpdGluPTcwMDo3MDA=,MzkyMC4wMDAw,,44K544Od44O844OE44O744Ki44Km44OI44OJ44KiID4g44K544Od44O844OE44Km44Kn44Ki44O744Ki44Kv44K744K144Oq44O8ID4g44K544Od44O844OE55So44Kk44Oz44OK44O8ID4g44Oh44Oz44K644Kk44Oz44OK44O8ID4g44OI44OD44OX44K5,44Oh44Oz44K6L+mVt+iilltVTkRFUiBBUk1FUl3jgqLjg7Pjg4Djg7zjgqLjg7zjg57jg7wgQ0JIIFVBIENPTERHRUFSIEFSTU9VUiBMU+OCr+ODq+ODvCBYWEwg44Oh44Oz44K6L+mVt+iilltNQ00xNzcyXVvnlLfmgKfnlKhd77yI44Km44Kn44KiIOOCpuOCqOOCoiDmnI0g5aSn44GN44GE44K144Kk44K677yJ,,PHRhYmxlIGJvcmRlcj0iMSIgYm9yZGVyY29sb3I9IiM5OTkiIGNlbGxwYWRkaW5nPSIwIiBjZWxsc3BhY2luZz0iMCI+Cjx0cj4KPHRoPue0oOadkDwvdGg+Cjx0ZD4K44Od44Oq44Ko44K544OG44OrIDg3JSwg44Od44Oq44Km44Os44K/44OzIDEzJQo8L3RkPgo8L3RyPgo8dHI+Cjx0aD7nlJ/nlKPlm708L3RoPgo8dGQ+CuODmeODiOODiuODoDxiciAvPgoKPC90ZD4KPC90cj4KPHRyPgo8dGg+6KO96YCg5YWDPC90aD4KPHRkPgrjgqLjg7Pjg4Djg7zjgqLjg7zjg57jg7zvvIjjg4njg7zjg6Djgqvjgrnjgr/jg57jg7zjgrvjg7Pjgr/jg7xURUzvvJowMTIwLTEwNi03ODbvvIkKPC90ZD4KPC90cj4KPHRyPgo8dGg+5qSc57Si55So5paH6KiAPC90aD4KPHRkPgpbVU5ERVIgQVJNRVJd44Ki44Oz44OA44O844Ki44O844Oe44O8IENCSCBVQSBDT0xER0VBUiBBUk1PVVIgTFPjgq/jg6vjg7wgWFhMWyNNQ00xNzcyXQo8L3RkPgo8L3RyPgo8dHI+Cjx0aD7luoPlkYrmlofosqw8L3RoPgo8dGQ+CuagquW8j+S8muekvuOCseODs+OCs+ODvOOCqOOCr+OCueODl+ODrOOCuSBURUw6MDMtNjQxMS01NTEzCjwvdGQ+CjwvdHI+CjwvdGFibGU+,44Oh44Oz44K6L+mVt+iilltVTkRFUiBBUk1FUl3jgqLjg7Pjg4Djg7zjgqLjg7zjg57jg7wgQ0JIIFVBIENPTERHRUFSIEFSTU9VUiBMU+OCr+ODq+ODvCBYWEwg44Oh44Oz44K6L+mVt+iilltNQ00xNzcyXVvnlLfmgKfnlKhd77yI44Km44Kn44KiIOOCpuOCqOOCoiDmnI0g5aSn44GN44GE44K144Kk44K677yJ77ya5YGl5bq344Ko44Kv44K544OX44Os44K5,6YCa5L+h6LKp5aOy6YCa6LKp44K344On44OD44OU44Oz44Kw44Kq44Oz44Op44Kk44Oz44K344On44OD44OU44Oz44Kw6LK344GE54mp44OX44Os44K844Oz44OI44Ku44OV44OI6LSI44KK54mp6LSI562U5ZOB44GK5Lit5YWD44GK5q2z5pqu44GK6LK344GE5b6X44Ki44Ks44Oq44Kv44K55LuZ55Sf6Zyy44Oh44K344Oe44Kz44OW6Iqx44Gz44KJ44Gf44GRQUhDQ+OCouODreOCqOadvuWvv+S7meOCs+OCqOODs+OCtuOCpOODoOWBpeW6t+OCqOOCr+OCueODl+ODrOOCuUNQTFJvQ+OCguOBmuOBj+ODleOCs+OCpOODgOODs+ODrOODs+ODgeODs+S4h+eUsOmFtee0oOODl+ODreODneODquOCueOCt+ODvOODleOCs+OCpOODgOODs+OCpuOCs+ODs+m7kumFouODq+ODn+ODs0Hjg6Hjg7Pjgrov6ZW36KKWW1VOREVSIEFSTUVSXeOCouODs+ODgOODvOOCouODvOODnuODvCBDQkggVUEgQ09MREdFQVIgQVJNT1VSIExT44Kv44Or44O8IFhYTCDjg6Hjg7Pjgrov6ZW36KKWW01DTTE3NzJdW+eUt+aAp+eUqF3vvIjjgqbjgqfjgqIg44Km44Ko44KiIOacjSDlpKfjgY3jgYTjgrXjgqTjgrrvvIk=,44Oh44Oz44K6L+mVt+iilltVTkRFUiBBUk1FUl3jgqLjg7Pjg4Djg7zjgqLjg7zjg57jg7wgQ+OAguODoeODs+OCui/plbfoopZbVU5ERVIgQVJNRVJd44Ki44Oz44OA44O844Ki44O844Oe44O8IENCSCBVQSBDT0xER0VBUiBBUk1PVVIgTFPjgq/jg6vjg7wgWFhMIOODoeODs+OCui/plbfoopZbTUNNMTc3Ml1b55S35oCn55SoXe+8iOOCpuOCp+OCoiDjgqbjgqjjgqIg5pyNIOWkp+OBjeOBhOOCteOCpOOCuu+8iQ==[rn]
17-128253,aHR0cDovL3RzaG9wLnIxMHMuanAva2Vua29leC9jYWJpbmV0LzExNzQvMTE3NC1jMmphNTgwMjQ5XzEuanBnP2ZpdGluPTcwMDo3MDA=,MTQ0MC4wMDAw,,44K544Od44O844OE44O744Ki44Km44OI44OJ44KiID4g44K544Od44O844OE44Km44Kn44Ki44O744Ki44Kv44K744K144Oq44O8ID4g44K544Od44O844OE55So44Kk44Oz44OK44O8ID4g44Oh44Oz44K644Kk44Oz44OK44O8ID4g44OI44OD44OX44K5,TWl6dW5vIOODn+OCuuODjiDjg5bjg6zjgrnjgrXjg7zjg6Ig44Ko44OW44OqIOODqeOCpuODs+ODieODjeODg+OCr+S4g+WIhuiiluOCt+ODo+ODhCjjg6zjg4fjgqPjg7zjgrkpIOODmeODvOOCuOODpVtDMkpBNTgwMjQ5Xe+8iOeZuueGseOCpOODs+ODiuODvO+8iQ==,,PGltZyBzcmM9Imh0dHA6Ly9pbWFnZS5yYWt1dGVuLmNvLmpwL2tlbmtvZXgvY2FiaW5ldC9tYWlsYmluX211cnlvLmpwZyIgYWx0PSLjg6Hjg7zjg6vkvr/vvIjpgIHmlpnnhKHmlpnvvInjgafjga7jgZTms6jmlofjga/jgrPjgrPjgpLjgq/jg6rjg4Pjgq/vvIEiPjxiciAvPjxiciAvPgo8dGFibGUgYm9yZGVyPSIxIiBib3JkZXJjb2xvcj0iIzk5OSIgY2VsbHBhZGRpbmc9IjAiIGNlbGxzcGFjaW5nPSIwIj4KPHRyPgo8dGg+44Kr44Op44O8PC90aD4KPHRkPgrjg5njg7zjgrjjg6UKPC90ZD4KPC90cj4KPHRyPgo8dGg+6KaP5qC844K144Kk44K677yI5a6f5a+477yJPC90aD4KPHRkPgrnnYDkuIjvvJpT77yPNjBjbeOAgU3vvI82MS41Y23jgIFM77yPNjNjbeOAgUxM77yPNjQuNWNtPGJyIC8+CuiDuOWbnuOCiu+8mlPvvI83NmNt44CBTe+8jzgyY23jgIFM77yPODhjbeOAgUxM77yPOTRjbTxiciAvPgrogqnluYXvvJpT77yPMzFjbeOAgU3vvI8zM2Nt44CBTO+8jzM1Y23jgIFMTO+8jzM3Y208YnIgLz4K6KKW5LiI77yaU++8jzQyLjVjbeOAgU3vvI80My41Y23jgIFM77yPNDQuNWNt44CBTEzvvI80NS41Y20KPC90ZD4KPC90cj4KPHRyPgo8dGg+57Sg5p2QPC90aD4KPHRkPgrjg53jg6rjgqjjgrnjg4bjg6s5Me+8hSDjg7vmjIflrprlpJbnuYrntq3vvIjjg5bjg6zjgrnjgrXjg7zjg6LvvIk577yFCjwvdGQ+CjwvdHI+Cjx0cj4KPHRoPuijvemAoOWFgzwvdGg+Cjx0ZD4K44Of44K644OO5qCq5byP5Lya56S+CjwvdGQ+CjwvdHI+Cjx0cj4KPHRoPuaknOe0oueUqOaWh+iogDwvdGg+Cjx0ZD4KTWl6dW5vIOODn+OCuuODjiDjg5bjg6zjgrnjgrXjg7zjg6Ig44Ko44OW44OqIOODqeOCpuODs+ODieODjeODg+OCr+S4g+WIhuiiluOCt+ODo+ODhCjjg6zjg4fjgqPjg7zjgrkpIOODmeODvOOCuOODpVtDMkpBNTgwMjQ5XSw0OTA3Mzc2ODk2NzYyLDQ5MDczNzY4OTY4MzAsNDkwNzM3Njg5Njg0Nyw0OTA3Mzc2ODk3NTA5CjwvdGQ+CjwvdHI+Cjx0cj4KPHRoPuW6g+WRiuaWh+iyrDwvdGg+Cjx0ZD4K5qCq5byP5Lya56S+44Kx44Oz44Kz44O844Ko44Kv44K544OX44Os44K5IFRFTDowMy02NDExLTU1MTMKPC90ZD4KPC90cj4KPC90YWJsZT4=,TWl6dW5vIOODn+OCuuODjiDjg5bjg6zjgrnjgrXjg7zjg6Ig44Ko44OW44OqIOODqeOCpuODs+ODieODjeODg+OCr+S4g+WIhuiiluOCt+ODo+ODhCjjg6zjg4fjgqPjg7zjgrkpIOODmeODvOOCuOODpVtDMkpBNTgwMjQ5Xe+8iOeZuueGseOCpOODs+ODiuODvO+8ie+8muWBpeW6t+OCqOOCr+OCueODl+ODrOOCuQ==,6YCa5L+h6LKp5aOy6YCa6LKp44K344On44OD44OU44Oz44Kw44Kq44Oz44Op44Kk44Oz44K344On44OD44OU44Oz44Kw6LK344GE54mp44OX44Os44K844Oz44OI44Ku44OV44OI6LSI44KK54mp6LSI562U5ZOB44GK5Lit5YWD44GK5q2z5pqu44GK6LK344GE5b6X44Ki44Ks44Oq44Kv44K55LuZ55Sf6Zyy44Oh44K344Oe44Kz44OW6Iqx44Gz44KJ44Gf44GRQUhDQ+OCouODreOCqOadvuWvv+S7meOCs+OCqOODs+OCtuOCpOODoOWBpeW6t+OCqOOCr+OCueODl+ODrOOCuUNQTFJvQ+OCguOBmuOBj+ODleOCs+OCpOODgOODs+ODrOODs+ODgeODs+S4h+eUsOmFtee0oOODl+ODreODneODquOCueOCt+ODvOODleOCs+OCpOODgOODs+OCpuOCs+ODs+m7kumFouODq+ODn+ODs0FNaXp1bm8g44Of44K644OOIOODluODrOOCueOCteODvOODoiDjgqjjg5bjg6og44Op44Km44Oz44OJ44ON44OD44Kv5LiD5YiG6KKW44K344Oj44OEKOODrOODh+OCo+ODvOOCuSkg44OZ44O844K444OlW0MySkE1ODAyNDld77yI55m654ax44Kk44Oz44OK44O877yJ,552A5b+D5Zyw6Lu944KE44GL44Gn44CB5Z6L44GP44Ga44KM44GX44Gr44GP44GE6JaE5omL44K/44Kk44OX44CC44CCTWl6dW5vIOODn+OCuuODjiDjg5bjg6zjgrnjgrXjg7zjg6Ig44Ko44OW44OqIOODqeOCpuODs+ODieODjeODg+OCr+S4g+WIhuiiluOCt+ODo+ODhCjjg6zjg4fjgqPjg7zjgrkpIOODmeODvOOCuOODpVtDMkpBNTgwMjQ5Xe+8iOeZuueGseOCpOODs+ODiuODvO+8iQ==[rn]
17-128254,aHR0cDovL3RzaG9wLnIxMHMuanAva2Vua29leC9jYWJpbmV0LzExNzQvNjZkMzdjMTQ2MGM4MzczZWJmXzEuanBnP2ZpdGluPTcwMDo3MDA=,MTQ0MC4wMDAw,,44K544Od44O844OE44O744Ki44Km44OI44OJ44KiID4g44K544Od44O844OE44Km44Kn44Ki44O744Ki44Kv44K744K144Oq44O8ID4g44K544Od44O844OE55So44Kk44Oz44OK44O8ID4g44Oh44Oz44K644Kk44Oz44OK44O8ID4g44OI44OD44OX44K5,44CQ44KG44GG44Oh44O844Or5L6/77yB6YCB5paZ54Sh5paZ44CRTWl6dW5vIOODn+OCuuODjiDjg5bjg6zjgrnjgrXjg7zjg6Ig44Ko44OW44OqIOODqeOCpuODs+ODieODjeODg+OCr+S4g+WIhuiiluOCt+ODo+ODhCjjg6zjg4fjgqPjg7zjgrkpIOODmeODvOOCuOODpVtDMkpBNTgwMjQ5Xe+8iOeZuueGseOCpOODs+ODiuODvO+8iQ==,,PGltZyBzcmM9Imh0dHA6Ly9pbWFnZS5yYWt1dGVuLmNvLmpwL2tlbmtvZXgvY2FiaW5ldC9mdXRzdWJpbl9rb2NoaXJhLmpwZyIgYWx0PSLmma7pgJrkvr8o5a6F6YWNKeOBp+OBruOBlOazqOaWh+OBr+OCs+OCs+OCkuOCr+ODquODg+OCr++8gSI+PGJyIC8+PGJyIC8+Cjx0YWJsZSBib3JkZXI9IjEiIGJvcmRlcmNvbG9yPSIjOTk5IiBjZWxscGFkZGluZz0iMCIgY2VsbHNwYWNpbmc9IjAiPgo8dHI+Cjx0aD7jgqvjg6njg7w8L3RoPgo8dGQ+CuODmeODvOOCuOODpQo8L3RkPgo8L3RyPgo8dHI+Cjx0aD7opo/moLzjgrXjgqTjgrrvvIjlrp/lr7jvvIk8L3RoPgo8dGQ+CuedgOS4iO+8mlPvvI82MGNt44CBTe+8jzYxLjVjbeOAgUzvvI82M2Nt44CBTEzvvI82NC41Y208YnIgLz4K6IO45Zue44KK77yaU++8jzc2Y23jgIFN77yPODJjbeOAgUzvvI84OGNt44CBTEzvvI85NGNtPGJyIC8+CuiCqeW5he+8mlPvvI8zMWNt44CBTe+8jzMzY23jgIFM77yPMzVjbeOAgUxM77yPMzdjbTxiciAvPgroopbkuIjvvJpT77yPNDIuNWNt44CBTe+8jzQzLjVjbeOAgUzvvI80NC41Y23jgIFMTO+8jzQ1LjVjbQo8L3RkPgo8L3RyPgo8dHI+Cjx0aD7ntKDmnZA8L3RoPgo8dGQ+CuODneODquOCqOOCueODhuODqzkx77yFIOODu+aMh+WumuWklue5iue2re+8iOODluODrOOCueOCteODvOODou+8iTnvvIUKPC90ZD4KPC90cj4KPHRyPgo8dGg+6KO96YCg5YWDPC90aD4KPHRkPgrjg5/jgrrjg47moKrlvI/kvJrnpL4KPC90ZD4KPC90cj4KPHRyPgo8dGg+5qSc57Si55So5paH6KiAPC90aD4KPHRkPgrjgJDjgobjgYbjg6Hjg7zjg6vkvr/vvIHpgIHmlpnnhKHmlpnjgJFNaXp1bm8g44Of44K644OOIOODluODrOOCueOCteODvOODoiDjgqjjg5bjg6og44Op44Km44Oz44OJ44ON44OD44Kv5LiD5YiG6KKW44K344Oj44OEKOODrOODh+OCo+ODvOOCuSkg44OZ44O844K444OlW0MySkE1ODAyNDldLCwsLAo8L3RkPgo8L3RyPgo8dHI+Cjx0aD7luoPlkYrmlofosqw8L3RoPgo8dGQ+CuagquW8j+S8muekvuOCseODs+OCs+ODvOOCqOOCr+OCueODl+ODrOOCuSBURUw6MDMtNjQxMS01NTEzCjwvdGQ+CjwvdHI+CjwvdGFibGU+,44CQ44KG44GG44Oh44O844Or5L6/77yB6YCB5paZ54Sh5paZ44CRTWl6dW5vIOODn+OCuuODjiDjg5bjg6zjgrnjgrXjg7zjg6Ig44Ko44OW44OqIOODqeOCpuODs+ODieODjeODg+OCr+S4g+WIhuiiluOCt+ODo+ODhCjjg6zjg4fjgqPjg7zjgrkpIOODmeODvOOCuOODpVtDMkpBNTgwMjQ5Xe+8iOeZuueGseOCpOODs+ODiuODvO+8ie+8muWBpeW6t+OCqOOCr+OCueODl+ODrOOCuQ==,6YCa5L+h6LKp5aOy6YCa6LKp44K344On44OD44OU44Oz44Kw44Kq44Oz44Op44Kk44Oz44K344On44OD44OU44Oz44Kw6LK344GE54mp44OX44Os44K844Oz44OI44Ku44OV44OI6LSI44KK54mp6LSI562U5ZOB44GK5Lit5YWD44GK5q2z5pqu44GK6LK344GE5b6X44Ki44Ks44Oq44Kv44K55LuZ55Sf6Zyy44Oh44K344Oe44Kz44OW6Iqx44Gz44KJ44Gf44GRQUhDQ+OCouODreOCqOadvuWvv+S7meOCs+OCqOODs+OCtuOCpOODoOWBpeW6t+OCqOOCr+OCueODl+ODrOOCuUNQTFJvQ+OCguOBmuOBj+ODleOCs+OCpOODgOODs+ODrOODs+ODgeODs+S4h+eUsOmFtee0oOODl+ODreODneODquOCueOCt+ODvOODleOCs+OCpOODgOODs+OCpuOCs+ODs+m7kumFouODq+ODn+ODs0HjgJDjgobjgYbjg6Hjg7zjg6vkvr/vvIHpgIHmlpnnhKHmlpnjgJFNaXp1bm8g44Of44K644OOIOODluODrOOCueOCteODvOODoiDjgqjjg5bjg6og44Op44Km44Oz44OJ44ON44OD44Kv5LiD5YiG6KKW44K344Oj44OEKOODrOODh+OCo+ODvOOCuSkg44OZ44O844K444OlW0MySkE1ODAyNDld77yI55m654ax44Kk44Oz44OK44O877yJ,552A5b+D5Zyw6Lu944KE44GL44Gn44CB5Z6L44GP44Ga44KM44GX44Gr44GP44GE6JaE5omL44K/44Kk44OX44CC44CC44CQ44KG44GG44Oh44O844Or5L6/77yB6YCB5paZ54Sh5paZ44CRTWl6dW5vIOODn+OCuuODjiDjg5bjg6zjgrnjgrXjg7zjg6Ig44Ko44OW44OqIOODqeOCpuODs+ODieODjeODg+OCr+S4g+WIhuiiluOCt+ODo+ODhCjjg6zjg4fjgqPjg7zjgrkpIOODmeODvOOCuOODpVtDMkpBNTgwMjQ5Xe+8iOeZuueGseOCpOODs+ODiuODvO+8iQ==[rn]
17-128255,aHR0cDovL3RzaG9wLnIxMHMuanAva2Vua29leC9jYWJpbmV0LzExNzQvMTE3NC1hMmphNjUxOTE0XzEuanBnP2ZpdGluPTcwMDo3MDA=,NzIwMC4wMDAw,,44K544Od44O844OE44O744Ki44Km44OI44OJ44KiID4g44K544Od44O844OE44Km44Kn44Ki44O744Ki44Kv44K744K144Oq44O8ID4g44K544Od44O844OE55So44Kk44Oz44OK44O8ID4g44Oh44Oz44K644Kk44Oz44OK44O8ID4g44OI44OD44OX44K5,TWl6dW5vIOODn+OCuuODjiDjg6Hjg6rjg47jgqbjg7zjg6vjg5zjg7zjg4Djg7zjgq/jg6vjg7zjg43jg4Pjgq/jgrfjg6Pjg4Qg6JaE5omLIOODluODrOOCueOCteODvOODoue0oOadkCDjg6Hjg7PjgrrvvI/vvIjjg43jgqTjg5Pjg7zvvIlbQTJKQTY1MTkxNF0=,,PHRhYmxlIGJvcmRlcj0iMSIgYm9yZGVyY29sb3I9IiM5OTkiIGNlbGxwYWRkaW5nPSIwIiBjZWxsc3BhY2luZz0iMCI+Cjx0cj4KPHRoPuOCq+ODqeODvDwvdGg+Cjx0ZD4K44ON44Kk44OT44O8CjwvdGQ+CjwvdHI+Cjx0cj4KPHRoPue0oOadkDwvdGg+Cjx0ZD4K44Od44Oq44Ko44K544OG44OrNTbvvIXjg7vmr5szNO+8heODu+aMh+WumuWklue5iue2re+8iOODluODrOOCueOCteODvOODou+8iTEw77yFCjwvdGQ+CjwvdHI+Cjx0cj4KPHRoPuimj+agvOOCteOCpOOCuu+8iOWun+WvuO+8iTwvdGg+Cjx0ZD4K552A5LiI77yaU++8jzY1Y23jgIFN77yPNjdjbeOAgUzvvI82OWNt44CBWEzvvI83MWNt44CBMlhM77yPNzNjbTxiciAvPgrog7jlm57jgorvvJpT77yPMTAxY23jgIFN77yPMTA1Y23jgIFM77yPMTA5Y23jgIFYTO+8jzExM2Nt44CBMlhM77yPMTE3Y208YnIgLz4K6IKp5bmF77yaU++8jzQ1LjJjbeOAgU3vvI80Ni42Y23jgIFM77yPNDhjbeOAgVhM77yPNDkuNGNt44CBMlhM77yPNTAuOGNtPGJyIC8+CuiiluS4iO+8mlPvvI81NS41Y23jgIFN77yPNTdjbeOAgUzvvI81OC41Y23jgIFYTO+8jzYwY23jgIEyWEzvvI82MS41Y20KPC90ZD4KPC90cj4KPHRyPgo8dGg+6KO96YCg5YWDPC90aD4KPHRkPgrjg5/jgrrjg47moKrlvI/kvJrnpL4KPC90ZD4KPC90cj4KPHRyPgo8dGg+5qSc57Si55So5paH6KiAPC90aD4KPHRkPgpNaXp1bm8g44Of44K644OOIOODoeODquODjuOCpuODvOODq+ODnOODvOODgOODvOOCr+ODq+ODvOODjeODg+OCr+OCt+ODo+ODhCDoloTmiYsg44OW44Os44K544K144O844Oi57Sg5p2QIOODoeODs+OCuu+8j++8iOODjeOCpOODk+ODvO+8iVtBMkpBNjUxOTE0XSw0OTU0NjM4MjMwMTQ3LDQ5NTQ2MzgyMzAyMjIsNDk1NDYzODIzMDMwNwo8L3RkPgo8L3RyPgo8dHI+Cjx0aD7luoPlkYrmlofosqw8L3RoPgo8dGQ+CuagquW8j+S8muekvuOCseODs+OCs+ODvOOCqOOCr+OCueODl+ODrOOCuSBURUw6MDMtNjQxMS01NTEzCjwvdGQ+CjwvdHI+CjwvdGFibGU+,TWl6dW5vIOODn+OCuuODjiDjg6Hjg6rjg47jgqbjg7zjg6vjg5zjg7zjg4Djg7zjgq/jg6vjg7zjg43jg4Pjgq/jgrfjg6Pjg4Qg6JaE5omLIOODluODrOOCueOCteODvOODoue0oOadkCDjg6Hjg7PjgrrvvI/vvIjjg43jgqTjg5Pjg7zvvIlbQTJKQTY1MTkxNF3vvJrlgaXlurfjgqjjgq/jgrnjg5fjg6zjgrk=,6YCa5L+h6LKp5aOy6YCa6LKp44K344On44OD44OU44Oz44Kw44Kq44Oz44Op44Kk44Oz44K344On44OD44OU44Oz44Kw6LK344GE54mp44OX44Os44K844Oz44OI44Ku44OV44OI6LSI44KK54mp6LSI562U5ZOB44GK5Lit5YWD44GK5q2z5pqu44GK6LK344GE5b6X44Ki44Ks44Oq44Kv44K55LuZ55Sf6Zyy44Oh44K344Oe44Kz44OW6Iqx44Gz44KJ44Gf44GRQUhDQ+OCouODreOCqOadvuWvv+S7meOCs+OCqOODs+OCtuOCpOODoOWBpeW6t+OCqOOCr+OCueODl+ODrOOCuUNQTFJvQ+OCguOBmuOBj+ODleOCs+OCpOODgOODs+ODrOODs+ODgeODs+S4h+eUsOmFtee0oOODl+ODreODneODquOCueOCt+ODvOODleOCs+OCpOODgOODs+OCpuOCs+ODs+m7kumFouODq+ODn+ODs0FNaXp1bm8g44Of44K644OOIOODoeODquODjuOCpuODvOODq+ODnOODvOODgOODvOOCr+ODq+ODvOODjeODg+OCr+OCt+ODo+ODhCDoloTmiYsg44OW44Os44K544K144O844Oi57Sg5p2QIOODoeODs+OCuu+8j++8iOODjeOCpOODk+ODvO+8iVtBMkpBNjUxOTE0XQ==,44Kq44O844Or44K344O844K644Oz5a++5b+c44Gu6JaE5omL44Km44O844Or44Ki44Oz44OA44O844Km44Ko44Ki44CCTWl6dW5vIOODn+OCuuODjiDjg6Hjg6rjg47jgqbjg7zjg6vjg5zjg7zjg4Djg7zjgq/jg6vjg7zjg43jg4Pjgq/jgrfjg6Pjg4Qg6JaE5omLIOODluODrOOCueOCteODvOODoue0oOadkCDjg6Hjg7PjgrrvvI/vvIjjg43jgqTjg5Pjg7zvvIlbQTJKQTY1MTkxNF0=[rn]
17-128256,aHR0cDovL3RzaG9wLnIxMHMuanAva2Vua29leC9jYWJpbmV0LzExNzQvYTRjNTY3YWEwMzNlNWJjM2FmXzEuanBnP2ZpdGluPTcwMDo3MDA=,MjMyMC4wMDAw,,44K544Od44O844OE44O744Ki44Km44OI44OJ44KiID4g44K544Od44O844OE44Km44Kn44Ki44O744Ki44Kv44K744K144Oq44O8ID4g44K544Od44O844OE55So44Kk44Oz44OK44O8ID4g44Oh44Oz44K644Kk44Oz44OK44O8ID4g44OI44OD44OX44K5,44CQ44KG44GG44Oh44O844Or5L6/77yB6YCB5paZ54Sh5paZ44CRTWl6dW5vIOODn+OCuuODjiDjgrfjg6Pjg4TvvIjjg4/jgqTjg43jg4Pjgq/vvInjg5bjg6zjgrnjgrXjg7zjg6LntKDmnZAg44Oh44Oz44K677yP44Om44OL44K744OD44Kv44K577yI44OH44Kj44O844OX44ON44Kk44OT44O877yJWzMyTUE2NjQyMTRd,,PGltZyBzcmM9Imh0dHA6Ly9pbWFnZS5yYWt1dGVuLmNvLmpwL2tlbmtvZXgvY2FiaW5ldC9mdXRzdWJpbl9rb2NoaXJhLmpwZyIgYWx0PSLmma7pgJrkvr8o5a6F6YWNKeOBp+OBruOBlOazqOaWh+OBr+OCs+OCs+OCkuOCr+ODquODg+OCr++8gSI+PGJyIC8+PGJyIC8+Cjx0YWJsZSBib3JkZXI9IjEiIGJvcmRlcmNvbG9yPSIjOTk5IiBjZWxscGFkZGluZz0iMCIgY2VsbHNwYWNpbmc9IjAiPgo8dHI+Cjx0aD7jgqvjg6njg7w8L3RoPgo8dGQ+CuODh+OCo+ODvOODl+ODjeOCpOODk+ODvAo8L3RkPgo8L3RyPgo8dHI+Cjx0aD7ntKDmnZA8L3RoPgo8dGQ+CuODneODquOCqOOCueODhuODqzc577yF44O744Os44O844Oo44OzMTbvvIXjg7vmjIflrprlpJbnuYrntq3vvIjjg5bjg6zjgrnjgrXjg7zjg6LvvIk177yFCjwvdGQ+CjwvdHI+Cjx0cj4KPHRoPuimj+agvOOCteOCpOOCuu+8iOWun+WvuO+8iTwvdGg+Cjx0ZD4K552A5LiI77yaU++8jzY1LjVjbeOAgU3vvI82Ny41Y23jgIFM77yPNjkuNWNt44CBWEzvvI83MS41Y23jgIEyWEzvvI83My41Y208YnIgLz4K6IO45Zue44KK77yaU++8jzEwMWNt44CBTe+8jzEwNWNt44CBTO+8jzEwOWNt44CBWEzvvI8xMTNjbeOAgTJYTO+8jzExN2NtPGJyIC8+CuiCqeW5he+8mlPvvI80NS4yY23jgIFN77yPNDYuNmNt44CBTO+8jzQ4Y23jgIFYTO+8jzQ5LjRjbeOAgTJYTO+8jzUwLjhjbTxiciAvPgroopbkuIjvvJpT77yPNTUuNWNt44CBTe+8jzU3Y23jgIFM77yPNTguNWNt44CBWEzvvI82MGNt44CBMlhM77yPNjEuNWNtPGJyIC8+CuKAu+OBk+OBoeOCieODpuODi+OCu+ODg+OCr+OCueOBruWVhuWTgeOBq+OBquOCiuOBvuOBmeOAguWVhuWTgeimj+agvOOBr+eUt+aAp+OCteOCpOOCuuOBp+OBmeOAgjxiciAvPgrlpbPmgKfjga7mlrnjga7loLTlkIjjga/jgIHjg6/jg7PjgrXjgqTjgrrnqIvluqblsI/jgZXjgoHjgYvpganlkIgv6KaP5qC844K144Kk44K644KC44GU5Y+C6ICD44Gu44GG44GI44GK6YG444Gz5LiL44GV44GE44CCCjwvdGQ+CjwvdHI+Cjx0cj4KPHRoPuijvemAoOWFgzwvdGg+Cjx0ZD4K44Of44K644OO5qCq5byP5Lya56S+CjwvdGQ+CjwvdHI+Cjx0cj4KPHRoPuaknOe0oueUqOaWh+iogDwvdGg+Cjx0ZD4K44CQ44KG44GG44Oh44O844Or5L6/77yB6YCB5paZ54Sh5paZ44CRTWl6dW5vIOODn+OCuuODjiDjgrfjg6Pjg4TvvIjjg4/jgqTjg43jg4Pjgq/vvInjg5bjg6zjgrnjgrXjg7zjg6LntKDmnZAg44Oh44Oz44K677yP44Om44OL44K744OD44Kv44K577yI44OH44Kj44O844OX44ON44Kk44OT44O877yJWzMyTUE2NjQyMTRdLCwsCjwvdGQ+CjwvdHI+Cjx0cj4KPHRoPuW6g+WRiuaWh+iyrDwvdGg+Cjx0ZD4K5qCq5byP5Lya56S+44Kx44Oz44Kz44O844Ko44Kv44K544OX44Os44K5IFRFTDowMy02NDExLTU1MTMKPC90ZD4KPC90cj4KPC90YWJsZT4=,44CQ44KG44GG44Oh44O844Or5L6/77yB6YCB5paZ54Sh5paZ44CRTWl6dW5vIOODn+OCuuODjiDjgrfjg6Pjg4TvvIjjg4/jgqTjg43jg4Pjgq/vvInjg5bjg6zjgrnjgrXjg7zjg6LntKDmnZAg44Oh44Oz44K677yP44Om44OL44K744OD44Kv44K577yI44OH44Kj44O844OX44ON44Kk44OT44O877yJWzMyTUE2NjQyMTRd77ya5YGl5bq344Ko44Kv44K544OX44Os44K5,6YCa5L+h6LKp5aOy6YCa6LKp44K344On44OD44OU44Oz44Kw44Kq44Oz44Op44Kk44Oz44K344On44OD44OU44Oz44Kw6LK344GE54mp44OX44Os44K844Oz44OI44Ku44OV44OI6LSI44KK54mp6LSI562U5ZOB44GK5Lit5YWD44GK5q2z5pqu44GK6LK344GE5b6X44Ki44Ks44Oq44Kv44K55LuZ55Sf6Zyy44Oh44K344Oe44Kz44OW6Iqx44Gz44KJ44Gf44GRQUhDQ+OCouODreOCqOadvuWvv+S7meOCs+OCqOODs+OCtuOCpOODoOWBpeW6t+OCqOOCr+OCueODl+ODrOOCuUNQTFJvQ+OCguOBmuOBj+ODleOCs+OCpOODgOODs+ODrOODs+ODgeODs+S4h+eUsOmFtee0oOODl+ODreODneODquOCueOCt+ODvOODleOCs+OCpOODgOODs+OCpuOCs+ODs+m7kumFouODq+ODn+ODs0HjgJDjgobjgYbjg6Hjg7zjg6vkvr/vvIHpgIHmlpnnhKHmlpnjgJFNaXp1bm8g44Of44K644OOIOOCt+ODo+ODhO+8iOODj+OCpOODjeODg+OCr++8ieODluODrOOCueOCteODvOODoue0oOadkCDjg6Hjg7PjgrrvvI/jg6bjg4vjgrvjg4Pjgq/jgrnvvIjjg4fjgqPjg7zjg5fjg43jgqTjg5Pjg7zvvIlbMzJNQTY2NDIxNF0=,44OW44Os44K544K144O844Oi57Sg5p2Q44Gu44K344Oz44OX44Or44K344Oj44OE44K344Oq44O844K677yB44OP44Kk44ON44OD44Kv44K/44Kk44OX44CC44CQ44KG44GG44Oh44O844Or5L6/77yB6YCB5paZ54Sh5paZ44CRTWl6dW5vIOODn+OCuuODjiDjgrfjg6Pjg4TvvIjjg4/jgqTjg43jg4Pjgq/vvInjg5bjg6zjgrnjgrXjg7zjg6LntKDmnZAg44Oh44Oz44K677yP44Om44OL44K744OD44Kv44K577yI44OH44Kj44O844OX44ON44Kk44OT44O877yJWzMyTUE2NjQyMTRd[rn]
17-128257,aHR0cDovL3RzaG9wLnIxMHMuanAva2Vua29leC9jYWJpbmV0LzExNzQvNzkzYWU5Zjc2YWJkMjUwMGNjXzEuanBnP2ZpdGluPTcwMDo3MDA=,MjgwMC4wMDAw,,44K544Od44O844OE44O744Ki44Km44OI44OJ44KiID4g44K544Od44O844OE44Km44Kn44Ki44O744Ki44Kv44K744K144Oq44O8ID4g44K544Od44O844OE55So44Kk44Oz44OK44O8ID4g44Oh44Oz44K644Kk44Oz44OK44O8ID4g44OI44OD44OX44K5,44CQ44KG44GG44Oh44O844Or5L6/77yB6YCB5paZ54Sh5paZ44CRTWl6dW5vIOODn+OCuuODjiDjg5bjg6zjgrnjgrXjg7zjg6Ljgqjjg5bjg6rjg5fjg6njgrkg44OP44Kk44ON44OD44Kv6ZW36KKW44K344Oj44OE77yI44OW44Op44OD44Kv77yJIOS4reWOmuOCv+OCpOODlyDjg6Hjg7PjgrpbQzJKQTY2NDIwOV0=,,PGltZyBzcmM9Imh0dHA6Ly9pbWFnZS5yYWt1dGVuLmNvLmpwL2tlbmtvZXgvY2FiaW5ldC9mdXRzdWJpbl9rb2NoaXJhLmpwZyIgYWx0PSLmma7pgJrkvr8o5a6F6YWNKeOBp+OBruOBlOazqOaWh+OBr+OCs+OCs+OCkuOCr+ODquODg+OCr++8gSI+PGJyIC8+PGJyIC8+Cjx0YWJsZSBib3JkZXI9IjEiIGJvcmRlcmNvbG9yPSIjOTk5IiBjZWxscGFkZGluZz0iMCIgY2VsbHNwYWNpbmc9IjAiPgo8dHI+Cjx0aD7jgqvjg6njg7w8L3RoPgo8dGQ+CuODluODqeODg+OCrwo8L3RkPgo8L3RyPgo8dHI+Cjx0aD7opo/moLzjgrXjgqTjgrrvvIjlrp/lr7jvvIk8L3RoPgo8dGQ+CuedgOS4iO+8mlPvvI82NWNt44CBTe+8jzY4Y23jgIFM77yPNzFjbeOAgUxM77yPNzIuNWNtPGJyIC8+CuiDuOWbnuOCiu+8mlPvvI84NWNt44CBTe+8jzkyY23jgIFM77yPOTljbeOAgUxM77yPMTA2Y208YnIgLz4K6IKp5bmF77yaU++8jzM3Y23jgIFN77yPNDBjbeOAgUzvvI80M2Nt44CBTEzvvI80NmNtPGJyIC8+CuiiluS4iO+8mlPvvI81M2Nt44CBTe+8jzU1LjVjbeOAgUzvvI81OGNt44CBTEzvvI81OS41Y20KPC90ZD4KPC90cj4KPHRyPgo8dGg+57Sg5p2QPC90aD4KPHRkPgrjg53jg6rjgqjjgrnjg4bjg6s5MO+8heODu+aMh+WumuWklue5iue2re+8iOODluODrOOCueOCteODvOODou+8iTEw77yFCjwvdGQ+CjwvdHI+Cjx0cj4KPHRoPuijvemAoOWFgzwvdGg+Cjx0ZD4K44Of44K644OO5qCq5byP5Lya56S+CjwvdGQ+CjwvdHI+Cjx0cj4KPHRoPuaknOe0oueUqOaWh+iogDwvdGg+Cjx0ZD4K44CQ44KG44GG44Oh44O844Or5L6/77yB6YCB5paZ54Sh5paZ44CRTWl6dW5vIOODn+OCuuODjiDjg5bjg6zjgrnjgrXjg7zjg6Ljgqjjg5bjg6rjg5fjg6njgrkg44OP44Kk44ON44OD44Kv6ZW36KKW44K344Oj44OE77yI44OW44Op44OD44Kv77yJIOS4reWOmuOCv+OCpOODlyDjg6Hjg7PjgrpbQzJKQTY2NDIwOV0sLCwKPC90ZD4KPC90cj4KPHRyPgo8dGg+5bqD5ZGK5paH6LKsPC90aD4KPHRkPgrmoKrlvI/kvJrnpL7jgrHjg7PjgrPjg7zjgqjjgq/jgrnjg5fjg6zjgrkgVEVMOjAzLTY0MTEtNTUxMwo8L3RkPgo8L3RyPgo8L3RhYmxlPg==,44CQ44KG44GG44Oh44O844Or5L6/77yB6YCB5paZ54Sh5paZ44CRTWl6dW5vIOODn+OCuuODjiDjg5bjg6zjgrnjgrXjg7zjg6Ljgqjjg5bjg6rjg5fjg6njgrkg44OP44Kk44ON44OD44Kv6ZW36KKW44K344Oj44OE77yI44OW44Op44OD44Kv77yJIOS4reWOmuOCv+OCpOODlyDjg6Hjg7PjgrpbQzJKQTY2NDIwOV3vvJrlgaXlurfjgqjjgq/jgrnjg5fjg6zjgrk=,6YCa5L+h6LKp5aOy6YCa6LKp44K344On44OD44OU44Oz44Kw44Kq44Oz44Op44Kk44Oz44K344On44OD44OU44Oz44Kw6LK344GE54mp44OX44Os44K844Oz44OI44Ku44OV44OI6LSI44KK54mp6LSI562U5ZOB44GK5Lit5YWD44GK5q2z5pqu44GK6LK344GE5b6X44Ki44Ks44Oq44Kv44K55LuZ55Sf6Zyy44Oh44K344Oe44Kz44OW6Iqx44Gz44KJ44Gf44GRQUhDQ+OCouODreOCqOadvuWvv+S7meOCs+OCqOODs+OCtuOCpOODoOWBpeW6t+OCqOOCr+OCueODl+ODrOOCuUNQTFJvQ+OCguOBmuOBj+ODleOCs+OCpOODgOODs+ODrOODs+ODgeODs+S4h+eUsOmFtee0oOODl+ODreODneODquOCueOCt+ODvOODleOCs+OCpOODgOODs+OCpuOCs+ODs+m7kumFouODq+ODn+ODs0HjgJDjgobjgYbjg6Hjg7zjg6vkvr/vvIHpgIHmlpnnhKHmlpnjgJFNaXp1bm8g44Of44K644OOIOODluODrOOCueOCteODvOODouOCqOODluODquODl+ODqeOCuSDjg4/jgqTjg43jg4Pjgq/plbfoopbjgrfjg6Pjg4TvvIjjg5bjg6njg4Pjgq/vvIkg5Lit5Y6a44K/44Kk44OXIOODoeODs+OCultDMkpBNjY0MjA5XQ==,44OW44Os44K544K144O844Oi44Ko44OW44Oq44Gu5L+d5rip5Yqb44Gr44CB44KE44KP44KJ44GL44GE552A5b+D5Zyw44KS44OX44Op44K544CC44CC44CQ44KG44GG44Oh44O844Or5L6/77yB6YCB5paZ54Sh5paZ44CRTWl6dW5vIOODn+OCuuODjiDjg5bjg6zjgrnjgrXjg7zjg6Ljgqjjg5bjg6rjg5fjg6njgrkg44OP44Kk44ON44OD44Kv6ZW36KKW44K344Oj44OE77yI44OW44Op44OD44Kv77yJIOS4reWOmuOCv+OCpOODlyDjg6Hjg7PjgrpbQzJKQTY2NDIwOV0=[rn]
17-128258,aHR0cDovL3RzaG9wLnIxMHMuanAva2Vua29leC9jYWJpbmV0LzEyODAvMTI4MC00NTczMjg5NTM5ODQ1XzEuanBnP2ZpdGluPTcwMDo3MDA=,NDQ4MC4wMDAw,,44K544Od44O844OE44O744Ki44Km44OI44OJ44KiID4g44K544Od44O844OE44Km44Kn44Ki44O744Ki44Kv44K744K144Oq44O8ID4g44K544Od44O844OE55So44Kk44Oz44OK44O8ID4g44Oh44Oz44K644Kk44Oz44OK44O8ID4g44OI44OD44OX44K5,44CQVUEgU0FMRemWi+WCrCEhIOacgOWkpzMwJU9GRiHjgJFbVU5ERVIgQVJNRVJd44Ki44Oz44OA44O844Ki44O844Oe44O8IFBDSyBVQSBDT0xER0VBUiBBUk1PVVLjgrjjg6Pjgqvjg7zjg4lMU+OCr+ODq+ODvCBYTFtNQ00zMzUyXVvnlLfmgKfnlKhd77yI44Km44Kn44KiIOOCpuOCqOOCoiDmnI3vvIk=,,PHRhYmxlIGJvcmRlcj0iMSIgYm9yZGVyY29sb3I9IiM5OTkiIGNlbGxwYWRkaW5nPSIwIiBjZWxsc3BhY2luZz0iMCI+Cjx0cj4KPHRoPue0oOadkDwvdGg+Cjx0ZD4K44Od44Oq44Ko44K544OG44OrIDk0JSwg44Od44Oq44Km44Os44K/44OzIDYlCjwvdGQ+CjwvdHI+Cjx0cj4KPHRoPueUn+eUo+WbvTwvdGg+Cjx0ZD4K5Lit5Zu9PGJyIC8+Cgo8L3RkPgo8L3RyPgo8dHI+Cjx0aD7oo73pgKDlhYM8L3RoPgo8dGQ+CuOCouODs+ODgOODvOOCouODvOODnuODvO+8iOODieODvOODoOOCq+OCueOCv+ODnuODvOOCu+ODs+OCv+ODvFRFTO+8mjAxMjAtMTA2LTc4Nu+8iQo8L3RkPgo8L3RyPgo8dHI+Cjx0aD7mpJzntKLnlKjmlofoqIA8L3RoPgo8dGQ+CltVTkRFUiBBUk1FUl3jgqLjg7Pjg4Djg7zjgqLjg7zjg57jg7wgUENLIFVBIENPTERHRUFSIEFSTU9VUuOCuOODo+OCq+ODvOODiUxT44Kv44Or44O8IFhMWyNNQ00zMzUyXQo8L3RkPgo8L3RyPgo8dHI+Cjx0aD7luoPlkYrmlofosqw8L3RoPgo8dGQ+CuagquW8j+S8muekvuOCseODs+OCs+ODvOOCqOOCr+OCueODl+ODrOOCuSBURUw6MDMtNjQxMS01NTEzCjwvdGQ+CjwvdHI+CjwvdGFibGU+,44CQVUEgU0FMRemWi+WCrCEhIOacgOWkpzMwJU9GRiHjgJFbVU5ERVIgQVJNRVJd44Ki44Oz44OA44O844Ki44O844Oe44O8IFBDSyBVQSBDT0xER0VBUiBBUk1PVVLjgrjjg6Pjgqvjg7zjg4lMU+OCr+ODq+ODvCBYTFtNQ00zMzUyXVvnlLfmgKfnlKhd77yI44Km44Kn44KiIOOCpuOCqOOCoiDmnI3vvInvvJrlgaXlurfjgqjjgq/jgrnjg5fjg6zjgrk=,6YCa5L+h6LKp5aOy6YCa6LKp44K344On44OD44OU44Oz44Kw44Kq44Oz44Op44Kk44Oz44K344On44OD44OU44Oz44Kw6LK344GE54mp44OX44Os44K844Oz44OI44Ku44OV44OI6LSI44KK54mp6LSI562U5ZOB44GK5Lit5YWD44GK5q2z5pqu44GK6LK344GE5b6X44Ki44Ks44Oq44Kv44K55LuZ55Sf6Zyy44Oh44K344Oe44Kz44OW6Iqx44Gz44KJ44Gf44GRQUhDQ+OCouODreOCqOadvuWvv+S7meOCs+OCqOODs+OCtuOCpOODoOWBpeW6t+OCqOOCr+OCueODl+ODrOOCuUNQTFJvQ+OCguOBmuOBj+ODleOCs+OCpOODgOODs+ODrOODs+ODgeODs+S4h+eUsOmFtee0oOODl+ODreODneODquOCueOCt+ODvOODleOCs+OCpOODgOODs+OCpuOCs+ODs+m7kumFouODq+ODn+ODs0HjgJBVQSBTQUxF6ZaL5YKsISEg5pyA5aSnMzAlT0ZGIeOAkVtVTkRFUiBBUk1FUl3jgqLjg7Pjg4Djg7zjgqLjg7zjg57jg7wgUENLIFVBIENPTERHRUFSIEFSTU9VUuOCuOODo+OCq+ODvOODiUxT44Kv44Or44O8IFhMW01DTTMzNTJdW+eUt+aAp+eUqF3vvIjjgqbjgqfjgqIg44Km44Ko44KiIOacje+8iQ==,W1VOREVSIEFSTUVSXeOCouODs+ODgOODvOOCouODvOODnuODvCBQQ0sgVUEgQ+OAguOAkFVBIFNBTEXplovlgqwhISDmnIDlpKczMCVPRkYh44CRW1VOREVSIEFSTUVSXeOCouODs+ODgOODvOOCouODvOODnuODvCBQQ0sgVUEgQ09MREdFQVIgQVJNT1VS44K444Oj44Kr44O844OJTFPjgq/jg6vjg7wgWExbTUNNMzM1Ml1b55S35oCn55SoXe+8iOOCpuOCp+OCoiDjgqbjgqjjgqIg5pyN77yJ[rn]
17-128259,aHR0cDovL3RzaG9wLnIxMHMuanAva2Vua29leC9jYWJpbmV0LzExNzQvMTE3NC1jMmphNjY0MjA5XzEuanBnP2ZpdGluPTcwMDo3MDA=,MjgwMC4wMDAw,,44K544Od44O844OE44O744Ki44Km44OI44OJ44KiID4g44K544Od44O844OE44Km44Kn44Ki44O744Ki44Kv44K744K144Oq44O8ID4g44K544Od44O844OE55So44Kk44Oz44OK44O8ID4g44Oh44Oz44K644Kk44Oz44OK44O8ID4g44OI44OD44OX44K5,TWl6dW5vIOODn+OCuuODjiDjg5bjg6zjgrnjgrXjg7zjg6Ljgqjjg5bjg6rjg5fjg6njgrkg44OP44Kk44ON44OD44Kv6ZW36KKW44K344Oj44OE77yI44OW44Op44OD44Kv77yJIOS4reWOmuOCv+OCpOODlyDjg6Hjg7PjgrpbQzJKQTY2NDIwOV0=,,PGltZyBzcmM9Imh0dHA6Ly9pbWFnZS5yYWt1dGVuLmNvLmpwL2tlbmtvZXgvY2FiaW5ldC9tYWlsYmluX211cnlvLmpwZyIgYWx0PSLjg6Hjg7zjg6vkvr/vvIjpgIHmlpnnhKHmlpnvvInjgafjga7jgZTms6jmlofjga/jgrPjgrPjgpLjgq/jg6rjg4Pjgq/vvIEiPjxiciAvPjxiciAvPgo8dGFibGUgYm9yZGVyPSIxIiBib3JkZXJjb2xvcj0iIzk5OSIgY2VsbHBhZGRpbmc9IjAiIGNlbGxzcGFjaW5nPSIwIj4KPHRyPgo8dGg+44Kr44Op44O8PC90aD4KPHRkPgrjg5bjg6njg4Pjgq8KPC90ZD4KPC90cj4KPHRyPgo8dGg+6KaP5qC844K144Kk44K677yI5a6f5a+477yJPC90aD4KPHRkPgrnnYDkuIjvvJpT77yPNjVjbeOAgU3vvI82OGNt44CBTO+8jzcxY23jgIFMTO+8jzcyLjVjbTxiciAvPgrog7jlm57jgorvvJpT77yPODVjbeOAgU3vvI85MmNt44CBTO+8jzk5Y23jgIFMTO+8jzEwNmNtPGJyIC8+CuiCqeW5he+8mlPvvI8zN2Nt44CBTe+8jzQwY23jgIFM77yPNDNjbeOAgUxM77yPNDZjbTxiciAvPgroopbkuIjvvJpT77yPNTNjbeOAgU3vvI81NS41Y23jgIFM77yPNThjbeOAgUxM77yPNTkuNWNtCjwvdGQ+CjwvdHI+Cjx0cj4KPHRoPue0oOadkDwvdGg+Cjx0ZD4K44Od44Oq44Ko44K544OG44OrOTDvvIXjg7vmjIflrprlpJbnuYrntq3vvIjjg5bjg6zjgrnjgrXjg7zjg6LvvIkxMO+8hQo8L3RkPgo8L3RyPgo8dHI+Cjx0aD7oo73pgKDlhYM8L3RoPgo8dGQ+CuODn+OCuuODjuagquW8j+S8muekvgo8L3RkPgo8L3RyPgo8dHI+Cjx0aD7mpJzntKLnlKjmlofoqIA8L3RoPgo8dGQ+Ck1penVubyDjg5/jgrrjg44g44OW44Os44K544K144O844Oi44Ko44OW44Oq44OX44Op44K5IOODj+OCpOODjeODg+OCr+mVt+iiluOCt+ODo+ODhO+8iOODluODqeODg+OCr++8iSDkuK3ljprjgr/jgqTjg5cg44Oh44Oz44K6W0MySkE2NjQyMDldLDQ5NTQ2MzgwNDg3NzMsNDk1NDYzODA0ODc4MCw0OTU0NjM4MDQ4Nzk3CjwvdGQ+CjwvdHI+Cjx0cj4KPHRoPuW6g+WRiuaWh+iyrDwvdGg+Cjx0ZD4K5qCq5byP5Lya56S+44Kx44Oz44Kz44O844Ko44Kv44K544OX44Os44K5IFRFTDowMy02NDExLTU1MTMKPC90ZD4KPC90cj4KPC90YWJsZT4=,TWl6dW5vIOODn+OCuuODjiDjg5bjg6zjgrnjgrXjg7zjg6Ljgqjjg5bjg6rjg5fjg6njgrkg44OP44Kk44ON44OD44Kv6ZW36KKW44K344Oj44OE77yI44OW44Op44OD44Kv77yJIOS4reWOmuOCv+OCpOODlyDjg6Hjg7PjgrpbQzJKQTY2NDIwOV3vvJrlgaXlurfjgqjjgq/jgrnjg5fjg6zjgrk=,6YCa5L+h6LKp5aOy6YCa6LKp44K344On44OD44OU44Oz44Kw44Kq44Oz44Op44Kk44Oz44K344On44OD44OU44Oz44Kw6LK344GE54mp44OX44Os44K844Oz44OI44Ku44OV44OI6LSI44KK54mp6LSI562U5ZOB44GK5Lit5YWD44GK5q2z5pqu44GK6LK344GE5b6X44Ki44Ks44Oq44Kv44K55LuZ55Sf6Zyy44Oh44K344Oe44Kz44OW6Iqx44Gz44KJ44Gf44GRQUhDQ+OCouODreOCqOadvuWvv+S7meOCs+OCqOODs+OCtuOCpOODoOWBpeW6t+OCqOOCr+OCueODl+ODrOOCuUNQTFJvQ+OCguOBmuOBj+ODleOCs+OCpOODgOODs+ODrOODs+ODgeODs+S4h+eUsOmFtee0oOODl+ODreODneODquOCueOCt+ODvOODleOCs+OCpOODgOODs+OCpuOCs+ODs+m7kumFouODq+ODn+ODs0FNaXp1bm8g44Of44K644OOIOODluODrOOCueOCteODvOODouOCqOODluODquODl+ODqeOCuSDjg4/jgqTjg43jg4Pjgq/plbfoopbjgrfjg6Pjg4TvvIjjg5bjg6njg4Pjgq/vvIkg5Lit5Y6a44K/44Kk44OXIOODoeODs+OCultDMkpBNjY0MjA5XQ==,44OW44Os44K544K144O844Oi44Ko44OW44Oq44Gu5L+d5rip5Yqb44Gr44CB44KE44KP44KJ44GL44GE552A5b+D5Zyw44KS44OX44Op44K544CC44CCTWl6dW5vIOODn+OCuuODjiDjg5bjg6zjgrnjgrXjg7zjg6Ljgqjjg5bjg6rjg5fjg6njgrkg44OP44Kk44ON44OD44Kv6ZW36KKW44K344Oj44OE77yI44OW44Op44OD44Kv77yJIOS4reWOmuOCv+OCpOODlyDjg6Hjg7PjgrpbQzJKQTY2NDIwOV0=[rn]
17-128260,aHR0cDovL3RzaG9wLnIxMHMuanAva2Vua29leC9jYWJpbmV0L21penVuby80OTU0NjM5OTgxODcxLmpwZz9maXRpbj03MDA6NzAw,NDQ1OC40MDAw,,44K544Od44O844OE44O744Ki44Km44OI44OJ44KiID4g44K544Od44O844OE44Km44Kn44Ki44O744Ki44Kv44K744K144Oq44O8ID4g44K544Od44O844OE55So44Kk44Oz44OK44O8ID4g44Oh44Oz44K644Kk44Oz44OK44O8ID4g44OI44OD44OX44K5,44Of44K644OOIOODkOOCpOOCquOCruOCouODreODs+OCsOOCv+OCpOODhOOAjOODluODrOOCueOCteODvOODouOAjeOAjOOCtOODq+ODleWwgueUqOODu+eri+S9k+aIkOWei+OCv+OCpOODl+OAjeODoeODs+OCuu+8iOOCsOODrOODvO+8iSBNIFtBODZZTjk1NDA1XeOAkFrjgJEo44Of44K644OOIOODluODrOOCueOCteODvOODoik=,,44K544Od44O844OEICZndDsg44K544Od44O844OE5LiA6KanICZndDsg44K544Od44O844OE44Km44Kn44KiICZndDsg44Kz44Oz44OX44Os44OD44K344On44Oz44Km44Kn44Ki44O8ICZndDsg44Ot44Oz44Kw44K/44Kk44OEICZndDsg44Oh44Oz44K6PGJyPgrjg6Hjg7zjgqvjg7zliKUgJmd0OyDjg57ooYwgJmd0OyDjgJDjg5/jgJEgJmd0OyDjg5/jgrrjg47vvIhtaXp1bm/vvIkgJmd0OyDjg5bjg6zjgrnjgrXjg7zjg6IgJmd0OyDjg5DjgqTjgqrjgq7jgqLvvIvjg5bjg6zjgrnjgrXjg7zjg6I8YnI+Cjxicj48aW1nIHNyYz0iaHR0cHM6Ly9pbWFnZS5yYWt1dGVuLmNvLmpwL2NvbS9pbWcvcm1zL2NhYmluZXQvcmVjb21tZW5kX25ldy9pbWcwMDAwMDQ0NC5naWYiIGJvcmRlcj0iMCIgd2lkdGg9IjEwMCUiIC8+PGJyPjxicj4KCjxiPgrjg5DjgqTjgqrjgq7jgqLjgrfjg6rjg7zjgroKPC9iPgo8dGFibGU+Cjx0cj4KPHRkPgrjg5DjgqTjgqrjgq7jgqLjgrTjg6vjg5XlsILnlKjjgavjgIHlkLjmub/nmbrnhrHntKDmnZDjgpLjg5fjg6njgrnjgILli5XjgY3jgpLjgrnjg6Djg7zjgrrjgavjgZnjgovjgaDjgZHjgafjgarjgY/jgIHlr5LjgZXjgpLpmLLjgYTjgafjgY/jgozjgovnp4vlhqzjgrTjg6vjg5Xjga7lvLfjgYTlkbPmlrnjgaDjgII8YnI+CuWQuOa5v+eZuueGsee0oOadkOOAjOODluODrOOCueOCteODvOODouOAjcOX44K544Kk44Oz44Kw5qmf6IO944CCPGJyPgrjg5DjgqTjgqrjgq7jgqLjga/jgIHpq5jjgYTjgrnjg4jjg6zjg4Pjg4HmgKfjga7jgZ/jgoHjgIHjg4Tjg4Pjg5Hjg6rmhJ/jgpLou73muJvjgZfjgb7jgZnjgIIKPC90ZD4KPC90cj4KPC90YWJsZT4KPGltZyBzcmM9Imh0dHA6Ly9pbWFnZS5yYWt1dGVuLmNvLmpwL2tlbmtvZXgvY2FiaW5ldC9yZW5ld2FsX2F0dGVudGlvbi5qcGciICB3aWR0aD0iMTAwJSIgLz4KPHRhYmxlPgo8dHI+Cjx0aD7lgIvmlbA8L3RoPgo8dGQ+CjHmnprlhaUKPC90ZD4KPC90cj4KPHRyPgo8dGg+44K144Kk44K6PC90aD4KPHRkPgpN77yI6Lqr6ZW377yaMTY3772eMTczY23jgIHog7jlm7LvvJo4Oe+9njk1Y23jgIHjgqbjgqjjgrnjg4jvvJo3Ne+9njgxY23vvIkKPC90ZD4KPC90cj4KPHRyPgo8dGg+44Kr44Op44O8PC90aD4KPHRkPgowNe+8muOCsOODrOODvAo8L3RkPgo8L3RyPgo8dHI+Cjx0aD7ntKDmnZA8L3RoPgo8dGQ+CuacrOS9k++8muODneODquOCqOOCueODhuODqzkz77yF44O75oyH5a6a5aSW57mK57at77yI44OW44Os44K544K144O844Oi77yJNe+8heODu+ODneODquOCpuODrOOCv+ODszLvvIUKPC90ZD4KPC90cj4KPHRyPgo8dGg+6KO96YCg5YWDPC90aD4KPHRkPgrjg5/jgrrjg47moKrlvI/kvJrnpL4gMDEyMC0zMjAtNzk577yI44GK5a6i5qeY55u46KuH5a6k77yJCjwvdGQ+CjwvdHI+Cjx0cj4KPHRoPuaknOe0oueUqOaWh+iogDwvdGg+Cjx0ZD4K44K544Od44O844OE44CB44OI44Os44O844OL44Oz44Kw44CB6YGL5YuV44CBc3BvcnRz44CBbWl6dW5v44CB44Ko44Kv44K144K144Kk44K644CB5YGl5bq344CB6buS44CBYmxhY2vjgIFnb2xm44CB55S35oCn44CBTUVO44CB44Ki44Oz44OA44O844Km44Kn44Ki44CB44Km44Ko44Ki44CB44OJ44Op44Kk44CB6KGj5pyN44CB5L2T5pON44CBNDk1NDYzOTk4MTg3MeOAgUE4NllOOTU0MDUKPC90ZD4KPC90cj4KPHRyPgo8dGg+5bqD5ZGK5paH6LKsPC90aD4KPHRkPgrmoKrlvI/kvJrnpL7jgrHjg7PjgrPjg7zjgqjjgq/jgrnjg5fjg6zjgrkgVEVMOjAzLTY0MTEtNTUxMwo8L3RkPgo8L3RyPgo8L3RhYmxlPjxocj7ilqDjgYrlsYrjgZHmlrnms5Xjga/jgZPjgaHjgonjgpLjgq/jg6rjg4Pjgq8gPGJyPg==,44Of44K644OOIOODkOOCpOOCquOCruOCouODreODs+OCsOOCv+OCpOODhOOAjOODluODrOOCueOCteODvOODouOAjeOAjOOCtOODq+ODleWwgueUqOODu+eri+S9k+aIkOWei+OCv+OCpOODl+OAjeODoeODs+OCuu+8iOOCsOODrOODvO+8iSBNIFtBODZZTjk1NDA1XeOAkFrjgJEo44Of44K644OOIOODluODrOOCueOCteODvOODoinvvJrlgaXlurfjgqjjgq/jgrnjg5fjg6zjgrk=,6YCa5L+h6LKp5aOy6YCa6LKp44K344On44OD44OU44Oz44Kw44Kq44Oz44Op44Kk44Oz44K344On44OD44OU44Oz44Kw6LK344GE54mp44OX44Os44K844Oz44OI44Ku44OV44OI6LSI44KK54mp6LSI562U5ZOB44GK5Lit5YWD44GK5q2z5pqu44GK6LK344GE5b6X44Ki44Ks44Oq44Kv44K55LuZ55Sf6Zyy44Oh44K344Oe44Kz44OW6Iqx44Gz44KJ44Gf44GRQUhDQ+OCouODreOCqOadvuWvv+S7meOCs+OCqOODs+OCtuOCpOODoOWBpeW6t+OCqOOCr+OCueODl+ODrOOCuUNQTFJvQ+OCguOBmuOBj+ODleOCs+OCpOODgOODs+ODrOODs+ODgeODs+S4h+eUsOmFtee0oOODl+ODreODneODquOCueOCt+ODvOODleOCs+OCpOODgOODs+OCpuOCs+ODs+m7kumFouODq+ODn+ODs0Hjg5/jgrrjg44g44OQ44Kk44Kq44Ku44Ki44Ot44Oz44Kw44K/44Kk44OE44CM44OW44Os44K544K144O844Oi44CN44CM44K044Or44OV5bCC55So44O756uL5L2T5oiQ5Z6L44K/44Kk44OX44CN44Oh44Oz44K677yI44Kw44Os44O877yJIE0gW0E4NllOOTU0MDVd44CQWuOAkSjjg5/jgrrjg44g44OW44Os44K544K144O844OiKQ==,44Of44K644OOIOODkOOCpOOCquOCruOCouODreODs+OCsOOCv+OCpOODhOOAjOODluODrOOCueOCteODvOODouOAjeOAjOOCtOODq+ODleWwguOAguODn+OCuuODjiDjg5DjgqTjgqrjgq7jgqLjg63jg7PjgrDjgr/jgqTjg4TjgIzjg5bjg6zjgrnjgrXjg7zjg6LjgI3jgIzjgrTjg6vjg5XlsILnlKjjg7vnq4vkvZPmiJDlnovjgr/jgqTjg5fjgI3jg6Hjg7PjgrrvvIjjgrDjg6zjg7zvvIkgTSBbQTg2WU45NTQwNV3jgJBa44CRKOODn+OCuuODjiDjg5bjg6zjgrnjgrXjg7zjg6Ip[rn]
17-128261,aHR0cDovL3RzaG9wLnIxMHMuanAva2Vua29leC9jYWJpbmV0LzExNzQvMTE3NC1hMmphNjUxOTA5XzEuanBnP2ZpdGluPTcwMDo3MDA=,NzIwMC4wMDAw,,44K544Od44O844OE44O744Ki44Km44OI44OJ44KiID4g44K544Od44O844OE44Km44Kn44Ki44O744Ki44Kv44K744K144Oq44O8ID4g44K544Od44O844OE55So44Kk44Oz44OK44O8ID4g44Oh44Oz44K644Kk44Oz44OK44O8ID4g44OI44OD44OX44K5,TWl6dW5vIOODn+OCuuODjiDjg6Hjg6rjg47jgqbjg7zjg6vjg5zjg7zjg4Djg7zjgq/jg6vjg7zjg43jg4Pjgq/jgrfjg6Pjg4Qg6JaE5omLIOODluODrOOCueOCteODvOODoue0oOadkCDjg6Hjg7PjgrrvvI/vvIjjg5bjg6njg4Pjgq/vvIlbQTJKQTY1MTkwOV0=,,PHRhYmxlIGJvcmRlcj0iMSIgYm9yZGVyY29sb3I9IiM5OTkiIGNlbGxwYWRkaW5nPSIwIiBjZWxsc3BhY2luZz0iMCI+Cjx0cj4KPHRoPuOCq+ODqeODvDwvdGg+Cjx0ZD4K44OW44Op44OD44KvCjwvdGQ+CjwvdHI+Cjx0cj4KPHRoPue0oOadkDwvdGg+Cjx0ZD4K44Od44Oq44Ko44K544OG44OrNTbvvIXjg7vmr5szNO+8heODu+aMh+WumuWklue5iue2re+8iOODluODrOOCueOCteODvOODou+8iTEw77yFCjwvdGQ+CjwvdHI+Cjx0cj4KPHRoPuimj+agvOOCteOCpOOCuu+8iOWun+WvuO+8iTwvdGg+Cjx0ZD4K552A5LiI77yaU++8jzY1Y23jgIFN77yPNjdjbeOAgUzvvI82OWNt44CBWEzvvI83MWNt44CBMlhM77yPNzNjbTxiciAvPgrog7jlm57jgorvvJpT77yPMTAxY23jgIFN77yPMTA1Y23jgIFM77yPMTA5Y23jgIFYTO+8jzExM2Nt44CBMlhM77yPMTE3Y208YnIgLz4K6IKp5bmF77yaU++8jzQ1LjJjbeOAgU3vvI80Ni42Y23jgIFM77yPNDhjbeOAgVhM77yPNDkuNGNt44CBMlhM77yPNTAuOGNtPGJyIC8+CuiiluS4iO+8mlPvvI81NS41Y23jgIFN77yPNTdjbeOAgUzvvI81OC41Y23jgIFYTO+8jzYwY23jgIEyWEzvvI82MS41Y20KPC90ZD4KPC90cj4KPHRyPgo8dGg+6KO96YCg5YWDPC90aD4KPHRkPgrjg5/jgrrjg47moKrlvI/kvJrnpL4KPC90ZD4KPC90cj4KPHRyPgo8dGg+5qSc57Si55So5paH6KiAPC90aD4KPHRkPgpNaXp1bm8g44Of44K644OOIOODoeODquODjuOCpuODvOODq+ODnOODvOODgOODvOOCr+ODq+ODvOODjeODg+OCr+OCt+ODo+ODhCDoloTmiYsg44OW44Os44K544K144O844Oi57Sg5p2QIOODoeODs+OCuu+8j++8iOODluODqeODg+OCr++8iVtBMkpBNjUxOTA5XSw0OTU0NjM4MjMwMDQ4LDQ5NTQ2MzgyMzAxMTYsNDk1NDYzODIzMDEyMwo8L3RkPgo8L3RyPgo8dHI+Cjx0aD7luoPlkYrmlofosqw8L3RoPgo8dGQ+CuagquW8j+S8muekvuOCseODs+OCs+ODvOOCqOOCr+OCueODl+ODrOOCuSBURUw6MDMtNjQxMS01NTEzCjwvdGQ+CjwvdHI+CjwvdGFibGU+,TWl6dW5vIOODn+OCuuODjiDjg6Hjg6rjg47jgqbjg7zjg6vjg5zjg7zjg4Djg7zjgq/jg6vjg7zjg43jg4Pjgq/jgrfjg6Pjg4Qg6JaE5omLIOODluODrOOCueOCteODvOODoue0oOadkCDjg6Hjg7PjgrrvvI/vvIjjg5bjg6njg4Pjgq/vvIlbQTJKQTY1MTkwOV3vvJrlgaXlurfjgqjjgq/jgrnjg5fjg6zjgrk=,6YCa5L+h6LKp5aOy6YCa6LKp44K344On44OD44OU44Oz44Kw44Kq44Oz44Op44Kk44Oz44K344On44OD44OU44Oz44Kw6LK344GE54mp44OX44Os44K844Oz44OI44Ku44OV44OI6LSI44KK54mp6LSI562U5ZOB44GK5Lit5YWD44GK5q2z5pqu44GK6LK344GE5b6X44Ki44Ks44Oq44Kv44K55LuZ55Sf6Zyy44Oh44K344Oe44Kz44OW6Iqx44Gz44KJ44Gf44GRQUhDQ+OCouODreOCqOadvuWvv+S7meOCs+OCqOODs+OCtuOCpOODoOWBpeW6t+OCqOOCr+OCueODl+ODrOOCuUNQTFJvQ+OCguOBmuOBj+ODleOCs+OCpOODgOODs+ODrOODs+ODgeODs+S4h+eUsOmFtee0oOODl+ODreODneODquOCueOCt+ODvOODleOCs+OCpOODgOODs+OCpuOCs+ODs+m7kumFouODq+ODn+ODs0FNaXp1bm8g44Of44K644OOIOODoeODquODjuOCpuODvOODq+ODnOODvOODgOODvOOCr+ODq+ODvOODjeODg+OCr+OCt+ODo+ODhCDoloTmiYsg44OW44Os44K544K144O844Oi57Sg5p2QIOODoeODs+OCuu+8j++8iOODluODqeODg+OCr++8iVtBMkpBNjUxOTA5XQ==,44Kq44O844Or44K344O844K644Oz5a++5b+c44Gu6JaE5omL44Km44O844Or44Ki44Oz44OA44O844Km44Ko44Ki44CCTWl6dW5vIOODn+OCuuODjiDjg6Hjg6rjg47jgqbjg7zjg6vjg5zjg7zjg4Djg7zjgq/jg6vjg7zjg43jg4Pjgq/jgrfjg6Pjg4Qg6JaE5omLIOODluODrOOCueOCteODvOODoue0oOadkCDjg6Hjg7PjgrrvvI/vvIjjg5bjg6njg4Pjgq/vvIlbQTJKQTY1MTkwOV0=[rn]
17-128262,aHR0cDovL3RzaG9wLnIxMHMuanAva2Vua29leC9jYWJpbmV0LzExNzQvMTE3NC1jMmphNTYwNjAyXzEuanBnP2ZpdGluPTcwMDo3MDA=,MTYwMC4wMDAw,,44K544Od44O844OE44O744Ki44Km44OI44OJ44KiID4g44K544Od44O844OE44Km44Kn44Ki44O744Ki44Kv44K744K144Oq44O8ID4g44K544Od44O844OE55So44Kk44Oz44OK44O8ID4g44Oh44Oz44K644Kk44Oz44OK44O8ID4g44OI44OD44OX44K5,TWl6dW5vIOODn+OCuuODjiDjg5bjg6zjgrnjgrXjg7zjg6Ig44Ko44OW44OqIOOCr+ODq+ODvOODjeODg+OCryDplbfoopYo44Oh44Oz44K6KSDjgqrjg5Xjg5vjg6/jgqTjg4hbQzJKQTU2MDYwMl3vvIjnmbrnhrHjgqTjg7Pjg4rjg7zvvIk=,,PGltZyBzcmM9Imh0dHA6Ly9pbWFnZS5yYWt1dGVuLmNvLmpwL2tlbmtvZXgvY2FiaW5ldC9tYWlsYmluX211cnlvLmpwZyIgYWx0PSLjg6Hjg7zjg6vkvr/vvIjpgIHmlpnnhKHmlpnvvInjgafjga7jgZTms6jmlofjga/jgrPjgrPjgpLjgq/jg6rjg4Pjgq/vvIEiPjxiciAvPjxiciAvPgo8dGFibGUgYm9yZGVyPSIxIiBib3JkZXJjb2xvcj0iIzk5OSIgY2VsbHBhZGRpbmc9IjAiIGNlbGxzcGFjaW5nPSIwIj4KPHRyPgo8dGg+44Kr44Op44O8PC90aD4KPHRkPgrjgqrjg5Xjg5vjg6/jgqTjg4gKPC90ZD4KPC90cj4KPHRyPgo8dGg+6KaP5qC844K144Kk44K677yI5a6f5a+477yJPC90aD4KPHRkPgrnnYDkuIjvvJpN77yPNjhjbeOAgUzvvI83MWNt44CBTEzvvI83Mi41Y208YnIgLz4K6IO45Zue44KK77yaTe+8jzkyY23jgIFM77yPOTljbeOAgUxM77yPMTA2Y208YnIgLz4K6IKp5bmF77yaTe+8jzQxY23jgIFM77yPNDRjbeOAgUxM77yPNDdjbTxiciAvPgroopbkuIjvvJpN77yPNDljbeOAgUzvvI81MmNt44CBTEzvvI81My41Y20KPC90ZD4KPC90cj4KPHRyPgo8dGg+57Sg5p2QPC90aD4KPHRkPgrjg53jg6rjgqjjgrnjg4bjg6s5Me+8hSDjg7vmjIflrprlpJbnuYrntq3vvIjjg5bjg6zjgrnjgrXjg7zjg6LvvIk577yFCjwvdGQ+CjwvdHI+Cjx0cj4KPHRoPuijvemAoOWFgzwvdGg+Cjx0ZD4K44Of44K644OO5qCq5byP5Lya56S+CjwvdGQ+CjwvdHI+Cjx0cj4KPHRoPuaknOe0oueUqOaWh+iogDwvdGg+Cjx0ZD4KTWl6dW5vIOODn+OCuuODjiDjg5bjg6zjgrnjgrXjg7zjg6Ig44Ko44OW44OqIOOCr+ODq+ODvOODjeODg+OCryDplbfoopYo44Oh44Oz44K6KSDjgqrjg5Xjg5vjg6/jgqTjg4hbQzJKQTU2MDYwMl0sNDkzMzQ4OTQxNzEyOSw0OTMzNDg5NDE3MTQzLDQ5MzM0ODk0MTcxNjcsNDkzMzQ4OTQxNzIxMQo8L3RkPgo8L3RyPgo8dHI+Cjx0aD7luoPlkYrmlofosqw8L3RoPgo8dGQ+CuagquW8j+S8muekvuOCseODs+OCs+ODvOOCqOOCr+OCueODl+ODrOOCuSBURUw6MDMtNjQxMS01NTEzCjwvdGQ+CjwvdHI+CjwvdGFibGU+,TWl6dW5vIOODn+OCuuODjiDjg5bjg6zjgrnjgrXjg7zjg6Ig44Ko44OW44OqIOOCr+ODq+ODvOODjeODg+OCryDplbfoopYo44Oh44Oz44K6KSDjgqrjg5Xjg5vjg6/jgqTjg4hbQzJKQTU2MDYwMl3vvIjnmbrnhrHjgqTjg7Pjg4rjg7zvvInvvJrlgaXlurfjgqjjgq/jgrnjg5fjg6zjgrk=,6YCa5L+h6LKp5aOy6YCa6LKp44K344On44OD44OU44Oz44Kw44Kq44Oz44Op44Kk44Oz44K344On44OD44OU44Oz44Kw6LK344GE54mp44OX44Os44K844Oz44OI44Ku44OV44OI6LSI44KK54mp6LSI562U5ZOB44GK5Lit5YWD44GK5q2z5pqu44GK6LK344GE5b6X44Ki44Ks44Oq44Kv44K55LuZ55Sf6Zyy44Oh44K344Oe44Kz44OW6Iqx44Gz44KJ44Gf44GRQUhDQ+OCouODreOCqOadvuWvv+S7meOCs+OCqOODs+OCtuOCpOODoOWBpeW6t+OCqOOCr+OCueODl+ODrOOCuUNQTFJvQ+OCguOBmuOBj+ODleOCs+OCpOODgOODs+ODrOODs+ODgeODs+S4h+eUsOmFtee0oOODl+ODreODneODquOCueOCt+ODvOODleOCs+OCpOODgOODs+OCpuOCs+ODs+m7kumFouODq+ODn+ODs0FNaXp1bm8g44Of44K644OOIOODluODrOOCueOCteODvOODoiDjgqjjg5bjg6og44Kv44Or44O844ON44OD44KvIOmVt+iilijjg6Hjg7PjgropIOOCquODleODm+ODr+OCpOODiFtDMkpBNTYwNjAyXe+8iOeZuueGseOCpOODs+ODiuODvO+8iQ==,552A5b+D5Zyw6Lu944KE44GL44Gn44CB5Z6L44GP44Ga44KM44GX44Gr44GP44GE6JaE5omL44K/44Kk44OX44CC44CCTWl6dW5vIOODn+OCuuODjiDjg5bjg6zjgrnjgrXjg7zjg6Ig44Ko44OW44OqIOOCr+ODq+ODvOODjeODg+OCryDplbfoopYo44Oh44Oz44K6KSDjgqrjg5Xjg5vjg6/jgqTjg4hbQzJKQTU2MDYwMl3vvIjnmbrnhrHjgqTjg7Pjg4rjg7zvvIk=[rn]
17-128263,aHR0cDovL3RzaG9wLnIxMHMuanAva2Vua29leC9jYWJpbmV0L21penVuby80OTA4MDg3NjA5NjI3LmpwZz9maXRpbj03MDA6NzAw,NDc3MS4yMDAw,,44K544Od44O844OE44O744Ki44Km44OI44OJ44KiID4g44K544Od44O844OE44Km44Kn44Ki44O744Ki44Kv44K744K144Oq44O8ID4g44K544Od44O844OE55So44Kk44Oz44OK44O8ID4g44Oh44Oz44K644Kk44Oz44OK44O8ID4g44OI44OD44OX44K5,44Of44K644OOIOODkOOCpOOCquOCruOCouS4uOmmlumVt+iiluOAjOODluODrOOCueOCteODvOODouOAjeOAjOOCtOODq+ODleWwgueUqOODu+eri+S9k+aIkOWei+OCv+OCpOODl+OAjeODoeODs+OCuu+8iOOCsOODrOODvO+8iSBMTCBbQTg2WU45NTEwNV3vvIjjgrnjg53jg7zjg4TjgqbjgqfjgqIg44K544Od44O844OE44Km44Ko44KiIOOCtOODq+ODleOCpuOCp+OCoiDjgrnjg53jg7zjg4TjgqTjg7Pjg4rjg7wg44OW44Os44K544K144O844Oi77yJ,,44K544Od44O844OEICZndDsg44K544Od44O844OE5LiA6KanICZndDsg44K544Od44O844OE44Km44Kn44KiICZndDsg44Kz44Oz44OX44Os44OD44K344On44Oz44Km44Kn44Ki44O8ICZndDsg44OI44OD44OX44K5ICZndDsg44Oh44Oz44K6PGJyPgrjg6Hjg7zjgqvjg7zliKUgJmd0OyDjg57ooYwgJmd0OyDjgJDjg5/jgJEgJmd0OyDjg5/jgrrjg47vvIhtaXp1bm/vvIkgJmd0OyDjg5bjg6zjgrnjgrXjg7zjg6IgJmd0OyDjg5DjgqTjgqrjgq7jgqLvvIvjg5bjg6zjgrnjgrXjg7zjg6I8YnI+Cjxicj48aW1nIHNyYz0iaHR0cHM6Ly9pbWFnZS5yYWt1dGVuLmNvLmpwL2NvbS9pbWcvcm1zL2NhYmluZXQvcmVjb21tZW5kX25ldy9pbWcwMDAwMDQ0NC5naWYiIGJvcmRlcj0iMCIgd2lkdGg9IjEwMCUiIC8+PGJyPjxicj4KCjxiPgrjg5DjgqTjgqrjgq7jgqLjgrfjg6rjg7zjgroKPC9iPgo8dGFibGU+Cjx0cj4KPHRkPgrjg5DjgqTjgqrjgq7jgqLjgrTjg6vjg5XlsILnlKjjgavjgIHlkLjmub/nmbrnhrHntKDmnZDjgpLjg5fjg6njgrnjgILli5XjgY3jgpLjgrnjg6Djg7zjgrrjgavjgZnjgovjgaDjgZHjgafjgarjgY/jgIHlr5LjgZXjgpLpmLLjgYTjgafjgY/jgozjgovnp4vlhqzjgrTjg6vjg5Xjga7lvLfjgYTlkbPmlrnjgaDjgII8YnI+CuWQuOa5v+eZuueGsee0oOadkOOAjOODluODrOOCueOCteODvOODouOAjcOX44K544Kk44Oz44Kw5qmf6IO944CCPGJyPgrjg5DjgqTjgqrjgq7jgqLjga/jgIHpq5jjgYTjgrnjg4jjg6zjg4Pjg4HmgKfjga7jgZ/jgoHjgIHjg4Tjg4Pjg5Hjg6rmhJ/jgpLou73muJvjgZfjgb7jgZnjgIIKPC90ZD4KPC90cj4KPC90YWJsZT4KPGltZyBzcmM9Imh0dHA6Ly9pbWFnZS5yYWt1dGVuLmNvLmpwL2tlbmtvZXgvY2FiaW5ldC9yZW5ld2FsX2F0dGVudGlvbi5qcGciICB3aWR0aD0iMTAwJSIgLz4KPHRhYmxlPgo8dHI+Cjx0aD7lgIvmlbA8L3RoPgo8dGQ+CjHmnprlhaUKPC90ZD4KPC90cj4KPHRyPgo8dGg+44K144Kk44K6PC90aD4KPHRkPgpMTO+8iOi6q+mVt++8mjE4Ne+9njE5NWNt44CB6IO45Zuy77yaMTA0772eMTEyY23jgIHjgqbjgqjjgrnjg4jvvJo5NO+9njEwNGNt77yJCjwvdGQ+CjwvdHI+Cjx0cj4KPHRoPuOCq+ODqeODvDwvdGg+Cjx0ZD4KMDXvvJrjgrDjg6zjg7wKPC90ZD4KPC90cj4KPHRyPgo8dGg+57Sg5p2QPC90aD4KPHRkPgrmnKzkvZPvvJrjg53jg6rjgqjjgrnjg4bjg6s5M++8heODu+aMh+WumuWklue5iue2re+8iOODluODrOOCueOCteODvOODou+8iTXvvIXjg7vjg53jg6rjgqbjg6zjgr/jg7My77yFCjwvdGQ+CjwvdHI+Cjx0cj4KPHRoPuijvemAoOWFgzwvdGg+Cjx0ZD4K44Of44K644OO5qCq5byP5Lya56S+IDAxMjAtMzIwLTc5Oe+8iOOBiuWuouanmOebuOirh+WupO+8iQo8L3RkPgo8L3RyPgo8dHI+Cjx0aD7mpJzntKLnlKjmlofoqIA8L3RoPgo8dGQ+CuOCueODneODvOODhOOAgeODiOODrOODvOODi+ODs+OCsOOAgemBi+WLleOAgXNwb3J0c+OAgW1penVub+OAgeOCqOOCr+OCteOCteOCpOOCuuOAgeWBpeW6t+OAgeeBsOOAgWdyYXnjgIFnb2xm44CB55S35oCn44CBTUVO44CB44Gq44GM44Gd44Gn44CBNDkwODA4NzYwOTYyN+OAgUE4NllOOTUxMDUKPC90ZD4KPC90cj4KPHRyPgo8dGg+5bqD5ZGK5paH6LKsPC90aD4KPHRkPgrmoKrlvI/kvJrnpL7jgrHjg7PjgrPjg7zjgqjjgq/jgrnjg5fjg6zjgrkgVEVMOjAzLTY0MTEtNTUxMwo8L3RkPgo8L3RyPgo8L3RhYmxlPjxocj7ilqDjgYrlsYrjgZHmlrnms5Xjga/jgZPjgaHjgonjgpLjgq/jg6rjg4Pjgq8gPGJyPg==,44Of44K644OOIOODkOOCpOOCquOCruOCouS4uOmmlumVt+iiluOAjOODluODrOOCueOCteODvOODouOAjeOAjOOCtOODq+ODleWwgueUqOODu+eri+S9k+aIkOWei+OCv+OCpOODl+OAjeODoeODs+OCuu+8iOOCsOODrOODvO+8iSBMTCBbQTg2WU45NTEwNV3vvIjjgrnjg53jg7zjg4TjgqbjgqfjgqIg44K544Od44O844OE44Km44Ko44KiIOOCtOODq+ODleOCpuOCp+OCoiDjgrnjg53jg7zjg4TjgqTjg7Pjg4rjg7wg44OW44Os44K544K144O844Oi77yJ77ya5YGl5bq344Ko44Kv44K544OX44Os44K5,6YCa5L+h6LKp5aOy6YCa6LKp44K344On44OD44OU44Oz44Kw44Kq44Oz44Op44Kk44Oz44K344On44OD44OU44Oz44Kw6LK344GE54mp44OX44Os44K844Oz44OI44Ku44OV44OI6LSI44KK54mp6LSI562U5ZOB44GK5Lit5YWD44GK5q2z5pqu44GK6LK344GE5b6X44Ki44Ks44Oq44Kv44K55LuZ55Sf6Zyy44Oh44K344Oe44Kz44OW6Iqx44Gz44KJ44Gf44GRQUhDQ+OCouODreOCqOadvuWvv+S7meOCs+OCqOODs+OCtuOCpOODoOWBpeW6t+OCqOOCr+OCueODl+ODrOOCuUNQTFJvQ+OCguOBmuOBj+ODleOCs+OCpOODgOODs+ODrOODs+ODgeODs+S4h+eUsOmFtee0oOODl+ODreODneODquOCueOCt+ODvOODleOCs+OCpOODgOODs+OCpuOCs+ODs+m7kumFouODq+ODn+ODs0Hjg5/jgrrjg44g44OQ44Kk44Kq44Ku44Ki5Li46aaW6ZW36KKW44CM44OW44Os44K544K144O844Oi44CN44CM44K044Or44OV5bCC55So44O756uL5L2T5oiQ5Z6L44K/44Kk44OX44CN44Oh44Oz44K677yI44Kw44Os44O877yJIExMIFtBODZZTjk1MTA1Xe+8iOOCueODneODvOODhOOCpuOCp+OCoiDjgrnjg53jg7zjg4TjgqbjgqjjgqIg44K044Or44OV44Km44Kn44KiIOOCueODneODvOODhOOCpOODs+ODiuODvCDjg5bjg6zjgrnjgrXjg7zjg6LvvIk=,44Of44K644OOIOODkOOCpOOCquOCruOCouS4uOmmlumVt+iiluOAjOODluODrOOCueOCteODvOODouOAjeOAjOOCtOODq+ODleWwgueUqOODu+OAguODn+OCuuODjiDjg5DjgqTjgqrjgq7jgqLkuLjpppbplbfoopbjgIzjg5bjg6zjgrnjgrXjg7zjg6LjgI3jgIzjgrTjg6vjg5XlsILnlKjjg7vnq4vkvZPmiJDlnovjgr/jgqTjg5fjgI3jg6Hjg7PjgrrvvIjjgrDjg6zjg7zvvIkgTEwgW0E4NllOOTUxMDVd77yI44K544Od44O844OE44Km44Kn44KiIOOCueODneODvOODhOOCpuOCqOOCoiDjgrTjg6vjg5XjgqbjgqfjgqIg44K544Od44O844OE44Kk44Oz44OK44O8IOODluODrOOCueOCteODvOODou+8iQ==[rn]
17-128264,aHR0cDovL3RzaG9wLnIxMHMuanAva2Vua29leC9jYWJpbmV0LzExNzQvMTE3NC1hNjBiczA2MDA5XzEuanBnP2ZpdGluPTcwMDo3MDA=,MzA3Mi4wMDAw,,44K544Od44O844OE44O744Ki44Km44OI44OJ44KiID4g44K544Od44O844OE44Km44Kn44Ki44O744Ki44Kv44K744K144Oq44O8ID4g44K544Od44O844OE55So44Kk44Oz44OK44O8ID4g44Oh44Oz44K644Kk44Oz44OK44O8ID4g44OI44OD44OX44K5,44CQTWl6dW5v44Kq44Oq44K444OK44Or44GK44G+44GR5LuY44GN4pmq44CRTUlaVU5PIOODn+OCuuODjiAgQklPIEdFQVIo44Oh44Oz44K6KSDjg5DjgqTjgqrjgq7jgqIg44OW44Os44K544K144O844OiIOODj+OCpOODjeODg+OCr+mVt+iiluOCt+ODo+ODhFswOTrjg5bjg6njg4Pjgq9dW0E2MEJTMDYwMDld,,44K544Od44O844OEICZndDsg44K544Od44O844OE5LiA6KanICZndDsg44K544Od44O844OE44Km44Kn44KiICZndDsg44OI44OD44OX44K5ICZndDsg44Oh44Oz44K6PGJyPgrjg6Hjg7zjgqvjg7zliKUgJmd0OyDjg57ooYwgJmd0OyDjgJDjg5/jgJEgJmd0OyDjg5/jgrrjg47vvIhtaXp1bm/vvIkgJmd0OyDjg5bjg6zjgrnjgrXjg7zjg6IgJmd0OyDjg5DjgqTjgqrjgq7jgqLvvIvjg5bjg6zjgrnjgrXjg7zjg6I8YnI+Cjxicj48aW1nIHNyYz0iaHR0cHM6Ly9pbWFnZS5yYWt1dGVuLmNvLmpwL2NvbS9pbWcvcm1zL2NhYmluZXQvcmVjb21tZW5kX25ldy9pbWcwMDAwMDQ0NC5naWYiIGJvcmRlcj0iMCIgd2lkdGg9IjEwMCUiIC8+PGJyPjxicj4KCjxiPgrlhYjpgLLjga7jgq7jgqLjgafjgIHogonkvZPjgYzpgLLljJbjgZnjgovjgIIKPC9iPgo8dGFibGU+Cjx0cj4KPHRkPgril4/jgqLjgrnjg6rjg7zjg4jjga7og73lipvjgpLmnIDlpKfjgavlvJXjgY3lh7rjgZnjgZ/jgoHjgavjgIHogonkvZPjga7kuIDpg6jjgajjgarjgaPjgabjgIHjgajjgoLjgavmjJHjgb/jgIHjgajjgoLjgavmiKbjgYbjgIHjgZ3jgpPjgarnmbrmg7PjgYvjgonnlJ/jgb7jgozjgZ/pq5jmqZ/og73jgqbjgqjjgqI8YnI+CuKXj+e0oOadkOOBruOCueODiOODrOODg+ODgeaAp+OChOiho+acjeWcp+OAgeW9oueKtuOCkuOCs+ODs+ODiOODreODvOODq+OBmeOCi+OBk+OBqOOBp+ODnOODh+OCo+ODkOODqeODs+OCueOCkuaVtOOBiOOCizxicj4K4peP44K544Od44O844OE5pmC44Gu44OR44OV44Kp44O844Oe44Oz44K544Ki44OD44OX44KE44K144Od44O844OI5qmf6IO944KS55m65o+u44CCCjwvdGQ+CjwvdHI+CjwvdGFibGU+CjxpbWcgc3JjPSJodHRwOi8vaW1hZ2UucmFrdXRlbi5jby5qcC9rZW5rb2V4L2NhYmluZXQvcmVuZXdhbF9hdHRlbnRpb24uanBnIiAgd2lkdGg9IjEwMCUiIC8+Cjx0YWJsZT4KPHRyPgo8dGg+44K144Kk44K6PC90aD4KPHRkPgpT44CBTeOAgUzjgIFP44CBWE8KPC90ZD4KPC90cj4KPHRyPgo8dGg+44Kr44Op44O8PC90aD4KPHRkPgowOe+8muODluODqeODg+OCrwo8L3RkPgo8L3RyPgo8dHI+Cjx0aD7ntKDmnZA8L3RoPgo8dGQ+CuODluODrOOCueOCteODvOODojJXQVnjgIDjg53jg6rjgqjjgrnjg4bjg6s4Oe+8heODu+aMh+WumuWklue5iue2re+8iOODluODrOOCueOCteODvOODou+8iTbvvIXjg7vjg53jg6rjgqbjg6zjgr/jg7M177yFCjwvdGQ+CjwvdHI+Cjx0cj4KPHRoPuWOn+eUo+WbvTwvdGg+Cjx0ZD4K5Lit5Zu96KO9CjwvdGQ+CjwvdHI+Cjx0cj4KPHRoPuimj+agvOOCteOCpOOCuijlrp/lr7gpPC90aD4KPHRkPgrnnYDkuIjvvJpT77yPNjVjbeOAgU3vvI82N2Nt44CBTO+8jzY5Y23jgIFP77yPNzFjbeOAgVhP77yPNzNjbTxicj4K6IO45Zue44KK77yaU++8jzc3Y23jgIFN77yPODFjbeOAgUzvvI84NWNt44CBT++8jzg5Y23jgIFYT++8jzkzY208YnI+CuiCqeW5he+8mlPvvI8zNC4yY23jgIFN77yPMzUuNmNt44CBTO+8jzM3Y23jgIFP77yPMzguNGNt44CBWE/vvI8zOS44Y208YnI+CuiiluS4iO+8mlPvvI81MS41Y23jgIFN77yPNTNjbeOAgUzvvI81NC41Y23jgIFP77yPNTZjbeOAgVhP77yPNTcuNWNtCjwvdGQ+CjwvdHI+Cjx0cj4KPHRoPuijvemAoOWFgzwvdGg+Cjx0ZD4K44Of44K644OO5qCq5byP5Lya56S+IDAxMjAtMzIwLTc5Oe+8iOOBiuWuouanmOebuOirh+WupO+8iQo8L3RkPgo8L3RyPgo8dHI+Cjx0aD7oo73pgKDlhYM8L3RoPgo8dGQ+CuODn+OCuuODjuagquW8j+S8muekvgo8L3RkPgo8L3RyPgo8dHI+Cjx0aD7mpJzntKLnlKjmlofoqIA8L3RoPgo8dGQ+Ck1JWlVOTyDjg5/jgrrjg44gIEJJTyBHRUFSKOODoeODs+OCuikg44OQ44Kk44Kq44Ku44KiIOODluODrOOCueOCteODvOODoiDjg4/jgqTjg43jg4Pjgq/plbfoopbjgrfjg6Pjg4RbMDk644OW44Op44OD44KvXVtBNjBCUzA2MDA5XSw0OTQxNDQ1MTc2MDg5LDQ5NDE0NDUxNzU5NzYsNDk0MTQ0NTE3NTk2OSw0OTQxNDQ1MTc2MDI3LDQ5NDE0NDUxNzYwOTYKPC90ZD4KPC90cj4KPHRyPgo8dGg+5bqD5ZGK5paH6LKsPC90aD4KPHRkPgrmoKrlvI/kvJrnpL7jgrHjg7PjgrPjg7zjgqjjgq/jgrnjg5fjg6zjgrkgVEVMOjAzLTY0MTEtNTUxMwo8L3RkPgo8L3RyPgo8L3RhYmxlPjxocj7ilqDjgYrlsYrjgZHmlrnms5Xjga/jgZPjgaHjgonjgpLjgq/jg6rjg4Pjgq8gPGJyPg==,44CQTWl6dW5v44Kq44Oq44K444OK44Or44GK44G+44GR5LuY44GN4pmq44CRTUlaVU5PIOODn+OCuuODjiAgQklPIEdFQVIo44Oh44Oz44K6KSDjg5DjgqTjgqrjgq7jgqIg44OW44Os44K544K144O844OiIOODj+OCpOODjeODg+OCr+mVt+iiluOCt+ODo+ODhFswOTrjg5bjg6njg4Pjgq9dW0E2MEJTMDYwMDld77ya5YGl5bq344Ko44Kv44K544OX44Os44K5,6YCa5L+h6LKp5aOy6YCa6LKp44K344On44OD44OU44Oz44Kw44Kq44Oz44Op44Kk44Oz44K344On44OD44OU44Oz44Kw6LK344GE54mp44OX44Os44K844Oz44OI44Ku44OV44OI6LSI44KK54mp6LSI562U5ZOB44GK5Lit5YWD44GK5q2z5pqu44GK6LK344GE5b6X44Ki44Ks44Oq44Kv44K55LuZ55Sf6Zyy44Oh44K344Oe44Kz44OW6Iqx44Gz44KJ44Gf44GRQUhDQ+OCouODreOCqOadvuWvv+S7meOCs+OCqOODs+OCtuOCpOODoOWBpeW6t+OCqOOCr+OCueODl+ODrOOCuUNQTFJvQ+OCguOBmuOBj+ODleOCs+OCpOODgOODs+ODrOODs+ODgeODs+S4h+eUsOmFtee0oOODl+ODreODneODquOCueOCt+ODvOODleOCs+OCpOODgOODs+OCpuOCs+ODs+m7kumFouODq+ODn+ODs0HjgJBNaXp1bm/jgqrjg6rjgrjjg4rjg6vjgYrjgb7jgZHku5jjgY3imarjgJFNSVpVTk8g44Of44K644OOICBCSU8gR0VBUijjg6Hjg7PjgropIOODkOOCpOOCquOCruOCoiDjg5bjg6zjgrnjgrXjg7zjg6Ig44OP44Kk44ON44OD44Kv6ZW36KKW44K344Oj44OEWzA5OuODluODqeODg+OCr11bQTYwQlMwNjAwOV0=,44CQTWl6dW5v44Kq44Oq44K444OK44Or44GK44G+44GR5LuY44GN4pmq44CRTUlaVU5PIOODn+OCuuODjiBC44CC44CQTWl6dW5v44Kq44Oq44K444OK44Or44GK44G+44GR5LuY44GN4pmq44CRTUlaVU5PIOODn+OCuuODjiAgQklPIEdFQVIo44Oh44Oz44K6KSDjg5DjgqTjgqrjgq7jgqIg44OW44Os44K544K144O844OiIOODj+OCpOODjeODg+OCr+mVt+iiluOCt+ODo+ODhFswOTrjg5bjg6njg4Pjgq9dW0E2MEJTMDYwMDld[rn]
17-128265,aHR0cDovL3RzaG9wLnIxMHMuanAva2Vua29leC9jYWJpbmV0LzEyODAvMTI4MC00NTczMjg5NTQyOTEzXzEuanBnP2ZpdGluPTcwMDo3MDA=,MzA4MC4wMDAw,,44K544Od44O844OE44O744Ki44Km44OI44OJ44KiID4g44K544Od44O844OE44Km44Kn44Ki44O744Ki44Kv44K744K144Oq44O8ID4g44K544Od44O844OE55So44Kk44Oz44OK44O8ID4g44Oh44Oz44K644Kk44Oz44OK44O8ID4g44OI44OD44OX44K5,W1VOREVSIEFSTUVSXeOCouODs+ODgOODvOOCouODvOODnuODvCBVQSBIRUFUR0VBUiBBUk1PVVIgTk9WRUxUWSBMUyDplbfoopYg44Oh44Oz44K6KOeUt+aAp+eUqCkgQkxLL1JFRC9NRFtNQ00zMzYwXe+8iOOCpuOCp+OCoiDjgqbjgqjjgqIg5pyN77yJ,,PHRhYmxlIGJvcmRlcj0iMSIgYm9yZGVyY29sb3I9IiM5OTkiIGNlbGxwYWRkaW5nPSIwIiBjZWxsc3BhY2luZz0iMCI+Cjx0cj4KPHRoPue0oOadkDwvdGg+Cjx0ZD4K5pys5L2TOuODneODquOCqOOCueODhuODqyA4NCUsIOODneODquOCpuODrOOCv+ODsyAxNiU8YnIgLz4K5YiH5pu/6YOo5YiGOuODneODquOCqOOCueODhuODqyA5MiUsIOODneODquOCpuODrOOCv+ODsyA4JQo8L3RkPgo8L3RyPgo8dHI+Cjx0aD7nlJ/nlKPlm708L3RoPgo8dGQ+CuS4reWbvTxiciAvPgoKPC90ZD4KPC90cj4KPHRyPgo8dGg+6KO96YCg5YWDPC90aD4KPHRkPgrjgqLjg7Pjg4Djg7zjgqLjg7zjg57jg7zvvIjjg4njg7zjg6Djgqvjgrnjgr/jg57jg7zjgrvjg7Pjgr/jg7xURUzvvJowMTIwLTEwNi03ODbvvIkKPC90ZD4KPC90cj4KPHRyPgo8dGg+5qSc57Si55So5paH6KiAPC90aD4KPHRkPgpbVU5ERVIgQVJNRVJd44Ki44Oz44OA44O844Ki44O844Oe44O8IFVBIEhFQVRHRUFSIEFSTU9VUiBOT1ZFIOODoeODs+OCuijnlLfmgKfnlKgpIEJMSy9SRUQvTURbTUNNMzM2MF0KPC90ZD4KPC90cj4KPHRyPgo8dGg+5bqD5ZGK5paH6LKsPC90aD4KPHRkPgrmoKrlvI/kvJrnpL7jgrHjg7PjgrPjg7zjgqjjgq/jgrnjg5fjg6zjgrkgVEVMOjAzLTY0MTEtNTUxMwo8L3RkPgo8L3RyPgo8L3RhYmxlPg==,W1VOREVSIEFSTUVSXeOCouODs+ODgOODvOOCouODvOODnuODvCBVQSBIRUFUR0VBUiBBUk1PVVIgTk9WRUxUWSBMUyDplbfoopYg44Oh44Oz44K6KOeUt+aAp+eUqCkgQkxLL1JFRC9NRFtNQ00zMzYwXe+8iOOCpuOCp+OCoiDjgqbjgqjjgqIg5pyN77yJ77ya5YGl5bq344Ko44Kv44K544OX44Os44K5,6YCa5L+h6LKp5aOy6YCa6LKp44K344On44OD44OU44Oz44Kw44Kq44Oz44Op44Kk44Oz44K344On44OD44OU44Oz44Kw6LK344GE54mp44OX44Os44K844Oz44OI44Ku44OV44OI6LSI44KK54mp6LSI562U5ZOB44GK5Lit5YWD44GK5q2z5pqu44GK6LK344GE5b6X44Ki44Ks44Oq44Kv44K55LuZ55Sf6Zyy44Oh44K344Oe44Kz44OW6Iqx44Gz44KJ44Gf44GRQUhDQ+OCouODreOCqOadvuWvv+S7meOCs+OCqOODs+OCtuOCpOODoOWBpeW6t+OCqOOCr+OCueODl+ODrOOCuUNQTFJvQ+OCguOBmuOBj+ODleOCs+OCpOODgOODs+ODrOODs+ODgeODs+S4h+eUsOmFtee0oOODl+ODreODneODquOCueOCt+ODvOODleOCs+OCpOODgOODs+OCpuOCs+ODs+m7kumFouODq+ODn+ODs0FbVU5ERVIgQVJNRVJd44Ki44Oz44OA44O844Ki44O844Oe44O8IFVBIEhFQVRHRUFSIEFSTU9VUiBOT1ZFTFRZIExTIOmVt+iiliDjg6Hjg7Pjgroo55S35oCn55SoKSBCTEsvUkVEL01EW01DTTMzNjBd77yI44Km44Kn44KiIOOCpuOCqOOCoiDmnI3vvIk=,W1VOREVSIEFSTUVSXeOCouODs+ODgOODvOOCouODvOODnuODvCBVQSBIRUFUR+OAgltVTkRFUiBBUk1FUl3jgqLjg7Pjg4Djg7zjgqLjg7zjg57jg7wgVUEgSEVBVEdFQVIgQVJNT1VSIE5PVkVMVFkgTFMg6ZW36KKWIOODoeODs+OCuijnlLfmgKfnlKgpIEJMSy9SRUQvTURbTUNNMzM2MF3vvIjjgqbjgqfjgqIg44Km44Ko44KiIOacje+8iQ==[rn]
17-128266,,NTMyMC4wMDAw,,44K544Od44O844OE44O744Ki44Km44OI44OJ44KiID4g44K544Od44O844OE44Km44Kn44Ki44O744Ki44Kv44K744K144Oq44O8ID4g44K544Od44O844OE55So44Kk44Oz44OK44O8ID4g44Oh44Oz44K644Kk44Oz44OK44O8ID4g44OI44OD44OX44K5,W1VOREVSIEFSTUVSXeOCouODs+ODgOODvOOCouODvOODnuODvCBVQSBHT0xGIENPTERHRUFSIElORlJBUkVE44OV44Kj44OD44OG44Kj44OJTFPjg6Ljg4Pjgq8gU0xHICjjgrXjgqTjgrpYTCkgTWVuc1tNR0YzNDgzXeODoeODs+OCuu+8j+eUt+aAp+eUqA==,,PHRhYmxlIGJvcmRlcj0iMSIgYm9yZGVyY29sb3I9IiM5OTkiIGNlbGxwYWRkaW5nPSIwIiBjZWxsc3BhY2luZz0iMCI+Cjx0cj4KPHRoPue0oOadkDwvdGg+Cjx0ZD4K5pys5L2TOuODneODquOCqOOCueODhuODqyA4NyUsIOODneODquOCpuODrOOCv+ODsyAxMyU8YnIgLz4K5YiH5pu/6YOo5YiGOuODneODquOCqOOCueODhuODqyA4NyUsIOODneODquOCpuODrOOCv+ODsyAxMyUKPC90ZD4KPC90cj4KPHRyPgo8dGg+55Sf55Sj5Zu9PC90aD4KPHRkPgrkuK3lm708YnIgLz4KCjwvdGQ+CjwvdHI+Cjx0cj4KPHRoPuijvemAoOWFgzwvdGg+Cjx0ZD4K44Ki44Oz44OA44O844Ki44O844Oe44O877yI44OJ44O844Og44Kr44K544K/44Oe44O844K744Oz44K/44O8VEVM77yaMDEyMC0xMDYtNzg277yJCgo8L3RkPgo8L3RyPgo8dHI+Cjx0aD7mpJzntKLnlKjmlofoqIA8L3RoPgo8dGQ+CltVTkRFUiBBUk1FUl3jgqLjg7Pjg4Djg7zjgqLjg7zjg57jg7wgVUEgR09MRiBDT0xER0VBUiBJTkZSQVJFROODleOCo+ODg+ODhuOCo+ODiUxT44Oi44OD44KvIFNMRyAo44K144Kk44K6WEwpIE1lbnNbTUdGMzQ4M13jg6Hjg7PjgrrvvI/nlLfmgKfnlKgKPC90ZD4KPC90cj4KPHRyPgo8dGg+5bqD5ZGK5paH6LKsPC90aD4KPHRkPgrmoKrlvI/kvJrnpL7jgrHjg7PjgrPjg7zjgqjjgq/jgrnjg5fjg6zjgrkgVEVMOjAzLTY0MTEtNTUxMwo8L3RkPgo8L3RyPgo8L3RhYmxlPg==,W1VOREVSIEFSTUVSXeOCouODs+ODgOODvOOCouODvOODnuODvCBVQSBHT0xGIENPTERHRUFSIElORlJBUkVE44OV44Kj44OD44OG44Kj44OJTFPjg6Ljg4Pjgq8gU0xHICjjgrXjgqTjgrpYTCkgTWVuc1tNR0YzNDgzXeODoeODs+OCuu+8j+eUt+aAp+eUqO+8muWBpeW6t+OCqOOCr+OCueODl+ODrOOCuQ==,6YCa5L+h6LKp5aOy6YCa6LKp44K344On44OD44OU44Oz44Kw44Kq44Oz44Op44Kk44Oz44K344On44OD44OU44Oz44Kw6LK344GE54mp44OX44Os44K844Oz44OI44Ku44OV44OI6LSI44KK54mp6LSI562U5ZOB44GK5Lit5YWD44GK5q2z5pqu44GK6LK344GE5b6X44Ki44Ks44Oq44Kv44K55LuZ55Sf6Zyy44Oh44K344Oe44Kz44OW6Iqx44Gz44KJ44Gf44GRQUhDQ+OCouODreOCqOadvuWvv+S7meOCs+OCqOODs+OCtuOCpOODoOWBpeW6t+OCqOOCr+OCueODl+ODrOOCuUNQTFJvQ+OCguOBmuOBj+ODleOCs+OCpOODgOODs+ODrOODs+ODgeODs+S4h+eUsOmFtee0oOODl+ODreODneODquOCueOCt+ODvOODleOCs+OCpOODgOODs+OCpuOCs+ODs+m7kumFouODq+ODn+ODs0FbVU5ERVIgQVJNRVJd44Ki44Oz44OA44O844Ki44O844Oe44O8IFVBIEdPTEYgQ09MREdFQVIgSU5GUkFSRUTjg5XjgqPjg4Pjg4bjgqPjg4lMU+ODouODg+OCryBTTEcgKOOCteOCpOOCulhMKSBNZW5zW01HRjM0ODNd44Oh44Oz44K677yP55S35oCn55So,W1VOREVSIEFSTUVSXeOCouODs+ODgOODvOOCouODvOODnuODvCBVQSBHT0xG44CCW1VOREVSIEFSTUVSXeOCouODs+ODgOODvOOCouODvOODnuODvCBVQSBHT0xGIENPTERHRUFSIElORlJBUkVE44OV44Kj44OD44OG44Kj44OJTFPjg6Ljg4Pjgq8gU0xHICjjgrXjgqTjgrpYTCkgTWVuc1tNR0YzNDgzXeODoeODs+OCuu+8j+eUt+aAp+eUqA==[rn]
17-128267,aHR0cDovL3RzaG9wLnIxMHMuanAva2Vua29leC9jYWJpbmV0LzExNzMvMTE3My1uaWtlNjE3MzUxXzEuanBnP2ZpdGluPTcwMDo3MDA=,NDAwMC4wMDAw,,44K544Od44O844OE44O744Ki44Km44OI44OJ44KiID4g44K544Od44O844OE44Km44Kn44Ki44O744Ki44Kv44K744K144Oq44O8ID4g44K544Od44O844OE55So44Kk44Oz44OK44O8ID4g44Oh44Oz44K644Kk44Oz44OK44O8ID4g44OI44OD44OX44K5,44CQ6YCB5paZ54Sh5paZ44CRTklLRSDjg4rjgqTjgq0gTlBDIOODj+OCpOODkeODvOOCr+ODvOODqyDjgrnjg5Tjg7zjg4njgrPjg7Pjg5fjg6zjg4Pjgrfjg6fjg7MgUy9TIOODiOODg+ODlw==,,44K544Od44O844OEICZndDsg44K544Od44O844OE5LiA6KanICZndDsg44K544Od44O844OE44Km44Kn44KiICZndDsg44Kz44Oz44OX44Os44OD44K344On44Oz44Km44Kn44Ki44O8ICZndDsg44OI44OD44OX44K5ICZndDsg44Oh44Oz44K6PGJyPgrjg6Hjg7zjgqvjg7zliKUgJmd0OyDjg4rooYwgJmd0OyDjgJDjg4rjgJEgJmd0OyDjg4rjgqTjgq3vvIhOSUtF77yJPGJyPgo8YnI+PGltZyBzcmM9Imh0dHBzOi8vaW1hZ2UucmFrdXRlbi5jby5qcC9jb20vaW1nL3Jtcy9jYWJpbmV0L3JlY29tbWVuZF9uZXcvaW1nMDAwMDA0NDQuZ2lmIiBib3JkZXI9IjAiIHdpZHRoPSIxMDAlIiAvPjxicj48YnI+Cgo8Yj4KMjAxNOW5tOWkj+OAgOODiOODrOODvOODi+ODs+OCsOOAgOOCpuOCqOOCouOAgOOCpOODs+ODiuODvCAKPC9iPgo8dGFibGU+Cjx0cj4KPHRkPgril49EUknvvI1GSVTjgrnjg4jjg6zjg4Pjg4Hjgrnjg6rjg7zjg5bjg4jjg4Pjg5c8YnI+CuKXj+iDjOmdouOBq+WFqOOBpuOBjOODoeODg+OCt+ODpeS7leanmOOBrumrmOOBhOmAmuawl+aAp+OCkuWun+ePvjxicj4K4peP44OV44Ot44Oz44OI44CB6IKp44Gr5o6b44GR44Gm44K544OI44Op44Kk44OX44Gu44OX44Oq44Oz44OI5YWl44KKPGJyPgril4/ogqnjgavoo5zlvLfnlKjjga7lnKfnnYDjg4bjg7zjg5fjgpLphY3nva4KPC90ZD4KPC90cj4KPC90YWJsZT4KPGltZyBzcmM9Imh0dHA6Ly9pbWFnZS5yYWt1dGVuLmNvLmpwL2tlbmtvZXgvY2FiaW5ldC9yZW5ld2FsX2F0dGVudGlvbi5qcGciICB3aWR0aD0iMTAwJSIgLz4KPHRhYmxlPgo8dHI+Cjx0aD7ntKDmnZA8L3RoPgo8dGQ+CuacrOS9k++8j+ODneODquOCqOOCueODhuODqzky77yF44CB44Od44Oq44Km44Os44K/44OzOO+8hQo8L3RkPgo8L3RyPgo8dHI+Cjx0aD7jgrXjgqTjgro8L3RoPgo8dGQ+ClMgTSBM44CACjwvdGQ+CjwvdHI+Cjx0cj4KPHRoPuOCq+ODqeODvDwvdGg+Cjx0ZD4K44OW44Op44OD44Kv77yP44Kv44O844Or44Kw44Os44O8PGJyPgrjgr/jg7zjg5zjgrDjg6rjg7zjg7PvvI/jg5zjg6vjg4gKPC90ZD4KPC90cj4KPHRyPgo8dGg+6KO96YCg5YWDPC90aD4KPHRkPgpuaWtlIAo8L3RkPgo8L3RyPgo8dHI+Cjx0aD7mpJzntKLnlKjmlofoqIA8L3RoPgo8dGQ+CuOAkOmAgeaWmeeEoeaWmeOAkU5JS0Ug44OK44Kk44KtIE5QQyDjg4/jgqTjg5Hjg7zjgq/jg7zjg6sg44K544OU44O844OJ44Kz44Oz44OX44Os44OD44K344On44OzIFMvUyDjg4jjg4Pjg5csMDg4NjU1MTY5ODc0OSwwODg2NTUxNjk4NzU2LDA4ODY1NTE2OTg3NjMsMDA5MTIwODA4OTk1OSwwMDkxMjA4MDg5OTY2CjwvdGQ+CjwvdHI+Cjx0cj4KPHRoPuW6g+WRiuaWh+iyrDwvdGg+Cjx0ZD4K5qCq5byP5Lya56S+44Kx44Oz44Kz44O844Ko44Kv44K544OX44Os44K5IFRFTDowMy02NDExLTU1MTMKPC90ZD4KPC90cj4KPC90YWJsZT48aHI+4pag44GK5bGK44GR5pa55rOV44Gv44GT44Gh44KJ44KS44Kv44Oq44OD44KvIDxicj4=,44CQ6YCB5paZ54Sh5paZ44CRTklLRSDjg4rjgqTjgq0gTlBDIOODj+OCpOODkeODvOOCr+ODvOODqyDjgrnjg5Tjg7zjg4njgrPjg7Pjg5fjg6zjg4Pjgrfjg6fjg7MgUy9TIOODiOODg+ODl++8muWBpeW6t+OCqOOCr+OCueODl+ODrOOCuQ==,6YCa5L+h6LKp5aOy6YCa6LKp44K344On44OD44OU44Oz44Kw44Kq44Oz44Op44Kk44Oz44K344On44OD44OU44Oz44Kw6LK344GE54mp44OX44Os44K844Oz44OI44Ku44OV44OI6LSI44KK54mp6LSI562U5ZOB44GK5Lit5YWD44GK5q2z5pqu44GK6LK344GE5b6X44Ki44Ks44Oq44Kv44K55LuZ55Sf6Zyy44Oh44K344Oe44Kz44OW6Iqx44Gz44KJ44Gf44GRQUhDQ+OCouODreOCqOadvuWvv+S7meOCs+OCqOODs+OCtuOCpOODoOWBpeW6t+OCqOOCr+OCueODl+ODrOOCuUNQTFJvQ+OCguOBmuOBj+ODleOCs+OCpOODgOODs+ODrOODs+ODgeODs+S4h+eUsOmFtee0oOODl+ODreODneODquOCueOCt+ODvOODleOCs+OCpOODgOODs+OCpuOCs+ODs+m7kumFouODq+ODn+ODs0HjgJDpgIHmlpnnhKHmlpnjgJFOSUtFIOODiuOCpOOCrSBOUEMg44OP44Kk44OR44O844Kv44O844OrIOOCueODlOODvOODieOCs+ODs+ODl+ODrOODg+OCt+ODp+ODsyBTL1Mg44OI44OD44OX,TklLRSDjg4rjgqTjgq0gTlBDIOODj+OCpOODkeODvOOCr+ODvOODqyDjgrnjg5Tjg7zjg4njgrPjg7Pjg5fjg6zjg4Pjgrfjg6fjg7PjgILjgJDpgIHmlpnnhKHmlpnjgJFOSUtFIOODiuOCpOOCrSBOUEMg44OP44Kk44OR44O844Kv44O844OrIOOCueODlOODvOODieOCs+ODs+ODl+ODrOODg+OCt+ODp+ODsyBTL1Mg44OI44OD44OX[rn]
17-128268,aHR0cDovL3RzaG9wLnIxMHMuanAva2Vua29leC9jYWJpbmV0LzExNzQvMTE3NC00OTM4NTkwMTA0NjA5XzEuanBnP2ZpdGluPTcwMDo3MDA=,MzI2NC4wMDAw,,44K544Od44O844OE44O744Ki44Km44OI44OJ44KiID4g44K544Od44O844OE44Km44Kn44Ki44O744Ki44Kv44K744K144Oq44O8ID4g44K544Od44O844OE55So44Kk44Oz44OK44O8ID4g44Oh44Oz44K644Kk44Oz44OK44O8ID4g44OI44OD44OX44K5,TUlaVU5PIOODn+OCuuODjiDjg5/jgrrjg47jgqjjgq/jgrXjgrXjgqTjgrrjg57jg4Pjg4gg5Zub44Gk5oqYW0M2Sk1BNTgwMDBd,,PHRhYmxlIGJvcmRlcj0iMSIgYm9yZGVyY29sb3I9IiM5OTkiIGNlbGxwYWRkaW5nPSIwIiBjZWxsc3BhY2luZz0iMCI+Cjx0cj4KPHRoPuOCq+ODqeODvDwvdGg+Cjx0ZD4K44OW44Op44OD44KvCjwvdGQ+CjwvdHI+Cjx0cj4KPHRoPuOCteOCpOOCuiA8L3RoPgo8dGQ+CuW5hTYxw5fplbfjgZUxODLDl+WOmuOBlTFjbQo8L3RkPgo8L3RyPgo8dHI+Cjx0aD7ntKDmnZA8L3RoPgo8dGQ+CuihqOmdou+8muODiuOCpOODreODszxiciAvPgroo4/pnaLvvJrjgqbjg6zjgr/jg7PliqDlt6UKPC90ZD4KPC90cj4KPHRyPgo8dGg+6KO96YCg5Zu9PC90aD4KPHRkPgrlj7Dmub7oo70KPC90ZD4KPC90cj4KPHRyPgo8dGg+6KO96YCg5YWDPC90aD4KPHRkPgrjg5/jgrrjg47moKrlvI/kvJrnpL4gTWl6dW5vCjwvdGQ+CjwvdHI+Cjx0cj4KPHRoPuaknOe0oueUqOaWh+iogDwvdGg+Cjx0ZD4KTUlaVU5PIOODn+OCuuODjiDjg5/jgrrjg47jgqjjgq/jgrXjgrXjgqTjgrrjg57jg4Pjg4hbQzZKTUE1ODAwMF0KPC90ZD4KPC90cj4KPHRyPgo8dGg+5bqD5ZGK5paH6LKsPC90aD4KPHRkPgrmoKrlvI/kvJrnpL7jgrHjg7PjgrPjg7zjgqjjgq/jgrnjg5fjg6zjgrkgVEVMOjAzLTY0MTEtNTUxMwo8L3RkPgo8L3RyPgo8L3RhYmxlPg==,TUlaVU5PIOODn+OCuuODjiDjg5/jgrrjg47jgqjjgq/jgrXjgrXjgqTjgrrjg57jg4Pjg4gg5Zub44Gk5oqYW0M2Sk1BNTgwMDBd77ya5YGl5bq344Ko44Kv44K544OX44Os44K5,6YCa5L+h6LKp5aOy6YCa6LKp44K344On44OD44OU44Oz44Kw44Kq44Oz44Op44Kk44Oz44K344On44OD44OU44Oz44Kw6LK344GE54mp44OX44Os44K844Oz44OI44Ku44OV44OI6LSI44KK54mp6LSI562U5ZOB44GK5Lit5YWD44GK5q2z5pqu44GK6LK344GE5b6X44Ki44Ks44Oq44Kv44K55LuZ55Sf6Zyy44Oh44K344Oe44Kz44OW6Iqx44Gz44KJ44Gf44GRQUhDQ+OCouODreOCqOadvuWvv+S7meOCs+OCqOODs+OCtuOCpOODoOWBpeW6t+OCqOOCr+OCueODl+ODrOOCuUNQTFJvQ+OCguOBmuOBj+ODleOCs+OCpOODgOODs+ODrOODs+ODgeODs+S4h+eUsOmFtee0oOODl+ODreODneODquOCueOCt+ODvOODleOCs+OCpOODgOODs+OCpuOCs+ODs+m7kumFouODq+ODn+ODs0FNSVpVTk8g44Of44K644OOIOODn+OCuuODjuOCqOOCr+OCteOCteOCpOOCuuODnuODg+ODiCDlm5vjgaTmiphbQzZKTUE1ODAwMF0=,TUlaVU5PIOODn+OCuuODjiDjg5/jgrrjg47jgqjjgq/jgrXjgrXjgqTjgrrjg57jg4Pjg4gg5Zub44Gk5oqYW0M244CCTUlaVU5PIOODn+OCuuODjiDjg5/jgrrjg47jgqjjgq/jgrXjgrXjgqTjgrrjg57jg4Pjg4gg5Zub44Gk5oqYW0M2Sk1BNTgwMDBd[rn]
17-128269,aHR0cDovL3RzaG9wLnIxMHMuanAvbmYvY2FiaW5ldC9rYi9qdy0xNjkuanBnP2ZpdGluPTcwMDo3MDA=,NjY0LjAwMDA=,,44K544Od44O844OE44O744Ki44Km44OI44OJ44KiID4g44K544Od44O844OE44Km44Kn44Ki44O744Ki44Kv44K744K144Oq44O8ID4g44K544Od44O844OE55So44Kk44Oz44OK44O8ID4g44Oh44Oz44K644Kk44Oz44OK44O8ID4g44OI44OD44OX44K5,44GK44Gf44G144GP44CA55m654axL+iqv+a5vyBCVOOCteODvOODouOCpOODs+ODiuODvOOCt+ODo+ODhCBKVy0xNjkgTeOCteOCpOOCug==,,PGJyPjxicj48dGFibGUgd2lkdGg9IjkwJSIgYm9yZGVyPSIwIiBjZWxsc3BhY2luZz0iMCIgY2VsbHBhZGRpbmc9IjAiPjx0cj48dGQgYmdjb2xvcj0ibmF2eSI+PHRhYmxlIHdpZHRoPSIxMDAlIiBib3JkZXI9IjAiIGNlbGxzcGFjaW5nPSIxIiBjZWxscGFkZGluZz0iNSI+PHRyPjx0ZCBiZ2NvbG9yPSJ3aGl0ZSI+PGI+44GT44Gu5ZWG5ZOB44Gr44Gk44GE44GmPC9iPjxicj48L3RkPjwvdHI+PC90YWJsZT48L3RkPjwvdHI+PC90YWJsZT48YnI+PGJyPuKAu+WGmeecn+OBr+OCpOODoeODvOOCuOOBp+OBmeOAguKAu+WVhuWTgeOBruips+e0sOOAgemBqeWQiOetieOBr+ODoeODvOOCq+ODvOOCguOBl+OBj+W9k+ekvuOBvuOBp+OBlOeiuuiqjeS4i+OBleOBhOOAguKAu+OBlOazqOaWh+WJjeOBq+i/t+aDkeODoeODvOODq+OBruOCu+OCreODpeODquODhuOCo+aMh+WumuOCkuOBlOeiuuiqjeS4i+OBleOBhOOAguKAu+W9k+ekvuOBruWgtOWQiOOAgeaOsui8ieS4reOBruWVhuWTgeOBr+OAgeOBlOazqOaWh+W+jOOBruODoeODvOOCq+ODvOeZuuazqOWVhuWTgeOCkuWkmuaVsOWQq+OCk+OBp+OBiuOCiuOBvuOBmeOBruOBp+OAgeOBlOazqOaWh+W+jOOAgeOAjOasoOWTgeS4reOAjeOAjOeUn+eUo+e1guS6huOAjeetieOBruWgtOWQiOOCguOBlOOBluOBhOOBvuOBmeOAguS6iOOCgeOBlOS6huaJv+S4i+OBleOBhOOAgg==,44GK44Gf44G144GP44CA55m654axL+iqv+a5vyBCVOOCteODvOODouOCpOODs+ODiuODvOOCt+ODo+ODhCBKVy0xNjkgTeOCteOCpOOCuu+8muOCq+ODvOeUqOWTgeWNuOWVj+Wxi+OAgOODi+ODpeODvOODleODreODs+ODhuOCog==,6YCa5L+h6LKp5aOy6YCa6LKp44K344On44OD44OU44Oz44Kw44Kq44Oz44Op44Kk44Oz44K344On44OD44OU44Oz44Kw6LK344GE54mp44OX44Os44K844Oz44OI44Ku44OV44OI6LSI44KK54mp6LSI562U5ZOB44GK5Lit5YWD44GK5q2z5pqu44GK6LK344GE5b6X44Kr44O855So5ZOB44Kr44O844OK44OT44Ky44O844K344On44Oz44Kr44O844Kq44O844OH44Kj44Kq55uX6Zuj6K2m5aCx5qmf44Oq44Oi44Kz44Oz44Ko44Oz44K444Oz44K544K/44O844K/44O844Kk44Oq44K444Km44Og44OX44Op44Kw44K344Oq44Kz44Oz44OX44Op44Kw44Kz44O844OJ44Kt44Oj44Oq44Ki77yl77y077yj6LuK6LyJ5ZmoSElE44OV44Kj44Or44Og44Ki44Oz44OG44OK44Oh44O844K/44O844OH44Kj44OD44Kt44O844K644OQ44Kk44Kv55So5ZOB44Kk44Oz44OQ44O844K/44O844K544OU44O844Kr44O8RFZE44K744Kt44Ol44Oq44OG44Kj44Os44O844OA44O85o6i55+l5qmf44OQ44OD44OG44Oq44O844GK44Gf44G144GP44CA55m654axL+iqv+a5vyBCVOOCteODvOODouOCpOODs+ODiuODvOOCt+ODo+ODhCBKVy0xNjkgTeOCteOCpOOCug==,44CA44CC44GK44Gf44G144GP44CA55m654axL+iqv+a5vyBCVOOCteODvOODouOCpOODs+ODiuODvOOCt+ODo+ODhCBKVy0xNjkgTeOCteOCpOOCug==[rn]
17-128270,aHR0cDovL3RzaG9wLnIxMHMuanAvbmYvY2FiaW5ldC9rYi9qdy0xNzAuanBnP2ZpdGluPTcwMDo3MDA=,NjY0LjAwMDA=,,44K544Od44O844OE44O744Ki44Km44OI44OJ44KiID4g44K544Od44O844OE44Km44Kn44Ki44O744Ki44Kv44K744K144Oq44O8ID4g44K544Od44O844OE55So44Kk44Oz44OK44O8ID4g44Oh44Oz44K644Kk44Oz44OK44O8ID4g44OI44OD44OX44K5,44GK44Gf44G144GP44CA6YGg6LWkIEJU44OR44Ov44O844K544OI44Os44OD44OB44OP44Kk44ON44OD44Kv44K344Oj44OEIEpXLTE3MCBM44K144Kk44K6,,PGJyPjxicj48dGFibGUgd2lkdGg9IjkwJSIgYm9yZGVyPSIwIiBjZWxsc3BhY2luZz0iMCIgY2VsbHBhZGRpbmc9IjAiPjx0cj48dGQgYmdjb2xvcj0ibmF2eSI+PHRhYmxlIHdpZHRoPSIxMDAlIiBib3JkZXI9IjAiIGNlbGxzcGFjaW5nPSIxIiBjZWxscGFkZGluZz0iNSI+PHRyPjx0ZCBiZ2NvbG9yPSJ3aGl0ZSI+PGI+44GT44Gu5ZWG5ZOB44Gr44Gk44GE44GmPC9iPjxicj48L3RkPjwvdHI+PC90YWJsZT48L3RkPjwvdHI+PC90YWJsZT48YnI+PGJyPuKAu+WGmeecn+OBr+OCpOODoeODvOOCuOOBp+OBmeOAguKAu+WVhuWTgeOBruips+e0sOOAgemBqeWQiOetieOBr+ODoeODvOOCq+ODvOOCguOBl+OBj+W9k+ekvuOBvuOBp+OBlOeiuuiqjeS4i+OBleOBhOOAguKAu+OBlOazqOaWh+WJjeOBq+i/t+aDkeODoeODvOODq+OBruOCu+OCreODpeODquODhuOCo+aMh+WumuOCkuOBlOeiuuiqjeS4i+OBleOBhOOAguKAu+W9k+ekvuOBruWgtOWQiOOAgeaOsui8ieS4reOBruWVhuWTgeOBr+OAgeOBlOazqOaWh+W+jOOBruODoeODvOOCq+ODvOeZuuazqOWVhuWTgeOCkuWkmuaVsOWQq+OCk+OBp+OBiuOCiuOBvuOBmeOBruOBp+OAgeOBlOazqOaWh+W+jOOAgeOAjOasoOWTgeS4reOAjeOAjOeUn+eUo+e1guS6huOAjeetieOBruWgtOWQiOOCguOBlOOBluOBhOOBvuOBmeOAguS6iOOCgeOBlOS6huaJv+S4i+OBleOBhOOAgg==,44GK44Gf44G144GP44CA6YGg6LWkIEJU44OR44Ov44O844K544OI44Os44OD44OB44OP44Kk44ON44OD44Kv44K344Oj44OEIEpXLTE3MCBM44K144Kk44K677ya44Kr44O855So5ZOB5Y245ZWP5bGL44CA44OL44Ol44O844OV44Ot44Oz44OG44Ki,6YCa5L+h6LKp5aOy6YCa6LKp44K344On44OD44OU44Oz44Kw44Kq44Oz44Op44Kk44Oz44K344On44OD44OU44Oz44Kw6LK344GE54mp44OX44Os44K844Oz44OI44Ku44OV44OI6LSI44KK54mp6LSI562U5ZOB44GK5Lit5YWD44GK5q2z5pqu44GK6LK344GE5b6X44Kr44O855So5ZOB44Kr44O844OK44OT44Ky44O844K344On44Oz44Kr44O844Kq44O844OH44Kj44Kq55uX6Zuj6K2m5aCx5qmf44Oq44Oi44Kz44Oz44Ko44Oz44K444Oz44K544K/44O844K/44O844Kk44Oq44K444Km44Og44OX44Op44Kw44K344Oq44Kz44Oz44OX44Op44Kw44Kz44O844OJ44Kt44Oj44Oq44Ki77yl77y077yj6LuK6LyJ5ZmoSElE44OV44Kj44Or44Og44Ki44Oz44OG44OK44Oh44O844K/44O844OH44Kj44OD44Kt44O844K644OQ44Kk44Kv55So5ZOB44Kk44Oz44OQ44O844K/44O844K544OU44O844Kr44O8RFZE44K744Kt44Ol44Oq44OG44Kj44Os44O844OA44O85o6i55+l5qmf44OQ44OD44OG44Oq44O844GK44Gf44G144GP44CA6YGg6LWkIEJU44OR44Ov44O844K544OI44Os44OD44OB44OP44Kk44ON44OD44Kv44K344Oj44OEIEpXLTE3MCBM44K144Kk44K6,44CA44CC44GK44Gf44G144GP44CA6YGg6LWkIEJU44OR44Ov44O844K544OI44Os44OD44OB44OP44Kk44ON44OD44Kv44K344Oj44OEIEpXLTE3MCBM44K144Kk44K6[rn]
17-128271,aHR0cDovL3RzaG9wLnIxMHMuanAvb3V0bGV0LWdyYXNzaG9wcGVyL2NhYmluZXQvMTYwNS94YTMxMjkuanBnP2ZpdGluPTcwMDo3MDA=,NDA3OS4yMDAw,,44K544Od44O844OE44O744Ki44Km44OI44OJ44KiID4g44K544Od44O844OE44Km44Kn44Ki44O744Ki44Kv44K744K144Oq44O8ID4g44K544Od44O844OE55So44Kk44Oz44OK44O8ID4g44Oh44Oz44K644Kk44Oz44OK44O8ID4g44OI44OD44OX44K5,44Ki44K344OD44Kv44K544CQYXNpY3PjgJHjg6zjg4fjgqPjg7zjgrkg44Ot44Oz44Kw44K544Oq44O844OWIOOCt+ODo+ODhCBYQTMxMjkgMTYwNSDjgqbjgqfjgqIg44Kk44Oz44OK44O8IOOCouODs+ODgOODvCDplbfoopYg44K544Od44O844OEIOmBi+WLlSDnt7Tnv5Ig6Kmm5ZCIIOOCs+ODs+ODl+ODrOODg+OCt+ODp+ODsyDjgqbjgqPjg6Hjg7Pjgrog5amm5Lq6,,PHA+PGltZyBzcmM9Imh0dHA6Ly9pbWFnZS5yYWt1dGVuLmNvLmpwL291dGxldC1ncmFzc2hvcHBlci9jYWJpbmV0LzE2MDUveGEzMTI5LmpwZyI+PC9wPgogICAgICAgICAgPHA+PGltZyBzcmM9Imh0dHA6Ly9pbWFnZS5yYWt1dGVuLmNvLmpwL291dGxldC1ncmFzc2hvcHBlci9jYWJpbmV0LzE2MDUveGEzMTI5XzEuanBnIj48L3A+CiAgICAgICAgICA8cD48aW1nIHNyYz0iaHR0cDovL2ltYWdlLnJha3V0ZW4uY28uanAvb3V0bGV0LWdyYXNzaG9wcGVyL2NhYmluZXQvMTYwNS94YTMxMjlfMi5qcGciPjwvcD4K4piF44Ki44K344OD44Kv44K544Gu44Ot44Oz44Kw44K544Oq44O844OW44K344Oj44OE77yBPGJyPgo8YnI+CuKXj+edgOeUqOOBq+OCiOOCiuS9k+W5ueOCkuWuieWumuOBq+OCteODneODvOODiOOBl+OAgeWLleOBjeOBq+OCreODrOOCkuWHuuOBl+OBvuOBme+8gTxicj4K4peP5Y+z6IO444CB5bem6KKW5Y+j44Gr5YaN5biw5Y+N5bCE44Ot44K044Oe44O844Kv44KS6KOF5YKZ44GX44Gm44GK44KK44CB5aSc6ZaT44Gu6YGL5YuV5pmC44Gu6KaW6KqN5oCn44KS6auY44KB44G+44GZ44CCPGJyPgril4/jg6njg7Pjg4vjg7PjgrDjgoTjg4jjg6zjg7zjg4vjg7PjgrDjgrfjg7zjg7PjgavmnIDpganjgafjgZnjgII8YnI+Cjxicj4K4pag57Sg5p2QPGJyPgrouqvpoIPvvJrjg53jg6rjgqjjgrnjg4bjg6s5MO+8heOAgeODneODquOCpuODrOOCv+ODszEw77yFPGJyPgrog4zkuK3ohIfoo48oMldBWeODiOODquOCs+ODg+ODiE5UKe+8muODneODquOCqOOCueODhuODqzg177yF44CB44Od44Oq44Km44Os44K/44OzMTXvvIU8YnI+CuiDjOS4reiEh+ijjyjjg5Hjg6/jg7zjg43jg4Pjg4gp77ya44Od44Oq44Ko44K544OG44OrNzXvvIXjgIHjg53jg6rjgqbjg6zjgr/jg7MyNe+8hTxicj4K4pag5LyB55S76KO96YCg6LKp5aOy5YWDIOagquW8j+S8muekvuOCouOCt+ODg+OCr+OCuTxicj4KPGJyPgrigLvnlLvlg4/jga/mkq7lvbHmmYLjga7nhafmmI7jga7lhbflkIjjgoTjgIHjgYrlrqLmp5jjga7jg5Hjgr3jgrPjg7PnkrDlooPjgavjgojjgorlrp/nianjgajlpJrlsJHnlbDjgarjgovloLTlkIjjgYzjgZTjgZbjgYTjgb7jgZnjga7jgafjgZTkuobmib/jgY/jgaDjgZXjgYTjgII8YnI+CjxCUj4KPEJSPgo8Yj7jg6Hjg7zjgqvjg7zooajoqJjjgrXjgqTjgro8L2I+PGJyPgrjgrXjgqTjgrrvvJrouqvplbfvvI/og7jlm7LvvI/og7Tlm7I8YnI+ClPvvJoxNTItMTU477yPNzctODPvvI81OC02NDxicj4KTe+8mjE1Ny0xNjPvvI84MC04Nu+8jzYxLTY3PGJyPgpM77yaMTYyLTE2OO+8jzgzLTg577yPNjQtNzA8YnI+Ck/vvJoxNjctMTcz77yPODYtOTLvvI82Ny03Mzxicj48YnI+Cjxicj4K4pag44Oh44O844Kr44O844GK5Y+W5a+E44Gb44Gu54K644CB55m66YCB44G+44GnNe+9njbllrbmpa3ml6XjgYvjgYvjgorjgb7jgZnjgILjgYrlrqLmp5jjgZTpg73lkIjjgafjga7ov5Tlk4Hjg7vkuqTmj5vjg7vjgq3jg6Pjg7Pjgrvjg6vjga/jgYrlj5fjgZHjgafjgY3jgb7jgZvjgpPjgII8YnI+CuKWoOODoeODvOOCq+ODvOWcqOW6q+asoeesrOOBp+OBr+asoOWTgeOBruWgtOWQiOOBjOOBguOCiuOBvuOBmTxicj4=,44Ki44K344OD44Kv44K544CQYXNpY3PjgJHjg6zjg4fjgqPjg7zjgrkg44Ot44Oz44Kw44K544Oq44O844OWIOOCt+ODo+ODhCBYQTMxMjkgMTYwNSDjgqbjgqfjgqIg44Kk44Oz44OK44O8IOOCouODs+ODgOODvCDplbfoopYg44K544Od44O844OEIOmBi+WLlSDnt7Tnv5Ig6Kmm5ZCIIOOCs+ODs+ODl+ODrOODg+OCt+ODp+ODsyDjgqbjgqPjg6Hjg7Pjgrog5amm5Lq677ya44K544Od44O844OE44K344On44OD44OXIOOCsOODqeOCueODm+ODg+ODkeODvA==,6YCa5L+h6LKp5aOy6YCa6LKp44K344On44OD44OU44Oz44Kw44Kq44Oz44Op44Kk44Oz44K344On44OD44OU44Oz44Kw6LK344GE54mp44OX44Os44K844Oz44OI44Ku44OV44OI6LSI44KK54mp6LSI562U5ZOB44GK5Lit5YWD44GK5q2z5pqu44GK6LK344GE5b6X44K544Od44O844OEIOeUqOWTgSDjgrDjg6njgrnjg5vjg4Pjg5Hjg7zjg6njg7Pjg4vjg7PjgrAg44K344Ol44O844K644K544Od44O844OEIOODkOODg+OCsOODi+ODpeODvOODkOODqeODs+OCueOAgOOCouOCt+ODg+OCr+OCueOAgOOCouOCpuODiOODieOCouOAgOODreOCtOOCueODoeODs+OCuiDjgrjjg6Pjg7zjgrgg5LiK5LiLIOOCu+ODg+ODiOODrOODh+OCo+ODvOOCuSDjgrjjg6Pjg7zjgrgg5LiK5LiLIG91dGxldCBncmFzc2hvcHBlcm5pa2UgYWRpZGFzIHB1bWEgcmVlYm9rIHNwZWVkbyBhcmVuYeODiuOCpOOCrSDjgqLjg4fjgqPjg4Djgrkg44OX44O844OeICDjg6rjg7zjg5zjg4Pjgq8g44K544OU44O844OJIOOCouODquODvOODiuOCpuOCo+ODs+ODieODluODrOODvOOCq+ODvOODqeODg+OCt+ODpeOCrOODvOODieOAgOOCteODs+ODgOODq+OAgOODnuODquODs+OCt+ODpeODvOOCuuOCuOODp+OCruODs+OCsCDjg57jg6njgr3jg7Mg44OI44Os44O844OL44Oz44Kw5rC05rOz44CA56u25rOzIOawtOedgOOCs+ODs+ODl+ODrOODg+OCt+ODp+ODs+OAgOODjuODvOOCueODleOCp+OCpOOCueOCueOCpOODoOOCpuOCp+OCouOCueODi+ODvOOCq+ODvOOAgOOCteODs+ODgOODq+a/gOWuieOAgOWQuOaxl+mAn+S5vuOCq+ODg+ODkeOAgFVQRuOAgOe0q+Wklue3muOAgOaOpeinpuWGt+aEn+ODiOODrOODvOODi+ODs+OCsCDjgqbjgqfjgqLjgqLjgqbjg4jjg6zjg4Pjg4jjgqLjgrfjg4Pjgq/jgrnjgJBhc2ljc+OAkeODrOODh+OCo+ODvOOCuSDjg63jg7PjgrDjgrnjg6rjg7zjg5Yg44K344Oj44OEIFhBMzEyOSAxNjA1IOOCpuOCp+OCoiDjgqTjg7Pjg4rjg7wg44Ki44Oz44OA44O8IOmVt+iiliDjgrnjg53jg7zjg4Qg6YGL5YuVIOe3tOe/kiDoqablkIgg44Kz44Oz44OX44Os44OD44K344On44OzIOOCpuOCo+ODoeODs+OCuiDlqabkuro=,4pagYXNpY3Pjga7jgrnjg4jjg6zjg4Pjg4Hjgrfjg6Pjg4TvvIHjgrjjg6Ag44Op44Oz44OL44Oz44Kw44CC44Ki44K344OD44Kv44K544CQYXNpY3PjgJHjg6zjg4fjgqPjg7zjgrkg44Ot44Oz44Kw44K544Oq44O844OWIOOCt+ODo+ODhCBYQTMxMjkgMTYwNSDjgqbjgqfjgqIg44Kk44Oz44OK44O8IOOCouODs+ODgOODvCDplbfoopYg44K544Od44O844OEIOmBi+WLlSDnt7Tnv5Ig6Kmm5ZCIIOOCs+ODs+ODl+ODrOODg+OCt+ODp+ODsyDjgqbjgqPjg6Hjg7Pjgrog5amm5Lq6[rn]
17-128272,aHR0cDovL3RzaG9wLnIxMHMuanAvb3V0bGV0LWdyYXNzaG9wcGVyL2NhYmluZXQvMTUxMi94YTM2MjMuanBnP2ZpdGluPTcwMDo3MDA=,Njc5OS4yMDAw,,44K544Od44O844OE44O744Ki44Km44OI44OJ44KiID4g44K544Od44O844OE44Km44Kn44Ki44O744Ki44Kv44K744K144Oq44O8ID4g44K544Od44O844OE55So44Kk44Oz44OK44O8ID4g44Oh44Oz44K644Kk44Oz44OK44O8ID4g44OI44OD44OX44K5,44CK6YCB5paZ54Sh5paZ44CL44Ki44K344OD44Kv44K544CQYXNpY3PjgJHjg6zjg4fjgqPjg7zjgrkgVydzIOODreODs+OCsCDjgr/jgqTjg4QgQ1IgWEEzNjIzIDE1MTIg44K544Od44O844OEIOODiOODrOODvOODi+ODs+OCsCDjg5XjgqPjg4Pjg4jjg43jgrkg44Op44Oz44OL44Oz44KwIFVW44Kr44OD44OIIOODnuODqeOCveODsyDjgrjjg6Ag44K544OR44OD44OEIOODrOOCruODs+OCuSDjgqbjgqPjg6Hjg7Pjgrog5amm5Lq6,,4piF44Ki44K344OD44Kv44K544Gu44Ot44Oz44Kw44K/44Kk44OE77yBPGJyPgo8YnI+CuKXj+WQuOaxl+mAn+S5vuODu1VW44Kr44OD44OI44O744K544OI44Os44OD44OB57Sg5p2Q44KS5L2/55So77yBPGJyPgril4/lj7Plvozjgqbjgqjjgrnjg4jlhoXlgbTjgavjg6Hjg4fjgqPjgqLjg53jgrHjg4Pjg4jku5jjgY3vvIE8YnI+CuKXj+WknOmWk+OBq+a0u+i6je+8geWGjei1t+WPjeWwhOe0oOadkOOCkuS9v+eUqO+8gTxicj4K4peP44Ki44K344OD44Kv44K554us6Ieq44Gu5oqA6KGT44Gn44Kk44Oz44OK44O844Oe44OD44K544Or44Gu6IO95Yqb44KS44K144Od44O844OI77yBPGJyPgril4/pqqjnm6Tjga7lpJblkajjgavphY3jgZfjgZ/jgrPjgqLjg5Djg6njg7Pjgrnjg5njg6vjg4jjgYzjgIHpqqjnm6TjgpLpganmraPjgarkvY3nva7jgafjgq3jg7zjg5fvvIE8YnI+Cjxicj4K4pag57Sg5p2QPGJyPgrouqvpoIPvvJrjg53jg6rjgqjjgrnjg4bjg6s4Ne+8heOAgeODneODquOCpuODrOOCv+ODszE177yFPGJyPgrjgqbjgqjjgrnjg4jvvJrjg53jg6rjgqjjgrnjg4bjg6s4MO+8heOAgeODneODquOCpuODrOOCv+ODszIw77yFPGJyPgrilqDkvIHnlLvoo73pgKDosqnlo7LlhYMg5qCq5byP5Lya56S+44Ki44K344OD44Kv44K5PGJyPgo8YnI+CuKAu+eUu+WDj+OBruOCq+ODqeODvOOBr+OAgeaSruW9seaZguOBrueFp+aYjuetieOBruWFt+WQiOOBq+OCiOOCiuWun+eJqeOBqOeVsOOBquOCi+WPr+iDveaAp+OBjOOBlOOBluOBhOOBvuOBmeOAgjxicj4K44Gq44GK44CB5ZWG5ZOB44Gu6Imy44Gu6KaL44GI5pa544Go5a6f54mp44Gu6Imy44Gv44CB44GK5a6i5qeY44Gu44GU5L2/55So44GV44KM44Gm44GE44KL44OR44K944Kz44Oz44O744Oi44OL44K/44O844Gu55Kw5aKD562J44Gr44KI44KK5aSa5bCR55Ww44Gq44KL5aC05ZCI44GM44GU44GW44GE44G+44GZ44Gu44Gn44GU5LqG5om/44GP44Gg44GV44GE44CCCjxCUj4KPEJSPgo8Yj7jg6Hjg7zjgqvjg7zooajoqJjjgrXjgqTjgro8L2I+PGJyPgrjgrXjgqTjgrrvvJrouqvplbfvvI/jgqbjgqjjgrnjg4g8YnI+ClPvvJoxNTItMTU477yPNTgtNjQ8YnI+Ck3vvJoxNTctMTYz77yPNjEtNjc8YnI+CkzvvJoxNjItMTY477yPNjQtNzA8YnI+Ck/vvJoxNjctMTcz77yPNjctNzM8YnI+PGJyPgo8YnI+CuKWoOODoeODvOOCq+ODvOOBiuWPluWvhOOBm+OBrueCuuOAgeeZuumAgeOBvuOBpzXvvZ425Za25qWt5pel44GL44GL44KK44G+44GZ44CC44GK5a6i5qeY44GU6YO95ZCI44Gn44Gu6L+U5ZOB44O75Lqk5o+b44O744Kt44Oj44Oz44K744Or44Gv44GK5Y+X44GR44Gn44GN44G+44Gb44KT44CCPGJyPgrilqDjg6Hjg7zjgqvjg7zlnKjluqvmrKHnrKzjgafjga/mrKDlk4Hjga7loLTlkIjjgYzjgYLjgorjgb7jgZk8YnI+,44CK6YCB5paZ54Sh5paZ44CL44Ki44K344OD44Kv44K544CQYXNpY3PjgJHjg6zjg4fjgqPjg7zjgrkgVydzIOODreODs+OCsCDjgr/jgqTjg4QgQ1IgWEEzNjIzIDE1MTIg44K544Od44O844OEIOODiOODrOODvOODi+ODs+OCsCDjg5XjgqPjg4Pjg4jjg43jgrkg44Op44Oz44OL44Oz44KwIFVW44Kr44OD44OIIOODnuODqeOCveODsyDjgrjjg6Ag44K544OR44OD44OEIOODrOOCruODs+OCuSDjgqbjgqPjg6Hjg7Pjgrog5amm5Lq677ya44K544Od44O844OE44K344On44OD44OXIOOCsOODqeOCueODm+ODg+ODkeODvA==,6YCa5L+h6LKp5aOy6YCa6LKp44K344On44OD44OU44Oz44Kw44Kq44Oz44Op44Kk44Oz44K344On44OD44OU44Oz44Kw6LK344GE54mp44OX44Os44K844Oz44OI44Ku44OV44OI6LSI44KK54mp6LSI562U5ZOB44GK5Lit5YWD44GK5q2z5pqu44GK6LK344GE5b6X44K544Od44O844OEIOeUqOWTgSDjgrDjg6njgrnjg5vjg4Pjg5Hjg7zjg6njg7Pjg4vjg7PjgrAg44K344Ol44O844K644K544Od44O844OEIOODkOODg+OCsOODi+ODpeODvOODkOODqeODs+OCueOAgOOCouOCt+ODg+OCr+OCueOAgOOCouOCpuODiOODieOCouOAgOODreOCtOOCueODoeODs+OCuiDjgrjjg6Pjg7zjgrgg5LiK5LiLIOOCu+ODg+ODiOODrOODh+OCo+ODvOOCuSDjgrjjg6Pjg7zjgrgg5LiK5LiLIG91dGxldCBncmFzc2hvcHBlcm5pa2UgYWRpZGFzIHB1bWEgcmVlYm9rIHNwZWVkbyBhcmVuYeODiuOCpOOCrSDjgqLjg4fjgqPjg4Djgrkg44OX44O844OeICDjg6rjg7zjg5zjg4Pjgq8g44K544OU44O844OJIOOCouODquODvOODiuOCpuOCo+ODs+ODieODluODrOODvOOCq+ODvOODqeODg+OCt+ODpeOCrOODvOODieOAgOOCteODs+ODgOODq+OAgOODnuODquODs+OCt+ODpeODvOOCuuOCuOODp+OCruODs+OCsCDjg57jg6njgr3jg7Mg44OI44Os44O844OL44Oz44Kw5rC05rOz44CA56u25rOzIOawtOedgOOCs+ODs+ODl+ODrOODg+OCt+ODp+ODs+OAgOODjuODvOOCueODleOCp+OCpOOCueOCueOCpOODoOOCpuOCp+OCouOCueODi+ODvOOCq+ODvOOAgOOCteODs+ODgOODq+a/gOWuieOAgOWQuOaxl+mAn+S5vuOCq+ODg+ODkeOAgFVQRuOAgOe0q+Wklue3muOAgOaOpeinpuWGt+aEn+ODiOODrOODvOODi+ODs+OCsCDjgqbjgqfjgqLjgqLjgqbjg4jjg6zjg4Pjg4jjgIrpgIHmlpnnhKHmlpnjgIvjgqLjgrfjg4Pjgq/jgrnjgJBhc2ljc+OAkeODrOODh+OCo+ODvOOCuSBXJ3Mg44Ot44Oz44KwIOOCv+OCpOODhCBDUiBYQTM2MjMgMTUxMiDjgrnjg53jg7zjg4Qg44OI44Os44O844OL44Oz44KwIOODleOCo+ODg+ODiOODjeOCuSDjg6njg7Pjg4vjg7PjgrAgVVbjgqvjg4Pjg4gg44Oe44Op44K944OzIOOCuOODoCDjgrnjg5Hjg4Pjg4Qg44Os44Ku44Oz44K5IOOCpuOCo+ODoeODs+OCuiDlqabkuro=,4pagYXNpY3Pjga7jg63jg7PjgrDjgr/jgqTjg4TvvIEg6YGL5YuVIOe0q+Wklue3muOAguOAiumAgeaWmeeEoeaWmeOAi+OCouOCt+ODg+OCr+OCueOAkGFzaWNz44CR44Os44OH44Kj44O844K5IFcncyDjg63jg7PjgrAg44K/44Kk44OEIENSIFhBMzYyMyAxNTEyIOOCueODneODvOODhCDjg4jjg6zjg7zjg4vjg7PjgrAg44OV44Kj44OD44OI44ON44K5IOODqeODs+ODi+ODs+OCsCBVVuOCq+ODg+ODiCDjg57jg6njgr3jg7Mg44K444OgIOOCueODkeODg+ODhCDjg6zjgq7jg7Pjgrkg44Km44Kj44Oh44Oz44K6IOWppuS6ug==[rn]
17-128273,aHR0cDovL3RzaG9wLnIxMHMuanAvb3V0bGV0LWdyYXNzaG9wcGVyL2NhYmluZXQvMTUxMC8xMjEwMC0zLTQuanBnP2ZpdGluPTcwMDo3MDA=,NTU5LjIwMDA=,,44K544Od44O844OE44O744Ki44Km44OI44OJ44KiID4g44K544Od44O844OE44Km44Kn44Ki44O744Ki44Kv44K744K144Oq44O8ID4g44K544Od44O844OE55So44Kk44Oz44OK44O8ID4g44Oh44Oz44K644Kk44Oz44OK44O8ID4g44OI44OD44OX44K5,44Kw44Op44OG44OD44Kv44K544CQR1JBVEVY44CR44Oh44Oz44K6IOijj+i1t+avmyDjgqTjg7Pjg4rjg7wg6ZW36KKWIOOCt+ODo+ODhCAxMjEwMCAxMjEwMyAxMjEwNCAxNTEwIOOCr+ODq+ODvOODjeODg+OCryDjg4/jgqTjg43jg4Pjgq8g44K/44O844OI44Or44ON44OD44KvIOS4uOmmliDjgrfjg6Pjg4Qg44K544Od44O844OEICDntLPlo6sg55S35oCn,,PHA+PGltZyBzcmM9Imh0dHA6Ly9pbWFnZS5yYWt1dGVuLmNvLmpwL291dGxldC1ncmFzc2hvcHBlci9jYWJpbmV0LzE1MTAvMTIxMDAtMy00LmpwZyI+PC9wPgogICAgICAgICAgPHA+PGltZyBzcmM9Imh0dHA6Ly9pbWFnZS5yYWt1dGVuLmNvLmpwL291dGxldC1ncmFzc2hvcHBlci9jYWJpbmV0LzE1MTAvMTIxMDAtMy00XzEuanBnIj48L3A+CiAgICAgICAgICA8cD48aW1nIHNyYz0iaHR0cDovL2ltYWdlLnJha3V0ZW4uY28uanAvb3V0bGV0LWdyYXNzaG9wcGVyL2NhYmluZXQvMTUxMC8xMjEwMC0zLTRfMi5qcGciPjwvcD4K4piF57Sg5p2Q44Go552A5b+D5Zyw44Gr44Gg44KP44Gj44Gf5pqW44GL44Kk44Oz44OK44O844K344Oj44OE77yBPGJyPgo8YnI+CuKXj+iWhOaJi+OBrueUn+WcsOOBq+WKoOOBiOOAgeOCueODiOODrOODg+ODgee0oOadkOOBp+mHjeOBreedgOOBl+OBpuOCguWLleOBjeOChOOBmeOBhO+8gTxicj4K4peP44Kv44Or44O844ON44OD44Kv44CB44OP44Kk44ON44OD44Kv44CB44K/44O844OI44Or44ON44OD44Kv44Go5pyN44Gr5ZCI44KP44Gb44Gm6YG444G544KLM+eorumhnuOBruW9ouOAgjxicj4K4peP6KOP6LW35q+b44Gn5pqW44GL44GV5oyB57aa77yB6KOP5Zyw44Gv44OU44O844OB44K544Kt44Oz57Sg5p2Q44CC6KGo6Z2i44GM5qGD44Gu6IKM6Kem44KK44Gu44KI44GG44Gq5oSf6Kem44Gn44CB5p+U44KJ44GL44GP44GX44Gj44Go44KK44Go44GX44Gf6aKo5ZCI44GE44CC44KE44GV44GX44GE552A5b+D5Zyw77yBPGJyPgril4/jgYrku5XkuovjgafljprnnYDjgYzjgafjgY3jgarjgYTmlrnjgavjgoLjgYrjgrnjgrnjg6HvvIHlhrfjgYjovrzjgb/mmYLjgavkv53muKnmgKfjgpLnmbrmj67jgII8YnI+Cjxicj4KPGZvbnQgY29sb3I9InJlZCI+PGI+CuKAu+OBk+OBoeOCieOBruWVhuWTgeOBr+OCt+ODo+ODhOOBruOBv+OBp+OBmeOAgjwvYj48L2ZvbnQ+PGJyPgo8YnI+CuKWoOe0oOadkO+8muODneODquOCqOOCueODhuODqzkwJeOAgeODneODquOCpuODrOOCv+ODszEwJTxicj4KPGJyPgrigLvllYblk4Hjga7oibLjga7opovjgYjmlrnjgajlrp/nianjga7oibLjga/jgIHjgYrlrqLmp5jjga7jgZTkvb/nlKjjgZXjgozjgabjgYTjgovjg5Hjgr3jgrPjg7Pjg7vjg6Ljg4vjgr/jg7zjga7nkrDlooPnrYnjgavjgojjgorlpJrlsJHnlbDjgarjgovloLTlkIjjgYzjgZTjgZbjgYTjgb7jgZnjga7jgafjgZTkuobmib/jgY/jgaDjgZXjgYTjgIIKPEJSPgo8QlI+Ck1FTidTPGJyPgrjgrXjgqTjgrrvvJrouqvplbfvvI/jg4Hjgqfjgrnjg4jvvI/jgqbjgqjjgrnjg4g8YnI+Ck3vvJoxNjUtMTc177yPODgtOTbvvI83Ni04NDxicj4KTO+8mjE3NS0xODXvvI85Ni0xMDTvvI84NC05NDxicj4KTEzvvJoxNzUtMTg177yPMTA0LTExMu+8jzk0LTEwNDxicj4KM0zvvJoxNzUtMTg177yPMTA4LTExNu+8jzk4LTEwODxicj4K4oC744Oi44OH44OrMTY2Y20vNjBrZyDvvK3jgrXjgqTjgrrnnYDnlKg8YnI+PGZvbnQgc2l6ZT00PjxiPgrjg5Hjg7Pjg4TljZjkvZPjga/jgZPjgaHjgok8YnI+PGJyPgrkuIrkuIvjgrvjg4Pjg4jjga/jgZPjgaHjgok8L2I+PC9mb250Pjxicj48YnI+PGJyPgo8YnI+,44Kw44Op44OG44OD44Kv44K544CQR1JBVEVY44CR44Oh44Oz44K6IOijj+i1t+avmyDjgqTjg7Pjg4rjg7wg6ZW36KKWIOOCt+ODo+ODhCAxMjEwMCAxMjEwMyAxMjEwNCAxNTEwIOOCr+ODq+ODvOODjeODg+OCryDjg4/jgqTjg43jg4Pjgq8g44K/44O844OI44Or44ON44OD44KvIOS4uOmmliDjgrfjg6Pjg4Qg44K544Od44O844OEICDntLPlo6sg55S35oCn77ya44K544Od44O844OE44K344On44OD44OXIOOCsOODqeOCueODm+ODg+ODkeODvA==,6YCa5L+h6LKp5aOy6YCa6LKp44K344On44OD44OU44Oz44Kw44Kq44Oz44Op44Kk44Oz44K344On44OD44OU44Oz44Kw6LK344GE54mp44OX44Os44K844Oz44OI44Ku44OV44OI6LSI44KK54mp6LSI562U5ZOB44GK5Lit5YWD44GK5q2z5pqu44GK6LK344GE5b6X44K544Od44O844OEIOeUqOWTgSDjgrDjg6njgrnjg5vjg4Pjg5Hjg7zjg6njg7Pjg4vjg7PjgrAg44K344Ol44O844K644K544Od44O844OEIOODkOODg+OCsOODi+ODpeODvOODkOODqeODs+OCueOAgOOCouOCt+ODg+OCr+OCueOAgOOCouOCpuODiOODieOCouOAgOODreOCtOOCueODoeODs+OCuiDjgrjjg6Pjg7zjgrgg5LiK5LiLIOOCu+ODg+ODiOODrOODh+OCo+ODvOOCuSDjgrjjg6Pjg7zjgrgg5LiK5LiLIG91dGxldCBncmFzc2hvcHBlcm5pa2UgYWRpZGFzIHB1bWEgcmVlYm9rIHNwZWVkbyBhcmVuYeODiuOCpOOCrSDjgqLjg4fjgqPjg4Djgrkg44OX44O844OeICDjg6rjg7zjg5zjg4Pjgq8g44K544OU44O844OJIOOCouODquODvOODiuOCpuOCo+ODs+ODieODluODrOODvOOCq+ODvOODqeODg+OCt+ODpeOCrOODvOODieOAgOOCteODs+ODgOODq+OAgOODnuODquODs+OCt+ODpeODvOOCuuOCuOODp+OCruODs+OCsCDjg57jg6njgr3jg7Mg44OI44Os44O844OL44Oz44Kw5rC05rOz44CA56u25rOzIOawtOedgOOCs+ODs+ODl+ODrOODg+OCt+ODp+ODs+OAgOODjuODvOOCueODleOCp+OCpOOCueOCueOCpOODoOOCpuOCp+OCouOCueODi+ODvOOCq+ODvOOAgOOCteODs+ODgOODq+a/gOWuieOAgOWQuOaxl+mAn+S5vuOCq+ODg+ODkeOAgFVQRuOAgOe0q+Wklue3muOAgOaOpeinpuWGt+aEn+ODiOODrOODvOODi+ODs+OCsCDjgqbjgqfjgqLjgqLjgqbjg4jjg6zjg4Pjg4jjgrDjg6njg4bjg4Pjgq/jgrnjgJBHUkFURVjjgJHjg6Hjg7Pjgrog6KOP6LW35q+bIOOCpOODs+ODiuODvCDplbfoopYg44K344Oj44OEIDEyMTAwIDEyMTAzIDEyMTA0IDE1MTAg44Kv44Or44O844ON44OD44KvIOODj+OCpOODjeODg+OCryDjgr/jg7zjg4jjg6vjg43jg4Pjgq8g5Li46aaWIOOCt+ODo+ODhCDjgrnjg53jg7zjg4QgIOe0s+WjqyDnlLfmgKc=,4pagR1JBVEVY44Gu6KOP6LW35q+b44Kk44Oz44OK44O86ZW36KKW44K344Oj44OE77yB44CC44Kw44Op44OG44OD44Kv44K544CQR1JBVEVY44CR44Oh44Oz44K6IOijj+i1t+avmyDjgqTjg7Pjg4rjg7wg6ZW36KKWIOOCt+ODo+ODhCAxMjEwMCAxMjEwMyAxMjEwNCAxNTEwIOOCr+ODq+ODvOODjeODg+OCryDjg4/jgqTjg43jg4Pjgq8g44K/44O844OI44Or44ON44OD44KvIOS4uOmmliDjgrfjg6Pjg4Qg44K544Od44O844OEICDntLPlo6sg55S35oCn[rn]
17-128274,aHR0cDovL3RzaG9wLnIxMHMuanAvb3V0bGV0LWdyYXNzaG9wcGVyL2NhYmluZXQvMTMwNC8xMzA0LWI0MTAyMTAwNWQuanBnP2ZpdGluPTcwMDo3MDA=,Nzc3NS4yMDAw,,44K544Od44O844OE44O744Ki44Km44OI44OJ44KiID4g44K544Od44O844OE44Km44Kn44Ki44O744Ki44Kv44K744K144Oq44O8ID4g44K544Od44O844OE55So44Kk44Oz44OK44O8ID4g44Oh44Oz44K644Kk44Oz44OK44O8ID4g44OI44OD44OX44K5,44CK6YCB5paZ54Sh5paZ44CL44K544Kt44Oz44K644CQc2tpbnPjgJHjgqbjgqPjg6Hjg7Pjgrog44Ot44Oz44Kw44K544Oq44O844OW44OI44OD44OXIEI0MTAyMTAwNUQg44Kz44Oz44OX44Os44OD44K344On44Oz44Km44Kn44KiIOOCueODneODvOODhCDjg5XjgqPjg4Pjg4jjg43jgrkg44Op44Oz44OL44Oz44KwIEE0MDDjgrfjg6rjg7zjgrog44CQ44Os44OH44Kj44O844K544CR,,4piFU0tJTlPjgqbjgqPjg6Hjg7Pjgrrjg63jg7PjgrDjgrnjg6rjg7zjg5bjg4jjg4Pjg5fvvIE8YnI+Cjxicj4K4peP44K544Kt44Oz44K644Gr44KI44KK55Sf44G/5Ye644GV44KM44Gf5YuV55qE5q616ZqO55qE552A5ZynKOODgOOCpOODiuODn+ODg+OCr+OCs+ODs+ODl+ODrOODg+OCt+ODp+ODsynjga/jgIHjg5fjg6zjgqTjg6Tjg7zjga7ouqvkvZPjgpLljZjjgavjgY3jgaTjgY/nt6DjgoHjgovjga7jgafjga/jgarjgY/jgIEK6Lqr5L2T44Gu44Gd44KM44Ge44KM44Gu5L2N572u44Gr6YGp44GX44Gf44Os44OZ44Or44Gu552A5Zyn44KS5LiO44GI44G+44GZ44CCPGJyPgril4/jgb7jgZ/jgIHnrYvogonjga7mjK/li5XjgIHmgKrmiJHjga7jg6rjgrnjgq/jgIHjgZ3jgZfjgabouqvkvZPjga7osqDmi4XjgpLjg6rjgqvjg5Djg6rjg7zjgZfjgb7jgZnjgII8YnI+CuKXj0E0MDDjgYzmnInjgZnjgovjgZPjgYbjgZfjgZ/nibnplbfjgYvjgonjgIHoqablkIjjga7pgKPmiKbjgoTjg4jjg6zjg7zjg4vjg7PjgrDjgpLlirnmnpznmoTjgavooYzjgYbjgZPjgajjgYzlj6/og73jgII8YnI+CuKXj0E0MDDjga/nrYvogonjgpLmrrXpmo7nmoTjgavjgrXjg53jg7zjg4jjgILouqvkvZPjga7li5XjgY3jgpLlpqjjgZLjgZ/jgY/jgarjgYTpg6jliIbjgavjga/jg6Hjg6Ljg6rjg7zvvK3vvLjjgpLphY3nva7jgII8YnI+CuKXj+eUn+S9k+WKm+WtpuOCkuOCguOBqOOBqzXnqK7poZ7jga7nlJ/lnLDjgpLjgZ3jgozjgZ7jgozjga7kvY3nva7jgavkvb/nlKjjgZfjgabjgIHjgZnjgZDjgozjgZ/lirnmnpzjgYznmbrmj67jgafjgY3jgovjgojjgYblhajkvZPjgpLoqK3oqIjjgII8YnI+CuKXj+ODkeODjeODquODs+OCsOOCgui6q+S9k+OBruani+mAoOOBq+mWouOBmeOCi+eglOeptue1kOaenOOCkuWPguiAg+OBq+ihjOOBo+OBpuOBhOOBvuOBmeOAgjxicj4KPGJyPgrilqDntKDmnZDjgIDjg4rjgqTjg63jg7PjgIHjg53jg6rjgqbjg6zjgr/jg7MKPEJSPgo8QlI+CuKWoOOCteOCpOOCuiBYU+OAgVPjgIFN44CBTDxicj4K44K144Kk44K644OB44Oj44O844OI44KS44GU5Y+C54Wn44GP44Gg44GV44GE44CCPGJyPjxicj4=,44CK6YCB5paZ54Sh5paZ44CL44K544Kt44Oz44K644CQc2tpbnPjgJHjgqbjgqPjg6Hjg7Pjgrog44Ot44Oz44Kw44K544Oq44O844OW44OI44OD44OXIEI0MTAyMTAwNUQg44Kz44Oz44OX44Os44OD44K344On44Oz44Km44Kn44KiIOOCueODneODvOODhCDjg5XjgqPjg4Pjg4jjg43jgrkg44Op44Oz44OL44Oz44KwIEE0MDDjgrfjg6rjg7zjgrog44CQ44Os44OH44Kj44O844K544CR77ya44K544Od44O844OE44K344On44OD44OXIOOCsOODqeOCueODm+ODg+ODkeODvA==,6YCa5L+h6LKp5aOy6YCa6LKp44K344On44OD44OU44Oz44Kw44Kq44Oz44Op44Kk44Oz44K344On44OD44OU44Oz44Kw6LK344GE54mp44OX44Os44K844Oz44OI44Ku44OV44OI6LSI44KK54mp6LSI562U5ZOB44GK5Lit5YWD44GK5q2z5pqu44GK6LK344GE5b6X44K544Od44O844OEIOeUqOWTgSDjgrDjg6njgrnjg5vjg4Pjg5Hjg7zjg6njg7Pjg4vjg7PjgrAg44K344Ol44O844K644K544Od44O844OEIOODkOODg+OCsOODi+ODpeODvOODkOODqeODs+OCueOAgOOCouOCt+ODg+OCr+OCueOAgOOCouOCpuODiOODieOCouOAgOODreOCtOOCueODoeODs+OCuiDjgrjjg6Pjg7zjgrgg5LiK5LiLIOOCu+ODg+ODiOODrOODh+OCo+ODvOOCuSDjgrjjg6Pjg7zjgrgg5LiK5LiLIG91dGxldCBncmFzc2hvcHBlcm5pa2UgYWRpZGFzIHB1bWEgcmVlYm9rIHNwZWVkbyBhcmVuYeODiuOCpOOCrSDjgqLjg4fjgqPjg4Djgrkg44OX44O844OeICDjg6rjg7zjg5zjg4Pjgq8g44K544OU44O844OJIOOCouODquODvOODiuOCpuOCo+ODs+ODieODluODrOODvOOCq+ODvOODqeODg+OCt+ODpeOCrOODvOODieOAgOOCteODs+ODgOODq+OAgOODnuODquODs+OCt+ODpeODvOOCuuOCuOODp+OCruODs+OCsCDjg57jg6njgr3jg7Mg44OI44Os44O844OL44Oz44Kw5rC05rOz44CA56u25rOzIOawtOedgOOCs+ODs+ODl+ODrOODg+OCt+ODp+ODs+OAgOODjuODvOOCueODleOCp+OCpOOCueOCueOCpOODoOOCpuOCp+OCouOCueODi+ODvOOCq+ODvOOAgOOCteODs+ODgOODq+a/gOWuieOAgOWQuOaxl+mAn+S5vuOCq+ODg+ODkeOAgFVQRuOAgOe0q+Wklue3muOAgOaOpeinpuWGt+aEn+ODiOODrOODvOODi+ODs+OCsCDjgqbjgqfjgqLjgqLjgqbjg4jjg6zjg4Pjg4jjgIrpgIHmlpnnhKHmlpnjgIvjgrnjgq3jg7PjgrrjgJBza2luc+OAkeOCpuOCo+ODoeODs+OCuiDjg63jg7PjgrDjgrnjg6rjg7zjg5bjg4jjg4Pjg5cgQjQxMDIxMDA1RCDjgrPjg7Pjg5fjg6zjg4Pjgrfjg6fjg7PjgqbjgqfjgqIg44K544Od44O844OEIOODleOCo+ODg+ODiOODjeOCuSDjg6njg7Pjg4vjg7PjgrAgQTQwMOOCt+ODquODvOOCuiDjgJDjg6zjg4fjgqPjg7zjgrnjgJE=,4pagU0tJTlPjgqbjgqPjg6Hjg7Pjgrrjg63jg7PjgrDjgrnjg6rjg7zjg5bjg4jjg4Pjg5fvvIHjgILjgIrpgIHmlpnnhKHmlpnjgIvjgrnjgq3jg7PjgrrjgJBza2luc+OAkeOCpuOCo+ODoeODs+OCuiDjg63jg7PjgrDjgrnjg6rjg7zjg5bjg4jjg4Pjg5cgQjQxMDIxMDA1RCDjgrPjg7Pjg5fjg6zjg4Pjgrfjg6fjg7PjgqbjgqfjgqIg44K544Od44O844OEIOODleOCo+ODg+ODiOODjeOCuSDjg6njg7Pjg4vjg7PjgrAgQTQwMOOCt+ODquODvOOCuiDjgJDjg6zjg4fjgqPjg7zjgrnjgJE=[rn]
17-128275,aHR0cDovL3RzaG9wLnIxMHMuanAvb3V0bGV0LWdyYXNzaG9wcGVyL2NhYmluZXQvMTMwMi8xMzAyLWFjdG0uanBnP2ZpdGluPTcwMDo3MDA=,NTI3OS4yMDAw,,44K544Od44O844OE44O744Ki44Km44OI44OJ44KiID4g44K544Od44O844OE44Km44Kn44Ki44O744Ki44Kv44K744K144Oq44O8ID4g44K544Od44O844OE55So44Kk44Oz44OK44O8ID4g44Oh44Oz44K644Kk44Oz44OK44O8ID4g44OI44OD44OX44K5,44CK6YCB5paZ54Sh5paZ44CL44Kz44Op44Oz44OI44OD44OG44CQQ09MQU5UT1RUReOAkeOCv+ODs+OCr+ODiOODg+ODlyDjg6Hjg4Pjgrfjg6UgQUNUTSAxNTAyIOihgOihjOaUueWWhCDno4HmsJcg44Kz44OqIOe3qeWSjCDjgqTjg7Pjg4rjg7wg44CQ44Oh44Oz44K644CR44CQ44Os44OH44Kj44O844K544CR,,4peP6IKp44O76IOM5Lit44Gu6KOF552A6YOo5YiG44Gu6KGA6KGM44KS5pS55ZaE44GX44CB44Kz44Oq44KS57ep5ZKM44CCPGJyPgril4/ljLvnmYLmqZ/lmajjgajjgZfjgaboqo3oqLzjgZXjgozjgabjgYTjgovmnKznianjga7lgaXlurfjgq7jgqLjga7lirnmnpzjgpLkvZPmhJ/jgafjgY3jgb7jgZnjgII8YnI+IAril4/jgbvjganoia/jgYTjgrnjg4jjg6zjg4Pjg4HmgKfjgpLmjIHjgaTjgrnjg5Hjg7Pjg4fjg4Pjgq/jgrnjgpLkvb/nlKjjgZfjgZ/jg6Hjg4Pjgrfjg6XntKDmnZDjgafli5XjgY3jgoTjgZnjgY/jgIHlv6vpganjgarkvb/nlKjmhJ/jgafjgZnjgII8YnI+IAril4/mipfoj4zpmLLoh63mqZ/og73jgoTlkLjmsLTpgJ/kub7mqZ/og73jgpLku5jliqDjgZfjgabjgYTjgovntKDmnZDjgpLkvb/nlKjjgZfjgabjgYTjgovjga7jgafjgIHml6XjgIXjga7nnYDnlKjjgaDjgZHjgafjgarjgY/jgIHmsZfjgpLjgYvjgY/nnaHnnKDmmYLjgoTjgrnjg53jg7zjg4Tjgrfjg7zjg7PjgafjgoLlv6vpganjgarnnYDlv4PlnLDjgII8YnI+Cjxicj4K4pag57Sg5p2QICjmnKzkvZMp44Od44Oq44Ko44K544OG44Or44CB44Od44Oq44Km44Os44K/44Oz44CB57a/PGJyPgrjg5Xjgqfjg6njgqTjg4jmsLjkuYXno4Hnn7MxMzBtVO+8iDEzMDDvvKfvvIkxOOWAi+OCkk7mpbVT5qW15Lqk5LqS6YWN5YiXPGJyPgrilqDljLvnmYLmqZ/lmajoqo3oqLznlarlj7fvvJoyMjFBR0JaWDAwMTYxMDAwPGJyPgrilqDkvIHnlLvoo73pgKDosqnlo7LlhYPvvJrmoKrlvI/kvJrnpL7jgqLjg7zjgq/jg7vjgq/jgqjjgrnjg4gKPEJSPgo8QlI+CuKWoOOCteOCpOOCujxicj4KUyAo6IO45Zuy77ya57SENzDvvZ44MGNtKTxicj4KTSAo6IO45Zuy77ya57SEODDvvZ45MGNtKTxicj4KTCAo6IO45Zuy77ya57SEOTDvvZ4xMDBjbSk8YnI+ClhMICjog7jlm7LvvJrntIQxMDDvvZ4xMTBjbSk8YnI+PGJyPgo8YnI+CuKWoOODoeODvOOCq+ODvOOBiuWPluWvhOOBm+OBrueCuuOAgeeZuumAgeOBvuOBpzXvvZ425Za25qWt5pel44GL44GL44KK44G+44GZ44CC44GK5a6i5qeY44GU6YO95ZCI44Gn44Gu6L+U5ZOB44O75Lqk5o+b44O744Kt44Oj44Oz44K744Or44Gv44GK5Y+X44GR44Gn44GN44G+44Gb44KT44CCPGJyPgrilqDjg6Hjg7zjgqvjg7zlnKjluqvmrKHnrKzjgafjga/mrKDlk4Hjga7loLTlkIjjgYzjgYLjgorjgb7jgZk8YnI+Cgo8YnI+PGJyPg==,44CK6YCB5paZ54Sh5paZ44CL44Kz44Op44Oz44OI44OD44OG44CQQ09MQU5UT1RUReOAkeOCv+ODs+OCr+ODiOODg+ODlyDjg6Hjg4Pjgrfjg6UgQUNUTSAxNTAyIOihgOihjOaUueWWhCDno4HmsJcg44Kz44OqIOe3qeWSjCDjgqTjg7Pjg4rjg7wg44CQ44Oh44Oz44K644CR44CQ44Os44OH44Kj44O844K544CR77ya44K544Od44O844OE44K344On44OD44OXIOOCsOODqeOCueODm+ODg+ODkeODvA==,6YCa5L+h6LKp5aOy6YCa6LKp44K344On44OD44OU44Oz44Kw44Kq44Oz44Op44Kk44Oz44K344On44OD44OU44Oz44Kw6LK344GE54mp44OX44Os44K844Oz44OI44Ku44OV44OI6LSI44KK54mp6LSI562U5ZOB44GK5Lit5YWD44GK5q2z5pqu44GK6LK344GE5b6X44K544Od44O844OEIOeUqOWTgSDjgrDjg6njgrnjg5vjg4Pjg5Hjg7zjg6njg7Pjg4vjg7PjgrAg44K344Ol44O844K644K544Od44O844OEIOODkOODg+OCsOODi+ODpeODvOODkOODqeODs+OCueOAgOOCouOCt+ODg+OCr+OCueOAgOOCouOCpuODiOODieOCouOAgOODreOCtOOCueODoeODs+OCuiDjgrjjg6Pjg7zjgrgg5LiK5LiLIOOCu+ODg+ODiOODrOODh+OCo+ODvOOCuSDjgrjjg6Pjg7zjgrgg5LiK5LiLIG91dGxldCBncmFzc2hvcHBlcm5pa2UgYWRpZGFzIHB1bWEgcmVlYm9rIHNwZWVkbyBhcmVuYeODiuOCpOOCrSDjgqLjg4fjgqPjg4Djgrkg44OX44O844OeICDjg6rjg7zjg5zjg4Pjgq8g44K544OU44O844OJIOOCouODquODvOODiuOCpuOCo+ODs+ODieODluODrOODvOOCq+ODvOODqeODg+OCt+ODpeOCrOODvOODieOAgOOCteODs+ODgOODq+OAgOODnuODquODs+OCt+ODpeODvOOCuuOCuOODp+OCruODs+OCsCDjg57jg6njgr3jg7Mg44OI44Os44O844OL44Oz44Kw5rC05rOz44CA56u25rOzIOawtOedgOOCs+ODs+ODl+ODrOODg+OCt+ODp+ODs+OAgOODjuODvOOCueODleOCp+OCpOOCueOCueOCpOODoOOCpuOCp+OCouOCueODi+ODvOOCq+ODvOOAgOOCteODs+ODgOODq+a/gOWuieOAgOWQuOaxl+mAn+S5vuOCq+ODg+ODkeOAgFVQRuOAgOe0q+Wklue3muOAgOaOpeinpuWGt+aEn+ODiOODrOODvOODi+ODs+OCsCDjgqbjgqfjgqLjgqLjgqbjg4jjg6zjg4Pjg4jjgIrpgIHmlpnnhKHmlpnjgIvjgrPjg6njg7Pjg4jjg4Pjg4bjgJBDT0xBTlRPVFRF44CR44K/44Oz44Kv44OI44OD44OXIOODoeODg+OCt+ODpSBBQ1RNIDE1MDIg6KGA6KGM5pS55ZaEIOejgeawlyDjgrPjg6og57ep5ZKMIOOCpOODs+ODiuODvCDjgJDjg6Hjg7PjgrrjgJHjgJDjg6zjg4fjgqPjg7zjgrnjgJE=,4pagQ29sYW50b3R0ZeOBruOCv+ODs+OCr+ODiOODg+ODl++8geOAguOAiumAgeaWmeeEoeaWmeOAi+OCs+ODqeODs+ODiOODg+ODhuOAkENPTEFOVE9UVEXjgJHjgr/jg7Pjgq/jg4jjg4Pjg5cg44Oh44OD44K344OlIEFDVE0gMTUwMiDooYDooYzmlLnlloQg56OB5rCXIOOCs+ODqiDnt6nlkowg44Kk44Oz44OK44O8IOOAkOODoeODs+OCuuOAkeOAkOODrOODh+OCo+ODvOOCueOAkQ==[rn]
17-128276,aHR0cDovL3RzaG9wLnIxMHMuanAvb3V0bGV0LWdyYXNzaG9wcGVyL2NhYmluZXQvMTUxMi94YTM4MDkuanBnP2ZpdGluPTcwMDo3MDA=,MjM5OS4yMDAw,,44K544Od44O844OE44O744Ki44Km44OI44OJ44KiID4g44K544Od44O844OE44Km44Kn44Ki44O744Ki44Kv44K744K144Oq44O8ID4g44K544Od44O844OE55So44Kk44Oz44OK44O8ID4g44Oh44Oz44K644Kk44Oz44OK44O8ID4g44OI44OD44OX44K5,44Ki44K344OD44Kv44K544CQYXNpY3PjgJHjg4/jgqTjg43jg4Pjgq8g44Ot44Oz44KwIOOCueODquODvOODliDjgrfjg6Pjg4QgWEEzODA5IDE1MTIg44K544Od44O844OEIOODiOODrOODvOODi+ODs+OCsCDpgYvli5Ug44OV44Kj44OD44OI44ON44K5IFVW44Kr44OD44OIIOe0q+Wklue3miDmqZ/og73mgKcg44Kk44Oz44OK44O8IOOCuOODoCDjgqbjgqfjgqIg44Oh44Oz44K6IOOCuOODpeODi+OCoiDntLPlo6sg55S35oCnIOOCreODg+OCuiDlrZDkvpsg5a2Q44Gp44KC,,4piF44Ki44K344OD44Kv44K544Gu44OP44Kk44ON44OD44Kv44K344Oj44OE77yBPGJyPgo8YnI+CuKXj+mrmOWQuOaxl+ODu+mAn+S5vuaAp+e0oOadkOOCkuS9v+eUqO+8gTxicj4K4peP6Lqr5L2T44Gu5YuV44GN44Gr44GC44KP44Gb44Gm5Ly457iu44GZ44KL44CB44K544OI44Os44OD44OB5oCn44Gu44GC44KL57Sg5p2Q44KS5L2/55So77yBPGJyPgril49VVuOCq+ODg+ODiOWKoOW3pea4iOOBv++8gTxicj4K4peP5YaN6LW35Y+N5bCE57Sg5p2Q44KS5L2/55So44GX44CB5aSc6ZaT44Gu552A55So44Gr44KC44Kq44K544K544Oh77yBPGJyPgril4/mp5jjgIXjgarli5XkvZzjgavlr77lv5zjgZnjgovjg5fjg63jg5XjgqPjg4Pjg4jjg4bjgq/jg47jg63jgrjjg7zjgpLmjqHnlKjvvIHnlJ/lnLDjga7lvJXjgY3jgaTjgozjgIHlvJXjgaPjgYvjgYvjgorjgpLmipHjgYjjgIHouqvkvZPjga7osqDmi4XjgpLou73muJvjgZfjgb7jgZnjgII8YnI+Cjxicj4K4pag57Sg5p2QIOODneODquOCqOOCueODhuODqzg177yF44CB44Od44Oq44Km44Os44K/44OzMTXvvIU8YnI+CuKWoOS8geeUu+ijvemAoOiyqeWjsuWFgyDmoKrlvI/kvJrnpL7jgqLjgrfjg4Pjgq/jgrk8YnI+Cjxicj4K4oC75ZWG5ZOB44Gu6Imy44Gu6KaL44GI5pa544Go5a6f54mp44Gu6Imy44Gv44CB44GK5a6i5qeY44Gu44GU5L2/55So44GV44KM44Gm44GE44KL44OR44K944Kz44Oz44O744Oi44OL44K/44O844Gu55Kw5aKD562J44Gr44KI44KK5aSa5bCR55Ww44Gq44KL5aC05ZCI44GM44GU44GW44GE44G+44GZ44Gu44Gn44GU5LqG5om/44GP44Gg44GV44GE44CCCjxCUj4KPEJSPgo8Yj7jg6Hjg7zjgqvjg7zooajoqJjjgrXjgqTjgro8L2I+PGJyPgrjgrXjgqTjgrrvvJrlj4LogIPouqvplbfvvI/jg4Hjgqfjgrnjg4g8YnI+CjEzMO+8mjEyNS0xMzXvvI82MS02Nzxicj4KMTQw77yaMTM1LTE0Ne+8jzY1LTcyPGJyPgoxNTDvvJoxNDUtMTU177yPNzAtNzg8YnI+ClPvvJoxNjItMTY477yPODUtOTE8YnI+Ck3vvJoxNjctMTcz77yPODktOTU8YnI+CkzvvJoxNzItMTc477yPOTMtOTk8YnI+Ck/vvJoxNzctMTgz77yPOTctMTAzPGJyPgpYT++8mjE4Mi0xODjvvI8xMDEtMTA3PGJyPjxicj4KPGJyPgrilqDjg6Hjg7zjgqvjg7zjgYrlj5blr4TjgZvjga7ngrrjgIHnmbrpgIHjgb7jgac1772eNuWWtualreaXpeOBi+OBi+OCiuOBvuOBmeOAguOBiuWuouanmOOBlOmDveWQiOOBp+OBrui/lOWTgeODu+S6pOaPm+ODu+OCreODo+ODs+OCu+ODq+OBr+OBiuWPl+OBkeOBp+OBjeOBvuOBm+OCk+OAgjxicj4K4pag44Oh44O844Kr44O85Zyo5bqr5qyh56ys44Gn44Gv5qyg5ZOB44Gu5aC05ZCI44GM44GC44KK44G+44GZPGJyPg==,44Ki44K344OD44Kv44K544CQYXNpY3PjgJHjg4/jgqTjg43jg4Pjgq8g44Ot44Oz44KwIOOCueODquODvOODliDjgrfjg6Pjg4QgWEEzODA5IDE1MTIg44K544Od44O844OEIOODiOODrOODvOODi+ODs+OCsCDpgYvli5Ug44OV44Kj44OD44OI44ON44K5IFVW44Kr44OD44OIIOe0q+Wklue3miDmqZ/og73mgKcg44Kk44Oz44OK44O8IOOCuOODoCDjgqbjgqfjgqIg44Oh44Oz44K6IOOCuOODpeODi+OCoiDntLPlo6sg55S35oCnIOOCreODg+OCuiDlrZDkvpsg5a2Q44Gp44KC77ya44K544Od44O844OE44K344On44OD44OXIOOCsOODqeOCueODm+ODg+ODkeODvA==,6YCa5L+h6LKp5aOy6YCa6LKp44K344On44OD44OU44Oz44Kw44Kq44Oz44Op44Kk44Oz44K344On44OD44OU44Oz44Kw6LK344GE54mp44OX44Os44K844Oz44OI44Ku44OV44OI6LSI44KK54mp6LSI562U5ZOB44GK5Lit5YWD44GK5q2z5pqu44GK6LK344GE5b6X44K544Od44O844OEIOeUqOWTgSDjgrDjg6njgrnjg5vjg4Pjg5Hjg7zjg6njg7Pjg4vjg7PjgrAg44K344Ol44O844K644K544Od44O844OEIOODkOODg+OCsOODi+ODpeODvOODkOODqeODs+OCueOAgOOCouOCt+ODg+OCr+OCueOAgOOCouOCpuODiOODieOCouOAgOODreOCtOOCueODoeODs+OCuiDjgrjjg6Pjg7zjgrgg5LiK5LiLIOOCu+ODg+ODiOODrOODh+OCo+ODvOOCuSDjgrjjg6Pjg7zjgrgg5LiK5LiLIG91dGxldCBncmFzc2hvcHBlcm5pa2UgYWRpZGFzIHB1bWEgcmVlYm9rIHNwZWVkbyBhcmVuYeODiuOCpOOCrSDjgqLjg4fjgqPjg4Djgrkg44OX44O844OeICDjg6rjg7zjg5zjg4Pjgq8g44K544OU44O844OJIOOCouODquODvOODiuOCpuOCo+ODs+ODieODluODrOODvOOCq+ODvOODqeODg+OCt+ODpeOCrOODvOODieOAgOOCteODs+ODgOODq+OAgOODnuODquODs+OCt+ODpeODvOOCuuOCuOODp+OCruODs+OCsCDjg57jg6njgr3jg7Mg44OI44Os44O844OL44Oz44Kw5rC05rOz44CA56u25rOzIOawtOedgOOCs+ODs+ODl+ODrOODg+OCt+ODp+ODs+OAgOODjuODvOOCueODleOCp+OCpOOCueOCueOCpOODoOOCpuOCp+OCouOCueODi+ODvOOCq+ODvOOAgOOCteODs+ODgOODq+a/gOWuieOAgOWQuOaxl+mAn+S5vuOCq+ODg+ODkeOAgFVQRuOAgOe0q+Wklue3muOAgOaOpeinpuWGt+aEn+ODiOODrOODvOODi+ODs+OCsCDjgqbjgqfjgqLjgqLjgqbjg4jjg6zjg4Pjg4jjgqLjgrfjg4Pjgq/jgrnjgJBhc2ljc+OAkeODj+OCpOODjeODg+OCryDjg63jg7PjgrAg44K544Oq44O844OWIOOCt+ODo+ODhCBYQTM4MDkgMTUxMiDjgrnjg53jg7zjg4Qg44OI44Os44O844OL44Oz44KwIOmBi+WLlSDjg5XjgqPjg4Pjg4jjg43jgrkgVVbjgqvjg4Pjg4gg57Sr5aSW57eaIOapn+iDveaApyDjgqTjg7Pjg4rjg7wg44K444OgIOOCpuOCp+OCoiDjg6Hjg7Pjgrog44K444Ol44OL44KiIOe0s+WjqyDnlLfmgKcg44Kt44OD44K6IOWtkOS+myDlrZDjganjgoI=,4pag5qeY44CF44Gq44K544Od44O844OE44Gr5a++5b+c77yBYXNpY3Pjga7jg4/jgqTjg43jg4Pjgq/jgrfjg6Pjg4TvvIHjgILjgqLjgrfjg4Pjgq/jgrnjgJBhc2ljc+OAkeODj+OCpOODjeODg+OCryDjg63jg7PjgrAg44K544Oq44O844OWIOOCt+ODo+ODhCBYQTM4MDkgMTUxMiDjgrnjg53jg7zjg4Qg44OI44Os44O844OL44Oz44KwIOmBi+WLlSDjg5XjgqPjg4Pjg4jjg43jgrkgVVbjgqvjg4Pjg4gg57Sr5aSW57eaIOapn+iDveaApyDjgqTjg7Pjg4rjg7wg44K444OgIOOCpuOCp+OCoiDjg6Hjg7Pjgrog44K444Ol44OL44KiIOe0s+WjqyDnlLfmgKcg44Kt44OD44K6IOWtkOS+myDlrZDjganjgoI=[rn]
17-128277,aHR0cDovL3RzaG9wLnIxMHMuanAvb3V0bGV0LWdyYXNzaG9wcGVyL2NhYmluZXQvMTYwNS94eHI4NDMuanBnP2ZpdGluPTcwMDo3MDA=,Mjc5OS4yMDAw,,44K544Od44O844OE44O744Ki44Km44OI44OJ44KiID4g44K544Od44O844OE44Km44Kn44Ki44O744Ki44Kv44K744K144Oq44O8ID4g44K544Od44O844OE55So44Kk44Oz44OK44O8ID4g44Oh44Oz44K644Kk44Oz44OK44O8ID4g44OI44OD44OX44K5,44Ki44K344OD44Kv44K544CQYXNpY3PjgJHjg6Hjg7Pjgrog44Op44Oz44OL44Oz44KwIOODj+ODvOODleOCv+OCpOODhCBYWFI4NDMgMTYwNSDjgrnjg53jg7zjg4Qg44K/44Kk44OEIOOCueODkeODg+ODhCDjg4jjg6zjg7zjg4vjg7PjgrAg6YGL5YuVIOODleOCo+ODg+ODiOODjeOCuSDjgrPjg7Pjg5fjg6zjg4Pjgrfjg6fjg7MgVVYg44Kr44OD44OIIOe0q+Wklue3miDnlLfmgKcg57Sz5aOr,,PHA+PGltZyBzcmM9Imh0dHA6Ly9pbWFnZS5yYWt1dGVuLmNvLmpwL291dGxldC1ncmFzc2hvcHBlci9jYWJpbmV0LzE2MDUveHhyODQzLmpwZyI+PC9wPgogICAgICAgICAgPHA+PGltZyBzcmM9Imh0dHA6Ly9pbWFnZS5yYWt1dGVuLmNvLmpwL291dGxldC1ncmFzc2hvcHBlci9jYWJpbmV0LzE2MDUveHhyODQzXzEuanBnIj48L3A+CuKYheOCouOCt+ODg+OCr+OCueOBruODj+ODvOODleOCv+OCpOODhO+8gTxicj4KPGJyPgril4/lkLjmsZfpgJ/kub7ntKDmnZDjgpLkvb/nlKjjgZfjgbnjgZ/jgaTjgYvjgZrjgIHjgrXjg6njg4PjgajjgZfjgZ/nnYDlv4PlnLDjgpLjgq3jg7zjg5fjgZfjgb7jgZnjgII8YnI+CuKXj+S8uOe4ruaAp+OBq+WEquOCjOOAgeWLleOBjeOChOOBmeOBj+ODkeODleOCqeODvOODnuODs+OCueOCkumCqumtlOOBl+OBvuOBm+OCk+OAgjxicj4K4peP57Sr5aSW57ea44KS5bGK44GL44Gb44Gq44GE77y177y244Kr44OD44OI5Yqg5bel44KS5pa944GX44CB6IKM44KS5a6I44KK44G+44GZ77yBPGJyPgril4/lt6blpKrjgoLjgoLpg6jliIbjgavlho3luLDlj43lsITjg63jgrTjg57jg7zjgq/jgpLoo4XlgpnjgZfjgabjgYrjgorjgIHlpJzplpPjga7pgYvli5XmmYLjga7oppboqo3mgKfjgpLpq5jjgoHjgb7jgZnjgII8YnI+CuKXj+OCpuOCqOOCueODiOWGheWBtOOBq+OCreODvOODneOCseODg+ODiOS7mOOBje+8gTxicj4K4peP44OQ44OD44Kv44Gr44OV44Kh44K544OK44O844Od44Kx44OD44OI5LuY44GN77yBPGJyPgo8YnI+CuKWoOe0oOadkDxicj4K6Lqr6aCD44CB5YiH5pu/77ya44Od44Oq44Ko44K544OG44OrODXvvIXjgIHjg53jg6rjgqbjg6zjgr/jg7MxNe+8hTxicj4K6IWw6YOo77ya44Od44Oq44Ko44K544OG44OrOTXvvIXjgIHjg53jg6rjgqbjg6zjgr/jg7M177yFPGJyPgrilqDkvIHnlLvoo73pgKDosqnlo7LlhYMg5qCq5byP5Lya56S+44Ki44K344OD44Kv44K5PGJyPgo8YnI+CuKAu+eUu+WDj+OBr+aSruW9seaZguOBrueFp+aYjuOBruWFt+WQiOOChOOAgeOBiuWuouanmOOBruODkeOCveOCs+ODs+eSsOWig+OBq+OCiOOCiuWun+eJqeOBqOWkmuWwkeeVsOOBquOCi+WgtOWQiOOBjOOBlOOBluOBhOOBvuOBmeOBruOBp+OBlOS6huaJv+OBj+OBoOOBleOBhOOAgjxicj4KPEJSPgo8QlI+CjxiPuODoeODvOOCq+ODvOihqOiomOOCteOCpOOCujwvYj48YnI+CuOCteOCpOOCuu+8mui6q+mVt++8j+iDtOWbsjxicj4KU++8mjE2Mi0xNjjvvI83MS03Nzxicj4KTe+8mjE2Ny0xNzPvvI83NS04MTxicj4KTO+8mjE3Mi0xNzjvvI83OS04NTxicj4KT++8mjE3Ny0xODPvvI84My04OTxicj48YnI+Cjxicj4K4pag44Oh44O844Kr44O844GK5Y+W5a+E44Gb44Gu54K644CB55m66YCB44G+44GnNe+9njbllrbmpa3ml6XjgYvjgYvjgorjgb7jgZnjgILjgYrlrqLmp5jjgZTpg73lkIjjgafjga7ov5Tlk4Hjg7vkuqTmj5vjg7vjgq3jg6Pjg7Pjgrvjg6vjga/jgYrlj5fjgZHjgafjgY3jgb7jgZvjgpPjgII8YnI+CuKWoOODoeODvOOCq+ODvOWcqOW6q+asoeesrOOBp+OBr+asoOWTgeOBruWgtOWQiOOBjOOBguOCiuOBvuOBmTxicj4=,44Ki44K344OD44Kv44K544CQYXNpY3PjgJHjg6Hjg7Pjgrog44Op44Oz44OL44Oz44KwIOODj+ODvOODleOCv+OCpOODhCBYWFI4NDMgMTYwNSDjgrnjg53jg7zjg4Qg44K/44Kk44OEIOOCueODkeODg+ODhCDjg4jjg6zjg7zjg4vjg7PjgrAg6YGL5YuVIOODleOCo+ODg+ODiOODjeOCuSDjgrPjg7Pjg5fjg6zjg4Pjgrfjg6fjg7MgVVYg44Kr44OD44OIIOe0q+Wklue3miDnlLfmgKcg57Sz5aOr77ya44K544Od44O844OE44K344On44OD44OXIOOCsOODqeOCueODm+ODg+ODkeODvA==,6YCa5L+h6LKp5aOy6YCa6LKp44K344On44OD44OU44Oz44Kw44Kq44Oz44Op44Kk44Oz44K344On44OD44OU44Oz44Kw6LK344GE54mp44OX44Os44K844Oz44OI44Ku44OV44OI6LSI44KK54mp6LSI562U5ZOB44GK5Lit5YWD44GK5q2z5pqu44GK6LK344GE5b6X44K544Od44O844OEIOeUqOWTgSDjgrDjg6njgrnjg5vjg4Pjg5Hjg7zjg6njg7Pjg4vjg7PjgrAg44K344Ol44O844K644K544Od44O844OEIOODkOODg+OCsOODi+ODpeODvOODkOODqeODs+OCueOAgOOCouOCt+ODg+OCr+OCueOAgOOCouOCpuODiOODieOCouOAgOODreOCtOOCueODoeODs+OCuiDjgrjjg6Pjg7zjgrgg5LiK5LiLIOOCu+ODg+ODiOODrOODh+OCo+ODvOOCuSDjgrjjg6Pjg7zjgrgg5LiK5LiLIG91dGxldCBncmFzc2hvcHBlcm5pa2UgYWRpZGFzIHB1bWEgcmVlYm9rIHNwZWVkbyBhcmVuYeODiuOCpOOCrSDjgqLjg4fjgqPjg4Djgrkg44OX44O844OeICDjg6rjg7zjg5zjg4Pjgq8g44K544OU44O844OJIOOCouODquODvOODiuOCpuOCo+ODs+ODieODluODrOODvOOCq+ODvOODqeODg+OCt+ODpeOCrOODvOODieOAgOOCteODs+ODgOODq+OAgOODnuODquODs+OCt+ODpeODvOOCuuOCuOODp+OCruODs+OCsCDjg57jg6njgr3jg7Mg44OI44Os44O844OL44Oz44Kw5rC05rOz44CA56u25rOzIOawtOedgOOCs+ODs+ODl+ODrOODg+OCt+ODp+ODs+OAgOODjuODvOOCueODleOCp+OCpOOCueOCueOCpOODoOOCpuOCp+OCouOCueODi+ODvOOCq+ODvOOAgOOCteODs+ODgOODq+a/gOWuieOAgOWQuOaxl+mAn+S5vuOCq+ODg+ODkeOAgFVQRuOAgOe0q+Wklue3muOAgOaOpeinpuWGt+aEn+ODiOODrOODvOODi+ODs+OCsCDjgqbjgqfjgqLjgqLjgqbjg4jjg6zjg4Pjg4jjgqLjgrfjg4Pjgq/jgrnjgJBhc2ljc+OAkeODoeODs+OCuiDjg6njg7Pjg4vjg7PjgrAg44OP44O844OV44K/44Kk44OEIFhYUjg0MyAxNjA1IOOCueODneODvOODhCDjgr/jgqTjg4Qg44K544OR44OD44OEIOODiOODrOODvOODi+ODs+OCsCDpgYvli5Ug44OV44Kj44OD44OI44ON44K5IOOCs+ODs+ODl+ODrOODg+OCt+ODp+ODsyBVViDjgqvjg4Pjg4gg57Sr5aSW57eaIOeUt+aApyDntLPlo6s=,4pagYXNpY3Pjga7jg4/jg7zjg5Xjgr/jgqTjg4TvvIEg5ZC45rGXIOmAn+S5viDjgrjjg6fjgq7jg7PjgrDjgILjgqLjgrfjg4Pjgq/jgrnjgJBhc2ljc+OAkeODoeODs+OCuiDjg6njg7Pjg4vjg7PjgrAg44OP44O844OV44K/44Kk44OEIFhYUjg0MyAxNjA1IOOCueODneODvOODhCDjgr/jgqTjg4Qg44K544OR44OD44OEIOODiOODrOODvOODi+ODs+OCsCDpgYvli5Ug44OV44Kj44OD44OI44ON44K5IOOCs+ODs+ODl+ODrOODg+OCt+ODp+ODsyBVViDjgqvjg4Pjg4gg57Sr5aSW57eaIOeUt+aApyDntLPlo6s=[rn]
17-128278,aHR0cDovL3RzaG9wLnIxMHMuanAvb3V0bGV0LWdyYXNzaG9wcGVyL2NhYmluZXQvMTYwNS94dDcyMjcuanBnP2ZpdGluPTcwMDo3MDA=,NDE1OS4yMDAw,,44K544Od44O844OE44O744Ki44Km44OI44OJ44KiID4g44K544Od44O844OE44Km44Kn44Ki44O744Ki44Kv44K744K144Oq44O8ID4g44K544Od44O844OE55So44Kk44Oz44OK44O8ID4g44Oh44Oz44K644Kk44Oz44OK44O8ID4g44OI44OD44OX44K5,44Ki44K344OD44Kv44K544CQYXNpY3PjgJHjg6Hjg7Pjgrog44Os44OH44Kj44O844K5ICDjg6Djg7zjg5Pjg7PjgrAg44Ot44Oz44KwIOOCv+OCpOODhCBYVDcyMjcgMTYwNSDjgrnjg53jg7zjg4Qg44OI44Os44O844OL44Oz44KwIOOCpOODs+ODiuODvCDjg5XjgqPjg4Pjg4jjg43jgrkg44Op44Oz44OL44Oz44KwIOODnuODqeOCveODsyDjg6zjgq7jg7Pjgrkg44K544OR44OD44OEIOe0s+WjqyDlqabkurog44Km44Kj44Oh44Oz44K6IOeUt+aApw==,,PHA+PGltZyBzcmM9Imh0dHA6Ly9pbWFnZS5yYWt1dGVuLmNvLmpwL291dGxldC1ncmFzc2hvcHBlci9jYWJpbmV0LzE2MDUveHQ3MjI3LmpwZyI+PC9wPgogICAgICAgICAgPHA+PGltZyBzcmM9Imh0dHA6Ly9pbWFnZS5yYWt1dGVuLmNvLmpwL291dGxldC1ncmFzc2hvcHBlci9jYWJpbmV0LzE2MDUveHQ3MjI3XzEuanBnIj48L3A+CuKYheOCouOCt+ODg+OCr+OCueOBruODreODs+OCsOOCv+OCpOODhO+8gTxicj4KPGJyPgril4/kvLjnuK7mgKfjga7pq5jjgYQyV0FZ57Sg5p2Q44KS6YGp5omA6YWN572u44GZ44KL44Og44O844OT44Oz44Kw5qeL6YCg44KS5pCt6LyJ44GX44Gf5YuV44GN44KE44GZ44GE44Ot44Oz44Kw44K/44Kk44OE77yBPGJyPgril4/jgrnjg4jjg6zjg4Pjg4HmgKfntKDmnZDjgpLkvb/nlKjjgZfjgIHmv4DjgZfjgYTpgYvli5XjgpLjgZnjgovpmpvjgavjgoLmtLvouo3vvIE8YnI+CuKXj+ijvuODleOCoeOCueODiuODvOS7mOOBjeOBp+edgOiEseODqeOCr+ODqeOCr++8gTxicj4K4peP5aSc6ZaT44Gu44K444On44Ku44Oz44Kw44KE44Km44Kp44O844Kt44Oz44Kw44Gr44KC5a6J5b+D44O75a6J5YWo44Gq5YaN6LW35Y+N5bCE57Sg5p2Q44KS5L2/55So77yBPGJyPgril4/ml6XjgIXjga7jg4jjg6zjg7zjg4vjg7PjgrDjgoTjg6njg7Pjg4vjg7PjgrDjgarjganjgIHmp5jjgIXjgarjgrnjg53jg7zjg4Tjgafkvb/jgYjjgovvvIE8YnI+Cjxicj4K4pag57Sg5p2QPGJyPgrouqvpoIPvvJrjg53jg6rjgqjjgrnjg4bjg6s4Ne+8heOAgeODneODquOCpuODrOOCv+ODszE177yFPGJyPgrliIfmm7/vvJrjg53jg6rjgqjjgrnjg4bjg6s4N++8heOAgeODneODquOCpuODrOOCv+ODszEz77yFPGJyPgrilqDkvIHnlLvoo73pgKDosqnlo7LlhYMg5qCq5byP5Lya56S+44Ki44K344OD44Kv44K5PGJyPgo8YnI+CuKAu+eUu+WDj+OBr+aSruW9seaZguOBrueFp+aYjuOBruWFt+WQiOOChOOAgeOBiuWuouanmOOBruODkeOCveOCs+ODs+eSsOWig+OBq+OCiOOCiuWun+eJqeOBqOWkmuWwkeeVsOOBquOCi+WgtOWQiOOBjOOBlOOBluOBhOOBvuOBmeOBruOBp+OBlOS6huaJv+OBj+OBoOOBleOBhOOAgjxicj4KPEJSPgo8QlI+CjxiPuODoeODvOOCq+ODvOihqOiomOOCteOCpOOCujwvYj48YnI+CuOCteOCpOOCuu+8mui6q+mVt++8j+iDtOWbsjxicj4KU++8mjE2Mi0xNjjvvI83MS03Nzxicj4KTe+8mjE2Ny0xNzPvvI83NS04MTxicj4KTO+8mjE3Mi0xNzjvvI83OS04NTxicj4KT++8mjE3Ny0xODPvvI84My04OTxicj48YnI+Cjxicj4K4pag44Oh44O844Kr44O844GK5Y+W5a+E44Gb44Gu54K644CB55m66YCB44G+44GnNe+9njbllrbmpa3ml6XjgYvjgYvjgorjgb7jgZnjgILjgYrlrqLmp5jjgZTpg73lkIjjgafjga7ov5Tlk4Hjg7vkuqTmj5vjg7vjgq3jg6Pjg7Pjgrvjg6vjga/jgYrlj5fjgZHjgafjgY3jgb7jgZvjgpPjgII8YnI+CuKWoOODoeODvOOCq+ODvOWcqOW6q+asoeesrOOBp+OBr+asoOWTgeOBruWgtOWQiOOBjOOBguOCiuOBvuOBmTxicj4=,44Ki44K344OD44Kv44K544CQYXNpY3PjgJHjg6Hjg7Pjgrog44Os44OH44Kj44O844K5ICDjg6Djg7zjg5Pjg7PjgrAg44Ot44Oz44KwIOOCv+OCpOODhCBYVDcyMjcgMTYwNSDjgrnjg53jg7zjg4Qg44OI44Os44O844OL44Oz44KwIOOCpOODs+ODiuODvCDjg5XjgqPjg4Pjg4jjg43jgrkg44Op44Oz44OL44Oz44KwIOODnuODqeOCveODsyDjg6zjgq7jg7Pjgrkg44K544OR44OD44OEIOe0s+WjqyDlqabkurog44Km44Kj44Oh44Oz44K6IOeUt+aAp++8muOCueODneODvOODhOOCt+ODp+ODg+ODlyDjgrDjg6njgrnjg5vjg4Pjg5Hjg7w=,6YCa5L+h6LKp5aOy6YCa6LKp44K344On44OD44OU44Oz44Kw44Kq44Oz44Op44Kk44Oz44K344On44OD44OU44Oz44Kw6LK344GE54mp44OX44Os44K844Oz44OI44Ku44OV44OI6LSI44KK54mp6LSI562U5ZOB44GK5Lit5YWD44GK5q2z5pqu44GK6LK344GE5b6X44K544Od44O844OEIOeUqOWTgSDjgrDjg6njgrnjg5vjg4Pjg5Hjg7zjg6njg7Pjg4vjg7PjgrAg44K344Ol44O844K644K544Od44O844OEIOODkOODg+OCsOODi+ODpeODvOODkOODqeODs+OCueOAgOOCouOCt+ODg+OCr+OCueOAgOOCouOCpuODiOODieOCouOAgOODreOCtOOCueODoeODs+OCuiDjgrjjg6Pjg7zjgrgg5LiK5LiLIOOCu+ODg+ODiOODrOODh+OCo+ODvOOCuSDjgrjjg6Pjg7zjgrgg5LiK5LiLIG91dGxldCBncmFzc2hvcHBlcm5pa2UgYWRpZGFzIHB1bWEgcmVlYm9rIHNwZWVkbyBhcmVuYeODiuOCpOOCrSDjgqLjg4fjgqPjg4Djgrkg44OX44O844OeICDjg6rjg7zjg5zjg4Pjgq8g44K544OU44O844OJIOOCouODquODvOODiuOCpuOCo+ODs+ODieODluODrOODvOOCq+ODvOODqeODg+OCt+ODpeOCrOODvOODieOAgOOCteODs+ODgOODq+OAgOODnuODquODs+OCt+ODpeODvOOCuuOCuOODp+OCruODs+OCsCDjg57jg6njgr3jg7Mg44OI44Os44O844OL44Oz44Kw5rC05rOz44CA56u25rOzIOawtOedgOOCs+ODs+ODl+ODrOODg+OCt+ODp+ODs+OAgOODjuODvOOCueODleOCp+OCpOOCueOCueOCpOODoOOCpuOCp+OCouOCueODi+ODvOOCq+ODvOOAgOOCteODs+ODgOODq+a/gOWuieOAgOWQuOaxl+mAn+S5vuOCq+ODg+ODkeOAgFVQRuOAgOe0q+Wklue3muOAgOaOpeinpuWGt+aEn+ODiOODrOODvOODi+ODs+OCsCDjgqbjgqfjgqLjgqLjgqbjg4jjg6zjg4Pjg4jjgqLjgrfjg4Pjgq/jgrnjgJBhc2ljc+OAkeODoeODs+OCuiDjg6zjg4fjgqPjg7zjgrkgIOODoOODvOODk+ODs+OCsCDjg63jg7PjgrAg44K/44Kk44OEIFhUNzIyNyAxNjA1IOOCueODneODvOODhCDjg4jjg6zjg7zjg4vjg7PjgrAg44Kk44Oz44OK44O8IOODleOCo+ODg+ODiOODjeOCuSDjg6njg7Pjg4vjg7PjgrAg44Oe44Op44K944OzIOODrOOCruODs+OCuSDjgrnjg5Hjg4Pjg4Qg57Sz5aOrIOWppuS6uiDjgqbjgqPjg6Hjg7Pjgrog55S35oCn,4pagYXNpY3Pjga7jg63jg7PjgrDjgr/jgqTjg4TvvIEg6YGL5YuVIOODleOCo+ODg+ODiOODjeOCueOAguOCouOCt+ODg+OCr+OCueOAkGFzaWNz44CR44Oh44Oz44K6IOODrOODh+OCo+ODvOOCuSAg44Og44O844OT44Oz44KwIOODreODs+OCsCDjgr/jgqTjg4QgWFQ3MjI3IDE2MDUg44K544Od44O844OEIOODiOODrOODvOODi+ODs+OCsCDjgqTjg7Pjg4rjg7wg44OV44Kj44OD44OI44ON44K5IOODqeODs+ODi+ODs+OCsCDjg57jg6njgr3jg7Mg44Os44Ku44Oz44K5IOOCueODkeODg+ODhCDntLPlo6sg5amm5Lq6IOOCpuOCo+ODoeODs+OCuiDnlLfmgKc=[rn]
17-128279,aHR0cDovL3RzaG9wLnIxMHMuanAvb3V0bGV0LWdyYXNzaG9wcGVyL2NhYmluZXQvMTYwMy9kYTE0OTAwLmpwZz9maXRpbj03MDA6NzAw,MTExOS4yMDAw,,44K544Od44O844OE44O744Ki44Km44OI44OJ44KiID4g44K544Od44O844OE44Km44Kn44Ki44O744Ki44Kv44K744K144Oq44O8ID4g44K544Od44O844OE55So44Kk44Oz44OK44O8ID4g44Oh44Oz44K644Kk44Oz44OK44O8ID4g44OI44OD44OX44K5,44OA44Oz44K544Kt44Oz44CQREFOU0tJTuOAkeODrOODh+OCo+ODvOOCuSDjgqTjg7zjgrjjg7zjg5bjg6kgREExNDkwMCAxNjAzIOOCueODneODvOODhOODluODqSDjgqLjg7Pjg4Djg7wg44OW44Op44OI44OD44OXIOOCpOODs+ODiuODvCDjg5bjg6njgrjjg6Pjg7wg44K544Od44OW44OpIOOCueODneODvOODhCDpgYvli5Ug5amm5Lq6IOOCpuOCo+ODoeODs+OCug==,,PHA+PGltZyBzcmM9Imh0dHA6Ly9pbWFnZS5yYWt1dGVuLmNvLmpwL291dGxldC1ncmFzc2hvcHBlci9jYWJpbmV0LzE2MDMvZGExNDkwMC5qcGciPjwvcD4KICAgICAgICAgIDxwPjxpbWcgc3JjPSJodHRwOi8vaW1hZ2UucmFrdXRlbi5jby5qcC9vdXRsZXQtZ3Jhc3Nob3BwZXIvY2FiaW5ldC8xNjAzL2RhMTQ5MDBfMS5qcGciPjwvcD4KICAgICAgICAgIDxwPjxpbWcgc3JjPSJodHRwOi8vaW1hZ2UucmFrdXRlbi5jby5qcC9vdXRsZXQtZ3Jhc3Nob3BwZXIvY2FiaW5ldC8xNjAzL2RhMTQ5MDBfMi5qcGciPjwvcD4KICAgICAgICAgIDxwPjxpbWcgc3JjPSJodHRwOi8vaW1hZ2UucmFrdXRlbi5jby5qcC9vdXRsZXQtZ3Jhc3Nob3BwZXIvY2FiaW5ldC8xNjAzL2RhMTQ5MDBfMy5qcGciPjwvcD4K4piF44OA44Oz44K544Kt44Oz44Gu44OH44Kk44Oq44O844GL44KJ44K544Od44O844OE44G+44Gn5a++5b+c44Gn44GN44KL44Ob44OD44Kv5LuY44GN44K544Od44O844OE44OW44Op77yBPGJyPgo8YnI+CuKXj+iDuOiCjOmdouOBrueUn+WcsOOBr+a2iOiHreaKl+iPjOe0oOadkOOBruODnuOCreOCt+ODleODrOODg+OCt+ODpeOCkuaOoeeUqOOBl+OAgeaxl+OBruODi+OCquOCpOOCguawl+OBq+OBm+OBmuS9v+OBiOOBvuOBme+8gTxicj4K4peP5ZC45rGX6YCf5Lm+44Gn44CB5Ly457iu5oCn44Gu44GC44KL57Sg5p2Q44Gv56iL44KI44GE44Ob44O844Or44OJ5oSf44KS5a6f54++44CC6IO444Gu6Lez44Gt5LiK44GM44KK44KS5oqR44GI44KL44Gf44KB44CB6IO45LiK44Gr44OR44Ov44O844ON44OD44OI44KS5L2/55So44GX44Gm44GE44G+44GZ77yBPGJyPgril4/jgrnjg4jjg6njg4Pjg5fjga/oh6rnlLHjgavoqr/mlbTjgafjgY3jgIHjg5Djg4Pjgq/jgrnjgr/jgqTjg6vjgpLjgrnjg4jjg6zjg7zjg4jjgYvjgonjgq/jg63jgrnjgavlpInmm7TjgZnjgovjgZPjgajjgafmm7Tjgavjg5vjg7zjg6vjg4nmhJ/jgpLkuIrjgZLjgovjgZPjgajjgoLjgafjgY3jgb7jgZnvvIE8YnI+Cjxicj4K4pag57Sg5p2QPGJyPgrouqvnlJ/lnLDvvJrjg53jg6rjgqjjgrnjg4bjg6s5MO+8heOAgeODneODquOCpuODrOOCv+ODszEw77yFPGJyPgrjg6Hjg4Pjgrfjg6Xpg6jliIbvvJrjg53jg6rjgqjjgrnjg4bjg6s4MO+8heOAgeODneODquOCpuODrOOCv+ODszIw77yFPGJyPgrjgrTjg6DvvJrjg4rjgqTjg63jg7M2Ne+8heOAgeODneODquOCpuODrOOCv+ODszM177yFPGJyPgrilqDkvIHnlLvoo73pgKDosqnlo7LlhYMg5qCq5byP5Lya56S+44K044O844Or44OJ44Km44Kk44OzPGJyPgo8YnI+CuKAu+WVhuWTgeOBruiJsuOBruimi+OBiOaWueOBqOWun+eJqeOBruiJsuOBr+OAgeOBiuWuouanmOOBruOBlOS9v+eUqOOBleOCjOOBpuOBhOOCi+ODkeOCveOCs+ODs+ODu+ODouODi+OCv+ODvOOBrueSsOWig+etieOBq+OCiOOCiuWkmuWwkeeVsOOBquOCi+WgtOWQiOOBjOOBlOOBluOBhOOBvuOBmeOBruOBp+OBlOS6huaJv+OBj+OBoOOBleOBhOOAggo8QlI+CjxCUj4KPGI+44Oh44O844Kr44O86KGo6KiY44K144Kk44K6PC9iPjxicj4K44K144Kk44K677ya44Kr44OD44OX44K144Kk44K677yP44OQ44K544OI44OI44OD44OX77yP44Ki44Oz44OA44O844OQ44K544OIPGJyPgpNQULvvJpBQu+8jzc4LTg277yPNjgtNzQ8YnI+Ck1DRO+8mkNE77yPODMtOTHvvI82OC03NDxicj4KTEFC77yaQULvvI84Mi05MO+8jzcyLTc4PGJyPgpMQ0TvvJpDRO+8jzg3LTk177yPNzItNzg8YnI+,44OA44Oz44K544Kt44Oz44CQREFOU0tJTuOAkeODrOODh+OCo+ODvOOCuSDjgqTjg7zjgrjjg7zjg5bjg6kgREExNDkwMCAxNjAzIOOCueODneODvOODhOODluODqSDjgqLjg7Pjg4Djg7wg44OW44Op44OI44OD44OXIOOCpOODs+ODiuODvCDjg5bjg6njgrjjg6Pjg7wg44K544Od44OW44OpIOOCueODneODvOODhCDpgYvli5Ug5amm5Lq6IOOCpuOCo+ODoeODs+OCuu+8muOCueODneODvOODhOOCt+ODp+ODg+ODlyDjgrDjg6njgrnjg5vjg4Pjg5Hjg7w=,6YCa5L+h6LKp5aOy6YCa6LKp44K344On44OD44OU44Oz44Kw44Kq44Oz44Op44Kk44Oz44K344On44OD44OU44Oz44Kw6LK344GE54mp44OX44Os44K844Oz44OI44Ku44OV44OI6LSI44KK54mp6LSI562U5ZOB44GK5Lit5YWD44GK5q2z5pqu44GK6LK344GE5b6X44K544Od44O844OEIOeUqOWTgSDjgrDjg6njgrnjg5vjg4Pjg5Hjg7zjg6njg7Pjg4vjg7PjgrAg44K344Ol44O844K644K544Od44O844OEIOODkOODg+OCsOODi+ODpeODvOODkOODqeODs+OCueOAgOOCouOCt+ODg+OCr+OCueOAgOOCouOCpuODiOODieOCouOAgOODreOCtOOCueODoeODs+OCuiDjgrjjg6Pjg7zjgrgg5LiK5LiLIOOCu+ODg+ODiOODrOODh+OCo+ODvOOCuSDjgrjjg6Pjg7zjgrgg5LiK5LiLIG91dGxldCBncmFzc2hvcHBlcm5pa2UgYWRpZGFzIHB1bWEgcmVlYm9rIHNwZWVkbyBhcmVuYeODiuOCpOOCrSDjgqLjg4fjgqPjg4Djgrkg44OX44O844OeICDjg6rjg7zjg5zjg4Pjgq8g44K544OU44O844OJIOOCouODquODvOODiuOCpuOCo+ODs+ODieODluODrOODvOOCq+ODvOODqeODg+OCt+ODpeOCrOODvOODieOAgOOCteODs+ODgOODq+OAgOODnuODquODs+OCt+ODpeODvOOCuuOCuOODp+OCruODs+OCsCDjg57jg6njgr3jg7Mg44OI44Os44O844OL44Oz44Kw5rC05rOz44CA56u25rOzIOawtOedgOOCs+ODs+ODl+ODrOODg+OCt+ODp+ODs+OAgOODjuODvOOCueODleOCp+OCpOOCueOCueOCpOODoOOCpuOCp+OCouOCueODi+ODvOOCq+ODvOOAgOOCteODs+ODgOODq+a/gOWuieOAgOWQuOaxl+mAn+S5vuOCq+ODg+ODkeOAgFVQRuOAgOe0q+Wklue3muOAgOaOpeinpuWGt+aEn+ODiOODrOODvOODi+ODs+OCsCDjgqbjgqfjgqLjgqLjgqbjg4jjg6zjg4Pjg4jjg4Djg7Pjgrnjgq3jg7PjgJBEQU5TS0lO44CR44Os44OH44Kj44O844K5IOOCpOODvOOCuOODvOODluODqSBEQTE0OTAwIDE2MDMg44K544Od44O844OE44OW44OpIOOCouODs+ODgOODvCDjg5bjg6njg4jjg4Pjg5cg44Kk44Oz44OK44O8IOODluODqeOCuOODo+ODvCDjgrnjg53jg5bjg6kg44K544Od44O844OEIOmBi+WLlSDlqabkurog44Km44Kj44Oh44Oz44K6,4pagREFOU0tJTuOBruOCueODneODvOODhOODluODqe+8gSDmtojoh60g5oqX6I+MIOWQuOaxl+mAn+S5viBFQVNZIEJSQeOAguODgOODs+OCueOCreODs+OAkERBTlNLSU7jgJHjg6zjg4fjgqPjg7zjgrkg44Kk44O844K444O844OW44OpIERBMTQ5MDAgMTYwMyDjgrnjg53jg7zjg4Tjg5bjg6kg44Ki44Oz44OA44O8IOODluODqeODiOODg+ODlyDjgqTjg7Pjg4rjg7wg44OW44Op44K444Oj44O8IOOCueODneODluODqSDjgrnjg53jg7zjg4Qg6YGL5YuVIOWppuS6uiDjgqbjgqPjg6Hjg7Pjgro=[rn]
17-128280,aHR0cDovL3RzaG9wLnIxMHMuanAvb3V0bGV0LWdyYXNzaG9wcGVyL2NhYmluZXQvMTYwNS94YTM1MTguanBnP2ZpdGluPTcwMDo3MDA=,NTk5OS4yMDAw,,44K544Od44O844OE44O744Ki44Km44OI44OJ44KiID4g44K544Od44O844OE44Km44Kn44Ki44O744Ki44Kv44K744K144Oq44O8ID4g44K544Od44O844OE55So44Kk44Oz44OK44O8ID4g44Oh44Oz44K644Kk44Oz44OK44O8ID4g44OI44OD44OX44K5,44CK6YCB5paZ54Sh5paZ44CL44Ki44K344OD44Kv44K544CQYXNpY3PjgJHjg6Hjg7Pjgrog44Os44OH44Kj44O844K5IOODj+ODvOODleOCv+OCpOODhCBFUiBYQTM1MTggMTYwNSDjgrnjg53jg7zjg4Qg44OI44Os44O844OL44Oz44KwIOOCpOODs+ODiuODvCDjg5XjgqPjg4Pjg4jjg43jgrkg44Op44Oz44OL44Oz44KwIOODnuODqeOCveODsyDjg6zjgq7jg7Pjgrkg44K544OR44OD44OEIOOCv+OCpOODhCDntLPlo6sg5amm5Lq6IOOCpuOCo+ODoeODs+OCuiDnlLfmgKc=,,PHA+PGltZyBzcmM9Imh0dHA6Ly9pbWFnZS5yYWt1dGVuLmNvLmpwL291dGxldC1ncmFzc2hvcHBlci9jYWJpbmV0LzE2MDUveGEzNTE4LmpwZyI+PC9wPgogICAgICAgICAgPHA+PGltZyBzcmM9Imh0dHA6Ly9pbWFnZS5yYWt1dGVuLmNvLmpwL291dGxldC1ncmFzc2hvcHBlci9jYWJpbmV0LzE2MDUveGEzNTE4XzEuanBnIj48L3A+CuKYheOCouOCt+ODg+OCr+OCueOBruODj+ODvOODleOCv+OCpOODhO+8gTxicj4KPGJyPgril4/ouqvkvZPjga7li5XjgY3jgavjgYLjgo/jgZvjgabkvLjnuK7jgZnjgovjgIHjgrnjg4jjg6zjg4Pjg4HmgKfjga7jgYLjgovntKDmnZDjgpLkvb/nlKjvvIE8YnI+CuKXj+mqqOebpOOBruebtOeri+OBqOWuieWumuOCkuOCteODneODvOODiOOBl+OAgeiFsOOBjOWFpeOBo+OBn+Wnv+WLouOCkuS/neaMgeOBmeOCi+OCs+OCouODkOODqeODs+OCueapn+iDve+8gTxicj4K4peP6ISa44Gu5YuV44GN44KS5aao44GS44Gq44GE5L2N572u44Gr57ir44GE55uu44KS6YWN572u44GZ44KL44GT44Go44Gn44CB44K544Og44O844K644Gq5YuV5L2c44Gr44Gq44KL44Os44OD44Kw44OV44Oq44O844OR44K/44O844Oz77yBPGJyPgril4/lj7Plvozjgqbjgqjjgrnjg4jlhoXlgbTjgavjg6Hjg4fjgqPjgqLjg53jgrHjg4Pjg4jku5jjgY3vvIE8YnI+CuKXj+WknOmWk+OBruOCuOODp+OCruODs+OCsOOChOOCpuOCqeODvOOCreODs+OCsOOBq+OCguWuieW/g+ODu+WuieWFqOOBquWGjei1t+WPjeWwhOe0oOadkOOCkuS9v+eUqO+8gTxicj4KPGJyPgrilqDntKDmnZA8YnI+CuWJjei6q+mgg++8muODiuOCpOODreODszc177yF44CB44Od44Oq44Km44Os44K/44OzMjXvvIU8YnI+CuW+jOi6q+mgg++8muODneODquOCqOOCueODhuODqzg177yF44CB44Od44Oq44Km44Os44K/44OzMTXvvIU8YnI+CuKWoOS8geeUu+ijvemAoOiyqeWjsuWFgyDmoKrlvI/kvJrnpL7jgqLjgrfjg4Pjgq/jgrk8YnI+Cjxicj4K4oC755S75YOP44Gv5pKu5b2x5pmC44Gu54Wn5piO44Gu5YW35ZCI44KE44CB44GK5a6i5qeY44Gu44OR44K944Kz44Oz55Kw5aKD44Gr44KI44KK5a6f54mp44Go5aSa5bCR55Ww44Gq44KL5aC05ZCI44GM44GU44GW44GE44G+44GZ44Gu44Gn44GU5LqG5om/44GP44Gg44GV44GE44CCPGJyPgo8QlI+CjxCUj4KPGI+44Oh44O844Kr44O86KGo6KiY44K144Kk44K6PC9iPjxicj4K44K144Kk44K677ya6Lqr6ZW377yP6IO05ZuyPGJyPgpT77yaMTYyLTE2OO+8jzcxLTc3PGJyPgpN77yaMTY3LTE3M++8jzc1LTgxPGJyPgpM77yaMTcyLTE3OO+8jzc5LTg1PGJyPgpP77yaMTc3LTE4M++8jzgzLTg5PGJyPjxicj4KPGJyPgrilqDjg6Hjg7zjgqvjg7zjgYrlj5blr4TjgZvjga7ngrrjgIHnmbrpgIHjgb7jgac1772eNuWWtualreaXpeOBi+OBi+OCiuOBvuOBmeOAguOBiuWuouanmOOBlOmDveWQiOOBp+OBrui/lOWTgeODu+S6pOaPm+ODu+OCreODo+ODs+OCu+ODq+OBr+OBiuWPl+OBkeOBp+OBjeOBvuOBm+OCk+OAgjxicj4K4pag44Oh44O844Kr44O85Zyo5bqr5qyh56ys44Gn44Gv5qyg5ZOB44Gu5aC05ZCI44GM44GC44KK44G+44GZPGJyPg==,44CK6YCB5paZ54Sh5paZ44CL44Ki44K344OD44Kv44K544CQYXNpY3PjgJHjg6Hjg7Pjgrog44Os44OH44Kj44O844K5IOODj+ODvOODleOCv+OCpOODhCBFUiBYQTM1MTggMTYwNSDjgrnjg53jg7zjg4Qg44OI44Os44O844OL44Oz44KwIOOCpOODs+ODiuODvCDjg5XjgqPjg4Pjg4jjg43jgrkg44Op44Oz44OL44Oz44KwIOODnuODqeOCveODsyDjg6zjgq7jg7Pjgrkg44K544OR44OD44OEIOOCv+OCpOODhCDntLPlo6sg5amm5Lq6IOOCpuOCo+ODoeODs+OCuiDnlLfmgKfvvJrjgrnjg53jg7zjg4Tjgrfjg6fjg4Pjg5cg44Kw44Op44K544Ob44OD44OR44O8,6YCa5L+h6LKp5aOy6YCa6LKp44K344On44OD44OU44Oz44Kw44Kq44Oz44Op44Kk44Oz44K344On44OD44OU44Oz44Kw6LK344GE54mp44OX44Os44K844Oz44OI44Ku44OV44OI6LSI44KK54mp6LSI562U5ZOB44GK5Lit5YWD44GK5q2z5pqu44GK6LK344GE5b6X44K544Od44O844OEIOeUqOWTgSDjgrDjg6njgrnjg5vjg4Pjg5Hjg7zjg6njg7Pjg4vjg7PjgrAg44K344Ol44O844K644K544Od44O844OEIOODkOODg+OCsOODi+ODpeODvOODkOODqeODs+OCueOAgOOCouOCt+ODg+OCr+OCueOAgOOCouOCpuODiOODieOCouOAgOODreOCtOOCueODoeODs+OCuiDjgrjjg6Pjg7zjgrgg5LiK5LiLIOOCu+ODg+ODiOODrOODh+OCo+ODvOOCuSDjgrjjg6Pjg7zjgrgg5LiK5LiLIG91dGxldCBncmFzc2hvcHBlcm5pa2UgYWRpZGFzIHB1bWEgcmVlYm9rIHNwZWVkbyBhcmVuYeODiuOCpOOCrSDjgqLjg4fjgqPjg4Djgrkg44OX44O844OeICDjg6rjg7zjg5zjg4Pjgq8g44K544OU44O844OJIOOCouODquODvOODiuOCpuOCo+ODs+ODieODluODrOODvOOCq+ODvOODqeODg+OCt+ODpeOCrOODvOODieOAgOOCteODs+ODgOODq+OAgOODnuODquODs+OCt+ODpeODvOOCuuOCuOODp+OCruODs+OCsCDjg57jg6njgr3jg7Mg44OI44Os44O844OL44Oz44Kw5rC05rOz44CA56u25rOzIOawtOedgOOCs+ODs+ODl+ODrOODg+OCt+ODp+ODs+OAgOODjuODvOOCueODleOCp+OCpOOCueOCueOCpOODoOOCpuOCp+OCouOCueODi+ODvOOCq+ODvOOAgOOCteODs+ODgOODq+a/gOWuieOAgOWQuOaxl+mAn+S5vuOCq+ODg+ODkeOAgFVQRuOAgOe0q+Wklue3muOAgOaOpeinpuWGt+aEn+ODiOODrOODvOODi+ODs+OCsCDjgqbjgqfjgqLjgqLjgqbjg4jjg6zjg4Pjg4jjgIrpgIHmlpnnhKHmlpnjgIvjgqLjgrfjg4Pjgq/jgrnjgJBhc2ljc+OAkeODoeODs+OCuiDjg6zjg4fjgqPjg7zjgrkg44OP44O844OV44K/44Kk44OEIEVSIFhBMzUxOCAxNjA1IOOCueODneODvOODhCDjg4jjg6zjg7zjg4vjg7PjgrAg44Kk44Oz44OK44O8IOODleOCo+ODg+ODiOODjeOCuSDjg6njg7Pjg4vjg7PjgrAg44Oe44Op44K944OzIOODrOOCruODs+OCuSDjgrnjg5Hjg4Pjg4Qg44K/44Kk44OEIOe0s+WjqyDlqabkurog44Km44Kj44Oh44Oz44K6IOeUt+aApw==,4pagYXNpY3Pjga7jg4/jg7zjg5Xjgr/jgqTjg4TvvIEg6YGL5YuVIOODleOCo+ODg+ODiOODjeOCueOAguOAiumAgeaWmeeEoeaWmeOAi+OCouOCt+ODg+OCr+OCueOAkGFzaWNz44CR44Oh44Oz44K6IOODrOODh+OCo+ODvOOCuSDjg4/jg7zjg5Xjgr/jgqTjg4QgRVIgWEEzNTE4IDE2MDUg44K544Od44O844OEIOODiOODrOODvOODi+ODs+OCsCDjgqTjg7Pjg4rjg7wg44OV44Kj44OD44OI44ON44K5IOODqeODs+ODi+ODs+OCsCDjg57jg6njgr3jg7Mg44Os44Ku44Oz44K5IOOCueODkeODg+ODhCDjgr/jgqTjg4Qg57Sz5aOrIOWppuS6uiDjgqbjgqPjg6Hjg7Pjgrog55S35oCn[rn]
17-128281,aHR0cDovL3RzaG9wLnIxMHMuanAvbG9jb25kby9jYWJpbmV0L2NvbW1vZGl0eS8zNjEvYmwyMTI5Ym0wMDAwMl8xLmpwZz9maXRpbj03MDA6NzAw,MjQ4OC44MDAw,,6Z20ID4g44Oh44Oz44K66Z20ID4g44OT44K444ON44K544K344Ol44O844K6,44CQ44Ki44Km44OI44Os44OD44OI44CR44OW44Op44OD44Kv44OZ44Or44OZ44OD44OIIEJMQUNLIFZFTFZFVCDjg5Pjgrjjg43jgrnjgrfjg6Xjg7zjgrogQlYtNjg1MyDvvIjjgq3jg6Pjg6Hjg6vvvIk=,,44OT44OD44OI44Oi44OB44O844OV44KS5L2/44Gj44GfQkxBQ0sgVkVMVkVUKOODluODqeODg+OCr+ODmeODq+ODmeODg+ODiCnjga7jg5Pjgrjjg43jgrnjgrfjg6Xjg7zjgrrjgIIK6Laz5YWl44KM44GM44GX44KE44GZ44GE54us6Ieq6Kit6KiI44Gr44CB44Oh44OD44K344Ol5LuV5qeY44Gn6YCa5rCX5oCn5oqc576k44CCCuOBqeOBo+OBpuOCgui7veOBhOOBruOBp+OAgeatqeOBjeW/g+WcsOOCguKXjgo8YnIgLz48YnIgLz48Yj7liKXjgqvjg6njg7zjga/jgZPjgaHjgonvvIEg44OW44Op44OD44KvPC9iPjxiciAvPjxiciAvPuODuyDllYblk4Hnlarlj7c6IEJMMjEyOUJNMDAwMDI8YnIgLz7jg7sg44OW44Op44Oz44OJ5ZWG5ZOB55Wq5Y+3OiA0NjAxNjEwMjE0IDE2MDA8YnIgLz7jg7sg44OW44Op44Oz44OJ5ZCNOiBCTEFDSyBWRUxWRVQ8YnIgLz7jg7sg6ImyOiDjgq3jg6Pjg6Hjg6s8YnIgLz7jg7sg5Y6f55Sj5Zu9OiDkuK3lm708YnIgLz7jg7sg44OS44O844Or44Gu5Z6LOiDjgqbjgqfjg4Pjgrjjg5Ljg7zjg6s8YnIgLz7jg7sg44OI44Kl44K/44Kk44OXOiDjgrnjgq/jgqjjgqI8YnIgLz7jg7sg6Z205bmFOiAyRe+8iOaZrumAmu+8iTxiciAvPuODuyDjgqLjg4Pjg5Hjg7zntKDmnZA6IOWQiOaIkOearumdqTxiciAvPuODuyDjgr3jg7zjg6vntKDmnZA6IOWQiOaIkDxiciAvPg==,44CQ44Ki44Km44OI44Os44OD44OI44CR44OW44Op44OD44Kv44OZ44Or44OZ44OD44OIIEJMQUNLIFZFTFZFVCDjg5Pjgrjjg43jgrnjgrfjg6Xjg7zjgrogQlYtNjg1MyDvvIjjgq3jg6Pjg6Hjg6vvvInvvJpMT0NPTUFMTO+8iOODreOCs+ODs+ODieWFrOW8j+OCueODiOOCou+8iQ==,6YCa5L+h6LKp5aOy6YCa6LKp44K344On44OD44OU44Oz44Kw44Kq44Oz44Op44Kk44Oz44K344On44OD44OU44Oz44Kw6LK344GE54mp44OX44Os44K844Oz44OI44Ku44OV44OI6LSI44KK54mp6LSI562U5ZOB44GK5Lit5YWD44GK5q2z5pqu44GK6LK344GE5b6X6Z2044OQ44OD44Kw6YCa6LKp44K344Ol44O844K644OR44Oz44OX44K544K544OL44O844Kr44O844K144Oz44OA44Or44OW44O844OE44CQ44Ki44Km44OI44Os44OD44OI44CR44OW44Op44OD44Kv44OZ44Or44OZ44OD44OIIEJMQUNLIFZFTFZFVCDjg5Pjgrjjg43jgrnjgrfjg6Xjg7zjgrogQlYtNjg1MyDvvIjjgq3jg6Pjg6Hjg6vvvIk=,44CQ44GC44GZ5qW944CR44CQ5Lqk5o+b44O76L+U5ZOB5Y+v6IO944CRL+OCt+ODpeODvOOCui/jg63jgrPjg7Pjg4kv44CC44CQ44Ki44Km44OI44Os44OD44OI44CR44OW44Op44OD44Kv44OZ44Or44OZ44OD44OIIEJMQUNLIFZFTFZFVCDjg5Pjgrjjg43jgrnjgrfjg6Xjg7zjgrogQlYtNjg1MyDvvIjjgq3jg6Pjg6Hjg6vvvIk=[rn]
17-128282,aHR0cDovL3RzaG9wLnIxMHMuanAvbG9jb25kby9jYWJpbmV0L2NvbW1vZGl0eS81NTcvYWEyMjQ2Ym0wMDAwM18xLmpwZz9maXRpbj03MDA6NzAw,MzE4My4yMDAw,,6Z20ID4g44Oh44Oz44K66Z20ID4g44OT44K444ON44K544K344Ol44O844K6,U0ZXIOOCteODs+OCqOODvOODl+ODqeOCuSBBQUErIOODreODs+OCsOODjuODvOOCuuODk+OCuOODjeOCueOCt+ODpeODvOOCuijjg6Ljg7Pjgq/jgrnjg4jjg6njg4Pjg5fjgrnjg4jjg6zjg7zjg4jjg4Hjg4Pjg5cpIO+8iOODgOODvOOCr+ODluODqeOCpuODs++8iQ==,,4peHQUFBK++8iOOCteODs+OCqOODvOODl+ODqeOCue+8ieOBruODreODs+OCsOODjuODvOOCuuODk+OCuOODjeOCueOCt+ODpeODvOOCuijjg6Ljg7Pjgq/jgrnjg4jjg6njg4Pjg5fjgrnjg4jjg6zjg7zjg4jjg4Hjg4Pjg5cpIOOAggrjg6Ljg7Pjgq/jgrnjg4jjg6njg4Pjg5fDl+OCueODiOODrOODvOODiOODgeODg+ODl+OBruOBmeOBo+OBjeOCiuOBqOOBl+OBn+ODh+OCtuOCpOODs+OBp+OAgeOBleOBvuOBluOBvuOBquOCueODvOODhOOCueOCv+OCpOODq+OBq+WQiOOCj+OBm+OBpualveOBl+OCgeOCi+S4gOi2s+OBp+OBmeOAggrjg63jg7PjgrDjg47jg7zjgrrku5Xmp5jjgafohJrplbfopovjgZvlirnmnpzjgavjgoLmnJ/lvoXjgafjgY3jgZ3jgYbjgIIKZWRpdGVkIGJ5IG5hY2hvPGJyIC8+PGJyIC8+PGI+5Yil44Kr44Op44O844Gv44GT44Gh44KJ77yBIEJMKOODluODqeODg+OCrykgQlIo44OW44Op44Km44OzKTwvYj48YnIgLz48YnIgLz7jg7sg5ZWG5ZOB55Wq5Y+3OiBBQTIyNDZCTTAwMDAzPGJyIC8+44O7IOODluODqeODs+ODieWVhuWTgeeVquWPtzogMjY0NSBEQlI8YnIgLz7jg7sg44OW44Op44Oz44OJ5ZCNOiBBQUE/PGJyIC8+44O7IOiJsjogREJSPGJyIC8+44O7IOWOn+eUo+WbvTog5Lit5Zu9PGJyIC8+44O7IOODkuODvOODq+OBrumrmOOBlTogMy41Y208YnIgLz7jg7sg44OS44O844Or44Gu5Z6LOiDlpKrjgoHjg5Ljg7zjg6s8YnIgLz7jg7sg44OI44Kl44K/44Kk44OXOiDjgrnjgq/jgqjjgqI8YnIgLz7jg7sg44Ki44OD44OR44O857Sg5p2QOiDlkIjmiJDnmq7pnak8YnIgLz7jg7sg5YaF5by157Sg5p2QOiDlkIjmiJDnmq7pnak8YnIgLz7jg7sg5Lit5pW357Sg5p2QOiDlkIjmiJDnmq7pnak8YnIgLz7jg7sg44K944O844Or57Sg5p2QOiDlkIjmiJA8YnIgLz4=,U0ZXIOOCteODs+OCqOODvOODl+ODqeOCuSBBQUErIOODreODs+OCsOODjuODvOOCuuODk+OCuOODjeOCueOCt+ODpeODvOOCuijjg6Ljg7Pjgq/jgrnjg4jjg6njg4Pjg5fjgrnjg4jjg6zjg7zjg4jjg4Hjg4Pjg5cpIO+8iOODgOODvOOCr+ODluODqeOCpuODs++8ie+8mkxPQ09NQUxM77yI44Ot44Kz44Oz44OJ5YWs5byP44K544OI44Ki77yJ,6YCa5L+h6LKp5aOy6YCa6LKp44K344On44OD44OU44Oz44Kw44Kq44Oz44Op44Kk44Oz44K344On44OD44OU44Oz44Kw6LK344GE54mp44OX44Os44K844Oz44OI44Ku44OV44OI6LSI44KK54mp6LSI562U5ZOB44GK5Lit5YWD44GK5q2z5pqu44GK6LK344GE5b6X6Z2044OQ44OD44Kw6YCa6LKp44K344Ol44O844K644OR44Oz44OX44K544K544OL44O844Kr44O844K144Oz44OA44Or44OW44O844OEU0ZXIOOCteODs+OCqOODvOODl+ODqeOCuSBBQUErIOODreODs+OCsOODjuODvOOCuuODk+OCuOODjeOCueOCt+ODpeODvOOCuijjg6Ljg7Pjgq/jgrnjg4jjg6njg4Pjg5fjgrnjg4jjg6zjg7zjg4jjg4Hjg4Pjg5cpIO+8iOODgOODvOOCr+ODluODqeOCpuODs++8iQ==,44CQ44GC44GZ5qW944CR44CQ5Lqk5o+b44O76L+U5ZOB5Y+v6IO944CRL+OCt+ODpeODvOOCui/jg63jgrPjg7Pjg4kv44CCU0ZXIOOCteODs+OCqOODvOODl+ODqeOCuSBBQUErIOODreODs+OCsOODjuODvOOCuuODk+OCuOODjeOCueOCt+ODpeODvOOCuijjg6Ljg7Pjgq/jgrnjg4jjg6njg4Pjg5fjgrnjg4jjg6zjg7zjg4jjg4Hjg4Pjg5cpIO+8iOODgOODvOOCr+ODluODqeOCpuODs++8iQ==[rn]
17-128283,aHR0cDovL3RzaG9wLnIxMHMuanAvbG9jb25kby9jYWJpbmV0L2NvbW1vZGl0eS84NzkvdDAyMjM0Ym0wMDAwN18xLmpwZz9maXRpbj03MDA6NzAw,NDc5Mi4wMDAw,,6Z20ID4g44Oh44Oz44K66Z20ID4g44OT44K444ON44K544K344Ol44O844K6,44OI44OOIFRvbm8g44OT44K444ON44K544K344Ol44O844K6IOODl+ODrOODvOODs+OCv+OCpOODlyAzNTcwMCDjg5bjg6njg4Pjgq8gMDI0NSDvvIjjg5bjg6njg4Pjgq8gICAgIO+8iQ==,,4peH44OI44OOIFRvbm8g44OT44K444ON44K544K344Ol44O844K6IOODl+ODrOODvOODs+OCv+OCpOODlyAzNTcwMOOAggrjgrfjg7Pjg5fjg6vjgarjgrnjg6rjg4Pjg53jg7Pjgr/jgqTjg5fjga7jg5Pjgrjjg43jgrnjgrfjg6Xjg7zjgrrjgafjgZnjgIIK4pag44Ov44Kk44K677yaNEUK4pag57Sg5p2Q77ya5pys6Z2pCumYsua7kQrjgq/jg4Pjgrfjg6fjg7PjgqTjg7Pjgr3jg7zjg6sK44K944OV44OI44Ki44OD44OR44O8CuaXpeacrOS6uuWQkeOBkeioreioiDxiciAvPjxiciAvPuODuyDllYblk4Hnlarlj7c6IFQwMjIzNEJNMDAwMDc8YnIgLz7jg7sg44OW44Op44Oz44OJ5ZWG5ZOB55Wq5Y+3OiA0NjAxOTMxNjA1IDg3MDA8YnIgLz7jg7sg44OW44Op44Oz44OJ5ZCNOiBUb25vPGJyIC8+44O7IOiJsjog44OW44Op44OD44KvPGJyIC8+44O7IOODkuODvOODq+OBrumrmOOBlTogMi41Y208YnIgLz7jg7sg44OS44O844Or44Gu5Z6LOiDjg5Xjg6njg4Pjg4g8YnIgLz7jg7sg44OI44Kl44K/44Kk44OXOiDjg6njgqbjg7Pjg4k8YnIgLz7jg7sg6Z205bmFOiA0Re+8iOOChuOBo+OBn+OCiu+8iTxiciAvPg==,44OI44OOIFRvbm8g44OT44K444ON44K544K344Ol44O844K6IOODl+ODrOODvOODs+OCv+OCpOODlyAzNTcwMCDjg5bjg6njg4Pjgq8gMDI0NSDvvIjjg5bjg6njg4Pjgq8gICAgIO+8ie+8mkxPQ09NQUxM77yI44Ot44Kz44Oz44OJ5YWs5byP44K544OI44Ki77yJ,6YCa5L+h6LKp5aOy6YCa6LKp44K344On44OD44OU44Oz44Kw44Kq44Oz44Op44Kk44Oz44K344On44OD44OU44Oz44Kw6LK344GE54mp44OX44Os44K844Oz44OI44Ku44OV44OI6LSI44KK54mp6LSI562U5ZOB44GK5Lit5YWD44GK5q2z5pqu44GK6LK344GE5b6X6Z2044OQ44OD44Kw6YCa6LKp44K344Ol44O844K644OR44Oz44OX44K544K544OL44O844Kr44O844K144Oz44OA44Or44OW44O844OE44OI44OOIFRvbm8g44OT44K444ON44K544K344Ol44O844K6IOODl+ODrOODvOODs+OCv+OCpOODlyAzNTcwMCDjg5bjg6njg4Pjgq8gMDI0NSDvvIjjg5bjg6njg4Pjgq8gICAgIO+8iQ==,44CQ44GC44GZ5qW944CR44CQ5Lqk5o+b44O76L+U5ZOB5Y+v6IO944CRL+OCt+ODpeODvOOCui/jg63jgrPjg7Pjg4kv44CC44OI44OOIFRvbm8g44OT44K444ON44K544K344Ol44O844K6IOODl+ODrOODvOODs+OCv+OCpOODlyAzNTcwMCDjg5bjg6njg4Pjgq8gMDI0NSDvvIjjg5bjg6njg4Pjgq8gICAgIO+8iQ==[rn]
17-128284,aHR0cDovL3RzaG9wLnIxMHMuanAvbG9jb25kby9jYWJpbmV0L2NvbW1vZGl0eS82MzMvYWEyMjQ2Ym0wMDAzMF8xLmpwZz9maXRpbj03MDA6NzAw,Mjg1Ny42MDAw,,6Z20ID4g44Oh44Oz44K66Z20ID4g44OT44K444ON44K544K344Ol44O844K6,U0ZXIOOCteODs+OCqOODvOODl+ODqeOCuSBBQUErICDjg5Pjgrjjg43jgrnjgrfjg6Xjg7zjgrrvvIjjg4Djg5bjg6vjg6Ljg7Pjgq/vvIkg77yI44Op44Kk44OI44OW44Op44Km44Oz77yJ,,4peHU0ZXIOOCteODs+OCqOODvOODl+ODqeOCuSBBQUErICDjg5Pjgrjjg43jgrnjgrfjg6Xjg7zjgrrjgIIK44OA44OW44Or44Oi44Oz44Kv44K544OI44Op44OD44OX44Gr44K544OI44Os44O844OI44OB44OD44OX44Gn44GZ44Gj44GN44KK44Go5bGl44GN44GT44Gq44Gb44KL5LiA6Laz44Gn44GZ44CCCuOBleOBvuOBluOBvuOBquOCueODvOODhOOCueOCv+OCpOODq+OBq+WQiOOCj+OBm+OBpuOBiuWxpeOBjemgguOBkeOBvuOBmeOAggplZGl0ZWQgYnkgbmFjaG88YnIgLz48YnIgLz48Yj7liKXjgqvjg6njg7zjga/jgZPjgaHjgonvvIEgQkwo44OW44Op44OD44KvKSBCUijjg5bjg6njgqbjg7MpPC9iPjxiciAvPjxiciAvPuODuyDllYblk4Hnlarlj7c6IEFBMjI0NkJNMDAwMzA8YnIgLz7jg7sg44OW44Op44Oz44OJ5ZWG5ZOB55Wq5Y+3OiAyNjA1IExCUjxiciAvPuODuyDjg5bjg6njg7Pjg4nlkI06IEFBQT88YnIgLz7jg7sg6ImyOiBMQlI8YnIgLz7jg7sg5Y6f55Sj5Zu9OiDkuK3lm708YnIgLz7jg7sg44OS44O844Or44Gu6auY44GVOiAzLjVjbTxiciAvPuODuyDjg5Ljg7zjg6vjga7lnos6IOWkquOCgeODkuODvOODqzxiciAvPuODuyDjg4jjgqXjgr/jgqTjg5c6IOOCueOCr+OCqOOCojxiciAvPuODuyDjgqLjg4Pjg5Hjg7zntKDmnZA6IOWQiOaIkOearumdqTxiciAvPuODuyDlhoXlvLXntKDmnZA6IOWQiOaIkOearumdqTxiciAvPuODuyDkuK3mlbfntKDmnZA6IOWQiOaIkOearumdqTxiciAvPuODuyDjgr3jg7zjg6vntKDmnZA6IOWQiOaIkDxiciAvPg==,U0ZXIOOCteODs+OCqOODvOODl+ODqeOCuSBBQUErICDjg5Pjgrjjg43jgrnjgrfjg6Xjg7zjgrrvvIjjg4Djg5bjg6vjg6Ljg7Pjgq/vvIkg77yI44Op44Kk44OI44OW44Op44Km44Oz77yJ77yaTE9DT01BTEzvvIjjg63jgrPjg7Pjg4nlhazlvI/jgrnjg4jjgqLvvIk=,6YCa5L+h6LKp5aOy6YCa6LKp44K344On44OD44OU44Oz44Kw44Kq44Oz44Op44Kk44Oz44K344On44OD44OU44Oz44Kw6LK344GE54mp44OX44Os44K844Oz44OI44Ku44OV44OI6LSI44KK54mp6LSI562U5ZOB44GK5Lit5YWD44GK5q2z5pqu44GK6LK344GE5b6X6Z2044OQ44OD44Kw6YCa6LKp44K344Ol44O844K644OR44Oz44OX44K544K544OL44O844Kr44O844K144Oz44OA44Or44OW44O844OEU0ZXIOOCteODs+OCqOODvOODl+ODqeOCuSBBQUErICDjg5Pjgrjjg43jgrnjgrfjg6Xjg7zjgrrvvIjjg4Djg5bjg6vjg6Ljg7Pjgq/vvIkg77yI44Op44Kk44OI44OW44Op44Km44Oz77yJ,44CQ44GC44GZ5qW944CR44CQ5Lqk5o+b44O76L+U5ZOB5Y+v6IO944CRL+OCt+ODpeODvOOCui/jg63jgrPjg7Pjg4kv44CCU0ZXIOOCteODs+OCqOODvOODl+ODqeOCuSBBQUErICDjg5Pjgrjjg43jgrnjgrfjg6Xjg7zjgrrvvIjjg4Djg5bjg6vjg6Ljg7Pjgq/vvIkg77yI44Op44Kk44OI44OW44Op44Km44Oz77yJ[rn]
17-128285,aHR0cDovL3RzaG9wLnIxMHMuanAvbG9jb25kby9jYWJpbmV0L2NvbW1vZGl0eS82MzMvYWEyMjQ2Ym0wMDAzMl8xLmpwZz9maXRpbj03MDA6NzAw,Mjg1Ny42MDAw,,6Z20ID4g44Oh44Oz44K66Z20ID4g44OT44K444ON44K544K344Ol44O844K6,U0ZXIOOCteODs+OCqOODvOODl+ODqeOCuSBBQUErICDjg5Pjgrjjg43jgrnjgrfjg6Xjg7zjgrrvvIjjg6Ljg7Pjgq/jgrnjg4jjg6njg4Pjg5fvvIkg77yI44OW44Op44Km44Oz77yJ,,4peHU0ZXIOOCteODs+OCqOODvOODl+ODqeOCuSBBQUErICDjg5Pjgrjjg43jgrnjgrfjg6Xjg7zjgroK44Km44Kk44Oz44Kw44OB44OD44OX44GM44Kq44K344Oj44Os44Gq44OT44K444ON44K544K344Ol44O844K644Gn44GZ44CC5bGl44GN5Y+j44Gr44K044Ki44GM5o6h55So44GV44KM44Gf44K544Oq44OD44Od44Oz44K/44Kk44OX44Gq44Gu44Gn44CB6ISx44GO5bGl44GN57Ch5Y2Y77yBCuWumueVquOBp+OBguOCiuOBquOBjOOCieOAgemBiuOBs+W/g+OBruOBguOCi+ODh+OCtuOCpOODs+OBp+OBmeOAggpFZGl0ZWQgYnkgbmFrYW1vbzxiciAvPjxiciAvPjxiPuWIpeOCq+ODqeODvOOBr+OBk+OBoeOCie+8gSBCTCjjg5bjg6njg4Pjgq8pIExCUijjg5bjg6njgqbjg7MpPC9iPjxiciAvPjxiciAvPuODuyDllYblk4Hnlarlj7c6IEFBMjI0NkJNMDAwMzI8YnIgLz7jg7sg44OW44Op44Oz44OJ5ZWG5ZOB55Wq5Y+3OiAyNjA0IEJSPGJyIC8+44O7IOODluODqeODs+ODieWQjTogQUFBPzxiciAvPuODuyDoibI6IEJSPGJyIC8+44O7IOWOn+eUo+WbvTog5Lit5Zu9PGJyIC8+44O7IOODkuODvOODq+OBruWeizog44OV44Op44OD44OIPGJyIC8+44O7IOODiOOCpeOCv+OCpOODlzog44K544Kv44Ko44KiPGJyIC8+44O7IOOCouODg+ODkeODvOe0oOadkDog5ZCI5oiQ55qu6Z2pPGJyIC8+44O7IOOCveODvOODq+e0oOadkDog5ZCI5oiQPGJyIC8+,U0ZXIOOCteODs+OCqOODvOODl+ODqeOCuSBBQUErICDjg5Pjgrjjg43jgrnjgrfjg6Xjg7zjgrrvvIjjg6Ljg7Pjgq/jgrnjg4jjg6njg4Pjg5fvvIkg77yI44OW44Op44Km44Oz77yJ77yaTE9DT01BTEzvvIjjg63jgrPjg7Pjg4nlhazlvI/jgrnjg4jjgqLvvIk=,6YCa5L+h6LKp5aOy6YCa6LKp44K344On44OD44OU44Oz44Kw44Kq44Oz44Op44Kk44Oz44K344On44OD44OU44Oz44Kw6LK344GE54mp44OX44Os44K844Oz44OI44Ku44OV44OI6LSI44KK54mp6LSI562U5ZOB44GK5Lit5YWD44GK5q2z5pqu44GK6LK344GE5b6X6Z2044OQ44OD44Kw6YCa6LKp44K344Ol44O844K644OR44Oz44OX44K544K544OL44O844Kr44O844K144Oz44OA44Or44OW44O844OEU0ZXIOOCteODs+OCqOODvOODl+ODqeOCuSBBQUErICDjg5Pjgrjjg43jgrnjgrfjg6Xjg7zjgrrvvIjjg6Ljg7Pjgq/jgrnjg4jjg6njg4Pjg5fvvIkg77yI44OW44Op44Km44Oz77yJ,44CQ44GC44GZ5qW944CR44CQ5Lqk5o+b44O76L+U5ZOB5Y+v6IO944CRL+OCt+ODpeODvOOCui/jg63jgrPjg7Pjg4kv44CCU0ZXIOOCteODs+OCqOODvOODl+ODqeOCuSBBQUErICDjg5Pjgrjjg43jgrnjgrfjg6Xjg7zjgrrvvIjjg6Ljg7Pjgq/jgrnjg4jjg6njg4Pjg5fvvIkg77yI44OW44Op44Km44Oz77yJ[rn]
17-128286,aHR0cDovL3RzaG9wLnIxMHMuanAvbG9jb25kby9jYWJpbmV0L2NvbW1vZGl0eS82MzMvYWEyMjQ2Ym0wMDAzM18xLmpwZz9maXRpbj03MDA6NzAw,Mjg1Ny42MDAw,,6Z20ID4g44Oh44Oz44K66Z20ID4g44OT44K444ON44K544K344Ol44O844K6,U0ZXIOOCteODs+OCqOODvOODl+ODqeOCuSBBQUErICDjg5Pjgrjjg43jgrnjgrfjg6Xjg7zjgrrvvIjjg6Ljg7Pjgq/jgrnjg4jjg6njg4Pjg5fvvIkg77yI44Op44Kk44OI44OW44Op44Km44Oz77yJ,,4peHU0ZXIOOCteODs+OCqOODvOODl+ODqeOCuSBBQUErICDjg5Pjgrjjg43jgrnjgrfjg6Xjg7zjgroK44Km44Kk44Oz44Kw44OB44OD44OX44GM44Kq44K344Oj44Os44Gq44OT44K444ON44K544K344Ol44O844K644Gn44GZ44CC5bGl44GN5Y+j44Gr44K044Ki44GM5o6h55So44GV44KM44Gf44K544Oq44OD44Od44Oz44K/44Kk44OX44Gq44Gu44Gn44CB6ISx44GO5bGl44GN57Ch5Y2Y77yBCuWumueVquOBp+OBguOCiuOBquOBjOOCieOAgemBiuOBs+W/g+OBruOBguOCi+ODh+OCtuOCpOODs+OBp+OBmeOAggpFZGl0ZWQgYnkgbmFrYW1vbzxiciAvPjxiciAvPjxiPuWIpeOCq+ODqeODvOOBr+OBk+OBoeOCie+8gSBCTCjjg5bjg6njg4Pjgq8pIEJSKOODluODqeOCpuODsyk8L2I+PGJyIC8+PGJyIC8+44O7IOWVhuWTgeeVquWPtzogQUEyMjQ2Qk0wMDAzMzxiciAvPuODuyDjg5bjg6njg7Pjg4nllYblk4Hnlarlj7c6IDI2MDQgTEJSPGJyIC8+44O7IOODluODqeODs+ODieWQjTogQUFBPzxiciAvPuODuyDoibI6IExCUjxiciAvPuODuyDljp/nlKPlm706IOS4reWbvTxiciAvPuODuyDjg5Ljg7zjg6vjga7lnos6IOODleODqeODg+ODiDxiciAvPuODuyDjg4jjgqXjgr/jgqTjg5c6IOOCueOCr+OCqOOCojxiciAvPuODuyDjgqLjg4Pjg5Hjg7zntKDmnZA6IOWQiOaIkOearumdqTxiciAvPuODuyDjgr3jg7zjg6vntKDmnZA6IOWQiOaIkDxiciAvPg==,U0ZXIOOCteODs+OCqOODvOODl+ODqeOCuSBBQUErICDjg5Pjgrjjg43jgrnjgrfjg6Xjg7zjgrrvvIjjg6Ljg7Pjgq/jgrnjg4jjg6njg4Pjg5fvvIkg77yI44Op44Kk44OI44OW44Op44Km44Oz77yJ77yaTE9DT01BTEzvvIjjg63jgrPjg7Pjg4nlhazlvI/jgrnjg4jjgqLvvIk=,6YCa5L+h6LKp5aOy6YCa6LKp44K344On44OD44OU44Oz44Kw44Kq44Oz44Op44Kk44Oz44K344On44OD44OU44Oz44Kw6LK344GE54mp44OX44Os44K844Oz44OI44Ku44OV44OI6LSI44KK54mp6LSI562U5ZOB44GK5Lit5YWD44GK5q2z5pqu44GK6LK344GE5b6X6Z2044OQ44OD44Kw6YCa6LKp44K344Ol44O844K644OR44Oz44OX44K544K544OL44O844Kr44O844K144Oz44OA44Or44OW44O844OEU0ZXIOOCteODs+OCqOODvOODl+ODqeOCuSBBQUErICDjg5Pjgrjjg43jgrnjgrfjg6Xjg7zjgrrvvIjjg6Ljg7Pjgq/jgrnjg4jjg6njg4Pjg5fvvIkg77yI44Op44Kk44OI44OW44Op44Km44Oz77yJ,44CQ44GC44GZ5qW944CR44CQ5Lqk5o+b44O76L+U5ZOB5Y+v6IO944CRL+OCt+ODpeODvOOCui/jg63jgrPjg7Pjg4kv44CCU0ZXIOOCteODs+OCqOODvOODl+ODqeOCuSBBQUErICDjg5Pjgrjjg43jgrnjgrfjg6Xjg7zjgrrvvIjjg6Ljg7Pjgq/jgrnjg4jjg6njg4Pjg5fvvIkg77yI44Op44Kk44OI44OW44Op44Km44Oz77yJ[rn]
17-128287,aHR0cDovL3RzaG9wLnIxMHMuanAvbG9jb25kby9jYWJpbmV0L2NvbW1vZGl0eS8yNzMvdzAzMDY4Ym0wMDAxMF8xLmpwZz9maXRpbj03MDA6NzAw,MzI2NS42MDAw,,6Z20ID4g44Oh44Oz44K66Z20ID4g44OT44K444ON44K544K344Ol44O844K6,44Km44Kj44Or44K944OzIFdpbHNvbiA0Y23pmLLmsLTjgIHpmLLmu5Hjg5Pjgrjjg43jgrnjgrfjg6Xjg7zjgrog44Oi44OD44Kv44K544OI44Op44OD44OXIO+8iEJMQUNL77yJ,,NGNtIDTmmYLplpPjga7pmLLmsLToqabpqJPjgpLjgq/jg6rjgqLjgZfjgZ9XaWxzb27vvIjjgqbjgqPjg6vjgr3jg7PvvInjga7jg6Ljg4Pjgq/jgrnjg4jjg6njg4Pjg5fjg5Pjgrjjg43jgrnjgrfjg6Xjg7zjgrrjgIJiciZndDvotrPlhYPjga7mgqrjgYTjgajjgZPjgo3jgafjgoLlronlv4PjgarpmLLmu5Hjgr3jg7zjg6vjga/jgIHlsYjmm7LmgKfjgavjgoLlhKrjgozmranjgY3jgoTjgZnjgYTkuIDotrPjgafjgZnjgIIK5bmF44GM44KG44Gj44Gf44KK55uu44Gq44Gu44Gn5qW944Gr5bGl44GP44GT44Go44GM44Gn44GN44CB5Lit5pW344GN44Gu44Kv44OD44K344On44Oz5oCn44KC5ayJ44GX44GE44Go44GT44KN44CCPGJyIC8+PGJyIC8+44O7IOWVhuWTgeeVquWPtzogVzAzMDY4Qk0wMDAxMDxiciAvPuODuyDjg5bjg6njg7Pjg4nllYblk4Hnlarlj7c6IDE4MiBCTEFDSzxiciAvPuODuyDjg5bjg6njg7Pjg4nlkI06IFdpbHNvbl88YnIgLz7jg7sg6ImyOiBCTEFDSzxiciAvPuODuyDjg5Ljg7zjg6vjga7pq5jjgZU6IDMuNWNtPGJyIC8+44O7IOODkuODvOODq+OBruWeizog5aSq44KB44OS44O844OrPGJyIC8+44O7IOODiOOCpeOCv+OCpOODlzog44K544Kv44Ko44KiPGJyIC8+44O7IOmdtOW5hTogM0XvvIjjgobjgaPjgZ/jgorvvIk8YnIgLz7jg7sg44Ki44OD44OR44O857Sg5p2QOiDlkIjmiJDnmq7pnak8YnIgLz7jg7sg5YaF5by157Sg5p2QOiDnlJ/lnLDjg7vlkIjmiJDnuYrntq08YnIgLz7jg7sg5Lit5pW357Sg5p2QOiDnlJ/lnLDjg7vlkIjmiJDnuYrntq08YnIgLz7jg7sg44K944O844Or57Sg5p2QOiDlkIjmiJA8YnIgLz4=,44Km44Kj44Or44K944OzIFdpbHNvbiA0Y23pmLLmsLTjgIHpmLLmu5Hjg5Pjgrjjg43jgrnjgrfjg6Xjg7zjgrog44Oi44OD44Kv44K544OI44Op44OD44OXIO+8iEJMQUNL77yJ77yaTE9DT01BTEzvvIjjg63jgrPjg7Pjg4nlhazlvI/jgrnjg4jjgqLvvIk=,6YCa5L+h6LKp5aOy6YCa6LKp44K344On44OD44OU44Oz44Kw44Kq44Oz44Op44Kk44Oz44K344On44OD44OU44Oz44Kw6LK344GE54mp44OX44Os44K844Oz44OI44Ku44OV44OI6LSI44KK54mp6LSI562U5ZOB44GK5Lit5YWD44GK5q2z5pqu44GK6LK344GE5b6X6Z2044OQ44OD44Kw6YCa6LKp44K344Ol44O844K644OR44Oz44OX44K544K544OL44O844Kr44O844K144Oz44OA44Or44OW44O844OE44Km44Kj44Or44K944OzIFdpbHNvbiA0Y23pmLLmsLTjgIHpmLLmu5Hjg5Pjgrjjg43jgrnjgrfjg6Xjg7zjgrog44Oi44OD44Kv44K544OI44Op44OD44OXIO+8iEJMQUNL77yJ,44CQ44GC44GZ5qW944CR44CQ5Lqk5o+b44O76L+U5ZOB5Y+v6IO944CRL+OCt+ODpeODvOOCui/jg63jgrPjg7Pjg4kv44CC44Km44Kj44Or44K944OzIFdpbHNvbiA0Y23pmLLmsLTjgIHpmLLmu5Hjg5Pjgrjjg43jgrnjgrfjg6Xjg7zjgrog44Oi44OD44Kv44K544OI44Op44OD44OXIO+8iEJMQUNL77yJ[rn]
17-128288,aHR0cDovL3RzaG9wLnIxMHMuanAvbG9jb25kby9jYWJpbmV0L2NvbW1vZGl0eS8zNDEvYW4xNTcwYm0wMDEwMV8xLmpwZz9maXRpbj03MDA6NzAw,MjYzMC40MDAw,,6Z20ID4g44Oh44Oz44K66Z20ID4g44OT44K444ON44K544K344Ol44O844K6,44Ki44OzIEFOIOODtOOCoeODs+ODl+ODreODvOODleOCoeODvCDvvIjjg5bjg6njg4Pjgq/vvIk=,,4peH44Ki44OzIEFOIOODtOOCoeODs+ODl+ODreODvOODleOCoeODvCDjgIIK44KE44KE57Sw6Lqr44Gu44K344Or44Ko44OD44OI44Gu44K344Oj44O844OX44Gq44O044Kh44Oz44OX44Ot44O844OV44Kh44O844CCCui7veOBhOWNsOixoeOCkuOCs+ODvOODh+OCo+ODjeODvOODiOOBruS4juOBiOOBpuOBj+OCjOOAgeaYpeOBi+OCieWkj+OBq+OBi+OBkeOBpuODk+OCuOODjeOCueOCueOCv+OCpOODq+OBrui2s+WFg+OBp+OCgua0u+i6jeOBl+OBpuOBj+OCjOOBvuOBmeOAggrohLHjgY7lsaXjgY3jgYznsKHljZjjgarjga7jgoLjg63jg7zjg5XjgqHjg7zjga7jg53jgqTjg7Pjg4jjga7kuIDjgaTjgafjgZnjgIIK44OT44K444ON44K55Lul5aSW44Gr44KC44Kr44K444Ol44Ki44Or44K544K/44Kk44Or44Gr5ZCI44KP44Gb44Gm6Laz5YWD44KS44Kt44Os44Kk44Gn5aSn5Lq644Gu6Zuw5Zuy5rCX44Gr44GX44Gm44GP44KM44G+44GZ44CCCuOCt+ODs+ODl+ODq+OBquODh+OCtuOCpOODs+OBquOBruOBp+OAgeW5heW6g+OBhOOCs+ODvOODh+OCo+ODjeODvOODiOOBq+WQiOOCj+OBm+OCieOCjOOCi+ODreODvOODleOCoeODvOOBp+OBmeOAguODluODqeODs+ODieiqrOaYjgoKQU4o44Ki44Oz44OQ44Kk44Or44K344Km44K5KQoK44Or44K344Km44K544Gu44K744Kr44Oz44OJ44Op44Kk44Oz44Gn44GC44KK44CB44GN44KM44GE55uu44Kr44K444Ol44Ki44Or44Gu44Ki44Kk44OG44Og5bGV6ZaL44GM5Lit5b+D44CC6auY57Sa5oSf44Gu44GC44KL44Or44K344Km44K544Gr44Kr44K444Ol44Ki44Or5oSf44KS44OX44Op44K544CC5LiK6LOq44Gq44K344Ol44O844K644KS44OH44Kk44Oq44O844Om44O844K544Gr5bGl44GN44GT44Gq44GZ44CCCgrjgrnjg6rjg4Pjg53jg7PjgIHjg63jg7zjg5XjgqHjg7zjgIHjg6zjg7zjgrnjgqLjg4Pjg5fjgrfjg6Xjg7zjgrrjgIHjg5bjg7zjg4Tjgarjganjga7mr47jgrfjg7zjgrrjg7Pjga7jg4jjg6zjg7Pjg4njgpLjg6rjg6rjg7zjgrnjgZnjgovjgqvjgrjjg6XjgqLjg6vjgrfjg6Xjg7zjgrrjg5bjg6njg7Pjg4njgIIKCmxkbF9uZXdsaWZlPGJyIC8+PGJyIC8+PGI+5Yil44Kr44Op44O844Gv44GT44Gh44KJ77yBIEJSTijjg5bjg6njgqbjg7MpIEJMS0dBKOODluODqeODg+OCrykgQlJOR0Eo44OW44Op44Km44OzKSBXSFRHQSjjg5vjg6/jgqTjg4gpPC9iPjxiciAvPjxiciAvPuODuyDllYblk4Hnlarlj7c6IEFOMTU3MEJNMDAxMDE8YnIgLz7jg7sg44OW44Op44Oz44OJ5ZWG5ZOB55Wq5Y+3OiBBUFQzNTctMiBCTEs8YnIgLz7jg7sg44OW44Op44Oz44OJ5ZCNOiBBTjxiciAvPuODuyDoibI6IEJMSzxiciAvPuODuyDljp/nlKPlm706IOS4reWbvTxiciAvPuODuyDjg5Ljg7zjg6vjga7pq5jjgZU6IDIuNWNtPGJyIC8+44O7IOODkuODvOODq+OBruWeizog44OV44Op44OD44OIPGJyIC8+44O7IOODiOOCpeOCv+OCpOODlzog44K544Kv44Ko44KiPGJyIC8+44O7IOmdtOW5hTogM0XvvIjjgobjgaPjgZ/jgorvvIk8YnIgLz7jg7sg44Ki44OD44OR44O857Sg5p2QOiDlkIjmiJDnmq7pnak8YnIgLz7jg7sg5YaF5by157Sg5p2QOiDlkIjmiJDnmq7pnak8YnIgLz7jg7sg5Lit5pW357Sg5p2QOiDlkIjmiJDnmq7pnak8YnIgLz7jg7sg44K944O844Or57Sg5p2QOiDlkIjmiJA8YnIgLz4=,44Ki44OzIEFOIOODtOOCoeODs+ODl+ODreODvOODleOCoeODvCDvvIjjg5bjg6njg4Pjgq/vvInvvJpMT0NPTUFMTO+8iOODreOCs+ODs+ODieWFrOW8j+OCueODiOOCou+8iQ==,6YCa5L+h6LKp5aOy6YCa6LKp44K344On44OD44OU44Oz44Kw44Kq44Oz44Op44Kk44Oz44K344On44OD44OU44Oz44Kw6LK344GE54mp44OX44Os44K844Oz44OI44Ku44OV44OI6LSI44KK54mp6LSI562U5ZOB44GK5Lit5YWD44GK5q2z5pqu44GK6LK344GE5b6X6Z2044OQ44OD44Kw6YCa6LKp44K344Ol44O844K644OR44Oz44OX44K544K544OL44O844Kr44O844K144Oz44OA44Or44OW44O844OE44Ki44OzIEFOIOODtOOCoeODs+ODl+ODreODvOODleOCoeODvCDvvIjjg5bjg6njg4Pjgq/vvIk=,44CQ44GC44GZ5qW944CR44CQ5Lqk5o+b44O76L+U5ZOB5Y+v6IO944CRL+OCt+ODpeODvOOCui/jg63jgrPjg7Pjg4kv44CC44Ki44OzIEFOIOODtOOCoeODs+ODl+ODreODvOODleOCoeODvCDvvIjjg5bjg6njg4Pjgq/vvIk=[rn]
17-128289,aHR0cDovL3RzaG9wLnIxMHMuanAvbG9jb25kby9jYWJpbmV0L2NvbW1vZGl0eS83NDEvZWMwMTJibTAyMjc3XzEuanBnP2ZpdGluPTcwMDo3MDA=,MTY2OTIuMDAwMA==,,6Z20ID4g44Oh44Oz44K66Z20ID4g44OT44K444ON44K544K344Ol44O844K6,44Ko44Kz44O8IEVDQ08gRUNDTyBKb2hhbm5lc2J1cmcgU2xpcCBPbiDvvIhCTEFDS++8iQ==,,4peH44Ko44Kz44O8IEVDQ08gRUNDTyBKb2hhbm5lc2J1cmcgU2xpcCBPbuOAggrjg6Ljg4Djg7PjgarjgrfjgqfjgqTjg5fjgavjgqjjg6zjgqzjg7Pjg4jjgarpm7Dlm7LmsJfjgpLjgb7jgajjgaPjgZ/jgq/jg6njgrfjg4Pjgq/jgarjgrnjg6rjg4Pjg53jg7Pjga/lv6vpganjgarlsaXjgY3lv4PlnLDjgavjgoLkuIDliIfjga7lpqXljZTjgYzjgYLjgorjgb7jgZvjgpPjgIIK44OV44Or44Kw44Os44Kk44Oz44Os44K244O844Gu44Ki44OD44OR44O844Gr44OG44Kt44K544K/44Kk44Or44Op44Kk44OL44Oz44Kw44Gn6Z205YaF6YOo44Gu5rm/5bqm44KS6Kq/5pW044CCCuOBvuOBn+OBn+WPluOCiuWkluOBl+WPr+iDveOBquODrOOCtuODvOW8teOCikVDQ0/jgrPjg7Pjg5Xjgqnjg7zjg4jjg5XjgqHjgqTjg5Djg7zjgrfjgrnjg4bjg6DjgqTjg7Pjgr3jg7zjg6vjga/pnbTlhoXpg6jjga7nqbrmsJfjga7lvqrnkrDjgpLkv4PjgZfotrPjgpLlv6vpganjgavkv53jgaHjgb7jgZnjgIIK44Od44Oq44Km44Os44K/44Oz6KO944Gu44OA44Kk44Os44Kv44OI44Kk44Oz44K444Kn44Kv44K344On44Oz6KO95rOV44Gr44KI44KL44Ki44Km44OI44K944O844Or44OP44Gv5YSq44KM44Gf44Kv44OD44K344On44Oz5oCn44Go6KGd5pKD5ZC45Y+O5oCn44KS55m65o+u44GX44G+44GZ44CCCjxiciAvPjxiciAvPjxiPuWIpeOCq+ODqeODvOOBr+OBk+OBoeOCie+8gSAxMDUzKOODluODqeOCpuODsyk8L2I+PGJyIC8+PGJyIC8+44O7IOWVhuWTgeeVquWPtzogRUMwMTJCTTAyMjc3PGJyIC8+44O7IOODluODqeODs+ODieWVhuWTgeeVquWPtzogNjIzNTE0IDAxMDAxPGJyIC8+44O7IOODluODqeODs+ODieWQjTogRUNDTzxiciAvPuODuyDoibI6IDEwMDE8YnIgLz7jg7sg5Y6f55Sj5Zu9OiDkuK3lm708YnIgLz7jg7sg44OS44O844Or44Gu6auY44GVOiAzY208YnIgLz7jg7sg44OS44O844Or44Gu5Z6LOiDjg5Xjg6njg4Pjg4g8YnIgLz7jg7sg44OI44Kl44K/44Kk44OXOiDjgrnjgq/jgqjjgqI8YnIgLz7jg7sg6Z205bmFOiAzRe+8iOOChuOBo+OBn+OCiu+8iTxiciAvPuODuyDjgqLjg4Pjg5Hjg7zntKDmnZA6IOacrOmdqTxiciAvPuODuyDlhoXlvLXntKDmnZA6IOeUn+WcsOODu+WQiOaIkOe5iue2rTxiciAvPuODuyDkuK3mlbfntKDmnZA6IOacrOmdqTxiciAvPuODuyDjgr3jg7zjg6vntKDmnZA6IOWQiOaIkDxiciAvPuODuyDjg5bjg6njg7Pjg4njga7ntLnku4s6IDE5NjPlubTjgavjg4fjg7Pjg57jg7zjgq/ljZfpg6jjgafnlKPlo7DjgpLkuIrjgZLjgZ9FQ0NP77yI44Ko44Kz44O877yJ44CC44CMREVTSUdOIEZPTExPV1MgRlVOQ1RJT07vvIjjg4fjgrbjgqTjg7Pjga/mqZ/og73jgavlvpPjgYbvvInjgI3jgajjgYTjgYbkv6Hlv7Xjga7kuIvjgIHlk4Hos6rjgoTmioDooZPjgavlpqXljZTjgZnjgovjgZPjgajjgarjgY/jgIHoo73pgKDjg5fjg63jgrvjgrnjgavjgYrjgZHjgovlhajlt6XnqIvjgpLoh6rnpL7jgafnrqHnkIbjgZfjgIHpq5jjgYTlrp/nlKjmgKfjgajjg4fjgrbjgqTjg7PmgKfjgpLlhbzjga3lgpnjgYjjgZ/jgqLjgqTjg4bjg6DjgpLnlJ/jgb/lh7rjgZfntprjgZHjgovjg5bjg6njg7Pjg4njgafjgZnjgILmlYXpg7fjgafjgYLjgovjgrnjgqvjg7Pjgrjjg4rjg5PjgqLjga7nqbrmsJfjgpLjgb7jgajjgaPjgZ/jgojjgYbjgarjgIHjgrfjg7Pjg5fjg6vjgafjgr/jgqTjg6Djg6zjgrnjgarnvo7jgZfjgZXjga/jgIHpnbTjga7jgb/jgarjgonjgZrjg5Djg4PjgrDjgavjgoLmga/jgaXjgYTjgabjgYTjgb7jgZnjgII8YnIgLz4=,44Ko44Kz44O8IEVDQ08gRUNDTyBKb2hhbm5lc2J1cmcgU2xpcCBPbiDvvIhCTEFDS++8ie+8mkxPQ09NQUxM77yI44Ot44Kz44Oz44OJ5YWs5byP44K544OI44Ki77yJ,6YCa5L+h6LKp5aOy6YCa6LKp44K344On44OD44OU44Oz44Kw44Kq44Oz44Op44Kk44Oz44K344On44OD44OU44Oz44Kw6LK344GE54mp44OX44Os44K844Oz44OI44Ku44OV44OI6LSI44KK54mp6LSI562U5ZOB44GK5Lit5YWD44GK5q2z5pqu44GK6LK344GE5b6X6Z2044OQ44OD44Kw6YCa6LKp44K344Ol44O844K644OR44Oz44OX44K544K544OL44O844Kr44O844K144Oz44OA44Or44OW44O844OE44Ko44Kz44O8IEVDQ08gRUNDTyBKb2hhbm5lc2J1cmcgU2xpcCBPbiDvvIhCTEFDS++8iQ==,44CQ44GC44GZ5qW944CR44CQ5Lqk5o+b44O76L+U5ZOB5Y+v6IO944CRL+OCt+ODpeODvOOCui/jg63jgrPjg7Pjg4kv44CC44Ko44Kz44O8IEVDQ08gRUNDTyBKb2hhbm5lc2J1cmcgU2xpcCBPbiDvvIhCTEFDS++8iQ==[rn]
17-128290,aHR0cDovL3RzaG9wLnIxMHMuanAvbG9jb25kby9jYWJpbmV0L2NvbW1vZGl0eS80NTkvbGE3NzRibTEwMDE1XzEuanBnP2ZpdGluPTcwMDo3MDA=,MzY3My42MDAw,,6Z20ID4g44Oh44Oz44K66Z20ID4g44OT44K444ON44K544K344Ol44O844K6,U0ZXIOODqeOCueOCouODs+ODieODleODquOCuSBMQVNTVSZGUklTUyDjg5Pjgrjjg43jgrnjgrfjg6Xjg7zjgrrjg63jg7PjgrDjg47jg7zjgrrvvIjjgrnjg4jjg6zjg7zjg4jjg4Hjg4Pjg5fvvInvvIjjg5bjg6njgqbjg7Pjgrnjgqjjg7zjg4nvvIk=,,44Ot44Oz44Kw44OO44O844K644KS5Y+W44KK5YWl44KM44Gf44OH44K244Kk44Oz44Gn44K544K/44Kk44Oq44OD44K344Ol44Gq6Laz5YWD44KS5ryU5Ye644GZ44KL44CBTEFTU1UmRlJJU1PvvIjjg6njgrnjgqLjg7Pjg4njg5Xjg6rjgrnvvInjga7jg5Pjgrjjg43jgrnjgrfjg6Xjg7zjgrrjg63jg7PjgrDjg47jg7zjgrrjgIIK44Kq44OD44Kv44K544OV44Kp44O844OJ77yI5YaF57695qC577yJ44K544K/44Kk44Or44Gu44K544OI44Os44O844OI44OB44OD44OX44Gv44OT44K444ON44K544K344O844Oz44KE5Yag5ama6JGs56Wt44Gq44Gp44Gr44KC5rS76LqN44CCCuihqOmdoue0oOadkOOBjOaUvuOBpOODnuODg+ODiOOBquizquaEn+OBruOCueOCqOODvOODieWcsOOBq+a1geOCjOOCi+OCiOOBhuOBquODleOCqeODq+ODoOOBp+OAgeOBk+OBoOOCj+OCiuOBruOBguOCi+S7leS4iuOBjOOCiuOBq+OBquOCiuOBvuOBl+OBn+OAggrjg4fjgrbjgqTjg7PmgKfjgYLjgbXjgozjgovjgr3jg7zjg6vjga7lupXpnaLjgoLjgqrjgrfjg6Pjg6zjgpLlvJXjgY3lh7rjgZfjgb7jgZnjgII8YnIgLz48YnIgLz48Yj7liKXjgqvjg6njg7zjga/jgZPjgaHjgonvvIEgQkwo44OW44Op44OD44KvKSBCTC9FKOODluODqeODg+OCrykgQkwvUyjjg5bjg6njg4Pjgq8pIExCUijjg5bjg6njgqbjg7MpIERCUijjg5bjg6njgqbjg7MpPC9iPjxiciAvPjxiciAvPuODuyDllYblk4Hnlarlj7c6IExBNzc0Qk0xMDAxNTxiciAvPuODuyDjg5bjg6njg7Pjg4nllYblk4Hnlarlj7c6IDkzOSBCUi9TPGJyIC8+44O7IOODluODqeODs+ODieWQjTogTEFTU1UmRlJJU1M8YnIgLz7jg7sg6ImyOiBCUi9TPGJyIC8+44O7IOWOn+eUo+WbvTog5Lit5Zu9PGJyIC8+44O7IOODkuODvOODq+OBrumrmOOBlTogM2NtPGJyIC8+44O7IOODkuODvOODq+OBruWeizog5aSq44KB44OS44O844OrPGJyIC8+44O7IOODiOOCpeOCv+OCpOODlzog44K544Kv44Ko44KiPGJyIC8+44O7IOmdtOW5hTogM0XvvIjjgobjgaPjgZ/jgorvvIk8YnIgLz7jg7sg44Kv44Ot44O844K444Oz44KwOiDjg6zjg7zjgrnjgqLjg4Pjg5c8YnIgLz7jg7sg44Ki44OD44OR44O857Sg5p2QOiDlkIjmiJDnmq7pnak8YnIgLz7jg7sg5YaF5by157Sg5p2QOiDlkIjmiJDnmq7pnak8YnIgLz7jg7sg5Lit5pW357Sg5p2QOiDlkIjmiJDnmq7pnak8YnIgLz7jg7sg44K944O844Or57Sg5p2QOiDjgrTjg6A8YnIgLz7jg7sg44OW44Op44Oz44OJ44Gu57S55LuLOiDml6XmnKzjga7jg5Pjgrjjg43jgrnjg57jg7PjgpLotrPlhYPjgYvjgonlv5zmj7TjgZnjgovjg5bjg6njg7Pjg4njgIFMQVNTVSZGUklTU++8iOODqeOCueOCouODs+ODieODleODquOCue+8ieOAguiqsOOBq+OBp+OCguaJi+OBjOWxiuOBj+OAgeODquODvOOCuuODiuODluODq+OBquODl+ODqeOCpOOCueOBjOOCs+ODs+OCu+ODl+ODiOOAguODk+OCuOODjeOCueODnuODs+OBruOBleOBvuOBluOBvuOBquODi+ODvOOCuuOBq+W/nOOBiOOCi+OBn+OCgeOAgeixiuWvjOOBqueorumhnuOBruODk+OCuOODjeOCueOCt+ODpeODvOOCuuOCkuOAgeW5heW6g+OBhOOCteOCpOOCuuOBp+WxlemWi+OBl+OBpuOBhOOBvuOBmeOAgjxiciAvPg==,U0ZXIOODqeOCueOCouODs+ODieODleODquOCuSBMQVNTVSZhbXA7RlJJU1Mg44OT44K444ON44K544K344Ol44O844K644Ot44Oz44Kw44OO44O844K677yI44K544OI44Os44O844OI44OB44OD44OX77yJ77yI44OW44Op44Km44Oz44K544Ko44O844OJ77yJ77yaTE9DT01BTEzvvIjjg63jgrPjg7Pjg4nlhazlvI/jgrnjg4jjgqLvvIk=,6YCa5L+h6LKp5aOy6YCa6LKp44K344On44OD44OU44Oz44Kw44Kq44Oz44Op44Kk44Oz44K344On44OD44OU44Oz44Kw6LK344GE54mp44OX44Os44K844Oz44OI44Ku44OV44OI6LSI44KK54mp6LSI562U5ZOB44GK5Lit5YWD44GK5q2z5pqu44GK6LK344GE5b6X6Z2044OQ44OD44Kw6YCa6LKp44K344Ol44O844K644OR44Oz44OX44K544K544OL44O844Kr44O844K144Oz44OA44Or44OW44O844OEU0ZXIOODqeOCueOCouODs+ODieODleODquOCuSBMQVNTVSZhbXA7RlJJU1Mg44OT44K444ON44K544K344Ol44O844K644Ot44Oz44Kw44OO44O844K677yI44K544OI44Os44O844OI44OB44OD44OX77yJ77yI44OW44Op44Km44Oz44K544Ko44O844OJ77yJ,44CQ44GC44GZ5qW944CR44CQ5Lqk5o+b44O76L+U5ZOB5Y+v6IO944CRL+OCt+ODpeODvOOCui/jg63jgrPjg7Pjg4kv44CCU0ZXIOODqeOCueOCouODs+ODieODleODquOCuSBMQVNTVSZhbXA7RlJJU1Mg44OT44K444ON44K544K344Ol44O844K644Ot44Oz44Kw44OO44O844K677yI44K544OI44Os44O844OI44OB44OD44OX77yJ77yI44OW44Op44Km44Oz44K544Ko44O844OJ77yJ[rn]
17-128291,aHR0cDovL3RzaG9wLnIxMHMuanAvbG9jb25kby9jYWJpbmV0L2NvbW1vZGl0eS80NTkvbGE3NzRibTEwMDE2XzEuanBnP2ZpdGluPTcwMDo3MDA=,MzY3My42MDAw,,6Z20ID4g44Oh44Oz44K66Z20ID4g44OT44K444ON44K544K344Ol44O844K6,U0ZXIOODqeOCueOCouODs+ODieODleODquOCuSBMQVNTVSZGUklTUyDjg5Pjgrjjg43jgrnjgrfjg6Xjg7zjgrrjg63jg7PjgrDjg47jg7zjgrrvvIjjgrnjg4jjg6zjg7zjg4jjg4Hjg4Pjg5fvvInvvIjjg4Djg7zjgq/jg5bjg6njgqbjg7PvvIk=,,44Ot44Oz44Kw44OO44O844K644KS5Y+W44KK5YWl44KM44Gf44OH44K244Kk44Oz44Gn44K544K/44Kk44Oq44OD44K344Ol44Gq6Laz5YWD44KS5ryU5Ye644GZ44KL44CBTEFTU1UmRlJJU1PvvIjjg6njgrnjgqLjg7Pjg4njg5Xjg6rjgrnvvInjga7jg5Pjgrjjg43jgrnjgrfjg6Xjg7zjgrrjg63jg7PjgrDjg47jg7zjgrrjgIIK44Kq44OD44Kv44K544OV44Kp44O844OJ77yI5YaF57695qC577yJ44K544K/44Kk44Or44Gu44K544OI44Os44O844OI44OB44OD44OX44Gv44OT44K444ON44K544K344O844Oz44KE5Yag5ama6JGs56Wt44Gq44Gp44Gr44KC5rS76LqN44CCCuOCqOODiuODoeODq+miqOODrOOCtuODvOOBjOaUvuOBpOWTgeOBruiJr+OBhOWFieayouaEn+OBq+a1geOCjOOCi+OCiOOBhuOBquODleOCqeODq+ODoOOBp+OAgeOBk+OBoOOCj+OCiuOBruOBguOCi+S7leS4iuOBjOOCiuOBq+OBquOCiuOBvuOBl+OBn+OAggrjg4fjgrbjgqTjg7PmgKfjgYLjgbXjgozjgovjgr3jg7zjg6vjga7lupXpnaLjgoLjgqrjgrfjg6Pjg6zjgpLlvJXjgY3lh7rjgZfjgb7jgZnjgII8YnIgLz48YnIgLz48Yj7liKXjgqvjg6njg7zjga/jgZPjgaHjgonvvIEgQkwo44OW44Op44OD44KvKSBCTC9FKOODluODqeODg+OCrykgQkwvUyjjg5bjg6njg4Pjgq8pIExCUijjg5bjg6njgqbjg7MpIEJSL1Mo44OW44Op44Km44OzKTwvYj48YnIgLz48YnIgLz7jg7sg5ZWG5ZOB55Wq5Y+3OiBMQTc3NEJNMTAwMTY8YnIgLz7jg7sg44OW44Op44Oz44OJ5ZWG5ZOB55Wq5Y+3OiA5MzkgREJSPGJyIC8+44O7IOODluODqeODs+ODieWQjTogTEFTU1UmRlJJU1M8YnIgLz7jg7sg6ImyOiBEQlI8YnIgLz7jg7sg5Y6f55Sj5Zu9OiDkuK3lm708YnIgLz7jg7sg44OS44O844Or44Gu6auY44GVOiAzY208YnIgLz7jg7sg44OS44O844Or44Gu5Z6LOiDlpKrjgoHjg5Ljg7zjg6s8YnIgLz7jg7sg44OI44Kl44K/44Kk44OXOiDjgrnjgq/jgqjjgqI8YnIgLz7jg7sg6Z205bmFOiAzRe+8iOOChuOBo+OBn+OCiu+8iTxiciAvPuODuyDjgq/jg63jg7zjgrjjg7PjgrA6IOODrOODvOOCueOCouODg+ODlzxiciAvPuODuyDjgqLjg4Pjg5Hjg7zntKDmnZA6IOWQiOaIkOearumdqTxiciAvPuODuyDlhoXlvLXntKDmnZA6IOWQiOaIkOearumdqTxiciAvPuODuyDkuK3mlbfntKDmnZA6IOWQiOaIkOearumdqTxiciAvPuODuyDjgr3jg7zjg6vntKDmnZA6IOOCtOODoDxiciAvPuODuyDjg5bjg6njg7Pjg4njga7ntLnku4s6IOaXpeacrOOBruODk+OCuOODjeOCueODnuODs+OCkui2s+WFg+OBi+OCieW/nOaPtOOBmeOCi+ODluODqeODs+ODieOAgUxBU1NVJkZSSVNT77yI44Op44K544Ki44Oz44OJ44OV44Oq44K577yJ44CC6Kqw44Gr44Gn44KC5omL44GM5bGK44GP44CB44Oq44O844K644OK44OW44Or44Gq44OX44Op44Kk44K544GM44Kz44Oz44K744OX44OI44CC44OT44K444ON44K544Oe44Oz44Gu44GV44G+44GW44G+44Gq44OL44O844K644Gr5b+c44GI44KL44Gf44KB44CB6LGK5a+M44Gq56iu6aGe44Gu44OT44K444ON44K544K344Ol44O844K644KS44CB5bmF5bqD44GE44K144Kk44K644Gn5bGV6ZaL44GX44Gm44GE44G+44GZ44CCPGJyIC8+,U0ZXIOODqeOCueOCouODs+ODieODleODquOCuSBMQVNTVSZhbXA7RlJJU1Mg44OT44K444ON44K544K344Ol44O844K644Ot44Oz44Kw44OO44O844K677yI44K544OI44Os44O844OI44OB44OD44OX77yJ77yI44OA44O844Kv44OW44Op44Km44Oz77yJ77yaTE9DT01BTEzvvIjjg63jgrPjg7Pjg4nlhazlvI/jgrnjg4jjgqLvvIk=,6YCa5L+h6LKp5aOy6YCa6LKp44K344On44OD44OU44Oz44Kw44Kq44Oz44Op44Kk44Oz44K344On44OD44OU44Oz44Kw6LK344GE54mp44OX44Os44K844Oz44OI44Ku44OV44OI6LSI44KK54mp6LSI562U5ZOB44GK5Lit5YWD44GK5q2z5pqu44GK6LK344GE5b6X6Z2044OQ44OD44Kw6YCa6LKp44K344Ol44O844K644OR44Oz44OX44K544K544OL44O844Kr44O844K144Oz44OA44Or44OW44O844OEU0ZXIOODqeOCueOCouODs+ODieODleODquOCuSBMQVNTVSZhbXA7RlJJU1Mg44OT44K444ON44K544K344Ol44O844K644Ot44Oz44Kw44OO44O844K677yI44K544OI44Os44O844OI44OB44OD44OX77yJ77yI44OA44O844Kv44OW44Op44Km44Oz77yJ,44CQ44GC44GZ5qW944CR44CQ5Lqk5o+b44O76L+U5ZOB5Y+v6IO944CRL+OCt+ODpeODvOOCui/jg63jgrPjg7Pjg4kv44CCU0ZXIOODqeOCueOCouODs+ODieODleODquOCuSBMQVNTVSZhbXA7RlJJU1Mg44OT44K444ON44K544K344Ol44O844K644Ot44Oz44Kw44OO44O844K677yI44K544OI44Os44O844OI44OB44OD44OX77yJ77yI44OA44O844Kv44OW44Op44Km44Oz77yJ[rn]
17-128292,aHR0cDovL3RzaG9wLnIxMHMuanAvbG9jb25kby9jYWJpbmV0L2NvbW1vZGl0eS80OTQvc2E3NzJibTEwMjI4XzEuanBnP2ZpdGluPTcwMDo3MDA=,NjQ0OC44MDAw,,6Z20ID4g44Oh44Oz44K66Z20ID4g44OT44K444ON44K544K344Ol44O844K6,U0ZXIOOCteODqeODkOODs+ODiSBTQVJBQkFOREUg44OS44O844Or44Ki44OD44OX6Kit6KiI44OT44K444ON44K544K344Ol44O844K6KOOCueODiOODrOODvOODiOODgeODg+ODlynvvIjjg6njgqTjg4jjg5bjg6njgqbjg7PvvIk=,,56eY5a+G44Gu44Kk44Oz44OS44O844Or77yIM2Nt77yJ44Gr44KI44Gj44Gm44CB5bGl44GP44Gg44GR44Gn6IOM6auY5Yq55p6c44KS55m65o+u44GX44Gm44GP44KM44KL44CBU0FSQUJBTkRF77yI44K144Op44OQ44Oz44OJ77yJ44Gu44OS44O844Or44Ki44OD44OX6Kit6KiI44OT44K444ON44K544K344Ol44O844K644CC5Lq65rCX44Gu44K344Oq44O844K644Gr44CB44OT44K444ON44K544GL44KJ44OV44Kp44O844Oe44Or44G+44Gn5bmF5bqD44GP44Kr44OQ44O844GX44Gm44GP44KM44KL44K544OI44Os44O844OI44OB44OD44OX44Oi44OH44Or44GM5Luy6ZaT5YWl44KK44Gn44GZ44CC57WQ5ama5byP44KE5aSn5LqL44Gq5ZWG6KuH44CB44GV44KJ44Gr44Gv44Oq44Kv44Or44O844OI44K344O844Oz44Gq44Gp44CB44GE44Gk44KC5Lul5LiK44Gr6KaL44Gf55uu44Gr5rCX44KS6YGj44GE44Gf44GE5pmC44Gn44KC5a6J5b+D44GX44Gm5bGl44GR44KL44Gu44Gn4peO44Kq44O844K944OJ44OD44Kv44K544Gq44OH44K244Kk44Oz44Gn5pmC5Luj44KE5bm06b2i44KS5ZWP44KP44Ga44Gr5bGl44GR44KL44Gu44Go44GT44KN44KC6a2F5Yqb55qE44Gn44CB5LiA5bqm5bGl44GE44Gf44KJ44Oq44OU44O844OI44GX44Gf44GP44Gq44KL44GT44Go6KuL44GR5ZCI44GE44Gn44GZ44CCPGJyIC8+PGJyIC8+PGI+5Yil44Kr44Op44O844Gv44GT44Gh44KJ77yBIEJMKOODluODqeODg+OCryk8L2I+PGJyIC8+PGJyIC8+44O7IOWVhuWTgeeVquWPtzogU0E3NzJCTTEwMjI4PGJyIC8+44O7IOODluODqeODs+ODieWVhuWTgeeVquWPtzogODk3MCBMQlI8YnIgLz7jg7sg44OW44Op44Oz44OJ5ZCNOiBTQVJBQkFOREU8YnIgLz7jg7sg6ImyOiBMQlI8YnIgLz7jg7sg5Y6f55Sj5Zu9OiDml6XmnKw8YnIgLz7jg7sg44OS44O844Or44Gu6auY44GVOiA2Y208YnIgLz7jg7sg44OS44O844Or44Gu5Z6LOiDlpKrjgoHjg5Ljg7zjg6s8YnIgLz7jg7sg44OI44Kl44K/44Kk44OXOiDjgrnjgq/jgqjjgqI8YnIgLz7jg7sg6Z205bmFOiAzRe+8iOOChuOBo+OBn+OCiu+8iTxiciAvPuODuyDjgq/jg63jg7zjgrjjg7PjgrA6IOODrOODvOOCueOCouODg+ODlzxiciAvPuODuyDjgqLjg4Pjg5Hjg7zntKDmnZA6IOacrOmdqTxiciAvPuODuyDlhoXlvLXntKDmnZA6IOWQiOaIkOearumdqTxiciAvPuODuyDkuK3mlbfntKDmnZA6IOWQiOaIkOearumdqTxiciAvPuODuyDjgr3jg7zjg6vntKDmnZA6IOOCtOODoDxiciAvPuODuyDjg5bjg6njg7Pjg4njga7ntLnku4s6IOWkp+S6uuODouODvOODieezu+OCt+ODpeODvOOCuuOCkuW+l+aEj+OBqOOBmeOCi+ODluODqeODs+ODieOAgVNBUkFCQU5ERe+8iOOCteODqeODkOODs+ODie+8ieOAguiAkOS5heaAp+OBruOBguOCi+acrOmdqeOCkui0heayouOBq+S9v+eUqOOBl+OBn+OCt+ODpeODvOOCuuOBjOixiuWvjOOAguODk+OCuOODjeOCueOCt+ODvOODs+OBq+OCguODl+ODqeOCpOODmeODvOODiOOBq+OCguOBtOOBo+OBn+OCiuOBquOAgeODieODrOOCue+8huODk+OCuOODjeOCueOCt+ODpeODvOOCuuOCkuWxlemWi+OBl+OBpuOBhOOBvuOBmeOAgjxiciAvPg==,U0ZXIOOCteODqeODkOODs+ODiSBTQVJBQkFOREUg44OS44O844Or44Ki44OD44OX6Kit6KiI44OT44K444ON44K544K344Ol44O844K6KOOCueODiOODrOODvOODiOODgeODg+ODlynvvIjjg6njgqTjg4jjg5bjg6njgqbjg7PvvInvvJpMT0NPTUFMTO+8iOODreOCs+ODs+ODieWFrOW8j+OCueODiOOCou+8iQ==,6YCa5L+h6LKp5aOy6YCa6LKp44K344On44OD44OU44Oz44Kw44Kq44Oz44Op44Kk44Oz44K344On44OD44OU44Oz44Kw6LK344GE54mp44OX44Os44K844Oz44OI44Ku44OV44OI6LSI44KK54mp6LSI562U5ZOB44GK5Lit5YWD44GK5q2z5pqu44GK6LK344GE5b6X6Z2044OQ44OD44Kw6YCa6LKp44K344Ol44O844K644OR44Oz44OX44K544K544OL44O844Kr44O844K144Oz44OA44Or44OW44O844OEU0ZXIOOCteODqeODkOODs+ODiSBTQVJBQkFOREUg44OS44O844Or44Ki44OD44OX6Kit6KiI44OT44K444ON44K544K344Ol44O844K6KOOCueODiOODrOODvOODiOODgeODg+ODlynvvIjjg6njgqTjg4jjg5bjg6njgqbjg7PvvIk=,44CQ44GC44GZ5qW944CR44CQ5Lqk5o+b44O76L+U5ZOB5Y+v6IO944CRL+OCt+ODpeODvOOCui/jg63jgrPjg7Pjg4kv44CCU0ZXIOOCteODqeODkOODs+ODiSBTQVJBQkFOREUg44OS44O844Or44Ki44OD44OX6Kit6KiI44OT44K444ON44K544K344Ol44O844K6KOOCueODiOODrOODvOODiOODgeODg+ODlynvvIjjg6njgqTjg4jjg5bjg6njgqbjg7PvvIk=[rn]
17-128293,aHR0cDovL3RzaG9wLnIxMHMuanAvbG9jb25kby9jYWJpbmV0L2NvbW1vZGl0eS8zNjcvYzAwODZibTAwMDU3XzEuanBnP2ZpdGluPTcwMDo3MDA=,NzE2Ni40MDAw,,6Z20ID4g44Oh44Oz44K66Z20ID4g44OT44K444ON44K544K344Ol44O844K6,44Kv44Oq44K544OB44Oj44OzIOOCq+ODqeODjiBDaHJpc3RpYW4gQ2FyYW5vIOODk+OCuOODjeOCueOCt+ODpeODvOOCuu+8iO+8ou+8rO+8iQ==,,44OX44Os44O844Oz44Gq44OH44K244Kk44Oz44GM5r2U44GE44CBQ2hyaXN0aWFuIENhcmFub++8iOOCr+ODquOCueODgeODo+ODsyDjgqvjg6njg47vvInjga7jg5Pjgrjjg43jgrnjgrfjg6Xjg7zjgrrjgIIK44GZ44Gj44GN44KK44Go44GX44Gf44OI44Kl44K344Or44Ko44OD44OI44Gn44CB44K544K/44Kk44Oq44OD44K344Ol44Gq6Laz5YWD44KS5Y+244GI44Gm44GP44KM44KL44Ki44Kk44OG44Og44Gn44GZ44CCCuOBi+OBi+OBqOmDqOWIhuOBq+OCr+ODg+OCt+ODp+ODs+OCkuWKueOBi+OBm+OBn+S4reaVt+OAgeaxmuOCjOOCguS7mOOBjeOBq+OBj+OBhOaSpeawtOWKoOW3peOBquOBqeWun+eUqOeahOOBquapn+iDveaAp+OCguKXjgrjg4njg6zjg4Pjgrfjg7zjgarjgrnjg7zjg4Tjgrnjgr/jgqTjg6vjgavjgZzjgbLjgYrli6fjgoHjgafjgZnjgII8YnIgLz48YnIgLz7jg7sg5ZWG5ZOB55Wq5Y+3OiBDMDA4NkJNMDAwNTc8YnIgLz7jg7sg44OW44Op44Oz44OJ5ZWG5ZOB55Wq5Y+3OiBZLTIg77yi77ysPGJyIC8+44O7IOODluODqeODs+ODieWQjTogQ2hyaXN0aWFuIENhcmFubzxiciAvPuODuyDoibI6IO+8ou+8rDxiciAvPuODuyDljp/nlKPlm706IOaXpeacrDxiciAvPuODuyDjg5Ljg7zjg6vjga7pq5jjgZU6IDNjbTxiciAvPuODuyDjg5Ljg7zjg6vjga7lnos6IOWkquOCgeODkuODvOODqzxiciAvPuODuyDjg4jjgqXjgr/jgqTjg5c6IOODqeOCpuODs+ODiTxiciAvPuODuyDpnbTluYU6IDNF77yI44KG44Gj44Gf44KK77yJPGJyIC8+44O7IOOCr+ODreODvOOCuOODs+OCsDog44Os44O844K544Ki44OD44OXPGJyIC8+44O7IOOCouODg+ODkeODvOe0oOadkDog5pys6Z2pPGJyIC8+44O7IOWGheW8tee0oOadkDog5ZCI5oiQ55qu6Z2pPGJyIC8+44O7IOS4reaVt+e0oOadkDog5ZCI5oiQ55qu6Z2pPGJyIC8+44O7IOOCveODvOODq+e0oOadkDog5ZCI5oiQPGJyIC8+44O7IOODluODqeODs+ODieOBrue0ueS7izog44OV44Os44Oz44OB44OG44Kk44K544OI44GM6aaZ44KL44OJ44Os44OD44K344O844Gq44K344Or44Ko44OD44OI44GM5Lq65rCX44Gu44K344Ol44O844K644OW44Op44Oz44OJ44CBQ2hyaXN0aWFuIENhcmFub++8iOOCr+ODquOCueODgeODo+ODsyDjgqvjg6njg47vvInjgILjg5Pjgrjjg43jgrnjgrfjg7zjg7PjgpLkuIros6rjgavlvanjgovjgIHjg5njg7zjgrfjg4Pjgq/jgafjgYLjgorjgarjgYzjgonjgqjjg6zjgqzjg7Pjg4jjgarjgqLjgqTjg4bjg6DjgYzmj4PjgYTjgb7jgZnjgILnhp/nt7TjgZfjgZ/ogbfkurrjga7miYvjgavjgojjgaPjgabml6XmnKzlm73lhoXjgafkvZzjgonjgozjgovjgqLjgqTjg4bjg6Djga7mlbDjgIXjga/jgIHjg4fjgrbjgqTjg7Pjga7jgb/jgarjgonjgZrlsaXjgY3lv4PlnLDjga7jgojjgZXjgavjgoLlrproqZXjgYzjgYLjgorjgb7jgZnjgII8YnIgLz4=,44Kv44Oq44K544OB44Oj44OzIOOCq+ODqeODjiBDaHJpc3RpYW4gQ2FyYW5vIOODk+OCuOODjeOCueOCt+ODpeODvOOCuu+8iO+8ou+8rO+8ie+8mkxPQ09NQUxM77yI44Ot44Kz44Oz44OJ5YWs5byP44K544OI44Ki77yJ,6YCa5L+h6LKp5aOy6YCa6LKp44K344On44OD44OU44Oz44Kw44Kq44Oz44Op44Kk44Oz44K344On44OD44OU44Oz44Kw6LK344GE54mp44OX44Os44K844Oz44OI44Ku44OV44OI6LSI44KK54mp6LSI562U5ZOB44GK5Lit5YWD44GK5q2z5pqu44GK6LK344GE5b6X6Z2044OQ44OD44Kw6YCa6LKp44K344Ol44O844K644OR44Oz44OX44K544K544OL44O844Kr44O844K144Oz44OA44Or44OW44O844OE44Kv44Oq44K544OB44Oj44OzIOOCq+ODqeODjiBDaHJpc3RpYW4gQ2FyYW5vIOODk+OCuOODjeOCueOCt+ODpeODvOOCuu+8iO+8ou+8rO+8iQ==,44CQ44GC44GZ5qW944CR44CQ5Lqk5o+b44O76L+U5ZOB5Y+v6IO944CRL+OCt+ODpeODvOOCui/jg63jgrPjg7Pjg4kv44CC44Kv44Oq44K544OB44Oj44OzIOOCq+ODqeODjiBDaHJpc3RpYW4gQ2FyYW5vIOODk+OCuOODjeOCueOCt+ODpeODvOOCuu+8iO+8ou+8rO+8iQ==[rn]
17-128294,aHR0cDovL3RzaG9wLnIxMHMuanAvbG9jb25kby9jYWJpbmV0L2NvbW1vZGl0eS80NTYvbDAxNTIwYm0wMDAwN18xLmpwZz9maXRpbj03MDA6NzAw,NDcxNi44MDAw,,6Z20ID4g44Oh44Oz44K66Z20ID4g44OT44K444ON44K544K344Ol44O844K6,44Ko44Or44OH44Kj44Kz44OiIEwgZGkgY29tbyDjg6zjgrbjg7zjgrnjg6/jg7zjg6vjg6Ljgqvjg6zjg7zjgrnjgqLjg4Pjg5fjg5Pjgrjjg43jgrnjgrfjg6Xjg7zjgrrvvIjjg5bjg6njg4Pjgq/vvIk=,,5L+h6aC844GuTUFERSBJTiBKQVBBTuOAggrjgrnjg6njg4PjgajjgZfjgZ/jg5Xjgqnjg6vjg6DjgYzjgrnjgr/jgqTjg6rjg4Pjgrfjg6Xjgarjgrnjgr/jgqTjg6vjgpLmvJTlh7rjgZnjgotMIGRpIGNvbW/vvIjjgqjjg6vjg4fjgqPjgrPjg6LvvInjga7jgrnjg6/jg7zjg6vjg6Ljgqvjg6zjg7zjgrnjgqLjg4Pjg5fjg5Pjgrjjg43jgrnjgrfjg6Xjg7zjgrrjgIIK44K544Ov44Ot44O844OB44OD44OX44OH44K244Kk44Oz44KC44Od44Kk44Oz44OI44Gr44Gq44Gj44Gf44CB44Gp44KT44Gq44K544O844OE44Gr44KC5ZCI44KP44Gb44KE44GZ44GE44Ki44Kk44OG44Og44Gn44GZ44CCCua2iOiHreapn+iDveOBruOBguOCi+e0oOadkOOAjOODleOCoeODluODrOODg+OCt+ODpeOAjeaQrei8ieOAgeihneaSg+WQuOWPjuOCpOODs+OCveODvOODq+S9v+eUqOOBqOapn+iDveaAp+OCguKXjuOAggo0LjVjbeODkuODvOODq+OBquOBruOBp+OAgeOBleOCiuOBkuOBquOBj+iEmumVt+WKueaenOOCgueLmeOBiOOAgeaSpeawtOWKueaenOOBjOOBguOCi+OBruOBp+mbqOOBruaXpeOBq+OCguS9v+OBhOOChOOBmeOBhOOBruOBjOWsieOBl+OBhOOBqOOBk+OCjeOAgjxiciAvPjxiciAvPjxiPuWIpeOCq+ODqeODvOOBr+OBk+OBoeOCie+8gSBELkJST1dOKOODluODqeOCpuODsyk8L2I+PGJyIC8+PGJyIC8+44O7IOWVhuWTgeeVquWPtzogTDAxNTIwQk0wMDAwNzxiciAvPuODuyDjg5bjg6njg7Pjg4nllYblk4Hnlarlj7c6IEw4MTAzIEJMQUNLPGJyIC8+44O7IOODluODqeODs+ODieWQjTogTCBkaSBjb21vPGJyIC8+44O7IOiJsjogQkxBQ0s8YnIgLz7jg7sg5Y6f55Sj5Zu9OiDml6XmnKw8YnIgLz7jg7sg44OS44O844Or44Gu6auY44GVOiA0Y208YnIgLz7jg7sg44OS44O844Or44Gu5Z6LOiDlpKrjgoHjg5Ljg7zjg6s8YnIgLz7jg7sg44OI44Kl44K/44Kk44OXOiDjgrnjgq/jgqjjgqI8YnIgLz7jg7sg6Z205bmFOiAyRe+8iOaZrumAmu+8iTxiciAvPuODuyDjgqLjg4Pjg5Hjg7zntKDmnZA6IOacrOmdqTxiciAvPuODuyDlhoXlvLXntKDmnZA6IOWQiOaIkOearumdqTxiciAvPuODuyDkuK3mlbfntKDmnZA6IOWQiOaIkOearumdqTxiciAvPuODuyDjgr3jg7zjg6vntKDmnZA6IOWQiOaIkDxiciAvPg==,44Ko44Or44OH44Kj44Kz44OiIEwgZGkgY29tbyDjg6zjgrbjg7zjgrnjg6/jg7zjg6vjg6Ljgqvjg6zjg7zjgrnjgqLjg4Pjg5fjg5Pjgrjjg43jgrnjgrfjg6Xjg7zjgrrvvIjjg5bjg6njg4Pjgq/vvInvvJpMT0NPTUFMTO+8iOODreOCs+ODs+ODieWFrOW8j+OCueODiOOCou+8iQ==,6YCa5L+h6LKp5aOy6YCa6LKp44K344On44OD44OU44Oz44Kw44Kq44Oz44Op44Kk44Oz44K344On44OD44OU44Oz44Kw6LK344GE54mp44OX44Os44K844Oz44OI44Ku44OV44OI6LSI44KK54mp6LSI562U5ZOB44GK5Lit5YWD44GK5q2z5pqu44GK6LK344GE5b6X6Z2044OQ44OD44Kw6YCa6LKp44K344Ol44O844K644OR44Oz44OX44K544K544OL44O844Kr44O844K144Oz44OA44Or44OW44O844OE44Ko44Or44OH44Kj44Kz44OiIEwgZGkgY29tbyDjg6zjgrbjg7zjgrnjg6/jg7zjg6vjg6Ljgqvjg6zjg7zjgrnjgqLjg4Pjg5fjg5Pjgrjjg43jgrnjgrfjg6Xjg7zjgrrvvIjjg5bjg6njg4Pjgq/vvIk=,44CQ44GC44GZ5qW944CR44CQ5Lqk5o+b44O76L+U5ZOB5Y+v6IO944CRL+OCt+ODpeODvOOCui/jg63jgrPjg7Pjg4kv44CC44Ko44Or44OH44Kj44Kz44OiIEwgZGkgY29tbyDjg6zjgrbjg7zjgrnjg6/jg7zjg6vjg6Ljgqvjg6zjg7zjgrnjgqLjg4Pjg5fjg5Pjgrjjg43jgrnjgrfjg6Xjg7zjgrrvvIjjg5bjg6njg4Pjgq/vvIk=[rn]
17-128295,aHR0cDovL3RzaG9wLnIxMHMuanAvbG9jb25kby9jYWJpbmV0L2NvbW1vZGl0eS8zNjcvYzAwODZibTAwMDYyXzEuanBnP2ZpdGluPTcwMDo3MDA=,NzA3Ni4wMDAw,,6Z20ID4g44Oh44Oz44K66Z20ID4g44OT44K444ON44K544K344Ol44O844K6,44Kv44Oq44K544OB44Oj44OzIOOCq+ODqeODjiBDaHJpc3RpYW4gQ2FyYW5vIOODk+OCuOODjeOCueOCt+ODpeODvOOCuu+8iFdJ77yJ,,5ZOB44Gu44KI44GV44KS5oSf44GY44GV44Gb44KL44CBQ2hyaXN0aWFuIENhcmFub++8iOOCr+ODquOCueODgeODo+ODsyDjgqvjg6njg47vvInjga7jg5Pjgrjjg43jgrnjgrfjg6Xjg7zjgrrjgIIK5q2j57Wx5rS+44Gq5YaF57695qC544Os44O844K544Ki44OD44OX77yG44K544OI44Os44O844OI44OB44OD44OX44OH44K244Kk44Oz44Gn44CB44Kv44Op44K55oSf44GC44KL6Laz5YWD44KS5ryU5Ye644GX44Gm44GP44KM44G+44GZ44CCCuODluODqeODg+OCr+OBruOBv+OAgeOCueODoOODvOOCuemdqeOBqOWFieayouaEn+OBruOBguOCi+mdqeOBrjLnqK7poZ7jgpLlsZXplovjgZfjgabjgYTjgb7jgZnjgII8YnIgLz48YnIgLz48Yj7liKXjgqvjg6njg7zjga/jgZPjgaHjgonvvIEgQkwo44OW44Op44OD44KvKSBCTC1HKOODluODqeODg+OCryk8L2I+PGJyIC8+PGJyIC8+44O7IOWVhuWTgeeVquWPtzogQzAwODZCTTAwMDYyPGJyIC8+44O7IOODluODqeODs+ODieWVhuWTgeeVquWPtzogR0MtMSBXSTxiciAvPuODuyDjg5bjg6njg7Pjg4nlkI06IENocmlzdGlhbiBDYXJhbm88YnIgLz7jg7sg6ImyOiBXSTxiciAvPuODuyDljp/nlKPlm706IOODkOODs+OCsOODqeODh+OCt+ODpTxiciAvPuODuyDjg5Ljg7zjg6vjga7pq5jjgZU6IDNjbTxiciAvPuODuyDjg5Ljg7zjg6vjga7lnos6IOODleODqeODg+ODiDxiciAvPuODuyDjg4jjgqXjgr/jgqTjg5c6IOODneOCpOODs+ODiDxiciAvPuODuyDpnbTluYU6IDNF77yI44KG44Gj44Gf44KK77yJPGJyIC8+44O7IOOCr+ODreODvOOCuOODs+OCsDog44Os44O844K544Ki44OD44OXPGJyIC8+44O7IOOCouODg+ODkeODvOe0oOadkDog5pys6Z2pPGJyIC8+44O7IOWGheW8tee0oOadkDog5ZCI5oiQ55qu6Z2pPGJyIC8+44O7IOS4reaVt+e0oOadkDog5ZCI5oiQ55qu6Z2pPGJyIC8+44O7IOOCveODvOODq+e0oOadkDog5ZCI5oiQPGJyIC8+44O7IOODluODqeODs+ODieOBrue0ueS7izog44OV44Os44Oz44OB44OG44Kk44K544OI44GM6aaZ44KL44OJ44Os44OD44K344O844Gq44K344Or44Ko44OD44OI44GM5Lq65rCX44Gu44K344Ol44O844K644OW44Op44Oz44OJ44CBQ2hyaXN0aWFuIENhcmFub++8iOOCr+ODquOCueODgeODo+ODsyDjgqvjg6njg47vvInjgILjg5Pjgrjjg43jgrnjgrfjg7zjg7PjgpLkuIros6rjgavlvanjgovjgIHjg5njg7zjgrfjg4Pjgq/jgafjgYLjgorjgarjgYzjgonjgqjjg6zjgqzjg7Pjg4jjgarjgqLjgqTjg4bjg6DjgYzmj4PjgYTjgb7jgZnjgILnhp/nt7TjgZfjgZ/ogbfkurrjga7miYvjgavjgojjgaPjgabml6XmnKzlm73lhoXjgafkvZzjgonjgozjgovjgqLjgqTjg4bjg6Djga7mlbDjgIXjga/jgIHjg4fjgrbjgqTjg7Pjga7jgb/jgarjgonjgZrlsaXjgY3lv4PlnLDjga7jgojjgZXjgavjgoLlrproqZXjgYzjgYLjgorjgb7jgZnjgII8YnIgLz4=,44Kv44Oq44K544OB44Oj44OzIOOCq+ODqeODjiBDaHJpc3RpYW4gQ2FyYW5vIOODk+OCuOODjeOCueOCt+ODpeODvOOCuu+8iFdJ77yJ77yaTE9DT01BTEzvvIjjg63jgrPjg7Pjg4nlhazlvI/jgrnjg4jjgqLvvIk=,6YCa5L+h6LKp5aOy6YCa6LKp44K344On44OD44OU44Oz44Kw44Kq44Oz44Op44Kk44Oz44K344On44OD44OU44Oz44Kw6LK344GE54mp44OX44Os44K844Oz44OI44Ku44OV44OI6LSI44KK54mp6LSI562U5ZOB44GK5Lit5YWD44GK5q2z5pqu44GK6LK344GE5b6X6Z2044OQ44OD44Kw6YCa6LKp44K344Ol44O844K644OR44Oz44OX44K544K544OL44O844Kr44O844K144Oz44OA44Or44OW44O844OE44Kv44Oq44K544OB44Oj44OzIOOCq+ODqeODjiBDaHJpc3RpYW4gQ2FyYW5vIOODk+OCuOODjeOCueOCt+ODpeODvOOCuu+8iFdJ77yJ,44CQ44GC44GZ5qW944CR44CQ5Lqk5o+b44O76L+U5ZOB5Y+v6IO944CRL+OCt+ODpeODvOOCui/jg63jgrPjg7Pjg4kv44CC44Kv44Oq44K544OB44Oj44OzIOOCq+ODqeODjiBDaHJpc3RpYW4gQ2FyYW5vIOODk+OCuOODjeOCueOCt+ODpeODvOOCuu+8iFdJ77yJ[rn]
17-128296,aHR0cDovL3RzaG9wLnIxMHMuanAvbG9jb25kby9jYWJpbmV0L2NvbW1vZGl0eS8zNjcvYzAwODZibTAwMDY1XzEuanBnP2ZpdGluPTcwMDo3MDA=,NjM1MC40MDAw,,6Z20ID4g44Oh44Oz44K66Z20ID4g44OT44K444ON44K544K344Ol44O844K6,44Kv44Oq44K544OB44Oj44OzIOOCq+ODqeODjiBDaHJpc3RpYW4gQ2FyYW5vIOODk+OCuOODjeOCueOCt+ODpeODvOOCuu+8iEJM77yJ,,5aSW57695qC544Os44O844K544Ki44OD44OX44K/44Kk44OX44GuQ2hyaXN0aWFuIENhcmFub++8iOOCr+ODquOCueODgeODo+ODsyDjgqvjg6njg47vvInjga7jg5Pjgrjjg43jgrnjgrfjg6Xjg7zjgrrjgIIK44GZ44Gj44GN44KK44Go44GX44Gf44K344Or44Ko44OD44OI44Gn6Iul44CF44GX44GE5Y2w6LGh44Gu6Laz5YWD44KS5ryU5Ye644GX44Gm44GP44KM44G+44GZ44CCCuOBvuOBn+OAgeWIh+OCiuabv+OBiOOCkuOCueODr+ODreODvOOBq+OBl+OBpuOBhOOCi+OBruOBp+OAgei2s+WFg+OBruOCueOCv+OCpOODq+OCkuOCiOOBj+imi+OBm+OBn+OBhOaWueOBq+OCguOBiuWLp+OCgeOBp+OBmeOAgjxiciAvPjxiciAvPjxiPuWIpeOCq+ODqeODvOOBr+OBk+OBoeOCie+8gSBCUijjg5bjg6njgqbjg7MpPC9iPjxiciAvPjxiciAvPuODuyDllYblk4Hnlarlj7c6IEMwMDg2Qk0wMDA2NTxiciAvPuODuyDjg5bjg6njg7Pjg4nllYblk4Hnlarlj7c6IEdDLTQgQkw8YnIgLz7jg7sg44OW44Op44Oz44OJ5ZCNOiBDaHJpc3RpYW4gQ2FyYW5vPGJyIC8+44O7IOiJsjogQkw8YnIgLz7jg7sg5Y6f55Sj5Zu9OiDjg5Djg7PjgrDjg6njg4fjgrfjg6U8YnIgLz7jg7sg44OS44O844Or44Gu6auY44GVOiAzY208YnIgLz7jg7sg44OS44O844Or44Gu5Z6LOiDlpKrjgoHjg5Ljg7zjg6s8YnIgLz7jg7sg44OI44Kl44K/44Kk44OXOiDjg53jgqTjg7Pjg4g8YnIgLz7jg7sg6Z205bmFOiAzRe+8iOOChuOBo+OBn+OCiu+8iTxiciAvPuODuyDjgq/jg63jg7zjgrjjg7PjgrA6IOODrOODvOOCueOCouODg+ODlzxiciAvPuODuyDjgqLjg4Pjg5Hjg7zntKDmnZA6IOacrOmdqTxiciAvPuODuyDlhoXlvLXntKDmnZA6IOWQiOaIkOearumdqTxiciAvPuODuyDkuK3mlbfntKDmnZA6IOWQiOaIkOearumdqTxiciAvPuODuyDjgr3jg7zjg6vntKDmnZA6IOWQiOaIkDxiciAvPuODuyDjg5bjg6njg7Pjg4njga7ntLnku4s6IOODleODrOODs+ODgeODhuOCpOOCueODiOOBjOmmmeOCi+ODieODrOODg+OCt+ODvOOBquOCt+ODq+OCqOODg+ODiOOBjOS6uuawl+OBruOCt+ODpeODvOOCuuODluODqeODs+ODieOAgUNocmlzdGlhbiBDYXJhbm/vvIjjgq/jg6rjgrnjg4Hjg6Pjg7Mg44Kr44Op44OO77yJ44CC44OT44K444ON44K544K344O844Oz44KS5LiK6LOq44Gr5b2p44KL44CB44OZ44O844K344OD44Kv44Gn44GC44KK44Gq44GM44KJ44Ko44Os44Ks44Oz44OI44Gq44Ki44Kk44OG44Og44GM5o+D44GE44G+44GZ44CC54af57e044GX44Gf6IG35Lq644Gu5omL44Gr44KI44Gj44Gm5pel5pys5Zu95YaF44Gn5L2c44KJ44KM44KL44Ki44Kk44OG44Og44Gu5pWw44CF44Gv44CB44OH44K244Kk44Oz44Gu44G/44Gq44KJ44Ga5bGl44GN5b+D5Zyw44Gu44KI44GV44Gr44KC5a6a6KmV44GM44GC44KK44G+44GZ44CCPGJyIC8+,44Kv44Oq44K544OB44Oj44OzIOOCq+ODqeODjiBDaHJpc3RpYW4gQ2FyYW5vIOODk+OCuOODjeOCueOCt+ODpeODvOOCuu+8iEJM77yJ77yaTE9DT01BTEzvvIjjg63jgrPjg7Pjg4nlhazlvI/jgrnjg4jjgqLvvIk=,6YCa5L+h6LKp5aOy6YCa6LKp44K344On44OD44OU44Oz44Kw44Kq44Oz44Op44Kk44Oz44K344On44OD44OU44Oz44Kw6LK344GE54mp44OX44Os44K844Oz44OI44Ku44OV44OI6LSI44KK54mp6LSI562U5ZOB44GK5Lit5YWD44GK5q2z5pqu44GK6LK344GE5b6X6Z2044OQ44OD44Kw6YCa6LKp44K344Ol44O844K644OR44Oz44OX44K544K544OL44O844Kr44O844K144Oz44OA44Or44OW44O844OE44Kv44Oq44K544OB44Oj44OzIOOCq+ODqeODjiBDaHJpc3RpYW4gQ2FyYW5vIOODk+OCuOODjeOCueOCt+ODpeODvOOCuu+8iEJM77yJ,44CQ44GC44GZ5qW944CR44CQ5Lqk5o+b44O76L+U5ZOB5Y+v6IO944CRL+OCt+ODpeODvOOCui/jg63jgrPjg7Pjg4kv44CC44Kv44Oq44K544OB44Oj44OzIOOCq+ODqeODjiBDaHJpc3RpYW4gQ2FyYW5vIOODk+OCuOODjeOCueOCt+ODpeODvOOCuu+8iEJM77yJ[rn]
17-128297,aHR0cDovL3RzaG9wLnIxMHMuanAvbG9jb25kby9jYWJpbmV0L2NvbW1vZGl0eS80OTQvc2E3NzJibTEwMjU1XzEuanBnP2ZpdGluPTcwMDo3MDA=,NjQ0OC44MDAw,,6Z20ID4g44Oh44Oz44K66Z20ID4g44OT44K444ON44K544K344Ol44O844K6,U0ZXIOOCteODqeODkOODs+ODiSBTQVJBQkFOREUg5pel5pys6KO95pys6Z2p5YaF57695qC544Km44Kk44Oz44Kw44OB44OD44OX44OT44K444ON44K544K344Ol44O844K677yI44OW44Op44OD44Kv77yJ,,44GN44KB44Gu57Sw44GL44GE5YWJ5rKi5oSf44KS5pS+44Gk44Os44K244O844KS5L2/55So44GX44Gf44CBU0FSQUJBTkRF77yI44K144Op44OQ44Oz44OJ77yJ44Gu5pys6Z2p5YaF57695qC544Km44Kk44Oz44Kw44OB44OD44OX44OT44K444ON44K544K344Ol44O844K644CCCuOCr+ODqeOCt+OCq+ODq+OBquOCpuOCo+ODs+OCsOODgeODg+ODl+OAgeimquWtkOeptOOChOODoeODgOODquOCquODs+OBp+e0sOmDqOOBq+OCguOBk+OBoOOCj+OCiuOCkuaMgeOBn+OBm+OBn+OCouOCpOODhuODoOOBp+OBmeOAggroj6/jgoTjgYvjgarpm7Dlm7LmsJfjgavku5XkuIrjgYzjgaPjgabjgYTjgovjga7jgafjgIHjg4njg6zjg4Pjgrfjg7zjgarjgrnjg7zjg4Tjgavjga/jgoLjgaHjgo3jgpPjgIHjgq3jg6zjgqTjgoHjgarjgqvjgrjjg6XjgqLjg6vjgrnjgr/jgqTjg6vjgavjgoLjgYrjgZnjgZnjgoHjgIIK44G+44Gf44CB44GT44Gh44KJ44Gv5YaF57695qC544K/44Kk44OX44Go44Gq44Gj44Gm44GK44KK44CB44KI44KK44Kv44Op44K344Kr44Or44Gq44Kz44O844OH44Kj44ON44O844OI44KS5qW944GX44G/44Gf44GE5pmC44Gr44G044Gj44Gf44KK44Gn44GZ44CCPGJyIC8+PGJyIC8+PGI+5Yil44Kr44Op44O844Gv44GT44Gh44KJ77yBIERCUijjg5bjg6njgqbjg7MpIExCUijjg5bjg6njgqbjg7MpPC9iPjxiciAvPjxiciAvPuODuyDllYblk4Hnlarlj7c6IFNBNzcyQk0xMDI1NTxiciAvPuODuyDjg5bjg6njg7Pjg4nllYblk4Hnlarlj7c6IDc3NTEgQkw8YnIgLz7jg7sg44OW44Op44Oz44OJ5ZCNOiBTQVJBQkFOREU8YnIgLz7jg7sg6ImyOiBCTDxiciAvPuODuyDljp/nlKPlm706IOaXpeacrDxiciAvPuODuyDjg5Ljg7zjg6vjga7pq5jjgZU6IDNjbTxiciAvPuODuyDjg5Ljg7zjg6vjga7lnos6IOWkquOCgeODkuODvOODqzxiciAvPuODuyDjg4jjgqXjgr/jgqTjg5c6IOOCueOCr+OCqOOCojxiciAvPuODuyDpnbTluYU6IDNF77yI44KG44Gj44Gf44KK77yJPGJyIC8+44O7IOOCr+ODreODvOOCuOODs+OCsDog44Os44O844K544Ki44OD44OXPGJyIC8+44O7IOOCouODg+ODkeODvOe0oOadkDog5pys6Z2pPGJyIC8+44O7IOWGheW8tee0oOadkDog5ZCI5oiQ55qu6Z2pPGJyIC8+44O7IOS4reaVt+e0oOadkDog5ZCI5oiQ55qu6Z2pPGJyIC8+44O7IOOCveODvOODq+e0oOadkDog44K044OgPGJyIC8+44O7IOODluODqeODs+ODieOBrue0ueS7izog5aSn5Lq644Oi44O844OJ57O744K344Ol44O844K644KS5b6X5oSP44Go44GZ44KL44OW44Op44Oz44OJ44CBU0FSQUJBTkRF77yI44K144Op44OQ44Oz44OJ77yJ44CC6ICQ5LmF5oCn44Gu44GC44KL5pys6Z2p44KS6LSF5rKi44Gr5L2/55So44GX44Gf44K344Ol44O844K644GM6LGK5a+M44CC44OT44K444ON44K544K344O844Oz44Gr44KC44OX44Op44Kk44OZ44O844OI44Gr44KC44G044Gj44Gf44KK44Gq44CB44OJ44Os44K577yG44OT44K444ON44K544K344Ol44O844K644KS5bGV6ZaL44GX44Gm44GE44G+44GZ44CCPGJyIC8+,U0ZXIOOCteODqeODkOODs+ODiSBTQVJBQkFOREUg5pel5pys6KO95pys6Z2p5YaF57695qC544Km44Kk44Oz44Kw44OB44OD44OX44OT44K444ON44K544K344Ol44O844K677yI44OW44Op44OD44Kv77yJ77yaTE9DT01BTEzvvIjjg63jgrPjg7Pjg4nlhazlvI/jgrnjg4jjgqLvvIk=,6YCa5L+h6LKp5aOy6YCa6LKp44K344On44OD44OU44Oz44Kw44Kq44Oz44Op44Kk44Oz44K344On44OD44OU44Oz44Kw6LK344GE54mp44OX44Os44K844Oz44OI44Ku44OV44OI6LSI44KK54mp6LSI562U5ZOB44GK5Lit5YWD44GK5q2z5pqu44GK6LK344GE5b6X6Z2044OQ44OD44Kw6YCa6LKp44K344Ol44O844K644OR44Oz44OX44K544K544OL44O844Kr44O844K144Oz44OA44Or44OW44O844OEU0ZXIOOCteODqeODkOODs+ODiSBTQVJBQkFOREUg5pel5pys6KO95pys6Z2p5YaF57695qC544Km44Kk44Oz44Kw44OB44OD44OX44OT44K444ON44K544K344Ol44O844K677yI44OW44Op44OD44Kv77yJ,44CQ44GC44GZ5qW944CR44CQ5Lqk5o+b44O76L+U5ZOB5Y+v6IO944CRL+OCt+ODpeODvOOCui/jg63jgrPjg7Pjg4kv44CCU0ZXIOOCteODqeODkOODs+ODiSBTQVJBQkFOREUg5pel5pys6KO95pys6Z2p5YaF57695qC544Km44Kk44Oz44Kw44OB44OD44OX44OT44K444ON44K544K344Ol44O844K677yI44OW44Op44OD44Kv77yJ[rn]
17-128298,aHR0cDovL3RzaG9wLnIxMHMuanAvbG9jb25kby9jYWJpbmV0L2NvbW1vZGl0eS82NzIvdGUwODdibTAwMDM4XzEuanBnP2ZpdGluPTcwMDo3MDA=,NDA4Mi40MDAw,,6Z20ID4g44Oh44Oz44K66Z20ID4g44OT44K444ON44K544K344Ol44O844K6,44OG44Kt44K144K5IFRFWEFTIOODieODrOOCueOCt+ODpeODvOOCuiDvvIhOVu+8iQ==,,4peH44OG44Kt44K144K5IFRFWEFTIOODieODrOOCueOCt+ODpeODvOOCuuOAggrjgrfjg7Pjg5fjg6vjgarlpJbnvr3moLnjg6zjg7zjgrnjgqLjg4Pjg5fjg4fjgrbjgqTjg7PjgafjgIHkuIros6rjgarntKDmnZDmhJ/jgYzpmpvnq4vjgaTkuIDotrPjgafjgZnjgIIK44GV44G+44GW44G+44Gq6KOF44GE44Gr44GC44KP44Gb44KE44GZ44GP44CB6ZW344GP5oSb55So44Gn44GN44Gd44GG44Gq44Gu44GM5ayJ44GX44GE44Go44GT44KN44CCPGJyIC8+PGJyIC8+PGI+5Yil44Kr44Op44O844Gv44GT44Gh44KJ77yBIENNKOODluODqeOCpuODsyk8L2I+PGJyIC8+PGJyIC8+44O7IOWVhuWTgeeVquWPtzogVEUwODdCTTAwMDM4PGJyIC8+44O7IOODluODqeODs+ODieWVhuWTgeeVquWPtzogV1UyNSBOVjxiciAvPuODuyDjg5bjg6njg7Pjg4nlkI06IFRFWEFTPGJyIC8+44O7IOiJsjogTlY8YnIgLz7jg7sg5Y6f55Sj5Zu9OiDjg5Djg7PjgrDjg6njg4fjgrfjg6U8YnIgLz7jg7sg44OS44O844Or44Gu5Z6LOiDjg5Xjg6njg4Pjg4g8YnIgLz7jg7sg44OI44Kl44K/44Kk44OXOiDjg6njgqbjg7Pjg4k8YnIgLz7jg7sg6Z205bmFOiAzRe+8iOOChuOBo+OBn+OCiu+8iTxiciAvPuODuyDjgq/jg63jg7zjgrjjg7PjgrA6IOODrOODvOOCueOCouODg+ODlzxiciAvPuODuyDjgqLjg4Pjg5Hjg7zntKDmnZA6IOacrOmdqTxiciAvPuODuyDlhoXlvLXntKDmnZA6IOWQiOaIkOearumdqTxiciAvPuODuyDkuK3mlbfntKDmnZA6IOWQiOaIkOearumdqTxiciAvPuODuyDjgr3jg7zjg6vntKDmnZA6IOWQiOaIkDxiciAvPg==,44OG44Kt44K144K5IFRFWEFTIOODieODrOOCueOCt+ODpeODvOOCuiDvvIhOVu+8ie+8mkxPQ09NQUxM77yI44Ot44Kz44Oz44OJ5YWs5byP44K544OI44Ki77yJ,6YCa5L+h6LKp5aOy6YCa6LKp44K344On44OD44OU44Oz44Kw44Kq44Oz44Op44Kk44Oz44K344On44OD44OU44Oz44Kw6LK344GE54mp44OX44Os44K844Oz44OI44Ku44OV44OI6LSI44KK54mp6LSI562U5ZOB44GK5Lit5YWD44GK5q2z5pqu44GK6LK344GE5b6X6Z2044OQ44OD44Kw6YCa6LKp44K344Ol44O844K644OR44Oz44OX44K544K544OL44O844Kr44O844K144Oz44OA44Or44OW44O844OE44OG44Kt44K144K5IFRFWEFTIOODieODrOOCueOCt+ODpeODvOOCuiDvvIhOVu+8iQ==,44CQ44GC44GZ5qW944CR44CQ5Lqk5o+b44O76L+U5ZOB5Y+v6IO944CRL+OCt+ODpeODvOOCui/jg63jgrPjg7Pjg4kv44CC44OG44Kt44K144K5IFRFWEFTIOODieODrOOCueOCt+ODpeODvOOCuiDvvIhOVu+8iQ==[rn]
