10-177601,aHR0cDovL3RzaG9wLnIxMHMuanAva2ludHN1L2NhYmluZXQvc2Vjb25kX3NraW4vZmpsMjEtYS9hZmpsMjEtcGNjbC0yMDEteTI5OC5qcGc/Zml0aW49NzAwOjcwMA==,MzA0MC4wMDAw,,44K544Oe44O844OI44OV44Kp44Oz44O744K/44OW44Os44OD44OIID4g44K544Oe44O844OI44OV44Kp44Oz44Ki44Kv44K744K144Oq44O8ID4g44K544Oe44O844OI44OV44Kp44Oz44Kx44O844K5,44CQ44K544Oe44Ob44Kx44O844K544CRSGVsbG8gbXkgbmFtZSBpcyDjgrfjgqLjg7Mg77yI44Kv44Oq44Ki77yJIC8gZm9yIEFSUk9XUyBlZiBGSkwyMS9hdSDjgJDjgqLjg63jg7zjgrog44Kx44O844K5L+OCq+ODkOODvC9DQVNFL+OCse+8jeOCueOAkeOAkOOCueODnuODvOODiOODleOCqeODsyDjgrHjg7zjgrkg44Kr44OQ44O844CR44CQ5pel5pys6KO9IFNFQ09ORCBTS0lO44CRIC8gZmpsMjEg44Kx44O844K5IOOCq+ODkOODvOOAkFAwNkRlYzE044CR,YXUgQVJST1dTIGVmIEZKTDIxIOOCseODvOOCuSDjgqvjg5Djg7w=,PGJyPjxiPuKHklBD5ZWG5ZOB44Oa44O844K444Gn6Kmz44GX44GP6KaL44KLPC9iPjxicj48YnI+44Oa44Oz44Gn5ZCN5YmN44KS5pu444GR44Gw6Ieq5bex57S55LuL44GM5Ye65p2l44KLQVJST1dTIGVmIEZKTDIxL2F144Kx44O844K544CC44CA57Sg5p2Q77ya44Kx44O844K55pys5L2T77yP44Od44Oq44Kr44O844Oc44ON44O844OI44CA5Yqg5bel77yaVVbnoazljJblnovjgqTjg7Pjgq/jg7vjg4jjg4Pjg5fjgrPjg7zjg4jku5XkuIrjgIDljbDliLfnr4Tlm7LvvJrlubPpnaLjg5fjg6rjg7Pjg4jvvIjlgbTpnaLjgavjg5fjg6rjg7Pjg4jjga/lhaXjgorjgb7jgZvjgpPvvIk8YnI+44CA44GU5rOo5paH5b6M44CB44Gy44Go44Gk44Gy44Go44Gk6IG35Lq644Gr44KI44KL44OP44Oz44OJ44Oh44Kk44OJ44Gu44Gf44KB44CBPGZvbnQgY29sb3I9IiNmZjAwMDAiPueZuumAgeOBvuOBp+OBq+acgOWkp+OBpzIx5pel44G744GpPC9mb250PumgguaItOiHtOOBl+OBpuOBiuOCiuOBvuOBmeOAgjxicj4gPGJyPjxmb250IGNvbG9yPSIjZmYwMDAwIj7lj5fms6jnlJ/nlKPjga7jgZ/jgoHjgIHjgZTms6jmloflvozjga7lpInmm7TjgIHov5Tlk4HjgIHjgq3jg6Pjg7Pjgrvjg6vjga/jgYrlj5fku5jjgafjgY3jgb7jgZvjgpPjgII8L2ZvbnQ+,44CQ44K544Oe44Ob44Kx44O844K544CRSGVsbG8gbXkgbmFtZSBpcyDjgrfjgqLjg7Mg77yI44Kv44Oq44Ki77yJIC8gZm9yIEFSUk9XUyBlZiBGSkwyMS9hdSDjgJDjgqLjg63jg7zjgrog44Kx44O844K5L+OCq+ODkOODvC9DQVNFL+OCsSZtaW51czvjgrnjgJHjgJDjgrnjg57jg7zjg4jjg5Xjgqnjg7Mg44Kx44O844K5IOOCq+ODkOODvOOAkeOAkOaXpeacrOijvSBTRUNPTkQgU0tJTuOAkSAvIGZqbDIxIOOCseODvOOCuSDjgqvjg5Djg7zjgJBQMDZEZWMxNOOAke+8muOCseODvOOCv+OCpOWxizI044CA5qW95aSp5biC5aC05bqX,44K544Oe44O844OI44OV44Kp44Oz44Ki44Kv44K744K144Oq44O85pC65biv44K544OI44Op44OD44OX44K544OI44Op44OD44OX44K544Oe44Ob44Kx44O844K544K544Oe44O844OI44OV44Kp44OzIOOCseODvOOCueOCueODnuODm+ODlOOCouOCueOCpOODpOODm+ODs+OCuOODo+ODg+OCryDjgqLjgq/jgrvjgrXjg6rjg7zjgrnjg57jg7zjg4jjg5Xjgqnjg7Pjg5TjgqLjgrnjg43jg4Pjgq/jgrnjg4jjg6njg4Pjg5fjgrnjg6/jg63jg5Xjgrnjgq3jg7wg44OU44Ki44K544K544Ov44Ot44OV44K544Kt44O8IOOCueODiOODqeODg+ODl+OCueODnuODm+OCq+ODkOODvOOCueODnuODvOODiOODleOCqeODsyDjgqvjg5Djg7zjgJDjgrnjg57jg5vjgrHjg7zjgrnjgJFIZWxsbyBteSBuYW1lIGlzIOOCt+OCouODsyDvvIjjgq/jg6rjgqLvvIkgLyBmb3IgQVJST1dTIGVmIEZKTDIxL2F1IOOAkOOCouODreODvOOCuiDjgrHjg7zjgrkv44Kr44OQ44O8L0NBU0Uv44KxJm1pbnVzO+OCueOAkeOAkOOCueODnuODvOODiOODleOCqeODsyDjgrHjg7zjgrkg44Kr44OQ44O844CR44CQ5pel5pys6KO9IFNFQ09ORCBTS0lO44CRIC8gZmpsMjEg44Kx44O844K5IOOCq+ODkOODvOOAkFAwNkRlYzE044CR,YXUgQVJST1dTIGVmIEZKTDIxIOOCseODvOOCuSDjgqvjg5Djg7zjgILjgJDjgrnjg57jg5vjgrHjg7zjgrnjgJFIZWxsbyBteSBuYW1lIGlzIOOCt+OCouODsyDvvIjjgq/jg6rjgqLvvIkgLyBmb3IgQVJST1dTIGVmIEZKTDIxL2F1IOOAkOOCouODreODvOOCuiDjgrHjg7zjgrkv44Kr44OQ44O8L0NBU0Uv44KxJm1pbnVzO+OCueOAkeOAkOOCueODnuODvOODiOODleOCqeODsyDjgrHjg7zjgrkg44Kr44OQ44O844CR44CQ5pel5pys6KO9IFNFQ09ORCBTS0lO44CRIC8gZmpsMjEg44Kx44O844K5IOOCq+ODkOODvOOAkFAwNkRlYzE044CR[rn]
10-177602,aHR0cDovL3RzaG9wLnIxMHMuanAva2ludHN1L2NhYmluZXQvcGx1cy1zL2RpYXJ5L3BsdXMtZGlhcnktaWNkMDAzOWEyLmpwZz9maXRpbj03MDA6NzAw,MjIwNy4yMDAw,,44K544Oe44O844OI44OV44Kp44Oz44O744K/44OW44Os44OD44OIID4g44K544Oe44O844OI44OV44Kp44Oz44Ki44Kv44K744K144Oq44O8ID4g44K544Oe44O844OI44OV44Kp44Oz44Kx44O844K5,SFRMMjMg5omL5biz5Z6L44Kx44O844K5IOOCueODr+ODreODleOCueOCreODvCDmirzjgZfoirHpoqgg6Iqx5p+EIOOCq+ODkOODvA==,SFRMMjMg44Kx44O844K5IOaJi+W4s+WeiyDjgrnjg57jg5vjgrHjg7zjgrkg5omL5biz44Kx44O844K54piG,PGJyPjxiPuKHklBD5ZWG5ZOB44Oa44O844K444Gn6Kmz44GX44GP6KaL44KLPC9iPjxicj48YnI+Cjxmb250IGNvbG9yPSIjZmY2NmNjIj7mirzjgZfoirHpoqjjga7jg4fjgrbjgqTjg7Pjgavjgq3jg6njg6rjgajlhYnjgovjgrnjg6/jg63jg5Xjgrnjgq3jg7zjga4gPGJyPuaJi+W4s+WeiyDjg4DjgqTjgqLjg6rjg7zjgrHjg7zjgrnjgILjg5Djg6njgqjjg4bjgqPjgoLosYrlr4zimIY8L2ZvbnQ+PGJyPgo8YnI+Cjx0YWJsZSBib3JkZXI9IjAiIGFsaWduPSJjZW50ZXIiPgo8dHI+Cjx0ZD48aW1nIHNyYz0iaHR0cDovL2ltYWdlLnJha3V0ZW4uY28uanAva2ludHN1L2NhYmluZXQvcGx1cy1zL2RpYXJ5L3BsdXMtZGlhcnktaWNkMDAzOWEyLmpwZyIgd2lkdGg9IjEwMCUiIGJvcmRlcj0iMCI+PC90ZD4KPC90cj4KPHRyPgo8dGQ+PGltZyBzcmM9Imh0dHA6Ly93d3cucmFrdXRlbi5uZS5qcC9nb2xkL2tpbnRzdS9zX2l0ZW0vcGx1cy1kaWFyeS9wbHVzLXNtYS1iYXNlMi5qcGciIHdpZHRoPSIxMDAlIiBib3JkZXI9IjAiPjxicj4KICAgIDxicj4KICAgIDxicj4KICAgIDwvdGQ+PC90cj48dHI+PHRkPjxpbWcgc3JjPSJodHRwOi8vd3d3LnJha3V0ZW4ubmUuanAvZ29sZC9raW50c3Uvc19pdGVtL3BsdXMtZGlhcnkvcGx1cy1zbWEtaWNkMDAzOWEuanBnIiB3aWR0aD0iMTAwJSIgYm9yZGVyPSIwIj48L3RkPgo8L3RyPjwvdGFibGU+PGJyPjxocj4K5oq844GX6Iqx6aKo44Gu44OH44K244Kk44Oz44Gr44Kt44Op44Oq44Go5YWJ44KL44K544Ov44Ot44OV44K544Kt44O844GuIOaJi+W4s+WeiyDjg4DjgqTjgqLjg6rjg7zjgrHjg7zjgrnjgILjg5Djg6njgqjjg4bjgqPjgoLosYrlr4zimIY8YnI+MuWAi+S7peS4iuOBlOizvOWFpe+8iDMyNDDlhobku6XkuIrvvInjgafjgIHphY3pgIHmlrnms5XjgIzpg7Xkvr/lsYDjgb7jgZ/jga/jg43jgrPjg53jgrnjgI3jgafpgIHmlpnnhKHmlpnjgavjgarjgorjgb7jgZnjgILjgYrmlK/miZXmlrnms5Xjga/jgIHku6PlvJXjgY3jgafjgoJPS++8geS7o+W8leOBjeOBruWgtOWQiOOBr+OAjOmDteS+v+WxgOOAjeOBp+mFjemAgeiHtOOBl+OBvuOBmeOAgjxicj48Zm9udCBjb2xvcj0iI2ZmMDAwMCI+5Y+X5rOo55Sf55Sj44Gu44Gf44KB44CB44GU5rOo5paH5b6M44Gu5aSJ5pu044CB6L+U5ZOB44CB44Kt44Oj44Oz44K744Or44Gv44GK5Y+X5LuY44Gn44GN44G+44Gb44KT44CCPC9mb250Pjxicj48YnI+Cue0oOadkO+8muaJi+W4s+OCseODvOOCueacrOS9k++8j+WQiOearuOAgOODj+ODvOODieOCseODvOOCue+8j+ODneODquOCq+ODvOODnOODjeODvOODiCjjg5bjg6njg4Pjgq8pPGJyPgrliqDlt6XvvJpVVuehrOWMluWei+OCpOODs+OCrzxicj7igLvljZPkuIrjg5vjg6vjg4Djg7zjga7lhYXpm7vlmajjgavjga/lr77lv5zjgZfjgabjgYrjgorjgb7jgZvjgpPjgIIo44Kx44O844K544KS6KOF552A44GX44Gf44G+44G+44Kz44ON44Kv44K/44O844Gr55u05o6l5beu44GX6L6844KT44Gn44Gu5YWF6Zu744Gv5Y+v6IO944Gn44GZ4piGKOS4gOmDqOmdnuWvvuW/nOapn+eoruacieOCiikpPGJyPgrigLvlhpnnnJ/jga/jgqTjg6Hjg7zjgrjnlLvlg4/jgavjgarjgorjgb7jgZnjgILntbXmn4TjgYzliIfjgozjgovjgZPjgajjgYzjgZTjgZbjgYTjgb7jgZnjgIIK4oC75a6f54mp44Gu6Imy44Gr6L+R44Gl44GR44KL44KI44GG44Gr5Yqq44KB44Gm44GE44G+44GZ44GM44CB44GU5Yip55So44Gu44Oi44OL44K/44O844CBUEPjgoTjgrnjg57jg7zjg4jjg5Xjgqnjg7Pjga7nkrDlooPjgavjgojjgormjrLovInlhpnnnJ/jga7oibLjgYzlrp/nianjga7oibLjgajpgZXjgaPjgabopovjgYjjgovloLTlkIjjgYzjgZTjgZbjgYTjgb7jgZnjgIIKPGJyPjxicj4KCuKYhiDjgZ3jga7ku5bjgIHmiYvluLPlnovjgrHjg7zjgrnkuIDopqfjga/jgZPjgaHjgok8YnI+PGJyPjxicj4KPGZvbnQgY29sb3I9IiMzMzAwOTkiPuOCquOCt+ODo+ODrOOBquaJi+W4s+Wei+OCseODvOOCuTxicj4K5oq844GX6Iqx6aKo44Gu44OH44K244Kk44Oz44Gr44Kt44Op44Oq44Go5YWJ44KL44K544Ov44Ot44OV44K544Kt44O844GuIOmBuOOBueOCi+WFqDnjgr/jgqTjg5c8L2ZvbnQ+PGJyPjxicj48Zm9udCBjb2xvcj0iI0ZGMDAwMCI+PGI+4oC744OH44K244Kk44Oz44O744Kr44Op44O844Gu6KaL5pys44Gv44Oa44O844K444Gu5LiA55Wq5LiK44Gr44GC44KL5ZWG5ZOB55S75YOP44Gu77yS5p6a55uu5Lul6ZmN44KS44GU6Kan44GP44Gg44GV44GE44CCPC9iPjwvZm9udD4KPGJyPjxicj48Yj48Zm9udCBjb2xvcj0iI2ZmMDAwMCI+4oC76YOo5p2Q44Gu6Kqk5beu44Gr44KI44KL5ZOB5YiH44KM44GM55m655Sf44GX44Gf5aC05ZCI44Gv44CB5YWl6I235qyh56ys44Gu6KO95L2c44O755m66YCB44Go44Gq44KL5aC05ZCI44GM44GU44GW44GE44G+44GZ44CCPGJyPuOBneOBrumam+OBr+OAgeOBlOazqOaWh+W+jOWIpemAlOODoeODvOODq+OBq+OBpuOBlOmAo+e1oeOBleOBm+OBpumgguOBjeOBvuOBmeOAgjxicj7jgb7jgZ/jgIHmiYvluLPjgavjgrnjgr/jg7Pjg4nmqZ/og70o5oqY44KK55uu77yJ44GM44Gk44GE44Gm44GE44KL5aC05ZCI44GM44GU44GW44GE44G+44GZ44CCPGJyPuS6iOOCgeOAgeOBlOS6huaJv+mhmOOBhOOBl+OBvuOBmeOAgjwvZm9udD48L2I+PGJyPjxicj4=,SFRMMjMg5omL5biz5Z6L44Kx44O844K5IOOCueODr+ODreODleOCueOCreODvCDmirzjgZfoirHpoqgg6Iqx5p+EIOOCq+ODkOODvO+8muOCseODvOOCv+OCpOWxizI044CA5qW95aSp5biC5aC05bqX,44K544Oe44O844OI44OV44Kp44Oz44Ki44Kv44K744K144Oq44O85pC65biv44K544OI44Op44OD44OX44K544OI44Op44OD44OX44K544Oe44Ob44Kx44O844K544K544Oe44O844OI44OV44Kp44OzIOOCseODvOOCueOCueODnuODm+ODlOOCouOCueOCpOODpOODm+ODs+OCuOODo+ODg+OCryDjgqLjgq/jgrvjgrXjg6rjg7zjgrnjg57jg7zjg4jjg5Xjgqnjg7Pjg5TjgqLjgrnjg43jg4Pjgq/jgrnjg4jjg6njg4Pjg5fjgrnjg6/jg63jg5Xjgrnjgq3jg7wg44OU44Ki44K544K544Ov44Ot44OV44K544Kt44O8IOOCueODiOODqeODg+ODl+OCueODnuODm+OCq+ODkOODvOOCueODnuODvOODiOODleOCqeODsyDjgqvjg5Djg7xIVEwyMyDmiYvluLPlnovjgrHjg7zjgrkg44K544Ov44Ot44OV44K544Kt44O8IOaKvOOBl+iKsemiqCDoirHmn4Qg44Kr44OQ44O8,SFRMMjMg44Kx44O844K5IOaJi+W4s+WeiyDjgrnjg57jg5vjgrHjg7zjgrkg5omL5biz44Kx44O844K54piG44CCSFRMMjMg5omL5biz5Z6L44Kx44O844K5IOOCueODr+ODreODleOCueOCreODvCDmirzjgZfoirHpoqgg6Iqx5p+EIOOCq+ODkOODvA==[rn]
10-177603,aHR0cDovL3RzaG9wLnIxMHMuanAva2ludHN1L2NhYmluZXQvcGx1cy1zL2RpYXJ5L3BsdXMtZGlhcnktMDAzNWEyLmpwZz9maXRpbj03MDA6NzAw,MTgzNi44MDAw,,44K544Oe44O844OI44OV44Kp44Oz44O744K/44OW44Os44OD44OIID4g44K544Oe44O844OI44OV44Kp44Oz44Ki44Kv44K744K144Oq44O8ID4g44K544Oe44O844OI44OV44Kp44Oz44Kx44O844K5,QVFVT1MgWkVUQSBTSC0wMUcg5omL5biz5Z6L44Kx44O844K5IHNoMDFnIOaJi+W4s+Wei+OCseODvOOCuSDjgqLjgq/jgqrjgrkg44Kx44O844K5IOaJi+W4s+WeiyDjg5Ljg6fjgqbmn4TjgIDjg6zjgqrjg5Hjg7zjg4kgc2gtMDFn44Kx44O844K5IHNoLTAxZ+OCq+ODkOODvCBhcXVvcyDjgrHjg7zjgrkg44Kr44OQ44O8IOOBiuOBl+OCg+OCjCDjgYvjgo/jgYTjgYQg5omL5biz5Z6L44K544Oe44Ob44Kx44O844K5IOOCueODnuODm+OCseODvOOCuSDjgrnjg57jg5vjgqvjg5Djg7w=,U0gtMDFHIOOCseODvOOCuSDmiYvluLPlnosg44K544Oe44Ob44Kx44O844K5IOaJi+W4s+OCseODvOOCueKYhg==,PGJyPjxiPuKHklBD5ZWG5ZOB44Oa44O844K444Gn6Kmz44GX44GP6KaL44KLPC9iPjxicj48YnI+Cjxmb250IGNvbG9yPSIjZmY2NmNjIj7jgqrjgrfjg6Pjg6zjgarjg5Ljg6fjgqbmn4TjgpLjg5fjg6rjg7Pjg4jjgZfjgZ/imao8YnI+5omL5biz5Z6LIOODgOOCpOOCouODquODvOOCseODvOOCueOAguODkOODqeOCqOODhuOCo+OCguixiuWvjOKYhjwvZm9udD48YnI+Cjxicj4KPHRhYmxlIGJvcmRlcj0iMCIgYWxpZ249ImNlbnRlciI+Cjx0cj4KPHRkPjxpbWcgc3JjPSJodHRwOi8vaW1hZ2UucmFrdXRlbi5jby5qcC9raW50c3UvY2FiaW5ldC9wbHVzLXMvZGlhcnkvZF9ibGFja18xLmpwZyIgd2lkdGg9IjMwMCIgYm9yZGVyPSIwIj48L3RkPgo8L3RyPgo8dHI+Cjx0ZD48aW1nIHNyYz0iaHR0cDovL2ltYWdlLnJha3V0ZW4uY28uanAva2ludHN1L2NhYmluZXQvcGx1cy1zL2RpYXJ5L2RfYmxhY2tfMi5qcGciIHdpZHRoPSIzMDAiIGJvcmRlcj0iMCI+PC90ZD48L3RyPjx0cj48dGQ+PGltZyBzcmM9Imh0dHA6Ly9pbWFnZS5yYWt1dGVuLmNvLmpwL2tpbnRzdS9jYWJpbmV0L3BsdXMtcy9kaWFyeS9kX2JsYWNrXzMuanBnIiB3aWR0aD0iMzAwIiBib3JkZXI9IjAiPjwvdGQ+CjwvdHI+PC90YWJsZT48YnI+PGhyPgrjgqrjgrfjg6Pjg6zjgarjg5Ljg6fjgqbmn4TjgpLjg5fjg6rjg7Pjg4jjgZfjgZ/imaog5omL5biz5Z6LIOODgOOCpOOCouODquODvOOCseODvOOCueOAguODkOODqeOCqOODhuOCo+OCguixiuWvjOKYhjxicj4y5YCL5Lul5LiK44GU6LO85YWl77yIMzI0MOWGhuS7peS4iu+8ieOBp+OAgemFjemAgeaWueazleOAjOmDteS+v+WxgOOBvuOBn+OBr+ODjeOCs+ODneOCueOAjeOBp+mAgeaWmeeEoeaWmeOBq+OBquOCiuOBvuOBmeOAguOBiuaUr+aJleaWueazleOBr+OAgeS7o+W8leOBjeOBp+OCgk9L77yB5Luj5byV44GN44Gu5aC05ZCI44Gv44CM6YO15L6/5bGA44CN44Gn6YWN6YCB6Ie044GX44G+44GZ44CCPGJyPjxmb250IGNvbG9yPSIjZmYwMDAwIj7lj5fms6jnlJ/nlKPjga7jgZ/jgoHjgIHjgZTms6jmloflvozjga7lpInmm7TjgIHov5Tlk4HjgIHjgq3jg6Pjg7Pjgrvjg6vjga/jgYrlj5fku5jjgafjgY3jgb7jgZvjgpPjgII8L2ZvbnQ+PGJyPjxicj4K57Sg5p2Q77ya5omL5biz44Kx44O844K55pys5L2T77yP5ZCI55qu44CA44OP44O844OJ44Kx44O844K577yP44Od44Oq44Kr44O844Oc44ON44O844OIKOODluODqeODg+OCryk8YnI+CuWKoOW3pe+8mlVW56Gs5YyW5Z6L44Kk44Oz44KvPGJyPuKAu+WNk+S4iuODm+ODq+ODgOODvOOBruWFhembu+WZqOOBq+OBr+WvvuW/nOOBl+OBpuOBiuOCiuOBvuOBm+OCk+OAgijjgrHjg7zjgrnjgpLoo4XnnYDjgZfjgZ/jgb7jgb7jgrPjg43jgq/jgr/jg7zjgavnm7TmjqXlt67jgZfovrzjgpPjgafjga7lhYXpm7vjga/lj6/og73jgafjgZnimIYo5LiA6YOo6Z2e5a++5b+c5qmf56iu5pyJ44KKKSk8YnI+CuKAu+WGmeecn+OBr+OCpOODoeODvOOCuOeUu+WDj+OBq+OBquOCiuOBvuOBmeOAguapn+eoruOBq+OCiOOBo+OBpue1teafhOOBjOWIh+OCjOOCi+OBk+OBqOOBjOOBlOOBluOBhOOBvuOBmeOAggrigLvlrp/nianjga7oibLjgavov5HjgaXjgZHjgovjgojjgYbjgavliqrjgoHjgabjgYTjgb7jgZnjgYzjgIHjgZTliKnnlKjjga7jg6Ljg4vjgr/jg7zjgIFQQ+OChOOCueODnuODvOODiOODleOCqeODs+OBrueSsOWig+OBq+OCiOOCiuaOsui8ieWGmeecn+OBruiJsuOBjOWun+eJqeOBruiJsuOBqOmBleOBo+OBpuimi+OBiOOCi+WgtOWQiOOBjOOBlOOBluOBhOOBvuOBmeOAggo8YnI+PGJyPgoKCgrimIYg44Gd44Gu5LuW44CB5omL5biz5Z6L44Kx44O844K55LiA6Kan44Gv44GT44Gh44KJPGJyPjxicj48YnI+Cjxmb250IGNvbG9yPSIjMzMwMDk5Ij7jgqrjgrfjg6Pjg6zjgarmiYvluLPlnovjgrHjg7zjgrk8YnI+CuOCquOCt+ODo+ODrOOBquODkuODp+OCpuafhOKZqumBuOOBueOCi+WFqDEw44K/44Kk44OXPC9mb250Pjxicj48YnI+PGZvbnQgY29sb3I9IiNGRjAwMDAiPjxiPuKAu+ODh+OCtuOCpOODs+ODu+OCq+ODqeODvOOBruimi+acrOOBr+ODmuODvOOCuOOBruS4gOeVquS4iuOBq+OBguOCi+WVhuWTgeeUu+WDj+OBru+8kuaemuebruS7pemZjeOCkuOBlOimp+OBj+OBoOOBleOBhOOAgjwvYj48L2ZvbnQ+Cjxicj48YnI+PGI+PGZvbnQgY29sb3I9IiNmZjAwMDAiPuKAu+mDqOadkOOBruiqpOW3ruOBq+OCiOOCi+WTgeWIh+OCjOOBjOeZuueUn+OBl+OBn+WgtOWQiOOBr+OAgeWFpeiNt+asoeesrOOBruijveS9nOODu+eZuumAgeOBqOOBquOCi+WgtOWQiOOBjOOBlOOBluOBhOOBvuOBmeOAgjxicj4K44Gd44Gu6Zqb44Gv44CB44GU5rOo5paH5b6M5Yil6YCU44Oh44O844Or44Gr44Gm44GU6YCj57Wh44GV44Gb44Gm6aCC44GN44G+44GZ44CCPGJyPuOBvuOBn+OAgeaJi+W4s+OBq+OCueOCv+ODs+ODieapn+iDvSjmipjjgornm67vvInjgYzjgaTjgYTjgabjgYTjgovloLTlkIjjgYzjgZTjgZbjgYTjgb7jgZnjgII8YnI+CuS6iOOCgeOAgeOBlOS6huaJv+mhmOOBhOOBl+OBvuOBmeOAgjwvZm9udD48L2I+PGJyPjxicj4=,QVFVT1MgWkVUQSBTSC0wMUcg5omL5biz5Z6L44Kx44O844K5IHNoMDFnIOaJi+W4s+Wei+OCseODvOOCuSDjgqLjgq/jgqrjgrkg44Kx44O844K5IOaJi+W4s+WeiyDjg5Ljg6fjgqbmn4TjgIDjg6zjgqrjg5Hjg7zjg4kgc2gtMDFn44Kx44O844K5IHNoLTAxZ+OCq+ODkOODvCBhcXVvcyDjgrHjg7zjgrkg44Kr44OQ44O8IOOBiuOBl+OCg+OCjCDjgYvjgo/jgYTjgYQg5omL5biz5Z6L44K544Oe44Ob44Kx44O844K5IOOCueODnuODm+OCseODvOOCuSDjgrnjg57jg5vjgqvjg5Djg7zvvJrjgrHjg7zjgr/jgqTlsYsyNOOAgOalveWkqeW4guWgtOW6lw==,44K544Oe44O844OI44OV44Kp44Oz44Ki44Kv44K744K144Oq44O85pC65biv44K544OI44Op44OD44OX44K544OI44Op44OD44OX44K544Oe44Ob44Kx44O844K544K544Oe44O844OI44OV44Kp44OzIOOCseODvOOCueOCueODnuODm+ODlOOCouOCueOCpOODpOODm+ODs+OCuOODo+ODg+OCryDjgqLjgq/jgrvjgrXjg6rjg7zjgrnjg57jg7zjg4jjg5Xjgqnjg7Pjg5TjgqLjgrnjg43jg4Pjgq/jgrnjg4jjg6njg4Pjg5fjgrnjg6/jg63jg5Xjgrnjgq3jg7wg44OU44Ki44K544K544Ov44Ot44OV44K544Kt44O8IOOCueODiOODqeODg+ODl+OCueODnuODm+OCq+ODkOODvOOCueODnuODvOODiOODleOCqeODsyDjgqvjg5Djg7xBUVVPUyBaRVRBIFNILTAxRyDmiYvluLPlnovjgrHjg7zjgrkgc2gwMWcg5omL5biz5Z6L44Kx44O844K5IOOCouOCr+OCquOCuSDjgrHjg7zjgrkg5omL5biz5Z6LIOODkuODp+OCpuafhOOAgOODrOOCquODkeODvOODiSBzaC0wMWfjgrHjg7zjgrkgc2gtMDFn44Kr44OQ44O8IGFxdW9zIOOCseODvOOCuSDjgqvjg5Djg7wg44GK44GX44KD44KMIOOBi+OCj+OBhOOBhCDmiYvluLPlnovjgrnjg57jg5vjgrHjg7zjgrkg44K544Oe44Ob44Kx44O844K5IOOCueODnuODm+OCq+ODkOODvA==,U0gtMDFHIOOCseODvOOCuSDmiYvluLPlnosg44K544Oe44Ob44Kx44O844K5IOaJi+W4s+OCseODvOOCueKYhuOAgkFRVU9TIFpFVEEgU0gtMDFHIOaJi+W4s+Wei+OCseODvOOCuSBzaDAxZyDmiYvluLPlnovjgrHjg7zjgrkg44Ki44Kv44Kq44K5IOOCseODvOOCuSDmiYvluLPlnosg44OS44On44Km5p+E44CA44Os44Kq44OR44O844OJIHNoLTAxZ+OCseODvOOCuSBzaC0wMWfjgqvjg5Djg7wgYXF1b3Mg44Kx44O844K5IOOCq+ODkOODvCDjgYrjgZfjgoPjgowg44GL44KP44GE44GEIOaJi+W4s+Wei+OCueODnuODm+OCseODvOOCuSDjgrnjg57jg5vjgrHjg7zjgrkg44K544Oe44Ob44Kr44OQ44O8[rn]
10-177604,aHR0cDovL3RzaG9wLnIxMHMuanAva2ludHN1L2NhYmluZXQveWVzLW5vL2FmamwyMS9hZmpsMjEtcGNjbC0yMDEtbjE4NS5qcGc/Zml0aW49NzAwOjcwMA==,MzA0MC4wMDAw,,44K544Oe44O844OI44OV44Kp44Oz44O744K/44OW44Os44OD44OIID4g44K544Oe44O844OI44OV44Kp44Oz44Ki44Kv44K744K144Oq44O8ID4g44K544Oe44O844OI44OV44Kp44Oz44Kx44O844K5,44CQWWVzL05v44CR44Kr44OX44K744Or44GP44KTIOODluODq+ODvCDvvIjjgq/jg6rjgqLvvIkgLyBmb3IgQVJST1dTIGVmIEZKTDIxL2F1QVJST1dTIGVmIEZKTDIxIOOCseODvOOCuSDjgqvjg5Djg7xbRkpMMjFd44CQ44Ki44Ot44O844K6IGVmIOOCseODvOOCuSBmamwyMSDjgrHjg7zjgrkv44Kr44OQ44O8L0NBU0Uv44Kx77yN44K544CR44CQ44K544Oe44O844OI44OV44Kp44OzIOOCueODnuODm+OCseODvOOCueOAkeOAkFAwNkRlYzE044CR,YXUgQVJST1dTIGVmIEZKTDIxIOOCseODvOOCuS/jgqvjg5Djg7w=,PGJyPjxiPuKHklBD5ZWG5ZOB44Oa44O844K444Gn6Kmz44GX44GP6KaL44KLPC9iPjxicj48YnI+44CQ5ZWG5ZOB6Kqs5piO44CR44CA44Kr44OX44K744Or44Gu6ZqZ6ZaT44GL44KJ44GT44Gh44KJ44KS44K444O844Gj44Go6KaL44Gk44KB44KL44Kr44OX44K744Or44GP44KTQVJST1dTIGVmIEZKTDIxL2F144Kx44O844K544CC44CA44CA44CQ5LuV5qeY44CR44CA57Sg5p2Q77ya44Kx44O844K55pys5L2T77yP44Od44Oq44Kr44O844Oc44ON44O844OI44CA5Yqg5bel77yaVVbnoazljJblnovjgqTjg7Pjgq/jg7vjg4jjg4Pjg5fjgrPjg7zjg4jku5XkuIrjgIDljbDliLfnr4Tlm7LvvJrlubPpnaLjg5fjg6rjg7Pjg4jjgIDvvIjlgbTpnaLjgavjg5fjg6rjg7Pjg4jjga/lhaXjgorjgb7jgZvjgpPvvInjgIDjgIDjgJDlr77lv5zmqZ/nqK7jgJHjgIBBUlJPV1MgZWYgRkpMMjEvYXXlsILnlKjjgIDigLvku5Xmp5jjga/kuojlkYrjgarjgY/lpInmm7TjgZnjgovloLTlkIjjgYzjgZTjgZbjgYTjgb7jgZnjgILjgIDigLvnlLvlg4/jga/lkIjmiJDnlLvlg4/vvIjjgqTjg6Hjg7zjgrjvvInjgavjgarjgorjgb7jgZnjgILjgIDigLvllYblk4HliqDlt6Xjga/jgZnjgbnjgabml6XmnKzlm73lhoXjga7nhp/nt7TjgZfjgZ/ogbfkurrjga7miYvkvZzmpa3jgafooYzjgo/jgozjgb7jgZnjgILjgIDigLvog4zpnaLjgIHlgbTpnaLjgpLjgZfjgaPjgYvjgorkv53orbfjgILjgIDigLvoo4XnnYDjgZfjgZ/jgb7jgb7lhYXpm7vlj6/og73vvIjjgrHjg7zjg5bjg6vjga7jgb/vvInjgIA8Zm9udCBjb2xvcj0iI2ZmMDAwMCI+5Y2T5LiK5Z6L5YWF6Zu75ZmoKOe9ruOBj+OBoOOBkeWFhembu++8ieOBq+OBr+WvvuW/nOOBl+OBpuOBiuOCiuOBvuOBm+OCk+OAgjwvZm9udD7jgIDjgIDjgZTms6jmloflvozjgIHjgbLjgajjgaTjgbLjgajjgaTogbfkurrjgavjgojjgovjg4/jg7Pjg4njg6HjgqTjg4njga7jgZ/jgoHjgIE8Zm9udCBjb2xvcj0iI2ZmMDAwMCI+55m66YCB44G+44Gn44Gr5pyA5aSn44GnMjHml6Xjgbvjgak8L2ZvbnQ+6aCC5oi06Ie044GX44Gm44GK44KK44G+44GZ44CCMuWAi+S7peS4iuOBlOizvOWFpe+8iDMyNDDlhobku6XkuIrvvInjgafjgIHphY3pgIHmlrnms5XjgIzpg7Xkvr/lsYDjgb7jgZ/jga/jg43jgrPjg53jgrnjgI3jgafpgIHmlpnnhKHmlpnjgavjgarjgorjgb7jgZnjgII8Zm9udCBjb2xvcj0iI2ZmMDAwMCI+5Y+X5rOo55Sf55Sj44Gu44Gf44KB44CB44GU5rOo5paH5b6M44Gu5aSJ5pu044CB6L+U5ZOB44CB44Kt44Oj44Oz44K744Or44Gv44GK5Y+X5LuY44Gn44GN44G+44Gb44KT44CCPC9mb250Pjxicj4=,44CQWWVzL05v44CR44Kr44OX44K744Or44GP44KTIOODluODq+ODvCDvvIjjgq/jg6rjgqLvvIkgLyBmb3IgQVJST1dTIGVmIEZKTDIxL2F1QVJST1dTIGVmIEZKTDIxIOOCseODvOOCuSDjgqvjg5Djg7xbRkpMMjFd44CQ44Ki44Ot44O844K6IGVmIOOCseODvOOCuSBmamwyMSDjgrHjg7zjgrkv44Kr44OQ44O8L0NBU0Uv44KxJm1pbnVzO+OCueOAkeOAkOOCueODnuODvOODiOODleOCqeODsyDjgrnjg57jg5vjgrHjg7zjgrnjgJHjgJBQMDZEZWMxNOOAke+8muOCseODvOOCv+OCpOWxizI044CA5qW95aSp5biC5aC05bqX,44K544Oe44O844OI44OV44Kp44Oz44Ki44Kv44K744K144Oq44O85pC65biv44K544OI44Op44OD44OX44K544OI44Op44OD44OX44K544Oe44Ob44Kx44O844K544K544Oe44O844OI44OV44Kp44OzIOOCseODvOOCueOCueODnuODm+ODlOOCouOCueOCpOODpOODm+ODs+OCuOODo+ODg+OCryDjgqLjgq/jgrvjgrXjg6rjg7zjgrnjg57jg7zjg4jjg5Xjgqnjg7Pjg5TjgqLjgrnjg43jg4Pjgq/jgrnjg4jjg6njg4Pjg5fjgrnjg6/jg63jg5Xjgrnjgq3jg7wg44OU44Ki44K544K544Ov44Ot44OV44K544Kt44O8IOOCueODiOODqeODg+ODl+OCueODnuODm+OCq+ODkOODvOOCueODnuODvOODiOODleOCqeODsyDjgqvjg5Djg7zjgJBZZXMvTm/jgJHjgqvjg5fjgrvjg6vjgY/jgpMg44OW44Or44O8IO+8iOOCr+ODquOCou+8iSAvIGZvciBBUlJPV1MgZWYgRkpMMjEvYXVBUlJPV1MgZWYgRkpMMjEg44Kx44O844K5IOOCq+ODkOODvFtGSkwyMV3jgJDjgqLjg63jg7zjgrogZWYg44Kx44O844K5IGZqbDIxIOOCseODvOOCuS/jgqvjg5Djg7wvQ0FTRS/jgrEmbWludXM744K544CR44CQ44K544Oe44O844OI44OV44Kp44OzIOOCueODnuODm+OCseODvOOCueOAkeOAkFAwNkRlYzE044CR,YXUgQVJST1dTIGVmIEZKTDIxIOOCseODvOOCuS/jgqvjg5Djg7zjgILjgJBZZXMvTm/jgJHjgqvjg5fjgrvjg6vjgY/jgpMg44OW44Or44O8IO+8iOOCr+ODquOCou+8iSAvIGZvciBBUlJPV1MgZWYgRkpMMjEvYXVBUlJPV1MgZWYgRkpMMjEg44Kx44O844K5IOOCq+ODkOODvFtGSkwyMV3jgJDjgqLjg63jg7zjgrogZWYg44Kx44O844K5IGZqbDIxIOOCseODvOOCuS/jgqvjg5Djg7wvQ0FTRS/jgrEmbWludXM744K544CR44CQ44K544Oe44O844OI44OV44Kp44OzIOOCueODnuODm+OCseODvOOCueOAkeOAkFAwNkRlYzE044CR[rn]
10-177605,aHR0cDovL3RzaG9wLnIxMHMuanAva2ludHN1L2NhYmluZXQvcGx1cy1zL2RpYXJ5L3BsdXMtZGlhcnktbXVkMDA0MWEyLmpwZz9maXRpbj03MDA6NzAw,MTgzNi44MDAw,,44K544Oe44O844OI44OV44Kp44Oz44O744K/44OW44Os44OD44OIID4g44K544Oe44O844OI44OV44Kp44Oz44Ki44Kv44K744K144Oq44O8ID4g44K544Oe44O844OI44OV44Kp44Oz44Kx44O844K5,SFRMMjMg5omL5biz5Z6L44Kx44O844K5IOODnuODq+ODgSDjgqvjg6njg5Xjg6sg44K544OI44Op44Kk44OXIOafhCDjgqvjg5Djg7w=,SFRMMjMg44Kx44O844K5IOaJi+W4s+WeiyDjgrnjg57jg5vjgrHjg7zjgrkg5omL5biz44Kx44O844K54piG,PGJyPjxiPuKHklBD5ZWG5ZOB44Oa44O844K444Gn6Kmz44GX44GP6KaL44KLPC9iPjxicj48YnI+Cjxmb250IGNvbG9yPSIjZmY2NmNjIj7jg57jg6vjg4Hjgqvjg6njg7zjga7jgrnjg4jjg6njgqTjg5fmn4Qo44Oc44O844OA44O8IOODgeOCp+ODg+OCryDjgrnjg5/jgrkp44GuIDxicj7miYvluLPlnosg44OA44Kk44Ki44Oq44O844Kx44O844K544CC44OQ44Op44Ko44OG44Kj44KC6LGK5a+M4piGPC9mb250Pjxicj4KPGJyPgo8dGFibGUgYm9yZGVyPSIwIiBhbGlnbj0iY2VudGVyIj4KPHRyPgo8dGQ+PGltZyBzcmM9Imh0dHA6Ly9pbWFnZS5yYWt1dGVuLmNvLmpwL2tpbnRzdS9jYWJpbmV0L3BsdXMtcy9kaWFyeS9wbHVzLWRpYXJ5LW11ZDAwNDFhMi5qcGciIHdpZHRoPSIxMDAlIiBib3JkZXI9IjAiPjwvdGQ+CjwvdHI+Cjx0cj4KPHRkPjxpbWcgc3JjPSJodHRwOi8vd3d3LnJha3V0ZW4ubmUuanAvZ29sZC9raW50c3Uvc19pdGVtL3BsdXMtZGlhcnkvcGx1cy1zbWEtYmFzZTIuanBnIiB3aWR0aD0iMTAwJSIgYm9yZGVyPSIwIj48YnI+CiAgICA8YnI+CiAgICA8YnI+CiAgICA8L3RkPjwvdHI+PHRyPjx0ZD48aW1nIHNyYz0iaHR0cDovL3d3dy5yYWt1dGVuLm5lLmpwL2dvbGQva2ludHN1L3NfaXRlbS9wbHVzLWRpYXJ5L3BsdXMtc21hLW11ZDAwNDFhLmpwZyIgd2lkdGg9IjEwMCUiIGJvcmRlcj0iMCI+PC90ZD4KPC90cj48L3RhYmxlPjxicj48aHI+CuODnuODq+ODgeOCq+ODqeODvOOBruOCueODiOODqeOCpOODl+afhCjjg5zjg7zjg4Djg7wg44OB44Kn44OD44KvIOOCueODn+OCuSnjga4g5omL5biz5Z6LIOODgOOCpOOCouODquODvOOCseODvOOCueOAguODkOODqeOCqOODhuOCo+OCguixiuWvjOKYhjxicj4y5YCL5Lul5LiK44GU6LO85YWl77yIMzI0MOWGhuS7peS4iu+8ieOBp+OAgemFjemAgeaWueazleOAjOmDteS+v+WxgOOBvuOBn+OBr+ODjeOCs+ODneOCueOAjeOBp+mAgeaWmeeEoeaWmeOBq+OBquOCiuOBvuOBmeOAguOBiuaUr+aJleaWueazleOBr+OAgeS7o+W8leOBjeOBp+OCgk9L77yB5Luj5byV44GN44Gu5aC05ZCI44Gv44CM6YO15L6/5bGA44CN44Gn6YWN6YCB6Ie044GX44G+44GZ44CCPGJyPjxmb250IGNvbG9yPSIjZmYwMDAwIj7lj5fms6jnlJ/nlKPjga7jgZ/jgoHjgIHjgZTms6jmloflvozjga7lpInmm7TjgIHov5Tlk4HjgIHjgq3jg6Pjg7Pjgrvjg6vjga/jgYrlj5fku5jjgafjgY3jgb7jgZvjgpPjgII8L2ZvbnQ+PGJyPjxicj4K57Sg5p2Q77ya5omL5biz44Kx44O844K55pys5L2T77yP5ZCI55qu44CA44OP44O844OJ44Kx44O844K577yP44Od44Oq44Kr44O844Oc44ON44O844OIKOODluODqeODg+OCryk8YnI+CuWKoOW3pe+8mlVW56Gs5YyW5Z6L44Kk44Oz44KvPGJyPuKAu+WNk+S4iuODm+ODq+ODgOODvOOBruWFhembu+WZqOOBq+OBr+WvvuW/nOOBl+OBpuOBiuOCiuOBvuOBm+OCk+OAgijjgrHjg7zjgrnjgpLoo4XnnYDjgZfjgZ/jgb7jgb7jgrPjg43jgq/jgr/jg7zjgavnm7TmjqXlt67jgZfovrzjgpPjgafjga7lhYXpm7vjga/lj6/og73jgafjgZnimIYo5LiA6YOo6Z2e5a++5b+c5qmf56iu5pyJ44KKKSk8YnI+CuKAu+WGmeecn+OBr+OCpOODoeODvOOCuOeUu+WDj+OBq+OBquOCiuOBvuOBmeOAgue1teafhOOBjOWIh+OCjOOCi+OBk+OBqOOBjOOBlOOBluOBhOOBvuOBmeOAggrigLvlrp/nianjga7oibLjgavov5HjgaXjgZHjgovjgojjgYbjgavliqrjgoHjgabjgYTjgb7jgZnjgYzjgIHjgZTliKnnlKjjga7jg6Ljg4vjgr/jg7zjgIFQQ+OChOOCueODnuODvOODiOODleOCqeODs+OBrueSsOWig+OBq+OCiOOCiuaOsui8ieWGmeecn+OBruiJsuOBjOWun+eJqeOBruiJsuOBqOmBleOBo+OBpuimi+OBiOOCi+WgtOWQiOOBjOOBlOOBluOBhOOBvuOBmeOAggo8YnI+PGJyPgoK4piGIOOBneOBruS7luOAgeaJi+W4s+Wei+OCseODvOOCueS4gOimp+OBr+OBk+OBoeOCiTxicj48YnI+PGJyPgo8Zm9udCBjb2xvcj0iIzMzMDA5OSI+44Kq44K344Oj44Os44Gq5omL5biz5Z6L44Kx44O844K5PGJyPgrjg57jg6vjg4Hjgqvjg6njg7zjga7jgrnjg4jjg6njgqTjg5fmn4Qo44Oc44O844OA44O8IOODgeOCp+ODg+OCryDjgrnjg5/jgrkp44GuIOmBuOOBueOCi+WFqDnjgr/jgqTjg5c8L2ZvbnQ+PGJyPjxicj48Zm9udCBjb2xvcj0iI0ZGMDAwMCI+PGI+4oC744OH44K244Kk44Oz44O744Kr44Op44O844Gu6KaL5pys44Gv44Oa44O844K444Gu5LiA55Wq5LiK44Gr44GC44KL5ZWG5ZOB55S75YOP44Gu77yS5p6a55uu5Lul6ZmN44KS44GU6Kan44GP44Gg44GV44GE44CCPC9iPjwvZm9udD4KPGJyPjxicj48Yj48Zm9udCBjb2xvcj0iI2ZmMDAwMCI+4oC76YOo5p2Q44Gu6Kqk5beu44Gr44KI44KL5ZOB5YiH44KM44GM55m655Sf44GX44Gf5aC05ZCI44Gv44CB5YWl6I235qyh56ys44Gu6KO95L2c44O755m66YCB44Go44Gq44KL5aC05ZCI44GM44GU44GW44GE44G+44GZ44CCPGJyPuOBneOBrumam+OBr+OAgeOBlOazqOaWh+W+jOWIpemAlOODoeODvOODq+OBq+OBpuOBlOmAo+e1oeOBleOBm+OBpumgguOBjeOBvuOBmeOAgjxicj7jgb7jgZ/jgIHmiYvluLPjgavjgrnjgr/jg7Pjg4nmqZ/og70o5oqY44KK55uu77yJ44GM44Gk44GE44Gm44GE44KL5aC05ZCI44GM44GU44GW44GE44G+44GZ44CCPGJyPuS6iOOCgeOAgeOBlOS6huaJv+mhmOOBhOOBl+OBvuOBmeOAgjwvZm9udD48L2I+PGJyPjxicj4=,SFRMMjMg5omL5biz5Z6L44Kx44O844K5IOODnuODq+ODgSDjgqvjg6njg5Xjg6sg44K544OI44Op44Kk44OXIOafhCDjgqvjg5Djg7zvvJrjgrHjg7zjgr/jgqTlsYsyNOOAgOalveWkqeW4guWgtOW6lw==,44K544Oe44O844OI44OV44Kp44Oz44Ki44Kv44K744K144Oq44O85pC65biv44K544OI44Op44OD44OX44K544OI44Op44OD44OX44K544Oe44Ob44Kx44O844K544K544Oe44O844OI44OV44Kp44OzIOOCseODvOOCueOCueODnuODm+ODlOOCouOCueOCpOODpOODm+ODs+OCuOODo+ODg+OCryDjgqLjgq/jgrvjgrXjg6rjg7zjgrnjg57jg7zjg4jjg5Xjgqnjg7Pjg5TjgqLjgrnjg43jg4Pjgq/jgrnjg4jjg6njg4Pjg5fjgrnjg6/jg63jg5Xjgrnjgq3jg7wg44OU44Ki44K544K544Ov44Ot44OV44K544Kt44O8IOOCueODiOODqeODg+ODl+OCueODnuODm+OCq+ODkOODvOOCueODnuODvOODiOODleOCqeODsyDjgqvjg5Djg7xIVEwyMyDmiYvluLPlnovjgrHjg7zjgrkg44Oe44Or44OBIOOCq+ODqeODleODqyDjgrnjg4jjg6njgqTjg5cg5p+EIOOCq+ODkOODvA==,SFRMMjMg44Kx44O844K5IOaJi+W4s+WeiyDjgrnjg57jg5vjgrHjg7zjgrkg5omL5biz44Kx44O844K54piG44CCSFRMMjMg5omL5biz5Z6L44Kx44O844K5IOODnuODq+ODgSDjgqvjg6njg5Xjg6sg44K544OI44Op44Kk44OXIOafhCDjgqvjg5Djg7w=[rn]
10-177606,aHR0cDovL3RzaG9wLnIxMHMuanAva2ludHN1L2NhYmluZXQvcGx1cy1zL2RpYXJ5L3BsdXMtZGlhcnktMTExNmEyLmpwZz9maXRpbj03MDA6NzAw,MTgzNi44MDAw,,44K544Oe44O844OI44OV44Kp44Oz44O744K/44OW44Os44OD44OIID4g44K544Oe44O844OI44OV44Kp44Oz44Ki44Kv44K744K144Oq44O8ID4g44K544Oe44O844OI44OV44Kp44Oz44Kx44O844K5,QVFVT1MgWkVUQSBTSC0wMUcg5omL5biz5Z6L44Kx44O844K5IHNoMDFnIOaJi+W4s+Wei+OCseODvOOCuSDjgqLjgq/jgqrjgrkg44Kx44O844K5IOaJi+W4s+WeiyDjg5Xjg6njg6/jg7wgc2gtMDFn44Kx44O844K5IHNoLTAxZ+OCq+ODkOODvCBhcXVvcyDjgrHjg7zjgrkg44Kr44OQ44O8IOOBiuOBl+OCg+OCjCDjgYvjgo/jgYTjgYQg5omL5biz5Z6L44K544Oe44Ob44Kx44O844K5IOOCueODnuODm+OCseODvOOCuSDjgrnjg57jg5vjgqvjg5Djg7w=,U0gtMDFHIOOCseODvOOCuSDmiYvluLPlnosg44K544Oe44Ob44Kx44O844K5IOaJi+W4s+OCseODvOOCueKYhg==,PGJyPjxiPuKHklBD5ZWG5ZOB44Oa44O844K444Gn6Kmz44GX44GP6KaL44KLPC9iPjxicj48YnI+Cjxmb250IGNvbG9yPSIjZmY2NmNjIj7jgYvjgo/jgYTjgYTjg5Xjg6njg6/jg7zmn4TjgpLjg5fjg6rjg7Pjg4jjgZfjgZ/imao8YnI+5omL5biz5Z6LIOODgOOCpOOCouODquODvOOCseODvOOCueOAguODkOODqeOCqOODhuOCo+OCguixiuWvjOKYhjwvZm9udD48YnI+Cjxicj4KPHRhYmxlIGJvcmRlcj0iMCIgYWxpZ249ImNlbnRlciI+Cjx0cj4KPHRkPjxpbWcgc3JjPSJodHRwOi8vaW1hZ2UucmFrdXRlbi5jby5qcC9raW50c3UvY2FiaW5ldC9oaXR1eW91NC9mbHMxLmpwZyIgd2lkdGg9IjMwMCIgYm9yZGVyPSIwIj48L3RkPjwvdHI+PHRyPjx0ZD48aW1nIHNyYz0iaHR0cDovL2ltYWdlLnJha3V0ZW4uY28uanAva2ludHN1L2NhYmluZXQvaGl0dXlvdTQvZmxzMi5qcGciIHdpZHRoPSIzMDAiIGJvcmRlcj0iMCI+PC90ZD4KPC90cj48dHI+CiAgICA8dGQ+PGJyPgogICAgPGJyPgogICAgPGltZyBzcmM9Imh0dHA6Ly9pbWFnZS5yYWt1dGVuLmNvLmpwL2tpbnRzdS9jYWJpbmV0L3BsdXMtcy9kaWFyeS9kX2JsYWNrXzIuanBnIiB3aWR0aD0iMzAwIiBib3JkZXI9IjAiPjwvdGQ+CiAgPC90cj48L3RhYmxlPjxicj48aHI+CuOBi+OCj+OBhOOBhOODleODqeODr+ODvOafhOOCkuODl+ODquODs+ODiOOBl+OBn+KZquaJi+W4s+WeiyDjg4DjgqTjgqLjg6rjg7zjgrHjg7zjgrnjgILjg5Djg6njgqjjg4bjgqPjgoLosYrlr4zimIY8YnI+MuWAi+S7peS4iuOBlOizvOWFpe+8iDMyNDDlhobku6XkuIrvvInjgafjgIHphY3pgIHmlrnms5XjgIzpg7Xkvr/lsYDjgb7jgZ/jga/jg43jgrPjg53jgrnjgI3jgafpgIHmlpnnhKHmlpnjgavjgarjgorjgb7jgZnjgILjgYrmlK/miZXmlrnms5Xjga/jgIHku6PlvJXjgY3jgafjgoJPS++8geS7o+W8leOBjeOBruWgtOWQiOOBr+OAjOmDteS+v+WxgOOAjeOBp+mFjemAgeiHtOOBl+OBvuOBmeOAgjxicj48Zm9udCBjb2xvcj0iI2ZmMDAwMCI+5Y+X5rOo55Sf55Sj44Gu44Gf44KB44CB44GU5rOo5paH5b6M44Gu5aSJ5pu044CB6L+U5ZOB44CB44Kt44Oj44Oz44K744Or44Gv44GK5Y+X5LuY44Gn44GN44G+44Gb44KT44CCPC9mb250Pjxicj48YnI+Cue0oOadkO+8muaJi+W4s+OCseODvOOCueacrOS9k++8j+WQiOearuOAgOODj+ODvOODieOCseODvOOCue+8j+ODneODquOCq+ODvOODnOODjeODvOODiCjjg5bjg6njg4Pjgq8pPGJyPgrliqDlt6XvvJpVVuehrOWMluWei+OCpOODs+OCrzxicj4K4oC75Y2T5LiK44Ob44Or44OA44O844Gu5YWF6Zu75Zmo44Gr44Gv5a++5b+c44GX44Gm44GK44KK44G+44Gb44KT44CCKOOCseODvOOCueOCkuijheedgOOBl+OBn+OBvuOBvuOCs+ODjeOCr+OCv+ODvOOBq+ebtOaOpeW3ruOBl+i+vOOCk+OBp+OBruWFhembu+OBr+WPr+iDveOBp+OBmeKYhijkuIDpg6jpnZ7lr77lv5zmqZ/nqK7mnInjgoopKTxicj4K4oC75YaZ55yf44Gv44Kk44Oh44O844K455S75YOP44Gr44Gq44KK44G+44GZ44CC5qmf56iu44Gr44KI44Gj44Gm57W15p+E44GM5YiH44KM44KL44GT44Go44GM44GU44GW44GE44G+44GZ44CCPGJyPgrigLvlrp/nianjga7oibLjgavov5HjgaXjgZHjgovjgojjgYbjgavliqrjgoHjgabjgYTjgb7jgZnjgYzjgIHjgZTliKnnlKjjga7jg6Ljg4vjgr/jg7zjgIFQQ+OChOOCueODnuODvOODiOODleOCqeODs+OBrueSsOWig+OBq+OCiOOCiuaOsui8ieWGmeecn+OBruiJsuOBjOWun+eJqeOBruiJsuOBqOmBleOBo+OBpuimi+OBiOOCi+WgtOWQiOOBjOOBlOOBluOBhOOBvuOBmeOAggo8YnI+PGJyPgoKCgrimIYg44Gd44Gu5LuW44CB5omL5biz5Z6L44Kx44O844K55LiA6Kan44Gv44GT44Gh44KJPGJyPjxicj48YnI+Cjxmb250IGNvbG9yPSIjMzMwMDk5Ij7jgqrjgrfjg6Pjg6zjgarmiYvluLPlnovjgrHjg7zjgrk8YnI+CuODleODqeODr+ODvOafhCDpgbjjgbnjgovlhag544K/44Kk44OXPC9mb250Pjxicj48YnI+PGZvbnQgY29sb3I9IiNGRjAwMDAiPjxiPuKAu+ODh+OCtuOCpOODs+ODu+OCq+ODqeODvOOBruimi+acrOOBr+ODmuODvOOCuOOBruS4gOeVquS4iuOBq+OBguOCi+WVhuWTgeeUu+WDj+OBru+8kuaemuebruS7pemZjeOCkuOBlOimp+OBj+OBoOOBleOBhOOAgjwvYj48L2ZvbnQ+Cjxicj48YnI+PGI+PGZvbnQgY29sb3I9IiNmZjAwMDAiPuKAu+mDqOadkOOBruiqpOW3ruOBq+OCiOOCi+WTgeWIh+OCjOOBjOeZuueUn+OBl+OBn+WgtOWQiOOBr+OAgeWFpeiNt+asoeesrOOBruijveS9nOODu+eZuumAgeOBqOOBquOCi+WgtOWQiOOBjOOBlOOBluOBhOOBvuOBmeOAgjxicj4K44Gd44Gu6Zqb44Gv44CB44GU5rOo5paH5b6M5Yil6YCU44Oh44O844Or44Gr44Gm44GU6YCj57Wh44GV44Gb44Gm6aCC44GN44G+44GZ44CCPGJyPuOBvuOBn+OAgeaJi+W4s+OBq+OCueOCv+ODs+ODieapn+iDvSjmipjjgornm67vvInjgYzjgaTjgYTjgabjgYTjgovloLTlkIjjgYzjgZTjgZbjgYTjgb7jgZnjgII8YnI+CuS6iOOCgeOAgeOBlOS6huaJv+mhmOOBhOOBl+OBvuOBmeOAgjwvZm9udD48L2I+PGJyPjxicj4=,QVFVT1MgWkVUQSBTSC0wMUcg5omL5biz5Z6L44Kx44O844K5IHNoMDFnIOaJi+W4s+Wei+OCseODvOOCuSDjgqLjgq/jgqrjgrkg44Kx44O844K5IOaJi+W4s+WeiyDjg5Xjg6njg6/jg7wgc2gtMDFn44Kx44O844K5IHNoLTAxZ+OCq+ODkOODvCBhcXVvcyDjgrHjg7zjgrkg44Kr44OQ44O8IOOBiuOBl+OCg+OCjCDjgYvjgo/jgYTjgYQg5omL5biz5Z6L44K544Oe44Ob44Kx44O844K5IOOCueODnuODm+OCseODvOOCuSDjgrnjg57jg5vjgqvjg5Djg7zvvJrjgrHjg7zjgr/jgqTlsYsyNOOAgOalveWkqeW4guWgtOW6lw==,44K544Oe44O844OI44OV44Kp44Oz44Ki44Kv44K744K144Oq44O85pC65biv44K544OI44Op44OD44OX44K544OI44Op44OD44OX44K544Oe44Ob44Kx44O844K544K544Oe44O844OI44OV44Kp44OzIOOCseODvOOCueOCueODnuODm+ODlOOCouOCueOCpOODpOODm+ODs+OCuOODo+ODg+OCryDjgqLjgq/jgrvjgrXjg6rjg7zjgrnjg57jg7zjg4jjg5Xjgqnjg7Pjg5TjgqLjgrnjg43jg4Pjgq/jgrnjg4jjg6njg4Pjg5fjgrnjg6/jg63jg5Xjgrnjgq3jg7wg44OU44Ki44K544K544Ov44Ot44OV44K544Kt44O8IOOCueODiOODqeODg+ODl+OCueODnuODm+OCq+ODkOODvOOCueODnuODvOODiOODleOCqeODsyDjgqvjg5Djg7xBUVVPUyBaRVRBIFNILTAxRyDmiYvluLPlnovjgrHjg7zjgrkgc2gwMWcg5omL5biz5Z6L44Kx44O844K5IOOCouOCr+OCquOCuSDjgrHjg7zjgrkg5omL5biz5Z6LIOODleODqeODr+ODvCBzaC0wMWfjgrHjg7zjgrkgc2gtMDFn44Kr44OQ44O8IGFxdW9zIOOCseODvOOCuSDjgqvjg5Djg7wg44GK44GX44KD44KMIOOBi+OCj+OBhOOBhCDmiYvluLPlnovjgrnjg57jg5vjgrHjg7zjgrkg44K544Oe44Ob44Kx44O844K5IOOCueODnuODm+OCq+ODkOODvA==,U0gtMDFHIOOCseODvOOCuSDmiYvluLPlnosg44K544Oe44Ob44Kx44O844K5IOaJi+W4s+OCseODvOOCueKYhuOAgkFRVU9TIFpFVEEgU0gtMDFHIOaJi+W4s+Wei+OCseODvOOCuSBzaDAxZyDmiYvluLPlnovjgrHjg7zjgrkg44Ki44Kv44Kq44K5IOOCseODvOOCuSDmiYvluLPlnosg44OV44Op44Ov44O8IHNoLTAxZ+OCseODvOOCuSBzaC0wMWfjgqvjg5Djg7wgYXF1b3Mg44Kx44O844K5IOOCq+ODkOODvCDjgYrjgZfjgoPjgowg44GL44KP44GE44GEIOaJi+W4s+Wei+OCueODnuODm+OCseODvOOCuSDjgrnjg57jg5vjgrHjg7zjgrkg44K544Oe44Ob44Kr44OQ44O8[rn]
10-177607,aHR0cDovL3RzaG9wLnIxMHMuanAva2ludHN1L2NhYmluZXQveWVzLW5vL2FmamwyMS9hZmpsMjEtcGNjbC0yMDEtbjE5OC5qcGc/Zml0aW49NzAwOjcwMA==,MzA0MC4wMDAw,,44K544Oe44O844OI44OV44Kp44Oz44O744K/44OW44Os44OD44OIID4g44K544Oe44O844OI44OV44Kp44Oz44Ki44Kv44K744K144Oq44O8ID4g44K544Oe44O844OI44OV44Kp44Oz44Kx44O844K5,44CQWWVzL05v44CR44Of44Kk44Op44GP44KTIOODmuOCpOOCuuODquODvOODluODqeODg+OCryDvvIjjgq/jg6rjgqLvvIkgLyBmb3IgQVJST1dTIGVmIEZKTDIxL2F1QVJST1dTIGVmIEZKTDIxIOOCseODvOOCuSDjgqvjg5Djg7xbRkpMMjFd44CQ44Ki44Ot44O844K6IGVmIOOCseODvOOCuSBmamwyMSDjgrHjg7zjgrkv44Kr44OQ44O8L0NBU0Uv44Kx77yN44K544CR44CQ44K544Oe44O844OI44OV44Kp44OzIOOCueODnuODm+OCseODvOOCueOAkeOAkFAwNkRlYzE044CR,YXUgQVJST1dTIGVmIEZKTDIxIOOCseODvOOCuS/jgqvjg5Djg7w=,PGJyPjxiPuKHklBD5ZWG5ZOB44Oa44O844K444Gn6Kmz44GX44GP6KaL44KLPC9iPjxicj48YnI+44CQ5ZWG5ZOB6Kqs5piO44CR44CA44Oa44Kk44K644Oq44O85YyF5biv44KS5be744GE44Gf44Of44Kk44Op44GP44KT44Gu5Y+v5oSb44KJ44GX44GEQVJST1dTIGVmIEZKTDIxL2F144Kx44O844K544CC44CA44CA44CQ5LuV5qeY44CR44CA57Sg5p2Q77ya44Kx44O844K55pys5L2T77yP44Od44Oq44Kr44O844Oc44ON44O844OI44CA5Yqg5bel77yaVVbnoazljJblnovjgqTjg7Pjgq/jg7vjg4jjg4Pjg5fjgrPjg7zjg4jku5XkuIrjgIDljbDliLfnr4Tlm7LvvJrlubPpnaLjg5fjg6rjg7Pjg4jjgIDvvIjlgbTpnaLjgavjg5fjg6rjg7Pjg4jjga/lhaXjgorjgb7jgZvjgpPvvInjgIDjgIDjgJDlr77lv5zmqZ/nqK7jgJHjgIBBUlJPV1MgZWYgRkpMMjEvYXXlsILnlKjjgIDigLvku5Xmp5jjga/kuojlkYrjgarjgY/lpInmm7TjgZnjgovloLTlkIjjgYzjgZTjgZbjgYTjgb7jgZnjgILjgIDigLvnlLvlg4/jga/lkIjmiJDnlLvlg4/vvIjjgqTjg6Hjg7zjgrjvvInjgavjgarjgorjgb7jgZnjgILjgIDigLvllYblk4HliqDlt6Xjga/jgZnjgbnjgabml6XmnKzlm73lhoXjga7nhp/nt7TjgZfjgZ/ogbfkurrjga7miYvkvZzmpa3jgafooYzjgo/jgozjgb7jgZnjgILjgIDigLvog4zpnaLjgIHlgbTpnaLjgpLjgZfjgaPjgYvjgorkv53orbfjgILjgIDigLvoo4XnnYDjgZfjgZ/jgb7jgb7lhYXpm7vlj6/og73vvIjjgrHjg7zjg5bjg6vjga7jgb/vvInjgIA8Zm9udCBjb2xvcj0iI2ZmMDAwMCI+5Y2T5LiK5Z6L5YWF6Zu75ZmoKOe9ruOBj+OBoOOBkeWFhembu++8ieOBq+OBr+WvvuW/nOOBl+OBpuOBiuOCiuOBvuOBm+OCk+OAgjwvZm9udD7jgIDjgIDjgZTms6jmloflvozjgIHjgbLjgajjgaTjgbLjgajjgaTogbfkurrjgavjgojjgovjg4/jg7Pjg4njg6HjgqTjg4njga7jgZ/jgoHjgIE8Zm9udCBjb2xvcj0iI2ZmMDAwMCI+55m66YCB44G+44Gn44Gr5pyA5aSn44GnMjHml6Xjgbvjgak8L2ZvbnQ+6aCC5oi06Ie044GX44Gm44GK44KK44G+44GZ44CCMuWAi+S7peS4iuOBlOizvOWFpe+8iDMyNDDlhobku6XkuIrvvInjgafjgIHphY3pgIHmlrnms5XjgIzpg7Xkvr/lsYDjgb7jgZ/jga/jg43jgrPjg53jgrnjgI3jgafpgIHmlpnnhKHmlpnjgavjgarjgorjgb7jgZnjgII8Zm9udCBjb2xvcj0iI2ZmMDAwMCI+5Y+X5rOo55Sf55Sj44Gu44Gf44KB44CB44GU5rOo5paH5b6M44Gu5aSJ5pu044CB6L+U5ZOB44CB44Kt44Oj44Oz44K744Or44Gv44GK5Y+X5LuY44Gn44GN44G+44Gb44KT44CCPC9mb250Pjxicj4=,44CQWWVzL05v44CR44Of44Kk44Op44GP44KTIOODmuOCpOOCuuODquODvOODluODqeODg+OCryDvvIjjgq/jg6rjgqLvvIkgLyBmb3IgQVJST1dTIGVmIEZKTDIxL2F1QVJST1dTIGVmIEZKTDIxIOOCseODvOOCuSDjgqvjg5Djg7xbRkpMMjFd44CQ44Ki44Ot44O844K6IGVmIOOCseODvOOCuSBmamwyMSDjgrHjg7zjgrkv44Kr44OQ44O8L0NBU0Uv44KxJm1pbnVzO+OCueOAkeOAkOOCueODnuODvOODiOODleOCqeODsyDjgrnjg57jg5vjgrHjg7zjgrnjgJHjgJBQMDZEZWMxNOOAke+8muOCseODvOOCv+OCpOWxizI044CA5qW95aSp5biC5aC05bqX,44K544Oe44O844OI44OV44Kp44Oz44Ki44Kv44K744K144Oq44O85pC65biv44K544OI44Op44OD44OX44K544OI44Op44OD44OX44K544Oe44Ob44Kx44O844K544K544Oe44O844OI44OV44Kp44OzIOOCseODvOOCueOCueODnuODm+ODlOOCouOCueOCpOODpOODm+ODs+OCuOODo+ODg+OCryDjgqLjgq/jgrvjgrXjg6rjg7zjgrnjg57jg7zjg4jjg5Xjgqnjg7Pjg5TjgqLjgrnjg43jg4Pjgq/jgrnjg4jjg6njg4Pjg5fjgrnjg6/jg63jg5Xjgrnjgq3jg7wg44OU44Ki44K544K544Ov44Ot44OV44K544Kt44O8IOOCueODiOODqeODg+ODl+OCueODnuODm+OCq+ODkOODvOOCueODnuODvOODiOODleOCqeODsyDjgqvjg5Djg7zjgJBZZXMvTm/jgJHjg5/jgqTjg6njgY/jgpMg44Oa44Kk44K644Oq44O844OW44Op44OD44KvIO+8iOOCr+ODquOCou+8iSAvIGZvciBBUlJPV1MgZWYgRkpMMjEvYXVBUlJPV1MgZWYgRkpMMjEg44Kx44O844K5IOOCq+ODkOODvFtGSkwyMV3jgJDjgqLjg63jg7zjgrogZWYg44Kx44O844K5IGZqbDIxIOOCseODvOOCuS/jgqvjg5Djg7wvQ0FTRS/jgrEmbWludXM744K544CR44CQ44K544Oe44O844OI44OV44Kp44OzIOOCueODnuODm+OCseODvOOCueOAkeOAkFAwNkRlYzE044CR,YXUgQVJST1dTIGVmIEZKTDIxIOOCseODvOOCuS/jgqvjg5Djg7zjgILjgJBZZXMvTm/jgJHjg5/jgqTjg6njgY/jgpMg44Oa44Kk44K644Oq44O844OW44Op44OD44KvIO+8iOOCr+ODquOCou+8iSAvIGZvciBBUlJPV1MgZWYgRkpMMjEvYXVBUlJPV1MgZWYgRkpMMjEg44Kx44O844K5IOOCq+ODkOODvFtGSkwyMV3jgJDjgqLjg63jg7zjgrogZWYg44Kx44O844K5IGZqbDIxIOOCseODvOOCuS/jgqvjg5Djg7wvQ0FTRS/jgrEmbWludXM744K544CR44CQ44K544Oe44O844OI44OV44Kp44OzIOOCueODnuODm+OCseODvOOCueOAkeOAkFAwNkRlYzE044CR[rn]
10-177608,aHR0cDovL3RzaG9wLnIxMHMuanAva2ludHN1L2NhYmluZXQvcGx1cy1zL2RpYXJ5L3BsdXMtZGlhcnktMDExMWFiMi5qcGc/Zml0aW49NzAwOjcwMA==,MTgzNi44MDAw,,44K544Oe44O844OI44OV44Kp44Oz44O744K/44OW44Os44OD44OIID4g44K544Oe44O844OI44OV44Kp44Oz44Ki44Kv44K744K144Oq44O8ID4g44K544Oe44O844OI44OV44Kp44Oz44Kx44O844K5,SFRMMjMg5omL5biz5Z6L44Kx44O844K5IOWPpOabuCDmnKw=,SFRMMjMg44Kx44O844K5IOaJi+W4s+WeiyDjgrnjg57jg5vjgrHjg7zjgrkg5omL5biz44Kx44O844K54piG,PGJyPjxiPuKHklBD5ZWG5ZOB44Oa44O844K444Gn6Kmz44GX44GP6KaL44KLPC9iPjxicj48YnI+Cjxmb250IGNvbG9yPSIjZmY2NmNjIj7kvZXjgYvjgZnjgZTjgYTjgZPjgajjgYzmm7jjgYTjgabjgYLjgorjgZ3jgYbjgaogPGJyPuaJi+W4s+WeiyDjg4DjgqTjgqLjg6rjg7zjgrHjg7zjgrnjgILjg5Djg6njgqjjg4bjgqPjgoLosYrlr4zimIY8L2ZvbnQ+PGJyPgo8YnI+Cjx0YWJsZSBib3JkZXI9IjAiIGFsaWduPSJjZW50ZXIiPgo8dHI+Cjx0ZD48aW1nIHNyYz0iaHR0cDovL2ltYWdlLnJha3V0ZW4uY28uanAva2ludHN1L2NhYmluZXQvcGx1cy1zL2RpYXJ5L2RfYmxhY2tfMS5qcGciIHdpZHRoPSIzMDAiIGJvcmRlcj0iMCI+PC90ZD4KPC90cj4KPHRyPgo8dGQ+PGltZyBzcmM9Imh0dHA6Ly9pbWFnZS5yYWt1dGVuLmNvLmpwL2tpbnRzdS9jYWJpbmV0L3BsdXMtcy9kaWFyeS9kX2JsYWNrXzIuanBnIiB3aWR0aD0iMzAwIiBib3JkZXI9IjAiPjwvdGQ+PC90cj48dHI+PHRkPjxpbWcgc3JjPSJodHRwOi8vaW1hZ2UucmFrdXRlbi5jby5qcC9raW50c3UvY2FiaW5ldC9wbHVzLXMvZGlhcnkvZF9ibGFja18zLmpwZyIgd2lkdGg9IjMwMCIgYm9yZGVyPSIwIj48L3RkPgo8L3RyPjwvdGFibGU+PGJyPjxocj4K5L2V44GL44GZ44GU44GE44GT44Go44GM5pu444GE44Gm44GC44KK44Gd44GG44GqIOaJi+W4s+WeiyDjg4DjgqTjgqLjg6rjg7zjgrHjg7zjgrnjgILjg5Djg6njgqjjg4bjgqPjgoLosYrlr4zimIY8YnI+MuWAi+S7peS4iuOBlOizvOWFpe+8iDMyNDDlhobku6XkuIrvvInjgafjgIHphY3pgIHmlrnms5XjgIzpg7Xkvr/lsYDjgb7jgZ/jga/jg43jgrPjg53jgrnjgI3jgafpgIHmlpnnhKHmlpnjgavjgarjgorjgb7jgZnjgILjgYrmlK/miZXmlrnms5Xjga/jgIHku6PlvJXjgY3jgafjgoJPS++8geS7o+W8leOBjeOBruWgtOWQiOOBr+OAjOmDteS+v+WxgOOAjeOBp+mFjemAgeiHtOOBl+OBvuOBmeOAgjxicj48Zm9udCBjb2xvcj0iI2ZmMDAwMCI+5Y+X5rOo55Sf55Sj44Gu44Gf44KB44CB44GU5rOo5paH5b6M44Gu5aSJ5pu044CB6L+U5ZOB44CB44Kt44Oj44Oz44K744Or44Gv44GK5Y+X5LuY44Gn44GN44G+44Gb44KT44CCPC9mb250Pjxicj48YnI+Cue0oOadkO+8muaJi+W4s+OCseODvOOCueacrOS9k++8j+WQiOearuOAgOODj+ODvOODieOCseODvOOCue+8j+ODneODquOCq+ODvOODnOODjeODvOODiCjjg5bjg6njg4Pjgq8pPGJyPgrliqDlt6XvvJpVVuehrOWMluWei+OCpOODs+OCrzxicj4K4oC75Y2T5LiK44Ob44Or44OA44O844Gu5YWF6Zu75Zmo44Gr44Gv5a++5b+c44GX44Gm44GK44KK44G+44Gb44KT44CCKOOCseODvOOCueOCkuijheedgOOBl+OBn+OBvuOBvuOCs+ODjeOCr+OCv+ODvOOBq+ebtOaOpeW3ruOBl+i+vOOCk+OBp+OBruWFhembu+OBr+WPr+iDveOBp+OBmeKYhijkuIDpg6jpnZ7lr77lv5zmqZ/nqK7mnInjgoopKTxicj4K4oC75YaZ55yf44Gv44Kk44Oh44O844K455S75YOP44Gr44Gq44KK44G+44GZ44CC5qmf56iu44Gr44KI44Gj44Gm57W15p+E44GM5YiH44KM44KL44GT44Go44GM44GU44GW44GE44G+44GZ44CCPGJyPgrigLvlrp/nianjga7oibLjgavov5HjgaXjgZHjgovjgojjgYbjgavliqrjgoHjgabjgYTjgb7jgZnjgYzjgIHjgZTliKnnlKjjga7jg6Ljg4vjgr/jg7zjgIFQQ+OChOOCueODnuODvOODiOODleOCqeODs+OBrueSsOWig+OBq+OCiOOCiuaOsui8ieWGmeecn+OBruiJsuOBjOWun+eJqeOBruiJsuOBqOmBleOBo+OBpuimi+OBiOOCi+WgtOWQiOOBjOOBlOOBluOBhOOBvuOBmeOAggo8YnI+PGJyPgoKCgrimIYg44Gd44Gu5LuW44CB5omL5biz5Z6L44Kx44O844K55LiA6Kan44Gv44GT44Gh44KJPGJyPjxicj48YnI+Cjxmb250IGNvbG9yPSIjMzMwMDk5Ij7jgqrjgrfjg6Pjg6zjgarmiYvluLPlnovjgrHjg7zjgrk8YnI+CuWPpOabuCDmnKwgPC9mb250Pjxicj4KPGJyPjxicj48Yj48Zm9udCBjb2xvcj0iI2ZmMDAwMCI+4oC76YOo5p2Q44Gu6Kqk5beu44Gr44KI44KL5ZOB5YiH44KM44GM55m655Sf44GX44Gf5aC05ZCI44Gv44CB5YWl6I235qyh56ys44Gu6KO95L2c44O755m66YCB44Go44Gq44KL5aC05ZCI44GM44GU44GW44GE44G+44GZ44CCPGJyPgrjgZ3jga7pmpvjga/jgIHjgZTms6jmloflvozliKXpgJTjg6Hjg7zjg6vjgavjgabjgZTpgKPntaHjgZXjgZvjgabpoILjgY3jgb7jgZnjgII8YnI+44G+44Gf44CB5omL5biz44Gr44K544K/44Oz44OJ5qmf6IO9KOaKmOOCiuebru+8ieOBjOOBpOOBhOOBpuOBhOOCi+WgtOWQiOOBjOOBlOOBluOBhOOBvuOBmeOAgjxicj4K5LqI44KB44CB44GU5LqG5om/6aGY44GE44GX44G+44GZ44CCPC9mb250PjwvYj48YnI+PGJyPg==,SFRMMjMg5omL5biz5Z6L44Kx44O844K5IOWPpOabuCDmnKzvvJrjgrHjg7zjgr/jgqTlsYsyNOOAgOalveWkqeW4guWgtOW6lw==,44K544Oe44O844OI44OV44Kp44Oz44Ki44Kv44K744K144Oq44O85pC65biv44K544OI44Op44OD44OX44K544OI44Op44OD44OX44K544Oe44Ob44Kx44O844K544K544Oe44O844OI44OV44Kp44OzIOOCseODvOOCueOCueODnuODm+ODlOOCouOCueOCpOODpOODm+ODs+OCuOODo+ODg+OCryDjgqLjgq/jgrvjgrXjg6rjg7zjgrnjg57jg7zjg4jjg5Xjgqnjg7Pjg5TjgqLjgrnjg43jg4Pjgq/jgrnjg4jjg6njg4Pjg5fjgrnjg6/jg63jg5Xjgrnjgq3jg7wg44OU44Ki44K544K544Ov44Ot44OV44K544Kt44O8IOOCueODiOODqeODg+ODl+OCueODnuODm+OCq+ODkOODvOOCueODnuODvOODiOODleOCqeODsyDjgqvjg5Djg7xIVEwyMyDmiYvluLPlnovjgrHjg7zjgrkg5Y+k5pu4IOacrA==,SFRMMjMg44Kx44O844K5IOaJi+W4s+WeiyDjgrnjg57jg5vjgrHjg7zjgrkg5omL5biz44Kx44O844K54piG44CCSFRMMjMg5omL5biz5Z6L44Kx44O844K5IOWPpOabuCDmnKw=[rn]
10-177609,aHR0cDovL3RzaG9wLnIxMHMuanAva2ludHN1L2NhYmluZXQvcGx1cy1zL24vc2gtMDFnL3BzLXNoMDFnLTExNThhLmpwZz9maXRpbj03MDA6NzAw,MTYwMC4wMDAw,,44K544Oe44O844OI44OV44Kp44Oz44O744K/44OW44Os44OD44OIID4g44K544Oe44O844OI44OV44Kp44Oz44Ki44Kv44K744K144Oq44O8ID4g44K544Oe44O844OI44OV44Kp44Oz44Kx44O844K5,ZG9jb21vIEFRVU9TIFpFVEEgU0gtMDFHIOOCseODvOOCuSDjgqvjg5Djg7zkuI3mgJ3orbDjga7lm73jga7jgqLjg6rjgrkg55m95YWOIOmhlOOBoeOBi+OCt+ODquODvOOCuiBmb3IgQVFVT1MgWkVUQSBTSC0wMUcg44Kx44O844K5IOOCq+ODkOODvFt6ZXRhIHNoLTAxZ13jgJDjgqLjgq/jgqrjgrnjg5Xjgqnjg7Mg44Kr44OQ44O8IHNoMDFnIOODqeOCsOOCuCDjg6njg5bjg6og44OP44O844OJIOODpuODi+ODvOOCryBDQVNFL+OCse+8jeOCueOAkeOAkOOCueODnuODm+OCq+ODkOODvCDjgrnjg57jg5vjgrHjg7zjgrnjgJE=,MuWAi+S7peS4iuOBp+mAgeaWmeeEoeaWme+8gUFRVU9TIFpFVEEgU0gtMDFHIOOCseODvOOCuS/jgqvjg5Djg7w=,PGJyPjxiPuKHklBD5ZWG5ZOB44Oa44O844K444Gn6Kmz44GX44GP6KaL44KLPC9iPjxicj48YnI+6aGU44Gh44GL44K344Oq44O844K644CA55m95YWOIFNILTAxRyDjgq/jg6rjgqIg44Kx44O844K544CC6KOP5YG044GM6YCP44GR44KL44OH44K244Kk44Oz44Gq44Gu44Gn44CB5qmf56iu5pys5L2T44Gu44OH44K244Kk44Oz44GM5rS744GL44GV44KM44G+44GZ4pmqPGJyPiAy5YCL5Lul5LiK44GU6LO85YWl77yIMzI0MOWGhuS7peS4iu+8ieOBp+OAgemFjemAgeaWueazleOAjOmDteS+v+WxgOOBvuOBn+OBr+ODjeOCs+ODneOCueOAjeOBp+mAgeaWmeeEoeaWmeOBq+OBquOCiuOBvuOBmeOAguOBiuaUr+aJleaWueazleOBr+OAgeS7o+W8leOBjeOBp+OCgk9L77yB5Luj5byV44GN44Gu5aC05ZCI44Gv44CM6YO15L6/5bGA44CN44Gn6YWN6YCB6Ie044GX44G+44GZ44CCPGJyPjxmb250IGNvbG9yPSIjZmYwMDAwIj7lj5fms6jnlJ/nlKPjga7jgZ/jgoHjgIHjgZTms6jmloflvozjga7lpInmm7TjgIHov5Tlk4HjgIHjgq3jg6Pjg7Pjgrvjg6vjga/jgYrlj5fku5jjgafjgY3jgb7jgZvjgpPjgII8L2ZvbnQ+PGJyPjxicj4g4oC757Sg5p2Q77ya44Kv44Oq44Ki44Kx44O844K55pys5L2T77yP44Od44Oq44Kr44O844Oc44ON44O844OI5Yqg5belKOOCr+ODquOCouOCseODvOOCuSnvvJpVVuehrOWMluWei+OCpOODs+OCr++8iOWBtOmdouOBq+ODl+ODquODs+ODiOOBr+WFpeOCiuOBvuOBm+OCk++8iTxicj7igLvljZPkuIrjg5vjg6vjg4Djg7zjga7lhYXpm7vlmajjgavjga/lr77lv5zjgZfjgabjgYrjgorjgb7jgZvjgpPjgIIo44Kx44O844K544KS6KOF552A44GX44Gf44G+44G+44Kz44ON44Kv44K/44O844Gr55u05o6l5beu44GX6L6844KT44Gn44Gu5YWF6Zu744Gv5Y+v6IO944Gn44GZ4piGKTxicj48YnI+IOKYhiDjgZ3jga7ku5bjgIFTSC0wMUfkuIDopqfjga/jgZPjgaHjgok8YnI+PGJyPjxicj48dGFibGU+Cjx0cj4KPHRkIGFsaWduPSJjZW50ZXIiPjxmb250IHNpemU9IjMiPuKWvOKWvOKWvOOCseODvOOCueijheedgOOCpOODoeODvOOCuOS+i+OBr+KWvOKWvOKWvDxicj4mZ3Q7Jmd0OyZndDsmZ3Q74piG44GT44Gh44KJ4piGJmx0OyZsdDsmbHQ7Jmx0OzwvZm9udD48YnI+PGJyPgo8aW1nIHNyYz0iaHR0cDovL2ltYWdlLnJha3V0ZW4uY28uanAva2ludHN1L2NhYmluZXQvcGx1cy1zL2t5b3V0c3UvcG9pbnQtZDAyLmpwZyIgd2lkdGg9IjMwMCIgYm9yZGVyPSIwIj48YnIgLz4KPGJyPjxicj4KPGZvbnQgc2l6ZT0iMyI+5Zub6JGJ44Kv44Ot44O844OQ44O844CA5bm456aP44CA5bm46YGLPC9mb250PjxiciAvPjxiciAvPgogPGltZyBzcmM9Imh0dHA6Ly9pbWFnZS5yYWt1dGVuLmNvLmpwL2tpbnRzdS9jYWJpbmV0L3BsdXMtcy9uL3NoLTAxZy9wcy1zaDAxZy0xMTU4YS5qcGcgIiB3aWR0aD0iMzAwIiBib3JkZXI9IjAiIGFsdD0iIiAvPjxicj48YnI+Cjxmb250PumhlOOBoeOBi+OCt+ODquODvOOCuuOAgOeZveWFjiBTSC0wMUcg44Kv44Oq44KiIOOCseODvOOCueOAguijj+WBtOOBjOmAj+OBkeOCi+ODh+OCtuOCpOODs+OBquOBruOBp+OAgeapn+eoruacrOS9k+OBruODh+OCtuOCpOODs+OBjOa0u+OBi+OBleOCjOOBvuOBmeKZqjwvZm9udD48YnIgLz48YnIgLz4KPGZvbnQgc2l6ZT0iMiI+44Kv44Oq44Ki44Gu44OP44O844OJ44Kx44O844K544Gr44CB6YOo5YiG55qE44Gr44OH44K244Kk44Oz44KS44OX44Oq44Oz44OI77yB5qmf56iu5pys5L2T44Gu6Imy44O744OH44K244Kk44Oz44CN44Go44CM44OX44Oq44Oz44OI44Kx44O844K544Gu44OH44K244Kk44Oz44CN44Gu6J6N5ZCI44KS5qW944GX44KA5b2T5bqX6Ieq5oWi44Gu44Kq44Oq44K444OK44Or44OX44Oq44Oz44OI44Kx44O844K544Gn44GZ4pmqPGJyIC8+bWFkZSBpbiBqYXBhbjwvZm9udD48YnIgLz48YnIgLz4KPGltZyBzcmM9Imh0dHA6Ly9pbWFnZS5yYWt1dGVuLmNvLmpwL2tpbnRzdS9jYWJpbmV0L3BsdXMtcy9reW91dHN1L2ZpbG1fcHJlNi5qcGciIHdpZHRoPSIzMDAiIGJvcmRlcj0iMCIgYWx0PSIiIC8+CjwvdGQ+CjwvdHI+Cjx0cj4KPHRkIGFsaWduPSJyaWdodCI+PGJyIC8+PGI+PGZvbnQgc2l6ZT0iMyI+Jmd0OyZndDvku5bjgIFTSC0wMUfkuIDopqfjga/jgZPjgaHjgok8L2ZvbnQ+PC9iPjxiciAvPgo8L3RkPgo8L3RyPgo8L3RhYmxlPg==,ZG9jb21vIEFRVU9TIFpFVEEgU0gtMDFHIOOCseODvOOCuSDjgqvjg5Djg7zkuI3mgJ3orbDjga7lm73jga7jgqLjg6rjgrkg55m95YWOIOmhlOOBoeOBi+OCt+ODquODvOOCuiBmb3IgQVFVT1MgWkVUQSBTSC0wMUcg44Kx44O844K5IOOCq+ODkOODvFt6ZXRhIHNoLTAxZ13jgJDjgqLjgq/jgqrjgrnjg5Xjgqnjg7Mg44Kr44OQ44O8IHNoMDFnIOODqeOCsOOCuCDjg6njg5bjg6og44OP44O844OJIOODpuODi+ODvOOCryBDQVNFL+OCsSZtaW51czvjgrnjgJHjgJDjgrnjg57jg5vjgqvjg5Djg7wg44K544Oe44Ob44Kx44O844K544CR77ya44Kx44O844K/44Kk5bGLMjTjgIDmpb3lpKnluILloLTlupc=,44K544Oe44O844OI44OV44Kp44Oz44Ki44Kv44K744K144Oq44O85pC65biv44K544OI44Op44OD44OX44K544OI44Op44OD44OX44K544Oe44Ob44Kx44O844K544K544Oe44O844OI44OV44Kp44OzIOOCseODvOOCueOCueODnuODm+ODlOOCouOCueOCpOODpOODm+ODs+OCuOODo+ODg+OCryDjgqLjgq/jgrvjgrXjg6rjg7zjgrnjg57jg7zjg4jjg5Xjgqnjg7Pjg5TjgqLjgrnjg43jg4Pjgq/jgrnjg4jjg6njg4Pjg5fjgrnjg6/jg63jg5Xjgrnjgq3jg7wg44OU44Ki44K544K544Ov44Ot44OV44K544Kt44O8IOOCueODiOODqeODg+ODl+OCueODnuODm+OCq+ODkOODvOOCueODnuODvOODiOODleOCqeODsyDjgqvjg5Djg7xkb2NvbW8gQVFVT1MgWkVUQSBTSC0wMUcg44Kx44O844K5IOOCq+ODkOODvOS4jeaAneitsOOBruWbveOBruOCouODquOCuSDnmb3lhY4g6aGU44Gh44GL44K344Oq44O844K6IGZvciBBUVVPUyBaRVRBIFNILTAxRyDjgrHjg7zjgrkg44Kr44OQ44O8W3pldGEgc2gtMDFnXeOAkOOCouOCr+OCquOCueODleOCqeODsyDjgqvjg5Djg7wgc2gwMWcg44Op44Kw44K4IOODqeODluODqiDjg4/jg7zjg4kg44Om44OL44O844KvIENBU0Uv44KxJm1pbnVzO+OCueOAkeOAkOOCueODnuODm+OCq+ODkOODvCDjgrnjg57jg5vjgrHjg7zjgrnjgJE=,MuWAi+S7peS4iuOBp+mAgeaWmeeEoeaWme+8gUFRVU9TIFpFVEEgU0gtMDFHIOOCseODvOOCuS/jgqvjg5Djg7zjgIJkb2NvbW8gQVFVT1MgWkVUQSBTSC0wMUcg44Kx44O844K5IOOCq+ODkOODvOS4jeaAneitsOOBruWbveOBruOCouODquOCuSDnmb3lhY4g6aGU44Gh44GL44K344Oq44O844K6IGZvciBBUVVPUyBaRVRBIFNILTAxRyDjgrHjg7zjgrkg44Kr44OQ44O8W3pldGEgc2gtMDFnXeOAkOOCouOCr+OCquOCueODleOCqeODsyDjgqvjg5Djg7wgc2gwMWcg44Op44Kw44K4IOODqeODluODqiDjg4/jg7zjg4kg44Om44OL44O844KvIENBU0Uv44KxJm1pbnVzO+OCueOAkeOAkOOCueODnuODm+OCq+ODkOODvCDjgrnjg57jg5vjgrHjg7zjgrnjgJE=[rn]
10-177610,aHR0cDovL3RzaG9wLnIxMHMuanAva2ludHN1L2NhYmluZXQveWVzLW5vL2FmamwyMS9hZmpsMjEtcGNjbC0yMDEtbjExMS5qcGc/Zml0aW49NzAwOjcwMA==,MzA0MC4wMDAw,,44K544Oe44O844OI44OV44Kp44Oz44O744K/44OW44Os44OD44OIID4g44K544Oe44O844OI44OV44Kp44Oz44Ki44Kv44K744K144Oq44O8ID4g44K544Oe44O844OI44OV44Kp44Oz44Kx44O844K5,44CQWWVzL05v44CR44OW44Ot44OD44Kv44OB44Kn44OD44KvIOOCpOOCqOODreODvCDvvIjjgq/jg6rjgqLvvIkgLyBmb3IgQVJST1dTIGVmIEZKTDIxL2F1QVJST1dTIGVmIEZKTDIxIOOCseODvOOCuSDjgqvjg5Djg7xbRkpMMjFd44CQ44Ki44Ot44O844K6IGVmIOOCseODvOOCuSBmamwyMSDjgrHjg7zjgrkv44Kr44OQ44O8L0NBU0Uv44Kx77yN44K544CR44CQ44K544Oe44O844OI44OV44Kp44OzIOOCueODnuODm+OCseODvOOCueOAkeOAkFAwNkRlYzE044CR,YXUgQVJST1dTIGVmIEZKTDIxIOOCseODvOOCuS/jgqvjg5Djg7w=,PGJyPjxiPuKHklBD5ZWG5ZOB44Oa44O844K444Gn6Kmz44GX44GP6KaL44KLPC9iPjxicj48YnI+44CQ5ZWG5ZOB6Kqs5piO44CR44CA44OW44Ot44OD44Kv44OB44Kn44OD44Kv44KS44Oi44OB44O844OV44Gr44GX44Gf44Od44OD44OX44GqQVJST1dTIGVmIEZKTDIxL2F144Kx44O844K544CC44CA44CA44CQ5LuV5qeY44CR44CA57Sg5p2Q77ya44Kx44O844K55pys5L2T77yP44Od44Oq44Kr44O844Oc44ON44O844OI44CA5Yqg5bel77yaVVbnoazljJblnovjgqTjg7Pjgq/jg7vjg4jjg4Pjg5fjgrPjg7zjg4jku5XkuIrjgIDljbDliLfnr4Tlm7LvvJrlubPpnaLjg5fjg6rjg7Pjg4jjgIDvvIjlgbTpnaLjgavjg5fjg6rjg7Pjg4jjga/lhaXjgorjgb7jgZvjgpPvvInjgIDjgIDjgJDlr77lv5zmqZ/nqK7jgJHjgIBBUlJPV1MgZWYgRkpMMjEvYXXlsILnlKjjgIDigLvku5Xmp5jjga/kuojlkYrjgarjgY/lpInmm7TjgZnjgovloLTlkIjjgYzjgZTjgZbjgYTjgb7jgZnjgILjgIDigLvnlLvlg4/jga/lkIjmiJDnlLvlg4/vvIjjgqTjg6Hjg7zjgrjvvInjgavjgarjgorjgb7jgZnjgILjgIDigLvllYblk4HliqDlt6Xjga/jgZnjgbnjgabml6XmnKzlm73lhoXjga7nhp/nt7TjgZfjgZ/ogbfkurrjga7miYvkvZzmpa3jgafooYzjgo/jgozjgb7jgZnjgILjgIDigLvog4zpnaLjgIHlgbTpnaLjgpLjgZfjgaPjgYvjgorkv53orbfjgILjgIDigLvoo4XnnYDjgZfjgZ/jgb7jgb7lhYXpm7vlj6/og73vvIjjgrHjg7zjg5bjg6vjga7jgb/vvInjgIA8Zm9udCBjb2xvcj0iI2ZmMDAwMCI+5Y2T5LiK5Z6L5YWF6Zu75ZmoKOe9ruOBj+OBoOOBkeWFhembu++8ieOBq+OBr+WvvuW/nOOBl+OBpuOBiuOCiuOBvuOBm+OCk+OAgjwvZm9udD7jgIDjgIDjgZTms6jmloflvozjgIHjgbLjgajjgaTjgbLjgajjgaTogbfkurrjgavjgojjgovjg4/jg7Pjg4njg6HjgqTjg4njga7jgZ/jgoHjgIE8Zm9udCBjb2xvcj0iI2ZmMDAwMCI+55m66YCB44G+44Gn44Gr5pyA5aSn44GnMjHml6Xjgbvjgak8L2ZvbnQ+6aCC5oi06Ie044GX44Gm44GK44KK44G+44GZ44CCMuWAi+S7peS4iuOBlOizvOWFpe+8iDMyNDDlhobku6XkuIrvvInjgafjgIHphY3pgIHmlrnms5XjgIzpg7Xkvr/lsYDjgb7jgZ/jga/jg43jgrPjg53jgrnjgI3jgafpgIHmlpnnhKHmlpnjgavjgarjgorjgb7jgZnjgII8Zm9udCBjb2xvcj0iI2ZmMDAwMCI+5Y+X5rOo55Sf55Sj44Gu44Gf44KB44CB44GU5rOo5paH5b6M44Gu5aSJ5pu044CB6L+U5ZOB44CB44Kt44Oj44Oz44K744Or44Gv44GK5Y+X5LuY44Gn44GN44G+44Gb44KT44CCPC9mb250Pjxicj4=,44CQWWVzL05v44CR44OW44Ot44OD44Kv44OB44Kn44OD44KvIOOCpOOCqOODreODvCDvvIjjgq/jg6rjgqLvvIkgLyBmb3IgQVJST1dTIGVmIEZKTDIxL2F1QVJST1dTIGVmIEZKTDIxIOOCseODvOOCuSDjgqvjg5Djg7xbRkpMMjFd44CQ44Ki44Ot44O844K6IGVmIOOCseODvOOCuSBmamwyMSDjgrHjg7zjgrkv44Kr44OQ44O8L0NBU0Uv44KxJm1pbnVzO+OCueOAkeOAkOOCueODnuODvOODiOODleOCqeODsyDjgrnjg57jg5vjgrHjg7zjgrnjgJHjgJBQMDZEZWMxNOOAke+8muOCseODvOOCv+OCpOWxizI044CA5qW95aSp5biC5aC05bqX,44K544Oe44O844OI44OV44Kp44Oz44Ki44Kv44K744K144Oq44O85pC65biv44K544OI44Op44OD44OX44K544OI44Op44OD44OX44K544Oe44Ob44Kx44O844K544K544Oe44O844OI44OV44Kp44OzIOOCseODvOOCueOCueODnuODm+ODlOOCouOCueOCpOODpOODm+ODs+OCuOODo+ODg+OCryDjgqLjgq/jgrvjgrXjg6rjg7zjgrnjg57jg7zjg4jjg5Xjgqnjg7Pjg5TjgqLjgrnjg43jg4Pjgq/jgrnjg4jjg6njg4Pjg5fjgrnjg6/jg63jg5Xjgrnjgq3jg7wg44OU44Ki44K544K544Ov44Ot44OV44K544Kt44O8IOOCueODiOODqeODg+ODl+OCueODnuODm+OCq+ODkOODvOOCueODnuODvOODiOODleOCqeODsyDjgqvjg5Djg7zjgJBZZXMvTm/jgJHjg5bjg63jg4Pjgq/jg4Hjgqfjg4Pjgq8g44Kk44Ko44Ot44O8IO+8iOOCr+ODquOCou+8iSAvIGZvciBBUlJPV1MgZWYgRkpMMjEvYXVBUlJPV1MgZWYgRkpMMjEg44Kx44O844K5IOOCq+ODkOODvFtGSkwyMV3jgJDjgqLjg63jg7zjgrogZWYg44Kx44O844K5IGZqbDIxIOOCseODvOOCuS/jgqvjg5Djg7wvQ0FTRS/jgrEmbWludXM744K544CR44CQ44K544Oe44O844OI44OV44Kp44OzIOOCueODnuODm+OCseODvOOCueOAkeOAkFAwNkRlYzE044CR,YXUgQVJST1dTIGVmIEZKTDIxIOOCseODvOOCuS/jgqvjg5Djg7zjgILjgJBZZXMvTm/jgJHjg5bjg63jg4Pjgq/jg4Hjgqfjg4Pjgq8g44Kk44Ko44Ot44O8IO+8iOOCr+ODquOCou+8iSAvIGZvciBBUlJPV1MgZWYgRkpMMjEvYXVBUlJPV1MgZWYgRkpMMjEg44Kx44O844K5IOOCq+ODkOODvFtGSkwyMV3jgJDjgqLjg63jg7zjgrogZWYg44Kx44O844K5IGZqbDIxIOOCseODvOOCuS/jgqvjg5Djg7wvQ0FTRS/jgrEmbWludXM744K544CR44CQ44K544Oe44O844OI44OV44Kp44OzIOOCueODnuODm+OCseODvOOCueOAkeOAkFAwNkRlYzE044CR[rn]
10-177611,aHR0cDovL3RzaG9wLnIxMHMuanAva2ludHN1L2NhYmluZXQvcGx1cy1zL2RpYXJ5L3BsdXMtZGlhcnktbXVkMDAwOGEyLmpwZz9maXRpbj03MDA6NzAw,MTgzNi44MDAw,,44K544Oe44O844OI44OV44Kp44Oz44O744K/44OW44Os44OD44OIID4g44K544Oe44O844OI44OV44Kp44Oz44Ki44Kv44K744K144Oq44O8ID4g44K544Oe44O844OI44OV44Kp44Oz44Kx44O844K5,SFRMMjMg5omL5biz5Z6L44Kx44O844K5IOWSjOafhCDlkozpoqgg5pel5pys55qE,SFRMMjMg44Kx44O844K5IOaJi+W4s+WeiyDjgrnjg57jg5vjgrHjg7zjgrkg5omL5biz44Kx44O844K54piG,PGJyPjxiPuKHklBD5ZWG5ZOB44Oa44O844K444Gn6Kmz44GX44GP6KaL44KLPC9iPjxicj48YnI+Cjxmb250IGNvbG9yPSIjZmY2NmNjIj7miYflrZDjgIHpm6rovKrjgIHljYPku6PntJnpoqjjgIHng4/mj5rnvr3jgIHkubHoj4rjgIHmoZzjgIHptrTkuoDjga7lkozpoqjjga4gPGJyPuaJi+W4s+WeiyDjg4DjgqTjgqLjg6rjg7zjgrHjg7zjgrnjgILjg5Djg6njgqjjg4bjgqPjgoLosYrlr4zimIY8L2ZvbnQ+PGJyPgo8YnI+Cjx0YWJsZSBib3JkZXI9IjAiIGFsaWduPSJjZW50ZXIiPgo8dHI+Cjx0ZD48aW1nIHNyYz0iaHR0cDovL2ltYWdlLnJha3V0ZW4uY28uanAva2ludHN1L2NhYmluZXQvcGx1cy1zL2RpYXJ5L2RfYmxhY2tfMS5qcGciIHdpZHRoPSIzMDAiIGJvcmRlcj0iMCI+PC90ZD4KPC90cj4KPHRyPgo8dGQ+PGltZyBzcmM9Imh0dHA6Ly9pbWFnZS5yYWt1dGVuLmNvLmpwL2tpbnRzdS9jYWJpbmV0L3BsdXMtcy9kaWFyeS9kX2JsYWNrXzIuanBnIiB3aWR0aD0iMzAwIiBib3JkZXI9IjAiPjwvdGQ+PC90cj48dHI+PHRkPjxpbWcgc3JjPSJodHRwOi8vaW1hZ2UucmFrdXRlbi5jby5qcC9raW50c3UvY2FiaW5ldC9wbHVzLXMvZGlhcnkvZF9ibGFja18zLmpwZyIgd2lkdGg9IjMwMCIgYm9yZGVyPSIwIj48L3RkPgo8L3RyPjwvdGFibGU+PGJyPjxocj4K5omH5a2Q44CB6Zuq6Lyq44CB5Y2D5Luj57SZ6aKo44CB54OP5o+a576944CB5Lmx6I+K44CB5qGc44CB6ba05LqA44Gu5ZKM6aKo44GuIOaJi+W4s+WeiyDjg4DjgqTjgqLjg6rjg7zjgrHjg7zjgrnjgILjg5Djg6njgqjjg4bjgqPjgoLosYrlr4zimIY8YnI+MuWAi+S7peS4iuOBlOizvOWFpe+8iDMyNDDlhobku6XkuIrvvInjgafjgIHphY3pgIHmlrnms5XjgIzpg7Xkvr/lsYDjgb7jgZ/jga/jg43jgrPjg53jgrnjgI3jgafpgIHmlpnnhKHmlpnjgavjgarjgorjgb7jgZnjgILjgYrmlK/miZXmlrnms5Xjga/jgIHku6PlvJXjgY3jgafjgoJPS++8geS7o+W8leOBjeOBruWgtOWQiOOBr+OAjOmDteS+v+WxgOOAjeOBp+mFjemAgeiHtOOBl+OBvuOBmeOAgjxicj48Zm9udCBjb2xvcj0iI2ZmMDAwMCI+5Y+X5rOo55Sf55Sj44Gu44Gf44KB44CB44GU5rOo5paH5b6M44Gu5aSJ5pu044CB6L+U5ZOB44CB44Kt44Oj44Oz44K744Or44Gv44GK5Y+X5LuY44Gn44GN44G+44Gb44KT44CCPC9mb250Pjxicj48YnI+Cue0oOadkO+8muaJi+W4s+OCseODvOOCueacrOS9k++8j+WQiOearuOAgOODj+ODvOODieOCseODvOOCue+8j+ODneODquOCq+ODvOODnOODjeODvOODiCjjg5bjg6njg4Pjgq8pPGJyPgrliqDlt6XvvJpVVuehrOWMluWei+OCpOODs+OCrzxicj7igLvljZPkuIrjg5vjg6vjg4Djg7zjga7lhYXpm7vlmajjgavjga/lr77lv5zjgZfjgabjgYrjgorjgb7jgZvjgpPjgIIo44Kx44O844K544KS6KOF552A44GX44Gf44G+44G+44Kz44ON44Kv44K/44O844Gr55u05o6l5beu44GX6L6844KT44Gn44Gu5YWF6Zu744Gv5Y+v6IO944Gn44GZ4piGKOS4gOmDqOmdnuWvvuW/nOapn+eoruacieOCiikpPGJyPgrigLvlhpnnnJ/jga/jgqTjg6Hjg7zjgrjnlLvlg4/jgavjgarjgorjgb7jgZnjgILmqZ/nqK7jgavjgojjgaPjgabntbXmn4TjgYzliIfjgozjgovjgZPjgajjgYzjgZTjgZbjgYTjgb7jgZnjgIIK4oC75a6f54mp44Gu6Imy44Gr6L+R44Gl44GR44KL44KI44GG44Gr5Yqq44KB44Gm44GE44G+44GZ44GM44CB44GU5Yip55So44Gu44Oi44OL44K/44O844CBUEPjgoTjgrnjg57jg7zjg4jjg5Xjgqnjg7Pjga7nkrDlooPjgavjgojjgormjrLovInlhpnnnJ/jga7oibLjgYzlrp/nianjga7oibLjgajpgZXjgaPjgabopovjgYjjgovloLTlkIjjgYzjgZTjgZbjgYTjgb7jgZnjgIIKPGJyPjxicj4KCgoK4piGIOOBneOBruS7luOAgeaJi+W4s+Wei+OCseODvOOCueS4gOimp+OBr+OBk+OBoeOCiTxicj48YnI+PGJyPgo8Zm9udCBjb2xvcj0iIzMzMDA5OSI+5omH5a2Q44CB6Zuq6Lyq44CB5Y2D5Luj57SZ6aKo44CB54OP5o+a576944CB5Lmx6I+K44CB5qGc44CB6ba05LqA44Gu5ZKM6aKo44GuIOmBuOOBueOCi+WFqDnjgr/jgqTjg5c8L2ZvbnQ+PGJyPjxicj48Zm9udCBjb2xvcj0iI0ZGMDAwMCI+PGI+4oC744OH44K244Kk44Oz44O744Kr44Op44O844Gu6KaL5pys44Gv44Oa44O844K444Gu5LiA55Wq5LiK44Gr44GC44KL5ZWG5ZOB55S75YOP44Gu77yS5p6a55uu5Lul6ZmN44KS44GU6Kan44GP44Gg44GV44GE44CCPC9iPjwvZm9udD4KPGJyPjxicj48Yj48Zm9udCBjb2xvcj0iI2ZmMDAwMCI+4oC76YOo5p2Q44Gu6Kqk5beu44Gr44KI44KL5ZOB5YiH44KM44GM55m655Sf44GX44Gf5aC05ZCI44Gv44CB5YWl6I235qyh56ys44Gu6KO95L2c44O755m66YCB44Go44Gq44KL5aC05ZCI44GM44GU44GW44GE44G+44GZ44CCPGJyPgrjgZ3jga7pmpvjga/jgIHjgZTms6jmloflvozliKXpgJTjg6Hjg7zjg6vjgavjgabjgZTpgKPntaHjgZXjgZvjgabpoILjgY3jgb7jgZnjgII8YnI+44G+44Gf44CB5omL5biz44Gr44K544K/44Oz44OJ5qmf6IO9KOaKmOOCiuebru+8ieOBjOOBpOOBhOOBpuOBhOOCi+WgtOWQiOOBjOOBlOOBluOBhOOBvuOBmeOAgjxicj4K5LqI44KB44CB44GU5LqG5om/6aGY44GE44GX44G+44GZ44CCPC9mb250PjwvYj48YnI+PGJyPg==,SFRMMjMg5omL5biz5Z6L44Kx44O844K5IOWSjOafhCDlkozpoqgg5pel5pys55qE77ya44Kx44O844K/44Kk5bGLMjTjgIDmpb3lpKnluILloLTlupc=,44K544Oe44O844OI44OV44Kp44Oz44Ki44Kv44K744K144Oq44O85pC65biv44K544OI44Op44OD44OX44K544OI44Op44OD44OX44K544Oe44Ob44Kx44O844K544K544Oe44O844OI44OV44Kp44OzIOOCseODvOOCueOCueODnuODm+ODlOOCouOCueOCpOODpOODm+ODs+OCuOODo+ODg+OCryDjgqLjgq/jgrvjgrXjg6rjg7zjgrnjg57jg7zjg4jjg5Xjgqnjg7Pjg5TjgqLjgrnjg43jg4Pjgq/jgrnjg4jjg6njg4Pjg5fjgrnjg6/jg63jg5Xjgrnjgq3jg7wg44OU44Ki44K544K544Ov44Ot44OV44K544Kt44O8IOOCueODiOODqeODg+ODl+OCueODnuODm+OCq+ODkOODvOOCueODnuODvOODiOODleOCqeODsyDjgqvjg5Djg7xIVEwyMyDmiYvluLPlnovjgrHjg7zjgrkg5ZKM5p+EIOWSjOmiqCDml6XmnKznmoQ=,SFRMMjMg44Kx44O844K5IOaJi+W4s+WeiyDjgrnjg57jg5vjgrHjg7zjgrkg5omL5biz44Kx44O844K54piG44CCSFRMMjMg5omL5biz5Z6L44Kx44O844K5IOWSjOafhCDlkozpoqgg5pel5pys55qE[rn]
10-177612,aHR0cDovL3RzaG9wLnIxMHMuanAva2ludHN1L2NhYmluZXQvcGx1cy1zL2RpYXJ5L3BsdXMtZGlhcnktdG1kMDAwMmEyLmpwZz9maXRpbj03MDA6NzAw,MTgzNi44MDAw,,44K544Oe44O844OI44OV44Kp44Oz44O744K/44OW44Os44OD44OIID4g44K544Oe44O844OI44OV44Kp44Oz44Ki44Kv44K744K144Oq44O8ID4g44K544Oe44O844OI44OV44Kp44Oz44Kx44O844K5,QVFVT1MgWkVUQSBTSC0wMUcg5omL5biz5Z6L44Kx44O844K5IHNoMDFnIOaJi+W4s+Wei+OCseODvOOCuSDjgqLjgq/jgqrjgrkg44Kx44O844K5IOaJi+W4s+WeiyDjg43jgrMg6buS54yrIOWLleeJqSDjgqvjg5Djg7wgc2gtMDFo44Kx44O844K5IHNoLTAxaOOCq+ODkOODvCBhcXVvcyDjgrHjg7zjgrkg44Kr44OQ44O8IOOBiuOBl+OCg+OCjCDjgYvjgo/jgYTjgYQg5omL5biz5Z6L44K544Oe44Ob44Kx44O844K5IOOCueODnuODm+OCseODvOOCuSDjgrnjg57jg5vjgqvjg5Djg7w=,U0gtMDFHIOOCseODvOOCuSDmiYvluLPlnosg44K544Oe44Ob44Kx44O844K5IOaJi+W4s+OCseODvOOCueKYhg==,PGJyPjxiPuKHklBD5ZWG5ZOB44Oa44O844K444Gn6Kmz44GX44GP6KaL44KLPC9iPjxicj48YnI+Cjxmb250IGNvbG9yPSIjZmY2NmNjIj7jgYTjgo3jgpPjgarjg43jgrPjgYzlpKfjgY3jgY/jg5fjg6rjg7Pjg4jjgZXjgozjgZ8gPGJyPuaJi+W4s+WeiyDjg4DjgqTjgqLjg6rjg7zjgrHjg7zjgrnjgILjg5Djg6njgqjjg4bjgqPjgoLosYrlr4zimIY8L2ZvbnQ+PGJyPgo8YnI+Cjx0YWJsZSBib3JkZXI9IjAiIGFsaWduPSJjZW50ZXIiPgo8dHI+Cjx0ZD48aW1nIHNyYz0iaHR0cDovL2ltYWdlLnJha3V0ZW4uY28uanAva2ludHN1L2NhYmluZXQvcGx1cy1zL2RpYXJ5L3BsdXMtZGlhcnktdG1kMDAwMmEyLmpwZyIgd2lkdGg9IjEwMCUiIGJvcmRlcj0iMCI+PC90ZD4KPC90cj4KPHRyPgo8dGQ+PGltZyBzcmM9Imh0dHA6Ly93d3cucmFrdXRlbi5uZS5qcC9nb2xkL2tpbnRzdS9zX2l0ZW0vcGx1cy1kaWFyeS9wbHVzLXNtYS1iYXNlMi5qcGciIHdpZHRoPSIxMDAlIiBib3JkZXI9IjAiPjxicj4KICAgIDxicj4KICAgIDxicj4KICAgIDwvdGQ+PC90cj48dHI+PHRkPjxpbWcgc3JjPSJodHRwOi8vd3d3LnJha3V0ZW4ubmUuanAvZ29sZC9raW50c3Uvc19pdGVtL3BsdXMtZGlhcnkvcGx1cy1zbWEtdG1kMDAwMmEuanBnIiB3aWR0aD0iMTAwJSIgYm9yZGVyPSIwIj48L3RkPgo8L3RyPjwvdGFibGU+PGJyPjxocj4K44GE44KN44KT44Gq44ON44Kz44GM5aSn44GN44GP44OX44Oq44Oz44OI44GV44KM44GfIOaJi+W4s+WeiyDjg4DjgqTjgqLjg6rjg7zjgrHjg7zjgrnjgILjg5Djg6njgqjjg4bjgqPjgoLosYrlr4zimIY8YnI+MuWAi+S7peS4iuOBlOizvOWFpe+8iDMyNDDlhobku6XkuIrvvInjgafjgIHphY3pgIHmlrnms5XjgIzpg7Xkvr/lsYDjgb7jgZ/jga/jg43jgrPjg53jgrnjgI3jgafpgIHmlpnnhKHmlpnjgavjgarjgorjgb7jgZnjgILjgYrmlK/miZXmlrnms5Xjga/jgIHku6PlvJXjgY3jgafjgoJPS++8geS7o+W8leOBjeOBruWgtOWQiOOBr+OAjOmDteS+v+WxgOOAjeOBp+mFjemAgeiHtOOBl+OBvuOBmeOAgjxicj48Zm9udCBjb2xvcj0iI2ZmMDAwMCI+5Y+X5rOo55Sf55Sj44Gu44Gf44KB44CB44GU5rOo5paH5b6M44Gu5aSJ5pu044CB6L+U5ZOB44CB44Kt44Oj44Oz44K744Or44Gv44GK5Y+X5LuY44Gn44GN44G+44Gb44KT44CCPC9mb250Pjxicj48YnI+Cue0oOadkO+8muaJi+W4s+OCseODvOOCueacrOS9k++8j+WQiOearuOAgOODj+ODvOODieOCseODvOOCue+8j+ODneODquOCq+ODvOODnOODjeODvOODiCjjg5bjg6njg4Pjgq8pPGJyPgrliqDlt6XvvJpVVuehrOWMluWei+OCpOODs+OCrzxicj7igLvljZPkuIrjg5vjg6vjg4Djg7zjga7lhYXpm7vlmajjgavjga/lr77lv5zjgZfjgabjgYrjgorjgb7jgZvjgpPjgIIo44Kx44O844K544KS6KOF552A44GX44Gf44G+44G+44Kz44ON44Kv44K/44O844Gr55u05o6l5beu44GX6L6844KT44Gn44Gu5YWF6Zu744Gv5Y+v6IO944Gn44GZ4piGKOS4gOmDqOmdnuWvvuW/nOapn+eoruacieOCiikpPGJyPgrigLvlhpnnnJ/jga/jgqTjg6Hjg7zjgrjnlLvlg4/jgavjgarjgorjgb7jgZnjgILntbXmn4TjgYzliIfjgozjgovjgZPjgajjgYzjgZTjgZbjgYTjgb7jgZnjgIIK4oC75a6f54mp44Gu6Imy44Gr6L+R44Gl44GR44KL44KI44GG44Gr5Yqq44KB44Gm44GE44G+44GZ44GM44CB44GU5Yip55So44Gu44Oi44OL44K/44O844CBUEPjgoTjgrnjg57jg7zjg4jjg5Xjgqnjg7Pjga7nkrDlooPjgavjgojjgormjrLovInlhpnnnJ/jga7oibLjgYzlrp/nianjga7oibLjgajpgZXjgaPjgabopovjgYjjgovloLTlkIjjgYzjgZTjgZbjgYTjgb7jgZnjgIIKPGJyPjxicj4KCuKYhiDjgZ3jga7ku5bjgIHmiYvluLPlnovjgrHjg7zjgrnkuIDopqfjga/jgZPjgaHjgok8YnI+PGJyPjxicj4KPGZvbnQgY29sb3I9IiMzMzAwOTkiPuOCquOCt+ODo+ODrOOBquaJi+W4s+Wei+OCseODvOOCuTxicj4K44GE44KN44KT44Gq44ON44Kz44GM5aSn44GN44GP44OX44Oq44Oz44OI44GV44KM44GfIOmBuOOBueOCi+WFqDnjgr/jgqTjg5c8L2ZvbnQ+PGJyPjxicj48Zm9udCBjb2xvcj0iI0ZGMDAwMCI+PGI+4oC744OH44K244Kk44Oz44O744Kr44Op44O844Gu6KaL5pys44Gv44Oa44O844K444Gu5LiA55Wq5LiK44Gr44GC44KL5ZWG5ZOB55S75YOP44Gu77yS5p6a55uu5Lul6ZmN44KS44GU6Kan44GP44Gg44GV44GE44CCPC9iPjwvZm9udD4KPGJyPjxicj48Yj48Zm9udCBjb2xvcj0iI2ZmMDAwMCI+4oC76YOo5p2Q44Gu6Kqk5beu44Gr44KI44KL5ZOB5YiH44KM44GM55m655Sf44GX44Gf5aC05ZCI44Gv44CB5YWl6I235qyh56ys44Gu6KO95L2c44O755m66YCB44Go44Gq44KL5aC05ZCI44GM44GU44GW44GE44G+44GZ44CCPGJyPuOBneOBrumam+OBr+OAgeOBlOazqOaWh+W+jOWIpemAlOODoeODvOODq+OBq+OBpuOBlOmAo+e1oeOBleOBm+OBpumgguOBjeOBvuOBmeOAgjxicj7jgb7jgZ/jgIHmiYvluLPjgavjgrnjgr/jg7Pjg4nmqZ/og70o5oqY44KK55uu77yJ44GM44Gk44GE44Gm44GE44KL5aC05ZCI44GM44GU44GW44GE44G+44GZ44CCPGJyPuS6iOOCgeOAgeOBlOS6huaJv+mhmOOBhOOBl+OBvuOBmeOAgjwvZm9udD48L2I+PGJyPjxicj4=,QVFVT1MgWkVUQSBTSC0wMUcg5omL5biz5Z6L44Kx44O844K5IHNoMDFnIOaJi+W4s+Wei+OCseODvOOCuSDjgqLjgq/jgqrjgrkg44Kx44O844K5IOaJi+W4s+WeiyDjg43jgrMg6buS54yrIOWLleeJqSDjgqvjg5Djg7wgc2gtMDFo44Kx44O844K5IHNoLTAxaOOCq+ODkOODvCBhcXVvcyDjgrHjg7zjgrkg44Kr44OQ44O8IOOBiuOBl+OCg+OCjCDjgYvjgo/jgYTjgYQg5omL5biz5Z6L44K544Oe44Ob44Kx44O844K5IOOCueODnuODm+OCseODvOOCuSDjgrnjg57jg5vjgqvjg5Djg7zvvJrjgrHjg7zjgr/jgqTlsYsyNOOAgOalveWkqeW4guWgtOW6lw==,44K544Oe44O844OI44OV44Kp44Oz44Ki44Kv44K744K144Oq44O85pC65biv44K544OI44Op44OD44OX44K544OI44Op44OD44OX44K544Oe44Ob44Kx44O844K544K544Oe44O844OI44OV44Kp44OzIOOCseODvOOCueOCueODnuODm+ODlOOCouOCueOCpOODpOODm+ODs+OCuOODo+ODg+OCryDjgqLjgq/jgrvjgrXjg6rjg7zjgrnjg57jg7zjg4jjg5Xjgqnjg7Pjg5TjgqLjgrnjg43jg4Pjgq/jgrnjg4jjg6njg4Pjg5fjgrnjg6/jg63jg5Xjgrnjgq3jg7wg44OU44Ki44K544K544Ov44Ot44OV44K544Kt44O8IOOCueODiOODqeODg+ODl+OCueODnuODm+OCq+ODkOODvOOCueODnuODvOODiOODleOCqeODsyDjgqvjg5Djg7xBUVVPUyBaRVRBIFNILTAxRyDmiYvluLPlnovjgrHjg7zjgrkgc2gwMWcg5omL5biz5Z6L44Kx44O844K5IOOCouOCr+OCquOCuSDjgrHjg7zjgrkg5omL5biz5Z6LIOODjeOCsyDpu5LnjKsg5YuV54mpIOOCq+ODkOODvCBzaC0wMWjjgrHjg7zjgrkgc2gtMDFo44Kr44OQ44O8IGFxdW9zIOOCseODvOOCuSDjgqvjg5Djg7wg44GK44GX44KD44KMIOOBi+OCj+OBhOOBhCDmiYvluLPlnovjgrnjg57jg5vjgrHjg7zjgrkg44K544Oe44Ob44Kx44O844K5IOOCueODnuODm+OCq+ODkOODvA==,U0gtMDFHIOOCseODvOOCuSDmiYvluLPlnosg44K544Oe44Ob44Kx44O844K5IOaJi+W4s+OCseODvOOCueKYhuOAgkFRVU9TIFpFVEEgU0gtMDFHIOaJi+W4s+Wei+OCseODvOOCuSBzaDAxZyDmiYvluLPlnovjgrHjg7zjgrkg44Ki44Kv44Kq44K5IOOCseODvOOCuSDmiYvluLPlnosg44ON44KzIOm7kueMqyDli5Xniakg44Kr44OQ44O8IHNoLTAxaOOCseODvOOCuSBzaC0wMWjjgqvjg5Djg7wgYXF1b3Mg44Kx44O844K5IOOCq+ODkOODvCDjgYrjgZfjgoPjgowg44GL44KP44GE44GEIOaJi+W4s+Wei+OCueODnuODm+OCseODvOOCuSDjgrnjg57jg5vjgrHjg7zjgrkg44K544Oe44Ob44Kr44OQ44O8[rn]
10-177613,aHR0cDovL3RzaG9wLnIxMHMuanAva2ludHN1L2NhYmluZXQveWVzLW5vL2FmamwyMS9hZmpsMjEtcGNjbC0yMDEtbjE4NC5qcGc/Zml0aW49NzAwOjcwMA==,MzA0MC4wMDAw,,44K544Oe44O844OI44OV44Kp44Oz44O744K/44OW44Os44OD44OIID4g44K544Oe44O844OI44OV44Kp44Oz44Ki44Kv44K744K144Oq44O8ID4g44K544Oe44O844OI44OV44Kp44Oz44Kx44O844K5,44CQWWVzL05v44CR44Kr44OX44K744Or44GP44KTIOODlOODs+OCryDvvIjjgq/jg6rjgqLvvIkgLyBmb3IgQVJST1dTIGVmIEZKTDIxL2F1QVJST1dTIGVmIEZKTDIxIOOCseODvOOCuSDjgqvjg5Djg7xbRkpMMjFd44CQ44Ki44Ot44O844K6IGVmIOOCseODvOOCuSBmamwyMSDjgrHjg7zjgrkv44Kr44OQ44O8L0NBU0Uv44Kx77yN44K544CR44CQ44K544Oe44O844OI44OV44Kp44OzIOOCueODnuODm+OCseODvOOCueOAkeOAkFAwNkRlYzE044CR,YXUgQVJST1dTIGVmIEZKTDIxIOOCseODvOOCuS/jgqvjg5Djg7w=,PGJyPjxiPuKHklBD5ZWG5ZOB44Oa44O844K444Gn6Kmz44GX44GP6KaL44KLPC9iPjxicj48YnI+44CQ5ZWG5ZOB6Kqs5piO44CR44CA44Kr44OX44K744Or44Gu6ZqZ6ZaT44GL44KJ44GT44Gh44KJ44KS44K444O844Gj44Go6KaL44Gk44KB44KL44Kr44OX44K744Or44GP44KTQVJST1dTIGVmIEZKTDIxL2F144Kx44O844K544CC44CA44CA44CQ5LuV5qeY44CR44CA57Sg5p2Q77ya44Kx44O844K55pys5L2T77yP44Od44Oq44Kr44O844Oc44ON44O844OI44CA5Yqg5bel77yaVVbnoazljJblnovjgqTjg7Pjgq/jg7vjg4jjg4Pjg5fjgrPjg7zjg4jku5XkuIrjgIDljbDliLfnr4Tlm7LvvJrlubPpnaLjg5fjg6rjg7Pjg4jjgIDvvIjlgbTpnaLjgavjg5fjg6rjg7Pjg4jjga/lhaXjgorjgb7jgZvjgpPvvInjgIDjgIDjgJDlr77lv5zmqZ/nqK7jgJHjgIBBUlJPV1MgZWYgRkpMMjEvYXXlsILnlKjjgIDigLvku5Xmp5jjga/kuojlkYrjgarjgY/lpInmm7TjgZnjgovloLTlkIjjgYzjgZTjgZbjgYTjgb7jgZnjgILjgIDigLvnlLvlg4/jga/lkIjmiJDnlLvlg4/vvIjjgqTjg6Hjg7zjgrjvvInjgavjgarjgorjgb7jgZnjgILjgIDigLvllYblk4HliqDlt6Xjga/jgZnjgbnjgabml6XmnKzlm73lhoXjga7nhp/nt7TjgZfjgZ/ogbfkurrjga7miYvkvZzmpa3jgafooYzjgo/jgozjgb7jgZnjgILjgIDigLvog4zpnaLjgIHlgbTpnaLjgpLjgZfjgaPjgYvjgorkv53orbfjgILjgIDigLvoo4XnnYDjgZfjgZ/jgb7jgb7lhYXpm7vlj6/og73vvIjjgrHjg7zjg5bjg6vjga7jgb/vvInjgIA8Zm9udCBjb2xvcj0iI2ZmMDAwMCI+5Y2T5LiK5Z6L5YWF6Zu75ZmoKOe9ruOBj+OBoOOBkeWFhembu++8ieOBq+OBr+WvvuW/nOOBl+OBpuOBiuOCiuOBvuOBm+OCk+OAgjwvZm9udD7jgIDjgIDjgZTms6jmloflvozjgIHjgbLjgajjgaTjgbLjgajjgaTogbfkurrjgavjgojjgovjg4/jg7Pjg4njg6HjgqTjg4njga7jgZ/jgoHjgIE8Zm9udCBjb2xvcj0iI2ZmMDAwMCI+55m66YCB44G+44Gn44Gr5pyA5aSn44GnMjHml6Xjgbvjgak8L2ZvbnQ+6aCC5oi06Ie044GX44Gm44GK44KK44G+44GZ44CCMuWAi+S7peS4iuOBlOizvOWFpe+8iDMyNDDlhobku6XkuIrvvInjgafjgIHphY3pgIHmlrnms5XjgIzpg7Xkvr/lsYDjgb7jgZ/jga/jg43jgrPjg53jgrnjgI3jgafpgIHmlpnnhKHmlpnjgavjgarjgorjgb7jgZnjgII8Zm9udCBjb2xvcj0iI2ZmMDAwMCI+5Y+X5rOo55Sf55Sj44Gu44Gf44KB44CB44GU5rOo5paH5b6M44Gu5aSJ5pu044CB6L+U5ZOB44CB44Kt44Oj44Oz44K744Or44Gv44GK5Y+X5LuY44Gn44GN44G+44Gb44KT44CCPC9mb250Pjxicj4=,44CQWWVzL05v44CR44Kr44OX44K744Or44GP44KTIOODlOODs+OCryDvvIjjgq/jg6rjgqLvvIkgLyBmb3IgQVJST1dTIGVmIEZKTDIxL2F1QVJST1dTIGVmIEZKTDIxIOOCseODvOOCuSDjgqvjg5Djg7xbRkpMMjFd44CQ44Ki44Ot44O844K6IGVmIOOCseODvOOCuSBmamwyMSDjgrHjg7zjgrkv44Kr44OQ44O8L0NBU0Uv44KxJm1pbnVzO+OCueOAkeOAkOOCueODnuODvOODiOODleOCqeODsyDjgrnjg57jg5vjgrHjg7zjgrnjgJHjgJBQMDZEZWMxNOOAke+8muOCseODvOOCv+OCpOWxizI044CA5qW95aSp5biC5aC05bqX,44K544Oe44O844OI44OV44Kp44Oz44Ki44Kv44K744K144Oq44O85pC65biv44K544OI44Op44OD44OX44K544OI44Op44OD44OX44K544Oe44Ob44Kx44O844K544K544Oe44O844OI44OV44Kp44OzIOOCseODvOOCueOCueODnuODm+ODlOOCouOCueOCpOODpOODm+ODs+OCuOODo+ODg+OCryDjgqLjgq/jgrvjgrXjg6rjg7zjgrnjg57jg7zjg4jjg5Xjgqnjg7Pjg5TjgqLjgrnjg43jg4Pjgq/jgrnjg4jjg6njg4Pjg5fjgrnjg6/jg63jg5Xjgrnjgq3jg7wg44OU44Ki44K544K544Ov44Ot44OV44K544Kt44O8IOOCueODiOODqeODg+ODl+OCueODnuODm+OCq+ODkOODvOOCueODnuODvOODiOODleOCqeODsyDjgqvjg5Djg7zjgJBZZXMvTm/jgJHjgqvjg5fjgrvjg6vjgY/jgpMg44OU44Oz44KvIO+8iOOCr+ODquOCou+8iSAvIGZvciBBUlJPV1MgZWYgRkpMMjEvYXVBUlJPV1MgZWYgRkpMMjEg44Kx44O844K5IOOCq+ODkOODvFtGSkwyMV3jgJDjgqLjg63jg7zjgrogZWYg44Kx44O844K5IGZqbDIxIOOCseODvOOCuS/jgqvjg5Djg7wvQ0FTRS/jgrEmbWludXM744K544CR44CQ44K544Oe44O844OI44OV44Kp44OzIOOCueODnuODm+OCseODvOOCueOAkeOAkFAwNkRlYzE044CR,YXUgQVJST1dTIGVmIEZKTDIxIOOCseODvOOCuS/jgqvjg5Djg7zjgILjgJBZZXMvTm/jgJHjgqvjg5fjgrvjg6vjgY/jgpMg44OU44Oz44KvIO+8iOOCr+ODquOCou+8iSAvIGZvciBBUlJPV1MgZWYgRkpMMjEvYXVBUlJPV1MgZWYgRkpMMjEg44Kx44O844K5IOOCq+ODkOODvFtGSkwyMV3jgJDjgqLjg63jg7zjgrogZWYg44Kx44O844K5IGZqbDIxIOOCseODvOOCuS/jgqvjg5Djg7wvQ0FTRS/jgrEmbWludXM744K544CR44CQ44K544Oe44O844OI44OV44Kp44OzIOOCueODnuODm+OCseODvOOCueOAkeOAkFAwNkRlYzE044CR[rn]
10-177614,aHR0cDovL3RzaG9wLnIxMHMuanAva2ludHN1L2NhYmluZXQvcGx1cy1zL20vc2gtMDFnL3BzLXNoMDFnLTAxMzlhLmpwZz9maXRpbj03MDA6NzAw,MTYwMC4wMDAw,,44K544Oe44O844OI44OV44Kp44Oz44O744K/44OW44Os44OD44OIID4g44K544Oe44O844OI44OV44Kp44Oz44Ki44Kv44K744K144Oq44O8ID4g44K544Oe44O844OI44OV44Kp44Oz44Kx44O844K5,ZG9jb21vIEFRVU9TIFpFVEEgU0gtMDFHIOOCseODvOOCuSDjgqvjg5Djg7wg44OR44K544OG44Or44OB44Kn44OD44KvIGZvciBBUVVPUyBaRVRBIFNILTAxRyDjgrHjg7zjgrkg44Kr44OQ44O8W3pldGEgc2gtMDFnXeOAkOOCouOCr+OCquOCueODleOCqeODsyDjgqvjg5Djg7wgc2gwMWcg44Op44Kw44K4IOODqeODluODqiDjg4/jg7zjg4kg44Om44OL44O844KvIENBU0Uv44Kx77yN44K544CR44CQ44K544Oe44Ob44Kr44OQ44O8IOOCueODnuODm+OCseODvOOCueOAkQ==,MuWAi+S7peS4iuOBp+mAgeaWmeeEoeaWme+8gUFRVU9TIFpFVEEgU0gtMDFHIOOCseODvOOCuS/jgqvjg5Djg7w=,PGJyPjxiPuKHklBD5ZWG5ZOB44Oa44O844K444Gn6Kmz44GX44GP6KaL44KLPC9iPjxicj48YnI+44Kq44K344Oj44Os44Gq44OR44K544OG44Or6Kq/44OB44Kn44OD44Kv5p+EIFNILTAxR+OCr+ODquOCoiDjgrHjg7zjgrnjgII8YnI+IDLlgIvku6XkuIrjgZTos7zlhaXvvIgzMjQw5YaG5Lul5LiK77yJ44Gn44CB6YWN6YCB5pa55rOV44CM6YO15L6/5bGA44G+44Gf44Gv44ON44Kz44Od44K544CN44Gn6YCB5paZ54Sh5paZ44Gr44Gq44KK44G+44GZ44CC44GK5pSv5omV5pa55rOV44Gv44CB5Luj5byV44GN44Gn44KCT0vvvIHku6PlvJXjgY3jga7loLTlkIjjga/jgIzpg7Xkvr/lsYDjgI3jgafphY3pgIHoh7TjgZfjgb7jgZnjgII8YnI+PGZvbnQgY29sb3I9IiNmZjAwMDAiPuWPl+azqOeUn+eUo+OBruOBn+OCgeOAgeOBlOazqOaWh+W+jOOBruWkieabtOOAgei/lOWTgeOAgeOCreODo+ODs+OCu+ODq+OBr+OBiuWPl+S7mOOBp+OBjeOBvuOBm+OCk+OAgjwvZm9udD48YnI+PGJyPiDigLvntKDmnZDvvJrjgq/jg6rjgqLjgrHjg7zjgrnmnKzkvZPvvI/jg53jg6rjgqvjg7zjg5zjg43jg7zjg4jliqDlt6Uo44Kv44Oq44Ki44Kx44O844K5Ke+8mlVW56Gs5YyW5Z6L44Kk44Oz44Kv77yI5YG06Z2i44Gr44OX44Oq44Oz44OI44Gv5YWl44KK44G+44Gb44KT77yJPGJyPuKAu+WNk+S4iuODm+ODq+ODgOODvOOBruWFhembu+WZqOOBq+OBr+WvvuW/nOOBl+OBpuOBiuOCiuOBvuOBm+OCk+OAgijjgrHjg7zjgrnjgpLoo4XnnYDjgZfjgZ/jgb7jgb7jgrPjg43jgq/jgr/jg7zjgavnm7TmjqXlt67jgZfovrzjgpPjgafjga7lhYXpm7vjga/lj6/og73jgafjgZnimIYpPGJyPjxicj4g4piGIOOBneOBruS7luOAgVNILTAxR+S4gOimp+OBr+OBk+OBoeOCiTxicj48YnI+PGJyPjx0YWJsZT4KPHRyPgo8dGQgYWxpZ249ImNlbnRlciI+PGZvbnQgc2l6ZT0iMyI+4pa84pa84pa844Kx44O844K56KOF552A44Kk44Oh44O844K45L6L44Gv4pa84pa84pa8PGJyPiZndDsmZ3Q7Jmd0OyZndDvimIbjgZPjgaHjgonimIYmbHQ7Jmx0OyZsdDsmbHQ7PC9mb250Pjxicj48YnI+PGltZyBzcmM9Imh0dHA6Ly9pbWFnZS5yYWt1dGVuLmNvLmpwL2tpbnRzdS9jYWJpbmV0L3BsdXMtcy9reW91dHN1L2Z1bGx0ZXgwMi5qcGciIHdpZHRoPSIzMDAiIGJvcmRlcj0iMCIgYWx0PSIiIC8+PGJyIC8+Cjxicj4KPGJyPgo8Zm9udCBzaXplPSIzIj7jg5Hjgrnjg4bjg6vjg4Hjgqfjg4Pjgq88YnI+PC9mb250PjxiciAvPgogPGltZyBzcmM9Imh0dHA6Ly9pbWFnZS5yYWt1dGVuLmNvLmpwL2tpbnRzdS9jYWJpbmV0L3BsdXMtcy9tL3NoLTAxZy9wcy1zaDAxZy0wMTM5YS5qcGciICB3aWR0aD0iMzAwIiBib3JkZXI9IjAiIGFsdD0iIiAvPjxicj48YnI+Cjxmb250PuOCquOCt+ODo+ODrOOBquODkeOCueODhuODq+iqv+ODgeOCp+ODg+OCr+afhCBTSC0wMUfjgq/jg6rjgqIg44Kx44O844K544CCPC9mb250PjxiciAvPjxiciAvPgo8Zm9udCBzaXplPSIyIj7jgYrlpb3jgb/jga7jg4fjgrbjgqTjg7PjgpLjg5Xjg6vjgavmpb3jgZfjgoHjgovjgrHjg7zjgrnlhajpnaLjg5fjg6rjg7Pjg4jku5Xmp5jvvIHlgbTpnaLjgq/jg6rjgqLjgarjga7jgafjgIHkuIvlnLDjga7mnKzkvZPjgqvjg6njg7zjgpLmtLvjgYvjgZfjgb7jgZnimarml6XmnKzoo73jgonjgZfjgYTnvo7jgZfjgYTprq7jgoTjgYvjgarjg4fjgrbjgqTjg7PjgYzmpb3jgZfjgoHjgovlvZPlupfoh6rmhaLjga7jgqrjg6rjgrjjg4rjg6vjg5fjg6rjg7Pjg4jjgrHjg7zjgrnjgafjgZnimao8YnIgLz5tYWRlIGluIGphcGFuPC9mb250PjxiciAvPjxiciAvPgo8aW1nIHNyYz0iaHR0cDovL2ltYWdlLnJha3V0ZW4uY28uanAva2ludHN1L2NhYmluZXQvcGx1cy1zL2t5b3V0c3UvZmlsbV9wcmU2LmpwZyIgd2lkdGg9IjMwMCIgYm9yZGVyPSIwIiBhbHQ9IiIgLz48L3RkPgo8L3RyPgo8dHI+Cjx0ZCBhbGlnbj0icmlnaHQiPjxiciAvPjxiPjxmb250IHNpemU9IjMiPiZndDsmZ3Q75LuW44CBU0gtMDFH5LiA6Kan44Gv44GT44Gh44KJPC9mb250PjwvYj48YnIgLz48YnIgLz4KPC90ZD4KPC90cj4KPC90YWJsZT4=,ZG9jb21vIEFRVU9TIFpFVEEgU0gtMDFHIOOCseODvOOCuSDjgqvjg5Djg7wg44OR44K544OG44Or44OB44Kn44OD44KvIGZvciBBUVVPUyBaRVRBIFNILTAxRyDjgrHjg7zjgrkg44Kr44OQ44O8W3pldGEgc2gtMDFnXeOAkOOCouOCr+OCquOCueODleOCqeODsyDjgqvjg5Djg7wgc2gwMWcg44Op44Kw44K4IOODqeODluODqiDjg4/jg7zjg4kg44Om44OL44O844KvIENBU0Uv44KxJm1pbnVzO+OCueOAkeOAkOOCueODnuODm+OCq+ODkOODvCDjgrnjg57jg5vjgrHjg7zjgrnjgJHvvJrjgrHjg7zjgr/jgqTlsYsyNOOAgOalveWkqeW4guWgtOW6lw==,44K544Oe44O844OI44OV44Kp44Oz44Ki44Kv44K744K144Oq44O85pC65biv44K544OI44Op44OD44OX44K544OI44Op44OD44OX44K544Oe44Ob44Kx44O844K544K544Oe44O844OI44OV44Kp44OzIOOCseODvOOCueOCueODnuODm+ODlOOCouOCueOCpOODpOODm+ODs+OCuOODo+ODg+OCryDjgqLjgq/jgrvjgrXjg6rjg7zjgrnjg57jg7zjg4jjg5Xjgqnjg7Pjg5TjgqLjgrnjg43jg4Pjgq/jgrnjg4jjg6njg4Pjg5fjgrnjg6/jg63jg5Xjgrnjgq3jg7wg44OU44Ki44K544K544Ov44Ot44OV44K544Kt44O8IOOCueODiOODqeODg+ODl+OCueODnuODm+OCq+ODkOODvOOCueODnuODvOODiOODleOCqeODsyDjgqvjg5Djg7xkb2NvbW8gQVFVT1MgWkVUQSBTSC0wMUcg44Kx44O844K5IOOCq+ODkOODvCDjg5Hjgrnjg4bjg6vjg4Hjgqfjg4Pjgq8gZm9yIEFRVU9TIFpFVEEgU0gtMDFHIOOCseODvOOCuSDjgqvjg5Djg7xbemV0YSBzaC0wMWdd44CQ44Ki44Kv44Kq44K544OV44Kp44OzIOOCq+ODkOODvCBzaDAxZyDjg6njgrDjgrgg44Op44OW44OqIOODj+ODvOODiSDjg6bjg4vjg7zjgq8gQ0FTRS/jgrEmbWludXM744K544CR44CQ44K544Oe44Ob44Kr44OQ44O8IOOCueODnuODm+OCseODvOOCueOAkQ==,MuWAi+S7peS4iuOBp+mAgeaWmeeEoeaWme+8gUFRVU9TIFpFVEEgU0gtMDFHIOOCseODvOOCuS/jgqvjg5Djg7zjgIJkb2NvbW8gQVFVT1MgWkVUQSBTSC0wMUcg44Kx44O844K5IOOCq+ODkOODvCDjg5Hjgrnjg4bjg6vjg4Hjgqfjg4Pjgq8gZm9yIEFRVU9TIFpFVEEgU0gtMDFHIOOCseODvOOCuSDjgqvjg5Djg7xbemV0YSBzaC0wMWdd44CQ44Ki44Kv44Kq44K544OV44Kp44OzIOOCq+ODkOODvCBzaDAxZyDjg6njgrDjgrgg44Op44OW44OqIOODj+ODvOODiSDjg6bjg4vjg7zjgq8gQ0FTRS/jgrEmbWludXM744K544CR44CQ44K544Oe44Ob44Kr44OQ44O8IOOCueODnuODm+OCseODvOOCueOAkQ==[rn]
10-177615,aHR0cDovL3RzaG9wLnIxMHMuanAva2ludHN1L2NhYmluZXQvcGx1cy1zL2RpYXJ5L3BsdXMtZGlhcnktaWNkMDAyNWEyLmpwZz9maXRpbj03MDA6NzAw,MTgzNi44MDAw,,44K544Oe44O844OI44OV44Kp44Oz44O744K/44OW44Os44OD44OIID4g44K544Oe44O844OI44OV44Kp44Oz44Ki44Kv44K744K144Oq44O8ID4g44K544Oe44O844OI44OV44Kp44Oz44Kx44O844K5,SFRMMjMg5omL5biz5Z6L44Kx44O844K5IOODluODg+OCr+OCq+ODkOODvCDmlofluqvmnKwg5pu457GNIOOCq+ODkOODvA==,SFRMMjMg44Kx44O844K5IOaJi+W4s+WeiyDjgrnjg57jg5vjgrHjg7zjgrkg5omL5biz44Kx44O844K54piG,PGJyPjxiPuKHklBD5ZWG5ZOB44Oa44O844K444Gn6Kmz44GX44GP6KaL44KLPC9iPjxicj48YnI+Cjxmb250IGNvbG9yPSIjZmY2NmNjIj7jgb7jgovjgafmlofluqvmnKzjgavjg5bjg4Pjgq/jgqvjg5Djg7zjgpLnnYDjgZHjgabjgYTjgovjgojjgYbjgaogPGJyPuaJi+W4s+WeiyDjg4DjgqTjgqLjg6rjg7zjgrHjg7zjgrnjgILjg5Djg6njgqjjg4bjgqPjgoLosYrlr4zimIY8L2ZvbnQ+PGJyPgo8YnI+Cjx0YWJsZSBib3JkZXI9IjAiIGFsaWduPSJjZW50ZXIiPgo8dHI+Cjx0ZD48aW1nIHNyYz0iaHR0cDovL2ltYWdlLnJha3V0ZW4uY28uanAva2ludHN1L2NhYmluZXQvcGx1cy1zL2RpYXJ5L3BsdXMtZGlhcnktaWNkMDAyNWEyLmpwZyIgd2lkdGg9IjEwMCUiIGJvcmRlcj0iMCI+PC90ZD4KPC90cj4KPHRyPgo8dGQ+PGltZyBzcmM9Imh0dHA6Ly93d3cucmFrdXRlbi5uZS5qcC9nb2xkL2tpbnRzdS9zX2l0ZW0vcGx1cy1kaWFyeS9wbHVzLXNtYS1iYXNlMi5qcGciIHdpZHRoPSIxMDAlIiBib3JkZXI9IjAiPjxicj4KICAgIDxicj4KICAgIDxicj4KICAgIDwvdGQ+PC90cj48dHI+PHRkPjxpbWcgc3JjPSJodHRwOi8vd3d3LnJha3V0ZW4ubmUuanAvZ29sZC9raW50c3Uvc19pdGVtL3BsdXMtZGlhcnkvcGx1cy1zbWEtaWNkMDAyNWEuanBnIiB3aWR0aD0iMTAwJSIgYm9yZGVyPSIwIj48L3RkPgo8L3RyPjwvdGFibGU+PGJyPjxocj4K44G+44KL44Gn5paH5bqr5pys44Gr44OW44OD44Kv44Kr44OQ44O844KS552A44GR44Gm44GE44KL44KI44GG44GqIOaJi+W4s+WeiyDjg4DjgqTjgqLjg6rjg7zjgrHjg7zjgrnjgILjg5Djg6njgqjjg4bjgqPjgoLosYrlr4zimIY8YnI+MuWAi+S7peS4iuOBlOizvOWFpe+8iDMyNDDlhobku6XkuIrvvInjgafjgIHphY3pgIHmlrnms5XjgIzpg7Xkvr/lsYDjgb7jgZ/jga/jg43jgrPjg53jgrnjgI3jgafpgIHmlpnnhKHmlpnjgavjgarjgorjgb7jgZnjgILjgYrmlK/miZXmlrnms5Xjga/jgIHku6PlvJXjgY3jgafjgoJPS++8geS7o+W8leOBjeOBruWgtOWQiOOBr+OAjOmDteS+v+WxgOOAjeOBp+mFjemAgeiHtOOBl+OBvuOBmeOAgjxicj48Zm9udCBjb2xvcj0iI2ZmMDAwMCI+5Y+X5rOo55Sf55Sj44Gu44Gf44KB44CB44GU5rOo5paH5b6M44Gu5aSJ5pu044CB6L+U5ZOB44CB44Kt44Oj44Oz44K744Or44Gv44GK5Y+X5LuY44Gn44GN44G+44Gb44KT44CCPC9mb250Pjxicj48YnI+Cue0oOadkO+8muaJi+W4s+OCseODvOOCueacrOS9k++8j+WQiOearuOAgOODj+ODvOODieOCseODvOOCue+8j+ODneODquOCq+ODvOODnOODjeODvOODiCjjg5bjg6njg4Pjgq8pPGJyPgrliqDlt6XvvJpVVuehrOWMluWei+OCpOODs+OCrzxicj7igLvljZPkuIrjg5vjg6vjg4Djg7zjga7lhYXpm7vlmajjgavjga/lr77lv5zjgZfjgabjgYrjgorjgb7jgZvjgpPjgIIo44Kx44O844K544KS6KOF552A44GX44Gf44G+44G+44Kz44ON44Kv44K/44O844Gr55u05o6l5beu44GX6L6844KT44Gn44Gu5YWF6Zu744Gv5Y+v6IO944Gn44GZ4piGKOS4gOmDqOmdnuWvvuW/nOapn+eoruacieOCiikpPGJyPgrigLvlhpnnnJ/jga/jgqTjg6Hjg7zjgrjnlLvlg4/jgavjgarjgorjgb7jgZnjgILntbXmn4TjgYzliIfjgozjgovjgZPjgajjgYzjgZTjgZbjgYTjgb7jgZnjgIIK4oC75a6f54mp44Gu6Imy44Gr6L+R44Gl44GR44KL44KI44GG44Gr5Yqq44KB44Gm44GE44G+44GZ44GM44CB44GU5Yip55So44Gu44Oi44OL44K/44O844CBUEPjgoTjgrnjg57jg7zjg4jjg5Xjgqnjg7Pjga7nkrDlooPjgavjgojjgormjrLovInlhpnnnJ/jga7oibLjgYzlrp/nianjga7oibLjgajpgZXjgaPjgabopovjgYjjgovloLTlkIjjgYzjgZTjgZbjgYTjgb7jgZnjgIIKPGJyPjxicj4KCuKYhiDjgZ3jga7ku5bjgIHmiYvluLPlnovjgrHjg7zjgrnkuIDopqfjga/jgZPjgaHjgok8YnI+PGJyPjxicj4KPGZvbnQgY29sb3I9IiMzMzAwOTkiPuOCquOCt+ODo+ODrOOBquaJi+W4s+Wei+OCseODvOOCuTxicj4K44G+44KL44Gn5paH5bqr5pys44Gr44OW44OD44Kv44Kr44OQ44O844KS552A44GR44Gm44GE44KL44KI44GG44GqIOmBuOOBueOCi+WFqDnjgr/jgqTjg5c8L2ZvbnQ+PGJyPjxicj48Zm9udCBjb2xvcj0iI0ZGMDAwMCI+PGI+4oC744OH44K244Kk44Oz44O744Kr44Op44O844Gu6KaL5pys44Gv44Oa44O844K444Gu5LiA55Wq5LiK44Gr44GC44KL5ZWG5ZOB55S75YOP44Gu77yS5p6a55uu5Lul6ZmN44KS44GU6Kan44GP44Gg44GV44GE44CCPC9iPjwvZm9udD4KPGJyPjxicj48Yj48Zm9udCBjb2xvcj0iI2ZmMDAwMCI+4oC76YOo5p2Q44Gu6Kqk5beu44Gr44KI44KL5ZOB5YiH44KM44GM55m655Sf44GX44Gf5aC05ZCI44Gv44CB5YWl6I235qyh56ys44Gu6KO95L2c44O755m66YCB44Go44Gq44KL5aC05ZCI44GM44GU44GW44GE44G+44GZ44CCPGJyPgrjgZ3jga7pmpvjga/jgIHjgZTms6jmloflvozliKXpgJTjg6Hjg7zjg6vjgavjgabjgZTpgKPntaHjgZXjgZvjgabpoILjgY3jgb7jgZnjgII8YnI+44G+44Gf44CB5omL5biz44Gr44K544K/44Oz44OJ5qmf6IO9KOaKmOOCiuebru+8ieOBjOOBpOOBhOOBpuOBhOOCi+WgtOWQiOOBjOOBlOOBluOBhOOBvuOBmeOAgjxicj4K5LqI44KB44CB44GU5LqG5om/6aGY44GE44GX44G+44GZ44CCPC9mb250PjwvYj48YnI+PGJyPg==,SFRMMjMg5omL5biz5Z6L44Kx44O844K5IOODluODg+OCr+OCq+ODkOODvCDmlofluqvmnKwg5pu457GNIOOCq+ODkOODvO+8muOCseODvOOCv+OCpOWxizI044CA5qW95aSp5biC5aC05bqX,44K544Oe44O844OI44OV44Kp44Oz44Ki44Kv44K744K144Oq44O85pC65biv44K544OI44Op44OD44OX44K544OI44Op44OD44OX44K544Oe44Ob44Kx44O844K544K544Oe44O844OI44OV44Kp44OzIOOCseODvOOCueOCueODnuODm+ODlOOCouOCueOCpOODpOODm+ODs+OCuOODo+ODg+OCryDjgqLjgq/jgrvjgrXjg6rjg7zjgrnjg57jg7zjg4jjg5Xjgqnjg7Pjg5TjgqLjgrnjg43jg4Pjgq/jgrnjg4jjg6njg4Pjg5fjgrnjg6/jg63jg5Xjgrnjgq3jg7wg44OU44Ki44K544K544Ov44Ot44OV44K544Kt44O8IOOCueODiOODqeODg+ODl+OCueODnuODm+OCq+ODkOODvOOCueODnuODvOODiOODleOCqeODsyDjgqvjg5Djg7xIVEwyMyDmiYvluLPlnovjgrHjg7zjgrkg44OW44OD44Kv44Kr44OQ44O8IOaWh+W6q+acrCDmm7jnsY0g44Kr44OQ44O8,SFRMMjMg44Kx44O844K5IOaJi+W4s+WeiyDjgrnjg57jg5vjgrHjg7zjgrkg5omL5biz44Kx44O844K54piG44CCSFRMMjMg5omL5biz5Z6L44Kx44O844K5IOODluODg+OCr+OCq+ODkOODvCDmlofluqvmnKwg5pu457GNIOOCq+ODkOODvA==[rn]
10-177616,aHR0cDovL3RzaG9wLnIxMHMuanAva2ludHN1L2NhYmluZXQveWVzLW5vL2FmamwyMS9hZmpsMjEtcGNjbC0yMDEtbjA2MC5qcGc/Zml0aW49NzAwOjcwMA==,MzA0MC4wMDAw,,44K544Oe44O844OI44OV44Kp44Oz44O744K/44OW44Os44OD44OIID4g44K544Oe44O844OI44OV44Kp44Oz44Ki44Kv44K744K144Oq44O8ID4g44K544Oe44O844OI44OV44Kp44Oz44Kx44O844K5,44CQWWVzL05v44CR44OT44O844OBIO+8iOOCr+ODquOCou+8iSAvIGZvciBBUlJPV1MgZWYgRkpMMjEvYXVBUlJPV1MgZWYgRkpMMjEg44Kx44O844K5IOOCq+ODkOODvFtGSkwyMV3jgJDjgqLjg63jg7zjgrogZWYg44Kx44O844K5IGZqbDIxIOOCseODvOOCuS/jgqvjg5Djg7wvQ0FTRS/jgrHvvI3jgrnjgJHjgJDjgrnjg57jg7zjg4jjg5Xjgqnjg7Mg44K544Oe44Ob44Kx44O844K544CR44CQUDA2RGVjMTTjgJE=,YXUgQVJST1dTIGVmIEZKTDIxIOOCseODvOOCuS/jgqvjg5Djg7w=,PGJyPjxiPuKHklBD5ZWG5ZOB44Oa44O844K444Gn6Kmz44GX44GP6KaL44KLPC9iPjxicj48YnI+44CQ5ZWG5ZOB6Kqs5piO44CR44CA44OT44O844OB44KS44Oi44OB44O844OV44Gr44GX44Gf44Od44OD44OX44GqQVJST1dTIGVmIEZKTDIxL2F144Kx44O844K544CC44CA44CA44CQ5LuV5qeY44CR44CA57Sg5p2Q77ya44Kx44O844K55pys5L2T77yP44Od44Oq44Kr44O844Oc44ON44O844OI44CA5Yqg5bel77yaVVbnoazljJblnovjgqTjg7Pjgq/jg7vjg4jjg4Pjg5fjgrPjg7zjg4jku5XkuIrjgIDljbDliLfnr4Tlm7LvvJrlubPpnaLjg5fjg6rjg7Pjg4jjgIDvvIjlgbTpnaLjgavjg5fjg6rjg7Pjg4jjga/lhaXjgorjgb7jgZvjgpPvvInjgIDjgIDjgJDlr77lv5zmqZ/nqK7jgJHjgIBBUlJPV1MgZWYgRkpMMjEvYXXlsILnlKjjgIDigLvku5Xmp5jjga/kuojlkYrjgarjgY/lpInmm7TjgZnjgovloLTlkIjjgYzjgZTjgZbjgYTjgb7jgZnjgILjgIDigLvnlLvlg4/jga/lkIjmiJDnlLvlg4/vvIjjgqTjg6Hjg7zjgrjvvInjgavjgarjgorjgb7jgZnjgILjgIDigLvllYblk4HliqDlt6Xjga/jgZnjgbnjgabml6XmnKzlm73lhoXjga7nhp/nt7TjgZfjgZ/ogbfkurrjga7miYvkvZzmpa3jgafooYzjgo/jgozjgb7jgZnjgILjgIDigLvog4zpnaLjgIHlgbTpnaLjgpLjgZfjgaPjgYvjgorkv53orbfjgILjgIDigLvoo4XnnYDjgZfjgZ/jgb7jgb7lhYXpm7vlj6/og73vvIjjgrHjg7zjg5bjg6vjga7jgb/vvInjgIA8Zm9udCBjb2xvcj0iI2ZmMDAwMCI+5Y2T5LiK5Z6L5YWF6Zu75ZmoKOe9ruOBj+OBoOOBkeWFhembu++8ieOBq+OBr+WvvuW/nOOBl+OBpuOBiuOCiuOBvuOBm+OCk+OAgjwvZm9udD7jgIDjgIDjgZTms6jmloflvozjgIHjgbLjgajjgaTjgbLjgajjgaTogbfkurrjgavjgojjgovjg4/jg7Pjg4njg6HjgqTjg4njga7jgZ/jgoHjgIE8Zm9udCBjb2xvcj0iI2ZmMDAwMCI+55m66YCB44G+44Gn44Gr5pyA5aSn44GnMjHml6Xjgbvjgak8L2ZvbnQ+6aCC5oi06Ie044GX44Gm44GK44KK44G+44GZ44CCMuWAi+S7peS4iuOBlOizvOWFpe+8iDMyNDDlhobku6XkuIrvvInjgafjgIHphY3pgIHmlrnms5XjgIzpg7Xkvr/lsYDjgb7jgZ/jga/jg43jgrPjg53jgrnjgI3jgafpgIHmlpnnhKHmlpnjgavjgarjgorjgb7jgZnjgII8Zm9udCBjb2xvcj0iI2ZmMDAwMCI+5Y+X5rOo55Sf55Sj44Gu44Gf44KB44CB44GU5rOo5paH5b6M44Gu5aSJ5pu044CB6L+U5ZOB44CB44Kt44Oj44Oz44K744Or44Gv44GK5Y+X5LuY44Gn44GN44G+44Gb44KT44CCPC9mb250Pjxicj4=,44CQWWVzL05v44CR44OT44O844OBIO+8iOOCr+ODquOCou+8iSAvIGZvciBBUlJPV1MgZWYgRkpMMjEvYXVBUlJPV1MgZWYgRkpMMjEg44Kx44O844K5IOOCq+ODkOODvFtGSkwyMV3jgJDjgqLjg63jg7zjgrogZWYg44Kx44O844K5IGZqbDIxIOOCseODvOOCuS/jgqvjg5Djg7wvQ0FTRS/jgrEmbWludXM744K544CR44CQ44K544Oe44O844OI44OV44Kp44OzIOOCueODnuODm+OCseODvOOCueOAkeOAkFAwNkRlYzE044CR77ya44Kx44O844K/44Kk5bGLMjTjgIDmpb3lpKnluILloLTlupc=,44K544Oe44O844OI44OV44Kp44Oz44Ki44Kv44K744K144Oq44O85pC65biv44K544OI44Op44OD44OX44K544OI44Op44OD44OX44K544Oe44Ob44Kx44O844K544K544Oe44O844OI44OV44Kp44OzIOOCseODvOOCueOCueODnuODm+ODlOOCouOCueOCpOODpOODm+ODs+OCuOODo+ODg+OCryDjgqLjgq/jgrvjgrXjg6rjg7zjgrnjg57jg7zjg4jjg5Xjgqnjg7Pjg5TjgqLjgrnjg43jg4Pjgq/jgrnjg4jjg6njg4Pjg5fjgrnjg6/jg63jg5Xjgrnjgq3jg7wg44OU44Ki44K544K544Ov44Ot44OV44K544Kt44O8IOOCueODiOODqeODg+ODl+OCueODnuODm+OCq+ODkOODvOOCueODnuODvOODiOODleOCqeODsyDjgqvjg5Djg7zjgJBZZXMvTm/jgJHjg5Pjg7zjg4Eg77yI44Kv44Oq44Ki77yJIC8gZm9yIEFSUk9XUyBlZiBGSkwyMS9hdUFSUk9XUyBlZiBGSkwyMSDjgrHjg7zjgrkg44Kr44OQ44O8W0ZKTDIxXeOAkOOCouODreODvOOCuiBlZiDjgrHjg7zjgrkgZmpsMjEg44Kx44O844K5L+OCq+ODkOODvC9DQVNFL+OCsSZtaW51czvjgrnjgJHjgJDjgrnjg57jg7zjg4jjg5Xjgqnjg7Mg44K544Oe44Ob44Kx44O844K544CR44CQUDA2RGVjMTTjgJE=,YXUgQVJST1dTIGVmIEZKTDIxIOOCseODvOOCuS/jgqvjg5Djg7zjgILjgJBZZXMvTm/jgJHjg5Pjg7zjg4Eg77yI44Kv44Oq44Ki77yJIC8gZm9yIEFSUk9XUyBlZiBGSkwyMS9hdUFSUk9XUyBlZiBGSkwyMSDjgrHjg7zjgrkg44Kr44OQ44O8W0ZKTDIxXeOAkOOCouODreODvOOCuiBlZiDjgrHjg7zjgrkgZmpsMjEg44Kx44O844K5L+OCq+ODkOODvC9DQVNFL+OCsSZtaW51czvjgrnjgJHjgJDjgrnjg57jg7zjg4jjg5Xjgqnjg7Mg44K544Oe44Ob44Kx44O844K544CR44CQUDA2RGVjMTTjgJE=[rn]
10-177617,aHR0cDovL3RzaG9wLnIxMHMuanAva2ludHN1L2NhYmluZXQvcGx1cy1zL2RpYXJ5L3BsdXMtZGlhcnktbXVkMDAxOWEyLmpwZz9maXRpbj03MDA6NzAw,MTgzNi44MDAw,,44K544Oe44O844OI44OV44Kp44Oz44O744K/44OW44Os44OD44OIID4g44K544Oe44O844OI44OV44Kp44Oz44Ki44Kv44K744K144Oq44O8ID4g44K544Oe44O844OI44OV44Kp44Oz44Kx44O844K5,QVFVT1MgWkVUQSBTSC0wMUcg5omL5biz5Z6L44Kx44O844K5IHNoMDFnIOaJi+W4s+Wei+OCseODvOOCuSDjgqLjgq/jgqrjgrkg44Kx44O844K5IOaJi+W4s+WeiyDlpI8g5rW3IOODm+ODjCDjgqTjg6vjgqsg44OP44Ov44KkIOODj+OCpOODk+OCueOCq+OCuXNoLTAxZ+OCseODvOOCuSBzaC0wMWfjgqvjg5Djg7wgYXF1b3Mg44Kx44O844K5IOOCq+ODkOODvCDjgYrjgZfjgoPjgowg44GL44KP44GE44GEIOaJi+W4s+Wei+OCueODnuODm+OCseODvOOCuSDjgrnjg57jg5vjgrHjg7zjgrkg44K544Oe44Ob44Kr44OQ44O8,U0gtMDFHIOOCseODvOOCuSDmiYvluLPlnosg44K544Oe44Ob44Kx44O844K5IOaJi+W4s+OCseODvOOCueKYhg==,PGJyPjxiPuKHklBD5ZWG5ZOB44Oa44O844K444Gn6Kmz44GX44GP6KaL44KLPC9iPjxicj48YnI+Cjxmb250IGNvbG9yPSIjZmY2NmNjIj7lpI/jgavjg4/jg6/jgqTjga7mtbfjgILkuoDjga7jg5vjg4zjgIHjgqTjg6vjgqvjgIHjg4/jgqTjg5PjgrnjgqvjgrnjgIHjgrXjg7zjg5XjgqPjg7Mo44K144O844OV44Kh44O8KeOBrjxicj7miYvluLPlnosg44OA44Kk44Ki44Oq44O844Kx44O844K544CC44OQ44Op44Ko44OG44Kj44KC6LGK5a+M4piGPC9mb250Pjxicj4KPGJyPgo8dGFibGUgYm9yZGVyPSIwIiBhbGlnbj0iY2VudGVyIj4KPHRyPgo8dGQ+PGltZyBzcmM9Imh0dHA6Ly9pbWFnZS5yYWt1dGVuLmNvLmpwL2tpbnRzdS9jYWJpbmV0L3BsdXMtcy9kaWFyeS9kX2JsYWNrXzEuanBnIiB3aWR0aD0iMzAwIiBib3JkZXI9IjAiPjwvdGQ+CjwvdHI+Cjx0cj4KPHRkPjxpbWcgc3JjPSJodHRwOi8vaW1hZ2UucmFrdXRlbi5jby5qcC9raW50c3UvY2FiaW5ldC9wbHVzLXMvZGlhcnkvZF9ibGFja18yLmpwZyIgd2lkdGg9IjMwMCIgYm9yZGVyPSIwIj48L3RkPjwvdHI+PHRyPjx0ZD48aW1nIHNyYz0iaHR0cDovL2ltYWdlLnJha3V0ZW4uY28uanAva2ludHN1L2NhYmluZXQvcGx1cy1zL2RpYXJ5L2RfYmxhY2tfMy5qcGciIHdpZHRoPSIzMDAiIGJvcmRlcj0iMCI+PC90ZD4KPC90cj48L3RhYmxlPjxicj48aHI+CuWkj+OBq+ODj+ODr+OCpOOBrua1t+OAguS6gOOBruODm+ODjOOAgeOCpOODq+OCq+OAgeODj+OCpOODk+OCueOCq+OCueOAgeOCteODvOODleOCo+ODsyjjgrXjg7zjg5XjgqHjg7wp44GuIOaJi+W4s+WeiyDjg4DjgqTjgqLjg6rjg7zjgrHjg7zjgrnjgILjg5Djg6njgqjjg4bjgqPjgoLosYrlr4zimIY8YnI+MuWAi+S7peS4iuOBlOizvOWFpe+8iDMyNDDlhobku6XkuIrvvInjgafjgIHphY3pgIHmlrnms5XjgIzpg7Xkvr/lsYDjgb7jgZ/jga/jg43jgrPjg53jgrnjgI3jgafpgIHmlpnnhKHmlpnjgavjgarjgorjgb7jgZnjgILjgYrmlK/miZXmlrnms5Xjga/jgIHku6PlvJXjgY3jgafjgoJPS++8geS7o+W8leOBjeOBruWgtOWQiOOBr+OAjOmDteS+v+WxgOOAjeOBp+mFjemAgeiHtOOBl+OBvuOBmeOAgjxicj48Zm9udCBjb2xvcj0iI2ZmMDAwMCI+5Y+X5rOo55Sf55Sj44Gu44Gf44KB44CB44GU5rOo5paH5b6M44Gu5aSJ5pu044CB6L+U5ZOB44CB44Kt44Oj44Oz44K744Or44Gv44GK5Y+X5LuY44Gn44GN44G+44Gb44KT44CCPC9mb250Pjxicj48YnI+Cue0oOadkO+8muaJi+W4s+OCseODvOOCueacrOS9k++8j+WQiOearuOAgOODj+ODvOODieOCseODvOOCue+8j+ODneODquOCq+ODvOODnOODjeODvOODiCjjg5bjg6njg4Pjgq8pPGJyPgrliqDlt6XvvJpVVuehrOWMluWei+OCpOODs+OCrzxicj7igLvljZPkuIrjg5vjg6vjg4Djg7zjga7lhYXpm7vlmajjgavjga/lr77lv5zjgZfjgabjgYrjgorjgb7jgZvjgpPjgIIo44Kx44O844K544KS6KOF552A44GX44Gf44G+44G+44Kz44ON44Kv44K/44O844Gr55u05o6l5beu44GX6L6844KT44Gn44Gu5YWF6Zu744Gv5Y+v6IO944Gn44GZ4piGKOS4gOmDqOmdnuWvvuW/nOapn+eoruacieOCiikpPGJyPgrigLvlhpnnnJ/jga/jgqTjg6Hjg7zjgrjnlLvlg4/jgavjgarjgorjgb7jgZnjgILmqZ/nqK7jgavjgojjgaPjgabntbXmn4TjgYzliIfjgozjgovjgZPjgajjgYzjgZTjgZbjgYTjgb7jgZnjgIIK4oC75a6f54mp44Gu6Imy44Gr6L+R44Gl44GR44KL44KI44GG44Gr5Yqq44KB44Gm44GE44G+44GZ44GM44CB44GU5Yip55So44Gu44Oi44OL44K/44O844CBUEPjgoTjgrnjg57jg7zjg4jjg5Xjgqnjg7Pjga7nkrDlooPjgavjgojjgormjrLovInlhpnnnJ/jga7oibLjgYzlrp/nianjga7oibLjgajpgZXjgaPjgabopovjgYjjgovloLTlkIjjgYzjgZTjgZbjgYTjgb7jgZnjgIIKPGJyPjxicj4KCgoK4piGIOOBneOBruS7luOAgeaJi+W4s+Wei+OCseODvOOCueS4gOimp+OBr+OBk+OBoeOCiTxicj48YnI+PGJyPgo8Zm9udCBjb2xvcj0iIzMzMDA5OSI+5aSP44Gr44OP44Ov44Kk44Gu5rW344CC5LqA44Gu44Ob44OM44CB44Kk44Or44Kr44CB44OP44Kk44OT44K544Kr44K544CB44K144O844OV44Kj44OzKOOCteODvOODleOCoeODvCnjga4g6YG444G544KL5YWoOeOCv+OCpOODlzwvZm9udD48YnI+PGJyPjxmb250IGNvbG9yPSIjRkYwMDAwIj48Yj7igLvjg4fjgrbjgqTjg7Pjg7vjgqvjg6njg7zjga7opovmnKzjga/jg5rjg7zjgrjjga7kuIDnlarkuIrjgavjgYLjgovllYblk4HnlLvlg4/jga7vvJLmnprnm67ku6XpmY3jgpLjgZTopqfjgY/jgaDjgZXjgYTjgII8L2I+PC9mb250Pgo8YnI+PGJyPjxiPjxmb250IGNvbG9yPSIjZmYwMDAwIj7igLvpg6jmnZDjga7oqqTlt67jgavjgojjgovlk4HliIfjgozjgYznmbrnlJ/jgZfjgZ/loLTlkIjjga/jgIHlhaXojbfmrKHnrKzjga7oo73kvZzjg7vnmbrpgIHjgajjgarjgovloLTlkIjjgYzjgZTjgZbjgYTjgb7jgZnjgII8YnI+CuOBneOBrumam+OBr+OAgeOBlOazqOaWh+W+jOWIpemAlOODoeODvOODq+OBq+OBpuOBlOmAo+e1oeOBleOBm+OBpumgguOBjeOBvuOBmeOAgjxicj7jgb7jgZ/jgIHmiYvluLPjgavjgrnjgr/jg7Pjg4nmqZ/og70o5oqY44KK55uu77yJ44GM44Gk44GE44Gm44GE44KL5aC05ZCI44GM44GU44GW44GE44G+44GZ44CCPGJyPgrkuojjgoHjgIHjgZTkuobmib/poZjjgYTjgZfjgb7jgZnjgII8L2ZvbnQ+PC9iPjxicj48YnI+,QVFVT1MgWkVUQSBTSC0wMUcg5omL5biz5Z6L44Kx44O844K5IHNoMDFnIOaJi+W4s+Wei+OCseODvOOCuSDjgqLjgq/jgqrjgrkg44Kx44O844K5IOaJi+W4s+WeiyDlpI8g5rW3IOODm+ODjCDjgqTjg6vjgqsg44OP44Ov44KkIOODj+OCpOODk+OCueOCq+OCuXNoLTAxZ+OCseODvOOCuSBzaC0wMWfjgqvjg5Djg7wgYXF1b3Mg44Kx44O844K5IOOCq+ODkOODvCDjgYrjgZfjgoPjgowg44GL44KP44GE44GEIOaJi+W4s+Wei+OCueODnuODm+OCseODvOOCuSDjgrnjg57jg5vjgrHjg7zjgrkg44K544Oe44Ob44Kr44OQ44O877ya44Kx44O844K/44Kk5bGLMjTjgIDmpb3lpKnluILloLTlupc=,44K544Oe44O844OI44OV44Kp44Oz44Ki44Kv44K744K144Oq44O85pC65biv44K544OI44Op44OD44OX44K544OI44Op44OD44OX44K544Oe44Ob44Kx44O844K544K544Oe44O844OI44OV44Kp44OzIOOCseODvOOCueOCueODnuODm+ODlOOCouOCueOCpOODpOODm+ODs+OCuOODo+ODg+OCryDjgqLjgq/jgrvjgrXjg6rjg7zjgrnjg57jg7zjg4jjg5Xjgqnjg7Pjg5TjgqLjgrnjg43jg4Pjgq/jgrnjg4jjg6njg4Pjg5fjgrnjg6/jg63jg5Xjgrnjgq3jg7wg44OU44Ki44K544K544Ov44Ot44OV44K544Kt44O8IOOCueODiOODqeODg+ODl+OCueODnuODm+OCq+ODkOODvOOCueODnuODvOODiOODleOCqeODsyDjgqvjg5Djg7xBUVVPUyBaRVRBIFNILTAxRyDmiYvluLPlnovjgrHjg7zjgrkgc2gwMWcg5omL5biz5Z6L44Kx44O844K5IOOCouOCr+OCquOCuSDjgrHjg7zjgrkg5omL5biz5Z6LIOWkjyDmtbcg44Ob44OMIOOCpOODq+OCqyDjg4/jg6/jgqQg44OP44Kk44OT44K544Kr44K5c2gtMDFn44Kx44O844K5IHNoLTAxZ+OCq+ODkOODvCBhcXVvcyDjgrHjg7zjgrkg44Kr44OQ44O8IOOBiuOBl+OCg+OCjCDjgYvjgo/jgYTjgYQg5omL5biz5Z6L44K544Oe44Ob44Kx44O844K5IOOCueODnuODm+OCseODvOOCuSDjgrnjg57jg5vjgqvjg5Djg7w=,U0gtMDFHIOOCseODvOOCuSDmiYvluLPlnosg44K544Oe44Ob44Kx44O844K5IOaJi+W4s+OCseODvOOCueKYhuOAgkFRVU9TIFpFVEEgU0gtMDFHIOaJi+W4s+Wei+OCseODvOOCuSBzaDAxZyDmiYvluLPlnovjgrHjg7zjgrkg44Ki44Kv44Kq44K5IOOCseODvOOCuSDmiYvluLPlnosg5aSPIOa1tyDjg5vjg4wg44Kk44Or44KrIOODj+ODr+OCpCDjg4/jgqTjg5PjgrnjgqvjgrlzaC0wMWfjgrHjg7zjgrkgc2gtMDFn44Kr44OQ44O8IGFxdW9zIOOCseODvOOCuSDjgqvjg5Djg7wg44GK44GX44KD44KMIOOBi+OCj+OBhOOBhCDmiYvluLPlnovjgrnjg57jg5vjgrHjg7zjgrkg44K544Oe44Ob44Kx44O844K5IOOCueODnuODm+OCq+ODkOODvA==[rn]
10-177618,aHR0cDovL3RzaG9wLnIxMHMuanAva2ludHN1L2NhYmluZXQveWVzLW5vL2FmamwyMS9hZmpsMjEtcGNjbC0yMDEtbjEwMi5qcGc/Zml0aW49NzAwOjcwMA==,MzA0MC4wMDAw,,44K544Oe44O844OI44OV44Kp44Oz44O744K/44OW44Os44OD44OIID4g44K544Oe44O844OI44OV44Kp44Oz44Ki44Kv44K744K144Oq44O8ID4g44K544Oe44O844OI44OV44Kp44Oz44Kx44O844K5,44CQWWVzL05v44CR44Ov44Oz44OA44O844Oi44Oz44K544K/44O8IOOCsOODquODvOODsyDvvIjjgq/jg6rjgqLvvIkgLyBmb3IgQVJST1dTIGVmIEZKTDIxL2F1QVJST1dTIGVmIEZKTDIxIOOCseODvOOCuSDjgqvjg5Djg7xbRkpMMjFd44CQ44Ki44Ot44O844K6IGVmIOOCseODvOOCuSBmamwyMSDjgrHjg7zjgrkv44Kr44OQ44O8L0NBU0Uv44Kx77yN44K544CR44CQ44K544Oe44O844OI44OV44Kp44OzIOOCueODnuODm+OCseODvOOCueOAkeOAkFAwNkRlYzE044CR,YXUgQVJST1dTIGVmIEZKTDIxIOOCseODvOOCuS/jgqvjg5Djg7w=,PGJyPjxiPuKHklBD5ZWG5ZOB44Oa44O844K444Gn6Kmz44GX44GP6KaL44KLPC9iPjxicj48YnI+44CQ5ZWG5ZOB6Kqs5piO44CR44CA44Kr44Ov44Kk44Kk6aGU44Gn6ama44GP44Oi44Oz44K544K/44O8QVJST1dTIGVmIEZKTDIxL2F144Kx44O844K544CC44CA44CA44CQ5LuV5qeY44CR44CA57Sg5p2Q77ya44Kx44O844K55pys5L2T77yP44Od44Oq44Kr44O844Oc44ON44O844OI44CA5Yqg5bel77yaVVbnoazljJblnovjgqTjg7Pjgq/jg7vjg4jjg4Pjg5fjgrPjg7zjg4jku5XkuIrjgIDljbDliLfnr4Tlm7LvvJrlubPpnaLjg5fjg6rjg7Pjg4jjgIDvvIjlgbTpnaLjgavjg5fjg6rjg7Pjg4jjga/lhaXjgorjgb7jgZvjgpPvvInjgIDjgIDjgJDlr77lv5zmqZ/nqK7jgJHjgIBBUlJPV1MgZWYgRkpMMjEvYXXlsILnlKjjgIDigLvku5Xmp5jjga/kuojlkYrjgarjgY/lpInmm7TjgZnjgovloLTlkIjjgYzjgZTjgZbjgYTjgb7jgZnjgILjgIDigLvnlLvlg4/jga/lkIjmiJDnlLvlg4/vvIjjgqTjg6Hjg7zjgrjvvInjgavjgarjgorjgb7jgZnjgILjgIDigLvllYblk4HliqDlt6Xjga/jgZnjgbnjgabml6XmnKzlm73lhoXjga7nhp/nt7TjgZfjgZ/ogbfkurrjga7miYvkvZzmpa3jgafooYzjgo/jgozjgb7jgZnjgILjgIDigLvog4zpnaLjgIHlgbTpnaLjgpLjgZfjgaPjgYvjgorkv53orbfjgILjgIDigLvoo4XnnYDjgZfjgZ/jgb7jgb7lhYXpm7vlj6/og73vvIjjgrHjg7zjg5bjg6vjga7jgb/vvInjgIA8Zm9udCBjb2xvcj0iI2ZmMDAwMCI+5Y2T5LiK5Z6L5YWF6Zu75ZmoKOe9ruOBj+OBoOOBkeWFhembu++8ieOBq+OBr+WvvuW/nOOBl+OBpuOBiuOCiuOBvuOBm+OCk+OAgjwvZm9udD7jgIDjgIDjgZTms6jmloflvozjgIHjgbLjgajjgaTjgbLjgajjgaTogbfkurrjgavjgojjgovjg4/jg7Pjg4njg6HjgqTjg4njga7jgZ/jgoHjgIE8Zm9udCBjb2xvcj0iI2ZmMDAwMCI+55m66YCB44G+44Gn44Gr5pyA5aSn44GnMjHml6Xjgbvjgak8L2ZvbnQ+6aCC5oi06Ie044GX44Gm44GK44KK44G+44GZ44CCMuWAi+S7peS4iuOBlOizvOWFpe+8iDMyNDDlhobku6XkuIrvvInjgafjgIHphY3pgIHmlrnms5XjgIzpg7Xkvr/lsYDjgb7jgZ/jga/jg43jgrPjg53jgrnjgI3jgafpgIHmlpnnhKHmlpnjgavjgarjgorjgb7jgZnjgII8Zm9udCBjb2xvcj0iI2ZmMDAwMCI+5Y+X5rOo55Sf55Sj44Gu44Gf44KB44CB44GU5rOo5paH5b6M44Gu5aSJ5pu044CB6L+U5ZOB44CB44Kt44Oj44Oz44K744Or44Gv44GK5Y+X5LuY44Gn44GN44G+44Gb44KT44CCPC9mb250Pjxicj4=,44CQWWVzL05v44CR44Ov44Oz44OA44O844Oi44Oz44K544K/44O8IOOCsOODquODvOODsyDvvIjjgq/jg6rjgqLvvIkgLyBmb3IgQVJST1dTIGVmIEZKTDIxL2F1QVJST1dTIGVmIEZKTDIxIOOCseODvOOCuSDjgqvjg5Djg7xbRkpMMjFd44CQ44Ki44Ot44O844K6IGVmIOOCseODvOOCuSBmamwyMSDjgrHjg7zjgrkv44Kr44OQ44O8L0NBU0Uv44KxJm1pbnVzO+OCueOAkeOAkOOCueODnuODvOODiOODleOCqeODsyDjgrnjg57jg5vjgrHjg7zjgrnjgJHjgJBQMDZEZWMxNOOAke+8muOCseODvOOCv+OCpOWxizI044CA5qW95aSp5biC5aC05bqX,44K544Oe44O844OI44OV44Kp44Oz44Ki44Kv44K744K144Oq44O85pC65biv44K544OI44Op44OD44OX44K544OI44Op44OD44OX44K544Oe44Ob44Kx44O844K544K544Oe44O844OI44OV44Kp44OzIOOCseODvOOCueOCueODnuODm+ODlOOCouOCueOCpOODpOODm+ODs+OCuOODo+ODg+OCryDjgqLjgq/jgrvjgrXjg6rjg7zjgrnjg57jg7zjg4jjg5Xjgqnjg7Pjg5TjgqLjgrnjg43jg4Pjgq/jgrnjg4jjg6njg4Pjg5fjgrnjg6/jg63jg5Xjgrnjgq3jg7wg44OU44Ki44K544K544Ov44Ot44OV44K544Kt44O8IOOCueODiOODqeODg+ODl+OCueODnuODm+OCq+ODkOODvOOCueODnuODvOODiOODleOCqeODsyDjgqvjg5Djg7zjgJBZZXMvTm/jgJHjg6/jg7Pjg4Djg7zjg6Ljg7Pjgrnjgr/jg7wg44Kw44Oq44O844OzIO+8iOOCr+ODquOCou+8iSAvIGZvciBBUlJPV1MgZWYgRkpMMjEvYXVBUlJPV1MgZWYgRkpMMjEg44Kx44O844K5IOOCq+ODkOODvFtGSkwyMV3jgJDjgqLjg63jg7zjgrogZWYg44Kx44O844K5IGZqbDIxIOOCseODvOOCuS/jgqvjg5Djg7wvQ0FTRS/jgrEmbWludXM744K544CR44CQ44K544Oe44O844OI44OV44Kp44OzIOOCueODnuODm+OCseODvOOCueOAkeOAkFAwNkRlYzE044CR,YXUgQVJST1dTIGVmIEZKTDIxIOOCseODvOOCuS/jgqvjg5Djg7zjgILjgJBZZXMvTm/jgJHjg6/jg7Pjg4Djg7zjg6Ljg7Pjgrnjgr/jg7wg44Kw44Oq44O844OzIO+8iOOCr+ODquOCou+8iSAvIGZvciBBUlJPV1MgZWYgRkpMMjEvYXVBUlJPV1MgZWYgRkpMMjEg44Kx44O844K5IOOCq+ODkOODvFtGSkwyMV3jgJDjgqLjg63jg7zjgrogZWYg44Kx44O844K5IGZqbDIxIOOCseODvOOCuS/jgqvjg5Djg7wvQ0FTRS/jgrEmbWludXM744K544CR44CQ44K544Oe44O844OI44OV44Kp44OzIOOCueODnuODm+OCseODvOOCueOAkeOAkFAwNkRlYzE044CR[rn]
10-177619,aHR0cDovL3RzaG9wLnIxMHMuanAva2ludHN1L2NhYmluZXQvcGx1cy1zL20vc2gtMDFnL3BzLXNoMDFnLTAxMDZhLmpwZz9maXRpbj03MDA6NzAw,MTYwMC4wMDAw,,44K544Oe44O844OI44OV44Kp44Oz44O744K/44OW44Os44OD44OIID4g44K544Oe44O844OI44OV44Kp44Oz44Ki44Kv44K744K144Oq44O8ID4g44K544Oe44O844OI44OV44Kp44Oz44Kx44O844K5,ZG9jb21vIEFRVU9TIFpFVEEgU0gtMDFHIOOCseODvOOCuSDjgqvjg5Djg7wg44K544Kr44Or44OP44OD44OIIOOCqOODrOOCrOODs+ODiCBmb3IgQVFVT1MgWkVUQSBTSC0wMUcg44Kx44O844K5IOOCq+ODkOODvFt6ZXRhIHNoLTAxZ13jgJDjgqLjgq/jgqrjgrnjg5Xjgqnjg7Mg44Kr44OQ44O8IHNoMDFnIOODqeOCsOOCuCDjg6njg5bjg6og44OP44O844OJIOODpuODi+ODvOOCryBDQVNFL+OCse+8jeOCueOAkeOAkOOCueODnuODm+OCq+ODkOODvCDjgrnjg57jg5vjgrHjg7zjgrnjgJE=,MuWAi+S7peS4iuOBp+mAgeaWmeeEoeaWme+8gUFRVU9TIFpFVEEgU0gtMDFHIOOCseODvOOCuS/jgqvjg5Djg7w=,PGJyPjxiPuKHklBD5ZWG5ZOB44Oa44O844K444Gn6Kmz44GX44GP6KaL44KLPC9iPjxicj48YnI+6Iq46KGT55qE44Gq44Ki44O844OI44Gr44CB44Kr44OD44Kz44GE44GE44Kq44K344Oj44Os44Gq44K544Kr44Or44GuU0gtMDFH44Kv44Oq44KiIOOCseODvOOCueOAgjxicj4gMuWAi+S7peS4iuOBlOizvOWFpe+8iDMyNDDlhobku6XkuIrvvInjgafjgIHphY3pgIHmlrnms5XjgIzpg7Xkvr/lsYDjgb7jgZ/jga/jg43jgrPjg53jgrnjgI3jgafpgIHmlpnnhKHmlpnjgavjgarjgorjgb7jgZnjgILjgYrmlK/miZXmlrnms5Xjga/jgIHku6PlvJXjgY3jgafjgoJPS++8geS7o+W8leOBjeOBruWgtOWQiOOBr+OAjOmDteS+v+WxgOOAjeOBp+mFjemAgeiHtOOBl+OBvuOBmeOAgjxicj48Zm9udCBjb2xvcj0iI2ZmMDAwMCI+5Y+X5rOo55Sf55Sj44Gu44Gf44KB44CB44GU5rOo5paH5b6M44Gu5aSJ5pu044CB6L+U5ZOB44CB44Kt44Oj44Oz44K744Or44Gv44GK5Y+X5LuY44Gn44GN44G+44Gb44KT44CCPC9mb250Pjxicj48YnI+IOKAu+e0oOadkO+8muOCr+ODquOCouOCseODvOOCueacrOS9k++8j+ODneODquOCq+ODvOODnOODjeODvOODiOWKoOW3pSjjgq/jg6rjgqLjgrHjg7zjgrkp77yaVVbnoazljJblnovjgqTjg7Pjgq/vvIjlgbTpnaLjgavjg5fjg6rjg7Pjg4jjga/lhaXjgorjgb7jgZvjgpPvvIk8YnI+4oC75Y2T5LiK44Ob44Or44OA44O844Gu5YWF6Zu75Zmo44Gr44Gv5a++5b+c44GX44Gm44GK44KK44G+44Gb44KT44CCKOOCseODvOOCueOCkuijheedgOOBl+OBn+OBvuOBvuOCs+ODjeOCr+OCv+ODvOOBq+ebtOaOpeW3ruOBl+i+vOOCk+OBp+OBruWFhembu+OBr+WPr+iDveOBp+OBmeKYhik8YnI+PGJyPiDimIYg44Gd44Gu5LuW44CBU0gtMDFH5LiA6Kan44Gv44GT44Gh44KJPGJyPjxicj48YnI+PHRhYmxlPgo8dHI+Cjx0ZCBhbGlnbj0iY2VudGVyIj48Zm9udCBzaXplPSIzIj7ilrzilrzilrzjgrHjg7zjgrnoo4XnnYDjgqTjg6Hjg7zjgrjkvovjga/ilrzilrzilrw8YnI+Jmd0OyZndDsmZ3Q7Jmd0O+KYhuOBk+OBoeOCieKYhiZsdDsmbHQ7Jmx0OyZsdDs8L2ZvbnQ+PGJyPjxicj48aW1nIHNyYz0iaHR0cDovL2ltYWdlLnJha3V0ZW4uY28uanAva2ludHN1L2NhYmluZXQvcGx1cy1zL2t5b3V0c3UvZnVsbHRleDAyLmpwZyIgd2lkdGg9IjMwMCIgYm9yZGVyPSIwIiBhbHQ9IiIgLz48YnIgLz4KPGJyPgo8YnI+Cjxmb250IHNpemU9IjMiPuOCueOCq+ODq+ODj+ODg+ODiCDjgqjjg6zjgqzjg7Pjg4g8YnI+PC9mb250PjxiciAvPgogPGltZyBzcmM9Imh0dHA6Ly9pbWFnZS5yYWt1dGVuLmNvLmpwL2tpbnRzdS9jYWJpbmV0L3BsdXMtcy9tL3NoLTAxZy9wcy1zaDAxZy0wMTA2YS5qcGciICB3aWR0aD0iMzAwIiBib3JkZXI9IjAiIGFsdD0iIiAvPjxicj48YnI+Cjxmb250PuiKuOihk+eahOOBquOCouODvOODiOOBq+OAgeOCq+ODg+OCs+OBhOOBhOOCquOCt+ODo+ODrOOBquOCueOCq+ODq+OBrlNILTAxR+OCr+ODquOCoiDjgrHjg7zjgrnjgII8L2ZvbnQ+PGJyIC8+PGJyIC8+Cjxmb250IHNpemU9IjIiPuOBiuWlveOBv+OBruODh+OCtuOCpOODs+OCkuODleODq+OBq+alveOBl+OCgeOCi+OCseODvOOCueWFqOmdouODl+ODquODs+ODiOS7leanmO+8geWBtOmdouOCr+ODquOCouOBquOBruOBp+OAgeS4i+WcsOOBruacrOS9k+OCq+ODqeODvOOCkua0u+OBi+OBl+OBvuOBmeKZquaXpeacrOijveOCieOBl+OBhOe+juOBl+OBhOmuruOChOOBi+OBquODh+OCtuOCpOODs+OBjOalveOBl+OCgeOCi+W9k+W6l+iHquaFouOBruOCquODquOCuOODiuODq+ODl+ODquODs+ODiOOCseODvOOCueOBp+OBmeKZqjxiciAvPm1hZGUgaW4gamFwYW48L2ZvbnQ+PGJyIC8+PGJyIC8+CjxpbWcgc3JjPSJodHRwOi8vaW1hZ2UucmFrdXRlbi5jby5qcC9raW50c3UvY2FiaW5ldC9wbHVzLXMva3lvdXRzdS9maWxtX3ByZTYuanBnIiB3aWR0aD0iMzAwIiBib3JkZXI9IjAiIGFsdD0iIiAvPjwvdGQ+CjwvdHI+Cjx0cj4KPHRkIGFsaWduPSJyaWdodCI+PGJyIC8+PGI+PGZvbnQgc2l6ZT0iMyI+Jmd0OyZndDvku5bjgIFTSC0wMUfkuIDopqfjga/jgZPjgaHjgok8L2ZvbnQ+PC9iPjxiciAvPjxiciAvPgo8L3RkPgo8L3RyPgo8L3RhYmxlPg==,ZG9jb21vIEFRVU9TIFpFVEEgU0gtMDFHIOOCseODvOOCuSDjgqvjg5Djg7wg44K544Kr44Or44OP44OD44OIIOOCqOODrOOCrOODs+ODiCBmb3IgQVFVT1MgWkVUQSBTSC0wMUcg44Kx44O844K5IOOCq+ODkOODvFt6ZXRhIHNoLTAxZ13jgJDjgqLjgq/jgqrjgrnjg5Xjgqnjg7Mg44Kr44OQ44O8IHNoMDFnIOODqeOCsOOCuCDjg6njg5bjg6og44OP44O844OJIOODpuODi+ODvOOCryBDQVNFL+OCsSZtaW51czvjgrnjgJHjgJDjgrnjg57jg5vjgqvjg5Djg7wg44K544Oe44Ob44Kx44O844K544CR77ya44Kx44O844K/44Kk5bGLMjTjgIDmpb3lpKnluILloLTlupc=,44K544Oe44O844OI44OV44Kp44Oz44Ki44Kv44K744K144Oq44O85pC65biv44K544OI44Op44OD44OX44K544OI44Op44OD44OX44K544Oe44Ob44Kx44O844K544K544Oe44O844OI44OV44Kp44OzIOOCseODvOOCueOCueODnuODm+ODlOOCouOCueOCpOODpOODm+ODs+OCuOODo+ODg+OCryDjgqLjgq/jgrvjgrXjg6rjg7zjgrnjg57jg7zjg4jjg5Xjgqnjg7Pjg5TjgqLjgrnjg43jg4Pjgq/jgrnjg4jjg6njg4Pjg5fjgrnjg6/jg63jg5Xjgrnjgq3jg7wg44OU44Ki44K544K544Ov44Ot44OV44K544Kt44O8IOOCueODiOODqeODg+ODl+OCueODnuODm+OCq+ODkOODvOOCueODnuODvOODiOODleOCqeODsyDjgqvjg5Djg7xkb2NvbW8gQVFVT1MgWkVUQSBTSC0wMUcg44Kx44O844K5IOOCq+ODkOODvCDjgrnjgqvjg6vjg4/jg4Pjg4gg44Ko44Os44Ks44Oz44OIIGZvciBBUVVPUyBaRVRBIFNILTAxRyDjgrHjg7zjgrkg44Kr44OQ44O8W3pldGEgc2gtMDFnXeOAkOOCouOCr+OCquOCueODleOCqeODsyDjgqvjg5Djg7wgc2gwMWcg44Op44Kw44K4IOODqeODluODqiDjg4/jg7zjg4kg44Om44OL44O844KvIENBU0Uv44KxJm1pbnVzO+OCueOAkeOAkOOCueODnuODm+OCq+ODkOODvCDjgrnjg57jg5vjgrHjg7zjgrnjgJE=,MuWAi+S7peS4iuOBp+mAgeaWmeeEoeaWme+8gUFRVU9TIFpFVEEgU0gtMDFHIOOCseODvOOCuS/jgqvjg5Djg7zjgIJkb2NvbW8gQVFVT1MgWkVUQSBTSC0wMUcg44Kx44O844K5IOOCq+ODkOODvCDjgrnjgqvjg6vjg4/jg4Pjg4gg44Ko44Os44Ks44Oz44OIIGZvciBBUVVPUyBaRVRBIFNILTAxRyDjgrHjg7zjgrkg44Kr44OQ44O8W3pldGEgc2gtMDFnXeOAkOOCouOCr+OCquOCueODleOCqeODsyDjgqvjg5Djg7wgc2gwMWcg44Op44Kw44K4IOODqeODluODqiDjg4/jg7zjg4kg44Om44OL44O844KvIENBU0Uv44KxJm1pbnVzO+OCueOAkeOAkOOCueODnuODm+OCq+ODkOODvCDjgrnjg57jg5vjgrHjg7zjgrnjgJE=[rn]
10-177620,aHR0cDovL3RzaG9wLnIxMHMuanAva2ludHN1L2NhYmluZXQvc2Vjb25kX3NraW4vZmpsMjEtYS9hZmpsMjEtcGNjbC0yMDEteTM0Ni5qcGc/Zml0aW49NzAwOjcwMA==,MzA0MC4wMDAw,,44K544Oe44O844OI44OV44Kp44Oz44O744K/44OW44Os44OD44OIID4g44K544Oe44O844OI44OV44Kp44Oz44Ki44Kv44K744K144Oq44O8ID4g44K544Oe44O844OI44OV44Kp44Oz44Kx44O844K5,44CQ44K544Oe44Ob44Kx44O844K5IOOCueODnuODm+OCq+ODkOODvOOAkeOCu+OCq+ODs+ODieOCueOCreODs+OCueODl+ODrOODvCDvvIjjgq/jg6rjgqLvvIkgLyBmb3IgQVJST1dTIGVmIEZKTDIxL2F144CQ44Ki44Ot44O844K6IOOCseODvOOCuS/jgqvjg5Djg7wvQ0FTRS/jgrHvvI3jgrnjgJHjgJDjgrnjg57jg7zjg4jjg5Xjgqnjg7Mg44Kx44O844K5IOOCq+ODkOODvOOAkeOAkOaXpeacrOijvSBTRUNPTkQgU0tJTuOAkSAvIGZqbDIxIOOCseODvOOCuSDjgqvjg5Djg7zjgJBQMDZEZWMxNOOAkQ==,YXUgQVJST1dTIGVmIEZKTDIxIOOCseODvOOCuSDjgqvjg5Djg7w=,PGJyPjxiPuKHklBD5ZWG5ZOB44Oa44O844K444Gn6Kmz44GX44GP6KaL44KLPC9iPjxicj48YnI+44CQ5ZWG5ZOB6Kqs5piO44CR44CA44Kw44Op44OV44Kj44OG44Kj44Gn44GK6aa05p+T44G/44Gu44CB44GC44Gu44K544OX44Os44O857y244Gu44OR44Ot44OH44Kj44GM6YCa44GqQVJST1dTIGVmIEZKTDIxL2F144Kx44O844K544CC44CA44CA44CQ5LuV5qeY44CR44CA57Sg5p2Q77ya44Kx44O844K55pys5L2T77yP44Od44Oq44Kr44O844Oc44ON44O844OI44CA5Yqg5bel77yaVVbnoazljJblnovjgqTjg7Pjgq/jg7vjg4jjg4Pjg5fjgrPjg7zjg4jku5XkuIrjgIDljbDliLfnr4Tlm7LvvJrlubPpnaLjg5fjg6rjg7Pjg4jjgIDvvIjlgbTpnaLjgavjg5fjg6rjg7Pjg4jjga/lhaXjgorjgb7jgZvjgpPvvInjgIDjgIDjgJDlr77lv5zmqZ/nqK7jgJHjgIBBUlJPV1MgZWYgRkpMMjEvYXXlsILnlKjjgIDigLvku5Xmp5jjga/kuojlkYrjgarjgY/lpInmm7TjgZnjgovloLTlkIjjgYzjgZTjgZbjgYTjgb7jgZnjgILjgIDigLvnlLvlg4/jga/lkIjmiJDnlLvlg4/vvIjjgqTjg6Hjg7zjgrjvvInjgavjgarjgorjgb7jgZnjgILjgIDigLvllYblk4HliqDlt6Xjga/jgZnjgbnjgabml6XmnKzlm73lhoXjga7nhp/nt7TjgZfjgZ/ogbfkurrjga7miYvkvZzmpa3jgafooYzjgo/jgozjgb7jgZnjgILjgIDigLvog4zpnaLjgIHlgbTpnaLjgpLjgZfjgaPjgYvjgorkv53orbfjgILjgIDigLvoo4XnnYDjgZfjgZ/jgb7jgb7lhYXpm7vlj6/og73vvIjjgrHjg7zjg5bjg6vjga7jgb/vvInjgIA8Zm9udCBjb2xvcj0iI2ZmMDAwMCI+5Y2T5LiK5Z6L5YWF6Zu75ZmoKOe9ruOBj+OBoOOBkeWFhembuynjgavjga/lr77lv5zjgZfjgabjgYrjgorjgb7jgZvjgpPjgII8L2ZvbnQ+44CAPGZvbnQgY29sb3I9IiNmZjAwMDAiPuOAkOeZuumAgeaZguacn+OBq+OBpOOBhOOBpuOAkeOAgDwvZm9udD48Zm9udCBjb2xvcj0iIzAwMDAwMCI+4oC744Gy44Go44Gk44Gy44Go44Gk6IG35Lq644Gr44KI44KL44OP44Oz44OJ44Oh44Kk44OJ44Gu44Gf44KBPC9mb250Pjxmb250IGNvbG9yPSIjZmYwMDAwIj7jgIHjgZTnmbrpgIHjgb7jgafjgavmnIDlpKfjgafvvJPpgLHplpPjgbvjganpoILmiLToh7TjgZfjgabjgYrjgorjgb7jgZnjgII8L2ZvbnQ+PGZvbnQgY29sb3I9IiMwMDAwMDAiPuS6iOOCgeOBlOS6huaJv+OBj+OBoOOBleOBhOOAgjwvZm9udD48Zm9udCBjb2xvcj0iI2ZmMDAwMCI+44CQ44GU5rOo5oSP5LqL6aCF44CR4oC7IOWPl+azqOeUn+eUo+OBruOBn+OCgeOAgeOBlOazqOaWh+W+jOOBruWkieabtOOAgei/lOWTgeOAgeOCreODo+ODs+OCu+ODq+OBr+OBiuWPl+S7mOOBp+OBjeOBvuOBm+OCk+OAgjwvZm9udD4=,44CQ44K544Oe44Ob44Kx44O844K5IOOCueODnuODm+OCq+ODkOODvOOAkeOCu+OCq+ODs+ODieOCueOCreODs+OCueODl+ODrOODvCDvvIjjgq/jg6rjgqLvvIkgLyBmb3IgQVJST1dTIGVmIEZKTDIxL2F144CQ44Ki44Ot44O844K6IOOCseODvOOCuS/jgqvjg5Djg7wvQ0FTRS/jgrEmbWludXM744K544CR44CQ44K544Oe44O844OI44OV44Kp44OzIOOCseODvOOCuSDjgqvjg5Djg7zjgJHjgJDml6XmnKzoo70gU0VDT05EIFNLSU7jgJEgLyBmamwyMSDjgrHjg7zjgrkg44Kr44OQ44O844CQUDA2RGVjMTTjgJHvvJrjgrHjg7zjgr/jgqTlsYsyNOOAgOalveWkqeW4guWgtOW6lw==,44K544Oe44O844OI44OV44Kp44Oz44Ki44Kv44K744K144Oq44O85pC65biv44K544OI44Op44OD44OX44K544OI44Op44OD44OX44K544Oe44Ob44Kx44O844K544K544Oe44O844OI44OV44Kp44OzIOOCseODvOOCueOCueODnuODm+ODlOOCouOCueOCpOODpOODm+ODs+OCuOODo+ODg+OCryDjgqLjgq/jgrvjgrXjg6rjg7zjgrnjg57jg7zjg4jjg5Xjgqnjg7Pjg5TjgqLjgrnjg43jg4Pjgq/jgrnjg4jjg6njg4Pjg5fjgrnjg6/jg63jg5Xjgrnjgq3jg7wg44OU44Ki44K544K544Ov44Ot44OV44K544Kt44O8IOOCueODiOODqeODg+ODl+OCueODnuODm+OCq+ODkOODvOOCueODnuODvOODiOODleOCqeODsyDjgqvjg5Djg7zjgJDjgrnjg57jg5vjgrHjg7zjgrkg44K544Oe44Ob44Kr44OQ44O844CR44K744Kr44Oz44OJ44K544Kt44Oz44K544OX44Os44O8IO+8iOOCr+ODquOCou+8iSAvIGZvciBBUlJPV1MgZWYgRkpMMjEvYXXjgJDjgqLjg63jg7zjgrog44Kx44O844K5L+OCq+ODkOODvC9DQVNFL+OCsSZtaW51czvjgrnjgJHjgJDjgrnjg57jg7zjg4jjg5Xjgqnjg7Mg44Kx44O844K5IOOCq+ODkOODvOOAkeOAkOaXpeacrOijvSBTRUNPTkQgU0tJTuOAkSAvIGZqbDIxIOOCseODvOOCuSDjgqvjg5Djg7zjgJBQMDZEZWMxNOOAkQ==,YXUgQVJST1dTIGVmIEZKTDIxIOOCseODvOOCuSDjgqvjg5Djg7zjgILjgJDjgrnjg57jg5vjgrHjg7zjgrkg44K544Oe44Ob44Kr44OQ44O844CR44K744Kr44Oz44OJ44K544Kt44Oz44K544OX44Os44O8IO+8iOOCr+ODquOCou+8iSAvIGZvciBBUlJPV1MgZWYgRkpMMjEvYXXjgJDjgqLjg63jg7zjgrog44Kx44O844K5L+OCq+ODkOODvC9DQVNFL+OCsSZtaW51czvjgrnjgJHjgJDjgrnjg57jg7zjg4jjg5Xjgqnjg7Mg44Kx44O844K5IOOCq+ODkOODvOOAkeOAkOaXpeacrOijvSBTRUNPTkQgU0tJTuOAkSAvIGZqbDIxIOOCseODvOOCuSDjgqvjg5Djg7zjgJBQMDZEZWMxNOOAkQ==[rn]
10-177621,aHR0cDovL3RzaG9wLnIxMHMuanAva2ludHN1L2NhYmluZXQvcGx1cy1zL2RpYXJ5L3BsdXMtZGlhcnktMDAxN2EyLmpwZz9maXRpbj03MDA6NzAw,MTgzNi44MDAw,,44K544Oe44O844OI44OV44Kp44Oz44O744K/44OW44Os44OD44OIID4g44K544Oe44O844OI44OV44Kp44Oz44Ki44Kv44K744K144Oq44O8ID4g44K544Oe44O844OI44OV44Kp44Oz44Kx44O844K5,QVFVT1MgWkVUQSBTSC0wMUcg5omL5biz5Z6L44Kx44O844K5IHNoMDFnIOaJi+W4s+Wei+OCseODvOOCuSDjgqLjgq/jgqrjgrkg44Kx44O844K5IOaJi+W4s+WeiyDjg4Hjgqfjg4Pjgqvjg7zjg5Xjg6njg4PjgrAgc2gtMDFn44Kx44O844K5IHNoLTAxZ+OCq+ODkOODvCBhcXVvcyDjgrHjg7zjgrkg44Kr44OQ44O8IOOBiuOBl+OCg+OCjCDjgYvjgo/jgYTjgYQg5omL5biz5Z6L44K544Oe44Ob44Kx44O844K5IOOCueODnuODm+OCseODvOOCuSDjgrnjg57jg5vjgqvjg5Djg7w=,U0gtMDFHIOOCseODvOOCuSDmiYvluLPlnosg44K544Oe44Ob44Kx44O844K5IOaJi+W4s+OCseODvOOCueKYhg==,PGJyPjxiPuKHklBD5ZWG5ZOB44Oa44O844K444Gn6Kmz44GX44GP6KaL44KLPC9iPjxicj48YnI+Cjxmb250IGNvbG9yPSIjZmY2NmNjIj7jgqrjgrfjg6Pjg6zjgarjg4Hjgqfjg4Pjgqvjg7zjg5Xjg6njg4PjgrDmn4TjgpLjg5fjg6rjg7Pjg4jjgZfjgZ/imao8YnI+5omL5biz5Z6LIOODgOOCpOOCouODquODvOOCseODvOOCueOAguODkOODqeOCqOODhuOCo+OCguixiuWvjOKYhjwvZm9udD48YnI+Cjxicj4KPHRhYmxlIGJvcmRlcj0iMCIgYWxpZ249ImNlbnRlciI+Cjx0cj4KPHRkPjxpbWcgc3JjPSJodHRwOi8vaW1hZ2UucmFrdXRlbi5jby5qcC9raW50c3UvY2FiaW5ldC9wbHVzLXMvZGlhcnkvZF9ibGFja18xLmpwZyIgd2lkdGg9IjMwMCIgYm9yZGVyPSIwIj48L3RkPgo8L3RyPgo8dHI+Cjx0ZD48aW1nIHNyYz0iaHR0cDovL2ltYWdlLnJha3V0ZW4uY28uanAva2ludHN1L2NhYmluZXQvcGx1cy1zL2RpYXJ5L2RfYmxhY2tfMi5qcGciIHdpZHRoPSIzMDAiIGJvcmRlcj0iMCI+PC90ZD48L3RyPjx0cj48dGQ+PGltZyBzcmM9Imh0dHA6Ly9pbWFnZS5yYWt1dGVuLmNvLmpwL2tpbnRzdS9jYWJpbmV0L3BsdXMtcy9kaWFyeS9kX2JsYWNrXzMuanBnIiB3aWR0aD0iMzAwIiBib3JkZXI9IjAiPjwvdGQ+CjwvdHI+PC90YWJsZT48YnI+PGhyPgrjgqrjgrfjg6Pjg6zjgarjg4Hjgqfjg4Pjgqvjg7zjg5Xjg6njg4PjgrDmn4TjgpLjg5fjg6rjg7Pjg4jjgZfjgZ/imarmiYvluLPlnosg44OA44Kk44Ki44Oq44O844Kx44O844K544CC44OQ44Op44Ko44OG44Kj44KC6LGK5a+M4piGPGJyPjLlgIvku6XkuIrjgZTos7zlhaXvvIgzMjQw5YaG5Lul5LiK77yJ44Gn44CB6YWN6YCB5pa55rOV44CM6YO15L6/5bGA44G+44Gf44Gv44ON44Kz44Od44K544CN44Gn6YCB5paZ54Sh5paZ44Gr44Gq44KK44G+44GZ44CC44GK5pSv5omV5pa55rOV44Gv44CB5Luj5byV44GN44Gn44KCT0vvvIHku6PlvJXjgY3jga7loLTlkIjjga/jgIzpg7Xkvr/lsYDjgI3jgafphY3pgIHoh7TjgZfjgb7jgZnjgII8YnI+PGZvbnQgY29sb3I9IiNmZjAwMDAiPuWPl+azqOeUn+eUo+OBruOBn+OCgeOAgeOBlOazqOaWh+W+jOOBruWkieabtOOAgei/lOWTgeOAgeOCreODo+ODs+OCu+ODq+OBr+OBiuWPl+S7mOOBp+OBjeOBvuOBm+OCk+OAgjwvZm9udD48YnI+PGJyPgrntKDmnZDvvJrmiYvluLPjgrHjg7zjgrnmnKzkvZPvvI/lkIjnmq7jgIDjg4/jg7zjg4njgrHjg7zjgrnvvI/jg53jg6rjgqvjg7zjg5zjg43jg7zjg4go44OW44Op44OD44KvKTxicj4K5Yqg5bel77yaVVbnoazljJblnovjgqTjg7Pjgq88YnI+CuKAu+WNk+S4iuODm+ODq+ODgOODvOOBruWFhembu+WZqOOBq+OBr+WvvuW/nOOBl+OBpuOBiuOCiuOBvuOBm+OCk+OAgijjgrHjg7zjgrnjgpLoo4XnnYDjgZfjgZ/jgb7jgb7jgrPjg43jgq/jgr/jg7zjgavnm7TmjqXlt67jgZfovrzjgpPjgafjga7lhYXpm7vjga/lj6/og73jgafjgZnimIYo5LiA6YOo6Z2e5a++5b+c5qmf56iu5pyJ44KKKSk8YnI+CuKAu+WGmeecn+OBr+OCpOODoeODvOOCuOeUu+WDj+OBq+OBquOCiuOBvuOBmeOAguapn+eoruOBq+OCiOOBo+OBpue1teafhOOBjOWIh+OCjOOCi+OBk+OBqOOBjOOBlOOBluOBhOOBvuOBmeOAgjxicj4K4oC75a6f54mp44Gu6Imy44Gr6L+R44Gl44GR44KL44KI44GG44Gr5Yqq44KB44Gm44GE44G+44GZ44GM44CB44GU5Yip55So44Gu44Oi44OL44K/44O844CBUEPjgoTjgrnjg57jg7zjg4jjg5Xjgqnjg7Pjga7nkrDlooPjgavjgojjgormjrLovInlhpnnnJ/jga7oibLjgYzlrp/nianjga7oibLjgajpgZXjgaPjgabopovjgYjjgovloLTlkIjjgYzjgZTjgZbjgYTjgb7jgZnjgIIKPGJyPjxicj4KCgoK4piGIOOBneOBruS7luOAgeaJi+W4s+Wei+OCseODvOOCueS4gOimp+OBr+OBk+OBoeOCiTxicj48YnI+PGJyPgo8Zm9udCBjb2xvcj0iIzMzMDA5OSI+44Kq44K344Oj44Os44Gq5omL5biz5Z6L44Kx44O844K5PGJyPgrjg4Hjgqfjg4Pjgqvjg7zjg5Xjg6njg4PjgrDmn4Qg6YG444G544KL5YWoMTPjgr/jgqTjg5c8L2ZvbnQ+PGJyPjxicj48Zm9udCBjb2xvcj0iI0ZGMDAwMCI+PGI+4oC744OH44K244Kk44Oz44O744Kr44Op44O844Gu6KaL5pys44Gv44Oa44O844K444Gu5LiA55Wq5LiK44Gr44GC44KL5ZWG5ZOB55S75YOP44Gu77yS5p6a55uu5Lul6ZmN44KS44GU6Kan44GP44Gg44GV44GE44CCPC9iPjwvZm9udD4KPGJyPjxicj48Yj48Zm9udCBjb2xvcj0iI2ZmMDAwMCI+4oC76YOo5p2Q44Gu6Kqk5beu44Gr44KI44KL5ZOB5YiH44KM44GM55m655Sf44GX44Gf5aC05ZCI44Gv44CB5YWl6I235qyh56ys44Gu6KO95L2c44O755m66YCB44Go44Gq44KL5aC05ZCI44GM44GU44GW44GE44G+44GZ44CCPGJyPgrjgZ3jga7pmpvjga/jgIHjgZTms6jmloflvozliKXpgJTjg6Hjg7zjg6vjgavjgabjgZTpgKPntaHjgZXjgZvjgabpoILjgY3jgb7jgZnjgII8YnI+44G+44Gf44CB5omL5biz44Gr44K544K/44Oz44OJ5qmf6IO9KOaKmOOCiuebru+8ieOBjOOBpOOBhOOBpuOBhOOCi+WgtOWQiOOBjOOBlOOBluOBhOOBvuOBmeOAgjxicj4K5LqI44KB44CB44GU5LqG5om/6aGY44GE44GX44G+44GZ44CCPC9mb250PjwvYj48YnI+PGJyPg==,QVFVT1MgWkVUQSBTSC0wMUcg5omL5biz5Z6L44Kx44O844K5IHNoMDFnIOaJi+W4s+Wei+OCseODvOOCuSDjgqLjgq/jgqrjgrkg44Kx44O844K5IOaJi+W4s+WeiyDjg4Hjgqfjg4Pjgqvjg7zjg5Xjg6njg4PjgrAgc2gtMDFn44Kx44O844K5IHNoLTAxZ+OCq+ODkOODvCBhcXVvcyDjgrHjg7zjgrkg44Kr44OQ44O8IOOBiuOBl+OCg+OCjCDjgYvjgo/jgYTjgYQg5omL5biz5Z6L44K544Oe44Ob44Kx44O844K5IOOCueODnuODm+OCseODvOOCuSDjgrnjg57jg5vjgqvjg5Djg7zvvJrjgrHjg7zjgr/jgqTlsYsyNOOAgOalveWkqeW4guWgtOW6lw==,44K544Oe44O844OI44OV44Kp44Oz44Ki44Kv44K744K144Oq44O85pC65biv44K544OI44Op44OD44OX44K544OI44Op44OD44OX44K544Oe44Ob44Kx44O844K544K544Oe44O844OI44OV44Kp44OzIOOCseODvOOCueOCueODnuODm+ODlOOCouOCueOCpOODpOODm+ODs+OCuOODo+ODg+OCryDjgqLjgq/jgrvjgrXjg6rjg7zjgrnjg57jg7zjg4jjg5Xjgqnjg7Pjg5TjgqLjgrnjg43jg4Pjgq/jgrnjg4jjg6njg4Pjg5fjgrnjg6/jg63jg5Xjgrnjgq3jg7wg44OU44Ki44K544K544Ov44Ot44OV44K544Kt44O8IOOCueODiOODqeODg+ODl+OCueODnuODm+OCq+ODkOODvOOCueODnuODvOODiOODleOCqeODsyDjgqvjg5Djg7xBUVVPUyBaRVRBIFNILTAxRyDmiYvluLPlnovjgrHjg7zjgrkgc2gwMWcg5omL5biz5Z6L44Kx44O844K5IOOCouOCr+OCquOCuSDjgrHjg7zjgrkg5omL5biz5Z6LIOODgeOCp+ODg+OCq+ODvOODleODqeODg+OCsCBzaC0wMWfjgrHjg7zjgrkgc2gtMDFn44Kr44OQ44O8IGFxdW9zIOOCseODvOOCuSDjgqvjg5Djg7wg44GK44GX44KD44KMIOOBi+OCj+OBhOOBhCDmiYvluLPlnovjgrnjg57jg5vjgrHjg7zjgrkg44K544Oe44Ob44Kx44O844K5IOOCueODnuODm+OCq+ODkOODvA==,U0gtMDFHIOOCseODvOOCuSDmiYvluLPlnosg44K544Oe44Ob44Kx44O844K5IOaJi+W4s+OCseODvOOCueKYhuOAgkFRVU9TIFpFVEEgU0gtMDFHIOaJi+W4s+Wei+OCseODvOOCuSBzaDAxZyDmiYvluLPlnovjgrHjg7zjgrkg44Ki44Kv44Kq44K5IOOCseODvOOCuSDmiYvluLPlnosg44OB44Kn44OD44Kr44O844OV44Op44OD44KwIHNoLTAxZ+OCseODvOOCuSBzaC0wMWfjgqvjg5Djg7wgYXF1b3Mg44Kx44O844K5IOOCq+ODkOODvCDjgYrjgZfjgoPjgowg44GL44KP44GE44GEIOaJi+W4s+Wei+OCueODnuODm+OCseODvOOCuSDjgrnjg57jg5vjgrHjg7zjgrkg44K544Oe44Ob44Kr44OQ44O8[rn]
10-177622,aHR0cDovL3RzaG9wLnIxMHMuanAva2ludHN1L2NhYmluZXQvcGx1cy1zL2RpYXJ5L3BsdXMtZGlhcnktdG1kMDAxM2EyLmpwZz9maXRpbj03MDA6NzAw,MjIwNy4yMDAw,,44K544Oe44O844OI44OV44Kp44Oz44O744K/44OW44Os44OD44OIID4g44K544Oe44O844OI44OV44Kp44Oz44Ki44Kv44K744K144Oq44O8ID4g44K544Oe44O844OI44OV44Kp44Oz44Kx44O844K5,SFRMMjMg5omL5biz5Z6L44Kx44O844K5IOODh+OCs+ODkeODvOODhCDjg5Xjg6njg6/jg7wg5YuV54mpIOOCq+ODkOODvA==,SFRMMjMg44Kx44O844K5IOaJi+W4s+WeiyDjgrnjg57jg5vjgrHjg7zjgrkg5omL5biz44Kx44O844K54piG,PGJyPjxiPuKHklBD5ZWG5ZOB44Oa44O844K444Gn6Kmz44GX44GP6KaL44KLPC9iPjxicj48YnI+Cjxmb250IGNvbG9yPSIjZmY2NmNjIj7jgqLjg7Pjg4bjgqPjg7zjgq/oqr/jga7jgYroirHku5jjgY3jgILjgrfjgqvjg7vjgq3jg4Tjg43jg7vjg5Xjgq/jg63jgqbjg7vjg6rjgrnjg7vjgrfjg63jgq/jg57jg7vjg4/jg6rjg43jgrrjg5/jg7vjg43jgrPjg7vjgqbjgrXjgq7jg7vjg5Xjgqfjg43jg4Pjgq/jga4gPGJyPuaJi+W4s+WeiyDjg4DjgqTjgqLjg6rjg7zjgrHjg7zjgrnjgILjg5Djg6njgqjjg4bjgqPjgoLosYrlr4zimIY8L2ZvbnQ+PGJyPgo8YnI+Cjx0YWJsZSBib3JkZXI9IjAiIGFsaWduPSJjZW50ZXIiPgo8dHI+Cjx0ZD48aW1nIHNyYz0iaHR0cDovL2ltYWdlLnJha3V0ZW4uY28uanAva2ludHN1L2NhYmluZXQvcGx1cy1zL2RpYXJ5L3BsdXMtZGlhcnktdG1kMDAxM2EyLmpwZyIgd2lkdGg9IjEwMCUiIGJvcmRlcj0iMCI+PC90ZD4KPC90cj4KPHRyPgo8dGQ+PGltZyBzcmM9Imh0dHA6Ly93d3cucmFrdXRlbi5uZS5qcC9nb2xkL2tpbnRzdS9zX2l0ZW0vcGx1cy1kaWFyeS9wbHVzLXNtYS1iYXNlMi5qcGciIHdpZHRoPSIxMDAlIiBib3JkZXI9IjAiPjxicj4KICAgIDxicj4KICAgIDxicj4KICAgIDwvdGQ+PC90cj48dHI+PHRkPjxpbWcgc3JjPSJodHRwOi8vd3d3LnJha3V0ZW4ubmUuanAvZ29sZC9raW50c3Uvc19pdGVtL3BsdXMtZGlhcnkvcGx1cy1zbWEtdG1kMDAxM2EuanBnIiB3aWR0aD0iMTAwJSIgYm9yZGVyPSIwIj48L3RkPgo8L3RyPjwvdGFibGU+PGJyPjxocj4K44Ki44Oz44OG44Kj44O844Kv6Kq/44Gu44GK6Iqx5LuY44GN44CC44K344Kr44O744Kt44OE44ON44O744OV44Kv44Ot44Km44O744Oq44K544O744K344Ot44Kv44Oe44O744OP44Oq44ON44K644Of44O744ON44Kz44O744Km44K144Ku44O744OV44Kn44ON44OD44Kv44GuIOaJi+W4s+WeiyDjg4DjgqTjgqLjg6rjg7zjgrHjg7zjgrnjgILjg5Djg6njgqjjg4bjgqPjgoLosYrlr4zimIY8YnI+MuWAi+S7peS4iuOBlOizvOWFpe+8iDMyNDDlhobku6XkuIrvvInjgafjgIHphY3pgIHmlrnms5XjgIzpg7Xkvr/lsYDjgb7jgZ/jga/jg43jgrPjg53jgrnjgI3jgafpgIHmlpnnhKHmlpnjgavjgarjgorjgb7jgZnjgILjgYrmlK/miZXmlrnms5Xjga/jgIHku6PlvJXjgY3jgafjgoJPS++8geS7o+W8leOBjeOBruWgtOWQiOOBr+OAjOmDteS+v+WxgOOAjeOBp+mFjemAgeiHtOOBl+OBvuOBmeOAgjxicj48Zm9udCBjb2xvcj0iI2ZmMDAwMCI+5Y+X5rOo55Sf55Sj44Gu44Gf44KB44CB44GU5rOo5paH5b6M44Gu5aSJ5pu044CB6L+U5ZOB44CB44Kt44Oj44Oz44K744Or44Gv44GK5Y+X5LuY44Gn44GN44G+44Gb44KT44CCPC9mb250Pjxicj48YnI+Cue0oOadkO+8muaJi+W4s+OCseODvOOCueacrOS9k++8j+WQiOearuOAgOODj+ODvOODieOCseODvOOCue+8j+ODneODquOCq+ODvOODnOODjeODvOODiCjjg5bjg6njg4Pjgq8pPGJyPgrliqDlt6XvvJpVVuehrOWMluWei+OCpOODs+OCrzxicj7igLvljZPkuIrjg5vjg6vjg4Djg7zjga7lhYXpm7vlmajjgavjga/lr77lv5zjgZfjgabjgYrjgorjgb7jgZvjgpPjgIIo44Kx44O844K544KS6KOF552A44GX44Gf44G+44G+44Kz44ON44Kv44K/44O844Gr55u05o6l5beu44GX6L6844KT44Gn44Gu5YWF6Zu744Gv5Y+v6IO944Gn44GZ4piGKOS4gOmDqOmdnuWvvuW/nOapn+eoruacieOCiikpPGJyPgrigLvlhpnnnJ/jga/jgqTjg6Hjg7zjgrjnlLvlg4/jgavjgarjgorjgb7jgZnjgILntbXmn4TjgYzliIfjgozjgovjgZPjgajjgYzjgZTjgZbjgYTjgb7jgZnjgIIK4oC75a6f54mp44Gu6Imy44Gr6L+R44Gl44GR44KL44KI44GG44Gr5Yqq44KB44Gm44GE44G+44GZ44GM44CB44GU5Yip55So44Gu44Oi44OL44K/44O844CBUEPjgoTjgrnjg57jg7zjg4jjg5Xjgqnjg7Pjga7nkrDlooPjgavjgojjgormjrLovInlhpnnnJ/jga7oibLjgYzlrp/nianjga7oibLjgajpgZXjgaPjgabopovjgYjjgovloLTlkIjjgYzjgZTjgZbjgYTjgb7jgZnjgIIKPGJyPjxicj4KCuKYhiDjgZ3jga7ku5bjgIHmiYvluLPlnovjgrHjg7zjgrnkuIDopqfjga/jgZPjgaHjgok8YnI+PGJyPjxicj4KPGZvbnQgY29sb3I9IiMzMzAwOTkiPuOCquOCt+ODo+ODrOOBquaJi+W4s+Wei+OCseODvOOCuTxicj4K44Ki44Oz44OG44Kj44O844Kv6Kq/44Gu44GK6Iqx5LuY44GN44CC44K344Kr44O744Kt44OE44ON44O744OV44Kv44Ot44Km44O744Oq44K544O744K344Ot44Kv44Oe44O744OP44Oq44ON44K644Of44O744ON44Kz44O744Km44K144Ku44O744OV44Kn44ON44OD44Kv44GuIOmBuOOBueOCi+WFqDnjgr/jgqTjg5c8L2ZvbnQ+PGJyPjxicj48Zm9udCBjb2xvcj0iI0ZGMDAwMCI+PGI+4oC744OH44K244Kk44Oz44O744Kr44Op44O844Gu6KaL5pys44Gv44Oa44O844K444Gu5LiA55Wq5LiK44Gr44GC44KL5ZWG5ZOB55S75YOP44Gu77yS5p6a55uu5Lul6ZmN44KS44GU6Kan44GP44Gg44GV44GE44CCPC9iPjwvZm9udD4KPGJyPjxicj48Yj48Zm9udCBjb2xvcj0iI2ZmMDAwMCI+4oC76YOo5p2Q44Gu6Kqk5beu44Gr44KI44KL5ZOB5YiH44KM44GM55m655Sf44GX44Gf5aC05ZCI44Gv44CB5YWl6I235qyh56ys44Gu6KO95L2c44O755m66YCB44Go44Gq44KL5aC05ZCI44GM44GU44GW44GE44G+44GZ44CCPGJyPuOBneOBrumam+OBr+OAgeOBlOazqOaWh+W+jOWIpemAlOODoeODvOODq+OBq+OBpuOBlOmAo+e1oeOBleOBm+OBpumgguOBjeOBvuOBmeOAgjxicj7jgb7jgZ/jgIHmiYvluLPjgavjgrnjgr/jg7Pjg4nmqZ/og70o5oqY44KK55uu77yJ44GM44Gk44GE44Gm44GE44KL5aC05ZCI44GM44GU44GW44GE44G+44GZ44CCPGJyPuS6iOOCgeOAgeOBlOS6huaJv+mhmOOBhOOBl+OBvuOBmeOAgjwvZm9udD48L2I+PGJyPjxicj4=,SFRMMjMg5omL5biz5Z6L44Kx44O844K5IOODh+OCs+ODkeODvOODhCDjg5Xjg6njg6/jg7wg5YuV54mpIOOCq+ODkOODvO+8muOCseODvOOCv+OCpOWxizI044CA5qW95aSp5biC5aC05bqX,44K544Oe44O844OI44OV44Kp44Oz44Ki44Kv44K744K144Oq44O85pC65biv44K544OI44Op44OD44OX44K544OI44Op44OD44OX44K544Oe44Ob44Kx44O844K544K544Oe44O844OI44OV44Kp44OzIOOCseODvOOCueOCueODnuODm+ODlOOCouOCueOCpOODpOODm+ODs+OCuOODo+ODg+OCryDjgqLjgq/jgrvjgrXjg6rjg7zjgrnjg57jg7zjg4jjg5Xjgqnjg7Pjg5TjgqLjgrnjg43jg4Pjgq/jgrnjg4jjg6njg4Pjg5fjgrnjg6/jg63jg5Xjgrnjgq3jg7wg44OU44Ki44K544K544Ov44Ot44OV44K544Kt44O8IOOCueODiOODqeODg+ODl+OCueODnuODm+OCq+ODkOODvOOCueODnuODvOODiOODleOCqeODsyDjgqvjg5Djg7xIVEwyMyDmiYvluLPlnovjgrHjg7zjgrkg44OH44Kz44OR44O844OEIOODleODqeODr+ODvCDli5Xniakg44Kr44OQ44O8,SFRMMjMg44Kx44O844K5IOaJi+W4s+WeiyDjgrnjg57jg5vjgrHjg7zjgrkg5omL5biz44Kx44O844K54piG44CCSFRMMjMg5omL5biz5Z6L44Kx44O844K5IOODh+OCs+ODkeODvOODhCDjg5Xjg6njg6/jg7wg5YuV54mpIOOCq+ODkOODvA==[rn]
10-177623,aHR0cDovL3RzaG9wLnIxMHMuanAva2ludHN1L2NhYmluZXQveWVzLW5vL2FmamwyMS9hZmpsMjEtcGNjbC0yMDEtbjEwOC5qcGc/Zml0aW49NzAwOjcwMA==,MzA0MC4wMDAw,,44K544Oe44O844OI44OV44Kp44Oz44O744K/44OW44Os44OD44OIID4g44K544Oe44O844OI44OV44Kp44Oz44Ki44Kv44K744K144Oq44O8ID4g44K544Oe44O844OI44OV44Kp44Oz44Kx44O844K5,44CQWWVzL05v44CR44Ov44Oz44OA44O844Oi44Oz44K544K/44O8IOODlOODs+OCryDvvIjjgq/jg6rjgqLvvIkgLyBmb3IgQVJST1dTIGVmIEZKTDIxL2F1QVJST1dTIGVmIEZKTDIxIOOCseODvOOCuSDjgqvjg5Djg7xbRkpMMjFd44CQ44Ki44Ot44O844K6IGVmIOOCseODvOOCuSBmamwyMSDjgrHjg7zjgrkv44Kr44OQ44O8L0NBU0Uv44Kx77yN44K544CR44CQ44K544Oe44O844OI44OV44Kp44OzIOOCueODnuODm+OCseODvOOCueOAkeOAkFAwNkRlYzE044CR,YXUgQVJST1dTIGVmIEZKTDIxIOOCseODvOOCuS/jgqvjg5Djg7w=,PGJyPjxiPuKHklBD5ZWG5ZOB44Oa44O844K444Gn6Kmz44GX44GP6KaL44KLPC9iPjxicj48YnI+44CQ5ZWG5ZOB6Kqs5piO44CR44CA44Kr44Ov44Kk44Kk6aGU44Gn6ama44GP44Oi44Oz44K544K/44O8QVJST1dTIGVmIEZKTDIxL2F144Kx44O844K544CC44CA44CA44CQ5LuV5qeY44CR44CA57Sg5p2Q77ya44Kx44O844K55pys5L2T77yP44Od44Oq44Kr44O844Oc44ON44O844OI44CA5Yqg5bel77yaVVbnoazljJblnovjgqTjg7Pjgq/jg7vjg4jjg4Pjg5fjgrPjg7zjg4jku5XkuIrjgIDljbDliLfnr4Tlm7LvvJrlubPpnaLjg5fjg6rjg7Pjg4jjgIDvvIjlgbTpnaLjgavjg5fjg6rjg7Pjg4jjga/lhaXjgorjgb7jgZvjgpPvvInjgIDjgIDjgJDlr77lv5zmqZ/nqK7jgJHjgIBBUlJPV1MgZWYgRkpMMjEvYXXlsILnlKjjgIDigLvku5Xmp5jjga/kuojlkYrjgarjgY/lpInmm7TjgZnjgovloLTlkIjjgYzjgZTjgZbjgYTjgb7jgZnjgILjgIDigLvnlLvlg4/jga/lkIjmiJDnlLvlg4/vvIjjgqTjg6Hjg7zjgrjvvInjgavjgarjgorjgb7jgZnjgILjgIDigLvllYblk4HliqDlt6Xjga/jgZnjgbnjgabml6XmnKzlm73lhoXjga7nhp/nt7TjgZfjgZ/ogbfkurrjga7miYvkvZzmpa3jgafooYzjgo/jgozjgb7jgZnjgILjgIDigLvog4zpnaLjgIHlgbTpnaLjgpLjgZfjgaPjgYvjgorkv53orbfjgILjgIDigLvoo4XnnYDjgZfjgZ/jgb7jgb7lhYXpm7vlj6/og73vvIjjgrHjg7zjg5bjg6vjga7jgb/vvInjgIA8Zm9udCBjb2xvcj0iI2ZmMDAwMCI+5Y2T5LiK5Z6L5YWF6Zu75ZmoKOe9ruOBj+OBoOOBkeWFhembu++8ieOBq+OBr+WvvuW/nOOBl+OBpuOBiuOCiuOBvuOBm+OCk+OAgjwvZm9udD7jgIDjgIDjgZTms6jmloflvozjgIHjgbLjgajjgaTjgbLjgajjgaTogbfkurrjgavjgojjgovjg4/jg7Pjg4njg6HjgqTjg4njga7jgZ/jgoHjgIE8Zm9udCBjb2xvcj0iI2ZmMDAwMCI+55m66YCB44G+44Gn44Gr5pyA5aSn44GnMjHml6Xjgbvjgak8L2ZvbnQ+6aCC5oi06Ie044GX44Gm44GK44KK44G+44GZ44CCMuWAi+S7peS4iuOBlOizvOWFpe+8iDMyNDDlhobku6XkuIrvvInjgafjgIHphY3pgIHmlrnms5XjgIzpg7Xkvr/lsYDjgb7jgZ/jga/jg43jgrPjg53jgrnjgI3jgafpgIHmlpnnhKHmlpnjgavjgarjgorjgb7jgZnjgII8Zm9udCBjb2xvcj0iI2ZmMDAwMCI+5Y+X5rOo55Sf55Sj44Gu44Gf44KB44CB44GU5rOo5paH5b6M44Gu5aSJ5pu044CB6L+U5ZOB44CB44Kt44Oj44Oz44K744Or44Gv44GK5Y+X5LuY44Gn44GN44G+44Gb44KT44CCPC9mb250Pjxicj4=,44CQWWVzL05v44CR44Ov44Oz44OA44O844Oi44Oz44K544K/44O8IOODlOODs+OCryDvvIjjgq/jg6rjgqLvvIkgLyBmb3IgQVJST1dTIGVmIEZKTDIxL2F1QVJST1dTIGVmIEZKTDIxIOOCseODvOOCuSDjgqvjg5Djg7xbRkpMMjFd44CQ44Ki44Ot44O844K6IGVmIOOCseODvOOCuSBmamwyMSDjgrHjg7zjgrkv44Kr44OQ44O8L0NBU0Uv44KxJm1pbnVzO+OCueOAkeOAkOOCueODnuODvOODiOODleOCqeODsyDjgrnjg57jg5vjgrHjg7zjgrnjgJHjgJBQMDZEZWMxNOOAke+8muOCseODvOOCv+OCpOWxizI044CA5qW95aSp5biC5aC05bqX,44K544Oe44O844OI44OV44Kp44Oz44Ki44Kv44K744K144Oq44O85pC65biv44K544OI44Op44OD44OX44K544OI44Op44OD44OX44K544Oe44Ob44Kx44O844K544K544Oe44O844OI44OV44Kp44OzIOOCseODvOOCueOCueODnuODm+ODlOOCouOCueOCpOODpOODm+ODs+OCuOODo+ODg+OCryDjgqLjgq/jgrvjgrXjg6rjg7zjgrnjg57jg7zjg4jjg5Xjgqnjg7Pjg5TjgqLjgrnjg43jg4Pjgq/jgrnjg4jjg6njg4Pjg5fjgrnjg6/jg63jg5Xjgrnjgq3jg7wg44OU44Ki44K544K544Ov44Ot44OV44K544Kt44O8IOOCueODiOODqeODg+ODl+OCueODnuODm+OCq+ODkOODvOOCueODnuODvOODiOODleOCqeODsyDjgqvjg5Djg7zjgJBZZXMvTm/jgJHjg6/jg7Pjg4Djg7zjg6Ljg7Pjgrnjgr/jg7wg44OU44Oz44KvIO+8iOOCr+ODquOCou+8iSAvIGZvciBBUlJPV1MgZWYgRkpMMjEvYXVBUlJPV1MgZWYgRkpMMjEg44Kx44O844K5IOOCq+ODkOODvFtGSkwyMV3jgJDjgqLjg63jg7zjgrogZWYg44Kx44O844K5IGZqbDIxIOOCseODvOOCuS/jgqvjg5Djg7wvQ0FTRS/jgrEmbWludXM744K544CR44CQ44K544Oe44O844OI44OV44Kp44OzIOOCueODnuODm+OCseODvOOCueOAkeOAkFAwNkRlYzE044CR,YXUgQVJST1dTIGVmIEZKTDIxIOOCseODvOOCuS/jgqvjg5Djg7zjgILjgJBZZXMvTm/jgJHjg6/jg7Pjg4Djg7zjg6Ljg7Pjgrnjgr/jg7wg44OU44Oz44KvIO+8iOOCr+ODquOCou+8iSAvIGZvciBBUlJPV1MgZWYgRkpMMjEvYXVBUlJPV1MgZWYgRkpMMjEg44Kx44O844K5IOOCq+ODkOODvFtGSkwyMV3jgJDjgqLjg63jg7zjgrogZWYg44Kx44O844K5IGZqbDIxIOOCseODvOOCuS/jgqvjg5Djg7wvQ0FTRS/jgrEmbWludXM744K544CR44CQ44K544Oe44O844OI44OV44Kp44OzIOOCueODnuODm+OCseODvOOCueOAkeOAkFAwNkRlYzE044CR[rn]
10-177624,aHR0cDovL3RzaG9wLnIxMHMuanAva2ludHN1L2NhYmluZXQvcGx1cy1zL2RpYXJ5L3BsdXMtZGlhcnktaWNkMDAwNGEyLmpwZz9maXRpbj03MDA6NzAw,MTgzNi44MDAw,,44K544Oe44O844OI44OV44Kp44Oz44O744K/44OW44Os44OD44OIID4g44K544Oe44O844OI44OV44Kp44Oz44Ki44Kv44K744K144Oq44O8ID4g44K544Oe44O844OI44OV44Kp44Oz44Kx44O844K5,QVFVT1MgWkVUQSBTSC0wMUcg5omL5biz5Z6L44Kx44O844K5IHNoMDFnIOaJi+W4s+Wei+OCseODvOOCuSDjgqLjgq/jgqrjgrkg44Kx44O844K5IOaJi+W4s+WeiyDnjKsg44Gt44GTIOODgeOCp+ODg+OCr+afhCBzaC0wMWfjgrHjg7zjgrkgc2gtMDFn44Kr44OQ44O8IGFxdW9zIOOCseODvOOCuSDjgqvjg5Djg7wg44GK44GX44KD44KMIOOBi+OCj+OBhOOBhCDmiYvluLPlnovjgrnjg57jg5vjgrHjg7zjgrkg44K544Oe44Ob44Kx44O844K5IOOCueODnuODm+OCq+ODkOODvA==,U0gtMDFHIOOCseODvOOCuSDmiYvluLPlnosg44K544Oe44Ob44Kx44O844K5IOaJi+W4s+OCseODvOOCueKYhg==,PGJyPjxiPuKHklBD5ZWG5ZOB44Oa44O844K444Gn6Kmz44GX44GP6KaL44KLPC9iPjxicj48YnI+Cjxmb250IGNvbG9yPSIjZmY2NmNjIj7lj6/mhJvjgYTpu5LnjKvjgajjg4Hjgqfjg4Pjgq/mn4QgPGJyPuaJi+W4s+WeiyDjg4DjgqTjgqLjg6rjg7zjgrHjg7zjgrnjgILjg5Djg6njgqjjg4bjgqPjgoLosYrlr4zimIY8L2ZvbnQ+PGJyPgo8YnI+Cjx0YWJsZSBib3JkZXI9IjAiIGFsaWduPSJjZW50ZXIiPgo8dHI+Cjx0ZD48aW1nIHNyYz0iaHR0cDovL2ltYWdlLnJha3V0ZW4uY28uanAva2ludHN1L2NhYmluZXQvcGx1cy1zL2RpYXJ5L2RfYmxhY2tfMS5qcGciIHdpZHRoPSIzMDAiIGJvcmRlcj0iMCI+PC90ZD4KPC90cj4KPHRyPgo8dGQ+PGltZyBzcmM9Imh0dHA6Ly9pbWFnZS5yYWt1dGVuLmNvLmpwL2tpbnRzdS9jYWJpbmV0L3BsdXMtcy9kaWFyeS9kX2JsYWNrXzIuanBnIiB3aWR0aD0iMzAwIiBib3JkZXI9IjAiPjwvdGQ+PC90cj48dHI+PHRkPjxpbWcgc3JjPSJodHRwOi8vaW1hZ2UucmFrdXRlbi5jby5qcC9raW50c3UvY2FiaW5ldC9wbHVzLXMvZGlhcnkvZF9ibGFja18zLmpwZyIgd2lkdGg9IjMwMCIgYm9yZGVyPSIwIj48L3RkPgo8L3RyPjwvdGFibGU+PGJyPjxocj4K5Y+v5oSb44GE6buS54yr44Go44OB44Kn44OD44Kv5p+EIOaJi+W4s+WeiyDjg4DjgqTjgqLjg6rjg7zjgrHjg7zjgrnjgILjg5Djg6njgqjjg4bjgqPjgoLosYrlr4zimIY8YnI+MuWAi+S7peS4iuOBlOizvOWFpe+8iDMyNDDlhobku6XkuIrvvInjgafjgIHphY3pgIHmlrnms5XjgIzpg7Xkvr/lsYDjgb7jgZ/jga/jg43jgrPjg53jgrnjgI3jgafpgIHmlpnnhKHmlpnjgavjgarjgorjgb7jgZnjgILjgYrmlK/miZXmlrnms5Xjga/jgIHku6PlvJXjgY3jgafjgoJPS++8geS7o+W8leOBjeOBruWgtOWQiOOBr+OAjOmDteS+v+WxgOOAjeOBp+mFjemAgeiHtOOBl+OBvuOBmeOAgjxicj48Zm9udCBjb2xvcj0iI2ZmMDAwMCI+5Y+X5rOo55Sf55Sj44Gu44Gf44KB44CB44GU5rOo5paH5b6M44Gu5aSJ5pu044CB6L+U5ZOB44CB44Kt44Oj44Oz44K744Or44Gv44GK5Y+X5LuY44Gn44GN44G+44Gb44KT44CCPC9mb250Pjxicj48YnI+Cue0oOadkO+8muaJi+W4s+OCseODvOOCueacrOS9k++8j+WQiOearuOAgOODj+ODvOODieOCseODvOOCue+8j+ODneODquOCq+ODvOODnOODjeODvOODiCjjg5bjg6njg4Pjgq8pPGJyPgrliqDlt6XvvJpVVuehrOWMluWei+OCpOODs+OCrzxicj4K4oC75Y2T5LiK44Ob44Or44OA44O844Gu5YWF6Zu75Zmo44Gr44Gv5a++5b+c44GX44Gm44GK44KK44G+44Gb44KT44CCKOOCseODvOOCueOCkuijheedgOOBl+OBn+OBvuOBvuOCs+ODjeOCr+OCv+ODvOOBq+ebtOaOpeW3ruOBl+i+vOOCk+OBp+OBruWFhembu+OBr+WPr+iDveOBp+OBmeKYhijkuIDpg6jpnZ7lr77lv5zmqZ/nqK7mnInjgoopKTxicj4K4oC75YaZ55yf44Gv44Kk44Oh44O844K455S75YOP44Gr44Gq44KK44G+44GZ44CC5qmf56iu44Gr44KI44Gj44Gm57W15p+E44GM5YiH44KM44KL44GT44Go44GM44GU44GW44GE44G+44GZ44CCPGJyPgrigLvlrp/nianjga7oibLjgavov5HjgaXjgZHjgovjgojjgYbjgavliqrjgoHjgabjgYTjgb7jgZnjgYzjgIHjgZTliKnnlKjjga7jg6Ljg4vjgr/jg7zjgIFQQ+OChOOCueODnuODvOODiOODleOCqeODs+OBrueSsOWig+OBq+OCiOOCiuaOsui8ieWGmeecn+OBruiJsuOBjOWun+eJqeOBruiJsuOBqOmBleOBo+OBpuimi+OBiOOCi+WgtOWQiOOBjOOBlOOBluOBhOOBvuOBmeOAggo8YnI+PGJyPgoKCgrimIYg44Gd44Gu5LuW44CB5omL5biz5Z6L44Kx44O844K55LiA6Kan44Gv44GT44Gh44KJPGJyPjxicj48YnI+Cjxmb250IGNvbG9yPSIjMzMwMDk5Ij7jgqrjgrfjg6Pjg6zjgarmiYvluLPlnovjgrHjg7zjgrk8YnI+CueMqyDjga3jgZMg44OB44Kn44OD44Kv5p+EIDwvZm9udD48YnI+Cjxicj48YnI+PGI+PGZvbnQgY29sb3I9IiNmZjAwMDAiPuKAu+mDqOadkOOBruiqpOW3ruOBq+OCiOOCi+WTgeWIh+OCjOOBjOeZuueUn+OBl+OBn+WgtOWQiOOBr+OAgeWFpeiNt+asoeesrOOBruijveS9nOODu+eZuumAgeOBqOOBquOCi+WgtOWQiOOBjOOBlOOBluOBhOOBvuOBmeOAgjxicj4K44Gd44Gu6Zqb44Gv44CB44GU5rOo5paH5b6M5Yil6YCU44Oh44O844Or44Gr44Gm44GU6YCj57Wh44GV44Gb44Gm6aCC44GN44G+44GZ44CCPGJyPuOBvuOBn+OAgeaJi+W4s+OBq+OCueOCv+ODs+ODieapn+iDvSjmipjjgornm67vvInjgYzjgaTjgYTjgabjgYTjgovloLTlkIjjgYzjgZTjgZbjgYTjgb7jgZnjgII8YnI+CuS6iOOCgeOAgeOBlOS6huaJv+mhmOOBhOOBl+OBvuOBmeOAgjwvZm9udD48L2I+PGJyPjxicj4=,QVFVT1MgWkVUQSBTSC0wMUcg5omL5biz5Z6L44Kx44O844K5IHNoMDFnIOaJi+W4s+Wei+OCseODvOOCuSDjgqLjgq/jgqrjgrkg44Kx44O844K5IOaJi+W4s+WeiyDnjKsg44Gt44GTIOODgeOCp+ODg+OCr+afhCBzaC0wMWfjgrHjg7zjgrkgc2gtMDFn44Kr44OQ44O8IGFxdW9zIOOCseODvOOCuSDjgqvjg5Djg7wg44GK44GX44KD44KMIOOBi+OCj+OBhOOBhCDmiYvluLPlnovjgrnjg57jg5vjgrHjg7zjgrkg44K544Oe44Ob44Kx44O844K5IOOCueODnuODm+OCq+ODkOODvO+8muOCseODvOOCv+OCpOWxizI044CA5qW95aSp5biC5aC05bqX,44K544Oe44O844OI44OV44Kp44Oz44Ki44Kv44K744K144Oq44O85pC65biv44K544OI44Op44OD44OX44K544OI44Op44OD44OX44K544Oe44Ob44Kx44O844K544K544Oe44O844OI44OV44Kp44OzIOOCseODvOOCueOCueODnuODm+ODlOOCouOCueOCpOODpOODm+ODs+OCuOODo+ODg+OCryDjgqLjgq/jgrvjgrXjg6rjg7zjgrnjg57jg7zjg4jjg5Xjgqnjg7Pjg5TjgqLjgrnjg43jg4Pjgq/jgrnjg4jjg6njg4Pjg5fjgrnjg6/jg63jg5Xjgrnjgq3jg7wg44OU44Ki44K544K544Ov44Ot44OV44K544Kt44O8IOOCueODiOODqeODg+ODl+OCueODnuODm+OCq+ODkOODvOOCueODnuODvOODiOODleOCqeODsyDjgqvjg5Djg7xBUVVPUyBaRVRBIFNILTAxRyDmiYvluLPlnovjgrHjg7zjgrkgc2gwMWcg5omL5biz5Z6L44Kx44O844K5IOOCouOCr+OCquOCuSDjgrHjg7zjgrkg5omL5biz5Z6LIOeMqyDjga3jgZMg44OB44Kn44OD44Kv5p+EIHNoLTAxZ+OCseODvOOCuSBzaC0wMWfjgqvjg5Djg7wgYXF1b3Mg44Kx44O844K5IOOCq+ODkOODvCDjgYrjgZfjgoPjgowg44GL44KP44GE44GEIOaJi+W4s+Wei+OCueODnuODm+OCseODvOOCuSDjgrnjg57jg5vjgrHjg7zjgrkg44K544Oe44Ob44Kr44OQ44O8,U0gtMDFHIOOCseODvOOCuSDmiYvluLPlnosg44K544Oe44Ob44Kx44O844K5IOaJi+W4s+OCseODvOOCueKYhuOAgkFRVU9TIFpFVEEgU0gtMDFHIOaJi+W4s+Wei+OCseODvOOCuSBzaDAxZyDmiYvluLPlnovjgrHjg7zjgrkg44Ki44Kv44Kq44K5IOOCseODvOOCuSDmiYvluLPlnosg54yrIOOBreOBkyDjg4Hjgqfjg4Pjgq/mn4Qgc2gtMDFn44Kx44O844K5IHNoLTAxZ+OCq+ODkOODvCBhcXVvcyDjgrHjg7zjgrkg44Kr44OQ44O8IOOBiuOBl+OCg+OCjCDjgYvjgo/jgYTjgYQg5omL5biz5Z6L44K544Oe44Ob44Kx44O844K5IOOCueODnuODm+OCseODvOOCuSDjgrnjg57jg5vjgqvjg5Djg7w=[rn]
10-177625,aHR0cDovL3RzaG9wLnIxMHMuanAva2ludHN1L2NhYmluZXQveWVzLW5vL2FmamwyMS9hZmpsMjEtcGNjbC0yMDEtbjA2NS5qcGc/Zml0aW49NzAwOjcwMA==,MzA0MC4wMDAw,,44K544Oe44O844OI44OV44Kp44Oz44O744K/44OW44Os44OD44OIID4g44K544Oe44O844OI44OV44Kp44Oz44Ki44Kv44K744K144Oq44O8ID4g44K544Oe44O844OI44OV44Kp44Oz44Kx44O844K5,44CQWWVzL05v44CR44OR44Oz44OAIOODlOODs+OCryDvvIjjgq/jg6rjgqLvvIkgLyBmb3IgQVJST1dTIGVmIEZKTDIxL2F1QVJST1dTIGVmIEZKTDIxIOOCseODvOOCuSDjgqvjg5Djg7xbRkpMMjFd44CQ44Ki44Ot44O844K6IGVmIOOCseODvOOCuSBmamwyMSDjgrHjg7zjgrkv44Kr44OQ44O8L0NBU0Uv44Kx77yN44K544CR44CQ44K544Oe44O844OI44OV44Kp44OzIOOCueODnuODm+OCseODvOOCueOAkeOAkFAwNkRlYzE044CR,YXUgQVJST1dTIGVmIEZKTDIxIOOCseODvOOCuS/jgqvjg5Djg7w=,PGJyPjxiPuKHklBD5ZWG5ZOB44Oa44O844K444Gn6Kmz44GX44GP6KaL44KLPC9iPjxicj48YnI+44CQ5ZWG5ZOB6Kqs5piO44CR44CA44OR44Oz44OA44Gu6aGU44KS44Oi44OB44O844OV44Gr44GX44Gf44Od44OD44OX44GqQVJST1dTIGVmIEZKTDIxL2F144Kx44O844K544CC44CA44CA44CQ5LuV5qeY44CR44CA57Sg5p2Q77ya44Kx44O844K55pys5L2T77yP44Od44Oq44Kr44O844Oc44ON44O844OI44CA5Yqg5bel77yaVVbnoazljJblnovjgqTjg7Pjgq/jg7vjg4jjg4Pjg5fjgrPjg7zjg4jku5XkuIrjgIDljbDliLfnr4Tlm7LvvJrlubPpnaLjg5fjg6rjg7Pjg4jjgIDvvIjlgbTpnaLjgavjg5fjg6rjg7Pjg4jjga/lhaXjgorjgb7jgZvjgpPvvInjgIDjgIDjgJDlr77lv5zmqZ/nqK7jgJHjgIBBUlJPV1MgZWYgRkpMMjEvYXXlsILnlKjjgIDigLvku5Xmp5jjga/kuojlkYrjgarjgY/lpInmm7TjgZnjgovloLTlkIjjgYzjgZTjgZbjgYTjgb7jgZnjgILjgIDigLvnlLvlg4/jga/lkIjmiJDnlLvlg4/vvIjjgqTjg6Hjg7zjgrjvvInjgavjgarjgorjgb7jgZnjgILjgIDigLvllYblk4HliqDlt6Xjga/jgZnjgbnjgabml6XmnKzlm73lhoXjga7nhp/nt7TjgZfjgZ/ogbfkurrjga7miYvkvZzmpa3jgafooYzjgo/jgozjgb7jgZnjgILjgIDigLvog4zpnaLjgIHlgbTpnaLjgpLjgZfjgaPjgYvjgorkv53orbfjgILjgIDigLvoo4XnnYDjgZfjgZ/jgb7jgb7lhYXpm7vlj6/og73vvIjjgrHjg7zjg5bjg6vjga7jgb/vvInjgIA8Zm9udCBjb2xvcj0iI2ZmMDAwMCI+5Y2T5LiK5Z6L5YWF6Zu75ZmoKOe9ruOBj+OBoOOBkeWFhembu++8ieOBq+OBr+WvvuW/nOOBl+OBpuOBiuOCiuOBvuOBm+OCk+OAgjwvZm9udD7jgIDjgIDjgZTms6jmloflvozjgIHjgbLjgajjgaTjgbLjgajjgaTogbfkurrjgavjgojjgovjg4/jg7Pjg4njg6HjgqTjg4njga7jgZ/jgoHjgIE8Zm9udCBjb2xvcj0iI2ZmMDAwMCI+55m66YCB44G+44Gn44Gr5pyA5aSn44GnMjHml6Xjgbvjgak8L2ZvbnQ+6aCC5oi06Ie044GX44Gm44GK44KK44G+44GZ44CCMuWAi+S7peS4iuOBlOizvOWFpe+8iDMyNDDlhobku6XkuIrvvInjgafjgIHphY3pgIHmlrnms5XjgIzpg7Xkvr/lsYDjgb7jgZ/jga/jg43jgrPjg53jgrnjgI3jgafpgIHmlpnnhKHmlpnjgavjgarjgorjgb7jgZnjgII8Zm9udCBjb2xvcj0iI2ZmMDAwMCI+5Y+X5rOo55Sf55Sj44Gu44Gf44KB44CB44GU5rOo5paH5b6M44Gu5aSJ5pu044CB6L+U5ZOB44CB44Kt44Oj44Oz44K744Or44Gv44GK5Y+X5LuY44Gn44GN44G+44Gb44KT44CCPC9mb250Pjxicj4=,44CQWWVzL05v44CR44OR44Oz44OAIOODlOODs+OCryDvvIjjgq/jg6rjgqLvvIkgLyBmb3IgQVJST1dTIGVmIEZKTDIxL2F1QVJST1dTIGVmIEZKTDIxIOOCseODvOOCuSDjgqvjg5Djg7xbRkpMMjFd44CQ44Ki44Ot44O844K6IGVmIOOCseODvOOCuSBmamwyMSDjgrHjg7zjgrkv44Kr44OQ44O8L0NBU0Uv44KxJm1pbnVzO+OCueOAkeOAkOOCueODnuODvOODiOODleOCqeODsyDjgrnjg57jg5vjgrHjg7zjgrnjgJHjgJBQMDZEZWMxNOOAke+8muOCseODvOOCv+OCpOWxizI044CA5qW95aSp5biC5aC05bqX,44K544Oe44O844OI44OV44Kp44Oz44Ki44Kv44K744K144Oq44O85pC65biv44K544OI44Op44OD44OX44K544OI44Op44OD44OX44K544Oe44Ob44Kx44O844K544K544Oe44O844OI44OV44Kp44OzIOOCseODvOOCueOCueODnuODm+ODlOOCouOCueOCpOODpOODm+ODs+OCuOODo+ODg+OCryDjgqLjgq/jgrvjgrXjg6rjg7zjgrnjg57jg7zjg4jjg5Xjgqnjg7Pjg5TjgqLjgrnjg43jg4Pjgq/jgrnjg4jjg6njg4Pjg5fjgrnjg6/jg63jg5Xjgrnjgq3jg7wg44OU44Ki44K544K544Ov44Ot44OV44K544Kt44O8IOOCueODiOODqeODg+ODl+OCueODnuODm+OCq+ODkOODvOOCueODnuODvOODiOODleOCqeODsyDjgqvjg5Djg7zjgJBZZXMvTm/jgJHjg5Hjg7Pjg4Ag44OU44Oz44KvIO+8iOOCr+ODquOCou+8iSAvIGZvciBBUlJPV1MgZWYgRkpMMjEvYXVBUlJPV1MgZWYgRkpMMjEg44Kx44O844K5IOOCq+ODkOODvFtGSkwyMV3jgJDjgqLjg63jg7zjgrogZWYg44Kx44O844K5IGZqbDIxIOOCseODvOOCuS/jgqvjg5Djg7wvQ0FTRS/jgrEmbWludXM744K544CR44CQ44K544Oe44O844OI44OV44Kp44OzIOOCueODnuODm+OCseODvOOCueOAkeOAkFAwNkRlYzE044CR,YXUgQVJST1dTIGVmIEZKTDIxIOOCseODvOOCuS/jgqvjg5Djg7zjgILjgJBZZXMvTm/jgJHjg5Hjg7Pjg4Ag44OU44Oz44KvIO+8iOOCr+ODquOCou+8iSAvIGZvciBBUlJPV1MgZWYgRkpMMjEvYXVBUlJPV1MgZWYgRkpMMjEg44Kx44O844K5IOOCq+ODkOODvFtGSkwyMV3jgJDjgqLjg63jg7zjgrogZWYg44Kx44O844K5IGZqbDIxIOOCseODvOOCuS/jgqvjg5Djg7wvQ0FTRS/jgrEmbWludXM744K544CR44CQ44K544Oe44O844OI44OV44Kp44OzIOOCueODnuODm+OCseODvOOCueOAkeOAkFAwNkRlYzE044CR[rn]
10-177626,aHR0cDovL3RzaG9wLnIxMHMuanAva2ludHN1L2NhYmluZXQvcGx1cy1zL2RpYXJ5L3BsdXMtZGlhcnktdG1kMDAwOWEyLmpwZz9maXRpbj03MDA6NzAw,MjIwNy4yMDAw,,44K544Oe44O844OI44OV44Kp44Oz44O744K/44OW44Os44OD44OIID4g44K544Oe44O844OI44OV44Kp44Oz44Ki44Kv44K744K144Oq44O8ID4g44K544Oe44O844OI44OV44Kp44Oz44Kx44O844K5,SFRMMjMg5omL5biz5Z6L44Kx44O844K5IOODh+OCs+ODkeODvOODhCDllIcg44Oq44OD44OXIOOCq+ODkOODvA==,SFRMMjMg44Kx44O844K5IOaJi+W4s+WeiyDjgrnjg57jg5vjgrHjg7zjgrkg5omL5biz44Kx44O844K54piG,PGJyPjxiPuKHklBD5ZWG5ZOB44Oa44O844K444Gn6Kmz44GX44GP6KaL44KLPC9iPjxicj48YnI+Cjxmb250IGNvbG9yPSIjZmY2NmNjIj7nq4vkvZPnmoTjgarjg6vjg7zjgrjjg6Xjg4fjgrPjg6zjg7zjgrfjg6fjg7PjgYzlpKfkurrlj6/mhJvjgYQgPGJyPuaJi+W4s+WeiyDjg4DjgqTjgqLjg6rjg7zjgrHjg7zjgrnjgILjg5Djg6njgqjjg4bjgqPjgoLosYrlr4zimIY8L2ZvbnQ+PGJyPgo8YnI+Cjx0YWJsZSBib3JkZXI9IjAiIGFsaWduPSJjZW50ZXIiPgo8dHI+Cjx0ZD48aW1nIHNyYz0iaHR0cDovL2ltYWdlLnJha3V0ZW4uY28uanAva2ludHN1L2NhYmluZXQvcGx1cy1zL2RpYXJ5L3BsdXMtZGlhcnktdG1kMDAwOWEyLmpwZyIgd2lkdGg9IjEwMCUiIGJvcmRlcj0iMCI+PC90ZD4KPC90cj4KPHRyPgo8dGQ+PGltZyBzcmM9Imh0dHA6Ly93d3cucmFrdXRlbi5uZS5qcC9nb2xkL2tpbnRzdS9zX2l0ZW0vcGx1cy1kaWFyeS9wbHVzLXNtYS1iYXNlMi5qcGciIHdpZHRoPSIxMDAlIiBib3JkZXI9IjAiPjxicj4KICAgIDxicj4KICAgIDxicj4KICAgIDwvdGQ+PC90cj48dHI+PHRkPjxpbWcgc3JjPSJodHRwOi8vd3d3LnJha3V0ZW4ubmUuanAvZ29sZC9raW50c3Uvc19pdGVtL3BsdXMtZGlhcnkvcGx1cy1zbWEtdG1kMDAwOWEuanBnIiB3aWR0aD0iMTAwJSIgYm9yZGVyPSIwIj48L3RkPgo8L3RyPjwvdGFibGU+PGJyPjxocj4K56uL5L2T55qE44Gq44Or44O844K444Ol44OH44Kz44Os44O844K344On44Oz44GM5aSn5Lq65Y+v5oSb44GEIOaJi+W4s+WeiyDjg4DjgqTjgqLjg6rjg7zjgrHjg7zjgrnjgILjg5Djg6njgqjjg4bjgqPjgoLosYrlr4zimIY8YnI+MuWAi+S7peS4iuOBlOizvOWFpe+8iDMyNDDlhobku6XkuIrvvInjgafjgIHphY3pgIHmlrnms5XjgIzpg7Xkvr/lsYDjgb7jgZ/jga/jg43jgrPjg53jgrnjgI3jgafpgIHmlpnnhKHmlpnjgavjgarjgorjgb7jgZnjgILjgYrmlK/miZXmlrnms5Xjga/jgIHku6PlvJXjgY3jgafjgoJPS++8geS7o+W8leOBjeOBruWgtOWQiOOBr+OAjOmDteS+v+WxgOOAjeOBp+mFjemAgeiHtOOBl+OBvuOBmeOAgjxicj48Zm9udCBjb2xvcj0iI2ZmMDAwMCI+5Y+X5rOo55Sf55Sj44Gu44Gf44KB44CB44GU5rOo5paH5b6M44Gu5aSJ5pu044CB6L+U5ZOB44CB44Kt44Oj44Oz44K744Or44Gv44GK5Y+X5LuY44Gn44GN44G+44Gb44KT44CCPC9mb250Pjxicj48YnI+Cue0oOadkO+8muaJi+W4s+OCseODvOOCueacrOS9k++8j+WQiOearuOAgOODj+ODvOODieOCseODvOOCue+8j+ODneODquOCq+ODvOODnOODjeODvOODiCjjg5bjg6njg4Pjgq8pPGJyPgrliqDlt6XvvJpVVuehrOWMluWei+OCpOODs+OCrzxicj7igLvljZPkuIrjg5vjg6vjg4Djg7zjga7lhYXpm7vlmajjgavjga/lr77lv5zjgZfjgabjgYrjgorjgb7jgZvjgpPjgIIo44Kx44O844K544KS6KOF552A44GX44Gf44G+44G+44Kz44ON44Kv44K/44O844Gr55u05o6l5beu44GX6L6844KT44Gn44Gu5YWF6Zu744Gv5Y+v6IO944Gn44GZ4piGKOS4gOmDqOmdnuWvvuW/nOapn+eoruacieOCiikpPGJyPgrigLvlhpnnnJ/jga/jgqTjg6Hjg7zjgrjnlLvlg4/jgavjgarjgorjgb7jgZnjgILntbXmn4TjgYzliIfjgozjgovjgZPjgajjgYzjgZTjgZbjgYTjgb7jgZnjgIIK4oC75a6f54mp44Gu6Imy44Gr6L+R44Gl44GR44KL44KI44GG44Gr5Yqq44KB44Gm44GE44G+44GZ44GM44CB44GU5Yip55So44Gu44Oi44OL44K/44O844CBUEPjgoTjgrnjg57jg7zjg4jjg5Xjgqnjg7Pjga7nkrDlooPjgavjgojjgormjrLovInlhpnnnJ/jga7oibLjgYzlrp/nianjga7oibLjgajpgZXjgaPjgabopovjgYjjgovloLTlkIjjgYzjgZTjgZbjgYTjgb7jgZnjgIIKPGJyPjxicj4KCuKYhiDjgZ3jga7ku5bjgIHmiYvluLPlnovjgrHjg7zjgrnkuIDopqfjga/jgZPjgaHjgok8YnI+PGJyPjxicj4KPGZvbnQgY29sb3I9IiMzMzAwOTkiPuOCquOCt+ODo+ODrOOBquaJi+W4s+Wei+OCseODvOOCuTxicj4K56uL5L2T55qE44Gq44Or44O844K444Ol44OH44Kz44Os44O844K344On44Oz44GM5aSn5Lq65Y+v5oSb44GEIOmBuOOBueOCi+WFqDnjgr/jgqTjg5c8L2ZvbnQ+PGJyPjxicj48Zm9udCBjb2xvcj0iI0ZGMDAwMCI+PGI+4oC744OH44K244Kk44Oz44O744Kr44Op44O844Gu6KaL5pys44Gv44Oa44O844K444Gu5LiA55Wq5LiK44Gr44GC44KL5ZWG5ZOB55S75YOP44Gu77yS5p6a55uu5Lul6ZmN44KS44GU6Kan44GP44Gg44GV44GE44CCPC9iPjwvZm9udD4KPGJyPjxicj48Yj48Zm9udCBjb2xvcj0iI2ZmMDAwMCI+4oC76YOo5p2Q44Gu6Kqk5beu44Gr44KI44KL5ZOB5YiH44KM44GM55m655Sf44GX44Gf5aC05ZCI44Gv44CB5YWl6I235qyh56ys44Gu6KO95L2c44O755m66YCB44Go44Gq44KL5aC05ZCI44GM44GU44GW44GE44G+44GZ44CCPGJyPuOBneOBrumam+OBr+OAgeOBlOazqOaWh+W+jOWIpemAlOODoeODvOODq+OBq+OBpuOBlOmAo+e1oeOBleOBm+OBpumgguOBjeOBvuOBmeOAgjxicj7jgb7jgZ/jgIHmiYvluLPjgavjgrnjgr/jg7Pjg4nmqZ/og70o5oqY44KK55uu77yJ44GM44Gk44GE44Gm44GE44KL5aC05ZCI44GM44GU44GW44GE44G+44GZ44CCPGJyPuS6iOOCgeOAgeOBlOS6huaJv+mhmOOBhOOBl+OBvuOBmeOAgjwvZm9udD48L2I+PGJyPjxicj4=,SFRMMjMg5omL5biz5Z6L44Kx44O844K5IOODh+OCs+ODkeODvOODhCDllIcg44Oq44OD44OXIOOCq+ODkOODvO+8muOCseODvOOCv+OCpOWxizI044CA5qW95aSp5biC5aC05bqX,44K544Oe44O844OI44OV44Kp44Oz44Ki44Kv44K744K144Oq44O85pC65biv44K544OI44Op44OD44OX44K544OI44Op44OD44OX44K544Oe44Ob44Kx44O844K544K544Oe44O844OI44OV44Kp44OzIOOCseODvOOCueOCueODnuODm+ODlOOCouOCueOCpOODpOODm+ODs+OCuOODo+ODg+OCryDjgqLjgq/jgrvjgrXjg6rjg7zjgrnjg57jg7zjg4jjg5Xjgqnjg7Pjg5TjgqLjgrnjg43jg4Pjgq/jgrnjg4jjg6njg4Pjg5fjgrnjg6/jg63jg5Xjgrnjgq3jg7wg44OU44Ki44K544K544Ov44Ot44OV44K544Kt44O8IOOCueODiOODqeODg+ODl+OCueODnuODm+OCq+ODkOODvOOCueODnuODvOODiOODleOCqeODsyDjgqvjg5Djg7xIVEwyMyDmiYvluLPlnovjgrHjg7zjgrkg44OH44Kz44OR44O844OEIOWUhyDjg6rjg4Pjg5cg44Kr44OQ44O8,SFRMMjMg44Kx44O844K5IOaJi+W4s+WeiyDjgrnjg57jg5vjgrHjg7zjgrkg5omL5biz44Kx44O844K54piG44CCSFRMMjMg5omL5biz5Z6L44Kx44O844K5IOODh+OCs+ODkeODvOODhCDllIcg44Oq44OD44OXIOOCq+ODkOODvA==[rn]
10-177627,aHR0cDovL3RzaG9wLnIxMHMuanAva2ludHN1L2NhYmluZXQvcGx1cy1zL24vc2gtMDFnL3BzLXNoMDFnLTExNTlhLmpwZz9maXRpbj03MDA6NzAw,MTYwMC4wMDAw,,44K544Oe44O844OI44OV44Kp44Oz44O744K/44OW44Os44OD44OIID4g44K544Oe44O844OI44OV44Kp44Oz44Ki44Kv44K744K144Oq44O8ID4g44K544Oe44O844OI44OV44Kp44Oz44Kx44O844K5,ZG9jb21vIEFRVU9TIFpFVEEgU0gtMDFHIOOCseODvOOCuSDjgqvjg5Djg7wg44Om44OL44Kz44O844Oz44Go44GK5aer5qeYIOODleOCoeODs+OCv+OCuOODvCBmb3IgQVFVT1MgWkVUQSBTSC0wMUcg44Kx44O844K5IOOCq+ODkOODvFt6ZXRhIHNoLTAxZ13jgJDjgqLjgq/jgqrjgrnjg5Xjgqnjg7Mg44Kr44OQ44O8IHNoMDFnIOODqeOCsOOCuCDjg6njg5bjg6og44OP44O844OJIOODpuODi+ODvOOCryBDQVNFL+OCse+8jeOCueOAkeOAkOOCueODnuODm+OCq+ODkOODvCDjgrnjg57jg5vjgrHjg7zjgrnjgJE=,MuWAi+S7peS4iuOBp+mAgeaWmeeEoeaWme+8gUFRVU9TIFpFVEEgU0gtMDFHIOOCseODvOOCuS/jgqvjg5Djg7w=,PGJyPjxiPuKHklBD5ZWG5ZOB44Oa44O844K444Gn6Kmz44GX44GP6KaL44KLPC9iPjxicj48YnI+44Om44OL44Kz44O844Oz44Gr5oGL44GZ44KL44GK5aer5qeY44Gu5bm75oOz55qE44Gq5aC06Z2i4pmqIFNILTAxRyDjgq/jg6rjgqIg44Kx44O844K544CC6KOP5YG044GM6YCP44GR44KL44OH44K244Kk44Oz44Gq44Gu44Gn44CB5qmf56iu5pys5L2T44Gu44OH44K244Kk44Oz44GM5rS744GL44GV44KM44G+44GZ4pmqPGJyPiAy5YCL5Lul5LiK44GU6LO85YWl77yIMzI0MOWGhuS7peS4iu+8ieOBp+OAgemFjemAgeaWueazleOAjOmDteS+v+WxgOOBvuOBn+OBr+ODjeOCs+ODneOCueOAjeOBp+mAgeaWmeeEoeaWmeOBq+OBquOCiuOBvuOBmeOAguOBiuaUr+aJleaWueazleOBr+OAgeS7o+W8leOBjeOBp+OCgk9L77yB5Luj5byV44GN44Gu5aC05ZCI44Gv44CM6YO15L6/5bGA44CN44Gn6YWN6YCB6Ie044GX44G+44GZ44CCPGJyPjxmb250IGNvbG9yPSIjZmYwMDAwIj7lj5fms6jnlJ/nlKPjga7jgZ/jgoHjgIHjgZTms6jmloflvozjga7lpInmm7TjgIHov5Tlk4HjgIHjgq3jg6Pjg7Pjgrvjg6vjga/jgYrlj5fku5jjgafjgY3jgb7jgZvjgpPjgII8L2ZvbnQ+PGJyPjxicj4g4oC757Sg5p2Q77ya44Kv44Oq44Ki44Kx44O844K55pys5L2T77yP44Od44Oq44Kr44O844Oc44ON44O844OI5Yqg5belKOOCr+ODquOCouOCseODvOOCuSnvvJpVVuehrOWMluWei+OCpOODs+OCr++8iOWBtOmdouOBq+ODl+ODquODs+ODiOOBr+WFpeOCiuOBvuOBm+OCk++8iTxicj7igLvljZPkuIrjg5vjg6vjg4Djg7zjga7lhYXpm7vlmajjgavjga/lr77lv5zjgZfjgabjgYrjgorjgb7jgZvjgpPjgIIo44Kx44O844K544KS6KOF552A44GX44Gf44G+44G+44Kz44ON44Kv44K/44O844Gr55u05o6l5beu44GX6L6844KT44Gn44Gu5YWF6Zu744Gv5Y+v6IO944Gn44GZ4piGKTxicj48YnI+IOKYhiDjgZ3jga7ku5bjgIFTSC0wMUfkuIDopqfjga/jgZPjgaHjgok8YnI+PGJyPjxicj48dGFibGU+Cjx0cj4KPHRkIGFsaWduPSJjZW50ZXIiPjxmb250IHNpemU9IjMiPuKWvOKWvOKWvOOCseODvOOCueijheedgOOCpOODoeODvOOCuOS+i+OBr+KWvOKWvOKWvDxicj4mZ3Q7Jmd0OyZndDsmZ3Q74piG44GT44Gh44KJ4piGJmx0OyZsdDsmbHQ7Jmx0OzwvZm9udD48YnI+PGJyPgo8aW1nIHNyYz0iaHR0cDovL2ltYWdlLnJha3V0ZW4uY28uanAva2ludHN1L2NhYmluZXQvcGx1cy1zL2t5b3V0c3UvcG9pbnQtZDAyLmpwZyIgd2lkdGg9IjMwMCIgYm9yZGVyPSIwIj48YnIgLz4KPGJyPjxicj4KPGZvbnQgc2l6ZT0iMyI+44Om44OL44Kz44O844Oz44Go44GK5aer5qeYIOODleOCoeODs+OCv+OCuOODvDwvZm9udD48YnIgLz48YnIgLz4KIDxpbWcgc3JjPSJodHRwOi8vaW1hZ2UucmFrdXRlbi5jby5qcC9raW50c3UvY2FiaW5ldC9wbHVzLXMvbi9zaC0wMWcvcHMtc2gwMWctMTE1OWEuanBnICIgd2lkdGg9IjMwMCIgYm9yZGVyPSIwIiBhbHQ9IiIgLz48YnI+PGJyPgo8Zm9udD7jg6bjg4vjgrPjg7zjg7PjgavmgYvjgZnjgovjgYrlp6vmp5jjga7lubvmg7PnmoTjgarloLTpnaLimaogU0gtMDFHIOOCr+ODquOCoiDjgrHjg7zjgrnjgILoo4/lgbTjgYzpgI/jgZHjgovjg4fjgrbjgqTjg7Pjgarjga7jgafjgIHmqZ/nqK7mnKzkvZPjga7jg4fjgrbjgqTjg7PjgYzmtLvjgYvjgZXjgozjgb7jgZnimao8L2ZvbnQ+PGJyIC8+PGJyIC8+Cjxmb250IHNpemU9IjIiPuOCr+ODquOCouOBruODj+ODvOODieOCseODvOOCueOBq+OAgemDqOWIhueahOOBq+ODh+OCtuOCpOODs+OCkuODl+ODquODs+ODiO+8geapn+eoruacrOS9k+OBruiJsuODu+ODh+OCtuOCpOODs+OAjeOBqOOAjOODl+ODquODs+ODiOOCseODvOOCueOBruODh+OCtuOCpOODs+OAjeOBruiejeWQiOOCkualveOBl+OCgOW9k+W6l+iHquaFouOBruOCquODquOCuOODiuODq+ODl+ODquODs+ODiOOCseODvOOCueOBp+OBmeKZqjxiciAvPm1hZGUgaW4gamFwYW48L2ZvbnQ+PGJyIC8+PGJyIC8+CjxpbWcgc3JjPSJodHRwOi8vaW1hZ2UucmFrdXRlbi5jby5qcC9raW50c3UvY2FiaW5ldC9wbHVzLXMva3lvdXRzdS9maWxtX3ByZTYuanBnIiB3aWR0aD0iMzAwIiBib3JkZXI9IjAiIGFsdD0iIiAvPgo8L3RkPgo8L3RyPgo8dHI+Cjx0ZCBhbGlnbj0icmlnaHQiPjxiciAvPjxiPjxmb250IHNpemU9IjMiPiZndDsmZ3Q75LuW44CBU0gtMDFH5LiA6Kan44Gv44GT44Gh44KJPC9mb250PjwvYj48YnIgLz4KPC90ZD4KPC90cj4KPC90YWJsZT4=,ZG9jb21vIEFRVU9TIFpFVEEgU0gtMDFHIOOCseODvOOCuSDjgqvjg5Djg7wg44Om44OL44Kz44O844Oz44Go44GK5aer5qeYIOODleOCoeODs+OCv+OCuOODvCBmb3IgQVFVT1MgWkVUQSBTSC0wMUcg44Kx44O844K5IOOCq+ODkOODvFt6ZXRhIHNoLTAxZ13jgJDjgqLjgq/jgqrjgrnjg5Xjgqnjg7Mg44Kr44OQ44O8IHNoMDFnIOODqeOCsOOCuCDjg6njg5bjg6og44OP44O844OJIOODpuODi+ODvOOCryBDQVNFL+OCsSZtaW51czvjgrnjgJHjgJDjgrnjg57jg5vjgqvjg5Djg7wg44K544Oe44Ob44Kx44O844K544CR77ya44Kx44O844K/44Kk5bGLMjTjgIDmpb3lpKnluILloLTlupc=,44K544Oe44O844OI44OV44Kp44Oz44Ki44Kv44K744K144Oq44O85pC65biv44K544OI44Op44OD44OX44K544OI44Op44OD44OX44K544Oe44Ob44Kx44O844K544K544Oe44O844OI44OV44Kp44OzIOOCseODvOOCueOCueODnuODm+ODlOOCouOCueOCpOODpOODm+ODs+OCuOODo+ODg+OCryDjgqLjgq/jgrvjgrXjg6rjg7zjgrnjg57jg7zjg4jjg5Xjgqnjg7Pjg5TjgqLjgrnjg43jg4Pjgq/jgrnjg4jjg6njg4Pjg5fjgrnjg6/jg63jg5Xjgrnjgq3jg7wg44OU44Ki44K544K544Ov44Ot44OV44K544Kt44O8IOOCueODiOODqeODg+ODl+OCueODnuODm+OCq+ODkOODvOOCueODnuODvOODiOODleOCqeODsyDjgqvjg5Djg7xkb2NvbW8gQVFVT1MgWkVUQSBTSC0wMUcg44Kx44O844K5IOOCq+ODkOODvCDjg6bjg4vjgrPjg7zjg7PjgajjgYrlp6vmp5gg44OV44Kh44Oz44K/44K444O8IGZvciBBUVVPUyBaRVRBIFNILTAxRyDjgrHjg7zjgrkg44Kr44OQ44O8W3pldGEgc2gtMDFnXeOAkOOCouOCr+OCquOCueODleOCqeODsyDjgqvjg5Djg7wgc2gwMWcg44Op44Kw44K4IOODqeODluODqiDjg4/jg7zjg4kg44Om44OL44O844KvIENBU0Uv44KxJm1pbnVzO+OCueOAkeOAkOOCueODnuODm+OCq+ODkOODvCDjgrnjg57jg5vjgrHjg7zjgrnjgJE=,MuWAi+S7peS4iuOBp+mAgeaWmeeEoeaWme+8gUFRVU9TIFpFVEEgU0gtMDFHIOOCseODvOOCuS/jgqvjg5Djg7zjgIJkb2NvbW8gQVFVT1MgWkVUQSBTSC0wMUcg44Kx44O844K5IOOCq+ODkOODvCDjg6bjg4vjgrPjg7zjg7PjgajjgYrlp6vmp5gg44OV44Kh44Oz44K/44K444O8IGZvciBBUVVPUyBaRVRBIFNILTAxRyDjgrHjg7zjgrkg44Kr44OQ44O8W3pldGEgc2gtMDFnXeOAkOOCouOCr+OCquOCueODleOCqeODsyDjgqvjg5Djg7wgc2gwMWcg44Op44Kw44K4IOODqeODluODqiDjg4/jg7zjg4kg44Om44OL44O844KvIENBU0Uv44KxJm1pbnVzO+OCueOAkeOAkOOCueODnuODm+OCq+ODkOODvCDjgrnjg57jg5vjgrHjg7zjgrnjgJE=[rn]
10-177628,aHR0cDovL3RzaG9wLnIxMHMuanAva2ludHN1L2NhYmluZXQveWVzLW5vL2FmamwyMS9hZmpsMjEtcGNjbC0yMDEtbjIwNS5qcGc/Zml0aW49NzAwOjcwMA==,MzA0MC4wMDAw,,44K544Oe44O844OI44OV44Kp44Oz44O744K/44OW44Os44OD44OIID4g44K544Oe44O844OI44OV44Kp44Oz44Ki44Kv44K744K144Oq44O8ID4g44K544Oe44O844OI44OV44Kp44Oz44Kx44O844K5,44CQWWVzL05v44CR44Of44Kk44Op44GP44KTIOODmuOCpOOCuuODquODvOODkeODvOODl+ODqyDvvIjjgq/jg6rjgqLvvIkgLyBmb3IgQVJST1dTIGVmIEZKTDIxL2F1QVJST1dTIGVmIEZKTDIxIOOCseODvOOCuSDjgqvjg5Djg7xbRkpMMjFd44CQ44Ki44Ot44O844K6IGVmIOOCseODvOOCuSBmamwyMSDjgrHjg7zjgrkv44Kr44OQ44O8L0NBU0Uv44Kx77yN44K544CR44CQ44K544Oe44O844OI44OV44Kp44OzIOOCueODnuODm+OCseODvOOCueOAkeOAkFAwNkRlYzE044CR,YXUgQVJST1dTIGVmIEZKTDIxIOOCseODvOOCuS/jgqvjg5Djg7w=,PGJyPjxiPuKHklBD5ZWG5ZOB44Oa44O844K444Gn6Kmz44GX44GP6KaL44KLPC9iPjxicj48YnI+44CQ5ZWG5ZOB6Kqs5piO44CR44CA44Oa44Kk44K644Oq44O85YyF5biv44KS5be744GE44Gf44Of44Kk44Op44GP44KT44Gu5Y+v5oSb44KJ44GX44GEQVJST1dTIGVmIEZKTDIxL2F144Kx44O844K544CC44CA44CA44CQ5LuV5qeY44CR44CA57Sg5p2Q77ya44Kx44O844K55pys5L2T77yP44Od44Oq44Kr44O844Oc44ON44O844OI44CA5Yqg5bel77yaVVbnoazljJblnovjgqTjg7Pjgq/jg7vjg4jjg4Pjg5fjgrPjg7zjg4jku5XkuIrjgIDljbDliLfnr4Tlm7LvvJrlubPpnaLjg5fjg6rjg7Pjg4jjgIDvvIjlgbTpnaLjgavjg5fjg6rjg7Pjg4jjga/lhaXjgorjgb7jgZvjgpPvvInjgIDjgIDjgJDlr77lv5zmqZ/nqK7jgJHjgIBBUlJPV1MgZWYgRkpMMjEvYXXlsILnlKjjgIDigLvku5Xmp5jjga/kuojlkYrjgarjgY/lpInmm7TjgZnjgovloLTlkIjjgYzjgZTjgZbjgYTjgb7jgZnjgILjgIDigLvnlLvlg4/jga/lkIjmiJDnlLvlg4/vvIjjgqTjg6Hjg7zjgrjvvInjgavjgarjgorjgb7jgZnjgILjgIDigLvllYblk4HliqDlt6Xjga/jgZnjgbnjgabml6XmnKzlm73lhoXjga7nhp/nt7TjgZfjgZ/ogbfkurrjga7miYvkvZzmpa3jgafooYzjgo/jgozjgb7jgZnjgILjgIDigLvog4zpnaLjgIHlgbTpnaLjgpLjgZfjgaPjgYvjgorkv53orbfjgILjgIDigLvoo4XnnYDjgZfjgZ/jgb7jgb7lhYXpm7vlj6/og73vvIjjgrHjg7zjg5bjg6vjga7jgb/vvInjgIA8Zm9udCBjb2xvcj0iI2ZmMDAwMCI+5Y2T5LiK5Z6L5YWF6Zu75ZmoKOe9ruOBj+OBoOOBkeWFhembu++8ieOBq+OBr+WvvuW/nOOBl+OBpuOBiuOCiuOBvuOBm+OCk+OAgjwvZm9udD7jgIDjgIDjgZTms6jmloflvozjgIHjgbLjgajjgaTjgbLjgajjgaTogbfkurrjgavjgojjgovjg4/jg7Pjg4njg6HjgqTjg4njga7jgZ/jgoHjgIE8Zm9udCBjb2xvcj0iI2ZmMDAwMCI+55m66YCB44G+44Gn44Gr5pyA5aSn44GnMjHml6Xjgbvjgak8L2ZvbnQ+6aCC5oi06Ie044GX44Gm44GK44KK44G+44GZ44CCMuWAi+S7peS4iuOBlOizvOWFpe+8iDMyNDDlhobku6XkuIrvvInjgafjgIHphY3pgIHmlrnms5XjgIzpg7Xkvr/lsYDjgb7jgZ/jga/jg43jgrPjg53jgrnjgI3jgafpgIHmlpnnhKHmlpnjgavjgarjgorjgb7jgZnjgII8Zm9udCBjb2xvcj0iI2ZmMDAwMCI+5Y+X5rOo55Sf55Sj44Gu44Gf44KB44CB44GU5rOo5paH5b6M44Gu5aSJ5pu044CB6L+U5ZOB44CB44Kt44Oj44Oz44K744Or44Gv44GK5Y+X5LuY44Gn44GN44G+44Gb44KT44CCPC9mb250Pjxicj4=,44CQWWVzL05v44CR44Of44Kk44Op44GP44KTIOODmuOCpOOCuuODquODvOODkeODvOODl+ODqyDvvIjjgq/jg6rjgqLvvIkgLyBmb3IgQVJST1dTIGVmIEZKTDIxL2F1QVJST1dTIGVmIEZKTDIxIOOCseODvOOCuSDjgqvjg5Djg7xbRkpMMjFd44CQ44Ki44Ot44O844K6IGVmIOOCseODvOOCuSBmamwyMSDjgrHjg7zjgrkv44Kr44OQ44O8L0NBU0Uv44KxJm1pbnVzO+OCueOAkeOAkOOCueODnuODvOODiOODleOCqeODsyDjgrnjg57jg5vjgrHjg7zjgrnjgJHjgJBQMDZEZWMxNOOAke+8muOCseODvOOCv+OCpOWxizI044CA5qW95aSp5biC5aC05bqX,44K544Oe44O844OI44OV44Kp44Oz44Ki44Kv44K744K144Oq44O85pC65biv44K544OI44Op44OD44OX44K544OI44Op44OD44OX44K544Oe44Ob44Kx44O844K544K544Oe44O844OI44OV44Kp44OzIOOCseODvOOCueOCueODnuODm+ODlOOCouOCueOCpOODpOODm+ODs+OCuOODo+ODg+OCryDjgqLjgq/jgrvjgrXjg6rjg7zjgrnjg57jg7zjg4jjg5Xjgqnjg7Pjg5TjgqLjgrnjg43jg4Pjgq/jgrnjg4jjg6njg4Pjg5fjgrnjg6/jg63jg5Xjgrnjgq3jg7wg44OU44Ki44K544K544Ov44Ot44OV44K544Kt44O8IOOCueODiOODqeODg+ODl+OCueODnuODm+OCq+ODkOODvOOCueODnuODvOODiOODleOCqeODsyDjgqvjg5Djg7zjgJBZZXMvTm/jgJHjg5/jgqTjg6njgY/jgpMg44Oa44Kk44K644Oq44O844OR44O844OX44OrIO+8iOOCr+ODquOCou+8iSAvIGZvciBBUlJPV1MgZWYgRkpMMjEvYXVBUlJPV1MgZWYgRkpMMjEg44Kx44O844K5IOOCq+ODkOODvFtGSkwyMV3jgJDjgqLjg63jg7zjgrogZWYg44Kx44O844K5IGZqbDIxIOOCseODvOOCuS/jgqvjg5Djg7wvQ0FTRS/jgrEmbWludXM744K544CR44CQ44K544Oe44O844OI44OV44Kp44OzIOOCueODnuODm+OCseODvOOCueOAkeOAkFAwNkRlYzE044CR,YXUgQVJST1dTIGVmIEZKTDIxIOOCseODvOOCuS/jgqvjg5Djg7zjgILjgJBZZXMvTm/jgJHjg5/jgqTjg6njgY/jgpMg44Oa44Kk44K644Oq44O844OR44O844OX44OrIO+8iOOCr+ODquOCou+8iSAvIGZvciBBUlJPV1MgZWYgRkpMMjEvYXVBUlJPV1MgZWYgRkpMMjEg44Kx44O844K5IOOCq+ODkOODvFtGSkwyMV3jgJDjgqLjg63jg7zjgrogZWYg44Kx44O844K5IGZqbDIxIOOCseODvOOCuS/jgqvjg5Djg7wvQ0FTRS/jgrEmbWludXM744K544CR44CQ44K544Oe44O844OI44OV44Kp44OzIOOCueODnuODm+OCseODvOOCueOAkeOAkFAwNkRlYzE044CR[rn]
10-177629,aHR0cDovL3RzaG9wLnIxMHMuanAva2ludHN1L2NhYmluZXQvcGx1cy1zL2RpYXJ5L3BsdXMtZGlhcnktaWNkMDAyNmEyLmpwZz9maXRpbj03MDA6NzAw,MTgzNi44MDAw,,44K544Oe44O844OI44OV44Kp44Oz44O744K/44OW44Os44OD44OIID4g44K544Oe44O844OI44OV44Kp44Oz44Ki44Kv44K744K144Oq44O8ID4g44K544Oe44O844OI44OV44Kp44Oz44Kx44O844K5,SFRMMjMg5omL5biz5Z6L44Kx44O844K5IOOCpOOCruODquOCuSDjg6bjg4vjgqrjg7Pjgrjjg6Pjg4Pjgq8g44Kr44OQ44O8,SFRMMjMg44Kx44O844K5IOaJi+W4s+WeiyDjgrnjg57jg5vjgrHjg7zjgrkg5omL5biz44Kx44O844K54piG,PGJyPjxiPuKHklBD5ZWG5ZOB44Oa44O844K444Gn6Kmz44GX44GP6KaL44KLPC9iPjxicj48YnI+Cjxmb250IGNvbG9yPSIjZmY2NmNjIj7jgqTjgq7jg6rjgrnjgpLjgqTjg6Hjg7zjgrjjgZfjgZ/jg63jg7Pjg4njg7Pjg5DjgrnjgoTjg6bjg4vjgqrjg7Pjgrjjg6Pjg4Pjgq/jga4gPGJyPuaJi+W4s+WeiyDjg4DjgqTjgqLjg6rjg7zjgrHjg7zjgrnjgILjg5Djg6njgqjjg4bjgqPjgoLosYrlr4zimIY8L2ZvbnQ+PGJyPgo8YnI+Cjx0YWJsZSBib3JkZXI9IjAiIGFsaWduPSJjZW50ZXIiPgo8dHI+Cjx0ZD48aW1nIHNyYz0iaHR0cDovL2ltYWdlLnJha3V0ZW4uY28uanAva2ludHN1L2NhYmluZXQvcGx1cy1zL2RpYXJ5L3BsdXMtZGlhcnktaWNkMDAyNmEyLmpwZyIgd2lkdGg9IjEwMCUiIGJvcmRlcj0iMCI+PC90ZD4KPC90cj4KPHRyPgo8dGQ+PGltZyBzcmM9Imh0dHA6Ly93d3cucmFrdXRlbi5uZS5qcC9nb2xkL2tpbnRzdS9zX2l0ZW0vcGx1cy1kaWFyeS9wbHVzLXNtYS1iYXNlMi5qcGciIHdpZHRoPSIxMDAlIiBib3JkZXI9IjAiPjxicj4KICAgIDxicj4KICAgIDxicj4KICAgIDwvdGQ+PC90cj48dHI+PHRkPjxpbWcgc3JjPSJodHRwOi8vd3d3LnJha3V0ZW4ubmUuanAvZ29sZC9raW50c3Uvc19pdGVtL3BsdXMtZGlhcnkvcGx1cy1zbWEtaWNkMDAyNmEuanBnIiB3aWR0aD0iMTAwJSIgYm9yZGVyPSIwIj48L3RkPgo8L3RyPjwvdGFibGU+PGJyPjxocj4K44Kk44Ku44Oq44K544KS44Kk44Oh44O844K444GX44Gf44Ot44Oz44OJ44Oz44OQ44K544KE44Om44OL44Kq44Oz44K444Oj44OD44Kv44GuIOaJi+W4s+WeiyDjg4DjgqTjgqLjg6rjg7zjgrHjg7zjgrnjgILjg5Djg6njgqjjg4bjgqPjgoLosYrlr4zimIY8YnI+MuWAi+S7peS4iuOBlOizvOWFpe+8iDMyNDDlhobku6XkuIrvvInjgafjgIHphY3pgIHmlrnms5XjgIzpg7Xkvr/lsYDjgb7jgZ/jga/jg43jgrPjg53jgrnjgI3jgafpgIHmlpnnhKHmlpnjgavjgarjgorjgb7jgZnjgILjgYrmlK/miZXmlrnms5Xjga/jgIHku6PlvJXjgY3jgafjgoJPS++8geS7o+W8leOBjeOBruWgtOWQiOOBr+OAjOmDteS+v+WxgOOAjeOBp+mFjemAgeiHtOOBl+OBvuOBmeOAgjxicj48Zm9udCBjb2xvcj0iI2ZmMDAwMCI+5Y+X5rOo55Sf55Sj44Gu44Gf44KB44CB44GU5rOo5paH5b6M44Gu5aSJ5pu044CB6L+U5ZOB44CB44Kt44Oj44Oz44K744Or44Gv44GK5Y+X5LuY44Gn44GN44G+44Gb44KT44CCPC9mb250Pjxicj48YnI+Cue0oOadkO+8muaJi+W4s+OCseODvOOCueacrOS9k++8j+WQiOearuOAgOODj+ODvOODieOCseODvOOCue+8j+ODneODquOCq+ODvOODnOODjeODvOODiCjjg5bjg6njg4Pjgq8pPGJyPgrliqDlt6XvvJpVVuehrOWMluWei+OCpOODs+OCrzxicj7igLvljZPkuIrjg5vjg6vjg4Djg7zjga7lhYXpm7vlmajjgavjga/lr77lv5zjgZfjgabjgYrjgorjgb7jgZvjgpPjgIIo44Kx44O844K544KS6KOF552A44GX44Gf44G+44G+44Kz44ON44Kv44K/44O844Gr55u05o6l5beu44GX6L6844KT44Gn44Gu5YWF6Zu744Gv5Y+v6IO944Gn44GZ4piGKOS4gOmDqOmdnuWvvuW/nOapn+eoruacieOCiikpPGJyPgrigLvlhpnnnJ/jga/jgqTjg6Hjg7zjgrjnlLvlg4/jgavjgarjgorjgb7jgZnjgILntbXmn4TjgYzliIfjgozjgovjgZPjgajjgYzjgZTjgZbjgYTjgb7jgZnjgIIK4oC75a6f54mp44Gu6Imy44Gr6L+R44Gl44GR44KL44KI44GG44Gr5Yqq44KB44Gm44GE44G+44GZ44GM44CB44GU5Yip55So44Gu44Oi44OL44K/44O844CBUEPjgoTjgrnjg57jg7zjg4jjg5Xjgqnjg7Pjga7nkrDlooPjgavjgojjgormjrLovInlhpnnnJ/jga7oibLjgYzlrp/nianjga7oibLjgajpgZXjgaPjgabopovjgYjjgovloLTlkIjjgYzjgZTjgZbjgYTjgb7jgZnjgIIKPGJyPjxicj4KCuKYhiDjgZ3jga7ku5bjgIHmiYvluLPlnovjgrHjg7zjgrnkuIDopqfjga/jgZPjgaHjgok8YnI+PGJyPjxicj4KPGZvbnQgY29sb3I9IiMzMzAwOTkiPuOCquOCt+ODo+ODrOOBquaJi+W4s+Wei+OCseODvOOCuTxicj4K44Kk44Ku44Oq44K544KS44Kk44Oh44O844K444GX44Gf44Ot44Oz44OJ44Oz44OQ44K544KE44Om44OL44Kq44Oz44K444Oj44OD44Kv44GuIOmBuOOBueOCi+WFqDbjgr/jgqTjg5c8L2ZvbnQ+PGJyPjxicj48Zm9udCBjb2xvcj0iI0ZGMDAwMCI+PGI+4oC744OH44K244Kk44Oz44O744Kr44Op44O844Gu6KaL5pys44Gv44Oa44O844K444Gu5LiA55Wq5LiK44Gr44GC44KL5ZWG5ZOB55S75YOP44Gu77yS5p6a55uu5Lul6ZmN44KS44GU6Kan44GP44Gg44GV44GE44CCPC9iPjwvZm9udD4KPGJyPjxicj48Yj48Zm9udCBjb2xvcj0iI2ZmMDAwMCI+4oC76YOo5p2Q44Gu6Kqk5beu44Gr44KI44KL5ZOB5YiH44KM44GM55m655Sf44GX44Gf5aC05ZCI44Gv44CB5YWl6I235qyh56ys44Gu6KO95L2c44O755m66YCB44Go44Gq44KL5aC05ZCI44GM44GU44GW44GE44G+44GZ44CCPGJyPgrjgZ3jga7pmpvjga/jgIHjgZTms6jmloflvozliKXpgJTjg6Hjg7zjg6vjgavjgabjgZTpgKPntaHjgZXjgZvjgabpoILjgY3jgb7jgZnjgII8YnI+44G+44Gf44CB5omL5biz44Gr44K544K/44Oz44OJ5qmf6IO9KOaKmOOCiuebru+8ieOBjOOBpOOBhOOBpuOBhOOCi+WgtOWQiOOBjOOBlOOBluOBhOOBvuOBmeOAgjxicj4K5LqI44KB44CB44GU5LqG5om/6aGY44GE44GX44G+44GZ44CCPC9mb250PjwvYj48YnI+PGJyPg==,SFRMMjMg5omL5biz5Z6L44Kx44O844K5IOOCpOOCruODquOCuSDjg6bjg4vjgqrjg7Pjgrjjg6Pjg4Pjgq8g44Kr44OQ44O877ya44Kx44O844K/44Kk5bGLMjTjgIDmpb3lpKnluILloLTlupc=,44K544Oe44O844OI44OV44Kp44Oz44Ki44Kv44K744K144Oq44O85pC65biv44K544OI44Op44OD44OX44K544OI44Op44OD44OX44K544Oe44Ob44Kx44O844K544K544Oe44O844OI44OV44Kp44OzIOOCseODvOOCueOCueODnuODm+ODlOOCouOCueOCpOODpOODm+ODs+OCuOODo+ODg+OCryDjgqLjgq/jgrvjgrXjg6rjg7zjgrnjg57jg7zjg4jjg5Xjgqnjg7Pjg5TjgqLjgrnjg43jg4Pjgq/jgrnjg4jjg6njg4Pjg5fjgrnjg6/jg63jg5Xjgrnjgq3jg7wg44OU44Ki44K544K544Ov44Ot44OV44K544Kt44O8IOOCueODiOODqeODg+ODl+OCueODnuODm+OCq+ODkOODvOOCueODnuODvOODiOODleOCqeODsyDjgqvjg5Djg7xIVEwyMyDmiYvluLPlnovjgrHjg7zjgrkg44Kk44Ku44Oq44K5IOODpuODi+OCquODs+OCuOODo+ODg+OCryDjgqvjg5Djg7w=,SFRMMjMg44Kx44O844K5IOaJi+W4s+WeiyDjgrnjg57jg5vjgrHjg7zjgrkg5omL5biz44Kx44O844K54piG44CCSFRMMjMg5omL5biz5Z6L44Kx44O844K5IOOCpOOCruODquOCuSDjg6bjg4vjgqrjg7Pjgrjjg6Pjg4Pjgq8g44Kr44OQ44O8[rn]
10-177630,aHR0cDovL3RzaG9wLnIxMHMuanAva2ludHN1L2NhYmluZXQvcGx1cy1zL24vc2gtMDFnL3BzLXNoMDFnLTEwNjNhLmpwZz9maXRpbj03MDA6NzAw,MTYwMC4wMDAw,,44K544Oe44O844OI44OV44Kp44Oz44O744K/44OW44Os44OD44OIID4g44K544Oe44O844OI44OV44Kp44Oz44Ki44Kv44K744K144Oq44O8ID4g44K544Oe44O844OI44OV44Kp44Oz44Kx44O844K5,ZG9jb21vIEFRVU9TIFpFVEEgU0gtMDFHIOOCseODvOOCuSDjgqvjg5Djg7wg44K544OO44Km44Kv44Oq44K544K/44OrIOmbquOBrue1kOaZtiDjgq/jg6rjgqIgVFlQRTQgIGZvciBBUVVPUyBaRVRBIFNILTAxRyDjgrHjg7zjgrkg44Kr44OQ44O8W3pldGEgc2gtMDFnXeOAkOOCouOCr+OCquOCueODleOCqeODsyDjgqvjg5Djg7wgc2gwMWcg44Op44Kw44K4IOODqeODluODqiDjg4/jg7zjg4kg44Om44OL44O844KvIENBU0Uv44Kx77yN44K544CR44CQ44K544Oe44Ob44Kr44OQ44O8IOOCueODnuODm+OCseODvOOCueOAkQ==,MuWAi+S7peS4iuOBp+mAgeaWmeeEoeaWme+8gUFRVU9TIFpFVEEgU0gtMDFHIOOCseODvOOCuS/jgqvjg5Djg7w=,PGJyPjxiPuKHklBD5ZWG5ZOB44Oa44O844K444Gn6Kmz44GX44GP6KaL44KLPC9iPjxicj48YnI+576O44GX44GE6Zuq44Gu57WQ5pm244GM44OX44Oq44Oz44OI44OH44K244Kk44Oz44GV44KM44GfU0gtMDFHIOOCr+ODquOCoiDjgrHjg7zjgrnjgII8YnI+IDLlgIvku6XkuIrjgZTos7zlhaXvvIgzMjQw5YaG5Lul5LiK77yJ44Gn44CB6YWN6YCB5pa55rOV44CM6YO15L6/5bGA44G+44Gf44Gv44ON44Kz44Od44K544CN44Gn6YCB5paZ54Sh5paZ44Gr44Gq44KK44G+44GZ44CC44GK5pSv5omV5pa55rOV44Gv44CB5Luj5byV44GN44Gn44KCT0vvvIHku6PlvJXjgY3jga7loLTlkIjjga/jgIzpg7Xkvr/lsYDjgI3jgafphY3pgIHoh7TjgZfjgb7jgZnjgII8YnI+PGZvbnQgY29sb3I9IiNmZjAwMDAiPuWPl+azqOeUn+eUo+OBruOBn+OCgeOAgeOBlOazqOaWh+W+jOOBruWkieabtOOAgei/lOWTgeOAgeOCreODo+ODs+OCu+ODq+OBr+OBiuWPl+S7mOOBp+OBjeOBvuOBm+OCk+OAgjwvZm9udD48YnI+PGJyPiDigLvntKDmnZDvvJrjgq/jg6rjgqLjgrHjg7zjgrnmnKzkvZPvvI/jg53jg6rjgqvjg7zjg5zjg43jg7zjg4jliqDlt6Uo44Kv44Oq44Ki44Kx44O844K5Ke+8mlVW56Gs5YyW5Z6L44Kk44Oz44Kv77yI5YG06Z2i44Gr44OX44Oq44Oz44OI44Gv5YWl44KK44G+44Gb44KT77yJPGJyPuKAu+WNk+S4iuODm+ODq+ODgOODvOOBruWFhembu+WZqOOBq+OBr+WvvuW/nOOBl+OBpuOBiuOCiuOBvuOBm+OCk+OAgijjgrHjg7zjgrnjgpLoo4XnnYDjgZfjgZ/jgb7jgb7jgrPjg43jgq/jgr/jg7zjgavnm7TmjqXlt67jgZfovrzjgpPjgafjga7lhYXpm7vjga/lj6/og73jgafjgZnimIYpPGJyPjxicj4g4piGIOOBneOBruS7luOAgVNILTAxR+S4gOimp+OBr+OBk+OBoeOCiTxicj48YnI+PGJyPjx0YWJsZT4KPHRyPgo8dGQgYWxpZ249ImNlbnRlciI+PGZvbnQgc2l6ZT0iMyI+4pa84pa84pa844Kx44O844K56KOF552A44Kk44Oh44O844K45L6L44Gv4pa84pa84pa8PGJyPiZndDsmZ3Q7Jmd0OyZndDvimIbjgZPjgaHjgonimIYmbHQ7Jmx0OyZsdDsmbHQ7PC9mb250Pjxicj48YnI+CjxpbWcgc3JjPSJodHRwOi8vaW1hZ2UucmFrdXRlbi5jby5qcC9raW50c3UvY2FiaW5ldC9wbHVzLXMva3lvdXRzdS9wb2ludC1kMDIuanBnIiB3aWR0aD0iMzAwIiBib3JkZXI9IjAiPjxiciAvPgo8YnI+PGJyPgo8Zm9udCBzaXplPSIzIj7jgrnjg47jgqbjgq/jg6rjgrnjgr/jg6sg6Zuq44Gu57WQ5pm2IOOCr+ODquOCoiBUWVBFNCA8L2ZvbnQ+PGJyIC8+PGJyIC8+CiA8aW1nIHNyYz0iaHR0cDovL2ltYWdlLnJha3V0ZW4uY28uanAva2ludHN1L2NhYmluZXQvcGx1cy1zL24vc2gtMDFnL3BzLXNoMDFnLTEwNjNhLmpwZyIgd2lkdGg9IjMwMCIgYm9yZGVyPSIwIiBhbHQ9IiIgLz48YnI+PGJyPgo8Zm9udD7nvo7jgZfjgYTpm6rjga7ntZDmmbbjgYzjg5fjg6rjg7Pjg4jjg4fjgrbjgqTjg7PjgZXjgozjgZ9TSC0wMUcg44Kv44Oq44KiIOOCseODvOOCueOAgjwvZm9udD48YnIgLz48YnIgLz4KPGZvbnQgc2l6ZT0iMiI+44Kv44Oq44Ki44Gu44OP44O844OJ44Kx44O844K544Gr44CB6YOo5YiG55qE44Gr44OH44K244Kk44Oz44KS44OX44Oq44Oz44OI77yB5qmf56iu5pys5L2T44Gu6Imy44O744OH44K244Kk44Oz44CN44Go44CM44OX44Oq44Oz44OI44Kx44O844K544Gu44OH44K244Kk44Oz44CN44Gu6J6N5ZCI44KS5qW944GX44KA5b2T5bqX6Ieq5oWi44Gu44Kq44Oq44K444OK44Or44OX44Oq44Oz44OI44Kx44O844K544Gn44GZ4pmqPGJyIC8+bWFkZSBpbiBqYXBhbjwvZm9udD48YnIgLz48YnIgLz4KPGltZyBzcmM9Imh0dHA6Ly9pbWFnZS5yYWt1dGVuLmNvLmpwL2tpbnRzdS9jYWJpbmV0L3BsdXMtcy9reW91dHN1L2ZpbG1fcHJlNi5qcGciIHdpZHRoPSIzMDAiIGJvcmRlcj0iMCIgYWx0PSIiIC8+CjwvdGQ+CjwvdHI+Cjx0cj4KPHRkIGFsaWduPSJyaWdodCI+PGJyIC8+PGI+PGZvbnQgc2l6ZT0iMyI+Jmd0OyZndDvku5bjgIFTSC0wMUfkuIDopqfjga/jgZPjgaHjgok8L2ZvbnQ+PC9iPjxiciAvPgo8L3RkPgo8L3RyPgo8L3RhYmxlPg==,ZG9jb21vIEFRVU9TIFpFVEEgU0gtMDFHIOOCseODvOOCuSDjgqvjg5Djg7wg44K544OO44Km44Kv44Oq44K544K/44OrIOmbquOBrue1kOaZtiDjgq/jg6rjgqIgVFlQRTQgIGZvciBBUVVPUyBaRVRBIFNILTAxRyDjgrHjg7zjgrkg44Kr44OQ44O8W3pldGEgc2gtMDFnXeOAkOOCouOCr+OCquOCueODleOCqeODsyDjgqvjg5Djg7wgc2gwMWcg44Op44Kw44K4IOODqeODluODqiDjg4/jg7zjg4kg44Om44OL44O844KvIENBU0Uv44KxJm1pbnVzO+OCueOAkeOAkOOCueODnuODm+OCq+ODkOODvCDjgrnjg57jg5vjgrHjg7zjgrnjgJHvvJrjgrHjg7zjgr/jgqTlsYsyNOOAgOalveWkqeW4guWgtOW6lw==,44K544Oe44O844OI44OV44Kp44Oz44Ki44Kv44K744K144Oq44O85pC65biv44K544OI44Op44OD44OX44K544OI44Op44OD44OX44K544Oe44Ob44Kx44O844K544K544Oe44O844OI44OV44Kp44OzIOOCseODvOOCueOCueODnuODm+ODlOOCouOCueOCpOODpOODm+ODs+OCuOODo+ODg+OCryDjgqLjgq/jgrvjgrXjg6rjg7zjgrnjg57jg7zjg4jjg5Xjgqnjg7Pjg5TjgqLjgrnjg43jg4Pjgq/jgrnjg4jjg6njg4Pjg5fjgrnjg6/jg63jg5Xjgrnjgq3jg7wg44OU44Ki44K544K544Ov44Ot44OV44K544Kt44O8IOOCueODiOODqeODg+ODl+OCueODnuODm+OCq+ODkOODvOOCueODnuODvOODiOODleOCqeODsyDjgqvjg5Djg7xkb2NvbW8gQVFVT1MgWkVUQSBTSC0wMUcg44Kx44O844K5IOOCq+ODkOODvCDjgrnjg47jgqbjgq/jg6rjgrnjgr/jg6sg6Zuq44Gu57WQ5pm2IOOCr+ODquOCoiBUWVBFNCAgZm9yIEFRVU9TIFpFVEEgU0gtMDFHIOOCseODvOOCuSDjgqvjg5Djg7xbemV0YSBzaC0wMWdd44CQ44Ki44Kv44Kq44K544OV44Kp44OzIOOCq+ODkOODvCBzaDAxZyDjg6njgrDjgrgg44Op44OW44OqIOODj+ODvOODiSDjg6bjg4vjg7zjgq8gQ0FTRS/jgrEmbWludXM744K544CR44CQ44K544Oe44Ob44Kr44OQ44O8IOOCueODnuODm+OCseODvOOCueOAkQ==,MuWAi+S7peS4iuOBp+mAgeaWmeeEoeaWme+8gUFRVU9TIFpFVEEgU0gtMDFHIOOCseODvOOCuS/jgqvjg5Djg7zjgIJkb2NvbW8gQVFVT1MgWkVUQSBTSC0wMUcg44Kx44O844K5IOOCq+ODkOODvCDjgrnjg47jgqbjgq/jg6rjgrnjgr/jg6sg6Zuq44Gu57WQ5pm2IOOCr+ODquOCoiBUWVBFNCAgZm9yIEFRVU9TIFpFVEEgU0gtMDFHIOOCseODvOOCuSDjgqvjg5Djg7xbemV0YSBzaC0wMWdd44CQ44Ki44Kv44Kq44K544OV44Kp44OzIOOCq+ODkOODvCBzaDAxZyDjg6njgrDjgrgg44Op44OW44OqIOODj+ODvOODiSDjg6bjg4vjg7zjgq8gQ0FTRS/jgrEmbWludXM744K544CR44CQ44K544Oe44Ob44Kr44OQ44O8IOOCueODnuODm+OCseODvOOCueOAkQ==[rn]
10-177631,aHR0cDovL3RzaG9wLnIxMHMuanAva2ludHN1L2NhYmluZXQveWVzLW5vL2FmamwyMS9hZmpsMjEtcGNjbC0yMDEtbjE1Ny5qcGc/Zml0aW49NzAwOjcwMA==,MzA0MC4wMDAw,,44K544Oe44O844OI44OV44Kp44Oz44O744K/44OW44Os44OD44OIID4g44K544Oe44O844OI44OV44Kp44Oz44Ki44Kv44K744K144Oq44O8ID4g44K544Oe44O844OI44OV44Kp44Oz44Kx44O844K5,44CQWWVzL05v44CR44Ov44Oz44OA44O844Oi44Oz44K544K/44O8IOODrOOCquODkeODvOODieOCsOODrOODvCDvvIjjgq/jg6rjgqLvvIkgLyBmb3IgQVJST1dTIGVmIEZKTDIxL2F1QVJST1dTIGVmIEZKTDIxIOOCseODvOOCuSDjgqvjg5Djg7xbRkpMMjFd44CQ44Ki44Ot44O844K6IGVmIOOCseODvOOCuSBmamwyMSDjgrHjg7zjgrkv44Kr44OQ44O8L0NBU0Uv44Kx77yN44K544CR44CQ44K544Oe44O844OI44OV44Kp44OzIOOCueODnuODm+OCseODvOOCueOAkeOAkFAwNkRlYzE044CR,YXUgQVJST1dTIGVmIEZKTDIxIOOCseODvOOCuS/jgqvjg5Djg7w=,PGJyPjxiPuKHklBD5ZWG5ZOB44Oa44O844K444Gn6Kmz44GX44GP6KaL44KLPC9iPjxicj48YnI+44CQ5ZWG5ZOB6Kqs5piO44CR44CA5Lq65rCX44Gu44Ov44Oz44OA44O844Oi44Oz44K544K/44O844Gu44Os44Kq44OR44O844OJ77yI44OS44On44Km5p+E77yJdmVyIEFSUk9XUyBlZiBGSkwyMS9hdeOCseODvOOCueOAguOAgOOAgOOAkOS7leanmOOAkeOAgOe0oOadkO+8muOCseODvOOCueacrOS9k++8j+ODneODquOCq+ODvOODnOODjeODvOODiOOAgOWKoOW3pe+8mlVW56Gs5YyW5Z6L44Kk44Oz44Kv44O744OI44OD44OX44Kz44O844OI5LuV5LiK44CA5Y2w5Yi356+E5Zuy77ya5bmz6Z2i44OX44Oq44Oz44OI44CA77yI5YG06Z2i44Gr44OX44Oq44Oz44OI44Gv5YWl44KK44G+44Gb44KT77yJ44CA44CA44CQ5a++5b+c5qmf56iu44CR44CAQVJST1dTIGVmIEZKTDIxL2F15bCC55So44CA4oC75LuV5qeY44Gv5LqI5ZGK44Gq44GP5aSJ5pu044GZ44KL5aC05ZCI44GM44GU44GW44GE44G+44GZ44CC44CA4oC755S75YOP44Gv5ZCI5oiQ55S75YOP77yI44Kk44Oh44O844K477yJ44Gr44Gq44KK44G+44GZ44CC44CA4oC75ZWG5ZOB5Yqg5bel44Gv44GZ44G544Gm5pel5pys5Zu95YaF44Gu54af57e044GX44Gf6IG35Lq644Gu5omL5L2c5qWt44Gn6KGM44KP44KM44G+44GZ44CC44CA4oC76IOM6Z2i44CB5YG06Z2i44KS44GX44Gj44GL44KK5L+d6K2344CC44CA4oC76KOF552A44GX44Gf44G+44G+5YWF6Zu75Y+v6IO977yI44Kx44O844OW44Or44Gu44G/77yJ44CAPGZvbnQgY29sb3I9IiNmZjAwMDAiPuWNk+S4iuWei+WFhembu+WZqCjnva7jgY/jgaDjgZHlhYXpm7vvvInjgavjga/lr77lv5zjgZfjgabjgYrjgorjgb7jgZvjgpPjgII8L2ZvbnQ+44CA44CA44GU5rOo5paH5b6M44CB44Gy44Go44Gk44Gy44Go44Gk6IG35Lq644Gr44KI44KL44OP44Oz44OJ44Oh44Kk44OJ44Gu44Gf44KB44CBPGZvbnQgY29sb3I9IiNmZjAwMDAiPueZuumAgeOBvuOBp+OBq+acgOWkp+OBpzIx5pel44G744GpPC9mb250PumgguaItOiHtOOBl+OBpuOBiuOCiuOBvuOBmeOAgjLlgIvku6XkuIrjgZTos7zlhaXvvIgzMjQw5YaG5Lul5LiK77yJ44Gn44CB6YWN6YCB5pa55rOV44CM6YO15L6/5bGA44G+44Gf44Gv44ON44Kz44Od44K544CN44Gn6YCB5paZ54Sh5paZ44Gr44Gq44KK44G+44GZ44CCPGZvbnQgY29sb3I9IiNmZjAwMDAiPuWPl+azqOeUn+eUo+OBruOBn+OCgeOAgeOBlOazqOaWh+W+jOOBruWkieabtOOAgei/lOWTgeOAgeOCreODo+ODs+OCu+ODq+OBr+OBiuWPl+S7mOOBp+OBjeOBvuOBm+OCk+OAgjwvZm9udD48YnI+,44CQWWVzL05v44CR44Ov44Oz44OA44O844Oi44Oz44K544K/44O8IOODrOOCquODkeODvOODieOCsOODrOODvCDvvIjjgq/jg6rjgqLvvIkgLyBmb3IgQVJST1dTIGVmIEZKTDIxL2F1QVJST1dTIGVmIEZKTDIxIOOCseODvOOCuSDjgqvjg5Djg7xbRkpMMjFd44CQ44Ki44Ot44O844K6IGVmIOOCseODvOOCuSBmamwyMSDjgrHjg7zjgrkv44Kr44OQ44O8L0NBU0Uv44KxJm1pbnVzO+OCueOAkeOAkOOCueODnuODvOODiOODleOCqeODsyDjgrnjg57jg5vjgrHjg7zjgrnjgJHjgJBQMDZEZWMxNOOAke+8muOCseODvOOCv+OCpOWxizI044CA5qW95aSp5biC5aC05bqX,44K544Oe44O844OI44OV44Kp44Oz44Ki44Kv44K744K144Oq44O85pC65biv44K544OI44Op44OD44OX44K544OI44Op44OD44OX44K544Oe44Ob44Kx44O844K544K544Oe44O844OI44OV44Kp44OzIOOCseODvOOCueOCueODnuODm+ODlOOCouOCueOCpOODpOODm+ODs+OCuOODo+ODg+OCryDjgqLjgq/jgrvjgrXjg6rjg7zjgrnjg57jg7zjg4jjg5Xjgqnjg7Pjg5TjgqLjgrnjg43jg4Pjgq/jgrnjg4jjg6njg4Pjg5fjgrnjg6/jg63jg5Xjgrnjgq3jg7wg44OU44Ki44K544K544Ov44Ot44OV44K544Kt44O8IOOCueODiOODqeODg+ODl+OCueODnuODm+OCq+ODkOODvOOCueODnuODvOODiOODleOCqeODsyDjgqvjg5Djg7zjgJBZZXMvTm/jgJHjg6/jg7Pjg4Djg7zjg6Ljg7Pjgrnjgr/jg7wg44Os44Kq44OR44O844OJ44Kw44Os44O8IO+8iOOCr+ODquOCou+8iSAvIGZvciBBUlJPV1MgZWYgRkpMMjEvYXVBUlJPV1MgZWYgRkpMMjEg44Kx44O844K5IOOCq+ODkOODvFtGSkwyMV3jgJDjgqLjg63jg7zjgrogZWYg44Kx44O844K5IGZqbDIxIOOCseODvOOCuS/jgqvjg5Djg7wvQ0FTRS/jgrEmbWludXM744K544CR44CQ44K544Oe44O844OI44OV44Kp44OzIOOCueODnuODm+OCseODvOOCueOAkeOAkFAwNkRlYzE044CR,YXUgQVJST1dTIGVmIEZKTDIxIOOCseODvOOCuS/jgqvjg5Djg7zjgILjgJBZZXMvTm/jgJHjg6/jg7Pjg4Djg7zjg6Ljg7Pjgrnjgr/jg7wg44Os44Kq44OR44O844OJ44Kw44Os44O8IO+8iOOCr+ODquOCou+8iSAvIGZvciBBUlJPV1MgZWYgRkpMMjEvYXVBUlJPV1MgZWYgRkpMMjEg44Kx44O844K5IOOCq+ODkOODvFtGSkwyMV3jgJDjgqLjg63jg7zjgrogZWYg44Kx44O844K5IGZqbDIxIOOCseODvOOCuS/jgqvjg5Djg7wvQ0FTRS/jgrEmbWludXM744K544CR44CQ44K544Oe44O844OI44OV44Kp44OzIOOCueODnuODm+OCseODvOOCueOAkeOAkFAwNkRlYzE044CR[rn]
10-177632,aHR0cDovL3RzaG9wLnIxMHMuanAva2ludHN1L2NhYmluZXQvcGx1cy1zL2RpYXJ5L3BsdXMtZGlhcnktaWNkMDAxNmEyLmpwZz9maXRpbj03MDA6NzAw,MTgzNi44MDAw,,44K544Oe44O844OI44OV44Kp44Oz44O744K/44OW44Os44OD44OIID4g44K544Oe44O844OI44OV44Kp44Oz44Ki44Kv44K744K144Oq44O8ID4g44K544Oe44O844OI44OV44Kp44Oz44Kx44O844K5,SFRMMjMg5omL5biz5Z6L44Kx44O844K5IOODiOODqeODs+OCryDml4XooYwg44Kr44OQ44OzIOOCq+ODkOODvA==,SFRMMjMg44Kx44O844K5IOaJi+W4s+WeiyDjgrnjg57jg5vjgrHjg7zjgrkg5omL5biz44Kx44O844K54piG,PGJyPjxiPuKHklBD5ZWG5ZOB44Oa44O844K444Gn6Kmz44GX44GP6KaL44KLPC9iPjxicj48YnI+Cjxmb250IGNvbG9yPSIjZmY2NmNjIj7jgYTjgaTjgafjgoLml4XooYzmsJfliIbjgafmjIHjgaHmranjgZHjgovjgqvjg6njg5Xjg6vjgarjg4jjg6njg7Pjgq/mn4Tjga4gPGJyPuaJi+W4s+WeiyDjg4DjgqTjgqLjg6rjg7zjgrHjg7zjgrnjgILjg5Djg6njgqjjg4bjgqPjgoLosYrlr4zimIY8L2ZvbnQ+PGJyPgo8YnI+Cjx0YWJsZSBib3JkZXI9IjAiIGFsaWduPSJjZW50ZXIiPgo8dHI+Cjx0ZD48aW1nIHNyYz0iaHR0cDovL2ltYWdlLnJha3V0ZW4uY28uanAva2ludHN1L2NhYmluZXQvcGx1cy1zL2RpYXJ5L3BsdXMtZGlhcnktaWNkMDAxNmEyLmpwZyIgd2lkdGg9IjEwMCUiIGJvcmRlcj0iMCI+PC90ZD4KPC90cj4KPHRyPgo8dGQ+PGltZyBzcmM9Imh0dHA6Ly93d3cucmFrdXRlbi5uZS5qcC9nb2xkL2tpbnRzdS9zX2l0ZW0vcGx1cy1kaWFyeS9wbHVzLXNtYS1iYXNlMi5qcGciIHdpZHRoPSIxMDAlIiBib3JkZXI9IjAiPjxicj4KICAgIDxicj4KICAgIDxicj4KICAgIDwvdGQ+PC90cj48dHI+PHRkPjxpbWcgc3JjPSJodHRwOi8vd3d3LnJha3V0ZW4ubmUuanAvZ29sZC9raW50c3Uvc19pdGVtL3BsdXMtZGlhcnkvcGx1cy1zbWEtaWNkMDAxNmEuanBnIiB3aWR0aD0iMTAwJSIgYm9yZGVyPSIwIj48L3RkPgo8L3RyPjwvdGFibGU+PGJyPjxocj4K44GE44Gk44Gn44KC5peF6KGM5rCX5YiG44Gn5oyB44Gh5q2p44GR44KL44Kr44Op44OV44Or44Gq44OI44Op44Oz44Kv5p+E44GuIOaJi+W4s+WeiyDjg4DjgqTjgqLjg6rjg7zjgrHjg7zjgrnjgILjg5Djg6njgqjjg4bjgqPjgoLosYrlr4zimIY8YnI+MuWAi+S7peS4iuOBlOizvOWFpe+8iDMyNDDlhobku6XkuIrvvInjgafjgIHphY3pgIHmlrnms5XjgIzpg7Xkvr/lsYDjgb7jgZ/jga/jg43jgrPjg53jgrnjgI3jgafpgIHmlpnnhKHmlpnjgavjgarjgorjgb7jgZnjgILjgYrmlK/miZXmlrnms5Xjga/jgIHku6PlvJXjgY3jgafjgoJPS++8geS7o+W8leOBjeOBruWgtOWQiOOBr+OAjOmDteS+v+WxgOOAjeOBp+mFjemAgeiHtOOBl+OBvuOBmeOAgjxicj48Zm9udCBjb2xvcj0iI2ZmMDAwMCI+5Y+X5rOo55Sf55Sj44Gu44Gf44KB44CB44GU5rOo5paH5b6M44Gu5aSJ5pu044CB6L+U5ZOB44CB44Kt44Oj44Oz44K744Or44Gv44GK5Y+X5LuY44Gn44GN44G+44Gb44KT44CCPC9mb250Pjxicj48YnI+Cue0oOadkO+8muaJi+W4s+OCseODvOOCueacrOS9k++8j+WQiOearuOAgOODj+ODvOODieOCseODvOOCue+8j+ODneODquOCq+ODvOODnOODjeODvOODiCjjg5bjg6njg4Pjgq8pPGJyPgrliqDlt6XvvJpVVuehrOWMluWei+OCpOODs+OCrzxicj7igLvljZPkuIrjg5vjg6vjg4Djg7zjga7lhYXpm7vlmajjgavjga/lr77lv5zjgZfjgabjgYrjgorjgb7jgZvjgpPjgIIo44Kx44O844K544KS6KOF552A44GX44Gf44G+44G+44Kz44ON44Kv44K/44O844Gr55u05o6l5beu44GX6L6844KT44Gn44Gu5YWF6Zu744Gv5Y+v6IO944Gn44GZ4piGKOS4gOmDqOmdnuWvvuW/nOapn+eoruacieOCiikpPGJyPgrigLvlhpnnnJ/jga/jgqTjg6Hjg7zjgrjnlLvlg4/jgavjgarjgorjgb7jgZnjgILntbXmn4TjgYzliIfjgozjgovjgZPjgajjgYzjgZTjgZbjgYTjgb7jgZnjgIIK4oC75a6f54mp44Gu6Imy44Gr6L+R44Gl44GR44KL44KI44GG44Gr5Yqq44KB44Gm44GE44G+44GZ44GM44CB44GU5Yip55So44Gu44Oi44OL44K/44O844CBUEPjgoTjgrnjg57jg7zjg4jjg5Xjgqnjg7Pjga7nkrDlooPjgavjgojjgormjrLovInlhpnnnJ/jga7oibLjgYzlrp/nianjga7oibLjgajpgZXjgaPjgabopovjgYjjgovloLTlkIjjgYzjgZTjgZbjgYTjgb7jgZnjgIIKPGJyPjxicj4KCuKYhiDjgZ3jga7ku5bjgIHmiYvluLPlnovjgrHjg7zjgrnkuIDopqfjga/jgZPjgaHjgok8YnI+PGJyPjxicj4KPGZvbnQgY29sb3I9IiMzMzAwOTkiPuOCquOCt+ODo+ODrOOBquaJi+W4s+Wei+OCseODvOOCuTxicj4K44GE44Gk44Gn44KC5peF6KGM5rCX5YiG44Gn5oyB44Gh5q2p44GR44KL44Kr44Op44OV44Or44Gq44OI44Op44Oz44Kv5p+E44GuIOmBuOOBueOCi+WFqDEy44K/44Kk44OXPC9mb250Pjxicj48YnI+PGZvbnQgY29sb3I9IiNGRjAwMDAiPjxiPuKAu+ODh+OCtuOCpOODs+ODu+OCq+ODqeODvOOBruimi+acrOOBr+ODmuODvOOCuOOBruS4gOeVquS4iuOBq+OBguOCi+WVhuWTgeeUu+WDj+OBru+8kuaemuebruS7pemZjeOCkuOBlOimp+OBj+OBoOOBleOBhOOAgjwvYj48L2ZvbnQ+Cjxicj48YnI+PGI+PGZvbnQgY29sb3I9IiNmZjAwMDAiPuKAu+mDqOadkOOBruiqpOW3ruOBq+OCiOOCi+WTgeWIh+OCjOOBjOeZuueUn+OBl+OBn+WgtOWQiOOBr+OAgeWFpeiNt+asoeesrOOBruijveS9nOODu+eZuumAgeOBqOOBquOCi+WgtOWQiOOBjOOBlOOBluOBhOOBvuOBmeOAgjxicj4K44Gd44Gu6Zqb44Gv44CB44GU5rOo5paH5b6M5Yil6YCU44Oh44O844Or44Gr44Gm44GU6YCj57Wh44GV44Gb44Gm6aCC44GN44G+44GZ44CCPGJyPuOBvuOBn+OAgeaJi+W4s+OBq+OCueOCv+ODs+ODieapn+iDvSjmipjjgornm67vvInjgYzjgaTjgYTjgabjgYTjgovloLTlkIjjgYzjgZTjgZbjgYTjgb7jgZnjgII8YnI+CuS6iOOCgeOAgeOBlOS6huaJv+mhmOOBhOOBl+OBvuOBmeOAgjwvZm9udD48L2I+PGJyPjxicj4=,SFRMMjMg5omL5biz5Z6L44Kx44O844K5IOODiOODqeODs+OCryDml4XooYwg44Kr44OQ44OzIOOCq+ODkOODvO+8muOCseODvOOCv+OCpOWxizI044CA5qW95aSp5biC5aC05bqX,44K544Oe44O844OI44OV44Kp44Oz44Ki44Kv44K744K144Oq44O85pC65biv44K544OI44Op44OD44OX44K544OI44Op44OD44OX44K544Oe44Ob44Kx44O844K544K544Oe44O844OI44OV44Kp44OzIOOCseODvOOCueOCueODnuODm+ODlOOCouOCueOCpOODpOODm+ODs+OCuOODo+ODg+OCryDjgqLjgq/jgrvjgrXjg6rjg7zjgrnjg57jg7zjg4jjg5Xjgqnjg7Pjg5TjgqLjgrnjg43jg4Pjgq/jgrnjg4jjg6njg4Pjg5fjgrnjg6/jg63jg5Xjgrnjgq3jg7wg44OU44Ki44K544K544Ov44Ot44OV44K544Kt44O8IOOCueODiOODqeODg+ODl+OCueODnuODm+OCq+ODkOODvOOCueODnuODvOODiOODleOCqeODsyDjgqvjg5Djg7xIVEwyMyDmiYvluLPlnovjgrHjg7zjgrkg44OI44Op44Oz44KvIOaXheihjCDjgqvjg5Djg7Mg44Kr44OQ44O8,SFRMMjMg44Kx44O844K5IOaJi+W4s+WeiyDjgrnjg57jg5vjgrHjg7zjgrkg5omL5biz44Kx44O844K54piG44CCSFRMMjMg5omL5biz5Z6L44Kx44O844K5IOODiOODqeODs+OCryDml4XooYwg44Kr44OQ44OzIOOCq+ODkOODvA==[rn]
10-177633,aHR0cDovL3RzaG9wLnIxMHMuanAva2ludHN1L2NhYmluZXQvcGx1cy1zL20vc2gtMDFnL3BzLXNoMDFnLTAwOTRhLmpwZz9maXRpbj03MDA6NzAw,MTYwMC4wMDAw,,44K544Oe44O844OI44OV44Kp44Oz44O744K/44OW44Os44OD44OIID4g44K544Oe44O844OI44OV44Kp44Oz44Ki44Kv44K744K144Oq44O8ID4g44K544Oe44O844OI44OV44Kp44Oz44Kx44O844K5,ZG9jb21vIEFRVU9TIFpFVEEgU0gtMDFHIOOCseODvOOCuSDjgqvjg5Djg7wg44OV44Or44OV44Op44Ov44O8IGZvciBBUVVPUyBaRVRBIFNILTAxRyDjgrHjg7zjgrkg44Kr44OQ44O8W3pldGEgc2gtMDFnXeOAkOOCouOCr+OCquOCueODleOCqeODsyDjgqvjg5Djg7wgc2gwMWcg44Op44Kw44K4IOODqeODluODqiDjg4/jg7zjg4kg44Om44OL44O844KvIENBU0Uv44Kx77yN44K544CR44CQ44K544Oe44Ob44Kr44OQ44O8IOOCueODnuODm+OCseODvOOCueOAkQ==,MuWAi+S7peS4iuOBp+mAgeaWmeeEoeaWme+8gUFRVU9TIFpFVEEgU0gtMDFHIOOCseODvOOCuS/jgqvjg5Djg7w=,PGJyPjxiPuKHklBD5ZWG5ZOB44Oa44O844K444Gn6Kmz44GX44GP6KaL44KLPC9iPjxicj48YnI+5Y+v5oSb44GE44OV44Op44Ov44O844GM44Gf44GP44GV44KT4pmqIFNILTAxR+OCr+ODquOCoiDjgrHjg7zjgrnjgII8YnI+IDLlgIvku6XkuIrjgZTos7zlhaXvvIgzMjQw5YaG5Lul5LiK77yJ44Gn44CB6YWN6YCB5pa55rOV44CM6YO15L6/5bGA44G+44Gf44Gv44ON44Kz44Od44K544CN44Gn6YCB5paZ54Sh5paZ44Gr44Gq44KK44G+44GZ44CC44GK5pSv5omV5pa55rOV44Gv44CB5Luj5byV44GN44Gn44KCT0vvvIHku6PlvJXjgY3jga7loLTlkIjjga/jgIzpg7Xkvr/lsYDjgI3jgafphY3pgIHoh7TjgZfjgb7jgZnjgII8YnI+PGZvbnQgY29sb3I9IiNmZjAwMDAiPuWPl+azqOeUn+eUo+OBruOBn+OCgeOAgeOBlOazqOaWh+W+jOOBruWkieabtOOAgei/lOWTgeOAgeOCreODo+ODs+OCu+ODq+OBr+OBiuWPl+S7mOOBp+OBjeOBvuOBm+OCk+OAgjwvZm9udD48YnI+PGJyPiDigLvntKDmnZDvvJrjgq/jg6rjgqLjgrHjg7zjgrnmnKzkvZPvvI/jg53jg6rjgqvjg7zjg5zjg43jg7zjg4jliqDlt6Uo44Kv44Oq44Ki44Kx44O844K5Ke+8mlVW56Gs5YyW5Z6L44Kk44Oz44Kv77yI5YG06Z2i44Gr44OX44Oq44Oz44OI44Gv5YWl44KK44G+44Gb44KT77yJPGJyPuKAu+WNk+S4iuODm+ODq+ODgOODvOOBruWFhembu+WZqOOBq+OBr+WvvuW/nOOBl+OBpuOBiuOCiuOBvuOBm+OCk+OAgijjgrHjg7zjgrnjgpLoo4XnnYDjgZfjgZ/jgb7jgb7jgrPjg43jgq/jgr/jg7zjgavnm7TmjqXlt67jgZfovrzjgpPjgafjga7lhYXpm7vjga/lj6/og73jgafjgZnimIYpPGJyPjxicj4g4piGIOOBneOBruS7luOAgVNILTAxR+S4gOimp+OBr+OBk+OBoeOCiTxicj48YnI+PGJyPjx0YWJsZT4KPHRyPgo8dGQgYWxpZ249ImNlbnRlciI+PGZvbnQgc2l6ZT0iMyI+4pa84pa84pa844Kx44O844K56KOF552A44Kk44Oh44O844K45L6L44Gv4pa84pa84pa8PGJyPiZndDsmZ3Q7Jmd0OyZndDvimIbjgZPjgaHjgonimIYmbHQ7Jmx0OyZsdDsmbHQ7PC9mb250Pjxicj48YnI+PGltZyBzcmM9Imh0dHA6Ly9pbWFnZS5yYWt1dGVuLmNvLmpwL2tpbnRzdS9jYWJpbmV0L3BsdXMtcy9reW91dHN1L2Z1bGx0ZXgwMi5qcGciIHdpZHRoPSIzMDAiIGJvcmRlcj0iMCIgYWx0PSIiIC8+PGJyIC8+Cjxicj4KPGJyPgo8Zm9udCBzaXplPSIzIj7jg5Xjg6vjg5Xjg6njg6/jg7w8YnI+PC9mb250PjxiciAvPgogPGltZyBzcmM9Imh0dHA6Ly9pbWFnZS5yYWt1dGVuLmNvLmpwL2tpbnRzdS9jYWJpbmV0L3BsdXMtcy9tL3NoLTAxZy9wcy1zaDAxZy0wMDk0YS5qcGciICB3aWR0aD0iMzAwIiBib3JkZXI9IjAiIGFsdD0iIiAvPjxicj48YnI+Cjxmb250PuWPr+aEm+OBhOODleODqeODr+ODvOOBjOOBn+OBj+OBleOCk+KZqiBTSC0wMUfjgq/jg6rjgqIg44Kx44O844K544CCPC9mb250PjxiciAvPjxiciAvPgo8Zm9udCBzaXplPSIyIj7jgYrlpb3jgb/jga7jg4fjgrbjgqTjg7PjgpLjg5Xjg6vjgavmpb3jgZfjgoHjgovjgrHjg7zjgrnlhajpnaLjg5fjg6rjg7Pjg4jku5Xmp5jvvIHlgbTpnaLjgq/jg6rjgqLjgarjga7jgafjgIHkuIvlnLDjga7mnKzkvZPjgqvjg6njg7zjgpLmtLvjgYvjgZfjgb7jgZnimarml6XmnKzoo73jgonjgZfjgYTnvo7jgZfjgYTprq7jgoTjgYvjgarjg4fjgrbjgqTjg7PjgYzmpb3jgZfjgoHjgovlvZPlupfoh6rmhaLjga7jgqrjg6rjgrjjg4rjg6vjg5fjg6rjg7Pjg4jjgrHjg7zjgrnjgafjgZnimao8YnIgLz5tYWRlIGluIGphcGFuPC9mb250PjxiciAvPjxiciAvPgo8aW1nIHNyYz0iaHR0cDovL2ltYWdlLnJha3V0ZW4uY28uanAva2ludHN1L2NhYmluZXQvcGx1cy1zL2t5b3V0c3UvZmlsbV9wcmU2LmpwZyIgd2lkdGg9IjMwMCIgYm9yZGVyPSIwIiBhbHQ9IiIgLz48L3RkPgo8L3RyPgo8dHI+Cjx0ZCBhbGlnbj0icmlnaHQiPjxiciAvPjxiPjxmb250IHNpemU9IjMiPiZndDsmZ3Q75LuW44CBU0gtMDFH5LiA6Kan44Gv44GT44Gh44KJPC9mb250PjwvYj48YnIgLz48YnIgLz4KPC90ZD4KPC90cj4KPC90YWJsZT4=,ZG9jb21vIEFRVU9TIFpFVEEgU0gtMDFHIOOCseODvOOCuSDjgqvjg5Djg7wg44OV44Or44OV44Op44Ov44O8IGZvciBBUVVPUyBaRVRBIFNILTAxRyDjgrHjg7zjgrkg44Kr44OQ44O8W3pldGEgc2gtMDFnXeOAkOOCouOCr+OCquOCueODleOCqeODsyDjgqvjg5Djg7wgc2gwMWcg44Op44Kw44K4IOODqeODluODqiDjg4/jg7zjg4kg44Om44OL44O844KvIENBU0Uv44KxJm1pbnVzO+OCueOAkeOAkOOCueODnuODm+OCq+ODkOODvCDjgrnjg57jg5vjgrHjg7zjgrnjgJHvvJrjgrHjg7zjgr/jgqTlsYsyNOOAgOalveWkqeW4guWgtOW6lw==,44K544Oe44O844OI44OV44Kp44Oz44Ki44Kv44K744K144Oq44O85pC65biv44K544OI44Op44OD44OX44K544OI44Op44OD44OX44K544Oe44Ob44Kx44O844K544K544Oe44O844OI44OV44Kp44OzIOOCseODvOOCueOCueODnuODm+ODlOOCouOCueOCpOODpOODm+ODs+OCuOODo+ODg+OCryDjgqLjgq/jgrvjgrXjg6rjg7zjgrnjg57jg7zjg4jjg5Xjgqnjg7Pjg5TjgqLjgrnjg43jg4Pjgq/jgrnjg4jjg6njg4Pjg5fjgrnjg6/jg63jg5Xjgrnjgq3jg7wg44OU44Ki44K544K544Ov44Ot44OV44K544Kt44O8IOOCueODiOODqeODg+ODl+OCueODnuODm+OCq+ODkOODvOOCueODnuODvOODiOODleOCqeODsyDjgqvjg5Djg7xkb2NvbW8gQVFVT1MgWkVUQSBTSC0wMUcg44Kx44O844K5IOOCq+ODkOODvCDjg5Xjg6vjg5Xjg6njg6/jg7wgZm9yIEFRVU9TIFpFVEEgU0gtMDFHIOOCseODvOOCuSDjgqvjg5Djg7xbemV0YSBzaC0wMWdd44CQ44Ki44Kv44Kq44K544OV44Kp44OzIOOCq+ODkOODvCBzaDAxZyDjg6njgrDjgrgg44Op44OW44OqIOODj+ODvOODiSDjg6bjg4vjg7zjgq8gQ0FTRS/jgrEmbWludXM744K544CR44CQ44K544Oe44Ob44Kr44OQ44O8IOOCueODnuODm+OCseODvOOCueOAkQ==,MuWAi+S7peS4iuOBp+mAgeaWmeeEoeaWme+8gUFRVU9TIFpFVEEgU0gtMDFHIOOCseODvOOCuS/jgqvjg5Djg7zjgIJkb2NvbW8gQVFVT1MgWkVUQSBTSC0wMUcg44Kx44O844K5IOOCq+ODkOODvCDjg5Xjg6vjg5Xjg6njg6/jg7wgZm9yIEFRVU9TIFpFVEEgU0gtMDFHIOOCseODvOOCuSDjgqvjg5Djg7xbemV0YSBzaC0wMWdd44CQ44Ki44Kv44Kq44K544OV44Kp44OzIOOCq+ODkOODvCBzaDAxZyDjg6njgrDjgrgg44Op44OW44OqIOODj+ODvOODiSDjg6bjg4vjg7zjgq8gQ0FTRS/jgrEmbWludXM744K544CR44CQ44K544Oe44Ob44Kr44OQ44O8IOOCueODnuODm+OCseODvOOCueOAkQ==[rn]
10-177634,aHR0cDovL3RzaG9wLnIxMHMuanAva2ludHN1L2NhYmluZXQveWVzLW5vL2FmamwyMS9hZmpsMjEtcGNjbC0yMDEtbjIwNC5qcGc/Zml0aW49NzAwOjcwMA==,MzA0MC4wMDAw,,44K544Oe44O844OI44OV44Kp44Oz44O744K/44OW44Os44OD44OIID4g44K544Oe44O844OI44OV44Kp44Oz44Ki44Kv44K744K144Oq44O8ID4g44K544Oe44O844OI44OV44Kp44Oz44Kx44O844K5,44CQWWVzL05v44CR44Of44Kk44Op44GP44KTIOODmuOCpOOCuuODquODvOOCsOODquODvOODsyDvvIjjgq/jg6rjgqLvvIkgLyBmb3IgQVJST1dTIGVmIEZKTDIxL2F1QVJST1dTIGVmIEZKTDIxIOOCseODvOOCuSDjgqvjg5Djg7xbRkpMMjFd44CQ44Ki44Ot44O844K6IGVmIOOCseODvOOCuSBmamwyMSDjgrHjg7zjgrkv44Kr44OQ44O8L0NBU0Uv44Kx77yN44K544CR44CQ44K544Oe44O844OI44OV44Kp44OzIOOCueODnuODm+OCseODvOOCueOAkeOAkFAwNkRlYzE044CR,YXUgQVJST1dTIGVmIEZKTDIxIOOCseODvOOCuS/jgqvjg5Djg7w=,PGJyPjxiPuKHklBD5ZWG5ZOB44Oa44O844K444Gn6Kmz44GX44GP6KaL44KLPC9iPjxicj48YnI+44CQ5ZWG5ZOB6Kqs5piO44CR44CA44Oa44Kk44K644Oq44O85YyF5biv44KS5be744GE44Gf44Of44Kk44Op44GP44KT44Gu5Y+v5oSb44KJ44GX44GEQVJST1dTIGVmIEZKTDIxL2F144Kx44O844K544CC44CA44CA44CQ5LuV5qeY44CR44CA57Sg5p2Q77ya44Kx44O844K55pys5L2T77yP44Od44Oq44Kr44O844Oc44ON44O844OI44CA5Yqg5bel77yaVVbnoazljJblnovjgqTjg7Pjgq/jg7vjg4jjg4Pjg5fjgrPjg7zjg4jku5XkuIrjgIDljbDliLfnr4Tlm7LvvJrlubPpnaLjg5fjg6rjg7Pjg4jjgIDvvIjlgbTpnaLjgavjg5fjg6rjg7Pjg4jjga/lhaXjgorjgb7jgZvjgpPvvInjgIDjgIDjgJDlr77lv5zmqZ/nqK7jgJHjgIBBUlJPV1MgZWYgRkpMMjEvYXXlsILnlKjjgIDigLvku5Xmp5jjga/kuojlkYrjgarjgY/lpInmm7TjgZnjgovloLTlkIjjgYzjgZTjgZbjgYTjgb7jgZnjgILjgIDigLvnlLvlg4/jga/lkIjmiJDnlLvlg4/vvIjjgqTjg6Hjg7zjgrjvvInjgavjgarjgorjgb7jgZnjgILjgIDigLvllYblk4HliqDlt6Xjga/jgZnjgbnjgabml6XmnKzlm73lhoXjga7nhp/nt7TjgZfjgZ/ogbfkurrjga7miYvkvZzmpa3jgafooYzjgo/jgozjgb7jgZnjgILjgIDigLvog4zpnaLjgIHlgbTpnaLjgpLjgZfjgaPjgYvjgorkv53orbfjgILjgIDigLvoo4XnnYDjgZfjgZ/jgb7jgb7lhYXpm7vlj6/og73vvIjjgrHjg7zjg5bjg6vjga7jgb/vvInjgIA8Zm9udCBjb2xvcj0iI2ZmMDAwMCI+5Y2T5LiK5Z6L5YWF6Zu75ZmoKOe9ruOBj+OBoOOBkeWFhembu++8ieOBq+OBr+WvvuW/nOOBl+OBpuOBiuOCiuOBvuOBm+OCk+OAgjwvZm9udD7jgIDjgIDjgZTms6jmloflvozjgIHjgbLjgajjgaTjgbLjgajjgaTogbfkurrjgavjgojjgovjg4/jg7Pjg4njg6HjgqTjg4njga7jgZ/jgoHjgIE8Zm9udCBjb2xvcj0iI2ZmMDAwMCI+55m66YCB44G+44Gn44Gr5pyA5aSn44GnMjHml6Xjgbvjgak8L2ZvbnQ+6aCC5oi06Ie044GX44Gm44GK44KK44G+44GZ44CCMuWAi+S7peS4iuOBlOizvOWFpe+8iDMyNDDlhobku6XkuIrvvInjgafjgIHphY3pgIHmlrnms5XjgIzpg7Xkvr/lsYDjgb7jgZ/jga/jg43jgrPjg53jgrnjgI3jgafpgIHmlpnnhKHmlpnjgavjgarjgorjgb7jgZnjgII8Zm9udCBjb2xvcj0iI2ZmMDAwMCI+5Y+X5rOo55Sf55Sj44Gu44Gf44KB44CB44GU5rOo5paH5b6M44Gu5aSJ5pu044CB6L+U5ZOB44CB44Kt44Oj44Oz44K744Or44Gv44GK5Y+X5LuY44Gn44GN44G+44Gb44KT44CCPC9mb250Pjxicj4=,44CQWWVzL05v44CR44Of44Kk44Op44GP44KTIOODmuOCpOOCuuODquODvOOCsOODquODvOODsyDvvIjjgq/jg6rjgqLvvIkgLyBmb3IgQVJST1dTIGVmIEZKTDIxL2F1QVJST1dTIGVmIEZKTDIxIOOCseODvOOCuSDjgqvjg5Djg7xbRkpMMjFd44CQ44Ki44Ot44O844K6IGVmIOOCseODvOOCuSBmamwyMSDjgrHjg7zjgrkv44Kr44OQ44O8L0NBU0Uv44KxJm1pbnVzO+OCueOAkeOAkOOCueODnuODvOODiOODleOCqeODsyDjgrnjg57jg5vjgrHjg7zjgrnjgJHjgJBQMDZEZWMxNOOAke+8muOCseODvOOCv+OCpOWxizI044CA5qW95aSp5biC5aC05bqX,44K544Oe44O844OI44OV44Kp44Oz44Ki44Kv44K744K144Oq44O85pC65biv44K544OI44Op44OD44OX44K544OI44Op44OD44OX44K544Oe44Ob44Kx44O844K544K544Oe44O844OI44OV44Kp44OzIOOCseODvOOCueOCueODnuODm+ODlOOCouOCueOCpOODpOODm+ODs+OCuOODo+ODg+OCryDjgqLjgq/jgrvjgrXjg6rjg7zjgrnjg57jg7zjg4jjg5Xjgqnjg7Pjg5TjgqLjgrnjg43jg4Pjgq/jgrnjg4jjg6njg4Pjg5fjgrnjg6/jg63jg5Xjgrnjgq3jg7wg44OU44Ki44K544K544Ov44Ot44OV44K544Kt44O8IOOCueODiOODqeODg+ODl+OCueODnuODm+OCq+ODkOODvOOCueODnuODvOODiOODleOCqeODsyDjgqvjg5Djg7zjgJBZZXMvTm/jgJHjg5/jgqTjg6njgY/jgpMg44Oa44Kk44K644Oq44O844Kw44Oq44O844OzIO+8iOOCr+ODquOCou+8iSAvIGZvciBBUlJPV1MgZWYgRkpMMjEvYXVBUlJPV1MgZWYgRkpMMjEg44Kx44O844K5IOOCq+ODkOODvFtGSkwyMV3jgJDjgqLjg63jg7zjgrogZWYg44Kx44O844K5IGZqbDIxIOOCseODvOOCuS/jgqvjg5Djg7wvQ0FTRS/jgrEmbWludXM744K544CR44CQ44K544Oe44O844OI44OV44Kp44OzIOOCueODnuODm+OCseODvOOCueOAkeOAkFAwNkRlYzE044CR,YXUgQVJST1dTIGVmIEZKTDIxIOOCseODvOOCuS/jgqvjg5Djg7zjgILjgJBZZXMvTm/jgJHjg5/jgqTjg6njgY/jgpMg44Oa44Kk44K644Oq44O844Kw44Oq44O844OzIO+8iOOCr+ODquOCou+8iSAvIGZvciBBUlJPV1MgZWYgRkpMMjEvYXVBUlJPV1MgZWYgRkpMMjEg44Kx44O844K5IOOCq+ODkOODvFtGSkwyMV3jgJDjgqLjg63jg7zjgrogZWYg44Kx44O844K5IGZqbDIxIOOCseODvOOCuS/jgqvjg5Djg7wvQ0FTRS/jgrEmbWludXM744K544CR44CQ44K544Oe44O844OI44OV44Kp44OzIOOCueODnuODm+OCseODvOOCueOAkeOAkFAwNkRlYzE044CR[rn]
10-177635,aHR0cDovL3RzaG9wLnIxMHMuanAva2ludHN1L2NhYmluZXQvcGx1cy1zL2RpYXJ5L3BsdXMtZGlhcnktMDE5NWEyLmpwZz9maXRpbj03MDA6NzAw,MTgzNi44MDAw,,44K544Oe44O844OI44OV44Kp44Oz44O744K/44OW44Os44OD44OIID4g44K544Oe44O844OI44OV44Kp44Oz44Ki44Kv44K744K144Oq44O8ID4g44K544Oe44O844OI44OV44Kp44Oz44Kx44O844K5,SFRMMjMg5omL5biz5Z6L44Kx44O844K5IOODluODq+ODvCDmsLTjga7mtYHjgowg5rC0546JIOODieODg+ODiA==,SFRMMjMg44Kx44O844K5IOaJi+W4s+WeiyDjgrnjg57jg5vjgrHjg7zjgrkg5omL5biz44Kx44O844K54piG,PGJyPjxiPuKHklBD5ZWG5ZOB44Oa44O844K444Gn6Kmz44GX44GP6KaL44KLPC9iPjxicj48YnI+Cjxmb250IGNvbG9yPSIjZmY2NmNjIj7msLTjga7mtYHjgozjgpLooajnj77jgZfjgZ/jg53jg4Pjg5fjgarjg4njg4Pjg4jmn4Tjga4gPGJyPuaJi+W4s+WeiyDjg4DjgqTjgqLjg6rjg7zjgrHjg7zjgrnjgILjg5Djg6njgqjjg4bjgqPjgoLosYrlr4zimIY8L2ZvbnQ+PGJyPgo8YnI+Cjx0YWJsZSBib3JkZXI9IjAiIGFsaWduPSJjZW50ZXIiPgo8dHI+Cjx0ZD48aW1nIHNyYz0iaHR0cDovL2ltYWdlLnJha3V0ZW4uY28uanAva2ludHN1L2NhYmluZXQvcGx1cy1zL2RpYXJ5L2RfYmxhY2tfMS5qcGciIHdpZHRoPSIzMDAiIGJvcmRlcj0iMCI+PC90ZD4KPC90cj4KPHRyPgo8dGQ+PGltZyBzcmM9Imh0dHA6Ly9pbWFnZS5yYWt1dGVuLmNvLmpwL2tpbnRzdS9jYWJpbmV0L3BsdXMtcy9kaWFyeS9kX2JsYWNrXzIuanBnIiB3aWR0aD0iMzAwIiBib3JkZXI9IjAiPjwvdGQ+PC90cj48dHI+PHRkPjxpbWcgc3JjPSJodHRwOi8vaW1hZ2UucmFrdXRlbi5jby5qcC9raW50c3UvY2FiaW5ldC9wbHVzLXMvZGlhcnkvZF9ibGFja18zLmpwZyIgd2lkdGg9IjMwMCIgYm9yZGVyPSIwIj48L3RkPgo8L3RyPjwvdGFibGU+PGJyPjxocj4K5rC044Gu5rWB44KM44KS6KGo54++44GX44Gf44Od44OD44OX44Gq44OJ44OD44OI5p+E44GuIOaJi+W4s+WeiyDjg4DjgqTjgqLjg6rjg7zjgrHjg7zjgrnjgILjg5Djg6njgqjjg4bjgqPjgoLosYrlr4zimIY8YnI+MuWAi+S7peS4iuOBlOizvOWFpe+8iDMyNDDlhobku6XkuIrvvInjgafjgIHphY3pgIHmlrnms5XjgIzpg7Xkvr/lsYDjgb7jgZ/jga/jg43jgrPjg53jgrnjgI3jgafpgIHmlpnnhKHmlpnjgavjgarjgorjgb7jgZnjgILjgYrmlK/miZXmlrnms5Xjga/jgIHku6PlvJXjgY3jgafjgoJPS++8geS7o+W8leOBjeOBruWgtOWQiOOBr+OAjOmDteS+v+WxgOOAjeOBp+mFjemAgeiHtOOBl+OBvuOBmeOAgjxicj48Zm9udCBjb2xvcj0iI2ZmMDAwMCI+5Y+X5rOo55Sf55Sj44Gu44Gf44KB44CB44GU5rOo5paH5b6M44Gu5aSJ5pu044CB6L+U5ZOB44CB44Kt44Oj44Oz44K744Or44Gv44GK5Y+X5LuY44Gn44GN44G+44Gb44KT44CCPC9mb250Pjxicj48YnI+Cue0oOadkO+8muaJi+W4s+OCseODvOOCueacrOS9k++8j+WQiOearuOAgOODj+ODvOODieOCseODvOOCue+8j+ODneODquOCq+ODvOODnOODjeODvOODiCjjg5bjg6njg4Pjgq8pPGJyPgrliqDlt6XvvJpVVuehrOWMluWei+OCpOODs+OCrzxicj4K4oC75Y2T5LiK44Ob44Or44OA44O844Gu5YWF6Zu75Zmo44Gr44Gv5a++5b+c44GX44Gm44GK44KK44G+44Gb44KT44CCKOOCseODvOOCueOCkuijheedgOOBl+OBn+OBvuOBvuOCs+ODjeOCr+OCv+ODvOOBq+ebtOaOpeW3ruOBl+i+vOOCk+OBp+OBruWFhembu+OBr+WPr+iDveOBp+OBmeKYhijkuIDpg6jpnZ7lr77lv5zmqZ/nqK7mnInjgoopKTxicj4K4oC75YaZ55yf44Gv44Kk44Oh44O844K455S75YOP44Gr44Gq44KK44G+44GZ44CC5qmf56iu44Gr44KI44Gj44Gm57W15p+E44GM5YiH44KM44KL44GT44Go44GM44GU44GW44GE44G+44GZ44CCPGJyPgrigLvlrp/nianjga7oibLjgavov5HjgaXjgZHjgovjgojjgYbjgavliqrjgoHjgabjgYTjgb7jgZnjgYzjgIHjgZTliKnnlKjjga7jg6Ljg4vjgr/jg7zjgIFQQ+OChOOCueODnuODvOODiOODleOCqeODs+OBrueSsOWig+OBq+OCiOOCiuaOsui8ieWGmeecn+OBruiJsuOBjOWun+eJqeOBruiJsuOBqOmBleOBo+OBpuimi+OBiOOCi+WgtOWQiOOBjOOBlOOBluOBhOOBvuOBmeOAggo8YnI+PGJyPgoKCgrimIYg44Gd44Gu5LuW44CB5omL5biz5Z6L44Kx44O844K55LiA6Kan44Gv44GT44Gh44KJPGJyPjxicj48YnI+Cjxmb250IGNvbG9yPSIjMzMwMDk5Ij7jgqrjgrfjg6Pjg6zjgarmiYvluLPlnovjgrHjg7zjgrk8YnI+CuODluODq+ODvCDmsLTjga7mtYHjgowg5rC0546JIOODieODg+ODiCA8L2ZvbnQ+PGJyPgo8YnI+PGJyPjxiPjxmb250IGNvbG9yPSIjZmYwMDAwIj7igLvpg6jmnZDjga7oqqTlt67jgavjgojjgovlk4HliIfjgozjgYznmbrnlJ/jgZfjgZ/loLTlkIjjga/jgIHlhaXojbfmrKHnrKzjga7oo73kvZzjg7vnmbrpgIHjgajjgarjgovloLTlkIjjgYzjgZTjgZbjgYTjgb7jgZnjgII8YnI+CuOBneOBrumam+OBr+OAgeOBlOazqOaWh+W+jOWIpemAlOODoeODvOODq+OBq+OBpuOBlOmAo+e1oeOBleOBm+OBpumgguOBjeOBvuOBmeOAgjxicj7jgb7jgZ/jgIHmiYvluLPjgavjgrnjgr/jg7Pjg4nmqZ/og70o5oqY44KK55uu77yJ44GM44Gk44GE44Gm44GE44KL5aC05ZCI44GM44GU44GW44GE44G+44GZ44CCPGJyPgrkuojjgoHjgIHjgZTkuobmib/poZjjgYTjgZfjgb7jgZnjgII8L2ZvbnQ+PC9iPjxicj48YnI+,SFRMMjMg5omL5biz5Z6L44Kx44O844K5IOODluODq+ODvCDmsLTjga7mtYHjgowg5rC0546JIOODieODg+ODiO+8muOCseODvOOCv+OCpOWxizI044CA5qW95aSp5biC5aC05bqX,44K544Oe44O844OI44OV44Kp44Oz44Ki44Kv44K744K144Oq44O85pC65biv44K544OI44Op44OD44OX44K544OI44Op44OD44OX44K544Oe44Ob44Kx44O844K544K544Oe44O844OI44OV44Kp44OzIOOCseODvOOCueOCueODnuODm+ODlOOCouOCueOCpOODpOODm+ODs+OCuOODo+ODg+OCryDjgqLjgq/jgrvjgrXjg6rjg7zjgrnjg57jg7zjg4jjg5Xjgqnjg7Pjg5TjgqLjgrnjg43jg4Pjgq/jgrnjg4jjg6njg4Pjg5fjgrnjg6/jg63jg5Xjgrnjgq3jg7wg44OU44Ki44K544K544Ov44Ot44OV44K544Kt44O8IOOCueODiOODqeODg+ODl+OCueODnuODm+OCq+ODkOODvOOCueODnuODvOODiOODleOCqeODsyDjgqvjg5Djg7xIVEwyMyDmiYvluLPlnovjgrHjg7zjgrkg44OW44Or44O8IOawtOOBrua1geOCjCDmsLTnjokg44OJ44OD44OI,SFRMMjMg44Kx44O844K5IOaJi+W4s+WeiyDjgrnjg57jg5vjgrHjg7zjgrkg5omL5biz44Kx44O844K54piG44CCSFRMMjMg5omL5biz5Z6L44Kx44O844K5IOODluODq+ODvCDmsLTjga7mtYHjgowg5rC0546JIOODieODg+ODiA==[rn]
10-177636,aHR0cDovL3RzaG9wLnIxMHMuanAva2ludHN1L2NhYmluZXQveWVzLW5vL2FmamwyMS9hZmpsMjEtcGNjbC0yMDEtbjIwMi5qcGc/Zml0aW49NzAwOjcwMA==,MzA0MC4wMDAw,,44K544Oe44O844OI44OV44Kp44Oz44O744K/44OW44Os44OD44OIID4g44K544Oe44O844OI44OV44Kp44Oz44Ki44Kv44K744K144Oq44O8ID4g44K544Oe44O844OI44OV44Kp44Oz44Kx44O844K5,44CQWWVzL05v44CR44Of44Kk44Op44GP44KTIOODmuOCpOOCuuODquODvOODlOODs+OCryDvvIjjgq/jg6rjgqLvvIkgLyBmb3IgQVJST1dTIGVmIEZKTDIxL2F1QVJST1dTIGVmIEZKTDIxIOOCseODvOOCuSDjgqvjg5Djg7xbRkpMMjFd44CQ44Ki44Ot44O844K6IGVmIOOCseODvOOCuSBmamwyMSDjgrHjg7zjgrkv44Kr44OQ44O8L0NBU0Uv44Kx77yN44K544CR44CQ44K544Oe44O844OI44OV44Kp44OzIOOCueODnuODm+OCseODvOOCueOAkeOAkFAwNkRlYzE044CR,YXUgQVJST1dTIGVmIEZKTDIxIOOCseODvOOCuS/jgqvjg5Djg7w=,PGJyPjxiPuKHklBD5ZWG5ZOB44Oa44O844K444Gn6Kmz44GX44GP6KaL44KLPC9iPjxicj48YnI+44CQ5ZWG5ZOB6Kqs5piO44CR44CA44Oa44Kk44K644Oq44O85YyF5biv44KS5be744GE44Gf44Of44Kk44Op44GP44KT44Gu5Y+v5oSb44KJ44GX44GEQVJST1dTIGVmIEZKTDIxL2F144Kx44O844K544CC44CA44CA44CQ5LuV5qeY44CR44CA57Sg5p2Q77ya44Kx44O844K55pys5L2T77yP44Od44Oq44Kr44O844Oc44ON44O844OI44CA5Yqg5bel77yaVVbnoazljJblnovjgqTjg7Pjgq/jg7vjg4jjg4Pjg5fjgrPjg7zjg4jku5XkuIrjgIDljbDliLfnr4Tlm7LvvJrlubPpnaLjg5fjg6rjg7Pjg4jjgIDvvIjlgbTpnaLjgavjg5fjg6rjg7Pjg4jjga/lhaXjgorjgb7jgZvjgpPvvInjgIDjgIDjgJDlr77lv5zmqZ/nqK7jgJHjgIBBUlJPV1MgZWYgRkpMMjEvYXXlsILnlKjjgIDigLvku5Xmp5jjga/kuojlkYrjgarjgY/lpInmm7TjgZnjgovloLTlkIjjgYzjgZTjgZbjgYTjgb7jgZnjgILjgIDigLvnlLvlg4/jga/lkIjmiJDnlLvlg4/vvIjjgqTjg6Hjg7zjgrjvvInjgavjgarjgorjgb7jgZnjgILjgIDigLvllYblk4HliqDlt6Xjga/jgZnjgbnjgabml6XmnKzlm73lhoXjga7nhp/nt7TjgZfjgZ/ogbfkurrjga7miYvkvZzmpa3jgafooYzjgo/jgozjgb7jgZnjgILjgIDigLvog4zpnaLjgIHlgbTpnaLjgpLjgZfjgaPjgYvjgorkv53orbfjgILjgIDigLvoo4XnnYDjgZfjgZ/jgb7jgb7lhYXpm7vlj6/og73vvIjjgrHjg7zjg5bjg6vjga7jgb/vvInjgIA8Zm9udCBjb2xvcj0iI2ZmMDAwMCI+5Y2T5LiK5Z6L5YWF6Zu75ZmoKOe9ruOBj+OBoOOBkeWFhembu++8ieOBq+OBr+WvvuW/nOOBl+OBpuOBiuOCiuOBvuOBm+OCk+OAgjwvZm9udD7jgIDjgIDjgZTms6jmloflvozjgIHjgbLjgajjgaTjgbLjgajjgaTogbfkurrjgavjgojjgovjg4/jg7Pjg4njg6HjgqTjg4njga7jgZ/jgoHjgIE8Zm9udCBjb2xvcj0iI2ZmMDAwMCI+55m66YCB44G+44Gn44Gr5pyA5aSn44GnMjHml6Xjgbvjgak8L2ZvbnQ+6aCC5oi06Ie044GX44Gm44GK44KK44G+44GZ44CCMuWAi+S7peS4iuOBlOizvOWFpe+8iDMyNDDlhobku6XkuIrvvInjgafjgIHphY3pgIHmlrnms5XjgIzpg7Xkvr/lsYDjgb7jgZ/jga/jg43jgrPjg53jgrnjgI3jgafpgIHmlpnnhKHmlpnjgavjgarjgorjgb7jgZnjgII8Zm9udCBjb2xvcj0iI2ZmMDAwMCI+5Y+X5rOo55Sf55Sj44Gu44Gf44KB44CB44GU5rOo5paH5b6M44Gu5aSJ5pu044CB6L+U5ZOB44CB44Kt44Oj44Oz44K744Or44Gv44GK5Y+X5LuY44Gn44GN44G+44Gb44KT44CCPC9mb250Pjxicj4=,44CQWWVzL05v44CR44Of44Kk44Op44GP44KTIOODmuOCpOOCuuODquODvOODlOODs+OCryDvvIjjgq/jg6rjgqLvvIkgLyBmb3IgQVJST1dTIGVmIEZKTDIxL2F1QVJST1dTIGVmIEZKTDIxIOOCseODvOOCuSDjgqvjg5Djg7xbRkpMMjFd44CQ44Ki44Ot44O844K6IGVmIOOCseODvOOCuSBmamwyMSDjgrHjg7zjgrkv44Kr44OQ44O8L0NBU0Uv44KxJm1pbnVzO+OCueOAkeOAkOOCueODnuODvOODiOODleOCqeODsyDjgrnjg57jg5vjgrHjg7zjgrnjgJHjgJBQMDZEZWMxNOOAke+8muOCseODvOOCv+OCpOWxizI044CA5qW95aSp5biC5aC05bqX,44K544Oe44O844OI44OV44Kp44Oz44Ki44Kv44K744K144Oq44O85pC65biv44K544OI44Op44OD44OX44K544OI44Op44OD44OX44K544Oe44Ob44Kx44O844K544K544Oe44O844OI44OV44Kp44OzIOOCseODvOOCueOCueODnuODm+ODlOOCouOCueOCpOODpOODm+ODs+OCuOODo+ODg+OCryDjgqLjgq/jgrvjgrXjg6rjg7zjgrnjg57jg7zjg4jjg5Xjgqnjg7Pjg5TjgqLjgrnjg43jg4Pjgq/jgrnjg4jjg6njg4Pjg5fjgrnjg6/jg63jg5Xjgrnjgq3jg7wg44OU44Ki44K544K544Ov44Ot44OV44K544Kt44O8IOOCueODiOODqeODg+ODl+OCueODnuODm+OCq+ODkOODvOOCueODnuODvOODiOODleOCqeODsyDjgqvjg5Djg7zjgJBZZXMvTm/jgJHjg5/jgqTjg6njgY/jgpMg44Oa44Kk44K644Oq44O844OU44Oz44KvIO+8iOOCr+ODquOCou+8iSAvIGZvciBBUlJPV1MgZWYgRkpMMjEvYXVBUlJPV1MgZWYgRkpMMjEg44Kx44O844K5IOOCq+ODkOODvFtGSkwyMV3jgJDjgqLjg63jg7zjgrogZWYg44Kx44O844K5IGZqbDIxIOOCseODvOOCuS/jgqvjg5Djg7wvQ0FTRS/jgrEmbWludXM744K544CR44CQ44K544Oe44O844OI44OV44Kp44OzIOOCueODnuODm+OCseODvOOCueOAkeOAkFAwNkRlYzE044CR,YXUgQVJST1dTIGVmIEZKTDIxIOOCseODvOOCuS/jgqvjg5Djg7zjgILjgJBZZXMvTm/jgJHjg5/jgqTjg6njgY/jgpMg44Oa44Kk44K644Oq44O844OU44Oz44KvIO+8iOOCr+ODquOCou+8iSAvIGZvciBBUlJPV1MgZWYgRkpMMjEvYXVBUlJPV1MgZWYgRkpMMjEg44Kx44O844K5IOOCq+ODkOODvFtGSkwyMV3jgJDjgqLjg63jg7zjgrogZWYg44Kx44O844K5IGZqbDIxIOOCseODvOOCuS/jgqvjg5Djg7wvQ0FTRS/jgrEmbWludXM744K544CR44CQ44K544Oe44O844OI44OV44Kp44OzIOOCueODnuODm+OCseODvOOCueOAkeOAkFAwNkRlYzE044CR[rn]
10-177637,aHR0cDovL3RzaG9wLnIxMHMuanAva2ludHN1L2NhYmluZXQvcGx1cy1zL24vc2gtMDFnL3BzLXNoMDFnLTEwNjZhLmpwZz9maXRpbj03MDA6NzAw,MTYwMC4wMDAw,,44K544Oe44O844OI44OV44Kp44Oz44O744K/44OW44Os44OD44OIID4g44K544Oe44O844OI44OV44Kp44Oz44Ki44Kv44K744K144Oq44O8ID4g44K544Oe44O844OI44OV44Kp44Oz44Kx44O844K5,ZG9jb21vIEFRVU9TIFpFVEEgU0gtMDFHIOOCseODvOOCuSDjgqvjg5Djg7wg44K544OO44Km44Kv44Oq44K544K/44OrIOmbquOBrue1kOaZtiBUWVBFNiAgZm9yIEFRVU9TIFpFVEEgU0gtMDFHIOOCseODvOOCuSDjgqvjg5Djg7xbemV0YSBzaC0wMWdd44CQ44Ki44Kv44Kq44K544OV44Kp44OzIOOCq+ODkOODvCBzaDAxZyDjg6njgrDjgrgg44Op44OW44OqIOODj+ODvOODiSDjg6bjg4vjg7zjgq8gQ0FTRS/jgrHvvI3jgrnjgJHjgJDjgrnjg57jg5vjgqvjg5Djg7wg44K544Oe44Ob44Kx44O844K544CR,MuWAi+S7peS4iuOBp+mAgeaWmeeEoeaWme+8gUFRVU9TIFpFVEEgU0gtMDFHIOOCseODvOOCuS/jgqvjg5Djg7w=,PGJyPjxiPuKHklBD5ZWG5ZOB44Oa44O844K444Gn6Kmz44GX44GP6KaL44KLPC9iPjxicj48YnI+576O44GX44GE6Zuq44Gu57WQ5pm244GM44OX44Oq44Oz44OI44OH44K244Kk44Oz44GV44KM44GfU0gtMDFH44Kv44Oq44KiIOOCseODvOOCueOAgjxicj4gMuWAi+S7peS4iuOBlOizvOWFpe+8iDMyNDDlhobku6XkuIrvvInjgafjgIHphY3pgIHmlrnms5XjgIzpg7Xkvr/lsYDjgb7jgZ/jga/jg43jgrPjg53jgrnjgI3jgafpgIHmlpnnhKHmlpnjgavjgarjgorjgb7jgZnjgILjgYrmlK/miZXmlrnms5Xjga/jgIHku6PlvJXjgY3jgafjgoJPS++8geS7o+W8leOBjeOBruWgtOWQiOOBr+OAjOmDteS+v+WxgOOAjeOBp+mFjemAgeiHtOOBl+OBvuOBmeOAgjxicj48Zm9udCBjb2xvcj0iI2ZmMDAwMCI+5Y+X5rOo55Sf55Sj44Gu44Gf44KB44CB44GU5rOo5paH5b6M44Gu5aSJ5pu044CB6L+U5ZOB44CB44Kt44Oj44Oz44K744Or44Gv44GK5Y+X5LuY44Gn44GN44G+44Gb44KT44CCPC9mb250Pjxicj48YnI+IOKAu+e0oOadkO+8muOCr+ODquOCouOCseODvOOCueacrOS9k++8j+ODneODquOCq+ODvOODnOODjeODvOODiOWKoOW3pSjjgq/jg6rjgqLjgrHjg7zjgrkp77yaVVbnoazljJblnovjgqTjg7Pjgq/vvIjlgbTpnaLjgavjg5fjg6rjg7Pjg4jjga/lhaXjgorjgb7jgZvjgpPvvIk8YnI+4oC75Y2T5LiK44Ob44Or44OA44O844Gu5YWF6Zu75Zmo44Gr44Gv5a++5b+c44GX44Gm44GK44KK44G+44Gb44KT44CCKOOCseODvOOCueOCkuijheedgOOBl+OBn+OBvuOBvuOCs+ODjeOCr+OCv+ODvOOBq+ebtOaOpeW3ruOBl+i+vOOCk+OBp+OBruWFhembu+OBr+WPr+iDveOBp+OBmeKYhik8YnI+PGJyPiDimIYg44Gd44Gu5LuW44CBU0gtMDFH5LiA6Kan44Gv44GT44Gh44KJPGJyPjxicj48YnI+PHRhYmxlPgo8dHI+Cjx0ZCBhbGlnbj0iY2VudGVyIj48Zm9udCBzaXplPSIzIj7ilrzilrzilrzjgrHjg7zjgrnoo4XnnYDjgqTjg6Hjg7zjgrjkvovjga/ilrzilrzilrw8YnI+Jmd0OyZndDsmZ3Q7Jmd0O+KYhuOBk+OBoeOCieKYhiZsdDsmbHQ7Jmx0OyZsdDs8L2ZvbnQ+PGJyPjxicj48aW1nIHNyYz0iaHR0cDovL2ltYWdlLnJha3V0ZW4uY28uanAva2ludHN1L2NhYmluZXQvcGx1cy1zL2t5b3V0c3UvZnVsbHRleDAyLmpwZyIgd2lkdGg9IjMwMCIgYm9yZGVyPSIwIiBhbHQ9IiIgLz48YnIgLz4KPGJyPgo8YnI+Cjxmb250IHNpemU9IjMiPuOCueODjuOCpuOCr+ODquOCueOCv+ODqyDpm6rjga7ntZDmmbYgVFlQRTYgPGJyPjwvZm9udD48YnIgLz4KIDxpbWcgc3JjPSJodHRwOi8vaW1hZ2UucmFrdXRlbi5jby5qcC9raW50c3UvY2FiaW5ldC9wbHVzLXMvbi9zaC0wMWcvcHMtc2gwMWctMTA2NmEuanBnIiAgd2lkdGg9IjMwMCIgYm9yZGVyPSIwIiBhbHQ9IiIgLz48YnI+PGJyPgo8Zm9udD7nvo7jgZfjgYTpm6rjga7ntZDmmbbjgYzjg5fjg6rjg7Pjg4jjg4fjgrbjgqTjg7PjgZXjgozjgZ9TSC0wMUfjgq/jg6rjgqIg44Kx44O844K544CCPC9mb250PjxiciAvPjxiciAvPgo8Zm9udCBzaXplPSIyIj7jgYrlpb3jgb/jga7jg4fjgrbjgqTjg7PjgpLjg5Xjg6vjgavmpb3jgZfjgoHjgovjgrHjg7zjgrnlhajpnaLjg5fjg6rjg7Pjg4jku5Xmp5jvvIHlgbTpnaLjgq/jg6rjgqLjgarjga7jgafjgIHkuIvlnLDjga7mnKzkvZPjgqvjg6njg7zjgpLmtLvjgYvjgZfjgb7jgZnimarml6XmnKzoo73jgonjgZfjgYTnvo7jgZfjgYTprq7jgoTjgYvjgarjg4fjgrbjgqTjg7PjgYzmpb3jgZfjgoHjgovlvZPlupfoh6rmhaLjga7jgqrjg6rjgrjjg4rjg6vjg5fjg6rjg7Pjg4jjgrHjg7zjgrnjgafjgZnimao8YnIgLz5tYWRlIGluIGphcGFuPC9mb250PjxiciAvPjxiciAvPgo8aW1nIHNyYz0iaHR0cDovL2ltYWdlLnJha3V0ZW4uY28uanAva2ludHN1L2NhYmluZXQvcGx1cy1zL2t5b3V0c3UvZmlsbV9wcmU2LmpwZyIgd2lkdGg9IjMwMCIgYm9yZGVyPSIwIiBhbHQ9IiIgLz48L3RkPgo8L3RyPgo8dHI+Cjx0ZCBhbGlnbj0icmlnaHQiPjxiciAvPjxiPjxmb250IHNpemU9IjMiPiZndDsmZ3Q75LuW44CBU0gtMDFH5LiA6Kan44Gv44GT44Gh44KJPC9mb250PjwvYj48YnIgLz48YnIgLz4KPC90ZD4KPC90cj4KPC90YWJsZT4=,ZG9jb21vIEFRVU9TIFpFVEEgU0gtMDFHIOOCseODvOOCuSDjgqvjg5Djg7wg44K544OO44Km44Kv44Oq44K544K/44OrIOmbquOBrue1kOaZtiBUWVBFNiAgZm9yIEFRVU9TIFpFVEEgU0gtMDFHIOOCseODvOOCuSDjgqvjg5Djg7xbemV0YSBzaC0wMWdd44CQ44Ki44Kv44Kq44K544OV44Kp44OzIOOCq+ODkOODvCBzaDAxZyDjg6njgrDjgrgg44Op44OW44OqIOODj+ODvOODiSDjg6bjg4vjg7zjgq8gQ0FTRS/jgrEmbWludXM744K544CR44CQ44K544Oe44Ob44Kr44OQ44O8IOOCueODnuODm+OCseODvOOCueOAke+8muOCseODvOOCv+OCpOWxizI044CA5qW95aSp5biC5aC05bqX,44K544Oe44O844OI44OV44Kp44Oz44Ki44Kv44K744K144Oq44O85pC65biv44K544OI44Op44OD44OX44K544OI44Op44OD44OX44K544Oe44Ob44Kx44O844K544K544Oe44O844OI44OV44Kp44OzIOOCseODvOOCueOCueODnuODm+ODlOOCouOCueOCpOODpOODm+ODs+OCuOODo+ODg+OCryDjgqLjgq/jgrvjgrXjg6rjg7zjgrnjg57jg7zjg4jjg5Xjgqnjg7Pjg5TjgqLjgrnjg43jg4Pjgq/jgrnjg4jjg6njg4Pjg5fjgrnjg6/jg63jg5Xjgrnjgq3jg7wg44OU44Ki44K544K544Ov44Ot44OV44K544Kt44O8IOOCueODiOODqeODg+ODl+OCueODnuODm+OCq+ODkOODvOOCueODnuODvOODiOODleOCqeODsyDjgqvjg5Djg7xkb2NvbW8gQVFVT1MgWkVUQSBTSC0wMUcg44Kx44O844K5IOOCq+ODkOODvCDjgrnjg47jgqbjgq/jg6rjgrnjgr/jg6sg6Zuq44Gu57WQ5pm2IFRZUEU2ICBmb3IgQVFVT1MgWkVUQSBTSC0wMUcg44Kx44O844K5IOOCq+ODkOODvFt6ZXRhIHNoLTAxZ13jgJDjgqLjgq/jgqrjgrnjg5Xjgqnjg7Mg44Kr44OQ44O8IHNoMDFnIOODqeOCsOOCuCDjg6njg5bjg6og44OP44O844OJIOODpuODi+ODvOOCryBDQVNFL+OCsSZtaW51czvjgrnjgJHjgJDjgrnjg57jg5vjgqvjg5Djg7wg44K544Oe44Ob44Kx44O844K544CR,MuWAi+S7peS4iuOBp+mAgeaWmeeEoeaWme+8gUFRVU9TIFpFVEEgU0gtMDFHIOOCseODvOOCuS/jgqvjg5Djg7zjgIJkb2NvbW8gQVFVT1MgWkVUQSBTSC0wMUcg44Kx44O844K5IOOCq+ODkOODvCDjgrnjg47jgqbjgq/jg6rjgrnjgr/jg6sg6Zuq44Gu57WQ5pm2IFRZUEU2ICBmb3IgQVFVT1MgWkVUQSBTSC0wMUcg44Kx44O844K5IOOCq+ODkOODvFt6ZXRhIHNoLTAxZ13jgJDjgqLjgq/jgqrjgrnjg5Xjgqnjg7Mg44Kr44OQ44O8IHNoMDFnIOODqeOCsOOCuCDjg6njg5bjg6og44OP44O844OJIOODpuODi+ODvOOCryBDQVNFL+OCsSZtaW51czvjgrnjgJHjgJDjgrnjg57jg5vjgqvjg5Djg7wg44K544Oe44Ob44Kx44O844K544CR[rn]
10-177638,aHR0cDovL3RzaG9wLnIxMHMuanAva2ludHN1L2NhYmluZXQvcGx1cy1zL2RpYXJ5L3BsdXMtZGlhcnktbXVkMDAwNWEyLmpwZz9maXRpbj03MDA6NzAw,MTgzNi44MDAw,,44K544Oe44O844OI44OV44Kp44Oz44O744K/44OW44Os44OD44OIID4g44K544Oe44O844OI44OV44Kp44Oz44Ki44Kv44K744K144Oq44O8ID4g44K544Oe44O844OI44OV44Kp44Oz44Kx44O844K5,SFRMMjMg5omL5biz5Z6L44Kx44O844K5IOODmuOCpOODs+ODiOODu+e1teOBruWFtw==,SFRMMjMg44Kx44O844K5IOaJi+W4s+WeiyDjgrnjg57jg5vjgrHjg7zjgrkg5omL5biz44Kx44O844K54piG,PGJyPjxiPuKHklBD5ZWG5ZOB44Oa44O844K444Gn6Kmz44GX44GP6KaL44KLPC9iPjxicj48YnI+Cjxmb250IGNvbG9yPSIjZmY2NmNjIj7jg5rjgqTjg7Pjg4jjg7vntbXjga7lhbfjgYzpo5vjgbPmlaPjgovoirjooZPnmoQgPGJyPuaJi+W4s+WeiyDjg4DjgqTjgqLjg6rjg7zjgrHjg7zjgrnjgILjg5Djg6njgqjjg4bjgqPjgoLosYrlr4zimIY8L2ZvbnQ+PGJyPgo8YnI+Cjx0YWJsZSBib3JkZXI9IjAiIGFsaWduPSJjZW50ZXIiPgo8dHI+Cjx0ZD48aW1nIHNyYz0iaHR0cDovL2ltYWdlLnJha3V0ZW4uY28uanAva2ludHN1L2NhYmluZXQvcGx1cy1zL2RpYXJ5L2RfYmxhY2tfMS5qcGciIHdpZHRoPSIzMDAiIGJvcmRlcj0iMCI+PC90ZD4KPC90cj4KPHRyPgo8dGQ+PGltZyBzcmM9Imh0dHA6Ly9pbWFnZS5yYWt1dGVuLmNvLmpwL2tpbnRzdS9jYWJpbmV0L3BsdXMtcy9kaWFyeS9kX2JsYWNrXzIuanBnIiB3aWR0aD0iMzAwIiBib3JkZXI9IjAiPjwvdGQ+PC90cj48dHI+PHRkPjxpbWcgc3JjPSJodHRwOi8vaW1hZ2UucmFrdXRlbi5jby5qcC9raW50c3UvY2FiaW5ldC9wbHVzLXMvZGlhcnkvZF9ibGFja18zLmpwZyIgd2lkdGg9IjMwMCIgYm9yZGVyPSIwIj48L3RkPgo8L3RyPjwvdGFibGU+PGJyPjxocj4K44Oa44Kk44Oz44OI44O757W144Gu5YW344GM6aOb44Gz5pWj44KL6Iq46KGT55qEIOaJi+W4s+WeiyDjg4DjgqTjgqLjg6rjg7zjgrHjg7zjgrnjgILjg5Djg6njgqjjg4bjgqPjgoLosYrlr4zimIY8YnI+CjLlgIvku6XkuIrjgZTos7zlhaXvvIgzMjQw5YaG5Lul5LiK77yJ44Gn44CB6YWN6YCB5pa55rOV44CM6YO15L6/5bGA44G+44Gf44Gv44ON44Kz44Od44K544CN44Gn6YCB5paZ54Sh5paZ44Gr44Gq44KK44G+44GZ44CC44GK5pSv5omV5pa55rOV44Gv44CB5Luj5byV44GN44Gn44KCT0vvvIHku6PlvJXjgY3jga7loLTlkIjjga/jgIzpg7Xkvr/lsYDjgI3jgafphY3pgIHoh7TjgZfjgb7jgZnjgII8YnI+Cjxmb250IGNvbG9yPSIjZmYwMDAwIj7lj5fms6jnlJ/nlKPjga7jgZ/jgoHjgIHjgZTms6jmloflvozjga7lpInmm7TjgIHov5Tlk4HjgIHjgq3jg6Pjg7Pjgrvjg6vjga/jgYrlj5fku5jjgafjgY3jgb7jgZvjgpPjgII8L2ZvbnQ+Cjxicj48YnI+Cue0oOadkO+8muaJi+W4s+OCseODvOOCueacrOS9k++8j+WQiOearuOAgOODj+ODvOODieOCseODvOOCue+8j+ODneODquOCq+ODvOODnOODjeODvOODiCjjg5bjg6njg4Pjgq8pPGJyPgrliqDlt6XvvJpVVuehrOWMluWei+OCpOODs+OCrzxicj4K4oC75Y2T5LiK44Ob44Or44OA44O844Gu5YWF6Zu75Zmo44Gr44Gv5a++5b+c44GX44Gm44GK44KK44G+44Gb44KT44CCKOOCseODvOOCueOCkuijheedgOOBl+OBn+OBvuOBvuOCs+ODjeOCr+OCv+ODvOOBq+ebtOaOpeW3ruOBl+i+vOOCk+OBp+OBruWFhembu+OBr+WPr+iDveOBp+OBmeKYhijkuIDpg6jpnZ7lr77lv5zmqZ/nqK7mnInjgoopKTxicj4K4oC75YaZ55yf44Gv44Kk44Oh44O844K455S75YOP44Gr44Gq44KK44G+44GZ44CC5qmf56iu44Gr44KI44Gj44Gm57W15p+E44GM5YiH44KM44KL44GT44Go44GM44GU44GW44GE44G+44GZ44CCPGJyPgrigLvlrp/nianjga7oibLjgavov5HjgaXjgZHjgovjgojjgYbjgavliqrjgoHjgabjgYTjgb7jgZnjgYzjgIHjgZTliKnnlKjjga7jg6Ljg4vjgr/jg7zjgIFQQ+OChOOCueODnuODvOODiOODleOCqeODs+OBrueSsOWig+OBq+OCiOOCiuaOsui8ieWGmeecn+OBruiJsuOBjOWun+eJqeOBruiJsuOBqOmBleOBo+OBpuimi+OBiOOCi+WgtOWQiOOBjOOBlOOBluOBhOOBvuOBmeOAggo8YnI+PGJyPgoKCgoK4piGIOOBneOBruS7luOAgeaJi+W4s+Wei+OCseODvOOCueS4gOimp+OBr+OBk+OBoeOCiTxicj48YnI+PGJyPgo8Zm9udCBjb2xvcj0iIzMzMDA5OSI+44Kq44K344Oj44Os44Gq5omL5biz5Z6L44Kx44O844K5PGJyPgrjg5rjgqTjg7Pjg4jjg7vntbXjga7lhbfjgYzpo5vjgbPmlaPjgovoirjooZPnmoQg6YG444G544KL5YWoNuOCv+OCpOODlzwvZm9udD48YnI+PGJyPjxmb250IGNvbG9yPSIjRkYwMDAwIj48Yj7igLvjg4fjgrbjgqTjg7Pjg7vjgqvjg6njg7zjga7opovmnKzjga/jg5rjg7zjgrjjga7kuIDnlarkuIrjgavjgYLjgovllYblk4HnlLvlg4/jga7vvJLmnprnm67ku6XpmY3jgpLjgZTopqfjgY/jgaDjgZXjgYTjgII8L2I+PC9mb250Pgo8YnI+PGJyPjxiPjxmb250IGNvbG9yPSIjZmYwMDAwIj7igLvpg6jmnZDjga7oqqTlt67jgavjgojjgovlk4HliIfjgozjgYznmbrnlJ/jgZfjgZ/loLTlkIjjga/jgIHlhaXojbfmrKHnrKzjga7oo73kvZzjg7vnmbrpgIHjgajjgarjgovloLTlkIjjgYzjgZTjgZbjgYTjgb7jgZnjgII8YnI+CuOBneOBrumam+OBr+OAgeOBlOazqOaWh+W+jOWIpemAlOODoeODvOODq+OBq+OBpuOBlOmAo+e1oeOBleOBm+OBpumgguOBjeOBvuOBmeOAgjxicj7jgb7jgZ/jgIHmiYvluLPjgavjgrnjgr/jg7Pjg4nmqZ/og70o5oqY44KK55uu77yJ44GM44Gk44GE44Gm44GE44KL5aC05ZCI44GM44GU44GW44GE44G+44GZ44CCPGJyPgrkuojjgoHjgIHjgZTkuobmib/poZjjgYTjgZfjgb7jgZnjgII8L2ZvbnQ+PC9iPjxicj48YnI+,SFRMMjMg5omL5biz5Z6L44Kx44O844K5IOODmuOCpOODs+ODiOODu+e1teOBruWFt++8muOCseODvOOCv+OCpOWxizI044CA5qW95aSp5biC5aC05bqX,44K544Oe44O844OI44OV44Kp44Oz44Ki44Kv44K744K144Oq44O85pC65biv44K544OI44Op44OD44OX44K544OI44Op44OD44OX44K544Oe44Ob44Kx44O844K544K544Oe44O844OI44OV44Kp44OzIOOCseODvOOCueOCueODnuODm+ODlOOCouOCueOCpOODpOODm+ODs+OCuOODo+ODg+OCryDjgqLjgq/jgrvjgrXjg6rjg7zjgrnjg57jg7zjg4jjg5Xjgqnjg7Pjg5TjgqLjgrnjg43jg4Pjgq/jgrnjg4jjg6njg4Pjg5fjgrnjg6/jg63jg5Xjgrnjgq3jg7wg44OU44Ki44K544K544Ov44Ot44OV44K544Kt44O8IOOCueODiOODqeODg+ODl+OCueODnuODm+OCq+ODkOODvOOCueODnuODvOODiOODleOCqeODsyDjgqvjg5Djg7xIVEwyMyDmiYvluLPlnovjgrHjg7zjgrkg44Oa44Kk44Oz44OI44O757W144Gu5YW3,SFRMMjMg44Kx44O844K5IOaJi+W4s+WeiyDjgrnjg57jg5vjgrHjg7zjgrkg5omL5biz44Kx44O844K54piG44CCSFRMMjMg5omL5biz5Z6L44Kx44O844K5IOODmuOCpOODs+ODiOODu+e1teOBruWFtw==[rn]
10-177639,aHR0cDovL3RzaG9wLnIxMHMuanAva2ludHN1L2NhYmluZXQvc2Vjb25kX3NraW4vZmpsMjEtYS9hZmpsMjEtcGNjbC0yMDEteTIyNy5qcGc/Zml0aW49NzAwOjcwMA==,MzA0MC4wMDAw,,44K544Oe44O844OI44OV44Kp44Oz44O744K/44OW44Os44OD44OIID4g44K544Oe44O844OI44OV44Kp44Oz44Ki44Kv44K744K144Oq44O8ID4g44K544Oe44O844OI44OV44Kp44Oz44Kx44O844K5,44CQ44K544Oe44Ob44Kx44O844K544CR44OJ44OD44OI44K544OI44Op44Kk44OXIOODm+ODr+OCpOODiMOX44ON44Kk44OT44O8IO+8iOOCr+ODquOCou+8iSAvIGZvciBBUlJPV1MgZWYgRkpMMjEvYXUg44CQ44Ki44Ot44O844K6IOOCseODvOOCuS/jgqvjg5Djg7wvQ0FTRS/jgrHvvI3jgrnjgJHjgJDjgrnjg57jg7zjg4jjg5Xjgqnjg7Mg44Kx44O844K5IOOCq+ODkOODvOOAkeOAkOaXpeacrOijvSBTRUNPTkQgU0tJTuOAkSAvIGZqbDIxIOOCseODvOOCuSDjgqvjg5Djg7zjgJBQMDZEZWMxNOOAkQ==,YXUgQVJST1dTIGVmIEZKTDIxIOOCseODvOOCuSDjgqvjg5Djg7w=,PGJyPjxiPuKHklBD5ZWG5ZOB44Oa44O844K444Gn6Kmz44GX44GP6KaL44KLPC9iPjxicj48YnI+44K344Oz44OX44Or44Gn44GE44Gm5paw6a6u44Gq44OH44K244Kk44Oz44GuQVJST1dTIGVmIEZKTDIxL2F144Kx44O844K544CC44CA57Sg5p2Q77ya44Kx44O844K55pys5L2T77yP44Od44Oq44Kr44O844Oc44ON44O844OI44CA5Yqg5bel77yaVVbnoazljJblnovjgqTjg7Pjgq/jg7vjg4jjg4Pjg5fjgrPjg7zjg4jku5XkuIrjgIDljbDliLfnr4Tlm7LvvJrlubPpnaLjg5fjg6rjg7Pjg4jvvIjlgbTpnaLjgavjg5fjg6rjg7Pjg4jjga/lhaXjgorjgb7jgZvjgpPvvIk8YnI+44CA44GU5rOo5paH5b6M44CB44Gy44Go44Gk44Gy44Go44Gk6IG35Lq644Gr44KI44KL44OP44Oz44OJ44Oh44Kk44OJ44Gu44Gf44KB44CBPGZvbnQgY29sb3I9IiNmZjAwMDAiPueZuumAgeOBvuOBp+OBq+acgOWkp+OBpzIx5pel44G744GpPC9mb250PumgguaItOiHtOOBl+OBpuOBiuOCiuOBvuOBmeOAgjxicj4gPGJyPjxmb250IGNvbG9yPSIjZmYwMDAwIj7lj5fms6jnlJ/nlKPjga7jgZ/jgoHjgIHjgZTms6jmloflvozjga7lpInmm7TjgIHov5Tlk4HjgIHjgq3jg6Pjg7Pjgrvjg6vjga/jgYrlj5fku5jjgafjgY3jgb7jgZvjgpPjgII8L2ZvbnQ+,44CQ44K544Oe44Ob44Kx44O844K544CR44OJ44OD44OI44K544OI44Op44Kk44OXIOODm+ODr+OCpOODiCZ0aW1lczvjg43jgqTjg5Pjg7wg77yI44Kv44Oq44Ki77yJIC8gZm9yIEFSUk9XUyBlZiBGSkwyMS9hdSDjgJDjgqLjg63jg7zjgrog44Kx44O844K5L+OCq+ODkOODvC9DQVNFL+OCsSZtaW51czvjgrnjgJHjgJDjgrnjg57jg7zjg4jjg5Xjgqnjg7Mg44Kx44O844K5IOOCq+ODkOODvOOAkeOAkOaXpeacrOijvSBTRUNPTkQgU0tJTuOAkSAvIGZqbDIxIOOCseODvOOCuSDjgqvjg5Djg7zjgJBQMDZEZWMxNOOAke+8muOCseODvOOCv+OCpOWxizI044CA5qW95aSp5biC5aC05bqX,44K544Oe44O844OI44OV44Kp44Oz44Ki44Kv44K744K144Oq44O85pC65biv44K544OI44Op44OD44OX44K544OI44Op44OD44OX44K544Oe44Ob44Kx44O844K544K544Oe44O844OI44OV44Kp44OzIOOCseODvOOCueOCueODnuODm+ODlOOCouOCueOCpOODpOODm+ODs+OCuOODo+ODg+OCryDjgqLjgq/jgrvjgrXjg6rjg7zjgrnjg57jg7zjg4jjg5Xjgqnjg7Pjg5TjgqLjgrnjg43jg4Pjgq/jgrnjg4jjg6njg4Pjg5fjgrnjg6/jg63jg5Xjgrnjgq3jg7wg44OU44Ki44K544K544Ov44Ot44OV44K544Kt44O8IOOCueODiOODqeODg+ODl+OCueODnuODm+OCq+ODkOODvOOCueODnuODvOODiOODleOCqeODsyDjgqvjg5Djg7zjgJDjgrnjg57jg5vjgrHjg7zjgrnjgJHjg4njg4Pjg4jjgrnjg4jjg6njgqTjg5cg44Ob44Ov44Kk44OIJnRpbWVzO+ODjeOCpOODk+ODvCDvvIjjgq/jg6rjgqLvvIkgLyBmb3IgQVJST1dTIGVmIEZKTDIxL2F1IOOAkOOCouODreODvOOCuiDjgrHjg7zjgrkv44Kr44OQ44O8L0NBU0Uv44KxJm1pbnVzO+OCueOAkeOAkOOCueODnuODvOODiOODleOCqeODsyDjgrHjg7zjgrkg44Kr44OQ44O844CR44CQ5pel5pys6KO9IFNFQ09ORCBTS0lO44CRIC8gZmpsMjEg44Kx44O844K5IOOCq+ODkOODvOOAkFAwNkRlYzE044CR,YXUgQVJST1dTIGVmIEZKTDIxIOOCseODvOOCuSDjgqvjg5Djg7zjgILjgJDjgrnjg57jg5vjgrHjg7zjgrnjgJHjg4njg4Pjg4jjgrnjg4jjg6njgqTjg5cg44Ob44Ov44Kk44OIJnRpbWVzO+ODjeOCpOODk+ODvCDvvIjjgq/jg6rjgqLvvIkgLyBmb3IgQVJST1dTIGVmIEZKTDIxL2F1IOOAkOOCouODreODvOOCuiDjgrHjg7zjgrkv44Kr44OQ44O8L0NBU0Uv44KxJm1pbnVzO+OCueOAkeOAkOOCueODnuODvOODiOODleOCqeODsyDjgrHjg7zjgrkg44Kr44OQ44O844CR44CQ5pel5pys6KO9IFNFQ09ORCBTS0lO44CRIC8gZmpsMjEg44Kx44O844K5IOOCq+ODkOODvOOAkFAwNkRlYzE044CR[rn]
10-177640,aHR0cDovL3RzaG9wLnIxMHMuanAva2ludHN1L2NhYmluZXQvcGx1cy1zL24vc2gtMDFnL3BzLXNoMDFnLTEwMDJhLmpwZz9maXRpbj03MDA6NzAw,MTYwMC4wMDAw,,44K544Oe44O844OI44OV44Kp44Oz44O744K/44OW44Os44OD44OIID4g44K544Oe44O844OI44OV44Kp44Oz44Ki44Kv44K744K144Oq44O8ID4g44K544Oe44O844OI44OV44Kp44Oz44Kx44O844K5,ZG9jb21vIEFRVU9TIFpFVEEgU0gtMDFHIOOCseODvOOCuSDjgqvjg5Djg7wg77yS5Yy544Gu44GG44GV44GOIFRZUEUx44Km44K144KuIGZvciBBUVVPUyBaRVRBIFNILTAxRyDjgrHjg7zjgrkg44Kr44OQ44O8W3pldGEgc2gtMDFnXeOAkOOCouOCr+OCquOCueODleOCqeODsyDjgqvjg5Djg7wgc2gwMWcg44Op44Kw44K4IOODqeODluODqiDjg4/jg7zjg4kg44Om44OL44O844KvIENBU0Uv44Kx77yN44K544CR44CQ44K544Oe44Ob44Kr44OQ44O8IOOCueODnuODm+OCseODvOOCueOAkQ==,MuWAi+S7peS4iuOBp+mAgeaWmeeEoeaWme+8gUFRVU9TIFpFVEEgU0gtMDFHIOOCseODvOOCuS/jgqvjg5Djg7w=,PGJyPjxiPuKHklBD5ZWG5ZOB44Oa44O844K444Gn6Kmz44GX44GP6KaL44KLPC9iPjxicj48YnI+44ON44K244O844Op44Oz44OJ44Go44Ob44O844Op44Oz44OJ44Ot44OD44OX44GMMuWMueOBquOCieOCk+OBoOWPr+aEm+OBhOOBhuOBleOBjuOBriBTSC0wMUfjgq/jg6rjgqIg44Kx44O844K544CCPGJyPiAy5YCL5Lul5LiK44GU6LO85YWl77yIMzI0MOWGhuS7peS4iu+8ieOBp+OAgemFjemAgeaWueazleOAjOmDteS+v+WxgOOBvuOBn+OBr+ODjeOCs+ODneOCueOAjeOBp+mAgeaWmeeEoeaWmeOBq+OBquOCiuOBvuOBmeOAguOBiuaUr+aJleaWueazleOBr+OAgeS7o+W8leOBjeOBp+OCgk9L77yB5Luj5byV44GN44Gu5aC05ZCI44Gv44CM6YO15L6/5bGA44CN44Gn6YWN6YCB6Ie044GX44G+44GZ44CCPGJyPjxmb250IGNvbG9yPSIjZmYwMDAwIj7lj5fms6jnlJ/nlKPjga7jgZ/jgoHjgIHjgZTms6jmloflvozjga7lpInmm7TjgIHov5Tlk4HjgIHjgq3jg6Pjg7Pjgrvjg6vjga/jgYrlj5fku5jjgafjgY3jgb7jgZvjgpPjgII8L2ZvbnQ+PGJyPjxicj4g4oC757Sg5p2Q77ya44Kv44Oq44Ki44Kx44O844K55pys5L2T77yP44Od44Oq44Kr44O844Oc44ON44O844OI5Yqg5belKOOCr+ODquOCouOCseODvOOCuSnvvJpVVuehrOWMluWei+OCpOODs+OCr++8iOWBtOmdouOBq+ODl+ODquODs+ODiOOBr+WFpeOCiuOBvuOBm+OCk++8iTxicj7igLvljZPkuIrjg5vjg6vjg4Djg7zjga7lhYXpm7vlmajjgavjga/lr77lv5zjgZfjgabjgYrjgorjgb7jgZvjgpPjgIIo44Kx44O844K544KS6KOF552A44GX44Gf44G+44G+44Kz44ON44Kv44K/44O844Gr55u05o6l5beu44GX6L6844KT44Gn44Gu5YWF6Zu744Gv5Y+v6IO944Gn44GZ4piGKTxicj48YnI+IOKYhiDjgZ3jga7ku5bjgIFTSC0wMUfkuIDopqfjga/jgZPjgaHjgok8YnI+PGJyPjxicj48dGFibGU+Cjx0cj4KPHRkIGFsaWduPSJjZW50ZXIiPjxmb250IHNpemU9IjMiPuKWvOKWvOKWvOOCseODvOOCueijheedgOOCpOODoeODvOOCuOS+i+OBr+KWvOKWvOKWvDxicj4mZ3Q7Jmd0OyZndDsmZ3Q74piG44GT44Gh44KJ4piGJmx0OyZsdDsmbHQ7Jmx0OzwvZm9udD48YnI+PGJyPjxpbWcgc3JjPSJodHRwOi8vaW1hZ2UucmFrdXRlbi5jby5qcC9raW50c3UvY2FiaW5ldC9wbHVzLXMva3lvdXRzdS9mdWxsdGV4MDIuanBnIiB3aWR0aD0iMzAwIiBib3JkZXI9IjAiIGFsdD0iIiAvPjxiciAvPgo8YnI+Cjxicj4KPGZvbnQgc2l6ZT0iMyI+77yS5Yy544Gu44GG44GV44GOIFRZUEUx44Km44K144KuPGJyPjwvZm9udD48YnIgLz4KIDxpbWcgc3JjPSJodHRwOi8vaW1hZ2UucmFrdXRlbi5jby5qcC9raW50c3UvY2FiaW5ldC9wbHVzLXMvbi9zaC0wMWcvcHMtc2gwMWctMTAwMmEuanBnIiB3aWR0aD0iMzAwIiBib3JkZXI9IjAiIGFsdD0iIiAvPjxicj48YnI+Cjxmb250PuODjeOCtuODvOODqeODs+ODieOBqOODm+ODvOODqeODs+ODieODreODg+ODl+OBjDLljLnjgarjgonjgpPjgaDlj6/mhJvjgYTjgYbjgZXjgY7jga4gU0gtMDFH44Kv44Oq44KiIOOCseODvOOCueOAgjwvZm9udD48YnIgLz48YnIgLz4KPGZvbnQgc2l6ZT0iMiI+44GK5aW944G/44Gu44OH44K244Kk44Oz44KS44OV44Or44Gr5qW944GX44KB44KL44Kx44O844K55YWo6Z2i44OX44Oq44Oz44OI5LuV5qeY77yB5YG06Z2i44Kv44Oq44Ki44Gq44Gu44Gn44CB5LiL5Zyw44Gu5pys5L2T44Kr44Op44O844KS5rS744GL44GX44G+44GZ4pmq5pel5pys6KO944KJ44GX44GE576O44GX44GE6a6u44KE44GL44Gq44OH44K244Kk44Oz44GM5qW944GX44KB44KL5b2T5bqX6Ieq5oWi44Gu44Kq44Oq44K444OK44Or44OX44Oq44Oz44OI44Kx44O844K544Gn44GZ4pmqPGJyIC8+bWFkZSBpbiBqYXBhbjwvZm9udD48YnIgLz48YnIgLz4KPGltZyBzcmM9Imh0dHA6Ly9pbWFnZS5yYWt1dGVuLmNvLmpwL2tpbnRzdS9jYWJpbmV0L3BsdXMtcy9reW91dHN1L2ZpbG1fcHJlNi5qcGciIHdpZHRoPSIzMDAiIGJvcmRlcj0iMCIgYWx0PSIiIC8+PC90ZD4KPC90cj4KPHRyPgo8dGQgYWxpZ249InJpZ2h0Ij48YnIgLz48Yj48Zm9udCBzaXplPSIzIj4mZ3Q7Jmd0O+S7luOAgVNILTAxR+S4gOimp+OBr+OBk+OBoeOCiTwvZm9udD48L2I+PGJyIC8+PGJyIC8+CjwvdGQ+CjwvdHI+CjwvdGFibGU+,ZG9jb21vIEFRVU9TIFpFVEEgU0gtMDFHIOOCseODvOOCuSDjgqvjg5Djg7wg77yS5Yy544Gu44GG44GV44GOIFRZUEUx44Km44K144KuIGZvciBBUVVPUyBaRVRBIFNILTAxRyDjgrHjg7zjgrkg44Kr44OQ44O8W3pldGEgc2gtMDFnXeOAkOOCouOCr+OCquOCueODleOCqeODsyDjgqvjg5Djg7wgc2gwMWcg44Op44Kw44K4IOODqeODluODqiDjg4/jg7zjg4kg44Om44OL44O844KvIENBU0Uv44KxJm1pbnVzO+OCueOAkeOAkOOCueODnuODm+OCq+ODkOODvCDjgrnjg57jg5vjgrHjg7zjgrnjgJHvvJrjgrHjg7zjgr/jgqTlsYsyNOOAgOalveWkqeW4guWgtOW6lw==,44K544Oe44O844OI44OV44Kp44Oz44Ki44Kv44K744K144Oq44O85pC65biv44K544OI44Op44OD44OX44K544OI44Op44OD44OX44K544Oe44Ob44Kx44O844K544K544Oe44O844OI44OV44Kp44OzIOOCseODvOOCueOCueODnuODm+ODlOOCouOCueOCpOODpOODm+ODs+OCuOODo+ODg+OCryDjgqLjgq/jgrvjgrXjg6rjg7zjgrnjg57jg7zjg4jjg5Xjgqnjg7Pjg5TjgqLjgrnjg43jg4Pjgq/jgrnjg4jjg6njg4Pjg5fjgrnjg6/jg63jg5Xjgrnjgq3jg7wg44OU44Ki44K544K544Ov44Ot44OV44K544Kt44O8IOOCueODiOODqeODg+ODl+OCueODnuODm+OCq+ODkOODvOOCueODnuODvOODiOODleOCqeODsyDjgqvjg5Djg7xkb2NvbW8gQVFVT1MgWkVUQSBTSC0wMUcg44Kx44O844K5IOOCq+ODkOODvCDvvJLljLnjga7jgYbjgZXjgY4gVFlQRTHjgqbjgrXjgq4gZm9yIEFRVU9TIFpFVEEgU0gtMDFHIOOCseODvOOCuSDjgqvjg5Djg7xbemV0YSBzaC0wMWdd44CQ44Ki44Kv44Kq44K544OV44Kp44OzIOOCq+ODkOODvCBzaDAxZyDjg6njgrDjgrgg44Op44OW44OqIOODj+ODvOODiSDjg6bjg4vjg7zjgq8gQ0FTRS/jgrEmbWludXM744K544CR44CQ44K544Oe44Ob44Kr44OQ44O8IOOCueODnuODm+OCseODvOOCueOAkQ==,MuWAi+S7peS4iuOBp+mAgeaWmeeEoeaWme+8gUFRVU9TIFpFVEEgU0gtMDFHIOOCseODvOOCuS/jgqvjg5Djg7zjgIJkb2NvbW8gQVFVT1MgWkVUQSBTSC0wMUcg44Kx44O844K5IOOCq+ODkOODvCDvvJLljLnjga7jgYbjgZXjgY4gVFlQRTHjgqbjgrXjgq4gZm9yIEFRVU9TIFpFVEEgU0gtMDFHIOOCseODvOOCuSDjgqvjg5Djg7xbemV0YSBzaC0wMWdd44CQ44Ki44Kv44Kq44K544OV44Kp44OzIOOCq+ODkOODvCBzaDAxZyDjg6njgrDjgrgg44Op44OW44OqIOODj+ODvOODiSDjg6bjg4vjg7zjgq8gQ0FTRS/jgrEmbWludXM744K544CR44CQ44K544Oe44Ob44Kr44OQ44O8IOOCueODnuODm+OCseODvOOCueOAkQ==[rn]
10-177641,aHR0cDovL3RzaG9wLnIxMHMuanAva2ludHN1L2NhYmluZXQvcGx1cy1zL2RpYXJ5L3BsdXMtZGlhcnktbXVkMDAzN2EyLmpwZz9maXRpbj03MDA6NzAw,MTgzNi44MDAw,,44K544Oe44O844OI44OV44Kp44Oz44O744K/44OW44Os44OD44OIID4g44K544Oe44O844OI44OV44Kp44Oz44Ki44Kv44K744K144Oq44O8ID4g44K544Oe44O844OI44OV44Kp44Oz44Kx44O844K5,SFRMMjMg5omL5biz5Z6L44Kx44O844K5IOmNteebpCDjg5TjgqLjg44g44Kq44Or44Ks44OzIOODgeOCp+ODs+ODkOODrSDjgqvjg5Djg7w=,SFRMMjMg44Kx44O844K5IOaJi+W4s+WeiyDjgrnjg57jg5vjgrHjg7zjgrkg5omL5biz44Kx44O844K54piG,PGJyPjxiPuKHklBD5ZWG5ZOB44Oa44O844K444Gn6Kmz44GX44GP6KaL44KLPC9iPjxicj48YnI+Cjxmb250IGNvbG9yPSIjZmY2NmNjIj7pn7Pmpb3jgpLlpY/jgafjgZ3jgYbjgarpn7PnrKbjgajpjbXnm6Qo44OU44Ki44OO44O744Kq44Or44Ks44Oz44O744OU44Ki44OL44Kr44O744K344Oz44K744K144Kk44K244O8KeOBriA8YnI+5omL5biz5Z6LIOODgOOCpOOCouODquODvOOCseODvOOCueOAguODkOODqeOCqOODhuOCo+OCguixiuWvjOKYhjwvZm9udD48YnI+Cjxicj4KPHRhYmxlIGJvcmRlcj0iMCIgYWxpZ249ImNlbnRlciI+Cjx0cj4KPHRkPjxpbWcgc3JjPSJodHRwOi8vaW1hZ2UucmFrdXRlbi5jby5qcC9raW50c3UvY2FiaW5ldC9wbHVzLXMvZGlhcnkvcGx1cy1kaWFyeS1tdWQwMDM3YTIuanBnIiB3aWR0aD0iMTAwJSIgYm9yZGVyPSIwIj48L3RkPgo8L3RyPgo8dHI+Cjx0ZD48aW1nIHNyYz0iaHR0cDovL3d3dy5yYWt1dGVuLm5lLmpwL2dvbGQva2ludHN1L3NfaXRlbS9wbHVzLWRpYXJ5L3BsdXMtc21hLWJhc2UyLmpwZyIgd2lkdGg9IjEwMCUiIGJvcmRlcj0iMCI+PGJyPgogICAgPGJyPgogICAgPGJyPgogICAgPC90ZD48L3RyPjx0cj48dGQ+PGltZyBzcmM9Imh0dHA6Ly93d3cucmFrdXRlbi5uZS5qcC9nb2xkL2tpbnRzdS9zX2l0ZW0vcGx1cy1kaWFyeS9wbHVzLXNtYS1tdWQwMDM3YS5qcGciIHdpZHRoPSIxMDAlIiBib3JkZXI9IjAiPjwvdGQ+CjwvdHI+PC90YWJsZT48YnI+PGhyPgrpn7Pmpb3jgpLlpY/jgafjgZ3jgYbjgarpn7PnrKbjgajpjbXnm6Qo44OU44Ki44OO44O744Kq44Or44Ks44Oz44O744OU44Ki44OL44Kr44O744K344Oz44K744K144Kk44K244O8KeOBriDmiYvluLPlnosg44OA44Kk44Ki44Oq44O844Kx44O844K544CC44OQ44Op44Ko44OG44Kj44KC6LGK5a+M4piGPGJyPjLlgIvku6XkuIrjgZTos7zlhaXvvIgzMjQw5YaG5Lul5LiK77yJ44Gn44CB6YWN6YCB5pa55rOV44CM6YO15L6/5bGA44G+44Gf44Gv44ON44Kz44Od44K544CN44Gn6YCB5paZ54Sh5paZ44Gr44Gq44KK44G+44GZ44CC44GK5pSv5omV5pa55rOV44Gv44CB5Luj5byV44GN44Gn44KCT0vvvIHku6PlvJXjgY3jga7loLTlkIjjga/jgIzpg7Xkvr/lsYDjgI3jgafphY3pgIHoh7TjgZfjgb7jgZnjgII8YnI+PGZvbnQgY29sb3I9IiNmZjAwMDAiPuWPl+azqOeUn+eUo+OBruOBn+OCgeOAgeOBlOazqOaWh+W+jOOBruWkieabtOOAgei/lOWTgeOAgeOCreODo+ODs+OCu+ODq+OBr+OBiuWPl+S7mOOBp+OBjeOBvuOBm+OCk+OAgjwvZm9udD48YnI+PGJyPgrntKDmnZDvvJrmiYvluLPjgrHjg7zjgrnmnKzkvZPvvI/lkIjnmq7jgIDjg4/jg7zjg4njgrHjg7zjgrnvvI/jg53jg6rjgqvjg7zjg5zjg43jg7zjg4go44OW44Op44OD44KvKTxicj4K5Yqg5bel77yaVVbnoazljJblnovjgqTjg7Pjgq88YnI+4oC75Y2T5LiK44Ob44Or44OA44O844Gu5YWF6Zu75Zmo44Gr44Gv5a++5b+c44GX44Gm44GK44KK44G+44Gb44KT44CCKOOCseODvOOCueOCkuijheedgOOBl+OBn+OBvuOBvuOCs+ODjeOCr+OCv+ODvOOBq+ebtOaOpeW3ruOBl+i+vOOCk+OBp+OBruWFhembu+OBr+WPr+iDveOBp+OBmeKYhijkuIDpg6jpnZ7lr77lv5zmqZ/nqK7mnInjgoopKTxicj4K4oC75YaZ55yf44Gv44Kk44Oh44O844K455S75YOP44Gr44Gq44KK44G+44GZ44CC57W15p+E44GM5YiH44KM44KL44GT44Go44GM44GU44GW44GE44G+44GZ44CCCuKAu+Wun+eJqeOBruiJsuOBq+i/keOBpeOBkeOCi+OCiOOBhuOBq+WKquOCgeOBpuOBhOOBvuOBmeOBjOOAgeOBlOWIqeeUqOOBruODouODi+OCv+ODvOOAgVBD44KE44K544Oe44O844OI44OV44Kp44Oz44Gu55Kw5aKD44Gr44KI44KK5o6y6LyJ5YaZ55yf44Gu6Imy44GM5a6f54mp44Gu6Imy44Go6YGV44Gj44Gm6KaL44GI44KL5aC05ZCI44GM44GU44GW44GE44G+44GZ44CCCjxicj48YnI+CgrimIYg44Gd44Gu5LuW44CB5omL5biz5Z6L44Kx44O844K55LiA6Kan44Gv44GT44Gh44KJPGJyPjxicj48YnI+Cjxmb250IGNvbG9yPSIjMzMwMDk5Ij7jgqrjgrfjg6Pjg6zjgarmiYvluLPlnovjgrHjg7zjgrk8YnI+Cumfs+alveOCkuWlj+OBp+OBneOBhuOBqumfs+espuOBqOmNteebpCjjg5TjgqLjg47jg7vjgqrjg6vjgqzjg7Pjg7vjg5TjgqLjg4vjgqvjg7vjgrfjg7PjgrvjgrXjgqTjgrbjg7wp44GuIOmBuOOBueOCi+WFqDnjgr/jgqTjg5c8L2ZvbnQ+PGJyPjxicj48Zm9udCBjb2xvcj0iI0ZGMDAwMCI+PGI+4oC744OH44K244Kk44Oz44O744Kr44Op44O844Gu6KaL5pys44Gv44Oa44O844K444Gu5LiA55Wq5LiK44Gr44GC44KL5ZWG5ZOB55S75YOP44Gu77yS5p6a55uu5Lul6ZmN44KS44GU6Kan44GP44Gg44GV44GE44CCPC9iPjwvZm9udD4KPGJyPjxicj48Yj48Zm9udCBjb2xvcj0iI2ZmMDAwMCI+4oC76YOo5p2Q44Gu6Kqk5beu44Gr44KI44KL5ZOB5YiH44KM44GM55m655Sf44GX44Gf5aC05ZCI44Gv44CB5YWl6I235qyh56ys44Gu6KO95L2c44O755m66YCB44Go44Gq44KL5aC05ZCI44GM44GU44GW44GE44G+44GZ44CCPGJyPgrjgZ3jga7pmpvjga/jgIHjgZTms6jmloflvozliKXpgJTjg6Hjg7zjg6vjgavjgabjgZTpgKPntaHjgZXjgZvjgabpoILjgY3jgb7jgZnjgII8YnI+44G+44Gf44CB5omL5biz44Gr44K544K/44Oz44OJ5qmf6IO9KOaKmOOCiuebru+8ieOBjOOBpOOBhOOBpuOBhOOCi+WgtOWQiOOBjOOBlOOBluOBhOOBvuOBmeOAgjxicj4K5LqI44KB44CB44GU5LqG5om/6aGY44GE44GX44G+44GZ44CCPC9mb250PjwvYj48YnI+PGJyPg==,SFRMMjMg5omL5biz5Z6L44Kx44O844K5IOmNteebpCDjg5TjgqLjg44g44Kq44Or44Ks44OzIOODgeOCp+ODs+ODkOODrSDjgqvjg5Djg7zvvJrjgrHjg7zjgr/jgqTlsYsyNOOAgOalveWkqeW4guWgtOW6lw==,44K544Oe44O844OI44OV44Kp44Oz44Ki44Kv44K744K144Oq44O85pC65biv44K544OI44Op44OD44OX44K544OI44Op44OD44OX44K544Oe44Ob44Kx44O844K544K544Oe44O844OI44OV44Kp44OzIOOCseODvOOCueOCueODnuODm+ODlOOCouOCueOCpOODpOODm+ODs+OCuOODo+ODg+OCryDjgqLjgq/jgrvjgrXjg6rjg7zjgrnjg57jg7zjg4jjg5Xjgqnjg7Pjg5TjgqLjgrnjg43jg4Pjgq/jgrnjg4jjg6njg4Pjg5fjgrnjg6/jg63jg5Xjgrnjgq3jg7wg44OU44Ki44K544K544Ov44Ot44OV44K544Kt44O8IOOCueODiOODqeODg+ODl+OCueODnuODm+OCq+ODkOODvOOCueODnuODvOODiOODleOCqeODsyDjgqvjg5Djg7xIVEwyMyDmiYvluLPlnovjgrHjg7zjgrkg6Y2155ukIOODlOOCouODjiDjgqrjg6vjgqzjg7Mg44OB44Kn44Oz44OQ44OtIOOCq+ODkOODvA==,SFRMMjMg44Kx44O844K5IOaJi+W4s+WeiyDjgrnjg57jg5vjgrHjg7zjgrkg5omL5biz44Kx44O844K54piG44CCSFRMMjMg5omL5biz5Z6L44Kx44O844K5IOmNteebpCDjg5TjgqLjg44g44Kq44Or44Ks44OzIOODgeOCp+ODs+ODkOODrSDjgqvjg5Djg7w=[rn]
10-177642,aHR0cDovL3RzaG9wLnIxMHMuanAva2ludHN1L2NhYmluZXQveWVzLW5vL2FmamwyMS9hZmpsMjEtcGNjbC0yMDEtbjAzMC5qcGc/Zml0aW49NzAwOjcwMA==,MzA0MC4wMDAw,,44K544Oe44O844OI44OV44Kp44Oz44O744K/44OW44Os44OD44OIID4g44K544Oe44O844OI44OV44Kp44Oz44Ki44Kv44K744K144Oq44O8ID4g44K544Oe44O844OI44OV44Kp44Oz44Kx44O844K5,44CQWWVzL05v44CR44Oe44Oq44OzIOOCteODg+OCr+OCuSDvvIjjgq/jg6rjgqLvvIkgLyBmb3IgQVJST1dTIGVmIEZKTDIxL2F1QVJST1dTIGVmIEZKTDIxIOOCseODvOOCuSDjgqvjg5Djg7xbRkpMMjFd44CQ44Ki44Ot44O844K6IGVmIOOCseODvOOCuSBmamwyMSDjgrHjg7zjgrkv44Kr44OQ44O8L0NBU0Uv44Kx77yN44K544CR44CQ44K544Oe44O844OI44OV44Kp44OzIOOCueODnuODm+OCseODvOOCueOAkeOAkFAwNkRlYzE044CR,YXUgQVJST1dTIGVmIEZKTDIxIOOCseODvOOCuS/jgqvjg5Djg7w=,PGJyPjxiPuKHklBD5ZWG5ZOB44Oa44O844K444Gn6Kmz44GX44GP6KaL44KLPC9iPjxicj48YnI+44CQ5ZWG5ZOB6Kqs5piO44CR44CA44Oe44Oq44Oz44KS44Oi44OB44O844OV44Gr44GX44Gf44Od44OD44OX44GqQVJST1dTIGVmIEZKTDIxL2F144Kx44O844K544CC44CA44CA44CQ5LuV5qeY44CR44CA57Sg5p2Q77ya44Kx44O844K55pys5L2T77yP44Od44Oq44Kr44O844Oc44ON44O844OI44CA5Yqg5bel77yaVVbnoazljJblnovjgqTjg7Pjgq/jg7vjg4jjg4Pjg5fjgrPjg7zjg4jku5XkuIrjgIDljbDliLfnr4Tlm7LvvJrlubPpnaLjg5fjg6rjg7Pjg4jjgIDvvIjlgbTpnaLjgavjg5fjg6rjg7Pjg4jjga/lhaXjgorjgb7jgZvjgpPvvInjgIDjgIDjgJDlr77lv5zmqZ/nqK7jgJHjgIBBUlJPV1MgZWYgRkpMMjEvYXXlsILnlKjjgIDigLvku5Xmp5jjga/kuojlkYrjgarjgY/lpInmm7TjgZnjgovloLTlkIjjgYzjgZTjgZbjgYTjgb7jgZnjgILjgIDigLvnlLvlg4/jga/lkIjmiJDnlLvlg4/vvIjjgqTjg6Hjg7zjgrjvvInjgavjgarjgorjgb7jgZnjgILjgIDigLvllYblk4HliqDlt6Xjga/jgZnjgbnjgabml6XmnKzlm73lhoXjga7nhp/nt7TjgZfjgZ/ogbfkurrjga7miYvkvZzmpa3jgafooYzjgo/jgozjgb7jgZnjgILjgIDigLvog4zpnaLjgIHlgbTpnaLjgpLjgZfjgaPjgYvjgorkv53orbfjgILjgIDigLvoo4XnnYDjgZfjgZ/jgb7jgb7lhYXpm7vlj6/og73vvIjjgrHjg7zjg5bjg6vjga7jgb/vvInjgIA8Zm9udCBjb2xvcj0iI2ZmMDAwMCI+5Y2T5LiK5Z6L5YWF6Zu75ZmoKOe9ruOBj+OBoOOBkeWFhembu++8ieOBq+OBr+WvvuW/nOOBl+OBpuOBiuOCiuOBvuOBm+OCk+OAgjwvZm9udD7jgIDjgIDjgZTms6jmloflvozjgIHjgbLjgajjgaTjgbLjgajjgaTogbfkurrjgavjgojjgovjg4/jg7Pjg4njg6HjgqTjg4njga7jgZ/jgoHjgIE8Zm9udCBjb2xvcj0iI2ZmMDAwMCI+55m66YCB44G+44Gn44Gr5pyA5aSn44GnMjHml6Xjgbvjgak8L2ZvbnQ+6aCC5oi06Ie044GX44Gm44GK44KK44G+44GZ44CCMuWAi+S7peS4iuOBlOizvOWFpe+8iDMyNDDlhobku6XkuIrvvInjgafjgIHphY3pgIHmlrnms5XjgIzpg7Xkvr/lsYDjgb7jgZ/jga/jg43jgrPjg53jgrnjgI3jgafpgIHmlpnnhKHmlpnjgavjgarjgorjgb7jgZnjgII8Zm9udCBjb2xvcj0iI2ZmMDAwMCI+5Y+X5rOo55Sf55Sj44Gu44Gf44KB44CB44GU5rOo5paH5b6M44Gu5aSJ5pu044CB6L+U5ZOB44CB44Kt44Oj44Oz44K744Or44Gv44GK5Y+X5LuY44Gn44GN44G+44Gb44KT44CCPC9mb250Pjxicj4=,44CQWWVzL05v44CR44Oe44Oq44OzIOOCteODg+OCr+OCuSDvvIjjgq/jg6rjgqLvvIkgLyBmb3IgQVJST1dTIGVmIEZKTDIxL2F1QVJST1dTIGVmIEZKTDIxIOOCseODvOOCuSDjgqvjg5Djg7xbRkpMMjFd44CQ44Ki44Ot44O844K6IGVmIOOCseODvOOCuSBmamwyMSDjgrHjg7zjgrkv44Kr44OQ44O8L0NBU0Uv44KxJm1pbnVzO+OCueOAkeOAkOOCueODnuODvOODiOODleOCqeODsyDjgrnjg57jg5vjgrHjg7zjgrnjgJHjgJBQMDZEZWMxNOOAke+8muOCseODvOOCv+OCpOWxizI044CA5qW95aSp5biC5aC05bqX,44K544Oe44O844OI44OV44Kp44Oz44Ki44Kv44K744K144Oq44O85pC65biv44K544OI44Op44OD44OX44K544OI44Op44OD44OX44K544Oe44Ob44Kx44O844K544K544Oe44O844OI44OV44Kp44OzIOOCseODvOOCueOCueODnuODm+ODlOOCouOCueOCpOODpOODm+ODs+OCuOODo+ODg+OCryDjgqLjgq/jgrvjgrXjg6rjg7zjgrnjg57jg7zjg4jjg5Xjgqnjg7Pjg5TjgqLjgrnjg43jg4Pjgq/jgrnjg4jjg6njg4Pjg5fjgrnjg6/jg63jg5Xjgrnjgq3jg7wg44OU44Ki44K544K544Ov44Ot44OV44K544Kt44O8IOOCueODiOODqeODg+ODl+OCueODnuODm+OCq+ODkOODvOOCueODnuODvOODiOODleOCqeODsyDjgqvjg5Djg7zjgJBZZXMvTm/jgJHjg57jg6rjg7Mg44K144OD44Kv44K5IO+8iOOCr+ODquOCou+8iSAvIGZvciBBUlJPV1MgZWYgRkpMMjEvYXVBUlJPV1MgZWYgRkpMMjEg44Kx44O844K5IOOCq+ODkOODvFtGSkwyMV3jgJDjgqLjg63jg7zjgrogZWYg44Kx44O844K5IGZqbDIxIOOCseODvOOCuS/jgqvjg5Djg7wvQ0FTRS/jgrEmbWludXM744K544CR44CQ44K544Oe44O844OI44OV44Kp44OzIOOCueODnuODm+OCseODvOOCueOAkeOAkFAwNkRlYzE044CR,YXUgQVJST1dTIGVmIEZKTDIxIOOCseODvOOCuS/jgqvjg5Djg7zjgILjgJBZZXMvTm/jgJHjg57jg6rjg7Mg44K144OD44Kv44K5IO+8iOOCr+ODquOCou+8iSAvIGZvciBBUlJPV1MgZWYgRkpMMjEvYXVBUlJPV1MgZWYgRkpMMjEg44Kx44O844K5IOOCq+ODkOODvFtGSkwyMV3jgJDjgqLjg63jg7zjgrogZWYg44Kx44O844K5IGZqbDIxIOOCseODvOOCuS/jgqvjg5Djg7wvQ0FTRS/jgrEmbWludXM744K544CR44CQ44K544Oe44O844OI44OV44Kp44OzIOOCueODnuODm+OCseODvOOCueOAkeOAkFAwNkRlYzE044CR[rn]
10-177643,aHR0cDovL3RzaG9wLnIxMHMuanAva2ludHN1L2NhYmluZXQvcGx1cy1zL2RpYXJ5L3BsdXMtZGlhcnktMTAxNmEyLmpwZz9maXRpbj03MDA6NzAw,MTgzNi44MDAw,,44K544Oe44O844OI44OV44Kp44Oz44O744K/44OW44Os44OD44OIID4g44K544Oe44O844OI44OV44Kp44Oz44Ki44Kv44K744K144Oq44O8ID4g44K544Oe44O844OI44OV44Kp44Oz44Kx44O844K5,QVFVT1MgWkVUQSBTSC0wMUcg5omL5biz5Z6L44Kx44O844K5IHNoMDFnIOaJi+W4s+Wei+OCseODvOOCuSDjgqLjgq/jgqrjgrkg44Kx44O844K5IOaJi+W4s+WeiyDjg6bjg4vjgqrjg7Pjgrjjg6Pjg4Pjgq8g44Kk44Ku44Oq44K55Zu95peXICBzaC0wMWfjgrHjg7zjgrkgc2gtMDFn44Kr44OQ44O8IGFxdW9zIOOCseODvOOCuSDjgqvjg5Djg7wg44GK44GX44KD44KMIOOBi+OCj+OBhOOBhCDmiYvluLPlnovjgrnjg57jg5vjgrHjg7zjgrkg44K544Oe44Ob44Kx44O844K5IOOCueODnuODm+OCq+ODkOODvA==,U0gtMDFHIOOCseODvOOCuSDmiYvluLPlnosg44K544Oe44Ob44Kx44O844K5IOaJi+W4s+OCseODvOOCueKYhg==,PGJyPjxiPuKHklBD5ZWG5ZOB44Oa44O844K444Gn6Kmz44GX44GP6KaL44KLPC9iPjxicj48YnI+Cjxmb250IGNvbG9yPSIjZmY2NmNjIj7jgqTjgq7jg6rjgrnjga7lm73ml5cg44Om44OL44Kq44Oz44K444Oj44OD44KvIOOCq+ODqeODvOODkOODqeOCqOODhuOCo+OCguixiuWvjOKZqjxicj7miYvluLPlnosg44OA44Kk44Ki44Oq44O844Kx44O844K544CCPC9mb250Pjxicj4KPGJyPgo8dGFibGUgYm9yZGVyPSIwIiBhbGlnbj0iY2VudGVyIj4KPHRyPgo8dGQ+PGltZyBzcmM9Imh0dHA6Ly9pbWFnZS5yYWt1dGVuLmNvLmpwL2tpbnRzdS9jYWJpbmV0L3BsdXMtcy9kaWFyeS9kX2JsYWNrXzEuanBnIiB3aWR0aD0iMzAwIiBib3JkZXI9IjAiPjwvdGQ+CjwvdHI+Cjx0cj4KPHRkPjxpbWcgc3JjPSJodHRwOi8vaW1hZ2UucmFrdXRlbi5jby5qcC9raW50c3UvY2FiaW5ldC9wbHVzLXMvZGlhcnkvZF9ibGFja18yLmpwZyIgd2lkdGg9IjMwMCIgYm9yZGVyPSIwIj48L3RkPjwvdHI+PHRyPjx0ZD48aW1nIHNyYz0iaHR0cDovL2ltYWdlLnJha3V0ZW4uY28uanAva2ludHN1L2NhYmluZXQvcGx1cy1zL2RpYXJ5L2RfYmxhY2tfMy5qcGciIHdpZHRoPSIzMDAiIGJvcmRlcj0iMCI+PC90ZD4KPC90cj48L3RhYmxlPjxicj48aHI+CuOCpOOCruODquOCueOBruWbveaXlyDjg6bjg4vjgqrjg7Pjgrjjg6Pjg4Pjgq8g44Kr44Op44O844OQ44Op44Ko44OG44Kj44KC6LGK5a+M4pmq5omL5biz5Z6LIOODgOOCpOOCouODquODvOOCseODvOOCueOAguKYhjxicj4y5YCL5Lul5LiK44GU6LO85YWl77yIMzI0MOWGhuS7peS4iu+8ieOBp+OAgemFjemAgeaWueazleOAjOmDteS+v+WxgOOBvuOBn+OBr+ODjeOCs+ODneOCueOAjeOBp+mAgeaWmeeEoeaWmeOBq+OBquOCiuOBvuOBmeOAguOBiuaUr+aJleaWueazleOBr+OAgeS7o+W8leOBjeOBp+OCgk9L77yB5Luj5byV44GN44Gu5aC05ZCI44Gv44CM6YO15L6/5bGA44CN44Gn6YWN6YCB6Ie044GX44G+44GZ44CCPGJyPjxmb250IGNvbG9yPSIjZmYwMDAwIj7lj5fms6jnlJ/nlKPjga7jgZ/jgoHjgIHjgZTms6jmloflvozjga7lpInmm7TjgIHov5Tlk4HjgIHjgq3jg6Pjg7Pjgrvjg6vjga/jgYrlj5fku5jjgafjgY3jgb7jgZvjgpPjgII8L2ZvbnQ+PGJyPjxicj4K57Sg5p2Q77ya5omL5biz44Kx44O844K55pys5L2T77yP5ZCI55qu44CA44OP44O844OJ44Kx44O844K577yP44Od44Oq44Kr44O844Oc44ON44O844OIKOODluODqeODg+OCryk8YnI+CuWKoOW3pe+8mlVW56Gs5YyW5Z6L44Kk44Oz44KvPGJyPuKAu+WNk+S4iuODm+ODq+ODgOODvOOBruWFhembu+WZqOOBq+OBr+WvvuW/nOOBl+OBpuOBiuOCiuOBvuOBm+OCk+OAgijjgrHjg7zjgrnjgpLoo4XnnYDjgZfjgZ/jgb7jgb7jgrPjg43jgq/jgr/jg7zjgavnm7TmjqXlt67jgZfovrzjgpPjgafjga7lhYXpm7vjga/lj6/og73jgafjgZnimIYo5LiA6YOo6Z2e5a++5b+c5qmf56iu5pyJ44KKKSk8YnI+CuKAu+WGmeecn+OBr+OCpOODoeODvOOCuOeUu+WDj+OBq+OBquOCiuOBvuOBmeOAguapn+eoruOBq+OCiOOBo+OBpue1teafhOOBjOWIh+OCjOOCi+OBk+OBqOOBjOOBlOOBluOBhOOBvuOBmeOAggrigLvlrp/nianjga7oibLjgavov5HjgaXjgZHjgovjgojjgYbjgavliqrjgoHjgabjgYTjgb7jgZnjgYzjgIHjgZTliKnnlKjjga7jg6Ljg4vjgr/jg7zjgIFQQ+OChOOCueODnuODvOODiOODleOCqeODs+OBrueSsOWig+OBq+OCiOOCiuaOsui8ieWGmeecn+OBruiJsuOBjOWun+eJqeOBruiJsuOBqOmBleOBo+OBpuimi+OBiOOCi+WgtOWQiOOBjOOBlOOBluOBhOOBvuOBmeOAggo8YnI+PGJyPgoKCgrimIYg44Gd44Gu5LuW44CB5omL5biz5Z6L44Kx44O844K55LiA6Kan44Gv44GT44Gh44KJPGJyPjxicj48YnI+Cjxmb250IGNvbG9yPSIjMzMwMDk5Ij7jgqrjgrfjg6Pjg6zjgarmiYvluLPlnovjgrHjg7zjgrk8YnI+CuODpuODi+OCquODs+OCuOODo+ODg+OCryDjgqTjgq7jg6rjgrnlm73ml5cg6YG444G544KL5YWoOeOCv+OCpOODlzwvZm9udD48YnI+PGJyPjxmb250IGNvbG9yPSIjRkYwMDAwIj48Yj7igLvjg4fjgrbjgqTjg7Pjg7vjgqvjg6njg7zjga7opovmnKzjga/jg5rjg7zjgrjjga7kuIDnlarkuIrjgavjgYLjgovllYblk4HnlLvlg4/jga7vvJLmnprnm67ku6XpmY3jgpLjgZTopqfjgY/jgaDjgZXjgYTjgII8L2I+PC9mb250Pgo8YnI+PGJyPjxiPjxmb250IGNvbG9yPSIjZmYwMDAwIj7igLvpg6jmnZDjga7oqqTlt67jgavjgojjgovlk4HliIfjgozjgYznmbrnlJ/jgZfjgZ/loLTlkIjjga/jgIHlhaXojbfmrKHnrKzjga7oo73kvZzjg7vnmbrpgIHjgajjgarjgovloLTlkIjjgYzjgZTjgZbjgYTjgb7jgZnjgII8YnI+CuOBneOBrumam+OBr+OAgeOBlOazqOaWh+W+jOWIpemAlOODoeODvOODq+OBq+OBpuOBlOmAo+e1oeOBleOBm+OBpumgguOBjeOBvuOBmeOAgjxicj7jgb7jgZ/jgIHmiYvluLPjgavjgrnjgr/jg7Pjg4nmqZ/og70o5oqY44KK55uu77yJ44GM44Gk44GE44Gm44GE44KL5aC05ZCI44GM44GU44GW44GE44G+44GZ44CCPGJyPgrkuojjgoHjgIHjgZTkuobmib/poZjjgYTjgZfjgb7jgZnjgII8L2ZvbnQ+PC9iPjxicj48YnI+,QVFVT1MgWkVUQSBTSC0wMUcg5omL5biz5Z6L44Kx44O844K5IHNoMDFnIOaJi+W4s+Wei+OCseODvOOCuSDjgqLjgq/jgqrjgrkg44Kx44O844K5IOaJi+W4s+WeiyDjg6bjg4vjgqrjg7Pjgrjjg6Pjg4Pjgq8g44Kk44Ku44Oq44K55Zu95peXICBzaC0wMWfjgrHjg7zjgrkgc2gtMDFn44Kr44OQ44O8IGFxdW9zIOOCseODvOOCuSDjgqvjg5Djg7wg44GK44GX44KD44KMIOOBi+OCj+OBhOOBhCDmiYvluLPlnovjgrnjg57jg5vjgrHjg7zjgrkg44K544Oe44Ob44Kx44O844K5IOOCueODnuODm+OCq+ODkOODvO+8muOCseODvOOCv+OCpOWxizI044CA5qW95aSp5biC5aC05bqX,44K544Oe44O844OI44OV44Kp44Oz44Ki44Kv44K744K144Oq44O85pC65biv44K544OI44Op44OD44OX44K544OI44Op44OD44OX44K544Oe44Ob44Kx44O844K544K544Oe44O844OI44OV44Kp44OzIOOCseODvOOCueOCueODnuODm+ODlOOCouOCueOCpOODpOODm+ODs+OCuOODo+ODg+OCryDjgqLjgq/jgrvjgrXjg6rjg7zjgrnjg57jg7zjg4jjg5Xjgqnjg7Pjg5TjgqLjgrnjg43jg4Pjgq/jgrnjg4jjg6njg4Pjg5fjgrnjg6/jg63jg5Xjgrnjgq3jg7wg44OU44Ki44K544K544Ov44Ot44OV44K544Kt44O8IOOCueODiOODqeODg+ODl+OCueODnuODm+OCq+ODkOODvOOCueODnuODvOODiOODleOCqeODsyDjgqvjg5Djg7xBUVVPUyBaRVRBIFNILTAxRyDmiYvluLPlnovjgrHjg7zjgrkgc2gwMWcg5omL5biz5Z6L44Kx44O844K5IOOCouOCr+OCquOCuSDjgrHjg7zjgrkg5omL5biz5Z6LIOODpuODi+OCquODs+OCuOODo+ODg+OCryDjgqTjgq7jg6rjgrnlm73ml5cgIHNoLTAxZ+OCseODvOOCuSBzaC0wMWfjgqvjg5Djg7wgYXF1b3Mg44Kx44O844K5IOOCq+ODkOODvCDjgYrjgZfjgoPjgowg44GL44KP44GE44GEIOaJi+W4s+Wei+OCueODnuODm+OCseODvOOCuSDjgrnjg57jg5vjgrHjg7zjgrkg44K544Oe44Ob44Kr44OQ44O8,U0gtMDFHIOOCseODvOOCuSDmiYvluLPlnosg44K544Oe44Ob44Kx44O844K5IOaJi+W4s+OCseODvOOCueKYhuOAgkFRVU9TIFpFVEEgU0gtMDFHIOaJi+W4s+Wei+OCseODvOOCuSBzaDAxZyDmiYvluLPlnovjgrHjg7zjgrkg44Ki44Kv44Kq44K5IOOCseODvOOCuSDmiYvluLPlnosg44Om44OL44Kq44Oz44K444Oj44OD44KvIOOCpOOCruODquOCueWbveaXlyAgc2gtMDFn44Kx44O844K5IHNoLTAxZ+OCq+ODkOODvCBhcXVvcyDjgrHjg7zjgrkg44Kr44OQ44O8IOOBiuOBl+OCg+OCjCDjgYvjgo/jgYTjgYQg5omL5biz5Z6L44K544Oe44Ob44Kx44O844K5IOOCueODnuODm+OCseODvOOCuSDjgrnjg57jg5vjgqvjg5Djg7w=[rn]
10-177644,aHR0cDovL3RzaG9wLnIxMHMuanAva2ludHN1L2NhYmluZXQvc2Vjb25kX3NraW4vZmpsMjEtYS9hZmpsMjEtcGNjbC0yMDEteTEzNi5qcGc/Zml0aW49NzAwOjcwMA==,MzA0MC4wMDAw,,44K544Oe44O844OI44OV44Kp44Oz44O744K/44OW44Os44OD44OIID4g44K544Oe44O844OI44OV44Kp44Oz44Ki44Kv44K744K144Oq44O8ID4g44K544Oe44O844OI44OV44Kp44Oz44Kx44O844K5,44CQ44K544Oe44Ob44Kx44O844K544CR44K544Kr44OrIOOCsOODquODvOODs+ODrOODg+ODiSDvvIjjgq/jg6rjgqLvvIkgLyBmb3IgQVJST1dTIGVmIEZKTDIxL2F1IOOAkOOCouODreODvOOCuiDjgrHjg7zjgrkv44Kr44OQ44O8L0NBU0Uv44Kx77yN44K544CR44CQ44K544Oe44O844OI44OV44Kp44OzIOOCseODvOOCuSDjgqvjg5Djg7zjgJHjgJDml6XmnKzoo70gU0VDT05EIFNLSU7jgJEgLyBmamwyMSDjgrHjg7zjgrkg44Kr44OQ44O844CQUDA2RGVjMTTjgJE=,YXUgQVJST1dTIGVmIEZKTDIxIOOCseODvOOCuSDjgqvjg5Djg7w=,PGJyPjxiPuKHklBD5ZWG5ZOB44Oa44O844K444Gn6Kmz44GX44GP6KaL44KLPC9iPjxicj48YnI+44Gp44GT44Go44Gq44GP44Kk44K/44Oq44Ki44Oz44Gq6YWN6Imy44GM44Kq44K344Oj44Os44GqQVJST1dTIGVmIEZKTDIxL2F144Kx44O844K544CC44CA57Sg5p2Q77ya44Kx44O844K55pys5L2T77yP44Od44Oq44Kr44O844Oc44ON44O844OI44CA5Yqg5bel77yaVVbnoazljJblnovjgqTjg7Pjgq/jg7vjg4jjg4Pjg5fjgrPjg7zjg4jku5XkuIrjgIDljbDliLfnr4Tlm7LvvJrlubPpnaLjg5fjg6rjg7Pjg4jvvIjlgbTpnaLjgavjg5fjg6rjg7Pjg4jjga/lhaXjgorjgb7jgZvjgpPvvIk8YnI+44CA44GU5rOo5paH5b6M44CB44Gy44Go44Gk44Gy44Go44Gk6IG35Lq644Gr44KI44KL44OP44Oz44OJ44Oh44Kk44OJ44Gu44Gf44KB44CBPGZvbnQgY29sb3I9IiNmZjAwMDAiPueZuumAgeOBvuOBp+OBq+acgOWkp+OBpzIx5pel44G744GpPC9mb250PumgguaItOiHtOOBl+OBpuOBiuOCiuOBvuOBmeOAgjxicj4gPGJyPjxmb250IGNvbG9yPSIjZmYwMDAwIj7lj5fms6jnlJ/nlKPjga7jgZ/jgoHjgIHjgZTms6jmloflvozjga7lpInmm7TjgIHov5Tlk4HjgIHjgq3jg6Pjg7Pjgrvjg6vjga/jgYrlj5fku5jjgafjgY3jgb7jgZvjgpPjgII8L2ZvbnQ+,44CQ44K544Oe44Ob44Kx44O844K544CR44K544Kr44OrIOOCsOODquODvOODs+ODrOODg+ODiSDvvIjjgq/jg6rjgqLvvIkgLyBmb3IgQVJST1dTIGVmIEZKTDIxL2F1IOOAkOOCouODreODvOOCuiDjgrHjg7zjgrkv44Kr44OQ44O8L0NBU0Uv44KxJm1pbnVzO+OCueOAkeOAkOOCueODnuODvOODiOODleOCqeODsyDjgrHjg7zjgrkg44Kr44OQ44O844CR44CQ5pel5pys6KO9IFNFQ09ORCBTS0lO44CRIC8gZmpsMjEg44Kx44O844K5IOOCq+ODkOODvOOAkFAwNkRlYzE044CR77ya44Kx44O844K/44Kk5bGLMjTjgIDmpb3lpKnluILloLTlupc=,44K544Oe44O844OI44OV44Kp44Oz44Ki44Kv44K744K144Oq44O85pC65biv44K544OI44Op44OD44OX44K544OI44Op44OD44OX44K544Oe44Ob44Kx44O844K544K544Oe44O844OI44OV44Kp44OzIOOCseODvOOCueOCueODnuODm+ODlOOCouOCueOCpOODpOODm+ODs+OCuOODo+ODg+OCryDjgqLjgq/jgrvjgrXjg6rjg7zjgrnjg57jg7zjg4jjg5Xjgqnjg7Pjg5TjgqLjgrnjg43jg4Pjgq/jgrnjg4jjg6njg4Pjg5fjgrnjg6/jg63jg5Xjgrnjgq3jg7wg44OU44Ki44K544K544Ov44Ot44OV44K544Kt44O8IOOCueODiOODqeODg+ODl+OCueODnuODm+OCq+ODkOODvOOCueODnuODvOODiOODleOCqeODsyDjgqvjg5Djg7zjgJDjgrnjg57jg5vjgrHjg7zjgrnjgJHjgrnjgqvjg6sg44Kw44Oq44O844Oz44Os44OD44OJIO+8iOOCr+ODquOCou+8iSAvIGZvciBBUlJPV1MgZWYgRkpMMjEvYXUg44CQ44Ki44Ot44O844K6IOOCseODvOOCuS/jgqvjg5Djg7wvQ0FTRS/jgrEmbWludXM744K544CR44CQ44K544Oe44O844OI44OV44Kp44OzIOOCseODvOOCuSDjgqvjg5Djg7zjgJHjgJDml6XmnKzoo70gU0VDT05EIFNLSU7jgJEgLyBmamwyMSDjgrHjg7zjgrkg44Kr44OQ44O844CQUDA2RGVjMTTjgJE=,YXUgQVJST1dTIGVmIEZKTDIxIOOCseODvOOCuSDjgqvjg5Djg7zjgILjgJDjgrnjg57jg5vjgrHjg7zjgrnjgJHjgrnjgqvjg6sg44Kw44Oq44O844Oz44Os44OD44OJIO+8iOOCr+ODquOCou+8iSAvIGZvciBBUlJPV1MgZWYgRkpMMjEvYXUg44CQ44Ki44Ot44O844K6IOOCseODvOOCuS/jgqvjg5Djg7wvQ0FTRS/jgrEmbWludXM744K544CR44CQ44K544Oe44O844OI44OV44Kp44OzIOOCseODvOOCuSDjgqvjg5Djg7zjgJHjgJDml6XmnKzoo70gU0VDT05EIFNLSU7jgJEgLyBmamwyMSDjgrHjg7zjgrkg44Kr44OQ44O844CQUDA2RGVjMTTjgJE=[rn]
10-177645,aHR0cDovL3RzaG9wLnIxMHMuanAva2ludHN1L2NhYmluZXQvcGx1cy1zL2RpYXJ5L3BsdXMtZGlhcnktMTA2MmEyLmpwZz9maXRpbj03MDA6NzAw,MTgzNi44MDAw,,44K544Oe44O844OI44OV44Kp44Oz44O744K/44OW44Os44OD44OIID4g44K544Oe44O844OI44OV44Kp44Oz44Ki44Kv44K744K144Oq44O8ID4g44K544Oe44O844OI44OV44Kp44Oz44Kx44O844K5,SFRMMjMg5omL5biz5Z6L44Kx44O844K5IOWbm+iRieOCr+ODreODvOODkOODvCDjg5/jg4Pjgq/jgrk=,SFRMMjMg44Kx44O844K5IOaJi+W4s+WeiyDjgrnjg57jg5vjgrHjg7zjgrkg5omL5biz44Kx44O844K54piG,PGJyPjxiPuKHklBD5ZWG5ZOB44Oa44O844K444Gn6Kmz44GX44GP6KaL44KLPC9iPjxicj48YnI+Cjxmb250IGNvbG9yPSIjZmY2NmNjIj7lj6/mhJvjgYTlm5vokYnjgq/jg63jg7zjg5Djg7zjgYzjgZ/jgY/jgZXjgpPimaogPGJyPuaJi+W4s+WeiyDjg4DjgqTjgqLjg6rjg7zjgrHjg7zjgrnjgILjg5Djg6njgqjjg4bjgqPjgoLosYrlr4zimIY8L2ZvbnQ+PGJyPgo8YnI+Cjx0YWJsZSBib3JkZXI9IjAiIGFsaWduPSJjZW50ZXIiPgo8dHI+Cjx0ZD48aW1nIHNyYz0iaHR0cDovL2ltYWdlLnJha3V0ZW4uY28uanAva2ludHN1L2NhYmluZXQvcGx1cy1zL2RpYXJ5L2RfYmxhY2tfMS5qcGciIHdpZHRoPSIzMDAiIGJvcmRlcj0iMCI+PC90ZD4KPC90cj4KPHRyPgo8dGQ+PGltZyBzcmM9Imh0dHA6Ly9pbWFnZS5yYWt1dGVuLmNvLmpwL2tpbnRzdS9jYWJpbmV0L3BsdXMtcy9kaWFyeS9kX2JsYWNrXzIuanBnIiB3aWR0aD0iMzAwIiBib3JkZXI9IjAiPjwvdGQ+PC90cj48dHI+PHRkPjxpbWcgc3JjPSJodHRwOi8vaW1hZ2UucmFrdXRlbi5jby5qcC9raW50c3UvY2FiaW5ldC9wbHVzLXMvZGlhcnkvZF9ibGFja18zLmpwZyIgd2lkdGg9IjMwMCIgYm9yZGVyPSIwIj48L3RkPgo8L3RyPjwvdGFibGU+PGJyPjxocj4K5Y+v5oSb44GE5Zub6JGJ44Kv44Ot44O844OQ44O844GM44Gf44GP44GV44KT4pmqIOaJi+W4s+WeiyDjg4DjgqTjgqLjg6rjg7zjgrHjg7zjgrnjgILjg5Djg6njgqjjg4bjgqPjgoLosYrlr4zimIY8YnI+MuWAi+S7peS4iuOBlOizvOWFpe+8iDMyNDDlhobku6XkuIrvvInjgafjgIHphY3pgIHmlrnms5XjgIzpg7Xkvr/lsYDjgb7jgZ/jga/jg43jgrPjg53jgrnjgI3jgafpgIHmlpnnhKHmlpnjgavjgarjgorjgb7jgZnjgILjgYrmlK/miZXmlrnms5Xjga/jgIHku6PlvJXjgY3jgafjgoJPS++8geS7o+W8leOBjeOBruWgtOWQiOOBr+OAjOmDteS+v+WxgOOAjeOBp+mFjemAgeiHtOOBl+OBvuOBmeOAgjxicj48Zm9udCBjb2xvcj0iI2ZmMDAwMCI+5Y+X5rOo55Sf55Sj44Gu44Gf44KB44CB44GU5rOo5paH5b6M44Gu5aSJ5pu044CB6L+U5ZOB44CB44Kt44Oj44Oz44K744Or44Gv44GK5Y+X5LuY44Gn44GN44G+44Gb44KT44CCPC9mb250Pjxicj48YnI+Cue0oOadkO+8muaJi+W4s+OCseODvOOCueacrOS9k++8j+WQiOearuOAgOODj+ODvOODieOCseODvOOCue+8j+ODneODquOCq+ODvOODnOODjeODvOODiCjjg5bjg6njg4Pjgq8pPGJyPgrliqDlt6XvvJpVVuehrOWMluWei+OCpOODs+OCrzxicj4K4oC75Y2T5LiK44Ob44Or44OA44O844Gu5YWF6Zu75Zmo44Gr44Gv5a++5b+c44GX44Gm44GK44KK44G+44Gb44KT44CCKOOCseODvOOCueOCkuijheedgOOBl+OBn+OBvuOBvuOCs+ODjeOCr+OCv+ODvOOBq+ebtOaOpeW3ruOBl+i+vOOCk+OBp+OBruWFhembu+OBr+WPr+iDveOBp+OBmeKYhijkuIDpg6jpnZ7lr77lv5zmqZ/nqK7mnInjgoopKTxicj4K4oC75YaZ55yf44Gv44Kk44Oh44O844K455S75YOP44Gr44Gq44KK44G+44GZ44CC5qmf56iu44Gr44KI44Gj44Gm57W15p+E44GM5YiH44KM44KL44GT44Go44GM44GU44GW44GE44G+44GZ44CCPGJyPgrigLvlrp/nianjga7oibLjgavov5HjgaXjgZHjgovjgojjgYbjgavliqrjgoHjgabjgYTjgb7jgZnjgYzjgIHjgZTliKnnlKjjga7jg6Ljg4vjgr/jg7zjgIFQQ+OChOOCueODnuODvOODiOODleOCqeODs+OBrueSsOWig+OBq+OCiOOCiuaOsui8ieWGmeecn+OBruiJsuOBjOWun+eJqeOBruiJsuOBqOmBleOBo+OBpuimi+OBiOOCi+WgtOWQiOOBjOOBlOOBluOBhOOBvuOBmeOAggo8YnI+PGJyPgoKCgrimIYg44Gd44Gu5LuW44CB5omL5biz5Z6L44Kx44O844K55LiA6Kan44Gv44GT44Gh44KJPGJyPjxicj48YnI+Cjxmb250IGNvbG9yPSIjMzMwMDk5Ij7jgqrjgrfjg6Pjg6zjgarmiYvluLPlnovjgrHjg7zjgrk8YnI+CuWbm+iRieOCr+ODreODvOODkOODvCDjg5/jg4Pjgq/jgrkgPC9mb250Pjxicj4KPGJyPjxicj48Yj48Zm9udCBjb2xvcj0iI2ZmMDAwMCI+4oC76YOo5p2Q44Gu6Kqk5beu44Gr44KI44KL5ZOB5YiH44KM44GM55m655Sf44GX44Gf5aC05ZCI44Gv44CB5YWl6I235qyh56ys44Gu6KO95L2c44O755m66YCB44Go44Gq44KL5aC05ZCI44GM44GU44GW44GE44G+44GZ44CCPGJyPgrjgZ3jga7pmpvjga/jgIHjgZTms6jmloflvozliKXpgJTjg6Hjg7zjg6vjgavjgabjgZTpgKPntaHjgZXjgZvjgabpoILjgY3jgb7jgZnjgII8YnI+44G+44Gf44CB5omL5biz44Gr44K544K/44Oz44OJ5qmf6IO9KOaKmOOCiuebru+8ieOBjOOBpOOBhOOBpuOBhOOCi+WgtOWQiOOBjOOBlOOBluOBhOOBvuOBmeOAgjxicj4K5LqI44KB44CB44GU5LqG5om/6aGY44GE44GX44G+44GZ44CCPC9mb250PjwvYj48YnI+PGJyPg==,SFRMMjMg5omL5biz5Z6L44Kx44O844K5IOWbm+iRieOCr+ODreODvOODkOODvCDjg5/jg4Pjgq/jgrnvvJrjgrHjg7zjgr/jgqTlsYsyNOOAgOalveWkqeW4guWgtOW6lw==,44K544Oe44O844OI44OV44Kp44Oz44Ki44Kv44K744K144Oq44O85pC65biv44K544OI44Op44OD44OX44K544OI44Op44OD44OX44K544Oe44Ob44Kx44O844K544K544Oe44O844OI44OV44Kp44OzIOOCseODvOOCueOCueODnuODm+ODlOOCouOCueOCpOODpOODm+ODs+OCuOODo+ODg+OCryDjgqLjgq/jgrvjgrXjg6rjg7zjgrnjg57jg7zjg4jjg5Xjgqnjg7Pjg5TjgqLjgrnjg43jg4Pjgq/jgrnjg4jjg6njg4Pjg5fjgrnjg6/jg63jg5Xjgrnjgq3jg7wg44OU44Ki44K544K544Ov44Ot44OV44K544Kt44O8IOOCueODiOODqeODg+ODl+OCueODnuODm+OCq+ODkOODvOOCueODnuODvOODiOODleOCqeODsyDjgqvjg5Djg7xIVEwyMyDmiYvluLPlnovjgrHjg7zjgrkg5Zub6JGJ44Kv44Ot44O844OQ44O8IOODn+ODg+OCr+OCuQ==,SFRMMjMg44Kx44O844K5IOaJi+W4s+WeiyDjgrnjg57jg5vjgrHjg7zjgrkg5omL5biz44Kx44O844K54piG44CCSFRMMjMg5omL5biz5Z6L44Kx44O844K5IOWbm+iRieOCr+ODreODvOODkOODvCDjg5/jg4Pjgq/jgrk=[rn]
10-177646,aHR0cDovL3RzaG9wLnIxMHMuanAva2ludHN1L2NhYmluZXQvcGx1cy1zL2RpYXJ5L3BsdXMtZGlhcnktdG1kMDAwMWEyLmpwZz9maXRpbj03MDA6NzAw,MTgzNi44MDAw,,44K544Oe44O844OI44OV44Kp44Oz44O744K/44OW44Os44OD44OIID4g44K544Oe44O844OI44OV44Kp44Oz44Ki44Kv44K744K144Oq44O8ID4g44K544Oe44O844OI44OV44Kp44Oz44Kx44O844K5,QVFVT1MgWkVUQSBTSC0wMUcg5omL5biz5Z6L44Kx44O844K5IHNoMDFnIOaJi+W4s+Wei+OCseODvOOCuSDjgqLjgq/jgqrjgrkg44Kx44O844K5IOaJi+W4s+WeiyDjg5Hjg4Pjg4Hjg6/jg7zjgq8g6Iqx5p+EIOOCq+ODs+ODiOODquODvCDjgqvjg5Djg7wgc2gtMDFo44Kx44O844K5IHNoLTAxaOOCq+ODkOODvCBhcXVvcyDjgrHjg7zjgrkg44Kr44OQ44O8IOOBiuOBl+OCg+OCjCDjgYvjgo/jgYTjgYQg5omL5biz5Z6L44K544Oe44Ob44Kx44O844K5IOOCueODnuODm+OCseODvOOCuSDjgrnjg57jg5vjgqvjg5Djg7w=,U0gtMDFHIOOCseODvOOCuSDmiYvluLPlnosg44K544Oe44Ob44Kx44O844K5IOaJi+W4s+OCseODvOOCueKYhg==,PGJyPjxiPuKHklBD5ZWG5ZOB44Oa44O844K444Gn6Kmz44GX44GP6KaL44KLPC9iPjxicj48YnI+Cjxmb250IGNvbG9yPSIjZmY2NmNjIj7jgqvjg6njg5Xjg6vjgarjg5Hjg4Pjg4Hjg6/jg7zjgq/mn4Tjga4gPGJyPuaJi+W4s+WeiyDjg4DjgqTjgqLjg6rjg7zjgrHjg7zjgrnjgILjg5Djg6njgqjjg4bjgqPjgoLosYrlr4zimIY8L2ZvbnQ+PGJyPgo8YnI+Cjx0YWJsZSBib3JkZXI9IjAiIGFsaWduPSJjZW50ZXIiPgo8dHI+Cjx0ZD48aW1nIHNyYz0iaHR0cDovL2ltYWdlLnJha3V0ZW4uY28uanAva2ludHN1L2NhYmluZXQvcGx1cy1zL2RpYXJ5L3BsdXMtZGlhcnktdG1kMDAwMWEyLmpwZyIgd2lkdGg9IjEwMCUiIGJvcmRlcj0iMCI+PC90ZD4KPC90cj4KPHRyPgo8dGQ+PGltZyBzcmM9Imh0dHA6Ly93d3cucmFrdXRlbi5uZS5qcC9nb2xkL2tpbnRzdS9zX2l0ZW0vcGx1cy1kaWFyeS9wbHVzLXNtYS1iYXNlMi5qcGciIHdpZHRoPSIxMDAlIiBib3JkZXI9IjAiPjxicj4KICAgIDxicj4KICAgIDxicj4KICAgIDwvdGQ+PC90cj48dHI+PHRkPjxpbWcgc3JjPSJodHRwOi8vd3d3LnJha3V0ZW4ubmUuanAvZ29sZC9raW50c3Uvc19pdGVtL3BsdXMtZGlhcnkvcGx1cy1zbWEtdG1kMDAwMWEuanBnIiB3aWR0aD0iMTAwJSIgYm9yZGVyPSIwIj48L3RkPgo8L3RyPjwvdGFibGU+PGJyPjxocj4K44Kr44Op44OV44Or44Gq44OR44OD44OB44Ov44O844Kv5p+E44GuIOaJi+W4s+WeiyDjg4DjgqTjgqLjg6rjg7zjgrHjg7zjgrnjgILjg5Djg6njgqjjg4bjgqPjgoLosYrlr4zimIY8YnI+MuWAi+S7peS4iuOBlOizvOWFpe+8iDMyNDDlhobku6XkuIrvvInjgafjgIHphY3pgIHmlrnms5XjgIzpg7Xkvr/lsYDjgb7jgZ/jga/jg43jgrPjg53jgrnjgI3jgafpgIHmlpnnhKHmlpnjgavjgarjgorjgb7jgZnjgILjgYrmlK/miZXmlrnms5Xjga/jgIHku6PlvJXjgY3jgafjgoJPS++8geS7o+W8leOBjeOBruWgtOWQiOOBr+OAjOmDteS+v+WxgOOAjeOBp+mFjemAgeiHtOOBl+OBvuOBmeOAgjxicj48Zm9udCBjb2xvcj0iI2ZmMDAwMCI+5Y+X5rOo55Sf55Sj44Gu44Gf44KB44CB44GU5rOo5paH5b6M44Gu5aSJ5pu044CB6L+U5ZOB44CB44Kt44Oj44Oz44K744Or44Gv44GK5Y+X5LuY44Gn44GN44G+44Gb44KT44CCPC9mb250Pjxicj48YnI+Cue0oOadkO+8muaJi+W4s+OCseODvOOCueacrOS9k++8j+WQiOearuOAgOODj+ODvOODieOCseODvOOCue+8j+ODneODquOCq+ODvOODnOODjeODvOODiCjjg5bjg6njg4Pjgq8pPGJyPgrliqDlt6XvvJpVVuehrOWMluWei+OCpOODs+OCrzxicj7igLvljZPkuIrjg5vjg6vjg4Djg7zjga7lhYXpm7vlmajjgavjga/lr77lv5zjgZfjgabjgYrjgorjgb7jgZvjgpPjgIIo44Kx44O844K544KS6KOF552A44GX44Gf44G+44G+44Kz44ON44Kv44K/44O844Gr55u05o6l5beu44GX6L6844KT44Gn44Gu5YWF6Zu744Gv5Y+v6IO944Gn44GZ4piGKOS4gOmDqOmdnuWvvuW/nOapn+eoruacieOCiikpPGJyPgrigLvlhpnnnJ/jga/jgqTjg6Hjg7zjgrjnlLvlg4/jgavjgarjgorjgb7jgZnjgILntbXmn4TjgYzliIfjgozjgovjgZPjgajjgYzjgZTjgZbjgYTjgb7jgZnjgIIK4oC75a6f54mp44Gu6Imy44Gr6L+R44Gl44GR44KL44KI44GG44Gr5Yqq44KB44Gm44GE44G+44GZ44GM44CB44GU5Yip55So44Gu44Oi44OL44K/44O844CBUEPjgoTjgrnjg57jg7zjg4jjg5Xjgqnjg7Pjga7nkrDlooPjgavjgojjgormjrLovInlhpnnnJ/jga7oibLjgYzlrp/nianjga7oibLjgajpgZXjgaPjgabopovjgYjjgovloLTlkIjjgYzjgZTjgZbjgYTjgb7jgZnjgIIKPGJyPjxicj4KCuKYhiDjgZ3jga7ku5bjgIHmiYvluLPlnovjgrHjg7zjgrnkuIDopqfjga/jgZPjgaHjgok8YnI+PGJyPjxicj4KPGZvbnQgY29sb3I9IiMzMzAwOTkiPuOCquOCt+ODo+ODrOOBquaJi+W4s+Wei+OCseODvOOCuTxicj4K44Kr44Op44OV44Or44Gq44OR44OD44OB44Ov44O844Kv5p+E44GuIOmBuOOBueOCi+WFqDnjgr/jgqTjg5c8L2ZvbnQ+PGJyPjxicj48Zm9udCBjb2xvcj0iI0ZGMDAwMCI+PGI+4oC744OH44K244Kk44Oz44O744Kr44Op44O844Gu6KaL5pys44Gv44Oa44O844K444Gu5LiA55Wq5LiK44Gr44GC44KL5ZWG5ZOB55S75YOP44Gu77yS5p6a55uu5Lul6ZmN44KS44GU6Kan44GP44Gg44GV44GE44CCPC9iPjwvZm9udD4KPGJyPjxicj48Yj48Zm9udCBjb2xvcj0iI2ZmMDAwMCI+4oC76YOo5p2Q44Gu6Kqk5beu44Gr44KI44KL5ZOB5YiH44KM44GM55m655Sf44GX44Gf5aC05ZCI44Gv44CB5YWl6I235qyh56ys44Gu6KO95L2c44O755m66YCB44Go44Gq44KL5aC05ZCI44GM44GU44GW44GE44G+44GZ44CCPGJyPuOBneOBrumam+OBr+OAgeOBlOazqOaWh+W+jOWIpemAlOODoeODvOODq+OBq+OBpuOBlOmAo+e1oeOBleOBm+OBpumgguOBjeOBvuOBmeOAgjxicj7jgb7jgZ/jgIHmiYvluLPjgavjgrnjgr/jg7Pjg4nmqZ/og70o5oqY44KK55uu77yJ44GM44Gk44GE44Gm44GE44KL5aC05ZCI44GM44GU44GW44GE44G+44GZ44CCPGJyPuS6iOOCgeOAgeOBlOS6huaJv+mhmOOBhOOBl+OBvuOBmeOAgjwvZm9udD48L2I+PGJyPjxicj4=,QVFVT1MgWkVUQSBTSC0wMUcg5omL5biz5Z6L44Kx44O844K5IHNoMDFnIOaJi+W4s+Wei+OCseODvOOCuSDjgqLjgq/jgqrjgrkg44Kx44O844K5IOaJi+W4s+WeiyDjg5Hjg4Pjg4Hjg6/jg7zjgq8g6Iqx5p+EIOOCq+ODs+ODiOODquODvCDjgqvjg5Djg7wgc2gtMDFo44Kx44O844K5IHNoLTAxaOOCq+ODkOODvCBhcXVvcyDjgrHjg7zjgrkg44Kr44OQ44O8IOOBiuOBl+OCg+OCjCDjgYvjgo/jgYTjgYQg5omL5biz5Z6L44K544Oe44Ob44Kx44O844K5IOOCueODnuODm+OCseODvOOCuSDjgrnjg57jg5vjgqvjg5Djg7zvvJrjgrHjg7zjgr/jgqTlsYsyNOOAgOalveWkqeW4guWgtOW6lw==,44K544Oe44O844OI44OV44Kp44Oz44Ki44Kv44K744K144Oq44O85pC65biv44K544OI44Op44OD44OX44K544OI44Op44OD44OX44K544Oe44Ob44Kx44O844K544K544Oe44O844OI44OV44Kp44OzIOOCseODvOOCueOCueODnuODm+ODlOOCouOCueOCpOODpOODm+ODs+OCuOODo+ODg+OCryDjgqLjgq/jgrvjgrXjg6rjg7zjgrnjg57jg7zjg4jjg5Xjgqnjg7Pjg5TjgqLjgrnjg43jg4Pjgq/jgrnjg4jjg6njg4Pjg5fjgrnjg6/jg63jg5Xjgrnjgq3jg7wg44OU44Ki44K544K544Ov44Ot44OV44K544Kt44O8IOOCueODiOODqeODg+ODl+OCueODnuODm+OCq+ODkOODvOOCueODnuODvOODiOODleOCqeODsyDjgqvjg5Djg7xBUVVPUyBaRVRBIFNILTAxRyDmiYvluLPlnovjgrHjg7zjgrkgc2gwMWcg5omL5biz5Z6L44Kx44O844K5IOOCouOCr+OCquOCuSDjgrHjg7zjgrkg5omL5biz5Z6LIOODkeODg+ODgeODr+ODvOOCryDoirHmn4Qg44Kr44Oz44OI44Oq44O8IOOCq+ODkOODvCBzaC0wMWjjgrHjg7zjgrkgc2gtMDFo44Kr44OQ44O8IGFxdW9zIOOCseODvOOCuSDjgqvjg5Djg7wg44GK44GX44KD44KMIOOBi+OCj+OBhOOBhCDmiYvluLPlnovjgrnjg57jg5vjgrHjg7zjgrkg44K544Oe44Ob44Kx44O844K5IOOCueODnuODm+OCq+ODkOODvA==,U0gtMDFHIOOCseODvOOCuSDmiYvluLPlnosg44K544Oe44Ob44Kx44O844K5IOaJi+W4s+OCseODvOOCueKYhuOAgkFRVU9TIFpFVEEgU0gtMDFHIOaJi+W4s+Wei+OCseODvOOCuSBzaDAxZyDmiYvluLPlnovjgrHjg7zjgrkg44Ki44Kv44Kq44K5IOOCseODvOOCuSDmiYvluLPlnosg44OR44OD44OB44Ov44O844KvIOiKseafhCDjgqvjg7Pjg4jjg6rjg7wg44Kr44OQ44O8IHNoLTAxaOOCseODvOOCuSBzaC0wMWjjgqvjg5Djg7wgYXF1b3Mg44Kx44O844K5IOOCq+ODkOODvCDjgYrjgZfjgoPjgowg44GL44KP44GE44GEIOaJi+W4s+Wei+OCueODnuODm+OCseODvOOCuSDjgrnjg57jg5vjgrHjg7zjgrkg44K544Oe44Ob44Kr44OQ44O8[rn]
10-177647,aHR0cDovL3RzaG9wLnIxMHMuanAva2ludHN1L2NhYmluZXQvcGx1cy1zL2RpYXJ5L3BsdXMtZGlhcnktdG1kMDAwNmEyLmpwZz9maXRpbj03MDA6NzAw,MTgzNi44MDAw,,44K544Oe44O844OI44OV44Kp44Oz44O744K/44OW44Os44OD44OIID4g44K544Oe44O844OI44OV44Kp44Oz44Ki44Kv44K744K144Oq44O8ID4g44K544Oe44O844OI44OV44Kp44Oz44Kx44O844K5,SFRMMjMg5omL5biz5Z6L44Kx44O844K5IOOCouODi+ODnuODqyDli5Xniakg55mS44GX57O7IOOCq+ODkOODvA==,SFRMMjMg44Kx44O844K5IOaJi+W4s+WeiyDjgrnjg57jg5vjgrHjg7zjgrkg5omL5biz44Kx44O844K54piG,PGJyPjxiPuKHklBD5ZWG5ZOB44Oa44O844K444Gn6Kmz44GX44GP6KaL44KLPC9iPjxicj48YnI+Cjxmb250IGNvbG9yPSIjZmY2NmNjIj7jg43jgrPjgIHjgrfjg63jgq/jg57jgIHjgqvjg5Tjg5Djg6njgIHjg4jjgqTjg5fjg7zjg4njg6vjgIHjgqbjgrXjgq7nrYnkurrmsJfli5Xnianjga4gPGJyPuaJi+W4s+WeiyDjg4DjgqTjgqLjg6rjg7zjgrHjg7zjgrnjgILjg5Djg6njgqjjg4bjgqPjgoLosYrlr4zimIY8L2ZvbnQ+PGJyPgo8YnI+Cjx0YWJsZSBib3JkZXI9IjAiIGFsaWduPSJjZW50ZXIiPgo8dHI+Cjx0ZD48aW1nIHNyYz0iaHR0cDovL2ltYWdlLnJha3V0ZW4uY28uanAva2ludHN1L2NhYmluZXQvcGx1cy1zL2RpYXJ5L3BsdXMtZGlhcnktdG1kMDAwNmEyLmpwZyIgd2lkdGg9IjEwMCUiIGJvcmRlcj0iMCI+PC90ZD4KPC90cj4KPHRyPgo8dGQ+PGltZyBzcmM9Imh0dHA6Ly93d3cucmFrdXRlbi5uZS5qcC9nb2xkL2tpbnRzdS9zX2l0ZW0vcGx1cy1kaWFyeS9wbHVzLXNtYS1iYXNlMi5qcGciIHdpZHRoPSIxMDAlIiBib3JkZXI9IjAiPjxicj4KICAgIDxicj4KICAgIDxicj4KICAgIDwvdGQ+PC90cj48dHI+PHRkPjxpbWcgc3JjPSJodHRwOi8vd3d3LnJha3V0ZW4ubmUuanAvZ29sZC9raW50c3Uvc19pdGVtL3BsdXMtZGlhcnkvcGx1cy1zbWEtdG1kMDAwNmEuanBnIiB3aWR0aD0iMTAwJSIgYm9yZGVyPSIwIj48L3RkPgo8L3RyPjwvdGFibGU+PGJyPjxocj4K44ON44Kz44CB44K344Ot44Kv44Oe44CB44Kr44OU44OQ44Op44CB44OI44Kk44OX44O844OJ44Or44CB44Km44K144Ku562J5Lq65rCX5YuV54mp44GuIOaJi+W4s+WeiyDjg4DjgqTjgqLjg6rjg7zjgrHjg7zjgrnjgILjg5Djg6njgqjjg4bjgqPjgoLosYrlr4zimIY8YnI+MuWAi+S7peS4iuOBlOizvOWFpe+8iDMyNDDlhobku6XkuIrvvInjgafjgIHphY3pgIHmlrnms5XjgIzpg7Xkvr/lsYDjgb7jgZ/jga/jg43jgrPjg53jgrnjgI3jgafpgIHmlpnnhKHmlpnjgavjgarjgorjgb7jgZnjgILjgYrmlK/miZXmlrnms5Xjga/jgIHku6PlvJXjgY3jgafjgoJPS++8geS7o+W8leOBjeOBruWgtOWQiOOBr+OAjOmDteS+v+WxgOOAjeOBp+mFjemAgeiHtOOBl+OBvuOBmeOAgjxicj48Zm9udCBjb2xvcj0iI2ZmMDAwMCI+5Y+X5rOo55Sf55Sj44Gu44Gf44KB44CB44GU5rOo5paH5b6M44Gu5aSJ5pu044CB6L+U5ZOB44CB44Kt44Oj44Oz44K744Or44Gv44GK5Y+X5LuY44Gn44GN44G+44Gb44KT44CCPC9mb250Pjxicj48YnI+Cue0oOadkO+8muaJi+W4s+OCseODvOOCueacrOS9k++8j+WQiOearuOAgOODj+ODvOODieOCseODvOOCue+8j+ODneODquOCq+ODvOODnOODjeODvOODiCjjg5bjg6njg4Pjgq8pPGJyPgrliqDlt6XvvJpVVuehrOWMluWei+OCpOODs+OCrzxicj7igLvljZPkuIrjg5vjg6vjg4Djg7zjga7lhYXpm7vlmajjgavjga/lr77lv5zjgZfjgabjgYrjgorjgb7jgZvjgpPjgIIo44Kx44O844K544KS6KOF552A44GX44Gf44G+44G+44Kz44ON44Kv44K/44O844Gr55u05o6l5beu44GX6L6844KT44Gn44Gu5YWF6Zu744Gv5Y+v6IO944Gn44GZ4piGKOS4gOmDqOmdnuWvvuW/nOapn+eoruacieOCiikpPGJyPgrigLvlhpnnnJ/jga/jgqTjg6Hjg7zjgrjnlLvlg4/jgavjgarjgorjgb7jgZnjgILntbXmn4TjgYzliIfjgozjgovjgZPjgajjgYzjgZTjgZbjgYTjgb7jgZnjgIIK4oC75a6f54mp44Gu6Imy44Gr6L+R44Gl44GR44KL44KI44GG44Gr5Yqq44KB44Gm44GE44G+44GZ44GM44CB44GU5Yip55So44Gu44Oi44OL44K/44O844CBUEPjgoTjgrnjg57jg7zjg4jjg5Xjgqnjg7Pjga7nkrDlooPjgavjgojjgormjrLovInlhpnnnJ/jga7oibLjgYzlrp/nianjga7oibLjgajpgZXjgaPjgabopovjgYjjgovloLTlkIjjgYzjgZTjgZbjgYTjgb7jgZnjgIIKPGJyPjxicj4KCuKYhiDjgZ3jga7ku5bjgIHmiYvluLPlnovjgrHjg7zjgrnkuIDopqfjga/jgZPjgaHjgok8YnI+PGJyPjxicj4KPGZvbnQgY29sb3I9IiMzMzAwOTkiPuOCquOCt+ODo+ODrOOBquaJi+W4s+Wei+OCseODvOOCuTxicj4K44ON44Kz44CB44K344Ot44Kv44Oe44CB44Kr44OU44OQ44Op44CB44OI44Kk44OX44O844OJ44Or44CB44Km44K144Ku562J5Lq65rCX5YuV54mp44GuIOmBuOOBueOCi+WFqDnjgr/jgqTjg5c8L2ZvbnQ+PGJyPjxicj48Zm9udCBjb2xvcj0iI0ZGMDAwMCI+PGI+4oC744OH44K244Kk44Oz44O744Kr44Op44O844Gu6KaL5pys44Gv44Oa44O844K444Gu5LiA55Wq5LiK44Gr44GC44KL5ZWG5ZOB55S75YOP44Gu77yS5p6a55uu5Lul6ZmN44KS44GU6Kan44GP44Gg44GV44GE44CCPC9iPjwvZm9udD4KPGJyPjxicj48Yj48Zm9udCBjb2xvcj0iI2ZmMDAwMCI+4oC76YOo5p2Q44Gu6Kqk5beu44Gr44KI44KL5ZOB5YiH44KM44GM55m655Sf44GX44Gf5aC05ZCI44Gv44CB5YWl6I235qyh56ys44Gu6KO95L2c44O755m66YCB44Go44Gq44KL5aC05ZCI44GM44GU44GW44GE44G+44GZ44CCPGJyPuOBneOBrumam+OBr+OAgeOBlOazqOaWh+W+jOWIpemAlOODoeODvOODq+OBq+OBpuOBlOmAo+e1oeOBleOBm+OBpumgguOBjeOBvuOBmeOAgjxicj7jgb7jgZ/jgIHmiYvluLPjgavjgrnjgr/jg7Pjg4nmqZ/og70o5oqY44KK55uu77yJ44GM44Gk44GE44Gm44GE44KL5aC05ZCI44GM44GU44GW44GE44G+44GZ44CCPGJyPuS6iOOCgeOAgeOBlOS6huaJv+mhmOOBhOOBl+OBvuOBmeOAgjwvZm9udD48L2I+PGJyPjxicj4=,SFRMMjMg5omL5biz5Z6L44Kx44O844K5IOOCouODi+ODnuODqyDli5Xniakg55mS44GX57O7IOOCq+ODkOODvO+8muOCseODvOOCv+OCpOWxizI044CA5qW95aSp5biC5aC05bqX,44K544Oe44O844OI44OV44Kp44Oz44Ki44Kv44K744K144Oq44O85pC65biv44K544OI44Op44OD44OX44K544OI44Op44OD44OX44K544Oe44Ob44Kx44O844K544K544Oe44O844OI44OV44Kp44OzIOOCseODvOOCueOCueODnuODm+ODlOOCouOCueOCpOODpOODm+ODs+OCuOODo+ODg+OCryDjgqLjgq/jgrvjgrXjg6rjg7zjgrnjg57jg7zjg4jjg5Xjgqnjg7Pjg5TjgqLjgrnjg43jg4Pjgq/jgrnjg4jjg6njg4Pjg5fjgrnjg6/jg63jg5Xjgrnjgq3jg7wg44OU44Ki44K544K544Ov44Ot44OV44K544Kt44O8IOOCueODiOODqeODg+ODl+OCueODnuODm+OCq+ODkOODvOOCueODnuODvOODiOODleOCqeODsyDjgqvjg5Djg7xIVEwyMyDmiYvluLPlnovjgrHjg7zjgrkg44Ki44OL44Oe44OrIOWLleeJqSDnmZLjgZfns7sg44Kr44OQ44O8,SFRMMjMg44Kx44O844K5IOaJi+W4s+WeiyDjgrnjg57jg5vjgrHjg7zjgrkg5omL5biz44Kx44O844K54piG44CCSFRMMjMg5omL5biz5Z6L44Kx44O844K5IOOCouODi+ODnuODqyDli5Xniakg55mS44GX57O7IOOCq+ODkOODvA==[rn]
10-177648,aHR0cDovL3RzaG9wLnIxMHMuanAva2ludHN1L2NhYmluZXQvcGx1cy1zL2RpYXJ5L3BsdXMtZGlhcnktaWNkMDA0MGEyLmpwZz9maXRpbj03MDA6NzAw,MTgzNi44MDAw,,44K544Oe44O844OI44OV44Kp44Oz44O744K/44OW44Os44OD44OIID4g44K544Oe44O844OI44OV44Kp44Oz44Ki44Kv44K744K144Oq44O8ID4g44K544Oe44O844OI44OV44Kp44Oz44Kx44O844K5,QVFVT1MgWkVUQSBTSC0wMUcg5omL5biz5Z6L44Kx44O844K5IHNoMDFnIOaJi+W4s+Wei+OCseODvOOCuSDjgqLjgq/jgqrjgrkg44Kx44O844K5IOaJi+W4s+WeiyDlkozmn4Qg5biC5p2+5qih5qeYIOODouODgOODsyDjgqvjg5Djg7wgc2gtMDFo44Kx44O844K5IHNoLTAxaOOCq+ODkOODvCBhcXVvcyDjgrHjg7zjgrkg44Kr44OQ44O8IOOBiuOBl+OCg+OCjCDjgYvjgo/jgYTjgYQg5omL5biz5Z6L44K544Oe44Ob44Kx44O844K5IOOCueODnuODm+OCseODvOOCuSDjgrnjg57jg5vjgqvjg5Djg7w=,U0gtMDFHIOOCseODvOOCuSDmiYvluLPlnosg44K544Oe44Ob44Kx44O844K5IOaJi+W4s+OCseODvOOCueKYhg==,PGJyPjxiPuKHklBD5ZWG5ZOB44Oa44O844K444Gn6Kmz44GX44GP6KaL44KLPC9iPjxicj48YnI+Cjxmb250IGNvbG9yPSIjZmY2NmNjIj7jgrfjg7Pjg5fjg6vjgafjg6Ljg4Djg7PjgarluILmnb7mqKHmp5jjga4gPGJyPuaJi+W4s+WeiyDjg4DjgqTjgqLjg6rjg7zjgrHjg7zjgrnjgILjg5Djg6njgqjjg4bjgqPjgoLosYrlr4zimIY8L2ZvbnQ+PGJyPgo8YnI+Cjx0YWJsZSBib3JkZXI9IjAiIGFsaWduPSJjZW50ZXIiPgo8dHI+Cjx0ZD48aW1nIHNyYz0iaHR0cDovL2ltYWdlLnJha3V0ZW4uY28uanAva2ludHN1L2NhYmluZXQvcGx1cy1zL2RpYXJ5L3BsdXMtZGlhcnktaWNkMDA0MGEyLmpwZyIgd2lkdGg9IjEwMCUiIGJvcmRlcj0iMCI+PC90ZD4KPC90cj4KPHRyPgo8dGQ+PGltZyBzcmM9Imh0dHA6Ly93d3cucmFrdXRlbi5uZS5qcC9nb2xkL2tpbnRzdS9zX2l0ZW0vcGx1cy1kaWFyeS9wbHVzLXNtYS1iYXNlMi5qcGciIHdpZHRoPSIxMDAlIiBib3JkZXI9IjAiPjxicj4KICAgIDxicj4KICAgIDxicj4KICAgIDwvdGQ+PC90cj48dHI+PHRkPjxpbWcgc3JjPSJodHRwOi8vd3d3LnJha3V0ZW4ubmUuanAvZ29sZC9raW50c3Uvc19pdGVtL3BsdXMtZGlhcnkvcGx1cy1zbWEtaWNkMDA0MGEuanBnIiB3aWR0aD0iMTAwJSIgYm9yZGVyPSIwIj48L3RkPgo8L3RyPjwvdGFibGU+PGJyPjxocj4K44K344Oz44OX44Or44Gn44Oi44OA44Oz44Gq5biC5p2+5qih5qeY44GuIOaJi+W4s+WeiyDjg4DjgqTjgqLjg6rjg7zjgrHjg7zjgrnjgILjg5Djg6njgqjjg4bjgqPjgoLosYrlr4zimIY8YnI+MuWAi+S7peS4iuOBlOizvOWFpe+8iDMyNDDlhobku6XkuIrvvInjgafjgIHphY3pgIHmlrnms5XjgIzpg7Xkvr/lsYDjgb7jgZ/jga/jg43jgrPjg53jgrnjgI3jgafpgIHmlpnnhKHmlpnjgavjgarjgorjgb7jgZnjgILjgYrmlK/miZXmlrnms5Xjga/jgIHku6PlvJXjgY3jgafjgoJPS++8geS7o+W8leOBjeOBruWgtOWQiOOBr+OAjOmDteS+v+WxgOOAjeOBp+mFjemAgeiHtOOBl+OBvuOBmeOAgjxicj48Zm9udCBjb2xvcj0iI2ZmMDAwMCI+5Y+X5rOo55Sf55Sj44Gu44Gf44KB44CB44GU5rOo5paH5b6M44Gu5aSJ5pu044CB6L+U5ZOB44CB44Kt44Oj44Oz44K744Or44Gv44GK5Y+X5LuY44Gn44GN44G+44Gb44KT44CCPC9mb250Pjxicj48YnI+Cue0oOadkO+8muaJi+W4s+OCseODvOOCueacrOS9k++8j+WQiOearuOAgOODj+ODvOODieOCseODvOOCue+8j+ODneODquOCq+ODvOODnOODjeODvOODiCjjg5bjg6njg4Pjgq8pPGJyPgrliqDlt6XvvJpVVuehrOWMluWei+OCpOODs+OCrzxicj7igLvljZPkuIrjg5vjg6vjg4Djg7zjga7lhYXpm7vlmajjgavjga/lr77lv5zjgZfjgabjgYrjgorjgb7jgZvjgpPjgIIo44Kx44O844K544KS6KOF552A44GX44Gf44G+44G+44Kz44ON44Kv44K/44O844Gr55u05o6l5beu44GX6L6844KT44Gn44Gu5YWF6Zu744Gv5Y+v6IO944Gn44GZ4piGKOS4gOmDqOmdnuWvvuW/nOapn+eoruacieOCiikpPGJyPgrigLvlhpnnnJ/jga/jgqTjg6Hjg7zjgrjnlLvlg4/jgavjgarjgorjgb7jgZnjgILntbXmn4TjgYzliIfjgozjgovjgZPjgajjgYzjgZTjgZbjgYTjgb7jgZnjgIIK4oC75a6f54mp44Gu6Imy44Gr6L+R44Gl44GR44KL44KI44GG44Gr5Yqq44KB44Gm44GE44G+44GZ44GM44CB44GU5Yip55So44Gu44Oi44OL44K/44O844CBUEPjgoTjgrnjg57jg7zjg4jjg5Xjgqnjg7Pjga7nkrDlooPjgavjgojjgormjrLovInlhpnnnJ/jga7oibLjgYzlrp/nianjga7oibLjgajpgZXjgaPjgabopovjgYjjgovloLTlkIjjgYzjgZTjgZbjgYTjgb7jgZnjgIIKPGJyPjxicj4KCuKYhiDjgZ3jga7ku5bjgIHmiYvluLPlnovjgrHjg7zjgrnkuIDopqfjga/jgZPjgaHjgok8YnI+PGJyPjxicj4KPGZvbnQgY29sb3I9IiMzMzAwOTkiPuOCquOCt+ODo+ODrOOBquaJi+W4s+Wei+OCseODvOOCuTxicj4K44K344Oz44OX44Or44Gn44Oi44OA44Oz44Gq5biC5p2+5qih5qeY44GuIOmBuOOBueOCi+WFqDnjgr/jgqTjg5c8L2ZvbnQ+PGJyPjxicj48Zm9udCBjb2xvcj0iI0ZGMDAwMCI+PGI+4oC744OH44K244Kk44Oz44O744Kr44Op44O844Gu6KaL5pys44Gv44Oa44O844K444Gu5LiA55Wq5LiK44Gr44GC44KL5ZWG5ZOB55S75YOP44Gu77yS5p6a55uu5Lul6ZmN44KS44GU6Kan44GP44Gg44GV44GE44CCPC9iPjwvZm9udD4KPGJyPjxicj48Yj48Zm9udCBjb2xvcj0iI2ZmMDAwMCI+4oC76YOo5p2Q44Gu6Kqk5beu44Gr44KI44KL5ZOB5YiH44KM44GM55m655Sf44GX44Gf5aC05ZCI44Gv44CB5YWl6I235qyh56ys44Gu6KO95L2c44O755m66YCB44Go44Gq44KL5aC05ZCI44GM44GU44GW44GE44G+44GZ44CCPGJyPuOBneOBrumam+OBr+OAgeOBlOazqOaWh+W+jOWIpemAlOODoeODvOODq+OBq+OBpuOBlOmAo+e1oeOBleOBm+OBpumgguOBjeOBvuOBmeOAgjxicj7jgb7jgZ/jgIHmiYvluLPjgavjgrnjgr/jg7Pjg4nmqZ/og70o5oqY44KK55uu77yJ44GM44Gk44GE44Gm44GE44KL5aC05ZCI44GM44GU44GW44GE44G+44GZ44CCPGJyPuS6iOOCgeOAgeOBlOS6huaJv+mhmOOBhOOBl+OBvuOBmeOAgjwvZm9udD48L2I+PGJyPjxicj4=,QVFVT1MgWkVUQSBTSC0wMUcg5omL5biz5Z6L44Kx44O844K5IHNoMDFnIOaJi+W4s+Wei+OCseODvOOCuSDjgqLjgq/jgqrjgrkg44Kx44O844K5IOaJi+W4s+WeiyDlkozmn4Qg5biC5p2+5qih5qeYIOODouODgOODsyDjgqvjg5Djg7wgc2gtMDFo44Kx44O844K5IHNoLTAxaOOCq+ODkOODvCBhcXVvcyDjgrHjg7zjgrkg44Kr44OQ44O8IOOBiuOBl+OCg+OCjCDjgYvjgo/jgYTjgYQg5omL5biz5Z6L44K544Oe44Ob44Kx44O844K5IOOCueODnuODm+OCseODvOOCuSDjgrnjg57jg5vjgqvjg5Djg7zvvJrjgrHjg7zjgr/jgqTlsYsyNOOAgOalveWkqeW4guWgtOW6lw==,44K544Oe44O844OI44OV44Kp44Oz44Ki44Kv44K744K144Oq44O85pC65biv44K544OI44Op44OD44OX44K544OI44Op44OD44OX44K544Oe44Ob44Kx44O844K544K544Oe44O844OI44OV44Kp44OzIOOCseODvOOCueOCueODnuODm+ODlOOCouOCueOCpOODpOODm+ODs+OCuOODo+ODg+OCryDjgqLjgq/jgrvjgrXjg6rjg7zjgrnjg57jg7zjg4jjg5Xjgqnjg7Pjg5TjgqLjgrnjg43jg4Pjgq/jgrnjg4jjg6njg4Pjg5fjgrnjg6/jg63jg5Xjgrnjgq3jg7wg44OU44Ki44K544K544Ov44Ot44OV44K544Kt44O8IOOCueODiOODqeODg+ODl+OCueODnuODm+OCq+ODkOODvOOCueODnuODvOODiOODleOCqeODsyDjgqvjg5Djg7xBUVVPUyBaRVRBIFNILTAxRyDmiYvluLPlnovjgrHjg7zjgrkgc2gwMWcg5omL5biz5Z6L44Kx44O844K5IOOCouOCr+OCquOCuSDjgrHjg7zjgrkg5omL5biz5Z6LIOWSjOafhCDluILmnb7mqKHmp5gg44Oi44OA44OzIOOCq+ODkOODvCBzaC0wMWjjgrHjg7zjgrkgc2gtMDFo44Kr44OQ44O8IGFxdW9zIOOCseODvOOCuSDjgqvjg5Djg7wg44GK44GX44KD44KMIOOBi+OCj+OBhOOBhCDmiYvluLPlnovjgrnjg57jg5vjgrHjg7zjgrkg44K544Oe44Ob44Kx44O844K5IOOCueODnuODm+OCq+ODkOODvA==,U0gtMDFHIOOCseODvOOCuSDmiYvluLPlnosg44K544Oe44Ob44Kx44O844K5IOaJi+W4s+OCseODvOOCueKYhuOAgkFRVU9TIFpFVEEgU0gtMDFHIOaJi+W4s+Wei+OCseODvOOCuSBzaDAxZyDmiYvluLPlnovjgrHjg7zjgrkg44Ki44Kv44Kq44K5IOOCseODvOOCuSDmiYvluLPlnosg5ZKM5p+EIOW4guadvuaooeanmCDjg6Ljg4Djg7Mg44Kr44OQ44O8IHNoLTAxaOOCseODvOOCuSBzaC0wMWjjgqvjg5Djg7wgYXF1b3Mg44Kx44O844K5IOOCq+ODkOODvCDjgYrjgZfjgoPjgowg44GL44KP44GE44GEIOaJi+W4s+Wei+OCueODnuODm+OCseODvOOCuSDjgrnjg57jg5vjgrHjg7zjgrkg44K544Oe44Ob44Kr44OQ44O8[rn]
10-177649,aHR0cDovL3RzaG9wLnIxMHMuanAva2ludHN1L2NhYmluZXQvcGx1cy1zL2RpYXJ5L3BsdXMtZGlhcnktY3NkMDAwMmEyLmpwZz9maXRpbj03MDA6NzAw,MTgzNi44MDAw,,44K544Oe44O844OI44OV44Kp44Oz44O744K/44OW44Os44OD44OIID4g44K544Oe44O844OI44OV44Kp44Oz44Ki44Kv44K744K144Oq44O8ID4g44K544Oe44O844OI44OV44Kp44Oz44Kx44O844K5,SFRMMjMg5omL5biz5Z6L44Kx44O844K5IOaJi+abuOOBjemiqCDjgobjgovjgqvjg68g44Oi44OO44OI44O844OzIOOCq+ODkOODvA==,SFRMMjMg44Kx44O844K5IOaJi+W4s+WeiyDjgrnjg57jg5vjgrHjg7zjgrkg5omL5biz44Kx44O844K54piG,PGJyPjxiPuKHklBD5ZWG5ZOB44Oa44O844K444Gn6Kmz44GX44GP6KaL44KLPC9iPjxicj48YnI+Cjxmb250IGNvbG9yPSIjZmY2NmNjIj4g44KG44KL44Kr44Ov5omL5pu444GN6aKo44OH44K244Kk44Oz44GuIDxicj7miYvluLPlnosg44OA44Kk44Ki44Oq44O844Kx44O844K544CC44OQ44Op44Ko44OG44Kj44KC6LGK5a+M4piGPC9mb250Pjxicj4KPGJyPgo8dGFibGUgYm9yZGVyPSIwIiBhbGlnbj0iY2VudGVyIj4KPHRyPgo8dGQ+PGltZyBzcmM9Imh0dHA6Ly9pbWFnZS5yYWt1dGVuLmNvLmpwL2tpbnRzdS9jYWJpbmV0L3BsdXMtcy9kaWFyeS9wbHVzLWRpYXJ5LWNzZDAwMDJhMi5qcGciIHdpZHRoPSIxMDAlIiBib3JkZXI9IjAiPjwvdGQ+CjwvdHI+Cjx0cj4KPHRkPjxpbWcgc3JjPSJodHRwOi8vd3d3LnJha3V0ZW4ubmUuanAvZ29sZC9raW50c3Uvc19pdGVtL3BsdXMtZGlhcnkvcGx1cy1zbWEtYmFzZTIuanBnIiB3aWR0aD0iMTAwJSIgYm9yZGVyPSIwIj48YnI+CiAgICA8YnI+CiAgICA8YnI+CiAgICA8L3RkPjwvdHI+PHRyPjx0ZD48aW1nIHNyYz0iaHR0cDovL3d3dy5yYWt1dGVuLm5lLmpwL2dvbGQva2ludHN1L3NfaXRlbS9wbHVzLWRpYXJ5L3BsdXMtc21hLWNzZDAwMDJhLmpwZyIgd2lkdGg9IjEwMCUiIGJvcmRlcj0iMCI+PC90ZD4KPC90cj48L3RhYmxlPjxicj48aHI+CiDjgobjgovjgqvjg6/miYvmm7jjgY3poqjjg4fjgrbjgqTjg7Pjga4g5omL5biz5Z6LIOODgOOCpOOCouODquODvOOCseODvOOCueOAguODkOODqeOCqOODhuOCo+OCguixiuWvjOKYhjxicj4y5YCL5Lul5LiK44GU6LO85YWl77yIMzI0MOWGhuS7peS4iu+8ieOBp+OAgemFjemAgeaWueazleOAjOmDteS+v+WxgOOBvuOBn+OBr+ODjeOCs+ODneOCueOAjeOBp+mAgeaWmeeEoeaWmeOBq+OBquOCiuOBvuOBmeOAguOBiuaUr+aJleaWueazleOBr+OAgeS7o+W8leOBjeOBp+OCgk9L77yB5Luj5byV44GN44Gu5aC05ZCI44Gv44CM6YO15L6/5bGA44CN44Gn6YWN6YCB6Ie044GX44G+44GZ44CCPGJyPjxmb250IGNvbG9yPSIjZmYwMDAwIj7lj5fms6jnlJ/nlKPjga7jgZ/jgoHjgIHjgZTms6jmloflvozjga7lpInmm7TjgIHov5Tlk4HjgIHjgq3jg6Pjg7Pjgrvjg6vjga/jgYrlj5fku5jjgafjgY3jgb7jgZvjgpPjgII8L2ZvbnQ+PGJyPjxicj4K57Sg5p2Q77ya5omL5biz44Kx44O844K55pys5L2T77yP5ZCI55qu44CA44OP44O844OJ44Kx44O844K577yP44Od44Oq44Kr44O844Oc44ON44O844OIKOODluODqeODg+OCryk8YnI+CuWKoOW3pe+8mlVW56Gs5YyW5Z6L44Kk44Oz44KvPGJyPuKAu+WNk+S4iuODm+ODq+ODgOODvOOBruWFhembu+WZqOOBq+OBr+WvvuW/nOOBl+OBpuOBiuOCiuOBvuOBm+OCk+OAgijjgrHjg7zjgrnjgpLoo4XnnYDjgZfjgZ/jgb7jgb7jgrPjg43jgq/jgr/jg7zjgavnm7TmjqXlt67jgZfovrzjgpPjgafjga7lhYXpm7vjga/lj6/og73jgafjgZnimIYo5LiA6YOo6Z2e5a++5b+c5qmf56iu5pyJ44KKKSk8YnI+CuKAu+WGmeecn+OBr+OCpOODoeODvOOCuOeUu+WDj+OBq+OBquOCiuOBvuOBmeOAgue1teafhOOBjOWIh+OCjOOCi+OBk+OBqOOBjOOBlOOBluOBhOOBvuOBmeOAggrigLvlrp/nianjga7oibLjgavov5HjgaXjgZHjgovjgojjgYbjgavliqrjgoHjgabjgYTjgb7jgZnjgYzjgIHjgZTliKnnlKjjga7jg6Ljg4vjgr/jg7zjgIFQQ+OChOOCueODnuODvOODiOODleOCqeODs+OBrueSsOWig+OBq+OCiOOCiuaOsui8ieWGmeecn+OBruiJsuOBjOWun+eJqeOBruiJsuOBqOmBleOBo+OBpuimi+OBiOOCi+WgtOWQiOOBjOOBlOOBluOBhOOBvuOBmeOAggo8YnI+PGJyPgoK4piGIOOBneOBruS7luOAgeaJi+W4s+Wei+OCseODvOOCueS4gOimp+OBr+OBk+OBoeOCiTxicj48YnI+PGJyPgo8Zm9udCBjb2xvcj0iIzMzMDA5OSI+44Kq44K344Oj44Os44Gq5omL5biz5Z6L44Kx44O844K5PGJyPgog44KG44KL44Kr44Ov5omL5pu444GN6aKo44OH44K244Kk44Oz44GuIOmBuOOBueOCi+WFqDnjgr/jgqTjg5c8L2ZvbnQ+PGJyPjxicj48Zm9udCBjb2xvcj0iI0ZGMDAwMCI+PGI+4oC744OH44K244Kk44Oz44O744Kr44Op44O844Gu6KaL5pys44Gv44Oa44O844K444Gu5LiA55Wq5LiK44Gr44GC44KL5ZWG5ZOB55S75YOP44Gu77yS5p6a55uu5Lul6ZmN44KS44GU6Kan44GP44Gg44GV44GE44CCPC9iPjwvZm9udD4KPGJyPjxicj48Yj48Zm9udCBjb2xvcj0iI2ZmMDAwMCI+4oC76YOo5p2Q44Gu6Kqk5beu44Gr44KI44KL5ZOB5YiH44KM44GM55m655Sf44GX44Gf5aC05ZCI44Gv44CB5YWl6I235qyh56ys44Gu6KO95L2c44O755m66YCB44Go44Gq44KL5aC05ZCI44GM44GU44GW44GE44G+44GZ44CCPGJyPuOBneOBrumam+OBr+OAgeOBlOazqOaWh+W+jOWIpemAlOODoeODvOODq+OBq+OBpuOBlOmAo+e1oeOBleOBm+OBpumgguOBjeOBvuOBmeOAgjxicj7jgb7jgZ/jgIHmiYvluLPjgavjgrnjgr/jg7Pjg4nmqZ/og70o5oqY44KK55uu77yJ44GM44Gk44GE44Gm44GE44KL5aC05ZCI44GM44GU44GW44GE44G+44GZ44CCPGJyPuS6iOOCgeOAgeOBlOS6huaJv+mhmOOBhOOBl+OBvuOBmeOAgjwvZm9udD48L2I+PGJyPjxicj4=,SFRMMjMg5omL5biz5Z6L44Kx44O844K5IOaJi+abuOOBjemiqCDjgobjgovjgqvjg68g44Oi44OO44OI44O844OzIOOCq+ODkOODvO+8muOCseODvOOCv+OCpOWxizI044CA5qW95aSp5biC5aC05bqX,44K544Oe44O844OI44OV44Kp44Oz44Ki44Kv44K744K144Oq44O85pC65biv44K544OI44Op44OD44OX44K544OI44Op44OD44OX44K544Oe44Ob44Kx44O844K544K544Oe44O844OI44OV44Kp44OzIOOCseODvOOCueOCueODnuODm+ODlOOCouOCueOCpOODpOODm+ODs+OCuOODo+ODg+OCryDjgqLjgq/jgrvjgrXjg6rjg7zjgrnjg57jg7zjg4jjg5Xjgqnjg7Pjg5TjgqLjgrnjg43jg4Pjgq/jgrnjg4jjg6njg4Pjg5fjgrnjg6/jg63jg5Xjgrnjgq3jg7wg44OU44Ki44K544K544Ov44Ot44OV44K544Kt44O8IOOCueODiOODqeODg+ODl+OCueODnuODm+OCq+ODkOODvOOCueODnuODvOODiOODleOCqeODsyDjgqvjg5Djg7xIVEwyMyDmiYvluLPlnovjgrHjg7zjgrkg5omL5pu444GN6aKoIOOChuOCi+OCq+ODryDjg6Ljg47jg4jjg7zjg7Mg44Kr44OQ44O8,SFRMMjMg44Kx44O844K5IOaJi+W4s+WeiyDjgrnjg57jg5vjgrHjg7zjgrkg5omL5biz44Kx44O844K54piG44CCSFRMMjMg5omL5biz5Z6L44Kx44O844K5IOaJi+abuOOBjemiqCDjgobjgovjgqvjg68g44Oi44OO44OI44O844OzIOOCq+ODkOODvA==[rn]
10-177650,aHR0cDovL3RzaG9wLnIxMHMuanAva2ludHN1L2NhYmluZXQvcGx1cy1zL2RpYXJ5L3BsdXMtZGlhcnktaWNkMDAzM2EyLmpwZz9maXRpbj03MDA6NzAw,MTgzNi44MDAw,,44K544Oe44O844OI44OV44Kp44Oz44O744K/44OW44Os44OD44OIID4g44K544Oe44O844OI44OV44Kp44Oz44Ki44Kv44K744K144Oq44O8ID4g44K544Oe44O844OI44OV44Kp44Oz44Kx44O844K5,SFRMMjMg5omL5biz5Z6L44Kx44O844K5IOepuiDpnZLnqbog6ZuyIOWkleaXpSDjgqvjg5Djg7w=,SFRMMjMg44Kx44O844K5IOaJi+W4s+WeiyDjgrnjg57jg5vjgrHjg7zjgrkg5omL5biz44Kx44O844K54piG,PGJyPjxiPuKHklBD5ZWG5ZOB44Oa44O844K444Gn6Kmz44GX44GP6KaL44KLPC9iPjxicj48YnI+Cjxmb250IGNvbG9yPSIjZmY2NmNjIj7mp5jjgIXjgarooajmg4Xjga7nqbrmqKHmp5jjgajjg4bjgq3jgrnjg4jjgpLntYTjgb/lkIjjgo/jgZvjgZ8gPGJyPuaJi+W4s+WeiyDjg4DjgqTjgqLjg6rjg7zjgrHjg7zjgrnjgILjg5Djg6njgqjjg4bjgqPjgoLosYrlr4zimIY8L2ZvbnQ+PGJyPgo8YnI+Cjx0YWJsZSBib3JkZXI9IjAiIGFsaWduPSJjZW50ZXIiPgo8dHI+Cjx0ZD48aW1nIHNyYz0iaHR0cDovL2ltYWdlLnJha3V0ZW4uY28uanAva2ludHN1L2NhYmluZXQvcGx1cy1zL2RpYXJ5L3BsdXMtZGlhcnktaWNkMDAzM2EyLmpwZyIgd2lkdGg9IjEwMCUiIGJvcmRlcj0iMCI+PC90ZD4KPC90cj4KPHRyPgo8dGQ+PGltZyBzcmM9Imh0dHA6Ly93d3cucmFrdXRlbi5uZS5qcC9nb2xkL2tpbnRzdS9zX2l0ZW0vcGx1cy1kaWFyeS9wbHVzLXNtYS1iYXNlMi5qcGciIHdpZHRoPSIxMDAlIiBib3JkZXI9IjAiPjxicj4KICAgIDxicj4KICAgIDxicj4KICAgIDwvdGQ+PC90cj48dHI+PHRkPjxpbWcgc3JjPSJodHRwOi8vd3d3LnJha3V0ZW4ubmUuanAvZ29sZC9raW50c3Uvc19pdGVtL3BsdXMtZGlhcnkvcGx1cy1zbWEtaWNkMDAzM2EuanBnIiB3aWR0aD0iMTAwJSIgYm9yZGVyPSIwIj48L3RkPgo8L3RyPjwvdGFibGU+PGJyPjxocj4K5qeY44CF44Gq6KGo5oOF44Gu56m65qih5qeY44Go44OG44Kt44K544OI44KS57WE44G/5ZCI44KP44Gb44GfIOaJi+W4s+WeiyDjg4DjgqTjgqLjg6rjg7zjgrHjg7zjgrnjgILjg5Djg6njgqjjg4bjgqPjgoLosYrlr4zimIY8YnI+MuWAi+S7peS4iuOBlOizvOWFpe+8iDMyNDDlhobku6XkuIrvvInjgafjgIHphY3pgIHmlrnms5XjgIzpg7Xkvr/lsYDjgb7jgZ/jga/jg43jgrPjg53jgrnjgI3jgafpgIHmlpnnhKHmlpnjgavjgarjgorjgb7jgZnjgILjgYrmlK/miZXmlrnms5Xjga/jgIHku6PlvJXjgY3jgafjgoJPS++8geS7o+W8leOBjeOBruWgtOWQiOOBr+OAjOmDteS+v+WxgOOAjeOBp+mFjemAgeiHtOOBl+OBvuOBmeOAgjxicj48Zm9udCBjb2xvcj0iI2ZmMDAwMCI+5Y+X5rOo55Sf55Sj44Gu44Gf44KB44CB44GU5rOo5paH5b6M44Gu5aSJ5pu044CB6L+U5ZOB44CB44Kt44Oj44Oz44K744Or44Gv44GK5Y+X5LuY44Gn44GN44G+44Gb44KT44CCPC9mb250Pjxicj48YnI+Cue0oOadkO+8muaJi+W4s+OCseODvOOCueacrOS9k++8j+WQiOearuOAgOODj+ODvOODieOCseODvOOCue+8j+ODneODquOCq+ODvOODnOODjeODvOODiCjjg5bjg6njg4Pjgq8pPGJyPgrliqDlt6XvvJpVVuehrOWMluWei+OCpOODs+OCrzxicj7igLvljZPkuIrjg5vjg6vjg4Djg7zjga7lhYXpm7vlmajjgavjga/lr77lv5zjgZfjgabjgYrjgorjgb7jgZvjgpPjgIIo44Kx44O844K544KS6KOF552A44GX44Gf44G+44G+44Kz44ON44Kv44K/44O844Gr55u05o6l5beu44GX6L6844KT44Gn44Gu5YWF6Zu744Gv5Y+v6IO944Gn44GZ4piGKOS4gOmDqOmdnuWvvuW/nOapn+eoruacieOCiikpPGJyPgrigLvlhpnnnJ/jga/jgqTjg6Hjg7zjgrjnlLvlg4/jgavjgarjgorjgb7jgZnjgILntbXmn4TjgYzliIfjgozjgovjgZPjgajjgYzjgZTjgZbjgYTjgb7jgZnjgIIK4oC75a6f54mp44Gu6Imy44Gr6L+R44Gl44GR44KL44KI44GG44Gr5Yqq44KB44Gm44GE44G+44GZ44GM44CB44GU5Yip55So44Gu44Oi44OL44K/44O844CBUEPjgoTjgrnjg57jg7zjg4jjg5Xjgqnjg7Pjga7nkrDlooPjgavjgojjgormjrLovInlhpnnnJ/jga7oibLjgYzlrp/nianjga7oibLjgajpgZXjgaPjgabopovjgYjjgovloLTlkIjjgYzjgZTjgZbjgYTjgb7jgZnjgIIKPGJyPjxicj4KCuKYhiDjgZ3jga7ku5bjgIHmiYvluLPlnovjgrHjg7zjgrnkuIDopqfjga/jgZPjgaHjgok8YnI+PGJyPjxicj4KPGZvbnQgY29sb3I9IiMzMzAwOTkiPuOCquOCt+ODo+ODrOOBquaJi+W4s+Wei+OCseODvOOCuTxicj4K5qeY44CF44Gq6KGo5oOF44Gu56m65qih5qeY44Go44OG44Kt44K544OI44KS57WE44G/5ZCI44KP44Gb44GfIOmBuOOBueOCi+WFqDnjgr/jgqTjg5c8L2ZvbnQ+PGJyPjxicj48Zm9udCBjb2xvcj0iI0ZGMDAwMCI+PGI+4oC744OH44K244Kk44Oz44O744Kr44Op44O844Gu6KaL5pys44Gv44Oa44O844K444Gu5LiA55Wq5LiK44Gr44GC44KL5ZWG5ZOB55S75YOP44Gu77yS5p6a55uu5Lul6ZmN44KS44GU6Kan44GP44Gg44GV44GE44CCPC9iPjwvZm9udD4KPGJyPjxicj48Yj48Zm9udCBjb2xvcj0iI2ZmMDAwMCI+4oC76YOo5p2Q44Gu6Kqk5beu44Gr44KI44KL5ZOB5YiH44KM44GM55m655Sf44GX44Gf5aC05ZCI44Gv44CB5YWl6I235qyh56ys44Gu6KO95L2c44O755m66YCB44Go44Gq44KL5aC05ZCI44GM44GU44GW44GE44G+44GZ44CCPGJyPuOBneOBrumam+OBr+OAgeOBlOazqOaWh+W+jOWIpemAlOODoeODvOODq+OBq+OBpuOBlOmAo+e1oeOBleOBm+OBpumgguOBjeOBvuOBmeOAgjxicj7jgb7jgZ/jgIHmiYvluLPjgavjgrnjgr/jg7Pjg4nmqZ/og70o5oqY44KK55uu77yJ44GM44Gk44GE44Gm44GE44KL5aC05ZCI44GM44GU44GW44GE44G+44GZ44CCPGJyPuS6iOOCgeOAgeOBlOS6huaJv+mhmOOBhOOBl+OBvuOBmeOAgjwvZm9udD48L2I+PGJyPjxicj4=,SFRMMjMg5omL5biz5Z6L44Kx44O844K5IOepuiDpnZLnqbog6ZuyIOWkleaXpSDjgqvjg5Djg7zvvJrjgrHjg7zjgr/jgqTlsYsyNOOAgOalveWkqeW4guWgtOW6lw==,44K544Oe44O844OI44OV44Kp44Oz44Ki44Kv44K744K144Oq44O85pC65biv44K544OI44Op44OD44OX44K544OI44Op44OD44OX44K544Oe44Ob44Kx44O844K544K544Oe44O844OI44OV44Kp44OzIOOCseODvOOCueOCueODnuODm+ODlOOCouOCueOCpOODpOODm+ODs+OCuOODo+ODg+OCryDjgqLjgq/jgrvjgrXjg6rjg7zjgrnjg57jg7zjg4jjg5Xjgqnjg7Pjg5TjgqLjgrnjg43jg4Pjgq/jgrnjg4jjg6njg4Pjg5fjgrnjg6/jg63jg5Xjgrnjgq3jg7wg44OU44Ki44K544K544Ov44Ot44OV44K544Kt44O8IOOCueODiOODqeODg+ODl+OCueODnuODm+OCq+ODkOODvOOCueODnuODvOODiOODleOCqeODsyDjgqvjg5Djg7xIVEwyMyDmiYvluLPlnovjgrHjg7zjgrkg56m6IOmdkuepuiDpm7Ig5aSV5pelIOOCq+ODkOODvA==,SFRMMjMg44Kx44O844K5IOaJi+W4s+WeiyDjgrnjg57jg5vjgrHjg7zjgrkg5omL5biz44Kx44O844K54piG44CCSFRMMjMg5omL5biz5Z6L44Kx44O844K5IOepuiDpnZLnqbog6ZuyIOWkleaXpSDjgqvjg5Djg7w=[rn]
10-177651,aHR0cDovL3RzaG9wLnIxMHMuanAva2ludHN1L2NhYmluZXQvcGx1cy1zL2RpYXJ5L3BsdXMtZGlhcnktMDAyM2EyLmpwZz9maXRpbj03MDA6NzAw,MTgzNi44MDAw,,44K544Oe44O844OI44OV44Kp44Oz44O744K/44OW44Os44OD44OIID4g44K544Oe44O844OI44OV44Kp44Oz44Ki44Kv44K744K144Oq44O8ID4g44K544Oe44O844OI44OV44Kp44Oz44Kx44O844K5,SFRMMjMg5omL5biz5Z6L44Kx44O844K5IOODgeODp+OCs+ODrOODvOODiCDmnb/jg4Hjg6fjgrM=,SFRMMjMg44Kx44O844K5IOaJi+W4s+WeiyDjgrnjg57jg5vjgrHjg7zjgrkg5omL5biz44Kx44O844K54piG,PGJyPjxiPuKHklBD5ZWG5ZOB44Oa44O844K444Gn6Kmz44GX44GP6KaL44KLPC9iPjxicj48YnI+Cjxmb250IGNvbG9yPSIjZmY2NmNjIj7mgJ3jgo/jgZrpo5/jgbnjgZ/jgY/jgarjgorjgZ3jgYbjgarmnb/jg4Hjg6fjgrPjga4gPGJyPuaJi+W4s+WeiyDjg4DjgqTjgqLjg6rjg7zjgrHjg7zjgrnjgILjg5Djg6njgqjjg4bjgqPjgoLosYrlr4zimIY8L2ZvbnQ+PGJyPgo8YnI+Cjx0YWJsZSBib3JkZXI9IjAiIGFsaWduPSJjZW50ZXIiPgo8dHI+Cjx0ZD48aW1nIHNyYz0iaHR0cDovL2ltYWdlLnJha3V0ZW4uY28uanAva2ludHN1L2NhYmluZXQvcGx1cy1zL2RpYXJ5L2RfYmxhY2tfMS5qcGciIHdpZHRoPSIzMDAiIGJvcmRlcj0iMCI+PC90ZD4KPC90cj4KPHRyPgo8dGQ+PGltZyBzcmM9Imh0dHA6Ly9pbWFnZS5yYWt1dGVuLmNvLmpwL2tpbnRzdS9jYWJpbmV0L3BsdXMtcy9kaWFyeS9kX2JsYWNrXzIuanBnIiB3aWR0aD0iMzAwIiBib3JkZXI9IjAiPjwvdGQ+PC90cj48dHI+PHRkPjxpbWcgc3JjPSJodHRwOi8vaW1hZ2UucmFrdXRlbi5jby5qcC9raW50c3UvY2FiaW5ldC9wbHVzLXMvZGlhcnkvZF9ibGFja18zLmpwZyIgd2lkdGg9IjMwMCIgYm9yZGVyPSIwIj48L3RkPgo8L3RyPjwvdGFibGU+PGJyPjxocj4K5oCd44KP44Ga6aOf44G544Gf44GP44Gq44KK44Gd44GG44Gq5p2/44OB44On44Kz44GuIOaJi+W4s+WeiyDjg4DjgqTjgqLjg6rjg7zjgrHjg7zjgrnjgILjg5Djg6njgqjjg4bjgqPjgoLosYrlr4zimIY8YnI+MuWAi+S7peS4iuOBlOizvOWFpe+8iDMyNDDlhobku6XkuIrvvInjgafjgIHphY3pgIHmlrnms5XjgIzpg7Xkvr/lsYDjgb7jgZ/jga/jg43jgrPjg53jgrnjgI3jgafpgIHmlpnnhKHmlpnjgavjgarjgorjgb7jgZnjgILjgYrmlK/miZXmlrnms5Xjga/jgIHku6PlvJXjgY3jgafjgoJPS++8geS7o+W8leOBjeOBruWgtOWQiOOBr+OAjOmDteS+v+WxgOOAjeOBp+mFjemAgeiHtOOBl+OBvuOBmeOAgjxicj48Zm9udCBjb2xvcj0iI2ZmMDAwMCI+5Y+X5rOo55Sf55Sj44Gu44Gf44KB44CB44GU5rOo5paH5b6M44Gu5aSJ5pu044CB6L+U5ZOB44CB44Kt44Oj44Oz44K744Or44Gv44GK5Y+X5LuY44Gn44GN44G+44Gb44KT44CCPC9mb250Pjxicj48YnI+Cue0oOadkO+8muaJi+W4s+OCseODvOOCueacrOS9k++8j+WQiOearuOAgOODj+ODvOODieOCseODvOOCue+8j+ODneODquOCq+ODvOODnOODjeODvOODiCjjg5bjg6njg4Pjgq8pPGJyPgrliqDlt6XvvJpVVuehrOWMluWei+OCpOODs+OCrzxicj7igLvljZPkuIrjg5vjg6vjg4Djg7zjga7lhYXpm7vlmajjgavjga/lr77lv5zjgZfjgabjgYrjgorjgb7jgZvjgpPjgIIo44Kx44O844K544KS6KOF552A44GX44Gf44G+44G+44Kz44ON44Kv44K/44O844Gr55u05o6l5beu44GX6L6844KT44Gn44Gu5YWF6Zu744Gv5Y+v6IO944Gn44GZ4piGKOS4gOmDqOmdnuWvvuW/nOapn+eoruacieOCiikpPGJyPgrigLvlhpnnnJ/jga/jgqTjg6Hjg7zjgrjnlLvlg4/jgavjgarjgorjgb7jgZnjgILmqZ/nqK7jgavjgojjgaPjgabntbXmn4TjgYzliIfjgozjgovjgZPjgajjgYzjgZTjgZbjgYTjgb7jgZnjgIIK4oC75a6f54mp44Gu6Imy44Gr6L+R44Gl44GR44KL44KI44GG44Gr5Yqq44KB44Gm44GE44G+44GZ44GM44CB44GU5Yip55So44Gu44Oi44OL44K/44O844CBUEPjgoTjgrnjg57jg7zjg4jjg5Xjgqnjg7Pjga7nkrDlooPjgavjgojjgormjrLovInlhpnnnJ/jga7oibLjgYzlrp/nianjga7oibLjgajpgZXjgaPjgabopovjgYjjgovloLTlkIjjgYzjgZTjgZbjgYTjgb7jgZnjgIIKPGJyPjxicj4KCgoK4piGIOOBneOBruS7luOAgeaJi+W4s+Wei+OCseODvOOCueS4gOimp+OBr+OBk+OBoeOCiTxicj48YnI+PGJyPgo8Zm9udCBjb2xvcj0iIzMzMDA5OSI+44Kq44K344Oj44Os44Gq5omL5biz5Z6L44Kx44O844K5PGJyPgrmgJ3jgo/jgZrpo5/jgbnjgZ/jgY/jgarjgorjgZ3jgYbjgarmnb/jg4Hjg6fjgrPjga7pgbjjgbnjgovlhagxMOOCv+OCpOODlzwvZm9udD48YnI+PGJyPjxmb250IGNvbG9yPSIjRkYwMDAwIj48Yj7igLvjg4fjgrbjgqTjg7Pjg7vjgqvjg6njg7zjga7opovmnKzjga/jg5rjg7zjgrjjga7kuIDnlarkuIrjgavjgYLjgovllYblk4HnlLvlg4/jga7vvJLmnprnm67ku6XpmY3jgpLjgZTopqfjgY/jgaDjgZXjgYTjgII8L2I+PC9mb250Pgo8YnI+PGJyPjxiPjxmb250IGNvbG9yPSIjZmYwMDAwIj7igLvpg6jmnZDjga7oqqTlt67jgavjgojjgovlk4HliIfjgozjgYznmbrnlJ/jgZfjgZ/loLTlkIjjga/jgIHlhaXojbfmrKHnrKzjga7oo73kvZzjg7vnmbrpgIHjgajjgarjgovloLTlkIjjgYzjgZTjgZbjgYTjgb7jgZnjgII8YnI+CuOBneOBrumam+OBr+OAgeOBlOazqOaWh+W+jOWIpemAlOODoeODvOODq+OBq+OBpuOBlOmAo+e1oeOBleOBm+OBpumgguOBjeOBvuOBmeOAgjxicj7jgb7jgZ/jgIHmiYvluLPjgavjgrnjgr/jg7Pjg4nmqZ/og70o5oqY44KK55uu77yJ44GM44Gk44GE44Gm44GE44KL5aC05ZCI44GM44GU44GW44GE44G+44GZ44CCPGJyPgrkuojjgoHjgIHjgZTkuobmib/poZjjgYTjgZfjgb7jgZnjgII8L2ZvbnQ+PC9iPjxicj48YnI+,SFRMMjMg5omL5biz5Z6L44Kx44O844K5IOODgeODp+OCs+ODrOODvOODiCDmnb/jg4Hjg6fjgrPvvJrjgrHjg7zjgr/jgqTlsYsyNOOAgOalveWkqeW4guWgtOW6lw==,44K544Oe44O844OI44OV44Kp44Oz44Ki44Kv44K744K144Oq44O85pC65biv44K544OI44Op44OD44OX44K544OI44Op44OD44OX44K544Oe44Ob44Kx44O844K544K544Oe44O844OI44OV44Kp44OzIOOCseODvOOCueOCueODnuODm+ODlOOCouOCueOCpOODpOODm+ODs+OCuOODo+ODg+OCryDjgqLjgq/jgrvjgrXjg6rjg7zjgrnjg57jg7zjg4jjg5Xjgqnjg7Pjg5TjgqLjgrnjg43jg4Pjgq/jgrnjg4jjg6njg4Pjg5fjgrnjg6/jg63jg5Xjgrnjgq3jg7wg44OU44Ki44K544K544Ov44Ot44OV44K544Kt44O8IOOCueODiOODqeODg+ODl+OCueODnuODm+OCq+ODkOODvOOCueODnuODvOODiOODleOCqeODsyDjgqvjg5Djg7xIVEwyMyDmiYvluLPlnovjgrHjg7zjgrkg44OB44On44Kz44Os44O844OIIOadv+ODgeODp+OCsw==,SFRMMjMg44Kx44O844K5IOaJi+W4s+WeiyDjgrnjg57jg5vjgrHjg7zjgrkg5omL5biz44Kx44O844K54piG44CCSFRMMjMg5omL5biz5Z6L44Kx44O844K5IOODgeODp+OCs+ODrOODvOODiCDmnb/jg4Hjg6fjgrM=[rn]
10-177652,aHR0cDovL3RzaG9wLnIxMHMuanAva2ludHN1L2NhYmluZXQvcGx1cy1zL2RpYXJ5L3BsdXMtZGlhcnktMTAxNmEyLmpwZz9maXRpbj03MDA6NzAw,MTgzNi44MDAw,,44K544Oe44O844OI44OV44Kp44Oz44O744K/44OW44Os44OD44OIID4g44K544Oe44O844OI44OV44Kp44Oz44Ki44Kv44K744K144Oq44O8ID4g44K544Oe44O844OI44OV44Kp44Oz44Kx44O844K5,SFRMMjMg5omL5biz5Z6L44Kx44O844K5IOODpuODi+OCquODs+OCuOODo+ODg+OCryDjgqTjgq7jg6rjgrnlm73ml5c=,SFRMMjMg44Kx44O844K5IOaJi+W4s+WeiyDjgrnjg57jg5vjgrHjg7zjgrkg5omL5biz44Kx44O844K54piG,PGJyPjxiPuKHklBD5ZWG5ZOB44Oa44O844K444Gn6Kmz44GX44GP6KaL44KLPC9iPjxicj48YnI+Cjxmb250IGNvbG9yPSIjZmY2NmNjIj7jgqTjgq7jg6rjgrnjga7lm73ml5cg44Om44OL44Kq44Oz44K444Oj44OD44KvIOOCq+ODqeODvOODkOODqeOCqOODhuOCo+OCguixiuWvjOKZqjxicj7miYvluLPlnosg44OA44Kk44Ki44Oq44O844Kx44O844K544CCPC9mb250Pjxicj4KPGJyPgo8dGFibGUgYm9yZGVyPSIwIiBhbGlnbj0iY2VudGVyIj4KPHRyPgo8dGQ+PGltZyBzcmM9Imh0dHA6Ly9pbWFnZS5yYWt1dGVuLmNvLmpwL2tpbnRzdS9jYWJpbmV0L3BsdXMtcy9kaWFyeS9kX2JsYWNrXzEuanBnIiB3aWR0aD0iMzAwIiBib3JkZXI9IjAiPjwvdGQ+CjwvdHI+Cjx0cj4KPHRkPjxpbWcgc3JjPSJodHRwOi8vaW1hZ2UucmFrdXRlbi5jby5qcC9raW50c3UvY2FiaW5ldC9wbHVzLXMvZGlhcnkvZF9ibGFja18yLmpwZyIgd2lkdGg9IjMwMCIgYm9yZGVyPSIwIj48L3RkPjwvdHI+PHRyPjx0ZD48aW1nIHNyYz0iaHR0cDovL2ltYWdlLnJha3V0ZW4uY28uanAva2ludHN1L2NhYmluZXQvcGx1cy1zL2RpYXJ5L2RfYmxhY2tfMy5qcGciIHdpZHRoPSIzMDAiIGJvcmRlcj0iMCI+PC90ZD4KPC90cj48L3RhYmxlPjxicj48aHI+CuOCpOOCruODquOCueOBruWbveaXlyDjg6bjg4vjgqrjg7Pjgrjjg6Pjg4Pjgq8g44Kr44Op44O844OQ44Op44Ko44OG44Kj44KC6LGK5a+M4pmq5omL5biz5Z6LIOODgOOCpOOCouODquODvOOCseODvOOCueOAguKYhjxicj4y5YCL5Lul5LiK44GU6LO85YWl77yIMzI0MOWGhuS7peS4iu+8ieOBp+OAgemFjemAgeaWueazleOAjOmDteS+v+WxgOOBvuOBn+OBr+ODjeOCs+ODneOCueOAjeOBp+mAgeaWmeeEoeaWmeOBq+OBquOCiuOBvuOBmeOAguOBiuaUr+aJleaWueazleOBr+OAgeS7o+W8leOBjeOBp+OCgk9L77yB5Luj5byV44GN44Gu5aC05ZCI44Gv44CM6YO15L6/5bGA44CN44Gn6YWN6YCB6Ie044GX44G+44GZ44CCPGJyPjxmb250IGNvbG9yPSIjZmYwMDAwIj7lj5fms6jnlJ/nlKPjga7jgZ/jgoHjgIHjgZTms6jmloflvozjga7lpInmm7TjgIHov5Tlk4HjgIHjgq3jg6Pjg7Pjgrvjg6vjga/jgYrlj5fku5jjgafjgY3jgb7jgZvjgpPjgII8L2ZvbnQ+PGJyPjxicj4K57Sg5p2Q77ya5omL5biz44Kx44O844K55pys5L2T77yP5ZCI55qu44CA44OP44O844OJ44Kx44O844K577yP44Od44Oq44Kr44O844Oc44ON44O844OIKOODluODqeODg+OCryk8YnI+CuWKoOW3pe+8mlVW56Gs5YyW5Z6L44Kk44Oz44KvPGJyPuKAu+WNk+S4iuODm+ODq+ODgOODvOOBruWFhembu+WZqOOBq+OBr+WvvuW/nOOBl+OBpuOBiuOCiuOBvuOBm+OCk+OAgijjgrHjg7zjgrnjgpLoo4XnnYDjgZfjgZ/jgb7jgb7jgrPjg43jgq/jgr/jg7zjgavnm7TmjqXlt67jgZfovrzjgpPjgafjga7lhYXpm7vjga/lj6/og73jgafjgZnimIYo5LiA6YOo6Z2e5a++5b+c5qmf56iu5pyJ44KKKSk8YnI+CuKAu+WGmeecn+OBr+OCpOODoeODvOOCuOeUu+WDj+OBq+OBquOCiuOBvuOBmeOAguapn+eoruOBq+OCiOOBo+OBpue1teafhOOBjOWIh+OCjOOCi+OBk+OBqOOBjOOBlOOBluOBhOOBvuOBmeOAggrigLvlrp/nianjga7oibLjgavov5HjgaXjgZHjgovjgojjgYbjgavliqrjgoHjgabjgYTjgb7jgZnjgYzjgIHjgZTliKnnlKjjga7jg6Ljg4vjgr/jg7zjgIFQQ+OChOOCueODnuODvOODiOODleOCqeODs+OBrueSsOWig+OBq+OCiOOCiuaOsui8ieWGmeecn+OBruiJsuOBjOWun+eJqeOBruiJsuOBqOmBleOBo+OBpuimi+OBiOOCi+WgtOWQiOOBjOOBlOOBluOBhOOBvuOBmeOAggo8YnI+PGJyPgoKCgrimIYg44Gd44Gu5LuW44CB5omL5biz5Z6L44Kx44O844K55LiA6Kan44Gv44GT44Gh44KJPGJyPjxicj48YnI+Cjxmb250IGNvbG9yPSIjMzMwMDk5Ij7jgqrjgrfjg6Pjg6zjgarmiYvluLPlnovjgrHjg7zjgrk8YnI+CuODpuODi+OCquODs+OCuOODo+ODg+OCryDjgqTjgq7jg6rjgrnlm73ml5cg6YG444G544KL5YWoOeOCv+OCpOODlzwvZm9udD48YnI+PGJyPjxmb250IGNvbG9yPSIjRkYwMDAwIj48Yj7igLvjg4fjgrbjgqTjg7Pjg7vjgqvjg6njg7zjga7opovmnKzjga/jg5rjg7zjgrjjga7kuIDnlarkuIrjgavjgYLjgovllYblk4HnlLvlg4/jga7vvJLmnprnm67ku6XpmY3jgpLjgZTopqfjgY/jgaDjgZXjgYTjgII8L2I+PC9mb250Pgo8YnI+PGJyPjxiPjxmb250IGNvbG9yPSIjZmYwMDAwIj7igLvpg6jmnZDjga7oqqTlt67jgavjgojjgovlk4HliIfjgozjgYznmbrnlJ/jgZfjgZ/loLTlkIjjga/jgIHlhaXojbfmrKHnrKzjga7oo73kvZzjg7vnmbrpgIHjgajjgarjgovloLTlkIjjgYzjgZTjgZbjgYTjgb7jgZnjgII8YnI+CuOBneOBrumam+OBr+OAgeOBlOazqOaWh+W+jOWIpemAlOODoeODvOODq+OBq+OBpuOBlOmAo+e1oeOBleOBm+OBpumgguOBjeOBvuOBmeOAgjxicj7jgb7jgZ/jgIHmiYvluLPjgavjgrnjgr/jg7Pjg4nmqZ/og70o5oqY44KK55uu77yJ44GM44Gk44GE44Gm44GE44KL5aC05ZCI44GM44GU44GW44GE44G+44GZ44CCPGJyPgrkuojjgoHjgIHjgZTkuobmib/poZjjgYTjgZfjgb7jgZnjgII8L2ZvbnQ+PC9iPjxicj48YnI+,SFRMMjMg5omL5biz5Z6L44Kx44O844K5IOODpuODi+OCquODs+OCuOODo+ODg+OCryDjgqTjgq7jg6rjgrnlm73ml5fvvJrjgrHjg7zjgr/jgqTlsYsyNOOAgOalveWkqeW4guWgtOW6lw==,44K544Oe44O844OI44OV44Kp44Oz44Ki44Kv44K744K144Oq44O85pC65biv44K544OI44Op44OD44OX44K544OI44Op44OD44OX44K544Oe44Ob44Kx44O844K544K544Oe44O844OI44OV44Kp44OzIOOCseODvOOCueOCueODnuODm+ODlOOCouOCueOCpOODpOODm+ODs+OCuOODo+ODg+OCryDjgqLjgq/jgrvjgrXjg6rjg7zjgrnjg57jg7zjg4jjg5Xjgqnjg7Pjg5TjgqLjgrnjg43jg4Pjgq/jgrnjg4jjg6njg4Pjg5fjgrnjg6/jg63jg5Xjgrnjgq3jg7wg44OU44Ki44K544K544Ov44Ot44OV44K544Kt44O8IOOCueODiOODqeODg+ODl+OCueODnuODm+OCq+ODkOODvOOCueODnuODvOODiOODleOCqeODsyDjgqvjg5Djg7xIVEwyMyDmiYvluLPlnovjgrHjg7zjgrkg44Om44OL44Kq44Oz44K444Oj44OD44KvIOOCpOOCruODquOCueWbveaXlw==,SFRMMjMg44Kx44O844K5IOaJi+W4s+WeiyDjgrnjg57jg5vjgrHjg7zjgrkg5omL5biz44Kx44O844K54piG44CCSFRMMjMg5omL5biz5Z6L44Kx44O844K5IOODpuODi+OCquODs+OCuOODo+ODg+OCryDjgqTjgq7jg6rjgrnlm73ml5c=[rn]
10-177653,aHR0cDovL3RzaG9wLnIxMHMuanAva2ludHN1L2NhYmluZXQvcGx1cy1zL20vc2MtMDRmL3BzLXNjMDRmLTAwODNhLmpwZz9maXRpbj03MDA6NzAw,MTYwMC4wMDAw,,44K544Oe44O844OI44OV44Kp44Oz44O744K/44OW44Os44OD44OIID4g44K544Oe44O844OI44OV44Kp44Oz44Ki44Kv44K744K144Oq44O8ID4g44K544Oe44O844OI44OV44Kp44Oz44Kx44O844K5,YXUgR0FMQVhZIFM1IFNDTDIzICDjgrHjg7zjgrkg44Kr44OQ44O8IOODmuOCpOOCuuODquODvCBUWVBFNSBmb3IgYXUgR0FMQVhZIFM1IFNDTDIzICDjgrHjg7zjgrkg44Kr44OQ44O8W1NDTDIzXeOAkOOCruODo+ODqeOCr+OCt+ODvCBzY2wyMyDjgrHjg7zjgrkg44Kr44OQ44O8IGdhbGF4eSBzY2wyMyDjgrHjg7zjgrkv44Kr44OQ44O8L0NBU0Uv44Kx77yN44K544CR44CQ44K544Oe44Ob44Kr44OQ44O8IOOCueODnuODm+OCseODvOOCueOAkQ==,MuWAi+S7peS4iuOBp+mAgeaWmeeEoeaWme+8gQ==,PGJyPjxiPuKHklBD5ZWG5ZOB44Oa44O844K444Gn6Kmz44GX44GP6KaL44KLPC9iPjxicj48YnI+44OV44Kh44OD44K344On44Oz44Go44GX44Gm5Lq65rCX44Gu44GC44KL576O44GX44GE44Oa44Kk44K644Oq44O85p+E44KS44OX44Oq44Oz44OI44GX44GfU0NMMjPjgq/jg6rjgqIg44Kx44O844K544CCPGJyPiAy5YCL5Lul5LiK44GU6LO85YWl77yIMzI0MOWGhuS7peS4iu+8ieOBp+OAgemFjemAgeaWueazleOAjOmDteS+v+WxgOOBvuOBn+OBr+ODjeOCs+ODneOCueOAjeOBp+mAgeaWmeeEoeaWmeOBq+OBquOCiuOBvuOBmeOAguOBiuaUr+aJleaWueazleOBr+OAgeS7o+W8leOBjeOBp+OCgk9L77yB5Luj5byV44GN44Gu5aC05ZCI44Gv44CM6YO15L6/5bGA44CN44Gn6YWN6YCB6Ie044GX44G+44GZ44CCPGJyPjxmb250IGNvbG9yPSIjZmYwMDAwIj7lj5fms6jnlJ/nlKPjga7jgZ/jgoHjgIHjgZTms6jmloflvozjga7lpInmm7TjgIHov5Tlk4HjgIHjgq3jg6Pjg7Pjgrvjg6vjga/jgYrlj5fku5jjgafjgY3jgb7jgZvjgpPjgII8L2ZvbnQ+PGJyPjxicj4g4oC757Sg5p2Q77ya44Kv44Oq44Ki44Kx44O844K55pys5L2T77yP44Od44Oq44Kr44O844Oc44ON44O844OI5Yqg5belKOOCr+ODquOCouOCseODvOOCuSnvvJpVVuehrOWMluWei+OCpOODs+OCr++8iOWBtOmdouOBq+ODl+ODquODs+ODiOOBr+WFpeOCiuOBvuOBm+OCk++8iTxicj7igLvljZPkuIrjg5vjg6vjg4Djg7zjga7lhYXpm7vlmajjgavjga/lr77lv5zjgZfjgabjgYrjgorjgb7jgZvjgpPjgIIo44Kx44O844K544KS6KOF552A44GX44Gf44G+44G+44Kz44ON44Kv44K/44O844Gr55u05o6l5beu44GX6L6844KT44Gn44Gu5YWF6Zu744Gv5Y+v6IO944Gn44GZ4piGKTxicj48YnI+IOKYhiDjgZ3jga7ku5bjgIFTQ0wyM+S4gOimp+OBr+OBk+OBoeOCiTxicj48YnI+PGJyPjx0YWJsZT4KPHRyPgo8dGQgYWxpZ249ImNlbnRlciI+PGZvbnQgc2l6ZT0iMyI+4pa84pa84pa844Kx44O844K56KOF552A44Kk44Oh44O844K45L6L44Gv4pa84pa84pa8PGJyPiZndDsmZ3Q7Jmd0OyZndDvimIbjgZPjgaHjgonimIYmbHQ7Jmx0OyZsdDsmbHQ7PC9mb250Pjxicj48YnI+PGltZyBzcmM9Imh0dHA6Ly9pbWFnZS5yYWt1dGVuLmNvLmpwL2tpbnRzdS9jYWJpbmV0L3BsdXMtcy9reW91dHN1L2Z1bGx0ZXgwMi5qcGciIHdpZHRoPSIzMDAiIGJvcmRlcj0iMCIgYWx0PSIiIC8+PGJyIC8+Cjxicj4KPGJyPgo8Zm9udCBzaXplPSIzIj7jg5rjgqTjgrrjg6rjg7wgVFlQRTUgPGJyPjwvZm9udD48YnIgLz4KIDxpbWcgc3JjPSJodHRwOi8vaW1hZ2UucmFrdXRlbi5jby5qcC9raW50c3UvY2FiaW5ldC9wbHVzLXMvbS9zYy0wNGYvcHMtc2MwNGYtMDA4M2EuanBnIiAgd2lkdGg9IjMwMCIgYm9yZGVyPSIwIiBhbHQ9IiIgLz48YnI+PGJyPgo8Zm9udD7jg5XjgqHjg4Pjgrfjg6fjg7PjgajjgZfjgabkurrmsJfjga7jgYLjgovnvo7jgZfjgYTjg5rjgqTjgrrjg6rjg7zmn4TjgpLjg5fjg6rjg7Pjg4jjgZfjgZ9TQ0wyM+OCr+ODquOCoiDjgrHjg7zjgrnjgII8L2ZvbnQ+PGJyIC8+PGJyIC8+Cjxmb250IHNpemU9IjIiPuOBiuWlveOBv+OBruODh+OCtuOCpOODs+OCkuODleODq+OBq+alveOBl+OCgeOCi+OCseODvOOCueWFqOmdouODl+ODquODs+ODiOS7leanmO+8geWBtOmdouOCr+ODquOCouOBquOBruOBp+OAgeS4i+WcsOOBruacrOS9k+OCq+ODqeODvOOCkua0u+OBi+OBl+OBvuOBmeKZquaXpeacrOijveOCieOBl+OBhOe+juOBl+OBhOmuruOChOOBi+OBquODh+OCtuOCpOODs+OBjOalveOBl+OCgeOCi+W9k+W6l+iHquaFouOBruOCquODquOCuOODiuODq+ODl+ODquODs+ODiOOCseODvOOCueOBp+OBmeKZqjxiciAvPm1hZGUgaW4gamFwYW48L2ZvbnQ+PGJyIC8+PGJyIC8+CjxpbWcgc3JjPSJodHRwOi8vaW1hZ2UucmFrdXRlbi5jby5qcC9raW50c3UvY2FiaW5ldC9wbHVzLXMva3lvdXRzdS9maWxtX3ByZTYuanBnIiB3aWR0aD0iMzAwIiBib3JkZXI9IjAiIGFsdD0iIiAvPjwvdGQ+CjwvdHI+Cjx0cj4KPHRkIGFsaWduPSJyaWdodCI+PGJyIC8+PGI+PGZvbnQgc2l6ZT0iMyI+Jmd0OyZndDvku5bjgIFTQ0wyM+S4gOimp+OBr+OBk+OBoeOCiTwvZm9udD48L2I+PGJyIC8+PGJyIC8+CjwvdGQ+CjwvdHI+CjwvdGFibGU+,YXUgR0FMQVhZIFM1IFNDTDIzICDjgrHjg7zjgrkg44Kr44OQ44O8IOODmuOCpOOCuuODquODvCBUWVBFNSBmb3IgYXUgR0FMQVhZIFM1IFNDTDIzICDjgrHjg7zjgrkg44Kr44OQ44O8W1NDTDIzXeOAkOOCruODo+ODqeOCr+OCt+ODvCBzY2wyMyDjgrHjg7zjgrkg44Kr44OQ44O8IGdhbGF4eSBzY2wyMyDjgrHjg7zjgrkv44Kr44OQ44O8L0NBU0Uv44KxJm1pbnVzO+OCueOAkeOAkOOCueODnuODm+OCq+ODkOODvCDjgrnjg57jg5vjgrHjg7zjgrnjgJHvvJrjgrHjg7zjgr/jgqTlsYsyNOOAgOalveWkqeW4guWgtOW6lw==,44K544Oe44O844OI44OV44Kp44Oz44Ki44Kv44K744K144Oq44O85pC65biv44K544OI44Op44OD44OX44K544OI44Op44OD44OX44K544Oe44Ob44Kx44O844K544K544Oe44O844OI44OV44Kp44OzIOOCseODvOOCueOCueODnuODm+ODlOOCouOCueOCpOODpOODm+ODs+OCuOODo+ODg+OCryDjgqLjgq/jgrvjgrXjg6rjg7zjgrnjg57jg7zjg4jjg5Xjgqnjg7Pjg5TjgqLjgrnjg43jg4Pjgq/jgrnjg4jjg6njg4Pjg5fjgrnjg6/jg63jg5Xjgrnjgq3jg7wg44OU44Ki44K544K544Ov44Ot44OV44K544Kt44O8IOOCueODiOODqeODg+ODl+OCueODnuODm+OCq+ODkOODvOOCueODnuODvOODiOODleOCqeODsyDjgqvjg5Djg7xhdSBHQUxBWFkgUzUgU0NMMjMgIOOCseODvOOCuSDjgqvjg5Djg7wg44Oa44Kk44K644Oq44O8IFRZUEU1IGZvciBhdSBHQUxBWFkgUzUgU0NMMjMgIOOCseODvOOCuSDjgqvjg5Djg7xbU0NMMjNd44CQ44Ku44Oj44Op44Kv44K344O8IHNjbDIzIOOCseODvOOCuSDjgqvjg5Djg7wgZ2FsYXh5IHNjbDIzIOOCseODvOOCuS/jgqvjg5Djg7wvQ0FTRS/jgrEmbWludXM744K544CR44CQ44K544Oe44Ob44Kr44OQ44O8IOOCueODnuODm+OCseODvOOCueOAkQ==,MuWAi+S7peS4iuOBp+mAgeaWmeeEoeaWme+8geOAgmF1IEdBTEFYWSBTNSBTQ0wyMyAg44Kx44O844K5IOOCq+ODkOODvCDjg5rjgqTjgrrjg6rjg7wgVFlQRTUgZm9yIGF1IEdBTEFYWSBTNSBTQ0wyMyAg44Kx44O844K5IOOCq+ODkOODvFtTQ0wyM13jgJDjgq7jg6Pjg6njgq/jgrfjg7wgc2NsMjMg44Kx44O844K5IOOCq+ODkOODvCBnYWxheHkgc2NsMjMg44Kx44O844K5L+OCq+ODkOODvC9DQVNFL+OCsSZtaW51czvjgrnjgJHjgJDjgrnjg57jg5vjgqvjg5Djg7wg44K544Oe44Ob44Kx44O844K544CR[rn]
10-177654,aHR0cDovL3RzaG9wLnIxMHMuanAva2ludHN1L2NhYmluZXQvcGx1cy1zL24vc2MtMDRmL3BzLXNjMDRmLTEwNzZhLmpwZz9maXRpbj03MDA6NzAw,MTYwMC4wMDAw,,44K544Oe44O844OI44OV44Kp44Oz44O744K/44OW44Os44OD44OIID4g44K544Oe44O844OI44OV44Kp44Oz44Ki44Kv44K744K144Oq44O8ID4g44K544Oe44O844OI44OV44Kp44Oz44Kx44O844K5,YXUgR0FMQVhZIFM1IFNDTDIzICDjgrHjg7zjgrkg44Kr44OQ44O8IOOCueODjuOCpuODr+ODvOODq+ODiSDjgrDjg6njg4fjg7zjgrfjg6fjg7PjgrDjg6rjg7zjg7MgZm9yIGF1IEdBTEFYWSBTNSBTQ0wyMyAg44Kx44O844K5IOOCq+ODkOODvFtTQ0wyM13jgJDjgq7jg6Pjg6njgq/jgrfjg7wgc2NsMjMg44Kx44O844K5IOOCq+ODkOODvCBnYWxheHkgc2NsMjMg44Kx44O844K5L+OCq+ODkOODvC9DQVNFL+OCse+8jeOCueOAkeOAkOOCueODnuODm+OCq+ODkOODvCDjgrnjg57jg5vjgrHjg7zjgrnjgJE=,MuWAi+S7peS4iuOBp+mAgeaWmeeEoeaWme+8gQ==,PGJyPjxiPuKHklBD5ZWG5ZOB44Oa44O844K444Gn6Kmz44GX44GP6KaL44KLPC9iPjxicj48YnI+576O44GX44GE6Zuq44Gu5LiW55WM4pmqU0NMMjMg44Kv44Oq44KiIOOCseODvOOCueOAguOCsOODqeODh+ODvOOCt+ODp+ODs+OCq+ODqeODvOOBp+e+juOBl+OBhOKZqjxicj4gMuWAi+S7peS4iuOBlOizvOWFpe+8iDMyNDDlhobku6XkuIrvvInjgafjgIHphY3pgIHmlrnms5XjgIzpg7Xkvr/lsYDjgb7jgZ/jga/jg43jgrPjg53jgrnjgI3jgafpgIHmlpnnhKHmlpnjgavjgarjgorjgb7jgZnjgILjgYrmlK/miZXmlrnms5Xjga/jgIHku6PlvJXjgY3jgafjgoJPS++8geS7o+W8leOBjeOBruWgtOWQiOOBr+OAjOmDteS+v+WxgOOAjeOBp+mFjemAgeiHtOOBl+OBvuOBmeOAgjxicj48Zm9udCBjb2xvcj0iI2ZmMDAwMCI+5Y+X5rOo55Sf55Sj44Gu44Gf44KB44CB44GU5rOo5paH5b6M44Gu5aSJ5pu044CB6L+U5ZOB44CB44Kt44Oj44Oz44K744Or44Gv44GK5Y+X5LuY44Gn44GN44G+44Gb44KT44CCPC9mb250Pjxicj48YnI+IOKAu+e0oOadkO+8muOCr+ODquOCouOCseODvOOCueacrOS9k++8j+ODneODquOCq+ODvOODnOODjeODvOODiOWKoOW3pSjjgq/jg6rjgqLjgrHjg7zjgrkp77yaVVbnoazljJblnovjgqTjg7Pjgq/vvIjlgbTpnaLjgavjg5fjg6rjg7Pjg4jjga/lhaXjgorjgb7jgZvjgpPvvIk8YnI+4oC75Y2T5LiK44Ob44Or44OA44O844Gu5YWF6Zu75Zmo44Gr44Gv5a++5b+c44GX44Gm44GK44KK44G+44Gb44KT44CCKOOCseODvOOCueOCkuijheedgOOBl+OBn+OBvuOBvuOCs+ODjeOCr+OCv+ODvOOBq+ebtOaOpeW3ruOBl+i+vOOCk+OBp+OBruWFhembu+OBr+WPr+iDveOBp+OBmeKYhik8YnI+PGJyPiDimIYg44Gd44Gu5LuW44CBU0NMMjPkuIDopqfjga/jgZPjgaHjgok8YnI+PGJyPjxicj48dGFibGU+Cjx0cj4KPHRkIGFsaWduPSJjZW50ZXIiPjxmb250IHNpemU9IjMiPuKWvOKWvOKWvOOCseODvOOCueijheedgOOCpOODoeODvOOCuOS+i+OBr+KWvOKWvOKWvDxicj4mZ3Q7Jmd0OyZndDsmZ3Q74piG44GT44Gh44KJ4piGJmx0OyZsdDsmbHQ7Jmx0OzwvZm9udD48YnI+PGJyPjxpbWcgc3JjPSJodHRwOi8vaW1hZ2UucmFrdXRlbi5jby5qcC9raW50c3UvY2FiaW5ldC9wbHVzLXMva3lvdXRzdS9mdWxsdGV4MDIuanBnIiB3aWR0aD0iMzAwIiBib3JkZXI9IjAiIGFsdD0iIiAvPjxiciAvPgo8YnI+Cjxicj4KPGZvbnQgc2l6ZT0iMyI+44K544OO44Km44Ov44O844Or44OJIOOCsOODqeODh+ODvOOCt+ODp+ODs+OCsOODquODvOODszxicj48L2ZvbnQ+PGJyIC8+CiA8aW1nIHNyYz0iaHR0cDovL2ltYWdlLnJha3V0ZW4uY28uanAva2ludHN1L2NhYmluZXQvcGx1cy1zL24vc2MtMDRmL3BzLXNjMDRmLTEwNzZhLmpwZyIgIHdpZHRoPSIzMDAiIGJvcmRlcj0iMCIgYWx0PSIiIC8+PGJyPjxicj4KPGZvbnQ+576O44GX44GE6Zuq44Gu5LiW55WM4pmqU0NMMjMg44Kv44Oq44KiIOOCseODvOOCueOAguOCsOODqeODh+ODvOOCt+ODp+ODs+OCq+ODqeODvOOBp+e+juOBl+OBhOKZqjwvZm9udD48YnIgLz48YnIgLz4KPGZvbnQgc2l6ZT0iMiI+44GK5aW944G/44Gu44OH44K244Kk44Oz44KS44OV44Or44Gr5qW944GX44KB44KL44Kx44O844K55YWo6Z2i44OX44Oq44Oz44OI5LuV5qeY77yB5YG06Z2i44Kv44Oq44Ki44Gq44Gu44Gn44CB5LiL5Zyw44Gu5pys5L2T44Kr44Op44O844KS5rS744GL44GX44G+44GZ4pmq5pel5pys6KO944KJ44GX44GE576O44GX44GE6a6u44KE44GL44Gq44OH44K244Kk44Oz44GM5qW944GX44KB44KL5b2T5bqX6Ieq5oWi44Gu44Kq44Oq44K444OK44Or44OX44Oq44Oz44OI44Kx44O844K544Gn44GZ4pmqPGJyIC8+bWFkZSBpbiBqYXBhbjwvZm9udD48YnIgLz48YnIgLz4KPGltZyBzcmM9Imh0dHA6Ly9pbWFnZS5yYWt1dGVuLmNvLmpwL2tpbnRzdS9jYWJpbmV0L3BsdXMtcy9reW91dHN1L2ZpbG1fcHJlNi5qcGciIHdpZHRoPSIzMDAiIGJvcmRlcj0iMCIgYWx0PSIiIC8+PC90ZD4KPC90cj4KPHRyPgo8dGQgYWxpZ249InJpZ2h0Ij48YnIgLz48Yj48Zm9udCBzaXplPSIzIj4mZ3Q7Jmd0O+S7luOAgVNDTDIz5LiA6Kan44Gv44GT44Gh44KJPC9mb250PjwvYj48YnIgLz48YnIgLz4KPC90ZD4KPC90cj4KPC90YWJsZT4=,YXUgR0FMQVhZIFM1IFNDTDIzICDjgrHjg7zjgrkg44Kr44OQ44O8IOOCueODjuOCpuODr+ODvOODq+ODiSDjgrDjg6njg4fjg7zjgrfjg6fjg7PjgrDjg6rjg7zjg7MgZm9yIGF1IEdBTEFYWSBTNSBTQ0wyMyAg44Kx44O844K5IOOCq+ODkOODvFtTQ0wyM13jgJDjgq7jg6Pjg6njgq/jgrfjg7wgc2NsMjMg44Kx44O844K5IOOCq+ODkOODvCBnYWxheHkgc2NsMjMg44Kx44O844K5L+OCq+ODkOODvC9DQVNFL+OCsSZtaW51czvjgrnjgJHjgJDjgrnjg57jg5vjgqvjg5Djg7wg44K544Oe44Ob44Kx44O844K544CR77ya44Kx44O844K/44Kk5bGLMjTjgIDmpb3lpKnluILloLTlupc=,44K544Oe44O844OI44OV44Kp44Oz44Ki44Kv44K744K144Oq44O85pC65biv44K544OI44Op44OD44OX44K544OI44Op44OD44OX44K544Oe44Ob44Kx44O844K544K544Oe44O844OI44OV44Kp44OzIOOCseODvOOCueOCueODnuODm+ODlOOCouOCueOCpOODpOODm+ODs+OCuOODo+ODg+OCryDjgqLjgq/jgrvjgrXjg6rjg7zjgrnjg57jg7zjg4jjg5Xjgqnjg7Pjg5TjgqLjgrnjg43jg4Pjgq/jgrnjg4jjg6njg4Pjg5fjgrnjg6/jg63jg5Xjgrnjgq3jg7wg44OU44Ki44K544K544Ov44Ot44OV44K544Kt44O8IOOCueODiOODqeODg+ODl+OCueODnuODm+OCq+ODkOODvOOCueODnuODvOODiOODleOCqeODsyDjgqvjg5Djg7xhdSBHQUxBWFkgUzUgU0NMMjMgIOOCseODvOOCuSDjgqvjg5Djg7wg44K544OO44Km44Ov44O844Or44OJIOOCsOODqeODh+ODvOOCt+ODp+ODs+OCsOODquODvOODsyBmb3IgYXUgR0FMQVhZIFM1IFNDTDIzICDjgrHjg7zjgrkg44Kr44OQ44O8W1NDTDIzXeOAkOOCruODo+ODqeOCr+OCt+ODvCBzY2wyMyDjgrHjg7zjgrkg44Kr44OQ44O8IGdhbGF4eSBzY2wyMyDjgrHjg7zjgrkv44Kr44OQ44O8L0NBU0Uv44KxJm1pbnVzO+OCueOAkeOAkOOCueODnuODm+OCq+ODkOODvCDjgrnjg57jg5vjgrHjg7zjgrnjgJE=,MuWAi+S7peS4iuOBp+mAgeaWmeeEoeaWme+8geOAgmF1IEdBTEFYWSBTNSBTQ0wyMyAg44Kx44O844K5IOOCq+ODkOODvCDjgrnjg47jgqbjg6/jg7zjg6vjg4kg44Kw44Op44OH44O844K344On44Oz44Kw44Oq44O844OzIGZvciBhdSBHQUxBWFkgUzUgU0NMMjMgIOOCseODvOOCuSDjgqvjg5Djg7xbU0NMMjNd44CQ44Ku44Oj44Op44Kv44K344O8IHNjbDIzIOOCseODvOOCuSDjgqvjg5Djg7wgZ2FsYXh5IHNjbDIzIOOCseODvOOCuS/jgqvjg5Djg7wvQ0FTRS/jgrEmbWludXM744K544CR44CQ44K544Oe44Ob44Kr44OQ44O8IOOCueODnuODm+OCseODvOOCueOAkQ==[rn]
10-177655,aHR0cDovL3RzaG9wLnIxMHMuanAva2ludHN1L2NhYmluZXQvcGx1cy1zL2RpYXJ5L3BsdXMtZGlhcnktaWNkMDAyNGEyLmpwZz9maXRpbj03MDA6NzAw,MTgzNi44MDAw,,44K544Oe44O844OI44OV44Kp44Oz44O744K/44OW44Os44OD44OIID4g44K544Oe44O844OI44OV44Kp44Oz44Ki44Kv44K744K144Oq44O8ID4g44K544Oe44O844OI44OV44Kp44Oz44Kx44O844K5,R0FMQVhZIFM1IFNDLTA0RiBTQ0wyMyDmiYvluLPlnovjgrHjg7zjgrkgc2MwNGYg44Ku44Oj44Op44Kv44K344O8IOOCouOCr+ODhuOCo+ODliDjgrHjg7zjgrkg5omL5biz5Z6LIOa0i+abuCDmnKwg5pu457GNIOOCq+ODkOODvCBzYy0wNGbjgrHjg7zjgrkgc2MtMDRm44Kr44OQ44O8IHNjbDIz44Kx44O844K5IHNjbDIz44Kr44OQ44O8IGdhbGF4eSDjgrHjg7zjgrkg44Kr44OQ44O8IOOBiuOBl+OCg+OCjCDjgYvjgo/jgYTjgYQg5omL5biz5Z6L44K544Oe44Ob44Kx44O844K5IOOCueODnuODm+OCseODvOOCuSDjgrnjg57jg5vjgqvjg5Djg7w=,R0FMQVhZIFM1IOOCseODvOOCuSDmiYvluLPlnosg44K544Oe44Ob44Kx44O844K5IOaJi+W4s+OCseODvOOCueKYhg==,PGJyPjxiPuKHklBD5ZWG5ZOB44Oa44O844K444Gn6Kmz44GX44GP6KaL44KLPC9iPjxicj48YnI+Cjxmb250IGNvbG9yPSIjZmY2NmNjIj7jgb7jgovjgafmtIvmm7jjga7jgojjgYbjgarjg4fjgrbjgqTjg7PjgajlgIvmgKfnmoTjgarmn4TjgYznibnlvrTnmoTjgaogPGJyPuaJi+W4s+WeiyDjg4DjgqTjgqLjg6rjg7zjgrHjg7zjgrnjgILjg5Djg6njgqjjg4bjgqPjgoLosYrlr4zimIY8L2ZvbnQ+PGJyPgo8YnI+Cjx0YWJsZSBib3JkZXI9IjAiIGFsaWduPSJjZW50ZXIiPgo8dHI+Cjx0ZD48aW1nIHNyYz0iaHR0cDovL2ltYWdlLnJha3V0ZW4uY28uanAva2ludHN1L2NhYmluZXQvcGx1cy1zL2RpYXJ5L3BsdXMtZGlhcnktaWNkMDAyNGEyLmpwZyIgd2lkdGg9IjEwMCUiIGJvcmRlcj0iMCI+PC90ZD4KPC90cj4KPHRyPgo8dGQ+PGltZyBzcmM9Imh0dHA6Ly93d3cucmFrdXRlbi5uZS5qcC9nb2xkL2tpbnRzdS9zX2l0ZW0vcGx1cy1kaWFyeS9wbHVzLXNtYS1iYXNlMi5qcGciIHdpZHRoPSIxMDAlIiBib3JkZXI9IjAiPjxicj4KICAgIDxicj4KICAgIDxicj4KICAgIDwvdGQ+PC90cj48dHI+PHRkPjxpbWcgc3JjPSJodHRwOi8vd3d3LnJha3V0ZW4ubmUuanAvZ29sZC9raW50c3Uvc19pdGVtL3BsdXMtZGlhcnkvcGx1cy1zbWEtaWNkMDAyNGEuanBnIiB3aWR0aD0iMTAwJSIgYm9yZGVyPSIwIj48L3RkPgo8L3RyPjwvdGFibGU+PGJyPjxocj4K44G+44KL44Gn5rSL5pu444Gu44KI44GG44Gq44OH44K244Kk44Oz44Go5YCL5oCn55qE44Gq5p+E44GM54m55b6055qE44GqIOaJi+W4s+WeiyDjg4DjgqTjgqLjg6rjg7zjgrHjg7zjgrnjgILjg5Djg6njgqjjg4bjgqPjgoLosYrlr4zimIY8YnI+MuWAi+S7peS4iuOBlOizvOWFpe+8iDMyNDDlhobku6XkuIrvvInjgafjgIHphY3pgIHmlrnms5XjgIzpg7Xkvr/lsYDjgb7jgZ/jga/jg43jgrPjg53jgrnjgI3jgafpgIHmlpnnhKHmlpnjgavjgarjgorjgb7jgZnjgILjgYrmlK/miZXmlrnms5Xjga/jgIHku6PlvJXjgY3jgafjgoJPS++8geS7o+W8leOBjeOBruWgtOWQiOOBr+OAjOmDteS+v+WxgOOAjeOBp+mFjemAgeiHtOOBl+OBvuOBmeOAgjxicj48Zm9udCBjb2xvcj0iI2ZmMDAwMCI+5Y+X5rOo55Sf55Sj44Gu44Gf44KB44CB44GU5rOo5paH5b6M44Gu5aSJ5pu044CB6L+U5ZOB44CB44Kt44Oj44Oz44K744Or44Gv44GK5Y+X5LuY44Gn44GN44G+44Gb44KT44CCPC9mb250Pjxicj48YnI+Cue0oOadkO+8muaJi+W4s+OCseODvOOCueacrOS9k++8j+WQiOearuOAgOODj+ODvOODieOCseODvOOCue+8j+ODneODquOCq+ODvOODnOODjeODvOODiCjjg5bjg6njg4Pjgq8pPGJyPgrliqDlt6XvvJpVVuehrOWMluWei+OCpOODs+OCrzxicj7igLvljZPkuIrjg5vjg6vjg4Djg7zjga7lhYXpm7vlmajjgavjga/lr77lv5zjgZfjgabjgYrjgorjgb7jgZvjgpPjgIIo44Kx44O844K544KS6KOF552A44GX44Gf44G+44G+44Kz44ON44Kv44K/44O844Gr55u05o6l5beu44GX6L6844KT44Gn44Gu5YWF6Zu744Gv5Y+v6IO944Gn44GZ4piGKOS4gOmDqOmdnuWvvuW/nOapn+eoruacieOCiikpPGJyPgrigLvlhpnnnJ/jga/jgqTjg6Hjg7zjgrjnlLvlg4/jgavjgarjgorjgb7jgZnjgILntbXmn4TjgYzliIfjgozjgovjgZPjgajjgYzjgZTjgZbjgYTjgb7jgZnjgIIK4oC75a6f54mp44Gu6Imy44Gr6L+R44Gl44GR44KL44KI44GG44Gr5Yqq44KB44Gm44GE44G+44GZ44GM44CB44GU5Yip55So44Gu44Oi44OL44K/44O844CBUEPjgoTjgrnjg57jg7zjg4jjg5Xjgqnjg7Pjga7nkrDlooPjgavjgojjgormjrLovInlhpnnnJ/jga7oibLjgYzlrp/nianjga7oibLjgajpgZXjgaPjgabopovjgYjjgovloLTlkIjjgYzjgZTjgZbjgYTjgb7jgZnjgIIKPGJyPjxicj4KCuKYhiDjgZ3jga7ku5bjgIHmiYvluLPlnovjgrHjg7zjgrnkuIDopqfjga/jgZPjgaHjgok8YnI+PGJyPjxicj4KPGZvbnQgY29sb3I9IiMzMzAwOTkiPuOCquOCt+ODo+ODrOOBquaJi+W4s+Wei+OCseODvOOCuTxicj4K44G+44KL44Gn5rSL5pu444Gu44KI44GG44Gq44OH44K244Kk44Oz44Go5YCL5oCn55qE44Gq5p+E44GM54m55b6055qE44GqIOmBuOOBueOCi+WFqDE444K/44Kk44OXPC9mb250Pjxicj48YnI+PGZvbnQgY29sb3I9IiNGRjAwMDAiPjxiPuKAu+ODh+OCtuOCpOODs+ODu+OCq+ODqeODvOOBruimi+acrOOBr+ODmuODvOOCuOOBruS4gOeVquS4iuOBq+OBguOCi+WVhuWTgeeUu+WDj+OBru+8kuaemuebruS7pemZjeOCkuOBlOimp+OBj+OBoOOBleOBhOOAgjwvYj48L2ZvbnQ+Cjxicj48YnI+PGI+PGZvbnQgY29sb3I9IiNmZjAwMDAiPuKAu+mDqOadkOOBruiqpOW3ruOBq+OCiOOCi+WTgeWIh+OCjOOBjOeZuueUn+OBl+OBn+WgtOWQiOOBr+OAgeWFpeiNt+asoeesrOOBruijveS9nOODu+eZuumAgeOBqOOBquOCi+WgtOWQiOOBjOOBlOOBluOBhOOBvuOBmeOAgjxicj4K44Gd44Gu6Zqb44Gv44CB44GU5rOo5paH5b6M5Yil6YCU44Oh44O844Or44Gr44Gm44GU6YCj57Wh44GV44Gb44Gm6aCC44GN44G+44GZ44CCPGJyPuOBvuOBn+OAgeaJi+W4s+OBq+OCueOCv+ODs+ODieapn+iDvSjmipjjgornm67vvInjgYzjgaTjgYTjgabjgYTjgovloLTlkIjjgYzjgZTjgZbjgYTjgb7jgZnjgII8YnI+CuS6iOOCgeOAgeOBlOS6huaJv+mhmOOBhOOBl+OBvuOBmeOAgjwvZm9udD48L2I+PGJyPjxicj4=,R0FMQVhZIFM1IFNDLTA0RiBTQ0wyMyDmiYvluLPlnovjgrHjg7zjgrkgc2MwNGYg44Ku44Oj44Op44Kv44K344O8IOOCouOCr+ODhuOCo+ODliDjgrHjg7zjgrkg5omL5biz5Z6LIOa0i+abuCDmnKwg5pu457GNIOOCq+ODkOODvCBzYy0wNGbjgrHjg7zjgrkgc2MtMDRm44Kr44OQ44O8IHNjbDIz44Kx44O844K5IHNjbDIz44Kr44OQ44O8IGdhbGF4eSDjgrHjg7zjgrkg44Kr44OQ44O8IOOBiuOBl+OCg+OCjCDjgYvjgo/jgYTjgYQg5omL5biz5Z6L44K544Oe44Ob44Kx44O844K5IOOCueODnuODm+OCseODvOOCuSDjgrnjg57jg5vjgqvjg5Djg7zvvJrjgrHjg7zjgr/jgqTlsYsyNOOAgOalveWkqeW4guWgtOW6lw==,44K544Oe44O844OI44OV44Kp44Oz44Ki44Kv44K744K144Oq44O85pC65biv44K544OI44Op44OD44OX44K544OI44Op44OD44OX44K544Oe44Ob44Kx44O844K544K544Oe44O844OI44OV44Kp44OzIOOCseODvOOCueOCueODnuODm+ODlOOCouOCueOCpOODpOODm+ODs+OCuOODo+ODg+OCryDjgqLjgq/jgrvjgrXjg6rjg7zjgrnjg57jg7zjg4jjg5Xjgqnjg7Pjg5TjgqLjgrnjg43jg4Pjgq/jgrnjg4jjg6njg4Pjg5fjgrnjg6/jg63jg5Xjgrnjgq3jg7wg44OU44Ki44K544K544Ov44Ot44OV44K544Kt44O8IOOCueODiOODqeODg+ODl+OCueODnuODm+OCq+ODkOODvOOCueODnuODvOODiOODleOCqeODsyDjgqvjg5Djg7xHQUxBWFkgUzUgU0MtMDRGIFNDTDIzIOaJi+W4s+Wei+OCseODvOOCuSBzYzA0ZiDjgq7jg6Pjg6njgq/jgrfjg7wg44Ki44Kv44OG44Kj44OWIOOCseODvOOCuSDmiYvluLPlnosg5rSL5pu4IOacrCDmm7jnsY0g44Kr44OQ44O8IHNjLTA0ZuOCseODvOOCuSBzYy0wNGbjgqvjg5Djg7wgc2NsMjPjgrHjg7zjgrkgc2NsMjPjgqvjg5Djg7wgZ2FsYXh5IOOCseODvOOCuSDjgqvjg5Djg7wg44GK44GX44KD44KMIOOBi+OCj+OBhOOBhCDmiYvluLPlnovjgrnjg57jg5vjgrHjg7zjgrkg44K544Oe44Ob44Kx44O844K5IOOCueODnuODm+OCq+ODkOODvA==,R0FMQVhZIFM1IOOCseODvOOCuSDmiYvluLPlnosg44K544Oe44Ob44Kx44O844K5IOaJi+W4s+OCseODvOOCueKYhuOAgkdBTEFYWSBTNSBTQy0wNEYgU0NMMjMg5omL5biz5Z6L44Kx44O844K5IHNjMDRmIOOCruODo+ODqeOCr+OCt+ODvCDjgqLjgq/jg4bjgqPjg5Yg44Kx44O844K5IOaJi+W4s+WeiyDmtIvmm7gg5pysIOabuOexjSDjgqvjg5Djg7wgc2MtMDRm44Kx44O844K5IHNjLTA0ZuOCq+ODkOODvCBzY2wyM+OCseODvOOCuSBzY2wyM+OCq+ODkOODvCBnYWxheHkg44Kx44O844K5IOOCq+ODkOODvCDjgYrjgZfjgoPjgowg44GL44KP44GE44GEIOaJi+W4s+Wei+OCueODnuODm+OCseODvOOCuSDjgrnjg57jg5vjgrHjg7zjgrkg44K544Oe44Ob44Kr44OQ44O8[rn]
10-177656,aHR0cDovL3RzaG9wLnIxMHMuanAva2ludHN1L2NhYmluZXQvcGx1cy1zL20vc2MtMDRmL3BzLXNjMDRmLTAwNjFhLmpwZz9maXRpbj03MDA6NzAw,MTYwMC4wMDAw,,44K544Oe44O844OI44OV44Kp44Oz44O744K/44OW44Os44OD44OIID4g44K544Oe44O844OI44OV44Kp44Oz44Ki44Kv44K744K144Oq44O8ID4g44K544Oe44O844OI44OV44Kp44Oz44Kx44O844K5,YXUgR0FMQVhZIFM1IFNDTDIzICDjgrHjg7zjgrkg44Kr44OQ44O8IOODreODvOOCuiDjg5Xjg6njg6/jg7wg6JaU6JaHLyBmb3IgYXUgR0FMQVhZIFM1IFNDTDIzICDjgrHjg7zjgrkg44Kr44OQ44O8W1NDTDIzXeOAkOOCruODo+ODqeOCr+OCt+ODvCBzY2wyMyDjgrHjg7zjgrkg44Kr44OQ44O8IGdhbGF4eSBzY2wyMyDjgrHjg7zjgrkv44Kr44OQ44O8L0NBU0Uv44Kx77yN44K544CR44CQ44K544Oe44Ob44Kr44OQ44O8IOOCueODnuODm+OCseODvOOCueOAkQ==,MuWAi+S7peS4iuOBp+mAgeaWmeeEoeaWme+8gQ==,PGJyPjxiPuKHklBD5ZWG5ZOB44Oa44O844K444Gn6Kmz44GX44GP6KaL44KLPC9iPjxicj48YnI+576O44GX44GE6JaU6JaHKOODkOODqSlTQ0wyM+OCr+ODquOCoiDjgrHjg7zjgrnjgILjgqvjg6njg7zjgoLosYrlr4zimao8YnI+IDLlgIvku6XkuIrjgZTos7zlhaXvvIgzMjQw5YaG5Lul5LiK77yJ44Gn44CB6YWN6YCB5pa55rOV44CM6YO15L6/5bGA44G+44Gf44Gv44ON44Kz44Od44K544CN44Gn6YCB5paZ54Sh5paZ44Gr44Gq44KK44G+44GZ44CC44GK5pSv5omV5pa55rOV44Gv44CB5Luj5byV44GN44Gn44KCT0vvvIHku6PlvJXjgY3jga7loLTlkIjjga/jgIzpg7Xkvr/lsYDjgI3jgafphY3pgIHoh7TjgZfjgb7jgZnjgII8YnI+PGZvbnQgY29sb3I9IiNmZjAwMDAiPuWPl+azqOeUn+eUo+OBruOBn+OCgeOAgeOBlOazqOaWh+W+jOOBruWkieabtOOAgei/lOWTgeOAgeOCreODo+ODs+OCu+ODq+OBr+OBiuWPl+S7mOOBp+OBjeOBvuOBm+OCk+OAgjwvZm9udD48YnI+PGJyPiDigLvntKDmnZDvvJrjgq/jg6rjgqLjgrHjg7zjgrnmnKzkvZPvvI/jg53jg6rjgqvjg7zjg5zjg43jg7zjg4jliqDlt6Uo44Kv44Oq44Ki44Kx44O844K5Ke+8mlVW56Gs5YyW5Z6L44Kk44Oz44Kv77yI5YG06Z2i44Gr44OX44Oq44Oz44OI44Gv5YWl44KK44G+44Gb44KT77yJPGJyPuKAu+WNk+S4iuODm+ODq+ODgOODvOOBruWFhembu+WZqOOBq+OBr+WvvuW/nOOBl+OBpuOBiuOCiuOBvuOBm+OCk+OAgijjgrHjg7zjgrnjgpLoo4XnnYDjgZfjgZ/jgb7jgb7jgrPjg43jgq/jgr/jg7zjgavnm7TmjqXlt67jgZfovrzjgpPjgafjga7lhYXpm7vjga/lj6/og73jgafjgZnimIYpPGJyPjxicj4g4piGIOOBneOBruS7luOAgVNDTDIz5LiA6Kan44Gv44GT44Gh44KJPGJyPjxicj48YnI+PHRhYmxlPgo8dHI+Cjx0ZCBhbGlnbj0iY2VudGVyIj48Zm9udCBzaXplPSIzIj7ilrzilrzilrzjgrHjg7zjgrnoo4XnnYDjgqTjg6Hjg7zjgrjkvovjga/ilrzilrzilrw8YnI+Jmd0OyZndDsmZ3Q7Jmd0O+KYhuOBk+OBoeOCieKYhiZsdDsmbHQ7Jmx0OyZsdDs8L2ZvbnQ+PGJyPjxicj48aW1nIHNyYz0iaHR0cDovL2ltYWdlLnJha3V0ZW4uY28uanAva2ludHN1L2NhYmluZXQvcGx1cy1zL2t5b3V0c3UvZnVsbHRleDAyLmpwZyIgd2lkdGg9IjMwMCIgYm9yZGVyPSIwIiBhbHQ9IiIgLz48YnIgLz4KPGJyPgo8YnI+Cjxmb250IHNpemU9IjMiPuODreODvOOCuiDjg5Xjg6njg6/jg7wg6JaU6JaHPGJyPjwvZm9udD48YnIgLz4KIDxpbWcgc3JjPSJodHRwOi8vaW1hZ2UucmFrdXRlbi5jby5qcC9raW50c3UvY2FiaW5ldC9wbHVzLXMvbS9zYy0wNGYvcHMtc2MwNGYtMDA2MWEuanBnIiAgd2lkdGg9IjMwMCIgYm9yZGVyPSIwIiBhbHQ9IiIgLz48YnI+PGJyPgo8Zm9udD7nvo7jgZfjgYTolpToloco44OQ44OpKVNDTDIz44Kv44Oq44KiIOOCseODvOOCueOAguOCq+ODqeODvOOCguixiuWvjOKZqjwvZm9udD48YnIgLz48YnIgLz4KPGZvbnQgc2l6ZT0iMiI+44GK5aW944G/44Gu44OH44K244Kk44Oz44KS44OV44Or44Gr5qW944GX44KB44KL44Kx44O844K55YWo6Z2i44OX44Oq44Oz44OI5LuV5qeY77yB5YG06Z2i44Kv44Oq44Ki44Gq44Gu44Gn44CB5LiL5Zyw44Gu5pys5L2T44Kr44Op44O844KS5rS744GL44GX44G+44GZ4pmq5pel5pys6KO944KJ44GX44GE576O44GX44GE6a6u44KE44GL44Gq44OH44K244Kk44Oz44GM5qW944GX44KB44KL5b2T5bqX6Ieq5oWi44Gu44Kq44Oq44K444OK44Or44OX44Oq44Oz44OI44Kx44O844K544Gn44GZ4pmqPGJyIC8+bWFkZSBpbiBqYXBhbjwvZm9udD48YnIgLz48YnIgLz4KPGltZyBzcmM9Imh0dHA6Ly9pbWFnZS5yYWt1dGVuLmNvLmpwL2tpbnRzdS9jYWJpbmV0L3BsdXMtcy9reW91dHN1L2ZpbG1fcHJlNi5qcGciIHdpZHRoPSIzMDAiIGJvcmRlcj0iMCIgYWx0PSIiIC8+PC90ZD4KPC90cj4KPHRyPgo8dGQgYWxpZ249InJpZ2h0Ij48YnIgLz48Yj48Zm9udCBzaXplPSIzIj4mZ3Q7Jmd0O+S7luOAgVNDTDIz5LiA6Kan44Gv44GT44Gh44KJPC9mb250PjwvYj48YnIgLz48YnIgLz4KPC90ZD4KPC90cj4KPC90YWJsZT4=,YXUgR0FMQVhZIFM1IFNDTDIzICDjgrHjg7zjgrkg44Kr44OQ44O8IOODreODvOOCuiDjg5Xjg6njg6/jg7wg6JaU6JaHLyBmb3IgYXUgR0FMQVhZIFM1IFNDTDIzICDjgrHjg7zjgrkg44Kr44OQ44O8W1NDTDIzXeOAkOOCruODo+ODqeOCr+OCt+ODvCBzY2wyMyDjgrHjg7zjgrkg44Kr44OQ44O8IGdhbGF4eSBzY2wyMyDjgrHjg7zjgrkv44Kr44OQ44O8L0NBU0Uv44KxJm1pbnVzO+OCueOAkeOAkOOCueODnuODm+OCq+ODkOODvCDjgrnjg57jg5vjgrHjg7zjgrnjgJHvvJrjgrHjg7zjgr/jgqTlsYsyNOOAgOalveWkqeW4guWgtOW6lw==,44K544Oe44O844OI44OV44Kp44Oz44Ki44Kv44K744K144Oq44O85pC65biv44K544OI44Op44OD44OX44K544OI44Op44OD44OX44K544Oe44Ob44Kx44O844K544K544Oe44O844OI44OV44Kp44OzIOOCseODvOOCueOCueODnuODm+ODlOOCouOCueOCpOODpOODm+ODs+OCuOODo+ODg+OCryDjgqLjgq/jgrvjgrXjg6rjg7zjgrnjg57jg7zjg4jjg5Xjgqnjg7Pjg5TjgqLjgrnjg43jg4Pjgq/jgrnjg4jjg6njg4Pjg5fjgrnjg6/jg63jg5Xjgrnjgq3jg7wg44OU44Ki44K544K544Ov44Ot44OV44K544Kt44O8IOOCueODiOODqeODg+ODl+OCueODnuODm+OCq+ODkOODvOOCueODnuODvOODiOODleOCqeODsyDjgqvjg5Djg7xhdSBHQUxBWFkgUzUgU0NMMjMgIOOCseODvOOCuSDjgqvjg5Djg7wg44Ot44O844K6IOODleODqeODr+ODvCDolpTolocvIGZvciBhdSBHQUxBWFkgUzUgU0NMMjMgIOOCseODvOOCuSDjgqvjg5Djg7xbU0NMMjNd44CQ44Ku44Oj44Op44Kv44K344O8IHNjbDIzIOOCseODvOOCuSDjgqvjg5Djg7wgZ2FsYXh5IHNjbDIzIOOCseODvOOCuS/jgqvjg5Djg7wvQ0FTRS/jgrEmbWludXM744K544CR44CQ44K544Oe44Ob44Kr44OQ44O8IOOCueODnuODm+OCseODvOOCueOAkQ==,MuWAi+S7peS4iuOBp+mAgeaWmeeEoeaWme+8geOAgmF1IEdBTEFYWSBTNSBTQ0wyMyAg44Kx44O844K5IOOCq+ODkOODvCDjg63jg7zjgrog44OV44Op44Ov44O8IOiWlOiWhy8gZm9yIGF1IEdBTEFYWSBTNSBTQ0wyMyAg44Kx44O844K5IOOCq+ODkOODvFtTQ0wyM13jgJDjgq7jg6Pjg6njgq/jgrfjg7wgc2NsMjMg44Kx44O844K5IOOCq+ODkOODvCBnYWxheHkgc2NsMjMg44Kx44O844K5L+OCq+ODkOODvC9DQVNFL+OCsSZtaW51czvjgrnjgJHjgJDjgrnjg57jg5vjgqvjg5Djg7wg44K544Oe44Ob44Kx44O844K544CR[rn]
10-177657,aHR0cDovL3RzaG9wLnIxMHMuanAva2ludHN1L2NhYmluZXQvcGx1cy1zL2RpYXJ5L3BsdXMtZGlhcnktbXVkMDAwM2kuanBnP2ZpdGluPTcwMDo3MDA=,MTgzNi44MDAw,,44K544Oe44O844OI44OV44Kp44Oz44O744K/44OW44Os44OD44OIID4g44K544Oe44O844OI44OV44Kp44Oz44Ki44Kv44K744K144Oq44O8ID4g44K544Oe44O844OI44OV44Kp44Oz44Kx44O844K5,R0FMQVhZIFM1IFNDLTA0RiBTQ0wyMyDmiYvluLPlnovjgrHjg7zjgrkgc2MwNGYg44Ku44Oj44Op44Kv44K344O8IOOCseODvOOCuSDmiYvluLPlnosg44OR44Ot44OH44KjIOOCq+ODkOODvCBzYy0wNGbjgrHjg7zjgrkgc2MtMDRm44Kr44OQ44O8IHNjbDIz44Kx44O844K5IHNjbDIz44Kr44OQ44O8IGdhbGF4eSDjgrHjg7zjgrkg44Kr44OQ44O8IOOBiuOBl+OCg+OCjCDjgYvjgo/jgYTjgYQg5omL5biz5Z6L44K544Oe44Ob44Kx44O844K5IOOCueODnuODm+OCseODvOOCuSDjgrnjg57jg5vjgqvjg5Djg7w=,R0FMQVhZIFM1IOOCseODvOOCuSDmiYvluLPlnosg44K544Oe44Ob44Kx44O844K5IOaJi+W4s+OCseODvOOCueKYhg==,PGJyPjxiPuKHklBD5ZWG5ZOB44Oa44O844K444Gn6Kmz44GX44GP6KaL44KLPC9iPjxicj48YnI+Cjxmb250IGNvbG9yPSIjZmY2NmNjIj7ms6jnm67vvIHjgYrjgoLjgZfjgo3jg6bjg4vjg7zjgq/jgaogPGJyPuaJi+W4s+WeiyDjg4DjgqTjgqLjg6rjg7zjgrHjg7zjgrnjgILjg5Djg6njgqjjg4bjgqPjgoLosYrlr4zimIY8L2ZvbnQ+PGJyPgo8YnI+Cjx0YWJsZSBib3JkZXI9IjAiIGFsaWduPSJjZW50ZXIiPgo8dHI+Cjx0ZD48aW1nIHNyYz0iaHR0cDovL2ltYWdlLnJha3V0ZW4uY28uanAva2ludHN1L2NhYmluZXQvcGx1cy1zL2RpYXJ5L3BsdXMtZGlhcnktbXVkMDAwM2kuanBnIiB3aWR0aD0iMTAwJSIgYm9yZGVyPSIwIj48L3RkPgo8L3RyPgo8dHI+Cjx0ZD48aW1nIHNyYz0iaHR0cDovL3d3dy5yYWt1dGVuLm5lLmpwL2dvbGQva2ludHN1L3NfaXRlbS9wbHVzLWRpYXJ5L3BsdXMtc21hLWJhc2UyLmpwZyIgd2lkdGg9IjEwMCUiIGJvcmRlcj0iMCI+PGJyPgogICAgPGJyPgogICAgPGJyPgogICAgPC90ZD48L3RyPjx0cj48dGQ+PGltZyBzcmM9Imh0dHA6Ly93d3cucmFrdXRlbi5uZS5qcC9nb2xkL2tpbnRzdS9zX2l0ZW0vcGx1cy1kaWFyeS9wbHVzLXNtYS1tdWQwMDAzYS5qcGciIHdpZHRoPSIxMDAlIiBib3JkZXI9IjAiPjwvdGQ+CjwvdHI+PC90YWJsZT48YnI+PGhyPgrms6jnm67vvIHjgYrjgoLjgZfjgo3jg6bjg4vjg7zjgq/jgaog5omL5biz5Z6LIOODgOOCpOOCouODquODvOOCseODvOOCueOAguODkOODqeOCqOODhuOCo+OCguixiuWvjOKYhjxicj4y5YCL5Lul5LiK44GU6LO85YWl77yIMzI0MOWGhuS7peS4iu+8ieOBp+OAgemFjemAgeaWueazleOAjOmDteS+v+WxgOOBvuOBn+OBr+ODjeOCs+ODneOCueOAjeOBp+mAgeaWmeeEoeaWmeOBq+OBquOCiuOBvuOBmeOAguOBiuaUr+aJleaWueazleOBr+OAgeS7o+W8leOBjeOBp+OCgk9L77yB5Luj5byV44GN44Gu5aC05ZCI44Gv44CM6YO15L6/5bGA44CN44Gn6YWN6YCB6Ie044GX44G+44GZ44CCPGJyPjxmb250IGNvbG9yPSIjZmYwMDAwIj7lj5fms6jnlJ/nlKPjga7jgZ/jgoHjgIHjgZTms6jmloflvozjga7lpInmm7TjgIHov5Tlk4HjgIHjgq3jg6Pjg7Pjgrvjg6vjga/jgYrlj5fku5jjgafjgY3jgb7jgZvjgpPjgII8L2ZvbnQ+PGJyPjxicj4K57Sg5p2Q77ya5omL5biz44Kx44O844K55pys5L2T77yP5ZCI55qu44CA44OP44O844OJ44Kx44O844K577yP44Od44Oq44Kr44O844Oc44ON44O844OIKOODluODqeODg+OCryk8YnI+CuWKoOW3pe+8mlVW56Gs5YyW5Z6L44Kk44Oz44KvPGJyPuKAu+WNk+S4iuODm+ODq+ODgOODvOOBruWFhembu+WZqOOBq+OBr+WvvuW/nOOBl+OBpuOBiuOCiuOBvuOBm+OCk+OAgijjgrHjg7zjgrnjgpLoo4XnnYDjgZfjgZ/jgb7jgb7jgrPjg43jgq/jgr/jg7zjgavnm7TmjqXlt67jgZfovrzjgpPjgafjga7lhYXpm7vjga/lj6/og73jgafjgZnimIYo5LiA6YOo6Z2e5a++5b+c5qmf56iu5pyJ44KKKSk8YnI+CuKAu+WGmeecn+OBr+OCpOODoeODvOOCuOeUu+WDj+OBq+OBquOCiuOBvuOBmeOAgue1teafhOOBjOWIh+OCjOOCi+OBk+OBqOOBjOOBlOOBluOBhOOBvuOBmeOAggrigLvlrp/nianjga7oibLjgavov5HjgaXjgZHjgovjgojjgYbjgavliqrjgoHjgabjgYTjgb7jgZnjgYzjgIHjgZTliKnnlKjjga7jg6Ljg4vjgr/jg7zjgIFQQ+OChOOCueODnuODvOODiOODleOCqeODs+OBrueSsOWig+OBq+OCiOOCiuaOsui8ieWGmeecn+OBruiJsuOBjOWun+eJqeOBruiJsuOBqOmBleOBo+OBpuimi+OBiOOCi+WgtOWQiOOBjOOBlOOBluOBhOOBvuOBmeOAggo8YnI+PGJyPgoK4piGIOOBneOBruS7luOAgeaJi+W4s+Wei+OCseODvOOCueS4gOimp+OBr+OBk+OBoeOCiTxicj48YnI+PGJyPgo8Zm9udCBjb2xvcj0iIzMzMDA5OSI+44Kq44K344Oj44Os44Gq5omL5biz5Z6L44Kx44O844K5PGJyPgrms6jnm67vvIHjgYrjgoLjgZfjgo3jg6bjg4vjg7zjgq8g6YG444G544KL5YWoMTDjgr/jgqTjg5c8L2ZvbnQ+PGJyPjxicj48Zm9udCBjb2xvcj0iI0ZGMDAwMCI+PGI+4oC744OH44K244Kk44Oz44O744Kr44Op44O844Gu6KaL5pys44Gv44Oa44O844K444Gu5LiA55Wq5LiK44Gr44GC44KL5ZWG5ZOB55S75YOP44Gu77yS5p6a55uu5Lul6ZmN44KS44GU6Kan44GP44Gg44GV44GE44CCPC9iPjwvZm9udD4KPGJyPjxicj48Yj48Zm9udCBjb2xvcj0iI2ZmMDAwMCI+4oC76YOo5p2Q44Gu6Kqk5beu44Gr44KI44KL5ZOB5YiH44KM44GM55m655Sf44GX44Gf5aC05ZCI44Gv44CB5YWl6I235qyh56ys44Gu6KO95L2c44O755m66YCB44Go44Gq44KL5aC05ZCI44GM44GU44GW44GE44G+44GZ44CCPGJyPgrjgZ3jga7pmpvjga/jgIHjgZTms6jmloflvozliKXpgJTjg6Hjg7zjg6vjgavjgabjgZTpgKPntaHjgZXjgZvjgabpoILjgY3jgb7jgZnjgII8YnI+44G+44Gf44CB5omL5biz44Gr44K544K/44Oz44OJ5qmf6IO9KOaKmOOCiuebru+8ieOBjOOBpOOBhOOBpuOBhOOCi+WgtOWQiOOBjOOBlOOBluOBhOOBvuOBmeOAgjxicj4K5LqI44KB44CB44GU5LqG5om/6aGY44GE44GX44G+44GZ44CCPC9mb250PjwvYj48YnI+PGJyPg==,R0FMQVhZIFM1IFNDLTA0RiBTQ0wyMyDmiYvluLPlnovjgrHjg7zjgrkgc2MwNGYg44Ku44Oj44Op44Kv44K344O8IOOCseODvOOCuSDmiYvluLPlnosg44OR44Ot44OH44KjIOOCq+ODkOODvCBzYy0wNGbjgrHjg7zjgrkgc2MtMDRm44Kr44OQ44O8IHNjbDIz44Kx44O844K5IHNjbDIz44Kr44OQ44O8IGdhbGF4eSDjgrHjg7zjgrkg44Kr44OQ44O8IOOBiuOBl+OCg+OCjCDjgYvjgo/jgYTjgYQg5omL5biz5Z6L44K544Oe44Ob44Kx44O844K5IOOCueODnuODm+OCseODvOOCuSDjgrnjg57jg5vjgqvjg5Djg7zvvJrjgrHjg7zjgr/jgqTlsYsyNOOAgOalveWkqeW4guWgtOW6lw==,44K544Oe44O844OI44OV44Kp44Oz44Ki44Kv44K744K144Oq44O85pC65biv44K544OI44Op44OD44OX44K544OI44Op44OD44OX44K544Oe44Ob44Kx44O844K544K544Oe44O844OI44OV44Kp44OzIOOCseODvOOCueOCueODnuODm+ODlOOCouOCueOCpOODpOODm+ODs+OCuOODo+ODg+OCryDjgqLjgq/jgrvjgrXjg6rjg7zjgrnjg57jg7zjg4jjg5Xjgqnjg7Pjg5TjgqLjgrnjg43jg4Pjgq/jgrnjg4jjg6njg4Pjg5fjgrnjg6/jg63jg5Xjgrnjgq3jg7wg44OU44Ki44K544K544Ov44Ot44OV44K544Kt44O8IOOCueODiOODqeODg+ODl+OCueODnuODm+OCq+ODkOODvOOCueODnuODvOODiOODleOCqeODsyDjgqvjg5Djg7xHQUxBWFkgUzUgU0MtMDRGIFNDTDIzIOaJi+W4s+Wei+OCseODvOOCuSBzYzA0ZiDjgq7jg6Pjg6njgq/jgrfjg7wg44Kx44O844K5IOaJi+W4s+WeiyDjg5Hjg63jg4fjgqMg44Kr44OQ44O8IHNjLTA0ZuOCseODvOOCuSBzYy0wNGbjgqvjg5Djg7wgc2NsMjPjgrHjg7zjgrkgc2NsMjPjgqvjg5Djg7wgZ2FsYXh5IOOCseODvOOCuSDjgqvjg5Djg7wg44GK44GX44KD44KMIOOBi+OCj+OBhOOBhCDmiYvluLPlnovjgrnjg57jg5vjgrHjg7zjgrkg44K544Oe44Ob44Kx44O844K5IOOCueODnuODm+OCq+ODkOODvA==,R0FMQVhZIFM1IOOCseODvOOCuSDmiYvluLPlnosg44K544Oe44Ob44Kx44O844K5IOaJi+W4s+OCseODvOOCueKYhuOAgkdBTEFYWSBTNSBTQy0wNEYgU0NMMjMg5omL5biz5Z6L44Kx44O844K5IHNjMDRmIOOCruODo+ODqeOCr+OCt+ODvCDjgrHjg7zjgrkg5omL5biz5Z6LIOODkeODreODh+OCoyDjgqvjg5Djg7wgc2MtMDRm44Kx44O844K5IHNjLTA0ZuOCq+ODkOODvCBzY2wyM+OCseODvOOCuSBzY2wyM+OCq+ODkOODvCBnYWxheHkg44Kx44O844K5IOOCq+ODkOODvCDjgYrjgZfjgoPjgowg44GL44KP44GE44GEIOaJi+W4s+Wei+OCueODnuODm+OCseODvOOCuSDjgrnjg57jg5vjgrHjg7zjgrkg44K544Oe44Ob44Kr44OQ44O8[rn]
10-177658,aHR0cDovL3RzaG9wLnIxMHMuanAva2ludHN1L2NhYmluZXQvcGx1cy1zL2RpYXJ5L3BsdXMtZGlhcnktaWtkMDAwMWEyLmpwZz9maXRpbj03MDA6NzAw,MTgzNi44MDAw,,44K544Oe44O844OI44OV44Kp44Oz44O744K/44OW44Os44OD44OIID4g44K544Oe44O844OI44OV44Kp44Oz44Ki44Kv44K744K144Oq44O8ID4g44K544Oe44O844OI44OV44Kp44Oz44Kx44O844K5,R0FMQVhZIFM1IFNDLTA0RiBTQ0wyMyDmiYvluLPlnovjgrHjg7zjgrkgc2MwNGYg44Ku44Oj44Op44Kv44K344O8IOOCseODvOOCuSDmiYvluLPlnosg44OV44Op44Ov44O8IOOCv+OCpOODlzIg5YyX5qyn55Sf5Zyw6aKoICBzYy0wNGbjgrHjg7zjgrkgc2MtMDRm44Kr44OQ44O8IHNjbDIz44Kx44O844K5IHNjbDIz44Kr44OQ44O8IGdhbGF4eSDjgrHjg7zjgrkg44Kr44OQ44O8IOOBiuOBl+OCg+OCjCDjgYvjgo/jgYTjgYQg5omL5biz5Z6L44K544Oe44Ob44Kx44O844K5IOOCueODnuODm+OCseODvOOCuSDjgrnjg57jg5vjgqvjg5Djg7w=,R0FMQVhZIFM1IOOCseODvOOCuSDmiYvluLPlnosg44K544Oe44Ob44Kx44O844K5IOaJi+W4s+OCseODvOOCueKYhg==,PGJyPjxiPuKHklBD5ZWG5ZOB44Oa44O844K444Gn6Kmz44GX44GP6KaL44KLPC9iPjxicj48YnI+Cjxmb250IGNvbG9yPSIjZmY2NmNjIj7jg5Xjg6njg6/jg7wg44K/44Kk44OXMiDljJfmrKfnlJ/lnLDpoqgg5omL5biz5Z6LPGJyPuaJi+W4s+WeiyDjg4DjgqTjgqLjg6rjg7zjgrHjg7zjgrnjgILjg5Djg6njgqjjg4bjgqPjgoLosYrlr4zimIY8L2ZvbnQ+PGJyPgo8YnI+Cjx0YWJsZSBib3JkZXI9IjAiIGFsaWduPSJjZW50ZXIiPgo8dHI+Cjx0ZD48aW1nIHNyYz0iaHR0cDovL2ltYWdlLnJha3V0ZW4uY28uanAva2ludHN1L2NhYmluZXQvcGx1cy1zL2RpYXJ5L2RfYmxhY2tfMS5qcGciIHdpZHRoPSIzMDAiIGJvcmRlcj0iMCI+PC90ZD4KPC90cj4KPHRyPgo8dGQ+PGltZyBzcmM9Imh0dHA6Ly9pbWFnZS5yYWt1dGVuLmNvLmpwL2tpbnRzdS9jYWJpbmV0L3BsdXMtcy9kaWFyeS9kX2JsYWNrXzIuanBnIiB3aWR0aD0iMzAwIiBib3JkZXI9IjAiPjwvdGQ+PC90cj48dHI+PHRkPjxpbWcgc3JjPSJodHRwOi8vaW1hZ2UucmFrdXRlbi5jby5qcC9raW50c3UvY2FiaW5ldC9wbHVzLXMvZGlhcnkvZF9ibGFja18zLmpwZyIgd2lkdGg9IjMwMCIgYm9yZGVyPSIwIj48L3RkPgo8L3RyPjwvdGFibGU+PGJyPjxocj4K44OV44Op44Ov44O8IOOCv+OCpOODlzIg5YyX5qyn55Sf5Zyw6aKoIOaJi+W4s+WeiyDjg4DjgqTjgqLjg6rjg7zjgrHjg7zjgrnjgILjg5Djg6njgqjjg4bjgqPjgoLosYrlr4zimIY8YnI+MuWAi+S7peS4iuOBlOizvOWFpe+8iDMyNDDlhobku6XkuIrvvInjgafjgIHphY3pgIHmlrnms5XjgIzpg7Xkvr/lsYDjgb7jgZ/jga/jg43jgrPjg53jgrnjgI3jgafpgIHmlpnnhKHmlpnjgavjgarjgorjgb7jgZnjgILjgYrmlK/miZXmlrnms5Xjga/jgIHku6PlvJXjgY3jgafjgoJPS++8geS7o+W8leOBjeOBruWgtOWQiOOBr+OAjOmDteS+v+WxgOOAjeOBp+mFjemAgeiHtOOBl+OBvuOBmeOAgjxicj48Zm9udCBjb2xvcj0iI2ZmMDAwMCI+5Y+X5rOo55Sf55Sj44Gu44Gf44KB44CB44GU5rOo5paH5b6M44Gu5aSJ5pu044CB6L+U5ZOB44CB44Kt44Oj44Oz44K744Or44Gv44GK5Y+X5LuY44Gn44GN44G+44Gb44KT44CCPC9mb250Pjxicj48YnI+Cue0oOadkO+8muaJi+W4s+OCseODvOOCueacrOS9k++8j+WQiOearuOAgOODj+ODvOODieOCseODvOOCue+8j+ODneODquOCq+ODvOODnOODjeODvOODiCjjg5bjg6njg4Pjgq8pPGJyPgrliqDlt6XvvJpVVuehrOWMluWei+OCpOODs+OCrzxicj7igLvljZPkuIrjg5vjg6vjg4Djg7zjga7lhYXpm7vlmajjgavjga/lr77lv5zjgZfjgabjgYrjgorjgb7jgZvjgpPjgIIo44Kx44O844K544KS6KOF552A44GX44Gf44G+44G+44Kz44ON44Kv44K/44O844Gr55u05o6l5beu44GX6L6844KT44Gn44Gu5YWF6Zu744Gv5Y+v6IO944Gn44GZ4piGKOS4gOmDqOmdnuWvvuW/nOapn+eoruacieOCiikpPGJyPgrigLvlhpnnnJ/jga/jgqTjg6Hjg7zjgrjnlLvlg4/jgavjgarjgorjgb7jgZnjgILmqZ/nqK7jgavjgojjgaPjgabntbXmn4TjgYzliIfjgozjgovjgZPjgajjgYzjgZTjgZbjgYTjgb7jgZnjgIIK4oC75a6f54mp44Gu6Imy44Gr6L+R44Gl44GR44KL44KI44GG44Gr5Yqq44KB44Gm44GE44G+44GZ44GM44CB44GU5Yip55So44Gu44Oi44OL44K/44O844CBUEPjgoTjgrnjg57jg7zjg4jjg5Xjgqnjg7Pjga7nkrDlooPjgavjgojjgormjrLovInlhpnnnJ/jga7oibLjgYzlrp/nianjga7oibLjgajpgZXjgaPjgabopovjgYjjgovloLTlkIjjgYzjgZTjgZbjgYTjgb7jgZnjgIIKPGJyPjxicj4KCgoK4piGIOOBneOBruS7luOAgeaJi+W4s+Wei+OCseODvOOCueS4gOimp+OBr+OBk+OBoeOCiTxicj48YnI+PGJyPgo8Zm9udCBjb2xvcj0iIzMzMDA5OSI+44OV44Op44Ov44O8IOOCv+OCpOODlzIg5YyX5qyn55Sf5Zyw6aKoIOmBuOOBueOCi+WFqDnjgr/jgqTjg5c8L2ZvbnQ+PGJyPjxicj48Zm9udCBjb2xvcj0iI0ZGMDAwMCI+PGI+4oC744OH44K244Kk44Oz44O744Kr44Op44O844Gu6KaL5pys44Gv44Oa44O844K444Gu5LiA55Wq5LiK44Gr44GC44KL5ZWG5ZOB55S75YOP44Gu77yS5p6a55uu5Lul6ZmN44KS44GU6Kan44GP44Gg44GV44GE44CCPC9iPjwvZm9udD4KPGJyPjxicj48Yj48Zm9udCBjb2xvcj0iI2ZmMDAwMCI+4oC76YOo5p2Q44Gu6Kqk5beu44Gr44KI44KL5ZOB5YiH44KM44GM55m655Sf44GX44Gf5aC05ZCI44Gv44CB5YWl6I235qyh56ys44Gu6KO95L2c44O755m66YCB44Go44Gq44KL5aC05ZCI44GM44GU44GW44GE44G+44GZ44CCPGJyPgrjgZ3jga7pmpvjga/jgIHjgZTms6jmloflvozliKXpgJTjg6Hjg7zjg6vjgavjgabjgZTpgKPntaHjgZXjgZvjgabpoILjgY3jgb7jgZnjgII8YnI+44G+44Gf44CB5omL5biz44Gr44K544K/44Oz44OJ5qmf6IO9KOaKmOOCiuebru+8ieOBjOOBpOOBhOOBpuOBhOOCi+WgtOWQiOOBjOOBlOOBluOBhOOBvuOBmeOAgjxicj4K5LqI44KB44CB44GU5LqG5om/6aGY44GE44GX44G+44GZ44CCPC9mb250PjwvYj48YnI+PGJyPg==,R0FMQVhZIFM1IFNDLTA0RiBTQ0wyMyDmiYvluLPlnovjgrHjg7zjgrkgc2MwNGYg44Ku44Oj44Op44Kv44K344O8IOOCseODvOOCuSDmiYvluLPlnosg44OV44Op44Ov44O8IOOCv+OCpOODlzIg5YyX5qyn55Sf5Zyw6aKoICBzYy0wNGbjgrHjg7zjgrkgc2MtMDRm44Kr44OQ44O8IHNjbDIz44Kx44O844K5IHNjbDIz44Kr44OQ44O8IGdhbGF4eSDjgrHjg7zjgrkg44Kr44OQ44O8IOOBiuOBl+OCg+OCjCDjgYvjgo/jgYTjgYQg5omL5biz5Z6L44K544Oe44Ob44Kx44O844K5IOOCueODnuODm+OCseODvOOCuSDjgrnjg57jg5vjgqvjg5Djg7zvvJrjgrHjg7zjgr/jgqTlsYsyNOOAgOalveWkqeW4guWgtOW6lw==,44K544Oe44O844OI44OV44Kp44Oz44Ki44Kv44K744K144Oq44O85pC65biv44K544OI44Op44OD44OX44K544OI44Op44OD44OX44K544Oe44Ob44Kx44O844K544K544Oe44O844OI44OV44Kp44OzIOOCseODvOOCueOCueODnuODm+ODlOOCouOCueOCpOODpOODm+ODs+OCuOODo+ODg+OCryDjgqLjgq/jgrvjgrXjg6rjg7zjgrnjg57jg7zjg4jjg5Xjgqnjg7Pjg5TjgqLjgrnjg43jg4Pjgq/jgrnjg4jjg6njg4Pjg5fjgrnjg6/jg63jg5Xjgrnjgq3jg7wg44OU44Ki44K544K544Ov44Ot44OV44K544Kt44O8IOOCueODiOODqeODg+ODl+OCueODnuODm+OCq+ODkOODvOOCueODnuODvOODiOODleOCqeODsyDjgqvjg5Djg7xHQUxBWFkgUzUgU0MtMDRGIFNDTDIzIOaJi+W4s+Wei+OCseODvOOCuSBzYzA0ZiDjgq7jg6Pjg6njgq/jgrfjg7wg44Kx44O844K5IOaJi+W4s+WeiyDjg5Xjg6njg6/jg7wg44K/44Kk44OXMiDljJfmrKfnlJ/lnLDpoqggIHNjLTA0ZuOCseODvOOCuSBzYy0wNGbjgqvjg5Djg7wgc2NsMjPjgrHjg7zjgrkgc2NsMjPjgqvjg5Djg7wgZ2FsYXh5IOOCseODvOOCuSDjgqvjg5Djg7wg44GK44GX44KD44KMIOOBi+OCj+OBhOOBhCDmiYvluLPlnovjgrnjg57jg5vjgrHjg7zjgrkg44K544Oe44Ob44Kx44O844K5IOOCueODnuODm+OCq+ODkOODvA==,R0FMQVhZIFM1IOOCseODvOOCuSDmiYvluLPlnosg44K544Oe44Ob44Kx44O844K5IOaJi+W4s+OCseODvOOCueKYhuOAgkdBTEFYWSBTNSBTQy0wNEYgU0NMMjMg5omL5biz5Z6L44Kx44O844K5IHNjMDRmIOOCruODo+ODqeOCr+OCt+ODvCDjgrHjg7zjgrkg5omL5biz5Z6LIOODleODqeODr+ODvCDjgr/jgqTjg5cyIOWMl+asp+eUn+WcsOmiqCAgc2MtMDRm44Kx44O844K5IHNjLTA0ZuOCq+ODkOODvCBzY2wyM+OCseODvOOCuSBzY2wyM+OCq+ODkOODvCBnYWxheHkg44Kx44O844K5IOOCq+ODkOODvCDjgYrjgZfjgoPjgowg44GL44KP44GE44GEIOaJi+W4s+Wei+OCueODnuODm+OCseODvOOCuSDjgrnjg57jg5vjgrHjg7zjgrkg44K544Oe44Ob44Kr44OQ44O8[rn]
10-177659,aHR0cDovL3RzaG9wLnIxMHMuanAva2ludHN1L2NhYmluZXQvcGx1cy1zL24vc2MtMDRmL3BzLXNjMDRmLTExMDFhLmpwZz9maXRpbj03MDA6NzAw,MTYwMC4wMDAw,,44K544Oe44O844OI44OV44Kp44Oz44O744K/44OW44Os44OD44OIID4g44K544Oe44O844OI44OV44Kp44Oz44Ki44Kv44K744K144Oq44O8ID4g44K544Oe44O844OI44OV44Kp44Oz44Kx44O844K5,YXUgR0FMQVhZIFM1IFNDTDIzICDjgrHjg7zjgrkg44Kr44OQ44O8IOOBi+OCj+OBhOOBhCDjg5Hjg7Pjg4DjgIDnhornjKvjgIDpoZTjgaHjgYvjgrfjg6rjg7zjgrogIGZvciBhdSBHQUxBWFkgUzUgU0NMMjMgIOOCseODvOOCuSDjgqvjg5Djg7xbU0NMMjNd44CQ44Ku44Oj44Op44Kv44K344O8IHNjbDIzIOOCseODvOOCuSDjgqvjg5Djg7wgZ2FsYXh5IHNjbDIzIOOCseODvOOCuS/jgqvjg5Djg7wvQ0FTRS/jgrHvvI3jgrnjgJHjgJDjgrnjg57jg5vjgqvjg5Djg7wg44K544Oe44Ob44Kx44O844K544CR,MuWAi+S7peS4iuOBp+mAgeaWmeeEoeaWme+8gQ==,PGJyPjxiPuKHklBD5ZWG5ZOB44Oa44O844K444Gn6Kmz44GX44GP6KaL44KLPC9iPjxicj48YnI+6aGU44GM6L+R44GE44KI77yB44GL44KP44GE44GE44OR44Oz44OA44GuIFNDTDIzIOOCr+ODquOCoiDjgrHjg7zjgrnjgILoo4/lgbTjgYzpgI/jgZHjgovjg4fjgrbjgqTjg7Pjgarjga7jgafjgIHmqZ/nqK7mnKzkvZPjga7jg4fjgrbjgqTjg7PjgYzmtLvjgYvjgZXjgozjgb7jgZnimao8YnI+IDLlgIvku6XkuIrjgZTos7zlhaXvvIgzMjQw5YaG5Lul5LiK77yJ44Gn44CB6YWN6YCB5pa55rOV44CM6YO15L6/5bGA44G+44Gf44Gv44ON44Kz44Od44K544CN44Gn6YCB5paZ54Sh5paZ44Gr44Gq44KK44G+44GZ44CC44GK5pSv5omV5pa55rOV44Gv44CB5Luj5byV44GN44Gn44KCT0vvvIHku6PlvJXjgY3jga7loLTlkIjjga/jgIzpg7Xkvr/lsYDjgI3jgafphY3pgIHoh7TjgZfjgb7jgZnjgII8YnI+PGZvbnQgY29sb3I9IiNmZjAwMDAiPuWPl+azqOeUn+eUo+OBruOBn+OCgeOAgeOBlOazqOaWh+W+jOOBruWkieabtOOAgei/lOWTgeOAgeOCreODo+ODs+OCu+ODq+OBr+OBiuWPl+S7mOOBp+OBjeOBvuOBm+OCk+OAgjwvZm9udD48YnI+PGJyPiDigLvntKDmnZDvvJrjgq/jg6rjgqLjgrHjg7zjgrnmnKzkvZPvvI/jg53jg6rjgqvjg7zjg5zjg43jg7zjg4jliqDlt6Uo44Kv44Oq44Ki44Kx44O844K5Ke+8mlVW56Gs5YyW5Z6L44Kk44Oz44Kv77yI5YG06Z2i44Gr44OX44Oq44Oz44OI44Gv5YWl44KK44G+44Gb44KT77yJPGJyPuKAu+WNk+S4iuODm+ODq+ODgOODvOOBruWFhembu+WZqOOBq+OBr+WvvuW/nOOBl+OBpuOBiuOCiuOBvuOBm+OCk+OAgijjgrHjg7zjgrnjgpLoo4XnnYDjgZfjgZ/jgb7jgb7jgrPjg43jgq/jgr/jg7zjgavnm7TmjqXlt67jgZfovrzjgpPjgafjga7lhYXpm7vjga/lj6/og73jgafjgZnimIYpPGJyPjxicj4g4piGIOOBneOBruS7luOAgVNDTDIzIOS4gOimp+OBr+OBk+OBoeOCiTxicj48YnI+PGJyPgo8dGFibGU+CiA8dHI+CiAgPHRkIGFsaWduPSJjZW50ZXIiPjxmb250IHNpemU9IjMiPuKWvOKWvOKWvOOCseODvOOCueijheedgOOCpOODoeODvOOCuOS+i+OBr+KWvOKWvOKWvDxicj4mZ3Q7Jmd0OyZndDsmZ3Q74piG44GT44Gh44KJ4piGJmx0OyZsdDsmbHQ7Jmx0OzwvZm9udD48YnI+PGJyPgogICA8aW1nIHNyYz0iaHR0cDovL2ltYWdlLnJha3V0ZW4uY28uanAva2ludHN1L2NhYmluZXQvcGx1cy1zL2t5b3V0c3UvcG9pbnQtZDAyLmpwZyIgd2lkdGg9IjMwMCIgYm9yZGVyPSIwIj48YnIgLz48YnIgLz48YnIgLz48Zm9udCBzaXplPSIzIj7jgYvjgo/jgYTjgYQg44OR44Oz44OA44CA54aK54yr44CA6aGU44Gh44GL44K344Oq44O844K6PC9mb250PjxiciAvPjxiciAvPjxpbWcgc3JjPSJodHRwOi8vaW1hZ2UucmFrdXRlbi5jby5qcC9raW50c3UvY2FiaW5ldC9wbHVzLXMvbi9zYy0wNGYvcHMtc2MwNGYtMTEwMWEuanBnIiB3aWR0aD0iMzAwIiBib3JkZXI9IjAiIGFsdD0iIiAvPjxicj48YnI+PGZvbnQ+6aGU44GM6L+R44GE44KI77yB44GL44KP44GE44GE44OR44Oz44OA44GuIFNDTDIzIOOCr+ODquOCoiDjgrHjg7zjgrnjgILoo4/lgbTjgYzpgI/jgZHjgovjg4fjgrbjgqTjg7Pjgarjga7jgafjgIHmqZ/nqK7mnKzkvZPjga7jg4fjgrbjgqTjg7PjgYzmtLvjgYvjgZXjgozjgb7jgZnimao8L2ZvbnQ+PGJyIC8+PGJyIC8+PGZvbnQgc2l6ZT0iMiI+44Kv44Oq44Ki44Gu44OP44O844OJ44Kx44O844K544Gr44CB6YOo5YiG55qE44Gr44OH44K244Kk44Oz44KS44OX44Oq44Oz44OI77yB5qmf56iu5pys5L2T44Gu6Imy44O744OH44K244Kk44Oz44CN44Go44CM44OX44Oq44Oz44OI44Kx44O844K544Gu44OH44K244Kk44Oz44CN44Gu6J6N5ZCI44KS5qW944GX44KA5b2T5bqX6Ieq5oWi44Gu44Kq44Oq44K444OK44Or44OX44Oq44Oz44OI44Kx44O844K544Gn44GZ4pmqPGJyIC8+bWFkZSBpbiBqYXBhbjwvZm9udD48YnIgLz48YnIgLz48aW1nIHNyYz0iaHR0cDovL2ltYWdlLnJha3V0ZW4uY28uanAva2ludHN1L2NhYmluZXQvcGx1cy1zL2t5b3V0c3UvZmlsbV9wcmU2LmpwZyIgd2lkdGg9IjMwMCIgYm9yZGVyPSIwIiBhbHQ9IiIgLz4KICA8L3RkPgogPC90cj4KIDx0cj4KICA8dGQgYWxpZ249InJpZ2h0Ij48YnIgLz48Yj48Zm9udCBzaXplPSIzIj4mZ3Q7Jmd0O+S7luOAgVNDTDIzIOS4gOimp+OBr+OBk+OBoeOCiTwvZm9udD48L2I+PGJyIC8+CiAgPC90ZD4KIDwvdHI+CjwvdGFibGU+,YXUgR0FMQVhZIFM1IFNDTDIzICDjgrHjg7zjgrkg44Kr44OQ44O8IOOBi+OCj+OBhOOBhCDjg5Hjg7Pjg4DjgIDnhornjKvjgIDpoZTjgaHjgYvjgrfjg6rjg7zjgrogIGZvciBhdSBHQUxBWFkgUzUgU0NMMjMgIOOCseODvOOCuSDjgqvjg5Djg7xbU0NMMjNd44CQ44Ku44Oj44Op44Kv44K344O8IHNjbDIzIOOCseODvOOCuSDjgqvjg5Djg7wgZ2FsYXh5IHNjbDIzIOOCseODvOOCuS/jgqvjg5Djg7wvQ0FTRS/jgrEmbWludXM744K544CR44CQ44K544Oe44Ob44Kr44OQ44O8IOOCueODnuODm+OCseODvOOCueOAke+8muOCseODvOOCv+OCpOWxizI044CA5qW95aSp5biC5aC05bqX,44K544Oe44O844OI44OV44Kp44Oz44Ki44Kv44K744K144Oq44O85pC65biv44K544OI44Op44OD44OX44K544OI44Op44OD44OX44K544Oe44Ob44Kx44O844K544K544Oe44O844OI44OV44Kp44OzIOOCseODvOOCueOCueODnuODm+ODlOOCouOCueOCpOODpOODm+ODs+OCuOODo+ODg+OCryDjgqLjgq/jgrvjgrXjg6rjg7zjgrnjg57jg7zjg4jjg5Xjgqnjg7Pjg5TjgqLjgrnjg43jg4Pjgq/jgrnjg4jjg6njg4Pjg5fjgrnjg6/jg63jg5Xjgrnjgq3jg7wg44OU44Ki44K544K544Ov44Ot44OV44K544Kt44O8IOOCueODiOODqeODg+ODl+OCueODnuODm+OCq+ODkOODvOOCueODnuODvOODiOODleOCqeODsyDjgqvjg5Djg7xhdSBHQUxBWFkgUzUgU0NMMjMgIOOCseODvOOCuSDjgqvjg5Djg7wg44GL44KP44GE44GEIOODkeODs+ODgOOAgOeGiueMq+OAgOmhlOOBoeOBi+OCt+ODquODvOOCuiAgZm9yIGF1IEdBTEFYWSBTNSBTQ0wyMyAg44Kx44O844K5IOOCq+ODkOODvFtTQ0wyM13jgJDjgq7jg6Pjg6njgq/jgrfjg7wgc2NsMjMg44Kx44O844K5IOOCq+ODkOODvCBnYWxheHkgc2NsMjMg44Kx44O844K5L+OCq+ODkOODvC9DQVNFL+OCsSZtaW51czvjgrnjgJHjgJDjgrnjg57jg5vjgqvjg5Djg7wg44K544Oe44Ob44Kx44O844K544CR,MuWAi+S7peS4iuOBp+mAgeaWmeeEoeaWme+8geOAgmF1IEdBTEFYWSBTNSBTQ0wyMyAg44Kx44O844K5IOOCq+ODkOODvCDjgYvjgo/jgYTjgYQg44OR44Oz44OA44CA54aK54yr44CA6aGU44Gh44GL44K344Oq44O844K6ICBmb3IgYXUgR0FMQVhZIFM1IFNDTDIzICDjgrHjg7zjgrkg44Kr44OQ44O8W1NDTDIzXeOAkOOCruODo+ODqeOCr+OCt+ODvCBzY2wyMyDjgrHjg7zjgrkg44Kr44OQ44O8IGdhbGF4eSBzY2wyMyDjgrHjg7zjgrkv44Kr44OQ44O8L0NBU0Uv44KxJm1pbnVzO+OCueOAkeOAkOOCueODnuODm+OCq+ODkOODvCDjgrnjg57jg5vjgrHjg7zjgrnjgJE=[rn]
10-177660,aHR0cDovL3RzaG9wLnIxMHMuanAva2ludHN1L2NhYmluZXQvcGx1cy1zL24vc2MtMDRmL3BzLXNjMDRmLTEwNDNhLmpwZz9maXRpbj03MDA6NzAw,MTYwMC4wMDAw,,44K544Oe44O844OI44OV44Kp44Oz44O744K/44OW44Os44OD44OIID4g44K544Oe44O844OI44OV44Kp44Oz44Ki44Kv44K744K144Oq44O8ID4g44K544Oe44O844OI44OV44Kp44Oz44Kx44O844K5,YXUgR0FMQVhZIFM1IFNDTDIzICDjgrHjg7zjgrkg44Kr44OQ44O8IOOCueOCq+ODqyDjg4njgq/jg60g44Ki44KkIGZvciBhdSBHQUxBWFkgUzUgU0NMMjMgIOOCseODvOOCuSDjgqvjg5Djg7xbU0NMMjNd44CQ44Ku44Oj44Op44Kv44K344O8IHNjbDIzIOOCseODvOOCuSDjgqvjg5Djg7wgZ2FsYXh5IHNjbDIzIOOCseODvOOCuS/jgqvjg5Djg7wvQ0FTRS/jgrHvvI3jgrnjgJHjgJDjgrnjg57jg5vjgqvjg5Djg7wg44K544Oe44Ob44Kx44O844K544CR,MuWAi+S7peS4iuOBp+mAgeaWmeeEoeaWme+8gQ==,PGJyPjxiPuKHklBD5ZWG5ZOB44Oa44O844K444Gn6Kmz44GX44GP6KaL44KLPC9iPjxicj48YnI+44Kr44OD44Kz44Kk44Kk44OR44Kk44Os44O844OE44OJ44Kv44Ot44GuU0NMMjPjgq/jg6rjgqIg44Kx44O844K544CCPGJyPiAy5YCL5Lul5LiK44GU6LO85YWl77yIMzI0MOWGhuS7peS4iu+8ieOBp+OAgemFjemAgeaWueazleOAjOmDteS+v+WxgOOBvuOBn+OBr+ODjeOCs+ODneOCueOAjeOBp+mAgeaWmeeEoeaWmeOBq+OBquOCiuOBvuOBmeOAguOBiuaUr+aJleaWueazleOBr+OAgeS7o+W8leOBjeOBp+OCgk9L77yB5Luj5byV44GN44Gu5aC05ZCI44Gv44CM6YO15L6/5bGA44CN44Gn6YWN6YCB6Ie044GX44G+44GZ44CCPGJyPjxmb250IGNvbG9yPSIjZmYwMDAwIj7lj5fms6jnlJ/nlKPjga7jgZ/jgoHjgIHjgZTms6jmloflvozjga7lpInmm7TjgIHov5Tlk4HjgIHjgq3jg6Pjg7Pjgrvjg6vjga/jgYrlj5fku5jjgafjgY3jgb7jgZvjgpPjgII8L2ZvbnQ+PGJyPjxicj4g4oC757Sg5p2Q77ya44Kv44Oq44Ki44Kx44O844K55pys5L2T77yP44Od44Oq44Kr44O844Oc44ON44O844OI5Yqg5belKOOCr+ODquOCouOCseODvOOCuSnvvJpVVuehrOWMluWei+OCpOODs+OCr++8iOWBtOmdouOBq+ODl+ODquODs+ODiOOBr+WFpeOCiuOBvuOBm+OCk++8iTxicj7igLvljZPkuIrjg5vjg6vjg4Djg7zjga7lhYXpm7vlmajjgavjga/lr77lv5zjgZfjgabjgYrjgorjgb7jgZvjgpPjgIIo44Kx44O844K544KS6KOF552A44GX44Gf44G+44G+44Kz44ON44Kv44K/44O844Gr55u05o6l5beu44GX6L6844KT44Gn44Gu5YWF6Zu744Gv5Y+v6IO944Gn44GZ4piGKTxicj48YnI+IOKYhiDjgZ3jga7ku5bjgIFTQ0wyM+S4gOimp+OBr+OBk+OBoeOCiTxicj48YnI+PGJyPjx0YWJsZT4KPHRyPgo8dGQgYWxpZ249ImNlbnRlciI+PGZvbnQgc2l6ZT0iMyI+4pa84pa84pa844Kx44O844K56KOF552A44Kk44Oh44O844K45L6L44Gv4pa84pa84pa8PGJyPiZndDsmZ3Q7Jmd0OyZndDvimIbjgZPjgaHjgonimIYmbHQ7Jmx0OyZsdDsmbHQ7PC9mb250Pjxicj48YnI+CjxpbWcgc3JjPSJodHRwOi8vaW1hZ2UucmFrdXRlbi5jby5qcC9raW50c3UvY2FiaW5ldC9wbHVzLXMva3lvdXRzdS9wb2ludC1kMDIuanBnIiB3aWR0aD0iMzAwIiBib3JkZXI9IjAiPjxiciAvPgo8YnI+PGJyPgo8Zm9udCBzaXplPSIzIj7jgrnjgqvjg6sg44OJ44Kv44OtIOOCouOCpDwvZm9udD48YnIgLz48YnIgLz4KIDxpbWcgc3JjPSJodHRwOi8vaW1hZ2UucmFrdXRlbi5jby5qcC9raW50c3UvY2FiaW5ldC9wbHVzLXMvbi9zYy0wNGYvcHMtc2MwNGYtMTA0M2EuanBnIiB3aWR0aD0iMzAwIiBib3JkZXI9IjAiIGFsdD0iIiAvPjxicj48YnI+Cjxmb250PuOCq+ODg+OCs+OCpOOCpOODkeOCpOODrOODvOODhOODieOCr+ODreOBrlNDTDIz44Kv44Oq44KiIOOCseODvOOCueOAgjwvZm9udD48YnIgLz48YnIgLz4KPGZvbnQgc2l6ZT0iMiI+44Kv44Oq44Ki44Gu44OP44O844OJ44Kx44O844K544Gr44CB6YOo5YiG55qE44Gr44OH44K244Kk44Oz44KS44OX44Oq44Oz44OI77yB5qmf56iu5pys5L2T44Gu6Imy44O744OH44K244Kk44Oz44CN44Go44CM44OX44Oq44Oz44OI44Kx44O844K544Gu44OH44K244Kk44Oz44CN44Gu6J6N5ZCI44KS5qW944GX44KA5b2T5bqX6Ieq5oWi44Gu44Kq44Oq44K444OK44Or44OX44Oq44Oz44OI44Kx44O844K544Gn44GZ4pmqPGJyIC8+bWFkZSBpbiBqYXBhbjwvZm9udD48YnIgLz48YnIgLz4KPGltZyBzcmM9Imh0dHA6Ly9pbWFnZS5yYWt1dGVuLmNvLmpwL2tpbnRzdS9jYWJpbmV0L3BsdXMtcy9reW91dHN1L2ZpbG1fcHJlNi5qcGciIHdpZHRoPSIzMDAiIGJvcmRlcj0iMCIgYWx0PSIiIC8+CjwvdGQ+CjwvdHI+Cjx0cj4KPHRkIGFsaWduPSJyaWdodCI+PGJyIC8+PGI+PGZvbnQgc2l6ZT0iMyI+Jmd0OyZndDvku5bjgIFTQ0wyM+S4gOimp+OBr+OBk+OBoeOCiTwvZm9udD48L2I+PGJyIC8+CjwvdGQ+CjwvdHI+CjwvdGFibGU+,YXUgR0FMQVhZIFM1IFNDTDIzICDjgrHjg7zjgrkg44Kr44OQ44O8IOOCueOCq+ODqyDjg4njgq/jg60g44Ki44KkIGZvciBhdSBHQUxBWFkgUzUgU0NMMjMgIOOCseODvOOCuSDjgqvjg5Djg7xbU0NMMjNd44CQ44Ku44Oj44Op44Kv44K344O8IHNjbDIzIOOCseODvOOCuSDjgqvjg5Djg7wgZ2FsYXh5IHNjbDIzIOOCseODvOOCuS/jgqvjg5Djg7wvQ0FTRS/jgrEmbWludXM744K544CR44CQ44K544Oe44Ob44Kr44OQ44O8IOOCueODnuODm+OCseODvOOCueOAke+8muOCseODvOOCv+OCpOWxizI044CA5qW95aSp5biC5aC05bqX,44K544Oe44O844OI44OV44Kp44Oz44Ki44Kv44K744K144Oq44O85pC65biv44K544OI44Op44OD44OX44K544OI44Op44OD44OX44K544Oe44Ob44Kx44O844K544K544Oe44O844OI44OV44Kp44OzIOOCseODvOOCueOCueODnuODm+ODlOOCouOCueOCpOODpOODm+ODs+OCuOODo+ODg+OCryDjgqLjgq/jgrvjgrXjg6rjg7zjgrnjg57jg7zjg4jjg5Xjgqnjg7Pjg5TjgqLjgrnjg43jg4Pjgq/jgrnjg4jjg6njg4Pjg5fjgrnjg6/jg63jg5Xjgrnjgq3jg7wg44OU44Ki44K544K544Ov44Ot44OV44K544Kt44O8IOOCueODiOODqeODg+ODl+OCueODnuODm+OCq+ODkOODvOOCueODnuODvOODiOODleOCqeODsyDjgqvjg5Djg7xhdSBHQUxBWFkgUzUgU0NMMjMgIOOCseODvOOCuSDjgqvjg5Djg7wg44K544Kr44OrIOODieOCr+ODrSDjgqLjgqQgZm9yIGF1IEdBTEFYWSBTNSBTQ0wyMyAg44Kx44O844K5IOOCq+ODkOODvFtTQ0wyM13jgJDjgq7jg6Pjg6njgq/jgrfjg7wgc2NsMjMg44Kx44O844K5IOOCq+ODkOODvCBnYWxheHkgc2NsMjMg44Kx44O844K5L+OCq+ODkOODvC9DQVNFL+OCsSZtaW51czvjgrnjgJHjgJDjgrnjg57jg5vjgqvjg5Djg7wg44K544Oe44Ob44Kx44O844K544CR,MuWAi+S7peS4iuOBp+mAgeaWmeeEoeaWme+8geOAgmF1IEdBTEFYWSBTNSBTQ0wyMyAg44Kx44O844K5IOOCq+ODkOODvCDjgrnjgqvjg6sg44OJ44Kv44OtIOOCouOCpCBmb3IgYXUgR0FMQVhZIFM1IFNDTDIzICDjgrHjg7zjgrkg44Kr44OQ44O8W1NDTDIzXeOAkOOCruODo+ODqeOCr+OCt+ODvCBzY2wyMyDjgrHjg7zjgrkg44Kr44OQ44O8IGdhbGF4eSBzY2wyMyDjgrHjg7zjgrkv44Kr44OQ44O8L0NBU0Uv44KxJm1pbnVzO+OCueOAkeOAkOOCueODnuODm+OCq+ODkOODvCDjgrnjg57jg5vjgrHjg7zjgrnjgJE=[rn]
10-177661,aHR0cDovL3RzaG9wLnIxMHMuanAva2ludHN1L2NhYmluZXQvcGx1cy1zL20vc2MtMDRmL3BzLXNjMDRmLTAwMDlhLmpwZz9maXRpbj03MDA6NzAw,MTYwMC4wMDAw,,44K544Oe44O844OI44OV44Kp44Oz44O744K/44OW44Os44OD44OIID4g44K544Oe44O844OI44OV44Kp44Oz44Ki44Kv44K744K144Oq44O8ID4g44K544Oe44O844OI44OV44Kp44Oz44Kx44O844K5,YXUgR0FMQVhZIFM1IFNDTDIzICDjgrHjg7zjgrkg44Kr44OQ44O8IOOBjeOCieOCgeOBjzLljLnjga7onbbjgIUo44Kv44Oq44KiKSBmb3IgYXUgR0FMQVhZIFM1IFNDTDIzICDjgrHjg7zjgrkg44Kr44OQ44O8W1NDTDIzXeOAkOOCruODo+ODqeOCr+OCt+ODvCBzY2wyMyDjgrHjg7zjgrkg44Kr44OQ44O8IGdhbGF4eSBzY2wyMyDjgrHjg7zjgrkv44Kr44OQ44O8L0NBU0Uv44Kx77yN44K544CR44CQ44K544Oe44Ob44Kr44OQ44O8IOOCueODnuODm+OCseODvOOCueOAkQ==,MuWAi+S7peS4iuOBp+mAgeaWmeeEoeaWme+8gQ==,PGJyPjxiPuKHklBD5ZWG5ZOB44Oa44O844K444Gn6Kmz44GX44GP6KaL44KLPC9iPjxicj48YnI+576O44GX44GP44GN44KJ44KB44GPMuWMueidtuOAheOBrlNDTDIzIOOCr+ODquOCoiDjgrHjg7zjgrnjgILoo4/lgbTjgYzpgI/jgZHjgabjgYTjgovjgq/jg6rjgqLjgrHjg7zjgrnjgarjga7jgafjgIHjgrnjg57jg5vmnKzkvZPjga7jg4fjgrbjgqTjg7PjgoLmtLvjgYvjgZXjgozjgb7jgZnimao8YnI+IDLlgIvku6XkuIrjgZTos7zlhaXvvIgzMjQw5YaG5Lul5LiK77yJ44Gn44CB6YWN6YCB5pa55rOV44CM6YO15L6/5bGA44G+44Gf44Gv44ON44Kz44Od44K544CN44Gn6YCB5paZ54Sh5paZ44Gr44Gq44KK44G+44GZ44CC44GK5pSv5omV5pa55rOV44Gv44CB5Luj5byV44GN44Gn44KCT0vvvIHku6PlvJXjgY3jga7loLTlkIjjga/jgIzpg7Xkvr/lsYDjgI3jgafphY3pgIHoh7TjgZfjgb7jgZnjgII8YnI+PGZvbnQgY29sb3I9IiNmZjAwMDAiPuWPl+azqOeUn+eUo+OBruOBn+OCgeOAgeOBlOazqOaWh+W+jOOBruWkieabtOOAgei/lOWTgeOAgeOCreODo+ODs+OCu+ODq+OBr+OBiuWPl+S7mOOBp+OBjeOBvuOBm+OCk+OAgjwvZm9udD48YnI+PGJyPiDigLvntKDmnZDvvJrjgq/jg6rjgqLjgrHjg7zjgrnmnKzkvZPvvI/jg53jg6rjgqvjg7zjg5zjg43jg7zjg4jliqDlt6Uo44Kv44Oq44Ki44Kx44O844K5Ke+8mlVW56Gs5YyW5Z6L44Kk44Oz44Kv77yI5YG06Z2i44Gr44OX44Oq44Oz44OI44Gv5YWl44KK44G+44Gb44KT77yJPGJyPuKAu+WNk+S4iuODm+ODq+ODgOODvOOBruWFhembu+WZqOOBq+OBr+WvvuW/nOOBl+OBpuOBiuOCiuOBvuOBm+OCk+OAgijjgrHjg7zjgrnjgpLoo4XnnYDjgZfjgZ/jgb7jgb7jgrPjg43jgq/jgr/jg7zjgavnm7TmjqXlt67jgZfovrzjgpPjgafjga7lhYXpm7vjga/lj6/og73jgafjgZnimIYpPGJyPjxicj4g4piGIOOBneOBruS7luOAgVNDTDIz5LiA6Kan44Gv44GT44Gh44KJPGJyPjxicj48YnI+PHRhYmxlPgo8dHI+Cjx0ZCBhbGlnbj0iY2VudGVyIj48Zm9udCBzaXplPSIzIj7ilrzilrzilrzjgrHjg7zjgrnoo4XnnYDjgqTjg6Hjg7zjgrjkvovjga/ilrzilrzilrw8YnI+Jmd0OyZndDsmZ3Q7Jmd0O+KYhuOBk+OBoeOCieKYhiZsdDsmbHQ7Jmx0OyZsdDs8L2ZvbnQ+PGJyPjxicj4KPGltZyBzcmM9Imh0dHA6Ly9pbWFnZS5yYWt1dGVuLmNvLmpwL2tpbnRzdS9jYWJpbmV0L3BsdXMtcy9reW91dHN1L3BvaW50LWQwMi5qcGciIHdpZHRoPSIzMDAiIGJvcmRlcj0iMCI+PGJyIC8+Cjxicj48YnI+Cjxmb250IHNpemU9IjMiPuOBjeOCieOCgeOBjzLljLnjga7onbbjgIUo44Kv44Oq44KiKTwvZm9udD48YnIgLz48YnIgLz4KIDxpbWcgc3JjPSJodHRwOi8vaW1hZ2UucmFrdXRlbi5jby5qcC9raW50c3UvY2FiaW5ldC9wbHVzLXMvbS9zYy0wNGYvcHMtc2MwNGYtMDAwOWEuanBnIiB3aWR0aD0iMzAwIiBib3JkZXI9IjAiIGFsdD0iIiAvPjxicj48YnI+Cjxmb250Pue+juOBl+OBj+OBjeOCieOCgeOBjzLljLnonbbjgIXjga5TQ0wyMyDjgq/jg6rjgqIg44Kx44O844K544CC6KOP5YG044GM6YCP44GR44Gm44GE44KL44Kv44Oq44Ki44Kx44O844K544Gq44Gu44Gn44CB44K544Oe44Ob5pys5L2T44Gu44OH44K244Kk44Oz44KC5rS744GL44GV44KM44G+44GZ4pmqPC9mb250PjxiciAvPjxiciAvPgo8Zm9udCBzaXplPSIyIj7jgq/jg6rjgqLjga7jg4/jg7zjg4njgrHjg7zjgrnjgavjgIHpg6jliIbnmoTjgavjg4fjgrbjgqTjg7PjgpLjg5fjg6rjg7Pjg4jvvIHmqZ/nqK7mnKzkvZPjga7oibLjg7vjg4fjgrbjgqTjg7PjgI3jgajjgIzjg5fjg6rjg7Pjg4jjgrHjg7zjgrnjga7jg4fjgrbjgqTjg7PjgI3jga7ono3lkIjjgpLmpb3jgZfjgoDlvZPlupfoh6rmhaLjga7jgqrjg6rjgrjjg4rjg6vjg5fjg6rjg7Pjg4jjgrHjg7zjgrnjgafjgZnimao8YnIgLz5tYWRlIGluIGphcGFuPC9mb250PjxiciAvPjxiciAvPgo8aW1nIHNyYz0iaHR0cDovL2ltYWdlLnJha3V0ZW4uY28uanAva2ludHN1L2NhYmluZXQvcGx1cy1zL2t5b3V0c3UvZmlsbV9wcmU2LmpwZyIgd2lkdGg9IjMwMCIgYm9yZGVyPSIwIiBhbHQ9IiIgLz4KPC90ZD4KPC90cj4KPHRyPgo8dGQgYWxpZ249InJpZ2h0Ij48YnIgLz48Yj48Zm9udCBzaXplPSIzIj4mZ3Q7Jmd0O+S7luOAgVNDTDIz5LiA6Kan44Gv44GT44Gh44KJPC9mb250PjwvYj48YnIgLz4KPC90ZD4KPC90cj4KPC90YWJsZT4=,YXUgR0FMQVhZIFM1IFNDTDIzICDjgrHjg7zjgrkg44Kr44OQ44O8IOOBjeOCieOCgeOBjzLljLnjga7onbbjgIUo44Kv44Oq44KiKSBmb3IgYXUgR0FMQVhZIFM1IFNDTDIzICDjgrHjg7zjgrkg44Kr44OQ44O8W1NDTDIzXeOAkOOCruODo+ODqeOCr+OCt+ODvCBzY2wyMyDjgrHjg7zjgrkg44Kr44OQ44O8IGdhbGF4eSBzY2wyMyDjgrHjg7zjgrkv44Kr44OQ44O8L0NBU0Uv44KxJm1pbnVzO+OCueOAkeOAkOOCueODnuODm+OCq+ODkOODvCDjgrnjg57jg5vjgrHjg7zjgrnjgJHvvJrjgrHjg7zjgr/jgqTlsYsyNOOAgOalveWkqeW4guWgtOW6lw==,44K544Oe44O844OI44OV44Kp44Oz44Ki44Kv44K744K144Oq44O85pC65biv44K544OI44Op44OD44OX44K544OI44Op44OD44OX44K544Oe44Ob44Kx44O844K544K544Oe44O844OI44OV44Kp44OzIOOCseODvOOCueOCueODnuODm+ODlOOCouOCueOCpOODpOODm+ODs+OCuOODo+ODg+OCryDjgqLjgq/jgrvjgrXjg6rjg7zjgrnjg57jg7zjg4jjg5Xjgqnjg7Pjg5TjgqLjgrnjg43jg4Pjgq/jgrnjg4jjg6njg4Pjg5fjgrnjg6/jg63jg5Xjgrnjgq3jg7wg44OU44Ki44K544K544Ov44Ot44OV44K544Kt44O8IOOCueODiOODqeODg+ODl+OCueODnuODm+OCq+ODkOODvOOCueODnuODvOODiOODleOCqeODsyDjgqvjg5Djg7xhdSBHQUxBWFkgUzUgU0NMMjMgIOOCseODvOOCuSDjgqvjg5Djg7wg44GN44KJ44KB44GPMuWMueOBruidtuOAhSjjgq/jg6rjgqIpIGZvciBhdSBHQUxBWFkgUzUgU0NMMjMgIOOCseODvOOCuSDjgqvjg5Djg7xbU0NMMjNd44CQ44Ku44Oj44Op44Kv44K344O8IHNjbDIzIOOCseODvOOCuSDjgqvjg5Djg7wgZ2FsYXh5IHNjbDIzIOOCseODvOOCuS/jgqvjg5Djg7wvQ0FTRS/jgrEmbWludXM744K544CR44CQ44K544Oe44Ob44Kr44OQ44O8IOOCueODnuODm+OCseODvOOCueOAkQ==,MuWAi+S7peS4iuOBp+mAgeaWmeeEoeaWme+8geOAgmF1IEdBTEFYWSBTNSBTQ0wyMyAg44Kx44O844K5IOOCq+ODkOODvCDjgY3jgonjgoHjgY8y5Yy544Gu6J2244CFKOOCr+ODquOCoikgZm9yIGF1IEdBTEFYWSBTNSBTQ0wyMyAg44Kx44O844K5IOOCq+ODkOODvFtTQ0wyM13jgJDjgq7jg6Pjg6njgq/jgrfjg7wgc2NsMjMg44Kx44O844K5IOOCq+ODkOODvCBnYWxheHkgc2NsMjMg44Kx44O844K5L+OCq+ODkOODvC9DQVNFL+OCsSZtaW51czvjgrnjgJHjgJDjgrnjg57jg5vjgqvjg5Djg7wg44K544Oe44Ob44Kx44O844K544CR[rn]
10-177662,aHR0cDovL3RzaG9wLnIxMHMuanAva2ludHN1L2NhYmluZXQvcGx1cy1zL24vc2MtMDRmL3BzLXNjMDRmLTEwNzBhLmpwZz9maXRpbj03MDA6NzAw,MTYwMC4wMDAw,,44K544Oe44O844OI44OV44Kp44Oz44O744K/44OW44Os44OD44OIID4g44K544Oe44O844OI44OV44Kp44Oz44Ki44Kv44K744K144Oq44O8ID4g44K544Oe44O844OI44OV44Kp44Oz44Kx44O844K5,YXUgR0FMQVhZIFM1IFNDTDIzICDjgrHjg7zjgrkg44Kr44OQ44O8IOWSjOafhCBUWVBFMyAgZm9yIGF1IEdBTEFYWSBTNSBTQ0wyMyAg44Kx44O844K5IOOCq+ODkOODvFtTQ0wyM13jgJDjgq7jg6Pjg6njgq/jgrfjg7wgc2NsMjMg44Kx44O844K5IOOCq+ODkOODvCBnYWxheHkgc2NsMjMg44Kx44O844K5L+OCq+ODkOODvC9DQVNFL+OCse+8jeOCueOAkeOAkOOCueODnuODm+OCq+ODkOODvCDjgrnjg57jg5vjgrHjg7zjgrnjgJE=,MuWAi+S7peS4iuOBp+mAgeaWmeeEoeaWme+8gQ==,PGJyPjxiPuKHklBD5ZWG5ZOB44Oa44O844K444Gn6Kmz44GX44GP6KaL44KLPC9iPjxicj48YnI+576O44GX44GE5ZKM5p+E44GM44OX44Oq44Oz44OI44OH44K244Kk44Oz44GV44KM44GfU0NMMjPjgq/jg6rjgqIg44Kx44O844K544CCPGJyPiAy5YCL5Lul5LiK44GU6LO85YWl77yIMzI0MOWGhuS7peS4iu+8ieOBp+OAgemFjemAgeaWueazleOAjOmDteS+v+WxgOOBvuOBn+OBr+ODjeOCs+ODneOCueOAjeOBp+mAgeaWmeeEoeaWmeOBq+OBquOCiuOBvuOBmeOAguOBiuaUr+aJleaWueazleOBr+OAgeS7o+W8leOBjeOBp+OCgk9L77yB5Luj5byV44GN44Gu5aC05ZCI44Gv44CM6YO15L6/5bGA44CN44Gn6YWN6YCB6Ie044GX44G+44GZ44CCPGJyPjxmb250IGNvbG9yPSIjZmYwMDAwIj7lj5fms6jnlJ/nlKPjga7jgZ/jgoHjgIHjgZTms6jmloflvozjga7lpInmm7TjgIHov5Tlk4HjgIHjgq3jg6Pjg7Pjgrvjg6vjga/jgYrlj5fku5jjgafjgY3jgb7jgZvjgpPjgII8L2ZvbnQ+PGJyPjxicj4g4oC757Sg5p2Q77ya44Kv44Oq44Ki44Kx44O844K55pys5L2T77yP44Od44Oq44Kr44O844Oc44ON44O844OI5Yqg5belKOOCr+ODquOCouOCseODvOOCuSnvvJpVVuehrOWMluWei+OCpOODs+OCr++8iOWBtOmdouOBq+ODl+ODquODs+ODiOOBr+WFpeOCiuOBvuOBm+OCk++8iTxicj7igLvljZPkuIrjg5vjg6vjg4Djg7zjga7lhYXpm7vlmajjgavjga/lr77lv5zjgZfjgabjgYrjgorjgb7jgZvjgpPjgIIo44Kx44O844K544KS6KOF552A44GX44Gf44G+44G+44Kz44ON44Kv44K/44O844Gr55u05o6l5beu44GX6L6844KT44Gn44Gu5YWF6Zu744Gv5Y+v6IO944Gn44GZ4piGKTxicj48YnI+IOKYhiDjgZ3jga7ku5bjgIFTQ0wyM+S4gOimp+OBr+OBk+OBoeOCiTxicj48YnI+PGJyPjx0YWJsZT4KPHRyPgo8dGQgYWxpZ249ImNlbnRlciI+PGZvbnQgc2l6ZT0iMyI+4pa84pa84pa844Kx44O844K56KOF552A44Kk44Oh44O844K45L6L44Gv4pa84pa84pa8PGJyPiZndDsmZ3Q7Jmd0OyZndDvimIbjgZPjgaHjgonimIYmbHQ7Jmx0OyZsdDsmbHQ7PC9mb250Pjxicj48YnI+PGltZyBzcmM9Imh0dHA6Ly9pbWFnZS5yYWt1dGVuLmNvLmpwL2tpbnRzdS9jYWJpbmV0L3BsdXMtcy9reW91dHN1L2Z1bGx0ZXgwMi5qcGciIHdpZHRoPSIzMDAiIGJvcmRlcj0iMCIgYWx0PSIiIC8+PGJyIC8+Cjxicj4KPGJyPgo8Zm9udCBzaXplPSIzIj7lkozmn4QgVFlQRTMgPGJyPjwvZm9udD48YnIgLz4KIDxpbWcgc3JjPSJodHRwOi8vaW1hZ2UucmFrdXRlbi5jby5qcC9raW50c3UvY2FiaW5ldC9wbHVzLXMvbi9zYy0wNGYvcHMtc2MwNGYtMTA3MGEuanBnIiAgd2lkdGg9IjMwMCIgYm9yZGVyPSIwIiBhbHQ9IiIgLz48YnI+PGJyPgo8Zm9udD7nvo7jgZfjgYTlkozmn4TjgYzjg5fjg6rjg7Pjg4jjg4fjgrbjgqTjg7PjgZXjgozjgZ9TQ0wyM+OCr+ODquOCoiDjgrHjg7zjgrnjgII8L2ZvbnQ+PGJyIC8+PGJyIC8+Cjxmb250IHNpemU9IjIiPuOBiuWlveOBv+OBruODh+OCtuOCpOODs+OCkuODleODq+OBq+alveOBl+OCgeOCi+OCseODvOOCueWFqOmdouODl+ODquODs+ODiOS7leanmO+8geWBtOmdouOCr+ODquOCouOBquOBruOBp+OAgeS4i+WcsOOBruacrOS9k+OCq+ODqeODvOOCkua0u+OBi+OBl+OBvuOBmeKZquaXpeacrOijveOCieOBl+OBhOe+juOBl+OBhOmuruOChOOBi+OBquODh+OCtuOCpOODs+OBjOalveOBl+OCgeOCi+W9k+W6l+iHquaFouOBruOCquODquOCuOODiuODq+ODl+ODquODs+ODiOOCseODvOOCueOBp+OBmeKZqjxiciAvPm1hZGUgaW4gamFwYW48L2ZvbnQ+PGJyIC8+PGJyIC8+CjxpbWcgc3JjPSJodHRwOi8vaW1hZ2UucmFrdXRlbi5jby5qcC9raW50c3UvY2FiaW5ldC9wbHVzLXMva3lvdXRzdS9maWxtX3ByZTYuanBnIiB3aWR0aD0iMzAwIiBib3JkZXI9IjAiIGFsdD0iIiAvPjwvdGQ+CjwvdHI+Cjx0cj4KPHRkIGFsaWduPSJyaWdodCI+PGJyIC8+PGI+PGZvbnQgc2l6ZT0iMyI+Jmd0OyZndDvku5bjgIFTQ0wyM+S4gOimp+OBr+OBk+OBoeOCiTwvZm9udD48L2I+PGJyIC8+PGJyIC8+CjwvdGQ+CjwvdHI+CjwvdGFibGU+,YXUgR0FMQVhZIFM1IFNDTDIzICDjgrHjg7zjgrkg44Kr44OQ44O8IOWSjOafhCBUWVBFMyAgZm9yIGF1IEdBTEFYWSBTNSBTQ0wyMyAg44Kx44O844K5IOOCq+ODkOODvFtTQ0wyM13jgJDjgq7jg6Pjg6njgq/jgrfjg7wgc2NsMjMg44Kx44O844K5IOOCq+ODkOODvCBnYWxheHkgc2NsMjMg44Kx44O844K5L+OCq+ODkOODvC9DQVNFL+OCsSZtaW51czvjgrnjgJHjgJDjgrnjg57jg5vjgqvjg5Djg7wg44K544Oe44Ob44Kx44O844K544CR77ya44Kx44O844K/44Kk5bGLMjTjgIDmpb3lpKnluILloLTlupc=,44K544Oe44O844OI44OV44Kp44Oz44Ki44Kv44K744K144Oq44O85pC65biv44K544OI44Op44OD44OX44K544OI44Op44OD44OX44K544Oe44Ob44Kx44O844K544K544Oe44O844OI44OV44Kp44OzIOOCseODvOOCueOCueODnuODm+ODlOOCouOCueOCpOODpOODm+ODs+OCuOODo+ODg+OCryDjgqLjgq/jgrvjgrXjg6rjg7zjgrnjg57jg7zjg4jjg5Xjgqnjg7Pjg5TjgqLjgrnjg43jg4Pjgq/jgrnjg4jjg6njg4Pjg5fjgrnjg6/jg63jg5Xjgrnjgq3jg7wg44OU44Ki44K544K544Ov44Ot44OV44K544Kt44O8IOOCueODiOODqeODg+ODl+OCueODnuODm+OCq+ODkOODvOOCueODnuODvOODiOODleOCqeODsyDjgqvjg5Djg7xhdSBHQUxBWFkgUzUgU0NMMjMgIOOCseODvOOCuSDjgqvjg5Djg7wg5ZKM5p+EIFRZUEUzICBmb3IgYXUgR0FMQVhZIFM1IFNDTDIzICDjgrHjg7zjgrkg44Kr44OQ44O8W1NDTDIzXeOAkOOCruODo+ODqeOCr+OCt+ODvCBzY2wyMyDjgrHjg7zjgrkg44Kr44OQ44O8IGdhbGF4eSBzY2wyMyDjgrHjg7zjgrkv44Kr44OQ44O8L0NBU0Uv44KxJm1pbnVzO+OCueOAkeOAkOOCueODnuODm+OCq+ODkOODvCDjgrnjg57jg5vjgrHjg7zjgrnjgJE=,MuWAi+S7peS4iuOBp+mAgeaWmeeEoeaWme+8geOAgmF1IEdBTEFYWSBTNSBTQ0wyMyAg44Kx44O844K5IOOCq+ODkOODvCDlkozmn4QgVFlQRTMgIGZvciBhdSBHQUxBWFkgUzUgU0NMMjMgIOOCseODvOOCuSDjgqvjg5Djg7xbU0NMMjNd44CQ44Ku44Oj44Op44Kv44K344O8IHNjbDIzIOOCseODvOOCuSDjgqvjg5Djg7wgZ2FsYXh5IHNjbDIzIOOCseODvOOCuS/jgqvjg5Djg7wvQ0FTRS/jgrEmbWludXM744K544CR44CQ44K544Oe44Ob44Kr44OQ44O8IOOCueODnuODm+OCseODvOOCueOAkQ==[rn]
10-177663,aHR0cDovL3RzaG9wLnIxMHMuanAva2ludHN1L2NhYmluZXQvcGx1cy1zL2RpYXJ5L3BsdXMtZGlhcnktbXVkMDAzNGEyLmpwZz9maXRpbj03MDA6NzAw,MTgzNi44MDAw,,44K544Oe44O844OI44OV44Kp44Oz44O744K/44OW44Os44OD44OIID4g44K544Oe44O844OI44OV44Kp44Oz44Ki44Kv44K744K144Oq44O8ID4g44K544Oe44O844OI44OV44Kp44Oz44Kx44O844K5,R0FMQVhZIFM1IFNDLTA0RiBTQ0wyMyDmiYvluLPlnovjgrHjg7zjgrkgc2MwNGYg44Ku44Oj44Op44Kv44K344O8IOOCouOCr+ODhuOCo+ODliDjgrHjg7zjgrkg5omL5biz5Z6LIOOCueOCpOOCqyDopb/nk5wg5aSPIOa1tyDmnpzniakg44Kr44OQ44O8IHNjLTA0ZuOCseODvOOCuSBzYy0wNGbjgqvjg5Djg7wgc2NsMjPjgrHjg7zjgrkgc2NsMjPjgqvjg5Djg7wgZ2FsYXh5IOOCseODvOOCuSDjgqvjg5Djg7wg44GK44GX44KD44KMIOOBi+OCj+OBhOOBhCDmiYvluLPlnovjgrnjg57jg5vjgrHjg7zjgrkg44K544Oe44Ob44Kx44O844K5IOOCueODnuODm+OCq+ODkOODvA==,R0FMQVhZIFM1IOOCseODvOOCuSDmiYvluLPlnosg44K544Oe44Ob44Kx44O844K5IOaJi+W4s+OCseODvOOCueKYhg==,PGJyPjxiPuKHklBD5ZWG5ZOB44Oa44O844K444Gn6Kmz44GX44GP6KaL44KLPC9iPjxicj48YnI+Cjxmb250IGNvbG9yPSIjZmY2NmNjIj4g5aSP5LyR44G/44Gu5rW344GM5Ly85ZCI44GG5aSP44Gu6aKo54mp6Kmp44K544Kk44KrKOilv+eTnCnjga4gPGJyPuaJi+W4s+WeiyDjg4DjgqTjgqLjg6rjg7zjgrHjg7zjgrnjgILjg5Djg6njgqjjg4bjgqPjgoLosYrlr4zimIY8L2ZvbnQ+PGJyPgo8YnI+Cjx0YWJsZSBib3JkZXI9IjAiIGFsaWduPSJjZW50ZXIiPgo8dHI+Cjx0ZD48aW1nIHNyYz0iaHR0cDovL2ltYWdlLnJha3V0ZW4uY28uanAva2ludHN1L2NhYmluZXQvcGx1cy1zL2RpYXJ5L3BsdXMtZGlhcnktbXVkMDAzNGEyLmpwZyIgd2lkdGg9IjEwMCUiIGJvcmRlcj0iMCI+PC90ZD4KPC90cj4KPHRyPgo8dGQ+PGltZyBzcmM9Imh0dHA6Ly93d3cucmFrdXRlbi5uZS5qcC9nb2xkL2tpbnRzdS9zX2l0ZW0vcGx1cy1kaWFyeS9wbHVzLXNtYS1iYXNlMi5qcGciIHdpZHRoPSIxMDAlIiBib3JkZXI9IjAiPjxicj4KICAgIDxicj4KICAgIDxicj4KICAgIDwvdGQ+PC90cj48dHI+PHRkPjxpbWcgc3JjPSJodHRwOi8vd3d3LnJha3V0ZW4ubmUuanAvZ29sZC9raW50c3Uvc19pdGVtL3BsdXMtZGlhcnkvcGx1cy1zbWEtbXVkMDAzNGEuanBnIiB3aWR0aD0iMTAwJSIgYm9yZGVyPSIwIj48L3RkPgo8L3RyPjwvdGFibGU+PGJyPjxocj4KIOWkj+S8keOBv+OBrua1t+OBjOS8vOWQiOOBhuWkj+OBrumiqOeJqeipqeOCueOCpOOCqyjopb/nk5wp44GuIOaJi+W4s+WeiyDjg4DjgqTjgqLjg6rjg7zjgrHjg7zjgrnjgILjg5Djg6njgqjjg4bjgqPjgoLosYrlr4zimIY8YnI+MuWAi+S7peS4iuOBlOizvOWFpe+8iDMyNDDlhobku6XkuIrvvInjgafjgIHphY3pgIHmlrnms5XjgIzpg7Xkvr/lsYDjgb7jgZ/jga/jg43jgrPjg53jgrnjgI3jgafpgIHmlpnnhKHmlpnjgavjgarjgorjgb7jgZnjgILjgYrmlK/miZXmlrnms5Xjga/jgIHku6PlvJXjgY3jgafjgoJPS++8geS7o+W8leOBjeOBruWgtOWQiOOBr+OAjOmDteS+v+WxgOOAjeOBp+mFjemAgeiHtOOBl+OBvuOBmeOAgjxicj48Zm9udCBjb2xvcj0iI2ZmMDAwMCI+5Y+X5rOo55Sf55Sj44Gu44Gf44KB44CB44GU5rOo5paH5b6M44Gu5aSJ5pu044CB6L+U5ZOB44CB44Kt44Oj44Oz44K744Or44Gv44GK5Y+X5LuY44Gn44GN44G+44Gb44KT44CCPC9mb250Pjxicj48YnI+Cue0oOadkO+8muaJi+W4s+OCseODvOOCueacrOS9k++8j+WQiOearuOAgOODj+ODvOODieOCseODvOOCue+8j+ODneODquOCq+ODvOODnOODjeODvOODiCjjg5bjg6njg4Pjgq8pPGJyPgrliqDlt6XvvJpVVuehrOWMluWei+OCpOODs+OCrzxicj7igLvljZPkuIrjg5vjg6vjg4Djg7zjga7lhYXpm7vlmajjgavjga/lr77lv5zjgZfjgabjgYrjgorjgb7jgZvjgpPjgIIo44Kx44O844K544KS6KOF552A44GX44Gf44G+44G+44Kz44ON44Kv44K/44O844Gr55u05o6l5beu44GX6L6844KT44Gn44Gu5YWF6Zu744Gv5Y+v6IO944Gn44GZ4piGKOS4gOmDqOmdnuWvvuW/nOapn+eoruacieOCiikpPGJyPgrigLvlhpnnnJ/jga/jgqTjg6Hjg7zjgrjnlLvlg4/jgavjgarjgorjgb7jgZnjgILntbXmn4TjgYzliIfjgozjgovjgZPjgajjgYzjgZTjgZbjgYTjgb7jgZnjgIIK4oC75a6f54mp44Gu6Imy44Gr6L+R44Gl44GR44KL44KI44GG44Gr5Yqq44KB44Gm44GE44G+44GZ44GM44CB44GU5Yip55So44Gu44Oi44OL44K/44O844CBUEPjgoTjgrnjg57jg7zjg4jjg5Xjgqnjg7Pjga7nkrDlooPjgavjgojjgormjrLovInlhpnnnJ/jga7oibLjgYzlrp/nianjga7oibLjgajpgZXjgaPjgabopovjgYjjgovloLTlkIjjgYzjgZTjgZbjgYTjgb7jgZnjgIIKPGJyPjxicj4KCuKYhiDjgZ3jga7ku5bjgIHmiYvluLPlnovjgrHjg7zjgrnkuIDopqfjga/jgZPjgaHjgok8YnI+PGJyPjxicj4KPGZvbnQgY29sb3I9IiMzMzAwOTkiPuOCquOCt+ODo+ODrOOBquaJi+W4s+Wei+OCseODvOOCuTxicj4KIOWkj+S8keOBv+OBrua1t+OBjOS8vOWQiOOBhuWkj+OBrumiqOeJqeipqeOCueOCpOOCqyjopb/nk5wp44GuIOmBuOOBueOCi+WFqDbjgr/jgqTjg5c8L2ZvbnQ+PGJyPjxicj48Zm9udCBjb2xvcj0iI0ZGMDAwMCI+PGI+4oC744OH44K244Kk44Oz44O744Kr44Op44O844Gu6KaL5pys44Gv44Oa44O844K444Gu5LiA55Wq5LiK44Gr44GC44KL5ZWG5ZOB55S75YOP44Gu77yS5p6a55uu5Lul6ZmN44KS44GU6Kan44GP44Gg44GV44GE44CCPC9iPjwvZm9udD4KPGJyPjxicj48Yj48Zm9udCBjb2xvcj0iI2ZmMDAwMCI+4oC76YOo5p2Q44Gu6Kqk5beu44Gr44KI44KL5ZOB5YiH44KM44GM55m655Sf44GX44Gf5aC05ZCI44Gv44CB5YWl6I235qyh56ys44Gu6KO95L2c44O755m66YCB44Go44Gq44KL5aC05ZCI44GM44GU44GW44GE44G+44GZ44CCPGJyPgrjgZ3jga7pmpvjga/jgIHjgZTms6jmloflvozliKXpgJTjg6Hjg7zjg6vjgavjgabjgZTpgKPntaHjgZXjgZvjgabpoILjgY3jgb7jgZnjgII8YnI+44G+44Gf44CB5omL5biz44Gr44K544K/44Oz44OJ5qmf6IO9KOaKmOOCiuebru+8ieOBjOOBpOOBhOOBpuOBhOOCi+WgtOWQiOOBjOOBlOOBluOBhOOBvuOBmeOAgjxicj4K5LqI44KB44CB44GU5LqG5om/6aGY44GE44GX44G+44GZ44CCPC9mb250PjwvYj48YnI+PGJyPg==,R0FMQVhZIFM1IFNDLTA0RiBTQ0wyMyDmiYvluLPlnovjgrHjg7zjgrkgc2MwNGYg44Ku44Oj44Op44Kv44K344O8IOOCouOCr+ODhuOCo+ODliDjgrHjg7zjgrkg5omL5biz5Z6LIOOCueOCpOOCqyDopb/nk5wg5aSPIOa1tyDmnpzniakg44Kr44OQ44O8IHNjLTA0ZuOCseODvOOCuSBzYy0wNGbjgqvjg5Djg7wgc2NsMjPjgrHjg7zjgrkgc2NsMjPjgqvjg5Djg7wgZ2FsYXh5IOOCseODvOOCuSDjgqvjg5Djg7wg44GK44GX44KD44KMIOOBi+OCj+OBhOOBhCDmiYvluLPlnovjgrnjg57jg5vjgrHjg7zjgrkg44K544Oe44Ob44Kx44O844K5IOOCueODnuODm+OCq+ODkOODvO+8muOCseODvOOCv+OCpOWxizI044CA5qW95aSp5biC5aC05bqX,44K544Oe44O844OI44OV44Kp44Oz44Ki44Kv44K744K144Oq44O85pC65biv44K544OI44Op44OD44OX44K544OI44Op44OD44OX44K544Oe44Ob44Kx44O844K544K544Oe44O844OI44OV44Kp44OzIOOCseODvOOCueOCueODnuODm+ODlOOCouOCueOCpOODpOODm+ODs+OCuOODo+ODg+OCryDjgqLjgq/jgrvjgrXjg6rjg7zjgrnjg57jg7zjg4jjg5Xjgqnjg7Pjg5TjgqLjgrnjg43jg4Pjgq/jgrnjg4jjg6njg4Pjg5fjgrnjg6/jg63jg5Xjgrnjgq3jg7wg44OU44Ki44K544K544Ov44Ot44OV44K544Kt44O8IOOCueODiOODqeODg+ODl+OCueODnuODm+OCq+ODkOODvOOCueODnuODvOODiOODleOCqeODsyDjgqvjg5Djg7xHQUxBWFkgUzUgU0MtMDRGIFNDTDIzIOaJi+W4s+Wei+OCseODvOOCuSBzYzA0ZiDjgq7jg6Pjg6njgq/jgrfjg7wg44Ki44Kv44OG44Kj44OWIOOCseODvOOCuSDmiYvluLPlnosg44K544Kk44KrIOilv+eTnCDlpI8g5rW3IOaenOeJqSDjgqvjg5Djg7wgc2MtMDRm44Kx44O844K5IHNjLTA0ZuOCq+ODkOODvCBzY2wyM+OCseODvOOCuSBzY2wyM+OCq+ODkOODvCBnYWxheHkg44Kx44O844K5IOOCq+ODkOODvCDjgYrjgZfjgoPjgowg44GL44KP44GE44GEIOaJi+W4s+Wei+OCueODnuODm+OCseODvOOCuSDjgrnjg57jg5vjgrHjg7zjgrkg44K544Oe44Ob44Kr44OQ44O8,R0FMQVhZIFM1IOOCseODvOOCuSDmiYvluLPlnosg44K544Oe44Ob44Kx44O844K5IOaJi+W4s+OCseODvOOCueKYhuOAgkdBTEFYWSBTNSBTQy0wNEYgU0NMMjMg5omL5biz5Z6L44Kx44O844K5IHNjMDRmIOOCruODo+ODqeOCr+OCt+ODvCDjgqLjgq/jg4bjgqPjg5Yg44Kx44O844K5IOaJi+W4s+WeiyDjgrnjgqTjgqsg6KW/55OcIOWkjyDmtbcg5p6c54mpIOOCq+ODkOODvCBzYy0wNGbjgrHjg7zjgrkgc2MtMDRm44Kr44OQ44O8IHNjbDIz44Kx44O844K5IHNjbDIz44Kr44OQ44O8IGdhbGF4eSDjgrHjg7zjgrkg44Kr44OQ44O8IOOBiuOBl+OCg+OCjCDjgYvjgo/jgYTjgYQg5omL5biz5Z6L44K544Oe44Ob44Kx44O844K5IOOCueODnuODm+OCseODvOOCuSDjgrnjg57jg5vjgqvjg5Djg7w=[rn]
10-177664,aHR0cDovL3RzaG9wLnIxMHMuanAva2ludHN1L2NhYmluZXQvcGx1cy1zL24vc2MtMDRmL3BzLXNjMDRmLTEwNDBhLmpwZz9maXRpbj03MDA6NzAw,MTYwMC4wMDAw,,44K544Oe44O844OI44OV44Kp44Oz44O744K/44OW44Os44OD44OIID4g44K544Oe44O844OI44OV44Kp44Oz44Ki44Kv44K744K144Oq44O8ID4g44K544Oe44O844OI44OV44Kp44Oz44Kx44O844K5,YXUgR0FMQVhZIFM1IFNDTDIzICDjgrHjg7zjgrkg44Kr44OQ44O8IOeJoeS4ueOBqOOBm+OBm+OCieOBjiBmb3IgYXUgR0FMQVhZIFM1IFNDTDIzICDjgrHjg7zjgrkg44Kr44OQ44O8W1NDTDIzXeOAkOOCruODo+ODqeOCr+OCt+ODvCBzY2wyMyDjgrHjg7zjgrkg44Kr44OQ44O8IGdhbGF4eSBzY2wyMyDjgrHjg7zjgrkv44Kr44OQ44O8L0NBU0Uv44Kx77yN44K544CR44CQ44K544Oe44Ob44Kr44OQ44O8IOOCueODnuODm+OCseODvOOCueOAkQ==,MuWAi+S7peS4iuOBp+mAgeaWmeeEoeaWme+8gQ==,PGJyPjxiPuKHklBD5ZWG5ZOB44Oa44O844K444Gn6Kmz44GX44GP6KaL44KLPC9iPjxicj48YnI+576O44GX44GE54mh5Li544Go5bed44KS44Kk44Oh44O844K444GX44GfU0NMMjPjgq/jg6rjgqIg44Kx44O844K544CCPGJyPiAy5YCL5Lul5LiK44GU6LO85YWl77yIMzI0MOWGhuS7peS4iu+8ieOBp+OAgemFjemAgeaWueazleOAjOmDteS+v+WxgOOBvuOBn+OBr+ODjeOCs+ODneOCueOAjeOBp+mAgeaWmeeEoeaWmeOBq+OBquOCiuOBvuOBmeOAguOBiuaUr+aJleaWueazleOBr+OAgeS7o+W8leOBjeOBp+OCgk9L77yB5Luj5byV44GN44Gu5aC05ZCI44Gv44CM6YO15L6/5bGA44CN44Gn6YWN6YCB6Ie044GX44G+44GZ44CCPGJyPjxmb250IGNvbG9yPSIjZmYwMDAwIj7lj5fms6jnlJ/nlKPjga7jgZ/jgoHjgIHjgZTms6jmloflvozjga7lpInmm7TjgIHov5Tlk4HjgIHjgq3jg6Pjg7Pjgrvjg6vjga/jgYrlj5fku5jjgafjgY3jgb7jgZvjgpPjgII8L2ZvbnQ+PGJyPjxicj4g4oC757Sg5p2Q77ya44Kv44Oq44Ki44Kx44O844K55pys5L2T77yP44Od44Oq44Kr44O844Oc44ON44O844OI5Yqg5belKOOCr+ODquOCouOCseODvOOCuSnvvJpVVuehrOWMluWei+OCpOODs+OCr++8iOWBtOmdouOBq+ODl+ODquODs+ODiOOBr+WFpeOCiuOBvuOBm+OCk++8iTxicj7igLvljZPkuIrjg5vjg6vjg4Djg7zjga7lhYXpm7vlmajjgavjga/lr77lv5zjgZfjgabjgYrjgorjgb7jgZvjgpPjgIIo44Kx44O844K544KS6KOF552A44GX44Gf44G+44G+44Kz44ON44Kv44K/44O844Gr55u05o6l5beu44GX6L6844KT44Gn44Gu5YWF6Zu744Gv5Y+v6IO944Gn44GZ4piGKTxicj48YnI+IOKYhiDjgZ3jga7ku5bjgIFTQ0wyM+S4gOimp+OBr+OBk+OBoeOCiTxicj48YnI+PGJyPjx0YWJsZT4KPHRyPgo8dGQgYWxpZ249ImNlbnRlciI+PGZvbnQgc2l6ZT0iMyI+4pa84pa84pa844Kx44O844K56KOF552A44Kk44Oh44O844K45L6L44Gv4pa84pa84pa8PGJyPiZndDsmZ3Q7Jmd0OyZndDvimIbjgZPjgaHjgonimIYmbHQ7Jmx0OyZsdDsmbHQ7PC9mb250Pjxicj48YnI+CjxpbWcgc3JjPSJodHRwOi8vaW1hZ2UucmFrdXRlbi5jby5qcC9raW50c3UvY2FiaW5ldC9wbHVzLXMva3lvdXRzdS9wb2ludC1kMDIuanBnIiB3aWR0aD0iMzAwIiBib3JkZXI9IjAiPjxiciAvPgo8YnI+PGJyPgo8Zm9udCBzaXplPSIzIj7niaHkuLnjgajjgZvjgZvjgonjgY48L2ZvbnQ+PGJyIC8+PGJyIC8+CiA8aW1nIHNyYz0iaHR0cDovL2ltYWdlLnJha3V0ZW4uY28uanAva2ludHN1L2NhYmluZXQvcGx1cy1zL24vc2MtMDRmL3BzLXNjMDRmLTEwNDBhLmpwZyIgd2lkdGg9IjMwMCIgYm9yZGVyPSIwIiBhbHQ9IiIgLz48YnI+PGJyPgo8Zm9udD7nvo7jgZfjgYTniaHkuLnjgajlt53jgpLjgqTjg6Hjg7zjgrjjgZfjgZ9TQ0wyM+OCr+ODquOCoiDjgrHjg7zjgrnjgII8L2ZvbnQ+PGJyIC8+PGJyIC8+Cjxmb250IHNpemU9IjIiPuOCr+ODquOCouOBruODj+ODvOODieOCseODvOOCueOBq+OAgemDqOWIhueahOOBq+ODh+OCtuOCpOODs+OCkuODl+ODquODs+ODiO+8geapn+eoruacrOS9k+OBruiJsuODu+ODh+OCtuOCpOODs+OAjeOBqOOAjOODl+ODquODs+ODiOOCseODvOOCueOBruODh+OCtuOCpOODs+OAjeOBruiejeWQiOOCkualveOBl+OCgOW9k+W6l+iHquaFouOBruOCquODquOCuOODiuODq+ODl+ODquODs+ODiOOCseODvOOCueOBp+OBmeKZqjxiciAvPm1hZGUgaW4gamFwYW48L2ZvbnQ+PGJyIC8+PGJyIC8+CjxpbWcgc3JjPSJodHRwOi8vaW1hZ2UucmFrdXRlbi5jby5qcC9raW50c3UvY2FiaW5ldC9wbHVzLXMva3lvdXRzdS9maWxtX3ByZTYuanBnIiB3aWR0aD0iMzAwIiBib3JkZXI9IjAiIGFsdD0iIiAvPgo8L3RkPgo8L3RyPgo8dHI+Cjx0ZCBhbGlnbj0icmlnaHQiPjxiciAvPjxiPjxmb250IHNpemU9IjMiPiZndDsmZ3Q75LuW44CBU0NMMjPkuIDopqfjga/jgZPjgaHjgok8L2ZvbnQ+PC9iPjxiciAvPgo8L3RkPgo8L3RyPgo8L3RhYmxlPg==,YXUgR0FMQVhZIFM1IFNDTDIzICDjgrHjg7zjgrkg44Kr44OQ44O8IOeJoeS4ueOBqOOBm+OBm+OCieOBjiBmb3IgYXUgR0FMQVhZIFM1IFNDTDIzICDjgrHjg7zjgrkg44Kr44OQ44O8W1NDTDIzXeOAkOOCruODo+ODqeOCr+OCt+ODvCBzY2wyMyDjgrHjg7zjgrkg44Kr44OQ44O8IGdhbGF4eSBzY2wyMyDjgrHjg7zjgrkv44Kr44OQ44O8L0NBU0Uv44KxJm1pbnVzO+OCueOAkeOAkOOCueODnuODm+OCq+ODkOODvCDjgrnjg57jg5vjgrHjg7zjgrnjgJHvvJrjgrHjg7zjgr/jgqTlsYsyNOOAgOalveWkqeW4guWgtOW6lw==,44K544Oe44O844OI44OV44Kp44Oz44Ki44Kv44K744K144Oq44O85pC65biv44K544OI44Op44OD44OX44K544OI44Op44OD44OX44K544Oe44Ob44Kx44O844K544K544Oe44O844OI44OV44Kp44OzIOOCseODvOOCueOCueODnuODm+ODlOOCouOCueOCpOODpOODm+ODs+OCuOODo+ODg+OCryDjgqLjgq/jgrvjgrXjg6rjg7zjgrnjg57jg7zjg4jjg5Xjgqnjg7Pjg5TjgqLjgrnjg43jg4Pjgq/jgrnjg4jjg6njg4Pjg5fjgrnjg6/jg63jg5Xjgrnjgq3jg7wg44OU44Ki44K544K544Ov44Ot44OV44K544Kt44O8IOOCueODiOODqeODg+ODl+OCueODnuODm+OCq+ODkOODvOOCueODnuODvOODiOODleOCqeODsyDjgqvjg5Djg7xhdSBHQUxBWFkgUzUgU0NMMjMgIOOCseODvOOCuSDjgqvjg5Djg7wg54mh5Li544Go44Gb44Gb44KJ44GOIGZvciBhdSBHQUxBWFkgUzUgU0NMMjMgIOOCseODvOOCuSDjgqvjg5Djg7xbU0NMMjNd44CQ44Ku44Oj44Op44Kv44K344O8IHNjbDIzIOOCseODvOOCuSDjgqvjg5Djg7wgZ2FsYXh5IHNjbDIzIOOCseODvOOCuS/jgqvjg5Djg7wvQ0FTRS/jgrEmbWludXM744K544CR44CQ44K544Oe44Ob44Kr44OQ44O8IOOCueODnuODm+OCseODvOOCueOAkQ==,MuWAi+S7peS4iuOBp+mAgeaWmeeEoeaWme+8geOAgmF1IEdBTEFYWSBTNSBTQ0wyMyAg44Kx44O844K5IOOCq+ODkOODvCDniaHkuLnjgajjgZvjgZvjgonjgY4gZm9yIGF1IEdBTEFYWSBTNSBTQ0wyMyAg44Kx44O844K5IOOCq+ODkOODvFtTQ0wyM13jgJDjgq7jg6Pjg6njgq/jgrfjg7wgc2NsMjMg44Kx44O844K5IOOCq+ODkOODvCBnYWxheHkgc2NsMjMg44Kx44O844K5L+OCq+ODkOODvC9DQVNFL+OCsSZtaW51czvjgrnjgJHjgJDjgrnjg57jg5vjgqvjg5Djg7wg44K544Oe44Ob44Kx44O844K544CR[rn]
10-177665,aHR0cDovL3RzaG9wLnIxMHMuanAva2ludHN1L2NhYmluZXQvcGx1cy1zL2RpYXJ5L3BsdXMtZGlhcnktY3NkMDAwOWEyLmpwZz9maXRpbj03MDA6NzAw,MTgzNi44MDAw,,44K544Oe44O844OI44OV44Kp44Oz44O744K/44OW44Os44OD44OIID4g44K544Oe44O844OI44OV44Kp44Oz44Ki44Kv44K744K144Oq44O8ID4g44K544Oe44O844OI44OV44Kp44Oz44Kx44O844K5,R0FMQVhZIFM1IFNDLTA0RiBTQ0wyMyDmiYvluLPlnovjgrHjg7zjgrkgc2MwNGYg44Ku44Oj44Op44Kv44K344O8IOOCouOCr+ODhuOCo+ODliDjgrHjg7zjgrkg5omL5biz5Z6LIOODleOCoeODs+OCv+OCuOODvCDlsJHlpbMg5bCR5bm0IOOCq+ODkOODvCBzYy0wNGbjgrHjg7zjgrkgc2MtMDRm44Kr44OQ44O8IHNjbDIz44Kx44O844K5IHNjbDIz44Kr44OQ44O8IGdhbGF4eSDjgrHjg7zjgrkg44Kr44OQ44O8IOOBiuOBl+OCg+OCjCDjgYvjgo/jgYTjgYQg5omL5biz5Z6L44K544Oe44Ob44Kx44O844K5IOOCueODnuODm+OCseODvOOCuSDjgrnjg57jg5vjgqvjg5Djg7w=,R0FMQVhZIFM1IOOCseODvOOCuSDmiYvluLPlnosg44K544Oe44Ob44Kx44O844K5IOaJi+W4s+OCseODvOOCueKYhg==,PGJyPjxiPuKHklBD5ZWG5ZOB44Oa44O844K444Gn6Kmz44GX44GP6KaL44KLPC9iPjxicj48YnI+Cjxmb250IGNvbG9yPSIjZmY2NmNjIj7lubvmg7PnmoTjgarkuJbnlYzjgpLml4XjgZnjgovlsJHlubTlsJHlpbPjga4gPGJyPuaJi+W4s+WeiyDjg4DjgqTjgqLjg6rjg7zjgrHjg7zjgrnjgILjg5Djg6njgqjjg4bjgqPjgoLosYrlr4zimIY8L2ZvbnQ+PGJyPgo8YnI+Cjx0YWJsZSBib3JkZXI9IjAiIGFsaWduPSJjZW50ZXIiPgo8dHI+Cjx0ZD48aW1nIHNyYz0iaHR0cDovL2ltYWdlLnJha3V0ZW4uY28uanAva2ludHN1L2NhYmluZXQvcGx1cy1zL2RpYXJ5L3BsdXMtZGlhcnktY3NkMDAwOWEyLmpwZyIgd2lkdGg9IjEwMCUiIGJvcmRlcj0iMCI+PC90ZD4KPC90cj4KPHRyPgo8dGQ+PGltZyBzcmM9Imh0dHA6Ly93d3cucmFrdXRlbi5uZS5qcC9nb2xkL2tpbnRzdS9zX2l0ZW0vcGx1cy1kaWFyeS9wbHVzLXNtYS1iYXNlMi5qcGciIHdpZHRoPSIxMDAlIiBib3JkZXI9IjAiPjxicj4KICAgIDxicj4KICAgIDxicj4KICAgIDwvdGQ+PC90cj48dHI+PHRkPjxpbWcgc3JjPSJodHRwOi8vd3d3LnJha3V0ZW4ubmUuanAvZ29sZC9raW50c3Uvc19pdGVtL3BsdXMtZGlhcnkvcGx1cy1zbWEtY3NkMDAwOWEuanBnIiB3aWR0aD0iMTAwJSIgYm9yZGVyPSIwIj48L3RkPgo8L3RyPjwvdGFibGU+PGJyPjxocj4K5bm75oOz55qE44Gq5LiW55WM44KS5peF44GZ44KL5bCR5bm05bCR5aWz44GuIOaJi+W4s+WeiyDjg4DjgqTjgqLjg6rjg7zjgrHjg7zjgrnjgILjg5Djg6njgqjjg4bjgqPjgoLosYrlr4zimIY8YnI+MuWAi+S7peS4iuOBlOizvOWFpe+8iDMyNDDlhobku6XkuIrvvInjgafjgIHphY3pgIHmlrnms5XjgIzpg7Xkvr/lsYDjgb7jgZ/jga/jg43jgrPjg53jgrnjgI3jgafpgIHmlpnnhKHmlpnjgavjgarjgorjgb7jgZnjgILjgYrmlK/miZXmlrnms5Xjga/jgIHku6PlvJXjgY3jgafjgoJPS++8geS7o+W8leOBjeOBruWgtOWQiOOBr+OAjOmDteS+v+WxgOOAjeOBp+mFjemAgeiHtOOBl+OBvuOBmeOAgjxicj48Zm9udCBjb2xvcj0iI2ZmMDAwMCI+5Y+X5rOo55Sf55Sj44Gu44Gf44KB44CB44GU5rOo5paH5b6M44Gu5aSJ5pu044CB6L+U5ZOB44CB44Kt44Oj44Oz44K744Or44Gv44GK5Y+X5LuY44Gn44GN44G+44Gb44KT44CCPC9mb250Pjxicj48YnI+Cue0oOadkO+8muaJi+W4s+OCseODvOOCueacrOS9k++8j+WQiOearuOAgOODj+ODvOODieOCseODvOOCue+8j+ODneODquOCq+ODvOODnOODjeODvOODiCjjg5bjg6njg4Pjgq8pPGJyPgrliqDlt6XvvJpVVuehrOWMluWei+OCpOODs+OCrzxicj7igLvljZPkuIrjg5vjg6vjg4Djg7zjga7lhYXpm7vlmajjgavjga/lr77lv5zjgZfjgabjgYrjgorjgb7jgZvjgpPjgIIo44Kx44O844K544KS6KOF552A44GX44Gf44G+44G+44Kz44ON44Kv44K/44O844Gr55u05o6l5beu44GX6L6844KT44Gn44Gu5YWF6Zu744Gv5Y+v6IO944Gn44GZ4piGKOS4gOmDqOmdnuWvvuW/nOapn+eoruacieOCiikpPGJyPgrigLvlhpnnnJ/jga/jgqTjg6Hjg7zjgrjnlLvlg4/jgavjgarjgorjgb7jgZnjgILntbXmn4TjgYzliIfjgozjgovjgZPjgajjgYzjgZTjgZbjgYTjgb7jgZnjgIIK4oC75a6f54mp44Gu6Imy44Gr6L+R44Gl44GR44KL44KI44GG44Gr5Yqq44KB44Gm44GE44G+44GZ44GM44CB44GU5Yip55So44Gu44Oi44OL44K/44O844CBUEPjgoTjgrnjg57jg7zjg4jjg5Xjgqnjg7Pjga7nkrDlooPjgavjgojjgormjrLovInlhpnnnJ/jga7oibLjgYzlrp/nianjga7oibLjgajpgZXjgaPjgabopovjgYjjgovloLTlkIjjgYzjgZTjgZbjgYTjgb7jgZnjgIIKPGJyPjxicj4KCuKYhiDjgZ3jga7ku5bjgIHmiYvluLPlnovjgrHjg7zjgrnkuIDopqfjga/jgZPjgaHjgok8YnI+PGJyPjxicj4KPGZvbnQgY29sb3I9IiMzMzAwOTkiPuOCquOCt+ODo+ODrOOBquaJi+W4s+Wei+OCseODvOOCuTxicj4K5bm75oOz55qE44Gq5LiW55WM44KS5peF44GZ44KL5bCR5bm05bCR5aWz44GuIOmBuOOBueOCi+WFqDnjgr/jgqTjg5c8L2ZvbnQ+PGJyPjxicj48Zm9udCBjb2xvcj0iI0ZGMDAwMCI+PGI+4oC744OH44K244Kk44Oz44O744Kr44Op44O844Gu6KaL5pys44Gv44Oa44O844K444Gu5LiA55Wq5LiK44Gr44GC44KL5ZWG5ZOB55S75YOP44Gu77yS5p6a55uu5Lul6ZmN44KS44GU6Kan44GP44Gg44GV44GE44CCPC9iPjwvZm9udD4KPGJyPjxicj48Yj48Zm9udCBjb2xvcj0iI2ZmMDAwMCI+4oC76YOo5p2Q44Gu6Kqk5beu44Gr44KI44KL5ZOB5YiH44KM44GM55m655Sf44GX44Gf5aC05ZCI44Gv44CB5YWl6I235qyh56ys44Gu6KO95L2c44O755m66YCB44Go44Gq44KL5aC05ZCI44GM44GU44GW44GE44G+44GZ44CCPGJyPuOBneOBrumam+OBr+OAgeOBlOazqOaWh+W+jOWIpemAlOODoeODvOODq+OBq+OBpuOBlOmAo+e1oeOBleOBm+OBpumgguOBjeOBvuOBmeOAgjxicj7jgb7jgZ/jgIHmiYvluLPjgavjgrnjgr/jg7Pjg4nmqZ/og70o5oqY44KK55uu77yJ44GM44Gk44GE44Gm44GE44KL5aC05ZCI44GM44GU44GW44GE44G+44GZ44CCPGJyPuS6iOOCgeOAgeOBlOS6huaJv+mhmOOBhOOBl+OBvuOBmeOAgjwvZm9udD48L2I+PGJyPjxicj4=,R0FMQVhZIFM1IFNDLTA0RiBTQ0wyMyDmiYvluLPlnovjgrHjg7zjgrkgc2MwNGYg44Ku44Oj44Op44Kv44K344O8IOOCouOCr+ODhuOCo+ODliDjgrHjg7zjgrkg5omL5biz5Z6LIOODleOCoeODs+OCv+OCuOODvCDlsJHlpbMg5bCR5bm0IOOCq+ODkOODvCBzYy0wNGbjgrHjg7zjgrkgc2MtMDRm44Kr44OQ44O8IHNjbDIz44Kx44O844K5IHNjbDIz44Kr44OQ44O8IGdhbGF4eSDjgrHjg7zjgrkg44Kr44OQ44O8IOOBiuOBl+OCg+OCjCDjgYvjgo/jgYTjgYQg5omL5biz5Z6L44K544Oe44Ob44Kx44O844K5IOOCueODnuODm+OCseODvOOCuSDjgrnjg57jg5vjgqvjg5Djg7zvvJrjgrHjg7zjgr/jgqTlsYsyNOOAgOalveWkqeW4guWgtOW6lw==,44K544Oe44O844OI44OV44Kp44Oz44Ki44Kv44K744K144Oq44O85pC65biv44K544OI44Op44OD44OX44K544OI44Op44OD44OX44K544Oe44Ob44Kx44O844K544K544Oe44O844OI44OV44Kp44OzIOOCseODvOOCueOCueODnuODm+ODlOOCouOCueOCpOODpOODm+ODs+OCuOODo+ODg+OCryDjgqLjgq/jgrvjgrXjg6rjg7zjgrnjg57jg7zjg4jjg5Xjgqnjg7Pjg5TjgqLjgrnjg43jg4Pjgq/jgrnjg4jjg6njg4Pjg5fjgrnjg6/jg63jg5Xjgrnjgq3jg7wg44OU44Ki44K544K544Ov44Ot44OV44K544Kt44O8IOOCueODiOODqeODg+ODl+OCueODnuODm+OCq+ODkOODvOOCueODnuODvOODiOODleOCqeODsyDjgqvjg5Djg7xHQUxBWFkgUzUgU0MtMDRGIFNDTDIzIOaJi+W4s+Wei+OCseODvOOCuSBzYzA0ZiDjgq7jg6Pjg6njgq/jgrfjg7wg44Ki44Kv44OG44Kj44OWIOOCseODvOOCuSDmiYvluLPlnosg44OV44Kh44Oz44K/44K444O8IOWwkeWlsyDlsJHlubQg44Kr44OQ44O8IHNjLTA0ZuOCseODvOOCuSBzYy0wNGbjgqvjg5Djg7wgc2NsMjPjgrHjg7zjgrkgc2NsMjPjgqvjg5Djg7wgZ2FsYXh5IOOCseODvOOCuSDjgqvjg5Djg7wg44GK44GX44KD44KMIOOBi+OCj+OBhOOBhCDmiYvluLPlnovjgrnjg57jg5vjgrHjg7zjgrkg44K544Oe44Ob44Kx44O844K5IOOCueODnuODm+OCq+ODkOODvA==,R0FMQVhZIFM1IOOCseODvOOCuSDmiYvluLPlnosg44K544Oe44Ob44Kx44O844K5IOaJi+W4s+OCseODvOOCueKYhuOAgkdBTEFYWSBTNSBTQy0wNEYgU0NMMjMg5omL5biz5Z6L44Kx44O844K5IHNjMDRmIOOCruODo+ODqeOCr+OCt+ODvCDjgqLjgq/jg4bjgqPjg5Yg44Kx44O844K5IOaJi+W4s+WeiyDjg5XjgqHjg7Pjgr/jgrjjg7wg5bCR5aWzIOWwkeW5tCDjgqvjg5Djg7wgc2MtMDRm44Kx44O844K5IHNjLTA0ZuOCq+ODkOODvCBzY2wyM+OCseODvOOCuSBzY2wyM+OCq+ODkOODvCBnYWxheHkg44Kx44O844K5IOOCq+ODkOODvCDjgYrjgZfjgoPjgowg44GL44KP44GE44GEIOaJi+W4s+Wei+OCueODnuODm+OCseODvOOCuSDjgrnjg57jg5vjgrHjg7zjgrkg44K544Oe44Ob44Kr44OQ44O8[rn]
10-177666,aHR0cDovL3RzaG9wLnIxMHMuanAva2ludHN1L2NhYmluZXQvcGx1cy1zL2RpYXJ5L3BsdXMtZGlhcnktY3NkMDAwOGEyLmpwZz9maXRpbj03MDA6NzAw,MjIwNy4yMDAw,,44K544Oe44O844OI44OV44Kp44Oz44O744K/44OW44Os44OD44OIID4g44K544Oe44O844OI44OV44Kp44Oz44Ki44Kv44K744K144Oq44O8ID4g44K544Oe44O844OI44OV44Kp44Oz44Kx44O844K5,R0FMQVhZIFM1IFNDLTA0RiBTQ0wyMyDmiYvluLPlnovjgrHjg7zjgrkgc2MwNGYg44Ku44Oj44Op44Kv44K344O8IOOCouOCr+ODhuOCo+ODliDjgrHjg7zjgrkg5omL5biz5Z6LIOODh+OCs+ODkeODvOODhCDjgYTjgaHjgZQg44K544OI44Ot44OZ44Oq44O8IOOCq+ODkOODvCBzYy0wNGbjgrHjg7zjgrkgc2MtMDRm44Kr44OQ44O8IHNjbDIz44Kx44O844K5IHNjbDIz44Kr44OQ44O8IGdhbGF4eSDjgrHjg7zjgrkg44Kr44OQ44O8IOOBiuOBl+OCg+OCjCDjgYvjgo/jgYTjgYQg5omL5biz5Z6L44K544Oe44Ob44Kx44O844K5IOOCueODnuODm+OCseODvOOCuSDjgrnjg57jg5vjgqvjg5Djg7w=,R0FMQVhZIFM1IOOCseODvOOCuSDmiYvluLPlnosg44K544Oe44Ob44Kx44O844K5IOaJi+W4s+OCseODvOOCueKYhg==,PGJyPjxiPuKHklBD5ZWG5ZOB44Oa44O844K444Gn6Kmz44GX44GP6KaL44KLPC9iPjxicj48YnI+Cjxmb250IGNvbG9yPSIjZmY2NmNjIj7jgYroirHjga7jg4fjgrPjg5Hjg7zjg4TjgYzjgqLjgq/jgrvjg7Pjg4jjga7jgq3jg6Xjg7zjg4jjgarjgYTjgaHjgZTmn4Tjga4gPGJyPuaJi+W4s+WeiyDjg4DjgqTjgqLjg6rjg7zjgrHjg7zjgrnjgILjg5Djg6njgqjjg4bjgqPjgoLosYrlr4zimIY8L2ZvbnQ+PGJyPgo8YnI+Cjx0YWJsZSBib3JkZXI9IjAiIGFsaWduPSJjZW50ZXIiPgo8dHI+Cjx0ZD48aW1nIHNyYz0iaHR0cDovL2ltYWdlLnJha3V0ZW4uY28uanAva2ludHN1L2NhYmluZXQvcGx1cy1zL2RpYXJ5L3BsdXMtZGlhcnktY3NkMDAwOGEyLmpwZyIgd2lkdGg9IjEwMCUiIGJvcmRlcj0iMCI+PC90ZD4KPC90cj4KPHRyPgo8dGQ+PGltZyBzcmM9Imh0dHA6Ly93d3cucmFrdXRlbi5uZS5qcC9nb2xkL2tpbnRzdS9zX2l0ZW0vcGx1cy1kaWFyeS9wbHVzLXNtYS1iYXNlMi5qcGciIHdpZHRoPSIxMDAlIiBib3JkZXI9IjAiPjxicj4KICAgIDxicj4KICAgIDxicj4KICAgIDwvdGQ+PC90cj48dHI+PHRkPjxpbWcgc3JjPSJodHRwOi8vd3d3LnJha3V0ZW4ubmUuanAvZ29sZC9raW50c3Uvc19pdGVtL3BsdXMtZGlhcnkvcGx1cy1zbWEtY3NkMDAwOGEuanBnIiB3aWR0aD0iMTAwJSIgYm9yZGVyPSIwIj48L3RkPgo8L3RyPjwvdGFibGU+PGJyPjxocj4K44GK6Iqx44Gu44OH44Kz44OR44O844OE44GM44Ki44Kv44K744Oz44OI44Gu44Kt44Ol44O844OI44Gq44GE44Gh44GU5p+E44GuIOaJi+W4s+WeiyDjg4DjgqTjgqLjg6rjg7zjgrHjg7zjgrnjgILjg5Djg6njgqjjg4bjgqPjgoLosYrlr4zimIY8YnI+MuWAi+S7peS4iuOBlOizvOWFpe+8iDMyNDDlhobku6XkuIrvvInjgafjgIHphY3pgIHmlrnms5XjgIzpg7Xkvr/lsYDjgb7jgZ/jga/jg43jgrPjg53jgrnjgI3jgafpgIHmlpnnhKHmlpnjgavjgarjgorjgb7jgZnjgILjgYrmlK/miZXmlrnms5Xjga/jgIHku6PlvJXjgY3jgafjgoJPS++8geS7o+W8leOBjeOBruWgtOWQiOOBr+OAjOmDteS+v+WxgOOAjeOBp+mFjemAgeiHtOOBl+OBvuOBmeOAgjxicj48Zm9udCBjb2xvcj0iI2ZmMDAwMCI+5Y+X5rOo55Sf55Sj44Gu44Gf44KB44CB44GU5rOo5paH5b6M44Gu5aSJ5pu044CB6L+U5ZOB44CB44Kt44Oj44Oz44K744Or44Gv44GK5Y+X5LuY44Gn44GN44G+44Gb44KT44CCPC9mb250Pjxicj48YnI+Cue0oOadkO+8muaJi+W4s+OCseODvOOCueacrOS9k++8j+WQiOearuOAgOODj+ODvOODieOCseODvOOCue+8j+ODneODquOCq+ODvOODnOODjeODvOODiCjjg5bjg6njg4Pjgq8pPGJyPgrliqDlt6XvvJpVVuehrOWMluWei+OCpOODs+OCrzxicj7igLvljZPkuIrjg5vjg6vjg4Djg7zjga7lhYXpm7vlmajjgavjga/lr77lv5zjgZfjgabjgYrjgorjgb7jgZvjgpPjgIIo44Kx44O844K544KS6KOF552A44GX44Gf44G+44G+44Kz44ON44Kv44K/44O844Gr55u05o6l5beu44GX6L6844KT44Gn44Gu5YWF6Zu744Gv5Y+v6IO944Gn44GZ4piGKOS4gOmDqOmdnuWvvuW/nOapn+eoruacieOCiikpPGJyPgrigLvlhpnnnJ/jga/jgqTjg6Hjg7zjgrjnlLvlg4/jgavjgarjgorjgb7jgZnjgILntbXmn4TjgYzliIfjgozjgovjgZPjgajjgYzjgZTjgZbjgYTjgb7jgZnjgIIK4oC75a6f54mp44Gu6Imy44Gr6L+R44Gl44GR44KL44KI44GG44Gr5Yqq44KB44Gm44GE44G+44GZ44GM44CB44GU5Yip55So44Gu44Oi44OL44K/44O844CBUEPjgoTjgrnjg57jg7zjg4jjg5Xjgqnjg7Pjga7nkrDlooPjgavjgojjgormjrLovInlhpnnnJ/jga7oibLjgYzlrp/nianjga7oibLjgajpgZXjgaPjgabopovjgYjjgovloLTlkIjjgYzjgZTjgZbjgYTjgb7jgZnjgIIKPGJyPjxicj4KCuKYhiDjgZ3jga7ku5bjgIHmiYvluLPlnovjgrHjg7zjgrnkuIDopqfjga/jgZPjgaHjgok8YnI+PGJyPjxicj4KPGZvbnQgY29sb3I9IiMzMzAwOTkiPuOCquOCt+ODo+ODrOOBquaJi+W4s+Wei+OCseODvOOCuTxicj4K44GK6Iqx44Gu44OH44Kz44OR44O844OE44GM44Ki44Kv44K744Oz44OI44Gu44Kt44Ol44O844OI44Gq44GE44Gh44GU5p+E44GuIOmBuOOBueOCi+WFqDnjgr/jgqTjg5c8L2ZvbnQ+PGJyPjxicj48Zm9udCBjb2xvcj0iI0ZGMDAwMCI+PGI+4oC744OH44K244Kk44Oz44O744Kr44Op44O844Gu6KaL5pys44Gv44Oa44O844K444Gu5LiA55Wq5LiK44Gr44GC44KL5ZWG5ZOB55S75YOP44Gu77yS5p6a55uu5Lul6ZmN44KS44GU6Kan44GP44Gg44GV44GE44CCPC9iPjwvZm9udD4KPGJyPjxicj48Yj48Zm9udCBjb2xvcj0iI2ZmMDAwMCI+4oC76YOo5p2Q44Gu6Kqk5beu44Gr44KI44KL5ZOB5YiH44KM44GM55m655Sf44GX44Gf5aC05ZCI44Gv44CB5YWl6I235qyh56ys44Gu6KO95L2c44O755m66YCB44Go44Gq44KL5aC05ZCI44GM44GU44GW44GE44G+44GZ44CCPGJyPuOBneOBrumam+OBr+OAgeOBlOazqOaWh+W+jOWIpemAlOODoeODvOODq+OBq+OBpuOBlOmAo+e1oeOBleOBm+OBpumgguOBjeOBvuOBmeOAgjxicj7jgb7jgZ/jgIHmiYvluLPjgavjgrnjgr/jg7Pjg4nmqZ/og70o5oqY44KK55uu77yJ44GM44Gk44GE44Gm44GE44KL5aC05ZCI44GM44GU44GW44GE44G+44GZ44CCPGJyPuS6iOOCgeOAgeOBlOS6huaJv+mhmOOBhOOBl+OBvuOBmeOAgjwvZm9udD48L2I+PGJyPjxicj4=,R0FMQVhZIFM1IFNDLTA0RiBTQ0wyMyDmiYvluLPlnovjgrHjg7zjgrkgc2MwNGYg44Ku44Oj44Op44Kv44K344O8IOOCouOCr+ODhuOCo+ODliDjgrHjg7zjgrkg5omL5biz5Z6LIOODh+OCs+ODkeODvOODhCDjgYTjgaHjgZQg44K544OI44Ot44OZ44Oq44O8IOOCq+ODkOODvCBzYy0wNGbjgrHjg7zjgrkgc2MtMDRm44Kr44OQ44O8IHNjbDIz44Kx44O844K5IHNjbDIz44Kr44OQ44O8IGdhbGF4eSDjgrHjg7zjgrkg44Kr44OQ44O8IOOBiuOBl+OCg+OCjCDjgYvjgo/jgYTjgYQg5omL5biz5Z6L44K544Oe44Ob44Kx44O844K5IOOCueODnuODm+OCseODvOOCuSDjgrnjg57jg5vjgqvjg5Djg7zvvJrjgrHjg7zjgr/jgqTlsYsyNOOAgOalveWkqeW4guWgtOW6lw==,44K544Oe44O844OI44OV44Kp44Oz44Ki44Kv44K744K144Oq44O85pC65biv44K544OI44Op44OD44OX44K544OI44Op44OD44OX44K544Oe44Ob44Kx44O844K544K544Oe44O844OI44OV44Kp44OzIOOCseODvOOCueOCueODnuODm+ODlOOCouOCueOCpOODpOODm+ODs+OCuOODo+ODg+OCryDjgqLjgq/jgrvjgrXjg6rjg7zjgrnjg57jg7zjg4jjg5Xjgqnjg7Pjg5TjgqLjgrnjg43jg4Pjgq/jgrnjg4jjg6njg4Pjg5fjgrnjg6/jg63jg5Xjgrnjgq3jg7wg44OU44Ki44K544K544Ov44Ot44OV44K544Kt44O8IOOCueODiOODqeODg+ODl+OCueODnuODm+OCq+ODkOODvOOCueODnuODvOODiOODleOCqeODsyDjgqvjg5Djg7xHQUxBWFkgUzUgU0MtMDRGIFNDTDIzIOaJi+W4s+Wei+OCseODvOOCuSBzYzA0ZiDjgq7jg6Pjg6njgq/jgrfjg7wg44Ki44Kv44OG44Kj44OWIOOCseODvOOCuSDmiYvluLPlnosg44OH44Kz44OR44O844OEIOOBhOOBoeOBlCDjgrnjg4jjg63jg5njg6rjg7wg44Kr44OQ44O8IHNjLTA0ZuOCseODvOOCuSBzYy0wNGbjgqvjg5Djg7wgc2NsMjPjgrHjg7zjgrkgc2NsMjPjgqvjg5Djg7wgZ2FsYXh5IOOCseODvOOCuSDjgqvjg5Djg7wg44GK44GX44KD44KMIOOBi+OCj+OBhOOBhCDmiYvluLPlnovjgrnjg57jg5vjgrHjg7zjgrkg44K544Oe44Ob44Kx44O844K5IOOCueODnuODm+OCq+ODkOODvA==,R0FMQVhZIFM1IOOCseODvOOCuSDmiYvluLPlnosg44K544Oe44Ob44Kx44O844K5IOaJi+W4s+OCseODvOOCueKYhuOAgkdBTEFYWSBTNSBTQy0wNEYgU0NMMjMg5omL5biz5Z6L44Kx44O844K5IHNjMDRmIOOCruODo+ODqeOCr+OCt+ODvCDjgqLjgq/jg4bjgqPjg5Yg44Kx44O844K5IOaJi+W4s+WeiyDjg4fjgrPjg5Hjg7zjg4Qg44GE44Gh44GUIOOCueODiOODreODmeODquODvCDjgqvjg5Djg7wgc2MtMDRm44Kx44O844K5IHNjLTA0ZuOCq+ODkOODvCBzY2wyM+OCseODvOOCuSBzY2wyM+OCq+ODkOODvCBnYWxheHkg44Kx44O844K5IOOCq+ODkOODvCDjgYrjgZfjgoPjgowg44GL44KP44GE44GEIOaJi+W4s+Wei+OCueODnuODm+OCseODvOOCuSDjgrnjg57jg5vjgrHjg7zjgrkg44K544Oe44Ob44Kr44OQ44O8[rn]
10-177667,aHR0cDovL3RzaG9wLnIxMHMuanAva2ludHN1L2NhYmluZXQvcGx1cy1zL20vc2MtMDRmL3BzLXNjMDRmLTAwODFhLmpwZz9maXRpbj03MDA6NzAw,MTYwMC4wMDAw,,44K544Oe44O844OI44OV44Kp44Oz44O744K/44OW44Os44OD44OIID4g44K544Oe44O844OI44OV44Kp44Oz44Ki44Kv44K744K144Oq44O8ID4g44K544Oe44O844OI44OV44Kp44Oz44Kx44O844K5,YXUgR0FMQVhZIFM1IFNDTDIzICDjgrHjg7zjgrkg44Kr44OQ44O8IOODmuOCpOOCuuODquODvCBUWVBFMyAgZm9yIGF1IEdBTEFYWSBTNSBTQ0wyMyAg44Kx44O844K5IOOCq+ODkOODvFtTQ0wyM13jgJDjgq7jg6Pjg6njgq/jgrfjg7wgc2NsMjMg44Kx44O844K5IOOCq+ODkOODvCBnYWxheHkgc2NsMjMg44Kx44O844K5L+OCq+ODkOODvC9DQVNFL+OCse+8jeOCueOAkeOAkOOCueODnuODm+OCq+ODkOODvCDjgrnjg57jg5vjgrHjg7zjgrnjgJE=,MuWAi+S7peS4iuOBp+mAgeaWmeeEoeaWme+8gQ==,PGJyPjxiPuKHklBD5ZWG5ZOB44Oa44O844K444Gn6Kmz44GX44GP6KaL44KLPC9iPjxicj48YnI+44OV44Kh44OD44K344On44Oz44Go44GX44Gm5Lq65rCX44Gu44GC44KL576O44GX44GE44Oa44Kk44K644Oq44O85p+E44KS44OX44Oq44Oz44OI44GX44GfU0NMMjPjgq/jg6rjgqIg44Kx44O844K544CCPGJyPiAy5YCL5Lul5LiK44GU6LO85YWl77yIMzI0MOWGhuS7peS4iu+8ieOBp+OAgemFjemAgeaWueazleOAjOmDteS+v+WxgOOBvuOBn+OBr+ODjeOCs+ODneOCueOAjeOBp+mAgeaWmeeEoeaWmeOBq+OBquOCiuOBvuOBmeOAguOBiuaUr+aJleaWueazleOBr+OAgeS7o+W8leOBjeOBp+OCgk9L77yB5Luj5byV44GN44Gu5aC05ZCI44Gv44CM6YO15L6/5bGA44CN44Gn6YWN6YCB6Ie044GX44G+44GZ44CCPGJyPjxmb250IGNvbG9yPSIjZmYwMDAwIj7lj5fms6jnlJ/nlKPjga7jgZ/jgoHjgIHjgZTms6jmloflvozjga7lpInmm7TjgIHov5Tlk4HjgIHjgq3jg6Pjg7Pjgrvjg6vjga/jgYrlj5fku5jjgafjgY3jgb7jgZvjgpPjgII8L2ZvbnQ+PGJyPjxicj4g4oC757Sg5p2Q77ya44Kv44Oq44Ki44Kx44O844K55pys5L2T77yP44Od44Oq44Kr44O844Oc44ON44O844OI5Yqg5belKOOCr+ODquOCouOCseODvOOCuSnvvJpVVuehrOWMluWei+OCpOODs+OCr++8iOWBtOmdouOBq+ODl+ODquODs+ODiOOBr+WFpeOCiuOBvuOBm+OCk++8iTxicj7igLvljZPkuIrjg5vjg6vjg4Djg7zjga7lhYXpm7vlmajjgavjga/lr77lv5zjgZfjgabjgYrjgorjgb7jgZvjgpPjgIIo44Kx44O844K544KS6KOF552A44GX44Gf44G+44G+44Kz44ON44Kv44K/44O844Gr55u05o6l5beu44GX6L6844KT44Gn44Gu5YWF6Zu744Gv5Y+v6IO944Gn44GZ4piGKTxicj48YnI+IOKYhiDjgZ3jga7ku5bjgIFTQ0wyM+S4gOimp+OBr+OBk+OBoeOCiTxicj48YnI+PGJyPjx0YWJsZT4KPHRyPgo8dGQgYWxpZ249ImNlbnRlciI+PGZvbnQgc2l6ZT0iMyI+4pa84pa84pa844Kx44O844K56KOF552A44Kk44Oh44O844K45L6L44Gv4pa84pa84pa8PGJyPiZndDsmZ3Q7Jmd0OyZndDvimIbjgZPjgaHjgonimIYmbHQ7Jmx0OyZsdDsmbHQ7PC9mb250Pjxicj48YnI+PGltZyBzcmM9Imh0dHA6Ly9pbWFnZS5yYWt1dGVuLmNvLmpwL2tpbnRzdS9jYWJpbmV0L3BsdXMtcy9reW91dHN1L2Z1bGx0ZXgwMi5qcGciIHdpZHRoPSIzMDAiIGJvcmRlcj0iMCIgYWx0PSIiIC8+PGJyIC8+Cjxicj4KPGJyPgo8Zm9udCBzaXplPSIzIj7jg5rjgqTjgrrjg6rjg7wgVFlQRTM8YnI+PC9mb250PjxiciAvPgogPGltZyBzcmM9Imh0dHA6Ly9pbWFnZS5yYWt1dGVuLmNvLmpwL2tpbnRzdS9jYWJpbmV0L3BsdXMtcy9tL3NjLTA0Zi9wcy1zYzA0Zi0wMDgxYS5qcGciICB3aWR0aD0iMzAwIiBib3JkZXI9IjAiIGFsdD0iIiAvPjxicj48YnI+Cjxmb250PuODleOCoeODg+OCt+ODp+ODs+OBqOOBl+OBpuS6uuawl+OBruOBguOCi+e+juOBl+OBhOODmuOCpOOCuuODquODvOafhOOCkuODl+ODquODs+ODiOOBl+OBn1NDTDIz44Kv44Oq44KiIOOCseODvOOCueOAgjwvZm9udD48YnIgLz48YnIgLz4KPGZvbnQgc2l6ZT0iMiI+44GK5aW944G/44Gu44OH44K244Kk44Oz44KS44OV44Or44Gr5qW944GX44KB44KL44Kx44O844K55YWo6Z2i44OX44Oq44Oz44OI5LuV5qeY77yB5YG06Z2i44Kv44Oq44Ki44Gq44Gu44Gn44CB5LiL5Zyw44Gu5pys5L2T44Kr44Op44O844KS5rS744GL44GX44G+44GZ4pmq5pel5pys6KO944KJ44GX44GE576O44GX44GE6a6u44KE44GL44Gq44OH44K244Kk44Oz44GM5qW944GX44KB44KL5b2T5bqX6Ieq5oWi44Gu44Kq44Oq44K444OK44Or44OX44Oq44Oz44OI44Kx44O844K544Gn44GZ4pmqPGJyIC8+bWFkZSBpbiBqYXBhbjwvZm9udD48YnIgLz48YnIgLz4KPGltZyBzcmM9Imh0dHA6Ly9pbWFnZS5yYWt1dGVuLmNvLmpwL2tpbnRzdS9jYWJpbmV0L3BsdXMtcy9reW91dHN1L2ZpbG1fcHJlNi5qcGciIHdpZHRoPSIzMDAiIGJvcmRlcj0iMCIgYWx0PSIiIC8+PC90ZD4KPC90cj4KPHRyPgo8dGQgYWxpZ249InJpZ2h0Ij48YnIgLz48Yj48Zm9udCBzaXplPSIzIj4mZ3Q7Jmd0O+S7luOAgVNDTDIz5LiA6Kan44Gv44GT44Gh44KJPC9mb250PjwvYj48YnIgLz48YnIgLz4KPC90ZD4KPC90cj4KPC90YWJsZT4=,YXUgR0FMQVhZIFM1IFNDTDIzICDjgrHjg7zjgrkg44Kr44OQ44O8IOODmuOCpOOCuuODquODvCBUWVBFMyAgZm9yIGF1IEdBTEFYWSBTNSBTQ0wyMyAg44Kx44O844K5IOOCq+ODkOODvFtTQ0wyM13jgJDjgq7jg6Pjg6njgq/jgrfjg7wgc2NsMjMg44Kx44O844K5IOOCq+ODkOODvCBnYWxheHkgc2NsMjMg44Kx44O844K5L+OCq+ODkOODvC9DQVNFL+OCsSZtaW51czvjgrnjgJHjgJDjgrnjg57jg5vjgqvjg5Djg7wg44K544Oe44Ob44Kx44O844K544CR77ya44Kx44O844K/44Kk5bGLMjTjgIDmpb3lpKnluILloLTlupc=,44K544Oe44O844OI44OV44Kp44Oz44Ki44Kv44K744K144Oq44O85pC65biv44K544OI44Op44OD44OX44K544OI44Op44OD44OX44K544Oe44Ob44Kx44O844K544K544Oe44O844OI44OV44Kp44OzIOOCseODvOOCueOCueODnuODm+ODlOOCouOCueOCpOODpOODm+ODs+OCuOODo+ODg+OCryDjgqLjgq/jgrvjgrXjg6rjg7zjgrnjg57jg7zjg4jjg5Xjgqnjg7Pjg5TjgqLjgrnjg43jg4Pjgq/jgrnjg4jjg6njg4Pjg5fjgrnjg6/jg63jg5Xjgrnjgq3jg7wg44OU44Ki44K544K544Ov44Ot44OV44K544Kt44O8IOOCueODiOODqeODg+ODl+OCueODnuODm+OCq+ODkOODvOOCueODnuODvOODiOODleOCqeODsyDjgqvjg5Djg7xhdSBHQUxBWFkgUzUgU0NMMjMgIOOCseODvOOCuSDjgqvjg5Djg7wg44Oa44Kk44K644Oq44O8IFRZUEUzICBmb3IgYXUgR0FMQVhZIFM1IFNDTDIzICDjgrHjg7zjgrkg44Kr44OQ44O8W1NDTDIzXeOAkOOCruODo+ODqeOCr+OCt+ODvCBzY2wyMyDjgrHjg7zjgrkg44Kr44OQ44O8IGdhbGF4eSBzY2wyMyDjgrHjg7zjgrkv44Kr44OQ44O8L0NBU0Uv44KxJm1pbnVzO+OCueOAkeOAkOOCueODnuODm+OCq+ODkOODvCDjgrnjg57jg5vjgrHjg7zjgrnjgJE=,MuWAi+S7peS4iuOBp+mAgeaWmeeEoeaWme+8geOAgmF1IEdBTEFYWSBTNSBTQ0wyMyAg44Kx44O844K5IOOCq+ODkOODvCDjg5rjgqTjgrrjg6rjg7wgVFlQRTMgIGZvciBhdSBHQUxBWFkgUzUgU0NMMjMgIOOCseODvOOCuSDjgqvjg5Djg7xbU0NMMjNd44CQ44Ku44Oj44Op44Kv44K344O8IHNjbDIzIOOCseODvOOCuSDjgqvjg5Djg7wgZ2FsYXh5IHNjbDIzIOOCseODvOOCuS/jgqvjg5Djg7wvQ0FTRS/jgrEmbWludXM744K544CR44CQ44K544Oe44Ob44Kr44OQ44O8IOOCueODnuODm+OCseODvOOCueOAkQ==[rn]
10-177668,aHR0cDovL3RzaG9wLnIxMHMuanAva2ludHN1L2NhYmluZXQvcGx1cy1zL20vc2MtMDRmL3BzLXNjMDRmLTAxOTJhLmpwZz9maXRpbj03MDA6NzAw,MTYwMC4wMDAw,,44K544Oe44O844OI44OV44Kp44Oz44O744K/44OW44Os44OD44OIID4g44K544Oe44O844OI44OV44Kp44Oz44Ki44Kv44K744K144Oq44O8ID4g44K544Oe44O844OI44OV44Kp44Oz44Kx44O844K5,YXUgR0FMQVhZIFM1IFNDTDIzICDjgrHjg7zjgrkg44Kr44OQ44O8IOmYsuW8vuOCseODvOOCueKApuOBp+OBr+OBquOBhOOAgOOCr+ODquOCoiAgZm9yIGF1IEdBTEFYWSBTNSBTQ0wyMyAg44Kx44O844K5IOOCq+ODkOODvFtTQ0wyM13jgJDjgq7jg6Pjg6njgq/jgrfjg7wgc2NsMjMg44Kx44O844K5IOOCq+ODkOODvCBnYWxheHkgc2NsMjMg44Kx44O844K5L+OCq+ODkOODvC9DQVNFL+OCse+8jeOCueOAkeOAkOOCueODnuODm+OCq+ODkOODvCDjgrnjg57jg5vjgrHjg7zjgrnjgJE=,MuWAi+S7peS4iuOBp+mAgeaWmeeEoeaWme+8gQ==,PGJyPjxiPuKHklBD5ZWG5ZOB44Oa44O844K444Gn6Kmz44GX44GP6KaL44KLPC9iPjxicj48YnI+44Om44OL44O844Kv44Gq44OR44Ot44OH44Kj44Gu44OH44K244Kk44Oz44CC5a2Q5L6b44Gr44Km44Kx44KLIFNDTDIz44Kv44Oq44KiIOOCseODvOOCueOAguijj+WBtOOBjOmAj+OBkeOCi+ODh+OCtuOCpOODs+OBquOBruOBp+OAgeapn+eoruacrOS9k+OBruODh+OCtuOCpOODs+OBjOa0u+OBi+OBleOCjOOBvuOBmeKZqjxicj4gMuWAi+S7peS4iuOBlOizvOWFpe+8iDMyNDDlhobku6XkuIrvvInjgafjgIHphY3pgIHmlrnms5XjgIzpg7Xkvr/lsYDjgb7jgZ/jga/jg43jgrPjg53jgrnjgI3jgafpgIHmlpnnhKHmlpnjgavjgarjgorjgb7jgZnjgILjgYrmlK/miZXmlrnms5Xjga/jgIHku6PlvJXjgY3jgafjgoJPS++8geS7o+W8leOBjeOBruWgtOWQiOOBr+OAjOmDteS+v+WxgOOAjeOBp+mFjemAgeiHtOOBl+OBvuOBmeOAgjxicj48Zm9udCBjb2xvcj0iI2ZmMDAwMCI+5Y+X5rOo55Sf55Sj44Gu44Gf44KB44CB44GU5rOo5paH5b6M44Gu5aSJ5pu044CB6L+U5ZOB44CB44Kt44Oj44Oz44K744Or44Gv44GK5Y+X5LuY44Gn44GN44G+44Gb44KT44CCPC9mb250Pjxicj48YnI+IOKAu+e0oOadkO+8muOCr+ODquOCouOCseODvOOCueacrOS9k++8j+ODneODquOCq+ODvOODnOODjeODvOODiOWKoOW3pSjjgq/jg6rjgqLjgrHjg7zjgrkp77yaVVbnoazljJblnovjgqTjg7Pjgq/vvIjlgbTpnaLjgavjg5fjg6rjg7Pjg4jjga/lhaXjgorjgb7jgZvjgpPvvIk8YnI+4oC75Y2T5LiK44Ob44Or44OA44O844Gu5YWF6Zu75Zmo44Gr44Gv5a++5b+c44GX44Gm44GK44KK44G+44Gb44KT44CCKOOCseODvOOCueOCkuijheedgOOBl+OBn+OBvuOBvuOCs+ODjeOCr+OCv+ODvOOBq+ebtOaOpeW3ruOBl+i+vOOCk+OBp+OBruWFhembu+OBr+WPr+iDveOBp+OBmeKYhik8YnI+PGJyPiDimIYg44Gd44Gu5LuW44CBU0NMMjPkuIDopqfjga/jgZPjgaHjgok8YnI+PGJyPjxicj4KPHRhYmxlPgogPHRyPgogIDx0ZCBhbGlnbj0iY2VudGVyIj48Zm9udCBzaXplPSIzIj7ilrzilrzilrzjgrHjg7zjgrnoo4XnnYDjgqTjg6Hjg7zjgrjkvovjga/ilrzilrzilrw8YnI+Jmd0OyZndDsmZ3Q7Jmd0O+KYhuOBk+OBoeOCieKYhiZsdDsmbHQ7Jmx0OyZsdDs8L2ZvbnQ+PGJyPjxicj4KICAgPGltZyBzcmM9Imh0dHA6Ly9pbWFnZS5yYWt1dGVuLmNvLmpwL2tpbnRzdS9jYWJpbmV0L3BsdXMtcy9reW91dHN1L3BvaW50LWQwMi5qcGciIHdpZHRoPSIzMDAiIGJvcmRlcj0iMCI+PGJyIC8+PGJyIC8+PGJyIC8+PGZvbnQgc2l6ZT0iMyI+6Ziy5by+44Kx44O844K54oCm44Gn44Gv44Gq44GE44CA44Kv44Oq44KiPC9mb250PjxiciAvPjxiciAvPjxpbWcgc3JjPSJodHRwOi8vaW1hZ2UucmFrdXRlbi5jby5qcC9raW50c3UvY2FiaW5ldC9wbHVzLXMvbS9zYy0wNGYvcHMtc2MwNGYtMDE5MmEuanBnIiB3aWR0aD0iMzAwIiBib3JkZXI9IjAiIGFsdD0iIiAvPjxicj48YnI+PGZvbnQ+44Om44OL44O844Kv44Gq44OR44Ot44OH44Kj44Gu44OH44K244Kk44Oz44CC5a2Q5L6b44Gr44Km44Kx44KLIFNDTDIz44Kv44Oq44KiIOOCseODvOOCueOAguijj+WBtOOBjOmAj+OBkeOCi+ODh+OCtuOCpOODs+OBquOBruOBp+OAgeapn+eoruacrOS9k+OBruODh+OCtuOCpOODs+OBjOa0u+OBi+OBleOCjOOBvuOBmeKZqjwvZm9udD48YnIgLz48YnIgLz48Zm9udCBzaXplPSIyIj7jgq/jg6rjgqLjga7jg4/jg7zjg4njgrHjg7zjgrnjgavjgIHpg6jliIbnmoTjgavjg4fjgrbjgqTjg7PjgpLjg5fjg6rjg7Pjg4jvvIHmqZ/nqK7mnKzkvZPjga7oibLjg7vjg4fjgrbjgqTjg7PjgI3jgajjgIzjg5fjg6rjg7Pjg4jjgrHjg7zjgrnjga7jg4fjgrbjgqTjg7PjgI3jga7ono3lkIjjgpLmpb3jgZfjgoDlvZPlupfoh6rmhaLjga7jgqrjg6rjgrjjg4rjg6vjg5fjg6rjg7Pjg4jjgrHjg7zjgrnjgafjgZnimao8YnIgLz5tYWRlIGluIGphcGFuPC9mb250PjxiciAvPjxiciAvPjxpbWcgc3JjPSJodHRwOi8vaW1hZ2UucmFrdXRlbi5jby5qcC9raW50c3UvY2FiaW5ldC9wbHVzLXMva3lvdXRzdS9maWxtX3ByZTYuanBnIiB3aWR0aD0iMzAwIiBib3JkZXI9IjAiIGFsdD0iIiAvPgogIDwvdGQ+CiA8L3RyPgogPHRyPgogIDx0ZCBhbGlnbj0icmlnaHQiPjxiciAvPjxiPjxmb250IHNpemU9IjMiPiZndDsmZ3Q75LuW44CBU0NMMjPkuIDopqfjga/jgZPjgaHjgok8L2ZvbnQ+PC9iPjxiciAvPgogIDwvdGQ+CiA8L3RyPgo8L3RhYmxlPg==,YXUgR0FMQVhZIFM1IFNDTDIzICDjgrHjg7zjgrkg44Kr44OQ44O8IOmYsuW8vuOCseODvOOCuSZoZWxsaXA744Gn44Gv44Gq44GE44CA44Kv44Oq44KiICBmb3IgYXUgR0FMQVhZIFM1IFNDTDIzICDjgrHjg7zjgrkg44Kr44OQ44O8W1NDTDIzXeOAkOOCruODo+ODqeOCr+OCt+ODvCBzY2wyMyDjgrHjg7zjgrkg44Kr44OQ44O8IGdhbGF4eSBzY2wyMyDjgrHjg7zjgrkv44Kr44OQ44O8L0NBU0Uv44KxJm1pbnVzO+OCueOAkeOAkOOCueODnuODm+OCq+ODkOODvCDjgrnjg57jg5vjgrHjg7zjgrnjgJHvvJrjgrHjg7zjgr/jgqTlsYsyNOOAgOalveWkqeW4guWgtOW6lw==,44K544Oe44O844OI44OV44Kp44Oz44Ki44Kv44K744K144Oq44O85pC65biv44K544OI44Op44OD44OX44K544OI44Op44OD44OX44K544Oe44Ob44Kx44O844K544K544Oe44O844OI44OV44Kp44OzIOOCseODvOOCueOCueODnuODm+ODlOOCouOCueOCpOODpOODm+ODs+OCuOODo+ODg+OCryDjgqLjgq/jgrvjgrXjg6rjg7zjgrnjg57jg7zjg4jjg5Xjgqnjg7Pjg5TjgqLjgrnjg43jg4Pjgq/jgrnjg4jjg6njg4Pjg5fjgrnjg6/jg63jg5Xjgrnjgq3jg7wg44OU44Ki44K544K544Ov44Ot44OV44K544Kt44O8IOOCueODiOODqeODg+ODl+OCueODnuODm+OCq+ODkOODvOOCueODnuODvOODiOODleOCqeODsyDjgqvjg5Djg7xhdSBHQUxBWFkgUzUgU0NMMjMgIOOCseODvOOCuSDjgqvjg5Djg7wg6Ziy5by+44Kx44O844K5JmhlbGxpcDvjgafjga/jgarjgYTjgIDjgq/jg6rjgqIgIGZvciBhdSBHQUxBWFkgUzUgU0NMMjMgIOOCseODvOOCuSDjgqvjg5Djg7xbU0NMMjNd44CQ44Ku44Oj44Op44Kv44K344O8IHNjbDIzIOOCseODvOOCuSDjgqvjg5Djg7wgZ2FsYXh5IHNjbDIzIOOCseODvOOCuS/jgqvjg5Djg7wvQ0FTRS/jgrEmbWludXM744K544CR44CQ44K544Oe44Ob44Kr44OQ44O8IOOCueODnuODm+OCseODvOOCueOAkQ==,MuWAi+S7peS4iuOBp+mAgeaWmeeEoeaWme+8geOAgmF1IEdBTEFYWSBTNSBTQ0wyMyAg44Kx44O844K5IOOCq+ODkOODvCDpmLLlvL7jgrHjg7zjgrkmaGVsbGlwO+OBp+OBr+OBquOBhOOAgOOCr+ODquOCoiAgZm9yIGF1IEdBTEFYWSBTNSBTQ0wyMyAg44Kx44O844K5IOOCq+ODkOODvFtTQ0wyM13jgJDjgq7jg6Pjg6njgq/jgrfjg7wgc2NsMjMg44Kx44O844K5IOOCq+ODkOODvCBnYWxheHkgc2NsMjMg44Kx44O844K5L+OCq+ODkOODvC9DQVNFL+OCsSZtaW51czvjgrnjgJHjgJDjgrnjg57jg5vjgqvjg5Djg7wg44K544Oe44Ob44Kx44O844K544CR[rn]
10-177669,aHR0cDovL3RzaG9wLnIxMHMuanAva2ludHN1L2NhYmluZXQvcGx1cy1zL20vc2MtMDRmL3BzLXNjMDRmLTAxNTVhLmpwZz9maXRpbj03MDA6NzAw,MTYwMC4wMDAw,,44K544Oe44O844OI44OV44Kp44Oz44O744K/44OW44Os44OD44OIID4g44K544Oe44O844OI44OV44Kp44Oz44Ki44Kv44K744K144Oq44O8ID4g44K544Oe44O844OI44OV44Kp44Oz44Kx44O844K5,YXUgR0FMQVhZIFM1IFNDTDIzICDjgrHjg7zjgrkg44Kr44OQ44O8IOODgeOCp+ODg+OCr+OAgOW4guadvuaooeanmOOAgOODluODreODg+OCryAgZm9yIGF1IEdBTEFYWSBTNSBTQ0wyMyAg44Kx44O844K5IOOCq+ODkOODvFtTQ0wyM13jgJDjgq7jg6Pjg6njgq/jgrfjg7wgc2NsMjMg44Kx44O844K5IOOCq+ODkOODvCBnYWxheHkgc2NsMjMg44Kx44O844K5L+OCq+ODkOODvC9DQVNFL+OCse+8jeOCueOAkeOAkOOCueODnuODm+OCq+ODkOODvCDjgrnjg57jg5vjgrHjg7zjgrnjgJE=,MuWAi+S7peS4iuOBp+mAgeaWmeeEoeaWme+8gQ==,PGJyPjxiPuKHklBD5ZWG5ZOB44Oa44O844K444Gn6Kmz44GX44GP6KaL44KLPC9iPjxicj48YnI+44Kq44K344Oj44Os44Gq44OB44Kn44OD44Kv5p+E77yB5a6f5qmf44Gu6Imy44KS5rS744GL44GX44Gf44OH44K244Kk44Oz44Gn44OJ44OD44OI6YOo5YiG5Lul5aSW44Gv6YCP44GR44KLIFNDTDIz44Kv44Oq44KiIOOCseODvOOCueOAguijj+WBtOOBjOmAj+OBkeOCi+ODh+OCtuOCpOODs+OBquOBruOBp+OAgeapn+eoruacrOS9k+OBruODh+OCtuOCpOODs+OBjOa0u+OBi+OBleOCjOOBvuOBmeKZqjxicj4gMuWAi+S7peS4iuOBlOizvOWFpe+8iDMyNDDlhobku6XkuIrvvInjgafjgIHphY3pgIHmlrnms5XjgIzpg7Xkvr/lsYDjgb7jgZ/jga/jg43jgrPjg53jgrnjgI3jgafpgIHmlpnnhKHmlpnjgavjgarjgorjgb7jgZnjgILjgYrmlK/miZXmlrnms5Xjga/jgIHku6PlvJXjgY3jgafjgoJPS++8geS7o+W8leOBjeOBruWgtOWQiOOBr+OAjOmDteS+v+WxgOOAjeOBp+mFjemAgeiHtOOBl+OBvuOBmeOAgjxicj48Zm9udCBjb2xvcj0iI2ZmMDAwMCI+5Y+X5rOo55Sf55Sj44Gu44Gf44KB44CB44GU5rOo5paH5b6M44Gu5aSJ5pu044CB6L+U5ZOB44CB44Kt44Oj44Oz44K744Or44Gv44GK5Y+X5LuY44Gn44GN44G+44Gb44KT44CCPC9mb250Pjxicj48YnI+IOKAu+e0oOadkO+8muOCr+ODquOCouOCseODvOOCueacrOS9k++8j+ODneODquOCq+ODvOODnOODjeODvOODiOWKoOW3pSjjgq/jg6rjgqLjgrHjg7zjgrkp77yaVVbnoazljJblnovjgqTjg7Pjgq/vvIjlgbTpnaLjgavjg5fjg6rjg7Pjg4jjga/lhaXjgorjgb7jgZvjgpPvvIk8YnI+4oC75Y2T5LiK44Ob44Or44OA44O844Gu5YWF6Zu75Zmo44Gr44Gv5a++5b+c44GX44Gm44GK44KK44G+44Gb44KT44CCKOOCseODvOOCueOCkuijheedgOOBl+OBn+OBvuOBvuOCs+ODjeOCr+OCv+ODvOOBq+ebtOaOpeW3ruOBl+i+vOOCk+OBp+OBruWFhembu+OBr+WPr+iDveOBp+OBmeKYhik8YnI+PGJyPiDimIYg44Gd44Gu5LuW44CBU0NMMjPkuIDopqfjga/jgZPjgaHjgok8YnI+PGJyPjxicj4KPHRhYmxlPgogPHRyPgogIDx0ZCBhbGlnbj0iY2VudGVyIj48Zm9udCBzaXplPSIzIj7ilrzilrzilrzjgrHjg7zjgrnoo4XnnYDjgqTjg6Hjg7zjgrjkvovjga/ilrzilrzilrw8YnI+Jmd0OyZndDsmZ3Q7Jmd0O+KYhuOBk+OBoeOCieKYhiZsdDsmbHQ7Jmx0OyZsdDs8L2ZvbnQ+PGJyPjxicj4KICAgPGltZyBzcmM9Imh0dHA6Ly9pbWFnZS5yYWt1dGVuLmNvLmpwL2tpbnRzdS9jYWJpbmV0L3BsdXMtcy9reW91dHN1L3BvaW50LWQwMi5qcGciIHdpZHRoPSIzMDAiIGJvcmRlcj0iMCI+PGJyIC8+PGJyIC8+PGJyIC8+PGZvbnQgc2l6ZT0iMyI+44OB44Kn44OD44Kv44CA5biC5p2+5qih5qeY44CA44OW44Ot44OD44KvPC9mb250PjxiciAvPjxiciAvPjxpbWcgc3JjPSJodHRwOi8vaW1hZ2UucmFrdXRlbi5jby5qcC9raW50c3UvY2FiaW5ldC9wbHVzLXMvbS9zYy0wNGYvcHMtc2MwNGYtMDE1NWEuanBnIiB3aWR0aD0iMzAwIiBib3JkZXI9IjAiIGFsdD0iIiAvPjxicj48YnI+PGZvbnQ+44Kq44K344Oj44Os44Gq44OB44Kn44OD44Kv5p+E77yB5a6f5qmf44Gu6Imy44KS5rS744GL44GX44Gf44OH44K244Kk44Oz44Gn44OJ44OD44OI6YOo5YiG5Lul5aSW44Gv6YCP44GR44KLIFNDTDIz44Kv44Oq44KiIOOCseODvOOCueOAguijj+WBtOOBjOmAj+OBkeOCi+ODh+OCtuOCpOODs+OBquOBruOBp+OAgeapn+eoruacrOS9k+OBruODh+OCtuOCpOODs+OBjOa0u+OBi+OBleOCjOOBvuOBmeKZqjwvZm9udD48YnIgLz48YnIgLz48Zm9udCBzaXplPSIyIj7jgq/jg6rjgqLjga7jg4/jg7zjg4njgrHjg7zjgrnjgavjgIHpg6jliIbnmoTjgavjg4fjgrbjgqTjg7PjgpLjg5fjg6rjg7Pjg4jvvIHmqZ/nqK7mnKzkvZPjga7oibLjg7vjg4fjgrbjgqTjg7PjgI3jgajjgIzjg5fjg6rjg7Pjg4jjgrHjg7zjgrnjga7jg4fjgrbjgqTjg7PjgI3jga7ono3lkIjjgpLmpb3jgZfjgoDlvZPlupfoh6rmhaLjga7jgqrjg6rjgrjjg4rjg6vjg5fjg6rjg7Pjg4jjgrHjg7zjgrnjgafjgZnimao8YnIgLz5tYWRlIGluIGphcGFuPC9mb250PjxiciAvPjxiciAvPjxpbWcgc3JjPSJodHRwOi8vaW1hZ2UucmFrdXRlbi5jby5qcC9raW50c3UvY2FiaW5ldC9wbHVzLXMva3lvdXRzdS9maWxtX3ByZTYuanBnIiB3aWR0aD0iMzAwIiBib3JkZXI9IjAiIGFsdD0iIiAvPgogIDwvdGQ+CiA8L3RyPgogPHRyPgogIDx0ZCBhbGlnbj0icmlnaHQiPjxiciAvPjxiPjxmb250IHNpemU9IjMiPiZndDsmZ3Q75LuW44CBU0NMMjPkuIDopqfjga/jgZPjgaHjgok8L2ZvbnQ+PC9iPjxiciAvPgogIDwvdGQ+CiA8L3RyPgo8L3RhYmxlPg==,YXUgR0FMQVhZIFM1IFNDTDIzICDjgrHjg7zjgrkg44Kr44OQ44O8IOODgeOCp+ODg+OCr+OAgOW4guadvuaooeanmOOAgOODluODreODg+OCryAgZm9yIGF1IEdBTEFYWSBTNSBTQ0wyMyAg44Kx44O844K5IOOCq+ODkOODvFtTQ0wyM13jgJDjgq7jg6Pjg6njgq/jgrfjg7wgc2NsMjMg44Kx44O844K5IOOCq+ODkOODvCBnYWxheHkgc2NsMjMg44Kx44O844K5L+OCq+ODkOODvC9DQVNFL+OCsSZtaW51czvjgrnjgJHjgJDjgrnjg57jg5vjgqvjg5Djg7wg44K544Oe44Ob44Kx44O844K544CR77ya44Kx44O844K/44Kk5bGLMjTjgIDmpb3lpKnluILloLTlupc=,44K544Oe44O844OI44OV44Kp44Oz44Ki44Kv44K744K144Oq44O85pC65biv44K544OI44Op44OD44OX44K544OI44Op44OD44OX44K544Oe44Ob44Kx44O844K544K544Oe44O844OI44OV44Kp44OzIOOCseODvOOCueOCueODnuODm+ODlOOCouOCueOCpOODpOODm+ODs+OCuOODo+ODg+OCryDjgqLjgq/jgrvjgrXjg6rjg7zjgrnjg57jg7zjg4jjg5Xjgqnjg7Pjg5TjgqLjgrnjg43jg4Pjgq/jgrnjg4jjg6njg4Pjg5fjgrnjg6/jg63jg5Xjgrnjgq3jg7wg44OU44Ki44K544K544Ov44Ot44OV44K544Kt44O8IOOCueODiOODqeODg+ODl+OCueODnuODm+OCq+ODkOODvOOCueODnuODvOODiOODleOCqeODsyDjgqvjg5Djg7xhdSBHQUxBWFkgUzUgU0NMMjMgIOOCseODvOOCuSDjgqvjg5Djg7wg44OB44Kn44OD44Kv44CA5biC5p2+5qih5qeY44CA44OW44Ot44OD44KvICBmb3IgYXUgR0FMQVhZIFM1IFNDTDIzICDjgrHjg7zjgrkg44Kr44OQ44O8W1NDTDIzXeOAkOOCruODo+ODqeOCr+OCt+ODvCBzY2wyMyDjgrHjg7zjgrkg44Kr44OQ44O8IGdhbGF4eSBzY2wyMyDjgrHjg7zjgrkv44Kr44OQ44O8L0NBU0Uv44KxJm1pbnVzO+OCueOAkeOAkOOCueODnuODm+OCq+ODkOODvCDjgrnjg57jg5vjgrHjg7zjgrnjgJE=,MuWAi+S7peS4iuOBp+mAgeaWmeeEoeaWme+8geOAgmF1IEdBTEFYWSBTNSBTQ0wyMyAg44Kx44O844K5IOOCq+ODkOODvCDjg4Hjgqfjg4Pjgq/jgIDluILmnb7mqKHmp5jjgIDjg5bjg63jg4Pjgq8gIGZvciBhdSBHQUxBWFkgUzUgU0NMMjMgIOOCseODvOOCuSDjgqvjg5Djg7xbU0NMMjNd44CQ44Ku44Oj44Op44Kv44K344O8IHNjbDIzIOOCseODvOOCuSDjgqvjg5Djg7wgZ2FsYXh5IHNjbDIzIOOCseODvOOCuS/jgqvjg5Djg7wvQ0FTRS/jgrEmbWludXM744K544CR44CQ44K544Oe44Ob44Kr44OQ44O8IOOCueODnuODm+OCseODvOOCueOAkQ==[rn]
10-177670,aHR0cDovL3RzaG9wLnIxMHMuanAva2ludHN1L2NhYmluZXQvcGx1cy1zL2RpYXJ5L3BsdXMtZGlhcnktMDE5NmEyLmpwZz9maXRpbj03MDA6NzAw,MTgzNi44MDAw,,44K544Oe44O844OI44OV44Kp44Oz44O744K/44OW44Os44OD44OIID4g44K544Oe44O844OI44OV44Kp44Oz44Ki44Kv44K744K144Oq44O8ID4g44K544Oe44O844OI44OV44Kp44Oz44Kx44O844K5,R0FMQVhZIFM1IFNDLTA0RiBTQ0wyMyDmiYvluLPlnovjgrHjg7zjgrkgc2MwNGYg44Ku44Oj44Op44Kv44K344O8IOOCseODvOOCuSDmiYvluLPlnosg44Kk44Ko44Ot44O877yG44Kq44Os44Oz44K444CA5rC0546J44CA44OJ44OD44OIIHNjLTA0ZuOCseODvOOCuSBzYy0wNGbjgqvjg5Djg7wgc2NsMjPjgrHjg7zjgrkgc2NsMjPjgqvjg5Djg7wgZ2FsYXh5IOOCseODvOOCuSDjgqvjg5Djg7wg44GK44GX44KD44KMIOOBi+OCj+OBhOOBhCDmiYvluLPlnovjgrnjg57jg5vjgrHjg7zjgrkg44K544Oe44Ob44Kx44O844K5IOOCueODnuODm+OCq+ODkOODvA==,R0FMQVhZIFM1IOOCseODvOOCuSDmiYvluLPlnosg44K544Oe44Ob44Kx44O844K5IOaJi+W4s+OCseODvOOCueKYhg==,PGJyPjxiPuKHklBD5ZWG5ZOB44Oa44O844K444Gn6Kmz44GX44GP6KaL44KLPC9iPjxicj48YnI+Cjxmb250IGNvbG9yPSIjZmY2NmNjIj7jgqTjgqjjg63jg7zjgajjgqrjg6zjg7Pjgrjjga7jg53jg4Pjg5fjgarjg4njg4Pjg4jmn4Tjga4gPGJyPuaJi+W4s+WeiyDjg4DjgqTjgqLjg6rjg7zjgrHjg7zjgrnjgILjg5Djg6njgqjjg4bjgqPjgoLosYrlr4zimIY8L2ZvbnQ+PGJyPgo8YnI+Cjx0YWJsZSBib3JkZXI9IjAiIGFsaWduPSJjZW50ZXIiPgo8dHI+Cjx0ZD48aW1nIHNyYz0iaHR0cDovL2ltYWdlLnJha3V0ZW4uY28uanAva2ludHN1L2NhYmluZXQvcGx1cy1zL2RpYXJ5L2RfYmxhY2tfMS5qcGciIHdpZHRoPSIzMDAiIGJvcmRlcj0iMCI+PC90ZD4KPC90cj4KPHRyPgo8dGQ+PGltZyBzcmM9Imh0dHA6Ly9pbWFnZS5yYWt1dGVuLmNvLmpwL2tpbnRzdS9jYWJpbmV0L3BsdXMtcy9kaWFyeS9kX2JsYWNrXzIuanBnIiB3aWR0aD0iMzAwIiBib3JkZXI9IjAiPjwvdGQ+PC90cj48dHI+PHRkPjxpbWcgc3JjPSJodHRwOi8vaW1hZ2UucmFrdXRlbi5jby5qcC9raW50c3UvY2FiaW5ldC9wbHVzLXMvZGlhcnkvZF9ibGFja18zLmpwZyIgd2lkdGg9IjMwMCIgYm9yZGVyPSIwIj48L3RkPgo8L3RyPjwvdGFibGU+PGJyPjxocj4K44Kk44Ko44Ot44O844Go44Kq44Os44Oz44K444Gu44Od44OD44OX44Gq44OJ44OD44OI5p+E44GuIOaJi+W4s+WeiyDjg4DjgqTjgqLjg6rjg7zjgrHjg7zjgrnjgILjg5Djg6njgqjjg4bjgqPjgoLosYrlr4zimIY8YnI+MuWAi+S7peS4iuOBlOizvOWFpe+8iDMyNDDlhobku6XkuIrvvInjgafjgIHphY3pgIHmlrnms5XjgIzpg7Xkvr/lsYDjgb7jgZ/jga/jg43jgrPjg53jgrnjgI3jgafpgIHmlpnnhKHmlpnjgavjgarjgorjgb7jgZnjgILjgYrmlK/miZXmlrnms5Xjga/jgIHku6PlvJXjgY3jgafjgoJPS++8geS7o+W8leOBjeOBruWgtOWQiOOBr+OAjOmDteS+v+WxgOOAjeOBp+mFjemAgeiHtOOBl+OBvuOBmeOAgjxicj48Zm9udCBjb2xvcj0iI2ZmMDAwMCI+5Y+X5rOo55Sf55Sj44Gu44Gf44KB44CB44GU5rOo5paH5b6M44Gu5aSJ5pu044CB6L+U5ZOB44CB44Kt44Oj44Oz44K744Or44Gv44GK5Y+X5LuY44Gn44GN44G+44Gb44KT44CCPC9mb250Pjxicj48YnI+Cue0oOadkO+8muaJi+W4s+OCseODvOOCueacrOS9k++8j+WQiOearuOAgOODj+ODvOODieOCseODvOOCue+8j+ODneODquOCq+ODvOODnOODjeODvOODiCjjg5bjg6njg4Pjgq8pPGJyPgrliqDlt6XvvJpVVuehrOWMluWei+OCpOODs+OCrzxicj4K4oC75Y2T5LiK44Ob44Or44OA44O844Gu5YWF6Zu75Zmo44Gr44Gv5a++5b+c44GX44Gm44GK44KK44G+44Gb44KT44CCKOOCseODvOOCueOCkuijheedgOOBl+OBn+OBvuOBvuOCs+ODjeOCr+OCv+ODvOOBq+ebtOaOpeW3ruOBl+i+vOOCk+OBp+OBruWFhembu+OBr+WPr+iDveOBp+OBmeKYhijkuIDpg6jpnZ7lr77lv5zmqZ/nqK7mnInjgoopKTxicj4K4oC75YaZ55yf44Gv44Kk44Oh44O844K455S75YOP44Gr44Gq44KK44G+44GZ44CC5qmf56iu44Gr44KI44Gj44Gm57W15p+E44GM5YiH44KM44KL44GT44Go44GM44GU44GW44GE44G+44GZ44CCPGJyPgrigLvlrp/nianjga7oibLjgavov5HjgaXjgZHjgovjgojjgYbjgavliqrjgoHjgabjgYTjgb7jgZnjgYzjgIHjgZTliKnnlKjjga7jg6Ljg4vjgr/jg7zjgIFQQ+OChOOCueODnuODvOODiOODleOCqeODs+OBrueSsOWig+OBq+OCiOOCiuaOsui8ieWGmeecn+OBruiJsuOBjOWun+eJqeOBruiJsuOBqOmBleOBo+OBpuimi+OBiOOCi+WgtOWQiOOBjOOBlOOBluOBhOOBvuOBmeOAggo8YnI+PGJyPgoKCgrimIYg44Gd44Gu5LuW44CB5omL5biz5Z6L44Kx44O844K55LiA6Kan44Gv44GT44Gh44KJPGJyPjxicj48YnI+Cjxmb250IGNvbG9yPSIjMzMwMDk5Ij7jgqrjgrfjg6Pjg6zjgarmiYvluLPlnovjgrHjg7zjgrk8YnI+CuOCpOOCqOODreODvO+8huOCquODrOODs+OCuOOAgOawtOeOieOAgOODieODg+ODiCA8L2ZvbnQ+PGJyPgo8YnI+PGJyPjxiPjxmb250IGNvbG9yPSIjZmYwMDAwIj7igLvpg6jmnZDjga7oqqTlt67jgavjgojjgovlk4HliIfjgozjgYznmbrnlJ/jgZfjgZ/loLTlkIjjga/jgIHlhaXojbfmrKHnrKzjga7oo73kvZzjg7vnmbrpgIHjgajjgarjgovloLTlkIjjgYzjgZTjgZbjgYTjgb7jgZnjgII8YnI+CuOBneOBrumam+OBr+OAgeOBlOazqOaWh+W+jOWIpemAlOODoeODvOODq+OBq+OBpuOBlOmAo+e1oeOBleOBm+OBpumgguOBjeOBvuOBmeOAgjxicj7jgb7jgZ/jgIHmiYvluLPjgavjgrnjgr/jg7Pjg4nmqZ/og70o5oqY44KK55uu77yJ44GM44Gk44GE44Gm44GE44KL5aC05ZCI44GM44GU44GW44GE44G+44GZ44CCPGJyPgrkuojjgoHjgIHjgZTkuobmib/poZjjgYTjgZfjgb7jgZnjgII8L2ZvbnQ+PC9iPjxicj48YnI+,R0FMQVhZIFM1IFNDLTA0RiBTQ0wyMyDmiYvluLPlnovjgrHjg7zjgrkgc2MwNGYg44Ku44Oj44Op44Kv44K344O8IOOCseODvOOCuSDmiYvluLPlnosg44Kk44Ko44Ot44O877yG44Kq44Os44Oz44K444CA5rC0546J44CA44OJ44OD44OIIHNjLTA0ZuOCseODvOOCuSBzYy0wNGbjgqvjg5Djg7wgc2NsMjPjgrHjg7zjgrkgc2NsMjPjgqvjg5Djg7wgZ2FsYXh5IOOCseODvOOCuSDjgqvjg5Djg7wg44GK44GX44KD44KMIOOBi+OCj+OBhOOBhCDmiYvluLPlnovjgrnjg57jg5vjgrHjg7zjgrkg44K544Oe44Ob44Kx44O844K5IOOCueODnuODm+OCq+ODkOODvO+8muOCseODvOOCv+OCpOWxizI044CA5qW95aSp5biC5aC05bqX,44K544Oe44O844OI44OV44Kp44Oz44Ki44Kv44K744K144Oq44O85pC65biv44K544OI44Op44OD44OX44K544OI44Op44OD44OX44K544Oe44Ob44Kx44O844K544K544Oe44O844OI44OV44Kp44OzIOOCseODvOOCueOCueODnuODm+ODlOOCouOCueOCpOODpOODm+ODs+OCuOODo+ODg+OCryDjgqLjgq/jgrvjgrXjg6rjg7zjgrnjg57jg7zjg4jjg5Xjgqnjg7Pjg5TjgqLjgrnjg43jg4Pjgq/jgrnjg4jjg6njg4Pjg5fjgrnjg6/jg63jg5Xjgrnjgq3jg7wg44OU44Ki44K544K544Ov44Ot44OV44K544Kt44O8IOOCueODiOODqeODg+ODl+OCueODnuODm+OCq+ODkOODvOOCueODnuODvOODiOODleOCqeODsyDjgqvjg5Djg7xHQUxBWFkgUzUgU0MtMDRGIFNDTDIzIOaJi+W4s+Wei+OCseODvOOCuSBzYzA0ZiDjgq7jg6Pjg6njgq/jgrfjg7wg44Kx44O844K5IOaJi+W4s+WeiyDjgqTjgqjjg63jg7zvvIbjgqrjg6zjg7PjgrjjgIDmsLTnjonjgIDjg4njg4Pjg4ggc2MtMDRm44Kx44O844K5IHNjLTA0ZuOCq+ODkOODvCBzY2wyM+OCseODvOOCuSBzY2wyM+OCq+ODkOODvCBnYWxheHkg44Kx44O844K5IOOCq+ODkOODvCDjgYrjgZfjgoPjgowg44GL44KP44GE44GEIOaJi+W4s+Wei+OCueODnuODm+OCseODvOOCuSDjgrnjg57jg5vjgrHjg7zjgrkg44K544Oe44Ob44Kr44OQ44O8,R0FMQVhZIFM1IOOCseODvOOCuSDmiYvluLPlnosg44K544Oe44Ob44Kx44O844K5IOaJi+W4s+OCseODvOOCueKYhuOAgkdBTEFYWSBTNSBTQy0wNEYgU0NMMjMg5omL5biz5Z6L44Kx44O844K5IHNjMDRmIOOCruODo+ODqeOCr+OCt+ODvCDjgrHjg7zjgrkg5omL5biz5Z6LIOOCpOOCqOODreODvO+8huOCquODrOODs+OCuOOAgOawtOeOieOAgOODieODg+ODiCBzYy0wNGbjgrHjg7zjgrkgc2MtMDRm44Kr44OQ44O8IHNjbDIz44Kx44O844K5IHNjbDIz44Kr44OQ44O8IGdhbGF4eSDjgrHjg7zjgrkg44Kr44OQ44O8IOOBiuOBl+OCg+OCjCDjgYvjgo/jgYTjgYQg5omL5biz5Z6L44K544Oe44Ob44Kx44O844K5IOOCueODnuODm+OCseODvOOCuSDjgrnjg57jg5vjgqvjg5Djg7w=[rn]
10-177671,aHR0cDovL3RzaG9wLnIxMHMuanAva2ludHN1L2NhYmluZXQvcGx1cy1zL24vc2MtMDRmL3BzLXNjMDRmLTEwMTBhLmpwZz9maXRpbj03MDA6NzAw,MTYwMC4wMDAw,,44K544Oe44O844OI44OV44Kp44Oz44O744K/44OW44Os44OD44OIID4g44K544Oe44O844OI44OV44Kp44Oz44Ki44Kv44K744K144Oq44O8ID4g44K544Oe44O844OI44OV44Kp44Oz44Kx44O844K5,YXUgR0FMQVhZIFM1IFNDTDIzICDjgrHjg7zjgrkg44Kr44OQ44O8IOODieODg+ODiCDjg5Hjg7Pjg4AgVFlQRTEgZm9yIGF1IEdBTEFYWSBTNSBTQ0wyMyAg44Kx44O844K5IOOCq+ODkOODvFtTQ0wyM13jgJDjgq7jg6Pjg6njgq/jgrfjg7wgc2NsMjMg44Kx44O844K5IOOCq+ODkOODvCBnYWxheHkgc2NsMjMg44Kx44O844K5L+OCq+ODkOODvC9DQVNFL+OCse+8jeOCueOAkeOAkOOCueODnuODm+OCq+ODkOODvCDjgrnjg57jg5vjgrHjg7zjgrnjgJE=,MuWAi+S7peS4iuOBp+mAgeaWmeeEoeaWme+8gQ==,PGJyPjxiPuKHklBD5ZWG5ZOB44Oa44O844K444Gn6Kmz44GX44GP6KaL44KLPC9iPjxicj48YnI+5Y+v5oSb44GE44OJ44OD44OI5p+E44Gu44OR44Oz44OA44CC44KI772e44GP44G/44KL44Go4oCm4pmqIFNDTDIz44Kv44Oq44KiIOOCseODvOOCueOAgueorumhnuOCguixiuWvjOKZqjxicj7jgZPjgaHjgonjga88Zm9udCBjb2xvcj0iI2ZmMDAwMCI+5Zyo5bqr5ZWG5ZOBPC9mb250PuOBp+OBmeOAguOBlOazqOaWh+W+jDxmb250IGNvbG9yPSIjZmYwMDAwIj4x772eM+WWtualreaXpeS7peWGheOBqzwvZm9udD7nmbrpgIHoh7TjgZfjgb7jgZnjgII8YnI+IDLlgIvku6XkuIrjgZTos7zlhaXvvIgzMjQw5YaG5Lul5LiK77yJ44Gn44CB6YWN6YCB5pa55rOV44CM6YO15L6/5bGA44G+44Gf44Gv44ON44Kz44Od44K544CN44Gn6YCB5paZ54Sh5paZ44Gr44Gq44KK44G+44GZ44CC44GK5pSv5omV5pa55rOV44Gv44CB5Luj5byV44GN44Gn44KCT0vvvIHku6PlvJXjgY3jga7loLTlkIjjga/jgIzpg7Xkvr/lsYDjgI3jgafphY3pgIHoh7TjgZfjgb7jgZnjgII8YnI+PGZvbnQgY29sb3I9IiNmZjAwMDAiPuWPl+azqOeUn+eUo+OBruOBn+OCgeOAgeOBlOazqOaWh+W+jOOBruWkieabtOOAgei/lOWTgeOAgeOCreODo+ODs+OCu+ODq+OBr+OBiuWPl+S7mOOBp+OBjeOBvuOBm+OCk+OAgjwvZm9udD48YnI+PGJyPiDigLvntKDmnZDvvJrjgq/jg6rjgqLjgrHjg7zjgrnmnKzkvZPvvI/jg53jg6rjgqvjg7zjg5zjg43jg7zjg4jliqDlt6Uo44Kv44Oq44Ki44Kx44O844K5Ke+8mlVW56Gs5YyW5Z6L44Kk44Oz44Kv77yI5YG06Z2i44Gr44OX44Oq44Oz44OI44Gv5YWl44KK44G+44Gb44KT77yJPGJyPuKAu+WNk+S4iuODm+ODq+ODgOODvOOBruWFhembu+WZqOOBq+OBr+WvvuW/nOOBl+OBpuOBiuOCiuOBvuOBm+OCk+OAgijjgrHjg7zjgrnjgpLoo4XnnYDjgZfjgZ/jgb7jgb7jgrPjg43jgq/jgr/jg7zjgavnm7TmjqXlt67jgZfovrzjgpPjgafjga7lhYXpm7vjga/lj6/og73jgafjgZnimIYpPGJyPjxicj4g4piGIOOBneOBruS7luOAgVNDTDIz5LiA6Kan44Gv44GT44Gh44KJPGJyPjxicj48YnI+PHRhYmxlPgo8dHI+Cjx0ZCBhbGlnbj0iY2VudGVyIj48Zm9udCBzaXplPSIzIj7ilrzilrzilrzjgrHjg7zjgrnoo4XnnYDjgqTjg6Hjg7zjgrjkvovjga/ilrzilrzilrw8YnI+Jmd0OyZndDsmZ3Q7Jmd0O+KYhuOBk+OBoeOCieKYhiZsdDsmbHQ7Jmx0OyZsdDs8L2ZvbnQ+PGJyPjxicj48aW1nIHNyYz0iaHR0cDovL2ltYWdlLnJha3V0ZW4uY28uanAva2ludHN1L2NhYmluZXQvcGx1cy1zL2t5b3V0c3UvZnVsbHRleDAyLmpwZyIgd2lkdGg9IjMwMCIgYm9yZGVyPSIwIiBhbHQ9IiIgLz48YnIgLz4KPGJyPgo8YnI+Cjxmb250IHNpemU9IjMiPuODieODg+ODiCDjg5Hjg7Pjg4AgVFlQRTE8YnI+PC9mb250PjxiciAvPgogPGltZyBzcmM9Imh0dHA6Ly9pbWFnZS5yYWt1dGVuLmNvLmpwL2tpbnRzdS9jYWJpbmV0L3BsdXMtcy9uL3NjLTA0Zi9wcy1zYzA0Zi0xMDEwYS5qcGciICB3aWR0aD0iMzAwIiBib3JkZXI9IjAiIGFsdD0iIiAvPjxicj48YnI+Cjxmb250PuWPr+aEm+OBhOODieODg+ODiOafhOOBruODkeODs+ODgOOAguOCiO+9nuOBj+OBv+OCi+OBqOKApuKZqiBTQ0wyM+OCr+ODquOCoiDjgrHjg7zjgrnjgILnqK7poZ7jgoLosYrlr4zimao8L2ZvbnQ+PGJyIC8+PGJyIC8+Cjxmb250IHNpemU9IjIiPuOBiuWlveOBv+OBruODh+OCtuOCpOODs+OCkuODleODq+OBq+alveOBl+OCgeOCi+OCseODvOOCueWFqOmdouODl+ODquODs+ODiOS7leanmO+8geWBtOmdouOCr+ODquOCouOBquOBruOBp+OAgeS4i+WcsOOBruacrOS9k+OCq+ODqeODvOOCkua0u+OBi+OBl+OBvuOBmeKZquaXpeacrOijveOCieOBl+OBhOe+juOBl+OBhOmuruOChOOBi+OBquODh+OCtuOCpOODs+OBjOalveOBl+OCgeOCi+W9k+W6l+iHquaFouOBruOCquODquOCuOODiuODq+ODl+ODquODs+ODiOOCseODvOOCueOBp+OBmeKZqjxiciAvPm1hZGUgaW4gamFwYW48L2ZvbnQ+PGJyIC8+PGJyIC8+CjxpbWcgc3JjPSJodHRwOi8vaW1hZ2UucmFrdXRlbi5jby5qcC9raW50c3UvY2FiaW5ldC9wbHVzLXMva3lvdXRzdS9maWxtX3ByZTYuanBnIiB3aWR0aD0iMzAwIiBib3JkZXI9IjAiIGFsdD0iIiAvPjwvdGQ+CjwvdHI+Cjx0cj4KPHRkIGFsaWduPSJyaWdodCI+PGJyIC8+PGI+PGZvbnQgc2l6ZT0iMyI+Jmd0OyZndDvku5bjgIFTQ0wyM+S4gOimp+OBr+OBk+OBoeOCiTwvZm9udD48L2I+PGJyIC8+PGJyIC8+CjwvdGQ+CjwvdHI+CjwvdGFibGU+,YXUgR0FMQVhZIFM1IFNDTDIzICDjgrHjg7zjgrkg44Kr44OQ44O8IOODieODg+ODiCDjg5Hjg7Pjg4AgVFlQRTEgZm9yIGF1IEdBTEFYWSBTNSBTQ0wyMyAg44Kx44O844K5IOOCq+ODkOODvFtTQ0wyM13jgJDjgq7jg6Pjg6njgq/jgrfjg7wgc2NsMjMg44Kx44O844K5IOOCq+ODkOODvCBnYWxheHkgc2NsMjMg44Kx44O844K5L+OCq+ODkOODvC9DQVNFL+OCsSZtaW51czvjgrnjgJHjgJDjgrnjg57jg5vjgqvjg5Djg7wg44K544Oe44Ob44Kx44O844K544CR77ya44Kx44O844K/44Kk5bGLMjTjgIDmpb3lpKnluILloLTlupc=,44K544Oe44O844OI44OV44Kp44Oz44Ki44Kv44K744K144Oq44O85pC65biv44K544OI44Op44OD44OX44K544OI44Op44OD44OX44K544Oe44Ob44Kx44O844K544K544Oe44O844OI44OV44Kp44OzIOOCseODvOOCueOCueODnuODm+ODlOOCouOCueOCpOODpOODm+ODs+OCuOODo+ODg+OCryDjgqLjgq/jgrvjgrXjg6rjg7zjgrnjg57jg7zjg4jjg5Xjgqnjg7Pjg5TjgqLjgrnjg43jg4Pjgq/jgrnjg4jjg6njg4Pjg5fjgrnjg6/jg63jg5Xjgrnjgq3jg7wg44OU44Ki44K544K544Ov44Ot44OV44K544Kt44O8IOOCueODiOODqeODg+ODl+OCueODnuODm+OCq+ODkOODvOOCueODnuODvOODiOODleOCqeODsyDjgqvjg5Djg7xhdSBHQUxBWFkgUzUgU0NMMjMgIOOCseODvOOCuSDjgqvjg5Djg7wg44OJ44OD44OIIOODkeODs+ODgCBUWVBFMSBmb3IgYXUgR0FMQVhZIFM1IFNDTDIzICDjgrHjg7zjgrkg44Kr44OQ44O8W1NDTDIzXeOAkOOCruODo+ODqeOCr+OCt+ODvCBzY2wyMyDjgrHjg7zjgrkg44Kr44OQ44O8IGdhbGF4eSBzY2wyMyDjgrHjg7zjgrkv44Kr44OQ44O8L0NBU0Uv44KxJm1pbnVzO+OCueOAkeOAkOOCueODnuODm+OCq+ODkOODvCDjgrnjg57jg5vjgrHjg7zjgrnjgJE=,MuWAi+S7peS4iuOBp+mAgeaWmeeEoeaWme+8geOAgmF1IEdBTEFYWSBTNSBTQ0wyMyAg44Kx44O844K5IOOCq+ODkOODvCDjg4njg4Pjg4gg44OR44Oz44OAIFRZUEUxIGZvciBhdSBHQUxBWFkgUzUgU0NMMjMgIOOCseODvOOCuSDjgqvjg5Djg7xbU0NMMjNd44CQ44Ku44Oj44Op44Kv44K344O8IHNjbDIzIOOCseODvOOCuSDjgqvjg5Djg7wgZ2FsYXh5IHNjbDIzIOOCseODvOOCuS/jgqvjg5Djg7wvQ0FTRS/jgrEmbWludXM744K544CR44CQ44K544Oe44Ob44Kr44OQ44O8IOOCueODnuODm+OCseODvOOCueOAkQ==[rn]
10-177672,aHR0cDovL3RzaG9wLnIxMHMuanAva2ludHN1L2NhYmluZXQvcGx1cy1zL24vc2MtMDRmL3BzLXNjMDRmLTEwMDRhLmpwZz9maXRpbj03MDA6NzAw,MTYwMC4wMDAw,,44K544Oe44O844OI44OV44Kp44Oz44O744K/44OW44Os44OD44OIID4g44K544Oe44O844OI44OV44Kp44Oz44Ki44Kv44K744K144Oq44O8ID4g44K544Oe44O844OI44OV44Kp44Oz44Kx44O844K5,YXUgR0FMQVhZIFM1IFNDTDIzICDjgrHjg7zjgrkg44Kr44OQ44O8IOODqeODluODquODvOOCreODo+ODg+ODiCDjga3jgZMg44ON44KzIGZvciBhdSBHQUxBWFkgUzUgU0NMMjMgIOOCseODvOOCuSDjgqvjg5Djg7xbU0NMMjNd44CQ44Ku44Oj44Op44Kv44K344O8IHNjbDIzIOOCseODvOOCuSDjgqvjg5Djg7wgZ2FsYXh5IHNjbDIzIOOCseODvOOCuS/jgqvjg5Djg7wvQ0FTRS/jgrHvvI3jgrnjgJHjgJDjgrnjg57jg5vjgqvjg5Djg7wg44K544Oe44Ob44Kx44O844K544CR,MuWAi+S7peS4iuOBp+mAgeaWmeeEoeaWme+8gQ==,PGJyPjxiPuKHklBD5ZWG5ZOB44Oa44O844K444Gn6Kmz44GX44GP6KaL44KLPC9iPjxicj48YnI+44Kt44Ol44O844OI44Gq44GG44GX44KN5ae/44Gu44Op44OW44Oq44O854yr44GuIFNDTDIz44Kv44Oq44KiIOOCseODvOOCueOAgjxicj4gMuWAi+S7peS4iuOBlOizvOWFpe+8iDMyNDDlhobku6XkuIrvvInjgafjgIHphY3pgIHmlrnms5XjgIzpg7Xkvr/lsYDjgb7jgZ/jga/jg43jgrPjg53jgrnjgI3jgafpgIHmlpnnhKHmlpnjgavjgarjgorjgb7jgZnjgILjgYrmlK/miZXmlrnms5Xjga/jgIHku6PlvJXjgY3jgafjgoJPS++8geS7o+W8leOBjeOBruWgtOWQiOOBr+OAjOmDteS+v+WxgOOAjeOBp+mFjemAgeiHtOOBl+OBvuOBmeOAgjxicj48Zm9udCBjb2xvcj0iI2ZmMDAwMCI+5Y+X5rOo55Sf55Sj44Gu44Gf44KB44CB44GU5rOo5paH5b6M44Gu5aSJ5pu044CB6L+U5ZOB44CB44Kt44Oj44Oz44K744Or44Gv44GK5Y+X5LuY44Gn44GN44G+44Gb44KT44CCPC9mb250Pjxicj48YnI+IOKAu+e0oOadkO+8muOCr+ODquOCouOCseODvOOCueacrOS9k++8j+ODneODquOCq+ODvOODnOODjeODvOODiOWKoOW3pSjjgq/jg6rjgqLjgrHjg7zjgrkp77yaVVbnoazljJblnovjgqTjg7Pjgq/vvIjlgbTpnaLjgavjg5fjg6rjg7Pjg4jjga/lhaXjgorjgb7jgZvjgpPvvIk8YnI+4oC75Y2T5LiK44Ob44Or44OA44O844Gu5YWF6Zu75Zmo44Gr44Gv5a++5b+c44GX44Gm44GK44KK44G+44Gb44KT44CCKOOCseODvOOCueOCkuijheedgOOBl+OBn+OBvuOBvuOCs+ODjeOCr+OCv+ODvOOBq+ebtOaOpeW3ruOBl+i+vOOCk+OBp+OBruWFhembu+OBr+WPr+iDveOBp+OBmeKYhik8YnI+PGJyPiDimIYg44Gd44Gu5LuW44CBU0NMMjPkuIDopqfjga/jgZPjgaHjgok8YnI+PGJyPjxicj48dGFibGU+Cjx0cj4KPHRkIGFsaWduPSJjZW50ZXIiPjxmb250IHNpemU9IjMiPuKWvOKWvOKWvOOCseODvOOCueijheedgOOCpOODoeODvOOCuOS+i+OBr+KWvOKWvOKWvDxicj4mZ3Q7Jmd0OyZndDsmZ3Q74piG44GT44Gh44KJ4piGJmx0OyZsdDsmbHQ7Jmx0OzwvZm9udD48YnI+PGJyPjxpbWcgc3JjPSJodHRwOi8vaW1hZ2UucmFrdXRlbi5jby5qcC9raW50c3UvY2FiaW5ldC9wbHVzLXMva3lvdXRzdS9mdWxsdGV4MDIuanBnIiB3aWR0aD0iMzAwIiBib3JkZXI9IjAiIGFsdD0iIiAvPjxiciAvPgo8YnI+Cjxicj4KPGZvbnQgc2l6ZT0iMyI+44Op44OW44Oq44O844Kt44Oj44OD44OIIOOBreOBkyDjg43jgrM8YnI+PC9mb250PjxiciAvPgogPGltZyBzcmM9Imh0dHA6Ly9pbWFnZS5yYWt1dGVuLmNvLmpwL2tpbnRzdS9jYWJpbmV0L3BsdXMtcy9uL3NjLTA0Zi9wcy1zYzA0Zi0xMDA0YS5qcGciIHdpZHRoPSIzMDAiIGJvcmRlcj0iMCIgYWx0PSIiIC8+PGJyPjxicj4KPGZvbnQ+44Kt44Ol44O844OI44Gq44GG44GX44KN5ae/44Gu44Op44OW44Oq44O854yr44GuIFNDTDIz44Kv44Oq44KiIOOCseODvOOCueOAgjwvZm9udD48YnIgLz48YnIgLz4KPGZvbnQgc2l6ZT0iMiI+44GK5aW944G/44Gu44OH44K244Kk44Oz44KS44OV44Or44Gr5qW944GX44KB44KL44Kx44O844K55YWo6Z2i44OX44Oq44Oz44OI5LuV5qeY77yB5YG06Z2i44Kv44Oq44Ki44Gq44Gu44Gn44CB5LiL5Zyw44Gu5pys5L2T44Kr44Op44O844KS5rS744GL44GX44G+44GZ4pmq5pel5pys6KO944KJ44GX44GE576O44GX44GE6a6u44KE44GL44Gq44OH44K244Kk44Oz44GM5qW944GX44KB44KL5b2T5bqX6Ieq5oWi44Gu44Kq44Oq44K444OK44Or44OX44Oq44Oz44OI44Kx44O844K544Gn44GZ4pmqPGJyIC8+bWFkZSBpbiBqYXBhbjwvZm9udD48YnIgLz48YnIgLz4KPGltZyBzcmM9Imh0dHA6Ly9pbWFnZS5yYWt1dGVuLmNvLmpwL2tpbnRzdS9jYWJpbmV0L3BsdXMtcy9reW91dHN1L2ZpbG1fcHJlNi5qcGciIHdpZHRoPSIzMDAiIGJvcmRlcj0iMCIgYWx0PSIiIC8+PC90ZD4KPC90cj4KPHRyPgo8dGQgYWxpZ249InJpZ2h0Ij48YnIgLz48Yj48Zm9udCBzaXplPSIzIj4mZ3Q7Jmd0O+S7luOAgVNDTDIz5LiA6Kan44Gv44GT44Gh44KJPC9mb250PjwvYj48YnIgLz48YnIgLz4KPC90ZD4KPC90cj4KPC90YWJsZT4=,YXUgR0FMQVhZIFM1IFNDTDIzICDjgrHjg7zjgrkg44Kr44OQ44O8IOODqeODluODquODvOOCreODo+ODg+ODiCDjga3jgZMg44ON44KzIGZvciBhdSBHQUxBWFkgUzUgU0NMMjMgIOOCseODvOOCuSDjgqvjg5Djg7xbU0NMMjNd44CQ44Ku44Oj44Op44Kv44K344O8IHNjbDIzIOOCseODvOOCuSDjgqvjg5Djg7wgZ2FsYXh5IHNjbDIzIOOCseODvOOCuS/jgqvjg5Djg7wvQ0FTRS/jgrEmbWludXM744K544CR44CQ44K544Oe44Ob44Kr44OQ44O8IOOCueODnuODm+OCseODvOOCueOAke+8muOCseODvOOCv+OCpOWxizI044CA5qW95aSp5biC5aC05bqX,44K544Oe44O844OI44OV44Kp44Oz44Ki44Kv44K744K144Oq44O85pC65biv44K544OI44Op44OD44OX44K544OI44Op44OD44OX44K544Oe44Ob44Kx44O844K544K544Oe44O844OI44OV44Kp44OzIOOCseODvOOCueOCueODnuODm+ODlOOCouOCueOCpOODpOODm+ODs+OCuOODo+ODg+OCryDjgqLjgq/jgrvjgrXjg6rjg7zjgrnjg57jg7zjg4jjg5Xjgqnjg7Pjg5TjgqLjgrnjg43jg4Pjgq/jgrnjg4jjg6njg4Pjg5fjgrnjg6/jg63jg5Xjgrnjgq3jg7wg44OU44Ki44K544K544Ov44Ot44OV44K544Kt44O8IOOCueODiOODqeODg+ODl+OCueODnuODm+OCq+ODkOODvOOCueODnuODvOODiOODleOCqeODsyDjgqvjg5Djg7xhdSBHQUxBWFkgUzUgU0NMMjMgIOOCseODvOOCuSDjgqvjg5Djg7wg44Op44OW44Oq44O844Kt44Oj44OD44OIIOOBreOBkyDjg43jgrMgZm9yIGF1IEdBTEFYWSBTNSBTQ0wyMyAg44Kx44O844K5IOOCq+ODkOODvFtTQ0wyM13jgJDjgq7jg6Pjg6njgq/jgrfjg7wgc2NsMjMg44Kx44O844K5IOOCq+ODkOODvCBnYWxheHkgc2NsMjMg44Kx44O844K5L+OCq+ODkOODvC9DQVNFL+OCsSZtaW51czvjgrnjgJHjgJDjgrnjg57jg5vjgqvjg5Djg7wg44K544Oe44Ob44Kx44O844K544CR,MuWAi+S7peS4iuOBp+mAgeaWmeeEoeaWme+8geOAgmF1IEdBTEFYWSBTNSBTQ0wyMyAg44Kx44O844K5IOOCq+ODkOODvCDjg6njg5bjg6rjg7zjgq3jg6Pjg4Pjg4gg44Gt44GTIOODjeOCsyBmb3IgYXUgR0FMQVhZIFM1IFNDTDIzICDjgrHjg7zjgrkg44Kr44OQ44O8W1NDTDIzXeOAkOOCruODo+ODqeOCr+OCt+ODvCBzY2wyMyDjgrHjg7zjgrkg44Kr44OQ44O8IGdhbGF4eSBzY2wyMyDjgrHjg7zjgrkv44Kr44OQ44O8L0NBU0Uv44KxJm1pbnVzO+OCueOAkeOAkOOCueODnuODm+OCq+ODkOODvCDjgrnjg57jg5vjgrHjg7zjgrnjgJE=[rn]
10-177673,aHR0cDovL3RzaG9wLnIxMHMuanAva2ludHN1L2NhYmluZXQvcGx1cy1zL2RpYXJ5L3BsdXMtZGlhcnktaWNkMDAwOGEyLmpwZz9maXRpbj03MDA6NzAw,MTgzNi44MDAw,,44K544Oe44O844OI44OV44Kp44Oz44O744K/44OW44Os44OD44OIID4g44K544Oe44O844OI44OV44Kp44Oz44Ki44Kv44K744K144Oq44O8ID4g44K544Oe44O844OI44OV44Kp44Oz44Kx44O844K5,R0FMQVhZIFM1IFNDLTA0RiBTQ0wyMyDmiYvluLPlnovjgrHjg7zjgrkgc2MwNGYg44Ku44Oj44Op44Kv44K344O8IOOCseODvOOCuSDmiYvluLPlnosg44Kk44OL44K344Oj44OrIOmgreaWh+WtlyDjg57jgqvjg63jg7Mg6JaU6JaHIHNjLTA0ZuOCseODvOOCuSBzYy0wNGbjgqvjg5Djg7wgc2NsMjPjgrHjg7zjgrkgc2NsMjPjgqvjg5Djg7wgZ2FsYXh5IOOCseODvOOCuSDjgqvjg5Djg7wg44GK44GX44KD44KMIOOBi+OCj+OBhOOBhCDmiYvluLPlnovjgrnjg57jg5vjgrHjg7zjgrkg44K544Oe44Ob44Kx44O844K5IOOCueODnuODm+OCq+ODkOODvA==,R0FMQVhZIFM1IOOCseODvOOCuSDmiYvluLPlnosg44K544Oe44Ob44Kx44O844K5IOaJi+W4s+OCseODvOOCueKYhg==,PGJyPjxiPuKHklBD5ZWG5ZOB44Oa44O844K444Gn6Kmz44GX44GP6KaL44KLPC9iPjxicj48YnI+Cjxmb250IGNvbG9yPSIjZmY2NmNjIj7jgYrlpb3jgb/jga7jgqTjg4vjgrfjg6Pjg6vjgajjgYrjgZfjgoPjgozjgarjg57jgqvjg63jg7Pjgqvjg6njg7zjga7jg5njg7zjgrnjga7jg4fjgrbjgqTjg7PjgYzpgbjjgbnjgosgPGJyPuaJi+W4s+WeiyDjg4DjgqTjgqLjg6rjg7zjgrHjg7zjgrnjgILjg5Djg6njgqjjg4bjgqPjgoLosYrlr4zimIY8L2ZvbnQ+PGJyPgo8YnI+Cjx0YWJsZSBib3JkZXI9IjAiIGFsaWduPSJjZW50ZXIiPgo8dHI+Cjx0ZD48aW1nIHNyYz0iaHR0cDovL2ltYWdlLnJha3V0ZW4uY28uanAva2ludHN1L2NhYmluZXQvcGx1cy1zL2RpYXJ5L2RfYmxhY2tfMS5qcGciIHdpZHRoPSIzMDAiIGJvcmRlcj0iMCI+PC90ZD4KPC90cj4KPHRyPgo8dGQ+PGltZyBzcmM9Imh0dHA6Ly9pbWFnZS5yYWt1dGVuLmNvLmpwL2tpbnRzdS9jYWJpbmV0L3BsdXMtcy9kaWFyeS9kX2JsYWNrXzIuanBnIiB3aWR0aD0iMzAwIiBib3JkZXI9IjAiPjwvdGQ+PC90cj48dHI+PHRkPjxpbWcgc3JjPSJodHRwOi8vaW1hZ2UucmFrdXRlbi5jby5qcC9raW50c3UvY2FiaW5ldC9wbHVzLXMvZGlhcnkvZF9ibGFja18zLmpwZyIgd2lkdGg9IjMwMCIgYm9yZGVyPSIwIj48L3RkPgo8L3RyPjwvdGFibGU+PGJyPjxocj4K44GK5aW944G/44Gu44Kk44OL44K344Oj44Or44Go44GK44GX44KD44KM44Gq44Oe44Kr44Ot44Oz44Kr44Op44O844Gu44OZ44O844K544Gu44OH44K244Kk44Oz44GM6YG444G544KLIOaJi+W4s+WeiyDjg4DjgqTjgqLjg6rjg7zjgrHjg7zjgrnjgILjg5Djg6njgqjjg4bjgqPjgoLosYrlr4zimIY8YnI+MuWAi+S7peS4iuOBlOizvOWFpe+8iDMyNDDlhobku6XkuIrvvInjgafjgIHphY3pgIHmlrnms5XjgIzpg7Xkvr/lsYDjgb7jgZ/jga/jg43jgrPjg53jgrnjgI3jgafpgIHmlpnnhKHmlpnjgavjgarjgorjgb7jgZnjgILjgYrmlK/miZXmlrnms5Xjga/jgIHku6PlvJXjgY3jgafjgoJPS++8geS7o+W8leOBjeOBruWgtOWQiOOBr+OAjOmDteS+v+WxgOOAjeOBp+mFjemAgeiHtOOBl+OBvuOBmeOAgjxicj48Zm9udCBjb2xvcj0iI2ZmMDAwMCI+5Y+X5rOo55Sf55Sj44Gu44Gf44KB44CB44GU5rOo5paH5b6M44Gu5aSJ5pu044CB6L+U5ZOB44CB44Kt44Oj44Oz44K744Or44Gv44GK5Y+X5LuY44Gn44GN44G+44Gb44KT44CCPC9mb250Pjxicj48YnI+Cue0oOadkO+8muaJi+W4s+OCseODvOOCueacrOS9k++8j+WQiOearuOAgOODj+ODvOODieOCseODvOOCue+8j+ODneODquOCq+ODvOODnOODjeODvOODiCjjg5bjg6njg4Pjgq8pPGJyPgrliqDlt6XvvJpVVuehrOWMluWei+OCpOODs+OCrzxicj7igLvljZPkuIrjg5vjg6vjg4Djg7zjga7lhYXpm7vlmajjgavjga/lr77lv5zjgZfjgabjgYrjgorjgb7jgZvjgpPjgIIo44Kx44O844K544KS6KOF552A44GX44Gf44G+44G+44Kz44ON44Kv44K/44O844Gr55u05o6l5beu44GX6L6844KT44Gn44Gu5YWF6Zu744Gv5Y+v6IO944Gn44GZ4piGKOS4gOmDqOmdnuWvvuW/nOapn+eoruacieOCiikpPGJyPgrigLvlhpnnnJ/jga/jgqTjg6Hjg7zjgrjnlLvlg4/jgavjgarjgorjgb7jgZnjgILmqZ/nqK7jgavjgojjgaPjgabntbXmn4TjgYzliIfjgozjgovjgZPjgajjgYzjgZTjgZbjgYTjgb7jgZnjgIIK4oC75a6f54mp44Gu6Imy44Gr6L+R44Gl44GR44KL44KI44GG44Gr5Yqq44KB44Gm44GE44G+44GZ44GM44CB44GU5Yip55So44Gu44Oi44OL44K/44O844CBUEPjgoTjgrnjg57jg7zjg4jjg5Xjgqnjg7Pjga7nkrDlooPjgavjgojjgormjrLovInlhpnnnJ/jga7oibLjgYzlrp/nianjga7oibLjgajpgZXjgaPjgabopovjgYjjgovloLTlkIjjgYzjgZTjgZbjgYTjgb7jgZnjgIIKPGJyPjxicj4KCgoK4piGIOOBneOBruS7luOAgeaJi+W4s+Wei+OCseODvOOCueS4gOimp+OBr+OBk+OBoeOCiTxicj48YnI+PGJyPgo8Zm9udCBjb2xvcj0iIzMzMDA5OSI+44GK5aW944G/44Gu44Kk44OL44K344Oj44Or44Go44GK44GX44KD44KM44Gq44Oe44Kr44Ot44Oz44Kr44Op44O844Gu44OZ44O844K544Gu44OH44K244Kk44Oz44GM6YG444G544KLIOmBuOOBueOCi+WFqDEy5paH5a2Xw5cz44K/44Kk44OXPC9mb250Pjxicj48YnI+PGZvbnQgY29sb3I9IiNGRjAwMDAiPjxiPuKAu+ODh+OCtuOCpOODs+ODu+OCq+ODqeODvOOBruimi+acrOOBr+ODmuODvOOCuOOBruS4gOeVquS4iuOBq+OBguOCi+WVhuWTgeeUu+WDj+OBru+8kuaemuebruS7pemZjeOCkuOBlOimp+OBj+OBoOOBleOBhOOAgjwvYj48L2ZvbnQ+Cjxicj48YnI+PGI+PGZvbnQgY29sb3I9IiNmZjAwMDAiPuKAu+mDqOadkOOBruiqpOW3ruOBq+OCiOOCi+WTgeWIh+OCjOOBjOeZuueUn+OBl+OBn+WgtOWQiOOBr+OAgeWFpeiNt+asoeesrOOBruijveS9nOODu+eZuumAgeOBqOOBquOCi+WgtOWQiOOBjOOBlOOBluOBhOOBvuOBmeOAgjxicj4K44Gd44Gu6Zqb44Gv44CB44GU5rOo5paH5b6M5Yil6YCU44Oh44O844Or44Gr44Gm44GU6YCj57Wh44GV44Gb44Gm6aCC44GN44G+44GZ44CCPGJyPuOBvuOBn+OAgeaJi+W4s+OBq+OCueOCv+ODs+ODieapn+iDvSjmipjjgornm67vvInjgYzjgaTjgYTjgabjgYTjgovloLTlkIjjgYzjgZTjgZbjgYTjgb7jgZnjgII8YnI+CuS6iOOCgeOAgeOBlOS6huaJv+mhmOOBhOOBl+OBvuOBmeOAgjwvZm9udD48L2I+PGJyPjxicj4=,R0FMQVhZIFM1IFNDLTA0RiBTQ0wyMyDmiYvluLPlnovjgrHjg7zjgrkgc2MwNGYg44Ku44Oj44Op44Kv44K344O8IOOCseODvOOCuSDmiYvluLPlnosg44Kk44OL44K344Oj44OrIOmgreaWh+WtlyDjg57jgqvjg63jg7Mg6JaU6JaHIHNjLTA0ZuOCseODvOOCuSBzYy0wNGbjgqvjg5Djg7wgc2NsMjPjgrHjg7zjgrkgc2NsMjPjgqvjg5Djg7wgZ2FsYXh5IOOCseODvOOCuSDjgqvjg5Djg7wg44GK44GX44KD44KMIOOBi+OCj+OBhOOBhCDmiYvluLPlnovjgrnjg57jg5vjgrHjg7zjgrkg44K544Oe44Ob44Kx44O844K5IOOCueODnuODm+OCq+ODkOODvO+8muOCseODvOOCv+OCpOWxizI044CA5qW95aSp5biC5aC05bqX,44K544Oe44O844OI44OV44Kp44Oz44Ki44Kv44K744K144Oq44O85pC65biv44K544OI44Op44OD44OX44K544OI44Op44OD44OX44K544Oe44Ob44Kx44O844K544K544Oe44O844OI44OV44Kp44OzIOOCseODvOOCueOCueODnuODm+ODlOOCouOCueOCpOODpOODm+ODs+OCuOODo+ODg+OCryDjgqLjgq/jgrvjgrXjg6rjg7zjgrnjg57jg7zjg4jjg5Xjgqnjg7Pjg5TjgqLjgrnjg43jg4Pjgq/jgrnjg4jjg6njg4Pjg5fjgrnjg6/jg63jg5Xjgrnjgq3jg7wg44OU44Ki44K544K544Ov44Ot44OV44K544Kt44O8IOOCueODiOODqeODg+ODl+OCueODnuODm+OCq+ODkOODvOOCueODnuODvOODiOODleOCqeODsyDjgqvjg5Djg7xHQUxBWFkgUzUgU0MtMDRGIFNDTDIzIOaJi+W4s+Wei+OCseODvOOCuSBzYzA0ZiDjgq7jg6Pjg6njgq/jgrfjg7wg44Kx44O844K5IOaJi+W4s+WeiyDjgqTjg4vjgrfjg6Pjg6sg6aCt5paH5a2XIOODnuOCq+ODreODsyDolpTolocgc2MtMDRm44Kx44O844K5IHNjLTA0ZuOCq+ODkOODvCBzY2wyM+OCseODvOOCuSBzY2wyM+OCq+ODkOODvCBnYWxheHkg44Kx44O844K5IOOCq+ODkOODvCDjgYrjgZfjgoPjgowg44GL44KP44GE44GEIOaJi+W4s+Wei+OCueODnuODm+OCseODvOOCuSDjgrnjg57jg5vjgrHjg7zjgrkg44K544Oe44Ob44Kr44OQ44O8,R0FMQVhZIFM1IOOCseODvOOCuSDmiYvluLPlnosg44K544Oe44Ob44Kx44O844K5IOaJi+W4s+OCseODvOOCueKYhuOAgkdBTEFYWSBTNSBTQy0wNEYgU0NMMjMg5omL5biz5Z6L44Kx44O844K5IHNjMDRmIOOCruODo+ODqeOCr+OCt+ODvCDjgrHjg7zjgrkg5omL5biz5Z6LIOOCpOODi+OCt+ODo+ODqyDpoK3mloflrZcg44Oe44Kr44Ot44OzIOiWlOiWhyBzYy0wNGbjgrHjg7zjgrkgc2MtMDRm44Kr44OQ44O8IHNjbDIz44Kx44O844K5IHNjbDIz44Kr44OQ44O8IGdhbGF4eSDjgrHjg7zjgrkg44Kr44OQ44O8IOOBiuOBl+OCg+OCjCDjgYvjgo/jgYTjgYQg5omL5biz5Z6L44K544Oe44Ob44Kx44O844K5IOOCueODnuODm+OCseODvOOCuSDjgrnjg57jg5vjgqvjg5Djg7w=[rn]
10-177674,aHR0cDovL3RzaG9wLnIxMHMuanAva2ludHN1L2NhYmluZXQvcGx1cy1zL2RpYXJ5L3BsdXMtZGlhcnktaWNkMDAxN2EyLmpwZz9maXRpbj03MDA6NzAw,MTgzNi44MDAw,,44K544Oe44O844OI44OV44Kp44Oz44O744K/44OW44Os44OD44OIID4g44K544Oe44O844OI44OV44Kp44Oz44Ki44Kv44K744K144Oq44O8ID4g44K544Oe44O844OI44OV44Kp44Oz44Kx44O844K5,R0FMQVhZIFM1IFNDLTA0RiBTQ0wyMyDmiYvluLPlnovjgrHjg7zjgrkgc2MwNGYg44Ku44Oj44Op44Kv44K344O8IOOCouOCr+ODhuOCo+ODliDjgrHjg7zjgrkg5omL5biz5Z6LIOODiOODqeODs+OCryDml4XooYwg44Kr44OQ44OzIOOCq+ODkOODvCBzYy0wNGbjgrHjg7zjgrkgc2MtMDRm44Kr44OQ44O8IHNjbDIz44Kx44O844K5IHNjbDIz44Kr44OQ44O8IGdhbGF4eSDjgrHjg7zjgrkg44Kr44OQ44O8IOOBiuOBl+OCg+OCjCDjgYvjgo/jgYTjgYQg5omL5biz5Z6L44K544Oe44Ob44Kx44O844K5IOOCueODnuODm+OCseODvOOCuSDjgrnjg57jg5vjgqvjg5Djg7w=,R0FMQVhZIFM1IOOCseODvOOCuSDmiYvluLPlnosg44K544Oe44Ob44Kx44O844K5IOaJi+W4s+OCseODvOOCueKYhg==,PGJyPjxiPuKHklBD5ZWG5ZOB44Oa44O844K444Gn6Kmz44GX44GP6KaL44KLPC9iPjxicj48YnI+Cjxmb250IGNvbG9yPSIjZmY2NmNjIj7jgYTjgaTjgafjgoLml4XooYzmsJfliIbjgafmjIHjgaHmranjgZHjgovjg7TjgqPjg7Pjg4bjg7zjgrjjgarjg4jjg6njg7Pjgq/mn4Tjga4gPGJyPuaJi+W4s+WeiyDjg4DjgqTjgqLjg6rjg7zjgrHjg7zjgrnjgILjg5Djg6njgqjjg4bjgqPjgoLosYrlr4zimIY8L2ZvbnQ+PGJyPgo8YnI+Cjx0YWJsZSBib3JkZXI9IjAiIGFsaWduPSJjZW50ZXIiPgo8dHI+Cjx0ZD48aW1nIHNyYz0iaHR0cDovL2ltYWdlLnJha3V0ZW4uY28uanAva2ludHN1L2NhYmluZXQvcGx1cy1zL2RpYXJ5L3BsdXMtZGlhcnktaWNkMDAxN2EyLmpwZyIgd2lkdGg9IjEwMCUiIGJvcmRlcj0iMCI+PC90ZD4KPC90cj4KPHRyPgo8dGQ+PGltZyBzcmM9Imh0dHA6Ly93d3cucmFrdXRlbi5uZS5qcC9nb2xkL2tpbnRzdS9zX2l0ZW0vcGx1cy1kaWFyeS9wbHVzLXNtYS1iYXNlMi5qcGciIHdpZHRoPSIxMDAlIiBib3JkZXI9IjAiPjxicj4KICAgIDxicj4KICAgIDxicj4KICAgIDwvdGQ+PC90cj48dHI+PHRkPjxpbWcgc3JjPSJodHRwOi8vd3d3LnJha3V0ZW4ubmUuanAvZ29sZC9raW50c3Uvc19pdGVtL3BsdXMtZGlhcnkvcGx1cy1zbWEtaWNkMDAxN2EuanBnIiB3aWR0aD0iMTAwJSIgYm9yZGVyPSIwIj48L3RkPgo8L3RyPjwvdGFibGU+PGJyPjxocj4K44GE44Gk44Gn44KC5peF6KGM5rCX5YiG44Gn5oyB44Gh5q2p44GR44KL44O044Kj44Oz44OG44O844K444Gq44OI44Op44Oz44Kv5p+E44GuIOaJi+W4s+WeiyDjg4DjgqTjgqLjg6rjg7zjgrHjg7zjgrnjgILjg5Djg6njgqjjg4bjgqPjgoLosYrlr4zimIY8YnI+MuWAi+S7peS4iuOBlOizvOWFpe+8iDMyNDDlhobku6XkuIrvvInjgafjgIHphY3pgIHmlrnms5XjgIzpg7Xkvr/lsYDjgb7jgZ/jga/jg43jgrPjg53jgrnjgI3jgafpgIHmlpnnhKHmlpnjgavjgarjgorjgb7jgZnjgILjgYrmlK/miZXmlrnms5Xjga/jgIHku6PlvJXjgY3jgafjgoJPS++8geS7o+W8leOBjeOBruWgtOWQiOOBr+OAjOmDteS+v+WxgOOAjeOBp+mFjemAgeiHtOOBl+OBvuOBmeOAgjxicj48Zm9udCBjb2xvcj0iI2ZmMDAwMCI+5Y+X5rOo55Sf55Sj44Gu44Gf44KB44CB44GU5rOo5paH5b6M44Gu5aSJ5pu044CB6L+U5ZOB44CB44Kt44Oj44Oz44K744Or44Gv44GK5Y+X5LuY44Gn44GN44G+44Gb44KT44CCPC9mb250Pjxicj48YnI+Cue0oOadkO+8muaJi+W4s+OCseODvOOCueacrOS9k++8j+WQiOearuOAgOODj+ODvOODieOCseODvOOCue+8j+ODneODquOCq+ODvOODnOODjeODvOODiCjjg5bjg6njg4Pjgq8pPGJyPgrliqDlt6XvvJpVVuehrOWMluWei+OCpOODs+OCrzxicj7igLvljZPkuIrjg5vjg6vjg4Djg7zjga7lhYXpm7vlmajjgavjga/lr77lv5zjgZfjgabjgYrjgorjgb7jgZvjgpPjgIIo44Kx44O844K544KS6KOF552A44GX44Gf44G+44G+44Kz44ON44Kv44K/44O844Gr55u05o6l5beu44GX6L6844KT44Gn44Gu5YWF6Zu744Gv5Y+v6IO944Gn44GZ4piGKOS4gOmDqOmdnuWvvuW/nOapn+eoruacieOCiikpPGJyPgrigLvlhpnnnJ/jga/jgqTjg6Hjg7zjgrjnlLvlg4/jgavjgarjgorjgb7jgZnjgILntbXmn4TjgYzliIfjgozjgovjgZPjgajjgYzjgZTjgZbjgYTjgb7jgZnjgIIK4oC75a6f54mp44Gu6Imy44Gr6L+R44Gl44GR44KL44KI44GG44Gr5Yqq44KB44Gm44GE44G+44GZ44GM44CB44GU5Yip55So44Gu44Oi44OL44K/44O844CBUEPjgoTjgrnjg57jg7zjg4jjg5Xjgqnjg7Pjga7nkrDlooPjgavjgojjgormjrLovInlhpnnnJ/jga7oibLjgYzlrp/nianjga7oibLjgajpgZXjgaPjgabopovjgYjjgovloLTlkIjjgYzjgZTjgZbjgYTjgb7jgZnjgIIKPGJyPjxicj4KCuKYhiDjgZ3jga7ku5bjgIHmiYvluLPlnovjgrHjg7zjgrnkuIDopqfjga/jgZPjgaHjgok8YnI+PGJyPjxicj4KPGZvbnQgY29sb3I9IiMzMzAwOTkiPuOCquOCt+ODo+ODrOOBquaJi+W4s+Wei+OCseODvOOCuTxicj4K44GE44Gk44Gn44KC5peF6KGM5rCX5YiG44Gn5oyB44Gh5q2p44GR44KL44O044Kj44Oz44OG44O844K444Gq44OI44Op44Oz44Kv5p+E44GuIOmBuOOBueOCi+WFqDEy44K/44Kk44OXPC9mb250Pjxicj48YnI+PGZvbnQgY29sb3I9IiNGRjAwMDAiPjxiPuKAu+ODh+OCtuOCpOODs+ODu+OCq+ODqeODvOOBruimi+acrOOBr+ODmuODvOOCuOOBruS4gOeVquS4iuOBq+OBguOCi+WVhuWTgeeUu+WDj+OBru+8kuaemuebruS7pemZjeOCkuOBlOimp+OBj+OBoOOBleOBhOOAgjwvYj48L2ZvbnQ+Cjxicj48YnI+PGI+PGZvbnQgY29sb3I9IiNmZjAwMDAiPuKAu+mDqOadkOOBruiqpOW3ruOBq+OCiOOCi+WTgeWIh+OCjOOBjOeZuueUn+OBl+OBn+WgtOWQiOOBr+OAgeWFpeiNt+asoeesrOOBruijveS9nOODu+eZuumAgeOBqOOBquOCi+WgtOWQiOOBjOOBlOOBluOBhOOBvuOBmeOAgjxicj4K44Gd44Gu6Zqb44Gv44CB44GU5rOo5paH5b6M5Yil6YCU44Oh44O844Or44Gr44Gm44GU6YCj57Wh44GV44Gb44Gm6aCC44GN44G+44GZ44CCPGJyPuOBvuOBn+OAgeaJi+W4s+OBq+OCueOCv+ODs+ODieapn+iDvSjmipjjgornm67vvInjgYzjgaTjgYTjgabjgYTjgovloLTlkIjjgYzjgZTjgZbjgYTjgb7jgZnjgII8YnI+CuS6iOOCgeOAgeOBlOS6huaJv+mhmOOBhOOBl+OBvuOBmeOAgjwvZm9udD48L2I+PGJyPjxicj4=,R0FMQVhZIFM1IFNDLTA0RiBTQ0wyMyDmiYvluLPlnovjgrHjg7zjgrkgc2MwNGYg44Ku44Oj44Op44Kv44K344O8IOOCouOCr+ODhuOCo+ODliDjgrHjg7zjgrkg5omL5biz5Z6LIOODiOODqeODs+OCryDml4XooYwg44Kr44OQ44OzIOOCq+ODkOODvCBzYy0wNGbjgrHjg7zjgrkgc2MtMDRm44Kr44OQ44O8IHNjbDIz44Kx44O844K5IHNjbDIz44Kr44OQ44O8IGdhbGF4eSDjgrHjg7zjgrkg44Kr44OQ44O8IOOBiuOBl+OCg+OCjCDjgYvjgo/jgYTjgYQg5omL5biz5Z6L44K544Oe44Ob44Kx44O844K5IOOCueODnuODm+OCseODvOOCuSDjgrnjg57jg5vjgqvjg5Djg7zvvJrjgrHjg7zjgr/jgqTlsYsyNOOAgOalveWkqeW4guWgtOW6lw==,44K544Oe44O844OI44OV44Kp44Oz44Ki44Kv44K744K144Oq44O85pC65biv44K544OI44Op44OD44OX44K544OI44Op44OD44OX44K544Oe44Ob44Kx44O844K544K544Oe44O844OI44OV44Kp44OzIOOCseODvOOCueOCueODnuODm+ODlOOCouOCueOCpOODpOODm+ODs+OCuOODo+ODg+OCryDjgqLjgq/jgrvjgrXjg6rjg7zjgrnjg57jg7zjg4jjg5Xjgqnjg7Pjg5TjgqLjgrnjg43jg4Pjgq/jgrnjg4jjg6njg4Pjg5fjgrnjg6/jg63jg5Xjgrnjgq3jg7wg44OU44Ki44K544K544Ov44Ot44OV44K544Kt44O8IOOCueODiOODqeODg+ODl+OCueODnuODm+OCq+ODkOODvOOCueODnuODvOODiOODleOCqeODsyDjgqvjg5Djg7xHQUxBWFkgUzUgU0MtMDRGIFNDTDIzIOaJi+W4s+Wei+OCseODvOOCuSBzYzA0ZiDjgq7jg6Pjg6njgq/jgrfjg7wg44Ki44Kv44OG44Kj44OWIOOCseODvOOCuSDmiYvluLPlnosg44OI44Op44Oz44KvIOaXheihjCDjgqvjg5Djg7Mg44Kr44OQ44O8IHNjLTA0ZuOCseODvOOCuSBzYy0wNGbjgqvjg5Djg7wgc2NsMjPjgrHjg7zjgrkgc2NsMjPjgqvjg5Djg7wgZ2FsYXh5IOOCseODvOOCuSDjgqvjg5Djg7wg44GK44GX44KD44KMIOOBi+OCj+OBhOOBhCDmiYvluLPlnovjgrnjg57jg5vjgrHjg7zjgrkg44K544Oe44Ob44Kx44O844K5IOOCueODnuODm+OCq+ODkOODvA==,R0FMQVhZIFM1IOOCseODvOOCuSDmiYvluLPlnosg44K544Oe44Ob44Kx44O844K5IOaJi+W4s+OCseODvOOCueKYhuOAgkdBTEFYWSBTNSBTQy0wNEYgU0NMMjMg5omL5biz5Z6L44Kx44O844K5IHNjMDRmIOOCruODo+ODqeOCr+OCt+ODvCDjgqLjgq/jg4bjgqPjg5Yg44Kx44O844K5IOaJi+W4s+WeiyDjg4jjg6njg7Pjgq8g5peF6KGMIOOCq+ODkOODsyDjgqvjg5Djg7wgc2MtMDRm44Kx44O844K5IHNjLTA0ZuOCq+ODkOODvCBzY2wyM+OCseODvOOCuSBzY2wyM+OCq+ODkOODvCBnYWxheHkg44Kx44O844K5IOOCq+ODkOODvCDjgYrjgZfjgoPjgowg44GL44KP44GE44GEIOaJi+W4s+Wei+OCueODnuODm+OCseODvOOCuSDjgrnjg57jg5vjgrHjg7zjgrkg44K544Oe44Ob44Kr44OQ44O8[rn]
10-177675,aHR0cDovL3RzaG9wLnIxMHMuanAva2ludHN1L2NhYmluZXQvcGx1cy1zL20vc2MtMDRmL3BzLXNjMDRmLTAwOTVhLmpwZz9maXRpbj03MDA6NzAw,MTYwMC4wMDAw,,44K544Oe44O844OI44OV44Kp44Oz44O744K/44OW44Os44OD44OIID4g44K544Oe44O844OI44OV44Kp44Oz44Ki44Kv44K744K144Oq44O8ID4g44K544Oe44O844OI44OV44Kp44Oz44Kx44O844K5,YXUgR0FMQVhZIFM1IFNDTDIzICDjgrHjg7zjgrkg44Kr44OQ44O8IOaXpeacrOe+juS6uiBKQVBBTkVTRSBCSUpJTiBUWVBFMSBmb3IgYXUgR0FMQVhZIFM1IFNDTDIzICDjgrHjg7zjgrkg44Kr44OQ44O8W1NDTDIzXeOAkOOCruODo+ODqeOCr+OCt+ODvCBzY2wyMyDjgrHjg7zjgrkg44Kr44OQ44O8IGdhbGF4eSBzY2wyMyDjgrHjg7zjgrkv44Kr44OQ44O8L0NBU0Uv44Kx77yN44K544CR44CQ44K544Oe44Ob44Kr44OQ44O8IOOCueODnuODm+OCseODvOOCueOAkQ==,MuWAi+S7peS4iuOBp+mAgeaWmeeEoeaWme+8gQ==,PGJyPjxiPuKHklBD5ZWG5ZOB44Oa44O844K444Gn6Kmz44GX44GP6KaL44KLPC9iPjxicj48YnI+576O44GX44GE552A54mp5ae/44Gu5pel5pys576O5Lq6IFNDTDIz44Kv44Oq44KiIOOCseODvOOCueOAgjxicj4gMuWAi+S7peS4iuOBlOizvOWFpe+8iDMyNDDlhobku6XkuIrvvInjgafjgIHphY3pgIHmlrnms5XjgIzpg7Xkvr/lsYDjgb7jgZ/jga/jg43jgrPjg53jgrnjgI3jgafpgIHmlpnnhKHmlpnjgavjgarjgorjgb7jgZnjgILjgYrmlK/miZXmlrnms5Xjga/jgIHku6PlvJXjgY3jgafjgoJPS++8geS7o+W8leOBjeOBruWgtOWQiOOBr+OAjOmDteS+v+WxgOOAjeOBp+mFjemAgeiHtOOBl+OBvuOBmeOAgjxicj48Zm9udCBjb2xvcj0iI2ZmMDAwMCI+5Y+X5rOo55Sf55Sj44Gu44Gf44KB44CB44GU5rOo5paH5b6M44Gu5aSJ5pu044CB6L+U5ZOB44CB44Kt44Oj44Oz44K744Or44Gv44GK5Y+X5LuY44Gn44GN44G+44Gb44KT44CCPC9mb250Pjxicj48YnI+IOKAu+e0oOadkO+8muOCr+ODquOCouOCseODvOOCueacrOS9k++8j+ODneODquOCq+ODvOODnOODjeODvOODiOWKoOW3pSjjgq/jg6rjgqLjgrHjg7zjgrkp77yaVVbnoazljJblnovjgqTjg7Pjgq/vvIjlgbTpnaLjgavjg5fjg6rjg7Pjg4jjga/lhaXjgorjgb7jgZvjgpPvvIk8YnI+4oC75Y2T5LiK44Ob44Or44OA44O844Gu5YWF6Zu75Zmo44Gr44Gv5a++5b+c44GX44Gm44GK44KK44G+44Gb44KT44CCKOOCseODvOOCueOCkuijheedgOOBl+OBn+OBvuOBvuOCs+ODjeOCr+OCv+ODvOOBq+ebtOaOpeW3ruOBl+i+vOOCk+OBp+OBruWFhembu+OBr+WPr+iDveOBp+OBmeKYhik8YnI+PGJyPiDimIYg44Gd44Gu5LuW44CBU0NMMjPkuIDopqfjga/jgZPjgaHjgok8YnI+PGJyPjxicj48dGFibGU+Cjx0cj4KPHRkIGFsaWduPSJjZW50ZXIiPjxmb250IHNpemU9IjMiPuKWvOKWvOKWvOOCseODvOOCueijheedgOOCpOODoeODvOOCuOS+i+OBr+KWvOKWvOKWvDxicj4mZ3Q7Jmd0OyZndDsmZ3Q74piG44GT44Gh44KJ4piGJmx0OyZsdDsmbHQ7Jmx0OzwvZm9udD48YnI+PGJyPjxpbWcgc3JjPSJodHRwOi8vaW1hZ2UucmFrdXRlbi5jby5qcC9raW50c3UvY2FiaW5ldC9wbHVzLXMva3lvdXRzdS9mdWxsdGV4MDIuanBnIiB3aWR0aD0iMzAwIiBib3JkZXI9IjAiIGFsdD0iIiAvPjxiciAvPgo8YnI+Cjxicj4KPGZvbnQgc2l6ZT0iMyI+5pel5pys576O5Lq6IEpBUEFORVNFIEJJSklOIFRZUEUxPGJyPjwvZm9udD48YnIgLz4KIDxpbWcgc3JjPSJodHRwOi8vaW1hZ2UucmFrdXRlbi5jby5qcC9raW50c3UvY2FiaW5ldC9wbHVzLXMvbS9zYy0wNGYvcHMtc2MwNGYtMDA5NWEuanBnIiAgd2lkdGg9IjMwMCIgYm9yZGVyPSIwIiBhbHQ9IiIgLz48YnI+PGJyPgo8Zm9udD7nvo7jgZfjgYTnnYDnianlp7/jga7ml6XmnKznvo7kurogU0NMMjPjgq/jg6rjgqIg44Kx44O844K544CCPC9mb250PjxiciAvPjxiciAvPgo8Zm9udCBzaXplPSIyIj7jgYrlpb3jgb/jga7jg4fjgrbjgqTjg7PjgpLjg5Xjg6vjgavmpb3jgZfjgoHjgovjgrHjg7zjgrnlhajpnaLjg5fjg6rjg7Pjg4jku5Xmp5jvvIHlgbTpnaLjgq/jg6rjgqLjgarjga7jgafjgIHkuIvlnLDjga7mnKzkvZPjgqvjg6njg7zjgpLmtLvjgYvjgZfjgb7jgZnimarml6XmnKzoo73jgonjgZfjgYTnvo7jgZfjgYTprq7jgoTjgYvjgarjg4fjgrbjgqTjg7PjgYzmpb3jgZfjgoHjgovlvZPlupfoh6rmhaLjga7jgqrjg6rjgrjjg4rjg6vjg5fjg6rjg7Pjg4jjgrHjg7zjgrnjgafjgZnimao8YnIgLz5tYWRlIGluIGphcGFuPC9mb250PjxiciAvPjxiciAvPgo8aW1nIHNyYz0iaHR0cDovL2ltYWdlLnJha3V0ZW4uY28uanAva2ludHN1L2NhYmluZXQvcGx1cy1zL2t5b3V0c3UvZmlsbV9wcmU2LmpwZyIgd2lkdGg9IjMwMCIgYm9yZGVyPSIwIiBhbHQ9IiIgLz48L3RkPgo8L3RyPgo8dHI+Cjx0ZCBhbGlnbj0icmlnaHQiPjxiciAvPjxiPjxmb250IHNpemU9IjMiPiZndDsmZ3Q75LuW44CBU0NMMjPkuIDopqfjga/jgZPjgaHjgok8L2ZvbnQ+PC9iPjxiciAvPjxiciAvPgo8L3RkPgo8L3RyPgo8L3RhYmxlPg==,YXUgR0FMQVhZIFM1IFNDTDIzICDjgrHjg7zjgrkg44Kr44OQ44O8IOaXpeacrOe+juS6uiBKQVBBTkVTRSBCSUpJTiBUWVBFMSBmb3IgYXUgR0FMQVhZIFM1IFNDTDIzICDjgrHjg7zjgrkg44Kr44OQ44O8W1NDTDIzXeOAkOOCruODo+ODqeOCr+OCt+ODvCBzY2wyMyDjgrHjg7zjgrkg44Kr44OQ44O8IGdhbGF4eSBzY2wyMyDjgrHjg7zjgrkv44Kr44OQ44O8L0NBU0Uv44KxJm1pbnVzO+OCueOAkeOAkOOCueODnuODm+OCq+ODkOODvCDjgrnjg57jg5vjgrHjg7zjgrnjgJHvvJrjgrHjg7zjgr/jgqTlsYsyNOOAgOalveWkqeW4guWgtOW6lw==,44K544Oe44O844OI44OV44Kp44Oz44Ki44Kv44K744K144Oq44O85pC65biv44K544OI44Op44OD44OX44K544OI44Op44OD44OX44K544Oe44Ob44Kx44O844K544K544Oe44O844OI44OV44Kp44OzIOOCseODvOOCueOCueODnuODm+ODlOOCouOCueOCpOODpOODm+ODs+OCuOODo+ODg+OCryDjgqLjgq/jgrvjgrXjg6rjg7zjgrnjg57jg7zjg4jjg5Xjgqnjg7Pjg5TjgqLjgrnjg43jg4Pjgq/jgrnjg4jjg6njg4Pjg5fjgrnjg6/jg63jg5Xjgrnjgq3jg7wg44OU44Ki44K544K544Ov44Ot44OV44K544Kt44O8IOOCueODiOODqeODg+ODl+OCueODnuODm+OCq+ODkOODvOOCueODnuODvOODiOODleOCqeODsyDjgqvjg5Djg7xhdSBHQUxBWFkgUzUgU0NMMjMgIOOCseODvOOCuSDjgqvjg5Djg7wg5pel5pys576O5Lq6IEpBUEFORVNFIEJJSklOIFRZUEUxIGZvciBhdSBHQUxBWFkgUzUgU0NMMjMgIOOCseODvOOCuSDjgqvjg5Djg7xbU0NMMjNd44CQ44Ku44Oj44Op44Kv44K344O8IHNjbDIzIOOCseODvOOCuSDjgqvjg5Djg7wgZ2FsYXh5IHNjbDIzIOOCseODvOOCuS/jgqvjg5Djg7wvQ0FTRS/jgrEmbWludXM744K544CR44CQ44K544Oe44Ob44Kr44OQ44O8IOOCueODnuODm+OCseODvOOCueOAkQ==,MuWAi+S7peS4iuOBp+mAgeaWmeeEoeaWme+8geOAgmF1IEdBTEFYWSBTNSBTQ0wyMyAg44Kx44O844K5IOOCq+ODkOODvCDml6XmnKznvo7kurogSkFQQU5FU0UgQklKSU4gVFlQRTEgZm9yIGF1IEdBTEFYWSBTNSBTQ0wyMyAg44Kx44O844K5IOOCq+ODkOODvFtTQ0wyM13jgJDjgq7jg6Pjg6njgq/jgrfjg7wgc2NsMjMg44Kx44O844K5IOOCq+ODkOODvCBnYWxheHkgc2NsMjMg44Kx44O844K5L+OCq+ODkOODvC9DQVNFL+OCsSZtaW51czvjgrnjgJHjgJDjgrnjg57jg5vjgqvjg5Djg7wg44K544Oe44Ob44Kx44O844K544CR[rn]
10-177676,aHR0cDovL3RzaG9wLnIxMHMuanAva2ludHN1L2NhYmluZXQvcGx1cy1zL24vc2MtMDRmL3BzLXNjMDRmLTEwMzBhLmpwZz9maXRpbj03MDA6NzAw,MTYwMC4wMDAw,,44K544Oe44O844OI44OV44Kp44Oz44O744K/44OW44Os44OD44OIID4g44K544Oe44O844OI44OV44Kp44Oz44Ki44Kv44K744K144Oq44O8ID4g44K544Oe44O844OI44OV44Kp44Oz44Kx44O844K5,YXUgR0FMQVhZIFM1IFNDTDIzICDjgrHjg7zjgrkg44Kr44OQ44O8IOWSjOafhCDniaHkuLnjgajpr4kgZm9yIGF1IEdBTEFYWSBTNSBTQ0wyMyAg44Kx44O844K5IOOCq+ODkOODvFtTQ0wyM13jgJDjgq7jg6Pjg6njgq/jgrfjg7wgc2NsMjMg44Kx44O844K5IOOCq+ODkOODvCBnYWxheHkgc2NsMjMg44Kx44O844K5L+OCq+ODkOODvC9DQVNFL+OCse+8jeOCueOAkeOAkOOCueODnuODm+OCq+ODkOODvCDjgrnjg57jg5vjgrHjg7zjgrnjgJE=,MuWAi+S7peS4iuOBp+mAgeaWmeeEoeaWme+8gQ==,PGJyPjxiPuKHklBD5ZWG5ZOB44Oa44O844K444Gn6Kmz44GX44GP6KaL44KLPC9iPjxicj48YnI+5ZKM5p+EIOe+juOBl+OBhOeJoeS4ueOBqOmvieOBrlNDTDIz44Kv44Oq44KiIOOCseODvOOCueOAgjxicj4gMuWAi+S7peS4iuOBlOizvOWFpe+8iDMyNDDlhobku6XkuIrvvInjgafjgIHphY3pgIHmlrnms5XjgIzpg7Xkvr/lsYDjgb7jgZ/jga/jg43jgrPjg53jgrnjgI3jgafpgIHmlpnnhKHmlpnjgavjgarjgorjgb7jgZnjgILjgYrmlK/miZXmlrnms5Xjga/jgIHku6PlvJXjgY3jgafjgoJPS++8geS7o+W8leOBjeOBruWgtOWQiOOBr+OAjOmDteS+v+WxgOOAjeOBp+mFjemAgeiHtOOBl+OBvuOBmeOAgjxicj48Zm9udCBjb2xvcj0iI2ZmMDAwMCI+5Y+X5rOo55Sf55Sj44Gu44Gf44KB44CB44GU5rOo5paH5b6M44Gu5aSJ5pu044CB6L+U5ZOB44CB44Kt44Oj44Oz44K744Or44Gv44GK5Y+X5LuY44Gn44GN44G+44Gb44KT44CCPC9mb250Pjxicj48YnI+IOKAu+e0oOadkO+8muOCr+ODquOCouOCseODvOOCueacrOS9k++8j+ODneODquOCq+ODvOODnOODjeODvOODiOWKoOW3pSjjgq/jg6rjgqLjgrHjg7zjgrkp77yaVVbnoazljJblnovjgqTjg7Pjgq/vvIjlgbTpnaLjgavjg5fjg6rjg7Pjg4jjga/lhaXjgorjgb7jgZvjgpPvvIk8YnI+4oC75Y2T5LiK44Ob44Or44OA44O844Gu5YWF6Zu75Zmo44Gr44Gv5a++5b+c44GX44Gm44GK44KK44G+44Gb44KT44CCKOOCseODvOOCueOCkuijheedgOOBl+OBn+OBvuOBvuOCs+ODjeOCr+OCv+ODvOOBq+ebtOaOpeW3ruOBl+i+vOOCk+OBp+OBruWFhembu+OBr+WPr+iDveOBp+OBmeKYhik8YnI+PGJyPiDimIYg44Gd44Gu5LuW44CBU0NMMjPkuIDopqfjga/jgZPjgaHjgok8YnI+PGJyPjxicj48dGFibGU+Cjx0cj4KPHRkIGFsaWduPSJjZW50ZXIiPjxmb250IHNpemU9IjMiPuKWvOKWvOKWvOOCseODvOOCueijheedgOOCpOODoeODvOOCuOS+i+OBr+KWvOKWvOKWvDxicj4mZ3Q7Jmd0OyZndDsmZ3Q74piG44GT44Gh44KJ4piGJmx0OyZsdDsmbHQ7Jmx0OzwvZm9udD48YnI+PGJyPjxpbWcgc3JjPSJodHRwOi8vaW1hZ2UucmFrdXRlbi5jby5qcC9raW50c3UvY2FiaW5ldC9wbHVzLXMva3lvdXRzdS9mdWxsdGV4MDIuanBnIiB3aWR0aD0iMzAwIiBib3JkZXI9IjAiIGFsdD0iIiAvPjxiciAvPgo8YnI+Cjxicj4KPGZvbnQgc2l6ZT0iMyI+5ZKM5p+EIOeJoeS4ueOBqOmviTxicj48L2ZvbnQ+PGJyIC8+CiA8aW1nIHNyYz0iaHR0cDovL2ltYWdlLnJha3V0ZW4uY28uanAva2ludHN1L2NhYmluZXQvcGx1cy1zL24vc2MtMDRmL3BzLXNjMDRmLTEwMzBhLmpwZyIgIHdpZHRoPSIzMDAiIGJvcmRlcj0iMCIgYWx0PSIiIC8+PGJyPjxicj4KPGZvbnQ+5ZKM5p+EIOe+juOBl+OBhOeJoeS4ueOBqOmvieOBrlNDTDIz44Kv44Oq44KiIOOCseODvOOCueOAgjwvZm9udD48YnIgLz48YnIgLz4KPGZvbnQgc2l6ZT0iMiI+44GK5aW944G/44Gu44OH44K244Kk44Oz44KS44OV44Or44Gr5qW944GX44KB44KL44Kx44O844K55YWo6Z2i44OX44Oq44Oz44OI5LuV5qeY77yB5YG06Z2i44Kv44Oq44Ki44Gq44Gu44Gn44CB5LiL5Zyw44Gu5pys5L2T44Kr44Op44O844KS5rS744GL44GX44G+44GZ4pmq5pel5pys6KO944KJ44GX44GE576O44GX44GE6a6u44KE44GL44Gq44OH44K244Kk44Oz44GM5qW944GX44KB44KL5b2T5bqX6Ieq5oWi44Gu44Kq44Oq44K444OK44Or44OX44Oq44Oz44OI44Kx44O844K544Gn44GZ4pmqPGJyIC8+bWFkZSBpbiBqYXBhbjwvZm9udD48YnIgLz48YnIgLz4KPGltZyBzcmM9Imh0dHA6Ly9pbWFnZS5yYWt1dGVuLmNvLmpwL2tpbnRzdS9jYWJpbmV0L3BsdXMtcy9reW91dHN1L2ZpbG1fcHJlNi5qcGciIHdpZHRoPSIzMDAiIGJvcmRlcj0iMCIgYWx0PSIiIC8+PC90ZD4KPC90cj4KPHRyPgo8dGQgYWxpZ249InJpZ2h0Ij48YnIgLz48Yj48Zm9udCBzaXplPSIzIj4mZ3Q7Jmd0O+S7luOAgVNDTDIz5LiA6Kan44Gv44GT44Gh44KJPC9mb250PjwvYj48YnIgLz48YnIgLz4KPC90ZD4KPC90cj4KPC90YWJsZT4=,YXUgR0FMQVhZIFM1IFNDTDIzICDjgrHjg7zjgrkg44Kr44OQ44O8IOWSjOafhCDniaHkuLnjgajpr4kgZm9yIGF1IEdBTEFYWSBTNSBTQ0wyMyAg44Kx44O844K5IOOCq+ODkOODvFtTQ0wyM13jgJDjgq7jg6Pjg6njgq/jgrfjg7wgc2NsMjMg44Kx44O844K5IOOCq+ODkOODvCBnYWxheHkgc2NsMjMg44Kx44O844K5L+OCq+ODkOODvC9DQVNFL+OCsSZtaW51czvjgrnjgJHjgJDjgrnjg57jg5vjgqvjg5Djg7wg44K544Oe44Ob44Kx44O844K544CR77ya44Kx44O844K/44Kk5bGLMjTjgIDmpb3lpKnluILloLTlupc=,44K544Oe44O844OI44OV44Kp44Oz44Ki44Kv44K744K144Oq44O85pC65biv44K544OI44Op44OD44OX44K544OI44Op44OD44OX44K544Oe44Ob44Kx44O844K544K544Oe44O844OI44OV44Kp44OzIOOCseODvOOCueOCueODnuODm+ODlOOCouOCueOCpOODpOODm+ODs+OCuOODo+ODg+OCryDjgqLjgq/jgrvjgrXjg6rjg7zjgrnjg57jg7zjg4jjg5Xjgqnjg7Pjg5TjgqLjgrnjg43jg4Pjgq/jgrnjg4jjg6njg4Pjg5fjgrnjg6/jg63jg5Xjgrnjgq3jg7wg44OU44Ki44K544K544Ov44Ot44OV44K544Kt44O8IOOCueODiOODqeODg+ODl+OCueODnuODm+OCq+ODkOODvOOCueODnuODvOODiOODleOCqeODsyDjgqvjg5Djg7xhdSBHQUxBWFkgUzUgU0NMMjMgIOOCseODvOOCuSDjgqvjg5Djg7wg5ZKM5p+EIOeJoeS4ueOBqOmviSBmb3IgYXUgR0FMQVhZIFM1IFNDTDIzICDjgrHjg7zjgrkg44Kr44OQ44O8W1NDTDIzXeOAkOOCruODo+ODqeOCr+OCt+ODvCBzY2wyMyDjgrHjg7zjgrkg44Kr44OQ44O8IGdhbGF4eSBzY2wyMyDjgrHjg7zjgrkv44Kr44OQ44O8L0NBU0Uv44KxJm1pbnVzO+OCueOAkeOAkOOCueODnuODm+OCq+ODkOODvCDjgrnjg57jg5vjgrHjg7zjgrnjgJE=,MuWAi+S7peS4iuOBp+mAgeaWmeeEoeaWme+8geOAgmF1IEdBTEFYWSBTNSBTQ0wyMyAg44Kx44O844K5IOOCq+ODkOODvCDlkozmn4Qg54mh5Li544Go6a+JIGZvciBhdSBHQUxBWFkgUzUgU0NMMjMgIOOCseODvOOCuSDjgqvjg5Djg7xbU0NMMjNd44CQ44Ku44Oj44Op44Kv44K344O8IHNjbDIzIOOCseODvOOCuSDjgqvjg5Djg7wgZ2FsYXh5IHNjbDIzIOOCseODvOOCuS/jgqvjg5Djg7wvQ0FTRS/jgrEmbWludXM744K544CR44CQ44K544Oe44Ob44Kr44OQ44O8IOOCueODnuODm+OCseODvOOCueOAkQ==[rn]
10-177677,aHR0cDovL3RzaG9wLnIxMHMuanAva2ludHN1L2NhYmluZXQvcGx1cy1zL2RpYXJ5L3BsdXMtZGlhcnktbXVkMDA0MmEyLmpwZz9maXRpbj03MDA6NzAw,MTgzNi44MDAw,,44K544Oe44O844OI44OV44Kp44Oz44O744K/44OW44Os44OD44OIID4g44K544Oe44O844OI44OV44Kp44Oz44Ki44Kv44K744K144Oq44O8ID4g44K544Oe44O844OI44OV44Kp44Oz44Kx44O844K5,R0FMQVhZIFM1IFNDLTA0RiBTQ0wyMyDmiYvluLPlnovjgrHjg7zjgrkgc2MwNGYg44Ku44Oj44Op44Kv44K344O8IOOCouOCr+ODhuOCo+ODliDjgrHjg7zjgrkg5omL5biz5Z6LIOODgeOCp+ODg+OCryDjg4Hjgqfjg4Pjgqvjg7wg5biC5p2+5qih5qeYIOOCq+ODkOODvCBzYy0wNGbjgrHjg7zjgrkgc2MtMDRm44Kr44OQ44O8IHNjbDIz44Kx44O844K5IHNjbDIz44Kr44OQ44O8IGdhbGF4eSDjgrHjg7zjgrkg44Kr44OQ44O8IOOBiuOBl+OCg+OCjCDjgYvjgo/jgYTjgYQg5omL5biz5Z6L44K544Oe44Ob44Kx44O844K5IOOCueODnuODm+OCseODvOOCuSDjgrnjg57jg5vjgqvjg5Djg7w=,R0FMQVhZIFM1IOOCseODvOOCuSDmiYvluLPlnosg44K544Oe44Ob44Kx44O844K5IOaJi+W4s+OCseODvOOCueKYhg==,PGJyPjxiPuKHklBD5ZWG5ZOB44Oa44O844K444Gn6Kmz44GX44GP6KaL44KLPC9iPjxicj48YnI+Cjxmb250IGNvbG9yPSIjZmY2NmNjIj7jgqvjg6njg5Xjg6vjgafkuIrlk4HjgarluILmnb7mqKHmp5jvvIjjgr/jgqTjg6vjg7vjg4Hjgqfjg4Pjgq/mn4TvvInjga4gPGJyPuaJi+W4s+WeiyDjg4DjgqTjgqLjg6rjg7zjgrHjg7zjgrnjgILjg5Djg6njgqjjg4bjgqPjgoLosYrlr4zimIY8L2ZvbnQ+PGJyPgo8YnI+Cjx0YWJsZSBib3JkZXI9IjAiIGFsaWduPSJjZW50ZXIiPgo8dHI+Cjx0ZD48aW1nIHNyYz0iaHR0cDovL2ltYWdlLnJha3V0ZW4uY28uanAva2ludHN1L2NhYmluZXQvcGx1cy1zL2RpYXJ5L3BsdXMtZGlhcnktbXVkMDA0MmEyLmpwZyIgd2lkdGg9IjEwMCUiIGJvcmRlcj0iMCI+PC90ZD4KPC90cj4KPHRyPgo8dGQ+PGltZyBzcmM9Imh0dHA6Ly93d3cucmFrdXRlbi5uZS5qcC9nb2xkL2tpbnRzdS9zX2l0ZW0vcGx1cy1kaWFyeS9wbHVzLXNtYS1iYXNlMi5qcGciIHdpZHRoPSIxMDAlIiBib3JkZXI9IjAiPjxicj4KICAgIDxicj4KICAgIDxicj4KICAgIDwvdGQ+PC90cj48dHI+PHRkPjxpbWcgc3JjPSJodHRwOi8vd3d3LnJha3V0ZW4ubmUuanAvZ29sZC9raW50c3Uvc19pdGVtL3BsdXMtZGlhcnkvcGx1cy1zbWEtbXVkMDA0MmEuanBnIiB3aWR0aD0iMTAwJSIgYm9yZGVyPSIwIj48L3RkPgo8L3RyPjwvdGFibGU+PGJyPjxocj4K44Kr44Op44OV44Or44Gn5LiK5ZOB44Gq5biC5p2+5qih5qeY77yI44K/44Kk44Or44O744OB44Kn44OD44Kv5p+E77yJ44GuIOaJi+W4s+WeiyDjg4DjgqTjgqLjg6rjg7zjgrHjg7zjgrnjgILjg5Djg6njgqjjg4bjgqPjgoLosYrlr4zimIY8YnI+MuWAi+S7peS4iuOBlOizvOWFpe+8iDMyNDDlhobku6XkuIrvvInjgafjgIHphY3pgIHmlrnms5XjgIzpg7Xkvr/lsYDjgb7jgZ/jga/jg43jgrPjg53jgrnjgI3jgafpgIHmlpnnhKHmlpnjgavjgarjgorjgb7jgZnjgILjgYrmlK/miZXmlrnms5Xjga/jgIHku6PlvJXjgY3jgafjgoJPS++8geS7o+W8leOBjeOBruWgtOWQiOOBr+OAjOmDteS+v+WxgOOAjeOBp+mFjemAgeiHtOOBl+OBvuOBmeOAgjxicj48Zm9udCBjb2xvcj0iI2ZmMDAwMCI+5Y+X5rOo55Sf55Sj44Gu44Gf44KB44CB44GU5rOo5paH5b6M44Gu5aSJ5pu044CB6L+U5ZOB44CB44Kt44Oj44Oz44K744Or44Gv44GK5Y+X5LuY44Gn44GN44G+44Gb44KT44CCPC9mb250Pjxicj48YnI+Cue0oOadkO+8muaJi+W4s+OCseODvOOCueacrOS9k++8j+WQiOearuOAgOODj+ODvOODieOCseODvOOCue+8j+ODneODquOCq+ODvOODnOODjeODvOODiCjjg5bjg6njg4Pjgq8pPGJyPgrliqDlt6XvvJpVVuehrOWMluWei+OCpOODs+OCrzxicj7igLvljZPkuIrjg5vjg6vjg4Djg7zjga7lhYXpm7vlmajjgavjga/lr77lv5zjgZfjgabjgYrjgorjgb7jgZvjgpPjgIIo44Kx44O844K544KS6KOF552A44GX44Gf44G+44G+44Kz44ON44Kv44K/44O844Gr55u05o6l5beu44GX6L6844KT44Gn44Gu5YWF6Zu744Gv5Y+v6IO944Gn44GZ4piGKOS4gOmDqOmdnuWvvuW/nOapn+eoruacieOCiikpPGJyPgrigLvlhpnnnJ/jga/jgqTjg6Hjg7zjgrjnlLvlg4/jgavjgarjgorjgb7jgZnjgILntbXmn4TjgYzliIfjgozjgovjgZPjgajjgYzjgZTjgZbjgYTjgb7jgZnjgIIK4oC75a6f54mp44Gu6Imy44Gr6L+R44Gl44GR44KL44KI44GG44Gr5Yqq44KB44Gm44GE44G+44GZ44GM44CB44GU5Yip55So44Gu44Oi44OL44K/44O844CBUEPjgoTjgrnjg57jg7zjg4jjg5Xjgqnjg7Pjga7nkrDlooPjgavjgojjgormjrLovInlhpnnnJ/jga7oibLjgYzlrp/nianjga7oibLjgajpgZXjgaPjgabopovjgYjjgovloLTlkIjjgYzjgZTjgZbjgYTjgb7jgZnjgIIKPGJyPjxicj4KCuKYhiDjgZ3jga7ku5bjgIHmiYvluLPlnovjgrHjg7zjgrnkuIDopqfjga/jgZPjgaHjgok8YnI+PGJyPjxicj4KPGZvbnQgY29sb3I9IiMzMzAwOTkiPuOCquOCt+ODo+ODrOOBquaJi+W4s+Wei+OCseODvOOCuTxicj4K44Kr44Op44OV44Or44Gn5LiK5ZOB44Gq5biC5p2+5qih5qeY77yI44K/44Kk44Or44O744OB44Kn44OD44Kv5p+E77yJ44GuIOmBuOOBueOCi+WFqDnjgr/jgqTjg5c8L2ZvbnQ+PGJyPjxicj48Zm9udCBjb2xvcj0iI0ZGMDAwMCI+PGI+4oC744OH44K244Kk44Oz44O744Kr44Op44O844Gu6KaL5pys44Gv44Oa44O844K444Gu5LiA55Wq5LiK44Gr44GC44KL5ZWG5ZOB55S75YOP44Gu77yS5p6a55uu5Lul6ZmN44KS44GU6Kan44GP44Gg44GV44GE44CCPC9iPjwvZm9udD4KPGJyPjxicj48Yj48Zm9udCBjb2xvcj0iI2ZmMDAwMCI+4oC76YOo5p2Q44Gu6Kqk5beu44Gr44KI44KL5ZOB5YiH44KM44GM55m655Sf44GX44Gf5aC05ZCI44Gv44CB5YWl6I235qyh56ys44Gu6KO95L2c44O755m66YCB44Go44Gq44KL5aC05ZCI44GM44GU44GW44GE44G+44GZ44CCPGJyPuOBneOBrumam+OBr+OAgeOBlOazqOaWh+W+jOWIpemAlOODoeODvOODq+OBq+OBpuOBlOmAo+e1oeOBleOBm+OBpumgguOBjeOBvuOBmeOAgjxicj7jgb7jgZ/jgIHmiYvluLPjgavjgrnjgr/jg7Pjg4nmqZ/og70o5oqY44KK55uu77yJ44GM44Gk44GE44Gm44GE44KL5aC05ZCI44GM44GU44GW44GE44G+44GZ44CCPGJyPuS6iOOCgeOAgeOBlOS6huaJv+mhmOOBhOOBl+OBvuOBmeOAgjwvZm9udD48L2I+PGJyPjxicj4=,R0FMQVhZIFM1IFNDLTA0RiBTQ0wyMyDmiYvluLPlnovjgrHjg7zjgrkgc2MwNGYg44Ku44Oj44Op44Kv44K344O8IOOCouOCr+ODhuOCo+ODliDjgrHjg7zjgrkg5omL5biz5Z6LIOODgeOCp+ODg+OCryDjg4Hjgqfjg4Pjgqvjg7wg5biC5p2+5qih5qeYIOOCq+ODkOODvCBzYy0wNGbjgrHjg7zjgrkgc2MtMDRm44Kr44OQ44O8IHNjbDIz44Kx44O844K5IHNjbDIz44Kr44OQ44O8IGdhbGF4eSDjgrHjg7zjgrkg44Kr44OQ44O8IOOBiuOBl+OCg+OCjCDjgYvjgo/jgYTjgYQg5omL5biz5Z6L44K544Oe44Ob44Kx44O844K5IOOCueODnuODm+OCseODvOOCuSDjgrnjg57jg5vjgqvjg5Djg7zvvJrjgrHjg7zjgr/jgqTlsYsyNOOAgOalveWkqeW4guWgtOW6lw==,44K544Oe44O844OI44OV44Kp44Oz44Ki44Kv44K744K144Oq44O85pC65biv44K544OI44Op44OD44OX44K544OI44Op44OD44OX44K544Oe44Ob44Kx44O844K544K544Oe44O844OI44OV44Kp44OzIOOCseODvOOCueOCueODnuODm+ODlOOCouOCueOCpOODpOODm+ODs+OCuOODo+ODg+OCryDjgqLjgq/jgrvjgrXjg6rjg7zjgrnjg57jg7zjg4jjg5Xjgqnjg7Pjg5TjgqLjgrnjg43jg4Pjgq/jgrnjg4jjg6njg4Pjg5fjgrnjg6/jg63jg5Xjgrnjgq3jg7wg44OU44Ki44K544K544Ov44Ot44OV44K544Kt44O8IOOCueODiOODqeODg+ODl+OCueODnuODm+OCq+ODkOODvOOCueODnuODvOODiOODleOCqeODsyDjgqvjg5Djg7xHQUxBWFkgUzUgU0MtMDRGIFNDTDIzIOaJi+W4s+Wei+OCseODvOOCuSBzYzA0ZiDjgq7jg6Pjg6njgq/jgrfjg7wg44Ki44Kv44OG44Kj44OWIOOCseODvOOCuSDmiYvluLPlnosg44OB44Kn44OD44KvIOODgeOCp+ODg+OCq+ODvCDluILmnb7mqKHmp5gg44Kr44OQ44O8IHNjLTA0ZuOCseODvOOCuSBzYy0wNGbjgqvjg5Djg7wgc2NsMjPjgrHjg7zjgrkgc2NsMjPjgqvjg5Djg7wgZ2FsYXh5IOOCseODvOOCuSDjgqvjg5Djg7wg44GK44GX44KD44KMIOOBi+OCj+OBhOOBhCDmiYvluLPlnovjgrnjg57jg5vjgrHjg7zjgrkg44K544Oe44Ob44Kx44O844K5IOOCueODnuODm+OCq+ODkOODvA==,R0FMQVhZIFM1IOOCseODvOOCuSDmiYvluLPlnosg44K544Oe44Ob44Kx44O844K5IOaJi+W4s+OCseODvOOCueKYhuOAgkdBTEFYWSBTNSBTQy0wNEYgU0NMMjMg5omL5biz5Z6L44Kx44O844K5IHNjMDRmIOOCruODo+ODqeOCr+OCt+ODvCDjgqLjgq/jg4bjgqPjg5Yg44Kx44O844K5IOaJi+W4s+WeiyDjg4Hjgqfjg4Pjgq8g44OB44Kn44OD44Kr44O8IOW4guadvuaooeanmCDjgqvjg5Djg7wgc2MtMDRm44Kx44O844K5IHNjLTA0ZuOCq+ODkOODvCBzY2wyM+OCseODvOOCuSBzY2wyM+OCq+ODkOODvCBnYWxheHkg44Kx44O844K5IOOCq+ODkOODvCDjgYrjgZfjgoPjgowg44GL44KP44GE44GEIOaJi+W4s+Wei+OCueODnuODm+OCseODvOOCuSDjgrnjg57jg5vjgrHjg7zjgrkg44K544Oe44Ob44Kr44OQ44O8[rn]
10-177678,aHR0cDovL3RzaG9wLnIxMHMuanAva2ludHN1L2NhYmluZXQvcGx1cy1zL2RpYXJ5L3BsdXMtZGlhcnktdG1kMDAwNmEyLmpwZz9maXRpbj03MDA6NzAw,MTgzNi44MDAw,,44K544Oe44O844OI44OV44Kp44Oz44O744K/44OW44Os44OD44OIID4g44K544Oe44O844OI44OV44Kp44Oz44Ki44Kv44K744K144Oq44O8ID4g44K544Oe44O844OI44OV44Kp44Oz44Kx44O844K5,R0FMQVhZIFM1IFNDLTA0RiBTQ0wyMyDmiYvluLPlnovjgrHjg7zjgrkgc2MwNGYg44Ku44Oj44Op44Kv44K344O8IOOCouOCr+ODhuOCo+ODliDjgrHjg7zjgrkg5omL5biz5Z6LIOOCouODi+ODnuODqyDli5Xniakg55mS44GX57O7IOOCq+ODkOODvCBzYy0wNGbjgrHjg7zjgrkgc2MtMDRm44Kr44OQ44O8IHNjbDIz44Kx44O844K5IHNjbDIz44Kr44OQ44O8IGdhbGF4eSDjgrHjg7zjgrkg44Kr44OQ44O8IOOBiuOBl+OCg+OCjCDjgYvjgo/jgYTjgYQg5omL5biz5Z6L44K544Oe44Ob44Kx44O844K5IOOCueODnuODm+OCseODvOOCuSDjgrnjg57jg5vjgqvjg5Djg7w=,R0FMQVhZIFM1IOOCseODvOOCuSDmiYvluLPlnosg44K544Oe44Ob44Kx44O844K5IOaJi+W4s+OCseODvOOCueKYhg==,PGJyPjxiPuKHklBD5ZWG5ZOB44Oa44O844K444Gn6Kmz44GX44GP6KaL44KLPC9iPjxicj48YnI+Cjxmb250IGNvbG9yPSIjZmY2NmNjIj7jg43jgrPjgIHjgrfjg63jgq/jg57jgIHjgqvjg5Tjg5Djg6njgIHjg4jjgqTjg5fjg7zjg4njg6vjgIHjgqbjgrXjgq7nrYnkurrmsJfli5Xnianjga4gPGJyPuaJi+W4s+WeiyDjg4DjgqTjgqLjg6rjg7zjgrHjg7zjgrnjgILjg5Djg6njgqjjg4bjgqPjgoLosYrlr4zimIY8L2ZvbnQ+PGJyPgo8YnI+Cjx0YWJsZSBib3JkZXI9IjAiIGFsaWduPSJjZW50ZXIiPgo8dHI+Cjx0ZD48aW1nIHNyYz0iaHR0cDovL2ltYWdlLnJha3V0ZW4uY28uanAva2ludHN1L2NhYmluZXQvcGx1cy1zL2RpYXJ5L3BsdXMtZGlhcnktdG1kMDAwNmEyLmpwZyIgd2lkdGg9IjEwMCUiIGJvcmRlcj0iMCI+PC90ZD4KPC90cj4KPHRyPgo8dGQ+PGltZyBzcmM9Imh0dHA6Ly93d3cucmFrdXRlbi5uZS5qcC9nb2xkL2tpbnRzdS9zX2l0ZW0vcGx1cy1kaWFyeS9wbHVzLXNtYS1iYXNlMi5qcGciIHdpZHRoPSIxMDAlIiBib3JkZXI9IjAiPjxicj4KICAgIDxicj4KICAgIDxicj4KICAgIDwvdGQ+PC90cj48dHI+PHRkPjxpbWcgc3JjPSJodHRwOi8vd3d3LnJha3V0ZW4ubmUuanAvZ29sZC9raW50c3Uvc19pdGVtL3BsdXMtZGlhcnkvcGx1cy1zbWEtdG1kMDAwNmEuanBnIiB3aWR0aD0iMTAwJSIgYm9yZGVyPSIwIj48L3RkPgo8L3RyPjwvdGFibGU+PGJyPjxocj4K44ON44Kz44CB44K344Ot44Kv44Oe44CB44Kr44OU44OQ44Op44CB44OI44Kk44OX44O844OJ44Or44CB44Km44K144Ku562J5Lq65rCX5YuV54mp44GuIOaJi+W4s+WeiyDjg4DjgqTjgqLjg6rjg7zjgrHjg7zjgrnjgILjg5Djg6njgqjjg4bjgqPjgoLosYrlr4zimIY8YnI+MuWAi+S7peS4iuOBlOizvOWFpe+8iDMyNDDlhobku6XkuIrvvInjgafjgIHphY3pgIHmlrnms5XjgIzpg7Xkvr/lsYDjgb7jgZ/jga/jg43jgrPjg53jgrnjgI3jgafpgIHmlpnnhKHmlpnjgavjgarjgorjgb7jgZnjgILjgYrmlK/miZXmlrnms5Xjga/jgIHku6PlvJXjgY3jgafjgoJPS++8geS7o+W8leOBjeOBruWgtOWQiOOBr+OAjOmDteS+v+WxgOOAjeOBp+mFjemAgeiHtOOBl+OBvuOBmeOAgjxicj48Zm9udCBjb2xvcj0iI2ZmMDAwMCI+5Y+X5rOo55Sf55Sj44Gu44Gf44KB44CB44GU5rOo5paH5b6M44Gu5aSJ5pu044CB6L+U5ZOB44CB44Kt44Oj44Oz44K744Or44Gv44GK5Y+X5LuY44Gn44GN44G+44Gb44KT44CCPC9mb250Pjxicj48YnI+Cue0oOadkO+8muaJi+W4s+OCseODvOOCueacrOS9k++8j+WQiOearuOAgOODj+ODvOODieOCseODvOOCue+8j+ODneODquOCq+ODvOODnOODjeODvOODiCjjg5bjg6njg4Pjgq8pPGJyPgrliqDlt6XvvJpVVuehrOWMluWei+OCpOODs+OCrzxicj7igLvljZPkuIrjg5vjg6vjg4Djg7zjga7lhYXpm7vlmajjgavjga/lr77lv5zjgZfjgabjgYrjgorjgb7jgZvjgpPjgIIo44Kx44O844K544KS6KOF552A44GX44Gf44G+44G+44Kz44ON44Kv44K/44O844Gr55u05o6l5beu44GX6L6844KT44Gn44Gu5YWF6Zu744Gv5Y+v6IO944Gn44GZ4piGKOS4gOmDqOmdnuWvvuW/nOapn+eoruacieOCiikpPGJyPgrigLvlhpnnnJ/jga/jgqTjg6Hjg7zjgrjnlLvlg4/jgavjgarjgorjgb7jgZnjgILntbXmn4TjgYzliIfjgozjgovjgZPjgajjgYzjgZTjgZbjgYTjgb7jgZnjgIIK4oC75a6f54mp44Gu6Imy44Gr6L+R44Gl44GR44KL44KI44GG44Gr5Yqq44KB44Gm44GE44G+44GZ44GM44CB44GU5Yip55So44Gu44Oi44OL44K/44O844CBUEPjgoTjgrnjg57jg7zjg4jjg5Xjgqnjg7Pjga7nkrDlooPjgavjgojjgormjrLovInlhpnnnJ/jga7oibLjgYzlrp/nianjga7oibLjgajpgZXjgaPjgabopovjgYjjgovloLTlkIjjgYzjgZTjgZbjgYTjgb7jgZnjgIIKPGJyPjxicj4KCuKYhiDjgZ3jga7ku5bjgIHmiYvluLPlnovjgrHjg7zjgrnkuIDopqfjga/jgZPjgaHjgok8YnI+PGJyPjxicj4KPGZvbnQgY29sb3I9IiMzMzAwOTkiPuOCquOCt+ODo+ODrOOBquaJi+W4s+Wei+OCseODvOOCuTxicj4K44ON44Kz44CB44K344Ot44Kv44Oe44CB44Kr44OU44OQ44Op44CB44OI44Kk44OX44O844OJ44Or44CB44Km44K144Ku562J5Lq65rCX5YuV54mp44GuIOmBuOOBueOCi+WFqDnjgr/jgqTjg5c8L2ZvbnQ+PGJyPjxicj48Zm9udCBjb2xvcj0iI0ZGMDAwMCI+PGI+4oC744OH44K244Kk44Oz44O744Kr44Op44O844Gu6KaL5pys44Gv44Oa44O844K444Gu5LiA55Wq5LiK44Gr44GC44KL5ZWG5ZOB55S75YOP44Gu77yS5p6a55uu5Lul6ZmN44KS44GU6Kan44GP44Gg44GV44GE44CCPC9iPjwvZm9udD4KPGJyPjxicj48Yj48Zm9udCBjb2xvcj0iI2ZmMDAwMCI+4oC76YOo5p2Q44Gu6Kqk5beu44Gr44KI44KL5ZOB5YiH44KM44GM55m655Sf44GX44Gf5aC05ZCI44Gv44CB5YWl6I235qyh56ys44Gu6KO95L2c44O755m66YCB44Go44Gq44KL5aC05ZCI44GM44GU44GW44GE44G+44GZ44CCPGJyPuOBneOBrumam+OBr+OAgeOBlOazqOaWh+W+jOWIpemAlOODoeODvOODq+OBq+OBpuOBlOmAo+e1oeOBleOBm+OBpumgguOBjeOBvuOBmeOAgjxicj7jgb7jgZ/jgIHmiYvluLPjgavjgrnjgr/jg7Pjg4nmqZ/og70o5oqY44KK55uu77yJ44GM44Gk44GE44Gm44GE44KL5aC05ZCI44GM44GU44GW44GE44G+44GZ44CCPGJyPuS6iOOCgeOAgeOBlOS6huaJv+mhmOOBhOOBl+OBvuOBmeOAgjwvZm9udD48L2I+PGJyPjxicj4=,R0FMQVhZIFM1IFNDLTA0RiBTQ0wyMyDmiYvluLPlnovjgrHjg7zjgrkgc2MwNGYg44Ku44Oj44Op44Kv44K344O8IOOCouOCr+ODhuOCo+ODliDjgrHjg7zjgrkg5omL5biz5Z6LIOOCouODi+ODnuODqyDli5Xniakg55mS44GX57O7IOOCq+ODkOODvCBzYy0wNGbjgrHjg7zjgrkgc2MtMDRm44Kr44OQ44O8IHNjbDIz44Kx44O844K5IHNjbDIz44Kr44OQ44O8IGdhbGF4eSDjgrHjg7zjgrkg44Kr44OQ44O8IOOBiuOBl+OCg+OCjCDjgYvjgo/jgYTjgYQg5omL5biz5Z6L44K544Oe44Ob44Kx44O844K5IOOCueODnuODm+OCseODvOOCuSDjgrnjg57jg5vjgqvjg5Djg7zvvJrjgrHjg7zjgr/jgqTlsYsyNOOAgOalveWkqeW4guWgtOW6lw==,44K544Oe44O844OI44OV44Kp44Oz44Ki44Kv44K744K144Oq44O85pC65biv44K544OI44Op44OD44OX44K544OI44Op44OD44OX44K544Oe44Ob44Kx44O844K544K544Oe44O844OI44OV44Kp44OzIOOCseODvOOCueOCueODnuODm+ODlOOCouOCueOCpOODpOODm+ODs+OCuOODo+ODg+OCryDjgqLjgq/jgrvjgrXjg6rjg7zjgrnjg57jg7zjg4jjg5Xjgqnjg7Pjg5TjgqLjgrnjg43jg4Pjgq/jgrnjg4jjg6njg4Pjg5fjgrnjg6/jg63jg5Xjgrnjgq3jg7wg44OU44Ki44K544K544Ov44Ot44OV44K544Kt44O8IOOCueODiOODqeODg+ODl+OCueODnuODm+OCq+ODkOODvOOCueODnuODvOODiOODleOCqeODsyDjgqvjg5Djg7xHQUxBWFkgUzUgU0MtMDRGIFNDTDIzIOaJi+W4s+Wei+OCseODvOOCuSBzYzA0ZiDjgq7jg6Pjg6njgq/jgrfjg7wg44Ki44Kv44OG44Kj44OWIOOCseODvOOCuSDmiYvluLPlnosg44Ki44OL44Oe44OrIOWLleeJqSDnmZLjgZfns7sg44Kr44OQ44O8IHNjLTA0ZuOCseODvOOCuSBzYy0wNGbjgqvjg5Djg7wgc2NsMjPjgrHjg7zjgrkgc2NsMjPjgqvjg5Djg7wgZ2FsYXh5IOOCseODvOOCuSDjgqvjg5Djg7wg44GK44GX44KD44KMIOOBi+OCj+OBhOOBhCDmiYvluLPlnovjgrnjg57jg5vjgrHjg7zjgrkg44K544Oe44Ob44Kx44O844K5IOOCueODnuODm+OCq+ODkOODvA==,R0FMQVhZIFM1IOOCseODvOOCuSDmiYvluLPlnosg44K544Oe44Ob44Kx44O844K5IOaJi+W4s+OCseODvOOCueKYhuOAgkdBTEFYWSBTNSBTQy0wNEYgU0NMMjMg5omL5biz5Z6L44Kx44O844K5IHNjMDRmIOOCruODo+ODqeOCr+OCt+ODvCDjgqLjgq/jg4bjgqPjg5Yg44Kx44O844K5IOaJi+W4s+WeiyDjgqLjg4vjg57jg6sg5YuV54mpIOeZkuOBl+ezuyDjgqvjg5Djg7wgc2MtMDRm44Kx44O844K5IHNjLTA0ZuOCq+ODkOODvCBzY2wyM+OCseODvOOCuSBzY2wyM+OCq+ODkOODvCBnYWxheHkg44Kx44O844K5IOOCq+ODkOODvCDjgYrjgZfjgoPjgowg44GL44KP44GE44GEIOaJi+W4s+Wei+OCueODnuODm+OCseODvOOCuSDjgrnjg57jg5vjgrHjg7zjgrkg44K544Oe44Ob44Kr44OQ44O8[rn]
10-177679,aHR0cDovL3RzaG9wLnIxMHMuanAva2ludHN1L2NhYmluZXQvcGx1cy1zL2RpYXJ5L3BsdXMtZGlhcnktMDExMWFiMi5qcGc/Zml0aW49NzAwOjcwMA==,MTgzNi44MDAw,,44K544Oe44O844OI44OV44Kp44Oz44O744K/44OW44Os44OD44OIID4g44K544Oe44O844OI44OV44Kp44Oz44Ki44Kv44K744K144Oq44O8ID4g44K544Oe44O844OI44OV44Kp44Oz44Kx44O844K5,R0FMQVhZIFM1IFNDLTA0RiBTQ0wyMyDmiYvluLPlnovjgrHjg7zjgrkgc2MwNGYg44Ku44Oj44Op44Kv44K344O8IOOCseODvOOCuSDmiYvluLPlnosg5Y+k5pu4IOacrCBzYy0wNGbjgrHjg7zjgrkgc2MtMDRm44Kr44OQ44O8IHNjbDIz44Kx44O844K5IHNjbDIz44Kr44OQ44O8IGdhbGF4eSDjgrHjg7zjgrkg44Kr44OQ44O8IOOBiuOBl+OCg+OCjCDjgYvjgo/jgYTjgYQg5omL5biz5Z6L44K544Oe44Ob44Kx44O844K5IOOCueODnuODm+OCseODvOOCuSDjgrnjg57jg5vjgqvjg5Djg7w=,R0FMQVhZIFM1IOOCseODvOOCuSDmiYvluLPlnosg44K544Oe44Ob44Kx44O844K5IOaJi+W4s+OCseODvOOCueKYhg==,PGJyPjxiPuKHklBD5ZWG5ZOB44Oa44O844K444Gn6Kmz44GX44GP6KaL44KLPC9iPjxicj48YnI+Cjxmb250IGNvbG9yPSIjZmY2NmNjIj7kvZXjgYvjgZnjgZTjgYTjgZPjgajjgYzmm7jjgYTjgabjgYLjgorjgZ3jgYbjgaogPGJyPuaJi+W4s+WeiyDjg4DjgqTjgqLjg6rjg7zjgrHjg7zjgrnjgILjg5Djg6njgqjjg4bjgqPjgoLosYrlr4zimIY8L2ZvbnQ+PGJyPgo8YnI+Cjx0YWJsZSBib3JkZXI9IjAiIGFsaWduPSJjZW50ZXIiPgo8dHI+Cjx0ZD48aW1nIHNyYz0iaHR0cDovL2ltYWdlLnJha3V0ZW4uY28uanAva2ludHN1L2NhYmluZXQvcGx1cy1zL2RpYXJ5L2RfYmxhY2tfMS5qcGciIHdpZHRoPSIzMDAiIGJvcmRlcj0iMCI+PC90ZD4KPC90cj4KPHRyPgo8dGQ+PGltZyBzcmM9Imh0dHA6Ly9pbWFnZS5yYWt1dGVuLmNvLmpwL2tpbnRzdS9jYWJpbmV0L3BsdXMtcy9kaWFyeS9kX2JsYWNrXzIuanBnIiB3aWR0aD0iMzAwIiBib3JkZXI9IjAiPjwvdGQ+PC90cj48dHI+PHRkPjxpbWcgc3JjPSJodHRwOi8vaW1hZ2UucmFrdXRlbi5jby5qcC9raW50c3UvY2FiaW5ldC9wbHVzLXMvZGlhcnkvZF9ibGFja18zLmpwZyIgd2lkdGg9IjMwMCIgYm9yZGVyPSIwIj48L3RkPgo8L3RyPjwvdGFibGU+PGJyPjxocj4K5L2V44GL44GZ44GU44GE44GT44Go44GM5pu444GE44Gm44GC44KK44Gd44GG44GqIOaJi+W4s+WeiyDjg4DjgqTjgqLjg6rjg7zjgrHjg7zjgrnjgILjg5Djg6njgqjjg4bjgqPjgoLosYrlr4zimIY8YnI+MuWAi+S7peS4iuOBlOizvOWFpe+8iDMyNDDlhobku6XkuIrvvInjgafjgIHphY3pgIHmlrnms5XjgIzpg7Xkvr/lsYDjgb7jgZ/jga/jg43jgrPjg53jgrnjgI3jgafpgIHmlpnnhKHmlpnjgavjgarjgorjgb7jgZnjgILjgYrmlK/miZXmlrnms5Xjga/jgIHku6PlvJXjgY3jgafjgoJPS++8geS7o+W8leOBjeOBruWgtOWQiOOBr+OAjOmDteS+v+WxgOOAjeOBp+mFjemAgeiHtOOBl+OBvuOBmeOAgjxicj48Zm9udCBjb2xvcj0iI2ZmMDAwMCI+5Y+X5rOo55Sf55Sj44Gu44Gf44KB44CB44GU5rOo5paH5b6M44Gu5aSJ5pu044CB6L+U5ZOB44CB44Kt44Oj44Oz44K744Or44Gv44GK5Y+X5LuY44Gn44GN44G+44Gb44KT44CCPC9mb250Pjxicj48YnI+Cue0oOadkO+8muaJi+W4s+OCseODvOOCueacrOS9k++8j+WQiOearuOAgOODj+ODvOODieOCseODvOOCue+8j+ODneODquOCq+ODvOODnOODjeODvOODiCjjg5bjg6njg4Pjgq8pPGJyPgrliqDlt6XvvJpVVuehrOWMluWei+OCpOODs+OCrzxicj4K4oC75Y2T5LiK44Ob44Or44OA44O844Gu5YWF6Zu75Zmo44Gr44Gv5a++5b+c44GX44Gm44GK44KK44G+44Gb44KT44CCKOOCseODvOOCueOCkuijheedgOOBl+OBn+OBvuOBvuOCs+ODjeOCr+OCv+ODvOOBq+ebtOaOpeW3ruOBl+i+vOOCk+OBp+OBruWFhembu+OBr+WPr+iDveOBp+OBmeKYhijkuIDpg6jpnZ7lr77lv5zmqZ/nqK7mnInjgoopKTxicj4K4oC75YaZ55yf44Gv44Kk44Oh44O844K455S75YOP44Gr44Gq44KK44G+44GZ44CC5qmf56iu44Gr44KI44Gj44Gm57W15p+E44GM5YiH44KM44KL44GT44Go44GM44GU44GW44GE44G+44GZ44CCPGJyPgrigLvlrp/nianjga7oibLjgavov5HjgaXjgZHjgovjgojjgYbjgavliqrjgoHjgabjgYTjgb7jgZnjgYzjgIHjgZTliKnnlKjjga7jg6Ljg4vjgr/jg7zjgIFQQ+OChOOCueODnuODvOODiOODleOCqeODs+OBrueSsOWig+OBq+OCiOOCiuaOsui8ieWGmeecn+OBruiJsuOBjOWun+eJqeOBruiJsuOBqOmBleOBo+OBpuimi+OBiOOCi+WgtOWQiOOBjOOBlOOBluOBhOOBvuOBmeOAggo8YnI+PGJyPgoKCgrimIYg44Gd44Gu5LuW44CB5omL5biz5Z6L44Kx44O844K55LiA6Kan44Gv44GT44Gh44KJPGJyPjxicj48YnI+Cjxmb250IGNvbG9yPSIjMzMwMDk5Ij7jgqrjgrfjg6Pjg6zjgarmiYvluLPlnovjgrHjg7zjgrk8YnI+CuWPpOabuCDmnKwgPC9mb250Pjxicj4KPGJyPjxicj48Yj48Zm9udCBjb2xvcj0iI2ZmMDAwMCI+4oC76YOo5p2Q44Gu6Kqk5beu44Gr44KI44KL5ZOB5YiH44KM44GM55m655Sf44GX44Gf5aC05ZCI44Gv44CB5YWl6I235qyh56ys44Gu6KO95L2c44O755m66YCB44Go44Gq44KL5aC05ZCI44GM44GU44GW44GE44G+44GZ44CCPGJyPgrjgZ3jga7pmpvjga/jgIHjgZTms6jmloflvozliKXpgJTjg6Hjg7zjg6vjgavjgabjgZTpgKPntaHjgZXjgZvjgabpoILjgY3jgb7jgZnjgII8YnI+44G+44Gf44CB5omL5biz44Gr44K544K/44Oz44OJ5qmf6IO9KOaKmOOCiuebru+8ieOBjOOBpOOBhOOBpuOBhOOCi+WgtOWQiOOBjOOBlOOBluOBhOOBvuOBmeOAgjxicj4K5LqI44KB44CB44GU5LqG5om/6aGY44GE44GX44G+44GZ44CCPC9mb250PjwvYj48YnI+PGJyPg==,R0FMQVhZIFM1IFNDLTA0RiBTQ0wyMyDmiYvluLPlnovjgrHjg7zjgrkgc2MwNGYg44Ku44Oj44Op44Kv44K344O8IOOCseODvOOCuSDmiYvluLPlnosg5Y+k5pu4IOacrCBzYy0wNGbjgrHjg7zjgrkgc2MtMDRm44Kr44OQ44O8IHNjbDIz44Kx44O844K5IHNjbDIz44Kr44OQ44O8IGdhbGF4eSDjgrHjg7zjgrkg44Kr44OQ44O8IOOBiuOBl+OCg+OCjCDjgYvjgo/jgYTjgYQg5omL5biz5Z6L44K544Oe44Ob44Kx44O844K5IOOCueODnuODm+OCseODvOOCuSDjgrnjg57jg5vjgqvjg5Djg7zvvJrjgrHjg7zjgr/jgqTlsYsyNOOAgOalveWkqeW4guWgtOW6lw==,44K544Oe44O844OI44OV44Kp44Oz44Ki44Kv44K744K144Oq44O85pC65biv44K544OI44Op44OD44OX44K544OI44Op44OD44OX44K544Oe44Ob44Kx44O844K544K544Oe44O844OI44OV44Kp44OzIOOCseODvOOCueOCueODnuODm+ODlOOCouOCueOCpOODpOODm+ODs+OCuOODo+ODg+OCryDjgqLjgq/jgrvjgrXjg6rjg7zjgrnjg57jg7zjg4jjg5Xjgqnjg7Pjg5TjgqLjgrnjg43jg4Pjgq/jgrnjg4jjg6njg4Pjg5fjgrnjg6/jg63jg5Xjgrnjgq3jg7wg44OU44Ki44K544K544Ov44Ot44OV44K544Kt44O8IOOCueODiOODqeODg+ODl+OCueODnuODm+OCq+ODkOODvOOCueODnuODvOODiOODleOCqeODsyDjgqvjg5Djg7xHQUxBWFkgUzUgU0MtMDRGIFNDTDIzIOaJi+W4s+Wei+OCseODvOOCuSBzYzA0ZiDjgq7jg6Pjg6njgq/jgrfjg7wg44Kx44O844K5IOaJi+W4s+WeiyDlj6Tmm7gg5pysIHNjLTA0ZuOCseODvOOCuSBzYy0wNGbjgqvjg5Djg7wgc2NsMjPjgrHjg7zjgrkgc2NsMjPjgqvjg5Djg7wgZ2FsYXh5IOOCseODvOOCuSDjgqvjg5Djg7wg44GK44GX44KD44KMIOOBi+OCj+OBhOOBhCDmiYvluLPlnovjgrnjg57jg5vjgrHjg7zjgrkg44K544Oe44Ob44Kx44O844K5IOOCueODnuODm+OCq+ODkOODvA==,R0FMQVhZIFM1IOOCseODvOOCuSDmiYvluLPlnosg44K544Oe44Ob44Kx44O844K5IOaJi+W4s+OCseODvOOCueKYhuOAgkdBTEFYWSBTNSBTQy0wNEYgU0NMMjMg5omL5biz5Z6L44Kx44O844K5IHNjMDRmIOOCruODo+ODqeOCr+OCt+ODvCDjgrHjg7zjgrkg5omL5biz5Z6LIOWPpOabuCDmnKwgc2MtMDRm44Kx44O844K5IHNjLTA0ZuOCq+ODkOODvCBzY2wyM+OCseODvOOCuSBzY2wyM+OCq+ODkOODvCBnYWxheHkg44Kx44O844K5IOOCq+ODkOODvCDjgYrjgZfjgoPjgowg44GL44KP44GE44GEIOaJi+W4s+Wei+OCueODnuODm+OCseODvOOCuSDjgrnjg57jg5vjgrHjg7zjgrkg44K544Oe44Ob44Kr44OQ44O8[rn]
10-177680,aHR0cDovL3RzaG9wLnIxMHMuanAva2ludHN1L2NhYmluZXQvcGx1cy1zL24vc2MtMDRmL3BzLXNjMDRmLTEwNTVhLmpwZz9maXRpbj03MDA6NzAw,MTYwMC4wMDAw,,44K544Oe44O844OI44OV44Kp44Oz44O744K/44OW44Os44OD44OIID4g44K544Oe44O844OI44OV44Kp44Oz44Ki44Kv44K744K144Oq44O8ID4g44K544Oe44O844OI44OV44Kp44Oz44Kx44O844K5,YXUgR0FMQVhZIFM1IFNDTDIzICDjgrHjg7zjgrkg44Kr44OQ44O8IOacqOebriBUWVBFNiBmb3IgYXUgR0FMQVhZIFM1IFNDTDIzICDjgrHjg7zjgrkg44Kr44OQ44O8W1NDTDIzXeOAkOOCruODo+ODqeOCr+OCt+ODvCBzY2wyMyDjgrHjg7zjgrkg44Kr44OQ44O8IGdhbGF4eSBzY2wyMyDjgrHjg7zjgrkv44Kr44OQ44O8L0NBU0Uv44Kx77yN44K544CR44CQ44K544Oe44Ob44Kr44OQ44O8IOOCueODnuODm+OCseODvOOCueOAkQ==,MuWAi+S7peS4iuOBp+mAgeaWmeeEoeaWme+8gQ==,PGJyPjxiPuKHklBD5ZWG5ZOB44Oa44O844K444Gn6Kmz44GX44GP6KaL44KLPC9iPjxicj48YnI+576O44GX44GE5pyo55uu44GuU0NMMjPjgq/jg6rjgqIg44Kx44O844K544CCPGJyPiAy5YCL5Lul5LiK44GU6LO85YWl77yIMzI0MOWGhuS7peS4iu+8ieOBp+OAgemFjemAgeaWueazleOAjOmDteS+v+WxgOOBvuOBn+OBr+ODjeOCs+ODneOCueOAjeOBp+mAgeaWmeeEoeaWmeOBq+OBquOCiuOBvuOBmeOAguOBiuaUr+aJleaWueazleOBr+OAgeS7o+W8leOBjeOBp+OCgk9L77yB5Luj5byV44GN44Gu5aC05ZCI44Gv44CM6YO15L6/5bGA44CN44Gn6YWN6YCB6Ie044GX44G+44GZ44CCPGJyPjxmb250IGNvbG9yPSIjZmYwMDAwIj7lj5fms6jnlJ/nlKPjga7jgZ/jgoHjgIHjgZTms6jmloflvozjga7lpInmm7TjgIHov5Tlk4HjgIHjgq3jg6Pjg7Pjgrvjg6vjga/jgYrlj5fku5jjgafjgY3jgb7jgZvjgpPjgII8L2ZvbnQ+PGJyPjxicj4g4oC757Sg5p2Q77ya44Kv44Oq44Ki44Kx44O844K55pys5L2T77yP44Od44Oq44Kr44O844Oc44ON44O844OI5Yqg5belKOOCr+ODquOCouOCseODvOOCuSnvvJpVVuehrOWMluWei+OCpOODs+OCr++8iOWBtOmdouOBq+ODl+ODquODs+ODiOOBr+WFpeOCiuOBvuOBm+OCk++8iTxicj7igLvljZPkuIrjg5vjg6vjg4Djg7zjga7lhYXpm7vlmajjgavjga/lr77lv5zjgZfjgabjgYrjgorjgb7jgZvjgpPjgIIo44Kx44O844K544KS6KOF552A44GX44Gf44G+44G+44Kz44ON44Kv44K/44O844Gr55u05o6l5beu44GX6L6844KT44Gn44Gu5YWF6Zu744Gv5Y+v6IO944Gn44GZ4piGKTxicj48YnI+IOKYhiDjgZ3jga7ku5bjgIFTQ0wyM+S4gOimp+OBr+OBk+OBoeOCiTxicj48YnI+PGJyPjx0YWJsZT4KPHRyPgo8dGQgYWxpZ249ImNlbnRlciI+PGZvbnQgc2l6ZT0iMyI+4pa84pa84pa844Kx44O844K56KOF552A44Kk44Oh44O844K45L6L44Gv4pa84pa84pa8PGJyPiZndDsmZ3Q7Jmd0OyZndDvimIbjgZPjgaHjgonimIYmbHQ7Jmx0OyZsdDsmbHQ7PC9mb250Pjxicj48YnI+PGltZyBzcmM9Imh0dHA6Ly9pbWFnZS5yYWt1dGVuLmNvLmpwL2tpbnRzdS9jYWJpbmV0L3BsdXMtcy9reW91dHN1L2Z1bGx0ZXgwMi5qcGciIHdpZHRoPSIzMDAiIGJvcmRlcj0iMCIgYWx0PSIiIC8+PGJyIC8+Cjxicj4KPGJyPgo8Zm9udCBzaXplPSIzIj7mnKjnm64gVFlQRTY8YnI+PC9mb250PjxiciAvPgogPGltZyBzcmM9Imh0dHA6Ly9pbWFnZS5yYWt1dGVuLmNvLmpwL2tpbnRzdS9jYWJpbmV0L3BsdXMtcy9uL3NjLTA0Zi9wcy1zYzA0Zi0xMDU1YS5qcGciICB3aWR0aD0iMzAwIiBib3JkZXI9IjAiIGFsdD0iIiAvPjxicj48YnI+Cjxmb250Pue+juOBl+OBhOacqOebruOBrlNDTDIz44Kv44Oq44KiIOOCseODvOOCueOAgjwvZm9udD48YnIgLz48YnIgLz4KPGZvbnQgc2l6ZT0iMiI+44GK5aW944G/44Gu44OH44K244Kk44Oz44KS44OV44Or44Gr5qW944GX44KB44KL44Kx44O844K55YWo6Z2i44OX44Oq44Oz44OI5LuV5qeY77yB5YG06Z2i44Kv44Oq44Ki44Gq44Gu44Gn44CB5LiL5Zyw44Gu5pys5L2T44Kr44Op44O844KS5rS744GL44GX44G+44GZ4pmq5pel5pys6KO944KJ44GX44GE576O44GX44GE6a6u44KE44GL44Gq44OH44K244Kk44Oz44GM5qW944GX44KB44KL5b2T5bqX6Ieq5oWi44Gu44Kq44Oq44K444OK44Or44OX44Oq44Oz44OI44Kx44O844K544Gn44GZ4pmqPGJyIC8+bWFkZSBpbiBqYXBhbjwvZm9udD48YnIgLz48YnIgLz4KPGltZyBzcmM9Imh0dHA6Ly9pbWFnZS5yYWt1dGVuLmNvLmpwL2tpbnRzdS9jYWJpbmV0L3BsdXMtcy9reW91dHN1L2ZpbG1fcHJlNi5qcGciIHdpZHRoPSIzMDAiIGJvcmRlcj0iMCIgYWx0PSIiIC8+PC90ZD4KPC90cj4KPHRyPgo8dGQgYWxpZ249InJpZ2h0Ij48YnIgLz48Yj48Zm9udCBzaXplPSIzIj4mZ3Q7Jmd0O+S7luOAgVNDTDIz5LiA6Kan44Gv44GT44Gh44KJPC9mb250PjwvYj48YnIgLz48YnIgLz4KPC90ZD4KPC90cj4KPC90YWJsZT4=,YXUgR0FMQVhZIFM1IFNDTDIzICDjgrHjg7zjgrkg44Kr44OQ44O8IOacqOebriBUWVBFNiBmb3IgYXUgR0FMQVhZIFM1IFNDTDIzICDjgrHjg7zjgrkg44Kr44OQ44O8W1NDTDIzXeOAkOOCruODo+ODqeOCr+OCt+ODvCBzY2wyMyDjgrHjg7zjgrkg44Kr44OQ44O8IGdhbGF4eSBzY2wyMyDjgrHjg7zjgrkv44Kr44OQ44O8L0NBU0Uv44KxJm1pbnVzO+OCueOAkeOAkOOCueODnuODm+OCq+ODkOODvCDjgrnjg57jg5vjgrHjg7zjgrnjgJHvvJrjgrHjg7zjgr/jgqTlsYsyNOOAgOalveWkqeW4guWgtOW6lw==,44K544Oe44O844OI44OV44Kp44Oz44Ki44Kv44K744K144Oq44O85pC65biv44K544OI44Op44OD44OX44K544OI44Op44OD44OX44K544Oe44Ob44Kx44O844K544K544Oe44O844OI44OV44Kp44OzIOOCseODvOOCueOCueODnuODm+ODlOOCouOCueOCpOODpOODm+ODs+OCuOODo+ODg+OCryDjgqLjgq/jgrvjgrXjg6rjg7zjgrnjg57jg7zjg4jjg5Xjgqnjg7Pjg5TjgqLjgrnjg43jg4Pjgq/jgrnjg4jjg6njg4Pjg5fjgrnjg6/jg63jg5Xjgrnjgq3jg7wg44OU44Ki44K544K544Ov44Ot44OV44K544Kt44O8IOOCueODiOODqeODg+ODl+OCueODnuODm+OCq+ODkOODvOOCueODnuODvOODiOODleOCqeODsyDjgqvjg5Djg7xhdSBHQUxBWFkgUzUgU0NMMjMgIOOCseODvOOCuSDjgqvjg5Djg7wg5pyo55uuIFRZUEU2IGZvciBhdSBHQUxBWFkgUzUgU0NMMjMgIOOCseODvOOCuSDjgqvjg5Djg7xbU0NMMjNd44CQ44Ku44Oj44Op44Kv44K344O8IHNjbDIzIOOCseODvOOCuSDjgqvjg5Djg7wgZ2FsYXh5IHNjbDIzIOOCseODvOOCuS/jgqvjg5Djg7wvQ0FTRS/jgrEmbWludXM744K544CR44CQ44K544Oe44Ob44Kr44OQ44O8IOOCueODnuODm+OCseODvOOCueOAkQ==,MuWAi+S7peS4iuOBp+mAgeaWmeeEoeaWme+8geOAgmF1IEdBTEFYWSBTNSBTQ0wyMyAg44Kx44O844K5IOOCq+ODkOODvCDmnKjnm64gVFlQRTYgZm9yIGF1IEdBTEFYWSBTNSBTQ0wyMyAg44Kx44O844K5IOOCq+ODkOODvFtTQ0wyM13jgJDjgq7jg6Pjg6njgq/jgrfjg7wgc2NsMjMg44Kx44O844K5IOOCq+ODkOODvCBnYWxheHkgc2NsMjMg44Kx44O844K5L+OCq+ODkOODvC9DQVNFL+OCsSZtaW51czvjgrnjgJHjgJDjgrnjg57jg5vjgqvjg5Djg7wg44K544Oe44Ob44Kx44O844K544CR[rn]
10-177681,aHR0cDovL3RzaG9wLnIxMHMuanAva2ludHN1L2NhYmluZXQvcGx1cy1zL20vc2MtMDRmL3BzLXNjMDRmLTAwMDNhLmpwZz9maXRpbj03MDA6NzAw,MTYwMC4wMDAw,,44K544Oe44O844OI44OV44Kp44Oz44O744K/44OW44Os44OD44OIID4g44K544Oe44O844OI44OV44Kp44Oz44Ki44Kv44K744K144Oq44O8ID4g44K544Oe44O844OI44OV44Kp44Oz44Kx44O844K5,YXUgR0FMQVhZIFM1IFNDTDIzICDjgrHjg7zjgrkg44Kr44OQ44O8IOODnuODq+ODgSDjg4njg4Pjg4jmn4TjgIDmsLTnjonjgIBUWVBFMiBmb3IgYXUgR0FMQVhZIFM1IFNDTDIzICDjgrHjg7zjgrkg44Kr44OQ44O8W1NDTDIzXeOAkOOCruODo+ODqeOCr+OCt+ODvCBzY2wyMyDjgrHjg7zjgrkg44Kr44OQ44O8IGdhbGF4eSBzY2wyMyDjgrHjg7zjgrkv44Kr44OQ44O8L0NBU0Uv44Kx77yN44K544CR44CQ44K544Oe44Ob44Kr44OQ44O8IOOCueODnuODm+OCseODvOOCueOAkQ==,MuWAi+S7peS4iuOBp+mAgeaWmeeEoeaWme+8gQ==,PGJyPjxiPuKHklBD5ZWG5ZOB44Oa44O844K444Gn6Kmz44GX44GP6KaL44KLPC9iPjxicj48YnI+5aSn5Lq65rCX77yBUE9Q44Gn44Kt44Ol44O844OI44Gq44OJ44OD44OI5p+EIFNDTDIz44Kv44Oq44KiIOOCseODvOOCueOAgjxicj4gMuWAi+S7peS4iuOBlOizvOWFpe+8iDMyNDDlhobku6XkuIrvvInjgafjgIHphY3pgIHmlrnms5XjgIzpg7Xkvr/lsYDjgb7jgZ/jga/jg43jgrPjg53jgrnjgI3jgafpgIHmlpnnhKHmlpnjgavjgarjgorjgb7jgZnjgILjgYrmlK/miZXmlrnms5Xjga/jgIHku6PlvJXjgY3jgafjgoJPS++8geS7o+W8leOBjeOBruWgtOWQiOOBr+OAjOmDteS+v+WxgOOAjeOBp+mFjemAgeiHtOOBl+OBvuOBmeOAgjxicj48Zm9udCBjb2xvcj0iI2ZmMDAwMCI+5Y+X5rOo55Sf55Sj44Gu44Gf44KB44CB44GU5rOo5paH5b6M44Gu5aSJ5pu044CB6L+U5ZOB44CB44Kt44Oj44Oz44K744Or44Gv44GK5Y+X5LuY44Gn44GN44G+44Gb44KT44CCPC9mb250Pjxicj48YnI+IOKAu+e0oOadkO+8muOCr+ODquOCouOCseODvOOCueacrOS9k++8j+ODneODquOCq+ODvOODnOODjeODvOODiOWKoOW3pSjjgq/jg6rjgqLjgrHjg7zjgrkp77yaVVbnoazljJblnovjgqTjg7Pjgq/vvIjlgbTpnaLjgavjg5fjg6rjg7Pjg4jjga/lhaXjgorjgb7jgZvjgpPvvIk8YnI+4oC75Y2T5LiK44Ob44Or44OA44O844Gu5YWF6Zu75Zmo44Gr44Gv5a++5b+c44GX44Gm44GK44KK44G+44Gb44KT44CCKOOCseODvOOCueOCkuijheedgOOBl+OBn+OBvuOBvuOCs+ODjeOCr+OCv+ODvOOBq+ebtOaOpeW3ruOBl+i+vOOCk+OBp+OBruWFhembu+OBr+WPr+iDveOBp+OBmeKYhik8YnI+PGJyPiDimIYg44Gd44Gu5LuW44CBU0NMMjPkuIDopqfjga/jgZPjgaHjgok8YnI+PGJyPjxicj48dGFibGU+Cjx0cj4KPHRkIGFsaWduPSJjZW50ZXIiPjxmb250IHNpemU9IjMiPuKWvOKWvOKWvOOCseODvOOCueijheedgOOCpOODoeODvOOCuOS+i+OBr+KWvOKWvOKWvDxicj4mZ3Q7Jmd0OyZndDsmZ3Q74piG44GT44Gh44KJ4piGJmx0OyZsdDsmbHQ7Jmx0OzwvZm9udD48YnI+PGJyPjxpbWcgc3JjPSJodHRwOi8vaW1hZ2UucmFrdXRlbi5jby5qcC9raW50c3UvY2FiaW5ldC9wbHVzLXMva3lvdXRzdS9mdWxsdGV4MDIuanBnIiB3aWR0aD0iMzAwIiBib3JkZXI9IjAiIGFsdD0iIiAvPjxiciAvPgo8YnI+Cjxicj4KPGZvbnQgc2l6ZT0iMyI+44Oe44Or44OBIOODieODg+ODiOafhOOAgOawtOeOieOAgFRZUEUyPGJyPjwvZm9udD48YnIgLz4KIDxpbWcgc3JjPSJodHRwOi8vaW1hZ2UucmFrdXRlbi5jby5qcC9raW50c3UvY2FiaW5ldC9wbHVzLXMvbS9zYy0wNGYvcHMtc2MwNGYtMDAwM2EuanBnIiAgd2lkdGg9IjMwMCIgYm9yZGVyPSIwIiBhbHQ9IiIgLz48YnI+PGJyPgo8Zm9udD7lpKfkurrmsJfvvIFQT1Djgafjgq3jg6Xjg7zjg4jjgarjg4njg4Pjg4jmn4QgU0NMMjPjgq/jg6rjgqIg44Kx44O844K544CCPC9mb250PjxiciAvPjxiciAvPgo8Zm9udCBzaXplPSIyIj7jgYrlpb3jgb/jga7jg4fjgrbjgqTjg7PjgpLjg5Xjg6vjgavmpb3jgZfjgoHjgovjgrHjg7zjgrnlhajpnaLjg5fjg6rjg7Pjg4jku5Xmp5jvvIHlgbTpnaLjgq/jg6rjgqLjgarjga7jgafjgIHkuIvlnLDjga7mnKzkvZPjgqvjg6njg7zjgpLmtLvjgYvjgZfjgb7jgZnimarml6XmnKzoo73jgonjgZfjgYTnvo7jgZfjgYTprq7jgoTjgYvjgarjg4fjgrbjgqTjg7PjgYzmpb3jgZfjgoHjgovlvZPlupfoh6rmhaLjga7jgqrjg6rjgrjjg4rjg6vjg5fjg6rjg7Pjg4jjgrHjg7zjgrnjgafjgZnimao8YnIgLz5tYWRlIGluIGphcGFuPC9mb250PjxiciAvPjxiciAvPgo8aW1nIHNyYz0iaHR0cDovL2ltYWdlLnJha3V0ZW4uY28uanAva2ludHN1L2NhYmluZXQvcGx1cy1zL2t5b3V0c3UvZmlsbV9wcmU2LmpwZyIgd2lkdGg9IjMwMCIgYm9yZGVyPSIwIiBhbHQ9IiIgLz48L3RkPgo8L3RyPgo8dHI+Cjx0ZCBhbGlnbj0icmlnaHQiPjxiciAvPjxiPjxmb250IHNpemU9IjMiPiZndDsmZ3Q75LuW44CBU0NMMjPkuIDopqfjga/jgZPjgaHjgok8L2ZvbnQ+PC9iPjxiciAvPjxiciAvPgo8L3RkPgo8L3RyPgo8L3RhYmxlPg==,YXUgR0FMQVhZIFM1IFNDTDIzICDjgrHjg7zjgrkg44Kr44OQ44O8IOODnuODq+ODgSDjg4njg4Pjg4jmn4TjgIDmsLTnjonjgIBUWVBFMiBmb3IgYXUgR0FMQVhZIFM1IFNDTDIzICDjgrHjg7zjgrkg44Kr44OQ44O8W1NDTDIzXeOAkOOCruODo+ODqeOCr+OCt+ODvCBzY2wyMyDjgrHjg7zjgrkg44Kr44OQ44O8IGdhbGF4eSBzY2wyMyDjgrHjg7zjgrkv44Kr44OQ44O8L0NBU0Uv44KxJm1pbnVzO+OCueOAkeOAkOOCueODnuODm+OCq+ODkOODvCDjgrnjg57jg5vjgrHjg7zjgrnjgJHvvJrjgrHjg7zjgr/jgqTlsYsyNOOAgOalveWkqeW4guWgtOW6lw==,44K544Oe44O844OI44OV44Kp44Oz44Ki44Kv44K744K144Oq44O85pC65biv44K544OI44Op44OD44OX44K544OI44Op44OD44OX44K544Oe44Ob44Kx44O844K544K544Oe44O844OI44OV44Kp44OzIOOCseODvOOCueOCueODnuODm+ODlOOCouOCueOCpOODpOODm+ODs+OCuOODo+ODg+OCryDjgqLjgq/jgrvjgrXjg6rjg7zjgrnjg57jg7zjg4jjg5Xjgqnjg7Pjg5TjgqLjgrnjg43jg4Pjgq/jgrnjg4jjg6njg4Pjg5fjgrnjg6/jg63jg5Xjgrnjgq3jg7wg44OU44Ki44K544K544Ov44Ot44OV44K544Kt44O8IOOCueODiOODqeODg+ODl+OCueODnuODm+OCq+ODkOODvOOCueODnuODvOODiOODleOCqeODsyDjgqvjg5Djg7xhdSBHQUxBWFkgUzUgU0NMMjMgIOOCseODvOOCuSDjgqvjg5Djg7wg44Oe44Or44OBIOODieODg+ODiOafhOOAgOawtOeOieOAgFRZUEUyIGZvciBhdSBHQUxBWFkgUzUgU0NMMjMgIOOCseODvOOCuSDjgqvjg5Djg7xbU0NMMjNd44CQ44Ku44Oj44Op44Kv44K344O8IHNjbDIzIOOCseODvOOCuSDjgqvjg5Djg7wgZ2FsYXh5IHNjbDIzIOOCseODvOOCuS/jgqvjg5Djg7wvQ0FTRS/jgrEmbWludXM744K544CR44CQ44K544Oe44Ob44Kr44OQ44O8IOOCueODnuODm+OCseODvOOCueOAkQ==,MuWAi+S7peS4iuOBp+mAgeaWmeeEoeaWme+8geOAgmF1IEdBTEFYWSBTNSBTQ0wyMyAg44Kx44O844K5IOOCq+ODkOODvCDjg57jg6vjg4Eg44OJ44OD44OI5p+E44CA5rC0546J44CAVFlQRTIgZm9yIGF1IEdBTEFYWSBTNSBTQ0wyMyAg44Kx44O844K5IOOCq+ODkOODvFtTQ0wyM13jgJDjgq7jg6Pjg6njgq/jgrfjg7wgc2NsMjMg44Kx44O844K5IOOCq+ODkOODvCBnYWxheHkgc2NsMjMg44Kx44O844K5L+OCq+ODkOODvC9DQVNFL+OCsSZtaW51czvjgrnjgJHjgJDjgrnjg57jg5vjgqvjg5Djg7wg44K544Oe44Ob44Kx44O844K544CR[rn]
10-177682,aHR0cDovL3RzaG9wLnIxMHMuanAva2ludHN1L2NhYmluZXQvcGx1cy1zL2RpYXJ5L3BsdXMtZGlhcnktY3NkMDAwNWEyLmpwZz9maXRpbj03MDA6NzAw,MTgzNi44MDAw,,44K544Oe44O844OI44OV44Kp44Oz44O744K/44OW44Os44OD44OIID4g44K544Oe44O844OI44OV44Kp44Oz44Ki44Kv44K744K144Oq44O8ID4g44K544Oe44O844OI44OV44Kp44Oz44Kx44O844K5,R0FMQVhZIFM1IFNDLTA0RiBTQ0wyMyDmiYvluLPlnovjgrHjg7zjgrkgc2MwNGYg44Ku44Oj44Op44Kv44K344O8IOOCouOCr+ODhuOCo+ODliDjgrHjg7zjgrkg5omL5biz5Z6LIOODj+ODr+OCpCDlpJXnhLzjgZEg44OP44Kk44OT44K544Kr44K5IOOCq+ODkOODvCBzYy0wNGbjgrHjg7zjgrkgc2MtMDRm44Kr44OQ44O8IHNjbDIz44Kx44O844K5IHNjbDIz44Kr44OQ44O8IGdhbGF4eSDjgrHjg7zjgrkg44Kr44OQ44O8IOOBiuOBl+OCg+OCjCDjgYvjgo/jgYTjgYQg5omL5biz5Z6L44K544Oe44Ob44Kx44O844K5IOOCueODnuODm+OCseODvOOCuSDjgrnjg57jg5vjgqvjg5Djg7w=,R0FMQVhZIFM1IOOCseODvOOCuSDmiYvluLPlnosg44K544Oe44Ob44Kx44O844K5IOaJi+W4s+OCseODvOOCueKYhg==,PGJyPjxiPuKHklBD5ZWG5ZOB44Oa44O844K444Gn6Kmz44GX44GP6KaL44KLPC9iPjxicj48YnI+Cjxmb250IGNvbG9yPSIjZmY2NmNjIj7jg4/jg6/jgqTjgqLjg7Pjg5Xjgqnjg4jjg4fjgrbjgqTjg7Pjga4gPGJyPuaJi+W4s+WeiyDjg4DjgqTjgqLjg6rjg7zjgrHjg7zjgrnjgILjg5Djg6njgqjjg4bjgqPjgoLosYrlr4zimIY8L2ZvbnQ+PGJyPgo8YnI+Cjx0YWJsZSBib3JkZXI9IjAiIGFsaWduPSJjZW50ZXIiPgo8dHI+Cjx0ZD48aW1nIHNyYz0iaHR0cDovL2ltYWdlLnJha3V0ZW4uY28uanAva2ludHN1L2NhYmluZXQvcGx1cy1zL2RpYXJ5L3BsdXMtZGlhcnktY3NkMDAwNWEyLmpwZyIgd2lkdGg9IjEwMCUiIGJvcmRlcj0iMCI+PC90ZD4KPC90cj4KPHRyPgo8dGQ+PGltZyBzcmM9Imh0dHA6Ly93d3cucmFrdXRlbi5uZS5qcC9nb2xkL2tpbnRzdS9zX2l0ZW0vcGx1cy1kaWFyeS9wbHVzLXNtYS1iYXNlMi5qcGciIHdpZHRoPSIxMDAlIiBib3JkZXI9IjAiPjxicj4KICAgIDxicj4KICAgIDxicj4KICAgIDwvdGQ+PC90cj48dHI+PHRkPjxpbWcgc3JjPSJodHRwOi8vd3d3LnJha3V0ZW4ubmUuanAvZ29sZC9raW50c3Uvc19pdGVtL3BsdXMtZGlhcnkvcGx1cy1zbWEtY3NkMDAwNWEuanBnIiB3aWR0aD0iMTAwJSIgYm9yZGVyPSIwIj48L3RkPgo8L3RyPjwvdGFibGU+PGJyPjxocj4K44OP44Ov44Kk44Ki44Oz44OV44Kp44OI44OH44K244Kk44Oz44GuIOaJi+W4s+WeiyDjg4DjgqTjgqLjg6rjg7zjgrHjg7zjgrnjgILjg5Djg6njgqjjg4bjgqPjgoLosYrlr4zimIY8YnI+MuWAi+S7peS4iuOBlOizvOWFpe+8iDMyNDDlhobku6XkuIrvvInjgafjgIHphY3pgIHmlrnms5XjgIzpg7Xkvr/lsYDjgb7jgZ/jga/jg43jgrPjg53jgrnjgI3jgafpgIHmlpnnhKHmlpnjgavjgarjgorjgb7jgZnjgILjgYrmlK/miZXmlrnms5Xjga/jgIHku6PlvJXjgY3jgafjgoJPS++8geS7o+W8leOBjeOBruWgtOWQiOOBr+OAjOmDteS+v+WxgOOAjeOBp+mFjemAgeiHtOOBl+OBvuOBmeOAgjxicj48Zm9udCBjb2xvcj0iI2ZmMDAwMCI+5Y+X5rOo55Sf55Sj44Gu44Gf44KB44CB44GU5rOo5paH5b6M44Gu5aSJ5pu044CB6L+U5ZOB44CB44Kt44Oj44Oz44K744Or44Gv44GK5Y+X5LuY44Gn44GN44G+44Gb44KT44CCPC9mb250Pjxicj48YnI+Cue0oOadkO+8muaJi+W4s+OCseODvOOCueacrOS9k++8j+WQiOearuOAgOODj+ODvOODieOCseODvOOCue+8j+ODneODquOCq+ODvOODnOODjeODvOODiCjjg5bjg6njg4Pjgq8pPGJyPgrliqDlt6XvvJpVVuehrOWMluWei+OCpOODs+OCrzxicj7igLvljZPkuIrjg5vjg6vjg4Djg7zjga7lhYXpm7vlmajjgavjga/lr77lv5zjgZfjgabjgYrjgorjgb7jgZvjgpPjgIIo44Kx44O844K544KS6KOF552A44GX44Gf44G+44G+44Kz44ON44Kv44K/44O844Gr55u05o6l5beu44GX6L6844KT44Gn44Gu5YWF6Zu744Gv5Y+v6IO944Gn44GZ4piGKOS4gOmDqOmdnuWvvuW/nOapn+eoruacieOCiikpPGJyPgrigLvlhpnnnJ/jga/jgqTjg6Hjg7zjgrjnlLvlg4/jgavjgarjgorjgb7jgZnjgILntbXmn4TjgYzliIfjgozjgovjgZPjgajjgYzjgZTjgZbjgYTjgb7jgZnjgIIK4oC75a6f54mp44Gu6Imy44Gr6L+R44Gl44GR44KL44KI44GG44Gr5Yqq44KB44Gm44GE44G+44GZ44GM44CB44GU5Yip55So44Gu44Oi44OL44K/44O844CBUEPjgoTjgrnjg57jg7zjg4jjg5Xjgqnjg7Pjga7nkrDlooPjgavjgojjgormjrLovInlhpnnnJ/jga7oibLjgYzlrp/nianjga7oibLjgajpgZXjgaPjgabopovjgYjjgovloLTlkIjjgYzjgZTjgZbjgYTjgb7jgZnjgIIKPGJyPjxicj4KCuKYhiDjgZ3jga7ku5bjgIHmiYvluLPlnovjgrHjg7zjgrnkuIDopqfjga/jgZPjgaHjgok8YnI+PGJyPjxicj4KPGZvbnQgY29sb3I9IiMzMzAwOTkiPuOCquOCt+ODo+ODrOOBquaJi+W4s+Wei+OCseODvOOCuTxicj4K44OP44Ov44Kk44Ki44Oz44OV44Kp44OI44OH44K244Kk44Oz44GuIOmBuOOBueOCi+WFqDnjgr/jgqTjg5c8L2ZvbnQ+PGJyPjxicj48Zm9udCBjb2xvcj0iI0ZGMDAwMCI+PGI+4oC744OH44K244Kk44Oz44O744Kr44Op44O844Gu6KaL5pys44Gv44Oa44O844K444Gu5LiA55Wq5LiK44Gr44GC44KL5ZWG5ZOB55S75YOP44Gu77yS5p6a55uu5Lul6ZmN44KS44GU6Kan44GP44Gg44GV44GE44CCPC9iPjwvZm9udD4KPGJyPjxicj48Yj48Zm9udCBjb2xvcj0iI2ZmMDAwMCI+4oC76YOo5p2Q44Gu6Kqk5beu44Gr44KI44KL5ZOB5YiH44KM44GM55m655Sf44GX44Gf5aC05ZCI44Gv44CB5YWl6I235qyh56ys44Gu6KO95L2c44O755m66YCB44Go44Gq44KL5aC05ZCI44GM44GU44GW44GE44G+44GZ44CCPGJyPuOBneOBrumam+OBr+OAgeOBlOazqOaWh+W+jOWIpemAlOODoeODvOODq+OBq+OBpuOBlOmAo+e1oeOBleOBm+OBpumgguOBjeOBvuOBmeOAgjxicj7jgb7jgZ/jgIHmiYvluLPjgavjgrnjgr/jg7Pjg4nmqZ/og70o5oqY44KK55uu77yJ44GM44Gk44GE44Gm44GE44KL5aC05ZCI44GM44GU44GW44GE44G+44GZ44CCPGJyPuS6iOOCgeOAgeOBlOS6huaJv+mhmOOBhOOBl+OBvuOBmeOAgjwvZm9udD48L2I+PGJyPjxicj4=,R0FMQVhZIFM1IFNDLTA0RiBTQ0wyMyDmiYvluLPlnovjgrHjg7zjgrkgc2MwNGYg44Ku44Oj44Op44Kv44K344O8IOOCouOCr+ODhuOCo+ODliDjgrHjg7zjgrkg5omL5biz5Z6LIOODj+ODr+OCpCDlpJXnhLzjgZEg44OP44Kk44OT44K544Kr44K5IOOCq+ODkOODvCBzYy0wNGbjgrHjg7zjgrkgc2MtMDRm44Kr44OQ44O8IHNjbDIz44Kx44O844K5IHNjbDIz44Kr44OQ44O8IGdhbGF4eSDjgrHjg7zjgrkg44Kr44OQ44O8IOOBiuOBl+OCg+OCjCDjgYvjgo/jgYTjgYQg5omL5biz5Z6L44K544Oe44Ob44Kx44O844K5IOOCueODnuODm+OCseODvOOCuSDjgrnjg57jg5vjgqvjg5Djg7zvvJrjgrHjg7zjgr/jgqTlsYsyNOOAgOalveWkqeW4guWgtOW6lw==,44K544Oe44O844OI44OV44Kp44Oz44Ki44Kv44K744K144Oq44O85pC65biv44K544OI44Op44OD44OX44K544OI44Op44OD44OX44K544Oe44Ob44Kx44O844K544K544Oe44O844OI44OV44Kp44OzIOOCseODvOOCueOCueODnuODm+ODlOOCouOCueOCpOODpOODm+ODs+OCuOODo+ODg+OCryDjgqLjgq/jgrvjgrXjg6rjg7zjgrnjg57jg7zjg4jjg5Xjgqnjg7Pjg5TjgqLjgrnjg43jg4Pjgq/jgrnjg4jjg6njg4Pjg5fjgrnjg6/jg63jg5Xjgrnjgq3jg7wg44OU44Ki44K544K544Ov44Ot44OV44K544Kt44O8IOOCueODiOODqeODg+ODl+OCueODnuODm+OCq+ODkOODvOOCueODnuODvOODiOODleOCqeODsyDjgqvjg5Djg7xHQUxBWFkgUzUgU0MtMDRGIFNDTDIzIOaJi+W4s+Wei+OCseODvOOCuSBzYzA0ZiDjgq7jg6Pjg6njgq/jgrfjg7wg44Ki44Kv44OG44Kj44OWIOOCseODvOOCuSDmiYvluLPlnosg44OP44Ov44KkIOWkleeEvOOBkSDjg4/jgqTjg5Pjgrnjgqvjgrkg44Kr44OQ44O8IHNjLTA0ZuOCseODvOOCuSBzYy0wNGbjgqvjg5Djg7wgc2NsMjPjgrHjg7zjgrkgc2NsMjPjgqvjg5Djg7wgZ2FsYXh5IOOCseODvOOCuSDjgqvjg5Djg7wg44GK44GX44KD44KMIOOBi+OCj+OBhOOBhCDmiYvluLPlnovjgrnjg57jg5vjgrHjg7zjgrkg44K544Oe44Ob44Kx44O844K5IOOCueODnuODm+OCq+ODkOODvA==,R0FMQVhZIFM1IOOCseODvOOCuSDmiYvluLPlnosg44K544Oe44Ob44Kx44O844K5IOaJi+W4s+OCseODvOOCueKYhuOAgkdBTEFYWSBTNSBTQy0wNEYgU0NMMjMg5omL5biz5Z6L44Kx44O844K5IHNjMDRmIOOCruODo+ODqeOCr+OCt+ODvCDjgqLjgq/jg4bjgqPjg5Yg44Kx44O844K5IOaJi+W4s+WeiyDjg4/jg6/jgqQg5aSV54S844GRIOODj+OCpOODk+OCueOCq+OCuSDjgqvjg5Djg7wgc2MtMDRm44Kx44O844K5IHNjLTA0ZuOCq+ODkOODvCBzY2wyM+OCseODvOOCuSBzY2wyM+OCq+ODkOODvCBnYWxheHkg44Kx44O844K5IOOCq+ODkOODvCDjgYrjgZfjgoPjgowg44GL44KP44GE44GEIOaJi+W4s+Wei+OCueODnuODm+OCseODvOOCuSDjgrnjg57jg5vjgrHjg7zjgrkg44K544Oe44Ob44Kr44OQ44O8[rn]
10-177683,aHR0cDovL3RzaG9wLnIxMHMuanAva2ludHN1L2NhYmluZXQvcGx1cy1zL2RpYXJ5L3BsdXMtZGlhcnktaWNkMDAxMGEyLmpwZz9maXRpbj03MDA6NzAw,MTgzNi44MDAw,,44K544Oe44O844OI44OV44Kp44Oz44O744K/44OW44Os44OD44OIID4g44K544Oe44O844OI44OV44Kp44Oz44Ki44Kv44K744K144Oq44O8ID4g44K544Oe44O844OI44OV44Kp44Oz44Kx44O844K5,R0FMQVhZIFM1IFNDLTA0RiBTQ0wyMyDmiYvluLPlnovjgrHjg7zjgrkgc2MwNGYg44Ku44Oj44Op44Kv44K344O8IOOCseODvOOCuSDmiYvluLPlnosg44Kk44OL44K344Oj44OrIOmgreaWh+WtlyDjgqTjg6njgrnjg4gg44OJ44OD44OIc2MtMDRm44Kx44O844K5IHNjLTA0ZuOCq+ODkOODvCBzY2wyM+OCseODvOOCuSBzY2wyM+OCq+ODkOODvCBnYWxheHkg44Kx44O844K5IOOCq+ODkOODvCDjgYrjgZfjgoPjgowg44GL44KP44GE44GEIOaJi+W4s+Wei+OCueODnuODm+OCseODvOOCuSDjgrnjg57jg5vjgrHjg7zjgrkg44K544Oe44Ob44Kr44OQ44O8,R0FMQVhZIFM1IOOCseODvOOCuSDmiYvluLPlnosg44K544Oe44Ob44Kx44O844K5IOaJi+W4s+OCseODvOOCueKYhg==,PGJyPjxiPuKHklBD5ZWG5ZOB44Oa44O844K444Gn6Kmz44GX44GP6KaL44KLPC9iPjxicj48YnI+Cjxmb250IGNvbG9yPSIjZmY2NmNjIj7jgYrlpb3jgb/jga7jgqTjg4vjgrfjg6Pjg6vjgajjgYvjgo/jgYTjgYTjgqTjg6njgrnjg4jjga7jg5njg7zjgrnjga7jg4fjgrbjgqTjg7PjgYzpgbjjgbnjgosgPGJyPuaJi+W4s+WeiyDjg4DjgqTjgqLjg6rjg7zjgrHjg7zjgrnjgILjg5Djg6njgqjjg4bjgqPjgoLosYrlr4zimIY8L2ZvbnQ+PGJyPgo8YnI+Cjx0YWJsZSBib3JkZXI9IjAiIGFsaWduPSJjZW50ZXIiPgo8dHI+Cjx0ZD48aW1nIHNyYz0iaHR0cDovL2ltYWdlLnJha3V0ZW4uY28uanAva2ludHN1L2NhYmluZXQvcGx1cy1zL2RpYXJ5L2RfYmxhY2tfMS5qcGciIHdpZHRoPSIzMDAiIGJvcmRlcj0iMCI+PC90ZD4KPC90cj4KPHRyPgo8dGQ+PGltZyBzcmM9Imh0dHA6Ly9pbWFnZS5yYWt1dGVuLmNvLmpwL2tpbnRzdS9jYWJpbmV0L3BsdXMtcy9kaWFyeS9kX2JsYWNrXzIuanBnIiB3aWR0aD0iMzAwIiBib3JkZXI9IjAiPjwvdGQ+PC90cj48dHI+PHRkPjxpbWcgc3JjPSJodHRwOi8vaW1hZ2UucmFrdXRlbi5jby5qcC9raW50c3UvY2FiaW5ldC9wbHVzLXMvZGlhcnkvZF9ibGFja18zLmpwZyIgd2lkdGg9IjMwMCIgYm9yZGVyPSIwIj48L3RkPgo8L3RyPjwvdGFibGU+PGJyPjxocj4K44GK5aW944G/44Gu44Kk44OL44K344Oj44Or44Go44GL44KP44GE44GE44Kk44Op44K544OI44Gu44OZ44O844K544Gu44OH44K244Kk44Oz44GM6YG444G544KLIOaJi+W4s+WeiyDjg4DjgqTjgqLjg6rjg7zjgrHjg7zjgrnjgILjg5Djg6njgqjjg4bjgqPjgoLosYrlr4zimIY8YnI+MuWAi+S7peS4iuOBlOizvOWFpe+8iDMyNDDlhobku6XkuIrvvInjgafjgIHphY3pgIHmlrnms5XjgIzpg7Xkvr/lsYDjgb7jgZ/jga/jg43jgrPjg53jgrnjgI3jgafpgIHmlpnnhKHmlpnjgavjgarjgorjgb7jgZnjgILjgYrmlK/miZXmlrnms5Xjga/jgIHku6PlvJXjgY3jgafjgoJPS++8geS7o+W8leOBjeOBruWgtOWQiOOBr+OAjOmDteS+v+WxgOOAjeOBp+mFjemAgeiHtOOBl+OBvuOBmeOAgjxicj48Zm9udCBjb2xvcj0iI2ZmMDAwMCI+5Y+X5rOo55Sf55Sj44Gu44Gf44KB44CB44GU5rOo5paH5b6M44Gu5aSJ5pu044CB6L+U5ZOB44CB44Kt44Oj44Oz44K744Or44Gv44GK5Y+X5LuY44Gn44GN44G+44Gb44KT44CCPC9mb250Pjxicj48YnI+Cue0oOadkO+8muaJi+W4s+OCseODvOOCueacrOS9k++8j+WQiOearuOAgOODj+ODvOODieOCseODvOOCue+8j+ODneODquOCq+ODvOODnOODjeODvOODiCjjg5bjg6njg4Pjgq8pPGJyPgrliqDlt6XvvJpVVuehrOWMluWei+OCpOODs+OCrzxicj7igLvljZPkuIrjg5vjg6vjg4Djg7zjga7lhYXpm7vlmajjgavjga/lr77lv5zjgZfjgabjgYrjgorjgb7jgZvjgpPjgIIo44Kx44O844K544KS6KOF552A44GX44Gf44G+44G+44Kz44ON44Kv44K/44O844Gr55u05o6l5beu44GX6L6844KT44Gn44Gu5YWF6Zu744Gv5Y+v6IO944Gn44GZ4piGKOS4gOmDqOmdnuWvvuW/nOapn+eoruacieOCiikpPGJyPgrigLvlhpnnnJ/jga/jgqTjg6Hjg7zjgrjnlLvlg4/jgavjgarjgorjgb7jgZnjgILmqZ/nqK7jgavjgojjgaPjgabntbXmn4TjgYzliIfjgozjgovjgZPjgajjgYzjgZTjgZbjgYTjgb7jgZnjgIIK4oC75a6f54mp44Gu6Imy44Gr6L+R44Gl44GR44KL44KI44GG44Gr5Yqq44KB44Gm44GE44G+44GZ44GM44CB44GU5Yip55So44Gu44Oi44OL44K/44O844CBUEPjgoTjgrnjg57jg7zjg4jjg5Xjgqnjg7Pjga7nkrDlooPjgavjgojjgormjrLovInlhpnnnJ/jga7oibLjgYzlrp/nianjga7oibLjgajpgZXjgaPjgabopovjgYjjgovloLTlkIjjgYzjgZTjgZbjgYTjgb7jgZnjgIIKPGJyPjxicj4KCgoK4piGIOOBneOBruS7luOAgeaJi+W4s+Wei+OCseODvOOCueS4gOimp+OBr+OBk+OBoeOCiTxicj48YnI+PGJyPgo8Zm9udCBjb2xvcj0iIzMzMDA5OSI+44GK5aW944G/44Gu44Kk44OL44K344Oj44Or44Go44GL44KP44GE44GE44Kk44Op44K544OI44Gu44OZ44O844K544Gu44OH44K244Kk44Oz44GM6YG444G544KLIOmBuOOBueOCi+WFqDEy5paH5a2Xw5cz44K/44Kk44OXPC9mb250Pjxicj48YnI+PGZvbnQgY29sb3I9IiNGRjAwMDAiPjxiPuKAu+ODh+OCtuOCpOODs+ODu+OCq+ODqeODvOOBruimi+acrOOBr+ODmuODvOOCuOOBruS4gOeVquS4iuOBq+OBguOCi+WVhuWTgeeUu+WDj+OBru+8kuaemuebruS7pemZjeOCkuOBlOimp+OBj+OBoOOBleOBhOOAgjwvYj48L2ZvbnQ+Cjxicj48YnI+PGI+PGZvbnQgY29sb3I9IiNmZjAwMDAiPuKAu+mDqOadkOOBruiqpOW3ruOBq+OCiOOCi+WTgeWIh+OCjOOBjOeZuueUn+OBl+OBn+WgtOWQiOOBr+OAgeWFpeiNt+asoeesrOOBruijveS9nOODu+eZuumAgeOBqOOBquOCi+WgtOWQiOOBjOOBlOOBluOBhOOBvuOBmeOAgjxicj4K44Gd44Gu6Zqb44Gv44CB44GU5rOo5paH5b6M5Yil6YCU44Oh44O844Or44Gr44Gm44GU6YCj57Wh44GV44Gb44Gm6aCC44GN44G+44GZ44CCPGJyPuOBvuOBn+OAgeaJi+W4s+OBq+OCueOCv+ODs+ODieapn+iDvSjmipjjgornm67vvInjgYzjgaTjgYTjgabjgYTjgovloLTlkIjjgYzjgZTjgZbjgYTjgb7jgZnjgII8YnI+CuS6iOOCgeOAgeOBlOS6huaJv+mhmOOBhOOBl+OBvuOBmeOAgjwvZm9udD48L2I+PGJyPjxicj4=,R0FMQVhZIFM1IFNDLTA0RiBTQ0wyMyDmiYvluLPlnovjgrHjg7zjgrkgc2MwNGYg44Ku44Oj44Op44Kv44K344O8IOOCseODvOOCuSDmiYvluLPlnosg44Kk44OL44K344Oj44OrIOmgreaWh+WtlyDjgqTjg6njgrnjg4gg44OJ44OD44OIc2MtMDRm44Kx44O844K5IHNjLTA0ZuOCq+ODkOODvCBzY2wyM+OCseODvOOCuSBzY2wyM+OCq+ODkOODvCBnYWxheHkg44Kx44O844K5IOOCq+ODkOODvCDjgYrjgZfjgoPjgowg44GL44KP44GE44GEIOaJi+W4s+Wei+OCueODnuODm+OCseODvOOCuSDjgrnjg57jg5vjgrHjg7zjgrkg44K544Oe44Ob44Kr44OQ44O877ya44Kx44O844K/44Kk5bGLMjTjgIDmpb3lpKnluILloLTlupc=,44K544Oe44O844OI44OV44Kp44Oz44Ki44Kv44K744K144Oq44O85pC65biv44K544OI44Op44OD44OX44K544OI44Op44OD44OX44K544Oe44Ob44Kx44O844K544K544Oe44O844OI44OV44Kp44OzIOOCseODvOOCueOCueODnuODm+ODlOOCouOCueOCpOODpOODm+ODs+OCuOODo+ODg+OCryDjgqLjgq/jgrvjgrXjg6rjg7zjgrnjg57jg7zjg4jjg5Xjgqnjg7Pjg5TjgqLjgrnjg43jg4Pjgq/jgrnjg4jjg6njg4Pjg5fjgrnjg6/jg63jg5Xjgrnjgq3jg7wg44OU44Ki44K544K544Ov44Ot44OV44K544Kt44O8IOOCueODiOODqeODg+ODl+OCueODnuODm+OCq+ODkOODvOOCueODnuODvOODiOODleOCqeODsyDjgqvjg5Djg7xHQUxBWFkgUzUgU0MtMDRGIFNDTDIzIOaJi+W4s+Wei+OCseODvOOCuSBzYzA0ZiDjgq7jg6Pjg6njgq/jgrfjg7wg44Kx44O844K5IOaJi+W4s+WeiyDjgqTjg4vjgrfjg6Pjg6sg6aCt5paH5a2XIOOCpOODqeOCueODiCDjg4njg4Pjg4hzYy0wNGbjgrHjg7zjgrkgc2MtMDRm44Kr44OQ44O8IHNjbDIz44Kx44O844K5IHNjbDIz44Kr44OQ44O8IGdhbGF4eSDjgrHjg7zjgrkg44Kr44OQ44O8IOOBiuOBl+OCg+OCjCDjgYvjgo/jgYTjgYQg5omL5biz5Z6L44K544Oe44Ob44Kx44O844K5IOOCueODnuODm+OCseODvOOCuSDjgrnjg57jg5vjgqvjg5Djg7w=,R0FMQVhZIFM1IOOCseODvOOCuSDmiYvluLPlnosg44K544Oe44Ob44Kx44O844K5IOaJi+W4s+OCseODvOOCueKYhuOAgkdBTEFYWSBTNSBTQy0wNEYgU0NMMjMg5omL5biz5Z6L44Kx44O844K5IHNjMDRmIOOCruODo+ODqeOCr+OCt+ODvCDjgrHjg7zjgrkg5omL5biz5Z6LIOOCpOODi+OCt+ODo+ODqyDpoK3mloflrZcg44Kk44Op44K544OIIOODieODg+ODiHNjLTA0ZuOCseODvOOCuSBzYy0wNGbjgqvjg5Djg7wgc2NsMjPjgrHjg7zjgrkgc2NsMjPjgqvjg5Djg7wgZ2FsYXh5IOOCseODvOOCuSDjgqvjg5Djg7wg44GK44GX44KD44KMIOOBi+OCj+OBhOOBhCDmiYvluLPlnovjgrnjg57jg5vjgrHjg7zjgrkg44K544Oe44Ob44Kx44O844K5IOOCueODnuODm+OCq+ODkOODvA==[rn]
10-177684,aHR0cDovL3RzaG9wLnIxMHMuanAva2ludHN1L2NhYmluZXQvcGx1cy1zL2RpYXJ5L3BsdXMtZGlhcnktbXVkMDAxMGEyLmpwZz9maXRpbj03MDA6NzAw,MTgzNi44MDAw,,44K544Oe44O844OI44OV44Kp44Oz44O744K/44OW44Os44OD44OIID4g44K544Oe44O844OI44OV44Kp44Oz44Ki44Kv44K744K144Oq44O8ID4g44K544Oe44O844OI44OV44Kp44Oz44Kx44O844K5,R0FMQVhZIFM1IFNDLTA0RiBTQ0wyMyDmiYvluLPlnovjgrHjg7zjgrkgc2MwNGYg44Ku44Oj44Op44Kv44K344O8IOOCseODvOOCuSDmiYvluLPlnosg44Kk44OL44K344Oj44OrIOmgreaWh+WtlyDjgrnjgr/jgrjjg6Pjg7Ppoqggc2MtMDRm44Kx44O844K5IHNjLTA0ZuOCq+ODkOODvCBzY2wyM+OCseODvOOCuSBzY2wyM+OCq+ODkOODvCBnYWxheHkg44Kx44O844K5IOOCq+ODkOODvCDjgYrjgZfjgoPjgowg44GL44KP44GE44GEIOaJi+W4s+Wei+OCueODnuODm+OCseODvOOCuSDjgrnjg57jg5vjgrHjg7zjgrkg44K544Oe44Ob44Kr44OQ44O8,R0FMQVhZIFM1IOOCseODvOOCuSDmiYvluLPlnosg44K544Oe44Ob44Kx44O844K5IOaJi+W4s+OCseODvOOCueKYhg==,PGJyPjxiPuKHklBD5ZWG5ZOB44Oa44O844K444Gn6Kmz44GX44GP6KaL44KLPC9iPjxicj48YnI+Cjxmb250IGNvbG9yPSIjZmY2NmNjIj7jgYrlpb3jgb/jga7jgqTjg4vjgrfjg6Pjg6vjgajjgqvjg4PjgrPjgojjgY/jgablj6/mhJvjgYTjgrnjgr/jgrjjg6Pjg7Ppoqjjga7jg5njg7zjgrnjga7jg4fjgrbjgqTjg7PjgYzpgbjjgbnjgosgPGJyPuaJi+W4s+WeiyDjg4DjgqTjgqLjg6rjg7zjgrHjg7zjgrnjgILjg5Djg6njgqjjg4bjgqPjgoLosYrlr4zimIY8L2ZvbnQ+PGJyPgo8YnI+Cjx0YWJsZSBib3JkZXI9IjAiIGFsaWduPSJjZW50ZXIiPgo8dHI+Cjx0ZD48aW1nIHNyYz0iaHR0cDovL2ltYWdlLnJha3V0ZW4uY28uanAva2ludHN1L2NhYmluZXQvcGx1cy1zL2RpYXJ5L2RfYmxhY2tfMS5qcGciIHdpZHRoPSIzMDAiIGJvcmRlcj0iMCI+PC90ZD4KPC90cj4KPHRyPgo8dGQ+PGltZyBzcmM9Imh0dHA6Ly9pbWFnZS5yYWt1dGVuLmNvLmpwL2tpbnRzdS9jYWJpbmV0L3BsdXMtcy9kaWFyeS9kX2JsYWNrXzIuanBnIiB3aWR0aD0iMzAwIiBib3JkZXI9IjAiPjwvdGQ+PC90cj48dHI+PHRkPjxpbWcgc3JjPSJodHRwOi8vaW1hZ2UucmFrdXRlbi5jby5qcC9raW50c3UvY2FiaW5ldC9wbHVzLXMvZGlhcnkvZF9ibGFja18zLmpwZyIgd2lkdGg9IjMwMCIgYm9yZGVyPSIwIj48L3RkPgo8L3RyPjwvdGFibGU+PGJyPjxocj4K44GK5aW944G/44Gu44Kk44OL44K344Oj44Or44Go44Kr44OD44Kz44KI44GP44Gm5Y+v5oSb44GE44K544K/44K444Oj44Oz6aKo44Gu44OZ44O844K544Gu44OH44K244Kk44Oz44GM6YG444G544KLIOaJi+W4s+WeiyDjg4DjgqTjgqLjg6rjg7zjgrHjg7zjgrnjgILjg5Djg6njgqjjg4bjgqPjgoLosYrlr4zimIY8YnI+MuWAi+S7peS4iuOBlOizvOWFpe+8iDMyNDDlhobku6XkuIrvvInjgafjgIHphY3pgIHmlrnms5XjgIzpg7Xkvr/lsYDjgb7jgZ/jga/jg43jgrPjg53jgrnjgI3jgafpgIHmlpnnhKHmlpnjgavjgarjgorjgb7jgZnjgILjgYrmlK/miZXmlrnms5Xjga/jgIHku6PlvJXjgY3jgafjgoJPS++8geS7o+W8leOBjeOBruWgtOWQiOOBr+OAjOmDteS+v+WxgOOAjeOBp+mFjemAgeiHtOOBl+OBvuOBmeOAgjxicj48Zm9udCBjb2xvcj0iI2ZmMDAwMCI+5Y+X5rOo55Sf55Sj44Gu44Gf44KB44CB44GU5rOo5paH5b6M44Gu5aSJ5pu044CB6L+U5ZOB44CB44Kt44Oj44Oz44K744Or44Gv44GK5Y+X5LuY44Gn44GN44G+44Gb44KT44CCPC9mb250Pjxicj48YnI+Cue0oOadkO+8muaJi+W4s+OCseODvOOCueacrOS9k++8j+WQiOearuOAgOODj+ODvOODieOCseODvOOCue+8j+ODneODquOCq+ODvOODnOODjeODvOODiCjjg5bjg6njg4Pjgq8pPGJyPgrliqDlt6XvvJpVVuehrOWMluWei+OCpOODs+OCrzxicj7igLvljZPkuIrjg5vjg6vjg4Djg7zjga7lhYXpm7vlmajjgavjga/lr77lv5zjgZfjgabjgYrjgorjgb7jgZvjgpPjgIIo44Kx44O844K544KS6KOF552A44GX44Gf44G+44G+44Kz44ON44Kv44K/44O844Gr55u05o6l5beu44GX6L6844KT44Gn44Gu5YWF6Zu744Gv5Y+v6IO944Gn44GZ4piGKOS4gOmDqOmdnuWvvuW/nOapn+eoruacieOCiikpPGJyPgrigLvlhpnnnJ/jga/jgqTjg6Hjg7zjgrjnlLvlg4/jgavjgarjgorjgb7jgZnjgILmqZ/nqK7jgavjgojjgaPjgabntbXmn4TjgYzliIfjgozjgovjgZPjgajjgYzjgZTjgZbjgYTjgb7jgZnjgIIK4oC75a6f54mp44Gu6Imy44Gr6L+R44Gl44GR44KL44KI44GG44Gr5Yqq44KB44Gm44GE44G+44GZ44GM44CB44GU5Yip55So44Gu44Oi44OL44K/44O844CBUEPjgoTjgrnjg57jg7zjg4jjg5Xjgqnjg7Pjga7nkrDlooPjgavjgojjgormjrLovInlhpnnnJ/jga7oibLjgYzlrp/nianjga7oibLjgajpgZXjgaPjgabopovjgYjjgovloLTlkIjjgYzjgZTjgZbjgYTjgb7jgZnjgIIKPGJyPjxicj4KCgoK4piGIOOBneOBruS7luOAgeaJi+W4s+Wei+OCseODvOOCueS4gOimp+OBr+OBk+OBoeOCiTxicj48YnI+PGJyPgo8Zm9udCBjb2xvcj0iIzMzMDA5OSI+44GK5aW944G/44Gu44Kk44OL44K344Oj44Or44Go44Kr44OD44Kz44KI44GP44Gm5Y+v5oSb44GE44K544K/44K444Oj44Oz6aKo44Gu44OZ44O844K544Gu44OH44K244Kk44Oz44GM6YG444G544KLIOmBuOOBueOCi+WFqDEy5paH5a2Xw5cz44K/44Kk44OXPC9mb250Pjxicj48YnI+PGZvbnQgY29sb3I9IiNGRjAwMDAiPjxiPuKAu+ODh+OCtuOCpOODs+ODu+OCq+ODqeODvOOBruimi+acrOOBr+ODmuODvOOCuOOBruS4gOeVquS4iuOBq+OBguOCi+WVhuWTgeeUu+WDj+OBru+8kuaemuebruS7pemZjeOCkuOBlOimp+OBj+OBoOOBleOBhOOAgjwvYj48L2ZvbnQ+Cjxicj48YnI+PGI+PGZvbnQgY29sb3I9IiNmZjAwMDAiPuKAu+mDqOadkOOBruiqpOW3ruOBq+OCiOOCi+WTgeWIh+OCjOOBjOeZuueUn+OBl+OBn+WgtOWQiOOBr+OAgeWFpeiNt+asoeesrOOBruijveS9nOODu+eZuumAgeOBqOOBquOCi+WgtOWQiOOBjOOBlOOBluOBhOOBvuOBmeOAgjxicj4K44Gd44Gu6Zqb44Gv44CB44GU5rOo5paH5b6M5Yil6YCU44Oh44O844Or44Gr44Gm44GU6YCj57Wh44GV44Gb44Gm6aCC44GN44G+44GZ44CCPGJyPuOBvuOBn+OAgeaJi+W4s+OBq+OCueOCv+ODs+ODieapn+iDvSjmipjjgornm67vvInjgYzjgaTjgYTjgabjgYTjgovloLTlkIjjgYzjgZTjgZbjgYTjgb7jgZnjgII8YnI+CuS6iOOCgeOAgeOBlOS6huaJv+mhmOOBhOOBl+OBvuOBmeOAgjwvZm9udD48L2I+PGJyPjxicj4=,R0FMQVhZIFM1IFNDLTA0RiBTQ0wyMyDmiYvluLPlnovjgrHjg7zjgrkgc2MwNGYg44Ku44Oj44Op44Kv44K344O8IOOCseODvOOCuSDmiYvluLPlnosg44Kk44OL44K344Oj44OrIOmgreaWh+WtlyDjgrnjgr/jgrjjg6Pjg7Ppoqggc2MtMDRm44Kx44O844K5IHNjLTA0ZuOCq+ODkOODvCBzY2wyM+OCseODvOOCuSBzY2wyM+OCq+ODkOODvCBnYWxheHkg44Kx44O844K5IOOCq+ODkOODvCDjgYrjgZfjgoPjgowg44GL44KP44GE44GEIOaJi+W4s+Wei+OCueODnuODm+OCseODvOOCuSDjgrnjg57jg5vjgrHjg7zjgrkg44K544Oe44Ob44Kr44OQ44O877ya44Kx44O844K/44Kk5bGLMjTjgIDmpb3lpKnluILloLTlupc=,44K544Oe44O844OI44OV44Kp44Oz44Ki44Kv44K744K144Oq44O85pC65biv44K544OI44Op44OD44OX44K544OI44Op44OD44OX44K544Oe44Ob44Kx44O844K544K544Oe44O844OI44OV44Kp44OzIOOCseODvOOCueOCueODnuODm+ODlOOCouOCueOCpOODpOODm+ODs+OCuOODo+ODg+OCryDjgqLjgq/jgrvjgrXjg6rjg7zjgrnjg57jg7zjg4jjg5Xjgqnjg7Pjg5TjgqLjgrnjg43jg4Pjgq/jgrnjg4jjg6njg4Pjg5fjgrnjg6/jg63jg5Xjgrnjgq3jg7wg44OU44Ki44K544K544Ov44Ot44OV44K544Kt44O8IOOCueODiOODqeODg+ODl+OCueODnuODm+OCq+ODkOODvOOCueODnuODvOODiOODleOCqeODsyDjgqvjg5Djg7xHQUxBWFkgUzUgU0MtMDRGIFNDTDIzIOaJi+W4s+Wei+OCseODvOOCuSBzYzA0ZiDjgq7jg6Pjg6njgq/jgrfjg7wg44Kx44O844K5IOaJi+W4s+WeiyDjgqTjg4vjgrfjg6Pjg6sg6aCt5paH5a2XIOOCueOCv+OCuOODo+ODs+miqCBzYy0wNGbjgrHjg7zjgrkgc2MtMDRm44Kr44OQ44O8IHNjbDIz44Kx44O844K5IHNjbDIz44Kr44OQ44O8IGdhbGF4eSDjgrHjg7zjgrkg44Kr44OQ44O8IOOBiuOBl+OCg+OCjCDjgYvjgo/jgYTjgYQg5omL5biz5Z6L44K544Oe44Ob44Kx44O844K5IOOCueODnuODm+OCseODvOOCuSDjgrnjg57jg5vjgqvjg5Djg7w=,R0FMQVhZIFM1IOOCseODvOOCuSDmiYvluLPlnosg44K544Oe44Ob44Kx44O844K5IOaJi+W4s+OCseODvOOCueKYhuOAgkdBTEFYWSBTNSBTQy0wNEYgU0NMMjMg5omL5biz5Z6L44Kx44O844K5IHNjMDRmIOOCruODo+ODqeOCr+OCt+ODvCDjgrHjg7zjgrkg5omL5biz5Z6LIOOCpOODi+OCt+ODo+ODqyDpoK3mloflrZcg44K544K/44K444Oj44Oz6aKoIHNjLTA0ZuOCseODvOOCuSBzYy0wNGbjgqvjg5Djg7wgc2NsMjPjgrHjg7zjgrkgc2NsMjPjgqvjg5Djg7wgZ2FsYXh5IOOCseODvOOCuSDjgqvjg5Djg7wg44GK44GX44KD44KMIOOBi+OCj+OBhOOBhCDmiYvluLPlnovjgrnjg57jg5vjgrHjg7zjgrkg44K544Oe44Ob44Kx44O844K5IOOCueODnuODm+OCq+ODkOODvA==[rn]
10-177685,aHR0cDovL3RzaG9wLnIxMHMuanAva2ludHN1L2NhYmluZXQvcGx1cy1zL24vc2MtMDRmL3BzLXNjMDRmLTEwMzlhLmpwZz9maXRpbj03MDA6NzAw,MTYwMC4wMDAw,,44K544Oe44O844OI44OV44Kp44Oz44O744K/44OW44Os44OD44OIID4g44K544Oe44O844OI44OV44Kp44Oz44Ki44Kv44K744K144Oq44O8ID4g44K544Oe44O844OI44OV44Kp44Oz44Kx44O844K5,YXUgR0FMQVhZIFM1IFNDTDIzICDjgrHjg7zjgrkg44Kr44OQ44O8IOODrOOCpOODs+ODnOODvOOCpuOCqeODvOOCv+ODvCDlkozmn4QgZm9yIGF1IEdBTEFYWSBTNSBTQ0wyMyAg44Kx44O844K5IOOCq+ODkOODvFtTQ0wyM13jgJDjgq7jg6Pjg6njgq/jgrfjg7wgc2NsMjMg44Kx44O844K5IOOCq+ODkOODvCBnYWxheHkgc2NsMjMg44Kx44O844K5L+OCq+ODkOODvC9DQVNFL+OCse+8jeOCueOAkeOAkOOCueODnuODm+OCq+ODkOODvCDjgrnjg57jg5vjgrHjg7zjgrnjgJE=,MuWAi+S7peS4iuOBp+mAgeaWmeeEoeaWme+8gQ==,PGJyPjxiPuKHklBD5ZWG5ZOB44Oa44O844K444Gn6Kmz44GX44GP6KaL44KLPC9iPjxicj48YnI+5LiD6Imy44Gu576O44GX44GE5rC044Gu5Lit44KS44Kk44Oh44O844K44pmqIFNDTDIz44Kv44Oq44KiIOOCseODvOOCueOAgjxicj4gMuWAi+S7peS4iuOBlOizvOWFpe+8iDMyNDDlhobku6XkuIrvvInjgafjgIHphY3pgIHmlrnms5XjgIzpg7Xkvr/lsYDjgb7jgZ/jga/jg43jgrPjg53jgrnjgI3jgafpgIHmlpnnhKHmlpnjgavjgarjgorjgb7jgZnjgILjgYrmlK/miZXmlrnms5Xjga/jgIHku6PlvJXjgY3jgafjgoJPS++8geS7o+W8leOBjeOBruWgtOWQiOOBr+OAjOmDteS+v+WxgOOAjeOBp+mFjemAgeiHtOOBl+OBvuOBmeOAgjxicj48Zm9udCBjb2xvcj0iI2ZmMDAwMCI+5Y+X5rOo55Sf55Sj44Gu44Gf44KB44CB44GU5rOo5paH5b6M44Gu5aSJ5pu044CB6L+U5ZOB44CB44Kt44Oj44Oz44K744Or44Gv44GK5Y+X5LuY44Gn44GN44G+44Gb44KT44CCPC9mb250Pjxicj48YnI+IOKAu+e0oOadkO+8muOCr+ODquOCouOCseODvOOCueacrOS9k++8j+ODneODquOCq+ODvOODnOODjeODvOODiOWKoOW3pSjjgq/jg6rjgqLjgrHjg7zjgrkp77yaVVbnoazljJblnovjgqTjg7Pjgq/vvIjlgbTpnaLjgavjg5fjg6rjg7Pjg4jjga/lhaXjgorjgb7jgZvjgpPvvIk8YnI+4oC75Y2T5LiK44Ob44Or44OA44O844Gu5YWF6Zu75Zmo44Gr44Gv5a++5b+c44GX44Gm44GK44KK44G+44Gb44KT44CCKOOCseODvOOCueOCkuijheedgOOBl+OBn+OBvuOBvuOCs+ODjeOCr+OCv+ODvOOBq+ebtOaOpeW3ruOBl+i+vOOCk+OBp+OBruWFhembu+OBr+WPr+iDveOBp+OBmeKYhik8YnI+PGJyPiDimIYg44Gd44Gu5LuW44CBU0NMMjPkuIDopqfjga/jgZPjgaHjgok8YnI+PGJyPjxicj48dGFibGU+Cjx0cj4KPHRkIGFsaWduPSJjZW50ZXIiPjxmb250IHNpemU9IjMiPuKWvOKWvOKWvOOCseODvOOCueijheedgOOCpOODoeODvOOCuOS+i+OBr+KWvOKWvOKWvDxicj4mZ3Q7Jmd0OyZndDsmZ3Q74piG44GT44Gh44KJ4piGJmx0OyZsdDsmbHQ7Jmx0OzwvZm9udD48YnI+PGJyPjxpbWcgc3JjPSJodHRwOi8vaW1hZ2UucmFrdXRlbi5jby5qcC9raW50c3UvY2FiaW5ldC9wbHVzLXMva3lvdXRzdS9mdWxsdGV4MDIuanBnIiB3aWR0aD0iMzAwIiBib3JkZXI9IjAiIGFsdD0iIiAvPjxiciAvPgo8YnI+Cjxicj4KPGZvbnQgc2l6ZT0iMyI+44Os44Kk44Oz44Oc44O844Km44Kp44O844K/44O8IOWSjOafhDxicj48L2ZvbnQ+PGJyIC8+CiA8aW1nIHNyYz0iaHR0cDovL2ltYWdlLnJha3V0ZW4uY28uanAva2ludHN1L2NhYmluZXQvcGx1cy1zL24vc2MtMDRmL3BzLXNjMDRmLTEwMzlhLmpwZyIgIHdpZHRoPSIzMDAiIGJvcmRlcj0iMCIgYWx0PSIiIC8+PGJyPjxicj4KPGZvbnQ+5LiD6Imy44Gu576O44GX44GE5rC044Gu5Lit44KS44Kk44Oh44O844K44pmqIFNDTDIz44Kv44Oq44KiIOOCseODvOOCueOAgjwvZm9udD48YnIgLz48YnIgLz4KPGZvbnQgc2l6ZT0iMiI+44GK5aW944G/44Gu44OH44K244Kk44Oz44KS44OV44Or44Gr5qW944GX44KB44KL44Kx44O844K55YWo6Z2i44OX44Oq44Oz44OI5LuV5qeY77yB5YG06Z2i44Kv44Oq44Ki44Gq44Gu44Gn44CB5LiL5Zyw44Gu5pys5L2T44Kr44Op44O844KS5rS744GL44GX44G+44GZ4pmq5pel5pys6KO944KJ44GX44GE576O44GX44GE6a6u44KE44GL44Gq44OH44K244Kk44Oz44GM5qW944GX44KB44KL5b2T5bqX6Ieq5oWi44Gu44Kq44Oq44K444OK44Or44OX44Oq44Oz44OI44Kx44O844K544Gn44GZ4pmqPGJyIC8+bWFkZSBpbiBqYXBhbjwvZm9udD48YnIgLz48YnIgLz4KPGltZyBzcmM9Imh0dHA6Ly9pbWFnZS5yYWt1dGVuLmNvLmpwL2tpbnRzdS9jYWJpbmV0L3BsdXMtcy9reW91dHN1L2ZpbG1fcHJlNi5qcGciIHdpZHRoPSIzMDAiIGJvcmRlcj0iMCIgYWx0PSIiIC8+PC90ZD4KPC90cj4KPHRyPgo8dGQgYWxpZ249InJpZ2h0Ij48YnIgLz48Yj48Zm9udCBzaXplPSIzIj4mZ3Q7Jmd0O+S7luOAgVNDTDIz5LiA6Kan44Gv44GT44Gh44KJPC9mb250PjwvYj48YnIgLz48YnIgLz4KPC90ZD4KPC90cj4KPC90YWJsZT4=,YXUgR0FMQVhZIFM1IFNDTDIzICDjgrHjg7zjgrkg44Kr44OQ44O8IOODrOOCpOODs+ODnOODvOOCpuOCqeODvOOCv+ODvCDlkozmn4QgZm9yIGF1IEdBTEFYWSBTNSBTQ0wyMyAg44Kx44O844K5IOOCq+ODkOODvFtTQ0wyM13jgJDjgq7jg6Pjg6njgq/jgrfjg7wgc2NsMjMg44Kx44O844K5IOOCq+ODkOODvCBnYWxheHkgc2NsMjMg44Kx44O844K5L+OCq+ODkOODvC9DQVNFL+OCsSZtaW51czvjgrnjgJHjgJDjgrnjg57jg5vjgqvjg5Djg7wg44K544Oe44Ob44Kx44O844K544CR77ya44Kx44O844K/44Kk5bGLMjTjgIDmpb3lpKnluILloLTlupc=,44K544Oe44O844OI44OV44Kp44Oz44Ki44Kv44K744K144Oq44O85pC65biv44K544OI44Op44OD44OX44K544OI44Op44OD44OX44K544Oe44Ob44Kx44O844K544K544Oe44O844OI44OV44Kp44OzIOOCseODvOOCueOCueODnuODm+ODlOOCouOCueOCpOODpOODm+ODs+OCuOODo+ODg+OCryDjgqLjgq/jgrvjgrXjg6rjg7zjgrnjg57jg7zjg4jjg5Xjgqnjg7Pjg5TjgqLjgrnjg43jg4Pjgq/jgrnjg4jjg6njg4Pjg5fjgrnjg6/jg63jg5Xjgrnjgq3jg7wg44OU44Ki44K544K544Ov44Ot44OV44K544Kt44O8IOOCueODiOODqeODg+ODl+OCueODnuODm+OCq+ODkOODvOOCueODnuODvOODiOODleOCqeODsyDjgqvjg5Djg7xhdSBHQUxBWFkgUzUgU0NMMjMgIOOCseODvOOCuSDjgqvjg5Djg7wg44Os44Kk44Oz44Oc44O844Km44Kp44O844K/44O8IOWSjOafhCBmb3IgYXUgR0FMQVhZIFM1IFNDTDIzICDjgrHjg7zjgrkg44Kr44OQ44O8W1NDTDIzXeOAkOOCruODo+ODqeOCr+OCt+ODvCBzY2wyMyDjgrHjg7zjgrkg44Kr44OQ44O8IGdhbGF4eSBzY2wyMyDjgrHjg7zjgrkv44Kr44OQ44O8L0NBU0Uv44KxJm1pbnVzO+OCueOAkeOAkOOCueODnuODm+OCq+ODkOODvCDjgrnjg57jg5vjgrHjg7zjgrnjgJE=,MuWAi+S7peS4iuOBp+mAgeaWmeeEoeaWme+8geOAgmF1IEdBTEFYWSBTNSBTQ0wyMyAg44Kx44O844K5IOOCq+ODkOODvCDjg6zjgqTjg7Pjg5zjg7zjgqbjgqnjg7zjgr/jg7wg5ZKM5p+EIGZvciBhdSBHQUxBWFkgUzUgU0NMMjMgIOOCseODvOOCuSDjgqvjg5Djg7xbU0NMMjNd44CQ44Ku44Oj44Op44Kv44K344O8IHNjbDIzIOOCseODvOOCuSDjgqvjg5Djg7wgZ2FsYXh5IHNjbDIzIOOCseODvOOCuS/jgqvjg5Djg7wvQ0FTRS/jgrEmbWludXM744K544CR44CQ44K544Oe44Ob44Kr44OQ44O8IOOCueODnuODm+OCseODvOOCueOAkQ==[rn]
10-177686,aHR0cDovL3RzaG9wLnIxMHMuanAva2ludHN1L2NhYmluZXQvcGx1cy1zL24vc2MtMDRmL3BzLXNjMDRmLTExMTRhLmpwZz9maXRpbj03MDA6NzAw,MTYwMC4wMDAw,,44K544Oe44O844OI44OV44Kp44Oz44O744K/44OW44Os44OD44OIID4g44K544Oe44O844OI44OV44Kp44Oz44Ki44Kv44K744K144Oq44O8ID4g44K544Oe44O844OI44OV44Kp44Oz44Kx44O844K5,YXUgR0FMQVhZIFM1IFNDTDIzICDjgrHjg7zjgrkg44Kr44OQ44O8IOODkuODp+OCpuafhOOCr+ODquOCoiDjgqLjg4vjg57jg6vjgIDlj43ou6Ljgrfjg6rjg7zjgrogIGZvciBhdSBHQUxBWFkgUzUgU0NMMjMgIOOCseODvOOCuSDjgqvjg5Djg7xbU0NMMjNd44CQ44Ku44Oj44Op44Kv44K344O8IHNjbDIzIOOCseODvOOCuSDjgqvjg5Djg7wgZ2FsYXh5IHNjbDIzIOOCseODvOOCuS/jgqvjg5Djg7wvQ0FTRS/jgrHvvI3jgrnjgJHjgJDjgrnjg57jg5vjgqvjg5Djg7wg44K544Oe44Ob44Kx44O844K544CR,MuWAi+S7peS4iuOBp+mAgeaWmeeEoeaWme+8gQ==,PGJyPjxiPuKHklBD5ZWG5ZOB44Oa44O844K444Gn6Kmz44GX44GP6KaL44KLPC9iPjxicj48YnI+44OH44K244Kk44Oz44Gu5LiA6YOo44GM44Kv44Oq44Ki44Gn44CB5qmf56iu5pys5L2T44Kr44Op44O844GM44Gd44Gu44G+44G+6IOM5pmv6Imy44Gr77yB44OS44On44Km5p+E44GuIFNDTDIzIOOCr+ODquOCoiDjgrHjg7zjgrnjgILoo4/lgbTjgYzpgI/jgZHjgovjg4fjgrbjgqTjg7Pjgarjga7jgafjgIHmqZ/nqK7mnKzkvZPjga7jg4fjgrbjgqTjg7PjgYzmtLvjgYvjgZXjgozjgb7jgZnimao8YnI+IDLlgIvku6XkuIrjgZTos7zlhaXvvIgzMjQw5YaG5Lul5LiK77yJ44Gn44CB6YWN6YCB5pa55rOV44CM6YO15L6/5bGA44G+44Gf44Gv44ON44Kz44Od44K544CN44Gn6YCB5paZ54Sh5paZ44Gr44Gq44KK44G+44GZ44CC44GK5pSv5omV5pa55rOV44Gv44CB5Luj5byV44GN44Gn44KCT0vvvIHku6PlvJXjgY3jga7loLTlkIjjga/jgIzpg7Xkvr/lsYDjgI3jgafphY3pgIHoh7TjgZfjgb7jgZnjgII8YnI+PGZvbnQgY29sb3I9IiNmZjAwMDAiPuWPl+azqOeUn+eUo+OBruOBn+OCgeOAgeOBlOazqOaWh+W+jOOBruWkieabtOOAgei/lOWTgeOAgeOCreODo+ODs+OCu+ODq+OBr+OBiuWPl+S7mOOBp+OBjeOBvuOBm+OCk+OAgjwvZm9udD48YnI+PGJyPiDigLvntKDmnZDvvJrjgq/jg6rjgqLjgrHjg7zjgrnmnKzkvZPvvI/jg53jg6rjgqvjg7zjg5zjg43jg7zjg4jliqDlt6Uo44Kv44Oq44Ki44Kx44O844K5Ke+8mlVW56Gs5YyW5Z6L44Kk44Oz44Kv77yI5YG06Z2i44Gr44OX44Oq44Oz44OI44Gv5YWl44KK44G+44Gb44KT77yJPGJyPuKAu+WNk+S4iuODm+ODq+ODgOODvOOBruWFhembu+WZqOOBq+OBr+WvvuW/nOOBl+OBpuOBiuOCiuOBvuOBm+OCk+OAgijjgrHjg7zjgrnjgpLoo4XnnYDjgZfjgZ/jgb7jgb7jgrPjg43jgq/jgr/jg7zjgavnm7TmjqXlt67jgZfovrzjgpPjgafjga7lhYXpm7vjga/lj6/og73jgafjgZnimIYpPGJyPjxicj4g4piGIOOBneOBruS7luOAgVNDTDIzIOS4gOimp+OBr+OBk+OBoeOCiTxicj48YnI+PGJyPgo8dGFibGU+CiA8dHI+CiAgPHRkIGFsaWduPSJjZW50ZXIiPjxmb250IHNpemU9IjMiPuKWvOKWvOKWvOOCseODvOOCueijheedgOOCpOODoeODvOOCuOS+i+OBr+KWvOKWvOKWvDxicj4mZ3Q7Jmd0OyZndDsmZ3Q74piG44GT44Gh44KJ4piGJmx0OyZsdDsmbHQ7Jmx0OzwvZm9udD48YnI+PGJyPgogICA8aW1nIHNyYz0iaHR0cDovL2ltYWdlLnJha3V0ZW4uY28uanAva2ludHN1L2NhYmluZXQvcGx1cy1zL2t5b3V0c3UvcG9pbnQtZDAyLmpwZyIgd2lkdGg9IjMwMCIgYm9yZGVyPSIwIj48YnIgLz48YnIgLz48YnIgLz48Zm9udCBzaXplPSIzIj7jg5Ljg6fjgqbmn4Tjgq/jg6rjgqIg44Ki44OL44Oe44Or44CA5Y+N6Lui44K344Oq44O844K6PC9mb250PjxiciAvPjxiciAvPjxpbWcgc3JjPSJodHRwOi8vaW1hZ2UucmFrdXRlbi5jby5qcC9raW50c3UvY2FiaW5ldC9wbHVzLXMvbi9zYy0wNGYvcHMtc2MwNGYtMTExNGEuanBnIiB3aWR0aD0iMzAwIiBib3JkZXI9IjAiIGFsdD0iIiAvPjxicj48YnI+PGZvbnQ+44OH44K244Kk44Oz44Gu5LiA6YOo44GM44Kv44Oq44Ki44Gn44CB5qmf56iu5pys5L2T44Kr44Op44O844GM44Gd44Gu44G+44G+6IOM5pmv6Imy44Gr77yB44OS44On44Km5p+E44GuIFNDTDIzIOOCr+ODquOCoiDjgrHjg7zjgrnjgILoo4/lgbTjgYzpgI/jgZHjgovjg4fjgrbjgqTjg7Pjgarjga7jgafjgIHmqZ/nqK7mnKzkvZPjga7jg4fjgrbjgqTjg7PjgYzmtLvjgYvjgZXjgozjgb7jgZnimao8L2ZvbnQ+PGJyIC8+PGJyIC8+PGZvbnQgc2l6ZT0iMiI+44Kv44Oq44Ki44Gu44OP44O844OJ44Kx44O844K544Gr44CB6YOo5YiG55qE44Gr44OH44K244Kk44Oz44KS44OX44Oq44Oz44OI77yB5qmf56iu5pys5L2T44Gu6Imy44O744OH44K244Kk44Oz44CN44Go44CM44OX44Oq44Oz44OI44Kx44O844K544Gu44OH44K244Kk44Oz44CN44Gu6J6N5ZCI44KS5qW944GX44KA5b2T5bqX6Ieq5oWi44Gu44Kq44Oq44K444OK44Or44OX44Oq44Oz44OI44Kx44O844K544Gn44GZ4pmqPGJyIC8+bWFkZSBpbiBqYXBhbjwvZm9udD48YnIgLz48YnIgLz48aW1nIHNyYz0iaHR0cDovL2ltYWdlLnJha3V0ZW4uY28uanAva2ludHN1L2NhYmluZXQvcGx1cy1zL2t5b3V0c3UvZmlsbV9wcmU2LmpwZyIgd2lkdGg9IjMwMCIgYm9yZGVyPSIwIiBhbHQ9IiIgLz4KICA8L3RkPgogPC90cj4KIDx0cj4KICA8dGQgYWxpZ249InJpZ2h0Ij48YnIgLz48Yj48Zm9udCBzaXplPSIzIj4mZ3Q7Jmd0O+S7luOAgVNDTDIzIOS4gOimp+OBr+OBk+OBoeOCiTwvZm9udD48L2I+PGJyIC8+CiAgPC90ZD4KIDwvdHI+CjwvdGFibGU+,YXUgR0FMQVhZIFM1IFNDTDIzICDjgrHjg7zjgrkg44Kr44OQ44O8IOODkuODp+OCpuafhOOCr+ODquOCoiDjgqLjg4vjg57jg6vjgIDlj43ou6Ljgrfjg6rjg7zjgrogIGZvciBhdSBHQUxBWFkgUzUgU0NMMjMgIOOCseODvOOCuSDjgqvjg5Djg7xbU0NMMjNd44CQ44Ku44Oj44Op44Kv44K344O8IHNjbDIzIOOCseODvOOCuSDjgqvjg5Djg7wgZ2FsYXh5IHNjbDIzIOOCseODvOOCuS/jgqvjg5Djg7wvQ0FTRS/jgrEmbWludXM744K544CR44CQ44K544Oe44Ob44Kr44OQ44O8IOOCueODnuODm+OCseODvOOCueOAke+8muOCseODvOOCv+OCpOWxizI044CA5qW95aSp5biC5aC05bqX,44K544Oe44O844OI44OV44Kp44Oz44Ki44Kv44K744K144Oq44O85pC65biv44K544OI44Op44OD44OX44K544OI44Op44OD44OX44K544Oe44Ob44Kx44O844K544K544Oe44O844OI44OV44Kp44OzIOOCseODvOOCueOCueODnuODm+ODlOOCouOCueOCpOODpOODm+ODs+OCuOODo+ODg+OCryDjgqLjgq/jgrvjgrXjg6rjg7zjgrnjg57jg7zjg4jjg5Xjgqnjg7Pjg5TjgqLjgrnjg43jg4Pjgq/jgrnjg4jjg6njg4Pjg5fjgrnjg6/jg63jg5Xjgrnjgq3jg7wg44OU44Ki44K544K544Ov44Ot44OV44K544Kt44O8IOOCueODiOODqeODg+ODl+OCueODnuODm+OCq+ODkOODvOOCueODnuODvOODiOODleOCqeODsyDjgqvjg5Djg7xhdSBHQUxBWFkgUzUgU0NMMjMgIOOCseODvOOCuSDjgqvjg5Djg7wg44OS44On44Km5p+E44Kv44Oq44KiIOOCouODi+ODnuODq+OAgOWPjei7ouOCt+ODquODvOOCuiAgZm9yIGF1IEdBTEFYWSBTNSBTQ0wyMyAg44Kx44O844K5IOOCq+ODkOODvFtTQ0wyM13jgJDjgq7jg6Pjg6njgq/jgrfjg7wgc2NsMjMg44Kx44O844K5IOOCq+ODkOODvCBnYWxheHkgc2NsMjMg44Kx44O844K5L+OCq+ODkOODvC9DQVNFL+OCsSZtaW51czvjgrnjgJHjgJDjgrnjg57jg5vjgqvjg5Djg7wg44K544Oe44Ob44Kx44O844K544CR,MuWAi+S7peS4iuOBp+mAgeaWmeeEoeaWme+8geOAgmF1IEdBTEFYWSBTNSBTQ0wyMyAg44Kx44O844K5IOOCq+ODkOODvCDjg5Ljg6fjgqbmn4Tjgq/jg6rjgqIg44Ki44OL44Oe44Or44CA5Y+N6Lui44K344Oq44O844K6ICBmb3IgYXUgR0FMQVhZIFM1IFNDTDIzICDjgrHjg7zjgrkg44Kr44OQ44O8W1NDTDIzXeOAkOOCruODo+ODqeOCr+OCt+ODvCBzY2wyMyDjgrHjg7zjgrkg44Kr44OQ44O8IGdhbGF4eSBzY2wyMyDjgrHjg7zjgrkv44Kr44OQ44O8L0NBU0Uv44KxJm1pbnVzO+OCueOAkeOAkOOCueODnuODm+OCq+ODkOODvCDjgrnjg57jg5vjgrHjg7zjgrnjgJE=[rn]
10-177687,aHR0cDovL3RzaG9wLnIxMHMuanAva2ludHN1L2NhYmluZXQvcGx1cy1zL20vc2MtMDRmL3BzLXNjMDRmLTAwOTFhLmpwZz9maXRpbj03MDA6NzAw,MTYwMC4wMDAw,,44K544Oe44O844OI44OV44Kp44Oz44O744K/44OW44Os44OD44OIID4g44K544Oe44O844OI44OV44Kp44Oz44Ki44Kv44K744K144Oq44O8ID4g44K544Oe44O844OI44OV44Kp44Oz44Kx44O844K5,YXUgR0FMQVhZIFM1IFNDTDIzICDjgrHjg7zjgrkg44Kr44OQ44O8IOOCueOCpuOCo+ODvOODiOOCueODiOODreODmeODquODvCBUWVBFMSBmb3IgYXUgR0FMQVhZIFM1IFNDTDIzICDjgrHjg7zjgrkg44Kr44OQ44O8W1NDTDIzXeOAkOOCruODo+ODqeOCr+OCt+ODvCBzY2wyMyDjgrHjg7zjgrkg44Kr44OQ44O8IGdhbGF4eSBzY2wyMyDjgrHjg7zjgrkv44Kr44OQ44O8L0NBU0Uv44Kx77yN44K544CR44CQ44K544Oe44Ob44Kr44OQ44O8IOOCueODnuODm+OCseODvOOCueOAkQ==,MuWAi+S7peS4iuOBp+mAgeaWmeeEoeaWme+8gQ==,PGJyPjxiPuKHklBD5ZWG5ZOB44Oa44O844K444Gn6Kmz44GX44GP6KaL44KLPC9iPjxicj48YnI+5Y+v5oSb44GE44Kk44OB44K05qih5qeY44GuU0NMMjPjgq/jg6rjgqIg44Kx44O844K544CCPGJyPiAy5YCL5Lul5LiK44GU6LO85YWl77yIMzI0MOWGhuS7peS4iu+8ieOBp+OAgemFjemAgeaWueazleOAjOmDteS+v+WxgOOBvuOBn+OBr+ODjeOCs+ODneOCueOAjeOBp+mAgeaWmeeEoeaWmeOBq+OBquOCiuOBvuOBmeOAguOBiuaUr+aJleaWueazleOBr+OAgeS7o+W8leOBjeOBp+OCgk9L77yB5Luj5byV44GN44Gu5aC05ZCI44Gv44CM6YO15L6/5bGA44CN44Gn6YWN6YCB6Ie044GX44G+44GZ44CCPGJyPjxmb250IGNvbG9yPSIjZmYwMDAwIj7lj5fms6jnlJ/nlKPjga7jgZ/jgoHjgIHjgZTms6jmloflvozjga7lpInmm7TjgIHov5Tlk4HjgIHjgq3jg6Pjg7Pjgrvjg6vjga/jgYrlj5fku5jjgafjgY3jgb7jgZvjgpPjgII8L2ZvbnQ+PGJyPjxicj4g4oC757Sg5p2Q77ya44Kv44Oq44Ki44Kx44O844K55pys5L2T77yP44Od44Oq44Kr44O844Oc44ON44O844OI5Yqg5belKOOCr+ODquOCouOCseODvOOCuSnvvJpVVuehrOWMluWei+OCpOODs+OCr++8iOWBtOmdouOBq+ODl+ODquODs+ODiOOBr+WFpeOCiuOBvuOBm+OCk++8iTxicj7igLvljZPkuIrjg5vjg6vjg4Djg7zjga7lhYXpm7vlmajjgavjga/lr77lv5zjgZfjgabjgYrjgorjgb7jgZvjgpPjgIIo44Kx44O844K544KS6KOF552A44GX44Gf44G+44G+44Kz44ON44Kv44K/44O844Gr55u05o6l5beu44GX6L6844KT44Gn44Gu5YWF6Zu744Gv5Y+v6IO944Gn44GZ4piGKTxicj48YnI+IOKYhiDjgZ3jga7ku5bjgIFTQ0wyM+S4gOimp+OBr+OBk+OBoeOCiTxicj48YnI+PGJyPjx0YWJsZT4KPHRyPgo8dGQgYWxpZ249ImNlbnRlciI+PGZvbnQgc2l6ZT0iMyI+4pa84pa84pa844Kx44O844K56KOF552A44Kk44Oh44O844K45L6L44Gv4pa84pa84pa8PGJyPiZndDsmZ3Q7Jmd0OyZndDvimIbjgZPjgaHjgonimIYmbHQ7Jmx0OyZsdDsmbHQ7PC9mb250Pjxicj48YnI+PGltZyBzcmM9Imh0dHA6Ly9pbWFnZS5yYWt1dGVuLmNvLmpwL2tpbnRzdS9jYWJpbmV0L3BsdXMtcy9reW91dHN1L2Z1bGx0ZXgwMi5qcGciIHdpZHRoPSIzMDAiIGJvcmRlcj0iMCIgYWx0PSIiIC8+PGJyIC8+Cjxicj4KPGJyPgo8Zm9udCBzaXplPSIzIj7jgrnjgqbjgqPjg7zjg4jjgrnjg4jjg63jg5njg6rjg7wgVFlQRTE8YnI+PC9mb250PjxiciAvPgogPGltZyBzcmM9Imh0dHA6Ly9pbWFnZS5yYWt1dGVuLmNvLmpwL2tpbnRzdS9jYWJpbmV0L3BsdXMtcy9tL3NjLTA0Zi9wcy1zYzA0Zi0wMDkxYS5qcGciICB3aWR0aD0iMzAwIiBib3JkZXI9IjAiIGFsdD0iIiAvPjxicj48YnI+Cjxmb250PuWPr+aEm+OBhOOCpOODgeOCtOaooeanmOOBrlNDTDIz44Kv44Oq44KiIOOCseODvOOCueOAgjwvZm9udD48YnIgLz48YnIgLz4KPGZvbnQgc2l6ZT0iMiI+44GK5aW944G/44Gu44OH44K244Kk44Oz44KS44OV44Or44Gr5qW944GX44KB44KL44Kx44O844K55YWo6Z2i44OX44Oq44Oz44OI5LuV5qeY77yB5YG06Z2i44Kv44Oq44Ki44Gq44Gu44Gn44CB5LiL5Zyw44Gu5pys5L2T44Kr44Op44O844KS5rS744GL44GX44G+44GZ4pmq5pel5pys6KO944KJ44GX44GE576O44GX44GE6a6u44KE44GL44Gq44OH44K244Kk44Oz44GM5qW944GX44KB44KL5b2T5bqX6Ieq5oWi44Gu44Kq44Oq44K444OK44Or44OX44Oq44Oz44OI44Kx44O844K544Gn44GZ4pmqPGJyIC8+bWFkZSBpbiBqYXBhbjwvZm9udD48YnIgLz48YnIgLz4KPGltZyBzcmM9Imh0dHA6Ly9pbWFnZS5yYWt1dGVuLmNvLmpwL2tpbnRzdS9jYWJpbmV0L3BsdXMtcy9reW91dHN1L2ZpbG1fcHJlNi5qcGciIHdpZHRoPSIzMDAiIGJvcmRlcj0iMCIgYWx0PSIiIC8+PC90ZD4KPC90cj4KPHRyPgo8dGQgYWxpZ249InJpZ2h0Ij48YnIgLz48Yj48Zm9udCBzaXplPSIzIj4mZ3Q7Jmd0O+S7luOAgVNDTDIz5LiA6Kan44Gv44GT44Gh44KJPC9mb250PjwvYj48YnIgLz48YnIgLz4KPC90ZD4KPC90cj4KPC90YWJsZT4=,YXUgR0FMQVhZIFM1IFNDTDIzICDjgrHjg7zjgrkg44Kr44OQ44O8IOOCueOCpuOCo+ODvOODiOOCueODiOODreODmeODquODvCBUWVBFMSBmb3IgYXUgR0FMQVhZIFM1IFNDTDIzICDjgrHjg7zjgrkg44Kr44OQ44O8W1NDTDIzXeOAkOOCruODo+ODqeOCr+OCt+ODvCBzY2wyMyDjgrHjg7zjgrkg44Kr44OQ44O8IGdhbGF4eSBzY2wyMyDjgrHjg7zjgrkv44Kr44OQ44O8L0NBU0Uv44KxJm1pbnVzO+OCueOAkeOAkOOCueODnuODm+OCq+ODkOODvCDjgrnjg57jg5vjgrHjg7zjgrnjgJHvvJrjgrHjg7zjgr/jgqTlsYsyNOOAgOalveWkqeW4guWgtOW6lw==,44K544Oe44O844OI44OV44Kp44Oz44Ki44Kv44K744K144Oq44O85pC65biv44K544OI44Op44OD44OX44K544OI44Op44OD44OX44K544Oe44Ob44Kx44O844K544K544Oe44O844OI44OV44Kp44OzIOOCseODvOOCueOCueODnuODm+ODlOOCouOCueOCpOODpOODm+ODs+OCuOODo+ODg+OCryDjgqLjgq/jgrvjgrXjg6rjg7zjgrnjg57jg7zjg4jjg5Xjgqnjg7Pjg5TjgqLjgrnjg43jg4Pjgq/jgrnjg4jjg6njg4Pjg5fjgrnjg6/jg63jg5Xjgrnjgq3jg7wg44OU44Ki44K544K544Ov44Ot44OV44K544Kt44O8IOOCueODiOODqeODg+ODl+OCueODnuODm+OCq+ODkOODvOOCueODnuODvOODiOODleOCqeODsyDjgqvjg5Djg7xhdSBHQUxBWFkgUzUgU0NMMjMgIOOCseODvOOCuSDjgqvjg5Djg7wg44K544Km44Kj44O844OI44K544OI44Ot44OZ44Oq44O8IFRZUEUxIGZvciBhdSBHQUxBWFkgUzUgU0NMMjMgIOOCseODvOOCuSDjgqvjg5Djg7xbU0NMMjNd44CQ44Ku44Oj44Op44Kv44K344O8IHNjbDIzIOOCseODvOOCuSDjgqvjg5Djg7wgZ2FsYXh5IHNjbDIzIOOCseODvOOCuS/jgqvjg5Djg7wvQ0FTRS/jgrEmbWludXM744K544CR44CQ44K544Oe44Ob44Kr44OQ44O8IOOCueODnuODm+OCseODvOOCueOAkQ==,MuWAi+S7peS4iuOBp+mAgeaWmeeEoeaWme+8geOAgmF1IEdBTEFYWSBTNSBTQ0wyMyAg44Kx44O844K5IOOCq+ODkOODvCDjgrnjgqbjgqPjg7zjg4jjgrnjg4jjg63jg5njg6rjg7wgVFlQRTEgZm9yIGF1IEdBTEFYWSBTNSBTQ0wyMyAg44Kx44O844K5IOOCq+ODkOODvFtTQ0wyM13jgJDjgq7jg6Pjg6njgq/jgrfjg7wgc2NsMjMg44Kx44O844K5IOOCq+ODkOODvCBnYWxheHkgc2NsMjMg44Kx44O844K5L+OCq+ODkOODvC9DQVNFL+OCsSZtaW51czvjgrnjgJHjgJDjgrnjg57jg5vjgqvjg5Djg7wg44K544Oe44Ob44Kx44O844K544CR[rn]
10-177688,aHR0cDovL3RzaG9wLnIxMHMuanAva2ludHN1L2NhYmluZXQvcGx1cy1zL24vc2MtMDRmL3BzLXNjMDRmLTEwNTNhLmpwZz9maXRpbj03MDA6NzAw,MTYwMC4wMDAw,,44K544Oe44O844OI44OV44Kp44Oz44O744K/44OW44Os44OD44OIID4g44K544Oe44O844OI44OV44Kp44Oz44Ki44Kv44K744K144Oq44O8ID4g44K544Oe44O844OI44OV44Kp44Oz44Kx44O844K5,YXUgR0FMQVhZIFM1IFNDTDIzICDjgrHjg7zjgrkg44Kr44OQ44O8IOacqOebriBUWVBFNCBmb3IgYXUgR0FMQVhZIFM1IFNDTDIzICDjgrHjg7zjgrkg44Kr44OQ44O8W1NDTDIzXeOAkOOCruODo+ODqeOCr+OCt+ODvCBzY2wyMyDjgrHjg7zjgrkg44Kr44OQ44O8IGdhbGF4eSBzY2wyMyDjgrHjg7zjgrkv44Kr44OQ44O8L0NBU0Uv44Kx77yN44K544CR44CQ44K544Oe44Ob44Kr44OQ44O8IOOCueODnuODm+OCseODvOOCueOAkQ==,MuWAi+S7peS4iuOBp+mAgeaWmeeEoeaWme+8gQ==,PGJyPjxiPuKHklBD5ZWG5ZOB44Oa44O844K444Gn6Kmz44GX44GP6KaL44KLPC9iPjxicj48YnI+576O44GX44GE5pyo55uu44GuU0NMMjPjgq/jg6rjgqIg44Kx44O844K544CCPGJyPiAy5YCL5Lul5LiK44GU6LO85YWl77yIMzI0MOWGhuS7peS4iu+8ieOBp+OAgemFjemAgeaWueazleOAjOmDteS+v+WxgOOBvuOBn+OBr+ODjeOCs+ODneOCueOAjeOBp+mAgeaWmeeEoeaWmeOBq+OBquOCiuOBvuOBmeOAguOBiuaUr+aJleaWueazleOBr+OAgeS7o+W8leOBjeOBp+OCgk9L77yB5Luj5byV44GN44Gu5aC05ZCI44Gv44CM6YO15L6/5bGA44CN44Gn6YWN6YCB6Ie044GX44G+44GZ44CCPGJyPjxmb250IGNvbG9yPSIjZmYwMDAwIj7lj5fms6jnlJ/nlKPjga7jgZ/jgoHjgIHjgZTms6jmloflvozjga7lpInmm7TjgIHov5Tlk4HjgIHjgq3jg6Pjg7Pjgrvjg6vjga/jgYrlj5fku5jjgafjgY3jgb7jgZvjgpPjgII8L2ZvbnQ+PGJyPjxicj4g4oC757Sg5p2Q77ya44Kv44Oq44Ki44Kx44O844K55pys5L2T77yP44Od44Oq44Kr44O844Oc44ON44O844OI5Yqg5belKOOCr+ODquOCouOCseODvOOCuSnvvJpVVuehrOWMluWei+OCpOODs+OCr++8iOWBtOmdouOBq+ODl+ODquODs+ODiOOBr+WFpeOCiuOBvuOBm+OCk++8iTxicj7igLvljZPkuIrjg5vjg6vjg4Djg7zjga7lhYXpm7vlmajjgavjga/lr77lv5zjgZfjgabjgYrjgorjgb7jgZvjgpPjgIIo44Kx44O844K544KS6KOF552A44GX44Gf44G+44G+44Kz44ON44Kv44K/44O844Gr55u05o6l5beu44GX6L6844KT44Gn44Gu5YWF6Zu744Gv5Y+v6IO944Gn44GZ4piGKTxicj48YnI+IOKYhiDjgZ3jga7ku5bjgIFTQ0wyM+S4gOimp+OBr+OBk+OBoeOCiTxicj48YnI+PGJyPjx0YWJsZT4KPHRyPgo8dGQgYWxpZ249ImNlbnRlciI+PGZvbnQgc2l6ZT0iMyI+4pa84pa84pa844Kx44O844K56KOF552A44Kk44Oh44O844K45L6L44Gv4pa84pa84pa8PGJyPiZndDsmZ3Q7Jmd0OyZndDvimIbjgZPjgaHjgonimIYmbHQ7Jmx0OyZsdDsmbHQ7PC9mb250Pjxicj48YnI+PGltZyBzcmM9Imh0dHA6Ly9pbWFnZS5yYWt1dGVuLmNvLmpwL2tpbnRzdS9jYWJpbmV0L3BsdXMtcy9reW91dHN1L2Z1bGx0ZXgwMi5qcGciIHdpZHRoPSIzMDAiIGJvcmRlcj0iMCIgYWx0PSIiIC8+PGJyIC8+Cjxicj4KPGJyPgo8Zm9udCBzaXplPSIzIj7mnKjnm64gVFlQRTQ8YnI+PC9mb250PjxiciAvPgogPGltZyBzcmM9Imh0dHA6Ly9pbWFnZS5yYWt1dGVuLmNvLmpwL2tpbnRzdS9jYWJpbmV0L3BsdXMtcy9uL3NjLTA0Zi9wcy1zYzA0Zi0xMDUzYS5qcGciICB3aWR0aD0iMzAwIiBib3JkZXI9IjAiIGFsdD0iIiAvPjxicj48YnI+Cjxmb250Pue+juOBl+OBhOacqOebruOBrlNDTDIz44Kv44Oq44KiIOOCseODvOOCueOAgjwvZm9udD48YnIgLz48YnIgLz4KPGZvbnQgc2l6ZT0iMiI+44GK5aW944G/44Gu44OH44K244Kk44Oz44KS44OV44Or44Gr5qW944GX44KB44KL44Kx44O844K55YWo6Z2i44OX44Oq44Oz44OI5LuV5qeY77yB5YG06Z2i44Kv44Oq44Ki44Gq44Gu44Gn44CB5LiL5Zyw44Gu5pys5L2T44Kr44Op44O844KS5rS744GL44GX44G+44GZ4pmq5pel5pys6KO944KJ44GX44GE576O44GX44GE6a6u44KE44GL44Gq44OH44K244Kk44Oz44GM5qW944GX44KB44KL5b2T5bqX6Ieq5oWi44Gu44Kq44Oq44K444OK44Or44OX44Oq44Oz44OI44Kx44O844K544Gn44GZ4pmqPGJyIC8+bWFkZSBpbiBqYXBhbjwvZm9udD48YnIgLz48YnIgLz4KPGltZyBzcmM9Imh0dHA6Ly9pbWFnZS5yYWt1dGVuLmNvLmpwL2tpbnRzdS9jYWJpbmV0L3BsdXMtcy9reW91dHN1L2ZpbG1fcHJlNi5qcGciIHdpZHRoPSIzMDAiIGJvcmRlcj0iMCIgYWx0PSIiIC8+PC90ZD4KPC90cj4KPHRyPgo8dGQgYWxpZ249InJpZ2h0Ij48YnIgLz48Yj48Zm9udCBzaXplPSIzIj4mZ3Q7Jmd0O+S7luOAgVNDTDIz5LiA6Kan44Gv44GT44Gh44KJPC9mb250PjwvYj48YnIgLz48YnIgLz4KPC90ZD4KPC90cj4KPC90YWJsZT4=,YXUgR0FMQVhZIFM1IFNDTDIzICDjgrHjg7zjgrkg44Kr44OQ44O8IOacqOebriBUWVBFNCBmb3IgYXUgR0FMQVhZIFM1IFNDTDIzICDjgrHjg7zjgrkg44Kr44OQ44O8W1NDTDIzXeOAkOOCruODo+ODqeOCr+OCt+ODvCBzY2wyMyDjgrHjg7zjgrkg44Kr44OQ44O8IGdhbGF4eSBzY2wyMyDjgrHjg7zjgrkv44Kr44OQ44O8L0NBU0Uv44KxJm1pbnVzO+OCueOAkeOAkOOCueODnuODm+OCq+ODkOODvCDjgrnjg57jg5vjgrHjg7zjgrnjgJHvvJrjgrHjg7zjgr/jgqTlsYsyNOOAgOalveWkqeW4guWgtOW6lw==,44K544Oe44O844OI44OV44Kp44Oz44Ki44Kv44K744K144Oq44O85pC65biv44K544OI44Op44OD44OX44K544OI44Op44OD44OX44K544Oe44Ob44Kx44O844K544K544Oe44O844OI44OV44Kp44OzIOOCseODvOOCueOCueODnuODm+ODlOOCouOCueOCpOODpOODm+ODs+OCuOODo+ODg+OCryDjgqLjgq/jgrvjgrXjg6rjg7zjgrnjg57jg7zjg4jjg5Xjgqnjg7Pjg5TjgqLjgrnjg43jg4Pjgq/jgrnjg4jjg6njg4Pjg5fjgrnjg6/jg63jg5Xjgrnjgq3jg7wg44OU44Ki44K544K544Ov44Ot44OV44K544Kt44O8IOOCueODiOODqeODg+ODl+OCueODnuODm+OCq+ODkOODvOOCueODnuODvOODiOODleOCqeODsyDjgqvjg5Djg7xhdSBHQUxBWFkgUzUgU0NMMjMgIOOCseODvOOCuSDjgqvjg5Djg7wg5pyo55uuIFRZUEU0IGZvciBhdSBHQUxBWFkgUzUgU0NMMjMgIOOCseODvOOCuSDjgqvjg5Djg7xbU0NMMjNd44CQ44Ku44Oj44Op44Kv44K344O8IHNjbDIzIOOCseODvOOCuSDjgqvjg5Djg7wgZ2FsYXh5IHNjbDIzIOOCseODvOOCuS/jgqvjg5Djg7wvQ0FTRS/jgrEmbWludXM744K544CR44CQ44K544Oe44Ob44Kr44OQ44O8IOOCueODnuODm+OCseODvOOCueOAkQ==,MuWAi+S7peS4iuOBp+mAgeaWmeeEoeaWme+8geOAgmF1IEdBTEFYWSBTNSBTQ0wyMyAg44Kx44O844K5IOOCq+ODkOODvCDmnKjnm64gVFlQRTQgZm9yIGF1IEdBTEFYWSBTNSBTQ0wyMyAg44Kx44O844K5IOOCq+ODkOODvFtTQ0wyM13jgJDjgq7jg6Pjg6njgq/jgrfjg7wgc2NsMjMg44Kx44O844K5IOOCq+ODkOODvCBnYWxheHkgc2NsMjMg44Kx44O844K5L+OCq+ODkOODvC9DQVNFL+OCsSZtaW51czvjgrnjgJHjgJDjgrnjg57jg5vjgqvjg5Djg7wg44K544Oe44Ob44Kx44O844K544CR[rn]
10-177689,aHR0cDovL3RzaG9wLnIxMHMuanAva2ludHN1L2NhYmluZXQvcGx1cy1zL20vc2MtMDRmL3BzLXNjMDRmLTAwMjZhLmpwZz9maXRpbj03MDA6NzAw,MTYwMC4wMDAw,,44K544Oe44O844OI44OV44Kp44Oz44O744K/44OW44Os44OD44OIID4g44K544Oe44O844OI44OV44Kp44Oz44Ki44Kv44K744K144Oq44O8ID4g44K544Oe44O844OI44OV44Kp44Oz44Kx44O844K5,YXUgR0FMQVhZIFM1IFNDTDIzICDjgrHjg7zjgrkg44Kr44OQ44O8IOOCt+ODo+OCpOODi+ODs+OCsOODhOODquODvCBUcmVlIGZvciBhdSBHQUxBWFkgUzUgU0NMMjMgIOOCseODvOOCuSDjgqvjg5Djg7xbU0NMMjNd44CQ44Ku44Oj44Op44Kv44K344O8IHNjbDIzIOOCseODvOOCuSDjgqvjg5Djg7wgZ2FsYXh5IHNjbDIzIOOCseODvOOCuS/jgqvjg5Djg7wvQ0FTRS/jgrHvvI3jgrnjgJHjgJDjgrnjg57jg5vjgqvjg5Djg7wg44K544Oe44Ob44Kx44O844K544CR,MuWAi+S7peS4iuOBp+mAgeaWmeeEoeaWme+8gQ==,PGJyPjxiPuKHklBD5ZWG5ZOB44Oa44O844K444Gn6Kmz44GX44GP6KaL44KLPC9iPjxicj48YnI+44Kt44Op44Kt44Op6Lyd44GP4piG5YWJ44Gu44OE44Oq44O8IFNDTDIz44Kv44Oq44KiIOOCseODvOOCueOAguijj+WBtOOBjOmAj+OBkeOBpuOBhOOCi+OCr+ODquOCouOCseODvOOCueOBquOBruOBp+OAgeOCueODnuODm+acrOS9k+OBruODh+OCtuOCpOODs+OCgua0u+OBi+OBleOCjOOBvuOBmeKZqjxicj4gMuWAi+S7peS4iuOBlOizvOWFpe+8iDMyNDDlhobku6XkuIrvvInjgafjgIHphY3pgIHmlrnms5XjgIzpg7Xkvr/lsYDjgb7jgZ/jga/jg43jgrPjg53jgrnjgI3jgafpgIHmlpnnhKHmlpnjgavjgarjgorjgb7jgZnjgILjgYrmlK/miZXmlrnms5Xjga/jgIHku6PlvJXjgY3jgafjgoJPS++8geS7o+W8leOBjeOBruWgtOWQiOOBr+OAjOmDteS+v+WxgOOAjeOBp+mFjemAgeiHtOOBl+OBvuOBmeOAgjxicj48Zm9udCBjb2xvcj0iI2ZmMDAwMCI+5Y+X5rOo55Sf55Sj44Gu44Gf44KB44CB44GU5rOo5paH5b6M44Gu5aSJ5pu044CB6L+U5ZOB44CB44Kt44Oj44Oz44K744Or44Gv44GK5Y+X5LuY44Gn44GN44G+44Gb44KT44CCPC9mb250Pjxicj48YnI+IOKAu+e0oOadkO+8muOCr+ODquOCouOCseODvOOCueacrOS9k++8j+ODneODquOCq+ODvOODnOODjeODvOODiOWKoOW3pSjjgq/jg6rjgqLjgrHjg7zjgrkp77yaVVbnoazljJblnovjgqTjg7Pjgq/vvIjlgbTpnaLjgavjg5fjg6rjg7Pjg4jjga/lhaXjgorjgb7jgZvjgpPvvIk8YnI+4oC75Y2T5LiK44Ob44Or44OA44O844Gu5YWF6Zu75Zmo44Gr44Gv5a++5b+c44GX44Gm44GK44KK44G+44Gb44KT44CCKOOCseODvOOCueOCkuijheedgOOBl+OBn+OBvuOBvuOCs+ODjeOCr+OCv+ODvOOBq+ebtOaOpeW3ruOBl+i+vOOCk+OBp+OBruWFhembu+OBr+WPr+iDveOBp+OBmeKYhik8YnI+PGJyPiDimIYg44Gd44Gu5LuW44CBU0NMMjPkuIDopqfjga/jgZPjgaHjgok8YnI+PGJyPjxicj48dGFibGU+Cjx0cj4KPHRkIGFsaWduPSJjZW50ZXIiPjxmb250IHNpemU9IjMiPuKWvOKWvOKWvOOCseODvOOCueijheedgOOCpOODoeODvOOCuOS+i+OBr+KWvOKWvOKWvDxicj4mZ3Q7Jmd0OyZndDsmZ3Q74piG44GT44Gh44KJ4piGJmx0OyZsdDsmbHQ7Jmx0OzwvZm9udD48YnI+PGJyPgo8aW1nIHNyYz0iaHR0cDovL2ltYWdlLnJha3V0ZW4uY28uanAva2ludHN1L2NhYmluZXQvcGx1cy1zL2t5b3V0c3UvcG9pbnQtZDAyLmpwZyIgd2lkdGg9IjMwMCIgYm9yZGVyPSIwIj48YnIgLz4KPGJyPjxicj4KPGZvbnQgc2l6ZT0iMyI+44K344Oj44Kk44OL44Oz44Kw44OE44Oq44O8IFRyZWU8L2ZvbnQ+PGJyIC8+PGJyIC8+CiA8aW1nIHNyYz0iaHR0cDovL2ltYWdlLnJha3V0ZW4uY28uanAva2ludHN1L2NhYmluZXQvcGx1cy1zL20vc2MtMDRmL3BzLXNjMDRmLTAwMjZhLmpwZyIgd2lkdGg9IjMwMCIgYm9yZGVyPSIwIiBhbHQ9IiIgLz48YnI+PGJyPgo8Zm9udD7jgq3jg6njgq3jg6novJ3jgY/imIblhYnjga7jg4Tjg6rjg7wgU0NMMjPjgq/jg6rjgqIg44Kx44O844K544CC6KOP5YG044GM6YCP44GR44Gm44GE44KL44Kv44Oq44Ki44Kx44O844K544Gq44Gu44Gn44CB44K544Oe44Ob5pys5L2T44Gu44OH44K244Kk44Oz44KC5rS744GL44GV44KM44G+44GZ4pmqPC9mb250PjxiciAvPjxiciAvPgo8Zm9udCBzaXplPSIyIj7jgq/jg6rjgqLjga7jg4/jg7zjg4njgrHjg7zjgrnjgavjgIHpg6jliIbnmoTjgavjg4fjgrbjgqTjg7PjgpLjg5fjg6rjg7Pjg4jvvIHmqZ/nqK7mnKzkvZPjga7oibLjg7vjg4fjgrbjgqTjg7PjgI3jgajjgIzjg5fjg6rjg7Pjg4jjgrHjg7zjgrnjga7jg4fjgrbjgqTjg7PjgI3jga7ono3lkIjjgpLmpb3jgZfjgoDlvZPlupfoh6rmhaLjga7jgqrjg6rjgrjjg4rjg6vjg5fjg6rjg7Pjg4jjgrHjg7zjgrnjgafjgZnimao8YnIgLz5tYWRlIGluIGphcGFuPC9mb250PjxiciAvPjxiciAvPgo8aW1nIHNyYz0iaHR0cDovL2ltYWdlLnJha3V0ZW4uY28uanAva2ludHN1L2NhYmluZXQvcGx1cy1zL2t5b3V0c3UvZmlsbV9wcmU2LmpwZyIgd2lkdGg9IjMwMCIgYm9yZGVyPSIwIiBhbHQ9IiIgLz4KPC90ZD4KPC90cj4KPHRyPgo8dGQgYWxpZ249InJpZ2h0Ij48YnIgLz48Yj48Zm9udCBzaXplPSIzIj4mZ3Q7Jmd0O+S7luOAgVNDTDIz5LiA6Kan44Gv44GT44Gh44KJPC9mb250PjwvYj48YnIgLz4KPC90ZD4KPC90cj4KPC90YWJsZT4=,YXUgR0FMQVhZIFM1IFNDTDIzICDjgrHjg7zjgrkg44Kr44OQ44O8IOOCt+ODo+OCpOODi+ODs+OCsOODhOODquODvCBUcmVlIGZvciBhdSBHQUxBWFkgUzUgU0NMMjMgIOOCseODvOOCuSDjgqvjg5Djg7xbU0NMMjNd44CQ44Ku44Oj44Op44Kv44K344O8IHNjbDIzIOOCseODvOOCuSDjgqvjg5Djg7wgZ2FsYXh5IHNjbDIzIOOCseODvOOCuS/jgqvjg5Djg7wvQ0FTRS/jgrEmbWludXM744K544CR44CQ44K544Oe44Ob44Kr44OQ44O8IOOCueODnuODm+OCseODvOOCueOAke+8muOCseODvOOCv+OCpOWxizI044CA5qW95aSp5biC5aC05bqX,44K544Oe44O844OI44OV44Kp44Oz44Ki44Kv44K744K144Oq44O85pC65biv44K544OI44Op44OD44OX44K544OI44Op44OD44OX44K544Oe44Ob44Kx44O844K544K544Oe44O844OI44OV44Kp44OzIOOCseODvOOCueOCueODnuODm+ODlOOCouOCueOCpOODpOODm+ODs+OCuOODo+ODg+OCryDjgqLjgq/jgrvjgrXjg6rjg7zjgrnjg57jg7zjg4jjg5Xjgqnjg7Pjg5TjgqLjgrnjg43jg4Pjgq/jgrnjg4jjg6njg4Pjg5fjgrnjg6/jg63jg5Xjgrnjgq3jg7wg44OU44Ki44K544K544Ov44Ot44OV44K544Kt44O8IOOCueODiOODqeODg+ODl+OCueODnuODm+OCq+ODkOODvOOCueODnuODvOODiOODleOCqeODsyDjgqvjg5Djg7xhdSBHQUxBWFkgUzUgU0NMMjMgIOOCseODvOOCuSDjgqvjg5Djg7wg44K344Oj44Kk44OL44Oz44Kw44OE44Oq44O8IFRyZWUgZm9yIGF1IEdBTEFYWSBTNSBTQ0wyMyAg44Kx44O844K5IOOCq+ODkOODvFtTQ0wyM13jgJDjgq7jg6Pjg6njgq/jgrfjg7wgc2NsMjMg44Kx44O844K5IOOCq+ODkOODvCBnYWxheHkgc2NsMjMg44Kx44O844K5L+OCq+ODkOODvC9DQVNFL+OCsSZtaW51czvjgrnjgJHjgJDjgrnjg57jg5vjgqvjg5Djg7wg44K544Oe44Ob44Kx44O844K544CR,MuWAi+S7peS4iuOBp+mAgeaWmeeEoeaWme+8geOAgmF1IEdBTEFYWSBTNSBTQ0wyMyAg44Kx44O844K5IOOCq+ODkOODvCDjgrfjg6PjgqTjg4vjg7PjgrDjg4Tjg6rjg7wgVHJlZSBmb3IgYXUgR0FMQVhZIFM1IFNDTDIzICDjgrHjg7zjgrkg44Kr44OQ44O8W1NDTDIzXeOAkOOCruODo+ODqeOCr+OCt+ODvCBzY2wyMyDjgrHjg7zjgrkg44Kr44OQ44O8IGdhbGF4eSBzY2wyMyDjgrHjg7zjgrkv44Kr44OQ44O8L0NBU0Uv44KxJm1pbnVzO+OCueOAkeOAkOOCueODnuODm+OCq+ODkOODvCDjgrnjg57jg5vjgrHjg7zjgrnjgJE=[rn]
10-177690,aHR0cDovL3RzaG9wLnIxMHMuanAva2ludHN1L2NhYmluZXQvcGx1cy1zL20vc2MtMDRmL3BzLXNjMDRmLTAwNjlhLmpwZz9maXRpbj03MDA6NzAw,MTYwMC4wMDAw,,44K544Oe44O844OI44OV44Kp44Oz44O744K/44OW44Os44OD44OIID4g44K544Oe44O844OI44OV44Kp44Oz44Ki44Kv44K744K144Oq44O8ID4g44K544Oe44O844OI44OV44Kp44Oz44Kx44O844K5,YXUgR0FMQVhZIFM1IFNDTDIzICDjgrHjg7zjgrkg44Kr44OQ44O8IExlcyBwZXRpdHMgZ2F0ZWF1eCDjgqTjg4HjgrTvvIbjgrHjg7zjgq0gZm9yIGF1IEdBTEFYWSBTNSBTQ0wyMyAg44Kx44O844K5IOOCq+ODkOODvFtTQ0wyM13jgJDjgq7jg6Pjg6njgq/jgrfjg7wgc2NsMjMg44Kx44O844K5IOOCq+ODkOODvCBnYWxheHkgc2NsMjMg44Kx44O844K5L+OCq+ODkOODvC9DQVNFL+OCse+8jeOCueOAkeOAkOOCueODnuODm+OCq+ODkOODvCDjgrnjg57jg5vjgrHjg7zjgrnjgJE=,MuWAi+S7peS4iuOBp+mAgeaWmeeEoeaWme+8gQ==,PGJyPjxiPuKHklBD5ZWG5ZOB44Oa44O844K444Gn6Kmz44GX44GP6KaL44KLPC9iPjxicj48YnI+44K544Km44Kj44O844OI44Gq44GE44Gh44GU44Go44Kx44O844Kt44GuU0NMMjMg44Kv44Oq44KiIOOCseODvOOCueOAguOCq+ODqeODvOOCguixiuWvjOKZqjxicj4gMuWAi+S7peS4iuOBlOizvOWFpe+8iDMyNDDlhobku6XkuIrvvInjgafjgIHphY3pgIHmlrnms5XjgIzpg7Xkvr/lsYDjgb7jgZ/jga/jg43jgrPjg53jgrnjgI3jgafpgIHmlpnnhKHmlpnjgavjgarjgorjgb7jgZnjgILjgYrmlK/miZXmlrnms5Xjga/jgIHku6PlvJXjgY3jgafjgoJPS++8geS7o+W8leOBjeOBruWgtOWQiOOBr+OAjOmDteS+v+WxgOOAjeOBp+mFjemAgeiHtOOBl+OBvuOBmeOAgjxicj48Zm9udCBjb2xvcj0iI2ZmMDAwMCI+5Y+X5rOo55Sf55Sj44Gu44Gf44KB44CB44GU5rOo5paH5b6M44Gu5aSJ5pu044CB6L+U5ZOB44CB44Kt44Oj44Oz44K744Or44Gv44GK5Y+X5LuY44Gn44GN44G+44Gb44KT44CCPC9mb250Pjxicj48YnI+IOKAu+e0oOadkO+8muOCr+ODquOCouOCseODvOOCueacrOS9k++8j+ODneODquOCq+ODvOODnOODjeODvOODiOWKoOW3pSjjgq/jg6rjgqLjgrHjg7zjgrkp77yaVVbnoazljJblnovjgqTjg7Pjgq/vvIjlgbTpnaLjgavjg5fjg6rjg7Pjg4jjga/lhaXjgorjgb7jgZvjgpPvvIk8YnI+4oC75Y2T5LiK44Ob44Or44OA44O844Gu5YWF6Zu75Zmo44Gr44Gv5a++5b+c44GX44Gm44GK44KK44G+44Gb44KT44CCKOOCseODvOOCueOCkuijheedgOOBl+OBn+OBvuOBvuOCs+ODjeOCr+OCv+ODvOOBq+ebtOaOpeW3ruOBl+i+vOOCk+OBp+OBruWFhembu+OBr+WPr+iDveOBp+OBmeKYhik8YnI+PGJyPiDimIYg44Gd44Gu5LuW44CBU0NMMjPkuIDopqfjga/jgZPjgaHjgok8YnI+PGJyPjxicj48dGFibGU+Cjx0cj4KPHRkIGFsaWduPSJjZW50ZXIiPjxmb250IHNpemU9IjMiPuKWvOKWvOKWvOOCseODvOOCueijheedgOOCpOODoeODvOOCuOS+i+OBr+KWvOKWvOKWvDxicj4mZ3Q7Jmd0OyZndDsmZ3Q74piG44GT44Gh44KJ4piGJmx0OyZsdDsmbHQ7Jmx0OzwvZm9udD48YnI+PGJyPjxpbWcgc3JjPSJodHRwOi8vaW1hZ2UucmFrdXRlbi5jby5qcC9raW50c3UvY2FiaW5ldC9wbHVzLXMva3lvdXRzdS9mdWxsdGV4MDIuanBnIiB3aWR0aD0iMzAwIiBib3JkZXI9IjAiIGFsdD0iIiAvPjxiciAvPgo8YnI+Cjxicj4KPGZvbnQgc2l6ZT0iMyI+TGVzIHBldGl0cyBnYXRlYXV4IOOCpOODgeOCtO+8huOCseODvOOCrTxicj48L2ZvbnQ+PGJyIC8+CiA8aW1nIHNyYz0iaHR0cDovL2ltYWdlLnJha3V0ZW4uY28uanAva2ludHN1L2NhYmluZXQvcGx1cy1zL20vc2MtMDRmL3BzLXNjMDRmLTAwNjlhLmpwZyIgIHdpZHRoPSIzMDAiIGJvcmRlcj0iMCIgYWx0PSIiIC8+PGJyPjxicj4KPGZvbnQ+44K544Km44Kj44O844OI44Gq44GE44Gh44GU44Go44Kx44O844Kt44GuU0NMMjMg44Kv44Oq44KiIOOCseODvOOCueOAguOCq+ODqeODvOOCguixiuWvjOKZqjwvZm9udD48YnIgLz48YnIgLz4KPGZvbnQgc2l6ZT0iMiI+44GK5aW944G/44Gu44OH44K244Kk44Oz44KS44OV44Or44Gr5qW944GX44KB44KL44Kx44O844K55YWo6Z2i44OX44Oq44Oz44OI5LuV5qeY77yB5YG06Z2i44Kv44Oq44Ki44Gq44Gu44Gn44CB5LiL5Zyw44Gu5pys5L2T44Kr44Op44O844KS5rS744GL44GX44G+44GZ4pmq5pel5pys6KO944KJ44GX44GE576O44GX44GE6a6u44KE44GL44Gq44OH44K244Kk44Oz44GM5qW944GX44KB44KL5b2T5bqX6Ieq5oWi44Gu44Kq44Oq44K444OK44Or44OX44Oq44Oz44OI44Kx44O844K544Gn44GZ4pmqPGJyIC8+bWFkZSBpbiBqYXBhbjwvZm9udD48YnIgLz48YnIgLz4KPGltZyBzcmM9Imh0dHA6Ly9pbWFnZS5yYWt1dGVuLmNvLmpwL2tpbnRzdS9jYWJpbmV0L3BsdXMtcy9reW91dHN1L2ZpbG1fcHJlNi5qcGciIHdpZHRoPSIzMDAiIGJvcmRlcj0iMCIgYWx0PSIiIC8+PC90ZD4KPC90cj4KPHRyPgo8dGQgYWxpZ249InJpZ2h0Ij48YnIgLz48Yj48Zm9udCBzaXplPSIzIj4mZ3Q7Jmd0O+S7luOAgVNDTDIz5LiA6Kan44Gv44GT44Gh44KJPC9mb250PjwvYj48YnIgLz48YnIgLz4KPC90ZD4KPC90cj4KPC90YWJsZT4=,YXUgR0FMQVhZIFM1IFNDTDIzICDjgrHjg7zjgrkg44Kr44OQ44O8IExlcyBwZXRpdHMgZ2F0ZWF1eCDjgqTjg4HjgrTvvIbjgrHjg7zjgq0gZm9yIGF1IEdBTEFYWSBTNSBTQ0wyMyAg44Kx44O844K5IOOCq+ODkOODvFtTQ0wyM13jgJDjgq7jg6Pjg6njgq/jgrfjg7wgc2NsMjMg44Kx44O844K5IOOCq+ODkOODvCBnYWxheHkgc2NsMjMg44Kx44O844K5L+OCq+ODkOODvC9DQVNFL+OCsSZtaW51czvjgrnjgJHjgJDjgrnjg57jg5vjgqvjg5Djg7wg44K544Oe44Ob44Kx44O844K544CR77ya44Kx44O844K/44Kk5bGLMjTjgIDmpb3lpKnluILloLTlupc=,44K544Oe44O844OI44OV44Kp44Oz44Ki44Kv44K744K144Oq44O85pC65biv44K544OI44Op44OD44OX44K544OI44Op44OD44OX44K544Oe44Ob44Kx44O844K544K544Oe44O844OI44OV44Kp44OzIOOCseODvOOCueOCueODnuODm+ODlOOCouOCueOCpOODpOODm+ODs+OCuOODo+ODg+OCryDjgqLjgq/jgrvjgrXjg6rjg7zjgrnjg57jg7zjg4jjg5Xjgqnjg7Pjg5TjgqLjgrnjg43jg4Pjgq/jgrnjg4jjg6njg4Pjg5fjgrnjg6/jg63jg5Xjgrnjgq3jg7wg44OU44Ki44K544K544Ov44Ot44OV44K544Kt44O8IOOCueODiOODqeODg+ODl+OCueODnuODm+OCq+ODkOODvOOCueODnuODvOODiOODleOCqeODsyDjgqvjg5Djg7xhdSBHQUxBWFkgUzUgU0NMMjMgIOOCseODvOOCuSDjgqvjg5Djg7wgTGVzIHBldGl0cyBnYXRlYXV4IOOCpOODgeOCtO+8huOCseODvOOCrSBmb3IgYXUgR0FMQVhZIFM1IFNDTDIzICDjgrHjg7zjgrkg44Kr44OQ44O8W1NDTDIzXeOAkOOCruODo+ODqeOCr+OCt+ODvCBzY2wyMyDjgrHjg7zjgrkg44Kr44OQ44O8IGdhbGF4eSBzY2wyMyDjgrHjg7zjgrkv44Kr44OQ44O8L0NBU0Uv44KxJm1pbnVzO+OCueOAkeOAkOOCueODnuODm+OCq+ODkOODvCDjgrnjg57jg5vjgrHjg7zjgrnjgJE=,MuWAi+S7peS4iuOBp+mAgeaWmeeEoeaWme+8geOAgmF1IEdBTEFYWSBTNSBTQ0wyMyAg44Kx44O844K5IOOCq+ODkOODvCBMZXMgcGV0aXRzIGdhdGVhdXgg44Kk44OB44K077yG44Kx44O844KtIGZvciBhdSBHQUxBWFkgUzUgU0NMMjMgIOOCseODvOOCuSDjgqvjg5Djg7xbU0NMMjNd44CQ44Ku44Oj44Op44Kv44K344O8IHNjbDIzIOOCseODvOOCuSDjgqvjg5Djg7wgZ2FsYXh5IHNjbDIzIOOCseODvOOCuS/jgqvjg5Djg7wvQ0FTRS/jgrEmbWludXM744K544CR44CQ44K544Oe44Ob44Kr44OQ44O8IOOCueODnuODm+OCseODvOOCueOAkQ==[rn]
10-177691,aHR0cDovL3RzaG9wLnIxMHMuanAva2ludHN1L2NhYmluZXQvcGx1cy1zL20vc2MtMDRmL3BzLXNjMDRmLTAyNTlhLmpwZz9maXRpbj03MDA6NzAw,MTYwMC4wMDAw,,44K544Oe44O844OI44OV44Kp44Oz44O744K/44OW44Os44OD44OIID4g44K544Oe44O844OI44OV44Kp44Oz44Ki44Kv44K744K144Oq44O8ID4g44K544Oe44O844OI44OV44Kp44Oz44Kx44O844K5,YXUgR0FMQVhZIFM1IFNDTDIzICDjgrHjg7zjgrkg44Kr44OQ44O8IOODkeOCueODhuODq+ODnOODvOODgOODvOafhCDlsI/pub8gZm9yIGF1IEdBTEFYWSBTNSBTQ0wyMyAg44Kx44O844K5IOOCq+ODkOODvFtTQ0wyM13jgJDjgq7jg6Pjg6njgq/jgrfjg7wgc2NsMjMg44Kx44O844K5IOOCq+ODkOODvCBnYWxheHkgc2NsMjMg44Kx44O844K5L+OCq+ODkOODvC9DQVNFL+OCse+8jeOCueOAkeOAkOOCueODnuODm+OCq+ODkOODvCDjgrnjg57jg5vjgrHjg7zjgrnjgJE=,MuWAi+S7peS4iuOBp+mAgeaWmeeEoeaWme+8gQ==,PGJyPjxiPuKHklBD5ZWG5ZOB44Oa44O844K444Gn6Kmz44GX44GP6KaL44KLPC9iPjxicj48YnI+5Y+v5oSb44GE5bCP6bm/44Go44CB576O44GX44GE44OR44K544OG44Or44Oc44O844OA44O85p+E44GuIFNDTDIzIOOCr+ODquOCoiDjgrHjg7zjgrnjgII8YnI+IDLlgIvku6XkuIrjgZTos7zlhaXvvIgzMjQw5YaG5Lul5LiK77yJ44Gn44CB6YWN6YCB5pa55rOV44CM6YO15L6/5bGA44G+44Gf44Gv44ON44Kz44Od44K544CN44Gn6YCB5paZ54Sh5paZ44Gr44Gq44KK44G+44GZ44CC44GK5pSv5omV5pa55rOV44Gv44CB5Luj5byV44GN44Gn44KCT0vvvIHku6PlvJXjgY3jga7loLTlkIjjga/jgIzpg7Xkvr/lsYDjgI3jgafphY3pgIHoh7TjgZfjgb7jgZnjgII8YnI+PGZvbnQgY29sb3I9IiNmZjAwMDAiPuWPl+azqOeUn+eUo+OBruOBn+OCgeOAgeOBlOazqOaWh+W+jOOBruWkieabtOOAgei/lOWTgeOAgeOCreODo+ODs+OCu+ODq+OBr+OBiuWPl+S7mOOBp+OBjeOBvuOBm+OCk+OAgjwvZm9udD48YnI+PGJyPiDigLvntKDmnZDvvJrjgq/jg6rjgqLjgrHjg7zjgrnmnKzkvZPvvI/jg53jg6rjgqvjg7zjg5zjg43jg7zjg4jliqDlt6Uo44Kv44Oq44Ki44Kx44O844K5Ke+8mlVW56Gs5YyW5Z6L44Kk44Oz44Kv77yI5YG06Z2i44Gr44OX44Oq44Oz44OI44Gv5YWl44KK44G+44Gb44KT77yJPGJyPuKAu+WNk+S4iuODm+ODq+ODgOODvOOBruWFhembu+WZqOOBq+OBr+WvvuW/nOOBl+OBpuOBiuOCiuOBvuOBm+OCk+OAgijjgrHjg7zjgrnjgpLoo4XnnYDjgZfjgZ/jgb7jgb7jgrPjg43jgq/jgr/jg7zjgavnm7TmjqXlt67jgZfovrzjgpPjgafjga7lhYXpm7vjga/lj6/og73jgafjgZnimIYpPGJyPjxicj4g4piGIOOBneOBruS7luOAgVNDTDIz5LiA6Kan44Gv44GT44Gh44KJPGJyPjxicj48YnI+PHRhYmxlPgo8dHI+Cjx0ZCBhbGlnbj0iY2VudGVyIj48Zm9udCBzaXplPSIzIj7ilrzilrzilrzjgrHjg7zjgrnoo4XnnYDjgqTjg6Hjg7zjgrjkvovjga/ilrzilrzilrw8YnI+Jmd0OyZndDsmZ3Q7Jmd0O+KYhuOBk+OBoeOCieKYhiZsdDsmbHQ7Jmx0OyZsdDs8L2ZvbnQ+PGJyPjxicj48aW1nIHNyYz0iaHR0cDovL2ltYWdlLnJha3V0ZW4uY28uanAva2ludHN1L2NhYmluZXQvcGx1cy1zL2t5b3V0c3UvZnVsbHRleDAyLmpwZyIgd2lkdGg9IjMwMCIgYm9yZGVyPSIwIiBhbHQ9IiIgLz48YnIgLz4KPGJyPgo8YnI+Cjxmb250IHNpemU9IjMiPuODkeOCueODhuODq+ODnOODvOODgOODvOafhCDlsI/pub88YnI+PC9mb250PjxiciAvPgogPGltZyBzcmM9Imh0dHA6Ly9pbWFnZS5yYWt1dGVuLmNvLmpwL2tpbnRzdS9jYWJpbmV0L3BsdXMtcy9tL3NjLTA0Zi9wcy1zYzA0Zi0wMjU5YS5qcGciIHdpZHRoPSIzMDAiIGJvcmRlcj0iMCIgYWx0PSIiIC8+PGJyPjxicj4KPGZvbnQ+5Y+v5oSb44GE5bCP6bm/44Go44CB576O44GX44GE44OR44K544OG44Or44Oc44O844OA44O85p+E44GuIFNDTDIzIOOCr+ODquOCoiDjgrHjg7zjgrnjgII8L2ZvbnQ+PGJyIC8+PGJyIC8+Cjxmb250IHNpemU9IjIiPuOBiuWlveOBv+OBruODh+OCtuOCpOODs+OCkuODleODq+OBq+alveOBl+OCgeOCi+OCseODvOOCueWFqOmdouODl+ODquODs+ODiOS7leanmO+8geWBtOmdouOCr+ODquOCouOBquOBruOBp+OAgeS4i+WcsOOBruacrOS9k+OCq+ODqeODvOOCkua0u+OBi+OBl+OBvuOBmeKZquaXpeacrOijveOCieOBl+OBhOe+juOBl+OBhOmuruOChOOBi+OBquODh+OCtuOCpOODs+OBjOalveOBl+OCgeOCi+W9k+W6l+iHquaFouOBruOCquODquOCuOODiuODq+ODl+ODquODs+ODiOOCseODvOOCueOBp+OBmeKZqjxiciAvPm1hZGUgaW4gamFwYW48L2ZvbnQ+PGJyIC8+PGJyIC8+CjxpbWcgc3JjPSJodHRwOi8vaW1hZ2UucmFrdXRlbi5jby5qcC9raW50c3UvY2FiaW5ldC9wbHVzLXMva3lvdXRzdS9maWxtX3ByZTYuanBnIiB3aWR0aD0iMzAwIiBib3JkZXI9IjAiIGFsdD0iIiAvPjwvdGQ+CjwvdHI+Cjx0cj4KPHRkIGFsaWduPSJyaWdodCI+PGJyIC8+PGI+PGZvbnQgc2l6ZT0iMyI+Jmd0OyZndDvku5bjgIFTQ0wyM+S4gOimp+OBr+OBk+OBoeOCiTwvZm9udD48L2I+PGJyIC8+PGJyIC8+CjwvdGQ+CjwvdHI+CjwvdGFibGU+,YXUgR0FMQVhZIFM1IFNDTDIzICDjgrHjg7zjgrkg44Kr44OQ44O8IOODkeOCueODhuODq+ODnOODvOODgOODvOafhCDlsI/pub8gZm9yIGF1IEdBTEFYWSBTNSBTQ0wyMyAg44Kx44O844K5IOOCq+ODkOODvFtTQ0wyM13jgJDjgq7jg6Pjg6njgq/jgrfjg7wgc2NsMjMg44Kx44O844K5IOOCq+ODkOODvCBnYWxheHkgc2NsMjMg44Kx44O844K5L+OCq+ODkOODvC9DQVNFL+OCsSZtaW51czvjgrnjgJHjgJDjgrnjg57jg5vjgqvjg5Djg7wg44K544Oe44Ob44Kx44O844K544CR77ya44Kx44O844K/44Kk5bGLMjTjgIDmpb3lpKnluILloLTlupc=,44K544Oe44O844OI44OV44Kp44Oz44Ki44Kv44K744K144Oq44O85pC65biv44K544OI44Op44OD44OX44K544OI44Op44OD44OX44K544Oe44Ob44Kx44O844K544K544Oe44O844OI44OV44Kp44OzIOOCseODvOOCueOCueODnuODm+ODlOOCouOCueOCpOODpOODm+ODs+OCuOODo+ODg+OCryDjgqLjgq/jgrvjgrXjg6rjg7zjgrnjg57jg7zjg4jjg5Xjgqnjg7Pjg5TjgqLjgrnjg43jg4Pjgq/jgrnjg4jjg6njg4Pjg5fjgrnjg6/jg63jg5Xjgrnjgq3jg7wg44OU44Ki44K544K544Ov44Ot44OV44K544Kt44O8IOOCueODiOODqeODg+ODl+OCueODnuODm+OCq+ODkOODvOOCueODnuODvOODiOODleOCqeODsyDjgqvjg5Djg7xhdSBHQUxBWFkgUzUgU0NMMjMgIOOCseODvOOCuSDjgqvjg5Djg7wg44OR44K544OG44Or44Oc44O844OA44O85p+EIOWwj+m5vyBmb3IgYXUgR0FMQVhZIFM1IFNDTDIzICDjgrHjg7zjgrkg44Kr44OQ44O8W1NDTDIzXeOAkOOCruODo+ODqeOCr+OCt+ODvCBzY2wyMyDjgrHjg7zjgrkg44Kr44OQ44O8IGdhbGF4eSBzY2wyMyDjgrHjg7zjgrkv44Kr44OQ44O8L0NBU0Uv44KxJm1pbnVzO+OCueOAkeOAkOOCueODnuODm+OCq+ODkOODvCDjgrnjg57jg5vjgrHjg7zjgrnjgJE=,MuWAi+S7peS4iuOBp+mAgeaWmeeEoeaWme+8geOAgmF1IEdBTEFYWSBTNSBTQ0wyMyAg44Kx44O844K5IOOCq+ODkOODvCDjg5Hjgrnjg4bjg6vjg5zjg7zjg4Djg7zmn4Qg5bCP6bm/IGZvciBhdSBHQUxBWFkgUzUgU0NMMjMgIOOCseODvOOCuSDjgqvjg5Djg7xbU0NMMjNd44CQ44Ku44Oj44Op44Kv44K344O8IHNjbDIzIOOCseODvOOCuSDjgqvjg5Djg7wgZ2FsYXh5IHNjbDIzIOOCseODvOOCuS/jgqvjg5Djg7wvQ0FTRS/jgrEmbWludXM744K544CR44CQ44K544Oe44Ob44Kr44OQ44O8IOOCueODnuODm+OCseODvOOCueOAkQ==[rn]
10-177692,aHR0cDovL3RzaG9wLnIxMHMuanAva2ludHN1L2NhYmluZXQvcGx1cy1zL20vc2MtMDRmL3BzLXNjMDRmLTAxMzVhLmpwZz9maXRpbj03MDA6NzAw,MTYwMC4wMDAw,,44K544Oe44O844OI44OV44Kp44Oz44O744K/44OW44Os44OD44OIID4g44K544Oe44O844OI44OV44Kp44Oz44Ki44Kv44K744K144Oq44O8ID4g44K544Oe44O844OI44OV44Kp44Oz44Kx44O844K5,YXUgR0FMQVhZIFM1IFNDTDIzICDjgrHjg7zjgrkg44Kr44OQ44O8IOOCouODoei7iuOCrOODvOODqyDjgqvjg6njg7wgZm9yIGF1IEdBTEFYWSBTNSBTQ0wyMyAg44Kx44O844K5IOOCq+ODkOODvFtTQ0wyM13jgJDjgq7jg6Pjg6njgq/jgrfjg7wgc2NsMjMg44Kx44O844K5IOOCq+ODkOODvCBnYWxheHkgc2NsMjMg44Kx44O844K5L+OCq+ODkOODvC9DQVNFL+OCse+8jeOCueOAkeOAkOOCueODnuODm+OCq+ODkOODvCDjgrnjg57jg5vjgrHjg7zjgrnjgJE=,MuWAi+S7peS4iuOBp+mAgeaWmeeEoeaWme+8gQ==,PGJyPjxiPuKHklBD5ZWG5ZOB44Oa44O844K444Gn6Kmz44GX44GP6KaL44KLPC9iPjxicj48YnI+44Ki44Oh6LuK44Gu5LiK44Gr44Ks44O844Or44GM5bqn44Gj44Gf44Ot44Kr44OT44Oq44O844Gq44OV44Kh44OD44K344On44Oz4piGU0NMMjPjgq/jg6rjgqIg44Kx44O844K544CCPGJyPiAy5YCL5Lul5LiK44GU6LO85YWl77yIMzI0MOWGhuS7peS4iu+8ieOBp+OAgemFjemAgeaWueazleOAjOmDteS+v+WxgOOBvuOBn+OBr+ODjeOCs+ODneOCueOAjeOBp+mAgeaWmeeEoeaWmeOBq+OBquOCiuOBvuOBmeOAguOBiuaUr+aJleaWueazleOBr+OAgeS7o+W8leOBjeOBp+OCgk9L77yB5Luj5byV44GN44Gu5aC05ZCI44Gv44CM6YO15L6/5bGA44CN44Gn6YWN6YCB6Ie044GX44G+44GZ44CCPGJyPjxmb250IGNvbG9yPSIjZmYwMDAwIj7lj5fms6jnlJ/nlKPjga7jgZ/jgoHjgIHjgZTms6jmloflvozjga7lpInmm7TjgIHov5Tlk4HjgIHjgq3jg6Pjg7Pjgrvjg6vjga/jgYrlj5fku5jjgafjgY3jgb7jgZvjgpPjgII8L2ZvbnQ+PGJyPjxicj4g4oC757Sg5p2Q77ya44Kv44Oq44Ki44Kx44O844K55pys5L2T77yP44Od44Oq44Kr44O844Oc44ON44O844OI5Yqg5belKOOCr+ODquOCouOCseODvOOCuSnvvJpVVuehrOWMluWei+OCpOODs+OCr++8iOWBtOmdouOBq+ODl+ODquODs+ODiOOBr+WFpeOCiuOBvuOBm+OCk++8iTxicj7igLvljZPkuIrjg5vjg6vjg4Djg7zjga7lhYXpm7vlmajjgavjga/lr77lv5zjgZfjgabjgYrjgorjgb7jgZvjgpPjgIIo44Kx44O844K544KS6KOF552A44GX44Gf44G+44G+44Kz44ON44Kv44K/44O844Gr55u05o6l5beu44GX6L6844KT44Gn44Gu5YWF6Zu744Gv5Y+v6IO944Gn44GZ4piGKTxicj48YnI+IOKYhiDjgZ3jga7ku5bjgIFTQ0wyM+S4gOimp+OBr+OBk+OBoeOCiTxicj48YnI+PGJyPjx0YWJsZT4KPHRyPgo8dGQgYWxpZ249ImNlbnRlciI+PGZvbnQgc2l6ZT0iMyI+4pa84pa84pa844Kx44O844K56KOF552A44Kk44Oh44O844K45L6L44Gv4pa84pa84pa8PGJyPiZndDsmZ3Q7Jmd0OyZndDvimIbjgZPjgaHjgonimIYmbHQ7Jmx0OyZsdDsmbHQ7PC9mb250Pjxicj48YnI+PGltZyBzcmM9Imh0dHA6Ly9pbWFnZS5yYWt1dGVuLmNvLmpwL2tpbnRzdS9jYWJpbmV0L3BsdXMtcy9reW91dHN1L2Z1bGx0ZXgwMi5qcGciIHdpZHRoPSIzMDAiIGJvcmRlcj0iMCIgYWx0PSIiIC8+PGJyIC8+Cjxicj4KPGJyPgo8Zm9udCBzaXplPSIzIj7jgqLjg6Hou4rjgqzjg7zjg6sg44Kr44Op44O8PGJyPjwvZm9udD48YnIgLz4KIDxpbWcgc3JjPSJodHRwOi8vaW1hZ2UucmFrdXRlbi5jby5qcC9raW50c3UvY2FiaW5ldC9wbHVzLXMvbS9zYy0wNGYvcHMtc2MwNGYtMDEzNWEuanBnIiAgd2lkdGg9IjMwMCIgYm9yZGVyPSIwIiBhbHQ9IiIgLz48YnI+PGJyPgo8Zm9udD7jgqLjg6Hou4rjga7kuIrjgavjgqzjg7zjg6vjgYzluqfjgaPjgZ/jg63jgqvjg5Pjg6rjg7zjgarjg5XjgqHjg4Pjgrfjg6fjg7PimIZTQ0wyM+OCr+ODquOCoiDjgrHjg7zjgrnjgII8L2ZvbnQ+PGJyIC8+PGJyIC8+Cjxmb250IHNpemU9IjIiPuOBiuWlveOBv+OBruODh+OCtuOCpOODs+OCkuODleODq+OBq+alveOBl+OCgeOCi+OCseODvOOCueWFqOmdouODl+ODquODs+ODiOS7leanmO+8geWBtOmdouOCr+ODquOCouOBquOBruOBp+OAgeS4i+WcsOOBruacrOS9k+OCq+ODqeODvOOCkua0u+OBi+OBl+OBvuOBmeKZquaXpeacrOijveOCieOBl+OBhOe+juOBl+OBhOmuruOChOOBi+OBquODh+OCtuOCpOODs+OBjOalveOBl+OCgeOCi+W9k+W6l+iHquaFouOBruOCquODquOCuOODiuODq+ODl+ODquODs+ODiOOCseODvOOCueOBp+OBmeKZqjxiciAvPm1hZGUgaW4gamFwYW48L2ZvbnQ+PGJyIC8+PGJyIC8+CjxpbWcgc3JjPSJodHRwOi8vaW1hZ2UucmFrdXRlbi5jby5qcC9raW50c3UvY2FiaW5ldC9wbHVzLXMva3lvdXRzdS9maWxtX3ByZTYuanBnIiB3aWR0aD0iMzAwIiBib3JkZXI9IjAiIGFsdD0iIiAvPjwvdGQ+CjwvdHI+Cjx0cj4KPHRkIGFsaWduPSJyaWdodCI+PGJyIC8+PGI+PGZvbnQgc2l6ZT0iMyI+Jmd0OyZndDvku5bjgIFTQ0wyM+S4gOimp+OBr+OBk+OBoeOCiTwvZm9udD48L2I+PGJyIC8+PGJyIC8+CjwvdGQ+CjwvdHI+CjwvdGFibGU+,YXUgR0FMQVhZIFM1IFNDTDIzICDjgrHjg7zjgrkg44Kr44OQ44O8IOOCouODoei7iuOCrOODvOODqyDjgqvjg6njg7wgZm9yIGF1IEdBTEFYWSBTNSBTQ0wyMyAg44Kx44O844K5IOOCq+ODkOODvFtTQ0wyM13jgJDjgq7jg6Pjg6njgq/jgrfjg7wgc2NsMjMg44Kx44O844K5IOOCq+ODkOODvCBnYWxheHkgc2NsMjMg44Kx44O844K5L+OCq+ODkOODvC9DQVNFL+OCsSZtaW51czvjgrnjgJHjgJDjgrnjg57jg5vjgqvjg5Djg7wg44K544Oe44Ob44Kx44O844K544CR77ya44Kx44O844K/44Kk5bGLMjTjgIDmpb3lpKnluILloLTlupc=,44K544Oe44O844OI44OV44Kp44Oz44Ki44Kv44K744K144Oq44O85pC65biv44K544OI44Op44OD44OX44K544OI44Op44OD44OX44K544Oe44Ob44Kx44O844K544K544Oe44O844OI44OV44Kp44OzIOOCseODvOOCueOCueODnuODm+ODlOOCouOCueOCpOODpOODm+ODs+OCuOODo+ODg+OCryDjgqLjgq/jgrvjgrXjg6rjg7zjgrnjg57jg7zjg4jjg5Xjgqnjg7Pjg5TjgqLjgrnjg43jg4Pjgq/jgrnjg4jjg6njg4Pjg5fjgrnjg6/jg63jg5Xjgrnjgq3jg7wg44OU44Ki44K544K544Ov44Ot44OV44K544Kt44O8IOOCueODiOODqeODg+ODl+OCueODnuODm+OCq+ODkOODvOOCueODnuODvOODiOODleOCqeODsyDjgqvjg5Djg7xhdSBHQUxBWFkgUzUgU0NMMjMgIOOCseODvOOCuSDjgqvjg5Djg7wg44Ki44Oh6LuK44Ks44O844OrIOOCq+ODqeODvCBmb3IgYXUgR0FMQVhZIFM1IFNDTDIzICDjgrHjg7zjgrkg44Kr44OQ44O8W1NDTDIzXeOAkOOCruODo+ODqeOCr+OCt+ODvCBzY2wyMyDjgrHjg7zjgrkg44Kr44OQ44O8IGdhbGF4eSBzY2wyMyDjgrHjg7zjgrkv44Kr44OQ44O8L0NBU0Uv44KxJm1pbnVzO+OCueOAkeOAkOOCueODnuODm+OCq+ODkOODvCDjgrnjg57jg5vjgrHjg7zjgrnjgJE=,MuWAi+S7peS4iuOBp+mAgeaWmeeEoeaWme+8geOAgmF1IEdBTEFYWSBTNSBTQ0wyMyAg44Kx44O844K5IOOCq+ODkOODvCDjgqLjg6Hou4rjgqzjg7zjg6sg44Kr44Op44O8IGZvciBhdSBHQUxBWFkgUzUgU0NMMjMgIOOCseODvOOCuSDjgqvjg5Djg7xbU0NMMjNd44CQ44Ku44Oj44Op44Kv44K344O8IHNjbDIzIOOCseODvOOCuSDjgqvjg5Djg7wgZ2FsYXh5IHNjbDIzIOOCseODvOOCuS/jgqvjg5Djg7wvQ0FTRS/jgrEmbWludXM744K544CR44CQ44K544Oe44Ob44Kr44OQ44O8IOOCueODnuODm+OCseODvOOCueOAkQ==[rn]
10-177693,aHR0cDovL3RzaG9wLnIxMHMuanAva2ludHN1L2NhYmluZXQvcGx1cy1zL2RpYXJ5L3BsdXMtZGlhcnktaWNkMDAwM2EyLmpwZz9maXRpbj03MDA6NzAw,MTgzNi44MDAw,,44K544Oe44O844OI44OV44Kp44Oz44O744K/44OW44Os44OD44OIID4g44K544Oe44O844OI44OV44Kp44Oz44Ki44Kv44K744K144Oq44O8ID4g44K544Oe44O844OI44OV44Kp44Oz44Kx44O844K5,R0FMQVhZIFM1IFNDLTA0RiBTQ0wyMyDmiYvluLPlnovjgrHjg7zjgrkgc2MwNGYg44Ku44Oj44Op44Kv44K344O8IOOCseODvOOCuSDmiYvluLPlnosg54yrIOOBreOBkyDjg5Hjgr/jg7zjg7Pmn4Qgc2MtMDRm44Kx44O844K5IHNjLTA0ZuOCq+ODkOODvCBzY2wyM+OCseODvOOCuSBzY2wyM+OCq+ODkOODvCBnYWxheHkg44Kx44O844K5IOOCq+ODkOODvCDjgYrjgZfjgoPjgowg44GL44KP44GE44GEIOaJi+W4s+Wei+OCueODnuODm+OCseODvOOCuSDjgrnjg57jg5vjgrHjg7zjgrkg44K544Oe44Ob44Kr44OQ44O8,R0FMQVhZIFM1IOOCseODvOOCuSDmiYvluLPlnosg44K544Oe44Ob44Kx44O844K5IOaJi+W4s+OCseODvOOCueKYhg==,PGJyPjxiPuKHklBD5ZWG5ZOB44Oa44O844K444Gn6Kmz44GX44GP6KaL44KLPC9iPjxicj48YnI+Cjxmb250IGNvbG9yPSIjZmY2NmNjIj7lj6/mhJvjgYTpu5LnjKvjga7jg5Hjgr/jg7zjg7Pmn4QgPGJyPuaJi+W4s+WeiyDjg4DjgqTjgqLjg6rjg7zjgrHjg7zjgrnjgILjg5Djg6njgqjjg4bjgqPjgoLosYrlr4zimIY8L2ZvbnQ+PGJyPgo8YnI+Cjx0YWJsZSBib3JkZXI9IjAiIGFsaWduPSJjZW50ZXIiPgo8dHI+Cjx0ZD48aW1nIHNyYz0iaHR0cDovL2ltYWdlLnJha3V0ZW4uY28uanAva2ludHN1L2NhYmluZXQvcGx1cy1zL2RpYXJ5L2RfYmxhY2tfMS5qcGciIHdpZHRoPSIzMDAiIGJvcmRlcj0iMCI+PC90ZD4KPC90cj4KPHRyPgo8dGQ+PGltZyBzcmM9Imh0dHA6Ly9pbWFnZS5yYWt1dGVuLmNvLmpwL2tpbnRzdS9jYWJpbmV0L3BsdXMtcy9kaWFyeS9kX2JsYWNrXzIuanBnIiB3aWR0aD0iMzAwIiBib3JkZXI9IjAiPjwvdGQ+PC90cj48dHI+PHRkPjxpbWcgc3JjPSJodHRwOi8vaW1hZ2UucmFrdXRlbi5jby5qcC9raW50c3UvY2FiaW5ldC9wbHVzLXMvZGlhcnkvZF9ibGFja18zLmpwZyIgd2lkdGg9IjMwMCIgYm9yZGVyPSIwIj48L3RkPgo8L3RyPjwvdGFibGU+PGJyPjxocj4K5Y+v5oSb44GE6buS54yr44Gu44OR44K/44O844Oz5p+EIOaJi+W4s+WeiyDjg4DjgqTjgqLjg6rjg7zjgrHjg7zjgrnjgILjg5Djg6njgqjjg4bjgqPjgoLosYrlr4zimIY8YnI+MuWAi+S7peS4iuOBlOizvOWFpe+8iDMyNDDlhobku6XkuIrvvInjgafjgIHphY3pgIHmlrnms5XjgIzpg7Xkvr/lsYDjgb7jgZ/jga/jg43jgrPjg53jgrnjgI3jgafpgIHmlpnnhKHmlpnjgavjgarjgorjgb7jgZnjgILjgYrmlK/miZXmlrnms5Xjga/jgIHku6PlvJXjgY3jgafjgoJPS++8geS7o+W8leOBjeOBruWgtOWQiOOBr+OAjOmDteS+v+WxgOOAjeOBp+mFjemAgeiHtOOBl+OBvuOBmeOAgjxicj48Zm9udCBjb2xvcj0iI2ZmMDAwMCI+5Y+X5rOo55Sf55Sj44Gu44Gf44KB44CB44GU5rOo5paH5b6M44Gu5aSJ5pu044CB6L+U5ZOB44CB44Kt44Oj44Oz44K744Or44Gv44GK5Y+X5LuY44Gn44GN44G+44Gb44KT44CCPC9mb250Pjxicj48YnI+Cue0oOadkO+8muaJi+W4s+OCseODvOOCueacrOS9k++8j+WQiOearuOAgOODj+ODvOODieOCseODvOOCue+8j+ODneODquOCq+ODvOODnOODjeODvOODiCjjg5bjg6njg4Pjgq8pPGJyPgrliqDlt6XvvJpVVuehrOWMluWei+OCpOODs+OCrzxicj4K4oC75Y2T5LiK44Ob44Or44OA44O844Gu5YWF6Zu75Zmo44Gr44Gv5a++5b+c44GX44Gm44GK44KK44G+44Gb44KT44CCKOOCseODvOOCueOCkuijheedgOOBl+OBn+OBvuOBvuOCs+ODjeOCr+OCv+ODvOOBq+ebtOaOpeW3ruOBl+i+vOOCk+OBp+OBruWFhembu+OBr+WPr+iDveOBp+OBmeKYhijkuIDpg6jpnZ7lr77lv5zmqZ/nqK7mnInjgoopKTxicj4K4oC75YaZ55yf44Gv44Kk44Oh44O844K455S75YOP44Gr44Gq44KK44G+44GZ44CC5qmf56iu44Gr44KI44Gj44Gm57W15p+E44GM5YiH44KM44KL44GT44Go44GM44GU44GW44GE44G+44GZ44CCPGJyPgrigLvlrp/nianjga7oibLjgavov5HjgaXjgZHjgovjgojjgYbjgavliqrjgoHjgabjgYTjgb7jgZnjgYzjgIHjgZTliKnnlKjjga7jg6Ljg4vjgr/jg7zjgIFQQ+OChOOCueODnuODvOODiOODleOCqeODs+OBrueSsOWig+OBq+OCiOOCiuaOsui8ieWGmeecn+OBruiJsuOBjOWun+eJqeOBruiJsuOBqOmBleOBo+OBpuimi+OBiOOCi+WgtOWQiOOBjOOBlOOBluOBhOOBvuOBmeOAggo8YnI+PGJyPgoKCgrimIYg44Gd44Gu5LuW44CB5omL5biz5Z6L44Kx44O844K55LiA6Kan44Gv44GT44Gh44KJPGJyPjxicj48YnI+Cjxmb250IGNvbG9yPSIjMzMwMDk5Ij7jgqrjgrfjg6Pjg6zjgarmiYvluLPlnovjgrHjg7zjgrk8YnI+CueMqyDjga3jgZMg44OR44K/44O844Oz5p+EIDwvZm9udD48YnI+Cjxicj48YnI+PGI+PGZvbnQgY29sb3I9IiNmZjAwMDAiPuKAu+mDqOadkOOBruiqpOW3ruOBq+OCiOOCi+WTgeWIh+OCjOOBjOeZuueUn+OBl+OBn+WgtOWQiOOBr+OAgeWFpeiNt+asoeesrOOBruijveS9nOODu+eZuumAgeOBqOOBquOCi+WgtOWQiOOBjOOBlOOBluOBhOOBvuOBmeOAgjxicj4K44Gd44Gu6Zqb44Gv44CB44GU5rOo5paH5b6M5Yil6YCU44Oh44O844Or44Gr44Gm44GU6YCj57Wh44GV44Gb44Gm6aCC44GN44G+44GZ44CCPGJyPuOBvuOBn+OAgeaJi+W4s+OBq+OCueOCv+ODs+ODieapn+iDvSjmipjjgornm67vvInjgYzjgaTjgYTjgabjgYTjgovloLTlkIjjgYzjgZTjgZbjgYTjgb7jgZnjgII8YnI+CuS6iOOCgeOAgeOBlOS6huaJv+mhmOOBhOOBl+OBvuOBmeOAgjwvZm9udD48L2I+PGJyPjxicj4=,R0FMQVhZIFM1IFNDLTA0RiBTQ0wyMyDmiYvluLPlnovjgrHjg7zjgrkgc2MwNGYg44Ku44Oj44Op44Kv44K344O8IOOCseODvOOCuSDmiYvluLPlnosg54yrIOOBreOBkyDjg5Hjgr/jg7zjg7Pmn4Qgc2MtMDRm44Kx44O844K5IHNjLTA0ZuOCq+ODkOODvCBzY2wyM+OCseODvOOCuSBzY2wyM+OCq+ODkOODvCBnYWxheHkg44Kx44O844K5IOOCq+ODkOODvCDjgYrjgZfjgoPjgowg44GL44KP44GE44GEIOaJi+W4s+Wei+OCueODnuODm+OCseODvOOCuSDjgrnjg57jg5vjgrHjg7zjgrkg44K544Oe44Ob44Kr44OQ44O877ya44Kx44O844K/44Kk5bGLMjTjgIDmpb3lpKnluILloLTlupc=,44K544Oe44O844OI44OV44Kp44Oz44Ki44Kv44K744K144Oq44O85pC65biv44K544OI44Op44OD44OX44K544OI44Op44OD44OX44K544Oe44Ob44Kx44O844K544K544Oe44O844OI44OV44Kp44OzIOOCseODvOOCueOCueODnuODm+ODlOOCouOCueOCpOODpOODm+ODs+OCuOODo+ODg+OCryDjgqLjgq/jgrvjgrXjg6rjg7zjgrnjg57jg7zjg4jjg5Xjgqnjg7Pjg5TjgqLjgrnjg43jg4Pjgq/jgrnjg4jjg6njg4Pjg5fjgrnjg6/jg63jg5Xjgrnjgq3jg7wg44OU44Ki44K544K544Ov44Ot44OV44K544Kt44O8IOOCueODiOODqeODg+ODl+OCueODnuODm+OCq+ODkOODvOOCueODnuODvOODiOODleOCqeODsyDjgqvjg5Djg7xHQUxBWFkgUzUgU0MtMDRGIFNDTDIzIOaJi+W4s+Wei+OCseODvOOCuSBzYzA0ZiDjgq7jg6Pjg6njgq/jgrfjg7wg44Kx44O844K5IOaJi+W4s+WeiyDnjKsg44Gt44GTIOODkeOCv+ODvOODs+afhCBzYy0wNGbjgrHjg7zjgrkgc2MtMDRm44Kr44OQ44O8IHNjbDIz44Kx44O844K5IHNjbDIz44Kr44OQ44O8IGdhbGF4eSDjgrHjg7zjgrkg44Kr44OQ44O8IOOBiuOBl+OCg+OCjCDjgYvjgo/jgYTjgYQg5omL5biz5Z6L44K544Oe44Ob44Kx44O844K5IOOCueODnuODm+OCseODvOOCuSDjgrnjg57jg5vjgqvjg5Djg7w=,R0FMQVhZIFM1IOOCseODvOOCuSDmiYvluLPlnosg44K544Oe44Ob44Kx44O844K5IOaJi+W4s+OCseODvOOCueKYhuOAgkdBTEFYWSBTNSBTQy0wNEYgU0NMMjMg5omL5biz5Z6L44Kx44O844K5IHNjMDRmIOOCruODo+ODqeOCr+OCt+ODvCDjgrHjg7zjgrkg5omL5biz5Z6LIOeMqyDjga3jgZMg44OR44K/44O844Oz5p+EIHNjLTA0ZuOCseODvOOCuSBzYy0wNGbjgqvjg5Djg7wgc2NsMjPjgrHjg7zjgrkgc2NsMjPjgqvjg5Djg7wgZ2FsYXh5IOOCseODvOOCuSDjgqvjg5Djg7wg44GK44GX44KD44KMIOOBi+OCj+OBhOOBhCDmiYvluLPlnovjgrnjg57jg5vjgrHjg7zjgrkg44K544Oe44Ob44Kx44O844K5IOOCueODnuODm+OCq+ODkOODvA==[rn]
10-177694,aHR0cDovL3RzaG9wLnIxMHMuanAva2ludHN1L2NhYmluZXQvcGx1cy1zL24vc2MtMDRmL3BzLXNjMDRmLTExMDhhLmpwZz9maXRpbj03MDA6NzAw,MTYwMC4wMDAw,,44K544Oe44O844OI44OV44Kp44Oz44O744K/44OW44Os44OD44OIID4g44K544Oe44O844OI44OV44Kp44Oz44Ki44Kv44K744K144Oq44O8ID4g44K544Oe44O844OI44OV44Kp44Oz44Kx44O844K5,YXUgR0FMQVhZIFM1IFNDTDIzICDjgrHjg7zjgrkg44Kr44OQ44O8IOmjm+OBs+aVo+OCi+ODmuODs+OCrSAgZm9yIGF1IEdBTEFYWSBTNSBTQ0wyMyAg44Kx44O844K5IOOCq+ODkOODvFtTQ0wyM13jgJDjgq7jg6Pjg6njgq/jgrfjg7wgc2NsMjMg44Kx44O844K5IOOCq+ODkOODvCBnYWxheHkgc2NsMjMg44Kx44O844K5L+OCq+ODkOODvC9DQVNFL+OCse+8jeOCueOAkeOAkOOCueODnuODm+OCq+ODkOODvCDjgrnjg57jg5vjgrHjg7zjgrnjgJE=,MuWAi+S7peS4iuOBp+mAgeaWmeeEoeaWme+8gQ==,PGJyPjxiPuKHklBD5ZWG5ZOB44Oa44O844K444Gn6Kmz44GX44GP6KaL44KLPC9iPjxicj48YnI+6Imy44CF44Gq44Oa44Oz44Kt44GM6aOb44Gz5pWj44KK44Gf44KM44Gm44GE44KLIFNDTDIzIOOCr+ODquOCoiDjgrHjg7zjgrnjgILoo4/lgbTjgYzpgI/jgZHjgovjg4fjgrbjgqTjg7Pjgarjga7jgafjgIHmqZ/nqK7mnKzkvZPjga7jg4fjgrbjgqTjg7PjgYzmtLvjgYvjgZXjgozjgb7jgZnimao8YnI+IDLlgIvku6XkuIrjgZTos7zlhaXvvIgzMjQw5YaG5Lul5LiK77yJ44Gn44CB6YWN6YCB5pa55rOV44CM6YO15L6/5bGA44G+44Gf44Gv44ON44Kz44Od44K544CN44Gn6YCB5paZ54Sh5paZ44Gr44Gq44KK44G+44GZ44CC44GK5pSv5omV5pa55rOV44Gv44CB5Luj5byV44GN44Gn44KCT0vvvIHku6PlvJXjgY3jga7loLTlkIjjga/jgIzpg7Xkvr/lsYDjgI3jgafphY3pgIHoh7TjgZfjgb7jgZnjgII8YnI+PGZvbnQgY29sb3I9IiNmZjAwMDAiPuWPl+azqOeUn+eUo+OBruOBn+OCgeOAgeOBlOazqOaWh+W+jOOBruWkieabtOOAgei/lOWTgeOAgeOCreODo+ODs+OCu+ODq+OBr+OBiuWPl+S7mOOBp+OBjeOBvuOBm+OCk+OAgjwvZm9udD48YnI+PGJyPiDigLvntKDmnZDvvJrjgq/jg6rjgqLjgrHjg7zjgrnmnKzkvZPvvI/jg53jg6rjgqvjg7zjg5zjg43jg7zjg4jliqDlt6Uo44Kv44Oq44Ki44Kx44O844K5Ke+8mlVW56Gs5YyW5Z6L44Kk44Oz44Kv77yI5YG06Z2i44Gr44OX44Oq44Oz44OI44Gv5YWl44KK44G+44Gb44KT77yJPGJyPuKAu+WNk+S4iuODm+ODq+ODgOODvOOBruWFhembu+WZqOOBq+OBr+WvvuW/nOOBl+OBpuOBiuOCiuOBvuOBm+OCk+OAgijjgrHjg7zjgrnjgpLoo4XnnYDjgZfjgZ/jgb7jgb7jgrPjg43jgq/jgr/jg7zjgavnm7TmjqXlt67jgZfovrzjgpPjgafjga7lhYXpm7vjga/lj6/og73jgafjgZnimIYpPGJyPjxicj4g4piGIOOBneOBruS7luOAgVNDTDIzIOS4gOimp+OBr+OBk+OBoeOCiTxicj48YnI+PGJyPgo8dGFibGU+CiA8dHI+CiAgPHRkIGFsaWduPSJjZW50ZXIiPjxmb250IHNpemU9IjMiPuKWvOKWvOKWvOOCseODvOOCueijheedgOOCpOODoeODvOOCuOS+i+OBr+KWvOKWvOKWvDxicj4mZ3Q7Jmd0OyZndDsmZ3Q74piG44GT44Gh44KJ4piGJmx0OyZsdDsmbHQ7Jmx0OzwvZm9udD48YnI+PGJyPgogICA8aW1nIHNyYz0iaHR0cDovL2ltYWdlLnJha3V0ZW4uY28uanAva2ludHN1L2NhYmluZXQvcGx1cy1zL2t5b3V0c3UvcG9pbnQtZDAyLmpwZyIgd2lkdGg9IjMwMCIgYm9yZGVyPSIwIj48YnIgLz48YnIgLz48YnIgLz48Zm9udCBzaXplPSIzIj7po5vjgbPmlaPjgovjg5rjg7Pjgq08L2ZvbnQ+PGJyIC8+PGJyIC8+PGltZyBzcmM9Imh0dHA6Ly9pbWFnZS5yYWt1dGVuLmNvLmpwL2tpbnRzdS9jYWJpbmV0L3BsdXMtcy9uL3NjLTA0Zi9wcy1zYzA0Zi0xMTA4YS5qcGciIHdpZHRoPSIzMDAiIGJvcmRlcj0iMCIgYWx0PSIiIC8+PGJyPjxicj48Zm9udD7oibLjgIXjgarjg5rjg7Pjgq3jgYzpo5vjgbPmlaPjgorjgZ/jgozjgabjgYTjgosgU0NMMjMg44Kv44Oq44KiIOOCseODvOOCueOAguijj+WBtOOBjOmAj+OBkeOCi+ODh+OCtuOCpOODs+OBquOBruOBp+OAgeapn+eoruacrOS9k+OBruODh+OCtuOCpOODs+OBjOa0u+OBi+OBleOCjOOBvuOBmeKZqjwvZm9udD48YnIgLz48YnIgLz48Zm9udCBzaXplPSIyIj7jgq/jg6rjgqLjga7jg4/jg7zjg4njgrHjg7zjgrnjgavjgIHpg6jliIbnmoTjgavjg4fjgrbjgqTjg7PjgpLjg5fjg6rjg7Pjg4jvvIHmqZ/nqK7mnKzkvZPjga7oibLjg7vjg4fjgrbjgqTjg7PjgI3jgajjgIzjg5fjg6rjg7Pjg4jjgrHjg7zjgrnjga7jg4fjgrbjgqTjg7PjgI3jga7ono3lkIjjgpLmpb3jgZfjgoDlvZPlupfoh6rmhaLjga7jgqrjg6rjgrjjg4rjg6vjg5fjg6rjg7Pjg4jjgrHjg7zjgrnjgafjgZnimao8YnIgLz5tYWRlIGluIGphcGFuPC9mb250PjxiciAvPjxiciAvPjxpbWcgc3JjPSJodHRwOi8vaW1hZ2UucmFrdXRlbi5jby5qcC9raW50c3UvY2FiaW5ldC9wbHVzLXMva3lvdXRzdS9maWxtX3ByZTYuanBnIiB3aWR0aD0iMzAwIiBib3JkZXI9IjAiIGFsdD0iIiAvPgogIDwvdGQ+CiA8L3RyPgogPHRyPgogIDx0ZCBhbGlnbj0icmlnaHQiPjxiciAvPjxiPjxmb250IHNpemU9IjMiPiZndDsmZ3Q75LuW44CBU0NMMjMg5LiA6Kan44Gv44GT44Gh44KJPC9mb250PjwvYj48YnIgLz4KICA8L3RkPgogPC90cj4KPC90YWJsZT4=,YXUgR0FMQVhZIFM1IFNDTDIzICDjgrHjg7zjgrkg44Kr44OQ44O8IOmjm+OBs+aVo+OCi+ODmuODs+OCrSAgZm9yIGF1IEdBTEFYWSBTNSBTQ0wyMyAg44Kx44O844K5IOOCq+ODkOODvFtTQ0wyM13jgJDjgq7jg6Pjg6njgq/jgrfjg7wgc2NsMjMg44Kx44O844K5IOOCq+ODkOODvCBnYWxheHkgc2NsMjMg44Kx44O844K5L+OCq+ODkOODvC9DQVNFL+OCsSZtaW51czvjgrnjgJHjgJDjgrnjg57jg5vjgqvjg5Djg7wg44K544Oe44Ob44Kx44O844K544CR77ya44Kx44O844K/44Kk5bGLMjTjgIDmpb3lpKnluILloLTlupc=,44K544Oe44O844OI44OV44Kp44Oz44Ki44Kv44K744K144Oq44O85pC65biv44K544OI44Op44OD44OX44K544OI44Op44OD44OX44K544Oe44Ob44Kx44O844K544K544Oe44O844OI44OV44Kp44OzIOOCseODvOOCueOCueODnuODm+ODlOOCouOCueOCpOODpOODm+ODs+OCuOODo+ODg+OCryDjgqLjgq/jgrvjgrXjg6rjg7zjgrnjg57jg7zjg4jjg5Xjgqnjg7Pjg5TjgqLjgrnjg43jg4Pjgq/jgrnjg4jjg6njg4Pjg5fjgrnjg6/jg63jg5Xjgrnjgq3jg7wg44OU44Ki44K544K544Ov44Ot44OV44K544Kt44O8IOOCueODiOODqeODg+ODl+OCueODnuODm+OCq+ODkOODvOOCueODnuODvOODiOODleOCqeODsyDjgqvjg5Djg7xhdSBHQUxBWFkgUzUgU0NMMjMgIOOCseODvOOCuSDjgqvjg5Djg7wg6aOb44Gz5pWj44KL44Oa44Oz44KtICBmb3IgYXUgR0FMQVhZIFM1IFNDTDIzICDjgrHjg7zjgrkg44Kr44OQ44O8W1NDTDIzXeOAkOOCruODo+ODqeOCr+OCt+ODvCBzY2wyMyDjgrHjg7zjgrkg44Kr44OQ44O8IGdhbGF4eSBzY2wyMyDjgrHjg7zjgrkv44Kr44OQ44O8L0NBU0Uv44KxJm1pbnVzO+OCueOAkeOAkOOCueODnuODm+OCq+ODkOODvCDjgrnjg57jg5vjgrHjg7zjgrnjgJE=,MuWAi+S7peS4iuOBp+mAgeaWmeeEoeaWme+8geOAgmF1IEdBTEFYWSBTNSBTQ0wyMyAg44Kx44O844K5IOOCq+ODkOODvCDpo5vjgbPmlaPjgovjg5rjg7Pjgq0gIGZvciBhdSBHQUxBWFkgUzUgU0NMMjMgIOOCseODvOOCuSDjgqvjg5Djg7xbU0NMMjNd44CQ44Ku44Oj44Op44Kv44K344O8IHNjbDIzIOOCseODvOOCuSDjgqvjg5Djg7wgZ2FsYXh5IHNjbDIzIOOCseODvOOCuS/jgqvjg5Djg7wvQ0FTRS/jgrEmbWludXM744K544CR44CQ44K544Oe44Ob44Kr44OQ44O8IOOCueODnuODm+OCseODvOOCueOAkQ==[rn]
10-177695,aHR0cDovL3RzaG9wLnIxMHMuanAva2ludHN1L2NhYmluZXQvcGx1cy1zL2RpYXJ5L3BsdXMtZGlhcnktbXVkMDAyOWEyLmpwZz9maXRpbj03MDA6NzAw,MTgzNi44MDAw,,44K544Oe44O844OI44OV44Kp44Oz44O744K/44OW44Os44OD44OIID4g44K544Oe44O844OI44OV44Kp44Oz44Ki44Kv44K744K144Oq44O8ID4g44K544Oe44O844OI44OV44Kp44Oz44Kx44O844K5,R0FMQVhZIFM1IFNDLTA0RiBTQ0wyMyDmiYvluLPlnovjgrHjg7zjgrkgc2MwNGYg44Ku44Oj44Op44Kv44K344O8IOOCouOCr+ODhuOCo+ODliDjgrHjg7zjgrkg5omL5biz5Z6LIOWkjyDmtbcg56m6IOOCteODnuODvCDjg5Pjg7zjg4Eg44Kr44OQ44O8IHNjLTA0ZuOCseODvOOCuSBzYy0wNGbjgqvjg5Djg7wgc2NsMjPjgrHjg7zjgrkgc2NsMjPjgqvjg5Djg7wgZ2FsYXh5IOOCseODvOOCuSDjgqvjg5Djg7wg44GK44GX44KD44KMIOOBi+OCj+OBhOOBhCDmiYvluLPlnovjgrnjg57jg5vjgrHjg7zjgrkg44K544Oe44Ob44Kx44O844K5IOOCueODnuODm+OCq+ODkOODvA==,R0FMQVhZIFM1IOOCseODvOOCuSDmiYvluLPlnosg44K544Oe44Ob44Kx44O844K5IOaJi+W4s+OCseODvOOCueKYhg==,PGJyPjxiPuKHklBD5ZWG5ZOB44Oa44O844K444Gn6Kmz44GX44GP6KaL44KLPC9iPjxicj48YnI+Cjxmb250IGNvbG9yPSIjZmY2NmNjIj7lpI/jga7mtbfjgoTnqbrjgpLjg4bjg7zjg57jgaso44K144O844OV44Kj44OzIOazoiDmsJfnkIMg44OT44O844OBIOe3kSDoh6rnhLYp44GuIDxicj7miYvluLPlnosg44OA44Kk44Ki44Oq44O844Kx44O844K544CC44OQ44Op44Ko44OG44Kj44KC6LGK5a+M4piGPC9mb250Pjxicj4KPGJyPgo8dGFibGUgYm9yZGVyPSIwIiBhbGlnbj0iY2VudGVyIj4KPHRyPgo8dGQ+PGltZyBzcmM9Imh0dHA6Ly9pbWFnZS5yYWt1dGVuLmNvLmpwL2tpbnRzdS9jYWJpbmV0L3BsdXMtcy9kaWFyeS9wbHVzLWRpYXJ5LW11ZDAwMjlhMi5qcGciIHdpZHRoPSIxMDAlIiBib3JkZXI9IjAiPjwvdGQ+CjwvdHI+Cjx0cj4KPHRkPjxpbWcgc3JjPSJodHRwOi8vd3d3LnJha3V0ZW4ubmUuanAvZ29sZC9raW50c3Uvc19pdGVtL3BsdXMtZGlhcnkvcGx1cy1zbWEtYmFzZTIuanBnIiB3aWR0aD0iMTAwJSIgYm9yZGVyPSIwIj48YnI+CiAgICA8YnI+CiAgICA8YnI+CiAgICA8L3RkPjwvdHI+PHRyPjx0ZD48aW1nIHNyYz0iaHR0cDovL3d3dy5yYWt1dGVuLm5lLmpwL2dvbGQva2ludHN1L3NfaXRlbS9wbHVzLWRpYXJ5L3BsdXMtc21hLW11ZDAwMjlhLmpwZyIgd2lkdGg9IjEwMCUiIGJvcmRlcj0iMCI+PC90ZD4KPC90cj48L3RhYmxlPjxicj48aHI+CuWkj+OBrua1t+OChOepuuOCkuODhuODvOODnuOBqyjjgrXjg7zjg5XjgqPjg7Mg5rOiIOawl+eQgyDjg5Pjg7zjg4Eg57eRIOiHqueEtinjga4g5omL5biz5Z6LIOODgOOCpOOCouODquODvOOCseODvOOCueOAguODkOODqeOCqOODhuOCo+OCguixiuWvjOKYhjxicj4y5YCL5Lul5LiK44GU6LO85YWl77yIMzI0MOWGhuS7peS4iu+8ieOBp+OAgemFjemAgeaWueazleOAjOmDteS+v+WxgOOBvuOBn+OBr+ODjeOCs+ODneOCueOAjeOBp+mAgeaWmeeEoeaWmeOBq+OBquOCiuOBvuOBmeOAguOBiuaUr+aJleaWueazleOBr+OAgeS7o+W8leOBjeOBp+OCgk9L77yB5Luj5byV44GN44Gu5aC05ZCI44Gv44CM6YO15L6/5bGA44CN44Gn6YWN6YCB6Ie044GX44G+44GZ44CCPGJyPjxmb250IGNvbG9yPSIjZmYwMDAwIj7lj5fms6jnlJ/nlKPjga7jgZ/jgoHjgIHjgZTms6jmloflvozjga7lpInmm7TjgIHov5Tlk4HjgIHjgq3jg6Pjg7Pjgrvjg6vjga/jgYrlj5fku5jjgafjgY3jgb7jgZvjgpPjgII8L2ZvbnQ+PGJyPjxicj4K57Sg5p2Q77ya5omL5biz44Kx44O844K55pys5L2T77yP5ZCI55qu44CA44OP44O844OJ44Kx44O844K577yP44Od44Oq44Kr44O844Oc44ON44O844OIKOODluODqeODg+OCryk8YnI+CuWKoOW3pe+8mlVW56Gs5YyW5Z6L44Kk44Oz44KvPGJyPuKAu+WNk+S4iuODm+ODq+ODgOODvOOBruWFhembu+WZqOOBq+OBr+WvvuW/nOOBl+OBpuOBiuOCiuOBvuOBm+OCk+OAgijjgrHjg7zjgrnjgpLoo4XnnYDjgZfjgZ/jgb7jgb7jgrPjg43jgq/jgr/jg7zjgavnm7TmjqXlt67jgZfovrzjgpPjgafjga7lhYXpm7vjga/lj6/og73jgafjgZnimIYo5LiA6YOo6Z2e5a++5b+c5qmf56iu5pyJ44KKKSk8YnI+CuKAu+WGmeecn+OBr+OCpOODoeODvOOCuOeUu+WDj+OBq+OBquOCiuOBvuOBmeOAgue1teafhOOBjOWIh+OCjOOCi+OBk+OBqOOBjOOBlOOBluOBhOOBvuOBmeOAggrigLvlrp/nianjga7oibLjgavov5HjgaXjgZHjgovjgojjgYbjgavliqrjgoHjgabjgYTjgb7jgZnjgYzjgIHjgZTliKnnlKjjga7jg6Ljg4vjgr/jg7zjgIFQQ+OChOOCueODnuODvOODiOODleOCqeODs+OBrueSsOWig+OBq+OCiOOCiuaOsui8ieWGmeecn+OBruiJsuOBjOWun+eJqeOBruiJsuOBqOmBleOBo+OBpuimi+OBiOOCi+WgtOWQiOOBjOOBlOOBluOBhOOBvuOBmeOAggo8YnI+PGJyPgoK4piGIOOBneOBruS7luOAgeaJi+W4s+Wei+OCseODvOOCueS4gOimp+OBr+OBk+OBoeOCiTxicj48YnI+PGJyPgo8Zm9udCBjb2xvcj0iIzMzMDA5OSI+44Kq44K344Oj44Os44Gq5omL5biz5Z6L44Kx44O844K5PGJyPgrlpI/jga7mtbfjgoTnqbrjgpLjg4bjg7zjg57jgaso44K144O844OV44Kj44OzIOazoiDmsJfnkIMg44OT44O844OBIOe3kSDoh6rnhLYp44GuIOmBuOOBueOCi+WFqDbjgr/jgqTjg5c8L2ZvbnQ+PGJyPjxicj48Zm9udCBjb2xvcj0iI0ZGMDAwMCI+PGI+4oC744OH44K244Kk44Oz44O744Kr44Op44O844Gu6KaL5pys44Gv44Oa44O844K444Gu5LiA55Wq5LiK44Gr44GC44KL5ZWG5ZOB55S75YOP44Gu77yS5p6a55uu5Lul6ZmN44KS44GU6Kan44GP44Gg44GV44GE44CCPC9iPjwvZm9udD4KPGJyPjxicj48Yj48Zm9udCBjb2xvcj0iI2ZmMDAwMCI+4oC76YOo5p2Q44Gu6Kqk5beu44Gr44KI44KL5ZOB5YiH44KM44GM55m655Sf44GX44Gf5aC05ZCI44Gv44CB5YWl6I235qyh56ys44Gu6KO95L2c44O755m66YCB44Go44Gq44KL5aC05ZCI44GM44GU44GW44GE44G+44GZ44CCPGJyPgrjgZ3jga7pmpvjga/jgIHjgZTms6jmloflvozliKXpgJTjg6Hjg7zjg6vjgavjgabjgZTpgKPntaHjgZXjgZvjgabpoILjgY3jgb7jgZnjgII8YnI+44G+44Gf44CB5omL5biz44Gr44K544K/44Oz44OJ5qmf6IO9KOaKmOOCiuebru+8ieOBjOOBpOOBhOOBpuOBhOOCi+WgtOWQiOOBjOOBlOOBluOBhOOBvuOBmeOAgjxicj4K5LqI44KB44CB44GU5LqG5om/6aGY44GE44GX44G+44GZ44CCPC9mb250PjwvYj48YnI+PGJyPg==,R0FMQVhZIFM1IFNDLTA0RiBTQ0wyMyDmiYvluLPlnovjgrHjg7zjgrkgc2MwNGYg44Ku44Oj44Op44Kv44K344O8IOOCouOCr+ODhuOCo+ODliDjgrHjg7zjgrkg5omL5biz5Z6LIOWkjyDmtbcg56m6IOOCteODnuODvCDjg5Pjg7zjg4Eg44Kr44OQ44O8IHNjLTA0ZuOCseODvOOCuSBzYy0wNGbjgqvjg5Djg7wgc2NsMjPjgrHjg7zjgrkgc2NsMjPjgqvjg5Djg7wgZ2FsYXh5IOOCseODvOOCuSDjgqvjg5Djg7wg44GK44GX44KD44KMIOOBi+OCj+OBhOOBhCDmiYvluLPlnovjgrnjg57jg5vjgrHjg7zjgrkg44K544Oe44Ob44Kx44O844K5IOOCueODnuODm+OCq+ODkOODvO+8muOCseODvOOCv+OCpOWxizI044CA5qW95aSp5biC5aC05bqX,44K544Oe44O844OI44OV44Kp44Oz44Ki44Kv44K744K144Oq44O85pC65biv44K544OI44Op44OD44OX44K544OI44Op44OD44OX44K544Oe44Ob44Kx44O844K544K544Oe44O844OI44OV44Kp44OzIOOCseODvOOCueOCueODnuODm+ODlOOCouOCueOCpOODpOODm+ODs+OCuOODo+ODg+OCryDjgqLjgq/jgrvjgrXjg6rjg7zjgrnjg57jg7zjg4jjg5Xjgqnjg7Pjg5TjgqLjgrnjg43jg4Pjgq/jgrnjg4jjg6njg4Pjg5fjgrnjg6/jg63jg5Xjgrnjgq3jg7wg44OU44Ki44K544K544Ov44Ot44OV44K544Kt44O8IOOCueODiOODqeODg+ODl+OCueODnuODm+OCq+ODkOODvOOCueODnuODvOODiOODleOCqeODsyDjgqvjg5Djg7xHQUxBWFkgUzUgU0MtMDRGIFNDTDIzIOaJi+W4s+Wei+OCseODvOOCuSBzYzA0ZiDjgq7jg6Pjg6njgq/jgrfjg7wg44Ki44Kv44OG44Kj44OWIOOCseODvOOCuSDmiYvluLPlnosg5aSPIOa1tyDnqbog44K144Oe44O8IOODk+ODvOODgSDjgqvjg5Djg7wgc2MtMDRm44Kx44O844K5IHNjLTA0ZuOCq+ODkOODvCBzY2wyM+OCseODvOOCuSBzY2wyM+OCq+ODkOODvCBnYWxheHkg44Kx44O844K5IOOCq+ODkOODvCDjgYrjgZfjgoPjgowg44GL44KP44GE44GEIOaJi+W4s+Wei+OCueODnuODm+OCseODvOOCuSDjgrnjg57jg5vjgrHjg7zjgrkg44K544Oe44Ob44Kr44OQ44O8,R0FMQVhZIFM1IOOCseODvOOCuSDmiYvluLPlnosg44K544Oe44Ob44Kx44O844K5IOaJi+W4s+OCseODvOOCueKYhuOAgkdBTEFYWSBTNSBTQy0wNEYgU0NMMjMg5omL5biz5Z6L44Kx44O844K5IHNjMDRmIOOCruODo+ODqeOCr+OCt+ODvCDjgqLjgq/jg4bjgqPjg5Yg44Kx44O844K5IOaJi+W4s+WeiyDlpI8g5rW3IOepuiDjgrXjg57jg7wg44OT44O844OBIOOCq+ODkOODvCBzYy0wNGbjgrHjg7zjgrkgc2MtMDRm44Kr44OQ44O8IHNjbDIz44Kx44O844K5IHNjbDIz44Kr44OQ44O8IGdhbGF4eSDjgrHjg7zjgrkg44Kr44OQ44O8IOOBiuOBl+OCg+OCjCDjgYvjgo/jgYTjgYQg5omL5biz5Z6L44K544Oe44Ob44Kx44O844K5IOOCueODnuODm+OCseODvOOCuSDjgrnjg57jg5vjgqvjg5Djg7w=[rn]
10-177696,aHR0cDovL3RzaG9wLnIxMHMuanAva2ludHN1L2NhYmluZXQvcGx1cy1zL2RpYXJ5L3BsdXMtZGlhcnktaWNkMDAzMmEyLmpwZz9maXRpbj03MDA6NzAw,MTgzNi44MDAw,,44K544Oe44O844OI44OV44Kp44Oz44O744K/44OW44Os44OD44OIID4g44K544Oe44O844OI44OV44Kp44Oz44Ki44Kv44K744K144Oq44O8ID4g44K544Oe44O844OI44OV44Kp44Oz44Kx44O844K5,R0FMQVhZIFM1IFNDLTA0RiBTQ0wyMyDmiYvluLPlnovjgrHjg7zjgrkgc2MwNGYg44Ku44Oj44Op44Kv44K344O8IOOCouOCr+ODhuOCo+ODliDjgrHjg7zjgrkg5omL5biz5Z6LIOODqeODluODrOOCv+ODvCDmiYvntJkg44OP44O844OIIOOCq+ODkOODvCBzYy0wNGbjgrHjg7zjgrkgc2MtMDRm44Kr44OQ44O8IHNjbDIz44Kx44O844K5IHNjbDIz44Kr44OQ44O8IGdhbGF4eSDjgrHjg7zjgrkg44Kr44OQ44O8IOOBiuOBl+OCg+OCjCDjgYvjgo/jgYTjgYQg5omL5biz5Z6L44K544Oe44Ob44Kx44O844K5IOOCueODnuODm+OCseODvOOCuSDjgrnjg57jg5vjgqvjg5Djg7w=,R0FMQVhZIFM1IOOCseODvOOCuSDmiYvluLPlnosg44K544Oe44Ob44Kx44O844K5IOaJi+W4s+OCseODvOOCueKYhg==,PGJyPjxiPuKHklBD5ZWG5ZOB44Oa44O844K444Gn6Kmz44GX44GP6KaL44KLPC9iPjxicj48YnI+Cjxmb250IGNvbG9yPSIjZmY2NmNjIj7jgb7jgovjgafjg6njg5bjg6zjgr/jg7zjga7jgojjgYbjgaogPGJyPuaJi+W4s+WeiyDjg4DjgqTjgqLjg6rjg7zjgrHjg7zjgrnjgILjg5Djg6njgqjjg4bjgqPjgoLosYrlr4zimIY8L2ZvbnQ+PGJyPgo8YnI+Cjx0YWJsZSBib3JkZXI9IjAiIGFsaWduPSJjZW50ZXIiPgo8dHI+Cjx0ZD48aW1nIHNyYz0iaHR0cDovL2ltYWdlLnJha3V0ZW4uY28uanAva2ludHN1L2NhYmluZXQvcGx1cy1zL2RpYXJ5L3BsdXMtZGlhcnktaWNkMDAzMmEyLmpwZyIgd2lkdGg9IjEwMCUiIGJvcmRlcj0iMCI+PC90ZD4KPC90cj4KPHRyPgo8dGQ+PGltZyBzcmM9Imh0dHA6Ly93d3cucmFrdXRlbi5uZS5qcC9nb2xkL2tpbnRzdS9zX2l0ZW0vcGx1cy1kaWFyeS9wbHVzLXNtYS1iYXNlMi5qcGciIHdpZHRoPSIxMDAlIiBib3JkZXI9IjAiPjxicj4KICAgIDxicj4KICAgIDxicj4KICAgIDwvdGQ+PC90cj48dHI+PHRkPjxpbWcgc3JjPSJodHRwOi8vd3d3LnJha3V0ZW4ubmUuanAvZ29sZC9raW50c3Uvc19pdGVtL3BsdXMtZGlhcnkvcGx1cy1zbWEtaWNkMDAzMmEuanBnIiB3aWR0aD0iMTAwJSIgYm9yZGVyPSIwIj48L3RkPgo8L3RyPjwvdGFibGU+PGJyPjxocj4K44G+44KL44Gn44Op44OW44Os44K/44O844Gu44KI44GG44GqIOaJi+W4s+WeiyDjg4DjgqTjgqLjg6rjg7zjgrHjg7zjgrnjgILjg5Djg6njgqjjg4bjgqPjgoLosYrlr4zimIY8YnI+MuWAi+S7peS4iuOBlOizvOWFpe+8iDMyNDDlhobku6XkuIrvvInjgafjgIHphY3pgIHmlrnms5XjgIzpg7Xkvr/lsYDjgb7jgZ/jga/jg43jgrPjg53jgrnjgI3jgafpgIHmlpnnhKHmlpnjgavjgarjgorjgb7jgZnjgILjgYrmlK/miZXmlrnms5Xjga/jgIHku6PlvJXjgY3jgafjgoJPS++8geS7o+W8leOBjeOBruWgtOWQiOOBr+OAjOmDteS+v+WxgOOAjeOBp+mFjemAgeiHtOOBl+OBvuOBmeOAgjxicj48Zm9udCBjb2xvcj0iI2ZmMDAwMCI+5Y+X5rOo55Sf55Sj44Gu44Gf44KB44CB44GU5rOo5paH5b6M44Gu5aSJ5pu044CB6L+U5ZOB44CB44Kt44Oj44Oz44K744Or44Gv44GK5Y+X5LuY44Gn44GN44G+44Gb44KT44CCPC9mb250Pjxicj48YnI+Cue0oOadkO+8muaJi+W4s+OCseODvOOCueacrOS9k++8j+WQiOearuOAgOODj+ODvOODieOCseODvOOCue+8j+ODneODquOCq+ODvOODnOODjeODvOODiCjjg5bjg6njg4Pjgq8pPGJyPgrliqDlt6XvvJpVVuehrOWMluWei+OCpOODs+OCrzxicj7igLvljZPkuIrjg5vjg6vjg4Djg7zjga7lhYXpm7vlmajjgavjga/lr77lv5zjgZfjgabjgYrjgorjgb7jgZvjgpPjgIIo44Kx44O844K544KS6KOF552A44GX44Gf44G+44G+44Kz44ON44Kv44K/44O844Gr55u05o6l5beu44GX6L6844KT44Gn44Gu5YWF6Zu744Gv5Y+v6IO944Gn44GZ4piGKOS4gOmDqOmdnuWvvuW/nOapn+eoruacieOCiikpPGJyPgrigLvlhpnnnJ/jga/jgqTjg6Hjg7zjgrjnlLvlg4/jgavjgarjgorjgb7jgZnjgILntbXmn4TjgYzliIfjgozjgovjgZPjgajjgYzjgZTjgZbjgYTjgb7jgZnjgIIK4oC75a6f54mp44Gu6Imy44Gr6L+R44Gl44GR44KL44KI44GG44Gr5Yqq44KB44Gm44GE44G+44GZ44GM44CB44GU5Yip55So44Gu44Oi44OL44K/44O844CBUEPjgoTjgrnjg57jg7zjg4jjg5Xjgqnjg7Pjga7nkrDlooPjgavjgojjgormjrLovInlhpnnnJ/jga7oibLjgYzlrp/nianjga7oibLjgajpgZXjgaPjgabopovjgYjjgovloLTlkIjjgYzjgZTjgZbjgYTjgb7jgZnjgIIKPGJyPjxicj4KCuKYhiDjgZ3jga7ku5bjgIHmiYvluLPlnovjgrHjg7zjgrnkuIDopqfjga/jgZPjgaHjgok8YnI+PGJyPjxicj4KPGZvbnQgY29sb3I9IiMzMzAwOTkiPuOCquOCt+ODo+ODrOOBquaJi+W4s+Wei+OCseODvOOCuTxicj4K44G+44KL44Gn44Op44OW44Os44K/44O844Gu44KI44GG44GqIOmBuOOBueOCi+WFqDnjgr/jgqTjg5c8L2ZvbnQ+PGJyPjxicj48Zm9udCBjb2xvcj0iI0ZGMDAwMCI+PGI+4oC744OH44K244Kk44Oz44O744Kr44Op44O844Gu6KaL5pys44Gv44Oa44O844K444Gu5LiA55Wq5LiK44Gr44GC44KL5ZWG5ZOB55S75YOP44Gu77yS5p6a55uu5Lul6ZmN44KS44GU6Kan44GP44Gg44GV44GE44CCPC9iPjwvZm9udD4KPGJyPjxicj48Yj48Zm9udCBjb2xvcj0iI2ZmMDAwMCI+4oC76YOo5p2Q44Gu6Kqk5beu44Gr44KI44KL5ZOB5YiH44KM44GM55m655Sf44GX44Gf5aC05ZCI44Gv44CB5YWl6I235qyh56ys44Gu6KO95L2c44O755m66YCB44Go44Gq44KL5aC05ZCI44GM44GU44GW44GE44G+44GZ44CCPGJyPuOBneOBrumam+OBr+OAgeOBlOazqOaWh+W+jOWIpemAlOODoeODvOODq+OBq+OBpuOBlOmAo+e1oeOBleOBm+OBpumgguOBjeOBvuOBmeOAgjxicj7jgb7jgZ/jgIHmiYvluLPjgavjgrnjgr/jg7Pjg4nmqZ/og70o5oqY44KK55uu77yJ44GM44Gk44GE44Gm44GE44KL5aC05ZCI44GM44GU44GW44GE44G+44GZ44CCPGJyPuS6iOOCgeOAgeOBlOS6huaJv+mhmOOBhOOBl+OBvuOBmeOAgjwvZm9udD48L2I+PGJyPjxicj4=,R0FMQVhZIFM1IFNDLTA0RiBTQ0wyMyDmiYvluLPlnovjgrHjg7zjgrkgc2MwNGYg44Ku44Oj44Op44Kv44K344O8IOOCouOCr+ODhuOCo+ODliDjgrHjg7zjgrkg5omL5biz5Z6LIOODqeODluODrOOCv+ODvCDmiYvntJkg44OP44O844OIIOOCq+ODkOODvCBzYy0wNGbjgrHjg7zjgrkgc2MtMDRm44Kr44OQ44O8IHNjbDIz44Kx44O844K5IHNjbDIz44Kr44OQ44O8IGdhbGF4eSDjgrHjg7zjgrkg44Kr44OQ44O8IOOBiuOBl+OCg+OCjCDjgYvjgo/jgYTjgYQg5omL5biz5Z6L44K544Oe44Ob44Kx44O844K5IOOCueODnuODm+OCseODvOOCuSDjgrnjg57jg5vjgqvjg5Djg7zvvJrjgrHjg7zjgr/jgqTlsYsyNOOAgOalveWkqeW4guWgtOW6lw==,44K544Oe44O844OI44OV44Kp44Oz44Ki44Kv44K744K144Oq44O85pC65biv44K544OI44Op44OD44OX44K544OI44Op44OD44OX44K544Oe44Ob44Kx44O844K544K544Oe44O844OI44OV44Kp44OzIOOCseODvOOCueOCueODnuODm+ODlOOCouOCueOCpOODpOODm+ODs+OCuOODo+ODg+OCryDjgqLjgq/jgrvjgrXjg6rjg7zjgrnjg57jg7zjg4jjg5Xjgqnjg7Pjg5TjgqLjgrnjg43jg4Pjgq/jgrnjg4jjg6njg4Pjg5fjgrnjg6/jg63jg5Xjgrnjgq3jg7wg44OU44Ki44K544K544Ov44Ot44OV44K544Kt44O8IOOCueODiOODqeODg+ODl+OCueODnuODm+OCq+ODkOODvOOCueODnuODvOODiOODleOCqeODsyDjgqvjg5Djg7xHQUxBWFkgUzUgU0MtMDRGIFNDTDIzIOaJi+W4s+Wei+OCseODvOOCuSBzYzA0ZiDjgq7jg6Pjg6njgq/jgrfjg7wg44Ki44Kv44OG44Kj44OWIOOCseODvOOCuSDmiYvluLPlnosg44Op44OW44Os44K/44O8IOaJi+e0mSDjg4/jg7zjg4gg44Kr44OQ44O8IHNjLTA0ZuOCseODvOOCuSBzYy0wNGbjgqvjg5Djg7wgc2NsMjPjgrHjg7zjgrkgc2NsMjPjgqvjg5Djg7wgZ2FsYXh5IOOCseODvOOCuSDjgqvjg5Djg7wg44GK44GX44KD44KMIOOBi+OCj+OBhOOBhCDmiYvluLPlnovjgrnjg57jg5vjgrHjg7zjgrkg44K544Oe44Ob44Kx44O844K5IOOCueODnuODm+OCq+ODkOODvA==,R0FMQVhZIFM1IOOCseODvOOCuSDmiYvluLPlnosg44K544Oe44Ob44Kx44O844K5IOaJi+W4s+OCseODvOOCueKYhuOAgkdBTEFYWSBTNSBTQy0wNEYgU0NMMjMg5omL5biz5Z6L44Kx44O844K5IHNjMDRmIOOCruODo+ODqeOCr+OCt+ODvCDjgqLjgq/jg4bjgqPjg5Yg44Kx44O844K5IOaJi+W4s+WeiyDjg6njg5bjg6zjgr/jg7wg5omL57SZIOODj+ODvOODiCDjgqvjg5Djg7wgc2MtMDRm44Kx44O844K5IHNjLTA0ZuOCq+ODkOODvCBzY2wyM+OCseODvOOCuSBzY2wyM+OCq+ODkOODvCBnYWxheHkg44Kx44O844K5IOOCq+ODkOODvCDjgYrjgZfjgoPjgowg44GL44KP44GE44GEIOaJi+W4s+Wei+OCueODnuODm+OCseODvOOCuSDjgrnjg57jg5vjgrHjg7zjgrkg44K544Oe44Ob44Kr44OQ44O8[rn]
10-177697,aHR0cDovL3RzaG9wLnIxMHMuanAva2ludHN1L2NhYmluZXQvcGx1cy1zL2RpYXJ5L3BsdXMtZGlhcnktbXVkMDAxMWEyLmpwZz9maXRpbj03MDA6NzAw,MTgzNi44MDAw,,44K544Oe44O844OI44OV44Kp44Oz44O744K/44OW44Os44OD44OIID4g44K544Oe44O844OI44OV44Kp44Oz44Ki44Kv44K744K144Oq44O8ID4g44K544Oe44O844OI44OV44Kp44Oz44Kx44O844K5,R0FMQVhZIFM1IFNDLTA0RiBTQ0wyMyDmiYvluLPlnovjgrHjg7zjgrkgc2MwNGYg44Ku44Oj44Op44Kv44K344O8IOOCseODvOOCuSDmiYvluLPlnosg54yrKOODjeOCsyDjga3jgZMpIGNhdCDjgq3jg6Pjg4Pjg4ggc2MtMDRm44Kx44O844K5IHNjLTA0ZuOCq+ODkOODvCBzY2wyM+OCseODvOOCuSBzY2wyM+OCq+ODkOODvCBnYWxheHkg44Kx44O844K5IOOCq+ODkOODvCDjgYrjgZfjgoPjgowg44GL44KP44GE44GEIOaJi+W4s+Wei+OCueODnuODm+OCseODvOOCuSDjgrnjg57jg5vjgrHjg7zjgrkg44K544Oe44Ob44Kr44OQ44O8,R0FMQVhZIFM1IOOCseODvOOCuSDmiYvluLPlnosg44K544Oe44Ob44Kx44O844K5IOaJi+W4s+OCseODvOOCueKYhg==,PGJyPjxiPuKHklBD5ZWG5ZOB44Oa44O844K444Gn6Kmz44GX44GP6KaL44KLPC9iPjxicj48YnI+Cjxmb250IGNvbG9yPSIjZmY2NmNjIj7jgrnjg4jjg6rjg7zjg4jjg7vmuoDmnIjjg7vjg5rjgqTjg7Pjg4jjg7vjgbbjgonkuIvjgYzjgornrYnmp5jjgIXjgarnjKvjga4gPGJyPuaJi+W4s+WeiyDjg4DjgqTjgqLjg6rjg7zjgrHjg7zjgrnjgILjg5Djg6njgqjjg4bjgqPjgoLosYrlr4zimIY8L2ZvbnQ+PGJyPgo8YnI+Cjx0YWJsZSBib3JkZXI9IjAiIGFsaWduPSJjZW50ZXIiPgo8dHI+Cjx0ZD48aW1nIHNyYz0iaHR0cDovL2ltYWdlLnJha3V0ZW4uY28uanAva2ludHN1L2NhYmluZXQvcGx1cy1zL2RpYXJ5L2RfYmxhY2tfMS5qcGciIHdpZHRoPSIzMDAiIGJvcmRlcj0iMCI+PC90ZD4KPC90cj4KPHRyPgo8dGQ+PGltZyBzcmM9Imh0dHA6Ly9pbWFnZS5yYWt1dGVuLmNvLmpwL2tpbnRzdS9jYWJpbmV0L3BsdXMtcy9kaWFyeS9kX2JsYWNrXzIuanBnIiB3aWR0aD0iMzAwIiBib3JkZXI9IjAiPjwvdGQ+PC90cj48dHI+PHRkPjxpbWcgc3JjPSJodHRwOi8vaW1hZ2UucmFrdXRlbi5jby5qcC9raW50c3UvY2FiaW5ldC9wbHVzLXMvZGlhcnkvZF9ibGFja18zLmpwZyIgd2lkdGg9IjMwMCIgYm9yZGVyPSIwIj48L3RkPgo8L3RyPjwvdGFibGU+PGJyPjxocj4K44K544OI44Oq44O844OI44O75rqA5pyI44O744Oa44Kk44Oz44OI44O744G244KJ5LiL44GM44KK562J5qeY44CF44Gq54yr44GuIOaJi+W4s+WeiyDjg4DjgqTjgqLjg6rjg7zjgrHjg7zjgrnjgILjg5Djg6njgqjjg4bjgqPjgoLosYrlr4zimIY8YnI+MuWAi+S7peS4iuOBlOizvOWFpe+8iDMyNDDlhobku6XkuIrvvInjgafjgIHphY3pgIHmlrnms5XjgIzpg7Xkvr/lsYDjgb7jgZ/jga/jg43jgrPjg53jgrnjgI3jgafpgIHmlpnnhKHmlpnjgavjgarjgorjgb7jgZnjgILjgYrmlK/miZXmlrnms5Xjga/jgIHku6PlvJXjgY3jgafjgoJPS++8geS7o+W8leOBjeOBruWgtOWQiOOBr+OAjOmDteS+v+WxgOOAjeOBp+mFjemAgeiHtOOBl+OBvuOBmeOAgjxicj48Zm9udCBjb2xvcj0iI2ZmMDAwMCI+5Y+X5rOo55Sf55Sj44Gu44Gf44KB44CB44GU5rOo5paH5b6M44Gu5aSJ5pu044CB6L+U5ZOB44CB44Kt44Oj44Oz44K744Or44Gv44GK5Y+X5LuY44Gn44GN44G+44Gb44KT44CCPC9mb250Pjxicj48YnI+Cue0oOadkO+8muaJi+W4s+OCseODvOOCueacrOS9k++8j+WQiOearuOAgOODj+ODvOODieOCseODvOOCue+8j+ODneODquOCq+ODvOODnOODjeODvOODiCjjg5bjg6njg4Pjgq8pPGJyPgrliqDlt6XvvJpVVuehrOWMluWei+OCpOODs+OCrzxicj7igLvljZPkuIrjg5vjg6vjg4Djg7zjga7lhYXpm7vlmajjgavjga/lr77lv5zjgZfjgabjgYrjgorjgb7jgZvjgpPjgIIo44Kx44O844K544KS6KOF552A44GX44Gf44G+44G+44Kz44ON44Kv44K/44O844Gr55u05o6l5beu44GX6L6844KT44Gn44Gu5YWF6Zu744Gv5Y+v6IO944Gn44GZ4piGKOS4gOmDqOmdnuWvvuW/nOapn+eoruacieOCiikpPGJyPgrigLvlhpnnnJ/jga/jgqTjg6Hjg7zjgrjnlLvlg4/jgavjgarjgorjgb7jgZnjgILmqZ/nqK7jgavjgojjgaPjgabntbXmn4TjgYzliIfjgozjgovjgZPjgajjgYzjgZTjgZbjgYTjgb7jgZnjgIIK4oC75a6f54mp44Gu6Imy44Gr6L+R44Gl44GR44KL44KI44GG44Gr5Yqq44KB44Gm44GE44G+44GZ44GM44CB44GU5Yip55So44Gu44Oi44OL44K/44O844CBUEPjgoTjgrnjg57jg7zjg4jjg5Xjgqnjg7Pjga7nkrDlooPjgavjgojjgormjrLovInlhpnnnJ/jga7oibLjgYzlrp/nianjga7oibLjgajpgZXjgaPjgabopovjgYjjgovloLTlkIjjgYzjgZTjgZbjgYTjgb7jgZnjgIIKPGJyPjxicj4KCgoK4piGIOOBneOBruS7luOAgeaJi+W4s+Wei+OCseODvOOCueS4gOimp+OBr+OBk+OBoeOCiTxicj48YnI+PGJyPgo8Zm9udCBjb2xvcj0iIzMzMDA5OSI+44K544OI44Oq44O844OI44O75rqA5pyI44O744Oa44Kk44Oz44OI44O744G244KJ5LiL44GM44KK562J5qeY44CF44Gq54yr44GuIOmBuOOBueOCi+WFqDbjgr/jgqTjg5c8L2ZvbnQ+PGJyPjxicj48Zm9udCBjb2xvcj0iI0ZGMDAwMCI+PGI+4oC744OH44K244Kk44Oz44O744Kr44Op44O844Gu6KaL5pys44Gv44Oa44O844K444Gu5LiA55Wq5LiK44Gr44GC44KL5ZWG5ZOB55S75YOP44Gu77yS5p6a55uu5Lul6ZmN44KS44GU6Kan44GP44Gg44GV44GE44CCPC9iPjwvZm9udD4KPGJyPjxicj48Yj48Zm9udCBjb2xvcj0iI2ZmMDAwMCI+4oC76YOo5p2Q44Gu6Kqk5beu44Gr44KI44KL5ZOB5YiH44KM44GM55m655Sf44GX44Gf5aC05ZCI44Gv44CB5YWl6I235qyh56ys44Gu6KO95L2c44O755m66YCB44Go44Gq44KL5aC05ZCI44GM44GU44GW44GE44G+44GZ44CCPGJyPgrjgZ3jga7pmpvjga/jgIHjgZTms6jmloflvozliKXpgJTjg6Hjg7zjg6vjgavjgabjgZTpgKPntaHjgZXjgZvjgabpoILjgY3jgb7jgZnjgII8YnI+44G+44Gf44CB5omL5biz44Gr44K544K/44Oz44OJ5qmf6IO9KOaKmOOCiuebru+8ieOBjOOBpOOBhOOBpuOBhOOCi+WgtOWQiOOBjOOBlOOBluOBhOOBvuOBmeOAgjxicj4K5LqI44KB44CB44GU5LqG5om/6aGY44GE44GX44G+44GZ44CCPC9mb250PjwvYj48YnI+PGJyPg==,R0FMQVhZIFM1IFNDLTA0RiBTQ0wyMyDmiYvluLPlnovjgrHjg7zjgrkgc2MwNGYg44Ku44Oj44Op44Kv44K344O8IOOCseODvOOCuSDmiYvluLPlnosg54yrKOODjeOCsyDjga3jgZMpIGNhdCDjgq3jg6Pjg4Pjg4ggc2MtMDRm44Kx44O844K5IHNjLTA0ZuOCq+ODkOODvCBzY2wyM+OCseODvOOCuSBzY2wyM+OCq+ODkOODvCBnYWxheHkg44Kx44O844K5IOOCq+ODkOODvCDjgYrjgZfjgoPjgowg44GL44KP44GE44GEIOaJi+W4s+Wei+OCueODnuODm+OCseODvOOCuSDjgrnjg57jg5vjgrHjg7zjgrkg44K544Oe44Ob44Kr44OQ44O877ya44Kx44O844K/44Kk5bGLMjTjgIDmpb3lpKnluILloLTlupc=,44K544Oe44O844OI44OV44Kp44Oz44Ki44Kv44K744K144Oq44O85pC65biv44K544OI44Op44OD44OX44K544OI44Op44OD44OX44K544Oe44Ob44Kx44O844K544K544Oe44O844OI44OV44Kp44OzIOOCseODvOOCueOCueODnuODm+ODlOOCouOCueOCpOODpOODm+ODs+OCuOODo+ODg+OCryDjgqLjgq/jgrvjgrXjg6rjg7zjgrnjg57jg7zjg4jjg5Xjgqnjg7Pjg5TjgqLjgrnjg43jg4Pjgq/jgrnjg4jjg6njg4Pjg5fjgrnjg6/jg63jg5Xjgrnjgq3jg7wg44OU44Ki44K544K544Ov44Ot44OV44K544Kt44O8IOOCueODiOODqeODg+ODl+OCueODnuODm+OCq+ODkOODvOOCueODnuODvOODiOODleOCqeODsyDjgqvjg5Djg7xHQUxBWFkgUzUgU0MtMDRGIFNDTDIzIOaJi+W4s+Wei+OCseODvOOCuSBzYzA0ZiDjgq7jg6Pjg6njgq/jgrfjg7wg44Kx44O844K5IOaJi+W4s+WeiyDnjKso44ON44KzIOOBreOBkykgY2F0IOOCreODo+ODg+ODiCBzYy0wNGbjgrHjg7zjgrkgc2MtMDRm44Kr44OQ44O8IHNjbDIz44Kx44O844K5IHNjbDIz44Kr44OQ44O8IGdhbGF4eSDjgrHjg7zjgrkg44Kr44OQ44O8IOOBiuOBl+OCg+OCjCDjgYvjgo/jgYTjgYQg5omL5biz5Z6L44K544Oe44Ob44Kx44O844K5IOOCueODnuODm+OCseODvOOCuSDjgrnjg57jg5vjgqvjg5Djg7w=,R0FMQVhZIFM1IOOCseODvOOCuSDmiYvluLPlnosg44K544Oe44Ob44Kx44O844K5IOaJi+W4s+OCseODvOOCueKYhuOAgkdBTEFYWSBTNSBTQy0wNEYgU0NMMjMg5omL5biz5Z6L44Kx44O844K5IHNjMDRmIOOCruODo+ODqeOCr+OCt+ODvCDjgrHjg7zjgrkg5omL5biz5Z6LIOeMqyjjg43jgrMg44Gt44GTKSBjYXQg44Kt44Oj44OD44OIIHNjLTA0ZuOCseODvOOCuSBzYy0wNGbjgqvjg5Djg7wgc2NsMjPjgrHjg7zjgrkgc2NsMjPjgqvjg5Djg7wgZ2FsYXh5IOOCseODvOOCuSDjgqvjg5Djg7wg44GK44GX44KD44KMIOOBi+OCj+OBhOOBhCDmiYvluLPlnovjgrnjg57jg5vjgrHjg7zjgrkg44K544Oe44Ob44Kx44O844K5IOOCueODnuODm+OCq+ODkOODvA==[rn]
10-177698,aHR0cDovL3RzaG9wLnIxMHMuanAva2ludHN1L2NhYmluZXQvcGx1cy1zL20vc2MtMDRmL3BzLXNjMDRmLTAwMTFhLmpwZz9maXRpbj03MDA6NzAw,MTYwMC4wMDAw,,44K544Oe44O844OI44OV44Kp44Oz44O744K/44OW44Os44OD44OIID4g44K544Oe44O844OI44OV44Kp44Oz44Ki44Kv44K744K144Oq44O8ID4g44K544Oe44O844OI44OV44Kp44Oz44Kx44O844K5,YXUgR0FMQVhZIFM1IFNDTDIzICDjgrHjg7zjgrkg44Kr44OQ44O8IOOCueOCq+ODq+ODj+ODg+ODiCjjgq/jg6rjgqIpIGZvciBhdSBHQUxBWFkgUzUgU0NMMjMgIOOCseODvOOCuSDjgqvjg5Djg7xbU0NMMjNd44CQ44Ku44Oj44Op44Kv44K344O8IHNjbDIzIOOCseODvOOCuSDjgqvjg5Djg7wgZ2FsYXh5IHNjbDIzIOOCseODvOOCuS/jgqvjg5Djg7wvQ0FTRS/jgrHvvI3jgrnjgJHjgJDjgrnjg57jg5vjgqvjg5Djg7wg44K544Oe44Ob44Kx44O844K544CR,MuWAi+S7peS4iuOBp+mAgeaWmeeEoeaWme+8gQ==,PGJyPjxiPuKHklBD5ZWG5ZOB44Oa44O844K444Gn6Kmz44GX44GP6KaL44KLPC9iPjxicj48YnI+44K344Or44Kv44OP44OD44OI44KS44GL44G244Gj44Gf44Kq44K344Oj44Os44Gq44K544Kr44Or44GuU0NMMjPjgq/jg6rjgqIg44Kx44O844K544CC6KOP5YG044GM6YCP44GR44Gm44GE44KL44Kv44Oq44Ki44Kx44O844K544Gq44Gu44Gn44CB44K544Oe44Ob5pys5L2T44Gu44OH44K244Kk44Oz44KC5rS744GL44GV44KM44G+44GZ4pmqPGJyPiAy5YCL5Lul5LiK44GU6LO85YWl77yIMzI0MOWGhuS7peS4iu+8ieOBp+OAgemFjemAgeaWueazleOAjOmDteS+v+WxgOOBvuOBn+OBr+ODjeOCs+ODneOCueOAjeOBp+mAgeaWmeeEoeaWmeOBq+OBquOCiuOBvuOBmeOAguOBiuaUr+aJleaWueazleOBr+OAgeS7o+W8leOBjeOBp+OCgk9L77yB5Luj5byV44GN44Gu5aC05ZCI44Gv44CM6YO15L6/5bGA44CN44Gn6YWN6YCB6Ie044GX44G+44GZ44CCPGJyPjxmb250IGNvbG9yPSIjZmYwMDAwIj7lj5fms6jnlJ/nlKPjga7jgZ/jgoHjgIHjgZTms6jmloflvozjga7lpInmm7TjgIHov5Tlk4HjgIHjgq3jg6Pjg7Pjgrvjg6vjga/jgYrlj5fku5jjgafjgY3jgb7jgZvjgpPjgII8L2ZvbnQ+PGJyPjxicj4g4oC757Sg5p2Q77ya44Kv44Oq44Ki44Kx44O844K55pys5L2T77yP44Od44Oq44Kr44O844Oc44ON44O844OI5Yqg5belKOOCr+ODquOCouOCseODvOOCuSnvvJpVVuehrOWMluWei+OCpOODs+OCr++8iOWBtOmdouOBq+ODl+ODquODs+ODiOOBr+WFpeOCiuOBvuOBm+OCk++8iTxicj7igLvljZPkuIrjg5vjg6vjg4Djg7zjga7lhYXpm7vlmajjgavjga/lr77lv5zjgZfjgabjgYrjgorjgb7jgZvjgpPjgIIo44Kx44O844K544KS6KOF552A44GX44Gf44G+44G+44Kz44ON44Kv44K/44O844Gr55u05o6l5beu44GX6L6844KT44Gn44Gu5YWF6Zu744Gv5Y+v6IO944Gn44GZ4piGKTxicj48YnI+IOKYhiDjgZ3jga7ku5bjgIFTQ0wyM+S4gOimp+OBr+OBk+OBoeOCiTxicj48YnI+PGJyPjx0YWJsZT4KPHRyPgo8dGQgYWxpZ249ImNlbnRlciI+PGZvbnQgc2l6ZT0iMyI+4pa84pa84pa844Kx44O844K56KOF552A44Kk44Oh44O844K45L6L44Gv4pa84pa84pa8PGJyPiZndDsmZ3Q7Jmd0OyZndDvimIbjgZPjgaHjgonimIYmbHQ7Jmx0OyZsdDsmbHQ7PC9mb250Pjxicj48YnI+PGltZyBzcmM9Imh0dHA6Ly9pbWFnZS5yYWt1dGVuLmNvLmpwL2tpbnRzdS9jYWJpbmV0L3BsdXMtcy9reW91dHN1L3BvaW50LWQwMi5qcGciIHdpZHRoPSIzMDAiIGJvcmRlcj0iMCIgYWx0PSIiIC8+PGJyIC8+Cjxicj4KPGJyPgo8Zm9udCBzaXplPSIzIj7jgrnjgqvjg6vjg4/jg4Pjg4go44Kv44Oq44KiKTxicj48L2ZvbnQ+PGJyIC8+CiA8aW1nIHNyYz0iaHR0cDovL2ltYWdlLnJha3V0ZW4uY28uanAva2ludHN1L2NhYmluZXQvcGx1cy1zL20vc2MtMDRmL3BzLXNjMDRmLTAwMTFhLmpwZyIgIHdpZHRoPSIzMDAiIGJvcmRlcj0iMCIgYWx0PSIiIC8+PGJyPjxicj4KPGZvbnQ+44K344Or44Kv44OP44OD44OI44KS44GL44G244Gj44Gf44Kq44K344Oj44Os44Gq44K544Kr44Or44GuU0NMMjPjgq/jg6rjgqIg44Kx44O844K544CC6KOP5YG044GM6YCP44GR44Gm44GE44KL44Kv44Oq44Ki44Kx44O844K544Gq44Gu44Gn44CB44K544Oe44Ob5pys5L2T44Gu44OH44K244Kk44Oz44KC5rS744GL44GV44KM44G+44GZ4pmqPC9mb250PjxiciAvPjxiciAvPgo8Zm9udCBzaXplPSIyIj7jgYrlpb3jgb/jga7jg4fjgrbjgqTjg7PjgpLjg5Xjg6vjgavmpb3jgZfjgoHjgovjgrHjg7zjgrnlhajpnaLjg5fjg6rjg7Pjg4jku5Xmp5jvvIHlgbTpnaLjgq/jg6rjgqLjgarjga7jgafjgIHkuIvlnLDjga7mnKzkvZPjgqvjg6njg7zjgpLmtLvjgYvjgZfjgb7jgZnimarml6XmnKzoo73jgonjgZfjgYTnvo7jgZfjgYTprq7jgoTjgYvjgarjg4fjgrbjgqTjg7PjgYzmpb3jgZfjgoHjgovlvZPlupfoh6rmhaLjga7jgqrjg6rjgrjjg4rjg6vjg5fjg6rjg7Pjg4jjgrHjg7zjgrnjgafjgZnimao8YnIgLz5tYWRlIGluIGphcGFuPC9mb250PjxiciAvPjxiciAvPgo8aW1nIHNyYz0iaHR0cDovL2ltYWdlLnJha3V0ZW4uY28uanAva2ludHN1L2NhYmluZXQvcGx1cy1zL2t5b3V0c3UvZmlsbV9wcmU2LmpwZyIgd2lkdGg9IjMwMCIgYm9yZGVyPSIwIiBhbHQ9IiIgLz48L3RkPgo8L3RyPgo8dHI+Cjx0ZCBhbGlnbj0icmlnaHQiPjxiciAvPjxiPjxmb250IHNpemU9IjMiPiZndDsmZ3Q75LuW44CBU0NMMjPkuIDopqfjga/jgZPjgaHjgok8L2ZvbnQ+PC9iPjxiciAvPjxiciAvPgo8L3RkPgo8L3RyPgo8L3RhYmxlPg==,YXUgR0FMQVhZIFM1IFNDTDIzICDjgrHjg7zjgrkg44Kr44OQ44O8IOOCueOCq+ODq+ODj+ODg+ODiCjjgq/jg6rjgqIpIGZvciBhdSBHQUxBWFkgUzUgU0NMMjMgIOOCseODvOOCuSDjgqvjg5Djg7xbU0NMMjNd44CQ44Ku44Oj44Op44Kv44K344O8IHNjbDIzIOOCseODvOOCuSDjgqvjg5Djg7wgZ2FsYXh5IHNjbDIzIOOCseODvOOCuS/jgqvjg5Djg7wvQ0FTRS/jgrEmbWludXM744K544CR44CQ44K544Oe44Ob44Kr44OQ44O8IOOCueODnuODm+OCseODvOOCueOAke+8muOCseODvOOCv+OCpOWxizI044CA5qW95aSp5biC5aC05bqX,44K544Oe44O844OI44OV44Kp44Oz44Ki44Kv44K744K144Oq44O85pC65biv44K544OI44Op44OD44OX44K544OI44Op44OD44OX44K544Oe44Ob44Kx44O844K544K544Oe44O844OI44OV44Kp44OzIOOCseODvOOCueOCueODnuODm+ODlOOCouOCueOCpOODpOODm+ODs+OCuOODo+ODg+OCryDjgqLjgq/jgrvjgrXjg6rjg7zjgrnjg57jg7zjg4jjg5Xjgqnjg7Pjg5TjgqLjgrnjg43jg4Pjgq/jgrnjg4jjg6njg4Pjg5fjgrnjg6/jg63jg5Xjgrnjgq3jg7wg44OU44Ki44K544K544Ov44Ot44OV44K544Kt44O8IOOCueODiOODqeODg+ODl+OCueODnuODm+OCq+ODkOODvOOCueODnuODvOODiOODleOCqeODsyDjgqvjg5Djg7xhdSBHQUxBWFkgUzUgU0NMMjMgIOOCseODvOOCuSDjgqvjg5Djg7wg44K544Kr44Or44OP44OD44OIKOOCr+ODquOCoikgZm9yIGF1IEdBTEFYWSBTNSBTQ0wyMyAg44Kx44O844K5IOOCq+ODkOODvFtTQ0wyM13jgJDjgq7jg6Pjg6njgq/jgrfjg7wgc2NsMjMg44Kx44O844K5IOOCq+ODkOODvCBnYWxheHkgc2NsMjMg44Kx44O844K5L+OCq+ODkOODvC9DQVNFL+OCsSZtaW51czvjgrnjgJHjgJDjgrnjg57jg5vjgqvjg5Djg7wg44K544Oe44Ob44Kx44O844K544CR,MuWAi+S7peS4iuOBp+mAgeaWmeeEoeaWme+8geOAgmF1IEdBTEFYWSBTNSBTQ0wyMyAg44Kx44O844K5IOOCq+ODkOODvCDjgrnjgqvjg6vjg4/jg4Pjg4go44Kv44Oq44KiKSBmb3IgYXUgR0FMQVhZIFM1IFNDTDIzICDjgrHjg7zjgrkg44Kr44OQ44O8W1NDTDIzXeOAkOOCruODo+ODqeOCr+OCt+ODvCBzY2wyMyDjgrHjg7zjgrkg44Kr44OQ44O8IGdhbGF4eSBzY2wyMyDjgrHjg7zjgrkv44Kr44OQ44O8L0NBU0Uv44KxJm1pbnVzO+OCueOAkeOAkOOCueODnuODm+OCq+ODkOODvCDjgrnjg57jg5vjgrHjg7zjgrnjgJE=[rn]
10-177699,aHR0cDovL3RzaG9wLnIxMHMuanAva2ludHN1L2NhYmluZXQvcGx1cy1zL20vc2MtMDRmL3BzLXNjMDRmLTAxOTNhLmpwZz9maXRpbj03MDA6NzAw,MTYwMC4wMDAw,,44K544Oe44O844OI44OV44Kp44Oz44O744K/44OW44Os44OD44OIID4g44K544Oe44O844OI44OV44Kp44Oz44Ki44Kv44K744K144Oq44O8ID4g44K544Oe44O844OI44OV44Kp44Oz44Kx44O844K5,YXUgR0FMQVhZIFM1IFNDTDIzICDjgrHjg7zjgrkg44Kr44OQ44O8IOmYsuW8vuOCseODvOOCueKApuOBp+OBr+OBquOBhOOAgOOCq+ODqeODvCBmb3IgYXUgR0FMQVhZIFM1IFNDTDIzICDjgrHjg7zjgrkg44Kr44OQ44O8W1NDTDIzXeOAkOOCruODo+ODqeOCr+OCt+ODvCBzY2wyMyDjgrHjg7zjgrkg44Kr44OQ44O8IGdhbGF4eSBzY2wyMyDjgrHjg7zjgrkv44Kr44OQ44O8L0NBU0Uv44Kx77yN44K544CR44CQ44K544Oe44Ob44Kr44OQ44O8IOOCueODnuODm+OCseODvOOCueOAkQ==,MuWAi+S7peS4iuOBp+mAgeaWmeeEoeaWme+8gQ==,PGJyPjxiPuKHklBD5ZWG5ZOB44Oa44O844K444Gn6Kmz44GX44GP6KaL44KLPC9iPjxicj48YnI+44Om44OL44O844Kv44Gq44OR44Ot44OH44Kj44Gu44OH44K244Kk44Oz44CC5a2Q5L6b44Gr44Km44Kx44KLIFNDTDIzIOOCr+ODquOCoiDjgrHjg7zjgrnjgII8YnI+IDLlgIvku6XkuIrjgZTos7zlhaXvvIgzMjQw5YaG5Lul5LiK77yJ44Gn44CB6YWN6YCB5pa55rOV44CM6YO15L6/5bGA44G+44Gf44Gv44ON44Kz44Od44K544CN44Gn6YCB5paZ54Sh5paZ44Gr44Gq44KK44G+44GZ44CC44GK5pSv5omV5pa55rOV44Gv44CB5Luj5byV44GN44Gn44KCT0vvvIHku6PlvJXjgY3jga7loLTlkIjjga/jgIzpg7Xkvr/lsYDjgI3jgafphY3pgIHoh7TjgZfjgb7jgZnjgII8YnI+PGZvbnQgY29sb3I9IiNmZjAwMDAiPuWPl+azqOeUn+eUo+OBruOBn+OCgeOAgeOBlOazqOaWh+W+jOOBruWkieabtOOAgei/lOWTgeOAgeOCreODo+ODs+OCu+ODq+OBr+OBiuWPl+S7mOOBp+OBjeOBvuOBm+OCk+OAgjwvZm9udD48YnI+PGJyPiDigLvntKDmnZDvvJrjgq/jg6rjgqLjgrHjg7zjgrnmnKzkvZPvvI/jg53jg6rjgqvjg7zjg5zjg43jg7zjg4jliqDlt6Uo44Kv44Oq44Ki44Kx44O844K5Ke+8mlVW56Gs5YyW5Z6L44Kk44Oz44Kv77yI5YG06Z2i44Gr44OX44Oq44Oz44OI44Gv5YWl44KK44G+44Gb44KT77yJPGJyPuKAu+WNk+S4iuODm+ODq+ODgOODvOOBruWFhembu+WZqOOBq+OBr+WvvuW/nOOBl+OBpuOBiuOCiuOBvuOBm+OCk+OAgijjgrHjg7zjgrnjgpLoo4XnnYDjgZfjgZ/jgb7jgb7jgrPjg43jgq/jgr/jg7zjgavnm7TmjqXlt67jgZfovrzjgpPjgafjga7lhYXpm7vjga/lj6/og73jgafjgZnimIYpPGJyPjxicj4g4piGIOOBneOBruS7luOAgVNDTDIz5LiA6Kan44Gv44GT44Gh44KJPGJyPjxicj48YnI+PHRhYmxlPgo8dHI+Cjx0ZCBhbGlnbj0iY2VudGVyIj48Zm9udCBzaXplPSIzIj7ilrzilrzilrzjgrHjg7zjgrnoo4XnnYDjgqTjg6Hjg7zjgrjkvovjga/ilrzilrzilrw8YnI+Jmd0OyZndDsmZ3Q7Jmd0O+KYhuOBk+OBoeOCieKYhiZsdDsmbHQ7Jmx0OyZsdDs8L2ZvbnQ+PGJyPjxicj48aW1nIHNyYz0iaHR0cDovL2ltYWdlLnJha3V0ZW4uY28uanAva2ludHN1L2NhYmluZXQvcGx1cy1zL2t5b3V0c3UvZnVsbHRleDAyLmpwZyIgd2lkdGg9IjMwMCIgYm9yZGVyPSIwIiBhbHQ9IiIgLz48YnIgLz4KPGJyPgo8YnI+Cjxmb250IHNpemU9IjMiPumYsuW8vuOCseODvOOCueKApuOBp+OBr+OBquOBhOOAgOOCq+ODqeODvDxicj48L2ZvbnQ+PGJyIC8+CiA8aW1nIHNyYz0iaHR0cDovL2ltYWdlLnJha3V0ZW4uY28uanAva2ludHN1L2NhYmluZXQvcGx1cy1zL20vc2MtMDRmL3BzLXNjMDRmLTAxOTNhLmpwZyIgd2lkdGg9IjMwMCIgYm9yZGVyPSIwIiBhbHQ9IiIgLz48YnI+PGJyPgo8Zm9udD7jg6bjg4vjg7zjgq/jgarjg5Hjg63jg4fjgqPjga7jg4fjgrbjgqTjg7PjgILlrZDkvpvjgavjgqbjgrHjgosgU0NMMjMg44Kv44Oq44KiIOOCseODvOOCueOAgjwvZm9udD48YnIgLz48YnIgLz4KPGZvbnQgc2l6ZT0iMiI+44GK5aW944G/44Gu44OH44K244Kk44Oz44KS44OV44Or44Gr5qW944GX44KB44KL44Kx44O844K55YWo6Z2i44OX44Oq44Oz44OI5LuV5qeY77yB5YG06Z2i44Kv44Oq44Ki44Gq44Gu44Gn44CB5LiL5Zyw44Gu5pys5L2T44Kr44Op44O844KS5rS744GL44GX44G+44GZ4pmq5pel5pys6KO944KJ44GX44GE576O44GX44GE6a6u44KE44GL44Gq44OH44K244Kk44Oz44GM5qW944GX44KB44KL5b2T5bqX6Ieq5oWi44Gu44Kq44Oq44K444OK44Or44OX44Oq44Oz44OI44Kx44O844K544Gn44GZ4pmqPGJyIC8+bWFkZSBpbiBqYXBhbjwvZm9udD48YnIgLz48YnIgLz4KPGltZyBzcmM9Imh0dHA6Ly9pbWFnZS5yYWt1dGVuLmNvLmpwL2tpbnRzdS9jYWJpbmV0L3BsdXMtcy9reW91dHN1L2ZpbG1fcHJlNi5qcGciIHdpZHRoPSIzMDAiIGJvcmRlcj0iMCIgYWx0PSIiIC8+PC90ZD4KPC90cj4KPHRyPgo8dGQgYWxpZ249InJpZ2h0Ij48YnIgLz48Yj48Zm9udCBzaXplPSIzIj4mZ3Q7Jmd0O+S7luOAgVNDTDIz5LiA6Kan44Gv44GT44Gh44KJPC9mb250PjwvYj48YnIgLz48YnIgLz4KPC90ZD4KPC90cj4KPC90YWJsZT4=,YXUgR0FMQVhZIFM1IFNDTDIzICDjgrHjg7zjgrkg44Kr44OQ44O8IOmYsuW8vuOCseODvOOCuSZoZWxsaXA744Gn44Gv44Gq44GE44CA44Kr44Op44O8IGZvciBhdSBHQUxBWFkgUzUgU0NMMjMgIOOCseODvOOCuSDjgqvjg5Djg7xbU0NMMjNd44CQ44Ku44Oj44Op44Kv44K344O8IHNjbDIzIOOCseODvOOCuSDjgqvjg5Djg7wgZ2FsYXh5IHNjbDIzIOOCseODvOOCuS/jgqvjg5Djg7wvQ0FTRS/jgrEmbWludXM744K544CR44CQ44K544Oe44Ob44Kr44OQ44O8IOOCueODnuODm+OCseODvOOCueOAke+8muOCseODvOOCv+OCpOWxizI044CA5qW95aSp5biC5aC05bqX,44K544Oe44O844OI44OV44Kp44Oz44Ki44Kv44K744K144Oq44O85pC65biv44K544OI44Op44OD44OX44K544OI44Op44OD44OX44K544Oe44Ob44Kx44O844K544K544Oe44O844OI44OV44Kp44OzIOOCseODvOOCueOCueODnuODm+ODlOOCouOCueOCpOODpOODm+ODs+OCuOODo+ODg+OCryDjgqLjgq/jgrvjgrXjg6rjg7zjgrnjg57jg7zjg4jjg5Xjgqnjg7Pjg5TjgqLjgrnjg43jg4Pjgq/jgrnjg4jjg6njg4Pjg5fjgrnjg6/jg63jg5Xjgrnjgq3jg7wg44OU44Ki44K544K544Ov44Ot44OV44K544Kt44O8IOOCueODiOODqeODg+ODl+OCueODnuODm+OCq+ODkOODvOOCueODnuODvOODiOODleOCqeODsyDjgqvjg5Djg7xhdSBHQUxBWFkgUzUgU0NMMjMgIOOCseODvOOCuSDjgqvjg5Djg7wg6Ziy5by+44Kx44O844K5JmhlbGxpcDvjgafjga/jgarjgYTjgIDjgqvjg6njg7wgZm9yIGF1IEdBTEFYWSBTNSBTQ0wyMyAg44Kx44O844K5IOOCq+ODkOODvFtTQ0wyM13jgJDjgq7jg6Pjg6njgq/jgrfjg7wgc2NsMjMg44Kx44O844K5IOOCq+ODkOODvCBnYWxheHkgc2NsMjMg44Kx44O844K5L+OCq+ODkOODvC9DQVNFL+OCsSZtaW51czvjgrnjgJHjgJDjgrnjg57jg5vjgqvjg5Djg7wg44K544Oe44Ob44Kx44O844K544CR,MuWAi+S7peS4iuOBp+mAgeaWmeeEoeaWme+8geOAgmF1IEdBTEFYWSBTNSBTQ0wyMyAg44Kx44O844K5IOOCq+ODkOODvCDpmLLlvL7jgrHjg7zjgrkmaGVsbGlwO+OBp+OBr+OBquOBhOOAgOOCq+ODqeODvCBmb3IgYXUgR0FMQVhZIFM1IFNDTDIzICDjgrHjg7zjgrkg44Kr44OQ44O8W1NDTDIzXeOAkOOCruODo+ODqeOCr+OCt+ODvCBzY2wyMyDjgrHjg7zjgrkg44Kr44OQ44O8IGdhbGF4eSBzY2wyMyDjgrHjg7zjgrkv44Kr44OQ44O8L0NBU0Uv44KxJm1pbnVzO+OCueOAkeOAkOOCueODnuODm+OCq+ODkOODvCDjgrnjg57jg5vjgrHjg7zjgrnjgJE=[rn]
10-177700,aHR0cDovL3RzaG9wLnIxMHMuanAva2ludHN1L2NhYmluZXQvcGx1cy1zL20vc2MtMDRmL3BzLXNjMDRmLTAwOTRhLmpwZz9maXRpbj03MDA6NzAw,MTYwMC4wMDAw,,44K544Oe44O844OI44OV44Kp44Oz44O744K/44OW44Os44OD44OIID4g44K544Oe44O844OI44OV44Kp44Oz44Ki44Kv44K744K144Oq44O8ID4g44K544Oe44O844OI44OV44Kp44Oz44Kx44O844K5,YXUgR0FMQVhZIFM1IFNDTDIzICDjgrHjg7zjgrkg44Kr44OQ44O8IOODleODq+ODleODqeODr+ODvCBmb3IgYXUgR0FMQVhZIFM1IFNDTDIzICDjgrHjg7zjgrkg44Kr44OQ44O8W1NDTDIzXeOAkOOCruODo+ODqeOCr+OCt+ODvCBzY2wyMyDjgrHjg7zjgrkg44Kr44OQ44O8IGdhbGF4eSBzY2wyMyDjgrHjg7zjgrkv44Kr44OQ44O8L0NBU0Uv44Kx77yN44K544CR44CQ44K544Oe44Ob44Kr44OQ44O8IOOCueODnuODm+OCseODvOOCueOAkQ==,MuWAi+S7peS4iuOBp+mAgeaWmeeEoeaWme+8gQ==,PGJyPjxiPuKHklBD5ZWG5ZOB44Oa44O844K444Gn6Kmz44GX44GP6KaL44KLPC9iPjxicj48YnI+5Y+v5oSb44GE44OV44Op44Ov44O844GM44Gf44GP44GV44KT4pmqIFNDTDIz44Kv44Oq44KiIOOCseODvOOCueOAgjxicj4gMuWAi+S7peS4iuOBlOizvOWFpe+8iDMyNDDlhobku6XkuIrvvInjgafjgIHphY3pgIHmlrnms5XjgIzpg7Xkvr/lsYDjgb7jgZ/jga/jg43jgrPjg53jgrnjgI3jgafpgIHmlpnnhKHmlpnjgavjgarjgorjgb7jgZnjgILjgYrmlK/miZXmlrnms5Xjga/jgIHku6PlvJXjgY3jgafjgoJPS++8geS7o+W8leOBjeOBruWgtOWQiOOBr+OAjOmDteS+v+WxgOOAjeOBp+mFjemAgeiHtOOBl+OBvuOBmeOAgjxicj48Zm9udCBjb2xvcj0iI2ZmMDAwMCI+5Y+X5rOo55Sf55Sj44Gu44Gf44KB44CB44GU5rOo5paH5b6M44Gu5aSJ5pu044CB6L+U5ZOB44CB44Kt44Oj44Oz44K744Or44Gv44GK5Y+X5LuY44Gn44GN44G+44Gb44KT44CCPC9mb250Pjxicj48YnI+IOKAu+e0oOadkO+8muOCr+ODquOCouOCseODvOOCueacrOS9k++8j+ODneODquOCq+ODvOODnOODjeODvOODiOWKoOW3pSjjgq/jg6rjgqLjgrHjg7zjgrkp77yaVVbnoazljJblnovjgqTjg7Pjgq/vvIjlgbTpnaLjgavjg5fjg6rjg7Pjg4jjga/lhaXjgorjgb7jgZvjgpPvvIk8YnI+4oC75Y2T5LiK44Ob44Or44OA44O844Gu5YWF6Zu75Zmo44Gr44Gv5a++5b+c44GX44Gm44GK44KK44G+44Gb44KT44CCKOOCseODvOOCueOCkuijheedgOOBl+OBn+OBvuOBvuOCs+ODjeOCr+OCv+ODvOOBq+ebtOaOpeW3ruOBl+i+vOOCk+OBp+OBruWFhembu+OBr+WPr+iDveOBp+OBmeKYhik8YnI+PGJyPiDimIYg44Gd44Gu5LuW44CBU0NMMjPkuIDopqfjga/jgZPjgaHjgok8YnI+PGJyPjxicj48dGFibGU+Cjx0cj4KPHRkIGFsaWduPSJjZW50ZXIiPjxmb250IHNpemU9IjMiPuKWvOKWvOKWvOOCseODvOOCueijheedgOOCpOODoeODvOOCuOS+i+OBr+KWvOKWvOKWvDxicj4mZ3Q7Jmd0OyZndDsmZ3Q74piG44GT44Gh44KJ4piGJmx0OyZsdDsmbHQ7Jmx0OzwvZm9udD48YnI+PGJyPjxpbWcgc3JjPSJodHRwOi8vaW1hZ2UucmFrdXRlbi5jby5qcC9raW50c3UvY2FiaW5ldC9wbHVzLXMva3lvdXRzdS9mdWxsdGV4MDIuanBnIiB3aWR0aD0iMzAwIiBib3JkZXI9IjAiIGFsdD0iIiAvPjxiciAvPgo8YnI+Cjxicj4KPGZvbnQgc2l6ZT0iMyI+44OV44Or44OV44Op44Ov44O8PGJyPjwvZm9udD48YnIgLz4KIDxpbWcgc3JjPSJodHRwOi8vaW1hZ2UucmFrdXRlbi5jby5qcC9raW50c3UvY2FiaW5ldC9wbHVzLXMvbS9zYy0wNGYvcHMtc2MwNGYtMDA5NGEuanBnIiAgd2lkdGg9IjMwMCIgYm9yZGVyPSIwIiBhbHQ9IiIgLz48YnI+PGJyPgo8Zm9udD7lj6/mhJvjgYTjg5Xjg6njg6/jg7zjgYzjgZ/jgY/jgZXjgpPimaogU0NMMjPjgq/jg6rjgqIg44Kx44O844K544CCPC9mb250PjxiciAvPjxiciAvPgo8Zm9udCBzaXplPSIyIj7jgYrlpb3jgb/jga7jg4fjgrbjgqTjg7PjgpLjg5Xjg6vjgavmpb3jgZfjgoHjgovjgrHjg7zjgrnlhajpnaLjg5fjg6rjg7Pjg4jku5Xmp5jvvIHlgbTpnaLjgq/jg6rjgqLjgarjga7jgafjgIHkuIvlnLDjga7mnKzkvZPjgqvjg6njg7zjgpLmtLvjgYvjgZfjgb7jgZnimarml6XmnKzoo73jgonjgZfjgYTnvo7jgZfjgYTprq7jgoTjgYvjgarjg4fjgrbjgqTjg7PjgYzmpb3jgZfjgoHjgovlvZPlupfoh6rmhaLjga7jgqrjg6rjgrjjg4rjg6vjg5fjg6rjg7Pjg4jjgrHjg7zjgrnjgafjgZnimao8YnIgLz5tYWRlIGluIGphcGFuPC9mb250PjxiciAvPjxiciAvPgo8aW1nIHNyYz0iaHR0cDovL2ltYWdlLnJha3V0ZW4uY28uanAva2ludHN1L2NhYmluZXQvcGx1cy1zL2t5b3V0c3UvZmlsbV9wcmU2LmpwZyIgd2lkdGg9IjMwMCIgYm9yZGVyPSIwIiBhbHQ9IiIgLz48L3RkPgo8L3RyPgo8dHI+Cjx0ZCBhbGlnbj0icmlnaHQiPjxiciAvPjxiPjxmb250IHNpemU9IjMiPiZndDsmZ3Q75LuW44CBU0NMMjPkuIDopqfjga/jgZPjgaHjgok8L2ZvbnQ+PC9iPjxiciAvPjxiciAvPgo8L3RkPgo8L3RyPgo8L3RhYmxlPg==,YXUgR0FMQVhZIFM1IFNDTDIzICDjgrHjg7zjgrkg44Kr44OQ44O8IOODleODq+ODleODqeODr+ODvCBmb3IgYXUgR0FMQVhZIFM1IFNDTDIzICDjgrHjg7zjgrkg44Kr44OQ44O8W1NDTDIzXeOAkOOCruODo+ODqeOCr+OCt+ODvCBzY2wyMyDjgrHjg7zjgrkg44Kr44OQ44O8IGdhbGF4eSBzY2wyMyDjgrHjg7zjgrkv44Kr44OQ44O8L0NBU0Uv44KxJm1pbnVzO+OCueOAkeOAkOOCueODnuODm+OCq+ODkOODvCDjgrnjg57jg5vjgrHjg7zjgrnjgJHvvJrjgrHjg7zjgr/jgqTlsYsyNOOAgOalveWkqeW4guWgtOW6lw==,44K544Oe44O844OI44OV44Kp44Oz44Ki44Kv44K744K144Oq44O85pC65biv44K544OI44Op44OD44OX44K544OI44Op44OD44OX44K544Oe44Ob44Kx44O844K544K544Oe44O844OI44OV44Kp44OzIOOCseODvOOCueOCueODnuODm+ODlOOCouOCueOCpOODpOODm+ODs+OCuOODo+ODg+OCryDjgqLjgq/jgrvjgrXjg6rjg7zjgrnjg57jg7zjg4jjg5Xjgqnjg7Pjg5TjgqLjgrnjg43jg4Pjgq/jgrnjg4jjg6njg4Pjg5fjgrnjg6/jg63jg5Xjgrnjgq3jg7wg44OU44Ki44K544K544Ov44Ot44OV44K544Kt44O8IOOCueODiOODqeODg+ODl+OCueODnuODm+OCq+ODkOODvOOCueODnuODvOODiOODleOCqeODsyDjgqvjg5Djg7xhdSBHQUxBWFkgUzUgU0NMMjMgIOOCseODvOOCuSDjgqvjg5Djg7wg44OV44Or44OV44Op44Ov44O8IGZvciBhdSBHQUxBWFkgUzUgU0NMMjMgIOOCseODvOOCuSDjgqvjg5Djg7xbU0NMMjNd44CQ44Ku44Oj44Op44Kv44K344O8IHNjbDIzIOOCseODvOOCuSDjgqvjg5Djg7wgZ2FsYXh5IHNjbDIzIOOCseODvOOCuS/jgqvjg5Djg7wvQ0FTRS/jgrEmbWludXM744K544CR44CQ44K544Oe44Ob44Kr44OQ44O8IOOCueODnuODm+OCseODvOOCueOAkQ==,MuWAi+S7peS4iuOBp+mAgeaWmeeEoeaWme+8geOAgmF1IEdBTEFYWSBTNSBTQ0wyMyAg44Kx44O844K5IOOCq+ODkOODvCDjg5Xjg6vjg5Xjg6njg6/jg7wgZm9yIGF1IEdBTEFYWSBTNSBTQ0wyMyAg44Kx44O844K5IOOCq+ODkOODvFtTQ0wyM13jgJDjgq7jg6Pjg6njgq/jgrfjg7wgc2NsMjMg44Kx44O844K5IOOCq+ODkOODvCBnYWxheHkgc2NsMjMg44Kx44O844K5L+OCq+ODkOODvC9DQVNFL+OCsSZtaW51czvjgrnjgJHjgJDjgrnjg57jg5vjgqvjg5Djg7wg44K544Oe44Ob44Kx44O844K544CR[rn]
