18-38201,aHR0cDovL3RzaG9wLnIxMHMuanAvYWtpYmFtYWMvY2FiaW5ldC8wMTc5NjY0Mi80OTc1NzY5MzMwMjU0LmpwZz9maXRpbj03MDA6NzAw,NDg5LjYwMDA=,,VFbjg7vjgqrjg7zjg4fjgqPjgqrjg7vjgqvjg6Hjg6kgPiDjgqrjg7zjg4fjgqPjgqogPiDjg5jjg4Pjg4njg5vjg7Pjg7vjgqTjg6Tjg5vjg7M=,VmljdG9yL+ODk+OCr+OCv+ODvCDjgqLjg7zjg6Djg6zjgrnjg5jjg4Pjg4njg5vjg7MgQmXvvIEo44Ko44Oh44Op44Or44OJ44Kw44Oq44O844OzKSBIUC1BTDEwMg==,,44GN44KJ44KB44GP44K444Ol44Ko44Oq44O844Kr44Op44O844KS5aSa5b2p44Gr44Op44Kk44Oz44OK44OD44OX77yB44K544Oq44Og44Gq44Kz44Oz44OR44Kv44OI44Oc44OH44Kj44GuTmV3IEJl77yB44Gn44GZ44CC4peG44CA44Ki44Kv44K744K144Oq44O85oSf6Kaa44Gu44K544K/44Kk44Oq44OD44K344Ol44Gq44OH44K244Kk44Oz44Go44CB6YG444G544KLMTHjgqvjg6njg7zjg5Djg6rjgqjjg7zjgrfjg6fjg7PlhYnjgpLlj5fjgZHjgabjgrjjg6Xjgqjjg6rjg7zjga7jgojjgYbjgavjgY3jgonjgoHjgY/jgqLjgq/jgrvjgrXjg6rjg7zmhJ/opprjga7jg4fjgrbjgqTjg7PjgajjgIHlpJrlvanjgaoxMeOCq+ODqeODvOODkOODquOCqOODvOOCt+ODp+ODs+OBq+OCiOOCiuOAgeWlveOBv+OBq+WQiOOCj+OBm+OBpuOCouOCpuODiOODieOCouODquOCueODi+ODs+OCsOOCt+ODvOODs+OCkuOCueOCv+OCpOODquODg+OCt+ODpeOBq+a8lOWHuuOBl+OBvuOBmeOAguKXhuOAgOODh+OCuOOCv+ODq+OCteOCpuODs+ODieOCkumrmOmfs+izquWGjeeUn+mrmOejgeWKm+ODjeOCquOCuOOCpuODoOODieODqeOCpOODkOODvOODpuODi+ODg+ODiOaOoeeUqOOBq+OCiOOCiuOAgeODh+OCuOOCv+ODq+OCquODvOODh+OCo+OCquODl+ODrOODvOODpOODvOOBquOBqeOCkumrmOmfs+izquOBp+alveOBl+OCgeOBvuOBmeOAguKXhuOAgOW/q+mBqeODleOCo+ODg+ODiOOAgeewoeWNmOijheedgO+8huS9v+OBhOOChOOBmeOBhDAuOG3jgrPjg7zjg4njgrPjg7Pjg5Hjgq/jg4jou73ph4/jg5zjg4fjgqPjgajmlrDlvaLnirbjgqTjg6Tjg7zjg5Xjg4Pjgq/jgavjgojjgorjgIHogLPjgavjgZfjgaPjgYvjgorvvIbjgoTjgZXjgZfjgY/jg5XjgqPjg4Pjg4jjgILniYfmiYvjgafnsKHljZjjgavoo4XnnYDjgafjgY3jgovplovplonlvI/jga7igJzjgrnjg4jjg4Pjg5fjgqLjgq/jgrfjg6fjg7PjgqTjg6Tjg7zjg5Xjg4Pjgq/igJ3jgILjg4fjgrjjgr/jg6vjgqrjg7zjg4fjgqPjgqrjg5fjg6zjg7zjg6Tjg7zjgarjganjgajjga7mjqXntprjgavkvr/liKnjgaowLjht44Kz44O844OJ44Gq44Gp5L2/44GE44KE44GZ44GP44Gq44Gj44Gm44GK44KK44G+44GZ44CC,VmljdG9yL+ODk+OCr+OCv+ODvCDjgqLjg7zjg6Djg6zjgrnjg5jjg4Pjg4njg5vjg7MgQmXvvIEo44Ko44Oh44Op44Or44OJ44Kw44Oq44O844OzKSBIUC1BTDEwMu+8muOCveODleODnuODg+ODl+OAgOODh+OCuOOCv+ODq+OCs+ODrOOCr+OCt+ODp+ODsw==,44K944OV44Oe44OD44OXIOODh+OCuOOCv+ODq+OCs+ODrOOCr+OCt+ODp+ODs1NvZm1hcCBEaWdpdGFsIENvbGxlY3Rpb27jg5Hjgr3jgrPjg7Pjgr/jg5bjg6zjg4Pjg4hQQ0hEROOCouOCu+ODs+ODluODquODkeODvOODhOODkeOCveOCs+ODs+ODkeODvOODhOODhuODrOODk+OCsuODvOODoOODluODq+ODvOODrOOCpOOCveODleODiERWROOCveODleODiOa2suaZtuODhuODrOODk+ODluODq+ODvOODrOOCpOODh+OCo+OCueOCr+ODrOOCs+ODvOODgOODvOODh+OCuOOCv+ODq+S4gOecvOODrOODleOCq+ODoeODqeODh+OCuOOCv+ODq+OCq+ODoeODqeWutumbu+aZguioiOS4reWPpOOAgOOCveODleODiOOCouOCpuODiOODrOODg+ODiOS4reWPpOODjuODvOODiOODkeOCveOCs+ODs+S4reWPpOODkeOCveOCs+ODs1ZpY3Rvci/jg5Pjgq/jgr/jg7wg44Ki44O844Og44Os44K544OY44OD44OJ44Ob44OzIEJl77yBKOOCqOODoeODqeODq+ODieOCsOODquODvOODsykgSFAtQUwxMDI=,VmljdG9yL+ODk+OCr+OCv+ODvCDjgqLjg7zjg6Djg6zjgrnjg5jjg4Pjg4njg5vjg7MgQmXvvIEo44Ko44Oh44Op44Or44OJ44Kw44Oq44O844OzKSBIUC1BTDEwMg==[rn]
18-38202,aHR0cDovL3RzaG9wLnIxMHMuanAvYWtpYmFtYWMvY2FiaW5ldC8wNTI4NjY5My80NTQ4NzM2MDQ4MjU2LmpwZz9maXRpbj03MDA6NzAw,MjUzNi4wMDAw,,VFbjg7vjgqrjg7zjg4fjgqPjgqrjg7vjgqvjg6Hjg6kgPiDjgqrjg7zjg4fjgqPjgqogPiDjg5jjg4Pjg4njg5vjg7Pjg7vjgqTjg6Tjg5vjg7M=,44K944OL44O8IOiAs+OBi+OBkeOCq+ODiuODq+Wei+OCpOODpOODm+ODs++8u+mYsua7tOS7leanmO+8ve+8iOODm+ODr+OCpOODiO+8iSBNRFItQVM0MTBBUFdRIChNRFJBUzQxMEFQV1Ep,,4pag6auY5oSf5bqmOW1t44OJ44Op44Kk44OQ44O844Om44OL44OD44OIIDxicj7lsI/lnovjgarjgYzjgonjgIHpq5jmhJ/luqbjg7vpq5jpn7Pos6rljJbjgpLlrp/nj77jgZfjgb7jgZfjgZ/jgILjgZXjgonjgavjgIHpn7Pjga7op6Plg4/luqbjgpLpq5jjgoHjgIHjgq/jg6rjgqLjgarkuK3pq5jpn7Pjgajph43ljprjgafjg5Hjg6/jg5Xjg6vjgarkvY7pn7PjgpLlho3nlJ/jgZnjgos0MDBrSi9tM+mrmOejgeWKm+ODjeOCquOCuOOCpuODoOODnuOCsOODjeODg+ODiOOCkuaQrei8ieOAgumBi+WLleS4reOBp+OCguODkOODqeODs+OCueOBq+WEquOCjOOBn+mrmOmfs+izquOBp+mfs+alveOCkualveOBl+OCgeOBvuOBmeOAgiA8YnI+4pag44K144Kk44K644Gu6Kq/5pW044GM5Y+v6IO944Gn44GV44G+44GW44G+44Gq6ICz44Gu5b2i44Gr44OV44Kj44OD44OI44GZ44KL44Ki44K444Oj44K544K/44OW44Or44Kk44Ok44O844Or44O844OX5qmf5qeLIDxicj7lsI/lnovjg7vou73ph4/jgafpgYvli5XkuK3jgafjgoLjga/jgZrjgozjgavjgY/jgYTjgqLjgrjjg6Pjgrnjgr/jg5bjg6vjgqTjg6Tjg7zjg6vjg7zjg5fmqZ/mp4vjgpLmjqHnlKjjgILogLPjgavlhKrjgZfjgY/jg5XjgqPjg4Pjg4jjgZfjgablronlrprjgZfjgZ/oo4XnnYDmgKfjgpLlrp/nj77jgZfjgb7jgZnjgIIgPGJyPuKWoOaxl+OChOawtOOBl+OBtuOBjeOBq+W8t+OBhOmYsua7tOS7leanmO+8iO+8iu+8iSA8YnI+5rGX44KE5rC044GX44G244GN44CB5oCl44Gq6Zuo44Gq44Gp44GL44KJ44OY44OD44OJ44Ob44Oz44KS5a6I44KL6Ziy5ru05LuV5qeY44CC6YGL5YuV5Lit44Gu5rGX44Gq44Gp44KC5rCX44Gr44Gb44Ga44Gr5L2/55So44Gn44GN44G+44GZ44CCIDxicj7vvIog6ZW35pmC6ZaT44CB5rC05Lit44Gr5rW444GV44Gq44GE44Gn44GP44Gg44GV44GE44CC44GK6aKo5ZGC44KE44K144Km44OK44CB44OX44O844Or44Gq44Gp44Gn44Gv5L2/44KP44Gq44GE44Gn44GP44Gg44GV44GE44CC5rW35rC044Gr44GC44Gm44Gq44GE44Gn44GP44Gg44GV44GE44CC5Yui44GE44KI44GP5rC044Gn5rSX44Gj44Gf44KK44CB44K544Od44Oz44K444CB5rSX5Ymk44Gq44Gp44Gv5L2/44KP44Ga44CB5omL5rSX44GE44Gr44KI44KL44GZ44GZ44GO5rSX44GE44KS44GX44Gm44GP44Gg44GV44GEIDxicj7ilqDjg6rjg6LjgrPjg7Pjgafjgrnjg57jg7zjg4jjg5Xjgqnjg7Pjga7mk43kvZzjgYzlj6/og70gPGJyPuOCueODnuODvOODiOODleOCqeODs+OBp+ODj+ODs+OCuuODleODquODvOmAmuipseOChOODquODouOCs+ODs+OBp+OBrumfs+alveaTjeS9nOOBjOWPr+iDvSA8YnI+44Oq44Oi44Kz44Oz44Gr44Oe44Or44OB44OV44Kh44Oz44Kv44K344On44Oz44Oc44K/44Oz44Go44Oe44Kk44Kv44KS5YaF6JS144CC44K544Oe44O844OI44OV44Kp44Oz44Gn44OP44Oz44K644OV44Oq44O86YCa6Kmx44GM5Y+v6IO944Gn44GZ44CC44GV44KJ44Gr44CB6Z+z5qW95YaN55SfL+S4gOaZguWBnOatouOCguOBp+OBjeOCi+OBruOBp+OAgeOCueODnuODvOODiOODleOCqeODs+OBp+mfs+alveOCkuiBtOOBj+OBqOOBjeOCguS+v+WIqeOBp+OBme+8iO+8iu+8ieOAgiA8YnI+77yKIOOCueODnuODvOODiOODleOCqeODs+OBruapn+eoruOBq+OCiOOBo+OBpuWLleS9nOOBjOeVsOOBquOCi+OBk+OBqOOBjOOBguOCiuOBvuOBmSA8YnI+4pag44Oq44Oi44Kz44Oz5pON5L2c44KS5aW944G/44Gu6Kit5a6a44Gr5aSJ44GI44KJ44KM44KLWHBlcmlh77yIVE3vvInlsILnlKjvvIjvvIrvvInjgIxTbWFydEtleeOCouODl+ODquOAjSA8YnI+44CMU21hcnRLZXnjgqLjg5fjg6rjgI3jgpJHb29nbGUgUGxheeOCueODiOOCouOBi+OCieODgOOCpuODs+ODreODvOODieOBmeOCi+OBk+OBqOOBp+OAgeODnuODq+ODgeODleOCoeODs+OCr+OCt+ODp+ODs+ODnOOCv+ODs+OBq+OCiOOCi+ODquODouOCs+ODs+aTjeS9nOOCkuOCq+OCueOCv+ODnuOCpOOCuuOBp+OBjeOBvuOBmeOAguODn+ODpeODvOOCuOODg+OCry/pgJroqbEv5L+d55WZ44Gu44Kr44K544K/44Og55S76Z2i44GL44KJ44CB44Oc44K/44Oz44KS5oq844GZ5Zue5pWw44Gr44KI44Gj44Gm44Gp44Gu5pON5L2c77yI5YaN55SfL+S4gOaZguWBnOatouOChOW/nOetlC/pgJroqbHntYLkuobjgarjganvvInjgpLooYzjgYbjgYvjga7oqK3lrprjgYzlj6/og73jgafjgZnjgIIgPGJyPu+8iiBBbmRyb2lkIE9TIDQuMOS7peS4iuOBrlhwZXJpYe+8iFRN77yJ56uv5pyr5bCC55So44Gn44GZ44CC5a++6LGh5aSW44Gu56uv5pyr44GL44KJ44KE44CB5LiA6YOo44Gu5Zu944O75Zyw5Z+f44Gn44Gv44Ki44OX44Oq44GM44OA44Km44Oz44Ot44O844OJ44Gn44GN44Gq44GE44GT44Go44GM44GC44KK44G+44GZPGJyPuKAuyDjgYrkvb/jgYTjga7pn7Pmpb3lho3nlJ/jgqLjg5fjg6rjgavjgojjgaPjgabjga/oqK3lrprjgajnlbDjgarjgovli5XkvZzjgpLjgZnjgovloLTlkIjjgYzjgYLjgorjgb7jgZnjgILjgZ3jga7loLTlkIjjga/pn7Pmpb3lho3nlJ/jgqLjg5fjg6rjga7jg5jjg4Pjg4njgrvjg4Pjg4joqK3lrprjga7lpInmm7TjgpLjgYroqabjgZfjgY/jgaDjgZXjgYQ8YnI+4oC7IEFuZHJvaWQgT1MgNS4w5Lul6ZmN44Gn44Gv44CB6YCa6Kmx5pmC44Gu44Ki44OX44Oq44Kr44K544K/44Oe44Kk44K66Kit5a6a44GM54Sh5Yq55YyW44GV44KM44G+44GZ44CC6YCa6KmxL+e1guipseOBr+ODquODouOCs+ODs+ODnOOCv+ODs+OBrjHluqbmirzjgZfjgafmqZ/og73jgZfjgb7jgZnjgILku4rlvozjga5BbmRyb2lkIE9T44Gu44OQ44O844K444On44Oz44Ki44OD44OX44Gr44KI44Gj44Gm44Gv44CB44GT44Gu44Ki44OX44Oq44Kx44O844K344On44Oz44Gu44Ki44OD44OX44OH44O844OI44GM5b+F6KaB44Gr44Gq44KL5aC05ZCI44GM44GC44KK44CB44Gd44KM44Gr44KI44KK5qmf6IO944Gr5aSJ5pu044GM5Yqg44KP44KL44GT44Go44GM44GC44KK44G+44GZIDxicj7ilqDjgYvjgonjgb/jgavjgY/jgYTjgrvjg6zjg7zjgrfjg6fjg7PjgrHjg7zjg5bjg6sgPGJyPuOCseODvOODluODq+ihqOmdouOBrue0sOOBi+OBhOa6neOBq+OCiOOCiuOAgeOBi+OCieOBv+OBruWOn+WboOOBp+OBguOCi+aRqeaTpuOCkuS9jua4m+OAguOCseODvOODluODq+OBjOOBi+OCieOBv+OBq+OBj+OBhOOBruOBp+ODquOCueODi+ODs+OCsOaZguOChOaMgeOBoeatqeOBjeOCguW/q+mBqeOBp+OBmeOAgiA8YnI+4pag44Kz44O844OJ44KS44Km44Kn44Ki44Gq44Gp44Gr5Zu65a6a44Gn44GN44KL44Kv44Oq44OD44OX5LuY5bGeIDxicj7ku5jlsZ7jga7jgq/jg6rjg4Pjg5fjgafjgrPjg7zjg4njgpLjgrnjg53jg7zjg4TjgqbjgqfjgqLjgarjganjgavjgajjgoHjgabjgYrjgZHjgbDjgIHpgYvli5XkuK3jgafjgoLlv6vpganjgavjg6rjgrnjg4vjg7PjgrDjgafjgY3jgb7jgZnjgIIgPGJyPuKWoOOCueODneODvOODhOODleOCoeODg+OCt+ODp+ODs+OBq+WQiOOCj+OBm+OChOOBmeOBhDXjgqvjg6njg7zjg5Djg6rjgqjjg7zjgrfjg6fjg7MgPGJyPuOCueODneODvOODhOOCt+ODvOODs+OBq+aYoOOBiOOCi+ODk+ODk+ODg+ODieOBqjXoibLjga7jg6njgqTjg7PjgqLjg4Pjg5fjgILjgrnjg53jg7zjg4TjgqbjgqfjgqLjgarjganjgajjga7jgrPjg7zjg4fjgqPjg43jg7zjg4jjgpLmpb3jgZfjgoHjgb7jgZnjgII8YnI+PGJyPuOAkOijveWTgeS7leanmOOAkTxicj7ilqDjg5jjg4Pjg4njg5vjg7Ppg6ggKjE8YnI+5Z6L5byPIOWvhumWieODgOOCpOODiuODn+ODg+OCr+WeiyA8YnI+44OJ44Op44Kk44OQ44O844Om44OL44OD44OIIDltbSDjg4njg7zjg6DlnosgKENDQVfmjqHnlKgpIDxicj7mhJ/luqYgMTAzIGRCL21XICgxa0h644Gr44GmKSA8YnI+44Oe44Kw44ON44OD44OIIOODjeOCquOCuOOCpuODoCA8YnI+5YaN55Sf5ZGo5rOi5pWw5biv5Z+fIDVIei0yNDAwMEh6IDxicj7jgqTjg7Pjg5Tjg7zjg4Djg7PjgrkgMTbOqSAoMWtIeuOBq+OBpikgPGJyPuacgOWkp+WFpeWKmyAqMiAxMDBtVyAoSUVDKikgPGJyPuOCs+ODvOODiemVtyDntIQxLjJtIOODquODg+ODhOe3miA8YnI+5YWl5Yqb44OX44Op44KwIOmHkeODoeODg+OCrUzlnos05qW144Of44OL44OX44Op44KwIDxicj7os6rph48gKjMg57SEIDEwZyA8YnI+4pag44Oe44Kk44Kv44Ot44Ob44Oz6YOoPGJyPuaWueW8jyDjgqTjg7Pjg6njgqTjg7Pjg57jgqTjgq/jg63jg5Xjgqnjg7MgPGJyPuWei+W8jyDjgqjjg6zjgq/jg4jjg6zjg4Pjg4jjgrPjg7Pjg4fjg7PjgrXjg7zlnosgPGJyPuaMh+WQkeeJueaApyDlhajmjIflkJHmgKcgPGJyPuacieWKueWRqOazouaVsOW4r+WfnyAyMEh6LTIwMDAwSHogPGJyPumWi+Wbnui3r+mbu+Wcp+ODrOODmeODq++8iDBkQj0xVi9QYe+8iSAtNDAgZEIgKDBkQj0xVi9QYSkgPGJyPioxIOODrOOCt+ODvOODkOODvOOBruOBguOCi+ijveWTgeOBr+ODrOOCt+ODvOODkOODvOmDqOOCkuWQq+OBv+OBvuOBmSA8YnI+KjIgSUVD77yI5Zu96Zqb6Zu75rCX5qiZ5rqW5Lya6K2w77yJ6KaP5qC844Gr44KI44KL5ris5a6a5YCk44Gn44GZ44CCIDxicj4qMyDjgrPjg7zjg4njga/lkKvjgb/jgb7jgZvjgpMgPGJyPiA8YnI+,44K944OL44O8IOiAs+OBi+OBkeOCq+ODiuODq+Wei+OCpOODpOODm+ODs++8u+mYsua7tOS7leanmO+8ve+8iOODm+ODr+OCpOODiO+8iSBNRFItQVM0MTBBUFdRIChNRFJBUzQxMEFQV1Ep77ya44K944OV44Oe44OD44OX44CA44OH44K444K/44Or44Kz44Os44Kv44K344On44Oz,44K944OV44Oe44OD44OXIOODh+OCuOOCv+ODq+OCs+ODrOOCr+OCt+ODp+ODs1NvZm1hcCBEaWdpdGFsIENvbGxlY3Rpb27jg5Hjgr3jgrPjg7Pjgr/jg5bjg6zjg4Pjg4hQQ0hEROOCouOCu+ODs+ODluODquODkeODvOODhOODkeOCveOCs+ODs+ODkeODvOODhOODhuODrOODk+OCsuODvOODoOODluODq+ODvOODrOOCpOOCveODleODiERWROOCveODleODiOa2suaZtuODhuODrOODk+ODluODq+ODvOODrOOCpOODh+OCo+OCueOCr+ODrOOCs+ODvOODgOODvOODh+OCuOOCv+ODq+S4gOecvOODrOODleOCq+ODoeODqeODh+OCuOOCv+ODq+OCq+ODoeODqeWutumbu+aZguioiOS4reWPpOOAgOOCveODleODiOOCouOCpuODiOODrOODg+ODiOS4reWPpOODjuODvOODiOODkeOCveOCs+ODs+S4reWPpOODkeOCveOCs+ODs+OCveODi+ODvCDogLPjgYvjgZHjgqvjg4rjg6vlnovjgqTjg6Tjg5vjg7PvvLvpmLLmu7Tku5Xmp5jvvL3vvIjjg5vjg6/jgqTjg4jvvIkgTURSLUFTNDEwQVBXUSAoTURSQVM0MTBBUFdRKQ==,44K944OL44O8IOiAs+OBi+OBkeOCq+ODiuODq+Wei+OCpOODpOODm+ODs++8u+mYsua7tOS7leanmO+8ve+8iOODm+ODr+OCpOODiO+8iSBNRFItQVM0MTBBUFdRIChNRFJBUzQxMEFQV1Ep[rn]
18-38203,aHR0cDovL3RzaG9wLnIxMHMuanAvYWtpYmFtYWMvY2FiaW5ldC8wMTc4OTgxNy80OTc1NzY5MzMwMTI0LmpwZz9maXRpbj03MDA6NzAw,MTU0OS42MDAw,,VFbjg7vjgqrjg7zjg4fjgqPjgqrjg7vjgqvjg6Hjg6kgPiDjgqrjg7zjg4fjgqPjgqogPiDjg5jjg4Pjg4njg5vjg7Pjg7vjgqTjg6Tjg5vjg7M=,SlZD44Kx44Oz44Km44OD44OJ44Ki44O844Og44Os44K544OY44OD44OJ44Ob44OzIOODquODr+OCpOODs+ODiSBCZe+8gSjjg5vjg6/jgqTjg4jvvIbjg5Tjg7Pjgq8pIEhQLUFMMzAyLVdQ,,5a+G6ZaJ5Z6L44Kk44Ok44O844OR44OD44OJ5o6h55So44Gu44Kz44O844OJ6Ieq5YuV5be744GN5Y+W44KK44Ki44O844Og44Os44K544K/44Kk44OX5rCX44Gr44Gq44KL6Z+z5ryP44KM44KE5aSW6YOo6Z+z44KS5L2O5rib44GX44CB5b+r6YGp44Gq6KOF552A5oSf44KS5a6f54++44GX44G+44GZISHil4bjgIDjg4fjgrjjgr/jg6vjgqrjg7zjg4fjgqPjgqrjg5fjg6zjg7zjg6Tjg7znrYnjga7lho3nlJ/jgavpganjgZfjgZ/pq5jpn7Pos6rjg4njg6njgqTjg5Djg7zjg6bjg4vjg4Pjg4jjgpLmkK3ovInmlrDplovnmbrPhjMwbW3pq5jno4Hlipvjg43jgqrjgrjjgqbjg6Djg4njg6njgqTjg5Djg7zjg6bjg4vjg4Pjg4jmjqHnlKjjgavjgojjgorjgIHov6vlipvjga7ph43kvY7pn7Pjgafpq5jpn7Pos6rjgarjg4fjgrjjgr/jg6vjgrXjgqbjg7Pjg4nlho3nlJ/jgYzmpb3jgZfjgoHjgb7jgZnjgILil4bjgIDpn7PmvI/jgozvvIblpJbpg6jpn7Pjga7kvY7muJvlirnmnpzjgavlhKrjgozjgZ/lr4bplonlnovjgqLjg7zjg6Djg6zjgrnjg5jjg4Pjg4njg5vjg7PkvY7lj43nmbrjgqbjg6zjgr/jg7PmjqHnlKjjga7lr4bplonlnovjgqTjg6Tjg7zjg5Hjg4Pjg4njgajmlrDlvaLnirbjgqTjg6Tjg7zjg5Xjg4Pjgq/jgavjgojjgorogLPjgbjjga7lr4bnnYDmgKfjgpLpq5jjgoHjgIHmsJfjgavjgarjgovpn7PmvI/jgozjgoTlpJbpg6jpn7PjgpLmipHjgYjjgovjgajjgajjgoLjgavlv6vpganjgaroo4XnnYDmhJ/jgpLlrp/nj77jgZfjgb7jgZfjgZ/jgILil4bjgIDkvb/jgYTli53miYvjgavlhKrjgozjgZ/jgrPjg7zjg4noh6rli5Xlt7vjgY3lj5bjgormqZ/og73jgpLjg5Djg4PjgrDnrYnjgavjgZnjgaPjgY3jgorlj47ntI3jgafjgY3jgIHjgrPjg7zjg4njga7ntaHjgb7jgorjgpLpmLLmraLjgILjg5fjg6njgrDjgrPjg7zjg4nvvIgw772eMW3vvInjgajjg43jg4Pjgq/jgrPjg7zjg4nvvIgw772eMC41be+8ieOCkuWlveOBv+OBrumVt+OBleOBq+iqv+evgOOBp+OBjeOBvuOBmeOAguOBvuOBn+OAgeapn+WZqOOBq+aOpee2muOBl+OBn+OBvuOBvuOBp+OCguW3u+OBjeWPluOCiuWPr+iDveOBp+OBmeOAgg==,SlZD44Kx44Oz44Km44OD44OJ44Ki44O844Og44Os44K544OY44OD44OJ44Ob44OzIOODquODr+OCpOODs+ODiSBCZe+8gSjjg5vjg6/jgqTjg4jvvIbjg5Tjg7Pjgq8pIEhQLUFMMzAyLVdQ77ya44K944OV44Oe44OD44OX44CA44OH44K444K/44Or44Kz44Os44Kv44K344On44Oz,44K944OV44Oe44OD44OXIOODh+OCuOOCv+ODq+OCs+ODrOOCr+OCt+ODp+ODs1NvZm1hcCBEaWdpdGFsIENvbGxlY3Rpb27jg5Hjgr3jgrPjg7Pjgr/jg5bjg6zjg4Pjg4hQQ0hEROOCouOCu+ODs+ODluODquODkeODvOODhOODkeOCveOCs+ODs+ODkeODvOODhOODhuODrOODk+OCsuODvOODoOODluODq+ODvOODrOOCpOOCveODleODiERWROOCveODleODiOa2suaZtuODhuODrOODk+ODluODq+ODvOODrOOCpOODh+OCo+OCueOCr+ODrOOCs+ODvOODgOODvOODh+OCuOOCv+ODq+S4gOecvOODrOODleOCq+ODoeODqeODh+OCuOOCv+ODq+OCq+ODoeODqeWutumbu+aZguioiOS4reWPpOOAgOOCveODleODiOOCouOCpuODiOODrOODg+ODiOS4reWPpOODjuODvOODiOODkeOCveOCs+ODs+S4reWPpOODkeOCveOCs+ODs0pWQ+OCseODs+OCpuODg+ODieOCouODvOODoOODrOOCueODmOODg+ODieODm+ODsyDjg6rjg6/jgqTjg7Pjg4kgQmXvvIEo44Ob44Ov44Kk44OI77yG44OU44Oz44KvKSBIUC1BTDMwMi1XUA==,SlZD44Kx44Oz44Km44OD44OJ44Ki44O844Og44Os44K544OY44OD44OJ44Ob44OzIOODquODr+OCpOODs+ODiSBCZe+8gSjjg5vjg6/jgqTjg4jvvIbjg5Tjg7Pjgq8pIEhQLUFMMzAyLVdQ[rn]
18-38204,aHR0cDovL3RzaG9wLnIxMHMuanAvYWtpYmFtYWMvY2FiaW5ldC8wMTc5NjY0Mi80OTc1NzY5MzMwMjg1LmpwZz9maXRpbj03MDA6NzAw,NDg5LjYwMDA=,,VFbjg7vjgqrjg7zjg4fjgqPjgqrjg7vjgqvjg6Hjg6kgPiDjgqrjg7zjg4fjgqPjgqogPiDjg5jjg4Pjg4njg5vjg7Pjg7vjgqTjg6Tjg5vjg7M=,VmljdG9yL+ODk+OCr+OCv+ODvCDjgqLjg7zjg6Djg6zjgrnjg5jjg4Pjg4njg5vjg7MgQmXvvIEo44Og44O844Oz44K544OI44O844Oz44K344Or44OQ44O8KSBIUC1BTDEwMg==,,44GN44KJ44KB44GP44K444Ol44Ko44Oq44O844Kr44Op44O844KS5aSa5b2p44Gr44Op44Kk44Oz44OK44OD44OX77yB44K544Oq44Og44Gq44Kz44Oz44OR44Kv44OI44Oc44OH44Kj44GuTmV3IEJl77yB44Gn44GZ44CC4peG44CA44Ki44Kv44K744K144Oq44O85oSf6Kaa44Gu44K544K/44Kk44Oq44OD44K344Ol44Gq44OH44K244Kk44Oz44Go44CB6YG444G544KLMTHjgqvjg6njg7zjg5Djg6rjgqjjg7zjgrfjg6fjg7PlhYnjgpLlj5fjgZHjgabjgrjjg6Xjgqjjg6rjg7zjga7jgojjgYbjgavjgY3jgonjgoHjgY/jgqLjgq/jgrvjgrXjg6rjg7zmhJ/opprjga7jg4fjgrbjgqTjg7PjgajjgIHlpJrlvanjgaoxMeOCq+ODqeODvOODkOODquOCqOODvOOCt+ODp+ODs+OBq+OCiOOCiuOAgeWlveOBv+OBq+WQiOOCj+OBm+OBpuOCouOCpuODiOODieOCouODquOCueODi+ODs+OCsOOCt+ODvOODs+OCkuOCueOCv+OCpOODquODg+OCt+ODpeOBq+a8lOWHuuOBl+OBvuOBmeOAguKXhuOAgOODh+OCuOOCv+ODq+OCteOCpuODs+ODieOCkumrmOmfs+izquWGjeeUn+mrmOejgeWKm+ODjeOCquOCuOOCpuODoOODieODqeOCpOODkOODvOODpuODi+ODg+ODiOaOoeeUqOOBq+OCiOOCiuOAgeODh+OCuOOCv+ODq+OCquODvOODh+OCo+OCquODl+ODrOODvOODpOODvOOBquOBqeOCkumrmOmfs+izquOBp+alveOBl+OCgeOBvuOBmeOAguKXhuOAgOW/q+mBqeODleOCo+ODg+ODiOOAgeewoeWNmOijheedgO+8huS9v+OBhOOChOOBmeOBhDAuOG3jgrPjg7zjg4njgrPjg7Pjg5Hjgq/jg4jou73ph4/jg5zjg4fjgqPjgajmlrDlvaLnirbjgqTjg6Tjg7zjg5Xjg4Pjgq/jgavjgojjgorjgIHogLPjgavjgZfjgaPjgYvjgorvvIbjgoTjgZXjgZfjgY/jg5XjgqPjg4Pjg4jjgILniYfmiYvjgafnsKHljZjjgavoo4XnnYDjgafjgY3jgovplovplonlvI/jga7igJzjgrnjg4jjg4Pjg5fjgqLjgq/jgrfjg6fjg7PjgqTjg6Tjg7zjg5Xjg4Pjgq/igJ3jgILjg4fjgrjjgr/jg6vjgqrjg7zjg4fjgqPjgqrjg5fjg6zjg7zjg6Tjg7zjgarjganjgajjga7mjqXntprjgavkvr/liKnjgaowLjht44Kz44O844OJ44Gq44Gp5L2/44GE44KE44GZ44GP44Gq44Gj44Gm44GK44KK44G+44GZ44CC,VmljdG9yL+ODk+OCr+OCv+ODvCDjgqLjg7zjg6Djg6zjgrnjg5jjg4Pjg4njg5vjg7MgQmXvvIEo44Og44O844Oz44K544OI44O844Oz44K344Or44OQ44O8KSBIUC1BTDEwMu+8muOCveODleODnuODg+ODl+OAgOODh+OCuOOCv+ODq+OCs+ODrOOCr+OCt+ODp+ODsw==,44K944OV44Oe44OD44OXIOODh+OCuOOCv+ODq+OCs+ODrOOCr+OCt+ODp+ODs1NvZm1hcCBEaWdpdGFsIENvbGxlY3Rpb27jg5Hjgr3jgrPjg7Pjgr/jg5bjg6zjg4Pjg4hQQ0hEROOCouOCu+ODs+ODluODquODkeODvOODhOODkeOCveOCs+ODs+ODkeODvOODhOODhuODrOODk+OCsuODvOODoOODluODq+ODvOODrOOCpOOCveODleODiERWROOCveODleODiOa2suaZtuODhuODrOODk+ODluODq+ODvOODrOOCpOODh+OCo+OCueOCr+ODrOOCs+ODvOODgOODvOODh+OCuOOCv+ODq+S4gOecvOODrOODleOCq+ODoeODqeODh+OCuOOCv+ODq+OCq+ODoeODqeWutumbu+aZguioiOS4reWPpOOAgOOCveODleODiOOCouOCpuODiOODrOODg+ODiOS4reWPpOODjuODvOODiOODkeOCveOCs+ODs+S4reWPpOODkeOCveOCs+ODs1ZpY3Rvci/jg5Pjgq/jgr/jg7wg44Ki44O844Og44Os44K544OY44OD44OJ44Ob44OzIEJl77yBKOODoOODvOODs+OCueODiOODvOODs+OCt+ODq+ODkOODvCkgSFAtQUwxMDI=,VmljdG9yL+ODk+OCr+OCv+ODvCDjgqLjg7zjg6Djg6zjgrnjg5jjg4Pjg4njg5vjg7MgQmXvvIEo44Og44O844Oz44K544OI44O844Oz44K344Or44OQ44O8KSBIUC1BTDEwMg==[rn]
18-38205,aHR0cDovL3RzaG9wLnIxMHMuanAvYWtpYmFtYWMvY2FiaW5ldC8wMTc4OTgxNy80OTc1NzY5MzMwMDcwLmpwZz9maXRpbj03MDA6NzAw,MTU0OS42MDAw,,VFbjg7vjgqrjg7zjg4fjgqPjgqrjg7vjgqvjg6Hjg6kgPiDjgqrjg7zjg4fjgqPjgqogPiDjg5jjg4Pjg4njg5vjg7Pjg7vjgqTjg6Tjg5vjg7M=,44OT44Kv44K/44O8IOOCouODvOODoOODrOOCueODmOODg+ODieODm+ODsyDjg6rjg6/jgqTjg7Pjg4kgQmXvvIEo44K344Or44OQ44O8JuODluODq+ODvCkgSFAtQUwzMDItU0E=,,5a+G6ZaJ5Z6L44Kk44Ok44O844OR44OD44OJ5o6h55So44Gu44Kz44O844OJ6Ieq5YuV5be744GN5Y+W44KK44Ki44O844Og44Os44K544K/44Kk44OX5rCX44Gr44Gq44KL6Z+z5ryP44KM44KE5aSW6YOo6Z+z44KS5L2O5rib44GX44CB5b+r6YGp44Gq6KOF552A5oSf44KS5a6f54++44GX44G+44GZISHil4bjgIDjg4fjgrjjgr/jg6vjgqrjg7zjg4fjgqPjgqrjg5fjg6zjg7zjg6Tjg7znrYnjga7lho3nlJ/jgavpganjgZfjgZ/pq5jpn7Pos6rjg4njg6njgqTjg5Djg7zjg6bjg4vjg4Pjg4jjgpLmkK3ovInmlrDplovnmbrPhjMwbW3pq5jno4Hlipvjg43jgqrjgrjjgqbjg6Djg4njg6njgqTjg5Djg7zjg6bjg4vjg4Pjg4jmjqHnlKjjgavjgojjgorjgIHov6vlipvjga7ph43kvY7pn7Pjgafpq5jpn7Pos6rjgarjg4fjgrjjgr/jg6vjgrXjgqbjg7Pjg4nlho3nlJ/jgYzmpb3jgZfjgoHjgb7jgZnjgILil4bjgIDpn7PmvI/jgozvvIblpJbpg6jpn7Pjga7kvY7muJvlirnmnpzjgavlhKrjgozjgZ/lr4bplonlnovjgqLjg7zjg6Djg6zjgrnjg5jjg4Pjg4njg5vjg7PkvY7lj43nmbrjgqbjg6zjgr/jg7PmjqHnlKjjga7lr4bplonlnovjgqTjg6Tjg7zjg5Hjg4Pjg4njgajmlrDlvaLnirbjgqTjg6Tjg7zjg5Xjg4Pjgq/jgavjgojjgorogLPjgbjjga7lr4bnnYDmgKfjgpLpq5jjgoHjgIHmsJfjgavjgarjgovpn7PmvI/jgozjgoTlpJbpg6jpn7PjgpLmipHjgYjjgovjgajjgajjgoLjgavlv6vpganjgaroo4XnnYDmhJ/jgpLlrp/nj77jgZfjgb7jgZfjgZ/jgILil4bjgIDkvb/jgYTli53miYvjgavlhKrjgozjgZ/jgrPjg7zjg4noh6rli5Xlt7vjgY3lj5bjgormqZ/og73jgpLjg5Djg4PjgrDnrYnjgavjgZnjgaPjgY3jgorlj47ntI3jgafjgY3jgIHjgrPjg7zjg4njga7ntaHjgb7jgorjgpLpmLLmraLjgILjg5fjg6njgrDjgrPjg7zjg4nvvIgw772eMW3vvInjgajjg43jg4Pjgq/jgrPjg7zjg4nvvIgw772eMC41be+8ieOCkuWlveOBv+OBrumVt+OBleOBq+iqv+evgOOBp+OBjeOBvuOBmeOAguOBvuOBn+OAgeapn+WZqOOBq+aOpee2muOBl+OBn+OBvuOBvuOBp+OCguW3u+OBjeWPluOCiuWPr+iDveOBp+OBmeOAgg==,44OT44Kv44K/44O8IOOCouODvOODoOODrOOCueODmOODg+ODieODm+ODsyDjg6rjg6/jgqTjg7Pjg4kgQmXvvIEo44K344Or44OQ44O8JmFtcDvjg5bjg6vjg7wpIEhQLUFMMzAyLVNB77ya44K944OV44Oe44OD44OX44CA44OH44K444K/44Or44Kz44Os44Kv44K344On44Oz,44K944OV44Oe44OD44OXIOODh+OCuOOCv+ODq+OCs+ODrOOCr+OCt+ODp+ODs1NvZm1hcCBEaWdpdGFsIENvbGxlY3Rpb27jg5Hjgr3jgrPjg7Pjgr/jg5bjg6zjg4Pjg4hQQ0hEROOCouOCu+ODs+ODluODquODkeODvOODhOODkeOCveOCs+ODs+ODkeODvOODhOODhuODrOODk+OCsuODvOODoOODluODq+ODvOODrOOCpOOCveODleODiERWROOCveODleODiOa2suaZtuODhuODrOODk+ODluODq+ODvOODrOOCpOODh+OCo+OCueOCr+ODrOOCs+ODvOODgOODvOODh+OCuOOCv+ODq+S4gOecvOODrOODleOCq+ODoeODqeODh+OCuOOCv+ODq+OCq+ODoeODqeWutumbu+aZguioiOS4reWPpOOAgOOCveODleODiOOCouOCpuODiOODrOODg+ODiOS4reWPpOODjuODvOODiOODkeOCveOCs+ODs+S4reWPpOODkeOCveOCs+ODs+ODk+OCr+OCv+ODvCDjgqLjg7zjg6Djg6zjgrnjg5jjg4Pjg4njg5vjg7Mg44Oq44Ov44Kk44Oz44OJIEJl77yBKOOCt+ODq+ODkOODvCZhbXA744OW44Or44O8KSBIUC1BTDMwMi1TQQ==,44OT44Kv44K/44O8IOOCouODvOODoOODrOOCueODmOODg+ODieODm+ODsyDjg6rjg6/jgqTjg7Pjg4kgQmXvvIEo44K344Or44OQ44O8JmFtcDvjg5bjg6vjg7wpIEhQLUFMMzAyLVNB[rn]
18-38206,aHR0cDovL3RzaG9wLnIxMHMuanAvYWtpYmFtYWMvY2FiaW5ldC8wMTc5NjY0Mi80OTc1NzY5Mzg2NTEwLmpwZz9maXRpbj03MDA6NzAw,MTIxNS4yMDAw,,VFbjg7vjgqrjg7zjg4fjgqPjgqrjg7vjgqvjg6Hjg6kgPiDjgqrjg7zjg4fjgqPjgqogPiDjg5jjg4Pjg4njg5vjg7Pjg7vjgqTjg6Tjg5vjg7M=,VmljdG9yL+ODk+OCr+OCv+ODvEhBLUVCNzUtUijpmLLmu7Tku5Xmp5jogLPjgYvjgZHlnovjg5jjg4Pjg4njg5vjg7Mv44Os44OD44OJKQ==,,4peG5b+r6YGp44OV44Kj44OD44OI44Gn44Gv44Ga44KM44Gr44GP44GE44CO44K544Op44Kk44OJ44Kk44Ok44O844OV44OD44Kv44CP5o6h55So6ICz44Gu5aSn44GN44GV44Gr5ZCI44KP44Gb44OV44OD44Kv44Gu5L2N572u44KS6Kq/56+A44Gn44GN44KL44CO44K544Op44Kk44OJ44Kk44Ok44O844OV44OD44Kv44CP44CC44K544Od44O844OE5Lit44KC44Gv44Ga44KM44Gr44GP44GP44CB5b+r6YGp44Gq44Oq44K544OL44Oz44Kw44KS5qW944GX44KB44G+44GZ44CC4peG5ZGo5Zuy44Gu6Z+z44KC6IGe44GT44GI44KE44GZ44GE44Kq44O844OX44Oz5Z6L5a+G6ZaJ5Z6L44Gr5q+U44G55ZGo5Zuy44Gu6Z+z44GM6IGe44GT44GI44KE44GZ44GE44Kq44O844OX44Oz5Z6L44CC44K444On44Ku44Oz44Kw44Gq44Gp44CB44Ot44O844OJ44K544Od44O844OE44Gr6YGp44GX44Gm44GE44G+44GZ44CC4peG44OR44Ov44OV44Or44Gq6auY6Z+z6LOq44K144Km44Oz44OJ44KS5YaN55Sf6ICz44Gu5aWl44Gr5Yq5546H44KI44GP6Z+z44KS5Lyd44GI44KL5qeL6YCg44Gu44CO44OQ44K544OW44O844K544OI44Kk44Ok44O844OU44O844K544CP44Gr44KI44KK44CB6L+r5Yqb44Gu44GC44KL6auY6Z+z6LOq44K144Km44Oz44OJ5YaN55Sf44KS5a6f54++44CC4peG5rGX44Gr5by344GE6Ziy5ru05LuV5qeY44K544Od44O844OE5Lit44Gu5rGX44KE5rC044GX44G244GN44Gr5by344GE6Ziy5ru05LuV5qeY77yI5L+d6K23562J57Sa77yabFBYMu+8ieOAgg==,VmljdG9yL+ODk+OCr+OCv+ODvEhBLUVCNzUtUijpmLLmu7Tku5Xmp5jogLPjgYvjgZHlnovjg5jjg4Pjg4njg5vjg7Mv44Os44OD44OJKe+8muOCveODleODnuODg+ODl+OAgOODh+OCuOOCv+ODq+OCs+ODrOOCr+OCt+ODp+ODsw==,44K944OV44Oe44OD44OXIOODh+OCuOOCv+ODq+OCs+ODrOOCr+OCt+ODp+ODs1NvZm1hcCBEaWdpdGFsIENvbGxlY3Rpb27jg5Hjgr3jgrPjg7Pjgr/jg5bjg6zjg4Pjg4hQQ0hEROOCouOCu+ODs+ODluODquODkeODvOODhOODkeOCveOCs+ODs+ODkeODvOODhOODhuODrOODk+OCsuODvOODoOODluODq+ODvOODrOOCpOOCveODleODiERWROOCveODleODiOa2suaZtuODhuODrOODk+ODluODq+ODvOODrOOCpOODh+OCo+OCueOCr+ODrOOCs+ODvOODgOODvOODh+OCuOOCv+ODq+S4gOecvOODrOODleOCq+ODoeODqeODh+OCuOOCv+ODq+OCq+ODoeODqeWutumbu+aZguioiOS4reWPpOOAgOOCveODleODiOOCouOCpuODiOODrOODg+ODiOS4reWPpOODjuODvOODiOODkeOCveOCs+ODs+S4reWPpOODkeOCveOCs+ODs1ZpY3Rvci/jg5Pjgq/jgr/jg7xIQS1FQjc1LVIo6Ziy5ru05LuV5qeY6ICz44GL44GR5Z6L44OY44OD44OJ44Ob44OzL+ODrOODg+ODiSk=,VmljdG9yL+ODk+OCr+OCv+ODvEhBLUVCNzUtUijpmLLmu7Tku5Xmp5jogLPjgYvjgZHlnovjg5jjg4Pjg4njg5vjg7Mv44Os44OD44OJKQ==[rn]
18-38207,aHR0cDovL3RzaG9wLnIxMHMuanAvYWtpYmFtYWMvY2FiaW5ldC8wMzE2NjQzMy80OTYxMzEwMTE4OTY5LmpwZz9maXRpbj03MDA6NzAw,NTQ1Mi4wMDAw,,VFbjg7vjgqrjg7zjg4fjgqPjgqrjg7vjgqvjg6Hjg6kgPiDjgqrjg7zjg4fjgqPjgqogPiDjg5jjg4Pjg4njg5vjg7Pjg7vjgqTjg6Tjg5vjg7M=,44CQ6YCB5paZ54Sh5paZ44CR44Kq44O844OH44Kj44Kq44OG44Kv44OL44KrIEFUSC1CVDA3KEJsdWV0b290aOWvvuW/nCDjg6/jgqTjg6Tjg6zjgrnjgrnjg4bjg6zjgqrjg5jjg4Pjg4njgrvjg4Pjg4gpIChBVEhCVDA3KQ==,,4peGQmx1ZXRvb3RoIEEyRFDlr77lv5zmqZ/lmajjga7pn7Pmpb3jgoRIRlAvSFNQ5a++5b+c5qmf5Zmo44Gn44Gu6YCa6Kmx44GM44Ov44Kk44Ok44Os44K544Gn5qW944GX44KB44KL44CC4peG44Ov44Oz44K744Kw6Z+z5aOw44GM44Ov44Kk44Ok44Os44K544Gn6IG044GR44KLU0NNUy1U5a++5b+c44CC4peG56qB54S244Gu6Zuo44KE5rGX44Gr44KC5by344GP5rC05rSX44GE44KC5Y+v6IO944CC44K544Od44O844OE5pmC44Gr44KC5L2/55So44Gn44GN44KL6Ziy5rC05LuV5qeY44CC4peG6Z+z5qW95YaN55Sf44KE6YCa6Kmx44Gq44Gp44CB44GZ44G544Gm44Gu5pON5L2c44KS6ICz5YWD44Gn44GT44Gq44Gb44KL44OY44OD44OJ44Ob44Oz5LiA5L2T5Z6L44Oc44OH44Kj44CC4peG44GV44G+44GW44G+44Gq5YuV44GN44Gr5a++5b+c44GX44CB5b+r6YGp44Gq44OV44Kj44OD44OI5oSf44KS5oyB57aa44GV44Gb44KL44OV44Oq44O844Ki44Oz44Kw44Or44ON44OD44Kv44CC,44CQ6YCB5paZ54Sh5paZ44CR44Kq44O844OH44Kj44Kq44OG44Kv44OL44KrIEFUSC1CVDA3KEJsdWV0b290aOWvvuW/nCDjg6/jgqTjg6Tjg6zjgrnjgrnjg4bjg6zjgqrjg5jjg4Pjg4njgrvjg4Pjg4gpIChBVEhCVDA3Ke+8muOCveODleODnuODg+ODl+OAgOODh+OCuOOCv+ODq+OCs+ODrOOCr+OCt+ODp+ODsw==,44K944OV44Oe44OD44OXIOODh+OCuOOCv+ODq+OCs+ODrOOCr+OCt+ODp+ODs1NvZm1hcCBEaWdpdGFsIENvbGxlY3Rpb27jg5Hjgr3jgrPjg7Pjgr/jg5bjg6zjg4Pjg4hQQ0hEROOCouOCu+ODs+ODluODquODkeODvOODhOODkeOCveOCs+ODs+ODkeODvOODhOODhuODrOODk+OCsuODvOODoOODluODq+ODvOODrOOCpOOCveODleODiERWROOCveODleODiOa2suaZtuODhuODrOODk+ODluODq+ODvOODrOOCpOODh+OCo+OCueOCr+ODrOOCs+ODvOODgOODvOODh+OCuOOCv+ODq+S4gOecvOODrOODleOCq+ODoeODqeODh+OCuOOCv+ODq+OCq+ODoeODqeWutumbu+aZguioiOS4reWPpOOAgOOCveODleODiOOCouOCpuODiOODrOODg+ODiOS4reWPpOODjuODvOODiOODkeOCveOCs+ODs+S4reWPpOODkeOCveOCs+ODs+OAkOmAgeaWmeeEoeaWmeOAkeOCquODvOODh+OCo+OCquODhuOCr+ODi+OCqyBBVEgtQlQwNyhCbHVldG9vdGjlr77lv5wg44Ov44Kk44Ok44Os44K544K544OG44Os44Kq44OY44OD44OJ44K744OD44OIKSAoQVRIQlQwNyk=,44CQ6YCB5paZ54Sh5paZ44CR44Kq44O844OH44Kj44Kq44OG44Kv44OL44KrIEFUSC1CVDA3KEJsdWV0b290aOWvvuW/nCDjg6/jgqTjg6Tjg6zjgrnjgrnjg4bjg6zjgqrjg5jjg4Pjg4njgrvjg4Pjg4gpIChBVEhCVDA3KQ==[rn]
18-38208,aHR0cDovL3RzaG9wLnIxMHMuanAvYWtpYmFtYWMvY2FiaW5ldC8wNDY3NDA5NS80NTgwMDk2NDIwMjY2LmpwZz9maXRpbj03MDA6NzAw,MjQzNy42MDAw,,VFbjg7vjgqrjg7zjg4fjgqPjgqrjg7vjgqvjg6Hjg6kgPiDjgqrjg7zjg4fjgqPjgqogPiDjg5jjg4Pjg4njg5vjg7Pjg7vjgqTjg6Tjg5vjg7M=,QlJBSU5XQVZa77y744Oe44Kk44Kv5LuY77y96ICz44GL44GR44Kr44OK44Or5Z6L44Kk44Ok44Ob44OzIFhGLTIwMCBOb3NlIElzb2xhdGluZyBTcG9ydCBJRU0gRWFycGhvbmVzIHcvMyBCdXR0b24gUmVtb3RlICYgTWljcm9waG9uZSDjg5bjg6njg4Pjgq8gKFhGMjAwQkxBQ0sp,,6Lu96YeP77yB44OV44Kj44OD44OI5oSf44Gr5YSq44KM44Gf6ICz44GL44GR5byP44Kk44Ok44Ob44Oz,QlJBSU5XQVZa77y744Oe44Kk44Kv5LuY77y96ICz44GL44GR44Kr44OK44Or5Z6L44Kk44Ok44Ob44OzIFhGLTIwMCBOb3NlIElzb2xhdGluZyBTcG9ydCBJRU0gRWFycGhvbmVzIHcvMyBCdXR0b24gUmVtb3RlICZhbXA7IE1pY3JvcGhvbmUg44OW44Op44OD44KvIChYRjIwMEJMQUNLKe+8muOCveODleODnuODg+ODl+OAgOODh+OCuOOCv+ODq+OCs+ODrOOCr+OCt+ODp+ODsw==,44K944OV44Oe44OD44OXIOODh+OCuOOCv+ODq+OCs+ODrOOCr+OCt+ODp+ODs1NvZm1hcCBEaWdpdGFsIENvbGxlY3Rpb27jg5Hjgr3jgrPjg7Pjgr/jg5bjg6zjg4Pjg4hQQ0hEROOCouOCu+ODs+ODluODquODkeODvOODhOODkeOCveOCs+ODs+ODkeODvOODhOODhuODrOODk+OCsuODvOODoOODluODq+ODvOODrOOCpOOCveODleODiERWROOCveODleODiOa2suaZtuODhuODrOODk+ODluODq+ODvOODrOOCpOODh+OCo+OCueOCr+ODrOOCs+ODvOODgOODvOODh+OCuOOCv+ODq+S4gOecvOODrOODleOCq+ODoeODqeODh+OCuOOCv+ODq+OCq+ODoeODqeWutumbu+aZguioiOS4reWPpOOAgOOCveODleODiOOCouOCpuODiOODrOODg+ODiOS4reWPpOODjuODvOODiOODkeOCveOCs+ODs+S4reWPpOODkeOCveOCs+ODs0JSQUlOV0FWWu+8u+ODnuOCpOOCr+S7mO+8veiAs+OBi+OBkeOCq+ODiuODq+Wei+OCpOODpOODm+ODsyBYRi0yMDAgTm9zZSBJc29sYXRpbmcgU3BvcnQgSUVNIEVhcnBob25lcyB3LzMgQnV0dG9uIFJlbW90ZSAmYW1wOyBNaWNyb3Bob25lIOODluODqeODg+OCryAoWEYyMDBCTEFDSyk=,QlJBSU5XQVZa77y744Oe44Kk44Kv5LuY77y96ICz44GL44GR44Kr44OK44Or5Z6L44Kk44Ok44Ob44OzIFhGLTIwMCBOb3NlIElzb2xhdGluZyBTcG9ydCBJRU0gRWFycGhvbmVzIHcvMyBCdXR0b24gUmVtb3RlICZhbXA7IE1pY3JvcGhvbmUg44OW44Op44OD44KvIChYRjIwMEJMQUNLKQ==[rn]
18-38209,aHR0cDovL3RzaG9wLnIxMHMuanAvYWtpYmFtYWMvY2FiaW5ldC8wMjUwMjE2My80OTYxMzEwMTE0ODYyLmpwZz9maXRpbj03MDA6NzAw,ODU5LjIwMDA=,,VFbjg7vjgqrjg7zjg4fjgqPjgqrjg7vjgqvjg6Hjg6kgPiDjgqrjg7zjg4fjgqPjgqogPiDjg5jjg4Pjg4njg5vjg7Pjg7vjgqTjg6Tjg5vjg7M=,YXVkaW8tdGVjaG5pY2Ev44Kq44O844OH44Kj44Kq44OG44Kv44OL44Kr6ICz44GL44GR5Z6L44OY44OD44OJ44Ob44OzKOODrOODg+ODiSkgIEFUSC1FUTUwMCBSRCAxLjJt44Kz44O844OJ,,4pePIOaWsOioreioiM+GMjhtbeODieODqeOCpOODkOODvOOBp+OCr+ODquOCouOBquWGjeeUn+mfs+OAguKXjyDmnKzkvZPjgqvjg6njg7zjgajjg4Tjg7zjg4jjg7zjg7PjgrPjg7zjg4fjgqPjg43jg7zjg4jjgZfjgZ/jgqTjg6Tjg4/jg7Pjgqzjg7zjg7vjgrPjg7zjg4njg7vjgqTjg6Tjg5Hjg4Pjg4njgILil48g5aSn44GN44GP6ZaL44GE44Gm5q2i44G+44KL44Kk44Ok44OP44Oz44Ks44O844Gn57Ch5Y2Y6KOF552A44CC4pePIOi7veW/q+OBq+mVt+aZgumWk+ODquOCueODi+ODs+OCsOOBjOalveOBl+OCgeOCi+e0hDIyZ+OBrui7vemHj+ioreioiOOAguKXjyDjgrPjg7zjg4njga7plbfjgZXjgYzoqr/mlbTjgafjgY3jgovjgrPjg7zjg4nlt7vjgY3lj5bjgorjg5vjg6vjg4Djg7zku5jlsZ7jgII=,YXVkaW8tdGVjaG5pY2Ev44Kq44O844OH44Kj44Kq44OG44Kv44OL44Kr6ICz44GL44GR5Z6L44OY44OD44OJ44Ob44OzKOODrOODg+ODiSkgIEFUSC1FUTUwMCBSRCAxLjJt44Kz44O844OJ77ya44K944OV44Oe44OD44OX44CA44OH44K444K/44Or44Kz44Os44Kv44K344On44Oz,44K944OV44Oe44OD44OXIOODh+OCuOOCv+ODq+OCs+ODrOOCr+OCt+ODp+ODs1NvZm1hcCBEaWdpdGFsIENvbGxlY3Rpb27jg5Hjgr3jgrPjg7Pjgr/jg5bjg6zjg4Pjg4hQQ0hEROOCouOCu+ODs+ODluODquODkeODvOODhOODkeOCveOCs+ODs+ODkeODvOODhOODhuODrOODk+OCsuODvOODoOODluODq+ODvOODrOOCpOOCveODleODiERWROOCveODleODiOa2suaZtuODhuODrOODk+ODluODq+ODvOODrOOCpOODh+OCo+OCueOCr+ODrOOCs+ODvOODgOODvOODh+OCuOOCv+ODq+S4gOecvOODrOODleOCq+ODoeODqeODh+OCuOOCv+ODq+OCq+ODoeODqeWutumbu+aZguioiOS4reWPpOOAgOOCveODleODiOOCouOCpuODiOODrOODg+ODiOS4reWPpOODjuODvOODiOODkeOCveOCs+ODs+S4reWPpOODkeOCveOCs+ODs2F1ZGlvLXRlY2huaWNhL+OCquODvOODh+OCo+OCquODhuOCr+ODi+OCq+iAs+OBi+OBkeWei+ODmOODg+ODieODm+ODsyjjg6zjg4Pjg4kpICBBVEgtRVE1MDAgUkQgMS4ybeOCs+ODvOODiQ==,YXVkaW8tdGVjaG5pY2Ev44Kq44O844OH44Kj44Kq44OG44Kv44OL44Kr6ICz44GL44GR5Z6L44OY44OD44OJ44Ob44OzKOODrOODg+ODiSkgIEFUSC1FUTUwMCBSRCAxLjJt44Kz44O844OJ[rn]
18-38210,aHR0cDovL3RzaG9wLnIxMHMuanAvYWtpYmFtYWMvY2FiaW5ldC8wMjUwMjE2My80OTYxMzEwMTE0ODU1LmpwZz9maXRpbj03MDA6NzAw,ODU5LjIwMDA=,,VFbjg7vjgqrjg7zjg4fjgqPjgqrjg7vjgqvjg6Hjg6kgPiDjgqrjg7zjg4fjgqPjgqogPiDjg5jjg4Pjg4njg5vjg7Pjg7vjgqTjg6Tjg5vjg7M=,YXVkaW8tdGVjaG5pY2Ev44Kq44O844OH44Kj44Kq44OG44Kv44OL44Kr6ICz44GL44GR5Z6L44OY44OD44OJ44Ob44OzKOODlOODs+OCrykgIEFUSC1FUTUwMCBQSyAxLjJt44Kz44O844OJ,,4pePIOaWsOioreioiM+GMjhtbeODieODqeOCpOODkOODvOOBp+OCr+ODquOCouOBquWGjeeUn+mfs+OAguKXjyDmnKzkvZPjgqvjg6njg7zjgajjg4Tjg7zjg4jjg7zjg7PjgrPjg7zjg4fjgqPjg43jg7zjg4jjgZfjgZ/jgqTjg6Tjg4/jg7Pjgqzjg7zjg7vjgrPjg7zjg4njg7vjgqTjg6Tjg5Hjg4Pjg4njgILil48g5aSn44GN44GP6ZaL44GE44Gm5q2i44G+44KL44Kk44Ok44OP44Oz44Ks44O844Gn57Ch5Y2Y6KOF552A44CC4pePIOi7veW/q+OBq+mVt+aZgumWk+ODquOCueODi+ODs+OCsOOBjOalveOBl+OCgeOCi+e0hDIyZ+OBrui7vemHj+ioreioiOOAguKXjyDjgrPjg7zjg4njga7plbfjgZXjgYzoqr/mlbTjgafjgY3jgovjgrPjg7zjg4nlt7vjgY3lj5bjgorjg5vjg6vjg4Djg7zku5jlsZ7jgII=,YXVkaW8tdGVjaG5pY2Ev44Kq44O844OH44Kj44Kq44OG44Kv44OL44Kr6ICz44GL44GR5Z6L44OY44OD44OJ44Ob44OzKOODlOODs+OCrykgIEFUSC1FUTUwMCBQSyAxLjJt44Kz44O844OJ77ya44K944OV44Oe44OD44OX44CA44OH44K444K/44Or44Kz44Os44Kv44K344On44Oz,44K944OV44Oe44OD44OXIOODh+OCuOOCv+ODq+OCs+ODrOOCr+OCt+ODp+ODs1NvZm1hcCBEaWdpdGFsIENvbGxlY3Rpb27jg5Hjgr3jgrPjg7Pjgr/jg5bjg6zjg4Pjg4hQQ0hEROOCouOCu+ODs+ODluODquODkeODvOODhOODkeOCveOCs+ODs+ODkeODvOODhOODhuODrOODk+OCsuODvOODoOODluODq+ODvOODrOOCpOOCveODleODiERWROOCveODleODiOa2suaZtuODhuODrOODk+ODluODq+ODvOODrOOCpOODh+OCo+OCueOCr+ODrOOCs+ODvOODgOODvOODh+OCuOOCv+ODq+S4gOecvOODrOODleOCq+ODoeODqeODh+OCuOOCv+ODq+OCq+ODoeODqeWutumbu+aZguioiOS4reWPpOOAgOOCveODleODiOOCouOCpuODiOODrOODg+ODiOS4reWPpOODjuODvOODiOODkeOCveOCs+ODs+S4reWPpOODkeOCveOCs+ODs2F1ZGlvLXRlY2huaWNhL+OCquODvOODh+OCo+OCquODhuOCr+ODi+OCq+iAs+OBi+OBkeWei+ODmOODg+ODieODm+ODsyjjg5Tjg7Pjgq8pICBBVEgtRVE1MDAgUEsgMS4ybeOCs+ODvOODiQ==,YXVkaW8tdGVjaG5pY2Ev44Kq44O844OH44Kj44Kq44OG44Kv44OL44Kr6ICz44GL44GR5Z6L44OY44OD44OJ44Ob44OzKOODlOODs+OCrykgIEFUSC1FUTUwMCBQSyAxLjJt44Kz44O844OJ[rn]
18-38211,aHR0cDovL3RzaG9wLnIxMHMuanAvYWtpYmFtYWMvY2FiaW5ldC8wMTc5NjY0Mi80OTc1NzY5MzgwMDk5LmpwZz9maXRpbj03MDA6NzAw,MTIxNS4yMDAw,,VFbjg7vjgqrjg7zjg4fjgqPjgqrjg7vjgqvjg6Hjg6kgPiDjgqrjg7zjg4fjgqPjgqogPiDjg5jjg4Pjg4njg5vjg7Pjg7vjgqTjg6Tjg5vjg7M=,VmljdG9yL+ODk+OCr+OCv+ODvEhBLUVCNzUtQijpmLLmu7Tku5Xmp5jogLPjgYvjgZHlnovjg5jjg4Pjg4njg5vjg7Mv44OW44Op44OD44KvKQ==,,4peG5b+r6YGp44OV44Kj44OD44OI44Gn44Gv44Ga44KM44Gr44GP44GE44CO44K544Op44Kk44OJ44Kk44Ok44O844OV44OD44Kv44CP5o6h55So6ICz44Gu5aSn44GN44GV44Gr5ZCI44KP44Gb44OV44OD44Kv44Gu5L2N572u44KS6Kq/56+A44Gn44GN44KL44CO44K544Op44Kk44OJ44Kk44Ok44O844OV44OD44Kv44CP44CC44K544Od44O844OE5Lit44KC44Gv44Ga44KM44Gr44GP44GP44CB5b+r6YGp44Gq44Oq44K544OL44Oz44Kw44KS5qW944GX44KB44G+44GZ44CC4peG5ZGo5Zuy44Gu6Z+z44KC6IGe44GT44GI44KE44GZ44GE44Kq44O844OX44Oz5Z6L5a+G6ZaJ5Z6L44Gr5q+U44G55ZGo5Zuy44Gu6Z+z44GM6IGe44GT44GI44KE44GZ44GE44Kq44O844OX44Oz5Z6L44CC44K444On44Ku44Oz44Kw44Gq44Gp44CB44Ot44O844OJ44K544Od44O844OE44Gr6YGp44GX44Gm44GE44G+44GZ44CC4peG44OR44Ov44OV44Or44Gq6auY6Z+z6LOq44K144Km44Oz44OJ44KS5YaN55Sf6ICz44Gu5aWl44Gr5Yq5546H44KI44GP6Z+z44KS5Lyd44GI44KL5qeL6YCg44Gu44CO44OQ44K544OW44O844K544OI44Kk44Ok44O844OU44O844K544CP44Gr44KI44KK44CB6L+r5Yqb44Gu44GC44KL6auY6Z+z6LOq44K144Km44Oz44OJ5YaN55Sf44KS5a6f54++44CC4peG5rGX44Gr5by344GE6Ziy5ru05LuV5qeY44K544Od44O844OE5Lit44Gu5rGX44KE5rC044GX44G244GN44Gr5by344GE6Ziy5ru05LuV5qeY77yI5L+d6K23562J57Sa77yabFBYMu+8ieOAgg==,VmljdG9yL+ODk+OCr+OCv+ODvEhBLUVCNzUtQijpmLLmu7Tku5Xmp5jogLPjgYvjgZHlnovjg5jjg4Pjg4njg5vjg7Mv44OW44Op44OD44KvKe+8muOCveODleODnuODg+ODl+OAgOODh+OCuOOCv+ODq+OCs+ODrOOCr+OCt+ODp+ODsw==,44K944OV44Oe44OD44OXIOODh+OCuOOCv+ODq+OCs+ODrOOCr+OCt+ODp+ODs1NvZm1hcCBEaWdpdGFsIENvbGxlY3Rpb27jg5Hjgr3jgrPjg7Pjgr/jg5bjg6zjg4Pjg4hQQ0hEROOCouOCu+ODs+ODluODquODkeODvOODhOODkeOCveOCs+ODs+ODkeODvOODhOODhuODrOODk+OCsuODvOODoOODluODq+ODvOODrOOCpOOCveODleODiERWROOCveODleODiOa2suaZtuODhuODrOODk+ODluODq+ODvOODrOOCpOODh+OCo+OCueOCr+ODrOOCs+ODvOODgOODvOODh+OCuOOCv+ODq+S4gOecvOODrOODleOCq+ODoeODqeODh+OCuOOCv+ODq+OCq+ODoeODqeWutumbu+aZguioiOS4reWPpOOAgOOCveODleODiOOCouOCpuODiOODrOODg+ODiOS4reWPpOODjuODvOODiOODkeOCveOCs+ODs+S4reWPpOODkeOCveOCs+ODs1ZpY3Rvci/jg5Pjgq/jgr/jg7xIQS1FQjc1LUIo6Ziy5ru05LuV5qeY6ICz44GL44GR5Z6L44OY44OD44OJ44Ob44OzL+ODluODqeODg+OCryk=,VmljdG9yL+ODk+OCr+OCv+ODvEhBLUVCNzUtQijpmLLmu7Tku5Xmp5jogLPjgYvjgZHlnovjg5jjg4Pjg4njg5vjg7Mv44OW44Op44OD44KvKQ==[rn]
18-38212,aHR0cDovL3RzaG9wLnIxMHMuanAvYWtpYmFtYWMvY2FiaW5ldC8wNTEwOTkxMC80NTgwNDQ5ODQxMzA0LmpwZz9maXRpbj03MDA6NzAw,MTc2My4yMDAw,,VFbjg7vjgqrjg7zjg4fjgqPjgqrjg7vjgqvjg6Hjg6kgPiDjgqrjg7zjg4fjgqPjgqogPiDjg5jjg4Pjg4njg5vjg7Pjg7vjgqTjg6Tjg5vjg7M=,U0tVTExDQU5EWe+8u+mYsua7tOS7leanmO+8veiAs+OBi+OBkeWei+OCpOODpOODm+ODsyDvvIhDaG9wcyBidWQgTmF2eS9CbHVlL0JsdWUpIEo0Q0hIWi00NzcgMS4y772N44Kz44O844OJIChDSE9QU0JVRE5BVllCTFUp,,4peG5a6J5YWo5oCn44Gu6auY44GE6ICz44GL44GR44OV44OD44Kv5b2i54q2PGJyPjxicj7il4bogJDkuYXmgKfjgavlhKrjgozjgZ/oqK3oqIjjgajou73ph4/ntKDmnZDjga7kvb/nlKg8YnI+PGJyPuKXhuOCr+ODquOCouOBqumrmOmfs+OAgeODh+OCo+ODvOODl+OBquS9jumfs+OAgeeUn+OBjeeUn+OBjeOBqOOBl+OBn+ODtOOCqeODvOOCq+ODq+OBqDPjgaTjga7opoHntKDjgpLmnIDpq5jjga7pn7Pjg5Djg6njg7PjgrnjgafkvZzjgorkuIrjgZLjgotTdXByZW1lIFNvdW5kIOaQrei8iTxicj48YnI+4peG5Lq66ZaT5bel5a2m44Gr5Z+644Gl44GP44OV44Kj44OD44OI5oSf,U0tVTExDQU5EWe+8u+mYsua7tOS7leanmO+8veiAs+OBi+OBkeWei+OCpOODpOODm+ODsyDvvIhDaG9wcyBidWQgTmF2eS9CbHVlL0JsdWUpIEo0Q0hIWi00NzcgMS4y772N44Kz44O844OJIChDSE9QU0JVRE5BVllCTFUp77ya44K944OV44Oe44OD44OX44CA44OH44K444K/44Or44Kz44Os44Kv44K344On44Oz,44K944OV44Oe44OD44OXIOODh+OCuOOCv+ODq+OCs+ODrOOCr+OCt+ODp+ODs1NvZm1hcCBEaWdpdGFsIENvbGxlY3Rpb27jg5Hjgr3jgrPjg7Pjgr/jg5bjg6zjg4Pjg4hQQ0hEROOCouOCu+ODs+ODluODquODkeODvOODhOODkeOCveOCs+ODs+ODkeODvOODhOODhuODrOODk+OCsuODvOODoOODluODq+ODvOODrOOCpOOCveODleODiERWROOCveODleODiOa2suaZtuODhuODrOODk+ODluODq+ODvOODrOOCpOODh+OCo+OCueOCr+ODrOOCs+ODvOODgOODvOODh+OCuOOCv+ODq+S4gOecvOODrOODleOCq+ODoeODqeODh+OCuOOCv+ODq+OCq+ODoeODqeWutumbu+aZguioiOS4reWPpOOAgOOCveODleODiOOCouOCpuODiOODrOODg+ODiOS4reWPpOODjuODvOODiOODkeOCveOCs+ODs+S4reWPpOODkeOCveOCs+ODs1NLVUxMQ0FORFnvvLvpmLLmu7Tku5Xmp5jvvL3ogLPjgYvjgZHlnovjgqTjg6Tjg5vjg7Mg77yIQ2hvcHMgYnVkIE5hdnkvQmx1ZS9CbHVlKSBKNENISFotNDc3IDEuMu+9jeOCs+ODvOODiSAoQ0hPUFNCVUROQVZZQkxVKQ==,U0tVTExDQU5EWe+8u+mYsua7tOS7leanmO+8veiAs+OBi+OBkeWei+OCpOODpOODm+ODsyDvvIhDaG9wcyBidWQgTmF2eS9CbHVlL0JsdWUpIEo0Q0hIWi00NzcgMS4y772N44Kz44O844OJIChDSE9QU0JVRE5BVllCTFUp[rn]
18-38213,aHR0cDovL3RzaG9wLnIxMHMuanAvYWtpYmFtYWMvY2FiaW5ldC8wMzg5MjYxMy8wNjU1OTQyMjMwNDUxLmpwZz9maXRpbj03MDA6NzAw,MTcwNC4wMDAw,,VFbjg7vjgqrjg7zjg4fjgqPjgqrjg7vjgqvjg6Hjg6kgPiDjgqrjg7zjg4fjgqPjgqogPiDjg5jjg4Pjg4njg5vjg7Pjg7vjgqTjg6Tjg5vjg7M=,Q29tcGx5VHMtNDAwQkxLTTNQIOOCpOODpOODm+ODs+ODgeODg+ODlyAo44OW44Op44OD44KvL03jgrXjgqTjgrovM+ODmuOCoikgKFRTNDAwQkxLTTNQKQ==,,57SU5q2j44K344Oq44Kz44Oz44Gu57SEMzDlgI3mn5TjgonjgYvjgYRDb21wbHnni6zoh6rplovnmbrjga7kvY7lj43nmbrjg53jg6rjgqbjg6zjgr/jg7PjgpLmjqHnlKjjgZnjgovjgZPjgajjgafjgIHjgqTjg6Tjg5vjg7PmgKfog73jgpLkvZnjgZnmiYDjgarjgY/lvJXjgY3lh7rjgZfjgIHjgqTjg6Tjg5vjg7PmnKzmnaXjga7pn7PjgpLmpb3jgZfjgoDjgZPjgajjgYzjgafjgY3jgb7jgZnjgILjgb7jgZ/nkIPkvZPlnovjga7jg5Xjgqnjg7zjg6DjgYzpq5jpn7Pln5/jga7pn7PjgpLjgojjgorjgq/jg6rjgqLjgrXjgqbjg7Pjg4njgavjgZfjgb7jgZnjgII=,Q29tcGx5VHMtNDAwQkxLTTNQIOOCpOODpOODm+ODs+ODgeODg+ODlyAo44OW44Op44OD44KvL03jgrXjgqTjgrovM+ODmuOCoikgKFRTNDAwQkxLTTNQKe+8muOCveODleODnuODg+ODl+OAgOODh+OCuOOCv+ODq+OCs+ODrOOCr+OCt+ODp+ODsw==,44K944OV44Oe44OD44OXIOODh+OCuOOCv+ODq+OCs+ODrOOCr+OCt+ODp+ODs1NvZm1hcCBEaWdpdGFsIENvbGxlY3Rpb27jg5Hjgr3jgrPjg7Pjgr/jg5bjg6zjg4Pjg4hQQ0hEROOCouOCu+ODs+ODluODquODkeODvOODhOODkeOCveOCs+ODs+ODkeODvOODhOODhuODrOODk+OCsuODvOODoOODluODq+ODvOODrOOCpOOCveODleODiERWROOCveODleODiOa2suaZtuODhuODrOODk+ODluODq+ODvOODrOOCpOODh+OCo+OCueOCr+ODrOOCs+ODvOODgOODvOODh+OCuOOCv+ODq+S4gOecvOODrOODleOCq+ODoeODqeODh+OCuOOCv+ODq+OCq+ODoeODqeWutumbu+aZguioiOS4reWPpOOAgOOCveODleODiOOCouOCpuODiOODrOODg+ODiOS4reWPpOODjuODvOODiOODkeOCveOCs+ODs+S4reWPpOODkeOCveOCs+ODs0NvbXBseVRzLTQwMEJMS00zUCDjgqTjg6Tjg5vjg7Pjg4Hjg4Pjg5cgKOODluODqeODg+OCry9N44K144Kk44K6LzPjg5rjgqIpIChUUzQwMEJMS00zUCk=,Q29tcGx5VHMtNDAwQkxLTTNQIOOCpOODpOODm+ODs+ODgeODg+ODlyAo44OW44Op44OD44KvL03jgrXjgqTjgrovM+ODmuOCoikgKFRTNDAwQkxLTTNQKQ==[rn]
18-38214,aHR0cDovL3RzaG9wLnIxMHMuanAvYWtpYmFtYWMvY2FiaW5ldC8wNDU0NDE2Mi80OTMwMzkzNzAwNDYwLmpwZz9maXRpbj03MDA6NzAw,ODA4LjAwMDA=,,VFbjg7vjgqrjg7zjg4fjgqPjgqrjg7vjgqvjg6Hjg6kgPiDjgqrjg7zjg4fjgqPjgqogPiDjg5jjg4Pjg4njg5vjg7Pjg7vjgqTjg6Tjg5vjg7M=,WkVSTyBBVURJT+OCpOODpOODm+ODs+OCseODvOOCuSBCQU5FQ0hPKOODmOOCouODqeOCpOODs+ODluODqeODg+OCrykgWkEtQk4tSEJLIChaQUJOSEJLKQ==,,44OQ44ON6J2255Wq5byP44Gn57Ch5Y2Y44Gr6ZaL6ZaJ44GM44Gn44GN44CB5aSn5YiH44Gq44Kk44Ok44Ob44Oz44KS44GX44Gj44GL44KK44G+44KC44KL44GT44Go44GM44Gn44GN44KL77yB44Kk44Ok44Ob44Oz44Kx44O844K577yL44OY44OD44OJ44Ob44Oz44Kv44Oq44OD44OX,WkVSTyBBVURJT+OCpOODpOODm+ODs+OCseODvOOCuSBCQU5FQ0hPKOODmOOCouODqeOCpOODs+ODluODqeODg+OCrykgWkEtQk4tSEJLIChaQUJOSEJLKe+8muOCveODleODnuODg+ODl+OAgOODh+OCuOOCv+ODq+OCs+ODrOOCr+OCt+ODp+ODsw==,44K944OV44Oe44OD44OXIOODh+OCuOOCv+ODq+OCs+ODrOOCr+OCt+ODp+ODs1NvZm1hcCBEaWdpdGFsIENvbGxlY3Rpb27jg5Hjgr3jgrPjg7Pjgr/jg5bjg6zjg4Pjg4hQQ0hEROOCouOCu+ODs+ODluODquODkeODvOODhOODkeOCveOCs+ODs+ODkeODvOODhOODhuODrOODk+OCsuODvOODoOODluODq+ODvOODrOOCpOOCveODleODiERWROOCveODleODiOa2suaZtuODhuODrOODk+ODluODq+ODvOODrOOCpOODh+OCo+OCueOCr+ODrOOCs+ODvOODgOODvOODh+OCuOOCv+ODq+S4gOecvOODrOODleOCq+ODoeODqeODh+OCuOOCv+ODq+OCq+ODoeODqeWutumbu+aZguioiOS4reWPpOOAgOOCveODleODiOOCouOCpuODiOODrOODg+ODiOS4reWPpOODjuODvOODiOODkeOCveOCs+ODs+S4reWPpOODkeOCveOCs+ODs1pFUk8gQVVESU/jgqTjg6Tjg5vjg7PjgrHjg7zjgrkgQkFORUNITyjjg5jjgqLjg6njgqTjg7Pjg5bjg6njg4Pjgq8pIFpBLUJOLUhCSyAoWkFCTkhCSyk=,WkVSTyBBVURJT+OCpOODpOODm+ODs+OCseODvOOCuSBCQU5FQ0hPKOODmOOCouODqeOCpOODs+ODluODqeODg+OCrykgWkEtQk4tSEJLIChaQUJOSEJLKQ==[rn]
18-38215,aHR0cDovL3RzaG9wLnIxMHMuanAvYWtpYmFtYWMvY2FiaW5ldC8wMzg1MTEzNS8wNjU1OTQyMTcyNjM4LmpwZz9maXRpbj03MDA6NzAw,MTc2MC4wMDAw,,VFbjg7vjgqrjg7zjg4fjgqPjgqrjg7vjgqvjg6Hjg6kgPiDjgqrjg7zjg4fjgqPjgqogPiDjg5jjg4Pjg4njg5vjg7Pjg7vjgqTjg6Tjg5vjg7M=,Q29tcGx5KOOCs+ODs+ODl+ODqeOCpClULTQwMEJMS00zUCDjgqTjg6Tjg5vjg7Pjg4Hjg4Pjg5cgKE3jgrXjgqTjgrovM+ODmuOCoi/jg5bjg6njg4Pjgq8pIChUNDAwQkxLTTNQKQ==,,57SU5q2j44K344Oq44Kz44Oz44Gu57SEMzDlgI3mn5TjgonjgYvjgYRDb21wbHnni6zoh6rplovnmbrjga7kvY7lj43nmbrjg53jg6rjgqbjg6zjgr/jg7PjgpLmjqHnlKjjgZnjgovjgZPjgajjgafjgIHjgqTjg6Tjg5vjg7PmgKfog73jgpLkvZnjgZnmiYDjgarjgY/lvJXjgY3lh7rjgZfjgIHjgqTjg6Tjg5vjg7PmnKzmnaXjga7pn7PjgpLmpb3jgZfjgoDjgZPjgajjgYzjgafjgY3jgb7jgZnjgII=,Q29tcGx5KOOCs+ODs+ODl+ODqeOCpClULTQwMEJMS00zUCDjgqTjg6Tjg5vjg7Pjg4Hjg4Pjg5cgKE3jgrXjgqTjgrovM+ODmuOCoi/jg5bjg6njg4Pjgq8pIChUNDAwQkxLTTNQKe+8muOCveODleODnuODg+ODl+OAgOODh+OCuOOCv+ODq+OCs+ODrOOCr+OCt+ODp+ODsw==,44K944OV44Oe44OD44OXIOODh+OCuOOCv+ODq+OCs+ODrOOCr+OCt+ODp+ODs1NvZm1hcCBEaWdpdGFsIENvbGxlY3Rpb27jg5Hjgr3jgrPjg7Pjgr/jg5bjg6zjg4Pjg4hQQ0hEROOCouOCu+ODs+ODluODquODkeODvOODhOODkeOCveOCs+ODs+ODkeODvOODhOODhuODrOODk+OCsuODvOODoOODluODq+ODvOODrOOCpOOCveODleODiERWROOCveODleODiOa2suaZtuODhuODrOODk+ODluODq+ODvOODrOOCpOODh+OCo+OCueOCr+ODrOOCs+ODvOODgOODvOODh+OCuOOCv+ODq+S4gOecvOODrOODleOCq+ODoeODqeODh+OCuOOCv+ODq+OCq+ODoeODqeWutumbu+aZguioiOS4reWPpOOAgOOCveODleODiOOCouOCpuODiOODrOODg+ODiOS4reWPpOODjuODvOODiOODkeOCveOCs+ODs+S4reWPpOODkeOCveOCs+ODs0NvbXBseSjjgrPjg7Pjg5fjg6njgqQpVC00MDBCTEtNM1Ag44Kk44Ok44Ob44Oz44OB44OD44OXIChN44K144Kk44K6LzPjg5rjgqIv44OW44Op44OD44KvKSAoVDQwMEJMS00zUCk=,Q29tcGx5KOOCs+ODs+ODl+ODqeOCpClULTQwMEJMS00zUCDjgqTjg6Tjg5vjg7Pjg4Hjg4Pjg5cgKE3jgrXjgqTjgrovM+ODmuOCoi/jg5bjg6njg4Pjgq8pIChUNDAwQkxLTTNQKQ==[rn]
18-38216,aHR0cDovL3RzaG9wLnIxMHMuanAvYWtpYmFtYWMvY2FiaW5ldC8wMzg5MjYxMy8wNjU1OTQyMTkwMjEyLmpwZz9maXRpbj03MDA6NzAw,MTkzNi4wMDAw,,VFbjg7vjgqrjg7zjg4fjgqPjgqrjg7vjgqvjg6Hjg6kgPiDjgqrjg7zjg4fjgqPjgqogPiDjg5jjg4Pjg4njg5vjg7Pjg7vjgqTjg6Tjg5vjg7M=,Q29tcGx5KOOCs+ODs+ODl+ODqeOCpCkgVFgyMDBTLzNQ44Kk44Ok44OV44Kp44Oz772l44OB44OD44OXIChUWDIwMFMzUCk=,,44OR44Kk44Ot44OD44OI44KE5pyJ5ZCN44Kk44Ok44Ob44Oz44OW44Op44Oz44OJ44KC5o6h55So44GZ44KLQ29tcGx544Kk44Ok44OV44Kp44Oz772l44OB44OD44OX,Q29tcGx5KOOCs+ODs+ODl+ODqeOCpCkgVFgyMDBTLzNQ44Kk44Ok44OV44Kp44Oz772l44OB44OD44OXIChUWDIwMFMzUCnvvJrjgr3jg5Xjg57jg4Pjg5fjgIDjg4fjgrjjgr/jg6vjgrPjg6zjgq/jgrfjg6fjg7M=,44K944OV44Oe44OD44OXIOODh+OCuOOCv+ODq+OCs+ODrOOCr+OCt+ODp+ODs1NvZm1hcCBEaWdpdGFsIENvbGxlY3Rpb27jg5Hjgr3jgrPjg7Pjgr/jg5bjg6zjg4Pjg4hQQ0hEROOCouOCu+ODs+ODluODquODkeODvOODhOODkeOCveOCs+ODs+ODkeODvOODhOODhuODrOODk+OCsuODvOODoOODluODq+ODvOODrOOCpOOCveODleODiERWROOCveODleODiOa2suaZtuODhuODrOODk+ODluODq+ODvOODrOOCpOODh+OCo+OCueOCr+ODrOOCs+ODvOODgOODvOODh+OCuOOCv+ODq+S4gOecvOODrOODleOCq+ODoeODqeODh+OCuOOCv+ODq+OCq+ODoeODqeWutumbu+aZguioiOS4reWPpOOAgOOCveODleODiOOCouOCpuODiOODrOODg+ODiOS4reWPpOODjuODvOODiOODkeOCveOCs+ODs+S4reWPpOODkeOCveOCs+ODs0NvbXBseSjjgrPjg7Pjg5fjg6njgqQpIFRYMjAwUy8zUOOCpOODpOODleOCqeODs++9peODgeODg+ODlyAoVFgyMDBTM1Ap,Q29tcGx5KOOCs+ODs+ODl+ODqeOCpCkgVFgyMDBTLzNQ44Kk44Ok44OV44Kp44Oz772l44OB44OD44OXIChUWDIwMFMzUCk=[rn]
18-38217,aHR0cDovL3RzaG9wLnIxMHMuanAvYWtpYmFtYWMvY2FiaW5ldC8wMzg1MTEzNS8wNjU1OTQyMTczNjgwLmpwZz9maXRpbj03MDA6NzAw,MTc2MC4wMDAw,,VFbjg7vjgqrjg7zjg4fjgqPjgqrjg7vjgqvjg6Hjg6kgPiDjgqrjg7zjg4fjgqPjgqogPiDjg5jjg4Pjg4njg5vjg7Pjg7vjgqTjg6Tjg5vjg7M=,Q29tcGx5KOOCs+ODs+ODl+ODqeOCpCnjgqTjg6Tjg5vjg7Pjg4Hjg4Pjg5fvvIjjg5bjg6njg4Pjgq/jg7tT44K144Kk44K6LzPjg5rjgqLvvIlULTEwMEJMS1MzUCAoVDEwMEJMS1MzUCk=,,57SU5q2j44K344Oq44Kz44Oz44Gu57SEMzDlgI3mn5TjgonjgYvjgYRDb21wbHnni6zoh6rplovnmbrjga7kvY7lj43nmbrjg53jg6rjgqbjg6zjgr/jg7PjgpLmjqHnlKjjgZnjgovjgZPjgajjgafjgIHjgqTjg6Tjg5vjg7PmgKfog73jgpLkvZnjgZnmiYDjgarjgY/lvJXjgY3lh7rjgZfjgIHjgqTjg6Tjg5vjg7PmnKzmnaXjga7pn7PjgpLmpb3jgZfjgoDjgZPjgajjgYzjgafjgY3jgb7jgZnjgII=,Q29tcGx5KOOCs+ODs+ODl+ODqeOCpCnjgqTjg6Tjg5vjg7Pjg4Hjg4Pjg5fvvIjjg5bjg6njg4Pjgq/jg7tT44K144Kk44K6LzPjg5rjgqLvvIlULTEwMEJMS1MzUCAoVDEwMEJMS1MzUCnvvJrjgr3jg5Xjg57jg4Pjg5fjgIDjg4fjgrjjgr/jg6vjgrPjg6zjgq/jgrfjg6fjg7M=,44K944OV44Oe44OD44OXIOODh+OCuOOCv+ODq+OCs+ODrOOCr+OCt+ODp+ODs1NvZm1hcCBEaWdpdGFsIENvbGxlY3Rpb27jg5Hjgr3jgrPjg7Pjgr/jg5bjg6zjg4Pjg4hQQ0hEROOCouOCu+ODs+ODluODquODkeODvOODhOODkeOCveOCs+ODs+ODkeODvOODhOODhuODrOODk+OCsuODvOODoOODluODq+ODvOODrOOCpOOCveODleODiERWROOCveODleODiOa2suaZtuODhuODrOODk+ODluODq+ODvOODrOOCpOODh+OCo+OCueOCr+ODrOOCs+ODvOODgOODvOODh+OCuOOCv+ODq+S4gOecvOODrOODleOCq+ODoeODqeODh+OCuOOCv+ODq+OCq+ODoeODqeWutumbu+aZguioiOS4reWPpOOAgOOCveODleODiOOCouOCpuODiOODrOODg+ODiOS4reWPpOODjuODvOODiOODkeOCveOCs+ODs+S4reWPpOODkeOCveOCs+ODs0NvbXBseSjjgrPjg7Pjg5fjg6njgqQp44Kk44Ok44Ob44Oz44OB44OD44OX77yI44OW44Op44OD44Kv44O7U+OCteOCpOOCui8z44Oa44Ki77yJVC0xMDBCTEtTM1AgKFQxMDBCTEtTM1Ap,Q29tcGx5KOOCs+ODs+ODl+ODqeOCpCnjgqTjg6Tjg5vjg7Pjg4Hjg4Pjg5fvvIjjg5bjg6njg4Pjgq/jg7tT44K144Kk44K6LzPjg5rjgqLvvIlULTEwMEJMS1MzUCAoVDEwMEJMS1MzUCk=[rn]
18-38218,aHR0cDovL3RzaG9wLnIxMHMuanAvYWtpYmFtYWMvY2FiaW5ldC8wNDU0NDE2Mi80OTMwMzkzNzAwNDE1LmpwZz9maXRpbj03MDA6NzAw,ODA4LjAwMDA=,,VFbjg7vjgqrjg7zjg4fjgqPjgqrjg7vjgqvjg6Hjg6kgPiDjgqrjg7zjg4fjgqPjgqogPiDjg5jjg4Pjg4njg5vjg7Pjg7vjgqTjg6Tjg5vjg7M=,WkVSTyBBVURJT+OCpOODpOODm+ODs+OCseODvOOCuSBCQU5FQ0hPKOOCsOODreOCueOCpOOCqOODreODvCkgWkEtQk4tR1lMIChaQUJOR1lMKQ==,,44OQ44ON6J2255Wq5byP44Gn57Ch5Y2Y44Gr6ZaL6ZaJ44GM44Gn44GN44CB5aSn5YiH44Gq44Kk44Ok44Ob44Oz44KS44GX44Gj44GL44KK44G+44KC44KL44GT44Go44GM44Gn44GN44KL77yB44Kk44Ok44Ob44Oz44Kx44O844K577yL44OY44OD44OJ44Ob44Oz44Kv44Oq44OD44OX,WkVSTyBBVURJT+OCpOODpOODm+ODs+OCseODvOOCuSBCQU5FQ0hPKOOCsOODreOCueOCpOOCqOODreODvCkgWkEtQk4tR1lMIChaQUJOR1lMKe+8muOCveODleODnuODg+ODl+OAgOODh+OCuOOCv+ODq+OCs+ODrOOCr+OCt+ODp+ODsw==,44K944OV44Oe44OD44OXIOODh+OCuOOCv+ODq+OCs+ODrOOCr+OCt+ODp+ODs1NvZm1hcCBEaWdpdGFsIENvbGxlY3Rpb27jg5Hjgr3jgrPjg7Pjgr/jg5bjg6zjg4Pjg4hQQ0hEROOCouOCu+ODs+ODluODquODkeODvOODhOODkeOCveOCs+ODs+ODkeODvOODhOODhuODrOODk+OCsuODvOODoOODluODq+ODvOODrOOCpOOCveODleODiERWROOCveODleODiOa2suaZtuODhuODrOODk+ODluODq+ODvOODrOOCpOODh+OCo+OCueOCr+ODrOOCs+ODvOODgOODvOODh+OCuOOCv+ODq+S4gOecvOODrOODleOCq+ODoeODqeODh+OCuOOCv+ODq+OCq+ODoeODqeWutumbu+aZguioiOS4reWPpOOAgOOCveODleODiOOCouOCpuODiOODrOODg+ODiOS4reWPpOODjuODvOODiOODkeOCveOCs+ODs+S4reWPpOODkeOCveOCs+ODs1pFUk8gQVVESU/jgqTjg6Tjg5vjg7PjgrHjg7zjgrkgQkFORUNITyjjgrDjg63jgrnjgqTjgqjjg63jg7wpIFpBLUJOLUdZTCAoWkFCTkdZTCk=,WkVSTyBBVURJT+OCpOODpOODm+ODs+OCseODvOOCuSBCQU5FQ0hPKOOCsOODreOCueOCpOOCqOODreODvCkgWkEtQk4tR1lMIChaQUJOR1lMKQ==[rn]
18-38219,aHR0cDovL3RzaG9wLnIxMHMuanAvYWtpYmFtYWMvY2FiaW5ldC8wMzg5MjYxMy8wNjU1OTQyMjMwMzgzLmpwZz9maXRpbj03MDA6NzAw,MTgzMi4wMDAw,,VFbjg7vjgqrjg7zjg4fjgqPjgqrjg7vjgqvjg6Hjg6kgPiDjgqrjg7zjg4fjgqPjgqogPiDjg5jjg4Pjg4njg5vjg7Pjg7vjgqTjg6Tjg5vjg7M=,Q29tcGx5VHMtMjAwQkxLTTNQIOOCpOODpOODm+ODs+ODgeODg+ODlyAo44OW44Op44OD44KvL03jgrXjgqTjgrovM+ODmuOCoikgKFRTMjAwQkxLTTNQKQ==,,57SU5q2j44K344Oq44Kz44Oz44Gu57SEMzDlgI3mn5TjgonjgYvjgYRDb21wbHnni6zoh6rplovnmbrjga7kvY7lj43nmbrjg53jg6rjgqbjg6zjgr/jg7PjgpLmjqHnlKjjgZnjgovjgZPjgajjgafjgIHjgqTjg6Tjg5vjg7PmgKfog73jgpLkvZnjgZnmiYDjgarjgY/lvJXjgY3lh7rjgZfjgIHjgqTjg6Tjg5vjg7PmnKzmnaXjga7pn7PjgpLmpb3jgZfjgoDjgZPjgajjgYzjgafjgY3jgb7jgZnjgII=,Q29tcGx5VHMtMjAwQkxLTTNQIOOCpOODpOODm+ODs+ODgeODg+ODlyAo44OW44Op44OD44KvL03jgrXjgqTjgrovM+ODmuOCoikgKFRTMjAwQkxLTTNQKe+8muOCveODleODnuODg+ODl+OAgOODh+OCuOOCv+ODq+OCs+ODrOOCr+OCt+ODp+ODsw==,44K944OV44Oe44OD44OXIOODh+OCuOOCv+ODq+OCs+ODrOOCr+OCt+ODp+ODs1NvZm1hcCBEaWdpdGFsIENvbGxlY3Rpb27jg5Hjgr3jgrPjg7Pjgr/jg5bjg6zjg4Pjg4hQQ0hEROOCouOCu+ODs+ODluODquODkeODvOODhOODkeOCveOCs+ODs+ODkeODvOODhOODhuODrOODk+OCsuODvOODoOODluODq+ODvOODrOOCpOOCveODleODiERWROOCveODleODiOa2suaZtuODhuODrOODk+ODluODq+ODvOODrOOCpOODh+OCo+OCueOCr+ODrOOCs+ODvOODgOODvOODh+OCuOOCv+ODq+S4gOecvOODrOODleOCq+ODoeODqeODh+OCuOOCv+ODq+OCq+ODoeODqeWutumbu+aZguioiOS4reWPpOOAgOOCveODleODiOOCouOCpuODiOODrOODg+ODiOS4reWPpOODjuODvOODiOODkeOCveOCs+ODs+S4reWPpOODkeOCveOCs+ODs0NvbXBseVRzLTIwMEJMS00zUCDjgqTjg6Tjg5vjg7Pjg4Hjg4Pjg5cgKOODluODqeODg+OCry9N44K144Kk44K6LzPjg5rjgqIpIChUUzIwMEJMS00zUCk=,Q29tcGx5VHMtMjAwQkxLTTNQIOOCpOODpOODm+ODs+ODgeODg+ODlyAo44OW44Op44OD44KvL03jgrXjgqTjgrovM+ODmuOCoikgKFRTMjAwQkxLTTNQKQ==[rn]
18-38220,aHR0cDovL3RzaG9wLnIxMHMuanAvYWtpYmFtYWMvY2FiaW5ldC8wNDU0NDE2Mi80OTMwMzkzNzAwNDM5LmpwZz9maXRpbj03MDA6NzAw,ODA4LjAwMDA=,,VFbjg7vjgqrjg7zjg4fjgqPjgqrjg7vjgqvjg6Hjg6kgPiDjgqrjg7zjg4fjgqPjgqogPiDjg5jjg4Pjg4njg5vjg7Pjg7vjgqTjg6Tjg5vjg7M=,WkVSTyBBVURJT+OCpOODpOODm+ODs+OCseODvOOCuSBCQU5FQ0hPKOOCsOODreOCueODluODqeODg+OCrykgWkEtQk4tR0JLIChaQUJOR0JLKQ==,,44OQ44ON6J2255Wq5byP44Gn57Ch5Y2Y44Gr6ZaL6ZaJ44GM44Gn44GN44CB5aSn5YiH44Gq44Kk44Ok44Ob44Oz44KS44GX44Gj44GL44KK44G+44KC44KL44GT44Go44GM44Gn44GN44KL77yB44Kk44Ok44Ob44Oz44Kx44O844K577yL44OY44OD44OJ44Ob44Oz44Kv44Oq44OD44OX,WkVSTyBBVURJT+OCpOODpOODm+ODs+OCseODvOOCuSBCQU5FQ0hPKOOCsOODreOCueODluODqeODg+OCrykgWkEtQk4tR0JLIChaQUJOR0JLKe+8muOCveODleODnuODg+ODl+OAgOODh+OCuOOCv+ODq+OCs+ODrOOCr+OCt+ODp+ODsw==,44K944OV44Oe44OD44OXIOODh+OCuOOCv+ODq+OCs+ODrOOCr+OCt+ODp+ODs1NvZm1hcCBEaWdpdGFsIENvbGxlY3Rpb27jg5Hjgr3jgrPjg7Pjgr/jg5bjg6zjg4Pjg4hQQ0hEROOCouOCu+ODs+ODluODquODkeODvOODhOODkeOCveOCs+ODs+ODkeODvOODhOODhuODrOODk+OCsuODvOODoOODluODq+ODvOODrOOCpOOCveODleODiERWROOCveODleODiOa2suaZtuODhuODrOODk+ODluODq+ODvOODrOOCpOODh+OCo+OCueOCr+ODrOOCs+ODvOODgOODvOODh+OCuOOCv+ODq+S4gOecvOODrOODleOCq+ODoeODqeODh+OCuOOCv+ODq+OCq+ODoeODqeWutumbu+aZguioiOS4reWPpOOAgOOCveODleODiOOCouOCpuODiOODrOODg+ODiOS4reWPpOODjuODvOODiOODkeOCveOCs+ODs+S4reWPpOODkeOCveOCs+ODs1pFUk8gQVVESU/jgqTjg6Tjg5vjg7PjgrHjg7zjgrkgQkFORUNITyjjgrDjg63jgrnjg5bjg6njg4Pjgq8pIFpBLUJOLUdCSyAoWkFCTkdCSyk=,WkVSTyBBVURJT+OCpOODpOODm+ODs+OCseODvOOCuSBCQU5FQ0hPKOOCsOODreOCueODluODqeODg+OCrykgWkEtQk4tR0JLIChaQUJOR0JLKQ==[rn]
18-38221,aHR0cDovL3RzaG9wLnIxMHMuanAvYWtpYmFtYWMvY2FiaW5ldC8wMzg5MjYxMy8wNjU1OTQyMjMwMzE0LmpwZz9maXRpbj03MDA6NzAw,MTgzMi4wMDAw,,VFbjg7vjgqrjg7zjg4fjgqPjgqrjg7vjgqvjg6Hjg6kgPiDjgqrjg7zjg4fjgqPjgqogPiDjg5jjg4Pjg4njg5vjg7Pjg7vjgqTjg6Tjg5vjg7M=,Q29tcGx5VFMtMTAwQkxLTTNQIOOCpOODpOODm+ODs+ODgeODg+ODlyAo44OW44Op44OD44KvL03jgrXjgqTjgrovM+ODmuOCoikgKFRTMTAwQkxLTTNQKQ==,,57SU5q2j44K344Oq44Kz44Oz44Gu57SEMzDlgI3mn5TjgonjgYvjgYRDb21wbHnni6zoh6rplovnmbrjga7kvY7lj43nmbrjg53jg6rjgqbjg6zjgr/jg7PjgpLmjqHnlKjjgZnjgovjgZPjgajjgafjgIHjgqTjg6Tjg5vjg7PmgKfog73jgpLkvZnjgZnmiYDjgarjgY/lvJXjgY3lh7rjgZfjgIHjgqTjg6Tjg5vjg7PmnKzmnaXjga7pn7PjgpLmpb3jgZfjgoDjgZPjgajjgYzjgafjgY3jgb7jgZnjgII=,Q29tcGx5VFMtMTAwQkxLTTNQIOOCpOODpOODm+ODs+ODgeODg+ODlyAo44OW44Op44OD44KvL03jgrXjgqTjgrovM+ODmuOCoikgKFRTMTAwQkxLTTNQKe+8muOCveODleODnuODg+ODl+OAgOODh+OCuOOCv+ODq+OCs+ODrOOCr+OCt+ODp+ODsw==,44K944OV44Oe44OD44OXIOODh+OCuOOCv+ODq+OCs+ODrOOCr+OCt+ODp+ODs1NvZm1hcCBEaWdpdGFsIENvbGxlY3Rpb27jg5Hjgr3jgrPjg7Pjgr/jg5bjg6zjg4Pjg4hQQ0hEROOCouOCu+ODs+ODluODquODkeODvOODhOODkeOCveOCs+ODs+ODkeODvOODhOODhuODrOODk+OCsuODvOODoOODluODq+ODvOODrOOCpOOCveODleODiERWROOCveODleODiOa2suaZtuODhuODrOODk+ODluODq+ODvOODrOOCpOODh+OCo+OCueOCr+ODrOOCs+ODvOODgOODvOODh+OCuOOCv+ODq+S4gOecvOODrOODleOCq+ODoeODqeODh+OCuOOCv+ODq+OCq+ODoeODqeWutumbu+aZguioiOS4reWPpOOAgOOCveODleODiOOCouOCpuODiOODrOODg+ODiOS4reWPpOODjuODvOODiOODkeOCveOCs+ODs+S4reWPpOODkeOCveOCs+ODs0NvbXBseVRTLTEwMEJMS00zUCDjgqTjg6Tjg5vjg7Pjg4Hjg4Pjg5cgKOODluODqeODg+OCry9N44K144Kk44K6LzPjg5rjgqIpIChUUzEwMEJMS00zUCk=,Q29tcGx5VFMtMTAwQkxLTTNQIOOCpOODpOODm+ODs+ODgeODg+ODlyAo44OW44Op44OD44KvL03jgrXjgqTjgrovM+ODmuOCoikgKFRTMTAwQkxLTTNQKQ==[rn]
18-38222,aHR0cDovL3RzaG9wLnIxMHMuanAvYWtpYmFtYWMvY2FiaW5ldC8wNDQ2MjUyMi80OTMwMzkzNzAwMzYxLmpwZz9maXRpbj03MDA6NzAw,NDMwLjQwMDA=,,VFbjg7vjgqrjg7zjg4fjgqPjgqrjg7vjgqvjg6Hjg6kgPiDjgqrjg7zjg4fjgqPjgqogPiDjg5jjg4Pjg4njg5vjg7Pjg7vjgqTjg6Tjg5vjg7M=,44K844Ot44Kq44O844OH44Kj44Kq44OY44OD44OJ44Ob44Oz44Kv44Oq44OD44OXKOODluODqeODg+OCrykgWkEtQ0xQLUtSIChaQUNMUEtSKQ==,,44OY44OD44OJ44Ob44Oz44Kv44Oq44OD44OX,44K844Ot44Kq44O844OH44Kj44Kq44OY44OD44OJ44Ob44Oz44Kv44Oq44OD44OXKOODluODqeODg+OCrykgWkEtQ0xQLUtSIChaQUNMUEtSKe+8muOCveODleODnuODg+ODl+OAgOODh+OCuOOCv+ODq+OCs+ODrOOCr+OCt+ODp+ODsw==,44K944OV44Oe44OD44OXIOODh+OCuOOCv+ODq+OCs+ODrOOCr+OCt+ODp+ODs1NvZm1hcCBEaWdpdGFsIENvbGxlY3Rpb27jg5Hjgr3jgrPjg7Pjgr/jg5bjg6zjg4Pjg4hQQ0hEROOCouOCu+ODs+ODluODquODkeODvOODhOODkeOCveOCs+ODs+ODkeODvOODhOODhuODrOODk+OCsuODvOODoOODluODq+ODvOODrOOCpOOCveODleODiERWROOCveODleODiOa2suaZtuODhuODrOODk+ODluODq+ODvOODrOOCpOODh+OCo+OCueOCr+ODrOOCs+ODvOODgOODvOODh+OCuOOCv+ODq+S4gOecvOODrOODleOCq+ODoeODqeODh+OCuOOCv+ODq+OCq+ODoeODqeWutumbu+aZguioiOS4reWPpOOAgOOCveODleODiOOCouOCpuODiOODrOODg+ODiOS4reWPpOODjuODvOODiOODkeOCveOCs+ODs+S4reWPpOODkeOCveOCs+ODs+OCvOODreOCquODvOODh+OCo+OCquODmOODg+ODieODm+ODs+OCr+ODquODg+ODlyjjg5bjg6njg4Pjgq8pIFpBLUNMUC1LUiAoWkFDTFBLUik=,44K844Ot44Kq44O844OH44Kj44Kq44OY44OD44OJ44Ob44Oz44Kv44Oq44OD44OXKOODluODqeODg+OCrykgWkEtQ0xQLUtSIChaQUNMUEtSKQ==[rn]
18-38223,aHR0cDovL3RzaG9wLnIxMHMuanAvYWtpYmFtYWMvY2FiaW5ldC8wMzg5MjYxMy8wNjU1OTQyMjMwNDc1LmpwZz9maXRpbj03MDA6NzAw,MTczNi4wMDAw,,VFbjg7vjgqrjg7zjg4fjgqPjgqrjg7vjgqvjg6Hjg6kgPiDjgqrjg7zjg4fjgqPjgqogPiDjg5jjg4Pjg4njg5vjg7Pjg7vjgqTjg6Tjg5vjg7M=,Q29tcGx5VHMtNDAwQkxLUzNQIOOCpOODpOODm+ODs+ODgeODg+ODlyAo44OW44Op44OD44KvL1PjgrXjgqTjgrovM+ODmuOCoikgKFRTNDAwQkxLUzNQKQ==,,57SU5q2j44K344Oq44Kz44Oz44Gu57SEMzDlgI3mn5TjgonjgYvjgYRDb21wbHnni6zoh6rplovnmbrjga7kvY7lj43nmbrjg53jg6rjgqbjg6zjgr/jg7PjgpLmjqHnlKjjgZnjgovjgZPjgajjgafjgIHjgqTjg6Tjg5vjg7PmgKfog73jgpLkvZnjgZnmiYDjgarjgY/lvJXjgY3lh7rjgZfjgIHjgqTjg6Tjg5vjg7PmnKzmnaXjga7pn7PjgpLmpb3jgZfjgoDjgZPjgajjgYzjgafjgY3jgb7jgZnjgILjgb7jgZ/nkIPkvZPlnovjga7jg5Xjgqnjg7zjg6DjgYzpq5jpn7Pln5/jga7pn7PjgpLjgojjgorjgq/jg6rjgqLjgrXjgqbjg7Pjg4njgavjgZfjgb7jgZnjgII=,Q29tcGx5VHMtNDAwQkxLUzNQIOOCpOODpOODm+ODs+ODgeODg+ODlyAo44OW44Op44OD44KvL1PjgrXjgqTjgrovM+ODmuOCoikgKFRTNDAwQkxLUzNQKe+8muOCveODleODnuODg+ODl+OAgOODh+OCuOOCv+ODq+OCs+ODrOOCr+OCt+ODp+ODsw==,44K944OV44Oe44OD44OXIOODh+OCuOOCv+ODq+OCs+ODrOOCr+OCt+ODp+ODs1NvZm1hcCBEaWdpdGFsIENvbGxlY3Rpb27jg5Hjgr3jgrPjg7Pjgr/jg5bjg6zjg4Pjg4hQQ0hEROOCouOCu+ODs+ODluODquODkeODvOODhOODkeOCveOCs+ODs+ODkeODvOODhOODhuODrOODk+OCsuODvOODoOODluODq+ODvOODrOOCpOOCveODleODiERWROOCveODleODiOa2suaZtuODhuODrOODk+ODluODq+ODvOODrOOCpOODh+OCo+OCueOCr+ODrOOCs+ODvOODgOODvOODh+OCuOOCv+ODq+S4gOecvOODrOODleOCq+ODoeODqeODh+OCuOOCv+ODq+OCq+ODoeODqeWutumbu+aZguioiOS4reWPpOOAgOOCveODleODiOOCouOCpuODiOODrOODg+ODiOS4reWPpOODjuODvOODiOODkeOCveOCs+ODs+S4reWPpOODkeOCveOCs+ODs0NvbXBseVRzLTQwMEJMS1MzUCDjgqTjg6Tjg5vjg7Pjg4Hjg4Pjg5cgKOODluODqeODg+OCry9T44K144Kk44K6LzPjg5rjgqIpIChUUzQwMEJMS1MzUCk=,Q29tcGx5VHMtNDAwQkxLUzNQIOOCpOODpOODm+ODs+ODgeODg+ODlyAo44OW44Op44OD44KvL1PjgrXjgqTjgrovM+ODmuOCoikgKFRTNDAwQkxLUzNQKQ==[rn]
18-38224,aHR0cDovL3RzaG9wLnIxMHMuanAvYWtpYmFtYWMvY2FiaW5ldC8wMzg1MTEzNS8wNjU1OTQyMTczODcxLmpwZz9maXRpbj03MDA6NzAw,MTc2MC4wMDAw,,VFbjg7vjgqrjg7zjg4fjgqPjgqrjg7vjgqvjg6Hjg6kgPiDjgqrjg7zjg4fjgqPjgqogPiDjg5jjg4Pjg4njg5vjg7Pjg7vjgqTjg6Tjg5vjg7M=,Q29tcGx5KOOCs+ODs+ODl+ODqeOCpClULTQwMEJMS0wzUCDjgqTjg6Tjg5vjg7Pjg4Hjg4Pjg5cgKEzjgrXjgqTjgrovM+ODmuOCoi/jg5bjg6njg4Pjgq8pIChUNDAwQkxLTDNQKQ==,,57SU5q2j44K344Oq44Kz44Oz44Gu57SEMzDlgI3mn5TjgonjgYvjgYRDb21wbHnni6zoh6rplovnmbrjga7kvY7lj43nmbrjg53jg6rjgqbjg6zjgr/jg7PjgpLmjqHnlKjjgZnjgovjgZPjgajjgafjgIHjgqTjg6Tjg5vjg7PmgKfog73jgpLkvZnjgZnmiYDjgarjgY/lvJXjgY3lh7rjgZfjgIHjgqTjg6Tjg5vjg7PmnKzmnaXjga7pn7PjgpLmpb3jgZfjgoDjgZPjgajjgYzjgafjgY3jgb7jgZnjgII=,Q29tcGx5KOOCs+ODs+ODl+ODqeOCpClULTQwMEJMS0wzUCDjgqTjg6Tjg5vjg7Pjg4Hjg4Pjg5cgKEzjgrXjgqTjgrovM+ODmuOCoi/jg5bjg6njg4Pjgq8pIChUNDAwQkxLTDNQKe+8muOCveODleODnuODg+ODl+OAgOODh+OCuOOCv+ODq+OCs+ODrOOCr+OCt+ODp+ODsw==,44K944OV44Oe44OD44OXIOODh+OCuOOCv+ODq+OCs+ODrOOCr+OCt+ODp+ODs1NvZm1hcCBEaWdpdGFsIENvbGxlY3Rpb27jg5Hjgr3jgrPjg7Pjgr/jg5bjg6zjg4Pjg4hQQ0hEROOCouOCu+ODs+ODluODquODkeODvOODhOODkeOCveOCs+ODs+ODkeODvOODhOODhuODrOODk+OCsuODvOODoOODluODq+ODvOODrOOCpOOCveODleODiERWROOCveODleODiOa2suaZtuODhuODrOODk+ODluODq+ODvOODrOOCpOODh+OCo+OCueOCr+ODrOOCs+ODvOODgOODvOODh+OCuOOCv+ODq+S4gOecvOODrOODleOCq+ODoeODqeODh+OCuOOCv+ODq+OCq+ODoeODqeWutumbu+aZguioiOS4reWPpOOAgOOCveODleODiOOCouOCpuODiOODrOODg+ODiOS4reWPpOODjuODvOODiOODkeOCveOCs+ODs+S4reWPpOODkeOCveOCs+ODs0NvbXBseSjjgrPjg7Pjg5fjg6njgqQpVC00MDBCTEtMM1Ag44Kk44Ok44Ob44Oz44OB44OD44OXIChM44K144Kk44K6LzPjg5rjgqIv44OW44Op44OD44KvKSAoVDQwMEJMS0wzUCk=,Q29tcGx5KOOCs+ODs+ODl+ODqeOCpClULTQwMEJMS0wzUCDjgqTjg6Tjg5vjg7Pjg4Hjg4Pjg5cgKEzjgrXjgqTjgrovM+ODmuOCoi/jg5bjg6njg4Pjgq8pIChUNDAwQkxLTDNQKQ==[rn]
18-38225,aHR0cDovL3RzaG9wLnIxMHMuanAvYWtpYmFtYWMvY2FiaW5ldC8wMzg5MjYxMy8wNjU1OTQyMTkwMjk4LmpwZz9maXRpbj03MDA6NzAw,MTkzNi4wMDAw,,VFbjg7vjgqrjg7zjg4fjgqPjgqrjg7vjgqvjg6Hjg6kgPiDjgqrjg7zjg4fjgqPjgqogPiDjg5jjg4Pjg4njg5vjg7Pjg7vjgqTjg6Tjg5vjg7M=,Q29tcGx5KOOCs+ODs+ODl+ODqeOCpCkgVFgyMDBMLzNQ44Kk44Ok44OV44Kp44Oz772l44OB44OD44OXIChUWDIwMEwzUCk=,,44OR44Kk44Ot44OD44OI44KE5pyJ5ZCN44Kk44Ok44Ob44Oz44OW44Op44Oz44OJ44KC5o6h55So44GZ44KLQ29tcGx544Kk44Ok44OV44Kp44Oz772l44OB44OD44OX,Q29tcGx5KOOCs+ODs+ODl+ODqeOCpCkgVFgyMDBMLzNQ44Kk44Ok44OV44Kp44Oz772l44OB44OD44OXIChUWDIwMEwzUCnvvJrjgr3jg5Xjg57jg4Pjg5fjgIDjg4fjgrjjgr/jg6vjgrPjg6zjgq/jgrfjg6fjg7M=,44K944OV44Oe44OD44OXIOODh+OCuOOCv+ODq+OCs+ODrOOCr+OCt+ODp+ODs1NvZm1hcCBEaWdpdGFsIENvbGxlY3Rpb27jg5Hjgr3jgrPjg7Pjgr/jg5bjg6zjg4Pjg4hQQ0hEROOCouOCu+ODs+ODluODquODkeODvOODhOODkeOCveOCs+ODs+ODkeODvOODhOODhuODrOODk+OCsuODvOODoOODluODq+ODvOODrOOCpOOCveODleODiERWROOCveODleODiOa2suaZtuODhuODrOODk+ODluODq+ODvOODrOOCpOODh+OCo+OCueOCr+ODrOOCs+ODvOODgOODvOODh+OCuOOCv+ODq+S4gOecvOODrOODleOCq+ODoeODqeODh+OCuOOCv+ODq+OCq+ODoeODqeWutumbu+aZguioiOS4reWPpOOAgOOCveODleODiOOCouOCpuODiOODrOODg+ODiOS4reWPpOODjuODvOODiOODkeOCveOCs+ODs+S4reWPpOODkeOCveOCs+ODs0NvbXBseSjjgrPjg7Pjg5fjg6njgqQpIFRYMjAwTC8zUOOCpOODpOODleOCqeODs++9peODgeODg+ODlyAoVFgyMDBMM1Ap,Q29tcGx5KOOCs+ODs+ODl+ODqeOCpCkgVFgyMDBMLzNQ44Kk44Ok44OV44Kp44Oz772l44OB44OD44OXIChUWDIwMEwzUCk=[rn]
18-38226,aHR0cDovL3RzaG9wLnIxMHMuanAvYWtpYmFtYWMvY2FiaW5ldC8wNDU0NDE2Mi80OTMwMzkzNzAwNDQ2LmpwZz9maXRpbj03MDA6NzAw,ODA4LjAwMDA=,,VFbjg7vjgqrjg7zjg4fjgqPjgqrjg7vjgqvjg6Hjg6kgPiDjgqrjg7zjg4fjgqPjgqogPiDjg5jjg4Pjg4njg5vjg7Pjg7vjgqTjg6Tjg5vjg7M=,WkVSTyBBVURJT+OCpOODpOODm+ODs+OCseODvOOCuSBCQU5FQ0hPKOOCsOODreOCueODlOODs+OCrykgWkEtQk4tR1BLIChaQUJOR1BLKQ==,,44OQ44ON6J2255Wq5byP44Gn57Ch5Y2Y44Gr6ZaL6ZaJ44GM44Gn44GN44CB5aSn5YiH44Gq44Kk44Ok44Ob44Oz44KS44GX44Gj44GL44KK44G+44KC44KL44GT44Go44GM44Gn44GN44KL77yB44Kk44Ok44Ob44Oz44Kx44O844K577yL44OY44OD44OJ44Ob44Oz44Kv44Oq44OD44OX,WkVSTyBBVURJT+OCpOODpOODm+ODs+OCseODvOOCuSBCQU5FQ0hPKOOCsOODreOCueODlOODs+OCrykgWkEtQk4tR1BLIChaQUJOR1BLKe+8muOCveODleODnuODg+ODl+OAgOODh+OCuOOCv+ODq+OCs+ODrOOCr+OCt+ODp+ODsw==,44K944OV44Oe44OD44OXIOODh+OCuOOCv+ODq+OCs+ODrOOCr+OCt+ODp+ODs1NvZm1hcCBEaWdpdGFsIENvbGxlY3Rpb27jg5Hjgr3jgrPjg7Pjgr/jg5bjg6zjg4Pjg4hQQ0hEROOCouOCu+ODs+ODluODquODkeODvOODhOODkeOCveOCs+ODs+ODkeODvOODhOODhuODrOODk+OCsuODvOODoOODluODq+ODvOODrOOCpOOCveODleODiERWROOCveODleODiOa2suaZtuODhuODrOODk+ODluODq+ODvOODrOOCpOODh+OCo+OCueOCr+ODrOOCs+ODvOODgOODvOODh+OCuOOCv+ODq+S4gOecvOODrOODleOCq+ODoeODqeODh+OCuOOCv+ODq+OCq+ODoeODqeWutumbu+aZguioiOS4reWPpOOAgOOCveODleODiOOCouOCpuODiOODrOODg+ODiOS4reWPpOODjuODvOODiOODkeOCveOCs+ODs+S4reWPpOODkeOCveOCs+ODs1pFUk8gQVVESU/jgqTjg6Tjg5vjg7PjgrHjg7zjgrkgQkFORUNITyjjgrDjg63jgrnjg5Tjg7Pjgq8pIFpBLUJOLUdQSyAoWkFCTkdQSyk=,WkVSTyBBVURJT+OCpOODpOODm+ODs+OCseODvOOCuSBCQU5FQ0hPKOOCsOODreOCueODlOODs+OCrykgWkEtQk4tR1BLIChaQUJOR1BLKQ==[rn]
18-38227,aHR0cDovL3RzaG9wLnIxMHMuanAvYWtpYmFtYWMvY2FiaW5ldC8wNDQ2MjUyMi80OTMwMzkzNzAwMzMwLmpwZz9maXRpbj03MDA6NzAw,NDMwLjQwMDA=,,VFbjg7vjgqrjg7zjg4fjgqPjgqrjg7vjgqvjg6Hjg6kgPiDjgqrjg7zjg4fjgqPjgqogPiDjg5jjg4Pjg4njg5vjg7Pjg7vjgqTjg6Tjg5vjg7M=,44K844Ot44Kq44O844OH44Kj44Kq44OY44OD44OJ44Ob44Oz44Kv44Oq44OD44OXKOODluODq+ODvCkgWkEtQ0xQLUJXIChaQUNMUEJXKQ==,,44OY44OD44OJ44Ob44Oz44Kv44Oq44OD44OX,44K844Ot44Kq44O844OH44Kj44Kq44OY44OD44OJ44Ob44Oz44Kv44Oq44OD44OXKOODluODq+ODvCkgWkEtQ0xQLUJXIChaQUNMUEJXKe+8muOCveODleODnuODg+ODl+OAgOODh+OCuOOCv+ODq+OCs+ODrOOCr+OCt+ODp+ODsw==,44K944OV44Oe44OD44OXIOODh+OCuOOCv+ODq+OCs+ODrOOCr+OCt+ODp+ODs1NvZm1hcCBEaWdpdGFsIENvbGxlY3Rpb27jg5Hjgr3jgrPjg7Pjgr/jg5bjg6zjg4Pjg4hQQ0hEROOCouOCu+ODs+ODluODquODkeODvOODhOODkeOCveOCs+ODs+ODkeODvOODhOODhuODrOODk+OCsuODvOODoOODluODq+ODvOODrOOCpOOCveODleODiERWROOCveODleODiOa2suaZtuODhuODrOODk+ODluODq+ODvOODrOOCpOODh+OCo+OCueOCr+ODrOOCs+ODvOODgOODvOODh+OCuOOCv+ODq+S4gOecvOODrOODleOCq+ODoeODqeODh+OCuOOCv+ODq+OCq+ODoeODqeWutumbu+aZguioiOS4reWPpOOAgOOCveODleODiOOCouOCpuODiOODrOODg+ODiOS4reWPpOODjuODvOODiOODkeOCveOCs+ODs+S4reWPpOODkeOCveOCs+ODs+OCvOODreOCquODvOODh+OCo+OCquODmOODg+ODieODm+ODs+OCr+ODquODg+ODlyjjg5bjg6vjg7wpIFpBLUNMUC1CVyAoWkFDTFBCVyk=,44K844Ot44Kq44O844OH44Kj44Kq44OY44OD44OJ44Ob44Oz44Kv44Oq44OD44OXKOODluODq+ODvCkgWkEtQ0xQLUJXIChaQUNMUEJXKQ==[rn]
18-38228,aHR0cDovL3RzaG9wLnIxMHMuanAvYWtpYmFtYWMvY2FiaW5ldC8wMzg1MTEzNS8wNjU1OTQyMTcyNjQ1LmpwZz9maXRpbj03MDA6NzAw,MTc2MC4wMDAw,,VFbjg7vjgqrjg7zjg4fjgqPjgqrjg7vjgqvjg6Hjg6kgPiDjgqrjg7zjg4fjgqPjgqogPiDjg5jjg4Pjg4njg5vjg7Pjg7vjgqTjg6Tjg5vjg7M=,Q29tcGx5KOOCs+ODs+ODl+ODqeOCpCnjgqTjg6Tjg5vjg7Pjg4Hjg4Pjg5fvvIjjg5bjg6njg4Pjgq/jg7tN44K144Kk44K6LzPjg5rjgqLvvIlULTUwMEJMS00zUCAoVDUwMEJMS00zUCk=,,57SU5q2j44K344Oq44Kz44Oz44Gu57SEMzDlgI3mn5TjgonjgYvjgYRDb21wbHnni6zoh6rplovnmbrjga7kvY7lj43nmbrjg53jg6rjgqbjg6zjgr/jg7PjgpLmjqHnlKjjgZnjgovjgZPjgajjgafjgIHjgqTjg6Tjg5vjg7PmgKfog73jgpLkvZnjgZnmiYDjgarjgY/lvJXjgY3lh7rjgZfjgIHjgqTjg6Tjg5vjg7PmnKzmnaXjga7pn7PjgpLmpb3jgZfjgoDjgZPjgajjgYzjgafjgY3jgb7jgZnjgII=,Q29tcGx5KOOCs+ODs+ODl+ODqeOCpCnjgqTjg6Tjg5vjg7Pjg4Hjg4Pjg5fvvIjjg5bjg6njg4Pjgq/jg7tN44K144Kk44K6LzPjg5rjgqLvvIlULTUwMEJMS00zUCAoVDUwMEJMS00zUCnvvJrjgr3jg5Xjg57jg4Pjg5fjgIDjg4fjgrjjgr/jg6vjgrPjg6zjgq/jgrfjg6fjg7M=,44K944OV44Oe44OD44OXIOODh+OCuOOCv+ODq+OCs+ODrOOCr+OCt+ODp+ODs1NvZm1hcCBEaWdpdGFsIENvbGxlY3Rpb27jg5Hjgr3jgrPjg7Pjgr/jg5bjg6zjg4Pjg4hQQ0hEROOCouOCu+ODs+ODluODquODkeODvOODhOODkeOCveOCs+ODs+ODkeODvOODhOODhuODrOODk+OCsuODvOODoOODluODq+ODvOODrOOCpOOCveODleODiERWROOCveODleODiOa2suaZtuODhuODrOODk+ODluODq+ODvOODrOOCpOODh+OCo+OCueOCr+ODrOOCs+ODvOODgOODvOODh+OCuOOCv+ODq+S4gOecvOODrOODleOCq+ODoeODqeODh+OCuOOCv+ODq+OCq+ODoeODqeWutumbu+aZguioiOS4reWPpOOAgOOCveODleODiOOCouOCpuODiOODrOODg+ODiOS4reWPpOODjuODvOODiOODkeOCveOCs+ODs+S4reWPpOODkeOCveOCs+ODs0NvbXBseSjjgrPjg7Pjg5fjg6njgqQp44Kk44Ok44Ob44Oz44OB44OD44OX77yI44OW44Op44OD44Kv44O7TeOCteOCpOOCui8z44Oa44Ki77yJVC01MDBCTEtNM1AgKFQ1MDBCTEtNM1Ap,Q29tcGx5KOOCs+ODs+ODl+ODqeOCpCnjgqTjg6Tjg5vjg7Pjg4Hjg4Pjg5fvvIjjg5bjg6njg4Pjgq/jg7tN44K144Kk44K6LzPjg5rjgqLvvIlULTUwMEJMS00zUCAoVDUwMEJMS00zUCk=[rn]
18-38229,aHR0cDovL3RzaG9wLnIxMHMuanAvYWtpYmFtYWMvY2FiaW5ldC8wNDQ2MjUyMi80OTMwMzkzNzAwMzIzLmpwZz9maXRpbj03MDA6NzAw,NDMwLjQwMDA=,,VFbjg7vjgqrjg7zjg4fjgqPjgqrjg7vjgqvjg6Hjg6kgPiDjgqrjg7zjg4fjgqPjgqogPiDjg5jjg4Pjg4njg5vjg7Pjg7vjgqTjg6Tjg5vjg7M=,44K844Ot44Kq44O844OH44Kj44Kq44OY44OD44OJ44Ob44Oz44Kv44Oq44OD44OXKOODrOODg+ODiSkgWkEtQ0xQLVJXIChaQUNMUFJXKQ==,,44OY44OD44OJ44Ob44Oz44Kv44Oq44OD44OX,44K844Ot44Kq44O844OH44Kj44Kq44OY44OD44OJ44Ob44Oz44Kv44Oq44OD44OXKOODrOODg+ODiSkgWkEtQ0xQLVJXIChaQUNMUFJXKe+8muOCveODleODnuODg+ODl+OAgOODh+OCuOOCv+ODq+OCs+ODrOOCr+OCt+ODp+ODsw==,44K944OV44Oe44OD44OXIOODh+OCuOOCv+ODq+OCs+ODrOOCr+OCt+ODp+ODs1NvZm1hcCBEaWdpdGFsIENvbGxlY3Rpb27jg5Hjgr3jgrPjg7Pjgr/jg5bjg6zjg4Pjg4hQQ0hEROOCouOCu+ODs+ODluODquODkeODvOODhOODkeOCveOCs+ODs+ODkeODvOODhOODhuODrOODk+OCsuODvOODoOODluODq+ODvOODrOOCpOOCveODleODiERWROOCveODleODiOa2suaZtuODhuODrOODk+ODluODq+ODvOODrOOCpOODh+OCo+OCueOCr+ODrOOCs+ODvOODgOODvOODh+OCuOOCv+ODq+S4gOecvOODrOODleOCq+ODoeODqeODh+OCuOOCv+ODq+OCq+ODoeODqeWutumbu+aZguioiOS4reWPpOOAgOOCveODleODiOOCouOCpuODiOODrOODg+ODiOS4reWPpOODjuODvOODiOODkeOCveOCs+ODs+S4reWPpOODkeOCveOCs+ODs+OCvOODreOCquODvOODh+OCo+OCquODmOODg+ODieODm+ODs+OCr+ODquODg+ODlyjjg6zjg4Pjg4kpIFpBLUNMUC1SVyAoWkFDTFBSVyk=,44K844Ot44Kq44O844OH44Kj44Kq44OY44OD44OJ44Ob44Oz44Kv44Oq44OD44OXKOODrOODg+ODiSkgWkEtQ0xQLVJXIChaQUNMUFJXKQ==[rn]
18-38230,aHR0cDovL3RzaG9wLnIxMHMuanAvYWtpYmFtYWMvY2FiaW5ldC8wNDQ2MjUyMi80OTMwMzkzNzAwMzQ3LmpwZz9maXRpbj03MDA6NzAw,NDMwLjQwMDA=,,VFbjg7vjgqrjg7zjg4fjgqPjgqrjg7vjgqvjg6Hjg6kgPiDjgqrjg7zjg4fjgqPjgqogPiDjg5jjg4Pjg4njg5vjg7Pjg7vjgqTjg6Tjg5vjg7M=,44K844Ot44Kq44O844OH44Kj44Kq44OY44OD44OJ44Ob44Oz44Kv44Oq44OD44OXKOOCsOODquODvOODsykgWkEtQ0xQLUdXIChaQUNMUEdXKQ==,,44OY44OD44OJ44Ob44Oz44Kv44Oq44OD44OX,44K844Ot44Kq44O844OH44Kj44Kq44OY44OD44OJ44Ob44Oz44Kv44Oq44OD44OXKOOCsOODquODvOODsykgWkEtQ0xQLUdXIChaQUNMUEdXKe+8muOCveODleODnuODg+ODl+OAgOODh+OCuOOCv+ODq+OCs+ODrOOCr+OCt+ODp+ODsw==,44K944OV44Oe44OD44OXIOODh+OCuOOCv+ODq+OCs+ODrOOCr+OCt+ODp+ODs1NvZm1hcCBEaWdpdGFsIENvbGxlY3Rpb27jg5Hjgr3jgrPjg7Pjgr/jg5bjg6zjg4Pjg4hQQ0hEROOCouOCu+ODs+ODluODquODkeODvOODhOODkeOCveOCs+ODs+ODkeODvOODhOODhuODrOODk+OCsuODvOODoOODluODq+ODvOODrOOCpOOCveODleODiERWROOCveODleODiOa2suaZtuODhuODrOODk+ODluODq+ODvOODrOOCpOODh+OCo+OCueOCr+ODrOOCs+ODvOODgOODvOODh+OCuOOCv+ODq+S4gOecvOODrOODleOCq+ODoeODqeODh+OCuOOCv+ODq+OCq+ODoeODqeWutumbu+aZguioiOS4reWPpOOAgOOCveODleODiOOCouOCpuODiOODrOODg+ODiOS4reWPpOODjuODvOODiOODkeOCveOCs+ODs+S4reWPpOODkeOCveOCs+ODs+OCvOODreOCquODvOODh+OCo+OCquODmOODg+ODieODm+ODs+OCr+ODquODg+ODlyjjgrDjg6rjg7zjg7MpIFpBLUNMUC1HVyAoWkFDTFBHVyk=,44K844Ot44Kq44O844OH44Kj44Kq44OY44OD44OJ44Ob44Oz44Kv44Oq44OD44OXKOOCsOODquODvOODsykgWkEtQ0xQLUdXIChaQUNMUEdXKQ==[rn]
18-38231,aHR0cDovL3RzaG9wLnIxMHMuanAvYWtpYmFtYWMvY2FiaW5ldC8wNDQ2MjUyMi80OTMwMzkzNzAwMzE2LmpwZz9maXRpbj03MDA6NzAw,NDMwLjQwMDA=,,VFbjg7vjgqrjg7zjg4fjgqPjgqrjg7vjgqvjg6Hjg6kgPiDjgqrjg7zjg4fjgqPjgqogPiDjg5jjg4Pjg4njg5vjg7Pjg7vjgqTjg6Tjg5vjg7M=,44K844Ot44Kq44O844OH44Kj44Kq44OY44OD44OJ44Ob44Oz44Kv44Oq44OD44OXKOODm+ODr+OCpOODiCkgWkEtQ0xQLVdSIChaQUNMUFdSKQ==,,44OY44OD44OJ44Ob44Oz44Kv44Oq44OD44OX,44K844Ot44Kq44O844OH44Kj44Kq44OY44OD44OJ44Ob44Oz44Kv44Oq44OD44OXKOODm+ODr+OCpOODiCkgWkEtQ0xQLVdSIChaQUNMUFdSKe+8muOCveODleODnuODg+ODl+OAgOODh+OCuOOCv+ODq+OCs+ODrOOCr+OCt+ODp+ODsw==,44K944OV44Oe44OD44OXIOODh+OCuOOCv+ODq+OCs+ODrOOCr+OCt+ODp+ODs1NvZm1hcCBEaWdpdGFsIENvbGxlY3Rpb27jg5Hjgr3jgrPjg7Pjgr/jg5bjg6zjg4Pjg4hQQ0hEROOCouOCu+ODs+ODluODquODkeODvOODhOODkeOCveOCs+ODs+ODkeODvOODhOODhuODrOODk+OCsuODvOODoOODluODq+ODvOODrOOCpOOCveODleODiERWROOCveODleODiOa2suaZtuODhuODrOODk+ODluODq+ODvOODrOOCpOODh+OCo+OCueOCr+ODrOOCs+ODvOODgOODvOODh+OCuOOCv+ODq+S4gOecvOODrOODleOCq+ODoeODqeODh+OCuOOCv+ODq+OCq+ODoeODqeWutumbu+aZguioiOS4reWPpOOAgOOCveODleODiOOCouOCpuODiOODrOODg+ODiOS4reWPpOODjuODvOODiOODkeOCveOCs+ODs+S4reWPpOODkeOCveOCs+ODs+OCvOODreOCquODvOODh+OCo+OCquODmOODg+ODieODm+ODs+OCr+ODquODg+ODlyjjg5vjg6/jgqTjg4gpIFpBLUNMUC1XUiAoWkFDTFBXUik=,44K844Ot44Kq44O844OH44Kj44Kq44OY44OD44OJ44Ob44Oz44Kv44Oq44OD44OXKOODm+ODr+OCpOODiCkgWkEtQ0xQLVdSIChaQUNMUFdSKQ==[rn]
18-38232,aHR0cDovL3RzaG9wLnIxMHMuanAvYWtpYmFtYWMvY2FiaW5ldC8wNTEwOTkxMC80OTA3MDM0MjE5NDM4LmpwZz9maXRpbj03MDA6NzAw,Nzk4MzIuMDAwMA==,,VFbjg7vjgqrjg7zjg4fjgqPjgqrjg7vjgqvjg6Hjg6kgPiDjgqrjg7zjg4fjgqPjgqogPiDjg5jjg4Pjg4njg5vjg7Pjg7vjgqTjg6Tjg5vjg7M=,44CQ6YCB5paZ54Sh5paZ44CRVEVBQ+OAkOODj+OCpOODrOOCvumfs+a6kOWvvuW/nOOAkeODmOODg+ODieODm+ODs+OCouODs+ODlyBEQUPku5jvvIjjg5bjg6njg4Pjgq/vvIkgVUQtNTAzLUIgKFVENTAzQik=,,4peGRFNEIDExLjJNSHrjgIFQQ00gMzg0a0h6LzMyYml05a++5b+c44Gu5pet5YyW5oiQ44Ko44Os44Kv44OI44Ot44OL44Kv44K56KO9REFDIEFLNDQ5MOOCkjLln7rmkK3ovIk8YnI+PGJyPuKXhumbu+a6kOmDqOOBi+OCieWHuiYjMTIwNTA75q6144G+44Gn5bem5Y+z44Gu5Zue6Lev44Gu54us56uL44KS5b655bqV44GX44Gf44OH44Ol44Ki44Or44Oi44OO44O844Op44Or5qeL5oiQPGJyPjxicj7il4bjg5Hjg6/jg7zjgqLjg7Pjg5fjgoTjgqLjgq/jg4bjgqPjg5bjgrnjg5Tjg7zjgqvjg7zjgajjga7jgrfjgrnjg4bjg6Dmp4vnr4njgavmnIDpganjgarjg5fjg6rjgqLjg7Pjg5flm57ot6/mkK3ovIk8YnI+PGJyPuKXhuOCouODiuODreOCsOOCveODvOOCueOBqOOBrue1hOOBv+WQiOOCj+OBm+OCguWPr+iDveOBquOCouODiuODreOCsFJDQeWFpeWKmzHns7vntbHmkK3ovIk8YnI+PGJyPuKXhuODleODq+ODkOODqeODs+OCuemnhuWLleOBq+WKoOOBiOODkeODqeODrOODq+ODu+OCouODs+ODkOODqeODs+OCueOAgeOCouOCr+ODhuOCo+ODluODu+OCsOODqeOCpuODs+ODiemnhuWLleWvvuW/nOOBruODmOODg+ODieODm+ODs+OCouODs+ODlzxicj48YnI+4peG6Z+z5qW944Gu44OA44Kk44OK44Of44K644Og44KS5Lyd44GI44KL54usJiMxMjE2Mzvjga7pm7vmtYHkvJ3pgIHlvLfljJblnovlh7rlipvjg5Djg4Pjg5XjgqHjg7zlm57ot6/jgI5URUFDLUhDTEQg5Zue6Lev44CP5pCt6LyJPGJyPjxicj7il4bmnIDlpKdEU0QgMTIuMk1Iei9QQ00gMzg0a0h6IOOBvuOBp+OBruOCouODg+ODl+OCs+ODs+ODkOODvOODiOapn+iDvTxicj48YnI+4peGMjU244K544OG44OD44OX44Gn6Kit5a6a5Y+v6IO944GqNOWbnui3r+ani+aIkOOBrumrmOeyvuW6puODnOODquODpeODvOODoOOAjlRFQUMtUVZDU+OAj+aOoeeUqDxicj48YnI+4peGMuezu+e1seOBrumrmOeyvuW6puWGhemDqOOCr+ODreODg+OCr+OBq+WKoOOBiOOAgTEwTUh6IOOBruWklumDqOOCr+ODreODg+OCr+WFpeWKm+OBq+OCguWvvuW/nDxicj48YnI+5pys5qmf44Gu44Oh44Kk44Oz5qmf6IO944Gn44GC44KLVVNCLURBQ+OBrumfs+OCkuiBtOOBhOOBpuOBv+OCiOOBhuOAguODqeOCpOODs+WHuuWKm+OCkuWbuuWumuOBq+WIh+OCiuabv+OBiOOAgeODj+OCpOOCqOODs+ODieapn+WZqOOBp+aPg+OBiOOBn+ippuiBtOWupOOBruODquODleOCoeODrOODs+OCueOCt+OCueODhuODoOOBp+iBtOOBj+OAguWQjOS4gOadoeS7tuOBp+OBpOOBquOBhOOBoFVELTUwMeOBqOavlOOBueOBquOBjOOCiee0ueS7i+OBmeOCi+OAguWGjeeUn+OCveODleODiOOBr0F1ZGlydmFuYVBsdXPjgpLkvb/nlKjjgZfjgZ/jgII8YnI+PGJyPue1kOirluOBi+OCieWFiOOBq+e0ueS7i+OBl+OCiOOBhuOAglVELTUwM+OBruWGjeeUn+mfs+OBr+OAgVVELTUwMeOBrumVt+aJgOOBp+OCguOBguOCi+eykueri+OBoeOBruiJr+OBleOChOino+WDj+aEn+OBrumrmOOBleOBq+WKoOOBiOOBpuOAgeS4gOmfs+S4gOmfs+OBruWvhuW6puOBjOS4iuOBjOOBo+OBpuWKm+W8t+OBleOCkuWil+OBl+OBn+OBk+OBqOOBjOWkp+OBjeOBqueJueW+tOOBoOOAgjxicj48YnI+44GV44KJ44Gr44CB54m544Gr44OQ44Op44Oz44K55o6l57aa44Gn44Gv44K144Km44Oz44OJ5YWo5L2T44Gu6YeN5b+D44GM5LiL44GM44Gj44Gm44CB5L2O6Z+z44GM5Yqb5by344GV44KS5aKX44GZ44GT44Go44Gr44KC5rOo55uu44GX44Gf44GE44CC44K444Oj44K644Gv44OZ44O844K544Gu5a6f5Zyo5oSf44GM5ZCR5LiK44CB44Kq44O844Kx44K544OI44Op44Gv44Kz44Oz44OI44Op44OQ44K544Gq44Gp5L2O6Z+z5qW95Zmo44Gu5pSv44GI44GM5Y6a44GP44CB44Gp44Gh44KJ44KC44K544Kx44O844Or44GM44Gy44Go44G+44KP44KK5aSn44GN44GP44Gq44Gj44Gf44KI44GG44Gq5Y2w6LGh44KS5Y+X44GR44KL44CCPGJyPjxicj7jgb7jgZ/jgIHlo7DjgarjgankuK3pn7Pln5/jgavjgoLlr4bluqbjga7pq5jjgZXjgYzjgZ3jgarjgo/jgovjgILjgZ/jgajjgYjjgbDjgr3jg5fjg6njg47jga7jg43jg4jjg6zjg5fjgrPjgYzmrYzjgYbjg7Tjgqfjg6vjg4fjgqPjga7jgqLjg6rjgqLjga/jgIHpq5jjgYTpn7PjgYzntLDouqvjgavjgarjgonjgZrjgIHmv4Plr4bjgarlvLfjgYTlo7DjgYzogbTjgY3miYvjgpLlnKflgJLjgILjgqjjg5/jg6rjg7zjg7vjg5Djg7zjgqvjg7zjga7jg7Tjgqnjg7zjgqvjg6vjgoLpq5jpn7PjgYznl6njgZvjgZrjgIHkvLjjgbPjgoTjgYvjgZXjgpLlpLHjgo/jgarjgYTjgILlrZDpn7PjgYzlvLfoqr/msJflkbPjgavjgarjgonjgZrjgIHnmbrpn7Pjga/ntKDnm7Tjgafjg4rjg4Hjg6Xjg6njg6vjgaDjgII8YnI+PGJyPuacrOS9k+OBjOOCs+ODs+ODkeOCr+ODiOOBquOBruOBp+WwkeOBl+aEj+WkluOBq+aEn+OBmOOCi+OBjOOAgeOCouOCreODpeODleOCp+ODvOOCuuOBrkMtMzg1MOOBqFAtNDIwMOOAgeODouODi+OCv+ODvOOCquODvOODh+OCo+OCquOBrkdPTEQzMDDjgpLntYTjgb/lkIjjgo/jgZvjgZ/jgrfjgrnjg4bjg6DjgafogbTjgYTjgabjgoLjgIHpn7PjgavljYHliIbjgarljprjgb/jgYzjgYLjgorjgIHmnKzmoLzjgrfjgrnjg4bjg6Djgarjgonjgafjga/jga7jgrnjgrHjg7zjg6vmhJ/jgYzkvJ3jgo/jgaPjgabjgY/jgovjgILjgZPjgZPjgb7jgafpqqjlpKrjga7pn7PjgpLlvJXjgY3lh7rjgZvjgovjga7jgafjgYLjgozjgbDjgIHljZjkvZNEL0HjgrPjg7Pjg5Djg7zjgr/jg7zjgajjgZfjgabjg4/jgqTjgqjjg7Pjg4njgrfjgrnjg4bjg6DjgavntYTjgb/ovrzjgpPjgafjgoLjgarjgpPjgonpgZXlkozmhJ/jga/jgarjgYTjgILlrp/pmpvjgavjgZ3jgYbjgZfjgZ/nlKjpgJTjgpLmg7PlrprjgZfjgabjgYTjgovjgYvjganjgYbjgYvjgo/jgYvjgonjgarjgYTjgYzjgIHjg5Hjgr3jgrPjg7Pjga7pn7PmupDjgYvjgonpqqjmoLzjga7jgZfjgaPjgYvjgorjgZfjgZ/jgrXjgqbjg7Pjg4njgpLlvJXjgY3lh7rjgZfjgZ/jgYTjgarjgonjgIFVRC01MDPjga/mnInlipvjgarlgJnoo5zjgavjgarjgovjgII8YnI+PGJyPuasoeOBq+OCouODiuODreOCsOWHuuWKm+OCkuWPr+WkieWHuuWKm+OBq+WIh+OCiuabv+OBiOOBpuOAgeacrOapn+OBruODl+ODquOCouODs+ODl+apn+iDveOBq+eEpueCueOCkuWQiOOCj+OBm+OCi+OBk+OBqOOBq+OBl+OCiOOBhuOAguacrOapn+OBruOCouODiuODreOCsOWHuuWKm+OCklAtNDIwMOOBq+ebtOe1kOOBl+OAgeWkp+WHuuWKm+ODkeODr+ODvOOCouODs+ODl+OCkuODgOOCpOODrOOCr+ODiOOBq+ODieODqeOCpOODluOBmeOCi+OBqOOBhOOBhuOAgeOBi+OBquOCiuWkp+iDhuOBque1hOOBv+WQiOOCj+OBm+OBoOOAgjxicj48YnI+44OX44Oq44Ki44Oz44OX44Go44GX44Gm44Gu5oCn6IO944KS6KaL5qW144KB44KL44Gr44Gv44CBUy9O44Go44K744OR44Os44O844K344On44Oz44Gr5rOo55uu44GZ44KL44Gu44GM5pep6YGT44Gg44CC44Gd44Gu54K544CB5pys5qmf44Gv5pyf5b6F5Lul5LiK44Gu5oCn6IO944KS542y5b6X44GX44Gm44GK44KK44CB54m544Gr44K744OR44Os44O844K344On44Oz44Gu6auY44GV44Gv44GL44Gq44KK5rC05rqW44GM6auY44GE44CC44OP44Kk44Os44K+6Z+z5rqQ44Gu5oGv44KS5ZGR44KA44KI44GG44Gq6Z2Z5a+C5oSf44KS44Oq44Ki44Or44Gr5YaN54++44GZ44KL44GT44Go44GL44KJ44CBUy9O44Gr44Gk44GE44Gm44KC5a6f55So5LiK44Gv44G+44Ga5LiN5rqA44Gu44Gq44GE44Os44OZ44Or44KS56K65L+d44GX44Gm44GE44KL44GT44Go44GM44KP44GL44KL44CC44Gf44KT44Gq44KL5LuY5Yqg5qmf6IO944Gn44Gv44Gq44GP44CB44K344OT44Ki44Gq6Z+z5qW944OV44Kh44Oz44Gu6KaB5rGC44Gr44KC5b+c44GI44KJ44KM44KL5a6f5Yqb44Gu5oyB44Gh5Li744Go6KiA44Gj44Gm44KI44GV44Gd44GG44Gg44CCPGJyPjxicj7mlofvvJrlsbHkuYvlhoUg5q2jPGJyPjxicj7igLtBVi/jgqrjg7zjg4fjgqPjgqov44Ks44K444Kn44OD44OI5oOF5aCx44K144Kk44OI44CMUGhpbGUtd2Vi44CN5omA5Y+O6KiY5LqL44KS55+t44GP44G+44Go44KB44Gf44KC44Gu44Gn44GZ44CC,44CQ6YCB5paZ54Sh5paZ44CRVEVBQ+OAkOODj+OCpOODrOOCvumfs+a6kOWvvuW/nOOAkeODmOODg+ODieODm+ODs+OCouODs+ODlyBEQUPku5jvvIjjg5bjg6njg4Pjgq/vvIkgVUQtNTAzLUIgKFVENTAzQinvvJrjgr3jg5Xjg57jg4Pjg5fjgIDjg4fjgrjjgr/jg6vjgrPjg6zjgq/jgrfjg6fjg7M=,44K944OV44Oe44OD44OXIOODh+OCuOOCv+ODq+OCs+ODrOOCr+OCt+ODp+ODs1NvZm1hcCBEaWdpdGFsIENvbGxlY3Rpb27jg5Hjgr3jgrPjg7Pjgr/jg5bjg6zjg4Pjg4hQQ0hEROOCouOCu+ODs+ODluODquODkeODvOODhOODkeOCveOCs+ODs+ODkeODvOODhOODhuODrOODk+OCsuODvOODoOODluODq+ODvOODrOOCpOOCveODleODiERWROOCveODleODiOa2suaZtuODhuODrOODk+ODluODq+ODvOODrOOCpOODh+OCo+OCueOCr+ODrOOCs+ODvOODgOODvOODh+OCuOOCv+ODq+S4gOecvOODrOODleOCq+ODoeODqeODh+OCuOOCv+ODq+OCq+ODoeODqeWutumbu+aZguioiOS4reWPpOOAgOOCveODleODiOOCouOCpuODiOODrOODg+ODiOS4reWPpOODjuODvOODiOODkeOCveOCs+ODs+S4reWPpOODkeOCveOCs+ODs+OAkOmAgeaWmeeEoeaWmeOAkVRFQUPjgJDjg4/jgqTjg6zjgr7pn7PmupDlr77lv5zjgJHjg5jjg4Pjg4njg5vjg7PjgqLjg7Pjg5cgREFD5LuY77yI44OW44Op44OD44Kv77yJIFVELTUwMy1CIChVRDUwM0Ip,44CQ6YCB5paZ54Sh5paZ44CRVEVBQ+OAkOODj+OCpOODrOOCvumfs+a6kOWvvuW/nOOAkeODmOODg+ODieODm+ODs+OCouODs+ODlyBEQUPku5jvvIjjg5bjg6njg4Pjgq/vvIkgVUQtNTAzLUIgKFVENTAzQik=[rn]
18-38233,aHR0cDovL3RzaG9wLnIxMHMuanAvYWtpYmFtYWMvY2FiaW5ldC8wNDQxNzcyMy80NTgyMjM3NTM1Nzc4LmpwZz9maXRpbj03MDA6NzAw,MjIyMjQuMDAwMA==,,VFbjg7vjgqrjg7zjg4fjgqPjgqrjg7vjgqvjg6Hjg6kgPiDjgqrjg7zjg4fjgqPjgqogPiDjg5jjg4Pjg4njg5vjg7Pjg7vjgqTjg6Tjg5vjg7M=,44CQ6YCB5paZ54Sh5paZ44CRQUxQSEFERVNJR05MQUJTKOOCouODq+ODleOCoeODh+OCtuOCpOODs+ODqeODnCnjgJDjg4/jgqTjg6zjgr7pn7PmupDlr77lv5zjgJEg44OY44OD44OJ44Ob44Oz44Ki44Oz44OXIERBQ+S7mCjjgrfjg6vjg5Djg7wpIEFETC1YMS1TSUwgKEFETFgxU0lMKQ==,,MjRiaXQvMTkya0h65a++5b+cVVNCIERBQ+aQrei8ieODmOODg+ODieODm+ODs+OCouODs+ODlw==,44CQ6YCB5paZ54Sh5paZ44CRQUxQSEFERVNJR05MQUJTKOOCouODq+ODleOCoeODh+OCtuOCpOODs+ODqeODnCnjgJDjg4/jgqTjg6zjgr7pn7PmupDlr77lv5zjgJEg44OY44OD44OJ44Ob44Oz44Ki44Oz44OXIERBQ+S7mCjjgrfjg6vjg5Djg7wpIEFETC1YMS1TSUwgKEFETFgxU0lMKe+8muOCveODleODnuODg+ODl+OAgOODh+OCuOOCv+ODq+OCs+ODrOOCr+OCt+ODp+ODsw==,44K944OV44Oe44OD44OXIOODh+OCuOOCv+ODq+OCs+ODrOOCr+OCt+ODp+ODs1NvZm1hcCBEaWdpdGFsIENvbGxlY3Rpb27jg5Hjgr3jgrPjg7Pjgr/jg5bjg6zjg4Pjg4hQQ0hEROOCouOCu+ODs+ODluODquODkeODvOODhOODkeOCveOCs+ODs+ODkeODvOODhOODhuODrOODk+OCsuODvOODoOODluODq+ODvOODrOOCpOOCveODleODiERWROOCveODleODiOa2suaZtuODhuODrOODk+ODluODq+ODvOODrOOCpOODh+OCo+OCueOCr+ODrOOCs+ODvOODgOODvOODh+OCuOOCv+ODq+S4gOecvOODrOODleOCq+ODoeODqeODh+OCuOOCv+ODq+OCq+ODoeODqeWutumbu+aZguioiOS4reWPpOOAgOOCveODleODiOOCouOCpuODiOODrOODg+ODiOS4reWPpOODjuODvOODiOODkeOCveOCs+ODs+S4reWPpOODkeOCveOCs+ODs+OAkOmAgeaWmeeEoeaWmeOAkUFMUEhBREVTSUdOTEFCUyjjgqLjg6vjg5XjgqHjg4fjgrbjgqTjg7Pjg6njg5wp44CQ44OP44Kk44Os44K+6Z+z5rqQ5a++5b+c44CRIOODmOODg+ODieODm+ODs+OCouODs+ODlyBEQUPku5go44K344Or44OQ44O8KSBBREwtWDEtU0lMIChBRExYMVNJTCk=,44CQ6YCB5paZ54Sh5paZ44CRQUxQSEFERVNJR05MQUJTKOOCouODq+ODleOCoeODh+OCtuOCpOODs+ODqeODnCnjgJDjg4/jgqTjg6zjgr7pn7PmupDlr77lv5zjgJEg44OY44OD44OJ44Ob44Oz44Ki44Oz44OXIERBQ+S7mCjjgrfjg6vjg5Djg7wpIEFETC1YMS1TSUwgKEFETFgxU0lMKQ==[rn]
18-38234,aHR0cDovL3RzaG9wLnIxMHMuanAvYWtpYmFtYWMvY2FiaW5ldC8wMzg5MjYxMy80NTgwMjUxOTUwNzEzLmpwZz9maXRpbj03MDA6NzAw,Mzg0NjQuMDAwMA==,,VFbjg7vjgqrjg7zjg4fjgqPjgqrjg7vjgqvjg6Hjg6kgPiDjgqrjg7zjg4fjgqPjgqogPiDjg5jjg4Pjg4njg5vjg7Pjg7vjgqTjg6Tjg5vjg7M=,44CQ6YCB5paZ54Sh5paZ44CR44Od44O844Kr44Ot44O744Op44Kk44OzIM68QU1QMTA5RzIrICjjg53jg7zjgr/jg5bjg6vjg5jjg4Pjg4njg5Xjgqnjg7PjgqLjg7Pjg5cpIChNSUNST0FNUDEwOUcyUCk=,,4pag5YaF6JS144GZ44KL5paw6ZaL55m644Gu44Kq44Oq44K444OK44Or44Oq44OB44Km44Og44Kk44Kq44Oz44OQ44OD44OG44Oq44O844Gr44KI44KK5b6T5p2l5qmf44KS44GX44Gu44GQ6ZW35pmC6ZaT6aeG5YuV44GM5Y+v6IO944CC5YWF6Zu75pmC6ZaT44KC5aSn5bmF44Gr55+t57iu44GV44KM44KP44Ga44GL77yT5pmC6ZaT44Gu5YWF6Zu744Gn6YCj57aa5L2/55So5pmC6ZaT44GM77yY5pmC6ZaT44GL44KJ77yR77yS5pmC6ZaT44Gr44Gq44KK44G+44GX44Gf44CC4pagREFD6YOo44Gu5pS56Imv44Gr44KI44KKREFD5q2q546H44GM5L2O5LiL77yIzrxBTVAxMDkr44GMMC4wMDA3JeS7peS4i+OBq+WvvuOBl+OAgTAuMDAwMyXku6XkuIvjgb7jgafjgrDjg6zjg7zjg4njgqLjg4Pjg5fvvInilqDlj6/mkKzmgKfjgpLogIPjgYjlvpPmnaXmqZ/jgojjgorjgrPjg7Pjg5Hjgq/jg4jjgavjgIHou73ph4/ljJbjgavmiJDlip/jgZfjgb7jgZfjgZ/jgII=,44CQ6YCB5paZ54Sh5paZ44CR44Od44O844Kr44Ot44O744Op44Kk44OzIM68QU1QMTA5RzIrICjjg53jg7zjgr/jg5bjg6vjg5jjg4Pjg4njg5Xjgqnjg7PjgqLjg7Pjg5cpIChNSUNST0FNUDEwOUcyUCnvvJrjgr3jg5Xjg57jg4Pjg5fjgIDjg4fjgrjjgr/jg6vjgrPjg6zjgq/jgrfjg6fjg7M=,44K944OV44Oe44OD44OXIOODh+OCuOOCv+ODq+OCs+ODrOOCr+OCt+ODp+ODs1NvZm1hcCBEaWdpdGFsIENvbGxlY3Rpb27jg5Hjgr3jgrPjg7Pjgr/jg5bjg6zjg4Pjg4hQQ0hEROOCouOCu+ODs+ODluODquODkeODvOODhOODkeOCveOCs+ODs+ODkeODvOODhOODhuODrOODk+OCsuODvOODoOODluODq+ODvOODrOOCpOOCveODleODiERWROOCveODleODiOa2suaZtuODhuODrOODk+ODluODq+ODvOODrOOCpOODh+OCo+OCueOCr+ODrOOCs+ODvOODgOODvOODh+OCuOOCv+ODq+S4gOecvOODrOODleOCq+ODoeODqeODh+OCuOOCv+ODq+OCq+ODoeODqeWutumbu+aZguioiOS4reWPpOOAgOOCveODleODiOOCouOCpuODiOODrOODg+ODiOS4reWPpOODjuODvOODiOODkeOCveOCs+ODs+S4reWPpOODkeOCveOCs+ODs+OAkOmAgeaWmeeEoeaWmeOAkeODneODvOOCq+ODreODu+ODqeOCpOODsyDOvEFNUDEwOUcyKyAo44Od44O844K/44OW44Or44OY44OD44OJ44OV44Kp44Oz44Ki44Oz44OXKSAoTUlDUk9BTVAxMDlHMlAp,44CQ6YCB5paZ54Sh5paZ44CR44Od44O844Kr44Ot44O744Op44Kk44OzIM68QU1QMTA5RzIrICjjg53jg7zjgr/jg5bjg6vjg5jjg4Pjg4njg5Xjgqnjg7PjgqLjg7Pjg5cpIChNSUNST0FNUDEwOUcyUCk=[rn]
18-38235,aHR0cDovL3RzaG9wLnIxMHMuanAvYWtpYmFtYWMvY2FiaW5ldC8wMzg5MjYxMy80OTY2MzA3MDAzNDcxLmpwZz9maXRpbj03MDA6NzAw,MjI4LjAwMDA=,,VFbjg7vjgqrjg7zjg4fjgqPjgqrjg7vjgqvjg6Hjg6kgPiDjgqrjg7zjg4fjgqPjgqogPiDjg5jjg4Pjg4njg5vjg7Pjg7vjgqTjg6Tjg5vjg7M=,44Ok44K244OvIOWvhumWieWei+OCpOODs+ODiuODvOOCpOODpOODvOODmOODg+ODieODm+ODsyjjg5Pjg5Pjg4Pjg4jjg5Tjg7Pjgq8pIFZSMTI4VlAgMS4ybeOCs+ODvOODiQ==,,aVBvZOOBquOBqeOBruOCquODvOODh+OCo+OCquODl+ODrOODvOODpOODvOOAgU5JTlRFTkRPIERT44KEUFNQ44Gq44Gp44Gu44Od44O844K/44OW44Or44Ky44O844Og5qmf44Gn5L2/55So44Gn44GN44G+44GZ44CC,44Ok44K244OvIOWvhumWieWei+OCpOODs+ODiuODvOOCpOODpOODvOODmOODg+ODieODm+ODsyjjg5Pjg5Pjg4Pjg4jjg5Tjg7Pjgq8pIFZSMTI4VlAgMS4ybeOCs+ODvOODie+8muOCveODleODnuODg+ODl+OAgOODh+OCuOOCv+ODq+OCs+ODrOOCr+OCt+ODp+ODsw==,44K944OV44Oe44OD44OXIOODh+OCuOOCv+ODq+OCs+ODrOOCr+OCt+ODp+ODs1NvZm1hcCBEaWdpdGFsIENvbGxlY3Rpb27jg5Hjgr3jgrPjg7Pjgr/jg5bjg6zjg4Pjg4hQQ0hEROOCouOCu+ODs+ODluODquODkeODvOODhOODkeOCveOCs+ODs+ODkeODvOODhOODhuODrOODk+OCsuODvOODoOODluODq+ODvOODrOOCpOOCveODleODiERWROOCveODleODiOa2suaZtuODhuODrOODk+ODluODq+ODvOODrOOCpOODh+OCo+OCueOCr+ODrOOCs+ODvOODgOODvOODh+OCuOOCv+ODq+S4gOecvOODrOODleOCq+ODoeODqeODh+OCuOOCv+ODq+OCq+ODoeODqeWutumbu+aZguioiOS4reWPpOOAgOOCveODleODiOOCouOCpuODiOODrOODg+ODiOS4reWPpOODjuODvOODiOODkeOCveOCs+ODs+S4reWPpOODkeOCveOCs+ODs+ODpOOCtuODryDlr4bplonlnovjgqTjg7Pjg4rjg7zjgqTjg6Tjg7zjg5jjg4Pjg4njg5vjg7Mo44OT44OT44OD44OI44OU44Oz44KvKSBWUjEyOFZQIDEuMm3jgrPjg7zjg4k=,44Ok44K244OvIOWvhumWieWei+OCpOODs+ODiuODvOOCpOODpOODvOODmOODg+ODieODm+ODsyjjg5Pjg5Pjg4Pjg4jjg5Tjg7Pjgq8pIFZSMTI4VlAgMS4ybeOCs+ODvOODiQ==[rn]
18-38236,aHR0cDovL3RzaG9wLnIxMHMuanAvYWtpYmFtYWMvY2FiaW5ldC8wMjUwMjE2My80OTY3MDI5MDMwNzc2LmpwZz9maXRpbj03MDA6NzAw,MTkwLjQwMDA=,,VFbjg7vjgqrjg7zjg4fjgqPjgqrjg7vjgqvjg6Hjg6kgPiDjgqrjg7zjg4fjgqPjgqogPiDjg5jjg4Pjg4njg5vjg7Pjg7vjgqTjg6Tjg5vjg7M=,5a+M5aOr44OR44O844OEMy41bW3jg6Ljg47jg6njg6vjg5/jg4vjg5fjg6njgrDjg6njgrjjgqrjgqTjg6Tjg5vjg7MgQUQtNzcgMS4wbeOCs+ODvOODiQ==,,44Kx44O844OW44Or6ZW3MW3jga4zLjVtbeODouODjuODqeODq+ODn+ODi+ODl+ODqeOCsOOCv+OCpOODl+ODqeOCuOOCquOCpOODpOODm+ODs+OBp+OBmeOAguKXhueSsOWig+OBq+OChOOBleOBl+OBhOeEoemJm+WNiueUsOOCkuS9v+eUqOOBl+OBpuOBhOOBvuOBmeOAguKXhs+GMy41bW3jg6Ljg47jg6njg6vjg5/jg4vjgrjjg6Pjg4Pjgq/nq6/lrZDjga7jgaTjgYTjgZ/mqZ/lmajjgZTkvb/nlKjjgafjgY3jgb7jgZnjgII=,5a+M5aOr44OR44O844OEMy41bW3jg6Ljg47jg6njg6vjg5/jg4vjg5fjg6njgrDjg6njgrjjgqrjgqTjg6Tjg5vjg7MgQUQtNzcgMS4wbeOCs+ODvOODie+8muOCveODleODnuODg+ODl+OAgOODh+OCuOOCv+ODq+OCs+ODrOOCr+OCt+ODp+ODsw==,44K944OV44Oe44OD44OXIOODh+OCuOOCv+ODq+OCs+ODrOOCr+OCt+ODp+ODs1NvZm1hcCBEaWdpdGFsIENvbGxlY3Rpb27jg5Hjgr3jgrPjg7Pjgr/jg5bjg6zjg4Pjg4hQQ0hEROOCouOCu+ODs+ODluODquODkeODvOODhOODkeOCveOCs+ODs+ODkeODvOODhOODhuODrOODk+OCsuODvOODoOODluODq+ODvOODrOOCpOOCveODleODiERWROOCveODleODiOa2suaZtuODhuODrOODk+ODluODq+ODvOODrOOCpOODh+OCo+OCueOCr+ODrOOCs+ODvOODgOODvOODh+OCuOOCv+ODq+S4gOecvOODrOODleOCq+ODoeODqeODh+OCuOOCv+ODq+OCq+ODoeODqeWutumbu+aZguioiOS4reWPpOOAgOOCveODleODiOOCouOCpuODiOODrOODg+ODiOS4reWPpOODjuODvOODiOODkeOCveOCs+ODs+S4reWPpOODkeOCveOCs+ODs+WvjOWjq+ODkeODvOODhDMuNW1t44Oi44OO44Op44Or44Of44OL44OX44Op44Kw44Op44K444Kq44Kk44Ok44Ob44OzIEFELTc3IDEuMG3jgrPjg7zjg4k=,5a+M5aOr44OR44O844OEMy41bW3jg6Ljg47jg6njg6vjg5/jg4vjg5fjg6njgrDjg6njgrjjgqrjgqTjg6Tjg5vjg7MgQUQtNzcgMS4wbeOCs+ODvOODiQ==[rn]
18-38237,aHR0cDovL3RzaG9wLnIxMHMuanAvYWtpYmFtYWMvY2FiaW5ldC8wNDY3NDA5NS8wNzg4MzQ1NDQxMDE1LmpwZz9maXRpbj03MDA6NzAw,MjM4MzAuNDAwMA==,,VFbjg7vjgqrjg7zjg4fjgqPjgqrjg7vjgqvjg6Hjg6kgPiDjgqrjg7zjg4fjgqPjgqogPiDjg5jjg4Pjg4njg5vjg7Pjg7vjgqTjg6Tjg5vjg7M=,44CQ6YCB5paZ54Sh5paZ44CR44Oi44OA44OL44OG44KjIOODnuOCpOOCr++8j+OCs+ODs+ODiOODreODvOODq+WvvuW/nOOCq+ODiuODq+Wei+OCpOODpOODm+ODsyBUT1JRVUUgdDA5NnogKFRPUlFVRVQwOTZaKQ==,,5Y6z6YG444GV44KM44Gf5p2Q5paZ44Go5pyA5paw44Gu44OG44Kv44OO44Ot44K444O844Go44Kv44Op44OV44OI44Oe44Oz44K344OD44OX44GM6J6N5ZCI44GX44Gf6Z2p5ZG955qE44Gq44Kk44Ok44OV44Kp44Oz,44CQ6YCB5paZ54Sh5paZ44CR44Oi44OA44OL44OG44KjIOODnuOCpOOCr++8j+OCs+ODs+ODiOODreODvOODq+WvvuW/nOOCq+ODiuODq+Wei+OCpOODpOODm+ODsyBUT1JRVUUgdDA5NnogKFRPUlFVRVQwOTZaKe+8muOCveODleODnuODg+ODl+OAgOODh+OCuOOCv+ODq+OCs+ODrOOCr+OCt+ODp+ODsw==,44K944OV44Oe44OD44OXIOODh+OCuOOCv+ODq+OCs+ODrOOCr+OCt+ODp+ODs1NvZm1hcCBEaWdpdGFsIENvbGxlY3Rpb27jg5Hjgr3jgrPjg7Pjgr/jg5bjg6zjg4Pjg4hQQ0hEROOCouOCu+ODs+ODluODquODkeODvOODhOODkeOCveOCs+ODs+ODkeODvOODhOODhuODrOODk+OCsuODvOODoOODluODq+ODvOODrOOCpOOCveODleODiERWROOCveODleODiOa2suaZtuODhuODrOODk+ODluODq+ODvOODrOOCpOODh+OCo+OCueOCr+ODrOOCs+ODvOODgOODvOODh+OCuOOCv+ODq+S4gOecvOODrOODleOCq+ODoeODqeODh+OCuOOCv+ODq+OCq+ODoeODqeWutumbu+aZguioiOS4reWPpOOAgOOCveODleODiOOCouOCpuODiOODrOODg+ODiOS4reWPpOODjuODvOODiOODkeOCveOCs+ODs+S4reWPpOODkeOCveOCs+ODs+OAkOmAgeaWmeeEoeaWmeOAkeODouODgOODi+ODhuOCoyDjg57jgqTjgq/vvI/jgrPjg7Pjg4jjg63jg7zjg6vlr77lv5zjgqvjg4rjg6vlnovjgqTjg6Tjg5vjg7MgVE9SUVVFIHQwOTZ6IChUT1JRVUVUMDk2Wik=,44CQ6YCB5paZ54Sh5paZ44CR44Oi44OA44OL44OG44KjIOODnuOCpOOCr++8j+OCs+ODs+ODiOODreODvOODq+WvvuW/nOOCq+ODiuODq+Wei+OCpOODpOODm+ODsyBUT1JRVUUgdDA5NnogKFRPUlFVRVQwOTZaKQ==[rn]
18-38238,aHR0cDovL3RzaG9wLnIxMHMuanAvYWtpYmFtYWMvY2FiaW5ldC8wMzA2NjMwNC80OTg0ODI0OTgwNjI0LmpwZz9maXRpbj03MDA6NzAw,NjM4LjQwMDA=,,VFbjg7vjgqrjg7zjg4fjgqPjgqrjg7vjgqvjg6Hjg6kgPiDjgqrjg7zjg4fjgqPjgqogPiDjg5jjg4Pjg4njg5vjg7Pjg7vjgqTjg6Tjg5vjg7M=,UGFuYXNvbmljL+ODkeODiuOCveODi+ODg+OCr+WvhumWieWei+OCpOODs+ODiuODvOOCpOODpOODvOODmOODg+ODieODm+ODsyjjgYvjgZnjgb/jgZ3jgYbjg4njg4Pjg4gp44CAUlAtSEpGMTAtWuOAgDEuMm3jgrPjg7zjg4k=,,4peG44GK6Iqx44Gu44OH44K244Kk44Oz44KS44Oi44OB44O844OV77yG6YCP5piO5oSf44GC44KL44OP44Km44K444Oz44Kw44Go44K544Op44Kk44OA44O84peG5aWz5oCn44Gu6ICz44Gr44G044Gj44Gf44KK44OV44Kj44OD44OI44CMQ3V0ZSBGaXTjgI3il4bpq5jpn7Pos6rjgIzjgrPjgrPjg4Hpn7Mo5b+D5Zyw44GE44GE6Z+zKeOAjeKXhumBuOOBueOCizPjgaTjga7jgqTjg6Tjg7zjg5Tjg7zjgrk=,UGFuYXNvbmljL+ODkeODiuOCveODi+ODg+OCr+WvhumWieWei+OCpOODs+ODiuODvOOCpOODpOODvOODmOODg+ODieODm+ODsyjjgYvjgZnjgb/jgZ3jgYbjg4njg4Pjg4gp44CAUlAtSEpGMTAtWuOAgDEuMm3jgrPjg7zjg4nvvJrjgr3jg5Xjg57jg4Pjg5fjgIDjg4fjgrjjgr/jg6vjgrPjg6zjgq/jgrfjg6fjg7M=,44K944OV44Oe44OD44OXIOODh+OCuOOCv+ODq+OCs+ODrOOCr+OCt+ODp+ODs1NvZm1hcCBEaWdpdGFsIENvbGxlY3Rpb27jg5Hjgr3jgrPjg7Pjgr/jg5bjg6zjg4Pjg4hQQ0hEROOCouOCu+ODs+ODluODquODkeODvOODhOODkeOCveOCs+ODs+ODkeODvOODhOODhuODrOODk+OCsuODvOODoOODluODq+ODvOODrOOCpOOCveODleODiERWROOCveODleODiOa2suaZtuODhuODrOODk+ODluODq+ODvOODrOOCpOODh+OCo+OCueOCr+ODrOOCs+ODvOODgOODvOODh+OCuOOCv+ODq+S4gOecvOODrOODleOCq+ODoeODqeODh+OCuOOCv+ODq+OCq+ODoeODqeWutumbu+aZguioiOS4reWPpOOAgOOCveODleODiOOCouOCpuODiOODrOODg+ODiOS4reWPpOODjuODvOODiOODkeOCveOCs+ODs+S4reWPpOODkeOCveOCs+ODs1BhbmFzb25pYy/jg5Hjg4rjgr3jg4vjg4Pjgq/lr4bplonlnovjgqTjg7Pjg4rjg7zjgqTjg6Tjg7zjg5jjg4Pjg4njg5vjg7Mo44GL44GZ44G/44Gd44GG44OJ44OD44OIKeOAgFJQLUhKRjEwLVrjgIAxLjJt44Kz44O844OJ,UGFuYXNvbmljL+ODkeODiuOCveODi+ODg+OCr+WvhumWieWei+OCpOODs+ODiuODvOOCpOODpOODvOODmOODg+ODieODm+ODsyjjgYvjgZnjgb/jgZ3jgYbjg4njg4Pjg4gp44CAUlAtSEpGMTAtWuOAgDEuMm3jgrPjg7zjg4k=[rn]
18-38239,aHR0cDovL3RzaG9wLnIxMHMuanAvYWtpYmFtYWMvY2FiaW5ldC8wNTEwOTkxMC80OTYxMzEwMTM5MDAxLmpwZz9maXRpbj03MDA6NzAw,Mjc0OC44MDAw,,VFbjg7vjgqrjg7zjg4fjgqPjgqrjg7vjgqvjg6Hjg6kgPiDjgqrjg7zjg4fjgqPjgqogPiDjg5jjg4Pjg4njg5vjg7Pjg7vjgqTjg6Tjg5vjg7M=,44Kq44O844OH44Kj44Kq44OG44Kv44OL44KrIOODmOODg+ODieODm+ODs++8iOODluODqeODg+OCr++8iSBBVEgtQVIxIEJLIChBVEhBUjFCSyk=,,4pag5Lit6auY5Z+f44KS44Kv44Oq44Ki44Gr44CB5L2O5Z+f44KS44OR44Ov44OV44Or44Gr5YaN55Sf44GZ44KL5paw6Kit6KiINDBtbeODieODqeOCpOODkOODvOOCkuaQrei8iTxicj7ilqDjg5jjg4Pjg4njg5vjg7PjgpLmipjjgorjgZ/jgZ/jgpPjgafjgIHmsJfou73jgavmjIHjgaHpgYvjgbPlj6/og708YnI+4pag6ZW35pmC6ZaT5L2/55So44Gn44KC55ay44KM44Gr44GP44GE44Op44Kk44OI44Km44Kn44Kk44OI6Kit6KiIPGJyPuKWoOOCs+ODs+ODkeOCr+ODiOOBquOCquODs+OCpOODpOODvO+8iOiAs+OBruOBm++8ieOCueOCv+OCpOODqzxicj48YnI+44CQ6KO95ZOB5LuV5qeY44CRPGJyPjxicj7ilqDmnKzkvZPjgrXjgqTjgrrvvIhIw5fvvLfDl++8pO+8ie+8mjE5NW1tw5cgMTQ1IG1tw5cgNzAgbW08YnI+4pag6YeN6YeP77yaMTMwZw==,44Kq44O844OH44Kj44Kq44OG44Kv44OL44KrIOODmOODg+ODieODm+ODs++8iOODluODqeODg+OCr++8iSBBVEgtQVIxIEJLIChBVEhBUjFCSynvvJrjgr3jg5Xjg57jg4Pjg5fjgIDjg4fjgrjjgr/jg6vjgrPjg6zjgq/jgrfjg6fjg7M=,44K944OV44Oe44OD44OXIOODh+OCuOOCv+ODq+OCs+ODrOOCr+OCt+ODp+ODs1NvZm1hcCBEaWdpdGFsIENvbGxlY3Rpb27jg5Hjgr3jgrPjg7Pjgr/jg5bjg6zjg4Pjg4hQQ0hEROOCouOCu+ODs+ODluODquODkeODvOODhOODkeOCveOCs+ODs+ODkeODvOODhOODhuODrOODk+OCsuODvOODoOODluODq+ODvOODrOOCpOOCveODleODiERWROOCveODleODiOa2suaZtuODhuODrOODk+ODluODq+ODvOODrOOCpOODh+OCo+OCueOCr+ODrOOCs+ODvOODgOODvOODh+OCuOOCv+ODq+S4gOecvOODrOODleOCq+ODoeODqeODh+OCuOOCv+ODq+OCq+ODoeODqeWutumbu+aZguioiOS4reWPpOOAgOOCveODleODiOOCouOCpuODiOODrOODg+ODiOS4reWPpOODjuODvOODiOODkeOCveOCs+ODs+S4reWPpOODkeOCveOCs+ODs+OCquODvOODh+OCo+OCquODhuOCr+ODi+OCqyDjg5jjg4Pjg4njg5vjg7PvvIjjg5bjg6njg4Pjgq/vvIkgQVRILUFSMSBCSyAoQVRIQVIxQksp,44Kq44O844OH44Kj44Kq44OG44Kv44OL44KrIOODmOODg+ODieODm+ODs++8iOODluODqeODg+OCr++8iSBBVEgtQVIxIEJLIChBVEhBUjFCSyk=[rn]
18-38240,aHR0cDovL3RzaG9wLnIxMHMuanAvYWtpYmFtYWMvY2FiaW5ldC8wMjUwMjE2My80OTY5ODg3NTI2MDAyLmpwZz9maXRpbj03MDA6NzAw,NDU3LjYwMDA=,,VFbjg7vjgqrjg7zjg4fjgqPjgqrjg7vjgqvjg6Hjg6kgPiDjgqrjg7zjg4fjgqPjgqogPiDjg5jjg4Pjg4njg5vjg7Pjg7vjgqTjg6Tjg5vjg7M=,44K144Oz44Ov44K144OX44Op44KkIOWvhumWieWei+OCpOODs+ODiuODvOOCpOODpOODvOODmOODg+ODieODm+ODsyjjgrDjg6rjg7zjg7MpIE1NLUhQMTE3Rw==,,4peG6auY56OB5Yqb44Oe44Kw44ON44OD44OI44Gu5o6h55So44Gn6auY5Z+f44GL44KJ5L2O5Z+f44G+44Gn5YSq44KM44Gf6Z+z6LOq44KS5YaN55Sf44Gn44GN44G+44GZ44CC4peG6YGu6Z+z5oCn44Gr5YSq44KM44Gf44Kr44OK44Or5Z6L77yI6ICz5qCT5Z6L77yJ44Gn6Z+z5ryP44KM44KS6Ziy44GO44G+44GZ44CC4peG6ZW35pmC6ZaT44Gn44KC5b+r6YGp44Gr5L2/55So44Gn44GN44KL44KE44KP44KJ44GL44GE57Sg5p2Q44Gu44Kk44Ok44O844OU44O844K544KS5o6h55So44GX44Gm44GE44G+44GZ44CC4peG6ICz44Gu44K144Kk44K644Gr5ZCI44KP44Gb44Gm6YG444G544KLM+OCteOCpOOCuuOBruOCpOODpOODvOODlOODvOOCueOBjOS7mOWxnuOBl+OBpuOBhOOBvuOBmeOAguKXhuWwjumbu+aAp+OBq+WEquOCjOOBn+mHkeODoeODg+OCreODl+ODqeOCsOOCkuaOoeeUqOOBl+OBpuOBhOOBvuOBmeOAgg==,44K144Oz44Ov44K144OX44Op44KkIOWvhumWieWei+OCpOODs+ODiuODvOOCpOODpOODvOODmOODg+ODieODm+ODsyjjgrDjg6rjg7zjg7MpIE1NLUhQMTE3R++8muOCveODleODnuODg+ODl+OAgOODh+OCuOOCv+ODq+OCs+ODrOOCr+OCt+ODp+ODsw==,44K944OV44Oe44OD44OXIOODh+OCuOOCv+ODq+OCs+ODrOOCr+OCt+ODp+ODs1NvZm1hcCBEaWdpdGFsIENvbGxlY3Rpb27jg5Hjgr3jgrPjg7Pjgr/jg5bjg6zjg4Pjg4hQQ0hEROOCouOCu+ODs+ODluODquODkeODvOODhOODkeOCveOCs+ODs+ODkeODvOODhOODhuODrOODk+OCsuODvOODoOODluODq+ODvOODrOOCpOOCveODleODiERWROOCveODleODiOa2suaZtuODhuODrOODk+ODluODq+ODvOODrOOCpOODh+OCo+OCueOCr+ODrOOCs+ODvOODgOODvOODh+OCuOOCv+ODq+S4gOecvOODrOODleOCq+ODoeODqeODh+OCuOOCv+ODq+OCq+ODoeODqeWutumbu+aZguioiOS4reWPpOOAgOOCveODleODiOOCouOCpuODiOODrOODg+ODiOS4reWPpOODjuODvOODiOODkeOCveOCs+ODs+S4reWPpOODkeOCveOCs+ODs+OCteODs+ODr+OCteODl+ODqeOCpCDlr4bplonlnovjgqTjg7Pjg4rjg7zjgqTjg6Tjg7zjg5jjg4Pjg4njg5vjg7Mo44Kw44Oq44O844OzKSBNTS1IUDExN0c=,44K144Oz44Ov44K144OX44Op44KkIOWvhumWieWei+OCpOODs+ODiuODvOOCpOODpOODvOODmOODg+ODieODm+ODsyjjgrDjg6rjg7zjg7MpIE1NLUhQMTE3Rw==[rn]
18-38241,aHR0cDovL3RzaG9wLnIxMHMuanAvYWtpYmFtYWMvY2FiaW5ldC8wNTEwOTkxMC80OTY5OTI5MjQ1OTYwLmpwZz9maXRpbj03MDA6NzAw,MTc2MDAuMDAwMA==,,VFbjg7vjgqrjg7zjg4fjgqPjgqrjg7vjgqvjg6Hjg6kgPiDjgqrjg7zjg4fjgqPjgqogPiDjg5jjg4Pjg4njg5vjg7Pjg7vjgqTjg6Tjg5vjg7M=,44CQ6YCB5paZ54Sh5paZ44CRQk9TRSjjg5zjg7zjgropQmx1ZXRvb3Ro44Kk44Ok44Ob44OzKOODkeODr+ODvOODrOODg+ODiSkg44Kr44OK44Or5Z6LIFNTcG9ydCBQTFMgV0xTUyBSRUQgKFNTUE9SVFBMU1dMU1NSRSk=,,4pag5b+D5ouN5pWw44K744Oz44K144O85YaF6JS144Gn44CB57Ch5Y2Y44Gr44OR44OV44Kp44O844Oe44Oz44K544KS5ris5a6a5Y+v6IO944CCPGJyPjxicj7ilqBCbHVldG9vdGjjgYrjgojjgbNORkPjgafjgIHjgYrmiYvmjIHjgaHjga7mqZ/lmajjgavjg6/jgqTjg6Tjg6zjgrnjgafmjqXntprjgYzlj6/og73jgII8YnI+PGJyPuKWoOa/gOOBl+OBhOOCqOOCr+OCteOCteOCpOOCuuOBq+OCguiAkOOBiOOCi1N0YXlIZWFyIFB1bHNl44OB44OD44OX44GM5a6J5a6a44GX44Gf5b+r6YGp44Gq44OV44Kj44OD44OI5oSf44KS5a6f54++44CCPGJyPjxicj7ilqDmnIDpganljJbjgZXjgozjgZ9FUeOBjOmfs+mHj+ODrOODmeODq+OBq+mWouS/guOBquOBj+ODkOODqeODs+OCueOBruWPluOCjOOBn+mfs+mfv+aAp+iDveOCkueZuuaPruOAgjxicj48YnI+4pagQm9zZSBDb25uZWN044Ki44OX44Oq44Gn44Oq44Ki44Or44K/44Kk44Og44Gu5b+D5ouN5pWw5ris5a6a44CB44OY44OD44OJ44Ob44Oz44Gu57aZ57aa55qE44Gq5qmf6IO96L+95Yqg44GM5Y+v6IO944CCPGJyPjxicj7ilqDjgZXjgb7jgZbjgb7jgarkurrmsJfjga7jg5XjgqPjg4Pjg4jjg43jgrnjgqLjg5fjg6rjgavlr77lv5zjgII8YnI+PGJyPuKWoOaxl+OChOawtOWIhuOBq+W8t+OBhOmYsua7tOS7leanmOOBp+OAgea/gOOBl+OBhOWLleOBjeOBq+OCguWvvuW/nOOAgjxicj48YnI+4pagMeWbnuOBruWFhembu+OBp+acgOWkpzXmmYLplpPjga7pgKPntprkvb/nlKjjgYzlj6/og73jgarjg6rjg4Hjgqbjg6DjgqTjgqrjg7Pjg5Djg4Pjg4bjg6rjg7zjgpLmkK3ovInjgII8YnI+PGJyPuKWoOODnuOCpOOCr+S7mOOBjeODquODouOCs+ODs+OBp+ODnOODquODpeODvOODoOiqv+aVtOOAgeOCv+OCpOODiOODq+OCueOCreODg+ODl+OAgeedgOS/oeW/nOetlOOCkuewoeWNmOOBq+aTjeS9nOOAgjxicj48YnI+4pag44Kr44Op44O844Gv44OR44Ov44O844Os44OD44OJ44CCPGJyPjxicj7jgJDoo73lk4Hku5Xmp5jjgJE8YnI+4pag6LOq6YeP44CAMjNnPGJyPuKWoOmbu+a6kOOAgOODquODgeOCpuODoOOCpOOCquODs+mbu+axoDxicj7ilqDjg5Djg4Pjg4bjg6rjg7zpgKPntprlho3nlJ/mmYLplpPjgIA15pmC6ZaTPGJyPuKWoOODkOODg+ODhuODquODvOWFhembu+aZgumWk+OAgDLmmYLplpM8YnI+4pagQmx1ZXRvb3Ro44CAQTJEUOOAgUhGUOOAgUFWUkNQ44CBQkxFPGJyPuKWoE5GQ+OAgOWvvuW/nDxicj7ilqDku5jlsZ7lk4HjgIBTdGF5SGVhcisgUHVsc2Xjg4Hjg4Pjg5coUy9NL0wp44CB5YWF6Zu755SoVVNC44Kx44O844OW44Or44CB44Kt44Oj44Oq44Oz44Kw44Kx44O844K5,44CQ6YCB5paZ54Sh5paZ44CRQk9TRSjjg5zjg7zjgropQmx1ZXRvb3Ro44Kk44Ok44Ob44OzKOODkeODr+ODvOODrOODg+ODiSkg44Kr44OK44Or5Z6LIFNTcG9ydCBQTFMgV0xTUyBSRUQgKFNTUE9SVFBMU1dMU1NSRSnvvJrjgr3jg5Xjg57jg4Pjg5fjgIDjg4fjgrjjgr/jg6vjgrPjg6zjgq/jgrfjg6fjg7M=,44K944OV44Oe44OD44OXIOODh+OCuOOCv+ODq+OCs+ODrOOCr+OCt+ODp+ODs1NvZm1hcCBEaWdpdGFsIENvbGxlY3Rpb27jg5Hjgr3jgrPjg7Pjgr/jg5bjg6zjg4Pjg4hQQ0hEROOCouOCu+ODs+ODluODquODkeODvOODhOODkeOCveOCs+ODs+ODkeODvOODhOODhuODrOODk+OCsuODvOODoOODluODq+ODvOODrOOCpOOCveODleODiERWROOCveODleODiOa2suaZtuODhuODrOODk+ODluODq+ODvOODrOOCpOODh+OCo+OCueOCr+ODrOOCs+ODvOODgOODvOODh+OCuOOCv+ODq+S4gOecvOODrOODleOCq+ODoeODqeODh+OCuOOCv+ODq+OCq+ODoeODqeWutumbu+aZguioiOS4reWPpOOAgOOCveODleODiOOCouOCpuODiOODrOODg+ODiOS4reWPpOODjuODvOODiOODkeOCveOCs+ODs+S4reWPpOODkeOCveOCs+ODs+OAkOmAgeaWmeeEoeaWmeOAkUJPU0Uo44Oc44O844K6KUJsdWV0b290aOOCpOODpOODm+ODsyjjg5Hjg6/jg7zjg6zjg4Pjg4kpIOOCq+ODiuODq+WeiyBTU3BvcnQgUExTIFdMU1MgUkVEIChTU1BPUlRQTFNXTFNTUkUp,44CQ6YCB5paZ54Sh5paZ44CRQk9TRSjjg5zjg7zjgropQmx1ZXRvb3Ro44Kk44Ok44Ob44OzKOODkeODr+ODvOODrOODg+ODiSkg44Kr44OK44Or5Z6LIFNTcG9ydCBQTFMgV0xTUyBSRUQgKFNTUE9SVFBMU1dMU1NSRSk=[rn]
18-38242,aHR0cDovL3RzaG9wLnIxMHMuanAvYWtpYmFtYWMvY2FiaW5ldC8wNTI3MTg0OS80NTE2MTEwMDE2NDA1LmpwZz9maXRpbj03MDA6NzAw,NjgwMDAuMDAwMA==,,VFbjg7vjgqrjg7zjg4fjgqPjgqrjg7vjgqvjg6Hjg6kgPiDjgqrjg7zjg4fjgqPjgqogPiDjg5jjg4Pjg4njg5vjg7Pjg7vjgqTjg6Tjg5vjg7M=,44CQ6YCB5paZ54Sh5paZ44CRT1JC44Od44O844K/44OW44Or44OY44OD44OJ44Ob44Oz44Ki44Oz44OXIDLjgrvjg4Pjg4ggSkFERSBuZXh0IFVsdGltYXRlIGJpIHBvd2VyIEN1c3RvbSBJRU0gMnBpbi1CYWxhbmNlZCBKQVBBTiBKTlVCSVBDSTJQSU5CSkFQQU4=,,4pag6LSF5rKi44GrMuWPsOOBruOCouODs+ODl+OCkuS9v+eUqOOBmeOCi+OAjEJpLWFtcOOAjeOBq+OCiOOCi+WEquOCjOOBn+OCteOCpuODs+ODiTxicj7jg5zjg6rjg6Xjg7zjg6DjgpLnhKHjgY/jgZfjgIHjg5Hjg6/jg7zjgqLjg7Pjg5fjgajjgZfjgabotIXmsqLjgasy5Y+w44Gu44Ki44Oz44OX44KS5L2/55So44GZ44KL44GT44Go44Gr44KI44KK44CBTC9S44Gu6Zu75rqQ5YiG6Zui44CB6Zu75rqQ44Gu5L2Z6KOV5bqm44CBTC9S44OB44Oj44Oz44ON44Or44Gu44Kv44Ot44K544OI44O844Kv44GM5L2O5rib44GV44KM44CB44Kv44Oq44Ki44GL44Gk6Z2e5bi444Gr5Yqb5by344GP6LqN5YuV5oSf5rqi44KM44KL44K144Km44Oz44OJ44KS5a6f54++44CCIOWbnui3r+OBruOCsOODqeODs+ODieOBq+WHuuWKm+OBruS/oeWPt+mbu+a1geOBjOa1geOCjOOBquOBhOOBk+OBqOOBq+OCiOOCiuOAgeOCouODs+ODl+OBruW4sOmChOODqeOCpOODs+OBrua3t+Wkieiqv+atquOBruS9jua4m+OBqOOAgeODmOODg+ODieODleOCqeODsy/jgqTjg6Tjg5Xjgqnjg7PjgavmtYHjgozjgovpm7vmtYHjgavjgojjgovpm7vmupDjga7lpInli5XjgIHmj7rjgozjgYzmiZPjgaHmtojjgZfjgYLjgYTjgIHlpInli5XjgIHmj7rjgozjga7jgarjgYTnkIbmg7PnmoTjgarpm7vmupDjgajjgb/jgarjgZnjgZPjgajjgYzlj6/og73jgafjgZnjgILjgZ3jgozjgavjgojjgorjgIHlipvlvLfjgY/ph4/mhJ/muqLjgozjgovkvY7ln5/jgajjgIHjgZ3jgozjgavosqDjgZHjgovjgZPjgajjga7jgarjgYTkuK3pq5jln5/jga7mipzjgZHjga7oia/jgZXjgpLkuKHnq4vjgIHouo3li5XnmoTjgaflvL7jgZHjgovjgojjgYbjgarjg6njgqTjg5bmhJ/muqLjgozjgovpn7Pmpb3jgpLmhInjgZfjgpPjgafpoILjgZHjgb7jgZnjgII8YnI+PGJyPuKWoDHlj7DjgavjgaTjgY3ljZg06Zu75rGgMuacrOOBp+mrmOmbu+WcpzEwVuOBq+aYh+Wcp+OBmeOCi+Wbnui3r+OCkuaOoeeUqDxicj7jgJDjg4/jgqTjgqTjg7Pjg5Tjg7zjg4Djg7Pjgrnjg6Ljg7zjg4nvvIhIaVpv77yJ44CR6Zu75rqQ6Zu75ZynMTBW44G+44Gn5piH5Zyn44GZ44KL44GT44Go44Gr44KI44KK44CB44Kk44Oz44OU44O844OA44Oz44K544GMMzAwzqnjga7jg5jjg4Pjg4njg5Xjgqnjg7PjgafjgoLjgarjgpPjgarjgY/pp4bli5XjgZnjgovjgZPjgajjgYzjgafjgY3jgIHkvY7jgqTjg7Pjg5Tjg7zjg4Djg7Pjgrnjga7jgqTjg6Tjg5Xjgqnjg7PjgoLlpKfpn7Pph4/jgafpp4bli5XjgZnjgovjgZPjgajjgYzjgafjgY3jgb7jgZnjgILpgJrluLjjga7ljZg06Zu75rGgMuacrOOBq+avlOOBueOAgembu+a6kOmbu+Wcp+OCkjEwVuOBq+OBmeOCi+OBk+OBqOOBq+OCiOOCiuOAgeWQhOmDqOWTgeOBrumbu+a6kOmbu+Wcp+WkieWLlemZpOWOu+avlOOCkuWQkeS4iuOBleOBm+OBpuOBhOOBvuOBmeOAguOAkOODjuODvOODnuODq+ODouODvOODie+8iEVDT++8ieOAkeODj+OCpOOCpOODs+ODlOODvOODgOODs+OCueODouODvOODieOBruS9meijleOCkuaMgeOBo+OBn+mnhuWLleOBq+WvvuOBl+OAgeODjuODvOODnuODq+ODouODvOODieOBr+S9juOCpOODs+ODlOODvOODgOODs+OCueOBruOCpOODpOODleOCqeODs+OCkumBqeW6puOBqumfs+mHj+OBp+mVt+aZgumWk+alveOBl+OCgeOAgembu+a6kOmbu+Wcp+OCkuS4i+OBkuOCi+OBk+OBqOOBq+OCiOOCiuOAgembu+axoOOCkumVt+aMgeOBoeOBleOBm+OCi+ODouODvOODieOBq+OBquOBo+OBpuOBhOOBvuOBmeOAgiA8YnI+PGJyPuKWoOmbu+a6kOOBruS9juWHuuWKm+OCpOODs+ODlOODvOODgOODs+OCueWMljxicj7pm7vmsaDpp4bli5Xjga7lvLHngrnjgafjgYLjgovkuK3jg7vkvY7pn7Pjga7pp4bli5Xog73lipvjgpLlkJHkuIrjgZXjgZvjgovjgZ/jgoHjgavjgIHpm7vmupDjgasxMDAwzrxG44Gu6Zu76Kej44Kz44Oz44OH44Oz44K144KS5bCO5YWl44GX44CB6Zu75rqQ44Gu5Ye65Yqb44Kk44Oz44OU44O844OA44Oz44K544KS5LiL44GS44CB6auY5bqm44Gq44OR44Ov44O844Os44K544Od44Oz44K544KS5a6f54++44GX44G+44GX44Gf44CCPGJyPjxicj7ilqDoqK3oqIjjgrPjg7Pjgrvjg5fjg4g8YnI+5omL6Lu944Gr5qW944GX44GE6Z+z44KS5oSJ44GX44KA44GT44Go44GM5Ye65p2l44KL44K544K/44Kk44Oq44OD44K344Ol44Gq44OP44Kk44Kz44K544OI44OR44OV44Kp44O844Oe44Oz44K544Oi44OH44Or44CMSkFERSBuZXh044CN44KS44Oq44Oi44OH44Or44GX44G+44GX44Gf44CC44Kz44K544OI44KS5bqm5aSW6KaW44GX44CB5Zue6Lev6Kit6KiI44CB6YOo5ZOB6YG45a6a44KSMOOBi+OCieihjOOBhOOAgemfs+izquOCkuW+ueW6leeahOOBq+i/veWPiuOAgiDku5jlsZ7jga7jgrHjg7zjg5bjg6vjgavjga/jg57jgqTjgrnjgr/jg7zjgq/jg6njg5Xjg4jjg57jg7Pjga7oo73kvZzjgZnjgotDbGVhciBmb3JjZeOCkumBuOWumuOAguOBleOCieOBq+WmpeWNlOOBrueEoeOBhOmfs+izquOBruOBn+OCgeOBq+acrOS9k+OCkjLlj7Dkvb/nlKjjgZnjgotCaS1hbXDjgajjgZfjgIFVbHRpbWF0ZeOBruWQjeOBq+aBpeOBmOOBquOBhOOAgeacgOS4iuOBrumfs+alveS9k+mok+OCkuaPkOS+m+OBmeOCi+WFqOOBj+aWsOOBl+OBhOODneODvOOCv+ODluODq+OCouODs+ODl+OBp+OBmeOAgjxicj48YnI+4pag5pel5pys44Gu5Lyd57Wx576O44KS5Lyd44GI44KL5pys5ryG5aGX44KK5LuV5LiK44GSPGJyPuODkeODjeODq+OBr+mHkeayouOBrua8huWhl+OCiue+juihk+W3peaIv+OBp+ixiuWvjOOBque1jOmok+OCkuaMgeOBpOa8huWhl+OCiuiBt+S6uuOBruaJi+OBq+OCiOOCiuOAgee+juOBl+OBj+S7leS4iuOBkuOBvuOBl+OBn+OAguWhl+OBo+OBpuOBr+S5vueHpeOBmeOCi+OBqOOBhOOBhuW3peeoi+OCkuW5vuW6puOBqOOBquOBj+e5sOOCiui/lOOBl+OAgea8huWhl+OCiuOBjOS7leS4iuOBjOOCi+OBvuOBp+OBq+OBrzHjg7bmnIjjgajjgYTjgYbmmYLplpPjgpLopoHjgZfjgb7jgZnjgILjgqTjg5/jg4bjg7zjgrfjg6fjg7Pjgafjga/jgarjgYTmnKznianjgaDjgZHjgYzmjIHjgaTmsJflk4HjgajpoqjmoLzjgYzjgIHnvo7jgZfjgYTpn7PjgaDjgZHjgafjga/jgarjgY/jgIHml6XmnKzjga7ntKDmmbTjgonjgZfjgYTkvJ3ntbHnvo7jgpLjgoLjgYLjgarjgZ/jga7jgqrjg7zjg4fjgqPjgqrjgrfjgrnjg4bjg6DjgavjgoLjgZ/jgonjgZfjgb7jgZnjgII8YnI+PGJyPuOAkOijveWTgeS7leanmOOAkTxicj7ilqDjgrvjg4Pjg4jlhoXlrrnvvJpKQURFIG5leHQgVWx0aW1hdGUgYmkgcG93ZXIgSkFQQU4g5pys5L2T77yIMuWPsDFzZXTvvInjgIFDdXN0b20gSUVNIDJwaW7nlKjjg6rjgrHjg7zjg5bjg6vvvIgxLjJt77yJ44CBQmFsYW5jZWTlhaXlipvjgrHjg7zjg5bjg6vvvIgxN2Nt77yJPGJyPuKWoOODmOODg+ODieODleOCqeODs+OCouODs+ODl+mDqOWFpeWHuuWKm+err+WtkO+8mlvjgqLjg4rjg63jgrDlhaXliptd44K544OG44Os44Kq44Of44OL44K444Oj44OD44Kvw5cx44CBW+ODmOODg+ODieODleOCqeODs+WHuuWKm13jgrnjg4bjg6zjgqrjg5/jg4vjgrjjg6Pjg4Pjgq/DlzHvvIjmjqjlpajosqDojbfjgqTjg7Pjg5Tjg7zjg4Djg7PjgrkgMTbvvZ4zMDDOqe+8iTxicj7ilqDjg5jjg4Pjg4njg5Xjgqnjg7PjgqLjg7Pjg5fpg6jlhajpq5joqr/ms6LmrarnjofvvJrjg4/jgqTjgqTjg7Pjg5Tjg7zjg4Djg7Pjgrnjg6Ljg7zjg4njgacwLjA177yF5Lul5LiLPGJyPuKWoOODmOODg+ODieODleOCqeODs+OCouODs+ODl+mDqOWumuagvOWHuuWKm++8muODj+OCpOOCpOODs+ODlOODvOODgOODs+OCueODouODvOODieOBpzIwbVfvvIsyMG1X77yIMzLOqeiyoOiNt++8ieOAgeODjuODvOODnuODq+ODouODvOODieOBpzJtV++8izJtV++8iDMyzqnosqDojbfvvIk8YnI+4pag44OY44OD44OJ44OV44Kp44Oz44Ki44Oz44OX6YOo6Zu75rqQ44O76YCj57aa5YuV5L2c5pmC6ZaT77ya5Y2YNOmbu+axoMOXMu+8iOOCouODq+OCq+ODqumbu+axoOODu+WFhembu+mbu+axoO+8ieOAgeODj+OCpOOCpOODs+ODlOODvOODgOODs+OCueODouODvOODiee0hDMuNeaZgumWkyDvvIjjgqLjg6vjgqvjg6rpm7vmsaDvvInjgIHjg47jg7zjg57jg6vjg6Ljg7zjg4nntIQ55pmC6ZaTIO+8iOOCouODq+OCq+ODqumbu+axoO+8ieKAu+S9v+eUqOadoeS7tuOBq+OCiOOBo+OBpuefreOBj+OBquOCi+WgtOWQiOOBjOOBguOCiuOBvuOBmeOAgjxicj7ilqDjg5jjg4Pjg4njg5Xjgqnjg7PjgqLjg7Pjg5fpg6jlpJblvaLlr7jms5Xjg7vph43ph4/vvJpXNzdtbcOXRDEyMG1tw5dIMTltbeOAgee0hDE2NWc=,44CQ6YCB5paZ54Sh5paZ44CRT1JC44Od44O844K/44OW44Or44OY44OD44OJ44Ob44Oz44Ki44Oz44OXIDLjgrvjg4Pjg4ggSkFERSBuZXh0IFVsdGltYXRlIGJpIHBvd2VyIEN1c3RvbSBJRU0gMnBpbi1CYWxhbmNlZCBKQVBBTiBKTlVCSVBDSTJQSU5CSkFQQU7vvJrjgr3jg5Xjg57jg4Pjg5fjgIDjg4fjgrjjgr/jg6vjgrPjg6zjgq/jgrfjg6fjg7M=,44K944OV44Oe44OD44OXIOODh+OCuOOCv+ODq+OCs+ODrOOCr+OCt+ODp+ODs1NvZm1hcCBEaWdpdGFsIENvbGxlY3Rpb27jg5Hjgr3jgrPjg7Pjgr/jg5bjg6zjg4Pjg4hQQ0hEROOCouOCu+ODs+ODluODquODkeODvOODhOODkeOCveOCs+ODs+ODkeODvOODhOODhuODrOODk+OCsuODvOODoOODluODq+ODvOODrOOCpOOCveODleODiERWROOCveODleODiOa2suaZtuODhuODrOODk+ODluODq+ODvOODrOOCpOODh+OCo+OCueOCr+ODrOOCs+ODvOODgOODvOODh+OCuOOCv+ODq+S4gOecvOODrOODleOCq+ODoeODqeODh+OCuOOCv+ODq+OCq+ODoeODqeWutumbu+aZguioiOS4reWPpOOAgOOCveODleODiOOCouOCpuODiOODrOODg+ODiOS4reWPpOODjuODvOODiOODkeOCveOCs+ODs+S4reWPpOODkeOCveOCs+ODs+OAkOmAgeaWmeeEoeaWmeOAkU9SQuODneODvOOCv+ODluODq+ODmOODg+ODieODm+ODs+OCouODs+ODlyAy44K744OD44OIIEpBREUgbmV4dCBVbHRpbWF0ZSBiaSBwb3dlciBDdXN0b20gSUVNIDJwaW4tQmFsYW5jZWQgSkFQQU4gSk5VQklQQ0kyUElOQkpBUEFO,44CQ6YCB5paZ54Sh5paZ44CRT1JC44Od44O844K/44OW44Or44OY44OD44OJ44Ob44Oz44Ki44Oz44OXIDLjgrvjg4Pjg4ggSkFERSBuZXh0IFVsdGltYXRlIGJpIHBvd2VyIEN1c3RvbSBJRU0gMnBpbi1CYWxhbmNlZCBKQVBBTiBKTlVCSVBDSTJQSU5CSkFQQU4=[rn]
18-38243,aHR0cDovL3RzaG9wLnIxMHMuanAvYWtpYmFtYWMvY2FiaW5ldC8wNDEwMzc5MS80OTc1NzY5NDIwMjIxLmpwZz9maXRpbj03MDA6NzAw,MTY4OS42MDAw,,VFbjg7vjgqrjg7zjg4fjgqPjgqrjg7vjgqvjg6Hjg6kgPiDjgqrjg7zjg4fjgqPjgqogPiDjg5jjg4Pjg4njg5vjg7Pjg7vjgqTjg6Tjg5vjg7M=,SlZD44Kx44Oz44Km44OD44OJ5a+G6ZaJ5Z6L44Kk44Oz44OK44O844Kk44Ok44O844OY44OD44OJ44Ob44OzKOODluODqeODg+OCrykgSEEtRlg0Ni1CIChIQUZYNDZCKQ==,,57K+57e744Gn576O44GX44GE44OH44K244Kk44Oz44Go44Go44KC44Gr44CB44Kv44Oq44Ki44Gn44Kt44Os44Gu44GC44KL6YeN5L2O6Z+z44K144Km44Oz44OJ44KS5a6f54++44GX44G+44GZ44CC,SlZD44Kx44Oz44Km44OD44OJ5a+G6ZaJ5Z6L44Kk44Oz44OK44O844Kk44Ok44O844OY44OD44OJ44Ob44OzKOODluODqeODg+OCrykgSEEtRlg0Ni1CIChIQUZYNDZCKe+8muOCveODleODnuODg+ODl+OAgOODh+OCuOOCv+ODq+OCs+ODrOOCr+OCt+ODp+ODsw==,44K944OV44Oe44OD44OXIOODh+OCuOOCv+ODq+OCs+ODrOOCr+OCt+ODp+ODs1NvZm1hcCBEaWdpdGFsIENvbGxlY3Rpb27jg5Hjgr3jgrPjg7Pjgr/jg5bjg6zjg4Pjg4hQQ0hEROOCouOCu+ODs+ODluODquODkeODvOODhOODkeOCveOCs+ODs+ODkeODvOODhOODhuODrOODk+OCsuODvOODoOODluODq+ODvOODrOOCpOOCveODleODiERWROOCveODleODiOa2suaZtuODhuODrOODk+ODluODq+ODvOODrOOCpOODh+OCo+OCueOCr+ODrOOCs+ODvOODgOODvOODh+OCuOOCv+ODq+S4gOecvOODrOODleOCq+ODoeODqeODh+OCuOOCv+ODq+OCq+ODoeODqeWutumbu+aZguioiOS4reWPpOOAgOOCveODleODiOOCouOCpuODiOODrOODg+ODiOS4reWPpOODjuODvOODiOODkeOCveOCs+ODs+S4reWPpOODkeOCveOCs+ODs0pWQ+OCseODs+OCpuODg+ODieWvhumWieWei+OCpOODs+ODiuODvOOCpOODpOODvOODmOODg+ODieODm+ODsyjjg5bjg6njg4Pjgq8pIEhBLUZYNDYtQiAoSEFGWDQ2Qik=,SlZD44Kx44Oz44Km44OD44OJ5a+G6ZaJ5Z6L44Kk44Oz44OK44O844Kk44Ok44O844OY44OD44OJ44Ob44OzKOODluODqeODg+OCrykgSEEtRlg0Ni1CIChIQUZYNDZCKQ==[rn]
18-38244,aHR0cDovL3RzaG9wLnIxMHMuanAvYWtpYmFtYWMvY2FiaW5ldC8wNDYxMzQ4Ny80OTYxMzEwMTMzODYzLmpwZz9maXRpbj03MDA6NzAw,MzI3NC40MDAw,,VFbjg7vjgqrjg7zjg4fjgqPjgqrjg7vjgqvjg6Hjg6kgPiDjgqrjg7zjg4fjgqPjgqogPiDjg5jjg4Pjg4njg5vjg7Pjg7vjgqTjg6Tjg5vjg7M=,44Kq44O844OH44Kj44Kq44OG44Kv44OL44KraVBvZO+8j2lQaG9uZe+8j2lQYWTlsILnlKgg44Kr44OK44Or5Z6L44Kk44Oz44OK44O844Kk44Ok44O844OY44OD44OJ44Ob44Oz77yI44Ob44Ov44Kk44OI77yJQVRILUNLUzU1MGkgV0jvvIhBVEhDS1M1NTBJV0jvvIk=,,5paw6ZaL55m6z4Y5LjhtbeKAnERVQUwgTUFHTkVUSUMtRklFTEQgRFJJVkVS4oCd5pCt6LyJ44CC5Zyn5YCS55qE44Gq6YeN5L2O6Z+z44GM5qW944GX44KB44KLaVBvZC9pUGhvbmUvaVBhZOWwgueUqOODouODh+ODqw==,44Kq44O844OH44Kj44Kq44OG44Kv44OL44KraVBvZO+8j2lQaG9uZe+8j2lQYWTlsILnlKgg44Kr44OK44Or5Z6L44Kk44Oz44OK44O844Kk44Ok44O844OY44OD44OJ44Ob44Oz77yI44Ob44Ov44Kk44OI77yJQVRILUNLUzU1MGkgV0jvvIhBVEhDS1M1NTBJV0jvvInvvJrjgr3jg5Xjg57jg4Pjg5fjgIDjg4fjgrjjgr/jg6vjgrPjg6zjgq/jgrfjg6fjg7M=,44K944OV44Oe44OD44OXIOODh+OCuOOCv+ODq+OCs+ODrOOCr+OCt+ODp+ODs1NvZm1hcCBEaWdpdGFsIENvbGxlY3Rpb27jg5Hjgr3jgrPjg7Pjgr/jg5bjg6zjg4Pjg4hQQ0hEROOCouOCu+ODs+ODluODquODkeODvOODhOODkeOCveOCs+ODs+ODkeODvOODhOODhuODrOODk+OCsuODvOODoOODluODq+ODvOODrOOCpOOCveODleODiERWROOCveODleODiOa2suaZtuODhuODrOODk+ODluODq+ODvOODrOOCpOODh+OCo+OCueOCr+ODrOOCs+ODvOODgOODvOODh+OCuOOCv+ODq+S4gOecvOODrOODleOCq+ODoeODqeODh+OCuOOCv+ODq+OCq+ODoeODqeWutumbu+aZguioiOS4reWPpOOAgOOCveODleODiOOCouOCpuODiOODrOODg+ODiOS4reWPpOODjuODvOODiOODkeOCveOCs+ODs+S4reWPpOODkeOCveOCs+ODs+OCquODvOODh+OCo+OCquODhuOCr+ODi+OCq2lQb2TvvI9pUGhvbmXvvI9pUGFk5bCC55SoIOOCq+ODiuODq+Wei+OCpOODs+ODiuODvOOCpOODpOODvOODmOODg+ODieODm+ODs++8iOODm+ODr+OCpOODiO+8iUFUSC1DS1M1NTBpIFdI77yIQVRIQ0tTNTUwSVdI77yJ,44Kq44O844OH44Kj44Kq44OG44Kv44OL44KraVBvZO+8j2lQaG9uZe+8j2lQYWTlsILnlKgg44Kr44OK44Or5Z6L44Kk44Oz44OK44O844Kk44Ok44O844OY44OD44OJ44Ob44Oz77yI44Ob44Ov44Kk44OI77yJQVRILUNLUzU1MGkgV0jvvIhBVEhDS1M1NTBJV0jvvIk=[rn]
18-38245,aHR0cDovL3RzaG9wLnIxMHMuanAvYWtpYmFtYWMvY2FiaW5ldC8wNDY3NDA5NS80NTgwMDk2NDIwMzEwLmpwZz9maXRpbj03MDA6NzAw,ODQwOC4wMDAw,,VFbjg7vjgqrjg7zjg4fjgqPjgqrjg7vjgqvjg6Hjg6kgPiDjgqrjg7zjg4fjgqPjgqogPiDjg5jjg4Pjg4njg5vjg7Pjg7vjgqTjg6Tjg5vjg7M=,44CQ6YCB5paZ54Sh5paZ44CRS0VOTkVSVE9O44Kr44OK44Or5Z6L44Kk44Ok44Ob44OzIExBR1Va77yI44Op44Kw44K677yJ,,44O76Iiq56m65qmf44Kw44Os44O844OJ44Gu44Ki44Or44Of44OP44Km44K444Oz44KwPGJyPuODuzhtbeODieODqeOCpOODkOODvOOAgeODnuOCpOODqeODvOijveODgOOCpOOCouODleODqeODoDxicj7jg7vnhKHphbjntKDpioXjgrHjg7zjg5bjg6s8YnI+44O76ICQ5LmF5oCn44GM44GC44KK44CB57Wh44G/44Gr44GP44GE57eo6L6844Kx44O844OW44OrPGJyPuODu+ODrOOCtuODvOODj+ODvOODieOCseODvOOCueS7mOOBjTxicj7jg7vlpJrnqK7lpJrmp5jjgarjgqTjg6Tjg7zjg4Hjg4Pjg5c8YnI+PGJyPkxBR1Va44GvS0VOTkVSVE9O44K344Oq44O844K644Gu5Lit44Gn5pyA44KC5omL6aCD44Gq44Kk44Ok44Ob44Oz44Gn44GZ44GM44CB44Gd44KM44Gv5ZOB6LOq44Gr5aal5Y2U44GX44Gf44Go44GE44GG5oSP5ZGz44Gn44Gv44GC44KK44G+44Gb44KT44CCTEFHVVrjga/ku5bjga7jg6Ljg4fjg6vjgajlkIzjgZjjgojjgYbjgarlk4Hos6rjgajljZPotormgKfjga7ljp/nkIbjgavln7rjgaXjgYTjgabjg4fjgrbjgqTjg7PjgZXjgozjgZ/oo73lk4HjgafjgZnjgII8YnI+TEFHVVrjga7jg4njg6njgqTjg5Djg7zjgajjg4/jgqbjgrjjg7PjgrDjga/mnIDliJ3jgYvjgonlkIzmmYLjgavoqK3oqIjjgZXjgozjgIHlrozlhajjgavjg57jg4Pjg4HjgZnjgovjgojjgYbjgavmhY7ph43jgavoo73pgKDjgZXjgozjgb7jgZfjgZ/jgILni6zoh6rmgKfjgpLmjIHjgaPjgZ/pq5jmgKfog73jgarjg4DjgqTjg4rjg5/jg4Pjgq84bW3jga7jg4njg6njgqTjg5Djg7zjga/jgIHlkIzkvqHmoLzluK/ku6XkuIrjga7jgqTjg6Tjg5vjg7Pjgajmr5TjgbnjgabjgoLmr5TpoZ7jga7jgarjgYTmmI7nnq3jgZXjgajnsr7luqbjgpLoqofjgorjgb7jgZnjgII=,44CQ6YCB5paZ54Sh5paZ44CRS0VOTkVSVE9O44Kr44OK44Or5Z6L44Kk44Ok44Ob44OzIExBR1Va77yI44Op44Kw44K677yJ77ya44K944OV44Oe44OD44OX44CA44OH44K444K/44Or44Kz44Os44Kv44K344On44Oz,44K944OV44Oe44OD44OXIOODh+OCuOOCv+ODq+OCs+ODrOOCr+OCt+ODp+ODs1NvZm1hcCBEaWdpdGFsIENvbGxlY3Rpb27jg5Hjgr3jgrPjg7Pjgr/jg5bjg6zjg4Pjg4hQQ0hEROOCouOCu+ODs+ODluODquODkeODvOODhOODkeOCveOCs+ODs+ODkeODvOODhOODhuODrOODk+OCsuODvOODoOODluODq+ODvOODrOOCpOOCveODleODiERWROOCveODleODiOa2suaZtuODhuODrOODk+ODluODq+ODvOODrOOCpOODh+OCo+OCueOCr+ODrOOCs+ODvOODgOODvOODh+OCuOOCv+ODq+S4gOecvOODrOODleOCq+ODoeODqeODh+OCuOOCv+ODq+OCq+ODoeODqeWutumbu+aZguioiOS4reWPpOOAgOOCveODleODiOOCouOCpuODiOODrOODg+ODiOS4reWPpOODjuODvOODiOODkeOCveOCs+ODs+S4reWPpOODkeOCveOCs+ODs+OAkOmAgeaWmeeEoeaWmeOAkUtFTk5FUlRPTuOCq+ODiuODq+Wei+OCpOODpOODm+ODsyBMQUdVWu+8iOODqeOCsOOCuu+8iQ==,44CQ6YCB5paZ54Sh5paZ44CRS0VOTkVSVE9O44Kr44OK44Or5Z6L44Kk44Ok44Ob44OzIExBR1Va77yI44Op44Kw44K677yJ[rn]
18-38246,aHR0cDovL3RzaG9wLnIxMHMuanAvYWtpYmFtYWMvY2FiaW5ldC8wMTc5NjY0Mi80OTYxMzEwNjAyMjYwLmpwZz9maXRpbj03MDA6NzAw,MzA0LjAwMDA=,,VFbjg7vjgqrjg7zjg4fjgqPjgqrjg7vjgqvjg6Hjg6kgPiDjgqrjg7zjg4fjgqPjgqogPiDjg5jjg4Pjg4njg5vjg7Pjg7vjgqTjg6Tjg5vjg7M=,YXVkaW8tdGVjaG5pY2Ev44Kq44O844OH44Kj44Kq44OG44Kv44OL44KrIOODleOCoeOCpOODs+ODleOCo+ODg+ODiCDjgrnjg5rjgqLjgqTjg6Tjg5Tjg7zjgrnvvIjjg5bjg6njg4Pjgq8vTeOCteOCpOOCuueUqDblgIvlhaXjgorvvIkgRVItQ0tNNTVNIEJL,,4peGQVRILUNLTTU15Lul6ZmN5o6h55So44Gu5paw6Kit6KiI44Kk44Ok44OU44O844K5MjAwOeW5tDjmnIjku6XpmY3jgavnmbrlo7LjgZXjgozjgZ/jgIHjgqrjg7zjg4fjgqPjgqrjg4bjgq/jg4vjgqvoo73jgqTjg7Pjg4rjg7zjgqTjg6Tjg7zjg5jjg4Pjg4njg5vjg7Pjga7lpJrjgY/jgavmjqHnlKjjgZXjgozjgabjgYTjgovjg5XjgqHjgqTjg7Pjg5XjgqPjg4Pjg4jjgr/jgqTjg5fjga7jgqTjg6Tjg5Tjg7zjgrnjgILmipzjgZHokL3jgaHjgavjgY/jgYTmlrDoqK3oqIjjgYzmlr3jgZXjgozjgabjgYTjgb7jgZnjgILjgJDpganlkIjmqZ/nqK7jgJFBVC1WTTEwMOOAgUFUSC1CVDAyLkJUMDJU44CBQVRILUNLMzAzUy5DSzMwM03jgIFBVEgtQ0s1MDBTLkNLNTAwTeOAgUFUSC1DS001NQ==,YXVkaW8tdGVjaG5pY2Ev44Kq44O844OH44Kj44Kq44OG44Kv44OL44KrIOODleOCoeOCpOODs+ODleOCo+ODg+ODiCDjgrnjg5rjgqLjgqTjg6Tjg5Tjg7zjgrnvvIjjg5bjg6njg4Pjgq8vTeOCteOCpOOCuueUqDblgIvlhaXjgorvvIkgRVItQ0tNNTVNIEJL77ya44K944OV44Oe44OD44OX44CA44OH44K444K/44Or44Kz44Os44Kv44K344On44Oz,44K944OV44Oe44OD44OXIOODh+OCuOOCv+ODq+OCs+ODrOOCr+OCt+ODp+ODs1NvZm1hcCBEaWdpdGFsIENvbGxlY3Rpb27jg5Hjgr3jgrPjg7Pjgr/jg5bjg6zjg4Pjg4hQQ0hEROOCouOCu+ODs+ODluODquODkeODvOODhOODkeOCveOCs+ODs+ODkeODvOODhOODhuODrOODk+OCsuODvOODoOODluODq+ODvOODrOOCpOOCveODleODiERWROOCveODleODiOa2suaZtuODhuODrOODk+ODluODq+ODvOODrOOCpOODh+OCo+OCueOCr+ODrOOCs+ODvOODgOODvOODh+OCuOOCv+ODq+S4gOecvOODrOODleOCq+ODoeODqeODh+OCuOOCv+ODq+OCq+ODoeODqeWutumbu+aZguioiOS4reWPpOOAgOOCveODleODiOOCouOCpuODiOODrOODg+ODiOS4reWPpOODjuODvOODiOODkeOCveOCs+ODs+S4reWPpOODkeOCveOCs+ODs2F1ZGlvLXRlY2huaWNhL+OCquODvOODh+OCo+OCquODhuOCr+ODi+OCqyDjg5XjgqHjgqTjg7Pjg5XjgqPjg4Pjg4gg44K544Oa44Ki44Kk44Ok44OU44O844K577yI44OW44Op44OD44KvL03jgrXjgqTjgrrnlKg25YCL5YWl44KK77yJIEVSLUNLTTU1TSBCSw==,YXVkaW8tdGVjaG5pY2Ev44Kq44O844OH44Kj44Kq44OG44Kv44OL44KrIOODleOCoeOCpOODs+ODleOCo+ODg+ODiCDjgrnjg5rjgqLjgqTjg6Tjg5Tjg7zjgrnvvIjjg5bjg6njg4Pjgq8vTeOCteOCpOOCuueUqDblgIvlhaXjgorvvIkgRVItQ0tNNTVNIEJL[rn]
18-38247,aHR0cDovL3RzaG9wLnIxMHMuanAvYWtpYmFtYWMvY2FiaW5ldC8wNDM1NDc1Mi80OTYxMzEwMTMxMzQwLmpwZz9maXRpbj03MDA6NzAw,MTUwNC4wMDAw,,VFbjg7vjgqrjg7zjg4fjgqPjgqrjg7vjgqvjg6Hjg6kgPiDjgqrjg7zjg4fjgqPjgqogPiDjg5jjg4Pjg4njg5vjg7Pjg7vjgqTjg6Tjg5vjg7M=,44Kq44O844OH44Kj44Kq44OG44Kv44OL44KrIEFUSC1DSzMzME0gUEso44Kk44Oz44OK44O844Kk44Ok44O844OY44OD44OJ44Ob44OzL+ODlOODs+OCrykgKEFUSENLMzMwTVBLKQ==,,5b+r6YGp44Gq44OV44Kj44OD44OI5oSf44Gn6auY6Z+z6LOq44Oq44K544OL44Oz44Kw44GM5qW944GX44KB44KL5bCP5Z6L44Oc44OH44Kj44Gu44Kk44Oz44OK44O844Kk44Ok44O844OY44OD44OJ44Ob44Oz44CC,44Kq44O844OH44Kj44Kq44OG44Kv44OL44KrIEFUSC1DSzMzME0gUEso44Kk44Oz44OK44O844Kk44Ok44O844OY44OD44OJ44Ob44OzL+ODlOODs+OCrykgKEFUSENLMzMwTVBLKe+8muOCveODleODnuODg+ODl+OAgOODh+OCuOOCv+ODq+OCs+ODrOOCr+OCt+ODp+ODsw==,44K944OV44Oe44OD44OXIOODh+OCuOOCv+ODq+OCs+ODrOOCr+OCt+ODp+ODs1NvZm1hcCBEaWdpdGFsIENvbGxlY3Rpb27jg5Hjgr3jgrPjg7Pjgr/jg5bjg6zjg4Pjg4hQQ0hEROOCouOCu+ODs+ODluODquODkeODvOODhOODkeOCveOCs+ODs+ODkeODvOODhOODhuODrOODk+OCsuODvOODoOODluODq+ODvOODrOOCpOOCveODleODiERWROOCveODleODiOa2suaZtuODhuODrOODk+ODluODq+ODvOODrOOCpOODh+OCo+OCueOCr+ODrOOCs+ODvOODgOODvOODh+OCuOOCv+ODq+S4gOecvOODrOODleOCq+ODoeODqeODh+OCuOOCv+ODq+OCq+ODoeODqeWutumbu+aZguioiOS4reWPpOOAgOOCveODleODiOOCouOCpuODiOODrOODg+ODiOS4reWPpOODjuODvOODiOODkeOCveOCs+ODs+S4reWPpOODkeOCveOCs+ODs+OCquODvOODh+OCo+OCquODhuOCr+ODi+OCqyBBVEgtQ0szMzBNIFBLKOOCpOODs+ODiuODvOOCpOODpOODvOODmOODg+ODieODm+ODsy/jg5Tjg7Pjgq8pIChBVEhDSzMzME1QSyk=,44Kq44O844OH44Kj44Kq44OG44Kv44OL44KrIEFUSC1DSzMzME0gUEso44Kk44Oz44OK44O844Kk44Ok44O844OY44OD44OJ44Ob44OzL+ODlOODs+OCrykgKEFUSENLMzMwTVBLKQ==[rn]
18-38248,aHR0cDovL3RzaG9wLnIxMHMuanAvYWtpYmFtYWMvY2FiaW5ldC8wNTI4NjY5My80NTQ5MzI1MDI1MzM3LmpwZz9maXRpbj03MDA6NzAw,NDkzMTIuMDAwMA==,,VFbjg7vjgqrjg7zjg4fjgqPjgqrjg7vjgqvjg6Hjg6kgPiDjgqrjg7zjg4fjgqPjgqogPiDjg5jjg4Pjg4njg5vjg7Pjg7vjgqTjg6Tjg5vjg7M=,44CQ6YCB5paZ54Sh5paZ44CRTUFTVEVSJkRZTkFNSUPjg5bjg6vjg7zjg4jjgqXjg7zjgrnjg5jjg4Pjg4njg5vjg7MgTWFzdGVyJkR5bmFtaWMgTVc2MCBCTEFDSy9CTEFDSyBNVzYwQjEtQkxLIChNVzYwQjFCTEsp,,Qmx1ZXRvb3RoIOODr+OCpOODpOODrOOCueODmOODg+ODieODm+ODs+OAjE1XNjDjgI3jgavjgqrjg7zjg6vjg5bjg6njg4Pjgq/jgqvjg6njg7zjg6Ljg4fjg6vjgYznmbvloLQ8YnI+PGJyPuKXhkJsdWV0b290aCDjg6/jgqTjg6Tjg6zjgrnjg5jjg4Pjg4njg5vjg7PjgIxNVzYw44CN44Gv44CB4oCd5pyA44KC5YWI6YCy55qE44Gq44Oi44OA44Oz44O744K344Oz44Kt44Oz44Kw44Kt44Oj44OD44OX4oCc44Go44GE44GG44Kz44Oz44K744OX44OI44KS5o6y44GS44CB44Kx44O844OW44Or44GL44KJ6ZaL5pS+44GV44KM44KL5LqL44Gr44KI44KK44CB5LuK44G+44Gn5Lul5LiK44Gr6Z+z5qW944Gr6ZuG5Lit44GX44Gm44Kk44Oz44K544OR44Kk44Ki44KS5b6X44KL44GT44Go44GM44Gn44GN44KL5pyA5YWI56uv44Gu44K144Km44Oz44OJ44OE44O844Or44Go44GX44Gm6ZaL55m644KS6YCy44KB44G+44GX44Gf44CC6auY44GE6ICQ5LmF5oCn44Go5by35bqm44KS6KqH44KL44GT44GuQmx1ZXRvb3RoIOODmOODg+ODieODm+ODs+OBr+OAgemfs+izqumdouOBq+OBiuOBhOOBpuOCguWEquS9jeaAp+OCkueZuuaPruOBmeOCi+WOs+mBuOOBleOCjOOBn+e0oOadkOOCkuaOoeeUqOOBl+OAgeODquODg+ODgeOBi+OBpOOCpuOCqeODvOODoOOBquOCteOCpuODs+ODieOCkuaPkOS+m+OBl+OBvuOBmeOAguOBleOCieOBq+eLrOiHquOBruOAjGZvcm0tbWVldHMtZnVuY3Rpb27jgI3mp4vpgKDjgajjgrnjg4bjg6zjg7Pjgrnjgrnjg4bjgqPjg7zjg6vjga7mjqHnlKjjgavjgojjgorjgIHogJDkuYXmgKfjgoTjg4fjgrbjgqTjg7PjgpLlpqXljZTjgZnjgovjgZPjgajjgarjgY/jgIHjgq/jg6njgrnmnIDpq5jjg6zjg5njg6vjga5CbHVldG9vdGgg5Y+X5L+h5oSf5bqm44KS5a6f54++44CC44K544OI44Os44K544OV44Oq44O844Gn44Ov44Kk44Ok44Os44K544Oq44K544OL44Oz44Kw44KS44GK5qW944GX44G/6aCC44GR44G+44GZ44CCPGJyPjxicj7jgJDoo73lk4Hku5Xmp5jjgJE8YnI+4pag44OJ44Op44Kk44OQ44O877yaNDVtbSDjg43jgqrjgrjjgqbjg6A8YnI+4pag44Kk44Oz44OU44O844OA44Oz44K577yaMzIgzqk8YnI+4pag57Sg5p2Q77ya44OX44Os44Of44Ki44Og44Kw44Os44Kk44Oz44Os44K244O844CB44Op44Og44Os44K244O844CB44K544OG44Oz44Os44K544K544OG44Kj44O844Or44CB44Ki44Or44Of44OL44Km44OgPGJyPuKWoOaOpee2muerr+WtkO+8mjQg5qW1IDMuNe+9je+9jeOCpOODs+ODl+ODg+ODiOOAgW1pY3JvVVNCIOOCseODvOODluODq++8iOWFhembu+OAgeODleOCoeODvOODoOOCpuOCp+OCouOCouODg+ODl+ODh+ODvOODiOeUqO+8iTxicj7ilqDjg5jjg4Pjg4njg5vjg7Pjgr/jgqTjg5fvvJrlr4bplonlnovvvIjnnYDohLHlvI/jgqTjg6Tjg7zjgqvjg4Pjg5fvvIk8YnI+4pag44Oe44Kk44Kv44Ot44OV44Kp44Oz77ya5YWo5pa55L2N44Oe44Kk44Kv44Ot44Ob44OzPGJyPuKWoO+8ou+9jO+9le+9he+9lO+9j++9j++9lO+9iO+8muODkOODvOOCuOODp+ODsyA0LjHjgIDjg5fjg63jg5XjgqHjgqTjg6vvvJpBMkRQ44CBQVZSQ1DjgIFIRlA8YnI+4pag6Zu75rqQ77ya44OQ44OD44OG44Oq44O877ya5YaF6JS144Oq44OB44Km44Og44Od44Oq44Oe44O844OQ44OD44OG44Oq44O8IDMwMG1BaCAzLjdWPGJyPuKWoOWFhembu+aZgumWky/pp4bli5XmmYLplpPvvJrntIQzIOaZgumWky/ntIQxNiDmmYLplpM8YnI+4pag44K144Kk44K66YeN6YePIO+8mue0hDIwMG1tIHggMTg1bW0geCA1MG1t44CA57SEMzQ1Zw==,44CQ6YCB5paZ54Sh5paZ44CRTUFTVEVSJmFtcDtEWU5BTUlD44OW44Or44O844OI44Kl44O844K544OY44OD44OJ44Ob44OzIE1hc3RlciZhbXA7RHluYW1pYyBNVzYwIEJMQUNLL0JMQUNLIE1XNjBCMS1CTEsgKE1XNjBCMUJMSynvvJrjgr3jg5Xjg57jg4Pjg5fjgIDjg4fjgrjjgr/jg6vjgrPjg6zjgq/jgrfjg6fjg7M=,44K944OV44Oe44OD44OXIOODh+OCuOOCv+ODq+OCs+ODrOOCr+OCt+ODp+ODs1NvZm1hcCBEaWdpdGFsIENvbGxlY3Rpb27jg5Hjgr3jgrPjg7Pjgr/jg5bjg6zjg4Pjg4hQQ0hEROOCouOCu+ODs+ODluODquODkeODvOODhOODkeOCveOCs+ODs+ODkeODvOODhOODhuODrOODk+OCsuODvOODoOODluODq+ODvOODrOOCpOOCveODleODiERWROOCveODleODiOa2suaZtuODhuODrOODk+ODluODq+ODvOODrOOCpOODh+OCo+OCueOCr+ODrOOCs+ODvOODgOODvOODh+OCuOOCv+ODq+S4gOecvOODrOODleOCq+ODoeODqeODh+OCuOOCv+ODq+OCq+ODoeODqeWutumbu+aZguioiOS4reWPpOOAgOOCveODleODiOOCouOCpuODiOODrOODg+ODiOS4reWPpOODjuODvOODiOODkeOCveOCs+ODs+S4reWPpOODkeOCveOCs+ODs+OAkOmAgeaWmeeEoeaWmeOAkU1BU1RFUiZhbXA7RFlOQU1JQ+ODluODq+ODvOODiOOCpeODvOOCueODmOODg+ODieODm+ODsyBNYXN0ZXImYW1wO0R5bmFtaWMgTVc2MCBCTEFDSy9CTEFDSyBNVzYwQjEtQkxLIChNVzYwQjFCTEsp,44CQ6YCB5paZ54Sh5paZ44CRTUFTVEVSJmFtcDtEWU5BTUlD44OW44Or44O844OI44Kl44O844K544OY44OD44OJ44Ob44OzIE1hc3RlciZhbXA7RHluYW1pYyBNVzYwIEJMQUNLL0JMQUNLIE1XNjBCMS1CTEsgKE1XNjBCMUJMSyk=[rn]
18-38249,aHR0cDovL3RzaG9wLnIxMHMuanAvYWtpYmFtYWMvY2FiaW5ldC8wNTI2NDA2OS80NTMxNDY1MDQ0MjkzLmpwZz9maXRpbj03MDA6NzAw,NDc3MC40MDAw,,VFbjg7vjgqrjg7zjg4fjgqPjgqrjg7vjgqvjg6Hjg6kgPiDjgqrjg7zjg4fjgqPjgqogPiDjg5jjg4Pjg4njg5vjg7Pjg7vjgqTjg6Tjg5vjg7M=,44CQ6YCB5paZ54Sh5paZ44CRUkFESVVT44CQ44OP44Kk44Os44K+6Z+z5rqQ5a++5b+c44CRIOOCq+ODiuODq+Wei+OCpOODpOODm+ODsyjjg6zjg4Pjg4kpIEhQLU5FSDMxUiAxLjJt44Kz44O844OJIChIUE5FSDMxUik=,,4pag44OP44Kk44Os44K+5a++5b+c5bCP5Z6L44OJ44Op44Kk44OQ44O85pCt6LyJPGJyPuODu+W6g+W4r+Wfn+WGjeeUn+OCkuWun+ePvuOBl+OBn+aWsOmWi+eZuuaMr+WLleadv+OCkuaOoeeUqOOBl+OBn+mrmOaEn+W6puODj+OCpOODrOOCvuWvvuW/nOWwj+Wei+ODieODqeOCpOODkOODvOaQrei8ieOAguWwj+Wei+OBquOBjOOCiemrmOaEn+W6puOBruODieODqeOCpOODkOODvOODpuODi+ODg+ODiCjOpjguNm1tKeOBjOODj+OCpOODrOOCvumfs+a6kOOCkuixiuOBi+OBq+WGjeeUn+OBl+OBvuOBmeOAgjxicj48YnI+4pag6auY5Ymb5oCn44Ki44Or44Of44OP44Km44K444Oz44KwPGJyPuODu+etuuS9k+OBr+mrmOWJm+aAp+OCouODq+ODn+ODj+OCpuOCuOODs+OCsOOCkuaOoeeUqOOAguS4jeimgeOBquaMr+WLleOCkuaKkeWItuOBl+OAgeaYjuOCi+OBj+a+hOOCk+OBoOS4remrmOWfn+OCkuWun+ePvuOBl+OBvuOBl+OBn+OAgjxicj48YnI+4pag5LiK6LOq44Gn5bGI5puy5oCn44CB5by+5Yqb5oCn44Gr5YSq44KM44Gf44OK44Kk44Ot44Oz44Kx44O844OW44OrPGJyPuODu+mrmOe3qOe1hOWvhuW6puani+mAoOOBq+OCiOOCiuOAgeS4iuizquOBp+WxiOabsuaAp+OAgeW8vuWKm+aAp+OBq+WEquOCjOOBn+ODiuOCpOODreODs+OCseODvOODluODq+OCkuaOoeeUqOOBl+OBvuOBl+OBn+OAgjxicj48YnI+4pag44OH44Kj44O844OX44Oe44Km44Oz44OI44Kk44Ok44O844OU44O844K5PGJyPuODu+ODh+OCo+ODvOODl+ODnuOCpuODs+ODiOOCpOODpOODvOODlOODvOOCueOBr+W+k+adpeWei+OBqOeVsOOBquOCiuOAgeiAs+OBruOCiOOCiuWlpeOBp+OCpOODpOODvOODlOODvOOCueOBjOODleOCo+ODg+ODiOOBmeOCi+OBn+OCgeOAgeWuieWumuOBl+OBn+ijheedgOaEn+OBqOixiuOBi+OBqualveabsuWGjeeUn+OCkuWun+ePvuOBl+OBvuOBmeOAgjxicj48YnI+44CQ6KO95ZOB5LuV5qeY44CRPGJyPuKWoOWei+W8j++8muODgOOCpOODiuODn+ODg+OCr+Weizxicj7ilqDjg4njg6njgqTjg5Djg7wg5b6E77yazqY4LjZtbTxicj7ilqDlh7rlipvpn7PlnKfjg6zjg5njg6vvvJoxMDLCsTMgZEI8YnI+4pag5YaN55Sf5ZGo5rOi5pWw5biv5Z+f77yaMjBIeu+9njQwLjAwMEh6PGJyPuKWoOacgOWkp+WFpeWKm++8mjEwMG1XPGJyPuKWoOOCpOODs+ODlOODvOODgOODs+OCue+8mjE2zqnCsTE1JTxicj7ilqDjg5fjg6njgrDvvJrOpjMuNW1tIOmHkeODoeODg+OCreOCueODhuODrOOCquODn+ODi+ODl+ODqeOCsDxicj7ilqDjgrHjg7zjg5bjg6vplbfjgZXvvJrntIQxMjBjbSAoWeWeiynjgr/jgqTjg5cg44OK44Kk44Ot44Oz6KKr6IacPGJyPuKWoOS7mOWxnuWTge+8muOCpOODpOODvOODlOODvOOCuShYU+OAgVPjgIFN44CBTCnDl+WQhDHjgrvjg4Pjg4jjgIHlj5bmibHoqqzmmI7mm7gv5L+d6Ki85pu4,44CQ6YCB5paZ54Sh5paZ44CRUkFESVVT44CQ44OP44Kk44Os44K+6Z+z5rqQ5a++5b+c44CRIOOCq+ODiuODq+Wei+OCpOODpOODm+ODsyjjg6zjg4Pjg4kpIEhQLU5FSDMxUiAxLjJt44Kz44O844OJIChIUE5FSDMxUinvvJrjgr3jg5Xjg57jg4Pjg5fjgIDjg4fjgrjjgr/jg6vjgrPjg6zjgq/jgrfjg6fjg7M=,44K944OV44Oe44OD44OXIOODh+OCuOOCv+ODq+OCs+ODrOOCr+OCt+ODp+ODs1NvZm1hcCBEaWdpdGFsIENvbGxlY3Rpb27jg5Hjgr3jgrPjg7Pjgr/jg5bjg6zjg4Pjg4hQQ0hEROOCouOCu+ODs+ODluODquODkeODvOODhOODkeOCveOCs+ODs+ODkeODvOODhOODhuODrOODk+OCsuODvOODoOODluODq+ODvOODrOOCpOOCveODleODiERWROOCveODleODiOa2suaZtuODhuODrOODk+ODluODq+ODvOODrOOCpOODh+OCo+OCueOCr+ODrOOCs+ODvOODgOODvOODh+OCuOOCv+ODq+S4gOecvOODrOODleOCq+ODoeODqeODh+OCuOOCv+ODq+OCq+ODoeODqeWutumbu+aZguioiOS4reWPpOOAgOOCveODleODiOOCouOCpuODiOODrOODg+ODiOS4reWPpOODjuODvOODiOODkeOCveOCs+ODs+S4reWPpOODkeOCveOCs+ODs+OAkOmAgeaWmeeEoeaWmeOAkVJBRElVU+OAkOODj+OCpOODrOOCvumfs+a6kOWvvuW/nOOAkSDjgqvjg4rjg6vlnovjgqTjg6Tjg5vjg7Mo44Os44OD44OJKSBIUC1ORUgzMVIgMS4ybeOCs+ODvOODiSAoSFBORUgzMVIp,44CQ6YCB5paZ54Sh5paZ44CRUkFESVVT44CQ44OP44Kk44Os44K+6Z+z5rqQ5a++5b+c44CRIOOCq+ODiuODq+Wei+OCpOODpOODm+ODsyjjg6zjg4Pjg4kpIEhQLU5FSDMxUiAxLjJt44Kz44O844OJIChIUE5FSDMxUik=[rn]
18-38250,aHR0cDovL3RzaG9wLnIxMHMuanAvYWtpYmFtYWMvY2FiaW5ldC8wNDY3NDA5NS8wNzk2NDM1MzAxNjEzLmpwZz9maXRpbj03MDA6NzAw,MjA4MDAuMDAwMA==,,VFbjg7vjgqrjg7zjg4fjgqPjgqrjg7vjgqvjg6Hjg6kgPiDjgqrjg7zjg4fjgqPjgqogPiDjg5jjg4Pjg4njg5vjg7Pjg7vjgqTjg6Tjg5vjg7M=,44CQ6YCB5paZ54Sh5paZ44CRTlVGT1JDReOAkOODj+OCpOODrOOCvumfs+a6kOWvvuW/nOOAke+8u+ODnuOCpOOCr+S7mO+8veOCq+ODiuODq+Wei+OCpOODpOODm+ODs++8iOODluODq+ODvO+8iSBIRU0yQkxV,,4pag5Y2w6LGh55qE44Gq44OR44OV44Kp44O844Oe44Oz44K5PGJyPuODj+OCpOODrOOCvuWvvuW/nOODkOODqeODs+OCueODieOCouODvOODnuODgeODpeOCouODieODqeOCpOODkOODvOaKgOihk+OCkuODmeODvOOCueOBq+OAgee0sOOBi+OBquODh+OCo+ODhuODvOODq+OBruWGjeeUn+OBq+OCgumHjeOBjeOCkue9ruOBhOOBpuOBhOOBvuOBmeOAguOBneOBrue1kOaenOOAgemdnuW4uOOBq+mrmOmAn+OBquODiOODqeODs+OCuOOCp+ODs+ODiOOCueODlOODvOODieOBp+mrmOWHuuWKm+OAgeOBu+OBqOOCk+OBqeawl+OBq+OBquOCieOBquOBhOOBu+OBqeOBruS9juatquOBv+OBp+mfs+alveOBruS4gOiyq+aAp+OCkuWxiuOBkeOCi+OCpOODpOODleOCqeODs+OCt+ODquODvOOCuuOBquOBruOBp+OBmeOAgualteerr+OBqumbu+awl+eahOOCpOODs+ODlOODvOODgOODs+OCueOChOS9jeebuOOBruWkieWLleOCguWwkeOBquOBj+OAgeOCueODnuODvOODiOODleOCqeODs+OAgeOCv+ODluODrOODg+ODiOOAgVBD44CB44G+44Gf44Gv44OY44OD44OJ44OV44Kp44Oz44Ki44Oz44OX44Gq44Gp44Go44Gu5L2/55So44KC5Y+v6IO944Gn44GZ44CCPGJyPjxicj7ilqDjg4/jgqTjg6zjgr7lr77lv5zjg5Djg6njg7Pjgrnjg4njgqLjg7zjg57jg4Hjg6XjgqLjg4njg6njgqTjg5Djg7w8YnI+SEVN44Kk44Ok44OV44Kp44Oz44Gr44Gv6KSH5pWw44GuS25vd2xlc+ODkOODqeODs+OCueODieOCouODvOODnuODgeODpeOCouODieODqeOCpOODkOODvOOBjOaQrei8ieOBleOCjOOBpuOBhOOBvuOBmeOAguOBk+OCjOOCieOBruODieODqeOCpOODkOODvOOBr+ODj+OCpOODrOOCvuOCquODvOODh+OCo+OCquOBq+WvvuW/nOOBl+OBpuOBiuOCiuOAgeOCt+ODvOODoOODrOOCueOBp+mrmOeyvuW6puOBq+ODkOODqeODs+OCueOCkuS/neOBpOOCiOOBhuiqv+aVtOOBleOCjOOBpuOBhOOBvuOBmeOAguWAi+OAheOBruODieODqeOCpOODkOODvOOBr+eJueWumuOBruWRqOazouaVsOW4r+Wfn+OBq+acgOmBqeWMluOBleOCjOOBpuOBhOOBvuOBmeOAgjxicj48YnI+4pag55u057ea5L2N55u444Kv44Ot44K544Kq44O844OQ44O8PGJyPueptualteOBruODkeODleOCqeODvOODnuODs+OCueOCkuebruaomeOBq+OAgU51Rm9yY2Ug44Ko44Oz44K444OL44Ki44Gv55yf44Gu55u057ea5L2N55u444Kv44Ot44K544Kq44O844OQ44O86Kit6KiI44KS6YGU5oiQ44GZ44KL5pyA5paw44GuUEMg44Oi44OH44Oq44Oz44Kw44OE44O844Or44KS5o6h55So44GX44G+44GX44Gf44CC44GT44Gu6Kit6KiI44Gr44KI44KK5L2O5q2q44G/5oCn6IO944KE5ZGo5rOi5pWw55u057ea5oCn44KS54qg54my44Gr44GX44G+44Gb44KT44CCPGJyPjxicj7ilqDpmaTmjK9MZXhhbuOCpOODpOODvOODlOODvOOCuTxicj7jg5XjgqPjg4Pjg4jmhJ/jgIHlv6vpganmgKfjgIHjgZ3jgZfjgabjg5Hjg5Xjgqnjg7zjg57jg7PjgrnlkJHkuIrjga7jgZ/jgoHjgIHjgZXjgonjgavjga/ogbTjgY3nlrLjgozjgpLpgb/jgZHjgovjgZ/jgoHjgIHpn7Ppn7/jgpLogIPmha7jgZfjgabkvZzjgonjgozjgZ/pmaTmjK9MZXhhbuOCpOODpOODvOODlOODvOOCueOCkuaOoeeUqOOAguOCpOODpOODvOODlOODvOOCueOBr+mgkeS4iOOBp+i7vemHj+OBp+OBmeOAguOCteOCpuODs+ODieODjuOCuuODq+OBruinkuW6puOBqOebtOW+hOOBr+acgOmrmOOBruODkeODleOCqeODvOODnuODs+OCueOBruOBn+OCgeOBq+acgOmBqeWMluOBleOCjOOBpuOBhOOBvuOBmeOAgjxicj48YnI+4pagMuacrOOBruWPluOCiuWkluOBl+WPr+iDveOBquOCpOODpOODleOCqeODs+OCseODvOODluODqzxicj4x5pys55uu44Gv5aSW5Ye655So44Gr44Oe44Kk44Kv44Ot44OV44Kp44Oz44Go44Kk44Oz44Op44Kk44Oz44Oq44Oi44O844OI5LuY44GN44CB44KC44GGMeacrOOBr+acgOmrmOOBruODkeODleOCqeODvOODnuODs+OCueOBruOBn+OCgeOBruODj+OCpOOCqOODs+ODieOCseODvOODluODq+OBp+OBmeOAguODj+OCpOOCqOODs+ODieOCseODvOODluODq+OBr+aJi+S9nOOCiuOBp+OAgeWEquOCjOOBn09GQ++8iOeEoemFuOe0oOmKhe+8ieOBqOmKgOOBi+OCieijvemAoOOBleOCjOOBpuOBhOOBvuOBmeOAgjLjg5Tjg7PjgrHjg7zjg5bjg6vjgrPjg43jgq/jgr/jga/jg4Hjg6Pjg7Pjg43jg6vmr47jgavlgIvliKXjgavjgrDjg6njgqbjg7Pjg4njg6rjgr/jg7zjg7PjgZfjgabjgYTjgovpioDjgajpioXjga7nibnoqLHjga7ono3lkIjkvZPjgafkvZzjgonjgozjgabjgYTjgb7jgZnjgILjganjgaHjgonjga7jgrHjg7zjg5bjg6vjgoLjg57jgqTjgq/jg63jg5Xjgqnjg7Pjga7lvbHpn7/jgoLjgarjgY/ntaHjgb7jgovjgZPjgajjgoLjgYLjgorjgb7jgZvjgpPjgII8YnI+PGJyPuKWoOODkOODqeODs+OCueODieOCouODvOODnuODgeODpeOCouODieODqeOCpOODkOODvDxicj5IRU3jgqTjg6Tjg5Xjgqnjg7Pjga/lkITjgIXjga7ogLPjgavopIfmlbDjga7jg4njg6njgqTjg5Djg7zjgpLkvb/nlKjjgZnjgovjgZPjgajjgafjgIHjg5Xjg6vjg6zjg7Pjgrjjga7jg5fjg63ku5Xmp5jjgrnjg5Tjg7zjgqvjg7zmioDooZPjgpLlho3nj77jgZfjgabjgYTjgb7jgZnjgILjg5Djg6njg7Pjgrnjg4njgqLjg7zjg57jg4Hjg6XjgqLjg4njg6njgqTjg5Djg7zjga/lsI/lnovjgrXjgqTjgrrjgarjga7jgafjgIHopIfmlbDjga7jg4njg6njgqTjg5Djg7zjgafjg5Xjg6vjg6zjg7Pjgrjjga7jgrXjgqbjg7Pjg4njg5XjgqPjg7zjg6vjg4njgpLkvZzjgorkuIrjgZLjgovjgZ/jgoHjgavkuIDkvZPljJbjgZXjgZvjgovjgZPjgajjgYzlj6/og73jgafjgZnjgILjgZ3jga7ntZDmnpzjgIHlpKfpn7Pph4/mmYLjgafjgoLprq7mmI7jgZXjgpLkv53jgaHjgIHotoXkvY7pn7Pph4/mmYLjgafjgoLntLDpg6jjgb7jgafjg4fjgqPjg4bjg7zjg6vjgpLlho3nj77jgZnjgovjgZPjgajjgYzlj6/og73jgarjgIHnnJ/jgavov6vjgaPjgZ/osYrjgYvjgafmraPnorrjgarjgrXjgqbjg7Pjg4njgavjgarjgovjga7jgafjgZnjgII8YnI+PGJyPuKWoOODkeODleOCqeODvOODnuODs+OCuTxicj7jg5Djg6njg7Pjgrnjg4njgqLjg7zjg57jg4Hjg6XjgqLjg4njg6njgqTjg5Djg7zlnovjga7jgqTjg6Tjg5Xjgqnjg7Pjgavmu4XlpJrjgavopovjgonjgozjgarjgYTkv6HjgZjjgonjgozjgarjgYTjgbvjganjga7mu5HjgonjgYvjgarlkajms6LmlbDnibnmgKfjgIHpnZ7luLjjgavpq5jpgJ/jgarjg4jjg6njg7Pjgrjjgqfjg7Pjg4jjgrnjg5Tjg7zjg4njgajjg5Hjg7zjgqvjg4Pjgrfjg6fjg7Ppn7Pjga7nq4vjgaHkuIrjgYzjgorjgpLlho3nj77jgafjgY3jgovnm7Tnt5rkvY3nm7jlv5znrZTjgIHkurrplpPjga7ogbTopprjga7pmZDnlYzjgpLjga/jgovjgYvjgavotoXjgYjjgZ/jg4DjgqTjg4rjg5/jg4Pjgq/jgarjg5Tjg7zjgq/jga7lho3nj77jgavjgoLljYHliIbjgarpnZ7luLjjgavpq5jjgYTlh7rlipvmgKfog73jgIHjgZ3jgZfjgabjgbvjgajjgpPjganjgo/jgYvjgonjgarjgYTjg6zjg5njg6vjga7kvY7mrarjgb/jgpLnjbLlvpfjgII8YnI+PGJyPuKWoOOBn+OBj+OBleOCk+OBruOCouOCr+OCu+OCteODqjxicj7mnIDlpKfpmZDjga7lv6vpganmgKfjga7jgZ/jgoHjgIHlr4bnnYDjgZfjgabmu5HjgonjgarjgYTjg5XjgqPjg4Pjg4jmhJ/jga4y56iu6aGe44Gu44Kk44Ok44O844OB44OD44OX44GM5LuY5bGe44CC5aSW6ICz6YGT44Gr5a6M55Kn44Gr44OV44Kj44OD44OI44GZ44KL44KI44GG44Gd44KM6Ieq5L2T44GM5oiQ5b2i44GX44Gm5YSq44KM44Gf44Ki44Kk44K944Os44O844K344On44Oz44Go5oCn6IO944KS5Y+v6IO944Gr44GZ44KLQ29tcGx544K944OV44OI44Gu6auY5oCn6IO944Gq6KiY5oa25L+d5oyB44OV44Kp44O844Og44Kk44Ok44O844OB44OD44OX44KC5ZCr44G+44KM44Gm44GE44G+44GZ44CC44OR44OD44Kx44O844K444Gr44Gv6Ziy5rC05a+G6ZaJ44Od44Oq44Kr44O844Oc44ON44O844OI44Kx44O844K544CB5bCP5Z6L44Kt44Oj44Oq44O844Kx44O844K544CB44Kv44Oq44O844OL44Oz44Kw44OE44O844Or44Go44Ko44Ki44Op44Kk44Oz44Ki44OA44OX44K/44KC5LuY5bGe44GV44KM44Gm44GE44G+44GZ44CCPGJyPjxicj7jgJDoo73lk4Hku5Xmp5jjgJE8YnI+44Kx44O844OW44Or6ZW377yaMW0zOGNtKE9GQ+OAgU1pYyDku5jjgY3lhbHpgJopPGJyPuODieODqeOCpOODkOODvOOCv+OCpOODl++8mktub3dlbHPjg4/jgqTjg6zjgr7jg5Djg6njg7Pjgrnjg4njgqLjg7zjg57jg4Hjg6XjgqI8YnI+44OJ44Op44Kk44OQ44O877yaMeODieODqeOCpOODkOODvC9jaDxicj7mnIDlpKflhaXlipvvvJoxMTNkQjxicj7jgqTjg7Pjg5Tjg7zjg4Djg7PjgrnvvJoyNs6pPGJyPuacgOWkp+WHuuWKm++8mjJtVzxicj7jg57jgqTjgq/jg63jg5Xjgqnjg7Pog73njofvvJotNDLCsTVkQjxicj7lho3nlJ/lkajms6LmlbDnibnmgKfvvJoyMEh6LTQwa0h6PGJyPumHjemHj++8iOOCseODvOODluODq+mZpOOBj++8ie+8mjMuNGc=,44CQ6YCB5paZ54Sh5paZ44CRTlVGT1JDReOAkOODj+OCpOODrOOCvumfs+a6kOWvvuW/nOOAke+8u+ODnuOCpOOCr+S7mO+8veOCq+ODiuODq+Wei+OCpOODpOODm+ODs++8iOODluODq+ODvO+8iSBIRU0yQkxV77ya44K944OV44Oe44OD44OX44CA44OH44K444K/44Or44Kz44Os44Kv44K344On44Oz,44K944OV44Oe44OD44OXIOODh+OCuOOCv+ODq+OCs+ODrOOCr+OCt+ODp+ODs1NvZm1hcCBEaWdpdGFsIENvbGxlY3Rpb27jg5Hjgr3jgrPjg7Pjgr/jg5bjg6zjg4Pjg4hQQ0hEROOCouOCu+ODs+ODluODquODkeODvOODhOODkeOCveOCs+ODs+ODkeODvOODhOODhuODrOODk+OCsuODvOODoOODluODq+ODvOODrOOCpOOCveODleODiERWROOCveODleODiOa2suaZtuODhuODrOODk+ODluODq+ODvOODrOOCpOODh+OCo+OCueOCr+ODrOOCs+ODvOODgOODvOODh+OCuOOCv+ODq+S4gOecvOODrOODleOCq+ODoeODqeODh+OCuOOCv+ODq+OCq+ODoeODqeWutumbu+aZguioiOS4reWPpOOAgOOCveODleODiOOCouOCpuODiOODrOODg+ODiOS4reWPpOODjuODvOODiOODkeOCveOCs+ODs+S4reWPpOODkeOCveOCs+ODs+OAkOmAgeaWmeeEoeaWmeOAkU5VRk9SQ0XjgJDjg4/jgqTjg6zjgr7pn7PmupDlr77lv5zjgJHvvLvjg57jgqTjgq/ku5jvvL3jgqvjg4rjg6vlnovjgqTjg6Tjg5vjg7PvvIjjg5bjg6vjg7zvvIkgSEVNMkJMVQ==,44CQ6YCB5paZ54Sh5paZ44CRTlVGT1JDReOAkOODj+OCpOODrOOCvumfs+a6kOWvvuW/nOOAke+8u+ODnuOCpOOCr+S7mO+8veOCq+ODiuODq+Wei+OCpOODpOODm+ODs++8iOODluODq+ODvO+8iSBIRU0yQkxV[rn]
18-38251,aHR0cDovL3RzaG9wLnIxMHMuanAvYWtpYmFtYWMvY2FiaW5ldC8wNDY1OTM4Mi80NTcxMjYzMzUyNjU3LmpwZz9maXRpbj03MDA6NzAw,MTgzNzAuNDAwMA==,,VFbjg7vjgqrjg7zjg4fjgqPjgqrjg7vjgqvjg6Hjg6kgPiDjgqrjg7zjg4fjgqPjgqogPiDjg5jjg4Pjg4njg5vjg7Pjg7vjgqTjg6Tjg5vjg7M=,44CQ6YCB5paZ54Sh5paZ44CRR0VSTUFOTUFFU+ODmOODg+ODieODm+ODsyjjg5bjg6njg4Pjgq8pIEdNUCA4LjM1IEQgTW9uaXRvciAxLjVt44Kz44O844OJIChHTVA4LjM1RE1PTklUT1Ip,,TWFkZSBpbiBHZXJtYW4g44OP44Oz44OJ44Oh44Kk44OJ44Gr44KI44KL57mK57Sw44Gq6Z+z6LOq44Go5Y2T6LaK44GX44Gf5qmf6IO9576O44CC44OJ44Kk44OE6IG35Lq644Gu5oqA6KGT44GM55Sf44KT44Gg44OX44Ot55So44OY44OD44OJ44Ob44Oz,44CQ6YCB5paZ54Sh5paZ44CRR0VSTUFOTUFFU+ODmOODg+ODieODm+ODsyjjg5bjg6njg4Pjgq8pIEdNUCA4LjM1IEQgTW9uaXRvciAxLjVt44Kz44O844OJIChHTVA4LjM1RE1PTklUT1Ip77ya44K944OV44Oe44OD44OX44CA44OH44K444K/44Or44Kz44Os44Kv44K344On44Oz,44K944OV44Oe44OD44OXIOODh+OCuOOCv+ODq+OCs+ODrOOCr+OCt+ODp+ODs1NvZm1hcCBEaWdpdGFsIENvbGxlY3Rpb27jg5Hjgr3jgrPjg7Pjgr/jg5bjg6zjg4Pjg4hQQ0hEROOCouOCu+ODs+ODluODquODkeODvOODhOODkeOCveOCs+ODs+ODkeODvOODhOODhuODrOODk+OCsuODvOODoOODluODq+ODvOODrOOCpOOCveODleODiERWROOCveODleODiOa2suaZtuODhuODrOODk+ODluODq+ODvOODrOOCpOODh+OCo+OCueOCr+ODrOOCs+ODvOODgOODvOODh+OCuOOCv+ODq+S4gOecvOODrOODleOCq+ODoeODqeODh+OCuOOCv+ODq+OCq+ODoeODqeWutumbu+aZguioiOS4reWPpOOAgOOCveODleODiOOCouOCpuODiOODrOODg+ODiOS4reWPpOODjuODvOODiOODkeOCveOCs+ODs+S4reWPpOODkeOCveOCs+ODs+OAkOmAgeaWmeeEoeaWmeOAkUdFUk1BTk1BRVPjg5jjg4Pjg4njg5vjg7Mo44OW44Op44OD44KvKSBHTVAgOC4zNSBEIE1vbml0b3IgMS41beOCs+ODvOODiSAoR01QOC4zNURNT05JVE9SKQ==,44CQ6YCB5paZ54Sh5paZ44CRR0VSTUFOTUFFU+ODmOODg+ODieODm+ODsyjjg5bjg6njg4Pjgq8pIEdNUCA4LjM1IEQgTW9uaXRvciAxLjVt44Kz44O844OJIChHTVA4LjM1RE1PTklUT1Ip[rn]
18-38252,aHR0cDovL3RzaG9wLnIxMHMuanAvYWtpYmFtYWMvY2FiaW5ldC8wNTA1MDczOS80OTA3MDM0MTEwODcyLmpwZz9maXRpbj03MDA6NzAw,MTk4MzAuNDAwMA==,,VFbjg7vjgqrjg7zjg4fjgqPjgqrjg7vjgqvjg6Hjg6kgPiDjgqrjg7zjg4fjgqPjgqogPiDjg5jjg4Pjg4njg5vjg7Pjg7vjgqTjg6Tjg5vjg7M=,44CQ6YCB5paZ54Sh5paZ44CRYmV5ZXJkeW5hbWlj77yI44OZ44Kk44Ok44O844OA44Kk44OK44Of44OD44Kv77yJ44Oi44OL44K/44O844OY44OD44OJ44Ob44OzIERUIDc3MCBQUk8gODAgKERUNzcwUFJPODAp,,4pag44OR44Ov44OV44Or44Gq44K144Km44Oz44OJ44KS5o+Q5L6b44GZ44KL5ryU5aWP6ICF5ZCR44GR44GuODDOqeS7leanmOOAgjxicj48YnI+4pag44Kx44O844OW44Or44Gv44CBMy4wbeOBruOCueODiOODrOODvOODiOOCseODvOODluODq+OCkuaOoeeUqOOAgjxicj48YnI+4pag44Kx44O844OW44Or5ZCM5aOr44GM57Wh44G/44Gr44GP44GP5L2Z6KOV44Gu44GC44KL6ZW344GV44Gn44Ob44O844Og44Om44O844K544Gr44KC5pyA6YGp44CCPGJyPjxicj7ilqDlsYvlpJbjgafjgoLkvb/jgYTjgoTjgZnjgYTlr4bplonlnovjg5jjg4Pjg4njg5vjg7M8YnI+PGJyPuKWoOS9juWfn+OBrumfv+OBjeOCkumrmOOCgeOCi+ODkOOCueODrOODleODhuOCr+ODjuODreOCuOODvDxicj48YnI+4pag5b+r6YGp44Gq6KOF552A5oSf44KS5o+Q5L6b44GZ44KL5p+U44KJ44GL44GE44OR44OD44OJ44Gn5YyF44G+44KM44Gf5LiI5aSr44Gq44Ki44K444Oj44K544K/44OW44Or44OY44OD44OJ44OQ44Oz44OJPGJyPjxicj7ilqDjgq3jg6Pjg6rjg7PjgrDjg53jg7zjg4Hku5jlsZ48YnI+PGJyPuOAkOijveWTgeS7leanmOOAkTxicj7ilqDlnovlvI/vvJrjg4DjgqTjg4rjg5/jg4Pjgq/jg7vlr4bplonlnovjgIHjgqrjg7zjg5Djg7zjgqTjg6Tjg7w8YnI+4pag5ZGo5rOi5pWw54m55oCn77yaNUh6772eMzUwMDBIejxicj7ilqDmhJ/luqbvvIhTUEzvvInvvJo5NmRiPGJyPuKWoOOCpOODs+ODlOODvOODgOODs+OCue+8mjgwzqk8YnI+4pag6Kix5a655YWl5Yqb77yaMTAwbVc8YnI+4pag44Kx44O844OW44Or77yaMy4wbeeJh+WHuuOBl+OCueODiOODrOODvOODiDxicj7ilqDjgrPjg43jgq/jgr/jg7zvvJozLjVtbeOCueODhuODrOOCquODn+ODi+ODl+ODqeOCsOOAgTYuM21t44K544OG44Os44Kq5qiZ5rqW44OX44Op44Kw44Ki44OA44OX44K/44O8PGJyPuKWoOizqumHj++8mjI3MGc8YnI+4pag5LuY5bGe5ZOB77ya44Kt44Oj44Oq44Oz44Kw44Od44O844OB,44CQ6YCB5paZ54Sh5paZ44CRYmV5ZXJkeW5hbWlj77yI44OZ44Kk44Ok44O844OA44Kk44OK44Of44OD44Kv77yJ44Oi44OL44K/44O844OY44OD44OJ44Ob44OzIERUIDc3MCBQUk8gODAgKERUNzcwUFJPODAp77ya44K944OV44Oe44OD44OX44CA44OH44K444K/44Or44Kz44Os44Kv44K344On44Oz,44K944OV44Oe44OD44OXIOODh+OCuOOCv+ODq+OCs+ODrOOCr+OCt+ODp+ODs1NvZm1hcCBEaWdpdGFsIENvbGxlY3Rpb27jg5Hjgr3jgrPjg7Pjgr/jg5bjg6zjg4Pjg4hQQ0hEROOCouOCu+ODs+ODluODquODkeODvOODhOODkeOCveOCs+ODs+ODkeODvOODhOODhuODrOODk+OCsuODvOODoOODluODq+ODvOODrOOCpOOCveODleODiERWROOCveODleODiOa2suaZtuODhuODrOODk+ODluODq+ODvOODrOOCpOODh+OCo+OCueOCr+ODrOOCs+ODvOODgOODvOODh+OCuOOCv+ODq+S4gOecvOODrOODleOCq+ODoeODqeODh+OCuOOCv+ODq+OCq+ODoeODqeWutumbu+aZguioiOS4reWPpOOAgOOCveODleODiOOCouOCpuODiOODrOODg+ODiOS4reWPpOODjuODvOODiOODkeOCveOCs+ODs+S4reWPpOODkeOCveOCs+ODs+OAkOmAgeaWmeeEoeaWmeOAkWJleWVyZHluYW1pY++8iOODmeOCpOODpOODvOODgOOCpOODiuODn+ODg+OCr++8ieODouODi+OCv+ODvOODmOODg+ODieODm+ODsyBEVCA3NzAgUFJPIDgwIChEVDc3MFBSTzgwKQ==,44CQ6YCB5paZ54Sh5paZ44CRYmV5ZXJkeW5hbWlj77yI44OZ44Kk44Ok44O844OA44Kk44OK44Of44OD44Kv77yJ44Oi44OL44K/44O844OY44OD44OJ44Ob44OzIERUIDc3MCBQUk8gODAgKERUNzcwUFJPODAp[rn]
18-38253,aHR0cDovL3RzaG9wLnIxMHMuanAvYWtpYmFtYWMvY2FiaW5ldC8wNDQ0MTE0MS80OTYxMzEwMTI4ODQ1LmpwZz9maXRpbj03MDA6NzAw,NTgzNy42MDAw,,VFbjg7vjgqrjg7zjg4fjgqPjgqrjg7vjgqvjg6Hjg6kgPiDjgqrjg7zjg4fjgqPjgqogPiDjg5jjg4Pjg4njg5vjg7Pjg7vjgqTjg6Tjg5vjg7M=,44CQ6YCB5paZ54Sh5paZ44CR44Kq44O844OH44Kj44Kq44OG44Kv44OL44Kr44OY44OD44OJ44Ob44OzKOODm+ODr+OCpOODiCkgQVRILVBSTzVNSzMgV0ggKEFUSFBSTzVNSzNXSCk=,,552A6ISx44Kz44O844OJ44KS5o6h55So44GX5pys5qC855qE44GqRErjg5fjg6zjgqTjgYvjgonjg53jg7zjgr/jg5bjg6vmqZ/lmajjgafjga7mpb3mm7Lnt6jpm4bjgb7jgaflr77lv5zjgZnjgotESuODmOODg+ODieODm+ODsw==,44CQ6YCB5paZ54Sh5paZ44CR44Kq44O844OH44Kj44Kq44OG44Kv44OL44Kr44OY44OD44OJ44Ob44OzKOODm+ODr+OCpOODiCkgQVRILVBSTzVNSzMgV0ggKEFUSFBSTzVNSzNXSCnvvJrjgr3jg5Xjg57jg4Pjg5fjgIDjg4fjgrjjgr/jg6vjgrPjg6zjgq/jgrfjg6fjg7M=,44K944OV44Oe44OD44OXIOODh+OCuOOCv+ODq+OCs+ODrOOCr+OCt+ODp+ODs1NvZm1hcCBEaWdpdGFsIENvbGxlY3Rpb27jg5Hjgr3jgrPjg7Pjgr/jg5bjg6zjg4Pjg4hQQ0hEROOCouOCu+ODs+ODluODquODkeODvOODhOODkeOCveOCs+ODs+ODkeODvOODhOODhuODrOODk+OCsuODvOODoOODluODq+ODvOODrOOCpOOCveODleODiERWROOCveODleODiOa2suaZtuODhuODrOODk+ODluODq+ODvOODrOOCpOODh+OCo+OCueOCr+ODrOOCs+ODvOODgOODvOODh+OCuOOCv+ODq+S4gOecvOODrOODleOCq+ODoeODqeODh+OCuOOCv+ODq+OCq+ODoeODqeWutumbu+aZguioiOS4reWPpOOAgOOCveODleODiOOCouOCpuODiOODrOODg+ODiOS4reWPpOODjuODvOODiOODkeOCveOCs+ODs+S4reWPpOODkeOCveOCs+ODs+OAkOmAgeaWmeeEoeaWmeOAkeOCquODvOODh+OCo+OCquODhuOCr+ODi+OCq+ODmOODg+ODieODm+ODsyjjg5vjg6/jgqTjg4gpIEFUSC1QUk81TUszIFdIIChBVEhQUk81TUszV0gp,44CQ6YCB5paZ54Sh5paZ44CR44Kq44O844OH44Kj44Kq44OG44Kv44OL44Kr44OY44OD44OJ44Ob44OzKOODm+ODr+OCpOODiCkgQVRILVBSTzVNSzMgV0ggKEFUSFBSTzVNSzNXSCk=[rn]
18-38254,aHR0cDovL3RzaG9wLnIxMHMuanAvYWtpYmFtYWMvY2FiaW5ldC8wMzg5MjYxMy80MDQzOTQxMDg1MDE1LmpwZz9maXRpbj03MDA6NzAw,MTIxMjguMDAwMA==,,VFbjg7vjgqrjg7zjg4fjgqPjgqrjg7vjgqvjg6Hjg6kgPiDjgqrjg7zjg4fjgqPjgqogPiDjg5jjg4Pjg4njg5vjg7Pjg7vjgqTjg6Tjg5vjg7M=,44CQ6YCB5paZ54Sh5paZ44CRVUxUUkFTT05FIERKMSjlr4bplonlnovjg4DjgqTjg4rjg5/jg4Pjgq/jg5jjg4Pjg4njg5vjg7Mp,,44K344Or44OQ44O844OP44Km44K444Oz44Kw44GoRErjg63jgrTjgYznm67jgpLlvJXjgY/jgIHjgrnjgr/jgqTjg6rjg4Pjgrfjg6Xjgarjg6Ljg4fjg6vjgILjgZPjga7jgrfjg6vjg5Djg7zpg6jliIbjga/lhYnjgYzlvZPjgZ/jgovjgajlvq7lvLHjgavlj43lsITjgZfjgIHjgq/jg6njg5bjga7jgrnjgr/jg7zjgafjgYLjgotESuODkeODleOCqeODvOODnuODvOOBruWtmOWcqOOCkuW8leOBjeeri+OBpuOBvuOBmeOAgg==,44CQ6YCB5paZ54Sh5paZ44CRVUxUUkFTT05FIERKMSjlr4bplonlnovjg4DjgqTjg4rjg5/jg4Pjgq/jg5jjg4Pjg4njg5vjg7Mp77ya44K944OV44Oe44OD44OX44CA44OH44K444K/44Or44Kz44Os44Kv44K344On44Oz,44K944OV44Oe44OD44OXIOODh+OCuOOCv+ODq+OCs+ODrOOCr+OCt+ODp+ODs1NvZm1hcCBEaWdpdGFsIENvbGxlY3Rpb27jg5Hjgr3jgrPjg7Pjgr/jg5bjg6zjg4Pjg4hQQ0hEROOCouOCu+ODs+ODluODquODkeODvOODhOODkeOCveOCs+ODs+ODkeODvOODhOODhuODrOODk+OCsuODvOODoOODluODq+ODvOODrOOCpOOCveODleODiERWROOCveODleODiOa2suaZtuODhuODrOODk+ODluODq+ODvOODrOOCpOODh+OCo+OCueOCr+ODrOOCs+ODvOODgOODvOODh+OCuOOCv+ODq+S4gOecvOODrOODleOCq+ODoeODqeODh+OCuOOCv+ODq+OCq+ODoeODqeWutumbu+aZguioiOS4reWPpOOAgOOCveODleODiOOCouOCpuODiOODrOODg+ODiOS4reWPpOODjuODvOODiOODkeOCveOCs+ODs+S4reWPpOODkeOCveOCs+ODs+OAkOmAgeaWmeeEoeaWmeOAkVVMVFJBU09ORSBESjEo5a+G6ZaJ5Z6L44OA44Kk44OK44Of44OD44Kv44OY44OD44OJ44Ob44OzKQ==,44CQ6YCB5paZ54Sh5paZ44CRVUxUUkFTT05FIERKMSjlr4bplonlnovjg4DjgqTjg4rjg5/jg4Pjgq/jg5jjg4Pjg4njg5vjg7Mp[rn]
18-38255,aHR0cDovL3RzaG9wLnIxMHMuanAvYWtpYmFtYWMvY2FiaW5ldC8wNDQ4NzUyNC80OTA3MDM0MTIwNjgwLmpwZz9maXRpbj03MDA6NzAw,MTM4MDAuMDAwMA==,,VFbjg7vjgqrjg7zjg4fjgqPjgqrjg7vjgqvjg6Hjg6kgPiDjgqrjg7zjg4fjgqPjgqogPiDjg5jjg4Pjg4njg5vjg7Pjg7vjgqTjg6Tjg5vjg7M=,44CQ6YCB5paZ54Sh5paZ44CRYmV5ZXJkeW5hbWljKOODmeOCpOODpOODvOODgOOCpOODiuODn+ODg+OCrynjg5jjg4Pjg4njg5vjg7MgRFQxMDA=,,5rW35aSW44Gu44K544K/44K444Kq44KE5pS+6YCB5bGA44Gn5oSb55So44GV44KM44Gm44GE44KL44Oi44OL44K/44Oq44Oz44Kw55So44OY44OD44OJ44Ob44Oz44CC,44CQ6YCB5paZ54Sh5paZ44CRYmV5ZXJkeW5hbWljKOODmeOCpOODpOODvOODgOOCpOODiuODn+ODg+OCrynjg5jjg4Pjg4njg5vjg7MgRFQxMDDvvJrjgr3jg5Xjg57jg4Pjg5fjgIDjg4fjgrjjgr/jg6vjgrPjg6zjgq/jgrfjg6fjg7M=,44K944OV44Oe44OD44OXIOODh+OCuOOCv+ODq+OCs+ODrOOCr+OCt+ODp+ODs1NvZm1hcCBEaWdpdGFsIENvbGxlY3Rpb27jg5Hjgr3jgrPjg7Pjgr/jg5bjg6zjg4Pjg4hQQ0hEROOCouOCu+ODs+ODluODquODkeODvOODhOODkeOCveOCs+ODs+ODkeODvOODhOODhuODrOODk+OCsuODvOODoOODluODq+ODvOODrOOCpOOCveODleODiERWROOCveODleODiOa2suaZtuODhuODrOODk+ODluODq+ODvOODrOOCpOODh+OCo+OCueOCr+ODrOOCs+ODvOODgOODvOODh+OCuOOCv+ODq+S4gOecvOODrOODleOCq+ODoeODqeODh+OCuOOCv+ODq+OCq+ODoeODqeWutumbu+aZguioiOS4reWPpOOAgOOCveODleODiOOCouOCpuODiOODrOODg+ODiOS4reWPpOODjuODvOODiOODkeOCveOCs+ODs+S4reWPpOODkeOCveOCs+ODs+OAkOmAgeaWmeeEoeaWmeOAkWJleWVyZHluYW1pYyjjg5njgqTjg6Tjg7zjg4DjgqTjg4rjg5/jg4Pjgq8p44OY44OD44OJ44Ob44OzIERUMTAw,44CQ6YCB5paZ54Sh5paZ44CRYmV5ZXJkeW5hbWljKOODmeOCpOODpOODvOODgOOCpOODiuODn+ODg+OCrynjg5jjg4Pjg4njg5vjg7MgRFQxMDA=[rn]
18-38256,aHR0cDovL3RzaG9wLnIxMHMuanAvYWtpYmFtYWMvY2FiaW5ldC8wNTEwOTkxMC80NTIyNDI1MDUwNDc4LmpwZz9maXRpbj03MDA6NzAw,OTkwNC4wMDAw,,VFbjg7vjgqrjg7zjg4fjgqPjgqrjg7vjgqvjg6Hjg6kgPiDjgqrjg7zjg4fjgqPjgqogPiDjg5jjg4Pjg4njg5vjg7Pjg7vjgqTjg6Tjg5vjg7M=,44CQ6YCB5paZ54Sh5paZ44CRU09VTkQgV0FSUklPUiDjg5jjg4Pjg4njg5vjg7MgU291bmQgV2FycmlvciBTVy1IUDEwcyAoU1dIUDEwUyk=,,4peG44Oi44OL44K/44Oq44Oz44Kw44Go6Z+z5qW96ZGR6LOe44Gu5YWx5a2Y44KS55uu5oyH44GX44Gf6Z+z44Gl44GP44KKPGJyPuODu+mMsumfs+OCueOCv+OCuOOCquOBquOBqeOBp+S9v+OCj+OCjOOBpuOBhOOCi+ODouODi+OCv+ODvOODmOODg+ODieODm+ODs+OBrumfs+OBpeOBj+OCiuOCkuOBneOBruOBvuOBvueahuanmOOBq+OAguiCieWjsOOChOWQhOalveWZqOOBruWumuS9jeOAgemfs+OBrueykueri+OBoeOChOi8qumDreOAgemBoOi/keaEn+OAgeW6g+OBjOOCiuOBquOBqeOCkuOAgeaJi+OBq+WPluOCi+OCiOOBhuOBq+iBtOOBj+OBk+OBqOOBjOWHuuadpeOAgea8lOWlj+iAheOChOOCqOODs+OCuOODi+OCouOBruaEj+Wbs+OCkuOCueODiOODrOODvOODiOOBq+ihqOePvuOBmeOCi+OAguOBk+OCjOOBjOODouODi+OCv+ODvOODmOODg+ODieODm+ODs+OBruS9v+WRveOBp+OBmeOAguOBl+OBi+OBl+OAgeODouODi+OCv+ODvOezu+OBrumfs+OBr+OBqOOCguOBmeOCjOOBsOmVt+aZgumWk+OBrumfs+alvemRkeiznuOBq+OBr+S4jeWQkeOBjeOBp+iBtOOBjeeWsuOCjOOBl+OChOOBmeOBhOOBqOOBhOOCj+OCjOOBpuOBhOOBvuOBmeOAguacrOapn+OBr+W9k+ekvuOBrumVt+W5tOOBrue1jOmok+OBq+OCiOOCiuOAgeOBk+OCjOOCieOBruODh+ODoeODquODg+ODiOOCkuaEn+OBmOOBleOBm+OBmuOAgeODouODi+OCv+ODquODs+OCsOW/l+WQkeOBruacrOagvOeahOODmOODg+ODieODm+ODs+OCkuOCgeOBluOBl+OBvuOBl+OBn+OAgjxicj48YnI+4peG44OX44Ot44Gu54++5aC044Gr6IKy44Gm44KJ44KM44Gf44OX44Ot44OV44Kn44OD44K344On44OK44Or44Gq44GL44Gf44GhPGJyPuODu+ODl+ODreePvuWgtOOBruanmOOAheOBquimgeaxguOCkuWun+ePvuOBl+ejqOOBjeS4iuOBkuOCieOCjOOBn+ODmOODg+ODieODm+ODs+OAguWFpeWKm+OCs+ODvOODieOBrumgkeW8t+aAp+OBr+OCguOBqOOCiOOCiuOAgeOAjOODr+ODrOOAjeOChOOAjOWKo+WMluOAjeOBruWwkeOBquOBhOODiuOCpOODreODs+e0oOadkOOBruOCseODvOOCueOCt+OCp+ODq+OChOOAgeayueaAp+WKo+WMluOBl+OBq+OBj+OBhOODneODquOCpuODrOOCv+ODs+aAp+ODkeODg+ODiemhnuOBquOBqeOAgeOBsuOBqOOBpOOBsuOBqOOBpOOBrue0oOadkOOBr+WFqOOBpumrmOiAkOS5heaAp+OAgemgkeW8t+aAp+OCkuaxguOCgeOBpuWQn+WRs+OBleOCjOOBpuOBhOOBvuOBmeOAgua4oeOCiuOCs+ODvOODieOCkuODmOODg+ODieODkOODs+ODieOBq+Wfi+OCgei+vOOCk+OBp+OBhOOCi+OBruOCguaWree3muOCkumYsuOBkOOBn+OCgeOBp+OBmeOAguabtOOBq+ani+mAoOS9k+OBqOOBl+OBpumHkeWxnuOCkuS9v+eUqOOBl+OBpuOBhOOBquOBhOOBruOCgualveWZqOOChOmfs+mfv+apn+WZqOOBq+OBguOBn+OBo+OBpuWCt+OCkuS7mOOBkeOBquOBhOmFjeaFruOBrue1kOaenOOBp+OBmeOAguOCs+ODvOODieOCkui4j+OCk+OBp+ODmOODg+ODieODm+ODs+OCkuiQveOBqOOBl+OBpuOCguWjiuOCjOOCi+OBk+OBqOOBr+OBu+OBqOOCk+OBqeOBguOCiuOBvuOBm+OCk+OAgualveWZqOa8lOWlj+OAgemMsumfs+ePvuWgtOOChOWxi+WkluOBp+OBruODj+ODvOODieOBquS9v+eUqOOBq+OCguWNgeWIhuiAkOOBiOW+l+OCi+ODl+ODreODleOCp+ODg+OCt+ODp+ODiuODq+OBquOBi+OBn+OBoeOCkuOBiuippuOBl+OBj+OBoOOBleOBhOOAgjxicj48YnI+4peG5oqc576k44Gu44OV44Kj44OD44OI5oSf44Gr44KI44KL44CB44KC44Gu44Gl44GP44KK44G444Gu44GT44Gg44KP44KKPGJyPuODu+OCr+ODreODvOOCuuODieODu+OCqOOCouODvOODu+OCv+OCpOODl++8iOWvhumWieWei++8ieODmOODg+ODieODm+ODs+OBr+WvhuedgOaAp+OChOmBrumfs+aAp+OCkuimgeaxguOBleOCjOOBvuOBmeOAguOBl+OBi+OBl+OBk+OBruimgeaxguOCkuWun+ePvuOBmeOCi+OBn+OCgeOAgeS4gOiIrOeahOOBq+OBr+WBtOWcp+OChOmgremDqOOBuOOBruaKvOOBleOBiOOBruWKm+OCkuW8t+OBj+OBmeOCi+WCvuWQkeOBjOOBguOCiuOBvuOBmeOAgiDmnKzmqZ/jga/jgIHkurrplpPlt6Xlrabjgavln7rjgaXjgYTjgZ/jgqjjg6vjgrTjg47jg5/jg4Pjgq/jg4fjgrbjgqTjg7Pjga7jgqTjg6Tjg7zjg5Hjg4Pjg4nvvIjnq4vkvZPoo4Hmlq3jgZXjgozjgZ/pq5jlvL7mgKfjg5Hjg4Pjg4njgoTlkIjmiJDnmq7pnanjgpLmiYvnuKvjgYTjgafmiJDlnovvvInjgpLmjqHnlKjjgZfjgIHplbfmmYLplpPjga7kvb/nlKjjgavmrKDjgYvjgZvjgarjgYTjgIHljIXjgb/ovrzjgoDjgojjgYbjgarlhKrjgZfjgYTjg5XjgqPjg4Pjg4jmhJ/jgpLjgaTjgY/jgorlh7rjgZfjgabjgYTjgb7jgZnjgIJNYWRlIGluIEphcGFu44Gu6KqH44KK44KS5ZWG5ZOB44Gr6L6844KB44G+44GX44Gf44CCPGJyPjxicj7jgJDoo73lk4Hku5Xmp5jjgJE8YnI+4pag44K/44Kk44OX77ya44Kv44Ot44O844K644OJ44O744Ko44Ki44O844O744OA44Kk44OK44Of44OD44Kv5Z6LPGJyPuKWoOODieODqeOCpOODkOODvOODpuODi+ODg+ODiO+8muWkluW+hM+GNDBtbTxicj7ilqDjgqTjg7Pjg5Tjg7zjg4Djg7PjgrnvvJo0MM6pLzFrSHo8YnI+4pag5ZGo5rOi5pWw54m55oCn77yaMjBIeu+9njIwa0h6PGJyPuKWoOacgOWkp+WFpeWKm++8mjMwMG1XPGJyPuKWoOWHuuWKm+mfs+Wcp+ODrOODmeODq++8mjEwM2RCLzFrSHrjgIExbVc8YnI+4pag44Kz44O844OJ6ZW377yaMi41bTxicj7ilqDjg5fjg6njgrDvvJrPhjMuNW1t44K544OG44Os44Kq44Of44OL44OX44Op44KwPGJyPuKWoOmHjemHj++8mjI4MGco44Kz44O844OJ5ZCr44KAKTxicj7ilqDjg5jjg4Pjg4njg5Djg7Pjg4nvvJrjg5Pjg4vjg7zjg6vjg6zjgrbjg7w8YnI+4pag44K344Kn44Or57Sg5p2Q77ya44OK44Kk44Ot44Oz5qi56ISCPGJyPuKWoOS7mOWxnuWTge+8ms6mNi4zbW3mqJnmupbjgrjjg6Pjg4Pjgq/nlKjjgqLjg4Djg5fjgr/DlzHjgIHlu7bplbfjgrPjg7zjg4koMm0pw5cx44CB5L+d6Ki85pu4w5cxPGJyPuKWoOeUn+eUo+Wbve+8muaXpeacrA==,44CQ6YCB5paZ54Sh5paZ44CRU09VTkQgV0FSUklPUiDjg5jjg4Pjg4njg5vjg7MgU291bmQgV2FycmlvciBTVy1IUDEwcyAoU1dIUDEwUynvvJrjgr3jg5Xjg57jg4Pjg5fjgIDjg4fjgrjjgr/jg6vjgrPjg6zjgq/jgrfjg6fjg7M=,44K944OV44Oe44OD44OXIOODh+OCuOOCv+ODq+OCs+ODrOOCr+OCt+ODp+ODs1NvZm1hcCBEaWdpdGFsIENvbGxlY3Rpb27jg5Hjgr3jgrPjg7Pjgr/jg5bjg6zjg4Pjg4hQQ0hEROOCouOCu+ODs+ODluODquODkeODvOODhOODkeOCveOCs+ODs+ODkeODvOODhOODhuODrOODk+OCsuODvOODoOODluODq+ODvOODrOOCpOOCveODleODiERWROOCveODleODiOa2suaZtuODhuODrOODk+ODluODq+ODvOODrOOCpOODh+OCo+OCueOCr+ODrOOCs+ODvOODgOODvOODh+OCuOOCv+ODq+S4gOecvOODrOODleOCq+ODoeODqeODh+OCuOOCv+ODq+OCq+ODoeODqeWutumbu+aZguioiOS4reWPpOOAgOOCveODleODiOOCouOCpuODiOODrOODg+ODiOS4reWPpOODjuODvOODiOODkeOCveOCs+ODs+S4reWPpOODkeOCveOCs+ODs+OAkOmAgeaWmeeEoeaWmeOAkVNPVU5EIFdBUlJJT1Ig44OY44OD44OJ44Ob44OzIFNvdW5kIFdhcnJpb3IgU1ctSFAxMHMgKFNXSFAxMFMp,44CQ6YCB5paZ54Sh5paZ44CRU09VTkQgV0FSUklPUiDjg5jjg4Pjg4njg5vjg7MgU291bmQgV2FycmlvciBTVy1IUDEwcyAoU1dIUDEwUyk=[rn]
18-38257,aHR0cDovL3RzaG9wLnIxMHMuanAvYWtpYmFtYWMvY2FiaW5ldC8wNTEwOTkxMC85MDAyNzYxMDM4MDE5LmpwZz9maXRpbj03MDA6NzAw,MTMxMDQuMDAwMA==,,VFbjg7vjgqrjg7zjg4fjgqPjgqrjg7vjgqvjg6Hjg6kgPiDjgqrjg7zjg4fjgqPjgqogPiDjg5jjg4Pjg4njg5vjg7Pjg7vjgqTjg6Tjg5vjg7M=,44CQ6YCB5paZ54Sh5paZ44CRQUtH44OY44OD44OJ44Ob44OzIEsxODEgREogVUUgKEsxODFESlVFKQ==,,4pag5YSq44KM44Gf6Z+z6LOq44Go44CB6auY44GE44Om44O844K244OT44Oq44OG44Kj44O8PGJyPuWbvemam+eahOOBq+a0u+i6jeOBmeOCi+ODiOODg+ODl0RK44Gu5aOw44KS5YWD44Gr44OH44K244Kk44Oz44GV44KM44Gm44GK44KK44CB55m954ax44Gu44K544OG44O844K444KS44K144Od44O844OI44GZ44KL5qW144KB44Gm5YSq44KM44Gf6Z+z6LOq44Go44CB44OX44Os44Kk44Gu5rWB44KM44KS5aao44GS44Gq44GE6auY44GE44Om44O844K244OT44Oq44OG44Kj44O844KS5Lih56uL44GX44G+44GX44Gf44CCPGJyPjxicj7ilqDlpKflj6PlvoTjga41MG1t44OJ44Op44Kk44OQ44O85pCt6LyJPGJyPuWkp+WPo+W+hOOBrjUwbW3jg4njg6njgqTjg5Djg7zjgpLmkK3ovInjgZfjgIEg6YeN5Y6a44Gn44GC44KK44Gq44GM44KJ44Kt44Os44Gu44GCIOOCi+S9jiDln5/jgajmpbXjgoHjgabjgq/jg6rjgqLjgarkuK0g6auYIOWfn+OCkuWHuiDlipvjgILlho3nlJ/luK/ln5/jga81SHog772eIDMwa0h644Gr44G+44Gn44GK44KI44Gz44CBIOabsuOBrue0sOmDqOOBq+iHs+OCi+OBvuOBp+ato+eiuuOBq+WGjeeUn+OAgjxicj48YnI+4pag44CMM0QtQXhpc+ODoeOCq+ODi+OCuuODoOOAjeaOoeeUqDxicj7jg4/jgqbjgrjjg7PjgrDpg6jjgYzkuIrkuIvlt6blj7Pjgavoh6rlnKjjgavlm57ou6LjgZnjgovjgIwzRC1BeGlz44Oh44Kr44OL44K644Og44CN44KS5o6h55So44GX44CB54mH6ICz44GnIOOBruODouODi+OCv+ODquODs+OCsOOBq+OCgue0oOaXqeOBj+WvvuW/nOOAguOCs+ODs+ODkeOCr+ODiOOBq+aKmOOCiuOBn+OBn+OCgeOCi+OBhuOBiOOAgeOCreODo+ODquODs+OCsOODneODvOODgeOCguS7mOWxnuOBl+OBpuOBhOOCi+OBruOBp+OAgeaMgeOBoemBi+OBs+OBq+OCguS+v+WIqeOAguOBvuOBn+OAgTI4MGfjgajou73jgY/jgIHjg5fjg6zjgqTjga7pmpvjga7osqDmi4XjgpLou73muJvjgZfjgb7jgZnjgII8YnI+PGJyPuKWoOOBguOCieOChuOCi+OCuOODo+ODs+ODq+OChOeSsOWig+OBq+WvvuW/nDxicj7mnIDlpKfoqLHlrrnlhaXlipszNTAwbVfjgpLpgZTmiJDjgZfjgIHjgYLjgonjgobjgovjgrjjg6Pjg7Pjg6vjgoTnkrDlooPjgavlr77lv5zjgILjg5Pjg7zjg4jjgpLmraPnorrjgavmiormj6HjgZnjgovjgZ/jgoHjgavkvY7ln5/jga7jg5bjg7zjgrnjg4jjg7vjgrnjgqTjg4Pjg4HjgoLoo4XlgpnjgII8YnI+PGJyPuKWoOWOmuOBv+OBruOBguOCi+OCpOODpOODkeODg+ODieOBq+OCiOOCi+mrmOOBhOmBrumfszxicj7ogLPjgavjg5XjgqPjg4Pjg4jjgZnjgovljprjgb/jga7jgYLjgovjgqTjg6Tjg5Hjg4Pjg4njgavjgojjgorpq5jjgYTpga7pn7PmgKfjgpLlrp/nj77jgILlpKfpn7Pph4/jgYzps7Tjgorpn7/jgY/jgq/jg6njg5bjga7kuK3jgafjgoLnorrlrp/jgarjg6Ljg4vjgr/jg6rjg7PjgrDjgYzlj6/og73jgII8YnI+PGJyPuKWoOeJh+iAs+OBp+OBruato+eiuuOBquODouODi+OCv+ODquODs+OCsOOBq+OCgue0oOaXqeOBj+WvvuW/nDxicj7niYfogLPjgafjga7mraPnorrjgarjg6Ljg4vjgr/jg6rjg7PjgrDjgpLlrp/nj77jgZnjgovjgIHjgrnjg4bjg6zjgqrvvI/jg6Ljg47jg6njg6vjgbjjga7liIfjgormm7/jgYjjgrnjgqTjg4Pjg4HjgpLoo4XlgpnjgII8YnI+PGJyPuKWoOOCv+OCpOODl++8muWvhumWieWeizxicj7ilqDmhJ/luqbvvJrvvIgxa0h677yJIDk4ZEIgU1BML21XPGJyPuKWoOWGjeeUn+WRqOazouaVsOW4r+Wfn++8mjVIeiDvvZ4gMzBrSHo8YnI+4pag5pyA5aSn6Kix5a655YWl5Yqb77yaMzUwMG1XPGJyPuKWoOOCpOODs+ODlOODvOODgOODs+OCue+8mjQyzqk8YnI+4pag44Kk44Ok44OR44OD44OJ77ya44Kq44Oz44Kk44Ok44O844CB552A6ISx5byP44CB5ZCI55qu6KO9PGJyPuKWoOWFpeWKm+OCs+ODjeOCr+OCv+ODvO+8mjMuNW1t44K544OG44Os44Kq44O744Of44OL44OX44Op44Kw77yI6YeR44Oh44OD44Kt77yJPGJyPuKWoOOCseODvOODluODq++8muedgOiEseW8j+OAgeeJh+WHuuOBlzxicj7ilqDph43ph4/vvIjjgrHjg7zjg5bjg6vlkKvjgb7jgZrvvInvvJoyODBnPGJyPuKWoOS7mOWxnuWTge+8muODmOODg+ODieODm+ODs+OCseODvOODluODq++8mjVt44Kr44O844Or44Kz44O844OJIE9GQ++8iEVLNTAwU++8ieOAgeaomea6luODl+ODqeOCsOOCouODgOODl+OCv+ODvO+8iOOBreOBmOWbuuWumuW8j+OAgemHkeODoeODg+OCre+8ie+9jeOCreODo+ODquODs+OCsOODneODvOODgQ==,44CQ6YCB5paZ54Sh5paZ44CRQUtH44OY44OD44OJ44Ob44OzIEsxODEgREogVUUgKEsxODFESlVFKe+8muOCveODleODnuODg+ODl+OAgOODh+OCuOOCv+ODq+OCs+ODrOOCr+OCt+ODp+ODsw==,44K944OV44Oe44OD44OXIOODh+OCuOOCv+ODq+OCs+ODrOOCr+OCt+ODp+ODs1NvZm1hcCBEaWdpdGFsIENvbGxlY3Rpb27jg5Hjgr3jgrPjg7Pjgr/jg5bjg6zjg4Pjg4hQQ0hEROOCouOCu+ODs+ODluODquODkeODvOODhOODkeOCveOCs+ODs+ODkeODvOODhOODhuODrOODk+OCsuODvOODoOODluODq+ODvOODrOOCpOOCveODleODiERWROOCveODleODiOa2suaZtuODhuODrOODk+ODluODq+ODvOODrOOCpOODh+OCo+OCueOCr+ODrOOCs+ODvOODgOODvOODh+OCuOOCv+ODq+S4gOecvOODrOODleOCq+ODoeODqeODh+OCuOOCv+ODq+OCq+ODoeODqeWutumbu+aZguioiOS4reWPpOOAgOOCveODleODiOOCouOCpuODiOODrOODg+ODiOS4reWPpOODjuODvOODiOODkeOCveOCs+ODs+S4reWPpOODkeOCveOCs+ODs+OAkOmAgeaWmeeEoeaWmeOAkUFLR+ODmOODg+ODieODm+ODsyBLMTgxIERKIFVFIChLMTgxREpVRSk=,44CQ6YCB5paZ54Sh5paZ44CRQUtH44OY44OD44OJ44Ob44OzIEsxODEgREogVUUgKEsxODFESlVFKQ==[rn]
18-38258,aHR0cDovL3RzaG9wLnIxMHMuanAvYWtpYmFtYWMvY2FiaW5ldC8wMzE4Mzk3MS80OTg0ODI0NDc0NjI4LmpwZz9maXRpbj03MDA6NzAw,MTY4OC4wMDAw,,VFbjg7vjgqrjg7zjg4fjgqPjgqrjg7vjgqvjg6Hjg6kgPiDjgqrjg7zjg4fjgqPjgqogPiDjg5jjg4Pjg4njg5vjg7Pjg7vjgqTjg6Tjg5vjg7M=,44OR44OK44K944OL44OD44Kv44K544K/44K444Kq44Oi44OL44K/44O855So44OY44OD44OJ44Ob44OzKOOCt+ODq+ODkOODvCkgUlAtSFQ1MTAtUyDvvJPvvY3jgrPjg7zjg4k=,,4pag5Y+N6Lui5byP54mH6ICz44Oi44OL44K/44O85qmf5qeL5o6h55So4pag44K944OV44OI44OY44OD44OJ44OQ44Oz44OJ5o6h55So,44OR44OK44K944OL44OD44Kv44K544K/44K444Kq44Oi44OL44K/44O855So44OY44OD44OJ44Ob44OzKOOCt+ODq+ODkOODvCkgUlAtSFQ1MTAtUyDvvJPvvY3jgrPjg7zjg4nvvJrjgr3jg5Xjg57jg4Pjg5fjgIDjg4fjgrjjgr/jg6vjgrPjg6zjgq/jgrfjg6fjg7M=,44K944OV44Oe44OD44OXIOODh+OCuOOCv+ODq+OCs+ODrOOCr+OCt+ODp+ODs1NvZm1hcCBEaWdpdGFsIENvbGxlY3Rpb27jg5Hjgr3jgrPjg7Pjgr/jg5bjg6zjg4Pjg4hQQ0hEROOCouOCu+ODs+ODluODquODkeODvOODhOODkeOCveOCs+ODs+ODkeODvOODhOODhuODrOODk+OCsuODvOODoOODluODq+ODvOODrOOCpOOCveODleODiERWROOCveODleODiOa2suaZtuODhuODrOODk+ODluODq+ODvOODrOOCpOODh+OCo+OCueOCr+ODrOOCs+ODvOODgOODvOODh+OCuOOCv+ODq+S4gOecvOODrOODleOCq+ODoeODqeODh+OCuOOCv+ODq+OCq+ODoeODqeWutumbu+aZguioiOS4reWPpOOAgOOCveODleODiOOCouOCpuODiOODrOODg+ODiOS4reWPpOODjuODvOODiOODkeOCveOCs+ODs+S4reWPpOODkeOCveOCs+ODs+ODkeODiuOCveODi+ODg+OCr+OCueOCv+OCuOOCquODouODi+OCv+ODvOeUqOODmOODg+ODieODm+ODsyjjgrfjg6vjg5Djg7wpIFJQLUhUNTEwLVMg77yT772N44Kz44O844OJ,44OR44OK44K944OL44OD44Kv44K544K/44K444Kq44Oi44OL44K/44O855So44OY44OD44OJ44Ob44OzKOOCt+ODq+ODkOODvCkgUlAtSFQ1MTAtUyDvvJPvvY3jgrPjg7zjg4k=[rn]
18-38259,aHR0cDovL3RzaG9wLnIxMHMuanAvYWtpYmFtYWMvY2FiaW5ldC8wMzg5MjYxMy80OTU3MDU0NDAxNjM0LmpwZz9maXRpbj03MDA6NzAw,MTE0MjkuNjAwMA==,,VFbjg7vjgqrjg7zjg4fjgqPjgqrjg7vjgqvjg6Hjg6kgPiDjgqrjg7zjg4fjgqPjgqogPiDjg5jjg4Pjg4njg5vjg7Pjg7vjgqTjg6Tjg5vjg7M=,44CQ6YCB5paZ54Sh5paZ44CR44Ot44O844Op44Oz44OJIFJILTMwMCjlr4bplonlnovjg5jjg4Pjg4njg5vjg7Mp,,UkgtMzAw44Gv44CB5pyA5paw44Gu6Zu75a2Q5qW95Zmo77yP44OH44K444K/44Or5qmf5Zmo44Gr5pyA6YGp5YyW44GV44KM44Gf5a+G6ZaJ44K/44Kk44OX44Gu6auY6Z+z6LOq44Oi44OL44K/44O844O744OY44OD44OJ44Ob44Oz44Gn44GZ44CC44ON44Kq44K444Km44Og44O744Oe44Kw44ON44OD44OI44KS5o6h55So44GX44Gf5paw6ZaL55m644GuNDVtbeODieODqeOCpOODkOODvOOCkuaQrei8ieOBl+OAgeixiuOBi+OBquODgOOCpOODiuODn+ODg+OCr+ODu+ODrOODs+OCuOOCkueiuuS/neOAgumrmOiAkOWFpeWKm+OBp+Wkp+mfs+mHj+OBp+OCguWuieWumuOBl+OBn+WGjeeUn+OCkuWun+ePvuOBl+OBpuOBhOOBvuOBmeOAguacgOaWsOOBruODh+OCuOOCv+ODq+ODu+OCt+ODs+OCu+OChFYtRHJ1bXPjgarjganjga7nq4vjgaHkuIrjgYzjgorjga7pgJ/jgYTjgrXjgqbjg7Pjg4njgoTph43kvY7pn7Pjgavlr77lv5zjgZfjgIFGYW50b20tWOOBquOBqeOBruWFqOmNteOCteODs+ODl+ODquODs+OCsOODu+ODlOOCouODjumfs+OBquOBqeOCguS9meOBmeOBk+OBqOOBquOBj+WGjeePvuOAguOBvuOBn+ODj+OCpOODu+ODk+ODg+ODiO+8j+ODj+OCpOODu+ODrOOCvuODquODpeODvOOCt+ODp+ODs+WMluOBjOmAsuOCgOODh+OCuOOCv+ODq+ODu+OCquODvOODh+OCo+OCquapn+WZqOOBruOCr+ODquOCouOBqumrmOmfs+OBquOBqeOCguW/oOWun+OBq+WGjeeUn+OBl+OBvuOBmeOAguODj+OCpuOCuOODs+OCsOmDqOOBr+mrmOe0muaEn+OBguOCi+OCouODq+ODn+ODu+ODl+ODrOODvOODiOS7leanmOOAguWkp+Wei+OBp+WFheWIhuOBquWuuemHj+OCkueiuuS/neOBl+OBquOBjOOCieOCgui7vemHj+OAgeOBi+OBpOaflOi7n+OBquOCpOODpOODvOODkeODg+ODiOOBp+ijheedgOaEn+OCguOCiOOBj+OAgemVt+aZgumWk+S9v+eUqOOBp+OCgueWsuOCjOOBq+OBj+OBhOioreioiOOBqOOBquOBo+OBpuOBhOOBvuOBmeOAguOBvuOBn+OAgeOCseODvOODluODq+OBq+OBr09GQ+ODquODg+ODhOe3mjMuNG3jga7jgrnjg4jjg6zjg7zjg4jjg7vjgr/jgqTjg5fjgpLmjqHnlKjjgILjg5/jg4vnq6/lrZDjgIHmqJnmupbnq6/lrZDjganjgaHjgonjgafjgoLkvb/nlKjlj6/og73jgarlpInmj5vjg5fjg6njgrDjgoLku5jlsZ7jgZfjgabjgYTjgb7jgZnjgII=,44CQ6YCB5paZ54Sh5paZ44CR44Ot44O844Op44Oz44OJIFJILTMwMCjlr4bplonlnovjg5jjg4Pjg4njg5vjg7Mp77ya44K944OV44Oe44OD44OX44CA44OH44K444K/44Or44Kz44Os44Kv44K344On44Oz,44K944OV44Oe44OD44OXIOODh+OCuOOCv+ODq+OCs+ODrOOCr+OCt+ODp+ODs1NvZm1hcCBEaWdpdGFsIENvbGxlY3Rpb27jg5Hjgr3jgrPjg7Pjgr/jg5bjg6zjg4Pjg4hQQ0hEROOCouOCu+ODs+ODluODquODkeODvOODhOODkeOCveOCs+ODs+ODkeODvOODhOODhuODrOODk+OCsuODvOODoOODluODq+ODvOODrOOCpOOCveODleODiERWROOCveODleODiOa2suaZtuODhuODrOODk+ODluODq+ODvOODrOOCpOODh+OCo+OCueOCr+ODrOOCs+ODvOODgOODvOODh+OCuOOCv+ODq+S4gOecvOODrOODleOCq+ODoeODqeODh+OCuOOCv+ODq+OCq+ODoeODqeWutumbu+aZguioiOS4reWPpOOAgOOCveODleODiOOCouOCpuODiOODrOODg+ODiOS4reWPpOODjuODvOODiOODkeOCveOCs+ODs+S4reWPpOODkeOCveOCs+ODs+OAkOmAgeaWmeeEoeaWmeOAkeODreODvOODqeODs+ODiSBSSC0zMDAo5a+G6ZaJ5Z6L44OY44OD44OJ44Ob44OzKQ==,44CQ6YCB5paZ54Sh5paZ44CR44Ot44O844Op44Oz44OJIFJILTMwMCjlr4bplonlnovjg5jjg4Pjg4njg5vjg7Mp[rn]
18-38260,aHR0cDovL3RzaG9wLnIxMHMuanAvYWtpYmFtYWMvY2FiaW5ldC8wMTc5NjY0Mi80OTYxMzEwMTA2MTE5LmpwZz9maXRpbj03MDA6NzAw,Mzc2My4yMDAw,,VFbjg7vjgqrjg7zjg4fjgqPjgqrjg7vjgqvjg6Hjg6kgPiDjgqrjg7zjg4fjgqPjgqogPiDjg5jjg4Pjg4njg5vjg7Pjg7vjgqTjg6Tjg5vjg7M=,44CQ6YCB5paZ54Sh5paZ44CR44Kq44O844OH44Kj44Kq44OG44Kv44OL44KrIEFUSC1FUDcwMCBCVyjmpb3lmajnlKjjg6Ljg4vjgr/jg7zjg5jjg4Pjg4njg5vjg7Mv44OW44Op44Km44OzKSAoQVRIRVA3MDBCVyk=,,4pag6LqN5YuV5oSf44Gu44GC44KL5L2O6Z+z5Z+f44GL44KJ57mK57Sw44Gq6auY6Z+z5Z+f44G+44Gn44OQ44Op44Oz44K544KI44GP5YaN55Sf44CC5ryU5aWP44Gu5qW944GX44G/44KS5ZCR5LiK44GV44Gb44KL5qW95Zmo55So44Oi44OL44K/44O844OY44OD44OJ44Ob44Oz4pag6Zu75a2Q44OU44Ki44OO44Gq44Gp44CB5qW95Zmo5ryU5aWP55So44Gr44OB44Ol44O844OL44Oz44Kw44GX44Gf5paw6Kit6KiIz4Y0MG1t44OJ44Op44Kk44OQ44O85o6h55So4pag6ZW35pmC6ZaT44Oq44K544OL44Oz44Kw44Gr5b+r6YGp44Gq5bCP5Z6L44O76Lu96YeP44Gu44Kq44O844OX44Oz44Ko44Ki44O85qeL6YCg4pag5ryU5aWP5Lit44Gr44Kz44O844OJ44GM6YKq6a2U44Gr44Gq44KJ44Gq44GE44KI44GG44CB44Kz44O844OJ44KS6IOM6Z2iNDXCsOaWueWQkeOBq+mFjee9ruKWoOS9v+OBhOWLneaJi+OBruOCiOOBhOeJh+WHuuOBl+OCs+ODvOODie+8huS+v+WIqeOBqjJXQVnjg5fjg6njgrDlr77lv5zilqDlj47ntI3jgavkvr/liKnjgarjgrnjgqTjg7zjg5njg6vmipjjgorjgZ/jgZ/jgb/mqZ/mp4s=,44CQ6YCB5paZ54Sh5paZ44CR44Kq44O844OH44Kj44Kq44OG44Kv44OL44KrIEFUSC1FUDcwMCBCVyjmpb3lmajnlKjjg6Ljg4vjgr/jg7zjg5jjg4Pjg4njg5vjg7Mv44OW44Op44Km44OzKSAoQVRIRVA3MDBCVynvvJrjgr3jg5Xjg57jg4Pjg5fjgIDjg4fjgrjjgr/jg6vjgrPjg6zjgq/jgrfjg6fjg7M=,44K944OV44Oe44OD44OXIOODh+OCuOOCv+ODq+OCs+ODrOOCr+OCt+ODp+ODs1NvZm1hcCBEaWdpdGFsIENvbGxlY3Rpb27jg5Hjgr3jgrPjg7Pjgr/jg5bjg6zjg4Pjg4hQQ0hEROOCouOCu+ODs+ODluODquODkeODvOODhOODkeOCveOCs+ODs+ODkeODvOODhOODhuODrOODk+OCsuODvOODoOODluODq+ODvOODrOOCpOOCveODleODiERWROOCveODleODiOa2suaZtuODhuODrOODk+ODluODq+ODvOODrOOCpOODh+OCo+OCueOCr+ODrOOCs+ODvOODgOODvOODh+OCuOOCv+ODq+S4gOecvOODrOODleOCq+ODoeODqeODh+OCuOOCv+ODq+OCq+ODoeODqeWutumbu+aZguioiOS4reWPpOOAgOOCveODleODiOOCouOCpuODiOODrOODg+ODiOS4reWPpOODjuODvOODiOODkeOCveOCs+ODs+S4reWPpOODkeOCveOCs+ODs+OAkOmAgeaWmeeEoeaWmeOAkeOCquODvOODh+OCo+OCquODhuOCr+ODi+OCqyBBVEgtRVA3MDAgQlco5qW95Zmo55So44Oi44OL44K/44O844OY44OD44OJ44Ob44OzL+ODluODqeOCpuODsykgKEFUSEVQNzAwQlcp,44CQ6YCB5paZ54Sh5paZ44CR44Kq44O844OH44Kj44Kq44OG44Kv44OL44KrIEFUSC1FUDcwMCBCVyjmpb3lmajnlKjjg6Ljg4vjgr/jg7zjg5jjg4Pjg4njg5vjg7Mv44OW44Op44Km44OzKSAoQVRIRVA3MDBCVyk=[rn]
18-38261,aHR0cDovL3RzaG9wLnIxMHMuanAvYWtpYmFtYWMvY2FiaW5ldC8wNTI1NDUzOS80OTYxMzEwMTE1MzU3LmpwZz9maXRpbj03MDA6NzAw,NzI2Ny4yMDAw,,VFbjg7vjgqrjg7zjg4fjgqPjgqrjg7vjgqvjg6Hjg6kgPiDjgqrjg7zjg4fjgqPjgqogPiDjg5jjg4Pjg4njg5vjg7Pjg7vjgqTjg6Tjg5vjg7M=,44CQ6YCB5paZ54Sh5paZ44CR44Kq44O844OH44Kj44Kq44OG44Kv44OL44KrIEFUSC1QUk81MDBNSzIgQkso5aSn5Z6L44OY44OD44OJ44OQ44Oz44OJ5Z6LL0RK44OY44OD44OJ44Ob44OzL+ODluODqeODg+OCrykgKEFUSFBSTzUwME1LMkJLKQ==,,4pePIOaWsOioreioiOOBrumrmOaAp+iDvc+GNTNtbeODieODqeOCpOODkOODvOODpuODi+ODg+ODiOaQrei8ieOAguKXjyDlpJbpg6jjgYvjgonjga7ooZ3mkoPjgavlvLfjgYTjgqjjg6njgrnjg4jjg57jg7zjg5Xjg6zjg7zjg6DmjqHnlKjjgILil48gRErjg5fjg6zjgqTjgpLmlK/jgYjjgovjg4/jg7Pjg4njgrDjg6rjg4Pjg5fjg4fjgrbjgqTjg7PjgILil48g5pC65biv5oCn44Gr5YSq44KM44Gf5oqY44KK44Gf44Gf44G/5qmf5qeL44CC4pePIOOBguOCieOChuOCi+ODouODi+OCv+ODquODs+OCsOOCueOCv+OCpOODq+OBq+W/nOOBiOOCizUw5bqmLzkw5bqm44Gu44OP44Km44K444Oz44Kw5Zue6Lui5qmf5qeL44CC4pePIOODoeODs+ODhuODiuODs+OCueOCguaJi+i7veOBq+ihjOOBquOBiOOCi+ODjeOCuOW8j+edgOiEseOCs+ODvOODieaOoeeUqOOAguKXjyDnlKjpgJTjgavlkIjjgo/jgZvjgabkvb/nlKjjgafjgY3jgosy56iu6aGe44Gu44K/44Kk44OX5Yil44Kz44O844OJ44KS5LuY5bGe44CC,44CQ6YCB5paZ54Sh5paZ44CR44Kq44O844OH44Kj44Kq44OG44Kv44OL44KrIEFUSC1QUk81MDBNSzIgQkso5aSn5Z6L44OY44OD44OJ44OQ44Oz44OJ5Z6LL0RK44OY44OD44OJ44Ob44OzL+ODluODqeODg+OCrykgKEFUSFBSTzUwME1LMkJLKe+8muOCveODleODnuODg+ODl+OAgOODh+OCuOOCv+ODq+OCs+ODrOOCr+OCt+ODp+ODsw==,44K944OV44Oe44OD44OXIOODh+OCuOOCv+ODq+OCs+ODrOOCr+OCt+ODp+ODs1NvZm1hcCBEaWdpdGFsIENvbGxlY3Rpb27jg5Hjgr3jgrPjg7Pjgr/jg5bjg6zjg4Pjg4hQQ0hEROOCouOCu+ODs+ODluODquODkeODvOODhOODkeOCveOCs+ODs+ODkeODvOODhOODhuODrOODk+OCsuODvOODoOODluODq+ODvOODrOOCpOOCveODleODiERWROOCveODleODiOa2suaZtuODhuODrOODk+ODluODq+ODvOODrOOCpOODh+OCo+OCueOCr+ODrOOCs+ODvOODgOODvOODh+OCuOOCv+ODq+S4gOecvOODrOODleOCq+ODoeODqeODh+OCuOOCv+ODq+OCq+ODoeODqeWutumbu+aZguioiOS4reWPpOOAgOOCveODleODiOOCouOCpuODiOODrOODg+ODiOS4reWPpOODjuODvOODiOODkeOCveOCs+ODs+S4reWPpOODkeOCveOCs+ODs+OAkOmAgeaWmeeEoeaWmeOAkeOCquODvOODh+OCo+OCquODhuOCr+ODi+OCqyBBVEgtUFJPNTAwTUsyIEJLKOWkp+Wei+ODmOODg+ODieODkOODs+ODieWeiy9ESuODmOODg+ODieODm+ODsy/jg5bjg6njg4Pjgq8pIChBVEhQUk81MDBNSzJCSyk=,44CQ6YCB5paZ54Sh5paZ44CR44Kq44O844OH44Kj44Kq44OG44Kv44OL44KrIEFUSC1QUk81MDBNSzIgQkso5aSn5Z6L44OY44OD44OJ44OQ44Oz44OJ5Z6LL0RK44OY44OD44OJ44Ob44OzL+ODluODqeODg+OCrykgKEFUSFBSTzUwME1LMkJLKQ==[rn]
18-38262,aHR0cDovL3RzaG9wLnIxMHMuanAvYWtpYmFtYWMvY2FiaW5ldC8wMzcwODE4Ni80OTYxMzEwMTI1NDI0LmpwZz9maXRpbj03MDA6NzAw,ODY0MC4wMDAw,,VFbjg7vjgqrjg7zjg4fjgqPjgqrjg7vjgqvjg6Hjg6kgPiDjgqrjg7zjg4fjgqPjgqogPiDjg5jjg4Pjg4njg5vjg7Pjg7vjgqTjg6Tjg5vjg7M=,44CQ6YCB5paZ54Sh5paZ44CR44Kq44O844OH44Kj44Kq44OG44Kv44OL44KrQVRILU00MHgg44OX44Ot44OV44Kn44OD44K344On44OK44Or44Oi44OL44K/44O844OY44OD44OJ44Ob44OzIChBVEhNNDBYKQ==,,5YWo5biv5Z+f44Gn6Imy5LuY44GR44Gu44Gq44GE5Y6f6Z+z44Gr5b+g5a6f44Gq5YaN55Sf6Z+z44CC5q2j56K644Gq44Oi44OL44K/44Oq44Oz44Kw44KS5a6f54++44GZ44KL44Oi44OL44K/44O844OY44OD44OJ44Ob44Oz44CC,44CQ6YCB5paZ54Sh5paZ44CR44Kq44O844OH44Kj44Kq44OG44Kv44OL44KrQVRILU00MHgg44OX44Ot44OV44Kn44OD44K344On44OK44Or44Oi44OL44K/44O844OY44OD44OJ44Ob44OzIChBVEhNNDBYKe+8muOCveODleODnuODg+ODl+OAgOODh+OCuOOCv+ODq+OCs+ODrOOCr+OCt+ODp+ODsw==,44K944OV44Oe44OD44OXIOODh+OCuOOCv+ODq+OCs+ODrOOCr+OCt+ODp+ODs1NvZm1hcCBEaWdpdGFsIENvbGxlY3Rpb27jg5Hjgr3jgrPjg7Pjgr/jg5bjg6zjg4Pjg4hQQ0hEROOCouOCu+ODs+ODluODquODkeODvOODhOODkeOCveOCs+ODs+ODkeODvOODhOODhuODrOODk+OCsuODvOODoOODluODq+ODvOODrOOCpOOCveODleODiERWROOCveODleODiOa2suaZtuODhuODrOODk+ODluODq+ODvOODrOOCpOODh+OCo+OCueOCr+ODrOOCs+ODvOODgOODvOODh+OCuOOCv+ODq+S4gOecvOODrOODleOCq+ODoeODqeODh+OCuOOCv+ODq+OCq+ODoeODqeWutumbu+aZguioiOS4reWPpOOAgOOCveODleODiOOCouOCpuODiOODrOODg+ODiOS4reWPpOODjuODvOODiOODkeOCveOCs+ODs+S4reWPpOODkeOCveOCs+ODs+OAkOmAgeaWmeeEoeaWmeOAkeOCquODvOODh+OCo+OCquODhuOCr+ODi+OCq0FUSC1NNDB4IOODl+ODreODleOCp+ODg+OCt+ODp+ODiuODq+ODouODi+OCv+ODvOODmOODg+ODieODm+ODsyAoQVRITTQwWCk=,44CQ6YCB5paZ54Sh5paZ44CR44Kq44O844OH44Kj44Kq44OG44Kv44OL44KrQVRILU00MHgg44OX44Ot44OV44Kn44OD44K344On44OK44Or44Oi44OL44K/44O844OY44OD44OJ44Ob44OzIChBVEhNNDBYKQ==[rn]
18-38263,aHR0cDovL3RzaG9wLnIxMHMuanAvYWtpYmFtYWMvY2FiaW5ldC8wMzk1MDQ2MC80NTQ5MDc3MTM0OTQzLmpwZz9maXRpbj03MDA6NzAw,Mjg1Ni4wMDAw,,VFbjg7vjgqrjg7zjg4fjgqPjgqrjg7vjgqvjg6Hjg6kgPiDjgqrjg7zjg4fjgqPjgqogPiDjg5jjg4Pjg4njg5vjg7Pjg7vjgqTjg6Tjg5vjg7M=,44OR44OK44K944OL44OD44KvUlAtSFg1NTAtVyAo5pyA5aSnMTEuMWNoIERUU+WvvuW/nCDjgrXjg6njgqbjg7Pjg4njg5jjg4Pjg4njg5vjg7Mv44Ob44Ov44Kk44OIKShSUEhYNTUwKQ==,,44K544Oe44Ob44Gn5pyA5aSnMTEuMWNo44K144Op44Km44Oz44OJ44KS5qW944GX44KB44KLRFRTIEhlYWRwaG9uZTpY5a++5b+c44OY44OD44OJ44Ob44Oz,44OR44OK44K944OL44OD44KvUlAtSFg1NTAtVyAo5pyA5aSnMTEuMWNoIERUU+WvvuW/nCDjgrXjg6njgqbjg7Pjg4njg5jjg4Pjg4njg5vjg7Mv44Ob44Ov44Kk44OIKShSUEhYNTUwKe+8muOCveODleODnuODg+ODl+OAgOODh+OCuOOCv+ODq+OCs+ODrOOCr+OCt+ODp+ODsw==,44K944OV44Oe44OD44OXIOODh+OCuOOCv+ODq+OCs+ODrOOCr+OCt+ODp+ODs1NvZm1hcCBEaWdpdGFsIENvbGxlY3Rpb27jg5Hjgr3jgrPjg7Pjgr/jg5bjg6zjg4Pjg4hQQ0hEROOCouOCu+ODs+ODluODquODkeODvOODhOODkeOCveOCs+ODs+ODkeODvOODhOODhuODrOODk+OCsuODvOODoOODluODq+ODvOODrOOCpOOCveODleODiERWROOCveODleODiOa2suaZtuODhuODrOODk+ODluODq+ODvOODrOOCpOODh+OCo+OCueOCr+ODrOOCs+ODvOODgOODvOODh+OCuOOCv+ODq+S4gOecvOODrOODleOCq+ODoeODqeODh+OCuOOCv+ODq+OCq+ODoeODqeWutumbu+aZguioiOS4reWPpOOAgOOCveODleODiOOCouOCpuODiOODrOODg+ODiOS4reWPpOODjuODvOODiOODkeOCveOCs+ODs+S4reWPpOODkeOCveOCs+ODs+ODkeODiuOCveODi+ODg+OCr1JQLUhYNTUwLVcgKOacgOWkpzExLjFjaCBEVFPlr77lv5wg44K144Op44Km44Oz44OJ44OY44OD44OJ44Ob44OzL+ODm+ODr+OCpOODiCkoUlBIWDU1MCk=,44OR44OK44K944OL44OD44KvUlAtSFg1NTAtVyAo5pyA5aSnMTEuMWNoIERUU+WvvuW/nCDjgrXjg6njgqbjg7Pjg4njg5jjg4Pjg4njg5vjg7Mv44Ob44Ov44Kk44OIKShSUEhYNTUwKQ==[rn]
18-38264,aHR0cDovL3RzaG9wLnIxMHMuanAvYWtpYmFtYWMvY2FiaW5ldC8wMzk1MDQ2MC80NTQ5MDc3MTM0OTA1LmpwZz9maXRpbj03MDA6NzAw,MTUxMS4yMDAw,,VFbjg7vjgqrjg7zjg4fjgqPjgqrjg7vjgqvjg6Hjg6kgPiDjgqrjg7zjg4fjgqPjgqogPiDjg5jjg4Pjg4njg5vjg7Pjg7vjgqTjg6Tjg5vjg7M=,44OR44OK44K944OL44OD44KvUlAtSFgzNTAtUiDvvIjmnIDlpKcxMS4xY2ggRFRT5a++5b+cIOOCteODqeOCpuODs+ODieODmOODg+ODieODm+ODsy/jg6zjg4Pjg4nvvIkgKFJQSFgzNTAp,,44K544Oe44Ob44Gn5pyA5aSnMTEuMWNo44K144Op44Km44Oz44OJ44KS5qW944GX44KB44KLRFRTIEhlYWRwaG9uZTpY5a++5b+c44OY44OD44OJ44Ob44Oz,44OR44OK44K944OL44OD44KvUlAtSFgzNTAtUiDvvIjmnIDlpKcxMS4xY2ggRFRT5a++5b+cIOOCteODqeOCpuODs+ODieODmOODg+ODieODm+ODsy/jg6zjg4Pjg4nvvIkgKFJQSFgzNTAp77ya44K944OV44Oe44OD44OX44CA44OH44K444K/44Or44Kz44Os44Kv44K344On44Oz,44K944OV44Oe44OD44OXIOODh+OCuOOCv+ODq+OCs+ODrOOCr+OCt+ODp+ODs1NvZm1hcCBEaWdpdGFsIENvbGxlY3Rpb27jg5Hjgr3jgrPjg7Pjgr/jg5bjg6zjg4Pjg4hQQ0hEROOCouOCu+ODs+ODluODquODkeODvOODhOODkeOCveOCs+ODs+ODkeODvOODhOODhuODrOODk+OCsuODvOODoOODluODq+ODvOODrOOCpOOCveODleODiERWROOCveODleODiOa2suaZtuODhuODrOODk+ODluODq+ODvOODrOOCpOODh+OCo+OCueOCr+ODrOOCs+ODvOODgOODvOODh+OCuOOCv+ODq+S4gOecvOODrOODleOCq+ODoeODqeODh+OCuOOCv+ODq+OCq+ODoeODqeWutumbu+aZguioiOS4reWPpOOAgOOCveODleODiOOCouOCpuODiOODrOODg+ODiOS4reWPpOODjuODvOODiOODkeOCveOCs+ODs+S4reWPpOODkeOCveOCs+ODs+ODkeODiuOCveODi+ODg+OCr1JQLUhYMzUwLVIg77yI5pyA5aSnMTEuMWNoIERUU+WvvuW/nCDjgrXjg6njgqbjg7Pjg4njg5jjg4Pjg4njg5vjg7Mv44Os44OD44OJ77yJIChSUEhYMzUwKQ==,44OR44OK44K944OL44OD44KvUlAtSFgzNTAtUiDvvIjmnIDlpKcxMS4xY2ggRFRT5a++5b+cIOOCteODqeOCpuODs+ODieODmOODg+ODieODm+ODsy/jg6zjg4Pjg4nvvIkgKFJQSFgzNTAp[rn]
18-38265,aHR0cDovL3RzaG9wLnIxMHMuanAvYWtpYmFtYWMvY2FiaW5ldC8wMzk1MDQ2MC80NTQ5MDc3MTM0OTEyLmpwZz9maXRpbj03MDA6NzAw,MTUxMS4yMDAw,,VFbjg7vjgqrjg7zjg4fjgqPjgqrjg7vjgqvjg6Hjg6kgPiDjgqrjg7zjg4fjgqPjgqogPiDjg5jjg4Pjg4njg5vjg7Pjg7vjgqTjg6Tjg5vjg7M=,44OR44OK44K944OL44OD44KvUlAtSFgzNTAtQSDvvIjmnIDlpKcxMS4xY2ggRFRT5a++5b+cIOOCteODqeOCpuODs+ODieODmOODg+ODieODm+ODsy/jg5bjg6vjg7zvvIkgKFJQSFgzNTAp,,44K544Oe44Ob44Gn5pyA5aSnMTEuMWNo44K144Op44Km44Oz44OJ44KS5qW944GX44KB44KLRFRTIEhlYWRwaG9uZTpY5a++5b+c44OY44OD44OJ44Ob44Oz,44OR44OK44K944OL44OD44KvUlAtSFgzNTAtQSDvvIjmnIDlpKcxMS4xY2ggRFRT5a++5b+cIOOCteODqeOCpuODs+ODieODmOODg+ODieODm+ODsy/jg5bjg6vjg7zvvIkgKFJQSFgzNTAp77ya44K944OV44Oe44OD44OX44CA44OH44K444K/44Or44Kz44Os44Kv44K344On44Oz,44K944OV44Oe44OD44OXIOODh+OCuOOCv+ODq+OCs+ODrOOCr+OCt+ODp+ODs1NvZm1hcCBEaWdpdGFsIENvbGxlY3Rpb27jg5Hjgr3jgrPjg7Pjgr/jg5bjg6zjg4Pjg4hQQ0hEROOCouOCu+ODs+ODluODquODkeODvOODhOODkeOCveOCs+ODs+ODkeODvOODhOODhuODrOODk+OCsuODvOODoOODluODq+ODvOODrOOCpOOCveODleODiERWROOCveODleODiOa2suaZtuODhuODrOODk+ODluODq+ODvOODrOOCpOODh+OCo+OCueOCr+ODrOOCs+ODvOODgOODvOODh+OCuOOCv+ODq+S4gOecvOODrOODleOCq+ODoeODqeODh+OCuOOCv+ODq+OCq+ODoeODqeWutumbu+aZguioiOS4reWPpOOAgOOCveODleODiOOCouOCpuODiOODrOODg+ODiOS4reWPpOODjuODvOODiOODkeOCveOCs+ODs+S4reWPpOODkeOCveOCs+ODs+ODkeODiuOCveODi+ODg+OCr1JQLUhYMzUwLUEg77yI5pyA5aSnMTEuMWNoIERUU+WvvuW/nCDjgrXjg6njgqbjg7Pjg4njg5jjg4Pjg4njg5vjg7Mv44OW44Or44O877yJIChSUEhYMzUwKQ==,44OR44OK44K944OL44OD44KvUlAtSFgzNTAtQSDvvIjmnIDlpKcxMS4xY2ggRFRT5a++5b+cIOOCteODqeOCpuODs+ODieODmOODg+ODieODm+ODsy/jg5bjg6vjg7zvvIkgKFJQSFgzNTAp[rn]
18-38266,aHR0cDovL3RzaG9wLnIxMHMuanAvYWtpYmFtYWMvY2FiaW5ldC8wMzk1MDQ2MC80NTQ5MDc3MTM0OTUwLmpwZz9maXRpbj03MDA6NzAw,Mjg1Ni4wMDAw,,VFbjg7vjgqrjg7zjg4fjgqPjgqrjg7vjgqvjg6Hjg6kgPiDjgqrjg7zjg4fjgqPjgqogPiDjg5jjg4Pjg4njg5vjg7Pjg7vjgqTjg6Tjg5vjg7M=,44OR44OK44K944OL44OD44KvUlAtSFg1NTAtTiAo5pyA5aSnMTEuMWNoIERUU+WvvuW/nCDjgrXjg6njgqbjg7Pjg4njg5jjg4Pjg4njg5vjg7Mv44K044O844Or44OJKSAoUlBIWDU1MCk=,,44K544Oe44Ob44Gn5pyA5aSnMTEuMWNo44K144Op44Km44Oz44OJ44KS5qW944GX44KB44KLRFRTIEhlYWRwaG9uZTpY5a++5b+c44OY44OD44OJ44Ob44Oz,44OR44OK44K944OL44OD44KvUlAtSFg1NTAtTiAo5pyA5aSnMTEuMWNoIERUU+WvvuW/nCDjgrXjg6njgqbjg7Pjg4njg5jjg4Pjg4njg5vjg7Mv44K044O844Or44OJKSAoUlBIWDU1MCnvvJrjgr3jg5Xjg57jg4Pjg5fjgIDjg4fjgrjjgr/jg6vjgrPjg6zjgq/jgrfjg6fjg7M=,44K944OV44Oe44OD44OXIOODh+OCuOOCv+ODq+OCs+ODrOOCr+OCt+ODp+ODs1NvZm1hcCBEaWdpdGFsIENvbGxlY3Rpb27jg5Hjgr3jgrPjg7Pjgr/jg5bjg6zjg4Pjg4hQQ0hEROOCouOCu+ODs+ODluODquODkeODvOODhOODkeOCveOCs+ODs+ODkeODvOODhOODhuODrOODk+OCsuODvOODoOODluODq+ODvOODrOOCpOOCveODleODiERWROOCveODleODiOa2suaZtuODhuODrOODk+ODluODq+ODvOODrOOCpOODh+OCo+OCueOCr+ODrOOCs+ODvOODgOODvOODh+OCuOOCv+ODq+S4gOecvOODrOODleOCq+ODoeODqeODh+OCuOOCv+ODq+OCq+ODoeODqeWutumbu+aZguioiOS4reWPpOOAgOOCveODleODiOOCouOCpuODiOODrOODg+ODiOS4reWPpOODjuODvOODiOODkeOCveOCs+ODs+S4reWPpOODkeOCveOCs+ODs+ODkeODiuOCveODi+ODg+OCr1JQLUhYNTUwLU4gKOacgOWkpzExLjFjaCBEVFPlr77lv5wg44K144Op44Km44Oz44OJ44OY44OD44OJ44Ob44OzL+OCtOODvOODq+ODiSkgKFJQSFg1NTAp,44OR44OK44K944OL44OD44KvUlAtSFg1NTAtTiAo5pyA5aSnMTEuMWNoIERUU+WvvuW/nCDjgrXjg6njgqbjg7Pjg4njg5jjg4Pjg4njg5vjg7Mv44K044O844Or44OJKSAoUlBIWDU1MCk=[rn]
18-38267,aHR0cDovL3RzaG9wLnIxMHMuanAvYWtpYmFtYWMvY2FiaW5ldC8wMzk1MDQ2MC80NTQ5MDc3MjAyMjM5LmpwZz9maXRpbj03MDA6NzAw,NTIzNy42MDAw,,VFbjg7vjgqrjg7zjg4fjgqPjgqrjg7vjgqvjg6Hjg6kgPiDjgqrjg7zjg4fjgqPjgqogPiDjg5jjg4Pjg4njg5vjg7Pjg7vjgqTjg6Tjg5vjg7M=,44CQ6YCB5paZ54Sh5paZ44CR44OR44OK44K944OL44OD44KvUlAtSFg3NTAtUyAo5pyA5aSnMTEuMWNoIERUU+WvvuW/nCDjgrXjg6njgqbjg7Pjg4njg5jjg4Pjg4njg5vjg7Mv44K344Or44OQ44O8KSAoUlBIWDc1MCk=,,44K544Oe44Ob44Gn5pyA5aSnMTEuMWNo44K144Op44Km44Oz44OJ44KS5qW944GX44KB44KLRFRTIEhlYWRwaG9uZTpY5a++5b+c44OY44OD44OJ44Ob44Oz,44CQ6YCB5paZ54Sh5paZ44CR44OR44OK44K944OL44OD44KvUlAtSFg3NTAtUyAo5pyA5aSnMTEuMWNoIERUU+WvvuW/nCDjgrXjg6njgqbjg7Pjg4njg5jjg4Pjg4njg5vjg7Mv44K344Or44OQ44O8KSAoUlBIWDc1MCnvvJrjgr3jg5Xjg57jg4Pjg5fjgIDjg4fjgrjjgr/jg6vjgrPjg6zjgq/jgrfjg6fjg7M=,44K944OV44Oe44OD44OXIOODh+OCuOOCv+ODq+OCs+ODrOOCr+OCt+ODp+ODs1NvZm1hcCBEaWdpdGFsIENvbGxlY3Rpb27jg5Hjgr3jgrPjg7Pjgr/jg5bjg6zjg4Pjg4hQQ0hEROOCouOCu+ODs+ODluODquODkeODvOODhOODkeOCveOCs+ODs+ODkeODvOODhOODhuODrOODk+OCsuODvOODoOODluODq+ODvOODrOOCpOOCveODleODiERWROOCveODleODiOa2suaZtuODhuODrOODk+ODluODq+ODvOODrOOCpOODh+OCo+OCueOCr+ODrOOCs+ODvOODgOODvOODh+OCuOOCv+ODq+S4gOecvOODrOODleOCq+ODoeODqeODh+OCuOOCv+ODq+OCq+ODoeODqeWutumbu+aZguioiOS4reWPpOOAgOOCveODleODiOOCouOCpuODiOODrOODg+ODiOS4reWPpOODjuODvOODiOODkeOCveOCs+ODs+S4reWPpOODkeOCveOCs+ODs+OAkOmAgeaWmeeEoeaWmeOAkeODkeODiuOCveODi+ODg+OCr1JQLUhYNzUwLVMgKOacgOWkpzExLjFjaCBEVFPlr77lv5wg44K144Op44Km44Oz44OJ44OY44OD44OJ44Ob44OzL+OCt+ODq+ODkOODvCkgKFJQSFg3NTAp,44CQ6YCB5paZ54Sh5paZ44CR44OR44OK44K944OL44OD44KvUlAtSFg3NTAtUyAo5pyA5aSnMTEuMWNoIERUU+WvvuW/nCDjgrXjg6njgqbjg7Pjg4njg5jjg4Pjg4njg5vjg7Mv44K344Or44OQ44O8KSAoUlBIWDc1MCk=[rn]
18-38268,aHR0cDovL3RzaG9wLnIxMHMuanAvYWtpYmFtYWMvY2FiaW5ldC8wMzk1MDQ2MC80NTQ5MDc3MTM0ODY4LmpwZz9maXRpbj03MDA6NzAw,MTUxMS4yMDAw,,VFbjg7vjgqrjg7zjg4fjgqPjgqrjg7vjgqvjg6Hjg6kgPiDjgqrjg7zjg4fjgqPjgqogPiDjg5jjg4Pjg4njg5vjg7Pjg7vjgqTjg6Tjg5vjg7M=,44OR44OK44K944OL44OD44KvUlAtSFgzNTAtSyDvvIjmnIDlpKcxMS4xY2ggRFRT5a++5b+cIOOCteODqeOCpuODs+ODieODmOODg+ODieODm+ODsy/jg5bjg6njg4Pjgq/vvIkgKFJQSFgzNTAp,,44K544Oe44Ob44Gn5pyA5aSnMTEuMWNo44K144Op44Km44Oz44OJ44KS5qW944GX44KB44KLRFRTIEhlYWRwaG9uZTpY5a++5b+c44OY44OD44OJ44Ob44Oz,44OR44OK44K944OL44OD44KvUlAtSFgzNTAtSyDvvIjmnIDlpKcxMS4xY2ggRFRT5a++5b+cIOOCteODqeOCpuODs+ODieODmOODg+ODieODm+ODsy/jg5bjg6njg4Pjgq/vvIkgKFJQSFgzNTAp77ya44K944OV44Oe44OD44OX44CA44OH44K444K/44Or44Kz44Os44Kv44K344On44Oz,44K944OV44Oe44OD44OXIOODh+OCuOOCv+ODq+OCs+ODrOOCr+OCt+ODp+ODs1NvZm1hcCBEaWdpdGFsIENvbGxlY3Rpb27jg5Hjgr3jgrPjg7Pjgr/jg5bjg6zjg4Pjg4hQQ0hEROOCouOCu+ODs+ODluODquODkeODvOODhOODkeOCveOCs+ODs+ODkeODvOODhOODhuODrOODk+OCsuODvOODoOODluODq+ODvOODrOOCpOOCveODleODiERWROOCveODleODiOa2suaZtuODhuODrOODk+ODluODq+ODvOODrOOCpOODh+OCo+OCueOCr+ODrOOCs+ODvOODgOODvOODh+OCuOOCv+ODq+S4gOecvOODrOODleOCq+ODoeODqeODh+OCuOOCv+ODq+OCq+ODoeODqeWutumbu+aZguioiOS4reWPpOOAgOOCveODleODiOOCouOCpuODiOODrOODg+ODiOS4reWPpOODjuODvOODiOODkeOCveOCs+ODs+S4reWPpOODkeOCveOCs+ODs+ODkeODiuOCveODi+ODg+OCr1JQLUhYMzUwLUsg77yI5pyA5aSnMTEuMWNoIERUU+WvvuW/nCDjgrXjg6njgqbjg7Pjg4njg5jjg4Pjg4njg5vjg7Mv44OW44Op44OD44Kv77yJIChSUEhYMzUwKQ==,44OR44OK44K944OL44OD44KvUlAtSFgzNTAtSyDvvIjmnIDlpKcxMS4xY2ggRFRT5a++5b+cIOOCteODqeOCpuODs+ODieODmOODg+ODieODm+ODsy/jg5bjg6njg4Pjgq/vvIkgKFJQSFgzNTAp[rn]
18-38269,aHR0cDovL3RzaG9wLnIxMHMuanAvYWtpYmFtYWMvY2FiaW5ldC8wMzg5MjYxMy80MDQzOTQxMTExMDA0LmpwZz9maXRpbj03MDA6NzAw,ODk0MDAuMDAwMA==,,VFbjg7vjgqrjg7zjg4fjgqPjgqrjg7vjgqvjg6Hjg6kgPiDjgqrjg7zjg4fjgqPjgqogPiDjg5jjg4Pjg4njg5vjg7Pjg7vjgqTjg6Tjg5vjg7M=,44CQ6YCB5paZ54Sh5paZ44CRVUxUUkFTT05FIFNpZ25hdHVyZSBQUk8gKFNJR05BVFVSRVBSTyk=,,RURJVElPTuOCt+ODquODvOOCuuOBruezu+itnOOCkuW8leOBhOOBn+aWsOOBl+OBhOODouODh+ODq1NpZ25hdHVyZSBQUk/jga7nmbvloLTjgafjgZk=,44CQ6YCB5paZ54Sh5paZ44CRVUxUUkFTT05FIFNpZ25hdHVyZSBQUk8gKFNJR05BVFVSRVBSTynvvJrjgr3jg5Xjg57jg4Pjg5fjgIDjg4fjgrjjgr/jg6vjgrPjg6zjgq/jgrfjg6fjg7M=,44K944OV44Oe44OD44OXIOODh+OCuOOCv+ODq+OCs+ODrOOCr+OCt+ODp+ODs1NvZm1hcCBEaWdpdGFsIENvbGxlY3Rpb27jg5Hjgr3jgrPjg7Pjgr/jg5bjg6zjg4Pjg4hQQ0hEROOCouOCu+ODs+ODluODquODkeODvOODhOODkeOCveOCs+ODs+ODkeODvOODhOODhuODrOODk+OCsuODvOODoOODluODq+ODvOODrOOCpOOCveODleODiERWROOCveODleODiOa2suaZtuODhuODrOODk+ODluODq+ODvOODrOOCpOODh+OCo+OCueOCr+ODrOOCs+ODvOODgOODvOODh+OCuOOCv+ODq+S4gOecvOODrOODleOCq+ODoeODqeODh+OCuOOCv+ODq+OCq+ODoeODqeWutumbu+aZguioiOS4reWPpOOAgOOCveODleODiOOCouOCpuODiOODrOODg+ODiOS4reWPpOODjuODvOODiOODkeOCveOCs+ODs+S4reWPpOODkeOCveOCs+ODs+OAkOmAgeaWmeeEoeaWmeOAkVVMVFJBU09ORSBTaWduYXR1cmUgUFJPIChTSUdOQVRVUkVQUk8p,44CQ6YCB5paZ54Sh5paZ44CRVUxUUkFTT05FIFNpZ25hdHVyZSBQUk8gKFNJR05BVFVSRVBSTyk=[rn]
18-38270,aHR0cDovL3RzaG9wLnIxMHMuanAvYWtpYmFtYWMvY2FiaW5ldC8wMzk1MDQ2MC80NTQ5MDc3MTM0OTI5LmpwZz9maXRpbj03MDA6NzAw,MTUxMS4yMDAw,,VFbjg7vjgqrjg7zjg4fjgqPjgqrjg7vjgqvjg6Hjg6kgPiDjgqrjg7zjg4fjgqPjgqogPiDjg5jjg4Pjg4njg5vjg7Pjg7vjgqTjg6Tjg5vjg7M=,44OR44OK44K944OL44OD44KvUlAtSFgzNTAtViDvvIjmnIDlpKcxMS4xY2ggRFRT5a++5b+cIOOCteODqeOCpuODs+ODieODmOODg+ODieODm+ODsy/jg5Hjg7zjg5fjg6vvvIkgKFJQSFgzNTAp,,44K544Oe44Ob44Gn5pyA5aSnMTEuMWNo44K144Op44Km44Oz44OJ44KS5qW944GX44KB44KLRFRTIEhlYWRwaG9uZTpY5a++5b+c44OY44OD44OJ44Ob44Oz,44OR44OK44K944OL44OD44KvUlAtSFgzNTAtViDvvIjmnIDlpKcxMS4xY2ggRFRT5a++5b+cIOOCteODqeOCpuODs+ODieODmOODg+ODieODm+ODsy/jg5Hjg7zjg5fjg6vvvIkgKFJQSFgzNTAp77ya44K944OV44Oe44OD44OX44CA44OH44K444K/44Or44Kz44Os44Kv44K344On44Oz,44K944OV44Oe44OD44OXIOODh+OCuOOCv+ODq+OCs+ODrOOCr+OCt+ODp+ODs1NvZm1hcCBEaWdpdGFsIENvbGxlY3Rpb27jg5Hjgr3jgrPjg7Pjgr/jg5bjg6zjg4Pjg4hQQ0hEROOCouOCu+ODs+ODluODquODkeODvOODhOODkeOCveOCs+ODs+ODkeODvOODhOODhuODrOODk+OCsuODvOODoOODluODq+ODvOODrOOCpOOCveODleODiERWROOCveODleODiOa2suaZtuODhuODrOODk+ODluODq+ODvOODrOOCpOODh+OCo+OCueOCr+ODrOOCs+ODvOODgOODvOODh+OCuOOCv+ODq+S4gOecvOODrOODleOCq+ODoeODqeODh+OCuOOCv+ODq+OCq+ODoeODqeWutumbu+aZguioiOS4reWPpOOAgOOCveODleODiOOCouOCpuODiOODrOODg+ODiOS4reWPpOODjuODvOODiOODkeOCveOCs+ODs+S4reWPpOODkeOCveOCs+ODs+ODkeODiuOCveODi+ODg+OCr1JQLUhYMzUwLVYg77yI5pyA5aSnMTEuMWNoIERUU+WvvuW/nCDjgrXjg6njgqbjg7Pjg4njg5jjg4Pjg4njg5vjg7Mv44OR44O844OX44Or77yJIChSUEhYMzUwKQ==,44OR44OK44K944OL44OD44KvUlAtSFgzNTAtViDvvIjmnIDlpKcxMS4xY2ggRFRT5a++5b+cIOOCteODqeOCpuODs+ODieODmOODg+ODieODm+ODsy/jg5Hjg7zjg5fjg6vvvIkgKFJQSFgzNTAp[rn]
18-38271,aHR0cDovL3RzaG9wLnIxMHMuanAvYWtpYmFtYWMvY2FiaW5ldC8wMzk1MDQ2MC80NTQ5MDc3MTM0OTM2LmpwZz9maXRpbj03MDA6NzAw,Mjg1Ni4wMDAw,,VFbjg7vjgqrjg7zjg4fjgqPjgqrjg7vjgqvjg6Hjg6kgPiDjgqrjg7zjg4fjgqPjgqogPiDjg5jjg4Pjg4njg5vjg7Pjg7vjgqTjg6Tjg5vjg7M=,44OR44OK44K944OL44OD44KvUlAtSFg1NTAtSyAo5pyA5aSnMTEuMWNoIERUU+WvvuW/nCDjgrXjg6njgqbjg7Pjg4njg5jjg4Pjg4njg5vjg7Mv44OW44Op44OD44KvKSAoUlBIWDU1MCk=,,44K544Oe44Ob44Gn5pyA5aSnMTEuMWNo44K144Op44Km44Oz44OJ44KS5qW944GX44KB44KLRFRTIEhlYWRwaG9uZTpY5a++5b+c44OY44OD44OJ44Ob44Oz,44OR44OK44K944OL44OD44KvUlAtSFg1NTAtSyAo5pyA5aSnMTEuMWNoIERUU+WvvuW/nCDjgrXjg6njgqbjg7Pjg4njg5jjg4Pjg4njg5vjg7Mv44OW44Op44OD44KvKSAoUlBIWDU1MCnvvJrjgr3jg5Xjg57jg4Pjg5fjgIDjg4fjgrjjgr/jg6vjgrPjg6zjgq/jgrfjg6fjg7M=,44K944OV44Oe44OD44OXIOODh+OCuOOCv+ODq+OCs+ODrOOCr+OCt+ODp+ODs1NvZm1hcCBEaWdpdGFsIENvbGxlY3Rpb27jg5Hjgr3jgrPjg7Pjgr/jg5bjg6zjg4Pjg4hQQ0hEROOCouOCu+ODs+ODluODquODkeODvOODhOODkeOCveOCs+ODs+ODkeODvOODhOODhuODrOODk+OCsuODvOODoOODluODq+ODvOODrOOCpOOCveODleODiERWROOCveODleODiOa2suaZtuODhuODrOODk+ODluODq+ODvOODrOOCpOODh+OCo+OCueOCr+ODrOOCs+ODvOODgOODvOODh+OCuOOCv+ODq+S4gOecvOODrOODleOCq+ODoeODqeODh+OCuOOCv+ODq+OCq+ODoeODqeWutumbu+aZguioiOS4reWPpOOAgOOCveODleODiOOCouOCpuODiOODrOODg+ODiOS4reWPpOODjuODvOODiOODkeOCveOCs+ODs+S4reWPpOODkeOCveOCs+ODs+ODkeODiuOCveODi+ODg+OCr1JQLUhYNTUwLUsgKOacgOWkpzExLjFjaCBEVFPlr77lv5wg44K144Op44Km44Oz44OJ44OY44OD44OJ44Ob44OzL+ODluODqeODg+OCrykgKFJQSFg1NTAp,44OR44OK44K944OL44OD44KvUlAtSFg1NTAtSyAo5pyA5aSnMTEuMWNoIERUU+WvvuW/nCDjgrXjg6njgqbjg7Pjg4njg5jjg4Pjg4njg5vjg7Mv44OW44Op44OD44KvKSAoUlBIWDU1MCk=[rn]
18-38272,aHR0cDovL3RzaG9wLnIxMHMuanAvYWtpYmFtYWMvY2FiaW5ldC8wNTEwOTkxMC80OTcxMjc1MzU4NTIyLmpwZz9maXRpbj03MDA6NzAw,MTA1LjYwMDA=,,VFbjg7vjgqrjg7zjg4fjgqPjgqrjg7vjgqvjg6Hjg6kgPiDjgqrjg7zjg4fjgqPjgqogPiDjg5jjg4Pjg4njg5vjg7Pjg7vjgqTjg6Tjg5vjg7M=,44Kq44O844Og6Zu75qmf44Kk44Ok44Ob44Oz55So44Kz44O844OJ44Oq44O844Or77yI44Ob44Ov44Kk44OI77yJIEFVRC1QNTg1Mi1XIChBVURQNTg1Mlcp,,4peG44Kk44Ok44Ob44Oz44Kz44O844OJ44KS5qW944CF5be744GN5Y+W44KK44Kz44O844OJ44KS5L2/44GE44KE44GZ44GE6ZW344GV44Gr6Kq/5pW044Gn44GN44G+44GZ44CCPGJyPjxicj7il4bmnZDos6rjga/jgrfjg6rjgrPjg7PmqLnohILjgaflh7rmnaXjgabjgYrjgorjgb7jgZnjgII8YnI+PGJyPuKAu+OCpOODpOODm+ODs+OBr+S7mOWxnuOBl+OBpuOBiuOCiuOBvuOBm+OCk+OAgg==,44Kq44O844Og6Zu75qmf44Kk44Ok44Ob44Oz55So44Kz44O844OJ44Oq44O844Or77yI44Ob44Ov44Kk44OI77yJIEFVRC1QNTg1Mi1XIChBVURQNTg1Mlcp77ya44K944OV44Oe44OD44OX44CA44OH44K444K/44Or44Kz44Os44Kv44K344On44Oz,44K944OV44Oe44OD44OXIOODh+OCuOOCv+ODq+OCs+ODrOOCr+OCt+ODp+ODs1NvZm1hcCBEaWdpdGFsIENvbGxlY3Rpb27jg5Hjgr3jgrPjg7Pjgr/jg5bjg6zjg4Pjg4hQQ0hEROOCouOCu+ODs+ODluODquODkeODvOODhOODkeOCveOCs+ODs+ODkeODvOODhOODhuODrOODk+OCsuODvOODoOODluODq+ODvOODrOOCpOOCveODleODiERWROOCveODleODiOa2suaZtuODhuODrOODk+ODluODq+ODvOODrOOCpOODh+OCo+OCueOCr+ODrOOCs+ODvOODgOODvOODh+OCuOOCv+ODq+S4gOecvOODrOODleOCq+ODoeODqeODh+OCuOOCv+ODq+OCq+ODoeODqeWutumbu+aZguioiOS4reWPpOOAgOOCveODleODiOOCouOCpuODiOODrOODg+ODiOS4reWPpOODjuODvOODiOODkeOCveOCs+ODs+S4reWPpOODkeOCveOCs+ODs+OCquODvOODoOmbu+apn+OCpOODpOODm+ODs+eUqOOCs+ODvOODieODquODvOODq++8iOODm+ODr+OCpOODiO+8iSBBVUQtUDU4NTItVyAoQVVEUDU4NTJXKQ==,44Kq44O844Og6Zu75qmf44Kk44Ok44Ob44Oz55So44Kz44O844OJ44Oq44O844Or77yI44Ob44Ov44Kk44OI77yJIEFVRC1QNTg1Mi1XIChBVURQNTg1Mlcp[rn]
18-38273,aHR0cDovL3RzaG9wLnIxMHMuanAvYWtpYmFtYWMvY2FiaW5ldC8wNDcyMTcxMS80NTczMzExNTYwMTM3LmpwZz9maXRpbj03MDA6NzAw,NDQwMC4wMDAw,,VFbjg7vjgqrjg7zjg4fjgqPjgqrjg7vjgqvjg6Hjg6kgPiDjgqrjg7zjg4fjgqPjgqogPiDjg5jjg4Pjg4njg5vjg7Pjg7vjgqTjg6Tjg5vjg7M=,44CQ6YCB5paZ54Sh5paZ44CRVVBRUS1tdXNpYyBRRTEwIFFNVVNJQ1FFMTBCSyDjgqvjg4rjg6vlnovjgqTjg6Tjg5vjg7PvvIjjg5bjg6njg4Pjgq/vvIk=,,44Op44Oz44Gq44Gp44K544Od44O844OE55So6YCU44Gr5pyA6YGp44CC44Oq44Kx44O844OW44Or5a++5b+c6ICz5o6b44GR5byP44Kr44OK44Or5Z6L44Kk44Ok44Ob44Oz,44CQ6YCB5paZ54Sh5paZ44CRVVBRUS1tdXNpYyBRRTEwIFFNVVNJQ1FFMTBCSyDjgqvjg4rjg6vlnovjgqTjg6Tjg5vjg7PvvIjjg5bjg6njg4Pjgq/vvInvvJrjgr3jg5Xjg57jg4Pjg5fjgIDjg4fjgrjjgr/jg6vjgrPjg6zjgq/jgrfjg6fjg7M=,44K944OV44Oe44OD44OXIOODh+OCuOOCv+ODq+OCs+ODrOOCr+OCt+ODp+ODs1NvZm1hcCBEaWdpdGFsIENvbGxlY3Rpb27jg5Hjgr3jgrPjg7Pjgr/jg5bjg6zjg4Pjg4hQQ0hEROOCouOCu+ODs+ODluODquODkeODvOODhOODkeOCveOCs+ODs+ODkeODvOODhOODhuODrOODk+OCsuODvOODoOODluODq+ODvOODrOOCpOOCveODleODiERWROOCveODleODiOa2suaZtuODhuODrOODk+ODluODq+ODvOODrOOCpOODh+OCo+OCueOCr+ODrOOCs+ODvOODgOODvOODh+OCuOOCv+ODq+S4gOecvOODrOODleOCq+ODoeODqeODh+OCuOOCv+ODq+OCq+ODoeODqeWutumbu+aZguioiOS4reWPpOOAgOOCveODleODiOOCouOCpuODiOODrOODg+ODiOS4reWPpOODjuODvOODiOODkeOCveOCs+ODs+S4reWPpOODkeOCveOCs+ODs+OAkOmAgeaWmeeEoeaWmeOAkVVQUVEtbXVzaWMgUUUxMCBRTVVTSUNRRTEwQksg44Kr44OK44Or5Z6L44Kk44Ok44Ob44Oz77yI44OW44Op44OD44Kv77yJ,44CQ6YCB5paZ54Sh5paZ44CRVVBRUS1tdXNpYyBRRTEwIFFNVVNJQ1FFMTBCSyDjgqvjg4rjg6vlnovjgqTjg6Tjg5vjg7PvvIjjg5bjg6njg4Pjgq/vvIk=[rn]
18-38274,aHR0cDovL3RzaG9wLnIxMHMuanAvYWtpYmFtYWMvY2FiaW5ldC8wMzg5MjYxMy80OTY5OTI5MjI4NDM3LmpwZz9maXRpbj03MDA6NzAw,ODAwLjAwMDA=,,VFbjg7vjgqrjg7zjg4fjgqPjgqrjg7vjgqvjg6Hjg6kgPiDjgqrjg7zjg4fjgqPjgqogPiDjg5jjg4Pjg4njg5vjg7Pjg7vjgqTjg6Tjg5vjg7M=,Qk9TRSBFQVJUSVAgQlRILUwgTSjlt6bogLPnlKhTdGF5SGVhcuODgeODg+ODly9N44K144Kk44K6KSBFQVJUSVBCVEhMTQ==,,4oC75pys6KO95ZOB44GvQm9zZSBCbHVldG9vdGggaGVhZHNldCjlt6bogLPnlKgp5bCC55So44Gn44GZ44CC44Gd44Gu5LuW44Gu44OY44OD44OJ44Ob44Oz44Gr44Gv44GU5L2/55So44GE44Gf44Gg44GR44G+44Gb44KT44CC,Qk9TRSBFQVJUSVAgQlRILUwgTSjlt6bogLPnlKhTdGF5SGVhcuODgeODg+ODly9N44K144Kk44K6KSBFQVJUSVBCVEhMTe+8muOCveODleODnuODg+ODl+OAgOODh+OCuOOCv+ODq+OCs+ODrOOCr+OCt+ODp+ODsw==,44K944OV44Oe44OD44OXIOODh+OCuOOCv+ODq+OCs+ODrOOCr+OCt+ODp+ODs1NvZm1hcCBEaWdpdGFsIENvbGxlY3Rpb27jg5Hjgr3jgrPjg7Pjgr/jg5bjg6zjg4Pjg4hQQ0hEROOCouOCu+ODs+ODluODquODkeODvOODhOODkeOCveOCs+ODs+ODkeODvOODhOODhuODrOODk+OCsuODvOODoOODluODq+ODvOODrOOCpOOCveODleODiERWROOCveODleODiOa2suaZtuODhuODrOODk+ODluODq+ODvOODrOOCpOODh+OCo+OCueOCr+ODrOOCs+ODvOODgOODvOODh+OCuOOCv+ODq+S4gOecvOODrOODleOCq+ODoeODqeODh+OCuOOCv+ODq+OCq+ODoeODqeWutumbu+aZguioiOS4reWPpOOAgOOCveODleODiOOCouOCpuODiOODrOODg+ODiOS4reWPpOODjuODvOODiOODkeOCveOCs+ODs+S4reWPpOODkeOCveOCs+ODs0JPU0UgRUFSVElQIEJUSC1MIE0o5bem6ICz55SoU3RheUhlYXLjg4Hjg4Pjg5cvTeOCteOCpOOCuikgRUFSVElQQlRITE0=,Qk9TRSBFQVJUSVAgQlRILUwgTSjlt6bogLPnlKhTdGF5SGVhcuODgeODg+ODly9N44K144Kk44K6KSBFQVJUSVBCVEhMTQ==[rn]
18-38275,aHR0cDovL3RzaG9wLnIxMHMuanAvYWtpYmFtYWMvY2FiaW5ldC8wNTEwOTkxMC80NTE2MTEwMDE0ODQ1LmpwZz9maXRpbj03MDA6NzAw,MTQ0MDAuMDAwMA==,,VFbjg7vjgqrjg7zjg4fjgqPjgqrjg7vjgqvjg6Hjg6kgPiDjgqrjg7zjg4fjgqPjgqogPiDjg5jjg4Pjg4njg5vjg7Pjg7vjgqTjg6Tjg5vjg7M=,44CQ6YCB5paZ54Sh5paZ44CRT1JC44Oq44Kx44O844OW44OrIO+8iENVU1RPTSBJRU3nlKgvMS4ybe+8iSBDRi1DVVNUT00tSUVNMlBJTjMuNSAoQ0ZDVVNUT01JRU0yUElOKQ==,,4pag5b655bqV44GX44Gf44OO44Kk44K65a++562WPGJyPuWwjuS9k+OBq+e0lOWbveeUo+mrmOe0lOW6pumKhee3muOCkuS9v+eUqOOBmeOCi+OBk+OBqOOBq+OCiOOCiuOAgemfs+WjsOS/oeWPt+OBruS8nemBlOOBq+OBiuOBkeOCi+aKteaKl+OCkuaOkumZpOOBl+OAgeOCr+ODquOCouOBqumfs+izquOCkuWun+ePvuOBl+OBvuOBl+OBn+OAguOBvuOBn+OAgeW+ueW6leOBl+OBn+euoeeQhuOBruS4i+OAgeiHquekvuW3peWgtOOBq+OBpuaJi+S9nOalreOBp+S4ueW/teOBq+ijveS9nOOBl+OAgU9SQuODnuOCpOOCueOCv+ODvOOCr+ODqeODleODiOODnuODs+OBq+OCiOOCi+mrmOW6puOBquaKgOihk+OBp+WNiueUsOS7mOOBkeOCkuihjOOBo+OBpuOBhOOBvuOBmeOAguS8nemAgeODreOCueOCkualtemZkOOBvuOBp+aKkeOBiOOCi+OBk+OBqOOBp+OAgemrmOOBhFMvTuOAgeOCr+ODquOCouOBi+OBpOOCqOODjeODq+OCruODvOaEn+OBruOBguOCi+OCteOCpuODs+ODieOCkueUn+OBv+WHuuOBl+OBvuOBmeOAgjxicj48YnI+4pag576O44GX44GE5aSW6Kaz44Go6auY44GE6Z+z6LOq44Gu5Lih56uLPGJyPuOCquODvOODh+OCo+OCquOCsOODrOODvOODieOBrumrmOWTgeizquOBquerr+WtkOOCkuS9v+eUqOOBmeOCi+OBk+OBqOOBq+OCiOOCiuOAgee+juOBl+OBhOWkluims+OBqOmrmOOBhOmfs+izquOBruS4oeeri+OCkuWun+ePvuOBl+OBvuOBl+OBn+OAgjxicj48YnI+4pag44Kk44Ok44O844OP44Oz44Ks44O85LuY5bGePGJyPuOAjENsZWFyIGZvcmNlIEN1c3RvbSBJRU0gMnBpbuOAjeOBq+OBr+OAgeedgOiEseWPr+iDveOBquiAs+OBi+OBkeeUqOOCpOODpOODvOODj+ODs+OCrOODvOOBjOS7mOWxnuOBl+OBpuOBhOOBvuOBmeOAguOCpOODpOODm+ODs+OBjOiAs+OBi+OCieWkluOCjOOChOOBmeOBhOWgtOWQiOOAgeOCpOODpOODvOODj+ODs+OCrOODvOOCkuS9v+eUqOOBmeOCi+OBk+OBqOOBp+OCpOODpOODm+ODs+ijheedgOaZguOBruWuieWumuaAp+OBjOWQkeS4iuOBl+OBvuOBmeOAgjxicj48YnI+44CQ6KO95ZOB5LuV5qeY44CRPGJyPuKWoOW9ouW8j++8mkN1c3RvbSBJRU0gMnBpbueUqOODquOCseODvOODluODqyAzLjXPhlRSUy8z5qW177yIc3RlcmVv77yJ,44CQ6YCB5paZ54Sh5paZ44CRT1JC44Oq44Kx44O844OW44OrIO+8iENVU1RPTSBJRU3nlKgvMS4ybe+8iSBDRi1DVVNUT00tSUVNMlBJTjMuNSAoQ0ZDVVNUT01JRU0yUElOKe+8muOCveODleODnuODg+ODl+OAgOODh+OCuOOCv+ODq+OCs+ODrOOCr+OCt+ODp+ODsw==,44K944OV44Oe44OD44OXIOODh+OCuOOCv+ODq+OCs+ODrOOCr+OCt+ODp+ODs1NvZm1hcCBEaWdpdGFsIENvbGxlY3Rpb27jg5Hjgr3jgrPjg7Pjgr/jg5bjg6zjg4Pjg4hQQ0hEROOCouOCu+ODs+ODluODquODkeODvOODhOODkeOCveOCs+ODs+ODkeODvOODhOODhuODrOODk+OCsuODvOODoOODluODq+ODvOODrOOCpOOCveODleODiERWROOCveODleODiOa2suaZtuODhuODrOODk+ODluODq+ODvOODrOOCpOODh+OCo+OCueOCr+ODrOOCs+ODvOODgOODvOODh+OCuOOCv+ODq+S4gOecvOODrOODleOCq+ODoeODqeODh+OCuOOCv+ODq+OCq+ODoeODqeWutumbu+aZguioiOS4reWPpOOAgOOCveODleODiOOCouOCpuODiOODrOODg+ODiOS4reWPpOODjuODvOODiOODkeOCveOCs+ODs+S4reWPpOODkeOCveOCs+ODs+OAkOmAgeaWmeeEoeaWmeOAkU9SQuODquOCseODvOODluODqyDvvIhDVVNUT00gSUVN55SoLzEuMm3vvIkgQ0YtQ1VTVE9NLUlFTTJQSU4zLjUgKENGQ1VTVE9NSUVNMlBJTik=,44CQ6YCB5paZ54Sh5paZ44CRT1JC44Oq44Kx44O844OW44OrIO+8iENVU1RPTSBJRU3nlKgvMS4ybe+8iSBDRi1DVVNUT00tSUVNMlBJTjMuNSAoQ0ZDVVNUT01JRU0yUElOKQ==[rn]
18-38276,aHR0cDovL3RzaG9wLnIxMHMuanAvYWtpYmFtYWMvY2FiaW5ldC8wNTEwOTkxMC80NTQ4NzM2MDM3MzgwLmpwZz9maXRpbj03MDA6NzAw,NTMyNi40MDAw,,VFbjg7vjgqrjg7zjg4fjgqPjgqrjg7vjgqvjg6Hjg6kgPiDjgqrjg7zjg4fjgqPjgqogPiDjg5jjg4Pjg4njg5vjg7Pjg7vjgqTjg6Tjg5vjg7M=,44CQ6YCB5paZ54Sh5paZ44CR44K944OL44O844OW44Or44O844OI44Kl44O844K544Kk44Ok44Ob44Oz77y76Ziy5ru05LuV5qeY77y944Kr44OK44Or5Z6L77yI44Os44OD44OJ77yJIE1EUi1YQjUwQlNSWiAoTURSWEI1MEJTUlop,,4pag6Ziy5ru05a++5b+c44Gn5rGX44KE5rC044GX44G244GN44Gr44KC5a6J5b+DKElQWDQpIDxicj7ilqDjgqLjg7zjgq/jgrXjg53jg7zjgr/jg7zjgavjgojjgovpq5jjgYToo4XnnYDmgKc8YnI+4pag5pON5L2c44Oc44K/44Oz44Go44OP44Oz44K644OV44Oq44O86YCa6Kmx55So44Oe44Kk44Kv5YaF6JS1PGJyPjxicj7jgJDoo73lk4Hku5Xmp5jjgJE8YnI+77yc44OY44OD44OJ44Ob44Oz6YOo77yePGJyPuKWoOWei+W8j++8muWvhumWieODgOOCpOODiuODn+ODg+OCrzxicj7ilqDjg4njg6njgqTjg5Djg7zjg6bjg4vjg4Pjg4jvvJoxMm1tIOODieODvOODoOWeizxicj7ilqDlho3nlJ/lkajms6LmlbDluK/ln5/vvJo0SHotMjQwMDBIejxicj7ilqDos6rph4/vvJrntIQgMjIgZ++8iOOCouODvOOCr+OCteODneODvOOCv+ODvOWQq+OBvuOBmu+8ie+8nOODmOODg+ODieODm+ODs+mDqCjjgZ3jga7ku5Yp77yePGJyPuKWoOmbu+a6kO+8mkRDMy43ViA6IOWGheiUteWFhembu+W8j+ODquODgeOCpuODoOOCpOOCquODs+mbu+axoDxicj7ilqDlhYXpm7vmmYLplpPvvJrntIQyLjXmmYLplpM8YnI+4pag5YWF6Zu75pa55rOV77yaVVNC5YWF6Zu7PGJyPuKWoOmbu+axoOaMgee2muaZgumWk++8iOmAo+e2mumfs+WjsOWGjeeUn+aZgumWk++8ie+8muacgOWkpzguNeaZgumWkzxicj7ilqDku5jlsZ7lk4HvvJrjg57jgqTjgq/jg61VU0LjgrHjg7zjg5bjg6vjgIHjgqTjg6Tjg7zjg5Tjg7zjgrnjgIHkv53oqLzmm7jjgIHlj5bmibHoqqzmmI7mm7jjgIHjg6rjg5XjgqHjg6zjg7PjgrnjgqzjgqTjg4k8YnI+4pagQmx1ZXRvb3Ro77yaQmx1ZXRvb3Ro5qiZ5rqW6KaP5qC8IFZlci40LjE=,44CQ6YCB5paZ54Sh5paZ44CR44K944OL44O844OW44Or44O844OI44Kl44O844K544Kk44Ok44Ob44Oz77y76Ziy5ru05LuV5qeY77y944Kr44OK44Or5Z6L77yI44Os44OD44OJ77yJIE1EUi1YQjUwQlNSWiAoTURSWEI1MEJTUlop77ya44K944OV44Oe44OD44OX44CA44OH44K444K/44Or44Kz44Os44Kv44K344On44Oz,44K944OV44Oe44OD44OXIOODh+OCuOOCv+ODq+OCs+ODrOOCr+OCt+ODp+ODs1NvZm1hcCBEaWdpdGFsIENvbGxlY3Rpb27jg5Hjgr3jgrPjg7Pjgr/jg5bjg6zjg4Pjg4hQQ0hEROOCouOCu+ODs+ODluODquODkeODvOODhOODkeOCveOCs+ODs+ODkeODvOODhOODhuODrOODk+OCsuODvOODoOODluODq+ODvOODrOOCpOOCveODleODiERWROOCveODleODiOa2suaZtuODhuODrOODk+ODluODq+ODvOODrOOCpOODh+OCo+OCueOCr+ODrOOCs+ODvOODgOODvOODh+OCuOOCv+ODq+S4gOecvOODrOODleOCq+ODoeODqeODh+OCuOOCv+ODq+OCq+ODoeODqeWutumbu+aZguioiOS4reWPpOOAgOOCveODleODiOOCouOCpuODiOODrOODg+ODiOS4reWPpOODjuODvOODiOODkeOCveOCs+ODs+S4reWPpOODkeOCveOCs+ODs+OAkOmAgeaWmeeEoeaWmeOAkeOCveODi+ODvOODluODq+ODvOODiOOCpeODvOOCueOCpOODpOODm+ODs++8u+mYsua7tOS7leanmO+8veOCq+ODiuODq+Wei++8iOODrOODg+ODie+8iSBNRFItWEI1MEJTUlogKE1EUlhCNTBCU1JaKQ==,44CQ6YCB5paZ54Sh5paZ44CR44K944OL44O844OW44Or44O844OI44Kl44O844K544Kk44Ok44Ob44Oz77y76Ziy5ru05LuV5qeY77y944Kr44OK44Or5Z6L77yI44Os44OD44OJ77yJIE1EUi1YQjUwQlNSWiAoTURSWEI1MEJTUlop[rn]
18-38277,aHR0cDovL3RzaG9wLnIxMHMuanAvYWtpYmFtYWMvY2FiaW5ldC8wNDQ4NzUyNC84ODA2MTc0MDIxMzM3LmpwZz9maXRpbj03MDA6NzAw,MjgwOC4wMDAw,,VFbjg7vjgqrjg7zjg4fjgqPjgqrjg7vjgqvjg6Hjg6kgPiDjgqrjg7zjg4fjgqPjgqogPiDjg5jjg4Pjg4njg5vjg7Pjg7vjgqTjg6Tjg5vjg7M=,TVVJWCBJWDMwMDAtUkQo44Kr44OK44Or5Z6L44Kk44Ok44Ob44OzL+ODrOODg+ODiSkgKElYMzAwMFJEKQ==,,5YWF5a6f44Gu5YWD6Z+z44K144Km44Oz44OJ44KS5bGK44GR44KLSGktRmnjgqTjg6Tjg5vjg7PjgII=,TVVJWCBJWDMwMDAtUkQo44Kr44OK44Or5Z6L44Kk44Ok44Ob44OzL+ODrOODg+ODiSkgKElYMzAwMFJEKe+8muOCveODleODnuODg+ODl+OAgOODh+OCuOOCv+ODq+OCs+ODrOOCr+OCt+ODp+ODsw==,44K944OV44Oe44OD44OXIOODh+OCuOOCv+ODq+OCs+ODrOOCr+OCt+ODp+ODs1NvZm1hcCBEaWdpdGFsIENvbGxlY3Rpb27jg5Hjgr3jgrPjg7Pjgr/jg5bjg6zjg4Pjg4hQQ0hEROOCouOCu+ODs+ODluODquODkeODvOODhOODkeOCveOCs+ODs+ODkeODvOODhOODhuODrOODk+OCsuODvOODoOODluODq+ODvOODrOOCpOOCveODleODiERWROOCveODleODiOa2suaZtuODhuODrOODk+ODluODq+ODvOODrOOCpOODh+OCo+OCueOCr+ODrOOCs+ODvOODgOODvOODh+OCuOOCv+ODq+S4gOecvOODrOODleOCq+ODoeODqeODh+OCuOOCv+ODq+OCq+ODoeODqeWutumbu+aZguioiOS4reWPpOOAgOOCveODleODiOOCouOCpuODiOODrOODg+ODiOS4reWPpOODjuODvOODiOODkeOCveOCs+ODs+S4reWPpOODkeOCveOCs+ODs01VSVggSVgzMDAwLVJEKOOCq+ODiuODq+Wei+OCpOODpOODm+ODsy/jg6zjg4Pjg4kpIChJWDMwMDBSRCk=,TVVJWCBJWDMwMDAtUkQo44Kr44OK44Or5Z6L44Kk44Ok44Ob44OzL+ODrOODg+ODiSkgKElYMzAwMFJEKQ==[rn]
18-38278,aHR0cDovL3RzaG9wLnIxMHMuanAvYWtpYmFtYWMvY2FiaW5ldC8wMTc4OTgxNy80OTc1NzY5MzMwMTE3LmpwZz9maXRpbj03MDA6NzAw,MTU0OS42MDAw,,VFbjg7vjgqrjg7zjg4fjgqPjgqrjg7vjgqvjg6Hjg6kgPiDjgqrjg7zjg4fjgqPjgqogPiDjg5jjg4Pjg4njg5vjg7Pjg7vjgqTjg6Tjg5vjg7M=,44OT44Kv44K/44O8IOOCouODvOODoOODrOOCueODmOODg+ODieODm+ODsyDjg6rjg6/jgqTjg7Pjg4kgQmXvvIEo44Ks44Oz44Oh44K/44Oq44OD44KvJuODrOODg+ODiSkgSFAtQUwzMDItWlI=,,5a+G6ZaJ5Z6L44Kk44Ok44O844OR44OD44OJ5o6h55So44Gu44Kz44O844OJ6Ieq5YuV5be744GN5Y+W44KK44Ki44O844Og44Os44K544K/44Kk44OX5rCX44Gr44Gq44KL6Z+z5ryP44KM44KE5aSW6YOo6Z+z44KS5L2O5rib44GX44CB5b+r6YGp44Gq6KOF552A5oSf44KS5a6f54++44GX44G+44GZISHil4bjgIDjg4fjgrjjgr/jg6vjgqrjg7zjg4fjgqPjgqrjg5fjg6zjg7zjg6Tjg7znrYnjga7lho3nlJ/jgavpganjgZfjgZ/pq5jpn7Pos6rjg4njg6njgqTjg5Djg7zjg6bjg4vjg4Pjg4jjgpLmkK3ovInmlrDplovnmbrPhjMwbW3pq5jno4Hlipvjg43jgqrjgrjjgqbjg6Djg4njg6njgqTjg5Djg7zjg6bjg4vjg4Pjg4jmjqHnlKjjgavjgojjgorjgIHov6vlipvjga7ph43kvY7pn7Pjgafpq5jpn7Pos6rjgarjg4fjgrjjgr/jg6vjgrXjgqbjg7Pjg4nlho3nlJ/jgYzmpb3jgZfjgoHjgb7jgZnjgILil4bjgIDpn7PmvI/jgozvvIblpJbpg6jpn7Pjga7kvY7muJvlirnmnpzjgavlhKrjgozjgZ/lr4bplonlnovjgqLjg7zjg6Djg6zjgrnjg5jjg4Pjg4njg5vjg7PkvY7lj43nmbrjgqbjg6zjgr/jg7PmjqHnlKjjga7lr4bplonlnovjgqTjg6Tjg7zjg5Hjg4Pjg4njgajmlrDlvaLnirbjgqTjg6Tjg7zjg5Xjg4Pjgq/jgavjgojjgorogLPjgbjjga7lr4bnnYDmgKfjgpLpq5jjgoHjgIHmsJfjgavjgarjgovpn7PmvI/jgozjgoTlpJbpg6jpn7PjgpLmipHjgYjjgovjgajjgajjgoLjgavlv6vpganjgaroo4XnnYDmhJ/jgpLlrp/nj77jgZfjgb7jgZfjgZ/jgILil4bjgIDkvb/jgYTli53miYvjgavlhKrjgozjgZ/jgrPjg7zjg4noh6rli5Xlt7vjgY3lj5bjgormqZ/og73jgpLjg5Djg4PjgrDnrYnjgavjgZnjgaPjgY3jgorlj47ntI3jgafjgY3jgIHjgrPjg7zjg4njga7ntaHjgb7jgorjgpLpmLLmraLjgILjg5fjg6njgrDjgrPjg7zjg4nvvIgw772eMW3vvInjgajjg43jg4Pjgq/jgrPjg7zjg4nvvIgw772eMC41be+8ieOCkuWlveOBv+OBrumVt+OBleOBq+iqv+evgOOBp+OBjeOBvuOBmeOAguOBvuOBn+OAgeapn+WZqOOBq+aOpee2muOBl+OBn+OBvuOBvuOBp+OCguW3u+OBjeWPluOCiuWPr+iDveOBp+OBmeOAgg==,44OT44Kv44K/44O8IOOCouODvOODoOODrOOCueODmOODg+ODieODm+ODsyDjg6rjg6/jgqTjg7Pjg4kgQmXvvIEo44Ks44Oz44Oh44K/44Oq44OD44KvJmFtcDvjg6zjg4Pjg4kpIEhQLUFMMzAyLVpS77ya44K944OV44Oe44OD44OX44CA44OH44K444K/44Or44Kz44Os44Kv44K344On44Oz,44K944OV44Oe44OD44OXIOODh+OCuOOCv+ODq+OCs+ODrOOCr+OCt+ODp+ODs1NvZm1hcCBEaWdpdGFsIENvbGxlY3Rpb27jg5Hjgr3jgrPjg7Pjgr/jg5bjg6zjg4Pjg4hQQ0hEROOCouOCu+ODs+ODluODquODkeODvOODhOODkeOCveOCs+ODs+ODkeODvOODhOODhuODrOODk+OCsuODvOODoOODluODq+ODvOODrOOCpOOCveODleODiERWROOCveODleODiOa2suaZtuODhuODrOODk+ODluODq+ODvOODrOOCpOODh+OCo+OCueOCr+ODrOOCs+ODvOODgOODvOODh+OCuOOCv+ODq+S4gOecvOODrOODleOCq+ODoeODqeODh+OCuOOCv+ODq+OCq+ODoeODqeWutumbu+aZguioiOS4reWPpOOAgOOCveODleODiOOCouOCpuODiOODrOODg+ODiOS4reWPpOODjuODvOODiOODkeOCveOCs+ODs+S4reWPpOODkeOCveOCs+ODs+ODk+OCr+OCv+ODvCDjgqLjg7zjg6Djg6zjgrnjg5jjg4Pjg4njg5vjg7Mg44Oq44Ov44Kk44Oz44OJIEJl77yBKOOCrOODs+ODoeOCv+ODquODg+OCryZhbXA744Os44OD44OJKSBIUC1BTDMwMi1aUg==,44OT44Kv44K/44O8IOOCouODvOODoOODrOOCueODmOODg+ODieODm+ODsyDjg6rjg6/jgqTjg7Pjg4kgQmXvvIEo44Ks44Oz44Oh44K/44Oq44OD44KvJmFtcDvjg6zjg4Pjg4kpIEhQLUFMMzAyLVpS[rn]
18-38279,aHR0cDovL3RzaG9wLnIxMHMuanAvYWtpYmFtYWMvY2FiaW5ldC8wNTEwOTkxMC80OTUzMTAzMjg1Nzc0LmpwZz9maXRpbj03MDA6NzAw,NTkxMS4yMDAw,,VFbjg7vjgqrjg7zjg4fjgqPjgqrjg7vjgqvjg6Hjg6kgPiDjgqrjg7zjg4fjgqPjgqogPiDjg5jjg4Pjg4njg5vjg7Pjg7vjgqTjg6Tjg5vjg7M=,44CQ6YCB5paZ54Sh5paZ44CR44Ko44Os44Kz44OgQmx1ZXRvb3Ro5a++5b+c44Ov44Kk44Ok44Os44K544K544OG44Os44Kq44Kk44Ok44Ob44OzKOODluODqeODg+OCrykgTEJULUhQQzUwTVBCSyAoTEJUSFBDNTBNUEJLKQ==,,4peG6Iez6auY44Gu6KOF552A5oSf44KS5a6f54++44GX44GfQmx1ZXRvb3Ro44Ov44Kk44Ok44Os44K544K544OG44Os44Kq44Kk44Ok44Ob44OzPGJyPuODu+OCqOODq+OCtOODjuODn+ODg+OCr+ODh+OCtuOCpOODs+OBruiAs+OBi+OBkeOCueOCv+OCpOODq+OBp+iHs+mrmOOBruijheedgOaEn+OCkuWun+ePvuOBl+OBn0JsdWV0b290aOODr+OCpOODpOODrOOCueOCueODhuODrOOCquOCpOODpOODm+ODs+OBp+OBmeOAgjxicj48YnI+4peG44OJ44Op44Kk44OQ44Gu5Ye65Yqb44KS44GX44Gj44GL44KK44Go5Lyd6YGU44GZ44KL6Kit6KiIPGJyPuODu+OCpOODpOODm+ODs+mDqOWIhuOCkuiAs+OBruW9oueKtuOBq+WQiOOCj+OBm+OBpui2heWwj+Wei+OBq+ioreioiOOBl+OAgeijheedgOaEn+OBqOWvhumWieaAp+OCkuWQkeS4iuOBleOBm+OCi+OBk+OBqOOBp+OAgeODieODqeOCpOODkOOBruWHuuWKm+OCkuOBl+OBo+OBi+OCiuOBqOS8nemBlOOBl+OBvuOBmeOAgjxicj48YnI+4peG6ICz44GL44GR44K544K/44Kk44Or44Gn6Iez6auY44Gu6KOF552A5oSfPGJyPuODu+iNt+mHjeOCkuiAs+WFqOS9k+OBp+aUr+OBiOOAgemVt+aZgumWk+OBruijheedgOOBp+OCguOCueODiOODrOOCueOBq+OBquOCiuOBq+OBj+OBhOiAs+OBi+OBkeOCueOCv+OCpOODq+OCkuaOoeeUqOOBmeOCi+OBk+OBqOOBp+OAgeiHs+mrmOOBruijheedgOOCkuWun+ePvuOBl+OBpuOBhOOBvuOBmeOAgjxicj48YnI+4peG5Yqb5by344GP44Ov44Kk44OJ44Os44Oz44K444Gn44Kv44Oq44Ki44Gq6Z+z6LOq44KS5a6f54++PGJyPuODu+WkluejgeWei+ODgOOCpOODiuODn+ODg+OCr+ODieODqeOCpOODkOODvOKAnEVMRUNPTSBUb3J1cyBFeHRlcm5hbCBNYWduZXQgRHJpdmVyKOOCpOODvOODhuODoOODieODqeOCpOODkOODvCnigJ3jgpLmjqHnlKjjgZnjgovjgZPjgajjgafmjK/li5XlsI/lnovjgarjgYzjgonlipvlvLfjgY/jg6/jgqTjg4njg6zjg7Pjgrjjgafjgq/jg6rjgqLjgarpn7Pos6rjgpLlrp/nj77jgZfjgabjgYTjgb7jgZnjgII8YnI+PGJyPuKXhmFwdFjjgIFBQUPjgavjgoLlr77lv5w8YnI+44O76auY6Z+z6LOq44O75L2O6YGF5bu244Kz44O844OH44OD44KvYXB0WOOBq+WvvuW/nOOBl+OAgeWvvuW/nOOBruOCueODnuODvOODiOODleOCqeODs+OBquOBqeOBruODl+ODrOODvOODpOODvOOBqOaOpee2muOBmeOCi+OBqOOAgeOCiOOCiumrmOmfs+izquOBp+alveOBl+OCgeOBvuOBmeOAguOBleOCieOBq2lQaG9uZeOBp+acgOmBqeOBqumfs+alveiBtOWPluOCkuWun+ePvuOBmeOCi+mrmOmfs+izquOCs+ODvOODh+ODg+OCr0FBQ+OBq+OCguWvvuW/nOOBl+OBpuOBhOOBvuOBmeOAgjxicj48YnI+44CQ6KO95ZOB5LuV5qeY44CRPGJyPuKWoOmAmuS/oeaWueW8j++8mkJsdWV0b290aOaomea6luimj+agvCB2ZXJzaW9uNC4xPGJyPuKWoOacgOWkp+mAmuS/oei3nembou+8muimi+mAmuOBlyDntIQxMG08YnI+4pag5L2/55So5ZGo5rOi5pWw5biv5Z+f77yaMi40R0h65bivPGJyPuKWoOWkieiqv+aWueW8j++8mkZIU1Mo5ZGo5rOi5pWw44Ob44OD44OU44Oz44Kw5pa55byP44K544Oa44Kv44OI44Op44Og5ouh5pWjKTxicj7ilqDlr77lv5xCbHVldG9vdGjjg5fjg63jg5XjgqHjgqTjg6vvvJpIRlAsIEhTUCwgQTJEUCwgQVZSQ1A8YnI+4pag6YCj57aa5YaN55Sf5pyA5aSn5pmC6ZaT77ya57SEOC4w5pmC6ZaTPGJyPuKWoOmAo+e2mumAmuipseacgOWkp+aZgumWk++8mue0hDguNeaZgumWkzxicj7ilqDpgKPntprlvoXlj5fmnIDlpKfmmYLplpPvvJrntIQyNTDmmYLplpM8YnI+4pag5YWF6Zu75pmC6ZaT77ya57SEMuaZgumWkzxicj7ilqDlpJblvaLlr7jms5Uo5bmFw5flpaXooYzjgY3Dl+mrmOOBlSnvvJrjg6rjg6LjgrPjg7Ppg6g6OC41w5c2w5c0MS41bW0o56qB6LW36YOo6Zmk44GPKeOAgeOCpOODpOODm+ODs+mDqCjniYfogLMpOue0hDIwWDIxWDIwbW0o44Kz44O844OJ5ZCr44G+44GaKeOAgeOCseODvOODluODq+mVtzrntIQ1MGNtPGJyPuKWoOizqumHj++8mue0hDE2Zzxicj7ilqDku5jlsZ7lk4HvvJpVU0LlhYXpm7vjgrHjg7zjg5bjg6vjgIHjgqTjg6Tjg7zjg5Tjg7zjgrkoWFMvUy9NL0wp5ZCEMee1hOOAgeWPluaJseiqrOaYjuabuCjkv53oqLzmm7jku5jjgY0p44CB44Od44O844OB,44CQ6YCB5paZ54Sh5paZ44CR44Ko44Os44Kz44OgQmx1ZXRvb3Ro5a++5b+c44Ov44Kk44Ok44Os44K544K544OG44Os44Kq44Kk44Ok44Ob44OzKOODluODqeODg+OCrykgTEJULUhQQzUwTVBCSyAoTEJUSFBDNTBNUEJLKe+8muOCveODleODnuODg+ODl+OAgOODh+OCuOOCv+ODq+OCs+ODrOOCr+OCt+ODp+ODsw==,44K944OV44Oe44OD44OXIOODh+OCuOOCv+ODq+OCs+ODrOOCr+OCt+ODp+ODs1NvZm1hcCBEaWdpdGFsIENvbGxlY3Rpb27jg5Hjgr3jgrPjg7Pjgr/jg5bjg6zjg4Pjg4hQQ0hEROOCouOCu+ODs+ODluODquODkeODvOODhOODkeOCveOCs+ODs+ODkeODvOODhOODhuODrOODk+OCsuODvOODoOODluODq+ODvOODrOOCpOOCveODleODiERWROOCveODleODiOa2suaZtuODhuODrOODk+ODluODq+ODvOODrOOCpOODh+OCo+OCueOCr+ODrOOCs+ODvOODgOODvOODh+OCuOOCv+ODq+S4gOecvOODrOODleOCq+ODoeODqeODh+OCuOOCv+ODq+OCq+ODoeODqeWutumbu+aZguioiOS4reWPpOOAgOOCveODleODiOOCouOCpuODiOODrOODg+ODiOS4reWPpOODjuODvOODiOODkeOCveOCs+ODs+S4reWPpOODkeOCveOCs+ODs+OAkOmAgeaWmeeEoeaWmeOAkeOCqOODrOOCs+ODoEJsdWV0b290aOWvvuW/nOODr+OCpOODpOODrOOCueOCueODhuODrOOCquOCpOODpOODm+ODsyjjg5bjg6njg4Pjgq8pIExCVC1IUEM1ME1QQksgKExCVEhQQzUwTVBCSyk=,44CQ6YCB5paZ54Sh5paZ44CR44Ko44Os44Kz44OgQmx1ZXRvb3Ro5a++5b+c44Ov44Kk44Ok44Os44K544K544OG44Os44Kq44Kk44Ok44Ob44OzKOODluODqeODg+OCrykgTEJULUhQQzUwTVBCSyAoTEJUSFBDNTBNUEJLKQ==[rn]
18-38280,aHR0cDovL3RzaG9wLnIxMHMuanAvYWtpYmFtYWMvY2FiaW5ldC8wNDQ0MTE0MS80NTcxNDA4MzIxMTI4LmpwZz9maXRpbj03MDA6NzAw,MzA1MDQuMDAwMA==,,VFbjg7vjgqrjg7zjg4fjgqPjgqrjg7vjgqvjg6Hjg6kgPiDjgqrjg7zjg4fjgqPjgqogPiDjg5jjg4Pjg4njg5vjg7Pjg7vjgqTjg6Tjg5vjg7M=,44CQ6YCB5paZ54Sh5paZ44CRV2lyZSBXb3JsZCjjg6/jgqTjg6Tjg7zjg6/jg7zjg6vjg4kpRXF1aW5veCA3IFJDQeOCseODvOODluODqygyLjBtKSBFUUk3UkNBLzIuMG0gKEVRSTdSQ0EyLjBNKQ==,,5bCO5L2T44GrRWNsaXBzZeOBqOWQjOOBmOOBj+e0lOW6pjk5Ljk5OTklICg2Tinjga5PQ0MgQ29wcGVy77yI6auY57SU5bqm6YqF77yJ44KS5o6h55So44CC,44CQ6YCB5paZ54Sh5paZ44CRV2lyZSBXb3JsZCjjg6/jgqTjg6Tjg7zjg6/jg7zjg6vjg4kpRXF1aW5veCA3IFJDQeOCseODvOODluODqygyLjBtKSBFUUk3UkNBLzIuMG0gKEVRSTdSQ0EyLjBNKe+8muOCveODleODnuODg+ODl+OAgOODh+OCuOOCv+ODq+OCs+ODrOOCr+OCt+ODp+ODsw==,44K944OV44Oe44OD44OXIOODh+OCuOOCv+ODq+OCs+ODrOOCr+OCt+ODp+ODs1NvZm1hcCBEaWdpdGFsIENvbGxlY3Rpb27jg5Hjgr3jgrPjg7Pjgr/jg5bjg6zjg4Pjg4hQQ0hEROOCouOCu+ODs+ODluODquODkeODvOODhOODkeOCveOCs+ODs+ODkeODvOODhOODhuODrOODk+OCsuODvOODoOODluODq+ODvOODrOOCpOOCveODleODiERWROOCveODleODiOa2suaZtuODhuODrOODk+ODluODq+ODvOODrOOCpOODh+OCo+OCueOCr+ODrOOCs+ODvOODgOODvOODh+OCuOOCv+ODq+S4gOecvOODrOODleOCq+ODoeODqeODh+OCuOOCv+ODq+OCq+ODoeODqeWutumbu+aZguioiOS4reWPpOOAgOOCveODleODiOOCouOCpuODiOODrOODg+ODiOS4reWPpOODjuODvOODiOODkeOCveOCs+ODs+S4reWPpOODkeOCveOCs+ODs+OAkOmAgeaWmeeEoeaWmeOAkVdpcmUgV29ybGQo44Ov44Kk44Ok44O844Ov44O844Or44OJKUVxdWlub3ggNyBSQ0HjgrHjg7zjg5bjg6soMi4wbSkgRVFJN1JDQS8yLjBtIChFUUk3UkNBMi4wTSk=,44CQ6YCB5paZ54Sh5paZ44CRV2lyZSBXb3JsZCjjg6/jgqTjg6Tjg7zjg6/jg7zjg6vjg4kpRXF1aW5veCA3IFJDQeOCseODvOODluODqygyLjBtKSBFUUk3UkNBLzIuMG0gKEVRSTdSQ0EyLjBNKQ==[rn]
18-38281,aHR0cDovL3RzaG9wLnIxMHMuanAvYWtpYmFtYWMvY2FiaW5ldC8wNDQ0MTE0MS80NTcxNDA4MzIxMDM2LmpwZz9maXRpbj03MDA6NzAw,NDQ3MDQuMDAwMA==,,VFbjg7vjgqrjg7zjg4fjgqPjgqrjg7vjgqvjg6Hjg6kgPiDjgqrjg7zjg4fjgqPjgqogPiDjg5jjg4Pjg4njg5vjg7Pjg7vjgqTjg6Tjg5vjg7M=,44CQ6YCB5paZ54Sh5paZ44CRV2lyZSBXb3JsZCjjg6/jgqTjg6Tjg7zjg6/jg7zjg6vjg4kpRWNsaXBzZSA3IFJDQeOCseODvOODluODqygxLjVtKSBFQ0k3UkNBLzEuNW0gKEVDSTdSQ0ExLjVNKQ==,,5bCO5L2T44Gr57SU5bqmOTkuOTk5OSUgKDZOKeOBrk9DQyBDb3BwZXIg77yI6auY57SU5bqm6YqF77yJ44KS5o6h55So44GX44CB5LiK5L2N44GuRWNsaXNwZeOCseODvOODluODq+OBq+i/q+OCi+a0l+e3tOOBleOCjOOBn+OCteOCpuODs+ODieOCkuWun+ePvuOBl+OBvuOBmeOAgg==,44CQ6YCB5paZ54Sh5paZ44CRV2lyZSBXb3JsZCjjg6/jgqTjg6Tjg7zjg6/jg7zjg6vjg4kpRWNsaXBzZSA3IFJDQeOCseODvOODluODqygxLjVtKSBFQ0k3UkNBLzEuNW0gKEVDSTdSQ0ExLjVNKe+8muOCveODleODnuODg+ODl+OAgOODh+OCuOOCv+ODq+OCs+ODrOOCr+OCt+ODp+ODsw==,44K944OV44Oe44OD44OXIOODh+OCuOOCv+ODq+OCs+ODrOOCr+OCt+ODp+ODs1NvZm1hcCBEaWdpdGFsIENvbGxlY3Rpb27jg5Hjgr3jgrPjg7Pjgr/jg5bjg6zjg4Pjg4hQQ0hEROOCouOCu+ODs+ODluODquODkeODvOODhOODkeOCveOCs+ODs+ODkeODvOODhOODhuODrOODk+OCsuODvOODoOODluODq+ODvOODrOOCpOOCveODleODiERWROOCveODleODiOa2suaZtuODhuODrOODk+ODluODq+ODvOODrOOCpOODh+OCo+OCueOCr+ODrOOCs+ODvOODgOODvOODh+OCuOOCv+ODq+S4gOecvOODrOODleOCq+ODoeODqeODh+OCuOOCv+ODq+OCq+ODoeODqeWutumbu+aZguioiOS4reWPpOOAgOOCveODleODiOOCouOCpuODiOODrOODg+ODiOS4reWPpOODjuODvOODiOODkeOCveOCs+ODs+S4reWPpOODkeOCveOCs+ODs+OAkOmAgeaWmeeEoeaWmeOAkVdpcmUgV29ybGQo44Ov44Kk44Ok44O844Ov44O844Or44OJKUVjbGlwc2UgNyBSQ0HjgrHjg7zjg5bjg6soMS41bSkgRUNJN1JDQS8xLjVtIChFQ0k3UkNBMS41TSk=,44CQ6YCB5paZ54Sh5paZ44CRV2lyZSBXb3JsZCjjg6/jgqTjg6Tjg7zjg6/jg7zjg6vjg4kpRWNsaXBzZSA3IFJDQeOCseODvOODluODqygxLjVtKSBFQ0k3UkNBLzEuNW0gKEVDSTdSQ0ExLjVNKQ==[rn]
18-38282,aHR0cDovL3RzaG9wLnIxMHMuanAvYWtpYmFtYWMvY2FiaW5ldC8wMzg5MjYxMy80OTc1NzY5MjQ3NTIxLmpwZz9maXRpbj03MDA6NzAw,Nzc4LjQwMDA=,,VFbjg7vjgqrjg7zjg4fjgqPjgqrjg7vjgqvjg6Hjg6kgPiDjgqrjg7zjg4fjgqPjgqogPiDjg5jjg4Pjg4njg5vjg7Pjg7vjgqTjg6Tjg5vjg7M=,SlZD44Kx44Oz44Km44OD44OJIOODhuODrOODk+eUqCDjg6Ljg47jg6njg6vjg5XjgqPjg4Pjg4jjg5vjg7Mo5bem6ICz5bCC55SoKSAzLjBt44Kz44O844OJIFRQLTVM,,44OA44Kk44OK44Of44OD44Kv5Z6L44OJ44Op44Kk44OQ44O844Om44OL44OD44OI5o6h55So44Gu6auY6Z+z6LOq44K/44Kk44OX44Gu44OG44Os44OT55So44Gu44Oi44OO44Op44Or44OV44Kj44OD44OI44Ob44Oz5bem6ICz55So44Gn44GZ44CC,SlZD44Kx44Oz44Km44OD44OJIOODhuODrOODk+eUqCDjg6Ljg47jg6njg6vjg5XjgqPjg4Pjg4jjg5vjg7Mo5bem6ICz5bCC55SoKSAzLjBt44Kz44O844OJIFRQLTVM77ya44K944OV44Oe44OD44OX44CA44OH44K444K/44Or44Kz44Os44Kv44K344On44Oz,44K944OV44Oe44OD44OXIOODh+OCuOOCv+ODq+OCs+ODrOOCr+OCt+ODp+ODs1NvZm1hcCBEaWdpdGFsIENvbGxlY3Rpb27jg5Hjgr3jgrPjg7Pjgr/jg5bjg6zjg4Pjg4hQQ0hEROOCouOCu+ODs+ODluODquODkeODvOODhOODkeOCveOCs+ODs+ODkeODvOODhOODhuODrOODk+OCsuODvOODoOODluODq+ODvOODrOOCpOOCveODleODiERWROOCveODleODiOa2suaZtuODhuODrOODk+ODluODq+ODvOODrOOCpOODh+OCo+OCueOCr+ODrOOCs+ODvOODgOODvOODh+OCuOOCv+ODq+S4gOecvOODrOODleOCq+ODoeODqeODh+OCuOOCv+ODq+OCq+ODoeODqeWutumbu+aZguioiOS4reWPpOOAgOOCveODleODiOOCouOCpuODiOODrOODg+ODiOS4reWPpOODjuODvOODiOODkeOCveOCs+ODs+S4reWPpOODkeOCveOCs+ODs0pWQ+OCseODs+OCpuODg+ODiSDjg4bjg6zjg5PnlKgg44Oi44OO44Op44Or44OV44Kj44OD44OI44Ob44OzKOW3puiAs+WwgueUqCkgMy4wbeOCs+ODvOODiSBUUC01TA==,SlZD44Kx44Oz44Km44OD44OJIOODhuODrOODk+eUqCDjg6Ljg47jg6njg6vjg5XjgqPjg4Pjg4jjg5vjg7Mo5bem6ICz5bCC55SoKSAzLjBt44Kz44O844OJIFRQLTVM[rn]
18-38283,aHR0cDovL3RzaG9wLnIxMHMuanAvYWtpYmFtYWMvY2FiaW5ldC8wMzg5MjYxMy80OTYxMzEwMTE2MTcwLmpwZz9maXRpbj03MDA6NzAw,MTIwOC4wMDAw,,VFbjg7vjgqrjg7zjg4fjgqPjgqrjg7vjgqvjg6Hjg6kgPiDjgqrjg7zjg4fjgqPjgqogPiDjg5jjg4Pjg4njg5vjg7Pjg7vjgqTjg6Tjg5vjg7M=,44Kq44O844OH44Kj44Kq44OG44Kv44OL44KrICBBVEgtQzM3MVRWKOODhuODrOODk+eUqCkgKEFUSEMzNzFUVik=,,5pON5L2c44GX44KE44GZ44GE5aSn44GN44KB44K144Kk44K644Gu44Kz44Oz44OI44Ot44O844Op44O85pCt6LyJ44CC6ICz44Gr5YSq44GX44GP5L2/44GE44KE44GZ44GE6auY6Z+z6LOq44OY44OD44OJ44Ob44Oz,44Kq44O844OH44Kj44Kq44OG44Kv44OL44KrICBBVEgtQzM3MVRWKOODhuODrOODk+eUqCkgKEFUSEMzNzFUVinvvJrjgr3jg5Xjg57jg4Pjg5fjgIDjg4fjgrjjgr/jg6vjgrPjg6zjgq/jgrfjg6fjg7M=,44K944OV44Oe44OD44OXIOODh+OCuOOCv+ODq+OCs+ODrOOCr+OCt+ODp+ODs1NvZm1hcCBEaWdpdGFsIENvbGxlY3Rpb27jg5Hjgr3jgrPjg7Pjgr/jg5bjg6zjg4Pjg4hQQ0hEROOCouOCu+ODs+ODluODquODkeODvOODhOODkeOCveOCs+ODs+ODkeODvOODhOODhuODrOODk+OCsuODvOODoOODluODq+ODvOODrOOCpOOCveODleODiERWROOCveODleODiOa2suaZtuODhuODrOODk+ODluODq+ODvOODrOOCpOODh+OCo+OCueOCr+ODrOOCs+ODvOODgOODvOODh+OCuOOCv+ODq+S4gOecvOODrOODleOCq+ODoeODqeODh+OCuOOCv+ODq+OCq+ODoeODqeWutumbu+aZguioiOS4reWPpOOAgOOCveODleODiOOCouOCpuODiOODrOODg+ODiOS4reWPpOODjuODvOODiOODkeOCveOCs+ODs+S4reWPpOODkeOCveOCs+ODs+OCquODvOODh+OCo+OCquODhuOCr+ODi+OCqyAgQVRILUMzNzFUVijjg4bjg6zjg5PnlKgpIChBVEhDMzcxVFYp,44Kq44O844OH44Kj44Kq44OG44Kv44OL44KrICBBVEgtQzM3MVRWKOODhuODrOODk+eUqCkgKEFUSEMzNzFUVik=[rn]
18-38284,aHR0cDovL3RzaG9wLnIxMHMuanAvYWtpYmFtYWMvY2FiaW5ldC8wMzg5MjYxMy80OTc1NzY5MjQ3NTM4LmpwZz9maXRpbj03MDA6NzAw,Nzc4LjQwMDA=,,VFbjg7vjgqrjg7zjg4fjgqPjgqrjg7vjgqvjg6Hjg6kgPiDjgqrjg7zjg4fjgqPjgqogPiDjg5jjg4Pjg4njg5vjg7Pjg7vjgqTjg6Tjg5vjg7M=,SlZD44Kx44Oz44Km44OD44OJIOODhuODrOODk+eUqCDjg6Ljg47jg6njg6vjg5XjgqPjg4Pjg4jjg5vjg7Mo5Y+z6ICz5bCC55SoKSAzLjBt44Kz44O844OJIFRQLTVS,,44OA44Kk44OK44Of44OD44Kv5Z6L44OJ44Op44Kk44OQ44O844Om44OL44OD44OI5o6h55So44Gu6auY6Z+z6LOq44K/44Kk44OX44Gu44OG44Os44OT55So44Gu44Oi44OO44Op44Or44OV44Kj44OD44OI44Ob44Oz5Y+z6ICz55So44Gn44GZ44CC,SlZD44Kx44Oz44Km44OD44OJIOODhuODrOODk+eUqCDjg6Ljg47jg6njg6vjg5XjgqPjg4Pjg4jjg5vjg7Mo5Y+z6ICz5bCC55SoKSAzLjBt44Kz44O844OJIFRQLTVS77ya44K944OV44Oe44OD44OX44CA44OH44K444K/44Or44Kz44Os44Kv44K344On44Oz,44K944OV44Oe44OD44OXIOODh+OCuOOCv+ODq+OCs+ODrOOCr+OCt+ODp+ODs1NvZm1hcCBEaWdpdGFsIENvbGxlY3Rpb27jg5Hjgr3jgrPjg7Pjgr/jg5bjg6zjg4Pjg4hQQ0hEROOCouOCu+ODs+ODluODquODkeODvOODhOODkeOCveOCs+ODs+ODkeODvOODhOODhuODrOODk+OCsuODvOODoOODluODq+ODvOODrOOCpOOCveODleODiERWROOCveODleODiOa2suaZtuODhuODrOODk+ODluODq+ODvOODrOOCpOODh+OCo+OCueOCr+ODrOOCs+ODvOODgOODvOODh+OCuOOCv+ODq+S4gOecvOODrOODleOCq+ODoeODqeODh+OCuOOCv+ODq+OCq+ODoeODqeWutumbu+aZguioiOS4reWPpOOAgOOCveODleODiOOCouOCpuODiOODrOODg+ODiOS4reWPpOODjuODvOODiOODkeOCveOCs+ODs+S4reWPpOODkeOCveOCs+ODs0pWQ+OCseODs+OCpuODg+ODiSDjg4bjg6zjg5PnlKgg44Oi44OO44Op44Or44OV44Kj44OD44OI44Ob44OzKOWPs+iAs+WwgueUqCkgMy4wbeOCs+ODvOODiSBUUC01Ug==,SlZD44Kx44Oz44Km44OD44OJIOODhuODrOODk+eUqCDjg6Ljg47jg6njg6vjg5XjgqPjg4Pjg4jjg5vjg7Mo5Y+z6ICz5bCC55SoKSAzLjBt44Kz44O844OJIFRQLTVS[rn]
18-38285,aHR0cDovL3RzaG9wLnIxMHMuanAvYWtpYmFtYWMvY2FiaW5ldC8wMzg5MjYxMy80OTYxMzEwMTE2MTYzLmpwZz9maXRpbj03MDA6NzAw,MTEzMy42MDAw,,VFbjg7vjgqrjg7zjg4fjgqPjgqrjg7vjgqvjg6Hjg6kgPiDjgqrjg7zjg4fjgqPjgqogPiDjg5jjg4Pjg4njg5vjg7Pjg7vjgqTjg6Tjg5vjg7M=,44Kq44O844OH44Kj44Kq44OG44Kv44OL44KrICBBVEgtQ0syNTFUVijjg4bjg6zjg5PnlKgpIChBVEhDSzI1MVRWKQ==,,44OG44Os44OT6Z+z6YeP44KS5omL5YWD44Gn6Kq/5pW05Y+v6IO944CC6Z+z5ryP44KM44GX44Gr44GP44GE6auY6Z+z6LOq44OY44OD44OJ44Ob44Oz,44Kq44O844OH44Kj44Kq44OG44Kv44OL44KrICBBVEgtQ0syNTFUVijjg4bjg6zjg5PnlKgpIChBVEhDSzI1MVRWKe+8muOCveODleODnuODg+ODl+OAgOODh+OCuOOCv+ODq+OCs+ODrOOCr+OCt+ODp+ODsw==,44K944OV44Oe44OD44OXIOODh+OCuOOCv+ODq+OCs+ODrOOCr+OCt+ODp+ODs1NvZm1hcCBEaWdpdGFsIENvbGxlY3Rpb27jg5Hjgr3jgrPjg7Pjgr/jg5bjg6zjg4Pjg4hQQ0hEROOCouOCu+ODs+ODluODquODkeODvOODhOODkeOCveOCs+ODs+ODkeODvOODhOODhuODrOODk+OCsuODvOODoOODluODq+ODvOODrOOCpOOCveODleODiERWROOCveODleODiOa2suaZtuODhuODrOODk+ODluODq+ODvOODrOOCpOODh+OCo+OCueOCr+ODrOOCs+ODvOODgOODvOODh+OCuOOCv+ODq+S4gOecvOODrOODleOCq+ODoeODqeODh+OCuOOCv+ODq+OCq+ODoeODqeWutumbu+aZguioiOS4reWPpOOAgOOCveODleODiOOCouOCpuODiOODrOODg+ODiOS4reWPpOODjuODvOODiOODkeOCveOCs+ODs+S4reWPpOODkeOCveOCs+ODs+OCquODvOODh+OCo+OCquODhuOCr+ODi+OCqyAgQVRILUNLMjUxVFYo44OG44Os44OT55SoKSAoQVRIQ0syNTFUVik=,44Kq44O844OH44Kj44Kq44OG44Kv44OL44KrICBBVEgtQ0syNTFUVijjg4bjg6zjg5PnlKgpIChBVEhDSzI1MVRWKQ==[rn]
18-38286,aHR0cDovL3RzaG9wLnIxMHMuanAvYWtpYmFtYWMvY2FiaW5ldC8wMzg5MjYxMy80OTc1NzY5MDc0OTUwLmpwZz9maXRpbj03MDA6NzAw,ODAwLjAwMDA=,,VFbjg7vjgqrjg7zjg4fjgqPjgqrjg7vjgqvjg6Hjg6kgPiDjgqrjg7zjg4fjgqPjgqogPiDjg5jjg4Pjg4njg5vjg7Pjg7vjgqTjg6Tjg5vjg7M=,SlZD44Kx44Oz44Km44OD44OJIOODhuODrOODk+eUqCDjg6Ljg47jg6njg6vjgqTjg6Tjg5vjg7MgM23jgrPjg7zjg4kgTVItNTVW,,5omL5YWD44Gn6Z+z6YeP6Kq/56+A44GM44Gn44GN44KL44Oc44Oq44Ol44O844Og5LuY44Gu44OG44Os44OT55So44Oi44OO44Op44Or44Kk44Ok44Ob44Oz44Gn44GZ44CC,SlZD44Kx44Oz44Km44OD44OJIOODhuODrOODk+eUqCDjg6Ljg47jg6njg6vjgqTjg6Tjg5vjg7MgM23jgrPjg7zjg4kgTVItNTVW77ya44K944OV44Oe44OD44OX44CA44OH44K444K/44Or44Kz44Os44Kv44K344On44Oz,44K944OV44Oe44OD44OXIOODh+OCuOOCv+ODq+OCs+ODrOOCr+OCt+ODp+ODs1NvZm1hcCBEaWdpdGFsIENvbGxlY3Rpb27jg5Hjgr3jgrPjg7Pjgr/jg5bjg6zjg4Pjg4hQQ0hEROOCouOCu+ODs+ODluODquODkeODvOODhOODkeOCveOCs+ODs+ODkeODvOODhOODhuODrOODk+OCsuODvOODoOODluODq+ODvOODrOOCpOOCveODleODiERWROOCveODleODiOa2suaZtuODhuODrOODk+ODluODq+ODvOODrOOCpOODh+OCo+OCueOCr+ODrOOCs+ODvOODgOODvOODh+OCuOOCv+ODq+S4gOecvOODrOODleOCq+ODoeODqeODh+OCuOOCv+ODq+OCq+ODoeODqeWutumbu+aZguioiOS4reWPpOOAgOOCveODleODiOOCouOCpuODiOODrOODg+ODiOS4reWPpOODjuODvOODiOODkeOCveOCs+ODs+S4reWPpOODkeOCveOCs+ODs0pWQ+OCseODs+OCpuODg+ODiSDjg4bjg6zjg5PnlKgg44Oi44OO44Op44Or44Kk44Ok44Ob44OzIDNt44Kz44O844OJIE1SLTU1Vg==,SlZD44Kx44Oz44Km44OD44OJIOODhuODrOODk+eUqCDjg6Ljg47jg6njg6vjgqTjg6Tjg5vjg7MgM23jgrPjg7zjg4kgTVItNTVW[rn]
18-38287,aHR0cDovL3RzaG9wLnIxMHMuanAvYWtpYmFtYWMvY2FiaW5ldC8wNTI4NjY5My80OTc1NzY5NDQ2MTIyLmpwZz9maXRpbj03MDA6NzAw,MTAzMDQuMDAwMA==,,VFbjg7vjgqrjg7zjg4fjgqPjgqrjg7vjgqvjg6Hjg6kgPiDjgqrjg7zjg4fjgqPjgqogPiDjg5jjg4Pjg4njg5vjg7Pjg7vjgqTjg6Tjg5vjg7M=,44CQ6YCB5paZ54Sh5paZ44CRSlZD44Kx44Oz44Km44OD44OJIFRW55SoIOODr+OCpOODpOODrOOCueODmOODg+ODieODm+ODsyBIQS1XRDEwMEIgKEhBV0QxMDBCKQ==,,44Kz44O844OJ44KS5rCX44Gr44Gb44Ga5b+r6YGp44Gr6auY6Z+z6LOq44K144Km44Oz44OJ44KS5qW944GX44KB44KL44OH44K444K/44Or44Ov44Kk44Ok44Os44K544OY44OD44OJ44Ob44Oz,44CQ6YCB5paZ54Sh5paZ44CRSlZD44Kx44Oz44Km44OD44OJIFRW55SoIOODr+OCpOODpOODrOOCueODmOODg+ODieODm+ODsyBIQS1XRDEwMEIgKEhBV0QxMDBCKe+8muOCveODleODnuODg+ODl+OAgOODh+OCuOOCv+ODq+OCs+ODrOOCr+OCt+ODp+ODsw==,44K944OV44Oe44OD44OXIOODh+OCuOOCv+ODq+OCs+ODrOOCr+OCt+ODp+ODs1NvZm1hcCBEaWdpdGFsIENvbGxlY3Rpb27jg5Hjgr3jgrPjg7Pjgr/jg5bjg6zjg4Pjg4hQQ0hEROOCouOCu+ODs+ODluODquODkeODvOODhOODkeOCveOCs+ODs+ODkeODvOODhOODhuODrOODk+OCsuODvOODoOODluODq+ODvOODrOOCpOOCveODleODiERWROOCveODleODiOa2suaZtuODhuODrOODk+ODluODq+ODvOODrOOCpOODh+OCo+OCueOCr+ODrOOCs+ODvOODgOODvOODh+OCuOOCv+ODq+S4gOecvOODrOODleOCq+ODoeODqeODh+OCuOOCv+ODq+OCq+ODoeODqeWutumbu+aZguioiOS4reWPpOOAgOOCveODleODiOOCouOCpuODiOODrOODg+ODiOS4reWPpOODjuODvOODiOODkeOCveOCs+ODs+S4reWPpOODkeOCveOCs+ODs+OAkOmAgeaWmeeEoeaWmeOAkUpWQ+OCseODs+OCpuODg+ODiSBUVueUqCDjg6/jgqTjg6Tjg6zjgrnjg5jjg4Pjg4njg5vjg7MgSEEtV0QxMDBCIChIQVdEMTAwQik=,44CQ6YCB5paZ54Sh5paZ44CRSlZD44Kx44Oz44Km44OD44OJIFRW55SoIOODr+OCpOODpOODrOOCueODmOODg+ODieODm+ODsyBIQS1XRDEwMEIgKEhBV0QxMDBCKQ==[rn]
18-38288,aHR0cDovL3RzaG9wLnIxMHMuanAvYWtpYmFtYWMvY2FiaW5ldC8wNTEwOTkxMC80OTAxMDg3MTk2MjI3LmpwZz9maXRpbj03MDA6NzAw,Mzc4LjQwMDA=,,VFbjg7vjgqrjg7zjg4fjgqPjgqrjg7vjgqvjg6Hjg6kgPiDjgqrjg7zjg4fjgqPjgqogPiDjg5jjg4Pjg4njg5vjg7Pjg7vjgqTjg6Tjg5vjg7M=,77yl77ys77yw77yh77yI44Ko44Or44OR77yJVFbnlKgg54mH6ICz44K544OG44Os44KqIOOCpOODs+ODiuODvOOCpOODpOODvOWei+OCpOODpOODm+ODsyjjg5bjg6njg4Pjgq8pIDVtIEJLIFJFU1RCMDVCSw==,,,77yl77ys77yw77yh77yI44Ko44Or44OR77yJVFbnlKgg54mH6ICz44K544OG44Os44KqIOOCpOODs+ODiuODvOOCpOODpOODvOWei+OCpOODpOODm+ODsyjjg5bjg6njg4Pjgq8pIDVtIEJLIFJFU1RCMDVCS++8muOCveODleODnuODg+ODl+OAgOODh+OCuOOCv+ODq+OCs+ODrOOCr+OCt+ODp+ODsw==,44K944OV44Oe44OD44OXIOODh+OCuOOCv+ODq+OCs+ODrOOCr+OCt+ODp+ODs1NvZm1hcCBEaWdpdGFsIENvbGxlY3Rpb27jg5Hjgr3jgrPjg7Pjgr/jg5bjg6zjg4Pjg4hQQ0hEROOCouOCu+ODs+ODluODquODkeODvOODhOODkeOCveOCs+ODs+ODkeODvOODhOODhuODrOODk+OCsuODvOODoOODluODq+ODvOODrOOCpOOCveODleODiERWROOCveODleODiOa2suaZtuODhuODrOODk+ODluODq+ODvOODrOOCpOODh+OCo+OCueOCr+ODrOOCs+ODvOODgOODvOODh+OCuOOCv+ODq+S4gOecvOODrOODleOCq+ODoeODqeODh+OCuOOCv+ODq+OCq+ODoeODqeWutumbu+aZguioiOS4reWPpOOAgOOCveODleODiOOCouOCpuODiOODrOODg+ODiOS4reWPpOODjuODvOODiOODkeOCveOCs+ODs+S4reWPpOODkeOCveOCs+ODs++8pe+8rO+8sO+8oe+8iOOCqOODq+ODke+8iVRW55SoIOeJh+iAs+OCueODhuODrOOCqiDjgqTjg7Pjg4rjg7zjgqTjg6Tjg7zlnovjgqTjg6Tjg5vjg7Mo44OW44Op44OD44KvKSA1bSBCSyBSRVNUQjA1Qks=,77yl77ys77yw77yh77yI44Ko44Or44OR77yJVFbnlKgg54mH6ICz44K544OG44Os44KqIOOCpOODs+ODiuODvOOCpOODpOODvOWei+OCpOODpOODm+ODsyjjg5bjg6njg4Pjgq8pIDVtIEJLIFJFU1RCMDVCSw==[rn]
18-38289,aHR0cDovL3RzaG9wLnIxMHMuanAvYWtpYmFtYWMvY2FiaW5ldC8wMzg5MjYxMy80OTYxMzEwMTE2MTg3LmpwZz9maXRpbj03MDA6NzAw,MTIwOC4wMDAw,,VFbjg7vjgqrjg7zjg4fjgqPjgqrjg7vjgqvjg6Hjg6kgPiDjgqrjg7zjg4fjgqPjgqogPiDjg5jjg4Pjg4njg5vjg7Pjg7vjgqTjg6Tjg5vjg7M=,44Kq44O844OH44Kj44Kq44OG44Kv44OL44KrICBBVEgtUDE1MVRWKOODhuODrOODk+eUqCkgKEFUSFAxNTFUVik=,,5pON5L2c44GX44KE44GZ44GE5aSn44GN44KB44K144Kk44K644Gu44Kz44Oz44OI44Ot44O844Op44O85pCt6LyJ44CC6ZW35pmC6ZaT44Oq44K544OL44Oz44Kw44Gr6YGp44GX44Gf6Lu96YeP44OY44OD44OJ44Ob44Oz,44Kq44O844OH44Kj44Kq44OG44Kv44OL44KrICBBVEgtUDE1MVRWKOODhuODrOODk+eUqCkgKEFUSFAxNTFUVinvvJrjgr3jg5Xjg57jg4Pjg5fjgIDjg4fjgrjjgr/jg6vjgrPjg6zjgq/jgrfjg6fjg7M=,44K944OV44Oe44OD44OXIOODh+OCuOOCv+ODq+OCs+ODrOOCr+OCt+ODp+ODs1NvZm1hcCBEaWdpdGFsIENvbGxlY3Rpb27jg5Hjgr3jgrPjg7Pjgr/jg5bjg6zjg4Pjg4hQQ0hEROOCouOCu+ODs+ODluODquODkeODvOODhOODkeOCveOCs+ODs+ODkeODvOODhOODhuODrOODk+OCsuODvOODoOODluODq+ODvOODrOOCpOOCveODleODiERWROOCveODleODiOa2suaZtuODhuODrOODk+ODluODq+ODvOODrOOCpOODh+OCo+OCueOCr+ODrOOCs+ODvOODgOODvOODh+OCuOOCv+ODq+S4gOecvOODrOODleOCq+ODoeODqeODh+OCuOOCv+ODq+OCq+ODoeODqeWutumbu+aZguioiOS4reWPpOOAgOOCveODleODiOOCouOCpuODiOODrOODg+ODiOS4reWPpOODjuODvOODiOODkeOCveOCs+ODs+S4reWPpOODkeOCveOCs+ODs+OCquODvOODh+OCo+OCquODhuOCr+ODi+OCqyAgQVRILVAxNTFUVijjg4bjg6zjg5PnlKgpIChBVEhQMTUxVFYp,44Kq44O844OH44Kj44Kq44OG44Kv44OL44KrICBBVEgtUDE1MVRWKOODhuODrOODk+eUqCkgKEFUSFAxNTFUVik=[rn]
18-38290,aHR0cDovL3RzaG9wLnIxMHMuanAvYWtpYmFtYWMvY2FiaW5ldC8wMzg5MjYxMy80OTc1NzY5MDAxMTQ3LmpwZz9maXRpbj03MDA6NzAw,NDQ0LjgwMDA=,,VFbjg7vjgqrjg7zjg4fjgqPjgqrjg7vjgqvjg6Hjg6kgPiDjgqrjg7zjg4fjgqPjgqogPiDjg5jjg4Pjg4njg5vjg7Pjg7vjgqTjg6Tjg5vjg7M=,SlZD44Kx44Oz44Km44OD44OJTVItNTEo44OG44Os44OTL+ODqeOCuOOCq+OCu+eUqOOCpOODpOODm+ODsy8zbSk=,,44OG44Os44OT55So44Gu44Oi44OO44Op44Or44Kk44Ok44Ob44Oz44Gn44GZ44CC,SlZD44Kx44Oz44Km44OD44OJTVItNTEo44OG44Os44OTL+ODqeOCuOOCq+OCu+eUqOOCpOODpOODm+ODsy8zbSnvvJrjgr3jg5Xjg57jg4Pjg5fjgIDjg4fjgrjjgr/jg6vjgrPjg6zjgq/jgrfjg6fjg7M=,44K944OV44Oe44OD44OXIOODh+OCuOOCv+ODq+OCs+ODrOOCr+OCt+ODp+ODs1NvZm1hcCBEaWdpdGFsIENvbGxlY3Rpb27jg5Hjgr3jgrPjg7Pjgr/jg5bjg6zjg4Pjg4hQQ0hEROOCouOCu+ODs+ODluODquODkeODvOODhOODkeOCveOCs+ODs+ODkeODvOODhOODhuODrOODk+OCsuODvOODoOODluODq+ODvOODrOOCpOOCveODleODiERWROOCveODleODiOa2suaZtuODhuODrOODk+ODluODq+ODvOODrOOCpOODh+OCo+OCueOCr+ODrOOCs+ODvOODgOODvOODh+OCuOOCv+ODq+S4gOecvOODrOODleOCq+ODoeODqeODh+OCuOOCv+ODq+OCq+ODoeODqeWutumbu+aZguioiOS4reWPpOOAgOOCveODleODiOOCouOCpuODiOODrOODg+ODiOS4reWPpOODjuODvOODiOODkeOCveOCs+ODs+S4reWPpOODkeOCveOCs+ODs0pWQ+OCseODs+OCpuODg+ODiU1SLTUxKOODhuODrOODky/jg6njgrjjgqvjgrvnlKjjgqTjg6Tjg5vjg7MvM20p,SlZD44Kx44Oz44Km44OD44OJTVItNTEo44OG44Os44OTL+ODqeOCuOOCq+OCu+eUqOOCpOODpOODm+ODsy8zbSk=[rn]
18-38291,aHR0cDovL3RzaG9wLnIxMHMuanAvYWtpYmFtYWMvY2FiaW5ldC8wMjUwMjE2My80OTY3MDI5MDExMDEwLmpwZz9maXRpbj03MDA6NzAw,MTY2LjQwMDA=,,VFbjg7vjgqrjg7zjg4fjgqPjgqrjg7vjgqvjg6Hjg6kgPiDjgqrjg7zjg4fjgqPjgqogPiDjg5jjg4Pjg4njg5vjg7Pjg7vjgqTjg6Tjg5vjg7M=,5a+M5aOr44OR44O844OEMy41bW3jg6Ljg47jg6njg6vjg5/jg4vjg5fjg6njgrDjg4bjg6zjg5Pjg7vjg6njgrjjgqrjgqTjg6Tjg5vjg7PvvIjniYfogLPnlKjvvIkgQUQtMTAxQksgMS4wbeOCs+ODvOODiQ==,,4peGMy41bW3jg6Ljg47jg6njg6vjg5/jg4vnq6/lrZDjga7ku5jjgYTjgZ/jg4bjg6zjg5PjgoTjg6njgrjjgqrnrYnjgavjgZTkvb/nlKjjgavjgarjgozjgb7jgZnjgILil4bnkrDlooPjgavjgoTjgZXjgZfjgYTnhKHpiZvjga/jgpPjgaDjgpLkvb/nlKjjgZfjgabjgYTjgb7jgZnjgILil4bjg4bjg6zjg5Pjg7vjg6njgrjjgqrnrYnjgqTjg6Tjg5vjg7PniYfogLPnlKjjgILil4bjg5fjg6njgrDlvaLnirbvvJozLjVtbeODouODjuODqeODq+ODn+ODi+ODl+ODqeOCsOOAkOOCueODiOODrOODvOODiOWei+OCv+OCpOODl+OAkeOAgg==,5a+M5aOr44OR44O844OEMy41bW3jg6Ljg47jg6njg6vjg5/jg4vjg5fjg6njgrDjg4bjg6zjg5Pjg7vjg6njgrjjgqrjgqTjg6Tjg5vjg7PvvIjniYfogLPnlKjvvIkgQUQtMTAxQksgMS4wbeOCs+ODvOODie+8muOCveODleODnuODg+ODl+OAgOODh+OCuOOCv+ODq+OCs+ODrOOCr+OCt+ODp+ODsw==,44K944OV44Oe44OD44OXIOODh+OCuOOCv+ODq+OCs+ODrOOCr+OCt+ODp+ODs1NvZm1hcCBEaWdpdGFsIENvbGxlY3Rpb27jg5Hjgr3jgrPjg7Pjgr/jg5bjg6zjg4Pjg4hQQ0hEROOCouOCu+ODs+ODluODquODkeODvOODhOODkeOCveOCs+ODs+ODkeODvOODhOODhuODrOODk+OCsuODvOODoOODluODq+ODvOODrOOCpOOCveODleODiERWROOCveODleODiOa2suaZtuODhuODrOODk+ODluODq+ODvOODrOOCpOODh+OCo+OCueOCr+ODrOOCs+ODvOODgOODvOODh+OCuOOCv+ODq+S4gOecvOODrOODleOCq+ODoeODqeODh+OCuOOCv+ODq+OCq+ODoeODqeWutumbu+aZguioiOS4reWPpOOAgOOCveODleODiOOCouOCpuODiOODrOODg+ODiOS4reWPpOODjuODvOODiOODkeOCveOCs+ODs+S4reWPpOODkeOCveOCs+ODs+WvjOWjq+ODkeODvOODhDMuNW1t44Oi44OO44Op44Or44Of44OL44OX44Op44Kw44OG44Os44OT44O744Op44K444Kq44Kk44Ok44Ob44Oz77yI54mH6ICz55So77yJIEFELTEwMUJLIDEuMG3jgrPjg7zjg4k=,5a+M5aOr44OR44O844OEMy41bW3jg6Ljg47jg6njg6vjg5/jg4vjg5fjg6njgrDjg4bjg6zjg5Pjg7vjg6njgrjjgqrjgqTjg6Tjg5vjg7PvvIjniYfogLPnlKjvvIkgQUQtMTAxQksgMS4wbeOCs+ODvOODiQ==[rn]
18-38292,aHR0cDovL3RzaG9wLnIxMHMuanAvYWtpYmFtYWMvY2FiaW5ldC8wMzg5MjYxMy80OTYxMzEwMTE2MTU2LmpwZz9maXRpbj03MDA6NzAw,OTA0LjAwMDA=,,VFbjg7vjgqrjg7zjg4fjgqPjgqrjg7vjgqvjg6Hjg6kgPiDjgqrjg7zjg4fjgqPjgqogPiDjg5jjg4Pjg4njg5vjg7Pjg7vjgqTjg6Tjg5vjg7M=,44Kq44O844OH44Kj44Kq44OG44Kv44OL44KrICBBVEgtQzM1MVRWKOODhuODrOODk+eUqCkgKEFUSEMzNTFUVik=,,44OG44Os44OT6Z+z6YeP44KS5omL5YWD44Gn6Kq/5pW05Y+v6IO944CC6Lu95b+r44OV44Kj44OD44OI44Gu6auY6Z+z6LOq44OY44OD44OJ44Ob44Oz,44Kq44O844OH44Kj44Kq44OG44Kv44OL44KrICBBVEgtQzM1MVRWKOODhuODrOODk+eUqCkgKEFUSEMzNTFUVinvvJrjgr3jg5Xjg57jg4Pjg5fjgIDjg4fjgrjjgr/jg6vjgrPjg6zjgq/jgrfjg6fjg7M=,44K944OV44Oe44OD44OXIOODh+OCuOOCv+ODq+OCs+ODrOOCr+OCt+ODp+ODs1NvZm1hcCBEaWdpdGFsIENvbGxlY3Rpb27jg5Hjgr3jgrPjg7Pjgr/jg5bjg6zjg4Pjg4hQQ0hEROOCouOCu+ODs+ODluODquODkeODvOODhOODkeOCveOCs+ODs+ODkeODvOODhOODhuODrOODk+OCsuODvOODoOODluODq+ODvOODrOOCpOOCveODleODiERWROOCveODleODiOa2suaZtuODhuODrOODk+ODluODq+ODvOODrOOCpOODh+OCo+OCueOCr+ODrOOCs+ODvOODgOODvOODh+OCuOOCv+ODq+S4gOecvOODrOODleOCq+ODoeODqeODh+OCuOOCv+ODq+OCq+ODoeODqeWutumbu+aZguioiOS4reWPpOOAgOOCveODleODiOOCouOCpuODiOODrOODg+ODiOS4reWPpOODjuODvOODiOODkeOCveOCs+ODs+S4reWPpOODkeOCveOCs+ODs+OCquODvOODh+OCo+OCquODhuOCr+ODi+OCqyAgQVRILUMzNTFUVijjg4bjg6zjg5PnlKgpIChBVEhDMzUxVFYp,44Kq44O844OH44Kj44Kq44OG44Kv44OL44KrICBBVEgtQzM1MVRWKOODhuODrOODk+eUqCkgKEFUSEMzNTFUVik=[rn]
18-38293,aHR0cDovL3RzaG9wLnIxMHMuanAvYWtpYmFtYWMvY2FiaW5ldC8wMjUwMjE2My80OTY3MDI5MDMwNjYwLmpwZz9maXRpbj03MDA6NzAw,MjIyLjQwMDA=,,VFbjg7vjgqrjg7zjg4fjgqPjgqrjg7vjgqvjg6Hjg6kgPiDjgqrjg7zjg4fjgqPjgqogPiDjg5jjg4Pjg4njg5vjg7Pjg7vjgqTjg6Tjg5vjg7M=,5a+M5aOr44OR44O844OEMy41bW3jg6Ljg47jg6njg6vjg5/jg4vjg5fjg6njgrDjg4bjg6zjg5PjgqTjg6Tjg5vjg7MgQUQtNjYgMy4wbeOCs+ODvOODiQ==,,44Kx44O844OW44Or6ZW3M23jga4zLjVtbeODouODjuODqeODq+ODn+ODi+ODl+ODqeOCsOOCv+OCpOODl+ODhuODrOODk+OCpOODpOODm+ODs+OBp+OBmeOAguKXhueSsOWig+OBq+OChOOBleOBl+OBhOeEoemJm+WNiueUsOOCkuS9v+eUqOOBl+OBpuOBhOOBvuOBmeOAguKXhs+GMy41bW3jg6Ljg47jg6njg6vjg5/jg4vjgrjjg6Pjg4Pjgq/nq6/lrZDjga7jgaTjgYTjgZ/jg6njgrjjgqrnrYnjgavjgoLjgZTkvb/nlKjjgafjgY3jgb7jgZnjgII=,5a+M5aOr44OR44O844OEMy41bW3jg6Ljg47jg6njg6vjg5/jg4vjg5fjg6njgrDjg4bjg6zjg5PjgqTjg6Tjg5vjg7MgQUQtNjYgMy4wbeOCs+ODvOODie+8muOCveODleODnuODg+ODl+OAgOODh+OCuOOCv+ODq+OCs+ODrOOCr+OCt+ODp+ODsw==,44K944OV44Oe44OD44OXIOODh+OCuOOCv+ODq+OCs+ODrOOCr+OCt+ODp+ODs1NvZm1hcCBEaWdpdGFsIENvbGxlY3Rpb27jg5Hjgr3jgrPjg7Pjgr/jg5bjg6zjg4Pjg4hQQ0hEROOCouOCu+ODs+ODluODquODkeODvOODhOODkeOCveOCs+ODs+ODkeODvOODhOODhuODrOODk+OCsuODvOODoOODluODq+ODvOODrOOCpOOCveODleODiERWROOCveODleODiOa2suaZtuODhuODrOODk+ODluODq+ODvOODrOOCpOODh+OCo+OCueOCr+ODrOOCs+ODvOODgOODvOODh+OCuOOCv+ODq+S4gOecvOODrOODleOCq+ODoeODqeODh+OCuOOCv+ODq+OCq+ODoeODqeWutumbu+aZguioiOS4reWPpOOAgOOCveODleODiOOCouOCpuODiOODrOODg+ODiOS4reWPpOODjuODvOODiOODkeOCveOCs+ODs+S4reWPpOODkeOCveOCs+ODs+WvjOWjq+ODkeODvOODhDMuNW1t44Oi44OO44Op44Or44Of44OL44OX44Op44Kw44OG44Os44OT44Kk44Ok44Ob44OzIEFELTY2IDMuMG3jgrPjg7zjg4k=,5a+M5aOr44OR44O844OEMy41bW3jg6Ljg47jg6njg6vjg5/jg4vjg5fjg6njgrDjg4bjg6zjg5PjgqTjg6Tjg5vjg7MgQUQtNjYgMy4wbeOCs+ODvOODiQ==[rn]
18-38294,aHR0cDovL3RzaG9wLnIxMHMuanAvYWtpYmFtYWMvY2FiaW5ldC8wNDE4NTE5NS80OTY4OTI5MTI0MTQ1LmpwZz9maXRpbj03MDA6NzAw,Mzc0NC4wMDAw,,VFbjg7vjgqrjg7zjg4fjgqPjgqrjg7vjgqvjg6Hjg6kgPiDjgqrjg7zjg4fjgqPjgqogPiDjg5jjg4Pjg4njg5vjg7Pjg7vjgqTjg6Tjg5vjg7M=,44CQ6YCB5paZ54Sh5paZ44CRQUtHKOOCqOODvOOCseODvOOCuOODvCnjg5jjg4Pjg4njg5vjg7Mo44Kk44Ko44Ot44O8KSBZNDBZRUw=,,QUtH44Gu6auY6Z+z6LOq44KS57aZ5om/44GX44Gq44GM44KJ44KC44CB44Kz44Oz44OR44Kv44OI5YyW44KS5a6f54++44GX44Gf44Oi44OH44Or44GM55m75aC0,44CQ6YCB5paZ54Sh5paZ44CRQUtHKOOCqOODvOOCseODvOOCuOODvCnjg5jjg4Pjg4njg5vjg7Mo44Kk44Ko44Ot44O8KSBZNDBZRUzvvJrjgr3jg5Xjg57jg4Pjg5fjgIDjg4fjgrjjgr/jg6vjgrPjg6zjgq/jgrfjg6fjg7M=,44K944OV44Oe44OD44OXIOODh+OCuOOCv+ODq+OCs+ODrOOCr+OCt+ODp+ODs1NvZm1hcCBEaWdpdGFsIENvbGxlY3Rpb27jg5Hjgr3jgrPjg7Pjgr/jg5bjg6zjg4Pjg4hQQ0hEROOCouOCu+ODs+ODluODquODkeODvOODhOODkeOCveOCs+ODs+ODkeODvOODhOODhuODrOODk+OCsuODvOODoOODluODq+ODvOODrOOCpOOCveODleODiERWROOCveODleODiOa2suaZtuODhuODrOODk+ODluODq+ODvOODrOOCpOODh+OCo+OCueOCr+ODrOOCs+ODvOODgOODvOODh+OCuOOCv+ODq+S4gOecvOODrOODleOCq+ODoeODqeODh+OCuOOCv+ODq+OCq+ODoeODqeWutumbu+aZguioiOS4reWPpOOAgOOCveODleODiOOCouOCpuODiOODrOODg+ODiOS4reWPpOODjuODvOODiOODkeOCveOCs+ODs+S4reWPpOODkeOCveOCs+ODs+OAkOmAgeaWmeeEoeaWmeOAkUFLRyjjgqjjg7zjgrHjg7zjgrjjg7wp44OY44OD44OJ44Ob44OzKOOCpOOCqOODreODvCkgWTQwWUVM,44CQ6YCB5paZ54Sh5paZ44CRQUtHKOOCqOODvOOCseODvOOCuOODvCnjg5jjg4Pjg4njg5vjg7Mo44Kk44Ko44Ot44O8KSBZNDBZRUw=[rn]
18-38295,aHR0cDovL3RzaG9wLnIxMHMuanAvYWtpYmFtYWMvY2FiaW5ldC8wNDE4NTE5NS80OTY4OTI5MTI0MTIxLmpwZz9maXRpbj03MDA6NzAw,Mzc0NC4wMDAw,,VFbjg7vjgqrjg7zjg4fjgqPjgqrjg7vjgqvjg6Hjg6kgPiDjgqrjg7zjg4fjgqPjgqogPiDjg5jjg4Pjg4njg5vjg7Pjg7vjgqTjg6Tjg5vjg7M=,44CQ6YCB5paZ54Sh5paZ44CRQUtHKOOCqOODvOOCseODvOOCuOODvCnjg5jjg4Pjg4njg5vjg7Mo44OW44Op44OD44KvKSBZNDBCTEs=,,QUtH44Gu6auY6Z+z6LOq44KS57aZ5om/44GX44Gq44GM44KJ44KC44CB44Kz44Oz44OR44Kv44OI5YyW44KS5a6f54++44GX44Gf44Oi44OH44Or44GM55m75aC0,44CQ6YCB5paZ54Sh5paZ44CRQUtHKOOCqOODvOOCseODvOOCuOODvCnjg5jjg4Pjg4njg5vjg7Mo44OW44Op44OD44KvKSBZNDBCTEvvvJrjgr3jg5Xjg57jg4Pjg5fjgIDjg4fjgrjjgr/jg6vjgrPjg6zjgq/jgrfjg6fjg7M=,44K944OV44Oe44OD44OXIOODh+OCuOOCv+ODq+OCs+ODrOOCr+OCt+ODp+ODs1NvZm1hcCBEaWdpdGFsIENvbGxlY3Rpb27jg5Hjgr3jgrPjg7Pjgr/jg5bjg6zjg4Pjg4hQQ0hEROOCouOCu+ODs+ODluODquODkeODvOODhOODkeOCveOCs+ODs+ODkeODvOODhOODhuODrOODk+OCsuODvOODoOODluODq+ODvOODrOOCpOOCveODleODiERWROOCveODleODiOa2suaZtuODhuODrOODk+ODluODq+ODvOODrOOCpOODh+OCo+OCueOCr+ODrOOCs+ODvOODgOODvOODh+OCuOOCv+ODq+S4gOecvOODrOODleOCq+ODoeODqeODh+OCuOOCv+ODq+OCq+ODoeODqeWutumbu+aZguioiOS4reWPpOOAgOOCveODleODiOOCouOCpuODiOODrOODg+ODiOS4reWPpOODjuODvOODiOODkeOCveOCs+ODs+S4reWPpOODkeOCveOCs+ODs+OAkOmAgeaWmeeEoeaWmeOAkUFLRyjjgqjjg7zjgrHjg7zjgrjjg7wp44OY44OD44OJ44Ob44OzKOODluODqeODg+OCrykgWTQwQkxL,44CQ6YCB5paZ54Sh5paZ44CRQUtHKOOCqOODvOOCseODvOOCuOODvCnjg5jjg4Pjg4njg5vjg7Mo44OW44Op44OD44KvKSBZNDBCTEs=[rn]
18-38296,aHR0cDovL3RzaG9wLnIxMHMuanAvYWtpYmFtYWMvY2FiaW5ldC8wMzMxNTA3OS80OTU3ODEyNTQ1NTAxLmpwZz9maXRpbj03MDA6NzAw,NTE3MC40MDAw,,VFbjg7vjgqrjg7zjg4fjgqPjgqrjg7vjgqvjg6Hjg6kgPiDjgqrjg7zjg4fjgqPjgqogPiDjg5jjg4Pjg4njg5vjg7Pjg7vjgqTjg6Tjg5vjg7M=,44CQ6YCB5paZ54Sh5paZ44CR44Ok44Oe44OPSFBILU04MihCKSDjgqrjg7PjgqTjg6Tjg7zlnovjg5jjg4Pjg4njg5vjg7MgKOOCveODleOCo+OCueODluODqeODg+OCrykgKEhQSE04MkIp,,44OV44Kh44OD44K344On44Oz5bCP54mp5oSf6Kaa44Gn6Z+z5qW944KS5oyB44Gh5q2p44GR44KL44CB44K544K/44Kk44Oq44OD44K344Ol44Gq44K544Kv44Ko44Ki44OV44Kp44Or44Og44Gu44Kq44Oz44Kk44Ok44O85Z6L44OY44OD44OJ44Ob44Oz,44CQ6YCB5paZ54Sh5paZ44CR44Ok44Oe44OPSFBILU04MihCKSDjgqrjg7PjgqTjg6Tjg7zlnovjg5jjg4Pjg4njg5vjg7MgKOOCveODleOCo+OCueODluODqeODg+OCrykgKEhQSE04MkIp77ya44K944OV44Oe44OD44OX44CA44OH44K444K/44Or44Kz44Os44Kv44K344On44Oz,44K944OV44Oe44OD44OXIOODh+OCuOOCv+ODq+OCs+ODrOOCr+OCt+ODp+ODs1NvZm1hcCBEaWdpdGFsIENvbGxlY3Rpb27jg5Hjgr3jgrPjg7Pjgr/jg5bjg6zjg4Pjg4hQQ0hEROOCouOCu+ODs+ODluODquODkeODvOODhOODkeOCveOCs+ODs+ODkeODvOODhOODhuODrOODk+OCsuODvOODoOODluODq+ODvOODrOOCpOOCveODleODiERWROOCveODleODiOa2suaZtuODhuODrOODk+ODluODq+ODvOODrOOCpOODh+OCo+OCueOCr+ODrOOCs+ODvOODgOODvOODh+OCuOOCv+ODq+S4gOecvOODrOODleOCq+ODoeODqeODh+OCuOOCv+ODq+OCq+ODoeODqeWutumbu+aZguioiOS4reWPpOOAgOOCveODleODiOOCouOCpuODiOODrOODg+ODiOS4reWPpOODjuODvOODiOODkeOCveOCs+ODs+S4reWPpOODkeOCveOCs+ODs+OAkOmAgeaWmeeEoeaWmeOAkeODpOODnuODj0hQSC1NODIoQikg44Kq44Oz44Kk44Ok44O85Z6L44OY44OD44OJ44Ob44OzICjjgr3jg5XjgqPjgrnjg5bjg6njg4Pjgq8pIChIUEhNODJCKQ==,44CQ6YCB5paZ54Sh5paZ44CR44Ok44Oe44OPSFBILU04MihCKSDjgqrjg7PjgqTjg6Tjg7zlnovjg5jjg4Pjg4njg5vjg7MgKOOCveODleOCo+OCueODluODqeODg+OCrykgKEhQSE04MkIp[rn]
18-38297,aHR0cDovL3RzaG9wLnIxMHMuanAvYWtpYmFtYWMvY2FiaW5ldC8wMzMxNTA3OS80OTU3ODEyNTE5ODU0LmpwZz9maXRpbj03MDA6NzAw,OTc5Mi4wMDAw,,VFbjg7vjgqrjg7zjg4fjgqPjgqrjg7vjgqvjg6Hjg6kgPiDjgqrjg7zjg4fjgqPjgqogPiDjg5jjg4Pjg4njg5vjg7Pjg7vjgqTjg6Tjg5vjg7M=,44CQ6YCB5paZ54Sh5paZ44CR44Ok44Oe44OPSFBILVBSTzMwMChCKSDjgqrjg7PjgqTjg6Tjg7zlnovjg5jjg4Pjg4njg5vjg7MgKOOCqOODnOODi+ODvOODluODqeODg+OCrykgKEhQSFBSTzMwMEIp,,44Kv44Oq44Ki44Gn5Yqb5by344GE44K144Km44Oz44OJ44KS5bCP5Z6L44O76Lu96YeP44Oc44OH44Kj44Gr5Yed57iu44GX44Gf44Kq44Oz44Kk44Ok44O85Z6L44OY44OD44OJ44Ob44Oz,44CQ6YCB5paZ54Sh5paZ44CR44Ok44Oe44OPSFBILVBSTzMwMChCKSDjgqrjg7PjgqTjg6Tjg7zlnovjg5jjg4Pjg4njg5vjg7MgKOOCqOODnOODi+ODvOODluODqeODg+OCrykgKEhQSFBSTzMwMEIp77ya44K944OV44Oe44OD44OX44CA44OH44K444K/44Or44Kz44Os44Kv44K344On44Oz,44K944OV44Oe44OD44OXIOODh+OCuOOCv+ODq+OCs+ODrOOCr+OCt+ODp+ODs1NvZm1hcCBEaWdpdGFsIENvbGxlY3Rpb27jg5Hjgr3jgrPjg7Pjgr/jg5bjg6zjg4Pjg4hQQ0hEROOCouOCu+ODs+ODluODquODkeODvOODhOODkeOCveOCs+ODs+ODkeODvOODhOODhuODrOODk+OCsuODvOODoOODluODq+ODvOODrOOCpOOCveODleODiERWROOCveODleODiOa2suaZtuODhuODrOODk+ODluODq+ODvOODrOOCpOODh+OCo+OCueOCr+ODrOOCs+ODvOODgOODvOODh+OCuOOCv+ODq+S4gOecvOODrOODleOCq+ODoeODqeODh+OCuOOCv+ODq+OCq+ODoeODqeWutumbu+aZguioiOS4reWPpOOAgOOCveODleODiOOCouOCpuODiOODrOODg+ODiOS4reWPpOODjuODvOODiOODkeOCveOCs+ODs+S4reWPpOODkeOCveOCs+ODs+OAkOmAgeaWmeeEoeaWmeOAkeODpOODnuODj0hQSC1QUk8zMDAoQikg44Kq44Oz44Kk44Ok44O85Z6L44OY44OD44OJ44Ob44OzICjjgqjjg5zjg4vjg7zjg5bjg6njg4Pjgq8pIChIUEhQUk8zMDBCKQ==,44CQ6YCB5paZ54Sh5paZ44CR44Ok44Oe44OPSFBILVBSTzMwMChCKSDjgqrjg7PjgqTjg6Tjg7zlnovjg5jjg4Pjg4njg5vjg7MgKOOCqOODnOODi+ODvOODluODqeODg+OCrykgKEhQSFBSTzMwMEIp[rn]
18-38298,aHR0cDovL3RzaG9wLnIxMHMuanAvYWtpYmFtYWMvY2FiaW5ldC8wNDE4NTE5NS80OTY4OTI5MTI0MTM4LmpwZz9maXRpbj03MDA6NzAw,Mzc0NC4wMDAw,,VFbjg7vjgqrjg7zjg4fjgqPjgqrjg7vjgqvjg6Hjg6kgPiDjgqrjg7zjg4fjgqPjgqogPiDjg5jjg4Pjg4njg5vjg7Pjg7vjgqTjg6Tjg5vjg7M=,44CQ6YCB5paZ54Sh5paZ44CRQUtHKOOCqOODvOOCseODvOOCuOODvCnjg5jjg4Pjg4njg5vjg7Mo44OW44Or44O8KSBZNDBCTFU=,,QUtH44Gu6auY6Z+z6LOq44KS57aZ5om/44GX44Gq44GM44KJ44KC44CB44Kz44Oz44OR44Kv44OI5YyW44KS5a6f54++44GX44Gf44Oi44OH44Or44GM55m75aC0,44CQ6YCB5paZ54Sh5paZ44CRQUtHKOOCqOODvOOCseODvOOCuOODvCnjg5jjg4Pjg4njg5vjg7Mo44OW44Or44O8KSBZNDBCTFXvvJrjgr3jg5Xjg57jg4Pjg5fjgIDjg4fjgrjjgr/jg6vjgrPjg6zjgq/jgrfjg6fjg7M=,44K944OV44Oe44OD44OXIOODh+OCuOOCv+ODq+OCs+ODrOOCr+OCt+ODp+ODs1NvZm1hcCBEaWdpdGFsIENvbGxlY3Rpb27jg5Hjgr3jgrPjg7Pjgr/jg5bjg6zjg4Pjg4hQQ0hEROOCouOCu+ODs+ODluODquODkeODvOODhOODkeOCveOCs+ODs+ODkeODvOODhOODhuODrOODk+OCsuODvOODoOODluODq+ODvOODrOOCpOOCveODleODiERWROOCveODleODiOa2suaZtuODhuODrOODk+ODluODq+ODvOODrOOCpOODh+OCo+OCueOCr+ODrOOCs+ODvOODgOODvOODh+OCuOOCv+ODq+S4gOecvOODrOODleOCq+ODoeODqeODh+OCuOOCv+ODq+OCq+ODoeODqeWutumbu+aZguioiOS4reWPpOOAgOOCveODleODiOOCouOCpuODiOODrOODg+ODiOS4reWPpOODjuODvOODiOODkeOCveOCs+ODs+S4reWPpOODkeOCveOCs+ODs+OAkOmAgeaWmeeEoeaWmeOAkUFLRyjjgqjjg7zjgrHjg7zjgrjjg7wp44OY44OD44OJ44Ob44OzKOODluODq+ODvCkgWTQwQkxV,44CQ6YCB5paZ54Sh5paZ44CRQUtHKOOCqOODvOOCseODvOOCuOODvCnjg5jjg4Pjg4njg5vjg7Mo44OW44Or44O8KSBZNDBCTFU=[rn]
18-38299,aHR0cDovL3RzaG9wLnIxMHMuanAvYWtpYmFtYWMvY2FiaW5ldC8wMzcwODE4Ni80OTA1NTI0OTMwMTc3LmpwZz9maXRpbj03MDA6NzAw,MTMwNC4wMDAw,,VFbjg7vjgqrjg7zjg4fjgqPjgqrjg7vjgqvjg6Hjg6kgPiDjgqrjg7zjg4fjgqPjgqogPiDjg5jjg4Pjg4njg5vjg7Pjg7vjgqTjg6Tjg5vjg7M=,44K944OL44O8ICBNRFItWlgxMTAgQiAo44OY44OD44OJ44OQ44Oz44OJ5Z6L44K544OG44Os44Kq44OY44OD44OJ44Ob44OzL+ODluODqeODg+OCrykgKE1EUlpYMTEwQik=,,44Kz44Oz44OR44Kv44OI44Gr5oyB44Gh5q2p44GR44KL44Kv44Kk44OD44Kv5oqY44KK44Gf44Gf44G/5qmf5qeL44KS5o6h55So44GX44Gf44CB6L+r5Yqb44Gu6auY6Z+z6LOq5YaN55Sf44KS5qW944GX44KB44KL44K544OG44Os44Kq44OY44OD44OJ44Ob44Oz44CC,44K944OL44O8ICBNRFItWlgxMTAgQiAo44OY44OD44OJ44OQ44Oz44OJ5Z6L44K544OG44Os44Kq44OY44OD44OJ44Ob44OzL+ODluODqeODg+OCrykgKE1EUlpYMTEwQinvvJrjgr3jg5Xjg57jg4Pjg5fjgIDjg4fjgrjjgr/jg6vjgrPjg6zjgq/jgrfjg6fjg7M=,44K944OV44Oe44OD44OXIOODh+OCuOOCv+ODq+OCs+ODrOOCr+OCt+ODp+ODs1NvZm1hcCBEaWdpdGFsIENvbGxlY3Rpb27jg5Hjgr3jgrPjg7Pjgr/jg5bjg6zjg4Pjg4hQQ0hEROOCouOCu+ODs+ODluODquODkeODvOODhOODkeOCveOCs+ODs+ODkeODvOODhOODhuODrOODk+OCsuODvOODoOODluODq+ODvOODrOOCpOOCveODleODiERWROOCveODleODiOa2suaZtuODhuODrOODk+ODluODq+ODvOODrOOCpOODh+OCo+OCueOCr+ODrOOCs+ODvOODgOODvOODh+OCuOOCv+ODq+S4gOecvOODrOODleOCq+ODoeODqeODh+OCuOOCv+ODq+OCq+ODoeODqeWutumbu+aZguioiOS4reWPpOOAgOOCveODleODiOOCouOCpuODiOODrOODg+ODiOS4reWPpOODjuODvOODiOODkeOCveOCs+ODs+S4reWPpOODkeOCveOCs+ODs+OCveODi+ODvCAgTURSLVpYMTEwIEIgKOODmOODg+ODieODkOODs+ODieWei+OCueODhuODrOOCquODmOODg+ODieODm+ODsy/jg5bjg6njg4Pjgq8pIChNRFJaWDExMEIp,44K944OL44O8ICBNRFItWlgxMTAgQiAo44OY44OD44OJ44OQ44Oz44OJ5Z6L44K544OG44Os44Kq44OY44OD44OJ44Ob44OzL+ODluODqeODg+OCrykgKE1EUlpYMTEwQik=[rn]
18-38300,aHR0cDovL3RzaG9wLnIxMHMuanAvYWtpYmFtYWMvY2FiaW5ldC8wNDQ2MjUyMi80OTg4MDI4MjIxNTY5LmpwZz9maXRpbj03MDA6NzAw,MTE1Mi4wMDAw,,VFbjg7vjgqrjg7zjg4fjgqPjgqrjg7vjgqvjg6Hjg6kgPiDjgqrjg7zjg4fjgqPjgqogPiDjg5jjg4Pjg4njg5vjg7Pjg7vjgqTjg6Tjg5vjg7M=,44OR44Kk44Kq44OL44Ki44OY44OD44OJ44Ob44Oz77yI44OR44O844OX44Or77yJIFNFLU1KNTIyViAxLjJt44Kz44O844OJIChTRU1KNTIyVik=,,4peG5aSn5Y+j5b6ENDBtbeODpuODi+ODg+ODiO+8huixiuOBi+OBquS9juWfn+WGjeeUnzxicj48YnI+4peG5oqY44KK44Gf44Gf44G/44Kz44Oz44OR44Kv44OI44Gn44OQ44OD44Kw44Gr44K544OD44Kt44OqPGJyPjxicj7il4bkvY7lj43nmbrjgqbjg6zjgr/jg7Pjgq/jg4Pjgrfjg6fjg7Pjgajjg6zjgrbjg7zjgr/jgqTjg5fjgqTjg6Tjg7zjg5Hjg4Pjg4njgafjgIHpn7PmvI/jgozkvY7muJsm6auY44GE6KOF552A5oSf,44OR44Kk44Kq44OL44Ki44OY44OD44OJ44Ob44Oz77yI44OR44O844OX44Or77yJIFNFLU1KNTIyViAxLjJt44Kz44O844OJIChTRU1KNTIyVinvvJrjgr3jg5Xjg57jg4Pjg5fjgIDjg4fjgrjjgr/jg6vjgrPjg6zjgq/jgrfjg6fjg7M=,44K944OV44Oe44OD44OXIOODh+OCuOOCv+ODq+OCs+ODrOOCr+OCt+ODp+ODs1NvZm1hcCBEaWdpdGFsIENvbGxlY3Rpb27jg5Hjgr3jgrPjg7Pjgr/jg5bjg6zjg4Pjg4hQQ0hEROOCouOCu+ODs+ODluODquODkeODvOODhOODkeOCveOCs+ODs+ODkeODvOODhOODhuODrOODk+OCsuODvOODoOODluODq+ODvOODrOOCpOOCveODleODiERWROOCveODleODiOa2suaZtuODhuODrOODk+ODluODq+ODvOODrOOCpOODh+OCo+OCueOCr+ODrOOCs+ODvOODgOODvOODh+OCuOOCv+ODq+S4gOecvOODrOODleOCq+ODoeODqeODh+OCuOOCv+ODq+OCq+ODoeODqeWutumbu+aZguioiOS4reWPpOOAgOOCveODleODiOOCouOCpuODiOODrOODg+ODiOS4reWPpOODjuODvOODiOODkeOCveOCs+ODs+S4reWPpOODkeOCveOCs+ODs+ODkeOCpOOCquODi+OCouODmOODg+ODieODm+ODs++8iOODkeODvOODl+ODq++8iSBTRS1NSjUyMlYgMS4ybeOCs+ODvOODiSAoU0VNSjUyMlYp,44OR44Kk44Kq44OL44Ki44OY44OD44OJ44Ob44Oz77yI44OR44O844OX44Or77yJIFNFLU1KNTIyViAxLjJt44Kz44O844OJIChTRU1KNTIyVik=[rn]
