15-197301,aHR0cDovL3RzaG9wLnIxMHMuanAvY2xvemVzdC9jYWJpbmV0LzAxMzgxOTcyL2Z1bHRvbmVsbGFqb3VsZXMvZnVsdG9ubDA0Mm9yY2hpZGQuanBnP2ZpdGluPTcwMDo3MDA=,NTAxMS4yMDAw,,44OQ44OD44Kw44O75bCP54mp44O744OW44Op44Oz44OJ6ZuR6LKoID4g5YKYID4g44Os44OH44Kj44O844K56Zuo5YKY,RlVMVE9OIOODleODq+ODiOODsyDlgpgg44OQ44O844OJ44Kx44O844K4IOOCquODvOOCreODg+ODieODleOCp+OCoiDplbflgpgg6Iqx5p+EIOODrOODh+OCo+ODvOOCuSDjgYvjgZUg44OX44Os44K844Oz44OIIOOCruODleODiA==,,44Ku44OV44OI5YyF6KOF54Sh5paZ44Gn44GZIDxicj48YnI+PGNlbnRlcj4KPGltZyB3aWR0aD0iMTAwJSIgYm9yZGVyPSIwInNyYz0iaHR0cDovL2ltYWdlLnJha3V0ZW4uY28uanAvY2xvemVzdC9jYWJpbmV0LzAxMzgxOTcyL2Z1bHRvbmVsbGFqb3VsZXMvZnVsdG9ubDA0Mm9yY2hpZGQuanBnIj4KCjxicj4KPGltZyB3aWR0aD0iMTAwJSIgYm9yZGVyPSIwInNyYz0iaHR0cDovL2ltYWdlLnJha3V0ZW4uY28uanAvY2xvemVzdC9jYWJpbmV0LzAxMzgxOTcyL2Z1bHRvbmVsbGFqb3VsZXMvZnVsdG9ubDA0Mm9yY2hpZGYuanBnIj4KPGJyPgo8YnI+RnVsdG9uIOODleODq+ODiOODs+OBruODkOODvOODieOCseODvOOCuCAKPGJyPuODquOCouODq+OCouOCpOOCs+ODs+ODouODh+ODq+OBp+OBmeOAggo8YnI+Cjxicj7jgZPjgaHjgonjga7jg6Ljg4fjg6vjga8KPGJyPnRoZSBRdWVlbiDjgqjjg6rjgrbjg5njgrky5LiW5aWz546L6Zmb5LiL44GrCjxicj7jgZTkvb/nlKjjgYTjgZ/jgaDjgYTjgabjgYTjgovnianjgavjgarjgorjgb7jgZnjgIIgCjxicj4KPGJyPumzpeOBi+OBlOOCkuODouODgeODvOODleOBqOOBl+OBn+S9nOOCiuOBjOmbqOOBquOBqeOBpwo8YnI+6IKp5ZGo44KK44GM5r+h44KM44Gr44GP44GP5qmf6IO95oCn5oqc576k44CCCjxicj7lj6/mhJvjgonjgZfjgZXjga7kuK3jgavlpKfkurrjgarpm7Dlm7LmsJfjga7jgYLjgosi44Kq44O844Kt44OD44OJ44OV44Kn44KiIgo8YnI+Cjxicj7plovplonjgaTjgb7jgb/jga/kuIrjgavmjIHjgaHkuIrjgZLjgovjgaDjgZHjgarjga7jgacKPGJyPuewoeWNmOOCueODoOODvOOCueOBp+OBqOOBpuOCguS+v+WIqeOBp+OBmeOAggo8YnI+5by36aKo44Gr44KC5by344GE54m55q6K44Gq57Sg5p2Q44KS5L2/55So44GX44Gm44GK44KK44G+44GZ44CCCjxicj4q5oyH44Gv44GV44G/6Ziy5q2i44Gu44Gf44KB44Ot44OD44Kv44GM55SY44GE5aC05ZCI44GM44GU44GW44GE44G+44GZ44CCCjxicj7lgpjjgpLplonjgZjjgabjgovpmpvjga/jg5njg6vjg4jjgpLnt6DjgoHjgabjgZTkvb/nlKjkuIvjgZXjgYTjgIIKPGJyPuOBvuOBn+OAgeOBj+OBo+OBpOOBjemYsuatouOBruOBn+OCgeOBrueyieOBjOWhl+W4g+OBleOCjOOBpuOBiuOCiuOBvuOBmeOAggo8YnI+Cjxicj7llYblk4HlkI06ZnVsdG9ubDA0Mm9yY2hpZGZheXJlCjxicj4KPGJyPuODh+OCtuOCpOODszrjgqrjg7zjgq3jg4Pjg4njg5XjgqfjgqIKPGJyPgo8YnI+57Sg5p2QOiDjg53jg6rjgqjjgrnjg4bjg6sgMTAwJQo8YnI+Cjxicj7jgrXjgqTjgro65YWo6ZW3IDk0Y20KPGJyPuebtOW+hDo4NGNtCjxicj4K44CQ5YWo5Zu95LiA5b6L6YCB5paZ54Sh5paZ44CRCjwvY2VudGVyPgo8Y2VudGVyPgo8YnI+CkJpcmQgQ2FnZSDkuIDopqfjga/jgZPjgaHjgonvvIE8YnI+Cjxicj4K44Os44OH44Kj44O844K5IOOCueOCv+ODs+ODgOODvOODieWCmCDkuIDopqfjga/jgZPjgaHjgonvvIE8YnI+Cjxicj48YnI+IApGVUxUT07kuIDopqfjga/jgZPjgaHjgonvvIEKPC9jZW50ZXI+,RlVMVE9OIOODleODq+ODiOODsyDlgpgg44OQ44O844OJ44Kx44O844K4IOOCquODvOOCreODg+ODieODleOCp+OCoiDplbflgpgg6Iqx5p+EIOODrOODh+OCo+ODvOOCuSDjgYvjgZUg44OX44Os44K844Oz44OIIOOCruODleODiO+8mkNMT1pFU1Qg44Oi44OD44K644Oh44Oz44K644Os44OH44Kj44O844K5,6YCa5L+h6LKp5aOy6YCa6LKp44K344On44OD44OU44Oz44Kw44Kq44Oz44Op44Kk44Oz44K344On44OD44OU44Oz44Kw6LK344GE54mp44OX44Os44K844Oz44OI44Ku44OV44OI6LSI44KK54mp6LSI562U5ZOB44GK5Lit5YWD44GK5q2z5pqu44GK6LK344GE5b6X44OV44Os44OD44OJ44Oa44Oq44O8RnJlZCBQZXJyeUJlbiBTaGVybWFu44OZ44Oz44K344Oj44O844Oe44Oz44Oh44Or44KvbWVyY+ODleODq+ODiOODs0Z1bHRvbuODreODvOOCr0xvYWtl44K444On44Oz44K544OI44Oz44K644Oi44OD44K644OV44Kh44OD44K344On44Oz44OE44Kk44O844OJ44Of44Or44Oi44OD44K65YKY44Os44OH44Kj44O844K544Oh44Oz44K66YCa6LKp44OQ44Op44Kv44O844K/44OQ44OW44Ki44O8RlVMVE9OIOODleODq+ODiOODsyDlgpgg44OQ44O844OJ44Kx44O844K4IOOCquODvOOCreODg+ODieODleOCp+OCoiDplbflgpgg6Iqx5p+EIOODrOODh+OCo+ODvOOCuSDjgYvjgZUg44OX44Os44K844Oz44OIIOOCruODleODiA==,6Iux5Zu9546L5a6k5b6h55So6YGUIOOAkOmAgeaWmeeEoeaWmeOAkSDlgpgg44OU44Oz44KvICDjgIJGVUxUT04g44OV44Or44OI44OzIOWCmCDjg5Djg7zjg4njgrHjg7zjgrgg44Kq44O844Kt44OD44OJ44OV44Kn44KiIOmVt+WCmCDoirHmn4Qg44Os44OH44Kj44O844K5IOOBi+OBlSDjg5fjg6zjgrzjg7Pjg4gg44Ku44OV44OI[rn]
15-197302,aHR0cDovL3RzaG9wLnIxMHMuanAvY2xvemVzdC9jYWJpbmV0LzAxMzgxOTcyL2Z1bHRvbmVsbGFqb3VsZXMvZnVsdG9ubDA0MmJsb3Nzb21iaWQuanBnP2ZpdGluPTcwMDo3MDA=,NTE4NC4wMDAw,,44OQ44OD44Kw44O75bCP54mp44O744OW44Op44Oz44OJ6ZuR6LKoID4g5YKYID4g44Os44OH44Kj44O844K56Zuo5YKY,RlVMVE9OIOODleODq+ODiOODsyDlgpgg44OQ44O844OJ44Kx44O844K4IOODluODreODg+OCteODoOODkOODvOODiSDplbflgpgg6Iqx5p+EIOODrOODh+OCo+ODvOOCuSDjgYvjgZUg44OX44Os44K844Oz44OIIOOCruODleODiA==,,44Ku44OV44OI5YyF6KOF54Sh5paZ44Gn44GZIDxicj48YnI+PGNlbnRlcj4KPGltZyB3aWR0aD0iMTAwJSIgYm9yZGVyPSIwInNyYz0iaHR0cDovL2ltYWdlLnJha3V0ZW4uY28uanAvY2xvemVzdC9jYWJpbmV0LzAxMzgxOTcyL2Z1bHRvbmVsbGFqb3VsZXMvZnVsdG9ubDA0MmJsb3Nzb21iaXJkZC5qcGciPgoKPGJyPgo8aW1nIHdpZHRoPSIxMDAlIiBib3JkZXI9IjAic3JjPSJodHRwOi8vaW1hZ2UucmFrdXRlbi5jby5qcC9jbG96ZXN0L2NhYmluZXQvMDEzODE5NzIvZnVsdG9uZWxsYWpvdWxlcy9mdWx0b25sMDQyYmxvc3NvbWJpcmRmLmpwZyI+Cjxicj4KPGJyPkZ1bHRvbiDjg5Xjg6vjg4jjg7Pjga7jg5Djg7zjg4njgrHjg7zjgrggCjxicj7jg5bjg63jg4PjgrXjg6Djg5Djg7zjg4njg6Ljg4fjg6vjgafjgZnjgIIKPGJyPgo8YnI+44GT44Gh44KJ44Gu44Oi44OH44Or44GvCjxicj50aGUgUXVlZW4g44Ko44Oq44K244OZ44K5MuS4luWls+eOi+mZm+S4i+OBqwo8YnI+44GU5L2/55So44GE44Gf44Gg44GE44Gm44GE44KL54mp44Gr44Gq44KK44G+44GZ44CCIAo8YnI+5aSn44GN44KB44Gu44Kt44Oj44OO44OU44O844KS44OQ44O844OJ44Kx44O844K45LiK44GrCjxicj7jgrfjgqfjgqTjg5fjgZfjgabjgYTjgabjgIEKPGJyPuODh+OCtuOCpOODs+aAp+OCguWun+eUqOaAp+OCgumrmOOBhOOCouOCpOODhuODoOOBp+OBmeOAggo8YnI+Cjxicj7ps6XjgYvjgZTjgpLjg6Ljg4Hjg7zjg5XjgajjgZfjgZ/kuLjjgb/jga7jgYLjgovkvZzjgorjgacKPGJyPuiCqeWRqOOCiuOBjOa/oeOCjOOBq+OBj+OBj+apn+iDveaAp+OCguaKnOe+pOOAggo8YnI+6a6u44KE44GL44Gq44OU44Oz44Kv44Gu6Iqx5p+E44GrCjxicj7lubjjgZvjga7osaHlvrTjgIHpnZLjgYTps6XjgYzjg4fjgrbjgqTjg7PjgZXjgozjgabjgYTjgb7jgZnjgIIKPGJyPgo8YnI+6ZaL6ZaJ44Gk44G+44G/44Gv5LiK44Gr5oyB44Gh5LiK44GS44KL44Gg44GR44Gq44Gu44GnCjxicj7nsKHljZjjgrnjg6Djg7zjgrnjgafjgajjgabjgoLkvr/liKnjgafjgZnjgIIKPGJyPuW8t+miqOOBq+OCguW8t+OBhOeJueauiuOBque0oOadkOOCkuS9v+eUqOOBl+OBpuOBiuOCiuOBvuOBmeOAggo8YnI+6Ieq5YiG55So44Gv5Yu/6KuW44Gu44GT44Go44CB44OX44Os44K844Oz44OI44Gr44KCCjxicj7jgYrjgrnjgrnjg6Hjga7jgqLjgqTjg4bjg6DjgafjgZnjgIIKPGJyPgo8YnI+5ZWG5ZOB5ZCNOmZ1bHRvbmwwNDJibG9zc29tYmlyZAo8YnI+Cjxicj7jg4fjgrbjgqTjg7M644OW44Ot44OD44K144Og44OQ44O844OJCjxicj4KPGJyPue0oOadkDog44Od44Oq44Ko44K544OG44OrIDEwMCUKPGJyPgo8YnI+44K144Kk44K6OuWFqOmVtyA5NGNtCjxicj7nm7TlvoQ6ODRjbQo8YnI+CuOAkOWFqOWbveS4gOW+i+mAgeaWmeeEoeaWmeOAkQo8L2NlbnRlcj4KPGNlbnRlcj4KPGJyPgpCaXJkIENhZ2Ug5LiA6Kan44Gv44GT44Gh44KJ77yBPGJyPgo8YnI+CuODrOODh+OCo+ODvOOCuSDjgrnjgr/jg7Pjg4Djg7zjg4nlgpgg5LiA6Kan44Gv44GT44Gh44KJ77yBPGJyPgo8YnI+PGJyPiAKRlVMVE9O5LiA6Kan44Gv44GT44Gh44KJ77yBCjwvY2VudGVyPg==,RlVMVE9OIOODleODq+ODiOODsyDlgpgg44OQ44O844OJ44Kx44O844K4IOODluODreODg+OCteODoOODkOODvOODiSDplbflgpgg6Iqx5p+EIOODrOODh+OCo+ODvOOCuSDjgYvjgZUg44OX44Os44K844Oz44OIIOOCruODleODiO+8mkNMT1pFU1Qg44Oi44OD44K644Oh44Oz44K644Os44OH44Kj44O844K5,6YCa5L+h6LKp5aOy6YCa6LKp44K344On44OD44OU44Oz44Kw44Kq44Oz44Op44Kk44Oz44K344On44OD44OU44Oz44Kw6LK344GE54mp44OX44Os44K844Oz44OI44Ku44OV44OI6LSI44KK54mp6LSI562U5ZOB44GK5Lit5YWD44GK5q2z5pqu44GK6LK344GE5b6X44OV44Os44OD44OJ44Oa44Oq44O8RnJlZCBQZXJyeUJlbiBTaGVybWFu44OZ44Oz44K344Oj44O844Oe44Oz44Oh44Or44KvbWVyY+ODleODq+ODiOODs0Z1bHRvbuODreODvOOCr0xvYWtl44K444On44Oz44K544OI44Oz44K644Oi44OD44K644OV44Kh44OD44K344On44Oz44OE44Kk44O844OJ44Of44Or44Oi44OD44K65YKY44Os44OH44Kj44O844K544Oh44Oz44K66YCa6LKp44OQ44Op44Kv44O844K/44OQ44OW44Ki44O8RlVMVE9OIOODleODq+ODiOODsyDlgpgg44OQ44O844OJ44Kx44O844K4IOODluODreODg+OCteODoOODkOODvOODiSDplbflgpgg6Iqx5p+EIOODrOODh+OCo+ODvOOCuSDjgYvjgZUg44OX44Os44K844Oz44OIIOOCruODleODiA==,6Iux5Zu9546L5a6k5b6h55So6YGUIOOAkOmAgeaWmeeEoeaWmeOAkSDlgpgg44OU44Oz44KvICDjgIJGVUxUT04g44OV44Or44OI44OzIOWCmCDjg5Djg7zjg4njgrHjg7zjgrgg44OW44Ot44OD44K144Og44OQ44O844OJIOmVt+WCmCDoirHmn4Qg44Os44OH44Kj44O844K5IOOBi+OBlSDjg5fjg6zjgrzjg7Pjg4gg44Ku44OV44OI[rn]
15-197303,aHR0cDovL3RzaG9wLnIxMHMuanAvY2xvemVzdC9jYWJpbmV0LzAxMzgxOTcyL2Z1bHRvbmVsbGFqb3VsZXMvZnVsdG9ubDcxNXN0cndhYmVycmQuanBnP2ZpdGluPTcwMDo3MDA=,NjkxMi4wMDAw,,44OQ44OD44Kw44O75bCP54mp44O744OW44Op44Oz44OJ6ZuR6LKoID4g5YKYID4g44Os44OH44Kj44O844K56Zuo5YKY,44OV44Or44OI44OzIEZVTFRPTiAg5YKYIOODrOODh+OCo+ODvOOCuSDjgYvjgZUgU3Ryd2FiZXJyeSBUaGllZiDjgYTjgaHjgZTms6Xmo5Ig44Oi44Oq44K5IOmVt+WCmCDjg5fjg6zjgrzjg7Pjg4gg44Ku44OV44OI,,44Ku44OV44OI5YyF6KOF54Sh5paZ44Gn44GZIDxicj48YnI+PGNlbnRlcj48aW1nIHdpZHRoPSIxMDAlIiBib3JkZXI9IjAic3JjPSJodHRwOi8vaW1hZ2UucmFrdXRlbi5jby5qcC9jbG96ZXN0L2NhYmluZXQvMDEzODE5NzIvZnVsdG9uZWxsYWpvdWxlcy9mdWx0b25sNzE1c3Ryd2FiZXJyZC5qcGciPgo8aW1nIHdpZHRoPSIxMDAlIiBib3JkZXI9IjAic3JjPSJodHRwOi8vaW1hZ2UucmFrdXRlbi5jby5qcC9jbG96ZXN0L2NhYmluZXQvMDEzODE5NzIvZnVsdG9uZWxsYWpvdWxlcy9mdWx0b25sNzE1c3RyYXdiZXJyZi5naWYiPjxicj4KPGJyPkZ1bHRvbiDjg5Xjg6vjg4jjg7PDl+OCpuOCo+ODquOCouODoOODu+ODouODquOCueOBrgo8YnI+44Kz44Op44Oc44Os44O844K344On44Oz44Oi44OH44Or44Gn44GZ44CCCjxicj4KPGJyPuacrOeJqeOBruacqOOCkuS9v+eUqOOBl+OBn+OCt+ODo+ODleODiOOBqAo8YnI+6YeR5bGe44Gu6aqo57WE44G/44GM44OH44K244Kk44Oz5oCn44Go6ICQ5LmF5oCn44KS5Lih56uL44GX44G+44GX44Gf44CCCjxicj7ou73ph4/jgarjga7jgoLnibnlvrTjgafjgZnjgIIKPGJyPuS4iuWTgeOBquOCueODiOODreODmeODquODvOOCt+ODvOODleODh+OCtuOCpOODs+OBruiKuOihk+eahOOBquOCouODs+ODluODrOODqeOBp+OBmeOAggo8YnI+44Kv44Op44K344OD44Kv44Gn44Gp44Gu5LiW5Luj44Gr44KC44GK44GZ44GZ44KB44CCCjxicj4KPGJyPuODj+ODs+ODieODq+OBq+OBr+ODh+OCtuOCpOODiuODvOOAgQo8YnI+44Km44Kj44Oq44Ki44Og44O744Oi44Oq44K544Gu5Ym15qWt44GX44Gf44OW44Op44Oz44OJCjxicj5NT1JSSVMmQ28u44Gu5Yi75Y2w44GM5Yi744G+44KM44Gm44GE44G+44GZ44CCCjxicj7plovplonjgoLjgqTjgr/jg6rjgqLjg7Pjgrnjgr/jgqTjg6vjgacKPGJyPuOBqOOBpuOCguOCueODoOODvOOCueOBp+OBmeOAggo8YnI+44Ku44OV44OI44Gr44KC5aSn5aSJ5Zac44Gw44KM44KL5LiA5ZOB44Gn44GZ44CCCjxicj4KPGJyPgo8YnI+5ZWG5ZOB5ZCNOiBmdWx0b25sNzE1Cjxicj4KPGJyPuODh+OCtuOCpOODszog44K544OI44Ot44OZ44Oq44O844K344O844OVCjxicj4KPGJyPue0oOadkDog44Od44Oq44Ko44K544OG44OrIDEwMCUKPGJyPgo8YnI+5YWo6ZW3Ojg5Y20KPGJyPuebtOW+hDoxMDJjbQo8YnI+Cjxicj4KPGJyPgrjgJDlhajlm73kuIDlvovpgIHmlpnnhKHmlpnjgJE8YnI+Cjxicj4KPC9jZW50ZXI+CjxjZW50ZXI+CgpVSyDjg6Ljg4Pjgrrjg5XjgqHjg4Pjgrfjg6fjg7Pjgrvjg6zjgq/jg4jjgrfjg6fjg4Pjg5c8YnI+CkFCQkVZIENMT1pFU1Q8YnI+CuOCouODk+ODvOOCr+ODreODvOOCvOOCueODiDxicj4K44GK5bqX44OI44OD44OXCjwvY2VudGVyPgo8YnI+,44OV44Or44OI44OzIEZVTFRPTiAg5YKYIOODrOODh+OCo+ODvOOCuSDjgYvjgZUgU3Ryd2FiZXJyeSBUaGllZiDjgYTjgaHjgZTms6Xmo5Ig44Oi44Oq44K5IOmVt+WCmCDjg5fjg6zjgrzjg7Pjg4gg44Ku44OV44OI77yaQ0xPWkVTVCDjg6Ljg4Pjgrrjg6Hjg7Pjgrrjg6zjg4fjgqPjg7zjgrk=,6YCa5L+h6LKp5aOy6YCa6LKp44K344On44OD44OU44Oz44Kw44Kq44Oz44Op44Kk44Oz44K344On44OD44OU44Oz44Kw6LK344GE54mp44OX44Os44K844Oz44OI44Ku44OV44OI6LSI44KK54mp6LSI562U5ZOB44GK5Lit5YWD44GK5q2z5pqu44GK6LK344GE5b6X44OV44Os44OD44OJ44Oa44Oq44O8RnJlZCBQZXJyeUJlbiBTaGVybWFu44OZ44Oz44K344Oj44O844Oe44Oz44Oh44Or44KvbWVyY+ODleODq+ODiOODs0Z1bHRvbuODreODvOOCr0xvYWtl44K444On44Oz44K544OI44Oz44K644Oi44OD44K644OV44Kh44OD44K344On44Oz44OE44Kk44O844OJ44Of44Or44Oi44OD44K65YKY44Os44OH44Kj44O844K544Oh44Oz44K66YCa6LKp44OQ44Op44Kv44O844K/44OQ44OW44Ki44O844OV44Or44OI44OzIEZVTFRPTiAg5YKYIOODrOODh+OCo+ODvOOCuSDjgYvjgZUgU3Ryd2FiZXJyeSBUaGllZiDjgYTjgaHjgZTms6Xmo5Ig44Oi44Oq44K5IOmVt+WCmCDjg5fjg6zjgrzjg7Pjg4gg44Ku44OV44OI,6Iux5Zu9546L5a6k5b6h55So6YGUIEZVTFRPTuOAkOmAgeaWmeeEoeaWmeOAkSDlgpggIOOAguODleODq+ODiOODsyBGVUxUT04gIOWCmCDjg6zjg4fjgqPjg7zjgrkg44GL44GVIFN0cndhYmVycnkgVGhpZWYg44GE44Gh44GU5rOl5qOSIOODouODquOCuSDplbflgpgg44OX44Os44K844Oz44OIIOOCruODleODiA==[rn]
15-197304,aHR0cDovL3RzaG9wLnIxMHMuanAvY2xvemVzdC9jYWJpbmV0LzAxMzgxOTcyL2Z1bHRvbmVsbGFqb3VsZXMvZnVsdG9ubDA0MXBpbmtkLmpwZz9maXRpbj03MDA6NzAw,NDMyMC4wMDAw,,44OQ44OD44Kw44O75bCP54mp44O744OW44Op44Oz44OJ6ZuR6LKoID4g5YKYID4g44Os44OH44Kj44O844K56Zuo5YKY,44OV44Or44OI44OzIEZVTFRPTiDlgpgg44Os44OH44Kj44O844K5IOODkOODvOODieOCseODvOOCuCBGVUxUT04g44Os44OH44Kj44O844K5IOmVt+WCmCDpgI/mmI4g44OU44Oz44KvIOOBi+OBlSDps6XjgYvjgZQg44Ko44Oq44K244OZ44K55aWz546LIOODl+ODrOOCvOODs+ODiCDjgq7jg5Xjg4g=,,44Ku44OV44OI5YyF6KOF54Sh5paZ44Gn44GZIDxicj48YnI+PGNlbnRlcj48aW1nIHdpZHRoPSIxMDAlIiBib3JkZXI9IjAic3JjPSJodHRwOi8vaW1hZ2UucmFrdXRlbi5jby5qcC9jbG96ZXN0L2NhYmluZXQvMDEzODE5NzIvZnVsdG9uZWxsYWpvdWxlcy9mdWx0b25sMDQxcGlua2QuanBnIj4KCjxpbWcgd2lkdGg9IjEwMCUiIGJvcmRlcj0iMCJzcmM9Imh0dHA6Ly9pbWFnZS5yYWt1dGVuLmNvLmpwL2Nsb3plc3QvY2FiaW5ldC8wMTM4MTk3Mi9mdWx0b25lbGxham91bGVzL2Z1bHRvbmwwNDFwaW5rYy5qcGciPjxicj4KRnVsdG9uIOODleODq+ODiOODs+OBruODkOODvOODieOCseODvOOCuCDjg6rjgqLjg6vjgqLjgqTjgrPjg7Pjg6Ljg4fjg6vjgafjgZnjgII8YnI+CuOBk+OBoeOCieOBruODouODh+ODq+OBr3RoZSBRdWVlbiDjgqjjg6rjgrbjg5njgrky5LiW5aWz546L6Zmb5LiL44Gr44GU5L2/55So44GE44Gf44Gg44GE44Gm44GE44KL54mp44Gr44Gq44KK44G+44GZ44CCPGJyPiAK44OQ44O844OJ44Kx44O844K45LiK44Gr44K344Kn44Kk44OX44GX44Gm44KL44Gu44Gn44CB5a6f55So44Gr44KC6YGp44GX44Gm44GK44KK44G+44GZ44CCPGJyPgrps6XjgYvjgZTjgpLjg6Ljg4Hjg7zjg5XjgajjgZfjgZ/kuLjjgb/jgavjgojjgorjgIHpm6jjgarjganjgafogqnlkajjgorjgYzmv6HjgozjgavjgY/jgY/mqZ/og73mgKfjg5Djg4TjgrDjg7PjgII8YnI+Cjxicj4K6ZaL6ZaJ44Gk44G+44G/44Gv5LiK44Gr5oyB44Gh5LiK44GS44KL44Gg44GR44Gq44Gu44Gn57Ch5Y2Y44K544Og44O844K544Gn44Go44Gm44KC5L6/5Yip44Gn44GZ44CCPGJyPgoq5oyH44Gv44GV44G/6Ziy5q2i44Gu44Gf44KB44Ot44OD44Kv44GM55SY44GE5aC05ZCI44GM44GU44GW44GE44G+44GZ44CCPGJyPgrlgpjjgpLplonjgZjjgabjgovpmpvjga/jg5njg6vjg4jjgpLnt6DjgoHjgabjgZTkvb/nlKjkuIvjgZXjgYTjgII8YnI+CuOBvuOBn+OAgeOBj+OBo+OBpOOBjemYsuatouOBruOBn+OCgeOBrueyieOBjOWhl+W4g+OBleOCjOOBpuOBiuOCiuOBvuOBmeOAgjxicj4KPGJyPgo8YnI+44GT44Gh44KJ44Gu5YKY44Gv5b2i54q25LiK44CB572u44GN5bmy44GX44KS44GZ44KL44GoCjxicj7jg5Xjg6zjg7zjg6DjgavpgY7luqbjga7osqDojbfjgYzjgYvjgYvjgorjgb7jgZnjga7jgafjgIEKPGJyPuOBlOS9v+eUqOW+jOOBruS5vueHpeWHpueQhuOBr+mHo+OCiuW5suOBl+OBp+OBiumhmOOBhOOBl+OBvuOBmeOAggo8YnI+CuWVhuWTgeWQjTogZnVsdG9ubDA0MTxicj4K44OH44K244Kk44OzOiDjg5Tjg7Pjgq88YnI+Cue0oOadkDogUFZDIDEwMCU8YnI+Cjxicj4K44K144Kk44K6OuWFqOmVtyA5NGNtPGJyPgrnm7TlvoQ6ODRjbTxicj4KPGJyPgo8YnI+CuOAkOWFqOWbveS4gOW+i+mAgeaWmeeEoeaWmeOAkTxicj4KPGJyPgo8L2NlbnRlcj4gCjxjZW50ZXI+CgpVSyDjg6Ljg4Pjgrrjg5XjgqHjg4Pjgrfjg6fjg7Pjgrvjg6zjgq/jg4jjgrfjg6fjg4Pjg5c8YnI+CkFCQkVZIENMT1pFU1Q8YnI+CuOCouODk+ODvOOCr+ODreODvOOCvOOCueODiDxicj4K44GK5bqX44OI44OD44OXCjwvY2VudGVyPgo8YnI+,44OV44Or44OI44OzIEZVTFRPTiDlgpgg44Os44OH44Kj44O844K5IOODkOODvOODieOCseODvOOCuCBGVUxUT04g44Os44OH44Kj44O844K5IOmVt+WCmCDpgI/mmI4g44OU44Oz44KvIOOBi+OBlSDps6XjgYvjgZQg44Ko44Oq44K244OZ44K55aWz546LIOODl+ODrOOCvOODs+ODiCDjgq7jg5Xjg4jvvJpDTE9aRVNUIOODouODg+OCuuODoeODs+OCuuODrOODh+OCo+ODvOOCuQ==,6YCa5L+h6LKp5aOy6YCa6LKp44K344On44OD44OU44Oz44Kw44Kq44Oz44Op44Kk44Oz44K344On44OD44OU44Oz44Kw6LK344GE54mp44OX44Os44K844Oz44OI44Ku44OV44OI6LSI44KK54mp6LSI562U5ZOB44GK5Lit5YWD44GK5q2z5pqu44GK6LK344GE5b6X44OV44Os44OD44OJ44Oa44Oq44O8RnJlZCBQZXJyeUJlbiBTaGVybWFu44OZ44Oz44K344Oj44O844Oe44Oz44Oh44Or44KvbWVyY+ODleODq+ODiOODs0Z1bHRvbuODreODvOOCr0xvYWtl44K444On44Oz44K544OI44Oz44K644Oi44OD44K644OV44Kh44OD44K344On44Oz44OE44Kk44O844OJ44Of44Or44Oi44OD44K65YKY44Os44OH44Kj44O844K544Oh44Oz44K66YCa6LKp44OQ44Op44Kv44O844K/44OQ44OW44Ki44O844OV44Or44OI44OzIEZVTFRPTiDlgpgg44Os44OH44Kj44O844K5IOODkOODvOODieOCseODvOOCuCBGVUxUT04g44Os44OH44Kj44O844K5IOmVt+WCmCDpgI/mmI4g44OU44Oz44KvIOOBi+OBlSDps6XjgYvjgZQg44Ko44Oq44K244OZ44K55aWz546LIOODl+ODrOOCvOODs+ODiCDjgq7jg5Xjg4g=,44CQ6YCB5paZ54Sh5paZ44CR6Iux5Zu9546L5a6k5b6h55So6YGUIEZVTFRPTiDlgpggIOOAguODleODq+ODiOODsyBGVUxUT04g5YKYIOODrOODh+OCo+ODvOOCuSDjg5Djg7zjg4njgrHjg7zjgrggRlVMVE9OIOODrOODh+OCo+ODvOOCuSDplbflgpgg6YCP5piOIOODlOODs+OCryDjgYvjgZUg6bOl44GL44GUIOOCqOODquOCtuODmeOCueWls+eOiyDjg5fjg6zjgrzjg7Pjg4gg44Ku44OV44OI[rn]
15-197305,aHR0cDovL3RzaG9wLnIxMHMuanAvY2xvemVzdC9jYWJpbmV0LzAxMzgxOTcyL2Z1bHRvbmVsbGFqb3VsZXMvZnVsdG9ubDU1M3NwaXJvZC5qcGc/Zml0aW49NzAwOjcwMA==,NDc1Mi4wMDAw,,44OQ44OD44Kw44O75bCP54mp44O744OW44Op44Oz44OJ6ZuR6LKoID4g5YKYID4g44Os44OH44Kj44O844K56Zuo5YKY,RlVMVE9OIOWCmCDmipjjgorjgZ/jgZ/jgb/lgpgg44Ki44Oz44OW44Os44OpIFN1cGVyIFNsaW0g44CQ6YCB5paZ54Sh5paZ44CRIOODleODq+ODiOODsyDjgrnjg7zjg5Hjg7zjgrnjg6rjg6Ag6Iux5Zu9546L5a6k5b6h55So6YGUIOOCueODlOODreOCsOODqeODlSDoirHmn4Qg44OV44Op44Ov44O8IOWwj+WeiyDjg5/jg4sg44Os44OH44Kj44O844K5IEZvbGRpbmcgVW1icmVsbGEg44GL44GVIOODouODg+OCuiDjg5XjgqHjg4Pjgrfjg6fjg7Mg44Kk44Ku44Oq44K5IOODreODs+ODieODsyBmdWx0b25sNTUzc3Bpcm9ncmFwaCDjgq7jg5Xjg4g=,,44Ku44OV44OI5YyF6KOF54Sh5paZ44Gn44GZIDxicj48YnI+PGNlbnRlcj48aW1nIHdpZHRoPSIxMDAlIiBib3JkZXI9IjAic3JjPSJodHRwOi8vaW1hZ2UucmFrdXRlbi5jby5qcC9jbG96ZXN0L2NhYmluZXQvMDEzODE5NzIvZnVsdG9uZWxsYWpvdWxlcy9mdWx0b25sNTUzc3Bpcm9kLmpwZyI+CjxpbWcgd2lkdGg9IjEwMCUiIGJvcmRlcj0iMCJzcmM9Imh0dHA6Ly9pbWFnZS5yYWt1dGVuLmNvLmpwL2Nsb3plc3QvY2FiaW5ldC8wMTM4MTk3Mi9mdWx0b25lbGxham91bGVzL2Z1bHRvbmw1NTNzcGlyb2UuanBnIj4KPGltZyB3aWR0aD0iMTAwJSIgYm9yZGVyPSIwInNyYz0iaHR0cDovL2ltYWdlLnJha3V0ZW4uY28uanAvY2xvemVzdC9jYWJpbmV0LzAxMzgxOTcyL2Z1bHRvbmVsbGFqb3VsZXMvZnVsdG9ubDU1M3NwaXJvZ3JhcGYuZ2lmIj4KPGJyPgpGbHRvbiDjg5Xjg6vjg4jjg7Pjga5TdXBlcnNsaW3jg6Ljg4fjg6vjgafjgZnjgII8YnI+CuOBk+OBoeOCieOBruODouODh+ODq+OBr+aKmOOCiueVs+OBv+aZgjIyeDNjbeOBruOCs+ODs+ODkeOCr+ODiOOCteOCpOOCuuOBq+OCgumWouOCj+OCieOBmuOAgeOCquODvOODl+ODs+aZgjg2Y23jga7luoPjgZXjgpLjgqvjg5Djg7zjgZfjgabjgb7jgZnjgII8YnI+Cjxicj4K5by35bqm44KS6JC944Go44GV44Ga6Lu96YeP5oSf44KS6YeN6KaW44GX44Gf5L2c44KK44Gr44Gq44Gj44Gm44GE44Gm44CB6ZaL44GP44Go5aSn44GN44GE44Gu44Gn6IKp5ZGo44KK44GM6Zuo44Gn5r+h44KM44Gr44GP44GP44CB5qmf6IO95oCn44OQ44OE44Kw44Oz44Gn44GZ44CCPGJyPgrmipjjgorjgZ/jgZ/jgoDjgajjgYvjgZXlvLXjgonjgZrlj47ntI3jgoLkvr/liKnjgafjgZnjgII8YnI+CuS4iuWTgeOBp+OCqOODrOOCrOODs+ODiOOBquiJsuWQiOOBhOOBruOCueODlOODreOCsOODqeODleODh+OCtuOCpOODs+OAgjxicj4KPGJyPgrplovplonjgaTjgb7jgb/jga/kuIrjgavmjIHjgaHkuIrjgZLjgovjgaDjgZHjgarjga7jgafnsKHljZjjgrnjg6Djg7zjgrnjgafkvr/liKnjgafjgZnjgII8YnI+CuW8t+miqOOBq+OCguW8t+OBhOeJueauiuOBque0oOadkOOCkuS9v+eUqOOBl+OBpuOBiuOCiuOBvuOBmeOAgiA8YnI+Cjxicj4K5ZWG5ZOB5ZCNOiBmdWx0b25sNTUzPGJyPgrjg4fjgrbjgqTjg7M644K544OU44Ot44Kw44Op44OVPGJyPgrntKDmnZA644Od44Oq44Ko44K544OG44OrIDEwMCU8YnI+Cjxicj4K44K144Kk44K6OueVs+OCk+OBoOeKtuaFizoyMmNtLCDnm7TlvoQgM2NtPGJyPgrplovjgYTjgZ/nirbmhYs655u05b6EOjg2Y208YnI+Cjxicj4KPGJyPgrjgJDlhajlm73kuIDlvovpgIHmlpnnhKHmlpnjgJE8YnI+Cjxicj4KPC9jZW50ZXI+IOOAkHNtdGItVEvjgJEKPGNlbnRlcj4KClVLIOODouODg+OCuuODleOCoeODg+OCt+ODp+ODs+OCu+ODrOOCr+ODiOOCt+ODp+ODg+ODlzxicj4KQUJCRVkgQ0xPWkVTVDxicj4K44Ki44OT44O844Kv44Ot44O844K844K544OIPGJyPgrjgYrlupfjg4jjg4Pjg5cKPC9jZW50ZXI+Cjxicj4=,RlVMVE9OIOWCmCDmipjjgorjgZ/jgZ/jgb/lgpgg44Ki44Oz44OW44Os44OpIFN1cGVyIFNsaW0g44CQ6YCB5paZ54Sh5paZ44CRIOODleODq+ODiOODsyDjgrnjg7zjg5Hjg7zjgrnjg6rjg6Ag6Iux5Zu9546L5a6k5b6h55So6YGUIOOCueODlOODreOCsOODqeODlSDoirHmn4Qg44OV44Op44Ov44O8IOWwj+WeiyDjg5/jg4sg44Os44OH44Kj44O844K5IEZvbGRpbmcgVW1icmVsbGEg44GL44GVIOODouODg+OCuiDjg5XjgqHjg4Pjgrfjg6fjg7Mg44Kk44Ku44Oq44K5IOODreODs+ODieODsyBmdWx0b25sNTUzc3Bpcm9ncmFwaCDjgq7jg5Xjg4jvvJpDTE9aRVNUIOODouODg+OCuuODoeODs+OCuuODrOODh+OCo+ODvOOCuQ==,6YCa5L+h6LKp5aOy6YCa6LKp44K344On44OD44OU44Oz44Kw44Kq44Oz44Op44Kk44Oz44K344On44OD44OU44Oz44Kw6LK344GE54mp44OX44Os44K844Oz44OI44Ku44OV44OI6LSI44KK54mp6LSI562U5ZOB44GK5Lit5YWD44GK5q2z5pqu44GK6LK344GE5b6X44OV44Os44OD44OJ44Oa44Oq44O8RnJlZCBQZXJyeUJlbiBTaGVybWFu44OZ44Oz44K344Oj44O844Oe44Oz44Oh44Or44KvbWVyY+ODleODq+ODiOODs0Z1bHRvbuODreODvOOCr0xvYWtl44K444On44Oz44K544OI44Oz44K644Oi44OD44K644OV44Kh44OD44K344On44Oz44OE44Kk44O844OJ44Of44Or44Oi44OD44K65YKY44Os44OH44Kj44O844K544Oh44Oz44K66YCa6LKp44OQ44Op44Kv44O844K/44OQ44OW44Ki44O8RlVMVE9OIOWCmCDmipjjgorjgZ/jgZ/jgb/lgpgg44Ki44Oz44OW44Os44OpIFN1cGVyIFNsaW0g44CQ6YCB5paZ54Sh5paZ44CRIOODleODq+ODiOODsyDjgrnjg7zjg5Hjg7zjgrnjg6rjg6Ag6Iux5Zu9546L5a6k5b6h55So6YGUIOOCueODlOODreOCsOODqeODlSDoirHmn4Qg44OV44Op44Ov44O8IOWwj+WeiyDjg5/jg4sg44Os44OH44Kj44O844K5IEZvbGRpbmcgVW1icmVsbGEg44GL44GVIOODouODg+OCuiDjg5XjgqHjg4Pjgrfjg6fjg7Mg44Kk44Ku44Oq44K5IOODreODs+ODieODsyBmdWx0b25sNTUzc3Bpcm9ncmFwaCDjgq7jg5Xjg4g=,44OV44Or44OI44OzIEZVTFRPTiDlgpgg6Iux5Zu9546L5a6k5b6h55So6YGUIOOAgkZVTFRPTiDlgpgg5oqY44KK44Gf44Gf44G/5YKYIOOCouODs+ODluODrOODqSBTdXBlciBTbGltIOOAkOmAgeaWmeeEoeaWmeOAkSDjg5Xjg6vjg4jjg7Mg44K544O844OR44O844K544Oq44OgIOiLseWbveeOi+WupOW+oeeUqOmBlCDjgrnjg5Tjg63jgrDjg6njg5Ug6Iqx5p+EIOODleODqeODr+ODvCDlsI/lnosg44Of44OLIOODrOODh+OCo+ODvOOCuSBGb2xkaW5nIFVtYnJlbGxhIOOBi+OBlSDjg6Ljg4Pjgrog44OV44Kh44OD44K344On44OzIOOCpOOCruODquOCuSDjg63jg7Pjg4njg7MgZnVsdG9ubDU1M3NwaXJvZ3JhcGgg44Ku44OV44OI[rn]
15-197306,aHR0cDovL3RzaG9wLnIxMHMuanAvY2xvemVzdC9jYWJpbmV0LzAxMzgxOTcyL2Z1bHRvbmVsbGFqb3VsZXMvZnVsdG9ubDU1M2FudGlxdWVyZC5qcGc/Zml0aW49NzAwOjcwMA==,NDc1Mi4wMDAw,,44OQ44OD44Kw44O75bCP54mp44O744OW44Op44Oz44OJ6ZuR6LKoID4g5YKYID4g44Os44OH44Kj44O844K56Zuo5YKY,44OV44Or44OI44OzIEZVTFRPTiDlgpgg5oqY44KK44Gf44Gf44G/5YKYIOOCouODs+ODluODrOODqSDjgrnjg7zjg5Hjg7zjgrnjg6rjg6Ag44CQ6YCB5paZ54Sh5paZ44CRIOiLseWbveeOi+WupOW+oeeUqOmBlCDoirHmn4Qg44OV44Op44Ov44O8IOOCouODs+ODhuOCo+ODvOOCryDjg63jg7zjgrog44OW44Op44OD44KvIOWwj+WeiyDjg5/jg4sg44Os44OH44Kj44O844K5IFN1cGVyIFNsaW0gRm9sZGluZyBVbWJyZWxsYSDjgYvjgZUg44Oi44OD44K6IOODleOCoeODg+OCt+ODp+ODsyDjgqTjgq7jg6rjgrkg44Ot44Oz44OJ44OzIGZ1bHRvbmw1NTNhbnRpcXVlcm9zZWJsYWNr,,44Ku44OV44OI5YyF6KOF54Sh5paZ44Gn44GZIDxicj48YnI+PGNlbnRlcj48aW1nIHdpZHRoPSIxMDAlIiBib3JkZXI9IjAic3JjPSJodHRwOi8vaW1hZ2UucmFrdXRlbi5jby5qcC9jbG96ZXN0L2NhYmluZXQvMDEzODE5NzIvZnVsdG9uZWxsYWpvdWxlcy9mdWx0b25sNTUzYW50aXF1ZXJkLmpwZyI+CjxpbWcgd2lkdGg9IjEwMCUiIGJvcmRlcj0iMCJzcmM9Imh0dHA6Ly9pbWFnZS5yYWt1dGVuLmNvLmpwL2Nsb3plc3QvY2FiaW5ldC8wMTM4MTk3Mi9mdWx0b25lbGxham91bGVzL2w1NTNhbnRpcXVlcm9zZWJsYWNmLmdpZiI+PGJyPgpGbHRvbiDjg5Xjg6vjg4jjg7Pjga5TdXBlcnNsaW3jg6Ljg4fjg6vjgafjgZnjgII8YnI+CuOBk+OBoeOCieOBruODouODh+ODq+OBr+aKmOOCiueVs+OBv+aZgjIyeDNjbeOBruOCs+ODs+ODkeOCr+ODiOOCteOCpOOCuuOBq+OCgumWouOCj+OCieOBmuOAgeOCquODvOODl+ODs+aZgjg2Y23jga7luoPjgZXjgpLjgqvjg5Djg7zjgZfjgabjgb7jgZnjgII8YnI+CgrlvLfluqbjgpLokL3jgajjgZXjgZrou73ph4/mhJ/jgpLph43oppbjgZfjgZ/kvZzjgorjgavjgarjgaPjgabjgYTjgabjgIHplovjgY/jgajlpKfjgY3jgYTjga7jgafogqnlkajjgorjgYzpm6jjgafmv6HjgozjgavjgY/jgY/jgIHmqZ/og73mgKfjg5Djg4TjgrDjg7PjgafjgZnjgII8YnI+CuaKmOOCiuOBn+OBn+OCgOOBqOOBi+OBleW8teOCieOBmuWPjue0jeOCguS+v+WIqeOBp+OBmeOAgjxicj4K5LiK5ZOB44Gq44OW44Op44OD44Kv44KS44OZ44O844K544Gr44Ki44Oz44OG44Kj44O844Kv44Ot44O844K644OX44Oq44Oz44OI44GM44Go44Gm44KC44GK5rSS6JC944Gn44GZ4piGPGJyPgo8YnI+CumWi+mWieOBpOOBvuOBv+OBr+S4iuOBq+aMgeOBoeS4iuOBkuOCi+OBoOOBkeOBquOBruOBp+ewoeWNmOOCueODoOODvOOCueOBp+OBqOOBpuOCguS+v+WIqeOBp+OBmeOAgjxicj4K5by36aKo44Gr44KC5by344GE54m55q6K44Gq57Sg5p2Q44KS5L2/55So44GX44Gm44GK44KK44G+44GZ44CCIDxicj4KPGJyPgrllYblk4HlkI06IGZ1bHRvbmw1NTNhbnRpcXVlcm9zZWJsYWNrPGJyPgrjg4fjgrbjgqTjg7M6IOOCouODs+ODhuOCo+ODvOOCr+ODreODvOOCujxicj4K57Sg5p2QOiDjgqLjg6vjg5/jg5Xjg6zjg7zjg6A8YnI+Cjxicj4K44K144Kk44K6OueVs+OCk+OBoOeKtuaFizoyMmNtLCDnm7TlvoQgM2NtPGJyPgrplovjgYTjgZ/nirbmhYs655u05b6EOjg2Y208YnI+Cjxicj4KPGJyPgrjgJDlhajlm73kuIDlvovpgIHmlpnnhKHmlpnjgJE8YnI+Cjxicj4KPC9jZW50ZXI+IAo8Y2VudGVyPgoKVUsg44Oi44OD44K644OV44Kh44OD44K344On44Oz44K744Os44Kv44OI44K344On44OD44OXPGJyPgpBQkJFWSBDTE9aRVNUPGJyPgrjgqLjg5Pjg7zjgq/jg63jg7zjgrzjgrnjg4g8YnI+CuOBiuW6l+ODiOODg+ODlwo8L2NlbnRlcj4KPGJyPg==,44OV44Or44OI44OzIEZVTFRPTiDlgpgg5oqY44KK44Gf44Gf44G/5YKYIOOCouODs+ODluODrOODqSDjgrnjg7zjg5Hjg7zjgrnjg6rjg6Ag44CQ6YCB5paZ54Sh5paZ44CRIOiLseWbveeOi+WupOW+oeeUqOmBlCDoirHmn4Qg44OV44Op44Ov44O8IOOCouODs+ODhuOCo+ODvOOCryDjg63jg7zjgrog44OW44Op44OD44KvIOWwj+WeiyDjg5/jg4sg44Os44OH44Kj44O844K5IFN1cGVyIFNsaW0gRm9sZGluZyBVbWJyZWxsYSDjgYvjgZUg44Oi44OD44K6IOODleOCoeODg+OCt+ODp+ODsyDjgqTjgq7jg6rjgrkg44Ot44Oz44OJ44OzIGZ1bHRvbmw1NTNhbnRpcXVlcm9zZWJsYWNr77yaQ0xPWkVTVCDjg6Ljg4Pjgrrjg6Hjg7Pjgrrjg6zjg4fjgqPjg7zjgrk=,6YCa5L+h6LKp5aOy6YCa6LKp44K344On44OD44OU44Oz44Kw44Kq44Oz44Op44Kk44Oz44K344On44OD44OU44Oz44Kw6LK344GE54mp44OX44Os44K844Oz44OI44Ku44OV44OI6LSI44KK54mp6LSI562U5ZOB44GK5Lit5YWD44GK5q2z5pqu44GK6LK344GE5b6X44OV44Os44OD44OJ44Oa44Oq44O8RnJlZCBQZXJyeUJlbiBTaGVybWFu44OZ44Oz44K344Oj44O844Oe44Oz44Oh44Or44KvbWVyY+ODleODq+ODiOODs0Z1bHRvbuODreODvOOCr0xvYWtl44K444On44Oz44K544OI44Oz44K644Oi44OD44K644OV44Kh44OD44K344On44Oz44OE44Kk44O844OJ44Of44Or44Oi44OD44K65YKY44Os44OH44Kj44O844K544Oh44Oz44K66YCa6LKp44OQ44Op44Kv44O844K/44OQ44OW44Ki44O844OV44Or44OI44OzIEZVTFRPTiDlgpgg5oqY44KK44Gf44Gf44G/5YKYIOOCouODs+ODluODrOODqSDjgrnjg7zjg5Hjg7zjgrnjg6rjg6Ag44CQ6YCB5paZ54Sh5paZ44CRIOiLseWbveeOi+WupOW+oeeUqOmBlCDoirHmn4Qg44OV44Op44Ov44O8IOOCouODs+ODhuOCo+ODvOOCryDjg63jg7zjgrog44OW44Op44OD44KvIOWwj+WeiyDjg5/jg4sg44Os44OH44Kj44O844K5IFN1cGVyIFNsaW0gRm9sZGluZyBVbWJyZWxsYSDjgYvjgZUg44Oi44OD44K6IOODleOCoeODg+OCt+ODp+ODsyDjgqTjgq7jg6rjgrkg44Ot44Oz44OJ44OzIGZ1bHRvbmw1NTNhbnRpcXVlcm9zZWJsYWNr,44OV44Or44OI44OzIEZVTFRPTiDlgpggIOOAguODleODq+ODiOODsyBGVUxUT04g5YKYIOaKmOOCiuOBn+OBn+OBv+WCmCDjgqLjg7Pjg5bjg6zjg6kg44K544O844OR44O844K544Oq44OgIOOAkOmAgeaWmeeEoeaWmeOAkSDoi7Hlm73njovlrqTlvqHnlKjpgZQg6Iqx5p+EIOODleODqeODr+ODvCDjgqLjg7Pjg4bjgqPjg7zjgq8g44Ot44O844K6IOODluODqeODg+OCryDlsI/lnosg44Of44OLIOODrOODh+OCo+ODvOOCuSBTdXBlciBTbGltIEZvbGRpbmcgVW1icmVsbGEg44GL44GVIOODouODg+OCuiDjg5XjgqHjg4Pjgrfjg6fjg7Mg44Kk44Ku44Oq44K5IOODreODs+ODieODsyBmdWx0b25sNTUzYW50aXF1ZXJvc2VibGFjaw==[rn]
15-197307,aHR0cDovL3RzaG9wLnIxMHMuanAvY2xvemVzdC9jYWJpbmV0LzAxMzgxOTcyL2Z1bHRvbmVsbGFqb3VsZXMvZnVsdG9ubDU1M2RyYXduc3BvdGQuanBnP2ZpdGluPTcwMDo3MDA=,NDc1Mi4wMDAw,,44OQ44OD44Kw44O75bCP54mp44O744OW44Op44Oz44OJ6ZuR6LKoID4g5YKYID4g44Os44OH44Kj44O844K56Zuo5YKY,44OV44Or44OI44OzIEZVTFRPTiDlgpgg5oqY44KK44Gf44Gf44G/IOODrOODh+OCo+ODvOOCuSBTdXBlclNsaW0g6Lu96YePIOawtOeOiSDlsI/lnosg44Of44OLIOOBi+OBlSDjg5fjg6zjgrzjg7Pjg4gg44Ku44OV44OI,,44Ku44OV44OI5YyF6KOF54Sh5paZ44Gn44GZIDxicj48YnI+PGNlbnRlcj48aW1nIHdpZHRoPSIxMDAlIiBib3JkZXI9IjAic3JjPSJodHRwOi8vaW1hZ2UucmFrdXRlbi5jby5qcC9jbG96ZXN0L2NhYmluZXQvMDEzODE5NzIvZnVsdG9uZWxsYWpvdWxlcy9mdWx0b25sNTUzZHJhd25zcG90ZC5qcGciPgo8aW1nIHdpZHRoPSIxMDAlIiBib3JkZXI9IjAic3JjPSJodHRwOi8vaW1hZ2UucmFrdXRlbi5jby5qcC9jbG96ZXN0L2NhYmluZXQvMDEzODE5NzIvZnVsdG9uZWxsYWpvdWxlcy9mdWx0b25sNTUzZHJhd25zcG90Zi5naWYiPjxicj4KRmx0b24g44OV44Or44OI44Oz44GuU3VwZXJzbGlt44Oi44OH44Or44Gn44GZ44CCPGJyPgrjgZPjgaHjgonjga7jg6Ljg4fjg6vjga/mipjjgornlbPjgb/mmYIyMngzY23jga7jgrPjg7Pjg5Hjgq/jg4jjgrXjgqTjgrrjgavjgoLplqLjgo/jgonjgZrjgIHjgqrjg7zjg5fjg7PmmYI4NmNt44Gu5bqD44GV44KS44Kr44OQ44O844GX44Gm44G+44GZ44CCPGJyPgoK5by35bqm44KS6JC944Go44GV44Ga6Lu96YeP5oSf44KS6YeN6KaW44GX44Gf5L2c44KK44Gr44Gq44Gj44Gm44GE44Gm44CB6ZaL44GP44Go5aSn44GN44GE44Gu44Gn6IKp5ZGo44KK44GM6Zuo44Gn5r+h44KM44Gr44GP44GP44CB5qmf6IO95oCn44OQ44OE44Kw44Oz44Gn44GZ44CCPGJyPgrmipjjgorjgZ/jgZ/jgoDjgajjgYvjgZXlvLXjgonjgZrlj47ntI3jgoLkvr/liKnjgafjgZnjgII8YnI+CuOCsOODrOODvOOCkuODmeODvOOCueOBq+ODneODg+ODl+OBquawtOeOieaooeanmOOBjOOBqOOBpuOCguOBiua0kuiQveOBp+OBmeKYhjxicj4KPGJyPgrplovplonjgaTjgb7jgb/jga/kuIrjgavmjIHjgaHkuIrjgZLjgovjgaDjgZHjgarjga7jgafnsKHljZjjgrnjg6Djg7zjgrnjgafjgajjgabjgoLkvr/liKnjgafjgZnjgII8YnI+CuW8t+miqOOBq+OCguW8t+OBhOeJueauiuOBque0oOadkOOCkuS9v+eUqOOBl+OBpuOBiuOCiuOBvuOBmeOAgiA8YnI+Cjxicj4K5ZWG5ZOB5ZCNOiBmdWx0b25sNTUzZHJhd25zcG90PGJyPgrjg4fjgrbjgqTjg7M6IOODieODreOCpuODs+OCueODneODg+ODiDxicj4K57Sg5p2QOiDjgqLjg6vjg5/jg5Xjg6zjg7zjg6A8YnI+Cjxicj4K44K144Kk44K6OueVs+OCk+OBoOeKtuaFizoyMmNtLCDnm7TlvoQgM2NtPGJyPgrplovjgYTjgZ/nirbmhYs655u05b6EOjg2Y208YnI+Cjxicj4KPGJyPgrjgJDlhajlm73kuIDlvovpgIHmlpnnhKHmlpnjgJE8YnI+Cjxicj4KPC9jZW50ZXI+IAo8Y2VudGVyPgoKVUsg44Oi44OD44K644OV44Kh44OD44K344On44Oz44K744Os44Kv44OI44K344On44OD44OXPGJyPgpBQkJFWSBDTE9aRVNUPGJyPgrjgqLjg5Pjg7zjgq/jg63jg7zjgrzjgrnjg4g8YnI+CuOBiuW6l+ODiOODg+ODlwo8L2NlbnRlcj4KPGJyPg==,44OV44Or44OI44OzIEZVTFRPTiDlgpgg5oqY44KK44Gf44Gf44G/IOODrOODh+OCo+ODvOOCuSBTdXBlclNsaW0g6Lu96YePIOawtOeOiSDlsI/lnosg44Of44OLIOOBi+OBlSDjg5fjg6zjgrzjg7Pjg4gg44Ku44OV44OI77yaQ0xPWkVTVCDjg6Ljg4Pjgrrjg6Hjg7Pjgrrjg6zjg4fjgqPjg7zjgrk=,6YCa5L+h6LKp5aOy6YCa6LKp44K344On44OD44OU44Oz44Kw44Kq44Oz44Op44Kk44Oz44K344On44OD44OU44Oz44Kw6LK344GE54mp44OX44Os44K844Oz44OI44Ku44OV44OI6LSI44KK54mp6LSI562U5ZOB44GK5Lit5YWD44GK5q2z5pqu44GK6LK344GE5b6X44OV44Os44OD44OJ44Oa44Oq44O8RnJlZCBQZXJyeUJlbiBTaGVybWFu44OZ44Oz44K344Oj44O844Oe44Oz44Oh44Or44KvbWVyY+ODleODq+ODiOODs0Z1bHRvbuODreODvOOCr0xvYWtl44K444On44Oz44K544OI44Oz44K644Oi44OD44K644OV44Kh44OD44K344On44Oz44OE44Kk44O844OJ44Of44Or44Oi44OD44K65YKY44Os44OH44Kj44O844K544Oh44Oz44K66YCa6LKp44OQ44Op44Kv44O844K/44OQ44OW44Ki44O844OV44Or44OI44OzIEZVTFRPTiDlgpgg5oqY44KK44Gf44Gf44G/IOODrOODh+OCo+ODvOOCuSBTdXBlclNsaW0g6Lu96YePIOawtOeOiSDlsI/lnosg44Of44OLIOOBi+OBlSDjg5fjg6zjgrzjg7Pjg4gg44Ku44OV44OI,6Iux5Zu9546L5a6k5b6h55So6YGUIOOAkOmAgeaWmeeEoeaWmeOAkSBGVUxUT04g5YKYICDjgILjg5Xjg6vjg4jjg7MgRlVMVE9OIOWCmCDmipjjgorjgZ/jgZ/jgb8g44Os44OH44Kj44O844K5IFN1cGVyU2xpbSDou73ph48g5rC0546JIOWwj+WeiyDjg5/jg4sg44GL44GVIOODl+ODrOOCvOODs+ODiCDjgq7jg5Xjg4g=[rn]
15-197308,aHR0cDovL3RzaG9wLnIxMHMuanAvY2xvemVzdC9jYWJpbmV0LzAxMzgxOTcyL2Z1bHRvbmVsbGFqb3VsZXMvZnVsdG9ubDU1M3dhdmVkLmpwZz9maXRpbj03MDA6NzAw,NDc1Mi4wMDAw,,44OQ44OD44Kw44O75bCP54mp44O744OW44Op44Oz44OJ6ZuR6LKoID4g5YKYID4g44Os44OH44Kj44O844K56Zuo5YKY,RlVMVE9OIOODleODq+ODiOODsyDlgpgg5oqY44KK44Gf44Gf44G/5YKYIOOCouODs+ODluODrOODqSDjgrnjg7zjg5Hjg7wg44K544Oq44OgIOOAkOmAgeaWmeeEoeaWmeOAkSDoi7Hlm73njovlrqTlvqHnlKjpgZQg44Km44Kn44O844OWIOOCteODvOODlSDms6Ig44OR44K544OG44OrIOWwj+WeiyDjg5/jg4sg44Os44OH44Kj44O844K5IFN1cGVyIFNsaW0gRm9sZGluZyBVbWJyZWxsYSDjgYvjgZUg44K144Kk44Kx44OH44Oq44OD44KvIOODouODg+OCuiDjg5XjgqHjg4Pjgrfjg6fjg7Mg44Kk44Ku44Oq44K5IOODreODs+ODieODsyBmdWx0b25sNTUzd2F2ZSDjgq7jg5Xjg4g=,,44Ku44OV44OI5YyF6KOF54Sh5paZ44Gn44GZIDxicj48YnI+PGNlbnRlcj4KPGltZyB3aWR0aD0iMTAwJSIgYm9yZGVyPSIwInNyYz0iaHR0cDovL2ltYWdlLnJha3V0ZW4uY28uanAvY2xvemVzdC9jYWJpbmV0LzAxMzgxOTcyL2Z1bHRvbmVsbGFqb3VsZXMvZnVsdG9ubDU1M3dhdmVkLmpwZyI+CjxpbWcgd2lkdGg9IjEwMCUiIGJvcmRlcj0iMCJzcmM9Imh0dHA6Ly9pbWFnZS5yYWt1dGVuLmNvLmpwL2Nsb3plc3QvY2FiaW5ldC8wMTM4MTk3Mi9mdWx0b25lbGxham91bGVzL2Z1bHRvbmw1NTN3YXZlZi5naWYiPjxicj4KPGJyPuODleOCoeODluODquODg+OCr+OBoOOBkeOBp+OBquOBj+OAgeafhOOChOODmeODq+ODiOOBquOBqQo8YnI+57Sw44GL44GE44OR44O844OE44Gu44OH44K244Kk44Oz44KC44GK5rSS6JC944GqCjxicj5GdWx0b24g44OV44Or44OI44Oz44GuU3VwZXJzbGlt44K344Oq44O844K644CCCjxicj4KPGJyPuOCsOODqeODleOCo+OCq+ODq+OBquazouOBruaooeanmOOBjOe+juOBl+OBhAo8YnI+44Gd44Gu5ZCN44KC44K344Oz44OX44Or44GqV2F2ZeODouODh+ODq+OBp+OBmeOAggo8YnI+44OR44K544OG44Or6Kq/44Gu44Kr44Op44O844Oq44Oz44Kw44KC5YSq6ZuF44Gn44GZ44CCCjxicj7jg4/jg7Pjg4njg6vjgoLjgq/jg6rjgqLjg5Hjg7zjg4TjgavjgarjgaPjgabjgYTjgaYKPGJyPuODquOCvuODvOODiOawl+WIhuWFqOmWi+OAgeOBqeOCk+OBquOBiuWHuuOBi+OBkeOBq+OCggo8YnI+44G044Gj44Gf44KK44Gr5LuV5LiK44GM44KK44G+44GX44Gf44CCCjxicj4KPGJyPuiHquWIhueUqOOBr+WLv+irluOBruOBk+OBqOOAgQo8YnI+44OX44Os44K844Oz44OI44Gr44KC44GK44K544K544Oh44Gu44Ki44Kk44OG44Og44Gn44GZ4piFCjxicj4KPGJyPuWVhuWTgeWQjTogZnVsdG9ubDU1M3dhdmUKPGJyPgo8YnI+44OH44K244Kk44OzOiDjgqbjgqfjg7zjg5YKPGJyPgo8YnI+57Sg5p2QOiDjgqLjg6vjg5/jg5Xjg6zjg7zjg6AKPGJyPgo8YnI+44K144Kk44K6OueVs+OCk+OBoOeKtuaFizoyMmNtLCDnm7TlvoQgM2NtCjxicj7plovjgYTjgZ/nirbmhYs655u05b6EODZjbQo8YnI+Cjxicj4K44CQ5YWo5Zu95LiA5b6L6YCB5paZ54Sh5paZ44CRPGJyPgo8YnI+CjwvY2VudGVyPiAKPGNlbnRlcj4KClVLIOODouODg+OCuuODleOCoeODg+OCt+ODp+ODs+OCu+ODrOOCr+ODiOOCt+ODp+ODg+ODlzxicj4KQUJCRVkgQ0xPWkVTVDxicj4K44Ki44OT44O844Kv44Ot44O844K844K544OIPGJyPgrjgYrlupfjg4jjg4Pjg5cKPC9jZW50ZXI+Cjxicj4=,RlVMVE9OIOODleODq+ODiOODsyDlgpgg5oqY44KK44Gf44Gf44G/5YKYIOOCouODs+ODluODrOODqSDjgrnjg7zjg5Hjg7wg44K544Oq44OgIOOAkOmAgeaWmeeEoeaWmeOAkSDoi7Hlm73njovlrqTlvqHnlKjpgZQg44Km44Kn44O844OWIOOCteODvOODlSDms6Ig44OR44K544OG44OrIOWwj+WeiyDjg5/jg4sg44Os44OH44Kj44O844K5IFN1cGVyIFNsaW0gRm9sZGluZyBVbWJyZWxsYSDjgYvjgZUg44K144Kk44Kx44OH44Oq44OD44KvIOODouODg+OCuiDjg5XjgqHjg4Pjgrfjg6fjg7Mg44Kk44Ku44Oq44K5IOODreODs+ODieODsyBmdWx0b25sNTUzd2F2ZSDjgq7jg5Xjg4jvvJpDTE9aRVNUIOODouODg+OCuuODoeODs+OCuuODrOODh+OCo+ODvOOCuQ==,6YCa5L+h6LKp5aOy6YCa6LKp44K344On44OD44OU44Oz44Kw44Kq44Oz44Op44Kk44Oz44K344On44OD44OU44Oz44Kw6LK344GE54mp44OX44Os44K844Oz44OI44Ku44OV44OI6LSI44KK54mp6LSI562U5ZOB44GK5Lit5YWD44GK5q2z5pqu44GK6LK344GE5b6X44OV44Os44OD44OJ44Oa44Oq44O8RnJlZCBQZXJyeUJlbiBTaGVybWFu44OZ44Oz44K344Oj44O844Oe44Oz44Oh44Or44KvbWVyY+ODleODq+ODiOODs0Z1bHRvbuODreODvOOCr0xvYWtl44K444On44Oz44K544OI44Oz44K644Oi44OD44K644OV44Kh44OD44K344On44Oz44OE44Kk44O844OJ44Of44Or44Oi44OD44K65YKY44Os44OH44Kj44O844K544Oh44Oz44K66YCa6LKp44OQ44Op44Kv44O844K/44OQ44OW44Ki44O8RlVMVE9OIOODleODq+ODiOODsyDlgpgg5oqY44KK44Gf44Gf44G/5YKYIOOCouODs+ODluODrOODqSDjgrnjg7zjg5Hjg7wg44K544Oq44OgIOOAkOmAgeaWmeeEoeaWmeOAkSDoi7Hlm73njovlrqTlvqHnlKjpgZQg44Km44Kn44O844OWIOOCteODvOODlSDms6Ig44OR44K544OG44OrIOWwj+WeiyDjg5/jg4sg44Os44OH44Kj44O844K5IFN1cGVyIFNsaW0gRm9sZGluZyBVbWJyZWxsYSDjgYvjgZUg44K144Kk44Kx44OH44Oq44OD44KvIOODouODg+OCuiDjg5XjgqHjg4Pjgrfjg6fjg7Mg44Kk44Ku44Oq44K5IOODreODs+ODieODsyBmdWx0b25sNTUzd2F2ZSDjgq7jg5Xjg4g=,RlVMVE9OIOODleODq+ODiOODsyDlgpggIOOAgkZVTFRPTiDjg5Xjg6vjg4jjg7Mg5YKYIOaKmOOCiuOBn+OBn+OBv+WCmCDjgqLjg7Pjg5bjg6zjg6kg44K544O844OR44O8IOOCueODquODoCDjgJDpgIHmlpnnhKHmlpnjgJEg6Iux5Zu9546L5a6k5b6h55So6YGUIOOCpuOCp+ODvOODliDjgrXjg7zjg5Ug5rOiIOODkeOCueODhuODqyDlsI/lnosg44Of44OLIOODrOODh+OCo+ODvOOCuSBTdXBlciBTbGltIEZvbGRpbmcgVW1icmVsbGEg44GL44GVIOOCteOCpOOCseODh+ODquODg+OCryDjg6Ljg4Pjgrog44OV44Kh44OD44K344On44OzIOOCpOOCruODquOCuSDjg63jg7Pjg4njg7MgZnVsdG9ubDU1M3dhdmUg44Ku44OV44OI[rn]
15-197309,aHR0cDovL3RzaG9wLnIxMHMuanAvY2xvemVzdC9jYWJpbmV0LzAxMzgxOTcyL2Z1bHRvbmVsbGFqb3VsZXMvZnVsdG9ubDc4M3NpbHZlcmQuanBnP2ZpdGluPTcwMDo3MDA=,NDMyMC4wMDAw,,44OQ44OD44Kw44O75bCP54mp44O744OW44Op44Oz44OJ6ZuR6LKoID4g5YKYID4g44Os44OH44Kj44O844K56Zuo5YKY,44OV44Or44OI44OzIEZVTFRPTiDlgpgg44Os44OH44Kj44O844K5IOODkOODvOODieOCseODvOOCuCBTaGUncyBVViDjg5fjg63jg4bjgq/jgrfjg6fjg7Mg44K344Or44OQ44O8IOmVt+WCmCDjg6zjg4fjgqPjg7zjgrkg44GL44GVIEZVTFRPTiDjg5fjg6zjgrzjg7Pjg4gg44Ku44OV44OI,,44Ku44OV44OI5YyF6KOF54Sh5paZ44Gn44GZIDxicj48YnI+PGNlbnRlcj4KPGltZyB3aWR0aD0iMTAwJSIgYm9yZGVyPSIwInNyYz0iaHR0cDovL2ltYWdlLnJha3V0ZW4uY28uanAvY2xvemVzdC9jYWJpbmV0LzAxMzgxOTcyL2Z1bHRvbmVsbGFqb3VsZXMvZnVsdG9ubDc4M3NpbHZlcmQuanBnIj4KCjxicj4KPGltZyB3aWR0aD0iMTAwJSIgYm9yZGVyPSIwInNyYz0iaHR0cDovL2ltYWdlLnJha3V0ZW4uY28uanAvY2xvemVzdC9jYWJpbmV0LzAxMzgxOTcyL2Z1bHRvbmVsbGFqb3VsZXMvZnVsdG9ubDc4M3NpbHZlcmYuanBnIj4KPGJyPgo8YnI+RnVsdG9uIOODleODq+ODiOODs+OBruODkOODvOODieOCseODvOOCuCAKPGJyPlVW44OX44Ot44OG44Kv44K344On44Oz44Oi44OH44Or44Gn44GZ44CCCjxicj4KPGJyPnRoZSBRdWVlbiDjgqjjg6rjgrbjg5njgrky5LiW5aWz546L6Zmb5LiL44GrCjxicj7jgZTkvb/nlKjjgYTjgZ/jgaDjgYTjgabjgYTjgovjg5Djg7zjg4njgrHjg7zjgrjjgasKPGJyPlVW44Kr44OD44OI5Yqg5belKOe0q+Wklue3muWvvuetlinjgYzmlr3jgZXjgozjgZ8KPGJyPuaXpeacrOS6uuOBruOCteOCpOOCuuOBq+WQiOOCj+OBm+OBn+eJueWIpeODouODh+ODq+OBqOOBquOBo+OBpuOBiuOCiuOBvuOBmeOAggo8YnI+Cjxicj7ps6XjgYvjgZTjgpLjg6Ljg4Hjg7zjg5XjgajjgZfjgZ/kvZzjgorjgYzpm6jjgarjganjgafogqnlkajjgorjgYzmv6HjgozjgavjgY/jgY/mqZ/og73mgKfmipznvqTjgIIKPGJyPuWRqOOCiuOBjOimi+a4oeOBl+OChOOBmeOBhOmAj+aYjuOBquOCreODo+ODjuODlOODvOOBq+OCt+ODq+ODkOODvOOBrue4geWPluOCiuOBjOOCouOCr+OCu+ODs+ODiOOBq+OAggo8YnI+Cjxicj7plovplonjgaTjgb7jgb/jga/kuIrjgavmjIHjgaHkuIrjgZLjgovjgaDjgZHjgarjga7jgacKPGJyPuewoeWNmOOCueODoOODvOOCueOBp+OBqOOBpuOCguS+v+WIqeOBp+OBmeOAggo8YnI+5by36aKo44Gr44KC5by344GE54m55q6K44Gq57Sg5p2Q44KS5L2/55So44GX44Gm44GK44KK44G+44GZ44CCCjxicj4q5oyH44Gv44GV44G/6Ziy5q2i44Gu44Gf44KB44Ot44OD44Kv44GM55SY44GE5aC05ZCI44GM44GU44GW44GE44G+44GZ44CCCjxicj7lgpjjgpLplonjgZjjgabjgovpmpvjga/jg5njg6vjg4jjgpLnt6DjgoHjgabjgZTkvb/nlKjkuIvjgZXjgYTjgIIKPGJyPuOBvuOBn+OAgeOBj+OBo+OBpOOBjemYsuatouOBruOBn+OCgeOBrueyieOBjOWhl+W4g+OBleOCjOOBpuOBiuOCiuOBvuOBmeOAggo8YnI+Cjxicj7llYblk4HlkI06ZnVsdG9ubDc4M3NpbHZlcgo8YnI+Cjxicj7jgqvjg6njg7w644K344Or44OQ44O8Cjxicj4KPGJyPue0oOadkDpQVkMgMTAwJQo8YnI+Cjxicj7jgrXjgqTjgro6Cjxicj7lhajplbcgODdjbQo8YnI+55u05b6EOjc1Y20KPGJyPua3seOBlTo0NWNtCjxicj7ph43ph486NTI1Zwo8YnI+CuOAkOWFqOWbveS4gOW+i+mAgeaWmeeEoeaWmeOAkQo8L2NlbnRlcj4KPGNlbnRlcj4KPGJyPgpCaXJkIENhZ2Ug5LiA6Kan44Gv44GT44Gh44KJ77yBPGJyPgo8YnI+CuODrOODh+OCo+ODvOOCuSDjgrnjgr/jg7Pjg4Djg7zjg4nlgpgg5LiA6Kan44Gv44GT44Gh44KJ77yBPGJyPgo8YnI+PGJyPiAKRlVMVE9O5LiA6Kan44Gv44GT44Gh44KJ77yBCjwvY2VudGVyPg==,44OV44Or44OI44OzIEZVTFRPTiDlgpgg44Os44OH44Kj44O844K5IOODkOODvOODieOCseODvOOCuCBTaGUncyBVViDjg5fjg63jg4bjgq/jgrfjg6fjg7Mg44K344Or44OQ44O8IOmVt+WCmCDjg6zjg4fjgqPjg7zjgrkg44GL44GVIEZVTFRPTiDjg5fjg6zjgrzjg7Pjg4gg44Ku44OV44OI77yaQ0xPWkVTVCDjg6Ljg4Pjgrrjg6Hjg7Pjgrrjg6zjg4fjgqPjg7zjgrk=,6YCa5L+h6LKp5aOy6YCa6LKp44K344On44OD44OU44Oz44Kw44Kq44Oz44Op44Kk44Oz44K344On44OD44OU44Oz44Kw6LK344GE54mp44OX44Os44K844Oz44OI44Ku44OV44OI6LSI44KK54mp6LSI562U5ZOB44GK5Lit5YWD44GK5q2z5pqu44GK6LK344GE5b6X44OV44Os44OD44OJ44Oa44Oq44O8RnJlZCBQZXJyeUJlbiBTaGVybWFu44OZ44Oz44K344Oj44O844Oe44Oz44Oh44Or44KvbWVyY+ODleODq+ODiOODs0Z1bHRvbuODreODvOOCr0xvYWtl44K444On44Oz44K544OI44Oz44K644Oi44OD44K644OV44Kh44OD44K344On44Oz44OE44Kk44O844OJ44Of44Or44Oi44OD44K65YKY44Os44OH44Kj44O844K544Oh44Oz44K66YCa6LKp44OQ44Op44Kv44O844K/44OQ44OW44Ki44O844OV44Or44OI44OzIEZVTFRPTiDlgpgg44Os44OH44Kj44O844K5IOODkOODvOODieOCseODvOOCuCBTaGUncyBVViDjg5fjg63jg4bjgq/jgrfjg6fjg7Mg44K344Or44OQ44O8IOmVt+WCmCDjg6zjg4fjgqPjg7zjgrkg44GL44GVIEZVTFRPTiDjg5fjg6zjgrzjg7Pjg4gg44Ku44OV44OI,6Iux5Zu9546L5a6k5b6h55So6YGUIOOAkOmAgeaWmeeEoeaWmeOAkSDlgpgg44K344Or44OQ44O8ICDjgILjg5Xjg6vjg4jjg7MgRlVMVE9OIOWCmCDjg6zjg4fjgqPjg7zjgrkg44OQ44O844OJ44Kx44O844K4IFNoZSdzIFVWIOODl+ODreODhuOCr+OCt+ODp+ODsyDjgrfjg6vjg5Djg7wg6ZW35YKYIOODrOODh+OCo+ODvOOCuSDjgYvjgZUgRlVMVE9OIOODl+ODrOOCvOODs+ODiCDjgq7jg5Xjg4g=[rn]
15-197310,aHR0cDovL3RzaG9wLnIxMHMuanAvY2xvemVzdC9jYWJpbmV0LzAxMzgxOTcyL2ZvcnR1bWJyZWxsYS9mb3J0bDAwMWhlYXJ0cGlua2QuanBnP2ZpdGluPTcwMDo3MDA=,MjMzMi44MDAw,,44OQ44OD44Kw44O75bCP54mp44O744OW44Op44Oz44OJ6ZuR6LKoID4g5YKYID4g44Os44OH44Kj44O844K56Zuo5YKY,5YKYIOODrOODh+OCo+ODvOOCuSDoi7Hlm73jg4fjgrbjgqTjg7Mg44OP44O844OI44OR44O844OG44Kj44O8IDE25pys6aqoIOi7vemHjyDjgrDjg6njgrnjg5XjgqHjgqTjg5Djg7wg44OV44Kp44O844OI44Ki44Oz44OW44Os44OpIOODluODqeODs+ODiSDjg5Tjg7Pjgq/jg5Tjg6XjgqLjg6wg44GK44GX44KD44KMIOOBi+OCj+OBhOOBhCDjg6njg5bjg6rjg7wg44GL44GVIOODl+ODrOOCvOODs+ODiCDjgq7jg5Xjg4g=,,44Ku44OV44OI5YyF6KOF54Sh5paZ44Gn44GZIDxicj48YnI+CjxjZW50ZXI+CjxpbWcgd2lkdGg9IjEwMCUiIGJvcmRlcj0iMCJzcmM9Imh0dHA6Ly9pbWFnZS5yYWt1dGVuLmNvLmpwL2Nsb3plc3QvY2FiaW5ldC8wMTM4MTk3Mi9mb3J0dW1icmVsbGEvZm9ydGwwMDFoZWFydHBpbmthYS5qcGciPgo8YnI+PGJyPgo8aW1nIHdpZHRoPSIxMDAlIiBib3JkZXI9IjAic3JjPSJodHRwOi8vaW1hZ2UucmFrdXRlbi5jby5qcC9jbG96ZXN0L2NhYmluZXQvMDEzODE5NzIvZm9ydHVtYnJlbGxhL2ZvcnRsMDAxaGVhcnRwaW5rZS5qcGciPgoKPGltZyB3aWR0aD0iMTAwJSIgYm9yZGVyPSIwInNyYz0iaHR0cDovL2ltYWdlLnJha3V0ZW4uY28uanAvY2xvemVzdC9jYWJpbmV0LzAxMzgxOTcyL2ZvcnR1bWJyZWxsYS9mb3J0bDAwMWhlYXJ0cGlua2YuanBnIj4KCjxicj4KPGJyPkZvcnQgVW1icmVsbGEg44OV44Kp44O844OI44Ki44Oz44OW44Os44Op44GuIAo8YnI+44OP44O844OI44K344Kn44Kk44OX44Ki44Oz44OW44Os44Op44Gn44GZ44CCCjxicj4KPGJyPuWEquOBl+OBj+S4iuWTgeOBquiJsuWQiOOBhOOBruODlOODs+OCr+ODlOODpeOCouODrOOCq+ODqeODvOOAgQo8YnI+5Y+v5oSb44KJ44GX44GP5aWz5oCn44KJ44GX44GE44OP44O844OI5Z6L44Gu44K344Kn44Kk44OX44GM6Zqb56uL44Gk6Imy5ZCI44GE44Gn44GZ44CCCjxicj7mhoLprLHjgarpm6jjga7ml6XjgoLmpb3jgZfjgY/jgarjgovjgojjgYbjgarntKDmlbXjgarjg4fjgrbjgqTjg7PjgIIKPGJyPuW6g+OBkuOCi+OBqOebtOezuzk1Y23jgavjgoLjgarjgorjgIHpm6jjgavmv6HjgozjgavjgY/jgYTjgafjgZnjgIIKPGJyPui7vemHj+OBp+aKmOOCjOOBq+OBj+OBhOOCsOODqeOCueODleOCoeOCpOODkOODvOOBrumqqOe1hOOCkuaOoeeUqOOBl+OAgQo8YnI+5YaF6aqo44GvMTbmnKzkvb/nlKjjgZfjgabjgYTjgb7jgZnjgIIKPGJyPgo8YnI+44K344Oj44OV44OI44Gv5rip44GL44G/44Gu44GC44KL44Km44OD44OJLOOCueODiuODg+ODl+mDqOOBqAo8YnI+44ON44O844Og44Gr44GvUFZD44Os44K244O844KS5L2/55So44CCCjxicj7jg4/jg7Pjg4njg6vjgavjgoLjgZXjgorjgZLjgarjgY/jg5bjg6njg7Pjg4njg63jgrTjga7liLvljbDlhaXjgorjgIIKPGJyPuS7luOBq+OBr+eEoeOBhOWtmOWcqOaEn+OBruOBguOCi+OCouODs+ODluODrOODqeOAggo8YnI+44Kr44Op44O86YGV44GE44KE44Ku44OV44OI44Go44GX44Gm44KC44GK44K544K544Oh44Gu5LiA5ZOB44Gn44GZ44CCCjxicj4KPGJyPuWVhuWTgeWQjTpmb3J0bDAwMWhlYXJ0cGlua3B1cmVsZQo8YnI+Cjxicj7jgqvjg6njg7w644OU44Oz44Kv44OU44Ol44Ki44OsCjxicj4KPGJyPue0oOadkDrjg4rjgqTjg63jg7MKPGJyPuOCueODiuODg+ODlyzjg43jg7zjg6A6UFZD44Os44K244O8Cjxicj4KPGJyPuOCteOCpOOCujrlhajplbcgODVjbQo8YnI+55u05b6EOjk1Y20KPGJyPumHjeOBlTo0NjVnCjxicj4K44CQ5YWo5Zu95LiA5b6L6YCB5paZ54Sh5paZ44CRCjwvY2VudGVyPgo8Y2VudGVyPgo8YnI+CuODrOODh+OCo+ODvOOCuSDjgrnjgr/jg7Pjg4Djg7zjg4nlgpgg5LiA6Kan44Gv44GT44Gh44KJ77yBPGJyPgo8YnI+PGJyPiAK44OV44Kp44O844OI44Ki44Oz44OW44Os44OpIOS4gOimp+OBr+OBk+OBoeOCie+8gQo8L2NlbnRlcj4=,5YKYIOODrOODh+OCo+ODvOOCuSDoi7Hlm73jg4fjgrbjgqTjg7Mg44OP44O844OI44OR44O844OG44Kj44O8IDE25pys6aqoIOi7vemHjyDjgrDjg6njgrnjg5XjgqHjgqTjg5Djg7wg44OV44Kp44O844OI44Ki44Oz44OW44Os44OpIOODluODqeODs+ODiSDjg5Tjg7Pjgq/jg5Tjg6XjgqLjg6wg44GK44GX44KD44KMIOOBi+OCj+OBhOOBhCDjg6njg5bjg6rjg7wg44GL44GVIOODl+ODrOOCvOODs+ODiCDjgq7jg5Xjg4jvvJpDTE9aRVNUIOODouODg+OCuuODoeODs+OCuuODrOODh+OCo+ODvOOCuQ==,6YCa5L+h6LKp5aOy6YCa6LKp44K344On44OD44OU44Oz44Kw44Kq44Oz44Op44Kk44Oz44K344On44OD44OU44Oz44Kw6LK344GE54mp44OX44Os44K844Oz44OI44Ku44OV44OI6LSI44KK54mp6LSI562U5ZOB44GK5Lit5YWD44GK5q2z5pqu44GK6LK344GE5b6X44OV44Os44OD44OJ44Oa44Oq44O8RnJlZCBQZXJyeUJlbiBTaGVybWFu44OZ44Oz44K344Oj44O844Oe44Oz44Oh44Or44KvbWVyY+ODleODq+ODiOODs0Z1bHRvbuODreODvOOCr0xvYWtl44K444On44Oz44K544OI44Oz44K644Oi44OD44K644OV44Kh44OD44K344On44Oz44OE44Kk44O844OJ44Of44Or44Oi44OD44K65YKY44Os44OH44Kj44O844K544Oh44Oz44K66YCa6LKp44OQ44Op44Kv44O844K/44OQ44OW44Ki44O85YKYIOODrOODh+OCo+ODvOOCuSDoi7Hlm73jg4fjgrbjgqTjg7Mg44OP44O844OI44OR44O844OG44Kj44O8IDE25pys6aqoIOi7vemHjyDjgrDjg6njgrnjg5XjgqHjgqTjg5Djg7wg44OV44Kp44O844OI44Ki44Oz44OW44Os44OpIOODluODqeODs+ODiSDjg5Tjg7Pjgq/jg5Tjg6XjgqLjg6wg44GK44GX44KD44KMIOOBi+OCj+OBhOOBhCDjg6njg5bjg6rjg7wg44GL44GVIOODl+ODrOOCvOODs+ODiCDjgq7jg5Xjg4g=,44CQ6YCB5paZ54Sh5paZ44CRIOODleOCqeODvOODiOOCouODs+ODluODrOODqSBGb3J0IFVtYnJlbGxhIOWCmCDjgILlgpgg44Os44OH44Kj44O844K5IOiLseWbveODh+OCtuOCpOODsyDjg4/jg7zjg4jjg5Hjg7zjg4bjgqPjg7wgMTbmnKzpqqgg6Lu96YePIOOCsOODqeOCueODleOCoeOCpOODkOODvCDjg5Xjgqnjg7zjg4jjgqLjg7Pjg5bjg6zjg6kg44OW44Op44Oz44OJIOODlOODs+OCr+ODlOODpeOCouODrCDjgYrjgZfjgoPjgowg44GL44KP44GE44GEIOODqeODluODquODvCDjgYvjgZUg44OX44Os44K844Oz44OIIOOCruODleODiA==[rn]
15-197311,aHR0cDovL3RzaG9wLnIxMHMuanAvY2xvemVzdC9jYWJpbmV0LzAxMzgxOTcyL2Z1bHRvbmVsbGFqb3VsZXMvZnVsdG9ubDA1NnN0YXJzYXRpbmQuanBnP2ZpdGluPTcwMDo3MDA=,NTE4NC4wMDAw,,44OQ44OD44Kw44O75bCP54mp44O744OW44Op44Oz44OJ6ZuR6LKoID4g5YKYID4g44Os44OH44Kj44O844K56Zuo5YKY,44OV44Or44OI44OzIEZVTFRPTiDlgpgg44Os44OH44Kj44O844K5IEtlbnNpbmd0b24gU3RhciDplbflgpgg5aWz5oCn55SoIOOBi+OBlSBTYXRpbiBEcmVhbSDjgrXjg4bjg7Pjg4njg6rjg7zjg6Ag44OX44Os44K844Oz44OIIOOCruODleODiA==,,44Ku44OV44OI5YyF6KOF54Sh5paZ44Gn44GZIDxicj48YnI+PGNlbnRlcj4KPGltZyB3aWR0aD0iMTAwJSIgYm9yZGVyPSIwInNyYz0iaHR0cDovL2ltYWdlLnJha3V0ZW4uY28uanAvY2xvemVzdC9jYWJpbmV0LzAxMzgxOTcyL2Z1bHRvbmVsbGFqb3VsZXMvZnVsdG9ubDc3NnN0YXJlLmpwZyI+Cgo8aW1nIHdpZHRoPSIxMDAlIiBib3JkZXI9IjAic3JjPSJodHRwOi8vaW1hZ2UucmFrdXRlbi5jby5qcC9jbG96ZXN0L2NhYmluZXQvMDEzODE5NzIvZnVsdG9uZWxsYWpvdWxlcy9mdWx0b25sMDU2c3RhcnNhdGluZS5qcGciPgoKPGJyPgo8YnI+RnVsdG9uIOODleODq+ODiOODs+OBrgo8YnI+S2Vuc2luZ3RvbiDjgrHjg7Pjgrjjg7Pjg4jjg7Mg44K544K/44O844Gn44GZ44CCCjxicj4KPGJyPumWi+OBj+OBqOebtOW+hDEwMGNt44Gr44KC44Gq44KL5aSn44GN44Gq5L2c44KK44CCCjxicj7pm6jjgavmv6HjgozjgavjgY/jgY/jgIHlvLfpoqjjgavjgoLlvLfjgYTjgafjgZnjgIIKPGJyPuWEqumbheOBquOCteODhuODs+ODieODquODvOODoOODh+OCtuOCpOODs+OCkuODmeODvOOCueOBqwo8YnI+44K544K/44O844OH44K244Kk44Oz44Gu44Kt44Oj44OO44OU44O844GrCjxicj7kuIrlk4Hjgaflj6/mhJvjgonjgZfjgYTjg6rjg5zjg7PjgYzjg4fjgrbjgqTjg7PjgIIKPGJyPgo8YnI+44OP44Oz44OJ44Or44KC44Ki44Kv44K744Oz44OI44Gr44Gq44Gj44Gm44GK44KKCjxicj7plonjgZjjgabjgYTjgovjgajjgY3jgIHlgpjnq4vjgabjgavmjL/jgZfjgabjgYTjgovjgajjgY3jgoIKPGJyPuiPr+OChOOBi+OBleOCkua8lOWHuuOBl+OBvuOBmeOAggo8YnI+6auY57Sa5oSf5rqi44KM44KL44OH44K244Kk44Oz44KE5L2c44KK44GMCjxicj7jgq7jg5Xjg4jjgajjgZfjgabjgoLjgYrjgrnjgrnjg6Hjga7jgqLjgqTjg4bjg6DjgafjgZnjgIIKPGJyPgrllYblk4HlkI06ZnVsdG9ubDA1NnN0YXI8YnI+CuODh+OCtuOCpOODszrjgrXjg4bjg7Pjg4njg6rjg7zjg6A8YnI+Cue0oOadkDog44Od44Oq44Ko44K544OG44OrIDEwMCU8YnI+Cjxicj4K44K144Kk44K6OumWi+OBhOOBn+eKtuaFiyDnm7TlvoQgMTAwY208YnI+CumVt+OBlTo4OS41Y208YnI+CumHjemHjzozOTBnPGJyPgo8YnI+CuOAkOWFqOWbveS4gOW+i+mAgeaWmeeEoeaWmeOAkTxicj4KPGJyPgo8L2NlbnRlcj4KPGNlbnRlcj4KPGJyPgpLZW5zaW5ndG9uIOS4gOimp+OBr+OBk+OBoeOCie+8gTxicj4KPGJyPgrjg6zjg4fjgqPjg7zjgrkg44K544K/44Oz44OA44O844OJ5YKYIOS4gOimp+OBr+OBk+OBoeOCie+8gTxicj4KPC9jZW50ZXI+,44OV44Or44OI44OzIEZVTFRPTiDlgpgg44Os44OH44Kj44O844K5IEtlbnNpbmd0b24gU3RhciDplbflgpgg5aWz5oCn55SoIOOBi+OBlSBTYXRpbiBEcmVhbSDjgrXjg4bjg7Pjg4njg6rjg7zjg6Ag44OX44Os44K844Oz44OIIOOCruODleODiO+8mkNMT1pFU1Qg44Oi44OD44K644Oh44Oz44K644Os44OH44Kj44O844K5,6YCa5L+h6LKp5aOy6YCa6LKp44K344On44OD44OU44Oz44Kw44Kq44Oz44Op44Kk44Oz44K344On44OD44OU44Oz44Kw6LK344GE54mp44OX44Os44K844Oz44OI44Ku44OV44OI6LSI44KK54mp6LSI562U5ZOB44GK5Lit5YWD44GK5q2z5pqu44GK6LK344GE5b6X44OV44Os44OD44OJ44Oa44Oq44O8RnJlZCBQZXJyeUJlbiBTaGVybWFu44OZ44Oz44K344Oj44O844Oe44Oz44Oh44Or44KvbWVyY+ODleODq+ODiOODs0Z1bHRvbuODreODvOOCr0xvYWtl44K444On44Oz44K544OI44Oz44K644Oi44OD44K644OV44Kh44OD44K344On44Oz44OE44Kk44O844OJ44Of44Or44Oi44OD44K65YKY44Os44OH44Kj44O844K544Oh44Oz44K66YCa6LKp44OQ44Op44Kv44O844K/44OQ44OW44Ki44O844OV44Or44OI44OzIEZVTFRPTiDlgpgg44Os44OH44Kj44O844K5IEtlbnNpbmd0b24gU3RhciDplbflgpgg5aWz5oCn55SoIOOBi+OBlSBTYXRpbiBEcmVhbSDjgrXjg4bjg7Pjg4njg6rjg7zjg6Ag44OX44Os44K844Oz44OIIOOCruODleODiA==,44CQ6YCB5paZ54Sh5paZ44CRRlVMVE9OIOWCmCDjg5bjg6njg7Pjg4kg44CC44OV44Or44OI44OzIEZVTFRPTiDlgpgg44Os44OH44Kj44O844K5IEtlbnNpbmd0b24gU3RhciDplbflgpgg5aWz5oCn55SoIOOBi+OBlSBTYXRpbiBEcmVhbSDjgrXjg4bjg7Pjg4njg6rjg7zjg6Ag44OX44Os44K844Oz44OIIOOCruODleODiA==[rn]
15-197312,aHR0cDovL3RzaG9wLnIxMHMuanAvY2xvemVzdC9jYWJpbmV0LzAxMzgxOTcyL2Z1bHRvbmVsbGFqb3VsZXMvZnVsdG9ubDA1NmZsb3JhbGJyZC5qcGc/Zml0aW49NzAwOjcwMA==,NTE4NC4wMDAw,,44OQ44OD44Kw44O75bCP54mp44O744OW44Op44Oz44OJ6ZuR6LKoID4g5YKYID4g44Os44OH44Kj44O844K56Zuo5YKY,44OV44Or44OI44Oz5YKYIEZVTFRPTiDjg6zjg4fjgqPjg7zjgrkgS2Vuc2luZ3RvbiDplbflgpgg5aWz5oCn55SoIEZsb3JhbCBCcmVlemUg44GL44GVIOODl+ODrOOCvOODs+ODiCDjgq7jg5Xjg4g=,,44Ku44OV44OI5YyF6KOF54Sh5paZ44Gn44GZIDxicj48YnI+PGNlbnRlcj48aW1nIHdpZHRoPSIxMDAlIiBib3JkZXI9IjAic3JjPSJodHRwOi8vaW1hZ2UucmFrdXRlbi5jby5qcC9jbG96ZXN0L2NhYmluZXQvMDEzODE5NzIvZnVsdG9uZWxsYWpvdWxlcy9mdWx0b25sMDU2ZmxvcmFsYnJkLmpwZyI+CjxpbWcgd2lkdGg9IjEwMCUiIGJvcmRlcj0iMCJzcmM9Imh0dHA6Ly9pbWFnZS5yYWt1dGVuLmNvLmpwL2Nsb3plc3QvY2FiaW5ldC8wMTM4MTk3Mi9mdWx0b25lbGxham91bGVzL2Z1bHRvbmwwNTZmbG9yYWxicmVlLmdpZiI+Cjxicj4KRnVsdG9uIOODleODq+ODiOODs+OBrktlbnNpbmd0b24g44Kx44Oz44K444Oz44OI44OzPGJyPgrjg5Xjg63jg7zjg6njg6vjg5bjg6rjg7zjgrrjgafjgZnjgII8YnI+Cjxicj4K6ZaL44GP44Go55u05b6EMTAwY23jgavjgoLjgarjgovlpKfjgY3jgarkvZzjgorjgII8YnI+CumbqOOBq+a/oeOCjOOBq+OBj+OBj+OAgeW8t+miqOOBq+OCguW8t+OBhOOBp+OBmeOAgjxicj4K6a6u44KE44GL44Gn5LiK5ZOB44Gq6YWN6Imy44Gr44OV44Ot44O844Op44Or44OW44Oq44O844K644OH44K244Kk44Oz44CCPGJyPgrpnZ7luLjjgavjgqjjg6zjgqzjg7Pjg4jjgarjgqLjg7Pjg5bjg6zjg6njgavjgarjgaPjgabjgYTjgb7jgZnjgII8YnI+Cjxicj4K6JC944Gh552A44GE44Gf6Imy5ZCI44GE44Gu44OW44Op44Km44Oz44OP44Oz44OJ44Or44KC44Ki44Kv44K744Oz44OI44Gr44CCPGJyPgo8YnI+CuWVhuWTgeWQjTpmdWx0b25sMDU2PGJyPgrjg4fjgrbjgqTjg7M644OV44Ot44O844Op44Or44OW44Oq44O844K6PGJyPgrntKDmnZA6IOODneODquOCqOOCueODhuODqyAxMDAlPGJyPgo8YnI+CuOCteOCpOOCujrplovjgYTjgZ/nirbmhYsg55u05b6EIDEwMGNtPGJyPgrph43ph486MzkwZzxicj4KPGJyPgo8YnI+CuOAkOWFqOWbveS4gOW+i+mAgeaWmeeEoeaWmeOAkTxicj4KPGJyPgo8L2NlbnRlcj4gCjxjZW50ZXI+CgpVSyDjg6Ljg4Pjgrrjg5XjgqHjg4Pjgrfjg6fjg7Pjgrvjg6zjgq/jg4jjgrfjg6fjg4Pjg5c8YnI+CkFCQkVZIENMT1pFU1Q8YnI+CuOCouODk+ODvOOCr+ODreODvOOCvOOCueODiDxicj4K44GK5bqX44OI44OD44OXCjwvY2VudGVyPgo8YnI+,44OV44Or44OI44Oz5YKYIEZVTFRPTiDjg6zjg4fjgqPjg7zjgrkgS2Vuc2luZ3RvbiDplbflgpgg5aWz5oCn55SoIEZsb3JhbCBCcmVlemUg44GL44GVIOODl+ODrOOCvOODs+ODiCDjgq7jg5Xjg4jvvJpDTE9aRVNUIOODouODg+OCuuODoeODs+OCuuODrOODh+OCo+ODvOOCuQ==,6YCa5L+h6LKp5aOy6YCa6LKp44K344On44OD44OU44Oz44Kw44Kq44Oz44Op44Kk44Oz44K344On44OD44OU44Oz44Kw6LK344GE54mp44OX44Os44K844Oz44OI44Ku44OV44OI6LSI44KK54mp6LSI562U5ZOB44GK5Lit5YWD44GK5q2z5pqu44GK6LK344GE5b6X44OV44Os44OD44OJ44Oa44Oq44O8RnJlZCBQZXJyeUJlbiBTaGVybWFu44OZ44Oz44K344Oj44O844Oe44Oz44Oh44Or44KvbWVyY+ODleODq+ODiOODs0Z1bHRvbuODreODvOOCr0xvYWtl44K444On44Oz44K544OI44Oz44K644Oi44OD44K644OV44Kh44OD44K344On44Oz44OE44Kk44O844OJ44Of44Or44Oi44OD44K65YKY44Os44OH44Kj44O844K544Oh44Oz44K66YCa6LKp44OQ44Op44Kv44O844K/44OQ44OW44Ki44O844OV44Or44OI44Oz5YKYIEZVTFRPTiDjg6zjg4fjgqPjg7zjgrkgS2Vuc2luZ3RvbiDplbflgpgg5aWz5oCn55SoIEZsb3JhbCBCcmVlemUg44GL44GVIOODl+ODrOOCvOODs+ODiCDjgq7jg5Xjg4g=,6Iux5Zu9546L5a6k5b6h55So6YGUIEZVTFRPTiDlgpgg44CQ6YCB5paZ54Sh5paZ44CRICDjgILjg5Xjg6vjg4jjg7PlgpggRlVMVE9OIOODrOODh+OCo+ODvOOCuSBLZW5zaW5ndG9uIOmVt+WCmCDlpbPmgKfnlKggRmxvcmFsIEJyZWV6ZSDjgYvjgZUg44OX44Os44K844Oz44OIIOOCruODleODiA==[rn]
15-197313,aHR0cDovL3RzaG9wLnIxMHMuanAvY2xvemVzdC9jYWJpbmV0LzAxMzgxOTcyL2Z1bHRvbmVsbGFqb3VsZXMvZnVsdG9ubDc3M25ld2VuZ2xhZC5qcGc/Zml0aW49NzAwOjcwMA==,NTE4NC4wMDAw,,44OQ44OD44Kw44O75bCP54mp44O744OW44Op44Oz44OJ6ZuR6LKoID4g5YKYID4g44Os44OH44Kj44O844K56Zuo5YKY,RlVMVE9OIOODleODq+ODiOODsyDlgpgg44Ki44Oz44OW44Os44OpIEp1bGllIERvZHN3b3J0aCDjg4fjgrbjgqTjg4rjg7zjgrPjg6njg5wg44Of44OL44Op44Kk44OIIOODi+ODpeODvCDjgqTjg7PjgrDjg6njg7Pjg4kg5oqY44KK44Gf44Gf44G/5YKYIOOAkOmAgeaWmeeEoeaWmeOAkSDoi7Hlm73njovlrqTlvqHnlKjpgZQg44K444Ol44Oq44O8IOODieODg+OCuuODr+ODvOOCuSDjg6zjg4fjgqPjg7zjgrkg6Iqx5p+EIOODleODqeODr+ODvCBNaW5pbGl0ZSBVbWJyZWxsYSDjgYvjgZUg44OV44Kh44OD44K344On44OzIGZ1bHRvbmw3NzNuZXdlbmdsYW5kIOOCruODleODiA==,,44Ku44OV44OI5YyF6KOF54Sh5paZ44Gn44GZIDxicj48YnI+PGNlbnRlcj48aW1nIHdpZHRoPSIxMDAlIiBib3JkZXI9IjAic3JjPSJodHRwOi8vaW1hZ2UucmFrdXRlbi5jby5qcC9jbG96ZXN0L2NhYmluZXQvMDEzODE5NzIvZnVsdG9uZWxsYWpvdWxlcy9mdWx0b25sNzczbmV3ZW5nbGFkLmpwZyI+CjxpbWcgd2lkdGg9IjEwMCUiIGJvcmRlcj0iMCJzcmM9Imh0dHA6Ly9pbWFnZS5yYWt1dGVuLmNvLmpwL2Nsb3plc3QvY2FiaW5ldC8wMTM4MTk3Mi9mdWx0b25lbGxham91bGVzL2Z1bGw3NzNuZXdlbmdsYW5kZi5naWYiPjxicj4KPGJyPuOCpOOCruODquOCueS6uuODh+OCtuOCpOODiuODvOOAgUp1bGllIERvZHN3b3J0aOOBqEZVTFRPTuekvuOBruOCs+ODqeODnOOCouOCpOODhuODoOOAggo8YnI+44Kz44K544OI44OR44OV44Kp44O844Oe44Oz44K544Oi44OH44Or44GuTWluaWxpdGXjgafjgZnjgIIgCjxicj4KPGJyPuiQveOBoeedgOOBhOOBn+ODmeODvOOCueOCq+ODqeODvOOBq+S4iuWTgeOBquiKseafhOOBjOOCreODo+ODjuODlOODvOWFqOS9k+OBq+ODh+OCtuOCpOODs+OAggo8YnI+Cjxicj7lronlhajmgKfjgpLph43oppbjgZfjgZ/pqqjntYTjgb/jgpLkvb/nlKjjgZfjgabjgYTjgb7jgZnjgIIKPGJyPjkzY23jgajpgJrluLjjga7jgqLjg7Pjg5bjg6zjg6npoZTosqDjgZHjga4KPGJyPuODr+OCpOODieOBquOCreODo+ODjuODlOODvOOBquOBruOBpwo8YnI+56qB54S244Gu5aSn6Zuo44Gn44KC5a6J5b+D44CCIAo8YnI+5oqY44KK44Gf44Gf44KA44Go44GL44GV44Gw44KJ44Ga44OQ44OD44Kw44GrCjxicj7jgZnjgaPjgb3jgorjgajlhaXjgorjgIHlj47ntI3jgoLkvr/liKnjgafjgZnjgIIKPGJyPgo8YnI+44OV44Os44O844Og44Gv44KC44Gh44KN44KT6ICQ5LmF5oCn44Gr44GT44Gg44KP44Gj44Gf5LuV5qeY44CCCjxicj7jgqrjg7zjg6vjg6njgqbjg7Pjg4njgavkvb/nlKjjgYTjgZ/jgaDjgZHjgb7jgZnjgIIKPGJyPuaxuuOBl+OBpuWuieOBo+OBveOBj+OBquOCieOBquOBhOODl+ODquODs+ODiOOBquOBruOBpwo8YnI+5bCR44GX44Oq44OD44OB44Gq44GK5Ye644GL44GR44Gr44KC4peOCjxicj4KPGJyPuiHquWIhueUqOOBr+WLv+irluOBruOBk+OBqOOAgeODl+ODrOOCvOODs+ODiOOBq+OCggo8YnI+44GK44K544K544Oh44Gu44Ki44Kk44OG44Og44Gn44GZ44CCIAo8YnI+CuWVhuWTgeWQjTogZnVsdG9ubDc3Mzxicj4K44OH44K244Kk44OzOiDjg4vjg6Xjg7zjgqTjg7PjgrDjg6njg7Pjg4k8YnI+Cue0oOadkDog44Od44Oq44Ko44K544OG44OrIDEwMCU8YnI+Cjxicj4K44K144Kk44K6OueVs+OCk+OBoOeKtuaFizoyNWNtPGJyPgrplovjgYTjgZ/nirbmhYs655u05b6EOTNjbSA8YnI+Cjxicj4K44CQ5YWo5Zu95LiA5b6L6YCB5paZ54Sh5paZ44CRPGJyPgo8YnI+CjwvY2VudGVyPiAKPGNlbnRlcj4KClVLIOODouODg+OCuuODleOCoeODg+OCt+ODp+ODs+OCu+ODrOOCr+ODiOOCt+ODp+ODg+ODlzxicj4KQUJCRVkgQ0xPWkVTVDxicj4K44Ki44OT44O844Kv44Ot44O844K844K544OIPGJyPgrjgYrlupfjg4jjg4Pjg5cKPC9jZW50ZXI+Cjxicj4=,RlVMVE9OIOODleODq+ODiOODsyDlgpgg44Ki44Oz44OW44Os44OpIEp1bGllIERvZHN3b3J0aCDjg4fjgrbjgqTjg4rjg7zjgrPjg6njg5wg44Of44OL44Op44Kk44OIIOODi+ODpeODvCDjgqTjg7PjgrDjg6njg7Pjg4kg5oqY44KK44Gf44Gf44G/5YKYIOOAkOmAgeaWmeeEoeaWmeOAkSDoi7Hlm73njovlrqTlvqHnlKjpgZQg44K444Ol44Oq44O8IOODieODg+OCuuODr+ODvOOCuSDjg6zjg4fjgqPjg7zjgrkg6Iqx5p+EIOODleODqeODr+ODvCBNaW5pbGl0ZSBVbWJyZWxsYSDjgYvjgZUg44OV44Kh44OD44K344On44OzIGZ1bHRvbmw3NzNuZXdlbmdsYW5kIOOCruODleODiO+8mkNMT1pFU1Qg44Oi44OD44K644Oh44Oz44K644Os44OH44Kj44O844K5,6YCa5L+h6LKp5aOy6YCa6LKp44K344On44OD44OU44Oz44Kw44Kq44Oz44Op44Kk44Oz44K344On44OD44OU44Oz44Kw6LK344GE54mp44OX44Os44K844Oz44OI44Ku44OV44OI6LSI44KK54mp6LSI562U5ZOB44GK5Lit5YWD44GK5q2z5pqu44GK6LK344GE5b6X44OV44Os44OD44OJ44Oa44Oq44O8RnJlZCBQZXJyeUJlbiBTaGVybWFu44OZ44Oz44K344Oj44O844Oe44Oz44Oh44Or44KvbWVyY+ODleODq+ODiOODs0Z1bHRvbuODreODvOOCr0xvYWtl44K444On44Oz44K544OI44Oz44K644Oi44OD44K644OV44Kh44OD44K344On44Oz44OE44Kk44O844OJ44Of44Or44Oi44OD44K65YKY44Os44OH44Kj44O844K544Oh44Oz44K66YCa6LKp44OQ44Op44Kv44O844K/44OQ44OW44Ki44O8RlVMVE9OIOODleODq+ODiOODsyDlgpgg44Ki44Oz44OW44Os44OpIEp1bGllIERvZHN3b3J0aCDjg4fjgrbjgqTjg4rjg7zjgrPjg6njg5wg44Of44OL44Op44Kk44OIIOODi+ODpeODvCDjgqTjg7PjgrDjg6njg7Pjg4kg5oqY44KK44Gf44Gf44G/5YKYIOOAkOmAgeaWmeeEoeaWmeOAkSDoi7Hlm73njovlrqTlvqHnlKjpgZQg44K444Ol44Oq44O8IOODieODg+OCuuODr+ODvOOCuSDjg6zjg4fjgqPjg7zjgrkg6Iqx5p+EIOODleODqeODr+ODvCBNaW5pbGl0ZSBVbWJyZWxsYSDjgYvjgZUg44OV44Kh44OD44K344On44OzIGZ1bHRvbmw3NzNuZXdlbmdsYW5kIOOCruODleODiA==,SnVsaWUgRG9kc3dvcnRoIOOCuOODpeODquODvOODieODg+OCuuODr+ODvOOCuSBGVUxUT04g44OV44Or44OI44OzIOWCmOOAgkZVTFRPTiDjg5Xjg6vjg4jjg7Mg5YKYIOOCouODs+ODluODrOODqSBKdWxpZSBEb2Rzd29ydGgg44OH44K244Kk44OK44O844Kz44Op44OcIOODn+ODi+ODqeOCpOODiCDjg4vjg6Xjg7wg44Kk44Oz44Kw44Op44Oz44OJIOaKmOOCiuOBn+OBn+OBv+WCmCDjgJDpgIHmlpnnhKHmlpnjgJEg6Iux5Zu9546L5a6k5b6h55So6YGUIOOCuOODpeODquODvCDjg4njg4Pjgrrjg6/jg7zjgrkg44Os44OH44Kj44O844K5IOiKseafhCDjg5Xjg6njg6/jg7wgTWluaWxpdGUgVW1icmVsbGEg44GL44GVIOODleOCoeODg+OCt+ODp+ODsyBmdWx0b25sNzczbmV3ZW5nbGFuZCDjgq7jg5Xjg4g=[rn]
15-197314,aHR0cDovL3RzaG9wLnIxMHMuanAvY2xvemVzdC9jYWJpbmV0LzAxMzgxOTcyL2Z1bHRvbmVsbGFqb3VsZXMvZnVsdG9ubDA1NmxvbnByaWRlZC5qcGc/Zml0aW49NzAwOjcwMA==,NTE4NC4wMDAw,,44OQ44OD44Kw44O75bCP54mp44O744OW44Op44Oz44OJ6ZuR6LKoID4g5YKYID4g44Os44OH44Kj44O844K56Zuo5YKY,44OV44Or44OI44OzIEZVTFRPTiDlgpgg44Os44OH44Kj44O844K5IEtlbnNpbmd0b24g6ZW35YKYIOWls+aAp+eUqCAg44GL44GVIExvbmRvbiBQcmlkZSDjg5bjg6njg4Pjgq8g6buSIOODreODs+ODieODsyDjg5fjg6zjgrzjg7Pjg4gg44Ku44OV44OI,,44Ku44OV44OI5YyF6KOF54Sh5paZ44Gn44GZIDxicj48YnI+PGNlbnRlcj4KPGltZyB3aWR0aD0iMTAwJSIgYm9yZGVyPSIwInNyYz0iaHR0cDovL2ltYWdlLnJha3V0ZW4uY28uanAvY2xvemVzdC9jYWJpbmV0LzAxMzgxOTcyL2Z1bHRvbmVsbGFqb3VsZXMvZnVsdG9ubDA1NmxvbnByaWRlZC5qcGciPgoKPGltZyB3aWR0aD0iMTAwJSIgYm9yZGVyPSIwInNyYz0iaHR0cDovL2ltYWdlLnJha3V0ZW4uY28uanAvY2xvemVzdC9jYWJpbmV0LzAxMzgxOTcyL2Z1bHRvbmVsbGFqb3VsZXMvZnVsdG9ubDA1NmxvbnByaWRlZS5qcGciPgoKPGJyPgo8YnI+RnVsdG9uIOODleODq+ODiOODs+OBrktlbnNpbmd0b24g44Kx44Oz44K444Oz44OI44OzCjxicj7jg63jg7Pjg4njg7Pjg5fjg6njgqTjg4njgafjgZnjgIIKPGJyPgo8YnI+6ZaL44GP44Go55u05b6EMTAwY23jgavjgoLjgarjgovlpKfjgY3jgarkvZzjgorjgIIKPGJyPumbqOOBq+a/oeOCjOOBq+OBj+OBj+OAgeW8t+miqOOBq+OCguW8t+OBhOOBp+OBmeOAggo8YnI+44K344OD44Kv44Gq6Imy5ZCI44GE44Gu44OZ44O844K544Kr44Op44O844GrCjxicj7jg63jg7Pjg4njg7Pjga7nlLrkuKbjgb/jgYzjg4fjgrbjgqTjg7PjgZXjgozjgZ8KPGJyPiLjg63jg7Pjg4njg7Pjg5fjg6njgqTjg4kiCjxicj7kuLvlvLXjgZfjgZnjgY7jgarjgYTjg4fjgrbjgqTjg7PjgIIKPGJyPumdnuW4uOOBq+S4iuWTgeOBquOCouODs+ODluODrOODqeOBq+OBquOBo+OBpuOBhOOBvuOBmeOAggo8YnI+Cjxicj7mirzjgZnjgaDjgZHjga7plovplonjg5zjgr/jg7PjgoIKPGJyPuewoeWNmOOCueODoOODvOOCueOBp+OBqOOBpuOCguS+v+WIqeOBp+OBmeOAggo8YnI+5o+h44KK44KE44GZ44GE44OP44Oz44OJ44Or44KC54m55b6055qE44Gn44GZ44CCCjxicj4KPGJyPuWVhuWTgeWQjTpmdWx0b25sMDU2Cjxicj7jg4fjgrbjgqTjg7M644Ot44Oz44OJ44Oz44OX44Op44Kk44OJCjxicj7ntKDmnZA6IOODneODquOCqOOCueODhuODqyAxMDAlCjxicj4KPGJyPuOCteOCpOOCujrplovjgYTjgZ/nirbmhYsg55u05b6EIDEwMGNtCjxicj7ph43ph486MzkwZwo8YnI+Cjxicj4K44CQ5YWo5Zu95LiA5b6L6YCB5paZ54Sh5paZ44CRPGJyPgo8YnI+CjwvY2VudGVyPgo8Y2VudGVyPgo8YnI+CktlbnNpbmd0b24g5LiA6Kan44Gv44GT44Gh44KJ77yBPGJyPgo8YnI+CuODrOODh+OCo+ODvOOCuSDjgrnjgr/jg7Pjg4Djg7zjg4nlgpgg5LiA6Kan44Gv44GT44Gh44KJ77yBPGJyPgo8L2NlbnRlcj4=,44OV44Or44OI44OzIEZVTFRPTiDlgpgg44Os44OH44Kj44O844K5IEtlbnNpbmd0b24g6ZW35YKYIOWls+aAp+eUqCAg44GL44GVIExvbmRvbiBQcmlkZSDjg5bjg6njg4Pjgq8g6buSIOODreODs+ODieODsyDjg5fjg6zjgrzjg7Pjg4gg44Ku44OV44OI77yaQ0xPWkVTVCDjg6Ljg4Pjgrrjg6Hjg7Pjgrrjg6zjg4fjgqPjg7zjgrk=,6YCa5L+h6LKp5aOy6YCa6LKp44K344On44OD44OU44Oz44Kw44Kq44Oz44Op44Kk44Oz44K344On44OD44OU44Oz44Kw6LK344GE54mp44OX44Os44K844Oz44OI44Ku44OV44OI6LSI44KK54mp6LSI562U5ZOB44GK5Lit5YWD44GK5q2z5pqu44GK6LK344GE5b6X44OV44Os44OD44OJ44Oa44Oq44O8RnJlZCBQZXJyeUJlbiBTaGVybWFu44OZ44Oz44K344Oj44O844Oe44Oz44Oh44Or44KvbWVyY+ODleODq+ODiOODs0Z1bHRvbuODreODvOOCr0xvYWtl44K444On44Oz44K544OI44Oz44K644Oi44OD44K644OV44Kh44OD44K344On44Oz44OE44Kk44O844OJ44Of44Or44Oi44OD44K65YKY44Os44OH44Kj44O844K544Oh44Oz44K66YCa6LKp44OQ44Op44Kv44O844K/44OQ44OW44Ki44O844OV44Or44OI44OzIEZVTFRPTiDlgpgg44Os44OH44Kj44O844K5IEtlbnNpbmd0b24g6ZW35YKYIOWls+aAp+eUqCAg44GL44GVIExvbmRvbiBQcmlkZSDjg5bjg6njg4Pjgq8g6buSIOODreODs+ODieODsyDjg5fjg6zjgrzjg7Pjg4gg44Ku44OV44OI,6Iux5Zu9546L5a6k5b6h55So6YGUIEZVTFRPTiDlgpgg44CQ6YCB5paZ54Sh5paZ44CRICDjgILjg5Xjg6vjg4jjg7MgRlVMVE9OIOWCmCDjg6zjg4fjgqPjg7zjgrkgS2Vuc2luZ3RvbiDplbflgpgg5aWz5oCn55SoICDjgYvjgZUgTG9uZG9uIFByaWRlIOODluODqeODg+OCryDpu5Ig44Ot44Oz44OJ44OzIOODl+ODrOOCvOODs+ODiCDjgq7jg5Xjg4g=[rn]
15-197315,aHR0cDovL3RzaG9wLnIxMHMuanAvY2xvemVzdC9jYWJpbmV0LzAxMzgxOTcyL2Z1bHRvbmVsbGFqb3VsZXMvZnVsdG9ubDA0MW5hdnlkLmpwZz9maXRpbj03MDA6NzAw,NDMyMC4wMDAw,,44OQ44OD44Kw44O75bCP54mp44O744OW44Op44Oz44OJ6ZuR6LKoID4g5YKYID4g44Os44OH44Kj44O844K56Zuo5YKY,44OV44Or44OI44OzIEZVTFRPTiDlgpgg44Os44OH44Kj44O844K5IOODkOODvOODieOCseODvOOCuCDplbflgpgg6YCP5piOIOODjeOCpOODk+ODvCDjg6zjg4fjgqPjg7zjgrkg44GL44GVIOmzpeOBi+OBlCDjg5Xjg6vjg4jjg7Mg5YKYIOODrOODh+OCo+ODvOOCuSAg6Iux5Zu9546L5a6k5b6h55So6YGUIOWCmCDjg6zjg4fjgqPjg7zjgrkg44OX44Os44K844Oz44OIIOOCruODleODiA==,,44Ku44OV44OI5YyF6KOF54Sh5paZ44Gn44GZIDxicj48YnI+PGNlbnRlcj48aW1nIHdpZHRoPSIxMDAlIiBib3JkZXI9IjAic3JjPSJodHRwOi8vaW1hZ2UucmFrdXRlbi5jby5qcC9jbG96ZXN0L2NhYmluZXQvMDEzODE5NzIvZnVsdG9uZWxsYWpvdWxlcy9mdWx0b25sMDQxbmF2eWQuanBnIj4KCjxpbWcgd2lkdGg9IjEwMCUiIGJvcmRlcj0iMCJzcmM9Imh0dHA6Ly9pbWFnZS5yYWt1dGVuLmNvLmpwL2Nsb3plc3QvY2FiaW5ldC8wMTM4MTk3Mi9mdWx0b25lbGxham91bGVzL2Z1bHRvbmwwNDFuYXZ5Zi5naWYiPjxicj4KRnVsdG9uIOODleODq+ODiOODs+OBruODkOODvOODieOCseODvOOCuCDjg6rjgqLjg6vjgqLjgqTjgrPjg7Pjg6Ljg4fjg6vjgafjgZnjgII8YnI+CuOBk+OBoeOCieOBruODouODh+ODq+OBr3RoZSBRdWVlbiDjgqjjg6rjgrbjg5njgrky5LiW5aWz546L6Zmb5LiL44Gr44GU5L2/55So44GE44Gf44Gg44GE44Gm44GE44KL54mp44Gr44Gq44KK44G+44GZ44CCPGJyPiAK44OQ44O844OJ44Kx44O844K45LiK44Gr44K344Kn44Kk44OX44GX44Gm44KL44Gu44Gn44CB5a6f55So44Gr44KC6YGp44GX44Gm44GK44KK44G+44GZ44CCPGJyPgrps6XjgYvjgZTjgpLjg6Ljg4Hjg7zjg5XjgajjgZfjgZ/kuLjjgb/jga7jgYLjgovkvZzjgorjgafogqnlkajjgorjgYzmv6HjgozjgavjgY/jgY/mqZ/og73mgKfjg5Djg4TjgrDjg7PjgII8YnI+Cjxicj4K6ZaL6ZaJ44Gk44G+44G/44Gv5LiK44Gr5oyB44Gh5LiK44GS44KL44Gg44GR44Gq44Gu44Gn57Ch5Y2Y44K544Og44O844K544Gn44Go44Gm44KC5L6/5Yip44Gn44GZ44CCIDxicj4KKuaMh+OBr+OBleOBv+mYsuatouOBruOBn+OCgeODreODg+OCr+OBjOeUmOOBhOWgtOWQiOOBjOOBlOOBluOBhOOBvuOBmeOAgjxicj4K5YKY44KS6ZaJ44GY44Gm44KL6Zqb44Gv44OZ44Or44OI44KS57eg44KB44Gm44GU5L2/55So5LiL44GV44GE44CCPGJyPgrjgb7jgZ/jgIHjgY/jgaPjgaTjgY3pmLLmraLjga7jgZ/jgoHjga7nsonjgYzloZfluIPjgZXjgozjgabjgYrjgorjgb7jgZnjgII8YnI+Cjxicj4KPGJyPuOBk+OBoeOCieOBruWCmOOBr+W9oueKtuS4iuOAgee9ruOBjeW5suOBl+OCkuOBmeOCi+OBqAo8YnI+44OV44Os44O844Og44Gr6YGO5bqm44Gu6LKg6I2344GM44GL44GL44KK44G+44GZ44Gu44Gn44CBCjxicj7jgZTkvb/nlKjlvozjga7kub7nh6Xlh6bnkIbjga/ph6PjgorlubLjgZfjgafjgYrpoZjjgYTjgZfjgb7jgZnjgIIKPGJyPgrllYblk4HlkI06IGZ1bHRvbmwwbmF2eTxicj4K44OH44K244Kk44OzOiDjg43jgqTjg5Pjg7w8YnI+Cue0oOadkDogUFZDIDEwMCU8YnI+Cjxicj4K44K144Kk44K6OuWFqOmVtyA5NGNtPGJyPgrnm7TlvoQ6ODRjbTxicj4KPGJyPgo8YnI+CuOAkOWFqOWbveS4gOW+i+mAgeaWmeeEoeaWmeOAkQo8YnI+IApGVUxUT07kuIDopqfjga/jgZPjgaHjgonvvIEKPGJyPjwvY2VudGVyPg==,44OV44Or44OI44OzIEZVTFRPTiDlgpgg44Os44OH44Kj44O844K5IOODkOODvOODieOCseODvOOCuCDplbflgpgg6YCP5piOIOODjeOCpOODk+ODvCDjg6zjg4fjgqPjg7zjgrkg44GL44GVIOmzpeOBi+OBlCDjg5Xjg6vjg4jjg7Mg5YKYIOODrOODh+OCo+ODvOOCuSAg6Iux5Zu9546L5a6k5b6h55So6YGUIOWCmCDjg6zjg4fjgqPjg7zjgrkg44OX44Os44K844Oz44OIIOOCruODleODiO+8mkNMT1pFU1Qg44Oi44OD44K644Oh44Oz44K644Os44OH44Kj44O844K5,6YCa5L+h6LKp5aOy6YCa6LKp44K344On44OD44OU44Oz44Kw44Kq44Oz44Op44Kk44Oz44K344On44OD44OU44Oz44Kw6LK344GE54mp44OX44Os44K844Oz44OI44Ku44OV44OI6LSI44KK54mp6LSI562U5ZOB44GK5Lit5YWD44GK5q2z5pqu44GK6LK344GE5b6X44OV44Os44OD44OJ44Oa44Oq44O8RnJlZCBQZXJyeUJlbiBTaGVybWFu44OZ44Oz44K344Oj44O844Oe44Oz44Oh44Or44KvbWVyY+ODleODq+ODiOODs0Z1bHRvbuODreODvOOCr0xvYWtl44K444On44Oz44K544OI44Oz44K644Oi44OD44K644OV44Kh44OD44K344On44Oz44OE44Kk44O844OJ44Of44Or44Oi44OD44K65YKY44Os44OH44Kj44O844K544Oh44Oz44K66YCa6LKp44OQ44Op44Kv44O844K/44OQ44OW44Ki44O844OV44Or44OI44OzIEZVTFRPTiDlgpgg44Os44OH44Kj44O844K5IOODkOODvOODieOCseODvOOCuCDplbflgpgg6YCP5piOIOODjeOCpOODk+ODvCDjg6zjg4fjgqPjg7zjgrkg44GL44GVIOmzpeOBi+OBlCDjg5Xjg6vjg4jjg7Mg5YKYIOODrOODh+OCo+ODvOOCuSAg6Iux5Zu9546L5a6k5b6h55So6YGUIOWCmCDjg6zjg4fjgqPjg7zjgrkg44OX44Os44K844Oz44OIIOOCruODleODiA==,6Iux5Zu9546L5a6k5b6h55So6YGUIEZVTFRPTiDlgpgg44OW44Op44Oz44OJIOOAkOmAgeaWmeeEoeaWmeOAguODleODq+ODiOODsyBGVUxUT04g5YKYIOODrOODh+OCo+ODvOOCuSDjg5Djg7zjg4njgrHjg7zjgrgg6ZW35YKYIOmAj+aYjiDjg43jgqTjg5Pjg7wg44Os44OH44Kj44O844K5IOOBi+OBlSDps6XjgYvjgZQg44OV44Or44OI44OzIOWCmCDjg6zjg4fjgqPjg7zjgrkgIOiLseWbveeOi+WupOW+oeeUqOmBlCDlgpgg44Os44OH44Kj44O844K5IOODl+ODrOOCvOODs+ODiCDjgq7jg5Xjg4g=[rn]
15-197316,aHR0cDovL3RzaG9wLnIxMHMuanAvY2xvemVzdC9jYWJpbmV0LzAxMzgxOTcyL2Z1bHRvbmVsbGFqb3VsZXMvZnVsdG9ubDc3NnN0YXJsaXBkLmpwZz9maXRpbj03MDA6NzAw,NTE4NC4wMDAw,,44OQ44OD44Kw44O75bCP54mp44O744OW44Op44Oz44OJ6ZuR6LKoID4g5YKYID4g44Os44OH44Kj44O844K56Zuo5YKY,44CQ5YKYIOODrOODh+OCo+ODvOOCueOAkeODleODq+ODiOODsyBGVUxUT04gS2Vuc2luZ3RvbiBTdGFyIOODquODg+ODl+OCueODhuOCo+ODg+OCryDplbflgpgg44GK44GX44KD44KMIOWCmCDjg6zjg4fjgqPjg7zjgrkg6Iux5Zu9546L5a6k5b6h55So6YGUIOOBi+OBlSDlgpgg44Os44OH44Kj44O844K5IOODleODq+ODiOODsyDjg5fjg6zjgrzjg7Pjg4gg44Ku44OV44OI,,44Ku44OV44OI5YyF6KOF54Sh5paZ44Gn44GZIDxicj48YnI+PGNlbnRlcj4KPGltZyB3aWR0aD0iMTAwJSIgYm9yZGVyPSIwInNyYz0iaHR0cDovL2ltYWdlLnJha3V0ZW4uY28uanAvY2xvemVzdC9jYWJpbmV0LzAxMzgxOTcyL2Z1bHRvbmVsbGFqb3VsZXMvZnVsdG9ubDc3NnN0YXJsaXBkLmpwZyI+Cgo8aW1nIHdpZHRoPSIxMDAlIiBib3JkZXI9IjAic3JjPSJodHRwOi8vaW1hZ2UucmFrdXRlbi5jby5qcC9jbG96ZXN0L2NhYmluZXQvMDEzODE5NzIvZnVsdG9uZWxsYWpvdWxlcy9mdWx0b25sNzc2c3RhcmUuanBnIj4KCjxpbWcgd2lkdGg9IjEwMCUiIGJvcmRlcj0iMCJzcmM9Imh0dHA6Ly9pbWFnZS5yYWt1dGVuLmNvLmpwL2Nsb3plc3QvY2FiaW5ldC8wMTM4MTk3Mi9mdWx0b25lbGxham91bGVzL2Z1bHRvbmw3NzZzdGFybGlwZi5qcGciPgo8YnI+CkZ1bHRvbiDjg5Xjg6vjg4jjg7Pjga5LZW5zaW5ndG9uIOOCseODs+OCuOODs+ODiOODsyDjgrnjgr/jg7zjgafjgZnjgII8YnI+Cjxicj4K6ZaL44GP44Go55u05b6EMTAwY23jgavjgoLjgarjgovlpKfjgY3jgarkvZzjgorjgII8YnI+CumbqOOBq+a/oeOCjOOBq+OBj+OBj+OAgeW8t+miqOOBq+OCguW8t+OBhOOBp+OBmeOAgjxicj4K5LiK5ZOB44Gn6a6u44KE44GL44Gq44Oq44OD44OX44K544OG44Kj44OD44Kv44Kr44Op44O844KS44OZ44O844K544Gr44K544K/44O844OH44K244Kk44Oz44GuPGJyPgrjgq3jg6Pjg47jg5Tjg7zjgavkuIrlk4Hjgaflj6/mhJvjgonjgZfjgYTjg6rjg5zjg7PjgYzjg4fjgrbjgqTjg7PjgII8YnI+Cjxicj4K44Km44OD44OJ6Kq/44Gu44OP44Oz44OJ44Or44GM44Ki44Kv44K744Oz44OI44Gr44Gq44Gj44Gm44GK44KKPGJyPgrplonjgZjjgabjgYTjgovjgajjgY3jgIHlgpjnq4vjgabjgavmjL/jgZfjgabjgYTjgovjgajjgY3jgoI8YnI+CuiPr+OChOOBi+OBleOCkua8lOWHuuOBl+OBvuOBmeOAgjxicj4KPGJyPgrllYblk4HlkI06IGZ1bHRvbmw3NzY8YnI+CuODh+OCtuOCpOODszrjg6rjg4Pjg5fjgrnjg4bjgqPjg4Pjgq88YnI+Cue0oOadkDog44Od44Oq44Ko44K544OG44OrIDEwMCU8YnI+Cjxicj4K44K144Kk44K6OumWi+OBhOOBn+eKtuaFiyDnm7TlvoQgMTAwY208YnI+CumVt+OBlTo4OS41Y208YnI+CumHjemHjzozOTBnPGJyPgo8YnI+Cjxicj4K44CQ5YWo5Zu95LiA5b6L6YCB5paZ54Sh5paZ44CRPGJyPgo8YnI+CjwvY2VudGVyPgo8Y2VudGVyPgo8YnI+CktlbnNpbmd0b24g5LiA6Kan44Gv44GT44Gh44KJ77yBPGJyPgo8YnI+CuODrOODh+OCo+ODvOOCuSDjgrnjgr/jg7Pjg4Djg7zjg4nlgpgg5LiA6Kan44Gv44GT44Gh44KJ77yBPGJyPgo8L2NlbnRlcj4=,44CQ5YKYIOODrOODh+OCo+ODvOOCueOAkeODleODq+ODiOODsyBGVUxUT04gS2Vuc2luZ3RvbiBTdGFyIOODquODg+ODl+OCueODhuOCo+ODg+OCryDplbflgpgg44GK44GX44KD44KMIOWCmCDjg6zjg4fjgqPjg7zjgrkg6Iux5Zu9546L5a6k5b6h55So6YGUIOOBi+OBlSDlgpgg44Os44OH44Kj44O844K5IOODleODq+ODiOODsyDjg5fjg6zjgrzjg7Pjg4gg44Ku44OV44OI77yaQ0xPWkVTVCDjg6Ljg4Pjgrrjg6Hjg7Pjgrrjg6zjg4fjgqPjg7zjgrk=,6YCa5L+h6LKp5aOy6YCa6LKp44K344On44OD44OU44Oz44Kw44Kq44Oz44Op44Kk44Oz44K344On44OD44OU44Oz44Kw6LK344GE54mp44OX44Os44K844Oz44OI44Ku44OV44OI6LSI44KK54mp6LSI562U5ZOB44GK5Lit5YWD44GK5q2z5pqu44GK6LK344GE5b6X44OV44Os44OD44OJ44Oa44Oq44O8RnJlZCBQZXJyeUJlbiBTaGVybWFu44OZ44Oz44K344Oj44O844Oe44Oz44Oh44Or44KvbWVyY+ODleODq+ODiOODs0Z1bHRvbuODreODvOOCr0xvYWtl44K444On44Oz44K544OI44Oz44K644Oi44OD44K644OV44Kh44OD44K344On44Oz44OE44Kk44O844OJ44Of44Or44Oi44OD44K65YKY44Os44OH44Kj44O844K544Oh44Oz44K66YCa6LKp44OQ44Op44Kv44O844K/44OQ44OW44Ki44O844CQ5YKYIOODrOODh+OCo+ODvOOCueOAkeODleODq+ODiOODsyBGVUxUT04gS2Vuc2luZ3RvbiBTdGFyIOODquODg+ODl+OCueODhuOCo+ODg+OCryDplbflgpgg44GK44GX44KD44KMIOWCmCDjg6zjg4fjgqPjg7zjgrkg6Iux5Zu9546L5a6k5b6h55So6YGUIOOBi+OBlSDlgpgg44Os44OH44Kj44O844K5IOODleODq+ODiOODsyDjg5fjg6zjgrzjg7Pjg4gg44Ku44OV44OI,6Iux5Zu9546L5a6k5b6h55So6YGUIOOAkOmAgeaWmeeEoeaWmeOAkUZVTFRPTiDlgpggIOmbkeiqjCDjgILjgJDlgpgg44Os44OH44Kj44O844K544CR44OV44Or44OI44OzIEZVTFRPTiBLZW5zaW5ndG9uIFN0YXIg44Oq44OD44OX44K544OG44Kj44OD44KvIOmVt+WCmCDjgYrjgZfjgoPjgowg5YKYIOODrOODh+OCo+ODvOOCuSDoi7Hlm73njovlrqTlvqHnlKjpgZQg44GL44GVIOWCmCDjg6zjg4fjgqPjg7zjgrkg44OV44Or44OI44OzIOODl+ODrOOCvOODs+ODiCDjgq7jg5Xjg4g=[rn]
15-197317,aHR0cDovL3RzaG9wLnIxMHMuanAvY2xvemVzdC9jYWJpbmV0LzAxMzgxOTcyL2Z1bHRvbmVsbGFqb3VsZXMvZnVsdG9ubDA1NnJvc2VibHVlZC5qcGc/Zml0aW49NzAwOjcwMA==,NTE4NC4wMDAw,,44OQ44OD44Kw44O75bCP54mp44O744OW44Op44Oz44OJ6ZuR6LKoID4g5YKYID4g44Os44OH44Kj44O844K56Zuo5YKY,44OV44Or44OI44OzIEZVTFRPTiDlgpgg44Os44OH44Kj44O844K5IEtlbnNpbmd0b24g6ZW35YKYIOWls+aAp+eUqCDjg63jg7zjgrog6Iqx5p+EIOODluODq+ODvCDjgYvjgZUg44OX44Os44K844Oz44OIIOOCruODleODiA==,,44Ku44OV44OI5YyF6KOF54Sh5paZ44Gn44GZIDxicj48YnI+PGNlbnRlcj48aW1nIHdpZHRoPSIxMDAlIiBib3JkZXI9IjAic3JjPSJodHRwOi8vaW1hZ2UucmFrdXRlbi5jby5qcC9jbG96ZXN0L2NhYmluZXQvMDEzODE5NzIvZnVsdG9uZWxsYWpvdWxlcy9mdWx0b25sMDU2cm9zZWJsdWVkLmpwZyI+CjxpbWcgd2lkdGg9IjEwMCUiIGJvcmRlcj0iMCJzcmM9Imh0dHA6Ly9pbWFnZS5yYWt1dGVuLmNvLmpwL2Nsb3plc3QvY2FiaW5ldC8wMTM4MTk3Mi9mdWx0b25lbGxham91bGVzL2wwNTZhbnRpcXVlcm9zZWJsdWVmLmdpZiI+PGJyPgpGdWx0b24g44OV44Or44OI44Oz44GuS2Vuc2luZ3RvbiDjgrHjg7Pjgrjjg7Pjg4jjg7M8YnI+CuOCouODs+ODhuOCo+ODvOOCr+ODreODvOOCuuODluODq+ODvOOBp+OBmeOAgjxicj4KPGJyPgrplovjgY/jgajnm7TlvoQxMDBjbeOBq+OCguOBquOCi+Wkp+OBjeOBquS9nOOCiuOAgjxicj4K6Zuo44Gr5r+h44KM44Gr44GP44GP44CB5by36aKo44Gr44KC5by344GE44Gn44GZ44CCPGJyPgrjgqLjg7Pjg4bjgqPjg7zjgq/oqr/jga7nvo7jgZfjgY/kuIrlk4HjgaroibLlkIjjgYTjgYznibnlvrTjgajjgarjgaPjgabjgYrjgorjgb7jgZnjgII8YnI+CuS6jOiJsuOBruOCs+ODs+ODiOODqeOCueODiOOBjOmdnuW4uOOBq+OCqOODrOOCrOODs+ODiOOBquODh+OCtuOCpOODs+OAgjxicj4KPGJyPgrjgZPjgaHjgonjga7jgqvjg6njg7zjga/jg4/jg7Pjg4njg6vjgYzjgrDjg6njg4fjg7zjgrfjg6fjg7PjgavjgarjgaPjgabjgYTjgaY8YnI+CumWieOBmOOBpuOBhOOCi+OBqOOBjeOAgeWCmOeri+OBpuOBq+aMv+OBl+OBpuOBhOOCi+OBqOOBjeOCgjxicj4K6I+v44KE44GL44GV44KS5ryU5Ye644GX44G+44GZ44CCPGJyPgo8YnI+CuWVhuWTgeWQjTogZnVsdG9ubDA1Njxicj4K44OH44K244Kk44OzOiDjgqLjg7Pjg4bjgqPjg7zjgq/jg63jg7zjgrrjg5bjg6vjg7w8YnI+Cue0oOadkDog44Od44Oq44Ko44K544OG44OrIDEwMCU8YnI+Cjxicj4K44K144Kk44K6OumWi+OBhOOBn+eKtuaFiyDnm7TlvoQgMTAwY208YnI+CumHjemHjzozOTBnPGJyPgo8YnI+Cjxicj4K44CQ5YWo5Zu95LiA5b6L6YCB5paZ54Sh5paZ44CRPGJyPgo8YnI+CjwvY2VudGVyPiAKPGNlbnRlcj4KClVLIOODouODg+OCuuODleOCoeODg+OCt+ODp+ODs+OCu+ODrOOCr+ODiOOCt+ODp+ODg+ODlzxicj4KQUJCRVkgQ0xPWkVTVDxicj4K44Ki44OT44O844Kv44Ot44O844K844K544OIPGJyPgrjgYrlupfjg4jjg4Pjg5cKPC9jZW50ZXI+Cjxicj4=,44OV44Or44OI44OzIEZVTFRPTiDlgpgg44Os44OH44Kj44O844K5IEtlbnNpbmd0b24g6ZW35YKYIOWls+aAp+eUqCDjg63jg7zjgrog6Iqx5p+EIOODluODq+ODvCDjgYvjgZUg44OX44Os44K844Oz44OIIOOCruODleODiO+8mkNMT1pFU1Qg44Oi44OD44K644Oh44Oz44K644Os44OH44Kj44O844K5,6YCa5L+h6LKp5aOy6YCa6LKp44K344On44OD44OU44Oz44Kw44Kq44Oz44Op44Kk44Oz44K344On44OD44OU44Oz44Kw6LK344GE54mp44OX44Os44K844Oz44OI44Ku44OV44OI6LSI44KK54mp6LSI562U5ZOB44GK5Lit5YWD44GK5q2z5pqu44GK6LK344GE5b6X44OV44Os44OD44OJ44Oa44Oq44O8RnJlZCBQZXJyeUJlbiBTaGVybWFu44OZ44Oz44K344Oj44O844Oe44Oz44Oh44Or44KvbWVyY+ODleODq+ODiOODs0Z1bHRvbuODreODvOOCr0xvYWtl44K444On44Oz44K544OI44Oz44K644Oi44OD44K644OV44Kh44OD44K344On44Oz44OE44Kk44O844OJ44Of44Or44Oi44OD44K65YKY44Os44OH44Kj44O844K544Oh44Oz44K66YCa6LKp44OQ44Op44Kv44O844K/44OQ44OW44Ki44O844OV44Or44OI44OzIEZVTFRPTiDlgpgg44Os44OH44Kj44O844K5IEtlbnNpbmd0b24g6ZW35YKYIOWls+aAp+eUqCDjg63jg7zjgrog6Iqx5p+EIOODluODq+ODvCDjgYvjgZUg44OX44Os44K844Oz44OIIOOCruODleODiA==,6Iux5Zu9546L5a6k5b6h55So6YGUIEZVTFRPTiDlgpgg44CQ6YCB5paZ54Sh5paZ44CRICDjgILjg5Xjg6vjg4jjg7MgRlVMVE9OIOWCmCDjg6zjg4fjgqPjg7zjgrkgS2Vuc2luZ3RvbiDplbflgpgg5aWz5oCn55SoIOODreODvOOCuiDoirHmn4Qg44OW44Or44O8IOOBi+OBlSDjg5fjg6zjgrzjg7Pjg4gg44Ku44OV44OI[rn]
15-197318,aHR0cDovL3RzaG9wLnIxMHMuanAvY2xvemVzdC9jYWJpbmV0LzAxMzgxOTcyL2Z1bHRvbmVsbGFqb3VsZXMvZnVsdG9ubDUwMWNoZWNrZC5qcGc/Zml0aW49NzAwOjcwMA==,MzQ1Ni4wMDAw,,44OQ44OD44Kw44O75bCP54mp44O744OW44Op44Oz44OJ6ZuR6LKoID4g5YKYID4g44Os44OH44Kj44O844K56Zuo5YKY,RlVMVE9OIOODleODq+ODiOODsyDlgpgg5oqY44KK44Gf44Gf44G/IFRpbnkg6Lu96YePIOODgeOCp+ODg+OCryDjg6zjg4fjgqPjg7zjgrkg5bCP5Z6LIOOBi+OBlSDjg5fjg6zjgrzjg7Pjg4gg44Ku44OV44OI,,44Ku44OV44OI5YyF6KOF54Sh5paZ44Gn44GZIDxicj48YnI+PGNlbnRlcj4K44OV44Or44OI44Oz44GE44Gh6LGK5a+M44Gq44OQ44Oq44Ko44O844K344On44Oz44GoCjxicj7jgqrjg6rjgrjjg4rjg6rjg4bjgqPjgYLjgbXjgozjgovjg5fjg6rjg7Pjg4jjgacKPGJyPuWkp+WlveipleOBrlRpbnnjgIHjg4Hjgqfjg4Pjgq/jga7nmbvloLTjgafjgZnjgIIKPGJyPgo8YnI+6L+R5pyq5p2l55qE44Gq44OH44K244Kk44Oz44GvCjxicj7lsJHjgZfjg6Ljg7zjg4njgarjgYrlh7rjgYvjgZHjgavjg57jg4Pjg4HjgZfjgb7jgZnjgIIKPGJyPuWFieWKoOa4m+OBp+anmOOAheOBquihqOaDheOCkuimi+OBm+OCi+OAgeODpuODi+ODvOOCr+OBquWCmOOBp+OBmeOAggo8YnI+Cjxicj7kuK3jgavjga/lvLfluqbjgpLkuIrjgZLjgovjgZ/jgoHjgavnuYrntq3jgqzjg6njgrnjgYwKPGJyPuS9v+eUqOOBleOCjOOBpuOBhOOBpuapn+iDveaAp+OCguODkOODhOOCsOODs++8gQo8YnI+5by36aKo44Gr44KC5by344GE54m55q6K44Gq57Sg5p2Q44KS5L2/55So44GX44Gm44GK44KK44G+44GZ44CCIAo8YnI+6Ieq5YiG55So44Gv5Yu/6KuW44Gu44GT44Go44CB44OX44Os44K844Oz44OI44Gr44KCCjxicj7jgYrjgrnjgrnjg6Hjga7jgqLjgqTjg4bjg6DjgafjgZnimIU8YnI+Cjxicj4K5ZWG5ZOB5ZCNOiBmdWx0b25sNTAxY2hlY2s8YnI+CuODh+OCtuOCpOODszog44OB44Kn44OD44KvPGJyPgrntKDmnZA6IOODneODquOCqOOCueODhuODqyAxMDAlPGJyPgo8YnI+CuOCteOCpOOCujrnlbPjgpPjgaDnirbmhYs6MTVjbSwg55u05b6EIDNjbTxicj4K6ZaL44GE44Gf54q25oWLOuebtOW+hDg3Y208YnI+Cjxicj4K44CQ5YWo5Zu95LiA5b6L6YCB5paZ54Sh5paZ44CRPGJyPgo8YnI+CjwvY2VudGVyPiAKPGNlbnRlcj4KClVLIOODouODg+OCuuODleOCoeODg+OCt+ODp+ODs+OCu+ODrOOCr+ODiOOCt+ODp+ODg+ODlzxicj4KQUJCRVkgQ0xPWkVTVDxicj4K44Ki44OT44O844Kv44Ot44O844K844K544OIPGJyPgrjgYrlupfjg4jjg4Pjg5cKPC9jZW50ZXI+Cjxicj4=,RlVMVE9OIOODleODq+ODiOODsyDlgpgg5oqY44KK44Gf44Gf44G/IFRpbnkg6Lu96YePIOODgeOCp+ODg+OCryDjg6zjg4fjgqPjg7zjgrkg5bCP5Z6LIOOBi+OBlSDjg5fjg6zjgrzjg7Pjg4gg44Ku44OV44OI77yaQ0xPWkVTVCDjg6Ljg4Pjgrrjg6Hjg7Pjgrrjg6zjg4fjgqPjg7zjgrk=,6YCa5L+h6LKp5aOy6YCa6LKp44K344On44OD44OU44Oz44Kw44Kq44Oz44Op44Kk44Oz44K344On44OD44OU44Oz44Kw6LK344GE54mp44OX44Os44K844Oz44OI44Ku44OV44OI6LSI44KK54mp6LSI562U5ZOB44GK5Lit5YWD44GK5q2z5pqu44GK6LK344GE5b6X44OV44Os44OD44OJ44Oa44Oq44O8RnJlZCBQZXJyeUJlbiBTaGVybWFu44OZ44Oz44K344Oj44O844Oe44Oz44Oh44Or44KvbWVyY+ODleODq+ODiOODs0Z1bHRvbuODreODvOOCr0xvYWtl44K444On44Oz44K544OI44Oz44K644Oi44OD44K644OV44Kh44OD44K344On44Oz44OE44Kk44O844OJ44Of44Or44Oi44OD44K65YKY44Os44OH44Kj44O844K544Oh44Oz44K66YCa6LKp44OQ44Op44Kv44O844K/44OQ44OW44Ki44O8RlVMVE9OIOODleODq+ODiOODsyDlgpgg5oqY44KK44Gf44Gf44G/IFRpbnkg6Lu96YePIOODgeOCp+ODg+OCryDjg6zjg4fjgqPjg7zjgrkg5bCP5Z6LIOOBi+OBlSDjg5fjg6zjgrzjg7Pjg4gg44Ku44OV44OI,44CQ6YCB5paZ54Sh5paZ44CRIOiLseWbveeOi+WupOW+oeeUqOmBlCBGVUxUT04g5YKYICDjgIJGVUxUT04g44OV44Or44OI44OzIOWCmCDmipjjgorjgZ/jgZ/jgb8gVGlueSDou73ph48g44OB44Kn44OD44KvIOODrOODh+OCo+ODvOOCuSDlsI/lnosg44GL44GVIOODl+ODrOOCvOODs+ODiCDjgq7jg5Xjg4g=[rn]
15-197319,aHR0cDovL3RzaG9wLnIxMHMuanAvY2xvemVzdC9jYWJpbmV0LzAxMzgxOTcyL2Z1bHRvbmVsbGFqb3VsZXMvZnVsdG9ubDczMWVtYm9zc2VkZC5qcGc/Zml0aW49NzAwOjcwMA==,NDgzOC40MDAw,,44OQ44OD44Kw44O75bCP54mp44O744OW44Op44Oz44OJ6ZuR6LKoID4g5YKYID4g44Os44OH44Kj44O844K56Zuo5YKY,44OV44Or44OI44OzIEZVTFRPTiDlgpgg5oqY44KK44Gf44Gf44G/IOODrOODh+OCo+ODvOOCuSBDb250ZXNzYSBFbWJvc3NlZCDjg5Xjg6rjg6sg44GL44GVIOODl+ODrOOCvOODs+ODiCDjgq7jg5Xjg4g=,,44Ku44OV44OI5YyF6KOF54Sh5paZ44Gn44GZIDxicj48YnI+PGNlbnRlcj48aW1nIHdpZHRoPSIxMDAlIiBib3JkZXI9IjAic3JjPSJodHRwOi8vaW1hZ2UucmFrdXRlbi5jby5qcC9jbG96ZXN0L2NhYmluZXQvMDEzODE5NzIvZnVsdG9uZWxsYWpvdWxlcy9mdWx0b25sNzMxZW1ib3NzZWRkLmpwZyI+CjxpbWcgd2lkdGg9IjEwMCUiIGJvcmRlcj0iMCJzcmM9Imh0dHA6Ly9pbWFnZS5yYWt1dGVuLmNvLmpwL2Nsb3plc3QvY2FiaW5ldC8wMTM4MTk3Mi9mdWx0b25lbGxham91bGVzL2Z1bHRvbmw3MzFlbWJvc3NlZGUuanBnIj4KPGltZyB3aWR0aD0iMTAwJSIgYm9yZGVyPSIwInNyYz0iaHR0cDovL2ltYWdlLnJha3V0ZW4uY28uanAvY2xvemVzdC9jYWJpbmV0LzAxMzgxOTcyL2Z1bHRvbmVsbGFqb3VsZXMvZnVsdG9ubDczMWVtYm9zc2VkZi5qcGciPjxicj4KPGJyPumWi+OBj+OBqDkyY23jga7lpKfjgY3jgarjgqvjg5Djg7zjgasKPGJyPuS4iOWkq+OBquODleODrOODvOODoOOCkuWCmeOBiOOBn+OAgQo8YnI+44OV44Or44OI44Oz44Gn5pyA44KC5LiK5ZOB44Gq5oqY44KK55Wz44G/5YKYCjxicj4KPGJyPuODouODh+ODqyBDb250ZXNzYeOBp+OBmeOAggo8YnI+Cjxicj7plovjgY/jgajjgajjgabjgoLlpKfjgY3jgYTjga7jgafogqnlkajjgorjgarjgakKPGJyPumbqOOBp+a/oeOCjOOBq+OBj+OBhOOBp+OBmeOAggo8YnI+5by35bqm44KS5aKX44GZ44Gf44KB77yS44Gk44Gu6Yu86YmE44OV44Os44O844Og44KS5L2/55So44CCCjxicj7poqjjgavjgoLlvLfjgYTnibnmrorjgarntKDmnZDjgpLkvb/nlKjjgZfjgabjgYrjgorjgb7jgZnjgIIgCjxicj4KPGJyPuOCt+ODg+OCr+OBquODluODqeODg+OCr+OCq+ODqeODvOOBq+OCqOODrOOCrOODs+ODiOOBquODleODquODq+ODh+OCtuOCpOODs+OAggo8YnI+5LiK5ZOB44Gq44Ki44Kv44K744Oz44OI44Gr44Gq44Gj44Gm44GE44G+44GZ44CCCjxicj7jg4/jg7Pjg4njg6vjgavjgoLjgZPjgaDjgo/jgorjgpLmhJ/jgZjjgb7jgZnjgIIKPGJyPuiHquWIhueUqOOBr+WLv+irluOBruOBk+OBqOOAgeODl+ODrOOCvOODs+ODiOOBq+OCggo8YnI+44GK44K544K544Oh44Gu44Ki44Kk44OG44Og44Gn44GZ44CCCjxicj4K5ZWG5ZOB5ZCNOiBmdWx0b25sNzMxPGJyPgrjg4fjgrbjgqTjg7M644Ko44Oz44Oc44K5PGJyPgrntKDmnZA6IOODneODquOCqOOCueODhuODqyAxMDAlPGJyPgo8YnI+CuOCteOCpOOCujrnlbPjgpPjgaDnirbmhYs6NDNjbTxicj4K6ZaL44GE44Gf54q25oWLOuebtOW+hDkyY208YnI+Cjxicj4K44CQ5YWo5Zu95LiA5b6L6YCB5paZ54Sh5paZ44CRPGJyPgo8YnI+CjwvY2VudGVyPiDjgJBzbXRiLVRL44CRCjxjZW50ZXI+CgpVSyDjg6Ljg4Pjgrrjg5XjgqHjg4Pjgrfjg6fjg7Pjgrvjg6zjgq/jg4jjgrfjg6fjg4Pjg5c8YnI+CkFCQkVZIENMT1pFU1Q8YnI+CuOCouODk+ODvOOCr+ODreODvOOCvOOCueODiDxicj4K44GK5bqX44OI44OD44OXCjwvY2VudGVyPgo8YnI+,44OV44Or44OI44OzIEZVTFRPTiDlgpgg5oqY44KK44Gf44Gf44G/IOODrOODh+OCo+ODvOOCuSBDb250ZXNzYSBFbWJvc3NlZCDjg5Xjg6rjg6sg44GL44GVIOODl+ODrOOCvOODs+ODiCDjgq7jg5Xjg4jvvJpDTE9aRVNUIOODouODg+OCuuODoeODs+OCuuODrOODh+OCo+ODvOOCuQ==,6YCa5L+h6LKp5aOy6YCa6LKp44K344On44OD44OU44Oz44Kw44Kq44Oz44Op44Kk44Oz44K344On44OD44OU44Oz44Kw6LK344GE54mp44OX44Os44K844Oz44OI44Ku44OV44OI6LSI44KK54mp6LSI562U5ZOB44GK5Lit5YWD44GK5q2z5pqu44GK6LK344GE5b6X44OV44Os44OD44OJ44Oa44Oq44O8RnJlZCBQZXJyeUJlbiBTaGVybWFu44OZ44Oz44K344Oj44O844Oe44Oz44Oh44Or44KvbWVyY+ODleODq+ODiOODs0Z1bHRvbuODreODvOOCr0xvYWtl44K444On44Oz44K544OI44Oz44K644Oi44OD44K644OV44Kh44OD44K344On44Oz44OE44Kk44O844OJ44Of44Or44Oi44OD44K65YKY44Os44OH44Kj44O844K544Oh44Oz44K66YCa6LKp44OQ44Op44Kv44O844K/44OQ44OW44Ki44O844OV44Or44OI44OzIEZVTFRPTiDlgpgg5oqY44KK44Gf44Gf44G/IOODrOODh+OCo+ODvOOCuSBDb250ZXNzYSBFbWJvc3NlZCDjg5Xjg6rjg6sg44GL44GVIOODl+ODrOOCvOODs+ODiCDjgq7jg5Xjg4g=,6Iux5Zu9546L5a6k5b6h55So6YGU44CQ6YCB5paZ54Sh5paZ44CRRlVMVE9OIOWCmCAg44CC44OV44Or44OI44OzIEZVTFRPTiDlgpgg5oqY44KK44Gf44Gf44G/IOODrOODh+OCo+ODvOOCuSBDb250ZXNzYSBFbWJvc3NlZCDjg5Xjg6rjg6sg44GL44GVIOODl+ODrOOCvOODs+ODiCDjgq7jg5Xjg4g=[rn]
15-197320,aHR0cDovL3RzaG9wLnIxMHMuanAvY2xvemVzdC9jYWJpbmV0LzAxMzgxOTcyL2Z1bHRvbmVsbGFqb3VsZXMvZnVsdG9ubDU1M3BpYW5vZC5qcGc/Zml0aW49NzAwOjcwMA==,NDc1Mi4wMDAw,,44OQ44OD44Kw44O75bCP54mp44O744OW44Op44Oz44OJ6ZuR6LKoID4g5YKYID4g44Os44OH44Kj44O844K56Zuo5YKY,RlVMVE9OIOWCmCDmipjjgorjgZ/jgZ/jgb/lgpgg44Ki44Oz44OW44Os44OpIFN1cGVyIFNsaW0g44CQ6YCB5paZ54Sh5paZ44CRIOODleODq+ODiOODsyDjgrnjg7zjg5Hjg7zjgrnjg6rjg6Ag6Iux5Zu9546L5a6k5b6h55So6YGUIOODlOOCouODjuOCueODiOODqeOCpOODlyDjg5TjgqLjg44g44K544OI44Op44Kk44OXIOmfs+alvSDlsI/lnosg44Of44OLIOODrOODh+OCo+ODvOOCuSBGb2xkaW5nIFVtYnJlbGxhIOOBi+OBlSDjgqTjgq7jg6rjgrkg44Ot44Oz44OJ44OzIGZ1bHRvbmw1NTNwaWFub3N0cmlwZSDjg5fjg6zjgrzjg7Pjg4gg44Ku44OV44OI,,44Ku44OV44OI5YyF6KOF54Sh5paZ44Gn44GZIDxicj48YnI+PGNlbnRlcj4KPGltZyB3aWR0aD0iMTAwJSIgYm9yZGVyPSIwInNyYz0iaHR0cDovL2ltYWdlLnJha3V0ZW4uY28uanAvY2xvemVzdC9jYWJpbmV0LzAxMzgxOTcyL2Z1bHRvbmVsbGFqb3VsZXMvZnVsdG9ubDU1M3BpYW5vZC5qcGciPgoKPGltZyB3aWR0aD0iMTAwJSIgYm9yZGVyPSIwInNyYz0iaHR0cDovL2ltYWdlLnJha3V0ZW4uY28uanAvY2xvemVzdC9jYWJpbmV0LzAxMzgxOTcyL2Z1bHRvbmVsbGFqb3VsZXMvZnVsdG9ubDU1M3BpYW5vZS5qcGciPgo8YnI+Cjxicj5GbHRvbiDjg5Xjg6vjg4jjg7Pjga5TdXBlcnNsaW3jg6Ljg4fjg6vjgafjgZnjgIIKPGJyPuOBk+OBoeOCieOBruODouODh+ODq+OBr+aKmOOCiueVs+OBv+aZgjIyeDNjbeOBrgo8YnI+44Kz44Oz44OR44Kv44OI44K144Kk44K644Gr44KC6Zai44KP44KJ44Ga44CBCjxicj7jgqrjg7zjg5fjg7PmmYI4NmNt44Gu5bqD44GV44KS44Kr44OQ44O844GX44Gm44G+44GZ44CCCjxicj4KPGJyPuW8t+W6puOCkuiQveOBqOOBleOBmui7vemHj+aEn+OCkumHjeimluOBl+OBn+S9nOOCiuOBq+OBquOBo+OBpuOBhOOBpuOAgQo8YnI+6ZaL44GP44Go5aSn44GN44GE44Gu44Gn6IKp5ZGo44KK44GMCjxicj7pm6jjgafmv6HjgozjgavjgY/jgY/jgIHmqZ/og73mgKfmipznvqTjgafjgZnjgIIKPGJyPuaKmOOCiuOBn+OBn+OCgOOBqOOBi+OBleW8teOCieOBmuWPjue0jeOCguS+v+WIqeOBp+OBmeOAggo8YnI+44K344OD44Kv44Gq6Imy5ZCI44GE44Gu44OW44Op44OD44Kv44OZ44O844K544GrCjxicj7jg5TjgqLjg47pjbXnm6Tjga7jgojjgYbjgaoi44OU44Ki44OO44K544OI44Op44Kk44OXIuODh+OCtuOCpOODswo8YnI+Cjxicj7plovplonjgaTjgb7jgb/jga/kuIrjgavmjIHjgaHkuIrjgZLjgovjgaDjgZHjgarjga7jgacKPGJyPuewoeWNmOOCueODoOODvOOCueOBp+S+v+WIqeOBp+OBmeOAggo8YnI+5by36aKo44Gr44KC5by344GE54m55q6K44Gq57Sg5p2Q44KS5L2/55So44GX44Gm44GK44KK44G+44GZ44CCIAo8YnI+Cjxicj7llYblk4HlkI06IGZ1bHRvbmw1NTMKPGJyPgo8YnI+44OH44K244Kk44OzOuODlOOCouODjuOCueODiOODqeOCpOODlwo8YnI+Cjxicj7ntKDmnZA644Od44Oq44Ko44K544OG44OrIDEwMCUKPGJyPgo8YnI+44K144Kk44K6OueVs+OCk+OBoOeKtuaFizoyMmNtLOebtOW+hCAzY20KPGJyPumWi+OBhOOBn+eKtuaFizrnm7TlvoQ6ODZjbQo8YnI+6YeN6YePOjE1OGcKPGJyPgo8YnI+44CQ5YWo5Zu95LiA5b6L6YCB5paZ54Sh5paZ44CRCjxicj4KPC9jZW50ZXI+CjxjZW50ZXI+Cjxicj4K5aWz5oCn55SoIOaKmOOCiuOBn+OBn+OBv+WCmCDkuIDopqfjga/jgZPjgaHjgonvvIE8YnI+Cjxicj4KRnVsdG9uIOODleODq+ODiOODsyDkuIDopqfjga/jgZPjgaHjgonvvIE8YnI+CjwvY2VudGVyPg==,RlVMVE9OIOWCmCDmipjjgorjgZ/jgZ/jgb/lgpgg44Ki44Oz44OW44Os44OpIFN1cGVyIFNsaW0g44CQ6YCB5paZ54Sh5paZ44CRIOODleODq+ODiOODsyDjgrnjg7zjg5Hjg7zjgrnjg6rjg6Ag6Iux5Zu9546L5a6k5b6h55So6YGUIOODlOOCouODjuOCueODiOODqeOCpOODlyDjg5TjgqLjg44g44K544OI44Op44Kk44OXIOmfs+alvSDlsI/lnosg44Of44OLIOODrOODh+OCo+ODvOOCuSBGb2xkaW5nIFVtYnJlbGxhIOOBi+OBlSDjgqTjgq7jg6rjgrkg44Ot44Oz44OJ44OzIGZ1bHRvbmw1NTNwaWFub3N0cmlwZSDjg5fjg6zjgrzjg7Pjg4gg44Ku44OV44OI77yaQ0xPWkVTVCDjg6Ljg4Pjgrrjg6Hjg7Pjgrrjg6zjg4fjgqPjg7zjgrk=,6YCa5L+h6LKp5aOy6YCa6LKp44K344On44OD44OU44Oz44Kw44Kq44Oz44Op44Kk44Oz44K344On44OD44OU44Oz44Kw6LK344GE54mp44OX44Os44K844Oz44OI44Ku44OV44OI6LSI44KK54mp6LSI562U5ZOB44GK5Lit5YWD44GK5q2z5pqu44GK6LK344GE5b6X44OV44Os44OD44OJ44Oa44Oq44O8RnJlZCBQZXJyeUJlbiBTaGVybWFu44OZ44Oz44K344Oj44O844Oe44Oz44Oh44Or44KvbWVyY+ODleODq+ODiOODs0Z1bHRvbuODreODvOOCr0xvYWtl44K444On44Oz44K544OI44Oz44K644Oi44OD44K644OV44Kh44OD44K344On44Oz44OE44Kk44O844OJ44Of44Or44Oi44OD44K65YKY44Os44OH44Kj44O844K544Oh44Oz44K66YCa6LKp44OQ44Op44Kv44O844K/44OQ44OW44Ki44O8RlVMVE9OIOWCmCDmipjjgorjgZ/jgZ/jgb/lgpgg44Ki44Oz44OW44Os44OpIFN1cGVyIFNsaW0g44CQ6YCB5paZ54Sh5paZ44CRIOODleODq+ODiOODsyDjgrnjg7zjg5Hjg7zjgrnjg6rjg6Ag6Iux5Zu9546L5a6k5b6h55So6YGUIOODlOOCouODjuOCueODiOODqeOCpOODlyDjg5TjgqLjg44g44K544OI44Op44Kk44OXIOmfs+alvSDlsI/lnosg44Of44OLIOODrOODh+OCo+ODvOOCuSBGb2xkaW5nIFVtYnJlbGxhIOOBi+OBlSDjgqTjgq7jg6rjgrkg44Ot44Oz44OJ44OzIGZ1bHRvbmw1NTNwaWFub3N0cmlwZSDjg5fjg6zjgrzjg7Pjg4gg44Ku44OV44OI,44OV44Or44OI44OzIEZVTFRPTiDlgpgg6Iux5Zu9546L5a6k5b6h55So6YGU44CCRlVMVE9OIOWCmCDmipjjgorjgZ/jgZ/jgb/lgpgg44Ki44Oz44OW44Os44OpIFN1cGVyIFNsaW0g44CQ6YCB5paZ54Sh5paZ44CRIOODleODq+ODiOODsyDjgrnjg7zjg5Hjg7zjgrnjg6rjg6Ag6Iux5Zu9546L5a6k5b6h55So6YGUIOODlOOCouODjuOCueODiOODqeOCpOODlyDjg5TjgqLjg44g44K544OI44Op44Kk44OXIOmfs+alvSDlsI/lnosg44Of44OLIOODrOODh+OCo+ODvOOCuSBGb2xkaW5nIFVtYnJlbGxhIOOBi+OBlSDjgqTjgq7jg6rjgrkg44Ot44Oz44OJ44OzIGZ1bHRvbmw1NTNwaWFub3N0cmlwZSDjg5fjg6zjgrzjg7Pjg4gg44Ku44OV44OI[rn]
15-197321,aHR0cDovL3RzaG9wLnIxMHMuanAvY2xvemVzdC9jYWJpbmV0LzAxMzgxOTcyL2Z1bHRvbmVsbGFqb3VsZXMvZnVsdG9ubDU1M25hdXRpY2FsZC5qcGc/Zml0aW49NzAwOjcwMA==,NDc1Mi4wMDAw,,44OQ44OD44Kw44O75bCP54mp44O744OW44Op44Oz44OJ6ZuR6LKoID4g5YKYID4g44Os44OH44Kj44O844K56Zuo5YKY,RlVMVE9OIOODleODq+ODiOODsyDlgpgg5oqY44KK44Gf44Gf44G/5YKYIOOCouODs+ODluODrOODqSDjgrnjg7zjg5Hjg7wg44K544Oq44OgIOODl+ODrOOCvOODs+ODiCDjgq7jg5Xjg4g=,,44Ku44OV44OI5YyF6KOF54Sh5paZ44Gn44GZIDxicj48YnI+PGNlbnRlcj4KPGltZyB3aWR0aD0iMTAwJSIgYm9yZGVyPSIwInNyYz0iaHR0cDovL2ltYWdlLnJha3V0ZW4uY28uanAvY2xvemVzdC9jYWJpbmV0LzAxMzgxOTcyL2Z1bHRvbmVsbGFqb3VsZXMvZnVsdG9ubDU1M25hdXRpY2FsZC5qcGciPgo8aW1nIHdpZHRoPSIxMDAlIiBib3JkZXI9IjAic3JjPSJodHRwOi8vaW1hZ2UucmFrdXRlbi5jby5qcC9jbG96ZXN0L2NhYmluZXQvMDEzODE5NzIvZnVsdG9uZWxsYWpvdWxlcy9sNTUzbmF1dGljYWxmbG9yYWxmLmdpZiI+PGJyPgo8YnI+44OV44Kh44OW44Oq44OD44Kv44Gg44GR44Gn44Gq44GP44CB5p+E44KE44OZ44Or44OI44Gq44GpCjxicj7ntLDjgYvjgYTjg5Hjg7zjg4Tjga7jg4fjgrbjgqTjg7PjgoLjgYrmtJLokL3jgaoKPGJyPkZ1bHRvbiDjg5Xjg6vjg4jjg7Pjga5TdXBlcnNsaW3jgrfjg6rjg7zjgrrjgIIKPGJyPgo8YnI+44OO44O844OG44Kj44Kr44OrKOiIqua1tynjga7lkI3jga7pgJrjgooKPGJyPueUn+WcsOOBhOOBo+OBseOBhOOBq+aPj+OBi+OCjOOBnwo8YnI+54i944KE44GL44Gq44Oe44Oq44Oz44Oc44O844OA44O844GM54m55b6044CCCjxicj7mt7vjgYjjgonjgozjgZ/jg5Xjg6njg6/jg7zjgoLjgqLjgq/jgrvjg7Pjg4jjgavjgarjgaPjgabjgYTjgb7jgZnjgIIKPGJyPumbqOOBruWkmuOBhOWto+evgOOBr+OCguOBoeOCjeOCk+OAgQo8YnI+6Zuq44Gu5pmC5pyf44KC55m944Go6Z2S44Gu44Op44Kk44Oz44GM5pig44GI44Gd44GG44Gn44GZ44CCCjxicj4KPGJyPuiHquWIhueUqOOBr+WLv+irluOBruOBk+OBqOOAgQo8YnI+44OX44Os44K844Oz44OI44Gr44KC44GK44K544K544Oh44Gu44Ki44Kk44OG44Og44Gn44GZ4piFCjxicj4KPGJyPuWVhuWTgeWQjTogZnVsdG9ubDU1M25hdXRpY2FsZmxvcmFsCjxicj4KPGJyPuODh+OCtuOCpOODszog44OO44O844OG44Kj44Kr44Or44OV44Ot44O844Op44OrCjxicj4KPGJyPue0oOadkDog44Ki44Or44Of44OV44Os44O844OgCjxicj4KPGJyPuOCteOCpOOCujrnlbPjgpPjgaDnirbmhYs6MjJjbSwg55u05b6EIDNjbQo8YnI+6ZaL44GE44Gf54q25oWLOuebtOW+hDg2Y20KPGJyPgrjgJDlhajlm73kuIDlvovpgIHmlpnnhKHmlpnjgJE8YnI+Cjxicj4KPC9jZW50ZXI+IAo8Y2VudGVyPgoKVUsg44Oi44OD44K644OV44Kh44OD44K344On44Oz44K744Os44Kv44OI44K344On44OD44OXPGJyPgpBQkJFWSBDTE9aRVNUPGJyPgrjgqLjg5Pjg7zjgq/jg63jg7zjgrzjgrnjg4g8YnI+CuOBiuW6l+ODiOODg+ODlwo8L2NlbnRlcj4KPGJyPg==,RlVMVE9OIOODleODq+ODiOODsyDlgpgg5oqY44KK44Gf44Gf44G/5YKYIOOCouODs+ODluODrOODqSDjgrnjg7zjg5Hjg7wg44K544Oq44OgIOODl+ODrOOCvOODs+ODiCDjgq7jg5Xjg4jvvJpDTE9aRVNUIOODouODg+OCuuODoeODs+OCuuODrOODh+OCo+ODvOOCuQ==,6YCa5L+h6LKp5aOy6YCa6LKp44K344On44OD44OU44Oz44Kw44Kq44Oz44Op44Kk44Oz44K344On44OD44OU44Oz44Kw6LK344GE54mp44OX44Os44K844Oz44OI44Ku44OV44OI6LSI44KK54mp6LSI562U5ZOB44GK5Lit5YWD44GK5q2z5pqu44GK6LK344GE5b6X44OV44Os44OD44OJ44Oa44Oq44O8RnJlZCBQZXJyeUJlbiBTaGVybWFu44OZ44Oz44K344Oj44O844Oe44Oz44Oh44Or44KvbWVyY+ODleODq+ODiOODs0Z1bHRvbuODreODvOOCr0xvYWtl44K444On44Oz44K544OI44Oz44K644Oi44OD44K644OV44Kh44OD44K344On44Oz44OE44Kk44O844OJ44Of44Or44Oi44OD44K65YKY44Os44OH44Kj44O844K544Oh44Oz44K66YCa6LKp44OQ44Op44Kv44O844K/44OQ44OW44Ki44O8RlVMVE9OIOODleODq+ODiOODsyDlgpgg5oqY44KK44Gf44Gf44G/5YKYIOOCouODs+ODluODrOODqSDjgrnjg7zjg5Hjg7wg44K544Oq44OgIOODl+ODrOOCvOODs+ODiCDjgq7jg5Xjg4g=,44CQ6YCB5paZ54Sh5paZ44CRIOiLseWbveeOi+WupOW+oeeUqOmBlCBGVUxUT04g44OV44Or44OI44OzIOWCmOWTgSDjgIJGVUxUT04g44OV44Or44OI44OzIOWCmCDmipjjgorjgZ/jgZ/jgb/lgpgg44Ki44Oz44OW44Os44OpIOOCueODvOODkeODvCDjgrnjg6rjg6Ag44OX44Os44K844Oz44OIIOOCruODleODiA==[rn]
15-197322,aHR0cDovL3RzaG9wLnIxMHMuanAvY2xvemVzdC9jYWJpbmV0LzAxMzgxOTcyL2Z1bHRvbmVsbGFqb3VsZXMvZnVsdG9ubDcxNGxvdmVpc2QuanBnP2ZpdGluPTcwMDo3MDA=,NTAxMS4yMDAw,,44OQ44OD44Kw44O75bCP54mp44O744OW44Op44Oz44OJ6ZuR6LKoID4g5YKYID4g44Os44OH44Kj44O844K56Zuo5YKY,RlVMVE9OIOODleODq+ODiOODsyDjgqbjgqPjg6rjgqLjg6Ag44Oi44Oq44K5IOWCmCDmipjjgorjgZ/jgZ/jgb/lgpgg44Ki44Oz44OW44Os44OpIFN1cGVyc2xpbSDjgJDpgIHmlpnnhKHmlpnjgJEg6Iux5Zu9546L5a6k5b6h55So6YGUIFdpbGxpYW0gTW9ycmlzIOODouODvOODquOCuSDjg6njg5Yg44Kk44K6ICDjgqTjg4rjg5Ug6Iqx5p+EIOiRieOBo+OBsSDjg6zjg4fjgqPjg7zjgrkgRm9sZGluZyBVbWJyZWxsYSDjgYvjgZUg44Oi44OD44K6IOODleOCoeODg+OCt+ODp+ODsyDjgqTjgq7jg6rjgrkg44Ot44Oz44OJ44OzIGZ1bHRvbmw3MTRsb3ZlaXNlbm91Z2g=,,44Ku44OV44OI5YyF6KOF54Sh5paZ44Gn44GZIDxicj48YnI+PGNlbnRlcj48aW1nIHdpZHRoPSIxMDAlIiBib3JkZXI9IjAic3JjPSJodHRwOi8vaW1hZ2UucmFrdXRlbi5jby5qcC9jbG96ZXN0L2NhYmluZXQvMDEzODE5NzIvZnVsdG9uZWxsYWpvdWxlcy9mdWx0b25sNzE0bG92ZWlzZC5qcGciPgo8aW1nIHdpZHRoPSIxMDAlIiBib3JkZXI9IjAic3JjPSJodHRwOi8vaW1hZ2UucmFrdXRlbi5jby5qcC9jbG96ZXN0L2NhYmluZXQvMDEzODE5NzIvZnVsdG9uZWxsYWpvdWxlcy9mdWxsNzE0bG92ZWlzZW5vdWdoZi5naWYiPjxicj4KPGJyPkZ1bHRvbiDjg5Xjg6vjg4jjg7PDl+OCpuOCo+ODquOCouODoOODu+ODouODquOCueOBrgo8YnI+44Kz44Op44Oc44Os44O844K344On44Oz44Oi44OH44Or44Gn44GZ44CCCjxicj4KPGJyPuaKmOOCiuOBn+OBn+OBv+OBquOBjOOCieagvOiqv+mrmOOBhOODh+OCtuOCpOODs+OBrwo8YnI+5a625YW344OH44K244Kk44OK44O844Go44GX44Gm5ZCN44KS6aaz44Gb44GfCjxicj7jgqbjgqPjg6rjgqLjg6Djg7vjg6Ljg6rjgrnjgarjgonjgafjga/jgIIKPGJyPuW9vOOBruODh+OCtuOCpOODs+OBrueJueW+tOOBp+OBguOCiwo8YnI+44OV44Op44Ov44O844Gu44OG44Kt44K544K/44Kk44Or44GvCjxicj7libXmpa0xNTDlubTjgpLotoXjgYjjgabjgarjgYrjgIHoibLjgYLjgZvjgb7jgZvjgpPjgIIKPGJyPuW5tOm9ouOCkuWVj+OCj+OBmuOAgeOBlOaEm+eUqOOBhOOBn+OBoOOBkeOCi+ODh+OCtuOCpOODs+OBp+OBmeOAggo8YnI+Cjxicj7jgq3jg6Pjg47jg5Tjg7zjgavjga/kuIrlk4HjgaflhKrpm4XjgaroibLlkIjjgYTjga7jg6rjg7zjg5Xjg4fjgrbjgqTjg7PjgagKPGJyPkxvdmUgaXMgZW5vdWdo44Gu5paH5a2X44GM44OX44Oq44Oz44OI44GV44KM44Gm44GE44G+44GZ44CCCjxicj7lj47ntI3mmYLjga/jgajjgabjgoLjgrPjg7Pjg5Hjgq/jg4jjgIIKPGJyPuODj+ODs+ODieODq+OBrumggueCueOBq+OBr+ODquODvOODleOBruOCqOODs+ODluODrOODoOOBjAo8YnI+44Ov44Oz44Od44Kk44Oz44OI44Gr44Gq44Gj44Gm44GE44G+44GZ44CCCjxicj7oh6rliIbnlKjjga/li7/oq5bjga7jgZPjgajjgIHjg5fjg6zjgrzjg7Pjg4jjgavjgoIKPGJyPuOBiuOCueOCueODoeOBruOCouOCpOODhuODoOOBp+OBmeOAggo8YnI+Cjxicj7llYblk4HlkI06ZnVsdG9ubDcxNAo8YnI+Cjxicj7jg4fjgrbjgqTjg7M6TG92ZSBpcyBlbm91Z2gKPGJyPgo8YnI+57Sg5p2QOuODneODquOCqOOCueODhuODqyAxMDAlCjxicj4KPGJyPueVs+OCk+OBoOeKtuaFizoyMmNtCjxicj7plovjgYTjgZ/nirbmhYs655u05b6EODZjbQo8YnI+Cjxicj4K44CQ5YWo5Zu95LiA5b6L6YCB5paZ54Sh5paZ44CRPGJyPgo8YnI+CjwvY2VudGVyPiAKPGNlbnRlcj4KClVLIOODouODg+OCuuODleOCoeODg+OCt+ODp+ODs+OCu+ODrOOCr+ODiOOCt+ODp+ODg+ODlzxicj4KQUJCRVkgQ0xPWkVTVDxicj4K44Ki44OT44O844Kv44Ot44O844K844K544OIPGJyPgrjgYrlupfjg4jjg4Pjg5cKPC9jZW50ZXI+Cjxicj4=,RlVMVE9OIOODleODq+ODiOODsyDjgqbjgqPjg6rjgqLjg6Ag44Oi44Oq44K5IOWCmCDmipjjgorjgZ/jgZ/jgb/lgpgg44Ki44Oz44OW44Os44OpIFN1cGVyc2xpbSDjgJDpgIHmlpnnhKHmlpnjgJEg6Iux5Zu9546L5a6k5b6h55So6YGUIFdpbGxpYW0gTW9ycmlzIOODouODvOODquOCuSDjg6njg5Yg44Kk44K6ICDjgqTjg4rjg5Ug6Iqx5p+EIOiRieOBo+OBsSDjg6zjg4fjgqPjg7zjgrkgRm9sZGluZyBVbWJyZWxsYSDjgYvjgZUg44Oi44OD44K6IOODleOCoeODg+OCt+ODp+ODsyDjgqTjgq7jg6rjgrkg44Ot44Oz44OJ44OzIGZ1bHRvbmw3MTRsb3ZlaXNlbm91Z2jvvJpDTE9aRVNUIOODouODg+OCuuODoeODs+OCuuODrOODh+OCo+ODvOOCuQ==,6YCa5L+h6LKp5aOy6YCa6LKp44K344On44OD44OU44Oz44Kw44Kq44Oz44Op44Kk44Oz44K344On44OD44OU44Oz44Kw6LK344GE54mp44OX44Os44K844Oz44OI44Ku44OV44OI6LSI44KK54mp6LSI562U5ZOB44GK5Lit5YWD44GK5q2z5pqu44GK6LK344GE5b6X44OV44Os44OD44OJ44Oa44Oq44O8RnJlZCBQZXJyeUJlbiBTaGVybWFu44OZ44Oz44K344Oj44O844Oe44Oz44Oh44Or44KvbWVyY+ODleODq+ODiOODs0Z1bHRvbuODreODvOOCr0xvYWtl44K444On44Oz44K544OI44Oz44K644Oi44OD44K644OV44Kh44OD44K344On44Oz44OE44Kk44O844OJ44Of44Or44Oi44OD44K65YKY44Os44OH44Kj44O844K544Oh44Oz44K66YCa6LKp44OQ44Op44Kv44O844K/44OQ44OW44Ki44O8RlVMVE9OIOODleODq+ODiOODsyDjgqbjgqPjg6rjgqLjg6Ag44Oi44Oq44K5IOWCmCDmipjjgorjgZ/jgZ/jgb/lgpgg44Ki44Oz44OW44Os44OpIFN1cGVyc2xpbSDjgJDpgIHmlpnnhKHmlpnjgJEg6Iux5Zu9546L5a6k5b6h55So6YGUIFdpbGxpYW0gTW9ycmlzIOODouODvOODquOCuSDjg6njg5Yg44Kk44K6ICDjgqTjg4rjg5Ug6Iqx5p+EIOiRieOBo+OBsSDjg6zjg4fjgqPjg7zjgrkgRm9sZGluZyBVbWJyZWxsYSDjgYvjgZUg44Oi44OD44K6IOODleOCoeODg+OCt+ODp+ODsyDjgqTjgq7jg6rjgrkg44Ot44Oz44OJ44OzIGZ1bHRvbmw3MTRsb3ZlaXNlbm91Z2g=,RlVMVE9OIOODleODq+ODiOODsyDlgpggIOOAgkZVTFRPTiDjg5Xjg6vjg4jjg7Mg44Km44Kj44Oq44Ki44OgIOODouODquOCuSDlgpgg5oqY44KK44Gf44Gf44G/5YKYIOOCouODs+ODluODrOODqSBTdXBlcnNsaW0g44CQ6YCB5paZ54Sh5paZ44CRIOiLseWbveeOi+WupOW+oeeUqOmBlCBXaWxsaWFtIE1vcnJpcyDjg6Ljg7zjg6rjgrkg44Op44OWIOOCpOOCuiAg44Kk44OK44OVIOiKseafhCDokYnjgaPjgbEg44Os44OH44Kj44O844K5IEZvbGRpbmcgVW1icmVsbGEg44GL44GVIOODouODg+OCuiDjg5XjgqHjg4Pjgrfjg6fjg7Mg44Kk44Ku44Oq44K5IOODreODs+ODieODsyBmdWx0b25sNzE0bG92ZWlzZW5vdWdo[rn]
15-197323,aHR0cDovL3RzaG9wLnIxMHMuanAvY2xvemVzdC9jYWJpbmV0LzAxMzgxOTcyL2Z1bHRvbmVsbGFqb3VsZXMvZnVsdG9ubDc4M3BpbmtkLmpwZz9maXRpbj03MDA6NzAw,NTE4NC4wMDAw,,44OQ44OD44Kw44O75bCP54mp44O744OW44Op44Oz44OJ6ZuR6LKoID4g5YKYID4g44Os44OH44Kj44O844K56Zuo5YKY,44OV44Or44OI44OzIEZ1bHRvbiDlgpgg44OQ44O844OJ44Kx44O844K4IFNoZSdzIFVWIEhhbW1lcnNtaXRoIFBpbmsg44OX44Ot44OG44Kv44K344On44OzIOODlOODs+OCryDplbflgpgg44Os44OH44Kj44O844K5IOOBi+OBlSBGVUxUT04g44OX44Os44K844Oz44OIIOOCruODleODiA==,,44Ku44OV44OI5YyF6KOF54Sh5paZ44Gn44GZIDxicj48YnI+PGNlbnRlcj4KPGltZyB3aWR0aD0iMTAwJSIgYm9yZGVyPSIwInNyYz0iaHR0cDovL2ltYWdlLnJha3V0ZW4uY28uanAvY2xvemVzdC9jYWJpbmV0LzAxMzgxOTcyL2Z1bHRvbmVsbGFqb3VsZXMvZnVsdG9udHViZS5qcGciPgo8YnI+CjxpbWcgd2lkdGg9IjEwMCUiIGJvcmRlcj0iMCJzcmM9Imh0dHA6Ly9pbWFnZS5yYWt1dGVuLmNvLmpwL2Nsb3plc3QvY2FiaW5ldC8wMTM4MTk3Mi9mdWx0b25lbGxham91bGVzL2Z1bHRvbmw3ODNwaW5rZWUuanBnIj4KPGJyPgo8aW1nIHdpZHRoPSIxMDAlIiBib3JkZXI9IjAic3JjPSJodHRwOi8vaW1hZ2UucmFrdXRlbi5jby5qcC9jbG96ZXN0L2NhYmluZXQvMDEzODE5NzIvZnVsdG9uZWxsYWpvdWxlcy9mdWx0b25sNzgzcGlua2ZmLmpwZyI+Cjxicj4KPGJyPkZ1bHRvbiDjg5Xjg6vjg4jjg7Pjga7jg5Djg7zjg4njgrHjg7zjgrggCjxicj5VVuODl+ODreODhuOCr+OCt+ODp+ODs+ODouODh+ODq+OBp+OBmeOAggo8YnI+Cjxicj50aGUgUXVlZW4g44Ko44Oq44K244OZ44K5MuS4luWls+eOi+mZm+S4i+OBqwo8YnI+44GU5L2/55So44GE44Gf44Gg44GE44Gm44GE44KL44OQ44O844OJ44Kx44O844K444GrCjxicj5VVuOCq+ODg+ODiOWKoOW3pSjntKvlpJbnt5rlr77nrZYp44GM5pa944GV44KM44GfCjxicj7ml6XmnKzkurrjga7jgrXjgqTjgrrjgavlkIjjgo/jgZvjgZ/nibnliKXjg6Ljg4fjg6vjgajjgarjgaPjgabjgYrjgorjgb7jgZnjgIIKPGJyPgo8YnI+6bOl44GL44GU44KS44Oi44OB44O844OV44Go44GX44Gf5L2c44KK44GM6Zuo44Gq44Gp44Gn6IKp5ZGo44KK44GM5r+h44KM44Gr44GP44GP5qmf6IO95oCn5oqc576k44CCCjxicj7lkajjgorjgYzopovmuKHjgZfjgoTjgZnjgYTpgI/mmI7jgarjgq3jg6Pjg47jg5Tjg7zjgavjg5Tjg7Pjgq/jga7nuIHlj5bjgorjgYzjgqLjgq/jgrvjg7Pjg4jjgavjgIIKPGJyPgo8YnI+6ZaL6ZaJ44Gk44G+44G/44Gv5LiK44Gr5oyB44Gh5LiK44GS44KL44Gg44GR44Gq44Gu44GnCjxicj7nsKHljZjjgrnjg6Djg7zjgrnjgafjgajjgabjgoLkvr/liKnjgafjgZnjgIIKPGJyPuW8t+miqOOBq+OCguW8t+OBhOeJueauiuOBque0oOadkOOCkuS9v+eUqOOBl+OBpuOBiuOCiuOBvuOBmeOAggo8YnI+KuaMh+OBr+OBleOBv+mYsuatouOBruOBn+OCgeODreODg+OCr+OBjOeUmOOBhOWgtOWQiOOBjOOBlOOBluOBhOOBvuOBmeOAggo8YnI+5YKY44KS6ZaJ44GY44Gm44KL6Zqb44Gv44OZ44Or44OI44KS57eg44KB44Gm44GU5L2/55So5LiL44GV44GE44CCCjxicj7jgb7jgZ/jgIHjgY/jgaPjgaTjgY3pmLLmraLjga7jgZ/jgoHjga7nsonjgYzloZfluIPjgZXjgozjgabjgYrjgorjgb7jgZnjgIIKPGJyPgoKPGJyPuWVhuWTgeWQjTpmdWx0b25sNzgzCjxicj4KPGJyPuOCq+ODqeODvDpIYW1tZXJzbWl0aCBQaW5rCjxicj4KPGJyPue0oOadkDpQVkMgMTAwJQo8YnI+Cjxicj7jgrXjgqTjgro6Cjxicj7lhajplbcgODdjbQo8YnI+55u05b6EOjc1Y20KPGJyPua3seOBlTo0NWNtCjxicj7ph43ph486NTI1Zwo8YnI+CuOAkOWFqOWbveS4gOW+i+mAgeaWmeeEoeaWmeOAkQo8L2NlbnRlcj4KPGNlbnRlcj4KPGJyPgpCaXJkIENhZ2Ug5LiA6Kan44Gv44GT44Gh44KJ77yBPGJyPgo8YnI+CuODrOODh+OCo+ODvOOCuSDjgrnjgr/jg7Pjg4Djg7zjg4nlgpgg5LiA6Kan44Gv44GT44Gh44KJ77yBPGJyPgo8YnI+PGJyPiAKRlVMVE9O5LiA6Kan44Gv44GT44Gh44KJ77yBCjwvY2VudGVyPg==,44OV44Or44OI44OzIEZ1bHRvbiDlgpgg44OQ44O844OJ44Kx44O844K4IFNoZSdzIFVWIEhhbW1lcnNtaXRoIFBpbmsg44OX44Ot44OG44Kv44K344On44OzIOODlOODs+OCryDplbflgpgg44Os44OH44Kj44O844K5IOOBi+OBlSBGVUxUT04g44OX44Os44K844Oz44OIIOOCruODleODiO+8mkNMT1pFU1Qg44Oi44OD44K644Oh44Oz44K644Os44OH44Kj44O844K5,6YCa5L+h6LKp5aOy6YCa6LKp44K344On44OD44OU44Oz44Kw44Kq44Oz44Op44Kk44Oz44K344On44OD44OU44Oz44Kw6LK344GE54mp44OX44Os44K844Oz44OI44Ku44OV44OI6LSI44KK54mp6LSI562U5ZOB44GK5Lit5YWD44GK5q2z5pqu44GK6LK344GE5b6X44OV44Os44OD44OJ44Oa44Oq44O8RnJlZCBQZXJyeUJlbiBTaGVybWFu44OZ44Oz44K344Oj44O844Oe44Oz44Oh44Or44KvbWVyY+ODleODq+ODiOODs0Z1bHRvbuODreODvOOCr0xvYWtl44K444On44Oz44K544OI44Oz44K644Oi44OD44K644OV44Kh44OD44K344On44Oz44OE44Kk44O844OJ44Of44Or44Oi44OD44K65YKY44Os44OH44Kj44O844K544Oh44Oz44K66YCa6LKp44OQ44Op44Kv44O844K/44OQ44OW44Ki44O844OV44Or44OI44OzIEZ1bHRvbiDlgpgg44OQ44O844OJ44Kx44O844K4IFNoZSdzIFVWIEhhbW1lcnNtaXRoIFBpbmsg44OX44Ot44OG44Kv44K344On44OzIOODlOODs+OCryDplbflgpgg44Os44OH44Kj44O844K5IOOBi+OBlSBGVUxUT04g44OX44Os44K844Oz44OIIOOCruODleODiA==,6Iux5Zu9546L5a6k5b6h55So6YGUIOOAkOmAgeaWmeeEoeaWmeOAkSDlgpgg5qGDICDjgILjg5Xjg6vjg4jjg7MgRnVsdG9uIOWCmCDjg5Djg7zjg4njgrHjg7zjgrggU2hlJ3MgVVYgSGFtbWVyc21pdGggUGluayDjg5fjg63jg4bjgq/jgrfjg6fjg7Mg44OU44Oz44KvIOmVt+WCmCDjg6zjg4fjgqPjg7zjgrkg44GL44GVIEZVTFRPTiDjg5fjg6zjgrzjg7Pjg4gg44Ku44OV44OI[rn]
15-197324,aHR0cDovL3RzaG9wLnIxMHMuanAvY2xvemVzdC9jYWJpbmV0LzAxMzgxOTcyL2Z1bHRvbmVsbGFqb3VsZXMvZnVsdG9ubDU1M2xpbHljYXRwZC5qcGc/Zml0aW49NzAwOjcwMA==,NDc1Mi4wMDAw,,44OQ44OD44Kw44O75bCP54mp44O744OW44Op44Oz44OJ6ZuR6LKoID4g5YKYID4g44Os44OH44Kj44O844K56Zuo5YKY,44OV44Or44OI44OzIEZVTFRPTiDjgrnjg7zjg5Hjg7wg44K544Oq44OgIOaKmOOCiuOBn+OBn+OBv+WCmCDjg6rjg6rjg7zjgq3jg6Pjg4Pjg4jjg5fjg6rjg7Pjg4gg5YKYIOiLseWbveeOi+WupOW+oeeUqOmBlCDjg6zjg4fjgqPjg7zjgrkgU3VwZXIgU2xpbSBGb2xkaW5nIFVtYnJlbGxhIGZ1bHRvbmw1NTNsaWx5Y2F0cHJpbnQg44OX44Os44K844Oz44OIIOOCruODleODiA==,,44Ku44OV44OI5YyF6KOF54Sh5paZ44Gn44GZIDxicj48YnI+PGNlbnRlcj4KPGltZyB3aWR0aD0iMTAwJSIgYm9yZGVyPSIwInNyYz0iaHR0cDovL3d3dy5yYWt1dGVuLm5lLmpwL2dvbGQvY2xvemVzdC9mdWx0b24vZnVsdG9ubDU1M2xpbHljYXRwcmludGEyLmpwZyI+CjxpbWcgd2lkdGg9IjEwMCUiIGJvcmRlcj0iMCJzcmM9Imh0dHA6Ly93d3cucmFrdXRlbi5uZS5qcC9nb2xkL2Nsb3plc3QvZnVsdG9uL2Z1bHRvbmw1NTNsaWx5Y2F0cHJpbnRlLmpwZyI+Cjxicj5GdWx0b24g44OV44Or44OI44Oz44Gu5a6a55Wq44OV44Kp44O844Or44OH44Kj44Oz44Kw44CBCjxicj5TdXBlcnNsaW3jgafjgZnjgIIKPGJyPgo8YnI+44OA44O844Kv44Gq44OZ44O844K544GrCjxicj7jg6zjgqrjg5Hjg7zjg4nmn4Tjga7jgrfjg4Pjgq/jgarjg43jgrPjgYzjg4fjgrbjgqTjg7PjgIIKPGJyPuOCueODvOODkeODvOOCueODquODoOOBruWQjeOBrumAmuOCiuOAgeaKmOOCiueVs+OBv+aZgjIyeDNjbeOBrgo8YnI+44Kz44Oz44OR44Kv44OI44K144Kk44K644Gr44KC44GL44GL44KP44KJ44Ga44CBCjxicj7plovjgY/jgajlrp/jgas4NmNt44Gu5bqD44GV44KS44Kr44OQ44O844GZ44KL5Lq65rCX44Oi44OH44Or44Gn44GZ44CCCjxicj4KPGJyPuW8t+W6puOCkuiQveOBqOOBleOBmui7vemHj+aEn+OCkumHjeimluOBl+OBn+S9nOOCiuOBq+OBquOBo+OBpuOBhOOBpuOAgQo8YnI+6ZaL44GP44Go5aSn44GN44GE44Gu44Gn6IKp5ZGo44KK44GM6Zuo44Gn5r+h44KM44Gr44GP44GP44CBCjxicj7mqZ/og73mgKfjg5Djg4TjgrDjg7PjgafjgZnjgIIKPGJyPgo8YnI+6ZaL6ZaJ44Gk44G+44G/44Gv5LiK44Gr5oyB44Gh5LiK44GS44KL44Gg44GR44Gq44Gu44GnCjxicj7nsKHljZjjgrnjg6Djg7zjgrnjgafjgajjgabjgoLkvr/liKnjgafjgZnjgIIKPGJyPuW8t+miqOOBq+OCguW8t+OBhOeJueauiuOBque0oOadkOOCkuS9v+eUqOOBl+OBpuOBiuOCiuOBvuOBmeOAggo8YnI+6Ieq5YiG55So44Gv5Yu/6KuW44Gu44GT44Go44CB44OX44Os44K844Oz44OI44Gr44KCCjxicj7jgYrjgrnjgrnjg6Hjga7jgqLjgqTjg4bjg6DjgafjgZnjgIIKPGJyPgo8YnI+5ZWG5ZOB5ZCNOiBmdWx0b25sNTUzCjxicj4KPGJyPuODh+OCtuOCpOODszrjgrjjg6Pjg7PjgrDjg6vjgq3jg6Pjg4Pjg4gKPGJyPgo8YnI+57Sg5p2QOiDjgqLjg6vjg5/jg5Xjg6zjg7zjg6AKPGJyPgo8YnI+55Wz44KT44Gg54q25oWLOjIyY20g55u05b6EOjNjbQo8YnI+6ZaL44GE44Gf54q25oWLOuebtOW+hDg2Y20KPGJyPgo8YnI+44CQ5YWo5Zu95LiA5b6L6YCB5paZ54Sh5paZ44CRIAo8YnI+CjwvY2VudGVyPgo8Y2VudGVyPgo8YnI+ClN1cGVyIFNsaW0g5LiA6Kan44Gv44GT44Gh44KJ77yBPGJyPgo8YnI+CuODrOODh+OCo+ODvOOCuSDmipjjgorjgZ/jgZ/jgb/lgpgg5LiA6Kan44Gv44GT44Gh44KJ77yBPGJyPgo8L2NlbnRlcj4=,44OV44Or44OI44OzIEZVTFRPTiDjgrnjg7zjg5Hjg7wg44K544Oq44OgIOaKmOOCiuOBn+OBn+OBv+WCmCDjg6rjg6rjg7zjgq3jg6Pjg4Pjg4jjg5fjg6rjg7Pjg4gg5YKYIOiLseWbveeOi+WupOW+oeeUqOmBlCDjg6zjg4fjgqPjg7zjgrkgU3VwZXIgU2xpbSBGb2xkaW5nIFVtYnJlbGxhIGZ1bHRvbmw1NTNsaWx5Y2F0cHJpbnQg44OX44Os44K844Oz44OIIOOCruODleODiO+8mkNMT1pFU1Qg44Oi44OD44K644Oh44Oz44K644Os44OH44Kj44O844K5,6YCa5L+h6LKp5aOy6YCa6LKp44K344On44OD44OU44Oz44Kw44Kq44Oz44Op44Kk44Oz44K344On44OD44OU44Oz44Kw6LK344GE54mp44OX44Os44K844Oz44OI44Ku44OV44OI6LSI44KK54mp6LSI562U5ZOB44GK5Lit5YWD44GK5q2z5pqu44GK6LK344GE5b6X44OV44Os44OD44OJ44Oa44Oq44O8RnJlZCBQZXJyeUJlbiBTaGVybWFu44OZ44Oz44K344Oj44O844Oe44Oz44Oh44Or44KvbWVyY+ODleODq+ODiOODs0Z1bHRvbuODreODvOOCr0xvYWtl44K444On44Oz44K544OI44Oz44K644Oi44OD44K644OV44Kh44OD44K344On44Oz44OE44Kk44O844OJ44Of44Or44Oi44OD44K65YKY44Os44OH44Kj44O844K544Oh44Oz44K66YCa6LKp44OQ44Op44Kv44O844K/44OQ44OW44Ki44O844OV44Or44OI44OzIEZVTFRPTiDjgrnjg7zjg5Hjg7wg44K544Oq44OgIOaKmOOCiuOBn+OBn+OBv+WCmCDjg6rjg6rjg7zjgq3jg6Pjg4Pjg4jjg5fjg6rjg7Pjg4gg5YKYIOiLseWbveeOi+WupOW+oeeUqOmBlCDjg6zjg4fjgqPjg7zjgrkgU3VwZXIgU2xpbSBGb2xkaW5nIFVtYnJlbGxhIGZ1bHRvbmw1NTNsaWx5Y2F0cHJpbnQg44OX44Os44K844Oz44OIIOOCruODleODiA==,44OV44Or44OI44OzIEZVTFRPTiDlgpggICDjgILjg5Xjg6vjg4jjg7MgRlVMVE9OIOOCueODvOODkeODvCDjgrnjg6rjg6Ag5oqY44KK44Gf44Gf44G/5YKYIOODquODquODvOOCreODo+ODg+ODiOODl+ODquODs+ODiCDlgpgg6Iux5Zu9546L5a6k5b6h55So6YGUIOODrOODh+OCo+ODvOOCuSBTdXBlciBTbGltIEZvbGRpbmcgVW1icmVsbGEgZnVsdG9ubDU1M2xpbHljYXRwcmludCDjg5fjg6zjgrzjg7Pjg4gg44Ku44OV44OI[rn]
15-197325,aHR0cDovL3RzaG9wLnIxMHMuanAvY2xvemVzdC9jYWJpbmV0LzAxMzgxOTcyL2Z1bHRvbmVsbGFqb3VsZXMvZnVsdG9ubDUwMXNoYWRvd2QuanBnP2ZpdGluPTcwMDo3MDA=,NTAxMS4yMDAw,,44OQ44OD44Kw44O75bCP54mp44O744OW44Op44Oz44OJ6ZuR6LKoID4g5YKYID4g44Os44OH44Kj44O844K56Zuo5YKY,44OV44Or44OI44OzIEZVTFRPTiDlgpgg44Os44OH44Kj44O844K5IFRpbnkg5oqY44KK55Wz44G/5YKYIOWls+aAp+eUqCDjgYvjgZUgU2hhZG93IExlb3BhcmQg44K344Oj44OJ44Km44Os44Kq44OR44O844OJIOODl+ODrOOCvOODs+ODiCDjgq7jg5Xjg4g=,,44Ku44OV44OI5YyF6KOF54Sh5paZ44Gn44GZIDxicj48YnI+PGNlbnRlcj4KPGltZyB3aWR0aD0iMTAwJSIgYm9yZGVyPSIwInNyYz0iaHR0cDovL2ltYWdlLnJha3V0ZW4uY28uanAvY2xvemVzdC9jYWJpbmV0LzAxMzgxOTcyL2Z1bHRvbmVsbGFqb3VsZXMvZnVsdG9ubDUwMXNoYWRvd2UuanBnIj4KCjxpbWcgd2lkdGg9IjEwMCUiIGJvcmRlcj0iMCJzcmM9Imh0dHA6Ly9pbWFnZS5yYWt1dGVuLmNvLmpwL2Nsb3plc3QvY2FiaW5ldC8wMTM4MTk3Mi9mdWx0b25lbGxham91bGVzL2Z1bHRvbmw1MDFzaGFkb3dmLmpwZyI+Cjxicj4KPGJyPuODleODq+ODiOODs+OBhOOBoeixiuWvjOOBquODkOODquOCqOODvOOCt+ODp+ODs+OBqAo8YnI+44Kq44Oq44K444OK44Oq44OG44Kj44GC44G144KM44KL44OX44Oq44Oz44OI44GnCjxicj7lpKflpb3oqZXjga5UaW5544Gu55m75aC044Gn44GZ44CCCjxicj4KPGJyPuWtmOWcqOaEn+aKnOe+pOOBruOCt+ODo+ODieOCpuODrOOCquODkeODvOODieODh+OCtuOCpOODs+OAggo8YnI+5oaC6ayx44Gq6Zuo44Gu5pel44KS5LiA5rCX44Gr5qW944GX44GP44GX44Gm44GP44KM44KL44KI44GG44GqCjxicj7kuIrlk4Hjgarpm7Dlm7LmsJfjga7jgqLjg7Pjg5bjg6zjg6njgafjgZnjgIIKPGJyPgo8YnI+5Lit44Gr44Gv5by35bqm44KS5LiK44GS44KL44Gf44KB44Gr57mK57at44Ks44Op44K544GMCjxicj7kvb/nlKjjgZXjgozjgabjgYTjgabmqZ/og73mgKfjgoLmipznvqTjgIIKPGJyPuW8t+miqOOBq+OCguW8t+OBhOeJueauiuOBque0oOadkOOCkuS9v+eUqOOBl+OBpuOBiuOCiuOBvuOBmeOAgiAKPGJyPuOCs+ODs+ODkeOCr+ODiOOBquOCteOCpOOCuuOBjAo8YnI+44OQ44OD44Kw44Gr5YWl44KM44Gm44GK44GE44Gm44KC44GL44GV44Gw44KK44G+44Gb44KT44CCCjxicj7oh6rliIbnlKjjga/li7/oq5bjga7jgZPjgajjgIHjg5fjg6zjgrzjg7Pjg4jjgavjgoIKPGJyPuOBiuOCueOCueODoeOBruOCouOCpOODhuODoOOBp+OBmeOAggo8YnI+Cjxicj7llYblk4HlkI06ZnVsdG9ubDUwMQo8YnI+44OH44K244Kk44OzOuOCt+ODo+ODieOCpuODrOOCquODkeODvOODiQo8YnI+57Sg5p2QOuODneODquOCqOOCueODhuODqyAxMDAlCjxicj4KPGJyPuOCteOCpOOCujrnlbPjgpPjgaDnirbmhYs6MTVjbQo8YnI+55u05b6EIDNjbQo8YnI+6ZaL44GE44Gf54q25oWLOuebtOW+hDg1Y20KPGJyPumHjemHjyAxNThnCjxicj4KCjxicj7jgJDlhajlm73kuIDlvovpgIHmlpnnhKHmlpnjgJEKPGJyPgo8L2NlbnRlcj4gCjxjZW50ZXI+Cjxicj4KTDUwMSDku5bjg4fjgrbjgqTjg7Pjga/kuIDopqfjga/jgZPjgaHjgonvvIE8YnI+Cjxicj4KRnVsdG9uIOODleODq+ODiOODsyDkuIDopqfjga/jgZPjgaHjgonvvIE8YnI+CjwvY2VudGVyPg==,44OV44Or44OI44OzIEZVTFRPTiDlgpgg44Os44OH44Kj44O844K5IFRpbnkg5oqY44KK55Wz44G/5YKYIOWls+aAp+eUqCDjgYvjgZUgU2hhZG93IExlb3BhcmQg44K344Oj44OJ44Km44Os44Kq44OR44O844OJIOODl+ODrOOCvOODs+ODiCDjgq7jg5Xjg4jvvJpDTE9aRVNUIOODouODg+OCuuODoeODs+OCuuODrOODh+OCo+ODvOOCuQ==,6YCa5L+h6LKp5aOy6YCa6LKp44K344On44OD44OU44Oz44Kw44Kq44Oz44Op44Kk44Oz44K344On44OD44OU44Oz44Kw6LK344GE54mp44OX44Os44K844Oz44OI44Ku44OV44OI6LSI44KK54mp6LSI562U5ZOB44GK5Lit5YWD44GK5q2z5pqu44GK6LK344GE5b6X44OV44Os44OD44OJ44Oa44Oq44O8RnJlZCBQZXJyeUJlbiBTaGVybWFu44OZ44Oz44K344Oj44O844Oe44Oz44Oh44Or44KvbWVyY+ODleODq+ODiOODs0Z1bHRvbuODreODvOOCr0xvYWtl44K444On44Oz44K544OI44Oz44K644Oi44OD44K644OV44Kh44OD44K344On44Oz44OE44Kk44O844OJ44Of44Or44Oi44OD44K65YKY44Os44OH44Kj44O844K544Oh44Oz44K66YCa6LKp44OQ44Op44Kv44O844K/44OQ44OW44Ki44O844OV44Or44OI44OzIEZVTFRPTiDlgpgg44Os44OH44Kj44O844K5IFRpbnkg5oqY44KK55Wz44G/5YKYIOWls+aAp+eUqCDjgYvjgZUgU2hhZG93IExlb3BhcmQg44K344Oj44OJ44Km44Os44Kq44OR44O844OJIOODl+ODrOOCvOODs+ODiCDjgq7jg5Xjg4g=,44CQ6YCB5paZ54Sh5paZ44CRRlVMVE9OIOWCmCDjg5bjg6njg7Pjg4kg44CC44OV44Or44OI44OzIEZVTFRPTiDlgpgg44Os44OH44Kj44O844K5IFRpbnkg5oqY44KK55Wz44G/5YKYIOWls+aAp+eUqCDjgYvjgZUgU2hhZG93IExlb3BhcmQg44K344Oj44OJ44Km44Os44Kq44OR44O844OJIOODl+ODrOOCvOODs+ODiCDjgq7jg5Xjg4g=[rn]
15-197326,aHR0cDovL3RzaG9wLnIxMHMuanAvY2xvemVzdC9jYWJpbmV0LzAxMzgxOTcyL2Z1bHRvbmVsbGFqb3VsZXMvZnVsdG9ubDcxMW1pZG5pZ2h0ZC5qcGc/Zml0aW49NzAwOjcwMA==,NTM1Ni44MDAw,,44OQ44OD44Kw44O75bCP54mp44O744OW44Op44Oz44OJ6ZuR6LKoID4g5YKYID4g44Os44OH44Kj44O844K56Zuo5YKY,RlVMVE9OIOWCmCDmipjjgorjgZ/jgZ/jgb/lgpgg44Ki44Oz44OW44Os44OpIOOCquODvOODl+ODsyDjgq/jg63jg7zjgrog44K544O844OR44O8IOOCueODquODoCDjg5Xjg6vjg4jjg7Mg44Os44OH44Kj44O844K5IOODr+ODs+OCv+ODg+ODgSDjgrjjg6Pjg7Pjg5flgpgg6Iux5Zu9546L5a6k5b6h55So6YGUIOODn+ODg+ODieODiuOCpOODiOOCteODvOOCr+ODqyBTdXBlciBTbGltIFVtYnJlbGxhIOOBi+OBlSBmdWx0b25sNzExbWlkbmlnaHRjaXJjbGUg44OX44Os44K844Oz44OIIOOCruODleODiA==,,44Ku44OV44OI5YyF6KOF54Sh5paZ44Gn44GZIDxicj48YnI+PGNlbnRlcj4KPGltZyB3aWR0aD0iMTAwJSIgYm9yZGVyPSIwInNyYz0iaHR0cDovL2ltYWdlLnJha3V0ZW4uY28uanAvY2xvemVzdC9jYWJpbmV0LzAxMzgxOTcyL2Z1bHRvbmVsbGFqb3VsZXMvZnVsdG9ubDcxMW1pZG5pZ2h0ZC5qcGciPgoKPGltZyB3aWR0aD0iMTAwJSIgYm9yZGVyPSIwInNyYz0iaHR0cDovL2ltYWdlLnJha3V0ZW4uY28uanAvY2xvemVzdC9jYWJpbmV0LzAxMzgxOTcyL2Z1bHRvbmVsbGFqb3VsZXMvZnVsdG9ubDcxMW1pZG5pZ2h0ZS5qcGciPgoKPGJyPkZ1bHRvbiDjg5Xjg6vjg4jjg7Pjga5PL0MgU3VwZXJzbGltIFNhZmV0eeODouODh+ODq+OBp+OBmeOAggo8YnI+Cjxicj7mt7Hjgb/jga7jgYLjgovoibLlkIjjgYTjga4KPGJyPuS4iuWTgeOBquawtOeOieODh+OCtuOCpOODsyLjg5/jg4Pjg4njg4rjgqTjg4jjgrXjg7zjgq/jg6siCjxicj7lj5bmiYvjgpLjgrnjg6njgqTjg4njgZnjgovjgajlh7rjgabjgY/jgosKPGJyPuODnOOCv+ODs+OBsuOBqOOBpOOBp+OAgeODr+ODs+OCv+ODg+ODgeOCquODvOODl+ODs+OAggo8YnI+44GV44KJ44Gr6ZaL44GP44Gg44GR44Gn44Gq44GP44CBCjxicj7jgq3jg6Pjg47jg5Tjg7zjgpLplonjgZjjgovjga7jgoLjg5zjgr/jg7PjgbLjgajjgaTjgafjgafjgY3jgb7jgZnjgIIKPGJyPumWieOBmOOBn+eKtuaFi+OBrzIyeDNjbeOBqOOBhOOBhuOBqOOBpuOCguiWhOOBhOW9oueKtuOBpwo8YnI+44Kr44OQ44Oz44Gq44Gp44Gr44GZ44Gj44Go5Y+O44G+44KK44G+44GZ44CCCjxicj44NmNt44Gu44Kt44Oj44OO44OU44O844Gv6ZaJ44GY44Gf44K144Kk44K644GL44KJ44GvCjxicj7jgqTjg6Hjg7zjgrjjgafjgY3jgarjgYTjgbvjganluoPjgY/jgIHlronlv4PmhJ/jgYzjgYLjgorjgb7jgZnjgIIKPGJyPuW8t+W6puOCkuiQveOBqOOBleOBmui7vemHj+aEn+OCkumHjeimluOBl+OBn+S9nOOCiuOBq+OBquOBo+OBpuOBhOOBpuOAgQo8YnI+6ZaL44GP44Go5aSn44GN44GE44Gu44Gn6IKp5ZGo44KK44GMCjxicj7pm6jjgafmv6HjgozjgavjgY/jgY/jgIHmqZ/og73mgKfmipznvqTjgafjgZnjgIIKPGJyPgo8YnI+5YG06Z2i44Gr55WZ44KB5YW344KS5YKZ44GI44Gf5a6J5YWo5YKY44Gr44Gq44Gj44Gm44GK44KK44CBCjxicj7li53miYvjgavplovjgYTjgZ/jgorjgZnjgovlv4PphY3jgoLjgYLjgorjgb7jgZvjgpPjgIIKPGJyPumiqOOBruaKteaKl+OCkuWil+W8t+OBmeOCi+OBl+OBquOChOOBi+OBquS9nOOCiuOBp+OBmeOAggo8YnI+Cjxicj7llYblk4HlkI06IGZ1bHRvbmw3MTEKPGJyPuODh+OCtuOCpOODszrjg5/jg4Pjg4njg4rjgqTjg4jjgrXjg7zjgq/jg6sKPGJyPue0oOadkDrjg53jg6rjgqjjgrnjg4bjg6sgMTAwJQo8YnI+Cjxicj7jgrXjgqTjgro66ZaL44GE44Gf54q25oWLOuebtOW+hDo4NmNtCjxicj4KPGJyPumWieOBmOOBn+eKtuaFi+ebtOW+hCAyMmNtCjxicj4KPGJyPumHjeOBlTrntIQyMjBn5YmN5b6MCjxicj4KPGJyPuOAkOWFqOWbveS4gOW+i+mAgeaWmeeEoeaWmeOAkQo8L2NlbnRlcj4=,RlVMVE9OIOWCmCDmipjjgorjgZ/jgZ/jgb/lgpgg44Ki44Oz44OW44Os44OpIOOCquODvOODl+ODsyDjgq/jg63jg7zjgrog44K544O844OR44O8IOOCueODquODoCDjg5Xjg6vjg4jjg7Mg44Os44OH44Kj44O844K5IOODr+ODs+OCv+ODg+ODgSDjgrjjg6Pjg7Pjg5flgpgg6Iux5Zu9546L5a6k5b6h55So6YGUIOODn+ODg+ODieODiuOCpOODiOOCteODvOOCr+ODqyBTdXBlciBTbGltIFVtYnJlbGxhIOOBi+OBlSBmdWx0b25sNzExbWlkbmlnaHRjaXJjbGUg44OX44Os44K844Oz44OIIOOCruODleODiO+8mkNMT1pFU1Qg44Oi44OD44K644Oh44Oz44K644Os44OH44Kj44O844K5,6YCa5L+h6LKp5aOy6YCa6LKp44K344On44OD44OU44Oz44Kw44Kq44Oz44Op44Kk44Oz44K344On44OD44OU44Oz44Kw6LK344GE54mp44OX44Os44K844Oz44OI44Ku44OV44OI6LSI44KK54mp6LSI562U5ZOB44GK5Lit5YWD44GK5q2z5pqu44GK6LK344GE5b6X44OV44Os44OD44OJ44Oa44Oq44O8RnJlZCBQZXJyeUJlbiBTaGVybWFu44OZ44Oz44K344Oj44O844Oe44Oz44Oh44Or44KvbWVyY+ODleODq+ODiOODs0Z1bHRvbuODreODvOOCr0xvYWtl44K444On44Oz44K544OI44Oz44K644Oi44OD44K644OV44Kh44OD44K344On44Oz44OE44Kk44O844OJ44Of44Or44Oi44OD44K65YKY44Os44OH44Kj44O844K544Oh44Oz44K66YCa6LKp44OQ44Op44Kv44O844K/44OQ44OW44Ki44O8RlVMVE9OIOWCmCDmipjjgorjgZ/jgZ/jgb/lgpgg44Ki44Oz44OW44Os44OpIOOCquODvOODl+ODsyDjgq/jg63jg7zjgrog44K544O844OR44O8IOOCueODquODoCDjg5Xjg6vjg4jjg7Mg44Os44OH44Kj44O844K5IOODr+ODs+OCv+ODg+ODgSDjgrjjg6Pjg7Pjg5flgpgg6Iux5Zu9546L5a6k5b6h55So6YGUIOODn+ODg+ODieODiuOCpOODiOOCteODvOOCr+ODqyBTdXBlciBTbGltIFVtYnJlbGxhIOOBi+OBlSBmdWx0b25sNzExbWlkbmlnaHRjaXJjbGUg44OX44Os44K844Oz44OIIOOCruODleODiA==,44OV44Or44OI44OzIEZVTFRPTiDlgpgg6Iux5Zu9546L5a6k5b6h55So6YGU44CCRlVMVE9OIOWCmCDmipjjgorjgZ/jgZ/jgb/lgpgg44Ki44Oz44OW44Os44OpIOOCquODvOODl+ODsyDjgq/jg63jg7zjgrog44K544O844OR44O8IOOCueODquODoCDjg5Xjg6vjg4jjg7Mg44Os44OH44Kj44O844K5IOODr+ODs+OCv+ODg+ODgSDjgrjjg6Pjg7Pjg5flgpgg6Iux5Zu9546L5a6k5b6h55So6YGUIOODn+ODg+ODieODiuOCpOODiOOCteODvOOCr+ODqyBTdXBlciBTbGltIFVtYnJlbGxhIOOBi+OBlSBmdWx0b25sNzExbWlkbmlnaHRjaXJjbGUg44OX44Os44K844Oz44OIIOOCruODleODiA==[rn]
15-197327,aHR0cDovL3RzaG9wLnIxMHMuanAvY2xvemVzdC9jYWJpbmV0LzAxMzgxOTcyL2Z1bHRvbmVsbGFqb3VsZXMvbDc1NHNwcmluZ2Zsb3JhbGQuanBnP2ZpdGluPTcwMDo3MDA=,NjQ4MC4wMDAw,,44OQ44OD44Kw44O75bCP54mp44O744OW44Op44Oz44OJ6ZuR6LKoID4g5YKYID4g44Os44OH44Kj44O844K56Zuo5YKY,RlVMVE9OIOODleODq+ODiOODsyDlgpjjg6zjg4fjgqPjg7zjgrkgIEJsb29tc2J1cnkgU3ByaW5nIEZsb3JhbCDplbflgpggIOWls+aApyDoirHmn4Qg44GL44GVIOODl+ODrOOCvOODs+ODiCDjgq7jg5Xjg4g=,,44Ku44OV44OI5YyF6KOF54Sh5paZ44Gn44GZIDxicj48YnI+PGNlbnRlcj48aW1nIHdpZHRoPSIxMDAlIiBib3JkZXI9IjAic3JjPSJodHRwOi8vaW1hZ2UucmFrdXRlbi5jby5qcC9jbG96ZXN0L2NhYmluZXQvMDEzODE5NzIvZnVsdG9uZWxsYWpvdWxlcy9sNzU0c3ByaW5nZmxvcmFsZC5qcGciPgo8aW1nIHdpZHRoPSIxMDAlIiBib3JkZXI9IjAic3JjPSJodHRwOi8vaW1hZ2UucmFrdXRlbi5jby5qcC9jbG96ZXN0L2NhYmluZXQvMDEzODE5NzIvZnVsdG9uZWxsYWpvdWxlcy9sNzU0c3ByaW5nZmxvcmFsZi5naWYiPjxicj4KPGJyPkZsdG9uIOODleODq+ODiOODs+OBrgo8YnI+44OW44Or44O844Og44K644OZ44Oq44O844Oi44OH44Or44Gn44GZ44CCCjxicj4KPGJyPuS4gOimi+OBmeOCi+OBqOeEoeWcsOOBruiQveOBoeedgOOBhOOBn+ODmeODvOOCueOBp+OBmeOBjOOAgQo8YnI+5YKY44KS6ZaL44GP44Go5LiK5ZOB44Gn44Ko44Os44Ks44Oz44OI44GqCjxicj7jgrnjg5fjg6rjg7PjgrDjg5Xjg63jg7zjg6njg6vjg4fjgrbjgqTjg7PjgIIKPGJyPuWGheWBtOOBruOCreODo+ODjuODlOODvOOBrzLph43jgavjgarjgaPjgabjgYrjgorjgIEKPGJyPumqqOe1hOOBv+OBjOmaoOOCjOOCi+S7leanmOOBq+OBquOBo+OBpuOBhOOBvuOBmeOAggo8YnI+6ZaL44GP44Go44Go44Gm44KC5aSn44GN44GE44Gu44GnCjxicj7ogqnlkajjgorjgarjganpm6jjgafmv6HjgozjgavjgY/jgY/jgarjgaPjgabjgYTjgb7jgZnjgIIKPGJyPuW8t+W6puOCkuWil+OBmeOBn+OCge+8kuOBpOOBrumLvOmJhOODleODrOODvOODoOOCkuS9v+eUqOOAggo8YnI+6aKo44Gr44KC5by344GE54m55q6K44Gq57Sg5p2Q44KS5L2/55So44GX44Gm44GK44KK44G+44GZ44CCIAo8YnI+Cjxicj7jg5zjgr/jg7PjgpLmirzjgZnjgajoh6rli5XjgafplovjgY/jga7jgafkvr/liKnjgafjgZnjgIIKPGJyPuOCruODleODiOOBq+OCguOBiuOCueOCueODoeOBruOCouOCpOODhuODoOOBp+OBmeOAggo8YnI+Cjxicj7llYblk4HlkI06ZnVsdG9ubDc1NAo8YnI+Cjxicj7jg4fjgrbjgqTjg7M644K544OX44Oq44Oz44Kw44OV44Ot44O844Op44OrCjxicj4KPGJyPue0oOadkDog44Od44Oq44Ko44K544OG44OrIDEwMCUKPGJyPgo8YnI+44K144Kk44K6OumHjemHjyA0ODNnCjxicj7plbfjgZU4NGNtCjxicj7lgpjjga7nm7TlvoQ5NGNtIAo8YnI+Cjxicj7jgJDlhajlm73kuIDlvovpgIHmlpnnhKHmlpnjgJEKPGJyPgo8L2NlbnRlcj4gCjxjZW50ZXI+CgpVSyDjg6Ljg4Pjgrrjg5XjgqHjg4Pjgrfjg6fjg7Pjgrvjg6zjgq/jg4jjgrfjg6fjg4Pjg5c8YnI+CkFCQkVZIENMT1pFU1Q8YnI+CuOCouODk+ODvOOCr+ODreODvOOCvOOCueODiDxicj4K44GK5bqX44OI44OD44OXCjwvY2VudGVyPgo8YnI+,RlVMVE9OIOODleODq+ODiOODsyDlgpjjg6zjg4fjgqPjg7zjgrkgIEJsb29tc2J1cnkgU3ByaW5nIEZsb3JhbCDplbflgpggIOWls+aApyDoirHmn4Qg44GL44GVIOODl+ODrOOCvOODs+ODiCDjgq7jg5Xjg4jvvJpDTE9aRVNUIOODouODg+OCuuODoeODs+OCuuODrOODh+OCo+ODvOOCuQ==,6YCa5L+h6LKp5aOy6YCa6LKp44K344On44OD44OU44Oz44Kw44Kq44Oz44Op44Kk44Oz44K344On44OD44OU44Oz44Kw6LK344GE54mp44OX44Os44K844Oz44OI44Ku44OV44OI6LSI44KK54mp6LSI562U5ZOB44GK5Lit5YWD44GK5q2z5pqu44GK6LK344GE5b6X44OV44Os44OD44OJ44Oa44Oq44O8RnJlZCBQZXJyeUJlbiBTaGVybWFu44OZ44Oz44K344Oj44O844Oe44Oz44Oh44Or44KvbWVyY+ODleODq+ODiOODs0Z1bHRvbuODreODvOOCr0xvYWtl44K444On44Oz44K544OI44Oz44K644Oi44OD44K644OV44Kh44OD44K344On44Oz44OE44Kk44O844OJ44Of44Or44Oi44OD44K65YKY44Os44OH44Kj44O844K544Oh44Oz44K66YCa6LKp44OQ44Op44Kv44O844K/44OQ44OW44Ki44O8RlVMVE9OIOODleODq+ODiOODsyDlgpjjg6zjg4fjgqPjg7zjgrkgIEJsb29tc2J1cnkgU3ByaW5nIEZsb3JhbCDplbflgpggIOWls+aApyDoirHmn4Qg44GL44GVIOODl+ODrOOCvOODs+ODiCDjgq7jg5Xjg4g=,6Iux5Zu9546L5a6k5b6h55So6YGUIOOAkOmAgeaWmeeEoeaWmeOAkeODleODq+ODiOODsyBGVUxUT04g5YKYIOOAgkZVTFRPTiDjg5Xjg6vjg4jjg7Mg5YKY44Os44OH44Kj44O844K5ICBCbG9vbXNidXJ5IFNwcmluZyBGbG9yYWwg6ZW35YKYICDlpbPmgKcg6Iqx5p+EIOOBi+OBlSDjg5fjg6zjgrzjg7Pjg4gg44Ku44OV44OI[rn]
15-197328,aHR0cDovL3RzaG9wLnIxMHMuanAvY2xvemVzdC9jYWJpbmV0LzAxMzgxOTcyL2Z1bHRvbmVsbGFqb3VsZXMvZnVsdG9ubDM0MGRlbHBoZmxvZC5qcGc/Zml0aW49NzAwOjcwMA==,MzI4My4yMDAw,,44OQ44OD44Kw44O75bCP54mp44O744OW44Op44Oz44OJ6ZuR6LKoID4g5YKYID4g44Os44OH44Kj44O844K56Zuo5YKY,RlVMVE9OIOODleODq+ODiOODsyDlgpgg5oqY44KK44Gf44Gf44G/5YKYIOOCouODs+ODluODrOODqSDjg5/jg4vjg5Xjg6njg4Pjg4gg6Iux5Zu9546L5a6k5b6h55So6YGUIOODh+ODq+ODlSDjg5Xjg6njg6/jg7wgRGVscGggRmxvd2VyIOiKseafhCDlsI/lnosg44Of44OLIE1pbmkgRmxhdCBGb2xkaW5nIFVtYnJlbGxhIOOBi+OBlSDjg6Ljg4Pjgrog44OV44Kh44OD44K344On44OzIOOCpOOCruODquOCuSDjg63jg7Pjg4njg7Mg44OX44Os44K844Oz44OIIOOCruODleODiA==,,44Ku44OV44OI5YyF6KOF54Sh5paZ44Gn44GZIDxicj48YnI+PGNlbnRlcj4KPGltZyB3aWR0aD0iMTAwJSIgYm9yZGVyPSIwInNyYz0iaHR0cDovL2ltYWdlLnJha3V0ZW4uY28uanAvY2xvemVzdC9jYWJpbmV0LzAxMzgxOTcyL2Z1bHRvbmVsbGFqb3VsZXMvZnVsdG9ubDM0MGRlbHBoZmxvZC5qcGciPgo8aW1nIHdpZHRoPSIxMDAlIiBib3JkZXI9IjAic3JjPSJodHRwOi8vaW1hZ2UucmFrdXRlbi5jby5qcC9jbG96ZXN0L2NhYmluZXQvMDEzODE5NzIvZnVsdG9uZWxsYWpvdWxlcy9mdWx0b25sMzQwZGVscGhmbG93Zi5naWYiPgo8YnI+Cjxicj5GdWx0b24g44OV44Or44OI44Oz44Gu44OV44Kp44O844Or44OH44Kj44Oz44Kw5YKY44Gu5Lit44Gn44KCCjxicj7jgrPjgrnjg4jjg5Hjg5Xjgqnjg7zjg57jg7PjgrnjgavlhKrjgozjgZ9NaW5pZmxhdOOAggo8YnI+5pyA5paw44Oi44OH44Or44GuRGVscGggRmxvd2Vy44Gn44GZ44CCCjxicj4KPGJyPumehOOChOODneOCseODg+ODiOOBq+OCs+ODs+ODkeOCr+ODiOOBq+WPjue0jeOBp+OBjeOCiwo8YnI+44K544Oq44Og44Gq44Oc44OH44Kj44GM44CB44GZ44GQ44Gr44GK5Ye644GL44GR44GrCjxicj7mrKDjgYvjgZvjgarjgYTlrZjlnKjjgavjgarjgovjgZPjgajplpPpgZXjgYTjgarjgZfjgIIKPGJyPuODkOODquODpeODvOODl+ODqeOCpOOCueOBquOBjOOCieOAgQo8YnI+6ICQ5LmF6Z2i44Gr44KC5aal5Y2U44Gu44Gq44GE5L2c44KK44Gn44GZ44CCCjxicj7kuIrlk4HjgafokL3jgaHnnYDjgYTjgZ/oibLlkIjjgYTjga7jg4fjg6vjg5Xjg5Xjg6njg6/jg7zjg4fjgrbjgqTjg7PjgIIKPGJyPgo8YnI+6Ieq5YiG55So44Gv5Yu/6KuW44Gu44GT44Go44CB44OX44Os44K844Oz44OI44Gr44KCCjxicj7jgYrjgrnjgrnjg6Hjga7jgqLjgqTjg4bjg6DjgafjgZnjgIIKPGJyPgo8YnI+5ZWG5ZOB5ZCNOmZ1bHRvbmwzNDAKPGJyPgo8YnI+44OH44K244Kk44OzOuODh+ODq+ODleODleODqeODr+ODvAo8YnI+Cjxicj7ntKDmnZA6IOODneODquOCqOOCueODhuODqy/jgqLjg6vjg5/jg5Xjg6zjg7zjg6AKPGJyPgo8YnI+55Wz44KT44Gg54q25oWLOuWFqOmVtzIyY20KPGJyPumWi+OBhOOBn+eKtuaFizo5MGNtCjxicj4K44CQ5YWo5Zu95LiA5b6L6YCB5paZ54Sh5paZ44CRPGJyPgo8YnI+CjwvY2VudGVyPgo8Y2VudGVyPgoKVUsg44Oi44OD44K644OV44Kh44OD44K344On44Oz44K744Os44Kv44OI44K344On44OD44OXPGJyPgpBQkJFWSBDTE9aRVNUPGJyPgrjgqLjg5Pjg7zjgq/jg63jg7zjgrzjgrnjg4g8YnI+CuOBiuW6l+ODiOODg+ODlwo8L2NlbnRlcj4KPGJyPg==,RlVMVE9OIOODleODq+ODiOODsyDlgpgg5oqY44KK44Gf44Gf44G/5YKYIOOCouODs+ODluODrOODqSDjg5/jg4vjg5Xjg6njg4Pjg4gg6Iux5Zu9546L5a6k5b6h55So6YGUIOODh+ODq+ODlSDjg5Xjg6njg6/jg7wgRGVscGggRmxvd2VyIOiKseafhCDlsI/lnosg44Of44OLIE1pbmkgRmxhdCBGb2xkaW5nIFVtYnJlbGxhIOOBi+OBlSDjg6Ljg4Pjgrog44OV44Kh44OD44K344On44OzIOOCpOOCruODquOCuSDjg63jg7Pjg4njg7Mg44OX44Os44K844Oz44OIIOOCruODleODiO+8mkNMT1pFU1Qg44Oi44OD44K644Oh44Oz44K644Os44OH44Kj44O844K5,6YCa5L+h6LKp5aOy6YCa6LKp44K344On44OD44OU44Oz44Kw44Kq44Oz44Op44Kk44Oz44K344On44OD44OU44Oz44Kw6LK344GE54mp44OX44Os44K844Oz44OI44Ku44OV44OI6LSI44KK54mp6LSI562U5ZOB44GK5Lit5YWD44GK5q2z5pqu44GK6LK344GE5b6X44OV44Os44OD44OJ44Oa44Oq44O8RnJlZCBQZXJyeUJlbiBTaGVybWFu44OZ44Oz44K344Oj44O844Oe44Oz44Oh44Or44KvbWVyY+ODleODq+ODiOODs0Z1bHRvbuODreODvOOCr0xvYWtl44K444On44Oz44K544OI44Oz44K644Oi44OD44K644OV44Kh44OD44K344On44Oz44OE44Kk44O844OJ44Of44Or44Oi44OD44K65YKY44Os44OH44Kj44O844K544Oh44Oz44K66YCa6LKp44OQ44Op44Kv44O844K/44OQ44OW44Ki44O8RlVMVE9OIOODleODq+ODiOODsyDlgpgg5oqY44KK44Gf44Gf44G/5YKYIOOCouODs+ODluODrOODqSDjg5/jg4vjg5Xjg6njg4Pjg4gg6Iux5Zu9546L5a6k5b6h55So6YGUIOODh+ODq+ODlSDjg5Xjg6njg6/jg7wgRGVscGggRmxvd2VyIOiKseafhCDlsI/lnosg44Of44OLIE1pbmkgRmxhdCBGb2xkaW5nIFVtYnJlbGxhIOOBi+OBlSDjg6Ljg4Pjgrog44OV44Kh44OD44K344On44OzIOOCpOOCruODquOCuSDjg63jg7Pjg4njg7Mg44OX44Os44K844Oz44OIIOOCruODleODiA==,44OV44Or44OI44OzIEZVTFRPTiDlgpgg44CQ6YCB5paZ54Sh5paZ44CRICDjgIJGVUxUT04g44OV44Or44OI44OzIOWCmCDmipjjgorjgZ/jgZ/jgb/lgpgg44Ki44Oz44OW44Os44OpIOODn+ODi+ODleODqeODg+ODiCDoi7Hlm73njovlrqTlvqHnlKjpgZQg44OH44Or44OVIOODleODqeODr+ODvCBEZWxwaCBGbG93ZXIg6Iqx5p+EIOWwj+WeiyDjg5/jg4sgTWluaSBGbGF0IEZvbGRpbmcgVW1icmVsbGEg44GL44GVIOODouODg+OCuiDjg5XjgqHjg4Pjgrfjg6fjg7Mg44Kk44Ku44Oq44K5IOODreODs+ODieODsyDjg5fjg6zjgrzjg7Pjg4gg44Ku44OV44OI[rn]
15-197329,aHR0cDovL3RzaG9wLnIxMHMuanAvY2xvemVzdC9jYWJpbmV0LzAxMzgxOTcyL2Z1bHRvbmVsbGFqb3VsZXMvZnVsdG9ubDc1NGJzdHJpcGQuanBnP2ZpdGluPTcwMDo3MDA=,NjQ4MC4wMDAw,,44OQ44OD44Kw44O75bCP54mp44O744OW44Op44Oz44OJ6ZuR6LKoID4g5YKYID4g44Os44OH44Kj44O844K56Zuo5YKY,44OV44Or44OI44OzIEZVTFRPTiDlgpgg44Os44OH44Kj44O844K5IEJsb29tc2J1cnkg6ZW35YKYIOWls+aAp+eUqCDjgYvjgZUg44OW44Ot44OD44Kv44K544OI44Op44Kk44OXIOODl+ODrOOCvOODs+ODiCDjgq7jg5Xjg4g=,,44Ku44OV44OI5YyF6KOF54Sh5paZ44Gn44GZIDxicj48YnI+PGNlbnRlcj4KPGltZyB3aWR0aD0iMTAwJSIgYm9yZGVyPSIwInNyYz0iaHR0cDovL3d3dy5yYWt1dGVuLm5lLmpwL2dvbGQvY2xvemVzdC9mdWx0b24vZnVsdG9ubDc1NGJsb2Nrc3RyaXBlYTIuanBnIj4KCjxpbWcgd2lkdGg9IjEwMCUiIGJvcmRlcj0iMCJzcmM9Imh0dHA6Ly93d3cucmFrdXRlbi5uZS5qcC9nb2xkL2Nsb3plc3QvZnVsdG9uL2Z1bHRvbmw3NTRibG9ja3N0cmlwZWYuanBnIj4KPGJyPgo8YnI+Rmx0b24g44OV44Or44OI44Oz44GuCjxicj7jg5bjg6vjg7zjg6Djgrrjg5njg6rjg7zjg6Ljg4fjg6vjgafjgZnjgIIgCjxicj4KPGJyPuS4gOimi+OBmeOCi+OBqOeEoeWcsOOBruiQveOBoeedgOOBhOOBn+ODmeODvOOCueOBp+OBmeOBjOOAgQo8YnI+5YKY44KS6ZaL44GP44Go44K344OD44Kv44Gq44OW44Op44OD44KvCjxicj7jga7jgrnjg4jjg6njgqTjg5fjgYzkuIrlk4Hjgarjg4fjgrbjgqTjg7PjgIIKPGJyPuWGheWBtOOBruOCreODo+ODjuODlOODvOOBrzLph43jgavjgarjgaPjgabjgYrjgorjgIEKPGJyPumqqOe1hOOBv+OBjOmaoOOCjOOCi+S7leanmOOBq+OBquOBo+OBpuOBhOOBvuOBmeOAggo8YnI+6ZaL44GP44Go44Go44Gm44KC5aSn44GN44GE44Gu44GnCjxicj7ogqnlkajjgorjgarjganpm6jjgafmv6HjgozjgavjgY/jgY/jgarjgaPjgabjgYTjgb7jgZnjgIIKPGJyPuW8t+W6puOCkuWil+OBmeOBn+OCge+8kuOBpOOBrumLvOmJhOODleODrOODvOODoOOCkuS9v+eUqOOAggo8YnI+6aKo44Gr44KC5by344GE54m55q6K44Gq57Sg5p2Q44KS5L2/55So44GX44Gm44GK44KK44G+44GZ44CCCjxicj4KPGJyPuODnOOCv+ODs+OCkuaKvOOBmeOBqOiHquWLleOBp+mWi+OBj+OBruOBp+S+v+WIqeOBp+OBmeOAggo8YnI+44Ku44OV44OI44Gr44KC44GK44K544K544Oh44Gu44Ki44Kk44OG44Og44Gn44GZ44CCICAKPGJyPgo8YnI+5ZWG5ZOB5ZCNOmZ1bHRvbmw3NTRibGFja3N0cmlwZQo8YnI+Cjxicj7jgqvjg6njg7w644OW44Op44OD44Kv44K544OI44Op44Kk44OXCjxicj4KPGJyPue0oOadkDpQVkMgMTAwJQo8YnI+Cjxicj7jgJDjgrXjgqTjgrrjgJEKPGJyPumHjemHjyA0ODNnCjxicj7plbfjgZU4NGNtCjxicj7lgpjjga7nm7TlvoQ5NGNtCjxicj4KPGJyPuOCteOCpOOCujrplovjgYTjgZ/nirbmhYs655u05b6EOTJjbQo8YnI+Cjxicj7jgJDlhajlm73kuIDlvovpgIHmlpnnhKHmlpnjgJEKPGJyPgo8L2NlbnRlcj4gCjxjZW50ZXI+Cjxicj4K44Os44OH44Kj44O844K5IOOCueOCv+ODs+ODgOODvOODieWCmCDkuIDopqfjga/jgZPjgaHjgonvvIE8YnI+Cjxicj4KRlVMVE9OIOS4gOimp+OBr+OBk+OBoeOCie+8gTxicj4KPC9jZW50ZXI+,44OV44Or44OI44OzIEZVTFRPTiDlgpgg44Os44OH44Kj44O844K5IEJsb29tc2J1cnkg6ZW35YKYIOWls+aAp+eUqCDjgYvjgZUg44OW44Ot44OD44Kv44K544OI44Op44Kk44OXIOODl+ODrOOCvOODs+ODiCDjgq7jg5Xjg4jvvJpDTE9aRVNUIOODouODg+OCuuODoeODs+OCuuODrOODh+OCo+ODvOOCuQ==,6YCa5L+h6LKp5aOy6YCa6LKp44K344On44OD44OU44Oz44Kw44Kq44Oz44Op44Kk44Oz44K344On44OD44OU44Oz44Kw6LK344GE54mp44OX44Os44K844Oz44OI44Ku44OV44OI6LSI44KK54mp6LSI562U5ZOB44GK5Lit5YWD44GK5q2z5pqu44GK6LK344GE5b6X44OV44Os44OD44OJ44Oa44Oq44O8RnJlZCBQZXJyeUJlbiBTaGVybWFu44OZ44Oz44K344Oj44O844Oe44Oz44Oh44Or44KvbWVyY+ODleODq+ODiOODs0Z1bHRvbuODreODvOOCr0xvYWtl44K444On44Oz44K544OI44Oz44K644Oi44OD44K644OV44Kh44OD44K344On44Oz44OE44Kk44O844OJ44Of44Or44Oi44OD44K65YKY44Os44OH44Kj44O844K544Oh44Oz44K66YCa6LKp44OQ44Op44Kv44O844K/44OQ44OW44Ki44O844OV44Or44OI44OzIEZVTFRPTiDlgpgg44Os44OH44Kj44O844K5IEJsb29tc2J1cnkg6ZW35YKYIOWls+aAp+eUqCDjgYvjgZUg44OW44Ot44OD44Kv44K544OI44Op44Kk44OXIOODl+ODrOOCvOODs+ODiCDjgq7jg5Xjg4g=,44CQ6YCB5paZ54Sh5paZ44CRRlVMVE9OIOWCmCDjg5bjg6njg7Pjg4kg44CC44OV44Or44OI44OzIEZVTFRPTiDlgpgg44Os44OH44Kj44O844K5IEJsb29tc2J1cnkg6ZW35YKYIOWls+aAp+eUqCDjgYvjgZUg44OW44Ot44OD44Kv44K544OI44Op44Kk44OXIOODl+ODrOOCvOODs+ODiCDjgq7jg5Xjg4g=[rn]
15-197330,aHR0cDovL3RzaG9wLnIxMHMuanAvY2xvemVzdC9jYWJpbmV0LzAxMzgxOTcyL2Z1bHRvbmVsbGFqb3VsZXMvZnVsdG9ubDU1M3JldmVyc2VkZC5qcGc/Zml0aW49NzAwOjcwMA==,NDc1Mi4wMDAw,,44OQ44OD44Kw44O75bCP54mp44O744OW44Op44Oz44OJ6ZuR6LKoID4g5YKYID4g44Os44OH44Kj44O844K56Zuo5YKY,44OV44Or44OI44OzIEZVTFRPTiDlgpgg44Os44OH44Kj44O844K5IFN1cGVyc2xpbSDmipjjgornlbPjgb/lgpgg5aWz5oCn55SoIOOBi+OBlSBSZXZlcnNlZCBGbG9yYWwg44Oq44OQ44O844K544OJ44OV44Ot44O844Op44OrIOODl+ODrOOCvOODs+ODiCDjgq7jg5Xjg4g=,,44Ku44OV44OI5YyF6KOF54Sh5paZ44Gn44GZIDxicj48YnI+PGNlbnRlcj4KPGltZyB3aWR0aD0iMTAwJSIgYm9yZGVyPSIwInNyYz0iaHR0cDovL2ltYWdlLnJha3V0ZW4uY28uanAvY2xvemVzdC9jYWJpbmV0LzAxMzgxOTcyL2Z1bHRvbmVsbGFqb3VsZXMvZnVsdG9ubDU1M3JldmVyc2VkZS5qcGciPgoKPGltZyB3aWR0aD0iMTAwJSIgYm9yZGVyPSIwInNyYz0iaHR0cDovL2ltYWdlLnJha3V0ZW4uY28uanAvY2xvemVzdC9jYWJpbmV0LzAxMzgxOTcyL2Z1bHRvbmVsbGFqb3VsZXMvZnVsdG9ubDU1M3JldmVyc2VkZi5qcGciPgo8YnI+CkZsdG9uIOODleODq+ODiOODs+OBrlN1cGVyc2xpbeODouODh+ODq+OBp+OBmeOAgjxicj4K44GT44Gh44KJ44Gu44Oi44OH44Or44Gv5oqY44KK55Wz44G/5pmCMjJ4M2Nt44GuPGJyPgrjgrPjg7Pjg5Hjgq/jg4jjgrXjgqTjgrrjgavjgoLplqLjgo/jgonjgZrjgIE8YnI+CuOCquODvOODl+ODs+aZgjg2Y23jga7luoPjgZXjgpLjgqvjg5Djg7zjgZfjgabjgb7jgZnjgII8YnI+Cjxicj4K5by35bqm44KS6JC944Go44GV44Ga6Lu96YeP5oSf44KS6YeN6KaW44GX44Gf5L2c44KK44Gr44Gq44Gj44Gm44GE44Gm44CBPGJyPgrplovjgY/jgajlpKfjgY3jgYTjga7jgafogqnlkajjgorjgYzpm6jjgafmv6HjgozjgavjgY/jgY/jgIE8YnI+Cuapn+iDveaAp+ODkOODhOOCsOODs+OBp+OBmeOAgjxicj4K5oqY44KK44Gf44Gf44KA44Go44GL44GV5by144KJ44Ga5Y+O57SN44KC5L6/5Yip44Gn44GZ44CCPGJyPgroj6/jgoTjgYvjgarjg6rjg5Djg7zjgrnjg4njg5Xjg63jg7zjg6njg6vjg4fjgrbjgqTjg7PjgII8YnI+Cjxicj4K6ZaL6ZaJ44Gk44G+44G/44Gv5LiK44Gr5oyB44Gh5LiK44GS44KL44Gg44GR44Gq44Gu44GnPGJyPgrnsKHljZjjgrnjg6Djg7zjgrnjgafjgajjgabjgoLkvr/liKnjgafjgZnjgII8YnI+CuW8t+miqOOBq+OCguW8t+OBhOeJueauiuOBque0oOadkOOCkuS9v+eUqOOBl+OBpuOBiuOCiuOBvuOBmeOAgiA8YnI+Cjxicj4KCuWVhuWTgeWQjTpmdWx0b25sNTUzPGJyPgrjg4fjgrbjgqTjg7M644Oq44OQ44O844K544OJ44OV44Ot44O844Op44OrPGJyPgrntKDmnZA644Ki44Or44Of44OV44Os44O844OgPGJyPgo8YnI+CuOCteOCpOOCujrnlbPjgpPjgaDnirbmhYs6MjJjbSwg55u05b6EIDNjbTxicj4K6ZaL44GE44Gf54q25oWLOuebtOW+hDo4NmNtPGJyPgrph43ph486MTU4Zzxicj4KPGJyPgo8YnI+44CQ5YWo5Zu95LiA5b6L6YCB5paZ54Sh5paZ44CRCjxicj4KPC9jZW50ZXI+CjxjZW50ZXI+Cjxicj4K5aWz5oCn55SoIOaKmOOCiuOBn+OBn+OBv+WCmCDkuIDopqfjga/jgZPjgaHjgonvvIE8YnI+Cjxicj4KRnVsdG9uIOODleODq+ODiOODsyDkuIDopqfjga/jgZPjgaHjgonvvIE8YnI+CjwvY2VudGVyPg==,44OV44Or44OI44OzIEZVTFRPTiDlgpgg44Os44OH44Kj44O844K5IFN1cGVyc2xpbSDmipjjgornlbPjgb/lgpgg5aWz5oCn55SoIOOBi+OBlSBSZXZlcnNlZCBGbG9yYWwg44Oq44OQ44O844K544OJ44OV44Ot44O844Op44OrIOODl+ODrOOCvOODs+ODiCDjgq7jg5Xjg4jvvJpDTE9aRVNUIOODouODg+OCuuODoeODs+OCuuODrOODh+OCo+ODvOOCuQ==,6YCa5L+h6LKp5aOy6YCa6LKp44K344On44OD44OU44Oz44Kw44Kq44Oz44Op44Kk44Oz44K344On44OD44OU44Oz44Kw6LK344GE54mp44OX44Os44K844Oz44OI44Ku44OV44OI6LSI44KK54mp6LSI562U5ZOB44GK5Lit5YWD44GK5q2z5pqu44GK6LK344GE5b6X44OV44Os44OD44OJ44Oa44Oq44O8RnJlZCBQZXJyeUJlbiBTaGVybWFu44OZ44Oz44K344Oj44O844Oe44Oz44Oh44Or44KvbWVyY+ODleODq+ODiOODs0Z1bHRvbuODreODvOOCr0xvYWtl44K444On44Oz44K544OI44Oz44K644Oi44OD44K644OV44Kh44OD44K344On44Oz44OE44Kk44O844OJ44Of44Or44Oi44OD44K65YKY44Os44OH44Kj44O844K544Oh44Oz44K66YCa6LKp44OQ44Op44Kv44O844K/44OQ44OW44Ki44O844OV44Or44OI44OzIEZVTFRPTiDlgpgg44Os44OH44Kj44O844K5IFN1cGVyc2xpbSDmipjjgornlbPjgb/lgpgg5aWz5oCn55SoIOOBi+OBlSBSZXZlcnNlZCBGbG9yYWwg44Oq44OQ44O844K544OJ44OV44Ot44O844Op44OrIOODl+ODrOOCvOODs+ODiCDjgq7jg5Xjg4g=,44CQ6YCB5paZ54Sh5paZ44CRRlVMVE9OIOWCmCDjg5bjg6njg7Pjg4kg44CC44OV44Or44OI44OzIEZVTFRPTiDlgpgg44Os44OH44Kj44O844K5IFN1cGVyc2xpbSDmipjjgornlbPjgb/lgpgg5aWz5oCn55SoIOOBi+OBlSBSZXZlcnNlZCBGbG9yYWwg44Oq44OQ44O844K544OJ44OV44Ot44O844Op44OrIOODl+ODrOOCvOODs+ODiCDjgq7jg5Xjg4g=[rn]
15-197331,aHR0cDovL3RzaG9wLnIxMHMuanAvY2xvemVzdC9jYWJpbmV0LzAxMzgxOTcyL2Z1bHRvbmVsbGFqb3VsZXMvZnVsdG9ubDc4M3JlZGQuanBnP2ZpdGluPTcwMDo3MDA=,NTE4NC4wMDAw,,44OQ44OD44Kw44O75bCP54mp44O744OW44Op44Oz44OJ6ZuR6LKoID4g5YKYID4g44Os44OH44Kj44O844K56Zuo5YKY,44OV44Or44OI44OzIEZ1bHRvbiDlgpgg44OQ44O844OJ44Kx44O844K4IFNoZSdzIFVWIENlbnRyYWwgUmVkIOODl+ODreODhuOCr+OCt+ODp+ODsyDjg6zjg4Pjg4kg6ZW35YKYIOODrOODh+OCo+ODvOOCuSDjgYvjgZUgRlVMVE9OIOODl+ODrOOCvOODs+ODiCDjgq7jg5Xjg4g=,,44Ku44OV44OI5YyF6KOF54Sh5paZ44Gn44GZIDxicj48YnI+PGNlbnRlcj4KPGltZyB3aWR0aD0iMTAwJSIgYm9yZGVyPSIwInNyYz0iaHR0cDovL2ltYWdlLnJha3V0ZW4uY28uanAvY2xvemVzdC9jYWJpbmV0LzAxMzgxOTcyL2Z1bHRvbmVsbGFqb3VsZXMvZnVsdG9udHViZS5qcGciPgo8YnI+CjxpbWcgd2lkdGg9IjEwMCUiIGJvcmRlcj0iMCJzcmM9Imh0dHA6Ly9pbWFnZS5yYWt1dGVuLmNvLmpwL2Nsb3plc3QvY2FiaW5ldC8wMTM4MTk3Mi9mdWx0b25lbGxham91bGVzL2Z1bHRvbmw3ODNyZWRlZS5qcGciPgo8YnI+CjxpbWcgd2lkdGg9IjEwMCUiIGJvcmRlcj0iMCJzcmM9Imh0dHA6Ly9pbWFnZS5yYWt1dGVuLmNvLmpwL2Nsb3plc3QvY2FiaW5ldC8wMTM4MTk3Mi9mdWx0b25lbGxham91bGVzL2Z1bHRvbmw3ODNyZWRmLmpwZyI+Cjxicj4KPGJyPkZ1bHRvbiDjg5Xjg6vjg4jjg7Pjga7jg5Djg7zjg4njgrHjg7zjgrggCjxicj5VVuODl+ODreODhuOCr+OCt+ODp+ODs+ODouODh+ODq+OBp+OBmeOAggo8YnI+Cjxicj50aGUgUXVlZW4g44Ko44Oq44K244OZ44K5MuS4luWls+eOi+mZm+S4i+OBqwo8YnI+44GU5L2/55So44GE44Gf44Gg44GE44Gm44GE44KL44OQ44O844OJ44Kx44O844K444GrCjxicj5VVuOCq+ODg+ODiOWKoOW3pSjntKvlpJbnt5rlr77nrZYp44GM5pa944GV44KM44GfCjxicj7ml6XmnKzkurrjga7jgrXjgqTjgrrjgavlkIjjgo/jgZvjgZ/nibnliKXjg6Ljg4fjg6vjgajjgarjgaPjgabjgYrjgorjgb7jgZnjgIIKPGJyPgo8YnI+6bOl44GL44GU44KS44Oi44OB44O844OV44Go44GX44Gf5L2c44KK44GM6Zuo44Gq44Gp44Gn6IKp5ZGo44KK44GM5r+h44KM44Gr44GP44GP5qmf6IO95oCn5oqc576k44CCCjxicj7lkajjgorjgYzopovmuKHjgZfjgoTjgZnjgYTpgI/mmI7jgarjgq3jg6Pjg47jg5Tjg7zjgavjg6zjg4Pjg4njga7nuIHlj5bjgorjgYzjgqLjgq/jgrvjg7Pjg4jjgavjgIIKPGJyPgo8YnI+6ZaL6ZaJ44Gk44G+44G/44Gv5LiK44Gr5oyB44Gh5LiK44GS44KL44Gg44GR44Gq44Gu44GnCjxicj7nsKHljZjjgrnjg6Djg7zjgrnjgafjgajjgabjgoLkvr/liKnjgafjgZnjgIIKPGJyPuW8t+miqOOBq+OCguW8t+OBhOeJueauiuOBque0oOadkOOCkuS9v+eUqOOBl+OBpuOBiuOCiuOBvuOBmeOAggo8YnI+KuaMh+OBr+OBleOBv+mYsuatouOBruOBn+OCgeODreODg+OCr+OBjOeUmOOBhOWgtOWQiOOBjOOBlOOBluOBhOOBvuOBmeOAggo8YnI+5YKY44KS6ZaJ44GY44Gm44KL6Zqb44Gv44OZ44Or44OI44KS57eg44KB44Gm44GU5L2/55So5LiL44GV44GE44CCCjxicj7jgb7jgZ/jgIHjgY/jgaPjgaTjgY3pmLLmraLjga7jgZ/jgoHjga7nsonjgYzloZfluIPjgZXjgozjgabjgYrjgorjgb7jgZnjgIIKPGJyPgoKPGJyPuWVhuWTgeWQjTpmdWx0b25sNzgzCjxicj4KPGJyPuOCq+ODqeODvDpDZW50cmFsIFJlZAo8YnI+Cjxicj7ntKDmnZA6UFZDIDEwMCUKPGJyPgo8YnI+44K144Kk44K6Ogo8YnI+5YWo6ZW3IDg3Y20KPGJyPuebtOW+hDo3NWNtCjxicj7mt7HjgZU6NDVjbQo8YnI+6YeN6YePOjUyNWcKPGJyPgrjgJDlhajlm73kuIDlvovpgIHmlpnnhKHmlpnjgJEKPC9jZW50ZXI+CjxjZW50ZXI+Cjxicj4KQmlyZCBDYWdlIOS4gOimp+OBr+OBk+OBoeOCie+8gTxicj4KPGJyPgrjg6zjg4fjgqPjg7zjgrkg44K544K/44Oz44OA44O844OJ5YKYIOS4gOimp+OBr+OBk+OBoeOCie+8gTxicj4KPGJyPjxicj4gCkZVTFRPTuS4gOimp+OBr+OBk+OBoeOCie+8gQo8L2NlbnRlcj4=,44OV44Or44OI44OzIEZ1bHRvbiDlgpgg44OQ44O844OJ44Kx44O844K4IFNoZSdzIFVWIENlbnRyYWwgUmVkIOODl+ODreODhuOCr+OCt+ODp+ODsyDjg6zjg4Pjg4kg6ZW35YKYIOODrOODh+OCo+ODvOOCuSDjgYvjgZUgRlVMVE9OIOODl+ODrOOCvOODs+ODiCDjgq7jg5Xjg4jvvJpDTE9aRVNUIOODouODg+OCuuODoeODs+OCuuODrOODh+OCo+ODvOOCuQ==,6YCa5L+h6LKp5aOy6YCa6LKp44K344On44OD44OU44Oz44Kw44Kq44Oz44Op44Kk44Oz44K344On44OD44OU44Oz44Kw6LK344GE54mp44OX44Os44K844Oz44OI44Ku44OV44OI6LSI44KK54mp6LSI562U5ZOB44GK5Lit5YWD44GK5q2z5pqu44GK6LK344GE5b6X44OV44Os44OD44OJ44Oa44Oq44O8RnJlZCBQZXJyeUJlbiBTaGVybWFu44OZ44Oz44K344Oj44O844Oe44Oz44Oh44Or44KvbWVyY+ODleODq+ODiOODs0Z1bHRvbuODreODvOOCr0xvYWtl44K444On44Oz44K544OI44Oz44K644Oi44OD44K644OV44Kh44OD44K344On44Oz44OE44Kk44O844OJ44Of44Or44Oi44OD44K65YKY44Os44OH44Kj44O844K544Oh44Oz44K66YCa6LKp44OQ44Op44Kv44O844K/44OQ44OW44Ki44O844OV44Or44OI44OzIEZ1bHRvbiDlgpgg44OQ44O844OJ44Kx44O844K4IFNoZSdzIFVWIENlbnRyYWwgUmVkIOODl+ODreODhuOCr+OCt+ODp+ODsyDjg6zjg4Pjg4kg6ZW35YKYIOODrOODh+OCo+ODvOOCuSDjgYvjgZUgRlVMVE9OIOODl+ODrOOCvOODs+ODiCDjgq7jg5Xjg4g=,6Iux5Zu9546L5a6k5b6h55So6YGUIOOAkOmAgeaWmeeEoeaWmeOAkSDlgpgg6LWkICDjgILjg5Xjg6vjg4jjg7MgRnVsdG9uIOWCmCDjg5Djg7zjg4njgrHjg7zjgrggU2hlJ3MgVVYgQ2VudHJhbCBSZWQg44OX44Ot44OG44Kv44K344On44OzIOODrOODg+ODiSDplbflgpgg44Os44OH44Kj44O844K5IOOBi+OBlSBGVUxUT04g44OX44Os44K844Oz44OIIOOCruODleODiA==[rn]
15-197332,aHR0cDovL3RzaG9wLnIxMHMuanAvY2xvemVzdC9jYWJpbmV0LzAxMzgxOTcyL2Z1bHRvbmVsbGFqb3VsZXMvZnVsdG9ubDM1NGZsYW1lbmNvZC5qcGc/Zml0aW49NzAwOjcwMA==,MzQ1Ni4wMDAw,,44OQ44OD44Kw44O75bCP54mp44O744OW44Op44Oz44OJ6ZuR6LKoID4g5YKYID4g44Os44OH44Kj44O844K56Zuo5YKY,RlVMVE9OIOWCmCDmipjjgorjgZ/jgZ/jgb/lgpgg44Ki44Oz44OW44Os44OpIE1pbmlsaXRlIOOAkOmAgeaWmeeEoeaWmeOAkSDjg5Xjg6vjg4jjg7Mg44Os44OH44Kj44O844K5IOWls+aApyDoi7Hlm73njovlrqTlvqHnlKjpgZQg44Of44OL44Op44Kk44OIIOODleODqeODoeODs+OCsyDmiYflrZAgRm9sZGluZyBVbWJyZWxsYSDjgYvjgZUg44Oi44OD44K6IOODleOCoeODg+OCt+ODp+ODsyDjgqTjgq7jg6rjgrkg44Ot44Oz44OJ44OzIGZ1bHRvbmwzNTRmbGFtZW5jbyDjg5fjg6zjgrzjg7Pjg4gg44Ku44OV44OI,,44Ku44OV44OI5YyF6KOF54Sh5paZ44Gn44GZIDxicj48YnI+PGNlbnRlcj48aW1nIHdpZHRoPSIxMDAlIiBib3JkZXI9IjAic3JjPSJodHRwOi8vaW1hZ2UucmFrdXRlbi5jby5qcC9jbG96ZXN0L2NhYmluZXQvMDEzODE5NzIvZnVsdG9uZWxsYWpvdWxlcy9mdWx0b25sMzU0ZmxhbWVuY29kLmpwZyI+CjxpbWcgd2lkdGg9IjEwMCUiIGJvcmRlcj0iMCJzcmM9Imh0dHA6Ly9pbWFnZS5yYWt1dGVuLmNvLmpwL2Nsb3plc3QvY2FiaW5ldC8wMTM4MTk3Mi9mdWx0b25lbGxham91bGVzL2Z1bHRvbmwzNTRmbGFtZW5jb2UuanBnIj4KPGJyPgo8YnI+5Li444G/44KS5biv44Gz44Gf44OV44Kp44Or44Og44GM576O44GX44GECjxicj5GdWx0b24g44OV44Or44OI44Oz44Gu5oqY44KK44Gf44Gf44G/5YKYTWluaWxpdGXjga4KPGJyPuODleODqeODoeODs+OCs+OBp+OBmeOAggo8YnI+Cjxicj7mmI7jgovjgoHjgarjgrnjgqvjgqTjg5bjg6vjg7zjgavlhKrpm4XjgacKPGJyPuS4iuWTgeOBquODleODqeODoeODs+OCs+ODh+OCtuOCpOODs+OBjAo8YnI+44Ki44Kv44K744Oz44OI44Gr44Gq44Gj44Gm44GE44G+44GZ44CCCjxicj4KPGJyPuODleODrOODvOODoOOBr+OCguOBoeOCjeOCk+iAkOS5heaAp+OBq+OBk+OBoOOCj+OBo+OBn+S7leanmOOAggo8YnI+44Kq44O844Or44Op44Km44Oz44OJ44Gr5L2/55So44GE44Gf44Gg44GR44G+44GZ44CCCjxicj7msbrjgZfjgablronjgaPjgb3jgY/jgarjgonjgarjgYTjg5fjg6rjg7Pjg4jjgarjga7jgacKPGJyPuWwkeOBl+ODquODg+ODgeOBquOBiuWHuuOBi+OBkeOBq+OCguKXjgo8YnI+Cjxicj7oh6rliIbnlKjjga/li7/oq5bjga7jgZPjgajjgIHjg5fjg6zjgrzjg7Pjg4jjgavjgoIKPGJyPuOBiuOCueOCueODoeOBruOCouOCpOODhuODoOOBp+OBmeOAggo8YnI+Cjxicj7llYblk4HlkI06ZnVsdG9ubDM1NAo8YnI+Cjxicj7jg4fjgrbjgqTjg7M644OV44Op44Oh44Oz44KzCjxicj4KPGJyPue0oOadkDog44Od44Oq44Ko44K544OG44OrIDEwMCUKPGJyPgo8YnI+55Wz44KT44Gg54q25oWLOjI1Y20KPGJyPumWi+OBhOOBn+eKtuaFizrnm7TlvoQ5M2NtCjxicj4K44CQ5YWo5Zu95LiA5b6L6YCB5paZ54Sh5paZ44CRPGJyPgo8YnI+CjwvY2VudGVyPiDjgJBzbXRiLVRL44CRCjxjZW50ZXI+CgpVSyDjg6Ljg4Pjgrrjg5XjgqHjg4Pjgrfjg6fjg7Pjgrvjg6zjgq/jg4jjgrfjg6fjg4Pjg5c8YnI+CkFCQkVZIENMT1pFU1Q8YnI+CuOCouODk+ODvOOCr+ODreODvOOCvOOCueODiDxicj4K44GK5bqX44OI44OD44OXCjwvY2VudGVyPgo8YnI+,RlVMVE9OIOWCmCDmipjjgorjgZ/jgZ/jgb/lgpgg44Ki44Oz44OW44Os44OpIE1pbmlsaXRlIOOAkOmAgeaWmeeEoeaWmeOAkSDjg5Xjg6vjg4jjg7Mg44Os44OH44Kj44O844K5IOWls+aApyDoi7Hlm73njovlrqTlvqHnlKjpgZQg44Of44OL44Op44Kk44OIIOODleODqeODoeODs+OCsyDmiYflrZAgRm9sZGluZyBVbWJyZWxsYSDjgYvjgZUg44Oi44OD44K6IOODleOCoeODg+OCt+ODp+ODsyDjgqTjgq7jg6rjgrkg44Ot44Oz44OJ44OzIGZ1bHRvbmwzNTRmbGFtZW5jbyDjg5fjg6zjgrzjg7Pjg4gg44Ku44OV44OI77yaQ0xPWkVTVCDjg6Ljg4Pjgrrjg6Hjg7Pjgrrjg6zjg4fjgqPjg7zjgrk=,6YCa5L+h6LKp5aOy6YCa6LKp44K344On44OD44OU44Oz44Kw44Kq44Oz44Op44Kk44Oz44K344On44OD44OU44Oz44Kw6LK344GE54mp44OX44Os44K844Oz44OI44Ku44OV44OI6LSI44KK54mp6LSI562U5ZOB44GK5Lit5YWD44GK5q2z5pqu44GK6LK344GE5b6X44OV44Os44OD44OJ44Oa44Oq44O8RnJlZCBQZXJyeUJlbiBTaGVybWFu44OZ44Oz44K344Oj44O844Oe44Oz44Oh44Or44KvbWVyY+ODleODq+ODiOODs0Z1bHRvbuODreODvOOCr0xvYWtl44K444On44Oz44K544OI44Oz44K644Oi44OD44K644OV44Kh44OD44K344On44Oz44OE44Kk44O844OJ44Of44Or44Oi44OD44K65YKY44Os44OH44Kj44O844K544Oh44Oz44K66YCa6LKp44OQ44Op44Kv44O844K/44OQ44OW44Ki44O8RlVMVE9OIOWCmCDmipjjgorjgZ/jgZ/jgb/lgpgg44Ki44Oz44OW44Os44OpIE1pbmlsaXRlIOOAkOmAgeaWmeeEoeaWmeOAkSDjg5Xjg6vjg4jjg7Mg44Os44OH44Kj44O844K5IOWls+aApyDoi7Hlm73njovlrqTlvqHnlKjpgZQg44Of44OL44Op44Kk44OIIOODleODqeODoeODs+OCsyDmiYflrZAgRm9sZGluZyBVbWJyZWxsYSDjgYvjgZUg44Oi44OD44K6IOODleOCoeODg+OCt+ODp+ODsyDjgqTjgq7jg6rjgrkg44Ot44Oz44OJ44OzIGZ1bHRvbmwzNTRmbGFtZW5jbyDjg5fjg6zjgrzjg7Pjg4gg44Ku44OV44OI,44OV44Or44OI44OzIEZVTFRPTiDlgpgg6Iux5Zu9546L5a6k5b6h55So6YGU44CCRlVMVE9OIOWCmCDmipjjgorjgZ/jgZ/jgb/lgpgg44Ki44Oz44OW44Os44OpIE1pbmlsaXRlIOOAkOmAgeaWmeeEoeaWmeOAkSDjg5Xjg6vjg4jjg7Mg44Os44OH44Kj44O844K5IOWls+aApyDoi7Hlm73njovlrqTlvqHnlKjpgZQg44Of44OL44Op44Kk44OIIOODleODqeODoeODs+OCsyDmiYflrZAgRm9sZGluZyBVbWJyZWxsYSDjgYvjgZUg44Oi44OD44K6IOODleOCoeODg+OCt+ODp+ODsyDjgqTjgq7jg6rjgrkg44Ot44Oz44OJ44OzIGZ1bHRvbmwzNTRmbGFtZW5jbyDjg5fjg6zjgrzjg7Pjg4gg44Ku44OV44OI[rn]
15-197333,aHR0cDovL3RzaG9wLnIxMHMuanAvY2xvemVzdC9jYWJpbmV0LzAxMzgxOTcyL2Z1bHRvbmVsbGFqb3VsZXMvZnVsdG9ubDc3NnN0YXJwcGlua2QuanBnP2ZpdGluPTcwMDo3MDA=,NTE4NC4wMDAw,,44OQ44OD44Kw44O75bCP54mp44O744OW44Op44Oz44OJ6ZuR6LKoID4g5YKYID4g44Os44OH44Kj44O844K56Zuo5YKY,44CQ5YKYIOODrOODh+OCo+ODvOOCueOAkeODleODq+ODiOODsyBGVUxUT04gS2Vuc2luZ3RvbiBTdGFyIOODmuODvOODq+ODlOODs+OCryDplbflgpgg44GK44GX44KD44KMIOWCmCDjg6zjg4fjgqPjg7zjgrkg6Iux5Zu9546L5a6k5b6h55So6YGUIOOBi+OBlSDlgpgg44Os44OH44Kj44O844K5IOODleODq+ODiOODsyDjg5fjg6zjgrzjg7Pjg4gg44Ku44OV44OI,,44Ku44OV44OI5YyF6KOF54Sh5paZ44Gn44GZIDxicj48YnI+PGNlbnRlcj4KPGltZyB3aWR0aD0iMTAwJSIgYm9yZGVyPSIwInNyYz0iaHR0cDovL2ltYWdlLnJha3V0ZW4uY28uanAvY2xvemVzdC9jYWJpbmV0LzAxMzgxOTcyL2Z1bHRvbmVsbGFqb3VsZXMvZnVsdG9ubDc3NnN0YXJsaXBkLmpwZyI+Cgo8aW1nIHdpZHRoPSIxMDAlIiBib3JkZXI9IjAic3JjPSJodHRwOi8vaW1hZ2UucmFrdXRlbi5jby5qcC9jbG96ZXN0L2NhYmluZXQvMDEzODE5NzIvZnVsdG9uZWxsYWpvdWxlcy9mdWx0b25sNzc2c3RhcmUuanBnIj4KCjxpbWcgd2lkdGg9IjEwMCUiIGJvcmRlcj0iMCJzcmM9Imh0dHA6Ly9pbWFnZS5yYWt1dGVuLmNvLmpwL2Nsb3plc3QvY2FiaW5ldC8wMTM4MTk3Mi9mdWx0b25lbGxham91bGVzL2Z1bHRvbmw3NzZzdGFybGlwZi5qcGciPgo8YnI+CkZ1bHRvbiDjg5Xjg6vjg4jjg7Pjga5LZW5zaW5ndG9uIOOCseODs+OCuOODs+ODiOODsyDjgrnjgr/jg7zjgafjgZnjgII8YnI+Cjxicj4K6ZaL44GP44Go55u05b6EMTAwY23jgavjgoLjgarjgovlpKfjgY3jgarkvZzjgorjgII8YnI+CumbqOOBq+a/oeOCjOOBq+OBj+OBj+OAgeW8t+miqOOBq+OCguW8t+OBhOOBp+OBmeOAgjxicj4KPGJyPuS4iuWTgeOBp+aflOOCieOBi+OBquODlOODs+OCr+OCkuODmeODvOOCueOBqwo8YnI+44K544K/44O844OH44K244Kk44Oz44Gu44Kt44Oj44OO44OU44O844GrCjxicj7kuIrlk4Hjgaflj6/mhJvjgonjgZfjgYTjg6rjg5zjg7PjgYzjg4fjgrbjgqTjg7PjgII8YnI+Cjxicj4K44Km44OD44OJ6Kq/44Gu44OP44Oz44OJ44Or44GM44Ki44Kv44K744Oz44OI44Gr44Gq44Gj44Gm44GK44KKPGJyPgrplonjgZjjgabjgYTjgovjgajjgY3jgIHlgpjnq4vjgabjgavmjL/jgZfjgabjgYTjgovjgajjgY3jgoI8YnI+CuiPr+OChOOBi+OBleOCkua8lOWHuuOBl+OBvuOBmeOAgjxicj4KPGJyPgrllYblk4HlkI06IGZ1bHRvbmw3NzY8YnI+CuODh+OCtuOCpOODszrjg5Tjg7Pjgq88YnI+Cue0oOadkDog44Od44Oq44Ko44K544OG44OrIDEwMCU8YnI+Cjxicj4K44K144Kk44K6OumWi+OBhOOBn+eKtuaFiyDnm7TlvoQgMTAwY208YnI+CumVt+OBlTo4OS41Y208YnI+CumHjemHjzozOTBnPGJyPgo8YnI+Cjxicj4K44CQ5YWo5Zu95LiA5b6L6YCB5paZ54Sh5paZ44CRPGJyPgo8YnI+CjwvY2VudGVyPgo8Y2VudGVyPgo8YnI+CktlbnNpbmd0b24g5LiA6Kan44Gv44GT44Gh44KJ77yBPGJyPgo8YnI+CuODrOODh+OCo+ODvOOCuSDjgrnjgr/jg7Pjg4Djg7zjg4nlgpgg5LiA6Kan44Gv44GT44Gh44KJ77yBPGJyPgo8L2NlbnRlcj4=,44CQ5YKYIOODrOODh+OCo+ODvOOCueOAkeODleODq+ODiOODsyBGVUxUT04gS2Vuc2luZ3RvbiBTdGFyIOODmuODvOODq+ODlOODs+OCryDplbflgpgg44GK44GX44KD44KMIOWCmCDjg6zjg4fjgqPjg7zjgrkg6Iux5Zu9546L5a6k5b6h55So6YGUIOOBi+OBlSDlgpgg44Os44OH44Kj44O844K5IOODleODq+ODiOODsyDjg5fjg6zjgrzjg7Pjg4gg44Ku44OV44OI77yaQ0xPWkVTVCDjg6Ljg4Pjgrrjg6Hjg7Pjgrrjg6zjg4fjgqPjg7zjgrk=,6YCa5L+h6LKp5aOy6YCa6LKp44K344On44OD44OU44Oz44Kw44Kq44Oz44Op44Kk44Oz44K344On44OD44OU44Oz44Kw6LK344GE54mp44OX44Os44K844Oz44OI44Ku44OV44OI6LSI44KK54mp6LSI562U5ZOB44GK5Lit5YWD44GK5q2z5pqu44GK6LK344GE5b6X44OV44Os44OD44OJ44Oa44Oq44O8RnJlZCBQZXJyeUJlbiBTaGVybWFu44OZ44Oz44K344Oj44O844Oe44Oz44Oh44Or44KvbWVyY+ODleODq+ODiOODs0Z1bHRvbuODreODvOOCr0xvYWtl44K444On44Oz44K544OI44Oz44K644Oi44OD44K644OV44Kh44OD44K344On44Oz44OE44Kk44O844OJ44Of44Or44Oi44OD44K65YKY44Os44OH44Kj44O844K544Oh44Oz44K66YCa6LKp44OQ44Op44Kv44O844K/44OQ44OW44Ki44O844CQ5YKYIOODrOODh+OCo+ODvOOCueOAkeODleODq+ODiOODsyBGVUxUT04gS2Vuc2luZ3RvbiBTdGFyIOODmuODvOODq+ODlOODs+OCryDplbflgpgg44GK44GX44KD44KMIOWCmCDjg6zjg4fjgqPjg7zjgrkg6Iux5Zu9546L5a6k5b6h55So6YGUIOOBi+OBlSDlgpgg44Os44OH44Kj44O844K5IOODleODq+ODiOODsyDjg5fjg6zjgrzjg7Pjg4gg44Ku44OV44OI,6Iux5Zu9546L5a6k5b6h55So6YGUIOOAkOmAgeaWmeeEoeaWmeOAkUZVTFRPTiDlgpggIOmbkeiqjCDjgILjgJDlgpgg44Os44OH44Kj44O844K544CR44OV44Or44OI44OzIEZVTFRPTiBLZW5zaW5ndG9uIFN0YXIg44Oa44O844Or44OU44Oz44KvIOmVt+WCmCDjgYrjgZfjgoPjgowg5YKYIOODrOODh+OCo+ODvOOCuSDoi7Hlm73njovlrqTlvqHnlKjpgZQg44GL44GVIOWCmCDjg6zjg4fjgqPjg7zjgrkg44OV44Or44OI44OzIOODl+ODrOOCvOODs+ODiCDjgq7jg5Xjg4g=[rn]
15-197334,aHR0cDovL3RzaG9wLnIxMHMuanAvY2xvemVzdC9jYWJpbmV0LzAxMzgxOTcyL2Z1bHRvbmVsbGFqb3VsZXMvZnVsdG9ubDc1NHJvc2VnYXJkZC5qcGc/Zml0aW49NzAwOjcwMA==,NjQ4MC4wMDAw,,44OQ44OD44Kw44O75bCP54mp44O744OW44Op44Oz44OJ6ZuR6LKoID4g5YKYID4g44Os44OH44Kj44O844K56Zuo5YKY,44OV44Or44OI44OzIEZVTFRPTiDlgpgg44Os44OH44Kj44O844K5IEJsb29tc2J1cnkg6ZW35YKYIOWls+aAp+eUqCDjgYvjgZUg44Ot44O844K644Ks44O844OH44OzIOODl+ODrOOCvOODs+ODiCDjgq7jg5Xjg4g=,,44Ku44OV44OI5YyF6KOF54Sh5paZ44Gn44GZIDxicj48YnI+PGNlbnRlcj4KPGltZyB3aWR0aD0iMTAwJSIgYm9yZGVyPSIwInNyYz0iaHR0cDovL3d3dy5yYWt1dGVuLm5lLmpwL2dvbGQvY2xvemVzdC9mdWx0b24vZnVsdG9ubDc1NHJvc2VnYXJkZW5lLmpwZyI+Cgo8aW1nIHdpZHRoPSIxMDAlIiBib3JkZXI9IjAic3JjPSJodHRwOi8vd3d3LnJha3V0ZW4ubmUuanAvZ29sZC9jbG96ZXN0L2Z1bHRvbi9mdWx0b25sNzU0cm9zZWdhcmRlbmYuanBnIj4KPGJyPgo8YnI+Rmx0b24g44OV44Or44OI44Oz44GuCjxicj7jg5bjg6vjg7zjg6Djgrrjg5njg6rjg7zjg6Ljg4fjg6vjgafjgZnjgIIgCjxicj4KPGJyPuS4gOimi+OBmeOCi+OBqOeEoeWcsOOBruiQveOBoeedgOOBhOOBn+ODmeODvOOCueOBp+OBmeOBjOOAgQo8YnI+5YKY44KS6ZaL44GP44Go5LiK5ZOB44Gn6a6u44KE44GL44Gq6Imy5ZCI44GE44GuCjxicj7jg63jg7zjgrrjgYzjg4fjgrbjgqTjg7PjgIIKPGJyPuWGheWBtOOBruOCreODo+ODjuODlOODvOOBrzLph43jgavjgarjgaPjgabjgYrjgorjgIEKPGJyPumqqOe1hOOBv+OBjOmaoOOCjOOCi+S7leanmOOBq+OBquOBo+OBpuOBhOOBvuOBmeOAggo8YnI+6ZaL44GP44Go44Go44Gm44KC5aSn44GN44GE44Gu44GnCjxicj7ogqnlkajjgorjgarjganpm6jjgafmv6HjgozjgavjgY/jgY/jgarjgaPjgabjgYTjgb7jgZnjgIIKPGJyPuW8t+W6puOCkuWil+OBmeOBn+OCge+8kuOBpOOBrumLvOmJhOODleODrOODvOODoOOCkuS9v+eUqOOAggo8YnI+6aKo44Gr44KC5by344GE54m55q6K44Gq57Sg5p2Q44KS5L2/55So44GX44Gm44GK44KK44G+44GZ44CCCjxicj4KPGJyPuODnOOCv+ODs+OCkuaKvOOBmeOBqOiHquWLleOBp+mWi+OBj+OBruOBp+S+v+WIqeOBp+OBmeOAggo8YnI+44Ku44OV44OI44Gr44KC44GK44K544K544Oh44Gu44Ki44Kk44OG44Og44Gn44GZ44CCICAKPGJyPgo8YnI+5ZWG5ZOB5ZCNOmZ1bHRvbmw3NTRyb3NlZ2FyZGVuCjxicj4KPGJyPuOCq+ODqeODvDrjg63jg7zjgrrjgqzjg7zjg4fjg7MKPGJyPgo8YnI+57Sg5p2QOlBWQyAxMDAlCjxicj4KPGJyPuOAkOOCteOCpOOCuuOAkQo8YnI+6YeN6YePIDQ4M2cKPGJyPumVt+OBlTg0Y20KPGJyPuWCmOOBruebtOW+hDk0Y20KPGJyPgo8YnI+44K144Kk44K6OumWi+OBhOOBn+eKtuaFizrnm7TlvoQ5MmNtCjxicj4KPGJyPuOAkOWFqOWbveS4gOW+i+mAgeaWmeeEoeaWmeOAkQo8YnI+CjwvY2VudGVyPiAKPGNlbnRlcj4KPGJyPgrjg6zjg4fjgqPjg7zjgrkg44K544K/44Oz44OA44O844OJ5YKYIOS4gOimp+OBr+OBk+OBoeOCie+8gTxicj4KPGJyPgpGVUxUT04g5LiA6Kan44Gv44GT44Gh44KJ77yBPGJyPgo8L2NlbnRlcj4=,44OV44Or44OI44OzIEZVTFRPTiDlgpgg44Os44OH44Kj44O844K5IEJsb29tc2J1cnkg6ZW35YKYIOWls+aAp+eUqCDjgYvjgZUg44Ot44O844K644Ks44O844OH44OzIOODl+ODrOOCvOODs+ODiCDjgq7jg5Xjg4jvvJpDTE9aRVNUIOODouODg+OCuuODoeODs+OCuuODrOODh+OCo+ODvOOCuQ==,6YCa5L+h6LKp5aOy6YCa6LKp44K344On44OD44OU44Oz44Kw44Kq44Oz44Op44Kk44Oz44K344On44OD44OU44Oz44Kw6LK344GE54mp44OX44Os44K844Oz44OI44Ku44OV44OI6LSI44KK54mp6LSI562U5ZOB44GK5Lit5YWD44GK5q2z5pqu44GK6LK344GE5b6X44OV44Os44OD44OJ44Oa44Oq44O8RnJlZCBQZXJyeUJlbiBTaGVybWFu44OZ44Oz44K344Oj44O844Oe44Oz44Oh44Or44KvbWVyY+ODleODq+ODiOODs0Z1bHRvbuODreODvOOCr0xvYWtl44K444On44Oz44K544OI44Oz44K644Oi44OD44K644OV44Kh44OD44K344On44Oz44OE44Kk44O844OJ44Of44Or44Oi44OD44K65YKY44Os44OH44Kj44O844K544Oh44Oz44K66YCa6LKp44OQ44Op44Kv44O844K/44OQ44OW44Ki44O844OV44Or44OI44OzIEZVTFRPTiDlgpgg44Os44OH44Kj44O844K5IEJsb29tc2J1cnkg6ZW35YKYIOWls+aAp+eUqCDjgYvjgZUg44Ot44O844K644Ks44O844OH44OzIOODl+ODrOOCvOODs+ODiCDjgq7jg5Xjg4g=,44CQ6YCB5paZ54Sh5paZ44CRRlVMVE9OIOWCmCDjg5bjg6njg7Pjg4kg44CC44OV44Or44OI44OzIEZVTFRPTiDlgpgg44Os44OH44Kj44O844K5IEJsb29tc2J1cnkg6ZW35YKYIOWls+aAp+eUqCDjgYvjgZUg44Ot44O844K644Ks44O844OH44OzIOODl+ODrOOCvOODs+ODiCDjgq7jg5Xjg4g=[rn]
15-197335,aHR0cDovL3RzaG9wLnIxMHMuanAvY2xvemVzdC9jYWJpbmV0LzAxMzgxOTcyL2Z1bHRvbmVsbGFqb3VsZXMvZnVsdG9ubDc2OGxhZHliaXJkZGQuanBnP2ZpdGluPTcwMDo3MDA=,NjA0OC4wMDAw,,44OQ44OD44Kw44O75bCP54mp44O744OW44Op44Oz44OJ6ZuR6LKoID4g5YKYID4g44Os44OH44Kj44O844K56Zuo5YKY,44OV44Or44OI44OzIMOXIOOCreODo+OCueOCreODg+ODieOCveODsyDlgpgg44Of44OL44Op44Kk44OIIOODrOODh+OCo+ODvOODkOODvOODieODh+OCo+ODg+ODhOOCo+ODvCBGVUxUT04gw5cgQ2F0aCBLaWRzdG9uIOOCs+ODqeODnCDmipjjgorjgZ/jgZ/jgb8gTWluaWxpdGUg44Os44OH44Kj44O844K5IOODl+ODrOOCvOODs+ODiCDjgq7jg5Xjg4g=,,44Ku44OV44OI5YyF6KOF54Sh5paZ44Gn44GZIDxicj48YnI+PGNlbnRlcj4KPGltZyB3aWR0aD0iMTAwJSIgYm9yZGVyPSIwInNyYz0iaHR0cDovL3d3dy5yYWt1dGVuLm5lLmpwL2dvbGQvY2xvemVzdC9mdWx0b24vZnVsdG9ubDc2OGxhZHliaXJkZGl0c3lhMi5qcGciPgoKPGltZyB3aWR0aD0iMTAwJSIgYm9yZGVyPSIwInNyYz0iaHR0cDovL3d3dy5yYWt1dGVuLm5lLmpwL2dvbGQvY2xvemVzdC9mdWx0b24vZnVsdG9ubDc2OGxhZHliaXJkZGl0c3llLmpwZyI+Cjxicj4KPGJyPuOCpOOCruODquOCueS6uuODh+OCtuOCpOODiuODvAo8YnI+44Kt44Oj44K544O744Kt44OD44OJ44K944Oz77yIQ2F0aCBLaWRzdG9u77yJ44GoCjxicj5GVUxUT07npL7jgajjga7jgrPjg6njg5zjgqLjgqTjg4bjg6AKPGJyPkZ1bHRvbiDjg5Xjg6vjg4jjg7MgTUlOSUxJVEUg44Of44OL44Op44Kk44OICjxicj7jg6zjg4fjgqPjg7zjg5Djg7zjg4njg4fjgqPjg4Pjg4TjgqPjg7zjgafjgZnjgIIgCjxicj4KPGJyPuaKmOOCiuOBn+OBn+OBv+OBquOBjOOCiTk2Y23jgagKPGJyPumAmuW4uOOBruOCouODs+ODluODrOODqeOBq+i/q+OCi+W6g+OAheOBqOOBl+OBnwo8YnI+44Kt44Oj44OO44OU44O844GM54m55b6044Gn44GZ44CCCjxicj4KPGJyPgo8YnI+44GL44KP44GE44KJ44GX44GE5bCP6Iqx5p+E44GMCjxicj7jgq3jg6Pjgrnjg7vjgq3jg4Pjg4njgr3jg7PjgonjgZfjgYTjg4fjgrbjgqTjg7PjgIIKPGJyPuODleODrOODvOODoOOCguiAkOmiqOaAp+OBq+OBk+OBoOOCj+OBo+OBn+e0oOadkOOCkgo8YnI+5L2/55So44GZ44KL44Gq44Gp44CB44OV44Or44OI44Oz44Gu5YKY44Oh44O844Kr44O844Go44GX44Gm44GuCjxicj7jgZPjgaDjgo/jgorjgYzopovjgonjgozjgb7jgZnjgIIKPGJyPuOCruODleODiOOBq+OCguWkp+WkieWWnOOBsOOCjOOCi+S4gOWTgeOBp+OBmeOAggo8YnI+Cjxicj7llYblk4HlkI06IGZ1bHRvbmw3NjgKPGJyPgo8YnI+44OH44K244Kk44OzOuODrOODh+OCo+ODvOODkOODvOODieODh+OCo+ODg+ODhOOCo+ODvAo8YnI+Cjxicj7ntKDmnZA6UFZDIDEwMCUgCjxicj4KPGJyPuOAkOOCteOCpOOCuuOAkQo8YnI+6YeN6YePOjIyN2cKPGJyPueVs+OCk+OBoOeKtuaFizoyNWNtCjxicj7plovjgYTjgZ/nirbmhYs655u05b6EOTZjbSAKPGJyPgo8YnI+44CQ5YWo5Zu95LiA5b6L6YCB5paZ54Sh5paZ44CRCjxicj4KPC9jZW50ZXI+IAo8Y2VudGVyPgoKTWluaWxpdGUg5LiA6Kan44Gv44GT44Gh44KJ77yBCjxicj4KCuODrOODh+OCo+ODvOOCuSDmipjjgorjgZ/jgZ/jgb/lgpgg5LiA6Kan44Gv44GT44Gh44KJ77yBCjxicj4KRlVMVE9OIOS4gOimp+OBr+OBk+OBoeOCie+8gTxicj4KPC9jZW50ZXI+,44OV44Or44OI44OzICZ0aW1lczsg44Kt44Oj44K544Kt44OD44OJ44K944OzIOWCmCDjg5/jg4vjg6njgqTjg4gg44Os44OH44Kj44O844OQ44O844OJ44OH44Kj44OD44OE44Kj44O8IEZVTFRPTiAmdGltZXM7IENhdGggS2lkc3RvbiDjgrPjg6njg5wg5oqY44KK44Gf44Gf44G/IE1pbmlsaXRlIOODrOODh+OCo+ODvOOCuSDjg5fjg6zjgrzjg7Pjg4gg44Ku44OV44OI77yaQ0xPWkVTVCDjg6Ljg4Pjgrrjg6Hjg7Pjgrrjg6zjg4fjgqPjg7zjgrk=,6YCa5L+h6LKp5aOy6YCa6LKp44K344On44OD44OU44Oz44Kw44Kq44Oz44Op44Kk44Oz44K344On44OD44OU44Oz44Kw6LK344GE54mp44OX44Os44K844Oz44OI44Ku44OV44OI6LSI44KK54mp6LSI562U5ZOB44GK5Lit5YWD44GK5q2z5pqu44GK6LK344GE5b6X44OV44Os44OD44OJ44Oa44Oq44O8RnJlZCBQZXJyeUJlbiBTaGVybWFu44OZ44Oz44K344Oj44O844Oe44Oz44Oh44Or44KvbWVyY+ODleODq+ODiOODs0Z1bHRvbuODreODvOOCr0xvYWtl44K444On44Oz44K544OI44Oz44K644Oi44OD44K644OV44Kh44OD44K344On44Oz44OE44Kk44O844OJ44Of44Or44Oi44OD44K65YKY44Os44OH44Kj44O844K544Oh44Oz44K66YCa6LKp44OQ44Op44Kv44O844K/44OQ44OW44Ki44O844OV44Or44OI44OzICZ0aW1lczsg44Kt44Oj44K544Kt44OD44OJ44K944OzIOWCmCDjg5/jg4vjg6njgqTjg4gg44Os44OH44Kj44O844OQ44O844OJ44OH44Kj44OD44OE44Kj44O8IEZVTFRPTiAmdGltZXM7IENhdGggS2lkc3RvbiDjgrPjg6njg5wg5oqY44KK44Gf44Gf44G/IE1pbmlsaXRlIOODrOODh+OCo+ODvOOCuSDjg5fjg6zjgrzjg7Pjg4gg44Ku44OV44OI,6Iux5Zu9546L5a6k5b6h55So6YGUIEZVTFRPTiDjgJDpgIHmlpnnhKHmlpnjgJHlgpgg44OW44Op44Oz44OJIOOAguODleODq+ODiOODsyAmdGltZXM7IOOCreODo+OCueOCreODg+ODieOCveODsyDlgpgg44Of44OL44Op44Kk44OIIOODrOODh+OCo+ODvOODkOODvOODieODh+OCo+ODg+ODhOOCo+ODvCBGVUxUT04gJnRpbWVzOyBDYXRoIEtpZHN0b24g44Kz44Op44OcIOaKmOOCiuOBn+OBn+OBvyBNaW5pbGl0ZSDjg6zjg4fjgqPjg7zjgrkg44OX44Os44K844Oz44OIIOOCruODleODiA==[rn]
15-197336,aHR0cDovL3RzaG9wLnIxMHMuanAvY2xvemVzdC9jYWJpbmV0LzAxMzgxOTcyL2Z1bHRvbmVsbGFqb3VsZXMvZnVsdG9ubDc2OGd1YWFuZGZyaWQuanBnP2ZpdGluPTcwMDo3MDA=,NjA0OC4wMDAw,,44OQ44OD44Kw44O75bCP54mp44O744OW44Op44Oz44OJ6ZuR6LKoID4g5YKYID4g44Os44OH44Kj44O844K56Zuo5YKY,44OV44Or44OI44OzIMOXIOOCreODo+OCueOCreODg+ODieOCveODsyDlgpgg44Of44OL44Op44Kk44OIIOOCrOODvOODieOCouODs+ODieODleODrOODs+OCuiBGVUxUT04gw5cgQ2F0aCBLaWRzdG9uIOOCs+ODqeODnCDmipjjgorjgZ/jgZ/jgb8gTWluaWxpdGUg44Os44OH44Kj44O844K5IOODl+ODrOOCvOODs+ODiCDjgq7jg5Xjg4g=,,44Ku44OV44OI5YyF6KOF54Sh5paZ44Gn44GZIDxicj48YnI+PGNlbnRlcj4KPGltZyB3aWR0aD0iMTAwJSIgYm9yZGVyPSIwInNyYz0iaHR0cDovL3d3dy5yYWt1dGVuLm5lLmpwL2dvbGQvY2xvemVzdC9mdWx0b24vZnVsdG9ubDc2OGd1YXJkc2FuZGZyaWVuZHNhMi5qcGciPgoKPGltZyB3aWR0aD0iMTAwJSIgYm9yZGVyPSIwInNyYz0iaHR0cDovL3d3dy5yYWt1dGVuLm5lLmpwL2dvbGQvY2xvemVzdC9mdWx0b24vZnVsdG9ubDc2OGd1YXJkc2FuZGZyaWVuZHNlLmpwZyI+Cjxicj4KPGJyPuOCpOOCruODquOCueS6uuODh+OCtuOCpOODiuODvAo8YnI+44Kt44Oj44K544O744Kt44OD44OJ44K944Oz77yIQ2F0aCBLaWRzdG9u77yJ44GoCjxicj5GVUxUT07npL7jgajjga7jgrPjg6njg5zjgqLjgqTjg4bjg6AKPGJyPkZ1bHRvbiDjg5Xjg6vjg4jjg7MgTUlOSUxJVEUg44Of44OL44Op44Kk44OICjxicj7jgqzjg7zjg4njgqLjg7Pjg4njg5Xjg6zjg7PjgrrjgafjgZnjgIIgCjxicj4KPGJyPuaKmOOCiuOBn+OBn+OBv+OBquOBjOOCiTk2Y23jgagKPGJyPumAmuW4uOOBruOCouODs+ODluODrOODqeOBq+i/q+OCi+W6g+OAheOBqOOBl+OBnwo8YnI+44Kt44Oj44OO44OU44O844GM54m55b6044Gn44GZ44CCCjxicj4KPGJyPuOCpOOCruODquOCueOCieOBl+OBhOODh+OCtuOCpOODs+OBjAo8YnI+44Kr44Op44OV44Or44Gr5qW944GX44GP6YWN572u44GV44KMCjxicj7jgq3jg6Pjgrnjg7vjgq3jg4Pjg4njgr3jg7PjgonjgZfjgYTjg4fjgrbjgqTjg7PjgIIKPGJyPuODleODrOODvOODoOOCguiAkOmiqOaAp+OBq+OBk+OBoOOCj+OBo+OBn+e0oOadkOOCkgo8YnI+5L2/55So44GZ44KL44Gq44Gp44CB44OV44Or44OI44Oz44Gu5YKY44Oh44O844Kr44O844Go44GX44Gm44GuCjxicj7jgZPjgaDjgo/jgorjgYzopovjgonjgozjgb7jgZnjgIIKPGJyPuOCruODleODiOOBq+OCguWkp+WkieWWnOOBsOOCjOOCi+S4gOWTgeOBp+OBmeOAggo8YnI+Cjxicj7llYblk4HlkI06IGZ1bHRvbmw3NjgKPGJyPgo8YnI+44OH44K244Kk44OzOuOCrOODvOODieOCouODs+ODieODleODrOODs+OCugo8YnI+Cjxicj7ntKDmnZA6UFZDIDEwMCUgCjxicj4KPGJyPuOAkOOCteOCpOOCuuOAkQo8YnI+6YeN6YePOjIyN2cKPGJyPueVs+OCk+OBoOeKtuaFizoyNWNtCjxicj7plovjgYTjgZ/nirbmhYs655u05b6EOTZjbSAKPGJyPgo8YnI+44CQ5YWo5Zu95LiA5b6L6YCB5paZ54Sh5paZ44CRCjxicj4KPC9jZW50ZXI+IAo8Y2VudGVyPgoKTWluaWxpdGUg5LiA6Kan44Gv44GT44Gh44KJ77yBCjxicj4KCuODrOODh+OCo+ODvOOCuSDmipjjgorjgZ/jgZ/jgb/lgpgg5LiA6Kan44Gv44GT44Gh44KJ77yBCjxicj4KRlVMVE9OIOS4gOimp+OBr+OBk+OBoeOCie+8gTxicj4KPC9jZW50ZXI+,44OV44Or44OI44OzICZ0aW1lczsg44Kt44Oj44K544Kt44OD44OJ44K944OzIOWCmCDjg5/jg4vjg6njgqTjg4gg44Ks44O844OJ44Ki44Oz44OJ44OV44Os44Oz44K6IEZVTFRPTiAmdGltZXM7IENhdGggS2lkc3RvbiDjgrPjg6njg5wg5oqY44KK44Gf44Gf44G/IE1pbmlsaXRlIOODrOODh+OCo+ODvOOCuSDjg5fjg6zjgrzjg7Pjg4gg44Ku44OV44OI77yaQ0xPWkVTVCDjg6Ljg4Pjgrrjg6Hjg7Pjgrrjg6zjg4fjgqPjg7zjgrk=,6YCa5L+h6LKp5aOy6YCa6LKp44K344On44OD44OU44Oz44Kw44Kq44Oz44Op44Kk44Oz44K344On44OD44OU44Oz44Kw6LK344GE54mp44OX44Os44K844Oz44OI44Ku44OV44OI6LSI44KK54mp6LSI562U5ZOB44GK5Lit5YWD44GK5q2z5pqu44GK6LK344GE5b6X44OV44Os44OD44OJ44Oa44Oq44O8RnJlZCBQZXJyeUJlbiBTaGVybWFu44OZ44Oz44K344Oj44O844Oe44Oz44Oh44Or44KvbWVyY+ODleODq+ODiOODs0Z1bHRvbuODreODvOOCr0xvYWtl44K444On44Oz44K544OI44Oz44K644Oi44OD44K644OV44Kh44OD44K344On44Oz44OE44Kk44O844OJ44Of44Or44Oi44OD44K65YKY44Os44OH44Kj44O844K544Oh44Oz44K66YCa6LKp44OQ44Op44Kv44O844K/44OQ44OW44Ki44O844OV44Or44OI44OzICZ0aW1lczsg44Kt44Oj44K544Kt44OD44OJ44K944OzIOWCmCDjg5/jg4vjg6njgqTjg4gg44Ks44O844OJ44Ki44Oz44OJ44OV44Os44Oz44K6IEZVTFRPTiAmdGltZXM7IENhdGggS2lkc3RvbiDjgrPjg6njg5wg5oqY44KK44Gf44Gf44G/IE1pbmlsaXRlIOODrOODh+OCo+ODvOOCuSDjg5fjg6zjgrzjg7Pjg4gg44Ku44OV44OI,6Iux5Zu9546L5a6k5b6h55So6YGUIEZVTFRPTiDjgJDpgIHmlpnnhKHmlpnjgJHlgpgg44OW44Op44Oz44OJIOOAguODleODq+ODiOODsyAmdGltZXM7IOOCreODo+OCueOCreODg+ODieOCveODsyDlgpgg44Of44OL44Op44Kk44OIIOOCrOODvOODieOCouODs+ODieODleODrOODs+OCuiBGVUxUT04gJnRpbWVzOyBDYXRoIEtpZHN0b24g44Kz44Op44OcIOaKmOOCiuOBn+OBn+OBvyBNaW5pbGl0ZSDjg6zjg4fjgqPjg7zjgrkg44OX44Os44K844Oz44OIIOOCruODleODiA==[rn]
15-197337,aHR0cDovL3RzaG9wLnIxMHMuanAvY2xvemVzdC9jYWJpbmV0LzAxMzgxOTcyL2Z1bHRvbmVsbGFqb3VsZXMvZnVsdG9ubDc2OGNmbG93ZXJzZC5qcGc/Zml0aW49NzAwOjcwMA==,NjA0OC4wMDAw,,44OQ44OD44Kw44O75bCP54mp44O744OW44Op44Oz44OJ6ZuR6LKoID4g5YKYID4g44Os44OH44Kj44O844K56Zuo5YKY,44OV44Or44OI44OzIMOXIOOCreODo+OCueOCreODg+ODieOCveODsyDlgpgg44Of44OL44Op44Kk44OIIOOCreODo+ODs+ODh+OCo+ODvOODleODqeODr+ODvOOCuiBGVUxUT04gw5cgQ2F0aCBLaWRzdG9uIOOCs+ODqeODnCDmipjjgorjgZ/jgZ/jgb8gTWluaWxpdGUg44Os44OH44Kj44O844K5IOODl+ODrOOCvOODs+ODiCDjgq7jg5Xjg4g=,,44Ku44OV44OI5YyF6KOF54Sh5paZ44Gn44GZIDxicj48YnI+PGNlbnRlcj4KPGltZyB3aWR0aD0iMTAwJSIgYm9yZGVyPSIwInNyYz0iaHR0cDovL3d3dy5yYWt1dGVuLm5lLmpwL2dvbGQvY2xvemVzdC9mdWx0b24vZnVsdG9ubDc2OGNhbmR5Zmxvd2Vyc2EyLmpwZyI+Cgo8aW1nIHdpZHRoPSIxMDAlIiBib3JkZXI9IjAic3JjPSJodHRwOi8vd3d3LnJha3V0ZW4ubmUuanAvZ29sZC9jbG96ZXN0L2Z1bHRvbi9mdWx0b25sNzY4Y2FuZHlmbG93ZXJzZS5qcGciPgo8YnI+Cjxicj7jgqTjgq7jg6rjgrnkurrjg4fjgrbjgqTjg4rjg7wKPGJyPuOCreODo+OCueODu+OCreODg+ODieOCveODs++8iENhdGggS2lkc3Rvbu+8ieOBqAo8YnI+RlVMVE9O56S+44Go44Gu44Kz44Op44Oc44Ki44Kk44OG44OgCjxicj5GdWx0b24g44OV44Or44OI44OzIE1JTklMSVRFIOODn+ODi+ODqeOCpOODiAo8YnI+44Kt44Oj44Oz44OH44Kj44O844OV44Op44Ov44O844Gn44GZ44CCIAo8YnI+Cjxicj7mipjjgorjgZ/jgZ/jgb/jgarjgYzjgok5NmNt44GoCjxicj7pgJrluLjjga7jgqLjg7Pjg5bjg6zjg6njgavov6vjgovluoPjgIXjgajjgZfjgZ8KPGJyPuOCreODo+ODjuODlOODvOOBjOeJueW+tOOBp+OBmeOAggo8YnI+Cjxicj7jg4rjg4Hjg6Xjg6njg6vjgarjg5njg7zjgrjjg6XjgpLjg5njg7zjgrnjgasKPGJyPuiPr+OChOOBi+OBquiKseafhOOBjAo8YnI+44Kt44Oj44K544O744Kt44OD44OJ44K944Oz44KJ44GX44GE44OH44K244Kk44Oz44CCCjxicj7jg5Xjg6zjg7zjg6DjgoLogJDpoqjmgKfjgavjgZPjgaDjgo/jgaPjgZ/ntKDmnZDjgpIKPGJyPuS9v+eUqOOBmeOCi+OBquOBqeOAgeODleODq+ODiOODs+OBruWCmOODoeODvOOCq+ODvOOBqOOBl+OBpuOBrgo8YnI+44GT44Gg44KP44KK44GM6KaL44KJ44KM44G+44GZ44CCCjxicj7jgq7jg5Xjg4jjgavjgoLlpKflpInllpzjgbDjgozjgovkuIDlk4HjgafjgZnjgIIKPGJyPgo8YnI+5ZWG5ZOB5ZCNOiBmdWx0b25sNzY4Cjxicj4KPGJyPuODh+OCtuOCpOODszrjgq3jg6Pjg7Pjg4fjgqPjg7zjg5Xjg6njg6/jg7zjgroKPGJyPgo8YnI+57Sg5p2QOlBWQyAxMDAlIAo8YnI+Cjxicj7jgJDjgrXjgqTjgrrjgJEKPGJyPumHjemHjzoyMjdnCjxicj7nlbPjgpPjgaDnirbmhYs6MjVjbQo8YnI+6ZaL44GE44Gf54q25oWLOuebtOW+hDk2Y20gCjxicj4KPGJyPuOAkOWFqOWbveS4gOW+i+mAgeaWmeeEoeaWmeOAkQo8YnI+CjwvY2VudGVyPiAKPGNlbnRlcj4KCk1pbmlsaXRlIOS4gOimp+OBr+OBk+OBoeOCie+8gQo8YnI+Cgrjg6zjg4fjgqPjg7zjgrkg5oqY44KK44Gf44Gf44G/5YKYIOS4gOimp+OBr+OBk+OBoeOCie+8gQo8YnI+CkZVTFRPTiDkuIDopqfjga/jgZPjgaHjgonvvIE8YnI+CjwvY2VudGVyPg==,44OV44Or44OI44OzICZ0aW1lczsg44Kt44Oj44K544Kt44OD44OJ44K944OzIOWCmCDjg5/jg4vjg6njgqTjg4gg44Kt44Oj44Oz44OH44Kj44O844OV44Op44Ov44O844K6IEZVTFRPTiAmdGltZXM7IENhdGggS2lkc3RvbiDjgrPjg6njg5wg5oqY44KK44Gf44Gf44G/IE1pbmlsaXRlIOODrOODh+OCo+ODvOOCuSDjg5fjg6zjgrzjg7Pjg4gg44Ku44OV44OI77yaQ0xPWkVTVCDjg6Ljg4Pjgrrjg6Hjg7Pjgrrjg6zjg4fjgqPjg7zjgrk=,6YCa5L+h6LKp5aOy6YCa6LKp44K344On44OD44OU44Oz44Kw44Kq44Oz44Op44Kk44Oz44K344On44OD44OU44Oz44Kw6LK344GE54mp44OX44Os44K844Oz44OI44Ku44OV44OI6LSI44KK54mp6LSI562U5ZOB44GK5Lit5YWD44GK5q2z5pqu44GK6LK344GE5b6X44OV44Os44OD44OJ44Oa44Oq44O8RnJlZCBQZXJyeUJlbiBTaGVybWFu44OZ44Oz44K344Oj44O844Oe44Oz44Oh44Or44KvbWVyY+ODleODq+ODiOODs0Z1bHRvbuODreODvOOCr0xvYWtl44K444On44Oz44K544OI44Oz44K644Oi44OD44K644OV44Kh44OD44K344On44Oz44OE44Kk44O844OJ44Of44Or44Oi44OD44K65YKY44Os44OH44Kj44O844K544Oh44Oz44K66YCa6LKp44OQ44Op44Kv44O844K/44OQ44OW44Ki44O844OV44Or44OI44OzICZ0aW1lczsg44Kt44Oj44K544Kt44OD44OJ44K944OzIOWCmCDjg5/jg4vjg6njgqTjg4gg44Kt44Oj44Oz44OH44Kj44O844OV44Op44Ov44O844K6IEZVTFRPTiAmdGltZXM7IENhdGggS2lkc3RvbiDjgrPjg6njg5wg5oqY44KK44Gf44Gf44G/IE1pbmlsaXRlIOODrOODh+OCo+ODvOOCuSDjg5fjg6zjgrzjg7Pjg4gg44Ku44OV44OI,6Iux5Zu9546L5a6k5b6h55So6YGUIEZVTFRPTiDjgJDpgIHmlpnnhKHmlpnjgJHlgpgg44OW44Op44Oz44OJIOOAguODleODq+ODiOODsyAmdGltZXM7IOOCreODo+OCueOCreODg+ODieOCveODsyDlgpgg44Of44OL44Op44Kk44OIIOOCreODo+ODs+ODh+OCo+ODvOODleODqeODr+ODvOOCuiBGVUxUT04gJnRpbWVzOyBDYXRoIEtpZHN0b24g44Kz44Op44OcIOaKmOOCiuOBn+OBn+OBvyBNaW5pbGl0ZSDjg6zjg4fjgqPjg7zjgrkg44OX44Os44K844Oz44OIIOOCruODleODiA==[rn]
15-197338,aHR0cDovL3RzaG9wLnIxMHMuanAvY2xvemVzdC9jYWJpbmV0LzAxMzgxOTcyL2Z1bHRvbmVsbGFqb3VsZXMvZnVsdG9ubDc3OW1yd2F0ZXJkLmpwZz9maXRpbj03MDA6NzAw,NjA0OC4wMDAw,,44OQ44OD44Kw44O75bCP54mp44O744OW44Op44Oz44OJ6ZuR6LKoID4g5YKYID4g44Os44OH44Kj44O844K56Zuo5YKY,44OV44Or44OI44OzIEZVTFRPTiDlgpgg44K544O844OR44O844Op44Kk44OIIOODnuOCuOODg+OCr+ODreODvOOCuuOCpuOCqeODvOOCv+ODvCDmipjjgorjgZ/jgZ/jgb/lgpgg6Iux5Zu9546L5a6k5b6h55So6YGUIOODrOODh+OCo+ODvOOCuSDjg5fjg6zjgrzjg7Pjg4gg44Ku44OV44OI,,44Ku44OV44OI5YyF6KOF54Sh5paZ44Gn44GZIDxicj48YnI+PGNlbnRlcj4KPGltZyB3aWR0aD0iMTAwJSIgYm9yZGVyPSIwInNyYz0iaHR0cDovL3d3dy5yYWt1dGVuLm5lLmpwL2dvbGQvY2xvemVzdC9mdWx0b24vZnVsdG9ubDc3OW1hZ2ljcm9zZXdhdGVyYTIuanBnIj4KCjxpbWcgd2lkdGg9IjEwMCUiIGJvcmRlcj0iMCJzcmM9Imh0dHA6Ly93d3cucmFrdXRlbi5uZS5qcC9nb2xkL2Nsb3plc3QvZnVsdG9uL2Z1bHRvbmw3NzltYWdpY3Jvc2V3YXRlcmUuanBnIj4KPGJyPgo8YnI+Rmx0b24g44OV44Or44OI44Oz44GuU3VwZXIgTGl0ZeODouODh+ODq+OBp+OBmeOAggo8YnI+6YeN44GVMjI5Z+OBrui7vemHj+OBp+OCs+ODs+ODkeOCr+ODiOOCteOCpOOCuuOBq+OCgumWouOCj+OCieOBmuOAgQo8YnI+44Kq44O844OX44Oz5pmCOTdjbeOBruW6g+OBleOCkuOCq+ODkOODvOOBl+OBpuOBvuOBmeOAggo8YnI+Cjxicj7ou73ph4/mhJ/jgpLph43oppbjgZfjgZ/kvZzjgorjgavjgarjgaPjgabjgYTjgabjgIEKPGJyPumWi+OBj+OBqOWkp+OBjeOBhOOBruOBp+iCqeWRqOOCiuOBjOmbqOOBp+a/oeOCjOOBq+OBj+OBhOOBp+OBmeOAggo8YnI+5oqY44KK44Gf44Gf44KA44Go44GL44GV5by144KJ44GaCjxicj7jg5Djg4PjgrDjgavjgZnjgaPjgb3jgorjgajlhaXjgorjgIHlj47ntI3jgoLkvr/liKnjgIIKPGJyPuS5vuOBhOOBn+eKtuaFi+OBoOOBqOOCt+ODg+OCr+OBquODouODjuOCr+ODreODh+OCtuOCpOODsywKPGJyPuawtOOBq+a/oeOCjOOCi+OBqOOCq+ODqeODleODq+OBquOCq+ODqeODvOOBjOa1ruOBjeWHuuOBpuOBjeOBvuOBmeOAggo8YnI+6YGK44Gz5b+D44Gu44GC44KL5LuV5qeY44KE5Y+v5oSb44KJ44GX44GE44OH44K244Kk44Oz44GM54m55b6055qE44Gn44GZ44CCCjxicj4KPGJyPuW8t+W6puOCkuS4iuOBkuOCi+OBn+OCgeOBq+e5iue2reOCrOODqeOCueOBjAo8YnI+5L2/55So44GV44KM44Gm44GE44Gm5qmf6IO95oCn44KC44OQ44OE44Kw44Oz44CCCjxicj7lvLfpoqjjgavjgoLlvLfjgYTnibnmrorjgarntKDmnZDjgpLkvb/nlKjjgZfjgabjgYrjgorjgb7jgZnjgIIKPGJyPuiHquWIhueUqOOBr+WLv+irluOBruOBk+OBqOOAgeODl+ODrOOCvOODs+ODiOOBq+OCggo8YnI+44GK44K544K544Oh44Gu44Ki44Kk44OG44Og44Gn44GZ44CCCjxicj4KPGJyPuWVhuWTgeWQjTpmdWx0b25sNzc5bWFnaWNyb3Nld2F0ZXIKPGJyPgo8YnI+44Kr44Op44O8OuODnuOCuOODg+OCr+ODreODvOOCuuOCpuOCqeODvOOCv+ODvAo8YnI+Cjxicj7ntKDmnZA644Od44Oq44Ko44K544OG44OrIDEwMCUKPGJyPgo8YnI+44CQ44K144Kk44K644CRCjxicj7ph43ph48gMjI5Zwo8YnI+55Wz44KT44Gg54q25oWLIOWFqOmVtzoyNWNtCjxicj7plovjgYTjgZ/nirbmhYs655u05b6EOTdjbQo8YnI+Cjxicj7jgJDlhajlm73kuIDlvovpgIHmlpnnhKHmlpnjgJEKPGJyPgo8L2NlbnRlcj4gCjxjZW50ZXI+CgpNaW5pbGl0ZSDkuIDopqfjga/jgZPjgaHjgonvvIEKPGJyPgoK44Os44OH44Kj44O844K5IOaKmOOCiuOBn+OBn+OBv+WCmCDkuIDopqfjga/jgZPjgaHjgonvvIEKPGJyPgpGVUxUT04g5LiA6Kan44Gv44GT44Gh44KJ77yBPGJyPgo8L2NlbnRlcj4=,44OV44Or44OI44OzIEZVTFRPTiDlgpgg44K544O844OR44O844Op44Kk44OIIOODnuOCuOODg+OCr+ODreODvOOCuuOCpuOCqeODvOOCv+ODvCDmipjjgorjgZ/jgZ/jgb/lgpgg6Iux5Zu9546L5a6k5b6h55So6YGUIOODrOODh+OCo+ODvOOCuSDjg5fjg6zjgrzjg7Pjg4gg44Ku44OV44OI77yaQ0xPWkVTVCDjg6Ljg4Pjgrrjg6Hjg7Pjgrrjg6zjg4fjgqPjg7zjgrk=,6YCa5L+h6LKp5aOy6YCa6LKp44K344On44OD44OU44Oz44Kw44Kq44Oz44Op44Kk44Oz44K344On44OD44OU44Oz44Kw6LK344GE54mp44OX44Os44K844Oz44OI44Ku44OV44OI6LSI44KK54mp6LSI562U5ZOB44GK5Lit5YWD44GK5q2z5pqu44GK6LK344GE5b6X44OV44Os44OD44OJ44Oa44Oq44O8RnJlZCBQZXJyeUJlbiBTaGVybWFu44OZ44Oz44K344Oj44O844Oe44Oz44Oh44Or44KvbWVyY+ODleODq+ODiOODs0Z1bHRvbuODreODvOOCr0xvYWtl44K444On44Oz44K544OI44Oz44K644Oi44OD44K644OV44Kh44OD44K344On44Oz44OE44Kk44O844OJ44Of44Or44Oi44OD44K65YKY44Os44OH44Kj44O844K544Oh44Oz44K66YCa6LKp44OQ44Op44Kv44O844K/44OQ44OW44Ki44O844OV44Or44OI44OzIEZVTFRPTiDlgpgg44K544O844OR44O844Op44Kk44OIIOODnuOCuOODg+OCr+ODreODvOOCuuOCpuOCqeODvOOCv+ODvCDmipjjgorjgZ/jgZ/jgb/lgpgg6Iux5Zu9546L5a6k5b6h55So6YGUIOODrOODh+OCo+ODvOOCuSDjg5fjg6zjgrzjg7Pjg4gg44Ku44OV44OI,6Iux5Zu9546L5a6k5b6h55So6YGUIEZVTFRPTiDjgJDpgIHmlpnnhKHmlpnjgJHlgpgg44OW44Op44Oz44OJIOOAguODleODq+ODiOODsyBGVUxUT04g5YKYIOOCueODvOODkeODvOODqeOCpOODiCDjg57jgrjjg4Pjgq/jg63jg7zjgrrjgqbjgqnjg7zjgr/jg7wg5oqY44KK44Gf44Gf44G/5YKYIOiLseWbveeOi+WupOW+oeeUqOmBlCDjg6zjg4fjgqPjg7zjgrkg44OX44Os44K844Oz44OIIOOCruODleODiA==[rn]
15-197339,aHR0cDovL3RzaG9wLnIxMHMuanAvY2xvemVzdC9jYWJpbmV0LzAxMzgxOTcyL2Z1bHRvbmVsbGFqb3VsZXMvZnVsdG9ubDc2OGJzcGRlbmltZC5qcGc/Zml0aW49NzAwOjcwMA==,NjA0OC4wMDAw,,44OQ44OD44Kw44O75bCP54mp44O744OW44Op44Oz44OJ6ZuR6LKoID4g5YKYID4g44Os44OH44Kj44O844K56Zuo5YKY,44OV44Or44OI44OzIMOXIOOCreODo+OCueOCreODg+ODieOCveODsyDlgpgg44Of44OL44Op44Kk44OIIOODnOOCv+ODs+OCueODneODg+ODiOODh+ODi+ODoCBGVUxUT04gw5cgQ2F0aCBLaWRzdG9uIOOCs+ODqeODnCDmipjjgorjgZ/jgZ/jgb8gTWluaWxpdGUg44Os44OH44Kj44O844K5IOODl+ODrOOCvOODs+ODiCDjgq7jg5Xjg4g=,,44Ku44OV44OI5YyF6KOF54Sh5paZ44Gn44GZIDxicj48YnI+PGNlbnRlcj4KPGltZyB3aWR0aD0iMTAwJSIgYm9yZGVyPSIwInNyYz0iaHR0cDovL3d3dy5yYWt1dGVuLm5lLmpwL2dvbGQvY2xvemVzdC9mdWx0b24vZnVsdG9ubDc2OGJ1dHRvbnNwb3RkZW5pbWEyLmpwZyI+Cgo8aW1nIHdpZHRoPSIxMDAlIiBib3JkZXI9IjAic3JjPSJodHRwOi8vd3d3LnJha3V0ZW4ubmUuanAvZ29sZC9jbG96ZXN0L2Z1bHRvbi9mdWx0b25sNzY4YnV0dG9uc3BvdGRlbmltZS5qcGciPgo8YnI+Cjxicj7jgqTjgq7jg6rjgrnkurrjg4fjgrbjgqTjg4rjg7wKPGJyPuOCreODo+OCueODu+OCreODg+ODieOCveODs++8iENhdGggS2lkc3Rvbu+8ieOBqAo8YnI+RlVMVE9O56S+44Go44Gu44Kz44Op44Oc44Ki44Kk44OG44OgCjxicj5GdWx0b24g44OV44Or44OI44OzIE1JTklMSVRFIOODn+ODi+ODqeOCpOODiAo8YnI+44Oc44K/44Oz44K544Od44OD44OI44OH44OL44Og44Gn44GZ44CCIAo8YnI+Cjxicj7mipjjgorjgZ/jgZ/jgb/jgarjgYzjgok5NmNt44GoCjxicj7pgJrluLjjga7jgqLjg7Pjg5bjg6zjg6njgavov6vjgovluoPjgIXjgajjgZfjgZ8KPGJyPuOCreODo+ODjuODlOODvOOBjOeJueW+tOOBp+OBmeOAggo8YnI+Cjxicj7jgZXjgo/jgoTjgYvjgarjg4fjg4vjg6Djg5bjg6vjg7zjgasKPGJyPuOBi+OCj+OBhOOCieOBl+OBhOODieODg+ODiOOBjAo8YnI+44Kt44Oj44K544O744Kt44OD44OJ44K944Oz44KJ44GX44GE44OH44K244Kk44Oz44CCCjxicj7jg5Xjg6zjg7zjg6DjgoLogJDpoqjmgKfjgavjgZPjgaDjgo/jgaPjgZ/ntKDmnZDjgpIKPGJyPuS9v+eUqOOBmeOCi+OBquOBqeOAgeODleODq+ODiOODs+OBruWCmOODoeODvOOCq+ODvOOBqOOBl+OBpuOBrgo8YnI+44GT44Gg44KP44KK44GM6KaL44KJ44KM44G+44GZ44CCCjxicj7jgq7jg5Xjg4jjgavjgoLlpKflpInllpzjgbDjgozjgovkuIDlk4HjgafjgZnjgIIKPGJyPgo8YnI+5ZWG5ZOB5ZCNOiBmdWx0b25sNzY4Cjxicj4KPGJyPuODh+OCtuOCpOODszrjg5zjgr/jg7Pjgrnjg53jg4Pjg4jjg4fjg4vjg6AKPGJyPgo8YnI+57Sg5p2QOlBWQyAxMDAlIAo8YnI+Cjxicj7jgJDjgrXjgqTjgrrjgJEKPGJyPumHjemHjzoyMjdnCjxicj7nlbPjgpPjgaDnirbmhYs6MjVjbQo8YnI+6ZaL44GE44Gf54q25oWLOuebtOW+hDk2Y20gCjxicj4KPGJyPuOAkOWFqOWbveS4gOW+i+mAgeaWmeeEoeaWmeOAkQo8YnI+CjwvY2VudGVyPiAKPGNlbnRlcj4KCk1pbmlsaXRlIOS4gOimp+OBr+OBk+OBoeOCie+8gQo8YnI+Cgrjg6zjg4fjgqPjg7zjgrkg5oqY44KK44Gf44Gf44G/5YKYIOS4gOimp+OBr+OBk+OBoeOCie+8gQo8YnI+CkZVTFRPTiDkuIDopqfjga/jgZPjgaHjgonvvIE8YnI+CjwvY2VudGVyPg==,44OV44Or44OI44OzICZ0aW1lczsg44Kt44Oj44K544Kt44OD44OJ44K944OzIOWCmCDjg5/jg4vjg6njgqTjg4gg44Oc44K/44Oz44K544Od44OD44OI44OH44OL44OgIEZVTFRPTiAmdGltZXM7IENhdGggS2lkc3RvbiDjgrPjg6njg5wg5oqY44KK44Gf44Gf44G/IE1pbmlsaXRlIOODrOODh+OCo+ODvOOCuSDjg5fjg6zjgrzjg7Pjg4gg44Ku44OV44OI77yaQ0xPWkVTVCDjg6Ljg4Pjgrrjg6Hjg7Pjgrrjg6zjg4fjgqPjg7zjgrk=,6YCa5L+h6LKp5aOy6YCa6LKp44K344On44OD44OU44Oz44Kw44Kq44Oz44Op44Kk44Oz44K344On44OD44OU44Oz44Kw6LK344GE54mp44OX44Os44K844Oz44OI44Ku44OV44OI6LSI44KK54mp6LSI562U5ZOB44GK5Lit5YWD44GK5q2z5pqu44GK6LK344GE5b6X44OV44Os44OD44OJ44Oa44Oq44O8RnJlZCBQZXJyeUJlbiBTaGVybWFu44OZ44Oz44K344Oj44O844Oe44Oz44Oh44Or44KvbWVyY+ODleODq+ODiOODs0Z1bHRvbuODreODvOOCr0xvYWtl44K444On44Oz44K544OI44Oz44K644Oi44OD44K644OV44Kh44OD44K344On44Oz44OE44Kk44O844OJ44Of44Or44Oi44OD44K65YKY44Os44OH44Kj44O844K544Oh44Oz44K66YCa6LKp44OQ44Op44Kv44O844K/44OQ44OW44Ki44O844OV44Or44OI44OzICZ0aW1lczsg44Kt44Oj44K544Kt44OD44OJ44K944OzIOWCmCDjg5/jg4vjg6njgqTjg4gg44Oc44K/44Oz44K544Od44OD44OI44OH44OL44OgIEZVTFRPTiAmdGltZXM7IENhdGggS2lkc3RvbiDjgrPjg6njg5wg5oqY44KK44Gf44Gf44G/IE1pbmlsaXRlIOODrOODh+OCo+ODvOOCuSDjg5fjg6zjgrzjg7Pjg4gg44Ku44OV44OI,6Iux5Zu9546L5a6k5b6h55So6YGUIEZVTFRPTiDjgJDpgIHmlpnnhKHmlpnjgJHlgpgg44OW44Op44Oz44OJIOOAguODleODq+ODiOODsyAmdGltZXM7IOOCreODo+OCueOCreODg+ODieOCveODsyDlgpgg44Of44OL44Op44Kk44OIIOODnOOCv+ODs+OCueODneODg+ODiOODh+ODi+ODoCBGVUxUT04gJnRpbWVzOyBDYXRoIEtpZHN0b24g44Kz44Op44OcIOaKmOOCiuOBn+OBn+OBvyBNaW5pbGl0ZSDjg6zjg4fjgqPjg7zjgrkg44OX44Os44K844Oz44OIIOOCruODleODiA==[rn]
15-197340,aHR0cDovL3RzaG9wLnIxMHMuanAvY2xvemVzdC9jYWJpbmV0LzAxMzgxOTcyL2Z1bHRvbmVsbGFqb3VsZXMvZnVsdG9ubDU1M3NvdXRoZXJuYmQuanBnP2ZpdGluPTcwMDo3MDA=,NDc1Mi4wMDAw,,44OQ44OD44Kw44O75bCP54mp44O744OW44Op44Oz44OJ6ZuR6LKoID4g5YKYID4g44Os44OH44Kj44O844K56Zuo5YKY,44OV44Or44OI44OzIEZVTFRPTiDjgrnjg7zjg5Hjg7wg44K544Oq44OgIOaKmOOCiuOBn+OBn+OBv+WCmCDjgrXjgrbjg7Pjg5njg6sg5YKYIOiLseWbveeOi+WupOW+oeeUqOmBlCDjg6zjg4fjgqPjg7zjgrkgU3VwZXIgU2xpbSBGb2xkaW5nIFVtYnJlbGxhIGZ1bHRvbmw1NTNzb3V0aGVybmJlbGxlIOODl+ODrOOCvOODs+ODiCDjgq7jg5Xjg4g=,,44Ku44OV44OI5YyF6KOF54Sh5paZ44Gn44GZIDxicj48YnI+PGNlbnRlcj4KPGltZyB3aWR0aD0iMTAwJSIgYm9yZGVyPSIwInNyYz0iaHR0cDovL3d3dy5yYWt1dGVuLm5lLmpwL2dvbGQvY2xvemVzdC9mdWx0b24vZnVsdG9ubDU1M3NvdXRoZXJuYmVsbGVhMi5qcGciPgo8aW1nIHdpZHRoPSIxMDAlIiBib3JkZXI9IjAic3JjPSJodHRwOi8vd3d3LnJha3V0ZW4ubmUuanAvZ29sZC9jbG96ZXN0L2Z1bHRvbi9mdWx0b25sNTUzc291dGhlcm5iZWxsZWUuanBnIj4KPGJyPkZ1bHRvbiDjg5Xjg6vjg4jjg7Pjga7lrprnlarjg5Xjgqnjg7zjg6vjg4fjgqPjg7PjgrDjgIEKPGJyPlN1cGVyc2xpbeOBp+OBmeOAggo8YnI+Cjxicj7mmI7jgovjgYTjgqvjg6njg7zjga7oirHmn4TjgYwKPGJyPuWFqOS9k+OBq+mFjee9ruOBleOCjOOBn+iPr+OChOOBi+OBquODh+OCtuOCpOODs+OAggo8YnI+44K544O844OR44O844K544Oq44Og44Gu5ZCN44Gu6YCa44KK44CB5oqY44KK55Wz44G/5pmCMjJ4M2Nt44GuCjxicj7jgrPjg7Pjg5Hjgq/jg4jjgrXjgqTjgrrjgavjgoLjgYvjgYvjgo/jgonjgZrjgIEKPGJyPumWi+OBj+OBqOWun+OBqzg2Y23jga7luoPjgZXjgpLjgqvjg5Djg7zjgZnjgovkurrmsJfjg6Ljg4fjg6vjgafjgZnjgIIKPGJyPgo8YnI+5by35bqm44KS6JC944Go44GV44Ga6Lu96YeP5oSf44KS6YeN6KaW44GX44Gf5L2c44KK44Gr44Gq44Gj44Gm44GE44Gm44CBCjxicj7plovjgY/jgajlpKfjgY3jgYTjga7jgafogqnlkajjgorjgYzpm6jjgafmv6HjgozjgavjgY/jgY/jgIEKPGJyPuapn+iDveaAp+ODkOODhOOCsOODs+OBp+OBmeOAggo8YnI+Cjxicj7plovplonjgaTjgb7jgb/jga/kuIrjgavmjIHjgaHkuIrjgZLjgovjgaDjgZHjgarjga7jgacKPGJyPuewoeWNmOOCueODoOODvOOCueOBp+OBqOOBpuOCguS+v+WIqeOBp+OBmeOAggo8YnI+5by36aKo44Gr44KC5by344GE54m55q6K44Gq57Sg5p2Q44KS5L2/55So44GX44Gm44GK44KK44G+44GZ44CCCjxicj7oh6rliIbnlKjjga/li7/oq5bjga7jgZPjgajjgIHjg5fjg6zjgrzjg7Pjg4jjgavjgoIKPGJyPuOBiuOCueOCueODoeOBruOCouOCpOODhuODoOOBp+OBmeOAggo8YnI+Cjxicj7llYblk4HlkI06IGZ1bHRvbmw1NTMKPGJyPgo8YnI+44OH44K244Kk44OzOuOCteOCtuODs+ODmeODqwo8YnI+Cjxicj7ntKDmnZA6IOOCouODq+ODn+ODleODrOODvOODoAo8YnI+Cjxicj7nlbPjgpPjgaDnirbmhYs6MjJjbSDnm7TlvoQ6M2NtCjxicj7plovjgYTjgZ/nirbmhYs655u05b6EODZjbQo8YnI+Cjxicj7jgJDlhajlm73kuIDlvovpgIHmlpnnhKHmlpnjgJEgCjxicj4KPC9jZW50ZXI+CjxjZW50ZXI+Cjxicj4KU3VwZXIgU2xpbSDkuIDopqfjga/jgZPjgaHjgonvvIE8YnI+Cjxicj4K44Os44OH44Kj44O844K5IOaKmOOCiuOBn+OBn+OBv+WCmCDkuIDopqfjga/jgZPjgaHjgonvvIE8YnI+CjwvY2VudGVyPg==,44OV44Or44OI44OzIEZVTFRPTiDjgrnjg7zjg5Hjg7wg44K544Oq44OgIOaKmOOCiuOBn+OBn+OBv+WCmCDjgrXjgrbjg7Pjg5njg6sg5YKYIOiLseWbveeOi+WupOW+oeeUqOmBlCDjg6zjg4fjgqPjg7zjgrkgU3VwZXIgU2xpbSBGb2xkaW5nIFVtYnJlbGxhIGZ1bHRvbmw1NTNzb3V0aGVybmJlbGxlIOODl+ODrOOCvOODs+ODiCDjgq7jg5Xjg4jvvJpDTE9aRVNUIOODouODg+OCuuODoeODs+OCuuODrOODh+OCo+ODvOOCuQ==,6YCa5L+h6LKp5aOy6YCa6LKp44K344On44OD44OU44Oz44Kw44Kq44Oz44Op44Kk44Oz44K344On44OD44OU44Oz44Kw6LK344GE54mp44OX44Os44K844Oz44OI44Ku44OV44OI6LSI44KK54mp6LSI562U5ZOB44GK5Lit5YWD44GK5q2z5pqu44GK6LK344GE5b6X44OV44Os44OD44OJ44Oa44Oq44O8RnJlZCBQZXJyeUJlbiBTaGVybWFu44OZ44Oz44K344Oj44O844Oe44Oz44Oh44Or44KvbWVyY+ODleODq+ODiOODs0Z1bHRvbuODreODvOOCr0xvYWtl44K444On44Oz44K544OI44Oz44K644Oi44OD44K644OV44Kh44OD44K344On44Oz44OE44Kk44O844OJ44Of44Or44Oi44OD44K65YKY44Os44OH44Kj44O844K544Oh44Oz44K66YCa6LKp44OQ44Op44Kv44O844K/44OQ44OW44Ki44O844OV44Or44OI44OzIEZVTFRPTiDjgrnjg7zjg5Hjg7wg44K544Oq44OgIOaKmOOCiuOBn+OBn+OBv+WCmCDjgrXjgrbjg7Pjg5njg6sg5YKYIOiLseWbveeOi+WupOW+oeeUqOmBlCDjg6zjg4fjgqPjg7zjgrkgU3VwZXIgU2xpbSBGb2xkaW5nIFVtYnJlbGxhIGZ1bHRvbmw1NTNzb3V0aGVybmJlbGxlIOODl+ODrOOCvOODs+ODiCDjgq7jg5Xjg4g=,44OV44Or44OI44OzIEZVTFRPTiDlgpggICDjgILjg5Xjg6vjg4jjg7MgRlVMVE9OIOOCueODvOODkeODvCDjgrnjg6rjg6Ag5oqY44KK44Gf44Gf44G/5YKYIOOCteOCtuODs+ODmeODqyDlgpgg6Iux5Zu9546L5a6k5b6h55So6YGUIOODrOODh+OCo+ODvOOCuSBTdXBlciBTbGltIEZvbGRpbmcgVW1icmVsbGEgZnVsdG9ubDU1M3NvdXRoZXJuYmVsbGUg44OX44Os44K844Oz44OIIOOCruODleODiA==[rn]
15-197341,aHR0cDovL3RzaG9wLnIxMHMuanAvY2xvemVzdC9jYWJpbmV0LzAxMzgxOTcyL2Z1bHRvbmVsbGFqb3VsZXMvZnVsdG9ubDcxMXNsZWVwaW5nZC5qcGc/Zml0aW49NzAwOjcwMA==,NTM1Ni44MDAw,,44OQ44OD44Kw44O75bCP54mp44O744OW44Op44Oz44OJ6ZuR6LKoID4g5YKYID4g44Os44OH44Kj44O844K56Zuo5YKY,44OV44Or44OI44OzIEZVTFRPTiDlgpgg5oqY44KK44Gf44Gf44G/ICBPQyBTdXBlcnNsaW0gIOODrOODh+OCo+ODvOOCuSDoirHmn4Qg5bCP5Z6LIOi7vemHjyDjg6/jg7Pjgr/jg4Pjg4Eg44K444Oj44Oz44OXIOOCuOODo+ODs+ODl+WCmCDjg5fjg6zjgrzjg7Pjg4gg44Ku44OV44OI,,44Ku44OV44OI5YyF6KOF54Sh5paZ44Gn44GZIDxicj48YnI+PGNlbnRlcj4KPGltZyB3aWR0aD0iMTAwJSIgYm9yZGVyPSIwInNyYz0iaHR0cDovL2ltYWdlLnJha3V0ZW4uY28uanAvY2xvemVzdC9jYWJpbmV0LzAxMzgxOTcyL2Z1bHRvbmVsbGFqb3VsZXMvZnVsdG9ubDcxMXNsZWVwaW5nZC5qcGciPgoKPGltZyB3aWR0aD0iMTAwJSIgYm9yZGVyPSIwInNyYz0iaHR0cDovL2ltYWdlLnJha3V0ZW4uY28uanAvY2xvemVzdC9jYWJpbmV0LzAxMzgxOTcyL2Z1bHRvbmVsbGFqb3VsZXMvZnVsdG9ubDcxMXNsZWVwaW5nZS5qcGciPgoKPGJyPkZ1bHRvbiDjg5Xjg6vjg4jjg7Pjga5PL0MgU3VwZXJzbGltIFNhZmV0eeODouODh+ODq+OBp+OBmeOAggo8YnI+Cjxicj7jgrfjg4Pjgq/jgarjg5bjg6njg4Pjgq/jg5njg7zjgrnjgavoj6/jgoTjgYvjgarjg4fjgrbjgqTjg7Pjga4KPGJyPiLjgrnjg6rjg7zjg5Tjg7PjgrDjgqbjgqPjg63jgqYiCjxicj7lj5bmiYvjgpLjgrnjg6njgqTjg4njgZnjgovjgajlh7rjgabjgY/jgosKPGJyPuODnOOCv+ODs+OBsuOBqOOBpOOBp+OAgeODr+ODs+OCv+ODg+ODgeOCquODvOODl+ODs+OAggo8YnI+44GV44KJ44Gr6ZaL44GP44Gg44GR44Gn44Gq44GP44CBCjxicj7jgq3jg6Pjg47jg5Tjg7zjgpLplonjgZjjgovjga7jgoLjg5zjgr/jg7PjgbLjgajjgaTjgafjgafjgY3jgb7jgZnjgIIKPGJyPumWieOBmOOBn+eKtuaFi+OBrzIyeDNjbeOBqOOBhOOBhuOBqOOBpuOCguiWhOOBhOW9oueKtuOBpwo8YnI+44Kr44OQ44Oz44Gq44Gp44Gr44GZ44Gj44Go5Y+O44G+44KK44G+44GZ44CCCjxicj44NmNt44Gu44Kt44Oj44OO44OU44O844Gv6ZaJ44GY44Gf44K144Kk44K644GL44KJ44GvCjxicj7jgqTjg6Hjg7zjgrjjgafjgY3jgarjgYTjgbvjganluoPjgY/jgIHlronlv4PmhJ/jgYzjgYLjgorjgb7jgZnjgIIKPGJyPuW8t+W6puOCkuiQveOBqOOBleOBmui7vemHj+aEn+OCkumHjeimluOBl+OBn+S9nOOCiuOBq+OBquOBo+OBpuOBhOOBpuOAgQo8YnI+6ZaL44GP44Go5aSn44GN44GE44Gu44Gn6IKp5ZGo44KK44GMCjxicj7pm6jjgafmv6HjgozjgavjgY/jgY/jgIHmqZ/og73mgKfmipznvqTjgafjgZnjgIIKPGJyPgo8YnI+5YG06Z2i44Gr55WZ44KB5YW344KS5YKZ44GI44Gf5a6J5YWo5YKY44Gr44Gq44Gj44Gm44GK44KK44CBCjxicj7li53miYvjgavplovjgYTjgZ/jgorjgZnjgovlv4PphY3jgoLjgYLjgorjgb7jgZvjgpPjgIIKPGJyPumiqOOBruaKteaKl+OCkuWil+W8t+OBmeOCi+OBl+OBquOChOOBi+OBquS9nOOCiuOBp+OBmeOAggo8YnI+Cjxicj7llYblk4HlkI06IGZ1bHRvbmw3MTEKPGJyPuODh+OCtuOCpOODszoi44K544Oq44O844OU44Oz44Kw44Km44Kj44Ot44KmCjxicj7ntKDmnZA644Od44Oq44Ko44K544OG44OrIDEwMCUKPGJyPgo8YnI+44K144Kk44K6OumWi+OBhOOBn+eKtuaFizrnm7TlvoQ6ODZjbQo8YnI+Cjxicj7plonjgZjjgZ/nirbmhYvnm7TlvoQgMjJjbQo8YnI+Cjxicj7ph43jgZU657SEMjIwZ+WJjeW+jAo8YnI+Cjxicj7jgJDlhajlm73kuIDlvovpgIHmlpnnhKHmlpnjgJEKPC9jZW50ZXI+,44OV44Or44OI44OzIEZVTFRPTiDlgpgg5oqY44KK44Gf44Gf44G/ICBPQyBTdXBlcnNsaW0gIOODrOODh+OCo+ODvOOCuSDoirHmn4Qg5bCP5Z6LIOi7vemHjyDjg6/jg7Pjgr/jg4Pjg4Eg44K444Oj44Oz44OXIOOCuOODo+ODs+ODl+WCmCDjg5fjg6zjgrzjg7Pjg4gg44Ku44OV44OI77yaQ0xPWkVTVCDjg6Ljg4Pjgrrjg6Hjg7Pjgrrjg6zjg4fjgqPjg7zjgrk=,6YCa5L+h6LKp5aOy6YCa6LKp44K344On44OD44OU44Oz44Kw44Kq44Oz44Op44Kk44Oz44K344On44OD44OU44Oz44Kw6LK344GE54mp44OX44Os44K844Oz44OI44Ku44OV44OI6LSI44KK54mp6LSI562U5ZOB44GK5Lit5YWD44GK5q2z5pqu44GK6LK344GE5b6X44OV44Os44OD44OJ44Oa44Oq44O8RnJlZCBQZXJyeUJlbiBTaGVybWFu44OZ44Oz44K344Oj44O844Oe44Oz44Oh44Or44KvbWVyY+ODleODq+ODiOODs0Z1bHRvbuODreODvOOCr0xvYWtl44K444On44Oz44K544OI44Oz44K644Oi44OD44K644OV44Kh44OD44K344On44Oz44OE44Kk44O844OJ44Of44Or44Oi44OD44K65YKY44Os44OH44Kj44O844K544Oh44Oz44K66YCa6LKp44OQ44Op44Kv44O844K/44OQ44OW44Ki44O844OV44Or44OI44OzIEZVTFRPTiDlgpgg5oqY44KK44Gf44Gf44G/ICBPQyBTdXBlcnNsaW0gIOODrOODh+OCo+ODvOOCuSDoirHmn4Qg5bCP5Z6LIOi7vemHjyDjg6/jg7Pjgr/jg4Pjg4Eg44K444Oj44Oz44OXIOOCuOODo+ODs+ODl+WCmCDjg5fjg6zjgrzjg7Pjg4gg44Ku44OV44OI,44CQ6YCB5paZ54Sh5paZ44CRIEZVTFRPTiDlgpgg6Iux5Zu9546L5a6k5b6h55So6YGUIOOAguODleODq+ODiOODsyBGVUxUT04g5YKYIOaKmOOCiuOBn+OBn+OBvyAgT0MgU3VwZXJzbGltICDjg6zjg4fjgqPjg7zjgrkg6Iqx5p+EIOWwj+WeiyDou73ph48g44Ov44Oz44K/44OD44OBIOOCuOODo+ODs+ODlyDjgrjjg6Pjg7Pjg5flgpgg44OX44Os44K844Oz44OIIOOCruODleODiA==[rn]
15-197342,aHR0cDovL3RzaG9wLnIxMHMuanAvY2xvemVzdC9jYWJpbmV0LzAxMzgxOTcyL2Z1bHRvbmVsbGFqb3VsZXMvZnVsdG9ubDcxN3NheWluZ3NwbGQuanBnP2ZpdGluPTcwMDo3MDA=,NTg3NS4yMDAw,,44OQ44OD44Kw44O75bCP54mp44O744OW44Op44Oz44OJ6ZuR6LKoID4g5YKYID4g44Os44OH44Kj44O844K56Zuo5YKY,RlVMVE9OIOODleODq+ODiOODsyDlgpgg44Ki44Oz44OW44Os44OpIOODq+ODq+OCruODjeOCuSDjgr/jgqTjg4vjg7wg44K744Kk44Oz44Kw44K5IOODl+ODrOOCpOODiSDmipjjgorjgZ/jgZ/jgb/lgpgg44CQ6YCB5paZ54Sh5paZ44CRIOODq+ODq+OCruODjeOCuSBMdWx1IEd1aW5lZXNzIOODrOODh+OCo+ODvOOCuSDjg5fjg6zjgqTjg4njg4Hjgqfjg4Pjgq8gVGlueSBGb2xkaW5nIFVtYnJlbGxhIFNheWluZ3MgUGxhaWQg44GL44GVIOODleODq+ODiOODsyDjgqTjgq7jg6rjgrkg44Ot44Oz44OJ44OzIGZ1bHRvbmw3MTdzYXlpbmdzcGxhaWQ=,,44Ku44OV44OI5YyF6KOF54Sh5paZ44Gn44GZIDxicj48YnI+PGNlbnRlcj4KPGltZyB3aWR0aD0iMTAwJSIgYm9yZGVyPSIwInNyYz0iaHR0cDovL2ltYWdlLnJha3V0ZW4uY28uanAvY2xvemVzdC9jYWJpbmV0LzAxMzgxOTcyL2Z1bHRvbmVsbGFqb3VsZXMvZnVsdG9ubDcxN3NheWluZ3NwbGQuanBnIj4KPGltZyB3aWR0aD0iMTAwJSIgYm9yZGVyPSIwInNyYz0iaHR0cDovL2ltYWdlLnJha3V0ZW4uY28uanAvY2xvemVzdC9jYWJpbmV0LzAxMzgxOTcyL2Z1bHRvbmVsbGFqb3VsZXMvZnVsdG9ubDcxN3NheWluZ3NwZi5naWYiPgo8YnI+Cjxicj7jg63jg7Pjg4njg7Pjg5XjgqHjg4Pjgrfjg6fjg7Pjga7lpKfkurrmsJfjg5bjg6njg7Pjg4lMdWx1IEd1aW5uZXNz44GoRlVMVE9O56S+44Gu44Kz44Op44Oc44Ki44Kk44OG44Og44CCCjxicj5GdWx0b24g44OV44Or44OI44Oz44GuVGlueeOCt+ODquODvOOCuuOBp+OBmeOAggo8YnI+Cjxicj7okL3jgaHnnYDjgYTjgZ/jg5njg7zjgrnjgavjgrvjgqTjg7PjgrDjgrnjg5fjg6zjgqTjg4njg4Hjgqfjg4Pjgq/jgYzjg4fjgrbjgqTjg7PjgIIKPGJyPui1pOOBhOe4geWPluOCiuOCguOCouOCr+OCu+ODs+ODiOOBq+OBquOBo+OBpuOBhOOBvuOBmeOAggo8YnI+Cjxicj7mipjjgornlbPjgb/mmYIxNXgzY23jga7jgrPjg7Pjg5Hjgq/jg4jjgrXjgqTjgrrjgavjgoLplqLjgo/jgonjgZrjgIEKPGJyPuOCquODvOODl+ODs+aZgjg3Y23jga7luoPjgZXjgpLjgqvjg5Djg7zjgZfjgabjgb7jgZnjgIIKPGJyPui7vemHj+aEn+OCkumHjeimluOBl+OBn+S9nOOCiuOBq+OBquOBo+OBpuOBhOOBpuOAgQo8YnI+6ZaL44GP44Go5aSn44GN44GE44Gu44Gn6IKp5ZGo44KK44GM6Zuo44Gn5r+h44KM44Gr44GP44GE44Gn44GZ44CCCjxicj7mipjjgorjgZ/jgZ/jgoDjgajjgYvjgZXjgbDjgonjgZrjg5Djg4PjgrDjgasKPGJyPuOBmeOBo+OBveOCiuOBqOWFpeOCiuOAgeWPjue0jeOCguS+v+WIqeOBp+OBmeOAggo8YnI+Cjxicj7lvLfluqbjgpLkuIrjgZLjgovjgZ/jgoHjgavnuYrntq3jgqzjg6njgrnjgYwKPGJyPuS9v+eUqOOBleOCjOOBpuOBhOOBpuapn+iDveaAp+OCguODkOODhOOCsOODs+OAggo8YnI+5by36aKo44Gr44KC5by344GE54m55q6K44Gq57Sg5p2Q44KS5L2/55So44GX44Gm44GK44KK44G+44GZ44CCCjxicj7jg5fjg6zjgrzjg7Pjg4jjgavjgoLjgYrjgZnjgZnjgoHjga7jgqLjgqTjg4bjg6DjgafjgZnjgIIKPGJyPgrllYblk4HlkI06IGZ1bHRvbmw3MTc8YnI+CuODh+OCtuOCpOODszog44K744Kk44Oz44Kw44OX44Os44Kk44OJPGJyPgrntKDmnZA6IOODneODquOCqOOCueODhuODqyAxMDAlPGJyPgo8YnI+CuOCteOCpOOCujrjgrXjgqTjgro655Wz44KT44Gg54q25oWLOjE1Y20sIOebtOW+hCAzY208YnI+CumWi+OBhOOBn+eKtuaFizrnm7TlvoQ4N2NtPGJyPgo8YnI+CuOAkOWFqOWbveS4gOW+i+mAgeaWmeeEoeaWmeOAkTxicj4KPGJyPgo8L2NlbnRlcj4gCjxjZW50ZXI+Cjxicj4KTFVMVSBHVUlOTkVTUyDkuIDopqfjga/jgZPjgaHjgonvvIE8YnI+CjwvY2VudGVyPgo8YnI+,RlVMVE9OIOODleODq+ODiOODsyDlgpgg44Ki44Oz44OW44Os44OpIOODq+ODq+OCruODjeOCuSDjgr/jgqTjg4vjg7wg44K744Kk44Oz44Kw44K5IOODl+ODrOOCpOODiSDmipjjgorjgZ/jgZ/jgb/lgpgg44CQ6YCB5paZ54Sh5paZ44CRIOODq+ODq+OCruODjeOCuSBMdWx1IEd1aW5lZXNzIOODrOODh+OCo+ODvOOCuSDjg5fjg6zjgqTjg4njg4Hjgqfjg4Pjgq8gVGlueSBGb2xkaW5nIFVtYnJlbGxhIFNheWluZ3MgUGxhaWQg44GL44GVIOODleODq+ODiOODsyDjgqTjgq7jg6rjgrkg44Ot44Oz44OJ44OzIGZ1bHRvbmw3MTdzYXlpbmdzcGxhaWTvvJpDTE9aRVNUIOODouODg+OCuuODoeODs+OCuuODrOODh+OCo+ODvOOCuQ==,6YCa5L+h6LKp5aOy6YCa6LKp44K344On44OD44OU44Oz44Kw44Kq44Oz44Op44Kk44Oz44K344On44OD44OU44Oz44Kw6LK344GE54mp44OX44Os44K844Oz44OI44Ku44OV44OI6LSI44KK54mp6LSI562U5ZOB44GK5Lit5YWD44GK5q2z5pqu44GK6LK344GE5b6X44OV44Os44OD44OJ44Oa44Oq44O8RnJlZCBQZXJyeUJlbiBTaGVybWFu44OZ44Oz44K344Oj44O844Oe44Oz44Oh44Or44KvbWVyY+ODleODq+ODiOODs0Z1bHRvbuODreODvOOCr0xvYWtl44K444On44Oz44K544OI44Oz44K644Oi44OD44K644OV44Kh44OD44K344On44Oz44OE44Kk44O844OJ44Of44Or44Oi44OD44K65YKY44Os44OH44Kj44O844K544Oh44Oz44K66YCa6LKp44OQ44Op44Kv44O844K/44OQ44OW44Ki44O8RlVMVE9OIOODleODq+ODiOODsyDlgpgg44Ki44Oz44OW44Os44OpIOODq+ODq+OCruODjeOCuSDjgr/jgqTjg4vjg7wg44K744Kk44Oz44Kw44K5IOODl+ODrOOCpOODiSDmipjjgorjgZ/jgZ/jgb/lgpgg44CQ6YCB5paZ54Sh5paZ44CRIOODq+ODq+OCruODjeOCuSBMdWx1IEd1aW5lZXNzIOODrOODh+OCo+ODvOOCuSDjg5fjg6zjgqTjg4njg4Hjgqfjg4Pjgq8gVGlueSBGb2xkaW5nIFVtYnJlbGxhIFNheWluZ3MgUGxhaWQg44GL44GVIOODleODq+ODiOODsyDjgqTjgq7jg6rjgrkg44Ot44Oz44OJ44OzIGZ1bHRvbmw3MTdzYXlpbmdzcGxhaWQ=,THVMdSBHdWluZXNzIOODq+ODq+OCruODjeOCuSBGVUxUT04g44OV44Or44OI44OzIOWCmOOAgkZVTFRPTiDjg5Xjg6vjg4jjg7Mg5YKYIOOCouODs+ODluODrOODqSDjg6vjg6vjgq7jg43jgrkg44K/44Kk44OL44O8IOOCu+OCpOODs+OCsOOCuSDjg5fjg6zjgqTjg4kg5oqY44KK44Gf44Gf44G/5YKYIOOAkOmAgeaWmeeEoeaWmeOAkSDjg6vjg6vjgq7jg43jgrkgTHVsdSBHdWluZWVzcyDjg6zjg4fjgqPjg7zjgrkg44OX44Os44Kk44OJ44OB44Kn44OD44KvIFRpbnkgRm9sZGluZyBVbWJyZWxsYSBTYXlpbmdzIFBsYWlkIOOBi+OBlSDjg5Xjg6vjg4jjg7Mg44Kk44Ku44Oq44K5IOODreODs+ODieODsyBmdWx0b25sNzE3c2F5aW5nc3BsYWlk[rn]
15-197343,aHR0cDovL3RzaG9wLnIxMHMuanAvY2xvemVzdC9jYWJpbmV0LzAxMzgxOTcyL2Z1bHRvbmVsbGFqb3VsZXMvZnVsdG9ubDc3N2N1dG9saXByZC5qcGc/Zml0aW49NzAwOjcwMA==,NzM0NC4wMDAw,,44OQ44OD44Kw44O75bCP54mp44O744OW44Op44Oz44OJ6ZuR6LKoID4g5YKYID4g44Os44OH44Kj44O844K56Zuo5YKY,44OV44Or44OI44OzIHgg44Or44Or44Ku44ON44K5IOWCmCBMdWx1IEd1aW5uZXNzIHggRlVMVE9OIOOCs+ODqeODnCDjgrHjg7Pjgrjjg7Pjg4jjg7Mg44Kr44OD44OI44Ki44Km44OI44Ot44K044Oq44OD44OXIOODrOODg+ODiSDjg6zjg4fjgqPjg7zjgrkg6ZW35YKYIOOBi+OBlSDjg5fjg6zjgrzjg7Pjg4gg44Ku44OV44OI,,44Ku44OV44OI5YyF6KOF54Sh5paZ44Gn44GZIDxicj48YnI+CjxjZW50ZXI+CjxpbWcgd2lkdGg9IjEwMCUiIGJvcmRlcj0iMCJzcmM9Imh0dHA6Ly9pbWFnZS5yYWt1dGVuLmNvLmpwL2Nsb3plc3QvY2FiaW5ldC8wMTM4MTk3Mi9mdWx0b25lbGxham91bGVzL2Z1bHRvbmw3NzdjdXRvbGlwcmUuanBnIj4KPGltZyB3aWR0aD0iMTAwJSIgYm9yZGVyPSIwInNyYz0iaHR0cDovL2ltYWdlLnJha3V0ZW4uY28uanAvY2xvemVzdC9jYWJpbmV0LzAxMzgxOTcyL2Z1bHRvbmVsbGFqb3VsZXMvZnVsdG9ubDc3N2N1dG9saXByZi5qcGciPgo8YnI+44Ot44Oz44OJ44Oz44OV44Kh44OD44K344On44Oz44Gu5aSn5Lq65rCX44OW44Op44Oz44OJCjxicj5MdWx1IEd1aW5uZXNz44GoRlVMVE9O56S+44Gu44Kz44Op44Oc44Ki44Kk44OG44Og44CCCjxicj5GdWx0b24g44OV44Or44OI44Oz44GuS2Vuc2luZ3RvbiDjgrHjg7Pjgrjjg7Pjg4jjg7MKPGJyPuOCq+ODg+ODiOOCouOCpuODiOODquODg+ODl+ODrOODg+ODieOBp+OBmeOAggo8YnI+Cjxicj7plovjgY/jgajnm7TlvoQxMDJjbeOBq+OCguOBquOCi+Wkp+OBjeOBquS9nOOCiuOAggo8YnI+6Zuo44Gr5r+h44KM44Gr44GP44GP44CB5by36aKo44Gr44KC5by344GE44Gn44GZ44CCCjxicj7jgrfjg4Pjgq/jgarjg5bjg6njg4Pjgq/jgpLjg5njg7zjgrnjgasKPGJyPuOCq+ODg+ODiOOCouOCpuODiOOBleOCjOOBnwo8YnI+44Kv44Oq44Ki44Os44OD44OJ44Gu44Oq44OD44OX44GM44Om44OL44O844Kv44Gq44OH44K244Kk44Oz44CCCjxicj7pnZ7luLjjgavkuIrlk4HjgarjgqLjg7Pjg5bjg6zjg6njgavjgarjgaPjgabjgYTjgb7jgZnjgIIKPGJyPgo8YnI+5o+h44KK44KE44GZ44GE44OP44Oz44OJ44Or44KC54m55b6055qE44Gn44GZ44CCCjxicj4KPGJyPuWVhuWTgeWQjTpmdWx0b25sNzc3Y3V0b3V0bGlwc3JlZAo8YnI+Cjxicj7jgqvjg6njg7w644Kr44OD44OI44Ki44Km44OI44Oq44OD44OX44Os44OD44OJCjxicj4KPGJyPue0oOadkDpQVkMgMTAwJQo8YnI+Cjxicj7jgJDjgrXjgqTjgrrjgJEKPGJyPuWFqOmVtyA4OWNtCjxicj7jgqrjg7zjg5fjg7PmmYLnm7TlvoQ6MTAyY20KPGJyPumHjeOBlTozOTNnCjxicj4KPGJyPirjg5bjg6njg7Pjg4nku5Xmp5jjgavjgojjgorjgrnjg4rjg4Pjg5fjg5zjgr/jg7PjgYzlm7rjgYTloLTlkIjjgYzjgZTjgZbjgYTjgb7jgZnjgIIKPGJyPuOBlOS6huaJv+OBruS4iuOBlOizvOWFpeOBj+OBoOOBleOBhOOAggo8YnI+Cjxicj7jgJDlhajlm73kuIDlvovpgIHmlpnnhKHmlpnjgJEKPC9jZW50ZXI+IAo8Y2VudGVyPgoKPGltZyB3aWR0aD0iMTAwJSIgc3JjPSJodHRwOi8vd3d3LnJha3V0ZW4ubmUuanAvZ29sZC9jbG96ZXN0L290aGVyL2x1bHVfaW1hZ2ViYW5uZXIuanBnIiA+CkxVTFUgR1VJTk5FU1Mg5LiA6Kan44Gv44GT44Gh44KJ77yBPGJyPgo8YnI+CktlbnNpbmd0b24g5LiA6Kan44Gv44GT44Gh44KJ77yBPGJyPgo8YnI+CuODrOODh+OCo+ODvOOCuSDjgrnjgr/jg7Pjg4Djg7zjg4nlgpgg5LiA6Kan44Gv44GT44Gh44KJ77yBPGJyPgo8L2NlbnRlcj4KPGJyPgo8YnI+Cgo8aW1nIHdpZHRoPSIxMDAlIiBzcmM9Imh0dHA6Ly9pbWFnZS5yYWt1dGVuLmNvLmpwL19vc2FrYTAyL2NhYmluZXQvaG9tZS9pbWdyYzAwNjY4OTc1NjguanBnIiBhbHQ9IiI+,44OV44Or44OI44OzIHgg44Or44Or44Ku44ON44K5IOWCmCBMdWx1IEd1aW5uZXNzIHggRlVMVE9OIOOCs+ODqeODnCDjgrHjg7Pjgrjjg7Pjg4jjg7Mg44Kr44OD44OI44Ki44Km44OI44Ot44K044Oq44OD44OXIOODrOODg+ODiSDjg6zjg4fjgqPjg7zjgrkg6ZW35YKYIOOBi+OBlSDjg5fjg6zjgrzjg7Pjg4gg44Ku44OV44OI77yaQ0xPWkVTVCDjg6Ljg4Pjgrrjg6Hjg7Pjgrrjg6zjg4fjgqPjg7zjgrk=,6YCa5L+h6LKp5aOy6YCa6LKp44K344On44OD44OU44Oz44Kw44Kq44Oz44Op44Kk44Oz44K344On44OD44OU44Oz44Kw6LK344GE54mp44OX44Os44K844Oz44OI44Ku44OV44OI6LSI44KK54mp6LSI562U5ZOB44GK5Lit5YWD44GK5q2z5pqu44GK6LK344GE5b6X44OV44Os44OD44OJ44Oa44Oq44O8RnJlZCBQZXJyeUJlbiBTaGVybWFu44OZ44Oz44K344Oj44O844Oe44Oz44Oh44Or44KvbWVyY+ODleODq+ODiOODs0Z1bHRvbuODreODvOOCr0xvYWtl44K444On44Oz44K544OI44Oz44K644Oi44OD44K644OV44Kh44OD44K344On44Oz44OE44Kk44O844OJ44Of44Or44Oi44OD44K65YKY44Os44OH44Kj44O844K544Oh44Oz44K66YCa6LKp44OQ44Op44Kv44O844K/44OQ44OW44Ki44O844OV44Or44OI44OzIHgg44Or44Or44Ku44ON44K5IOWCmCBMdWx1IEd1aW5uZXNzIHggRlVMVE9OIOOCs+ODqeODnCDjgrHjg7Pjgrjjg7Pjg4jjg7Mg44Kr44OD44OI44Ki44Km44OI44Ot44K044Oq44OD44OXIOODrOODg+ODiSDjg6zjg4fjgqPjg7zjgrkg6ZW35YKYIOOBi+OBlSDjg5fjg6zjgrzjg7Pjg4gg44Ku44OV44OI,RlVMVE9OIOWCmCDjgJDpgIHmlpnnhKHmlpnjgJHjgILjg5Xjg6vjg4jjg7MgeCDjg6vjg6vjgq7jg43jgrkg5YKYIEx1bHUgR3Vpbm5lc3MgeCBGVUxUT04g44Kz44Op44OcIOOCseODs+OCuOODs+ODiOODsyDjgqvjg4Pjg4jjgqLjgqbjg4jjg63jgrTjg6rjg4Pjg5cg44Os44OD44OJIOODrOODh+OCo+ODvOOCuSDplbflgpgg44GL44GVIOODl+ODrOOCvOODs+ODiCDjgq7jg5Xjg4g=[rn]
15-197344,aHR0cDovL3RzaG9wLnIxMHMuanAvY2xvemVzdC9jYWJpbmV0LzAxMzgxOTcyL2Z1bHRvbmVsbGFqb3VsZXMvZnVsdG9ubDc3N2N1dG9saXBzZC5qcGc/Zml0aW49NzAwOjcwMA==,NzM0NC4wMDAw,,44OQ44OD44Kw44O75bCP54mp44O744OW44Op44Oz44OJ6ZuR6LKoID4g5YKYID4g44Os44OH44Kj44O844K56Zuo5YKY,44OV44Or44OI44OzIHgg44Or44Or44Ku44ON44K5IOWCmCBMdWx1IEd1aW5uZXNzIHggRlVMVE9OIOOCs+ODqeODnCDjgrHjg7Pjgrjjg7Pjg4jjg7Mg44Kr44OD44OI44Ki44Km44OI44Ot44K044Oq44OD44OXIOODluODqeODg+OCryDjg6zjg4fjgqPjg7zjgrkg6ZW35YKYIOOBi+OBlSDjg5fjg6zjgrzjg7Pjg4gg44Ku44OV44OI,,44Ku44OV44OI5YyF6KOF54Sh5paZ44Gn44GZIDxicj48YnI+CjxjZW50ZXI+CjxpbWcgd2lkdGg9IjEwMCUiIGJvcmRlcj0iMCJzcmM9Imh0dHA6Ly9pbWFnZS5yYWt1dGVuLmNvLmpwL2Nsb3plc3QvY2FiaW5ldC8wMTM4MTk3Mi9mdWx0b25lbGxham91bGVzL2Z1bHRvbmw3NzdjdXRvbGlwc2UuanBnIj4KPGltZyB3aWR0aD0iMTAwJSIgYm9yZGVyPSIwInNyYz0iaHR0cDovL2ltYWdlLnJha3V0ZW4uY28uanAvY2xvemVzdC9jYWJpbmV0LzAxMzgxOTcyL2Z1bHRvbmVsbGFqb3VsZXMvZnVsdG9ubDc3N2N1dG9saXBzZi5qcGciPgo8YnI+44Ot44Oz44OJ44Oz44OV44Kh44OD44K344On44Oz44Gu5aSn5Lq65rCX44OW44Op44Oz44OJCjxicj5MdWx1IEd1aW5uZXNz44GoRlVMVE9O56S+44Gu44Kz44Op44Oc44Ki44Kk44OG44Og44CCCjxicj5GdWx0b24g44OV44Or44OI44Oz44GuS2Vuc2luZ3RvbiDjgrHjg7Pjgrjjg7Pjg4jjg7MKPGJyPuOCq+ODg+ODiOOCouOCpuODiOODquODg+ODl+ODluODqeODg+OCr+OBp+OBmeOAggo8YnI+Cjxicj7plovjgY/jgajnm7TlvoQxMDJjbeOBq+OCguOBquOCi+Wkp+OBjeOBquS9nOOCiuOAggo8YnI+6Zuo44Gr5r+h44KM44Gr44GP44GP44CB5by36aKo44Gr44KC5by344GE44Gn44GZ44CCCjxicj7jgrfjg4Pjgq/jgarjg5bjg6njg4Pjgq/jgpLjg5njg7zjgrnjgasKPGJyPuOCq+ODg+ODiOOCouOCpuODiOOBleOCjOOBnwo8YnI+44Kv44Oq44Ki44Os44OD44OJ44Gu44Oq44OD44OX44GM44Om44OL44O844Kv44Gq44OH44K244Kk44Oz44CCCjxicj7pnZ7luLjjgavkuIrlk4HjgarjgqLjg7Pjg5bjg6zjg6njgavjgarjgaPjgabjgYTjgb7jgZnjgIIKPGJyPgo8YnI+5o+h44KK44KE44GZ44GE44OP44Oz44OJ44Or44KC54m55b6055qE44Gn44GZ44CCCjxicj4KPGJyPuWVhuWTgeWQjTpmdWx0b25sNzc3Y3V0b3V0bGlwc2JsYWNrCjxicj4KPGJyPuOCq+ODqeODvDrjgqvjg4Pjg4jjgqLjgqbjg4jjg6rjg4Pjg5fjg5bjg6njg4Pjgq8KPGJyPgo8YnI+57Sg5p2QOlBWQyAxMDAlCjxicj4KPGJyPirjg5bjg6njg7Pjg4nku5Xmp5jjgavjgojjgorjgrnjg4rjg4Pjg5fjg5zjgr/jg7PjgYzlm7rjgYTloLTlkIjjgYzjgZTjgZbjgYTjgb7jgZnjgIIKPGJyPuOBlOS6huaJv+OBruS4iuOBlOizvOWFpeOBj+OBoOOBleOBhOOAggo8YnI+Cjxicj7jgJDjgrXjgqTjgrrjgJEKPGJyPuWFqOmVtyA4OWNtCjxicj7jgqrjg7zjg5fjg7PmmYLnm7TlvoQ6MTAyY20KPGJyPumHjeOBlTozOTNnCjxicj4KPGJyPuOAkOWFqOWbveS4gOW+i+mAgeaWmeeEoeaWmeOAkQo8L2NlbnRlcj4gCjxjZW50ZXI+Cgo8aW1nIHdpZHRoPSIxMDAlIiBzcmM9Imh0dHA6Ly93d3cucmFrdXRlbi5uZS5qcC9nb2xkL2Nsb3plc3Qvb3RoZXIvbHVsdV9pbWFnZWJhbm5lci5qcGciID4KTFVMVSBHVUlOTkVTUyDkuIDopqfjga/jgZPjgaHjgonvvIE8YnI+Cjxicj4KS2Vuc2luZ3RvbiDkuIDopqfjga/jgZPjgaHjgonvvIE8YnI+Cjxicj4K44Os44OH44Kj44O844K5IOOCueOCv+ODs+ODgOODvOODieWCmCDkuIDopqfjga/jgZPjgaHjgonvvIE8YnI+CjwvY2VudGVyPg==,44OV44Or44OI44OzIHgg44Or44Or44Ku44ON44K5IOWCmCBMdWx1IEd1aW5uZXNzIHggRlVMVE9OIOOCs+ODqeODnCDjgrHjg7Pjgrjjg7Pjg4jjg7Mg44Kr44OD44OI44Ki44Km44OI44Ot44K044Oq44OD44OXIOODluODqeODg+OCryDjg6zjg4fjgqPjg7zjgrkg6ZW35YKYIOOBi+OBlSDjg5fjg6zjgrzjg7Pjg4gg44Ku44OV44OI77yaQ0xPWkVTVCDjg6Ljg4Pjgrrjg6Hjg7Pjgrrjg6zjg4fjgqPjg7zjgrk=,6YCa5L+h6LKp5aOy6YCa6LKp44K344On44OD44OU44Oz44Kw44Kq44Oz44Op44Kk44Oz44K344On44OD44OU44Oz44Kw6LK344GE54mp44OX44Os44K844Oz44OI44Ku44OV44OI6LSI44KK54mp6LSI562U5ZOB44GK5Lit5YWD44GK5q2z5pqu44GK6LK344GE5b6X44OV44Os44OD44OJ44Oa44Oq44O8RnJlZCBQZXJyeUJlbiBTaGVybWFu44OZ44Oz44K344Oj44O844Oe44Oz44Oh44Or44KvbWVyY+ODleODq+ODiOODs0Z1bHRvbuODreODvOOCr0xvYWtl44K444On44Oz44K544OI44Oz44K644Oi44OD44K644OV44Kh44OD44K344On44Oz44OE44Kk44O844OJ44Of44Or44Oi44OD44K65YKY44Os44OH44Kj44O844K544Oh44Oz44K66YCa6LKp44OQ44Op44Kv44O844K/44OQ44OW44Ki44O844OV44Or44OI44OzIHgg44Or44Or44Ku44ON44K5IOWCmCBMdWx1IEd1aW5uZXNzIHggRlVMVE9OIOOCs+ODqeODnCDjgrHjg7Pjgrjjg7Pjg4jjg7Mg44Kr44OD44OI44Ki44Km44OI44Ot44K044Oq44OD44OXIOODluODqeODg+OCryDjg6zjg4fjgqPjg7zjgrkg6ZW35YKYIOOBi+OBlSDjg5fjg6zjgrzjg7Pjg4gg44Ku44OV44OI,RlVMVE9OIOWCmCDjgJDpgIHmlpnnhKHmlpnjgJHjgILjg5Xjg6vjg4jjg7MgeCDjg6vjg6vjgq7jg43jgrkg5YKYIEx1bHUgR3Vpbm5lc3MgeCBGVUxUT04g44Kz44Op44OcIOOCseODs+OCuOODs+ODiOODsyDjgqvjg4Pjg4jjgqLjgqbjg4jjg63jgrTjg6rjg4Pjg5cg44OW44Op44OD44KvIOODrOODh+OCo+ODvOOCuSDplbflgpgg44GL44GVIOODl+ODrOOCvOODs+ODiCDjgq7jg5Xjg4g=[rn]
15-197345,aHR0cDovL3RzaG9wLnIxMHMuanAvY2xvemVzdC9jYWJpbmV0LzAxMzgxOTcyL2Z1bHRvbmVsbGFqb3VsZXMvZnVsdG9ubDc2NGN1dG9sb2dvZC5qcGc/Zml0aW49NzAwOjcwMA==,NzM0NC4wMDAw,,44OQ44OD44Kw44O75bCP54mp44O744OW44Op44Oz44OJ6ZuR6LKoID4g5YKYID4g44Os44OH44Kj44O844K56Zuo5YKY,44OV44Or44OI44OzIHgg44Or44Or44Ku44ON44K5IOWCmCBMdWx1IEd1aW5uZXNzIHggRlVMVE9OIOOCs+ODqeODnCDjgrHjg7Pjgrjjg7Pjg4jjg7Mg44Kr44OD44OI44Ki44Km44OI44Ot44K0IOODrOODh+OCo+ODvOOCuSDplbflgpgg44GL44GVIOODl+ODrOOCvOODs+ODiCDjgq7jg5Xjg4g=,,44Ku44OV44OI5YyF6KOF54Sh5paZ44Gn44GZIDxicj48YnI+CjxjZW50ZXI+CjxpbWcgd2lkdGg9IjEwMCUiIGJvcmRlcj0iMCJzcmM9Imh0dHA6Ly9pbWFnZS5yYWt1dGVuLmNvLmpwL2Nsb3plc3QvY2FiaW5ldC8wMTM4MTk3Mi9mdWx0b25lbGxham91bGVzL2Z1bHRvbmw3NjRjdXRvbG9nb2UuanBnIj4KPGltZyB3aWR0aD0iMTAwJSIgYm9yZGVyPSIwInNyYz0iaHR0cDovL2ltYWdlLnJha3V0ZW4uY28uanAvY2xvemVzdC9jYWJpbmV0LzAxMzgxOTcyL2Z1bHRvbmVsbGFqb3VsZXMvZnVsdG9ubDc2NGN1dG9sb2dvZi5qcGciPgo8YnI+44Ot44Oz44OJ44Oz44OV44Kh44OD44K344On44Oz44Gu5aSn5Lq65rCX44OW44Op44Oz44OJCjxicj5MdWx1IEd1aW5uZXNz44GoRlVMVE9O56S+44Gu44Kz44Op44Oc44Ki44Kk44OG44Og44CCCjxicj5GdWx0b24g44OV44Or44OI44Oz44GuS2Vuc2luZ3RvbiDjgrHjg7Pjgrjjg7Pjg4jjg7MKPGJyPuOCq+ODg+ODiOOCouOCpuODiOODreOCtOOBp+OBmeOAggo8YnI+Cjxicj7plovjgY/jgajnm7TlvoQxMDJjbeOBq+OCguOBquOCi+Wkp+OBjeOBquS9nOOCiuOAggo8YnI+6Zuo44Gr5r+h44KM44Gr44GP44GP44CB5by36aKo44Gr44KC5by344GE44Gn44GZ44CCCjxicj7pq5jntJrmhJ/muqLjgozjgovjg4fjgrbjgqTjg7PjgoTkvZzjgorjgYwKPGJyPuOCruODleODiOOBqOOBl+OBpuOCguOBiuOCueOCueODoeOBruOCouOCpOODhuODoOOBp+OBmeOAggo8YnI+Cjxicj7mj6HjgorjgoTjgZnjgYTjg4/jg7Pjg4njg6vjgoLnibnlvrTnmoTjgafjgZnjgIIKPGJyPgo8YnI+5ZWG5ZOB5ZCNOmZ1bHRvbmw3NjRjdXRvdXRsb2dvCjxicj4KPGJyPuOCq+ODqeODvDrjgqvjg4Pjg4jjgqLjgqbjg4jjg63jgrQKPGJyPgo8YnI+57Sg5p2QOlBWQyAxMDAlCjxicj4KPGJyPuOAkOOCteOCpOOCuuOAkQo8YnI+5YWo6ZW3IDg5Y20KPGJyPuOCquODvOODl+ODs+aZguebtOW+hDoxMDJjbQo8YnI+6YeN44GVOjM5M2cKPGJyPgo8YnI+44CQ5YWo5Zu95LiA5b6L6YCB5paZ54Sh5paZ44CRPGJyPgo8L2NlbnRlcj4gCjxjZW50ZXI+Cgo8aW1nIHdpZHRoPSIxMDAlIiBzcmM9Imh0dHA6Ly93d3cucmFrdXRlbi5uZS5qcC9nb2xkL2Nsb3plc3Qvb3RoZXIvbHVsdV9pbWFnZWJhbm5lci5qcGciPgpMVUxVIEdVSU5ORVNTIOS4gOimp+OBr+OBk+OBoeOCie+8gTxicj4KPGJyPgpLZW5zaW5ndG9uIOS4gOimp+OBr+OBk+OBoeOCie+8gTxicj4KPGJyPgrjg6zjg4fjgqPjg7zjgrkg44K544K/44Oz44OA44O844OJ5YKYIOS4gOimp+OBr+OBk+OBoeOCie+8gTxicj4KPC9jZW50ZXI+,44OV44Or44OI44OzIHgg44Or44Or44Ku44ON44K5IOWCmCBMdWx1IEd1aW5uZXNzIHggRlVMVE9OIOOCs+ODqeODnCDjgrHjg7Pjgrjjg7Pjg4jjg7Mg44Kr44OD44OI44Ki44Km44OI44Ot44K0IOODrOODh+OCo+ODvOOCuSDplbflgpgg44GL44GVIOODl+ODrOOCvOODs+ODiCDjgq7jg5Xjg4jvvJpDTE9aRVNUIOODouODg+OCuuODoeODs+OCuuODrOODh+OCo+ODvOOCuQ==,6YCa5L+h6LKp5aOy6YCa6LKp44K344On44OD44OU44Oz44Kw44Kq44Oz44Op44Kk44Oz44K344On44OD44OU44Oz44Kw6LK344GE54mp44OX44Os44K844Oz44OI44Ku44OV44OI6LSI44KK54mp6LSI562U5ZOB44GK5Lit5YWD44GK5q2z5pqu44GK6LK344GE5b6X44OV44Os44OD44OJ44Oa44Oq44O8RnJlZCBQZXJyeUJlbiBTaGVybWFu44OZ44Oz44K344Oj44O844Oe44Oz44Oh44Or44KvbWVyY+ODleODq+ODiOODs0Z1bHRvbuODreODvOOCr0xvYWtl44K444On44Oz44K544OI44Oz44K644Oi44OD44K644OV44Kh44OD44K344On44Oz44OE44Kk44O844OJ44Of44Or44Oi44OD44K65YKY44Os44OH44Kj44O844K544Oh44Oz44K66YCa6LKp44OQ44Op44Kv44O844K/44OQ44OW44Ki44O844OV44Or44OI44OzIHgg44Or44Or44Ku44ON44K5IOWCmCBMdWx1IEd1aW5uZXNzIHggRlVMVE9OIOOCs+ODqeODnCDjgrHjg7Pjgrjjg7Pjg4jjg7Mg44Kr44OD44OI44Ki44Km44OI44Ot44K0IOODrOODh+OCo+ODvOOCuSDplbflgpgg44GL44GVIOODl+ODrOOCvOODs+ODiCDjgq7jg5Xjg4g=,RlVMVE9OIOWCmCDjgJDpgIHmlpnnhKHmlpnjgJHjgILjg5Xjg6vjg4jjg7MgeCDjg6vjg6vjgq7jg43jgrkg5YKYIEx1bHUgR3Vpbm5lc3MgeCBGVUxUT04g44Kz44Op44OcIOOCseODs+OCuOODs+ODiOODsyDjgqvjg4Pjg4jjgqLjgqbjg4jjg63jgrQg44Os44OH44Kj44O844K5IOmVt+WCmCDjgYvjgZUg44OX44Os44K844Oz44OIIOOCruODleODiA==[rn]
15-197346,aHR0cDovL3RzaG9wLnIxMHMuanAvY2xvemVzdC9jYWJpbmV0LzAxMzgxOTcyL2Z1bHRvbmVsbGFqb3VsZXMvZnVsdG9ubDcxOWFibGlwZC5qcGc/Zml0aW49NzAwOjcwMA==,NjkxMi4wMDAw,,44OQ44OD44Kw44O75bCP54mp44O744OW44Op44Oz44OJ6ZuR6LKoID4g5YKYID4g44Os44OH44Kj44O844K56Zuo5YKY,44OV44Or44OI44OzIHgg44Or44Or44Ku44ON44K5IOWCmCBMdWx1IEd1aW5uZXNzIHggRlVMVE9OIOOCs+ODqeODnCDjg5Djg7zjg4njgrHjg7zjgrgg44Ki44OW44K544OI44Op44Kv44OI44Oq44OD44OXIOmVt+WCmCDjg6zjg4fjgqPjg7zjgrkg44OX44Os44K844Oz44OIIOOCruODleODiA==,,44Ku44OV44OI5YyF6KOF54Sh5paZ44Gn44GZIDxicj48YnI+PGNlbnRlcj48aW1nIHdpZHRoPSIxMDAlIiBib3JkZXI9IjAic3JjPSJodHRwOi8vaW1hZ2UucmFrdXRlbi5jby5qcC9jbG96ZXN0L2NhYmluZXQvMDEzODE5NzIvZnVsdG9uZWxsYWpvdWxlcy9mdWx0b25sNzE5YWJsaXBlLmpwZyI+CjxpbWcgd2lkdGg9IjEwMCUiIGJvcmRlcj0iMCJzcmM9Imh0dHA6Ly9pbWFnZS5yYWt1dGVuLmNvLmpwL2Nsb3plc3QvY2FiaW5ldC8wMTM4MTk3Mi9mdWx0b25lbGxham91bGVzL2Z1bHRvbmw3MTlhYmxpcGYuanBnIj48YnI+Cjxicj7jg63jg7Pjg4njg7Pjg5XjgqHjg4Pjgrfjg6fjg7Pjga7lpKfkurrmsJfjg5bjg6njg7Pjg4kKPGJyPkx1bHUgR3Vpbm5lc3PjgahGVUxUT07npL7jga7jgrPjg6njg5zjgqLjgqTjg4bjg6DjgIIKPGJyPkZ1bHRvbiDjg5Xjg6vjg4jjg7Pjga5CaXJkY2FnZeOCt+ODquODvOOCuuOBp+OBmeOAgiAKPGJyPgo8YnI+44GT44Gh44KJ44Gu44Oi44OH44Or44GvCjxicj50aGUgUXVlZW4g44Ko44Oq44K244OZ44K5MuS4luWls+eOi+mZm+S4i+OBqwo8YnI+44GU5L2/55So44GE44Gf44Gg44GE44Gm44GE44KL54mp44Gr44Gq44KK44G+44GZ44CCIAo8YnI+Cjxicj7ps6XjgYvjgZTjgpLjg6Ljg4Hjg7zjg5XjgajjgZfjgZ/kvZzjgorjgYwKPGJyPumbqOOBquOBqeOBp+iCqeWRqOOCiuOBjOa/oeOCjOOBq+OBj+OBj+apn+iDveaAp+aKnOe+pOOAggo8YnI+44K344OD44Kv44Gq44OQ44O844Ks44Oz44OH44Kj44O844Gu44Op44Kk44Oz44GoCjxicj7jg6/jg7Pjg53jgqTjg7Pjg4jjga7jg6rjg4Pjg5fjgYzjg4fjgrbjgqTjg7PjgIIKPGJyPgo8YnI+6ZaL6ZaJ44Gk44G+44G/44Gv5LiK44Gr5oyB44Gh5LiK44GS44KL44Gg44GR44Gq44Gu44GnCjxicj7nsKHljZjjgrnjg6Djg7zjgrnjgafjgajjgabjgoLkvr/liKnjgafjgZnjgIIKPGJyPuW8t+miqOOBq+OCguW8t+OBhOeJueauiuOBque0oOadkOOCkuS9v+eUqOOBl+OBpuOBiuOCiuOBvuOBmeOAggo8YnI+6Ieq5YiG55So44Gv5Yu/6KuW44Gu44GT44Go44CB44OX44Os44K844Oz44OI44Gr44KCCjxicj7jgYrjgrnjgrnjg6Hjga7jgqLjgqTjg4bjg6DjgafjgZnjgIIKPGJyPgo8YnI+5ZWG5ZOB5ZCNOmZ1bHRvbmw3MTlhYnN0cmFjdGxpcAo8YnI+Cjxicj7jgqvjg6njg7w644Ki44OW44K544OI44Op44Kv44OI44Oq44OD44OXCjxicj4KPGJyPue0oOadkDpQVkMgMTAwJQo8YnI+Cjxicj7jgJDjgrXjgqTjgrrjgJEKPGJyPuWFqOmVtyA5NGNtCjxicj7nm7TlvoQ6ODZjbQo8YnI+6YeN44GVOjQ2MmcKPGJyPgo8YnI+44CQ5YWo5Zu95LiA5b6L6YCB5paZ54Sh5paZ44CRCjxicj4KPGJyPiroo73lk4Hjga7ku5Xmp5jkuIrjgIEKPGJyPuiJsuenu+OCiuOBjOOBlOOBluOBhOOBvuOBmeOBruOBp+OBlOS6huaJv+mhmOOBhOOBvuOBmeOAggo8YnI+KuaMh+OBr+OBleOBv+mYsuatouOBruOBn+OCgeODreODg+OCr+OBjOeUmOOBhOWgtOWQiOOBjOOBlOOBluOBhOOBvuOBmeOAggo8YnI+5YKY44KS6ZaJ44GY44Gm44KL6Zqb44Gv44OZ44Or44OI44KS57eg44KB44Gm44GU5L2/55So5LiL44GV44GE44CCCjxicj7jgb7jgZ/jgIHjgY/jgaPjgaTjgY3pmLLmraLjga7jgZ/jgoHjga7nsonjgYzloZfluIPjgZXjgozjgabjgYrjgorjgb7jgZnjgIIKPGJyPgo8YnI+44GT44Gh44KJ44Gu5YKY44Gv5b2i54q25LiK44CB572u44GN5bmy44GX44KS44GZ44KL44GoCjxicj7jg5Xjg6zjg7zjg6DjgavpgY7luqbjga7osqDojbfjgYzjgYvjgYvjgorjgb7jgZnjga7jgafjgIEKPGJyPuOBlOS9v+eUqOW+jOOBruS5vueHpeWHpueQhuOBr+mHo+OCiuW5suOBl+OBp+OBiumhmOOBhOOBl+OBvuOBmeOAggo8YnI+Cgo8aW1nIHdpZHRoPSIxMDAlIiBzcmM9Imh0dHA6Ly93d3cucmFrdXRlbi5uZS5qcC9nb2xkL2Nsb3plc3Qvb3RoZXIvbHVsdV9pbWFnZWJhbm5lci5qcGciID4KTFVMVSBHVUlOTkVTUyDkuIDopqfjga/jgZPjgaHjgonvvIE8YnI+Cjxicj4KQmlyZCBDYWdlIOS4gOimp+OBr+OBk+OBoeOCie+8gTxicj4KPGJyPgrjg6zjg4fjgqPjg7zjgrkg44K544K/44Oz44OA44O844OJ5YKYIOS4gOimp+OBr+OBk+OBoeOCie+8gQo8L2NlbnRlcj4=,44OV44Or44OI44OzIHgg44Or44Or44Ku44ON44K5IOWCmCBMdWx1IEd1aW5uZXNzIHggRlVMVE9OIOOCs+ODqeODnCDjg5Djg7zjg4njgrHjg7zjgrgg44Ki44OW44K544OI44Op44Kv44OI44Oq44OD44OXIOmVt+WCmCDjg6zjg4fjgqPjg7zjgrkg44OX44Os44K844Oz44OIIOOCruODleODiO+8mkNMT1pFU1Qg44Oi44OD44K644Oh44Oz44K644Os44OH44Kj44O844K5,6YCa5L+h6LKp5aOy6YCa6LKp44K344On44OD44OU44Oz44Kw44Kq44Oz44Op44Kk44Oz44K344On44OD44OU44Oz44Kw6LK344GE54mp44OX44Os44K844Oz44OI44Ku44OV44OI6LSI44KK54mp6LSI562U5ZOB44GK5Lit5YWD44GK5q2z5pqu44GK6LK344GE5b6X44OV44Os44OD44OJ44Oa44Oq44O8RnJlZCBQZXJyeUJlbiBTaGVybWFu44OZ44Oz44K344Oj44O844Oe44Oz44Oh44Or44KvbWVyY+ODleODq+ODiOODs0Z1bHRvbuODreODvOOCr0xvYWtl44K444On44Oz44K544OI44Oz44K644Oi44OD44K644OV44Kh44OD44K344On44Oz44OE44Kk44O844OJ44Of44Or44Oi44OD44K65YKY44Os44OH44Kj44O844K544Oh44Oz44K66YCa6LKp44OQ44Op44Kv44O844K/44OQ44OW44Ki44O844OV44Or44OI44OzIHgg44Or44Or44Ku44ON44K5IOWCmCBMdWx1IEd1aW5uZXNzIHggRlVMVE9OIOOCs+ODqeODnCDjg5Djg7zjg4njgrHjg7zjgrgg44Ki44OW44K544OI44Op44Kv44OI44Oq44OD44OXIOmVt+WCmCDjg6zjg4fjgqPjg7zjgrkg44OX44Os44K844Oz44OIIOOCruODleODiA==,THVMdSBHdWluZXNzIOODq+ODq+OCruODjeOCuSBGVUxUT04g44OV44Or44OI44OzIOWCmOOAguODleODq+ODiOODsyB4IOODq+ODq+OCruODjeOCuSDlgpggTHVsdSBHdWlubmVzcyB4IEZVTFRPTiDjgrPjg6njg5wg44OQ44O844OJ44Kx44O844K4IOOCouODluOCueODiOODqeOCr+ODiOODquODg+ODlyDplbflgpgg44Os44OH44Kj44O844K5IOODl+ODrOOCvOODs+ODiCDjgq7jg5Xjg4g=[rn]
15-197347,aHR0cDovL3RzaG9wLnIxMHMuanAvY2xvemVzdC9jYWJpbmV0LzAxMzgxOTcyL2Z1bHRvbmVsbGFqb3VsZXMvZnVsdG9ubDcxOXR3b2ZhY2VkZC5qcGc/Zml0aW49NzAwOjcwMA==,NjkxMi4wMDAw,,44OQ44OD44Kw44O75bCP54mp44O744OW44Op44Oz44OJ6ZuR6LKoID4g5YKYID4g44Os44OH44Kj44O844K56Zuo5YKY,44OV44Or44OI44OzIHgg44Or44Or44Ku44ON44K5IOWCmCBMdWx1IEd1aW5uZXNzIHggRlVMVE9OIOOCs+ODqeODnCDjg5Djg7zjg4njgrHjg7zjgrgg44Oq44OD44OXIOODhOODvOODleOCp+OCpOOCuSDplbflgpgg44Os44OH44Kj44O844K5IOODl+ODrOOCvOODs+ODiCDjgq7jg5Xjg4g=,,44Ku44OV44OI5YyF6KOF54Sh5paZ44Gn44GZIDxicj48YnI+PGNlbnRlcj4KPGltZyB3aWR0aD0iMTAwJSIgYm9yZGVyPSIwInNyYz0iaHR0cDovL2ltYWdlLnJha3V0ZW4uY28uanAvY2xvemVzdC9jYWJpbmV0LzAxMzgxOTcyL2Z1bHRvbmVsbGFqb3VsZXMvZnVsdG9ubDcxOXR3b2ZhY2VkZS5qcGciPgo8aW1nIHdpZHRoPSIxMDAlIiBib3JkZXI9IjAic3JjPSJodHRwOi8vaW1hZ2UucmFrdXRlbi5jby5qcC9jbG96ZXN0L2NhYmluZXQvMDEzODE5NzIvZnVsdG9uZWxsYWpvdWxlcy9mdWx0b25sNzE5dHdvZmFjZWRmMi5qcGciPgo8YnI+Cjxicj7jg63jg7Pjg4njg7Pjg5XjgqHjg4Pjgrfjg6fjg7Pjga7lpKfkurrmsJfjg5bjg6njg7Pjg4kKPGJyPkx1bHUgR3Vpbm5lc3PjgahGVUxUT07npL7jga7jgrPjg6njg5zjgqLjgqTjg4bjg6DjgIIKPGJyPkZ1bHRvbiDjg5Xjg6vjg4jjg7Pjga5CaXJkY2FnZeOCt+ODquODvOOCuuOBp+OBmeOAgiAKPGJyPgo8YnI+44GT44Gh44KJ44Gu44Oi44OH44Or44GvCjxicj50aGUgUXVlZW4g44Ko44Oq44K244OZ44K5MuS4luWls+eOi+mZm+S4i+OBqwo8YnI+44GU5L2/55So44GE44Gf44Gg44GE44Gm44GE44KL54mp44Gr44Gq44KK44G+44GZ44CCIAo8YnI+Cjxicj7ps6XjgYvjgZTjgpLjg6Ljg4Hjg7zjg5XjgajjgZfjgZ/kvZzjgorjgYwKPGJyPumbqOOBquOBqeOBp+iCqeWRqOOCiuOBjOa/oeOCjOOBq+OBj+OBj+apn+iDveaAp+aKnOe+pOOAggo8YnI+6a6u44KE44GL44Gq44Oq44OD44OX44Go44K344Ol44O844Or44Gq44OV44Kn44Kk44K544GM5YWo5L2T44Gr44OH44K244Kk44Oz44CCCjxicj4KPGJyPumWi+mWieOBpOOBvuOBv+OBr+S4iuOBq+aMgeOBoeS4iuOBkuOCi+OBoOOBkeOBquOBruOBpwo8YnI+57Ch5Y2Y44K544Og44O844K544Gn44Go44Gm44KC5L6/5Yip44Gn44GZ44CCCjxicj7lvLfpoqjjgavjgoLlvLfjgYTnibnmrorjgarntKDmnZDjgpLkvb/nlKjjgZfjgabjgYrjgorjgb7jgZnjgIIKPGJyPirmjIfjga/jgZXjgb/pmLLmraLjga7jgZ/jgoHjg63jg4Pjgq/jgYznlJjjgYTloLTlkIjjgYzjgZTjgZbjgYTjgb7jgZnjgIIKPGJyPuWCmOOCkumWieOBmOOBpuOCi+mam+OBr+ODmeODq+ODiOOCkue3oOOCgeOBpuOBlOS9v+eUqOS4i+OBleOBhOOAggo8YnI+44G+44Gf44CB44GP44Gj44Gk44GN6Ziy5q2i44Gu44Gf44KB44Gu57KJ44GM5aGX5biD44GV44KM44Gm44GK44KK44G+44GZ44CCCjxicj4KPC9jZW50ZXI+CjxjZW50ZXI+Cgo8aW1nIHdpZHRoPSIxMDAlIiBzcmM9Imh0dHA6Ly93d3cucmFrdXRlbi5uZS5qcC9nb2xkL2Nsb3plc3Qvb3RoZXIvbHVsdV9pbWFnZWJhbm5lci5qcGciID4KTFVMVSBHVUlOTkVTUyDkuIDopqfjga/jgZPjgaHjgonvvIE8YnI+Cjxicj4K44Os44OH44Kj44O844K5IOOCueOCv+ODs+ODgOODvOODieWCmCDkuIDopqfjga/jgZPjgaHjgonvvIE8YnI+Cjxicj48YnI+IApGVUxUT07kuIDopqfjga/jgZPjgaHjgonvvIEKPC9jZW50ZXI+,44OV44Or44OI44OzIHgg44Or44Or44Ku44ON44K5IOWCmCBMdWx1IEd1aW5uZXNzIHggRlVMVE9OIOOCs+ODqeODnCDjg5Djg7zjg4njgrHjg7zjgrgg44Oq44OD44OXIOODhOODvOODleOCp+OCpOOCuSDplbflgpgg44Os44OH44Kj44O844K5IOODl+ODrOOCvOODs+ODiCDjgq7jg5Xjg4jvvJpDTE9aRVNUIOODouODg+OCuuODoeODs+OCuuODrOODh+OCo+ODvOOCuQ==,6YCa5L+h6LKp5aOy6YCa6LKp44K344On44OD44OU44Oz44Kw44Kq44Oz44Op44Kk44Oz44K344On44OD44OU44Oz44Kw6LK344GE54mp44OX44Os44K844Oz44OI44Ku44OV44OI6LSI44KK54mp6LSI562U5ZOB44GK5Lit5YWD44GK5q2z5pqu44GK6LK344GE5b6X44OV44Os44OD44OJ44Oa44Oq44O8RnJlZCBQZXJyeUJlbiBTaGVybWFu44OZ44Oz44K344Oj44O844Oe44Oz44Oh44Or44KvbWVyY+ODleODq+ODiOODs0Z1bHRvbuODreODvOOCr0xvYWtl44K444On44Oz44K544OI44Oz44K644Oi44OD44K644OV44Kh44OD44K344On44Oz44OE44Kk44O844OJ44Of44Or44Oi44OD44K65YKY44Os44OH44Kj44O844K544Oh44Oz44K66YCa6LKp44OQ44Op44Kv44O844K/44OQ44OW44Ki44O844OV44Or44OI44OzIHgg44Or44Or44Ku44ON44K5IOWCmCBMdWx1IEd1aW5uZXNzIHggRlVMVE9OIOOCs+ODqeODnCDjg5Djg7zjg4njgrHjg7zjgrgg44Oq44OD44OXIOODhOODvOODleOCp+OCpOOCuSDplbflgpgg44Os44OH44Kj44O844K5IOODl+ODrOOCvOODs+ODiCDjgq7jg5Xjg4g=,44CQ6YCB5paZ54Sh5paZ44CR44OV44Or44OI44OzIOmVt+WCmOOAguODleODq+ODiOODsyB4IOODq+ODq+OCruODjeOCuSDlgpggTHVsdSBHdWlubmVzcyB4IEZVTFRPTiDjgrPjg6njg5wg44OQ44O844OJ44Kx44O844K4IOODquODg+ODlyDjg4Tjg7zjg5XjgqfjgqTjgrkg6ZW35YKYIOODrOODh+OCo+ODvOOCuSDjg5fjg6zjgrzjg7Pjg4gg44Ku44OV44OI[rn]
15-197348,aHR0cDovL3RzaG9wLnIxMHMuanAvY2xvemVzdC9jYWJpbmV0LzAxMzgxOTcyL2Z1bHRvbmVsbGFqb3VsZXMvZnVsdG9ubDcxNWdvbGRlbmQuanBnP2ZpdGluPTcwMDo3MDA=,NjkxMi4wMDAw,,44OQ44OD44Kw44O75bCP54mp44O744OW44Op44Oz44OJ6ZuR6LKoID4g5YKYID4g44Os44OH44Kj44O844K56Zuo5YKY,44CQ5YKYIOODrOODh+OCo+ODvOOCueOAkeODleODq+ODiOODsyBGVUxUT04g5YKYIOODrOODh+OCo+ODvOOCuSB4IOODouODquOCuSBHb2xkZW4gTGlseSDplbflgpgg6Iqx5p+EIE1vcnJpcyDlgpgg44Os44OH44Kj44O844K5IOiLseWbveeOi+WupOW+oeeUqOmBlCDjg5Xjg6vjg4jjg7Mg44GL44GVIOOBiuOBl+OCg+OCjCDlgpgg44Os44OH44Kj44O844K5IOODl+ODrOOCvOODs+ODiCDjgq7jg5Xjg4g=,,44Ku44OV44OI5YyF6KOF54Sh5paZ44Gn44GZIDxicj48YnI+PGNlbnRlcj48aW1nIHdpZHRoPSIxMDAlIiBib3JkZXI9IjAic3JjPSJodHRwOi8vaW1hZ2UucmFrdXRlbi5jby5qcC9jbG96ZXN0L2NhYmluZXQvMDEzODE5NzIvZnVsdG9uZWxsYWpvdWxlcy9mdWx0b25sNzE1Z29sZGVuZC5qcGciPgo8aW1nIHdpZHRoPSIxMDAlIiBib3JkZXI9IjAic3JjPSJodHRwOi8vaW1hZ2UucmFrdXRlbi5jby5qcC9jbG96ZXN0L2NhYmluZXQvMDEzODE5NzIvZnVsdG9uZWxsYWpvdWxlcy9mdWx0b25sNzE1Z29sZGVubGlsZi5naWYiPjxicj4KPGJyPkZ1bHRvbiDjg5Xjg6vjg4jjg7PDl+OCpuOCo+ODquOCouODoOODu+ODouODquOCueOBrgo8YnI+44Kz44Op44Oc44Os44O844K344On44Oz44Oi44OH44Or44Gn44GZ44CCCjxicj4KPGJyPuacrOeJqeOBruacqOOCkuS9v+eUqOOBl+OBn+OCt+ODo+ODleODiOOBqAo8YnI+6YeR5bGe44Gu6aqo57WE44G/44GM44OH44K244Kk44Oz5oCn44Go6ICQ5LmF5oCn44KS5Lih56uL44GX44G+44GX44Gf44CCCjxicj7ou73ph4/jgaflpbPmgKfjgYzjgZfjgbDjgonjgY/mjIHjgaPjgabjgYTjgabjgoLnlrLjgozjgavjgY/jgYTku5Xmp5jjgIIKPGJyPumuruOChOOBi+OBquODleODqeODr+ODvOOBqOODquODvOODleOAgQo8YnI+44Gd44GX44Gm44OR44Ov44O844Kr44Op44O844Gu6buE44Go57eR44KS5Z+66Kq/44Go44GXCjxicj7nvo7jgZfjgZXjgpLlhajpnaLnmoTjgavmirzjgZflh7rjgZfjgZ/jgqLjg7Pjg5bjg6zjg6njgafjgZnjgIIKPGJyPuOCr+ODqeOCt+ODg+OCr+OBp+OBqeOBruS4luS7o+OBq+OCguOBiuOBmeOBmeOCgeOBp+OBjeOBvuOBmeOAggo8YnI+Cjxicj7jg4/jg7Pjg4njg6vjgavjga/jg4fjgrbjgqTjg4rjg7zjgIEKPGJyPuOCpuOCo+ODquOCouODoOODu+ODouODquOCueOBruWJtealreOBl+OBn+ODluODqeODs+ODiQo8YnI+TU9SUklTJkNvLuOBruWIu+WNsOOBjOWIu+OBvuOCjOOBpuOBhOOBvuOBmeOAggo8YnI+6ZaL6ZaJ44KC44Kk44K/44Oq44Ki44Oz44K544K/44Kk44Or44GnCjxicj7jgajjgabjgoLjgrnjg6Djg7zjgrnjgafjgZnjgIIKPGJyPuOCruODleODiOOBq+OCguWkp+WkieWWnOOBsOOCjOOCi+S4gOWTgeOBp+OBmeKYhQo8YnI+Cjxicj7llYblk4HlkI06IGZ1bHRvbmw3MTVnb2xkZW5saWx5Cjxicj4KPGJyPuODh+OCtuOCpOODszog44K044O844Or44OH44Oz44Oq44Oq44KjCjxicj4KPGJyPue0oOadkDog44Od44Oq44Ko44K544OG44OrIDEwMCUKPGJyPgo8YnI+5YWo6ZW3Ojg5Y20KPGJyPuebtOW+hDoxMDJjbQo8YnI+CuOAkOWFqOWbveS4gOW+i+mAgeaWmeeEoeaWmeOAkTxicj4KPGJyPgo8L2NlbnRlcj4gCjxjZW50ZXI+CgpVSyDjg6Ljg4Pjgrrjg5XjgqHjg4Pjgrfjg6fjg7Pjgrvjg6zjgq/jg4jjgrfjg6fjg4Pjg5c8YnI+CkFCQkVZIENMT1pFU1Q8YnI+CuOCouODk+ODvOOCr+ODreODvOOCvOOCueODiDxicj4K44GK5bqX44OI44OD44OXCjwvY2VudGVyPgo8YnI+,44CQ5YKYIOODrOODh+OCo+ODvOOCueOAkeODleODq+ODiOODsyBGVUxUT04g5YKYIOODrOODh+OCo+ODvOOCuSB4IOODouODquOCuSBHb2xkZW4gTGlseSDplbflgpgg6Iqx5p+EIE1vcnJpcyDlgpgg44Os44OH44Kj44O844K5IOiLseWbveeOi+WupOW+oeeUqOmBlCDjg5Xjg6vjg4jjg7Mg44GL44GVIOOBiuOBl+OCg+OCjCDlgpgg44Os44OH44Kj44O844K5IOODl+ODrOOCvOODs+ODiCDjgq7jg5Xjg4jvvJpDTE9aRVNUIOODouODg+OCuuODoeODs+OCuuODrOODh+OCo+ODvOOCuQ==,6YCa5L+h6LKp5aOy6YCa6LKp44K344On44OD44OU44Oz44Kw44Kq44Oz44Op44Kk44Oz44K344On44OD44OU44Oz44Kw6LK344GE54mp44OX44Os44K844Oz44OI44Ku44OV44OI6LSI44KK54mp6LSI562U5ZOB44GK5Lit5YWD44GK5q2z5pqu44GK6LK344GE5b6X44OV44Os44OD44OJ44Oa44Oq44O8RnJlZCBQZXJyeUJlbiBTaGVybWFu44OZ44Oz44K344Oj44O844Oe44Oz44Oh44Or44KvbWVyY+ODleODq+ODiOODs0Z1bHRvbuODreODvOOCr0xvYWtl44K444On44Oz44K544OI44Oz44K644Oi44OD44K644OV44Kh44OD44K344On44Oz44OE44Kk44O844OJ44Of44Or44Oi44OD44K65YKY44Os44OH44Kj44O844K544Oh44Oz44K66YCa6LKp44OQ44Op44Kv44O844K/44OQ44OW44Ki44O844CQ5YKYIOODrOODh+OCo+ODvOOCueOAkeODleODq+ODiOODsyBGVUxUT04g5YKYIOODrOODh+OCo+ODvOOCuSB4IOODouODquOCuSBHb2xkZW4gTGlseSDplbflgpgg6Iqx5p+EIE1vcnJpcyDlgpgg44Os44OH44Kj44O844K5IOiLseWbveeOi+WupOW+oeeUqOmBlCDjg5Xjg6vjg4jjg7Mg44GL44GVIOOBiuOBl+OCg+OCjCDlgpgg44Os44OH44Kj44O844K5IOODl+ODrOOCvOODs+ODiCDjgq7jg5Xjg4g=,6Iux5Zu9546L5a6k5b6h55So6YGUIEZ1bHRvbuOAkOmAgeaWmeeEoeaWmeOAkeato+imjyBmdWx0b25sNzE1Z29sZGVubGlseSDjgILjgJDlgpgg44Os44OH44Kj44O844K544CR44OV44Or44OI44OzIEZVTFRPTiDlgpgg44Os44OH44Kj44O844K5IHgg44Oi44Oq44K5IEdvbGRlbiBMaWx5IOmVt+WCmCDoirHmn4QgTW9ycmlzIOWCmCDjg6zjg4fjgqPjg7zjgrkg6Iux5Zu9546L5a6k5b6h55So6YGUIOODleODq+ODiOODsyDjgYvjgZUg44GK44GX44KD44KMIOWCmCDjg6zjg4fjgqPjg7zjgrkg44OX44Os44K844Oz44OIIOOCruODleODiA==[rn]
15-197349,aHR0cDovL3RzaG9wLnIxMHMuanAvY2xvemVzdC9jYWJpbmV0LzAxMzgxOTcyL2Z1bHRvbmVsbGFqb3VsZXMvZnVsdG9ubDc4OGJpcmRwb21lZC5qcGc/Zml0aW49NzAwOjcwMA==,NjkxMi4wMDAw,,44OQ44OD44Kw44O75bCP54mp44O744OW44Op44Oz44OJ6ZuR6LKoID4g5YKYID4g44Os44OH44Kj44O844K56Zuo5YKY,44OV44Or44OI44OzIEZVTFRPTiDjg5Xjg6vjg4jjg7MgeCDjgqbjgqPjg6rjgqLjg6Djg6Ljg6rjgrkg5YKYIOODrOODh+OCo+ODvOOCuSDjgYvjgZUgQmlyZCBBbmQgUG9tZXJncmFuYXRlIOODouODquOCuSBNb3JyaXMg6ZW35YKYIOODl+ODrOOCvOODs+ODiCDjgq7jg5Xjg4g=,,44Ku44OV44OI5YyF6KOF54Sh5paZ44Gn44GZIDxicj48YnI+CjxjZW50ZXI+CjxpbWcgd2lkdGg9IjEwMCUiIGJvcmRlcj0iMCJzcmM9Imh0dHA6Ly93d3cucmFrdXRlbi5uZS5qcC9nb2xkL2Nsb3plc3QvZnVsdG9uL2Z1bHRvbmw3ODhiaXJkYW5kcG9tZXJncmFuYXRlZS5qcGciPgo8aW1nIHdpZHRoPSIxMDAlIiBib3JkZXI9IjAic3JjPSJodHRwOi8vd3d3LnJha3V0ZW4ubmUuanAvZ29sZC9jbG96ZXN0L2Z1bHRvbi9mdWx0b25sNzg4YmlyZGFuZHBvbWVyZ3JhbmF0ZWYuanBnIj48YnI+Cjxicj4KPGJyPkZ1bHRvbiDjg5Xjg6vjg4jjg7PDl+OCpuOCo+ODquOCouODoOODu+ODouODquOCueOBrgo8YnI+44Kz44Op44Oc44Os44O844K344On44Oz44Oi44OH44Or44Gn44GZ44CCCjxicj4KPGJyPuacrOeJqeOBruacqOOCkuS9v+eUqOOBl+OBn+OCt+ODo+ODleODiOOBqAo8YnI+6YeR5bGe44Gu6aqo57WE44G/44GM44OH44K244Kk44Oz5oCn44Go6ICQ5LmF5oCn44KS5Lih56uL44GX44G+44GX44Gf44CCCjxicj7ou73ph4/jgaflpbPmgKfjgYzjgZfjgbDjgonjgY/mjIHjgaPjgabjgYTjgabjgoLnlrLjgozjgavjgY/jgYTku5Xmp5jjgIIKPGJyPuS4iuWTgeOBquODkOODvOODieOCouODs+ODieODneODoeOCsOODqeODjeODvOODiOODh+OCtuOCpOODs+OBrgo8YnI+6Iq46KGT55qE44Gq44Ki44Oz44OW44Os44Op44Gn44GZ44CCCjxicj7jgq/jg6njgrfjg4Pjgq/jgafjganjga7kuJbku6PjgavjgoLjgYrjgZnjgZnjgoHjgafjgY3jgb7jgZnjgIIKPGJyPgo8YnI+44OP44Oz44OJ44Or44Gr44Gv44OH44K244Kk44OK44O844CBCjxicj7jgqbjgqPjg6rjgqLjg6Djg7vjg6Ljg6rjgrnjga7libXmpa3jgZfjgZ/jg5bjg6njg7Pjg4kKPGJyPk1PUlJJUyZDby7jga7liLvljbDjgYzliLvjgb7jgozjgabjgYTjgb7jgZnjgIIKPGJyPumWi+mWieOCguOCpOOCv+ODquOCouODs+OCueOCv+OCpOODq+OBpwo8YnI+44Go44Gm44KC44K544Og44O844K544Gn44GZ44CCCjxicj7jgq7jg5Xjg4jjgavjgoLlpKflpInllpzjgbDjgozjgovkuIDlk4HjgafjgZnjgIIgCjxicj4KPGJyPgo8YnI+5ZWG5ZOB5ZCNOmZ1bHRvbmw3ODhiaXJkYW5kcG9tZXJncmFuYXRlCjxicj4KPGJyPuOCq+ODqeODvDrjg5Djg7zjg4njgqLjg7Pjg4njg53jg6HjgrDjg6njg43jg7zjg4gKPGJyPgo8YnI+57Sg5p2QOlBWQyAxMDAlCjxicj4KPGJyPuOAkOOCteOCpOOCuuOAkQo8YnI+5YWo6ZW3Ojg5Y20KPGJyPuebtOW+hDoxMDJjbSAKPGJyPgo8YnI+44CQ5YWo5Zu95LiA5b6L6YCB5paZ54Sh5paZ44CRCjxicj4KPGJyPgoK44Os44OH44Kj44O844K5IOOCueOCv+ODs+ODgOODvOODieWCmCDkuIDopqfjga/jgZPjgaHjgonvvIE8YnI+CjwvY2VudGVyPg==,44OV44Or44OI44OzIEZVTFRPTiDjg5Xjg6vjg4jjg7MgeCDjgqbjgqPjg6rjgqLjg6Djg6Ljg6rjgrkg5YKYIOODrOODh+OCo+ODvOOCuSDjgYvjgZUgQmlyZCBBbmQgUG9tZXJncmFuYXRlIOODouODquOCuSBNb3JyaXMg6ZW35YKYIOODl+ODrOOCvOODs+ODiCDjgq7jg5Xjg4jvvJpDTE9aRVNUIOODouODg+OCuuODoeODs+OCuuODrOODh+OCo+ODvOOCuQ==,6YCa5L+h6LKp5aOy6YCa6LKp44K344On44OD44OU44Oz44Kw44Kq44Oz44Op44Kk44Oz44K344On44OD44OU44Oz44Kw6LK344GE54mp44OX44Os44K844Oz44OI44Ku44OV44OI6LSI44KK54mp6LSI562U5ZOB44GK5Lit5YWD44GK5q2z5pqu44GK6LK344GE5b6X44OV44Os44OD44OJ44Oa44Oq44O8RnJlZCBQZXJyeUJlbiBTaGVybWFu44OZ44Oz44K344Oj44O844Oe44Oz44Oh44Or44KvbWVyY+ODleODq+ODiOODs0Z1bHRvbuODreODvOOCr0xvYWtl44K444On44Oz44K544OI44Oz44K644Oi44OD44K644OV44Kh44OD44K344On44Oz44OE44Kk44O844OJ44Of44Or44Oi44OD44K65YKY44Os44OH44Kj44O844K544Oh44Oz44K66YCa6LKp44OQ44Op44Kv44O844K/44OQ44OW44Ki44O844OV44Or44OI44OzIEZVTFRPTiDjg5Xjg6vjg4jjg7MgeCDjgqbjgqPjg6rjgqLjg6Djg6Ljg6rjgrkg5YKYIOODrOODh+OCo+ODvOOCuSDjgYvjgZUgQmlyZCBBbmQgUG9tZXJncmFuYXRlIOODouODquOCuSBNb3JyaXMg6ZW35YKYIOODl+ODrOOCvOODs+ODiCDjgq7jg5Xjg4g=,6Iux5Zu9546L5a6k5b6h55So6YGUIEZVTFRPTuOAkOmAgeaWmeeEoeaWmeOAkSDlgpggIOOAguODleODq+ODiOODsyBGVUxUT04g44OV44Or44OI44OzIHgg44Km44Kj44Oq44Ki44Og44Oi44Oq44K5IOWCmCDjg6zjg4fjgqPjg7zjgrkg44GL44GVIEJpcmQgQW5kIFBvbWVyZ3JhbmF0ZSDjg6Ljg6rjgrkgTW9ycmlzIOmVt+WCmCDjg5fjg6zjgrzjg7Pjg4gg44Ku44OV44OI[rn]
15-197350,aHR0cDovL3RzaG9wLnIxMHMuanAvY2xvemVzdC9jYWJpbmV0LzAxMzgxOTcyL2Z1bHRvbmVsbGFqb3VsZXMvZnVsdG9ubDc1N2xvZGRlbmQuanBnP2ZpdGluPTcwMDo3MDA=,NTE4NC4wMDAw,,44OQ44OD44Kw44O75bCP54mp44O744OW44Op44Oz44OJ6ZuR6LKoID4g5YKYID4g44Os44OH44Kj44O844K56Zuo5YKY,44OV44Or44OI44OzIEZVTFRPTiDjg6Ljg6rjgrkg5YKYIOaKmOOCiuOBn+OBn+OBvyBNaW5pbGl0ZSBNb3JyaXMg44Oi44O844Oq44K5IExvZGRlbiDjg6zjg4fjgqPjg7zjgrkg44GL44GVIOODl+ODrOOCvOODs+ODiCDjgq7jg5Xjg4g=,,44Ku44OV44OI5YyF6KOF54Sh5paZ44Gn44GZIDxicj48YnI+PGNlbnRlcj48aW1nIHdpZHRoPSIxMDAlIiBib3JkZXI9IjAic3JjPSJodHRwOi8vaW1hZ2UucmFrdXRlbi5jby5qcC9jbG96ZXN0L2NhYmluZXQvMDEzODE5NzIvZnVsdG9uZWxsYWpvdWxlcy9mdWx0b25sNzU3bG9kZGVuZC5qcGciPgo8aW1nIHdpZHRoPSIxMDAlIiBib3JkZXI9IjAic3JjPSJodHRwOi8vaW1hZ2UucmFrdXRlbi5jby5qcC9jbG96ZXN0L2NhYmluZXQvMDEzODE5NzIvZnVsdG9uZWxsYWpvdWxlcy9mdWx0b25sNzU3bG9kZGVuZi5naWYiPjxicj4KPGJyPkZ1bHRvbiDjg5Xjg6vjg4jjg7PDl+OCpuOCo+ODquOCouODoOODu+ODouODquOCueOBrgo8YnI+44Kz44Op44Oc44Os44O844K344On44Oz44Oi44OH44Or44Gn44GZ44CCCjxicj4KPGJyPuaKmOOCiuOBn+OBn+OBv+OBquOBjOOCiTk2Y23jgagKPGJyPumAmuW4uOOBruOCouODs+ODluODrOODqeOBq+i/q+OCi+W6g+OAheOBqOOBl+OBnwo8YnI+44Kt44Oj44OO44OU44O844GM54m55b6044Gn44GZ44CCCjxicj7jgZ3jga7jgq3jg6Pjg47jg5Tjg7zjgoLjgIHoi7Hlm73jga7jg4fjgrbjgqTjg4rjg7wKPGJyPuOCpuOCo+ODquOCouODoOODu+ODouODquOCueOBruafhOOCkuS9v+eUqOOBl+OBpuOBiuOCiuOBvuOBmeOBruOBpwo8YnI+5b+D5Zyw44KI44GE56m66ZaT44KS5ryU5Ye644GX44G+44GZ44CCCjxicj4KPGJyPue+juOBl+OBhOabsue3mueahOOBquiPseW9ouOBruiKseafhOOBquOBqeWEqumbheOBp+S4iuWTgeOBquODreOCpuODh+ODs+ODh+OCtuOCpOODs+OAggo8YnI+44OV44Os44O844Og44KC6ICQ6aKo5oCn44Gr44GT44Gg44KP44Gj44Gf57Sg5p2Q44KSCjxicj7kvb/nlKjjgZnjgovjgarjganjgIHjg5Xjg6vjg4jjg7Pjga7lgpjjg6Hjg7zjgqvjg7zjgajjgZfjgabjga4KPGJyPuOBk+OBoOOCj+OCiuOBjOimi+OCieOCjOOBvuOBmeOAggo8YnI+44Ku44OV44OI44Gr44KC5aSn5aSJ5Zac44Gw44KM44KL5LiA5ZOB44Gn44GZ44CCCjxicj4KPGJyPuWVhuWTgeWQjTpmdWx0b25sNzU3Cjxicj4KPGJyPuODh+OCtuOCpOODszrjg63jgqbjg4fjg7MKPGJyPgo8YnI+57Sg5p2QOiDjg53jg6rjgqjjgrnjg4bjg6sgMTAwJQo8YnI+Cjxicj7ph43ph486MjI3Zwo8YnI+55Wz44KT44Gg54q25oWLOjI1Y20KPGJyPumWi+OBhOOBn+eKtuaFizrnm7TlvoQ5NmNtCjxicj4KPGJyPgrjgJDlhajlm73kuIDlvovpgIHmlpnnhKHmlpnjgJE8YnI+Cjxicj4KPC9jZW50ZXI+IAo8Y2VudGVyPgoKVUsg44Oi44OD44K644OV44Kh44OD44K344On44Oz44K744Os44Kv44OI44K344On44OD44OXPGJyPgpBQkJFWSBDTE9aRVNUPGJyPgrjgqLjg5Pjg7zjgq/jg63jg7zjgrzjgrnjg4g8YnI+CuOBiuW6l+ODiOODg+ODlwo8L2NlbnRlcj4KPGJyPg==,44OV44Or44OI44OzIEZVTFRPTiDjg6Ljg6rjgrkg5YKYIOaKmOOCiuOBn+OBn+OBvyBNaW5pbGl0ZSBNb3JyaXMg44Oi44O844Oq44K5IExvZGRlbiDjg6zjg4fjgqPjg7zjgrkg44GL44GVIOODl+ODrOOCvOODs+ODiCDjgq7jg5Xjg4jvvJpDTE9aRVNUIOODouODg+OCuuODoeODs+OCuuODrOODh+OCo+ODvOOCuQ==,6YCa5L+h6LKp5aOy6YCa6LKp44K344On44OD44OU44Oz44Kw44Kq44Oz44Op44Kk44Oz44K344On44OD44OU44Oz44Kw6LK344GE54mp44OX44Os44K844Oz44OI44Ku44OV44OI6LSI44KK54mp6LSI562U5ZOB44GK5Lit5YWD44GK5q2z5pqu44GK6LK344GE5b6X44OV44Os44OD44OJ44Oa44Oq44O8RnJlZCBQZXJyeUJlbiBTaGVybWFu44OZ44Oz44K344Oj44O844Oe44Oz44Oh44Or44KvbWVyY+ODleODq+ODiOODs0Z1bHRvbuODreODvOOCr0xvYWtl44K444On44Oz44K544OI44Oz44K644Oi44OD44K644OV44Kh44OD44K344On44Oz44OE44Kk44O844OJ44Of44Or44Oi44OD44K65YKY44Os44OH44Kj44O844K544Oh44Oz44K66YCa6LKp44OQ44Op44Kv44O844K/44OQ44OW44Ki44O844OV44Or44OI44OzIEZVTFRPTiDjg6Ljg6rjgrkg5YKYIOaKmOOCiuOBn+OBn+OBvyBNaW5pbGl0ZSBNb3JyaXMg44Oi44O844Oq44K5IExvZGRlbiDjg6zjg4fjgqPjg7zjgrkg44GL44GVIOODl+ODrOOCvOODs+ODiCDjgq7jg5Xjg4g=,6Iux5Zu9546L5a6k5b6h55So6YGUIEZVTFRPTiDjgJDpgIHmlpnnhKHmlpnjgJHlgpgg44OW44Op44Oz44OJIOOAguODleODq+ODiOODsyBGVUxUT04g44Oi44Oq44K5IOWCmCDmipjjgorjgZ/jgZ/jgb8gTWluaWxpdGUgTW9ycmlzIOODouODvOODquOCuSBMb2RkZW4g44Os44OH44Kj44O844K5IOOBi+OBlSDjg5fjg6zjgrzjg7Pjg4gg44Ku44OV44OI[rn]
15-197351,aHR0cDovL3RzaG9wLnIxMHMuanAvY2xvemVzdC9jYWJpbmV0LzAxMzgxOTcyL2Z1bHRvbmVsbGFqb3VsZXMvZnVsdG9ubDc1N2dvbGRlbmxzZC5qcGc/Zml0aW49NzAwOjcwMA==,NTE4NC4wMDAw,,44OQ44OD44Kw44O75bCP54mp44O744OW44Op44Oz44OJ6ZuR6LKoID4g5YKYID4g44Os44OH44Kj44O844K56Zuo5YKY,44OV44Or44OI44OzIEZVTFRPTiDjg6Ljg6rjgrkg5YKYIOaKmOOCiuOBn+OBn+OBvyBNaW5pbGl0ZSBNb3JyaXMg44Oi44O844Oq44K5IEdvbGRlbmxpbGx5IFNsYXRlIOODrOODh+OCo+ODvOOCuSDjgYvjgZUg44OX44Os44K844Oz44OIIOOCruODleODiA==,,44Ku44OV44OI5YyF6KOF54Sh5paZ44Gn44GZIDxicj48YnI+PGNlbnRlcj4KPGltZyB3aWR0aD0iMTAwJSIgYm9yZGVyPSIwInNyYz0iaHR0cDovL3d3dy5yYWt1dGVuLm5lLmpwL2dvbGQvY2xvemVzdC9mdWx0b24vZnVsdG9ubDc1N2dvbGRlbmxpbGx5c2xhdGVlLmpwZyI+Cgo8aW1nIHdpZHRoPSIxMDAlIiBib3JkZXI9IjAic3JjPSJodHRwOi8vd3d3LnJha3V0ZW4ubmUuanAvZ29sZC9jbG96ZXN0L2Z1bHRvbi9mdWx0b25sNzU3Z29sZGVubGlsbHlzbGF0ZWYuanBnIj4KPGJyPgo8YnI+RnVsdG9uIOODleODq+ODiOODs8OX44Km44Kj44Oq44Ki44Og44O744Oi44Oq44K544GuCjxicj7jgrPjg6njg5zjg6zjg7zjgrfjg6fjg7Pjg6Ljg4fjg6vjgafjgZnjgIIKPGJyPgo8YnI+5oqY44KK44Gf44Gf44G/44Gq44GM44KJOTZjbeOBqAo8YnI+6YCa5bi444Gu44Ki44Oz44OW44Os44Op44Gr6L+r44KL5bqD44CF44Go44GX44GfCjxicj7jgq3jg6Pjg47jg5Tjg7zjgYznibnlvrTjgafjgZnjgIIKPGJyPuOBneOBruOCreODo+ODjuODlOODvOOCguOAgeiLseWbveOBruODh+OCtuOCpOODiuODvAo8YnI+44Km44Kj44Oq44Ki44Og44O744Oi44Oq44K544Gu5p+E44KS5L2/55So44GX44Gm44GK44KK44G+44GZ44Gu44GnCjxicj7lv4PlnLDjgojjgYTnqbrplpPjgpLmvJTlh7rjgZfjgb7jgZnjgIIKPGJyPgo8YnI+576O44GX44GE5puy57ea55qE44Gq6I+x5b2i44Gu6Iqx5p+E44Gq44GpCjxicj7lhKrpm4XjgafkuIrlk4HjgarjgrTjg7zjg6vjg4fjg7Pjg6rjg6rjg7zjgrnjg6zjg7zjg4jjg4fjgrbjgqTjg7PjgIIKPGJyPuODleODrOODvOODoOOCguiAkOmiqOaAp+OBq+OBk+OBoOOCj+OBo+OBn+e0oOadkOOCkgo8YnI+5L2/55So44GZ44KL44Gq44Gp44CB44OV44Or44OI44Oz44Gu5YKY44Oh44O844Kr44O844Go44GX44Gm44GuCjxicj7jgZPjgaDjgo/jgorjgYzopovjgonjgozjgb7jgZnjgIIKPGJyPuOCruODleODiOOBq+OCguWkp+WkieWWnOOBsOOCjOOCi+S4gOWTgeOBp+OBmeOAggo8YnI+Cjxicj7llYblk4HlkI06ZnVsdG9ubDc1N2dvbGRlbmxpbGx5c2xhdGUKPGJyPgo8YnI+44Kr44Op44O8OuOCtOODvOODq+ODh+ODs+ODquODquODvOOCueODrOODvOODiAo8YnI+Cjxicj7ntKDmnZA6UFZDIDEwMCUKPGJyPgo8YnI+44CQ44K144Kk44K644CRCjxicj7ph43ph486MjI3Zwo8YnI+55Wz44KT44Gg54q25oWLOjI1Y20KPGJyPumWi+OBhOOBn+eKtuaFizrnm7TlvoQ5NmNtIAo8YnI+Cjxicj7jgJDlhajlm73kuIDlvovpgIHmlpnnhKHmlpnjgJEKPGJyPgo8L2NlbnRlcj4gCjxjZW50ZXI+CgpNaW5pbGl0ZSDkuIDopqfjga/jgZPjgaHjgonvvIEKPGJyPgoK44Os44OH44Kj44O844K5IOaKmOOCiuOBn+OBn+OBv+WCmCDkuIDopqfjga/jgZPjgaHjgonvvIEKPGJyPgpGVUxUT04g5LiA6Kan44Gv44GT44Gh44KJ77yBPGJyPgo8L2NlbnRlcj4=,44OV44Or44OI44OzIEZVTFRPTiDjg6Ljg6rjgrkg5YKYIOaKmOOCiuOBn+OBn+OBvyBNaW5pbGl0ZSBNb3JyaXMg44Oi44O844Oq44K5IEdvbGRlbmxpbGx5IFNsYXRlIOODrOODh+OCo+ODvOOCuSDjgYvjgZUg44OX44Os44K844Oz44OIIOOCruODleODiO+8mkNMT1pFU1Qg44Oi44OD44K644Oh44Oz44K644Os44OH44Kj44O844K5,6YCa5L+h6LKp5aOy6YCa6LKp44K344On44OD44OU44Oz44Kw44Kq44Oz44Op44Kk44Oz44K344On44OD44OU44Oz44Kw6LK344GE54mp44OX44Os44K844Oz44OI44Ku44OV44OI6LSI44KK54mp6LSI562U5ZOB44GK5Lit5YWD44GK5q2z5pqu44GK6LK344GE5b6X44OV44Os44OD44OJ44Oa44Oq44O8RnJlZCBQZXJyeUJlbiBTaGVybWFu44OZ44Oz44K344Oj44O844Oe44Oz44Oh44Or44KvbWVyY+ODleODq+ODiOODs0Z1bHRvbuODreODvOOCr0xvYWtl44K444On44Oz44K544OI44Oz44K644Oi44OD44K644OV44Kh44OD44K344On44Oz44OE44Kk44O844OJ44Of44Or44Oi44OD44K65YKY44Os44OH44Kj44O844K544Oh44Oz44K66YCa6LKp44OQ44Op44Kv44O844K/44OQ44OW44Ki44O844OV44Or44OI44OzIEZVTFRPTiDjg6Ljg6rjgrkg5YKYIOaKmOOCiuOBn+OBn+OBvyBNaW5pbGl0ZSBNb3JyaXMg44Oi44O844Oq44K5IEdvbGRlbmxpbGx5IFNsYXRlIOODrOODh+OCo+ODvOOCuSDjgYvjgZUg44OX44Os44K844Oz44OIIOOCruODleODiA==,6Iux5Zu9546L5a6k5b6h55So6YGUIEZVTFRPTiDjgJDpgIHmlpnnhKHmlpnjgJHlgpgg44OW44Op44Oz44OJIOOAguODleODq+ODiOODsyBGVUxUT04g44Oi44Oq44K5IOWCmCDmipjjgorjgZ/jgZ/jgb8gTWluaWxpdGUgTW9ycmlzIOODouODvOODquOCuSBHb2xkZW5saWxseSBTbGF0ZSDjg6zjg4fjgqPjg7zjgrkg44GL44GVIOODl+ODrOOCvOODs+ODiCDjgq7jg5Xjg4g=[rn]
15-197352,aHR0cDovL3RzaG9wLnIxMHMuanAvY2xvemVzdC9jYWJpbmV0LzAxMzgxOTcyL2Z1bHRvbmVsbGFqb3VsZXMvZnVsdG9ubDc4MmxhcmtzcHVyZC5qcGc/Zml0aW49NzAwOjcwMA==,NjQ4MC4wMDAw,,44OQ44OD44Kw44O75bCP54mp44O744OW44Op44Oz44OJ6ZuR6LKoID4g5YKYID4g44Os44OH44Kj44O844K56Zuo5YKY,44OV44Or44OI44OzIOODouODquOCuSBGdWx0b24g5YKYIOODrOODh+OCo+ODvOOCuSDpmZDlrpog44OQ44O844OJ44Kx44O844K4IOOCpuOCo+ODquOCouODoOODouODquOCuSDlgpgg44Os44OH44Kj44O844K5IExhcmtzcHVyIOmVt+WCmCBNb3JyaXMg44OV44Or44OI44OzIOODluODqeODs+ODiSDlgpgg44Os44OH44Kj44O844K5IOODl+ODrOOCvOODs+ODiCDjgq7jg5Xjg4g=,,44Ku44OV44OI5YyF6KOF54Sh5paZ44Gn44GZIDxicj48YnI+PGNlbnRlcj4KPGltZyB3aWR0aD0iMTAwJSIgYm9yZGVyPSIwInNyYz0iaHR0cDovL2ltYWdlLnJha3V0ZW4uY28uanAvY2xvemVzdC9jYWJpbmV0LzAxMzgxOTcyL2Z1bHRvbmVsbGFqb3VsZXMvZnVsdG9ubDc4MmxhcmtzcHVyZC5qcGciPgoKPGltZyB3aWR0aD0iMTAwJSIgYm9yZGVyPSIwInNyYz0iaHR0cDovL2ltYWdlLnJha3V0ZW4uY28uanAvY2xvemVzdC9jYWJpbmV0LzAxMzgxOTcyL2Z1bHRvbmVsbGFqb3VsZXMvZnVsdG9ubDA0MmxzcG90c21haWUuZ2lmIj4KCjxpbWcgd2lkdGg9IjEwMCUiIGJvcmRlcj0iMCJzcmM9Imh0dHA6Ly9pbWFnZS5yYWt1dGVuLmNvLmpwL2Nsb3plc3QvY2FiaW5ldC8wMTM4MTk3Mi9mdWx0b25lbGxham91bGVzL2Z1bHRvbmw3ODJsYXJrc3B1cmYuZ2lmIj4KPGJyPgo8YnI+RnVsdG9uIOODleODq+ODiOODs+OBruODkOODvOODieOCseODvOOCuMOX44Km44Kj44Oq44Ki44Og44O744Oi44Oq44K544GuCjxicj7jgrPjg6njg5zjg6zjg7zjgrfjg6fjg7PpmZDlrprjg6rjg5/jg4bjg4Pjg4njg6Ljg4fjg6sg44Op44O844Kv44K544OR44O844Gn44GZ44CCCjxicj4KPGJyPuaVsOmHj+mZkOWumuOBqOOBquOBo+OBpuOBhOOCi+OBruOBp+OAgQo8YnI+44GK5pep44KB44Gr44GU6LO85YWl44GP44Gg44GV44GE44CCIAo8YnI+Cjxicj7jgZPjgaHjgonjga7jg6Ljg4fjg6vjga8KPGJyPnRoZSBRdWVlbiDjgqjjg6rjgrbjg5njgrky5LiW5aWz546L6Zmb5LiL44GrCjxicj7jgZTkvb/nlKjjgYTjgZ/jgaDjgYTjgabjgYTjgovnianjgavjgarjgorjgb7jgZnjgIIgCjxicj4KPGJyPumzpeOBi+OBlOOCkuODouODgeODvOODleOBqOOBl+OBn+S9nOOCiuOBjOmbqOOBquOBqeOBpwo8YnI+6IKp5ZGo44KK44GM5r+h44KM44Gr44GP44GP5qmf6IO95oCn5oqc576k44Gn44GZ44CCCjxicj7mt7Hjgb/jgYzjgYLjgorjgqjjg6zjgqzjg7Pjg4jjgarljbDosaHjga7jg6njg7zjgq/jgrnjg5Hjg7zjg4fjgrbjgqTjg7PjgIIKPGJyPgo8YnI+6ZaL6ZaJ44Gk44G+44G/44Gv5LiK44Gr5oyB44Gh5LiK44GS44KL44Gg44GR44Gq44Gu44GnCjxicj7nsKHljZjjgrnjg6Djg7zjgrnjgafjgajjgabjgoLkvr/liKnjgafjgZnjgIIKPGJyPirmjIfjga/jgZXjgb/pmLLmraLjga7jgZ/jgoHjg63jg4Pjgq/jgYznlJjjgYTloLTlkIjjgYzjgZTjgZbjgYTjgb7jgZnjgIIKPGJyPuWCmOOCkumWieOBmOOBpuOCi+mam+OBr+ODmeODq+ODiOOCkue3oOOCgeOBpuOBlOS9v+eUqOS4i+OBleOBhOOAggo8YnI+44G+44Gf44CB44GP44Gj44Gk44GN6Ziy5q2i44Gu44Gf44KB44Gu57KJ44GM5aGX5biD44GV44KM44Gm44GK44KK44G+44GZ44CCCjxicj4KPGJyPuWVhuWTgeWQjTpmdWx0b25sNzgyCjxicj4KPGJyPuODh+OCtuOCpOODszrjg6njg7zjgq/jgrnjg5Hjg7wKPGJyPgo8YnI+57Sg5p2QOiDjg53jg6rjgqjjgrnjg4bjg6sgMTAwJQo8YnI+Cjxicj7jgrXjgqTjgro65YWo6ZW3IDk0Y20KPGJyPuebtOW+hDo4NGNtCjxicj4K44CQ5YWo5Zu95LiA5b6L6YCB5paZ54Sh5paZ44CRPGJyPgo8YnI+CkJpcmQgQ2FnZSDkuIDopqfjga/jgZPjgaHjgonvvIE8YnI+Cjxicj4KV2lsbGlhbSBNb3JyaXMg5LiA6Kan44Gv44GT44Gh44KJ77yBPGJyPgo8YnI+CuODrOODh+OCo+ODvOOCuSDjgrnjgr/jg7Pjg4Djg7zjg4nlgpgg5LiA6Kan44Gv44GT44Gh44KJ77yBPGJyPgo8YnI+IApGVUxUT07kuIDopqfjga/jgZPjgaHjgonvvIEKPGJyPgo8L2NlbnRlcj4=,44OV44Or44OI44OzIOODouODquOCuSBGdWx0b24g5YKYIOODrOODh+OCo+ODvOOCuSDpmZDlrpog44OQ44O844OJ44Kx44O844K4IOOCpuOCo+ODquOCouODoOODouODquOCuSDlgpgg44Os44OH44Kj44O844K5IExhcmtzcHVyIOmVt+WCmCBNb3JyaXMg44OV44Or44OI44OzIOODluODqeODs+ODiSDlgpgg44Os44OH44Kj44O844K5IOODl+ODrOOCvOODs+ODiCDjgq7jg5Xjg4jvvJpDTE9aRVNUIOODouODg+OCuuODoeODs+OCuuODrOODh+OCo+ODvOOCuQ==,6YCa5L+h6LKp5aOy6YCa6LKp44K344On44OD44OU44Oz44Kw44Kq44Oz44Op44Kk44Oz44K344On44OD44OU44Oz44Kw6LK344GE54mp44OX44Os44K844Oz44OI44Ku44OV44OI6LSI44KK54mp6LSI562U5ZOB44GK5Lit5YWD44GK5q2z5pqu44GK6LK344GE5b6X44OV44Os44OD44OJ44Oa44Oq44O8RnJlZCBQZXJyeUJlbiBTaGVybWFu44OZ44Oz44K344Oj44O844Oe44Oz44Oh44Or44KvbWVyY+ODleODq+ODiOODs0Z1bHRvbuODreODvOOCr0xvYWtl44K444On44Oz44K544OI44Oz44K644Oi44OD44K644OV44Kh44OD44K344On44Oz44OE44Kk44O844OJ44Of44Or44Oi44OD44K65YKY44Os44OH44Kj44O844K544Oh44Oz44K66YCa6LKp44OQ44Op44Kv44O844K/44OQ44OW44Ki44O844OV44Or44OI44OzIOODouODquOCuSBGdWx0b24g5YKYIOODrOODh+OCo+ODvOOCuSDpmZDlrpog44OQ44O844OJ44Kx44O844K4IOOCpuOCo+ODquOCouODoOODouODquOCuSDlgpgg44Os44OH44Kj44O844K5IExhcmtzcHVyIOmVt+WCmCBNb3JyaXMg44OV44Or44OI44OzIOODluODqeODs+ODiSDlgpgg44Os44OH44Kj44O844K5IOODl+ODrOOCvOODs+ODiCDjgq7jg5Xjg4g=,RlVMVE9OIHgg44Oi44Oq44K5IOOAkOmAgeaWmeeEoeaWmeOAkeWCmCDjg5bjg6njg7Pjg4kg44CC44OV44Or44OI44OzIOODouODquOCuSBGdWx0b24g5YKYIOODrOODh+OCo+ODvOOCuSDpmZDlrpog44OQ44O844OJ44Kx44O844K4IOOCpuOCo+ODquOCouODoOODouODquOCuSDlgpgg44Os44OH44Kj44O844K5IExhcmtzcHVyIOmVt+WCmCBNb3JyaXMg44OV44Or44OI44OzIOODluODqeODs+ODiSDlgpgg44Os44OH44Kj44O844K5IOODl+ODrOOCvOODs+ODiCDjgq7jg5Xjg4g=[rn]
15-197353,aHR0cDovL3RzaG9wLnIxMHMuanAvY2xvemVzdC9jYWJpbmV0LzAxMzgxOTcyL2Z1bHRvbmVsbGFqb3VsZXMvZnVsdG9ubDc1N3NuYWtlbmF2eWQuanBnP2ZpdGluPTcwMDo3MDA=,NTE4NC4wMDAw,,44OQ44OD44Kw44O75bCP54mp44O744OW44Op44Oz44OJ6ZuR6LKoID4g5YKYID4g44Os44OH44Kj44O844K56Zuo5YKY,44OV44Or44OI44OzIEZVTFRPTiDjg6Ljg6rjgrkg5YKYIOaKmOOCiuOBn+OBn+OBvyBNaW5pbGl0ZSBNb3JyaXMg44Oi44O844Oq44K5IFNuYWtlIE5hdnkg44Os44OH44Kj44O844K5IOOBi+OBlSDjg5fjg6zjgrzjg7Pjg4gg44Ku44OV44OI,,44Ku44OV44OI5YyF6KOF54Sh5paZ44Gn44GZIDxicj48YnI+PGNlbnRlcj4KPGltZyB3aWR0aD0iMTAwJSIgYm9yZGVyPSIwInNyYz0iaHR0cDovL3d3dy5yYWt1dGVuLm5lLmpwL2dvbGQvY2xvemVzdC9mdWx0b24vZnVsdG9ubDc1N3NuYWtlbmF2eWUuanBnIj4KCjxpbWcgd2lkdGg9IjEwMCUiIGJvcmRlcj0iMCJzcmM9Imh0dHA6Ly93d3cucmFrdXRlbi5uZS5qcC9nb2xkL2Nsb3plc3QvZnVsdG9uL2Z1bHRvbmw3NTdzbmFrZW5hdnlmLmpwZyI+Cjxicj4KPGJyPkZ1bHRvbiDjg5Xjg6vjg4jjg7PDl+OCpuOCo+ODquOCouODoOODu+ODouODquOCueOBrgo8YnI+44Kz44Op44Oc44Os44O844K344On44Oz44Oi44OH44Or44Gn44GZ44CCCjxicj4KPGJyPuaKmOOCiuOBn+OBn+OBv+OBquOBjOOCiTk2Y23jgagKPGJyPumAmuW4uOOBruOCouODs+ODluODrOODqeOBq+i/q+OCi+W6g+OAheOBqOOBl+OBnwo8YnI+44Kt44Oj44OO44OU44O844GM54m55b6044Gn44GZ44CCCjxicj7jgZ3jga7jgq3jg6Pjg47jg5Tjg7zjgoLjgIHoi7Hlm73jga7jg4fjgrbjgqTjg4rjg7wKPGJyPuOCpuOCo+ODquOCouODoOODu+ODouODquOCueOBruafhOOCkuS9v+eUqOOBl+OBpuOBiuOCiuOBvuOBmeOBruOBpwo8YnI+5b+D5Zyw44KI44GE56m66ZaT44KS5ryU5Ye644GX44G+44GZ44CCCjxicj4KPGJyPue+juOBl+OBhOabsue3mueahOOBquiPseW9ouOBruiKseafhOOBquOBqQo8YnI+44Kv44Op44K344OD44Kv44Gn5LiK5ZOB44Gq44K544ON44O844Kv44ON44Kk44OT44O844OH44K244Kk44Oz44CCCjxicj7jg5Xjg6zjg7zjg6DjgoLogJDpoqjmgKfjgavjgZPjgaDjgo/jgaPjgZ/ntKDmnZDjgpIKPGJyPuS9v+eUqOOBmeOCi+OBquOBqeOAgeODleODq+ODiOODs+OBruWCmOODoeODvOOCq+ODvOOBqOOBl+OBpuOBrgo8YnI+44GT44Gg44KP44KK44GM6KaL44KJ44KM44G+44GZ44CCCjxicj7jgq7jg5Xjg4jjgavjgoLlpKflpInllpzjgbDjgozjgovkuIDlk4HjgafjgZnjgIIKPGJyPgo8YnI+5ZWG5ZOB5ZCNOmZ1bHRvbmw3NTdzbmFrZW5hdnkKPGJyPgo8YnI+44Kr44Op44O8OuOCueODjeODvOOCr+ODjeOCpOODk+ODvAo8YnI+Cjxicj7ntKDmnZA6UFZDIDEwMCUKPGJyPgo8YnI+44CQ44K144Kk44K644CRCjxicj7ph43ph486MjI3Zwo8YnI+55Wz44KT44Gg54q25oWLOjI1Y20KPGJyPumWi+OBhOOBn+eKtuaFizrnm7TlvoQ5NmNtIAo8YnI+Cjxicj7jgJDlhajlm73kuIDlvovpgIHmlpnnhKHmlpnjgJEKPGJyPgo8L2NlbnRlcj4gCjxjZW50ZXI+CgpNaW5pbGl0ZSDkuIDopqfjga/jgZPjgaHjgonvvIEKPGJyPgoK44Os44OH44Kj44O844K5IOaKmOOCiuOBn+OBn+OBv+WCmCDkuIDopqfjga/jgZPjgaHjgonvvIEKPGJyPgpGVUxUT04g5LiA6Kan44Gv44GT44Gh44KJ77yBPGJyPgo8L2NlbnRlcj4=,44OV44Or44OI44OzIEZVTFRPTiDjg6Ljg6rjgrkg5YKYIOaKmOOCiuOBn+OBn+OBvyBNaW5pbGl0ZSBNb3JyaXMg44Oi44O844Oq44K5IFNuYWtlIE5hdnkg44Os44OH44Kj44O844K5IOOBi+OBlSDjg5fjg6zjgrzjg7Pjg4gg44Ku44OV44OI77yaQ0xPWkVTVCDjg6Ljg4Pjgrrjg6Hjg7Pjgrrjg6zjg4fjgqPjg7zjgrk=,6YCa5L+h6LKp5aOy6YCa6LKp44K344On44OD44OU44Oz44Kw44Kq44Oz44Op44Kk44Oz44K344On44OD44OU44Oz44Kw6LK344GE54mp44OX44Os44K844Oz44OI44Ku44OV44OI6LSI44KK54mp6LSI562U5ZOB44GK5Lit5YWD44GK5q2z5pqu44GK6LK344GE5b6X44OV44Os44OD44OJ44Oa44Oq44O8RnJlZCBQZXJyeUJlbiBTaGVybWFu44OZ44Oz44K344Oj44O844Oe44Oz44Oh44Or44KvbWVyY+ODleODq+ODiOODs0Z1bHRvbuODreODvOOCr0xvYWtl44K444On44Oz44K544OI44Oz44K644Oi44OD44K644OV44Kh44OD44K344On44Oz44OE44Kk44O844OJ44Of44Or44Oi44OD44K65YKY44Os44OH44Kj44O844K544Oh44Oz44K66YCa6LKp44OQ44Op44Kv44O844K/44OQ44OW44Ki44O844OV44Or44OI44OzIEZVTFRPTiDjg6Ljg6rjgrkg5YKYIOaKmOOCiuOBn+OBn+OBvyBNaW5pbGl0ZSBNb3JyaXMg44Oi44O844Oq44K5IFNuYWtlIE5hdnkg44Os44OH44Kj44O844K5IOOBi+OBlSDjg5fjg6zjgrzjg7Pjg4gg44Ku44OV44OI,6Iux5Zu9546L5a6k5b6h55So6YGUIEZVTFRPTiDjgJDpgIHmlpnnhKHmlpnjgJHlgpgg44OW44Op44Oz44OJIOOAguODleODq+ODiOODsyBGVUxUT04g44Oi44Oq44K5IOWCmCDmipjjgorjgZ/jgZ/jgb8gTWluaWxpdGUgTW9ycmlzIOODouODvOODquOCuSBTbmFrZSBOYXZ5IOODrOODh+OCo+ODvOOCuSDjgYvjgZUg44OX44Os44K844Oz44OIIOOCruODleODiA==[rn]
15-197354,aHR0cDovL3RzaG9wLnIxMHMuanAvY2xvemVzdC9jYWJpbmV0LzAxMzgxOTcyL2Z1bHRvbmVsbGFqb3VsZXMvZnVsdG9ubDcxNG1hcmlnb2xkZC5qcGc/Zml0aW49NzAwOjcwMA==,NTAxMS4yMDAw,,44OQ44OD44Kw44O75bCP54mp44O744OW44Op44Oz44OJ6ZuR6LKoID4g5YKYID4g44Os44OH44Kj44O844K56Zuo5YKY,RlVMVE9OIOODleODq+ODiOODsyDjgqbjgqPjg6rjgqLjg6Ag44Oi44Oq44K5IOWCmCDmipjjgorjgZ/jgZ/jgb/lgpgg44Ki44Oz44OW44Os44OpIFN1cGVyc2xpbSDjgJDpgIHmlpnnhKHmlpnjgJEg6Iux5Zu9546L5a6k5b6h55So6YGUIFdpbGxpYW0gTW9ycmlzIOODouODvOODquOCuSDjg57jg6rjgrTjg7zjg6vjg4kg6Iqx5p+EIOiRieOBo+OBsSDjg6zjg4fjgqPjg7zjgrkgRm9sZGluZyBVbWJyZWxsYSDjgYvjgZUg44Oi44OD44K6IOODleOCoeODg+OCt+ODp+ODsyDjgqTjgq7jg6rjgrkg44Ot44Oz44OJ44OzIGZ1bHRvbmw3MTRtYXJpZ29sZA==,,44Ku44OV44OI5YyF6KOF54Sh5paZ44Gn44GZIDxicj48YnI+PGNlbnRlcj48aW1nIHdpZHRoPSIxMDAlIiBib3JkZXI9IjAic3JjPSJodHRwOi8vaW1hZ2UucmFrdXRlbi5jby5qcC9jbG96ZXN0L2NhYmluZXQvMDEzODE5NzIvZnVsdG9uZWxsYWpvdWxlcy9mdWx0b25sNzE0bWFyaWdvbGRkLmpwZyI+CjxpbWcgd2lkdGg9IjEwMCUiIGJvcmRlcj0iMCJzcmM9Imh0dHA6Ly9pbWFnZS5yYWt1dGVuLmNvLmpwL2Nsb3plc3QvY2FiaW5ldC8wMTM4MTk3Mi9mdWx0b25lbGxham91bGVzL2Z1bHRvbmw3MTRtYXJpZ29sZGYuZ2lmIj48YnI+Cjxicj5GdWx0b24g44OV44Or44OI44Ozw5fjgqbjgqPjg6rjgqLjg6Djg7vjg6Ljg6rjgrnjga4KPGJyPuOCs+ODqeODnOODrOODvOOCt+ODp+ODs+ODouODh+ODq+OBp+OBmeOAggo8YnI+Cjxicj7mipjjgorjgZ/jgZ/jgb/jgarjgYzjgonmoLzoqr/pq5jjgYTjg4fjgrbjgqTjg7Pjga8KPGJyPuWutuWFt+ODh+OCtuOCpOODiuODvOOBqOOBl+OBpuWQjeOCkumms+OBm+OBnwo8YnI+44Km44Kj44Oq44Ki44Og44O744Oi44Oq44K544Gq44KJ44Gn44Gv44CCCjxicj7lvbzjga7jg4fjgrbjgqTjg7Pjga7nibnlvrTjgafjgYLjgosKPGJyPuODleODqeODr+ODvOOBruODhuOCreOCueOCv+OCpOODq+OBrwo8YnI+5Ym15qWtMTUw5bm044KS6LaF44GI44Gm44Gq44GK44CB6Imy44GC44Gb44G+44Gb44KT44CCCjxicj7lubTpvaLjgpLllY/jgo/jgZrjgIHjgZTmhJvnlKjjgYTjgZ/jgaDjgZHjgovjg4fjgrbjgqTjg7PjgafjgZnjgIIKPGJyPgo8YnI+44Kt44Oj44OO44OU44O844Gr44Gv44K344OD44Kv44Gq6Imy5ZCI44GE44Gu44Oq44O844OV77yG44Oe44Oq44K044O844Or44OJ44OH44K244Kk44Oz44CCCjxicj7lj47ntI3mmYLjga/jgajjgabjgoLjgrPjg7Pjg5Hjgq/jg4jjgIIKPGJyPuODj+ODs+ODieODq+OBrumggueCueOBq+OBr+ODquODvOODleOBruOCqOODs+ODluODrOODoOOBjAo8YnI+44Ov44Oz44Od44Kk44Oz44OI44Gr44Gq44Gj44Gm44GE44G+44GZ44CCCjxicj7oh6rliIbnlKjjga/li7/oq5bjga7jgZPjgajjgIHjg5fjg6zjgrzjg7Pjg4jjgavjgoIKPGJyPuOBiuOCueOCueODoeOBruOCouOCpOODhuODoOOBp+OBmeOAggo8YnI+Cjxicj7llYblk4HlkI06ZnVsdG9ubDcxNAo8YnI+Cjxicj7jg4fjgrbjgqTjg7M644Oe44Oq44K044O844Or44OJCjxicj4KPGJyPue0oOadkDrjg53jg6rjgqjjgrnjg4bjg6sgMTAwJQo8YnI+Cjxicj7nlbPjgpPjgaDnirbmhYs6MjJjbQo8YnI+6ZaL44GE44Gf54q25oWLOuebtOW+hDg2Y20KPGJyPgo8YnI+CuOAkOWFqOWbveS4gOW+i+mAgeaWmeeEoeaWmeOAkTxicj4KPGJyPgo8L2NlbnRlcj4KPGNlbnRlcj4KClVLIOODouODg+OCuuODleOCoeODg+OCt+ODp+ODs+OCu+ODrOOCr+ODiOOCt+ODp+ODg+ODlzxicj4KQUJCRVkgQ0xPWkVTVDxicj4K44Ki44OT44O844Kv44Ot44O844K844K544OIPGJyPgrjgYrlupfjg4jjg4Pjg5cKPC9jZW50ZXI+Cjxicj4=,RlVMVE9OIOODleODq+ODiOODsyDjgqbjgqPjg6rjgqLjg6Ag44Oi44Oq44K5IOWCmCDmipjjgorjgZ/jgZ/jgb/lgpgg44Ki44Oz44OW44Os44OpIFN1cGVyc2xpbSDjgJDpgIHmlpnnhKHmlpnjgJEg6Iux5Zu9546L5a6k5b6h55So6YGUIFdpbGxpYW0gTW9ycmlzIOODouODvOODquOCuSDjg57jg6rjgrTjg7zjg6vjg4kg6Iqx5p+EIOiRieOBo+OBsSDjg6zjg4fjgqPjg7zjgrkgRm9sZGluZyBVbWJyZWxsYSDjgYvjgZUg44Oi44OD44K6IOODleOCoeODg+OCt+ODp+ODsyDjgqTjgq7jg6rjgrkg44Ot44Oz44OJ44OzIGZ1bHRvbmw3MTRtYXJpZ29sZO+8mkNMT1pFU1Qg44Oi44OD44K644Oh44Oz44K644Os44OH44Kj44O844K5,6YCa5L+h6LKp5aOy6YCa6LKp44K344On44OD44OU44Oz44Kw44Kq44Oz44Op44Kk44Oz44K344On44OD44OU44Oz44Kw6LK344GE54mp44OX44Os44K844Oz44OI44Ku44OV44OI6LSI44KK54mp6LSI562U5ZOB44GK5Lit5YWD44GK5q2z5pqu44GK6LK344GE5b6X44OV44Os44OD44OJ44Oa44Oq44O8RnJlZCBQZXJyeUJlbiBTaGVybWFu44OZ44Oz44K344Oj44O844Oe44Oz44Oh44Or44KvbWVyY+ODleODq+ODiOODs0Z1bHRvbuODreODvOOCr0xvYWtl44K444On44Oz44K544OI44Oz44K644Oi44OD44K644OV44Kh44OD44K344On44Oz44OE44Kk44O844OJ44Of44Or44Oi44OD44K65YKY44Os44OH44Kj44O844K544Oh44Oz44K66YCa6LKp44OQ44Op44Kv44O844K/44OQ44OW44Ki44O8RlVMVE9OIOODleODq+ODiOODsyDjgqbjgqPjg6rjgqLjg6Ag44Oi44Oq44K5IOWCmCDmipjjgorjgZ/jgZ/jgb/lgpgg44Ki44Oz44OW44Os44OpIFN1cGVyc2xpbSDjgJDpgIHmlpnnhKHmlpnjgJEg6Iux5Zu9546L5a6k5b6h55So6YGUIFdpbGxpYW0gTW9ycmlzIOODouODvOODquOCuSDjg57jg6rjgrTjg7zjg6vjg4kg6Iqx5p+EIOiRieOBo+OBsSDjg6zjg4fjgqPjg7zjgrkgRm9sZGluZyBVbWJyZWxsYSDjgYvjgZUg44Oi44OD44K6IOODleOCoeODg+OCt+ODp+ODsyDjgqTjgq7jg6rjgrkg44Ot44Oz44OJ44OzIGZ1bHRvbmw3MTRtYXJpZ29sZA==,RlVMVE9OIOODleODq+ODiOODsyDlgpggIOOAgkZVTFRPTiDjg5Xjg6vjg4jjg7Mg44Km44Kj44Oq44Ki44OgIOODouODquOCuSDlgpgg5oqY44KK44Gf44Gf44G/5YKYIOOCouODs+ODluODrOODqSBTdXBlcnNsaW0g44CQ6YCB5paZ54Sh5paZ44CRIOiLseWbveeOi+WupOW+oeeUqOmBlCBXaWxsaWFtIE1vcnJpcyDjg6Ljg7zjg6rjgrkg44Oe44Oq44K044O844Or44OJIOiKseafhCDokYnjgaPjgbEg44Os44OH44Kj44O844K5IEZvbGRpbmcgVW1icmVsbGEg44GL44GVIOODouODg+OCuiDjg5XjgqHjg4Pjgrfjg6fjg7Mg44Kk44Ku44Oq44K5IOODreODs+ODieODsyBmdWx0b25sNzE0bWFyaWdvbGQ=[rn]
15-197355,aHR0cDovL3RzaG9wLnIxMHMuanAvY2xvemVzdC9jYWJpbmV0LzAxMzgxOTcyL2Z1bHRvbmVsbGFqb3VsZXMvZnVsdG9ubDcxM21lcnRvbmQuanBnP2ZpdGluPTcwMDo3MDA=,NTAxMS4yMDAw,,44OQ44OD44Kw44O75bCP54mp44O744OW44Op44Oz44OJ6ZuR6LKoID4g5YKYID4g44Os44OH44Kj44O844K56Zuo5YKY,RlVMVE9OIOODleODq+ODiOODsyDjgqbjgqPjg6rjgqLjg6Ag44Oi44Oq44K5IOWCmCDmipjjgorjgZ/jgZ/jgb/lgpgg44Ki44Oz44OW44Os44OpIFRpbnkgTWVydG9uIOOAkOmAgeaWmeeEoeaWmeOAkSDoi7Hlm73njovlrqTlvqHnlKjpgZQg44Oe44O844OI44OzIFdpbGxpYW0gTW9ycmlzIOiKseafhCDjg5Xjg6njg6/jg7wg44Os44OH44Kj44O844K5IFRpbnkgRm9sZGluZyBVbWJyZWxsYSDjgYvjgZUg44Oi44OD44K6IOODleOCoeODg+OCt+ODp+ODsyDjgqTjgq7jg6rjgrkg44Ot44Oz44OJ44OzIGZ1bHRvbmw3MTNtZXJ0b24g44Ku44OV44OI,,44Ku44OV44OI5YyF6KOF54Sh5paZ44Gn44GZIDxicj48YnI+PGNlbnRlcj48aW1nIHdpZHRoPSIxMDAlIiBib3JkZXI9IjAic3JjPSJodHRwOi8vaW1hZ2UucmFrdXRlbi5jby5qcC9jbG96ZXN0L2NhYmluZXQvMDEzODE5NzIvZnVsdG9uZWxsYWpvdWxlcy9mdWx0b25sNzEzbWVydG9uZC5qcGciPgo8aW1nIHdpZHRoPSIxMDAlIiBib3JkZXI9IjAic3JjPSJodHRwOi8vaW1hZ2UucmFrdXRlbi5jby5qcC9jbG96ZXN0L2NhYmluZXQvMDEzODE5NzIvZnVsdG9uZWxsYWpvdWxlcy9mdWx0b25sNzEzbWVydG9uZi5naWYiPjxicj4KPGJyPkZ1bHRvbiDjg5Xjg6vjg4jjg7Pjga5UaW5544K344Oq44O844K644CBCjxicj7jgqTjgq7jg6rjgrnjga7jg5XjgqHjg4vjg4Hjg6Pjg7zjg4fjgrbjgqTjg7Pjga7ogIHoiJcKPGJyPuOCpuOCo+ODquOCouODoOODu+ODouODquOCueOBqOOBruOCs+ODqeODnOODrOODvOOCt+ODp+ODs+ODouODh+ODq+OBp+OBmeOAggo8YnI+Cjxicj7jgqTjgq7jg6rjgrnjga7jg7TjgqPjg7Pjg4bjg7zjgrjlrrblhbfjgarjganjgavnlKjjgYTjgonjgozjgosKPGJyPuakjeeJqeOBruODhuOCreOCueOCv+OCpOODq+OBjAo8YnI+44OV44Or44OI44Oz44Gu44Ki44Oz44OW44Os44Op44Go6KaL5LqL44Gr6J6N5ZCI44GX44Gm44GE44G+44GZ44CCCjxicj7jgb7jgZXjgavpq5jntJrlrrblhbfjga7ljbDosaHjgafjgZnjgIIKPGJyPuWkp+WkieOCs+ODs+ODkeOCr+ODiOOBquOBruOBpwo8YnI+44GE44Gk44Gn44KC5YKN44Gr44GK44GE44Gm44GK44GR44G+44GZ44CCCjxicj4KPGJyPuW8t+W6puOCkuS4iuOBkuOCi+OBn+OCgeOBq+e5iue2reOCrOODqeOCueOBjAo8YnI+5L2/55So44GV44KM44Gm44GE44Gm5qmf6IO95oCn44KC44OQ44OE44Kw44Oz77yBCjxicj7lvLfpoqjjgavjgoLlvLfjgYTnibnmrorjgarntKDmnZDjgpLkvb/nlKjjgZfjgabjgYrjgorjgb7jgZnjgIIKPGJyPuiHquWIhueUqOOBr+WLv+irluOBruOBk+OBqOOAgeODl+ODrOOCvOODs+ODiOOBq+OCggo8YnI+44GK44K544K544Oh44Gu44Ki44Kk44OG44Og44Gn44GZ4piFCjxicj4KPGJyPgo8YnI+5ZWG5ZOB5ZCNOiBmdWx0b25sNzEzbWVydG9uCjxicj4KPGJyPuODh+OCtuOCpOODszog44Oe44O844OI44Oz44Oq44O844OVKOe0uikKPGJyPgo8YnI+57Sg5p2QOiDjg53jg6rjgqjjgrnjg4bjg6sgMTAwJQo8YnI+Cjxicj7nlbPjgpPjgaDnirbmhYs6MTVjbcOXNmNtw5czY20KPGJyPumWi+OBhOOBn+eKtuaFizrnm7TlvoQ4N2NtCjxicj4KPGJyPgrjgJDlhajlm73kuIDlvovpgIHmlpnnhKHmlpnjgJE8YnI+Cjxicj4KPC9jZW50ZXI+IAo8Y2VudGVyPgoKVUsg44Oi44OD44K644OV44Kh44OD44K344On44Oz44K744Os44Kv44OI44K344On44OD44OXPGJyPgpBQkJFWSBDTE9aRVNUPGJyPgrjgqLjg5Pjg7zjgq/jg63jg7zjgrzjgrnjg4g8YnI+CuOBiuW6l+ODiOODg+ODlwo8L2NlbnRlcj4KPGJyPg==,RlVMVE9OIOODleODq+ODiOODsyDjgqbjgqPjg6rjgqLjg6Ag44Oi44Oq44K5IOWCmCDmipjjgorjgZ/jgZ/jgb/lgpgg44Ki44Oz44OW44Os44OpIFRpbnkgTWVydG9uIOOAkOmAgeaWmeeEoeaWmeOAkSDoi7Hlm73njovlrqTlvqHnlKjpgZQg44Oe44O844OI44OzIFdpbGxpYW0gTW9ycmlzIOiKseafhCDjg5Xjg6njg6/jg7wg44Os44OH44Kj44O844K5IFRpbnkgRm9sZGluZyBVbWJyZWxsYSDjgYvjgZUg44Oi44OD44K6IOODleOCoeODg+OCt+ODp+ODsyDjgqTjgq7jg6rjgrkg44Ot44Oz44OJ44OzIGZ1bHRvbmw3MTNtZXJ0b24g44Ku44OV44OI77yaQ0xPWkVTVCDjg6Ljg4Pjgrrjg6Hjg7Pjgrrjg6zjg4fjgqPjg7zjgrk=,6YCa5L+h6LKp5aOy6YCa6LKp44K344On44OD44OU44Oz44Kw44Kq44Oz44Op44Kk44Oz44K344On44OD44OU44Oz44Kw6LK344GE54mp44OX44Os44K844Oz44OI44Ku44OV44OI6LSI44KK54mp6LSI562U5ZOB44GK5Lit5YWD44GK5q2z5pqu44GK6LK344GE5b6X44OV44Os44OD44OJ44Oa44Oq44O8RnJlZCBQZXJyeUJlbiBTaGVybWFu44OZ44Oz44K344Oj44O844Oe44Oz44Oh44Or44KvbWVyY+ODleODq+ODiOODs0Z1bHRvbuODreODvOOCr0xvYWtl44K444On44Oz44K544OI44Oz44K644Oi44OD44K644OV44Kh44OD44K344On44Oz44OE44Kk44O844OJ44Of44Or44Oi44OD44K65YKY44Os44OH44Kj44O844K544Oh44Oz44K66YCa6LKp44OQ44Op44Kv44O844K/44OQ44OW44Ki44O8RlVMVE9OIOODleODq+ODiOODsyDjgqbjgqPjg6rjgqLjg6Ag44Oi44Oq44K5IOWCmCDmipjjgorjgZ/jgZ/jgb/lgpgg44Ki44Oz44OW44Os44OpIFRpbnkgTWVydG9uIOOAkOmAgeaWmeeEoeaWmeOAkSDoi7Hlm73njovlrqTlvqHnlKjpgZQg44Oe44O844OI44OzIFdpbGxpYW0gTW9ycmlzIOiKseafhCDjg5Xjg6njg6/jg7wg44Os44OH44Kj44O844K5IFRpbnkgRm9sZGluZyBVbWJyZWxsYSDjgYvjgZUg44Oi44OD44K6IOODleOCoeODg+OCt+ODp+ODsyDjgqTjgq7jg6rjgrkg44Ot44Oz44OJ44OzIGZ1bHRvbmw3MTNtZXJ0b24g44Ku44OV44OI,44OV44Or44OI44OzIEZVTFRPTiDlgpggIOOAgkZVTFRPTiDjg5Xjg6vjg4jjg7Mg44Km44Kj44Oq44Ki44OgIOODouODquOCuSDlgpgg5oqY44KK44Gf44Gf44G/5YKYIOOCouODs+ODluODrOODqSBUaW55IE1lcnRvbiDjgJDpgIHmlpnnhKHmlpnjgJEg6Iux5Zu9546L5a6k5b6h55So6YGUIOODnuODvOODiOODsyBXaWxsaWFtIE1vcnJpcyDoirHmn4Qg44OV44Op44Ov44O8IOODrOODh+OCo+ODvOOCuSBUaW55IEZvbGRpbmcgVW1icmVsbGEg44GL44GVIOODouODg+OCuiDjg5XjgqHjg4Pjgrfjg6fjg7Mg44Kk44Ku44Oq44K5IOODreODs+ODieODsyBmdWx0b25sNzEzbWVydG9uIOOCruODleODiA==[rn]
15-197356,aHR0cDovL3RzaG9wLnIxMHMuanAvY2xvemVzdC9jYWJpbmV0LzAxMzgxOTcyL2Z1bHRvbmVsbGFqb3VsZXMvZnVsdG9ubDcxM3Njcm9sbGRkLmpwZz9maXRpbj03MDA6NzAw,NTAxMS4yMDAw,,44OQ44OD44Kw44O75bCP54mp44O744OW44Op44Oz44OJ6ZuR6LKoID4g5YKYID4g44Os44OH44Kj44O844K56Zuo5YKY,RlVMVE9OIOODleODq+ODiOODsyDjgqbjgqPjg6rjgqLjg6Ag44Oi44Oq44K5IOWCmCDmipjjgorjgZ/jgZ/jgb/lgpgg44Ki44Oz44OW44Os44OpIFRpbnkg44CQ6YCB5paZ54Sh5paZ44CRIOiLseWbveeOi+WupOW+oeeUqOmBlCBXaWxsaWFtIE1vcnJpcyDjg6Ljg7zjg6rjgrkg44K544Kv44Ot44O844OrIOODleODqeODr+ODvCDoirHmn4Qg44Os44OD44OJIOODrOODh+OCo+ODvOOCuSBTdW5mbG93ZXIgRm9sZGluZyBVbWJyZWxsYSDjgYvjgZUg44Oi44OD44K6IOODleOCoeODg+OCt+ODp+ODsyDjgqTjgq7jg6rjgrkg44Ot44Oz44OJ44OzIGZ1bHRvbmw3MTNzY3JvbGw=,,44Ku44OV44OI5YyF6KOF54Sh5paZ44Gn44GZIDxicj48YnI+PGNlbnRlcj48aW1nIHdpZHRoPSIxMDAlIiBib3JkZXI9IjAic3JjPSJodHRwOi8vaW1hZ2UucmFrdXRlbi5jby5qcC9jbG96ZXN0L2NhYmluZXQvMDEzODE5NzIvZnVsdG9uZWxsYWpvdWxlcy9mdWx0b25sNzEzc2Nyb2xsZGQuanBnIj4KPGltZyB3aWR0aD0iMTAwJSIgYm9yZGVyPSIwInNyYz0iaHR0cDovL2ltYWdlLnJha3V0ZW4uY28uanAvY2xvemVzdC9jYWJpbmV0LzAxMzgxOTcyL2Z1bHRvbmVsbGFqb3VsZXMvZnVsdG9ubDcxM3Njcm9sbGYuZ2lmIj48YnI+Cjxicj5GbHRvbiDjg5Xjg6vjg4jjg7Pjga5UaW5544K344Oq44O844K644CBCjxicj7jgqTjgq7jg6rjgrnjga7jg5XjgqHjg4vjg4Hjg6Pjg7zjg4fjgrbjgqTjg7Pjga7ogIHoiJcKPGJyPuOCpuOCo+ODquOCouODoOODu+ODouODquOCueOBqOOBruOCs+ODqeODnOODrOODvOOCt+ODp+ODs+ODouODh+ODq+OBp+OBmeOAggo8YnI+Cjxicj7jgqTjgq7jg6rjgrnjga7jg7TjgqPjg7Pjg4bjg7zjgrjlrrblhbfjgarjganjgavnlKjjgYTjgonjgozjgosKPGJyPuakjeeJqeOBruODhuOCreOCueOCv+OCpOODq+OBjAo8YnI+44OV44Or44OI44Oz44Gu44Ki44Oz44OW44Os44Op44Go6KaL5LqL44Gr6J6N5ZCI44GX44Gm44GE44G+44GZ44CCCjxicj7jgb7jgZXjgavpq5jntJrlrrblhbfjga7ljbDosaHjgafjgZnjgIIKPGJyPuWkp+WkieOCs+ODs+ODkeOCr+ODiOOBquOBruOBpwo8YnI+44GE44Gk44Gn44KC5YKN44Gr44GK44GE44Gm44GK44GR44G+44GZ44CCCjxicj4KPGJyPuW8t+W6puOCkuS4iuOBkuOCi+OBn+OCgeOBq+e5iue2reOCrOODqeOCueOBjAo8YnI+5L2/55So44GV44KM44Gm44GE44Gm5qmf6IO95oCn44KC44OQ44OE44Kw44Oz44CCCjxicj7lvLfpoqjjgavjgoLlvLfjgYTnibnmrorjgarntKDmnZDjgpLkvb/nlKjjgZfjgabjgYrjgorjgb7jgZnjgIIKPGJyPuiHquWIhueUqOOBr+WLv+irluOBruOBk+OBqOOAgeODl+ODrOOCvOODs+ODiOOBq+OCggo8YnI+44GK44K544K544Oh44Gu44Ki44Kk44OG44Og44Gn44GZ44CCCjxicj4KPGJyPuWVhuWTgeWQjTogZnVsdG9ubDcxMwo8YnI+Cjxicj7jg4fjgrbjgqTjg7M6IOOCueOCr+ODreODvOODqwo8YnI+Cjxicj7ntKDmnZA6IOODneODquOCqOOCueODhuODqyAxMDAlCjxicj4KPGJyPueVs+OCk+OBoOeKtuaFizoxNWNtw5c2Y23DlzNjbQo8YnI+6ZaL44GE44Gf54q25oWLOuebtOW+hDg3Y20KPGJyPgo8YnI+CuOAkOWFqOWbveS4gOW+i+mAgeaWmeeEoeaWmeOAkTxicj4KPGJyPgo8L2NlbnRlcj4gCjxjZW50ZXI+CgpVSyDjg6Ljg4Pjgrrjg5XjgqHjg4Pjgrfjg6fjg7Pjgrvjg6zjgq/jg4jjgrfjg6fjg4Pjg5c8YnI+CkFCQkVZIENMT1pFU1Q8YnI+CuOCouODk+ODvOOCr+ODreODvOOCvOOCueODiDxicj4K44GK5bqX44OI44OD44OXCjwvY2VudGVyPgo8YnI+,RlVMVE9OIOODleODq+ODiOODsyDjgqbjgqPjg6rjgqLjg6Ag44Oi44Oq44K5IOWCmCDmipjjgorjgZ/jgZ/jgb/lgpgg44Ki44Oz44OW44Os44OpIFRpbnkg44CQ6YCB5paZ54Sh5paZ44CRIOiLseWbveeOi+WupOW+oeeUqOmBlCBXaWxsaWFtIE1vcnJpcyDjg6Ljg7zjg6rjgrkg44K544Kv44Ot44O844OrIOODleODqeODr+ODvCDoirHmn4Qg44Os44OD44OJIOODrOODh+OCo+ODvOOCuSBTdW5mbG93ZXIgRm9sZGluZyBVbWJyZWxsYSDjgYvjgZUg44Oi44OD44K6IOODleOCoeODg+OCt+ODp+ODsyDjgqTjgq7jg6rjgrkg44Ot44Oz44OJ44OzIGZ1bHRvbmw3MTNzY3JvbGzvvJpDTE9aRVNUIOODouODg+OCuuODoeODs+OCuuODrOODh+OCo+ODvOOCuQ==,6YCa5L+h6LKp5aOy6YCa6LKp44K344On44OD44OU44Oz44Kw44Kq44Oz44Op44Kk44Oz44K344On44OD44OU44Oz44Kw6LK344GE54mp44OX44Os44K844Oz44OI44Ku44OV44OI6LSI44KK54mp6LSI562U5ZOB44GK5Lit5YWD44GK5q2z5pqu44GK6LK344GE5b6X44OV44Os44OD44OJ44Oa44Oq44O8RnJlZCBQZXJyeUJlbiBTaGVybWFu44OZ44Oz44K344Oj44O844Oe44Oz44Oh44Or44KvbWVyY+ODleODq+ODiOODs0Z1bHRvbuODreODvOOCr0xvYWtl44K444On44Oz44K544OI44Oz44K644Oi44OD44K644OV44Kh44OD44K344On44Oz44OE44Kk44O844OJ44Of44Or44Oi44OD44K65YKY44Os44OH44Kj44O844K544Oh44Oz44K66YCa6LKp44OQ44Op44Kv44O844K/44OQ44OW44Ki44O8RlVMVE9OIOODleODq+ODiOODsyDjgqbjgqPjg6rjgqLjg6Ag44Oi44Oq44K5IOWCmCDmipjjgorjgZ/jgZ/jgb/lgpgg44Ki44Oz44OW44Os44OpIFRpbnkg44CQ6YCB5paZ54Sh5paZ44CRIOiLseWbveeOi+WupOW+oeeUqOmBlCBXaWxsaWFtIE1vcnJpcyDjg6Ljg7zjg6rjgrkg44K544Kv44Ot44O844OrIOODleODqeODr+ODvCDoirHmn4Qg44Os44OD44OJIOODrOODh+OCo+ODvOOCuSBTdW5mbG93ZXIgRm9sZGluZyBVbWJyZWxsYSDjgYvjgZUg44Oi44OD44K6IOODleOCoeODg+OCt+ODp+ODsyDjgqTjgq7jg6rjgrkg44Ot44Oz44OJ44OzIGZ1bHRvbmw3MTNzY3JvbGw=,44OV44Or44OI44OzIEZVTFRPTiDlgpggIOOAgkZVTFRPTiDjg5Xjg6vjg4jjg7Mg44Km44Kj44Oq44Ki44OgIOODouODquOCuSDlgpgg5oqY44KK44Gf44Gf44G/5YKYIOOCouODs+ODluODrOODqSBUaW55IOOAkOmAgeaWmeeEoeaWmeOAkSDoi7Hlm73njovlrqTlvqHnlKjpgZQgV2lsbGlhbSBNb3JyaXMg44Oi44O844Oq44K5IOOCueOCr+ODreODvOODqyDjg5Xjg6njg6/jg7wg6Iqx5p+EIOODrOODg+ODiSDjg6zjg4fjgqPjg7zjgrkgU3VuZmxvd2VyIEZvbGRpbmcgVW1icmVsbGEg44GL44GVIOODouODg+OCuiDjg5XjgqHjg4Pjgrfjg6fjg7Mg44Kk44Ku44Oq44K5IOODreODs+ODieODsyBmdWx0b25sNzEzc2Nyb2xs[rn]
15-197357,aHR0cDovL3RzaG9wLnIxMHMuanAvY2xvemVzdC9jYWJpbmV0LzAxMzgxOTcyL2Z1bHRvbmVsbGFqb3VsZXMvZnVsdG9ubDc1N3N0cmF3ZC5qcGc/Zml0aW49NzAwOjcwMA==,NTE4NC4wMDAw,,44OQ44OD44Kw44O75bCP54mp44O744OW44Op44Oz44OJ6ZuR6LKoID4g5YKYID4g44Os44OH44Kj44O844K56Zuo5YKY,44CQ5YKYIOaKmOOCiuOBn+OBn+OBvyDjg6zjg4fjgqPjg7zjgrnjgJHjg5Xjg6vjg4jjg7MgRlVMVE9OIOWCmCDjg6zjg4fjgqPjg7zjgrkg44Oi44Oq44K5IOaKmOOCiuOBn+OBn+OBvyDjgYvjgZUg5YKYIOODrOODh+OCo+ODvOOCuSBGVUxUT04gTW9ycmlzIOOBhOOBoeOBlOazpeajkiDjg5Xjg6vjg4jjg7Mg5YKYIOODrOODh+OCo+ODvOOCuSDmipjjgorjgZ/jgZ/jgb8g44OX44Os44K844Oz44OIIOOCruODleODiA==,,44Ku44OV44OI5YyF6KOF54Sh5paZ44Gn44GZIDxicj48YnI+PGNlbnRlcj48aW1nIHdpZHRoPSIxMDAlIiBib3JkZXI9IjAic3JjPSJodHRwOi8vaW1hZ2UucmFrdXRlbi5jby5qcC9jbG96ZXN0L2NhYmluZXQvMDEzODE5NzIvZnVsdG9uZWxsYWpvdWxlcy9mdWx0b25sNzU3c3RyYXdkLmpwZyI+CjxpbWcgd2lkdGg9IjEwMCUiIGJvcmRlcj0iMCJzcmM9Imh0dHA6Ly9pbWFnZS5yYWt1dGVuLmNvLmpwL2Nsb3plc3QvY2FiaW5ldC8wMTM4MTk3Mi9mdWx0b25lbGxham91bGVzL2Z1bHRvbmw3NTdzdHJhd2UuanBnIj4KPGltZyB3aWR0aD0iMTAwJSIgYm9yZGVyPSIwInNyYz0iaHR0cDovL2ltYWdlLnJha3V0ZW4uY28uanAvY2xvemVzdC9jYWJpbmV0LzAxMzgxOTcyL2Z1bHRvbmVsbGFqb3VsZXMvZnVsdG9ubDc1N3N0cmF3Zi5qcGciPgo8YnI+Cjxicj5GdWx0b24g44OV44Or44OI44Ozw5fjgqbjgqPjg6rjgqLjg6Djg7vjg6Ljg6rjgrnjga4KPGJyPuOCs+ODqeODnOODrOODvOOCt+ODp+ODs+ODouODh+ODq+OBp+OBmeOAggo8YnI+Cjxicj7mipjjgorjgZ/jgZ/jgb/jgarjgYzjgok5NmNt44GoCjxicj7pgJrluLjjga7jgqLjg7Pjg5bjg6zjg6njgavov6vjgovluoPjgIXjgajjgZfjgZ8KPGJyPuOCreODo+ODjuODlOODvOOBjOeJueW+tOOBp+OBmeOAggo8YnI+44Gd44Gu44Kt44Oj44OO44OU44O844KC44CB6Iux5Zu944Gu44OH44K244Kk44OK44O8Cjxicj7jgqbjgqPjg6rjgqLjg6Djg7vjg6Ljg6rjgrnjga7mn4TjgpLkvb/nlKjjgZfjgabjgYrjgorjgb7jgZnjga7jgacKPGJyPuW/g+WcsOOCiOOBhOepuumWk+OCkua8lOWHuuOBl+OBvuOBmeOAggo8YnI+Cjxicj7llYblk4HlkI3jga4i44GE44Gh44GU5rOl5qOSIuOBp+OBguOCiwo8YnI+5bCP6bOl44Gu44OH44K244Kk44Oz44GM5aSn5aSJ5oSb44KJ44GX44GE44Gn44GZ4piG44CCCjxicj7jg5Xjg6zjg7zjg6DjgoLogJDpoqjmgKfjgavjgZPjgaDjgo/jgaPjgZ/ntKDmnZDjgpIKPGJyPuS9v+eUqOOBmeOCi+OBquOBqeOAgeODleODq+ODiOODs+OBruWCmOODoeODvOOCq+ODvOOBqOOBl+OBpuOBrgo8YnI+44GT44Gg44KP44KK44GM6KaL44KJ44KM44G+44GZ44CCCjxicj7jgq7jg5Xjg4jjgavjgoLlpKflpInllpzjgbDjgozjgovkuIDlk4HjgafjgZnimIUKPGJyPgo8YnI+Cjxicj7llYblk4HlkI06IGZ1bHRvbmw3NTdzdHJhd2JlcnJ5Cjxicj4KPGJyPuODh+OCtuOCpOODszog44K544OI44Ot44OZ44Oq44O844K344O844OVCjxicj4KPGJyPue0oOadkDog44Od44Oq44Ko44K544OG44OrIDEwMCUKPGJyPgo8YnI+6YeN6YePOjIyN2cKPGJyPueVs+OCk+OBoOeKtuaFizoyNWNtCjxicj7plovjgYTjgZ/nirbmhYs655u05b6EOTZjbQo8YnI+Cjxicj4K44CQ5YWo5Zu95LiA5b6L6YCB5paZ54Sh5paZ44CRPGJyPgo8YnI+CjwvY2VudGVyPgo8Y2VudGVyPgoKVUsg44Oi44OD44K644OV44Kh44OD44K344On44Oz44K744Os44Kv44OI44K344On44OD44OXPGJyPgpBQkJFWSBDTE9aRVNUPGJyPgrjgqLjg5Pjg7zjgq/jg63jg7zjgrzjgrnjg4g8YnI+CuOBiuW6l+ODiOODg+ODlwo8L2NlbnRlcj4KPGJyPg==,44CQ5YKYIOaKmOOCiuOBn+OBn+OBvyDjg6zjg4fjgqPjg7zjgrnjgJHjg5Xjg6vjg4jjg7MgRlVMVE9OIOWCmCDjg6zjg4fjgqPjg7zjgrkg44Oi44Oq44K5IOaKmOOCiuOBn+OBn+OBvyDjgYvjgZUg5YKYIOODrOODh+OCo+ODvOOCuSBGVUxUT04gTW9ycmlzIOOBhOOBoeOBlOazpeajkiDjg5Xjg6vjg4jjg7Mg5YKYIOODrOODh+OCo+ODvOOCuSDmipjjgorjgZ/jgZ/jgb8g44OX44Os44K844Oz44OIIOOCruODleODiO+8mkNMT1pFU1Qg44Oi44OD44K644Oh44Oz44K644Os44OH44Kj44O844K5,6YCa5L+h6LKp5aOy6YCa6LKp44K344On44OD44OU44Oz44Kw44Kq44Oz44Op44Kk44Oz44K344On44OD44OU44Oz44Kw6LK344GE54mp44OX44Os44K844Oz44OI44Ku44OV44OI6LSI44KK54mp6LSI562U5ZOB44GK5Lit5YWD44GK5q2z5pqu44GK6LK344GE5b6X44OV44Os44OD44OJ44Oa44Oq44O8RnJlZCBQZXJyeUJlbiBTaGVybWFu44OZ44Oz44K344Oj44O844Oe44Oz44Oh44Or44KvbWVyY+ODleODq+ODiOODs0Z1bHRvbuODreODvOOCr0xvYWtl44K444On44Oz44K544OI44Oz44K644Oi44OD44K644OV44Kh44OD44K344On44Oz44OE44Kk44O844OJ44Of44Or44Oi44OD44K65YKY44Os44OH44Kj44O844K544Oh44Oz44K66YCa6LKp44OQ44Op44Kv44O844K/44OQ44OW44Ki44O844CQ5YKYIOaKmOOCiuOBn+OBn+OBvyDjg6zjg4fjgqPjg7zjgrnjgJHjg5Xjg6vjg4jjg7MgRlVMVE9OIOWCmCDjg6zjg4fjgqPjg7zjgrkg44Oi44Oq44K5IOaKmOOCiuOBn+OBn+OBvyDjgYvjgZUg5YKYIOODrOODh+OCo+ODvOOCuSBGVUxUT04gTW9ycmlzIOOBhOOBoeOBlOazpeajkiDjg5Xjg6vjg4jjg7Mg5YKYIOODrOODh+OCo+ODvOOCuSDmipjjgorjgZ/jgZ/jgb8g44OX44Os44K844Oz44OIIOOCruODleODiA==,6Iux5Zu9546L5a6k5b6h55So6YGUIEZVTFRPTiDjgJDpgIHmlpnnhKHmlpnjgJHlgpggIOOAguOAkOWCmCDmipjjgorjgZ/jgZ/jgb8g44Os44OH44Kj44O844K544CR44OV44Or44OI44OzIEZVTFRPTiDlgpgg44Os44OH44Kj44O844K5IOODouODquOCuSDmipjjgorjgZ/jgZ/jgb8g44GL44GVIOWCmCDjg6zjg4fjgqPjg7zjgrkgRlVMVE9OIE1vcnJpcyDjgYTjgaHjgZTms6Xmo5Ig44OV44Or44OI44OzIOWCmCDjg6zjg4fjgqPjg7zjgrkg5oqY44KK44Gf44Gf44G/IOODl+ODrOOCvOODs+ODiCDjgq7jg5Xjg4g=[rn]
15-197358,aHR0cDovL3RzaG9wLnIxMHMuanAvY2xvemVzdC9jYWJpbmV0LzAxMzgxOTcyL2Z1bHRvbmVsbGFqb3VsZXMvZnVsdG9ubDcxNWNocnlzZC5qcGc/Zml0aW49NzAwOjcwMA==,NjkxMi4wMDAw,,44OQ44OD44Kw44O75bCP54mp44O744OW44Op44Oz44OJ6ZuR6LKoID4g5YKYID4g44Os44OH44Kj44O844K56Zuo5YKY,44CQ5YKYIOODrOODh+OCo+ODvOOCueOAkeODleODq+ODiOODsyB4IOOCpuOCo+ODquOCouODoOODouODquOCuSBDaHJ5c2FudGhlbXVtIOOCr+ODquOCteODs+OCu+ODnuODoCDjg4jjg6/jg6wg44OW44Op44Oz44OJIEZ1bHRvbiDoj4og6ZW35YKYIOiKseafhCDjg5Xjg6vjg4jjg7Mg5YKYIOODrOODh+OCo+ODvOOCuSBNb3JyaXMg44GL44GVIOOBiuOBl+OCg+OCjCDpgJrkv6Hosqnlo7Ig5YKYIOODrOODh+OCo+ODvOOCuSDjg5fjg6zjgrzjg7Pjg4gg44Ku44OV44OI,,44Ku44OV44OI5YyF6KOF54Sh5paZ44Gn44GZIDxicj48YnI+PGNlbnRlcj48aW1nIHdpZHRoPSIxMDAlIiBib3JkZXI9IjAic3JjPSJodHRwOi8vaW1hZ2UucmFrdXRlbi5jby5qcC9jbG96ZXN0L2NhYmluZXQvMDEzODE5NzIvZnVsdG9uZWxsYWpvdWxlcy9mdWx0b25sNzE1Y2hyeXNkLmpwZyI+CjxpbWcgd2lkdGg9IjEwMCUiIGJvcmRlcj0iMCJzcmM9Imh0dHA6Ly9pbWFnZS5yYWt1dGVuLmNvLmpwL2Nsb3plc3QvY2FiaW5ldC8wMTM4MTk3Mi9mdWx0b25lbGxham91bGVzL2Z1bHRvbmw3MTVjaHJ5c2FuZS5qcGciPgo8aW1nIHdpZHRoPSIxMDAlIiBib3JkZXI9IjAic3JjPSJodHRwOi8vaW1hZ2UucmFrdXRlbi5jby5qcC9jbG96ZXN0L2NhYmluZXQvMDEzODE5NzIvZnVsdG9uZWxsYWpvdWxlcy9mdWx0b25sNzE1Y2hyeXNhbmYuanBnIj4KPGJyPgo8YnI+RnVsdG9uIOODleODq+ODiOODs8OX44Km44Kj44Oq44Ki44Og44O744Oi44Oq44K544GuCjxicj7jgrPjg6njg5zjg6zjg7zjgrfjg6fjg7Pjg6Ljg4fjg6vjgafjgZnjgIIKPGJyPgo8YnI+5pys54mp44Gu5pyo44KS5L2/55So44GX44Gf44K344Oj44OV44OI44GoCjxicj7ph5HlsZ7jga7pqqjntYTjgb/jgYzjg4fjgrbjgqTjg7PmgKfjgajogJDkuYXmgKfjgpLkuKHnq4vjgZfjgb7jgZfjgZ/vvIEKPGJyPui7vemHj+OBquOBruOCgueJueW+tOOBp+OBmeOAggo8YnI+6KW/5rSL6I+K44Gu576O44GX44GE44OG44Kt44K544K/44Kk44Or44KCCjxicj7lm73lhoXjgafjga/jgarjgYvjgarjgYvopovjgaTjgYvjgonjgarjgYQKPGJyPuWkp+WkieODrOOCouOBquWVhuWTgeOBp+OBmeOAggo8YnI+Cjxicj7jg4/jg7Pjg4njg6vjgavjga/jg4fjgrbjgqTjg4rjg7zjgIEKPGJyPuOCpuOCo+ODquOCouODoOODu+ODouODquOCueOBruWJtealreOBl+OBn+ODluODqeODs+ODiQo8YnI+TU9SUklTJkNvLuOBruWIu+WNsOOBjOWIu+OBvuOCjOOBpuOBhOOBvuOBmeOAggo8YnI+6ZaL6ZaJ44KC44Kk44K/44Oq44Ki44Oz44K544K/44Kk44Or44GnCjxicj7jgajjgabjgoLjgrnjg6Djg7zjgrnjgafjgZnjgIIKPGJyPgo8YnI+5ZWG5ZOB5ZCNOiBmdWx0b25sNzg4Y2hyeXNhbnRoZW11bQo8YnI+Cjxicj7jg4fjgrbjgqTjg7M6IOiPiijjg5bjg6vjg7wpCjxicj4KPGJyPue0oOadkDog44Od44Oq44Ko44K544OG44OrIDEwMCUKPGJyPgo8YnI+5YWo6ZW3Ojg5Y20KPGJyPuebtOW+hDoxMDJjbQo8YnI+Cjxicj4KPGJyPgrjgJDlhajlm73kuIDlvovpgIHmlpnnhKHmlpnjgJE8YnI+Cjxicj4KPC9jZW50ZXI+IAo8Y2VudGVyPgoKVUsg44Oi44OD44K644OV44Kh44OD44K344On44Oz44K744Os44Kv44OI44K344On44OD44OXPGJyPgpBQkJFWSBDTE9aRVNUPGJyPgrjgqLjg5Pjg7zjgq/jg63jg7zjgrzjgrnjg4g8YnI+CuOBiuW6l+ODiOODg+ODlwo8L2NlbnRlcj4KPGJyPg==,44CQ5YKYIOODrOODh+OCo+ODvOOCueOAkeODleODq+ODiOODsyB4IOOCpuOCo+ODquOCouODoOODouODquOCuSBDaHJ5c2FudGhlbXVtIOOCr+ODquOCteODs+OCu+ODnuODoCDjg4jjg6/jg6wg44OW44Op44Oz44OJIEZ1bHRvbiDoj4og6ZW35YKYIOiKseafhCDjg5Xjg6vjg4jjg7Mg5YKYIOODrOODh+OCo+ODvOOCuSBNb3JyaXMg44GL44GVIOOBiuOBl+OCg+OCjCDpgJrkv6Hosqnlo7Ig5YKYIOODrOODh+OCo+ODvOOCuSDjg5fjg6zjgrzjg7Pjg4gg44Ku44OV44OI77yaQ0xPWkVTVCDjg6Ljg4Pjgrrjg6Hjg7Pjgrrjg6zjg4fjgqPjg7zjgrk=,6YCa5L+h6LKp5aOy6YCa6LKp44K344On44OD44OU44Oz44Kw44Kq44Oz44Op44Kk44Oz44K344On44OD44OU44Oz44Kw6LK344GE54mp44OX44Os44K844Oz44OI44Ku44OV44OI6LSI44KK54mp6LSI562U5ZOB44GK5Lit5YWD44GK5q2z5pqu44GK6LK344GE5b6X44OV44Os44OD44OJ44Oa44Oq44O8RnJlZCBQZXJyeUJlbiBTaGVybWFu44OZ44Oz44K344Oj44O844Oe44Oz44Oh44Or44KvbWVyY+ODleODq+ODiOODs0Z1bHRvbuODreODvOOCr0xvYWtl44K444On44Oz44K544OI44Oz44K644Oi44OD44K644OV44Kh44OD44K344On44Oz44OE44Kk44O844OJ44Of44Or44Oi44OD44K65YKY44Os44OH44Kj44O844K544Oh44Oz44K66YCa6LKp44OQ44Op44Kv44O844K/44OQ44OW44Ki44O844CQ5YKYIOODrOODh+OCo+ODvOOCueOAkeODleODq+ODiOODsyB4IOOCpuOCo+ODquOCouODoOODouODquOCuSBDaHJ5c2FudGhlbXVtIOOCr+ODquOCteODs+OCu+ODnuODoCDjg4jjg6/jg6wg44OW44Op44Oz44OJIEZ1bHRvbiDoj4og6ZW35YKYIOiKseafhCDjg5Xjg6vjg4jjg7Mg5YKYIOODrOODh+OCo+ODvOOCuSBNb3JyaXMg44GL44GVIOOBiuOBl+OCg+OCjCDpgJrkv6Hosqnlo7Ig5YKYIOODrOODh+OCo+ODvOOCuSDjg5fjg6zjgrzjg7Pjg4gg44Ku44OV44OI,6Iux5Zu9546L5a6k5b6h55So6YGUIEZ1bHRvbiDjgJDpgIHmlpnnhKHmlpnjgJEg5YKYICDjgILjgJDlgpgg44Os44OH44Kj44O844K544CR44OV44Or44OI44OzIHgg44Km44Kj44Oq44Ki44Og44Oi44Oq44K5IENocnlzYW50aGVtdW0g44Kv44Oq44K144Oz44K744Oe44OgIOODiOODr+ODrCDjg5bjg6njg7Pjg4kgRnVsdG9uIOiPiiDplbflgpgg6Iqx5p+EIOODleODq+ODiOODsyDlgpgg44Os44OH44Kj44O844K5IE1vcnJpcyDjgYvjgZUg44GK44GX44KD44KMIOmAmuS/oeiyqeWjsiDlgpgg44Os44OH44Kj44O844K5IOODl+ODrOOCvOODs+ODiCDjgq7jg5Xjg4g=[rn]
15-197359,aHR0cDovL3RzaG9wLnIxMHMuanAvY2xvemVzdC9jYWJpbmV0LzAxMzgxOTcyL2Z1bHRvbmVsbGFqb3VsZXMvZnVsdG9ubDc4N2xpbHlkLmpwZz9maXRpbj03MDA6NzAw,NTAxMS4yMDAw,,44OQ44OD44Kw44O75bCP54mp44O744OW44Op44Oz44OJ6ZuR6LKoID4g5YKYID4g44Os44OH44Kj44O844K56Zuo5YKY,44OV44Or44OI44OzIEZVTFRPTiDlgpgg44Os44OH44Kj44O844K5IOODkOODvOODieOCseODvOOCuCBTaGUncyBVViDjg5fjg63jg4bjgq/jgrfjg6fjg7Mg44Oq44Oq44O8IOmVt+WCmCDjg6zjg4fjgqPjg7zjgrkg44GL44GVIEZVTFRPTiDjg5fjg6zjgrzjg7Pjg4gg44Ku44OV44OI,,44Ku44OV44OI5YyF6KOF54Sh5paZ44Gn44GZIDxicj48YnI+PGNlbnRlcj4KPGltZyB3aWR0aD0iMTAwJSIgYm9yZGVyPSIwInNyYz0iaHR0cDovL2ltYWdlLnJha3V0ZW4uY28uanAvY2xvemVzdC9jYWJpbmV0LzAxMzgxOTcyL2Z1bHRvbmVsbGFqb3VsZXMvZnVsdG9ubDc4N2xpbHllLmpwZyI+Cgo8aW1nIHdpZHRoPSIxMDAlIiBib3JkZXI9IjAic3JjPSJodHRwOi8vaW1hZ2UucmFrdXRlbi5jby5qcC9jbG96ZXN0L2NhYmluZXQvMDEzODE5NzIvZnVsdG9uZWxsYWpvdWxlcy9mdWx0b25sNzg3bGlseWYuanBnIj4KCjxicj4KPGJyPgo8YnI+RnVsdG9uIOODleODq+ODiOODs+OBruODkOODvOODieOCseODvOOCuCAKPGJyPlVW44OX44Ot44OG44Kv44K344On44Oz44Oi44OH44Or44Gn44GZ44CCCjxicj4KPGJyPnRoZSBRdWVlbiDjgqjjg6rjgrbjg5njgrky5LiW5aWz546L6Zmb5LiL44GrCjxicj7jgZTkvb/nlKjjgYTjgZ/jgaDjgYTjgabjgYTjgovjg5Djg7zjg4njgrHjg7zjgrjjgasKPGJyPlVW44Kr44OD44OI5Yqg5belKOe0q+Wklue3muWvvuetlinjgYzmlr3jgZXjgozjgZ8KPGJyPuaXpeacrOS6uuOBruOCteOCpOOCuuOBq+WQiOOCj+OBm+OBn+eJueWIpeODouODh+ODq+OBqOOBquOBo+OBpuOBiuOCiuOBvuOBmeOAggo8YnI+Cjxicj7ps6XjgYvjgZTjgpLjg6Ljg4Hjg7zjg5XjgajjgZfjgZ/kvZzjgorjgYzpm6jjgarjganjgafogqnlkajjgorjgYzmv6HjgozjgavjgY/jgY/mqZ/og73mgKfmipznvqTjgIIKPGJyPuWRqOOCiuOBjOimi+a4oeOBl+OChOOBmeOBhOmAj+aYjuOBquOCreODo+ODjuODlOODvOOBqwo8YnI+5LiK5ZOB44Gq44Oq44Oq44O844OH44K244Kk44Oz44GM44Ki44Kv44K744Oz44OI44Gr44CCCjxicj4KPGJyPumWi+mWieOBpOOBvuOBv+OBr+S4iuOBq+aMgeOBoeS4iuOBkuOCi+OBoOOBkeOBquOBruOBpwo8YnI+57Ch5Y2Y44K544Og44O844K544Gn44Go44Gm44KC5L6/5Yip44Gn44GZ44CCCjxicj7lvLfpoqjjgavjgoLlvLfjgYTnibnmrorjgarntKDmnZDjgpLkvb/nlKjjgZfjgabjgYrjgorjgb7jgZnjgIIKPGJyPirmjIfjga/jgZXjgb/pmLLmraLjga7jgZ/jgoHjg63jg4Pjgq/jgYznlJjjgYTloLTlkIjjgYzjgZTjgZbjgYTjgb7jgZnjgIIKPGJyPuWCmOOCkumWieOBmOOBpuOCi+mam+OBr+ODmeODq+ODiOOCkue3oOOCgeOBpuOBlOS9v+eUqOS4i+OBleOBhOOAggo8YnI+44G+44Gf44CB44GP44Gj44Gk44GN6Ziy5q2i44Gu44Gf44KB44Gu57KJ44GM5aGX5biD44GV44KM44Gm44GK44KK44G+44GZ44CCCjxicj4KPGJyPuWVhuWTgeWQjTpmdWx0b25sNzg3bGlseQo8YnI+Cjxicj7jgqvjg6njg7w644Oq44Oq44O8Cjxicj4KPGJyPue0oOadkDpQVkMgMTAwJQo8YnI+Cjxicj7jgrXjgqTjgro6Cjxicj7lhajplbcgODdjbQo8YnI+55u05b6EOjc1Y20KPGJyPua3seOBlTo0NWNtCjxicj7ph43ph486NTI1Zwo8YnI+CuOAkOWFqOWbveS4gOW+i+mAgeaWmeeEoeaWmeOAkQo8L2NlbnRlcj4KPGNlbnRlcj4KPGJyPgpCaXJkIENhZ2Ug5LiA6Kan44Gv44GT44Gh44KJ77yBPGJyPgo8YnI+CuODrOODh+OCo+ODvOOCuSDjgrnjgr/jg7Pjg4Djg7zjg4nlgpgg5LiA6Kan44Gv44GT44Gh44KJ77yBPGJyPgo8YnI+PGJyPiAKRlVMVE9O5LiA6Kan44Gv44GT44Gh44KJ77yBCjwvY2VudGVyPg==,44OV44Or44OI44OzIEZVTFRPTiDlgpgg44Os44OH44Kj44O844K5IOODkOODvOODieOCseODvOOCuCBTaGUncyBVViDjg5fjg63jg4bjgq/jgrfjg6fjg7Mg44Oq44Oq44O8IOmVt+WCmCDjg6zjg4fjgqPjg7zjgrkg44GL44GVIEZVTFRPTiDjg5fjg6zjgrzjg7Pjg4gg44Ku44OV44OI77yaQ0xPWkVTVCDjg6Ljg4Pjgrrjg6Hjg7Pjgrrjg6zjg4fjgqPjg7zjgrk=,6YCa5L+h6LKp5aOy6YCa6LKp44K344On44OD44OU44Oz44Kw44Kq44Oz44Op44Kk44Oz44K344On44OD44OU44Oz44Kw6LK344GE54mp44OX44Os44K844Oz44OI44Ku44OV44OI6LSI44KK54mp6LSI562U5ZOB44GK5Lit5YWD44GK5q2z5pqu44GK6LK344GE5b6X44OV44Os44OD44OJ44Oa44Oq44O8RnJlZCBQZXJyeUJlbiBTaGVybWFu44OZ44Oz44K344Oj44O844Oe44Oz44Oh44Or44KvbWVyY+ODleODq+ODiOODs0Z1bHRvbuODreODvOOCr0xvYWtl44K444On44Oz44K544OI44Oz44K644Oi44OD44K644OV44Kh44OD44K344On44Oz44OE44Kk44O844OJ44Of44Or44Oi44OD44K65YKY44Os44OH44Kj44O844K544Oh44Oz44K66YCa6LKp44OQ44Op44Kv44O844K/44OQ44OW44Ki44O844OV44Or44OI44OzIEZVTFRPTiDlgpgg44Os44OH44Kj44O844K5IOODkOODvOODieOCseODvOOCuCBTaGUncyBVViDjg5fjg63jg4bjgq/jgrfjg6fjg7Mg44Oq44Oq44O8IOmVt+WCmCDjg6zjg4fjgqPjg7zjgrkg44GL44GVIEZVTFRPTiDjg5fjg6zjgrzjg7Pjg4gg44Ku44OV44OI,44CQ6YCB5paZ54Sh5paZ44CRIOODleODq+ODiOODsyBGVUxUT04g5YKYICDjgILjg5Xjg6vjg4jjg7MgRlVMVE9OIOWCmCDjg6zjg4fjgqPjg7zjgrkg44OQ44O844OJ44Kx44O844K4IFNoZSdzIFVWIOODl+ODreODhuOCr+OCt+ODp+ODsyDjg6rjg6rjg7wg6ZW35YKYIOODrOODh+OCo+ODvOOCuSDjgYvjgZUgRlVMVE9OIOODl+ODrOOCvOODs+ODiCDjgq7jg5Xjg4g=[rn]
15-197360,aHR0cDovL3RzaG9wLnIxMHMuanAvY2xvemVzdC9jYWJpbmV0LzAxMzgxOTcyL2Z1bHRvbmVsbGFqb3VsZXMvZnVsdG9ubDc4N2hlYXJ0c3BvdGQuanBnP2ZpdGluPTcwMDo3MDA=,NTAxMS4yMDAw,,44OQ44OD44Kw44O75bCP54mp44O744OW44Op44Oz44OJ6ZuR6LKoID4g5YKYID4g44Os44OH44Kj44O844K56Zuo5YKY,44OV44Or44OI44OzIEZVTFRPTiDlgpgg44Os44OH44Kj44O844K5IOODkOODvOODieOCseODvOOCuCBTaGUncyBVViDjg5fjg63jg4bjgq/jgrfjg6fjg7Mg44OP44O844OI44K544Od44OD44OI44OW44Or44O8IOmVt+WCmCDjg6zjg4fjgqPjg7zjgrkg44GL44GVIEZVTFRPTiDjg5fjg6zjgrzjg7Pjg4gg44Ku44OV44OI,,44Ku44OV44OI5YyF6KOF54Sh5paZ44Gn44GZIDxicj48YnI+PGNlbnRlcj4KPGltZyB3aWR0aD0iMTAwJSIgYm9yZGVyPSIwInNyYz0iaHR0cDovL2ltYWdlLnJha3V0ZW4uY28uanAvY2xvemVzdC9jYWJpbmV0LzAxMzgxOTcyL2Z1bHRvbmVsbGFqb3VsZXMvZnVsdG9ubDc4N2hlYXJ0c3BvdGUuanBnIj4KCjxicj4KPGJyPgo8YnI+RnVsdG9uIOODleODq+ODiOODs+OBruODkOODvOODieOCseODvOOCuCAKPGJyPlVW44OX44Ot44OG44Kv44K344On44Oz44Oi44OH44Or44Gn44GZ44CCCjxicj4KPGJyPnRoZSBRdWVlbiDjgqjjg6rjgrbjg5njgrky5LiW5aWz546L6Zmb5LiL44GrCjxicj7jgZTkvb/nlKjjgYTjgZ/jgaDjgYTjgabjgYTjgovjg5Djg7zjg4njgrHjg7zjgrjjgasKPGJyPlVW44Kr44OD44OI5Yqg5belKOe0q+Wklue3muWvvuetlinjgYzmlr3jgZXjgozjgZ8KPGJyPuaXpeacrOS6uuOBruOCteOCpOOCuuOBq+WQiOOCj+OBm+OBn+eJueWIpeODouODh+ODq+OBqOOBquOBo+OBpuOBiuOCiuOBvuOBmeOAggo8YnI+Cjxicj7ps6XjgYvjgZTjgpLjg6Ljg4Hjg7zjg5XjgajjgZfjgZ/kvZzjgorjgYzpm6jjgarjganjgafogqnlkajjgorjgYzmv6HjgozjgavjgY/jgY/mqZ/og73mgKfmipznvqTjgIIKPGJyPuWRqOOCiuOBjOimi+a4oeOBl+OChOOBmeOBhOmAj+aYjuOBquOCreODo+ODjuODlOODvOOBqwo8YnI+54i944KE44GL44Gq44OP44O844OI44K544Od44OD44OI44OH44K244Kk44Oz44GM44Ki44Kv44K744Oz44OI44Gr44CCCjxicj4KPGJyPumWi+mWieOBpOOBvuOBv+OBr+S4iuOBq+aMgeOBoeS4iuOBkuOCi+OBoOOBkeOBquOBruOBpwo8YnI+57Ch5Y2Y44K544Og44O844K544Gn44Go44Gm44KC5L6/5Yip44Gn44GZ44CCCjxicj7lvLfpoqjjgavjgoLlvLfjgYTnibnmrorjgarntKDmnZDjgpLkvb/nlKjjgZfjgabjgYrjgorjgb7jgZnjgIIKPGJyPirmjIfjga/jgZXjgb/pmLLmraLjga7jgZ/jgoHjg63jg4Pjgq/jgYznlJjjgYTloLTlkIjjgYzjgZTjgZbjgYTjgb7jgZnjgIIKPGJyPuWCmOOCkumWieOBmOOBpuOCi+mam+OBr+ODmeODq+ODiOOCkue3oOOCgeOBpuOBlOS9v+eUqOS4i+OBleOBhOOAggo8YnI+44G+44Gf44CB44GP44Gj44Gk44GN6Ziy5q2i44Gu44Gf44KB44Gu57KJ44GM5aGX5biD44GV44KM44Gm44GK44KK44G+44GZ44CCCjxicj4KPGJyPuWVhuWTgeWQjTpmdWx0b25sNzg3aGVhcnRzcG90Ymx1ZQo8YnI+Cjxicj7jgqvjg6njg7w644OP44O844OI44K544Od44OD44OI44OW44Or44O8Cjxicj4KPGJyPue0oOadkDpQVkMgMTAwJQo8YnI+Cjxicj7jgrXjgqTjgro6Cjxicj7lhajplbcgODdjbQo8YnI+55u05b6EOjc1Y20KPGJyPua3seOBlTo0NWNtCjxicj7ph43ph486NTI1Zwo8YnI+CuOAkOWFqOWbveS4gOW+i+mAgeaWmeeEoeaWmeOAkQo8L2NlbnRlcj4KPGNlbnRlcj4KPGJyPgpCaXJkIENhZ2Ug5LiA6Kan44Gv44GT44Gh44KJ77yBPGJyPgo8YnI+CuODrOODh+OCo+ODvOOCuSDjgrnjgr/jg7Pjg4Djg7zjg4nlgpgg5LiA6Kan44Gv44GT44Gh44KJ77yBPGJyPgo8YnI+PGJyPiAKRlVMVE9O5LiA6Kan44Gv44GT44Gh44KJ77yBCjwvY2VudGVyPg==,44OV44Or44OI44OzIEZVTFRPTiDlgpgg44Os44OH44Kj44O844K5IOODkOODvOODieOCseODvOOCuCBTaGUncyBVViDjg5fjg63jg4bjgq/jgrfjg6fjg7Mg44OP44O844OI44K544Od44OD44OI44OW44Or44O8IOmVt+WCmCDjg6zjg4fjgqPjg7zjgrkg44GL44GVIEZVTFRPTiDjg5fjg6zjgrzjg7Pjg4gg44Ku44OV44OI77yaQ0xPWkVTVCDjg6Ljg4Pjgrrjg6Hjg7Pjgrrjg6zjg4fjgqPjg7zjgrk=,6YCa5L+h6LKp5aOy6YCa6LKp44K344On44OD44OU44Oz44Kw44Kq44Oz44Op44Kk44Oz44K344On44OD44OU44Oz44Kw6LK344GE54mp44OX44Os44K844Oz44OI44Ku44OV44OI6LSI44KK54mp6LSI562U5ZOB44GK5Lit5YWD44GK5q2z5pqu44GK6LK344GE5b6X44OV44Os44OD44OJ44Oa44Oq44O8RnJlZCBQZXJyeUJlbiBTaGVybWFu44OZ44Oz44K344Oj44O844Oe44Oz44Oh44Or44KvbWVyY+ODleODq+ODiOODs0Z1bHRvbuODreODvOOCr0xvYWtl44K444On44Oz44K544OI44Oz44K644Oi44OD44K644OV44Kh44OD44K344On44Oz44OE44Kk44O844OJ44Of44Or44Oi44OD44K65YKY44Os44OH44Kj44O844K544Oh44Oz44K66YCa6LKp44OQ44Op44Kv44O844K/44OQ44OW44Ki44O844OV44Or44OI44OzIEZVTFRPTiDlgpgg44Os44OH44Kj44O844K5IOODkOODvOODieOCseODvOOCuCBTaGUncyBVViDjg5fjg63jg4bjgq/jgrfjg6fjg7Mg44OP44O844OI44K544Od44OD44OI44OW44Or44O8IOmVt+WCmCDjg6zjg4fjgqPjg7zjgrkg44GL44GVIEZVTFRPTiDjg5fjg6zjgrzjg7Pjg4gg44Ku44OV44OI,44CQ6YCB5paZ54Sh5paZ44CRIOODleODq+ODiOODsyBGVUxUT04g5YKYICDjgILjg5Xjg6vjg4jjg7MgRlVMVE9OIOWCmCDjg6zjg4fjgqPjg7zjgrkg44OQ44O844OJ44Kx44O844K4IFNoZSdzIFVWIOODl+ODreODhuOCr+OCt+ODp+ODsyDjg4/jg7zjg4jjgrnjg53jg4Pjg4jjg5bjg6vjg7wg6ZW35YKYIOODrOODh+OCo+ODvOOCuSDjgYvjgZUgRlVMVE9OIOODl+ODrOOCvOODs+ODiCDjgq7jg5Xjg4g=[rn]
15-197361,aHR0cDovL3RzaG9wLnIxMHMuanAvY2xvemVzdC9jYWJpbmV0LzAxMzgxOTcyL2Z1bHRvbmVsbGFqb3VsZXMvZnVsdG9ubDA0MnNtYWxsc3BvZC5qcGc/Zml0aW49NzAwOjcwMA==,NTAxMS4yMDAw,,44OQ44OD44Kw44O75bCP54mp44O744OW44Op44Oz44OJ6ZuR6LKoID4g5YKYID4g44Os44OH44Kj44O844K56Zuo5YKY,44OV44Or44OI44OzIOWCmCDjg6zjg4fjgqPjg7zjgrkg44OQ44O844OJ44Kx44O844K4IFNtYWxsU3BvdHMg5rC0546JIOmVt+WCmCDjgYvjgZUg44Ko44Oq44K244OZ44K55aWz546LIOODl+ODrOOCvOODs+ODiCDjgq7jg5Xjg4g=,,44Ku44OV44OI5YyF6KOF54Sh5paZ44Gn44GZIDxicj48YnI+PGNlbnRlcj48aW1nIHdpZHRoPSIxMDAlIiBib3JkZXI9IjAic3JjPSJodHRwOi8vaW1hZ2UucmFrdXRlbi5jby5qcC9jbG96ZXN0L2NhYmluZXQvMDEzODE5NzIvZnVsdG9uZWxsYWpvdWxlcy9mdWx0b25sMDQyc21hbGxzcG9kLmpwZyI+CgoKPGltZyB3aWR0aD0iMTAwJSIgYm9yZGVyPSIwInNyYz0iaHR0cDovL2ltYWdlLnJha3V0ZW4uY28uanAvY2xvemVzdC9jYWJpbmV0LzAxMzgxOTcyL2Z1bHRvbmVsbGFqb3VsZXMvZnVsdG9ubDA0MnNtYWxsc3BvdGYuZ2lmIj48YnI+Cjxicj5GdWx0b24g44OV44Or44OI44Oz44Gu44OQ44O844OJ44Kx44O844K4IAo8YnI+44Oq44Ki44Or44Ki44Kk44Kz44Oz44Oi44OH44Or44Gn44GZ44CCCjxicj4KPGJyPuOBk+OBoeOCieOBruODouODh+ODq+OBrwo8YnI+dGhlIFF1ZWVuIOOCqOODquOCtuODmeOCuTLkuJblpbPnjovpmZvkuIvjgasKPGJyPuOBlOS9v+eUqOOBhOOBn+OBoOOBhOOBpuOBhOOCi+eJqeOBq+OBquOCiuOBvuOBmeOAgiAKPGJyPgo8YnI+6bOl44GL44GU44KS44Oi44OB44O844OV44Go44GX44Gf5L2c44KK44GM6Zuo44Gq44Gp44Gn6IKp5ZGo44KK44GM5r+h44KM44Gr44GP44GP5qmf6IO95oCn44OQ44OE44Kw44Oz44CCCjxicj7lsI/jgZXjgoHjga7jgqvjg6njg5Xjg6vjgarmsLTnjonjg4fjgrbjgqTjg7PjgYzjgajjgabjgoLjgYrmtJLokL3jgafjgZnjgIIKPGJyPgo8YnI+6ZaL6ZaJ44Gk44G+44G/44Gv5LiK44Gr5oyB44Gh5LiK44GS44KL44Gg44GR44Gq44Gu44GnCjxicj7nsKHljZjjgrnjg6Djg7zjgrnjgafjgajjgabjgoLkvr/liKnjgafjgZnjgIIKPGJyPuW8t+miqOOBq+OCguW8t+OBhOeJueauiuOBque0oOadkOOCkuS9v+eUqOOBl+OBpuOBiuOCiuOBvuOBmeOAggo8YnI+KuaMh+OBr+OBleOBv+mYsuatouOBruOBn+OCgeODreODg+OCr+OBjOeUmOOBhOWgtOWQiOOBjOOBlOOBluOBhOOBvuOBmeOAggo8YnI+5YKY44KS6ZaJ44GY44Gm44KL6Zqb44Gv44OZ44Or44OI44KS57eg44KB44Gm44GU5L2/55So5LiL44GV44GE44CCCjxicj7jgb7jgZ/jgIHjgY/jgaPjgaTjgY3pmLLmraLjga7jgZ/jgoHjga7nsonjgYzloZfluIPjgZXjgozjgabjgYrjgorjgb7jgZnjgIIKPGJyPgo8YnI+5ZWG5ZOB5ZCNOiBmdWx0b25sMDQyc21hbGxzcG90cwo8YnI+Cjxicj7jg4fjgrbjgqTjg7M6IOOCueODouODvOODq+OCueODneODg+ODhAo8YnI+Cjxicj7ntKDmnZA6IOODneODquOCqOOCueODhuODqyAxMDAlCjxicj4KPGJyPuOCteOCpOOCujrlhajplbcgOTRjbQo8YnI+55u05b6EOjg0Y20KPGJyPgrjgJDlhajlm73kuIDlvovpgIHmlpnnhKHmlpnjgJE8YnI+Cjxicj4gCkZVTFRPTuS4gOimp+OBr+OBk+OBoeOCie+8gQo8YnI+CjwvY2VudGVyPg==,44OV44Or44OI44OzIOWCmCDjg6zjg4fjgqPjg7zjgrkg44OQ44O844OJ44Kx44O844K4IFNtYWxsU3BvdHMg5rC0546JIOmVt+WCmCDjgYvjgZUg44Ko44Oq44K244OZ44K55aWz546LIOODl+ODrOOCvOODs+ODiCDjgq7jg5Xjg4jvvJpDTE9aRVNUIOODouODg+OCuuODoeODs+OCuuODrOODh+OCo+ODvOOCuQ==,6YCa5L+h6LKp5aOy6YCa6LKp44K344On44OD44OU44Oz44Kw44Kq44Oz44Op44Kk44Oz44K344On44OD44OU44Oz44Kw6LK344GE54mp44OX44Os44K844Oz44OI44Ku44OV44OI6LSI44KK54mp6LSI562U5ZOB44GK5Lit5YWD44GK5q2z5pqu44GK6LK344GE5b6X44OV44Os44OD44OJ44Oa44Oq44O8RnJlZCBQZXJyeUJlbiBTaGVybWFu44OZ44Oz44K344Oj44O844Oe44Oz44Oh44Or44KvbWVyY+ODleODq+ODiOODs0Z1bHRvbuODreODvOOCr0xvYWtl44K444On44Oz44K544OI44Oz44K644Oi44OD44K644OV44Kh44OD44K344On44Oz44OE44Kk44O844OJ44Of44Or44Oi44OD44K65YKY44Os44OH44Kj44O844K544Oh44Oz44K66YCa6LKp44OQ44Op44Kv44O844K/44OQ44OW44Ki44O844OV44Or44OI44OzIOWCmCDjg6zjg4fjgqPjg7zjgrkg44OQ44O844OJ44Kx44O844K4IFNtYWxsU3BvdHMg5rC0546JIOmVt+WCmCDjgYvjgZUg44Ko44Oq44K244OZ44K55aWz546LIOODl+ODrOOCvOODs+ODiCDjgq7jg5Xjg4g=,6Iux5Zu9546L5a6k5b6h55So6YGU44CQ6YCB5paZ54Sh5paZ44CRRlVMVE9OIOWCmCAg44CC44OV44Or44OI44OzIOWCmCDjg6zjg4fjgqPjg7zjgrkg44OQ44O844OJ44Kx44O844K4IFNtYWxsU3BvdHMg5rC0546JIOmVt+WCmCDjgYvjgZUg44Ko44Oq44K244OZ44K55aWz546LIOODl+ODrOOCvOODs+ODiCDjgq7jg5Xjg4g=[rn]
15-197362,aHR0cDovL3RzaG9wLnIxMHMuanAvY2xvemVzdC9jYWJpbmV0LzAxMzgxOTcyL2Z1bHRvbmVsbGFqb3VsZXMvZnVsdG9ubDc4M2JsdWVkLmpwZz9maXRpbj03MDA6NzAw,NDMyMC4wMDAw,,44OQ44OD44Kw44O75bCP54mp44O744OW44Op44Oz44OJ6ZuR6LKoID4g5YKYID4g44Os44OH44Kj44O844K56Zuo5YKY,44OV44Or44OI44OzIEZ1bHRvbiDlgpgg44OQ44O844OJ44Kx44O844K4IFNoZSdzIFVWIFZpY3RyaWEgQmx1ZSDjg5fjg63jg4bjgq/jgrfjg6fjg7Mg44OW44Or44O8IOmVt+WCmCDjg6zjg4fjgqPjg7zjgrkg44GL44GVIEZVTFRPTiDjg5fjg6zjgrzjg7Pjg4gg44Ku44OV44OI,,44Ku44OV44OI5YyF6KOF54Sh5paZ44Gn44GZIDxicj48YnI+PGNlbnRlcj4KPGltZyB3aWR0aD0iMTAwJSIgYm9yZGVyPSIwInNyYz0iaHR0cDovL2ltYWdlLnJha3V0ZW4uY28uanAvY2xvemVzdC9jYWJpbmV0LzAxMzgxOTcyL2Z1bHRvbmVsbGFqb3VsZXMvZnVsdG9udHViZS5qcGciPgo8YnI+CjxpbWcgd2lkdGg9IjEwMCUiIGJvcmRlcj0iMCJzcmM9Imh0dHA6Ly9pbWFnZS5yYWt1dGVuLmNvLmpwL2Nsb3plc3QvY2FiaW5ldC8wMTM4MTk3Mi9mdWx0b25lbGxham91bGVzL2Z1bHRvbmw3ODNibHVlZWUuanBnIj4KPGJyPgo8aW1nIHdpZHRoPSIxMDAlIiBib3JkZXI9IjAic3JjPSJodHRwOi8vaW1hZ2UucmFrdXRlbi5jby5qcC9jbG96ZXN0L2NhYmluZXQvMDEzODE5NzIvZnVsdG9uZWxsYWpvdWxlcy9mdWx0b25sNzgzYmx1ZWZmLmpwZyI+Cjxicj4KPGJyPkZ1bHRvbiDjg5Xjg6vjg4jjg7Pjga7jg5Djg7zjg4njgrHjg7zjgrggCjxicj5VVuODl+ODreODhuOCr+OCt+ODp+ODs+ODouODh+ODq+OBp+OBmeOAggo8YnI+Cjxicj50aGUgUXVlZW4g44Ko44Oq44K244OZ44K5MuS4luWls+eOi+mZm+S4i+OBqwo8YnI+44GU5L2/55So44GE44Gf44Gg44GE44Gm44GE44KL44OQ44O844OJ44Kx44O844K444GrCjxicj5VVuOCq+ODg+ODiOWKoOW3pSjntKvlpJbnt5rlr77nrZYp44GM5pa944GV44KM44GfCjxicj7ml6XmnKzkurrjga7jgrXjgqTjgrrjgavlkIjjgo/jgZvjgZ/nibnliKXjg6Ljg4fjg6vjgajjgarjgaPjgabjgYrjgorjgb7jgZnjgIIKPGJyPgo8YnI+6bOl44GL44GU44KS44Oi44OB44O844OV44Go44GX44Gf5L2c44KK44GM6Zuo44Gq44Gp44Gn6IKp5ZGo44KK44GM5r+h44KM44Gr44GP44GP5qmf6IO95oCn5oqc576k44CCCjxicj7lkajjgorjgYzopovmuKHjgZfjgoTjgZnjgYTpgI/mmI7jgarjgq3jg6Pjg47jg5Tjg7zjgavjg5bjg6vjg7zjga7nuIHlj5bjgorjgYzjgqLjgq/jgrvjg7Pjg4jjgavjgIIKPGJyPgo8YnI+6ZaL6ZaJ44Gk44G+44G/44Gv5LiK44Gr5oyB44Gh5LiK44GS44KL44Gg44GR44Gq44Gu44GnCjxicj7nsKHljZjjgrnjg6Djg7zjgrnjgafjgajjgabjgoLkvr/liKnjgafjgZnjgIIKPGJyPuW8t+miqOOBq+OCguW8t+OBhOeJueauiuOBque0oOadkOOCkuS9v+eUqOOBl+OBpuOBiuOCiuOBvuOBmeOAggo8YnI+KuaMh+OBr+OBleOBv+mYsuatouOBruOBn+OCgeODreODg+OCr+OBjOeUmOOBhOWgtOWQiOOBjOOBlOOBluOBhOOBvuOBmeOAggo8YnI+5YKY44KS6ZaJ44GY44Gm44KL6Zqb44Gv44OZ44Or44OI44KS57eg44KB44Gm44GU5L2/55So5LiL44GV44GE44CCCjxicj7jgb7jgZ/jgIHjgY/jgaPjgaTjgY3pmLLmraLjga7jgZ/jgoHjga7nsonjgYzloZfluIPjgZXjgozjgabjgYrjgorjgb7jgZnjgIIKPGJyPgo8YnI+5ZWG5ZOB5ZCNOmZ1bHRvbmw3ODMKPGJyPgo8YnI+44Kr44Op44O8OlZpY3RyaWEgQmx1ZQo8YnI+Cjxicj7ntKDmnZA6UFZDIDEwMCUKPGJyPgo8YnI+44K144Kk44K6Ogo8YnI+5YWo6ZW3IDg3Y20KPGJyPuebtOW+hDo3NWNtCjxicj7mt7HjgZU6NDVjbQo8YnI+6YeN6YePOjUyNWcKPGJyPgrjgJDlhajlm73kuIDlvovpgIHmlpnnhKHmlpnjgJEKPC9jZW50ZXI+CjxjZW50ZXI+Cjxicj4KQmlyZCBDYWdlIOS4gOimp+OBr+OBk+OBoeOCie+8gTxicj4KPGJyPgrjg6zjg4fjgqPjg7zjgrkg44K544K/44Oz44OA44O844OJ5YKYIOS4gOimp+OBr+OBk+OBoeOCie+8gTxicj4KPGJyPjxicj4gCkZVTFRPTuS4gOimp+OBr+OBk+OBoeOCie+8gQo8L2NlbnRlcj4=,44OV44Or44OI44OzIEZ1bHRvbiDlgpgg44OQ44O844OJ44Kx44O844K4IFNoZSdzIFVWIFZpY3RyaWEgQmx1ZSDjg5fjg63jg4bjgq/jgrfjg6fjg7Mg44OW44Or44O8IOmVt+WCmCDjg6zjg4fjgqPjg7zjgrkg44GL44GVIEZVTFRPTiDjg5fjg6zjgrzjg7Pjg4gg44Ku44OV44OI77yaQ0xPWkVTVCDjg6Ljg4Pjgrrjg6Hjg7Pjgrrjg6zjg4fjgqPjg7zjgrk=,6YCa5L+h6LKp5aOy6YCa6LKp44K344On44OD44OU44Oz44Kw44Kq44Oz44Op44Kk44Oz44K344On44OD44OU44Oz44Kw6LK344GE54mp44OX44Os44K844Oz44OI44Ku44OV44OI6LSI44KK54mp6LSI562U5ZOB44GK5Lit5YWD44GK5q2z5pqu44GK6LK344GE5b6X44OV44Os44OD44OJ44Oa44Oq44O8RnJlZCBQZXJyeUJlbiBTaGVybWFu44OZ44Oz44K344Oj44O844Oe44Oz44Oh44Or44KvbWVyY+ODleODq+ODiOODs0Z1bHRvbuODreODvOOCr0xvYWtl44K444On44Oz44K544OI44Oz44K644Oi44OD44K644OV44Kh44OD44K344On44Oz44OE44Kk44O844OJ44Of44Or44Oi44OD44K65YKY44Os44OH44Kj44O844K544Oh44Oz44K66YCa6LKp44OQ44Op44Kv44O844K/44OQ44OW44Ki44O844OV44Or44OI44OzIEZ1bHRvbiDlgpgg44OQ44O844OJ44Kx44O844K4IFNoZSdzIFVWIFZpY3RyaWEgQmx1ZSDjg5fjg63jg4bjgq/jgrfjg6fjg7Mg44OW44Or44O8IOmVt+WCmCDjg6zjg4fjgqPjg7zjgrkg44GL44GVIEZVTFRPTiDjg5fjg6zjgrzjg7Pjg4gg44Ku44OV44OI,6Iux5Zu9546L5a6k5b6h55So6YGUIOOAkOmAgeaWmeeEoeaWmeOAkSDlgpgg6Z2SICDjgILjg5Xjg6vjg4jjg7MgRnVsdG9uIOWCmCDjg5Djg7zjg4njgrHjg7zjgrggU2hlJ3MgVVYgVmljdHJpYSBCbHVlIOODl+ODreODhuOCr+OCt+ODp+ODsyDjg5bjg6vjg7wg6ZW35YKYIOODrOODh+OCo+ODvOOCuSDjgYvjgZUgRlVMVE9OIOODl+ODrOOCvOODs+ODiCDjgq7jg5Xjg4g=[rn]
15-197363,aHR0cDovL3RzaG9wLnIxMHMuanAvY2xvemVzdC9jYWJpbmV0LzAxMzgxOTcyL2Z1bHRvbmVsbGFqb3VsZXMvZnVsdG9ubDc4M25hdnlkLmpwZz9maXRpbj03MDA6NzAw,NDMyMC4wMDAw,,44OQ44OD44Kw44O75bCP54mp44O744OW44Op44Oz44OJ6ZuR6LKoID4g5YKYID4g44Os44OH44Kj44O844K56Zuo5YKY,44OV44Or44OI44OzIEZVTFRPTiDlgpgg44Os44OH44Kj44O844K5IOODkOODvOODieOCseODvOOCuCBTaGUncyBVViDjg5fjg63jg4bjgq/jgrfjg6fjg7Mg44ON44Kk44OT44O8IOmVt+WCmCDjg6zjg4fjgqPjg7zjgrkg44GL44GVIEZVTFRPTiDjg5fjg6zjgrzjg7Pjg4gg44Ku44OV44OI,,44Ku44OV44OI5YyF6KOF54Sh5paZ44Gn44GZIDxicj48YnI+PGNlbnRlcj4KPGltZyB3aWR0aD0iMTAwJSIgYm9yZGVyPSIwInNyYz0iaHR0cDovL2ltYWdlLnJha3V0ZW4uY28uanAvY2xvemVzdC9jYWJpbmV0LzAxMzgxOTcyL2Z1bHRvbmVsbGFqb3VsZXMvZnVsdG9ubDc4M25hdnlkLmpwZyI+Cjxicj4KPGltZyB3aWR0aD0iMTAwJSIgYm9yZGVyPSIwInNyYz0iaHR0cDovL2ltYWdlLnJha3V0ZW4uY28uanAvY2xvemVzdC9jYWJpbmV0LzAxMzgxOTcyL2Z1bHRvbmVsbGFqb3VsZXMvZnVsdG9ubDc4M25hdnlmLmpwZyI+Cjxicj4KPGJyPkZ1bHRvbiDjg5Xjg6vjg4jjg7Pjga7jg5Djg7zjg4njgrHjg7zjgrggCjxicj5VVuODl+ODreODhuOCr+OCt+ODp+ODs+ODouODh+ODq+OBp+OBmeOAggo8YnI+Cjxicj50aGUgUXVlZW4g44Ko44Oq44K244OZ44K5MuS4luWls+eOi+mZm+S4i+OBqwo8YnI+44GU5L2/55So44GE44Gf44Gg44GE44Gm44GE44KL44OQ44O844OJ44Kx44O844K444GrCjxicj5VVuOCq+ODg+ODiOWKoOW3pSjntKvlpJbnt5rlr77nrZYp44GM5pa944GV44KM44GfCjxicj7ml6XmnKzkurrjga7jgrXjgqTjgrrjgavlkIjjgo/jgZvjgZ/nibnliKXjg6Ljg4fjg6vjgajjgarjgaPjgabjgYrjgorjgb7jgZnjgIIKPGJyPgo8YnI+6bOl44GL44GU44KS44Oi44OB44O844OV44Go44GX44Gf5L2c44KK44GM6Zuo44Gq44Gp44Gn6IKp5ZGo44KK44GM5r+h44KM44Gr44GP44GP5qmf6IO95oCn5oqc576k44CCCjxicj7lkajjgorjgYzopovmuKHjgZfjgoTjgZnjgYTpgI/mmI7jgarjgq3jg6Pjg47jg5Tjg7zjgavjg43jgqTjg5Pjg7zjga7nuIHlj5bjgorjgYzjgqLjgq/jgrvjg7Pjg4jjgavjgIIKPGJyPgo8YnI+6ZaL6ZaJ44Gk44G+44G/44Gv5LiK44Gr5oyB44Gh5LiK44GS44KL44Gg44GR44Gq44Gu44GnCjxicj7nsKHljZjjgrnjg6Djg7zjgrnjgafjgajjgabjgoLkvr/liKnjgafjgZnjgIIKPGJyPuW8t+miqOOBq+OCguW8t+OBhOeJueauiuOBque0oOadkOOCkuS9v+eUqOOBl+OBpuOBiuOCiuOBvuOBmeOAggo8YnI+KuaMh+OBr+OBleOBv+mYsuatouOBruOBn+OCgeODreODg+OCr+OBjOeUmOOBhOWgtOWQiOOBjOOBlOOBluOBhOOBvuOBmeOAggo8YnI+5YKY44KS6ZaJ44GY44Gm44KL6Zqb44Gv44OZ44Or44OI44KS57eg44KB44Gm44GU5L2/55So5LiL44GV44GE44CCCjxicj7jgb7jgZ/jgIHjgY/jgaPjgaTjgY3pmLLmraLjga7jgZ/jgoHjga7nsonjgYzloZfluIPjgZXjgozjgabjgYrjgorjgb7jgZnjgIIKPGJyPgo8YnI+5ZWG5ZOB5ZCNOmZ1bHRvbmw3ODNuYXZ5Cjxicj4KPGJyPuOCq+ODqeODvDrjg43jgqTjg5Pjg7wKPGJyPgo8YnI+57Sg5p2QOlBWQyAxMDAlCjxicj4KPGJyPuOCteOCpOOCujoKPGJyPuWFqOmVtyA4N2NtCjxicj7nm7TlvoQ6NzVjbQo8YnI+5rex44GVOjQ1Y20KPGJyPumHjemHjzo1MjVnCjxicj4K44CQ5YWo5Zu95LiA5b6L6YCB5paZ54Sh5paZ44CRCjwvY2VudGVyPgo8Y2VudGVyPgo8YnI+CkJpcmQgQ2FnZSDkuIDopqfjga/jgZPjgaHjgonvvIE8YnI+Cjxicj4K44Os44OH44Kj44O844K5IOOCueOCv+ODs+ODgOODvOODieWCmCDkuIDopqfjga/jgZPjgaHjgonvvIE8YnI+Cjxicj48YnI+IApGVUxUT07kuIDopqfjga/jgZPjgaHjgonvvIEKPC9jZW50ZXI+,44OV44Or44OI44OzIEZVTFRPTiDlgpgg44Os44OH44Kj44O844K5IOODkOODvOODieOCseODvOOCuCBTaGUncyBVViDjg5fjg63jg4bjgq/jgrfjg6fjg7Mg44ON44Kk44OT44O8IOmVt+WCmCDjg6zjg4fjgqPjg7zjgrkg44GL44GVIEZVTFRPTiDjg5fjg6zjgrzjg7Pjg4gg44Ku44OV44OI77yaQ0xPWkVTVCDjg6Ljg4Pjgrrjg6Hjg7Pjgrrjg6zjg4fjgqPjg7zjgrk=,6YCa5L+h6LKp5aOy6YCa6LKp44K344On44OD44OU44Oz44Kw44Kq44Oz44Op44Kk44Oz44K344On44OD44OU44Oz44Kw6LK344GE54mp44OX44Os44K844Oz44OI44Ku44OV44OI6LSI44KK54mp6LSI562U5ZOB44GK5Lit5YWD44GK5q2z5pqu44GK6LK344GE5b6X44OV44Os44OD44OJ44Oa44Oq44O8RnJlZCBQZXJyeUJlbiBTaGVybWFu44OZ44Oz44K344Oj44O844Oe44Oz44Oh44Or44KvbWVyY+ODleODq+ODiOODs0Z1bHRvbuODreODvOOCr0xvYWtl44K444On44Oz44K544OI44Oz44K644Oi44OD44K644OV44Kh44OD44K344On44Oz44OE44Kk44O844OJ44Of44Or44Oi44OD44K65YKY44Os44OH44Kj44O844K544Oh44Oz44K66YCa6LKp44OQ44Op44Kv44O844K/44OQ44OW44Ki44O844OV44Or44OI44OzIEZVTFRPTiDlgpgg44Os44OH44Kj44O844K5IOODkOODvOODieOCseODvOOCuCBTaGUncyBVViDjg5fjg63jg4bjgq/jgrfjg6fjg7Mg44ON44Kk44OT44O8IOmVt+WCmCDjg6zjg4fjgqPjg7zjgrkg44GL44GVIEZVTFRPTiDjg5fjg6zjgrzjg7Pjg4gg44Ku44OV44OI,6Iux5Zu9546L5a6k5b6h55So6YGUIOOAkOmAgeaWmeeEoeaWmeOAkSDlgpgg44ON44Kk44OT44O8ICDjgILjg5Xjg6vjg4jjg7MgRlVMVE9OIOWCmCDjg6zjg4fjgqPjg7zjgrkg44OQ44O844OJ44Kx44O844K4IFNoZSdzIFVWIOODl+ODreODhuOCr+OCt+ODp+ODsyDjg43jgqTjg5Pjg7wg6ZW35YKYIOODrOODh+OCo+ODvOOCuSDjgYvjgZUgRlVMVE9OIOODl+ODrOOCvOODs+ODiCDjgq7jg5Xjg4g=[rn]
15-197364,aHR0cDovL3RzaG9wLnIxMHMuanAvY2xvemVzdC9jYWJpbmV0LzAxMzgxOTcyL2Z1bHRvbmVsbGFqb3VsZXMvZnVsdG9ubDc3MmNob2NvbGFkLmpwZz9maXRpbj03MDA6NzAw,NTE4NC4wMDAw,,44OQ44OD44Kw44O75bCP54mp44O744OW44Op44Oz44OJ6ZuR6LKoID4g5YKYID4g44Os44OH44Kj44O844K56Zuo5YKY,RlVMVE9OIOODleODq+ODiOODsyDlgpgg44Ki44Oz44OW44Os44OpIEp1bGllIERvZHN3b3J0aCDjg4fjgrbjgqTjg4rjg7zjgrPjg6njg5wg44K/44Kk44OL44O8IOODgeODp+OCs+ODrOODvOODiCDjg5zjg4Pjgq/jgrkg5oqY44KK44Gf44Gf44G/5YKYIOOAkOmAgeaWmeeEoeaWmeOAkSDoi7Hlm73njovlrqTlvqHnlKjpgZQg44K444Ol44Oq44O8IOODieODg+OCuuODr+ODvOOCuSDjg6zjg4fjgqPjg7zjgrkg6Iqx5p+EIOODleODqeODr+ODvCBUaW55IFVtYnJlbGxhIOOBi+OBlSDjg5XjgqHjg4Pjgrfjg6fjg7Mg44Kk44Ku44Oq44K5IOODreODs+ODieODsyBmdWx0b25sNzcyY2hvY29sYXRl,,44Ku44OV44OI5YyF6KOF54Sh5paZ44Gn44GZIDxicj48YnI+PGNlbnRlcj48aW1nIHdpZHRoPSIxMDAlIiBib3JkZXI9IjAic3JjPSJodHRwOi8vaW1hZ2UucmFrdXRlbi5jby5qcC9jbG96ZXN0L2NhYmluZXQvMDEzODE5NzIvZnVsdG9uZWxsYWpvdWxlcy9mdWx0b25sNzcyY2hvY29sYWQuanBnIj4KPGltZyB3aWR0aD0iMTAwJSIgYm9yZGVyPSIwInNyYz0iaHR0cDovL2ltYWdlLnJha3V0ZW4uY28uanAvY2xvemVzdC9jYWJpbmV0LzAxMzgxOTcyL2Z1bHRvbmVsbGFqb3VsZXMvZnVsdG9ubDc3MmNob2NvbGF0ZWYuZ2lmIj48YnI+Cjxicj7jgqTjgq7jg6rjgrnkurrjg4fjgrbjgqTjg4rjg7zjgIFKdWxpZSBEb2Rzd29ydGjjgahGVUxUT07npL7jga7jgrPjg6njg5zjgqLjgqTjg4bjg6DjgIIKPGJyPkZ1bHRvbiDjg5Xjg6vjg4jjg7Pjga5UaW5544K344Oq44O844K644Gn44GZ44CCCjxicj4KPGJyPuWPr+aEm+OCieOBl+OBhOODj+ODvOODiOWei+OBruODgeODp+OCs+ODrOODvOODiOOBqOS4iuWTgeOBquiKseafhOOBjOODh+OCtuOCpOODs+OAggo8YnI+Cjxicj7mipjjgornlbPjgb/mmYIxNXgzY23jga7jgrPjg7Pjg5Hjgq/jg4jjgrXjgqTjgrrjgavjgoLplqLjgo/jgonjgZrjgIEKPGJyPuOCquODvOODl+ODs+aZgjg3Y23jga7luoPjgZXjgpLjgqvjg5Djg7zjgZfjgabjgb7jgZnjgIIKPGJyPui7vemHj+aEn+OCkumHjeimluOBl+OBn+S9nOOCiuOBq+OBquOBo+OBpuOBhOOBpuOAgQo8YnI+6ZaL44GP44Go5aSn44GN44GE44Gu44Gn6IKp5ZGo44KK44GM6Zuo44Gn5r+h44KM44Gr44GP44GE44Gn44GZ44CCCjxicj7mipjjgorjgZ/jgZ/jgoDjgajjgYvjgZXjgbDjgonjgZrjg5Djg4PjgrDjgasKPGJyPuOBmeOBo+OBveOCiuOBqOWFpeOCiuOAgeWPjue0jeOCguS+v+WIqeOBp+OBmeOAggo8YnI+Cjxicj7lvLfluqbjgpLkuIrjgZLjgovjgZ/jgoHjgavnuYrntq3jgqzjg6njgrnjgYwKPGJyPuS9v+eUqOOBleOCjOOBpuOBhOOBpuapn+iDveaAp+OCguODkOODhOOCsOODs+OAggo8YnI+5by36aKo44Gr44KC5by344GE54m55q6K44Gq57Sg5p2Q44KS5L2/55So44GX44Gm44GK44KK44G+44GZ44CCCjxicj7jg5fjg6zjgrzjg7Pjg4jjgavjgoLjgYrjgZnjgZnjgoHjga7jgqLjgqTjg4bjg6DjgafjgZnjgIIKPGJyPgrllYblk4HlkI06IGZ1bHRvbmw3NzI8YnI+CuODh+OCtuOCpOODszog44OB44On44Kz44Os44O844OI44Oc44OD44Kv44K5PGJyPgrntKDmnZA6IOODneODquOCqOOCueODhuODqyAxMDAlPGJyPgo8YnI+CuOCteOCpOOCujrjgrXjgqTjgro655Wz44KT44Gg54q25oWLOjE1Y20sIOebtOW+hCAzY208YnI+CumWi+OBhOOBn+eKtuaFizrnm7TlvoQ4N2NtPGJyPgo8YnI+CuOAkOWFqOWbveS4gOW+i+mAgeaWmeeEoeaWmeOAkTxicj4KPGJyPgo8L2NlbnRlcj4gCjxjZW50ZXI+CgpVSyDjg6Ljg4Pjgrrjg5XjgqHjg4Pjgrfjg6fjg7Pjgrvjg6zjgq/jg4jjgrfjg6fjg4Pjg5c8YnI+CkFCQkVZIENMT1pFU1Q8YnI+CuOCouODk+ODvOOCr+ODreODvOOCvOOCueODiDxicj4K44GK5bqX44OI44OD44OXCjwvY2VudGVyPgo8YnI+,RlVMVE9OIOODleODq+ODiOODsyDlgpgg44Ki44Oz44OW44Os44OpIEp1bGllIERvZHN3b3J0aCDjg4fjgrbjgqTjg4rjg7zjgrPjg6njg5wg44K/44Kk44OL44O8IOODgeODp+OCs+ODrOODvOODiCDjg5zjg4Pjgq/jgrkg5oqY44KK44Gf44Gf44G/5YKYIOOAkOmAgeaWmeeEoeaWmeOAkSDoi7Hlm73njovlrqTlvqHnlKjpgZQg44K444Ol44Oq44O8IOODieODg+OCuuODr+ODvOOCuSDjg6zjg4fjgqPjg7zjgrkg6Iqx5p+EIOODleODqeODr+ODvCBUaW55IFVtYnJlbGxhIOOBi+OBlSDjg5XjgqHjg4Pjgrfjg6fjg7Mg44Kk44Ku44Oq44K5IOODreODs+ODieODsyBmdWx0b25sNzcyY2hvY29sYXRl77yaQ0xPWkVTVCDjg6Ljg4Pjgrrjg6Hjg7Pjgrrjg6zjg4fjgqPjg7zjgrk=,6YCa5L+h6LKp5aOy6YCa6LKp44K344On44OD44OU44Oz44Kw44Kq44Oz44Op44Kk44Oz44K344On44OD44OU44Oz44Kw6LK344GE54mp44OX44Os44K844Oz44OI44Ku44OV44OI6LSI44KK54mp6LSI562U5ZOB44GK5Lit5YWD44GK5q2z5pqu44GK6LK344GE5b6X44OV44Os44OD44OJ44Oa44Oq44O8RnJlZCBQZXJyeUJlbiBTaGVybWFu44OZ44Oz44K344Oj44O844Oe44Oz44Oh44Or44KvbWVyY+ODleODq+ODiOODs0Z1bHRvbuODreODvOOCr0xvYWtl44K444On44Oz44K544OI44Oz44K644Oi44OD44K644OV44Kh44OD44K344On44Oz44OE44Kk44O844OJ44Of44Or44Oi44OD44K65YKY44Os44OH44Kj44O844K544Oh44Oz44K66YCa6LKp44OQ44Op44Kv44O844K/44OQ44OW44Ki44O8RlVMVE9OIOODleODq+ODiOODsyDlgpgg44Ki44Oz44OW44Os44OpIEp1bGllIERvZHN3b3J0aCDjg4fjgrbjgqTjg4rjg7zjgrPjg6njg5wg44K/44Kk44OL44O8IOODgeODp+OCs+ODrOODvOODiCDjg5zjg4Pjgq/jgrkg5oqY44KK44Gf44Gf44G/5YKYIOOAkOmAgeaWmeeEoeaWmeOAkSDoi7Hlm73njovlrqTlvqHnlKjpgZQg44K444Ol44Oq44O8IOODieODg+OCuuODr+ODvOOCuSDjg6zjg4fjgqPjg7zjgrkg6Iqx5p+EIOODleODqeODr+ODvCBUaW55IFVtYnJlbGxhIOOBi+OBlSDjg5XjgqHjg4Pjgrfjg6fjg7Mg44Kk44Ku44Oq44K5IOODreODs+ODieODsyBmdWx0b25sNzcyY2hvY29sYXRl,SnVsaWUgRG9kc3dvcnRoIOOCuOODpeODquODvOODieODg+OCuuODr+ODvOOCuSBGVUxUT04g44OV44Or44OI44OzIOWCmOOAgkZVTFRPTiDjg5Xjg6vjg4jjg7Mg5YKYIOOCouODs+ODluODrOODqSBKdWxpZSBEb2Rzd29ydGgg44OH44K244Kk44OK44O844Kz44Op44OcIOOCv+OCpOODi+ODvCDjg4Hjg6fjgrPjg6zjg7zjg4gg44Oc44OD44Kv44K5IOaKmOOCiuOBn+OBn+OBv+WCmCDjgJDpgIHmlpnnhKHmlpnjgJEg6Iux5Zu9546L5a6k5b6h55So6YGUIOOCuOODpeODquODvCDjg4njg4Pjgrrjg6/jg7zjgrkg44Os44OH44Kj44O844K5IOiKseafhCDjg5Xjg6njg6/jg7wgVGlueSBVbWJyZWxsYSDjgYvjgZUg44OV44Kh44OD44K344On44OzIOOCpOOCruODquOCuSDjg63jg7Pjg4njg7MgZnVsdG9ubDc3MmNob2NvbGF0ZQ==[rn]
15-197365,aHR0cDovL3RzaG9wLnIxMHMuanAvY2xvemVzdC9jYWJpbmV0LzAxMzgxOTcyL2Z1bHRvbmVsbGFqb3VsZXMvZnVsdG9ubDc3MmVuY2hhbnRlZGQuanBnP2ZpdGluPTcwMDo3MDA=,NTE4NC4wMDAw,,44OQ44OD44Kw44O75bCP54mp44O744OW44Op44Oz44OJ6ZuR6LKoID4g5YKYID4g44Os44OH44Kj44O844K56Zuo5YKY,RlVMVE9OIOODleODq+ODiOODsyDlgpgg44Ki44Oz44OW44Os44OpIEp1bGllIERvZHN3b3J0aCDjg4fjgrbjgqTjg4rjg7zjgrPjg6njg5wg44K/44Kk44OL44O8IOOCqOODs+ODgeODo+ODs+ODhuODg+ODiSDmipjjgorjgZ/jgZ/jgb/lgpgg44CQ6YCB5paZ54Sh5paZ44CRIOiLseWbveeOi+WupOW+oeeUqOmBlCDjgrjjg6Xjg6rjg7wg44OJ44OD44K644Ov44O844K5IOODrOODh+OCo+ODvOOCuSDoirHmn4Qg44OV44Op44Ov44O8IFRpbnkgVW1icmVsbGEg44GL44GVIOODleOCoeODg+OCt+ODp+ODsyDjgqTjgq7jg6rjgrkg44Ot44Oz44OJ44OzIGZ1bHRvbmw3NzJlbmNoYW50ZWQ=,,44Ku44OV44OI5YyF6KOF54Sh5paZ44Gn44GZIDxicj48YnI+PGNlbnRlcj48aW1nIHdpZHRoPSIxMDAlIiBib3JkZXI9IjAic3JjPSJodHRwOi8vaW1hZ2UucmFrdXRlbi5jby5qcC9jbG96ZXN0L2NhYmluZXQvMDEzODE5NzIvZnVsdG9uZWxsYWpvdWxlcy9mdWx0b25sNzcyZW5jaGFudGVkZC5qcGciPgo8aW1nIHdpZHRoPSIxMDAlIiBib3JkZXI9IjAic3JjPSJodHRwOi8vaW1hZ2UucmFrdXRlbi5jby5qcC9jbG96ZXN0L2NhYmluZXQvMDEzODE5NzIvZnVsdG9uZWxsYWpvdWxlcy9mdWx0b25sNzcyZW5jaGFudGVkZi5naWYiPjxicj4KPGJyPuOCpOOCruODquOCueS6uuODh+OCtuOCpOODiuODvOOAgUp1bGllIERvZHN3b3J0aOOBqEZVTFRPTuekvuOBruOCs+ODqeODnOOCouOCpOODhuODoOOAggo8YnI+RnVsdG9uIOODleODq+ODiOODs+OBrlRpbnnjgrfjg6rjg7zjgrrjgafjgZnjgIIKPGJyPgo8YnI+6JC944Gh552A44GE44Gf44OZ44O844K544Kr44Op44O844Gr5Y+v5oSb44KJ44GX44GP5LiK5ZOB44Gq6Iqx5p+E44GM44OH44K244Kk44Oz44CCCjxicj4KPGJyPuaKmOOCiueVs+OBv+aZgjE1eDNjbeOBruOCs+ODs+ODkeOCr+ODiOOCteOCpOOCuuOBq+OCgumWouOCj+OCieOBmuOAgQo8YnI+44Kq44O844OX44Oz5pmCODdjbeOBruW6g+OBleOCkuOCq+ODkOODvOOBl+OBpuOBvuOBmeOAggo8YnI+6Lu96YeP5oSf44KS6YeN6KaW44GX44Gf5L2c44KK44Gr44Gq44Gj44Gm44GE44Gm44CBCjxicj7plovjgY/jgajlpKfjgY3jgYTjga7jgafogqnlkajjgorjgYzpm6jjgafmv6HjgozjgavjgY/jgYTjgafjgZnjgIIKPGJyPuaKmOOCiuOBn+OBn+OCgOOBqOOBi+OBleOBsOOCieOBmuODkOODg+OCsOOBqwo8YnI+44GZ44Gj44G944KK44Go5YWl44KK44CB5Y+O57SN44KC5L6/5Yip44Gn44GZ44CCCjxicj4KPGJyPuW8t+W6puOCkuS4iuOBkuOCi+OBn+OCgeOBq+e5iue2reOCrOODqeOCueOBjAo8YnI+5L2/55So44GV44KM44Gm44GE44Gm5qmf6IO95oCn44KC44OQ44OE44Kw44Oz44CCCjxicj7lvLfpoqjjgavjgoLlvLfjgYTnibnmrorjgarntKDmnZDjgpLkvb/nlKjjgZfjgabjgYrjgorjgb7jgZnjgIIKPGJyPuODl+ODrOOCvOODs+ODiOOBq+OCguOBiuOBmeOBmeOCgeOBruOCouOCpOODhuODoOOBp+OBmeOAggo8YnI+CuWVhuWTgeWQjTogZnVsdG9ubDc3Mjxicj4K44OH44K244Kk44OzOiDjgqjjg7Pjg4Hjg6Pjg7Pjg4bjg4Pjg4k8YnI+Cue0oOadkDog44Od44Oq44Ko44K544OG44OrIDEwMCU8YnI+Cjxicj4K44K144Kk44K6OuOCteOCpOOCujrnlbPjgpPjgaDnirbmhYs6MTVjbSwg55u05b6EIDNjbTxicj4K6ZaL44GE44Gf54q25oWLOuebtOW+hDg3Y208YnI+Cjxicj4K44CQ5YWo5Zu95LiA5b6L6YCB5paZ54Sh5paZ44CRPGJyPgo8YnI+CjwvY2VudGVyPiAKPGNlbnRlcj4KClVLIOODouODg+OCuuODleOCoeODg+OCt+ODp+ODs+OCu+ODrOOCr+ODiOOCt+ODp+ODg+ODlzxicj4KQUJCRVkgQ0xPWkVTVDxicj4K44Ki44OT44O844Kv44Ot44O844K844K544OIPGJyPgrjgYrlupfjg4jjg4Pjg5cKPC9jZW50ZXI+Cjxicj4=,RlVMVE9OIOODleODq+ODiOODsyDlgpgg44Ki44Oz44OW44Os44OpIEp1bGllIERvZHN3b3J0aCDjg4fjgrbjgqTjg4rjg7zjgrPjg6njg5wg44K/44Kk44OL44O8IOOCqOODs+ODgeODo+ODs+ODhuODg+ODiSDmipjjgorjgZ/jgZ/jgb/lgpgg44CQ6YCB5paZ54Sh5paZ44CRIOiLseWbveeOi+WupOW+oeeUqOmBlCDjgrjjg6Xjg6rjg7wg44OJ44OD44K644Ov44O844K5IOODrOODh+OCo+ODvOOCuSDoirHmn4Qg44OV44Op44Ov44O8IFRpbnkgVW1icmVsbGEg44GL44GVIOODleOCoeODg+OCt+ODp+ODsyDjgqTjgq7jg6rjgrkg44Ot44Oz44OJ44OzIGZ1bHRvbmw3NzJlbmNoYW50ZWTvvJpDTE9aRVNUIOODouODg+OCuuODoeODs+OCuuODrOODh+OCo+ODvOOCuQ==,6YCa5L+h6LKp5aOy6YCa6LKp44K344On44OD44OU44Oz44Kw44Kq44Oz44Op44Kk44Oz44K344On44OD44OU44Oz44Kw6LK344GE54mp44OX44Os44K844Oz44OI44Ku44OV44OI6LSI44KK54mp6LSI562U5ZOB44GK5Lit5YWD44GK5q2z5pqu44GK6LK344GE5b6X44OV44Os44OD44OJ44Oa44Oq44O8RnJlZCBQZXJyeUJlbiBTaGVybWFu44OZ44Oz44K344Oj44O844Oe44Oz44Oh44Or44KvbWVyY+ODleODq+ODiOODs0Z1bHRvbuODreODvOOCr0xvYWtl44K444On44Oz44K544OI44Oz44K644Oi44OD44K644OV44Kh44OD44K344On44Oz44OE44Kk44O844OJ44Of44Or44Oi44OD44K65YKY44Os44OH44Kj44O844K544Oh44Oz44K66YCa6LKp44OQ44Op44Kv44O844K/44OQ44OW44Ki44O8RlVMVE9OIOODleODq+ODiOODsyDlgpgg44Ki44Oz44OW44Os44OpIEp1bGllIERvZHN3b3J0aCDjg4fjgrbjgqTjg4rjg7zjgrPjg6njg5wg44K/44Kk44OL44O8IOOCqOODs+ODgeODo+ODs+ODhuODg+ODiSDmipjjgorjgZ/jgZ/jgb/lgpgg44CQ6YCB5paZ54Sh5paZ44CRIOiLseWbveeOi+WupOW+oeeUqOmBlCDjgrjjg6Xjg6rjg7wg44OJ44OD44K644Ov44O844K5IOODrOODh+OCo+ODvOOCuSDoirHmn4Qg44OV44Op44Ov44O8IFRpbnkgVW1icmVsbGEg44GL44GVIOODleOCoeODg+OCt+ODp+ODsyDjgqTjgq7jg6rjgrkg44Ot44Oz44OJ44OzIGZ1bHRvbmw3NzJlbmNoYW50ZWQ=,SnVsaWUgRG9kc3dvcnRoIOOCuOODpeODquODvOODieODg+OCuuODr+ODvOOCuSBGVUxUT04g44OV44Or44OI44OzIOWCmOOAgkZVTFRPTiDjg5Xjg6vjg4jjg7Mg5YKYIOOCouODs+ODluODrOODqSBKdWxpZSBEb2Rzd29ydGgg44OH44K244Kk44OK44O844Kz44Op44OcIOOCv+OCpOODi+ODvCDjgqjjg7Pjg4Hjg6Pjg7Pjg4bjg4Pjg4kg5oqY44KK44Gf44Gf44G/5YKYIOOAkOmAgeaWmeeEoeaWmeOAkSDoi7Hlm73njovlrqTlvqHnlKjpgZQg44K444Ol44Oq44O8IOODieODg+OCuuODr+ODvOOCuSDjg6zjg4fjgqPjg7zjgrkg6Iqx5p+EIOODleODqeODr+ODvCBUaW55IFVtYnJlbGxhIOOBi+OBlSDjg5XjgqHjg4Pjgrfjg6fjg7Mg44Kk44Ku44Oq44K5IOODreODs+ODieODsyBmdWx0b25sNzcyZW5jaGFudGVk[rn]
15-197366,aHR0cDovL3RzaG9wLnIxMHMuanAvY2xvemVzdC9jYWJpbmV0LzAxMzgxOTcyL2Z1bHRvbmVsbGFqb3VsZXMvZnVsdG9ubDc3NWRhaXN5Y290dGQuanBnP2ZpdGluPTcwMDo3MDA=,NjQ4MC4wMDAw,,44OQ44OD44Kw44O75bCP54mp44O744OW44Op44Oz44OJ6ZuR6LKoID4g5YKYID4g44Os44OH44Kj44O844K56Zuo5YKY,44OV44Or44OI44OzIEZVTFRPTiBKdWxpZSBEb2Rzd29ydGgg5YKYIOODkOODvOODieOCseODvOOCuCDplbflgpggIOmAj+aYjiDjg6zjg4fjgqPjg7zjgrkg44GL44GVIOmzpeOBi+OBlCDjg5fjg6zjgrzjg7Pjg4gg44Ku44OV44OI,,44Ku44OV44OI5YyF6KOF54Sh5paZ44Gn44GZIDxicj48YnI+PGNlbnRlcj48aW1nIHdpZHRoPSIxMDAlIiBib3JkZXI9IjAic3JjPSJodHRwOi8vaW1hZ2UucmFrdXRlbi5jby5qcC9jbG96ZXN0L2NhYmluZXQvMDEzODE5NzIvZnVsdG9uZWxsYWpvdWxlcy9mdWx0b25sNzc1ZGFpc3ljb3R0ZC5qcGciPgo8aW1nIHdpZHRoPSIxMDAlIiBib3JkZXI9IjAic3JjPSJodHRwOi8vaW1hZ2UucmFrdXRlbi5jby5qcC9jbG96ZXN0L2NhYmluZXQvMDEzODE5NzIvZnVsdG9uZWxsYWpvdWxlcy9sNzc1ZGFpc3ljb3R0YWdlZi5naWYiPjxicj4KPGJyPuOCpOOCruODquOCueS6uuODh+OCtuOCpOODiuODvOOAgUp1bGllIERvZHN3b3J0aOOBqAo8YnI+RlVMVE9O56S+44Gu44Kz44Op44Oc44Ki44Kk44OG44Og44CCIAo8YnI+RnVsdG9uIOODleODq+ODiOODs+OBruODkOODvOODieOCseODvOOCuCAKPGJyPuODquOCouODq+OCouOCpOOCs+ODs+ODouODh+ODq+OBp+OBmeOAggo8YnI+Cjxicj7jgZPjgaHjgonjga7jg6Ljg4fjg6vjga8KPGJyPnRoZSBRdWVlbiDjgqjjg6rjgrbjg5njgrky5LiW5aWz546L6Zmb5LiL44GrCjxicj7jgZTkvb/nlKjjgYTjgZ/jgaDjgYTjgabjgYTjgovnianjgavjgarjgorjgb7jgZnjgIIgCjxicj4KPGJyPumzpeOBi+OBlOOCkuODouODgeODvOODleOBqOOBl+OBn+S9nOOCiuOBjOmbqOOBquOBqeOBp+iCqeWRqOOCiuOBjOa/oeOCjOOBq+OBj+OBj+apn+iDveaAp+aKnOe+pOOAggo8YnI+54i944KE44GL44Gq44OW44Or44O844Op44Kk44Oz44Gr5LiK5ZOB44Gq6Iqx5p+E44GM44OH44K244Kk44Oz44CCCjxicj4KPGJyPumWi+mWieOBpOOBvuOBv+OBr+S4iuOBq+aMgeOBoeS4iuOBkuOCi+OBoOOBkeOBquOBruOBpwo8YnI+57Ch5Y2Y44K544Og44O844K544Gn44Go44Gm44KC5L6/5Yip44Gn44GZ44CCCjxicj7lvLfpoqjjgavjgoLlvLfjgYTnibnmrorjgarntKDmnZDjgpLkvb/nlKjjgZfjgabjgYrjgorjgb7jgZnjgIIKPGJyPirmjIfjga/jgZXjgb/pmLLmraLjga7jgZ/jgoHjg63jg4Pjgq/jgYznlJjjgYTloLTlkIjjgYzjgZTjgZbjgYTjgb7jgZnjgIIKPGJyPuWCmOOCkumWieOBmOOBpuOCi+mam+OBr+ODmeODq+ODiOOCkue3oOOCgeOBpuOBlOS9v+eUqOS4i+OBleOBhOOAggo8YnI+44G+44Gf44CB44GP44Gj44Gk44GN6Ziy5q2i44Gu44Gf44KB44Gu57KJ44GM5aGX5biD44GV44KM44Gm44GK44KK44G+44GZ44CCCjxicj4KPGJyPuWVhuWTgeWQjTogZnVsdG9ubDc3NQo8YnI+Cjxicj7jg4fjgrbjgqTjg7M6IOODh+OCpOOCuOODvOOCs+ODhuODvOOCuAo8YnI+Cjxicj7ntKDmnZA6IOODneODquOCqOOCueODhuODqyAxMDAlCjxicj4KPGJyPuOCteOCpOOCujrlhajplbcgOTRjbQo8YnI+55u05b6EOjg0Y20KPGJyPgrjgJDlhajlm73kuIDlvovpgIHmlpnnhKHmlpnjgJE8YnI+Cjxicj4KPC9jZW50ZXI+CjxjZW50ZXI+CgpVSyDjg6Ljg4Pjgrrjg5XjgqHjg4Pjgrfjg6fjg7Pjgrvjg6zjgq/jg4jjgrfjg6fjg4Pjg5c8YnI+CuOCouODk+ODvOOCr+ODreODvOOCvOOCueODiDxicj4K44GK5bqX44OI44OD44OXCjwvY2VudGVyPgo8YnI+,44OV44Or44OI44OzIEZVTFRPTiBKdWxpZSBEb2Rzd29ydGgg5YKYIOODkOODvOODieOCseODvOOCuCDplbflgpggIOmAj+aYjiDjg6zjg4fjgqPjg7zjgrkg44GL44GVIOmzpeOBi+OBlCDjg5fjg6zjgrzjg7Pjg4gg44Ku44OV44OI77yaQ0xPWkVTVCDjg6Ljg4Pjgrrjg6Hjg7Pjgrrjg6zjg4fjgqPjg7zjgrk=,6YCa5L+h6LKp5aOy6YCa6LKp44K344On44OD44OU44Oz44Kw44Kq44Oz44Op44Kk44Oz44K344On44OD44OU44Oz44Kw6LK344GE54mp44OX44Os44K844Oz44OI44Ku44OV44OI6LSI44KK54mp6LSI562U5ZOB44GK5Lit5YWD44GK5q2z5pqu44GK6LK344GE5b6X44OV44Os44OD44OJ44Oa44Oq44O8RnJlZCBQZXJyeUJlbiBTaGVybWFu44OZ44Oz44K344Oj44O844Oe44Oz44Oh44Or44KvbWVyY+ODleODq+ODiOODs0Z1bHRvbuODreODvOOCr0xvYWtl44K444On44Oz44K544OI44Oz44K644Oi44OD44K644OV44Kh44OD44K344On44Oz44OE44Kk44O844OJ44Of44Or44Oi44OD44K65YKY44Os44OH44Kj44O844K544Oh44Oz44K66YCa6LKp44OQ44Op44Kv44O844K/44OQ44OW44Ki44O844OV44Or44OI44OzIEZVTFRPTiBKdWxpZSBEb2Rzd29ydGgg5YKYIOODkOODvOODieOCseODvOOCuCDplbflgpggIOmAj+aYjiDjg6zjg4fjgqPjg7zjgrkg44GL44GVIOmzpeOBi+OBlCDjg5fjg6zjgrzjg7Pjg4gg44Ku44OV44OI,6Iux5Zu9546L5a6k5b6h55So6YGUIOOAkOmAgeaWmeeEoeaWmeOAkeOCuOODpeODquODvOODieODg+OCuuODr+ODvOOCuSBGVUxUT04g5YKY44CC44OV44Or44OI44OzIEZVTFRPTiBKdWxpZSBEb2Rzd29ydGgg5YKYIOODkOODvOODieOCseODvOOCuCDplbflgpggIOmAj+aYjiDjg6zjg4fjgqPjg7zjgrkg44GL44GVIOmzpeOBi+OBlCDjg5fjg6zjgrzjg7Pjg4gg44Ku44OV44OI[rn]
15-197367,aHR0cDovL3RzaG9wLnIxMHMuanAvY2xvemVzdC9jYWJpbmV0LzAxMzgxOTcyL2Z1bHRvbmVsbGFqb3VsZXMvZnVsdG9ubDc3NHJvc2Vjb3R0YWQuanBnP2ZpdGluPTcwMDo3MDA=,NjQ4MC4wMDAw,,44OQ44OD44Kw44O75bCP54mp44O744OW44Op44Oz44OJ6ZuR6LKoID4g5YKYID4g44Os44OH44Kj44O844K56Zuo5YKY,RlVMVE9OIOODleODq+ODiOODsyDlgpgg44Ki44Oz44OW44Os44OpIEp1bGllIERvZHN3b3J0aCDjg6zjg4fjgqPjg7zjgrkg44Kx44Oz44K444Oz44OI44OzIOODreODvOOCuuOCs+ODhuODvOOCuCDplbflgpgg44OX44Os44K844Oz44OIIOOCruODleODiA==,,44Ku44OV44OI5YyF6KOF54Sh5paZ44Gn44GZIDxicj48YnI+PGNlbnRlcj48aW1nIHdpZHRoPSIxMDAlIiBib3JkZXI9IjAic3JjPSJodHRwOi8vaW1hZ2UucmFrdXRlbi5jby5qcC9jbG96ZXN0L2NhYmluZXQvMDEzODE5NzIvZnVsdG9uZWxsYWpvdWxlcy9mdWx0b25sNzc0cm9zZWNvdHRkLmpwZyI+CjxpbWcgd2lkdGg9IjEwMCUiIGJvcmRlcj0iMCJzcmM9Imh0dHA6Ly9pbWFnZS5yYWt1dGVuLmNvLmpwL2Nsb3plc3QvY2FiaW5ldC8wMTM4MTk3Mi9mdWx0b25lbGxham91bGVzL2Z1bGw3NzRyb3NlY290dGFnZWYuZ2lmIj48YnI+Cjxicj7jgqTjgq7jg6rjgrnkurrjg4fjgrbjgqTjg4rjg7zjgIFKdWxpZSBEb2Rzd29ydGjjgahGVUxUT07npL7jga7jgrPjg6njg5zjgqLjgqTjg4bjg6DjgIIKPGJyPkZ1bHRvbiDjg5Xjg6vjg4jjg7Pjga5LZW5zaW5ndG9uIOOCseODs+OCuOODs+ODiOODsyDjg63jg7zjgrrjgrPjg4bjg7zjgrjjgafjgZnjgIIKPGJyPgo8YnI+6JC944Gh552A44GE44Gf44OZ44O844K544Kr44Op44O844Gr5LiK5ZOB44Gq6Iqx5p+E44GM44Kt44Oj44OO44OU44O85YWo5L2T44Gr44OH44K244Kk44Oz44CCCjxicj4KPGJyPumWi+OBj+OBqOebtOW+hDEwMGNt44Gr44KC44Gq44KL5aSn44GN44Gq5L2c44KK44CCCjxicj7pm6jjgavmv6HjgozjgavjgY/jgY/jgIHlvLfpoqjjgavjgoLlvLfjgYTjgafjgZnjgIIKPGJyPuS6jOiJsuOBruOCs+ODs+ODiOODqeOCueODiOOBjOmdnuW4uOOBq+OCqOODrOOCrOODs+ODiOOBquODh+OCtuOCpOODs+OAggo8YnI+Cjxicj7jgqbjg4Pjg4noqr/jga7jg4/jg7Pjg4njg6vjgYwKPGJyPumWieOBmOOBpuOBhOOCi+OBqOOBjeOAgeWCmOeri+OBpuOBq+aMv+OBl+OBpuOBhOOCi+OBqOOBjeOCggo8YnI+6I+v44KE44GL44GV44KS5ryU5Ye644GX44G+44GZ44CCIAo8YnI+CuWVhuWTgeWQjTogZnVsdG9ubDc3NDxicj4KPGJyPgrjg4fjgrbjgqTjg7M6IOODreODvOOCuuOCs+ODhuODvOOCuDxicj4KPGJyPgrntKDmnZA6IOODneODquOCqOOCueODhuODqyAxMDAlPGJyPgo8YnI+CuOCteOCpOOCujrplovjgYTjgZ/nirbmhYsg55u05b6EIDEwMGNtPGJyPgrplbfjgZU6ODkuNWNtPGJyPgrph43ph486MzkwZzxicj4KPGJyPgrjgJDlhajlm73kuIDlvovpgIHmlpnnhKHmlpnjgJE8YnI+Cjxicj4KPC9jZW50ZXI+IAo8Y2VudGVyPgoKVUsg44Oi44OD44K644OV44Kh44OD44K344On44Oz44K744Os44Kv44OI44K344On44OD44OXPGJyPgpBQkJFWSBDTE9aRVNUPGJyPgrjgqLjg5Pjg7zjgq/jg63jg7zjgrzjgrnjg4g8YnI+CuOBiuW6l+ODiOODg+ODlwo8L2NlbnRlcj4KPGJyPg==,RlVMVE9OIOODleODq+ODiOODsyDlgpgg44Ki44Oz44OW44Os44OpIEp1bGllIERvZHN3b3J0aCDjg6zjg4fjgqPjg7zjgrkg44Kx44Oz44K444Oz44OI44OzIOODreODvOOCuuOCs+ODhuODvOOCuCDplbflgpgg44OX44Os44K844Oz44OIIOOCruODleODiO+8mkNMT1pFU1Qg44Oi44OD44K644Oh44Oz44K644Os44OH44Kj44O844K5,6YCa5L+h6LKp5aOy6YCa6LKp44K344On44OD44OU44Oz44Kw44Kq44Oz44Op44Kk44Oz44K344On44OD44OU44Oz44Kw6LK344GE54mp44OX44Os44K844Oz44OI44Ku44OV44OI6LSI44KK54mp6LSI562U5ZOB44GK5Lit5YWD44GK5q2z5pqu44GK6LK344GE5b6X44OV44Os44OD44OJ44Oa44Oq44O8RnJlZCBQZXJyeUJlbiBTaGVybWFu44OZ44Oz44K344Oj44O844Oe44Oz44Oh44Or44KvbWVyY+ODleODq+ODiOODs0Z1bHRvbuODreODvOOCr0xvYWtl44K444On44Oz44K544OI44Oz44K644Oi44OD44K644OV44Kh44OD44K344On44Oz44OE44Kk44O844OJ44Of44Or44Oi44OD44K65YKY44Os44OH44Kj44O844K544Oh44Oz44K66YCa6LKp44OQ44Op44Kv44O844K/44OQ44OW44Ki44O8RlVMVE9OIOODleODq+ODiOODsyDlgpgg44Ki44Oz44OW44Os44OpIEp1bGllIERvZHN3b3J0aCDjg6zjg4fjgqPjg7zjgrkg44Kx44Oz44K444Oz44OI44OzIOODreODvOOCuuOCs+ODhuODvOOCuCDplbflgpgg44OX44Os44K844Oz44OIIOOCruODleODiA==,SnVsaWUgRG9kc3dvcnRoIOOCuOODpeODquODvOODieODg+OCuuODr+ODvOOCuSBGVUxUT04g44OV44Or44OI44OzIOWCmCDjgIJGVUxUT04g44OV44Or44OI44OzIOWCmCDjgqLjg7Pjg5bjg6zjg6kgSnVsaWUgRG9kc3dvcnRoIOODrOODh+OCo+ODvOOCuSDjgrHjg7Pjgrjjg7Pjg4jjg7Mg44Ot44O844K644Kz44OG44O844K4IOmVt+WCmCDjg5fjg6zjgrzjg7Pjg4gg44Ku44OV44OI[rn]
15-197368,aHR0cDovL3RzaG9wLnIxMHMuanAvY2xvemVzdC9jYWJpbmV0LzAxMzgxOTcyL2Z1bHRvbmVsbGFqb3VsZXMvZnVsdG9ubDA1NmNvbG91cnBvcGQuanBnP2ZpdGluPTcwMDo3MDA=,NTE4NC4wMDAw,,44OQ44OD44Kw44O75bCP54mp44O744OW44Op44Oz44OJ6ZuR6LKoID4g5YKYID4g44Os44OH44Kj44O844K56Zuo5YKY,44OV44Or44OI44OzIEZVTFRPTiDlgpgg44Os44OH44Kj44O844K5IEtlbnNpbmd0b24g6ZW35YKYIOWls+aAp+eUqCAg44GL44GVIENvbG91ciBQb3AgUm9zZSDjg5fjg6zjgrzjg7Pjg4gg44Ku44OV44OI,,44Ku44OV44OI5YyF6KOF54Sh5paZ44Gn44GZIDxicj48YnI+PGNlbnRlcj4KPGltZyB3aWR0aD0iMTAwJSIgYm9yZGVyPSIwInNyYz0iaHR0cDovL2ltYWdlLnJha3V0ZW4uY28uanAvY2xvemVzdC9jYWJpbmV0LzAxMzgxOTcyL2Z1bHRvbmVsbGFqb3VsZXMvZnVsdG9ubDA1NmNvbG91cnBvcGUuanBnIj4KCjxpbWcgd2lkdGg9IjEwMCUiIGJvcmRlcj0iMCJzcmM9Imh0dHA6Ly9pbWFnZS5yYWt1dGVuLmNvLmpwL2Nsb3plc3QvY2FiaW5ldC8wMTM4MTk3Mi9mdWx0b25lbGxham91bGVzL2Z1bHRvbmwwNTZjb2xvdXJwb3BmLmpwZyI+Cgo8YnI+CkZ1bHRvbiDjg5Xjg6vjg4jjg7Pjga5LZW5zaW5ndG9uIOOCseODs+OCuOODs+ODiOODszxicj4K44Kr44Op44O844Od44OD44OX44Ot44O844K644Gn44GZ44CCPGJyPgo8YnI+CumWi+OBj+OBqOebtOW+hDEwMGNt44Gr44KC44Gq44KL5aSn44GN44Gq5L2c44KK44CCPGJyPgrpm6jjgavmv6HjgozjgavjgY/jgY/jgIHlvLfpoqjjgavjgoLlvLfjgYTjgafjgZnjgII8YnI+CuOCt+ODg+OCr+OBquiJsuWQiOOBhOOBruODmeODvOOCueOCq+ODqeODvOOBq+muruOChOOBi+OBquODkOODqeOBjDxicj4K44OH44K244Kk44Oz44GV44KM44GfIuOCq+ODqeODvOODneODg+ODl+ODreODvOOCuiI8YnI+CuS4u+W8teOBl+OBmeOBjuOBquOBhOODh+OCtuOCpOODs+OAgjxicj4K6Z2e5bi444Gr5LiK5ZOB44Gq44Ki44Oz44OW44Os44Op44Gr44Gq44Gj44Gm44GE44G+44GZ44CCPGJyPgo8YnI+CuaPoeOCiuOChOOBmeOBhOODj+ODs+ODieODq+OCgueJueW+tOeahOOBp+OBmeOAgjxicj4KPGJyPgrllYblk4HlkI06ZnVsdG9ubDA1Njxicj4K44OH44K244Kk44OzOuOCq+ODqeODvOODneODg+ODl+ODreODvOOCujxicj4K57Sg5p2QOiDjg53jg6rjgqjjgrnjg4bjg6sgMTAwJTxicj4KPGJyPgrjgrXjgqTjgro66ZaL44GE44Gf54q25oWLIOebtOW+hCAxMDBjbTxicj4K6ZW344GVOjg5LjVjbTxicj4K6YeN6YePOjM4M2c8YnI+Cjxicj4KCjxicj4K44CQ5YWo5Zu95LiA5b6L6YCB5paZ54Sh5paZ44CRPGJyPgo8YnI+CjwvY2VudGVyPgo8Y2VudGVyPgo8YnI+CktlbnNpbmd0b24g5LiA6Kan44Gv44GT44Gh44KJ77yBPGJyPgo8YnI+CuODrOODh+OCo+ODvOOCuSDjgrnjgr/jg7Pjg4Djg7zjg4nlgpgg5LiA6Kan44Gv44GT44Gh44KJ77yBPGJyPgo8L2NlbnRlcj4=,44OV44Or44OI44OzIEZVTFRPTiDlgpgg44Os44OH44Kj44O844K5IEtlbnNpbmd0b24g6ZW35YKYIOWls+aAp+eUqCAg44GL44GVIENvbG91ciBQb3AgUm9zZSDjg5fjg6zjgrzjg7Pjg4gg44Ku44OV44OI77yaQ0xPWkVTVCDjg6Ljg4Pjgrrjg6Hjg7Pjgrrjg6zjg4fjgqPjg7zjgrk=,6YCa5L+h6LKp5aOy6YCa6LKp44K344On44OD44OU44Oz44Kw44Kq44Oz44Op44Kk44Oz44K344On44OD44OU44Oz44Kw6LK344GE54mp44OX44Os44K844Oz44OI44Ku44OV44OI6LSI44KK54mp6LSI562U5ZOB44GK5Lit5YWD44GK5q2z5pqu44GK6LK344GE5b6X44OV44Os44OD44OJ44Oa44Oq44O8RnJlZCBQZXJyeUJlbiBTaGVybWFu44OZ44Oz44K344Oj44O844Oe44Oz44Oh44Or44KvbWVyY+ODleODq+ODiOODs0Z1bHRvbuODreODvOOCr0xvYWtl44K444On44Oz44K544OI44Oz44K644Oi44OD44K644OV44Kh44OD44K344On44Oz44OE44Kk44O844OJ44Of44Or44Oi44OD44K65YKY44Os44OH44Kj44O844K544Oh44Oz44K66YCa6LKp44OQ44Op44Kv44O844K/44OQ44OW44Ki44O844OV44Or44OI44OzIEZVTFRPTiDlgpgg44Os44OH44Kj44O844K5IEtlbnNpbmd0b24g6ZW35YKYIOWls+aAp+eUqCAg44GL44GVIENvbG91ciBQb3AgUm9zZSDjg5fjg6zjgrzjg7Pjg4gg44Ku44OV44OI,44CQ6YCB5paZ54Sh5paZ44CRRlVMVE9OIOWCmCDjg5bjg6njg7Pjg4kg44CC44OV44Or44OI44OzIEZVTFRPTiDlgpgg44Os44OH44Kj44O844K5IEtlbnNpbmd0b24g6ZW35YKYIOWls+aAp+eUqCAg44GL44GVIENvbG91ciBQb3AgUm9zZSDjg5fjg6zjgrzjg7Pjg4gg44Ku44OV44OI[rn]
15-197369,aHR0cDovL3RzaG9wLnIxMHMuanAvY2xvemVzdC9jYWJpbmV0LzAxMzgxOTcyL2Z1bHRvbmVsbGFqb3VsZXMvZnVsdG9ubDcxMXNrZXRjaHlkLmpwZz9maXRpbj03MDA6NzAw,NTM1Ni44MDAw,,44OQ44OD44Kw44O75bCP54mp44O744OW44Op44Oz44OJ6ZuR6LKoID4g5YKYID4g44Os44OH44Kj44O844K56Zuo5YKY,44OV44Or44OI44OzIEZVTFRPTiDlgpgg44Os44OH44Kj44O844K5IE9wZW4mQ2xvc2UgU3VwZXJzbGltIOaKmOOCiueVs+OBv+WCmCDlpbPmgKfnlKgg44GL44GVIOODr+ODs+OCv+ODg+ODgSDjgrjjg6Pjg7Pjg5flgpgg44K544Kx44OD44OB44Ot44O844K6IFNrZXRjaHkgUm9zZSDjg5fjg6zjgrzjg7Pjg4gg44Ku44OV44OI,,44Ku44OV44OI5YyF6KOF54Sh5paZ44Gn44GZIDxicj48YnI+PGNlbnRlcj4KPGltZyB3aWR0aD0iMTAwJSIgYm9yZGVyPSIwInNyYz0iaHR0cDovL2ltYWdlLnJha3V0ZW4uY28uanAvY2xvemVzdC9jYWJpbmV0LzAxMzgxOTcyL2Z1bHRvbmVsbGFqb3VsZXMvZnVsdG9ubDcxMXNrZXRjaHllLmpwZyI+Cgo8aW1nIHdpZHRoPSIxMDAlIiBib3JkZXI9IjAic3JjPSJodHRwOi8vaW1hZ2UucmFrdXRlbi5jby5qcC9jbG96ZXN0L2NhYmluZXQvMDEzODE5NzIvZnVsdG9uZWxsYWpvdWxlcy9mdWx0b25sNzExc2tldGNoeWYuanBnIj4KCjxicj5GdWx0b24g44OV44Or44OI44Oz44GuTy9DIFN1cGVyc2xpbSBTYWZldHnjg6Ljg4fjg6vjgafjgZnjgIIKPGJyPgo8YnI+44OW44Op44OD44Kv44OZ44O844K544Gr44Os44OD44OJ44Kr44Op44O844Gu57iB5Y+W44KK44GoCjxicj7jg5Djg6njgYzjg4fjgrbjgqTjg7PjgZXjgozjgZ/jgrnjgrHjg4Pjg4Hjg63jg7zjgrrjg4fjgrbjgqTjg7PjgIIKPGJyPuWPluaJi+OCkuOCueODqeOCpOODieOBmeOCi+OBqOWHuuOBpuOBj+OCiwo8YnI+44Oc44K/44Oz44Gy44Go44Gk44Gn44CB44Ov44Oz44K/44OD44OB44Kq44O844OX44Oz44CCCjxicj7jgZXjgonjgavplovjgY/jgaDjgZHjgafjgarjgY/jgIEKPGJyPuOCreODo+ODjuODlOODvOOCkumWieOBmOOCi+OBruOCguODnOOCv+ODs+OBsuOBqOOBpOOBp+OBp+OBjeOBvuOBmeOAggo8YnI+6ZaJ44GY44Gf54q25oWL44GvMjJ4M2Nt44Go44GE44GG44Go44Gm44KC6JaE44GE5b2i54q244GnCjxicj7jgqvjg5Djg7PjgarjganjgavjgZnjgaPjgajlj47jgb7jgorjgb7jgZnjgIIKPGJyPjg2Y23jga7jgq3jg6Pjg47jg5Tjg7zjga/plonjgZjjgZ/jgrXjgqTjgrrjgYvjgonjga8KPGJyPuOCpOODoeODvOOCuOOBp+OBjeOBquOBhOOBu+OBqeW6g+OBj+OAgeWuieW/g+aEn+OBjOOBguOCiuOBvuOBmeOAggo8YnI+5by35bqm44KS6JC944Go44GV44Ga6Lu96YeP5oSf44KS6YeN6KaW44GX44Gf5L2c44KK44Gr44Gq44Gj44Gm44GE44Gm44CBCjxicj7plovjgY/jgajlpKfjgY3jgYTjga7jgafogqnlkajjgorjgYzpm6jjgafmv6HjgozjgavjgY/jgY/jgIHmqZ/og73mgKfmipznvqTjgafjgZnjgIIKPGJyPgo8YnI+5YG06Z2i44Gr55WZ44KB5YW344KS5YKZ44GI44Gf5a6J5YWo5YKY44Gr44Gq44Gj44Gm44GK44KK44CBCjxicj7li53miYvjgavplovjgYTjgZ/jgorjgZnjgovlv4PphY3jgoLjgYLjgorjgb7jgZvjgpPjgIIKPGJyPumiqOOBruaKteaKl+OCkuWil+W8t+OBmeOCi+OBl+OBquOChOOBi+OBquS9nOOCiuOBp+OBmeOAggo8YnI+Cgo8YnI+5ZWG5ZOB5ZCNOmZ1bHRvbmw3MTEKPGJyPuODh+OCtuOCpOODszrjgrnjgrHjg4Pjg4Hjg63jg7zjgroKPGJyPue0oOadkDrjg53jg6rjgqjjgrnjg4bjg6sgMTAwJQo8YnI+Cjxicj7jgrXjgqTjgro66ZaL44GE44Gf54q25oWLOuebtOW+hDo5M2NtCjxicj4KPGJyPumWieOBmOOBn+eKtuaFi+ebtOW+hCAyNWNtCjxicj4KPGJyPumHjeOBlTrntIQyMjBn5YmN5b6MCjxicj4KPGJyPuOAkOWFqOWbveS4gOW+i+mAgeaWmeeEoeaWmeOAkQo8L2NlbnRlcj4KPGNlbnRlcj4gCjxicj4K5aWz5oCn55SoIOaKmOOCiuOBn+OBn+OBv+WCmCDkuIDopqfjga/jgZPjgaHjgonvvIE8YnI+Cjxicj4KRnVsdG9uIOODleODq+ODiOODsyDkuIDopqfjga/jgZPjgaHjgonvvIE8YnI+CjwvY2VudGVyPg==,44OV44Or44OI44OzIEZVTFRPTiDlgpgg44Os44OH44Kj44O844K5IE9wZW4mYW1wO0Nsb3NlIFN1cGVyc2xpbSDmipjjgornlbPjgb/lgpgg5aWz5oCn55SoIOOBi+OBlSDjg6/jg7Pjgr/jg4Pjg4Eg44K444Oj44Oz44OX5YKYIOOCueOCseODg+ODgeODreODvOOCuiBTa2V0Y2h5IFJvc2Ug44OX44Os44K844Oz44OIIOOCruODleODiO+8mkNMT1pFU1Qg44Oi44OD44K644Oh44Oz44K644Os44OH44Kj44O844K5,6YCa5L+h6LKp5aOy6YCa6LKp44K344On44OD44OU44Oz44Kw44Kq44Oz44Op44Kk44Oz44K344On44OD44OU44Oz44Kw6LK344GE54mp44OX44Os44K844Oz44OI44Ku44OV44OI6LSI44KK54mp6LSI562U5ZOB44GK5Lit5YWD44GK5q2z5pqu44GK6LK344GE5b6X44OV44Os44OD44OJ44Oa44Oq44O8RnJlZCBQZXJyeUJlbiBTaGVybWFu44OZ44Oz44K344Oj44O844Oe44Oz44Oh44Or44KvbWVyY+ODleODq+ODiOODs0Z1bHRvbuODreODvOOCr0xvYWtl44K444On44Oz44K544OI44Oz44K644Oi44OD44K644OV44Kh44OD44K344On44Oz44OE44Kk44O844OJ44Of44Or44Oi44OD44K65YKY44Os44OH44Kj44O844K544Oh44Oz44K66YCa6LKp44OQ44Op44Kv44O844K/44OQ44OW44Ki44O844OV44Or44OI44OzIEZVTFRPTiDlgpgg44Os44OH44Kj44O844K5IE9wZW4mYW1wO0Nsb3NlIFN1cGVyc2xpbSDmipjjgornlbPjgb/lgpgg5aWz5oCn55SoIOOBi+OBlSDjg6/jg7Pjgr/jg4Pjg4Eg44K444Oj44Oz44OX5YKYIOOCueOCseODg+ODgeODreODvOOCuiBTa2V0Y2h5IFJvc2Ug44OX44Os44K844Oz44OIIOOCruODleODiA==,44CQ6YCB5paZ54Sh5paZ44CRRlVMVE9OIOWCmCDjg5bjg6njg7Pjg4kg44Ot44Oz44OJ44OzIOOAguODleODq+ODiOODsyBGVUxUT04g5YKYIOODrOODh+OCo+ODvOOCuSBPcGVuJmFtcDtDbG9zZSBTdXBlcnNsaW0g5oqY44KK55Wz44G/5YKYIOWls+aAp+eUqCDjgYvjgZUg44Ov44Oz44K/44OD44OBIOOCuOODo+ODs+ODl+WCmCDjgrnjgrHjg4Pjg4Hjg63jg7zjgrogU2tldGNoeSBSb3NlIOODl+ODrOOCvOODs+ODiCDjgq7jg5Xjg4g=[rn]
15-197370,aHR0cDovL3RzaG9wLnIxMHMuanAvY2xvemVzdC9jYWJpbmV0LzAxMzgxOTcyL2ZvcnR1bWJyZWxsYS9mb3J0bDAwMWhlYXJ0Z3JlZW5kLmpwZz9maXRpbj03MDA6NzAw,MjMzMi44MDAw,,44OQ44OD44Kw44O75bCP54mp44O744OW44Op44Oz44OJ6ZuR6LKoID4g5YKYID4g44Os44OH44Kj44O844K56Zuo5YKY,5YKYIOODrOODh+OCo+ODvOOCuSDoi7Hlm73jg4fjgrbjgqTjg7Mg44OP44O844OI44OR44O844OG44Kj44O8IDE25pys6aqoIOi7vemHjyDjgrDjg6njgrnjg5XjgqHjgqTjg5Djg7wg44OV44Kp44O844OI44Ki44Oz44OW44Os44OpIOODluODqeODs+ODiSDjg4Djg7zjgq/jgrDjg6rjg7zjg7Mg44GK44GX44KD44KMIOiRieOBo+OBsSDmo64g44GL44GVIOODl+ODrOOCvOODs+ODiCDjgq7jg5Xjg4g=,,44Ku44OV44OI5YyF6KOF54Sh5paZ44Gn44GZIDxicj48YnI+CjxjZW50ZXI+CjxpbWcgd2lkdGg9IjEwMCUiIGJvcmRlcj0iMCJzcmM9Imh0dHA6Ly9pbWFnZS5yYWt1dGVuLmNvLmpwL2Nsb3plc3QvY2FiaW5ldC8wMTM4MTk3Mi9mb3J0dW1icmVsbGEvZm9ydGwwMDFoZWFydGdyZWVuYWEuanBnIj4KPGJyPjxicj4KPGltZyB3aWR0aD0iMTAwJSIgYm9yZGVyPSIwInNyYz0iaHR0cDovL2ltYWdlLnJha3V0ZW4uY28uanAvY2xvemVzdC9jYWJpbmV0LzAxMzgxOTcyL2ZvcnR1bWJyZWxsYS9mb3J0bDAwMWhlYXJ0Z3JlZW5lLmpwZyI+Cgo8aW1nIHdpZHRoPSIxMDAlIiBib3JkZXI9IjAic3JjPSJodHRwOi8vaW1hZ2UucmFrdXRlbi5jby5qcC9jbG96ZXN0L2NhYmluZXQvMDEzODE5NzIvZm9ydHVtYnJlbGxhL2ZvcnRsMDAxaGVhcnRncmVlbmYuanBnIj4KCjxicj4KPGJyPkZvcnQgVW1icmVsbGEg44OV44Kp44O844OI44Ki44Oz44OW44Os44Op44GuIAo8YnI+44OP44O844OI44K344Kn44Kk44OX44Ki44Oz44OW44Os44Op44Gn44GZ44CCCjxicj4KPGJyPua3seOBv+OBruOBguOCi+S4iuWTgeOBquiJsuWQiOOBhOOBruODgOODvOOCr+OCsOODquODvOODs+OCq+ODqeODvOOAgQo8YnI+5Y+v5oSb44KJ44GX44GP5aWz5oCn44KJ44GX44GE44OP44O844OI5Z6L44Gu44K344Kn44Kk44OX44GM6Zqb56uL44Gk6Imy5ZCI44GE44Gn44GZ44CCCjxicj7mhoLprLHjgarpm6jjga7ml6XjgoLmpb3jgZfjgY/jgarjgovjgojjgYbjgarntKDmlbXjgarjg4fjgrbjgqTjg7PjgIIKPGJyPuW6g+OBkuOCi+OBqOebtOezuzk1Y23jgavjgoLjgarjgorjgIHpm6jjgavmv6HjgozjgavjgY/jgYTjgafjgZnjgIIKPGJyPui7vemHj+OBp+aKmOOCjOOBq+OBj+OBhOOCsOODqeOCueODleOCoeOCpOODkOODvOOBrumqqOe1hOOCkuaOoeeUqOOBl+OAgQo8YnI+5YaF6aqo44GvMTbmnKzkvb/nlKjjgZfjgabjgYTjgb7jgZnjgIIKPGJyPgo8YnI+44K344Oj44OV44OI44Gv5rip44GL44G/44Gu44GC44KL44Km44OD44OJLOOCueODiuODg+ODl+mDqOOBqAo8YnI+44ON44O844Og44Gr44GvUFZD44Os44K244O844KS5L2/55So44CCCjxicj7jg4/jg7Pjg4njg6vjgavjgoLjgZXjgorjgZLjgarjgY/jg5bjg6njg7Pjg4njg63jgrTjga7liLvljbDlhaXjgorjgIIKPGJyPuS7luOBq+OBr+eEoeOBhOWtmOWcqOaEn+OBruOBguOCi+OCouODs+ODluODrOODqeOAggo8YnI+44Kr44Op44O86YGV44GE44KE44Ku44OV44OI44Go44GX44Gm44KC44GK44K544K544Oh44Gu5LiA5ZOB44Gn44GZ44CCCjxicj4KPGJyPuWVhuWTgeWQjTpmb3J0bDAwMWhlYXJ0ZGFya2dyZWVuCjxicj4KPGJyPuOCq+ODqeODvDrjg4Djg7zjgq/jgrDjg6rjg7zjg7MKPGJyPgo8YnI+57Sg5p2QOuODiuOCpOODreODswo8YnI+44K544OK44OD44OXLOODjeODvOODoDpQVkPjg6zjgrbjg7wKPGJyPgo8YnI+44K144Kk44K6OuWFqOmVtyA4NWNtCjxicj7nm7TlvoQ6OTVjbQo8YnI+6YeN44GVOjQ2NWcKPGJyPgrjgJDlhajlm73kuIDlvovpgIHmlpnnhKHmlpnjgJEKPC9jZW50ZXI+CjxjZW50ZXI+Cjxicj4K44Os44OH44Kj44O844K5IOOCueOCv+ODs+ODgOODvOODieWCmCDkuIDopqfjga/jgZPjgaHjgonvvIE8YnI+Cjxicj48YnI+IArjg5Xjgqnjg7zjg4jjgqLjg7Pjg5bjg6zjg6kg5LiA6Kan44Gv44GT44Gh44KJ77yBCjwvY2VudGVyPg==,5YKYIOODrOODh+OCo+ODvOOCuSDoi7Hlm73jg4fjgrbjgqTjg7Mg44OP44O844OI44OR44O844OG44Kj44O8IDE25pys6aqoIOi7vemHjyDjgrDjg6njgrnjg5XjgqHjgqTjg5Djg7wg44OV44Kp44O844OI44Ki44Oz44OW44Os44OpIOODluODqeODs+ODiSDjg4Djg7zjgq/jgrDjg6rjg7zjg7Mg44GK44GX44KD44KMIOiRieOBo+OBsSDmo64g44GL44GVIOODl+ODrOOCvOODs+ODiCDjgq7jg5Xjg4jvvJpDTE9aRVNUIOODouODg+OCuuODoeODs+OCuuODrOODh+OCo+ODvOOCuQ==,6YCa5L+h6LKp5aOy6YCa6LKp44K344On44OD44OU44Oz44Kw44Kq44Oz44Op44Kk44Oz44K344On44OD44OU44Oz44Kw6LK344GE54mp44OX44Os44K844Oz44OI44Ku44OV44OI6LSI44KK54mp6LSI562U5ZOB44GK5Lit5YWD44GK5q2z5pqu44GK6LK344GE5b6X44OV44Os44OD44OJ44Oa44Oq44O8RnJlZCBQZXJyeUJlbiBTaGVybWFu44OZ44Oz44K344Oj44O844Oe44Oz44Oh44Or44KvbWVyY+ODleODq+ODiOODs0Z1bHRvbuODreODvOOCr0xvYWtl44K444On44Oz44K544OI44Oz44K644Oi44OD44K644OV44Kh44OD44K344On44Oz44OE44Kk44O844OJ44Of44Or44Oi44OD44K65YKY44Os44OH44Kj44O844K544Oh44Oz44K66YCa6LKp44OQ44Op44Kv44O844K/44OQ44OW44Ki44O85YKYIOODrOODh+OCo+ODvOOCuSDoi7Hlm73jg4fjgrbjgqTjg7Mg44OP44O844OI44OR44O844OG44Kj44O8IDE25pys6aqoIOi7vemHjyDjgrDjg6njgrnjg5XjgqHjgqTjg5Djg7wg44OV44Kp44O844OI44Ki44Oz44OW44Os44OpIOODluODqeODs+ODiSDjg4Djg7zjgq/jgrDjg6rjg7zjg7Mg44GK44GX44KD44KMIOiRieOBo+OBsSDmo64g44GL44GVIOODl+ODrOOCvOODs+ODiCDjgq7jg5Xjg4g=,44CQ6YCB5paZ54Sh5paZ44CRIOODleOCqeODvOODiOOCouODs+ODluODrOODqSBGb3J0IFVtYnJlbGxhIOWCmCDjgILlgpgg44Os44OH44Kj44O844K5IOiLseWbveODh+OCtuOCpOODsyDjg4/jg7zjg4jjg5Hjg7zjg4bjgqPjg7wgMTbmnKzpqqgg6Lu96YePIOOCsOODqeOCueODleOCoeOCpOODkOODvCDjg5Xjgqnjg7zjg4jjgqLjg7Pjg5bjg6zjg6kg44OW44Op44Oz44OJIOODgOODvOOCr+OCsOODquODvOODsyDjgYrjgZfjgoPjgowg6JGJ44Gj44GxIOajriDjgYvjgZUg44OX44Os44K844Oz44OIIOOCruODleODiA==[rn]
15-197371,aHR0cDovL3RzaG9wLnIxMHMuanAvY2xvemVzdC9jYWJpbmV0LzAxMzgxOTcyL2ZvcnR1bWJyZWxsYS9mb3J0bDAwMWhlYXJ0YmVpZ2VkLmpwZz9maXRpbj03MDA6NzAw,MjMzMi44MDAw,,44OQ44OD44Kw44O75bCP54mp44O744OW44Op44Oz44OJ6ZuR6LKoID4g5YKYID4g44Os44OH44Kj44O844K56Zuo5YKY,5YKYIOODrOODh+OCo+ODvOOCuSDoi7Hlm73jg4fjgrbjgqTjg7Mg44OP44O844OI44OR44O844OG44Kj44O8IDE25pys6aqoIOi7vemHjyDjgrDjg6njgrnjg5XjgqHjgqTjg5Djg7wg44OV44Kp44O844OI44Ki44Oz44OW44Os44OpIOODluODqeODs+ODiSDjg5njg7zjgrjjg6Ug44GK44GX44KD44KMIOOCpuOCp+ODh+OCo+ODs+OCsCDntZDlqZrlvI8g44OX44Os44K844Oz44OIIOOCruODleODiA==,,44Ku44OV44OI5YyF6KOF54Sh5paZ44Gn44GZIDxicj48YnI+PGNlbnRlcj4KPGltZyB3aWR0aD0iMTAwJSIgYm9yZGVyPSIwInNyYz0iaHR0cDovL2ltYWdlLnJha3V0ZW4uY28uanAvY2xvemVzdC9jYWJpbmV0LzAxMzgxOTcyL2ZvcnR1bWJyZWxsYS9mb3J0bDAwMWhlYXJ0YmVpZ2VhYS5qcGciPgo8YnI+PGJyPgo8aW1nIHdpZHRoPSIxMDAlIiBib3JkZXI9IjAic3JjPSJodHRwOi8vaW1hZ2UucmFrdXRlbi5jby5qcC9jbG96ZXN0L2NhYmluZXQvMDEzODE5NzIvZm9ydHVtYnJlbGxhL2ZvcnRsMDAxaGVhcnRiZWlnZWUuanBnIj4KPGltZyB3aWR0aD0iMTAwJSIgYm9yZGVyPSIwInNyYz0iaHR0cDovL2ltYWdlLnJha3V0ZW4uY28uanAvY2xvemVzdC9jYWJpbmV0LzAxMzgxOTcyL2ZvcnR1bWJyZWxsYS9mb3J0bDAwMWhlYXJ0YmVpZ2VmLmpwZyI+Cgo8YnI+Cjxicj5Gb3J0IFVtYnJlbGxhIOODleOCqeODvOODiOOCouODs+ODluODrOODqeOBriAKPGJyPuODj+ODvOODiOOCt+OCp+OCpOODl+OCouODs+ODluODrOODqeOBp+OBmeOAggo8YnI+Cjxicj7lhKrjgZfjgY/kuIrlk4HjgaroibLlkIjjgYTjga7jg5njg7zjgrjjg6Xjgqvjg6njg7zjgIHjgIEKPGJyPuWPr+aEm+OCieOBl+OBj+Wls+aAp+OCieOBl+OBhOODj+ODvOODiOWei+OBruOCt+OCp+OCpOODl+OBjOmam+eri+OBpOiJsuWQiOOBhOOBp+OBmeOAggo8YnI+5oaC6ayx44Gq6Zuo44Gu5pel44KC5qW944GX44GP44Gq44KL44KI44GG44Gq57Sg5pW144Gq44OH44K244Kk44Oz44CCCjxicj7luoPjgZLjgovjgajnm7Tns7s5NWNt44Gr44KC44Gq44KK44CB6Zuo44Gr5r+h44KM44Gr44GP44GE44Gn44GZ44CCCjxicj7ou73ph4/jgafmipjjgozjgavjgY/jgYTjgrDjg6njgrnjg5XjgqHjgqTjg5Djg7zjga7pqqjntYTjgpLmjqHnlKjjgZfjgIEKPGJyPuWGhemqqOOBrzE25pys5L2/55So44GX44Gm44GE44G+44GZ44CCCjxicj4KPGJyPuOCt+ODo+ODleODiOOBr+a4qeOBi+OBv+OBruOBguOCi+OCpuODg+ODiSzjgrnjg4rjg4Pjg5fpg6jjgagKPGJyPuODjeODvOODoOOBq+OBr1BWQ+ODrOOCtuODvOOCkuS9v+eUqOOAggo8YnI+44OP44Oz44OJ44Or44Gr44KC44GV44KK44GS44Gq44GP44OW44Op44Oz44OJ44Ot44K044Gu5Yi75Y2w5YWl44KK44CCCjxicj7ku5bjgavjga/nhKHjgYTlrZjlnKjmhJ/jga7jgYLjgovjgqLjg7Pjg5bjg6zjg6njgIIKPGJyPuOCq+ODqeODvOmBleOBhOOChOOCruODleODiOOBqOOBl+OBpuOCguOBiuOCueOCueODoeOBruS4gOWTgeOBp+OBmeOAggo8YnI+Cjxicj7llYblk4HlkI06Zm9ydGwwMDFoZWFydGJlaWdlCjxicj4KPGJyPuOCq+ODqeODvDrjg5njg7zjgrjjg6UKPGJyPgo8YnI+57Sg5p2QOuODiuOCpOODreODswo8YnI+44K544OK44OD44OXLOODjeODvOODoDpQVkPjg6zjgrbjg7wKPGJyPgo8YnI+44K144Kk44K6OuWFqOmVtyA4NWNtCjxicj7nm7TlvoQ6OTVjbQo8YnI+6YeN44GVOjQ2NWcKPGJyPgrjgJDlhajlm73kuIDlvovpgIHmlpnnhKHmlpnjgJEKPC9jZW50ZXI+CjxjZW50ZXI+Cjxicj4K44Os44OH44Kj44O844K5IOOCueOCv+ODs+ODgOODvOODieWCmCDkuIDopqfjga/jgZPjgaHjgonvvIE8YnI+Cjxicj48YnI+IArjg5Xjgqnjg7zjg4jjgqLjg7Pjg5bjg6zjg6kg5LiA6Kan44Gv44GT44Gh44KJ77yBCjwvY2VudGVyPg==,5YKYIOODrOODh+OCo+ODvOOCuSDoi7Hlm73jg4fjgrbjgqTjg7Mg44OP44O844OI44OR44O844OG44Kj44O8IDE25pys6aqoIOi7vemHjyDjgrDjg6njgrnjg5XjgqHjgqTjg5Djg7wg44OV44Kp44O844OI44Ki44Oz44OW44Os44OpIOODluODqeODs+ODiSDjg5njg7zjgrjjg6Ug44GK44GX44KD44KMIOOCpuOCp+ODh+OCo+ODs+OCsCDntZDlqZrlvI8g44OX44Os44K844Oz44OIIOOCruODleODiO+8mkNMT1pFU1Qg44Oi44OD44K644Oh44Oz44K644Os44OH44Kj44O844K5,6YCa5L+h6LKp5aOy6YCa6LKp44K344On44OD44OU44Oz44Kw44Kq44Oz44Op44Kk44Oz44K344On44OD44OU44Oz44Kw6LK344GE54mp44OX44Os44K844Oz44OI44Ku44OV44OI6LSI44KK54mp6LSI562U5ZOB44GK5Lit5YWD44GK5q2z5pqu44GK6LK344GE5b6X44OV44Os44OD44OJ44Oa44Oq44O8RnJlZCBQZXJyeUJlbiBTaGVybWFu44OZ44Oz44K344Oj44O844Oe44Oz44Oh44Or44KvbWVyY+ODleODq+ODiOODs0Z1bHRvbuODreODvOOCr0xvYWtl44K444On44Oz44K544OI44Oz44K644Oi44OD44K644OV44Kh44OD44K344On44Oz44OE44Kk44O844OJ44Of44Or44Oi44OD44K65YKY44Os44OH44Kj44O844K544Oh44Oz44K66YCa6LKp44OQ44Op44Kv44O844K/44OQ44OW44Ki44O85YKYIOODrOODh+OCo+ODvOOCuSDoi7Hlm73jg4fjgrbjgqTjg7Mg44OP44O844OI44OR44O844OG44Kj44O8IDE25pys6aqoIOi7vemHjyDjgrDjg6njgrnjg5XjgqHjgqTjg5Djg7wg44OV44Kp44O844OI44Ki44Oz44OW44Os44OpIOODluODqeODs+ODiSDjg5njg7zjgrjjg6Ug44GK44GX44KD44KMIOOCpuOCp+ODh+OCo+ODs+OCsCDntZDlqZrlvI8g44OX44Os44K844Oz44OIIOOCruODleODiA==,44CQ6YCB5paZ54Sh5paZ44CRIOODleOCqeODvOODiOOCouODs+ODluODrOODqSBGb3J0IFVtYnJlbGxhIOWCmCDjgILlgpgg44Os44OH44Kj44O844K5IOiLseWbveODh+OCtuOCpOODsyDjg4/jg7zjg4jjg5Hjg7zjg4bjgqPjg7wgMTbmnKzpqqgg6Lu96YePIOOCsOODqeOCueODleOCoeOCpOODkOODvCDjg5Xjgqnjg7zjg4jjgqLjg7Pjg5bjg6zjg6kg44OW44Op44Oz44OJIOODmeODvOOCuOODpSDjgYrjgZfjgoPjgowg44Km44Kn44OH44Kj44Oz44KwIOe1kOWpmuW8jyDjg5fjg6zjgrzjg7Pjg4gg44Ku44OV44OI[rn]
15-197372,aHR0cDovL3RzaG9wLnIxMHMuanAvY2xvemVzdC9jYWJpbmV0LzAxMzgxOTcyL2Z1bHRvbmVsbGFqb3VsZXMvZnVsdG9ubDc4NHRyYWRpdGlvbmEuanBnP2ZpdGluPTcwMDo3MDA=,NDMyMC4wMDAw,,44OQ44OD44Kw44O75bCP54mp44O744OW44Op44Oz44OJ6ZuR6LKoID4g5YKYID4g44Os44OH44Kj44O844K56Zuo5YKY,44OV44Or44OI44OzIEZVTFRPTiDlgpgg44Os44OH44Kj44O844K5IOaKmOOCiuOBn+OBn+OBv+WCmCDjgqLjg7Pjg5bjg6zjg6kgTWluaWxpdGUgVVbjgqvjg4Pjg4gg5pel5YKYIOaZtOmbqOWFvOeUqCDjg4jjg6njg4fjgqPjgrfjg6fjg4rjg6vjg4Hjgqfjg4Pjgq8gRlVMVE9OIOODrOODh+OCo+ODvOOCuSDjg5fjg6zjgrzjg7Pjg4gg44Ku44OV44OI,,44Ku44OV44OI5YyF6KOF54Sh5paZ44Gn44GZIDxicj48YnI+PGNlbnRlcj4KPGltZyB3aWR0aD0iMTAwJSIgYm9yZGVyPSIwInNyYz0iaHR0cDovL2ltYWdlLnJha3V0ZW4uY28uanAvY2xvemVzdC9jYWJpbmV0LzAxMzgxOTcyL2Z1bHRvbmVsbGFqb3VsZXMvZnVsdG9ubDc4NHRyYWRpdGlvbmUuanBnIj4KCjxpbWcgd2lkdGg9IjEwMCUiIGJvcmRlcj0iMCJzcmM9Imh0dHA6Ly9pbWFnZS5yYWt1dGVuLmNvLmpwL2Nsb3plc3QvY2FiaW5ldC8wMTM4MTk3Mi9mdWx0b25lbGxham91bGVzL2Z1bHRvbmw3ODR0cmFkaXRpb25mLmpwZyI+Cjxicj4KPGJyPkZ1bHRvbiDjg5Xjg6vjg4jjg7Pjga4KPGJyPuODleOCqeODvOODq+ODh+OCo+ODs+OCsOOCouODs+ODluODrOODqQo8YnI+Ik1pbmlsaXRlIuOBrlVW44OX44Ot44OG44Kv44K344On44Oz44Oi44OH44Or44Gn44GZ44CCCjxicj4KPGJyPuanmOOAheOBquOCt+ODvOODs+OBq+WQiOOCj+OBm+OChOOBmeOBhAo8YnI+44OI44Op44OH44Kj44K344On44OK44Or44OB44Kn44OD44Kv44OH44K244Kk44Oz44CCCjxicj7lronlhajmgKfjgpLph43oppbjgZfjgZ/pqqjntYTjgb/jgpLkvb/nlKjjgZfjgabjgYTjgb7jgZnjgIIKPGJyPjkzY23jgajpgJrluLjjga7jgqLjg7Pjg5bjg6zjg6npoZTosqDjgZHjga4KPGJyPuODr+OCpOODieOBquOCreODo+ODjuODlOODvOOBqwo8YnI+VVbjgqvjg4Pjg4jliqDlt6Uo57Sr5aSW57ea5a++562WKeOCkuaWveOBl+OBvuOBl+OBn+OAggo8YnI+5pel5YKY44Go44GX44Gm44KC44GK5L2/44GE6aCC44GR44KL44Oi44OH44Or44Gn44GZ44CCCjxicj4KPGJyPuODleODrOODvOODoOOBr+OCguOBoeOCjeOCk+iAkOS5heaAp+OBq+OBk+OBoOOCj+OBo+OBn+S7leanmOOAggo8YnI+44Kq44O844Or44Op44Km44Oz44OJ44Gr5L2/55So44GE44Gf44Gg44GR44G+44GZ44CCCjxicj7msbrjgZfjgablronjgaPjgb3jgY/jgarjgonjgarjgYTjg5fjg6rjg7Pjg4jjgarjga7jgacKPGJyPuWwkeOBl+ODquODg+ODgeOBquOBiuWHuuOBi+OBkeOBq+OCguOCquOCueOCueODoeOBp+OBmeOAggo8YnI+Cjxicj7oh6rliIbnlKjjga/li7/oq5bjga7jgZPjgajjgIHjg5fjg6zjgrzjg7Pjg4jjgavjgoIKPGJyPuOBiuOCueOCueODoeOBruOCouOCpOODhuODoOOBp+OBmeOAggo8YnI+Cjxicj7llYblk4HlkI06ZnVsdG9ubDc4NAo8YnI+Cjxicj7jg4fjgrbjgqTjg7M644OI44Op44OH44Kj44K344On44OK44Or44OB44Kn44OD44KvCjxicj4KPGJyPue0oOadkDrjg53jg6rjgqjjgrnjg4bjg6sgMTAwJQo8YnI+Cjxicj7nlbPjgpPjgaDnirbmhYs6MjVjbQo8YnI+6ZaL44GE44Gf54q25oWLOuebtOW+hDk2Y20KPGJyPumHjemHjzoyMzhnCjxicj4KPGJyPuOAkOWFqOWbveS4gOW+i+mAgeaWmeeEoeaWmeOAkQo8YnI+CjwvY2VudGVyPiAKPGNlbnRlcj4KPGJyPgpNaW5pbGl0ZSDkuIDopqfjga/jgZPjgaHjgonvvIE8YnI+Cjxicj4K44Os44OH44Kj44O844K5IOaKmOOCiuOBn+OBn+OBv+WCmCDkuIDopqfjga/jgZPjgaHjgonvvIE8YnI+CjwvY2VudGVyPg==,44OV44Or44OI44OzIEZVTFRPTiDlgpgg44Os44OH44Kj44O844K5IOaKmOOCiuOBn+OBn+OBv+WCmCDjgqLjg7Pjg5bjg6zjg6kgTWluaWxpdGUgVVbjgqvjg4Pjg4gg5pel5YKYIOaZtOmbqOWFvOeUqCDjg4jjg6njg4fjgqPjgrfjg6fjg4rjg6vjg4Hjgqfjg4Pjgq8gRlVMVE9OIOODrOODh+OCo+ODvOOCuSDjg5fjg6zjgrzjg7Pjg4gg44Ku44OV44OI77yaQ0xPWkVTVCDjg6Ljg4Pjgrrjg6Hjg7Pjgrrjg6zjg4fjgqPjg7zjgrk=,6YCa5L+h6LKp5aOy6YCa6LKp44K344On44OD44OU44Oz44Kw44Kq44Oz44Op44Kk44Oz44K344On44OD44OU44Oz44Kw6LK344GE54mp44OX44Os44K844Oz44OI44Ku44OV44OI6LSI44KK54mp6LSI562U5ZOB44GK5Lit5YWD44GK5q2z5pqu44GK6LK344GE5b6X44OV44Os44OD44OJ44Oa44Oq44O8RnJlZCBQZXJyeUJlbiBTaGVybWFu44OZ44Oz44K344Oj44O844Oe44Oz44Oh44Or44KvbWVyY+ODleODq+ODiOODs0Z1bHRvbuODreODvOOCr0xvYWtl44K444On44Oz44K544OI44Oz44K644Oi44OD44K644OV44Kh44OD44K344On44Oz44OE44Kk44O844OJ44Of44Or44Oi44OD44K65YKY44Os44OH44Kj44O844K544Oh44Oz44K66YCa6LKp44OQ44Op44Kv44O844K/44OQ44OW44Ki44O844OV44Or44OI44OzIEZVTFRPTiDlgpgg44Os44OH44Kj44O844K5IOaKmOOCiuOBn+OBn+OBv+WCmCDjgqLjg7Pjg5bjg6zjg6kgTWluaWxpdGUgVVbjgqvjg4Pjg4gg5pel5YKYIOaZtOmbqOWFvOeUqCDjg4jjg6njg4fjgqPjgrfjg6fjg4rjg6vjg4Hjgqfjg4Pjgq8gRlVMVE9OIOODrOODh+OCo+ODvOOCuSDjg5fjg6zjgrzjg7Pjg4gg44Ku44OV44OI,RlVMVE9OIOODleODq+ODiOODsyDlgpggIOOAguODleODq+ODiOODsyBGVUxUT04g5YKYIOODrOODh+OCo+ODvOOCuSDmipjjgorjgZ/jgZ/jgb/lgpgg44Ki44Oz44OW44Os44OpIE1pbmlsaXRlIFVW44Kr44OD44OIIOaXpeWCmCDmmbTpm6jlhbznlKgg44OI44Op44OH44Kj44K344On44OK44Or44OB44Kn44OD44KvIEZVTFRPTiDjg6zjg4fjgqPjg7zjgrkg44OX44Os44K844Oz44OIIOOCruODleODiA==[rn]
15-197373,aHR0cDovL3RzaG9wLnIxMHMuanAvY2xvemVzdC9jYWJpbmV0LzAxMzgxOTcyL2ZvcnR1bWJyZWxsYS9mb3J0bDAwMWhlYXJ0cmVkZC5qcGc/Zml0aW49NzAwOjcwMA==,MjMzMi44MDAw,,44OQ44OD44Kw44O75bCP54mp44O744OW44Op44Oz44OJ6ZuR6LKoID4g5YKYID4g44Os44OH44Kj44O844K56Zuo5YKY,5YKYIOODrOODh+OCo+ODvOOCuSDoi7Hlm73jg4fjgrbjgqTjg7Mg44OP44O844OI44OR44O844OG44Kj44O8IDE25pys6aqoIOi7vemHjyDjgrDjg6njgrnjg5XjgqHjgqTjg5Djg7wg44OV44Kp44O844OI44Ki44Oz44OW44Os44OpIOODluODqeODs+ODiSDjg6zjg4Pjg4kg44GK44GX44KD44KMIOOBi+OCj+OBhOOBhCDjg6njg5bjg6rjg7wg44GL44GVIOODl+ODrOOCvOODs+ODiCDjgq7jg5Xjg4g=,,44Ku44OV44OI5YyF6KOF54Sh5paZ44Gn44GZIDxicj48YnI+CjxjZW50ZXI+CjxpbWcgd2lkdGg9IjEwMCUiIGJvcmRlcj0iMCJzcmM9Imh0dHA6Ly9pbWFnZS5yYWt1dGVuLmNvLmpwL2Nsb3plc3QvY2FiaW5ldC8wMTM4MTk3Mi9mb3J0dW1icmVsbGEvZm9ydGwwMDFoZWFydHJlZGFhLmpwZyI+Cjxicj48YnI+CjxpbWcgd2lkdGg9IjEwMCUiIGJvcmRlcj0iMCJzcmM9Imh0dHA6Ly9pbWFnZS5yYWt1dGVuLmNvLmpwL2Nsb3plc3QvY2FiaW5ldC8wMTM4MTk3Mi9mb3J0dW1icmVsbGEvZm9ydGwwMDFoZWFydHJlZGUuanBnIj4KCjxpbWcgd2lkdGg9IjEwMCUiIGJvcmRlcj0iMCJzcmM9Imh0dHA6Ly9pbWFnZS5yYWt1dGVuLmNvLmpwL2Nsb3plc3QvY2FiaW5ldC8wMTM4MTk3Mi9mb3J0dW1icmVsbGEvZm9ydGwwMDFoZWFydHJlZGYuanBnIj4KCjxicj4KPGJyPkZvcnQgVW1icmVsbGEg44OV44Kp44O844OI44Ki44Oz44OW44Os44Op44GuIAo8YnI+44OP44O844OI44K344Kn44Kk44OX44Ki44Oz44OW44Os44Op44Gn44GZ44CCCjxicj4KPGJyPuS4iuWTgeOBp+muruOChOOBi+OBquiJsuWQiOOBhOOBruODrOODg+ODieOCq+ODqeODvOOAgQo8YnI+5Y+v5oSb44KJ44GX44GP5aWz5oCn44KJ44GX44GE44OP44O844OI5Z6L44Gu44K344Kn44Kk44OX44GM6Zqb56uL44Gk6Imy5ZCI44GE44Gn44GZ44CCCjxicj7mhoLprLHjgarpm6jjga7ml6XjgoLmpb3jgZfjgY/jgarjgovjgojjgYbjgarntKDmlbXjgarjg4fjgrbjgqTjg7PjgIIKPGJyPuW6g+OBkuOCi+OBqOebtOezuzk1Y23jgavjgoLjgarjgorjgIHpm6jjgavmv6HjgozjgavjgY/jgYTjgafjgZnjgIIKPGJyPui7vemHj+OBp+aKmOOCjOOBq+OBj+OBhOOCsOODqeOCueODleOCoeOCpOODkOODvOOBrumqqOe1hOOCkuaOoeeUqOOBl+OAgeWGhemqqOOBrzE25pys5L2/55So44GX44Gm44GE44G+44GZ44CCCjxicj4KPGJyPuOCueODiuODg+ODl+mDqOOBqOODjeODvOODoOOBq+OBr+acrOmdqeODrOOCtuODvOOCkuS9v+eUqOOAggo8YnI+44OP44Oz44OJ44Or44Gr44KC44GV44KK44GS44Gq44GP44OW44Op44Oz44OJ44Ot44K044Gu5Yi75Y2w5YWl44KK44CCCjxicj7ku5bjgavjga/nhKHjgYTlrZjlnKjmhJ/jga7jgYLjgovjgqLjg7Pjg5bjg6zjg6njgIIKPGJyPuOCq+ODqeODvOmBleOBhOOChOOCruODleODiOOBqOOBl+OBpuOCguOBiuOCueOCueODoeOBruS4gOWTgeOBp+OBmeOAggo8YnI+Cjxicj7llYblk4HlkI06Zm9ydGwwMDFoZWFydHJlZAo8YnI+Cjxicj7jgqvjg6njg7w644Os44OD44OJCjxicj4KPGJyPue0oOadkDrjg4rjgqTjg63jg7MKPGJyPuOCueODiuODg+ODlyzjg43jg7zjg6A6UFZD44Os44K244O8Cjxicj4KPGJyPuOCteOCpOOCujrlhajplbcgODVjbQo8YnI+55u05b6EOjk1Y20KPGJyPumHjeOBlTo0NjVnCjxicj4K44CQ5YWo5Zu95LiA5b6L6YCB5paZ54Sh5paZ44CRCjwvY2VudGVyPgo8Y2VudGVyPgo8YnI+CuODrOODh+OCo+ODvOOCuSDjgrnjgr/jg7Pjg4Djg7zjg4nlgpgg5LiA6Kan44Gv44GT44Gh44KJ77yBPGJyPgo8YnI+PGJyPiAK44OV44Kp44O844OI44Ki44Oz44OW44Os44OpIOS4gOimp+OBr+OBk+OBoeOCie+8gQo8L2NlbnRlcj4=,5YKYIOODrOODh+OCo+ODvOOCuSDoi7Hlm73jg4fjgrbjgqTjg7Mg44OP44O844OI44OR44O844OG44Kj44O8IDE25pys6aqoIOi7vemHjyDjgrDjg6njgrnjg5XjgqHjgqTjg5Djg7wg44OV44Kp44O844OI44Ki44Oz44OW44Os44OpIOODluODqeODs+ODiSDjg6zjg4Pjg4kg44GK44GX44KD44KMIOOBi+OCj+OBhOOBhCDjg6njg5bjg6rjg7wg44GL44GVIOODl+ODrOOCvOODs+ODiCDjgq7jg5Xjg4jvvJpDTE9aRVNUIOODouODg+OCuuODoeODs+OCuuODrOODh+OCo+ODvOOCuQ==,6YCa5L+h6LKp5aOy6YCa6LKp44K344On44OD44OU44Oz44Kw44Kq44Oz44Op44Kk44Oz44K344On44OD44OU44Oz44Kw6LK344GE54mp44OX44Os44K844Oz44OI44Ku44OV44OI6LSI44KK54mp6LSI562U5ZOB44GK5Lit5YWD44GK5q2z5pqu44GK6LK344GE5b6X44OV44Os44OD44OJ44Oa44Oq44O8RnJlZCBQZXJyeUJlbiBTaGVybWFu44OZ44Oz44K344Oj44O844Oe44Oz44Oh44Or44KvbWVyY+ODleODq+ODiOODs0Z1bHRvbuODreODvOOCr0xvYWtl44K444On44Oz44K544OI44Oz44K644Oi44OD44K644OV44Kh44OD44K344On44Oz44OE44Kk44O844OJ44Of44Or44Oi44OD44K65YKY44Os44OH44Kj44O844K544Oh44Oz44K66YCa6LKp44OQ44Op44Kv44O844K/44OQ44OW44Ki44O85YKYIOODrOODh+OCo+ODvOOCuSDoi7Hlm73jg4fjgrbjgqTjg7Mg44OP44O844OI44OR44O844OG44Kj44O8IDE25pys6aqoIOi7vemHjyDjgrDjg6njgrnjg5XjgqHjgqTjg5Djg7wg44OV44Kp44O844OI44Ki44Oz44OW44Os44OpIOODluODqeODs+ODiSDjg6zjg4Pjg4kg44GK44GX44KD44KMIOOBi+OCj+OBhOOBhCDjg6njg5bjg6rjg7wg44GL44GVIOODl+ODrOOCvOODs+ODiCDjgq7jg5Xjg4g=,44CQ6YCB5paZ54Sh5paZ44CRIOODleOCqeODvOODiOOCouODs+ODluODrOODqSBGb3J0IFVtYnJlbGxhIOWCmCDjgILlgpgg44Os44OH44Kj44O844K5IOiLseWbveODh+OCtuOCpOODsyDjg4/jg7zjg4jjg5Hjg7zjg4bjgqPjg7wgMTbmnKzpqqgg6Lu96YePIOOCsOODqeOCueODleOCoeOCpOODkOODvCDjg5Xjgqnjg7zjg4jjgqLjg7Pjg5bjg6zjg6kg44OW44Op44Oz44OJIOODrOODg+ODiSDjgYrjgZfjgoPjgowg44GL44KP44GE44GEIOODqeODluODquODvCDjgYvjgZUg44OX44Os44K844Oz44OIIOOCruODleODiA==[rn]
15-197374,aHR0cDovL3RzaG9wLnIxMHMuanAvY2xvemVzdC9jYWJpbmV0LzAxMzgxOTcyL2Z1bHRvbmVsbGFqb3VsZXMvZnVsdG9ubDc4M2JsYWNrZC5qcGc/Zml0aW49NzAwOjcwMA==,NDMyMC4wMDAw,,44OQ44OD44Kw44O75bCP54mp44O744OW44Op44Oz44OJ6ZuR6LKoID4g5YKYID4g44Os44OH44Kj44O844K56Zuo5YKY,44OV44Or44OI44OzIEZ1bHRvbiDlgpgg44OQ44O844OJ44Kx44O844K4IFNoZSdzIFVWIOODl+ODreODhuOCr+OCt+ODp+ODsyDjg5bjg6njg4Pjgq8g6ZW35YKYIOODrOODh+OCo+ODvOOCuSDjgYvjgZUgRlVMVE9OIOODl+ODrOOCvOODs+ODiCDjgq7jg5Xjg4g=,,44Ku44OV44OI5YyF6KOF54Sh5paZ44Gn44GZIDxicj48YnI+PGNlbnRlcj4KPGltZyB3aWR0aD0iMTAwJSIgYm9yZGVyPSIwInNyYz0iaHR0cDovL2ltYWdlLnJha3V0ZW4uY28uanAvY2xvemVzdC9jYWJpbmV0LzAxMzgxOTcyL2Z1bHRvbmVsbGFqb3VsZXMvZnVsdG9ubDc4M2JsYWNrZC5qcGciPgoKPGJyPgo8aW1nIHdpZHRoPSIxMDAlIiBib3JkZXI9IjAic3JjPSJodHRwOi8vaW1hZ2UucmFrdXRlbi5jby5qcC9jbG96ZXN0L2NhYmluZXQvMDEzODE5NzIvZnVsdG9uZWxsYWpvdWxlcy9mdWx0b25sNzgzYmxhY2tmLmpwZyI+Cjxicj4KPGJyPkZ1bHRvbiDjg5Xjg6vjg4jjg7Pjga7jg5Djg7zjg4njgrHjg7zjgrggCjxicj5VVuODl+ODreODhuOCr+OCt+ODp+ODs+ODouODh+ODq+OBp+OBmeOAggo8YnI+Cjxicj50aGUgUXVlZW4g44Ko44Oq44K244OZ44K5MuS4luWls+eOi+mZm+S4i+OBqwo8YnI+44GU5L2/55So44GE44Gf44Gg44GE44Gm44GE44KL44OQ44O844OJ44Kx44O844K444GrCjxicj5VVuOCq+ODg+ODiOWKoOW3pSjntKvlpJbnt5rlr77nrZYp44GM5pa944GV44KM44GfCjxicj7ml6XmnKzkurrjga7jgrXjgqTjgrrjgavlkIjjgo/jgZvjgZ/nibnliKXjg6Ljg4fjg6vjgajjgarjgaPjgabjgYrjgorjgb7jgZnjgIIKPGJyPgo8YnI+6bOl44GL44GU44KS44Oi44OB44O844OV44Go44GX44Gf5L2c44KK44GM6Zuo44Gq44Gp44Gn6IKp5ZGo44KK44GM5r+h44KM44Gr44GP44GP5qmf6IO95oCn5oqc576k44CCCjxicj7lkajjgorjgYzopovmuKHjgZfjgoTjgZnjgYTpgI/mmI7jgarjgq3jg6Pjg47jg5Tjg7zjgavjg5bjg6njg4Pjgq/jga7nuIHlj5bjgorjgYzjgqLjgq/jgrvjg7Pjg4jjgavjgIIKPGJyPgo8YnI+6ZaL6ZaJ44Gk44G+44G/44Gv5LiK44Gr5oyB44Gh5LiK44GS44KL44Gg44GR44Gq44Gu44GnCjxicj7nsKHljZjjgrnjg6Djg7zjgrnjgafjgajjgabjgoLkvr/liKnjgafjgZnjgIIKPGJyPuW8t+miqOOBq+OCguW8t+OBhOeJueauiuOBque0oOadkOOCkuS9v+eUqOOBl+OBpuOBiuOCiuOBvuOBmeOAggo8YnI+KuaMh+OBr+OBleOBv+mYsuatouOBruOBn+OCgeODreODg+OCr+OBjOeUmOOBhOWgtOWQiOOBjOOBlOOBluOBhOOBvuOBmeOAggo8YnI+5YKY44KS6ZaJ44GY44Gm44KL6Zqb44Gv44OZ44Or44OI44KS57eg44KB44Gm44GU5L2/55So5LiL44GV44GE44CCCjxicj7jgb7jgZ/jgIHjgY/jgaPjgaTjgY3pmLLmraLjga7jgZ/jgoHjga7nsonjgYzloZfluIPjgZXjgozjgabjgYrjgorjgb7jgZnjgIIKPGJyPgo8YnI+5ZWG5ZOB5ZCNOmZ1bHRvbmw3ODNibGFjawo8YnI+Cjxicj7jgqvjg6njg7w644OW44Op44OD44KvCjxicj4KPGJyPue0oOadkDpQVkMgMTAwJQo8YnI+Cjxicj7jgrXjgqTjgro6Cjxicj7lhajplbcgODdjbQo8YnI+55u05b6EOjc1Y20KPGJyPua3seOBlTo0NWNtCjxicj7ph43ph486NTI1Zwo8YnI+CuOAkOWFqOWbveS4gOW+i+mAgeaWmeeEoeaWmeOAkQo8L2NlbnRlcj4KPGNlbnRlcj4KPGJyPgpCaXJkIENhZ2Ug5LiA6Kan44Gv44GT44Gh44KJ77yBPGJyPgo8YnI+CuODrOODh+OCo+ODvOOCuSDjgrnjgr/jg7Pjg4Djg7zjg4nlgpgg5LiA6Kan44Gv44GT44Gh44KJ77yBPGJyPgo8YnI+PGJyPiAKRlVMVE9O5LiA6Kan44Gv44GT44Gh44KJ77yBCjwvY2VudGVyPg==,44OV44Or44OI44OzIEZ1bHRvbiDlgpgg44OQ44O844OJ44Kx44O844K4IFNoZSdzIFVWIOODl+ODreODhuOCr+OCt+ODp+ODsyDjg5bjg6njg4Pjgq8g6ZW35YKYIOODrOODh+OCo+ODvOOCuSDjgYvjgZUgRlVMVE9OIOODl+ODrOOCvOODs+ODiCDjgq7jg5Xjg4jvvJpDTE9aRVNUIOODouODg+OCuuODoeODs+OCuuODrOODh+OCo+ODvOOCuQ==,6YCa5L+h6LKp5aOy6YCa6LKp44K344On44OD44OU44Oz44Kw44Kq44Oz44Op44Kk44Oz44K344On44OD44OU44Oz44Kw6LK344GE54mp44OX44Os44K844Oz44OI44Ku44OV44OI6LSI44KK54mp6LSI562U5ZOB44GK5Lit5YWD44GK5q2z5pqu44GK6LK344GE5b6X44OV44Os44OD44OJ44Oa44Oq44O8RnJlZCBQZXJyeUJlbiBTaGVybWFu44OZ44Oz44K344Oj44O844Oe44Oz44Oh44Or44KvbWVyY+ODleODq+ODiOODs0Z1bHRvbuODreODvOOCr0xvYWtl44K444On44Oz44K544OI44Oz44K644Oi44OD44K644OV44Kh44OD44K344On44Oz44OE44Kk44O844OJ44Of44Or44Oi44OD44K65YKY44Os44OH44Kj44O844K544Oh44Oz44K66YCa6LKp44OQ44Op44Kv44O844K/44OQ44OW44Ki44O844OV44Or44OI44OzIEZ1bHRvbiDlgpgg44OQ44O844OJ44Kx44O844K4IFNoZSdzIFVWIOODl+ODreODhuOCr+OCt+ODp+ODsyDjg5bjg6njg4Pjgq8g6ZW35YKYIOODrOODh+OCo+ODvOOCuSDjgYvjgZUgRlVMVE9OIOODl+ODrOOCvOODs+ODiCDjgq7jg5Xjg4g=,6Iux5Zu9546L5a6k5b6h55So6YGUIOOAkOmAgeaWmeeEoeaWmeOAkSDlgpgg44OW44Op44OD44KvICDjgILjg5Xjg6vjg4jjg7MgRnVsdG9uIOWCmCDjg5Djg7zjg4njgrHjg7zjgrggU2hlJ3MgVVYg44OX44Ot44OG44Kv44K344On44OzIOODluODqeODg+OCryDplbflgpgg44Os44OH44Kj44O844K5IOOBi+OBlSBGVUxUT04g44OX44Os44K844Oz44OIIOOCruODleODiA==[rn]
15-197375,aHR0cDovL3RzaG9wLnIxMHMuanAvY2xvemVzdC9jYWJpbmV0LzAxMzgxOTcyL2Z1bHRvbmVsbGFqb3VsZXMvZnVsdG9ubDc4M29yYW5nZWQuanBnP2ZpdGluPTcwMDo3MDA=,NDMyMC4wMDAw,,44OQ44OD44Kw44O75bCP54mp44O744OW44Op44Oz44OJ6ZuR6LKoID4g5YKYID4g44Os44OH44Kj44O844K56Zuo5YKY,44OV44Or44OI44OzIEZ1bHRvbiDlgpgg44OQ44O844OJ44Kx44O844K4IFNoZSdzIFVWIENpdHkgT3JhbmdlIOODl+ODreODhuOCr+OCt+ODp+ODsyDjgqrjg6zjg7Pjgrgg6ZW35YKYIOODrOODh+OCo+ODvOOCuSDjgYvjgZUgRlVMVE9OIOODl+ODrOOCvOODs+ODiCDjgq7jg5Xjg4g=,,44Ku44OV44OI5YyF6KOF54Sh5paZ44Gn44GZIDxicj48YnI+PGNlbnRlcj4KPGltZyB3aWR0aD0iMTAwJSIgYm9yZGVyPSIwInNyYz0iaHR0cDovL2ltYWdlLnJha3V0ZW4uY28uanAvY2xvemVzdC9jYWJpbmV0LzAxMzgxOTcyL2Z1bHRvbmVsbGFqb3VsZXMvZnVsdG9udHViZS5qcGciPgoKPGltZyB3aWR0aD0iMTAwJSIgYm9yZGVyPSIwInNyYz0iaHR0cDovL2ltYWdlLnJha3V0ZW4uY28uanAvY2xvemVzdC9jYWJpbmV0LzAxMzgxOTcyL2Z1bHRvbmVsbGFqb3VsZXMvZnVsdG9ubDc4M29yYW5nZWVlLmpwZyI+Cgo8aW1nIHdpZHRoPSIxMDAlIiBib3JkZXI9IjAic3JjPSJodHRwOi8vaW1hZ2UucmFrdXRlbi5jby5qcC9jbG96ZXN0L2NhYmluZXQvMDEzODE5NzIvZnVsdG9uZWxsYWpvdWxlcy9mdWx0b25sNzgzb3JhbmdlZmYuanBnIj4KPGJyPgo8YnI+RnVsdG9uIOODleODq+ODiOODs+OBruODkOODvOODieOCseODvOOCuCAKPGJyPlVW44OX44Ot44OG44Kv44K344On44Oz44Oi44OH44Or44Gn44GZ44CCCjxicj4KPGJyPnRoZSBRdWVlbiDjgqjjg6rjgrbjg5njgrky5LiW5aWz546L6Zmb5LiL44GrCjxicj7jgZTkvb/nlKjjgYTjgZ/jgaDjgYTjgabjgYTjgovjg5Djg7zjg4njgrHjg7zjgrjjgasKPGJyPlVW44Kr44OD44OI5Yqg5belKOe0q+Wklue3muWvvuetlinjgYzmlr3jgZXjgozjgZ8KPGJyPuaXpeacrOS6uuOBruOCteOCpOOCuuOBq+WQiOOCj+OBm+OBn+eJueWIpeODouODh+ODq+OBqOOBquOBo+OBpuOBiuOCiuOBvuOBmeOAggo8YnI+Cjxicj7ps6XjgYvjgZTjgpLjg6Ljg4Hjg7zjg5XjgajjgZfjgZ/kvZzjgorjgYzpm6jjgarjganjgafogqnlkajjgorjgYzmv6HjgozjgavjgY/jgY/mqZ/og73mgKfmipznvqTjgIIKPGJyPuWRqOOCiuOBjOimi+a4oeOBl+OChOOBmeOBhOmAj+aYjuOBquOCreODo+ODjuODlOODvOOBq+OCquODrOODs+OCuOOBrue4geWPluOCiuOBjOOCouOCr+OCu+ODs+ODiOOBq+OAggo8YnI+Cjxicj7plovplonjgaTjgb7jgb/jga/kuIrjgavmjIHjgaHkuIrjgZLjgovjgaDjgZHjgarjga7jgacKPGJyPuewoeWNmOOCueODoOODvOOCueOBp+OBqOOBpuOCguS+v+WIqeOBp+OBmeOAggo8YnI+5by36aKo44Gr44KC5by344GE54m55q6K44Gq57Sg5p2Q44KS5L2/55So44GX44Gm44GK44KK44G+44GZ44CCCjxicj4q5oyH44Gv44GV44G/6Ziy5q2i44Gu44Gf44KB44Ot44OD44Kv44GM55SY44GE5aC05ZCI44GM44GU44GW44GE44G+44GZ44CCCjxicj7lgpjjgpLplonjgZjjgabjgovpmpvjga/jg5njg6vjg4jjgpLnt6DjgoHjgabjgZTkvb/nlKjkuIvjgZXjgYTjgIIKPGJyPuOBvuOBn+OAgeOBj+OBo+OBpOOBjemYsuatouOBruOBn+OCgeOBrueyieOBjOWhl+W4g+OBleOCjOOBpuOBiuOCiuOBvuOBmeOAggo8YnI+Cgo8YnI+5ZWG5ZOB5ZCNOmZ1bHRvbmw3ODMKPGJyPgo8YnI+44Kr44Op44O8OkNpdHkgT3JhbmdlCjxicj4KPGJyPue0oOadkDpQVkMgMTAwJQo8YnI+Cjxicj7jgrXjgqTjgro6Cjxicj7lhajplbcgODdjbQo8YnI+55u05b6EOjc1Y20KPGJyPua3seOBlTo0NWNtCjxicj7ph43ph486NTI1Zwo8YnI+CuOAkOWFqOWbveS4gOW+i+mAgeaWmeeEoeaWmeOAkQo8L2NlbnRlcj4KPGNlbnRlcj4KPGJyPgpCaXJkIENhZ2Ug5LiA6Kan44Gv44GT44Gh44KJ77yBPGJyPgo8YnI+CuODrOODh+OCo+ODvOOCuSDjgrnjgr/jg7Pjg4Djg7zjg4nlgpgg5LiA6Kan44Gv44GT44Gh44KJ77yBPGJyPgo8YnI+PGJyPiAKRlVMVE9O5LiA6Kan44Gv44GT44Gh44KJ77yBCjwvY2VudGVyPg==,44OV44Or44OI44OzIEZ1bHRvbiDlgpgg44OQ44O844OJ44Kx44O844K4IFNoZSdzIFVWIENpdHkgT3JhbmdlIOODl+ODreODhuOCr+OCt+ODp+ODsyDjgqrjg6zjg7Pjgrgg6ZW35YKYIOODrOODh+OCo+ODvOOCuSDjgYvjgZUgRlVMVE9OIOODl+ODrOOCvOODs+ODiCDjgq7jg5Xjg4jvvJpDTE9aRVNUIOODouODg+OCuuODoeODs+OCuuODrOODh+OCo+ODvOOCuQ==,6YCa5L+h6LKp5aOy6YCa6LKp44K344On44OD44OU44Oz44Kw44Kq44Oz44Op44Kk44Oz44K344On44OD44OU44Oz44Kw6LK344GE54mp44OX44Os44K844Oz44OI44Ku44OV44OI6LSI44KK54mp6LSI562U5ZOB44GK5Lit5YWD44GK5q2z5pqu44GK6LK344GE5b6X44OV44Os44OD44OJ44Oa44Oq44O8RnJlZCBQZXJyeUJlbiBTaGVybWFu44OZ44Oz44K344Oj44O844Oe44Oz44Oh44Or44KvbWVyY+ODleODq+ODiOODs0Z1bHRvbuODreODvOOCr0xvYWtl44K444On44Oz44K544OI44Oz44K644Oi44OD44K644OV44Kh44OD44K344On44Oz44OE44Kk44O844OJ44Of44Or44Oi44OD44K65YKY44Os44OH44Kj44O844K544Oh44Oz44K66YCa6LKp44OQ44Op44Kv44O844K/44OQ44OW44Ki44O844OV44Or44OI44OzIEZ1bHRvbiDlgpgg44OQ44O844OJ44Kx44O844K4IFNoZSdzIFVWIENpdHkgT3JhbmdlIOODl+ODreODhuOCr+OCt+ODp+ODsyDjgqrjg6zjg7Pjgrgg6ZW35YKYIOODrOODh+OCo+ODvOOCuSDjgYvjgZUgRlVMVE9OIOODl+ODrOOCvOODs+ODiCDjgq7jg5Xjg4g=,6Iux5Zu9546L5a6k5b6h55So6YGUIOOAkOmAgeaWmeeEoeaWmeOAkSDlgpgg5qmZICDjgILjg5Xjg6vjg4jjg7MgRnVsdG9uIOWCmCDjg5Djg7zjg4njgrHjg7zjgrggU2hlJ3MgVVYgQ2l0eSBPcmFuZ2Ug44OX44Ot44OG44Kv44K344On44OzIOOCquODrOODs+OCuCDplbflgpgg44Os44OH44Kj44O844K5IOOBi+OBlSBGVUxUT04g44OX44Os44K844Oz44OIIOOCruODleODiA==[rn]
15-197376,aHR0cDovL3RzaG9wLnIxMHMuanAvY2xvemVzdC9jYWJpbmV0LzAxMzgxOTcyL2Z1bHRvbmVsbGFqb3VsZXMvZnVsdG9ubDc4M3llbGxvd2QuanBnP2ZpdGluPTcwMDo3MDA=,NDMyMC4wMDAw,,44OQ44OD44Kw44O75bCP54mp44O744OW44Op44Oz44OJ6ZuR6LKoID4g5YKYID4g44Os44OH44Kj44O844K56Zuo5YKY,44OV44Or44OI44OzIEZ1bHRvbiDlgpgg44OQ44O844OJ44Kx44O844K4IFNoZSdzIFVWIENpcmNsZSBZZWxsb3cg44OX44Ot44OG44Kv44K344On44OzIOOCpOOCqOODreODvCDplbflgpgg44Os44OH44Kj44O844K5IOOBi+OBlSBGVUxUT04g44OX44Os44K844Oz44OIIOOCruODleODiA==,,44Ku44OV44OI5YyF6KOF54Sh5paZ44Gn44GZIDxicj48YnI+PGNlbnRlcj4KPGltZyB3aWR0aD0iMTAwJSIgYm9yZGVyPSIwInNyYz0iaHR0cDovL2ltYWdlLnJha3V0ZW4uY28uanAvY2xvemVzdC9jYWJpbmV0LzAxMzgxOTcyL2Z1bHRvbmVsbGFqb3VsZXMvZnVsdG9udHViZS5qcGciPgo8YnI+CjxpbWcgd2lkdGg9IjEwMCUiIGJvcmRlcj0iMCJzcmM9Imh0dHA6Ly9pbWFnZS5yYWt1dGVuLmNvLmpwL2Nsb3plc3QvY2FiaW5ldC8wMTM4MTk3Mi9mdWx0b25lbGxham91bGVzL2Z1bHRvbmw3ODN5ZWxsb3dlZS5qcGciPgo8YnI+CjxpbWcgd2lkdGg9IjEwMCUiIGJvcmRlcj0iMCJzcmM9Imh0dHA6Ly9pbWFnZS5yYWt1dGVuLmNvLmpwL2Nsb3plc3QvY2FiaW5ldC8wMTM4MTk3Mi9mdWx0b25lbGxham91bGVzL2Z1bHRvbmw3ODN5ZWxsb3dmLmpwZyI+Cjxicj4KPGJyPkZ1bHRvbiDjg5Xjg6vjg4jjg7Pjga7jg5Djg7zjg4njgrHjg7zjgrggCjxicj5VVuODl+ODreODhuOCr+OCt+ODp+ODs+ODouODh+ODq+OBp+OBmeOAggo8YnI+Cjxicj50aGUgUXVlZW4g44Ko44Oq44K244OZ44K5MuS4luWls+eOi+mZm+S4i+OBqwo8YnI+44GU5L2/55So44GE44Gf44Gg44GE44Gm44GE44KL44OQ44O844OJ44Kx44O844K444GrCjxicj5VVuOCq+ODg+ODiOWKoOW3pSjntKvlpJbnt5rlr77nrZYp44GM5pa944GV44KM44GfCjxicj7ml6XmnKzkurrjga7jgrXjgqTjgrrjgavlkIjjgo/jgZvjgZ/nibnliKXjg6Ljg4fjg6vjgajjgarjgaPjgabjgYrjgorjgb7jgZnjgIIKPGJyPgo8YnI+6bOl44GL44GU44KS44Oi44OB44O844OV44Go44GX44Gf5L2c44KK44GM6Zuo44Gq44Gp44Gn6IKp5ZGo44KK44GM5r+h44KM44Gr44GP44GP5qmf6IO95oCn5oqc576k44CCCjxicj7lkajjgorjgYzopovmuKHjgZfjgoTjgZnjgYTpgI/mmI7jgarjgq3jg6Pjg47jg5Tjg7zjgavjgqTjgqjjg63jg7zjga7nuIHlj5bjgorjgYzjgqLjgq/jgrvjg7Pjg4jjgavjgIIKPGJyPgo8YnI+6ZaL6ZaJ44Gk44G+44G/44Gv5LiK44Gr5oyB44Gh5LiK44GS44KL44Gg44GR44Gq44Gu44GnCjxicj7nsKHljZjjgrnjg6Djg7zjgrnjgafjgajjgabjgoLkvr/liKnjgafjgZnjgIIKPGJyPuW8t+miqOOBq+OCguW8t+OBhOeJueauiuOBque0oOadkOOCkuS9v+eUqOOBl+OBpuOBiuOCiuOBvuOBmeOAggo8YnI+KuaMh+OBr+OBleOBv+mYsuatouOBruOBn+OCgeODreODg+OCr+OBjOeUmOOBhOWgtOWQiOOBjOOBlOOBluOBhOOBvuOBmeOAggo8YnI+5YKY44KS6ZaJ44GY44Gm44KL6Zqb44Gv44OZ44Or44OI44KS57eg44KB44Gm44GU5L2/55So5LiL44GV44GE44CCCjxicj7jgb7jgZ/jgIHjgY/jgaPjgaTjgY3pmLLmraLjga7jgZ/jgoHjga7nsonjgYzloZfluIPjgZXjgozjgabjgYrjgorjgb7jgZnjgIIKPGJyPgoKPGJyPuWVhuWTgeWQjTpmdWx0b25sNzgzCjxicj4KPGJyPuOCq+ODqeODvDpDaXJjbGUgWWVsbG93Cjxicj4KPGJyPue0oOadkDpQVkMgMTAwJQo8YnI+Cjxicj7jgrXjgqTjgro6Cjxicj7lhajplbcgODdjbQo8YnI+55u05b6EOjc1Y20KPGJyPua3seOBlTo0NWNtCjxicj7ph43ph486NTI1Zwo8YnI+CuOAkOWFqOWbveS4gOW+i+mAgeaWmeeEoeaWmeOAkQo8L2NlbnRlcj4KPGNlbnRlcj4KPGJyPgpCaXJkIENhZ2Ug5LiA6Kan44Gv44GT44Gh44KJ77yBPGJyPgo8YnI+CuODrOODh+OCo+ODvOOCuSDjgrnjgr/jg7Pjg4Djg7zjg4nlgpgg5LiA6Kan44Gv44GT44Gh44KJ77yBPGJyPgo8YnI+PGJyPiAKRlVMVE9O5LiA6Kan44Gv44GT44Gh44KJ77yBCjwvY2VudGVyPg==,44OV44Or44OI44OzIEZ1bHRvbiDlgpgg44OQ44O844OJ44Kx44O844K4IFNoZSdzIFVWIENpcmNsZSBZZWxsb3cg44OX44Ot44OG44Kv44K344On44OzIOOCpOOCqOODreODvCDplbflgpgg44Os44OH44Kj44O844K5IOOBi+OBlSBGVUxUT04g44OX44Os44K844Oz44OIIOOCruODleODiO+8mkNMT1pFU1Qg44Oi44OD44K644Oh44Oz44K644Os44OH44Kj44O844K5,6YCa5L+h6LKp5aOy6YCa6LKp44K344On44OD44OU44Oz44Kw44Kq44Oz44Op44Kk44Oz44K344On44OD44OU44Oz44Kw6LK344GE54mp44OX44Os44K844Oz44OI44Ku44OV44OI6LSI44KK54mp6LSI562U5ZOB44GK5Lit5YWD44GK5q2z5pqu44GK6LK344GE5b6X44OV44Os44OD44OJ44Oa44Oq44O8RnJlZCBQZXJyeUJlbiBTaGVybWFu44OZ44Oz44K344Oj44O844Oe44Oz44Oh44Or44KvbWVyY+ODleODq+ODiOODs0Z1bHRvbuODreODvOOCr0xvYWtl44K444On44Oz44K544OI44Oz44K644Oi44OD44K644OV44Kh44OD44K344On44Oz44OE44Kk44O844OJ44Of44Or44Oi44OD44K65YKY44Os44OH44Kj44O844K544Oh44Oz44K66YCa6LKp44OQ44Op44Kv44O844K/44OQ44OW44Ki44O844OV44Or44OI44OzIEZ1bHRvbiDlgpgg44OQ44O844OJ44Kx44O844K4IFNoZSdzIFVWIENpcmNsZSBZZWxsb3cg44OX44Ot44OG44Kv44K344On44OzIOOCpOOCqOODreODvCDplbflgpgg44Os44OH44Kj44O844K5IOOBi+OBlSBGVUxUT04g44OX44Os44K844Oz44OIIOOCruODleODiA==,6Iux5Zu9546L5a6k5b6h55So6YGUIOOAkOmAgeaWmeeEoeaWmeOAkSDlgpgg6buEICDjgILjg5Xjg6vjg4jjg7MgRnVsdG9uIOWCmCDjg5Djg7zjg4njgrHjg7zjgrggU2hlJ3MgVVYgQ2lyY2xlIFllbGxvdyDjg5fjg63jg4bjgq/jgrfjg6fjg7Mg44Kk44Ko44Ot44O8IOmVt+WCmCDjg6zjg4fjgqPjg7zjgrkg44GL44GVIEZVTFRPTiDjg5fjg6zjgrzjg7Pjg4gg44Ku44OV44OI[rn]
15-197377,aHR0cDovL3RzaG9wLnIxMHMuanAvY2xvemVzdC9jYWJpbmV0LzAxMzgxOTcyL2Z1bHRvbmVsbGFqb3VsZXMvZnVsdG9ubDc4M2Jyb3duZC5qcGc/Zml0aW49NzAwOjcwMA==,NDMyMC4wMDAw,,44OQ44OD44Kw44O75bCP54mp44O744OW44Op44Oz44OJ6ZuR6LKoID4g5YKYID4g44Os44OH44Kj44O844K56Zuo5YKY,44OV44Or44OI44OzIEZ1bHRvbiDlgpgg44OQ44O844OJ44Kx44O844K4IFNoZSdzIFVWIEJha2VybG9vIEJyb3duIOODl+ODreODhuOCr+OCt+ODp+ODsyDjg5bjg6njgqbjg7Mg6ZW35YKYIOODrOODh+OCo+ODvOOCuSDjgYvjgZUgRlVMVE9OIOODl+ODrOOCvOODs+ODiCDjgq7jg5Xjg4g=,,44Ku44OV44OI5YyF6KOF54Sh5paZ44Gn44GZIDxicj48YnI+PGNlbnRlcj4KPGltZyB3aWR0aD0iMTAwJSIgYm9yZGVyPSIwInNyYz0iaHR0cDovL2ltYWdlLnJha3V0ZW4uY28uanAvY2xvemVzdC9jYWJpbmV0LzAxMzgxOTcyL2Z1bHRvbmVsbGFqb3VsZXMvZnVsdG9udHViZS5qcGciPgo8YnI+CjxpbWcgd2lkdGg9IjEwMCUiIGJvcmRlcj0iMCJzcmM9Imh0dHA6Ly9pbWFnZS5yYWt1dGVuLmNvLmpwL2Nsb3plc3QvY2FiaW5ldC8wMTM4MTk3Mi9mdWx0b25lbGxham91bGVzL2Z1bHRvbmw3ODNicm93bmVlLmpwZyI+Cjxicj4KPGltZyB3aWR0aD0iMTAwJSIgYm9yZGVyPSIwInNyYz0iaHR0cDovL2ltYWdlLnJha3V0ZW4uY28uanAvY2xvemVzdC9jYWJpbmV0LzAxMzgxOTcyL2Z1bHRvbmVsbGFqb3VsZXMvZnVsdG9ubDc4M2Jyb3duZmYuanBnIj4KPGJyPgo8YnI+RnVsdG9uIOODleODq+ODiOODs+OBruODkOODvOODieOCseODvOOCuCAKPGJyPlVW44OX44Ot44OG44Kv44K344On44Oz44Oi44OH44Or44Gn44GZ44CCCjxicj4KPGJyPnRoZSBRdWVlbiDjgqjjg6rjgrbjg5njgrky5LiW5aWz546L6Zmb5LiL44GrCjxicj7jgZTkvb/nlKjjgYTjgZ/jgaDjgYTjgabjgYTjgovjg5Djg7zjg4njgrHjg7zjgrjjgasKPGJyPlVW44Kr44OD44OI5Yqg5belKOe0q+Wklue3muWvvuetlinjgYzmlr3jgZXjgozjgZ8KPGJyPuaXpeacrOS6uuOBruOCteOCpOOCuuOBq+WQiOOCj+OBm+OBn+eJueWIpeODouODh+ODq+OBqOOBquOBo+OBpuOBiuOCiuOBvuOBmeOAggo8YnI+Cjxicj7ps6XjgYvjgZTjgpLjg6Ljg4Hjg7zjg5XjgajjgZfjgZ/kvZzjgorjgYzpm6jjgarjganjgafogqnlkajjgorjgYzmv6HjgozjgavjgY/jgY/mqZ/og73mgKfmipznvqTjgIIKPGJyPuWRqOOCiuOBjOimi+a4oeOBl+OChOOBmeOBhOmAj+aYjuOBquOCreODo+ODjuODlOODvOOBq+ODluODqeOCpuODs+OBrue4geWPluOCiuOBjOOCouOCr+OCu+ODs+ODiOOBq+OAggo8YnI+Cjxicj7plovplonjgaTjgb7jgb/jga/kuIrjgavmjIHjgaHkuIrjgZLjgovjgaDjgZHjgarjga7jgacKPGJyPuewoeWNmOOCueODoOODvOOCueOBp+OBqOOBpuOCguS+v+WIqeOBp+OBmeOAggo8YnI+5by36aKo44Gr44KC5by344GE54m55q6K44Gq57Sg5p2Q44KS5L2/55So44GX44Gm44GK44KK44G+44GZ44CCCjxicj4q5oyH44Gv44GV44G/6Ziy5q2i44Gu44Gf44KB44Ot44OD44Kv44GM55SY44GE5aC05ZCI44GM44GU44GW44GE44G+44GZ44CCCjxicj7lgpjjgpLplonjgZjjgabjgovpmpvjga/jg5njg6vjg4jjgpLnt6DjgoHjgabjgZTkvb/nlKjkuIvjgZXjgYTjgIIKPGJyPuOBvuOBn+OAgeOBj+OBo+OBpOOBjemYsuatouOBruOBn+OCgeOBrueyieOBjOWhl+W4g+OBleOCjOOBpuOBiuOCiuOBvuOBmeOAggo8YnI+Cgo8YnI+5ZWG5ZOB5ZCNOmZ1bHRvbmw3ODMKPGJyPgo8YnI+44Kr44Op44O8OkJha2VybG9vIEJyb3duCjxicj4KPGJyPue0oOadkDpQVkMgMTAwJQo8YnI+Cjxicj7jgrXjgqTjgroKPGJyPuWFqOmVtyA4N2NtCjxicj7nm7TlvoQ6NzVjbQo8YnI+5rex44GVOjQ1Y20KPGJyPumHjemHjzo1MjVnCjxicj4K44CQ5YWo5Zu95LiA5b6L6YCB5paZ54Sh5paZ44CRCjwvY2VudGVyPgo8Y2VudGVyPgo8YnI+CkJpcmQgQ2FnZSDkuIDopqfjga/jgZPjgaHjgonvvIE8YnI+Cjxicj4K44Os44OH44Kj44O844K5IOOCueOCv+ODs+ODgOODvOODieWCmCDkuIDopqfjga/jgZPjgaHjgonvvIE8YnI+Cjxicj48YnI+IApGVUxUT07kuIDopqfjga/jgZPjgaHjgonvvIEKPC9jZW50ZXI+,44OV44Or44OI44OzIEZ1bHRvbiDlgpgg44OQ44O844OJ44Kx44O844K4IFNoZSdzIFVWIEJha2VybG9vIEJyb3duIOODl+ODreODhuOCr+OCt+ODp+ODsyDjg5bjg6njgqbjg7Mg6ZW35YKYIOODrOODh+OCo+ODvOOCuSDjgYvjgZUgRlVMVE9OIOODl+ODrOOCvOODs+ODiCDjgq7jg5Xjg4jvvJpDTE9aRVNUIOODouODg+OCuuODoeODs+OCuuODrOODh+OCo+ODvOOCuQ==,6YCa5L+h6LKp5aOy6YCa6LKp44K344On44OD44OU44Oz44Kw44Kq44Oz44Op44Kk44Oz44K344On44OD44OU44Oz44Kw6LK344GE54mp44OX44Os44K844Oz44OI44Ku44OV44OI6LSI44KK54mp6LSI562U5ZOB44GK5Lit5YWD44GK5q2z5pqu44GK6LK344GE5b6X44OV44Os44OD44OJ44Oa44Oq44O8RnJlZCBQZXJyeUJlbiBTaGVybWFu44OZ44Oz44K344Oj44O844Oe44Oz44Oh44Or44KvbWVyY+ODleODq+ODiOODs0Z1bHRvbuODreODvOOCr0xvYWtl44K444On44Oz44K544OI44Oz44K644Oi44OD44K644OV44Kh44OD44K344On44Oz44OE44Kk44O844OJ44Of44Or44Oi44OD44K65YKY44Os44OH44Kj44O844K544Oh44Oz44K66YCa6LKp44OQ44Op44Kv44O844K/44OQ44OW44Ki44O844OV44Or44OI44OzIEZ1bHRvbiDlgpgg44OQ44O844OJ44Kx44O844K4IFNoZSdzIFVWIEJha2VybG9vIEJyb3duIOODl+ODreODhuOCr+OCt+ODp+ODsyDjg5bjg6njgqbjg7Mg6ZW35YKYIOODrOODh+OCo+ODvOOCuSDjgYvjgZUgRlVMVE9OIOODl+ODrOOCvOODs+ODiCDjgq7jg5Xjg4g=,6Iux5Zu9546L5a6k5b6h55So6YGUIOOAkOmAgeaWmeeEoeaWmeOAkSDlgpgg6Iy26ImyICDjgILjg5Xjg6vjg4jjg7MgRnVsdG9uIOWCmCDjg5Djg7zjg4njgrHjg7zjgrggU2hlJ3MgVVYgQmFrZXJsb28gQnJvd24g44OX44Ot44OG44Kv44K344On44OzIOODluODqeOCpuODsyDplbflgpgg44Os44OH44Kj44O844K5IOOBi+OBlSBGVUxUT04g44OX44Os44K844Oz44OIIOOCruODleODiA==[rn]
15-197378,aHR0cDovL3RzaG9wLnIxMHMuanAvY2xvemVzdC9jYWJpbmV0LzAxMzgxOTcyL2Z1bHRvbmVsbGFqb3VsZXMvZnVsdG9ubDc4M3B1cnBsZWQuanBnP2ZpdGluPTcwMDo3MDA=,NDMyMC4wMDAw,,44OQ44OD44Kw44O75bCP54mp44O744OW44Op44Oz44OJ6ZuR6LKoID4g5YKYID4g44Os44OH44Kj44O844K56Zuo5YKY,44OV44Or44OI44OzIEZ1bHRvbiDlgpgg44OQ44O844OJ44Kx44O844K4IFNoZSdzIFVWIE1ldHJvcG9saXRhbiBQdXJwbGUg44OX44Ot44OG44Kv44K344On44OzIOODkeODvOODl+ODqyDplbflgpgg44Os44OH44Kj44O844K5IOOBi+OBlSBGVUxUT04g44OX44Os44K844Oz44OIIOOCruODleODiA==,,44Ku44OV44OI5YyF6KOF54Sh5paZ44Gn44GZIDxicj48YnI+PGNlbnRlcj4KPGltZyB3aWR0aD0iMTAwJSIgYm9yZGVyPSIwInNyYz0iaHR0cDovL2ltYWdlLnJha3V0ZW4uY28uanAvY2xvemVzdC9jYWJpbmV0LzAxMzgxOTcyL2Z1bHRvbmVsbGFqb3VsZXMvZnVsdG9udHViZS5qcGciPgo8YnI+CjxpbWcgd2lkdGg9IjEwMCUiIGJvcmRlcj0iMCJzcmM9Imh0dHA6Ly9pbWFnZS5yYWt1dGVuLmNvLmpwL2Nsb3plc3QvY2FiaW5ldC8wMTM4MTk3Mi9mdWx0b25lbGxham91bGVzL2Z1bHRvbmw3ODNscHVycGxlZWUuanBnIj4KPGJyPgo8aW1nIHdpZHRoPSIxMDAlIiBib3JkZXI9IjAic3JjPSJodHRwOi8vaW1hZ2UucmFrdXRlbi5jby5qcC9jbG96ZXN0L2NhYmluZXQvMDEzODE5NzIvZnVsdG9uZWxsYWpvdWxlcy9mdWx0b25sNzgzcHVycGxlZmYuanBnIj4KPGJyPgo8YnI+RnVsdG9uIOODleODq+ODiOODs+OBruODkOODvOODieOCseODvOOCuCAKPGJyPlVW44OX44Ot44OG44Kv44K344On44Oz44Oi44OH44Or44Gn44GZ44CCCjxicj4KPGJyPnRoZSBRdWVlbiDjgqjjg6rjgrbjg5njgrky5LiW5aWz546L6Zmb5LiL44GrCjxicj7jgZTkvb/nlKjjgYTjgZ/jgaDjgYTjgabjgYTjgovjg5Djg7zjg4njgrHjg7zjgrjjgasKPGJyPlVW44Kr44OD44OI5Yqg5belKOe0q+Wklue3muWvvuetlinjgYzmlr3jgZXjgozjgZ8KPGJyPuaXpeacrOS6uuOBruOCteOCpOOCuuOBq+WQiOOCj+OBm+OBn+eJueWIpeODouODh+ODq+OBqOOBquOBo+OBpuOBiuOCiuOBvuOBmeOAggo8YnI+Cjxicj7ps6XjgYvjgZTjgpLjg6Ljg4Hjg7zjg5XjgajjgZfjgZ/kvZzjgorjgYzpm6jjgarjganjgafogqnlkajjgorjgYzmv6HjgozjgavjgY/jgY/mqZ/og73mgKfmipznvqTjgIIKPGJyPuWRqOOCiuOBjOimi+a4oeOBl+OChOOBmeOBhOmAj+aYjuOBquOCreODo+ODjuODlOODvOOBq+ODkeODvOODl+ODq+OBrue4geWPluOCiuOBjOOCouOCr+OCu+ODs+ODiOOBq+OAggo8YnI+Cjxicj7plovplonjgaTjgb7jgb/jga/kuIrjgavmjIHjgaHkuIrjgZLjgovjgaDjgZHjgarjga7jgacKPGJyPuewoeWNmOOCueODoOODvOOCueOBp+OBqOOBpuOCguS+v+WIqeOBp+OBmeOAggo8YnI+5by36aKo44Gr44KC5by344GE54m55q6K44Gq57Sg5p2Q44KS5L2/55So44GX44Gm44GK44KK44G+44GZ44CCCjxicj4q5oyH44Gv44GV44G/6Ziy5q2i44Gu44Gf44KB44Ot44OD44Kv44GM55SY44GE5aC05ZCI44GM44GU44GW44GE44G+44GZ44CCCjxicj7lgpjjgpLplonjgZjjgabjgovpmpvjga/jg5njg6vjg4jjgpLnt6DjgoHjgabjgZTkvb/nlKjkuIvjgZXjgYTjgIIKPGJyPuOBvuOBn+OAgeOBj+OBo+OBpOOBjemYsuatouOBruOBn+OCgeOBrueyieOBjOWhl+W4g+OBleOCjOOBpuOBiuOCiuOBvuOBmeOAggo8YnI+Cgo8YnI+5ZWG5ZOB5ZCNOmZ1bHRvbmw3ODMKPGJyPgo8YnI+44Kr44Op44O8Ok1ldHJvcG9saXRhbiBQdXJwbGUKPGJyPgo8YnI+57Sg5p2QOlBWQyAxMDAlCjxicj4KPGJyPuOCteOCpOOCujoKPGJyPuWFqOmVtyA4N2NtCjxicj7nm7TlvoQ6NzVjbQo8YnI+5rex44GVOjQ1Y20KPGJyPumHjemHjzo1MjVnCjxicj4K44CQ5YWo5Zu95LiA5b6L6YCB5paZ54Sh5paZ44CRCjwvY2VudGVyPgo8Y2VudGVyPgo8YnI+CkJpcmQgQ2FnZSDkuIDopqfjga/jgZPjgaHjgonvvIE8YnI+Cjxicj4K44Os44OH44Kj44O844K5IOOCueOCv+ODs+ODgOODvOODieWCmCDkuIDopqfjga/jgZPjgaHjgonvvIE8YnI+Cjxicj48YnI+IApGVUxUT07kuIDopqfjga/jgZPjgaHjgonvvIEKPC9jZW50ZXI+,44OV44Or44OI44OzIEZ1bHRvbiDlgpgg44OQ44O844OJ44Kx44O844K4IFNoZSdzIFVWIE1ldHJvcG9saXRhbiBQdXJwbGUg44OX44Ot44OG44Kv44K344On44OzIOODkeODvOODl+ODqyDplbflgpgg44Os44OH44Kj44O844K5IOOBi+OBlSBGVUxUT04g44OX44Os44K844Oz44OIIOOCruODleODiO+8mkNMT1pFU1Qg44Oi44OD44K644Oh44Oz44K644Os44OH44Kj44O844K5,6YCa5L+h6LKp5aOy6YCa6LKp44K344On44OD44OU44Oz44Kw44Kq44Oz44Op44Kk44Oz44K344On44OD44OU44Oz44Kw6LK344GE54mp44OX44Os44K844Oz44OI44Ku44OV44OI6LSI44KK54mp6LSI562U5ZOB44GK5Lit5YWD44GK5q2z5pqu44GK6LK344GE5b6X44OV44Os44OD44OJ44Oa44Oq44O8RnJlZCBQZXJyeUJlbiBTaGVybWFu44OZ44Oz44K344Oj44O844Oe44Oz44Oh44Or44KvbWVyY+ODleODq+ODiOODs0Z1bHRvbuODreODvOOCr0xvYWtl44K444On44Oz44K544OI44Oz44K644Oi44OD44K644OV44Kh44OD44K344On44Oz44OE44Kk44O844OJ44Of44Or44Oi44OD44K65YKY44Os44OH44Kj44O844K544Oh44Oz44K66YCa6LKp44OQ44Op44Kv44O844K/44OQ44OW44Ki44O844OV44Or44OI44OzIEZ1bHRvbiDlgpgg44OQ44O844OJ44Kx44O844K4IFNoZSdzIFVWIE1ldHJvcG9saXRhbiBQdXJwbGUg44OX44Ot44OG44Kv44K344On44OzIOODkeODvOODl+ODqyDplbflgpgg44Os44OH44Kj44O844K5IOOBi+OBlSBGVUxUT04g44OX44Os44K844Oz44OIIOOCruODleODiA==,6Iux5Zu9546L5a6k5b6h55So6YGUIOOAkOmAgeaWmeeEoeaWmeOAkSDlgpgg57SrICDjgILjg5Xjg6vjg4jjg7MgRnVsdG9uIOWCmCDjg5Djg7zjg4njgrHjg7zjgrggU2hlJ3MgVVYgTWV0cm9wb2xpdGFuIFB1cnBsZSDjg5fjg63jg4bjgq/jgrfjg6fjg7Mg44OR44O844OX44OrIOmVt+WCmCDjg6zjg4fjgqPjg7zjgrkg44GL44GVIEZVTFRPTiDjg5fjg6zjgrzjg7Pjg4gg44Ku44OV44OI[rn]
15-197379,aHR0cDovL3RzaG9wLnIxMHMuanAvY2xvemVzdC9jYWJpbmV0LzAxMzgxOTcyL2Z1bHRvbmVsbGFqb3VsZXMvZnVsdG9ubDc4M2dyZWVuZC5qcGc/Zml0aW49NzAwOjcwMA==,NDMyMC4wMDAw,,44OQ44OD44Kw44O75bCP54mp44O744OW44Op44Oz44OJ6ZuR6LKoID4g5YKYID4g44Os44OH44Kj44O844K56Zuo5YKY,44OV44Or44OI44OzIEZ1bHRvbiDlgpgg44OQ44O844OJ44Kx44O844K4IFNoZSdzIFVWIERpc3RyaWN0IEdyZWVuIOODl+ODreODhuOCr+OCt+ODp+ODsyDjgrDjg6rjg7zjg7Mg6ZW35YKYIOODrOODh+OCo+ODvOOCuSDjgYvjgZUgRlVMVE9OIOODl+ODrOOCvOODs+ODiCDjgq7jg5Xjg4g=,,44Ku44OV44OI5YyF6KOF54Sh5paZ44Gn44GZIDxicj48YnI+PGNlbnRlcj4KPGltZyB3aWR0aD0iMTAwJSIgYm9yZGVyPSIwInNyYz0iaHR0cDovL2ltYWdlLnJha3V0ZW4uY28uanAvY2xvemVzdC9jYWJpbmV0LzAxMzgxOTcyL2Z1bHRvbmVsbGFqb3VsZXMvZnVsdG9udHViZS5qcGciPgo8YnI+CjxpbWcgd2lkdGg9IjEwMCUiIGJvcmRlcj0iMCJzcmM9Imh0dHA6Ly9pbWFnZS5yYWt1dGVuLmNvLmpwL2Nsb3plc3QvY2FiaW5ldC8wMTM4MTk3Mi9mdWx0b25lbGxham91bGVzL2Z1bHRvbmw3ODNsZ3JlZW5lZS5qcGciPgo8YnI+CjxpbWcgd2lkdGg9IjEwMCUiIGJvcmRlcj0iMCJzcmM9Imh0dHA6Ly9pbWFnZS5yYWt1dGVuLmNvLmpwL2Nsb3plc3QvY2FiaW5ldC8wMTM4MTk3Mi9mdWx0b25lbGxham91bGVzL2Z1bHRvbmw3ODNncmVlbmZmLmpwZyI+Cjxicj4KPGJyPkZ1bHRvbiDjg5Xjg6vjg4jjg7Pjga7jg5Djg7zjg4njgrHjg7zjgrggCjxicj5VVuODl+ODreODhuOCr+OCt+ODp+ODs+ODouODh+ODq+OBp+OBmeOAggo8YnI+Cjxicj50aGUgUXVlZW4g44Ko44Oq44K244OZ44K5MuS4luWls+eOi+mZm+S4i+OBqwo8YnI+44GU5L2/55So44GE44Gf44Gg44GE44Gm44GE44KL44OQ44O844OJ44Kx44O844K444GrCjxicj5VVuOCq+ODg+ODiOWKoOW3pSjntKvlpJbnt5rlr77nrZYp44GM5pa944GV44KM44GfCjxicj7ml6XmnKzkurrjga7jgrXjgqTjgrrjgavlkIjjgo/jgZvjgZ/nibnliKXjg6Ljg4fjg6vjgajjgarjgaPjgabjgYrjgorjgb7jgZnjgIIKPGJyPgo8YnI+6bOl44GL44GU44KS44Oi44OB44O844OV44Go44GX44Gf5L2c44KK44GM6Zuo44Gq44Gp44Gn6IKp5ZGo44KK44GM5r+h44KM44Gr44GP44GP5qmf6IO95oCn5oqc576k44CCCjxicj7lkajjgorjgYzopovmuKHjgZfjgoTjgZnjgYTpgI/mmI7jgarjgq3jg6Pjg47jg5Tjg7zjgavjgrDjg6rjg7zjg7Pjga7nuIHlj5bjgorjgYzjgqLjgq/jgrvjg7Pjg4jjgavjgIIKPGJyPgo8YnI+6ZaL6ZaJ44Gk44G+44G/44Gv5LiK44Gr5oyB44Gh5LiK44GS44KL44Gg44GR44Gq44Gu44GnCjxicj7nsKHljZjjgrnjg6Djg7zjgrnjgafjgajjgabjgoLkvr/liKnjgafjgZnjgIIKPGJyPuW8t+miqOOBq+OCguW8t+OBhOeJueauiuOBque0oOadkOOCkuS9v+eUqOOBl+OBpuOBiuOCiuOBvuOBmeOAggo8YnI+KuaMh+OBr+OBleOBv+mYsuatouOBruOBn+OCgeODreODg+OCr+OBjOeUmOOBhOWgtOWQiOOBjOOBlOOBluOBhOOBvuOBmeOAggo8YnI+5YKY44KS6ZaJ44GY44Gm44KL6Zqb44Gv44OZ44Or44OI44KS57eg44KB44Gm44GU5L2/55So5LiL44GV44GE44CCCjxicj7jgb7jgZ/jgIHjgY/jgaPjgaTjgY3pmLLmraLjga7jgZ/jgoHjga7nsonjgYzloZfluIPjgZXjgozjgabjgYrjgorjgb7jgZnjgIIKPGJyPgoKPGJyPuWVhuWTgeWQjTpmdWx0b25sNzgzCjxicj4KPGJyPuOCq+ODqeODvDpEaXN0cmljdCBHcmVlbgo8YnI+Cjxicj7ntKDmnZA6UFZDIDEwMCUKPGJyPgo8YnI+44K144Kk44K6Ogo8YnI+5YWo6ZW3IDg3Y20KPGJyPuebtOW+hDo3NWNtCjxicj7mt7HjgZU6NDVjbQo8YnI+6YeN6YePOjUyNWcKPGJyPgrjgJDlhajlm73kuIDlvovpgIHmlpnnhKHmlpnjgJEKPC9jZW50ZXI+CjxjZW50ZXI+Cjxicj4KQmlyZCBDYWdlIOS4gOimp+OBr+OBk+OBoeOCie+8gTxicj4KPGJyPgrjg6zjg4fjgqPjg7zjgrkg44K544K/44Oz44OA44O844OJ5YKYIOS4gOimp+OBr+OBk+OBoeOCie+8gTxicj4KPGJyPjxicj4gCkZVTFRPTuS4gOimp+OBr+OBk+OBoeOCie+8gQo8L2NlbnRlcj4=,44OV44Or44OI44OzIEZ1bHRvbiDlgpgg44OQ44O844OJ44Kx44O844K4IFNoZSdzIFVWIERpc3RyaWN0IEdyZWVuIOODl+ODreODhuOCr+OCt+ODp+ODsyDjgrDjg6rjg7zjg7Mg6ZW35YKYIOODrOODh+OCo+ODvOOCuSDjgYvjgZUgRlVMVE9OIOODl+ODrOOCvOODs+ODiCDjgq7jg5Xjg4jvvJpDTE9aRVNUIOODouODg+OCuuODoeODs+OCuuODrOODh+OCo+ODvOOCuQ==,6YCa5L+h6LKp5aOy6YCa6LKp44K344On44OD44OU44Oz44Kw44Kq44Oz44Op44Kk44Oz44K344On44OD44OU44Oz44Kw6LK344GE54mp44OX44Os44K844Oz44OI44Ku44OV44OI6LSI44KK54mp6LSI562U5ZOB44GK5Lit5YWD44GK5q2z5pqu44GK6LK344GE5b6X44OV44Os44OD44OJ44Oa44Oq44O8RnJlZCBQZXJyeUJlbiBTaGVybWFu44OZ44Oz44K344Oj44O844Oe44Oz44Oh44Or44KvbWVyY+ODleODq+ODiOODs0Z1bHRvbuODreODvOOCr0xvYWtl44K444On44Oz44K544OI44Oz44K644Oi44OD44K644OV44Kh44OD44K344On44Oz44OE44Kk44O844OJ44Of44Or44Oi44OD44K65YKY44Os44OH44Kj44O844K544Oh44Oz44K66YCa6LKp44OQ44Op44Kv44O844K/44OQ44OW44Ki44O844OV44Or44OI44OzIEZ1bHRvbiDlgpgg44OQ44O844OJ44Kx44O844K4IFNoZSdzIFVWIERpc3RyaWN0IEdyZWVuIOODl+ODreODhuOCr+OCt+ODp+ODsyDjgrDjg6rjg7zjg7Mg6ZW35YKYIOODrOODh+OCo+ODvOOCuSDjgYvjgZUgRlVMVE9OIOODl+ODrOOCvOODs+ODiCDjgq7jg5Xjg4g=,6Iux5Zu9546L5a6k5b6h55So6YGUIOOAkOmAgeaWmeeEoeaWmeOAkSDlgpgg57eRICDjgILjg5Xjg6vjg4jjg7MgRnVsdG9uIOWCmCDjg5Djg7zjg4njgrHjg7zjgrggU2hlJ3MgVVYgRGlzdHJpY3QgR3JlZW4g44OX44Ot44OG44Kv44K344On44OzIOOCsOODquODvOODsyDplbflgpgg44Os44OH44Kj44O844K5IOOBi+OBlSBGVUxUT04g44OX44Os44K844Oz44OIIOOCruODleODiA==[rn]
15-197380,aHR0cDovL3RzaG9wLnIxMHMuanAvY2xvemVzdC9jYWJpbmV0LzAxMzgxOTcyL2Z1bHRvbmVsbGFqb3VsZXMvZnVsdG9ubDc4NWluZGlnb2Zsb2QuanBnP2ZpdGluPTcwMDo3MDA=,NTE4NC4wMDAw,,44OQ44OD44Kw44O75bCP54mp44O744OW44Op44Oz44OJ6ZuR6LKoID4g5YKYID4g44Os44OH44Kj44O844K56Zuo5YKY,44OV44Or44OI44OzIOWCmCDplbflgpgg44Ki44Oz44OW44Os44OpIEtlbnNpbmd0b24gVVYgVVbjgqvjg4Pjg4gg5pel5YKYIOaZtOmbqOWFvOeUqCDjgqTjg7Pjg4fjgqPjgrTjg5Xjg63jg7zjg6njg6sgRlVMVE9OIOODrOODh+OCo+ODvOOCuSDjg5fjg6zjgrzjg7Pjg4gg44Ku44OV44OI,,44Ku44OV44OI5YyF6KOF54Sh5paZ44Gn44GZIDxicj48YnI+PGNlbnRlcj4KPGltZyB3aWR0aD0iMTAwJSIgYm9yZGVyPSIwInNyYz0iaHR0cDovL2ltYWdlLnJha3V0ZW4uY28uanAvY2xvemVzdC9jYWJpbmV0LzAxMzgxOTcyL2Z1bHRvbmVsbGFqb3VsZXMvZnVsdG9ubDc4NWluZGlnb2Zsb2UuanBnIj4KCjxpbWcgd2lkdGg9IjEwMCUiIGJvcmRlcj0iMCJzcmM9Imh0dHA6Ly9pbWFnZS5yYWt1dGVuLmNvLmpwL2Nsb3plc3QvY2FiaW5ldC8wMTM4MTk3Mi9mdWx0b25lbGxham91bGVzL2Z1bHRvbmw3ODVpbmRpZ29mbG9mLmpwZyI+Cjxicj4KPGJyPkZ1bHRvbiDjg5Xjg6vjg4jjg7Pjga7jgqLjg7Pjg5bjg6zjg6kKPGJyPiJLZW5zaW5ndG9uIuOBrlVW44OX44Ot44OG44Kv44K344On44Oz44Oi44OH44Or44Gn44GZ44CCCjxicj4KPGJyPumWi+OBj+OBqOebtOW+hDEwMGNt44Gr44KC44Gq44KL5aSn44GN44Gq5L2c44KK44CCCjxicj7pm6jjgavmv6HjgozjgavjgY/jgY/jgIHlvLfpoqjjgavjgoLlvLfjgYTjgafjgZnjgIIKPGJyPuOCreODo+ODjuODlOODvOOBq+OBr1VW44Kr44OD44OI5Yqg5belKOe0q+Wklue3muWvvuetlinjgpIKPGJyPuaWveOBl+OBpuOBhOOCi+OBruOBp+aXpeWCmOOBqOOBl+OBpuOBiuS9v+OBhOmgguOBkeOBvuOBmeOAggo8YnI+5rex44G/44Gu44GC44KL44Kk44Oz44OH44Kj44K044Kr44Op44O844Gr5LiK5ZOB44Gq6Iqx5p+E44GM44OH44K244Kk44Oz44CCCjxicj7jgqbjg4Pjg4noqr/jga7jg4/jg7Pjg4njg6vjgYzjgqLjgq/jgrvjg7Pjg4jjgavjgarjgaPjgabjgYrjgooKPGJyPumWieOBmOOBpuOBhOOCi+OBqOOBjeOAgeWCmOeri+OBpuOBq+aMv+OBl+OBpuOBhOOCi+OBqOOBjeOCggo8YnI+6I+v44KE44GL44GV44KS5ryU5Ye644GX44G+44GZ44CCCjxicj7pq5jntJrmhJ/muqLjgozjgovjg4fjgrbjgqTjg7PjgoTkvZzjgorjgYwKPGJyPuOCruODleODiOOBqOOBl+OBpuOCguOBiuOCueOCueODoeOBruOCouOCpOODhuODoOOBp+OBmeOAggo8YnI+Cjxicj7llYblk4HlkI06ZnVsdG9ubDc4NQo8YnI+Cjxicj7jg4fjgrbjgqTjg7M644Kk44Oz44OH44Kj44K044OV44Ot44O844Op44OrCjxicj4KPGJyPue0oOadkDrjg53jg6rjgqjjgrnjg4bjg6sgMTAwJQo8YnI+Cjxicj7nlbPjgpPjgaDnirbmhYs6ODkuNWNtCjxicj7plovjgYTjgZ/nirbmhYs655u05b6EMTAwY20KPGJyPumHjemHjzozODNnCjxicj4KPGJyPuOAkOWFqOWbveS4gOW+i+mAgeaWmeeEoeaWmeOAkQo8YnI+CjwvY2VudGVyPiAKPGNlbnRlcj4KPGJyPgrjg6zjg4fjgqPjg7zjgrkg44K544K/44Oz44OA44O844OJ5YKYIOS4gOimp+OBr+OBk+OBoeOCie+8gTxicj4KPGJyPgrjg5Xjg6vjg4jjg7MgRlVMVE9OIOWCmCDkuIDopqfjga/jgZPjgaHjgonvvIE8YnI+CjwvY2VudGVyPg==,44OV44Or44OI44OzIOWCmCDplbflgpgg44Ki44Oz44OW44Os44OpIEtlbnNpbmd0b24gVVYgVVbjgqvjg4Pjg4gg5pel5YKYIOaZtOmbqOWFvOeUqCDjgqTjg7Pjg4fjgqPjgrTjg5Xjg63jg7zjg6njg6sgRlVMVE9OIOODrOODh+OCo+ODvOOCuSDjg5fjg6zjgrzjg7Pjg4gg44Ku44OV44OI77yaQ0xPWkVTVCDjg6Ljg4Pjgrrjg6Hjg7Pjgrrjg6zjg4fjgqPjg7zjgrk=,6YCa5L+h6LKp5aOy6YCa6LKp44K344On44OD44OU44Oz44Kw44Kq44Oz44Op44Kk44Oz44K344On44OD44OU44Oz44Kw6LK344GE54mp44OX44Os44K844Oz44OI44Ku44OV44OI6LSI44KK54mp6LSI562U5ZOB44GK5Lit5YWD44GK5q2z5pqu44GK6LK344GE5b6X44OV44Os44OD44OJ44Oa44Oq44O8RnJlZCBQZXJyeUJlbiBTaGVybWFu44OZ44Oz44K344Oj44O844Oe44Oz44Oh44Or44KvbWVyY+ODleODq+ODiOODs0Z1bHRvbuODreODvOOCr0xvYWtl44K444On44Oz44K544OI44Oz44K644Oi44OD44K644OV44Kh44OD44K344On44Oz44OE44Kk44O844OJ44Of44Or44Oi44OD44K65YKY44Os44OH44Kj44O844K544Oh44Oz44K66YCa6LKp44OQ44Op44Kv44O844K/44OQ44OW44Ki44O844OV44Or44OI44OzIOWCmCDplbflgpgg44Ki44Oz44OW44Os44OpIEtlbnNpbmd0b24gVVYgVVbjgqvjg4Pjg4gg5pel5YKYIOaZtOmbqOWFvOeUqCDjgqTjg7Pjg4fjgqPjgrTjg5Xjg63jg7zjg6njg6sgRlVMVE9OIOODrOODh+OCo+ODvOOCuSDjg5fjg6zjgrzjg7Pjg4gg44Ku44OV44OI,RlVMVE9OIOODleODq+ODiOODsyDlgpggIOOAguODleODq+ODiOODsyDlgpgg6ZW35YKYIOOCouODs+ODluODrOODqSBLZW5zaW5ndG9uIFVWIFVW44Kr44OD44OIIOaXpeWCmCDmmbTpm6jlhbznlKgg44Kk44Oz44OH44Kj44K044OV44Ot44O844Op44OrIEZVTFRPTiDjg6zjg4fjgqPjg7zjgrkg44OX44Os44K844Oz44OIIOOCruODleODiA==[rn]
15-197381,aHR0cDovL3RzaG9wLnIxMHMuanAvY2xvemVzdC9jYWJpbmV0LzAxMzgxOTcyL2Z1bHRvbmVsbGFqb3VsZXMvZnVsdG9ubDc4NHBpbmtyb3Nlc2QuanBnP2ZpdGluPTcwMDo3MDA=,NDMyMC4wMDAw,,44OQ44OD44Kw44O75bCP54mp44O744OW44Op44Oz44OJ6ZuR6LKoID4g5YKYID4g44Os44OH44Kj44O844K56Zuo5YKY,44OV44Or44OI44OzIOWCmCDmipjjgorjgZ/jgZ/jgb/lgpgg44Ki44Oz44OW44Os44OpIE1pbmlsaXRlIFVW44Kr44OD44OIIOaXpeWCmCDmmbTpm6jlhbznlKgg44OU44Oz44Kv44Ot44O844K6IEZVTFRPTiDjg6zjg4fjgqPjg7zjgrkg44OX44Os44K844Oz44OIIOOCruODleODiA==,,44Ku44OV44OI5YyF6KOF54Sh5paZ44Gn44GZIDxicj48YnI+PGNlbnRlcj4KPGltZyB3aWR0aD0iMTAwJSIgYm9yZGVyPSIwInNyYz0iaHR0cDovL2ltYWdlLnJha3V0ZW4uY28uanAvY2xvemVzdC9jYWJpbmV0LzAxMzgxOTcyL2Z1bHRvbmVsbGFqb3VsZXMvZnVsdG9ubDc4NHBpbmtyb3Nlc2UuanBnIj4KCjxpbWcgd2lkdGg9IjEwMCUiIGJvcmRlcj0iMCJzcmM9Imh0dHA6Ly9pbWFnZS5yYWt1dGVuLmNvLmpwL2Nsb3plc3QvY2FiaW5ldC8wMTM4MTk3Mi9mdWx0b25lbGxham91bGVzL2Z1bHRvbmw3ODRwaW5rcm9zZXNmLmpwZyI+Cjxicj4KPGJyPkZ1bHRvbiDjg5Xjg6vjg4jjg7Pjga4KPGJyPuODleOCqeODvOODq+ODh+OCo+ODs+OCsOOCouODs+ODluODrOODqQo8YnI+Ik1pbmlsaXRlIuOBrlVW44OX44Ot44OG44Kv44K344On44Oz44Oi44OH44Or44Gn44GZ44CCCjxicj4KPGJyPuWPr+aEm+OCieOBl+OBj+OCguS4iuWTgeOBquODlOODs+OCr+ODreODvOOCuuODh+OCtuOCpOODs+OAggo8YnI+5a6J5YWo5oCn44KS6YeN6KaW44GX44Gf6aqo57WE44G/44KS5L2/55So44GX44Gm44GE44G+44GZ44CCCjxicj45M2Nt44Go6YCa5bi444Gu44Ki44Oz44OW44Os44Op6aGU6LKg44GR44GuCjxicj7jg6/jgqTjg4njgarjgq3jg6Pjg47jg5Tjg7zjgasKPGJyPlVW44Kr44OD44OI5Yqg5belKOe0q+Wklue3muWvvuetlinjgpLmlr3jgZfjgb7jgZfjgZ/jgIIKPGJyPuaXpeWCmOOBqOOBl+OBpuOCguOBiuS9v+OBhOmgguOBkeOCi+ODouODh+ODq+OBp+OBmeOAggo8YnI+Cjxicj7jg5Xjg6zjg7zjg6Djga/jgoLjgaHjgo3jgpPogJDkuYXmgKfjgavjgZPjgaDjgo/jgaPjgZ/ku5Xmp5jjgIIKPGJyPuOCquODvOODq+ODqeOCpuODs+ODieOBq+S9v+eUqOOBhOOBn+OBoOOBkeOBvuOBmeOAggo8YnI+5rG644GX44Gm5a6J44Gj44G944GP44Gq44KJ44Gq44GE44OX44Oq44Oz44OI44Gq44Gu44GnCjxicj7lsJHjgZfjg6rjg4Pjg4HjgarjgYrlh7rjgYvjgZHjgavjgoLjgqrjgrnjgrnjg6HjgafjgZnjgIIKPGJyPgo8YnI+6Ieq5YiG55So44Gv5Yu/6KuW44Gu44GT44Go44CB44OX44Os44K844Oz44OI44Gr44KCCjxicj7jgYrjgrnjgrnjg6Hjga7jgqLjgqTjg4bjg6DjgafjgZnjgIIKPGJyPgo8YnI+5ZWG5ZOB5ZCNOmZ1bHRvbmw3ODQKPGJyPgo8YnI+44OH44K244Kk44OzOuODlOODs+OCr+ODreODvOOCugo8YnI+Cjxicj7ntKDmnZA644Od44Oq44Ko44K544OG44OrIDEwMCUKPGJyPgo8YnI+55Wz44KT44Gg54q25oWLOjI1Y20KPGJyPumWi+OBhOOBn+eKtuaFizrnm7TlvoQ5NmNtCjxicj7ph43ph486MjM4Zwo8YnI+Cjxicj7jgJDlhajlm73kuIDlvovpgIHmlpnnhKHmlpnjgJEKPGJyPgo8L2NlbnRlcj4gCjxjZW50ZXI+Cjxicj4KTWluaWxpdGUg5LiA6Kan44Gv44GT44Gh44KJ77yBPGJyPgo8YnI+CuODrOODh+OCo+ODvOOCuSDmipjjgorjgZ/jgZ/jgb/lgpgg5LiA6Kan44Gv44GT44Gh44KJ77yBPGJyPgo8L2NlbnRlcj4=,44OV44Or44OI44OzIOWCmCDmipjjgorjgZ/jgZ/jgb/lgpgg44Ki44Oz44OW44Os44OpIE1pbmlsaXRlIFVW44Kr44OD44OIIOaXpeWCmCDmmbTpm6jlhbznlKgg44OU44Oz44Kv44Ot44O844K6IEZVTFRPTiDjg6zjg4fjgqPjg7zjgrkg44OX44Os44K844Oz44OIIOOCruODleODiO+8mkNMT1pFU1Qg44Oi44OD44K644Oh44Oz44K644Os44OH44Kj44O844K5,6YCa5L+h6LKp5aOy6YCa6LKp44K344On44OD44OU44Oz44Kw44Kq44Oz44Op44Kk44Oz44K344On44OD44OU44Oz44Kw6LK344GE54mp44OX44Os44K844Oz44OI44Ku44OV44OI6LSI44KK54mp6LSI562U5ZOB44GK5Lit5YWD44GK5q2z5pqu44GK6LK344GE5b6X44OV44Os44OD44OJ44Oa44Oq44O8RnJlZCBQZXJyeUJlbiBTaGVybWFu44OZ44Oz44K344Oj44O844Oe44Oz44Oh44Or44KvbWVyY+ODleODq+ODiOODs0Z1bHRvbuODreODvOOCr0xvYWtl44K444On44Oz44K544OI44Oz44K644Oi44OD44K644OV44Kh44OD44K344On44Oz44OE44Kk44O844OJ44Of44Or44Oi44OD44K65YKY44Os44OH44Kj44O844K544Oh44Oz44K66YCa6LKp44OQ44Op44Kv44O844K/44OQ44OW44Ki44O844OV44Or44OI44OzIOWCmCDmipjjgorjgZ/jgZ/jgb/lgpgg44Ki44Oz44OW44Os44OpIE1pbmlsaXRlIFVW44Kr44OD44OIIOaXpeWCmCDmmbTpm6jlhbznlKgg44OU44Oz44Kv44Ot44O844K6IEZVTFRPTiDjg6zjg4fjgqPjg7zjgrkg44OX44Os44K844Oz44OIIOOCruODleODiA==,RlVMVE9OIOODleODq+ODiOODsyDlgpggIOOAguODleODq+ODiOODsyDlgpgg5oqY44KK44Gf44Gf44G/5YKYIOOCouODs+ODluODrOODqSBNaW5pbGl0ZSBVVuOCq+ODg+ODiCDml6Xlgpgg5pm06Zuo5YW855SoIOODlOODs+OCr+ODreODvOOCuiBGVUxUT04g44Os44OH44Kj44O844K5IOODl+ODrOOCvOODs+ODiCDjgq7jg5Xjg4g=[rn]
15-197382,aHR0cDovL3RzaG9wLnIxMHMuanAvYnVycXVldGd1cm5pL2NhYmluZXQvcm9zZTkvaW1ncmMwMDcwMjI5NjY1LmpwZz9maXRpbj03MDA6NzAw,MjU5Mi4wMDAw,,44OQ44OD44Kw44O75bCP54mp44O744OW44Op44Oz44OJ6ZuR6LKoID4g5YKYID4g44Os44OH44Kj44O844K56Zuo5YKY,6Zuo5YKY44O76ZW35YKYIOWppuS6uuOAgOS4gOaemuW8teOCiuOCteODs+ODleODqeODr+ODvOmqqOOCuOODo+ODs+ODl+WCmCDjg5Tjg7Pjgq/jgq3jg6Pjg4Pjg4gg44Oq44Oc44Oz5p+EW+S7luWVhuWTgeOBqOOBruWQjOaiseOBjOWHuuadpeOBvuOBm+OCk11b44OX44Oq44Oz44K744K5L+OCouODs+ODluODrOODqS/lgpgv44GL44GVL+OCq+OCtS8xNuacrOmqqC/jgrXjg7Pjg5Xjg6njg6/jg7zpqqgv44Kt44Oj44OD44OIL+m7kueMqy9jYXQvcm9tYW50aWMvcHJpbmNlc3Nd44CQMDVQMjlBdWcxNuOAkQ==,,PGZvbnQgY29sb3I9IiNGRjAwRkYiPuKYhTwvZm9udD7pm6jjga7ml6XjgoLjgYrjgZfjgoPjgozjgarjgqLjg7Pjg5bjg6zjg6njgafjg4/jg4Pjg5Tjg7zjgarlpJblh7rjgpLjgYrmpb3jgZfjgb/kuIvjgZXjgYQ8YnI+Cjxmb250IGNvbG9yPSIjRkYwMEZGIj7imIU8L2ZvbnQ+MTbmnKzpqqjjgrXjg7Pjg5Xjg6njg6/jg7zpqqjkvb/nlKjjgafjgIHlhoXlgbTjgoLjgqrjgrfjg6Pjg6zjgafjgZnjgII8YnI+CuS4gOaemuW8teOCiuOBoOOBi+OCiembqOa8j+OCiuOBruW/g+mFjeOCkui7vea4m+OBl+OAgeS4gOaemuW8teOCiuOBoOOBi+OCieOBp+OBjeOCi+ODh+OCtuOCpOODs+aAp+OBruWCmOOBp+OBmeOAgjxicj4KPGZvbnQgY29sb3I9IiNGRjAwRkYiPuKYhTwvZm9udD7oqqDjgavnlLPjgZfoqLPlvqHluqfjgYTjgb7jgZvjgpPjgYznmbrpgIHjga/mrrXjg5zjg7zjg6vnrrHjgYzjgarjgYTjgZ/jgoHjg5fjg4Hjg5fjg4Hjgq/jg4Pjgrfjg6fjg7Pjgaflt7vjgYTjgabjga7nmbrpgIHjgavjgarjgorjgb7jgZnjga7jgafjgIHku5bjga7llYblk4Hjgajjga7lkIzmorHjgYzlh7rmnaXjgb7jgZvjgpPjga7jgafjgZTkuobmib/jgYrpoZjjgYToh7TjgZfjgb7jgZnjgII8YnI+Cu+8nOOCteOCpOOCuu+8njxicj4KPGZvbnQgY29sb3I9IiNGRjAwRkYiPuKYhTwvZm9udD7opqrpqqjjga7plbfjgZU2MGNt44CB5YWo6ZW3ODVjbeOAgeWCmOOBruebtOW+hDEwMGNt44CB6YeN44GV57SENTAwZwo8YnI+Cu+8nOadkOOAgOizqu+8njxicj4KPGZvbnQgY29sb3I9IiNGRjAwRkYiPuKYhTwvZm9udD7lgpjmnKzkvZPvvJrjg53jg6rjgqjjgrnjg4bjg6s8YnI+Cu+8nOeZuumAgeaWueazle+8njxicj48Zm9udCBjb2xvcj0iI0ZGMDBGRiI+4piFPC9mb250PuiqoOOBq+eUs+OBl+ios+W+oeW6p+OBhOOBvuOBm+OCk+OBjOeZuumAgeOBr+auteODnOODvOODq+euseOBjOOBquOBhOOBn+OCgeODl+ODgeODl+ODgeOCr+ODg+OCt+ODp+ODs+OBp+W3u+OBhOOBpuOBrueZuumAgeOBq+OBquOCiuOBvuOBmeOBruOBp+OAgeS7luOBruWVhuWTgeOBqOOBruWQjOaiseOBjOWHuuadpeOBvuOBm+OCk+OBruOBp+OBlOS6huaJv+OBiumhmOOBhOiHtOOBl+OBvuOBmeOAgjxicj4KPGZvbnQgY29sb3I9IiNGRjAwRkYiPuKYhTwvZm9udD7ku5bjga7llYblk4HjgajlkIzmmYLjgavjgZTms6jmlofpoILjgY3jgb7jgZfjgabjgoLvvJLku7bliKXjgIXjga7jgZTms6jmlofjgajjgZXjgZvjgabpoILjgY3jgb7jgZnjgII8YnI+,6Zuo5YKY44O76ZW35YKYIOWppuS6uuOAgOS4gOaemuW8teOCiuOCteODs+ODleODqeODr+ODvOmqqOOCuOODo+ODs+ODl+WCmCDjg5Tjg7Pjgq/jgq3jg6Pjg4Pjg4gg44Oq44Oc44Oz5p+EW+S7luWVhuWTgeOBqOOBruWQjOaiseOBjOWHuuadpeOBvuOBm+OCk11b44OX44Oq44Oz44K744K5L+OCouODs+ODluODrOODqS/lgpgv44GL44GVL+OCq+OCtS8xNuacrOmqqC/jgrXjg7Pjg5Xjg6njg6/jg7zpqqgv44Kt44Oj44OD44OIL+m7kueMqy9jYXQvcm9tYW50aWMvcHJpbmNlc3Nd44CQMDVQMjlBdWcxNuOAke+8muiWlOiWh+OBqOWkqeS9v+OBqOODrOODvOOCueOBruODluODvOOCseOCrOODq+ODiw==,6YCa5L+h6LKp5aOy6YCa6LKp44K344On44OD44OU44Oz44Kw44Kq44Oz44Op44Kk44Oz44K344On44OD44OU44Oz44Kw6LK344GE54mp44OX44Os44K844Oz44OI44Ku44OV44OI6LSI44KK54mp6LSI562U5ZOB44GK5Lit5YWD44GK5q2z5pqu44GK6LK344GE5b6X44OQ44Op5aSp5L2/44Os44O844K55ZKM5p+E44K/44Kq44Or44OW44O844Kx44Ks44Or44OL6aOf5Zmo44Gt44GO44Gj5bqr44Op44Oz44OX5pyJ55Sw54S844OP44Oz44Kr44OB44OI44O844K744Op44Og44Kv44Oq44K544Oe44K55rSL6aOf5Zmo44OV44Kn44Kk44Op44O844OQ44K544K744OD44OI44OQ44K544OB44Kn44Ki5rSX6Z2i5Zmo44OQ44K555So5ZOB6Zuo5YKY44O76ZW35YKYIOWppuS6uuOAgOS4gOaemuW8teOCiuOCteODs+ODleODqeODr+ODvOmqqOOCuOODo+ODs+ODl+WCmCDjg5Tjg7Pjgq/jgq3jg6Pjg4Pjg4gg44Oq44Oc44Oz5p+EW+S7luWVhuWTgeOBqOOBruWQjOaiseOBjOWHuuadpeOBvuOBm+OCk11b44OX44Oq44Oz44K744K5L+OCouODs+ODluODrOODqS/lgpgv44GL44GVL+OCq+OCtS8xNuacrOmqqC/jgrXjg7Pjg5Xjg6njg6/jg7zpqqgv44Kt44Oj44OD44OIL+m7kueMqy9jYXQvcm9tYW50aWMvcHJpbmNlc3Nd44CQMDVQMjlBdWcxNuOAkQ==,4piFMTbmnKzpqqjjgrXjg7Pjg5Xjg6njg6/jg7zpqqjkvb/nlKjjgafjgIHlhoXlgbTjgoLjgqrjgrfjg6Pjg6zjgafjgZkoXl7imarjgILpm6jlgpjjg7vplbflgpgg5amm5Lq644CA5LiA5p6a5by144KK44K144Oz44OV44Op44Ov44O86aqo44K444Oj44Oz44OX5YKYIOODlOODs+OCr+OCreODo+ODg+ODiCDjg6rjg5zjg7Pmn4Rb5LuW5ZWG5ZOB44Go44Gu5ZCM5qKx44GM5Ye65p2l44G+44Gb44KTXVvjg5fjg6rjg7Pjgrvjgrkv44Ki44Oz44OW44Os44OpL+WCmC/jgYvjgZUv44Kr44K1LzE25pys6aqoL+OCteODs+ODleODqeODr+ODvOmqqC/jgq3jg6Pjg4Pjg4gv6buS54yrL2NhdC9yb21hbnRpYy9wcmluY2Vzc13jgJAwNVAyOUF1ZzE244CR[rn]
15-197383,aHR0cDovL3RzaG9wLnIxMHMuanAvc2Fjcy1iYXIvY2FiaW5ldC9waW5rdHJpY2syL3B0LWtzMi5qcGc/Zml0aW49NzAwOjcwMA==,MTg0MC4wMDAw,,44OQ44OD44Kw44O75bCP54mp44O744OW44Op44Oz44OJ6ZuR6LKoID4g5YKYID4g44Os44OH44Kj44O844K56Zuo5YKY,44OU44Oz44Kv44OI44Oq44OD44KvIHBpbmsgdHJpY2sg5YKYIOOAkCDpm6jlgpgg5pel5YKYIOmVt+WCmCDmmbTpm6jlhbznlKggVVbjgqvjg4Pjg4gg44CR44CQ5Y2z5pel55m66YCB44CR,,PGltZyBzcmM9Imh0dHA6Ly9pbWFnZS5yYWt1dGVuLmNvLmpwL3NhY3MtYmFyL2NhYmluZXQvcGlua3RyaWNrMi9wdC1rczJfMi5qcGciIHdpZHRoPSIxMDAlIj48YnI+PGJyPjxpbWcgc3JjPSJodHRwOi8vaW1hZ2UucmFrdXRlbi5jby5qcC9zYWNzLWJhci9jYWJpbmV0L3Bpbmt0cmljazIvcHQta3MyXzMuanBnIiB3aWR0aD0iMTAwJSI+PGJyPjxicj48aW1nIHNyYz0iaHR0cDovL2ltYWdlLnJha3V0ZW4uY28uanAvc2Fjcy1iYXIvY2FiaW5ldC9waW5rdHJpY2syL3B0LWtzMl80LmpwZyIgd2lkdGg9IjEwMCUiPjxicj48YnI+PGltZyBzcmM9Imh0dHA6Ly9pbWFnZS5yYWt1dGVuLmNvLmpwL3NhY3MtYmFyL2NhYmluZXQvcGlua3RyaWNrMi9wdC1rczJfNS5qcGciIHdpZHRoPSIxMDAlIj48YnI+PGJyPjxpbWcgc3JjPSJodHRwOi8vaW1hZ2UucmFrdXRlbi5jby5qcC9zYWNzLWJhci9jYWJpbmV0L3Bpbmt0cmljazIvcHQta3MyXzYuanBnIiB3aWR0aD0iMTAwJSI+PGJyPjxicj48aW1nIHNyYz0iaHR0cDovL2ltYWdlLnJha3V0ZW4uY28uanAvcmljaGFyZC9jYWJpbmV0L2RvdWtvbi1pbmZvLmdpZiI+PGJyPjxicj48YnI+PHRhYmxlIHdpZHRoPSIzMDAiIGJvcmRlcj0iNSIgY2VsbHBhZGRpbmc9IjQiIGNlbGxzcGFjaW5nPSIyIiBib3JkZXJjb2xvcj0iI2NjY2NjYyI+Cjx0cj48dGQ+PGZvbnQgY29sb3I9IiM2NjY2NjYiIHNpemU9IjIiPlVW44Kr44OD44OI5Yqg5bel55Sf5Zyw44Gg44GL44KJ6Zuo44Gu5pel44Gv44KC44Gh44KN44KT44CB44GK5aSp5rCX44Gu5pel44KC5pel5YKY44Go44GX44Gm5aSn5rS76LqN77yBPC9mb250PjwvdGQ+CjwvdHI+PC90YWJsZT48YnI+Cjx0YWJsZSB3aWR0aD0iMzAwIiBjZWxscGFkZGluZz0iMyIgY2VsbHNwYWNpbmc9IjEiIGJnY29sb3I9IiM2NjY2NjYiPgo8dHI+PHRkIHdpZHRoPSI2MCIgYWxpZ249ImNlbnRlciIgYmdjb2xvcj0iI2ZmY2NjYyI+PGZvbnQgc2l6ZT0iMiIgY29sb3I9IiMzMzMzMzMiPuOCq+ODqeODvDwvZm9udD48L3RkPiAgCjx0ZCBiZ2NvbG9yPSIjRkZGRkZGIj48Zm9udCBzaXplPSIyIiBjb2xvcj0iIzMzMzMzMyI+Kk9SR0FORFkgRlJJTEwg44K344Oq44O844K6Kjxicj7jgJA4MTA1NeOAkeODmeODvOOCuOODpcOX44OW44Op44OD44KvPGJyPuOAkDgxMDU244CR44Ob44Ov44Kk44OIw5fjg43jgqTjg5Pjg7w8YnI+44CQODEwNTfjgJHjg5bjg6njg4Pjgq/Dl+ODm+ODr+OCpOODiDxicj48YnI+KkJJLUNPTE9SIOOCt+ODquODvOOCuio8YnI+44CQODEwNTjjgJHjg5bjg6njg4Pjgq/Dl+ODm+ODr+OCpOODiDxicj7jgJA4MTA1OeOAkeODjeOCpOODk+ODvMOX44Kw44Oq44O844OzPGJyPjxicj4qTEFDRSBTVFJJUEUg44K344Oq44O844K6Kjxicj7jgJA4MTA2MOOAkeODm+ODr+OCpOODiMOX44OW44Op44OD44KvPGJyPuOAkDgxMDYx44CR44OZ44O844K444Olw5fjg5bjg6njg4Pjgq88YnI+44CQODEwNjLjgJHjg5vjg6/jgqTjg4jDl+ODjeOCpOODk+ODvDxicj48YnI+KkRPVMOXT1JHQU5EWSDjgrfjg6rjg7zjgroqPGJyPuOAkDgxMDYz44CR44OZ44O844K444Olw5fjg5bjg6njg4Pjgq88YnI+44CQODEwNjTjgJHjg5Tjg7Pjgq/Dl+ODluODqeODg+OCrzxicj7jgJA4MTA2NeOAkeODjeOCpOODk+ODvMOX44Ob44Ov44Kk44OIPGJyPjxicj4qUE9JTlQgQk9SREVSIOOCt+ODquODvOOCuio8YnI+44CQODQ5NDXjgJHjg43jgqTjg5Pjg7zDl+ODm+ODr+OCpOODiDxicj7jgJA4NDk0NuOAkeODm+ODr+OCpOODiMOX44Kw44Os44O8PC9mb250PjwvdGQ+ICAgICAgCjwvdHI+Cjx0cj48dGQgd2lkdGg9IjYwIiBhbGlnbj0iY2VudGVyIiBiZ2NvbG9yPSIjZmZjY2NjIj48Zm9udCBzaXplPSIyIiBjb2xvcj0iIzMzMzMzMyI+44K144Kk44K6PC9mb250PjwvdGQ+ICAKPHRkIHdpZHRoPSIyNDAiIGJnY29sb3I9IiNGRkZGRkYiPjxmb250IHNpemU9IjIiIGNvbG9yPSIjMzMzMzMzIj7opqrpqqjjgrXjgqTjgrrvvJo1OGNtPGJyPumWi+OBhOOBn+aZguOBruebtOW+hO+8mue0hDkwY208YnI+6YeN6YeP77ya57SEMjYwZzwvZm9udD48L3RkPiAgCjwvdHI+Cjx0cj48dGQgd2lkdGg9IjYwIiBhbGlnbj0iY2VudGVyIiBiZ2NvbG9yPSIjZmZjY2NjIj48Zm9udCBzaXplPSIyIiBjb2xvcj0iIzMzMzMzMyI+57Sg5p2QPC9mb250PjwvdGQ+ICAKPHRkIGJnY29sb3I9IiNGRkZGRkYiPjxmb250IHNpemU9IjIiIGNvbG9yPSIjMzMzMzMzIj7jg53jg6rjgqjjgrnjg4bjg6vjgIFGUlDjgIHjgqLjg6vjg5/jgIFQVkM8L2ZvbnQ+PC90ZD4gICAgICAKPC90cj4KPHRyPjx0ZCB3aWR0aD0iNjAiIGFsaWduPSJjZW50ZXIiIGJnY29sb3I9IiNmZmNjY2MiPjxmb250IHNpemU9IjIiIGNvbG9yPSIjMzMzMzMzIj7lgpnogIM8L2ZvbnQ+PC90ZD4gCjx0ZCBiZ2NvbG9yPSIjRkZGRkZGIj48Zm9udCBzaXplPSIyIiBjb2xvcj0iIzMzMzMzMyI+VVbjgqvjg4Pjg4jnjoc5N++8heS7peS4ijxicj7plonjgZjjgovmmYLjgavmjIfjgoTniKrjgpLjga/jgZXjgb7jgarjgYTjgojjgYbjgIHjg43jgqTjg6vjgqzjg7zjg4nvvIjkuIrjga/jgZjjgY3pg6jliIbph5Hlhbfjgqvjg5Djg7zvvInmqZ/og73ku5jjgY3jgII8L2ZvbnQ+PC90ZD4gCjwvdHI+CjwvdGFibGU+Cjxicj48YnI+Cjx0YWJsZSB3aWR0aD0iMzAwIiBjZWxscGFkZGluZz0iMyIgY2VsbHNwYWNpbmc9IjEiIGJnY29sb3I9IiM2NjY2NjYiPgo8dHI+PHRkIHdpZHRoPSI2MCIgYWxpZ249ImNlbnRlciIgYmdjb2xvcj0iI2ZmY2NjYyI+PGZvbnQgc2l6ZT0iMiIgY29sb3I9IiMzMzMzMzMiPuOCq+ODqeODvDwvZm9udD48L3RkPiAgCjx0ZCBiZ2NvbG9yPSIjRkZGRkZGIj48Zm9udCBzaXplPSIyIiBjb2xvcj0iIzMzMzMzMyI+KlBJTiBET1Qg44K344Oq44O844K6Kjxicj7jgJA4NDk0N+OAkeODm+ODr+OCpOODiMOX44OW44Op44OD44KvPGJyPuOAkDg0OTQ444CR44OU44Oz44Kvw5fjg5bjg6njg4Pjgq88YnI+44CQODQ5NDnjgJHjg43jgqTjg5Pjg7zDl+ODm+ODr+OCpOODiDxicj7jgJA4NDk1MOOAkeODluODqeODg+OCr8OX44Ob44Ov44Kk44OIPGJyPjxicj4qQk9SREVSIEZSSUxMIOOCt+ODquODvOOCuio8YnI+44CQODQ5NTHjgJHjg5Tjg7Pjgq88YnI+44CQODQ5NTLjgJHjg43jgqTjg5Pjg7w8YnI+44CQODQ5NTPjgJHjg5bjg6njg4Pjgq88L2ZvbnQ+PC90ZD4gICAgICAKPC90cj4KPHRyPjx0ZCB3aWR0aD0iNjAiIGFsaWduPSJjZW50ZXIiIGJnY29sb3I9IiNmZmNjY2MiPjxmb250IHNpemU9IjIiIGNvbG9yPSIjMzMzMzMzIj7jgrXjgqTjgro8L2ZvbnQ+PC90ZD4gIAo8dGQgd2lkdGg9IjI0MCIgYmdjb2xvcj0iI0ZGRkZGRiI+PGZvbnQgc2l6ZT0iMiIgY29sb3I9IiMzMzMzMzMiPuimqumqqOOCteOCpOOCuu+8mjU1Y208YnI+6ZaL44GE44Gf5pmC44Gu55u05b6E77ya57SEOTFjbTxicj7ph43ph4/vvJrntIQyNjBnPC9mb250PjwvdGQ+ICAKPC90cj4KPHRyPjx0ZCB3aWR0aD0iNjAiIGFsaWduPSJjZW50ZXIiIGJnY29sb3I9IiNmZmNjY2MiPjxmb250IHNpemU9IjIiIGNvbG9yPSIjMzMzMzMzIj7ntKDmnZA8L2ZvbnQ+PC90ZD4gIAo8dGQgYmdjb2xvcj0iI0ZGRkZGRiI+PGZvbnQgc2l6ZT0iMiIgY29sb3I9IiMzMzMzMzMiPuODneODquOCqOOCueODhuODq+OAgUZSUOOAgeOCouODq+ODn+OAgVBWQzwvZm9udD48L3RkPiAgICAgIAo8L3RyPgo8dHI+PHRkIHdpZHRoPSI2MCIgYWxpZ249ImNlbnRlciIgYmdjb2xvcj0iI2ZmY2NjYyI+PGZvbnQgc2l6ZT0iMiIgY29sb3I9IiMzMzMzMzMiPuWCmeiAgzwvZm9udD48L3RkPiAKPHRkIGJnY29sb3I9IiNGRkZGRkYiPjxmb250IHNpemU9IjIiIGNvbG9yPSIjMzMzMzMzIj5VVuOCq+ODg+ODiOeOhzk377yF5Lul5LiKPGJyPuODr+ODs+OCv+ODg+ODgeW8j+OBp+OBmeOBkOOBq+mWi+OBj+OCuOODo+ODs+ODl+WCmOS7leanmOOAgjxicj7plonjgZjjgovmmYLjgavmjIfjgoTniKrjgpLjga/jgZXjgb7jgarjgYTjgojjgYbjgIHjg43jgqTjg6vjgqzjg7zjg4nvvIjkuIrjga/jgZjjgY3pg6jliIbph5Hlhbfjgqvjg5Djg7zvvInmqZ/og73ku5jjgY3jgII8L2ZvbnQ+PC90ZD4gCjwvdHI+CjwvdGFibGU+,44OU44Oz44Kv44OI44Oq44OD44KvIHBpbmsgdHJpY2sg5YKYIOOAkCDpm6jlgpgg5pel5YKYIOmVt+WCmCDmmbTpm6jlhbznlKggVVbjgqvjg4Pjg4gg44CR44CQ5Y2z5pel55m66YCB44CR77ya44K144OD44Kv44K544OQ44O8,6YCa5L+h6LKp5aOy6YCa6LKp44K344On44OD44OU44Oz44Kw44Kq44Oz44Op44Kk44Oz44K344On44OD44OU44Oz44Kw6LK344GE54mp44OX44Os44K844Oz44OI44Ku44OV44OI6LSI44KK54mp6LSI562U5ZOB44GK5Lit5YWD44GK5q2z5pqu44GK6LK344GE5b6X44Od44O844K/44O8UE9SVEVS5ZCJ55Sw44Kr44OQ44Oz44K/44Kx44Kq44Kt44Kv44OBVEFLRU8gS0lLVUNISeOCquODreODk+OCouODs+OCs09ST0JJQU5DT+ODkOODs+ODh+ODq0JBTkRFTOODi+ODpeODvOOCqOODqeOCueODhuOCo+OCsOODreODvOOCrOODs+OCr+ODrOOCpOOCteOCueODgOOCuuODquODs+ODqeOCs+OCueODhuOCouODs+OCsOODquODg+ODieODoOODq+ODvOOCouODquOCqOODs+ODgOOCqOODouODgOODquODpeODg+OCr+ODoeODs+OCuuODlOODs+OCr+ODiOODquODg+OCryBwaW5rIHRyaWNrIOWCmCDjgJAg6Zuo5YKYIOaXpeWCmCDplbflgpgg5pm06Zuo5YW855SoIFVW44Kr44OD44OIIOOAkeOAkOWNs+aXpeeZuumAgeOAkQ==,cGlua3RyaWNrIOODlOODs+OCr+ODiOODquODg+OCryDlgpgg5pel5YKYIOmAgeaWmeeEoeaWme+8gSDjgYLjgZnmpb3jgILjg5Tjg7Pjgq/jg4jjg6rjg4Pjgq8gcGluayB0cmljayDlgpgg44CQIOmbqOWCmCDml6Xlgpgg6ZW35YKYIOaZtOmbqOWFvOeUqCBVVuOCq+ODg+ODiCDjgJHjgJDljbPml6XnmbrpgIHjgJE=[rn]
15-197384,aHR0cDovL3RzaG9wLnIxMHMuanAvc2Fjcy1iYXIvY2FiaW5ldC9waW5rdHJpY2syL3B0LW9rMi5qcGc/Zml0aW49NzAwOjcwMA==,MTg0MC4wMDAw,,44OQ44OD44Kw44O75bCP54mp44O744OW44Op44Oz44OJ6ZuR6LKoID4g5YKYID4g44Os44OH44Kj44O844K56Zuo5YKY,44OU44Oz44Kv44OI44Oq44OD44KvIHBpbmsgdHJpY2sg5oqY44KK44Gf44Gf44G/IOWCmCDjgJAg6Zuo5YKYIOaXpeWCmCDmipjjgornlbPjgb/lgpgg5pm06Zuo5YW855SoIFVW44Kr44OD44OIIOOAkeOAkOWNs+aXpeeZuumAgeOAkQ==,,PGltZyBzcmM9Imh0dHA6Ly9pbWFnZS5yYWt1dGVuLmNvLmpwL3NhY3MtYmFyL2NhYmluZXQvcGlua3RyaWNrMi9wdC1vazJfMi5qcGciIHdpZHRoPSIxMDAlIj48YnI+PGJyPjxpbWcgc3JjPSJodHRwOi8vaW1hZ2UucmFrdXRlbi5jby5qcC9zYWNzLWJhci9jYWJpbmV0L3Bpbmt0cmljazIvcHQtb2syXzMuanBnIiB3aWR0aD0iMTAwJSI+PGJyPjxicj48aW1nIHNyYz0iaHR0cDovL2ltYWdlLnJha3V0ZW4uY28uanAvc2Fjcy1iYXIvY2FiaW5ldC9waW5rdHJpY2syL3B0LW9rMl80LmpwZyIgd2lkdGg9IjEwMCUiPjxicj48YnI+PGltZyBzcmM9Imh0dHA6Ly9pbWFnZS5yYWt1dGVuLmNvLmpwL3NhY3MtYmFyL2NhYmluZXQvcGlua3RyaWNrMi9wdC1vazJfNS5qcGciIHdpZHRoPSIxMDAlIj48YnI+PGJyPjxpbWcgc3JjPSJodHRwOi8vaW1hZ2UucmFrdXRlbi5jby5qcC9zYWNzLWJhci9jYWJpbmV0L3Bpbmt0cmljazIvcHQtb2syXzYuanBnIiB3aWR0aD0iMTAwJSI+PGJyPjxicj48aW1nIHNyYz0iaHR0cDovL2ltYWdlLnJha3V0ZW4uY28uanAvcmljaGFyZC9jYWJpbmV0L2RvdWtvbi1pbmZvLmdpZiI+PGJyPjxicj48YnI+PHRhYmxlIHdpZHRoPSIzMDAiIGJvcmRlcj0iNSIgY2VsbHBhZGRpbmc9IjQiIGNlbGxzcGFjaW5nPSIyIiBib3JkZXJjb2xvcj0iI2NjY2NjYyI+Cjx0cj48dGQ+PGZvbnQgY29sb3I9IiM2NjY2NjYiIHNpemU9IjIiPlVW44Kr44OD44OI5Yqg5bel55Sf5Zyw44Gg44GL44KJ6Zuo44Gu5pel44Gv44KC44Gh44KN44KT44CB44GK5aSp5rCX44Gu5pel44KC5pel5YKY44Go44GX44Gm5aSn5rS76LqN77yBPC9mb250PjwvdGQ+CjwvdHI+PC90YWJsZT48YnI+Cjx0YWJsZSB3aWR0aD0iMzAwIiBjZWxscGFkZGluZz0iMyIgY2VsbHNwYWNpbmc9IjEiIGJnY29sb3I9IiM2NjY2NjYiPgo8dHI+PHRkIHdpZHRoPSI2MCIgYWxpZ249ImNlbnRlciIgYmdjb2xvcj0iI2ZmY2NjYyI+PGZvbnQgc2l6ZT0iMiIgY29sb3I9IiMzMzMzMzMiPuOCq+ODqeODvDwvZm9udD48L3RkPiAgCjx0ZCBiZ2NvbG9yPSIjRkZGRkZGIj48Zm9udCBzaXplPSIyIiBjb2xvcj0iIzMzMzMzMyI+Kk9SR0FORFkgRlJJTEwg44K344Oq44O844K6Kjxicj7jgJA4MTA2NuOAkeODmeODvOOCuOODpcOX44OW44Op44OD44KvPGJyPuOAkDgxMDY344CR44Ob44Ov44Kk44OIw5fjg43jgqTjg5Pjg7w8YnI+44CQODEwNjjjgJHjg5bjg6njg4Pjgq/Dl+ODm+ODr+OCpOODiDxicj48YnI+KkJJLUNPTE9SIOOCt+ODquODvOOCuio8YnI+44CQODEwNjnjgJHjg5bjg6njg4Pjgq/Dl+ODm+ODr+OCpOODiDxicj7jgJA4MTA3MOOAkeODjeOCpOODk+ODvMOX44Kw44Oq44O844OzPGJyPjxicj4qTEFDRSBTVFJJUEUg44K344Oq44O844K6Kjxicj7jgJA4MTA3MeOAkeODm+ODr+OCpOODiMOX44OW44Op44OD44KvPGJyPuOAkDgxMDcy44CR44OZ44O844K444Olw5fjg5bjg6njg4Pjgq88YnI+44CQODEwNzPjgJHjg5vjg6/jgqTjg4jDl+ODjeOCpOODk+ODvDxicj48YnI+KkRPVMOXT1JHQU5EWSDjgrfjg6rjg7zjgroqPGJyPuOAkDgxMDc044CR44OZ44O844K444Olw5fjg5bjg6njg4Pjgq88YnI+44CQODEwNzXjgJHjg5Tjg7Pjgq/Dl+ODluODqeODg+OCrzxicj7jgJA4MTA3NuOAkeODjeOCpOODk+ODvMOX44Ob44Ov44Kk44OIPGJyPjxicj4qUE9JTlQgQk9SREVSIOOCt+ODquODvOOCuio8YnI+44CQODQ5NTTjgJHjg43jgqTjg5Pjg7zDl+ODm+ODr+OCpOODiDxicj7jgJA4NDk1NeOAkeODm+ODr+OCpOODiMOX44Kw44Os44O8PC9mb250PjwvdGQ+ICAgICAgCjwvdHI+Cjx0cj48dGQgd2lkdGg9IjYwIiBhbGlnbj0iY2VudGVyIiBiZ2NvbG9yPSIjZmZjY2NjIj48Zm9udCBzaXplPSIyIiBjb2xvcj0iIzMzMzMzMyI+44K144Kk44K6PC9mb250PjwvdGQ+ICAKPHRkIHdpZHRoPSIyNDAiIGJnY29sb3I9IiNGRkZGRkYiPjxmb250IHNpemU9IjIiIGNvbG9yPSIjMzMzMzMzIj7opqrpqqjjgrXjgqTjgrrvvJo1MGNtPGJyPumWi+OBhOOBn+aZguOBruebtOW+hO+8mue0hDgyY208YnI+5Y+O57SN5pmC77ya57SEMzbvvZ4zN2Nt77yIMuauteaKmO+8iTxicj7ph43ph4/vvJrntIQyMDBnPC9mb250PjwvdGQ+ICAKPC90cj4KPHRyPjx0ZCB3aWR0aD0iNjAiIGFsaWduPSJjZW50ZXIiIGJnY29sb3I9IiNmZmNjY2MiPjxmb250IHNpemU9IjIiIGNvbG9yPSIjMzMzMzMzIj7ntKDmnZA8L2ZvbnQ+PC90ZD4gIAo8dGQgYmdjb2xvcj0iI0ZGRkZGRiI+PGZvbnQgc2l6ZT0iMiIgY29sb3I9IiMzMzMzMzMiPuODneODquOCqOOCueODhuODq+OAgUZSUOOAgeOCouODq+ODn+OAgVBWQzwvZm9udD48L3RkPiAgICAgIAo8L3RyPgo8dHI+PHRkIHdpZHRoPSI2MCIgYWxpZ249ImNlbnRlciIgYmdjb2xvcj0iI2ZmY2NjYyI+PGZvbnQgc2l6ZT0iMiIgY29sb3I9IiMzMzMzMzMiPuWCmeiAgzwvZm9udD48L3RkPiAKPHRkIGJnY29sb3I9IiNGRkZGRkYiPjxmb250IHNpemU9IjIiIGNvbG9yPSIjMzMzMzMzIj5VVuOCq+ODg+ODiOeOhzk377yF5Lul5LiKPGJyPumWieOBmOOCi+aZguOBq+aMh+OChOeIquOCkuOBr+OBleOBvuOBquOBhOOCiOOBhuOAgeODjeOCpOODq+OCrOODvOODie+8iOS4iuOBr+OBmOOBjemDqOWIhumHkeWFt+OCq+ODkOODvO+8ieapn+iDveS7mOOBjeOAgjwvZm9udD48L3RkPiAKPC90cj4KPC90YWJsZT4KPGJyPjxicj4KPHRhYmxlIHdpZHRoPSIzMDAiIGNlbGxwYWRkaW5nPSIzIiBjZWxsc3BhY2luZz0iMSIgYmdjb2xvcj0iIzY2NjY2NiI+Cjx0cj48dGQgd2lkdGg9IjYwIiBhbGlnbj0iY2VudGVyIiBiZ2NvbG9yPSIjZmZjY2NjIj48Zm9udCBzaXplPSIyIiBjb2xvcj0iIzMzMzMzMyI+44Kr44Op44O8PC9mb250PjwvdGQ+ICAKPHRkIGJnY29sb3I9IiNGRkZGRkYiPjxmb250IHNpemU9IjIiIGNvbG9yPSIjMzMzMzMzIj4qUElOIERPVCDjgrfjg6rjg7zjgroqPGJyPuOAkDg0OTU244CR44Ob44Ov44Kk44OIw5fjg5bjg6njg4Pjgq88YnI+44CQODQ5NTfjgJHjg5Tjg7Pjgq/Dl+ODluODqeODg+OCrzxicj7jgJA4NDk1OOOAkeODjeOCpOODk+ODvMOX44Ob44Ov44Kk44OIPGJyPuOAkDg0OTU544CR44OW44Op44OD44Kvw5fjg5vjg6/jgqTjg4g8YnI+PGJyPipCT1JERVIgRlJJTEwg44K344Oq44O844K6Kjxicj7jgJA4NDk2MOOAkeODlOODs+OCrzxicj7jgJA4NDk2MeOAkeODjeOCpOODk+ODvDxicj7jgJA4NDk2MuOAkeODluODqeODg+OCrzwvZm9udD48L3RkPiAgICAgIAo8L3RyPgo8dHI+PHRkIHdpZHRoPSI2MCIgYWxpZ249ImNlbnRlciIgYmdjb2xvcj0iI2ZmY2NjYyI+PGZvbnQgc2l6ZT0iMiIgY29sb3I9IiMzMzMzMzMiPuOCteOCpOOCujwvZm9udD48L3RkPiAgCjx0ZCB3aWR0aD0iMjQwIiBiZ2NvbG9yPSIjRkZGRkZGIj48Zm9udCBzaXplPSIyIiBjb2xvcj0iIzMzMzMzMyI+6Kaq6aqo44K144Kk44K677yaNTBjbTxicj7plovjgYTjgZ/mmYLjga7nm7TlvoTvvJrntIQ4N2NtPGJyPuWPjue0jeaZgu+8mue0hDI1Y23vvIgz5q615oqY77yJPGJyPumHjemHj++8mue0hDIwMGc8L2ZvbnQ+PC90ZD4gIAo8L3RyPgo8dHI+PHRkIHdpZHRoPSI2MCIgYWxpZ249ImNlbnRlciIgYmdjb2xvcj0iI2ZmY2NjYyI+PGZvbnQgc2l6ZT0iMiIgY29sb3I9IiMzMzMzMzMiPue0oOadkDwvZm9udD48L3RkPiAgCjx0ZCBiZ2NvbG9yPSIjRkZGRkZGIj48Zm9udCBzaXplPSIyIiBjb2xvcj0iIzMzMzMzMyI+44Od44Oq44Ko44K544OG44Or44CBRlJQ44CB44Ki44Or44Of44CBUFZDPC9mb250PjwvdGQ+ICAgICAgCjwvdHI+Cjx0cj48dGQgd2lkdGg9IjYwIiBhbGlnbj0iY2VudGVyIiBiZ2NvbG9yPSIjZmZjY2NjIj48Zm9udCBzaXplPSIyIiBjb2xvcj0iIzMzMzMzMyI+5YKZ6ICDPC9mb250PjwvdGQ+IAo8dGQgYmdjb2xvcj0iI0ZGRkZGRiI+PGZvbnQgc2l6ZT0iMiIgY29sb3I9IiMzMzMzMzMiPlVW44Kr44OD44OI546HOTfvvIXku6XkuIo8YnI+6ZaJ44GY44KL5pmC44Gr5oyH44KE54iq44KS44Gv44GV44G+44Gq44GE44KI44GG44CB44ON44Kk44Or44Ks44O844OJ77yI5LiK44Gv44GY44GN6YOo5YiG6YeR5YW344Kr44OQ44O877yJ5qmf6IO95LuY44GN44CCPC9mb250PjwvdGQ+IAo8L3RyPgo8L3RhYmxlPg==,44OU44Oz44Kv44OI44Oq44OD44KvIHBpbmsgdHJpY2sg5oqY44KK44Gf44Gf44G/IOWCmCDjgJAg6Zuo5YKYIOaXpeWCmCDmipjjgornlbPjgb/lgpgg5pm06Zuo5YW855SoIFVW44Kr44OD44OIIOOAkeOAkOWNs+aXpeeZuumAgeOAke+8muOCteODg+OCr+OCueODkOODvA==,6YCa5L+h6LKp5aOy6YCa6LKp44K344On44OD44OU44Oz44Kw44Kq44Oz44Op44Kk44Oz44K344On44OD44OU44Oz44Kw6LK344GE54mp44OX44Os44K844Oz44OI44Ku44OV44OI6LSI44KK54mp6LSI562U5ZOB44GK5Lit5YWD44GK5q2z5pqu44GK6LK344GE5b6X44Od44O844K/44O8UE9SVEVS5ZCJ55Sw44Kr44OQ44Oz44K/44Kx44Kq44Kt44Kv44OBVEFLRU8gS0lLVUNISeOCquODreODk+OCouODs+OCs09ST0JJQU5DT+ODkOODs+ODh+ODq0JBTkRFTOODi+ODpeODvOOCqOODqeOCueODhuOCo+OCsOODreODvOOCrOODs+OCr+ODrOOCpOOCteOCueODgOOCuuODquODs+ODqeOCs+OCueODhuOCouODs+OCsOODquODg+ODieODoOODq+ODvOOCouODquOCqOODs+ODgOOCqOODouODgOODquODpeODg+OCr+ODoeODs+OCuuODlOODs+OCr+ODiOODquODg+OCryBwaW5rIHRyaWNrIOaKmOOCiuOBn+OBn+OBvyDlgpgg44CQIOmbqOWCmCDml6Xlgpgg5oqY44KK55Wz44G/5YKYIOaZtOmbqOWFvOeUqCBVVuOCq+ODg+ODiCDjgJHjgJDljbPml6XnmbrpgIHjgJE=,cGlua3RyaWNrIOODlOODs+OCr+ODiOODquODg+OCryDlgpgg5pel5YKYIOmAgeaWmeeEoeaWme+8gSDjgYLjgZnmpb3jgILjg5Tjg7Pjgq/jg4jjg6rjg4Pjgq8gcGluayB0cmljayDmipjjgorjgZ/jgZ/jgb8g5YKYIOOAkCDpm6jlgpgg5pel5YKYIOaKmOOCiueVs+OBv+WCmCDmmbTpm6jlhbznlKggVVbjgqvjg4Pjg4gg44CR44CQ5Y2z5pel55m66YCB44CR[rn]
15-197385,aHR0cDovL3RzaG9wLnIxMHMuanAvc2Fjcy1iYXIvY2FiaW5ldC9pa291Ny9wdC1vay1pbmRvdC5qcGc/Zml0aW49NzAwOjcwMA==,MTg0MC4wMDAw,,44OQ44OD44Kw44O75bCP54mp44O744OW44Op44Oz44OJ6ZuR6LKoID4g5YKYID4g44Os44OH44Kj44O844K56Zuo5YKY,44OU44Oz44Kv44OI44Oq44OD44KvIHBpbmsgdHJpY2sg5oqY44KK44Gf44Gf44G/IOWCmCDjgqTjg7Pjg4njg4Pjg4gg44CQIOmbqOWCmCDml6Xlgpgg5oqY44KK55Wz44G/5YKYIOaZtOmbqOWFvOeUqCBVVuOCq+ODg+ODiCDjgJHjgJDljbPml6XnmbrpgIHjgJE=,,PGltZyBzcmM9Imh0dHA6Ly9pbWFnZS5yYWt1dGVuLmNvLmpwL3JpY2hhcmQvY2FiaW5ldC9waW5rdHJpY2syL3B0LW9rLWluZG90XzIuanBnIiB3aWR0aD0iMTAwJSI+PGJyPjxpbWcgc3JjPSJodHRwOi8vaW1hZ2UucmFrdXRlbi5jby5qcC9yaWNoYXJkL2NhYmluZXQvcGlua3RyaWNrMi9wdC1vay1pbmRvdF8zLmpwZyIgd2lkdGg9IjEwMCUiPjxicj48YnI+PGltZyBzcmM9Imh0dHA6Ly9pbWFnZS5yYWt1dGVuLmNvLmpwL3JpY2hhcmQvY2FiaW5ldC9kb3Vrb24taW5mby5naWYiPjxicj48YnI+PGJyPjx0YWJsZSB3aWR0aD0iMzAwIiBib3JkZXI9IjUiIGNlbGxwYWRkaW5nPSI0IiBjZWxsc3BhY2luZz0iMiIgYm9yZGVyY29sb3I9IiNmZmNjY2MiPiAgICA8dHI+ICAgIDx0ZD48Zm9udCBjb2xvcj0iIzY2NjY2NiIgc2l6ZT0iMiI+44Kz44Oz44OR44Kv44OI44Gn44KC44G+44KL44GE44K344Or44Ko44OD44OI44Gr44GT44Gg44KP44Gj44Gf44GL44KP44GE44GE5oqY5YKY4pmq5YaF5YG044GM44OJ44OD44OI5p+E44Gg44GL44KJ5YKY44KS44GV44GX44Gm44KL44Gg44GR44Gn5rCX5YiG44GM5LiK44GM44KK44Gd44GG4piF44K544Kr44Op44OD44OX5Yi657mN44KC44Od44Kk44Oz44OI77yB77yBPGJyPlVW44Kr44OD44OI5Yq55p6c5LuY44GN44Gn44CB6Zuo44Gu5pel44Gv44KC44Gh44KN44KT44CB5pel5YKY44Go44GX44Gm44KC44GU5L2/55So44GE44Gf44Gg44GR44G+44GZ44CCPGJyPumWi+mWieaZguOBq+aMh+OChOeIquOCkuOBr+OBleOCgOOBruOCkumYsuatouOBmeOCi+ODjeOCpOODq+OCrOODvOODieapn+iDveS7mOOBjeOAgjwvZm9udD48L3RkPjwvdHI+PC90YWJsZT48YnI+PHRhYmxlIHdpZHRoPSIzMDAiIGNlbGxwYWRkaW5nPSIzIiBjZWxsc3BhY2luZz0iMSIgYmdjb2xvcj0iIzY2NjY2NiI+ICAgIDx0cj48dGQgd2lkdGg9IjYwIiBhbGlnbj0iY2VudGVyIiBiZ2NvbG9yPSIjZmZjY2NjIj48Zm9udCBzaXplPSIyIiBjb2xvcj0iIzMzMzMzMyI+44K144Kk44K6PC9mb250PjwvdGQ+ICA8dGQgd2lkdGg9IjI0MCIgYmdjb2xvcj0iI0ZGRkZGRiI+PGZvbnQgc2l6ZT0iMiIgY29sb3I9IiMzMzMzMzMiPuimqumqqOOCteOCpOOCujrntIQ1MGNtPGJyPumWi+OBhOOBn+aZguOBruebtOW+hDrntIQ4MGNtPGJyPuWPjue0jeaZgjrntIQzNi41Y208YnI+6YeN6YePL+e0hDIwMGcgPC9mb250PjwvdGQ+ICA8L3RyPiAgCjx0cj48dGQgYWxpZ249ImNlbnRlciIgYmdjb2xvcj0iI2ZmY2NjYyI+IDxmb250IHNpemU9IjIiIGNvbG9yPSIjMzMzMzMzIj7jgqvjg6njg7w8L2ZvbnQ+PC90ZD4gIDx0ZCBiZ2NvbG9yPSIjRkZGRkZGIj48Zm9udCBzaXplPSIyIiBjb2xvcj0iIzMzMzMzMyI+44CQMzQ3ODbjgJHjg5Tjg7Pjgq/Dl+ODluODqeOCpuODszxicj7jgJAzNDc4N+OAkeOAkDM0Nzkw44CR44OZ44O844K444Olw5fjg5bjg6njg4Pjgq88YnI+44CQMzQ3ODjjgJHjg43jgqTjg5Pjg7zDl+ODm+ODr+OCpOODiDxicj7jgJAzNDc4OeOAkeODluODqeODg+OCr8OX44Ob44Ov44Kk44OIPC9mb250PjwvdGQ+ICAgICAgPC90cj4gIAo8dHI+PHRkIGFsaWduPSJjZW50ZXIiIGJnY29sb3I9IiNmZmNjY2MiPjxmb250IHNpemU9IjIiIGNvbG9yPSIjMzMzMzMzIj7ntKDmnZA8L2ZvbnQ+PC90ZD4gIDx0ZCBiZ2NvbG9yPSIjRkZGRkZGIj4gPGZvbnQgc2l6ZT0iMiIgY29sb3I9IiMzMzMzMzMiPuODneODquOCqOOCueODhuODq+OAgUZSUOOAgeOCouODq+ODn+OAgVBWQzwvZm9udD48L3RkPiAgICAgIDwvdHI+ICAKPHRyPjx0ZCBhbGlnbj0iY2VudGVyIiBiZ2NvbG9yPSIjZmZjY2NjIj48Zm9udCBzaXplPSIyIiBjb2xvcj0iIzMzMzMzMyI+5LuV5qeYPC9mb250PjwvdGQ+ICA8dGQgYmdjb2xvcj0iI0ZGRkZGRiI+IDxmb250IHNpemU9IjIiIGNvbG9yPSIjMzMzMzMzIj4gICAgIFVW44Kr44OD44OI5Yq55p6c5LuY44GN44CC5b6T5p2l44KI44KK6Lu96YeP44GL44Gk44GX44Gq44KE44GL44Gn5LiI5aSr44Gq44Kw44Op44K544OV44Kh44Kk44OQ44O86aqo44CC6ZaJ44GY44KL5pmC44Gr5oyH44KE54iq44KS44Gv44GV44G+44Gq44GE44ON44Kk44Or44Ks44O844OJ5qmf6IO944CCPC9mb250PjwvdGQ+ICAgICAgPC90cj4KCjx0cj4gPHRkIGFsaWduPSJjZW50ZXIiIGJnY29sb3I9IiNmZmNjY2MiPjxmb250IHNpemU9IjIiIGNvbG9yPSIjMzMzMzMzIj7lgpnogIM8L2ZvbnQ+PC90ZD4gPHRkIGJnY29sb3I9IiNGRkZGRkYiPjxmb250IHNpemU9IjIiIGNvbG9yPSIjMzMzMzMzIj5VVuOCq+ODg+ODiOeOhzk177yF5Lul5LiKPGJyPumWieOBmOOCi+aZguOBq+aMh+OChOeIquOCkuOBr+OBleOBvuOBquOBhOOCiOOBhuOAgeODjeOCpOODq+OCrOODvOODie+8iOS4iuOBr+OBmOOBjemDqOWIhumHkeWFt+OCq+ODkOODvO+8ieapn+iDveS7mOOBjeOBp+OBmeOAgjxicj7lgpjjgpLplovjgY3jgY3jgaPjgZ/nirbmhYvjgaflsJHjgZfjgbLjga3jgaPjgabjgYTjgZ/jgaDjgY3jgb7jgZnjgajjgIHjgZfjgaPjgYvjgorjgajlm7rlrprjgZXjgozjgb7jgZnjgII8L2ZvbnQ+PC90ZD4gPC90cj48L3RhYmxlPg==,44OU44Oz44Kv44OI44Oq44OD44KvIHBpbmsgdHJpY2sg5oqY44KK44Gf44Gf44G/IOWCmCDjgqTjg7Pjg4njg4Pjg4gg44CQIOmbqOWCmCDml6Xlgpgg5oqY44KK55Wz44G/5YKYIOaZtOmbqOWFvOeUqCBVVuOCq+ODg+ODiCDjgJHjgJDljbPml6XnmbrpgIHjgJHvvJrjgrXjg4Pjgq/jgrnjg5Djg7w=,6YCa5L+h6LKp5aOy6YCa6LKp44K344On44OD44OU44Oz44Kw44Kq44Oz44Op44Kk44Oz44K344On44OD44OU44Oz44Kw6LK344GE54mp44OX44Os44K844Oz44OI44Ku44OV44OI6LSI44KK54mp6LSI562U5ZOB44GK5Lit5YWD44GK5q2z5pqu44GK6LK344GE5b6X44Od44O844K/44O8UE9SVEVS5ZCJ55Sw44Kr44OQ44Oz44K/44Kx44Kq44Kt44Kv44OBVEFLRU8gS0lLVUNISeOCquODreODk+OCouODs+OCs09ST0JJQU5DT+ODkOODs+ODh+ODq0JBTkRFTOODi+ODpeODvOOCqOODqeOCueODhuOCo+OCsOODreODvOOCrOODs+OCr+ODrOOCpOOCteOCueODgOOCuuODquODs+ODqeOCs+OCueODhuOCouODs+OCsOODquODg+ODieODoOODq+ODvOOCouODquOCqOODs+ODgOOCqOODouODgOODquODpeODg+OCr+ODoeODs+OCuuODlOODs+OCr+ODiOODquODg+OCryBwaW5rIHRyaWNrIOaKmOOCiuOBn+OBn+OBvyDlgpgg44Kk44Oz44OJ44OD44OIIOOAkCDpm6jlgpgg5pel5YKYIOaKmOOCiueVs+OBv+WCmCDmmbTpm6jlhbznlKggVVbjgqvjg4Pjg4gg44CR44CQ5Y2z5pel55m66YCB44CR,44OU44Oz44Kv44OI44Oq44OD44KvIHBpbmt0cmljayDlgpgg5pel5YKYIOmAgeaWmeeEoeaWme+8gSDjgYLjgZnmpb3jgILjg5Tjg7Pjgq/jg4jjg6rjg4Pjgq8gcGluayB0cmljayDmipjjgorjgZ/jgZ/jgb8g5YKYIOOCpOODs+ODieODg+ODiCDjgJAg6Zuo5YKYIOaXpeWCmCDmipjjgornlbPjgb/lgpgg5pm06Zuo5YW855SoIFVW44Kr44OD44OIIOOAkeOAkOWNs+aXpeeZuumAgeOAkQ==[rn]
15-197386,aHR0cDovL3RzaG9wLnIxMHMuanAvc2Fjcy1iYXIvY2FiaW5ldC9pa291Ny9wdC1vay1zdHIuanBnP2ZpdGluPTcwMDo3MDA=,MTg0MC4wMDAw,,44OQ44OD44Kw44O75bCP54mp44O744OW44Op44Oz44OJ6ZuR6LKoID4g5YKYID4g44Os44OH44Kj44O844K56Zuo5YKY,44OU44Oz44Kv44OI44Oq44OD44KvIHBpbmsgdHJpY2sg5oqY44KK44Gf44Gf44G/IOWCmCDjgrnjg4jjg6njgqTjg5fmn4Qg44CQIOmbqOWCmCDml6Xlgpgg5oqY44KK55Wz44G/5YKYIOaZtOmbqOWFvOeUqCBVVuOCq+ODg+ODiCDjgJHjgJDljbPml6XnmbrpgIHjgJE=,,PGltZyBzcmM9Imh0dHA6Ly9pbWFnZS5yYWt1dGVuLmNvLmpwL3JpY2hhcmQvY2FiaW5ldC9waW5rdHJpY2syL3B0LW9rLXN0cl8yLmpwZyIgd2lkdGg9IjEwMCUiPjxicj48aW1nIHNyYz0iaHR0cDovL2ltYWdlLnJha3V0ZW4uY28uanAvcmljaGFyZC9jYWJpbmV0L3Bpbmt0cmljazIvcHQtb2stc3RyXzMuanBnIiB3aWR0aD0iMTAwJSI+PGJyPjxicj48aW1nIHNyYz0iaHR0cDovL2ltYWdlLnJha3V0ZW4uY28uanAvcmljaGFyZC9jYWJpbmV0L2RvdWtvbi1pbmZvLmdpZiI+PGJyPjxicj48YnI+PHRhYmxlIHdpZHRoPSIzMDAiIGJvcmRlcj0iNSIgY2VsbHBhZGRpbmc9IjQiIGNlbGxzcGFjaW5nPSIyIiBib3JkZXJjb2xvcj0iI2ZmY2NjYyI+ICAgIDx0cj4gICAgPHRkPjxmb250IGNvbG9yPSIjNjY2NjY2IiBzaXplPSIyIj7jgrPjg7Pjg5Hjgq/jg4jjgafjgoLjgb7jgovjgYTjgrfjg6vjgqjjg4Pjg4jjgavjgZPjgaDjgo/jgaPjgZ/jgYvjgo/jgYTjgYTmipjlgpjimarjgrnjg4jjg6njgqTjg5fDl+ODleODquODq+OBp+OBiuWsouanmOmiqOOBq+KYhjxicj5VVuOCq+ODg+ODiOWKueaenOS7mOOBjeOBp+OAgembqOOBruaXpeOBr+OCguOBoeOCjeOCk+OAgeaXpeWCmOOBqOOBl+OBpuOCguOBlOS9v+eUqOOBhOOBn+OBoOOBkeOBvuOBmeOAgjxicj7plovplonmmYLjgavmjIfjgoTniKrjgpLjga/jgZXjgoDjga7jgpLpmLLmraLjgZnjgovjg43jgqTjg6vjgqzjg7zjg4nmqZ/og73ku5jjgY3jgII8L2ZvbnQ+PC90ZD48L3RyPjwvdGFibGU+PGJyPjx0YWJsZSB3aWR0aD0iMzAwIiBjZWxscGFkZGluZz0iMyIgY2VsbHNwYWNpbmc9IjEiIGJnY29sb3I9IiM2NjY2NjYiPiAgICA8dHI+PHRkIHdpZHRoPSI2MCIgYWxpZ249ImNlbnRlciIgYmdjb2xvcj0iI2ZmY2NjYyI+PGZvbnQgc2l6ZT0iMiIgY29sb3I9IiMzMzMzMzMiPuOCteOCpOOCujwvZm9udD48L3RkPiAgPHRkIHdpZHRoPSIyNDAiIGJnY29sb3I9IiNGRkZGRkYiPjxmb250IHNpemU9IjIiIGNvbG9yPSIjMzMzMzMzIj7opqrpqqjjgrXjgqTjgrrvvJrntIQ1MGNtPGJyPumWi+OBhOOBn+aZguOBruebtOW+hO+8mue0hDgwY208YnI+5Y+O57SN5pmCOue0hDM2LjVjbTxicj7ph43ph4/vvJrntIQyMDVnPC9mb250PjwvdGQ+ICA8L3RyPiAgCjx0cj48dGQgYWxpZ249ImNlbnRlciIgYmdjb2xvcj0iI2ZmY2NjYyI+IDxmb250IHNpemU9IjIiIGNvbG9yPSIjMzMzMzMzIj7jgqvjg6njg7w8L2ZvbnQ+PC90ZD4gIDx0ZCBiZ2NvbG9yPSIjRkZGRkZGIj48Zm9udCBzaXplPSIyIiBjb2xvcj0iIzMzMzMzMyI+44CQMzQ0NTHjgJHjgqrjg5Xjg5vjg6/jgqTjg4jDl+ODjeOCpOODk+ODvDxicj7jgJAzNDQ1MuOAkeODmeODvOOCuOODpcOX44Kq44OV44Ob44Ov44Kk44OIPGJyPuOAkDM0Nzkw44CR44Kq44OV44Ob44Ov44Kk44OIw5fjg5bjg6njg4Pjgq88L2ZvbnQ+PC90ZD4gICAgICA8L3RyPiAgCjx0cj48dGQgYWxpZ249ImNlbnRlciIgYmdjb2xvcj0iI2ZmY2NjYyI+PGZvbnQgc2l6ZT0iMiIgY29sb3I9IiMzMzMzMzMiPue0oOadkDwvZm9udD48L3RkPiAgPHRkIGJnY29sb3I9IiNGRkZGRkYiPiA8Zm9udCBzaXplPSIyIiBjb2xvcj0iIzMzMzMzMyI+44Od44Oq44Ko44K544OG44Or44CBRlJQ44CB44Ki44Or44Of44CBUFZDPC9mb250PjwvdGQ+ICAgICAgPC90cj4gIAo8dHI+PHRkIGFsaWduPSJjZW50ZXIiIGJnY29sb3I9IiNmZmNjY2MiPjxmb250IHNpemU9IjIiIGNvbG9yPSIjMzMzMzMzIj7ku5Xmp5g8L2ZvbnQ+PC90ZD4gIDx0ZCBiZ2NvbG9yPSIjRkZGRkZGIj4gPGZvbnQgc2l6ZT0iMiIgY29sb3I9IiMzMzMzMzMiPiAgICAgVVbjgqvjg4Pjg4jlirnmnpzku5jjgY3jgILlvpPmnaXjgojjgorou73ph4/jgYvjgaTjgZfjgarjgoTjgYvjgafkuIjlpKvjgarjgrDjg6njgrnjg5XjgqHjgqTjg5Djg7zpqqjjgILplonjgZjjgovmmYLjgavmjIfjgoTniKrjgpLjga/jgZXjgb7jgarjgYTjg43jgqTjg6vjgqzjg7zjg4nmqZ/og73jgII8L2ZvbnQ+PC90ZD4gICAgICA8L3RyPgoKPHRyPiA8dGQgYWxpZ249ImNlbnRlciIgYmdjb2xvcj0iI2ZmY2NjYyI+PGZvbnQgc2l6ZT0iMiIgY29sb3I9IiMzMzMzMzMiPuWCmeiAgzwvZm9udD48L3RkPiA8dGQgYmdjb2xvcj0iI0ZGRkZGRiI+PGZvbnQgc2l6ZT0iMiIgY29sb3I9IiMzMzMzMzMiPlVW44Kr44OD44OI546HOTXvvIXku6XkuIo8YnI+6ZaJ44GY44KL5pmC44Gr5oyH44KE54iq44KS44Gv44GV44G+44Gq44GE44KI44GG44CB44ON44Kk44Or44Ks44O844OJ77yI5LiK44Gv44GY44GN6YOo5YiG6YeR5YW344Kr44OQ44O877yJ5qmf6IO95LuY44GN44Gn44GZ44CCPGJyPuWCmOOCkumWi+OBjeOBjeOBo+OBn+eKtuaFi+OBp+WwkeOBl+OBsuOBreOBo+OBpuOBhOOBn+OBoOOBjeOBvuOBmeOBqOOAgeOBl+OBo+OBi+OCiuOBqOWbuuWumuOBleOCjOOBvuOBmeOAgjwvZm9udD48L3RkPiA8L3RyPjwvdGFibGU+,44OU44Oz44Kv44OI44Oq44OD44KvIHBpbmsgdHJpY2sg5oqY44KK44Gf44Gf44G/IOWCmCDjgrnjg4jjg6njgqTjg5fmn4Qg44CQIOmbqOWCmCDml6Xlgpgg5oqY44KK55Wz44G/5YKYIOaZtOmbqOWFvOeUqCBVVuOCq+ODg+ODiCDjgJHjgJDljbPml6XnmbrpgIHjgJHvvJrjgrXjg4Pjgq/jgrnjg5Djg7w=,6YCa5L+h6LKp5aOy6YCa6LKp44K344On44OD44OU44Oz44Kw44Kq44Oz44Op44Kk44Oz44K344On44OD44OU44Oz44Kw6LK344GE54mp44OX44Os44K844Oz44OI44Ku44OV44OI6LSI44KK54mp6LSI562U5ZOB44GK5Lit5YWD44GK5q2z5pqu44GK6LK344GE5b6X44Od44O844K/44O8UE9SVEVS5ZCJ55Sw44Kr44OQ44Oz44K/44Kx44Kq44Kt44Kv44OBVEFLRU8gS0lLVUNISeOCquODreODk+OCouODs+OCs09ST0JJQU5DT+ODkOODs+ODh+ODq0JBTkRFTOODi+ODpeODvOOCqOODqeOCueODhuOCo+OCsOODreODvOOCrOODs+OCr+ODrOOCpOOCteOCueODgOOCuuODquODs+ODqeOCs+OCueODhuOCouODs+OCsOODquODg+ODieODoOODq+ODvOOCouODquOCqOODs+ODgOOCqOODouODgOODquODpeODg+OCr+ODoeODs+OCuuODlOODs+OCr+ODiOODquODg+OCryBwaW5rIHRyaWNrIOaKmOOCiuOBn+OBn+OBvyDlgpgg44K544OI44Op44Kk44OX5p+EIOOAkCDpm6jlgpgg5pel5YKYIOaKmOOCiueVs+OBv+WCmCDmmbTpm6jlhbznlKggVVbjgqvjg4Pjg4gg44CR44CQ5Y2z5pel55m66YCB44CR,44OU44Oz44Kv44OI44Oq44OD44KvIHBpbmt0cmljayDlgpgg5pel5YKYIOmAgeaWmeeEoeaWme+8gSDjgYLjgZnmpb3jgILjg5Tjg7Pjgq/jg4jjg6rjg4Pjgq8gcGluayB0cmljayDmipjjgorjgZ/jgZ/jgb8g5YKYIOOCueODiOODqeOCpOODl+afhCDjgJAg6Zuo5YKYIOaXpeWCmCDmipjjgornlbPjgb/lgpgg5pm06Zuo5YW855SoIFVW44Kr44OD44OIIOOAkeOAkOWNs+aXpeeZuumAgeOAkQ==[rn]
15-197387,aHR0cDovL3RzaG9wLnIxMHMuanAvc2Fjcy1iYXIvY2FiaW5ldC9pa291Ny9wdC1vay1sYWZsby5qcGc/Zml0aW49NzAwOjcwMA==,MTg0MC4wMDAw,,44OQ44OD44Kw44O75bCP54mp44O744OW44Op44Oz44OJ6ZuR6LKoID4g5YKYID4g44Os44OH44Kj44O844K56Zuo5YKY,44OU44Oz44Kv44OI44Oq44OD44KvIHBpbmsgdHJpY2sg5oqY44KK44Gf44Gf44G/IOWCmCDjg6zjg7zjgrnvvIbjg6rjg5zjg7Pmn4Qg44CQIOmbqOWCmCDml6Xlgpgg5oqY44KK55Wz44G/5YKYIOaZtOmbqOWFvOeUqCBVVuOCq+ODg+ODiCDjgJHjgJDljbPml6XnmbrpgIHjgJE=,,PGltZyBzcmM9Imh0dHA6Ly9pbWFnZS5yYWt1dGVuLmNvLmpwL3JpY2hhcmQvY2FiaW5ldC9waW5rdHJpY2szL3B0LW9rLWxhY3JpYl8yYS5qcGciIHdpZHRoPSIxMDAlIj48YnI+PGltZyBzcmM9Imh0dHA6Ly9pbWFnZS5yYWt1dGVuLmNvLmpwL3JpY2hhcmQvY2FiaW5ldC9waW5rdHJpY2szL3B0LW9rLWxhY3JpYl8zLmpwZyIgd2lkdGg9IjEwMCUiPjxicj48YnI+PGltZyBzcmM9Imh0dHA6Ly9pbWFnZS5yYWt1dGVuLmNvLmpwL3JpY2hhcmQvY2FiaW5ldC9kb3Vrb24taW5mby5naWYiPjxicj48YnI+PGJyPjx0YWJsZSB3aWR0aD0iMzAwIiBib3JkZXI9IjUiIGNlbGxwYWRkaW5nPSI0IiBjZWxsc3BhY2luZz0iMiIgYm9yZGVyY29sb3I9IiNmZmNjY2MiPiAgICA8dHI+ICAgIDx0ZD48Zm9udCBjb2xvcj0iIzY2NjY2NiIgc2l6ZT0iMiI+44Kz44Oz44OR44Kv44OI44Gn44KC44G+44KL44GE44K344Or44Ko44OD44OI44Gr44GT44Gg44KP44Gj44Gf44GL44KP44GE44GE5oqY5YKY4pmq44K044O844K444Oj44K544Gq44Os44O844K544OX44Oq44Oz44OI44Gn44Os44OH44Kj44Op44Kk44Kv44Gr4piGVVbjgqvjg4Pjg4jliqDlt6XnlJ/lnLDjgaDjgYvjgonpm6jjga7ml6Xjga/jgoLjgaHjgo3jgpPjgYrlpKnmsJfjga7ml6XjgoLml6XlgpjjgajjgZfjgablpKfmtLvouo3vvIEgPC9mb250PjwvdGQ+PC90cj48L3RhYmxlPjxicj48dGFibGUgd2lkdGg9IjMwMCIgY2VsbHBhZGRpbmc9IjMiIGNlbGxzcGFjaW5nPSIxIiBiZ2NvbG9yPSIjNjY2NjY2Ij4gICAgPHRyPjx0ZCB3aWR0aD0iNjAiIGFsaWduPSJjZW50ZXIiIGJnY29sb3I9IiNmZmNjY2MiPjxmb250IHNpemU9IjIiIGNvbG9yPSIjMzMzMzMzIj7jgrXjgqTjgro8L2ZvbnQ+PC90ZD4gIDx0ZCB3aWR0aD0iMjQwIiBiZ2NvbG9yPSIjRkZGRkZGIj48Zm9udCBzaXplPSIyIiBjb2xvcj0iIzMzMzMzMyI+6Kaq6aqo44K144Kk44K657SENTBjbTxicj7plovjgYTjgZ/mmYLjga7nm7TlvoTntIQ4MmNtPGJyPuWPjue0jeaZgjrntIQzNi41Y208YnI+6YeN6YePL+e0hDIxMGc8L2ZvbnQ+PC90ZD4gIDwvdHI+ICAKPHRyPjx0ZCBhbGlnbj0iY2VudGVyIiBiZ2NvbG9yPSIjZmZjY2NjIj4gPGZvbnQgc2l6ZT0iMiIgY29sb3I9IiMzMzMzMzMiPuOCq+ODqeODvDwvZm9udD48L3RkPiAgPHRkIGJnY29sb3I9IiNGRkZGRkYiPjxmb250IHNpemU9IjIiIGNvbG9yPSIjMzMzMzMzIj7jgJAzNDc4M+OAkeODlOODs+OCrzxicj7jgJAzNDc4NOOAkeODluODqeODg+OCrzxicj7jgJAzNDc4NeOAkeODmeODvOOCuOODpTxicj7jgJAzNTA2OeOAkeODjeOCpOODk+ODvDwvZm9udD48L3RkPiAgICAgIDwvdHI+ICAKPHRyPjx0ZCBhbGlnbj0iY2VudGVyIiBiZ2NvbG9yPSIjZmZjY2NjIj48Zm9udCBzaXplPSIyIiBjb2xvcj0iIzMzMzMzMyI+57Sg5p2QPC9mb250PjwvdGQ+ICA8dGQgYmdjb2xvcj0iI0ZGRkZGRiI+IDxmb250IHNpemU9IjIiIGNvbG9yPSIjMzMzMzMzIj7jg53jg6rjgqjjgrnjg4bjg6vjgIFGUlDjgIHjgqLjg6vjg5/jgIFQVkM8L2ZvbnQ+PC90ZD4gICAgICA8L3RyPiAgCjx0cj48dGQgYWxpZ249ImNlbnRlciIgYmdjb2xvcj0iI2ZmY2NjYyI+PGZvbnQgc2l6ZT0iMiIgY29sb3I9IiMzMzMzMzMiPuS7leanmDwvZm9udD48L3RkPiAgPHRkIGJnY29sb3I9IiNGRkZGRkYiPiA8Zm9udCBzaXplPSIyIiBjb2xvcj0iIzMzMzMzMyI+ICAgICBVVuOCq+ODg+ODiOWKueaenOS7mOOBjeOAguW+k+adpeOCiOOCiui7vemHj+OBi+OBpOOBl+OBquOChOOBi+OBp+S4iOWkq+OBquOCsOODqeOCueODleOCoeOCpOODkOODvOmqqOOAgumWieOBmOOCi+aZguOBq+aMh+OChOeIquOCkuOBr+OBleOBvuOBquOBhOODjeOCpOODq+OCrOODvOODieapn+iDveOAgjwvZm9udD48L3RkPiAgICAgIDwvdHI+Cgo8dHI+IDx0ZCBhbGlnbj0iY2VudGVyIiBiZ2NvbG9yPSIjZmZjY2NjIj48Zm9udCBzaXplPSIyIiBjb2xvcj0iIzMzMzMzMyI+5YKZ6ICDPC9mb250PjwvdGQ+IDx0ZCBiZ2NvbG9yPSIjRkZGRkZGIj48Zm9udCBzaXplPSIyIiBjb2xvcj0iIzMzMzMzMyI+VVbjgqvjg4Pjg4jnjoc5OO+8heS7peS4ijxicj7plonjgZjjgovmmYLjgavmjIfjgoTniKrjgpLjga/jgZXjgb7jgarjgYTjgojjgYbjgIHjg43jgqTjg6vjgqzjg7zjg4nvvIjkuIrjga/jgZjjgY3pg6jliIbph5Hlhbfjgqvjg5Djg7zvvInmqZ/og73ku5jjgY3jgafjgZnjgII8YnI+5YKY44KS6ZaL44GN44GN44Gj44Gf54q25oWL44Gn5bCR44GX44Gy44Gt44Gj44Gm44GE44Gf44Gg44GN44G+44GZ44Go44CB44GX44Gj44GL44KK44Go5Zu65a6a44GV44KM44G+44GZ44CCPC9mb250PjwvdGQ+IDwvdHI+PC90YWJsZT4=,44OU44Oz44Kv44OI44Oq44OD44KvIHBpbmsgdHJpY2sg5oqY44KK44Gf44Gf44G/IOWCmCDjg6zjg7zjgrnvvIbjg6rjg5zjg7Pmn4Qg44CQIOmbqOWCmCDml6Xlgpgg5oqY44KK55Wz44G/5YKYIOaZtOmbqOWFvOeUqCBVVuOCq+ODg+ODiCDjgJHjgJDljbPml6XnmbrpgIHjgJHvvJrjgrXjg4Pjgq/jgrnjg5Djg7w=,6YCa5L+h6LKp5aOy6YCa6LKp44K344On44OD44OU44Oz44Kw44Kq44Oz44Op44Kk44Oz44K344On44OD44OU44Oz44Kw6LK344GE54mp44OX44Os44K844Oz44OI44Ku44OV44OI6LSI44KK54mp6LSI562U5ZOB44GK5Lit5YWD44GK5q2z5pqu44GK6LK344GE5b6X44Od44O844K/44O8UE9SVEVS5ZCJ55Sw44Kr44OQ44Oz44K/44Kx44Kq44Kt44Kv44OBVEFLRU8gS0lLVUNISeOCquODreODk+OCouODs+OCs09ST0JJQU5DT+ODkOODs+ODh+ODq0JBTkRFTOODi+ODpeODvOOCqOODqeOCueODhuOCo+OCsOODreODvOOCrOODs+OCr+ODrOOCpOOCteOCueODgOOCuuODquODs+ODqeOCs+OCueODhuOCouODs+OCsOODquODg+ODieODoOODq+ODvOOCouODquOCqOODs+ODgOOCqOODouODgOODquODpeODg+OCr+ODoeODs+OCuuODlOODs+OCr+ODiOODquODg+OCryBwaW5rIHRyaWNrIOaKmOOCiuOBn+OBn+OBvyDlgpgg44Os44O844K577yG44Oq44Oc44Oz5p+EIOOAkCDpm6jlgpgg5pel5YKYIOaKmOOCiueVs+OBv+WCmCDmmbTpm6jlhbznlKggVVbjgqvjg4Pjg4gg44CR44CQ5Y2z5pel55m66YCB44CR,44OU44Oz44Kv44OI44Oq44OD44KvIHBpbmt0cmljayDlgpgg5pel5YKYIOmAgeaWmeeEoeaWme+8gSDjgYLjgZnmpb3jgILjg5Tjg7Pjgq/jg4jjg6rjg4Pjgq8gcGluayB0cmljayDmipjjgorjgZ/jgZ/jgb8g5YKYIOODrOODvOOCue+8huODquODnOODs+afhCDjgJAg6Zuo5YKYIOaXpeWCmCDmipjjgornlbPjgb/lgpgg5pm06Zuo5YW855SoIFVW44Kr44OD44OIIOOAkeOAkOWNs+aXpeeZuumAgeOAkQ==[rn]
15-197388,aHR0cDovL3RzaG9wLnIxMHMuanAvemFra2F5YWZyZWUvY2FiaW5ldC9pbWcxOC9zcC1oaGxnNjAyMC5qcGc/Zml0aW49NzAwOjcwMA==,NzYwLjAwMDA=,,44OQ44OD44Kw44O75bCP54mp44O744OW44Op44Oz44OJ6ZuR6LKoID4g5YKYID4g44Os44OH44Kj44O844K56Zuo5YKY,SEFQUFkgQ0xFQVIgVU1CUkVMTEEgR09MRiDlgpgg44Os44OH44Kj44O844K5IOODoeODs+OCuiDjg5Pjg4vjg7zjg6vlgpgg44GL44GVIOOBiuOBl+OCg+OCjCDjgYvjgo/jgYTjgYQg5aSn44GN44KBIOS4iOWkqyA1OC41Y20g44K044Or44OV,,PHRhYmxlIHdpZHRoPSIxMDAlIiBib3JkZXI9IjAiIGFsaWduPSJjZW50ZXIiIGNlbGxwYWRkaW5nPSIwIiBjZWxsc3BhY2luZz0iMCI+PHRyPjx0ZCBhbGlnbj0iY2VudGVyIiB2YWxpZ249InRvcCI+PGltZyBzcmM9Imh0dHA6Ly9pbWFnZS5yYWt1dGVuLmNvLmpwL3pha2theWFmcmVlL2NhYmluZXQvaW1nMTgvc3AtaGhsZzYwMjAuanBnIiB3aWR0aD0iMTAwJSIgLz48L3RkPjwvdHI+PHRyPjx0ZCBhbGlnbj0iY2VudGVyIiB2YWxpZ249InRvcCI+PHRhYmxlIHdpZHRoPSIxMDAlIiBib3JkZXI9IjEiIGNlbGxzcGFjaW5nPSIxIiBjZWxscGFkZGluZz0iMCIgYm9yZGVyY29sb3I9IiNGRjk5RkYiIGJnY29sb3I9IiNGRkNDRkYiPjx0cj48dGQgd2lkdGg9IjE3JSIgaGVpZ2h0PSIzMCIgYWxpZ249ImxlZnQiIHZhbGlnbj0ibWlkZGxlIj7jgrXjgqTjgro8L3RkPjx0ZCBoZWlnaHQ9IjMwIiBhbGlnbj0ibGVmdCIgdmFsaWduPSJtaWRkbGUiPjEwMDDPhiA4MDBoL+imqumqqO+8mjU4LjVjbSDigLvlsLrjga7ooajoqJjjgYznhKHjgYTjgrXjgqTjgrrjga/vvIjjg5/jg6rvvIk8L3RkPjwvdHI+PHRyPjx0ZCB3aWR0aD0iMTclIiBoZWlnaHQ9IjMwIiBhbGlnbj0ibGVmdCIgdmFsaWduPSJtaWRkbGUiPue0oOadkDwvdGQ+PHRkIGhlaWdodD0iMzAiIGFsaWduPSJsZWZ0IiB2YWxpZ249Im1pZGRsZSI+5YKY55Sf5ZywL+ODneODquOCqOODgeODrOODs+OAgemqqC/jgrDjg6njgrnjg5XjgqHjgqTjg5Djg7w8L3RkPjwvdHI+PHRyPjx0ZCB3aWR0aD0iMTclIiBoZWlnaHQ9IjMwIiBhbGlnbj0ibGVmdCIgdmFsaWduPSJtaWRkbGUiPuWCmeiAgzwvdGQ+PHRkIGhlaWdodD0iMzAiIGFsaWduPSJsZWZ0IiB2YWxpZ249Im1pZGRsZSI+MzEwZzwvdGQ+PC90cj48L3RhYmxlPjwvdGQ+PC90cj48dHI+PHRkIGFsaWduPSJjZW50ZXIiIHZhbGlnbj0idG9wIj48dGFibGUgd2lkdGg9IjEwMCUiIGJvcmRlcj0iMSIgY2VsbHNwYWNpbmc9IjEiIGNlbGxwYWRkaW5nPSIwIiBib3JkZXJjb2xvcj0iI0ZGOTlGRiI+PHRyPjx0ZCBhbGlnbj0ibGVmdCIgdmFsaWduPSJtaWRkbGUiPjxmb250IGNvbG9yPSIjRkYwMDAwIiBzaXplPSI0Ij48YnIgLz7opqrpqqjjgajlj5fjgZHpqqjjga/lvLfjgY/jgabmipjjgozjgavjgY/jgYTjgrDjg6njgrnjg5XjgqHjgqTjg5Djg7zjga7lgpg8L2ZvbnQ+PGJyPjxicj48Zm9udCBjb2xvcj0iIzAwMDAwMCIgc2l6ZT0iMyI+6Zuo44Gu5pel44Gu5rCX5YiG44KS5pm044KM44KE44GL44Gr44GX44Gm44GP44KM44KL44OT44OL44O844Or5YKY44CCPGJyPjxicj7opqrpqqjjgajlj5fjgZHpqqjjga/lvLfjgY/jgabmipjjgozjgavjgY/jgYTntKDmnZDjgrDjg6njgrnjg5XjgqHjgqTjg5Djg7zjgII8YnI+PGJyPuW8t+OBhOmbqOOBp+OCgua/oeOCjOOBq+OBj+OBhDU4LjVjbeOBruWkp+WIpOOCteOCpOOCuuOAgjxicj48YnI+55S35oCn44Gr44KC44Kq44K544K544Oh44Gu5aSn44GN44GV44CCPGJyPjxicj7niKrjgoTmjIfjgpLjga/jgZXjgb7jgarjgYTjg43jgqTjg6vjgqzjg7zjg4nku5jjgY3jgaflpbPmgKfjgavjgoLlronlv4PjgII8YnI+PGJyPuODk+ODi+ODvOODq+e0oOadkOOBruODneODquOCqOODgeODrOODs+OBr+eHg+OChOOBl+OBpuOCguODgOOCpOOCquOCreOCt+ODs+OBjOeZuueUn+OBl+OBquOBhOeSsOWig+OBq+WEquOBl+OBhOe0oOadkOOBp+OBmeOAgjxicj48YnI+44Gb44Gj44GL44GP6LK344GG44Gq44KJ44GK44GX44KD44KM44Gq44OT44OL44O844Or5YKY44Gv44GE44GL44GM44Gn44GZ44GL44CCPGJyPjxicj7jgrTjg6vjg5XjgpLjgZnjgovkurrjga7miYvjgavjga/jgq/jg6njg5bjgafjga/jgarjgY/lgpjjgavjgarjgaPjgabjgYTjgovntbXmn4TjgII8YnI+PGJyPuOCt+ODg+OCr+OBquODh+OCtuOCpOODs+OBq+mBiuOBs+W/g+OCkuWKoOOBiOOAgeOCtOODq+ODleWlveOBjeOBquS6uuOChOeUt+aAp+OBuOOBruODl+ODrOOCvOODs+ODiOOBq+OCguOBiuOBmeOBmeOCgeOAgjxicj48YnI+PC9mb250PjwvdGQ+PC90cj48L3RhYmxlPjwvdGQ+PC90cj48dHI+PHRkIGFsaWduPSJjZW50ZXIiIHZhbGlnbj0idG9wIj48aW1nIHNyYz0iaHR0cDovL2ltYWdlLnJha3V0ZW4uY28uanAvemFra2F5YWZyZWUvY2FiaW5ldC9pbWcxOC9zcC1oaGxnNjAxMF8xLmpwZyIgd2lkdGg9IjEwMCUiIC8+PC90ZD48L3RyPjwvdGFibGU+PGJyIC8+PGZvbnQgc2l6ZT0iMiI+44CQ5ZOB5ZCN44CR5YKYIOODrOODh+OCo+ODvOOCuSDjg6Hjg7Pjgrog44OT44OL44O844Or5YKYIOOBi+OBlSDjgYrjgZfjgoPjgowg44GL44KP44GE44GEIOWkp+OBjeOCgSDkuIjlpKsgNTguNWNtIOOCtOODq+ODlUhBUFBZIENMRUFSIFVNQlJFTExBIEdPTEY8YnIgLz7jgJDjgrXjgqTjgrrjga7ooajoqJjjgavjgaTjgYTjgabjgJHvvIhX77yJ44Gv5qiq5bmF44CB77yIRO+8ieOBr+WlpeihjOOBjeOAge+8iEjvvInjga/pq5jjgZXjgavjgarjgorjgb7jgZnjgII8L2ZvbnQ+PGJyIC8+PCEtLeOBk+OBk+OBi+OCieOCueODnuODm+ODrOOCuOWJjeWVhuWTgS0tPjxiciAvPjx0YWJsZSB3aWR0aD0iMTAwJSIgYm9yZGVyPSIwIiBjZWxsc3BhY2luZz0iMCIgY2VsbHBhZGRpbmc9IjAiPjx0cj48dGQ+PGltZyA9IiIgc3JjPSJodHRwOi8vaW1hZ2UucmFrdXRlbi5jby5qcC96YWtrYXlhZnJlZS9jYWJpbmV0L2hlYWRlci9jeW9pdGFzaGktMS5qcGciIHdpZHRoPSIxMDAlIiAvPjwvdGQ+PC90cj48dHI+PHRkPjxpbWcgPSIiIHNyYz0iaHR0cDovL2ltYWdlLnJha3V0ZW4uY28uanAvemFra2F5YWZyZWUvY2FiaW5ldC9oZWFkZXIvMDAwMDAwMDU1Mi0zMjYxMDAuanBnIiB3aWR0aD0iMTAwJSIgYm9yZGVyPSIwIiAvPjwvdGQ+PC90cj48dHI+PHRkPjxpbWcgPSIiIHNyYz0iaHR0cDovL2ltYWdlLnJha3V0ZW4uY28uanAvemFra2F5YWZyZWUvY2FiaW5ldC9oZWFkZXIvMDAwMDAwMDg5Ny0zMjYxMDAuanBnIiB3aWR0aD0iMTAwJSIgYm9yZGVyPSIwIiAvPjwvdGQ+PC90cj48dHI+PHRkPjxpbWcgPSIiIHNyYz0iaHR0cDovL2ltYWdlLnJha3V0ZW4uY28uanAvemFra2F5YWZyZWUvY2FiaW5ldC9oZWFkZXIvc3AtaXdseTQwMTAtMzI2MTAwLmpwZyIgd2lkdGg9IjEwMCUiIGJvcmRlcj0iMCIgLz48L3RkPjwvdHI+PC90YWJsZT48IS0t44GT44GT44G+44Gn44K544Oe44Ob44Os44K45YmN5ZWG5ZOBLS0+,SEFQUFkgQ0xFQVIgVU1CUkVMTEEgR09MRiDlgpgg44Os44OH44Kj44O844K5IOODoeODs+OCuiDjg5Pjg4vjg7zjg6vlgpgg44GL44GVIOOBiuOBl+OCg+OCjCDjgYvjgo/jgYTjgYQg5aSn44GN44KBIOS4iOWkqyA1OC41Y20g44K044Or44OV77ya44GL44KP44GE44GE77yG44GK44KC44GX44KN6ZuR6LKo5bGL44OV44Oq44O8,6YCa5L+h6LKp5aOy6YCa6LKp44K344On44OD44OU44Oz44Kw44Kq44Oz44Op44Kk44Oz44K344On44OD44OU44Oz44Kw6LK344GE54mp44OX44Os44K844Oz44OI44Ku44OV44OI6LSI44KK54mp6LSI562U5ZOB44GK5Lit5YWD44GK5q2z5pqu44GK6LK344GE5b6X5Y+O57SN44Oc44OD44Kv44K56ZuR6LKo44Kk44Oz44OG44Oq6ZuR6LKo55Sf5rS76ZuR6LKo44Kt44OD44OB44Oz6ZuR6LKo44Ks44O844OH44OL44Oz44Kw6ZuR6LKo44GK44KC44GX44KN6ZuR6LKo44GK44KC44GX44KN54Gw55q/44OG44Kj44OD44K344Ol44Kx44O844K5546E6Zai44Oe44OD44OI5YKY56uL44Gm44GK6Iy256KX6ZuR6LKo44Ks44O844OH44Oz44GU44G/566x44Kr44Os44Oz44OA44O844OB44Kn44K544Oe44Kw44Kr44OD44OX44Oa44KiSEFQUFkgQ0xFQVIgVU1CUkVMTEEgR09MRiDlgpgg44Os44OH44Kj44O844K5IOODoeODs+OCuiDjg5Pjg4vjg7zjg6vlgpgg44GL44GVIOOBiuOBl+OCg+OCjCDjgYvjgo/jgYTjgYQg5aSn44GN44KBIOS4iOWkqyA1OC41Y20g44K044Or44OV,6Kaq6aqo44Go5Y+X44GR6aqo44Gv5by344GP44Gm5oqY44KM44Gr44GP44GE44Kw44Op44K544OV44Kh44Kk44OQ44O844Gu5YKY44CCSEFQUFkgQ0xFQVIgVU1CUkVMTEEgR09MRiDlgpgg44Os44OH44Kj44O844K5IOODoeODs+OCuiDjg5Pjg4vjg7zjg6vlgpgg44GL44GVIOOBiuOBl+OCg+OCjCDjgYvjgo/jgYTjgYQg5aSn44GN44KBIOS4iOWkqyA1OC41Y20g44K044Or44OV[rn]
15-197389,aHR0cDovL3RzaG9wLnIxMHMuanAvemFra2F5YWZyZWUvY2FiaW5ldC9pbWcxOC9zcC1oaGxnNjA2MS5qcGc/Zml0aW49NzAwOjcwMA==,NzYwLjAwMDA=,,44OQ44OD44Kw44O75bCP54mp44O744OW44Op44Oz44OJ6ZuR6LKoID4g5YKYID4g44Os44OH44Kj44O844K56Zuo5YKY,SEFQUFkgQ0xFQVIgVU1CUkVMTEEgS0lEUyBGTEFHIOWCmCDjgq3jg4Pjgrog5a2Q44Gp44KCIOOCuOODpeODi+OCoiDjgYvjgo/jgYTjgYQg44GK44GX44KD44KMIOODk+ODi+ODvOODq+WCmCDkuIjlpKsgNTMuNWNtIOODleODqeODg+OCsA==,,PHRhYmxlIHdpZHRoPSIxMDAlIiBib3JkZXI9IjAiIGFsaWduPSJjZW50ZXIiIGNlbGxwYWRkaW5nPSIwIiBjZWxsc3BhY2luZz0iMCI+PHRyPjx0ZCBhbGlnbj0iY2VudGVyIiB2YWxpZ249InRvcCI+PGltZyBzcmM9Imh0dHA6Ly9pbWFnZS5yYWt1dGVuLmNvLmpwL3pha2theWFmcmVlL2NhYmluZXQvaW1nMTgvc3AtaGhsZzYwNjEuanBnIiB3aWR0aD0iMTAwJSIgLz48L3RkPjwvdHI+PHRyPjx0ZCBhbGlnbj0iY2VudGVyIiB2YWxpZ249InRvcCI+PHRhYmxlIHdpZHRoPSIxMDAlIiBib3JkZXI9IjEiIGNlbGxzcGFjaW5nPSIxIiBjZWxscGFkZGluZz0iMCIgYm9yZGVyY29sb3I9IiNGRjk5RkYiIGJnY29sb3I9IiNGRkNDRkYiPjx0cj48dGQgd2lkdGg9IjE3JSIgaGVpZ2h0PSIzMCIgYWxpZ249ImxlZnQiIHZhbGlnbj0ibWlkZGxlIj7jgrXjgqTjgro8L3RkPjx0ZCBoZWlnaHQ9IjMwIiBhbGlnbj0ibGVmdCIgdmFsaWduPSJtaWRkbGUiPjkzNc+GIDc0MGgv6Kaq6aqoNTMuNWNtIOKAu+WwuuOBruihqOiomOOBjOeEoeOBhOOCteOCpOOCuuOBr++8iOODn+ODqu+8iTwvdGQ+PC90cj48dHI+PHRkIHdpZHRoPSIxNyUiIGhlaWdodD0iMzAiIGFsaWduPSJsZWZ0IiB2YWxpZ249Im1pZGRsZSI+57Sg5p2QPC90ZD48dGQgaGVpZ2h0PSIzMCIgYWxpZ249ImxlZnQiIHZhbGlnbj0ibWlkZGxlIj7lgpjnlJ/lnLAv44Od44Oq44Ko44OB44Os44Oz44CB6aqoL+OCsOODqeOCueODleOCoeOCpOODkOODvCA8L3RkPjwvdHI+PHRyPjx0ZCB3aWR0aD0iMTclIiBoZWlnaHQ9IjMwIiBhbGlnbj0ibGVmdCIgdmFsaWduPSJtaWRkbGUiPuWCmeiAgzwvdGQ+PHRkIGhlaWdodD0iMzAiIGFsaWduPSJsZWZ0IiB2YWxpZ249Im1pZGRsZSI+MjgwZzwvdGQ+PC90cj48L3RhYmxlPjwvdGQ+PC90cj48dHI+PHRkIGFsaWduPSJjZW50ZXIiIHZhbGlnbj0idG9wIj48dGFibGUgd2lkdGg9IjEwMCUiIGJvcmRlcj0iMSIgY2VsbHNwYWNpbmc9IjEiIGNlbGxwYWRkaW5nPSIwIiBib3JkZXJjb2xvcj0iI0ZGOTlGRiI+PHRyPjx0ZCBhbGlnbj0ibGVmdCIgdmFsaWduPSJtaWRkbGUiPjxmb250IGNvbG9yPSIjRkYwMDAwIiBzaXplPSI0Ij48YnIgLz7opqrpqqjjgajlj5fjgZHpqqjjga/jgrDjg6njgrnjg5XjgqHjgqTjg5Djg7zmqLnohILjgpLkvb/nlKjjgZfou73jgY/jgabkuIjlpKs8L2ZvbnQ+PGJyPjxicj48Zm9udCBjb2xvcj0iIzAwMDAwMCIgc2l6ZT0iMyI+44Oe44Oe6YGU44Gu5oSP6KaL44KS44KC44Go44Gr44GX44Gf5a2Q44Gp44KC44KC6Ieq5YiG44KC5oyB44Gh44Gf44GE44CB6Zuo44Gu5pel44Gr6LKg44GR44Gq44GE5YWD5rCX44Gq44Kt44OD44K65ZCR44GR5YKY44CCPGJyPjxicj7oppbnlYzjga7mgqrjgYTpm6jjga7ml6XjgafjgoLlgpjjga7kuK3jgYvjgonlpJbjgYzopovjgYjjgIHpgJrlrabjgafjgoLlronlv4PjgII8YnI+PGJyPuODqeODs+ODieOCu+ODq+OCguWFpeOCi+Wkp+OBjeOCgeOBruOCteOCpOOCuuOAgjxicj48YnI+56ia5ZyS44Gu5bm06ZW344GV44KT44GL44KJ44OG44Kj44O844Oz44K644G+44Gn5bmF5bqD44GP5L2/44GI44G+44GZ44CCPGJyPjxicj7opqrpqqjjgajlj5fjgZHpqqjjga/jgrDjg6njgrnjg5XjgqHjgqTjg5Djg7zmqLnohILjgpLkvb/nlKjjgZfou73jgY/jgabkuIjlpKvjgavjgII8YnI+PGJyPuWuieWFqOOCkuiAg+aFruOBl+OBn+OAgeS4uOOBhOmcsuWFiOOCkuS9v+eUqOOBl+OBpuOBhOOBvuOBmeOAgjxicj48YnI+44OJ44OD44OI44KE44K544OI44Op44Kk44OX5p+E44Gu44OV44Op44OD44Kw44Go44Oq44Oc44Oz44GM5LiA6Z2i44Ga44Gk57mw44KK6L+U44GX44Gr44Gq44Gj44Gf5YWD5rCX44Gq44Od44OD44OX44Kr44Op44O844CCPGJyPjxicj7jgqTjg7Pjg5Hjgq/jg4jjgYLjgovlj6/mhJvjgZXjgYzpm6jjgYzlq4zjgYTjgarlrZDjganjgoLjgafjgoLjgYrlh7rjgYvjgZHjgYzmpb3jgZfjgY/jgarjgaPjgaHjgoPjgYTjgb7jgZnjgII8YnI+PGJyPjwvZm9udD48L3RkPjwvdHI+PC90YWJsZT48L3RkPjwvdHI+PHRyPjx0ZCBhbGlnbj0iY2VudGVyIiB2YWxpZ249InRvcCI+PGltZyBzcmM9Imh0dHA6Ly9pbWFnZS5yYWt1dGVuLmNvLmpwL3pha2theWFmcmVlL2NhYmluZXQvaW1nMTgvc3AtaGhsZzYwMTBfMS5qcGciIHdpZHRoPSIxMDAlIiAvPjwvdGQ+PC90cj48L3RhYmxlPjxiciAvPjxmb250IHNpemU9IjIiPuOAkOWTgeWQjeOAkeWCmCDjgq3jg4Pjgrog5a2Q44Gp44KCIOOCuOODpeODi+OCoiDjgYvjgo/jgYTjgYQg44GK44GX44KD44KMIOODk+ODi+ODvOODq+WCmCDkuIjlpKsgNTMuNWNtIOODleODqeODg+OCsEhBUFBZIENMRUFSIFVNQlJFTExBIEtJRFMgRkxBRzxiciAvPuOAkOOCteOCpOOCuuOBruihqOiomOOBq+OBpOOBhOOBpuOAke+8iFfvvInjga/mqKrluYXjgIHvvIhE77yJ44Gv5aWl6KGM44GN44CB77yISO+8ieOBr+mrmOOBleOBq+OBquOCiuOBvuOBmeOAgjwvZm9udD48YnIgLz48IS0t44GT44GT44GL44KJ44K544Oe44Ob44Os44K45YmN5ZWG5ZOBLS0+PGJyIC8+PHRhYmxlIHdpZHRoPSIxMDAlIiBib3JkZXI9IjAiIGNlbGxzcGFjaW5nPSIwIiBjZWxscGFkZGluZz0iMCI+PHRyPjx0ZD48aW1nID0iIiBzcmM9Imh0dHA6Ly9pbWFnZS5yYWt1dGVuLmNvLmpwL3pha2theWFmcmVlL2NhYmluZXQvaGVhZGVyL2N5b2l0YXNoaS0xLmpwZyIgd2lkdGg9IjEwMCUiIC8+PC90ZD48L3RyPjx0cj48dGQ+PGltZyA9IiIgc3JjPSJodHRwOi8vaW1hZ2UucmFrdXRlbi5jby5qcC96YWtrYXlhZnJlZS9jYWJpbmV0L2hlYWRlci8wMDAwMDAwNTUyLTMyNjEwMC5qcGciIHdpZHRoPSIxMDAlIiBib3JkZXI9IjAiIC8+PC90ZD48L3RyPjx0cj48dGQ+PGltZyA9IiIgc3JjPSJodHRwOi8vaW1hZ2UucmFrdXRlbi5jby5qcC96YWtrYXlhZnJlZS9jYWJpbmV0L2hlYWRlci8wMDAwMDAwODk3LTMyNjEwMC5qcGciIHdpZHRoPSIxMDAlIiBib3JkZXI9IjAiIC8+PC90ZD48L3RyPjx0cj48dGQ+PGltZyA9IiIgc3JjPSJodHRwOi8vaW1hZ2UucmFrdXRlbi5jby5qcC96YWtrYXlhZnJlZS9jYWJpbmV0L2hlYWRlci9zcC1pd2x5NDAxMC0zMjYxMDAuanBnIiB3aWR0aD0iMTAwJSIgYm9yZGVyPSIwIiAvPjwvdGQ+PC90cj48L3RhYmxlPjwhLS3jgZPjgZPjgb7jgafjgrnjg57jg5vjg6zjgrjliY3llYblk4EtLT4=,SEFQUFkgQ0xFQVIgVU1CUkVMTEEgS0lEUyBGTEFHIOWCmCDjgq3jg4Pjgrog5a2Q44Gp44KCIOOCuOODpeODi+OCoiDjgYvjgo/jgYTjgYQg44GK44GX44KD44KMIOODk+ODi+ODvOODq+WCmCDkuIjlpKsgNTMuNWNtIOODleODqeODg+OCsO+8muOBi+OCj+OBhOOBhO+8huOBiuOCguOBl+OCjembkeiyqOWxi+ODleODquODvA==,6YCa5L+h6LKp5aOy6YCa6LKp44K344On44OD44OU44Oz44Kw44Kq44Oz44Op44Kk44Oz44K344On44OD44OU44Oz44Kw6LK344GE54mp44OX44Os44K844Oz44OI44Ku44OV44OI6LSI44KK54mp6LSI562U5ZOB44GK5Lit5YWD44GK5q2z5pqu44GK6LK344GE5b6X5Y+O57SN44Oc44OD44Kv44K56ZuR6LKo44Kk44Oz44OG44Oq6ZuR6LKo55Sf5rS76ZuR6LKo44Kt44OD44OB44Oz6ZuR6LKo44Ks44O844OH44OL44Oz44Kw6ZuR6LKo44GK44KC44GX44KN6ZuR6LKo44GK44KC44GX44KN54Gw55q/44OG44Kj44OD44K344Ol44Kx44O844K5546E6Zai44Oe44OD44OI5YKY56uL44Gm44GK6Iy256KX6ZuR6LKo44Ks44O844OH44Oz44GU44G/566x44Kr44Os44Oz44OA44O844OB44Kn44K544Oe44Kw44Kr44OD44OX44Oa44KiSEFQUFkgQ0xFQVIgVU1CUkVMTEEgS0lEUyBGTEFHIOWCmCDjgq3jg4Pjgrog5a2Q44Gp44KCIOOCuOODpeODi+OCoiDjgYvjgo/jgYTjgYQg44GK44GX44KD44KMIOODk+ODi+ODvOODq+WCmCDkuIjlpKsgNTMuNWNtIOODleODqeODg+OCsA==,6Kaq6aqo44Go5Y+X44GR6aqo44Gv44Kw44Op44K544OV44Kh44Kk44OQ44O85qi56ISC44KS5L2/55So44GX6Lu944GP44Gm5LiI5aSr44CCSEFQUFkgQ0xFQVIgVU1CUkVMTEEgS0lEUyBGTEFHIOWCmCDjgq3jg4Pjgrog5a2Q44Gp44KCIOOCuOODpeODi+OCoiDjgYvjgo/jgYTjgYQg44GK44GX44KD44KMIOODk+ODi+ODvOODq+WCmCDkuIjlpKsgNTMuNWNtIOODleODqeODg+OCsA==[rn]
15-197390,aHR0cDovL3RzaG9wLnIxMHMuanAvcGFzc2FnZXNob3AvY2FiaW5ldC9raWhvbjEwL3AxMDAwNjkyMy0wMDEuanBnP2ZpdGluPTcwMDo3MDA=,MTc2MC4wMDAw,,44OQ44OD44Kw44O75bCP54mp44O744OW44Op44Oz44OJ6ZuR6LKoID4g5YKYID4g44Os44OH44Kj44O844K56Zuo5YKY,d++8jnDvvI5j44CA5oqY44KK44Gf44Gf44G/5YKY44CAamFnZ3njgIBoZWFydOOAgG1pbmnvvIjmmbTpm6jlhbznlKjjgIBVVuOCq+ODg+ODiOOAgOmbqOWCmOOAgGhlYXJ044CAYW5k44CAYm9yZGVy44CAbWluaeOAgFppcHBlcuOAgGNhc2XjgIDjgrjjg6Pjgq7jg7zjgIDjg4/jg7zjg4jjgIDjg6/jg7zjg6vjg4njg5Hjg7zjg4bjgqPjg7zjgIB3cGPjgIA0MjTvvI0xMjbvvInjgJDpgIHmlpnnhKHmlpnjgIDlnKjluqvmnInjgorjgJHjgJDjgYLjgZnmpb3jgJE=,,,d++8jnDvvI5j44CA5oqY44KK44Gf44Gf44G/5YKY44CAamFnZ3njgIBoZWFydOOAgG1pbmnvvIjmmbTpm6jlhbznlKjjgIBVVuOCq+ODg+ODiOOAgOmbqOWCmOOAgGhlYXJ044CAYW5k44CAYm9yZGVy44CAbWluaeOAgFppcHBlcuOAgGNhc2XjgIDjgrjjg6Pjgq7jg7zjgIDjg4/jg7zjg4jjgIDjg6/jg7zjg6vjg4njg5Hjg7zjg4bjgqPjg7zjgIB3cGPjgIA0MjQmbWludXM7MTI277yJ44CQ6YCB5paZ54Sh5paZ44CA5Zyo5bqr5pyJ44KK44CR44CQ44GC44GZ5qW944CR77ya44OR44K144O844K444Ol44K344On44OD44OX,6YCa5L+h6LKp5aOy6YCa6LKp44K344On44OD44OU44Oz44Kw44Kq44Oz44Op44Kk44Oz44K344On44OD44OU44Oz44Kw6LK344GE54mp44OX44Os44K844Oz44OI44Ku44OV44OI6LSI44KK54mp6LSI562U5ZOB44GK5Lit5YWD44GK5q2z5pqu44GK6LK344GE5b6XTWFuaGF0dGFuIFBhc3NhZ2Uo44Oe44Oz44OP44OD44K/44Oz44OR44OD44K744O844K4KXJlaXNlbnRoZWzvvIjjg6njgqTjgrzjg7Pjgr/jg7zjg6vvvIlMRVhPTu+8iOODrOOCr+OCveODs++8iVJPT1RPVEVTYXNzee+8iOOCteODg+OCt+ODvO+8iUJVSUxU77yI44OT44Or44OI77yJaW5ub3ZhdG9y77yI44Kk44OO44OZ44O844K/44O877yJ77yw77yj44OQ44OD44KwU1UtUEFDS+avjeWtkOaJi+W4s+OCseODvOOCueODnuODnuODkOODg+OCsOaXpeWCmOOCreODo+ODquODvOODkOODg+OCsOODk+OCuOODjeOCueODkOODg+OCsFJBSU5T77yI44Os44Kk44Oz44K677yJ44K344On44OD44OU44Oz44Kw44Kr44O844OI44OZ44OT44O844Kt44Oj44Oq44Ki5oqx44Gj44GT57SQS0VMVFnosqHluIN377yOcO+8jmPjgIDmipjjgorjgZ/jgZ/jgb/lgpjjgIBqYWdneeOAgGhlYXJ044CAbWluae+8iOaZtOmbqOWFvOeUqOOAgFVW44Kr44OD44OI44CA6Zuo5YKY44CAaGVhcnTjgIBhbmTjgIBib3JkZXLjgIBtaW5p44CAWmlwcGVy44CAY2FzZeOAgOOCuOODo+OCruODvOOAgOODj+ODvOODiOOAgOODr+ODvOODq+ODieODkeODvOODhuOCo+ODvOOAgHdwY+OAgDQyNCZtaW51czsxMjbvvInjgJDpgIHmlpnnhKHmlpnjgIDlnKjluqvmnInjgorjgJHjgJDjgYLjgZnmpb3jgJE=,44Op44Oz44OA44Og44Gr5pWj44KK44Gw44KB44KJ44KM44Gf44OP44O844OI4pmqdy5wLmPmlrDkvZzjgIJ377yOcO+8jmPjgIDmipjjgorjgZ/jgZ/jgb/lgpjjgIBqYWdneeOAgGhlYXJ044CAbWluae+8iOaZtOmbqOWFvOeUqOOAgFVW44Kr44OD44OI44CA6Zuo5YKY44CAaGVhcnTjgIBhbmTjgIBib3JkZXLjgIBtaW5p44CAWmlwcGVy44CAY2FzZeOAgOOCuOODo+OCruODvOOAgOODj+ODvOODiOOAgOODr+ODvOODq+ODieODkeODvOODhuOCo+ODvOOAgHdwY+OAgDQyNCZtaW51czsxMjbvvInjgJDpgIHmlpnnhKHmlpnjgIDlnKjluqvmnInjgorjgJHjgJDjgYLjgZnmpb3jgJE=[rn]
15-197391,aHR0cDovL3RzaG9wLnIxMHMuanAvcGFzc2FnZXNob3AvY2FiaW5ldC9raWhvbjIvaW1nNTg5NDIyNDAuanBnP2ZpdGluPTcwMDo3MDA=,MjQwMC4wMDAw,,44OQ44OD44Kw44O75bCP54mp44O744OW44Op44Oz44OJ6ZuR6LKoID4g5YKYID4g44Os44OH44Kj44O844K56Zuo5YKY,UnVieeOAgO+8i+OAgEVk44CAUHJlbWl1beOAgFNlcmllc+OAgFJNMTAwMeOAgFN0aWNr44CA6ZW35YKY44CQ6YCB5paZ54Sh5paZ44CA44Od44Kk44Oz44OIMuWAjeOAgOWcqOW6q+acieOCiuOAkeOAkOOBguOBmealveOAkeOAkDTmnIgyOOi/hOOAkQ==,,,UnVieeOAgO+8i+OAgEVk44CAUHJlbWl1beOAgFNlcmllc+OAgFJNMTAwMeOAgFN0aWNr44CA6ZW35YKY44CQ6YCB5paZ54Sh5paZ44CA44Od44Kk44Oz44OIMuWAjeOAgOWcqOW6q+acieOCiuOAkeOAkOOBguOBmealveOAkeOAkDTmnIgyOOi/hOOAke+8muODkeOCteODvOOCuOODpeOCt+ODp+ODg+ODlw==,6YCa5L+h6LKp5aOy6YCa6LKp44K344On44OD44OU44Oz44Kw44Kq44Oz44Op44Kk44Oz44K344On44OD44OU44Oz44Kw6LK344GE54mp44OX44Os44K844Oz44OI44Ku44OV44OI6LSI44KK54mp6LSI562U5ZOB44GK5Lit5YWD44GK5q2z5pqu44GK6LK344GE5b6XTWFuaGF0dGFuIFBhc3NhZ2Uo44Oe44Oz44OP44OD44K/44Oz44OR44OD44K744O844K4KXJlaXNlbnRoZWzvvIjjg6njgqTjgrzjg7Pjgr/jg7zjg6vvvIlMRVhPTu+8iOODrOOCr+OCveODs++8iVJPT1RPVEVTYXNzee+8iOOCteODg+OCt+ODvO+8iUJVSUxU77yI44OT44Or44OI77yJaW5ub3ZhdG9y77yI44Kk44OO44OZ44O844K/44O877yJ77yw77yj44OQ44OD44KwU1UtUEFDS+avjeWtkOaJi+W4s+OCseODvOOCueODnuODnuODkOODg+OCsOaXpeWCmOOCreODo+ODquODvOODkOODg+OCsOODk+OCuOODjeOCueODkOODg+OCsFJBSU5T77yI44Os44Kk44Oz44K677yJ44K344On44OD44OU44Oz44Kw44Kr44O844OI44OZ44OT44O844Kt44Oj44Oq44Ki5oqx44Gj44GT57SQS0VMVFnosqHluINSdWJ544CA77yL44CARWTjgIBQcmVtaXVt44CAU2VyaWVz44CAUk0xMDAx44CAU3RpY2vjgIDplbflgpjjgJDpgIHmlpnnhKHmlpnjgIDjg53jgqTjg7Pjg4gy5YCN44CA5Zyo5bqr5pyJ44KK44CR44CQ44GC44GZ5qW944CR44CQNOaciDI46L+E44CR,5aSn5Lq65rCX4piGUnVieeOBruODl+ODrOODn+OCouODoOWCmOOAkHNtdGItbXPjgJHjgIJSdWJ544CA77yL44CARWTjgIBQcmVtaXVt44CAU2VyaWVz44CAUk0xMDAx44CAU3RpY2vjgIDplbflgpjjgJDpgIHmlpnnhKHmlpnjgIDjg53jgqTjg7Pjg4gy5YCN44CA5Zyo5bqr5pyJ44KK44CR44CQ44GC44GZ5qW944CR44CQNOaciDI46L+E44CR[rn]
15-197392,aHR0cDovL3RzaG9wLnIxMHMuanAvcGFzc2FnZXNob3AvY2FiaW5ldC9raWhvbjExL3AxMDAwNzIwNy0wMDEuanBnP2ZpdGluPTcwMDo3MDA=,MTc2MC4wMDAw,,44OQ44OD44Kw44O75bCP54mp44O744OW44Op44Oz44OJ6ZuR6LKoID4g5YKYID4g44Os44OH44Kj44O844K56Zuo5YKY,d++8jnDvvI5j44CA5oqY44KK44Gf44Gf44G/5YKY44CA44Ob44K344OO44K744Kr44KkbWluae+8iOaZtOmbqOWFvOeUqOOAgFVW44Kr44OD44OI44CA6Zuo5YKY44CAaG9zaW5v44CAc2VrYWnjgIBtaW5p44CAWmlwcGVy44CAY2FzZeOAgOaYn+epuuOAgOODrOODiOODreOAgOODr+ODvOODq+ODieODkeODvOODhuOCo+ODvOOAgHdwY+OAgDI5Nu+8jTE2Nu+8ieOAkOmAgeaWmeeEoeaWmeOAgOWcqOW6q+acieOCiuOAkeOAkOOBguOBmealveOAkQ==,,,d++8jnDvvI5j44CA5oqY44KK44Gf44Gf44G/5YKY44CA44Ob44K344OO44K744Kr44KkbWluae+8iOaZtOmbqOWFvOeUqOOAgFVW44Kr44OD44OI44CA6Zuo5YKY44CAaG9zaW5v44CAc2VrYWnjgIBtaW5p44CAWmlwcGVy44CAY2FzZeOAgOaYn+epuuOAgOODrOODiOODreOAgOODr+ODvOODq+ODieODkeODvOODhuOCo+ODvOOAgHdwY+OAgDI5NiZtaW51czsxNjbvvInjgJDpgIHmlpnnhKHmlpnjgIDlnKjluqvmnInjgorjgJHjgJDjgYLjgZnmpb3jgJHvvJrjg5HjgrXjg7zjgrjjg6Xjgrfjg6fjg4Pjg5c=,6YCa5L+h6LKp5aOy6YCa6LKp44K344On44OD44OU44Oz44Kw44Kq44Oz44Op44Kk44Oz44K344On44OD44OU44Oz44Kw6LK344GE54mp44OX44Os44K844Oz44OI44Ku44OV44OI6LSI44KK54mp6LSI562U5ZOB44GK5Lit5YWD44GK5q2z5pqu44GK6LK344GE5b6XTWFuaGF0dGFuIFBhc3NhZ2Uo44Oe44Oz44OP44OD44K/44Oz44OR44OD44K744O844K4KXJlaXNlbnRoZWzvvIjjg6njgqTjgrzjg7Pjgr/jg7zjg6vvvIlMRVhPTu+8iOODrOOCr+OCveODs++8iVJPT1RPVEVTYXNzee+8iOOCteODg+OCt+ODvO+8iUJVSUxU77yI44OT44Or44OI77yJaW5ub3ZhdG9y77yI44Kk44OO44OZ44O844K/44O877yJ77yw77yj44OQ44OD44KwU1UtUEFDS+avjeWtkOaJi+W4s+OCseODvOOCueODnuODnuODkOODg+OCsOaXpeWCmOOCreODo+ODquODvOODkOODg+OCsOODk+OCuOODjeOCueODkOODg+OCsFJBSU5T77yI44Os44Kk44Oz44K677yJ44K344On44OD44OU44Oz44Kw44Kr44O844OI44OZ44OT44O844Kt44Oj44Oq44Ki5oqx44Gj44GT57SQS0VMVFnosqHluIN377yOcO+8jmPjgIDmipjjgorjgZ/jgZ/jgb/lgpjjgIDjg5vjgrfjg47jgrvjgqvjgqRtaW5p77yI5pm06Zuo5YW855So44CAVVbjgqvjg4Pjg4jjgIDpm6jlgpjjgIBob3Npbm/jgIBzZWthaeOAgG1pbmnjgIBaaXBwZXLjgIBjYXNl44CA5pif56m644CA44Os44OI44Ot44CA44Ov44O844Or44OJ44OR44O844OG44Kj44O844CAd3Bj44CAMjk2Jm1pbnVzOzE2Nu+8ieOAkOmAgeaWmeeEoeaWmeOAgOWcqOW6q+acieOCiuOAkeOAkOOBguOBmealveOAkQ==,5pif56m644KS44Kk44Oh44O844K444GX44Gf44Os44OI44Ot44OR44K/44O844Oz4pmqdy5wLmPmlrDkvZzjgIJ377yOcO+8jmPjgIDmipjjgorjgZ/jgZ/jgb/lgpjjgIDjg5vjgrfjg47jgrvjgqvjgqRtaW5p77yI5pm06Zuo5YW855So44CAVVbjgqvjg4Pjg4jjgIDpm6jlgpjjgIBob3Npbm/jgIBzZWthaeOAgG1pbmnjgIBaaXBwZXLjgIBjYXNl44CA5pif56m644CA44Os44OI44Ot44CA44Ov44O844Or44OJ44OR44O844OG44Kj44O844CAd3Bj44CAMjk2Jm1pbnVzOzE2Nu+8ieOAkOmAgeaWmeeEoeaWmeOAgOWcqOW6q+acieOCiuOAkeOAkOOBguOBmealveOAkQ==[rn]
15-197393,aHR0cDovL3RzaG9wLnIxMHMuanAvcGFzc2FnZXNob3AvY2FiaW5ldC9raWhvbjExL3AxMDAwNzIxMS0wMDEuanBnP2ZpdGluPTcwMDo3MDA=,MTYwMC4wMDAw,,44OQ44OD44Kw44O75bCP54mp44O744OW44Op44Oz44OJ6ZuR6LKoID4g5YKYID4g44Os44OH44Kj44O844K56Zuo5YKY,d++8jnDvvI5j44CA5oqY44KK44Gf44Gf44G/5YKY44CA44K444Kn44Og44Oq44Oc44OzbWluae+8iOaZtOmbqOWFvOeUqOOAgFVW44Kr44OD44OI44CA6Zuo5YKY44CAZ2Vt44CAcmliYm9u44CAbWluaeOAgFNUQU5EQVJE44CA44Oq44Oc44Oz44CA44OJ44OD44OI44CA44K344Oz44OX44Or44CA44Ov44O844Or44OJ44OR44O844OG44Kj44O844CAd3Bj44CAMTEx77yNMDE244CA44GK44GX44KD44KM77yJ44CQ6YCB5paZ54Sh5paZ44CA5Zyo5bqr5pyJ44KK44CR44CQ44GC44GZ5qW944CR,,,d++8jnDvvI5j44CA5oqY44KK44Gf44Gf44G/5YKY44CA44K444Kn44Og44Oq44Oc44OzbWluae+8iOaZtOmbqOWFvOeUqOOAgFVW44Kr44OD44OI44CA6Zuo5YKY44CAZ2Vt44CAcmliYm9u44CAbWluaeOAgFNUQU5EQVJE44CA44Oq44Oc44Oz44CA44OJ44OD44OI44CA44K344Oz44OX44Or44CA44Ov44O844Or44OJ44OR44O844OG44Kj44O844CAd3Bj44CAMTExJm1pbnVzOzAxNuOAgOOBiuOBl+OCg+OCjO+8ieOAkOmAgeaWmeeEoeaWmeOAgOWcqOW6q+acieOCiuOAkeOAkOOBguOBmealveOAke+8muODkeOCteODvOOCuOODpeOCt+ODp+ODg+ODlw==,6YCa5L+h6LKp5aOy6YCa6LKp44K344On44OD44OU44Oz44Kw44Kq44Oz44Op44Kk44Oz44K344On44OD44OU44Oz44Kw6LK344GE54mp44OX44Os44K844Oz44OI44Ku44OV44OI6LSI44KK54mp6LSI562U5ZOB44GK5Lit5YWD44GK5q2z5pqu44GK6LK344GE5b6XTWFuaGF0dGFuIFBhc3NhZ2Uo44Oe44Oz44OP44OD44K/44Oz44OR44OD44K744O844K4KXJlaXNlbnRoZWzvvIjjg6njgqTjgrzjg7Pjgr/jg7zjg6vvvIlMRVhPTu+8iOODrOOCr+OCveODs++8iVJPT1RPVEVTYXNzee+8iOOCteODg+OCt+ODvO+8iUJVSUxU77yI44OT44Or44OI77yJaW5ub3ZhdG9y77yI44Kk44OO44OZ44O844K/44O877yJ77yw77yj44OQ44OD44KwU1UtUEFDS+avjeWtkOaJi+W4s+OCseODvOOCueODnuODnuODkOODg+OCsOaXpeWCmOOCreODo+ODquODvOODkOODg+OCsOODk+OCuOODjeOCueODkOODg+OCsFJBSU5T77yI44Os44Kk44Oz44K677yJ44K344On44OD44OU44Oz44Kw44Kr44O844OI44OZ44OT44O844Kt44Oj44Oq44Ki5oqx44Gj44GT57SQS0VMVFnosqHluIN377yOcO+8jmPjgIDmipjjgorjgZ/jgZ/jgb/lgpjjgIDjgrjjgqfjg6Djg6rjg5zjg7NtaW5p77yI5pm06Zuo5YW855So44CAVVbjgqvjg4Pjg4jjgIDpm6jlgpjjgIBnZW3jgIByaWJib27jgIBtaW5p44CAU1RBTkRBUkTjgIDjg6rjg5zjg7PjgIDjg4njg4Pjg4jjgIDjgrfjg7Pjg5fjg6vjgIDjg6/jg7zjg6vjg4njg5Hjg7zjg4bjgqPjg7zjgIB3cGPjgIAxMTEmbWludXM7MDE244CA44GK44GX44KD44KM77yJ44CQ6YCB5paZ54Sh5paZ44CA5Zyo5bqr5pyJ44KK44CR44CQ44GC44GZ5qW944CR,5bCP44GV44Gq44Oq44Oc44Oz44GM5aSn5Lq65Y+v5oSb44GE5oqY44KK55Wz44G/5YKY4pmqdy5wLmPmlrDkvZzjgIJ377yOcO+8jmPjgIDmipjjgorjgZ/jgZ/jgb/lgpjjgIDjgrjjgqfjg6Djg6rjg5zjg7NtaW5p77yI5pm06Zuo5YW855So44CAVVbjgqvjg4Pjg4jjgIDpm6jlgpjjgIBnZW3jgIByaWJib27jgIBtaW5p44CAU1RBTkRBUkTjgIDjg6rjg5zjg7PjgIDjg4njg4Pjg4jjgIDjgrfjg7Pjg5fjg6vjgIDjg6/jg7zjg6vjg4njg5Hjg7zjg4bjgqPjg7zjgIB3cGPjgIAxMTEmbWludXM7MDE244CA44GK44GX44KD44KM77yJ44CQ6YCB5paZ54Sh5paZ44CA5Zyo5bqr5pyJ44KK44CR44CQ44GC44GZ5qW944CR[rn]
15-197394,aHR0cDovL3RzaG9wLnIxMHMuanAvcGFzc2FnZXNob3AvY2FiaW5ldC9raWhvbjEyL3AxMDAwNzUxMS0wMDEuanBnP2ZpdGluPTcwMDo3MDA=,MTc2MC4wMDAw,,44OQ44OD44Kw44O75bCP54mp44O744OW44Op44Oz44OJ6ZuR6LKoID4g5YKYID4g44Os44OH44Kj44O844K56Zuo5YKY,d++8jnDvvI5j44CA5oqY44KK44Gf44Gf44G/5YKY44CA44OV44Op44Ov44O844OB44Kn44OD44KvbWluae+8iOaZtOmbqOWFvOeUqOOAgFVW44Kr44OD44OI44CA6Zuo5YKY44CAZmxvd2VyIGNoZWNr44CAbWluaeOAgFppcHBlcuOAgGNhc2XjgIDoirHjgIDjg6zjg4jjg63jgIDljJfmrKfjgIDjg6/jg7zjg6vjg4njg5Hjg7zjg4bjgqPjg7zjgIB3cGPjgIAzNDQtMTg377yJ44CQ6YCB5paZ54Sh5paZ44CA5Zyo5bqr5pyJ44KK44CR,,,d++8jnDvvI5j44CA5oqY44KK44Gf44Gf44G/5YKY44CA44OV44Op44Ov44O844OB44Kn44OD44KvbWluae+8iOaZtOmbqOWFvOeUqOOAgFVW44Kr44OD44OI44CA6Zuo5YKY44CAZmxvd2VyIGNoZWNr44CAbWluaeOAgFppcHBlcuOAgGNhc2XjgIDoirHjgIDjg6zjg4jjg63jgIDljJfmrKfjgIDjg6/jg7zjg6vjg4njg5Hjg7zjg4bjgqPjg7zjgIB3cGPjgIAzNDQtMTg377yJ44CQ6YCB5paZ54Sh5paZ44CA5Zyo5bqr5pyJ44KK44CR77ya44OR44K144O844K444Ol44K344On44OD44OX,6YCa5L+h6LKp5aOy6YCa6LKp44K344On44OD44OU44Oz44Kw44Kq44Oz44Op44Kk44Oz44K344On44OD44OU44Oz44Kw6LK344GE54mp44OX44Os44K844Oz44OI44Ku44OV44OI6LSI44KK54mp6LSI562U5ZOB44GK5Lit5YWD44GK5q2z5pqu44GK6LK344GE5b6XTWFuaGF0dGFuIFBhc3NhZ2Uo44Oe44Oz44OP44OD44K/44Oz44OR44OD44K744O844K4KXJlaXNlbnRoZWzvvIjjg6njgqTjgrzjg7Pjgr/jg7zjg6vvvIlMRVhPTu+8iOODrOOCr+OCveODs++8iVJPT1RPVEVTYXNzee+8iOOCteODg+OCt+ODvO+8iUJVSUxU77yI44OT44Or44OI77yJaW5ub3ZhdG9y77yI44Kk44OO44OZ44O844K/44O877yJ77yw77yj44OQ44OD44KwU1UtUEFDS+avjeWtkOaJi+W4s+OCseODvOOCueODnuODnuODkOODg+OCsOaXpeWCmOOCreODo+ODquODvOODkOODg+OCsOODk+OCuOODjeOCueODkOODg+OCsFJBSU5T77yI44Os44Kk44Oz44K677yJ44K344On44OD44OU44Oz44Kw44Kr44O844OI44OZ44OT44O844Kt44Oj44Oq44Ki5oqx44Gj44GT57SQS0VMVFnosqHluIN377yOcO+8jmPjgIDmipjjgorjgZ/jgZ/jgb/lgpjjgIDjg5Xjg6njg6/jg7zjg4Hjgqfjg4Pjgq9taW5p77yI5pm06Zuo5YW855So44CAVVbjgqvjg4Pjg4jjgIDpm6jlgpjjgIBmbG93ZXIgY2hlY2vjgIBtaW5p44CAWmlwcGVy44CAY2FzZeOAgOiKseOAgOODrOODiOODreOAgOWMl+asp+OAgOODr+ODvOODq+ODieODkeODvOODhuOCo+ODvOOAgHdwY+OAgDM0NC0xODfvvInjgJDpgIHmlpnnhKHmlpnjgIDlnKjluqvmnInjgorjgJE=,44OB44Kn44OD44Kv44Gu5Lit44Gr5bCP6Iqx44GM4pmqdy5wLmPmlrDkvZzjgIJ377yOcO+8jmPjgIDmipjjgorjgZ/jgZ/jgb/lgpjjgIDjg5Xjg6njg6/jg7zjg4Hjgqfjg4Pjgq9taW5p77yI5pm06Zuo5YW855So44CAVVbjgqvjg4Pjg4jjgIDpm6jlgpjjgIBmbG93ZXIgY2hlY2vjgIBtaW5p44CAWmlwcGVy44CAY2FzZeOAgOiKseOAgOODrOODiOODreOAgOWMl+asp+OAgOODr+ODvOODq+ODieODkeODvOODhuOCo+ODvOOAgHdwY+OAgDM0NC0xODfvvInjgJDpgIHmlpnnhKHmlpnjgIDlnKjluqvmnInjgorjgJE=[rn]
15-197395,aHR0cDovL3RzaG9wLnIxMHMuanAvcGFzc2FnZXNob3AvY2FiaW5ldC9raWhvbjExL3AxMDAwNzIxMi0wMDEuanBnP2ZpdGluPTcwMDo3MDA=,MTYwMC4wMDAw,,44OQ44OD44Kw44O75bCP54mp44O744OW44Op44Oz44OJ6ZuR6LKoID4g5YKYID4g44Os44OH44Kj44O844K56Zuo5YKY,d++8jnDvvI5j44CA5oqY44KK44Gf44Gf44G/5YKY44CA44K744O844Op44O844Oc44O844OA44O8bWluae+8iOaZtOmbqOWFvOeUqOOAgFVW44Kr44OD44OI44CA6Zuo5YKY44CAc2FpbG9y44CAYm9yZGVy44CAbWluaeOAgFNUQU5EQVJE44CA44K344Oe44K344Oe44CA44Oe44Oq44Oz44CA44K344Oz44OX44Or44CA44Ov44O844Or44OJ44OR44O844OG44Kj44O844CAd3Bj44CAMTEy77yNMDE244CA44GK44GX44KD44KM77yJ44CQ6YCB5paZ54Sh5paZ44CA5Zyo5bqr5pyJ44KK44CR44CQ44GC44GZ5qW944CR,,,d++8jnDvvI5j44CA5oqY44KK44Gf44Gf44G/5YKY44CA44K744O844Op44O844Oc44O844OA44O8bWluae+8iOaZtOmbqOWFvOeUqOOAgFVW44Kr44OD44OI44CA6Zuo5YKY44CAc2FpbG9y44CAYm9yZGVy44CAbWluaeOAgFNUQU5EQVJE44CA44K344Oe44K344Oe44CA44Oe44Oq44Oz44CA44K344Oz44OX44Or44CA44Ov44O844Or44OJ44OR44O844OG44Kj44O844CAd3Bj44CAMTEyJm1pbnVzOzAxNuOAgOOBiuOBl+OCg+OCjO+8ieOAkOmAgeaWmeeEoeaWmeOAgOWcqOW6q+acieOCiuOAkeOAkOOBguOBmealveOAke+8muODkeOCteODvOOCuOODpeOCt+ODp+ODg+ODlw==,6YCa5L+h6LKp5aOy6YCa6LKp44K344On44OD44OU44Oz44Kw44Kq44Oz44Op44Kk44Oz44K344On44OD44OU44Oz44Kw6LK344GE54mp44OX44Os44K844Oz44OI44Ku44OV44OI6LSI44KK54mp6LSI562U5ZOB44GK5Lit5YWD44GK5q2z5pqu44GK6LK344GE5b6XTWFuaGF0dGFuIFBhc3NhZ2Uo44Oe44Oz44OP44OD44K/44Oz44OR44OD44K744O844K4KXJlaXNlbnRoZWzvvIjjg6njgqTjgrzjg7Pjgr/jg7zjg6vvvIlMRVhPTu+8iOODrOOCr+OCveODs++8iVJPT1RPVEVTYXNzee+8iOOCteODg+OCt+ODvO+8iUJVSUxU77yI44OT44Or44OI77yJaW5ub3ZhdG9y77yI44Kk44OO44OZ44O844K/44O877yJ77yw77yj44OQ44OD44KwU1UtUEFDS+avjeWtkOaJi+W4s+OCseODvOOCueODnuODnuODkOODg+OCsOaXpeWCmOOCreODo+ODquODvOODkOODg+OCsOODk+OCuOODjeOCueODkOODg+OCsFJBSU5T77yI44Os44Kk44Oz44K677yJ44K344On44OD44OU44Oz44Kw44Kr44O844OI44OZ44OT44O844Kt44Oj44Oq44Ki5oqx44Gj44GT57SQS0VMVFnosqHluIN377yOcO+8jmPjgIDmipjjgorjgZ/jgZ/jgb/lgpjjgIDjgrvjg7zjg6njg7zjg5zjg7zjg4Djg7xtaW5p77yI5pm06Zuo5YW855So44CAVVbjgqvjg4Pjg4jjgIDpm6jlgpjjgIBzYWlsb3LjgIBib3JkZXLjgIBtaW5p44CAU1RBTkRBUkTjgIDjgrfjg57jgrfjg57jgIDjg57jg6rjg7PjgIDjgrfjg7Pjg5fjg6vjgIDjg6/jg7zjg6vjg4njg5Hjg7zjg4bjgqPjg7zjgIB3cGPjgIAxMTImbWludXM7MDE244CA44GK44GX44KD44KM77yJ44CQ6YCB5paZ54Sh5paZ44CA5Zyo5bqr5pyJ44KK44CR44CQ44GC44GZ5qW944CR,44Oe44Oq44Oz44Op44Kk44Kv44Oc44O844OA44O844GM54i944KE44GL44Gq55Wz44G/5YKY4pmqdy5wLmPmlrDkvZzjgIJ377yOcO+8jmPjgIDmipjjgorjgZ/jgZ/jgb/lgpjjgIDjgrvjg7zjg6njg7zjg5zjg7zjg4Djg7xtaW5p77yI5pm06Zuo5YW855So44CAVVbjgqvjg4Pjg4jjgIDpm6jlgpjjgIBzYWlsb3LjgIBib3JkZXLjgIBtaW5p44CAU1RBTkRBUkTjgIDjgrfjg57jgrfjg57jgIDjg57jg6rjg7PjgIDjgrfjg7Pjg5fjg6vjgIDjg6/jg7zjg6vjg4njg5Hjg7zjg4bjgqPjg7zjgIB3cGPjgIAxMTImbWludXM7MDE244CA44GK44GX44KD44KM77yJ44CQ6YCB5paZ54Sh5paZ44CA5Zyo5bqr5pyJ44KK44CR44CQ44GC44GZ5qW944CR[rn]
15-197396,aHR0cDovL3RzaG9wLnIxMHMuanAvcGFzc2FnZXNob3AvY2FiaW5ldC9raWhvbjYvaW1nNjEyNjI3MDcuanBnP2ZpdGluPTcwMDo3MDA=,MjgwMC4wMDAw,,44OQ44OD44Kw44O75bCP54mp44O744OW44Op44Oz44OJ6ZuR6LKoID4g5YKYID4g44Os44OH44Kj44O844K56Zuo5YKY,R2F1ZGnjgIBMb25n44CAVW1icmVsbGHjgIBHMDQ0MOOAgOmVt+WCmO+8iOOCrOOCpuODh+OCo+OAgOOCueODmuOCpOODs+OAgOODkOODq+OCu+ODreODiuOAgOa1t+Wklui8uOWFpe+8ieOAkOmAgeaWmeeEoeaWmeOAgOODneOCpOODs+ODiDEw5YCN44CA5Zyo5bqr5pyJ44KK44CR44CQ44GC44GZ5qW944CR44CQNeaciDEw6L+E44CR,,,R2F1ZGnjgIBMb25n44CAVW1icmVsbGHjgIBHMDQ0MOOAgOmVt+WCmO+8iOOCrOOCpuODh+OCo+OAgOOCueODmuOCpOODs+OAgOODkOODq+OCu+ODreODiuOAgOa1t+Wklui8uOWFpe+8ieOAkOmAgeaWmeeEoeaWmeOAgOODneOCpOODs+ODiDEw5YCN44CA5Zyo5bqr5pyJ44KK44CR44CQ44GC44GZ5qW944CR44CQNeaciDEw6L+E44CR77ya44OR44K144O844K444Ol44K344On44OD44OX,6YCa5L+h6LKp5aOy6YCa6LKp44K344On44OD44OU44Oz44Kw44Kq44Oz44Op44Kk44Oz44K344On44OD44OU44Oz44Kw6LK344GE54mp44OX44Os44K844Oz44OI44Ku44OV44OI6LSI44KK54mp6LSI562U5ZOB44GK5Lit5YWD44GK5q2z5pqu44GK6LK344GE5b6XTWFuaGF0dGFuIFBhc3NhZ2Uo44Oe44Oz44OP44OD44K/44Oz44OR44OD44K744O844K4KXJlaXNlbnRoZWzvvIjjg6njgqTjgrzjg7Pjgr/jg7zjg6vvvIlMRVhPTu+8iOODrOOCr+OCveODs++8iVJPT1RPVEVTYXNzee+8iOOCteODg+OCt+ODvO+8iUJVSUxU77yI44OT44Or44OI77yJaW5ub3ZhdG9y77yI44Kk44OO44OZ44O844K/44O877yJ77yw77yj44OQ44OD44KwU1UtUEFDS+avjeWtkOaJi+W4s+OCseODvOOCueODnuODnuODkOODg+OCsOaXpeWCmOOCreODo+ODquODvOODkOODg+OCsOODk+OCuOODjeOCueODkOODg+OCsFJBSU5T77yI44Os44Kk44Oz44K677yJ44K344On44OD44OU44Oz44Kw44Kr44O844OI44OZ44OT44O844Kt44Oj44Oq44Ki5oqx44Gj44GT57SQS0VMVFnosqHluINHYXVkaeOAgExvbmfjgIBVbWJyZWxsYeOAgEcwNDQw44CA6ZW35YKY77yI44Ks44Km44OH44Kj44CA44K544Oa44Kk44Oz44CA44OQ44Or44K744Ot44OK44CA5rW35aSW6Ly45YWl77yJ44CQ6YCB5paZ54Sh5paZ44CA44Od44Kk44Oz44OIMTDlgI3jgIDlnKjluqvmnInjgorjgJHjgJDjgYLjgZnmpb3jgJHjgJA15pyIMTDov4TjgJE=,5pel5pys5Yid5LiK6Zm444OW44Op44Oz44OJ4pmq44Ks44Km44OH44Kj44Gu5L2c5ZOB44GM5YKY44Gr44Gq44Gj44Gm55m75aC077yB77yB44CCR2F1ZGnjgIBMb25n44CAVW1icmVsbGHjgIBHMDQ0MOOAgOmVt+WCmO+8iOOCrOOCpuODh+OCo+OAgOOCueODmuOCpOODs+OAgOODkOODq+OCu+ODreODiuOAgOa1t+Wklui8uOWFpe+8ieOAkOmAgeaWmeeEoeaWmeOAgOODneOCpOODs+ODiDEw5YCN44CA5Zyo5bqr5pyJ44KK44CR44CQ44GC44GZ5qW944CR44CQNeaciDEw6L+E44CR[rn]
15-197397,aHR0cDovL3RzaG9wLnIxMHMuanAvcGFzc2FnZXNob3AvY2FiaW5ldC9raWhvbjcvaW1ncmMwMDYyMTUzOTk1LmpwZz9maXRpbj03MDA6NzAw,MjAwMC4wMDAw,,44OQ44OD44Kw44O75bCP54mp44O744OW44Op44Oz44OJ6ZuR6LKoID4g5YKYID4g44Os44OH44Kj44O844K56Zuo5YKY,T0ZFU1PjgIBCQkJSRUxMQeOAgGRlc2lnbmTjgIBieeOAgGpob27jgIBIb++8iOOCquODleOCp+OCueOAgOOCouODi+ODnuODq+OAgOWLleeJqeOAgOaKmOOCiuOBn+OBn+OBv+WCmOOAgOOBl+OBi+OAgOOCt+OCq+OAgOm5v+OAgOeGiuOAgOOBj+OBvuOAgOOCr+ODnuOAgOODjeOCs+OAgOeMq+OAgOOBreOBk+OAgOm7kuixueOAgOOCr+ODreODkuODp+OCpuOAgOOBj+OCjeOBsuOCh+OBhu+8ieOAkOmAgeaWmeeEoeaWmeOAgOWcqOW6q+acieOCiuOAkeOAkOOBguOBmealveOAkQ==,,,T0ZFU1PjgIBCQkJSRUxMQeOAgGRlc2lnbmTjgIBieeOAgGpob27jgIBIb++8iOOCquODleOCp+OCueOAgOOCouODi+ODnuODq+OAgOWLleeJqeOAgOaKmOOCiuOBn+OBn+OBv+WCmOOAgOOBl+OBi+OAgOOCt+OCq+OAgOm5v+OAgOeGiuOAgOOBj+OBvuOAgOOCr+ODnuOAgOODjeOCs+OAgOeMq+OAgOOBreOBk+OAgOm7kuixueOAgOOCr+ODreODkuODp+OCpuOAgOOBj+OCjeOBsuOCh+OBhu+8ieOAkOmAgeaWmeeEoeaWmeOAgOWcqOW6q+acieOCiuOAkeOAkOOBguOBmealveOAke+8muODkeOCteODvOOCuOODpeOCt+ODp+ODg+ODlw==,6YCa5L+h6LKp5aOy6YCa6LKp44K344On44OD44OU44Oz44Kw44Kq44Oz44Op44Kk44Oz44K344On44OD44OU44Oz44Kw6LK344GE54mp44OX44Os44K844Oz44OI44Ku44OV44OI6LSI44KK54mp6LSI562U5ZOB44GK5Lit5YWD44GK5q2z5pqu44GK6LK344GE5b6XTWFuaGF0dGFuIFBhc3NhZ2Uo44Oe44Oz44OP44OD44K/44Oz44OR44OD44K744O844K4KXJlaXNlbnRoZWzvvIjjg6njgqTjgrzjg7Pjgr/jg7zjg6vvvIlMRVhPTu+8iOODrOOCr+OCveODs++8iVJPT1RPVEVTYXNzee+8iOOCteODg+OCt+ODvO+8iUJVSUxU77yI44OT44Or44OI77yJaW5ub3ZhdG9y77yI44Kk44OO44OZ44O844K/44O877yJ77yw77yj44OQ44OD44KwU1UtUEFDS+avjeWtkOaJi+W4s+OCseODvOOCueODnuODnuODkOODg+OCsOaXpeWCmOOCreODo+ODquODvOODkOODg+OCsOODk+OCuOODjeOCueODkOODg+OCsFJBSU5T77yI44Os44Kk44Oz44K677yJ44K344On44OD44OU44Oz44Kw44Kr44O844OI44OZ44OT44O844Kt44Oj44Oq44Ki5oqx44Gj44GT57SQS0VMVFnosqHluINPRkVTU+OAgEJCQlJFTExB44CAZGVzaWduZOOAgGJ544CAamhvbuOAgEhv77yI44Kq44OV44Kn44K544CA44Ki44OL44Oe44Or44CA5YuV54mp44CA5oqY44KK44Gf44Gf44G/5YKY44CA44GX44GL44CA44K344Kr44CA6bm/44CA54aK44CA44GP44G+44CA44Kv44Oe44CA44ON44Kz44CA54yr44CA44Gt44GT44CA6buS6LG544CA44Kv44Ot44OS44On44Km44CA44GP44KN44Gy44KH44GG77yJ44CQ6YCB5paZ54Sh5paZ44CA5Zyo5bqr5pyJ44KK44CR44CQ44GC44GZ5qW944CR,44Kr44Op44OV44Or44Gq44Ki44OL44Oe44Or44Gu5Y+v5oSb44GE5oqY44KK55Wz44G/5YKY4pmq44CCT0ZFU1PjgIBCQkJSRUxMQeOAgGRlc2lnbmTjgIBieeOAgGpob27jgIBIb++8iOOCquODleOCp+OCueOAgOOCouODi+ODnuODq+OAgOWLleeJqeOAgOaKmOOCiuOBn+OBn+OBv+WCmOOAgOOBl+OBi+OAgOOCt+OCq+OAgOm5v+OAgOeGiuOAgOOBj+OBvuOAgOOCr+ODnuOAgOODjeOCs+OAgOeMq+OAgOOBreOBk+OAgOm7kuixueOAgOOCr+ODreODkuODp+OCpuOAgOOBj+OCjeOBsuOCh+OBhu+8ieOAkOmAgeaWmeeEoeaWmeOAgOWcqOW6q+acieOCiuOAkeOAkOOBguOBmealveOAkQ==[rn]
15-197398,aHR0cDovL3RzaG9wLnIxMHMuanAvcGFzc2FnZXNob3AvY2FiaW5ldC9raWhvbjQvaW1nNjA1MDA2NzguanBnP2ZpdGluPTcwMDo3MDA=,MzkyMC4wMDAw,,44OQ44OD44Kw44O75bCP54mp44O744OW44Op44Oz44OJ6ZuR6LKoID4g5YKYID4g44Os44OH44Kj44O844K56Zuo5YKY,TW9NQeOAgOaKmOOCiueVs+OBv+OCueOCq+OCpOOCouODs+ODluODrOODqeOAgO+8iOODouODnuOAgOWCmOOAgOOBi+OBleOAgOOCq+OCteOAgOOCouODs+ODluODrOODqeOAgOaKmOOCiuOBn+OBn+OBv+WCmOOAgOmbqOWCmOOAgOiHquWLlemWi+mWieOAgOODr+ODs+ODl+ODg+OCt+ODpeOAgOeUt+Wls+WFvOeUqOOAgOS6uuawl++8ieOAkOmAgeaWmeeEoeaWmeOAgOODneOCpOODs+ODiDXlgI3jgIDlnKjluqvmnInjgorjgJHjgJDjgYLjgZnmpb3jgJHjgJA05pyIMjTov4TjgJE=,,44CQ5Y2z57SN44CR6Zuo44Gu5pel44Gr6Z2S56m644KS54us44KK5Y2g44KB44Gn44GN44KL44Ki44Oz44OW44Os44Op44Gv44CB5LiW55WM5Lit44Gu6Zuo44Gu5pel44KS6Zm95rCX44Gr5aSJ44GI44Gm44GX44G+44GG5Lq65rCX6ICF44CC44Kw44Op44OV44Kj44OD44Kv44OH44K244Kk44OK44O844Go44GX44Gm5YmN6KGb55qE44Gq5L2c5ZOB44KS5pWw5aSa44GP55m66KGo44GX44Gf44OL44Ol44O844Oo44O844Kv44Gu44Os44K444Kn44Oz44OJ44CB44OG44Kj44Oc44O844Or44O744Kr44Or44Oe44Oz44Gv44CB44Om44O844Oi44Ki44Go6ama44GN44Gr44GC44G144KM44Gf44OX44Ot44OA44Kv44OI44OH44K244Kk44Oz44Gu5YKR5L2c44KS5q6L44GX44Gm44GP44KM44G+44GX44Gf44CCPGJyPgrjgqvjgrXjgpLplovjgYTjgZ/pgJTnq6/jgIHlhoXlgbTjgavluoPjgYzjgovpnZLnqbrjgajnnJ/jgaPnmb3jgYTpm7LjgYzpm6jjga7msJfliIbjgpLjg5Hjg4PjgajmmI7jgovjgY/mmbTjgonjgZfjgabjgY/jgozjgb7jgZnjgILjgqvjg6vjg57jg7Pjga7jgqLjgqTjg4fjgqPjgqLjgaflvbzjgYzpm7LjgpLmj4/jgY3jgIFFRk3jgYzjg4fjgrbjgqTjg7PjgZfjgb7jgZfjgZ/jgIIK5oqY44KK44Gf44Gf44G/44Ki44Oz44OW44Os44Op44Gv44CB44Oc44K/44Oz44KS5oq844GX44Gm44OR44OD44Go6ZaL44GE44Gf556s6ZaT44Gr6Z2S56m644GM5bqD44GM44KL44Gu44Gn44CB44OX44Os44K844Oz44OI44Gr44GZ44KL44Go44OP44OD44OU44O844KC5bqD44GM44KK44G+44GZ44CC44Oc44K/44Oz44KS5oq844GZ44Go5YKY44GM6ZaJ44GY44G+44GZ44CCCjxicj48YnI+CuOCteOCpOOCuu+8ms+GOTfDl0w1NGNt44CA77yI5oqY44KK55Wz44G/5pmC77yJTDI4Y20v6YeN6YeP77yaMzQwZy/ntKDmnZDvvJrjg4rjgqTjg63jg7Pjg7vjg5XjgqHjgqTjg5Djg7zjgrDjg6njgrnjg7vjgqLjg6vjg5/jg4vjgqbjg6Djg7vjgrnjg4Hjg7zjg6vjg7vjgrTjg6Av44OH44K244Kk44OK44O877ya44OG44Kj44Oc44O844Or44O744Kr44Or44Oe44OzKFRpYm9yIEthbG1hbikv44OH44K244Kk44Oz77ya44Ki44Oh44Oq44KrL+ijvemAoOWbve+8muS4reWbvS/jg5zjgr/jg7PlvI/vvIjplovplonmmYLvvIkv5Y+O57SN6KKL5LuY44GNLy/jgobjgYbjg6Hjg7zjg6vkuI3lj688YnI+PGJyPgrilqBNb01B44Ki44Oz44OW44Os44Op5LiA6KanPGJyPgrilqDmipjjgorjgZ/jgZ/jgb/lgpjkuIDopqc8YnI+CuKWoOaKmOOCiuOBn+OBn+OBv+WCmCjoh6rli5Xplovplokp5LiA6KanPGJyPgo8Zm9udCBjb2xvcj0icmVkIj48YnI+4oC76KSH5pWw5bqX6IiX44KS6YGL5Za244GX44Gm44GK44KK44G+44GZ44Gf44KB44CB44GU5rOo5paH44Gu5YWl44KM6YGV44GE562J44Gn5qyg5ZOB44Gq44Gp44Gr44Gq44Gj44Gm44GX44G+44GG5aC05ZCI44GM44GU44GW44GE44G+44GZ44CC5LiH44GM5LiA44CB55m66YCB44GM6YGF44KM44KL5aC05ZCI44Gv44CB44GU5rOo5paH5Y+X5LuY5b2T5pel5Lit44Gr44GU5qGI5YaF5beu44GX5LiK44GS44G+44GZ44CC6Kqg44Gr5oGQ44KM5YWl44KK44G+44GZ44GM44GU5LqG5om/44GP44Gg44GV44GE44G+44GZ44KI44GG44CB44GK6aGY44GE55Sz44GX5LiK44GS44G+44GZ44CCPC9mb250Pgo8YnI+44GK6LK344GE54mp44Ks44Kk44OJCu+8iOKAu+OBlOizvOWFpeWJjeOBq+W/heOBmuOBlOS4gOiqreOBj+OBoOOBleOBhOKAu++8iQo8YnI+PGJyPgoKPGltZyBzcmM9Imh0dHA6Ly9pbWFnZS5yYWt1dGVuLmNvLmpwL3Bhc3NhZ2VzaG9wL2NhYmluZXQvaWNvbi9zcF93cmFwcGluZy5qcGciIGJvcmRlcj0iMCIgd2lkdGg9IjEwMCUiPgoKPGJyPjxicj48Zm9udCBTaXplPSIyIiBDb2xvcj0iI2FhYSI+PGI+4pagS0VZIFdPUkTvvJo8L2I+TW9NQS/jg6Ljg54v44K544Kr44KkL+OCouODs+ODluODrOODqS9Ta3kgVW1icmVsbGEvQ29sbGFwc2libGUv44Kz44Op44OX44K344OW44OrL+iHquWLlS9BT0Mv44Kq44O844OI44OeL+mWi+mWiS/jgqrjg7zjg4jjg57jg4Hjg4Pjgq8v5qKF6ZuoL+OCs+ODs+ODkeOCr+ODiC/lj47ntI08L2ZvbnQ+,TW9NQeOAgOaKmOOCiueVs+OBv+OCueOCq+OCpOOCouODs+ODluODrOODqeOAgO+8iOODouODnuOAgOWCmOOAgOOBi+OBleOAgOOCq+OCteOAgOOCouODs+ODluODrOODqeOAgOaKmOOCiuOBn+OBn+OBv+WCmOOAgOmbqOWCmOOAgOiHquWLlemWi+mWieOAgOODr+ODs+ODl+ODg+OCt+ODpeOAgOeUt+Wls+WFvOeUqOOAgOS6uuawl++8ieOAkOmAgeaWmeeEoeaWmeOAgOODneOCpOODs+ODiDXlgI3jgIDlnKjluqvmnInjgorjgJHjgJDjgYLjgZnmpb3jgJHjgJA05pyIMjTov4TjgJHvvJrjg5HjgrXjg7zjgrjjg6Xjgrfjg6fjg4Pjg5c=,6YCa5L+h6LKp5aOy6YCa6LKp44K344On44OD44OU44Oz44Kw44Kq44Oz44Op44Kk44Oz44K344On44OD44OU44Oz44Kw6LK344GE54mp44OX44Os44K844Oz44OI44Ku44OV44OI6LSI44KK54mp6LSI562U5ZOB44GK5Lit5YWD44GK5q2z5pqu44GK6LK344GE5b6XTWFuaGF0dGFuIFBhc3NhZ2Uo44Oe44Oz44OP44OD44K/44Oz44OR44OD44K744O844K4KXJlaXNlbnRoZWzvvIjjg6njgqTjgrzjg7Pjgr/jg7zjg6vvvIlMRVhPTu+8iOODrOOCr+OCveODs++8iVJPT1RPVEVTYXNzee+8iOOCteODg+OCt+ODvO+8iUJVSUxU77yI44OT44Or44OI77yJaW5ub3ZhdG9y77yI44Kk44OO44OZ44O844K/44O877yJ77yw77yj44OQ44OD44KwU1UtUEFDS+avjeWtkOaJi+W4s+OCseODvOOCueODnuODnuODkOODg+OCsOaXpeWCmOOCreODo+ODquODvOODkOODg+OCsOODk+OCuOODjeOCueODkOODg+OCsFJBSU5T77yI44Os44Kk44Oz44K677yJ44K344On44OD44OU44Oz44Kw44Kr44O844OI44OZ44OT44O844Kt44Oj44Oq44Ki5oqx44Gj44GT57SQS0VMVFnosqHluINNb01B44CA5oqY44KK55Wz44G/44K544Kr44Kk44Ki44Oz44OW44Os44Op44CA77yI44Oi44Oe44CA5YKY44CA44GL44GV44CA44Kr44K144CA44Ki44Oz44OW44Os44Op44CA5oqY44KK44Gf44Gf44G/5YKY44CA6Zuo5YKY44CA6Ieq5YuV6ZaL6ZaJ44CA44Ov44Oz44OX44OD44K344Ol44CA55S35aWz5YW855So44CA5Lq65rCX77yJ44CQ6YCB5paZ54Sh5paZ44CA44Od44Kk44Oz44OINeWAjeOAgOWcqOW6q+acieOCiuOAkeOAkOOBguOBmealveOAkeOAkDTmnIgyNOi/hOOAkQ==,44Oc44K/44Oz44KS5oq844GZ44Gg44GR44Ov44Oz44K/44OD44OB77yB6Z2S56m644GM5bqD44GM44KK44G+44GZ4pmq44CCTW9NQeOAgOaKmOOCiueVs+OBv+OCueOCq+OCpOOCouODs+ODluODrOODqeOAgO+8iOODouODnuOAgOWCmOOAgOOBi+OBleOAgOOCq+OCteOAgOOCouODs+ODluODrOODqeOAgOaKmOOCiuOBn+OBn+OBv+WCmOOAgOmbqOWCmOOAgOiHquWLlemWi+mWieOAgOODr+ODs+ODl+ODg+OCt+ODpeOAgOeUt+Wls+WFvOeUqOOAgOS6uuawl++8ieOAkOmAgeaWmeeEoeaWmeOAgOODneOCpOODs+ODiDXlgI3jgIDlnKjluqvmnInjgorjgJHjgJDjgYLjgZnmpb3jgJHjgJA05pyIMjTov4TjgJE=[rn]
15-197399,aHR0cDovL3RzaG9wLnIxMHMuanAvZWxtdW5kb2Zvb2RzL2NhYmluZXQvMDM5NDI0MTUvZjAwMDMzYS5qcGc/Zml0aW49NzAwOjcwMA==,MTY4MC4wMDAw,,44OQ44OD44Kw44O75bCP54mp44O744OW44Op44Oz44OJ6ZuR6LKoID4g5YKYID4g44Os44OH44Kj44O844K56Zuo5YKY,44Os44OH44Kj44O844K5IOaKmOOCiuOBn+OBn+OBv+WCmCDjg6zjgqrjg5Hjg7zjg4ltaW5pNTBjbe+8iDM2OC0xMjXvvInpm6jlgpgg44Kz44Oz44OR44Kv44OIIOWPjue0jSDoirHmn4Qg44OS44On44Km5p+EIOixueafhCDjgqLjg4vjg57jg6vmn4Qg44GK44GX44KD44KMIOOBi+OCj+OBhOOBhCDjgqLjg7Pjg5bjg6zjg6kg6Zuo5YW3IOaihembqCDjg5fjg6zjgrzjg7Pjg4gg5q+N44Gu5pel44Ku44OV44OI,,PGltZyBzcmM9Imh0dHBzOi8vaW1hZ2UucmFrdXRlbi5jby5qcC9lbG11bmRvZm9vZHMvY2FiaW5ldC9yYW5raW5nL3JhbmtfZjAwMDMzXzE1MTAxNC5qcGciIHdpZHRoPSIxMDAlIiBhbHQ9IuOAkOODrOODh+OCo+ODvOOCueOAkeaKmOOCiuOBn+OBn+OBv+WCmCDjg6zjgqrjg5Hjg7zjg4ltaW5pNTBjbe+8iDM2OC0xMjXvvIlb6Zuo5YKYIOOCs+ODs+ODkeOCr+ODiCDlj47ntI0g6Iqx5p+EIOOBiuOBl+OCg+OCjCDjgYvjgo/jgYTjgYQg44Ki44Oz44OW44Os44OpIOmbqOWFtyDmooXpm6gg44OX44Os44K844Oz44OIIOavjeOBruaXpeOCruODleODiF3jgJDmpb3jgq7jg5Vf5YyF6KOF44CRICAg5qW95aSp44Op44Oz44Kt44Oz44KwMeS9jeWPl+iznu+8gSI+PGJyPjxicj4KPGltZyBzcmM9Imh0dHBzOi8vaW1hZ2UucmFrdXRlbi5jby5qcC9lbG11bmRvZm9vZHMvY2FiaW5ldC8wMzk0MjQxNS9mMDAwMzNhLmpwZyIgd2lkdGg9IjEwMCUiIGFsdD0i5oqY44KK44Gf44Gf44G/5YKY77yI44Os44OH44Kj44O844K577yJ44Os44Kq44OR44O844OJ5p+E44CAbWluaTUwY208YnI+77yIRU9QQVJEIG1pbmkg44Os44Kq44OR44O844OJbWluaS8zNjgtMTI177yJ44CA44Kr44Op44O8Ij48YnI+PGJyPgo8aW1nIHNyYz0iaHR0cHM6Ly9pbWFnZS5yYWt1dGVuLmNvLmpwL2VsbXVuZG9mb29kcy9jYWJpbmV0LzAzOTQyNDE1L2YwMDAzM18yYS5qcGciIHdpZHRoPSIxMDAlIiBhbHQ9IuaKmOOCiuOBn+OBn+OBv+WCmO+8iOODrOODh+OCo+ODvOOCue+8ieODrOOCquODkeODvOODieafhOOAgG1pbmk1MGNtPGJyPu+8iEVPUEFSRCBtaW5pIOODrOOCquODkeODvOODiW1pbmkvMzY4LTEyNe+8ieOAgOODh+OCo+ODhuODvOODqyI+PGJyPjxicj4KPGltZyBzcmM9Imh0dHBzOi8vaW1hZ2UucmFrdXRlbi5jby5qcC9lbG11bmRvZm9vZHMvY2FiaW5ldC8wMzE4NzMxNy9mMDAwMzNfMS5qcGciIHdpZHRoPSIxMDAlIiBhbHQ9IuaKmOOCiuOBn+OBn+OBv+WCmO+8iOODrOODh+OCo+ODvOOCue+8ieODrOOCquODkeODvOODieafhOOAgG1pbmk1MGNtPGJyPu+8iEVPUEFSRCBtaW5pIOODrOOCquODkeODvOODiW1pbmkvMzY4LTEyNe+8ieOAgOOCq+ODqeODvCI+PGJyPjxicj4KPGJyPgo8aW1nIHNyYz0iaHR0cHM6Ly9pbWFnZS5yYWt1dGVuLmNvLmpwL2VsbXVuZG9mb29kcy9jYWJpbmV0LzAyOTUxMzQ1L3JhaW5fbGluay5qcGciIGFsdD0i44Os44Kk44Oz44Kw44OD44K644KS6KaL44Gr6KGM44GPIj48YnI+PGJyPgoKPGI+57Sr5aSW57ea6Ziy5q2i5Yq55p6c44KC44GC44KL5qyy5by144KK44Gq6Zuo5YKY44CCPGJyPgrmkqXmsLTjgIHpmLLmsLTliqDlt6XjgoLmlr3jgZXjgozjgabjgYTjgb7jgZnjgII8L2I+PGJyPiAK44Ki44Kv44Oq44Or44Kz44O844OG44Kj44Oz44Kw44KS5pa944GX44Gm44GE44KL44Gf44KB44CB57Sr5aSW57ea6Ziy5q2i5Yq55p6c44KC44GC44KK44CB5pel5YKY44Go44GX44Gm44KC5L2/44GI44KL44Os44Kq44OR44O844OJ5p+E44Gu6Zuo5YKY44CCPGJyPgrmt6HoibLjga7lgpjjgafntIQ4MO+8heOAgea/g+iJsuOBp+e0hDkw77yF44Gu5Yq55p6c44GM55uu5a6J44Gn44GZ44CCPGJyPgrjg53jg7zjg4Hjga/jg5Xjg4Pjgq/jgavjgarjgaPjgabjgYTjgovjga7jgafjgIHjg5Djg4PjgrDjgarjganjgavlvJXjgaPjgYvjgZHjgabmjIHjgaHmranjgY/jgZPjgajjgoLjgafjgY3jgb7jgZnjgII8YnI+CuOCquOCt+ODo+ODrOOBquODrOOCquODkeODvOODieafhOOBquOBruOBp+OAgeODkOODg+OCsOOBq+W8leOBo+OBi+OBkeOBpuOBhOOCi+OBqOOCouOCr+OCu+ODs+ODiOOBq+OBquOBo+OBpuOCquOCt+ODo+ODrOOBp+OBmeOBre+8gTxicj4K44Kq44OV44CB44OU44Oz44Kv44CB44ON44Kk44OT44O844GuM+iJsuWxlemWi+OAgjxicj4K5q+N44Gu5pel44Ku44OV44OI44CB44OX44Os44K844Oz44OI44Gr44KC44GE44GE44Gn44GZ44Gt4pmqIDxicj4KPGJyPgrlk4HlkI3vvJrmipjjgorjgZ/jgZ/jgb/lgpjvvIjjg6zjg4fjgqPjg7zjgrnvvInjg6zjgqrjg5Hjg7zjg4nmn4TjgIBtaW5pNTBjbe+8iEVPUEFSRCBtaW5pIOODrOOCquODkeODvOODiW1pbmkvMzY4LTEyNe+8iTxicj4K57Sg5p2Q77ya44Od44Oq44Ko44K544OG44OrMTAwJTxicj4K44K144Kk44K677yaNTBjbSAvIOODneODvOODgee4piDntIQyNmNtPGJyPgrnlJ/nlKPlm73vvJrkuK3lm708YnI+CuODqeODg+ODlOODs+OCsO+8muWPr++8iOewoeaYk+WMheijhe+8iTxicj4K44GK5oCl44GO5a++5b+c77ya57+M5pel5Ye66I23T0vvvIjllrbmpa3ml6XjgavpmZDjgovvvIk8YnI+CumFjemAgeaWueazle+8muWuhemFjeS+v+OBruOBv++8iDxmb250IGNvbG9yPSJyZWQiPuKAu+ODoeODvOODq+S+v+eZuumAgeOBr+OBp+OBjeOBvuOBm+OCk+OAgjwvZm9udD7vvIk8YnI+CuWCmeiAg+ashO+8mjxicj4K6Zuo5YKY44Gn44GZ44GM44CB44Ki44Kv44Oq44Or44Kz44O844OG44Kj44Oz44Kw44KS5pa944GX44Gm44GE44KL44Gf44KB57Sr5aSW57ea6Ziy5q2i5Yq55p6c44KC44GC44KK44G+44GZ44CCPGJyPgrlgpjjga7oibLjgavjgojjgorpga7olL3njofjgYznlbDjgarjgorjgb7jgZnjgILmt6HoibLvvJrntIQ4MO+8heOAgea/g+iJsu+8mue0hDkw77yF44CCPGJyPjxicj48YnI+CjxpbWcgc3JjPSJodHRwczovL2ltYWdlLnJha3V0ZW4uY28uanAvZWxtdW5kb2Zvb2RzL2NhYmluZXQvMDI5NTEzNDUvcmFpbl9saW5rLmpwZyIgYWx0PSLjg6zjgqTjg7PjgrDjg4PjgrrjgpLopovjgavooYzjgY8iIHdpZHRoPSIxMDAlIj4KPGJyPjxicj4=,44Os44OH44Kj44O844K5IOaKmOOCiuOBn+OBn+OBv+WCmCDjg6zjgqrjg5Hjg7zjg4ltaW5pNTBjbe+8iDM2OC0xMjXvvInpm6jlgpgg44Kz44Oz44OR44Kv44OIIOWPjue0jSDoirHmn4Qg44OS44On44Km5p+EIOixueafhCDjgqLjg4vjg57jg6vmn4Qg44GK44GX44KD44KMIOOBi+OCj+OBhOOBhCDjgqLjg7Pjg5bjg6zjg6kg6Zuo5YW3IOaihembqCDjg5fjg6zjgrzjg7Pjg4gg5q+N44Gu5pel44Ku44OV44OI77ya44Ko44Or44Og44Oz44OJ,6YCa5L+h6LKp5aOy6YCa6LKp44K344On44OD44OU44Oz44Kw44Kq44Oz44Op44Kk44Oz44K344On44OD44OU44Oz44Kw6LK344GE54mp44OX44Os44K844Oz44OI44Ku44OV44OI6LSI44KK54mp6LSI562U5ZOB44GK5Lit5YWD44GK5q2z5pqu44GK6LK344GE5b6X44GK5q2z5pquIOW+oeats+aariDlvqHkuK3lhYMg44GK5Lit5YWDIOWGheelneOBhCDms5Xkuosg44OX44Os44K844Oz44OIIOWHuueUo+elneOBhCDjgq7jg5Xjg4jplbfpnbQg44Kr44K044OQ44OD44KwIOOCreODg+OCuiDlrZDkvpsg5pel5YKYIOODrOOCpOODs+OCs+ODvOODiCDmr43jga7ml6Ug54i244Gu5pel5bi95a2Q44CA5omL6KKL44CA44Oe44OV44Op44O844CA44ON44OD44Kv44Km44Kp44O844Oe44O844CA5YKY44CA44Os44Kk44Oz44Kz44O844OI44Kv44Oq44K544Oe44K544OX44Os44K844Oz44OI44CA5r+A5a6J44Kz44O844OS44O844Ku44OV44OI5a2Q5L6b5pyN44CA44OV44Kh44OD44K344On44Oz44CA44K544OI44Os44OD44OB44OR44Oz44OE44CA44K544Oq44Og44OR44Oz44OE44CA44K544Kt44OLJm1kYXNoO+OCpOODs+ODhuODquOCouOAgOmAmuiyqeOAgOOCqOOCueODi+ODg+OCr+OAgOOCouODqeODk+ODg+OCr+OAgOOCquODquOCqOODs+OCv+ODq+i8uOWFpembkeiyqOOBiuOBl+OCg+OCjOOCt+ODo+ODk+ODvOOAgOmbkeiyqOOCpOODs+ODneODvOODiOmbkeiyqOOAgOi8uOWFpembkeiyqOOAgOWAi+aAp+eahOWMl+asp+mbkeiyqOWtkOS+m+OAgOODquODpeODg+OCr+OCteODg+OCr+ODouODreODg+OCs+OAgOODiOODq+OCs+OAgOODjeODkeODvOODq+OAgOOCpOODs+ODieOAgOOCv+OCpOOAgOOCouOCuOOCoumbkeiyqOOAgOmAmuiyqemjn+WTgemjsuaWmeOCouODs+ODhuOCo+ODvOOCr+OCreODg+OCuuOAgOODmeODk+ODvOOAgDHmiY0y5omNM+aJjTTmiY015omNNuaJjTfmiY045omN44Os44OH44Kj44O844K5IOaKmOOCiuOBn+OBn+OBv+WCmCDjg6zjgqrjg5Hjg7zjg4ltaW5pNTBjbe+8iDM2OC0xMjXvvInpm6jlgpgg44Kz44Oz44OR44Kv44OIIOWPjue0jSDoirHmn4Qg44OS44On44Km5p+EIOixueafhCDjgqLjg4vjg57jg6vmn4Qg44GK44GX44KD44KMIOOBi+OCj+OBhOOBhCDjgqLjg7Pjg5bjg6zjg6kg6Zuo5YW3IOaihembqCDjg5fjg6zjgrzjg7Pjg4gg5q+N44Gu5pel44Ku44OV44OI,VVbjgqvjg4Pjg4jjgoLjgZnjgovmrLLlvLXjgorjgarmipjjgornlbPjgb/pm6jlgpjjgILjgILjg6zjg4fjgqPjg7zjgrkg5oqY44KK44Gf44Gf44G/5YKYIOODrOOCquODkeODvOODiW1pbmk1MGNt77yIMzY4LTEyNe+8iembqOWCmCDjgrPjg7Pjg5Hjgq/jg4gg5Y+O57SNIOiKseafhCDjg5Ljg6fjgqbmn4Qg6LG55p+EIOOCouODi+ODnuODq+afhCDjgYrjgZfjgoPjgowg44GL44KP44GE44GEIOOCouODs+ODluODrOODqSDpm6jlhbcg5qKF6ZuoIOODl+ODrOOCvOODs+ODiCDmr43jga7ml6Xjgq7jg5Xjg4g=[rn]
15-197400,aHR0cDovL3RzaG9wLnIxMHMuanAvZWxtdW5kb2Zvb2RzL2NhYmluZXQvMDMxODczMTcvaW1nNjQwMjYzOTguanBnP2ZpdGluPTcwMDo3MDA=,MTUyMC4wMDAw,,44OQ44OD44Kw44O75bCP54mp44O744OW44Op44Oz44OJ6ZuR6LKoID4g5YKYID4g44Os44OH44Kj44O844K56Zuo5YKY,6Zuo5YKY77yI44Os44OH44Kj44O844K577yJ44OV44Op44Ov44O844Oa44Kk44Oz44OIIDU4Y21b6Iqx5p+EIOOCouODs+ODluODrOODqSDmmbTpm6jlhbznlKgg6Zuo5YW3IFVW44Kr44OD44OIIOe0q+Wklue3mumYsuatoiDlpbPmgKfnlKgg44OX44Os44K844Oz44OIIOODlOODs+OCryDjg5Hjg7zjg5fjg6sg44K144OD44Kv44K5IOe0qyDjg5bjg6vjg7wg6Z2SIOawtOiJsiDjgYrjgZfjgoPjgowg44GL44KP44GE44GEIOavjeOBruaXpeOCruODleODiCDmooXpm6ggRkxPV0VSIFBBSU5UIHdwYyB3LnAuY10=,,44Kr44Op44OV44Or44Gq44GX44Ga44GP5p+E44GM5Y+v5oSb44GE77yB44GX44GL44KCVVbjgqvjg4Pjg4jliqDlt6XvvIE8YnI+Cjxicj48YnI+CuOCq+ODqeODleODq+OBquOBl+OBmuOBj+OBjOe3j+afhOOBq+OBquOBo+OBpuOBpuOAgeOBqOOBo+OBpuOCguOBiuOBl+OCg+OCjOKZqjxicj4K44GX44GL44KC57Sr5aSW57ea6Ziy5q2i5Yq55p6c44GM44GC44KK44CB6Zuo5YKY44Go44GX44Gm44Gg44GR44GY44KD44Gq44GP44CBPGJyPgrml6XlgpjjgajjgZfjgabjgoLjgYrkvb/jgYTjgYTjgZ/jgaDjgZHjgovlhKrjgozjgoLjga7jgII8YnI+CuODrOODh+OCo+ODvOOCueWQkeOBkeOBruOBiuOBl+OCg+OCjOOBquWCmOOBr+ODl+ODrOOCvOODs+ODiOOBq+OCguacgOmBqeOBp+OBmeOAgjxicj4K4pag57Sg5p2Q77ya44Od44Oq44Ko44K544OG44OrMTAwJS/opqrpqqjjga7ntKDmnZDvvJrjgrnjg4Hjg7zjg6sv5Lit5qOS44Gu57Sg5p2Q77ya44K544OB44O844OrL+aJi+WFg+OBrue0oOadkO+8muWQiOadv+W3u+OBjeKWoOeUn+eUo+Wbve+8muS4reWbveKWoOODqeODg+ODlOODs+OCsO+8muS4jeWPr+KWoOOBiuaApeOBjuWvvuW/nO+8mue/jOaXpeWHuuiNt09L77yI5Za25qWt5pel44Gr6ZmQ44KL77yJ4pag6YWN6YCB5pa55rOV77ya5a6F6YWN5L6/77yI4oC744Oh44O844Or5L6/55m66YCB44Gv44Gn44GN44G+44Gb44KT77yJ4pag5YKZ6ICD77ya44GT44Gu6KO95ZOB44Gv6Zuo5YKY44Go44GX44Gm44GK5L2/44GE44GE44Gf44Gg44GP44GT44Go44KS5Li744Go44GX44Gm44GE44G+44GZ44GM57Sr5aSW57ea6Ziy5q2i5Yq55p6c44GM44GC44KK44CB5pel5YKY44Go44GX44Gm44KC44GK5L2/44GE44GE44Gf44Gg44GR44G+44GZ44CCPGJyPgrkvYbjgZfjgIHoibLjga7mv4Pmt6HjgavjgojjgaPjgabntKvlpJbnt5rpmLLmraLlirnmnpzjgYznlbDjgarjgorjgb7jgZnjga7jgafkuIvoqJjjga7mlbDlgKTjgpLjgZTlj4LogIPjgY/jgaDjgZXjgYTjgII8YnI+Cjxicj4K4peP5reh6Imy77ya57SEODDvvIU8YnI+CuKXj+a/g+iJsu+8mjkw77yF5Lul5LiKPGJyPgo8aW1nIHNyYz0iaHR0cHM6Ly9pbWFnZS5yYWt1dGVuLmNvLmpwL2VsbXVuZG9mb29kcy9jYWJpbmV0LzAyOTUxMzQ1L3JhaW5fbGluay5qcGciIGFsdD0i44Os44Kk44Oz44Kw44OD44K644KS6KaL44Gr6KGM44GPIiB3aWR0aD0iMTAwJSI+Cjxicj48YnI+,6Zuo5YKY77yI44Os44OH44Kj44O844K577yJ44OV44Op44Ov44O844Oa44Kk44Oz44OIIDU4Y21b6Iqx5p+EIOOCouODs+ODluODrOODqSDmmbTpm6jlhbznlKgg6Zuo5YW3IFVW44Kr44OD44OIIOe0q+Wklue3mumYsuatoiDlpbPmgKfnlKgg44OX44Os44K844Oz44OIIOODlOODs+OCryDjg5Hjg7zjg5fjg6sg44K144OD44Kv44K5IOe0qyDjg5bjg6vjg7wg6Z2SIOawtOiJsiDjgYrjgZfjgoPjgowg44GL44KP44GE44GEIOavjeOBruaXpeOCruODleODiCDmooXpm6ggRkxPV0VSIFBBSU5UIHdwYyB3LnAuY13vvJrjgqjjg6vjg6Djg7Pjg4k=,6YCa5L+h6LKp5aOy6YCa6LKp44K344On44OD44OU44Oz44Kw44Kq44Oz44Op44Kk44Oz44K344On44OD44OU44Oz44Kw6LK344GE54mp44OX44Os44K844Oz44OI44Ku44OV44OI6LSI44KK54mp6LSI562U5ZOB44GK5Lit5YWD44GK5q2z5pqu44GK6LK344GE5b6X44GK5q2z5pquIOW+oeats+aariDlvqHkuK3lhYMg44GK5Lit5YWDIOWGheelneOBhCDms5Xkuosg44OX44Os44K844Oz44OIIOWHuueUo+elneOBhCDjgq7jg5Xjg4jplbfpnbQg44Kr44K044OQ44OD44KwIOOCreODg+OCuiDlrZDkvpsg5pel5YKYIOODrOOCpOODs+OCs+ODvOODiCDmr43jga7ml6Ug54i244Gu5pel5bi95a2Q44CA5omL6KKL44CA44Oe44OV44Op44O844CA44ON44OD44Kv44Km44Kp44O844Oe44O844CA5YKY44CA44Os44Kk44Oz44Kz44O844OI44Kv44Oq44K544Oe44K544OX44Os44K844Oz44OI44CA5r+A5a6J44Kz44O844OS44O844Ku44OV44OI5a2Q5L6b5pyN44CA44OV44Kh44OD44K344On44Oz44CA44K544OI44Os44OD44OB44OR44Oz44OE44CA44K544Oq44Og44OR44Oz44OE44CA44K544Kt44OLJm1kYXNoO+OCpOODs+ODhuODquOCouOAgOmAmuiyqeOAgOOCqOOCueODi+ODg+OCr+OAgOOCouODqeODk+ODg+OCr+OAgOOCquODquOCqOODs+OCv+ODq+i8uOWFpembkeiyqOOBiuOBl+OCg+OCjOOCt+ODo+ODk+ODvOOAgOmbkeiyqOOCpOODs+ODneODvOODiOmbkeiyqOOAgOi8uOWFpembkeiyqOOAgOWAi+aAp+eahOWMl+asp+mbkeiyqOWtkOS+m+OAgOODquODpeODg+OCr+OCteODg+OCr+ODouODreODg+OCs+OAgOODiOODq+OCs+OAgOODjeODkeODvOODq+OAgOOCpOODs+ODieOAgOOCv+OCpOOAgOOCouOCuOOCoumbkeiyqOOAgOmAmuiyqemjn+WTgemjsuaWmeOCouODs+ODhuOCo+ODvOOCr+OCreODg+OCuuOAgOODmeODk+ODvOOAgDHmiY0y5omNM+aJjTTmiY015omNNuaJjTfmiY045omN6Zuo5YKY77yI44Os44OH44Kj44O844K577yJ44OV44Op44Ov44O844Oa44Kk44Oz44OIIDU4Y21b6Iqx5p+EIOOCouODs+ODluODrOODqSDmmbTpm6jlhbznlKgg6Zuo5YW3IFVW44Kr44OD44OIIOe0q+Wklue3mumYsuatoiDlpbPmgKfnlKgg44OX44Os44K844Oz44OIIOODlOODs+OCryDjg5Hjg7zjg5fjg6sg44K144OD44Kv44K5IOe0qyDjg5bjg6vjg7wg6Z2SIOawtOiJsiDjgYrjgZfjgoPjgowg44GL44KP44GE44GEIOavjeOBruaXpeOCruODleODiCDmooXpm6ggRkxPV0VSIFBBSU5UIHdwYyB3LnAuY10=,5LiK5ZOB44Gq5reh44GE6Iqx5p+E44GM57Sg5pW144Gn44GZ77yB44GX44GL44KCVVbjgqvjg4Pjg4jliqDlt6XvvIHjgILpm6jlgpjvvIjjg6zjg4fjgqPjg7zjgrnvvInjg5Xjg6njg6/jg7zjg5rjgqTjg7Pjg4ggNThjbVvoirHmn4Qg44Ki44Oz44OW44Os44OpIOaZtOmbqOWFvOeUqCDpm6jlhbcgVVbjgqvjg4Pjg4gg57Sr5aSW57ea6Ziy5q2iIOWls+aAp+eUqCDjg5fjg6zjgrzjg7Pjg4gg44OU44Oz44KvIOODkeODvOODl+ODqyDjgrXjg4Pjgq/jgrkg57SrIOODluODq+ODvCDpnZIg5rC06ImyIOOBiuOBl+OCg+OCjCDjgYvjgo/jgYTjgYQg5q+N44Gu5pel44Ku44OV44OIIOaihembqCBGTE9XRVIgUEFJTlQgd3BjIHcucC5jXQ==[rn]
