15-28001,,NjQ1LjYwMDA=,,6Iqx44O744Ks44O844OH44Oz44O7RElZID4gRElZ44O75bel5YW3ID4g44Gd44Gu5LuW,4pag44CS5Y+k5rKz6Jas5ZOB5bel5qWtL++8q++8ue+8qyDljJblraboo73lk4HjgJA0Mi0yMDbjgJEoODE5NTY5Nikg77yr77y577yrIOOCs+OCrOODluODqeOCpOODs++8sO+8pzQwIDLvvKwg55m65rOo5Y2Y5L2NMQ==,,PGZvbnQgc2l6ZT0iNCI+57SN5pyf55uu5a6J77yaPC9mb250Pjxmb250IGNvbG9yPSIjMDAwMDAwIiBzaXplPSI0Ij7jgYrlj5bjgorlr4TjgZvlk4Eo6Kmz44GX44GP44Gv44GT44Gh44KJ44KS44Kv44Oq44OD44KvKTwvZm9udD48YnI+PGJyPjxicj4K4peP44OX44Ot44OU44Os44Oz44Kw44Oq44Kz44O844Or57O75rq25Ymk44KS5Li75oiQ5YiG44Gr44CB6ICQ6aOf5oCn44Gr5YSq44KM44Gf6Ziy6YyG5Ymk77yI54Sh44Oq44Oz44O744OO44Oz44Ki44Of44Oz77yJ44KS6YWN5ZCI44GX44Gf6auY5ZOB6LOq44Gq5b6q55Kw5LiN5YeN5ray44Gn44GZ44CCPGJyPgril4/msLTjgafoloTjgoHjgZrjgavjgZ3jga7jgb7jgb7kvb/nlKjlj6/og73jgafjgZnjgII8YnI+CuKXj+W6iuaaluaIv+OAgeODkeODjeODq+aaluaIv+OAgea4qeawtOODq+ODvOODoOODkuODvOOCv+ODvOOAgeWMluWtpuW3peWgtOOBquOBqeOBruS4gOiIrOWGt+WNtOioreWCmeOBruW+queSsOa2suOBq+OAgjxicj4K4peP5a656YePKGtnKToyPGJyPgril4/oibI644OU44Oz44KvPGJyPgril4/kvb/nlKjmuKnluqbnr4Tlm7I6LTQw772eOTDihIM=,4pag44CS5Y+k5rKz6Jas5ZOB5bel5qWtL++8q++8ue+8qyDljJblraboo73lk4HjgJA0Mi0yMDbjgJEoODE5NTY5Nikg77yr77y577yrIOOCs+OCrOODluODqeOCpOODs++8sO+8pzQwIDLvvKwg55m65rOo5Y2Y5L2NMe+8muOCr+ODreODvOODkOODvOizh+adkOmkqA==,6YCa5L+h6LKp5aOy6YCa6LKp44K344On44OD44OU44Oz44Kw44Kq44Oz44Op44Kk44Oz44K344On44OD44OU44Oz44Kw6LK344GE54mp44OX44Os44K844Oz44OI44Ku44OV44OI6LSI44KK54mp6LSI562U5ZOB44GK5Lit5YWD44GK5q2z5pqu44GK6LK344GE5b6X4pag44CS5Y+k5rKz6Jas5ZOB5bel5qWtL++8q++8ue+8qyDljJblraboo73lk4HjgJA0Mi0yMDbjgJEoODE5NTY5Nikg77yr77y577yrIOOCs+OCrOODluODqeOCpOODs++8sO+8pzQwIDLvvKwg55m65rOo5Y2Y5L2NMQ==,55Kw5aKD5a6J5YWo55So5ZOBXOWMluWtpuijveWTgeOAguKWoOOAkuWPpOays+iWrOWTgeW3pealrS/vvKvvvLnvvKsg5YyW5a2m6KO95ZOB44CQNDItMjA244CRKDgxOTU2OTYpIO+8q++8ue+8qyDjgrPjgqzjg5bjg6njgqTjg7PvvLDvvKc0MCAy77ysIOeZuuazqOWNmOS9jTE=[rn]
15-28002,,MTAxNDIzLjIwMDA=,,6Iqx44O744Ks44O844OH44Oz44O7RElZID4gRElZ44O75bel5YW3ID4g44Gd44Gu5LuW,IyMj4pag44CS77yu77yv77yr44Kv44Oq44Ol44O844OQ44O8L+OCr+ODquODpeODvOODkOODvCDljJblraboo73lk4HjgJBLTFVCRVJPSUwgNCBVSDEtMTUwTuOAkSg4MTg0NzY5KSDjgq/jg6rjg6Xjg7zjg5Djg7wg77yu77yv77yr44Kq44Kk44OrIO+8q++8rO+8te+8ou+8pe+8su+8r++8qe+8rCA0IO+8te+8qDHvvI0xNTDvvK4g55m65rOo5Y2Y5L2NMQ==,,PGZvbnQgc2l6ZT0iNCI+57SN5pyf55uu5a6J77yaPC9mb250Pjxmb250IGNvbG9yPSIjMDAwMDAwIiBzaXplPSI0Ij7jgYrlj5bjgorlr4TjgZvlk4Eo6Kmz44GX44GP44Gv44GT44Gh44KJ44KS44Kv44Oq44OD44KvKTwvZm9udD48YnI+PGJyPjxmb250IHNpemU9IjQiIGNvbG9yPSIiPjxiPuKAu+OBk+OBoeOCieOBruWVhuWTgeOBr+ODoeODvOOCq+ODvOebtOmAgeWTgeOBqOOBquOCiuOBvuOBmeOAguOBlOWFpemHkeeiuuiqjeW+jOOBruOBiuaJi+mFjeOBp+OBmeOAgjwvYj48L2ZvbnQ+PGJyPgo8YnI+PGZvbnQgc2l6ZT0iNCIgY29sb3I9IiI+PGI+4oC744GT44Gh44KJ44Gu5ZWG5ZOB44Gv6YCB5paZ44GM5Yil6YCU55m655Sf44GZ44KL5aC05ZCI44GM44GC44KK44G+44GZ44CC6Kmz44GX44GP44Gv44GK5ZWP44GE5ZCI44KP44Gb44GP44Gg44GV44GE44CCPC9iPjwvZm9udD48YnI+CuKAu+i/veWKoOmAgeaWmeOBr+WIpemAlOW9k+W6l+OBi+OCieOBruODoeODvOODq+OBp+ioguato+OBleOCjOOBvuOBmeOAgjxicj48YnI+PGJyPgril4/kvY7muKnjgYvjgonpq5jmuKnjgb7jgafluYXluoPjgYTmuKnluqbnr4Tlm7Ljgafkvb/nlKjlj6/og73jgafjgZnjgII8YnI+CuKXj+iAkOiNt+mHjeOAgeiAkOaRqeiAl+aAp+OBq+WEquOCjOOBpuOBhOOBvuOBmeOAgjxicj4K4peP5aSa44GP44Gu44K344O844Or5p2Q44Gr5a++44GX5oKq5b2x6Z+/44KS5Y+K44G844GX44G+44Gb44KT44CCPGJyPgril4/mkKzpgIHoo4Xnva7jga7jg4Hjgqfjg7zjg7PjgoTjgq7jg6TjgIHmkrnmi4zmqZ/jga7muJvpgJ/mqZ/vvIjjgq7jg6TvvIk8YnI+CuKXj+WQhOeoruijhee9ruOBruayueWcp+S9nOWLleayuTxicj4K4peP44K344O844Oe44O844CB5omT6Yyg5qmf44Gu5p2144KE5Zyn5Yqb44Ot44O844Op44Gq44Gp44Gu5pG65YuV6YOo44CB44Ku44Ok44CB6Lu45Y+XPGJyPgril4/oibI65reh6buE6ImyPGJyPgril4/lrrnph48oTCk6MjA8YnI+CuKXj+S9v+eUqOa4qeW6puevhOWbsijihIMpOi0zMO+9njEyMDxicj4K4peP5YuV57KY5bqm77yINDDihIPjg7ttW1vlubPnsbNdXS9z77yJOjE1MDxicj4K4pePTlNGIEgx6KqN5a6a5Y+W5b6XPGJyPgril4/kuLvmiJDliIY65ZCI5oiQ54Kt5YyW5rC057Sg5rK5,IyMj4pag44CS77yu77yv77yr44Kv44Oq44Ol44O844OQ44O8L+OCr+ODquODpeODvOODkOODvCDljJblraboo73lk4HjgJBLTFVCRVJPSUwgNCBVSDEtMTUwTuOAkSg4MTg0NzY5KSDjgq/jg6rjg6Xjg7zjg5Djg7wg77yu77yv77yr44Kq44Kk44OrIO+8q++8rO+8te+8ou+8pe+8su+8r++8qe+8rCA0IO+8te+8qDEmbWludXM7MTUw77yuIOeZuuazqOWNmOS9jTHvvJrjgq/jg63jg7zjg5Djg7zos4fmnZDppKg=,6YCa5L+h6LKp5aOy6YCa6LKp44K344On44OD44OU44Oz44Kw44Kq44Oz44Op44Kk44Oz44K344On44OD44OU44Oz44Kw6LK344GE54mp44OX44Os44K844Oz44OI44Ku44OV44OI6LSI44KK54mp6LSI562U5ZOB44GK5Lit5YWD44GK5q2z5pqu44GK6LK344GE5b6XIyMj4pag44CS77yu77yv77yr44Kv44Oq44Ol44O844OQ44O8L+OCr+ODquODpeODvOODkOODvCDljJblraboo73lk4HjgJBLTFVCRVJPSUwgNCBVSDEtMTUwTuOAkSg4MTg0NzY5KSDjgq/jg6rjg6Xjg7zjg5Djg7wg77yu77yv77yr44Kq44Kk44OrIO+8q++8rO+8te+8ou+8pe+8su+8r++8qe+8rCA0IO+8te+8qDEmbWludXM7MTUw77yuIOeZuuazqOWNmOS9jTE=,55Kw5aKD5a6J5YWo55So5ZOBXOWMluWtpuijveWTgeOAgiMjI+KWoOOAku+8ru+8r++8q+OCr+ODquODpeODvOODkOODvC/jgq/jg6rjg6Xjg7zjg5Djg7wg5YyW5a2m6KO95ZOB44CQS0xVQkVST0lMIDQgVUgxLTE1ME7jgJEoODE4NDc2OSkg44Kv44Oq44Ol44O844OQ44O8IO+8ru+8r++8q+OCquOCpOODqyDvvKvvvKzvvLXvvKLvvKXvvLLvvK/vvKnvvKwgNCDvvLXvvKgxJm1pbnVzOzE1MO+8riDnmbrms6jljZjkvY0x[rn]
15-28003,,MTA4ODYuNDAwMA==,,6Iqx44O744Ks44O844OH44Oz44O7RElZID4gRElZ44O75bel5YW3ID4g44Gd44Gu5LuW,4pag44CS6I+x5rGf5YyW5a2mL+iPseaxn+WMluWtpiDljJblraboo73lk4HjgJBESUFOQV9ORC0xS0fjgJEoODE4NzkyNCkg6I+x5rGf5YyW5a2mIOODgOOCpOOCouODiu+8ru+8pCAx772L772HIOeZuuazqOWNmOS9jTE=,,PGZvbnQgc2l6ZT0iNCI+57SN5pyf55uu5a6J77yaPC9mb250Pjxmb250IGNvbG9yPSIjMDAwMDAwIiBzaXplPSI0Ij7jgYrlj5bjgorlr4TjgZvlk4Eo6Kmz44GX44GP44Gv44GT44Gh44KJ44KS44Kv44Oq44OD44KvKTwvZm9udD48YnI+PGJyPjxicj4K4peP6Ziy6YyG5oiQ5YiG44KS5rCX5YyW44GX44Gm44CB5rWB6YCa44O75L+d566h5Lit44Gu6KO95ZOB44KS6YyG44GL44KJ5a6I44KK44G+44GZ44CCPGJyPgril4/liofnianmjIflrprlr77osaHlpJbjga7llYblk4HjgafjgZnjgII8YnI+CuKXj+anmOOAheOBqumJhOmLvOijveWTgeOBrua1gemAmuODu+S/neWtmOOBq+OAgjxicj4K4peP6YyG44Gr44KI44KL5ZOB6LOq44Kv44Os44O844Og44Gu6Lu95rib44Gr44CCPGJyPgril4/jgr/jgqTjg5c657KJ5pyr77yRa2fnvLY8YnI+CuKXj+S4u+aIkOWIhjrjgrjjgrfjgq/jg63jg5jjgq3jgrfjg6vjgqLjg5/jg7PkupznoZ3phbjloanjgIHmnInmqZ/jgqvjg6vjg5zjg7Pphbjloak8YnI+CuKXj+eHg+eEvOaAp+OBjOOBguOCiuOBvuOBmeOBruOBp+OAgeeBq+awl+OBq+azqOaEj+OBl+OBpuS4i+OBleOBhOOAgjxicj4K4peP5L+d566h44Gv55u05bCE5pel5YWJ44CB5rm/5rCX44Gv6YG/44GR44CB5Ya35pqX5omA44Gr5L+d566h44GX44Gm5LiL44GV44GE44CC,4pag44CS6I+x5rGf5YyW5a2mL+iPseaxn+WMluWtpiDljJblraboo73lk4HjgJBESUFOQV9ORC0xS0fjgJEoODE4NzkyNCkg6I+x5rGf5YyW5a2mIOODgOOCpOOCouODiu+8ru+8pCAx772L772HIOeZuuazqOWNmOS9jTHvvJrjgq/jg63jg7zjg5Djg7zos4fmnZDppKg=,6YCa5L+h6LKp5aOy6YCa6LKp44K344On44OD44OU44Oz44Kw44Kq44Oz44Op44Kk44Oz44K344On44OD44OU44Oz44Kw6LK344GE54mp44OX44Os44K844Oz44OI44Ku44OV44OI6LSI44KK54mp6LSI562U5ZOB44GK5Lit5YWD44GK5q2z5pqu44GK6LK344GE5b6X4pag44CS6I+x5rGf5YyW5a2mL+iPseaxn+WMluWtpiDljJblraboo73lk4HjgJBESUFOQV9ORC0xS0fjgJEoODE4NzkyNCkg6I+x5rGf5YyW5a2mIOODgOOCpOOCouODiu+8ru+8pCAx772L772HIOeZuuazqOWNmOS9jTE=,55Kw5aKD5a6J5YWo55So5ZOBXOWMluWtpuijveWTgeOAguKWoOOAkuiPseaxn+WMluWtpi/oj7HmsZ/ljJblraYg5YyW5a2m6KO95ZOB44CQRElBTkFfTkQtMUtH44CRKDgxODc5MjQpIOiPseaxn+WMluWtpiDjg4DjgqTjgqLjg4rvvK7vvKQgMe+9i++9hyDnmbrms6jljZjkvY0x[rn]
15-28004,,MTU2NC44MDAw,,6Iqx44O744Ks44O844OH44Oz44O7RElZID4gRElZ44O75bel5YW3ID4g44Gd44Gu5LuW,4pag44CS44Ki44K144OAL+OCouOCteODgCDjg5Xjg63jg7Plm57lj47nlKjlk4HjgJBSVDEwNeOAkSg3NzYxODU2KSDjgqLjgrXjg4Ag44OT44OD44Kw44OW44Or44O8IOS9jua4qeOCv+OCpOODlyAw77yOM++8rCDnmbrms6jljZjkvY0x,,PGZvbnQgc2l6ZT0iNCI+57SN5pyf55uu5a6J77yaPC9mb250Pjxmb250IGNvbG9yPSIjMDAwMDAwIiBzaXplPSI0Ij7jgYrlj5bjgorlr4TjgZvlk4Eo6Kmz44GX44GP44Gv44GT44Gh44KJ44KS44Kv44Oq44OD44KvKTwvZm9udD48YnI+PGJyPjxicj4K4peP5YeN57WQ44GX44Gr44GP44GP5L2O5rip5LiL77yILTM04oSD44G+44GnKeOBp+OBruS9v+eUqOOBjOWPr+iDveOBp+OBmeOAgjxicj4K4pePOTTihIPjgb7jgafjga7pq5jmuKnjgavjgoLlr77lv5zjgZfjgb7jgZnjgII8YnI+CuKXj+eSsOWig+OBq+OChOOBleOBl+OBhOeUn+WIhuino+aAp+OBp+OBmeOAgjxicj4K4pePSklTIFogMjMyOeebuOW9k+WTgeOBp+OBmeOAgjxicj4K4peP5Ya35YeN56m66Kq/5qmf5Zmo44Gu6YWN566h44Gu5ryP44KM44OB44Kn44OD44Kv44Gr44CCPGJyPgril4/oibI66Z2S6ImyPGJyPgril4/lrrnph48obWwpOjMwMDxicj4K4peP5L2O5rip44K/44Kk44OXPGJyPgril4/kuLvmiJDliIY644OX44Ot44OU44Os44Oz44Kw44Oq44Kz44O844Or,4pag44CS44Ki44K144OAL+OCouOCteODgCDjg5Xjg63jg7Plm57lj47nlKjlk4HjgJBSVDEwNeOAkSg3NzYxODU2KSDjgqLjgrXjg4Ag44OT44OD44Kw44OW44Or44O8IOS9jua4qeOCv+OCpOODlyAw77yOM++8rCDnmbrms6jljZjkvY0x77ya44Kv44Ot44O844OQ44O86LOH5p2Q6aSo,6YCa5L+h6LKp5aOy6YCa6LKp44K344On44OD44OU44Oz44Kw44Kq44Oz44Op44Kk44Oz44K344On44OD44OU44Oz44Kw6LK344GE54mp44OX44Os44K844Oz44OI44Ku44OV44OI6LSI44KK54mp6LSI562U5ZOB44GK5Lit5YWD44GK5q2z5pqu44GK6LK344GE5b6X4pag44CS44Ki44K144OAL+OCouOCteODgCDjg5Xjg63jg7Plm57lj47nlKjlk4HjgJBSVDEwNeOAkSg3NzYxODU2KSDjgqLjgrXjg4Ag44OT44OD44Kw44OW44Or44O8IOS9jua4qeOCv+OCpOODlyAw77yOM++8rCDnmbrms6jljZjkvY0x,55Kw5aKD5a6J5YWo55So5ZOBXOWMluWtpuijveWTgeOAguKWoOOAkuOCouOCteODgC/jgqLjgrXjg4Ag44OV44Ot44Oz5Zue5Y+O55So5ZOB44CQUlQxMDXjgJEoNzc2MTg1Nikg44Ki44K144OAIOODk+ODg+OCsOODluODq+ODvCDkvY7muKnjgr/jgqTjg5cgMO+8jjPvvKwg55m65rOo5Y2Y5L2NMQ==[rn]
15-28005,,Mjk4My4yMDAw,,6Iqx44O744Ks44O844OH44Oz44O7RElZID4gRElZ44O75bel5YW3ID4g44Gd44Gu5LuW,4pag44CS77yp77y077y344OR44OV44Kp44O844Oe44Oz44K544Od44Oq44Oe44O8L+ODh+ODluOCs+ODsyDmvaTmu5HliaTjgJBDMDE2MUHjgJEoODE4NjUzOCkg44OH44OW44Kz44OzIO+8o++8r++8su+8qe+8te+8rSDvvLoxNjEg44OZ44Or44OI6bO044GN5q2i44KB44K544OX44Os44O8IOeZuuazqOWNmOS9jTE=,,PGZvbnQgc2l6ZT0iNCI+57SN5pyf55uu5a6J77yaPC9mb250Pjxmb250IGNvbG9yPSIjMDAwMDAwIiBzaXplPSI0Ij7jgYrlj5bjgorlr4TjgZvlk4Eo6Kmz44GX44GP44Gv44GT44Gh44KJ44KS44Kv44Oq44OD44KvKTwvZm9udD48YnI+PGJyPjxicj4K4peP5Yq55p6c55qE44Gr44OZ44Or44OI44KS5L+d6K2344GX44CB5YWo44Gm44Gu44K/44Kk44OX44Gu44OR44Ov44O844OZ44Or44OI44Gu5bu25ZG944Gr5YSq44KM44Gf5Yq55p6c44KS55m65o+u44GX44G+44GZ44CCPGJyPgril4/lvLflipvjgarmjqXnnYDmgKfjgaflnoLjgozjgovjgZPjgajjgarjgYTjga7jgafjg6Hjg7Pjg4bjg4rjg7Pjgrnjgr/jgqTjg6DjgajjgrPjgrnjg4jjga7liYrmuJvjgpLlrp/nj77jgZfjgb7jgZnjgII8YnI+CuKXj+ewoeWNmOOBq+Whl+W4g+OBp+OBjeOCi+OCueODl+ODrOODvOOCv+OCpOODl+OBp+OBmeOAgjxicj4K4peP6Ieq5YuV6LuK55So5ZCE56iu44OZ44Or44OI44CB5bel5qWt55So44OZ44Or44OI6aeG5YuV5qmf5qKw44CB44OV44Kh44Oz44OZ44Or44OI44CB44Kv44O844Op44O844OZ44Or44OI44Gu6bO044GN5q2i44KB44CB5ruR44KK5q2i44KB44Gr5YSq44KM44Gf5Yq55p6c44KS55m65o+u44CCPGJyPgril4/jgrTjg6Djga7kv53orbfjgIHogIHljJbpmLLmraLjgII8YnI+CuKXj+iJsjrpgI/mmI48YnI+CuKXj+WuuemHjyhtbCk6NTAwPGJyPgril4/kvb/nlKjmuKnluqbnr4Tlm7I6LTXvvZ42NeKEgzxicj4K4peP6KO95ZOB44Op44Kk44OV77yV5bm0PGJyPgril4/kuLvmiJDliIY644OW44K/44Oz,4pag44CS77yp77y077y344OR44OV44Kp44O844Oe44Oz44K544Od44Oq44Oe44O8L+ODh+ODluOCs+ODsyDmvaTmu5HliaTjgJBDMDE2MUHjgJEoODE4NjUzOCkg44OH44OW44Kz44OzIO+8o++8r++8su+8qe+8te+8rSDvvLoxNjEg44OZ44Or44OI6bO044GN5q2i44KB44K544OX44Os44O8IOeZuuazqOWNmOS9jTHvvJrjgq/jg63jg7zjg5Djg7zos4fmnZDppKg=,6YCa5L+h6LKp5aOy6YCa6LKp44K344On44OD44OU44Oz44Kw44Kq44Oz44Op44Kk44Oz44K344On44OD44OU44Oz44Kw6LK344GE54mp44OX44Os44K844Oz44OI44Ku44OV44OI6LSI44KK54mp6LSI562U5ZOB44GK5Lit5YWD44GK5q2z5pqu44GK6LK344GE5b6X4pag44CS77yp77y077y344OR44OV44Kp44O844Oe44Oz44K544Od44Oq44Oe44O8L+ODh+ODluOCs+ODsyDmvaTmu5HliaTjgJBDMDE2MUHjgJEoODE4NjUzOCkg44OH44OW44Kz44OzIO+8o++8r++8su+8qe+8te+8rSDvvLoxNjEg44OZ44Or44OI6bO044GN5q2i44KB44K544OX44Os44O8IOeZuuazqOWNmOS9jTE=,55Kw5aKD5a6J5YWo55So5ZOBXOWMluWtpuijveWTgeOAguKWoOOAku+8qe+8tO+8t+ODkeODleOCqeODvOODnuODs+OCueODneODquODnuODvC/jg4fjg5bjgrPjg7Mg5r2k5ruR5Ymk44CQQzAxNjFB44CRKDgxODY1MzgpIOODh+ODluOCs+ODsyDvvKPvvK/vvLLvvKnvvLXvvK0g77y6MTYxIOODmeODq+ODiOmztOOBjeatouOCgeOCueODl+ODrOODvCDnmbrms6jljZjkvY0x[rn]
15-28006,,MzM2MC44MDAw,,6Iqx44O744Ks44O844OH44Oz44O7RElZID4gRElZ44O75bel5YW3ID4g44Gd44Gu5LuW,4pag44CS44Oi44Oh44Oz44OG44Kj44OW772l44OR44OV44Kp44O844Oe44Oz44K5772l44Oe44OG44OqL+ODouODoeODs+ODhuOCo+ODliDoo5zkv67liaTjgJBUU0s1NDAxTC05NeOAkSg3NzgyNDAzKSDjg6Ljg6Hjg7Pjg4bjgqPjg5Yg44K344Oq44Kz44O844Oz5r2k5ruR44Kw44Oq44O844K5IOeZuuazqOWNmOS9jTE=,,PGZvbnQgc2l6ZT0iNCI+57SN5pyf55uu5a6J77yaPC9mb250Pjxmb250IGNvbG9yPSIjMDAwMDAwIiBzaXplPSI0Ij7jgYrlj5bjgorlr4TjgZvlk4Eo6Kmz44GX44GP44Gv44GT44Gh44KJ44KS44Kv44Oq44OD44KvKTwvZm9udD48YnI+PGJyPjxicj4K4peP5aKD55WM5rK55ruR5oCn44Gr5YSq44KM44Gm44GE44G+44GZ44CCPGJyPgril4/phbjljJblronlrprmgKfjgavlhKrjgozjgabjgYTjgb7jgZnjgII8YnI+CuKXj+iAkOawtOaAp+OBq+WEquOCjOOBpuOBhOOBvuOBmeOAgjxicj4K4peP44Oi44O844K/44O844O744Od44Oz44OX44O744OV44Kh44Oz44Gq44Gp44Gu5r2k5ruR44CCPGJyPgril4/lkITnqK7jg5njgqLjg6rjg7PjgrDjg7vjg5Djg6vjg5bjg7vjgq7jgqLjg7vjgrfjg7zjg6vjgarjganjga7mvaTmu5HjgII8YnI+CuKXj+OBoeOCh+OBhuW6pjozMDU8YnI+CuKXj+iJsjrngbDnmb3oibI8YnI+CuKXj+WuuemHjyhnKTo5NTxicj4K4peP5L2/55So5rip5bqm56+E5ZuyOi00MO+9njE1MOKEgzxicj4K4peP5Li75oiQ5YiGOuOCt+ODquOCs+ODvOODs+ODu+mHkeWxnuefs+OCseODs+Wil+eooOOCsOODquOCuQ==,4pag44CS44Oi44Oh44Oz44OG44Kj44OW772l44OR44OV44Kp44O844Oe44Oz44K5772l44Oe44OG44OqL+ODouODoeODs+ODhuOCo+ODliDoo5zkv67liaTjgJBUU0s1NDAxTC05NeOAkSg3NzgyNDAzKSDjg6Ljg6Hjg7Pjg4bjgqPjg5Yg44K344Oq44Kz44O844Oz5r2k5ruR44Kw44Oq44O844K5IOeZuuazqOWNmOS9jTHvvJrjgq/jg63jg7zjg5Djg7zos4fmnZDppKg=,6YCa5L+h6LKp5aOy6YCa6LKp44K344On44OD44OU44Oz44Kw44Kq44Oz44Op44Kk44Oz44K344On44OD44OU44Oz44Kw6LK344GE54mp44OX44Os44K844Oz44OI44Ku44OV44OI6LSI44KK54mp6LSI562U5ZOB44GK5Lit5YWD44GK5q2z5pqu44GK6LK344GE5b6X4pag44CS44Oi44Oh44Oz44OG44Kj44OW772l44OR44OV44Kp44O844Oe44Oz44K5772l44Oe44OG44OqL+ODouODoeODs+ODhuOCo+ODliDoo5zkv67liaTjgJBUU0s1NDAxTC05NeOAkSg3NzgyNDAzKSDjg6Ljg6Hjg7Pjg4bjgqPjg5Yg44K344Oq44Kz44O844Oz5r2k5ruR44Kw44Oq44O844K5IOeZuuazqOWNmOS9jTE=,55Kw5aKD5a6J5YWo55So5ZOBXOWMluWtpuijveWTgeOAguKWoOOAkuODouODoeODs+ODhuOCo+ODlu+9peODkeODleOCqeODvOODnuODs+OCue+9peODnuODhuODqi/jg6Ljg6Hjg7Pjg4bjgqPjg5Yg6KOc5L+u5Ymk44CQVFNLNTQwMUwtOTXjgJEoNzc4MjQwMykg44Oi44Oh44Oz44OG44Kj44OWIOOCt+ODquOCs+ODvOODs+a9pOa7keOCsOODquODvOOCuSDnmbrms6jljZjkvY0x[rn]
15-28007,,NzY0LjgwMDA=,,6Iqx44O744Ks44O844OH44Oz44O7RElZID4gRElZ44O75bel5YW3ID4g44Gd44Gu5LuW,4pag44CS44OI44Op44K544Kz5Lit5bGxL++8tO+8su+8te+8s++8o++8ryDljJblraboo73vvLPvvK3jgJBFQ08tQ0wtU+OAkSg4MTk4OTk5KSDvvLTvvLLvvLXvvLPvvKPvvK8gzrHjgq/jg6rjg7zjg4rjg7zjg47jg7Pjgqzjgrnjgrnjg5fjg6zjg7wg44OO44K644Or5LuYIDM1MO+9je+9jCDnmbrms6jljZjkvY0x,,PGZvbnQgc2l6ZT0iNCI+57SN5pyf55uu5a6J77yaPC9mb250Pjxmb250IGNvbG9yPSIjMDAwMDAwIiBzaXplPSI0Ij7jgYrlj5bjgorlr4TjgZvlk4Eo6Kmz44GX44GP44Gv44GT44Gh44KJ44KS44Kv44Oq44OD44KvKTwvZm9udD48YnI+PGJyPjxicj4K4peP6YCf5Lm+5oCn44K/44Kk44OX44Gu5qmf5qKw6YOo5ZOB44CB6YeR5Z6L55So6ISx6ISC5rSX5rWE5Ymk44Gn44GZ44CCPGJyPgril4/kub7nh6XlvozmrovmuKPnianjgYzjgb7jgaPjgZ/jgY/jgYLjgorjgb7jgZvjgpPjgII8YnI+CuKXj+WZtOWwhOOCrOOCue+8iExQR++8ieOCkuS9v+eUqOOBl+OBquOBhOOBn+OCgeOAgeOCqOOCouOCvuODvOODq+OCueODl+ODrOODvOOBqOavlOOBueWuieWFqOOBp+OAgeeSsOWig+OBq+WEquOBl+OBhOijveWTgeOBp+OBmeOAgjxicj4K4peP5Y6f5ray44GM44Ko44Ki44K+44O844Or44K/44Kk44OX44KI44KKMS405pys5YiG5aKX6YeP44Gn44GK5b6X44Gn44GZ44CCPGJyPgril4/jgq7jgqLjgIHjg5njgqLjg6rjg7PjgrDjgIHjg4Hjgqfjg7zjg7Pjga7msrnohILmsZrjgozokL3jgajjgZfjgII8YnI+CuKXj+eyvuWvhuapn+aisOa0l+a1hOOAgjxicj4K4peP6Zu75rCX5o6l54K544Gu5rSX5rWE44CCPGJyPgril4/oibI66YCP5piOPGJyPgril4/lrrnph48obWwpOjM1MDxicj4K4peP44K/44Kk44OXOuODjuOCuuODq+S7mDxicj4K4peP5L2/55So5rip5bqm56+E5ZuyOuW4uOa4qTxicj4K4peP44K544OX44Os44O85b6M44Gu54q25oWLOua2sueKtijmj67nmbopPGJyPgril4/lrrnlmag644OO44Oz44Ks44K544K/44Kk44OXPGJyPgril4/kuLvmiJDliIY65rq25Ymk,4pag44CS44OI44Op44K544Kz5Lit5bGxL++8tO+8su+8te+8s++8o++8ryDljJblraboo73vvLPvvK3jgJBFQ08tQ0wtU+OAkSg4MTk4OTk5KSDvvLTvvLLvvLXvvLPvvKPvvK8gzrHjgq/jg6rjg7zjg4rjg7zjg47jg7Pjgqzjgrnjgrnjg5fjg6zjg7wg44OO44K644Or5LuYIDM1MO+9je+9jCDnmbrms6jljZjkvY0x77ya44Kv44Ot44O844OQ44O86LOH5p2Q6aSo,6YCa5L+h6LKp5aOy6YCa6LKp44K344On44OD44OU44Oz44Kw44Kq44Oz44Op44Kk44Oz44K344On44OD44OU44Oz44Kw6LK344GE54mp44OX44Os44K844Oz44OI44Ku44OV44OI6LSI44KK54mp6LSI562U5ZOB44GK5Lit5YWD44GK5q2z5pqu44GK6LK344GE5b6X4pag44CS44OI44Op44K544Kz5Lit5bGxL++8tO+8su+8te+8s++8o++8ryDljJblraboo73vvLPvvK3jgJBFQ08tQ0wtU+OAkSg4MTk4OTk5KSDvvLTvvLLvvLXvvLPvvKPvvK8gzrHjgq/jg6rjg7zjg4rjg7zjg47jg7Pjgqzjgrnjgrnjg5fjg6zjg7wg44OO44K644Or5LuYIDM1MO+9je+9jCDnmbrms6jljZjkvY0x,55Kw5aKD5a6J5YWo55So5ZOBXOWMluWtpuijveWTgeOAguKWoOOAkuODiOODqeOCueOCs+S4reWxsS/vvLTvvLLvvLXvvLPvvKPvvK8g5YyW5a2m6KO977yz77yt44CQRUNPLUNMLVPjgJEoODE5ODk5OSkg77y077yy77y177yz77yj77yvIM6x44Kv44Oq44O844OK44O844OO44Oz44Ks44K544K544OX44Os44O8IOODjuOCuuODq+S7mCAzNTDvvY3vvYwg55m65rOo5Y2Y5L2NMQ==[rn]
15-28008,,NTM1NjguMDAwMA==,,6Iqx44O744Ks44O844OH44Oz44O7RElZID4gRElZ44O75bel5YW3ID4g44Gd44Gu5LuW,4pag44CS6I+x5rGf5YyW5a2mL+iPseaxn+WMluWtpiDljJblraboo73lk4HjgJBESUFOQV9ORC0yR+OAkSg4MTg3OTI1KSDoj7HmsZ/ljJblraYg44OA44Kk44Ki44OK77yu77ykIDLvvYcg55m65rOo5Y2Y5L2NMQ==,,PGZvbnQgc2l6ZT0iNCI+57SN5pyf55uu5a6J77yaPC9mb250Pjxmb250IGNvbG9yPSIjMDAwMDAwIiBzaXplPSI0Ij7jgYrlj5bjgorlr4TjgZvlk4Eo6Kmz44GX44GP44Gv44GT44Gh44KJ44KS44Kv44Oq44OD44KvKTwvZm9udD48YnI+PGJyPjxicj4K4peP6Ziy6YyG5oiQ5YiG44KS5rCX5YyW44GX44Gm44CB5rWB6YCa44O75L+d566h5Lit44Gu6KO95ZOB44KS6YyG44GL44KJ5a6I44KK44G+44GZ44CCPGJyPgril4/liofnianmjIflrprlr77osaHlpJbjga7llYblk4HjgafjgZnjgII8YnI+CuKXj+anmOOAheOBqumJhOmLvOijveWTgeOBrua1gemAmuODu+S/neWtmOOBq+OAgjxicj4K4peP6YyG44Gr44KI44KL5ZOB6LOq44Kv44Os44O844Og44Gu6Lu95rib44Gr44CCPGJyPgril4/luYUobW0pOjcwPGJyPgril4/plbfjgZUobW0pOjgwPGJyPgril4/jgr/jgqTjg5c65LiN57mU5biD5YWlKDJn5bCP6KKLw5cxMO+8kO+8kOWAiykv57y2PGJyPgril4/kuLvmiJDliIY644K444K344Kv44Ot44OY44Kt44K344Or44Ki44Of44Oz5Lqc56Gd6YW45aGp44CB5pyJ5qmf44Kr44Or44Oc44Oz6YW45aGpPGJyPgril4/nh4PnhLzmgKfjgYzjgYLjgorjgb7jgZnjga7jgafjgIHngavmsJfjgavms6jmhI/jgZfjgabkuIvjgZXjgYTjgII8YnI+CuKXj+S/neeuoeOBr+ebtOWwhOaXpeWFieOAgea5v+awl+OBr+mBv+OBkeOAgeWGt+aal+aJgOOBq+S/neeuoeOBl+OBpuS4i+OBleOBhOOAgg==,4pag44CS6I+x5rGf5YyW5a2mL+iPseaxn+WMluWtpiDljJblraboo73lk4HjgJBESUFOQV9ORC0yR+OAkSg4MTg3OTI1KSDoj7HmsZ/ljJblraYg44OA44Kk44Ki44OK77yu77ykIDLvvYcg55m65rOo5Y2Y5L2NMe+8muOCr+ODreODvOODkOODvOizh+adkOmkqA==,6YCa5L+h6LKp5aOy6YCa6LKp44K344On44OD44OU44Oz44Kw44Kq44Oz44Op44Kk44Oz44K344On44OD44OU44Oz44Kw6LK344GE54mp44OX44Os44K844Oz44OI44Ku44OV44OI6LSI44KK54mp6LSI562U5ZOB44GK5Lit5YWD44GK5q2z5pqu44GK6LK344GE5b6X4pag44CS6I+x5rGf5YyW5a2mL+iPseaxn+WMluWtpiDljJblraboo73lk4HjgJBESUFOQV9ORC0yR+OAkSg4MTg3OTI1KSDoj7HmsZ/ljJblraYg44OA44Kk44Ki44OK77yu77ykIDLvvYcg55m65rOo5Y2Y5L2NMQ==,55Kw5aKD5a6J5YWo55So5ZOBXOWMluWtpuijveWTgeOAguKWoOOAkuiPseaxn+WMluWtpi/oj7HmsZ/ljJblraYg5YyW5a2m6KO95ZOB44CQRElBTkFfTkQtMkfjgJEoODE4NzkyNSkg6I+x5rGf5YyW5a2mIOODgOOCpOOCouODiu+8ru+8pCAy772HIOeZuuazqOWNmOS9jTE=[rn]
15-28009,,MTU1NTIuMDAwMA==,,6Iqx44O744Ks44O844OH44Oz44O7RElZID4gRElZ44O75bel5YW3ID4g44Gd44Gu5LuW,4pag44CS77yu77yv77yr44Kv44Oq44Ol44O844OQ44O8L+OCr+ODquODpeODvOODkOODvCDljJblraboo73lk4HjgJBJU09GTEVYIE5CVSAxNeOAkSg4MTg0NzYxKSDjgq/jg6rjg6Xjg7zjg5Djg7wg77yu77yv77yr44Kw44Oq44O844K5IO+8qe+8s++8r++8pu+8rO+8pe+8uCDvvK7vvKLvvLUgMTUg55m65rOo5Y2Y5L2NMQ==,,PGZvbnQgc2l6ZT0iNCI+57SN5pyf55uu5a6J77yaPC9mb250Pjxmb250IGNvbG9yPSIjMDAwMDAwIiBzaXplPSI0Ij7jgYrlj5bjgorlr4TjgZvlk4Eo6Kmz44GX44GP44Gv44GT44Gh44KJ44KS44Kv44Oq44OD44KvKTwvZm9udD48YnI+PGJyPjxicj4K4peP6auY6YCf55So44Gr6YGp44GX44Gm44GE44G+44GZ44CCPGJyPgril4/ou7jlj5fjga7muKnluqbkuIrmmIfjgpLkvY7jgY/mipHjgYjjgovjgZPjgajjgYzjgafjgY3jgb7jgZnjgII8YnI+CuKXj+iAkOiNt+mHjeaAp+OAgeiAkOaRqeiAl+aAp+OAgeiAkOawtOaAp+OBq+WEquOCjOOBpuOBhOOBvuOBmeOAgjxicj4K4peP5bel5L2c5qmf5qKw44Gu5Li76Lu444CCPGJyPgril4/nm7Tli5Xou7jlj5fjgIHjg5zjg7zjg6vjga3jgZjjgII8YnI+CuKXj+a4rOWumuapn+aisOOAgeODreODnOODg+ODiOOAgeeyvuWvhuapn+aisOOAgjxicj4K4peP44Gd44Gu5LuW6YGL6Lui44Gr44KI44KL55m654ax44KE5raI6LK76Zu75Yqb44KS44Gn44GN44KL44Gg44GR5L2O44GP5oqR44GI44KL5b+F6KaB44Gu44GC44KL5qmf5qKw44CB6KOF572u44CCPGJyPgril4/jgaHjgofjgYbluqY6Tk8uMjxicj4K4peP6ImyOuODmeODvOOCuOODpTxicj4K4peP5a656YePKGcpOu+8k++8l++8kDxicj4K4peP5L2/55So5rip5bqm56+E5ZuyKOKEgyk6LTQw772eMTMwPGJyPgril4/kvb/nlKjmuKnluqbnr4Tlm7I6LTQw772eMTMw4oSDPGJyPgril4/kuLvmiJDliIY644Ko44K544OG44Or5rK5PGJyPgril4/jg5Djg6rjgqbjg6DjgrPjg7Pjg5fjg6zjg4Pjgq/jgrnnn7PjgZHjgpM=,4pag44CS77yu77yv77yr44Kv44Oq44Ol44O844OQ44O8L+OCr+ODquODpeODvOODkOODvCDljJblraboo73lk4HjgJBJU09GTEVYIE5CVSAxNeOAkSg4MTg0NzYxKSDjgq/jg6rjg6Xjg7zjg5Djg7wg77yu77yv77yr44Kw44Oq44O844K5IO+8qe+8s++8r++8pu+8rO+8pe+8uCDvvK7vvKLvvLUgMTUg55m65rOo5Y2Y5L2NMe+8muOCr+ODreODvOODkOODvOizh+adkOmkqA==,6YCa5L+h6LKp5aOy6YCa6LKp44K344On44OD44OU44Oz44Kw44Kq44Oz44Op44Kk44Oz44K344On44OD44OU44Oz44Kw6LK344GE54mp44OX44Os44K844Oz44OI44Ku44OV44OI6LSI44KK54mp6LSI562U5ZOB44GK5Lit5YWD44GK5q2z5pqu44GK6LK344GE5b6X4pag44CS77yu77yv77yr44Kv44Oq44Ol44O844OQ44O8L+OCr+ODquODpeODvOODkOODvCDljJblraboo73lk4HjgJBJU09GTEVYIE5CVSAxNeOAkSg4MTg0NzYxKSDjgq/jg6rjg6Xjg7zjg5Djg7wg77yu77yv77yr44Kw44Oq44O844K5IO+8qe+8s++8r++8pu+8rO+8pe+8uCDvvK7vvKLvvLUgMTUg55m65rOo5Y2Y5L2NMQ==,55Kw5aKD5a6J5YWo55So5ZOBXOWMluWtpuijveWTgeOAguKWoOOAku+8ru+8r++8q+OCr+ODquODpeODvOODkOODvC/jgq/jg6rjg6Xjg7zjg5Djg7wg5YyW5a2m6KO95ZOB44CQSVNPRkxFWCBOQlUgMTXjgJEoODE4NDc2MSkg44Kv44Oq44Ol44O844OQ44O8IO+8ru+8r++8q+OCsOODquODvOOCuSDvvKnvvLPvvK/vvKbvvKzvvKXvvLgg77yu77yi77y1IDE1IOeZuuazqOWNmOS9jTE=[rn]
15-28010,,MzQ4MC4wMDAw,,6Iqx44O744Ks44O844OH44Oz44O7RElZID4gRElZ44O75bel5YW3ID4g44Gd44Gu5LuW,4pag44CS77yp77y077y344OR44OV44Kp44O844Oe44Oz44K544Od44Oq44Oe44O8L+ODh+ODluOCs+ODsyDmvaTmu5HliaTjgJBDMDIwMlLjgJEoODE4NjU0MSkg44OH44OW44Kz44OzIO+8o++8r++8su+8qe+8te+8rSDvvLoyMDLvvLIg57W257iB44Ov44OL44K544K544OX44Os44O8IOeZuuazqOWNmOS9jTE=,,PGZvbnQgc2l6ZT0iNCI+57SN5pyf55uu5a6J77yaPC9mb250Pjxmb250IGNvbG9yPSIjMDAwMDAwIiBzaXplPSI0Ij7jgYrlj5bjgorlr4TjgZvlk4Eo6Kmz44GX44GP44Gv44GT44Gh44KJ44KS44Kv44Oq44OD44KvKTwvZm9udD48YnI+PGJyPjxicj4K4peP57Ch5Y2Y44Gr5aGX5biD44Gn44GN44KL44K544OX44Os44O844K/44Kk44OX44Gu57W257iB44Ov44OL44K544Gn44GZ44CCPGJyPgril4/pq5jjgYTmn5Tou5/mgKfjgafjgZnjgII8YnI+CuKXj+awtOWIhuODu+aXpeWFieODu+mFuOODu+OCouODq+OCq+ODquOBi+OCieOBruiAkOiFkOidleOBq+WEquOCjOOBpuOBhOOBvuOBmeOAgjxicj4K4peP5aGX6Iac44GM6JaE44GP44Kz44K544OI5YmK5rib44GM5Y+v6IO944Gn44GZ44CCPGJyPgril4/oiLnoiLbjgqjjg7Pjgrjjg7PjgqTjgrDjg4vjg4Pjgrfjg6fjg7Pjg7voh6rli5Xou4rpm7vmsJfjgrfjgrnjg4bjg6Djg7vpm7voqbHpgJrkv6Hjgrfjgrnjg4bjg6Djg7vlsYvlpJbpm7vmsJfvvI/pm7vlrZDoo4Xnva7jg7vjg4DjgqTjgqrjg7zjg4njg7vphY3nt5rjg7vjg5fjg6rjg7Pjg4jln7rmnb/jgarjganjgII8YnI+CuKXj+iJsjroloTotaToibI8YnI+CuKXj+WuuemHjyhtbCk6NTAwPGJyPgril4/kvb/nlKjmuKnluqbnr4Tlm7I65bi45ripPGJyPgril4/kvY7oh63msJc8YnI+CuKXj+mAn+S5vuaApzxicj4K4peP57W257iB6ICQ5YqbMTQwMHYvbWlsPGJyPgril4/kuLvmiJDliIY644Ki44Ok44OI44Oz,4pag44CS77yp77y077y344OR44OV44Kp44O844Oe44Oz44K544Od44Oq44Oe44O8L+ODh+ODluOCs+ODsyDmvaTmu5HliaTjgJBDMDIwMlLjgJEoODE4NjU0MSkg44OH44OW44Kz44OzIO+8o++8r++8su+8qe+8te+8rSDvvLoyMDLvvLIg57W257iB44Ov44OL44K544K544OX44Os44O8IOeZuuazqOWNmOS9jTHvvJrjgq/jg63jg7zjg5Djg7zos4fmnZDppKg=,6YCa5L+h6LKp5aOy6YCa6LKp44K344On44OD44OU44Oz44Kw44Kq44Oz44Op44Kk44Oz44K344On44OD44OU44Oz44Kw6LK344GE54mp44OX44Os44K844Oz44OI44Ku44OV44OI6LSI44KK54mp6LSI562U5ZOB44GK5Lit5YWD44GK5q2z5pqu44GK6LK344GE5b6X4pag44CS77yp77y077y344OR44OV44Kp44O844Oe44Oz44K544Od44Oq44Oe44O8L+ODh+ODluOCs+ODsyDmvaTmu5HliaTjgJBDMDIwMlLjgJEoODE4NjU0MSkg44OH44OW44Kz44OzIO+8o++8r++8su+8qe+8te+8rSDvvLoyMDLvvLIg57W257iB44Ov44OL44K544K544OX44Os44O8IOeZuuazqOWNmOS9jTE=,55Kw5aKD5a6J5YWo55So5ZOBXOWMluWtpuijveWTgeOAguKWoOOAku+8qe+8tO+8t+ODkeODleOCqeODvOODnuODs+OCueODneODquODnuODvC/jg4fjg5bjgrPjg7Mg5r2k5ruR5Ymk44CQQzAyMDJS44CRKDgxODY1NDEpIOODh+ODluOCs+ODsyDvvKPvvK/vvLLvvKnvvLXvvK0g77y6MjAy77yyIOe1tue4geODr+ODi+OCueOCueODl+ODrOODvCDnmbrms6jljZjkvY0x[rn]
15-28011,,NTU2LjAwMDA=,,6Iqx44O744Ks44O844OH44Oz44O7RElZID4gRElZ44O75bel5YW3ID4g44Gd44Gu5LuW,4pag44CS44Ko44O844K844OD44OIL+OCqOODvOOCvOODg+ODiCDljJblraboo73lk4HjgJA3ODHjgJEoNzk4NDEyMCkg44Ko44O844K844OD44OIIOOCpuODrOOCouOCsOODquODvOOCueODneODquODgeODpeODvOODljEwMO+9hyDnmbrms6jljZjkvY0x,,PGZvbnQgc2l6ZT0iNCI+57SN5pyf55uu5a6J77yaPC9mb250Pjxmb250IGNvbG9yPSIjMDAwMDAwIiBzaXplPSI0Ij7jgYrlj5bjgorlr4TjgZvlk4Eo6Kmz44GX44GP44Gv44GT44Gh44KJ44KS44Kv44Oq44OD44KvKTwvZm9udD48YnI+PGJyPjxicj4K4peP54m544Gr6ICQ54ax6ICQ5rC05oCn44Gr44GZ44GQ44KM44Gf44Kw44Oq44O844K544Gn44GZ44CCPGJyPgril4/mqZ/morDnrYnjga7pmLLpjIbjgIHplbfmnJ/mvaTmu5HjgavjgII8YnI+CuKXj+OBoeOCh+OBhuW6pjpOTy4yPGJyPgril4/oibI644Kv44Oq44O844Og6ImyPGJyPgril4/lrrnph48oZyk6MTAwPGJyPgril4/kvb/nlKjmuKnluqbnr4Tlm7Io4oSDKTotMjDvvZ4yMDA8YnI+CuKXj+S9v+eUqOa4qeW6puevhOWbsjotMjDvvZ4yMDDihIM8YnI+CuKXj+OBoeOCh+OBhuW6pjLlj7c8YnI+CuKXj+S9v+eUqOa4qeW6puevhOWbsjotMjDihIPvvZ4yMDDihIM8YnI+CuKXj+ODgeODpeODvOODluWFpeOCijxicj4K4peP5Li75oiQ5YiGOuOCpuODrOOCouaoueiEguezu+OCsOODquODvOOCuQ==,4pag44CS44Ko44O844K844OD44OIL+OCqOODvOOCvOODg+ODiCDljJblraboo73lk4HjgJA3ODHjgJEoNzk4NDEyMCkg44Ko44O844K844OD44OIIOOCpuODrOOCouOCsOODquODvOOCueODneODquODgeODpeODvOODljEwMO+9hyDnmbrms6jljZjkvY0x77ya44Kv44Ot44O844OQ44O86LOH5p2Q6aSo,6YCa5L+h6LKp5aOy6YCa6LKp44K344On44OD44OU44Oz44Kw44Kq44Oz44Op44Kk44Oz44K344On44OD44OU44Oz44Kw6LK344GE54mp44OX44Os44K844Oz44OI44Ku44OV44OI6LSI44KK54mp6LSI562U5ZOB44GK5Lit5YWD44GK5q2z5pqu44GK6LK344GE5b6X4pag44CS44Ko44O844K844OD44OIL+OCqOODvOOCvOODg+ODiCDljJblraboo73lk4HjgJA3ODHjgJEoNzk4NDEyMCkg44Ko44O844K844OD44OIIOOCpuODrOOCouOCsOODquODvOOCueODneODquODgeODpeODvOODljEwMO+9hyDnmbrms6jljZjkvY0x,55Kw5aKD5a6J5YWo55So5ZOBXOWMluWtpuijveWTgeOAguKWoOOAkuOCqOODvOOCvOODg+ODiC/jgqjjg7zjgrzjg4Pjg4gg5YyW5a2m6KO95ZOB44CQNzgx44CRKDc5ODQxMjApIOOCqOODvOOCvOODg+ODiCDjgqbjg6zjgqLjgrDjg6rjg7zjgrnjg53jg6rjg4Hjg6Xjg7zjg5YxMDDvvYcg55m65rOo5Y2Y5L2NMQ==[rn]
15-28012,,ODU1LjIwMDA=,,6Iqx44O744Ks44O844OH44Oz44O7RElZID4gRElZ44O75bel5YW3ID4g44Gd44Gu5LuW,4pag44CS44OI44Op44K544Kz5Lit5bGxL++8tO+8su+8te+8s++8o++8ryDljJblraboo73vvLPvvK3jgJBBTFAtRk9O44CRKDgxODQzNjQpIO+8tO+8su+8te+8s++8o++8ryDOseODjeOCuOe3qeOCgeOCquOCpOODq+OCueODl+ODrOODvCDms6Hjgr/jgqTjg5cgNDIw772N772MIOeZuuazqOWNmOS9jTE=,,PGZvbnQgc2l6ZT0iNCI+57SN5pyf55uu5a6J77yaPC9mb250Pjxmb250IGNvbG9yPSIjMDAwMDAwIiBzaXplPSI0Ij7jgYrlj5bjgorlr4TjgZvlk4Eo6Kmz44GX44GP44Gv44GT44Gh44KJ44KS44Kv44Oq44OD44KvKTwvZm9udD48YnI+PGJyPjxicj4K4peP6Z2e5bi444Gr44GN44KB44Gu57Sw44GL44GE5rOh54q244Gr44OU44Oz44Od44Kk44Oz44OI44Gn44Kq44Kk44Or44KS5Zm05bCE44GX44G+44GZ44CCPGJyPgril4/kuIDoiKznmoTjgarjgrnjg5fjg6zjg7zjga7jgojjgYbjgarpo5vjgbPmlaPjgorjgoTlnoLjgozokL3jgaHjgYzlsJHjgarjgY/ntYzmuIjnmoTjgafjgZnjgII8YnI+CuKXj+WZtOWwhOmjm+aVo+OBjOi1t+OBk+OCiuOBq+OBj+OBhOOBn+OCgeOAgeWRqOWbsuOCkuaxmuOBl+OBq+OBj+OBj+OAgeS6uuOBruWQuOW8lemHj+OCgui7vea4m+OBleOCjOOBvuOBmeOAgjxicj4K4peP5rW46YCP5oCn44CB5rC0572u5o+b5oCn44CB5r2k5ruR5oCn44Gr5YSq44KM44Gf44Kq44Kk44Or44GM44ON44K4562J44Gu57Sw6YOo44Gr44GX44Gj44GL44KK5rW46YCP44GX44G+44GZ44CCPGJyPgril4/mqZ/morDjg7voo4Xnva7jga7pg6jlk4HliIbop6Pjgajjg43jgrjnt6njgoHjgavjgII8YnI+CuKXj+Wbnui7ouOAguaRuuWLlemDqOOBrua1uOmAj+a9pOa7keOBqOOBjeOBl+OBv+atouOCgeOBq+OAgjxicj4K4peP6ImyOuikkOiJsumAj+aYjjxicj4K4peP5a656YePKG1sKTozMzU8YnI+CuKXj+ijvemAoOWbvTrml6XmnKw8YnI+CuKXj+S9v+eUqOa4qeW6puevhOWbsjotMTDvvZ43MOKEgzxicj4K4peP6ImyOuikkOiJsumAj+aYjjxicj4K4peP5Li75oiQ5YiGOuWQiOaIkOayueOAgeacieapn+ODouODquODluODh+ODs+OAgeOCpOOCveODkeODqeODleOCo+ODsw==,4pag44CS44OI44Op44K544Kz5Lit5bGxL++8tO+8su+8te+8s++8o++8ryDljJblraboo73vvLPvvK3jgJBBTFAtRk9O44CRKDgxODQzNjQpIO+8tO+8su+8te+8s++8o++8ryDOseODjeOCuOe3qeOCgeOCquOCpOODq+OCueODl+ODrOODvCDms6Hjgr/jgqTjg5cgNDIw772N772MIOeZuuazqOWNmOS9jTHvvJrjgq/jg63jg7zjg5Djg7zos4fmnZDppKg=,6YCa5L+h6LKp5aOy6YCa6LKp44K344On44OD44OU44Oz44Kw44Kq44Oz44Op44Kk44Oz44K344On44OD44OU44Oz44Kw6LK344GE54mp44OX44Os44K844Oz44OI44Ku44OV44OI6LSI44KK54mp6LSI562U5ZOB44GK5Lit5YWD44GK5q2z5pqu44GK6LK344GE5b6X4pag44CS44OI44Op44K544Kz5Lit5bGxL++8tO+8su+8te+8s++8o++8ryDljJblraboo73vvLPvvK3jgJBBTFAtRk9O44CRKDgxODQzNjQpIO+8tO+8su+8te+8s++8o++8ryDOseODjeOCuOe3qeOCgeOCquOCpOODq+OCueODl+ODrOODvCDms6Hjgr/jgqTjg5cgNDIw772N772MIOeZuuazqOWNmOS9jTE=,55Kw5aKD5a6J5YWo55So5ZOBXOWMluWtpuijveWTgeOAguKWoOOAkuODiOODqeOCueOCs+S4reWxsS/vvLTvvLLvvLXvvLPvvKPvvK8g5YyW5a2m6KO977yz77yt44CQQUxQLUZPTuOAkSg4MTg0MzY0KSDvvLTvvLLvvLXvvLPvvKPvvK8gzrHjg43jgrjnt6njgoHjgqrjgqTjg6vjgrnjg5fjg6zjg7wg5rOh44K/44Kk44OXIDQyMO+9je+9jCDnmbrms6jljZjkvY0x[rn]
15-28013,,NzI5OC40MDAw,,6Iqx44O744Ks44O844OH44Oz44O7RElZID4gRElZ44O75bel5YW3ID4g44Gd44Gu5LuW,4pag44CS44OI44Op44K544Kz5Lit5bGxL++8tO+8su+8te+8s++8o++8ryDljJblraboo73vvLPvvK3jgJBURkctMTEwQVDjgJEoNzkzMzMyMSkg77y077yy77y177yz77yj77yvIOmHkeWei+eUqOODleODg+e0oOOCsOODquOCuSAxMTDvvYcg44Ko44Ki44Os44K544Od44Oz44OXIOeZuuazqOWNmOS9jTE=,,PGZvbnQgc2l6ZT0iNCI+57SN5pyf55uu5a6J77yaPC9mb250Pjxmb250IGNvbG9yPSIjMDAwMDAwIiBzaXplPSI0Ij7jgYrlj5bjgorlr4TjgZvlk4Eo6Kmz44GX44GP44Gv44GT44Gh44KJ44KS44Kv44Oq44OD44KvKTwvZm9udD48YnI+PGJyPjxicj4K4peP44Ko44Ki44Os44K544Od44Oz44OX5YWl44KK44Gu44Gf44KB5a6a6YeP44KS5ZCQ5Ye644Gn44GN44CB5a655Zmo5YaF44Gu44Kw44Oq44K544KS5pyA5b6M44G+44Gn5L2/44GE44GN44KM44KL44Gu44Gn57WM5riI55qE44Gn44GZ44CCPGJyPgril4/lrrnlmajjga7lr4bplonmgKfjgYzpq5jjgY/jgIHjgrTjg5/jgYzlhaXjgorjgavjgY/jgYTku5Xmp5jjgafjgZnjgII8YnI+CuKXj+WfuuayueOBq+WMluWtpueahOOBq+mdnuW4uOOBq+WuieWumuOBl+OBpuOBhOOCi+ODleODg+e0oOezu+OCquOCpOODq+OCkueUqOOBhOOAgeODleODg+e0oOaoueiEgu+8iFBURkXvvInjgaflopfjgaHjgofjgYbjgZfjgZ/jgrDjg6rjgrnjgafjgZnjgII8YnI+CuKXj+iWrOWTgeOChOa6tuWJpOOBjOOBi+OBi+OCi+eSsOWig+S4i+OChOmrmOa4qeODu+S9jua4qeS4i+OAgeaoueiEgua9pOa7keWAi+aJgOOBquOBqeOBq+OBiuOBhOOBpuWEquOCjOOBn+WKueaenOOCkueZuuaPruOBl+OBvuOBmeOAgjxicj4K4peP44OB44Ol44O844OW44K/44Kk44OX44KI44KK44KC5a656YeP44KSMTBn5aKX6YeP44GX44Gf44GK5b6X44Gq5ZWG5ZOB44Gn44GZ44CCPGJyPgril4/pq5jmuKnkuIvvvIgyNTDihIPku6XkuIvvvInjga7ou7jlj5fjgIHmkbrli5Xpg6jjgavjgII8YnI+CuKXj+OBoeOCh+OBhuW6pjoyODQ8YnI+CuKXj+iJsjrnmb08YnI+CuKXj+WuuemHjyhnKToxMTA8YnI+CuKXj+S9v+eUqOa4qeW6puevhOWbsjotMjDvvZ4yNTDihIM8YnI+CuKXj+WuueWZqDrjgqjjgqLjg6zjgrnjg53jg7Pjg5c8YnI+CuKXjzHjg5fjg4Pjgrfjg6U6M++9njVnPGJyPgril4/kuLvmiJDliIY644OV44OD57Sg5qi56ISC44CB44OV44OD57Sg44Kq44Kk44Or,4pag44CS44OI44Op44K544Kz5Lit5bGxL++8tO+8su+8te+8s++8o++8ryDljJblraboo73vvLPvvK3jgJBURkctMTEwQVDjgJEoNzkzMzMyMSkg77y077yy77y177yz77yj77yvIOmHkeWei+eUqOODleODg+e0oOOCsOODquOCuSAxMTDvvYcg44Ko44Ki44Os44K544Od44Oz44OXIOeZuuazqOWNmOS9jTHvvJrjgq/jg63jg7zjg5Djg7zos4fmnZDppKg=,6YCa5L+h6LKp5aOy6YCa6LKp44K344On44OD44OU44Oz44Kw44Kq44Oz44Op44Kk44Oz44K344On44OD44OU44Oz44Kw6LK344GE54mp44OX44Os44K844Oz44OI44Ku44OV44OI6LSI44KK54mp6LSI562U5ZOB44GK5Lit5YWD44GK5q2z5pqu44GK6LK344GE5b6X4pag44CS44OI44Op44K544Kz5Lit5bGxL++8tO+8su+8te+8s++8o++8ryDljJblraboo73vvLPvvK3jgJBURkctMTEwQVDjgJEoNzkzMzMyMSkg77y077yy77y177yz77yj77yvIOmHkeWei+eUqOODleODg+e0oOOCsOODquOCuSAxMTDvvYcg44Ko44Ki44Os44K544Od44Oz44OXIOeZuuazqOWNmOS9jTE=,55Kw5aKD5a6J5YWo55So5ZOBXOWMluWtpuijveWTgeOAguKWoOOAkuODiOODqeOCueOCs+S4reWxsS/vvLTvvLLvvLXvvLPvvKPvvK8g5YyW5a2m6KO977yz77yt44CQVEZHLTExMEFQ44CRKDc5MzMzMjEpIO+8tO+8su+8te+8s++8o++8ryDph5HlnovnlKjjg5Xjg4PntKDjgrDjg6rjgrkgMTEw772HIOOCqOOCouODrOOCueODneODs+ODlyDnmbrms6jljZjkvY0x[rn]
15-28014,,MTk5MzkuMjAwMA==,,6Iqx44O744Ks44O844OH44Oz44O7RElZID4gRElZ44O75bel5YW3ID4g44Gd44Gu5LuW,IyMj4pag44CS44OV44OD44Kv44K544K444Oj44OR44OzL+ODleODg+OCr+OCuSDliIfliYrmsrnjgJBFQzQzMFNQUEzjgJEoODE4NDc5NSkg44OV44OD44Kv44K5IOawtOa6tuaAp+WIh+WJiuODu+eglOWJiuayueWJpOOCqOOCs+OCr+ODvOODqyDvvLPvvLnvvK4gNDMwIO+8s++8sCDnmbrms6jljZjkvY0x,,PGZvbnQgc2l6ZT0iNCI+57SN5pyf55uu5a6J77yaPC9mb250Pjxmb250IGNvbG9yPSIjMDAwMDAwIiBzaXplPSI0Ij7jgYrlj5bjgorlr4TjgZvlk4Eo6Kmz44GX44GP44Gv44GT44Gh44KJ44KS44Kv44Oq44OD44KvKTwvZm9udD48YnI+PGJyPjxmb250IHNpemU9IjQiIGNvbG9yPSIiPjxiPuKAu+OBk+OBoeOCieOBruWVhuWTgeOBr+ODoeODvOOCq+ODvOebtOmAgeWTgeOBqOOBquOCiuOBvuOBmeOAguOBlOWFpemHkeeiuuiqjeW+jOOBruOBiuaJi+mFjeOBp+OBmeOAgjwvYj48L2ZvbnQ+PGJyPgo8YnI+PGZvbnQgc2l6ZT0iNCIgY29sb3I9IiI+PGI+4oC744GT44Gh44KJ44Gu5ZWG5ZOB44Gv6YCB5paZ44GM5Yil6YCU55m655Sf44GZ44KL5aC05ZCI44GM44GC44KK44G+44GZ44CC6Kmz44GX44GP44Gv44GK5ZWP44GE5ZCI44KP44Gb44GP44Gg44GV44GE44CCPC9iPjwvZm9udD48YnI+CuKAu+i/veWKoOmAgeaWmeOBr+WIpemAlOW9k+W6l+OBi+OCieOBruODoeODvOODq+OBp+ioguato+OBleOCjOOBvuOBmeOAgjxicj48YnI+PGJyPgril4/kuIDoiKzpi7PpiYTjgYvjgolTVVPmnZDjgarjganjga7pm6PliYrmnZDjgavjgoLpgannlKjjgafjgY3jgb7jgZnjgII8YnI+CuKXj+ayueOBrua3t+WFpeOCkumYsuOBjuOAgeeglOWJiuWxkeOChOaui+eVmeeJqeOCkue0oOaXqeOBj+WIhumbouOBleOBm+OCi+OBn+OCgeOAgeODr+ODvOOCr+ODlOODvOOCueOBruihqOmdouOBq+aui+eVmeeJqeOBjOS7mOedgOOBm+OBmuOAgeWKoOW3peeSsOWig+OCkua4hea9lOOBq+S/neOBpOOBk+OBqOOBjOOBp+OBjeOBvuOBmeOAgjxicj4K4peP5oqX6I+M5oCn44Gr5YSq44KM44CB5ray5a+/5ZG944Gu5bu26ZW344CB44Oh44Oz44OG44OK44Oz44K56LK755So44KS5YmK5rib44GX44G+44GZ44CCPGJyPgril4/loanntKDjg5Xjg6rjg7zjga7jgZ/jgoHjgIHkvb/nlKjmtrLlh6bnkIbjgYzlrrnmmJPjgafjgZnjgII8YnI+CuKXj+i2heehrOadkOeglOWJiuWKoOW3peOAgeS4gOiIrOeglOWJiuWKoOW3peOAgjxicj4K4peP6ImyOua3oem7hOiJsjxicj4K4peP5a656YePKEwpOjIwPGJyPgril4/otoXnoazmnZDnoJTliYrnlKjjgr3jg6rjg6Xjg7zjgrfjg6fjg7PlnovmsLTmurbmgKfnoJTliYrmsrnliaQ8YnI+CuKXj++8ku+8kO+8rOe8tg==,IyMj4pag44CS44OV44OD44Kv44K544K444Oj44OR44OzL+ODleODg+OCr+OCuSDliIfliYrmsrnjgJBFQzQzMFNQUEzjgJEoODE4NDc5NSkg44OV44OD44Kv44K5IOawtOa6tuaAp+WIh+WJiuODu+eglOWJiuayueWJpOOCqOOCs+OCr+ODvOODqyDvvLPvvLnvvK4gNDMwIO+8s++8sCDnmbrms6jljZjkvY0x77ya44Kv44Ot44O844OQ44O86LOH5p2Q6aSo,6YCa5L+h6LKp5aOy6YCa6LKp44K344On44OD44OU44Oz44Kw44Kq44Oz44Op44Kk44Oz44K344On44OD44OU44Oz44Kw6LK344GE54mp44OX44Os44K844Oz44OI44Ku44OV44OI6LSI44KK54mp6LSI562U5ZOB44GK5Lit5YWD44GK5q2z5pqu44GK6LK344GE5b6XIyMj4pag44CS44OV44OD44Kv44K544K444Oj44OR44OzL+ODleODg+OCr+OCuSDliIfliYrmsrnjgJBFQzQzMFNQUEzjgJEoODE4NDc5NSkg44OV44OD44Kv44K5IOawtOa6tuaAp+WIh+WJiuODu+eglOWJiuayueWJpOOCqOOCs+OCr+ODvOODqyDvvLPvvLnvvK4gNDMwIO+8s++8sCDnmbrms6jljZjkvY0x,55Kw5aKD5a6J5YWo55So5ZOBXOWMluWtpuijveWTgeOAgiMjI+KWoOOAkuODleODg+OCr+OCueOCuOODo+ODkeODsy/jg5Xjg4Pjgq/jgrkg5YiH5YmK5rK544CQRUM0MzBTUFBM44CRKDgxODQ3OTUpIOODleODg+OCr+OCuSDmsLTmurbmgKfliIfliYrjg7vnoJTliYrmsrnliaTjgqjjgrPjgq/jg7zjg6sg77yz77y577yuIDQzMCDvvLPvvLAg55m65rOo5Y2Y5L2NMQ==[rn]
15-28015,,OTA3LjIwMDA=,,6Iqx44O744Ks44O844OH44Oz44O7RElZID4gRElZ44O75bel5YW3ID4g44Gd44Gu5LuW,4pag44CS5LiJ6I+x44Ks44K55YyW5a2mL+S4ieiPseOCrOOCueWMluWtpiDljJblraboo73lk4HjgJBSUC0xQUPjgJEoODE4NzkyOCkg5LiJ6I+x44Ks44K55YyW5a2mIO+8su+8sO+8jTHvvKHvvKMg55m65rOo5Y2Y5L2NMQ==,,PGZvbnQgc2l6ZT0iNCI+57SN5pyf55uu5a6J77yaPC9mb250Pjxmb250IGNvbG9yPSIjMDAwMDAwIiBzaXplPSI0Ij7jgYrlj5bjgorlr4TjgZvlk4Eo6Kmz44GX44GP44Gv44GT44Gh44KJ44KS44Kv44Oq44OD44KvKTwvZm9udD48YnI+PGJyPjxicj4K4peP44Ks44K544OQ44Oq44Ki5oCn44Gu6auY44GE6KKL44Gr6KO95ZOB44Go5LiA57eS44Gr5YWl44KM44K344O844Or5qmf44Gn5a+G6ZaJ44GZ44KL44GT44Go44Gn6auY44GE6Ziy6YyG5Yq55p6c44O744Gv44KT44Gg5oCn44KS6ZW35pyf6ZaT57at5oyB44Gn44GN44G+44GZ44CCPGJyPgril4/ph5HlsZ7pg6jlk4HjgoTln7rnm6Tku5bjgIHmp5jjgIXjgaroo73lk4Hjga7plbfmnJ/kv53lrZjjgYzlh7rmnaXjgb7jgZnjgII8YnI+CuKXj+a1t+Wklui8uOmAgeODu+S/neeuoeS4reOBruWQuOa5v+ODu+mFuOWMluOBq+OCiOOCi+WTgeizquOCr+ODrOODvOODoOOCkumYsuatouOBl+OBvuOBmeOAgjxicj4K4peP5bmFKG1tKToyODxicj4K4peP6ZW344GVKG1tKTo1NTxicj4K4peP54S85oiQ54+q6Je75Zyf44CB6YW45YyW44Kr44Or44K344Km44Og44CB54Kt5YyW5rC057Sg5YyW5ZCI54mp44CB5qi56ISC57KJ5pyr44CB5rS75oCn54Kt44GL44KJ44Gq44KL5re35ZCI54mpPGJyPgril4/pq5jjgYTjg5Djg6rjgqLmgKfjgpLmjIHjgaTooovjga7kuK3jgavosrTnpL7oo73lk4HjgahSUOWJpOOCkuWFpeOCjOOAgeeGseOCt+ODvOODq+apn+OBp+WvhumWieOBl+OBpuOBj+OBoOOBleOBhOOAgg==,4pag44CS5LiJ6I+x44Ks44K55YyW5a2mL+S4ieiPseOCrOOCueWMluWtpiDljJblraboo73lk4HjgJBSUC0xQUPjgJEoODE4NzkyOCkg5LiJ6I+x44Ks44K55YyW5a2mIO+8su+8sCZtaW51czsx77yh77yjIOeZuuazqOWNmOS9jTHvvJrjgq/jg63jg7zjg5Djg7zos4fmnZDppKg=,6YCa5L+h6LKp5aOy6YCa6LKp44K344On44OD44OU44Oz44Kw44Kq44Oz44Op44Kk44Oz44K344On44OD44OU44Oz44Kw6LK344GE54mp44OX44Os44K844Oz44OI44Ku44OV44OI6LSI44KK54mp6LSI562U5ZOB44GK5Lit5YWD44GK5q2z5pqu44GK6LK344GE5b6X4pag44CS5LiJ6I+x44Ks44K55YyW5a2mL+S4ieiPseOCrOOCueWMluWtpiDljJblraboo73lk4HjgJBSUC0xQUPjgJEoODE4NzkyOCkg5LiJ6I+x44Ks44K55YyW5a2mIO+8su+8sCZtaW51czsx77yh77yjIOeZuuazqOWNmOS9jTE=,55Kw5aKD5a6J5YWo55So5ZOBXOWMluWtpuijveWTgeOAguKWoOOAkuS4ieiPseOCrOOCueWMluWtpi/kuInoj7HjgqzjgrnljJblraYg5YyW5a2m6KO95ZOB44CQUlAtMUFD44CRKDgxODc5MjgpIOS4ieiPseOCrOOCueWMluWtpiDvvLLvvLAmbWludXM7Me+8oe+8oyDnmbrms6jljZjkvY0x[rn]
15-28016,,NTM5MTkuMjAwMA==,,6Iqx44O744Ks44O844OH44Oz44O7RElZID4gRElZ44O75bel5YW3ID4g44Gd44Gu5LuW,44CQ44Kr44O844OJ5a++5b+cT0vvvIHjgJHilqDjgJLjg4jjg6njgrnjgrPkuK3lsbEv77y077yy77y177yz77yj77yv44CQVFdQNzAwMDEwMTDjgJEoNzY3NDU1NCkg6ICQ5rC077y177y244K344O844OI77yD77yX77yQ77yQ77yQ44CA5bmF77yR77yQ77yO77yQ772N77y46ZW344GV77yR77yQ77yO77yQ772NIOWPl+azqOWNmOS9jTE=,,PGZvbnQgc2l6ZT0iNCI+57SN5pyf55uu5a6J77yaPC9mb250Pjxmb250IGNvbG9yPSIjMDAwMDAwIiBzaXplPSI0Ij7jgYrlj5bjgorlr4TjgZvlk4Eo6Kmz44GX44GP44Gv44GT44Gh44KJ44KS44Kv44Oq44OD44KvKTwvZm9udD48YnI+PGJyPgo8YnI+PGJyPuKXj+iAkOawtOWcp+OBjDAuOGtnL1tb56uL5pa544K744Oz44OB44Oh44O844OI44OrXV3jga7mgKfog73jgpLmnInjgZfjgIHpgJrluLjjgrfjg7zjg4jjga435YCN5by344Gu6ICQ5rC05Zyn5oCn44Gn44GZ44CCPGJyPuKXj+e0q+Wklue3muWKo+WMlumYsuatouWJpOOBrua3u+WKoOOBq+OCiOOCiumAmuW4uOOBriMzMDAw44K344O844OI44Gu57SENOWAjeiAkOWAmeaAp+OBjOOBguOCiuOBvuOBmeOAgjxicj48YnI+4peP5YCJ5bqr55So44OG44Oz44OI44CCPGJyPuKXj+a4r+a5vumWouS/guOBruiNt+eJqeeUqOOCq+ODkOODvOOAgjxicj7il4/osq/msLTjgr/jg7Pjgq/jga7pmLLmsLTnlKjjgqvjg5Djg7zjgII8YnI+PGJyPuKXj+W5hShtKe+8mjkuOTE8YnI+4peP6ZW344GVKG0p77yaOS45MTxicj7il4/jg4/jg4jjg6HmlbAo5YCLKe+8mjQ0PGJyPuKXj+izqumHjyhrZynvvJozOS4wPGJyPjxicj7il4/oibLvvJpPROOCsOODquODvOODsy/jg5bjg6njg4Pjgq88YnI+4peP5Y6a44G/77yaMC42Mm1tPGJyPuKXj+W8leW8teW8t+W6pu+8mue4pjI1MDBOLzVjbeOAgeaoqjIzNTBOLzVjbTxicj7il4/ogJDmsLTlnKfmgKfog73vvJowLjhrZy9jbTxicj7il4/ogJDkuYXmnJ/plpPvvJrntIQ15bm0PGJyPuKXj+ODj+ODiOODoeODlOODg+ODge+8mjkwY208YnI+4peP5byV6KOC5by35bqm77ya57imMzAwTuOAgeaoqjMwME48YnI+PGJyPuKXj+OCt+ODvOODiO+8muODneODquOCqOODgeODrOODs++8iFBF77yJPGJyPuKXj+ODj+ODiOODoe+8muOCouODq+ODn++8iOWGheW+hO+8mjEybW3vvIk8YnI+,44CQ44Kr44O844OJ5a++5b+cT0vvvIHjgJHilqDjgJLjg4jjg6njgrnjgrPkuK3lsbEv77y077yy77y177yz77yj77yv44CQVFdQNzAwMDEwMTDjgJEoNzY3NDU1NCkg6ICQ5rC077y177y244K344O844OI77yD77yX77yQ77yQ77yQ44CA5bmF77yR77yQ77yO77yQ772N77y46ZW344GV77yR77yQ77yO77yQ772NIOWPl+azqOWNmOS9jTHvvJrjgq/jg63jg7zjg5Djg7zos4fmnZDppKg=,6YCa5L+h6LKp5aOy6YCa6LKp44K344On44OD44OU44Oz44Kw44Kq44Oz44Op44Kk44Oz44K344On44OD44OU44Oz44Kw6LK344GE54mp44OX44Os44K844Oz44OI44Ku44OV44OI6LSI44KK54mp6LSI562U5ZOB44GK5Lit5YWD44GK5q2z5pqu44GK6LK344GE5b6X44CQ44Kr44O844OJ5a++5b+cT0vvvIHjgJHilqDjgJLjg4jjg6njgrnjgrPkuK3lsbEv77y077yy77y177yz77yj77yv44CQVFdQNzAwMDEwMTDjgJEoNzY3NDU1NCkg6ICQ5rC077y177y244K344O844OI77yD77yX77yQ77yQ77yQ44CA5bmF77yR77yQ77yO77yQ772N77y46ZW344GV77yR77yQ77yO77yQ772NIOWPl+azqOWNmOS9jTE=,55Kw5aKD5a6J5YWo55So5ZOBXOOCt+ODvOODiOODu+ODreODvOODl1zvvLXvvLbjgrfjg7zjg4jjgILjgJDjgqvjg7zjg4nlr77lv5xPS++8geOAkeKWoOOAkuODiOODqeOCueOCs+S4reWxsS/vvLTvvLLvvLXvvLPvvKPvvK/jgJBUV1A3MDAwMTAxMOOAkSg3Njc0NTU0KSDogJDmsLTvvLXvvLbjgrfjg7zjg4jvvIPvvJfvvJDvvJDvvJDjgIDluYXvvJHvvJDvvI7vvJDvvY3vvLjplbfjgZXvvJHvvJDvvI7vvJDvvY0g5Y+X5rOo5Y2Y5L2NMQ==[rn]
15-28017,,MzQ4MzIuODAwMA==,,6Iqx44O744Ks44O844OH44Oz44O7RElZID4gRElZ44O75bel5YW3ID4g44Gd44Gu5LuW,44CQ44Kr44O844OJ5a++5b+cT0vvvIHjgJHilqDjgJLjg4jjg6njgrnjgrPkuK3lsbEv77y077yy77y177yz77yj77yv44CQVFdQNzAwMDcyOTDjgJEoNzY3NDU5Nykg6ICQ5rC077y177y244K344O844OI77yD77yX77yQ77yQ77yQ44CA5bmF77yX77yO77yS772N77y46ZW344GV77yZ77yO77yQ772NIOWPl+azqOWNmOS9jTE=,,PGZvbnQgc2l6ZT0iNCI+57SN5pyf55uu5a6J77yaPC9mb250Pjxmb250IGNvbG9yPSIjMDAwMDAwIiBzaXplPSI0Ij7jgYrlj5bjgorlr4TjgZvlk4Eo6Kmz44GX44GP44Gv44GT44Gh44KJ44KS44Kv44Oq44OD44KvKTwvZm9udD48YnI+PGJyPgo8YnI+PGJyPuKXj+iAkOawtOWcp+OBjDAuOGtnL1tb56uL5pa544K744Oz44OB44Oh44O844OI44OrXV3jga7mgKfog73jgpLmnInjgZfjgIHpgJrluLjjgrfjg7zjg4jjga435YCN5by344Gu6ICQ5rC05Zyn5oCn44Gn44GZ44CCPGJyPuKXj+e0q+Wklue3muWKo+WMlumYsuatouWJpOOBrua3u+WKoOOBq+OCiOOCiumAmuW4uOOBriMzMDAw44K344O844OI44Gu57SENOWAjeiAkOWAmeaAp+OBjOOBguOCiuOBvuOBmeOAgjxicj48YnI+4peP5YCJ5bqr55So44OG44Oz44OI44CCPGJyPuKXj+a4r+a5vumWouS/guOBruiNt+eJqeeUqOOCq+ODkOODvOOAgjxicj7il4/osq/msLTjgr/jg7Pjgq/jga7pmLLmsLTnlKjjgqvjg5Djg7zjgII8YnI+PGJyPuKXj+W5hShtKe+8mjcuMTE8YnI+4peP6ZW344GVKG0p77yaOC45MTxicj7il4/jg4/jg4jjg6HmlbAo5YCLKe+8mjM2PGJyPuKXj+izqumHjyhrZynvvJoyNS4zPGJyPjxicj7il4/oibLvvJpPROOCsOODquODvOODsy/jg5bjg6njg4Pjgq88YnI+4peP5Y6a44G/77yaMC42Mm1tPGJyPuKXj+W8leW8teW8t+W6pu+8mue4pjI1MDBOLzVjbeOAgeaoqjIzNTBOLzVjbTxicj7il4/ogJDmsLTlnKfmgKfog73vvJowLjhrZy9jbTxicj7il4/ogJDkuYXmnJ/plpPvvJrntIQ15bm0PGJyPuKXj+ODj+ODiOODoeODlOODg+ODge+8mjkwY208YnI+4peP5byV6KOC5by35bqm77ya57imMzAwTuOAgeaoqjMwME48YnI+PGJyPuKXj+OCt+ODvOODiO+8muODneODquOCqOODgeODrOODs++8iFBF77yJPGJyPuKXj+ODj+ODiOODoe+8muOCouODq+ODn++8iOWGheW+hO+8mjEybW3vvIk8YnI+,44CQ44Kr44O844OJ5a++5b+cT0vvvIHjgJHilqDjgJLjg4jjg6njgrnjgrPkuK3lsbEv77y077yy77y177yz77yj77yv44CQVFdQNzAwMDcyOTDjgJEoNzY3NDU5Nykg6ICQ5rC077y177y244K344O844OI77yD77yX77yQ77yQ77yQ44CA5bmF77yX77yO77yS772N77y46ZW344GV77yZ77yO77yQ772NIOWPl+azqOWNmOS9jTHvvJrjgq/jg63jg7zjg5Djg7zos4fmnZDppKg=,6YCa5L+h6LKp5aOy6YCa6LKp44K344On44OD44OU44Oz44Kw44Kq44Oz44Op44Kk44Oz44K344On44OD44OU44Oz44Kw6LK344GE54mp44OX44Os44K844Oz44OI44Ku44OV44OI6LSI44KK54mp6LSI562U5ZOB44GK5Lit5YWD44GK5q2z5pqu44GK6LK344GE5b6X44CQ44Kr44O844OJ5a++5b+cT0vvvIHjgJHilqDjgJLjg4jjg6njgrnjgrPkuK3lsbEv77y077yy77y177yz77yj77yv44CQVFdQNzAwMDcyOTDjgJEoNzY3NDU5Nykg6ICQ5rC077y177y244K344O844OI77yD77yX77yQ77yQ77yQ44CA5bmF77yX77yO77yS772N77y46ZW344GV77yZ77yO77yQ772NIOWPl+azqOWNmOS9jTE=,55Kw5aKD5a6J5YWo55So5ZOBXOOCt+ODvOODiOODu+ODreODvOODl1zvvLXvvLbjgrfjg7zjg4jjgILjgJDjgqvjg7zjg4nlr77lv5xPS++8geOAkeKWoOOAkuODiOODqeOCueOCs+S4reWxsS/vvLTvvLLvvLXvvLPvvKPvvK/jgJBUV1A3MDAwNzI5MOOAkSg3Njc0NTk3KSDogJDmsLTvvLXvvLbjgrfjg7zjg4jvvIPvvJfvvJDvvJDvvJDjgIDluYXvvJfvvI7vvJLvvY3vvLjplbfjgZXvvJnvvI7vvJDvvY0g5Y+X5rOo5Y2Y5L2NMQ==[rn]
15-28018,,NDIxNzAuNDAwMA==,,6Iqx44O744Ks44O844OH44Oz44O7RElZID4gRElZ44O75bel5YW3ID4g44Gd44Gu5LuW,44CQ44Kr44O844OJ5a++5b+cT0vvvIHjgJHilqDjgJLjg4jjg6njgrnjgrPkuK3lsbEv77y077yy77y177yz77yj77yv44CQSlMyNS0xNTE144CRKDc3MTIyMDEpIOOCuOODo+ODs+ODnOOCt+ODvOODiO+8g++8ku+8le+8kO+8kOOAgOW5he+8ke+8le+8ju+8kO+9je+8uOmVt+OBle+8ke+8le+8ju+8kO+9jSDlj5fms6jljZjkvY0x,,PGZvbnQgc2l6ZT0iNCI+57SN5pyf55uu5a6J77yaPC9mb250Pjxmb250IGNvbG9yPSIjMDAwMDAwIiBzaXplPSI0Ij7jgYrlj5bjgorlr4TjgZvlk4Eo6Kmz44GX44GP44Gv44GT44Gh44KJ44KS44Kv44Oq44OD44KvKTwvZm9udD48YnI+PGJyPgo8YnI+PGJyPuKXj+W6g+OBhOmdouepjeOCkuS4gOW6puOBq+imhuOBhOWMheOBv+i+vOOCgOWkp+Wei+OCteOCpOOCuuOBruODluODq+ODvOOCt+ODvOODiOOBp+OBmeOAgjxicj48YnI+4peP55Sj5qWt6LOH5p2Q44Gq44Gp44Gu5aSn5Z6L6LOH5p2Q44Kr44OQ44O844Gr44CCPGJyPjxicj7il4/luYUobSnvvJoxNS4xMjxicj7il4/plbfjgZUobSnvvJoxNC45PGJyPuKXj+ODj+ODiOODoeaVsCjlgIsp77yaNjQ8YnI+4peP44OP44OI44Oh44OU44OD44OBKGNtKe+8mjEwMDxicj7il4/os6rph48oa2cp77yaMjg8YnI+PGJyPuKXj+iJsu+8muODluODq+ODvDxicj7il4/ljprjgb/vvJowLjE4bW08YnI+4peP5byV5by15by35bqm77ya57imNDgwTi81Y23jgIHmqKozNjBOLzVjbTxicj7il4/ogJDkuYXmnJ/plpPvvJrntIQxMOODteaciDxicj48YnI+4peP44K344O844OI77ya44Od44Oq44Ko44OB44Os44Oz77yIUEXvvIk8YnI+4peP44OP44OI44Oh77ya44Ki44Or44Of77yI5YaF5b6E77yaMTJtbe+8iTxicj4=,44CQ44Kr44O844OJ5a++5b+cT0vvvIHjgJHilqDjgJLjg4jjg6njgrnjgrPkuK3lsbEv77y077yy77y177yz77yj77yv44CQSlMyNS0xNTE144CRKDc3MTIyMDEpIOOCuOODo+ODs+ODnOOCt+ODvOODiO+8g++8ku+8le+8kO+8kOOAgOW5he+8ke+8le+8ju+8kO+9je+8uOmVt+OBle+8ke+8le+8ju+8kO+9jSDlj5fms6jljZjkvY0x77ya44Kv44Ot44O844OQ44O86LOH5p2Q6aSo,6YCa5L+h6LKp5aOy6YCa6LKp44K344On44OD44OU44Oz44Kw44Kq44Oz44Op44Kk44Oz44K344On44OD44OU44Oz44Kw6LK344GE54mp44OX44Os44K844Oz44OI44Ku44OV44OI6LSI44KK54mp6LSI562U5ZOB44GK5Lit5YWD44GK5q2z5pqu44GK6LK344GE5b6X44CQ44Kr44O844OJ5a++5b+cT0vvvIHjgJHilqDjgJLjg4jjg6njgrnjgrPkuK3lsbEv77y077yy77y177yz77yj77yv44CQSlMyNS0xNTE144CRKDc3MTIyMDEpIOOCuOODo+ODs+ODnOOCt+ODvOODiO+8g++8ku+8le+8kO+8kOOAgOW5he+8ke+8le+8ju+8kO+9je+8uOmVt+OBle+8ke+8le+8ju+8kO+9jSDlj5fms6jljZjkvY0x,55Kw5aKD5a6J5YWo55So5ZOBXOOCt+ODvOODiOODu+ODreODvOODl1zjg5bjg6vjg7zjgrfjg7zjg4jjgILjgJDjgqvjg7zjg4nlr77lv5xPS++8geOAkeKWoOOAkuODiOODqeOCueOCs+S4reWxsS/vvLTvvLLvvLXvvLPvvKPvvK/jgJBKUzI1LTE1MTXjgJEoNzcxMjIwMSkg44K444Oj44Oz44Oc44K344O844OI77yD77yS77yV77yQ77yQ44CA5bmF77yR77yV77yO77yQ772N77y46ZW344GV77yR77yV77yO77yQ772NIOWPl+azqOWNmOS9jTE=[rn]
15-28019,,NTkxOS4yMDAw,,6Iqx44O744Ks44O844OH44Oz44O7RElZID4gRElZ44O75bel5YW3ID4g44Gd44Gu5LuW,44CO44Kr44O844OJ5a++5b+cT0vvvIHjgI/ilqDjgJLokKnljp/lt6Xmpa0v6JCp5Y6f44CQVFBOLUJM44CRKDQ5NzE0NjkpIOOCv+ODvOODlOODvOeymOedgOOCt+ODvOODiOODluODqeODg+OCr+OAgO+8ke+8kO+9g++9je+9mO+8ku+8kO+9jSDlj5fms6jljZjkvY0x,,PGZvbnQgc2l6ZT0iNCI+57SN5pyf55uu5a6J77yaPC9mb250Pjxmb250IGNvbG9yPSIjMDAwMDAwIiBzaXplPSI0Ij7jgYrlj5bjgorlr4TjgZvlk4Eo6Kmz44GX44GP44Gv44GT44Gh44KJ44KS44Kv44Oq44OD44KvKTwvZm9udD48YnI+PGJyPgo8YnI+PGJyPuKXj++8sO+8peOAge+8sO+8sOe0oOadkOOBq+OBlOS9v+eUqOOBhOOBn+OBoOOBkeOCi+OCt+ODvOODiOe0oOadkOOBruW8t+WKm+eymOedgOODhuODvOODl+OBp+OBmeOAgjxicj7il4/mmYLplpPjgYzntYzjgaTjgbvjganmjqXnnYDliaTjgYznlJ/lnLDjgavpprTmn5Pjgb/jgIHnspjnnYDlipvjgYzjgqLjg4Pjg5fjgZfjgb7jgZnjgII8YnI+PGJyPuKXj+mYsuiNieOCt+ODvOODiOOBruadremDqOWIhuOBruebruatouOCgeOAgjxicj7il4/jg4jjg6njg4Pjgq/jgrfjg7zjg4jjgIHjg4bjg7Pjg4jjga7oo5zkv67jgII8YnI+PGJyPuKXj+iJsu+8muODluODqeODg+OCrzxicj7il4/luYUobW0p77yaMTAwPGJyPuKXj+mVt+OBlShtKe+8mjIwPGJyPuKXj+WOmuOBvyhtbSnvvJowLjU1PGJyPuKXj+izqumHjyhrZynvvJoxLjE8YnI+PGJyPuKXj+eymOedgOWKm++8mjQzTi8yNW1t77yI5a++44K544OG44Oz44Os44K577yJPGJyPuKXj+W8leW8teW8t+W6pu+8mue4pjExNTBOLzVjbeOAgeaoqjExMDBOLzVjbe+8iOODluODqeODg+OCr++8iTxicj48YnI+4peP5Z+65p2Q77ya44Od44Oq44Ko44OB44Os44OzPGJyPuKXj+aOpeedgOWJpO+8muOCouOCr+ODquODq+ezuzxicj4=,44CO44Kr44O844OJ5a++5b+cT0vvvIHjgI/ilqDjgJLokKnljp/lt6Xmpa0v6JCp5Y6f44CQVFBOLUJM44CRKDQ5NzE0NjkpIOOCv+ODvOODlOODvOeymOedgOOCt+ODvOODiOODluODqeODg+OCr+OAgO+8ke+8kO+9g++9je+9mO+8ku+8kO+9jSDlj5fms6jljZjkvY0x77ya44Kv44Ot44O844OQ44O86LOH5p2Q6aSo,6YCa5L+h6LKp5aOy6YCa6LKp44K344On44OD44OU44Oz44Kw44Kq44Oz44Op44Kk44Oz44K344On44OD44OU44Oz44Kw6LK344GE54mp44OX44Os44K844Oz44OI44Ku44OV44OI6LSI44KK54mp6LSI562U5ZOB44GK5Lit5YWD44GK5q2z5pqu44GK6LK344GE5b6X44CO44Kr44O844OJ5a++5b+cT0vvvIHjgI/ilqDjgJLokKnljp/lt6Xmpa0v6JCp5Y6f44CQVFBOLUJM44CRKDQ5NzE0NjkpIOOCv+ODvOODlOODvOeymOedgOOCt+ODvOODiOODluODqeODg+OCr+OAgO+8ke+8kO+9g++9je+9mO+8ku+8kO+9jSDlj5fms6jljZjkvY0x,55Kw5aKD5a6J5YWo55So5ZOBXOOCt+ODvOODiOODu+ODreODvOODl1zjg4jjg6njg4Pjgq/jgrfjg7zjg4jjgILjgI7jgqvjg7zjg4nlr77lv5xPS++8geOAj+KWoOOAkuiQqeWOn+W3pealrS/okKnljp/jgJBUUE4tQkzjgJEoNDk3MTQ2OSkg44K/44O844OU44O857KY552A44K344O844OI44OW44Op44OD44Kv44CA77yR77yQ772D772N772Y77yS77yQ772NIOWPl+azqOWNmOS9jTE=[rn]
15-28020,,MTQwNDkuNjAwMA==,,6Iqx44O744Ks44O844OH44Oz44O7RElZID4gRElZ44O75bel5YW3ID4g44Gd44Gu5LuW,44CO44Kr44O844OJ5a++5b+cT0vvvIHjgI/ilqDjgJLjg4jjg6njgrnjgrPkuK3lsbEv77y077yy77y177yz77yj77yv44CQVFJTUEMtMTgyN+OAkSg3NTk2NjI2KSDjgqLjg6vjg5/okrjnnYDloanjg5Ppga7nhrHjgrfjg7zjg4jjgIDvvJHvvI7vvJjDl++8ku+8ju+8l++8rSDlj5fms6jljZjkvY0x,,PGZvbnQgc2l6ZT0iNCI+57SN5pyf55uu5a6J77yaPC9mb250Pjxmb250IGNvbG9yPSIjMDAwMDAwIiBzaXplPSI0Ij7jgYrlj5bjgorlr4TjgZvlk4Eo6Kmz44GX44GP44Gv44GT44Gh44KJ44KS44Kv44Oq44OD44KvKTwvZm9udD48YnI+PGJyPgo8YnI+PGJyPuKXj+mBrueGseaAp+OAgeW8t+W6puOAgeaflOi7n+aAp+OAgeiAkOWAmeaAp+OBq+WEquOCjOOBn+OAjOOCouODq+ODn+iSuOedgOWhqeODk+ikh+WQiOOCt+ODvOODiOOAjee0oOadkOOBrumBrueGseS/neWGt+OCt+ODvOODiOOBp+OBmeOAgjxicj7il4/otaTlpJbnt5rlj43lsITjgavjgojjgormlq3nhrHlirnmnpzjgYzjgYLjgorjgb7jgZnjgII8YnI+PGJyPuKXj+W3peWgtOOAgeWAieW6q+OBp+OBrumBrueGseOCq+ODkOODvOOAgjxicj7il4/jg4jjg6njg4Pjgq/nlKjpga7nhrHkv53lhrfjgrfjg7zjg4jjgavjgII8YnI+PGJyPuKXj+W5hShtKe+8mjEuODxicj7il4/plbfjgZUobSnvvJoyLjc8YnI+4peP5Y6a44G/KG1tKe+8mjAuNDxicj7il4/oibLvvJrjgrfjg6vjg5Djg7w8YnI+4peP44K/44Kk44OX77ya5biG5biDPGJyPuKXj+ODj+ODiOODoeaVsO+8iOWAi++8ie+8mjE2PGJyPuKXj+ODj+ODiOODoeODlOODg+ODgShjbSnvvJo1My4wWDU4LjA8YnI+4peP6LOq6YePKO+9i2cp77yaMi4yPGJyPjxicj7il4/ljprjgb/vvJowLjM4bW08YnI+4peP5biG5biD44K/44Kk44OXPGJyPuKXj+mBruWFieaAp++8mjk5Ljk577yF77yISklTIEwgMTA1NUEg5rOV77yJPGJyPuKXj+iAkOWvkuaAp++8mi0xNeKEgzxicj7il4/nhrHmirXmipflgKTvvJpSPTAuMDE1MDhbW+W5s+exs11d44O7Sy9XPGJyPuKXj+eGseS8neWwjueOh++8ms67PTAuMDI2NTI0IFcvbS9rPGJyPjxicj7il4/ln7rmnZDvvJrjg53jg6rjgqjjgrnjg4bjg6vln7rluIM8YnI+,44CO44Kr44O844OJ5a++5b+cT0vvvIHjgI/ilqDjgJLjg4jjg6njgrnjgrPkuK3lsbEv77y077yy77y177yz77yj77yv44CQVFJTUEMtMTgyN+OAkSg3NTk2NjI2KSDjgqLjg6vjg5/okrjnnYDloanjg5Ppga7nhrHjgrfjg7zjg4jjgIDvvJHvvI7vvJgmdGltZXM777yS77yO77yX77ytIOWPl+azqOWNmOS9jTHvvJrjgq/jg63jg7zjg5Djg7zos4fmnZDppKg=,6YCa5L+h6LKp5aOy6YCa6LKp44K344On44OD44OU44Oz44Kw44Kq44Oz44Op44Kk44Oz44K344On44OD44OU44Oz44Kw6LK344GE54mp44OX44Os44K844Oz44OI44Ku44OV44OI6LSI44KK54mp6LSI562U5ZOB44GK5Lit5YWD44GK5q2z5pqu44GK6LK344GE5b6X44CO44Kr44O844OJ5a++5b+cT0vvvIHjgI/ilqDjgJLjg4jjg6njgrnjgrPkuK3lsbEv77y077yy77y177yz77yj77yv44CQVFJTUEMtMTgyN+OAkSg3NTk2NjI2KSDjgqLjg6vjg5/okrjnnYDloanjg5Ppga7nhrHjgrfjg7zjg4jjgIDvvJHvvI7vvJgmdGltZXM777yS77yO77yX77ytIOWPl+azqOWNmOS9jTE=,55Kw5aKD5a6J5YWo55So5ZOBXOOCt+ODvOODiOODu+ODreODvOODl1zjg4jjg6njg4Pjgq/jgrfjg7zjg4jjgILjgI7jgqvjg7zjg4nlr77lv5xPS++8geOAj+KWoOOAkuODiOODqeOCueOCs+S4reWxsS/vvLTvvLLvvLXvvLPvvKPvvK/jgJBUUlNQQy0xODI344CRKDc1OTY2MjYpIOOCouODq+ODn+iSuOedgOWhqeODk+mBrueGseOCt+ODvOODiOOAgO+8ke+8ju+8mCZ0aW1lczvvvJLvvI7vvJfvvK0g5Y+X5rOo5Y2Y5L2NMQ==[rn]
15-28021,,NTkxOS4yMDAw,,6Iqx44O744Ks44O844OH44Oz44O7RElZID4gRElZ44O75bel5YW3ID4g44Gd44Gu5LuW,44CO44Kr44O844OJ5a++5b+cT0vvvIHjgI/ilqDjgJLokKnljp/lt6Xmpa0v6JCp5Y6f44CQVFBOLUNMUuOAkSg0OTcxNDc3KSDjgr/jg7zjg5Tjg7znspjnnYDjgrfjg7zjg4jjgq/jg6rjgqLjgIDvvJHvvJDvvYPvvY3vvZjvvJLvvJDvvY0g5Y+X5rOo5Y2Y5L2NMQ==,,PGZvbnQgc2l6ZT0iNCI+57SN5pyf55uu5a6J77yaPC9mb250Pjxmb250IGNvbG9yPSIjMDAwMDAwIiBzaXplPSI0Ij7jgYrlj5bjgorlr4TjgZvlk4Eo6Kmz44GX44GP44Gv44GT44Gh44KJ44KS44Kv44Oq44OD44KvKTwvZm9udD48YnI+PGJyPgo8YnI+PGJyPuKXj++8sO+8peOAge+8sO+8sOe0oOadkOOBq+OBlOS9v+eUqOOBhOOBn+OBoOOBkeOCi+OCt+ODvOODiOe0oOadkOOBruW8t+WKm+eymOedgOODhuODvOODl+OBp+OBmeOAgjxicj7il4/mmYLplpPjgYzntYzjgaTjgbvjganmjqXnnYDliaTjgYznlJ/lnLDjgavpprTmn5Pjgb/jgIHnspjnnYDlipvjgYzjgqLjg4Pjg5fjgZfjgb7jgZnjgII8YnI+PGJyPuKXj+mYsuiNieOCt+ODvOODiOOBruadremDqOWIhuOBruebruatouOCgeOAgjxicj7il4/jg4jjg6njg4Pjgq/jgrfjg7zjg4jjgIHjg4bjg7Pjg4jjga7oo5zkv67jgII8YnI+PGJyPuKXj+iJsu+8muOCr+ODquOCojxicj7il4/luYUobW0p77yaMTAwPGJyPuKXj+mVt+OBlShtKe+8mjIwPGJyPuKXj+WOmuOBvyhtbSnvvJowLjQ4PGJyPuKXj+izqumHjyhrZynvvJoxLjA8YnI+PGJyPuKXj+eymOedgOWKm++8mjQzTi8yNW1t77yI5a++44K544OG44Oz44Os44K577yJPGJyPuKXj+W8leW8teW8t+W6pu+8mue4pjEwMDBOLzVjbeOAgeaoqjk1MDBOLzVjbe+8iOOCr+ODquOCou+8iTxicj48YnI+4peP5Z+65p2Q77ya44Od44Oq44Ko44OB44Os44OzPGJyPuKXj+aOpeedgOWJpO+8muOCouOCr+ODquODq+ezuzxicj4=,44CO44Kr44O844OJ5a++5b+cT0vvvIHjgI/ilqDjgJLokKnljp/lt6Xmpa0v6JCp5Y6f44CQVFBOLUNMUuOAkSg0OTcxNDc3KSDjgr/jg7zjg5Tjg7znspjnnYDjgrfjg7zjg4jjgq/jg6rjgqLjgIDvvJHvvJDvvYPvvY3vvZjvvJLvvJDvvY0g5Y+X5rOo5Y2Y5L2NMe+8muOCr+ODreODvOODkOODvOizh+adkOmkqA==,6YCa5L+h6LKp5aOy6YCa6LKp44K344On44OD44OU44Oz44Kw44Kq44Oz44Op44Kk44Oz44K344On44OD44OU44Oz44Kw6LK344GE54mp44OX44Os44K844Oz44OI44Ku44OV44OI6LSI44KK54mp6LSI562U5ZOB44GK5Lit5YWD44GK5q2z5pqu44GK6LK344GE5b6X44CO44Kr44O844OJ5a++5b+cT0vvvIHjgI/ilqDjgJLokKnljp/lt6Xmpa0v6JCp5Y6f44CQVFBOLUNMUuOAkSg0OTcxNDc3KSDjgr/jg7zjg5Tjg7znspjnnYDjgrfjg7zjg4jjgq/jg6rjgqLjgIDvvJHvvJDvvYPvvY3vvZjvvJLvvJDvvY0g5Y+X5rOo5Y2Y5L2NMQ==,55Kw5aKD5a6J5YWo55So5ZOBXOOCt+ODvOODiOODu+ODreODvOODl1zjg4jjg6njg4Pjgq/jgrfjg7zjg4jjgILjgI7jgqvjg7zjg4nlr77lv5xPS++8geOAj+KWoOOAkuiQqeWOn+W3pealrS/okKnljp/jgJBUUE4tQ0xS44CRKDQ5NzE0NzcpIOOCv+ODvOODlOODvOeymOedgOOCt+ODvOODiOOCr+ODquOCouOAgO+8ke+8kO+9g++9je+9mO+8ku+8kO+9jSDlj5fms6jljZjkvY0x[rn]
15-28022,,NzIxMDQuMDAwMA==,,6Iqx44O744Ks44O844OH44Oz44O7RElZID4gRElZ44O75bel5YW3ID4g44Gd44Gu5LuW,44CO44Kr44O844OJ5a++5b+cT0vvvIHjgI/ilqDjgJLjg4jjg6njgrnjgrPkuK3lsbEv77y077yy77y177yz77yj77yv44CQVFJTUEMtNDA2MOOAkSg3NTk2NjUxKSDjgqLjg6vjg5/okrjnnYDloanjg5Ppga7nhrHjgrfjg7zjg4jjgIDvvJTvvI7vvJDDl++8lu+8ju+8kO+8rSDlj5fms6jljZjkvY0x,,PGZvbnQgc2l6ZT0iNCI+57SN5pyf55uu5a6J77yaPC9mb250Pjxmb250IGNvbG9yPSIjMDAwMDAwIiBzaXplPSI0Ij7jgYrlj5bjgorlr4TjgZvlk4Eo6Kmz44GX44GP44Gv44GT44Gh44KJ44KS44Kv44Oq44OD44KvKTwvZm9udD48YnI+PGJyPgo8YnI+PGJyPuKXj+mBrueGseaAp+OAgeW8t+W6puOAgeaflOi7n+aAp+OAgeiAkOWAmeaAp+OBq+WEquOCjOOBn+OAjOOCouODq+ODn+iSuOedgOWhqeODk+ikh+WQiOOCt+ODvOODiOOAjee0oOadkOOBrumBrueGseS/neWGt+OCt+ODvOODiOOBp+OBmeOAgjxicj7il4/otaTlpJbnt5rlj43lsITjgavjgojjgormlq3nhrHlirnmnpzjgYzjgYLjgorjgb7jgZnjgII8YnI+PGJyPuKXj+W3peWgtOOAgeWAieW6q+OBp+OBrumBrueGseOCq+ODkOODvOOAgjxicj7il4/jg4jjg6njg4Pjgq/nlKjpga7nhrHkv53lhrfjgrfjg7zjg4jjgavjgII8YnI+PGJyPuKXj+W5hShtKe+8mjQuMDxicj7il4/plbfjgZUobSnvvJo2LjA8YnI+4peP5Y6a44G/KG1tKe+8mjAuNDxicj7il4/oibLvvJrjgrfjg6vjg5Djg7w8YnI+4peP44K/44Kk44OX77ya5biG5biDPGJyPuKXj+ODj+ODiOODoeaVsO+8iOWAi++8ie+8mjM0PGJyPuKXj+ODj+ODiOODoeODlOODg+ODgShjbSnvvJo1OS41WDU2LjU8YnI+4peP6LOq6YePKO+9i2cp77yaMTAuNzxicj48YnI+4peP5Y6a44G/77yaMC4zOG1tPGJyPuKXj+W4huW4g+OCv+OCpOODlzxicj7il4/pga7lhYnmgKfvvJo5OS45Oe+8he+8iEpJUyBMIDEwNTVBIOazle+8iTxicj7il4/ogJDlr5LmgKfvvJotMTXihIM8YnI+4peP54ax5oq15oqX5YCk77yaUj0wLjAxNTA4W1vlubPnsbNdXeODu0svVzxicj7il4/nhrHkvJ3lsI7njofvvJrOuz0wLjAyNjUyNCBXL20vazxicj48YnI+4peP5Z+65p2Q77ya44Od44Oq44Ko44K544OG44Or5Z+65biDPGJyPg==,44CO44Kr44O844OJ5a++5b+cT0vvvIHjgI/ilqDjgJLjg4jjg6njgrnjgrPkuK3lsbEv77y077yy77y177yz77yj77yv44CQVFJTUEMtNDA2MOOAkSg3NTk2NjUxKSDjgqLjg6vjg5/okrjnnYDloanjg5Ppga7nhrHjgrfjg7zjg4jjgIDvvJTvvI7vvJAmdGltZXM777yW77yO77yQ77ytIOWPl+azqOWNmOS9jTHvvJrjgq/jg63jg7zjg5Djg7zos4fmnZDppKg=,6YCa5L+h6LKp5aOy6YCa6LKp44K344On44OD44OU44Oz44Kw44Kq44Oz44Op44Kk44Oz44K344On44OD44OU44Oz44Kw6LK344GE54mp44OX44Os44K844Oz44OI44Ku44OV44OI6LSI44KK54mp6LSI562U5ZOB44GK5Lit5YWD44GK5q2z5pqu44GK6LK344GE5b6X44CO44Kr44O844OJ5a++5b+cT0vvvIHjgI/ilqDjgJLjg4jjg6njgrnjgrPkuK3lsbEv77y077yy77y177yz77yj77yv44CQVFJTUEMtNDA2MOOAkSg3NTk2NjUxKSDjgqLjg6vjg5/okrjnnYDloanjg5Ppga7nhrHjgrfjg7zjg4jjgIDvvJTvvI7vvJAmdGltZXM777yW77yO77yQ77ytIOWPl+azqOWNmOS9jTE=,55Kw5aKD5a6J5YWo55So5ZOBXOOCt+ODvOODiOODu+ODreODvOODl1zjg4jjg6njg4Pjgq/jgrfjg7zjg4jjgILjgI7jgqvjg7zjg4nlr77lv5xPS++8geOAj+KWoOOAkuODiOODqeOCueOCs+S4reWxsS/vvLTvvLLvvLXvvLPvvKPvvK/jgJBUUlNQQy00MDYw44CRKDc1OTY2NTEpIOOCouODq+ODn+iSuOedgOWhqeODk+mBrueGseOCt+ODvOODiOOAgO+8lO+8ju+8kCZ0aW1lczvvvJbvvI7vvJDvvK0g5Y+X5rOo5Y2Y5L2NMQ==[rn]
15-28023,aHR0cDovL3RzaG9wLnIxMHMuanAvZ29sZC9jbG92ZXI5NjA4L2ltYWdlb3JhLzEvdDAxMDAwMzg5MzM5Mi5qcGc/Zml0aW49NzAwOjcwMA==,MTc1ODguODAwMA==,,6Iqx44O744Ks44O844OH44Oz44O7RElZID4gRElZ44O75bel5YW3ID4g44Gd44Gu5LuW,44CO44Kr44O844OJ5a++5b+cT0vvvIHjgI8jIyPilqDjgJLjg6bjgr/jgqvjg6HjgqTjgq8v44Om44K/44Kr44CA44K344O844OI44CA77yD77yU77yQ77yQ77yQ44K344Or44OQ44O844K344O844OI44CA77yX77yO77ySw5fvvJnvvI7vvJDjgJBTTCA0MC0xNuOAkSgzOTc3NzMxKSDlj5fms6jljZjkvY0x,,PGJyPjxmb250IHNpemU9IjQiIGNvbG9yPSIiPjxiPuKAu+OBk+OBoeOCieOBruWVhuWTgeOBr+imj+WumuWkluOBrueCuuWIpemAlOmAgeaWmVwxMDgw44GM44GL44GL44KK44G+44GZ44CCPC9iPjwvZm9udD48YnI+4oC76L+95Yqg6YCB5paZ44Gv5Yil6YCU5b2T5bqX44GL44KJ44Gu44Oh44O844Or44Gn6KiC5q2j44GV44KM44G+44GZ44CCPGJyPjxicj4=,44CO44Kr44O844OJ5a++5b+cT0vvvIHjgI8jIyPilqDjgJLjg6bjgr/jgqvjg6HjgqTjgq8v44Om44K/44Kr44CA44K344O844OI44CA77yD77yU77yQ77yQ77yQ44K344Or44OQ44O844K344O844OI44CA77yX77yO77ySJnRpbWVzO++8me+8ju+8kOOAkFNMIDQwLTE244CRKDM5Nzc3MzEpIOWPl+azqOWNmOS9jTHvvJrjgq/jg63jg7zjg5Djg7zos4fmnZDppKg=,6YCa5L+h6LKp5aOy6YCa6LKp44K344On44OD44OU44Oz44Kw44Kq44Oz44Op44Kk44Oz44K344On44OD44OU44Oz44Kw6LK344GE54mp44OX44Os44K844Oz44OI44Ku44OV44OI6LSI44KK54mp6LSI562U5ZOB44GK5Lit5YWD44GK5q2z5pqu44GK6LK344GE5b6X44CO44Kr44O844OJ5a++5b+cT0vvvIHjgI8jIyPilqDjgJLjg6bjgr/jgqvjg6HjgqTjgq8v44Om44K/44Kr44CA44K344O844OI44CA77yD77yU77yQ77yQ77yQ44K344Or44OQ44O844K344O844OI44CA77yX77yO77ySJnRpbWVzO++8me+8ju+8kOOAkFNMIDQwLTE244CRKDM5Nzc3MzEpIOWPl+azqOWNmOS9jTE=,55Kw5aKD5a6J5YWo55So5ZOBXOOCt+ODvOODiOODu+ODreODvOODl1zvvLXvvLbjgrfjg7zjg4jjgILjgI7jgqvjg7zjg4nlr77lv5xPS++8geOAjyMjI+KWoOOAkuODpuOCv+OCq+ODoeOCpOOCry/jg6bjgr/jgqvjgIDjgrfjg7zjg4jjgIDvvIPvvJTvvJDvvJDvvJDjgrfjg6vjg5Djg7zjgrfjg7zjg4jjgIDvvJfvvI7vvJImdGltZXM777yZ77yO77yQ44CQU0wgNDAtMTbjgJEoMzk3NzczMSkg5Y+X5rOo5Y2Y5L2NMQ==[rn]
15-28024,,MzQxOS4yMDAw,,6Iqx44O744Ks44O844OH44Oz44O7RElZID4gRElZ44O75bel5YW3ID4g44Gd44Gu5LuW,44CQ44Kr44O844OJ5a++5b+cT0vvvIHjgJHilqDjgJLjg4jjg6njgrnjgrPkuK3lsbEv77y077yy77y177yz77yj77yv44CQVFdQNzAwMDE4MjfjgJEoNzY3NDU3MSkg6ICQ5rC077y177y244K344O844OI77yD77yX77yQ77yQ77yQ44CA5bmF77yR77yO77yY772N77y46ZW344GV77yS77yO77yX772NIOWPl+azqOWNmOS9jTE=,,PGZvbnQgc2l6ZT0iNCI+57SN5pyf55uu5a6J77yaPC9mb250Pjxmb250IGNvbG9yPSIjMDAwMDAwIiBzaXplPSI0Ij7jgYrlj5bjgorlr4TjgZvlk4Eo6Kmz44GX44GP44Gv44GT44Gh44KJ44KS44Kv44Oq44OD44KvKTwvZm9udD48YnI+PGJyPgo8YnI+PGJyPuKXj+iAkOawtOWcp+OBjDAuOGtnL1tb56uL5pa544K744Oz44OB44Oh44O844OI44OrXV3jga7mgKfog73jgpLmnInjgZfjgIHpgJrluLjjgrfjg7zjg4jjga435YCN5by344Gu6ICQ5rC05Zyn5oCn44Gn44GZ44CCPGJyPuKXj+e0q+Wklue3muWKo+WMlumYsuatouWJpOOBrua3u+WKoOOBq+OCiOOCiumAmuW4uOOBriMzMDAw44K344O844OI44Gu57SENOWAjeiAkOWAmeaAp+OBjOOBguOCiuOBvuOBmeOAgjxicj48YnI+4peP5YCJ5bqr55So44OG44Oz44OI44CCPGJyPuKXj+a4r+a5vumWouS/guOBruiNt+eJqeeUqOOCq+ODkOODvOOAgjxicj7il4/osq/msLTjgr/jg7Pjgq/jga7pmLLmsLTnlKjjgqvjg5Djg7zjgII8YnI+PGJyPuKXj+W5hShtKe+8mjEuNzE8YnI+4peP6ZW344GVKG0p77yaMi42MTxicj7il4/jg4/jg4jjg6HmlbAo5YCLKe+8mjEwPGJyPuKXj+izqumHjyhrZynvvJoxLjk8YnI+PGJyPuKXj+iJsu+8mk9E44Kw44Oq44O844OzL+ODluODqeODg+OCrzxicj7il4/ljprjgb/vvJowLjYybW08YnI+4peP5byV5by15by35bqm77ya57imMjUwME4vNWNt44CB5qiqMjM1ME4vNWNtPGJyPuKXj+iAkOawtOWcp+aAp+iDve+8mjAuOGtnL2NtPGJyPuKXj+iAkOS5heacn+mWk++8mue0hDXlubQ8YnI+4peP44OP44OI44Oh44OU44OD44OB77yaOTBjbTxicj7il4/lvJXoo4LlvLfluqbvvJrnuKYzMDBO44CB5qiqMzAwTjxicj48YnI+4peP44K344O844OI77ya44Od44Oq44Ko44OB44Os44Oz77yIUEXvvIk8YnI+4peP44OP44OI44Oh77ya44Ki44Or44Of77yI5YaF5b6E77yaMTJtbe+8iTxicj4=,44CQ44Kr44O844OJ5a++5b+cT0vvvIHjgJHilqDjgJLjg4jjg6njgrnjgrPkuK3lsbEv77y077yy77y177yz77yj77yv44CQVFdQNzAwMDE4MjfjgJEoNzY3NDU3MSkg6ICQ5rC077y177y244K344O844OI77yD77yX77yQ77yQ77yQ44CA5bmF77yR77yO77yY772N77y46ZW344GV77yS77yO77yX772NIOWPl+azqOWNmOS9jTHvvJrjgq/jg63jg7zjg5Djg7zos4fmnZDppKg=,6YCa5L+h6LKp5aOy6YCa6LKp44K344On44OD44OU44Oz44Kw44Kq44Oz44Op44Kk44Oz44K344On44OD44OU44Oz44Kw6LK344GE54mp44OX44Os44K844Oz44OI44Ku44OV44OI6LSI44KK54mp6LSI562U5ZOB44GK5Lit5YWD44GK5q2z5pqu44GK6LK344GE5b6X44CQ44Kr44O844OJ5a++5b+cT0vvvIHjgJHilqDjgJLjg4jjg6njgrnjgrPkuK3lsbEv77y077yy77y177yz77yj77yv44CQVFdQNzAwMDE4MjfjgJEoNzY3NDU3MSkg6ICQ5rC077y177y244K344O844OI77yD77yX77yQ77yQ77yQ44CA5bmF77yR77yO77yY772N77y46ZW344GV77yS77yO77yX772NIOWPl+azqOWNmOS9jTE=,55Kw5aKD5a6J5YWo55So5ZOBXOOCt+ODvOODiOODu+ODreODvOODl1zvvLXvvLbjgrfjg7zjg4jjgILjgJDjgqvjg7zjg4nlr77lv5xPS++8geOAkeKWoOOAkuODiOODqeOCueOCs+S4reWxsS/vvLTvvLLvvLXvvLPvvKPvvK/jgJBUV1A3MDAwMTgyN+OAkSg3Njc0NTcxKSDogJDmsLTvvLXvvLbjgrfjg7zjg4jvvIPvvJfvvJDvvJDvvJDjgIDluYXvvJHvvI7vvJjvvY3vvLjplbfjgZXvvJLvvI7vvJfvvY0g5Y+X5rOo5Y2Y5L2NMQ==[rn]
15-28025,,MjI2OC44MDAw,,6Iqx44O744Ks44O844OH44Oz44O7RElZID4gRElZ44O75bel5YW3ID4g44Gd44Gu5LuW,44CQ44Kr44O844OJ5a++5b+cT0vvvIHjgJHilqDjgJLjg4jjg6njgrnjgrPkuK3lsbEv77y077yy77y177yz77yj77yv44CQVFdQNzAwMDE4MTjjgJEoNzY3NDU2Mikg6ICQ5rC077y177y244K344O844OI77yD77yX77yQ77yQ77yQ44CA5bmF77yR77yO77yY772N77y46ZW344GV77yR77yO77yY772NIOWPl+azqOWNmOS9jTE=,,PGZvbnQgc2l6ZT0iNCI+57SN5pyf55uu5a6J77yaPC9mb250Pjxmb250IGNvbG9yPSIjMDAwMDAwIiBzaXplPSI0Ij7jgYrlj5bjgorlr4TjgZvlk4Eo6Kmz44GX44GP44Gv44GT44Gh44KJ44KS44Kv44Oq44OD44KvKTwvZm9udD48YnI+PGJyPgo8YnI+PGJyPuKXj+iAkOawtOWcp+OBjDAuOGtnL1tb56uL5pa544K744Oz44OB44Oh44O844OI44OrXV3jga7mgKfog73jgpLmnInjgZfjgIHpgJrluLjjgrfjg7zjg4jjga435YCN5by344Gu6ICQ5rC05Zyn5oCn44Gn44GZ44CCPGJyPuKXj+e0q+Wklue3muWKo+WMlumYsuatouWJpOOBrua3u+WKoOOBq+OCiOOCiumAmuW4uOOBriMzMDAw44K344O844OI44Gu57SENOWAjeiAkOWAmeaAp+OBjOOBguOCiuOBvuOBmeOAgjxicj48YnI+4peP5YCJ5bqr55So44OG44Oz44OI44CCPGJyPuKXj+a4r+a5vumWouS/guOBruiNt+eJqeeUqOOCq+ODkOODvOOAgjxicj7il4/osq/msLTjgr/jg7Pjgq/jga7pmLLmsLTnlKjjgqvjg5Djg7zjgII8YnI+PGJyPuKXj+W5hShtKe+8mjEuNzE8YnI+4peP6ZW344GVKG0p77yaMS43MTxicj7il4/jg4/jg4jjg6HmlbAo5YCLKe+8mjg8YnI+4peP6LOq6YePKGtnKe+8mjEuMzxicj48YnI+4peP6Imy77yaT0TjgrDjg6rjg7zjg7Mv44OW44Op44OD44KvPGJyPuKXj+WOmuOBv++8mjAuNjJtbTxicj7il4/lvJXlvLXlvLfluqbvvJrnuKYyNTAwTi81Y23jgIHmqKoyMzUwTi81Y208YnI+4peP6ICQ5rC05Zyn5oCn6IO977yaMC44a2cvY208YnI+4peP6ICQ5LmF5pyf6ZaT77ya57SENeW5tDxicj7il4/jg4/jg4jjg6Hjg5Tjg4Pjg4HvvJo5MGNtPGJyPuKXj+W8leijguW8t+W6pu+8mue4pjMwME7jgIHmqKozMDBOPGJyPjxicj7il4/jgrfjg7zjg4jvvJrjg53jg6rjgqjjg4Hjg6zjg7PvvIhQRe+8iTxicj7il4/jg4/jg4jjg6HvvJrjgqLjg6vjg5/vvIjlhoXlvoTvvJoxMm1t77yJPGJyPg==,44CQ44Kr44O844OJ5a++5b+cT0vvvIHjgJHilqDjgJLjg4jjg6njgrnjgrPkuK3lsbEv77y077yy77y177yz77yj77yv44CQVFdQNzAwMDE4MTjjgJEoNzY3NDU2Mikg6ICQ5rC077y177y244K344O844OI77yD77yX77yQ77yQ77yQ44CA5bmF77yR77yO77yY772N77y46ZW344GV77yR77yO77yY772NIOWPl+azqOWNmOS9jTHvvJrjgq/jg63jg7zjg5Djg7zos4fmnZDppKg=,6YCa5L+h6LKp5aOy6YCa6LKp44K344On44OD44OU44Oz44Kw44Kq44Oz44Op44Kk44Oz44K344On44OD44OU44Oz44Kw6LK344GE54mp44OX44Os44K844Oz44OI44Ku44OV44OI6LSI44KK54mp6LSI562U5ZOB44GK5Lit5YWD44GK5q2z5pqu44GK6LK344GE5b6X44CQ44Kr44O844OJ5a++5b+cT0vvvIHjgJHilqDjgJLjg4jjg6njgrnjgrPkuK3lsbEv77y077yy77y177yz77yj77yv44CQVFdQNzAwMDE4MTjjgJEoNzY3NDU2Mikg6ICQ5rC077y177y244K344O844OI77yD77yX77yQ77yQ77yQ44CA5bmF77yR77yO77yY772N77y46ZW344GV77yR77yO77yY772NIOWPl+azqOWNmOS9jTE=,55Kw5aKD5a6J5YWo55So5ZOBXOOCt+ODvOODiOODu+ODreODvOODl1zvvLXvvLbjgrfjg7zjg4jjgILjgJDjgqvjg7zjg4nlr77lv5xPS++8geOAkeKWoOOAkuODiOODqeOCueOCs+S4reWxsS/vvLTvvLLvvLXvvLPvvKPvvK/jgJBUV1A3MDAwMTgxOOOAkSg3Njc0NTYyKSDogJDmsLTvvLXvvLbjgrfjg7zjg4jvvIPvvJfvvJDvvJDvvJDjgIDluYXvvJHvvI7vvJjvvY3vvLjplbfjgZXvvJHvvI7vvJjvvY0g5Y+X5rOo5Y2Y5L2NMQ==[rn]
15-28026,,NzI4NC44MDAw,,6Iqx44O744Ks44O844OH44Oz44O7RElZID4gRElZ44O75bel5YW3ID4g44Gd44Gu5LuW,44CO44Kr44O844OJ5a++5b+cT0vvvIHjgI8jI+KIgOKWoOOAkuODpuOCv+OCq+ODoeOCpOOCry/jg6bjgr/jgqvjgJBQQlotTDAy44CRKDQ5MzQxODEpIOOCt+ODvOODiOOAgO+8g++8k++8kO+8kO+8kOODluODq+ODvOOCt+ODvOODiOWkp+eVs+OBv+OAgO+8ke+8ju+8mO+9jcOX77yS77yO77yX772N44CA77yS77yQ5p6a5YWlIOWPl+azqOWNmOS9jTE=,,PGJyPjxmb250IHNpemU9IjQiPue0jeacn+ebruWuie+8mjwvZm9udD48Zm9udCBjb2xvcj0iIzAwMDAwMCIgc2l6ZT0iNCI+44GK5Y+W44KK5a+E44Gb5ZOBKOips+OBl+OBj+OBr+OBk+OBoeOCieOCkuOCr+ODquODg+OCryk8L2ZvbnQ+PGJyPjxicj4KPGZvbnQgc2l6ZT0iNCIgY29sb3I9IiI+PGI+4oC744GT44Gh44KJ44Gu5ZWG5ZOB44Gv44Oh44O844Kr44O855u06YCB5ZOB44Go44Gq44KK44G+44GZ44CC44GU5YWl6YeR56K66KqN5b6M44Gu44GK5omL6YWN44Gn44GZ44CCPC9iPjwvZm9udD4KPGJyPjxicj48Zm9udCBzaXplPSI0IiBjb2xvcj0iIj48Yj7igLvjgZPjgaHjgonjga7llYblk4Hjga/opo/lrprlpJbjga7ngrrliKXpgJTpgIHmlpnjgYzjgYvjgYvjgorjgb7jgZnjgILoqbPjgZfjgY/jga/jgYrllY/jgYTlkIjjgo/jgZvjgY/jgaDjgZXjgYTjgIIKCjwvYj48L2ZvbnQ+PGJyPgrigLvov73liqDpgIHmlpnjga/liKXpgJTlvZPlupfjgYvjgonjga7jg6Hjg7zjg6vjgafoqILmraPjgZXjgozjgb7jgZnjgII8YnI+PGJyPgo8YnI+PGJyPuKXj+e0q+Wklue3muWuieWumuWJpOOCkumFjeWQiOOBl+OAgeWxi+WkluOBp+OBruiAkOWAmeaAp+OBq+WEquOCjOOBpuOBhOOBvuOBmeOAgjxicj48YnI+4peP6Ziy5rC044CB6Ziy6aKo44CB6Ziy5aG144CB55uu6Zqg44GX44Gq44Gp44CCPGJyPjxicj7il4/luYUobSnvvJoxLjc8YnI+4peP6ZW344GVKG0p77yaMi41PGJyPuKXj+ODj+ODiOODoeaVsCjlgIsp77yaMTA8YnI+4peP44OP44OI44Oh44OU44OD44OBKGNtKe+8mjkwPGJyPjxicj7il4/oibLvvJrjg5bjg6vjg7w8YnI+4peP5Y6a44G/77yaMC4yMm1tPGJyPuKXj+W8leW8teW8t+W6pu+8mue4pjY4M04vNWNt44CB5qiq77yaNjAwTi81Y208YnI+4peP6ICQ5LmF5pyf6ZaT77ya57SEMeW5tDxicj48YnI+4peP44K344O844OI77ya44Od44Oq44Ko44OB44Os44Oz77yIUEXvvIk8YnI+4peP44OP44OI44Oh77ya44Ki44Or44Of77yI5YaF5b6E77yaMTJtbe+8iTxicj4=,44CO44Kr44O844OJ5a++5b+cT0vvvIHjgI8jIyZmb3JhbGw74pag44CS44Om44K/44Kr44Oh44Kk44KvL+ODpuOCv+OCq+OAkFBCWi1MMDLjgJEoNDkzNDE4MSkg44K344O844OI44CA77yD77yT77yQ77yQ77yQ44OW44Or44O844K344O844OI5aSn55Wz44G/44CA77yR77yO77yY772NJnRpbWVzO++8ku+8ju+8l++9jeOAgO+8ku+8kOaemuWFpSDlj5fms6jljZjkvY0x77ya44Kv44Ot44O844OQ44O86LOH5p2Q6aSo,6YCa5L+h6LKp5aOy6YCa6LKp44K344On44OD44OU44Oz44Kw44Kq44Oz44Op44Kk44Oz44K344On44OD44OU44Oz44Kw6LK344GE54mp44OX44Os44K844Oz44OI44Ku44OV44OI6LSI44KK54mp6LSI562U5ZOB44GK5Lit5YWD44GK5q2z5pqu44GK6LK344GE5b6X44CO44Kr44O844OJ5a++5b+cT0vvvIHjgI8jIyZmb3JhbGw74pag44CS44Om44K/44Kr44Oh44Kk44KvL+ODpuOCv+OCq+OAkFBCWi1MMDLjgJEoNDkzNDE4MSkg44K344O844OI44CA77yD77yT77yQ77yQ77yQ44OW44Or44O844K344O844OI5aSn55Wz44G/44CA77yR77yO77yY772NJnRpbWVzO++8ku+8ju+8l++9jeOAgO+8ku+8kOaemuWFpSDlj5fms6jljZjkvY0x,55Kw5aKD5a6J5YWo55So5ZOBXOOCt+ODvOODiOODu+ODreODvOODl1zjg5bjg6vjg7zjgrfjg7zjg4jjgILjgI7jgqvjg7zjg4nlr77lv5xPS++8geOAjyMjJmZvcmFsbDvilqDjgJLjg6bjgr/jgqvjg6HjgqTjgq8v44Om44K/44Kr44CQUEJaLUwwMuOAkSg0OTM0MTgxKSDjgrfjg7zjg4jjgIDvvIPvvJPvvJDvvJDvvJDjg5bjg6vjg7zjgrfjg7zjg4jlpKfnlbPjgb/jgIDvvJHvvI7vvJjvvY0mdGltZXM777yS77yO77yX772N44CA77yS77yQ5p6a5YWlIOWPl+azqOWNmOS9jTE=[rn]
15-28027,,MTI0MjAuMDAwMA==,,6Iqx44O744Ks44O844OH44Oz44O7RElZID4gRElZ44O75bel5YW3ID4g44Gd44Gu5LuW,44CO44Kr44O844OJ5a++5b+cT0vvvIHjgI8jIyPilqDjgJLokKnljp/lt6Xmpa0v6JCp5Y6f44CQR0JDLTE1NTDjgJEoNDk3MTAzNSkg44Kw44Op44Oz44OJ44OQ44Oq44Ki44Kv44Ot44K544CA77yR77yO77yV772Y77yV77yQ772NIOWPl+azqOWNmOS9jTE=,,PGZvbnQgc2l6ZT0iNCI+57SN5pyf55uu5a6J77yaPC9mb250Pjxmb250IGNvbG9yPSIjMDAwMDAwIiBzaXplPSI0Ij7jgYrlj5bjgorlr4TjgZvlk4Eo6Kmz44GX44GP44Gv44GT44Gh44KJ44KS44Kv44Oq44OD44KvKTwvZm9udD48YnI+PGJyPjxmb250IHNpemU9IjQiIGNvbG9yPSIiPjxiPuKAu+OBk+OBoeOCieOBruWVhuWTgeOBr+imj+agvOWkluOBruWVhuWTgeOBrueCuuOAgemAgeaWmeOBjOWIpemAlOeZuueUn+iHtOOBl+OBvuOBmeOAgumFjemAgeWcsOWfn+OBq+OCiOOBo+OBpumAgeaWmeOBjOeVsOOBquOCiuOBvuOBmeOBruOBp+ips+OBl+OBj+OBr+OBiuWVj+OBhOWQiOOCj+OBm+OBj+OBoOOBleOBhOOAgjwvYj48L2ZvbnQ+PGJyPjxicj7igLvov73liqDpgIHmlpnjga/liKXpgJTlvZPlupfjgYvjgonjga7jg6Hjg7zjg6vjgafoqILmraPjgZXjgozjgb7jgZnjgII8YnI+PGJyPgo8YnI+PGJyPuKXj+mAmuawl+aAp+OAgemAj+awtOaAp+OCkuWFvOOBreWCmeOBiOOBn+aWsOijveazleOBruODneODquODl+ODreODlOODrOODs++8iO+8sO+8sO+8ieOCr+ODreOCueOBp+OBmeOAgjxicj7il4/nibnmrorjgarnuZToo73ms5XjgavjgojjgorjgZfjgarjgoTjgYvjgZXjgajlvLfjgYTlvLfluqbjgpLkv53mjIHjgZfjgZ/mgKfog73jgpLmnInjgZfjgb7jgZnjgII8YnI+4peP6YGu5YWJ546H44KS6auY44GP44GX44Gm44GE44KL44GT44Go44Gn6ZuR6I2J44Gu55Sf6IKy44KS5oqR44GI44G+44GZ44CCPGJyPjxicj7il4/lnJ/mnKjms5XpnaLmlr3lt6XjgIHnoILliKnkuIvoo5zlvLfjgIHou5/lvLHlnLDnm6Tlr77nrZbnlKjjgIHpmLLojYnnlKjjgII8YnI+PGJyPuKXj+W5hShtKe+8mjEuNTxicj7il4/plbfjgZUobSnvvJo1MDxicj7il4/os6rph48oa2cp77yaOC42PGJyPjxicj7il4/oibLvvJrooajpnaJPROOCsOODquODvOODs+OAgeijj+mdouODluODqeODg+OCrzxicj7il4/ljprjgb/vvJowLjVtbTxicj7il4/lvJXlvLXlvLfluqbvvJrnuKYxMDAwTi81Y23jgIHmqKo4NTBOLzVjbTxicj7il4/lvJXoo4LlvLfluqbvvJrnuKYzNTBO44CB5qiqMzAwTjxicj7il4/ogJDlgJnlubTmlbDvvJrntITvvJPlubQ8YnI+PGJyPuKXj+ODneODquODl+ODreODlOODrOODszxicj4=,44CO44Kr44O844OJ5a++5b+cT0vvvIHjgI8jIyPilqDjgJLokKnljp/lt6Xmpa0v6JCp5Y6f44CQR0JDLTE1NTDjgJEoNDk3MTAzNSkg44Kw44Op44Oz44OJ44OQ44Oq44Ki44Kv44Ot44K544CA77yR77yO77yV772Y77yV77yQ772NIOWPl+azqOWNmOS9jTHvvJrjgq/jg63jg7zjg5Djg7zos4fmnZDppKg=,6YCa5L+h6LKp5aOy6YCa6LKp44K344On44OD44OU44Oz44Kw44Kq44Oz44Op44Kk44Oz44K344On44OD44OU44Oz44Kw6LK344GE54mp44OX44Os44K844Oz44OI44Ku44OV44OI6LSI44KK54mp6LSI562U5ZOB44GK5Lit5YWD44GK5q2z5pqu44GK6LK344GE5b6X44CO44Kr44O844OJ5a++5b+cT0vvvIHjgI8jIyPilqDjgJLokKnljp/lt6Xmpa0v6JCp5Y6f44CQR0JDLTE1NTDjgJEoNDk3MTAzNSkg44Kw44Op44Oz44OJ44OQ44Oq44Ki44Kv44Ot44K544CA77yR77yO77yV772Y77yV77yQ772NIOWPl+azqOWNmOS9jTE=,55Kw5aKD5a6J5YWo55So5ZOBXOOCt+ODvOODiOODu+ODreODvOODl1zjg5bjg6vjg7zjgrfjg7zjg4jjgILjgI7jgqvjg7zjg4nlr77lv5xPS++8geOAjyMjI+KWoOOAkuiQqeWOn+W3pealrS/okKnljp/jgJBHQkMtMTU1MOOAkSg0OTcxMDM1KSDjgrDjg6njg7Pjg4njg5Djg6rjgqLjgq/jg63jgrnjgIDvvJHvvI7vvJXvvZjvvJXvvJDvvY0g5Y+X5rOo5Y2Y5L2NMQ==[rn]
15-28028,,NDIzMDMuMjAwMA==,,6Iqx44O744Ks44O844OH44Oz44O7RElZID4gRElZ44O75bel5YW3ID4g44Gd44Gu5LuW,44CQ44Kr44O844OJ5a++5b+cT0vvvIHjgJHilqDjgJLokKnljp/lt6Xmpa0v6JCp5Y6f44CQRUgtT0RH44CRKDQ5NzYwMjkpIOOCqOOCueODhuODq+W4huW4g+OCr+ODreOCueOAgO+8r++8pOOCsOODquODvOODsyDlj5fms6jljZjkvY0x,,PGZvbnQgc2l6ZT0iNCI+57SN5pyf55uu5a6J77yaPC9mb250Pjxmb250IGNvbG9yPSIjMDAwMDAwIiBzaXplPSI0Ij7jgYrlj5bjgorlr4TjgZvlk4Eo6Kmz44GX44GP44Gv44GT44Gh44KJ44KS44Kv44Oq44OD44KvKTwvZm9udD48YnI+PGJyPgo8YnI+PGJyPuKXj+ODneODquOCqOOCueODhuODq+WfuuW4g+OBq+WhqeODk+OCs+ODvOODhuOCo+ODs+OCsOOCkuOBl+OBn+OAgeW8t+OBj+OBpumHjeWOmuaEn+OBruOBguOCi+OCt+ODvOODiOOBp+OBmeOAgjxicj48YnI+4peP44OI44Op44OD44Kv44K344O844OI44CB44OG44Oz44OI44Kr44OQ44O844CB57Ch5piT44OG44Oz44OI5YCJ5bqr44CB6ZW35pyf6YeO56mN44Kr44OQ44O844Gu5Yqg5bel55So44CCPGJyPjxicj7il4/luYUobSnvvJoxLjg1PGJyPuKXj+mVt+OBlShtKe+8mjUwPGJyPuKXj+iJsu+8mk9E44Kw44Oq44O844OzPGJyPuKXj+izqumHjyhrZynvvJo1Mi4zPGJyPjxicj7il4/ljprjgb/vvJowLjZtbTxicj7il4/lvJXlvLXlvLfluqbvvJrnuKYyMTAwTi81Y23jgIHmqKoxNTAwTi81Y208YnI+4peP5byV6KOC5by35bqm77ya57imMTA1TuOAgeaoqjEwME48YnI+4peP6ICQ5LmF5pyf6ZaT77ya57SE77yU772e77yV5bm0PGJyPjxicj7il4/jg53jg6rjgqjjgrnjg4bjg6vln7rluIMr5aGp44OT44Kz44O844OG44Kj44Oz44KwPGJyPg==,44CQ44Kr44O844OJ5a++5b+cT0vvvIHjgJHilqDjgJLokKnljp/lt6Xmpa0v6JCp5Y6f44CQRUgtT0RH44CRKDQ5NzYwMjkpIOOCqOOCueODhuODq+W4huW4g+OCr+ODreOCueOAgO+8r++8pOOCsOODquODvOODsyDlj5fms6jljZjkvY0x77ya44Kv44Ot44O844OQ44O86LOH5p2Q6aSo,6YCa5L+h6LKp5aOy6YCa6LKp44K344On44OD44OU44Oz44Kw44Kq44Oz44Op44Kk44Oz44K344On44OD44OU44Oz44Kw6LK344GE54mp44OX44Os44K844Oz44OI44Ku44OV44OI6LSI44KK54mp6LSI562U5ZOB44GK5Lit5YWD44GK5q2z5pqu44GK6LK344GE5b6X44CQ44Kr44O844OJ5a++5b+cT0vvvIHjgJHilqDjgJLokKnljp/lt6Xmpa0v6JCp5Y6f44CQRUgtT0RH44CRKDQ5NzYwMjkpIOOCqOOCueODhuODq+W4huW4g+OCr+ODreOCueOAgO+8r++8pOOCsOODquODvOODsyDlj5fms6jljZjkvY0x,55Kw5aKD5a6J5YWo55So5ZOBXOOCt+ODvOODiOODu+ODreODvOODl1zjg4jjg6njg4Pjgq/jgrfjg7zjg4jjgILjgJDjgqvjg7zjg4nlr77lv5xPS++8geOAkeKWoOOAkuiQqeWOn+W3pealrS/okKnljp/jgJBFSC1PREfjgJEoNDk3NjAyOSkg44Ko44K544OG44Or5biG5biD44Kv44Ot44K544CA77yv77yk44Kw44Oq44O844OzIOWPl+azqOWNmOS9jTE=[rn]
15-28029,,NDIzMDMuMjAwMA==,,6Iqx44O744Ks44O844OH44Oz44O7RElZID4gRElZ44O75bel5YW3ID4g44Gd44Gu5LuW,44CQ44Kr44O844OJ5a++5b+cT0vvvIHjgJHilqDjgJLokKnljp/lt6Xmpa0v6JCp5Y6f44CQRUgtR+OAkSg0OTc2MDAyKSDjgqjjgrnjg4bjg6vluIbluIPjgq/jg63jgrnjgIDjgrDjg6rjg7zjg7Mg5Y+X5rOo5Y2Y5L2NMQ==,,PGZvbnQgc2l6ZT0iNCI+57SN5pyf55uu5a6J77yaPC9mb250Pjxmb250IGNvbG9yPSIjMDAwMDAwIiBzaXplPSI0Ij7jgYrlj5bjgorlr4TjgZvlk4Eo6Kmz44GX44GP44Gv44GT44Gh44KJ44KS44Kv44Oq44OD44KvKTwvZm9udD48YnI+PGJyPgo8YnI+PGJyPuKXj+ODneODquOCqOOCueODhuODq+WfuuW4g+OBq+WhqeODk+OCs+ODvOODhuOCo+ODs+OCsOOCkuOBl+OBn+OAgeW8t+OBj+OBpumHjeWOmuaEn+OBruOBguOCi+OCt+ODvOODiOOBp+OBmeOAgjxicj48YnI+4peP44OI44Op44OD44Kv44K344O844OI44CB44OG44Oz44OI44Kr44OQ44O844CB57Ch5piT44OG44Oz44OI5YCJ5bqr44CB6ZW35pyf6YeO56mN44Kr44OQ44O844Gu5Yqg5bel55So44CCPGJyPjxicj7il4/luYUobSnvvJoxLjk1PGJyPuKXj+mVt+OBlShtKe+8mjUwPGJyPuKXj+iJsu+8muOCsOODquODvOODszxicj7il4/os6rph48oa2cp77yaNTUuMTxicj48YnI+4peP5Y6a44G/77yaMC42bW08YnI+4peP5byV5by15by35bqm77ya57imMjEwME4vNWNt44CB5qiqMTUwME4vNWNtPGJyPuKXj+W8leijguW8t+W6pu+8mue4pjEwNU7jgIHmqKoxMDBOPGJyPuKXj+iAkOS5heacn+mWk++8mue0hO+8lO+9nu+8leW5tDxicj48YnI+4peP44Od44Oq44Ko44K544OG44Or5Z+65biDK+WhqeODk+OCs+ODvOODhuOCo+ODs+OCsDxicj4=,44CQ44Kr44O844OJ5a++5b+cT0vvvIHjgJHilqDjgJLokKnljp/lt6Xmpa0v6JCp5Y6f44CQRUgtR+OAkSg0OTc2MDAyKSDjgqjjgrnjg4bjg6vluIbluIPjgq/jg63jgrnjgIDjgrDjg6rjg7zjg7Mg5Y+X5rOo5Y2Y5L2NMe+8muOCr+ODreODvOODkOODvOizh+adkOmkqA==,6YCa5L+h6LKp5aOy6YCa6LKp44K344On44OD44OU44Oz44Kw44Kq44Oz44Op44Kk44Oz44K344On44OD44OU44Oz44Kw6LK344GE54mp44OX44Os44K844Oz44OI44Ku44OV44OI6LSI44KK54mp6LSI562U5ZOB44GK5Lit5YWD44GK5q2z5pqu44GK6LK344GE5b6X44CQ44Kr44O844OJ5a++5b+cT0vvvIHjgJHilqDjgJLokKnljp/lt6Xmpa0v6JCp5Y6f44CQRUgtR+OAkSg0OTc2MDAyKSDjgqjjgrnjg4bjg6vluIbluIPjgq/jg63jgrnjgIDjgrDjg6rjg7zjg7Mg5Y+X5rOo5Y2Y5L2NMQ==,55Kw5aKD5a6J5YWo55So5ZOBXOOCt+ODvOODiOODu+ODreODvOODl1zjg4jjg6njg4Pjgq/jgrfjg7zjg4jjgILjgJDjgqvjg7zjg4nlr77lv5xPS++8geOAkeKWoOOAkuiQqeWOn+W3pealrS/okKnljp/jgJBFSC1H44CRKDQ5NzYwMDIpIOOCqOOCueODhuODq+W4huW4g+OCr+ODreOCueOAgOOCsOODquODvOODsyDlj5fms6jljZjkvY0x[rn]
15-28030,,Mjg1OTAuNDAwMA==,,6Iqx44O744Ks44O844OH44Oz44O7RElZID4gRElZ44O75bel5YW3ID4g44Gd44Gu5LuW,44CO44Kr44O844OJ5a++5b+cT0vvvIHjgI/ilqDjgJLjg6bjgr/jgqvjg6HjgqTjgq8v44Om44K/44Kr44CQUFJELTXjgJEoNzU0MTE2Mykg44Od44Oq44Ko44K544OG44Or44Kv44Ot44K55L+C55WZ44OJ44Op44Og5be744CA77yZz4bDl++8ke+8le+8kO+9jeOAgOeZvSDlj5fms6jljZjkvY0x,,PGZvbnQgc2l6ZT0iNCI+57SN5pyf55uu5a6J77yaPC9mb250Pjxmb250IGNvbG9yPSIjMDAwMDAwIiBzaXplPSI0Ij7jgYrlj5bjgorlr4TjgZvlk4Eo6Kmz44GX44GP44Gv44GT44Gh44KJ44KS44Kv44Oq44OD44KvKTwvZm9udD48YnI+PGJyPgo8YnI+PGJyPuKXj+mFuOODu+OCouODq+OCq+ODquODu+a1t+awtOetieOBq+W8t+OBj+OAgeiAkOWAmeaAp+OBq+WEquOCjOaRqeaTpuOBq+OCgumdnuW4uOOBq+W8t+OBj+OAgeW8t+W6puOBq+WEquOCjOOBn+ODreODvOODl+OBp+OBmeOAgjxicj7il4/lvLfluqbjga/vvJPjgaTmiZPjgavmr5TjgbnvvJTvvJDvvIXnqIvluqbkvY7kuIvjgZfjgb7jgZnjgYzjgIHmkanmk6bmirXmipfjgYzlsJHjgarjgY/jgIHjga3jgZjjgozjgavjgY/jgYTjg63jg7zjg5fjgafjgZnjgII8YnI+4peP6KGd5pKD44KS5ZC45Y+O44GX44KE44GZ44GE44Ot44O844OX44Gn44GZ44CCPGJyPjxicj7il4/lsI/lnovoiLnoiLbkv4LnlZnnlKjjgarjganjgII8YnI+PGJyPuKXj+iJsu+8mueZvTxicj7il4/nt5rlvoQobW0p77yaOTxicj7il4/plbfjgZUobSnvvJoxNTA8YnI+4peP5YyF6KOF5b2i5oWL77ya44OJ44Op44Og5be7PGJyPuKXj+izqumHjyhrZynvvJo5Ljc5PGJyPjxicj48YnI+4peP44Od44Oq44Ko44K544OG44OrPGJyPg==,44CO44Kr44O844OJ5a++5b+cT0vvvIHjgI/ilqDjgJLjg6bjgr/jgqvjg6HjgqTjgq8v44Om44K/44Kr44CQUFJELTXjgJEoNzU0MTE2Mykg44Od44Oq44Ko44K544OG44Or44Kv44Ot44K55L+C55WZ44OJ44Op44Og5be744CA77yZz4YmdGltZXM777yR77yV77yQ772N44CA55m9IOWPl+azqOWNmOS9jTHvvJrjgq/jg63jg7zjg5Djg7zos4fmnZDppKg=,6YCa5L+h6LKp5aOy6YCa6LKp44K344On44OD44OU44Oz44Kw44Kq44Oz44Op44Kk44Oz44K344On44OD44OU44Oz44Kw6LK344GE54mp44OX44Os44K844Oz44OI44Ku44OV44OI6LSI44KK54mp6LSI562U5ZOB44GK5Lit5YWD44GK5q2z5pqu44GK6LK344GE5b6X44CO44Kr44O844OJ5a++5b+cT0vvvIHjgI/ilqDjgJLjg6bjgr/jgqvjg6HjgqTjgq8v44Om44K/44Kr44CQUFJELTXjgJEoNzU0MTE2Mykg44Od44Oq44Ko44K544OG44Or44Kv44Ot44K55L+C55WZ44OJ44Op44Og5be744CA77yZz4YmdGltZXM777yR77yV77yQ772N44CA55m9IOWPl+azqOWNmOS9jTE=,55Kw5aKD5a6J5YWo55So5ZOBXOOCt+ODvOODiOODu+ODreODvOODl1zjg63jg7zjg5fjgILjgI7jgqvjg7zjg4nlr77lv5xPS++8geOAj+KWoOOAkuODpuOCv+OCq+ODoeOCpOOCry/jg6bjgr/jgqvjgJBQUkQtNeOAkSg3NTQxMTYzKSDjg53jg6rjgqjjgrnjg4bjg6vjgq/jg63jgrnkv4LnlZnjg4njg6njg6Dlt7vjgIDvvJnPhiZ0aW1lczvvvJHvvJXvvJDvvY3jgIDnmb0g5Y+X5rOo5Y2Y5L2NMQ==[rn]
15-28031,,MzM0MC44MDAw,,6Iqx44O744Ks44O844OH44Oz44O7RElZID4gRElZ44O75bel5YW3ID4g44Gd44Gu5LuW,44CO44Kr44O844OJ5a++5b+cT0vvvIHjgI/ilqDjgJLjg6bjgr/jgqvjg6HjgqTjgq8v44Om44K/44Kr44CQVjMyMDDjgJEoNzU0MTczMikg44OT44OL44Ot44Oz44Ot44O844OX5be754mp44CA77yTz4bDl++8ku+8kO+8kO+9jSDlj5fms6jljZjkvY0x,,PGZvbnQgc2l6ZT0iNCI+57SN5pyf55uu5a6J77yaPC9mb250Pjxmb250IGNvbG9yPSIjMDAwMDAwIiBzaXplPSI0Ij7jgYrlj5bjgorlr4TjgZvlk4Eo6Kmz44GX44GP44Gv44GT44Gh44KJ44KS44Kv44Oq44OD44KvKTwvZm9udD48YnI+PGJyPgo8YnI+PGJyPuKXj+aJi+inpuOCiuOBjOiJr+OBj+aJseOBhOaYk+OBhOOAgeiAkOWAmeaAp+OAgeiAkOS5heaAp+OBq+WEquOCjOOBn+W8t+W6puOBruW8t+OBhOODreODvOODl+OBp+OBmeOAgjxicj48YnI+4peP5ZCE56iu5L2c5qWt44CB6Kaq57ax44CB6YG/6Zuj55So44Gq44Gp44CCPGJyPjxicj7il4/oibLvvJrnmb08YnI+4peP57ea5b6EKG1tKe+8mjM8YnI+4peP6ZW344GVKG0p77yaMjAwPGJyPuKXj+WMheijheW9ouaFi++8muW3u+eJqTxicj7il4/os6rph48oa2cp77yaMS4xODxicj48YnI+PGJyPuKXj+ODk+ODi+ODreODszxicj4=,44CO44Kr44O844OJ5a++5b+cT0vvvIHjgI/ilqDjgJLjg6bjgr/jgqvjg6HjgqTjgq8v44Om44K/44Kr44CQVjMyMDDjgJEoNzU0MTczMikg44OT44OL44Ot44Oz44Ot44O844OX5be754mp44CA77yTz4YmdGltZXM777yS77yQ77yQ772NIOWPl+azqOWNmOS9jTHvvJrjgq/jg63jg7zjg5Djg7zos4fmnZDppKg=,6YCa5L+h6LKp5aOy6YCa6LKp44K344On44OD44OU44Oz44Kw44Kq44Oz44Op44Kk44Oz44K344On44OD44OU44Oz44Kw6LK344GE54mp44OX44Os44K844Oz44OI44Ku44OV44OI6LSI44KK54mp6LSI562U5ZOB44GK5Lit5YWD44GK5q2z5pqu44GK6LK344GE5b6X44CO44Kr44O844OJ5a++5b+cT0vvvIHjgI/ilqDjgJLjg6bjgr/jgqvjg6HjgqTjgq8v44Om44K/44Kr44CQVjMyMDDjgJEoNzU0MTczMikg44OT44OL44Ot44Oz44Ot44O844OX5be754mp44CA77yTz4YmdGltZXM777yS77yQ77yQ772NIOWPl+azqOWNmOS9jTE=,55Kw5aKD5a6J5YWo55So5ZOBXOOCt+ODvOODiOODu+ODreODvOODl1zjg63jg7zjg5fjgILjgI7jgqvjg7zjg4nlr77lv5xPS++8geOAj+KWoOOAkuODpuOCv+OCq+ODoeOCpOOCry/jg6bjgr/jgqvjgJBWMzIwMOOAkSg3NTQxNzMyKSDjg5Pjg4vjg63jg7Pjg63jg7zjg5flt7vnianjgIDvvJPPhiZ0aW1lczvvvJLvvJDvvJDvvY0g5Y+X5rOo5Y2Y5L2NMQ==[rn]
15-28032,,MTk2LjgwMDA=,,6Iqx44O744Ks44O844OH44Oz44O7RElZID4gRElZ44O75bel5YW3ID4g44Gd44Gu5LuW,44CO44Kr44O844OJ5a++5b+cT0vvvIHjgI/ilqDjgJLjg6bjgr/jgqvjg6HjgqTjgq8v44Om44K/44Kr44CQU0gtQzHjgJEoNzU2MTcxNykg44K344O844OI6KOc5L+u55So5by35Yqb57KY552A44OG44O844OX44CA44Kv44Oq44Ki44CA77yR77yQ772D772N772Y77yS77yQ772D772NIOWPl+azqOWNmOS9jTE=,,PGZvbnQgc2l6ZT0iNCI+57SN5pyf55uu5a6J77yaPC9mb250Pjxmb250IGNvbG9yPSIjMDAwMDAwIiBzaXplPSI0Ij7jgYrlj5bjgorlr4TjgZvlk4Eo6Kmz44GX44GP44Gv44GT44Gh44KJ44KS44Kv44Oq44OD44KvKTwvZm9udD48YnI+PGJyPgo8YnI+PGJyPuKXj+ODneODquOCqOOCueODhuODq+W4huW4g+OAgeWhqeODk+e0oOadkOOBruOCv+ODvOODneODquODs+OAge+8sO+8peOAge+8sO+8sOijveOBruOCt+ODvOODiOWFqOiIrOOBq+mBqeW/nOOBl+OBvuOBmeOAgjxicj7il4/jgq/jg6rjgqLjgr/jgqTjg5fjga7ngrrjgIHmp5jjgIXjgarjgqvjg6njg7zjgrfjg7zjg4jjgIHpgI/mmI7jgrfjg7zjg4jjgavjgZTkvb/nlKjjgYTjgZ/jgaDjgZHjgb7jgZnjgII8YnI+4peP57Sr5aSW57ea5Yqj5YyW6Ziy5q2i5Ymk6YWN5ZCI44Gn6ZW35pyf5L2/55So5Y+v44Gn44GZ44CCPGJyPjxicj7il4/noLTmkI3jgZfjgZ/jgrfjg7zjg4jjgIHjg4bjg7Pjg4jpoZ7jga7oo5zkv67jg7voo5zlvLfjgavjgII8YnI+PGJyPuKXj+iJsu+8muOCr+ODquOCojxicj7il4/luYUobW0p77yaMTAwPGJyPuKXj+mVt+OBlShtKe+8mjAuMjxicj7il4/jgr/jgqTjg5fvvJrjgrfjg7zjg4jjgr/jgqTjg5c8YnI+PGJyPuKXj+mbouWei+e0meS7mOOBjeOCv+OCpOODlzxicj48YnI+4peP44K344O844OI77ya44Od44Oq44Ko44OB44Os44OzPGJyPuKXj+eymOedgOWJpO+8muOCouOCr+ODquODq+ezuzxicj4=,44CO44Kr44O844OJ5a++5b+cT0vvvIHjgI/ilqDjgJLjg6bjgr/jgqvjg6HjgqTjgq8v44Om44K/44Kr44CQU0gtQzHjgJEoNzU2MTcxNykg44K344O844OI6KOc5L+u55So5by35Yqb57KY552A44OG44O844OX44CA44Kv44Oq44Ki44CA77yR77yQ772D772N772Y77yS77yQ772D772NIOWPl+azqOWNmOS9jTHvvJrjgq/jg63jg7zjg5Djg7zos4fmnZDppKg=,6YCa5L+h6LKp5aOy6YCa6LKp44K344On44OD44OU44Oz44Kw44Kq44Oz44Op44Kk44Oz44K344On44OD44OU44Oz44Kw6LK344GE54mp44OX44Os44K844Oz44OI44Ku44OV44OI6LSI44KK54mp6LSI562U5ZOB44GK5Lit5YWD44GK5q2z5pqu44GK6LK344GE5b6X44CO44Kr44O844OJ5a++5b+cT0vvvIHjgI/ilqDjgJLjg6bjgr/jgqvjg6HjgqTjgq8v44Om44K/44Kr44CQU0gtQzHjgJEoNzU2MTcxNykg44K344O844OI6KOc5L+u55So5by35Yqb57KY552A44OG44O844OX44CA44Kv44Oq44Ki44CA77yR77yQ772D772N772Y77yS77yQ772D772NIOWPl+azqOWNmOS9jTE=,55Kw5aKD5a6J5YWo55So5ZOBXOOCt+ODvOODiOODu+ODreODvOODl1zjg4jjg6njg4Pjgq/jgrfjg7zjg4jjgILjgI7jgqvjg7zjg4nlr77lv5xPS++8geOAj+KWoOOAkuODpuOCv+OCq+ODoeOCpOOCry/jg6bjgr/jgqvjgJBTSC1DMeOAkSg3NTYxNzE3KSDjgrfjg7zjg4joo5zkv67nlKjlvLflipvnspjnnYDjg4bjg7zjg5fjgIDjgq/jg6rjgqLjgIDvvJHvvJDvvYPvvY3vvZjvvJLvvJDvvYPvvY0g5Y+X5rOo5Y2Y5L2NMQ==[rn]
15-28033,,OTk4MC44MDAw,,6Iqx44O744Ks44O844OH44Oz44O7RElZID4gRElZ44O75bel5YW3ID4g44Gd44Gu5LuW,44CO44Kr44O844OJ5a++5b+cT0vvvIHjgI8jIyPilqDjgJLokKnljp/lt6Xmpa0v6JCp5Y6f44CQR0JDNy0xMDUw44CRKDQ5NzEwNTEpIOOCsOODqeODs+ODieODkOODquOCouOCr+ODreOCue+8je+8l+OAgO+8ke+8ju+8kO+9mO+8le+8kO+9jSDlj5fms6jljZjkvY0x,,PGZvbnQgc2l6ZT0iNCI+57SN5pyf55uu5a6J77yaPC9mb250Pjxmb250IGNvbG9yPSIjMDAwMDAwIiBzaXplPSI0Ij7jgYrlj5bjgorlr4TjgZvlk4Eo6Kmz44GX44GP44Gv44GT44Gh44KJ44KS44Kv44Oq44OD44KvKTwvZm9udD48YnI+PGJyPjxmb250IHNpemU9IjQiIGNvbG9yPSIiPjxiPuKAu+OBk+OBoeOCieOBruWVhuWTgeOBr+imj+agvOWkluOBruWVhuWTgeOBrueCuuOAgemAgeaWmeOBjOWIpemAlOeZuueUn+iHtOOBl+OBvuOBmeOAgumFjemAgeWcsOWfn+OBq+OCiOOBo+OBpumAgeaWmeOBjOeVsOOBquOCiuOBvuOBmeOBruOBp+ips+OBl+OBj+OBr+OBiuWVj+OBhOWQiOOCj+OBm+OBj+OBoOOBleOBhOOAgjwvYj48L2ZvbnQ+PGJyPjxicj7igLvov73liqDpgIHmlpnjga/liKXpgJTlvZPlupfjgYvjgonjga7jg6Hjg7zjg6vjgafoqILmraPjgZXjgozjgb7jgZnjgII8YnI+PGJyPgo8YnI+PGJyPuKXj+W8t+W6puOBqOiAkOWAmeaAp+OCkumrmOOCgeOBn+OCsOODqeODs+ODieODkOODquOCouOCr+ODreOCueOBruODj+OCpOOCsOODrOODvOODieWTgeOBp+OBmeOAgjxicj7il4/pq5jlvLfluqbjga7ns7jjgajntKvlpJbnt5rliqPljJbpmLLmraLlirnmnpzjgpLpq5jjgoHjgabjgYrjgorjgIHlvpPmnaXjga7jgrDjg6njg7Pjg4njg5Djg6rjgqLjgq/jg63jgrnjgojjgorlvLfluqbjgYzpq5jjgY/jgIHjgb7jgZ/plbfmnJ/kvb/nlKgo57SEN+W5tCnjgYzlj6/og73jgajjgarjgorjgb7jgZnjgII8YnI+PGJyPuKXj+Wcn+acqOazlemdouaWveW3peOAgeegguWIqeS4i+ijnOW8t+OAgei7n+W8seWcsOebpOWvvuetlueUqOOAgemYsuiNieeUqOOAgjxicj48YnI+4peP5bmFKG0p77yaMS4wPGJyPuKXj+mVt+OBlShtKe+8mjUwPGJyPuKXj+izqumHjyhrZynvvJo3Ljg8YnI+PGJyPuKXj+iJsu+8muihqOmdouODouOCueOCsOODquODvOODs+OAgeijj+mdouODluODqeODg+OCrzxicj7il4/ljprjgb/vvJowLjdtbTxicj7il4/lvJXlvLXlvLfluqbvvJrnuKYxMzQwTi81Y23jgIHmqKoxMjMwTi81Y208YnI+4peP5byV6KOC5by35bqm77ya57imNDMwTuOAgeaoqjM0ME48YnI+4peP6ICQ5YCZ5bm05pWw77ya57SE77yX5bm0PGJyPjxicj7il4/jg53jg6rjg5fjg63jg5Tjg6zjg7M8YnI+,44CO44Kr44O844OJ5a++5b+cT0vvvIHjgI8jIyPilqDjgJLokKnljp/lt6Xmpa0v6JCp5Y6f44CQR0JDNy0xMDUw44CRKDQ5NzEwNTEpIOOCsOODqeODs+ODieODkOODquOCouOCr+ODreOCuSZtaW51czvvvJfjgIDvvJHvvI7vvJDvvZjvvJXvvJDvvY0g5Y+X5rOo5Y2Y5L2NMe+8muOCr+ODreODvOODkOODvOizh+adkOmkqA==,6YCa5L+h6LKp5aOy6YCa6LKp44K344On44OD44OU44Oz44Kw44Kq44Oz44Op44Kk44Oz44K344On44OD44OU44Oz44Kw6LK344GE54mp44OX44Os44K844Oz44OI44Ku44OV44OI6LSI44KK54mp6LSI562U5ZOB44GK5Lit5YWD44GK5q2z5pqu44GK6LK344GE5b6X44CO44Kr44O844OJ5a++5b+cT0vvvIHjgI8jIyPilqDjgJLokKnljp/lt6Xmpa0v6JCp5Y6f44CQR0JDNy0xMDUw44CRKDQ5NzEwNTEpIOOCsOODqeODs+ODieODkOODquOCouOCr+ODreOCuSZtaW51czvvvJfjgIDvvJHvvI7vvJDvvZjvvJXvvJDvvY0g5Y+X5rOo5Y2Y5L2NMQ==,55Kw5aKD5a6J5YWo55So5ZOBXOOCt+ODvOODiOODu+ODreODvOODl1zjg5bjg6vjg7zjgrfjg7zjg4jjgILjgI7jgqvjg7zjg4nlr77lv5xPS++8geOAjyMjI+KWoOOAkuiQqeWOn+W3pealrS/okKnljp/jgJBHQkM3LTEwNTDjgJEoNDk3MTA1MSkg44Kw44Op44Oz44OJ44OQ44Oq44Ki44Kv44Ot44K5Jm1pbnVzO++8l+OAgO+8ke+8ju+8kO+9mO+8le+8kO+9jSDlj5fms6jljZjkvY0x[rn]
15-28034,aHR0cDovL3RzaG9wLnIxMHMuanAvZ29sZC9jbG92ZXI5NjA4L2ltYWdlb3JhLzEvdDAxMDAwNTA5NjUyNy5qcGc/Zml0aW49NzAwOjcwMA==,NDA1My42MDAw,,6Iqx44O744Ks44O844OH44Oz44O7RElZID4gRElZ44O75bel5YW3ID4g44Gd44Gu5LuW,44CO44Kr44O844OJ5a++5b+cT0vvvIHjgI/ilqDjgJLokKnljp/lt6Xmpa0v6JCp5Y6f44CA5paw5Z6L44OI44Op44OD44Kv44Oe44OD44OI44CA77yV772N772N44CQU1RNICAoNU1NKSBUTVM144CRKDM2MTM1NTEpIOWPl+azqOWNmOS9jTE=,,PGZvbnQgc2l6ZT0iNCI+57SN5pyf55uu5a6J77yaPC9mb250Pjxmb250IHNpemU9IjQiIGNvbG9yPSIjZmYwMGZmIj48Yj7ntI3mnJ/jgYvjgYvjgaPjgabjgYrjgorjgb7jgZk8L2I+KOips+OBl+OBj+OBr+OBiuWVj+OBhOWQiOOCj+OBm+OBj+OBoOOBleOBhCk8L2ZvbnQ+PGJyPjxicj48YnI+,44CO44Kr44O844OJ5a++5b+cT0vvvIHjgI/ilqDjgJLokKnljp/lt6Xmpa0v6JCp5Y6f44CA5paw5Z6L44OI44Op44OD44Kv44Oe44OD44OI44CA77yV772N772N44CQU1RNICAoNU1NKSBUTVM144CRKDM2MTM1NTEpIOWPl+azqOWNmOS9jTHvvJrjgq/jg63jg7zjg5Djg7zos4fmnZDppKg=,6YCa5L+h6LKp5aOy6YCa6LKp44K344On44OD44OU44Oz44Kw44Kq44Oz44Op44Kk44Oz44K344On44OD44OU44Oz44Kw6LK344GE54mp44OX44Os44K844Oz44OI44Ku44OV44OI6LSI44KK54mp6LSI562U5ZOB44GK5Lit5YWD44GK5q2z5pqu44GK6LK344GE5b6X44CO44Kr44O844OJ5a++5b+cT0vvvIHjgI/ilqDjgJLokKnljp/lt6Xmpa0v6JCp5Y6f44CA5paw5Z6L44OI44Op44OD44Kv44Oe44OD44OI44CA77yV772N772N44CQU1RNICAoNU1NKSBUTVM144CRKDM2MTM1NTEpIOWPl+azqOWNmOS9jTE=,55Kw5aKD5a6J5YWo55So5ZOBXOOCt+ODvOODiOODu+ODreODvOODl1zjg4jjg6njg4Pjgq/jgrfjg7zjg4jjgILjgI7jgqvjg7zjg4nlr77lv5xPS++8geOAj+KWoOOAkuiQqeWOn+W3pealrS/okKnljp/jgIDmlrDlnovjg4jjg6njg4Pjgq/jg57jg4Pjg4jjgIDvvJXvvY3vvY3jgJBTVE0gICg1TU0pIFRNUzXjgJEoMzYxMzU1MSkg5Y+X5rOo5Y2Y5L2NMQ==[rn]
15-28035,,ODM3NjguMDAwMA==,,6Iqx44O744Ks44O844OH44Oz44O7RElZID4gRElZ44O75bel5YW3ID4g44Gd44Gu5LuW,44CO44Kr44O844OJ5a++5b+cT0vvvIHjgI/ilqDjgJLjg4jjg6njgrnjgrPkuK3lsbEv77y077yy77y177yz77yj77yv44CQVFJTUEMtNDA3MOOAkSg3NTk2NjY5KSDjgqLjg6vjg5/okrjnnYDloanjg5Ppga7nhrHjgrfjg7zjg4jjgIDvvJTvvI7vvJDDl++8l++8ju+8kO+8rSDlj5fms6jljZjkvY0x,,PGZvbnQgc2l6ZT0iNCI+57SN5pyf55uu5a6J77yaPC9mb250Pjxmb250IGNvbG9yPSIjMDAwMDAwIiBzaXplPSI0Ij7jgYrlj5bjgorlr4TjgZvlk4Eo6Kmz44GX44GP44Gv44GT44Gh44KJ44KS44Kv44Oq44OD44KvKTwvZm9udD48YnI+PGJyPgo8YnI+PGJyPuKXj+mBrueGseaAp+OAgeW8t+W6puOAgeaflOi7n+aAp+OAgeiAkOWAmeaAp+OBq+WEquOCjOOBn+OAjOOCouODq+ODn+iSuOedgOWhqeODk+ikh+WQiOOCt+ODvOODiOOAjee0oOadkOOBrumBrueGseS/neWGt+OCt+ODvOODiOOBp+OBmeOAgjxicj7il4/otaTlpJbnt5rlj43lsITjgavjgojjgormlq3nhrHlirnmnpzjgYzjgYLjgorjgb7jgZnjgII8YnI+PGJyPuKXj+W3peWgtOOAgeWAieW6q+OBp+OBrumBrueGseOCq+ODkOODvOOAgjxicj7il4/jg4jjg6njg4Pjgq/nlKjpga7nhrHkv53lhrfjgrfjg7zjg4jjgavjgII8YnI+PGJyPuKXj+W5hShtKe+8mjQuMDxicj7il4/plbfjgZUobSnvvJo3LjA8YnI+4peP5Y6a44G/KG1tKe+8mjAuNDxicj7il4/oibLvvJrjgrfjg6vjg5Djg7w8YnI+4peP44K/44Kk44OX77ya5biG5biDPGJyPuKXj+ODj+ODiOODoeaVsO+8iOWAi++8ie+8mjM4PGJyPuKXj+ODj+ODiOODoeODlOODg+ODgShjbSnvvJo1OC4wWDU2LjU8YnI+4peP6LOq6YePKO+9i2cp77yaMTIuNDxicj48YnI+4peP5Y6a44G/77yaMC4zOG1tPGJyPuKXj+W4huW4g+OCv+OCpOODlzxicj7il4/pga7lhYnmgKfvvJo5OS45Oe+8he+8iEpJUyBMIDEwNTVBIOazle+8iTxicj7il4/ogJDlr5LmgKfvvJotMTXihIM8YnI+4peP54ax5oq15oqX5YCk77yaUj0wLjAxNTA4W1vlubPnsbNdXeODu0svVzxicj7il4/nhrHkvJ3lsI7njofvvJrOuz0wLjAyNjUyNCBXL20vazxicj48YnI+4peP5Z+65p2Q77ya44Od44Oq44Ko44K544OG44Or5Z+65biDPGJyPg==,44CO44Kr44O844OJ5a++5b+cT0vvvIHjgI/ilqDjgJLjg4jjg6njgrnjgrPkuK3lsbEv77y077yy77y177yz77yj77yv44CQVFJTUEMtNDA3MOOAkSg3NTk2NjY5KSDjgqLjg6vjg5/okrjnnYDloanjg5Ppga7nhrHjgrfjg7zjg4jjgIDvvJTvvI7vvJAmdGltZXM777yX77yO77yQ77ytIOWPl+azqOWNmOS9jTHvvJrjgq/jg63jg7zjg5Djg7zos4fmnZDppKg=,6YCa5L+h6LKp5aOy6YCa6LKp44K344On44OD44OU44Oz44Kw44Kq44Oz44Op44Kk44Oz44K344On44OD44OU44Oz44Kw6LK344GE54mp44OX44Os44K844Oz44OI44Ku44OV44OI6LSI44KK54mp6LSI562U5ZOB44GK5Lit5YWD44GK5q2z5pqu44GK6LK344GE5b6X44CO44Kr44O844OJ5a++5b+cT0vvvIHjgI/ilqDjgJLjg4jjg6njgrnjgrPkuK3lsbEv77y077yy77y177yz77yj77yv44CQVFJTUEMtNDA3MOOAkSg3NTk2NjY5KSDjgqLjg6vjg5/okrjnnYDloanjg5Ppga7nhrHjgrfjg7zjg4jjgIDvvJTvvI7vvJAmdGltZXM777yX77yO77yQ77ytIOWPl+azqOWNmOS9jTE=,55Kw5aKD5a6J5YWo55So5ZOBXOOCt+ODvOODiOODu+ODreODvOODl1zjg4jjg6njg4Pjgq/jgrfjg7zjg4jjgILjgI7jgqvjg7zjg4nlr77lv5xPS++8geOAj+KWoOOAkuODiOODqeOCueOCs+S4reWxsS/vvLTvvLLvvLXvvLPvvKPvvK/jgJBUUlNQQy00MDcw44CRKDc1OTY2NjkpIOOCouODq+ODn+iSuOedgOWhqeODk+mBrueGseOCt+ODvOODiOOAgO+8lO+8ju+8kCZ0aW1lczvvvJfvvI7vvJDvvK0g5Y+X5rOo5Y2Y5L2NMQ==[rn]
15-28036,,MTMyMjI3LjIwMDA=,,6Iqx44O744Ks44O844OH44Oz44O7RElZID4gRElZ44O75bel5YW3ID4g44Gd44Gu5LuW,44CQ44Kr44O844OJ5a++5b+cT0vvvIHjgJHilqDjgJLjg4jjg6njgrnjgrPkuK3lsbEv77y077yy77y177yz77yj77yv44CQSlMtMjUyNeOAkSg3NzEyMjM1KSDjgrjjg6Pjg7Pjg5zjgrfjg7zjg4jvvIPvvJPvvJDvvJDvvJDjgIDluYXvvJLvvJXvvI7vvJDvvY3vvLjplbfjgZXvvJLvvJXvvI7vvJDvvY0g5Y+X5rOo5Y2Y5L2NMQ==,,PGZvbnQgc2l6ZT0iNCI+57SN5pyf55uu5a6J77yaPC9mb250Pjxmb250IGNvbG9yPSIjMDAwMDAwIiBzaXplPSI0Ij7jgYrlj5bjgorlr4TjgZvlk4Eo6Kmz44GX44GP44Gv44GT44Gh44KJ44KS44Kv44Oq44OD44KvKTwvZm9udD48YnI+PGJyPgo8YnI+PGJyPuKXj+W6g+OBhOmdouepjeOCkuS4gOW6puOBq+imhuOBhOWMheOBv+i+vOOCgOWkp+Wei+OCteOCpOOCuuOBruODluODq+ODvOOCt+ODvOODiOOBp+OBmeOAgjxicj48YnI+4peP55Sj5qWt6LOH5p2Q44Gq44Gp44Gu5aSn5Z6L6LOH5p2Q55So44Kr44OQ44O844Gr44CCPGJyPjxicj7il4/luYUobSnvvJoyNS4wMTxicj7il4/plbfjgZUobSnvvJoyNC45PGJyPuKXj+ODj+ODiOODoeaVsCjlgIsp77yaMTA2PGJyPuKXj+ODj+ODiOODoeODlOODg+ODgShjbSnvvJoxMDA8YnI+4peP6LOq6YePKGtnKe+8mjk2PGJyPjxicj7il4/oibLvvJrjg5bjg6vjg7w8YnI+4peP5Y6a44G/77yaMC4yNW1tPGJyPuKXj+W8leW8teW8t+W6pu+8mue4pjY2NU4vNWNt44CB5qiqNTc1Ti81Y208YnI+4peP6ICQ5LmF5pyf6ZaT77ya57SEMeW5tDxicj7il4/kvLjluqbvvJrnuKYyNCXjgIHmqKoxNSU8YnI+4peP5byV6KOC5by35bqm77ya57imMTQ1TuOAgeaoqjEwNU48YnI+PGJyPuKXj+OCt+ODvOODiO+8muODneODquOCqOODgeODrOODs++8iFBF77yJPGJyPuKXj+ODj+ODiOODoe+8muOCouODq+ODn++8iOWGheW+hO+8mjEybW3vvIk8YnI+,44CQ44Kr44O844OJ5a++5b+cT0vvvIHjgJHilqDjgJLjg4jjg6njgrnjgrPkuK3lsbEv77y077yy77y177yz77yj77yv44CQSlMtMjUyNeOAkSg3NzEyMjM1KSDjgrjjg6Pjg7Pjg5zjgrfjg7zjg4jvvIPvvJPvvJDvvJDvvJDjgIDluYXvvJLvvJXvvI7vvJDvvY3vvLjplbfjgZXvvJLvvJXvvI7vvJDvvY0g5Y+X5rOo5Y2Y5L2NMe+8muOCr+ODreODvOODkOODvOizh+adkOmkqA==,6YCa5L+h6LKp5aOy6YCa6LKp44K344On44OD44OU44Oz44Kw44Kq44Oz44Op44Kk44Oz44K344On44OD44OU44Oz44Kw6LK344GE54mp44OX44Os44K844Oz44OI44Ku44OV44OI6LSI44KK54mp6LSI562U5ZOB44GK5Lit5YWD44GK5q2z5pqu44GK6LK344GE5b6X44CQ44Kr44O844OJ5a++5b+cT0vvvIHjgJHilqDjgJLjg4jjg6njgrnjgrPkuK3lsbEv77y077yy77y177yz77yj77yv44CQSlMtMjUyNeOAkSg3NzEyMjM1KSDjgrjjg6Pjg7Pjg5zjgrfjg7zjg4jvvIPvvJPvvJDvvJDvvJDjgIDluYXvvJLvvJXvvI7vvJDvvY3vvLjplbfjgZXvvJLvvJXvvI7vvJDvvY0g5Y+X5rOo5Y2Y5L2NMQ==,55Kw5aKD5a6J5YWo55So5ZOBXOOCt+ODvOODiOODu+ODreODvOODl1zjg5bjg6vjg7zjgrfjg7zjg4jjgILjgJDjgqvjg7zjg4nlr77lv5xPS++8geOAkeKWoOOAkuODiOODqeOCueOCs+S4reWxsS/vvLTvvLLvvLXvvLPvvKPvvK/jgJBKUy0yNTI144CRKDc3MTIyMzUpIOOCuOODo+ODs+ODnOOCt+ODvOODiO+8g++8k++8kO+8kO+8kOOAgOW5he+8ku+8le+8ju+8kO+9je+8uOmVt+OBle+8ku+8le+8ju+8kO+9jSDlj5fms6jljZjkvY0x[rn]
15-28037,,MTA4MjYuNDAwMA==,,6Iqx44O744Ks44O844OH44Oz44O7RElZID4gRElZ44O75bel5YW3ID4g44Gd44Gu5LuW,44CO44Kr44O844OJ5a++5b+cT0vvvIHjgI8jI+KIgOKWoOOAkuODpuOCv+OCq+ODoeOCpOOCry/jg6bjgr/jgqvjgJBQQlotTDA144CRKDQ3MDY5NDMpIOOCt+ODvOODiOOAgO+8g++8k++8kO+8kO+8kOODluODq+ODvOOCt+ODvOODiOWkp+eVs+OBv+OAgO+8ku+8ju+8l++9jcOX77yT77yO77yW772N44CA77yR77yV5p6a5YWlIOWPl+azqOWNmOS9jTE=,,PGJyPjxmb250IHNpemU9IjQiPue0jeacn+ebruWuie+8mjwvZm9udD48Zm9udCBjb2xvcj0iIzAwMDAwMCIgc2l6ZT0iNCI+44GK5Y+W44KK5a+E44Gb5ZOBKOips+OBl+OBj+OBr+OBk+OBoeOCieOCkuOCr+ODquODg+OCryk8L2ZvbnQ+PGJyPjxicj4KPGZvbnQgc2l6ZT0iNCIgY29sb3I9IiI+PGI+4oC744GT44Gh44KJ44Gu5ZWG5ZOB44Gv44Oh44O844Kr44O855u06YCB5ZOB44Go44Gq44KK44G+44GZ44CC44GU5YWl6YeR56K66KqN5b6M44Gu44GK5omL6YWN44Gn44GZ44CCPC9iPjwvZm9udD4KPGJyPjxicj48Zm9udCBzaXplPSI0IiBjb2xvcj0iIj48Yj7igLvjgZPjgaHjgonjga7llYblk4Hjga/opo/lrprlpJbjga7ngrrliKXpgJTpgIHmlpnjgYzjgYvjgYvjgorjgb7jgZnjgILoqbPjgZfjgY/jga/jgYrllY/jgYTlkIjjgo/jgZvjgY/jgaDjgZXjgYTjgIIKCjwvYj48L2ZvbnQ+PGJyPgrigLvov73liqDpgIHmlpnjga/liKXpgJTlvZPlupfjgYvjgonjga7jg6Hjg7zjg6vjgafoqILmraPjgZXjgozjgb7jgZnjgII8YnI+PGJyPgo8YnI+PGJyPuKXj+e0q+Wklue3muWuieWumuWJpOOCkumFjeWQiOOBl+OAgeWxi+WkluOBp+OBruiAkOWAmeaAp+OBq+WEquOCjOOBpuOBhOOBvuOBmeOAgjxicj48YnI+4peP6Ziy5rC044CB6Ziy6aKo44CB6Ziy5aG144CB55uu6Zqg44GX44Gq44Gp44CCPGJyPjxicj7il4/luYUobSnvvJoyLjU8YnI+4peP6ZW344GVKG0p77yaMy40PGJyPuKXj+ODj+ODiOODoeaVsCjlgIsp77yaMTQ8YnI+4peP44OP44OI44Oh44OU44OD44OBKGNtKe+8mjkwPGJyPjxicj7il4/oibLvvJrjg5bjg6vjg7w8YnI+4peP5Y6a44G/77yaMC4yMm1tPGJyPuKXj+W8leW8teW8t+W6pu+8mue4pjY4M04vNWNt44CB5qiq77yaNjAwTi81Y208YnI+4peP6ICQ5LmF5pyf6ZaT77ya57SEMeW5tDxicj48YnI+4peP44K344O844OI77ya44Od44Oq44Ko44OB44Os44Oz77yIUEXvvIk8YnI+4peP44OP44OI44Oh77ya44Ki44Or44Of77yI5YaF5b6E77yaMTJtbe+8iTxicj4=,44CO44Kr44O844OJ5a++5b+cT0vvvIHjgI8jIyZmb3JhbGw74pag44CS44Om44K/44Kr44Oh44Kk44KvL+ODpuOCv+OCq+OAkFBCWi1MMDXjgJEoNDcwNjk0Mykg44K344O844OI44CA77yD77yT77yQ77yQ77yQ44OW44Or44O844K344O844OI5aSn55Wz44G/44CA77yS77yO77yX772NJnRpbWVzO++8k++8ju+8lu+9jeOAgO+8ke+8leaemuWFpSDlj5fms6jljZjkvY0x77ya44Kv44Ot44O844OQ44O86LOH5p2Q6aSo,6YCa5L+h6LKp5aOy6YCa6LKp44K344On44OD44OU44Oz44Kw44Kq44Oz44Op44Kk44Oz44K344On44OD44OU44Oz44Kw6LK344GE54mp44OX44Os44K844Oz44OI44Ku44OV44OI6LSI44KK54mp6LSI562U5ZOB44GK5Lit5YWD44GK5q2z5pqu44GK6LK344GE5b6X44CO44Kr44O844OJ5a++5b+cT0vvvIHjgI8jIyZmb3JhbGw74pag44CS44Om44K/44Kr44Oh44Kk44KvL+ODpuOCv+OCq+OAkFBCWi1MMDXjgJEoNDcwNjk0Mykg44K344O844OI44CA77yD77yT77yQ77yQ77yQ44OW44Or44O844K344O844OI5aSn55Wz44G/44CA77yS77yO77yX772NJnRpbWVzO++8k++8ju+8lu+9jeOAgO+8ke+8leaemuWFpSDlj5fms6jljZjkvY0x,55Kw5aKD5a6J5YWo55So5ZOBXOOCt+ODvOODiOODu+ODreODvOODl1zjg5bjg6vjg7zjgrfjg7zjg4jjgILjgI7jgqvjg7zjg4nlr77lv5xPS++8geOAjyMjJmZvcmFsbDvilqDjgJLjg6bjgr/jgqvjg6HjgqTjgq8v44Om44K/44Kr44CQUEJaLUwwNeOAkSg0NzA2OTQzKSDjgrfjg7zjg4jjgIDvvIPvvJPvvJDvvJDvvJDjg5bjg6vjg7zjgrfjg7zjg4jlpKfnlbPjgb/jgIDvvJLvvI7vvJfvvY0mdGltZXM777yT77yO77yW772N44CA77yR77yV5p6a5YWlIOWPl+azqOWNmOS9jTE=[rn]
15-28038,,NDE5LjIwMDA=,,6Iqx44O744Ks44O844OH44Oz44O7RElZID4gRElZ44O75bel5YW3ID4g44Gd44Gu5LuW,44CQ44Kr44O844OJ5a++5b+cT0vvvIHjgJHilqDjgJLjg6bjgr/jgqvjg6HjgqTjgq8v44Om44K/44Kr44CQT0dTLTAy44CRKDQ0NDcwMTgpIO+8g++8k++8kO+8kO+8kO+8r++8pOOCsOODquODvOODs+OCt+ODvOODiOOAgO+8ke+8ju+8mO+9je+9mO+8ku+8ju+8l++9jSDlj5fms6jljZjkvY0x,,PGZvbnQgc2l6ZT0iNCI+57SN5pyf55uu5a6J77yaPC9mb250Pjxmb250IGNvbG9yPSIjMDAwMDAwIiBzaXplPSI0Ij7jgYrlj5bjgorlr4TjgZvlk4Eo6Kmz44GX44GP44Gv44GT44Gh44KJ44KS44Kv44Oq44OD44KvKTwvZm9udD48YnI+PGJyPgo8YnI+PGJyPuKXj+WxsemWk+mDqOOChOe3keWcsOWcsOW4r+OBp+S9v+eUqOOBrumam+OBq+WRqOWbsuOBruaZr+ims+OBq+OCiOOBhOOCt+ODvOODiOOBp+OBmeOAgjxicj48YnI+4peP57eR5Zyw5Zyw5biv5bel5LqL44Gu6aSK55Sf44KE6LOH5p2Q44Kr44OQ44O844CCPGJyPjxicj7il4/luYUobSnvvJoxLjc8YnI+4peP6ZW344GVKG0p77yaMi41PGJyPuKXj+ODj+ODiOODoeaVsCjlgIsp77yaMTA8YnI+4peP44OP44OI44Oh44OU44OD44OBKGNtKe+8mjkwPGJyPuKXj+izqumHjyhrZynvvJowLjg8YnI+PGJyPuKXj+iJsu+8mk9E44Kw44Oq44O844OzPGJyPuKXj+WOmuOBv++8mjAuMjLvvY3vvY08YnI+4peP5byV5by15by35bqm77ya57imNjgzTi81Y23jgIHmqKo2MDBOLzVjbTxicj7il4/ogJDkuYXmnJ/plpPvvJrntIQx5bm0PGJyPuKXj+W8leijguW8t+W6pu+8mue4pjE0ME7jgIHmqKo5ME48YnI+PGJyPuKXj+OCt+ODvOODiO+8muODneODquOCqOODgeODrOODsyhQRe+8iTxicj7il4/jg4/jg4jjg6HvvJrjgqLjg6vjg58o5YaF5b6E77yaMTJtbSk8YnI+,44CQ44Kr44O844OJ5a++5b+cT0vvvIHjgJHilqDjgJLjg6bjgr/jgqvjg6HjgqTjgq8v44Om44K/44Kr44CQT0dTLTAy44CRKDQ0NDcwMTgpIO+8g++8k++8kO+8kO+8kO+8r++8pOOCsOODquODvOODs+OCt+ODvOODiOOAgO+8ke+8ju+8mO+9je+9mO+8ku+8ju+8l++9jSDlj5fms6jljZjkvY0x77ya44Kv44Ot44O844OQ44O86LOH5p2Q6aSo,6YCa5L+h6LKp5aOy6YCa6LKp44K344On44OD44OU44Oz44Kw44Kq44Oz44Op44Kk44Oz44K344On44OD44OU44Oz44Kw6LK344GE54mp44OX44Os44K844Oz44OI44Ku44OV44OI6LSI44KK54mp6LSI562U5ZOB44GK5Lit5YWD44GK5q2z5pqu44GK6LK344GE5b6X44CQ44Kr44O844OJ5a++5b+cT0vvvIHjgJHilqDjgJLjg6bjgr/jgqvjg6HjgqTjgq8v44Om44K/44Kr44CQT0dTLTAy44CRKDQ0NDcwMTgpIO+8g++8k++8kO+8kO+8kO+8r++8pOOCsOODquODvOODs+OCt+ODvOODiOOAgO+8ke+8ju+8mO+9je+9mO+8ku+8ju+8l++9jSDlj5fms6jljZjkvY0x,55Kw5aKD5a6J5YWo55So5ZOBXOOCt+ODvOODiOODu+ODreODvOODl1zjg5bjg6vjg7zjgrfjg7zjg4jjgILjgJDjgqvjg7zjg4nlr77lv5xPS++8geOAkeKWoOOAkuODpuOCv+OCq+ODoeOCpOOCry/jg6bjgr/jgqvjgJBPR1MtMDLjgJEoNDQ0NzAxOCkg77yD77yT77yQ77yQ77yQ77yv77yk44Kw44Oq44O844Oz44K344O844OI44CA77yR77yO77yY772N772Y77yS77yO77yX772NIOWPl+azqOWNmOS9jTE=[rn]
15-28039,,OTk3OS4yMDAw,,6Iqx44O744Ks44O844OH44Oz44O7RElZID4gRElZ44O75bel5YW3ID4g44Gd44Gu5LuW,44CO44Kr44O844OJ5a++5b+cT0vvvIHjgI8jI+KIgOKWoOOAkuODpuOCv+OCq+ODoeOCpOOCry/jg6bjgr/jgqvjgJBQQlotTDEz44CRKDQ5MzQyMDIpIOOCt+ODvOODiOOAgO+8g++8k++8kO+8kO+8kOODluODq+ODvOOCt+ODvOODiOWkp+eVs+OBv+OAgO+8le+8ju+8lO+9jcOX77yV77yO77yU772N44CA77yV5p6a5YWlIOWPl+azqOWNmOS9jTE=,,PGJyPjxmb250IHNpemU9IjQiPue0jeacn+ebruWuie+8mjwvZm9udD48Zm9udCBjb2xvcj0iIzAwMDAwMCIgc2l6ZT0iNCI+44GK5Y+W44KK5a+E44Gb5ZOBKOips+OBl+OBj+OBr+OBk+OBoeOCieOCkuOCr+ODquODg+OCryk8L2ZvbnQ+PGJyPjxicj4KPGZvbnQgc2l6ZT0iNCIgY29sb3I9IiI+PGI+4oC744GT44Gh44KJ44Gu5ZWG5ZOB44Gv44Oh44O844Kr44O855u06YCB5ZOB44Go44Gq44KK44G+44GZ44CC44GU5YWl6YeR56K66KqN5b6M44Gu44GK5omL6YWN44Gn44GZ44CCPC9iPjwvZm9udD4KPGJyPjxicj48Zm9udCBzaXplPSI0IiBjb2xvcj0iIj48Yj7igLvjgZPjgaHjgonjga7llYblk4Hjga/opo/lrprlpJbjga7ngrrliKXpgJTpgIHmlpnjgYzjgYvjgYvjgorjgb7jgZnjgILoqbPjgZfjgY/jga/jgYrllY/jgYTlkIjjgo/jgZvjgY/jgaDjgZXjgYTjgIIKCjwvYj48L2ZvbnQ+PGJyPgrigLvov73liqDpgIHmlpnjga/liKXpgJTlvZPlupfjgYvjgonjga7jg6Hjg7zjg6vjgafoqILmraPjgZXjgozjgb7jgZnjgII8YnI+PGJyPgo8YnI+PGJyPuKXj+e0q+Wklue3muWuieWumuWJpOOCkumFjeWQiOOBl+OAgeWxi+WkluOBp+OBruiAkOWAmeaAp+OBq+WEquOCjOOBpuOBhOOBvuOBmeOAgjxicj48YnI+4peP6Ziy5rC044CB6Ziy6aKo44CB6Ziy5aG144CB55uu6Zqg44GX44Gq44Gp44CCPGJyPjxicj7il4/luYUobSnvvJo1LjI8YnI+4peP6ZW344GVKG0p77yaNS4yPGJyPuKXj+ODj+ODiOODoeaVsCjlgIsp77yaMjQ8YnI+4peP44OP44OI44Oh44OU44OD44OBKGNtKe+8mjkwPGJyPjxicj7il4/oibLvvJrjg5bjg6vjg7w8YnI+4peP5Y6a44G/77yaMC4yMm1tPGJyPuKXj+W8leW8teW8t+W6pu+8mue4pjY4M04vNWNt44CB5qiq77yaNjAwTi81Y208YnI+4peP6ICQ5LmF5pyf6ZaT77ya57SEMeW5tDxicj48YnI+4peP44K344O844OI77ya44Od44Oq44Ko44OB44Os44Oz77yIUEXvvIk8YnI+4peP44OP44OI44Oh77ya44Ki44Or44Of77yI5YaF5b6E77yaMTJtbe+8iTxicj4=,44CO44Kr44O844OJ5a++5b+cT0vvvIHjgI8jIyZmb3JhbGw74pag44CS44Om44K/44Kr44Oh44Kk44KvL+ODpuOCv+OCq+OAkFBCWi1MMTPjgJEoNDkzNDIwMikg44K344O844OI44CA77yD77yT77yQ77yQ77yQ44OW44Or44O844K344O844OI5aSn55Wz44G/44CA77yV77yO77yU772NJnRpbWVzO++8le+8ju+8lO+9jeOAgO+8leaemuWFpSDlj5fms6jljZjkvY0x77ya44Kv44Ot44O844OQ44O86LOH5p2Q6aSo,6YCa5L+h6LKp5aOy6YCa6LKp44K344On44OD44OU44Oz44Kw44Kq44Oz44Op44Kk44Oz44K344On44OD44OU44Oz44Kw6LK344GE54mp44OX44Os44K844Oz44OI44Ku44OV44OI6LSI44KK54mp6LSI562U5ZOB44GK5Lit5YWD44GK5q2z5pqu44GK6LK344GE5b6X44CO44Kr44O844OJ5a++5b+cT0vvvIHjgI8jIyZmb3JhbGw74pag44CS44Om44K/44Kr44Oh44Kk44KvL+ODpuOCv+OCq+OAkFBCWi1MMTPjgJEoNDkzNDIwMikg44K344O844OI44CA77yD77yT77yQ77yQ77yQ44OW44Or44O844K344O844OI5aSn55Wz44G/44CA77yV77yO77yU772NJnRpbWVzO++8le+8ju+8lO+9jeOAgO+8leaemuWFpSDlj5fms6jljZjkvY0x,55Kw5aKD5a6J5YWo55So5ZOBXOOCt+ODvOODiOODu+ODreODvOODl1zjg5bjg6vjg7zjgrfjg7zjg4jjgILjgI7jgqvjg7zjg4nlr77lv5xPS++8geOAjyMjJmZvcmFsbDvilqDjgJLjg6bjgr/jgqvjg6HjgqTjgq8v44Om44K/44Kr44CQUEJaLUwxM+OAkSg0OTM0MjAyKSDjgrfjg7zjg4jjgIDvvIPvvJPvvJDvvJDvvJDjg5bjg6vjg7zjgrfjg7zjg4jlpKfnlbPjgb/jgIDvvJXvvI7vvJTvvY0mdGltZXM777yV77yO77yU772N44CA77yV5p6a5YWlIOWPl+azqOWNmOS9jTE=[rn]
15-28040,,MTM3NzcuNjAwMA==,,6Iqx44O744Ks44O844OH44Oz44O7RElZID4gRElZ44O75bel5YW3ID4g44Gd44Gu5LuW,44CO44Kr44O844OJ5a++5b+cT0vvvIHjgI8jIyPilqDjgJLokKnljp/lt6Xmpa0v6JCp5Y6f44CQUEhPVE8tQeOAkSg3NTQ3NTk1KSDjg5Xjgqnjg4jjgrfjg7zjg4jjgIDvvJDvvI7vvJnvvK3vvLjvvJHvvI7vvJLvvK0g5Y+X5rOo5Y2Y5L2NMQ==,,PGZvbnQgc2l6ZT0iNCI+57SN5pyf55uu5a6J77yaPC9mb250Pjxmb250IGNvbG9yPSIjMDAwMDAwIiBzaXplPSI0Ij7jgYrlj5bjgorlr4TjgZvlk4Eo6Kmz44GX44GP44Gv44GT44Gh44KJ44KS44Kv44Oq44OD44KvKTwvZm9udD48YnI+PGJyPjxmb250IHNpemU9IjQiIGNvbG9yPSIiPjxiPuKAu+OBk+OBoeOCieOBruWVhuWTgeOBr+imj+agvOWkluOBruWVhuWTgeOBrueCuuOAgemAgeaWmeOBjOWIpemAlOeZuueUn+iHtOOBl+OBvuOBmeOAgumFjemAgeWcsOWfn+OBq+OCiOOBo+OBpumAgeaWmeOBjOeVsOOBquOCiuOBvuOBmeOBruOBp+ips+OBl+OBj+OBr+OBiuWVj+OBhOWQiOOCj+OBm+OBj+OBoOOBleOBhOOAgjwvYj48L2ZvbnQ+PGJyPjxicj7igLvov73liqDpgIHmlpnjga/liKXpgJTlvZPlupfjgYvjgonjga7jg6Hjg7zjg6vjgafoqILmraPjgZXjgozjgb7jgZnjgII8YnI+PGJyPgo8YnI+PGJyPuKXj+OBq+OBmOOBv+OBjOWwkeOBquOBj+muruaYjuOBquWNsOWtl+OBp+OBmeOAgjxicj7il4/prq7jgoTjgYvjgarnmbroibLmgKfjgafjgqTjg6Hjg7zjgrjjgajjgYrjgorjga7ljbDliLfjgYzlj6/og73jgafjgZnjgII8YnI+4peP5bGL5aSWMeW5tOeoi+W6puOAgeWxi+WGhTPlubTnqIvluqbjga7ogJDmkanogJfmgKfjgYzjgYLjgorjgb7jgZnjgII8YnI+4peP44Od44Oq44Kq44Os44OV44Kj44Oz6KO944Gu44Gf44KB6ICQ5rC05oCn44GM44GC44KK44CB5aGp44OT6KO944Gr5q+U44G544Gm57SE5Y2K5YiG44Gu6YeN44GV44Gn44GZ44CCPGJyPjxicj7il4/llYbnlKjnnIvmnb/jg7vosqnlo7Lkv4PpgLLnlKjluoPlkYrlqpLkvZPjgarjganjgII8YnI+PGJyPuKXj+W5hShtKe+8mjAuOTxicj7il4/plbfjgZUobSnvvJoxLjI1PGJyPjxicj7il4/ljprjgb/vvJowLjQx77yI772N772N77yJPGJyPuKXj+WRqOWbsuaKmOOCiui/lOOBl+OBquOBl+OAgeWbm+maheODj+ODiOODoTxicj48YnI+4peP44K344O844OI77ya77yw77yw5ZCI5oiQ57SZ44CBUEXjg6njg5/jg43jg7zjg4jjgIFQReOCr+ODreOCuTxicj7il4/jg4/jg4jjg6HvvJrjg5fjg6njgrnjg4Hjg4Pjgq88YnI+,44CO44Kr44O844OJ5a++5b+cT0vvvIHjgI8jIyPilqDjgJLokKnljp/lt6Xmpa0v6JCp5Y6f44CQUEhPVE8tQeOAkSg3NTQ3NTk1KSDjg5Xjgqnjg4jjgrfjg7zjg4jjgIDvvJDvvI7vvJnvvK3vvLjvvJHvvI7vvJLvvK0g5Y+X5rOo5Y2Y5L2NMe+8muOCr+ODreODvOODkOODvOizh+adkOmkqA==,6YCa5L+h6LKp5aOy6YCa6LKp44K344On44OD44OU44Oz44Kw44Kq44Oz44Op44Kk44Oz44K344On44OD44OU44Oz44Kw6LK344GE54mp44OX44Os44K844Oz44OI44Ku44OV44OI6LSI44KK54mp6LSI562U5ZOB44GK5Lit5YWD44GK5q2z5pqu44GK6LK344GE5b6X44CO44Kr44O844OJ5a++5b+cT0vvvIHjgI8jIyPilqDjgJLokKnljp/lt6Xmpa0v6JCp5Y6f44CQUEhPVE8tQeOAkSg3NTQ3NTk1KSDjg5Xjgqnjg4jjgrfjg7zjg4jjgIDvvJDvvI7vvJnvvK3vvLjvvJHvvI7vvJLvvK0g5Y+X5rOo5Y2Y5L2NMQ==,55Kw5aKD5a6J5YWo55So5ZOBXOOCt+ODvOODiOODu+ODreODvOODl1zjg5bjg6vjg7zjgrfjg7zjg4jjgILjgI7jgqvjg7zjg4nlr77lv5xPS++8geOAjyMjI+KWoOOAkuiQqeWOn+W3pealrS/okKnljp/jgJBQSE9UTy1B44CRKDc1NDc1OTUpIOODleOCqeODiOOCt+ODvOODiOOAgO+8kO+8ju+8me+8re+8uO+8ke+8ju+8ku+8rSDlj5fms6jljZjkvY0x[rn]
15-28041,,NzM2My4yMDAw,,6Iqx44O744Ks44O844OH44Oz44O7RElZID4gRElZ44O75bel5YW3ID4g44Gd44Gu5LuW,44CO44Kr44O844OJ5a++5b+cT0vvvIHjgI8jI+KIgOKWoOOAkuODpuOCv+OCq+ODoeOCpOOCry/jg6bjgr/jgqvjgJBQQlotTDAx44CRKDQ3MDY5MzUpIOOCt+ODvOODiOOAgO+8g++8k++8kO+8kO+8kOODluODq+ODvOOCt+ODvOODiOWkp+eVs+OBv+OAgO+8ke+8ju+8mO+9jcOX77yR77yO77yY772N44CA77yT77yQ5p6a5YWlIOWPl+azqOWNmOS9jTE=,,PGJyPjxmb250IHNpemU9IjQiPue0jeacn+ebruWuie+8mjwvZm9udD48Zm9udCBjb2xvcj0iIzAwMDAwMCIgc2l6ZT0iNCI+44GK5Y+W44KK5a+E44Gb5ZOBKOips+OBl+OBj+OBr+OBk+OBoeOCieOCkuOCr+ODquODg+OCryk8L2ZvbnQ+PGJyPjxicj4KPGZvbnQgc2l6ZT0iNCIgY29sb3I9IiI+PGI+4oC744GT44Gh44KJ44Gu5ZWG5ZOB44Gv44Oh44O844Kr44O855u06YCB5ZOB44Go44Gq44KK44G+44GZ44CC44GU5YWl6YeR56K66KqN5b6M44Gu44GK5omL6YWN44Gn44GZ44CCPC9iPjwvZm9udD4KPGJyPjxicj48Zm9udCBzaXplPSI0IiBjb2xvcj0iIj48Yj7igLvjgZPjgaHjgonjga7llYblk4Hjga/opo/lrprlpJbjga7ngrrliKXpgJTpgIHmlpnjgYzjgYvjgYvjgorjgb7jgZnjgILoqbPjgZfjgY/jga/jgYrllY/jgYTlkIjjgo/jgZvjgY/jgaDjgZXjgYTjgIIKCjwvYj48L2ZvbnQ+PGJyPgrigLvov73liqDpgIHmlpnjga/liKXpgJTlvZPlupfjgYvjgonjga7jg6Hjg7zjg6vjgafoqILmraPjgZXjgozjgb7jgZnjgII8YnI+PGJyPgo8YnI+PGJyPuKXj+e0q+Wklue3muWuieWumuWJpOOCkumFjeWQiOOBl+OAgeWxi+WkluOBp+OBruiAkOWAmeaAp+OBq+WEquOCjOOBpuOBhOOBvuOBmeOAgjxicj48YnI+4peP6Ziy5rC044CB6Ziy6aKo44CB6Ziy5aG144CB55uu6Zqg44GX44Gq44Gp44CCPGJyPjxicj7il4/luYUobSnvvJoxLjc8YnI+4peP6ZW344GVKG0p77yaMS43PGJyPuKXj+ODj+ODiOODoeaVsCjlgIsp77yaODxicj7il4/jg4/jg4jjg6Hjg5Tjg4Pjg4EoY20p77yaOTA8YnI+4peP44K344O844OI5Y6a44G/KG1tKe+8mjAuMjI8YnI+PGJyPuKXj+iJsu+8muODluODq+ODvDxicj7il4/ljprjgb/vvJowLjIybW08YnI+4peP5byV5by15by35bqm77ya57imNjgzTi81Y23jgIHmqKrvvJo2MDBOLzVjbTxicj7il4/ogJDkuYXmnJ/plpPvvJrntIQx5bm0PGJyPjxicj7il4/jgrfjg7zjg4jvvJrjg53jg6rjgqjjg4Hjg6zjg7PvvIhQRe+8iTxicj7il4/jg4/jg4jjg6HvvJrjgqLjg6vjg5/vvIjlhoXlvoTvvJoxMm1t77yJPGJyPg==,44CO44Kr44O844OJ5a++5b+cT0vvvIHjgI8jIyZmb3JhbGw74pag44CS44Om44K/44Kr44Oh44Kk44KvL+ODpuOCv+OCq+OAkFBCWi1MMDHjgJEoNDcwNjkzNSkg44K344O844OI44CA77yD77yT77yQ77yQ77yQ44OW44Or44O844K344O844OI5aSn55Wz44G/44CA77yR77yO77yY772NJnRpbWVzO++8ke+8ju+8mO+9jeOAgO+8k++8kOaemuWFpSDlj5fms6jljZjkvY0x77ya44Kv44Ot44O844OQ44O86LOH5p2Q6aSo,6YCa5L+h6LKp5aOy6YCa6LKp44K344On44OD44OU44Oz44Kw44Kq44Oz44Op44Kk44Oz44K344On44OD44OU44Oz44Kw6LK344GE54mp44OX44Os44K844Oz44OI44Ku44OV44OI6LSI44KK54mp6LSI562U5ZOB44GK5Lit5YWD44GK5q2z5pqu44GK6LK344GE5b6X44CO44Kr44O844OJ5a++5b+cT0vvvIHjgI8jIyZmb3JhbGw74pag44CS44Om44K/44Kr44Oh44Kk44KvL+ODpuOCv+OCq+OAkFBCWi1MMDHjgJEoNDcwNjkzNSkg44K344O844OI44CA77yD77yT77yQ77yQ77yQ44OW44Or44O844K344O844OI5aSn55Wz44G/44CA77yR77yO77yY772NJnRpbWVzO++8ke+8ju+8mO+9jeOAgO+8k++8kOaemuWFpSDlj5fms6jljZjkvY0x,55Kw5aKD5a6J5YWo55So5ZOBXOOCt+ODvOODiOODu+ODreODvOODl1zjg5bjg6vjg7zjgrfjg7zjg4jjgILjgI7jgqvjg7zjg4nlr77lv5xPS++8geOAjyMjJmZvcmFsbDvilqDjgJLjg6bjgr/jgqvjg6HjgqTjgq8v44Om44K/44Kr44CQUEJaLUwwMeOAkSg0NzA2OTM1KSDjgrfjg7zjg4jjgIDvvIPvvJPvvJDvvJDvvJDjg5bjg6vjg7zjgrfjg7zjg4jlpKfnlbPjgb/jgIDvvJHvvI7vvJjvvY0mdGltZXM777yR77yO77yY772N44CA77yT77yQ5p6a5YWlIOWPl+azqOWNmOS9jTE=[rn]
15-28042,,MTk5NzIuODAwMA==,,6Iqx44O744Ks44O844OH44Oz44O7RElZID4gRElZ44O75bel5YW3ID4g44Gd44Gu5LuW,44CO44Kr44O844OJ5a++5b+cT0vvvIHjgI8jIyPilqDjgJLokKnljp/lt6Xmpa0v6JCp5Y6f44CQR0JDNy0yMDUw44CRKDQ5NzEwNjApIOOCsOODqeODs+ODieODkOODquOCouOCr+ODreOCue+8je+8l+OAgO+8ku+8ju+8kO+9mO+8le+8kO+9jSDlj5fms6jljZjkvY0x,,PGZvbnQgc2l6ZT0iNCI+57SN5pyf55uu5a6J77yaPC9mb250Pjxmb250IGNvbG9yPSIjMDAwMDAwIiBzaXplPSI0Ij7jgYrlj5bjgorlr4TjgZvlk4Eo6Kmz44GX44GP44Gv44GT44Gh44KJ44KS44Kv44Oq44OD44KvKTwvZm9udD48YnI+PGJyPjxmb250IHNpemU9IjQiIGNvbG9yPSIiPjxiPuKAu+OBk+OBoeOCieOBruWVhuWTgeOBr+imj+agvOWkluOBruWVhuWTgeOBrueCuuOAgemAgeaWmeOBjOWIpemAlOeZuueUn+iHtOOBl+OBvuOBmeOAgumFjemAgeWcsOWfn+OBq+OCiOOBo+OBpumAgeaWmeOBjOeVsOOBquOCiuOBvuOBmeOBruOBp+ips+OBl+OBj+OBr+OBiuWVj+OBhOWQiOOCj+OBm+OBj+OBoOOBleOBhOOAgjwvYj48L2ZvbnQ+PGJyPjxicj7igLvov73liqDpgIHmlpnjga/liKXpgJTlvZPlupfjgYvjgonjga7jg6Hjg7zjg6vjgafoqILmraPjgZXjgozjgb7jgZnjgII8YnI+PGJyPgo8YnI+PGJyPuKXj+W8t+W6puOBqOiAkOWAmeaAp+OCkumrmOOCgeOBn+OCsOODqeODs+ODieODkOODquOCouOCr+ODreOCueOBruODj+OCpOOCsOODrOODvOODieWTgeOBp+OBmeOAgjxicj7il4/pq5jlvLfluqbjga7ns7jjgajntKvlpJbnt5rliqPljJbpmLLmraLlirnmnpzjgpLpq5jjgoHjgabjgYrjgorjgIHlvpPmnaXjga7jgrDjg6njg7Pjg4njg5Djg6rjgqLjgq/jg63jgrnjgojjgorlvLfluqbjgYzpq5jjgY/jgIHjgb7jgZ/plbfmnJ/kvb/nlKgo57SEN+W5tCnjgYzlj6/og73jgajjgarjgorjgb7jgZnjgII8YnI+PGJyPuKXj+Wcn+acqOazlemdouaWveW3peOAgeegguWIqeS4i+ijnOW8t+OAgei7n+W8seWcsOebpOWvvuetlueUqOOAgemYsuiNieeUqOOAgjxicj48YnI+4peP5bmFKG0p77yaMi4wPGJyPuKXj+mVt+OBlShtKe+8mjUwPGJyPuKXj+izqumHjyhrZynvvJoxNS42PGJyPjxicj7il4/oibLvvJrooajpnaLjg6LjgrnjgrDjg6rjg7zjg7PjgIHoo4/pnaLjg5bjg6njg4Pjgq88YnI+4peP5Y6a44G/77yaMC43bW08YnI+4peP5byV5by15by35bqm77ya57imMTM0ME4vNWNt44CB5qiqMTIzME4vNWNtPGJyPuKXj+W8leijguW8t+W6pu+8mue4pjQzME7jgIHmqKozNDBOPGJyPuKXj+iAkOWAmeW5tOaVsO+8mue0hO+8l+W5tDxicj48YnI+4peP44Od44Oq44OX44Ot44OU44Os44OzPGJyPg==,44CO44Kr44O844OJ5a++5b+cT0vvvIHjgI8jIyPilqDjgJLokKnljp/lt6Xmpa0v6JCp5Y6f44CQR0JDNy0yMDUw44CRKDQ5NzEwNjApIOOCsOODqeODs+ODieODkOODquOCouOCr+ODreOCuSZtaW51czvvvJfjgIDvvJLvvI7vvJDvvZjvvJXvvJDvvY0g5Y+X5rOo5Y2Y5L2NMe+8muOCr+ODreODvOODkOODvOizh+adkOmkqA==,6YCa5L+h6LKp5aOy6YCa6LKp44K344On44OD44OU44Oz44Kw44Kq44Oz44Op44Kk44Oz44K344On44OD44OU44Oz44Kw6LK344GE54mp44OX44Os44K844Oz44OI44Ku44OV44OI6LSI44KK54mp6LSI562U5ZOB44GK5Lit5YWD44GK5q2z5pqu44GK6LK344GE5b6X44CO44Kr44O844OJ5a++5b+cT0vvvIHjgI8jIyPilqDjgJLokKnljp/lt6Xmpa0v6JCp5Y6f44CQR0JDNy0yMDUw44CRKDQ5NzEwNjApIOOCsOODqeODs+ODieODkOODquOCouOCr+ODreOCuSZtaW51czvvvJfjgIDvvJLvvI7vvJDvvZjvvJXvvJDvvY0g5Y+X5rOo5Y2Y5L2NMQ==,55Kw5aKD5a6J5YWo55So5ZOBXOOCt+ODvOODiOODu+ODreODvOODl1zjg5bjg6vjg7zjgrfjg7zjg4jjgILjgI7jgqvjg7zjg4nlr77lv5xPS++8geOAjyMjI+KWoOOAkuiQqeWOn+W3pealrS/okKnljp/jgJBHQkM3LTIwNTDjgJEoNDk3MTA2MCkg44Kw44Op44Oz44OJ44OQ44Oq44Ki44Kv44Ot44K5Jm1pbnVzO++8l+OAgO+8ku+8ju+8kO+9mO+8le+8kO+9jSDlj5fms6jljZjkvY0x[rn]
15-28043,,MTQyODguODAwMA==,,6Iqx44O744Ks44O844OH44Oz44O7RElZID4gRElZ44O75bel5YW3ID4g44Gd44Gu5LuW,44CO44Kr44O844OJ5a++5b+cT0vvvIHjgI/ilqDjgJLokKnljp/lt6Xmpa0v6JCp5Y6f44CQUFRLLTI144CRKDQ5NzE0MDApIOODl+ODqeOCueODgeODg+OCr+adreOAgO+8ku+8leWeiyDlj5fms6jljZjkvY0yMDA=,,PGZvbnQgc2l6ZT0iNCI+57SN5pyf55uu5a6J77yaPC9mb250Pjxmb250IGNvbG9yPSIjMDAwMDAwIiBzaXplPSI0Ij7jgYrlj5bjgorlr4TjgZvlk4Eo6Kmz44GX44GP44Gv44GT44Gh44KJ44KS44Kv44Oq44OD44KvKTwvZm9udD48YnI+PGJyPgo8YnI+PGJyPuKXj+OCsOODqeODs+ODieODkOODquOCouOCr+ODreOCueetieOBrumYsuiNieOCt+ODvOODiOOChOOAgeODnuODq+ODgeOAgeS4jee5lOW4g+OBruaKvOOBleOBiOadreOBqOOBl+OBpuOBlOWIqeeUqOmgguOBkeOBvuOBmeOAgjxicj7il4/mnb/jga7lpKfjgY3jgarnqbTjgavmna3jgpLpgJrjgZnjgajmna3jga7kuIrpg6jjgYzlh7rjgZrjgIHpgJrot6/jgarjganjgavmnIDpganjgafjgZnjgII8YnI+PGJyPuKXj+mYsuiNieOCt+ODvOODiOOChOOAgeODnuODq+ODgeOAgeS4jee5lOW4g+OBruaKvOOBleOBiOOBq+OAgjxicj48YnI+4peP6Imy77ya44OW44Op44OD44KvPGJyPuKXj+mVt+OBle+8iO+9g++9je+8ie+8mjI1LjA8YnI+PGJyPjxicj7il4/vvKHvvKLvvLPmqLnohII8YnI+,44CO44Kr44O844OJ5a++5b+cT0vvvIHjgI/ilqDjgJLokKnljp/lt6Xmpa0v6JCp5Y6f44CQUFRLLTI144CRKDQ5NzE0MDApIOODl+ODqeOCueODgeODg+OCr+adreOAgO+8ku+8leWeiyDlj5fms6jljZjkvY0yMDDvvJrjgq/jg63jg7zjg5Djg7zos4fmnZDppKg=,6YCa5L+h6LKp5aOy6YCa6LKp44K344On44OD44OU44Oz44Kw44Kq44Oz44Op44Kk44Oz44K344On44OD44OU44Oz44Kw6LK344GE54mp44OX44Os44K844Oz44OI44Ku44OV44OI6LSI44KK54mp6LSI562U5ZOB44GK5Lit5YWD44GK5q2z5pqu44GK6LK344GE5b6X44CO44Kr44O844OJ5a++5b+cT0vvvIHjgI/ilqDjgJLokKnljp/lt6Xmpa0v6JCp5Y6f44CQUFRLLTI144CRKDQ5NzE0MDApIOODl+ODqeOCueODgeODg+OCr+adreOAgO+8ku+8leWeiyDlj5fms6jljZjkvY0yMDA=,55Kw5aKD5a6J5YWo55So5ZOBXOOCt+ODvOODiOODu+ODreODvOODl1zjg5bjg6vjg7zjgrfjg7zjg4jjgILjgI7jgqvjg7zjg4nlr77lv5xPS++8geOAj+KWoOOAkuiQqeWOn+W3pealrS/okKnljp/jgJBQVEstMjXjgJEoNDk3MTQwMCkg44OX44Op44K544OB44OD44Kv5p2t44CA77yS77yV5Z6LIOWPl+azqOWNmOS9jTIwMA==[rn]
15-28044,,MTAyMTQuNDAwMA==,,6Iqx44O744Ks44O844OH44Oz44O7RElZID4gRElZ44O75bel5YW3ID4g44Gd44Gu5LuW,44CO44Kr44O844OJ5a++5b+cT0vvvIHjgI8jI+KIgOKWoOOAkuODpuOCv+OCq+ODoeOCpOOCry/jg6bjgr/jgqvjgJBQQlotTDA544CRKDQ5MzQxOTkpIOOCt+ODvOODiOOAgO+8g++8k++8kO+8kO+8kOODluODq+ODvOOCt+ODvOODiOWkp+eVs+OBv+OAgO+8k++8ju+8lu+9jcOX77yT77yO77yW772N44CA77yR77yQ5p6a5YWlIOWPl+azqOWNmOS9jTE=,,PGJyPjxmb250IHNpemU9IjQiPue0jeacn+ebruWuie+8mjwvZm9udD48Zm9udCBjb2xvcj0iIzAwMDAwMCIgc2l6ZT0iNCI+44GK5Y+W44KK5a+E44Gb5ZOBKOips+OBl+OBj+OBr+OBk+OBoeOCieOCkuOCr+ODquODg+OCryk8L2ZvbnQ+PGJyPjxicj4KPGZvbnQgc2l6ZT0iNCIgY29sb3I9IiI+PGI+4oC744GT44Gh44KJ44Gu5ZWG5ZOB44Gv44Oh44O844Kr44O855u06YCB5ZOB44Go44Gq44KK44G+44GZ44CC44GU5YWl6YeR56K66KqN5b6M44Gu44GK5omL6YWN44Gn44GZ44CCPC9iPjwvZm9udD4KPGJyPjxicj48Zm9udCBzaXplPSI0IiBjb2xvcj0iIj48Yj7igLvjgZPjgaHjgonjga7llYblk4Hjga/opo/lrprlpJbjga7ngrrliKXpgJTpgIHmlpnjgYzjgYvjgYvjgorjgb7jgZnjgILoqbPjgZfjgY/jga/jgYrllY/jgYTlkIjjgo/jgZvjgY/jgaDjgZXjgYTjgIIKCjwvYj48L2ZvbnQ+PGJyPgrigLvov73liqDpgIHmlpnjga/liKXpgJTlvZPlupfjgYvjgonjga7jg6Hjg7zjg6vjgafoqILmraPjgZXjgozjgb7jgZnjgII8YnI+PGJyPgo8YnI+PGJyPuKXj+e0q+Wklue3muWuieWumuWJpOOCkumFjeWQiOOBl+OAgeWxi+WkluOBp+OBruiAkOWAmeaAp+OBq+WEquOCjOOBpuOBhOOBvuOBmeOAgjxicj48YnI+4peP6Ziy5rC044CB6Ziy6aKo44CB6Ziy5aG144CB55uu6Zqg44GX44Gq44Gp44CCPGJyPjxicj7il4/luYUobSnvvJozLjQ8YnI+4peP6ZW344GVKG0p77yaMy40PGJyPuKXj+ODj+ODiOODoeaVsCjlgIsp77yaMTY8YnI+4peP44OP44OI44Oh44OU44OD44OBKGNtKe+8mjkwPGJyPjxicj7il4/oibLvvJrjg5bjg6vjg7w8YnI+4peP5Y6a44G/77yaMC4yMm1tPGJyPuKXj+W8leW8teW8t+W6pu+8mue4pjY4M04vNWNt44CB5qiq77yaNjAwTi81Y208YnI+4peP6ICQ5LmF5pyf6ZaT77ya57SEMeW5tDxicj48YnI+4peP44K344O844OI77ya44Od44Oq44Ko44OB44Os44Oz77yIUEXvvIk8YnI+4peP44OP44OI44Oh77ya44Ki44Or44Of77yI5YaF5b6E77yaMTJtbe+8iTxicj4=,44CO44Kr44O844OJ5a++5b+cT0vvvIHjgI8jIyZmb3JhbGw74pag44CS44Om44K/44Kr44Oh44Kk44KvL+ODpuOCv+OCq+OAkFBCWi1MMDnjgJEoNDkzNDE5OSkg44K344O844OI44CA77yD77yT77yQ77yQ77yQ44OW44Or44O844K344O844OI5aSn55Wz44G/44CA77yT77yO77yW772NJnRpbWVzO++8k++8ju+8lu+9jeOAgO+8ke+8kOaemuWFpSDlj5fms6jljZjkvY0x77ya44Kv44Ot44O844OQ44O86LOH5p2Q6aSo,6YCa5L+h6LKp5aOy6YCa6LKp44K344On44OD44OU44Oz44Kw44Kq44Oz44Op44Kk44Oz44K344On44OD44OU44Oz44Kw6LK344GE54mp44OX44Os44K844Oz44OI44Ku44OV44OI6LSI44KK54mp6LSI562U5ZOB44GK5Lit5YWD44GK5q2z5pqu44GK6LK344GE5b6X44CO44Kr44O844OJ5a++5b+cT0vvvIHjgI8jIyZmb3JhbGw74pag44CS44Om44K/44Kr44Oh44Kk44KvL+ODpuOCv+OCq+OAkFBCWi1MMDnjgJEoNDkzNDE5OSkg44K344O844OI44CA77yD77yT77yQ77yQ77yQ44OW44Or44O844K344O844OI5aSn55Wz44G/44CA77yT77yO77yW772NJnRpbWVzO++8k++8ju+8lu+9jeOAgO+8ke+8kOaemuWFpSDlj5fms6jljZjkvY0x,55Kw5aKD5a6J5YWo55So5ZOBXOOCt+ODvOODiOODu+ODreODvOODl1zjg5bjg6vjg7zjgrfjg7zjg4jjgILjgI7jgqvjg7zjg4nlr77lv5xPS++8geOAjyMjJmZvcmFsbDvilqDjgJLjg6bjgr/jgqvjg6HjgqTjgq8v44Om44K/44Kr44CQUEJaLUwwOeOAkSg0OTM0MTk5KSDjgrfjg7zjg4jjgIDvvIPvvJPvvJDvvJDvvJDjg5bjg6vjg7zjgrfjg7zjg4jlpKfnlbPjgb/jgIDvvJPvvI7vvJbvvY0mdGltZXM777yT77yO77yW772N44CA77yR77yQ5p6a5YWlIOWPl+azqOWNmOS9jTE=[rn]
15-28045,,MTA2NzAuNDAwMA==,,6Iqx44O744Ks44O844OH44Oz44O7RElZID4gRElZ44O75bel5YW3ID4g44Gd44Gu5LuW,44CO44Kr44O844OJ5a++5b+cT0vvvIHjgI8jI+KIgOKWoOOAkuODpuOCv+OCq+ODoeOCpOOCry/jg6bjgr/jgqvjgJBQQlotTDE144CRKDQ5MzQyMTEpIOOCt+ODvOODiOOAgO+8g++8k++8kO+8kO+8kOODluODq+ODvOOCt+ODvOODiOWkp+eVs+OBv+OAgO+8l++8ju+8ku+9jcOX77yX77yO77yS772N44CA77yT5p6a5YWlIOWPl+azqOWNmOS9jTE=,,PGJyPjxmb250IHNpemU9IjQiPue0jeacn+ebruWuie+8mjwvZm9udD48Zm9udCBjb2xvcj0iIzAwMDAwMCIgc2l6ZT0iNCI+44GK5Y+W44KK5a+E44Gb5ZOBKOips+OBl+OBj+OBr+OBk+OBoeOCieOCkuOCr+ODquODg+OCryk8L2ZvbnQ+PGJyPjxicj4KPGZvbnQgc2l6ZT0iNCIgY29sb3I9IiI+PGI+4oC744GT44Gh44KJ44Gu5ZWG5ZOB44Gv44Oh44O844Kr44O855u06YCB5ZOB44Go44Gq44KK44G+44GZ44CC44GU5YWl6YeR56K66KqN5b6M44Gu44GK5omL6YWN44Gn44GZ44CCPC9iPjwvZm9udD4KPGJyPjxicj48Zm9udCBzaXplPSI0IiBjb2xvcj0iIj48Yj7igLvjgZPjgaHjgonjga7llYblk4Hjga/opo/lrprlpJbjga7ngrrliKXpgJTpgIHmlpnjgYzjgYvjgYvjgorjgb7jgZnjgILoqbPjgZfjgY/jga/jgYrllY/jgYTlkIjjgo/jgZvjgY/jgaDjgZXjgYTjgIIKCjwvYj48L2ZvbnQ+PGJyPgrigLvov73liqDpgIHmlpnjga/liKXpgJTlvZPlupfjgYvjgonjga7jg6Hjg7zjg6vjgafoqILmraPjgZXjgozjgb7jgZnjgII8YnI+PGJyPgo8YnI+PGJyPuKXj+e0q+Wklue3muWuieWumuWJpOOCkumFjeWQiOOBl+OAgeWxi+WkluOBp+OBruiAkOWAmeaAp+OBq+WEquOCjOOBpuOBhOOBvuOBmeOAgjxicj48YnI+4peP6Ziy5rC044CB6Ziy6aKo44CB6Ziy5aG144CB55uu6Zqg44GX44Gq44Gp44CCPGJyPjxicj7il4/luYUobSnvvJo3LjA8YnI+4peP6ZW344GVKG0p77yaNy4wPGJyPuKXj+ODj+ODiOODoeaVsCjlgIsp77yaMzI8YnI+4peP44OP44OI44Oh44OU44OD44OBKGNtKe+8mjkwPGJyPjxicj7il4/oibLvvJrjg5bjg6vjg7w8YnI+4peP5Y6a44G/77yaMC4yMm1tPGJyPuKXj+W8leW8teW8t+W6pu+8mue4pjY4M04vNWNt44CB5qiq77yaNjAwTi81Y208YnI+4peP6ICQ5LmF5pyf6ZaT77ya57SEMeW5tDxicj48YnI+4peP44K344O844OI77ya44Od44Oq44Ko44OB44Os44Oz77yIUEXvvIk8YnI+4peP44OP44OI44Oh77ya44Ki44Or44Of77yI5YaF5b6E77yaMTJtbe+8iTxicj4=,44CO44Kr44O844OJ5a++5b+cT0vvvIHjgI8jIyZmb3JhbGw74pag44CS44Om44K/44Kr44Oh44Kk44KvL+ODpuOCv+OCq+OAkFBCWi1MMTXjgJEoNDkzNDIxMSkg44K344O844OI44CA77yD77yT77yQ77yQ77yQ44OW44Or44O844K344O844OI5aSn55Wz44G/44CA77yX77yO77yS772NJnRpbWVzO++8l++8ju+8ku+9jeOAgO+8k+aemuWFpSDlj5fms6jljZjkvY0x77ya44Kv44Ot44O844OQ44O86LOH5p2Q6aSo,6YCa5L+h6LKp5aOy6YCa6LKp44K344On44OD44OU44Oz44Kw44Kq44Oz44Op44Kk44Oz44K344On44OD44OU44Oz44Kw6LK344GE54mp44OX44Os44K844Oz44OI44Ku44OV44OI6LSI44KK54mp6LSI562U5ZOB44GK5Lit5YWD44GK5q2z5pqu44GK6LK344GE5b6X44CO44Kr44O844OJ5a++5b+cT0vvvIHjgI8jIyZmb3JhbGw74pag44CS44Om44K/44Kr44Oh44Kk44KvL+ODpuOCv+OCq+OAkFBCWi1MMTXjgJEoNDkzNDIxMSkg44K344O844OI44CA77yD77yT77yQ77yQ77yQ44OW44Or44O844K344O844OI5aSn55Wz44G/44CA77yX77yO77yS772NJnRpbWVzO++8l++8ju+8ku+9jeOAgO+8k+aemuWFpSDlj5fms6jljZjkvY0x,55Kw5aKD5a6J5YWo55So5ZOBXOOCt+ODvOODiOODu+ODreODvOODl1zjg5bjg6vjg7zjgrfjg7zjg4jjgILjgI7jgqvjg7zjg4nlr77lv5xPS++8geOAjyMjJmZvcmFsbDvilqDjgJLjg6bjgr/jgqvjg6HjgqTjgq8v44Om44K/44Kr44CQUEJaLUwxNeOAkSg0OTM0MjExKSDjgrfjg7zjg4jjgIDvvIPvvJPvvJDvvJDvvJDjg5bjg6vjg7zjgrfjg7zjg4jlpKfnlbPjgb/jgIDvvJfvvI7vvJLvvY0mdGltZXM777yX77yO77yS772N44CA77yT5p6a5YWlIOWPl+azqOWNmOS9jTE=[rn]
15-28046,,MTMyNzguNDAwMA==,,6Iqx44O744Ks44O844OH44Oz44O7RElZID4gRElZ44O75bel5YW3ID4g44Gd44Gu5LuW,44CO44Kr44O844OJ5a++5b+cT0vvvIHjgI8jI+KIgOKWoOOAkuODpuOCv+OCq+ODoeOCpOOCry/jg6bjgr/jgqvjgJBQQlotTDE244CRKDQ3MDY5NzgpIOOCt+ODvOODiOOAgO+8g++8k++8kO+8kO+8kOODluODq+ODvOOCt+ODvOODiOWkp+eVs+OBv+OAgO+8l++8ju+8ku+9jcOX77yZ77yO77yQ772N44CA77yT5p6a5YWlIOWPl+azqOWNmOS9jTE=,,PGJyPjxmb250IHNpemU9IjQiPue0jeacn+ebruWuie+8mjwvZm9udD48Zm9udCBjb2xvcj0iIzAwMDAwMCIgc2l6ZT0iNCI+44GK5Y+W44KK5a+E44Gb5ZOBKOips+OBl+OBj+OBr+OBk+OBoeOCieOCkuOCr+ODquODg+OCryk8L2ZvbnQ+PGJyPjxicj4KPGZvbnQgc2l6ZT0iNCIgY29sb3I9IiI+PGI+4oC744GT44Gh44KJ44Gu5ZWG5ZOB44Gv44Oh44O844Kr44O855u06YCB5ZOB44Go44Gq44KK44G+44GZ44CC44GU5YWl6YeR56K66KqN5b6M44Gu44GK5omL6YWN44Gn44GZ44CCPC9iPjwvZm9udD4KPGJyPjxicj48Zm9udCBzaXplPSI0IiBjb2xvcj0iIj48Yj7igLvjgZPjgaHjgonjga7llYblk4Hjga/opo/lrprlpJbjga7ngrrliKXpgJTpgIHmlpnjgYzjgYvjgYvjgorjgb7jgZnjgILoqbPjgZfjgY/jga/jgYrllY/jgYTlkIjjgo/jgZvjgY/jgaDjgZXjgYTjgIIKCjwvYj48L2ZvbnQ+PGJyPgrigLvov73liqDpgIHmlpnjga/liKXpgJTlvZPlupfjgYvjgonjga7jg6Hjg7zjg6vjgafoqILmraPjgZXjgozjgb7jgZnjgII8YnI+PGJyPgo8YnI+PGJyPuKXj+e0q+Wklue3muWuieWumuWJpOOCkumFjeWQiOOBl+OAgeWxi+WkluOBp+OBruiAkOWAmeaAp+OBq+WEquOCjOOBpuOBhOOBvuOBmeOAgjxicj48YnI+4peP6Ziy5rC044CB6Ziy6aKo44CB6Ziy5aG144CB55uu6Zqg44GX44Gq44Gp44CCPGJyPjxicj7il4/luYUobSnvvJo3LjA8YnI+4peP6ZW344GVKG0p77yaOC45PGJyPuKXj+ODj+ODiOODoeaVsCjlgIsp77yaMzY8YnI+4peP44OP44OI44Oh44OU44OD44OBKGNtKe+8mjkwPGJyPjxicj7il4/oibLvvJrjg5bjg6vjg7w8YnI+4peP5Y6a44G/77yaMC4yMm1tPGJyPuKXj+W8leW8teW8t+W6pu+8mue4pjY4M04vNWNt44CB5qiq77yaNjAwTi81Y208YnI+4peP6ICQ5LmF5pyf6ZaT77ya57SEMeW5tDxicj48YnI+4peP44K344O844OI77ya44Od44Oq44Ko44OB44Os44Oz77yIUEXvvIk8YnI+4peP44OP44OI44Oh77ya44Ki44Or44Of77yI5YaF5b6E77yaMTJtbe+8iTxicj4=,44CO44Kr44O844OJ5a++5b+cT0vvvIHjgI8jIyZmb3JhbGw74pag44CS44Om44K/44Kr44Oh44Kk44KvL+ODpuOCv+OCq+OAkFBCWi1MMTbjgJEoNDcwNjk3OCkg44K344O844OI44CA77yD77yT77yQ77yQ77yQ44OW44Or44O844K344O844OI5aSn55Wz44G/44CA77yX77yO77yS772NJnRpbWVzO++8me+8ju+8kO+9jeOAgO+8k+aemuWFpSDlj5fms6jljZjkvY0x77ya44Kv44Ot44O844OQ44O86LOH5p2Q6aSo,6YCa5L+h6LKp5aOy6YCa6LKp44K344On44OD44OU44Oz44Kw44Kq44Oz44Op44Kk44Oz44K344On44OD44OU44Oz44Kw6LK344GE54mp44OX44Os44K844Oz44OI44Ku44OV44OI6LSI44KK54mp6LSI562U5ZOB44GK5Lit5YWD44GK5q2z5pqu44GK6LK344GE5b6X44CO44Kr44O844OJ5a++5b+cT0vvvIHjgI8jIyZmb3JhbGw74pag44CS44Om44K/44Kr44Oh44Kk44KvL+ODpuOCv+OCq+OAkFBCWi1MMTbjgJEoNDcwNjk3OCkg44K344O844OI44CA77yD77yT77yQ77yQ77yQ44OW44Or44O844K344O844OI5aSn55Wz44G/44CA77yX77yO77yS772NJnRpbWVzO++8me+8ju+8kO+9jeOAgO+8k+aemuWFpSDlj5fms6jljZjkvY0x,55Kw5aKD5a6J5YWo55So5ZOBXOOCt+ODvOODiOODu+ODreODvOODl1zjg5bjg6vjg7zjgrfjg7zjg4jjgILjgI7jgqvjg7zjg4nlr77lv5xPS++8geOAjyMjJmZvcmFsbDvilqDjgJLjg6bjgr/jgqvjg6HjgqTjgq8v44Om44K/44Kr44CQUEJaLUwxNuOAkSg0NzA2OTc4KSDjgrfjg7zjg4jjgIDvvIPvvJPvvJDvvJDvvJDjg5bjg6vjg7zjgrfjg7zjg4jlpKfnlbPjgb/jgIDvvJfvvI7vvJLvvY0mdGltZXM777yZ77yO77yQ772N44CA77yT5p6a5YWlIOWPl+azqOWNmOS9jTE=[rn]
15-28047,,NjY5Mi4wMDAw,,6Iqx44O744Ks44O844OH44Oz44O7RElZID4gRElZ44O75bel5YW3ID4g44Gd44Gu5LuW,44CO44Kr44O844OJ5a++5b+cT0vvvIHjgI/ilqDjgJLjg6bjgr/jgqvjg6HjgqTjgq8v44Om44K/44Kr44CQTVMzMC0xNOOAkSg0NDQ5NzM4KSDjgrfjg7zjg4jjgIDvvIPvvJPvvJDvvJDvvJDov7flvanjgrfjg7zjg4jjgIDvvJXvvI7vvJTDl++8l++8ju+8kiDlj5fms6jljZjkvY0x,,PGZvbnQgc2l6ZT0iNCI+57SN5pyf55uu5a6J77yaPC9mb250Pjxmb250IGNvbG9yPSIjMDAwMDAwIiBzaXplPSI0Ij7jgYrlj5bjgorlr4TjgZvlk4Eo6Kmz44GX44GP44Gv44GT44Gh44KJ44KS44Kv44Oq44OD44KvKTwvZm9udD48YnI+PGJyPgo8YnI+PGJyPuKXj+WxsemWk+mDqOOChOOCq+ODouODleODqeODvOOCuOODpeeUqOOBqOOBl+OBpuacgOmBqeOBquOCt+ODvOODiOOBp+OBmeOAgjxicj48YnI+4peP5bGx6ZaT6YOo44Gq44Gp44Gu5pmv6Kaz576O6Kaz55So5L+d6K236aSK55Sf44Kr44OQ44O844CCPGJyPjxicj7il4/luYUobSnvvJo1LjI8YnI+4peP6ZW344GVKG0p77yaNy4wPGJyPuKXj+ODj+ODiOODoeaVsCjlgIsp77yaMjg8YnI+4peP6LOq6YePKGtnKe+8mjYuMDxicj48YnI+4peP6Imy77ya6L+35b2p6ImyPGJyPuKXj+WOmuOBv++8mjAuMjLvvY3vvY08YnI+4peP5byV5by15by35bqm77ya57imNjgzTi81Y23jgIHmqKo2MDBOLzVjbTxicj7il4/ogJDkuYXmnJ/plpPvvJrntITvvJHlubQ8YnI+4peP44OP44OI44Oh44OU44OD44OB77yaOTBjbTxicj7il4/lvJXoo4LlvLfluqbvvJrnuKYxNDBO44CB5qiqOTBOPGJyPjxicj7il4/jg53jg6rjgqjjg4Hjg6zjg7PvvIhQRe+8iTxicj7il4/jg4/jg4jjg6HvvJrjgrnjg4Hjg7zjg6vvvIjlhoXlvoTvvJoxMm1t77yJPGJyPg==,44CO44Kr44O844OJ5a++5b+cT0vvvIHjgI/ilqDjgJLjg6bjgr/jgqvjg6HjgqTjgq8v44Om44K/44Kr44CQTVMzMC0xNOOAkSg0NDQ5NzM4KSDjgrfjg7zjg4jjgIDvvIPvvJPvvJDvvJDvvJDov7flvanjgrfjg7zjg4jjgIDvvJXvvI7vvJQmdGltZXM777yX77yO77ySIOWPl+azqOWNmOS9jTHvvJrjgq/jg63jg7zjg5Djg7zos4fmnZDppKg=,6YCa5L+h6LKp5aOy6YCa6LKp44K344On44OD44OU44Oz44Kw44Kq44Oz44Op44Kk44Oz44K344On44OD44OU44Oz44Kw6LK344GE54mp44OX44Os44K844Oz44OI44Ku44OV44OI6LSI44KK54mp6LSI562U5ZOB44GK5Lit5YWD44GK5q2z5pqu44GK6LK344GE5b6X44CO44Kr44O844OJ5a++5b+cT0vvvIHjgI/ilqDjgJLjg6bjgr/jgqvjg6HjgqTjgq8v44Om44K/44Kr44CQTVMzMC0xNOOAkSg0NDQ5NzM4KSDjgrfjg7zjg4jjgIDvvIPvvJPvvJDvvJDvvJDov7flvanjgrfjg7zjg4jjgIDvvJXvvI7vvJQmdGltZXM777yX77yO77ySIOWPl+azqOWNmOS9jTE=,55Kw5aKD5a6J5YWo55So5ZOBXOOCt+ODvOODiOODu+ODreODvOODl1zjg5bjg6vjg7zjgrfjg7zjg4jjgILjgI7jgqvjg7zjg4nlr77lv5xPS++8geOAj+KWoOOAkuODpuOCv+OCq+ODoeOCpOOCry/jg6bjgr/jgqvjgJBNUzMwLTE044CRKDQ0NDk3MzgpIOOCt+ODvOODiOOAgO+8g++8k++8kO+8kO+8kOi/t+W9qeOCt+ODvOODiOOAgO+8le+8ju+8lCZ0aW1lczvvvJfvvI7vvJIg5Y+X5rOo5Y2Y5L2NMQ==[rn]
15-28048,,MTk2LjgwMDA=,,6Iqx44O744Ks44O844OH44Oz44O7RElZID4gRElZ44O75bel5YW3ID4g44Gd44Gu5LuW,44CO44Kr44O844OJ5a++5b+cT0vvvIHjgI/ilqDjgJLjg6bjgr/jgqvjg6HjgqTjgq8v44Om44K/44Kr44CQU0gtQjHjgJEoNzU2MTY5NSkg44K344O844OI6KOc5L+u55So5by35Yqb57KY552A44OG44O844OX44CA44OW44Op44OD44Kv44CA77yR77yQ772D772N772Y77yS77yQ772D772NIOWPl+azqOWNmOS9jTE=,,PGZvbnQgc2l6ZT0iNCI+57SN5pyf55uu5a6J77yaPC9mb250Pjxmb250IGNvbG9yPSIjMDAwMDAwIiBzaXplPSI0Ij7jgYrlj5bjgorlr4TjgZvlk4Eo6Kmz44GX44GP44Gv44GT44Gh44KJ44KS44Kv44Oq44OD44KvKTwvZm9udD48YnI+PGJyPgo8YnI+PGJyPuKXj+ODneODquOCqOOCueODhuODq+W4huW4g+OAgeWhqeODk+e0oOadkOOBruOCv+ODvOODneODquODs+OAge+8sO+8peOAge+8sO+8sOijveOBruOCt+ODvOODiOWFqOiIrOOBq+mBqeW/nOOBl+OBvuOBmeOAgjxicj7il4/ntKvlpJbnt5rliqPljJbpmLLmraLliaTphY3lkIjjgafplbfmnJ/kvb/nlKjlj6/jgafjgZnjgII8YnI+PGJyPuKXj+egtOaQjeOBl+OBn+OCt+ODvOODiOOAgeODhuODs+ODiOmhnuOBruijnOS/ruOAgeijnOW8t+OBq+OAgjxicj7il4/pmLLojYnjgrfjg7zjg4jjga7oo5zkv67jgIHmna3jga7nm67lvLXjgorjgavjgII8YnI+PGJyPuKXj+iJsu+8muODluODqeODg+OCrzxicj7il4/luYUobW0p77yaMTAwPGJyPuKXj+mVt+OBlShtKe+8mjAuMjxicj7il4/jgr/jgqTjg5fvvJrjgrfjg7zjg4jjgr/jgqTjg5c8YnI+PGJyPuKXj+mbouWei+e0meS7mOOBjeOCv+OCpOODlzxicj48YnI+4peP44K344O844OI77ya44Od44Oq44Ko44OB44Os44OzPGJyPuKXj+eymOedgOWJpO+8muOCouOCr+ODquODq+ezuzxicj4=,44CO44Kr44O844OJ5a++5b+cT0vvvIHjgI/ilqDjgJLjg6bjgr/jgqvjg6HjgqTjgq8v44Om44K/44Kr44CQU0gtQjHjgJEoNzU2MTY5NSkg44K344O844OI6KOc5L+u55So5by35Yqb57KY552A44OG44O844OX44CA44OW44Op44OD44Kv44CA77yR77yQ772D772N772Y77yS77yQ772D772NIOWPl+azqOWNmOS9jTHvvJrjgq/jg63jg7zjg5Djg7zos4fmnZDppKg=,6YCa5L+h6LKp5aOy6YCa6LKp44K344On44OD44OU44Oz44Kw44Kq44Oz44Op44Kk44Oz44K344On44OD44OU44Oz44Kw6LK344GE54mp44OX44Os44K844Oz44OI44Ku44OV44OI6LSI44KK54mp6LSI562U5ZOB44GK5Lit5YWD44GK5q2z5pqu44GK6LK344GE5b6X44CO44Kr44O844OJ5a++5b+cT0vvvIHjgI/ilqDjgJLjg6bjgr/jgqvjg6HjgqTjgq8v44Om44K/44Kr44CQU0gtQjHjgJEoNzU2MTY5NSkg44K344O844OI6KOc5L+u55So5by35Yqb57KY552A44OG44O844OX44CA44OW44Op44OD44Kv44CA77yR77yQ772D772N772Y77yS77yQ772D772NIOWPl+azqOWNmOS9jTE=,55Kw5aKD5a6J5YWo55So5ZOBXOOCt+ODvOODiOODu+ODreODvOODl1zjg4jjg6njg4Pjgq/jgrfjg7zjg4jjgILjgI7jgqvjg7zjg4nlr77lv5xPS++8geOAj+KWoOOAkuODpuOCv+OCq+ODoeOCpOOCry/jg6bjgr/jgqvjgJBTSC1CMeOAkSg3NTYxNjk1KSDjgrfjg7zjg4joo5zkv67nlKjlvLflipvnspjnnYDjg4bjg7zjg5fjgIDjg5bjg6njg4Pjgq/jgIDvvJHvvJDvvYPvvY3vvZjvvJLvvJDvvYPvvY0g5Y+X5rOo5Y2Y5L2NMQ==[rn]
15-28049,,NDc1NjAuMDAwMA==,,6Iqx44O744Ks44O844OH44Oz44O7RElZID4gRElZ44O75bel5YW3ID4g44Gd44Gu5LuW,44CO44Kr44O844OJ5a++5b+cT0vvvIHjgI/ilqDjgJLjg6bjgr/jgqvjg6HjgqTjgq8v44Om44K/44Kr44CQVjEyMjAw44CRKDc1NDE3MTYpIOODk+ODi+ODreODs+ODreODvOODl+W3u+eJqeOAgO+8ke+8ks+Gw5fvvJLvvJDvvJDvvY0g5Y+X5rOo5Y2Y5L2NMQ==,,PGZvbnQgc2l6ZT0iNCI+57SN5pyf55uu5a6J77yaPC9mb250Pjxmb250IGNvbG9yPSIjMDAwMDAwIiBzaXplPSI0Ij7jgYrlj5bjgorlr4TjgZvlk4Eo6Kmz44GX44GP44Gv44GT44Gh44KJ44KS44Kv44Oq44OD44KvKTwvZm9udD48YnI+PGJyPgo8YnI+PGJyPuKXj+aJi+inpuOCiuOBjOiJr+OBj+aJseOBhOaYk+OBhOOAgeiAkOWAmeaAp+OAgeiAkOS5heaAp+OBq+WEquOCjOOBn+W8t+W6puOBruW8t+OBhOODreODvOODl+OBp+OBmeOAgjxicj48YnI+4peP5ZCE56iu5L2c5qWt44CB6Kaq57ax44CB6YG/6Zuj55So44Gq44Gp44CCPGJyPjxicj7il4/oibLvvJrnmb08YnI+4peP57ea5b6EKG1tKe+8mjEyPGJyPuKXj+mVt+OBlShtKe+8mjIwMDxicj7il4/ljIXoo4XlvaLmhYvvvJrlt7vniak8YnI+4peP6LOq6YePKGtnKe+8mjE2PGJyPjxicj48YnI+4peP44OT44OL44Ot44OzPGJyPg==,44CO44Kr44O844OJ5a++5b+cT0vvvIHjgI/ilqDjgJLjg6bjgr/jgqvjg6HjgqTjgq8v44Om44K/44Kr44CQVjEyMjAw44CRKDc1NDE3MTYpIOODk+ODi+ODreODs+ODreODvOODl+W3u+eJqeOAgO+8ke+8ks+GJnRpbWVzO++8ku+8kO+8kO+9jSDlj5fms6jljZjkvY0x77ya44Kv44Ot44O844OQ44O86LOH5p2Q6aSo,6YCa5L+h6LKp5aOy6YCa6LKp44K344On44OD44OU44Oz44Kw44Kq44Oz44Op44Kk44Oz44K344On44OD44OU44Oz44Kw6LK344GE54mp44OX44Os44K844Oz44OI44Ku44OV44OI6LSI44KK54mp6LSI562U5ZOB44GK5Lit5YWD44GK5q2z5pqu44GK6LK344GE5b6X44CO44Kr44O844OJ5a++5b+cT0vvvIHjgI/ilqDjgJLjg6bjgr/jgqvjg6HjgqTjgq8v44Om44K/44Kr44CQVjEyMjAw44CRKDc1NDE3MTYpIOODk+ODi+ODreODs+ODreODvOODl+W3u+eJqeOAgO+8ke+8ks+GJnRpbWVzO++8ku+8kO+8kO+9jSDlj5fms6jljZjkvY0x,55Kw5aKD5a6J5YWo55So5ZOBXOOCt+ODvOODiOODu+ODreODvOODl1zjg63jg7zjg5fjgILjgI7jgqvjg7zjg4nlr77lv5xPS++8geOAj+KWoOOAkuODpuOCv+OCq+ODoeOCpOOCry/jg6bjgr/jgqvjgJBWMTIyMDDjgJEoNzU0MTcxNikg44OT44OL44Ot44Oz44Ot44O844OX5be754mp44CA77yR77ySz4YmdGltZXM777yS77yQ77yQ772NIOWPl+azqOWNmOS9jTE=[rn]
15-28050,,NDIzMDMuMjAwMA==,,6Iqx44O744Ks44O844OH44Oz44O7RElZID4gRElZ44O75bel5YW3ID4g44Gd44Gu5LuW,44CQ44Kr44O844OJ5a++5b+cT0vvvIHjgJHilqDjgJLokKnljp/lt6Xmpa0v6JCp5Y6f44CQRUgtVEFMR+OAkSg0OTc2MDM3KSDjgqjjgrnjg4bjg6vluIbluIPjgq/jg63jgrnjgIDjg4Tjg6TjgqLjg6rjg6njgqTjg4jjgrDjg6rjg7zjg7Mg5Y+X5rOo5Y2Y5L2NMQ==,,PGZvbnQgc2l6ZT0iNCI+57SN5pyf55uu5a6J77yaPC9mb250Pjxmb250IGNvbG9yPSIjMDAwMDAwIiBzaXplPSI0Ij7jgYrlj5bjgorlr4TjgZvlk4Eo6Kmz44GX44GP44Gv44GT44Gh44KJ44KS44Kv44Oq44OD44KvKTwvZm9udD48YnI+PGJyPgo8YnI+PGJyPuKXj+ODneODquOCqOOCueODhuODq+WfuuW4g+OBq+WhqeODk+OCs+ODvOODhuOCo+ODs+OCsOOCkuOBl+OBn+OAgeW8t+OBj+OBpumHjeWOmuaEn+OBruOBguOCi+OCt+ODvOODiOOBp+OBmeOAgjxicj48YnI+4peP44OI44Op44OD44Kv44K344O844OI44CB44OG44Oz44OI44Kr44OQ44O844CB57Ch5piT44OG44Oz44OI5YCJ5bqr44CB6ZW35pyf6YeO56mN44Kr44OQ44O844Gu5Yqg5bel55So44CCPGJyPjxicj7il4/luYUobSnvvJoxLjg1PGJyPuKXj+mVt+OBlShtKe+8mjUwPGJyPuKXj+iJsu+8muODhOODpOacieOCiuODqeOCpOODiOOCsOODquODvOODszxicj7il4/os6rph48oa2cp77yaNTIuMzxicj48YnI+4peP5Y6a44G/77yaMC42bW08YnI+4peP5byV5by15by35bqm77ya57imMjEwME4vNWNt44CB5qiqMTUwME4vNWNtPGJyPuKXj+W8leijguW8t+W6pu+8mue4pjEwNU7jgIHmqKoxMDBOPGJyPuKXj+iAkOS5heacn+mWk++8mue0hO+8lO+9nu+8leW5tDxicj48YnI+4peP44Od44Oq44Ko44K544OG44Or5Z+65biDK+WhqeODk+OCs+ODvOODhuOCo+ODs+OCsDxicj4=,44CQ44Kr44O844OJ5a++5b+cT0vvvIHjgJHilqDjgJLokKnljp/lt6Xmpa0v6JCp5Y6f44CQRUgtVEFMR+OAkSg0OTc2MDM3KSDjgqjjgrnjg4bjg6vluIbluIPjgq/jg63jgrnjgIDjg4Tjg6TjgqLjg6rjg6njgqTjg4jjgrDjg6rjg7zjg7Mg5Y+X5rOo5Y2Y5L2NMe+8muOCr+ODreODvOODkOODvOizh+adkOmkqA==,6YCa5L+h6LKp5aOy6YCa6LKp44K344On44OD44OU44Oz44Kw44Kq44Oz44Op44Kk44Oz44K344On44OD44OU44Oz44Kw6LK344GE54mp44OX44Os44K844Oz44OI44Ku44OV44OI6LSI44KK54mp6LSI562U5ZOB44GK5Lit5YWD44GK5q2z5pqu44GK6LK344GE5b6X44CQ44Kr44O844OJ5a++5b+cT0vvvIHjgJHilqDjgJLokKnljp/lt6Xmpa0v6JCp5Y6f44CQRUgtVEFMR+OAkSg0OTc2MDM3KSDjgqjjgrnjg4bjg6vluIbluIPjgq/jg63jgrnjgIDjg4Tjg6TjgqLjg6rjg6njgqTjg4jjgrDjg6rjg7zjg7Mg5Y+X5rOo5Y2Y5L2NMQ==,55Kw5aKD5a6J5YWo55So5ZOBXOOCt+ODvOODiOODu+ODreODvOODl1zjg4jjg6njg4Pjgq/jgrfjg7zjg4jjgILjgJDjgqvjg7zjg4nlr77lv5xPS++8geOAkeKWoOOAkuiQqeWOn+W3pealrS/okKnljp/jgJBFSC1UQUxH44CRKDQ5NzYwMzcpIOOCqOOCueODhuODq+W4huW4g+OCr+ODreOCueOAgOODhOODpOOCouODquODqeOCpOODiOOCsOODquODvOODsyDlj5fms6jljZjkvY0x[rn]
15-28051,,MjY1MDguODAwMA==,,6Iqx44O744Ks44O844OH44Oz44O7RElZID4gRElZ44O75bel5YW3ID4g44Gd44Gu5LuW,44CO44Kr44O844OJ5a++5b+cT0vvvIHjgI/ilqDjgJLjg4jjg6njgrnjgrPkuK3lsbEv77y077yy77y177yz77yj77yv44CQVFJTUEMtMTg1NOOAkSg3NTk2NjQyKSDjgqLjg6vjg5/okrjnnYDloanjg5Ppga7nhrHjgrfjg7zjg4jjgIDvvJHvvI7vvJjDl++8le+8ju+8lO+8rSDlj5fms6jljZjkvY0x,,PGZvbnQgc2l6ZT0iNCI+57SN5pyf55uu5a6J77yaPC9mb250Pjxmb250IGNvbG9yPSIjMDAwMDAwIiBzaXplPSI0Ij7jgYrlj5bjgorlr4TjgZvlk4Eo6Kmz44GX44GP44Gv44GT44Gh44KJ44KS44Kv44Oq44OD44KvKTwvZm9udD48YnI+PGJyPgo8YnI+PGJyPuKXj+mBrueGseaAp+OAgeW8t+W6puOAgeaflOi7n+aAp+OAgeiAkOWAmeaAp+OBq+WEquOCjOOBn+OAjOOCouODq+ODn+iSuOedgOWhqeODk+ikh+WQiOOCt+ODvOODiOOAjee0oOadkOOBrumBrueGseS/neWGt+OCt+ODvOODiOOBp+OBmeOAgjxicj7il4/otaTlpJbnt5rlj43lsITjgavjgojjgormlq3nhrHlirnmnpzjgYzjgYLjgorjgb7jgZnjgII8YnI+PGJyPuKXj+W3peWgtOOAgeWAieW6q+OBp+OBrumBrueGseOCq+ODkOODvOOAgjxicj7il4/jg4jjg6njg4Pjgq/nlKjpga7nhrHkv53lhrfjgrfjg7zjg4jjgavjgII8YnI+PGJyPuKXj+W5hShtKe+8mjEuODxicj7il4/plbfjgZUobSnvvJo1LjQ8YnI+4peP5Y6a44G/KG1tKe+8mjAuNDxicj7il4/oibLvvJrjgrfjg6vjg5Djg7w8YnI+4peP44K/44Kk44OX77ya5biG5biDPGJyPuKXj+ODj+ODiOODoeaVsO+8iOWAi++8ie+8mjI0PGJyPuKXj+ODj+ODiOODoeODlOODg+ODgShjbSnvvJo1OS41WDU4LjA8YnI+4peP6LOq6YePKO+9i2cp77yaNC4zPGJyPjxicj7il4/ljprjgb/vvJowLjM4bW08YnI+4peP5biG5biD44K/44Kk44OXPGJyPuKXj+mBruWFieaAp++8mjk5Ljk577yF77yISklTIEwgMTA1NUEg5rOV77yJPGJyPuKXj+iAkOWvkuaAp++8mi0xNeKEgzxicj7il4/nhrHmirXmipflgKTvvJpSPTAuMDE1MDhbW+W5s+exs11d44O7Sy9XPGJyPuKXj+eGseS8neWwjueOh++8ms67PTAuMDI2NTI0IFcvbS9rPGJyPjxicj7il4/ln7rmnZDvvJrjg53jg6rjgqjjgrnjg4bjg6vln7rluIM8YnI+,44CO44Kr44O844OJ5a++5b+cT0vvvIHjgI/ilqDjgJLjg4jjg6njgrnjgrPkuK3lsbEv77y077yy77y177yz77yj77yv44CQVFJTUEMtMTg1NOOAkSg3NTk2NjQyKSDjgqLjg6vjg5/okrjnnYDloanjg5Ppga7nhrHjgrfjg7zjg4jjgIDvvJHvvI7vvJgmdGltZXM777yV77yO77yU77ytIOWPl+azqOWNmOS9jTHvvJrjgq/jg63jg7zjg5Djg7zos4fmnZDppKg=,6YCa5L+h6LKp5aOy6YCa6LKp44K344On44OD44OU44Oz44Kw44Kq44Oz44Op44Kk44Oz44K344On44OD44OU44Oz44Kw6LK344GE54mp44OX44Os44K844Oz44OI44Ku44OV44OI6LSI44KK54mp6LSI562U5ZOB44GK5Lit5YWD44GK5q2z5pqu44GK6LK344GE5b6X44CO44Kr44O844OJ5a++5b+cT0vvvIHjgI/ilqDjgJLjg4jjg6njgrnjgrPkuK3lsbEv77y077yy77y177yz77yj77yv44CQVFJTUEMtMTg1NOOAkSg3NTk2NjQyKSDjgqLjg6vjg5/okrjnnYDloanjg5Ppga7nhrHjgrfjg7zjg4jjgIDvvJHvvI7vvJgmdGltZXM777yV77yO77yU77ytIOWPl+azqOWNmOS9jTE=,55Kw5aKD5a6J5YWo55So5ZOBXOOCt+ODvOODiOODu+ODreODvOODl1zjg4jjg6njg4Pjgq/jgrfjg7zjg4jjgILjgI7jgqvjg7zjg4nlr77lv5xPS++8geOAj+KWoOOAkuODiOODqeOCueOCs+S4reWxsS/vvLTvvLLvvLXvvLPvvKPvvK/jgJBUUlNQQy0xODU044CRKDc1OTY2NDIpIOOCouODq+ODn+iSuOedgOWhqeODk+mBrueGseOCt+ODvOODiOOAgO+8ke+8ju+8mCZ0aW1lczvvvJXvvI7vvJTvvK0g5Y+X5rOo5Y2Y5L2NMQ==[rn]
15-28052,,MTg3Ni44MDAw,,6Iqx44O744Ks44O844OH44Oz44O7RElZID4gRElZ44O75bel5YW3ID4g44Gd44Gu5LuW,44CO44Kr44O844OJ5a++5b+cT0vvvIHjgI/ilqDjgJLjg6bjgr/jgqvjg6HjgqTjgq8v44Om44K/44Kr44CQSzMtMjAw44CRKDc1NDA2NTUpIOODreODvOODl+OAgO+8q++8sOODreODvOODl+W3u+eJqeOAgO+8k8+Gw5fvvJLvvJDvvJDvvY0g5Y+X5rOo5Y2Y5L2NMQ==,,PGZvbnQgc2l6ZT0iNCI+57SN5pyf55uu5a6J77yaPC9mb250Pjxmb250IGNvbG9yPSIjMDAwMDAwIiBzaXplPSI0Ij7jgYrlj5bjgorlr4TjgZvlk4Eo6Kmz44GX44GP44Gv44GT44Gh44KJ44KS44Kv44Oq44OD44KvKTwvZm9udD48YnI+PGJyPgo8YnI+PGJyPuKXj+W8t+WKm+OBquODneODquOCqOODgeODrOODs+OBrueJueaAp+OCkueUn+OBi+OBl+S9nOalreaAp+OCkuOCouODg+ODl+OBleOBm+OCi+eCuuOBq+OCqOOCueODhuODq+ezuOOCkua3t+OBnOOAgei7vemHj+ODu+W8t+WKm+ODu+S9nOalreaAp+OBjOiJr+OBhOODreODvOODl+OBp+OBmeOAgjxicj48YnI+4peP5LiA6Iis5L2c5qWt44Gq44Gp44Gu5ZCE56iu57WQ5p2f44Gq44Gp44CCPGJyPjxicj7il4/oibLvvJrpu4Q8YnI+4peP57ea5b6EKG1tKe+8mjM8YnI+4peP6ZW344GVKG0p77yaMjAwPGJyPuKXj+WMheijheW9ouaFi++8muODkOODs+ODieaOm+W3uzxicj7il4/os6rph48oa2cp77yaMS4xMjxicj48YnI+PGJyPuKXj+ODneODquOCqOODgeODrOODs+OAgeODneODquOCqOOCueODhuODq+a3t+aSmjxicj4=,44CO44Kr44O844OJ5a++5b+cT0vvvIHjgI/ilqDjgJLjg6bjgr/jgqvjg6HjgqTjgq8v44Om44K/44Kr44CQSzMtMjAw44CRKDc1NDA2NTUpIOODreODvOODl+OAgO+8q++8sOODreODvOODl+W3u+eJqeOAgO+8k8+GJnRpbWVzO++8ku+8kO+8kO+9jSDlj5fms6jljZjkvY0x77ya44Kv44Ot44O844OQ44O86LOH5p2Q6aSo,6YCa5L+h6LKp5aOy6YCa6LKp44K344On44OD44OU44Oz44Kw44Kq44Oz44Op44Kk44Oz44K344On44OD44OU44Oz44Kw6LK344GE54mp44OX44Os44K844Oz44OI44Ku44OV44OI6LSI44KK54mp6LSI562U5ZOB44GK5Lit5YWD44GK5q2z5pqu44GK6LK344GE5b6X44CO44Kr44O844OJ5a++5b+cT0vvvIHjgI/ilqDjgJLjg6bjgr/jgqvjg6HjgqTjgq8v44Om44K/44Kr44CQSzMtMjAw44CRKDc1NDA2NTUpIOODreODvOODl+OAgO+8q++8sOODreODvOODl+W3u+eJqeOAgO+8k8+GJnRpbWVzO++8ku+8kO+8kO+9jSDlj5fms6jljZjkvY0x,55Kw5aKD5a6J5YWo55So5ZOBXOOCt+ODvOODiOODu+ODreODvOODl1zjg63jg7zjg5fjgILjgI7jgqvjg7zjg4nlr77lv5xPS++8geOAj+KWoOOAkuODpuOCv+OCq+ODoeOCpOOCry/jg6bjgr/jgqvjgJBLMy0yMDDjgJEoNzU0MDY1NSkg44Ot44O844OX44CA77yr77yw44Ot44O844OX5be754mp44CA77yTz4YmdGltZXM777yS77yQ77yQ772NIOWPl+azqOWNmOS9jTE=[rn]
15-28053,,NTMyLjgwMDA=,,6Iqx44O744Ks44O844OH44Oz44O7RElZID4gRElZ44O75bel5YW3ID4g44Gd44Gu5LuW,44CO44Kr44O844OJ5a++5b+cT0vvvIHjgI/ilqDjgJLlj7jljJbmiJDlt6Xmpa0v44OE44Kr44K144CQUFktMTUtMTAw44CRKDc3MzEyNDgpIOODmuODg+ODlOODvOODreODvOODlyDlj5fms6jljZjkvY0x,,PGZvbnQgc2l6ZT0iNCI+57SN5pyf55uu5a6J77yaPC9mb250Pjxmb250IGNvbG9yPSIjMDAwMDAwIiBzaXplPSI0Ij7jgYrlj5bjgorlr4TjgZvlk4Eo6Kmz44GX44GP44Gv44GT44Gh44KJ44KS44Kv44Oq44OD44KvKTwvZm9udD48YnI+PGJyPgo8YnI+PGJyPuKXj++8sO+8pe+8tOe5iue2reOCkua3t+aSmuOCiuOBmeOCi+OBk+OBqOOBq+OCiOOCiuOAge+8sO+8sOODreODvOODl+OBq+avlOOBuemrmOW8t+W6puOBp+S8uOOBs+OBq+OBj+OBj+OAgeiNt+W0qeOCjOmYsuatouOBq+mBqeOBl+OBpuOBhOOBvuOBmeOAgjxicj7il4/jg63jg7zjg5fooajpnaLjga/nhrHono3nnYDjgZXjgozjgabjgYTjgb7jgZnjga7jgafjgIHpgJTkuK3jgafliIfjgaPjgabjgoLjg5Djg6njgZHjgb7jgZvjgpPjgII8YnI+4peP5b6T5p2l44Gu77yw77yw44Ot44O844OX44Gr5q+U44G544CB57ib44Gj44Gf5b6M44Gu5Ly444Gz44GM57SE5Y2K5YiG44Gn44GZ44CCPGJyPjxicj7il4/ojbfpgKDjgorjgII8YnI+4peP5ZyS6Iq4PGJyPjxicj7il4/oibLvvJrnmb0v57eRPGJyPuKXj+e3muW+hChtbSnvvJo1PGJyPuKXj+mVt+OBlShtKe+8mjEwMDxicj7il4/ljIXoo4XlvaLmhYvvvJrjgrfjg6Xjg6rjg7Pjgq/jg5Hjg4Pjgq88YnI+PGJyPuKXj+S8uOW6pu+8iO+8heS7peS4i++8ie+8mjIw77yI5LiA6Iis77yw77yw44Ot44O844OX44GvNDDvvIXvvJroo73lk4Hmr5TovIPvvIk8YnI+PGJyPuKXj+ODneODquOCqOOCueODhuODqzxicj7il4/jg53jg6rjg5fjg63jg5Tjg6zjg7MoUFApPGJyPg==,44CO44Kr44O844OJ5a++5b+cT0vvvIHjgI/ilqDjgJLlj7jljJbmiJDlt6Xmpa0v44OE44Kr44K144CQUFktMTUtMTAw44CRKDc3MzEyNDgpIOODmuODg+ODlOODvOODreODvOODlyDlj5fms6jljZjkvY0x77ya44Kv44Ot44O844OQ44O86LOH5p2Q6aSo,6YCa5L+h6LKp5aOy6YCa6LKp44K344On44OD44OU44Oz44Kw44Kq44Oz44Op44Kk44Oz44K344On44OD44OU44Oz44Kw6LK344GE54mp44OX44Os44K844Oz44OI44Ku44OV44OI6LSI44KK54mp6LSI562U5ZOB44GK5Lit5YWD44GK5q2z5pqu44GK6LK344GE5b6X44CO44Kr44O844OJ5a++5b+cT0vvvIHjgI/ilqDjgJLlj7jljJbmiJDlt6Xmpa0v44OE44Kr44K144CQUFktMTUtMTAw44CRKDc3MzEyNDgpIOODmuODg+ODlOODvOODreODvOODlyDlj5fms6jljZjkvY0x,55Kw5aKD5a6J5YWo55So5ZOBXOOCt+ODvOODiOODu+ODreODvOODl1zjg63jg7zjg5fjgILjgI7jgqvjg7zjg4nlr77lv5xPS++8geOAj+KWoOOAkuWPuOWMluaIkOW3pealrS/jg4TjgqvjgrXjgJBQWS0xNS0xMDDjgJEoNzczMTI0OCkg44Oa44OD44OU44O844Ot44O844OXIOWPl+azqOWNmOS9jTE=[rn]
15-28054,,NDIzMDMuMjAwMA==,,6Iqx44O744Ks44O844OH44Oz44O7RElZID4gRElZ44O75bel5YW3ID4g44Gd44Gu5LuW,44CQ44Kr44O844OJ5a++5b+cT0vvvIHjgJHilqDjgJLokKnljp/lt6Xmpa0v6JCp5Y6f44CQRUgtV0jjgJEoNDk3NjA0NSkg44Ko44K544OG44Or5biG5biD44Kv44Ot44K544CA44Ob44Ov44Kk44OIIOWPl+azqOWNmOS9jTE=,,PGZvbnQgc2l6ZT0iNCI+57SN5pyf55uu5a6J77yaPC9mb250Pjxmb250IGNvbG9yPSIjMDAwMDAwIiBzaXplPSI0Ij7jgYrlj5bjgorlr4TjgZvlk4Eo6Kmz44GX44GP44Gv44GT44Gh44KJ44KS44Kv44Oq44OD44KvKTwvZm9udD48YnI+PGJyPgo8YnI+PGJyPuKXj+ODneODquOCqOOCueODhuODq+WfuuW4g+OBq+WhqeODk+OCs+ODvOODhuOCo+ODs+OCsOOCkuOBl+OBn+OAgeW8t+OBj+OBpumHjeWOmuaEn+OBruOBguOCi+OCt+ODvOODiOOBp+OBmeOAgjxicj48YnI+4peP44OI44Op44OD44Kv44K344O844OI44CB44OG44Oz44OI44Kr44OQ44O844CB57Ch5piT44OG44Oz44OI5YCJ5bqr44CB6ZW35pyf6YeO56mN44Kr44OQ44O844Gu5Yqg5bel55So44CCPGJyPjxicj7il4/luYUobSnvvJoxLjg1PGJyPuKXj+mVt+OBlShtKe+8mjUwPGJyPuKXj+iJsu+8muODm+ODr+OCpOODiDxicj7il4/os6rph48oa2cp77yaNTIuMzxicj48YnI+4peP5Y6a44G/77yaMC42bW08YnI+4peP5byV5by15by35bqm77ya57imMjEwME4vNWNt44CB5qiqMTUwME4vNWNtPGJyPuKXj+W8leijguW8t+W6pu+8mue4pjEwNU7jgIHmqKoxMDBOPGJyPuKXj+iAkOS5heacn+mWk++8mue0hO+8lO+9nu+8leW5tDxicj48YnI+4peP44Od44Oq44Ko44K544OG44Or5Z+65biDK+WhqeODk+OCs+ODvOODhuOCo+ODs+OCsDxicj4=,44CQ44Kr44O844OJ5a++5b+cT0vvvIHjgJHilqDjgJLokKnljp/lt6Xmpa0v6JCp5Y6f44CQRUgtV0jjgJEoNDk3NjA0NSkg44Ko44K544OG44Or5biG5biD44Kv44Ot44K544CA44Ob44Ov44Kk44OIIOWPl+azqOWNmOS9jTHvvJrjgq/jg63jg7zjg5Djg7zos4fmnZDppKg=,6YCa5L+h6LKp5aOy6YCa6LKp44K344On44OD44OU44Oz44Kw44Kq44Oz44Op44Kk44Oz44K344On44OD44OU44Oz44Kw6LK344GE54mp44OX44Os44K844Oz44OI44Ku44OV44OI6LSI44KK54mp6LSI562U5ZOB44GK5Lit5YWD44GK5q2z5pqu44GK6LK344GE5b6X44CQ44Kr44O844OJ5a++5b+cT0vvvIHjgJHilqDjgJLokKnljp/lt6Xmpa0v6JCp5Y6f44CQRUgtV0jjgJEoNDk3NjA0NSkg44Ko44K544OG44Or5biG5biD44Kv44Ot44K544CA44Ob44Ov44Kk44OIIOWPl+azqOWNmOS9jTE=,55Kw5aKD5a6J5YWo55So5ZOBXOOCt+ODvOODiOODu+ODreODvOODl1zjg4jjg6njg4Pjgq/jgrfjg7zjg4jjgILjgJDjgqvjg7zjg4nlr77lv5xPS++8geOAkeKWoOOAkuiQqeWOn+W3pealrS/okKnljp/jgJBFSC1XSOOAkSg0OTc2MDQ1KSDjgqjjgrnjg4bjg6vluIbluIPjgq/jg63jgrnjgIDjg5vjg6/jgqTjg4gg5Y+X5rOo5Y2Y5L2NMQ==[rn]
15-28055,,MzMxMzAuNDAwMA==,,6Iqx44O744Ks44O844OH44Oz44O7RElZID4gRElZ44O75bel5YW3ID4g44Gd44Gu5LuW,44CO44Kr44O844OJ5a++5b+cT0vvvIHjgI/ilqDjgJLjg6bjgr/jgqvjg6HjgqTjgq8v44Om44K/44Kr44CQUFJELTYx44CRKDc1NDExOTgpIOODneODquOCqOOCueODhuODq+OCr+ODreOCueS/gueVmeODieODqeODoOW3u+OAgO+8ke+8ks+Gw5fvvJHvvJDvvJDvvY3jgIDpu5Ig5Y+X5rOo5Y2Y5L2NMQ==,,PGZvbnQgc2l6ZT0iNCI+57SN5pyf55uu5a6J77yaPC9mb250Pjxmb250IGNvbG9yPSIjMDAwMDAwIiBzaXplPSI0Ij7jgYrlj5bjgorlr4TjgZvlk4Eo6Kmz44GX44GP44Gv44GT44Gh44KJ44KS44Kv44Oq44OD44KvKTwvZm9udD48YnI+PGJyPgo8YnI+PGJyPuKXj+mFuOODu+OCouODq+OCq+ODquODu+a1t+awtOetieOBq+W8t+OBj+OAgeiAkOWAmeaAp+OBq+WEquOCjOaRqeaTpuOBq+OCgumdnuW4uOOBq+W8t+OBj+OAgeW8t+W6puOBq+WEquOCjOOBn+ODreODvOODl+OBp+OBmeOAgjxicj7il4/lvLfluqbjga/vvJPjgaTmiZPjgavmr5TjgbnvvJTvvJDvvIXnqIvluqbkvY7kuIvjgZfjgb7jgZnjgYzjgIHmkanmk6bmirXmipfjgYzlsJHjgarjgY/jgIHjga3jgZjjgozjgavjgY/jgYTjg63jg7zjg5fjgafjgZnjgII8YnI+4peP6KGd5pKD44KS5ZC45Y+O44GX44KE44GZ44GE44Ot44O844OX44Gn44GZ44CCPGJyPjxicj7il4/lsI/lnovoiLnoiLbkv4LnlZnnlKjjgarjganjgII8YnI+PGJyPuKXj+iJsu+8mum7kjxicj7il4/nt5rlvoQobW0p77yaMTI8YnI+4peP6ZW344GVKG0p77yaMTAwPGJyPuKXj+WMheijheW9ouaFi++8muODieODqeODoOW3uzxicj7il4/os6rph48oa2cp77yaMTEuOTxicj48YnI+PGJyPuKXj+ODneODquOCqOOCueODhuODqzxicj4=,44CO44Kr44O844OJ5a++5b+cT0vvvIHjgI/ilqDjgJLjg6bjgr/jgqvjg6HjgqTjgq8v44Om44K/44Kr44CQUFJELTYx44CRKDc1NDExOTgpIOODneODquOCqOOCueODhuODq+OCr+ODreOCueS/gueVmeODieODqeODoOW3u+OAgO+8ke+8ks+GJnRpbWVzO++8ke+8kO+8kO+9jeOAgOm7kiDlj5fms6jljZjkvY0x77ya44Kv44Ot44O844OQ44O86LOH5p2Q6aSo,6YCa5L+h6LKp5aOy6YCa6LKp44K344On44OD44OU44Oz44Kw44Kq44Oz44Op44Kk44Oz44K344On44OD44OU44Oz44Kw6LK344GE54mp44OX44Os44K844Oz44OI44Ku44OV44OI6LSI44KK54mp6LSI562U5ZOB44GK5Lit5YWD44GK5q2z5pqu44GK6LK344GE5b6X44CO44Kr44O844OJ5a++5b+cT0vvvIHjgI/ilqDjgJLjg6bjgr/jgqvjg6HjgqTjgq8v44Om44K/44Kr44CQUFJELTYx44CRKDc1NDExOTgpIOODneODquOCqOOCueODhuODq+OCr+ODreOCueS/gueVmeODieODqeODoOW3u+OAgO+8ke+8ks+GJnRpbWVzO++8ke+8kO+8kO+9jeOAgOm7kiDlj5fms6jljZjkvY0x,55Kw5aKD5a6J5YWo55So5ZOBXOOCt+ODvOODiOODu+ODreODvOODl1zjg63jg7zjg5fjgILjgI7jgqvjg7zjg4nlr77lv5xPS++8geOAj+KWoOOAkuODpuOCv+OCq+ODoeOCpOOCry/jg6bjgr/jgqvjgJBQUkQtNjHjgJEoNzU0MTE5OCkg44Od44Oq44Ko44K544OG44Or44Kv44Ot44K55L+C55WZ44OJ44Op44Og5be744CA77yR77ySz4YmdGltZXM777yR77yQ77yQ772N44CA6buSIOWPl+azqOWNmOS9jTE=[rn]
15-28056,,NzcyOC44MDAw,,6Iqx44O744Ks44O844OH44Oz44O7RElZID4gRElZ44O75bel5YW3ID4g44Gd44Gu5LuW,44CO44Kr44O844OJ5a++5b+cT0vvvIHjgI/ilqDjgJLjg6bjgr/jgqvjg6HjgqTjgq8v44Om44K/44Kr44CQUFNILUIy44CRKDc1OTM1MzgpIOOCt+ODvOODiOijnOS/rueUqOW8t+WKm+eymOedgOODhuODvOODl+OAgOODluODqeODg+OCr+OAgO+8ke+8kO+9g++9je+9mO+8ku+8kO+9jSDlj5fms6jljZjkvY0x,,PGZvbnQgc2l6ZT0iNCI+57SN5pyf55uu5a6J77yaPC9mb250Pjxmb250IGNvbG9yPSIjMDAwMDAwIiBzaXplPSI0Ij7jgYrlj5bjgorlr4TjgZvlk4Eo6Kmz44GX44GP44Gv44GT44Gh44KJ44KS44Kv44Oq44OD44KvKTwvZm9udD48YnI+PGJyPgo8YnI+PGJyPuKXj+ODneODquOCqOOCueODhuODq+W4huW4g+OAgeWhqeODk+e0oOadkOOBruOCv+ODvOODneODquODs+OAge+8sO+8peOAge+8sO+8sOijveOBruOCt+ODvOODiOWFqOiIrOOBq+mBqeW/nOOBl+OBvuOBmeOAgjxicj7il4/ntKvlpJbnt5rliqPljJbpmLLmraLliaTphY3lkIjjgafplbfmnJ/kvb/nlKjlj6/jgafjgZnjgII8YnI+PGJyPuKXj+egtOaQjeOBl+OBn+OCt+ODvOODiOOAgeODhuODs+ODiOmhnuOBruijnOS/ruOAgeijnOW8t+OBq+OAgjxicj7il4/pmLLojYnjgrfjg7zjg4jjga7oo5zkv67jgIHmna3jga7nm67lvLXjgorjgavjgII8YnI+PGJyPuKXj+iJsu+8muODluODqeODg+OCrzxicj7il4/luYUobW0p77yaMTAwPGJyPuKXj+mVt+OBlShtKe+8mjIwPGJyPuKXj+OCv+OCpOODl++8muODreODvOODq+OCv+OCpOODlzxicj48YnI+4peP6Zui5Z6L57SZ5LuY44GN44K/44Kk44OXPGJyPjxicj7il4/jgrfjg7zjg4jvvJrjg53jg6rjgqjjg4Hjg6zjg7M8YnI+4peP57KY552A5Ymk77ya44Ki44Kv44Oq44Or57O7PGJyPg==,44CO44Kr44O844OJ5a++5b+cT0vvvIHjgI/ilqDjgJLjg6bjgr/jgqvjg6HjgqTjgq8v44Om44K/44Kr44CQUFNILUIy44CRKDc1OTM1MzgpIOOCt+ODvOODiOijnOS/rueUqOW8t+WKm+eymOedgOODhuODvOODl+OAgOODluODqeODg+OCr+OAgO+8ke+8kO+9g++9je+9mO+8ku+8kO+9jSDlj5fms6jljZjkvY0x77ya44Kv44Ot44O844OQ44O86LOH5p2Q6aSo,6YCa5L+h6LKp5aOy6YCa6LKp44K344On44OD44OU44Oz44Kw44Kq44Oz44Op44Kk44Oz44K344On44OD44OU44Oz44Kw6LK344GE54mp44OX44Os44K844Oz44OI44Ku44OV44OI6LSI44KK54mp6LSI562U5ZOB44GK5Lit5YWD44GK5q2z5pqu44GK6LK344GE5b6X44CO44Kr44O844OJ5a++5b+cT0vvvIHjgI/ilqDjgJLjg6bjgr/jgqvjg6HjgqTjgq8v44Om44K/44Kr44CQUFNILUIy44CRKDc1OTM1MzgpIOOCt+ODvOODiOijnOS/rueUqOW8t+WKm+eymOedgOODhuODvOODl+OAgOODluODqeODg+OCr+OAgO+8ke+8kO+9g++9je+9mO+8ku+8kO+9jSDlj5fms6jljZjkvY0x,55Kw5aKD5a6J5YWo55So5ZOBXOOCt+ODvOODiOODu+ODreODvOODl1zjg4jjg6njg4Pjgq/jgrfjg7zjg4jjgILjgI7jgqvjg7zjg4nlr77lv5xPS++8geOAj+KWoOOAkuODpuOCv+OCq+ODoeOCpOOCry/jg6bjgr/jgqvjgJBQU0gtQjLjgJEoNzU5MzUzOCkg44K344O844OI6KOc5L+u55So5by35Yqb57KY552A44OG44O844OX44CA44OW44Op44OD44Kv44CA77yR77yQ772D772N772Y77yS77yQ772NIOWPl+azqOWNmOS9jTE=[rn]
15-28057,,NzcyOC44MDAw,,6Iqx44O744Ks44O844OH44Oz44O7RElZID4gRElZ44O75bel5YW3ID4g44Gd44Gu5LuW,44CO44Kr44O844OJ5a++5b+cT0vvvIHjgI/ilqDjgJLjg6bjgr/jgqvjg6HjgqTjgq8v44Om44K/44Kr44CQUFNILUMy44CRKDc1OTM1NDYpIOOCt+ODvOODiOijnOS/rueUqOW8t+WKm+eymOedgOODhuODvOODl+OAgOOCr+ODquOCouOAgO+8ke+8kO+9g++9je+9mO+8ku+8kO+9jSDlj5fms6jljZjkvY0x,,PGZvbnQgc2l6ZT0iNCI+57SN5pyf55uu5a6J77yaPC9mb250Pjxmb250IGNvbG9yPSIjMDAwMDAwIiBzaXplPSI0Ij7jgYrlj5bjgorlr4TjgZvlk4Eo6Kmz44GX44GP44Gv44GT44Gh44KJ44KS44Kv44Oq44OD44KvKTwvZm9udD48YnI+PGJyPgo8YnI+PGJyPuKXj+ODneODquOCqOOCueODhuODq+W4huW4g+OAgeWhqeODk+e0oOadkOOBruOCv+ODvOODneODquODs+OAge+8sO+8peOAge+8sO+8sOijveOBruOCt+ODvOODiOWFqOiIrOOBq+mBqeW/nOOBl+OBvuOBmeOAgjxicj7il4/jgq/jg6rjgqLjgr/jgqTjg5fjga7ngrrjgIHmp5jjgIXjgarjgqvjg6njg7zjgrfjg7zjg4jjgIHpgI/mmI7jgrfjg7zjg4jjgavjgZTkvb/nlKjjgYTjgZ/jgaDjgZHjgb7jgZnjgII8YnI+4peP57Sr5aSW57ea5Yqj5YyW6Ziy5q2i5Ymk6YWN5ZCI44Gn6ZW35pyf5L2/55So5Y+v44Gn44GZ44CCPGJyPjxicj7il4/noLTmkI3jgZfjgZ/jgrfjg7zjg4jjgIHjg4bjg7Pjg4jpoZ7jga7oo5zkv67jg7voo5zlvLfjgavjgII8YnI+PGJyPuKXj+iJsu+8muOCr+ODquOCojxicj7il4/luYUobW0p77yaMTAwPGJyPuKXj+mVt+OBlShtKe+8mjIwPGJyPuKXj+OCv+OCpOODl++8muODreODvOODq+OCv+OCpOODlzxicj48YnI+4peP6Zui5Z6L57SZ5LuY44GN44K/44Kk44OXPGJyPjxicj7il4/jgrfjg7zjg4jvvJrjg53jg6rjgqjjg4Hjg6zjg7M8YnI+4peP57KY552A5Ymk77ya44Ki44Kv44Oq44Or57O7PGJyPg==,44CO44Kr44O844OJ5a++5b+cT0vvvIHjgI/ilqDjgJLjg6bjgr/jgqvjg6HjgqTjgq8v44Om44K/44Kr44CQUFNILUMy44CRKDc1OTM1NDYpIOOCt+ODvOODiOijnOS/rueUqOW8t+WKm+eymOedgOODhuODvOODl+OAgOOCr+ODquOCouOAgO+8ke+8kO+9g++9je+9mO+8ku+8kO+9jSDlj5fms6jljZjkvY0x77ya44Kv44Ot44O844OQ44O86LOH5p2Q6aSo,6YCa5L+h6LKp5aOy6YCa6LKp44K344On44OD44OU44Oz44Kw44Kq44Oz44Op44Kk44Oz44K344On44OD44OU44Oz44Kw6LK344GE54mp44OX44Os44K844Oz44OI44Ku44OV44OI6LSI44KK54mp6LSI562U5ZOB44GK5Lit5YWD44GK5q2z5pqu44GK6LK344GE5b6X44CO44Kr44O844OJ5a++5b+cT0vvvIHjgI/ilqDjgJLjg6bjgr/jgqvjg6HjgqTjgq8v44Om44K/44Kr44CQUFNILUMy44CRKDc1OTM1NDYpIOOCt+ODvOODiOijnOS/rueUqOW8t+WKm+eymOedgOODhuODvOODl+OAgOOCr+ODquOCouOAgO+8ke+8kO+9g++9je+9mO+8ku+8kO+9jSDlj5fms6jljZjkvY0x,55Kw5aKD5a6J5YWo55So5ZOBXOOCt+ODvOODiOODu+ODreODvOODl1zjg4jjg6njg4Pjgq/jgrfjg7zjg4jjgILjgI7jgqvjg7zjg4nlr77lv5xPS++8geOAj+KWoOOAkuODpuOCv+OCq+ODoeOCpOOCry/jg6bjgr/jgqvjgJBQU0gtQzLjgJEoNzU5MzU0Nikg44K344O844OI6KOc5L+u55So5by35Yqb57KY552A44OG44O844OX44CA44Kv44Oq44Ki44CA77yR77yQ772D772N772Y77yS77yQ772NIOWPl+azqOWNmOS9jTE=[rn]
15-28058,,NDIzMDMuMjAwMA==,,6Iqx44O744Ks44O844OH44Oz44O7RElZID4gRElZ44O75bel5YW3ID4g44Gd44Gu5LuW,44CQ44Kr44O844OJ5a++5b+cT0vvvIHjgJHilqDjgJLokKnljp/lt6Xmpa0v6JCp5Y6f44CQRUgtTEfjgJEoNDk3NjAxMSkg44Ko44K544OG44Or5biG5biD44Kv44Ot44K544CA44Op44Kk44OI44Kw44Oq44O844OzIOWPl+azqOWNmOS9jTE=,,PGZvbnQgc2l6ZT0iNCI+57SN5pyf55uu5a6J77yaPC9mb250Pjxmb250IGNvbG9yPSIjMDAwMDAwIiBzaXplPSI0Ij7jgYrlj5bjgorlr4TjgZvlk4Eo6Kmz44GX44GP44Gv44GT44Gh44KJ44KS44Kv44Oq44OD44KvKTwvZm9udD48YnI+PGJyPgo8YnI+PGJyPuKXj+ODneODquOCqOOCueODhuODq+WfuuW4g+OBq+WhqeODk+OCs+ODvOODhuOCo+ODs+OCsOOCkuOBl+OBn+OAgeW8t+OBj+OBpumHjeWOmuaEn+OBruOBguOCi+OCt+ODvOODiOOBp+OBmeOAgjxicj48YnI+4peP44OI44Op44OD44Kv44K344O844OI44CB44OG44Oz44OI44Kr44OQ44O844CB57Ch5piT44OG44Oz44OI5YCJ5bqr44CB6ZW35pyf6YeO56mN44Kr44OQ44O844Gu5Yqg5bel55So44CCPGJyPjxicj7il4/luYUobSnvvJoxLjg1PGJyPuKXj+mVt+OBlShtKe+8mjUwPGJyPuKXj+iJsu+8muODqeOCpOODiOOCsOODquODvOODszxicj7il4/os6rph48oa2cp77yaNTIuMzxicj48YnI+4peP5Y6a44G/77yaMC42bW08YnI+4peP5byV5by15by35bqm77ya57imMjEwME4vNWNt44CB5qiqMTUwME4vNWNtPGJyPuKXj+W8leijguW8t+W6pu+8mue4pjEwNU7jgIHmqKoxMDBOPGJyPuKXj+iAkOS5heacn+mWk++8mue0hO+8lO+9nu+8leW5tDxicj48YnI+4peP44Od44Oq44Ko44K544OG44Or5Z+65biDK+WhqeODk+OCs+ODvOODhuOCo+ODs+OCsDxicj4=,44CQ44Kr44O844OJ5a++5b+cT0vvvIHjgJHilqDjgJLokKnljp/lt6Xmpa0v6JCp5Y6f44CQRUgtTEfjgJEoNDk3NjAxMSkg44Ko44K544OG44Or5biG5biD44Kv44Ot44K544CA44Op44Kk44OI44Kw44Oq44O844OzIOWPl+azqOWNmOS9jTHvvJrjgq/jg63jg7zjg5Djg7zos4fmnZDppKg=,6YCa5L+h6LKp5aOy6YCa6LKp44K344On44OD44OU44Oz44Kw44Kq44Oz44Op44Kk44Oz44K344On44OD44OU44Oz44Kw6LK344GE54mp44OX44Os44K844Oz44OI44Ku44OV44OI6LSI44KK54mp6LSI562U5ZOB44GK5Lit5YWD44GK5q2z5pqu44GK6LK344GE5b6X44CQ44Kr44O844OJ5a++5b+cT0vvvIHjgJHilqDjgJLokKnljp/lt6Xmpa0v6JCp5Y6f44CQRUgtTEfjgJEoNDk3NjAxMSkg44Ko44K544OG44Or5biG5biD44Kv44Ot44K544CA44Op44Kk44OI44Kw44Oq44O844OzIOWPl+azqOWNmOS9jTE=,55Kw5aKD5a6J5YWo55So5ZOBXOOCt+ODvOODiOODu+ODreODvOODl1zjg4jjg6njg4Pjgq/jgrfjg7zjg4jjgILjgJDjgqvjg7zjg4nlr77lv5xPS++8geOAkeKWoOOAkuiQqeWOn+W3pealrS/okKnljp/jgJBFSC1MR+OAkSg0OTc2MDExKSDjgqjjgrnjg4bjg6vluIbluIPjgq/jg63jgrnjgIDjg6njgqTjg4jjgrDjg6rjg7zjg7Mg5Y+X5rOo5Y2Y5L2NMQ==[rn]
15-28059,,NDU2MC4wMDAw,,6Iqx44O744Ks44O844OH44Oz44O7RElZID4gRElZ44O75bel5YW3ID4g44Gd44Gu5LuW,44CO44Kr44O844OJ5a++5b+cT0vvvIHjgI/ilqDjgJLjg6bjgr/jgqvjg6HjgqTjgq8v44Om44K/44Kr44CQREgtU1QxMuOAkSg0OTM1NzMwKSDjg63jg7zjg5fnlKjjgrnjgr/jg7Pjg4nvvI/jgrfjg6Pjg5Xjg4jjgrvjg4Pjg4jjgIDvvJHvvJLvvY3vvY3nlKgg5Y+X5rOo5Y2Y5L2NMQ==,,PGZvbnQgc2l6ZT0iNCI+57SN5pyf55uu5a6J77yaPC9mb250Pjxmb250IGNvbG9yPSIjMDAwMDAwIiBzaXplPSI0Ij7jgYrlj5bjgorlr4TjgZvlk4Eo6Kmz44GX44GP44Gv44GT44Gh44KJ44KS44Kv44Oq44OD44KvKTwvZm9udD48YnI+PGJyPgo8YnI+PGJyPuKXj+ODreODvOODl+OBruWPluOCiuWHuuOBl+OBjOe1oeOBvuOBmuOCueODoOODvOOCuuOBq+WPluOCiuWHuuOBm+OAgeWPjue0jeOCguWuueaYk+OBq+OBp+OBjeOBvuOBmeOAgjxicj48YnI+4peP44OJ44Op44Og5be744Gu5Y+O57SN44O75L+d566h44Gr44CCPGJyPjxicj7il4/pgannlKjjg63jg7zjg5flvoQobW0p77yaMTI8YnI+4peP57imw5fmqKrDl+mrmOOBlShtbSnvvJozNjDDlzE5NcOXMjM1PGJyPuKXj+izqumHjyhrZynvvJoyLjY2PGJyPjxicj7il4/jg4njg6njg6Dlt7vlsILnlKjjgrnjgr/jg7Pjg4k8YnI+PGJyPuKXj+acrOS9k++8muS6nOmJm+ODoeODg+OCremLvOadvzxicj7il4/jgrfjg6Pjg5Xjg4jvvJrjgrnjg4Hjg7zjg6vvvIjkupzpiZvjg6Hjg4Pjgq3vvIk8YnI+,44CO44Kr44O844OJ5a++5b+cT0vvvIHjgI/ilqDjgJLjg6bjgr/jgqvjg6HjgqTjgq8v44Om44K/44Kr44CQREgtU1QxMuOAkSg0OTM1NzMwKSDjg63jg7zjg5fnlKjjgrnjgr/jg7Pjg4nvvI/jgrfjg6Pjg5Xjg4jjgrvjg4Pjg4jjgIDvvJHvvJLvvY3vvY3nlKgg5Y+X5rOo5Y2Y5L2NMe+8muOCr+ODreODvOODkOODvOizh+adkOmkqA==,6YCa5L+h6LKp5aOy6YCa6LKp44K344On44OD44OU44Oz44Kw44Kq44Oz44Op44Kk44Oz44K344On44OD44OU44Oz44Kw6LK344GE54mp44OX44Os44K844Oz44OI44Ku44OV44OI6LSI44KK54mp6LSI562U5ZOB44GK5Lit5YWD44GK5q2z5pqu44GK6LK344GE5b6X44CO44Kr44O844OJ5a++5b+cT0vvvIHjgI/ilqDjgJLjg6bjgr/jgqvjg6HjgqTjgq8v44Om44K/44Kr44CQREgtU1QxMuOAkSg0OTM1NzMwKSDjg63jg7zjg5fnlKjjgrnjgr/jg7Pjg4nvvI/jgrfjg6Pjg5Xjg4jjgrvjg4Pjg4jjgIDvvJHvvJLvvY3vvY3nlKgg5Y+X5rOo5Y2Y5L2NMQ==,55Kw5aKD5a6J5YWo55So5ZOBXOOCt+ODvOODiOODu+ODreODvOODl1zjg63jg7zjg5fjgILjgI7jgqvjg7zjg4nlr77lv5xPS++8geOAj+KWoOOAkuODpuOCv+OCq+ODoeOCpOOCry/jg6bjgr/jgqvjgJBESC1TVDEy44CRKDQ5MzU3MzApIOODreODvOODl+eUqOOCueOCv+ODs+ODie+8j+OCt+ODo+ODleODiOOCu+ODg+ODiOOAgO+8ke+8ku+9je+9jeeUqCDlj5fms6jljZjkvY0x[rn]
15-28060,,NDEwMy4yMDAw,,6Iqx44O744Ks44O844OH44Oz44O7RElZID4gRElZ44O75bel5YW3ID4g44Gd44Gu5LuW,44CO44Kr44O844OJ5a++5b+cT0vvvIHjgI/ilqDjgJLjg6bjgr/jgqvjg6HjgqTjgq8v44Om44K/44Kr44CQSzUtMjAw44CRKDc1NDA2NzEpIOODreODvOODl+OAgO+8q++8sOODreODvOODl+W3u+eJqeOAgO+8lc+Gw5fvvJLvvJDvvJDvvY0g5Y+X5rOo5Y2Y5L2NMQ==,,PGZvbnQgc2l6ZT0iNCI+57SN5pyf55uu5a6J77yaPC9mb250Pjxmb250IGNvbG9yPSIjMDAwMDAwIiBzaXplPSI0Ij7jgYrlj5bjgorlr4TjgZvlk4Eo6Kmz44GX44GP44Gv44GT44Gh44KJ44KS44Kv44Oq44OD44KvKTwvZm9udD48YnI+PGJyPgo8YnI+PGJyPuKXj+W8t+WKm+OBquODneODquOCqOODgeODrOODs+OBrueJueaAp+OCkueUn+OBi+OBl+S9nOalreaAp+OCkuOCouODg+ODl+OBleOBm+OCi+eCuuOBq+OCqOOCueODhuODq+ezuOOCkua3t+OBnOOAgei7vemHj+ODu+W8t+WKm+ODu+S9nOalreaAp+OBjOiJr+OBhOODreODvOODl+OBp+OBmeOAgjxicj48YnI+4peP5LiA6Iis5L2c5qWt44Gq44Gp44Gu5ZCE56iu57WQ5p2f44Gq44Gp44CCPGJyPjxicj7il4/oibLvvJrpu4Q8YnI+4peP57ea5b6EKG1tKe+8mjU8YnI+4peP6ZW344GVKG0p77yaMjAwPGJyPuKXj+WMheijheW9ouaFi++8muODkOODs+ODieaOm+W3uzxicj7il4/os6rph48oa2cp77yaMi43PGJyPjxicj48YnI+4peP44Od44Oq44Ko44OB44Os44Oz44CB44Od44Oq44Ko44K544OG44Or5re35pKaPGJyPg==,44CO44Kr44O844OJ5a++5b+cT0vvvIHjgI/ilqDjgJLjg6bjgr/jgqvjg6HjgqTjgq8v44Om44K/44Kr44CQSzUtMjAw44CRKDc1NDA2NzEpIOODreODvOODl+OAgO+8q++8sOODreODvOODl+W3u+eJqeOAgO+8lc+GJnRpbWVzO++8ku+8kO+8kO+9jSDlj5fms6jljZjkvY0x77ya44Kv44Ot44O844OQ44O86LOH5p2Q6aSo,6YCa5L+h6LKp5aOy6YCa6LKp44K344On44OD44OU44Oz44Kw44Kq44Oz44Op44Kk44Oz44K344On44OD44OU44Oz44Kw6LK344GE54mp44OX44Os44K844Oz44OI44Ku44OV44OI6LSI44KK54mp6LSI562U5ZOB44GK5Lit5YWD44GK5q2z5pqu44GK6LK344GE5b6X44CO44Kr44O844OJ5a++5b+cT0vvvIHjgI/ilqDjgJLjg6bjgr/jgqvjg6HjgqTjgq8v44Om44K/44Kr44CQSzUtMjAw44CRKDc1NDA2NzEpIOODreODvOODl+OAgO+8q++8sOODreODvOODl+W3u+eJqeOAgO+8lc+GJnRpbWVzO++8ku+8kO+8kO+9jSDlj5fms6jljZjkvY0x,55Kw5aKD5a6J5YWo55So5ZOBXOOCt+ODvOODiOODu+ODreODvOODl1zjg63jg7zjg5fjgILjgI7jgqvjg7zjg4nlr77lv5xPS++8geOAj+KWoOOAkuODpuOCv+OCq+ODoeOCpOOCry/jg6bjgr/jgqvjgJBLNS0yMDDjgJEoNzU0MDY3MSkg44Ot44O844OX44CA77yr77yw44Ot44O844OX5be754mp44CA77yVz4YmdGltZXM777yS77yQ77yQ772NIOWPl+azqOWNmOS9jTE=[rn]
15-28061,,MTYwNDUuNjAwMA==,,6Iqx44O744Ks44O844OH44Oz44O7RElZID4gRElZ44O75bel5YW3ID4g44Gd44Gu5LuW,44CO44Kr44O844OJ5a++5b+cT0vvvIHjgI/ilqDjgJLjg6bjgr/jgqvjg6HjgqTjgq8v44Om44K/44Kr44CQSzEyMjAw44CRKDc1NDA2NDcpIOODreODvOODl+OAgO+8q++8sOODreODvOODl+W3u+eJqeOAgO+8ke+8ks+Gw5fvvJLvvJDvvJDvvY0g5Y+X5rOo5Y2Y5L2NMQ==,,PGZvbnQgc2l6ZT0iNCI+57SN5pyf55uu5a6J77yaPC9mb250Pjxmb250IGNvbG9yPSIjMDAwMDAwIiBzaXplPSI0Ij7jgYrlj5bjgorlr4TjgZvlk4Eo6Kmz44GX44GP44Gv44GT44Gh44KJ44KS44Kv44Oq44OD44KvKTwvZm9udD48YnI+PGJyPgo8YnI+PGJyPuKXj+W8t+WKm+OBquODneODquOCqOODgeODrOODs+OBrueJueaAp+OCkueUn+OBi+OBl+S9nOalreaAp+OCkuOCouODg+ODl+OBleOBm+OCi+eCuuOBq+OCqOOCueODhuODq+ezuOOCkua3t+OBnOOAgei7vemHj+ODu+W8t+WKm+ODu+S9nOalreaAp+OBjOiJr+OBhOODreODvOODl+OBp+OBmeOAgjxicj48YnI+4peP5LiA6Iis5L2c5qWt44Gq44Gp44Gu5ZCE56iu57WQ5p2f44Gq44Gp44CCPGJyPjxicj7il4/oibLvvJrpu4Q8YnI+4peP57ea5b6EKG1tKe+8mjEyPGJyPuKXj+mVt+OBlShtKe+8mjIwMDxicj7il4/ljIXoo4XlvaLmhYvvvJrjg5Djg7Pjg4nmjpvlt7s8YnI+4peP6LOq6YePKGtnKe+8mjExLjg8YnI+PGJyPjxicj7il4/jg53jg6rjgqjjg4Hjg6zjg7PjgIHjg53jg6rjgqjjgrnjg4bjg6vmt7fmkpo8YnI+,44CO44Kr44O844OJ5a++5b+cT0vvvIHjgI/ilqDjgJLjg6bjgr/jgqvjg6HjgqTjgq8v44Om44K/44Kr44CQSzEyMjAw44CRKDc1NDA2NDcpIOODreODvOODl+OAgO+8q++8sOODreODvOODl+W3u+eJqeOAgO+8ke+8ks+GJnRpbWVzO++8ku+8kO+8kO+9jSDlj5fms6jljZjkvY0x77ya44Kv44Ot44O844OQ44O86LOH5p2Q6aSo,6YCa5L+h6LKp5aOy6YCa6LKp44K344On44OD44OU44Oz44Kw44Kq44Oz44Op44Kk44Oz44K344On44OD44OU44Oz44Kw6LK344GE54mp44OX44Os44K844Oz44OI44Ku44OV44OI6LSI44KK54mp6LSI562U5ZOB44GK5Lit5YWD44GK5q2z5pqu44GK6LK344GE5b6X44CO44Kr44O844OJ5a++5b+cT0vvvIHjgI/ilqDjgJLjg6bjgr/jgqvjg6HjgqTjgq8v44Om44K/44Kr44CQSzEyMjAw44CRKDc1NDA2NDcpIOODreODvOODl+OAgO+8q++8sOODreODvOODl+W3u+eJqeOAgO+8ke+8ks+GJnRpbWVzO++8ku+8kO+8kO+9jSDlj5fms6jljZjkvY0x,55Kw5aKD5a6J5YWo55So5ZOBXOOCt+ODvOODiOODu+ODreODvOODl1zjg63jg7zjg5fjgILjgI7jgqvjg7zjg4nlr77lv5xPS++8geOAj+KWoOOAkuODpuOCv+OCq+ODoeOCpOOCry/jg6bjgr/jgqvjgJBLMTIyMDDjgJEoNzU0MDY0Nykg44Ot44O844OX44CA77yr77yw44Ot44O844OX5be754mp44CA77yR77ySz4YmdGltZXM777yS77yQ77yQ772NIOWPl+azqOWNmOS9jTE=[rn]
15-28062,,OTgwOC4wMDAw,,6Iqx44O744Ks44O844OH44Oz44O7RElZID4gRElZ44O75bel5YW3ID4g44Gd44Gu5LuW,44CO44Kr44O844OJ5a++5b+cT0vvvIHjgI/ilqDjgJLjg4jjg6njgrnjgrPkuK3lsbEv77y077yy77y177yz77yj77yv44CQVFJTUEMtMTgxOOOAkSg3NTk2NjE4KSDjgqLjg6vjg5/okrjnnYDloanjg5Ppga7nhrHjgrfjg7zjg4jjgIDvvJHvvI7vvJjDl++8ke+8ju+8mO+8rSDlj5fms6jljZjkvY0x,,PGZvbnQgc2l6ZT0iNCI+57SN5pyf55uu5a6J77yaPC9mb250Pjxmb250IGNvbG9yPSIjMDAwMDAwIiBzaXplPSI0Ij7jgYrlj5bjgorlr4TjgZvlk4Eo6Kmz44GX44GP44Gv44GT44Gh44KJ44KS44Kv44Oq44OD44KvKTwvZm9udD48YnI+PGJyPgo8YnI+PGJyPuKXj+mBrueGseaAp+OAgeW8t+W6puOAgeaflOi7n+aAp+OAgeiAkOWAmeaAp+OBq+WEquOCjOOBn+OAjOOCouODq+ODn+iSuOedgOWhqeODk+ikh+WQiOOCt+ODvOODiOOAjee0oOadkOOBrumBrueGseS/neWGt+OCt+ODvOODiOOBp+OBmeOAgjxicj7il4/otaTlpJbnt5rlj43lsITjgavjgojjgormlq3nhrHlirnmnpzjgYzjgYLjgorjgb7jgZnjgII8YnI+PGJyPuKXj+W3peWgtOOAgeWAieW6q+OBp+OBrumBrueGseOCq+ODkOODvOOAgjxicj7il4/jg4jjg6njg4Pjgq/nlKjpga7nhrHkv53lhrfjgrfjg7zjg4jjgavjgII8YnI+PGJyPuKXj+W5hShtKe+8mjEuODxicj7il4/plbfjgZUobSnvvJoxLjg8YnI+4peP5Y6a44G/KG1tKe+8mjAuNDxicj7il4/oibLvvJrjgrfjg6vjg5Djg7w8YnI+4peP44K/44Kk44OX77ya5biG5biDPGJyPuKXj+ODj+ODiOODoeaVsO+8iOWAi++8ie+8mjEyPGJyPuKXj+ODj+ODiOODoeODlOODg+ODgShjbSnvvJo1OC4wWDU4LjA8YnI+4peP6LOq6YePKO+9i2cp77yaMS41PGJyPjxicj7il4/ljprjgb/vvJowLjM4bW08YnI+4peP5biG5biD44K/44Kk44OXPGJyPuKXj+mBruWFieaAp++8mjk5Ljk577yF77yISklTIEwgMTA1NUEg5rOV77yJPGJyPuKXj+iAkOWvkuaAp++8mi0xNeKEgzxicj7il4/nhrHmirXmipflgKTvvJpSPTAuMDE1MDhbW+W5s+exs11d44O7Sy9XPGJyPuKXj+eGseS8neWwjueOh++8ms67PTAuMDI2NTI0IFcvbS9rPGJyPjxicj7il4/ln7rmnZDvvJrjg53jg6rjgqjjgrnjg4bjg6vln7rluIM8YnI+,44CO44Kr44O844OJ5a++5b+cT0vvvIHjgI/ilqDjgJLjg4jjg6njgrnjgrPkuK3lsbEv77y077yy77y177yz77yj77yv44CQVFJTUEMtMTgxOOOAkSg3NTk2NjE4KSDjgqLjg6vjg5/okrjnnYDloanjg5Ppga7nhrHjgrfjg7zjg4jjgIDvvJHvvI7vvJgmdGltZXM777yR77yO77yY77ytIOWPl+azqOWNmOS9jTHvvJrjgq/jg63jg7zjg5Djg7zos4fmnZDppKg=,6YCa5L+h6LKp5aOy6YCa6LKp44K344On44OD44OU44Oz44Kw44Kq44Oz44Op44Kk44Oz44K344On44OD44OU44Oz44Kw6LK344GE54mp44OX44Os44K844Oz44OI44Ku44OV44OI6LSI44KK54mp6LSI562U5ZOB44GK5Lit5YWD44GK5q2z5pqu44GK6LK344GE5b6X44CO44Kr44O844OJ5a++5b+cT0vvvIHjgI/ilqDjgJLjg4jjg6njgrnjgrPkuK3lsbEv77y077yy77y177yz77yj77yv44CQVFJTUEMtMTgxOOOAkSg3NTk2NjE4KSDjgqLjg6vjg5/okrjnnYDloanjg5Ppga7nhrHjgrfjg7zjg4jjgIDvvJHvvI7vvJgmdGltZXM777yR77yO77yY77ytIOWPl+azqOWNmOS9jTE=,55Kw5aKD5a6J5YWo55So5ZOBXOOCt+ODvOODiOODu+ODreODvOODl1zjg4jjg6njg4Pjgq/jgrfjg7zjg4jjgILjgI7jgqvjg7zjg4nlr77lv5xPS++8geOAj+KWoOOAkuODiOODqeOCueOCs+S4reWxsS/vvLTvvLLvvLXvvLPvvKPvvK/jgJBUUlNQQy0xODE444CRKDc1OTY2MTgpIOOCouODq+ODn+iSuOedgOWhqeODk+mBrueGseOCt+ODvOODiOOAgO+8ke+8ju+8mCZ0aW1lczvvvJHvvI7vvJjvvK0g5Y+X5rOo5Y2Y5L2NMQ==[rn]
15-28063,,MTAyNzguNDAwMA==,,6Iqx44O744Ks44O844OH44Oz44O7RElZID4gRElZ44O75bel5YW3ID4g44Gd44Gu5LuW,44CO44Kr44O844OJ5a++5b+cT0vvvIHjgI/ilqDjgJLjg6bjgr/jgqvjg6HjgqTjgq8v44Om44K/44Kr44CQUFJEUC0244CRKDc1NDEyMjgpIOODgOOCpOODpOODreODvOODl+ODieODqeODoOW3u+OAgO+8ke+8ks+Gw5fvvJHvvJDvvJDvvY0g5Y+X5rOo5Y2Y5L2NMQ==,,PGZvbnQgc2l6ZT0iNCI+57SN5pyf55uu5a6J77yaPC9mb250Pjxmb250IGNvbG9yPSIjMDAwMDAwIiBzaXplPSI0Ij7jgYrlj5bjgorlr4TjgZvlk4Eo6Kmz44GX44GP44Gv44GT44Gh44KJ44KS44Kv44Oq44OD44KvKTwvZm9udD48YnI+PGJyPgo8YnI+PGJyPuKXj+i7vemHj+OBp+awtOOBq+W8t+OBj+OAgeW8t+WKm+OBp+OCueODrOOBq+OCguW8t+OBhOODreODvOODl+OBp+OBmeOAgjxicj7il4/ojbflvbnjgarjganjgafjga/jgIHpmbjmtbfllY/jgo/jgZrkvZzmpa3mgKfjgavoia/jgYTjg63jg7zjg5fjgajjgZfjgabkvb/nlKjjgZXjgozjgabjgYTjgb7jgZnjgII8YnI+PGJyPuKXj+iIueiItuOAgei+suWckuiKuOOAgeWQhOeoruS9nOalreOBquOBqeOAgjxicj48YnI+4peP6Imy77ya44Kw44Os44O8PGJyPuKXj+e3muW+hChtbSnvvJoxMjxicj7il4/plbfjgZUobSnvvJoxMDA8YnI+4peP5YyF6KOF5b2i5oWL77ya44OJ44Op44Og5be7PGJyPuKXj+izqumHjyhrZynvvJo2Ljk2PGJyPjxicj48YnI+4peP44Od44Oq44OX44Ot44OU44Os44Oz44O744Od44Oq44Ko44OB44Os44Oz5re35pKaPGJyPg==,44CO44Kr44O844OJ5a++5b+cT0vvvIHjgI/ilqDjgJLjg6bjgr/jgqvjg6HjgqTjgq8v44Om44K/44Kr44CQUFJEUC0244CRKDc1NDEyMjgpIOODgOOCpOODpOODreODvOODl+ODieODqeODoOW3u+OAgO+8ke+8ks+GJnRpbWVzO++8ke+8kO+8kO+9jSDlj5fms6jljZjkvY0x77ya44Kv44Ot44O844OQ44O86LOH5p2Q6aSo,6YCa5L+h6LKp5aOy6YCa6LKp44K344On44OD44OU44Oz44Kw44Kq44Oz44Op44Kk44Oz44K344On44OD44OU44Oz44Kw6LK344GE54mp44OX44Os44K844Oz44OI44Ku44OV44OI6LSI44KK54mp6LSI562U5ZOB44GK5Lit5YWD44GK5q2z5pqu44GK6LK344GE5b6X44CO44Kr44O844OJ5a++5b+cT0vvvIHjgI/ilqDjgJLjg6bjgr/jgqvjg6HjgqTjgq8v44Om44K/44Kr44CQUFJEUC0244CRKDc1NDEyMjgpIOODgOOCpOODpOODreODvOODl+ODieODqeODoOW3u+OAgO+8ke+8ks+GJnRpbWVzO++8ke+8kO+8kO+9jSDlj5fms6jljZjkvY0x,55Kw5aKD5a6J5YWo55So5ZOBXOOCt+ODvOODiOODu+ODreODvOODl1zjg63jg7zjg5fjgILjgI7jgqvjg7zjg4nlr77lv5xPS++8geOAj+KWoOOAkuODpuOCv+OCq+ODoeOCpOOCry/jg6bjgr/jgqvjgJBQUkRQLTbjgJEoNzU0MTIyOCkg44OA44Kk44Ok44Ot44O844OX44OJ44Op44Og5be744CA77yR77ySz4YmdGltZXM777yR77yQ77yQ772NIOWPl+azqOWNmOS9jTE=[rn]
15-28064,,OTUwNC4wMDAw,,6Iqx44O744Ks44O844OH44Oz44O7RElZID4gRElZ44O75bel5YW3ID4g44Gd44Gu5LuW,44CO44Kr44O844OJ5a++5b+cT0vvvIHjgI/ilqDjgJLvvLPvvK3vvKnvvLTvvKjjgIDvvK/vvLDvvLTvvKnvvKPvvLPnpL4v77yz77yt77yp77y077yo44CA77yv77yw44CQT1RXMDFNQzEyQS0yUuOAkSg3NzM4MjAwKSDjgqLjgqbjg4jjgrXjgqTjg4nvvI/jg6/jgqTjg6Tjg7zjgIDov7flvakg5Y+X5rOo5Y2Y5L2NMQ==,,PGZvbnQgc2l6ZT0iNCI+57SN5pyf55uu5a6J77yaPC9mb250Pjxmb250IGNvbG9yPSIjMDAwMDAwIiBzaXplPSI0Ij7jgYrlj5bjgorlr4TjgZvlk4Eo6Kmz44GX44GP44Gv44GT44Gh44KJ44KS44Kv44Oq44OD44KvKTwvZm9udD48YnI+PGJyPgo8YnI+PGJyPuKXj+imlueVjOaAp+OBq+WEquOCjOOBpuOBhOOBvuOBmeOAgjxicj7il4/jg5jjg6vjg6Hjg4Pjg4joo4XnnYDmmYLjga7kvb/nlKjjgpLogIPmha7jgZfjgabjg4fjgrbjgqTjg7PjgZXjgozjgZ/jg5Xjg6zjg7zjg6DjgafjgZnjgII8YnI+4peP6KaW55WM44Gu5q2q44G/44KS5pyA5bCP6ZmQ44Gr44GX44Gf44Os44Oz44K65b2i54q244Gn44GZ44CCPGJyPuKXj+acieWus+OBqlVWQS9VVkIvVVZD5YWJ57ea44KSMTAwJemBruaWreOBl+OBvuOBmeOAgjxicj7il4/mipfoj4zliqDlt6XjgZXjgozjgZ/jgIHpm6Pnh4PntKDmnZDjga7jgq/jg4Pjgrfjg6fjg7PjgpLkvb/nlKjjgZfjgabjgYTjgb7jgZnjgII8YnI+PGJyPjxicj7il4/jg6zjg7PjgrroibLvvJrjgq/jg6rjgqI8YnI+4pePVVbjgqvjg4Pjg4jvvJrmnIk8YnI+4peP6Ziy5puH5Yqg5bel77ya5pyJPGJyPuKXj+mYsuWCt+WKoOW3pe+8muaciTxicj7il4/jg4Tjg6voqr/mlbTvvJrlj688YnI+4peP44OV44Os44O844Og6Imy77ya6L+35b2pPGJyPuKXj+izqumHjyhnKe+8mjEyNTxicj7il4/lj6/oppblhYnnt5rpgI/pgY7njocoJSnvvJo4OTxicj48YnI+4peP44Ki44Oh44Oq44Kr5Zu95a626KaP5qC8TUlMLURUTC00MzUxMUTjgIEgQU5TSSBaODcuMeOBq+a6luaLoDxicj48YnI+4peP44Os44Oz44K677ya6ICQ6KGd5pKD5by35YyW44Od44Oq44Kr44O844Oc44ON44O844OIPGJyPuKXj+ODleODrOODvOODoO+8muW8t+WMluaoueiEgjxicj4=,44CO44Kr44O844OJ5a++5b+cT0vvvIHjgI/ilqDjgJLvvLPvvK3vvKnvvLTvvKjjgIDvvK/vvLDvvLTvvKnvvKPvvLPnpL4v77yz77yt77yp77y077yo44CA77yv77yw44CQT1RXMDFNQzEyQS0yUuOAkSg3NzM4MjAwKSDjgqLjgqbjg4jjgrXjgqTjg4nvvI/jg6/jgqTjg6Tjg7zjgIDov7flvakg5Y+X5rOo5Y2Y5L2NMe+8muOCr+ODreODvOODkOODvOizh+adkOmkqA==,6YCa5L+h6LKp5aOy6YCa6LKp44K344On44OD44OU44Oz44Kw44Kq44Oz44Op44Kk44Oz44K344On44OD44OU44Oz44Kw6LK344GE54mp44OX44Os44K844Oz44OI44Ku44OV44OI6LSI44KK54mp6LSI562U5ZOB44GK5Lit5YWD44GK5q2z5pqu44GK6LK344GE5b6X44CO44Kr44O844OJ5a++5b+cT0vvvIHjgI/ilqDjgJLvvLPvvK3vvKnvvLTvvKjjgIDvvK/vvLDvvLTvvKnvvKPvvLPnpL4v77yz77yt77yp77y077yo44CA77yv77yw44CQT1RXMDFNQzEyQS0yUuOAkSg3NzM4MjAwKSDjgqLjgqbjg4jjgrXjgqTjg4nvvI/jg6/jgqTjg6Tjg7zjgIDov7flvakg5Y+X5rOo5Y2Y5L2NMQ==,55Kw5aKD5a6J5YWo55So5ZOBXOS/neitt+WFt1zkv53orbfjg6Hjgqzjg43jgILjgI7jgqvjg7zjg4nlr77lv5xPS++8geOAj+KWoOOAku+8s++8re+8qe+8tO+8qOOAgO+8r++8sO+8tO+8qe+8o++8s+ekvi/vvLPvvK3vvKnvvLTvvKjjgIDvvK/vvLDjgJBPVFcwMU1DMTJBLTJS44CRKDc3MzgyMDApIOOCouOCpuODiOOCteOCpOODie+8j+ODr+OCpOODpOODvOOAgOi/t+W9qSDlj5fms6jljZjkvY0x[rn]
15-28065,,MTY3MC40MDAw,,6Iqx44O744Ks44O844OH44Oz44O7RElZID4gRElZ44O75bel5YW3ID4g44Gd44Gu5LuW,4pag44CS5YWJL+WFiSDph5HnianjgJBQRTE4OTAtMeOAkSg3ODk2MDY5KSDlhYkg44Od44Oq44OX44Os44O844OIIDE4MjDDlzkxMG1tIOODm+ODr+OCpOODiCDnmbrms6jljZjkvY0x,,PGZvbnQgc2l6ZT0iNCI+57SN5pyf55uu5a6J77yaPC9mb250Pjxmb250IGNvbG9yPSIjMDAwMDAwIiBzaXplPSI0Ij7jgYrlj5bjgorlr4TjgZvlk4Eo6Kmz44GX44GP44Gv44GT44Gh44KJ44KS44Kv44Oq44OD44KvKTwvZm9udD48YnI+PGJyPjxicj4K4peP44Kr44OD44K/44O844Gq44Gp44Gn57Ch5Y2Y44Gr5YiH44KM44G+44GZ44CCPGJyPgril4/kvY7nmbrms6Hjgafou73ph4/jgIHmsLTjgavlvLfjgYTjgafjgZnjgII8YnI+CuKXj+mkiueUn+adkOODu+eci+adv+OAgjxicj4K4peP5bmFKG0pOjAuOTE8YnI+CuKXj+mVt+OBlShtKToxLjgyPGJyPgril4/ljprjgb8obW0pOjIuNDxicj4K4peP6ImyOuODm+ODr+OCpOODiDxicj4K4peP6ImyOuODm+ODr+OCpOODiDxicj4K4peP44Od44Oq44Ko44OB44Os44OzKFBFKQ==,4pag44CS5YWJL+WFiSDph5HnianjgJBQRTE4OTAtMeOAkSg3ODk2MDY5KSDlhYkg44Od44Oq44OX44Os44O844OIIDE4MjAmdGltZXM7OTEwbW0g44Ob44Ov44Kk44OIIOeZuuazqOWNmOS9jTHvvJrjgq/jg63jg7zjg5Djg7zos4fmnZDppKg=,6YCa5L+h6LKp5aOy6YCa6LKp44K344On44OD44OU44Oz44Kw44Kq44Oz44Op44Kk44Oz44K344On44OD44OU44Oz44Kw6LK344GE54mp44OX44Os44K844Oz44OI44Ku44OV44OI6LSI44KK54mp6LSI562U5ZOB44GK5Lit5YWD44GK5q2z5pqu44GK6LK344GE5b6X4pag44CS5YWJL+WFiSDph5HnianjgJBQRTE4OTAtMeOAkSg3ODk2MDY5KSDlhYkg44Od44Oq44OX44Os44O844OIIDE4MjAmdGltZXM7OTEwbW0g44Ob44Ov44Kk44OIIOeZuuazqOWNmOS9jTE=,55Kw5aKD5a6J5YWo55So5ZOBXOOCt+ODvOODiOODu+ODreODvOODl+OAguKWoOOAkuWFiS/lhYkg6YeR54mp44CQUEUxODkwLTHjgJEoNzg5NjA2OSkg5YWJIOODneODquODl+ODrOODvOODiCAxODIwJnRpbWVzOzkxMG1tIOODm+ODr+OCpOODiCDnmbrms6jljZjkvY0x[rn]
15-28066,,MzYyMS42MDAw,,6Iqx44O744Ks44O844OH44Oz44O7RElZID4gRElZ44O75bel5YW3ID4g44Gd44Gu5LuW,4pag44CS44Om44K/44Kr44Oh44Kk44KvL+ODpuOCv+OCqyDjg63jg7zjg5fjgJBQUlAtN+OAkSg3OTQ3OTg0KSDjg6bjgr/jgqsg77yw77yw44Ot44O844OX44OJ44Op44Og5be7IDNtbcOXMzAw772NIOeZuuazqOWNmOS9jTE=,,PGZvbnQgc2l6ZT0iNCI+57SN5pyf55uu5a6J77yaPC9mb250Pjxmb250IGNvbG9yPSIjMDAwMDAwIiBzaXplPSI0Ij7jgYrlj5bjgorlr4TjgZvlk4Eo6Kmz44GX44GP44Gv44GT44Gh44KJ44KS44Kv44Oq44OD44KvKTwvZm9udD48YnI+PGJyPjxicj4K4peP5a6J5L6h44Gn6Lu96YeP44O75by35bqm44Gr5YSq44KM44Gf44Ot44O844OX44Gn44GZ44CCPGJyPgril4/mvIHmpa3jgIHojbflvbnjgIHkuIDoiKzkvZzmpa3jgII8YnI+CuKXj+iJsjrjgqvjg4Pjg4HoibI8YnI+CuKXj+e3muW+hChtbSk6Mzxicj4K4peP6ZW344GVKG0pOjMwMDxicj4K4peP5YyF6KOF5b2i5oWLOuODieODqeODoOW3uzxicj4K4peP44OJ44Op44Og5be7PGJyPgril4/jgqvjg4Pjg4HoibI8YnI+CuKXj+S4ieOBpOaJk+OBoTxicj4K4peP44Od44Oq44OX44Ot44OU44Os44OzKFBQKQ==,4pag44CS44Om44K/44Kr44Oh44Kk44KvL+ODpuOCv+OCqyDjg63jg7zjg5fjgJBQUlAtN+OAkSg3OTQ3OTg0KSDjg6bjgr/jgqsg77yw77yw44Ot44O844OX44OJ44Op44Og5be7IDNtbSZ0aW1lczszMDDvvY0g55m65rOo5Y2Y5L2NMe+8muOCr+ODreODvOODkOODvOizh+adkOmkqA==,6YCa5L+h6LKp5aOy6YCa6LKp44K344On44OD44OU44Oz44Kw44Kq44Oz44Op44Kk44Oz44K344On44OD44OU44Oz44Kw6LK344GE54mp44OX44Os44K844Oz44OI44Ku44OV44OI6LSI44KK54mp6LSI562U5ZOB44GK5Lit5YWD44GK5q2z5pqu44GK6LK344GE5b6X4pag44CS44Om44K/44Kr44Oh44Kk44KvL+ODpuOCv+OCqyDjg63jg7zjg5fjgJBQUlAtN+OAkSg3OTQ3OTg0KSDjg6bjgr/jgqsg77yw77yw44Ot44O844OX44OJ44Op44Og5be7IDNtbSZ0aW1lczszMDDvvY0g55m65rOo5Y2Y5L2NMQ==,55Kw5aKD5a6J5YWo55So5ZOBXOOCt+ODvOODiOODu+ODreODvOODl+OAguKWoOOAkuODpuOCv+OCq+ODoeOCpOOCry/jg6bjgr/jgqsg44Ot44O844OX44CQUFJQLTfjgJEoNzk0Nzk4NCkg44Om44K/44KrIO+8sO+8sOODreODvOODl+ODieODqeODoOW3uyAzbW0mdGltZXM7MzAw772NIOeZuuazqOWNmOS9jTE=[rn]
15-28067,,MjE2MDAuMDAwMA==,,6Iqx44O744Ks44O844OH44Oz44O7RElZID4gRElZ44O75bel5YW3ID4g44Gd44Gu5LuW,4pag44CS44Ko44Og44Ko44OVL++8re+8piDmorHljIXos4fmnZDjgJBHTTAwMeOAkSg3ODUwOTEzKSDvvK3vvKYg54++5aC044Gu44Oh44Kk44Kv44Oc44OD44Kv44K5IOeZuuazqOWNmOS9jTE=,,PGZvbnQgc2l6ZT0iNCI+57SN5pyf55uu5a6J77yaPC9mb250Pjxmb250IGNvbG9yPSIjMDAwMDAwIiBzaXplPSI0Ij7jgYrlj5bjgorlr4TjgZvlk4Eo6Kmz44GX44GP44Gv44GT44Gh44KJ44KS44Kv44Oq44OD44KvKTwvZm9udD48YnI+PGJyPjxicj4K4peP57mw44KK6L+U44GX5Yip55So44Gn44GN44G+44GZ44CCPGJyPgril4/ntKDmnZDjgYzou73jgY/mjIHjgaHpgYvjgbPjgYzlrrnmmJPjgafjgZnjgII8YnI+CuKXj+aVtOeQhuaVtOmgk+OBp+OBjeOCi+OBruOBp+OAgeePvuWgtOe+juWMluOBq+acgOmBqeOBp+OBmeOAgjxicj4K4peP54++5aC0576O5YyW44Gr44CCPGJyPgril4/luYUobW0pOjQzMDxicj4K4peP5aWl6KGMKG1tKTozMjU8YnI+CuKXj+mrmOOBlShtbSk6Njk1PGJyPgril4/oibI644OW44Or44O8PGJyPgril4/jg53jg6rjgqjjgrnjg4bjg6s=,4pag44CS44Ko44Og44Ko44OVL++8re+8piDmorHljIXos4fmnZDjgJBHTTAwMeOAkSg3ODUwOTEzKSDvvK3vvKYg54++5aC044Gu44Oh44Kk44Kv44Oc44OD44Kv44K5IOeZuuazqOWNmOS9jTHvvJrjgq/jg63jg7zjg5Djg7zos4fmnZDppKg=,6YCa5L+h6LKp5aOy6YCa6LKp44K344On44OD44OU44Oz44Kw44Kq44Oz44Op44Kk44Oz44K344On44OD44OU44Oz44Kw6LK344GE54mp44OX44Os44K844Oz44OI44Ku44OV44OI6LSI44KK54mp6LSI562U5ZOB44GK5Lit5YWD44GK5q2z5pqu44GK6LK344GE5b6X4pag44CS44Ko44Og44Ko44OVL++8re+8piDmorHljIXos4fmnZDjgJBHTTAwMeOAkSg3ODUwOTEzKSDvvK3vvKYg54++5aC044Gu44Oh44Kk44Kv44Oc44OD44Kv44K5IOeZuuazqOWNmOS9jTE=,55Kw5aKD5a6J5YWo55So5ZOBXOOCt+ODvOODiOODu+ODreODvOODl+OAguKWoOOAkuOCqOODoOOCqOODlS/vvK3vvKYg5qKx5YyF6LOH5p2Q44CQR00wMDHjgJEoNzg1MDkxMykg77yt77ymIOePvuWgtOOBruODoeOCpOOCr+ODnOODg+OCr+OCuSDnmbrms6jljZjkvY0x[rn]
15-28068,,MzMyMC4wMDAw,,6Iqx44O744Ks44O844OH44Oz44O7RElZID4gRElZ44O75bel5YW3ID4g44Gd44Gu5LuW,4pag44CS44Om44K/44Kr44Oh44Kk44KvL+ODpuOCv+OCqyDjg63jg7zjg5fjgJBQUkUtODLjgJEoNzk0NzgxMCkg44Om44K/44KrIOODneODquOCqOODgeODrOODs+ODreODvOODl+ODieODqeODoOW3uyA0bW3DlzIwMO+9jSDjg5bjg6vjg7wg55m65rOo5Y2Y5L2NMQ==,,PGZvbnQgc2l6ZT0iNCI+57SN5pyf55uu5a6J77yaPC9mb250Pjxmb250IGNvbG9yPSIjMDAwMDAwIiBzaXplPSI0Ij7jgYrlj5bjgorlr4TjgZvlk4Eo6Kmz44GX44GP44Gv44GT44Gh44KJ44KS44Kv44Oq44OD44KvKTwvZm9udD48YnI+PGJyPjxicj4K4peP6ICQ5YCZ5oCn44Gr5YSq44KM44CB6Lu96YeP44Gn5rC044Gr5by344GP44CB5by35Yqb44Gn44K344On44OD44Kv44Gr44KC5by344GE44Ot44O844OX44Gn44GZ44CCPGJyPgril4/jg43jg4Pjg4jjgIHovrLmsLTnlKPmpa3jgIHjgqTjg7Pjg4bjg6rjgqLjgarjganjgII8YnI+CuKXj+iJsjrpnZI8YnI+CuKXj+e3muW+hChtbSk6NDxicj4K4peP6ZW344GVKG0pOjIwMDxicj4K4peP5YyF6KOF5b2i5oWLOuODieODqeODoOW3uzxicj4K4peP44OJ44Op44Og5be7PGJyPgril4/kuInjgaTmiZM8YnI+CuKXjzRtbcOXMjAwbTxicj4K4peP44OW44Or44O8PGJyPgril4/jg53jg6rjgqjjg4Hjg6zjg7MoUEUp,4pag44CS44Om44K/44Kr44Oh44Kk44KvL+ODpuOCv+OCqyDjg63jg7zjg5fjgJBQUkUtODLjgJEoNzk0NzgxMCkg44Om44K/44KrIOODneODquOCqOODgeODrOODs+ODreODvOODl+ODieODqeODoOW3uyA0bW0mdGltZXM7MjAw772NIOODluODq+ODvCDnmbrms6jljZjkvY0x77ya44Kv44Ot44O844OQ44O86LOH5p2Q6aSo,6YCa5L+h6LKp5aOy6YCa6LKp44K344On44OD44OU44Oz44Kw44Kq44Oz44Op44Kk44Oz44K344On44OD44OU44Oz44Kw6LK344GE54mp44OX44Os44K844Oz44OI44Ku44OV44OI6LSI44KK54mp6LSI562U5ZOB44GK5Lit5YWD44GK5q2z5pqu44GK6LK344GE5b6X4pag44CS44Om44K/44Kr44Oh44Kk44KvL+ODpuOCv+OCqyDjg63jg7zjg5fjgJBQUkUtODLjgJEoNzk0NzgxMCkg44Om44K/44KrIOODneODquOCqOODgeODrOODs+ODreODvOODl+ODieODqeODoOW3uyA0bW0mdGltZXM7MjAw772NIOODluODq+ODvCDnmbrms6jljZjkvY0x,55Kw5aKD5a6J5YWo55So5ZOBXOOCt+ODvOODiOODu+ODreODvOODl+OAguKWoOOAkuODpuOCv+OCq+ODoeOCpOOCry/jg6bjgr/jgqsg44Ot44O844OX44CQUFJFLTgy44CRKDc5NDc4MTApIOODpuOCv+OCqyDjg53jg6rjgqjjg4Hjg6zjg7Pjg63jg7zjg5fjg4njg6njg6Dlt7sgNG1tJnRpbWVzOzIwMO+9jSDjg5bjg6vjg7wg55m65rOo5Y2Y5L2NMQ==[rn]
15-28069,,MTY3MC40MDAw,,6Iqx44O744Ks44O844OH44Oz44O7RElZID4gRElZ44O75bel5YW3ID4g44Gd44Gu5LuW,4pag44CS5YWJL+WFiSDph5HnianjgJBQRTE4OTAtNeOAkSg3ODk2MDg1KSDlhYkg44Od44Oq44OX44Os44O844OIIDE4MjDDlzkxMG1tIOODluODq+ODvCDnmbrms6jljZjkvY0x,,PGZvbnQgc2l6ZT0iNCI+57SN5pyf55uu5a6J77yaPC9mb250Pjxmb250IGNvbG9yPSIjMDAwMDAwIiBzaXplPSI0Ij7jgYrlj5bjgorlr4TjgZvlk4Eo6Kmz44GX44GP44Gv44GT44Gh44KJ44KS44Kv44Oq44OD44KvKTwvZm9udD48YnI+PGJyPjxicj4K4peP44Kr44OD44K/44O844Gq44Gp44Gn57Ch5Y2Y44Gr5YiH44KM44G+44GZ44CCPGJyPgril4/kvY7nmbrms6Hjgafou73ph4/jgIHmsLTjgavlvLfjgYTjgafjgZnjgII8YnI+CuKXj+mkiueUn+adkOODu+eci+adv+OAgjxicj4K4peP5bmFKG0pOjAuOTE8YnI+CuKXj+mVt+OBlShtKToxLjgyPGJyPgril4/ljprjgb8obW0pOjIuNDxicj4K4peP6ImyOuODluODq+ODvDxicj4K4peP6ImyOuODluODq+ODvDxicj4K4peP44Od44Oq44Ko44OB44Os44OzKFBFKQ==,4pag44CS5YWJL+WFiSDph5HnianjgJBQRTE4OTAtNeOAkSg3ODk2MDg1KSDlhYkg44Od44Oq44OX44Os44O844OIIDE4MjAmdGltZXM7OTEwbW0g44OW44Or44O8IOeZuuazqOWNmOS9jTHvvJrjgq/jg63jg7zjg5Djg7zos4fmnZDppKg=,6YCa5L+h6LKp5aOy6YCa6LKp44K344On44OD44OU44Oz44Kw44Kq44Oz44Op44Kk44Oz44K344On44OD44OU44Oz44Kw6LK344GE54mp44OX44Os44K844Oz44OI44Ku44OV44OI6LSI44KK54mp6LSI562U5ZOB44GK5Lit5YWD44GK5q2z5pqu44GK6LK344GE5b6X4pag44CS5YWJL+WFiSDph5HnianjgJBQRTE4OTAtNeOAkSg3ODk2MDg1KSDlhYkg44Od44Oq44OX44Os44O844OIIDE4MjAmdGltZXM7OTEwbW0g44OW44Or44O8IOeZuuazqOWNmOS9jTE=,55Kw5aKD5a6J5YWo55So5ZOBXOOCt+ODvOODiOODu+ODreODvOODl+OAguKWoOOAkuWFiS/lhYkg6YeR54mp44CQUEUxODkwLTXjgJEoNzg5NjA4NSkg5YWJIOODneODquODl+ODrOODvOODiCAxODIwJnRpbWVzOzkxMG1tIOODluODq+ODvCDnmbrms6jljZjkvY0x[rn]
15-28070,,MjczNi44MDAw,,6Iqx44O744Ks44O844OH44Oz44O7RElZID4gRElZ44O75bel5YW3ID4g44Gd44Gu5LuW,4pag44CS44OI44Op44K544Kz5Lit5bGxL++8tO+8su+8te+8s++8o++8ryDlnJ/jga7jgYbooovvvLTjgJBUTkYtMTAyNS1HTuOAkSg4MTgzODM3KSDvvLTvvLLvvLXvvLPvvKPvvK8g44ON44OD44OI44OV44Kn44Oz44K5IOODreODvOODqyDjgrDjg6rjg7zjg7MgMe+9jcOXMjXvvY0g55m65rOo5Y2Y5L2NMQ==,,PGZvbnQgc2l6ZT0iNCI+57SN5pyf55uu5a6J77yaPC9mb250Pjxmb250IGNvbG9yPSIjMDAwMDAwIiBzaXplPSI0Ij7jgYrlj5bjgorlr4TjgZvlk4Eo6Kmz44GX44GP44Gv44GT44Gh44KJ44KS44Kv44Oq44OD44KvKTwvZm9udD48YnI+PGJyPjxicj4K4peP5Y2Y566h44OR44Kk44OX44O75pSv5p+x44Gq44Gp44KS5biv55uu44Gr5Lqk5LqS44Gr6YCa44GZ44Gg44GR44Gn57Ch5Y2Y44Gr6Kit572u44Gn44GN44KL44CB44ON44OD44OI44K/44Kk44OX44Gu44OV44Kn44Oz44K544Gn44GZ44CCPGJyPgril4/lt6Xkuovnj77loLTjgarjganlm7LjgYTjgII8YnI+CuKXj+OCueOCreODvOWgtOOBquOBqeOBp+OBruWMuueUu+aVtOeQhuOAgjxicj4K4peP5bmFKG0pOjE8YnI+CuKXj+mVt+OBlShtKToyNTxicj4K4peP6ImyOuOCsOODquODvOODszxicj4K4peP55uu5ZCIKG1tKToqPGJyPgril4/nm67lkIg6NMOXNG1tPGJyPgril4/jg43jg4Pjg4jvvJrjg53jg6rjgqjjg4Hjg6zjg7MoUEUp,4pag44CS44OI44Op44K544Kz5Lit5bGxL++8tO+8su+8te+8s++8o++8ryDlnJ/jga7jgYbooovvvLTjgJBUTkYtMTAyNS1HTuOAkSg4MTgzODM3KSDvvLTvvLLvvLXvvLPvvKPvvK8g44ON44OD44OI44OV44Kn44Oz44K5IOODreODvOODqyDjgrDjg6rjg7zjg7MgMe+9jSZ0aW1lczsyNe+9jSDnmbrms6jljZjkvY0x77ya44Kv44Ot44O844OQ44O86LOH5p2Q6aSo,6YCa5L+h6LKp5aOy6YCa6LKp44K344On44OD44OU44Oz44Kw44Kq44Oz44Op44Kk44Oz44K344On44OD44OU44Oz44Kw6LK344GE54mp44OX44Os44K844Oz44OI44Ku44OV44OI6LSI44KK54mp6LSI562U5ZOB44GK5Lit5YWD44GK5q2z5pqu44GK6LK344GE5b6X4pag44CS44OI44Op44K544Kz5Lit5bGxL++8tO+8su+8te+8s++8o++8ryDlnJ/jga7jgYbooovvvLTjgJBUTkYtMTAyNS1HTuOAkSg4MTgzODM3KSDvvLTvvLLvvLXvvLPvvKPvvK8g44ON44OD44OI44OV44Kn44Oz44K5IOODreODvOODqyDjgrDjg6rjg7zjg7MgMe+9jSZ0aW1lczsyNe+9jSDnmbrms6jljZjkvY0x,55Kw5aKD5a6J5YWo55So5ZOBXOOCt+ODvOODiOODu+ODreODvOODl+OAguKWoOOAkuODiOODqeOCueOCs+S4reWxsS/vvLTvvLLvvLXvvLPvvKPvvK8g5Zyf44Gu44GG6KKL77y044CQVE5GLTEwMjUtR07jgJEoODE4MzgzNykg77y077yy77y177yz77yj77yvIOODjeODg+ODiOODleOCp+ODs+OCuSDjg63jg7zjg6sg44Kw44Oq44O844OzIDHvvY0mdGltZXM7MjXvvY0g55m65rOo5Y2Y5L2NMQ==[rn]
15-28071,,MjAxMi4wMDAw,,6Iqx44O744Ks44O844OH44Oz44O7RElZID4gRElZ44O75bel5YW3ID4g44Gd44Gu5LuW,4pag44CS5ZKM5rCX55Sj5qWtL++8t++8oe+8q++8qSDph5HnianjgJBXSzAxMuOAkSg4MTg5ODAxKSDvvLfvvKHvvKvvvKkg44Gv44GM44Gb44KL44OV44Kn44Or44OIIOeZuuazqOWNmOS9jTE=,,PGZvbnQgc2l6ZT0iNCI+57SN5pyf55uu5a6J77yaPC9mb250Pjxmb250IGNvbG9yPSIjMDAwMDAwIiBzaXplPSI0Ij7jgYrlj5bjgorlr4TjgZvlk4Eo6Kmz44GX44GP44Gv44GT44Gh44KJ44KS44Kv44Oq44OD44KvKTwvZm9udD48YnI+PGJyPjxicj4K4peP6KOP6Z2i44Gu6YCP5piO44OV44Kj44Or44Og44KS44Gv44GM44GX44Gm5Y+W44KK5LuY44GR44G+44GZ44CCPGJyPgril4/lh7nlh7jjga7jgYLjgovloZfjgorlo4Hjg7vjgq/jg63jgrnlo4HjgIHjgqvjg7zjg5rjg4Pjg4jjg7vnlbPjgavjga/lkLjnnYDjgZfjgb7jgZvjgpPjgII8YnI+CuKXj+iyvOOCi+OBoOOBkeOBp+OBl+OBo+OBi+OCiuWQuOedgOOBl+OBvuOBmeOAgjxicj4K4peP44GN44KM44GE44Gr5Yml44GM44GZ5LqL44GM44Gn44GN44GP44KK44GL44GI44GX5L2/44GI44G+44GZ44CCPGJyPgril4/jg5Xjg63jg7zjg6rjg7PjgrDluorjga7jgq3jgrrpmLLmraLjgavjgII8YnI+CuKXj+W5s+a7keOBquafseODu+WjgemdouOBrumkiueUn+OBq+OAgjxicj4K4peP5bmFKG0pOjAuOTE8YnI+CuKXj+mVt+OBlShtKToxPGJyPgril4/ljprjgb8obW0pOjI8YnI+CuKXj+iJsjrjgrDjg6zjg7w8YnI+CuKXj+ihqOmdou+8muODneODquOCqOOCueODhuODqzEwMCU8YnI+CuKXj+ijj+mdou+8muOCouOCr+ODquODq+aoueiEgg==,4pag44CS5ZKM5rCX55Sj5qWtL++8t++8oe+8q++8qSDph5HnianjgJBXSzAxMuOAkSg4MTg5ODAxKSDvvLfvvKHvvKvvvKkg44Gv44GM44Gb44KL44OV44Kn44Or44OIIOeZuuazqOWNmOS9jTHvvJrjgq/jg63jg7zjg5Djg7zos4fmnZDppKg=,6YCa5L+h6LKp5aOy6YCa6LKp44K344On44OD44OU44Oz44Kw44Kq44Oz44Op44Kk44Oz44K344On44OD44OU44Oz44Kw6LK344GE54mp44OX44Os44K844Oz44OI44Ku44OV44OI6LSI44KK54mp6LSI562U5ZOB44GK5Lit5YWD44GK5q2z5pqu44GK6LK344GE5b6X4pag44CS5ZKM5rCX55Sj5qWtL++8t++8oe+8q++8qSDph5HnianjgJBXSzAxMuOAkSg4MTg5ODAxKSDvvLfvvKHvvKvvvKkg44Gv44GM44Gb44KL44OV44Kn44Or44OIIOeZuuazqOWNmOS9jTE=,55Kw5aKD5a6J5YWo55So5ZOBXOOCt+ODvOODiOODu+ODreODvOODl+OAguKWoOOAkuWSjOawl+eUo+alrS/vvLfvvKHvvKvvvKkg6YeR54mp44CQV0swMTLjgJEoODE4OTgwMSkg77y377yh77yr77ypIOOBr+OBjOOBm+OCi+ODleOCp+ODq+ODiCDnmbrms6jljZjkvY0x[rn]
15-28072,aHR0cDovL3RzaG9wLnIxMHMuanAvZ29sZC9jbG92ZXI5NjA4L2ltYWdlb3JhLzEvdDAxMDAwMzgwNzIwMi5qcGc/Zml0aW49NzAwOjcwMA==,MjgwLjgwMDA=,,6Iqx44O744Ks44O844OH44Oz44O7RElZID4gRElZ44O75bel5YW3ID4g44Gd44Gu5LuW,44CO44Kr44O844OJ5a++5b+cT0vvvIHjgI/ilqDjgJLjgqrjg7zjgqjjg4Pjg4Hlt6Xmpa0v77yv77yo44CA44K744O844OV44OG44Kj44Kz44O844OJ55So5o6l57aa44Kz44O844OJ44CA77yT77yr772H55So44CQU0MtSjLjgJEoMzcwNTk5NCkg5Y+X5rOo5Y2Y5L2NMQ==,,PGZvbnQgc2l6ZT0iNCI+57SN5pyf55uu5a6J77yaPC9mb250Pjxmb250IGNvbG9yPSIjMDAwMDAwIiBzaXplPSI0Ij7jgYrlj5bjgorlr4TjgZvlk4Eo6Kmz44GX44GP44Gv44GT44Gh44KJ44KS44Kv44Oq44OD44KvKTwvZm9udD48YnI+4peP5o6l57aa44Kz44O844OJ44Gn44GZ44CC,44CO44Kr44O844OJ5a++5b+cT0vvvIHjgI/ilqDjgJLjgqrjg7zjgqjjg4Pjg4Hlt6Xmpa0v77yv77yo44CA44K744O844OV44OG44Kj44Kz44O844OJ55So5o6l57aa44Kz44O844OJ44CA77yT77yr772H55So44CQU0MtSjLjgJEoMzcwNTk5NCkg5Y+X5rOo5Y2Y5L2NMe+8muOCr+ODreODvOODkOODvOizh+adkOmkqA==,6YCa5L+h6LKp5aOy6YCa6LKp44K344On44OD44OU44Oz44Kw44Kq44Oz44Op44Kk44Oz44K344On44OD44OU44Oz44Kw6LK344GE54mp44OX44Os44K844Oz44OI44Ku44OV44OI6LSI44KK54mp6LSI562U5ZOB44GK5Lit5YWD44GK5q2z5pqu44GK6LK344GE5b6X44CO44Kr44O844OJ5a++5b+cT0vvvIHjgI/ilqDjgJLjgqrjg7zjgqjjg4Pjg4Hlt6Xmpa0v77yv77yo44CA44K744O844OV44OG44Kj44Kz44O844OJ55So5o6l57aa44Kz44O844OJ44CA77yT77yr772H55So44CQU0MtSjLjgJEoMzcwNTk5NCkg5Y+X5rOo5Y2Y5L2NMQ==,55Kw5aKD5a6J5YWo55So5ZOBXOS/neitt+WFt1zjg4Tjg7zjg6vjg63jg7zjg5fjgILjgI7jgqvjg7zjg4nlr77lv5xPS++8geOAj+KWoOOAkuOCquODvOOCqOODg+ODgeW3pealrS/vvK/vvKjjgIDjgrvjg7zjg5Xjg4bjgqPjgrPjg7zjg4nnlKjmjqXntprjgrPjg7zjg4njgIDvvJPvvKvvvYfnlKjjgJBTQy1KMuOAkSgzNzA1OTk0KSDlj5fms6jljZjkvY0x[rn]
15-28073,aHR0cDovL3RzaG9wLnIxMHMuanAvZ29sZC9jbG92ZXI5NjA4L2ltYWdlb3JhLzEvdDAxMDAwNTQzMjYxMC5qcGc/Zml0aW49NzAwOjcwMA==,MTQ2OC44MDAw,,6Iqx44O744Ks44O844OH44Oz44O7RElZID4gRElZ44O75bel5YW3ID4g44Gd44Gu5LuW,44CO44Kr44O844OJ5a++5b+cT0vvvIHjgI/ilqDjgJLjg4jjg4Pjg5flt6Xmpa0v77y077yv77yw44CA5pC65biv55So44K944Kx44OD44OI44Ob44Or44OA44O844CA77yT6Imy44K744OD44OI77yI6Z2Sw5fotaTDl+m7ku+8ieOAkEVTSC1CUkJLTuOAkSg0MTg2MTUwKSDlj5fms6jljZjkvY0x,,PGZvbnQgc2l6ZT0iNCI+57SN5pyf55uu5a6J77yaPC9mb250Pjxmb250IGNvbG9yPSIjMDAwMDAwIiBzaXplPSI0Ij7jgYrlj5bjgorlr4TjgZvlk4Eo6Kmz44GX44GP44Gv44GT44Gh44KJ44KS44Kv44Oq44OD44KvKTwvZm9udD48YnI+4peP44K544Op44Kk44OJ6YOo44KS5byV5LiK44GS44Gm6ISx552A44GZ44KL44Gf44KB44Gr5a6J5YWo44Gn44GZ44CCPGJyPuKXj+S4uOeptOW9oueKtuOBpzYuMzVtbeWFreinkuOBjOewoeWNmOOBq+W3ruOBl+WFpeOCjOWHuuadpeOBvuOBmeOAgjxicj7il4/liKXlo7Ljgorjga7jgq3jg7zjgqLjg4Djg5fjgr/jg7zjgpLpgKPntZDjgZnjgovjgajpjbXjgarjganjga7kv53nrqHjgavjgoLkvb/jgYjjgb7jgZnjgII=,44CO44Kr44O844OJ5a++5b+cT0vvvIHjgI/ilqDjgJLjg4jjg4Pjg5flt6Xmpa0v77y077yv77yw44CA5pC65biv55So44K944Kx44OD44OI44Ob44Or44OA44O844CA77yT6Imy44K744OD44OI77yI6Z2SJnRpbWVzO+i1pCZ0aW1lczvpu5LvvInjgJBFU0gtQlJCS07jgJEoNDE4NjE1MCkg5Y+X5rOo5Y2Y5L2NMe+8muOCr+ODreODvOODkOODvOizh+adkOmkqA==,6YCa5L+h6LKp5aOy6YCa6LKp44K344On44OD44OU44Oz44Kw44Kq44Oz44Op44Kk44Oz44K344On44OD44OU44Oz44Kw6LK344GE54mp44OX44Os44K844Oz44OI44Ku44OV44OI6LSI44KK54mp6LSI562U5ZOB44GK5Lit5YWD44GK5q2z5pqu44GK6LK344GE5b6X44CO44Kr44O844OJ5a++5b+cT0vvvIHjgI/ilqDjgJLjg4jjg4Pjg5flt6Xmpa0v77y077yv77yw44CA5pC65biv55So44K944Kx44OD44OI44Ob44Or44OA44O844CA77yT6Imy44K744OD44OI77yI6Z2SJnRpbWVzO+i1pCZ0aW1lczvpu5LvvInjgJBFU0gtQlJCS07jgJEoNDE4NjE1MCkg5Y+X5rOo5Y2Y5L2NMQ==,55Kw5aKD5a6J5YWo55So5ZOBXOS/neitt+WFt1zjg4Tjg7zjg6vjg63jg7zjg5fjgILjgI7jgqvjg7zjg4nlr77lv5xPS++8geOAj+KWoOOAkuODiOODg+ODl+W3pealrS/vvLTvvK/vvLDjgIDmkLrluK/nlKjjgr3jgrHjg4Pjg4jjg5vjg6vjg4Djg7zjgIDvvJPoibLjgrvjg4Pjg4jvvIjpnZImdGltZXM76LWkJnRpbWVzO+m7ku+8ieOAkEVTSC1CUkJLTuOAkSg0MTg2MTUwKSDlj5fms6jljZjkvY0x[rn]
15-28074,aHR0cDovL3RzaG9wLnIxMHMuanAvZ29sZC9jbG92ZXI5NjA4L2ltYWdlb3JhLzEvdDAxMDAwNDkyMzQ3OC5qcGc/Zml0aW49NzAwOjcwMA==,MTkzMy42MDAw,,6Iqx44O744Ks44O844OH44Oz44O7RElZID4gRElZ44O75bel5YW3ID4g44Gd44Gu5LuW,44CO44Kr44O844OJ5a++5b+cT0vvvIHjgI/ilqDjgJLjgqrjg7zjgqjjg4Pjg4Hlt6Xmpa0v77yv77yo44CA44K744O844OV44OG44Kj44Kz44O844OJ44CA77yV772L772H55So44CA44Op44Kk44OI44OW44Or44O844CQU0NOLTUwTOOAkSgzOTU4ODY4KSDlj5fms6jljZjkvY0x,,PGZvbnQgc2l6ZT0iNCI+57SN5pyf55uu5a6J77yaPC9mb250Pjxmb250IGNvbG9yPSIjMDAwMDAwIiBzaXplPSI0Ij7jgYrlj5bjgorlr4TjgZvlk4Eo6Kmz44GX44GP44Gv44GT44Gh44KJ44KS44Kv44Oq44OD44KvKTwvZm9udD48YnI+4peP44K544OG44Oz44Os44K544Ov44Kk44Ok44O844Go44Km44Os44K/44Oz44Kz44O844OJ44KS5LiA5L2T5oiQ5b2i44GX44Gm44GE44KL44Gu44Gn5Lit44Gn44Ov44Kk44Ok44O844GM44Ga44KM44Gf44KK44Gb44Ga5LiI5aSr44Gn44GZ44CCPGJyPuKXj+OCueOCseODq+ODiOODs+OCq+ODqeODvOOBquOBruOBp+ODr+OCpOODpOODvOOBjOimi+OBiOWuieW/g+aEn+OBjOOBguOCiuOBvuOBmeOAgjxicj7il4/ogJDkuYXmgKfjg7vkvLjnuK7mgKfjg5Djg4TjgrDjg7Pjga7kuIros6rjgqbjg6zjgr/jg7PjgpLkvb/nlKjjgII8YnI+4peP5byV44Gj5by144KK5oq15oqX44GM5bCR44Gq44GE6Lu944GE5Ly457iu44Gq44Gu44Gn44CB5Ly444Gz44Gr5L2Z6KOV44GM44GC44KK44G+44GZ44CC,44CO44Kr44O844OJ5a++5b+cT0vvvIHjgI/ilqDjgJLjgqrjg7zjgqjjg4Pjg4Hlt6Xmpa0v77yv77yo44CA44K744O844OV44OG44Kj44Kz44O844OJ44CA77yV772L772H55So44CA44Op44Kk44OI44OW44Or44O844CQU0NOLTUwTOOAkSgzOTU4ODY4KSDlj5fms6jljZjkvY0x77ya44Kv44Ot44O844OQ44O86LOH5p2Q6aSo,6YCa5L+h6LKp5aOy6YCa6LKp44K344On44OD44OU44Oz44Kw44Kq44Oz44Op44Kk44Oz44K344On44OD44OU44Oz44Kw6LK344GE54mp44OX44Os44K844Oz44OI44Ku44OV44OI6LSI44KK54mp6LSI562U5ZOB44GK5Lit5YWD44GK5q2z5pqu44GK6LK344GE5b6X44CO44Kr44O844OJ5a++5b+cT0vvvIHjgI/ilqDjgJLjgqrjg7zjgqjjg4Pjg4Hlt6Xmpa0v77yv77yo44CA44K744O844OV44OG44Kj44Kz44O844OJ44CA77yV772L772H55So44CA44Op44Kk44OI44OW44Or44O844CQU0NOLTUwTOOAkSgzOTU4ODY4KSDlj5fms6jljZjkvY0x,55Kw5aKD5a6J5YWo55So5ZOBXOS/neitt+WFt1zjg4Tjg7zjg6vjg63jg7zjg5fjgILjgI7jgqvjg7zjg4nlr77lv5xPS++8geOAj+KWoOOAkuOCquODvOOCqOODg+ODgeW3pealrS/vvK/vvKjjgIDjgrvjg7zjg5Xjg4bjgqPjgrPjg7zjg4njgIDvvJXvvYvvvYfnlKjjgIDjg6njgqTjg4jjg5bjg6vjg7zjgJBTQ04tNTBM44CRKDM5NTg4NjgpIOWPl+azqOWNmOS9jTE=[rn]
15-28075,aHR0cDovL3RzaG9wLnIxMHMuanAvY2xvdmVyOTYwOC9jYWJpbmV0L3BiNy90MDEwMDA0ODU2OTQ5LmpwZz9maXRpbj03MDA6NzAw,NzIwLjAwMDA=,,6Iqx44O744Ks44O844OH44Oz44O7RElZID4gRElZ44O75bel5YW3ID4g44Gd44Gu5LuW,44CO44Kr44O844OJ5a++5b+cT0vvvIHjgI/ilqDjgJLjg4jjg6njgrnjgrPkuK3lsbEv77y077yy77y177yz77yj77yv44CA5a6J5YWo44Or44O844OX44CA5qiZ5rqW44K/44Kk44OX44CA57eR44CQVEFMMTcwLUdOKO+9uO++nu++mC3vvp0p44CRKDIzODM1MDEpIOWPl+azqOWNmOS9jTE=,,PGZvbnQgc2l6ZT0iNCI+57SN5pyf55uu5a6J77yaPC9mb250Pjxmb250IGNvbG9yPSIjMDAwMDAwIiBzaXplPSI0Ij7jgYrlj5bjgorlr4TjgZvlk4Eo6Kmz44GX44GP44Gv44GT44Gh44KJ44KS44Kv44Oq44OD44KvKTwvZm9udD48YnI+4peP44K544OG44Oz44Os44K544Ov44Kk44Ok44KS54m56Kix44Or44O844OX5Yqg5bel44Gn5b2i54q26KiY5oa244GX44CB44Km44Os44K/44Oz6KKr6Iac5Yqg5bel44KS5pa944GX44Gm44GE44G+44GZ44Gu44Gn5Ly457iu5oCn44Gr5YSq44KM44Gm44GE44G+44GZ44CCPGJyPuKXj+W+qeWFg+WKm+OAgeWuieWFqOW8t+W6puOAgeWvkuWGt+WcsOOBruS9v+eUqOOChOiAkOWAmeaAp+OBq+OCguWEquOCjOOAgeODq+ODvOODl+OBruWei+W0qeOCjOOCgueUn+OBmOOBvuOBm+OCk+OAgg==,44CO44Kr44O844OJ5a++5b+cT0vvvIHjgI/ilqDjgJLjg4jjg6njgrnjgrPkuK3lsbEv77y077yy77y177yz77yj77yv44CA5a6J5YWo44Or44O844OX44CA5qiZ5rqW44K/44Kk44OX44CA57eR44CQVEFMMTcwLUdOKO+9uO++nu++mC3vvp0p44CRKDIzODM1MDEpIOWPl+azqOWNmOS9jTHvvJrjgq/jg63jg7zjg5Djg7zos4fmnZDppKg=,6YCa5L+h6LKp5aOy6YCa6LKp44K344On44OD44OU44Oz44Kw44Kq44Oz44Op44Kk44Oz44K344On44OD44OU44Oz44Kw6LK344GE54mp44OX44Os44K844Oz44OI44Ku44OV44OI6LSI44KK54mp6LSI562U5ZOB44GK5Lit5YWD44GK5q2z5pqu44GK6LK344GE5b6X44CO44Kr44O844OJ5a++5b+cT0vvvIHjgI/ilqDjgJLjg4jjg6njgrnjgrPkuK3lsbEv77y077yy77y177yz77yj77yv44CA5a6J5YWo44Or44O844OX44CA5qiZ5rqW44K/44Kk44OX44CA57eR44CQVEFMMTcwLUdOKO+9uO++nu++mC3vvp0p44CRKDIzODM1MDEpIOWPl+azqOWNmOS9jTE=,KDIzODM1MDEp44CC44CO44Kr44O844OJ5a++5b+cT0vvvIHjgI/ilqDjgJLjg4jjg6njgrnjgrPkuK3lsbEv77y077yy77y177yz77yj77yv44CA5a6J5YWo44Or44O844OX44CA5qiZ5rqW44K/44Kk44OX44CA57eR44CQVEFMMTcwLUdOKO+9uO++nu++mC3vvp0p44CRKDIzODM1MDEpIOWPl+azqOWNmOS9jTE=[rn]
15-28076,aHR0cDovL3RzaG9wLnIxMHMuanAvY2xvdmVyOTYwOC9jYWJpbmV0L3BiNi90MDEwMDA0NTc2MDkxLmpwZz9maXRpbj03MDA6NzAw,NTYxLjYwMDA=,,6Iqx44O744Ks44O844OH44Oz44O7RElZID4gRElZ44O75bel5YW3ID4g44Gd44Gu5LuW,44CO44Kr44O844OJ5a++5b+cT0vvvIHjgI/ilqDjgJLjg4jjg6njgrnjgrPkuK3lsbEv77y077yy77y177yz77yj77yv44CA5a6J5YWo44Or44O844OX44CA44Of44OL44K/44Kk44OX44CA57eR44CQVEFMMTMw44CRKDIzODM0NjIpIOWPl+azqOWNmOS9jTE=,,PGZvbnQgc2l6ZT0iNCI+57SN5pyf55uu5a6J77yaPC9mb250Pjxmb250IGNvbG9yPSIjMDAwMDAwIiBzaXplPSI0Ij7jgYrlj5bjgorlr4TjgZvlk4Eo6Kmz44GX44GP44Gv44GT44Gh44KJ44KS44Kv44Oq44OD44KvKTwvZm9udD48YnI+4peP44K544OG44Oz44Os44K544Ov44Kk44Ok44KS54m56Kix44Or44O844OX5Yqg5bel44Gn5b2i54q26KiY5oa244GX44CB44Km44Os44K/44Oz6KKr6Iac5Yqg5bel44KS5pa944GX44Gm44GE44G+44GZ44Gu44Gn5Ly457iu5oCn44Gr5YSq44KM44Gm44GE44G+44GZ44CCPGJyPuKXj+W+qeWFg+WKm+OAgeWuieWFqOW8t+W6puOAgeWvkuWGt+WcsOOBruS9v+eUqOOChOiAkOWAmeaAp+OBq+OCguWEquOCjOOAgeODq+ODvOODl+OBruWei+W0qeOCjOOCgueUn+OBmOOBvuOBm+OCk+OAgg==,44CO44Kr44O844OJ5a++5b+cT0vvvIHjgI/ilqDjgJLjg4jjg6njgrnjgrPkuK3lsbEv77y077yy77y177yz77yj77yv44CA5a6J5YWo44Or44O844OX44CA44Of44OL44K/44Kk44OX44CA57eR44CQVEFMMTMw44CRKDIzODM0NjIpIOWPl+azqOWNmOS9jTHvvJrjgq/jg63jg7zjg5Djg7zos4fmnZDppKg=,6YCa5L+h6LKp5aOy6YCa6LKp44K344On44OD44OU44Oz44Kw44Kq44Oz44Op44Kk44Oz44K344On44OD44OU44Oz44Kw6LK344GE54mp44OX44Os44K844Oz44OI44Ku44OV44OI6LSI44KK54mp6LSI562U5ZOB44GK5Lit5YWD44GK5q2z5pqu44GK6LK344GE5b6X44CO44Kr44O844OJ5a++5b+cT0vvvIHjgI/ilqDjgJLjg4jjg6njgrnjgrPkuK3lsbEv77y077yy77y177yz77yj77yv44CA5a6J5YWo44Or44O844OX44CA44Of44OL44K/44Kk44OX44CA57eR44CQVEFMMTMw44CRKDIzODM0NjIpIOWPl+azqOWNmOS9jTE=,KDIzODM0NjIp44CC44CO44Kr44O844OJ5a++5b+cT0vvvIHjgI/ilqDjgJLjg4jjg6njgrnjgrPkuK3lsbEv77y077yy77y177yz77yj77yv44CA5a6J5YWo44Or44O844OX44CA44Of44OL44K/44Kk44OX44CA57eR44CQVEFMMTMw44CRKDIzODM0NjIpIOWPl+azqOWNmOS9jTE=[rn]
15-28077,,NTM5Ny42MDAw,,6Iqx44O744Ks44O844OH44Oz44O7RElZID4gRElZ44O75bel5YW3ID4g44Gd44Gu5LuW,44CO44Kr44O844OJ5a++5b+cT0vvvIHjgI/ilqDjgJLvvKjvvKHvvK3vvK3vvKXvvLLvvKjvvKXvvKHvvKTnpL4v77yn77yr44CQVEwxNDAyMeOAkSg3NjIwNTg2KSDjgqLjg7Pjgqvjg7zjg4Tjg7zjg6vjg4bjgrbjg7wg5Y+X5rOo5Y2Y5L2NMQ==,,PGZvbnQgc2l6ZT0iNCI+57SN5pyf55uu5a6J77yaPC9mb250Pjxmb250IGNvbG9yPSIjMDAwMDAwIiBzaXplPSI0Ij7jgYrlj5bjgorlr4TjgZvlk4Eo6Kmz44GX44GP44Gv44GT44Gh44KJ44KS44Kv44Oq44OD44KvKTwvZm9udD48YnI+PGJyPgo8YnI+PGJyPuKXj+ODmeODq+ODiOOChOiQveS4i+mYsuatoueUqOOBruODj+ODvOODjeOCueOBq+WPluOCiuS7mOOBkeOCieOCjOOBvuOBmeOAgjxicj7il4/lt6XlhbfjgpLkvb/nlKjjga7pmpvjga/jganjga7mlrnlkJHjgavjgoLlm57ou6LjgZfjgb7jgZnjgII8YnI+4peP5YWI56uv6YOo5YiG44Gu44Op44Oz44Ok44O844OJ44GM552A6ISx5Y+v6IO944Gn44GZ44CCPGJyPjxicj7il4/pq5jmiYDkvZzmpa3jgarjganjgIHlt6Xlhbfjga7okL3kuIvpmLLmraLjgavjgII8YnI+PGJyPuKXj+mVt+OBlcOX5b6E77yIbW3vvInvvJoxMDQww5cyNS40PGJyPuKXj+acgOWkp+mVt+OBle+8iG1t77yJ77yaMzAwMDxicj48YnI+PGJyPg==,44CO44Kr44O844OJ5a++5b+cT0vvvIHjgI/ilqDjgJLvvKjvvKHvvK3vvK3vvKXvvLLvvKjvvKXvvKHvvKTnpL4v77yn77yr44CQVEwxNDAyMeOAkSg3NjIwNTg2KSDjgqLjg7Pjgqvjg7zjg4Tjg7zjg6vjg4bjgrbjg7wg5Y+X5rOo5Y2Y5L2NMe+8muOCr+ODreODvOODkOODvOizh+adkOmkqA==,6YCa5L+h6LKp5aOy6YCa6LKp44K344On44OD44OU44Oz44Kw44Kq44Oz44Op44Kk44Oz44K344On44OD44OU44Oz44Kw6LK344GE54mp44OX44Os44K844Oz44OI44Ku44OV44OI6LSI44KK54mp6LSI562U5ZOB44GK5Lit5YWD44GK5q2z5pqu44GK6LK344GE5b6X44CO44Kr44O844OJ5a++5b+cT0vvvIHjgI/ilqDjgJLvvKjvvKHvvK3vvK3vvKXvvLLvvKjvvKXvvKHvvKTnpL4v77yn77yr44CQVEwxNDAyMeOAkSg3NjIwNTg2KSDjgqLjg7Pjgqvjg7zjg4Tjg7zjg6vjg4bjgrbjg7wg5Y+X5rOo5Y2Y5L2NMQ==,55Kw5aKD5a6J5YWo55So5ZOBXOS/neitt+WFt1zjg4Tjg7zjg6vjg63jg7zjg5fjgILjgI7jgqvjg7zjg4nlr77lv5xPS++8geOAj+KWoOOAku+8qO+8oe+8re+8re+8pe+8su+8qO+8pe+8oe+8pOekvi/vvKfvvKvjgJBUTDE0MDIx44CRKDc2MjA1ODYpIOOCouODs+OCq+ODvOODhOODvOODq+ODhuOCtuODvCDlj5fms6jljZjkvY0x[rn]
15-28078,aHR0cDovL3RzaG9wLnIxMHMuanAvZ29sZC9jbG92ZXI5NjA4L2ltYWdlb3JhLzEvdDAxMDAwMjc2ODgzMi5qcGc/Zml0aW49NzAwOjcwMA==,MTA0MC4wMDAw,,6Iqx44O744Ks44O844OH44Oz44O7RElZID4gRElZ44O75bel5YW3ID4g44Gd44Gu5LuW,44CO44Kr44O844OJ5a++5b+cT0vvvIHjgI/ilqDjgJLjgrnjg7zjg5Hjg7zjg4Tjg7zjg6sv44K544O844OR44O844CA5a6J5YWo44Ot44O844OX77yI44OK44Kk44Ot44Oz44Ot44O844OX6Iqv77yJ44CQQVJOMTBZ44CRKDM0NDQxNDcpIOWPl+azqOWNmOS9jTE=,,PGZvbnQgc2l6ZT0iNCI+57SN5pyf55uu5a6J77yaPC9mb250Pjxmb250IGNvbG9yPSIjMDAwMDAwIiBzaXplPSI0Ij7jgYrlj5bjgorlr4TjgZvlk4Eo6Kmz44GX44GP44Gv44GT44Gh44KJ44KS44Kv44Oq44OD44KvKTwvZm9udD48YnI+4peP44Od44Oq44Km44Os44K/44Oz44Kz44O844OJ44Gr44OK44Kk44Ot44Oz44Ot44O844OX44KS6Iqv5p2Q44Go44GX44Gm5L2/55So44GX44Gm44GE44G+44GZ44CCPGJyPuKXj+aflOi7n+aAp+ODu+S9nOalreaAp+OBq+WEquOCjOOBvuOBmeOAgg==,44CO44Kr44O844OJ5a++5b+cT0vvvIHjgI/ilqDjgJLjgrnjg7zjg5Hjg7zjg4Tjg7zjg6sv44K544O844OR44O844CA5a6J5YWo44Ot44O844OX77yI44OK44Kk44Ot44Oz44Ot44O844OX6Iqv77yJ44CQQVJOMTBZ44CRKDM0NDQxNDcpIOWPl+azqOWNmOS9jTHvvJrjgq/jg63jg7zjg5Djg7zos4fmnZDppKg=,6YCa5L+h6LKp5aOy6YCa6LKp44K344On44OD44OU44Oz44Kw44Kq44Oz44Op44Kk44Oz44K344On44OD44OU44Oz44Kw6LK344GE54mp44OX44Os44K844Oz44OI44Ku44OV44OI6LSI44KK54mp6LSI562U5ZOB44GK5Lit5YWD44GK5q2z5pqu44GK6LK344GE5b6X44CO44Kr44O844OJ5a++5b+cT0vvvIHjgI/ilqDjgJLjgrnjg7zjg5Hjg7zjg4Tjg7zjg6sv44K544O844OR44O844CA5a6J5YWo44Ot44O844OX77yI44OK44Kk44Ot44Oz44Ot44O844OX6Iqv77yJ44CQQVJOMTBZ44CRKDM0NDQxNDcpIOWPl+azqOWNmOS9jTE=,55Kw5aKD5a6J5YWo55So5ZOBXOS/neitt+WFt1zjg4Tjg7zjg6vjg63jg7zjg5fjgILjgI7jgqvjg7zjg4nlr77lv5xPS++8geOAj+KWoOOAkuOCueODvOODkeODvOODhOODvOODqy/jgrnjg7zjg5Hjg7zjgIDlronlhajjg63jg7zjg5fvvIjjg4rjgqTjg63jg7Pjg63jg7zjg5foiq/vvInjgJBBUk4xMFnjgJEoMzQ0NDE0Nykg5Y+X5rOo5Y2Y5L2NMQ==[rn]
15-28079,aHR0cDovL3RzaG9wLnIxMHMuanAvZ29sZC9jbG92ZXI5NjA4L2ltYWdlb3JhLzEvdDAxMDAwMjg0NDE1Ny5qcGc/Zml0aW49NzAwOjcwMA==,MTE0Ni40MDAw,,6Iqx44O744Ks44O844OH44Oz44O7RElZID4gRElZ44O75bel5YW3ID4g44Gd44Gu5LuW,44CO44Kr44O844OJ5a++5b+cT0vvvIHjgI/ilqDjgJLjgrnjg7zjg5Hjg7zjg4Tjg7zjg6sv44K544O844OR44O844CA5a6J5YWo44Ot44O844OX77yI44K544OG44Oz44Os44K544Ov44Kk44Ok44O86Iqv77yJ44CQQVJTMjBS44CRKDM0NDQyMjgpIOWPl+azqOWNmOS9jTE=,,PGZvbnQgc2l6ZT0iNCI+57SN5pyf55uu5a6J77yaPC9mb250Pjxmb250IGNvbG9yPSIjMDAwMDAwIiBzaXplPSI0Ij7jgYrlj5bjgorlr4TjgZvlk4Eo6Kmz44GX44GP44Gv44GT44Gh44KJ44KS44Kv44Oq44OD44KvKTwvZm9udD48YnI+4peP44OA44OW44Or44Kz44O844OG44Kj44Oz44Kw44Km44Os44K/44Oz44Kz44O844OJ44Gr44K544OG44Oz44Os44K544Ov44Kk44Ok44KS6Iqv5p2Q44Go44GX44Gm5L2/55So77yI5LiJ5bGk5qeL6YCg77yJ44GX6ICQ5LmF5oCn44Gr5YSq44KM44Gm44GE44G+44GZ44CCPGJyPuKXj+ODreODvOODl+W+hOOBjOe0sOOBj+aflOi7n+aAp+OBq+WEquOCjOOAgeOCs+OCpOODq+W9oueKtuOBruW+qeWFg+OBjOOCueODlOODvOODh+OCo+ODvOOBp+OBmeOAgg==,44CO44Kr44O844OJ5a++5b+cT0vvvIHjgI/ilqDjgJLjgrnjg7zjg5Hjg7zjg4Tjg7zjg6sv44K544O844OR44O844CA5a6J5YWo44Ot44O844OX77yI44K544OG44Oz44Os44K544Ov44Kk44Ok44O86Iqv77yJ44CQQVJTMjBS44CRKDM0NDQyMjgpIOWPl+azqOWNmOS9jTHvvJrjgq/jg63jg7zjg5Djg7zos4fmnZDppKg=,6YCa5L+h6LKp5aOy6YCa6LKp44K344On44OD44OU44Oz44Kw44Kq44Oz44Op44Kk44Oz44K344On44OD44OU44Oz44Kw6LK344GE54mp44OX44Os44K844Oz44OI44Ku44OV44OI6LSI44KK54mp6LSI562U5ZOB44GK5Lit5YWD44GK5q2z5pqu44GK6LK344GE5b6X44CO44Kr44O844OJ5a++5b+cT0vvvIHjgI/ilqDjgJLjgrnjg7zjg5Hjg7zjg4Tjg7zjg6sv44K544O844OR44O844CA5a6J5YWo44Ot44O844OX77yI44K544OG44Oz44Os44K544Ov44Kk44Ok44O86Iqv77yJ44CQQVJTMjBS44CRKDM0NDQyMjgpIOWPl+azqOWNmOS9jTE=,55Kw5aKD5a6J5YWo55So5ZOBXOS/neitt+WFt1zjg4Tjg7zjg6vjg63jg7zjg5fjgILjgI7jgqvjg7zjg4nlr77lv5xPS++8geOAj+KWoOOAkuOCueODvOODkeODvOODhOODvOODqy/jgrnjg7zjg5Hjg7zjgIDlronlhajjg63jg7zjg5fvvIjjgrnjg4bjg7Pjg6zjgrnjg6/jgqTjg6Tjg7zoiq/vvInjgJBBUlMyMFLjgJEoMzQ0NDIyOCkg5Y+X5rOo5Y2Y5L2NMQ==[rn]
15-28080,aHR0cDovL3RzaG9wLnIxMHMuanAvZ29sZC9jbG92ZXI5NjA4L2ltYWdlb3JhLzEvdDAxMDAwMzgyNDU5OC5qcGc/Zml0aW49NzAwOjcwMA==,OTcyLjAwMDA=,,6Iqx44O744Ks44O844OH44Oz44O7RElZID4gRElZ44O75bel5YW3ID4g44Gd44Gu5LuW,44CO44Kr44O844OJ5a++5b+cT0vvvIHjgI/ilqDjgJLjg4jjg4Pjg5flt6Xmpa0v77y077yv77yw44CA44K744O844OV44OG44Kj44Kz77yN44OJ44CA44K544OG44Oz44Os44K544Ov44Kk44Ok44O844CA44OW44Or44O844CQU0ZDLTQ1NFfjgJEoMzU5OTAwMSkg5Y+X5rOo5Y2Y5L2NMQ==,,PGZvbnQgc2l6ZT0iNCI+57SN5pyf55uu5a6J77yaPC9mb250Pjxmb250IGNvbG9yPSIjMDAwMDAwIiBzaXplPSI0Ij7jgYrlj5bjgorlr4TjgZvlk4Eo6Kmz44GX44GP44Gv44GT44Gh44KJ44KS44Kv44Oq44OD44KvKTwvZm9udD48YnI+4peP44OK44K5566h6YOo44Gr54us6Ieq44Gu44Kz44Oz44OR44Kv44OI44Gq5qi56ISC6YeR5YW344KS5o6h55So44GX44Gm44GE44G+44GZ44CCPGJyPuKXj+ODr+OCpOODpOODvOOBqOODneODquOCpuODrOOCv+ODs+OBjOOBr+OBj+mbouOBl+OBquOBhOS4gOS9k+aIkOWei+WKoOW3peWTgeOBp+OBmeOAgg==,44CO44Kr44O844OJ5a++5b+cT0vvvIHjgI/ilqDjgJLjg4jjg4Pjg5flt6Xmpa0v77y077yv77yw44CA44K744O844OV44OG44Kj44KzJm1pbnVzO+ODieOAgOOCueODhuODs+ODrOOCueODr+OCpOODpOODvOOAgOODluODq+ODvOOAkFNGQy00NTRX44CRKDM1OTkwMDEpIOWPl+azqOWNmOS9jTHvvJrjgq/jg63jg7zjg5Djg7zos4fmnZDppKg=,6YCa5L+h6LKp5aOy6YCa6LKp44K344On44OD44OU44Oz44Kw44Kq44Oz44Op44Kk44Oz44K344On44OD44OU44Oz44Kw6LK344GE54mp44OX44Os44K844Oz44OI44Ku44OV44OI6LSI44KK54mp6LSI562U5ZOB44GK5Lit5YWD44GK5q2z5pqu44GK6LK344GE5b6X44CO44Kr44O844OJ5a++5b+cT0vvvIHjgI/ilqDjgJLjg4jjg4Pjg5flt6Xmpa0v77y077yv77yw44CA44K744O844OV44OG44Kj44KzJm1pbnVzO+ODieOAgOOCueODhuODs+ODrOOCueODr+OCpOODpOODvOOAgOODluODq+ODvOOAkFNGQy00NTRX44CRKDM1OTkwMDEpIOWPl+azqOWNmOS9jTE=,55Kw5aKD5a6J5YWo55So5ZOBXOS/neitt+WFt1zjg4Tjg7zjg6vjg63jg7zjg5fjgILjgI7jgqvjg7zjg4nlr77lv5xPS++8geOAj+KWoOOAkuODiOODg+ODl+W3pealrS/vvLTvvK/vvLDjgIDjgrvjg7zjg5Xjg4bjgqPjgrMmbWludXM744OJ44CA44K544OG44Oz44Os44K544Ov44Kk44Ok44O844CA44OW44Or44O844CQU0ZDLTQ1NFfjgJEoMzU5OTAwMSkg5Y+X5rOo5Y2Y5L2NMQ==[rn]
15-28081,aHR0cDovL3RzaG9wLnIxMHMuanAvZ29sZC9jbG92ZXI5NjA4L2ltYWdlb3JhLzEvdDAxMDAwMzgwNzY3Ni5qcGc/Zml0aW49NzAwOjcwMA==,MTE4OC4wMDAw,,6Iqx44O744Ks44O844OH44Oz44O7RElZID4gRElZ44O75bel5YW3ID4g44Gd44Gu5LuW,44CO44Kr44O844OJ5a++5b+cT0vvvIHjgI/ilqDjgJLjg4jjg4Pjg5flt6Xmpa0v77y077yv77yw44CA44K744O844OV44OG44Kj44Kz44O844OJ44CA5bel5YW35o6l57aa44Ov44Kk44Ok44O85LuY44CA44Os44OD44OJ44CQU0ZDLTUwMOOAkSgzNjkyNTgyKSDlj5fms6jljZjkvY0x,,PGZvbnQgc2l6ZT0iNCI+57SN5pyf55uu5a6J77yaPC9mb250Pjxmb250IGNvbG9yPSIjMDAwMDAwIiBzaXplPSI0Ij7jgYrlj5bjgorlr4TjgZvlk4Eo6Kmz44GX44GP44Gv44GT44Gh44KJ44KS44Kv44Oq44OD44KvKTwvZm9udD48YnI+4peP6Iqv44Gq44GX6KO95ZOB44Gv5bel5YW36JC95LiL5pmC44Gr6KGd5pKD44KS5ZC45Y+O44GX44Gm5a6J5YWo44Gn44GZ44CCPGJyPuKXj+iKr+ODr+OCpOODpOODvOOBjOWFpeOBo+OBpuOBhOOBquOBhOOBruOBp+WPluOCiuWbnuOBl+OBjOi7veOBj+OAgei7veW/q+OBq+S9nOalreOBjOOBp+OBjeOBvuOBmeOAgg==,44CO44Kr44O844OJ5a++5b+cT0vvvIHjgI/ilqDjgJLjg4jjg4Pjg5flt6Xmpa0v77y077yv77yw44CA44K744O844OV44OG44Kj44Kz44O844OJ44CA5bel5YW35o6l57aa44Ov44Kk44Ok44O85LuY44CA44Os44OD44OJ44CQU0ZDLTUwMOOAkSgzNjkyNTgyKSDlj5fms6jljZjkvY0x77ya44Kv44Ot44O844OQ44O86LOH5p2Q6aSo,6YCa5L+h6LKp5aOy6YCa6LKp44K344On44OD44OU44Oz44Kw44Kq44Oz44Op44Kk44Oz44K344On44OD44OU44Oz44Kw6LK344GE54mp44OX44Os44K844Oz44OI44Ku44OV44OI6LSI44KK54mp6LSI562U5ZOB44GK5Lit5YWD44GK5q2z5pqu44GK6LK344GE5b6X44CO44Kr44O844OJ5a++5b+cT0vvvIHjgI/ilqDjgJLjg4jjg4Pjg5flt6Xmpa0v77y077yv77yw44CA44K744O844OV44OG44Kj44Kz44O844OJ44CA5bel5YW35o6l57aa44Ov44Kk44Ok44O85LuY44CA44Os44OD44OJ44CQU0ZDLTUwMOOAkSgzNjkyNTgyKSDlj5fms6jljZjkvY0x,55Kw5aKD5a6J5YWo55So5ZOBXOS/neitt+WFt1zjg4Tjg7zjg6vjg63jg7zjg5fjgILjgI7jgqvjg7zjg4nlr77lv5xPS++8geOAj+KWoOOAkuODiOODg+ODl+W3pealrS/vvLTvvK/vvLDjgIDjgrvjg7zjg5Xjg4bjgqPjgrPjg7zjg4njgIDlt6XlhbfmjqXntprjg6/jgqTjg6Tjg7zku5jjgIDjg6zjg4Pjg4njgJBTRkMtNTAw44CRKDM2OTI1ODIpIOWPl+azqOWNmOS9jTE=[rn]
15-28082,aHR0cDovL3RzaG9wLnIxMHMuanAvZ29sZC9jbG92ZXI5NjA4L2ltYWdlb3JhLzEvdDAxMDAwMzgyNDU5OC5qcGc/Zml0aW49NzAwOjcwMA==,OTcyLjAwMDA=,,6Iqx44O744Ks44O844OH44Oz44O7RElZID4gRElZ44O75bel5YW3ID4g44Gd44Gu5LuW,44CO44Kr44O844OJ5a++5b+cT0vvvIHjgI/ilqDjgJLjg4jjg4Pjg5flt6Xmpa0v77y077yv77yw44CA44K744O844OV44OG44Kj44Kz77yN44OJ44CA44K544OG44Oz44Os44K544Ov44Kk44Ok44O844CA44Os44OD44OJ44CQU0ZDLTQ1MVfjgJEoMzU5ODk3Nykg5Y+X5rOo5Y2Y5L2NMQ==,,PGZvbnQgc2l6ZT0iNCI+57SN5pyf55uu5a6J77yaPC9mb250Pjxmb250IGNvbG9yPSIjMDAwMDAwIiBzaXplPSI0Ij7jgYrlj5bjgorlr4TjgZvlk4Eo6Kmz44GX44GP44Gv44GT44Gh44KJ44KS44Kv44Oq44OD44KvKTwvZm9udD48YnI+4peP44OK44K5566h6YOo44Gr54us6Ieq44Gu44Kz44Oz44OR44Kv44OI44Gq5qi56ISC6YeR5YW344KS5o6h55So44GX44Gm44GE44G+44GZ44CCPGJyPuKXj+ODr+OCpOODpOODvOOBqOODneODquOCpuODrOOCv+ODs+OBjOOBr+OBj+mbouOBl+OBquOBhOS4gOS9k+aIkOWei+WKoOW3peWTgeOBp+OBmeOAgg==,44CO44Kr44O844OJ5a++5b+cT0vvvIHjgI/ilqDjgJLjg4jjg4Pjg5flt6Xmpa0v77y077yv77yw44CA44K744O844OV44OG44Kj44KzJm1pbnVzO+ODieOAgOOCueODhuODs+ODrOOCueODr+OCpOODpOODvOOAgOODrOODg+ODieOAkFNGQy00NTFX44CRKDM1OTg5NzcpIOWPl+azqOWNmOS9jTHvvJrjgq/jg63jg7zjg5Djg7zos4fmnZDppKg=,6YCa5L+h6LKp5aOy6YCa6LKp44K344On44OD44OU44Oz44Kw44Kq44Oz44Op44Kk44Oz44K344On44OD44OU44Oz44Kw6LK344GE54mp44OX44Os44K844Oz44OI44Ku44OV44OI6LSI44KK54mp6LSI562U5ZOB44GK5Lit5YWD44GK5q2z5pqu44GK6LK344GE5b6X44CO44Kr44O844OJ5a++5b+cT0vvvIHjgI/ilqDjgJLjg4jjg4Pjg5flt6Xmpa0v77y077yv77yw44CA44K744O844OV44OG44Kj44KzJm1pbnVzO+ODieOAgOOCueODhuODs+ODrOOCueODr+OCpOODpOODvOOAgOODrOODg+ODieOAkFNGQy00NTFX44CRKDM1OTg5NzcpIOWPl+azqOWNmOS9jTE=,55Kw5aKD5a6J5YWo55So5ZOBXOS/neitt+WFt1zjg4Tjg7zjg6vjg63jg7zjg5fjgILjgI7jgqvjg7zjg4nlr77lv5xPS++8geOAj+KWoOOAkuODiOODg+ODl+W3pealrS/vvLTvvK/vvLDjgIDjgrvjg7zjg5Xjg4bjgqPjgrMmbWludXM744OJ44CA44K544OG44Oz44Os44K544Ov44Kk44Ok44O844CA44Os44OD44OJ44CQU0ZDLTQ1MVfjgJEoMzU5ODk3Nykg5Y+X5rOo5Y2Y5L2NMQ==[rn]
15-28083,aHR0cDovL3RzaG9wLnIxMHMuanAvZ29sZC9jbG92ZXI5NjA4L2ltYWdlb3JhLzEvdDAxMDAwMjg2MzM3Ni5qcGc/Zml0aW49NzAwOjcwMA==,MTI1NC40MDAw,,6Iqx44O744Ks44O844OH44Oz44O7RElZID4gRElZ44O75bel5YW3ID4g44Gd44Gu5LuW,44CO44Kr44O844OJ5a++5b+cT0vvvIHjgI/ilqDjgJLvvLTvvKrvvK3jg4fjgrbjgqTjg7Mv44K/44K444Oe44CA5a6J5YWo44Ot44O844OX6JuN5YWJ44Os44OD44OJ44CQQVotUk9QUuOAkSgzMDg2MTg2KSDlj5fms6jljZjkvY0x,,PGZvbnQgc2l6ZT0iNCI+57SN5pyf55uu5a6J77yaPC9mb250Pjxmb250IGNvbG9yPSIjMDAwMDAwIiBzaXplPSI0Ij7jgYrlj5bjgorlr4TjgZvlk4Eo6Kmz44GX44GP44Gv44GT44Gh44KJ44KS44Kv44Oq44OD44KvKTwvZm9udD48YnI+4peP6Iqv5p2Q44Gr44OK44Kk44Ot44Oz44KS5L2/55So44GX44Gf44Kz44Kk44Or5b2i54q244Gn44CB5by344GE5Yqb44Gn5byV44Gj44Gx44Gj44Gf5b6M44Gn44KC5Ly444Gz44Gf44G+44G+44Gr44Gq44KK44G+44Gb44KT44CC77yI5pyA5aSnMTYwMG1t44G+44Gn5Ly444Gz44G+44GZ77yJPGJyPuKXj+ODreODvOODl+OBrumHjeOBlTgwZ+OBqOi7vemHj+OBp+OBmeOAgjxicj7il4/mn5Tou5/mgKfjgavlhKrjgozjgabjgYrjgorkvZzmpa3jgavmlK/pmpzjgpLjgY3jgZ/jgZfjgb7jgZvjgpPjgII8YnI+4peP5bel5YW35o6l57aa44Ov44Kk44Ok5LuY44Gn44GZ44CC,44CO44Kr44O844OJ5a++5b+cT0vvvIHjgI/ilqDjgJLvvLTvvKrvvK3jg4fjgrbjgqTjg7Mv44K/44K444Oe44CA5a6J5YWo44Ot44O844OX6JuN5YWJ44Os44OD44OJ44CQQVotUk9QUuOAkSgzMDg2MTg2KSDlj5fms6jljZjkvY0x77ya44Kv44Ot44O844OQ44O86LOH5p2Q6aSo,6YCa5L+h6LKp5aOy6YCa6LKp44K344On44OD44OU44Oz44Kw44Kq44Oz44Op44Kk44Oz44K344On44OD44OU44Oz44Kw6LK344GE54mp44OX44Os44K844Oz44OI44Ku44OV44OI6LSI44KK54mp6LSI562U5ZOB44GK5Lit5YWD44GK5q2z5pqu44GK6LK344GE5b6X44CO44Kr44O844OJ5a++5b+cT0vvvIHjgI/ilqDjgJLvvLTvvKrvvK3jg4fjgrbjgqTjg7Mv44K/44K444Oe44CA5a6J5YWo44Ot44O844OX6JuN5YWJ44Os44OD44OJ44CQQVotUk9QUuOAkSgzMDg2MTg2KSDlj5fms6jljZjkvY0x,55Kw5aKD5a6J5YWo55So5ZOBXOS/neitt+WFt1zjg4Tjg7zjg6vjg63jg7zjg5fjgILjgI7jgqvjg7zjg4nlr77lv5xPS++8geOAj+KWoOOAku+8tO+8qu+8reODh+OCtuOCpOODsy/jgr/jgrjjg57jgIDlronlhajjg63jg7zjg5fom43lhYnjg6zjg4Pjg4njgJBBWi1ST1BS44CRKDMwODYxODYpIOWPl+azqOWNmOS9jTE=[rn]
15-28084,aHR0cDovL3RzaG9wLnIxMHMuanAvZ29sZC9jbG92ZXI5NjA4L2ltYWdlb3JhLzEvdDAxMDAwMzgwNzIwNC5qcGc/Zml0aW49NzAwOjcwMA==,NjI4LjAwMDA=,,6Iqx44O744Ks44O844OH44Oz44O7RElZID4gRElZ44O75bel5YW3ID4g44Gd44Gu5LuW,44CO44Kr44O844OJ5a++5b+cT0vvvIHjgI/ilqDjgJLjgqrjg7zjgqjjg4Pjg4Hlt6Xmpa0v77yv77yo44CA44K744O844OV44OG44Kj44O844Kz44O844OJ44CA77yR77yr772H55So44CA44OQ44Kk44Kq44Os44OD44OI44CQU0NOMTBW44CRKDM3MDYxMTcpIOWPl+azqOWNmOS9jTE=,,PGZvbnQgc2l6ZT0iNCI+57SN5pyf55uu5a6J77yaPC9mb250Pjxmb250IGNvbG9yPSIjMDAwMDAwIiBzaXplPSI0Ij7jgYrlj5bjgorlr4TjgZvlk4Eo6Kmz44GX44GP44Gv44GT44Gh44KJ44KS44Kv44Oq44OD44KvKTwvZm9udD48YnI+4peP44K544OG44Oz44Os44K544Ov44Kk44Ok44Go44Km44Os44K/44Oz44Kz44O844OJ44KS5LiA5L2T5oiQ5b2i44GX44Gm44GE44KL44Gu44Gn5Lit44Gn44Ov44Kk44Ok44GM44Ga44KM44Gf44KK44Gb44Ga5LiI5aSr44Gn44GZ44CCPGJyPuKXj+OCueOCseODq+ODiOODs+OCq+ODqeODvOOBquOBruOBp+ODr+OCpOODpOOBjOimi+OBiOWuieW/g+aEn+OBjOOBguOCiuOBvuOBmeOAgg==,44CO44Kr44O844OJ5a++5b+cT0vvvIHjgI/ilqDjgJLjgqrjg7zjgqjjg4Pjg4Hlt6Xmpa0v77yv77yo44CA44K744O844OV44OG44Kj44O844Kz44O844OJ44CA77yR77yr772H55So44CA44OQ44Kk44Kq44Os44OD44OI44CQU0NOMTBW44CRKDM3MDYxMTcpIOWPl+azqOWNmOS9jTHvvJrjgq/jg63jg7zjg5Djg7zos4fmnZDppKg=,6YCa5L+h6LKp5aOy6YCa6LKp44K344On44OD44OU44Oz44Kw44Kq44Oz44Op44Kk44Oz44K344On44OD44OU44Oz44Kw6LK344GE54mp44OX44Os44K844Oz44OI44Ku44OV44OI6LSI44KK54mp6LSI562U5ZOB44GK5Lit5YWD44GK5q2z5pqu44GK6LK344GE5b6X44CO44Kr44O844OJ5a++5b+cT0vvvIHjgI/ilqDjgJLjgqrjg7zjgqjjg4Pjg4Hlt6Xmpa0v77yv77yo44CA44K744O844OV44OG44Kj44O844Kz44O844OJ44CA77yR77yr772H55So44CA44OQ44Kk44Kq44Os44OD44OI44CQU0NOMTBW44CRKDM3MDYxMTcpIOWPl+azqOWNmOS9jTE=,55Kw5aKD5a6J5YWo55So5ZOBXOS/neitt+WFt1zjg4Tjg7zjg6vjg63jg7zjg5fjgILjgI7jgqvjg7zjg4nlr77lv5xPS++8geOAj+KWoOOAkuOCquODvOOCqOODg+ODgeW3pealrS/vvK/vvKjjgIDjgrvjg7zjg5Xjg4bjgqPjg7zjgrPjg7zjg4njgIDvvJHvvKvvvYfnlKjjgIDjg5DjgqTjgqrjg6zjg4Pjg4jjgJBTQ04xMFbjgJEoMzcwNjExNykg5Y+X5rOo5Y2Y5L2NMQ==[rn]
15-28085,aHR0cDovL3RzaG9wLnIxMHMuanAvZ29sZC9jbG92ZXI5NjA4L2ltYWdlb3JhLzEvdDAxMDAwMzgwNzIwNi5qcGc/Zml0aW49NzAwOjcwMA==,MTMzMC40MDAw,,6Iqx44O744Ks44O844OH44Oz44O7RElZID4gRElZ44O75bel5YW3ID4g44Gd44Gu5LuW,44CO44Kr44O844OJ5a++5b+cT0vvvIHjgI/ilqDjgJLjgqrjg7zjgqjjg4Pjg4Hlt6Xmpa0v77yv77yo44CA44K744O844OV44OG44Kj44O844Kz44O844OJ44CA77yT77yr772H55So44CA44OQ44Kk44Kq44Os44OD44OI44CQU0NOLTMwVuOAkSgzNzA2MjMxKSDlj5fms6jljZjkvY0x,,PGZvbnQgc2l6ZT0iNCI+57SN5pyf55uu5a6J77yaPC9mb250Pjxmb250IGNvbG9yPSIjMDAwMDAwIiBzaXplPSI0Ij7jgYrlj5bjgorlr4TjgZvlk4Eo6Kmz44GX44GP44Gv44GT44Gh44KJ44KS44Kv44Oq44OD44KvKTwvZm9udD48YnI+4peP44K544OG44Oz44Os44K544Ov44Kk44Ok44Go44Km44Os44K/44Oz44Kz44O844OJ44KS5LiA5L2T5oiQ5b2i44GX44Gm44GE44KL44Gu44Gn5Lit44Gn44Ov44Kk44Ok44GM44Ga44KM44Gf44KK44Gb44Ga5LiI5aSr44Gn44GZ44CCPGJyPuKXj+OCueOCseODq+ODiOODs+OCq+ODqeODvOOBquOBruOBp+ODr+OCpOODpOOBjOimi+OBiOWuieW/g+aEn+OBjOOBguOCiuOBvuOBmeOAgg==,44CO44Kr44O844OJ5a++5b+cT0vvvIHjgI/ilqDjgJLjgqrjg7zjgqjjg4Pjg4Hlt6Xmpa0v77yv77yo44CA44K744O844OV44OG44Kj44O844Kz44O844OJ44CA77yT77yr772H55So44CA44OQ44Kk44Kq44Os44OD44OI44CQU0NOLTMwVuOAkSgzNzA2MjMxKSDlj5fms6jljZjkvY0x77ya44Kv44Ot44O844OQ44O86LOH5p2Q6aSo,6YCa5L+h6LKp5aOy6YCa6LKp44K344On44OD44OU44Oz44Kw44Kq44Oz44Op44Kk44Oz44K344On44OD44OU44Oz44Kw6LK344GE54mp44OX44Os44K844Oz44OI44Ku44OV44OI6LSI44KK54mp6LSI562U5ZOB44GK5Lit5YWD44GK5q2z5pqu44GK6LK344GE5b6X44CO44Kr44O844OJ5a++5b+cT0vvvIHjgI/ilqDjgJLjgqrjg7zjgqjjg4Pjg4Hlt6Xmpa0v77yv77yo44CA44K744O844OV44OG44Kj44O844Kz44O844OJ44CA77yT77yr772H55So44CA44OQ44Kk44Kq44Os44OD44OI44CQU0NOLTMwVuOAkSgzNzA2MjMxKSDlj5fms6jljZjkvY0x,55Kw5aKD5a6J5YWo55So5ZOBXOS/neitt+WFt1zjg4Tjg7zjg6vjg63jg7zjg5fjgILjgI7jgqvjg7zjg4nlr77lv5xPS++8geOAj+KWoOOAkuOCquODvOOCqOODg+ODgeW3pealrS/vvK/vvKjjgIDjgrvjg7zjg5Xjg4bjgqPjg7zjgrPjg7zjg4njgIDvvJPvvKvvvYfnlKjjgIDjg5DjgqTjgqrjg6zjg4Pjg4jjgJBTQ04tMzBW44CRKDM3MDYyMzEpIOWPl+azqOWNmOS9jTE=[rn]
15-28086,aHR0cDovL3RzaG9wLnIxMHMuanAvY2xvdmVyOTYwOC9jYWJpbmV0L3BiNy90MDEwMDA0ODU2OTM1LmpwZz9maXRpbj03MDA6NzAw,NTYxLjYwMDA=,,6Iqx44O744Ks44O844OH44Oz44O7RElZID4gRElZ44O75bel5YW3ID4g44Gd44Gu5LuW,44CO44Kr44O844OJ5a++5b+cT0vvvIHjgI/ilqDjgJLjg4jjg6njgrnjgrPkuK3lsbEv77y077yy77y177yz77yj77yv44CA5a6J5YWo44Or44O844OX44Of44OL44CA44Kq44Os44Oz44K444CQVEFMLTEzME/jgJEoMzY2OTkxMikg5Y+X5rOo5Y2Y5L2NMQ==,,PGZvbnQgc2l6ZT0iNCI+57SN5pyf55uu5a6J77yaPC9mb250Pjxmb250IGNvbG9yPSIjMDAwMDAwIiBzaXplPSI0Ij7jgYrlj5bjgorlr4TjgZvlk4Eo6Kmz44GX44GP44Gv44GT44Gh44KJ44KS44Kv44Oq44OD44KvKTwvZm9udD48YnI+4peP44K544OG44Oz44Os44K544Ov44Kk44Ok44KS54m56Kix44Or44O844OX5Yqg5bel44Gn5b2i54q26KiY5oa244GX44CB44Km44Os44K/44Oz6KKr6Iac5Yqg5bel44KS5pa944GX44Gm44GE44G+44GZ44Gu44Gn5Ly457iu5oCn44Gr5YSq44KM44Gm44GE44G+44GZ44CCPGJyPuKXj+W+qeWFg+WKm+OAgeWuieWFqOW8t+W6puOAgeWvkuWGt+WcsOOBruS9v+eUqOOChOiAkOWAmeaAp+OBq+OCguWEquOCjOOAgeODq+ODvOODl+OBruWei+W0qeOCjOOCgueUn+OBmOOBvuOBm+OCk+OAgg==,44CO44Kr44O844OJ5a++5b+cT0vvvIHjgI/ilqDjgJLjg4jjg6njgrnjgrPkuK3lsbEv77y077yy77y177yz77yj77yv44CA5a6J5YWo44Or44O844OX44Of44OL44CA44Kq44Os44Oz44K444CQVEFMLTEzME/jgJEoMzY2OTkxMikg5Y+X5rOo5Y2Y5L2NMe+8muOCr+ODreODvOODkOODvOizh+adkOmkqA==,6YCa5L+h6LKp5aOy6YCa6LKp44K344On44OD44OU44Oz44Kw44Kq44Oz44Op44Kk44Oz44K344On44OD44OU44Oz44Kw6LK344GE54mp44OX44Os44K844Oz44OI44Ku44OV44OI6LSI44KK54mp6LSI562U5ZOB44GK5Lit5YWD44GK5q2z5pqu44GK6LK344GE5b6X44CO44Kr44O844OJ5a++5b+cT0vvvIHjgI/ilqDjgJLjg4jjg6njgrnjgrPkuK3lsbEv77y077yy77y177yz77yj77yv44CA5a6J5YWo44Or44O844OX44Of44OL44CA44Kq44Os44Oz44K444CQVEFMLTEzME/jgJEoMzY2OTkxMikg5Y+X5rOo5Y2Y5L2NMQ==,KDM2Njk5MTIp44CC44CO44Kr44O844OJ5a++5b+cT0vvvIHjgI/ilqDjgJLjg4jjg6njgrnjgrPkuK3lsbEv77y077yy77y177yz77yj77yv44CA5a6J5YWo44Or44O844OX44Of44OL44CA44Kq44Os44Oz44K444CQVEFMLTEzME/jgJEoMzY2OTkxMikg5Y+X5rOo5Y2Y5L2NMQ==[rn]
15-28087,aHR0cDovL3RzaG9wLnIxMHMuanAvZ29sZC9jbG92ZXI5NjA4L2ltYWdlb3JhLzEvdDAxMDAwMzgwNzIwNi5qcGc/Zml0aW49NzAwOjcwMA==,MTMzMC40MDAw,,6Iqx44O744Ks44O844OH44Oz44O7RElZID4gRElZ44O75bel5YW3ID4g44Gd44Gu5LuW,44CO44Kr44O844OJ5a++5b+cT0vvvIHjgI/ilqDjgJLjgqrjg7zjgqjjg4Pjg4Hlt6Xmpa0v77yv77yo44CA44K744O844OV44OG44Kj44O844Kz44O844OJ44CA77yT77yr772H55So44CA44Kv44Oq44Ki44CQU0NOLTMwQ+OAkSgzNzA2MTkyKSDlj5fms6jljZjkvY0x,,PGZvbnQgc2l6ZT0iNCI+57SN5pyf55uu5a6J77yaPC9mb250Pjxmb250IGNvbG9yPSIjMDAwMDAwIiBzaXplPSI0Ij7jgYrlj5bjgorlr4TjgZvlk4Eo6Kmz44GX44GP44Gv44GT44Gh44KJ44KS44Kv44Oq44OD44KvKTwvZm9udD48YnI+4peP44K544OG44Oz44Os44K544Ov44Kk44Ok44Go44Km44Os44K/44Oz44Kz44O844OJ44KS5LiA5L2T5oiQ5b2i44GX44Gm44GE44KL44Gu44Gn5Lit44Gn44Ov44Kk44Ok44GM44Ga44KM44Gf44KK44Gb44Ga5LiI5aSr44Gn44GZ44CCPGJyPuKXj+OCueOCseODq+ODiOODs+OCq+ODqeODvOOBquOBruOBp+ODr+OCpOODpOOBjOimi+OBiOWuieW/g+aEn+OBjOOBguOCiuOBvuOBmeOAgg==,44CO44Kr44O844OJ5a++5b+cT0vvvIHjgI/ilqDjgJLjgqrjg7zjgqjjg4Pjg4Hlt6Xmpa0v77yv77yo44CA44K744O844OV44OG44Kj44O844Kz44O844OJ44CA77yT77yr772H55So44CA44Kv44Oq44Ki44CQU0NOLTMwQ+OAkSgzNzA2MTkyKSDlj5fms6jljZjkvY0x77ya44Kv44Ot44O844OQ44O86LOH5p2Q6aSo,6YCa5L+h6LKp5aOy6YCa6LKp44K344On44OD44OU44Oz44Kw44Kq44Oz44Op44Kk44Oz44K344On44OD44OU44Oz44Kw6LK344GE54mp44OX44Os44K844Oz44OI44Ku44OV44OI6LSI44KK54mp6LSI562U5ZOB44GK5Lit5YWD44GK5q2z5pqu44GK6LK344GE5b6X44CO44Kr44O844OJ5a++5b+cT0vvvIHjgI/ilqDjgJLjgqrjg7zjgqjjg4Pjg4Hlt6Xmpa0v77yv77yo44CA44K744O844OV44OG44Kj44O844Kz44O844OJ44CA77yT77yr772H55So44CA44Kv44Oq44Ki44CQU0NOLTMwQ+OAkSgzNzA2MTkyKSDlj5fms6jljZjkvY0x,55Kw5aKD5a6J5YWo55So5ZOBXOS/neitt+WFt1zjg4Tjg7zjg6vjg63jg7zjg5fjgILjgI7jgqvjg7zjg4nlr77lv5xPS++8geOAj+KWoOOAkuOCquODvOOCqOODg+ODgeW3pealrS/vvK/vvKjjgIDjgrvjg7zjg5Xjg4bjgqPjg7zjgrPjg7zjg4njgIDvvJPvvKvvvYfnlKjjgIDjgq/jg6rjgqLjgJBTQ04tMzBD44CRKDM3MDYxOTIpIOWPl+azqOWNmOS9jTE=[rn]
15-28088,aHR0cDovL3RzaG9wLnIxMHMuanAvZ29sZC9jbG92ZXI5NjA4L2ltYWdlb3JhLzEvdDAxMDAwNDM5NDc1Ni5qcGc/Zml0aW49NzAwOjcwMA==,MTk3Mi4wMDAw,,6Iqx44O744Ks44O844OH44Oz44O7RElZID4gRElZ44O75bel5YW3ID4g44Gd44Gu5LuW,44CO44Kr44O844OJ5a++5b+cT0vvvIHjgI/ilqDjgJLvvLTvvKrvvK3jg4fjgrbjgqTjg7Mv44K/44K444Oe44CA44Ki44Op44Km44Oz44OJ44O744K244O744Km44Ko44K544OI44CA5a6J5YWo44Ot44O844OX5qW15aSq55m944CQQVctQVpSR1fjgJEoMzM1MzkyMykg5Y+X5rOo5Y2Y5L2NMQ==,,PGZvbnQgc2l6ZT0iNCI+57SN5pyf55uu5a6J77yaPC9mb250Pjxmb250IGNvbG9yPSIjMDAwMDAwIiBzaXplPSI0Ij7jgYrlj5bjgorlr4TjgZvlk4Eo6Kmz44GX44GP44Gv44GT44Gh44KJ44KS44Kv44Oq44OD44KvKTwvZm9udD48YnI+4peP5qW15aSq44K/44Kk44OX44Gn44GZ44CCPGJyPuKXj+ODreODvOODl+OBruebtOe3mumDqOWIhuOCkumVt+OBj++8iDU1MG1t77yJ44GX44Gf44Gf44KB44CB5bel5YW344GM44Kz44Kk44Or6YOo5YiG44Gr57Wh44G+44KK44G+44Gb44KT44CCPGJyPuKXjzNrZ+OBrumHjeOBle+8iOODqeODgeOCp+ODg+ODiOODrOODs+ODgee0hDbmnKzliIbvvInjga7okL3kuIvjgavogJDjgYjjgonjgozjgb7jgZnjgII=,44CO44Kr44O844OJ5a++5b+cT0vvvIHjgI/ilqDjgJLvvLTvvKrvvK3jg4fjgrbjgqTjg7Mv44K/44K444Oe44CA44Ki44Op44Km44Oz44OJ44O744K244O744Km44Ko44K544OI44CA5a6J5YWo44Ot44O844OX5qW15aSq55m944CQQVctQVpSR1fjgJEoMzM1MzkyMykg5Y+X5rOo5Y2Y5L2NMe+8muOCr+ODreODvOODkOODvOizh+adkOmkqA==,6YCa5L+h6LKp5aOy6YCa6LKp44K344On44OD44OU44Oz44Kw44Kq44Oz44Op44Kk44Oz44K344On44OD44OU44Oz44Kw6LK344GE54mp44OX44Os44K844Oz44OI44Ku44OV44OI6LSI44KK54mp6LSI562U5ZOB44GK5Lit5YWD44GK5q2z5pqu44GK6LK344GE5b6X44CO44Kr44O844OJ5a++5b+cT0vvvIHjgI/ilqDjgJLvvLTvvKrvvK3jg4fjgrbjgqTjg7Mv44K/44K444Oe44CA44Ki44Op44Km44Oz44OJ44O744K244O744Km44Ko44K544OI44CA5a6J5YWo44Ot44O844OX5qW15aSq55m944CQQVctQVpSR1fjgJEoMzM1MzkyMykg5Y+X5rOo5Y2Y5L2NMQ==,55Kw5aKD5a6J5YWo55So5ZOBXOS/neitt+WFt1zjg4Tjg7zjg6vjg63jg7zjg5fjgILjgI7jgqvjg7zjg4nlr77lv5xPS++8geOAj+KWoOOAku+8tO+8qu+8reODh+OCtuOCpOODsy/jgr/jgrjjg57jgIDjgqLjg6njgqbjg7Pjg4njg7vjgrbjg7vjgqbjgqjjgrnjg4jjgIDlronlhajjg63jg7zjg5fmpbXlpKrnmb3jgJBBVy1BWlJHV+OAkSgzMzUzOTIzKSDlj5fms6jljZjkvY0x[rn]
15-28089,aHR0cDovL3RzaG9wLnIxMHMuanAvZ29sZC9jbG92ZXI5NjA4L2ltYWdlb3JhLzEvdDAxMDAwMzgwNzIwNi5qcGc/Zml0aW49NzAwOjcwMA==,MTMzMC40MDAw,,6Iqx44O744Ks44O844OH44Oz44O7RElZID4gRElZ44O75bel5YW3ID4g44Gd44Gu5LuW,44CO44Kr44O844OJ5a++5b+cT0vvvIHjgI/ilqDjgJLjgqrjg7zjgqjjg4Pjg4Hlt6Xmpa0v77yv77yo44CA44K744O844OV44OG44Kj44O844Kz44O844OJ44CA77yT77yr772H55So44CA44Kw44Oq44O844Oz44CQU0NOLTMwR+OAkSgzNzA2MjA2KSDlj5fms6jljZjkvY0x,,PGZvbnQgc2l6ZT0iNCI+57SN5pyf55uu5a6J77yaPC9mb250Pjxmb250IGNvbG9yPSIjMDAwMDAwIiBzaXplPSI0Ij7jgYrlj5bjgorlr4TjgZvlk4Eo6Kmz44GX44GP44Gv44GT44Gh44KJ44KS44Kv44Oq44OD44KvKTwvZm9udD48YnI+4peP44K544OG44Oz44Os44K544Ov44Kk44Ok44Go44Km44Os44K/44Oz44Kz44O844OJ44KS5LiA5L2T5oiQ5b2i44GX44Gm44GE44KL44Gu44Gn5Lit44Gn44Ov44Kk44Ok44GM44Ga44KM44Gf44KK44Gb44Ga5LiI5aSr44Gn44GZ44CCPGJyPuKXj+OCueOCseODq+ODiOODs+OCq+ODqeODvOOBquOBruOBp+ODr+OCpOODpOOBjOimi+OBiOWuieW/g+aEn+OBjOOBguOCiuOBvuOBmeOAgg==,44CO44Kr44O844OJ5a++5b+cT0vvvIHjgI/ilqDjgJLjgqrjg7zjgqjjg4Pjg4Hlt6Xmpa0v77yv77yo44CA44K744O844OV44OG44Kj44O844Kz44O844OJ44CA77yT77yr772H55So44CA44Kw44Oq44O844Oz44CQU0NOLTMwR+OAkSgzNzA2MjA2KSDlj5fms6jljZjkvY0x77ya44Kv44Ot44O844OQ44O86LOH5p2Q6aSo,6YCa5L+h6LKp5aOy6YCa6LKp44K344On44OD44OU44Oz44Kw44Kq44Oz44Op44Kk44Oz44K344On44OD44OU44Oz44Kw6LK344GE54mp44OX44Os44K844Oz44OI44Ku44OV44OI6LSI44KK54mp6LSI562U5ZOB44GK5Lit5YWD44GK5q2z5pqu44GK6LK344GE5b6X44CO44Kr44O844OJ5a++5b+cT0vvvIHjgI/ilqDjgJLjgqrjg7zjgqjjg4Pjg4Hlt6Xmpa0v77yv77yo44CA44K744O844OV44OG44Kj44O844Kz44O844OJ44CA77yT77yr772H55So44CA44Kw44Oq44O844Oz44CQU0NOLTMwR+OAkSgzNzA2MjA2KSDlj5fms6jljZjkvY0x,55Kw5aKD5a6J5YWo55So5ZOBXOS/neitt+WFt1zjg4Tjg7zjg6vjg63jg7zjg5fjgILjgI7jgqvjg7zjg4nlr77lv5xPS++8geOAj+KWoOOAkuOCquODvOOCqOODg+ODgeW3pealrS/vvK/vvKjjgIDjgrvjg7zjg5Xjg4bjgqPjg7zjgrPjg7zjg4njgIDvvJPvvKvvvYfnlKjjgIDjgrDjg6rjg7zjg7PjgJBTQ04tMzBH44CRKDM3MDYyMDYpIOWPl+azqOWNmOS9jTE=[rn]
15-28090,aHR0cDovL3RzaG9wLnIxMHMuanAvY2xvdmVyOTYwOC9jYWJpbmV0L3BiNy90MDEwMDA0ODU2OTU3LmpwZz9maXRpbj03MDA6NzAw,NzIwLjAwMDA=,,6Iqx44O744Ks44O844OH44Oz44O7RElZID4gRElZ44O75bel5YW3ID4g44Gd44Gu5LuW,44CO44Kr44O844OJ5a++5b+cT0vvvIHjgI/ilqDjgJLjg4jjg6njgrnjgrPkuK3lsbEv77y077yy77y177yz77yj77yv44CA5a6J5YWo44Or44O844OX44CA5qiZ5rqW44K/44Kk44OX44CA44OQ44Kk44Kq44Os44OD44OI44CQVEFMMTcwLVYo776K776e772y7721776a772v776EKeOAkSgyMzgzNTM1KSDlj5fms6jljZjkvY0x,,PGZvbnQgc2l6ZT0iNCI+57SN5pyf55uu5a6J77yaPC9mb250Pjxmb250IGNvbG9yPSIjMDAwMDAwIiBzaXplPSI0Ij7jgYrlj5bjgorlr4TjgZvlk4Eo6Kmz44GX44GP44Gv44GT44Gh44KJ44KS44Kv44Oq44OD44KvKTwvZm9udD48YnI+4peP44K544OG44Oz44Os44K544Ov44Kk44Ok44KS54m56Kix44Or44O844OX5Yqg5bel44Gn5b2i54q26KiY5oa244GX44CB44Km44Os44K/44Oz6KKr6Iac5Yqg5bel44KS5pa944GX44Gm44GE44G+44GZ44Gu44Gn5Ly457iu5oCn44Gr5YSq44KM44Gm44GE44G+44GZ44CCPGJyPuKXj+W+qeWFg+WKm+OAgeWuieWFqOW8t+W6puOAgeWvkuWGt+WcsOOBruS9v+eUqOOChOiAkOWAmeaAp+OBq+OCguWEquOCjOOAgeODq+ODvOODl+OBruWei+W0qeOCjOOCgueUn+OBmOOBvuOBm+OCk+OAgg==,44CO44Kr44O844OJ5a++5b+cT0vvvIHjgI/ilqDjgJLjg4jjg6njgrnjgrPkuK3lsbEv77y077yy77y177yz77yj77yv44CA5a6J5YWo44Or44O844OX44CA5qiZ5rqW44K/44Kk44OX44CA44OQ44Kk44Kq44Os44OD44OI44CQVEFMMTcwLVYo776K776e772y7721776a772v776EKeOAkSgyMzgzNTM1KSDlj5fms6jljZjkvY0x77ya44Kv44Ot44O844OQ44O86LOH5p2Q6aSo,6YCa5L+h6LKp5aOy6YCa6LKp44K344On44OD44OU44Oz44Kw44Kq44Oz44Op44Kk44Oz44K344On44OD44OU44Oz44Kw6LK344GE54mp44OX44Os44K844Oz44OI44Ku44OV44OI6LSI44KK54mp6LSI562U5ZOB44GK5Lit5YWD44GK5q2z5pqu44GK6LK344GE5b6X44CO44Kr44O844OJ5a++5b+cT0vvvIHjgI/ilqDjgJLjg4jjg6njgrnjgrPkuK3lsbEv77y077yy77y177yz77yj77yv44CA5a6J5YWo44Or44O844OX44CA5qiZ5rqW44K/44Kk44OX44CA44OQ44Kk44Kq44Os44OD44OI44CQVEFMMTcwLVYo776K776e772y7721776a772v776EKeOAkSgyMzgzNTM1KSDlj5fms6jljZjkvY0x,KDIzODM1MzUp44CC44CO44Kr44O844OJ5a++5b+cT0vvvIHjgI/ilqDjgJLjg4jjg6njgrnjgrPkuK3lsbEv77y077yy77y177yz77yj77yv44CA5a6J5YWo44Or44O844OX44CA5qiZ5rqW44K/44Kk44OX44CA44OQ44Kk44Kq44Os44OD44OI44CQVEFMMTcwLVYo776K776e772y7721776a772v776EKeOAkSgyMzgzNTM1KSDlj5fms6jljZjkvY0x[rn]
15-28091,aHR0cDovL3RzaG9wLnIxMHMuanAvZ29sZC9jbG92ZXI5NjA4L2ltYWdlb3JhLzEvdDAxMDAwMzgwNzIwNC5qcGc/Zml0aW49NzAwOjcwMA==,NjI4LjAwMDA=,,6Iqx44O744Ks44O844OH44Oz44O7RElZID4gRElZ44O75bel5YW3ID4g44Gd44Gu5LuW,44CO44Kr44O844OJ5a++5b+cT0vvvIHjgI/ilqDjgJLjgqrjg7zjgqjjg4Pjg4Hlt6Xmpa0v77yv77yo44CA44K744O844OV44OG44Kj44O844Kz44O844OJ44CA77yR77yr772H55So44CA44Kv44Oq44Ki44CQU0NOMTBD44CRKDM3MDYwNzkpIOWPl+azqOWNmOS9jTE=,,PGZvbnQgc2l6ZT0iNCI+57SN5pyf55uu5a6J77yaPC9mb250Pjxmb250IGNvbG9yPSIjMDAwMDAwIiBzaXplPSI0Ij7jgYrlj5bjgorlr4TjgZvlk4Eo6Kmz44GX44GP44Gv44GT44Gh44KJ44KS44Kv44Oq44OD44KvKTwvZm9udD48YnI+4peP44K544OG44Oz44Os44K544Ov44Kk44Ok44Go44Km44Os44K/44Oz44Kz44O844OJ44KS5LiA5L2T5oiQ5b2i44GX44Gm44GE44KL44Gu44Gn5Lit44Gn44Ov44Kk44Ok44GM44Ga44KM44Gf44KK44Gb44Ga5LiI5aSr44Gn44GZ44CCPGJyPuKXj+OCueOCseODq+ODiOODs+OCq+ODqeODvOOBquOBruOBp+ODr+OCpOODpOOBjOimi+OBiOWuieW/g+aEn+OBjOOBguOCiuOBvuOBmeOAgg==,44CO44Kr44O844OJ5a++5b+cT0vvvIHjgI/ilqDjgJLjgqrjg7zjgqjjg4Pjg4Hlt6Xmpa0v77yv77yo44CA44K744O844OV44OG44Kj44O844Kz44O844OJ44CA77yR77yr772H55So44CA44Kv44Oq44Ki44CQU0NOMTBD44CRKDM3MDYwNzkpIOWPl+azqOWNmOS9jTHvvJrjgq/jg63jg7zjg5Djg7zos4fmnZDppKg=,6YCa5L+h6LKp5aOy6YCa6LKp44K344On44OD44OU44Oz44Kw44Kq44Oz44Op44Kk44Oz44K344On44OD44OU44Oz44Kw6LK344GE54mp44OX44Os44K844Oz44OI44Ku44OV44OI6LSI44KK54mp6LSI562U5ZOB44GK5Lit5YWD44GK5q2z5pqu44GK6LK344GE5b6X44CO44Kr44O844OJ5a++5b+cT0vvvIHjgI/ilqDjgJLjgqrjg7zjgqjjg4Pjg4Hlt6Xmpa0v77yv77yo44CA44K744O844OV44OG44Kj44O844Kz44O844OJ44CA77yR77yr772H55So44CA44Kv44Oq44Ki44CQU0NOMTBD44CRKDM3MDYwNzkpIOWPl+azqOWNmOS9jTE=,55Kw5aKD5a6J5YWo55So5ZOBXOS/neitt+WFt1zjg4Tjg7zjg6vjg63jg7zjg5fjgILjgI7jgqvjg7zjg4nlr77lv5xPS++8geOAj+KWoOOAkuOCquODvOOCqOODg+ODgeW3pealrS/vvK/vvKjjgIDjgrvjg7zjg5Xjg4bjgqPjg7zjgrPjg7zjg4njgIDvvJHvvKvvvYfnlKjjgIDjgq/jg6rjgqLjgJBTQ04xMEPjgJEoMzcwNjA3OSkg5Y+X5rOo5Y2Y5L2NMQ==[rn]
15-28092,aHR0cDovL3RzaG9wLnIxMHMuanAvZ29sZC9jbG92ZXI5NjA4L2ltYWdlb3JhLzEvdDAxMDAwMzgwNzIwNS5qcGc/Zml0aW49NzAwOjcwMA==,OTc5LjIwMDA=,,6Iqx44O744Ks44O844OH44Oz44O7RElZID4gRElZ44O75bel5YW3ID4g44Gd44Gu5LuW,44CO44Kr44O844OJ5a++5b+cT0vvvIHjgI/ilqDjgJLjgqrjg7zjgqjjg4Pjg4Hlt6Xmpa0v77yv77yo44CA44K744O844OV44OG44Kj44O844Kz44O844OJ44CA77yS77yr772H55So44CA44Os44OD44OJ44CQU0NOLTIwUuOAkSgzNzA2MTY4KSDlj5fms6jljZjkvY0x,,PGZvbnQgc2l6ZT0iNCI+57SN5pyf55uu5a6J77yaPC9mb250Pjxmb250IGNvbG9yPSIjMDAwMDAwIiBzaXplPSI0Ij7jgYrlj5bjgorlr4TjgZvlk4Eo6Kmz44GX44GP44Gv44GT44Gh44KJ44KS44Kv44Oq44OD44KvKTwvZm9udD48YnI+4peP44K544OG44Oz44Os44K544Ov44Kk44Ok44Go44Km44Os44K/44Oz44Kz44O844OJ44KS5LiA5L2T5oiQ5b2i44GX44Gm44GE44KL44Gu44Gn5Lit44Gn44Ov44Kk44Ok44GM44Ga44KM44Gf44KK44Gb44Ga5LiI5aSr44Gn44GZ44CCPGJyPuKXj+OCueOCseODq+ODiOODs+OCq+ODqeODvOOBquOBruOBp+ODr+OCpOODpOOBjOimi+OBiOWuieW/g+aEn+OBjOOBguOCiuOBvuOBmeOAgg==,44CO44Kr44O844OJ5a++5b+cT0vvvIHjgI/ilqDjgJLjgqrjg7zjgqjjg4Pjg4Hlt6Xmpa0v77yv77yo44CA44K744O844OV44OG44Kj44O844Kz44O844OJ44CA77yS77yr772H55So44CA44Os44OD44OJ44CQU0NOLTIwUuOAkSgzNzA2MTY4KSDlj5fms6jljZjkvY0x77ya44Kv44Ot44O844OQ44O86LOH5p2Q6aSo,6YCa5L+h6LKp5aOy6YCa6LKp44K344On44OD44OU44Oz44Kw44Kq44Oz44Op44Kk44Oz44K344On44OD44OU44Oz44Kw6LK344GE54mp44OX44Os44K844Oz44OI44Ku44OV44OI6LSI44KK54mp6LSI562U5ZOB44GK5Lit5YWD44GK5q2z5pqu44GK6LK344GE5b6X44CO44Kr44O844OJ5a++5b+cT0vvvIHjgI/ilqDjgJLjgqrjg7zjgqjjg4Pjg4Hlt6Xmpa0v77yv77yo44CA44K744O844OV44OG44Kj44O844Kz44O844OJ44CA77yS77yr772H55So44CA44Os44OD44OJ44CQU0NOLTIwUuOAkSgzNzA2MTY4KSDlj5fms6jljZjkvY0x,55Kw5aKD5a6J5YWo55So5ZOBXOS/neitt+WFt1zjg4Tjg7zjg6vjg63jg7zjg5fjgILjgI7jgqvjg7zjg4nlr77lv5xPS++8geOAj+KWoOOAkuOCquODvOOCqOODg+ODgeW3pealrS/vvK/vvKjjgIDjgrvjg7zjg5Xjg4bjgqPjg7zjgrPjg7zjg4njgIDvvJLvvKvvvYfnlKjjgIDjg6zjg4Pjg4njgJBTQ04tMjBS44CRKDM3MDYxNjgpIOWPl+azqOWNmOS9jTE=[rn]
15-28093,aHR0cDovL3RzaG9wLnIxMHMuanAvZ29sZC9jbG92ZXI5NjA4L2ltYWdlb3JhLzEvdDAxMDAwMjgyNTEzNi5qcGc/Zml0aW49NzAwOjcwMA==,MTgwLjgwMDA=,,6Iqx44O744Ks44O844OH44Oz44O7RElZID4gRElZ44O75bel5YW3ID4g44Gd44Gu5LuW,44CO44Kr44O844OJ5a++5b+cT0vvvIHjgI/ilqDjgJLvvLTvvKrvvK3jg4fjgrbjgqTjg7Mv44K/44K444Oe44CA5a6J5YWo44Ot44O844OX55So44CA5bel5YW35o6l57aa44Ov44Kk44Ok44O844CQQVotV0lS44CRKDMzNTQyMjkpIOWPl+azqOWNmOS9jTE=,,PGZvbnQgc2l6ZT0iNCI+57SN5pyf55uu5a6J77yaPC9mb250Pjxmb250IGNvbG9yPSIjMDAwMDAwIiBzaXplPSI0Ij7jgYrlj5bjgorlr4TjgZvlk4Eo6Kmz44GX44GP44Gv44GT44Gh44KJ44KS44Kv44Oq44OD44KvKTwvZm9udD48YnI+4peP5a6J5YWo44Ot44O844OX55So5bel5YW35Y+W5LuY5YW344Gn44GZ44CC,44CO44Kr44O844OJ5a++5b+cT0vvvIHjgI/ilqDjgJLvvLTvvKrvvK3jg4fjgrbjgqTjg7Mv44K/44K444Oe44CA5a6J5YWo44Ot44O844OX55So44CA5bel5YW35o6l57aa44Ov44Kk44Ok44O844CQQVotV0lS44CRKDMzNTQyMjkpIOWPl+azqOWNmOS9jTHvvJrjgq/jg63jg7zjg5Djg7zos4fmnZDppKg=,6YCa5L+h6LKp5aOy6YCa6LKp44K344On44OD44OU44Oz44Kw44Kq44Oz44Op44Kk44Oz44K344On44OD44OU44Oz44Kw6LK344GE54mp44OX44Os44K844Oz44OI44Ku44OV44OI6LSI44KK54mp6LSI562U5ZOB44GK5Lit5YWD44GK5q2z5pqu44GK6LK344GE5b6X44CO44Kr44O844OJ5a++5b+cT0vvvIHjgI/ilqDjgJLvvLTvvKrvvK3jg4fjgrbjgqTjg7Mv44K/44K444Oe44CA5a6J5YWo44Ot44O844OX55So44CA5bel5YW35o6l57aa44Ov44Kk44Ok44O844CQQVotV0lS44CRKDMzNTQyMjkpIOWPl+azqOWNmOS9jTE=,55Kw5aKD5a6J5YWo55So5ZOBXOS/neitt+WFt1zjg4Tjg7zjg6vjg63jg7zjg5fjgILjgI7jgqvjg7zjg4nlr77lv5xPS++8geOAj+KWoOOAku+8tO+8qu+8reODh+OCtuOCpOODsy/jgr/jgrjjg57jgIDlronlhajjg63jg7zjg5fnlKjjgIDlt6XlhbfmjqXntprjg6/jgqTjg6Tjg7zjgJBBWi1XSVLjgJEoMzM1NDIyOSkg5Y+X5rOo5Y2Y5L2NMQ==[rn]
15-28094,aHR0cDovL3RzaG9wLnIxMHMuanAvZ29sZC9jbG92ZXI5NjA4L2ltYWdlb3JhLzEvdDAxMDAwNDkyMzQ4MC5qcGc/Zml0aW49NzAwOjcwMA==,MTkzMy42MDAw,,6Iqx44O744Ks44O844OH44Oz44O7RElZID4gRElZ44O75bel5YW3ID4g44Gd44Gu5LuW,44CO44Kr44O844OJ5a++5b+cT0vvvIHjgI/ilqDjgJLjgqrjg7zjgqjjg4Pjg4Hlt6Xmpa0v77yv77yo44CA44K744O844OV44OG44Kj44Kz44O844OJ44CA77yV772L772H55So44CA44OQ44Kk44Kq44Os44OD44OI44CQU0NOLTUwVuOAkSgzOTU4ODg0KSDlj5fms6jljZjkvY0x,,PGZvbnQgc2l6ZT0iNCI+57SN5pyf55uu5a6J77yaPC9mb250Pjxmb250IGNvbG9yPSIjMDAwMDAwIiBzaXplPSI0Ij7jgYrlj5bjgorlr4TjgZvlk4Eo6Kmz44GX44GP44Gv44GT44Gh44KJ44KS44Kv44Oq44OD44KvKTwvZm9udD48YnI+4peP44K544OG44Oz44Os44K544Ov44Kk44Ok44O844Go44Km44Os44K/44Oz44Kz44O844OJ44KS5LiA5L2T5oiQ5b2i44GX44Gm44GE44KL44Gu44Gn5Lit44Gn44Ov44Kk44Ok44O844GM44Ga44KM44Gf44KK44Gb44Ga5LiI5aSr44Gn44GZ44CCPGJyPuKXj+OCueOCseODq+ODiOODs+OCq+ODqeODvOOBquOBruOBp+ODr+OCpOODpOODvOOBjOimi+OBiOWuieW/g+aEn+OBjOOBguOCiuOBvuOBmeOAgjxicj7il4/ogJDkuYXmgKfjg7vkvLjnuK7mgKfjg5Djg4TjgrDjg7Pjga7kuIros6rjgqbjg6zjgr/jg7PjgpLkvb/nlKjjgII8YnI+4peP5byV44Gj5by144KK5oq15oqX44GM5bCR44Gq44GE6Lu944GE5Ly457iu44Gq44Gu44Gn44CB5Ly444Gz44Gr5L2Z6KOV44GM44GC44KK44G+44GZ44CC,44CO44Kr44O844OJ5a++5b+cT0vvvIHjgI/ilqDjgJLjgqrjg7zjgqjjg4Pjg4Hlt6Xmpa0v77yv77yo44CA44K744O844OV44OG44Kj44Kz44O844OJ44CA77yV772L772H55So44CA44OQ44Kk44Kq44Os44OD44OI44CQU0NOLTUwVuOAkSgzOTU4ODg0KSDlj5fms6jljZjkvY0x77ya44Kv44Ot44O844OQ44O86LOH5p2Q6aSo,6YCa5L+h6LKp5aOy6YCa6LKp44K344On44OD44OU44Oz44Kw44Kq44Oz44Op44Kk44Oz44K344On44OD44OU44Oz44Kw6LK344GE54mp44OX44Os44K844Oz44OI44Ku44OV44OI6LSI44KK54mp6LSI562U5ZOB44GK5Lit5YWD44GK5q2z5pqu44GK6LK344GE5b6X44CO44Kr44O844OJ5a++5b+cT0vvvIHjgI/ilqDjgJLjgqrjg7zjgqjjg4Pjg4Hlt6Xmpa0v77yv77yo44CA44K744O844OV44OG44Kj44Kz44O844OJ44CA77yV772L772H55So44CA44OQ44Kk44Kq44Os44OD44OI44CQU0NOLTUwVuOAkSgzOTU4ODg0KSDlj5fms6jljZjkvY0x,55Kw5aKD5a6J5YWo55So5ZOBXOS/neitt+WFt1zjg4Tjg7zjg6vjg63jg7zjg5fjgILjgI7jgqvjg7zjg4nlr77lv5xPS++8geOAj+KWoOOAkuOCquODvOOCqOODg+ODgeW3pealrS/vvK/vvKjjgIDjgrvjg7zjg5Xjg4bjgqPjgrPjg7zjg4njgIDvvJXvvYvvvYfnlKjjgIDjg5DjgqTjgqrjg6zjg4Pjg4jjgJBTQ04tNTBW44CRKDM5NTg4ODQpIOWPl+azqOWNmOS9jTE=[rn]
15-28095,aHR0cDovL3RzaG9wLnIxMHMuanAvZ29sZC9jbG92ZXI5NjA4L2ltYWdlb3JhLzEvdDAxMDAwMzgwNzIwNC5qcGc/Zml0aW49NzAwOjcwMA==,NjI4LjAwMDA=,,6Iqx44O744Ks44O844OH44Oz44O7RElZID4gRElZ44O75bel5YW3ID4g44Gd44Gu5LuW,44CO44Kr44O844OJ5a++5b+cT0vvvIHjgI/ilqDjgJLjgqrjg7zjgqjjg4Pjg4Hlt6Xmpa0v77yv77yo44CA44K744O844OV44OG44Kj44O844Kz44O844OJ44CA77yR77yr772H55So44CA44Kw44Oq44O844Oz44CQU0NOMTBH44CRKDM3MDYwODcpIOWPl+azqOWNmOS9jTE=,,PGZvbnQgc2l6ZT0iNCI+57SN5pyf55uu5a6J77yaPC9mb250Pjxmb250IGNvbG9yPSIjMDAwMDAwIiBzaXplPSI0Ij7jgYrlj5bjgorlr4TjgZvlk4Eo6Kmz44GX44GP44Gv44GT44Gh44KJ44KS44Kv44Oq44OD44KvKTwvZm9udD48YnI+4peP44K544OG44Oz44Os44K544Ov44Kk44Ok44Go44Km44Os44K/44Oz44Kz44O844OJ44KS5LiA5L2T5oiQ5b2i44GX44Gm44GE44KL44Gu44Gn5Lit44Gn44Ov44Kk44Ok44GM44Ga44KM44Gf44KK44Gb44Ga5LiI5aSr44Gn44GZ44CCPGJyPuKXj+OCueOCseODq+ODiOODs+OCq+ODqeODvOOBquOBruOBp+ODr+OCpOODpOOBjOimi+OBiOWuieW/g+aEn+OBjOOBguOCiuOBvuOBmeOAgg==,44CO44Kr44O844OJ5a++5b+cT0vvvIHjgI/ilqDjgJLjgqrjg7zjgqjjg4Pjg4Hlt6Xmpa0v77yv77yo44CA44K744O844OV44OG44Kj44O844Kz44O844OJ44CA77yR77yr772H55So44CA44Kw44Oq44O844Oz44CQU0NOMTBH44CRKDM3MDYwODcpIOWPl+azqOWNmOS9jTHvvJrjgq/jg63jg7zjg5Djg7zos4fmnZDppKg=,6YCa5L+h6LKp5aOy6YCa6LKp44K344On44OD44OU44Oz44Kw44Kq44Oz44Op44Kk44Oz44K344On44OD44OU44Oz44Kw6LK344GE54mp44OX44Os44K844Oz44OI44Ku44OV44OI6LSI44KK54mp6LSI562U5ZOB44GK5Lit5YWD44GK5q2z5pqu44GK6LK344GE5b6X44CO44Kr44O844OJ5a++5b+cT0vvvIHjgI/ilqDjgJLjgqrjg7zjgqjjg4Pjg4Hlt6Xmpa0v77yv77yo44CA44K744O844OV44OG44Kj44O844Kz44O844OJ44CA77yR77yr772H55So44CA44Kw44Oq44O844Oz44CQU0NOMTBH44CRKDM3MDYwODcpIOWPl+azqOWNmOS9jTE=,55Kw5aKD5a6J5YWo55So5ZOBXOS/neitt+WFt1zjg4Tjg7zjg6vjg63jg7zjg5fjgILjgI7jgqvjg7zjg4nlr77lv5xPS++8geOAj+KWoOOAkuOCquODvOOCqOODg+ODgeW3pealrS/vvK/vvKjjgIDjgrvjg7zjg5Xjg4bjgqPjg7zjgrPjg7zjg4njgIDvvJHvvKvvvYfnlKjjgIDjgrDjg6rjg7zjg7PjgJBTQ04xMEfjgJEoMzcwNjA4Nykg5Y+X5rOo5Y2Y5L2NMQ==[rn]
15-28096,aHR0cDovL3RzaG9wLnIxMHMuanAvZ29sZC9jbG92ZXI5NjA4L2ltYWdlb3JhLzEvdDAxMDAwMzgwNzIwNC5qcGc/Zml0aW49NzAwOjcwMA==,NjI4LjAwMDA=,,6Iqx44O744Ks44O844OH44Oz44O7RElZID4gRElZ44O75bel5YW3ID4g44Gd44Gu5LuW,44CO44Kr44O844OJ5a++5b+cT0vvvIHjgI/ilqDjgJLjgqrjg7zjgqjjg4Pjg4Hlt6Xmpa0v77yv77yo44CA44K744O844OV44OG44Kj44O844Kz44O844OJ44CA77yR77yr772H55So44CA44Op44Kk44OI44OW44Or44O844CQU0NOLTEwTOOAkSgzNzA2MDk1KSDlj5fms6jljZjkvY0x,,PGZvbnQgc2l6ZT0iNCI+57SN5pyf55uu5a6J77yaPC9mb250Pjxmb250IGNvbG9yPSIjMDAwMDAwIiBzaXplPSI0Ij7jgYrlj5bjgorlr4TjgZvlk4Eo6Kmz44GX44GP44Gv44GT44Gh44KJ44KS44Kv44Oq44OD44KvKTwvZm9udD48YnI+4peP44K544OG44Oz44Os44K544Ov44Kk44Ok44Go44Km44Os44K/44Oz44Kz44O844OJ44KS5LiA5L2T5oiQ5b2i44GX44Gm44GE44KL44Gu44Gn5Lit44Gn44Ov44Kk44Ok44GM44Ga44KM44Gf44KK44Gb44Ga5LiI5aSr44Gn44GZ44CCPGJyPuKXj+OCueOCseODq+ODiOODs+OCq+ODqeODvOOBquOBruOBp+ODr+OCpOODpOOBjOimi+OBiOWuieW/g+aEn+OBjOOBguOCiuOBvuOBmeOAgg==,44CO44Kr44O844OJ5a++5b+cT0vvvIHjgI/ilqDjgJLjgqrjg7zjgqjjg4Pjg4Hlt6Xmpa0v77yv77yo44CA44K744O844OV44OG44Kj44O844Kz44O844OJ44CA77yR77yr772H55So44CA44Op44Kk44OI44OW44Or44O844CQU0NOLTEwTOOAkSgzNzA2MDk1KSDlj5fms6jljZjkvY0x77ya44Kv44Ot44O844OQ44O86LOH5p2Q6aSo,6YCa5L+h6LKp5aOy6YCa6LKp44K344On44OD44OU44Oz44Kw44Kq44Oz44Op44Kk44Oz44K344On44OD44OU44Oz44Kw6LK344GE54mp44OX44Os44K844Oz44OI44Ku44OV44OI6LSI44KK54mp6LSI562U5ZOB44GK5Lit5YWD44GK5q2z5pqu44GK6LK344GE5b6X44CO44Kr44O844OJ5a++5b+cT0vvvIHjgI/ilqDjgJLjgqrjg7zjgqjjg4Pjg4Hlt6Xmpa0v77yv77yo44CA44K744O844OV44OG44Kj44O844Kz44O844OJ44CA77yR77yr772H55So44CA44Op44Kk44OI44OW44Or44O844CQU0NOLTEwTOOAkSgzNzA2MDk1KSDlj5fms6jljZjkvY0x,55Kw5aKD5a6J5YWo55So5ZOBXOS/neitt+WFt1zjg4Tjg7zjg6vjg63jg7zjg5fjgILjgI7jgqvjg7zjg4nlr77lv5xPS++8geOAj+KWoOOAkuOCquODvOOCqOODg+ODgeW3pealrS/vvK/vvKjjgIDjgrvjg7zjg5Xjg4bjgqPjg7zjgrPjg7zjg4njgIDvvJHvvKvvvYfnlKjjgIDjg6njgqTjg4jjg5bjg6vjg7zjgJBTQ04tMTBM44CRKDM3MDYwOTUpIOWPl+azqOWNmOS9jTE=[rn]
15-28097,,ODY0MC4wMDAw,,6Iqx44O744Ks44O844OH44Oz44O7RElZID4gRElZ44O75bel5YW3ID4g44Gd44Gu5LuW,44CO44Kr44O844OJ5a++5b+cT0vvvIHjgI/ilqDjgJLvvLPvvK3vvKnvvLTvvKjjgIDvvK/vvLDvvLTvvKnvvKPvvLPnpL4v77yz77yt77yp77y077yo44CA77yv77yw44CQQUVHQUJLMTJBLTJS44CRKDc2Njg0OTApIOOCpOODvOOCuOOCueOAgOOCouODvOOCr+OAgO+8iO+8oe+8pe+8p++8qe+8s+OAgO+8oe+8su+8o++8ieOAgOOCouODs+ODgeODleOCqeOCsOWKoOW3pSDlj5fms6jljZjkvY0x,,PGZvbnQgc2l6ZT0iNCI+57SN5pyf55uu5a6J77yaPC9mb250Pjxmb250IGNvbG9yPSIjMDAwMDAwIiBzaXplPSI0Ij7jgYrlj5bjgorlr4TjgZvlk4Eo6Kmz44GX44GP44Gv44GT44Gh44KJ44KS44Kv44Oq44OD44KvKTwvZm9udD48YnI+PGJyPgo8YnI+PGJyPuKXj+ODleODrOODvOODoOOBruadkOizquOBq+W8t+WMluaoueiEguOCkuaOoeeUqOOBl+OBpuOBhOOCi+OBn+OCgeOAgeS6uumWk+OBrumgreOBq+acgOmBqeOBq+ODleOCo+ODg+ODiOOBmeOCi+OCiOOBhuOBq+ioreioiOOBleOCjOOAgeS4jeW/q+aEn+OBjOOBguOCiuOBvuOBm+OCk+OAgjxicj7il4/jg6zjg7PjgrrkuqTmj5vjgoLvvLDvvYnvvZbvvKzvvY/vvYPvvYvvvIjjg6zjg7PjgrrjgqTjg7Pjgr/jg7zjg4Hjgqfjg7Pjgrjjg4bjgq/jg47jg63jgrjjg7zvvInjgafntKDml6njgY/nsKHljZjjgafjgZnjgII8YnI+4peP5pyJ5a6z44Gq77y177y277yhL++8te+8tu+8oi/vvLXvvLbvvKPjgpLvvJHvvJDvvJDvvIXpga7mlq3jgZfjgIHnm67jgbjjga7osqDmi4XjgpLou73muJvjgZfjgb7jgZnjgII8YnI+PGJyPjxicj7il4/jg6zjg7PjgrroibLvvJrjgq/jg6rjgqI8YnI+4peP44OV44Os44O844Og6Imy77ya44OW44Op44OD44KvPGJyPuKXj+mYsuWCt+WKoOW3pe+8muaciTxicj7il49VVuOCq+ODg+ODiO+8muaciTxicj7il4/pmLLmm4fliqDlt6XvvJrmnIk8YnI+4peP6LOq6YePKGcp77yaMjc8YnI+4peP5Y+v6KaW5YWJ57ea6YCP6YGO546HKCUp77yaODk8YnI+4peP6aGU44GC44Gf44KK44K944OV44OI77ya44OO44O844K644OR44OD44OI5LuYPGJyPuKXj+ODrOODs+OCuuS6pOaPm++8muWPrzxicj48YnI+4peP44Ki44Oh44Oq44Kr5Zu95a626KaP5qC8TUlMLURUTC00MzUxMUTjgIEgQU5TSSBaODcuMSAmIEVOIDE2NuOBq+a6luaLoDxicj7il4/jgqLjg7Pjg4Hjg5XjgqnjgrDvvIjmm4fjgormraLjgoHvvInjg7vlgrfjgavlvLfjgYTjgrPjg7zjg4bjgqPjg7PjgrDliqDlt6U8YnI+4peP44Os44Oz44K65Y6a77yaMi4zbW08YnI+PGJyPuKXj+ODrOODs+OCuu+8muiAkOihneaSg+ODneODquOCq+ODvOODnOODjeODvOODiDxicj7il4/jg5Xjg6zjg7zjg6DvvJrlvLfljJbmqLnohII8YnI+,44CO44Kr44O844OJ5a++5b+cT0vvvIHjgI/ilqDjgJLvvLPvvK3vvKnvvLTvvKjjgIDvvK/vvLDvvLTvvKnvvKPvvLPnpL4v77yz77yt77yp77y077yo44CA77yv77yw44CQQUVHQUJLMTJBLTJS44CRKDc2Njg0OTApIOOCpOODvOOCuOOCueOAgOOCouODvOOCr+OAgO+8iO+8oe+8pe+8p++8qe+8s+OAgO+8oe+8su+8o++8ieOAgOOCouODs+ODgeODleOCqeOCsOWKoOW3pSDlj5fms6jljZjkvY0x77ya44Kv44Ot44O844OQ44O86LOH5p2Q6aSo,6YCa5L+h6LKp5aOy6YCa6LKp44K344On44OD44OU44Oz44Kw44Kq44Oz44Op44Kk44Oz44K344On44OD44OU44Oz44Kw6LK344GE54mp44OX44Os44K844Oz44OI44Ku44OV44OI6LSI44KK54mp6LSI562U5ZOB44GK5Lit5YWD44GK5q2z5pqu44GK6LK344GE5b6X44CO44Kr44O844OJ5a++5b+cT0vvvIHjgI/ilqDjgJLvvLPvvK3vvKnvvLTvvKjjgIDvvK/vvLDvvLTvvKnvvKPvvLPnpL4v77yz77yt77yp77y077yo44CA77yv77yw44CQQUVHQUJLMTJBLTJS44CRKDc2Njg0OTApIOOCpOODvOOCuOOCueOAgOOCouODvOOCr+OAgO+8iO+8oe+8pe+8p++8qe+8s+OAgO+8oe+8su+8o++8ieOAgOOCouODs+ODgeODleOCqeOCsOWKoOW3pSDlj5fms6jljZjkvY0x,55Kw5aKD5a6J5YWo55So5ZOBXOS/neitt+WFt1zkv53orbfjg6Hjgqzjg43jgILjgI7jgqvjg7zjg4nlr77lv5xPS++8geOAj+KWoOOAku+8s++8re+8qe+8tO+8qOOAgO+8r++8sO+8tO+8qe+8o++8s+ekvi/vvLPvvK3vvKnvvLTvvKjjgIDvvK/vvLDjgJBBRUdBQksxMkEtMlLjgJEoNzY2ODQ5MCkg44Kk44O844K444K544CA44Ki44O844Kv44CA77yI77yh77yl77yn77yp77yz44CA77yh77yy77yj77yJ44CA44Ki44Oz44OB44OV44Kp44Kw5Yqg5belIOWPl+azqOWNmOS9jTE=[rn]
15-28098,aHR0cDovL3RzaG9wLnIxMHMuanAvZ29sZC9jbG92ZXI5NjA4L2ltYWdlb3JhLzEvdDAxMDAwNDM5NDc0OS5qcGc/Zml0aW49NzAwOjcwMA==,MTI1NC40MDAw,,6Iqx44O744Ks44O844OH44Oz44O7RElZID4gRElZ44O75bel5YW3ID4g44Gd44Gu5LuW,44CO44Kr44O844OJ5a++5b+cT0vvvIHjgI/ilqDjgJLvvLTvvKrvvK3jg4fjgrbjgqTjg7Mv44K/44K444Oe44CA5a6J5YWo44Ot44O844OX44OW44Op44OD44Kv44CQQVotUk9QQkvjgJEoMzc3MTIyOSkg5Y+X5rOo5Y2Y5L2NMQ==,,PGZvbnQgc2l6ZT0iNCI+57SN5pyf55uu5a6J77yaPC9mb250Pjxmb250IGNvbG9yPSIjMDAwMDAwIiBzaXplPSI0Ij7jgYrlj5bjgorlr4TjgZvlk4Eo6Kmz44GX44GP44Gv44GT44Gh44KJ44KS44Kv44Oq44OD44KvKTwvZm9udD48YnI+4peP6Iqv5p2Q44Gr44OK44Kk44Ot44Oz44KS5L2/55So44GX44Gf44Kz44Kk44Or5b2i54q244Gn44CB5by344GE5Yqb44Gn5byV44Gj44Gx44Gj44Gf5b6M44Gn44KC5Ly444Gz44Gf44G+44G+44Gr44Gq44KK44G+44Gb44KT44CC77yI5pyA5aSnMTYwMG1t44G+44Gn5Ly444Gz44G+44GZ77yJPGJyPuKXj+ODreODvOODl+OBrumHjeOBlTgwZ+OBqOi7vemHj+OBp+OBmeOAgjxicj7il4/mn5Tou5/mgKfjgavlhKrjgozjgabjgYrjgorkvZzmpa3jgavmlK/pmpzjgpLjgY3jgZ/jgZfjgb7jgZvjgpM8YnI+4peP5bel5YW35o6l57aa44Ov44Kk44Ok5LuY44GN44Gn44GZ44CC,44CO44Kr44O844OJ5a++5b+cT0vvvIHjgI/ilqDjgJLvvLTvvKrvvK3jg4fjgrbjgqTjg7Mv44K/44K444Oe44CA5a6J5YWo44Ot44O844OX44OW44Op44OD44Kv44CQQVotUk9QQkvjgJEoMzc3MTIyOSkg5Y+X5rOo5Y2Y5L2NMe+8muOCr+ODreODvOODkOODvOizh+adkOmkqA==,6YCa5L+h6LKp5aOy6YCa6LKp44K344On44OD44OU44Oz44Kw44Kq44Oz44Op44Kk44Oz44K344On44OD44OU44Oz44Kw6LK344GE54mp44OX44Os44K844Oz44OI44Ku44OV44OI6LSI44KK54mp6LSI562U5ZOB44GK5Lit5YWD44GK5q2z5pqu44GK6LK344GE5b6X44CO44Kr44O844OJ5a++5b+cT0vvvIHjgI/ilqDjgJLvvLTvvKrvvK3jg4fjgrbjgqTjg7Mv44K/44K444Oe44CA5a6J5YWo44Ot44O844OX44OW44Op44OD44Kv44CQQVotUk9QQkvjgJEoMzc3MTIyOSkg5Y+X5rOo5Y2Y5L2NMQ==,55Kw5aKD5a6J5YWo55So5ZOBXOS/neitt+WFt1zjg4Tjg7zjg6vjg63jg7zjg5fjgILjgI7jgqvjg7zjg4nlr77lv5xPS++8geOAj+KWoOOAku+8tO+8qu+8reODh+OCtuOCpOODsy/jgr/jgrjjg57jgIDlronlhajjg63jg7zjg5fjg5bjg6njg4Pjgq/jgJBBWi1ST1BCS+OAkSgzNzcxMjI5KSDlj5fms6jljZjkvY0x[rn]
15-28099,aHR0cDovL3RzaG9wLnIxMHMuanAvY2xvdmVyOTYwOC9jYWJpbmV0L3BiNy90MDEwMDA0ODU2OTU2LmpwZz9maXRpbj03MDA6NzAw,NzIwLjAwMDA=,,6Iqx44O744Ks44O844OH44Oz44O7RElZID4gRElZ44O75bel5YW3ID4g44Gd44Gu5LuW,44CO44Kr44O844OJ5a++5b+cT0vvvIHjgI/ilqDjgJLjg4jjg6njgrnjgrPkuK3lsbEv77y077yy77y177yz77yj77yv44CA5a6J5YWo44Or44O844OX5qiZ5rqW44CA44Kk44Ko44Ot44O844CQVEFMLTE3MFnjgJEoMzY1NDM1NCkg5Y+X5rOo5Y2Y5L2NMQ==,,PGZvbnQgc2l6ZT0iNCI+57SN5pyf55uu5a6J77yaPC9mb250Pjxmb250IGNvbG9yPSIjMDAwMDAwIiBzaXplPSI0Ij7jgYrlj5bjgorlr4TjgZvlk4Eo6Kmz44GX44GP44Gv44GT44Gh44KJ44KS44Kv44Oq44OD44KvKTwvZm9udD48YnI+4peP44K544OG44Oz44Os44K544Ov44Kk44Ok44KS54m56Kix44Or44O844OX5Yqg5bel44Gn5b2i54q26KiY5oa244GX44CB44Km44Os44K/44Oz6KKr6Iac5Yqg5bel44KS5pa944GX44Gm44GE44G+44GZ44Gu44Gn5Ly457iu5oCn44Gr5YSq44KM44Gm44GE44G+44GZ44CCPGJyPuKXj+W+qeWFg+WKm+OAgeWuieWFqOW8t+W6puOAgeWvkuWGt+WcsOOBruS9v+eUqOOChOiAkOWAmeaAp+OBq+OCguWEquOCjOOAgeODq+ODvOODl+OBruWei+W0qeOCjOOCgueUn+OBmOOBvuOBm+OCk+OAgg==,44CO44Kr44O844OJ5a++5b+cT0vvvIHjgI/ilqDjgJLjg4jjg6njgrnjgrPkuK3lsbEv77y077yy77y177yz77yj77yv44CA5a6J5YWo44Or44O844OX5qiZ5rqW44CA44Kk44Ko44Ot44O844CQVEFMLTE3MFnjgJEoMzY1NDM1NCkg5Y+X5rOo5Y2Y5L2NMe+8muOCr+ODreODvOODkOODvOizh+adkOmkqA==,6YCa5L+h6LKp5aOy6YCa6LKp44K344On44OD44OU44Oz44Kw44Kq44Oz44Op44Kk44Oz44K344On44OD44OU44Oz44Kw6LK344GE54mp44OX44Os44K844Oz44OI44Ku44OV44OI6LSI44KK54mp6LSI562U5ZOB44GK5Lit5YWD44GK5q2z5pqu44GK6LK344GE5b6X44CO44Kr44O844OJ5a++5b+cT0vvvIHjgI/ilqDjgJLjg4jjg6njgrnjgrPkuK3lsbEv77y077yy77y177yz77yj77yv44CA5a6J5YWo44Or44O844OX5qiZ5rqW44CA44Kk44Ko44Ot44O844CQVEFMLTE3MFnjgJEoMzY1NDM1NCkg5Y+X5rOo5Y2Y5L2NMQ==,KDM2NTQzNTQp44CC44CO44Kr44O844OJ5a++5b+cT0vvvIHjgI/ilqDjgJLjg4jjg6njgrnjgrPkuK3lsbEv77y077yy77y177yz77yj77yv44CA5a6J5YWo44Or44O844OX5qiZ5rqW44CA44Kk44Ko44Ot44O844CQVEFMLTE3MFnjgJEoMzY1NDM1NCkg5Y+X5rOo5Y2Y5L2NMQ==[rn]
15-28100,aHR0cDovL3RzaG9wLnIxMHMuanAvY2xvdmVyOTYwOC9jYWJpbmV0L3BiNy90MDEwMDA0ODU2OTQyLmpwZz9maXRpbj03MDA6NzAw,NjY3LjIwMDA=,,6Iqx44O744Ks44O844OH44Oz44O7RElZID4gRElZ44O75bel5YW3ID4g44Gd44Gu5LuW,44CO44Kr44O844OJ5a++5b+cT0vvvIHjgI/ilqDjgJLjg4jjg6njgrnjgrPkuK3lsbEv77y077yy77y177yz77yj77yv44CA5a6J5YWo44Or44O844OX44K544Oq44Og44CA44OU44Oz44Kv44CQVEFMLTE1MFDjgJEoMzY2OTk4MCkg5Y+X5rOo5Y2Y5L2NMQ==,,PGZvbnQgc2l6ZT0iNCI+57SN5pyf55uu5a6J77yaPC9mb250Pjxmb250IGNvbG9yPSIjMDAwMDAwIiBzaXplPSI0Ij7jgYrlj5bjgorlr4TjgZvlk4Eo6Kmz44GX44GP44Gv44GT44Gh44KJ44KS44Kv44Oq44OD44KvKTwvZm9udD48YnI+4peP44K544OG44Oz44Os44K544Ov44Kk44Ok44KS54m56Kix44Or44O844OX5Yqg5bel44Gn5b2i54q26KiY5oa244GX44CB44Km44Os44K/44Oz6KKr6Iac5Yqg5bel44KS5pa944GX44Gm44GE44G+44GZ44Gu44Gn5Ly457iu5oCn44Gr5YSq44KM44Gm44GE44G+44GZ44CCPGJyPuKXj+W+qeWFg+WKm+OAgeWuieWFqOW8t+W6puOAgeWvkuWGt+WcsOOBruS9v+eUqOOChOiAkOWAmeaAp+OBq+OCguWEquOCjOOAgeODq+ODvOODl+OBruWei+W0qeOCjOOCgueUn+OBmOOBvuOBm+OCk+OAgg==,44CO44Kr44O844OJ5a++5b+cT0vvvIHjgI/ilqDjgJLjg4jjg6njgrnjgrPkuK3lsbEv77y077yy77y177yz77yj77yv44CA5a6J5YWo44Or44O844OX44K544Oq44Og44CA44OU44Oz44Kv44CQVEFMLTE1MFDjgJEoMzY2OTk4MCkg5Y+X5rOo5Y2Y5L2NMe+8muOCr+ODreODvOODkOODvOizh+adkOmkqA==,6YCa5L+h6LKp5aOy6YCa6LKp44K344On44OD44OU44Oz44Kw44Kq44Oz44Op44Kk44Oz44K344On44OD44OU44Oz44Kw6LK344GE54mp44OX44Os44K844Oz44OI44Ku44OV44OI6LSI44KK54mp6LSI562U5ZOB44GK5Lit5YWD44GK5q2z5pqu44GK6LK344GE5b6X44CO44Kr44O844OJ5a++5b+cT0vvvIHjgI/ilqDjgJLjg4jjg6njgrnjgrPkuK3lsbEv77y077yy77y177yz77yj77yv44CA5a6J5YWo44Or44O844OX44K544Oq44Og44CA44OU44Oz44Kv44CQVEFMLTE1MFDjgJEoMzY2OTk4MCkg5Y+X5rOo5Y2Y5L2NMQ==,KDM2Njk5ODAp44CC44CO44Kr44O844OJ5a++5b+cT0vvvIHjgI/ilqDjgJLjg4jjg6njgrnjgrPkuK3lsbEv77y077yy77y177yz77yj77yv44CA5a6J5YWo44Or44O844OX44K544Oq44Og44CA44OU44Oz44Kv44CQVEFMLTE1MFDjgJEoMzY2OTk4MCkg5Y+X5rOo5Y2Y5L2NMQ==[rn]
